#taxonomy	k__Bacteria;p__Bacteroidetes;c__Bacteroidia;o__Bacteroidales;f__Bacteroidaceae;g__Bacteroides;s__Bacteroides_vulgatus	k__Bacteria;p__Bacteroidetes;c__Bacteroidia;o__Bacteroidales;f__Bacteroidaceae;g__Bacteroides;s__Bacteroides_uniformis	k__Bacteria;p__Bacteroidetes;c__Bacteroidia;o__Bacteroidales;f__Rikenellaceae;g__Alistipes;s__Alistipes_putredinis	k__Bacteria;p__Bacteroidetes;c__Bacteroidia;o__Bacteroidales;f__Prevotellaceae;g__Prevotella;s__Prevotella_copri	k__Bacteria;p__Bacteroidetes;c__Bacteroidia;o__Bacteroidales;f__Bacteroidaceae;g__Bacteroides;s__Bacteroides_stercoris	k__Bacteria;p__Bacteroidetes;c__Bacteroidia;o__Bacteroidales;f__Bacteroidaceae;g__Bacteroides;s__Bacteroides_ovatus	k__Bacteria;p__Bacteroidetes;c__Bacteroidia;o__Bacteroidales;f__Rikenellaceae;g__Alistipes;s__Alistipes_shahii	k__Bacteria;p__Firmicutes;c__Clostridia;o__Clostridiales;f__Ruminococcaceae;g__Faecalibacterium;s__Faecalibacterium_prausnitzii	k__Bacteria;p__Bacteroidetes;c__Bacteroidia;o__Bacteroidales;f__Rikenellaceae;g__Alistipes;s__Alistipes_finegoldii	k__Bacteria;p__Bacteroidetes;c__Bacteroidia;o__Bacteroidales;f__Porphyromonadaceae;g__Parabacteroides;s__Parabacteroides_distasonis	k__Bacteria;p__Bacteroidetes;c__Bacteroidia;o__Bacteroidales;f__Bacteroidaceae;g__Bacteroides;s__Bacteroides_thetaiotaomicron	k__Bacteria;p__Bacteroidetes;c__Bacteroidia;o__Bacteroidales;f__Bacteroidaceae;g__Bacteroides;s__Bacteroides_coprocola	k__Bacteria;p__Bacteroidetes;c__Bacteroidia;o__Bacteroidales;f__Bacteroidaceae;g__Bacteroides;s__Bacteroides_cellulosilyticus	k__Bacteria;p__Bacteroidetes;c__Bacteroidia;o__Bacteroidales;f__Rikenellaceae;g__Alistipes;s__Alistipes_obesi	k__Bacteria;p__Firmicutes;c__Clostridia;o__Clostridiales;f__Lachnospiraceae;g__;s__[Eubacterium]_rectale	k__Bacteria;p__Bacteroidetes;c__Bacteroidia;o__Bacteroidales;f__Bacteroidaceae;g__Bacteroides;s__Bacteroides_plebeius	k__Bacteria;p__Bacteroidetes;c__Bacteroidia;o__Bacteroidales;f__Bacteroidaceae;g__Bacteroides;s__Bacteroides_fragilis	k__Bacteria;p__Proteobacteria;c__Betaproteobacteria;o__Burkholderiales;f__Sutterellaceae;g__Sutterella;s__Sutterella_wadsworthensis	k__Bacteria;p__Bacteroidetes;c__Bacteroidia;o__Bacteroidales;f__Porphyromonadaceae;g__Barnesiella;s__Barnesiella_intestinihominis	k__Bacteria;p__Bacteroidetes;c__Bacteroidia;o__Bacteroidales;f__Odoribacteraceae;g__Odoribacter;s__Odoribacter_splanchnicus	k__Bacteria;p__Bacteroidetes;c__Bacteroidia;o__Bacteroidales;f__Bacteroidaceae;g__Bacteroides;s__Bacteroides_salyersiae	k__Bacteria;p__Firmicutes;c__Clostridia;o__Clostridiales;f__Ruminococcaceae;g__Ruminiclostridium;s__[Eubacterium]_siraeum	k__Bacteria;p__Proteobacteria;c__Betaproteobacteria;o__Burkholderiales;f__Sutterellaceae;g__Parasutterella;s__Parasutterella_excrementihominis	k__Bacteria;p__Actinobacteria;c__Actinobacteria;o__Bifidobacteriales;f__Bifidobacteriaceae;g__Bifidobacterium;s__Bifidobacterium_adolescentis	k__Bacteria;p__Firmicutes;c__Clostridia;o__Clostridiales;f__Oscillospiraceae;g__Oscillibacter;s__Oscillibacter_sp._KLE_1745	k__Bacteria;p__Bacteroidetes;c__Bacteroidia;o__Bacteroidales;f__Bacteroidaceae;g__Bacteroides;s__Bacteroides_coprophilus	k__Bacteria;p__Firmicutes;c__Clostridia;o__Clostridiales;f__Lachnospiraceae;g__Roseburia;s__Roseburia_intestinalis	k__Bacteria;p__Firmicutes;c__Clostridia;o__Clostridiales;f__Lachnospiraceae;g__Roseburia;s__Roseburia_hominis	k__Bacteria;p__Bacteroidetes;c__Bacteroidia;o__Bacteroidales;f__Porphyromonadaceae;g__Parabacteroides;s__Parabacteroides_johnsonii	k__Bacteria;p__Actinobacteria;c__Actinobacteria;o__Bifidobacteriales;f__Bifidobacteriaceae;g__Bifidobacterium;s__Bifidobacterium_longum	k__Bacteria;p__Firmicutes;c__Clostridia;o__Clostridiales;f__;g__Flavonifractor;s__Flavonifractor_plautii	k__Bacteria;p__Firmicutes;c__Clostridia;o__Clostridiales;f__Clostridiaceae;g__Clostridium;s__Clostridium_phoceensis	k__Bacteria;p__Verrucomicrobia;c__Verrucomicrobiae;o__Verrucomicrobiales;f__Akkermansiaceae;g__Akkermansia;s__Akkermansia_muciniphila	k__Bacteria;p__Bacteroidetes;c__Bacteroidia;o__Bacteroidales;f__Prevotellaceae;g__Paraprevotella;s__Paraprevotella_xylaniphila	k__Bacteria;p__Firmicutes;c__Clostridia;o__Clostridiales;f__Ruminococcaceae;g__Ruminococcus;s__Ruminococcus_callidus	k__Bacteria;p__Bacteroidetes;c__Bacteroidia;o__Bacteroidales;f__Rikenellaceae;g__Alistipes;s__Alistipes_senegalensis	k__Bacteria;p__Firmicutes;c__Clostridia;o__Clostridiales;f__Lachnospiraceae;g__Blautia;s__Blautia_sp._KLE_1732	k__Bacteria;p__Bacteroidetes;c__Bacteroidia;o__Bacteroidales;f__Bacteroidaceae;g__Bacteroides;s__Bacteroides_oleiciplenus	k__Bacteria;p__Firmicutes;c__Clostridia;o__Clostridiales;f__Ruminococcaceae;g__Ruminococcus;s__Ruminococcus_bicirculans	k__Bacteria;p__Bacteroidetes;c__Bacteroidia;o__Bacteroidales;f__Bacteroidaceae;g__Bacteroides;s__Bacteroides_fluxus	k__Bacteria;p__Bacteroidetes;c__Bacteroidia;o__Bacteroidales;f__Prevotellaceae;g__Prevotella;s__Prevotella_stercorea	k__Bacteria;p__Firmicutes;c__Clostridia;o__Clostridiales;f__Lachnospiraceae;g__Dorea;s__Dorea_longicatena	k__Bacteria;p__Firmicutes;c__Clostridia;o__Clostridiales;f__Eubacteriaceae;g__Eubacterium;s__[Eubacterium]_eligens	k__Bacteria;p__Firmicutes;c__Clostridia;o__Clostridiales;f__Ruminococcaceae;g__;s__Ruminococcaceae_bacterium_D16	k__Bacteria;p__Firmicutes;c__Clostridia;o__Clostridiales;f__Lachnospiraceae;g__Coprococcus;s__Coprococcus_comes	k__Bacteria;p__Proteobacteria;c__Gammaproteobacteria;o__Enterobacterales;f__Enterobacteriaceae;g__Escherichia;s__Escherichia_coli	k__Bacteria;p__Firmicutes;c__Clostridia;o__Clostridiales;f__Ruminococcaceae;g__Anaerotruncus;s__Anaerotruncus_colihominis	k__Bacteria;p__Firmicutes;c__Clostridia;o__Clostridiales;f__Lachnospiraceae;g__Blautia;s__Blautia_obeum	k__Bacteria;p__Bacteroidetes;c__Bacteroidia;o__Bacteroidales;f__Odoribacteraceae;g__Odoribacter;s__Odoribacter_laneus	k__Bacteria;p__Firmicutes;c__Clostridia;o__Clostridiales;f__Ruminococcaceae;g__Ruminiclostridium;s__[Clostridium]_leptum	k__Bacteria;p__Bacteroidetes;c__Bacteroidia;o__Bacteroidales;f__Porphyromonadaceae;g__Parabacteroides;s__Parabacteroides_goldsteinii	k__Bacteria;p__Firmicutes;c__Clostridia;o__Clostridiales;f__Lachnospiraceae;g__Anaerostipes;s__Anaerostipes_hadrus	k__Bacteria;p__Firmicutes;c__Clostridia;o__Clostridiales;f__Ruminococcaceae;g__Ruminococcus;s__Ruminococcus_lactaris	k__Bacteria;p__Firmicutes;c__Clostridia;o__Clostridiales;f__Clostridiaceae;g__Clostridium;s__Clostridium_sp._L2-50	k__Bacteria;p__Firmicutes;c__Clostridia;o__Clostridiales;f__Clostridiaceae;g__Clostridium;s__Clostridium_sp._M62/1	k__Bacteria;p__Firmicutes;c__Clostridia;o__Clostridiales;f__;g__Intestinimonas;s__Intestinimonas_butyriciproducens	k__Bacteria;p__Actinobacteria;c__Actinobacteria;o__Bifidobacteriales;f__Bifidobacteriaceae;g__Bifidobacterium;s__Bifidobacterium_bifidum	k__Bacteria;p__Firmicutes;c__Negativicutes;o__Veillonellales;f__Veillonellaceae;g__Dialister;s__Dialister_invisus	k__Bacteria;p__Bacteroidetes;c__Bacteroidia;o__Bacteroidales;f__Bacteroidaceae;g__Bacteroides;s__Bacteroides_salanitronis
k__Bacteria;p__Bacteroidetes;c__Bacteroidia;o__Bacteroidales;f__Bacteroidaceae;g__Bacteroides;s__Bacteroides_vulgatus	1.0	-0.0613294282524	0.0119598931413	-0.020752464198	0.0354065852326	-0.0325317526732	0.0265179125424	0.0942642557262	-0.0409797984265	0.00976654023591	0.0343849080291	0.0220297071483	-0.018356129081	0.00971537598719	-0.0219103082522	-0.0400165239816	-0.0120239162091	0.030392723496	0.0240256281754	0.0300930534717	-0.00570171798814	-0.00682860623082	-0.028426554874	0.0739107397126	0.0302442796949	0.000422351145022	0.0467427482104	0.00588704730904	0.000635292322445	-0.0162975587542	0.00928414228601	-0.000817137135995	-0.0593486565806	-0.0466075415645	0.032491565603	-0.00232209009405	-0.0264208384594	-0.060854100859	-0.0195212394759	-0.0247337524266	0.0112677792373	0.0211810985234	-0.0208623755339	-0.0213235350804	-0.030881239324	-0.0362244652568	-0.0228435220631	-0.0348985893433	-0.0812786512294	0.00976310725343	-0.0161547335207	0.0310814314065	0.00436799511329	0.0290544744093	-0.0416508353629	0.0605808629227	-0.00716098911976	-0.0473605481281	-0.00814521995371
k__Bacteria;p__Bacteroidetes;c__Bacteroidia;o__Bacteroidales;f__Bacteroidaceae;g__Bacteroides;s__Bacteroides_uniformis	-0.0613294282524	1.0	0.00702033795776	0.0129523563644	-0.0381312055404	-0.0144225022279	0.0180552945354	-0.0123058315687	-0.0386084685172	0.0102431757365	-0.0314205192888	0.00744273942339	0.00705345954155	0.00272681481196	-0.0328439135668	0.0169023926385	-0.0344927116951	0.0301979787014	0.0322522282221	0.0144057778457	-0.0618278758357	-0.0259744766511	0.012138374632	-0.0223826423774	-0.0315196213132	-0.0387620680496	-0.039609107259	-0.00175689283367	-0.00358005606699	0.00338887413617	0.00413524068496	-0.00681211395849	0.0181662816034	0.0273401081307	-0.00391288487464	-0.0430772476749	0.0573658334698	0.00343990670447	0.0066845476947	0.00436807554139	0.0389389602208	-0.0604428544075	-0.0249156491391	-0.00838998660686	-0.0445919013772	0.00541585606691	0.00792061321271	0.0180325629067	-0.0292772691575	-0.0126982389326	0.0298802001358	0.0213560622556	0.0198032160063	0.00376589544521	0.0336761526686	-0.00991152898838	0.0207834082821	-0.044031020315	0.029526994212
k__Bacteria;p__Bacteroidetes;c__Bacteroidia;o__Bacteroidales;f__Rikenellaceae;g__Alistipes;s__Alistipes_putredinis	0.0119598931413	0.00702033795776	1.0	0.0700008774672	0.0285172728858	-0.0078450243789	0.0466905801703	-0.0224375936649	-0.0371128772576	0.00835585234952	-0.0447283384969	-0.00530782063471	-0.0333611243651	0.0180043863907	-0.00626640931706	-0.00711337787077	0.00538275001907	0.00314374533452	-0.0302474910449	-0.0231039607884	0.00698753667544	-0.00240220178531	-0.00119358627949	-0.0322604812378	-0.0241755946793	-0.0118658174294	0.00529428966491	0.0299544340218	-0.00173435013244	-0.0370860702219	-0.0101765422851	0.0668633599747	0.0320065279935	-0.00466906975418	0.0156846953746	-0.0592088302308	0.0287436858355	0.0236053683784	-0.0330638148061	-0.0014927536785	-0.0182055107128	-0.0174666569789	0.0449515961222	-0.0447582330562	0.0281593681212	-0.0343799995826	-0.0509354491975	-0.00843933611421	0.00393284768195	-0.0852194509852	0.0286498987632	-0.017987894701	0.0564529072011	-0.0355058878261	-0.00764521889191	-0.000547077241556	-0.122159122715	-0.00494514221476	-0.000572830096066
k__Bacteria;p__Bacteroidetes;c__Bacteroidia;o__Bacteroidales;f__Prevotellaceae;g__Prevotella;s__Prevotella_copri	-0.020752464198	0.0129523563644	0.0700008774672	1.0	-0.0333093196218	0.0590563709318	-0.0472049346357	-0.0123796454224	-0.0113533553117	0.00273035027791	0.00309712440127	0.0112627202955	-0.0237966330184	-0.03661093849	-0.00593049559508	0.0321735899073	0.0210204523027	-0.000631789594885	0.0496439421863	-0.0306931002672	-0.0376764403971	-0.0272828626127	-0.0164798838441	-0.0180520929958	-0.039247711258	-0.0194143706135	0.0184728609146	0.0391163380718	0.0086598129499	-0.0187871074455	-0.0159511750451	-0.0450029728483	-0.014526233677	-0.0405898211094	0.0091319007148	0.0271733945554	-0.0238530476327	-0.0246932895706	0.00184393314872	0.0439470839938	0.0411449694977	-0.0668919361669	0.0107869366762	0.00173672398189	0.00690772511541	-0.0306953904488	-0.0181245622796	0.02889146624	-0.0285440223696	0.042218393629	0.0383738433601	-0.0705380948266	0.00868816343662	-0.028529911143	-0.0188741181688	0.0749931937785	-0.0128818866964	0.00433696381683	-0.0738205581043
k__Bacteria;p__Bacteroidetes;c__Bacteroidia;o__Bacteroidales;f__Bacteroidaceae;g__Bacteroides;s__Bacteroides_stercoris	0.0354065852326	-0.0381312055404	0.0285172728858	-0.0333093196218	1.0	-0.0289754649738	-0.0313761261662	0.00116705920916	0.0171301603389	-0.006850506873	-0.0320691821563	0.0276918913011	0.0109466777202	0.00239623403039	0.0240997236475	0.0305292796399	-0.0137637236108	-0.0249911323016	-0.00640855728275	0.0152602667131	-0.0106527443551	0.0131958005742	0.0686265498552	-0.000407519647572	-0.0308017771912	0.0025065587649	-0.0238767549783	-0.0104234273888	0.0438532428815	0.0689746953057	0.00704096026736	-0.0384294188565	0.00942263425326	0.00495867922623	-0.0409009968009	-0.0102739876322	-0.0399474354382	0.00208683133059	-0.0411259552652	0.00239687036969	0.0256827361741	0.00217784921869	-0.0139701013526	-0.00480075277636	8.50339236164e-05	-0.00334167551975	-0.0189556744004	-0.0287105569673	-0.0458201842704	0.0184721310736	-0.0894046259427	-0.0258382926478	0.0104919164801	0.0541435349012	-0.00214272420582	0.0358297360206	-0.0124256045115	0.0119602209843	-0.0155438075276
k__Bacteria;p__Bacteroidetes;c__Bacteroidia;o__Bacteroidales;f__Bacteroidaceae;g__Bacteroides;s__Bacteroides_ovatus	-0.0325317526732	-0.0144225022279	-0.0078450243789	0.0590563709318	-0.0289754649738	1.0	-0.053479818649	-0.0242512512924	-0.0212903986362	-0.0169999964448	-0.0741456759709	0.0284909262923	0.0335658595494	-0.0140813038275	-0.0417273270324	0.0536576550544	-0.0535784546246	0.00377322769335	0.0155696201731	-0.0167699151623	0.0479248790718	-0.00830777115263	0.00321149881911	-0.0716265343312	0.0664822210177	-0.0241618001658	0.00744059031912	-0.0493888017889	0.00468849575151	0.0180151645653	0.00700326610121	-0.0255212855865	-0.0262344810975	0.0673970759372	0.0129223767055	-0.0830873367546	-0.0149996316497	0.0280959156321	0.0356488554592	-0.0270306830832	-0.0345066171023	-0.0329294271081	0.0155569481965	-0.0353907310029	0.0561973393928	-0.0897269154364	-0.034064077235	-0.020959353898	0.0164066457572	0.00824991570804	0.0189421332378	-0.0092783901875	0.0692236920793	-0.0377476136686	-0.0513863241259	0.0080154769956	0.0603711002385	-0.055284033689	-0.0266115808827
k__Bacteria;p__Bacteroidetes;c__Bacteroidia;o__Bacteroidales;f__Rikenellaceae;g__Alistipes;s__Alistipes_shahii	0.0265179125424	0.0180552945354	0.0466905801703	-0.0472049346357	-0.0313761261662	-0.053479818649	1.0	-0.0339750425428	-0.0305038114357	0.00934211539348	-0.0408228796372	-0.00760011798572	-0.0655011777194	-0.00429405222049	0.0212781496694	-0.0187759731123	0.00764518764091	0.0225221310042	-0.024256020316	0.00594226683779	-0.0509978712593	0.0177999347876	-0.00249310940081	-0.00813900432822	-0.0261087430037	0.00541623400448	0.0313242324217	-0.0740607063484	-0.00748656390853	0.0378941932193	0.0247062391479	-0.00355282881161	-0.00394116435537	0.00953793065784	-0.00281634970416	-0.0170498491346	-0.0216325714654	3.07809008845e-05	-0.0457385174328	0.0442032648504	-0.0625418281845	-0.0206486335288	-0.0377842369607	-0.0513582699967	-0.0156232546457	-0.0353938701868	0.0206981151449	0.00608595476021	0.00173678571656	0.00484732571356	-0.0429504696386	-0.029186085532	-0.0603169818326	0.00453031465765	0.0775449376631	0.0134259827348	0.00267464842443	-0.00195698715876	-0.0316948340964
k__Bacteria;p__Firmicutes;c__Clostridia;o__Clostridiales;f__Ruminococcaceae;g__Faecalibacterium;s__Faecalibacterium_prausnitzii	0.0942642557262	-0.0123058315687	-0.0224375936649	-0.0123796454224	0.00116705920916	-0.0242512512924	-0.0339750425428	1.0	-0.0264777667019	-0.0379547954067	-0.00842298791683	-0.0388068693561	-0.0484133183397	0.0262651688304	-0.0409492666455	0.0239941430438	0.00377484559683	0.00269225486249	0.00711938986675	-0.0114317899395	0.00622310952275	0.0393590762674	-0.0301754634204	-0.0139702302702	-0.00391142981686	0.050461967	-0.0441311969087	0.00508353664455	-0.0221975407244	-0.00607510945143	0.012651212981	0.0216308288901	0.0136811409302	-0.0421323961493	-0.0336307079326	-0.0325182353431	-0.0364472638768	-0.00966627164399	0.0476296941318	-0.0148803129052	-0.0398545594057	0.0601639918829	0.0252180601792	-0.0130184772941	-0.0131573837534	-0.013310269453	-0.0135024835943	0.0217479322416	0.0421723132141	0.00245567893198	-0.0349572949342	-0.00637289530312	0.00988013763054	-0.0449314342094	-0.0179635949058	0.0295627678177	-0.0536893719274	-0.0295000112309	-0.0218386281366
k__Bacteria;p__Bacteroidetes;c__Bacteroidia;o__Bacteroidales;f__Rikenellaceae;g__Alistipes;s__Alistipes_finegoldii	-0.0409797984265	-0.0386084685172	-0.0371128772576	-0.0113533553117	0.0171301603389	-0.0212903986362	-0.0305038114357	-0.0264777667019	1.0	0.0394361155098	0.0116509650588	-0.0184508623319	0.00562153438262	-0.00737552509537	0.0360688674004	0.0072884091466	-0.0455921490754	-0.0434590025375	-0.00344768398605	-0.0106972250524	-0.0385087982193	-0.0727121340888	-0.024413241929	0.0571047886141	-0.0128675051523	0.0203093476051	-0.0553387925729	0.0111408324961	0.0380313041243	-0.00184514012905	0.00727424387462	0.0214909358917	-0.00333212650766	-0.00369777538016	-0.00469313305216	0.0351531822247	0.00824778699645	0.0175701403977	0.00144455067331	-0.0531989746367	0.0451654628581	-0.0246390929131	-0.0169530834947	0.0581578007039	0.0720606560749	0.0181225259341	0.00808571986393	-0.043901209416	-0.0499105040257	-0.0111740109002	0.0424964199773	0.0800208626039	-0.0114968685583	-0.0435519249335	-0.0363016004093	0.0182175398487	-0.0144720231555	-0.0770295096345	-0.0209063299632
k__Bacteria;p__Bacteroidetes;c__Bacteroidia;o__Bacteroidales;f__Porphyromonadaceae;g__Parabacteroides;s__Parabacteroides_distasonis	0.00976654023591	0.0102431757365	0.00835585234952	0.00273035027791	-0.006850506873	-0.0169999964448	0.00934211539348	-0.0379547954067	0.0394361155098	1.0	0.0138479955343	0.0716777353735	-0.0336128120012	-0.0130122507265	0.0171581882935	0.0347585681801	-0.031635642361	-0.0294880131137	-0.00738124651885	0.027095487195	-0.0065369829338	0.0181895669773	-0.0858160706223	-0.00537089167131	0.0195898524744	-0.0273580586122	0.0113655575397	-0.0250183019397	-0.0092348950419	-0.0162480390366	-0.010925338677	0.0201810799561	-0.0465246887193	0.0349832246866	0.0581664304522	-0.026823109231	-0.0315818669745	0.0114395259994	-0.0357058087343	0.0279964232728	0.0121133835765	0.0266466844185	0.0441332910694	-0.0601583844427	-0.00538120439358	0.0260251468915	-0.0427802240498	0.0142111106033	-0.0240651515853	0.00278338208531	0.0351651062218	-0.0768213465322	0.00772599281246	0.0139013406238	-0.0277664177153	0.0539440677669	-0.0821716629321	-0.0541122738439	0.0371535160942
k__Bacteria;p__Bacteroidetes;c__Bacteroidia;o__Bacteroidales;f__Bacteroidaceae;g__Bacteroides;s__Bacteroides_thetaiotaomicron	0.0343849080291	-0.0314205192888	-0.0447283384969	0.00309712440127	-0.0320691821563	-0.0741456759709	-0.0408228796372	-0.00842298791683	0.0116509650588	0.0138479955343	1.0	5.1740796973e-05	0.0326412409436	0.0666063588503	-0.00078522390176	-0.0146202051311	-0.0404493889497	0.0294334766767	-0.0607231597054	-0.0464182138653	0.0651015079985	-0.0409439325413	-0.0237975455357	-0.0280879312924	-0.0344495248872	-0.0251738561529	0.05356597449	-0.0221011129714	0.0221127134441	-0.0323569160774	-0.00417083726073	0.0100348162395	-0.063519310037	-0.0247667143755	0.00434514843254	-0.0677663412615	0.0408529014966	-0.0252901229456	-0.0104287878654	0.0152138815086	-0.0302881063285	0.0156140266336	-0.0236958559998	-0.00874588237064	0.023848074421	-0.00682724177349	0.0208547019616	0.0723859504433	-0.0416886547331	-0.0241371781067	0.0298165154022	-0.0116342693205	-0.0525871349768	0.0484858045089	-0.0246529351731	-0.00474344868914	0.0315863239314	0.00627031937717	0.0339471344227
k__Bacteria;p__Bacteroidetes;c__Bacteroidia;o__Bacteroidales;f__Bacteroidaceae;g__Bacteroides;s__Bacteroides_coprocola	0.0220297071483	0.00744273942339	-0.00530782063471	0.0112627202955	0.0276918913011	0.0284909262923	-0.00760011798572	-0.0388068693561	-0.0184508623319	0.0716777353735	5.1740796973e-05	1.0	-0.029198242848	0.0113054010551	0.0162367577122	-0.010279282896	-0.0367926760989	-0.019534018363	-0.0134659193528	0.0266431026811	-0.0538247391506	-0.0936551102904	-0.0607805564086	0.0294830685617	-0.0434552266633	-0.0639787531644	-0.021720142186	-0.0261062766542	0.0503292333244	-0.0201761044912	0.044369177766	0.0217897720173	0.0225791177686	-0.0273595116957	0.0078656181103	-0.0115791777871	-0.0497086736641	-0.0208657669667	-0.0420910568476	-0.0629208493036	0.0193471633593	0.000886478196347	-0.00656373299191	-0.0192726650112	-0.0564915037239	0.0175055157602	0.0171723817518	-0.00247774622517	-0.0110633341469	0.000188013421707	0.0662680351689	-0.00269152542648	-0.0384749102386	0.000918155159204	-0.0362809359402	-0.00757030898745	-0.001310262052	-0.0516588986032	-0.01356807129
k__Bacteria;p__Bacteroidetes;c__Bacteroidia;o__Bacteroidales;f__Bacteroidaceae;g__Bacteroides;s__Bacteroides_cellulosilyticus	-0.018356129081	0.00705345954155	-0.0333611243651	-0.0237966330184	0.0109466777202	0.0335658595494	-0.0655011777194	-0.0484133183397	0.00562153438262	-0.0336128120012	0.0326412409436	-0.029198242848	1.0	0.0293395370096	-0.010197490606	-0.0266755831113	0.027242973138	0.0372853674432	-0.0543911381513	0.0292329773938	-0.0166343485605	0.0095271647562	0.0165842264651	-0.0298240347775	-0.0263581907037	0.0114227130821	0.0248716858811	-0.0367149137842	0.0212856795218	0.0199841615174	-0.00778230338941	0.0117619106373	0.0133660153375	0.0267954559381	-0.0570562304452	-0.0337150225127	-0.00783486973621	0.00267637686564	-0.00824154759389	-0.00557129823957	0.00453356687322	-0.0390575598101	-0.0215698204485	-0.0439752989259	0.0617943561996	-0.0342090578036	-0.0391489401054	-0.00450696568489	0.0142941915952	0.041504829238	-0.00574682349619	-0.0357211473382	0.0125182241973	0.00931805035668	0.0224159031585	0.0224957682532	-0.0355109910947	-0.00469117924348	-0.0542003820761
k__Bacteria;p__Bacteroidetes;c__Bacteroidia;o__Bacteroidales;f__Rikenellaceae;g__Alistipes;s__Alistipes_obesi	0.00971537598719	0.00272681481196	0.0180043863907	-0.03661093849	0.00239623403039	-0.0140813038275	-0.00429405222049	0.0262651688304	-0.00737552509537	-0.0130122507265	0.0666063588503	0.0113054010551	0.0293395370096	1.0	-0.0061281126799	0.0126922796181	-0.0220520112633	-0.0100336161824	0.0494355664558	0.00147735921585	-0.012852869148	0.0796156282081	-0.0260698176424	-0.0290603490716	-0.0306568084593	-0.0112671297675	-0.0371755359776	-0.0388653142665	-0.0775212288862	-0.0231733432585	-0.0323610420126	0.0222625146823	0.0250007091705	0.037539901215	-0.0774887754756	-0.00239657618889	-0.0389313970591	0.0423344796194	-0.0420506147822	0.00408958043463	0.0401896298725	0.0587598778216	-0.00813952271218	-0.0157129993767	-0.0500474889025	0.0277131045212	-0.00357561398132	-0.0345145717828	-0.0125895822236	0.0228237146669	-0.0266792359619	-0.0591632629688	-0.0838040310369	0.014733961046	-0.0332690879222	0.0104935214526	-0.0353528838827	-0.02164674598	-0.0659362297791
k__Bacteria;p__Firmicutes;c__Clostridia;o__Clostridiales;f__Lachnospiraceae;g__;s__[Eubacterium]_rectale	-0.0219103082522	-0.0328439135668	-0.00626640931706	-0.00593049559508	0.0240997236475	-0.0417273270324	0.0212781496694	-0.0409492666455	0.0360688674004	0.0171581882935	-0.00078522390176	0.0162367577122	-0.010197490606	-0.0061281126799	1.0	-0.0229431728128	-0.0264775390749	-0.00145746748508	-0.0332423521758	0.026646353733	-0.0406091242046	0.000492761609975	-0.0104756936538	0.0807421305402	-0.0009795304092	-0.0308277930517	-0.00693012396525	-0.0414256848044	-0.00568043107138	0.0404183252476	0.00349002288217	0.0318318350275	0.0152847963857	0.0212312590679	0.0244886654362	-0.00394904144648	-0.0183312027025	-0.0530408100004	-0.00557731519526	0.0497900688259	0.00698382255096	-0.0159001541394	-0.0504543290149	0.040335062153	-0.0520824293469	0.0394231196424	-0.0358581212956	0.0152227937155	0.00958485094967	0.046003154005	-0.0238895768868	-0.0339130225678	-0.0239272543438	-0.0540649560425	-0.0291344837424	-0.0365090711967	-0.0366780045514	-0.00963562844227	-0.088452865871
k__Bacteria;p__Bacteroidetes;c__Bacteroidia;o__Bacteroidales;f__Bacteroidaceae;g__Bacteroides;s__Bacteroides_plebeius	-0.0400165239816	0.0169023926385	-0.00711337787077	0.0321735899073	0.0305292796399	0.0536576550544	-0.0187759731123	0.0239941430438	0.0072884091466	0.0347585681801	-0.0146202051311	-0.010279282896	-0.0266755831113	0.0126922796181	-0.0229431728128	1.0	-0.0297884348536	-0.00074170866445	-0.0487778564017	-0.0207017268856	-0.0554050659189	-0.0237998953252	-0.0229107830366	-0.0308636735487	0.0477853487047	-0.010619283019	-0.00744737775175	-0.0354424911305	-0.00991039387989	0.00672654363804	0.0122881580075	-0.0297929866302	-0.0807247975521	0.00575316349537	-0.0194355286892	-0.00710903110466	-0.00765427265624	0.0311771169096	0.0489287093653	-0.0353810388313	-0.0911941058966	-0.0125759465572	-0.0203877232394	-0.0490802145136	-0.0311648836348	0.00961528577699	0.044703222483	-0.0372516910201	-0.0399637078376	-0.0442595485178	-0.00464886986471	-0.0130505439269	0.0249092363647	0.0338431145735	0.0441220269274	-0.0336670069549	-0.029297184627	0.0225047541304	0.0590583457523
k__Bacteria;p__Bacteroidetes;c__Bacteroidia;o__Bacteroidales;f__Bacteroidaceae;g__Bacteroides;s__Bacteroides_fragilis	-0.0120239162091	-0.0344927116951	0.00538275001907	0.0210204523027	-0.0137637236108	-0.0535784546246	0.00764518764091	0.00377484559683	-0.0455921490754	-0.031635642361	-0.0404493889497	-0.0367926760989	0.027242973138	-0.0220520112633	-0.0264775390749	-0.0297884348536	1.0	-0.0118297519352	-0.00468583037719	-0.0500361799264	0.0211037603562	0.0460500280225	0.0409271767128	-0.0507519530999	-0.00206329325025	-0.0362226631831	-0.0273419731456	0.0293028644551	-0.0430701782227	0.0217981269642	0.0228094080041	-0.0309955304272	0.0292211390698	-0.0242940246689	0.0275042741764	0.0249828620143	-0.0330491168837	-0.00349135367473	0.020802935025	0.00431538611435	0.00391514613845	0.0426140386704	-0.0277690752339	-0.0429428095785	0.0347383703916	0.0508605426531	-0.0520781461984	0.0248036164303	-0.0281549133507	0.0671133309307	-0.0275546498226	-0.0449929574964	0.0391567889616	0.0333680202535	-0.0385312535334	0.043541009673	0.0158482343848	-0.0178072875747	0.0203798505536
k__Bacteria;p__Proteobacteria;c__Betaproteobacteria;o__Burkholderiales;f__Sutterellaceae;g__Sutterella;s__Sutterella_wadsworthensis	0.030392723496	0.0301979787014	0.00314374533452	-0.000631789594885	-0.0249911323016	0.00377322769335	0.0225221310042	0.00269225486249	-0.0434590025375	-0.0294880131137	0.0294334766767	-0.019534018363	0.0372853674432	-0.0100336161824	-0.00145746748508	-0.00074170866445	-0.0118297519352	1.0	-0.0554902045378	0.0261404593735	-0.0313993945868	0.0402998379981	-0.0219014105914	-0.000679430475304	8.4125967233e-05	-0.00588649440605	-0.0172123786476	0.0310540896398	-0.0342392985857	-0.0556054342962	0.0550726737549	-0.0156756012365	-0.0289447267374	-0.0153355783842	0.00640971538465	-0.0120690268107	0.0452431104426	0.000298060386394	-0.0155335701374	0.0221641418977	0.011991067134	0.00767002390296	0.0155649584318	0.0527177939865	-0.0705909803233	-0.0429854719754	-0.00950664976918	0.0141500669301	-0.053319641124	-0.0818056240706	-0.0268726206704	-0.00960068430152	0.00884959027171	-0.0109700415941	-0.00107227654588	-0.0466748382711	-0.028051567411	0.00361073614979	0.0767116668588
k__Bacteria;p__Bacteroidetes;c__Bacteroidia;o__Bacteroidales;f__Porphyromonadaceae;g__Barnesiella;s__Barnesiella_intestinihominis	0.0240256281754	0.0322522282221	-0.0302474910449	0.0496439421863	-0.00640855728275	0.0155696201731	-0.024256020316	0.00711938986675	-0.00344768398605	-0.00738124651885	-0.0607231597054	-0.0134659193528	-0.0543911381513	0.0494355664558	-0.0332423521758	-0.0487778564017	-0.00468583037719	-0.0554902045378	1.0	0.00304403753385	0.0157080576978	0.0122048784026	-0.00922807404307	-0.00117127493285	0.0188861237709	-0.0591085938616	0.0194502366762	-0.00987705793342	0.0369044793213	-0.0307814860514	0.0600782990966	-0.00611367884777	0.0054740871718	-0.0225565778143	-0.0230063703532	0.0339251092605	-0.00231361603836	0.071447451331	-0.0197538592917	-0.0864767876669	-0.0291631703687	0.00185102752318	0.0435968125113	-0.00215996944718	-0.00731194076222	-0.0751499056529	-0.0908044926332	-0.0570869386799	0.00268251540898	-0.0208055927435	-0.0153698937022	-0.0296376380456	-0.0125720637246	-0.0226434734744	0.0254725167484	0.00715629704975	-0.0642305181592	-0.0464680616741	0.00129704564681
k__Bacteria;p__Bacteroidetes;c__Bacteroidia;o__Bacteroidales;f__Odoribacteraceae;g__Odoribacter;s__Odoribacter_splanchnicus	0.0300930534717	0.0144057778457	-0.0231039607884	-0.0306931002672	0.0152602667131	-0.0167699151623	0.00594226683779	-0.0114317899395	-0.0106972250524	0.027095487195	-0.0464182138653	0.0266431026811	0.0292329773938	0.00147735921585	0.026646353733	-0.0207017268856	-0.0500361799264	0.0261404593735	0.00304403753385	1.0	-0.0254845584297	0.00741659033897	0.0213257423865	0.0327505754087	0.00361035582269	-0.0322301571636	-0.0759147951689	-0.0157832355018	0.0312447604774	-0.0395464319645	-0.0571002694451	0.0116298234554	-0.00214265877863	-0.0139706057585	-0.0294569780682	0.0421472575028	-0.00521499941139	-0.0213875258304	-0.0302198177721	-0.0192773222711	0.0394862574792	0.00455859771533	0.0121618343672	-0.043453376497	0.00795245790369	0.0373667141978	-0.0251582806956	0.019796390134	0.0590438533931	-0.00489959352027	-0.020963639449	-0.0742390871894	-0.0168396048556	0.0222070458715	-0.0216046372648	0.0206669728067	-0.0213034269287	-0.0806900163327	0.0315185920042
k__Bacteria;p__Bacteroidetes;c__Bacteroidia;o__Bacteroidales;f__Bacteroidaceae;g__Bacteroides;s__Bacteroides_salyersiae	-0.00570171798814	-0.0618278758357	0.00698753667544	-0.0376764403971	-0.0106527443551	0.0479248790718	-0.0509978712593	0.00622310952275	-0.0385087982193	-0.0065369829338	0.0651015079985	-0.0538247391506	-0.0166343485605	-0.012852869148	-0.0406091242046	-0.0554050659189	0.0211037603562	-0.0313993945868	0.0157080576978	-0.0254845584297	1.0	0.0387942651289	-0.00921394246191	-0.0146031870976	0.00431873798337	0.0137475011776	-0.00111136493199	-0.000767368429861	-0.0169847144564	-0.0299806315682	-0.000802586252691	-0.0914438403979	-0.0328776693115	-0.00688699347856	-0.0152783961766	0.00852425896804	-0.0289499681504	0.00310298202551	-0.0571651982381	0.000335923858371	0.00727509213599	0.056426180033	0.0171292844907	0.0079041140097	0.00392865840408	-0.0165136184114	-0.0323782789795	-0.0279370286451	0.000209108883755	-0.0365943530294	0.00536492115086	-0.00846967368641	0.0341813411061	-0.0254976406103	0.026945661275	-0.0381998830699	0.0449058862142	-0.0192968268064	0.0183753747554
k__Bacteria;p__Firmicutes;c__Clostridia;o__Clostridiales;f__Ruminococcaceae;g__Ruminiclostridium;s__[Eubacterium]_siraeum	-0.00682860623082	-0.0259744766511	-0.00240220178531	-0.0272828626127	0.0131958005742	-0.00830777115263	0.0177999347876	0.0393590762674	-0.0727121340888	0.0181895669773	-0.0409439325413	-0.0936551102904	0.0095271647562	0.0796156282081	0.000492761609975	-0.0237998953252	0.0460500280225	0.0402998379981	0.0122048784026	0.00741659033897	0.0387942651289	1.0	0.03438071545	0.0196159136778	-0.0253198742648	-0.027685408511	0.00417655198293	0.00140917923553	-0.00307843220526	-0.0260298736315	0.0487863805014	-0.0211282316359	0.00519004869149	-0.0829000285429	-0.0589858222958	-0.0473250860884	-0.0136676208808	0.00703277651987	-0.00160277803521	-0.0416525175401	0.00090780737304	-0.0100466524046	-0.0139329291473	-0.0258585775757	-0.0264925759134	-0.00324678869031	-0.0276459964283	0.064549394439	-0.0275994535261	0.0229634840738	-0.0521460416087	-0.00103984028242	-0.0084441108418	-0.0219561797511	-0.0249474538012	-0.0221443981709	0.0488165471201	0.0219046097743	-0.0444098085019
k__Bacteria;p__Proteobacteria;c__Betaproteobacteria;o__Burkholderiales;f__Sutterellaceae;g__Parasutterella;s__Parasutterella_excrementihominis	-0.028426554874	0.012138374632	-0.00119358627949	-0.0164798838441	0.0686265498552	0.00321149881911	-0.00249310940081	-0.0301754634204	-0.024413241929	-0.0858160706223	-0.0237975455357	-0.0607805564086	0.0165842264651	-0.0260698176424	-0.0104756936538	-0.0229107830366	0.0409271767128	-0.0219014105914	-0.00922807404307	0.0213257423865	-0.00921394246191	0.03438071545	1.0	-0.0430927767527	0.0195346591628	0.0067157916126	0.0319476717765	-0.0432802166845	-0.0448316987216	-0.0204735482579	-0.0203862635867	0.0152928560977	-0.0291725156773	-0.0418189448643	-0.0661586186304	-0.0304500525615	0.00968614273791	-0.0144688029006	-0.0113139539744	-0.0100233810899	-0.0177802883623	-0.00345380795421	-0.0172741389583	-0.00757296786602	-0.0206005039972	0.0334805983318	-0.0553780037468	0.0108991720554	-0.0223203263471	-0.0370960172944	0.00300677739844	0.00552173951884	0.0153207140756	-0.00266829182886	0.0561705864582	-0.0272051881742	-0.0188799620832	-0.0128068053735	-0.00621180855049
k__Bacteria;p__Actinobacteria;c__Actinobacteria;o__Bifidobacteriales;f__Bifidobacteriaceae;g__Bifidobacterium;s__Bifidobacterium_adolescentis	0.0739107397126	-0.0223826423774	-0.0322604812378	-0.0180520929958	-0.000407519647572	-0.0716265343312	-0.00813900432822	-0.0139702302702	0.0571047886141	-0.00537089167131	-0.0280879312924	0.0294830685617	-0.0298240347775	-0.0290603490716	0.0807421305402	-0.0308636735487	-0.0507519530999	-0.000679430475304	-0.00117127493285	0.0327505754087	-0.0146031870976	0.0196159136778	-0.0430927767527	1.0	-0.00982462680808	-0.0190875047752	-0.0115570930787	-0.021270837563	-0.0271732594926	0.00895714721808	-0.0226245423299	-0.0765335981476	-0.070946804738	0.0270930560943	-0.0260089250326	-0.0257393477346	0.000746653730568	-0.00286674188343	0.0159067980386	-0.0381096403919	0.00325375483135	0.0141552099203	0.0312991372494	-0.0755962442034	-0.0145824401558	-0.0482443235878	-0.00937010312493	0.0693907045441	-0.0484521334065	-0.0534590407138	-0.00822134923589	-0.00650617675649	-0.0740321181125	-0.0306066414545	-0.0680413117259	-0.0285422436831	-0.0291866012599	0.00128204877622	-0.0189520670817
k__Bacteria;p__Firmicutes;c__Clostridia;o__Clostridiales;f__Oscillospiraceae;g__Oscillibacter;s__Oscillibacter_sp._KLE_1745	0.0302442796949	-0.0315196213132	-0.0241755946793	-0.039247711258	-0.0308017771912	0.0664822210177	-0.0261087430037	-0.00391142981686	-0.0128675051523	0.0195898524744	-0.0344495248872	-0.0434552266633	-0.0263581907037	-0.0306568084593	-0.0009795304092	0.0477853487047	-0.00206329325025	8.4125967233e-05	0.0188861237709	0.00361035582269	0.00431873798337	-0.0253198742648	0.0195346591628	-0.00982462680808	1.0	-0.0173079584679	-0.00963695193749	-0.0267875964193	-0.0538019596497	-0.0195490133155	-0.00413837715094	0.0981503848226	0.000719014085874	0.00584600324658	-0.0460979397855	0.0297026663668	0.0272480997587	0.0203447173265	0.00717529722002	0.0108796978198	-0.0260567812373	-0.0493267518258	-0.0545901019909	-0.0108917665829	0.0867416097688	-0.0620771706263	0.0163071003769	-0.0555439173481	-0.0098810866806	0.0301034409416	-0.0604959552949	-0.0646949739326	0.00221098003084	-0.0358172824691	-0.00782947124753	-0.0277464233055	-0.0126607811319	0.0104834909196	0.0153573230361
k__Bacteria;p__Bacteroidetes;c__Bacteroidia;o__Bacteroidales;f__Bacteroidaceae;g__Bacteroides;s__Bacteroides_coprophilus	0.000422351145022	-0.0387620680496	-0.0118658174294	-0.0194143706135	0.0025065587649	-0.0241618001658	0.00541623400448	0.050461967	0.0203093476051	-0.0273580586122	-0.0251738561529	-0.0639787531644	0.0114227130821	-0.0112671297675	-0.0308277930517	-0.010619283019	-0.0362226631831	-0.00588649440605	-0.0591085938616	-0.0322301571636	0.0137475011776	-0.027685408511	0.0067157916126	-0.0190875047752	-0.0173079584679	1.0	0.00917856000053	-0.00646472873647	-0.02704790027	-0.0335203596475	0.0105984551629	0.0193782198779	0.0679693257347	-0.0100696002959	0.00956575781594	-0.0420109435726	-0.0268127660978	-0.00161689233979	-0.0183217271193	-0.00364713657475	-0.00206562133612	0.00695913377927	0.0245031152127	-0.00794976467555	-0.0152091195351	0.0368362076864	-0.0147036429471	0.045080999032	0.0187020529763	0.0407008916917	-0.0284022528303	0.0452419689829	-0.00552591115125	0.0170142695027	0.0251589542589	0.0379712356794	-0.0790814783047	-0.0386214734016	-0.045706525676
k__Bacteria;p__Firmicutes;c__Clostridia;o__Clostridiales;f__Lachnospiraceae;g__Roseburia;s__Roseburia_intestinalis	0.0467427482104	-0.039609107259	0.00529428966491	0.0184728609146	-0.0238767549783	0.00744059031912	0.0313242324217	-0.0441311969087	-0.0553387925729	0.0113655575397	0.05356597449	-0.021720142186	0.0248716858811	-0.0371755359776	-0.00693012396525	-0.00744737775175	-0.0273419731456	-0.0172123786476	0.0194502366762	-0.0759147951689	-0.00111136493199	0.00417655198293	0.0319476717765	-0.0115570930787	-0.00963695193749	0.00917856000053	1.0	0.023633979388	-0.0466975036598	0.0163553839062	0.0409400186475	-0.0308888936429	-0.0738154663101	-0.00398763511283	-0.0149815527442	0.0159352577106	0.00863936419282	0.0143615874457	0.0150945540003	0.0271096447514	-0.0301614722668	-0.0239133998245	0.0382201498449	0.0213282366131	-0.0268545205309	-0.0323905372581	-0.0402583758479	0.0549817310811	0.0310128934066	0.0789369988771	0.0147299771416	-0.0145258778584	-0.0235468600263	-0.0177535140604	-0.014147640754	0.0132730256669	-0.00661852917818	-0.0275450207853	0.0017652217267
k__Bacteria;p__Firmicutes;c__Clostridia;o__Clostridiales;f__Lachnospiraceae;g__Roseburia;s__Roseburia_hominis	0.00588704730904	-0.00175689283367	0.0299544340218	0.0391163380718	-0.0104234273888	-0.0493888017889	-0.0740607063484	0.00508353664455	0.0111408324961	-0.0250183019397	-0.0221011129714	-0.0261062766542	-0.0367149137842	-0.0388653142665	-0.0414256848044	-0.0354424911305	0.0293028644551	0.0310540896398	-0.00987705793342	-0.0157832355018	-0.000767368429861	0.00140917923553	-0.0432802166845	-0.021270837563	-0.0267875964193	-0.00646472873647	0.023633979388	1.0	0.0459516418861	-0.0476548254247	-0.0514697459518	-0.0263922299487	0.0108440351218	-0.059539736772	-0.0149599769148	-0.00907725181931	-0.0492520300162	-0.00485774158274	-0.00197580725162	0.0140332263032	-0.00813472536539	-0.0358964768517	0.0284605730513	0.0417911972323	-0.00057975434013	0.0168964358338	0.024390384804	0.00502674067743	-0.00778010941412	0.0141084272445	0.0256112848691	-0.0149250489525	-0.0759625177033	0.047402379098	-0.0440231478666	0.0246851748676	0.0266669183827	0.0245104855155	0.043957645773
k__Bacteria;p__Bacteroidetes;c__Bacteroidia;o__Bacteroidales;f__Porphyromonadaceae;g__Parabacteroides;s__Parabacteroides_johnsonii	0.000635292322445	-0.00358005606699	-0.00173435013244	0.0086598129499	0.0438532428815	0.00468849575151	-0.00748656390853	-0.0221975407244	0.0380313041243	-0.0092348950419	0.0221127134441	0.0503292333244	0.0212856795218	-0.0775212288862	-0.00568043107138	-0.00991039387989	-0.0430701782227	-0.0342392985857	0.0369044793213	0.0312447604774	-0.0169847144564	-0.00307843220526	-0.0448316987216	-0.0271732594926	-0.0538019596497	-0.02704790027	-0.0466975036598	0.0459516418861	1.0	-0.0115717246437	0.0230069478827	-0.00193093649984	-0.013285521935	0.0229233156288	0.0396250540398	0.00850400694008	0.0593657112513	-0.0264565739188	-0.0287052097667	-0.0305695516539	-0.0441804276221	0.0369120541636	-0.0454862024884	-0.0275551516776	-0.0320306280811	-0.0331075611474	0.0411007986409	-0.011841716104	0.0349695254174	-0.0118602224115	-0.0411203126781	-0.041170854639	0.0209633285873	-0.0557161301645	0.00844651651328	-0.0245959607368	-0.000921042858575	-0.0198460103106	-0.0751719492676
