#taxonomy	k__Bacteria;p__Bacteroidetes;c__Bacteroidia;o__Bacteroidales;f__Bacteroidaceae;g__Bacteroides;s__Bacteroides_vulgatus	k__Bacteria;p__Bacteroidetes;c__Bacteroidia;o__Bacteroidales;f__Bacteroidaceae;g__Bacteroides;s__Bacteroides_uniformis	k__Bacteria;p__Bacteroidetes;c__Bacteroidia;o__Bacteroidales;f__Rikenellaceae;g__Alistipes;s__Alistipes_putredinis	k__Bacteria;p__Bacteroidetes;c__Bacteroidia;o__Bacteroidales;f__Prevotellaceae;g__Prevotella;s__Prevotella_copri	k__Bacteria;p__Bacteroidetes;c__Bacteroidia;o__Bacteroidales;f__Bacteroidaceae;g__Bacteroides;s__Bacteroides_stercoris	k__Bacteria;p__Bacteroidetes;c__Bacteroidia;o__Bacteroidales;f__Bacteroidaceae;g__Bacteroides;s__Bacteroides_ovatus	k__Bacteria;p__Bacteroidetes;c__Bacteroidia;o__Bacteroidales;f__Rikenellaceae;g__Alistipes;s__Alistipes_shahii	k__Bacteria;p__Firmicutes;c__Clostridia;o__Clostridiales;f__Ruminococcaceae;g__Faecalibacterium;s__Faecalibacterium_prausnitzii	k__Bacteria;p__Bacteroidetes;c__Bacteroidia;o__Bacteroidales;f__Rikenellaceae;g__Alistipes;s__Alistipes_finegoldii	k__Bacteria;p__Bacteroidetes;c__Bacteroidia;o__Bacteroidales;f__Porphyromonadaceae;g__Parabacteroides;s__Parabacteroides_distasonis	k__Bacteria;p__Bacteroidetes;c__Bacteroidia;o__Bacteroidales;f__Bacteroidaceae;g__Bacteroides;s__Bacteroides_thetaiotaomicron	k__Bacteria;p__Bacteroidetes;c__Bacteroidia;o__Bacteroidales;f__Bacteroidaceae;g__Bacteroides;s__Bacteroides_coprocola	k__Bacteria;p__Bacteroidetes;c__Bacteroidia;o__Bacteroidales;f__Bacteroidaceae;g__Bacteroides;s__Bacteroides_cellulosilyticus	k__Bacteria;p__Bacteroidetes;c__Bacteroidia;o__Bacteroidales;f__Rikenellaceae;g__Alistipes;s__Alistipes_obesi	k__Bacteria;p__Firmicutes;c__Clostridia;o__Clostridiales;f__Lachnospiraceae;g__;s__[Eubacterium]_rectale	k__Bacteria;p__Bacteroidetes;c__Bacteroidia;o__Bacteroidales;f__Bacteroidaceae;g__Bacteroides;s__Bacteroides_plebeius	k__Bacteria;p__Bacteroidetes;c__Bacteroidia;o__Bacteroidales;f__Bacteroidaceae;g__Bacteroides;s__Bacteroides_fragilis	k__Bacteria;p__Proteobacteria;c__Betaproteobacteria;o__Burkholderiales;f__Sutterellaceae;g__Sutterella;s__Sutterella_wadsworthensis	k__Bacteria;p__Bacteroidetes;c__Bacteroidia;o__Bacteroidales;f__Porphyromonadaceae;g__Barnesiella;s__Barnesiella_intestinihominis	k__Bacteria;p__Bacteroidetes;c__Bacteroidia;o__Bacteroidales;f__Odoribacteraceae;g__Odoribacter;s__Odoribacter_splanchnicus	k__Bacteria;p__Bacteroidetes;c__Bacteroidia;o__Bacteroidales;f__Bacteroidaceae;g__Bacteroides;s__Bacteroides_salyersiae	k__Bacteria;p__Firmicutes;c__Clostridia;o__Clostridiales;f__Ruminococcaceae;g__Ruminiclostridium;s__[Eubacterium]_siraeum	k__Bacteria;p__Proteobacteria;c__Betaproteobacteria;o__Burkholderiales;f__Sutterellaceae;g__Parasutterella;s__Parasutterella_excrementihominis	k__Bacteria;p__Actinobacteria;c__Actinobacteria;o__Bifidobacteriales;f__Bifidobacteriaceae;g__Bifidobacterium;s__Bifidobacterium_adolescentis	k__Bacteria;p__Firmicutes;c__Clostridia;o__Clostridiales;f__Oscillospiraceae;g__Oscillibacter;s__Oscillibacter_sp._KLE_1745	k__Bacteria;p__Bacteroidetes;c__Bacteroidia;o__Bacteroidales;f__Bacteroidaceae;g__Bacteroides;s__Bacteroides_coprophilus	k__Bacteria;p__Firmicutes;c__Clostridia;o__Clostridiales;f__Lachnospiraceae;g__Roseburia;s__Roseburia_intestinalis	k__Bacteria;p__Firmicutes;c__Clostridia;o__Clostridiales;f__Lachnospiraceae;g__Roseburia;s__Roseburia_hominis	k__Bacteria;p__Bacteroidetes;c__Bacteroidia;o__Bacteroidales;f__Porphyromonadaceae;g__Parabacteroides;s__Parabacteroides_johnsonii	k__Bacteria;p__Actinobacteria;c__Actinobacteria;o__Bifidobacteriales;f__Bifidobacteriaceae;g__Bifidobacterium;s__Bifidobacterium_longum	k__Bacteria;p__Firmicutes;c__Clostridia;o__Clostridiales;f__;g__Flavonifractor;s__Flavonifractor_plautii	k__Bacteria;p__Firmicutes;c__Clostridia;o__Clostridiales;f__Clostridiaceae;g__Clostridium;s__Clostridium_phoceensis	k__Bacteria;p__Verrucomicrobia;c__Verrucomicrobiae;o__Verrucomicrobiales;f__Akkermansiaceae;g__Akkermansia;s__Akkermansia_muciniphila	k__Bacteria;p__Bacteroidetes;c__Bacteroidia;o__Bacteroidales;f__Prevotellaceae;g__Paraprevotella;s__Paraprevotella_xylaniphila	k__Bacteria;p__Firmicutes;c__Clostridia;o__Clostridiales;f__Ruminococcaceae;g__Ruminococcus;s__Ruminococcus_callidus	k__Bacteria;p__Bacteroidetes;c__Bacteroidia;o__Bacteroidales;f__Rikenellaceae;g__Alistipes;s__Alistipes_senegalensis	k__Bacteria;p__Firmicutes;c__Clostridia;o__Clostridiales;f__Lachnospiraceae;g__Blautia;s__Blautia_sp._KLE_1732	k__Bacteria;p__Bacteroidetes;c__Bacteroidia;o__Bacteroidales;f__Bacteroidaceae;g__Bacteroides;s__Bacteroides_oleiciplenus	k__Bacteria;p__Firmicutes;c__Clostridia;o__Clostridiales;f__Ruminococcaceae;g__Ruminococcus;s__Ruminococcus_bicirculans	k__Bacteria;p__Bacteroidetes;c__Bacteroidia;o__Bacteroidales;f__Bacteroidaceae;g__Bacteroides;s__Bacteroides_fluxus	k__Bacteria;p__Bacteroidetes;c__Bacteroidia;o__Bacteroidales;f__Prevotellaceae;g__Prevotella;s__Prevotella_stercorea	k__Bacteria;p__Firmicutes;c__Clostridia;o__Clostridiales;f__Lachnospiraceae;g__Dorea;s__Dorea_longicatena	k__Bacteria;p__Firmicutes;c__Clostridia;o__Clostridiales;f__Eubacteriaceae;g__Eubacterium;s__[Eubacterium]_eligens	k__Bacteria;p__Firmicutes;c__Clostridia;o__Clostridiales;f__Ruminococcaceae;g__;s__Ruminococcaceae_bacterium_D16	k__Bacteria;p__Firmicutes;c__Clostridia;o__Clostridiales;f__Lachnospiraceae;g__Coprococcus;s__Coprococcus_comes	k__Bacteria;p__Proteobacteria;c__Gammaproteobacteria;o__Enterobacterales;f__Enterobacteriaceae;g__Escherichia;s__Escherichia_coli	k__Bacteria;p__Firmicutes;c__Clostridia;o__Clostridiales;f__Ruminococcaceae;g__Anaerotruncus;s__Anaerotruncus_colihominis	k__Bacteria;p__Firmicutes;c__Clostridia;o__Clostridiales;f__Lachnospiraceae;g__Blautia;s__Blautia_obeum	k__Bacteria;p__Bacteroidetes;c__Bacteroidia;o__Bacteroidales;f__Odoribacteraceae;g__Odoribacter;s__Odoribacter_laneus	k__Bacteria;p__Firmicutes;c__Clostridia;o__Clostridiales;f__Ruminococcaceae;g__Ruminiclostridium;s__[Clostridium]_leptum	k__Bacteria;p__Bacteroidetes;c__Bacteroidia;o__Bacteroidales;f__Porphyromonadaceae;g__Parabacteroides;s__Parabacteroides_goldsteinii	k__Bacteria;p__Firmicutes;c__Clostridia;o__Clostridiales;f__Lachnospiraceae;g__Anaerostipes;s__Anaerostipes_hadrus	k__Bacteria;p__Firmicutes;c__Clostridia;o__Clostridiales;f__Ruminococcaceae;g__Ruminococcus;s__Ruminococcus_lactaris	k__Bacteria;p__Firmicutes;c__Clostridia;o__Clostridiales;f__Clostridiaceae;g__Clostridium;s__Clostridium_sp._L2-50	k__Bacteria;p__Firmicutes;c__Clostridia;o__Clostridiales;f__Clostridiaceae;g__Clostridium;s__Clostridium_sp._M62/1	k__Bacteria;p__Firmicutes;c__Clostridia;o__Clostridiales;f__;g__Intestinimonas;s__Intestinimonas_butyriciproducens	k__Bacteria;p__Actinobacteria;c__Actinobacteria;o__Bifidobacteriales;f__Bifidobacteriaceae;g__Bifidobacterium;s__Bifidobacterium_bifidum	k__Bacteria;p__Firmicutes;c__Negativicutes;o__Veillonellales;f__Veillonellaceae;g__Dialister;s__Dialister_invisus	k__Bacteria;p__Bacteroidetes;c__Bacteroidia;o__Bacteroidales;f__Bacteroidaceae;g__Bacteroides;s__Bacteroides_salanitronis
k__Bacteria;p__Bacteroidetes;c__Bacteroidia;o__Bacteroidales;f__Bacteroidaceae;g__Bacteroides;s__Bacteroides_vulgatus	1.0	-0.0332408553356	0.0610712785735	-0.0325192553586	-0.00208968522301	-0.0275079061019	-0.0518605647937	0.0148434902431	-0.00885941144032	-0.0342166819098	-0.0229389219244	0.00818250776028	0.0316711000609	-0.0543113672296	-0.0296172119132	-0.0205000625416	-0.0123478846515	-0.0313813792312	0.00213421825584	-0.00281793475132	0.0568999234052	0.0035444202937	-0.00785318718487	-0.0130261234746	0.0441867034675	0.056733984112	0.0183751785755	-0.0174637976057	0.0807590228	0.010261643939	-0.0226086305536	-0.00993029637697	0.0134765446494	0.0158893537536	0.0228287325632	-0.0238526902023	0.00585363908296	0.0126135392152	-0.0204395054907	-0.00929558331835	0.0136100289697	-0.037742244349	-0.0254739071539	0.00473143467266	0.0361566279741	-0.0205704766143	-0.0214971540276	-0.00376273945045	-0.0332175549293	0.0113982803293	0.0465609905603	-0.00354172544338	-0.0350196288828	0.0205910937556	0.0014199863062	0.00252345806664	-0.00945838775773	0.0158003492695	-0.0033411236431
k__Bacteria;p__Bacteroidetes;c__Bacteroidia;o__Bacteroidales;f__Bacteroidaceae;g__Bacteroides;s__Bacteroides_uniformis	-0.0332408553356	1.0	0.0204140557254	-0.0898998996108	-0.0349768430761	-0.00924658829431	0.00343416060825	0.0452925077554	0.0143241558317	-0.0236972919812	-0.0128395158207	0.00600674893992	0.0282490597015	0.00065948400404	-0.0257331970587	-0.0115429284899	-0.0236512744009	0.00609614027844	-0.0141481809564	-0.00332844257245	0.000425117594292	0.0576097853416	0.0131677180721	0.0470261946946	-0.0308267152265	-0.0435728622458	-0.0064404538351	-0.040058045897	0.0102893342945	0.0236013635405	-0.0306392170344	-0.025563824114	-0.00309080485808	-0.0488393147191	0.00221737921374	0.0138343279656	0.0105796912242	0.0231342301731	-0.00483385566505	-0.000293503395352	0.0297158776657	0.00908509424139	-0.0692542552257	-0.0383067881245	-0.0232133632308	0.0117787744826	0.00763377329918	0.0808597820214	-0.0301129915195	0.00414526269216	0.00625994354331	0.0015007789358	0.00605686977032	0.0668806319192	-0.00439757305138	-0.0105267728903	0.00265673581956	0.00034502865	-0.12124539195
k__Bacteria;p__Bacteroidetes;c__Bacteroidia;o__Bacteroidales;f__Rikenellaceae;g__Alistipes;s__Alistipes_putredinis	0.0610712785735	0.0204140557254	1.0	0.0501583855965	-0.0132357142946	-0.0253794816771	-0.0431041432789	-0.0741369479346	-0.00222900886557	0.0260599462134	0.0075353657586	0.0378417024527	0.00890749931804	0.00370203324938	-0.0493787275271	0.0274271042334	0.00696322735193	0.06119853315	0.00796473676464	-0.0196323318538	-0.000679105642198	-0.0155214549657	-0.0246732564555	0.00235965974964	-0.0302968558715	0.013123392498	-0.00965321481992	0.000271804212863	0.0218842821453	-0.0225283527348	0.0775403612164	-0.0134962865843	-0.0720829804249	-0.017609386255	-0.0700541691683	0.0201522219435	0.0442073654211	-0.0514963066997	0.0181452460117	-0.0193412347032	-0.0299226597595	0.00754191742431	0.0110402460892	0.0240521416792	-0.0634827092636	0.041400749308	-0.0079061549841	-0.0252526687855	0.00978203728822	-0.0179595547032	-0.0431711469213	0.0416514800946	-0.0203591841253	-0.0362607519537	0.0526963205743	-0.0231169180695	-0.0418746378247	0.0156947281918	0.00367324477589
k__Bacteria;p__Bacteroidetes;c__Bacteroidia;o__Bacteroidales;f__Prevotellaceae;g__Prevotella;s__Prevotella_copri	-0.0325192553586	-0.0898998996108	0.0501583855965	1.0	0.0155675614681	-0.00554543690567	0.0215506675683	-0.0287484498999	0.0387978913196	0.0460487420917	-0.0199199677861	-0.0241652498213	0.0101987580793	-0.0320734787074	0.0814564302373	-0.00465136831284	-0.00156886280588	-0.0219463878222	0.0349230997551	0.0370103125328	0.0532090045895	-0.0132145283109	-0.0112893222994	0.0176765834983	-0.0220669859822	0.01925861238	0.0128803286937	0.0263883978107	-0.0249742377536	-0.0215009732838	-0.0346902042306	-0.0695718677067	-0.00942485583378	0.0196727126961	-0.0709112740244	-0.0541900453195	-0.016600635925	0.0136342234106	0.00448929465348	-0.0272651868313	0.0206115414684	-0.0545622555211	-0.0118366845735	0.0306962260051	-0.0524531560238	0.0626690068417	0.028339242885	-0.0240062467942	-0.0426107268996	-0.0664544354271	-0.0526442416389	-0.0428510709258	-0.0192820288188	0.00265671289037	0.0193310632249	-0.0107392795485	0.0343227655723	-0.00250702670465	0.0164050174187
k__Bacteria;p__Bacteroidetes;c__Bacteroidia;o__Bacteroidales;f__Bacteroidaceae;g__Bacteroides;s__Bacteroides_stercoris	-0.00208968522301	-0.0349768430761	-0.0132357142946	0.0155675614681	1.0	0.0236217420824	-0.0302152695306	-0.0330412831167	-0.0251339328349	0.0488963426292	-0.0136228317654	0.0700516225945	0.00694471231818	-0.0559383619863	-0.014002538863	-0.00387192089996	0.0524607528609	-0.0260345621819	-0.0234760318238	0.0540881088509	0.00839808339612	-0.017920325924	-0.0277400223598	0.0160890551498	0.0561994722691	-0.00536245346351	0.0132229534008	0.00924992250403	0.0193011326503	-0.00174109353774	-0.0214011254071	-0.114017829643	-0.0113418166384	0.0136245620871	-0.0198448883362	-0.0466146701098	-0.0113489999147	-0.0103415769978	0.0155111371446	-0.0140580911545	-0.0321858231095	-0.0761802922676	-0.00985475160771	0.0227699804759	0.0115134850991	-0.0336269981271	-0.0481988316421	0.0205174438725	0.0340502278592	0.00882117353355	-0.0521293672576	0.0243138432038	0.0483054410077	0.00429559388239	0.0289149066445	0.0099514169464	0.0031212960193	-0.0351387469372	-0.0265875248271
k__Bacteria;p__Bacteroidetes;c__Bacteroidia;o__Bacteroidales;f__Bacteroidaceae;g__Bacteroides;s__Bacteroides_ovatus	-0.0275079061019	-0.00924658829432	-0.0253794816771	-0.00554543690567	0.0236217420824	1.0	-0.0316480898148	-0.00204067647485	0.0154529925924	-0.0276451445388	-0.0420957962207	-0.0104613268213	-0.0570005952983	0.00618364707401	-0.00773557119566	-0.0040736202943	-0.00636747470536	-0.0237921812426	-0.0355356208269	-0.00620904221701	0.0121851108681	-0.0114511144458	-0.0207213908258	-0.00998379320471	-0.0936134904777	0.0294970799346	0.0155770448892	-0.00542139478232	0.0329340029613	-0.0152115737614	0.00790728391302	0.0446206785963	0.0199179635651	-0.0367522248882	-0.00123420883408	-0.0625311903891	0.0040608223821	0.0421202736812	-0.0428515348077	-0.00237717457974	0.0152702428704	-0.0639344747683	-0.0155827772868	-0.0310958168122	0.00336728758369	-0.0246229642684	0.00513759887843	-0.00579211479025	-0.0550684201613	-0.0105864872164	-0.0438196517468	-0.0905002364926	-0.0248909376195	0.0017087309561	0.0225885423734	0.0260137628537	-0.0403629710408	-0.0378520558845	0.0245178047036
k__Bacteria;p__Bacteroidetes;c__Bacteroidia;o__Bacteroidales;f__Rikenellaceae;g__Alistipes;s__Alistipes_shahii	-0.0518605647937	0.00343416060825	-0.0431041432789	0.0215506675683	-0.0302152695306	-0.0316480898148	1.0	0.0469048284597	-0.0153806770653	-0.0147742452119	0.00792887275119	-0.0164192075418	0.0342371016654	0.00667413192861	-0.00966552078848	-0.0399379802484	0.0624644068036	-0.0280739012107	-0.0118310863992	-0.0520329149415	-0.0428199417672	-0.0471237507387	-0.0193623874959	0.000443806535062	-0.0768006141397	-0.0293949242916	0.0470385287972	0.00213697955483	0.029259753398	0.0274413232968	0.00980843508973	0.0249684097633	-0.0454805250456	-0.04212478584	0.0512849982738	-0.0277581256727	-0.0573638498928	-0.0380626744493	-0.0329494266538	0.0220335490238	0.0295331015875	0.0147406832918	0.0287271275986	-0.0857388898802	-0.0347636444517	0.043292748907	-0.0415464713107	-0.00561576778936	0.0215861751889	0.00221237743325	-0.0236133161524	0.0266876692673	-0.00617395642084	-0.0286864013332	-0.0133962716487	0.00557735630148	-0.0300623398947	0.00949413599258	-0.0126640860478
k__Bacteria;p__Firmicutes;c__Clostridia;o__Clostridiales;f__Ruminococcaceae;g__Faecalibacterium;s__Faecalibacterium_prausnitzii	0.0148434902431	0.0452925077554	-0.0741369479346	-0.0287484498999	-0.0330412831167	-0.00204067647485	0.0469048284597	1.0	0.0265977446017	-0.0272680881282	-0.00418408277907	0.0468901346607	-0.0203298746085	-0.0457988636295	0.0492569797043	0.0175094480449	0.0127045448902	-0.0075142431558	0.0129830065748	-0.0264392832483	-0.0227654121415	0.042099357953	-0.0350477656253	-0.0545987576722	0.0355173490331	-0.0316423819697	0.0113543051332	-0.058295149692	0.00336559790381	-0.0185419966679	-0.0138190708284	0.101911241631	0.040969712569	0.00291471162553	-0.0311950962688	0.0117545990737	0.0301907364911	-0.0718751124799	-0.0701014572766	-0.0180812883437	0.0157340213342	0.0659912729748	0.0658461933548	0.0278242868961	-0.0131376503823	-0.0349193288574	-0.03149519716	-0.00512363852997	-0.0354452620411	0.0306018747885	0.0357119266223	-0.0114852113144	-0.000310579471271	-0.0559877990168	-0.0721563843088	-0.0247202732177	-0.00680018355849	-0.00445989266671	-0.00767753259585
k__Bacteria;p__Bacteroidetes;c__Bacteroidia;o__Bacteroidales;f__Rikenellaceae;g__Alistipes;s__Alistipes_finegoldii	-0.00885941144032	0.0143241558317	-0.00222900886557	0.0387978913196	-0.0251339328349	0.0154529925924	-0.0153806770653	0.0265977446017	1.0	-0.00712179134153	-0.0389406136564	0.0178036072468	0.0116046722951	0.0639262962276	-0.0251057155726	0.0150989202042	-0.00558653989069	0.0412533443843	0.00862770904003	0.0148613952413	-0.0227005244354	-0.0315710133441	-0.0229436477886	-0.0340239165638	0.0106507606795	0.0128318594895	-0.00672057635267	-0.047832224645	0.0330813205967	0.0508229706201	-0.0427958845683	0.00921989677448	0.0143873063521	-0.0203742174336	-0.0113933959099	-0.0265358784415	-0.0565923835295	-0.0317559980674	0.0172074894517	-0.00395851407025	-0.0838657107316	0.0163814885788	-0.0744296744295	-0.0256660865449	0.0124756694508	-0.0216011876176	-0.0509273064131	-0.0198292246662	-0.0158870415577	0.00997789724905	0.00609869187539	-0.0490082095627	-0.0127708778387	0.0606390026914	0.000212161955056	-0.0390752291425	-0.021449438002	0.029580512362	0.00422826239824
k__Bacteria;p__Bacteroidetes;c__Bacteroidia;o__Bacteroidales;f__Porphyromonadaceae;g__Parabacteroides;s__Parabacteroides_distasonis	-0.0342166819098	-0.0236972919812	0.0260599462134	0.0460487420917	0.0488963426292	-0.0276451445388	-0.0147742452119	-0.0272680881282	-0.00712179134153	1.0	0.0110969304672	-0.00106154104533	0.00644123214879	0.0188700366833	0.0885770226822	-0.0370106288959	0.00818169464469	0.00251910856272	-0.0541966225754	-0.0765257185797	-0.0434780979361	-0.0111071682094	0.0451888922686	0.0304480421279	0.00231879571117	0.0532165204274	0.0231888528151	-0.0262614803553	-0.0605300975405	-0.0383642424713	0.015663791914	-0.0247096029956	0.0208561941759	-0.0171724783999	-0.0497702962078	-0.0423672333169	-0.00887361954763	-0.0259950317662	0.028159857591	-0.00602977600386	0.0284872451554	-0.0161775783468	-0.0504714559937	0.0144675576929	-0.022435133574	0.00946919876538	0.0259228834367	0.0157962016196	-0.0134140539105	0.0284059597558	0.00760300852826	0.0215291426778	-0.000748453872967	-0.00115106481525	-0.0397813827532	-0.0116753161319	-0.00573164747935	-0.0279196838573	-0.0317620969029
k__Bacteria;p__Bacteroidetes;c__Bacteroidia;o__Bacteroidales;f__Bacteroidaceae;g__Bacteroides;s__Bacteroides_thetaiotaomicron	-0.0229389219244	-0.0128395158207	0.0075353657586	-0.0199199677861	-0.0136228317654	-0.0420957962207	0.00792887275119	-0.00418408277907	-0.0389406136564	0.0110969304672	1.0	-0.00227495888651	-0.0129996388061	-0.0599898625021	-0.0215419662808	-0.00996575640594	0.014588234313	-0.0243178491539	0.0222895743248	0.0282334175563	-0.0628850621649	-0.00437330602834	-0.0347278244288	0.00924026515057	-0.026798175877	-0.0252531003661	0.0309754124523	0.00985871784698	-0.0129187941452	0.0515952660756	-0.00903941834762	0.0189123069335	-0.0173805286048	-0.0289764237872	0.0315769292735	0.0407578482195	-0.0495113243596	-0.0525267720306	0.0338288118413	0.0367505838064	-0.0272352630539	0.0268627388957	-0.0159744260777	0.0437120908443	0.00070308728406	-0.00378254720802	0.0269760482161	-0.02373639608	-0.0159238391249	-0.0334559893367	-0.00620216203264	-0.0163346229858	-0.0756927516971	0.00896122048491	0.0573811331508	-0.00716677384966	0.040221049824	0.000137763596967	0.0226338080257
k__Bacteria;p__Bacteroidetes;c__Bacteroidia;o__Bacteroidales;f__Bacteroidaceae;g__Bacteroides;s__Bacteroides_coprocola	0.00818250776028	0.00600674893992	0.0378417024527	-0.0241652498213	0.0700516225945	-0.0104613268213	-0.0164192075418	0.0468901346607	0.0178036072468	-0.00106154104533	-0.00227495888651	1.0	-0.0175614854991	0.0297228468432	-0.0442121817226	-0.0759162031499	-0.0106120076544	-0.0151280760476	0.00551710317476	-0.00983510408914	-0.00752954084089	0.0388044340538	0.0179692846907	-0.031307312999	0.0101664728964	0.00229850229594	-0.00469767040393	-0.0569449395372	-0.0478885340312	-0.0559037295706	-0.0168438238963	0.0214732184496	0.00774518642475	0.0279726298155	0.00507929348145	-0.00997293611793	0.00129294435973	-0.0121558302414	-0.00516508680353	0.00561350932208	-0.0328216542606	-0.000228625761307	0.0168914766837	-0.0809176253255	-0.0696602618831	-0.0691837631647	-0.00578601926935	-0.0259395760888	-0.0142367738709	-0.0154265428293	-0.0139923185774	-0.0223771461717	-0.0159199057108	-0.0262704970766	-0.0270680023363	-0.0276947088089	0.0445154346593	-0.00332608097965	-0.0109117003666
k__Bacteria;p__Bacteroidetes;c__Bacteroidia;o__Bacteroidales;f__Bacteroidaceae;g__Bacteroides;s__Bacteroides_cellulosilyticus	0.0316711000609	0.0282490597015	0.00890749931804	0.0101987580793	0.00694471231818	-0.0570005952983	0.0342371016654	-0.0203298746085	0.0116046722951	0.00644123214879	-0.0129996388061	-0.017561485499	1.0	0.0167099641772	-0.0253991800067	-0.0356821648461	0.00466701052229	-0.0376223174234	0.0319630631029	0.0343877993893	-0.0273598680157	0.00477401770114	-0.0168786629027	-0.0138618749914	-0.0311474642634	0.0482648193163	-0.0101925398661	-0.0243657301388	0.0129044460851	0.00820974384926	0.0679926160187	-0.000499098986526	-0.0220503581746	-0.0236780338316	-0.0306209509285	-0.0433730812847	-0.0334877858299	-0.0479300485221	-0.00298283087276	-0.0137034808238	0.020502761168	-0.0224365415961	-0.0101099197843	-0.00271012146344	-0.0398225535755	0.0132299350951	0.0337536875505	0.00921056158882	0.017887622649	0.0249831473602	0.025960253504	-0.045408025503	0.0127356605281	-0.0171964612782	0.00509235186911	-0.018769128082	-0.018917970005	-0.0621369695655	0.00759828356486
k__Bacteria;p__Bacteroidetes;c__Bacteroidia;o__Bacteroidales;f__Rikenellaceae;g__Alistipes;s__Alistipes_obesi	-0.0543113672296	0.00065948400404	0.00370203324938	-0.0320734787074	-0.0559383619863	0.00618364707401	0.00667413192861	-0.0457988636295	0.0639262962276	0.0188700366833	-0.0599898625021	0.0297228468432	0.0167099641772	1.0	-0.0264209785655	-0.0220726238192	-0.00970167803528	0.0281155166792	-0.00872603334207	-0.0253718598975	-0.0215794411317	-0.0736707164845	-0.00525154913494	0.0151380768024	0.0237219434639	-0.0321441044079	-0.000601039122709	-0.0172758808464	-0.00959410410535	-0.0117544157486	0.0273127310562	-0.0466743206758	0.0605769567663	-0.0592831677217	0.00836934592448	0.00855332907384	-0.0260298224739	-0.00856227148368	-0.0270197532955	-0.0469709797841	-0.00292918777083	-0.0236297356828	-0.0330081121603	-0.0648882484552	-0.0280562696655	-0.0260698969971	0.022235973923	-0.0383043181073	0.0152328568678	-0.0163562204246	-0.013219999967	-0.070565466691	0.00299860653576	-0.0094293982165	0.0130510154086	0.00852243873871	0.0245584920576	-0.0155021385328	-0.114469578988
k__Bacteria;p__Firmicutes;c__Clostridia;o__Clostridiales;f__Lachnospiraceae;g__;s__[Eubacterium]_rectale	-0.0296172119132	-0.0257331970587	-0.0493787275271	0.0814564302373	-0.014002538863	-0.00773557119566	-0.00966552078848	0.0492569797043	-0.0251057155726	0.0885770226822	-0.0215419662808	-0.0442121817226	-0.0253991800067	-0.0264209785655	1.0	-0.0565470116525	-0.0111937547414	-0.0539184729863	-0.037740117286	0.0101295518406	0.0223967174617	-0.0605964956324	-0.0291128812625	-0.0211430237729	-0.0673088294219	-0.081938893741	0.0182773725366	0.0117970570252	-0.0633848272137	-0.0168045168497	0.00761057498365	-0.00537508297602	0.00186320316344	-0.0122316798606	-0.0577112998374	0.0306342828768	0.0383475635334	0.0214904541571	-0.0178841138218	-0.000789797853535	-0.00180884177447	-0.0281662949704	-0.0590822913723	-0.0408350628162	-0.00318874283137	0.0278981398694	-0.0734283741303	0.0129150907883	-0.0135142801939	-0.00982156965665	-0.00396843019191	-0.00748820772327	0.0222003914073	-0.0483605222806	-0.00465025389883	0.0551991214597	-0.079379639748	0.00453442741889	-0.0147289638199
k__Bacteria;p__Bacteroidetes;c__Bacteroidia;o__Bacteroidales;f__Bacteroidaceae;g__Bacteroides;s__Bacteroides_plebeius	-0.0205000625416	-0.0115429284899	0.0274271042334	-0.00465136831284	-0.00387192089996	-0.0040736202943	-0.0399379802484	0.0175094480449	0.0150989202042	-0.0370106288959	-0.00996575640594	-0.0759162031499	-0.0356821648461	-0.0220726238192	-0.0565470116525	1.0	-0.015381701577	-0.0170810043855	0.0251685527931	-0.0016380459102	-0.0116909806949	0.00322172822325	0.00535831425685	-0.019419593474	0.0456354581278	0.00898246795412	-0.0174318850837	0.016266984964	0.0198618002664	0.0541406707358	-0.0533351120491	-0.0212692514247	-0.0303366826514	-0.0412154003841	0.0423010636853	-0.0298572700121	0.034306987843	-0.0135895137714	0.035054091237	-0.0249532129841	-0.000793657857863	0.000631508829054	0.0117558662603	0.0173273729339	0.0714229475748	-0.0796996730814	-0.0670936586135	-0.0175301404957	0.012675684927	-0.0113166455192	0.0342341797145	-0.046772744515	-0.0208492994387	0.0105084416244	-0.0141183749347	0.0396963278195	-0.0579546901513	0.0288597891982	0.0535727606911
k__Bacteria;p__Bacteroidetes;c__Bacteroidia;o__Bacteroidales;f__Bacteroidaceae;g__Bacteroides;s__Bacteroides_fragilis	-0.0123478846515	-0.0236512744009	0.00696322735193	-0.00156886280588	0.0524607528609	-0.00636747470536	0.0624644068036	0.0127045448902	-0.00558653989069	0.00818169464469	0.014588234313	-0.0106120076544	0.00466701052229	-0.00970167803528	-0.0111937547414	-0.015381701577	1.0	0.0305369756077	0.0355774574683	-0.00783097864501	-0.0859934776234	0.0198658488953	-0.00438320162895	0.00716280522556	-0.0402198449921	-0.0560773204816	-0.0105943895596	0.0174989832946	-0.00104721227664	-0.0235150891879	-0.007083089813	-0.0708473703416	0.000984505427978	0.0581866377056	0.0471660079798	-0.0352267511962	0.00483412506882	0.000136707638656	-0.0248922780192	0.041176979041	-0.0274547050322	0.00521045802	-0.0470306089599	0.00844688022714	-0.0340588841629	-0.00693288667079	0.0761944050456	-0.0107141154659	-0.0130181222068	-0.00712096253752	0.00870984779906	0.0159512163834	0.0225277439735	-0.0294567492744	-0.0386098144461	-0.0069532220447	0.0100515747324	-0.00919349624019	-0.0235226261806
k__Bacteria;p__Proteobacteria;c__Betaproteobacteria;o__Burkholderiales;f__Sutterellaceae;g__Sutterella;s__Sutterella_wadsworthensis	-0.0313813792312	0.00609614027844	0.06119853315	-0.0219463878222	-0.0260345621819	-0.0237921812426	-0.0280739012107	-0.0075142431558	0.0412533443843	0.00251910856272	-0.0243178491539	-0.0151280760476	-0.0376223174234	0.0281155166792	-0.0539184729863	-0.0170810043855	0.0305369756077	1.0	0.0158510373894	-0.0333357339611	0.0445355523207	0.059048948803	0.00093681430268	0.0527146474151	0.00564564658184	-0.0381616925669	-0.00558867003609	-0.0114889226379	0.00810794801062	-0.0689127976394	0.00204569847961	0.016070886782	-0.00958793900285	-0.0229387657863	-0.0223114002643	0.00666453183574	0.0164223963049	0.0349774173975	8.05052047661e-05	0.0442244571123	0.0193584663898	-0.0284947302719	0.0258833229755	-0.0029298623579	-0.033074687364	0.0388023011841	-0.0239325810046	0.0278778320701	0.0226460421093	-0.00926225815529	-0.0194758977843	-0.0423208710801	0.0027307148361	-0.0239600849364	-0.0400497149977	0.028881007118	-0.0829632033741	0.0369884024708	-0.00750295595449
k__Bacteria;p__Bacteroidetes;c__Bacteroidia;o__Bacteroidales;f__Porphyromonadaceae;g__Barnesiella;s__Barnesiella_intestinihominis	0.00213421825584	-0.0141481809564	0.00796473676464	0.0349230997551	-0.0234760318238	-0.0355356208269	-0.0118310863992	0.0129830065748	0.00862770904003	-0.0541966225754	0.0222895743248	0.00551710317476	0.0319630631029	-0.00872603334207	-0.037740117286	0.0251685527931	0.0355774574683	0.0158510373894	1.0	0.0133837258819	0.0357130016584	0.00019797137428	-0.0552127133998	0.00706183735113	0.0121157673066	-0.0101666814512	-0.00682112881528	0.00779550064091	-0.0145867773705	0.0445342057902	0.0562093568325	0.0279824540972	-0.0121636360542	0.0312314566835	0.0101002900969	-0.03351925218	0.0143247978651	-0.0302290263093	-0.0579000587923	0.00142221975964	-0.0557806789982	-0.0303469862213	0.0182471344604	0.0110741998977	-0.0384924446832	0.0321067173832	-0.00752293805791	-0.0365325498678	-0.0304889418307	0.00684431170768	0.00240059475264	0.0296099071359	-0.0547860247672	0.0106560803879	0.027525231152	-0.00896208979065	-0.0248376207248	-0.00401855921083	0.0325287193927
k__Bacteria;p__Bacteroidetes;c__Bacteroidia;o__Bacteroidales;f__Odoribacteraceae;g__Odoribacter;s__Odoribacter_splanchnicus	-0.00281793475132	-0.00332844257245	-0.0196323318538	0.0370103125328	0.0540881088509	-0.00620904221701	-0.0520329149415	-0.0264392832483	0.0148613952413	-0.0765257185797	0.0282334175563	-0.00983510408914	0.0343877993893	-0.0253718598975	0.0101295518406	-0.0016380459102	-0.00783097864501	-0.0333357339611	0.0133837258819	1.0	-0.00349885629677	0.0458038147977	-0.00769443566252	-0.0124427828645	0.0221757835836	0.00851271039086	-0.0288499268041	-0.0189869529452	-0.000440394897503	-0.0101177843832	-0.0173845484019	-0.0316370271522	-0.05303082173	0.0354871175432	-0.0148566302974	-0.00987759350353	0.0632845704917	-0.0163873565189	-0.0407958274309	0.0230180969107	-0.0582906257483	0.00184370602762	0.0046373408131	-0.0513628157195	-0.026803691915	0.0172820562138	-0.0424719583729	0.0178087730652	0.053163747881	0.00284522399915	0.0365164465958	-0.042888881182	0.00304773024657	-0.0120778141258	0.0171096909068	0.0302299477579	-0.0554067831507	-0.0178054733847	-0.0260959287486
k__Bacteria;p__Bacteroidetes;c__Bacteroidia;o__Bacteroidales;f__Bacteroidaceae;g__Bacteroides;s__Bacteroides_salyersiae	0.0568999234052	0.000425117594292	-0.000679105642198	0.0532090045895	0.00839808339612	0.0121851108681	-0.0428199417672	-0.0227654121415	-0.0227005244354	-0.0434780979361	-0.0628850621649	-0.00752954084089	-0.0273598680157	-0.0215794411317	0.0223967174617	-0.0116909806949	-0.0859934776234	0.0445355523207	0.0357130016584	-0.00349885629677	1.0	0.0276865726391	-0.0175965395417	0.0288529101454	0.00698849776942	0.00398918570321	-0.00528555046636	-0.00573327000023	-0.0122013188714	0.00552369885405	-0.0341586141935	-0.0182698726988	0.0079231916725	0.112163383855	-0.0634166829983	0.0061901389838	0.0146412192212	0.00699860144941	0.00444741884424	0.0122228949704	0.0124279637051	-0.0468374665433	-0.0619867676882	-0.00783453142352	-0.0203751827762	-0.0424220177673	-0.0333857136457	0.00321377378081	-0.0179327338136	-0.0233180177621	-0.02602256901	0.01574750282	0.0204218592031	-0.0464376909179	0.0425753486399	0.0212888304047	0.034481354178	-0.0395287061667	0.00402988939824
k__Bacteria;p__Firmicutes;c__Clostridia;o__Clostridiales;f__Ruminococcaceae;g__Ruminiclostridium;s__[Eubacterium]_siraeum	0.0035444202937	0.0576097853416	-0.0155214549657	-0.0132145283109	-0.017920325924	-0.0114511144458	-0.0471237507387	0.042099357953	-0.0315710133441	-0.0111071682094	-0.00437330602834	0.0388044340538	0.00477401770114	-0.0736707164845	-0.0605964956324	0.00322172822325	0.0198658488953	0.059048948803	0.00019797137428	0.0458038147977	0.0276865726391	1.0	0.023125111229	0.00309878922543	0.070029556604	-0.0912936606186	0.0370875166578	0.00797375759256	-0.0432754429299	-0.0482343103567	-0.0477523422785	-0.0101102620455	0.0229933887158	0.024338771899	-0.0183470289331	-0.021984359045	-0.00417571814781	-0.00698501272748	-0.000393246980457	-0.0564186660801	-0.000639795938257	0.017135788057	-0.0431228886501	-0.00876729322058	0.0146424776636	-0.0267852078376	-0.033999639725	-0.0325886084669	-0.0269516082662	-0.0224558712829	0.0317234998497	0.00685216737141	-0.035429237513	-0.0401887754374	-0.0260156203111	-0.0350849887004	0.0104400178576	-0.050460211739	-0.0419876972002
k__Bacteria;p__Proteobacteria;c__Betaproteobacteria;o__Burkholderiales;f__Sutterellaceae;g__Parasutterella;s__Parasutterella_excrementihominis	-0.00785318718487	0.0131677180721	-0.0246732564555	-0.0112893222994	-0.0277400223598	-0.0207213908258	-0.0193623874959	-0.0350477656253	-0.0229436477886	0.0451888922686	-0.0347278244288	0.0179692846907	-0.0168786629027	-0.00525154913494	-0.0291128812625	0.00535831425685	-0.00438320162895	0.00093681430268	-0.0552127133998	-0.00769443566252	-0.0175965395417	0.023125111229	1.0	0.0465205364785	0.00217641414747	-0.00431933690181	-0.0511719084246	0.0150314412164	0.0364142849441	-0.0150075137048	0.0235974274442	0.0297720198697	-0.0189942438826	0.0798916974101	0.0291912682509	0.0288406658501	0.036922131962	-0.00567817190445	-0.0111602150806	-0.0521853979037	-0.000906347184589	-0.0533438212815	-0.0188972125299	-0.0881406105748	0.0285683495809	0.0436477549484	-0.0323903944701	-0.0406634579186	-0.00141940103313	-0.000853453950968	-0.00218697640947	0.0277875689115	0.0543576607942	-0.0750736811055	0.0439510864242	-0.0205305793421	0.00735976576051	-0.0198248335851	-0.0333048079861
k__Bacteria;p__Actinobacteria;c__Actinobacteria;o__Bifidobacteriales;f__Bifidobacteriaceae;g__Bifidobacterium;s__Bifidobacterium_adolescentis	-0.0130261234746	0.0470261946946	0.00235965974964	0.0176765834983	0.0160890551498	-0.00998379320471	0.000443806535062	-0.0545987576722	-0.0340239165638	0.0304480421279	0.00924026515057	-0.031307312999	-0.0138618749914	0.0151380768024	-0.0211430237729	-0.019419593474	0.00716280522556	0.0527146474151	0.00706183735113	-0.0124427828645	0.0288529101454	0.00309878922543	0.0465205364785	1.0	-0.0333800527916	0.0384427509997	0.00934898908447	0.0209750668767	-0.0466849324	0.0097268718545	0.0376455678999	-0.0337499053923	-0.0130011954341	-0.022532214412	-0.0542297108106	-0.0502225742212	-0.0112733771677	-0.0204687392917	0.0175719805861	0.0345056812043	-0.011319690752	-0.0705841640182	-0.0306448461145	-0.0224546510449	-0.0475308047832	0.0292877641989	0.0149061534608	0.0582596364998	0.0474437683642	-0.0454382613216	-0.0524405094533	0.000932998620723	0.0085807146063	0.00917735100394	-0.0369617178021	-0.0356426989872	0.00288338662577	-0.00743415098701	-0.0628968891575
k__Bacteria;p__Firmicutes;c__Clostridia;o__Clostridiales;f__Oscillospiraceae;g__Oscillibacter;s__Oscillibacter_sp._KLE_1745	0.0441867034675	-0.0308267152265	-0.0302968558715	-0.0220669859822	0.0561994722691	-0.0936134904777	-0.0768006141397	0.0355173490331	0.0106507606795	0.00231879571117	-0.026798175877	0.0101664728964	-0.0311474642634	0.0237219434639	-0.0673088294219	0.0456354581278	-0.0402198449921	0.00564564658184	0.0121157673066	0.0221757835836	0.00698849776942	0.070029556604	0.00217641414747	-0.0333800527916	1.0	-0.0194459729325	-0.0165710330935	-0.0557141066005	-0.0205072330908	0.000307117813384	-0.0434955705864	-0.0117084244483	0.0123730736316	0.0230310369051	-0.0359614235422	0.00735186990795	0.00453198409091	0.0282660682373	0.0237032951064	0.0239941088449	-0.0154491595657	0.00455562887159	0.0631682133471	0.0130763128888	-0.0108396220155	0.0069961258983	-0.0140701135622	0.0423074908167	-0.003098997552	0.027758562615	-0.0478130956256	-0.00856308804489	-0.00548881432616	-0.0637412000994	-0.010638663158	0.0302237129455	-0.0365364077779	-0.0271106744392	-0.0179454156822
k__Bacteria;p__Bacteroidetes;c__Bacteroidia;o__Bacteroidales;f__Bacteroidaceae;g__Bacteroides;s__Bacteroides_coprophilus	0.056733984112	-0.0435728622458	0.013123392498	0.01925861238	-0.00536245346351	0.0294970799346	-0.0293949242916	-0.0316423819697	0.0128318594895	0.0532165204274	-0.0252531003661	0.00229850229594	0.0482648193163	-0.0321441044079	-0.081938893741	0.00898246795412	-0.0560773204816	-0.0381616925669	-0.0101666814512	0.00851271039086	0.00398918570321	-0.0912936606186	-0.00431933690181	0.0384427509997	-0.0194459729325	1.0	0.032610770982	0.0492036303028	-0.0457874678615	-0.0217049051176	-0.0150345900383	-0.00116992113143	0.0210560212736	0.0566875040192	0.0262053375778	-0.0293555861443	0.0169836058708	-0.0617991198187	-0.00822000519832	-0.0295055098322	0.00818241463264	-0.0126593461339	-0.00571071019093	0.0143945839798	-0.0172131700195	-0.00713206689288	0.0106405622439	0.0118048109942	-0.000249094200143	0.0351647731002	-0.0177266367449	-0.0317260056156	-0.0183395458274	0.031943098242	-0.0395371755727	-0.0114735989251	0.0172035230954	0.0353573098111	0.0443731688942
k__Bacteria;p__Firmicutes;c__Clostridia;o__Clostridiales;f__Lachnospiraceae;g__Roseburia;s__Roseburia_intestinalis	0.0183751785755	-0.0064404538351	-0.00965321481992	0.0128803286937	0.0132229534008	0.0155770448892	0.0470385287972	0.0113543051332	-0.00672057635267	0.0231888528151	0.0309754124523	-0.00469767040393	-0.0101925398661	-0.000601039122709	0.0182773725366	-0.0174318850837	-0.0105943895596	-0.00558867003609	-0.00682112881528	-0.0288499268041	-0.00528555046636	0.0370875166578	-0.0511719084246	0.00934898908447	-0.0165710330935	0.032610770982	1.0	-0.0163814063941	-0.0104840619941	-0.083224780418	-0.00808557095242	0.017199202753	0.00233909777117	-0.0447270743587	0.00567315573315	-0.0381880267156	0.00878834664134	0.0409749627682	-0.0163669157694	-0.0242441536777	-0.00417310813347	0.0206241937173	-0.021938087644	-0.0128212839565	-0.0715248873808	-0.00736286179812	0.0253186783408	0.0495640565576	0.00993556969622	0.00483719740702	-0.0272225706323	-0.0124132967658	0.000661059456238	0.00573820428588	-0.0187440117588	-0.0277659075746	0.00816851775884	-0.0183691981674	-0.0197168467167
k__Bacteria;p__Firmicutes;c__Clostridia;o__Clostridiales;f__Lachnospiraceae;g__Roseburia;s__Roseburia_hominis	-0.0174637976057	-0.040058045897	0.000271804212863	0.0263883978107	0.00924992250403	-0.00542139478232	0.00213697955483	-0.058295149692	-0.047832224645	-0.0262614803553	0.00985871784698	-0.0569449395372	-0.0243657301388	-0.0172758808464	0.0117970570252	0.016266984964	0.0174989832946	-0.0114889226379	0.00779550064091	-0.0189869529452	-0.00573327000023	0.00797375759256	0.0150314412164	0.0209750668767	-0.0557141066005	0.0492036303028	-0.0163814063941	1.0	0.00413145422021	0.01964756137	-0.0420823435784	0.0134577226151	0.01141689225	-0.0433774319083	0.0219593204046	0.00466681110268	0.0316349399163	-0.0155035547928	-0.0482476666882	-0.0209948902144	0.0124978817769	0.0175508405413	-0.0231440365124	0.0649911463168	0.0440338975069	-0.0494689149472	-0.032078521888	0.00881938120764	0.00201859744588	-0.0173829296179	-0.0279144552067	0.0474781993547	-0.0343680458347	-0.0136918037345	-0.0354488181647	-0.0346555968374	-0.0121921095312	-0.00646577992583	0.0127964474763
k__Bacteria;p__Bacteroidetes;c__Bacteroidia;o__Bacteroidales;f__Porphyromonadaceae;g__Parabacteroides;s__Parabacteroides_johnsonii	0.0807590228	0.0102893342945	0.0218842821453	-0.0249742377536	0.0193011326503	0.0329340029613	0.029259753398	0.00336559790381	0.0330813205967	-0.0605300975405	-0.0129187941452	-0.0478885340312	0.0129044460851	-0.00959410410535	-0.0633848272137	0.0198618002664	-0.00104721227664	0.00810794801062	-0.0145867773705	-0.000440394897503	-0.0122013188714	-0.0432754429299	0.0364142849441	-0.0466849324	-0.0205072330908	-0.0457874678615	-0.0104840619941	0.00413145422021	1.0	-0.0111612399931	0.0023605441708	-0.0532804263216	0.00791180933404	0.00837699751083	0.00734771929309	-0.000712925170486	0.0371644516472	-0.0632366283437	-0.0348720290916	-0.00310493458739	-0.0286763151316	-0.00613943148219	0.0133636036273	-0.0409966655182	-0.0132163274207	0.0602727399358	-0.0352439875483	0.0235056015067	0.0189901720073	-0.00824805064678	0.00168289624905	-0.0598979686158	-0.026735393591	0.00156340007913	-0.00346796050519	-0.0327298520237	-0.0340596186482	0.0133405251224	-0.0465268573422
k__Bacteria;p__Actinobacteria;c__Actinobacteria;o__Bifidobacteriales;f__Bifidobacteriaceae;g__Bifidobacterium;s__Bifidobacterium_longum	0.010261643939	0.0236013635405	-0.0225283527348	-0.0215009732838	-0.00174109353774	-0.0152115737614	0.0274413232968	-0.0185419966679	0.0508229706201	-0.0383642424713	0.0515952660756	-0.0559037295706	0.00820974384926	-0.0117544157486	-0.0168045168497	0.0541406707358	-0.0235150891879	-0.0689127976394	0.0445342057902	-0.0101177843832	0.00552369885405	-0.0482343103567	-0.0150075137048	0.0097268718545	0.000307117813384	-0.0217049051176	-0.083224780418	0.01964756137	-0.0111612399931	1.0	-0.0517904902595	0.0459383841741	-0.0629459692695	0.0508174158756	0.0207865068642	0.0249836864851	-0.0320324655472	-0.00746002752387	-0.00536993284541	-0.0514317340682	-0.0182783084334	-0.0131275597126	0.0184387641602	0.0427205963722	-0.00504707885394	-0.00886667630725	-0.027020517948	-0.0132403794834	0.0154684520237	0.0146862735489	-0.00750240138348	-0.0909889343214	-0.0525383139865	0.0345848774693	0.0186563198159	0.0218319823305	0.0874717419063	-0.0342990633673	-0.0330249550857
