#taxonomy	k__Bacteria;p__Bacteroidetes;c__Bacteroidia;o__Bacteroidales;f__Bacteroidaceae;g__Bacteroides;s__Bacteroides_vulgatus	k__Bacteria;p__Bacteroidetes;c__Bacteroidia;o__Bacteroidales;f__Bacteroidaceae;g__Bacteroides;s__Bacteroides_uniformis	k__Bacteria;p__Bacteroidetes;c__Bacteroidia;o__Bacteroidales;f__Rikenellaceae;g__Alistipes;s__Alistipes_putredinis	k__Bacteria;p__Bacteroidetes;c__Bacteroidia;o__Bacteroidales;f__Prevotellaceae;g__Prevotella;s__Prevotella_copri	k__Bacteria;p__Bacteroidetes;c__Bacteroidia;o__Bacteroidales;f__Bacteroidaceae;g__Bacteroides;s__Bacteroides_stercoris	k__Bacteria;p__Bacteroidetes;c__Bacteroidia;o__Bacteroidales;f__Bacteroidaceae;g__Bacteroides;s__Bacteroides_ovatus	k__Bacteria;p__Bacteroidetes;c__Bacteroidia;o__Bacteroidales;f__Rikenellaceae;g__Alistipes;s__Alistipes_shahii	k__Bacteria;p__Firmicutes;c__Clostridia;o__Clostridiales;f__Ruminococcaceae;g__Faecalibacterium;s__Faecalibacterium_prausnitzii	k__Bacteria;p__Bacteroidetes;c__Bacteroidia;o__Bacteroidales;f__Rikenellaceae;g__Alistipes;s__Alistipes_finegoldii	k__Bacteria;p__Bacteroidetes;c__Bacteroidia;o__Bacteroidales;f__Porphyromonadaceae;g__Parabacteroides;s__Parabacteroides_distasonis	k__Bacteria;p__Bacteroidetes;c__Bacteroidia;o__Bacteroidales;f__Bacteroidaceae;g__Bacteroides;s__Bacteroides_thetaiotaomicron	k__Bacteria;p__Bacteroidetes;c__Bacteroidia;o__Bacteroidales;f__Bacteroidaceae;g__Bacteroides;s__Bacteroides_coprocola	k__Bacteria;p__Bacteroidetes;c__Bacteroidia;o__Bacteroidales;f__Bacteroidaceae;g__Bacteroides;s__Bacteroides_cellulosilyticus	k__Bacteria;p__Bacteroidetes;c__Bacteroidia;o__Bacteroidales;f__Rikenellaceae;g__Alistipes;s__Alistipes_obesi	k__Bacteria;p__Firmicutes;c__Clostridia;o__Clostridiales;f__Lachnospiraceae;g__;s__[Eubacterium]_rectale	k__Bacteria;p__Bacteroidetes;c__Bacteroidia;o__Bacteroidales;f__Bacteroidaceae;g__Bacteroides;s__Bacteroides_plebeius	k__Bacteria;p__Bacteroidetes;c__Bacteroidia;o__Bacteroidales;f__Bacteroidaceae;g__Bacteroides;s__Bacteroides_fragilis	k__Bacteria;p__Proteobacteria;c__Betaproteobacteria;o__Burkholderiales;f__Sutterellaceae;g__Sutterella;s__Sutterella_wadsworthensis	k__Bacteria;p__Bacteroidetes;c__Bacteroidia;o__Bacteroidales;f__Porphyromonadaceae;g__Barnesiella;s__Barnesiella_intestinihominis	k__Bacteria;p__Bacteroidetes;c__Bacteroidia;o__Bacteroidales;f__Odoribacteraceae;g__Odoribacter;s__Odoribacter_splanchnicus	k__Bacteria;p__Bacteroidetes;c__Bacteroidia;o__Bacteroidales;f__Bacteroidaceae;g__Bacteroides;s__Bacteroides_salyersiae	k__Bacteria;p__Firmicutes;c__Clostridia;o__Clostridiales;f__Ruminococcaceae;g__Ruminiclostridium;s__[Eubacterium]_siraeum	k__Bacteria;p__Proteobacteria;c__Betaproteobacteria;o__Burkholderiales;f__Sutterellaceae;g__Parasutterella;s__Parasutterella_excrementihominis	k__Bacteria;p__Actinobacteria;c__Actinobacteria;o__Bifidobacteriales;f__Bifidobacteriaceae;g__Bifidobacterium;s__Bifidobacterium_adolescentis	k__Bacteria;p__Firmicutes;c__Clostridia;o__Clostridiales;f__Oscillospiraceae;g__Oscillibacter;s__Oscillibacter_sp._KLE_1745	k__Bacteria;p__Bacteroidetes;c__Bacteroidia;o__Bacteroidales;f__Bacteroidaceae;g__Bacteroides;s__Bacteroides_coprophilus	k__Bacteria;p__Firmicutes;c__Clostridia;o__Clostridiales;f__Lachnospiraceae;g__Roseburia;s__Roseburia_intestinalis	k__Bacteria;p__Firmicutes;c__Clostridia;o__Clostridiales;f__Lachnospiraceae;g__Roseburia;s__Roseburia_hominis	k__Bacteria;p__Bacteroidetes;c__Bacteroidia;o__Bacteroidales;f__Porphyromonadaceae;g__Parabacteroides;s__Parabacteroides_johnsonii	k__Bacteria;p__Actinobacteria;c__Actinobacteria;o__Bifidobacteriales;f__Bifidobacteriaceae;g__Bifidobacterium;s__Bifidobacterium_longum	k__Bacteria;p__Firmicutes;c__Clostridia;o__Clostridiales;f__;g__Flavonifractor;s__Flavonifractor_plautii	k__Bacteria;p__Firmicutes;c__Clostridia;o__Clostridiales;f__Clostridiaceae;g__Clostridium;s__Clostridium_phoceensis	k__Bacteria;p__Verrucomicrobia;c__Verrucomicrobiae;o__Verrucomicrobiales;f__Akkermansiaceae;g__Akkermansia;s__Akkermansia_muciniphila	k__Bacteria;p__Bacteroidetes;c__Bacteroidia;o__Bacteroidales;f__Prevotellaceae;g__Paraprevotella;s__Paraprevotella_xylaniphila	k__Bacteria;p__Firmicutes;c__Clostridia;o__Clostridiales;f__Ruminococcaceae;g__Ruminococcus;s__Ruminococcus_callidus	k__Bacteria;p__Bacteroidetes;c__Bacteroidia;o__Bacteroidales;f__Rikenellaceae;g__Alistipes;s__Alistipes_senegalensis	k__Bacteria;p__Firmicutes;c__Clostridia;o__Clostridiales;f__Lachnospiraceae;g__Blautia;s__Blautia_sp._KLE_1732	k__Bacteria;p__Bacteroidetes;c__Bacteroidia;o__Bacteroidales;f__Bacteroidaceae;g__Bacteroides;s__Bacteroides_oleiciplenus	k__Bacteria;p__Firmicutes;c__Clostridia;o__Clostridiales;f__Ruminococcaceae;g__Ruminococcus;s__Ruminococcus_bicirculans	k__Bacteria;p__Bacteroidetes;c__Bacteroidia;o__Bacteroidales;f__Bacteroidaceae;g__Bacteroides;s__Bacteroides_fluxus	k__Bacteria;p__Bacteroidetes;c__Bacteroidia;o__Bacteroidales;f__Prevotellaceae;g__Prevotella;s__Prevotella_stercorea	k__Bacteria;p__Firmicutes;c__Clostridia;o__Clostridiales;f__Lachnospiraceae;g__Dorea;s__Dorea_longicatena	k__Bacteria;p__Firmicutes;c__Clostridia;o__Clostridiales;f__Eubacteriaceae;g__Eubacterium;s__[Eubacterium]_eligens	k__Bacteria;p__Firmicutes;c__Clostridia;o__Clostridiales;f__Ruminococcaceae;g__;s__Ruminococcaceae_bacterium_D16	k__Bacteria;p__Firmicutes;c__Clostridia;o__Clostridiales;f__Lachnospiraceae;g__Coprococcus;s__Coprococcus_comes	k__Bacteria;p__Proteobacteria;c__Gammaproteobacteria;o__Enterobacterales;f__Enterobacteriaceae;g__Escherichia;s__Escherichia_coli	k__Bacteria;p__Firmicutes;c__Clostridia;o__Clostridiales;f__Ruminococcaceae;g__Anaerotruncus;s__Anaerotruncus_colihominis	k__Bacteria;p__Firmicutes;c__Clostridia;o__Clostridiales;f__Lachnospiraceae;g__Blautia;s__Blautia_obeum	k__Bacteria;p__Bacteroidetes;c__Bacteroidia;o__Bacteroidales;f__Odoribacteraceae;g__Odoribacter;s__Odoribacter_laneus	k__Bacteria;p__Firmicutes;c__Clostridia;o__Clostridiales;f__Ruminococcaceae;g__Ruminiclostridium;s__[Clostridium]_leptum	k__Bacteria;p__Bacteroidetes;c__Bacteroidia;o__Bacteroidales;f__Porphyromonadaceae;g__Parabacteroides;s__Parabacteroides_goldsteinii	k__Bacteria;p__Firmicutes;c__Clostridia;o__Clostridiales;f__Lachnospiraceae;g__Anaerostipes;s__Anaerostipes_hadrus	k__Bacteria;p__Firmicutes;c__Clostridia;o__Clostridiales;f__Ruminococcaceae;g__Ruminococcus;s__Ruminococcus_lactaris	k__Bacteria;p__Firmicutes;c__Clostridia;o__Clostridiales;f__Clostridiaceae;g__Clostridium;s__Clostridium_sp._L2-50	k__Bacteria;p__Firmicutes;c__Clostridia;o__Clostridiales;f__Clostridiaceae;g__Clostridium;s__Clostridium_sp._M62/1	k__Bacteria;p__Firmicutes;c__Clostridia;o__Clostridiales;f__;g__Intestinimonas;s__Intestinimonas_butyriciproducens	k__Bacteria;p__Actinobacteria;c__Actinobacteria;o__Bifidobacteriales;f__Bifidobacteriaceae;g__Bifidobacterium;s__Bifidobacterium_bifidum	k__Bacteria;p__Firmicutes;c__Negativicutes;o__Veillonellales;f__Veillonellaceae;g__Dialister;s__Dialister_invisus	k__Bacteria;p__Bacteroidetes;c__Bacteroidia;o__Bacteroidales;f__Bacteroidaceae;g__Bacteroides;s__Bacteroides_salanitronis
k__Bacteria;p__Bacteroidetes;c__Bacteroidia;o__Bacteroidales;f__Bacteroidaceae;g__Bacteroides;s__Bacteroides_vulgatus	1.0	0.0111964246201	-0.0197479719207	-0.0150047575005	0.0195059667411	-0.0199010015421	0.0266191729281	-0.0423575597733	-0.0314342342846	0.0356269134325	-0.00901741298301	0.00546505798503	0.0498503432254	0.0204323196411	-0.0748031145276	-0.048164711194	0.0338659492967	0.0238301815025	-0.0286209094487	-0.025140979074	-0.0248736429898	-0.00221291809555	-0.000993151426517	0.0368851764566	0.033836485128	0.00132582224154	-0.0588466649819	0.0310468412477	-0.018821670377	-0.0311800837911	0.0355145182789	-0.0182611548429	-0.0234938577913	0.052624065998	-0.0879771259414	-0.0427811760822	0.0277849315532	-0.0363389279725	-0.026888040515	-0.0339538105111	0.017757249486	0.0177795773825	-0.0570886318838	0.0328371964093	-0.0527845689076	-0.0250250470326	-0.0176350407619	0.0332338523519	-0.103291874632	-0.034416071806	0.0145998738821	-0.0301623836766	0.0384275460401	-0.0579014592376	-0.000268434971	0.0235514864401	-0.0210664662821	-0.00320239708638	0.0282228058996
k__Bacteria;p__Bacteroidetes;c__Bacteroidia;o__Bacteroidales;f__Bacteroidaceae;g__Bacteroides;s__Bacteroides_uniformis	0.0111964246201	1.0	-0.0245018778476	-0.0619472834877	0.0633983286923	0.0758918412743	0.0297535163669	0.0652646289855	-0.0138259611027	-0.0263190809217	-0.0975577765783	-0.0475883433348	-0.00551213696512	-0.00832373298988	-0.00665865251978	-0.0185399002716	-0.0454169885433	0.0167832850769	0.0301881663529	-0.0308066039187	-0.0211715535575	-0.0010269669068	-0.0543928514166	0.0170448684192	0.033260851919	0.0350865447908	-0.0130928210994	-0.0681082075534	0.00227363182073	0.00792177476499	-0.060546258574	0.022921152833	0.00536064765517	0.0139961423097	-0.0427440670953	-0.0507413170463	-0.0112451497321	0.0244541453998	0.0138118869275	-0.0686894050462	0.0400981991642	-0.0252989988378	-0.00677759087611	-0.003518026891	-0.0328066036398	-0.0131149300322	-0.0328846533274	0.0146744101903	-0.0321205102955	0.0323727088834	-0.0169503340775	-0.000833587383373	-0.0186096307845	0.0273504779838	0.0189278053129	0.0397005344433	-0.0412649742876	-0.0147478593389	0.0235629605504
k__Bacteria;p__Bacteroidetes;c__Bacteroidia;o__Bacteroidales;f__Rikenellaceae;g__Alistipes;s__Alistipes_putredinis	-0.0197479719207	-0.0245018778476	1.0	0.0302965176817	-0.0227800183074	0.00437819871035	-0.00517158757721	-0.051961679889	0.0111298335588	0.00158783450823	0.0155433181419	0.0729428417284	-0.0332381197251	0.0117161195658	0.0245845328534	0.0250303851334	-0.0350595554531	0.0055736160066	-0.00104093137262	-0.0392600437535	-0.0606945833571	0.000279833770832	0.00440188753441	0.0414443155916	0.0456599414704	-0.0201281851296	-0.0374603314366	0.0070955183302	0.0109114157748	0.0162124781772	0.046017924208	-0.00400221736708	-0.0631889359759	-0.021108158914	0.0199172459944	-0.067682546254	-0.00902106750776	-0.0560474506855	0.038857705186	-0.013679768307	0.00276341125787	-0.0247890633149	0.0263577037565	-0.0561605194602	-0.015653160076	0.00662509599703	-0.0386393731068	-0.0111820393708	0.036919668372	0.0217143675148	-0.00783022487131	0.0193248719293	-0.00954720275092	-0.0317159668013	0.0102032824541	0.0107514513011	0.0400554192812	-0.0420360552711	0.00351830717153
k__Bacteria;p__Bacteroidetes;c__Bacteroidia;o__Bacteroidales;f__Prevotellaceae;g__Prevotella;s__Prevotella_copri	-0.0150047575005	-0.0619472834877	0.0302965176817	1.0	0.00717847399857	-0.0119866685499	0.0522124841562	0.00411978253677	0.00519155711811	-0.024523074107	0.0109819263232	0.01744352279	0.00658931654794	0.00555915568982	-0.0573142139938	-0.0285379120273	0.00880184870036	-0.0238930797125	-0.0120667730778	-3.57851529243e-05	-0.00451346384142	-0.000905450055842	-0.011170405004	-0.0166263774739	0.00595950660996	0.0364682955012	0.0566366089133	-0.0121836534592	-0.0241356494413	0.020073686276	0.0179587979141	-0.0571352301408	-0.0412860761296	-0.060056251653	-0.0296411109754	0.0622539071103	-0.0190271172519	-0.0024359012236	-0.0447353626133	-0.0450992725429	-0.00332659619636	0.00546479315702	-0.010095810584	-0.0266177640009	0.0633845658761	-0.0280141059776	-0.0769641625858	0.0181304866727	-0.0610020735144	0.0344201386321	0.0799591441127	-0.0468227400014	-0.0026927151214	0.018354062977	0.0547167409917	-0.0324509266744	-0.0249091380817	-0.00141995355043	-0.0322589057364
k__Bacteria;p__Bacteroidetes;c__Bacteroidia;o__Bacteroidales;f__Bacteroidaceae;g__Bacteroides;s__Bacteroides_stercoris	0.0195059667411	0.0633983286923	-0.0227800183074	0.00717847399857	1.0	-0.0569113331253	-0.0024078462811	-0.0498305617753	0.0201887877412	-0.0274199425264	0.0220841712577	-0.0209248715251	-0.0189649252914	-0.0025753075625	-0.0458660868471	-0.0952034563099	-0.0197890042917	0.00542916987917	-0.00202218177998	0.00186215395678	-0.0181080995009	0.0361440273005	0.0262255367975	-0.00869069147545	-0.0117864696505	0.0207009109549	-0.00311557984983	-0.0700957690029	0.00722220472219	-0.0233212683211	-0.00261457172512	0.107369832387	0.0140276051586	0.00386499772107	-0.0277618477671	0.0240876224568	-0.0258070891023	-0.0220630333152	-0.00428179078382	0.00655623202396	-0.0129504251807	-0.0227439541799	-0.0186419505981	-0.0207403435775	-0.0565260806344	0.0281018630232	-0.0139129630827	-0.0342133902489	0.0451495591931	-0.0164354535066	-0.0408660681134	0.0345751207449	0.0301889096653	0.0383856542664	0.0110349936023	-0.0786871413805	0.0194717231157	0.000971107988173	-0.0265194923945
k__Bacteria;p__Bacteroidetes;c__Bacteroidia;o__Bacteroidales;f__Bacteroidaceae;g__Bacteroides;s__Bacteroides_ovatus	-0.0199010015421	0.0758918412743	0.00437819871035	-0.0119866685499	-0.0569113331253	1.0	-0.0720686945433	0.0171389203813	0.0186255005362	0.0192783640205	0.00182810632091	-0.0311486337754	-0.01022692863	-0.0470729056025	-0.0231602863928	-0.0175941188653	-0.0472549692123	-0.0306488307013	-0.074713350022	0.0373807566607	-0.0142555457813	0.0482452164894	0.0144630089834	-0.025252244834	-0.042589607159	-0.105810267571	0.0317106585443	0.0221277511931	0.00230352790399	0.0155881677133	-0.0124024655218	0.0174830060582	0.0150105044493	0.0111630502835	-0.00788367664767	0.00405587714913	-0.015825618493	0.00979316606261	0.0607271677097	-0.0727476787849	0.0111640404656	-0.0438126129678	0.0601382043659	-0.0110536831836	-0.0200757548754	0.0628924887991	0.0120657585263	0.00595151088982	0.00482290650713	0.0564334011158	-0.025458901952	-0.0619584585922	0.0660052386227	-0.0762414111003	0.0669862223495	0.00629823540202	-0.0235026149323	0.0325783028885	-0.0270158386522
k__Bacteria;p__Bacteroidetes;c__Bacteroidia;o__Bacteroidales;f__Rikenellaceae;g__Alistipes;s__Alistipes_shahii	0.0266191729281	0.0297535163669	-0.00517158757721	0.0522124841562	-0.0024078462811	-0.0720686945433	1.0	-0.00193632222857	-0.045481684863	-0.0436521859887	0.0299746016739	0.00938624088343	0.0381975190087	0.0245629273345	-0.0284047087119	0.0369672842897	-0.038543244796	-0.0126608842681	0.0346233964602	-0.0236687124708	-0.0234920325374	-0.0212529917972	-0.00929270027652	-0.0210670901734	-0.00491732590805	-0.0186630252316	-0.023409327983	-0.0152014476886	0.0119856954672	-0.0217360009559	-0.0193726901486	0.0255648121832	0.00221445036292	-0.0519591875976	-0.0608979321066	0.0173166706371	-0.0445832478626	-0.0426030122202	-0.0149148328287	-0.00263702307791	0.0119015941548	-0.0101339956074	0.0270018948433	0.0237767150218	0.0335071147228	-0.032309895467	0.0142473875069	-0.0487654452649	0.0106110120746	-0.0220158014759	0.0234157442954	-0.0349802797918	0.0234941737686	0.020747134957	-0.0286311456707	-0.00274291792831	-0.0248439348792	-0.0123208272156	0.0374725937965
k__Bacteria;p__Firmicutes;c__Clostridia;o__Clostridiales;f__Ruminococcaceae;g__Faecalibacterium;s__Faecalibacterium_prausnitzii	-0.0423575597733	0.0652646289855	-0.051961679889	0.00411978253677	-0.0498305617753	0.0171389203813	-0.00193632222857	1.0	0.0373985738895	-0.0165563303224	-0.0250726063105	0.0648409952665	-0.0736972971498	-0.0322178258356	0.00651525107073	-0.0330162340709	0.0181563455629	0.0273359664829	0.0130032367015	0.0576079178968	-0.00236611853799	-0.0303073694791	-0.00656968486913	0.0116508160532	0.0312566443483	0.00541335500516	-0.0364870145097	-0.0062992062483	-0.0223067301589	-0.0281438441141	0.0448668052218	-0.0404428722786	0.0157087614937	-0.0377285455091	0.0123950430601	-0.0474199721201	-0.0564056477809	0.0165586649308	-0.00797723269215	-0.0265847131146	-0.0291826176998	0.0526504546574	-0.0273501369752	0.029839516501	-0.0811327987478	-0.0264430854188	-0.0233972911363	0.0359693445499	-0.048525782585	0.0392118267172	-0.0583458525844	-0.032378113143	0.00944242869184	-0.0432472192169	-0.0620293973725	0.00926699892847	-0.00323367924981	-0.000815226458327	-0.0333675122974
k__Bacteria;p__Bacteroidetes;c__Bacteroidia;o__Bacteroidales;f__Rikenellaceae;g__Alistipes;s__Alistipes_finegoldii	-0.0314342342846	-0.0138259611027	0.0111298335588	0.00519155711811	0.0201887877412	0.0186255005362	-0.045481684863	0.0373985738895	1.0	-0.0365422526307	-0.050362695497	-0.028193813602	-0.0109413175831	0.00963440903935	0.0342215048471	0.0119919619647	0.0125216060295	-0.0490423597317	0.0422757758843	-0.03185022035	-0.0227653567304	0.0150695671839	0.00766699380372	0.00396444135779	-0.0373666882539	-0.0389542878784	0.00491903958159	-0.0340249203032	-0.0681612353522	-0.0238348914481	-0.00591516838755	0.00386124005704	-0.0187799413319	0.0156996310915	0.0214159777854	0.033897188079	0.026509004876	0.0571300201452	-0.030991983506	0.00277104296464	0.0126527843653	-0.033302083112	-0.00684152197973	-0.0605297047251	-0.0373871088375	-0.0296322410583	-0.0100734396293	0.00609159827639	0.00909691922658	0.00464522720483	-0.0268479678539	-0.0154405793227	0.0818024765879	-0.010982597468	-0.0088964554342	-0.0258727298242	-0.0293864325497	0.0538647170715	-0.000191973805037
k__Bacteria;p__Bacteroidetes;c__Bacteroidia;o__Bacteroidales;f__Porphyromonadaceae;g__Parabacteroides;s__Parabacteroides_distasonis	0.0356269134325	-0.0263190809217	0.00158783450823	-0.024523074107	-0.0274199425264	0.0192783640205	-0.0436521859887	-0.0165563303224	-0.0365422526307	1.0	0.0201860665651	0.11538581842	0.0186265844168	-0.0313035045092	-0.0594731754692	-0.0205490087955	0.000586729319279	0.0360876718174	-0.0114736487582	-0.0826626120538	0.00917383269515	-0.0456877074799	0.0405127321594	-0.039106071971	0.0257886032716	0.0124056292926	-0.0735963726689	-0.0323829091862	-0.0222347673778	-0.0130421679037	0.0120493667404	-0.043647115821	0.0617401061779	0.0209527821312	0.00191046007982	-0.0277786478507	0.0375544296516	0.0358159885727	-0.0240338171143	0.07601047593	-0.0231577391835	-0.0738238762873	-0.0575765977959	-0.00148326121503	0.0216951216774	-0.0100043128504	0.05125125758	-0.0117734348575	-0.0451263015238	-0.0315732220467	0.0307411474201	-0.0675208930198	-0.0275274312763	-0.0132552119247	-0.0425266163743	-0.00455487338071	0.0165021209876	-0.00719126396878	0.0173317655841
k__Bacteria;p__Bacteroidetes;c__Bacteroidia;o__Bacteroidales;f__Bacteroidaceae;g__Bacteroides;s__Bacteroides_thetaiotaomicron	-0.00901741298301	-0.0975577765783	0.0155433181419	0.0109819263232	0.0220841712577	0.00182810632091	0.0299746016739	-0.0250726063105	-0.050362695497	0.0201860665651	1.0	0.0017422783041	0.0607171334589	-0.0591483026498	-0.0163168090472	-0.00432704055527	-0.0774418595251	0.00270536418512	0.0276682923226	-0.0358461551563	-0.000872745003717	0.000601110609652	-0.00429327878886	0.0180852894542	-0.0157769065534	0.00188166987617	-0.0763586621637	0.0178942416611	0.0286257259534	-0.0373517886453	-0.0197967866949	-0.026732163412	-0.00127276014872	0.0411237055021	-0.0215560980534	0.0199373594169	0.0165666547889	-0.050334397299	-0.0341214476855	0.00453692910928	0.00293925832445	0.0568831946171	0.026168979002	-0.0175573064594	0.064239172901	0.0426412109873	0.00146224948643	-0.0406417006248	0.0142737456129	-0.0313885053333	-0.0104054771932	0.0387649634869	-0.0417164780003	-0.0138789648921	0.0285966241348	-0.0211102172798	0.0226075408304	0.0270496306907	-0.0584621681593
k__Bacteria;p__Bacteroidetes;c__Bacteroidia;o__Bacteroidales;f__Bacteroidaceae;g__Bacteroides;s__Bacteroides_coprocola	0.00546505798503	-0.0475883433348	0.0729428417284	0.01744352279	-0.0209248715251	-0.0311486337754	0.00938624088343	0.0648409952665	-0.028193813602	0.11538581842	0.0017422783041	1.0	0.00384396430462	-0.0523855322675	-0.0027928335777	0.00390323642176	0.0247486895243	-0.0286239774827	-0.0634757763481	-0.0302278791107	0.0522556658193	-0.0526044353743	-0.0769370796699	0.0256615288574	0.030402679026	-0.00934220945457	-0.0452190556524	-0.00305437904395	0.0175212053003	-0.0352108256427	0.00151933801089	0.026709477763	-0.00228340117745	-0.0563459525632	-0.0125527993772	-0.0734127282868	-0.0440464598936	-0.00458126490227	-0.0905953067069	0.007463779249	-0.0183540718491	-0.0200361098833	-0.0148460489738	-0.0210955210937	-0.0182346406464	-0.021911877478	0.00269883053643	0.00112942578161	-0.000940724260999	-0.0218615656278	0.0527658736876	-0.03209728958	1.43719052276e-05	0.0204223819242	0.000637335554396	-0.00204024286737	0.042451739079	0.00524036836731	-0.0241342145938
k__Bacteria;p__Bacteroidetes;c__Bacteroidia;o__Bacteroidales;f__Bacteroidaceae;g__Bacteroides;s__Bacteroides_cellulosilyticus	0.0498503432254	-0.00551213696512	-0.0332381197251	0.00658931654794	-0.0189649252914	-0.01022692863	0.0381975190087	-0.0736972971498	-0.0109413175831	0.0186265844168	0.0607171334589	0.00384396430462	1.0	-0.0119449520195	0.0390780615385	0.0029532098458	-0.0181790383775	0.0188431672081	-0.00817928332269	-0.0135593814406	-0.0763694996639	-0.00837316771944	-0.0372182596209	0.0255182592856	-0.0494843574591	-0.0159991255399	0.0109237411077	0.0501623080787	0.00408886630518	0.0301507966645	-0.0274393467526	-0.053498686973	-0.0382887504569	-0.0354884128214	-0.016776844649	0.0566265539934	-0.0253160910082	-0.0327098213072	-0.00832388638006	0.0528106475193	-0.00719063023115	0.0319958117314	-0.0407482230622	-0.0457838470779	-0.0254772606164	-0.0257229930434	0.00744299607677	-0.00162210204284	-0.054215953535	-0.022973907747	-0.0189386453208	-0.0063449260689	-0.0352130179698	0.00736087474552	-0.0710816135106	-0.0376731467768	0.00317712612415	0.00254729795245	-0.0596138822757
k__Bacteria;p__Bacteroidetes;c__Bacteroidia;o__Bacteroidales;f__Rikenellaceae;g__Alistipes;s__Alistipes_obesi	0.0204323196411	-0.00832373298988	0.0117161195658	0.00555915568982	-0.0025753075625	-0.0470729056025	0.0245629273345	-0.0322178258356	0.00963440903935	-0.0313035045092	-0.0591483026498	-0.0523855322675	-0.0119449520195	1.0	0.00272694460412	0.0133238207829	0.0270730195045	0.000811910045471	-0.0362890660301	0.0600929257981	0.0410720279071	-0.0115557894644	0.0230859612867	-0.0612239829794	0.0347323805632	-0.0780181816354	0.0625957327274	-0.0158829291296	-0.0338903724369	0.101747202998	-0.0345055533236	-0.0277362919989	0.0425438359138	0.0203010555326	-0.0403442796194	-0.0352351862488	0.00205147930617	0.00228339176116	-0.00586271359251	0.0125485922724	0.00649578757365	-0.016649124675	0.00918384391715	0.0372855442412	-0.0201548798465	-0.0556135837746	-0.0256040217152	-0.0262945403588	0.0438138393252	-0.0140715238095	0.0211279347427	0.0342509779775	0.00476159444513	-0.0715369133914	-0.0206903231569	-0.0104806533502	-0.00616417679762	-0.0103118276588	0.0123306239208
k__Bacteria;p__Firmicutes;c__Clostridia;o__Clostridiales;f__Lachnospiraceae;g__;s__[Eubacterium]_rectale	-0.0748031145276	-0.00665865251978	0.0245845328534	-0.0573142139938	-0.0458660868471	-0.0231602863928	-0.0284047087119	0.00651525107073	0.0342215048471	-0.0594731754692	-0.0163168090472	-0.0027928335777	0.0390780615385	0.00272694460412	1.0	-0.0595837409533	0.0255275249804	0.0321237692953	-0.043075216718	-0.0467722863833	0.00324789468197	-0.0309448453155	-0.0248118181754	0.000365316094546	0.0063607405088	0.0128657594617	0.0109029435796	-0.0852066167717	-0.00211261168062	0.0156807575632	-0.00841583975056	-0.00848503048675	-0.0489118993105	0.0552344703991	-0.0131951105141	-0.0284546073747	-0.0333963346381	0.0117523650846	-0.0272134923162	-0.0217513818899	0.0309628848376	0.0679035666637	-0.012083597818	-0.0567328831835	-0.0603762492029	0.00683173266946	0.048548449887	-0.0161686306803	0.0257216840838	-0.0105883585752	0.0637730579367	-0.0225475711599	-0.0255780560506	0.00464435824349	-0.00399452484387	0.0127482445247	0.0243755903686	0.0319714341454	-0.0423297138078
k__Bacteria;p__Bacteroidetes;c__Bacteroidia;o__Bacteroidales;f__Bacteroidaceae;g__Bacteroides;s__Bacteroides_plebeius	-0.048164711194	-0.0185399002716	0.0250303851334	-0.0285379120273	-0.0952034563099	-0.0175941188653	0.0369672842897	-0.0330162340709	0.0119919619647	-0.0205490087955	-0.00432704055527	0.00390323642176	0.0029532098458	0.0133238207829	-0.0595837409533	1.0	0.00372109304423	-0.0174350836636	-0.0172505850412	0.0503545815775	-0.00644202201196	0.0543411043602	-0.0216917869439	-0.029302404644	-0.011588171561	-0.00412622294958	-0.0877317365338	0.0104484463386	0.0471218973788	-0.0513652671765	0.0188621982334	0.031439162576	0.0194127640221	-0.00385399297616	0.0195771988234	0.00513164568169	-0.0111708922247	0.0279046869294	-0.0419949010333	-0.0652743180488	-0.014249608898	0.0172675425227	-0.0287995120451	0.0280270084489	0.0431086885158	0.0174786564628	0.0184263250736	-0.0257630425557	-0.00363709153199	0.0196451784489	-0.00300431045593	-0.0115147951163	-0.0618264245935	-0.00791819730949	0.0101548644359	0.0316762616899	0.0268397246596	-0.00183633184222	0.00786916926677
k__Bacteria;p__Bacteroidetes;c__Bacteroidia;o__Bacteroidales;f__Bacteroidaceae;g__Bacteroides;s__Bacteroides_fragilis	0.0338659492967	-0.0454169885433	-0.0350595554531	0.00880184870036	-0.0197890042917	-0.0472549692123	-0.038543244796	0.0181563455629	0.0125216060295	0.000586729319279	-0.0774418595251	0.0247486895243	-0.0181790383775	0.0270730195045	0.0255275249804	0.00372109304423	1.0	0.0537387399722	0.066506703017	-0.0344499015947	-0.0191543969256	0.0431602701058	-0.0743095055327	0.0259474922784	-0.0553610277511	0.0265343637866	-0.0679362167266	-0.0822311960318	0.000767331143832	-0.012549634247	0.0138074882357	-0.0319758590049	-0.0225173863868	-0.0268462079713	0.0282712753272	-0.0230938432223	-0.0132038451067	-0.00631542575093	-0.00421491820239	0.0132832387521	-0.00313354405797	-0.00889574339871	-0.0130060887746	-0.00291583878602	0.0235030204988	-0.00771635809772	0.0568500602851	0.0316358697695	-0.024358562053	0.0177601091573	-0.0278392234235	0.0281059242115	0.0632491701886	-0.00551092383962	-0.0181244048114	-0.0430723576751	-0.0129299427053	-0.0304638094591	-0.0113628982609
k__Bacteria;p__Proteobacteria;c__Betaproteobacteria;o__Burkholderiales;f__Sutterellaceae;g__Sutterella;s__Sutterella_wadsworthensis	0.0238301815025	0.0167832850769	0.0055736160066	-0.0238930797125	0.00542916987917	-0.0306488307013	-0.0126608842681	0.0273359664829	-0.0490423597317	0.0360876718174	0.00270536418512	-0.0286239774827	0.0188431672081	0.000811910045471	0.0321237692953	-0.0174350836636	0.0537387399722	1.0	-0.00189225766091	0.0417605868907	-0.0284076315075	-0.0343964323695	-0.0132752353302	0.0104811727085	0.000224018009571	0.0324621228292	-0.0772547819392	-0.020645341074	0.0231786752989	-0.0210596597534	0.00491815869076	-0.0244712262505	0.0024289277278	0.0251754842253	0.0246011581973	0.0344557219855	-0.0147505089549	-0.0319843546871	0.00345331227096	-0.0312069769639	0.00122960235002	-0.00106782224876	0.0206253587861	-0.0044747496839	0.041450800613	0.0579073032985	-0.0335509884392	-0.00799624243038	-0.0403466195799	-0.00830010813863	0.0022586308633	-0.0215907545286	-0.0207724575581	-0.0398368664013	-0.0200304760998	-0.0521567045614	0.0093031632238	-0.021951314111	0.0273232117017
k__Bacteria;p__Bacteroidetes;c__Bacteroidia;o__Bacteroidales;f__Porphyromonadaceae;g__Barnesiella;s__Barnesiella_intestinihominis	-0.0286209094487	0.0301881663529	-0.00104093137262	-0.0120667730778	-0.00202218177998	-0.074713350022	0.0346233964602	0.0130032367015	0.0422757758843	-0.0114736487582	0.0276682923226	-0.0634757763481	-0.00817928332269	-0.0362890660301	-0.043075216718	-0.0172505850412	0.066506703017	-0.00189225766091	1.0	-0.0330205684883	-0.00482193493207	0.00954115507382	0.0413790267057	0.00111304580265	-0.0150210628713	-0.0281319671649	0.00310378072699	-0.00312383268916	-0.0525358228988	0.0148165137949	0.0246084112158	-0.0351568344773	0.0103929472254	0.0369176390033	-0.0224180520317	-0.0478873440549	0.0174323697397	-0.0500674429018	0.00055522903635	0.0411525535576	0.0263054562034	0.024271679529	-0.0701688138451	0.0417005441369	0.0213934735857	0.0220317443101	-0.0431306409037	0.050888204528	-0.0257163192867	0.0485339456404	-0.039012395684	0.0167003396319	0.0205851512752	0.00462615172104	-0.0680253206013	-0.00822223284593	0.0195326359688	-0.00336238161254	-0.0114536622116
k__Bacteria;p__Bacteroidetes;c__Bacteroidia;o__Bacteroidales;f__Odoribacteraceae;g__Odoribacter;s__Odoribacter_splanchnicus	-0.025140979074	-0.0308066039187	-0.0392600437535	-3.57851529243e-05	0.00186215395678	0.0373807566607	-0.0236687124708	0.0576079178968	-0.03185022035	-0.0826626120538	-0.0358461551563	-0.0302278791107	-0.0135593814406	0.0600929257981	-0.0467722863833	0.0503545815775	-0.0344499015947	0.0417605868907	-0.0330205684883	1.0	0.047620152573	-0.0728382082169	0.0536221918687	-0.0178873635227	0.00957738292274	-0.0279120044935	0.0129892983065	-0.00669367029773	-0.0394462021837	0.00483265134721	0.0275006715091	-0.00317521940105	0.00380065668376	-0.0162396292061	0.0201023061399	-0.0441413795471	0.0123415020744	0.036129494987	-0.0510216708963	-0.0393784709966	0.0577029294142	-0.0477259598598	0.0122561723172	-0.00841284836329	0.0237160592006	-0.0174430399858	-0.0214350639013	-0.0246006181667	0.0347669542734	-0.0279730552039	-0.00832390800326	-0.0548604562581	0.0435146805324	-0.0606232462314	0.0460841965428	0.00281285585589	0.0633114247559	-0.0202879142761	-0.0227903455366
k__Bacteria;p__Bacteroidetes;c__Bacteroidia;o__Bacteroidales;f__Bacteroidaceae;g__Bacteroides;s__Bacteroides_salyersiae	-0.0248736429898	-0.0211715535575	-0.0606945833571	-0.00451346384142	-0.0181080995009	-0.0142555457813	-0.0234920325374	-0.00236611853799	-0.0227653567304	0.00917383269515	-0.000872745003717	0.0522556658193	-0.0763694996639	0.0410720279071	0.00324789468197	-0.00644202201196	-0.0191543969256	-0.0284076315075	-0.00482193493207	0.047620152573	1.0	-0.0398418095827	-0.0329971751787	-0.0405066520319	-0.0139868284654	0.00132365474847	0.0134479675519	-0.00244301841377	-0.00841617694447	0.0105015895055	0.00254282572644	-0.0295351051484	-0.000663767208111	-0.0361624162266	-0.0526814873454	0.0361099718282	0.0267228903131	0.0125991496437	0.00488126800028	-0.0143237979435	-0.0662177540674	0.0453391068207	-0.0184949944935	0.0253399106553	-0.0234470803068	-0.0341092536866	0.0444843378591	0.00498928866901	0.0317091265908	-0.0127186189328	-0.0383686251063	-0.00962502128706	0.0463718927213	0.0355856090278	-0.00975179945275	-0.00445227714906	0.015898091506	0.0219210556013	-0.0184160994184
k__Bacteria;p__Firmicutes;c__Clostridia;o__Clostridiales;f__Ruminococcaceae;g__Ruminiclostridium;s__[Eubacterium]_siraeum	-0.00221291809555	-0.0010269669068	0.000279833770832	-0.000905450055842	0.0361440273005	0.0482452164894	-0.0212529917972	-0.0303073694791	0.0150695671839	-0.0456877074799	0.000601110609652	-0.0526044353743	-0.00837316771944	-0.0115557894644	-0.0309448453155	0.0543411043602	0.0431602701058	-0.0343964323695	0.00954115507382	-0.0728382082169	-0.0398418095827	1.0	-0.0208949164459	0.0350494090047	-0.021920032222	0.0435343534972	-0.0444524117204	-0.013560520176	-0.0126488959005	-0.00629650738919	-0.0314508242666	-0.0604585720869	-0.0114190849931	-0.02144097812	0.00566601965662	-0.0115395655005	-0.0307321314846	0.0296400995759	-0.02496985564	0.0332546672912	-0.0115126325736	-0.00437913309105	-0.100905859855	-0.0231768380276	-0.0340829534358	0.0364512166326	0.0471701947851	0.031748787024	-0.00979456271703	0.0407488234145	0.076471187542	0.0025801173216	-0.00382473515027	-0.0070446190475	-0.0312896076248	0.0234579839057	-0.0615220349339	0.0162186616078	-0.0234025247963
k__Bacteria;p__Proteobacteria;c__Betaproteobacteria;o__Burkholderiales;f__Sutterellaceae;g__Parasutterella;s__Parasutterella_excrementihominis	-0.000993151426516	-0.0543928514166	0.00440188753441	-0.011170405004	0.0262255367975	0.0144630089834	-0.00929270027652	-0.00656968486913	0.00766699380372	0.0405127321594	-0.00429327878886	-0.0769370796699	-0.0372182596209	0.0230859612867	-0.0248118181754	-0.0216917869439	-0.0743095055327	-0.0132752353302	0.0413790267057	0.0536221918687	-0.0329971751787	-0.0208949164459	1.0	-0.039267650895	-0.0180945971324	-0.00999268984145	0.043506188477	-0.0574716307631	-0.0213803800964	0.0434134177048	0.00393949411492	-0.0291800370723	-0.0357917554711	-0.0225390387027	0.00824437068281	0.009997276984	0.0201442279201	-0.0234486216174	0.0499882518146	-0.023976294176	-0.0326421734858	-0.015058209875	-0.0047730892465	0.0391901176345	-0.0740020909746	-0.00482620188958	-0.0400426025579	-0.00749157805826	0.00868451822565	0.00884149851038	-0.00299166192339	0.020487326731	-0.0370104070741	0.027363269504	-0.0345438837693	-0.00114914471946	0.0233110991139	-0.0357460105354	-0.0104600014509
k__Bacteria;p__Actinobacteria;c__Actinobacteria;o__Bifidobacteriales;f__Bifidobacteriaceae;g__Bifidobacterium;s__Bifidobacterium_adolescentis	0.0368851764566	0.0170448684192	0.0414443155916	-0.0166263774739	-0.00869069147545	-0.025252244834	-0.0210670901734	0.0116508160532	0.00396444135779	-0.039106071971	0.0180852894542	0.0256615288574	0.0255182592856	-0.0612239829794	0.000365316094546	-0.029302404644	0.0259474922784	0.0104811727085	0.00111304580265	-0.0178873635227	-0.0405066520319	0.0350494090047	-0.039267650895	1.0	0.088311748741	0.0338316307327	-0.01950119762	0.00674351142992	-0.0244687848793	-0.0616310244989	0.0226226669264	0.0154150795279	0.0162363786057	-0.0234912902905	0.0331330269706	-0.0175509329277	-0.0594378935776	0.0302932096641	-0.00283494459063	0.00718765992631	-0.0455587504965	-0.0112614720753	-0.0764696461787	-0.0612855375763	-0.0773005345251	0.0822114132218	0.0313583957976	0.00666450113482	-0.0507533440428	-0.000431922979718	-0.0308482542431	-0.0313545952179	0.0287004000649	-0.0282770930366	-0.0173277308545	-0.00985432311667	-0.035120822291	-0.0296249754053	0.0482197467087
k__Bacteria;p__Firmicutes;c__Clostridia;o__Clostridiales;f__Oscillospiraceae;g__Oscillibacter;s__Oscillibacter_sp._KLE_1745	0.033836485128	0.033260851919	0.0456599414704	0.00595950660996	-0.0117864696505	-0.042589607159	-0.00491732590805	0.0312566443483	-0.0373666882539	0.0257886032716	-0.0157769065534	0.030402679026	-0.0494843574591	0.0347323805632	0.0063607405088	-0.011588171561	-0.0553610277511	0.00022401800957	-0.0150210628713	0.00957738292274	-0.0139868284654	-0.021920032222	-0.0180945971324	0.088311748741	1.0	-0.0128961280639	-0.0529047348297	0.0289068157875	-0.0350442447294	-0.054498457178	0.00505277348197	0.0221404455877	-0.0325787199127	0.0152065665698	-0.0117005537089	0.00362503895444	-0.00499971419634	-0.0355292226182	-0.053642302771	0.0152877286952	-0.0672702010486	-0.00349904579839	0.00836601982604	0.0132811496682	-0.0138136695212	-0.0587531039122	0.0511070290756	-0.0383998701545	-0.0373221132934	-0.0130086999528	0.00859644769374	0.00630373598067	-0.0164671041455	0.00711225503727	0.0143937705271	-0.0193430777869	-0.0674795373783	-0.0101831282205	0.0295683469111
k__Bacteria;p__Bacteroidetes;c__Bacteroidia;o__Bacteroidales;f__Bacteroidaceae;g__Bacteroides;s__Bacteroides_coprophilus	0.00132582224154	0.0350865447908	-0.0201281851296	0.0364682955012	0.0207009109549	-0.105810267571	-0.0186630252316	0.00541335500516	-0.0389542878784	0.0124056292926	0.00188166987617	-0.00934220945457	-0.0159991255399	-0.0780181816354	0.0128657594617	-0.00412622294958	0.0265343637866	0.0324621228292	-0.0281319671649	-0.0279120044935	0.00132365474847	0.0435343534972	-0.00999268984145	0.0338316307327	-0.0128961280639	1.0	0.0316878732828	0.00967225301381	-0.0046324903423	-0.00902267878235	-0.00312522970141	0.0113385846518	-0.0249192096078	-0.0267032570959	-0.0244915798027	-0.0686529081412	-0.0378735606207	-0.0170384725917	0.0454618342984	0.0325981034221	-0.0135078355679	-0.0283207322529	-0.0449815887335	-0.00380880274281	0.0311504635801	-0.0334456259878	0.00350293788111	-0.0273877543838	-0.0210713075039	0.00946359448682	-0.013112703448	-0.00203118764367	0.0186205861774	0.0240797141464	-0.0272722927495	-0.0109937047656	-0.0729959064601	-0.040567798607	0.000270299907341
k__Bacteria;p__Firmicutes;c__Clostridia;o__Clostridiales;f__Lachnospiraceae;g__Roseburia;s__Roseburia_intestinalis	-0.0588466649819	-0.0130928210994	-0.0374603314366	0.0566366089133	-0.00311557984983	0.0317106585443	-0.023409327983	-0.0364870145097	0.00491903958159	-0.0735963726689	-0.0763586621637	-0.0452190556524	0.0109237411077	0.0625957327274	0.0109029435796	-0.0877317365338	-0.0679362167266	-0.0772547819392	0.00310378072699	0.0129892983065	0.0134479675519	-0.0444524117204	0.043506188477	-0.01950119762	-0.0529047348297	0.0316878732828	1.0	-0.064713637347	-0.0213214044051	-0.0097701757418	-0.0205111991457	0.011759591021	0.0299440023491	0.0223036934093	0.0258793035769	0.0473381093897	0.00917612013755	0.0262067175051	-0.0206130252756	-0.0277954363592	-0.0198714034856	-0.004788053062	-0.00575636301471	-0.0213381593841	0.0393220681609	-0.0689104279833	-0.0169568676827	-0.0361419362356	0.0205195024035	-0.0116689535939	-0.000837513444541	-0.0259929001598	-0.0366116693103	0.000299566776906	0.02037674248	0.0336988919207	-0.0465862688232	-0.00664237401393	-0.0148817850788
k__Bacteria;p__Firmicutes;c__Clostridia;o__Clostridiales;f__Lachnospiraceae;g__Roseburia;s__Roseburia_hominis	0.0310468412477	-0.0681082075534	0.0070955183302	-0.0121836534592	-0.0700957690029	0.0221277511931	-0.0152014476886	-0.0062992062483	-0.0340249203032	-0.0323829091862	0.0178942416611	-0.00305437904395	0.0501623080787	-0.0158829291296	-0.0852066167717	0.0104484463386	-0.0822311960318	-0.020645341074	-0.00312383268916	-0.00669367029773	-0.00244301841377	-0.013560520176	-0.0574716307631	0.00674351142992	0.0289068157875	0.00967225301381	-0.064713637347	1.0	0.0394493784712	-0.0617811244053	-0.0178957086447	-0.0561446015608	-0.0156284949873	-0.0132215308307	0.00846913289104	0.0435376420327	0.0343908913156	0.019189752556	0.0213515654877	0.0398821239894	0.0302933321046	0.00278739471016	-0.00883923245093	0.0145274114677	-0.0310281817264	-0.0201693153498	-0.0124037704589	-0.0429017668234	-0.00471198498244	-0.0932201114489	-0.0435842619786	-0.0238898673653	0.00722469599101	-0.0262929677691	-0.0134279712341	0.0183027410258	0.0177676737533	-0.00680896022486	0.0565680934491
k__Bacteria;p__Bacteroidetes;c__Bacteroidia;o__Bacteroidales;f__Porphyromonadaceae;g__Parabacteroides;s__Parabacteroides_johnsonii	-0.018821670377	0.00227363182073	0.0109114157748	-0.0241356494413	0.00722220472219	0.00230352790399	0.0119856954672	-0.0223067301589	-0.0681612353522	-0.0222347673778	0.0286257259534	0.0175212053003	0.00408886630518	-0.0338903724369	-0.00211261168062	0.0471218973788	0.000767331143832	0.0231786752989	-0.0525358228988	-0.0394462021837	-0.00841617694447	-0.0126488959005	-0.0213803800964	-0.0244687848793	-0.0350442447294	-0.0046324903423	-0.0213214044051	0.0394493784712	1.0	-0.0577493186606	0.0228353650409	0.0703553220304	-0.0181945615929	0.0180511692706	0.0403825019722	0.0011473653509	0.0063321693977	0.0122290168148	0.0410468371725	-0.0233184340356	-0.0274279384865	-0.00514000581277	-0.0368719747915	0.00380399102592	-0.00806086477202	-0.0181917095468	0.0160184826345	0.0414591916558	0.00478841196305	-0.0490465247237	-0.0403501162478	0.0150868544692	-0.0442862676509	0.0326538820295	-0.0460212684585	-0.0497664300705	-0.0350419641825	0.00383408704679	-0.0344959172705
k__Bacteria;p__Actinobacteria;c__Actinobacteria;o__Bifidobacteriales;f__Bifidobacteriaceae;g__Bifidobacterium;s__Bifidobacterium_longum	-0.0311800837911	0.00792177476499	0.0162124781772	0.020073686276	-0.0233212683211	0.0155881677133	-0.0217360009559	-0.0281438441141	-0.0238348914481	-0.0130421679037	-0.0373517886453	-0.0352108256427	0.0301507966645	0.101747202998	0.0156807575632	-0.0513652671765	-0.012549634247	-0.0210596597534	0.0148165137949	0.00483265134721	0.0105015895055	-0.00629650738919	0.0434134177048	-0.0616310244989	-0.054498457178	-0.00902267878235	-0.0097701757418	-0.0617811244053	-0.0577493186606	1.0	-0.0520306905919	0.0077921513818	0.0185434505551	0.00202264617884	-0.0604357791979	0.013256050063	-0.0515415163725	0.0136448921264	0.0343553514435	-0.0136006361367	0.00163654401814	-0.0113831883608	-0.0326062829706	-0.0111618242112	0.0264412260326	-0.0763921320752	0.0445408661178	-0.0227474211196	0.0132102765996	-0.0726876073761	-0.00086625248361	-0.0192952749104	0.00196496650727	-0.00217952402264	0.0179051446043	-0.0335637221496	0.00429835756052	0.0112911989903	0.0174168202734
