#taxonomy	k__Bacteria;p__Bacteroidetes;c__Bacteroidia;o__Bacteroidales;f__Bacteroidaceae;g__Bacteroides;s__Bacteroides_vulgatus	k__Bacteria;p__Bacteroidetes;c__Bacteroidia;o__Bacteroidales;f__Bacteroidaceae;g__Bacteroides;s__Bacteroides_uniformis	k__Bacteria;p__Bacteroidetes;c__Bacteroidia;o__Bacteroidales;f__Rikenellaceae;g__Alistipes;s__Alistipes_putredinis	k__Bacteria;p__Bacteroidetes;c__Bacteroidia;o__Bacteroidales;f__Prevotellaceae;g__Prevotella;s__Prevotella_copri	k__Bacteria;p__Bacteroidetes;c__Bacteroidia;o__Bacteroidales;f__Bacteroidaceae;g__Bacteroides;s__Bacteroides_stercoris	k__Bacteria;p__Bacteroidetes;c__Bacteroidia;o__Bacteroidales;f__Bacteroidaceae;g__Bacteroides;s__Bacteroides_ovatus	k__Bacteria;p__Bacteroidetes;c__Bacteroidia;o__Bacteroidales;f__Rikenellaceae;g__Alistipes;s__Alistipes_shahii	k__Bacteria;p__Firmicutes;c__Clostridia;o__Clostridiales;f__Ruminococcaceae;g__Faecalibacterium;s__Faecalibacterium_prausnitzii	k__Bacteria;p__Bacteroidetes;c__Bacteroidia;o__Bacteroidales;f__Rikenellaceae;g__Alistipes;s__Alistipes_finegoldii	k__Bacteria;p__Bacteroidetes;c__Bacteroidia;o__Bacteroidales;f__Porphyromonadaceae;g__Parabacteroides;s__Parabacteroides_distasonis	k__Bacteria;p__Bacteroidetes;c__Bacteroidia;o__Bacteroidales;f__Bacteroidaceae;g__Bacteroides;s__Bacteroides_thetaiotaomicron	k__Bacteria;p__Bacteroidetes;c__Bacteroidia;o__Bacteroidales;f__Bacteroidaceae;g__Bacteroides;s__Bacteroides_coprocola	k__Bacteria;p__Bacteroidetes;c__Bacteroidia;o__Bacteroidales;f__Bacteroidaceae;g__Bacteroides;s__Bacteroides_cellulosilyticus	k__Bacteria;p__Bacteroidetes;c__Bacteroidia;o__Bacteroidales;f__Rikenellaceae;g__Alistipes;s__Alistipes_obesi	k__Bacteria;p__Firmicutes;c__Clostridia;o__Clostridiales;f__Lachnospiraceae;g__;s__[Eubacterium]_rectale	k__Bacteria;p__Bacteroidetes;c__Bacteroidia;o__Bacteroidales;f__Bacteroidaceae;g__Bacteroides;s__Bacteroides_plebeius	k__Bacteria;p__Bacteroidetes;c__Bacteroidia;o__Bacteroidales;f__Bacteroidaceae;g__Bacteroides;s__Bacteroides_fragilis	k__Bacteria;p__Proteobacteria;c__Betaproteobacteria;o__Burkholderiales;f__Sutterellaceae;g__Sutterella;s__Sutterella_wadsworthensis	k__Bacteria;p__Bacteroidetes;c__Bacteroidia;o__Bacteroidales;f__Porphyromonadaceae;g__Barnesiella;s__Barnesiella_intestinihominis	k__Bacteria;p__Bacteroidetes;c__Bacteroidia;o__Bacteroidales;f__Odoribacteraceae;g__Odoribacter;s__Odoribacter_splanchnicus	k__Bacteria;p__Bacteroidetes;c__Bacteroidia;o__Bacteroidales;f__Bacteroidaceae;g__Bacteroides;s__Bacteroides_salyersiae	k__Bacteria;p__Firmicutes;c__Clostridia;o__Clostridiales;f__Ruminococcaceae;g__Ruminiclostridium;s__[Eubacterium]_siraeum	k__Bacteria;p__Proteobacteria;c__Betaproteobacteria;o__Burkholderiales;f__Sutterellaceae;g__Parasutterella;s__Parasutterella_excrementihominis	k__Bacteria;p__Actinobacteria;c__Actinobacteria;o__Bifidobacteriales;f__Bifidobacteriaceae;g__Bifidobacterium;s__Bifidobacterium_adolescentis	k__Bacteria;p__Firmicutes;c__Clostridia;o__Clostridiales;f__Oscillospiraceae;g__Oscillibacter;s__Oscillibacter_sp._KLE_1745	k__Bacteria;p__Bacteroidetes;c__Bacteroidia;o__Bacteroidales;f__Bacteroidaceae;g__Bacteroides;s__Bacteroides_coprophilus	k__Bacteria;p__Firmicutes;c__Clostridia;o__Clostridiales;f__Lachnospiraceae;g__Roseburia;s__Roseburia_intestinalis	k__Bacteria;p__Firmicutes;c__Clostridia;o__Clostridiales;f__Lachnospiraceae;g__Roseburia;s__Roseburia_hominis	k__Bacteria;p__Bacteroidetes;c__Bacteroidia;o__Bacteroidales;f__Porphyromonadaceae;g__Parabacteroides;s__Parabacteroides_johnsonii	k__Bacteria;p__Actinobacteria;c__Actinobacteria;o__Bifidobacteriales;f__Bifidobacteriaceae;g__Bifidobacterium;s__Bifidobacterium_longum	k__Bacteria;p__Firmicutes;c__Clostridia;o__Clostridiales;f__;g__Flavonifractor;s__Flavonifractor_plautii	k__Bacteria;p__Firmicutes;c__Clostridia;o__Clostridiales;f__Clostridiaceae;g__Clostridium;s__Clostridium_phoceensis	k__Bacteria;p__Verrucomicrobia;c__Verrucomicrobiae;o__Verrucomicrobiales;f__Akkermansiaceae;g__Akkermansia;s__Akkermansia_muciniphila	k__Bacteria;p__Bacteroidetes;c__Bacteroidia;o__Bacteroidales;f__Prevotellaceae;g__Paraprevotella;s__Paraprevotella_xylaniphila	k__Bacteria;p__Firmicutes;c__Clostridia;o__Clostridiales;f__Ruminococcaceae;g__Ruminococcus;s__Ruminococcus_callidus	k__Bacteria;p__Bacteroidetes;c__Bacteroidia;o__Bacteroidales;f__Rikenellaceae;g__Alistipes;s__Alistipes_senegalensis	k__Bacteria;p__Firmicutes;c__Clostridia;o__Clostridiales;f__Lachnospiraceae;g__Blautia;s__Blautia_sp._KLE_1732	k__Bacteria;p__Bacteroidetes;c__Bacteroidia;o__Bacteroidales;f__Bacteroidaceae;g__Bacteroides;s__Bacteroides_oleiciplenus	k__Bacteria;p__Firmicutes;c__Clostridia;o__Clostridiales;f__Ruminococcaceae;g__Ruminococcus;s__Ruminococcus_bicirculans	k__Bacteria;p__Bacteroidetes;c__Bacteroidia;o__Bacteroidales;f__Bacteroidaceae;g__Bacteroides;s__Bacteroides_fluxus	k__Bacteria;p__Bacteroidetes;c__Bacteroidia;o__Bacteroidales;f__Prevotellaceae;g__Prevotella;s__Prevotella_stercorea	k__Bacteria;p__Firmicutes;c__Clostridia;o__Clostridiales;f__Lachnospiraceae;g__Dorea;s__Dorea_longicatena	k__Bacteria;p__Firmicutes;c__Clostridia;o__Clostridiales;f__Eubacteriaceae;g__Eubacterium;s__[Eubacterium]_eligens	k__Bacteria;p__Firmicutes;c__Clostridia;o__Clostridiales;f__Ruminococcaceae;g__;s__Ruminococcaceae_bacterium_D16	k__Bacteria;p__Firmicutes;c__Clostridia;o__Clostridiales;f__Lachnospiraceae;g__Coprococcus;s__Coprococcus_comes	k__Bacteria;p__Proteobacteria;c__Gammaproteobacteria;o__Enterobacterales;f__Enterobacteriaceae;g__Escherichia;s__Escherichia_coli	k__Bacteria;p__Firmicutes;c__Clostridia;o__Clostridiales;f__Ruminococcaceae;g__Anaerotruncus;s__Anaerotruncus_colihominis	k__Bacteria;p__Firmicutes;c__Clostridia;o__Clostridiales;f__Lachnospiraceae;g__Blautia;s__Blautia_obeum	k__Bacteria;p__Bacteroidetes;c__Bacteroidia;o__Bacteroidales;f__Odoribacteraceae;g__Odoribacter;s__Odoribacter_laneus	k__Bacteria;p__Firmicutes;c__Clostridia;o__Clostridiales;f__Ruminococcaceae;g__Ruminiclostridium;s__[Clostridium]_leptum	k__Bacteria;p__Bacteroidetes;c__Bacteroidia;o__Bacteroidales;f__Porphyromonadaceae;g__Parabacteroides;s__Parabacteroides_goldsteinii	k__Bacteria;p__Firmicutes;c__Clostridia;o__Clostridiales;f__Lachnospiraceae;g__Anaerostipes;s__Anaerostipes_hadrus	k__Bacteria;p__Firmicutes;c__Clostridia;o__Clostridiales;f__Ruminococcaceae;g__Ruminococcus;s__Ruminococcus_lactaris	k__Bacteria;p__Firmicutes;c__Clostridia;o__Clostridiales;f__Clostridiaceae;g__Clostridium;s__Clostridium_sp._L2-50	k__Bacteria;p__Firmicutes;c__Clostridia;o__Clostridiales;f__Clostridiaceae;g__Clostridium;s__Clostridium_sp._M62/1	k__Bacteria;p__Firmicutes;c__Clostridia;o__Clostridiales;f__;g__Intestinimonas;s__Intestinimonas_butyriciproducens	k__Bacteria;p__Actinobacteria;c__Actinobacteria;o__Bifidobacteriales;f__Bifidobacteriaceae;g__Bifidobacterium;s__Bifidobacterium_bifidum	k__Bacteria;p__Firmicutes;c__Negativicutes;o__Veillonellales;f__Veillonellaceae;g__Dialister;s__Dialister_invisus	k__Bacteria;p__Bacteroidetes;c__Bacteroidia;o__Bacteroidales;f__Bacteroidaceae;g__Bacteroides;s__Bacteroides_salanitronis
k__Bacteria;p__Bacteroidetes;c__Bacteroidia;o__Bacteroidales;f__Bacteroidaceae;g__Bacteroides;s__Bacteroides_vulgatus	1.0	-0.0197884976315	0.0400076695594	0.0210592191605	-0.0471780737141	-0.0198498383463	-0.0393397123037	-0.00520432670959	-0.0326608574603	-0.0646922259332	0.00556991290652	-0.000439698740666	0.0203839370048	-0.0320839279676	0.0468711174749	0.065006399355	0.0171150507231	-0.0115002114168	-0.0311506123843	-0.0164031209992	0.0414111625738	-0.0301476584208	-0.0233575130796	0.0512228155865	-0.01682362689	-0.0176550148439	-0.0986808052978	0.0337652472591	0.00260203503657	0.0320402405122	-0.030568936375	-0.0153852543816	0.0014140168261	0.0168190244351	0.0126024811581	-0.0742807517257	0.0166717673586	0.0134164955127	-0.00776675788011	-0.0292516262874	0.00166632235466	-0.0280266224416	0.0123959104467	-0.0556624453738	-0.0506922896689	-0.0424437691319	-0.0288689734988	0.0349094115533	0.004302002752	-0.00402434340384	-0.00242466363707	0.0351257338137	-0.0319102156079	0.00549569721165	-0.0378868104371	0.0236276056643	-0.00502114027942	-0.0110275044422	-0.043543729496
k__Bacteria;p__Bacteroidetes;c__Bacteroidia;o__Bacteroidales;f__Bacteroidaceae;g__Bacteroides;s__Bacteroides_uniformis	-0.0197884976315	1.0	0.00191070621252	-0.0370079867173	-0.0275596186617	0.00967677779599	-0.00674373148336	0.00934869768229	-0.024825277449	0.0151969251964	-0.00760630386737	-0.0388876418945	0.04890365374	-0.00454542782137	-0.0547798475458	-0.0605098486385	0.003969696438	-0.0120403742015	0.0497032930935	0.0281220684277	-0.00816577464766	0.00865669831131	0.0575826834444	-0.0155848290722	-0.00551777761379	0.0284989111371	-0.0188835048906	0.0106623739379	0.0066626646321	0.000757239129071	0.000266191279812	0.00437096339526	-0.0538721396038	-0.000779633821111	0.0239424821626	0.0192380937541	-0.0348458702509	-0.00105722563934	0.00464023837858	-0.0111789197636	0.0190335144142	0.0109697691332	0.0429204255399	-0.0444296474184	-0.00741851877678	0.0165444511844	0.0362859077762	0.0192181562734	0.0129859845722	0.00556674958931	0.0242123655363	0.0329541310725	-0.00594871631791	-0.038481629882	-0.00600836682437	-0.0117655127044	0.0208484620616	-0.0116772495686	-0.0139696421286
k__Bacteria;p__Bacteroidetes;c__Bacteroidia;o__Bacteroidales;f__Rikenellaceae;g__Alistipes;s__Alistipes_putredinis	0.0400076695594	0.00191070621252	1.0	-0.0176485680156	-0.0113334496615	-0.0294892303298	-0.0293559453791	-0.0354316644875	0.0531359612188	-0.0503044436731	0.00388805087536	-0.0251157176399	-0.00264182497604	0.0219094738234	-0.0102037473098	0.0545919215297	-0.0366549901355	-0.0489750004375	0.0343465505756	-0.00155301329203	0.00556315164965	-0.0152514564688	-0.0471309220557	-0.0324482626772	-0.00475392969839	-0.0238670842884	0.0197065167285	-0.0219631272978	-0.0818231051603	-0.0301138531049	0.0218978090078	0.0186310626139	0.0142500307194	-0.0157039254069	0.0370794998643	0.0792116465823	0.00310164328212	-0.026350339267	0.015026873012	-0.00387079253161	-0.0520702137295	-0.0371391674369	0.0252191265994	-0.0290361643652	0.0165775691983	-0.039242570461	-0.00788130003754	-0.0319619694691	0.0399565014348	0.00405331023004	-0.00720015520176	-0.0291536443399	-0.0206023819019	-0.0150644359667	0.0462122281894	-0.0208478261259	-0.0414744520743	-0.0390996231462	0.0609526661623
k__Bacteria;p__Bacteroidetes;c__Bacteroidia;o__Bacteroidales;f__Prevotellaceae;g__Prevotella;s__Prevotella_copri	0.0210592191605	-0.0370079867173	-0.0176485680156	1.0	-0.0153061925197	-0.0124314192646	-0.00491067734455	-0.0725012388397	-0.0303951239724	0.0230699713152	-0.036583362482	-0.0336190959061	0.0135941585278	0.0563199137793	0.0136225866445	-0.0101572865328	-0.0724344610075	-0.0565312343	-0.0144384602151	-0.0171096092341	0.0191721962864	-0.0384321591545	0.016952425564	-0.0527099032297	0.0741853008772	0.0505615790756	-0.0181982234325	-0.0632248668744	-0.0414186038001	-0.016435008379	-0.013315825577	-0.0338562494329	0.00634738476726	-0.0111403883621	0.066095840642	-0.0550129221083	-0.0451030763683	-0.00529494616578	0.0335292135887	0.00175485831696	-0.0178237493883	0.0240592877024	0.0194527546019	0.0171975484165	0.0122969639298	0.0184478743716	0.00187570268936	-0.00345187905242	0.0294293977955	0.0252905220728	-0.0186922238028	0.00275482269916	-0.0368451851297	0.0185717323358	0.0151272526992	0.0136482387103	-0.0318520024124	-0.0240500564269	-0.0328567708364
k__Bacteria;p__Bacteroidetes;c__Bacteroidia;o__Bacteroidales;f__Bacteroidaceae;g__Bacteroides;s__Bacteroides_stercoris	-0.0471780737141	-0.0275596186617	-0.0113334496615	-0.0153061925197	1.0	-0.041926633177	-0.015629643282	0.00476539682806	0.00823247358057	-0.0403928884615	-0.050020352326	0.01725535253	0.0115248843459	0.0120327403118	-0.0260847584481	0.0305916758524	-0.0425806349229	0.0266221830906	-0.0428574818672	-0.0828114825708	-0.0235076394921	-0.00465896927623	-0.0396778629199	0.0478571607061	0.0381134933419	-0.0489493209343	-0.0354149972023	0.0298923520276	0.0401510647242	0.0335391668845	-0.0336596591035	0.0560358816343	0.0441643687758	-0.0249464081044	0.0338080787092	-0.00524210457421	0.0588765980651	0.00990299259723	-0.0129924481554	-0.0624124228168	0.0823743571366	-0.0101678245332	-0.0437634305634	0.0136758492346	0.00057803880168	-0.00147236916342	-0.0492123259335	0.0300839548399	-0.0322522936998	-0.024637816004	-0.0109205752288	0.028109369394	0.00497570530789	-0.0131042903693	-0.0112271681131	-0.0105392799875	0.0369536129679	-0.00058554463132	0.00238667173057
k__Bacteria;p__Bacteroidetes;c__Bacteroidia;o__Bacteroidales;f__Bacteroidaceae;g__Bacteroides;s__Bacteroides_ovatus	-0.0198498383463	0.00967677779599	-0.0294892303298	-0.0124314192646	-0.041926633177	1.0	-0.0461528062683	0.00602830372646	0.0520562363214	-0.00823342274277	-0.0469356557168	-0.0382396258878	-0.0271249443192	-0.0100446346311	0.0359069659853	0.00597013877764	0.0530724054532	-0.0304417501847	0.00132834674557	-0.0153254214038	-0.0304645788948	-0.025294116302	0.0136206037538	0.0242233793165	0.0532822305304	0.0617451137879	0.033479589144	0.00762032028308	0.0350547208376	-0.0337715675222	-0.0281863120574	-0.0755832173442	-0.00395172555363	-0.00524878056868	0.029109549511	-0.0218114756632	0.00385950838933	0.00281092148043	-0.0199278072319	0.0323736724017	-0.0475358289261	-0.0155512031365	0.0269894553144	0.00548005405125	-0.0136730015157	-0.0372637359422	0.0192045423549	-0.0429426091656	-0.0182458982901	-0.0316763479956	0.0119594264234	-0.029377722097	0.00241547570058	-0.0185683995156	0.000624293611755	-0.0321389562448	-0.0383928643524	-0.0186062461929	-0.0249700420023
k__Bacteria;p__Bacteroidetes;c__Bacteroidia;o__Bacteroidales;f__Rikenellaceae;g__Alistipes;s__Alistipes_shahii	-0.0393397123037	-0.00674373148336	-0.0293559453791	-0.00491067734455	-0.015629643282	-0.0461528062683	1.0	0.0139894683634	0.0078859039638	0.00697733540094	0.0140703171105	0.00841912766194	-0.0376191719101	-0.0264116504343	0.0113452438899	0.01800865078	-0.0670345022985	0.0128524230422	-0.0923871961433	0.0426406072158	-0.00423962922858	0.0932485851371	-0.0150708737318	-0.0506533632713	0.0532212273312	0.0342372528282	-0.00717477566615	-0.0231987844132	-0.0301721405062	-0.00974860916232	-0.034842512462	-0.0293423102725	-0.0488088795746	0.00443750002113	0.0146357532815	-0.0154718870905	-0.0392670177045	0.0170292940145	0.012042986423	0.00885056337183	0.0193745631172	0.00374625437298	0.0442122801621	-0.0175421035102	-0.000230204816108	0.00362169370634	-0.0381731104696	0.00512613696887	-0.104286404918	0.00327798850214	0.0341635934409	-0.0356020716532	0.0163573785092	0.00233678963917	0.0063905526626	-0.00421074068233	-0.0103296375713	0.0275239265569	0.021193556493
k__Bacteria;p__Firmicutes;c__Clostridia;o__Clostridiales;f__Ruminococcaceae;g__Faecalibacterium;s__Faecalibacterium_prausnitzii	-0.00520432670959	0.00934869768229	-0.0354316644875	-0.0725012388397	0.00476539682806	0.00602830372646	0.0139894683634	1.0	-0.0116812286402	0.0485188970169	0.0521049786653	0.0758451162909	0.0280936671444	0.0599220642766	-0.025252342158	-0.0260102181306	-0.00874854353219	0.017237718739	-0.0362434659003	0.0514987315477	-0.0392042856215	0.0244428646749	-0.0270675709873	-0.000797681229088	0.00418827447236	-0.00933301825878	-0.0176643078871	0.0502954142357	-0.032140499367	0.0244991452668	-0.0291928349216	0.0119043420848	-0.0124719391098	-0.0276688240824	-0.0123073665241	0.0145395538677	0.00909564913117	-0.00562312104606	-0.0305074811417	0.00613162807752	-0.0591909182968	-0.0470930581567	-0.0548378004247	0.0393306673507	-0.0163000075877	-0.0317723787104	-0.0402208086723	-0.00116061973824	-0.0219663590044	-0.0255494672241	0.0496516822647	-0.0296454222717	0.00626498141153	-0.0395948436004	-0.0676798263586	-0.0266644390562	-0.0127696791884	-0.0188143174242	0.0196964074391
k__Bacteria;p__Bacteroidetes;c__Bacteroidia;o__Bacteroidales;f__Rikenellaceae;g__Alistipes;s__Alistipes_finegoldii	-0.0326608574603	-0.024825277449	0.0531359612188	-0.0303951239724	0.00823247358057	0.0520562363214	0.0078859039638	-0.0116812286402	1.0	0.0496216006932	-0.000278274325164	-0.0351016029613	-0.00791143412666	-0.0078185397839	0.0576869746407	0.0310428676345	0.0291461595732	-0.0290806992787	0.00131212739867	-0.0392740127053	-0.0313057069908	0.0387308783248	-0.0340484502378	-0.0132606890861	0.0117702083664	-0.0416377536134	0.00612732310702	-0.00795662705284	0.00476830210028	-0.034377568745	0.0209417106353	-0.0763184664294	-0.00101912958916	-0.000959795189301	-0.0344277265441	-0.022872171059	0.0164010286611	-0.037909505094	-0.00960067738884	-0.00453791659836	0.00661095169395	0.00678919249956	-0.0339225184619	0.0592648394093	0.0208074524867	0.0469684282072	-0.00472688453736	-0.0278295085615	-0.00126645742918	-0.0164498151601	-0.0446366805245	-0.0610942494617	-0.0515088318014	-0.033693688513	-0.0121928758314	0.00481140196014	-0.0216280559308	0.0633784046432	-0.0305022665313
k__Bacteria;p__Bacteroidetes;c__Bacteroidia;o__Bacteroidales;f__Porphyromonadaceae;g__Parabacteroides;s__Parabacteroides_distasonis	-0.0646922259332	0.0151969251964	-0.0503044436731	0.0230699713152	-0.0403928884615	-0.00823342274277	0.00697733540094	0.0485188970169	0.0496216006932	1.0	0.0039193729243	-0.0128929192657	-0.0210827712782	-0.02774778042	0.052622675071	0.0365698855892	-0.0363090919754	0.0145543314052	-0.0166598412452	0.0267798273674	-0.0424807354362	-0.0196460335317	0.000230326360535	-0.00379656538341	-0.0229455557175	-0.052244650928	0.0168206737674	0.0197520216337	-0.0185539456232	0.0463564365328	-0.0162766999756	-0.0558650989862	-0.0232431681951	-0.0191985570594	-0.0914628911321	-0.0190410729023	-0.0282532058925	-0.0522696044287	-0.0223038040083	-0.0411919262685	-0.00648442653411	0.0188704029413	-0.0278080467276	0.0566647599537	-0.0686514117151	-0.0286596168014	0.00689787693821	0.0236898243014	0.0156454408755	0.0258750621158	-0.021032750028	-0.016096954344	-0.0418307146229	-0.0274108305945	-0.0372403722606	-0.000704292665211	-0.0320305468956	0.00587918436612	0.0127340817514
k__Bacteria;p__Bacteroidetes;c__Bacteroidia;o__Bacteroidales;f__Bacteroidaceae;g__Bacteroides;s__Bacteroides_thetaiotaomicron	0.00556991290652	-0.00760630386737	0.00388805087536	-0.036583362482	-0.050020352326	-0.0469356557168	0.0140703171105	0.0521049786653	-0.000278274325164	0.0039193729243	1.0	-0.0222203831282	-0.0245343271652	-0.000109077586507	-0.0352888673771	-0.0371996109658	0.052569354264	-0.0189093805852	0.0198398549424	-0.0160281685685	0.0288625904818	-0.0202200678277	0.0016320040175	-0.0244743657419	-0.0139792940686	-0.0434024775375	-0.00704165994299	-0.0398055528025	-0.0545575147777	0.0381773563252	-0.00293265421182	0.00964589485119	0.0302677047909	-0.0276838865127	-0.00895724331679	-0.00599079894863	-0.032357226256	-0.0426820375164	-0.018843680218	-0.0196976378103	0.0207982982865	0.00807094127339	-0.0546016108781	-0.00236405743726	0.0191742693321	0.000477211794605	-0.0553622407532	0.015578299368	-0.0183035688733	-0.0036666294719	-0.00484874389181	-0.045878401424	0.0227264070916	0.0314247727252	-0.0344502438529	0.0178789908863	0.0170963049855	0.0228770968314	-0.0128590775285
k__Bacteria;p__Bacteroidetes;c__Bacteroidia;o__Bacteroidales;f__Bacteroidaceae;g__Bacteroides;s__Bacteroides_coprocola	-0.000439698740666	-0.0388876418945	-0.0251157176399	-0.0336190959061	0.01725535253	-0.0382396258878	0.00841912766194	0.0758451162909	-0.0351016029613	-0.0128929192657	-0.0222203831282	1.0	-0.0477000130048	0.0125331115441	0.025939752064	-0.0167805612485	-0.0192925241046	-0.0308856294496	-0.0462728113851	-0.0216458488124	-0.0202057043722	0.00658023189955	0.00433026389429	0.0108885263946	0.00263257418759	-0.0630081951372	0.0393989487567	-0.0574067338228	-0.0162928552182	0.0490654714832	-0.0194495899545	-0.00855642682478	-0.0224196097669	0.0435694373935	0.041485080865	0.0113542838473	-0.0408929794597	0.023084992561	-0.0221808700537	-0.0245082581432	0.00640214025372	0.0199753989292	-0.0241813789835	-0.0354631959499	0.00644740680514	-0.0124405503913	-0.0472847966344	-0.00871594581952	0.0402408411938	0.0157746627209	-0.0367093892631	0.069263369481	0.0129896420989	-0.0481650435068	0.0426304533006	-0.0372984521186	-0.00519911779007	0.0356943512982	0.0211640296642
k__Bacteria;p__Bacteroidetes;c__Bacteroidia;o__Bacteroidales;f__Bacteroidaceae;g__Bacteroides;s__Bacteroides_cellulosilyticus	0.0203839370048	0.04890365374	-0.00264182497604	0.0135941585278	0.0115248843459	-0.0271249443192	-0.0376191719101	0.0280936671444	-0.00791143412666	-0.0210827712782	-0.0245343271652	-0.0477000130048	1.0	0.0362311734346	0.00282875006401	-0.0659330815565	-0.0126410005485	0.00331541425355	-0.0042826886355	-0.0435957109457	-0.0161676656162	0.0308919480839	-0.0324996203858	-0.00926603414601	-0.0404409386459	0.00901765885991	-0.00376293402952	-0.0552907443981	-0.01401845142	0.0133919469021	-0.0280901959073	-0.0698637673959	0.0173566610671	0.00235271680842	-0.0209460693116	0.0161508894259	-0.0191076506798	0.0146080917988	0.0292825943654	-0.0361978557135	0.0303429345951	0.0230437013743	0.102791100616	0.015276263666	0.0364367499008	-0.0188788463589	-0.00266885757385	-0.091494709856	-0.0430601469682	0.0247545151765	-0.0362934068226	0.0106976222123	0.0349854076201	-0.0427824636433	0.012056444726	0.0350402073085	0.0166708846103	0.017392499174	-0.0447806130818
k__Bacteria;p__Bacteroidetes;c__Bacteroidia;o__Bacteroidales;f__Rikenellaceae;g__Alistipes;s__Alistipes_obesi	-0.0320839279676	-0.00454542782137	0.0219094738234	0.0563199137793	0.0120327403118	-0.0100446346311	-0.0264116504343	0.0599220642766	-0.0078185397839	-0.02774778042	-0.000109077586507	0.0125331115441	0.0362311734346	1.0	-0.0185355135972	-0.0205133915989	0.0288461062971	-0.0258151319326	-0.0811142498424	0.0875232536649	-0.00952435795205	0.0218116682022	-0.0753094076509	-0.0131171620119	-0.00450931368787	0.00684380948438	-0.0172184074401	0.0242834123627	-0.0105361777076	0.0314260415205	0.0186557380888	0.0305862232729	0.0295780623818	-0.0442272440038	0.00918440591866	-0.0288615099359	-0.0118560584594	0.0244797401095	-0.0161002280938	0.00461460933536	-0.000979650268001	0.0238754976281	-0.0619427804443	0.0220024498804	-0.0736376339557	0.00302392110071	-0.031684468331	-0.00661775684916	-0.0263186108224	-0.01346859799	-0.00800575225624	0.0301149966456	-0.0400281697371	-0.0242947507454	0.045088744418	-0.022894852061	-0.0216706170039	-0.0575252416698	-0.0114217220027
k__Bacteria;p__Firmicutes;c__Clostridia;o__Clostridiales;f__Lachnospiraceae;g__;s__[Eubacterium]_rectale	0.0468711174749	-0.0547798475458	-0.0102037473098	0.0136225866445	-0.0260847584481	0.0359069659853	0.0113452438899	-0.025252342158	0.0576869746407	0.052622675071	-0.0352888673771	0.025939752064	0.00282875006401	-0.0185355135972	1.0	0.0192482753837	0.0481732608849	0.0150418301553	-0.00489374462095	-0.0886324965587	-0.00219177798818	0.00607934394065	-0.0164479352975	0.0470543471746	0.00682932974537	-0.0433392816428	-0.0202400047933	-0.0139016790358	-0.0528330021925	-0.041041746214	0.0574463667396	-0.0635873129233	-0.0186997823465	-0.0418544838852	0.0481998826571	-0.00492331271501	-0.0124811784362	0.0117254348536	-0.012375290744	-0.00964703452537	-0.0293263794253	-0.0380367929288	0.0262958543693	0.0396447669138	0.0354698017062	-0.00461802592076	0.0315934249661	-0.0140456559818	-0.013051813546	0.0172452345829	-0.00636012389935	-0.0968079635473	-0.0180745287217	0.0269785757301	-0.0163309208944	0.00896333705892	-0.0327745944339	0.033870051655	-0.0280004345108
k__Bacteria;p__Bacteroidetes;c__Bacteroidia;o__Bacteroidales;f__Bacteroidaceae;g__Bacteroides;s__Bacteroides_plebeius	0.065006399355	-0.0605098486385	0.0545919215297	-0.0101572865328	0.0305916758524	0.00597013877764	0.01800865078	-0.0260102181306	0.0310428676345	0.0365698855892	-0.0371996109658	-0.0167805612485	-0.0659330815565	-0.0205133915989	0.0192482753837	1.0	0.0171549286312	-0.0783167010347	0.013588156506	-0.0504823348542	0.0158562835514	-0.00961019548567	-0.0540003573478	0.014965983619	-0.0093387566667	-0.0182956052169	0.0472846676878	0.017699516468	0.0104461011199	0.0612060633723	0.0105865573679	0.0371524446672	-0.012391586001	-0.0573254521276	-0.0311932063344	-0.0111584278059	-0.0173568773891	-0.0200062638286	-0.0794116079321	-0.0747649229374	-0.0266333867691	0.0110400423522	-0.0270668920244	-0.0190373823814	-0.00317194512937	-0.0299354516398	0.00993903609007	-0.00243111023476	-0.0188835693322	-0.0382033874368	-0.0643743234337	-0.00888448182174	-0.0112495717016	-0.0315030482766	0.0182122983426	-0.0354804618996	0.0235105673578	0.0235018977994	-0.0229049233901
k__Bacteria;p__Bacteroidetes;c__Bacteroidia;o__Bacteroidales;f__Bacteroidaceae;g__Bacteroides;s__Bacteroides_fragilis	0.0171150507231	0.003969696438	-0.0366549901355	-0.0724344610075	-0.0425806349229	0.0530724054532	-0.0670345022985	-0.00874854353219	0.0291461595732	-0.0363090919754	0.052569354264	-0.0192925241046	-0.0126410005485	0.0288461062971	0.0481732608849	0.0171549286312	1.0	0.0278615652777	-0.0206426312887	-0.0118632181376	-0.040197470072	-0.00416436145468	-0.00755883176722	0.00118969495072	0.0131998455766	-0.0507711838072	-0.017215430608	0.00708542419216	0.00944754705356	0.0180723911418	-0.00891179725779	-0.0584724756203	0.0100711225342	-0.0436775960882	-0.0472738755655	-0.019880941382	0.0049541784111	-0.0234041640998	0.00653295034141	-0.00291396797762	-0.0159677136097	-0.0023690438847	-0.00566829612534	0.0239570116867	0.028670826568	0.00381259220418	-0.0180830310358	-0.0293900440178	0.0224000759125	-0.0383960893045	-0.0173079480966	-0.0173000427797	0.00644944980882	0.0148247432292	-0.0216821771162	-0.0773587169035	-0.00115202835859	0.0205532113809	-0.0401063136279
k__Bacteria;p__Proteobacteria;c__Betaproteobacteria;o__Burkholderiales;f__Sutterellaceae;g__Sutterella;s__Sutterella_wadsworthensis	-0.0115002114168	-0.0120403742015	-0.0489750004375	-0.0565312343	0.0266221830906	-0.0304417501847	0.0128524230422	0.017237718739	-0.0290806992787	0.0145543314052	-0.0189093805852	-0.0308856294496	0.00331541425355	-0.0258151319326	0.0150418301553	-0.0783167010347	0.0278615652777	1.0	-0.0274226231463	0.0114708632225	0.00385746468413	-0.0485707527643	0.00151670497065	0.0173015981494	0.00581807161884	0.0292542288099	0.0666302090187	0.0674078783774	0.0245905975112	-0.0406633246331	-0.0139857619835	0.00262283638786	-0.055653748335	-0.00488511098339	0.00586815951535	-0.00596740818332	0.0658043110568	-0.0504556404729	-0.00678470333486	0.015569157118	-0.0199759879927	-0.0141368060075	0.00264614709844	0.0164244960598	-0.0408853979357	0.0127758475101	-0.0442960967495	0.0319449373033	-0.0381888285724	0.0180829684438	-0.00323155503845	-0.0244835465637	0.000854262358203	-0.0227865825594	-0.0569177208501	-0.0218374981071	0.00325424495987	-0.00631566322048	-0.0407617548778
k__Bacteria;p__Bacteroidetes;c__Bacteroidia;o__Bacteroidales;f__Porphyromonadaceae;g__Barnesiella;s__Barnesiella_intestinihominis	-0.0311506123843	0.0497032930935	0.0343465505756	-0.0144384602151	-0.0428574818672	0.00132834674557	-0.0923871961433	-0.0362434659003	0.00131212739867	-0.0166598412452	0.0198398549424	-0.0462728113851	-0.0042826886355	-0.0811142498424	-0.00489374462095	0.013588156506	-0.0206426312887	-0.0274226231463	1.0	0.0337009268856	-0.0103797712186	0.0617908140307	0.0194113292193	-0.00427483012513	-0.0574286048336	0.0421869164532	-0.0076469921158	0.0147470713117	-0.00502961524632	-0.0755582685408	-0.0254915660863	-0.0251939869383	-0.0105777373974	0.0112910835652	-0.00993590971983	-0.00661305299733	0.000527663050659	-0.033413172487	-0.00705960408184	0.0204300252673	0.00212083946775	-0.00466191133529	0.00751090693444	0.0111885956543	0.018888795196	-0.0236658371463	-0.00733407869411	-0.0100928875266	0.0458284941672	-0.00824968093778	-0.0244789560949	-0.035154612061	0.0546328907599	-0.00547540114394	-0.010570285493	-0.059160685735	0.0792051318306	-0.022441943328	-0.0530784113077
k__Bacteria;p__Bacteroidetes;c__Bacteroidia;o__Bacteroidales;f__Odoribacteraceae;g__Odoribacter;s__Odoribacter_splanchnicus	-0.0164031209992	0.0281220684277	-0.00155301329203	-0.0171096092341	-0.0828114825708	-0.0153254214038	0.0426406072158	0.0514987315477	-0.0392740127053	0.0267798273674	-0.0160281685685	-0.0216458488124	-0.0435957109457	0.0875232536649	-0.0886324965587	-0.0504823348542	-0.0118632181376	0.0114708632225	0.0337009268856	1.0	-0.0266366144888	0.0222566176172	-0.00639704590888	-0.0265030975002	-0.0223307780505	-0.000302732115181	0.0269195656562	-0.0289018667491	-0.023540602317	-0.0197078304217	-0.0282852764046	0.0224767396255	-0.0990377791011	-0.00336629704405	-0.0518126659208	0.025842136614	-0.0476518888739	0.0126425926955	-0.00908720537897	-0.0288713417874	0.0716058997096	0.0228162025885	-0.0765821845887	0.0339384141332	-0.00667317170691	0.00935930096489	-0.0610472942787	-0.0036802237311	0.0274920371051	-0.0162062790166	0.00769582524208	0.0236229003208	-0.0350330264774	0.036175137993	0.0205327967505	0.0485342920987	-0.0433393026648	-0.0560530400352	0.0569653903269
k__Bacteria;p__Bacteroidetes;c__Bacteroidia;o__Bacteroidales;f__Bacteroidaceae;g__Bacteroides;s__Bacteroides_salyersiae	0.0414111625738	-0.00816577464766	0.00556315164965	0.0191721962864	-0.0235076394921	-0.0304645788948	-0.00423962922858	-0.0392042856215	-0.0313057069908	-0.0424807354362	0.0288625904818	-0.0202057043722	-0.0161676656162	-0.00952435795205	-0.00219177798818	0.0158562835514	-0.040197470072	0.00385746468413	-0.0103797712186	-0.0266366144888	1.0	0.0497680694289	-0.0677959267202	-0.000216565679249	0.0297047379707	0.0397712707052	-0.0265756602123	-0.0507265305802	-0.0256750350937	0.0550537568596	-0.067789639304	-0.0288434052602	-0.0383663715282	0.0389273717563	0.0388863953496	0.00226758674892	0.0168408077066	-0.0707092542548	0.0326001815193	-0.00859444807938	-0.0323669375915	-0.0385893997262	0.0162313325554	-0.0441326666289	0.0204421984096	-0.0386354714476	-0.0386214633481	-0.0558958819637	-0.0107658909552	-0.0181736680931	-0.02244343404	-0.00255280634038	0.0126924646725	0.0146240691738	0.00606088595429	0.000608934305912	0.0593015353369	-0.0658023778718	0.030457275961
k__Bacteria;p__Firmicutes;c__Clostridia;o__Clostridiales;f__Ruminococcaceae;g__Ruminiclostridium;s__[Eubacterium]_siraeum	-0.0301476584208	0.00865669831131	-0.0152514564688	-0.0384321591545	-0.00465896927623	-0.025294116302	0.0932485851371	0.0244428646749	0.0387308783248	-0.0196460335317	-0.0202200678277	0.00658023189955	0.0308919480839	0.0218116682022	0.00607934394065	-0.00961019548567	-0.00416436145468	-0.0485707527643	0.0617908140307	0.0222566176172	0.0497680694289	1.0	-0.0320686775466	0.000749487271972	-0.0446827988549	-0.0465616836568	0.0269567963668	0.0437486644035	0.0112600279919	-0.0302226136635	-0.0366933424994	-0.0205488355294	-0.00853063551274	-0.0387779949058	-0.0158323424589	-0.0031658650498	-0.0532813413714	-0.0377790936856	-0.00624698748903	-0.0209549743385	0.00499443491189	-0.0208345263343	-0.0279331767398	0.0368979463256	-0.0424372190038	-0.000133436446238	-0.0151057759948	-0.0117896827017	-0.0452303420532	0.0154960291003	-0.0126688627121	-0.057473692156	-0.0147533090258	-0.00388433269285	0.0160515698769	-0.00671279760514	-0.0314740418614	-0.0170227176892	-0.00958252278841
k__Bacteria;p__Proteobacteria;c__Betaproteobacteria;o__Burkholderiales;f__Sutterellaceae;g__Parasutterella;s__Parasutterella_excrementihominis	-0.0233575130796	0.0575826834444	-0.0471309220557	0.016952425564	-0.0396778629199	0.0136206037538	-0.0150708737318	-0.0270675709873	-0.0340484502378	0.000230326360535	0.0016320040175	0.00433026389429	-0.0324996203858	-0.0753094076509	-0.0164479352975	-0.0540003573478	-0.00755883176722	0.00151670497065	0.0194113292193	-0.00639704590888	-0.0677959267202	-0.0320686775466	1.0	-0.041042636583	-0.0548237613051	0.0144863527269	-0.0397010057754	0.0121354159854	0.00833772387625	-0.00998058580927	-0.00729345894528	-0.034250204609	0.0126036217712	-0.0121296750319	-0.0764078981897	0.0345294352374	0.0166306979756	-0.036251223719	0.0109402961075	-0.00762806252854	0.0317230609415	0.00101350056334	-0.00214568275333	-0.0042312139496	-0.0103696334505	-0.0310495318026	0.00346218045593	0.030569739037	0.0149866293541	0.00309636331951	0.012883358935	-0.0183735980254	0.00816551906676	0.0152554998059	-0.0428180791155	-0.0240561616682	-0.00401059127224	-0.00788656465399	-0.0357026906191
k__Bacteria;p__Actinobacteria;c__Actinobacteria;o__Bifidobacteriales;f__Bifidobacteriaceae;g__Bifidobacterium;s__Bifidobacterium_adolescentis	0.0512228155865	-0.0155848290722	-0.0324482626772	-0.0527099032297	0.0478571607061	0.0242233793165	-0.0506533632713	-0.000797681229088	-0.0132606890861	-0.00379656538341	-0.0244743657419	0.0108885263946	-0.00926603414601	-0.0131171620119	0.0470543471746	0.014965983619	0.00118969495072	0.0173015981494	-0.00427483012513	-0.0265030975002	-0.000216565679248	0.000749487271972	-0.041042636583	1.0	0.0473148748424	-0.0552219934845	-0.037400821337	-0.0205656088441	-0.0203443569766	-0.0320966532822	-0.00127708091204	0.0472195879709	-0.0106037904356	-0.00100357083815	0.0150842476001	0.0525305892953	0.0401628529154	-0.0209894016524	-0.0816731991231	0.0246693036625	-0.0269076455789	-0.0080562838991	-0.00342764554003	-0.0186497648285	0.0164926820764	0.0171513952483	0.0404191576181	-0.0153445281861	-0.0737168410087	-0.0609756258611	0.0136576516054	-0.00111853114685	0.0018911838671	0.00821582816515	-0.0240451529943	0.00596800564973	0.0136077258693	-0.00973632752984	0.00335613012755
k__Bacteria;p__Firmicutes;c__Clostridia;o__Clostridiales;f__Oscillospiraceae;g__Oscillibacter;s__Oscillibacter_sp._KLE_1745	-0.01682362689	-0.00551777761379	-0.00475392969839	0.0741853008772	0.0381134933419	0.0532822305304	0.0532212273312	0.00418827447236	0.0117702083664	-0.0229455557175	-0.0139792940686	0.00263257418759	-0.0404409386459	-0.00450931368787	0.00682932974537	-0.0093387566667	0.0131998455766	0.00581807161884	-0.0574286048336	-0.0223307780505	0.0297047379707	-0.0446827988549	-0.0548237613051	0.0473148748424	1.0	0.0245990751441	0.0174719914974	-0.0126871511536	-0.00388281593701	-0.0401628678321	-0.0255477753194	0.0268409110535	0.0257870214349	-0.026018786419	-0.0215884284107	0.0342282541311	-0.0777779357196	0.0192954988358	-0.0222684127024	0.0498198344591	0.000471742466105	-0.011083329655	-0.000712542945092	-0.0414014280641	-0.0222457340562	-0.0224365708599	-0.0541443600092	-0.00810487272949	-0.00510211774878	-0.103921503283	0.0412320333761	-0.0439976688551	0.00398688580522	0.0510110814379	0.0472734773424	-0.0464992794876	-0.0369091913843	0.0218011377539	-0.0476235219964
k__Bacteria;p__Bacteroidetes;c__Bacteroidia;o__Bacteroidales;f__Bacteroidaceae;g__Bacteroides;s__Bacteroides_coprophilus	-0.0176550148439	0.0284989111371	-0.0238670842884	0.0505615790756	-0.0489493209343	0.0617451137879	0.0342372528282	-0.00933301825878	-0.0416377536134	-0.052244650928	-0.0434024775375	-0.0630081951372	0.00901765885991	0.00684380948438	-0.0433392816428	-0.0182956052169	-0.0507711838072	0.0292542288099	0.0421869164532	-0.000302732115181	0.0397712707052	-0.0465616836568	0.0144863527269	-0.0552219934845	0.0245990751441	1.0	0.0499542272891	0.00411532295315	-0.0320819193085	0.0385892304012	0.0193459248629	-0.0214030164704	-0.00804166793663	-0.0801818921384	0.0293658289262	-0.0231711058425	-0.0178525328218	-0.0241809171243	-0.0179311205596	-0.0457108639835	-0.0277948024296	-0.00543796887628	0.00412173287864	-0.0329453699044	0.0260678311455	-0.040930511309	0.0176345534751	0.00447628211952	-0.00753443667617	0.0209839427126	-0.017451974197	0.00723670873003	0.0259706223415	0.0298059654285	-0.0274173620562	0.0131319043456	0.00319574012752	-0.0115296511995	-0.0227462240725
k__Bacteria;p__Firmicutes;c__Clostridia;o__Clostridiales;f__Lachnospiraceae;g__Roseburia;s__Roseburia_intestinalis	-0.0986808052978	-0.0188835048906	0.0197065167285	-0.0181982234325	-0.0354149972023	0.033479589144	-0.00717477566615	-0.0176643078871	0.00612732310702	0.0168206737674	-0.00704165994299	0.0393989487567	-0.00376293402952	-0.0172184074401	-0.0202400047933	0.0472846676878	-0.017215430608	0.0666302090187	-0.0076469921158	0.0269195656562	-0.0265756602123	0.0269567963668	-0.0397010057754	-0.037400821337	0.0174719914974	0.0499542272891	1.0	0.0159467508407	-0.0111661864709	-0.0477267237165	-0.0383541569568	0.0297011314249	-0.0959419866554	0.0112117539394	-0.0552565179805	-0.0140569959334	-0.0340532558706	-0.00800265127664	-0.0150012962871	-0.00958937701489	0.0482187813321	0.0476773334872	0.0109427277945	-0.0603636200841	0.0253566921522	0.0153041237776	0.0178622390406	-0.00115153163682	-0.0260389989101	-0.0550231185111	-0.111932906987	0.0427205140076	0.00228633634293	0.0283391119671	0.0287014063579	-0.0209391925818	-0.0118659074946	0.0420358012125	-0.0215449169599
k__Bacteria;p__Firmicutes;c__Clostridia;o__Clostridiales;f__Lachnospiraceae;g__Roseburia;s__Roseburia_hominis	0.0337652472591	0.0106623739379	-0.0219631272978	-0.0632248668744	0.0298923520276	0.00762032028308	-0.0231987844132	0.0502954142357	-0.00795662705284	0.0197520216337	-0.0398055528025	-0.0574067338228	-0.0552907443981	0.0242834123627	-0.0139016790358	0.017699516468	0.00708542419216	0.0674078783774	0.0147470713117	-0.0289018667491	-0.0507265305802	0.0437486644035	0.0121354159854	-0.0205656088441	-0.0126871511536	0.00411532295315	0.0159467508407	1.0	-0.00379631367578	0.00288849092041	0.00207633985923	0.0193551723103	0.00508658427943	0.0202941841214	-0.0466915017488	-0.00649667800705	0.0278902878116	-0.0809367352887	-0.00946302409921	0.0126608011523	0.011358187187	0.00903747839947	-0.0158831408711	-0.00885941610111	-0.0152847106363	-0.00856075521116	0.0358183036689	0.00317963944286	-0.0583113532322	-0.00410557377123	-0.00127408819067	-0.00490375084576	-0.0161510571417	-0.00416268498398	-0.0227633607315	-0.0104114460887	0.0133162199697	-0.0396928510522	0.0270200056411
k__Bacteria;p__Bacteroidetes;c__Bacteroidia;o__Bacteroidales;f__Porphyromonadaceae;g__Parabacteroides;s__Parabacteroides_johnsonii	0.00260203503657	0.0066626646321	-0.0818231051603	-0.0414186038001	0.0401510647242	0.0350547208376	-0.0301721405062	-0.032140499367	0.00476830210028	-0.0185539456232	-0.0545575147777	-0.0162928552182	-0.01401845142	-0.0105361777076	-0.0528330021925	0.0104461011199	0.00944754705356	0.0245905975112	-0.00502961524632	-0.023540602317	-0.0256750350937	0.0112600279919	0.00833772387625	-0.0203443569766	-0.00388281593701	-0.0320819193085	-0.0111661864709	-0.00379631367578	1.0	-0.0108159882097	-0.0336351769644	-0.0436708793738	0.0148916360529	0.0325689042936	-0.0230576857001	-0.0167475476404	0.00412980617311	0.0568683223564	0.00951694148294	0.004121014266	-0.0110783644982	0.00506606393264	0.0108499090706	0.0708550140514	-0.00936068284435	0.0430523266939	0.00134607345603	0.0299112258233	-0.00391026133964	0.0651833087016	-0.0237828666547	-0.0334892496384	0.0237333318599	0.0487681105483	-0.0352097928515	-0.00554730041938	-0.0401367162673	-0.047399506902	-0.00164103343676
k__Bacteria;p__Actinobacteria;c__Actinobacteria;o__Bifidobacteriales;f__Bifidobacteriaceae;g__Bifidobacterium;s__Bifidobacterium_longum	0.0320402405122	0.000757239129071	-0.0301138531049	-0.016435008379	0.0335391668845	-0.0337715675222	-0.00974860916232	0.0244991452668	-0.034377568745	0.0463564365328	0.0381773563252	0.0490654714832	0.0133919469021	0.0314260415205	-0.041041746214	0.0612060633723	0.0180723911418	-0.0406633246331	-0.0755582685408	-0.0197078304217	0.0550537568596	-0.0302226136635	-0.00998058580927	-0.0320966532822	-0.0401628678321	0.0385892304012	-0.0477267237165	0.00288849092041	-0.0108159882097	1.0	0.00422627422809	0.0755776297132	-0.0208706368141	0.0160645190912	-0.0337357387689	0.0429730785943	0.00696444164887	0.0212790549835	-0.000158133055118	-0.0503413765772	-0.0522892105317	-0.0471023443167	-0.0197378493129	-0.0833099630552	-0.0486509942511	0.0549577625464	0.0158498970148	-0.0477912724094	-0.0574025270997	0.00649993533418	-0.0237766025714	0.0306105970548	0.0241703630572	-0.0384438760435	-0.0400617919746	-0.0543510227977	0.0383668124474	-0.0283056097903	0.00714524081528
