#taxonomy	k__Bacteria;p__Bacteroidetes;c__Bacteroidia;o__Bacteroidales;f__Bacteroidaceae;g__Bacteroides;s__Bacteroides_vulgatus	k__Bacteria;p__Bacteroidetes;c__Bacteroidia;o__Bacteroidales;f__Bacteroidaceae;g__Bacteroides;s__Bacteroides_uniformis	k__Bacteria;p__Bacteroidetes;c__Bacteroidia;o__Bacteroidales;f__Rikenellaceae;g__Alistipes;s__Alistipes_putredinis	k__Bacteria;p__Bacteroidetes;c__Bacteroidia;o__Bacteroidales;f__Prevotellaceae;g__Prevotella;s__Prevotella_copri	k__Bacteria;p__Bacteroidetes;c__Bacteroidia;o__Bacteroidales;f__Bacteroidaceae;g__Bacteroides;s__Bacteroides_stercoris	k__Bacteria;p__Bacteroidetes;c__Bacteroidia;o__Bacteroidales;f__Bacteroidaceae;g__Bacteroides;s__Bacteroides_ovatus	k__Bacteria;p__Bacteroidetes;c__Bacteroidia;o__Bacteroidales;f__Rikenellaceae;g__Alistipes;s__Alistipes_shahii	k__Bacteria;p__Firmicutes;c__Clostridia;o__Clostridiales;f__Ruminococcaceae;g__Faecalibacterium;s__Faecalibacterium_prausnitzii	k__Bacteria;p__Bacteroidetes;c__Bacteroidia;o__Bacteroidales;f__Rikenellaceae;g__Alistipes;s__Alistipes_finegoldii	k__Bacteria;p__Bacteroidetes;c__Bacteroidia;o__Bacteroidales;f__Porphyromonadaceae;g__Parabacteroides;s__Parabacteroides_distasonis	k__Bacteria;p__Bacteroidetes;c__Bacteroidia;o__Bacteroidales;f__Bacteroidaceae;g__Bacteroides;s__Bacteroides_thetaiotaomicron	k__Bacteria;p__Bacteroidetes;c__Bacteroidia;o__Bacteroidales;f__Bacteroidaceae;g__Bacteroides;s__Bacteroides_coprocola	k__Bacteria;p__Bacteroidetes;c__Bacteroidia;o__Bacteroidales;f__Bacteroidaceae;g__Bacteroides;s__Bacteroides_cellulosilyticus	k__Bacteria;p__Bacteroidetes;c__Bacteroidia;o__Bacteroidales;f__Rikenellaceae;g__Alistipes;s__Alistipes_obesi	k__Bacteria;p__Firmicutes;c__Clostridia;o__Clostridiales;f__Lachnospiraceae;g__;s__[Eubacterium]_rectale	k__Bacteria;p__Bacteroidetes;c__Bacteroidia;o__Bacteroidales;f__Bacteroidaceae;g__Bacteroides;s__Bacteroides_plebeius	k__Bacteria;p__Bacteroidetes;c__Bacteroidia;o__Bacteroidales;f__Bacteroidaceae;g__Bacteroides;s__Bacteroides_fragilis	k__Bacteria;p__Proteobacteria;c__Betaproteobacteria;o__Burkholderiales;f__Sutterellaceae;g__Sutterella;s__Sutterella_wadsworthensis	k__Bacteria;p__Bacteroidetes;c__Bacteroidia;o__Bacteroidales;f__Porphyromonadaceae;g__Barnesiella;s__Barnesiella_intestinihominis	k__Bacteria;p__Bacteroidetes;c__Bacteroidia;o__Bacteroidales;f__Odoribacteraceae;g__Odoribacter;s__Odoribacter_splanchnicus	k__Bacteria;p__Bacteroidetes;c__Bacteroidia;o__Bacteroidales;f__Bacteroidaceae;g__Bacteroides;s__Bacteroides_salyersiae	k__Bacteria;p__Firmicutes;c__Clostridia;o__Clostridiales;f__Ruminococcaceae;g__Ruminiclostridium;s__[Eubacterium]_siraeum	k__Bacteria;p__Proteobacteria;c__Betaproteobacteria;o__Burkholderiales;f__Sutterellaceae;g__Parasutterella;s__Parasutterella_excrementihominis	k__Bacteria;p__Actinobacteria;c__Actinobacteria;o__Bifidobacteriales;f__Bifidobacteriaceae;g__Bifidobacterium;s__Bifidobacterium_adolescentis	k__Bacteria;p__Firmicutes;c__Clostridia;o__Clostridiales;f__Oscillospiraceae;g__Oscillibacter;s__Oscillibacter_sp._KLE_1745	k__Bacteria;p__Bacteroidetes;c__Bacteroidia;o__Bacteroidales;f__Bacteroidaceae;g__Bacteroides;s__Bacteroides_coprophilus	k__Bacteria;p__Firmicutes;c__Clostridia;o__Clostridiales;f__Lachnospiraceae;g__Roseburia;s__Roseburia_intestinalis	k__Bacteria;p__Firmicutes;c__Clostridia;o__Clostridiales;f__Lachnospiraceae;g__Roseburia;s__Roseburia_hominis	k__Bacteria;p__Bacteroidetes;c__Bacteroidia;o__Bacteroidales;f__Porphyromonadaceae;g__Parabacteroides;s__Parabacteroides_johnsonii	k__Bacteria;p__Actinobacteria;c__Actinobacteria;o__Bifidobacteriales;f__Bifidobacteriaceae;g__Bifidobacterium;s__Bifidobacterium_longum	k__Bacteria;p__Firmicutes;c__Clostridia;o__Clostridiales;f__;g__Flavonifractor;s__Flavonifractor_plautii	k__Bacteria;p__Firmicutes;c__Clostridia;o__Clostridiales;f__Clostridiaceae;g__Clostridium;s__Clostridium_phoceensis	k__Bacteria;p__Verrucomicrobia;c__Verrucomicrobiae;o__Verrucomicrobiales;f__Akkermansiaceae;g__Akkermansia;s__Akkermansia_muciniphila	k__Bacteria;p__Bacteroidetes;c__Bacteroidia;o__Bacteroidales;f__Prevotellaceae;g__Paraprevotella;s__Paraprevotella_xylaniphila	k__Bacteria;p__Firmicutes;c__Clostridia;o__Clostridiales;f__Ruminococcaceae;g__Ruminococcus;s__Ruminococcus_callidus	k__Bacteria;p__Bacteroidetes;c__Bacteroidia;o__Bacteroidales;f__Rikenellaceae;g__Alistipes;s__Alistipes_senegalensis	k__Bacteria;p__Firmicutes;c__Clostridia;o__Clostridiales;f__Lachnospiraceae;g__Blautia;s__Blautia_sp._KLE_1732	k__Bacteria;p__Bacteroidetes;c__Bacteroidia;o__Bacteroidales;f__Bacteroidaceae;g__Bacteroides;s__Bacteroides_oleiciplenus	k__Bacteria;p__Firmicutes;c__Clostridia;o__Clostridiales;f__Ruminococcaceae;g__Ruminococcus;s__Ruminococcus_bicirculans	k__Bacteria;p__Bacteroidetes;c__Bacteroidia;o__Bacteroidales;f__Bacteroidaceae;g__Bacteroides;s__Bacteroides_fluxus	k__Bacteria;p__Bacteroidetes;c__Bacteroidia;o__Bacteroidales;f__Prevotellaceae;g__Prevotella;s__Prevotella_stercorea	k__Bacteria;p__Firmicutes;c__Clostridia;o__Clostridiales;f__Lachnospiraceae;g__Dorea;s__Dorea_longicatena	k__Bacteria;p__Firmicutes;c__Clostridia;o__Clostridiales;f__Eubacteriaceae;g__Eubacterium;s__[Eubacterium]_eligens	k__Bacteria;p__Firmicutes;c__Clostridia;o__Clostridiales;f__Ruminococcaceae;g__;s__Ruminococcaceae_bacterium_D16	k__Bacteria;p__Firmicutes;c__Clostridia;o__Clostridiales;f__Lachnospiraceae;g__Coprococcus;s__Coprococcus_comes	k__Bacteria;p__Proteobacteria;c__Gammaproteobacteria;o__Enterobacterales;f__Enterobacteriaceae;g__Escherichia;s__Escherichia_coli	k__Bacteria;p__Firmicutes;c__Clostridia;o__Clostridiales;f__Ruminococcaceae;g__Anaerotruncus;s__Anaerotruncus_colihominis	k__Bacteria;p__Firmicutes;c__Clostridia;o__Clostridiales;f__Lachnospiraceae;g__Blautia;s__Blautia_obeum	k__Bacteria;p__Bacteroidetes;c__Bacteroidia;o__Bacteroidales;f__Odoribacteraceae;g__Odoribacter;s__Odoribacter_laneus	k__Bacteria;p__Firmicutes;c__Clostridia;o__Clostridiales;f__Ruminococcaceae;g__Ruminiclostridium;s__[Clostridium]_leptum	k__Bacteria;p__Bacteroidetes;c__Bacteroidia;o__Bacteroidales;f__Porphyromonadaceae;g__Parabacteroides;s__Parabacteroides_goldsteinii	k__Bacteria;p__Firmicutes;c__Clostridia;o__Clostridiales;f__Lachnospiraceae;g__Anaerostipes;s__Anaerostipes_hadrus	k__Bacteria;p__Firmicutes;c__Clostridia;o__Clostridiales;f__Ruminococcaceae;g__Ruminococcus;s__Ruminococcus_lactaris	k__Bacteria;p__Firmicutes;c__Clostridia;o__Clostridiales;f__Clostridiaceae;g__Clostridium;s__Clostridium_sp._L2-50	k__Bacteria;p__Firmicutes;c__Clostridia;o__Clostridiales;f__Clostridiaceae;g__Clostridium;s__Clostridium_sp._M62/1	k__Bacteria;p__Firmicutes;c__Clostridia;o__Clostridiales;f__;g__Intestinimonas;s__Intestinimonas_butyriciproducens	k__Bacteria;p__Actinobacteria;c__Actinobacteria;o__Bifidobacteriales;f__Bifidobacteriaceae;g__Bifidobacterium;s__Bifidobacterium_bifidum	k__Bacteria;p__Firmicutes;c__Negativicutes;o__Veillonellales;f__Veillonellaceae;g__Dialister;s__Dialister_invisus	k__Bacteria;p__Bacteroidetes;c__Bacteroidia;o__Bacteroidales;f__Bacteroidaceae;g__Bacteroides;s__Bacteroides_salanitronis
k__Bacteria;p__Bacteroidetes;c__Bacteroidia;o__Bacteroidales;f__Bacteroidaceae;g__Bacteroides;s__Bacteroides_vulgatus	1.0	-0.0240681788074	0.0221776282129	0.0275881984658	-0.0528596338989	-0.0326073459603	-0.0155515932076	0.0130208969884	0.0234790095353	-0.00515995327238	0.0285060630208	-0.0500381279132	-0.0243115974753	0.00277024463881	-0.0316175035006	-0.0463897816157	0.0490931409098	-0.0463734733703	-0.0472449050978	0.00500080629813	0.0460132637319	0.00206044848952	-0.0420975734563	-0.00824717772082	0.000244357236543	-0.0677419942304	0.00613560317271	-0.037392962726	0.0727316991371	0.0471533865518	-0.00757770523694	-0.0110766558288	0.0162858546272	-0.0581652053789	-0.0359454711457	-0.0415622058442	-0.00823758859589	-0.0337980383747	-0.0158173951709	0.083007066092	0.0121775826818	-0.0155838480413	-0.0519496346525	0.00829055365433	0.0318562988929	-0.0552330554676	-0.0225615142015	-0.018215839831	0.075930038049	-0.0115838875899	0.0225375783431	0.024075672306	0.00116501679056	-0.0117624006251	0.0137483609753	-0.000947732184542	-0.0447056992373	-0.0788614794697	0.0357875777503
k__Bacteria;p__Bacteroidetes;c__Bacteroidia;o__Bacteroidales;f__Bacteroidaceae;g__Bacteroides;s__Bacteroides_uniformis	-0.0240681788074	1.0	0.0313756825862	0.00410782644595	-0.0380640534056	0.00529848483206	0.0114146750473	0.008311664631	-0.0092089110891	-0.0187273280799	-0.0264206196096	-0.0190123684735	-0.019651812891	-0.0249112644667	0.0545238175104	0.0177096819557	-0.0050635707623	0.039972198798	-0.0330621749939	-0.0258473985572	-0.0498612112629	-0.0323491407131	0.0121733329176	-0.0192950477703	0.0323093312824	0.0129746244458	0.0401499424521	0.0114534324447	0.0215289902252	-0.0226923844112	-0.00506637796034	0.0357246321441	-0.0466009963354	-0.00215185185505	-0.0141686509879	0.0206766288476	0.00894619707284	-0.0642507075289	-0.0498761386152	0.0204022886025	0.00432499473846	0.0485982467748	-0.00261762513398	-0.0638790327838	0.044059981926	-0.00163427709064	-0.0273620559436	-0.0207203915996	0.0278378187679	0.0528230927576	0.0253720128532	0.0083170087555	-0.0488313388496	0.00266769096445	-0.0230080297207	0.0107360543883	-0.0179201803889	-0.0108477028739	-0.00448844596383
k__Bacteria;p__Bacteroidetes;c__Bacteroidia;o__Bacteroidales;f__Rikenellaceae;g__Alistipes;s__Alistipes_putredinis	0.0221776282129	0.0313756825862	1.0	0.0125984301226	0.00873242069053	0.0132294324207	0.0416687654091	-0.0445945637059	0.010198125897	-0.00555709925416	-0.0331394172497	0.00964223730905	0.0541790574088	0.0154653585814	-0.0150849681921	-0.0317138652408	-0.0490461781426	0.0210704918715	0.00680446654064	-0.0301188745811	0.0135543418852	-0.0211300609395	0.00410863397232	-0.0506445576201	-0.0193427931829	-0.0165676362114	0.0192635714863	0.0437000249284	0.0136833323206	-0.0544608182264	-0.0382417485806	-0.00475740466511	-0.0505204514576	0.00961061168396	-0.0228648451109	0.00411099085504	-0.0494041971051	-0.0159771683404	0.00408410096192	0.0211313227482	-0.029085284814	-0.0371153604318	0.0325133457211	-0.00742724408719	-0.0221216815536	-0.0323284090272	0.0252713498755	0.0128111514735	-0.0175007790129	0.0182372815246	-0.0185231349407	-0.00523713869212	0.0179072030656	-0.00521858237372	-0.0295971408579	-0.0192727539949	-0.0508708269691	-0.0104700754624	0.0212814994853
k__Bacteria;p__Bacteroidetes;c__Bacteroidia;o__Bacteroidales;f__Prevotellaceae;g__Prevotella;s__Prevotella_copri	0.0275881984658	0.00410782644595	0.0125984301226	1.0	0.020956265861	-0.0150535022392	-0.0507992742305	0.0255660916566	-0.0472067523771	-0.0425454006835	-0.0665913024839	-0.0218454519197	0.0310248448665	-0.0199666892058	-0.0445292001211	-0.0334449906918	-0.00266982416014	-0.0419224605752	-0.0309862052915	-0.0108943258961	-0.0218699639272	0.0415355954595	0.0213453601993	-0.0118816247425	-0.00221467968047	-0.0428372047891	0.0058187877995	0.0368585118834	0.0832499852641	0.0103607641987	-0.00494198039265	-0.0208391677189	-0.0548541223446	0.0107887043511	0.0144634528592	-0.0217464894862	-0.0472609950002	0.00909536461722	0.0102462248968	0.0413474638283	-0.00227452581306	-0.0125488571343	0.0218692060746	0.0275546974272	-0.0274619381001	-0.0190744404657	-0.0463635722791	0.0050375932716	-0.0474685393256	0.0125734093487	-0.044616733793	-0.0188262851433	-0.0294640923263	-0.0542982411525	-0.0180474053694	0.00612466714939	-0.00498285968836	-0.00811503682198	0.0436453665076
k__Bacteria;p__Bacteroidetes;c__Bacteroidia;o__Bacteroidales;f__Bacteroidaceae;g__Bacteroides;s__Bacteroides_stercoris	-0.0528596338989	-0.0380640534056	0.00873242069053	0.020956265861	1.0	0.00586405579782	-0.0574774348246	0.0165013341896	-0.0213565498537	0.00532835883059	-0.00149821554342	-0.0421738282096	0.0082321290919	0.0138370486625	0.0131879504705	0.0130347992372	-0.0603549138698	0.0291940861713	-0.0131731470615	-0.0241229878729	-0.0295002889287	-0.00763316529212	0.0313539217714	0.0218872472412	0.0204247671019	-0.0226741030435	0.041671625363	0.0113750864771	0.0371334870532	0.00553246159314	0.0106585682999	-0.0429803602675	0.00470727601888	-0.0498770296602	-0.027636746331	0.0119071342281	0.0102641517519	-0.011354683876	-0.0117610972596	-0.0561180942311	0.0166484434476	-0.0283256361687	0.0324190518584	-0.0068655426462	-0.00992552143579	0.0497978849048	-0.0146891100825	0.00307991035758	0.0398525045064	-0.0102191720708	-0.0185152693688	-0.00174015524461	-0.00201143191761	0.0338536354247	-0.041625439752	-0.0626870329822	0.0442553845061	-0.00223077407594	-0.0600886309992
k__Bacteria;p__Bacteroidetes;c__Bacteroidia;o__Bacteroidales;f__Bacteroidaceae;g__Bacteroides;s__Bacteroides_ovatus	-0.0326073459603	0.00529848483206	0.0132294324207	-0.0150535022392	0.00586405579782	1.0	0.0239993860055	-0.0218455042708	0.0753929921003	0.000304293470595	0.0350276057558	-0.0829466390592	0.0448398323959	0.0492472651379	-0.00129233115686	-0.0133949947757	-0.0306743473961	-0.00582817088376	0.0142685260329	0.00605047062423	-0.00869845424003	-0.0282715084462	0.00188167168893	-0.0207069775608	0.0452471728399	-0.0201658156796	-0.0117982752255	-0.0320383616308	0.0252236745375	0.0139076023922	-0.0129833336	0.0309863660811	-0.0174301706774	0.00791849861693	-0.0126606709881	-0.0289590347669	-0.071663044415	0.00944961338452	-0.0292594070834	-0.0472199492929	0.00207797272951	0.034051336165	-0.0394504269431	-0.0148113682746	0.0239466155911	-0.0130920863811	-0.0145747975844	-0.0266849594579	0.0183921543104	-0.0175361664196	0.0214021034375	-0.0103029944781	0.000855542222169	-0.0264451049484	-0.049896125975	0.0295168545797	-0.0139463390405	-0.00743187051918	-0.0521330359903
k__Bacteria;p__Bacteroidetes;c__Bacteroidia;o__Bacteroidales;f__Rikenellaceae;g__Alistipes;s__Alistipes_shahii	-0.0155515932076	0.0114146750473	0.0416687654091	-0.0507992742305	-0.0574774348246	0.0239993860055	1.0	-0.0522133634885	0.0310270265122	0.0429435765082	-0.0294888908553	0.0193050920708	-0.042193237426	0.00284194887348	-0.0638393454413	0.0289186870481	-0.0210789086966	0.0319370938619	0.0379997881667	0.0496081778483	-0.0258068958665	-0.0771859305397	-0.0405538604747	0.0137892344846	-0.0726353706323	0.0140530844584	-0.0356964468156	0.0379525189276	0.0458006911781	-0.0572296909457	0.0264080992804	-0.0756499306623	-0.0105036689865	-0.00280256235977	0.00472640258846	0.0268765857629	-0.00839698187804	0.0423998422083	-0.0279816919516	-0.0327141362967	0.0561805815178	-0.0377270703516	-0.0232164607934	-0.0346750257057	-0.0127035418836	0.0149763273391	0.0347361086433	-0.0237956759129	0.00489259992198	-0.000425972729981	-0.0559051096902	-0.0201481197497	0.0532839330891	0.00257312471417	-0.0308122385148	0.0183455339442	-0.0234080967653	0.0327758186184	-0.0286493494342
k__Bacteria;p__Firmicutes;c__Clostridia;o__Clostridiales;f__Ruminococcaceae;g__Faecalibacterium;s__Faecalibacterium_prausnitzii	0.0130208969884	0.008311664631	-0.0445945637059	0.0255660916566	0.0165013341896	-0.0218455042708	-0.0522133634885	1.0	-0.0164820436496	-0.0353963996135	-0.01432006432	-0.00865939252807	-0.0069292455776	-0.0138198154947	0.000915958245896	0.0343075018914	-0.0217641844242	0.0213583731331	-0.0117862423396	-0.0112553722341	-0.0617893951437	-0.000615452580736	-0.028723198942	0.0124323517636	0.0236607872268	0.0402198627399	0.00199183753149	0.0195109795365	-0.036797789277	-0.0269952955245	0.0508447996752	0.0335868888117	0.0361950319842	0.0100493672156	-0.0358620952621	-0.0297198042646	0.00112214004331	0.0619604396569	0.0239534663005	0.0667304111481	0.0356782693558	0.0271198864944	-0.019713020624	-0.00747030512416	0.0272392956391	-0.0439927416191	-0.0899597418064	0.00860096245002	0.0166516346615	-0.00024198963027	-0.100637144112	0.0184156205996	-0.0153383933489	0.011814376435	-0.0258969474064	-0.0230421964283	0.0666282494738	-0.0201234137189	-0.000382603281249
k__Bacteria;p__Bacteroidetes;c__Bacteroidia;o__Bacteroidales;f__Rikenellaceae;g__Alistipes;s__Alistipes_finegoldii	0.0234790095353	-0.0092089110891	0.010198125897	-0.0472067523771	-0.0213565498537	0.0753929921003	0.0310270265122	-0.0164820436496	1.0	0.00492377533857	-0.0162042134178	0.0269268733534	-0.000649086296095	0.032347005486	-0.0349642512314	-0.0186148780106	-0.0323112691523	0.0204815817602	-0.00640202652635	-0.0569102613235	0.0215470049602	-0.0388506572618	0.0121212328335	0.0170332208152	0.00286758379792	0.0270545684889	0.0197904657784	0.00625999801258	-0.00749827977791	-0.0221512104098	-0.0281247742835	-0.0339912034848	-0.000943990165174	0.037491059222	-0.0636593738744	-0.000686391946434	0.0226910825324	-0.0588914095196	-0.0221487666691	-0.0429545852333	0.0225862876265	-0.0302230482027	0.0569852101504	-0.000771753673347	0.0361710164702	-0.0493321647594	0.0432170135327	0.0199484658418	0.00690750190504	0.00644426559814	-0.0215405298051	-0.0367101558113	0.0275180552047	0.0863142951239	-0.00883166053758	-0.0102332795405	0.00233675762538	-0.0320931058071	-0.0320588239657
k__Bacteria;p__Bacteroidetes;c__Bacteroidia;o__Bacteroidales;f__Porphyromonadaceae;g__Parabacteroides;s__Parabacteroides_distasonis	-0.00515995327238	-0.0187273280799	-0.00555709925416	-0.0425454006835	0.00532835883059	0.000304293470595	0.0429435765082	-0.0353963996135	0.00492377533857	1.0	0.0154519768932	0.00641471720253	-0.0264351006527	-0.0550027972196	-0.0222132167047	0.0548746184276	0.061445849443	0.00256915858445	0.00299035369425	-0.0289880830161	-0.0389525984592	-0.0188513796277	-0.0271967702368	-0.0633674980258	0.00363316051246	0.0509481200438	-0.0419862240797	0.0163810866059	-0.00651390667003	0.0326216554273	-0.00930609255958	0.0174027663992	0.00941325705869	-0.0187843863176	-0.018519462288	0.00103201944739	0.0329734492859	-0.0251199904254	-0.0225881293006	-0.0820481739828	0.0227205505784	0.0200059161526	-0.0196187957802	0.00371947224199	-0.0135727382465	-0.0364874325054	0.0264705701131	0.0136640037374	-0.0113348964437	-0.0419951781371	-0.00203303505176	0.0131988525996	-0.0306543677715	-0.0305579751591	-0.00455541527647	-0.0182575752015	-0.0730481237555	-0.0324389392677	-0.0141198560419
k__Bacteria;p__Bacteroidetes;c__Bacteroidia;o__Bacteroidales;f__Bacteroidaceae;g__Bacteroides;s__Bacteroides_thetaiotaomicron	0.0285060630208	-0.0264206196096	-0.0331394172497	-0.0665913024839	-0.00149821554342	0.0350276057558	-0.0294888908553	-0.01432006432	-0.0162042134178	0.0154519768932	1.0	-0.0479747287755	0.0242995558207	0.0247270183448	0.00766060385718	-0.0224611479352	0.0116919750551	0.0370838947366	0.040226983267	-0.010168520544	0.027753739695	0.0129766937263	-0.000489959103899	-0.0596936789544	-0.0458055613476	-0.0114416085056	0.00750472961255	-0.0687353038424	-0.0314564098356	0.0228530302291	-0.0173896187856	0.00982518562913	0.0256368282664	0.0260002853022	-0.0127064735369	-0.0120412561002	0.0110323953502	-0.0481227547252	0.0114376697016	0.000477914740517	-0.00890414875822	-0.0386762261969	-0.0157473595112	-0.0426152825703	-0.0229657165748	0.0215866453346	0.0285272102907	0.00870297731206	0.0482798756161	0.0593029794741	0.0298253996834	0.0514989337112	-0.00840304701411	-0.0280110311929	-0.0061372975293	-0.0355954384621	0.00516522749045	-0.00519180448264	-0.0519729127911
k__Bacteria;p__Bacteroidetes;c__Bacteroidia;o__Bacteroidales;f__Bacteroidaceae;g__Bacteroides;s__Bacteroides_coprocola	-0.0500381279132	-0.0190123684735	0.00964223730905	-0.0218454519197	-0.0421738282096	-0.0829466390592	0.0193050920708	-0.00865939252807	0.0269268733534	0.00641471720253	-0.0479747287755	1.0	-0.0269537870134	-0.0180691320393	0.00276854336896	0.0351215557033	0.0576086843073	-0.0619649939924	0.00914274252354	-0.0294075867417	0.00830797362577	-0.00649351625126	0.0181584397604	0.0385091438683	0.00192157630114	0.0402070196013	-0.00302574001532	-0.0130195066887	0.0221389945558	-0.0255023069549	-0.00632327659346	-0.015771240854	0.0203851461989	0.0188484316597	-0.0456718913049	-0.00265617889328	0.0344206915151	-0.0392680815122	0.0318715603204	0.0139935531025	-0.0146314318756	0.0215951528694	0.0643993709	-0.0243748049972	-0.0310688110941	-0.044971235265	-0.00641056863007	-0.0253187740569	-0.0290109001102	-0.0569532796563	0.0185654809452	-0.0224381142804	-0.0519184870483	0.00992800888272	-0.00221548745651	0.00402524553474	-0.00443747446705	0.0133463593509	0.00921643186749
k__Bacteria;p__Bacteroidetes;c__Bacteroidia;o__Bacteroidales;f__Bacteroidaceae;g__Bacteroides;s__Bacteroides_cellulosilyticus	-0.0243115974753	-0.019651812891	0.0541790574088	0.0310248448665	0.0082321290919	0.0448398323959	-0.042193237426	-0.0069292455776	-0.000649086296095	-0.0264351006527	0.0242995558207	-0.0269537870134	1.0	-0.0544767029951	-0.0786868185324	-0.0174890717822	-0.0287368286035	0.0180440337289	-0.0184339812291	0.0484894967805	-0.0024898962913	-0.00424346815529	-0.0246525046506	-0.00754240894378	0.0179699062921	-0.0311028342211	-0.0191636844771	0.00501387953387	0.00448317826886	-0.0340856332263	-0.0346141021622	0.00289831663795	-0.0285743033272	0.026177550886	0.0169005949381	0.0626556185741	-0.0356732139006	0.013607637593	-0.0386509169773	0.0108157694706	-0.018197511262	-0.054375914287	-0.0352114229081	0.00572252555183	0.0388985532083	-0.0473075812806	0.02525324128	0.0033348650973	0.00188895467722	-0.0826099301482	0.0125840902577	-0.00342973151316	2.82537228633e-05	0.0106479728858	-0.0295136209575	0.0128149419139	0.0246662938821	0.0187752222593	0.00470840481771
k__Bacteria;p__Bacteroidetes;c__Bacteroidia;o__Bacteroidales;f__Rikenellaceae;g__Alistipes;s__Alistipes_obesi	0.00277024463881	-0.0249112644667	0.0154653585814	-0.0199666892058	0.0138370486625	0.0492472651379	0.00284194887348	-0.0138198154947	0.032347005486	-0.0550027972196	0.0247270183448	-0.0180691320393	-0.0544767029951	1.0	-0.00663523515498	-0.00224777702171	-0.00446958659816	-0.0277098806359	0.0832704620876	-0.0157835109529	0.00240341333279	-0.0479208456789	-0.0425492273864	0.00517505769083	-0.0484251199563	-0.0120464060274	0.00273636324704	-0.0213495805779	0.0254371849097	-0.0383063424902	0.0470984349248	0.0177605883598	0.00423460524608	-0.0301123572974	-0.0336444260112	0.00549280439927	0.0523970917847	-0.044255526375	0.0295085815614	-0.0460384064915	-0.0315558187285	0.0638338200171	-0.0140951613253	0.0213118671306	-0.0875990851134	-0.00190630722884	0.0251580240307	0.00713570884538	0.0138090660402	0.0940001744542	-0.00269258603141	0.0041521898885	-0.0262359536283	-0.0778669508401	-1.40283065097e-05	0.00407563351665	0.0141832853888	0.0489591667248	-0.0324481108768
k__Bacteria;p__Firmicutes;c__Clostridia;o__Clostridiales;f__Lachnospiraceae;g__;s__[Eubacterium]_rectale	-0.0316175035006	0.0545238175104	-0.0150849681921	-0.0445292001211	0.0131879504705	-0.00129233115686	-0.0638393454413	0.000915958245896	-0.0349642512314	-0.0222132167047	0.00766060385718	0.00276854336896	-0.0786868185324	-0.00663523515498	1.0	0.0380834203341	0.0444486670327	-0.0738161652719	0.0025518693081	-0.0178495600234	0.0261605685087	0.000291824794393	0.000234506282083	-0.0492526296538	-0.00560976979627	0.0208433736793	0.0121656317474	0.0152708449861	-0.0519870057073	-0.00796854190287	-0.0029954771828	0.0247724455214	-0.0440827982695	-0.00480536965773	-0.0128505115695	0.0175753485209	-0.00222278037845	-0.0326390867453	-0.0249388443452	0.00510291250345	-0.00547422981954	0.00260291253504	0.0213746163785	0.0203669061621	-0.0509963518537	0.0676629818067	-0.0181433521374	-0.0602269998476	-0.0266361235662	-0.00373445249518	-0.00553751134939	0.0420636105009	0.0138401880174	0.0196643679515	-0.0121128758598	0.00469856113795	0.0070382361231	-0.0138395828296	-0.00275097103799
k__Bacteria;p__Bacteroidetes;c__Bacteroidia;o__Bacteroidales;f__Bacteroidaceae;g__Bacteroides;s__Bacteroides_plebeius	-0.0463897816157	0.0177096819557	-0.0317138652408	-0.0334449906918	0.0130347992372	-0.0133949947757	0.0289186870481	0.0343075018914	-0.0186148780106	0.0548746184276	-0.0224611479352	0.0351215557033	-0.0174890717822	-0.00224777702171	0.0380834203341	1.0	-0.0134213867602	0.0431574788989	0.0118850388309	0.00263477537198	-0.0695108143867	-0.0277996277691	0.0144618090541	0.0039088855941	-0.0355198654524	-0.0533615547818	-0.0538460617058	-0.0175037587277	-0.00098592117019	-0.0285024941515	0.0239833929948	-0.00857197290077	-0.0233965825864	0.0183834623646	0.00611720434876	0.004868132426	0.0389686488836	0.0205301302559	0.0620120830217	0.0214774910583	-0.0208246381775	-0.0166607413283	-1.99987075522e-06	0.00346851940045	-0.0574249979447	0.0107911335976	-0.0101914956902	-0.0567634727428	-0.0190571964858	0.011561331385	-0.00916886909155	0.0207975575344	-0.00887998426159	-0.0666400914564	0.00185871529848	-0.0021221075208	-0.0360234991063	-0.0330520261729	0.0292298884888
k__Bacteria;p__Bacteroidetes;c__Bacteroidia;o__Bacteroidales;f__Bacteroidaceae;g__Bacteroides;s__Bacteroides_fragilis	0.0490931409098	-0.0050635707623	-0.0490461781426	-0.00266982416014	-0.0603549138698	-0.0306743473961	-0.0210789086966	-0.0217641844242	-0.0323112691523	0.061445849443	0.0116919750551	0.0576086843073	-0.0287368286035	-0.00446958659816	0.0444486670327	-0.0134213867602	1.0	-0.0482615444567	-0.0725929742715	-0.0280718404057	-0.0201329412225	-0.0250301564861	0.00126663688213	-0.00624562577882	0.00778250696429	-0.00228525747196	-0.00694976082021	-0.0158051648805	-0.0112953489088	-0.0196851345618	0.0270623170119	-0.0688676123786	0.00233387725074	-0.0138240806863	0.0353651032501	0.0230133933609	0.0313247740503	-0.0286878376112	-0.00902672573571	-0.04083381226	-0.0131259038861	0.0054693944981	-0.0367112660948	-0.0404367411098	-0.0330181568836	-0.0226213445636	-0.0148801032761	0.0217736098876	-0.0227568442339	-0.0246119583591	-0.0472400663685	0.0082751373218	0.019641318195	-0.00936068177676	-0.0204935243971	0.0266764171245	-0.00408699809676	0.00846910320828	-0.011983873928
k__Bacteria;p__Proteobacteria;c__Betaproteobacteria;o__Burkholderiales;f__Sutterellaceae;g__Sutterella;s__Sutterella_wadsworthensis	-0.0463734733703	0.039972198798	0.0210704918715	-0.0419224605752	0.0291940861713	-0.00582817088376	0.0319370938619	0.0213583731331	0.0204815817602	0.00256915858445	0.0370838947366	-0.0619649939924	0.0180440337289	-0.0277098806359	-0.0738161652719	0.0431574788989	-0.0482615444567	1.0	0.028973648318	0.012166540472	-0.00459554064887	-0.0485532527307	-0.0128578396425	0.0101557342288	0.0235478019359	0.0568731554529	0.028240275331	-0.0381709669561	-0.0486529349748	-0.000532993825476	0.0695642076147	-0.0262553670773	-0.0459510906311	0.00753241672539	-0.0588490491375	-0.04419386347	-0.0185928488005	0.0334712815756	-0.00499876690385	0.00721217295168	-0.0135997001271	-0.0378352391853	-0.0343962463423	-0.00168379167067	0.0387512508593	0.032899502801	-0.0180865323178	-0.0762568500656	-0.00600560091207	-0.0125660625131	-0.0646080899629	0.0203473829628	0.000424601528746	-0.0375143359961	-0.000560667122181	0.0342252878462	0.0383214179089	0.0406552519276	-0.0196256881854
k__Bacteria;p__Bacteroidetes;c__Bacteroidia;o__Bacteroidales;f__Porphyromonadaceae;g__Barnesiella;s__Barnesiella_intestinihominis	-0.0472449050978	-0.0330621749939	0.00680446654064	-0.0309862052915	-0.0131731470615	0.0142685260329	0.0379997881667	-0.0117862423396	-0.00640202652635	0.00299035369425	0.040226983267	0.00914274252354	-0.0184339812291	0.0832704620876	0.0025518693081	0.0118850388309	-0.0725929742715	0.028973648318	1.0	0.0275555459683	0.00522257215941	-0.0381787407691	-0.00950907269678	-0.0262628835406	-0.0286881837773	-0.0242546856733	-0.0148738645115	-0.0503711791847	0.0114845904872	-0.0471434857766	-0.0185564596358	-0.00768938212763	0.0289432965645	-0.0130302726356	-0.0304039375971	0.017230106791	-0.0237017124991	0.0267704925967	-0.0209658700893	0.0113969041475	0.0525818919523	0.0199282756013	-0.0236623629969	-0.0459429215875	0.00965107795377	0.00768270917507	0.0215213031244	-0.00165552813607	-0.0408949367618	0.00293851911385	0.010008100101	0.0159859875604	-0.0164871889659	0.021366667278	0.0401753340731	-0.042574779989	-0.0106128427007	0.0047593934325	0.00292974413328
k__Bacteria;p__Bacteroidetes;c__Bacteroidia;o__Bacteroidales;f__Odoribacteraceae;g__Odoribacter;s__Odoribacter_splanchnicus	0.00500080629813	-0.0258473985572	-0.0301188745811	-0.0108943258961	-0.0241229878729	0.00605047062423	0.0496081778483	-0.0112553722341	-0.0569102613235	-0.0289880830161	-0.010168520544	-0.0294075867417	0.0484894967805	-0.0157835109529	-0.0178495600234	0.00263477537198	-0.0280718404057	0.012166540472	0.0275555459683	1.0	0.0368551529714	0.0386527888388	-0.0279843382531	0.00245996119442	0.0344663787492	-0.0301533715478	0.0593075577983	0.021249994806	0.00147536645397	-0.0693572626402	0.00506355304519	-0.00354794178932	0.0180086735842	-0.0342108042783	0.00297201221233	-0.0182418931921	-0.0266459899458	0.00991673956329	-0.000903204950882	-0.0498958449926	-0.044701802554	-0.000728891560702	-0.00651937992058	-0.0127808261851	0.00997159448425	0.00659790245262	0.0678811156752	0.0395115798766	-0.0334018873773	-0.0205079057849	-0.0107142189492	-0.0101835369794	-0.0502809545634	-0.0916163764971	0.00214716775823	-0.00594650927052	0.00317037581211	0.00556753358962	0.00383958658477
k__Bacteria;p__Bacteroidetes;c__Bacteroidia;o__Bacteroidales;f__Bacteroidaceae;g__Bacteroides;s__Bacteroides_salyersiae	0.0460132637319	-0.0498612112629	0.0135543418852	-0.0218699639272	-0.0295002889287	-0.00869845424003	-0.0258068958665	-0.0617893951437	0.0215470049602	-0.0389525984592	0.027753739695	0.00830797362577	-0.0024898962913	0.00240341333279	0.0261605685087	-0.0695108143867	-0.0201329412225	-0.00459554064887	0.00522257215941	0.0368551529714	1.0	0.059829039494	0.0143362476676	-0.0217482058049	-0.0261674780011	-0.000841614243399	0.0160831777838	-0.0389494382907	-0.0199809770009	-0.0530304962549	-0.0127652633334	-0.0267369893457	-0.0104935543105	0.0237688265557	-0.0514186119749	-0.0435950202597	0.0417437521665	-0.0147919438604	-0.0184308348237	0.00533485931494	-0.0307560586541	-0.00144164428767	-0.0164259259125	0.0359860069445	0.0139485438599	-0.00712913350195	0.0426609697202	-0.0282395370379	-0.000322970773818	-0.0104037222568	-0.0624460886612	0.0566670381339	-0.0155311624174	-0.00306748635169	-0.0200019214558	0.0169039976815	-0.0138116635564	0.0150983906059	0.0506069634053
k__Bacteria;p__Firmicutes;c__Clostridia;o__Clostridiales;f__Ruminococcaceae;g__Ruminiclostridium;s__[Eubacterium]_siraeum	0.00206044848952	-0.0323491407131	-0.0211300609395	0.0415355954595	-0.00763316529212	-0.0282715084462	-0.0771859305397	-0.000615452580736	-0.0388506572618	-0.0188513796277	0.0129766937263	-0.00649351625126	-0.00424346815529	-0.0479208456789	0.000291824794393	-0.0277996277691	-0.0250301564861	-0.0485532527307	-0.0381787407691	0.0386527888388	0.059829039494	1.0	-0.0793751364286	-0.00361772522235	-0.0668357545603	0.0207191949014	-0.0171470703899	-0.00904060502863	-0.0333521447955	-0.059145450319	0.00989412250221	0.00843142878128	0.0221225723925	-0.0322332666613	-0.0345058811926	-0.000769009316039	0.00710918590323	0.0447398833452	0.028415350013	-0.00798962400212	-0.0277654087989	-0.058121032169	0.029229988045	0.0107276238423	0.0103499127004	-0.0457704342931	0.00398436984348	-0.00771663810139	-0.0077127638914	0.0260672169239	0.0452622568593	0.0289405910713	-0.0123948084295	-0.0730510192522	-0.00406537306599	-0.0341438654441	-0.00451990814822	-0.00954772052017	-0.00303720772381
k__Bacteria;p__Proteobacteria;c__Betaproteobacteria;o__Burkholderiales;f__Sutterellaceae;g__Parasutterella;s__Parasutterella_excrementihominis	-0.0420975734563	0.0121733329176	0.00410863397232	0.0213453601993	0.0313539217714	0.00188167168893	-0.0405538604747	-0.028723198942	0.0121212328335	-0.0271967702368	-0.000489959103899	0.0181584397604	-0.0246525046506	-0.0425492273864	0.000234506282083	0.0144618090541	0.00126663688213	-0.0128578396425	-0.00950907269678	-0.0279843382531	0.0143362476676	-0.0793751364286	1.0	-0.0136900802969	0.064717683703	0.00526255099482	-0.00298752724052	-0.0231373510381	-0.0779647069076	0.0463777982224	-0.0197625885745	0.0202114987477	0.0483710749847	-0.036762236753	0.0114542216521	0.025146993136	0.00453327657763	-0.0172451108007	-0.0271628189743	-0.0194929031843	0.047604511119	0.0562908727319	-0.0316579119534	0.0127066843803	-0.00282693204163	-0.000256913349375	-0.0137488932116	-0.0277758765614	-0.0200244791158	0.0187847552433	-0.0194809051894	-0.00186005015276	0.0946234933869	-0.0393312318985	-0.00543218218451	0.00796814381027	-0.00725558329658	0.0685476904101	-0.0629795307754
k__Bacteria;p__Actinobacteria;c__Actinobacteria;o__Bifidobacteriales;f__Bifidobacteriaceae;g__Bifidobacterium;s__Bifidobacterium_adolescentis	-0.00824717772082	-0.0192950477703	-0.0506445576201	-0.0118816247425	0.0218872472412	-0.0207069775608	0.0137892344846	0.0124323517636	0.0170332208152	-0.0633674980258	-0.0596936789544	0.0385091438683	-0.00754240894378	0.00517505769083	-0.0492526296538	0.0039088855941	-0.00624562577882	0.0101557342288	-0.0262628835406	0.00245996119442	-0.0217482058049	-0.00361772522235	-0.0136900802969	1.0	0.0190835884963	-0.0510975959936	-0.0256559307657	-0.0172137835095	-0.0648794511776	0.0128975808139	-0.038594797363	-0.043834344256	-0.0557230667067	-0.0159303038322	0.0314153130575	0.00171374335436	-0.087085119841	0.00850892755595	0.000321699692	0.0225010908985	0.0257165738412	0.00151197970501	-0.039757778596	0.0377188225974	-0.01003719767	0.00642266974875	0.052407239919	-0.0578733413317	-0.0400828387444	-0.0094508185317	-0.0385556860161	0.0572552900565	0.00423926027501	0.0356020558459	0.0401519998038	0.0385207051128	-0.0222345286877	0.0406319387066	-0.0809978572734
k__Bacteria;p__Firmicutes;c__Clostridia;o__Clostridiales;f__Oscillospiraceae;g__Oscillibacter;s__Oscillibacter_sp._KLE_1745	0.000244357236543	0.0323093312824	-0.0193427931829	-0.00221467968047	0.0204247671019	0.0452471728399	-0.0726353706323	0.0236607872268	0.00286758379792	0.00363316051246	-0.0458055613476	0.00192157630114	0.0179699062921	-0.0484251199563	-0.00560976979627	-0.0355198654524	0.00778250696429	0.0235478019359	-0.0286881837773	0.0344663787492	-0.0261674780011	-0.0668357545603	0.064717683703	0.0190835884963	1.0	-0.0065420675541	0.00515261037421	-0.0202187075805	-0.0280628122251	0.00839250336034	0.0140893799777	-0.0243571238155	0.0267806820627	-0.0245701412239	0.0488594985211	-0.0302143722085	0.0149126466034	-0.000860559147944	-0.0486143454577	0.0458133045396	-0.0163654078184	-0.0312067032061	0.0398285010967	0.00495928060135	-0.0020026156079	-0.0414728724422	0.0191357129075	0.00947445345052	0.0543306557938	-0.107817868733	-0.0527896143458	-0.0275759397508	-0.0364480688865	-0.0164291157227	-0.00200346247675	-0.00235117837962	-0.0136801682264	-0.0214500936155	0.0152842295847
k__Bacteria;p__Bacteroidetes;c__Bacteroidia;o__Bacteroidales;f__Bacteroidaceae;g__Bacteroides;s__Bacteroides_coprophilus	-0.0677419942304	0.0129746244458	-0.0165676362114	-0.0428372047891	-0.0226741030435	-0.0201658156796	0.0140530844584	0.0402198627399	0.0270545684889	0.0509481200438	-0.0114416085056	0.0402070196013	-0.0311028342211	-0.0120464060274	0.0208433736793	-0.0533615547818	-0.00228525747196	0.0568731554529	-0.0242546856733	-0.0301533715478	-0.000841614243399	0.0207191949014	0.00526255099482	-0.0510975959936	-0.0065420675541	1.0	-0.0120579812791	0.0270927467209	0.0458812841967	-0.00426958139995	-0.00739387880073	0.0210064308549	0.00640108490917	0.0150326450346	-0.00283722205876	-0.021453220602	-0.05033370755	-0.00134420087201	-0.032052333313	0.00471742175753	-0.055916999862	-0.0130801975158	0.0147406264158	0.0352751475357	-0.0316735801248	-0.0452410343485	-0.0429999735174	-0.0202244445389	-0.0228214510624	-0.0188243430209	-0.0436826983248	0.00417315697505	-0.0342304332936	0.0040877031799	0.0562246938583	-0.0156346919024	0.0629351248037	0.00617856828091	-0.00673696798506
k__Bacteria;p__Firmicutes;c__Clostridia;o__Clostridiales;f__Lachnospiraceae;g__Roseburia;s__Roseburia_intestinalis	0.00613560317271	0.0401499424521	0.0192635714863	0.0058187877995	0.041671625363	-0.0117982752255	-0.0356964468156	0.00199183753149	0.0197904657784	-0.0419862240797	0.00750472961255	-0.00302574001532	-0.0191636844771	0.00273636324704	0.0121656317474	-0.0538460617058	-0.00694976082021	0.028240275331	-0.0148738645115	0.0593075577983	0.0160831777838	-0.0171470703899	-0.00298752724052	-0.0256559307657	0.00515261037421	-0.0120579812791	1.0	0.0636897188994	-0.0243315898241	-0.0268118483166	-0.000322691596809	0.0124564426058	0.0299743018205	-0.0523023090095	-0.0427410354572	-0.0134650585044	-0.0172938004703	0.0476515356159	-0.0362291274786	-0.0238808785383	-0.0173034422758	-0.0126215988475	-0.0286210420944	-0.0284624244458	-0.0462558577279	0.0578089113008	-0.00476961421687	0.00286102772935	0.0210908696552	-0.0178773290193	0.0668013806661	-0.0129388381864	0.00785501508937	0.0194717752505	-0.0609146685587	-0.0160940714503	-0.0193203059409	-0.0444996322498	0.0187197144849
k__Bacteria;p__Firmicutes;c__Clostridia;o__Clostridiales;f__Lachnospiraceae;g__Roseburia;s__Roseburia_hominis	-0.037392962726	0.0114534324447	0.0437000249284	0.0368585118834	0.0113750864771	-0.0320383616308	0.0379525189276	0.0195109795365	0.00625999801258	0.0163810866059	-0.0687353038424	-0.0130195066887	0.00501387953387	-0.0213495805779	0.0152708449861	-0.0175037587277	-0.0158051648805	-0.0381709669561	-0.0503711791847	0.021249994806	-0.0389494382907	-0.00904060502863	-0.0231373510381	-0.0172137835095	-0.0202187075805	0.0270927467209	0.0636897188994	1.0	-0.0554311722722	-0.00103313817427	-0.018614188362	0.0275414242855	0.0255593159526	-0.0187177562195	-0.0315462732315	0.0212015853211	0.0128724262911	-0.00035207649357	-0.00176863294745	-0.0870252453392	0.0128028001093	-0.0760726224597	-0.0577238567582	-0.0578710032104	0.0394296961569	0.0342405993196	0.00267258215977	-0.0153492852374	-0.00796151726467	-0.00223472389137	-0.0181247883027	-0.0533413822937	0.0333581670049	0.0268785289397	0.0211195747526	-0.0234587058706	-0.0171468866439	0.0286846267962	0.0292405312133
k__Bacteria;p__Bacteroidetes;c__Bacteroidia;o__Bacteroidales;f__Porphyromonadaceae;g__Parabacteroides;s__Parabacteroides_johnsonii	0.0727316991371	0.0215289902252	0.0136833323206	0.0832499852641	0.0371334870532	0.0252236745375	0.0458006911781	-0.036797789277	-0.00749827977791	-0.00651390667003	-0.0314564098356	0.0221389945558	0.00448317826886	0.0254371849097	-0.0519870057073	-0.00098592117019	-0.0112953489088	-0.0486529349748	0.0114845904872	0.00147536645397	-0.0199809770009	-0.0333521447955	-0.0779647069076	-0.0648794511776	-0.0280628122251	0.0458812841967	-0.0243315898241	-0.0554311722722	1.0	0.0175305814175	0.00480485700821	0.00185839887258	0.00404503076198	-0.0278887050873	-0.00115148406757	-0.0117616087241	0.0147035665769	0.0177806412184	-0.0362784656655	0.0079525664356	0.00972855727881	-0.0165530689438	-0.0281260933508	-0.0149591589108	-0.0422915590194	-0.00777325194726	0.0463526508203	-0.0615615256671	-0.0310560389158	0.0557471745595	-0.00833479403783	-0.0327143160172	0.0431552457686	-0.00873845993741	-0.0613288266954	0.0179907746915	-0.0049720177426	-0.0456322357674	0.0364914860951
k__Bacteria;p__Actinobacteria;c__Actinobacteria;o__Bifidobacteriales;f__Bifidobacteriaceae;g__Bifidobacterium;s__Bifidobacterium_longum	0.0471533865518	-0.0226923844112	-0.0544608182264	0.0103607641987	0.00553246159314	0.0139076023922	-0.0572296909457	-0.0269952955245	-0.0221512104098	0.0326216554273	0.0228530302291	-0.0255023069549	-0.0340856332263	-0.0383063424902	-0.00796854190287	-0.0285024941515	-0.0196851345618	-0.000532993825476	-0.0471434857766	-0.0693572626402	-0.0530304962549	-0.059145450319	0.0463777982224	0.0128975808139	0.00839250336034	-0.00426958139995	-0.0268118483166	-0.00103313817427	0.0175305814175	1.0	0.00806537845486	0.0581996106088	0.00433625484231	-0.0439980397585	-0.0154321720454	0.031096826645	-0.0423016647757	-0.0418043917446	0.0220330866808	0.000535721566034	0.027531773292	-0.00235867131317	0.00337490812995	-0.0767715695733	-0.0160950396084	0.0465353023014	0.0156056408445	-0.0355492546459	0.0219400719248	0.00384842871892	-0.0304451495876	0.0394808632321	-0.00247886775976	-0.0107623201977	-0.005660752062	0.0115593218196	-0.0267035175483	0.0216607947116	0.00888045883389
