#taxonomy	k__Bacteria;p__Bacteroidetes;c__Bacteroidia;o__Bacteroidales;f__Bacteroidaceae;g__Bacteroides;s__Bacteroides_vulgatus	k__Bacteria;p__Bacteroidetes;c__Bacteroidia;o__Bacteroidales;f__Bacteroidaceae;g__Bacteroides;s__Bacteroides_uniformis	k__Bacteria;p__Bacteroidetes;c__Bacteroidia;o__Bacteroidales;f__Rikenellaceae;g__Alistipes;s__Alistipes_putredinis	k__Bacteria;p__Bacteroidetes;c__Bacteroidia;o__Bacteroidales;f__Prevotellaceae;g__Prevotella;s__Prevotella_copri	k__Bacteria;p__Bacteroidetes;c__Bacteroidia;o__Bacteroidales;f__Bacteroidaceae;g__Bacteroides;s__Bacteroides_stercoris	k__Bacteria;p__Bacteroidetes;c__Bacteroidia;o__Bacteroidales;f__Bacteroidaceae;g__Bacteroides;s__Bacteroides_ovatus	k__Bacteria;p__Bacteroidetes;c__Bacteroidia;o__Bacteroidales;f__Rikenellaceae;g__Alistipes;s__Alistipes_shahii	k__Bacteria;p__Firmicutes;c__Clostridia;o__Clostridiales;f__Ruminococcaceae;g__Faecalibacterium;s__Faecalibacterium_prausnitzii	k__Bacteria;p__Bacteroidetes;c__Bacteroidia;o__Bacteroidales;f__Rikenellaceae;g__Alistipes;s__Alistipes_finegoldii	k__Bacteria;p__Bacteroidetes;c__Bacteroidia;o__Bacteroidales;f__Porphyromonadaceae;g__Parabacteroides;s__Parabacteroides_distasonis	k__Bacteria;p__Bacteroidetes;c__Bacteroidia;o__Bacteroidales;f__Bacteroidaceae;g__Bacteroides;s__Bacteroides_thetaiotaomicron	k__Bacteria;p__Bacteroidetes;c__Bacteroidia;o__Bacteroidales;f__Bacteroidaceae;g__Bacteroides;s__Bacteroides_coprocola	k__Bacteria;p__Bacteroidetes;c__Bacteroidia;o__Bacteroidales;f__Bacteroidaceae;g__Bacteroides;s__Bacteroides_cellulosilyticus	k__Bacteria;p__Bacteroidetes;c__Bacteroidia;o__Bacteroidales;f__Rikenellaceae;g__Alistipes;s__Alistipes_obesi	k__Bacteria;p__Firmicutes;c__Clostridia;o__Clostridiales;f__Lachnospiraceae;g__;s__[Eubacterium]_rectale	k__Bacteria;p__Bacteroidetes;c__Bacteroidia;o__Bacteroidales;f__Bacteroidaceae;g__Bacteroides;s__Bacteroides_plebeius	k__Bacteria;p__Bacteroidetes;c__Bacteroidia;o__Bacteroidales;f__Bacteroidaceae;g__Bacteroides;s__Bacteroides_fragilis	k__Bacteria;p__Proteobacteria;c__Betaproteobacteria;o__Burkholderiales;f__Sutterellaceae;g__Sutterella;s__Sutterella_wadsworthensis	k__Bacteria;p__Bacteroidetes;c__Bacteroidia;o__Bacteroidales;f__Porphyromonadaceae;g__Barnesiella;s__Barnesiella_intestinihominis	k__Bacteria;p__Bacteroidetes;c__Bacteroidia;o__Bacteroidales;f__Odoribacteraceae;g__Odoribacter;s__Odoribacter_splanchnicus	k__Bacteria;p__Bacteroidetes;c__Bacteroidia;o__Bacteroidales;f__Bacteroidaceae;g__Bacteroides;s__Bacteroides_salyersiae	k__Bacteria;p__Firmicutes;c__Clostridia;o__Clostridiales;f__Ruminococcaceae;g__Ruminiclostridium;s__[Eubacterium]_siraeum	k__Bacteria;p__Proteobacteria;c__Betaproteobacteria;o__Burkholderiales;f__Sutterellaceae;g__Parasutterella;s__Parasutterella_excrementihominis	k__Bacteria;p__Actinobacteria;c__Actinobacteria;o__Bifidobacteriales;f__Bifidobacteriaceae;g__Bifidobacterium;s__Bifidobacterium_adolescentis	k__Bacteria;p__Firmicutes;c__Clostridia;o__Clostridiales;f__Oscillospiraceae;g__Oscillibacter;s__Oscillibacter_sp._KLE_1745	k__Bacteria;p__Bacteroidetes;c__Bacteroidia;o__Bacteroidales;f__Bacteroidaceae;g__Bacteroides;s__Bacteroides_coprophilus	k__Bacteria;p__Firmicutes;c__Clostridia;o__Clostridiales;f__Lachnospiraceae;g__Roseburia;s__Roseburia_intestinalis	k__Bacteria;p__Firmicutes;c__Clostridia;o__Clostridiales;f__Lachnospiraceae;g__Roseburia;s__Roseburia_hominis	k__Bacteria;p__Bacteroidetes;c__Bacteroidia;o__Bacteroidales;f__Porphyromonadaceae;g__Parabacteroides;s__Parabacteroides_johnsonii	k__Bacteria;p__Actinobacteria;c__Actinobacteria;o__Bifidobacteriales;f__Bifidobacteriaceae;g__Bifidobacterium;s__Bifidobacterium_longum	k__Bacteria;p__Firmicutes;c__Clostridia;o__Clostridiales;f__;g__Flavonifractor;s__Flavonifractor_plautii	k__Bacteria;p__Firmicutes;c__Clostridia;o__Clostridiales;f__Clostridiaceae;g__Clostridium;s__Clostridium_phoceensis	k__Bacteria;p__Verrucomicrobia;c__Verrucomicrobiae;o__Verrucomicrobiales;f__Akkermansiaceae;g__Akkermansia;s__Akkermansia_muciniphila	k__Bacteria;p__Bacteroidetes;c__Bacteroidia;o__Bacteroidales;f__Prevotellaceae;g__Paraprevotella;s__Paraprevotella_xylaniphila	k__Bacteria;p__Firmicutes;c__Clostridia;o__Clostridiales;f__Ruminococcaceae;g__Ruminococcus;s__Ruminococcus_callidus	k__Bacteria;p__Bacteroidetes;c__Bacteroidia;o__Bacteroidales;f__Rikenellaceae;g__Alistipes;s__Alistipes_senegalensis	k__Bacteria;p__Firmicutes;c__Clostridia;o__Clostridiales;f__Lachnospiraceae;g__Blautia;s__Blautia_sp._KLE_1732	k__Bacteria;p__Bacteroidetes;c__Bacteroidia;o__Bacteroidales;f__Bacteroidaceae;g__Bacteroides;s__Bacteroides_oleiciplenus	k__Bacteria;p__Firmicutes;c__Clostridia;o__Clostridiales;f__Ruminococcaceae;g__Ruminococcus;s__Ruminococcus_bicirculans	k__Bacteria;p__Bacteroidetes;c__Bacteroidia;o__Bacteroidales;f__Bacteroidaceae;g__Bacteroides;s__Bacteroides_fluxus	k__Bacteria;p__Bacteroidetes;c__Bacteroidia;o__Bacteroidales;f__Prevotellaceae;g__Prevotella;s__Prevotella_stercorea	k__Bacteria;p__Firmicutes;c__Clostridia;o__Clostridiales;f__Lachnospiraceae;g__Dorea;s__Dorea_longicatena	k__Bacteria;p__Firmicutes;c__Clostridia;o__Clostridiales;f__Eubacteriaceae;g__Eubacterium;s__[Eubacterium]_eligens	k__Bacteria;p__Firmicutes;c__Clostridia;o__Clostridiales;f__Ruminococcaceae;g__;s__Ruminococcaceae_bacterium_D16	k__Bacteria;p__Firmicutes;c__Clostridia;o__Clostridiales;f__Lachnospiraceae;g__Coprococcus;s__Coprococcus_comes	k__Bacteria;p__Proteobacteria;c__Gammaproteobacteria;o__Enterobacterales;f__Enterobacteriaceae;g__Escherichia;s__Escherichia_coli	k__Bacteria;p__Firmicutes;c__Clostridia;o__Clostridiales;f__Ruminococcaceae;g__Anaerotruncus;s__Anaerotruncus_colihominis	k__Bacteria;p__Firmicutes;c__Clostridia;o__Clostridiales;f__Lachnospiraceae;g__Blautia;s__Blautia_obeum	k__Bacteria;p__Bacteroidetes;c__Bacteroidia;o__Bacteroidales;f__Odoribacteraceae;g__Odoribacter;s__Odoribacter_laneus	k__Bacteria;p__Firmicutes;c__Clostridia;o__Clostridiales;f__Ruminococcaceae;g__Ruminiclostridium;s__[Clostridium]_leptum	k__Bacteria;p__Bacteroidetes;c__Bacteroidia;o__Bacteroidales;f__Porphyromonadaceae;g__Parabacteroides;s__Parabacteroides_goldsteinii	k__Bacteria;p__Firmicutes;c__Clostridia;o__Clostridiales;f__Lachnospiraceae;g__Anaerostipes;s__Anaerostipes_hadrus	k__Bacteria;p__Firmicutes;c__Clostridia;o__Clostridiales;f__Ruminococcaceae;g__Ruminococcus;s__Ruminococcus_lactaris	k__Bacteria;p__Firmicutes;c__Clostridia;o__Clostridiales;f__Clostridiaceae;g__Clostridium;s__Clostridium_sp._L2-50	k__Bacteria;p__Firmicutes;c__Clostridia;o__Clostridiales;f__Clostridiaceae;g__Clostridium;s__Clostridium_sp._M62/1	k__Bacteria;p__Firmicutes;c__Clostridia;o__Clostridiales;f__;g__Intestinimonas;s__Intestinimonas_butyriciproducens	k__Bacteria;p__Actinobacteria;c__Actinobacteria;o__Bifidobacteriales;f__Bifidobacteriaceae;g__Bifidobacterium;s__Bifidobacterium_bifidum	k__Bacteria;p__Firmicutes;c__Negativicutes;o__Veillonellales;f__Veillonellaceae;g__Dialister;s__Dialister_invisus	k__Bacteria;p__Bacteroidetes;c__Bacteroidia;o__Bacteroidales;f__Bacteroidaceae;g__Bacteroides;s__Bacteroides_salanitronis
k__Bacteria;p__Bacteroidetes;c__Bacteroidia;o__Bacteroidales;f__Bacteroidaceae;g__Bacteroides;s__Bacteroides_vulgatus	1.0	-0.0401500535185	0.0306341432887	-0.0115004885124	0.0102908214318	-0.0169316060864	-0.000642364347721	-0.000301164961124	0.0615715390134	0.0120678764224	-0.0060011503756	0.00326957452681	-0.0826219409925	-0.0506975494668	-0.0560750268001	-0.00493724332577	-0.00147187428609	0.0560723752741	-0.0902410504897	0.0428216740165	-0.0466821650194	0.0478521100819	-0.0161493241146	0.0361516187747	-0.0473180617629	-0.01334973928	0.000273637168711	-0.0186127002124	-0.0521849675901	-0.0330413755555	-0.0302025433219	0.00231042863746	0.00199824396821	0.0109677479135	0.0158901652303	0.0730694603617	-0.029539751978	0.0420500627507	0.0259624565023	-0.0207562979952	0.017801772727	0.0230722279733	0.00916214931792	-0.01543982534	-0.0127131788146	-0.0191210623278	0.00432893591947	0.00338640567241	-0.0134191125458	0.0253003774975	-0.00863463636766	-0.0643988024525	-0.00218129544651	-0.0184902701711	0.0516059412654	0.00843136166731	0.00143123702871	-0.0295547233836	-0.0167652611513
k__Bacteria;p__Bacteroidetes;c__Bacteroidia;o__Bacteroidales;f__Bacteroidaceae;g__Bacteroides;s__Bacteroides_uniformis	-0.0401500535185	1.0	0.0194032288329	-0.0166181347141	-0.0291048505881	-0.0222904338747	0.0114746462747	0.0292628464622	0.00779797477818	-0.0541497623649	0.0277821910474	-0.0355776116241	0.0109523692142	-0.0505879090076	-0.0677678410299	-0.0046554838528	0.0193451718708	0.0103160128392	-0.0443600447988	-0.0147098704371	-0.0149485347727	0.00383857054263	-0.0296199086668	0.0315243209459	-0.0540582749377	0.00335739162069	-0.0180298277292	-0.0115878696318	-0.0748736961583	-0.0255667737536	-0.0458641551774	-0.0227120429111	0.0742490014443	0.0722554602638	-0.0391924589125	0.0336181766484	0.00724038845976	-0.0454457889569	-0.0467414245265	-0.0311901467753	0.016606395788	-0.0599573843577	0.0516819633215	-0.0167697532646	-0.037662494437	-0.00521570150791	-0.00642273046374	0.0560853036411	0.0295598668351	0.0723539285706	0.00644866547617	0.0344442041162	-0.0365667398024	0.0335125824566	0.0395813479706	0.0946339992549	-0.0380184275103	-0.06032362043	0.0204390718025
k__Bacteria;p__Bacteroidetes;c__Bacteroidia;o__Bacteroidales;f__Rikenellaceae;g__Alistipes;s__Alistipes_putredinis	0.0306341432887	0.0194032288329	1.0	-0.0375148723298	0.00262818506734	-0.0214707103018	-0.00721174836426	-0.0404622045508	0.0141262270974	0.0661373219771	-0.0192291721938	0.0414593407055	-0.0322063151029	-0.000806297623022	0.0432447484846	0.0730009188525	0.0191166684066	0.0498947143043	-0.0214142826938	-0.027710395856	0.0352539777685	-0.0154418709427	0.0104265077941	-0.0630198600485	0.0364189373066	-0.0192061663867	0.0028809765197	0.0430818014279	-0.0407669578752	0.0452347251108	-0.0154357699408	-0.0505040184869	-0.0116763316491	-0.0297735361368	-0.0412753670846	-0.00731719020012	0.00686705004313	0.00730852046475	0.0167627452671	0.0367696832777	-0.0348965626383	0.00586904583564	0.0174123708749	-0.0159081665592	-0.0541506957325	-0.0186656905264	0.026079577862	-0.00974284273137	0.00567395413085	-0.0460340223673	0.00496825707815	-0.0409195980073	0.00719991767885	0.0239311567462	-0.0384521596981	0.0142547305066	-0.0376414375653	-0.0228839045413	-0.0350856983239
k__Bacteria;p__Bacteroidetes;c__Bacteroidia;o__Bacteroidales;f__Prevotellaceae;g__Prevotella;s__Prevotella_copri	-0.0115004885124	-0.0166181347141	-0.0375148723298	1.0	-0.0429844930036	-0.0360596476417	0.0234808470429	0.00211468588932	-0.0226149853419	-0.0360259065254	0.0415847452544	-0.0147110147678	-0.091204464157	-0.00320557833429	0.024203654519	0.00932323546822	0.0328979522987	0.0257840093473	0.00762733757198	-1.44391657785e-05	0.0108601657837	0.0887949991396	-0.0613976604598	0.0579449556627	-0.0173703653729	-0.0420170690762	-0.0566499119471	-0.0644661887508	-0.0370478836546	-0.0213571473204	0.0136119123603	-0.00800278844395	-0.0112818916326	-0.00204734300717	-0.00419787768047	-0.0275003113961	0.00548973104983	0.0135128936502	0.0150667492944	0.00277610083075	-0.00309573597958	-0.0235617623245	-0.00230026931387	-0.0415354585547	-0.030247191482	0.0528989093567	-0.0267621497728	0.0184979595473	-0.030219301728	0.0650909424554	-0.035791031461	0.0403707025673	0.00094984187268	0.0804444707069	-0.038642082411	0.000710535737717	-0.0589191671126	-0.0340910879104	-0.00339268819978
k__Bacteria;p__Bacteroidetes;c__Bacteroidia;o__Bacteroidales;f__Bacteroidaceae;g__Bacteroides;s__Bacteroides_stercoris	0.0102908214318	-0.0291048505881	0.00262818506734	-0.0429844930036	1.0	-0.00063820939344	-0.0335965692899	-0.0230765921641	-0.0209585616401	0.0021294269971	-0.0101505248874	-0.0242442063415	-0.0255269083702	0.00783574442302	-0.0218242860246	-0.009466054517	-0.040680628811	-0.00144564463451	-0.0292187936324	-0.0254223347626	-0.0367679513422	-0.0743903219838	-0.02164891171	-0.00238172859541	0.0046057082692	-0.00353867736286	0.0105443749267	-0.00636854127682	-0.135239665783	-0.0129668927717	-0.000687687488299	-0.0776206642718	-0.0245892917132	0.0239420154581	0.00780075298942	0.0186167085498	0.0251407363036	0.0156473866636	-0.0785576555158	0.0296741596023	-0.00502117562304	0.0119817258041	-0.0289612759832	0.0642486112231	0.0218397546046	-0.00137981679078	-0.0188213425898	0.0425286146695	0.0372224327984	0.000430826260535	-0.0593841528136	-0.0460911424222	-0.0242213711611	0.0407335034041	-0.0195063485436	-0.0105189406422	-0.0253919732533	0.0196823623888	0.0426603674709
k__Bacteria;p__Bacteroidetes;c__Bacteroidia;o__Bacteroidales;f__Bacteroidaceae;g__Bacteroides;s__Bacteroides_ovatus	-0.0169316060864	-0.0222904338747	-0.0214707103018	-0.0360596476417	-0.00063820939344	1.0	-0.034780565315	-0.0192954122365	0.069414083675	0.00826962588352	0.0384582345737	0.0255166972234	0.0289015666191	0.0204405628621	-0.00481636900451	-0.00754134877033	-0.0819986264112	-0.0475932235022	-0.0189357097333	0.00170222421981	0.0162720756943	-0.0130252502049	0.000957242279697	-0.0553710986337	-0.00548073149557	-0.0177626753944	0.0472017016944	-0.0523069896883	0.0293634066741	-0.0845710576835	-0.0153612015092	0.0153187790408	-0.0412281849549	0.0225311194122	0.0215203360769	-0.011897062844	-0.032265126784	0.0295610225453	0.0589968991765	0.0156848462053	-0.0429340790381	0.0015292797399	0.00884235341163	-0.00884749171228	0.0317541352633	-0.0565167931024	0.0127112852893	0.0305623767959	-0.0311100878644	-0.0709549943296	-0.00913643795435	-0.0273287700369	-0.00902338431037	-0.00253843191206	-0.0258665961541	0.00728065876183	-0.0859666161547	-0.0499280978152	-0.0234178850237
k__Bacteria;p__Bacteroidetes;c__Bacteroidia;o__Bacteroidales;f__Rikenellaceae;g__Alistipes;s__Alistipes_shahii	-0.000642364347721	0.0114746462747	-0.00721174836426	0.0234808470429	-0.0335965692899	-0.034780565315	1.0	-0.0192046037022	-0.0327571179824	0.0377332465659	0.0189421612877	0.0810079763949	-0.0719597004958	-0.00497998026336	-0.0466383139627	-0.0855754210032	0.0280066741742	-0.00015387190421	0.0367436381388	0.0659475942106	-0.0766045543113	0.0451674813385	-0.0426471394015	-0.000706085588807	-0.0021407892992	0.0100837993997	-0.0292000791761	-0.00355658967615	-0.021270652605	-0.0450650512615	-0.00375033730692	0.0067060150995	0.0464041282369	-0.0492049672365	-0.0579006987848	-0.0357635406791	-0.0832722033241	-0.0210312577002	0.0160899191365	0.00716060057241	0.0179938381126	-0.00884084653352	-0.0434828714977	0.00160682973662	0.0283908107185	-0.0113192458129	0.0237298306476	0.0401599208002	0.072856498659	-0.0159709571863	0.0109209027932	-0.0442181742425	-0.000576849130834	-0.00244286167651	0.0513842382457	0.00957659774889	-0.0232455820808	-0.016467673214	0.00357786373474
k__Bacteria;p__Firmicutes;c__Clostridia;o__Clostridiales;f__Ruminococcaceae;g__Faecalibacterium;s__Faecalibacterium_prausnitzii	-0.000301164961124	0.0292628464622	-0.0404622045508	0.00211468588932	-0.0230765921641	-0.0192954122365	-0.0192046037022	1.0	0.0382054364847	-0.0361694684993	0.00533770520377	-0.028533317413	0.0262509748714	0.0166587774477	0.0209080330639	-0.00514580890825	-0.0293017097501	-0.0486849610786	-0.00354847364958	-0.0611656389377	-0.00802636536172	-0.0084567253278	-0.00133887108034	-0.0284582230625	-0.0563491205566	-0.0406999287748	-0.0196826984268	-0.00827190553545	-0.0724192453671	-0.00481210578568	-0.0385190250529	0.026722509744	0.000444551271335	-0.022603803817	-0.00346582996389	-0.0139740922481	0.0115716657686	-0.00293002117348	-0.00834350396055	0.0393970606504	-0.00199235694348	-0.00507734509614	0.0303078757094	0.0239658825692	-0.00572708419283	0.0509800158456	0.040623654072	-0.0640255808712	-0.00609591707828	0.00201485091617	-0.0539105302372	-0.0535056576718	0.0776796082869	-0.00302971650265	-0.0375748505127	-0.0286328568209	0.0244929260111	0.013510770205	-0.0564963482635
k__Bacteria;p__Bacteroidetes;c__Bacteroidia;o__Bacteroidales;f__Rikenellaceae;g__Alistipes;s__Alistipes_finegoldii	0.0615715390134	0.00779797477818	0.0141262270974	-0.0226149853419	-0.0209585616401	0.069414083675	-0.0327571179824	0.0382054364847	1.0	0.0386095592842	-0.0130881201215	-0.0181179719771	-0.0195881729533	0.0480438444432	-0.0569312180755	0.0685656649027	-0.0113919198776	-0.00487598035207	-0.0160062866269	0.0266199216773	-0.0422431062069	-0.0690733901888	-0.0893029107567	-0.0373779312908	-0.00419614771787	-0.0329788852859	0.000368939140064	-0.00992256977959	-0.00823425249581	-0.0287652380757	-0.0210348442337	0.030552236102	0.00338886161029	0.00323224911593	0.0919215482511	0.0225465220086	0.00852007066355	0.0219792084117	-0.0320645535438	-0.0441497043073	-0.013220762823	-0.0417435773647	-0.0259266156716	-0.0912285317841	0.0181522757075	0.00753797306357	-0.0840917940049	0.00917187835845	-0.0109726273773	-0.0320183563995	-0.0661457223024	-0.0110328388134	-0.0393491370665	0.0105030565613	-0.0196678672555	-0.0517421994096	0.0223716029118	0.0399996763119	-0.0166673813254
k__Bacteria;p__Bacteroidetes;c__Bacteroidia;o__Bacteroidales;f__Porphyromonadaceae;g__Parabacteroides;s__Parabacteroides_distasonis	0.0120678764224	-0.0541497623649	0.0661373219771	-0.0360259065254	0.0021294269971	0.00826962588352	0.0377332465659	-0.0361694684993	0.0386095592842	1.0	-0.0501775904007	-0.036475834445	-0.0185967094527	-0.0253231626033	-0.0129917293251	0.044604854617	-0.0101707675353	0.030158994299	-0.00811598548035	-0.0111927564698	0.00239867602744	0.0793695136336	-0.0488689139805	-0.0176931952358	0.0551611635764	0.022514779882	-0.0142958995529	0.00690657620231	0.0117774554665	-0.0377981829801	-0.0413549748183	-0.0849525369656	-0.0104242504355	-0.0202869348818	-6.38236149081e-05	-0.0178889218245	0.0188756905001	-0.0921755238338	-0.0301383716933	0.00302067442988	-0.0102928512409	-0.012106227167	-0.0291340461675	-0.0372024509148	-0.035733482437	0.0336312428324	-0.00533888660851	-0.0750030230533	-0.0396950698693	0.0110570274809	0.0118179182639	-0.0587881616276	-0.035884111859	-0.0482613648726	0.00463851135271	0.0314397080729	-0.0396994060788	0.0153780134883	-0.0198214558679
k__Bacteria;p__Bacteroidetes;c__Bacteroidia;o__Bacteroidales;f__Bacteroidaceae;g__Bacteroides;s__Bacteroides_thetaiotaomicron	-0.0060011503756	0.0277821910474	-0.0192291721938	0.0415847452544	-0.0101505248874	0.0384582345737	0.0189421612877	0.00533770520377	-0.0130881201215	-0.0501775904007	1.0	-0.0139121880325	-0.00107089205977	0.0295062790664	-0.0371248942699	-0.00560091545923	-0.0214025724262	-0.0154204778961	-0.00172124253762	0.0236619054254	-0.0390446649127	-0.0135073355425	-0.00375246048096	-0.020997391613	-0.0153762801912	-0.0263288875994	-0.039865590937	-0.0385101320231	0.0440607841815	0.00828670599582	0.0108565306675	-0.0175119869194	-0.0561697257242	-0.0180112566404	-0.0104188164956	0.0492231352572	-0.0221270838505	0.00406982141521	0.0685627241181	-0.0244207745043	-0.0673449122368	-0.0108275470513	-0.0505190619107	0.0573448316217	-0.0344827739088	0.0372029925509	0.00528984988625	-0.0107504184465	-0.00863760815326	-0.0168337224282	-0.0366019182705	0.0140400037443	-0.0422530409009	0.0189142627198	-0.0120808852591	-0.0591976676523	0.00931425819063	-0.0564104100875	-0.00598409747019
k__Bacteria;p__Bacteroidetes;c__Bacteroidia;o__Bacteroidales;f__Bacteroidaceae;g__Bacteroides;s__Bacteroides_coprocola	0.00326957452681	-0.0355776116241	0.0414593407055	-0.0147110147678	-0.0242442063415	0.0255166972234	0.0810079763949	-0.028533317413	-0.0181179719771	-0.036475834445	-0.0139121880325	1.0	-0.0257702644916	0.0233725092674	-0.00729048487684	-0.0530852460782	0.0913847861953	-0.0492528251182	-0.0139470415844	-0.0284992882218	-0.056885645014	-4.35686650217e-05	-0.0254748556867	-0.0765927499877	-0.00680941908325	0.0609544511422	0.0576457779719	-0.0428854267953	0.0478809651813	-0.0182434616214	0.0390220133543	0.0119321308969	-0.029361876785	-0.0481975531242	0.0668311095656	0.0215719369478	-0.0209734536534	0.00914107784882	0.0449374076615	-0.00695590637937	-0.0379355017575	0.0100818075765	-0.0445779370889	-0.0458638767516	-0.00924430142354	0.0677424909536	-0.0410521829252	-0.014096511935	-0.0170400687867	0.0104888381035	-0.0199985127049	-0.0466164807036	-0.0122935434729	0.0133427170072	0.00223979835067	-0.0126316123071	-0.0386186349051	-0.0283390037961	-0.022976325776
k__Bacteria;p__Bacteroidetes;c__Bacteroidia;o__Bacteroidales;f__Bacteroidaceae;g__Bacteroides;s__Bacteroides_cellulosilyticus	-0.0826219409925	0.0109523692142	-0.0322063151029	-0.091204464157	-0.0255269083702	0.0289015666191	-0.0719597004958	0.0262509748714	-0.0195881729533	-0.0185967094527	-0.00107089205977	-0.0257702644916	1.0	-0.0137498428493	-0.0901378825098	0.0615043002534	-0.0207690100818	0.0236741959171	-0.0558985230555	-0.0316609336693	0.0289540440329	-0.0970719408447	0.0245489855463	0.0811152711473	0.00147059756399	-0.0269280194058	-0.0237903129632	-0.0461489103779	0.0283532235746	-0.00430981684915	-0.0545926766586	-0.0504686187135	0.0458633151083	0.04554262725	0.0432906029732	-0.0379985584668	0.0367328037463	0.0547672917849	-0.0612418547519	0.0341264544896	0.0565786570999	0.0418444188995	0.016990099519	-0.0305758127894	0.0362429038721	0.013796634178	-0.0477156706348	-0.0332018481284	-0.0798998573167	-0.000244414381569	-0.00402236118338	-0.00948126169541	0.0168132447465	-0.0015055720927	-0.0112353701013	0.00419502323636	-0.013513352236	0.0186665127025	-0.0258321926917
k__Bacteria;p__Bacteroidetes;c__Bacteroidia;o__Bacteroidales;f__Rikenellaceae;g__Alistipes;s__Alistipes_obesi	-0.0506975494668	-0.0505879090076	-0.000806297623022	-0.00320557833429	0.00783574442302	0.0204405628621	-0.00497998026336	0.0166587774477	0.0480438444432	-0.0253231626033	0.0295062790664	0.0233725092674	-0.0137498428493	1.0	0.0383553929806	-0.0016503268892	0.00202958607065	-0.0253823648782	0.0336708024467	0.000297338073672	0.000449234434093	0.0103944453687	-0.0127355970002	0.00558157630305	-0.0219433080109	0.0216979989836	0.0211730973122	0.0051259097471	-0.0384862296135	-0.0108149693265	-0.0095588421802	-0.0223884764843	0.0110653342721	-0.0290638121919	-0.0155392418914	0.00348943507146	0.0167800093516	-0.00710631119833	-0.0621800829563	-0.0319324445439	0.0149116922137	-0.0374724122039	0.00653589965245	0.02988541789	-0.0177741267796	0.0328012027097	-0.0199026690756	0.00703436822174	-0.0302940762609	-0.0251035386999	-0.0396359057403	-0.0211794228602	-0.0261745003463	0.0221678289235	-0.0341410267793	-0.0452613951854	0.0474473840295	-0.00912386896975	-0.0351493848898
k__Bacteria;p__Firmicutes;c__Clostridia;o__Clostridiales;f__Lachnospiraceae;g__;s__[Eubacterium]_rectale	-0.0560750268001	-0.0677678410299	0.0432447484846	0.024203654519	-0.0218242860246	-0.00481636900451	-0.0466383139627	0.0209080330639	-0.0569312180755	-0.0129917293251	-0.0371248942699	-0.00729048487684	-0.0901378825098	0.0383553929806	1.0	-0.0267798702915	0.00935747857769	0.0159422619842	-0.0171639693401	-0.0386273790117	-0.0141060186098	0.0320725536317	-0.0294410732471	0.0273540730488	0.0281769725141	-0.00073813383459	0.00232460208496	-0.0564987420068	-0.0354230747915	-0.0307776948088	-0.0119756732279	0.0493562606861	0.0128069970726	0.0191978276129	0.0255262127169	0.00420828499144	-0.011808394117	0.0266516689137	-0.0038695646251	-0.0340266839202	0.0201341433004	-0.0561120688849	0.0215322667421	0.0528626136932	0.0175659363619	0.0216141461727	0.0721910754639	-0.00194063202602	0.00114866666696	-0.0500090902807	-0.0635096311845	0.0436666298199	0.0430684927933	-0.00526330934132	0.0183074442957	-0.0231370470534	0.0386276025568	0.00938845739191	0.0493642037081
k__Bacteria;p__Bacteroidetes;c__Bacteroidia;o__Bacteroidales;f__Bacteroidaceae;g__Bacteroides;s__Bacteroides_plebeius	-0.00493724332577	-0.0046554838528	0.0730009188525	0.00932323546822	-0.009466054517	-0.00754134877033	-0.0855754210032	-0.00514580890825	0.0685656649027	0.044604854617	-0.00560091545923	-0.0530852460782	0.0615043002534	-0.0016503268892	-0.0267798702915	1.0	0.000411948869382	-0.0179347221684	-0.00461148087629	0.015654727583	-0.0430940775371	-0.0111453343404	-0.0653297907688	-0.000343257711989	-0.0412452588867	-0.00157026880352	-0.0291975991206	-0.00406539182269	0.0320581918927	-0.000365892102825	0.0108874693646	-0.0250029574445	0.0336422248951	-0.00600845939023	0.00228690693544	-0.0191400986353	0.00866091271562	0.0169577766764	-0.0349105294842	-0.0156383052189	-0.00265714391543	-0.0142163722084	-0.00740419057508	0.0179601912433	-0.0196962091361	-0.0334497758485	0.00402220345104	0.00658752372191	0.0509746776339	0.00668197679096	0.00481162377735	0.0126139113456	-0.0172868860148	0.0581379538472	-0.065788377727	-0.00956655205964	-0.049260214169	-0.0346316834897	-0.115645842535
k__Bacteria;p__Bacteroidetes;c__Bacteroidia;o__Bacteroidales;f__Bacteroidaceae;g__Bacteroides;s__Bacteroides_fragilis	-0.00147187428609	0.0193451718708	0.0191166684066	0.0328979522987	-0.040680628811	-0.0819986264112	0.0280066741742	-0.0293017097501	-0.0113919198776	-0.0101707675353	-0.0214025724262	0.0913847861953	-0.0207690100818	0.00202958607065	0.00935747857769	0.000411948869382	1.0	-0.0426069677547	-0.00387733049382	0.0274874276328	-0.00987283162322	-0.0390037083417	0.00497004189679	-0.0541903368428	0.0138960391155	-0.004376926022	-0.0486419099405	0.0097764346915	0.0495421577796	-0.0517162715561	0.0533963567428	0.020921000372	-0.0404059965186	0.0384384061468	0.009371171131	-0.00515167656497	0.0326055033934	-0.0105105508513	0.0500083216743	-0.0795513617007	0.0471828982701	-0.0433644932798	-0.0339220884257	-0.0121902877509	0.0110755661902	-0.00266031331018	-0.0431423544369	-0.0305950958797	0.0525446236457	0.00355103749163	-0.0521596478842	-0.045638504215	0.00968234150821	-0.0100826891601	0.0102799492971	0.0298824238924	-0.0449222586261	0.00962332687969	-0.00857446218688
k__Bacteria;p__Proteobacteria;c__Betaproteobacteria;o__Burkholderiales;f__Sutterellaceae;g__Sutterella;s__Sutterella_wadsworthensis	0.0560723752741	0.0103160128392	0.0498947143043	0.0257840093473	-0.00144564463451	-0.0475932235022	-0.00015387190421	-0.0486849610786	-0.00487598035207	0.030158994299	-0.0154204778961	-0.0492528251182	0.0236741959171	-0.0253823648782	0.0159422619842	-0.0179347221684	-0.0426069677547	1.0	-0.0185551366966	-0.0629470344638	-0.00410864096579	-0.0197646734011	0.00804975208714	-0.0282417208649	-0.0758003985898	-0.0513738035884	0.0640139015107	0.00773853420517	0.0212530799698	-0.0268007210221	0.0184036671425	-0.0544333604941	0.0536105109904	0.0312129878336	0.0398369230851	0.015776771918	0.0175765191449	-0.00700868144903	-0.0397089552188	-0.0338051080283	0.0106720012774	-0.0291558179736	-0.0380216939172	0.00362366608852	-0.0443730475784	0.0259752754902	-0.0497419192985	-0.0818269102763	-0.0100457202058	0.0437262230028	-0.0429179784482	0.0209166428584	-0.0222315657697	0.0298404602168	0.0085753904929	0.0210137646395	-0.0860626665919	-0.0063865248724	-0.0122662454812
k__Bacteria;p__Bacteroidetes;c__Bacteroidia;o__Bacteroidales;f__Porphyromonadaceae;g__Barnesiella;s__Barnesiella_intestinihominis	-0.0902410504897	-0.0443600447988	-0.0214142826938	0.00762733757198	-0.0292187936324	-0.0189357097333	0.0367436381388	-0.00354847364958	-0.0160062866269	-0.00811598548035	-0.00172124253762	-0.0139470415844	-0.0558985230555	0.0336708024467	-0.0171639693401	-0.00461148087629	-0.00387733049382	-0.0185551366966	1.0	-0.00185252024897	0.00860171926129	0.0182821330044	-4.78565047532e-05	-0.043883159676	-0.0522396290394	-0.0267847498824	-0.0446918615682	-0.0027169141285	0.00455243483449	0.000451766428133	0.0234256621632	0.00724659966778	-0.0473708771103	0.0163564629267	0.0309941185864	-0.0440212088516	-0.0492967265307	0.0228901230061	-0.0322521314826	-0.0535911308855	-0.00468610321337	-0.0491473722427	-0.0136271768903	-0.00117200059067	-0.00509053701558	0.00740976930925	-0.0110389533767	-0.0209907701909	-0.00512279278759	0.000123881193574	0.00900169908204	-0.00853704879649	0.0431211817182	0.0194057377903	-0.0385495460914	0.0600112988435	0.0419186033965	-0.0499754819662	-0.0328512460254
k__Bacteria;p__Bacteroidetes;c__Bacteroidia;o__Bacteroidales;f__Odoribacteraceae;g__Odoribacter;s__Odoribacter_splanchnicus	0.0428216740164	-0.0147098704371	-0.027710395856	-1.44391657782e-05	-0.0254223347626	0.00170222421981	0.0659475942106	-0.0611656389377	0.0266199216773	-0.0111927564698	0.0236619054254	-0.0284992882218	-0.0316609336693	0.000297338073673	-0.0386273790117	0.015654727583	0.0274874276328	-0.0629470344638	-0.00185252024897	1.0	-0.0288807926005	-0.0328274320109	-0.0530927778438	-0.0391225876588	-0.0456478791832	-0.0264228532808	-0.0283683236953	-0.0516141314131	0.0188996887941	-0.00751926332791	-0.0213109706046	0.0248447564728	-0.0322487275473	0.000135727940659	0.0232632688281	-0.003159685835	-0.0178868522327	0.0408201312492	-0.0176925018165	-0.0151851227113	0.0359787069643	-0.00168753947459	0.0346418838545	0.0157866770432	-0.0175520406602	-0.00946480652964	-0.0319237565054	0.00843137942605	-0.0269203440498	0.0226631831633	-0.0114004469382	-0.0142614602081	-0.0281006106207	-0.0591784276048	0.000811507748466	0.00111412257957	-0.0261183285302	-0.00970178014752	0.038750085351
k__Bacteria;p__Bacteroidetes;c__Bacteroidia;o__Bacteroidales;f__Bacteroidaceae;g__Bacteroides;s__Bacteroides_salyersiae	-0.0466821650194	-0.0149485347727	0.0352539777685	0.0108601657837	-0.0367679513422	0.0162720756943	-0.0766045543113	-0.00802636536172	-0.0422431062069	0.00239867602744	-0.0390446649127	-0.056885645014	0.0289540440329	0.000449234434093	-0.0141060186098	-0.0430940775371	-0.00987283162322	-0.00410864096579	0.00860171926129	-0.0288807926005	1.0	0.00682985265636	0.0398524457781	-0.0106402643402	0.00426477588103	-0.0276172919994	0.0930476651809	0.0192664542839	0.0393227119988	-0.0304748604275	0.0133111639976	-0.0494346264712	-0.0171781084989	-0.0888382713913	-0.0456877963365	-0.0825725855695	-0.0179331908448	0.0081591094231	-0.0462541768447	-0.0437261048026	0.0160373203444	-0.000438800474142	-0.0306591073027	-0.0137612529747	-0.0155646896227	0.00297245187457	-0.035892426078	-0.00627883826946	0.0110044011851	0.0336567749742	0.0234440182763	-0.0212059047431	0.0014509686872	-0.00395684885339	-0.0250877772188	0.0286783140514	-0.00420602141814	-0.00747991557526	0.0506639958312
k__Bacteria;p__Firmicutes;c__Clostridia;o__Clostridiales;f__Ruminococcaceae;g__Ruminiclostridium;s__[Eubacterium]_siraeum	0.0478521100819	0.00383857054263	-0.0154418709427	0.0887949991396	-0.0743903219838	-0.0130252502049	0.0451674813385	-0.0084567253278	-0.0690733901888	0.0793695136336	-0.0135073355425	-4.35686650217e-05	-0.0970719408447	0.0103944453687	0.0320725536317	-0.0111453343404	-0.0390037083417	-0.0197646734011	0.0182821330044	-0.0328274320109	0.00682985265636	1.0	-0.00339917836498	-0.0375228956615	-0.0437719372028	0.0329228638069	-0.0168657936016	0.0148320201551	-0.053027911816	-0.0445615242842	-0.0223576023123	0.00267825725767	0.00802002090673	-0.00889463309042	-0.0417077248609	0.0265102199925	0.0256815583151	-0.0451704290277	0.0263181319662	-0.0234535284476	-0.0298858517993	-0.00691693436777	-0.0291138951105	0.0353016733901	-0.0400950452381	-0.0706776911822	0.0401336513804	-0.00221552085142	0.0274028207447	-0.0548528327858	-0.014449038005	0.0134722172519	0.0174469682775	-0.0102723003235	0.0230773388581	-0.00887677012541	-0.0316099687863	-0.00427148984444	-0.0659521995755
k__Bacteria;p__Proteobacteria;c__Betaproteobacteria;o__Burkholderiales;f__Sutterellaceae;g__Parasutterella;s__Parasutterella_excrementihominis	-0.0161493241146	-0.0296199086668	0.0104265077941	-0.0613976604598	-0.02164891171	0.000957242279697	-0.0426471394015	-0.00133887108034	-0.0893029107567	-0.0488689139805	-0.00375246048096	-0.0254748556867	0.0245489855463	-0.0127355970002	-0.0294410732471	-0.0653297907688	0.00497004189679	0.00804975208714	-4.78565047533e-05	-0.0530927778438	0.0398524457781	-0.00339917836498	1.0	0.00114813953139	-0.00687984138427	-0.014913084209	0.0343822925327	0.00360857149434	-0.0380710972707	-0.0549441659809	-0.0129191642283	1.45714014583e-05	0.0439738882058	0.0462676127068	-0.00199368879745	0.000545641412699	-0.019284130826	-0.0229711613399	-0.0429440841085	-0.0271533263227	0.00197105215078	-0.0128233656482	-0.0450518066647	0.00328589954667	0.0207151620964	-0.0218486064348	-0.00282286645964	0.0472248919043	0.0551976116004	0.0130790553965	-0.0274284897346	-0.0385272116819	0.0424340334905	0.0229270164231	-0.0412553427794	-0.0145464759715	-0.0162611907397	-0.0215155907567	0.0267975341536
k__Bacteria;p__Actinobacteria;c__Actinobacteria;o__Bifidobacteriales;f__Bifidobacteriaceae;g__Bifidobacterium;s__Bifidobacterium_adolescentis	0.0361516187747	0.0315243209459	-0.0630198600485	0.0579449556627	-0.00238172859541	-0.0553710986337	-0.000706085588807	-0.0284582230625	-0.0373779312908	-0.0176931952358	-0.020997391613	-0.0765927499877	0.0811152711473	0.00558157630305	0.0273540730488	-0.000343257711989	-0.0541903368428	-0.0282417208649	-0.043883159676	-0.0391225876588	-0.0106402643402	-0.0375228956615	0.00114813953139	1.0	-0.0139005270916	-0.0299553567759	-0.042556937408	-0.00853884504918	-0.0346511432034	0.00579553681094	0.0375991919591	0.0589962525199	0.0542559415451	-0.010955863236	-0.0340971012363	0.0300375525146	-0.00343550288779	-0.00913059210433	-0.0340769650769	0.0256982189837	0.00128997574329	0.0052222558152	-0.0137494574743	0.0401700766527	0.0118949467476	0.0395443117614	0.0791256444468	0.0458363502221	0.00149653598279	-0.00931017908011	-0.00586364230305	0.0423741897712	-0.0284103712914	-0.0120535358278	-0.0438117204474	-0.0493392142946	0.0128888718131	0.0148985357208	-0.00579363842319
k__Bacteria;p__Firmicutes;c__Clostridia;o__Clostridiales;f__Oscillospiraceae;g__Oscillibacter;s__Oscillibacter_sp._KLE_1745	-0.0473180617629	-0.0540582749377	0.0364189373066	-0.0173703653729	0.0046057082692	-0.00548073149557	-0.0021407892992	-0.0563491205566	-0.00419614771787	0.0551611635764	-0.0153762801912	-0.00680941908325	0.00147059756399	-0.0219433080109	0.0281769725141	-0.0412452588867	0.0138960391155	-0.0758003985898	-0.0522396290394	-0.0456478791832	0.00426477588103	-0.0437719372028	-0.00687984138427	-0.0139005270916	1.0	-0.00125503295377	-0.0061214197022	0.00503686277061	-0.0218565758903	-0.0722271767056	0.0228290239558	-0.0301345087181	0.0151949954768	0.0432241233701	-0.00927957245953	-0.00117060529996	-0.0137999626788	-0.0228804117992	-0.00737439943238	0.0455955809392	0.0217654819804	0.0105288376435	0.0439714572879	-0.0236057787366	-0.0128722620417	-0.0553126996829	0.0228627105267	-0.0794774256744	-0.0163485840338	0.0296515873791	0.0460653681323	0.0195102860131	-0.000787780757001	-0.0607951202855	-0.0362773674898	0.0189028160964	0.0363480215886	-0.0173620215341	0.071694786713
k__Bacteria;p__Bacteroidetes;c__Bacteroidia;o__Bacteroidales;f__Bacteroidaceae;g__Bacteroides;s__Bacteroides_coprophilus	-0.01334973928	0.00335739162069	-0.0192061663867	-0.0420170690762	-0.00353867736286	-0.0177626753944	0.0100837993997	-0.0406999287748	-0.0329788852859	0.022514779882	-0.0263288875994	0.0609544511422	-0.0269280194058	0.0216979989836	-0.00073813383459	-0.00157026880352	-0.004376926022	-0.0513738035884	-0.0267847498824	-0.0264228532808	-0.0276172919994	0.0329228638069	-0.014913084209	-0.0299553567759	-0.00125503295377	1.0	-0.0154913611939	-0.0292332560449	0.0265647775293	-0.0217870170284	-0.0772146220269	0.00695843577006	-0.0115880901012	-0.00128975357245	-0.049353963411	-0.00339000434696	0.0415109390471	-0.0266708638151	-0.000338233166531	0.025627588405	-0.00126306000533	-0.00734904325357	0.00812817219329	-0.00552485955469	-0.00483486735851	-0.0511887144856	-0.0224287346494	0.000520926736492	-0.0130376019179	-0.0445187132207	0.0153342873481	0.0380426188241	-0.0259108367427	-0.037683009646	-0.0350221076447	-0.00968916988809	0.0213593732819	-0.0150176537686	-0.0361712103842
k__Bacteria;p__Firmicutes;c__Clostridia;o__Clostridiales;f__Lachnospiraceae;g__Roseburia;s__Roseburia_intestinalis	0.000273637168711	-0.0180298277292	0.0028809765197	-0.0566499119471	0.0105443749267	0.0472017016944	-0.0292000791761	-0.0196826984268	0.000368939140064	-0.0142958995529	-0.039865590937	0.0576457779719	-0.0237903129632	0.0211730973122	0.00232460208496	-0.0291975991206	-0.0486419099405	0.0640139015107	-0.0446918615682	-0.0283683236953	0.0930476651809	-0.0168657936016	0.0343822925327	-0.042556937408	-0.0061214197022	-0.0154913611939	1.0	0.00134273291915	-0.0663046512164	-0.0237200488184	-0.073512079977	-0.0685533618984	0.0548301286274	0.0197265628367	-7.939378391e-06	-0.0101238326177	-0.0299416664575	0.056210302694	0.00699143288539	0.0257902154414	-0.020593190049	0.011237193242	0.0205377358051	0.0026034140758	-0.0410735676591	0.0171884170255	0.0525364032964	-0.00125323177141	0.00131552277267	0.00192722453884	0.00313090859553	-0.0386233855224	-0.0663712221003	-0.00597835846034	-0.0185875735698	-0.0206444903457	-0.0163726478727	0.0843440018708	-0.0297449157084
k__Bacteria;p__Firmicutes;c__Clostridia;o__Clostridiales;f__Lachnospiraceae;g__Roseburia;s__Roseburia_hominis	-0.0186127002124	-0.0115878696318	0.0430818014279	-0.0644661887508	-0.00636854127682	-0.0523069896883	-0.00355658967615	-0.00827190553545	-0.00992256977959	0.00690657620231	-0.0385101320231	-0.0428854267953	-0.0461489103779	0.0051259097471	-0.0564987420068	-0.00406539182269	0.0097764346915	0.00773853420517	-0.0027169141285	-0.0516141314131	0.0192664542839	0.0148320201551	0.00360857149434	-0.00853884504918	0.00503686277061	-0.0292332560449	0.00134273291915	1.0	0.00685380929977	-0.0215385484743	-0.0202779270881	-0.0154022017417	0.0101444813342	-0.0535302362764	-0.0215221147007	-0.0413702941371	0.0168468940941	-0.0574937714489	-0.00146853360647	0.0195473065175	-0.0237002622727	-0.0230147383005	-0.0036844469469	-0.0400821679644	-0.0253236883079	-0.0382177677585	-0.0501817473314	0.0431114831719	0.0423884031581	0.0643813569383	-0.0270138807507	-0.00960010142917	0.0327667681074	-0.00485269788006	0.0523803450238	-0.0171754552021	0.0203651127478	0.000777391191019	-0.0122304217177
k__Bacteria;p__Bacteroidetes;c__Bacteroidia;o__Bacteroidales;f__Porphyromonadaceae;g__Parabacteroides;s__Parabacteroides_johnsonii	-0.0521849675901	-0.0748736961583	-0.0407669578752	-0.0370478836546	-0.135239665783	0.0293634066741	-0.021270652605	-0.0724192453671	-0.00823425249581	0.0117774554665	0.0440607841815	0.0478809651813	0.0283532235746	-0.0384862296135	-0.0354230747915	0.0320581918927	0.0495421577796	0.0212530799698	0.00455243483449	0.0188996887941	0.0393227119988	-0.053027911816	-0.0380710972707	-0.0346511432034	-0.0218565758903	0.0265647775293	-0.0663046512164	0.00685380929977	1.0	0.023430416979	-0.000239043120769	0.000217668022137	0.0375379812027	-0.0311275618407	0.00217278888009	-0.0473939039061	0.0245197696684	0.0254874706159	-0.00532831959719	0.0314153842136	-0.0741418830076	-0.00920603346711	0.0325896609929	-0.0671378858825	-0.100553874	0.0131049539778	0.0235341682456	0.00494991968121	-0.0240205623418	-0.0241697216846	0.0296730597785	-0.0226281381027	-0.0568118956234	-0.00661150249935	0.000623445214453	-0.0677944242971	-0.0228718148093	-0.0166981382714	0.086442721946
