#taxonomy	k__Bacteria;p__Bacteroidetes;c__Bacteroidia;o__Bacteroidales;f__Bacteroidaceae;g__Bacteroides;s__Bacteroides_vulgatus	k__Bacteria;p__Bacteroidetes;c__Bacteroidia;o__Bacteroidales;f__Bacteroidaceae;g__Bacteroides;s__Bacteroides_uniformis	k__Bacteria;p__Bacteroidetes;c__Bacteroidia;o__Bacteroidales;f__Rikenellaceae;g__Alistipes;s__Alistipes_putredinis	k__Bacteria;p__Bacteroidetes;c__Bacteroidia;o__Bacteroidales;f__Prevotellaceae;g__Prevotella;s__Prevotella_copri	k__Bacteria;p__Bacteroidetes;c__Bacteroidia;o__Bacteroidales;f__Bacteroidaceae;g__Bacteroides;s__Bacteroides_stercoris	k__Bacteria;p__Bacteroidetes;c__Bacteroidia;o__Bacteroidales;f__Bacteroidaceae;g__Bacteroides;s__Bacteroides_ovatus	k__Bacteria;p__Bacteroidetes;c__Bacteroidia;o__Bacteroidales;f__Rikenellaceae;g__Alistipes;s__Alistipes_shahii	k__Bacteria;p__Firmicutes;c__Clostridia;o__Clostridiales;f__Ruminococcaceae;g__Faecalibacterium;s__Faecalibacterium_prausnitzii	k__Bacteria;p__Bacteroidetes;c__Bacteroidia;o__Bacteroidales;f__Rikenellaceae;g__Alistipes;s__Alistipes_finegoldii	k__Bacteria;p__Bacteroidetes;c__Bacteroidia;o__Bacteroidales;f__Porphyromonadaceae;g__Parabacteroides;s__Parabacteroides_distasonis	k__Bacteria;p__Bacteroidetes;c__Bacteroidia;o__Bacteroidales;f__Bacteroidaceae;g__Bacteroides;s__Bacteroides_thetaiotaomicron	k__Bacteria;p__Bacteroidetes;c__Bacteroidia;o__Bacteroidales;f__Bacteroidaceae;g__Bacteroides;s__Bacteroides_coprocola	k__Bacteria;p__Bacteroidetes;c__Bacteroidia;o__Bacteroidales;f__Bacteroidaceae;g__Bacteroides;s__Bacteroides_cellulosilyticus	k__Bacteria;p__Bacteroidetes;c__Bacteroidia;o__Bacteroidales;f__Rikenellaceae;g__Alistipes;s__Alistipes_obesi	k__Bacteria;p__Firmicutes;c__Clostridia;o__Clostridiales;f__Lachnospiraceae;g__;s__[Eubacterium]_rectale	k__Bacteria;p__Bacteroidetes;c__Bacteroidia;o__Bacteroidales;f__Bacteroidaceae;g__Bacteroides;s__Bacteroides_plebeius	k__Bacteria;p__Bacteroidetes;c__Bacteroidia;o__Bacteroidales;f__Bacteroidaceae;g__Bacteroides;s__Bacteroides_fragilis	k__Bacteria;p__Proteobacteria;c__Betaproteobacteria;o__Burkholderiales;f__Sutterellaceae;g__Sutterella;s__Sutterella_wadsworthensis	k__Bacteria;p__Bacteroidetes;c__Bacteroidia;o__Bacteroidales;f__Porphyromonadaceae;g__Barnesiella;s__Barnesiella_intestinihominis	k__Bacteria;p__Bacteroidetes;c__Bacteroidia;o__Bacteroidales;f__Odoribacteraceae;g__Odoribacter;s__Odoribacter_splanchnicus	k__Bacteria;p__Bacteroidetes;c__Bacteroidia;o__Bacteroidales;f__Bacteroidaceae;g__Bacteroides;s__Bacteroides_salyersiae	k__Bacteria;p__Firmicutes;c__Clostridia;o__Clostridiales;f__Ruminococcaceae;g__Ruminiclostridium;s__[Eubacterium]_siraeum	k__Bacteria;p__Proteobacteria;c__Betaproteobacteria;o__Burkholderiales;f__Sutterellaceae;g__Parasutterella;s__Parasutterella_excrementihominis	k__Bacteria;p__Actinobacteria;c__Actinobacteria;o__Bifidobacteriales;f__Bifidobacteriaceae;g__Bifidobacterium;s__Bifidobacterium_adolescentis	k__Bacteria;p__Firmicutes;c__Clostridia;o__Clostridiales;f__Oscillospiraceae;g__Oscillibacter;s__Oscillibacter_sp._KLE_1745	k__Bacteria;p__Bacteroidetes;c__Bacteroidia;o__Bacteroidales;f__Bacteroidaceae;g__Bacteroides;s__Bacteroides_coprophilus	k__Bacteria;p__Firmicutes;c__Clostridia;o__Clostridiales;f__Lachnospiraceae;g__Roseburia;s__Roseburia_intestinalis	k__Bacteria;p__Firmicutes;c__Clostridia;o__Clostridiales;f__Lachnospiraceae;g__Roseburia;s__Roseburia_hominis	k__Bacteria;p__Bacteroidetes;c__Bacteroidia;o__Bacteroidales;f__Porphyromonadaceae;g__Parabacteroides;s__Parabacteroides_johnsonii	k__Bacteria;p__Actinobacteria;c__Actinobacteria;o__Bifidobacteriales;f__Bifidobacteriaceae;g__Bifidobacterium;s__Bifidobacterium_longum	k__Bacteria;p__Firmicutes;c__Clostridia;o__Clostridiales;f__;g__Flavonifractor;s__Flavonifractor_plautii	k__Bacteria;p__Firmicutes;c__Clostridia;o__Clostridiales;f__Clostridiaceae;g__Clostridium;s__Clostridium_phoceensis	k__Bacteria;p__Verrucomicrobia;c__Verrucomicrobiae;o__Verrucomicrobiales;f__Akkermansiaceae;g__Akkermansia;s__Akkermansia_muciniphila	k__Bacteria;p__Bacteroidetes;c__Bacteroidia;o__Bacteroidales;f__Prevotellaceae;g__Paraprevotella;s__Paraprevotella_xylaniphila	k__Bacteria;p__Firmicutes;c__Clostridia;o__Clostridiales;f__Ruminococcaceae;g__Ruminococcus;s__Ruminococcus_callidus	k__Bacteria;p__Bacteroidetes;c__Bacteroidia;o__Bacteroidales;f__Rikenellaceae;g__Alistipes;s__Alistipes_senegalensis	k__Bacteria;p__Firmicutes;c__Clostridia;o__Clostridiales;f__Lachnospiraceae;g__Blautia;s__Blautia_sp._KLE_1732	k__Bacteria;p__Bacteroidetes;c__Bacteroidia;o__Bacteroidales;f__Bacteroidaceae;g__Bacteroides;s__Bacteroides_oleiciplenus	k__Bacteria;p__Firmicutes;c__Clostridia;o__Clostridiales;f__Ruminococcaceae;g__Ruminococcus;s__Ruminococcus_bicirculans	k__Bacteria;p__Bacteroidetes;c__Bacteroidia;o__Bacteroidales;f__Bacteroidaceae;g__Bacteroides;s__Bacteroides_fluxus	k__Bacteria;p__Bacteroidetes;c__Bacteroidia;o__Bacteroidales;f__Prevotellaceae;g__Prevotella;s__Prevotella_stercorea	k__Bacteria;p__Firmicutes;c__Clostridia;o__Clostridiales;f__Lachnospiraceae;g__Dorea;s__Dorea_longicatena	k__Bacteria;p__Firmicutes;c__Clostridia;o__Clostridiales;f__Eubacteriaceae;g__Eubacterium;s__[Eubacterium]_eligens	k__Bacteria;p__Firmicutes;c__Clostridia;o__Clostridiales;f__Ruminococcaceae;g__;s__Ruminococcaceae_bacterium_D16	k__Bacteria;p__Firmicutes;c__Clostridia;o__Clostridiales;f__Lachnospiraceae;g__Coprococcus;s__Coprococcus_comes	k__Bacteria;p__Proteobacteria;c__Gammaproteobacteria;o__Enterobacterales;f__Enterobacteriaceae;g__Escherichia;s__Escherichia_coli	k__Bacteria;p__Firmicutes;c__Clostridia;o__Clostridiales;f__Ruminococcaceae;g__Anaerotruncus;s__Anaerotruncus_colihominis	k__Bacteria;p__Firmicutes;c__Clostridia;o__Clostridiales;f__Lachnospiraceae;g__Blautia;s__Blautia_obeum	k__Bacteria;p__Bacteroidetes;c__Bacteroidia;o__Bacteroidales;f__Odoribacteraceae;g__Odoribacter;s__Odoribacter_laneus	k__Bacteria;p__Firmicutes;c__Clostridia;o__Clostridiales;f__Ruminococcaceae;g__Ruminiclostridium;s__[Clostridium]_leptum	k__Bacteria;p__Bacteroidetes;c__Bacteroidia;o__Bacteroidales;f__Porphyromonadaceae;g__Parabacteroides;s__Parabacteroides_goldsteinii	k__Bacteria;p__Firmicutes;c__Clostridia;o__Clostridiales;f__Lachnospiraceae;g__Anaerostipes;s__Anaerostipes_hadrus	k__Bacteria;p__Firmicutes;c__Clostridia;o__Clostridiales;f__Ruminococcaceae;g__Ruminococcus;s__Ruminococcus_lactaris	k__Bacteria;p__Firmicutes;c__Clostridia;o__Clostridiales;f__Clostridiaceae;g__Clostridium;s__Clostridium_sp._L2-50	k__Bacteria;p__Firmicutes;c__Clostridia;o__Clostridiales;f__Clostridiaceae;g__Clostridium;s__Clostridium_sp._M62/1	k__Bacteria;p__Firmicutes;c__Clostridia;o__Clostridiales;f__;g__Intestinimonas;s__Intestinimonas_butyriciproducens	k__Bacteria;p__Actinobacteria;c__Actinobacteria;o__Bifidobacteriales;f__Bifidobacteriaceae;g__Bifidobacterium;s__Bifidobacterium_bifidum	k__Bacteria;p__Firmicutes;c__Negativicutes;o__Veillonellales;f__Veillonellaceae;g__Dialister;s__Dialister_invisus	k__Bacteria;p__Bacteroidetes;c__Bacteroidia;o__Bacteroidales;f__Bacteroidaceae;g__Bacteroides;s__Bacteroides_salanitronis
k__Bacteria;p__Bacteroidetes;c__Bacteroidia;o__Bacteroidales;f__Bacteroidaceae;g__Bacteroides;s__Bacteroides_vulgatus	1.0	0.041021563612	-0.00782212993281	0.0469746078962	-0.0225878016263	-0.0173345787446	-0.0378261870885	-0.00886217638137	-0.00229836563771	-0.00320882271364	0.0445687996831	0.015326624858	0.0015364765356	0.0251506106507	-0.0414414302633	-0.0314791206736	-0.0347646032614	0.0514354418401	-0.0184687021818	-0.0204392893157	0.0504659326572	-0.02092326489	0.0204929720278	-0.0105134563439	0.00899295978269	-0.033569188142	-0.0211817607419	-0.0308189535246	0.0582040759478	-0.0120906929919	-0.029199657931	0.0347077017474	0.0226198999097	0.0410642898363	0.039278544322	-0.099037973321	-0.025333806228	0.00395983589677	-0.0339510960858	-0.0229765678386	-0.0175220742514	-0.0448470484477	0.00449158661821	-0.0283024322661	0.0186684477978	-0.0364905947577	-0.0355123416963	0.0303852379815	0.037574448363	-0.0394824956195	-0.0120794769554	-0.0417143777067	-0.0421861334787	-0.0473905320717	-0.023748736845	-0.0498768977734	-0.0138371310704	-0.0410946352453	-0.0482462386742
k__Bacteria;p__Bacteroidetes;c__Bacteroidia;o__Bacteroidales;f__Bacteroidaceae;g__Bacteroides;s__Bacteroides_uniformis	0.041021563612	1.0	0.0132932344076	-0.0408530261535	0.00372518721053	0.00511427009941	-0.00555088670934	-0.0416919573472	-0.034702687414	0.0117546567612	-0.00340473214513	-0.0504663415108	-0.00411939928248	0.0204259433541	0.0680434140865	-0.0415722102522	-0.0023738433257	0.041633681122	0.0190118605503	0.02205304728	-0.0241438953659	-0.00363952652212	0.0464142329693	-0.036090803373	-0.00960546511379	-0.029195476332	-0.0468243452756	-0.0248240624786	-0.0297584787376	-0.0453314658863	-0.0582621823006	0.0250691920807	-0.0646449615022	0.0135357353438	-0.0479576635677	0.0026209569581	-0.0948248996484	0.0223481763461	-0.0101347152553	0.0410642114637	-0.0393125947287	-0.018534066367	-0.0263221277959	-0.0377774048583	-0.0875703071129	-0.0142141531935	-0.0114036028019	0.0161829017476	0.0263514753748	-0.00488526319401	0.0191414176352	0.0521969532232	-0.00339336113511	-0.0286721436061	-0.0089551672207	-0.0411103619499	-0.00309436720343	-0.0229679451142	-0.0557350689043
k__Bacteria;p__Bacteroidetes;c__Bacteroidia;o__Bacteroidales;f__Rikenellaceae;g__Alistipes;s__Alistipes_putredinis	-0.00782212993281	0.0132932344076	1.0	0.0696901023461	-0.0191324458313	-0.033135234837	-0.0377399981064	0.0177922873118	-0.0295546899339	0.0110804420475	0.0366043636661	0.0110646727437	0.0356643262691	0.01546243282	-0.0349030443412	0.000635178617118	0.00505060175838	0.0179460145996	-0.0127543993517	0.0305391215282	-0.0467530734481	-0.00695205304923	-0.0440939977151	0.00482369368339	0.0234621638084	0.0425021267998	-0.00150748167799	0.0172197730793	-0.0517337795746	-0.0777525103199	0.0114530695819	0.00648537541277	-0.0132696722888	-0.0114466798358	0.0213137412465	0.0232899109272	-0.0209064361811	-0.019746742628	-0.0376658337426	-0.0518740453742	-0.00712489238408	-0.0114669099167	-0.0208827717337	0.00515821297775	-0.00969028834994	-0.0313244667456	-0.0142860266691	0.0327022571799	-0.0488665696124	-0.0262295374896	-0.0265473168336	-0.0260627244067	0.0259584050192	-0.0326687150086	0.0234570528956	0.0226634195596	0.0172120143899	-0.0198131211729	-0.0138222797796
k__Bacteria;p__Bacteroidetes;c__Bacteroidia;o__Bacteroidales;f__Prevotellaceae;g__Prevotella;s__Prevotella_copri	0.0469746078962	-0.0408530261535	0.0696901023461	1.0	-0.0117648866884	-0.0454541073861	-0.0340361443579	-0.00192321114487	-0.00309197487611	-0.0209090255059	0.0719963734164	-0.00428198365967	0.0023826244924	-0.00278049349706	0.0412514536668	-0.0400078727534	0.0630239060278	-0.0229978055189	-0.0105172641544	-0.0131445868452	0.0391721004671	-0.0334529062829	0.0145410890241	0.00517619729515	-0.0474492919805	-0.040042692193	-0.000870180091737	0.0187183613302	-0.0206277370486	-0.00642135080129	-0.0641272864725	-0.0046031135682	0.0329392774119	-0.029513745759	0.0133218399693	0.00109772572125	0.0123860146974	0.00321367643074	0.00892905679866	0.0191527763102	-0.05092134343	-0.0302957884568	0.0529088382254	-0.00485356764098	0.0592126892403	-0.0299348899702	-0.0267576333876	0.014323552719	-0.068429927422	0.0127218982062	-0.0248215752314	-0.0632873007152	-0.0152745333773	0.0182929281038	-0.0055265772817	-0.0758882147635	-0.0318295874589	-0.0499691905122	0.0267543334782
k__Bacteria;p__Bacteroidetes;c__Bacteroidia;o__Bacteroidales;f__Bacteroidaceae;g__Bacteroides;s__Bacteroides_stercoris	-0.0225878016263	0.00372518721053	-0.0191324458313	-0.0117648866884	1.0	-0.0291219496051	0.0111287863303	0.0127294138113	-0.0155431716598	0.0265921211219	-0.0173244208257	0.00805133193988	-0.0351135501287	0.0161574551814	0.0430199910623	0.0196128434687	0.0118270610653	-0.0177108220949	-0.0588509659312	-0.00561935322484	0.000508322980794	-0.0191390798521	0.0209198174461	0.0968437658767	-0.0335026415705	-0.054983231053	-0.0105244569598	-0.0458303525155	-0.0254420316008	-0.0165853773553	0.0147059133863	0.0316170061823	0.012690296838	0.0209021483948	-0.0175567220254	0.0097599266837	-0.0644892938443	-0.0298754776415	0.0190510745801	-0.0174371573492	0.0153800346214	-0.00551492977275	-0.0335006226325	-0.0247294309001	-0.0342593499105	-0.0381958832442	0.0344940546545	0.0758491387285	-0.0284804962603	-0.0261711865484	0.115050924403	-0.0802472951624	-0.0273699912956	-0.0357550694777	-0.0148961822552	0.0449854379673	-0.0146655795206	-0.0294558544785	-0.00322070029551
k__Bacteria;p__Bacteroidetes;c__Bacteroidia;o__Bacteroidales;f__Bacteroidaceae;g__Bacteroides;s__Bacteroides_ovatus	-0.0173345787446	0.00511427009941	-0.033135234837	-0.0454541073861	-0.0291219496051	1.0	-0.0232184682314	-0.0459806538053	-0.0273091761721	-0.0560773002717	0.00841736777447	0.0405718781947	0.0413749753479	0.0029715601735	-0.0233369347656	-0.0267002497253	0.0637974982994	0.012367661989	-0.0485711868074	-0.00219095839274	-0.0864940892405	-0.056486452742	0.0648083406734	-0.00189095497852	-0.043983736283	-0.0306474473986	-0.01585933062	0.00273648747239	-0.0233797893814	-0.079037024227	-6.50465115347e-05	0.0199828128354	0.0152803937605	-0.00010398675867	0.0120941902966	0.0310226046478	-0.0587200819475	0.044989748247	0.00760545001805	0.0108136853055	-0.0197561594427	-0.0184150064584	-0.0159298660852	-0.0270412451214	-0.0387334643004	-0.0368951831537	-0.0269382360579	-0.00550077758236	-0.0346781105428	0.00415277344884	-0.016474962126	0.037958568381	0.0323263264211	-0.025390674655	0.0254638201805	-0.038647875327	-0.0311916611694	0.00717982452703	0.0605078266987
k__Bacteria;p__Bacteroidetes;c__Bacteroidia;o__Bacteroidales;f__Rikenellaceae;g__Alistipes;s__Alistipes_shahii	-0.0378261870885	-0.00555088670934	-0.0377399981064	-0.0340361443579	0.0111287863303	-0.0232184682314	1.0	0.00778250632267	-0.0152114689769	0.00714475593369	-0.0116812472418	0.000156376938601	-0.0451960120246	-0.00216682933298	0.0128992226117	-0.0341368468932	-0.0229605065496	-0.064528151698	-0.00787172933921	-0.0697671627123	-0.0114012157413	0.0514661143828	0.000983172222415	-0.0479713694776	-0.0160256349899	-0.016378871595	-0.0254701473771	-0.0664318931802	0.0386416930375	-0.0312750442395	-0.0407739132719	0.0243840474035	0.0700225494408	-0.0184621333129	0.00954174362432	0.0311150921538	0.00242487502175	-0.0724762322957	0.040437781202	-0.036627423906	-0.0084715829881	-0.00743447531669	0.024984657774	-0.0321852050112	0.018294217318	0.017847453398	-0.061569107061	-0.0154872070064	0.0139121320169	-0.0134812151547	0.0353182953053	0.0203503024193	0.0584635840784	-0.0123660824278	0.03756576578	-0.0350361027067	0.0279217479489	-0.0130362948075	0.0733391673668
k__Bacteria;p__Firmicutes;c__Clostridia;o__Clostridiales;f__Ruminococcaceae;g__Faecalibacterium;s__Faecalibacterium_prausnitzii	-0.00886217638137	-0.0416919573472	0.0177922873118	-0.00192321114487	0.0127294138113	-0.0459806538053	0.00778250632267	1.0	-0.00427408953628	0.00373360246402	-0.0639859914372	-0.0125723964645	-0.057769582667	0.0383208241315	-0.00528642547028	0.045185801436	-0.033417751848	0.00338783412166	-0.0135268617198	-0.0240849680222	-0.0126737366023	0.0602764901248	0.00466477349633	-0.0205349520529	0.0416025010186	-0.0567697005635	-0.0156942126307	-0.0177283728894	-0.0532385850205	-0.00524024470921	0.0124827151174	0.00296921615344	-0.0513855196878	0.0122482163358	0.0149382146834	-0.0444320979457	-0.0400004848493	-0.0857356658644	0.0584557171249	0.0222049184177	-0.00156584055021	-0.0277634762632	-0.037389383119	0.0148535978787	0.012360719529	-0.0407259852613	-0.0201792207133	0.0579184236247	0.0584597683268	0.0643713337433	-0.0541132756864	-0.0592490042677	0.00784652048831	-0.0313157216096	-0.0384071118788	-0.031645944486	0.0538108285013	0.0518031659801	0.0165510233584
k__Bacteria;p__Bacteroidetes;c__Bacteroidia;o__Bacteroidales;f__Rikenellaceae;g__Alistipes;s__Alistipes_finegoldii	-0.00229836563771	-0.034702687414	-0.0295546899339	-0.00309197487611	-0.0155431716598	-0.0273091761721	-0.0152114689769	-0.00427408953628	1.0	-0.0233333892531	0.0449266411199	0.0308488178087	0.0110365979135	-0.0320750565896	-0.00779588900602	0.00455670662973	-0.023749194891	-0.0145568029542	-0.0315461857577	-0.0338839816464	-0.00505893758444	-0.0536326860491	-0.0379032135548	-0.000594352347165	0.0403292048928	-0.0298298454314	0.00584425956843	0.0100546028425	-0.0175864849263	0.00725295657796	0.0112710038554	0.0701661974972	-0.00085184328853	0.00261034113839	0.015729735609	-0.0124721491932	0.00737227685354	0.0341789178128	-0.0768885832598	0.00854698598093	0.0483909868335	-0.0180232353399	-0.0721776152875	-0.0486794658699	0.00329235309033	0.0161312779453	0.0119418954921	0.0491023280695	0.00259048730145	-0.0102748327328	-0.00172748638646	-0.0337559671059	-0.017200260383	-0.00351133136177	0.0170395078272	0.0253461488983	-0.0367334138631	-0.025650120207	0.0169828892921
k__Bacteria;p__Bacteroidetes;c__Bacteroidia;o__Bacteroidales;f__Porphyromonadaceae;g__Parabacteroides;s__Parabacteroides_distasonis	-0.00320882271364	0.0117546567612	0.0110804420475	-0.0209090255059	0.0265921211219	-0.0560773002717	0.00714475593369	0.00373360246402	-0.0233333892531	1.0	0.0299622868387	-0.00974376531836	-0.00997826183272	0.00575575613804	0.0375689956713	0.00749652862103	-0.0115591192715	-0.0153975969128	-0.0425454485047	0.0140520538509	0.00525685187702	-0.02516052293	-0.0391837920402	0.0210345072259	0.0379444402843	-0.00891897438518	-0.0347481810818	-0.0103759401293	0.0101231000429	-0.000114205824545	0.0945385966734	-0.0355608627408	-0.0087823591301	-0.0141608949384	-0.0197953206106	-0.0267429647178	-0.0227873373039	0.0105766769977	0.0589473241475	0.0319150623688	0.00483242910965	-0.00767908808792	-0.0346863585255	0.0201032456303	-0.0336838542282	0.0107636379726	-0.0233667284393	-0.0179729490874	-0.00492160284205	-0.022862086953	-0.021991314523	0.0293725967744	0.00589932514029	0.00735742469932	-0.0509703144734	0.0105004153213	-0.00978867382467	-0.00545204681842	0.0247920039023
k__Bacteria;p__Bacteroidetes;c__Bacteroidia;o__Bacteroidales;f__Bacteroidaceae;g__Bacteroides;s__Bacteroides_thetaiotaomicron	0.0445687996831	-0.00340473214513	0.0366043636661	0.0719963734164	-0.0173244208257	0.00841736777447	-0.0116812472418	-0.0639859914372	0.0449266411199	0.0299622868387	1.0	-0.0213105940495	0.00751906286158	-0.0154847229821	-0.0393379234193	0.00401693955786	0.0613905891425	-0.0253788401258	0.00770383268398	0.0111864572714	-0.032420713501	-0.00634607158121	-0.0287994509293	-0.00806350918499	0.00665293836608	-0.00536404022946	-0.0272186569995	-0.0301482869963	-0.0292656619207	0.0675660526565	-0.0131110445922	-0.0184544659303	0.0208758577764	-0.057058269953	-0.0136590376203	-0.00379005611349	0.00156603426857	-0.00870861708854	-0.0778337058523	0.00540546804468	-0.0393163662284	-0.0332417356144	-0.0347370675503	-0.00300042407418	0.0124856906843	0.0211337323764	0.000741119662698	0.00155040058203	0.0167111498171	-0.038675102206	0.0103103001507	0.0420881329088	0.016410430611	-0.0174310399634	-0.0266674969929	0.0413180728477	0.0193666638245	-0.028687745134	0.0238735651195
k__Bacteria;p__Bacteroidetes;c__Bacteroidia;o__Bacteroidales;f__Bacteroidaceae;g__Bacteroides;s__Bacteroides_coprocola	0.015326624858	-0.0504663415108	0.0110646727437	-0.00428198365967	0.00805133193988	0.0405718781947	0.000156376938601	-0.0125723964645	0.0308488178087	-0.00974376531836	-0.0213105940495	1.0	0.00474918340279	0.0296864843132	-0.00402440877201	-0.0674838725645	-0.007955261952	0.0236425350263	-0.0330318308649	-0.0166585544381	-0.0251327000209	-0.0144397878827	0.00540175126811	-0.0318867512358	0.0505655247913	0.0290703709163	0.0679683573762	-0.00580251596046	-0.0294984373742	-0.0100309529308	0.0108163422719	0.0289342068019	0.0241890606333	-0.0111921988069	0.0257040360852	0.00300510094663	0.0467704085345	-0.0619858909599	-0.0554908663863	-0.0206812242577	-0.0683972538762	-0.0227441438227	-0.0038159916802	0.00772595445517	0.0264364901911	-0.0260579226701	-0.0102180387107	0.0060249061993	-0.0428510617999	-0.0094248122995	-0.012002848976	-0.00566208282306	-0.0129073049666	-0.0346835027901	-0.0130906743002	-0.000477724776413	0.00645536952664	0.0346519057668	0.00040300836565
k__Bacteria;p__Bacteroidetes;c__Bacteroidia;o__Bacteroidales;f__Bacteroidaceae;g__Bacteroides;s__Bacteroides_cellulosilyticus	0.0015364765356	-0.00411939928248	0.0356643262691	0.0023826244924	-0.0351135501287	0.0413749753479	-0.0451960120246	-0.057769582667	0.0110365979135	-0.00997826183272	0.00751906286158	0.00474918340279	1.0	-0.0459541866577	-0.0232873650764	-0.0732841809331	0.019196307423	0.0411743490205	-0.0315512743905	0.00909614695649	-0.0432648940574	-0.0545339816678	0.0262304943677	-0.0314347221734	-0.0314656425989	0.0179055703798	0.0387578109563	-9.78428150411e-05	-0.0146353521773	-0.00521052013669	0.0374074575052	0.00120806631532	0.0146482278362	0.00111463217374	0.0672316627053	0.0402395435743	-0.0347151998268	-0.00356648778075	0.0408611087585	-0.0148133894818	-0.00614087432119	-0.053918469997	0.0208162641928	-0.00854253742327	-0.00556860350729	0.0307396548369	-0.0207871140036	0.0039748231152	0.0163687069824	-0.0206636008081	-0.0194407239199	0.0264471013512	-0.00446205835171	-0.0522584770619	-0.0221825568289	0.0170575269208	-0.0169586783386	-0.0228855651636	-0.0368195588655
k__Bacteria;p__Bacteroidetes;c__Bacteroidia;o__Bacteroidales;f__Rikenellaceae;g__Alistipes;s__Alistipes_obesi	0.0251506106507	0.0204259433541	0.01546243282	-0.00278049349706	0.0161574551814	0.0029715601735	-0.00216682933298	0.0383208241315	-0.0320750565896	0.00575575613804	-0.0154847229821	0.0296864843132	-0.0459541866577	1.0	0.0019416385656	0.0103302634493	-0.0102624176253	0.000269130241373	0.00809562070166	-0.0169982647778	-0.0375549620232	0.0198863550231	-0.0185179458376	0.0510839119391	-0.0345976547539	-0.0159167838507	0.00545103790225	0.0384441639995	0.0352308410613	-0.013349352953	-0.0612037536136	-0.0130202593368	-0.0275410617568	-0.0222783403297	-0.00471706504621	0.00736155452586	-0.00684403103238	-0.0871976941829	-0.0110866329303	0.0271817561529	-0.0381656901637	-0.0119622911301	0.0717221548718	-0.0166719018308	-0.0531857248236	-0.017593081204	-0.0897001525535	0.040356736333	0.0251787793326	-0.0397367291327	0.0175685226831	-0.0357951592738	0.0148138593825	-0.0178017390547	-0.001221474199	-0.0152083922578	0.00783162785556	-0.0377358629389	0.0787029822963
k__Bacteria;p__Firmicutes;c__Clostridia;o__Clostridiales;f__Lachnospiraceae;g__;s__[Eubacterium]_rectale	-0.0414414302633	0.0680434140865	-0.0349030443412	0.0412514536668	0.0430199910623	-0.0233369347656	0.0128992226117	-0.00528642547028	-0.00779588900602	0.0375689956713	-0.0393379234193	-0.00402440877201	-0.0232873650764	0.0019416385656	1.0	0.0425997719502	0.101866093831	-0.0386244770747	-0.0196826202643	-0.0436573773575	-0.0185317484099	-0.0384286084692	0.0125689370443	-0.0797098202318	-0.0152627552245	-0.0554665039101	-0.0293505278873	-0.0632298702565	-0.00555442792529	-0.00841604035397	-0.0156313119194	-0.0238389514976	-0.0114917833918	0.00188607808344	-0.0445229018576	-0.0321561494208	0.00445136995966	0.00340565439148	-0.0032267655164	0.0118617816051	0.000590651009052	0.0606985373157	-0.0492979196977	0.0153372607861	-0.0116950011484	-0.0142339660806	0.0232660637945	0.0184539689112	-0.0703131612783	-0.0143321674267	0.011887145496	-0.00243009766743	0.0234806068289	0.0307579265724	-0.0126291917597	0.0157556416397	0.0161157192245	0.0183674967114	-0.000289262365042
k__Bacteria;p__Bacteroidetes;c__Bacteroidia;o__Bacteroidales;f__Bacteroidaceae;g__Bacteroides;s__Bacteroides_plebeius	-0.0314791206736	-0.0415722102522	0.000635178617118	-0.0400078727534	0.0196128434687	-0.0267002497253	-0.0341368468932	0.045185801436	0.00455670662973	0.00749652862103	0.00401693955786	-0.0674838725645	-0.0732841809331	0.0103302634493	0.0425997719502	1.0	-0.0696283778352	0.0307019662088	0.0407013457642	0.00263617216754	0.0319260617657	-0.0179278953774	-0.0518244869919	0.00390327289665	0.0214036132171	-0.0492934380179	-0.0157588287553	0.0460430917102	-0.0138431870135	-0.0411677726687	-0.0807735597345	0.0243592027802	-0.0804088206443	0.00605053678713	0.0158411933716	0.0138817627949	-0.0209732482781	0.011589261756	-0.0465507634581	-0.0186403018207	0.0129093764282	-0.0426096915793	-0.0258724126419	-0.00280321086299	-0.0307918800024	0.0126218217563	-0.0220763035469	0.0349873608424	0.00868529523887	-0.00341985631933	0.0093407052528	0.0185773510339	-0.00328059882416	-0.0111092600829	-0.0175911263543	0.0203637304558	-0.0344238820116	-0.0278816629697	0.0139010854307
k__Bacteria;p__Bacteroidetes;c__Bacteroidia;o__Bacteroidales;f__Bacteroidaceae;g__Bacteroides;s__Bacteroides_fragilis	-0.0347646032614	-0.0023738433257	0.00505060175838	0.0630239060278	0.0118270610653	0.0637974982994	-0.0229605065496	-0.033417751848	-0.023749194891	-0.0115591192715	0.0613905891425	-0.007955261952	0.019196307423	-0.0102624176253	0.101866093831	-0.0696283778352	1.0	0.0153264231161	0.00404109882185	0.0186070707319	-0.00144645684656	-0.0199964035729	0.0033367671971	0.0153430907868	0.0110397559769	-0.00913493161347	-0.00148703513859	-0.0240007136427	-0.0249941737051	0.0177112865965	0.0240992540786	-0.0035809125962	0.0252875576817	-0.024769352594	-0.0404754535141	-0.0132821206574	-0.0500717805005	0.0362283829507	-0.0010755323159	-0.0298495704499	0.0451237365751	-0.0664997855062	-0.0167978003515	0.0178363559177	0.0211975589847	-0.0214264696264	-0.0837425635882	-0.0121156552272	0.0288844789304	0.00615453163865	-0.00332516720765	0.00809469326984	-0.0106062088324	0.0276583340093	-0.0974785123087	-0.0139435691163	-0.00510625135279	-0.0246289781961	0.00773070075425
k__Bacteria;p__Proteobacteria;c__Betaproteobacteria;o__Burkholderiales;f__Sutterellaceae;g__Sutterella;s__Sutterella_wadsworthensis	0.0514354418401	0.041633681122	0.0179460145996	-0.0229978055189	-0.0177108220949	0.012367661989	-0.064528151698	0.00338783412166	-0.0145568029542	-0.0153975969128	-0.0253788401258	0.0236425350263	0.0411743490205	0.000269130241373	-0.0386244770747	0.0307019662088	0.0153264231161	1.0	-0.0130193509309	-0.0109408442692	-0.0510747939755	0.00245298964709	-0.0230178727028	-0.0380336648099	0.048357932151	-0.00661303483018	-0.0631991116201	-0.0178996523644	0.0158675478469	-0.0499019012496	0.0709012917748	-0.0198992497405	0.00166369163332	0.041950310916	-0.0277733380988	-0.0445433352397	-0.0291251484951	-0.00603728365591	0.0306539857717	-0.0681687435849	-0.0600863193964	-0.0291066201882	0.0100996347237	0.0185478402188	-0.0480036652796	-0.0485644671398	0.0065862339551	-0.0399159386253	0.00623162077122	-0.0046382334014	0.0251566983171	-0.00284440197914	-0.00569484588865	0.0155869096467	-0.0953861643305	0.0894488650884	-0.0879495220311	0.0263799866882	0.0136624532364
k__Bacteria;p__Bacteroidetes;c__Bacteroidia;o__Bacteroidales;f__Porphyromonadaceae;g__Barnesiella;s__Barnesiella_intestinihominis	-0.0184687021818	0.0190118605503	-0.0127543993517	-0.0105172641544	-0.0588509659312	-0.0485711868074	-0.00787172933921	-0.0135268617198	-0.0315461857577	-0.0425454485047	0.00770383268398	-0.0330318308649	-0.0315512743905	0.00809562070166	-0.0196826202643	0.0407013457642	0.00404109882185	-0.0130193509309	1.0	-0.00707526063465	0.00224051321488	-0.0050660656413	-0.0377632048678	0.0221377097505	0.0575516412314	0.00895263022318	0.0712643685073	0.0678704746471	-0.00950606698688	-0.0469662320188	0.0460489201744	0.00595993030008	-0.0067361044673	0.0269077047561	0.00693138879493	-0.0140538165114	0.0167016235123	-0.0294735094008	-0.053600671907	-0.0146665381356	-0.0145582352742	-0.0202506040599	0.0249742715859	-0.0133257093785	0.012305655479	-0.0187364416091	-0.00607141871839	-0.040582509777	-0.003075641469	-0.00531213032322	-0.00590833902376	-0.0305253889779	-0.00211732184978	-0.0699178535077	0.0219873973193	-0.0326180066863	-0.00320220929586	0.0155399900272	-0.00250214695959
k__Bacteria;p__Bacteroidetes;c__Bacteroidia;o__Bacteroidales;f__Odoribacteraceae;g__Odoribacter;s__Odoribacter_splanchnicus	-0.0204392893157	0.02205304728	0.0305391215282	-0.0131445868452	-0.00561935322484	-0.00219095839274	-0.0697671627123	-0.0240849680222	-0.0338839816464	0.0140520538509	0.0111864572714	-0.0166585544381	0.00909614695649	-0.0169982647778	-0.0436573773575	0.00263617216754	0.0186070707319	-0.0109408442692	-0.00707526063465	1.0	-0.0470859605483	0.0097212545359	0.0201895536091	-0.0281334164771	-0.0499854483543	-0.0415932856219	-0.0108811885828	-0.0139869222379	-0.0116107893334	0.0232880338643	0.0267147249115	-0.0763714436318	-0.0569659087517	-0.0283712317175	0.0516387278516	0.0418992839211	0.00099985272383	0.00790056909865	-0.0895052505859	0.0266432635816	-0.0237865964126	-0.0852509662913	0.013221681683	0.0119405905108	-0.046874891145	-0.0348837260359	0.0361744927116	-0.0999570131309	0.0110364346489	0.0147303233969	-0.00121654587344	0.0228565775876	-0.00341524654565	0.059418878574	0.000855741489284	-0.0253868622441	-0.0487997875005	0.02262501216	0.00914778464592
k__Bacteria;p__Bacteroidetes;c__Bacteroidia;o__Bacteroidales;f__Bacteroidaceae;g__Bacteroides;s__Bacteroides_salyersiae	0.0504659326572	-0.0241438953659	-0.0467530734481	0.0391721004671	0.000508322980794	-0.0864940892405	-0.0114012157413	-0.0126737366023	-0.00505893758444	0.00525685187702	-0.032420713501	-0.0251327000209	-0.0432648940574	-0.0375549620232	-0.0185317484099	0.0319260617657	-0.00144645684656	-0.0510747939755	0.00224051321488	-0.0470859605483	1.0	0.00598133040044	-0.00194010720838	0.0134769147555	-0.0762876913798	-0.0075470275758	0.0267343239434	0.0197069559114	-0.00784461993237	-0.00867207152265	-0.0167673509079	0.0322321370433	0.0550742190717	0.0412674109437	-0.00348478470922	-0.0620400678878	-0.0178339104492	-0.0022723775836	-0.0334474999627	-0.0391587112547	-0.0475829218866	0.0228458985029	0.0155620949238	-0.00588448727806	-0.0739053310897	-0.00578053777589	-0.0527266383548	0.000636677865276	0.0666281889738	0.00741312945365	-0.0420373149602	0.0222837415433	-0.0700843292965	-0.0119880680838	-0.0263732681422	-0.00208438201387	-0.0405638296922	-0.031558736984	0.0458279206543
k__Bacteria;p__Firmicutes;c__Clostridia;o__Clostridiales;f__Ruminococcaceae;g__Ruminiclostridium;s__[Eubacterium]_siraeum	-0.02092326489	-0.00363952652212	-0.00695205304923	-0.0334529062829	-0.0191390798521	-0.056486452742	0.0514661143828	0.0602764901248	-0.0536326860491	-0.02516052293	-0.00634607158121	-0.0144397878827	-0.0545339816678	0.0198863550231	-0.0384286084692	-0.0179278953774	-0.0199964035729	0.00245298964709	-0.0050660656413	0.0097212545359	0.00598133040044	1.0	-0.0474217293249	-0.00150878915507	0.0447497010787	-0.0412898549608	-0.08233734641	0.0491987836626	-0.00671125716735	0.0179399945229	-0.0134977261621	-0.036431200022	-0.0175909000008	0.0180930564404	0.0346638930198	-0.000847738120326	-0.0729981142009	-0.000972266424924	-0.0119484754359	-0.0209904313845	-0.0379504050571	0.0524241880168	-0.0216715726624	0.0130513582622	0.0149659776362	0.0477861307366	-0.0228351854854	0.0101562006487	-0.0184161954377	0.0407441201605	0.0568445064728	-0.00152073595058	0.0386914396282	0.0373319321856	0.00708890975634	-0.0610850066938	0.0269620968707	0.0266615013267	-0.0382366714178
k__Bacteria;p__Proteobacteria;c__Betaproteobacteria;o__Burkholderiales;f__Sutterellaceae;g__Parasutterella;s__Parasutterella_excrementihominis	0.0204929720278	0.0464142329693	-0.0440939977151	0.0145410890241	0.0209198174461	0.0648083406734	0.000983172222415	0.00466477349633	-0.0379032135548	-0.0391837920402	-0.0287994509293	0.00540175126811	0.0262304943677	-0.0185179458376	0.0125689370443	-0.0518244869919	0.0033367671971	-0.0230178727028	-0.0377632048678	0.0201895536091	-0.00194010720838	-0.0474217293249	1.0	-0.0337287017142	0.00154571347812	0.0101715944403	0.027180764519	-0.0285544023178	0.0137827640307	-0.0158888091062	-0.0169755852535	-0.0248473278756	-0.0440356613081	0.0177689151117	-0.00162715417072	0.0522132835666	0.0252267168338	-0.0301003790759	0.0187711462236	0.0634575654073	-0.0208151120692	0.00470000100139	-0.00601756645648	0.0131857303817	-0.00439219342691	0.0274584453781	0.0703362350078	-0.00704308922283	-0.00739270259356	-0.0701278720122	-0.0186816410934	-0.0331356534829	0.0122376355138	0.0219274824378	-0.0242544813234	0.0289754332969	-0.0164060229969	-0.0393632039949	-0.00606226711121
k__Bacteria;p__Actinobacteria;c__Actinobacteria;o__Bifidobacteriales;f__Bifidobacteriaceae;g__Bifidobacterium;s__Bifidobacterium_adolescentis	-0.0105134563439	-0.036090803373	0.00482369368339	0.00517619729515	0.0968437658767	-0.00189095497852	-0.0479713694776	-0.0205349520529	-0.000594352347165	0.0210345072259	-0.00806350918499	-0.0318867512358	-0.0314347221734	0.0510839119391	-0.0797098202318	0.00390327289665	0.0153430907868	-0.0380336648099	0.0221377097505	-0.0281334164771	0.0134769147555	-0.00150878915507	-0.0337287017142	1.0	0.0162571860527	-0.0253532009965	-0.00138566535812	-0.0244634707706	-0.0473517011122	-0.0260591394662	0.0048282431387	0.0102554024157	-0.0215556840127	-0.047096282354	0.0219339972414	0.0215471734166	-0.000505415168361	0.00804673767384	0.00882076728915	-0.0150943726329	0.00149966178922	-0.0845403418969	-0.048850088306	-3.15522685639e-05	-0.0139435239405	-0.00194656739621	-0.015951559953	0.00795872018258	0.057290249344	-0.025605357582	-0.00427548136162	-0.0524544202517	0.0287411672626	-0.0502152691214	-0.0344017987848	0.0171177861476	-0.00866106621509	-0.0557113035836	-0.0922353163534
k__Bacteria;p__Firmicutes;c__Clostridia;o__Clostridiales;f__Oscillospiraceae;g__Oscillibacter;s__Oscillibacter_sp._KLE_1745	0.00899295978269	-0.00960546511379	0.0234621638084	-0.0474492919805	-0.0335026415705	-0.043983736283	-0.0160256349899	0.0416025010186	0.0403292048928	0.0379444402843	0.00665293836608	0.0505655247913	-0.0314656425989	-0.0345976547539	-0.0152627552245	0.0214036132171	0.0110397559769	0.048357932151	0.0575516412314	-0.0499854483543	-0.0762876913798	0.0447497010787	0.00154571347812	0.0162571860527	1.0	-0.0010197193955	-0.0146247795862	0.0171223301025	-0.0633155437161	0.0355987566961	0.0535296113421	-0.0264294931704	-0.0194779865603	-0.0129684673094	-0.0127872035604	-0.102204870483	-0.00537818607191	0.0196469381124	0.0183841515329	-0.00484831924158	-0.0145296499701	-0.0306605372759	0.0152990859954	-0.0116812270846	-0.0599974200125	-0.0553518132577	-0.00764454936285	-0.0126176920394	0.00663144100854	0.0271308110377	0.0177048970578	0.0354778580016	-0.0303068037951	0.0180361661057	-0.0313779875036	-0.0304921250283	0.0143619817122	-0.0286178638662	-0.0231344371449
k__Bacteria;p__Bacteroidetes;c__Bacteroidia;o__Bacteroidales;f__Bacteroidaceae;g__Bacteroides;s__Bacteroides_coprophilus	-0.033569188142	-0.029195476332	0.0425021267998	-0.040042692193	-0.054983231053	-0.0306474473986	-0.016378871595	-0.0567697005635	-0.0298298454314	-0.00891897438518	-0.00536404022946	0.0290703709163	0.0179055703798	-0.0159167838507	-0.0554665039101	-0.0492934380179	-0.00913493161347	-0.00661303483018	0.00895263022318	-0.0415932856219	-0.0075470275758	-0.0412898549608	0.0101715944403	-0.0253532009965	-0.0010197193955	1.0	-0.0184654132072	-0.0494645754521	0.0390317074293	-0.0173507033687	0.0438826782989	-0.06929070012	-0.00870074471343	0.0511983596515	-0.0414629378385	-0.00447382203424	0.0138422780573	0.0424400598627	0.0121983650842	0.0227753096694	0.000125577192144	-0.0782563489688	-0.0129338987972	0.0194110448022	-0.00611688491974	0.00014011498091	0.0266287565159	0.00935257535015	-0.0520734149485	0.00329487299314	-0.019406005425	0.0706824175963	-0.0250643601953	-0.0435475474303	2.83823548998e-05	-0.0109677630112	-0.0372520866319	-0.00211169224914	-0.0131972019298
k__Bacteria;p__Firmicutes;c__Clostridia;o__Clostridiales;f__Lachnospiraceae;g__Roseburia;s__Roseburia_intestinalis	-0.0211817607419	-0.0468243452756	-0.00150748167799	-0.000870180091737	-0.0105244569598	-0.01585933062	-0.0254701473771	-0.0156942126307	0.00584425956843	-0.0347481810818	-0.0272186569995	0.0679683573762	0.0387578109563	0.00545103790225	-0.0293505278873	-0.0157588287553	-0.00148703513859	-0.0631991116201	0.0712643685073	-0.0108811885828	0.0267343239434	-0.08233734641	0.027180764519	-0.00138566535812	-0.0146247795862	-0.0184654132072	1.0	-0.0238167907414	-0.0209980242447	0.0212589625851	-0.0934392958899	-0.0116879814772	-0.0230094235255	-0.0253504910027	0.0581634210444	-0.0189210936558	0.0221730847094	0.0108007825702	0.0118737066291	-0.0190726483869	0.0642607729356	-0.0287806358499	-0.0145802444909	-0.0131567919642	0.0783741845667	-0.0104171292015	-0.0142933680372	-0.00373488533949	-0.0561087149535	0.0388726744085	0.00901310289069	-0.0420158321498	0.0114386653883	-0.00508271217549	-0.0245194961752	-0.0722196178225	0.0169286873428	0.00395194662046	-0.0411977207759
k__Bacteria;p__Firmicutes;c__Clostridia;o__Clostridiales;f__Lachnospiraceae;g__Roseburia;s__Roseburia_hominis	-0.0308189535246	-0.0248240624786	0.0172197730793	0.0187183613302	-0.0458303525155	0.00273648747239	-0.0664318931802	-0.0177283728894	0.0100546028425	-0.0103759401293	-0.0301482869963	-0.00580251596046	-9.7842815041e-05	0.0384441639995	-0.0632298702565	0.0460430917102	-0.0240007136427	-0.0178996523644	0.0678704746471	-0.0139869222379	0.0197069559114	0.0491987836626	-0.0285544023178	-0.0244634707706	0.0171223301025	-0.0494645754521	-0.0238167907414	1.0	0.0231273182225	-0.00168629961318	0.00334005010792	-0.0104857391771	0.0212254153974	0.00850471588549	-0.0517808764	-0.00837600713845	-0.0763479104632	0.0410400634632	-0.0342791432675	0.0560978255563	0.0279587113068	0.0155466206074	0.0267232041368	0.024971002382	0.0400334331263	0.00933628468182	-0.0406606935179	-0.0668545389568	-0.0157063546503	0.00572170397121	-0.00645190320643	0.0194788205496	-0.0166326115966	-0.0485263691889	-0.00659802384802	-0.00651504704455	-0.0507688662954	0.0284691732831	-0.0176316174558
k__Bacteria;p__Bacteroidetes;c__Bacteroidia;o__Bacteroidales;f__Porphyromonadaceae;g__Parabacteroides;s__Parabacteroides_johnsonii	0.0582040759478	-0.0297584787376	-0.0517337795746	-0.0206277370486	-0.0254420316008	-0.0233797893814	0.0386416930375	-0.0532385850205	-0.0175864849263	0.0101231000429	-0.0292656619207	-0.0294984373742	-0.0146353521773	0.0352308410613	-0.00555442792529	-0.0138431870135	-0.0249941737051	0.0158675478469	-0.00950606698688	-0.0116107893334	-0.00784461993237	-0.00671125716735	0.0137827640307	-0.0473517011122	-0.0633155437161	0.0390317074293	-0.0209980242447	0.0231273182225	1.0	-0.0528178714506	-0.0173054178848	-0.0286916719789	0.00188912267229	0.016759243766	-0.0469325271523	0.00328685269964	0.0564037410101	-0.0387129017643	0.0412669569659	-0.0187739287377	-0.0100342765761	0.00942097811677	0.0343475968991	0.0269038590465	0.0310331852176	-0.0644912919797	-0.0377166726183	-0.0402797890282	-0.00615841418053	-0.0327070909894	-0.0164270956265	0.0181323417092	-0.0146324008164	-0.00181327728417	-0.0214368447472	0.0369737911496	-0.0282940024966	-0.0780209017614	-0.0021726262748
k__Bacteria;p__Actinobacteria;c__Actinobacteria;o__Bifidobacteriales;f__Bifidobacteriaceae;g__Bifidobacterium;s__Bifidobacterium_longum	-0.0120906929919	-0.0453314658863	-0.0777525103199	-0.00642135080129	-0.0165853773553	-0.079037024227	-0.0312750442395	-0.00524024470921	0.00725295657796	-0.000114205824545	0.0675660526565	-0.0100309529308	-0.00521052013669	-0.013349352953	-0.00841604035397	-0.0411677726687	0.0177112865965	-0.0499019012496	-0.0469662320188	0.0232880338643	-0.00867207152265	0.0179399945229	-0.0158888091062	-0.0260591394662	0.0355987566961	-0.0173507033687	0.0212589625851	-0.00168629961318	-0.0528178714506	1.0	0.0218102012648	-0.0740116051071	-0.032118964518	-0.0314062694237	-0.0124688390547	-0.0689538478249	-0.0100684135644	-0.0509244555541	-0.0426487675209	0.0655679228733	0.02299143539	0.0251867010514	-0.00777517415806	0.0198797743322	-0.0520313358282	0.00456158067429	0.00443738524307	0.101472249104	0.0390950765795	-0.0110891674483	0.0074988102058	-0.0551385005473	-0.0596111031179	-0.0265408970679	0.0270566654304	-0.0466239070853	-0.039407765518	-0.0107526940989	-0.00377706465809
