#taxonomy	k__Bacteria;p__Bacteroidetes;c__Bacteroidia;o__Bacteroidales;f__Bacteroidaceae;g__Bacteroides;s__Bacteroides_vulgatus	k__Bacteria;p__Bacteroidetes;c__Bacteroidia;o__Bacteroidales;f__Bacteroidaceae;g__Bacteroides;s__Bacteroides_uniformis	k__Bacteria;p__Bacteroidetes;c__Bacteroidia;o__Bacteroidales;f__Rikenellaceae;g__Alistipes;s__Alistipes_putredinis	k__Bacteria;p__Bacteroidetes;c__Bacteroidia;o__Bacteroidales;f__Prevotellaceae;g__Prevotella;s__Prevotella_copri	k__Bacteria;p__Bacteroidetes;c__Bacteroidia;o__Bacteroidales;f__Bacteroidaceae;g__Bacteroides;s__Bacteroides_stercoris	k__Bacteria;p__Bacteroidetes;c__Bacteroidia;o__Bacteroidales;f__Bacteroidaceae;g__Bacteroides;s__Bacteroides_ovatus	k__Bacteria;p__Bacteroidetes;c__Bacteroidia;o__Bacteroidales;f__Rikenellaceae;g__Alistipes;s__Alistipes_shahii	k__Bacteria;p__Firmicutes;c__Clostridia;o__Clostridiales;f__Ruminococcaceae;g__Faecalibacterium;s__Faecalibacterium_prausnitzii	k__Bacteria;p__Bacteroidetes;c__Bacteroidia;o__Bacteroidales;f__Rikenellaceae;g__Alistipes;s__Alistipes_finegoldii	k__Bacteria;p__Bacteroidetes;c__Bacteroidia;o__Bacteroidales;f__Porphyromonadaceae;g__Parabacteroides;s__Parabacteroides_distasonis	k__Bacteria;p__Bacteroidetes;c__Bacteroidia;o__Bacteroidales;f__Bacteroidaceae;g__Bacteroides;s__Bacteroides_thetaiotaomicron	k__Bacteria;p__Bacteroidetes;c__Bacteroidia;o__Bacteroidales;f__Bacteroidaceae;g__Bacteroides;s__Bacteroides_coprocola	k__Bacteria;p__Bacteroidetes;c__Bacteroidia;o__Bacteroidales;f__Bacteroidaceae;g__Bacteroides;s__Bacteroides_cellulosilyticus	k__Bacteria;p__Bacteroidetes;c__Bacteroidia;o__Bacteroidales;f__Rikenellaceae;g__Alistipes;s__Alistipes_obesi	k__Bacteria;p__Firmicutes;c__Clostridia;o__Clostridiales;f__Lachnospiraceae;g__;s__[Eubacterium]_rectale	k__Bacteria;p__Bacteroidetes;c__Bacteroidia;o__Bacteroidales;f__Bacteroidaceae;g__Bacteroides;s__Bacteroides_plebeius	k__Bacteria;p__Bacteroidetes;c__Bacteroidia;o__Bacteroidales;f__Bacteroidaceae;g__Bacteroides;s__Bacteroides_fragilis	k__Bacteria;p__Proteobacteria;c__Betaproteobacteria;o__Burkholderiales;f__Sutterellaceae;g__Sutterella;s__Sutterella_wadsworthensis	k__Bacteria;p__Bacteroidetes;c__Bacteroidia;o__Bacteroidales;f__Porphyromonadaceae;g__Barnesiella;s__Barnesiella_intestinihominis	k__Bacteria;p__Bacteroidetes;c__Bacteroidia;o__Bacteroidales;f__Odoribacteraceae;g__Odoribacter;s__Odoribacter_splanchnicus	k__Bacteria;p__Bacteroidetes;c__Bacteroidia;o__Bacteroidales;f__Bacteroidaceae;g__Bacteroides;s__Bacteroides_salyersiae	k__Bacteria;p__Firmicutes;c__Clostridia;o__Clostridiales;f__Ruminococcaceae;g__Ruminiclostridium;s__[Eubacterium]_siraeum	k__Bacteria;p__Proteobacteria;c__Betaproteobacteria;o__Burkholderiales;f__Sutterellaceae;g__Parasutterella;s__Parasutterella_excrementihominis	k__Bacteria;p__Actinobacteria;c__Actinobacteria;o__Bifidobacteriales;f__Bifidobacteriaceae;g__Bifidobacterium;s__Bifidobacterium_adolescentis	k__Bacteria;p__Firmicutes;c__Clostridia;o__Clostridiales;f__Oscillospiraceae;g__Oscillibacter;s__Oscillibacter_sp._KLE_1745	k__Bacteria;p__Bacteroidetes;c__Bacteroidia;o__Bacteroidales;f__Bacteroidaceae;g__Bacteroides;s__Bacteroides_coprophilus	k__Bacteria;p__Firmicutes;c__Clostridia;o__Clostridiales;f__Lachnospiraceae;g__Roseburia;s__Roseburia_intestinalis	k__Bacteria;p__Firmicutes;c__Clostridia;o__Clostridiales;f__Lachnospiraceae;g__Roseburia;s__Roseburia_hominis	k__Bacteria;p__Bacteroidetes;c__Bacteroidia;o__Bacteroidales;f__Porphyromonadaceae;g__Parabacteroides;s__Parabacteroides_johnsonii	k__Bacteria;p__Actinobacteria;c__Actinobacteria;o__Bifidobacteriales;f__Bifidobacteriaceae;g__Bifidobacterium;s__Bifidobacterium_longum	k__Bacteria;p__Firmicutes;c__Clostridia;o__Clostridiales;f__;g__Flavonifractor;s__Flavonifractor_plautii	k__Bacteria;p__Firmicutes;c__Clostridia;o__Clostridiales;f__Clostridiaceae;g__Clostridium;s__Clostridium_phoceensis	k__Bacteria;p__Verrucomicrobia;c__Verrucomicrobiae;o__Verrucomicrobiales;f__Akkermansiaceae;g__Akkermansia;s__Akkermansia_muciniphila	k__Bacteria;p__Bacteroidetes;c__Bacteroidia;o__Bacteroidales;f__Prevotellaceae;g__Paraprevotella;s__Paraprevotella_xylaniphila	k__Bacteria;p__Firmicutes;c__Clostridia;o__Clostridiales;f__Ruminococcaceae;g__Ruminococcus;s__Ruminococcus_callidus	k__Bacteria;p__Bacteroidetes;c__Bacteroidia;o__Bacteroidales;f__Rikenellaceae;g__Alistipes;s__Alistipes_senegalensis	k__Bacteria;p__Firmicutes;c__Clostridia;o__Clostridiales;f__Lachnospiraceae;g__Blautia;s__Blautia_sp._KLE_1732	k__Bacteria;p__Bacteroidetes;c__Bacteroidia;o__Bacteroidales;f__Bacteroidaceae;g__Bacteroides;s__Bacteroides_oleiciplenus	k__Bacteria;p__Firmicutes;c__Clostridia;o__Clostridiales;f__Ruminococcaceae;g__Ruminococcus;s__Ruminococcus_bicirculans	k__Bacteria;p__Bacteroidetes;c__Bacteroidia;o__Bacteroidales;f__Bacteroidaceae;g__Bacteroides;s__Bacteroides_fluxus	k__Bacteria;p__Bacteroidetes;c__Bacteroidia;o__Bacteroidales;f__Prevotellaceae;g__Prevotella;s__Prevotella_stercorea	k__Bacteria;p__Firmicutes;c__Clostridia;o__Clostridiales;f__Lachnospiraceae;g__Dorea;s__Dorea_longicatena	k__Bacteria;p__Firmicutes;c__Clostridia;o__Clostridiales;f__Eubacteriaceae;g__Eubacterium;s__[Eubacterium]_eligens	k__Bacteria;p__Firmicutes;c__Clostridia;o__Clostridiales;f__Ruminococcaceae;g__;s__Ruminococcaceae_bacterium_D16	k__Bacteria;p__Firmicutes;c__Clostridia;o__Clostridiales;f__Lachnospiraceae;g__Coprococcus;s__Coprococcus_comes	k__Bacteria;p__Proteobacteria;c__Gammaproteobacteria;o__Enterobacterales;f__Enterobacteriaceae;g__Escherichia;s__Escherichia_coli	k__Bacteria;p__Firmicutes;c__Clostridia;o__Clostridiales;f__Ruminococcaceae;g__Anaerotruncus;s__Anaerotruncus_colihominis	k__Bacteria;p__Firmicutes;c__Clostridia;o__Clostridiales;f__Lachnospiraceae;g__Blautia;s__Blautia_obeum	k__Bacteria;p__Bacteroidetes;c__Bacteroidia;o__Bacteroidales;f__Odoribacteraceae;g__Odoribacter;s__Odoribacter_laneus	k__Bacteria;p__Firmicutes;c__Clostridia;o__Clostridiales;f__Ruminococcaceae;g__Ruminiclostridium;s__[Clostridium]_leptum	k__Bacteria;p__Bacteroidetes;c__Bacteroidia;o__Bacteroidales;f__Porphyromonadaceae;g__Parabacteroides;s__Parabacteroides_goldsteinii	k__Bacteria;p__Firmicutes;c__Clostridia;o__Clostridiales;f__Lachnospiraceae;g__Anaerostipes;s__Anaerostipes_hadrus	k__Bacteria;p__Firmicutes;c__Clostridia;o__Clostridiales;f__Ruminococcaceae;g__Ruminococcus;s__Ruminococcus_lactaris	k__Bacteria;p__Firmicutes;c__Clostridia;o__Clostridiales;f__Clostridiaceae;g__Clostridium;s__Clostridium_sp._L2-50	k__Bacteria;p__Firmicutes;c__Clostridia;o__Clostridiales;f__Clostridiaceae;g__Clostridium;s__Clostridium_sp._M62/1	k__Bacteria;p__Firmicutes;c__Clostridia;o__Clostridiales;f__;g__Intestinimonas;s__Intestinimonas_butyriciproducens	k__Bacteria;p__Actinobacteria;c__Actinobacteria;o__Bifidobacteriales;f__Bifidobacteriaceae;g__Bifidobacterium;s__Bifidobacterium_bifidum	k__Bacteria;p__Firmicutes;c__Negativicutes;o__Veillonellales;f__Veillonellaceae;g__Dialister;s__Dialister_invisus	k__Bacteria;p__Bacteroidetes;c__Bacteroidia;o__Bacteroidales;f__Bacteroidaceae;g__Bacteroides;s__Bacteroides_salanitronis
k__Bacteria;p__Bacteroidetes;c__Bacteroidia;o__Bacteroidales;f__Bacteroidaceae;g__Bacteroides;s__Bacteroides_vulgatus	1.0	-0.0484891038623	0.00174588976295	-0.0197726590741	-0.00884056203376	-0.0226048965925	-0.0804390785116	0.00807932140798	0.0558172073764	-0.01894642105	-0.0232062939317	0.0561974672421	-0.047052465789	0.0117321924492	0.0245391736223	-0.0273816784419	-0.0268464629637	-0.0180755851569	-0.072559085958	0.00874552516061	0.0380000545931	-0.0159407610508	0.00317689694533	-0.0555086946922	0.0296341653025	-0.0865290725333	-0.0392492837162	-0.00566205788019	0.039545680347	0.0328538077138	0.0146804601093	0.0324395592631	-0.0225369137903	0.0161377250459	-0.0578161208015	-0.0117495177705	-0.0180507669145	-0.0630733534797	-0.0720110233545	-0.0641219114193	-0.0384399255169	0.0477623136955	-0.00326915346833	-0.0884389468896	0.0421478787941	-0.0212080584847	-0.0350739248892	0.000630940180915	-0.0136424798297	-0.035399690956	0.0558171484027	0.0234603560698	-0.0103687453928	-0.0276128601327	0.000149565315705	0.0462052419687	0.012050905068	-0.00770140023643	0.0389197286426
k__Bacteria;p__Bacteroidetes;c__Bacteroidia;o__Bacteroidales;f__Bacteroidaceae;g__Bacteroides;s__Bacteroides_uniformis	-0.0484891038623	1.0	-0.0217584408912	0.0615386826898	-0.0523194042889	0.00212206232686	-0.00683988859432	-0.0049749911687	0.0155914243282	-0.0164948932325	-0.0394863807809	-0.000921773403483	-0.0214988541267	0.0224675839908	-0.0180279860839	-0.0430829594763	-0.0930930843869	-0.0307889014424	0.00705239465362	-0.00508757839556	0.0396419075181	-0.00851138991595	-0.00117987919646	0.033252774641	0.00638785621379	-0.0528080693903	0.000232459353129	0.0188652790331	0.00711566871548	-0.0452640181607	-0.0374071784497	0.0451265182825	-0.00531985379019	-0.0528446052223	0.0232495076187	0.0587944917287	-0.0227102774679	-0.0244723606988	-0.00848448520558	0.0455594435189	0.0215180332353	-0.0305926008841	0.0154859766788	0.0138433743154	-0.0484469253899	-0.0236480334584	-0.0335855222055	-0.036243393306	-0.0353594363449	0.0288590691812	-0.0774641652782	-0.00873321949673	0.0102014997702	0.0219188977938	0.0441918877053	0.00504223371228	0.060170753583	0.00300373534337	-0.006705581702
k__Bacteria;p__Bacteroidetes;c__Bacteroidia;o__Bacteroidales;f__Rikenellaceae;g__Alistipes;s__Alistipes_putredinis	0.00174588976295	-0.0217584408912	1.0	-0.00407542658981	0.0358644387253	0.0034207064065	0.00703334749904	-0.00102306043843	-0.00848926269346	0.0644783605623	-0.0386990993582	-0.0240533855435	0.040895090068	0.0508677876043	-0.00123106918119	-0.0420307483915	-0.0147999188349	-0.0116723280237	-0.0293763958263	0.079052300635	0.0167522022585	-0.0716775659587	0.00872913718803	-0.0147581833503	0.011993508799	-0.0473660704163	-0.0394970858635	-0.0625873968738	0.0213142885821	-0.067694380161	0.00781212068224	0.0718580094076	0.016501407706	0.0193806553877	-0.00251955115456	-0.00966564436301	0.0524698102709	-0.0145312335748	-0.0678400020753	0.0229880712564	0.0507301581768	-0.0465216528975	-0.0313801340703	0.01469765535	-0.0382106819063	0.00240491145655	-0.0189899659964	-0.00691949548369	-0.0173721387177	-0.0132155846076	-0.0411453326257	-0.0079317539756	-0.0279121151054	-0.0407285776289	0.0353620599878	-0.0807868960685	0.034617070771	-0.029924208451	-0.0363920853491
k__Bacteria;p__Bacteroidetes;c__Bacteroidia;o__Bacteroidales;f__Prevotellaceae;g__Prevotella;s__Prevotella_copri	-0.0197726590741	0.0615386826898	-0.00407542658981	1.0	0.0221109313928	-0.0174099697013	-0.0270873239018	-0.0255949789542	0.0293664696726	0.00418705251943	-0.0262123029501	-0.0261153781575	0.0228767846948	0.0807943255272	0.0187252890376	0.0250497388912	-0.0387788564468	-0.0304947021927	-0.00730327572946	0.00352982303457	0.0447432474354	0.0158731241827	0.0159126620474	-0.0543167830763	0.0124078173685	-0.0245088037808	-0.0427738206154	0.000134464825394	-0.0355101252991	-0.0179139382881	-0.0199497410135	0.0354503347371	-0.018997791672	-0.0702467901126	0.0161984542297	0.0312279284305	0.0177847421546	0.0205627624029	-0.0213349338594	-0.0766388308929	0.0271283981849	-0.0217554352133	-0.0334581800684	-0.0656188830983	-0.0497883165988	0.00206468679675	0.0586633334704	-0.0665956898064	-0.0256522330304	0.00407050158147	-0.0376854319698	-0.0124497404878	-0.0508708179802	0.00265530810659	-0.0453848748125	0.00173488000237	0.00197084255762	0.00633025063945	-0.0358818520499
k__Bacteria;p__Bacteroidetes;c__Bacteroidia;o__Bacteroidales;f__Bacteroidaceae;g__Bacteroides;s__Bacteroides_stercoris	-0.00884056203376	-0.0523194042889	0.0358644387253	0.0221109313928	1.0	-0.0599047570754	-0.0658491840229	-0.0280780020175	-0.034797678858	-0.0320147289437	0.0335008784108	0.0003473488177	0.0929572331884	0.0205681578737	-0.0106496872314	-0.00470502415679	-0.00569591471099	0.0547862963152	0.0499214311255	-0.0257121513643	0.0328046633456	-0.0371198096464	-0.0159261200554	-0.0347920367886	-0.00300878117593	-0.0533999868365	-0.0205721823886	0.00555745237345	0.0464030400622	0.0216217014357	-0.0100471332955	-0.0447769284865	0.062859016522	0.0198843233872	-0.0166710267748	-0.0062953615171	-0.000503079861616	0.0344129014449	0.0258196910577	0.0107238733852	-0.0376391735264	-0.0176663362962	-0.013666078419	-0.0311688105631	-0.00181913970888	0.0195245020662	0.0317234059727	0.0429198653458	-0.0244029527615	-0.000635162102562	0.0127495123288	-0.110524019074	0.0282105838331	0.0298023905167	0.0475033574136	-0.00146651540322	-0.0116238833341	0.0040412433729	0.00951360903876
k__Bacteria;p__Bacteroidetes;c__Bacteroidia;o__Bacteroidales;f__Bacteroidaceae;g__Bacteroides;s__Bacteroides_ovatus	-0.0226048965925	0.00212206232686	0.0034207064065	-0.0174099697013	-0.0599047570754	1.0	-0.0348285924188	0.0310216684236	0.0319202578337	-0.0454977054176	-0.0354986724786	0.0165894325046	0.0518821092451	0.00203722319778	0.0603536333799	-0.00238358495756	0.0108807718683	-0.00461892958402	-0.0114831333803	0.0253066011423	-0.00184858667654	0.0561754279165	0.0269925002083	0.0219030034517	0.0615368084228	0.00211222618737	-0.0389173154076	0.0162007949958	-0.059227322625	-0.00812701682115	-0.0622744520961	-0.00874158160339	-0.0284089786703	-0.00492695972581	-0.014596313338	0.0264879243647	-0.058106639839	-0.0255780382734	0.00312881247569	-0.0110698164139	-0.0310348163691	0.00874907412714	0.0296577389617	0.0416239280691	-0.0357177442411	-0.0674856403089	-0.0135651156123	0.00615886447542	-0.0291114192272	-0.0311056104273	0.0149037236418	-0.00651511641059	0.00466608415844	-0.00682434541161	0.0192906995035	-0.00705627770129	0.00509195118259	0.00830854882345	-0.0319984174831
k__Bacteria;p__Bacteroidetes;c__Bacteroidia;o__Bacteroidales;f__Rikenellaceae;g__Alistipes;s__Alistipes_shahii	-0.0804390785116	-0.00683988859432	0.00703334749904	-0.0270873239018	-0.0658491840229	-0.0348285924188	1.0	-0.0378998012839	-0.0347083827943	0.00154918882355	0.0198073955615	0.0805933474376	0.0196138087731	-0.0301453330054	0.00638723854373	-0.0122889021144	-0.0460484251452	0.0121341875756	-0.0350309562365	-0.014348132221	-0.0923940555529	-0.0308151581897	0.017381089056	-0.0108462692028	0.0278173333162	0.0299246461584	0.00385547246343	0.0189069393563	-0.0266201594724	0.03158075173	-0.0694234811716	0.0335506472628	0.0291954066888	0.0230542479462	0.0654840554901	0.0677545425734	-0.0538160124314	-0.0274518407308	-0.000619185439205	0.0399163429153	-0.036955242508	-0.00480918421171	-0.0295151350066	-0.0247828526333	-0.0209647306342	-0.0858469804834	0.0362820586894	-0.0377159560045	-0.0298792129049	-0.00982336109817	-0.0501580929921	0.0324691853087	-0.0923086171343	-0.0195573324782	-0.0344361931602	0.0195100027511	-0.0195814340947	0.0554939550746	0.00832153817717
k__Bacteria;p__Firmicutes;c__Clostridia;o__Clostridiales;f__Ruminococcaceae;g__Faecalibacterium;s__Faecalibacterium_prausnitzii	0.00807932140798	-0.0049749911687	-0.00102306043843	-0.0255949789542	-0.0280780020175	0.0310216684236	-0.0378998012839	1.0	-0.0498276253353	0.0197653478751	-0.042523969743	-0.0355522664144	0.0119633063391	-0.0162742222239	-0.00182191463509	-0.00435894261287	0.00125193627548	-0.0376202051233	-0.000578672911854	-0.0211642652533	-0.00893984005581	-0.045394433739	-0.0697714467414	-0.00890803258337	0.00666739162261	-0.0252507563413	0.00464421086328	-0.0194060548649	0.0191150775388	-0.0373681463599	0.0634152561087	-0.0136027942793	0.0429205402567	-0.0415748279262	-0.0431274856953	0.0182749562231	-0.0262760168062	-0.0388959562616	-0.0328989498131	-0.0047502048485	0.0128142803709	-0.0332477265008	0.0520122472543	0.0174259304959	-0.00402915422838	0.0515296750612	0.0475831306062	0.00818425728078	-0.0602051884617	0.00218951489497	-0.00118316415951	0.00226903220737	0.0487777739175	0.0208253674185	-0.0593232228325	-0.0380361784934	-0.0353282657344	0.0215274067515	-0.0299996733707
k__Bacteria;p__Bacteroidetes;c__Bacteroidia;o__Bacteroidales;f__Rikenellaceae;g__Alistipes;s__Alistipes_finegoldii	0.0558172073764	0.0155914243282	-0.00848926269346	0.0293664696726	-0.034797678858	0.0319202578337	-0.0347083827943	-0.0498276253353	1.0	-0.022903747205	-0.0303958204918	0.0155675431033	-0.0180001277292	-0.00493123260117	-0.0461990165432	-0.0541854255508	0.0304647157321	-0.0273816763246	-0.0397318689663	-0.0207046657392	0.0301742780262	-0.0274747492418	-0.0484363087839	0.0352871997087	0.01164537645	0.0288583914926	0.0280197179168	-0.01914274107	0.000658653056285	0.034813944602	-0.0152183513872	-0.0365223389912	0.00264100421373	0.0240640708429	-0.0323024150521	-0.0343712100573	-0.00485741819682	-0.00120636646496	-0.0260926558064	0.0627362222396	-0.0332867015199	-0.0101531472548	0.00466062539567	-0.00269310133849	-0.0118038294237	0.113671713884	-0.0479003469959	0.0189942814788	-0.0611804997731	-0.0166322675698	-0.000272954961189	0.0290140539043	-0.0340017722888	0.010320389959	-0.0243697459403	0.00782587676146	-0.093665087736	-0.0199933093985	-0.0321537005265
k__Bacteria;p__Bacteroidetes;c__Bacteroidia;o__Bacteroidales;f__Porphyromonadaceae;g__Parabacteroides;s__Parabacteroides_distasonis	-0.01894642105	-0.0164948932325	0.0644783605623	0.00418705251943	-0.0320147289437	-0.0454977054176	0.00154918882355	0.0197653478751	-0.022903747205	1.0	0.0142036893726	0.00191554159108	0.020174124571	0.0647634262711	0.0710422907885	0.00102496984442	0.0171593090886	-0.00181379452269	0.012642914817	0.0495796999157	-0.011359130269	-0.0100858712428	0.025505706873	-0.0435763093921	-0.0175522844572	-0.0212950398732	-0.0405030051058	-0.0372408450892	0.027219087899	0.028226514806	-0.0160450310566	0.00913597611426	-0.0290520323653	-0.0261848772756	-0.0123931641395	-0.0635843574941	0.00493451256666	-0.0230985140919	-0.011517199086	0.0202835260661	0.0203567787123	-0.0101979059298	0.0222444968535	-0.00210127206903	-0.0581660214809	0.0585731341152	0.030492553839	-0.0338960969853	0.00311665287594	0.0065229322543	0.00161359864629	-4.94666783594e-05	-0.0773356673599	-0.0192998968527	0.0171613917689	-0.0108986126036	-0.00345196236653	-0.0150690671544	-0.0297482547048
k__Bacteria;p__Bacteroidetes;c__Bacteroidia;o__Bacteroidales;f__Bacteroidaceae;g__Bacteroides;s__Bacteroides_thetaiotaomicron	-0.0232062939317	-0.0394863807809	-0.0386990993582	-0.0262123029501	0.0335008784108	-0.0354986724786	0.0198073955615	-0.042523969743	-0.0303958204918	0.0142036893726	1.0	-0.0596178836059	-0.0102369133949	0.0633038411433	-0.0629727929743	-0.0272379821618	0.00105924896142	-0.0616782450186	-0.0172951886462	0.0428865871226	-0.0666875254887	0.0160034500045	0.0163987402629	-0.0147500462409	0.0129500920313	0.0222211495062	0.0163643194223	-0.00423169114477	-0.0096691539552	-0.00599187221061	0.0305181331064	-0.0249587332472	0.0314100167855	-0.0403777344092	-0.0463224025638	0.00249753500276	-0.0333217040247	-0.00654884083981	0.0182897796209	0.0401384283372	-0.0366525447948	-0.0352120778965	0.047151672735	0.0228997786135	-0.0191865055168	0.0291196868945	-0.0538647835327	2.66016161042e-05	-0.0321071764642	-0.068339518274	-0.0372376272232	-0.015320448458	-0.0309962057692	-0.00437422080687	0.0164067997233	0.0498904751365	0.0163902580071	-0.0723507754502	0.00265972877543
k__Bacteria;p__Bacteroidetes;c__Bacteroidia;o__Bacteroidales;f__Bacteroidaceae;g__Bacteroides;s__Bacteroides_coprocola	0.0561974672421	-0.000921773403483	-0.0240533855435	-0.0261153781575	0.0003473488177	0.0165894325046	0.0805933474376	-0.0355522664144	0.0155675431033	0.00191554159108	-0.0596178836059	1.0	0.0355092135964	-0.0713177894221	0.00418812968071	-0.0315510771967	-0.0308636146854	0.0405695814658	-0.0655594328851	0.0209530824063	-0.038538377721	0.0383731029259	-0.01708582764	0.00847165141226	0.0316219124761	-0.0240770107352	-0.0511783611223	-0.0167505936955	-0.0660146453324	0.000144195892581	-0.00518599966132	-0.0142972590914	-0.0366365483769	0.0588658945498	0.0181035204915	-0.0382067940554	-0.0166253645806	0.0153692598478	0.0097712604373	-0.0604494299713	-0.0314071655827	0.0230043510378	-0.0586847143473	-0.00566750015878	0.0412482986876	-0.00103918813679	-0.00837645260614	-0.00600308168052	-0.029338274614	0.0409528957543	-0.020076697601	0.0293649275028	-0.047972602458	0.0375426222745	-0.0142000899422	0.0352421551742	-0.0119893219332	-0.00432864943492	-0.040684193636
k__Bacteria;p__Bacteroidetes;c__Bacteroidia;o__Bacteroidales;f__Bacteroidaceae;g__Bacteroides;s__Bacteroides_cellulosilyticus	-0.047052465789	-0.0214988541267	0.040895090068	0.0228767846948	0.0929572331884	0.0518821092451	0.0196138087731	0.0119633063391	-0.0180001277292	0.020174124571	-0.0102369133949	0.0355092135964	1.0	-0.00597451943092	-0.0295869979807	0.0251250085218	0.0478812002828	0.00360658865841	-0.0349349528311	0.0155825182612	-0.00666616494814	0.019072810275	0.0395121256271	-0.0146302227437	-0.0305685881516	-0.0107795082705	0.0298497001878	0.00887368235738	-0.0212659729403	-0.0452201399874	-0.0529235095368	0.00241823633417	-0.0160768793524	0.0418439934905	-0.0128605686949	-0.0350650618948	-0.0121015971132	-0.00665142054952	0.00292286081993	-0.0641273110823	-0.0314603187756	-0.01935116683	-0.0415777425877	-0.0207649545753	-0.0467463622701	0.0613126476077	-0.0121871306597	0.0379183305849	-0.00355807093155	-0.0335727004428	-0.0544433580667	-0.0104626938947	0.010278295198	-0.0523767274608	0.0267583560306	0.0107843246982	-0.0382923639998	0.0227225056021	-0.0167525179771
k__Bacteria;p__Bacteroidetes;c__Bacteroidia;o__Bacteroidales;f__Rikenellaceae;g__Alistipes;s__Alistipes_obesi	0.0117321924492	0.0224675839908	0.0508677876043	0.0807943255272	0.0205681578737	0.00203722319778	-0.0301453330053	-0.0162742222239	-0.00493123260117	0.0647634262711	0.0633038411433	-0.0713177894221	-0.00597451943092	1.0	0.0219089173114	-0.0508893323901	-0.00395218520922	-0.0809713172378	-0.022801028013	0.0303428993806	-0.054823566496	0.00483758496781	-0.0201786152448	0.0107424100495	-0.0265242440619	-0.0521476066971	-0.0379546467503	-0.0311003810598	0.0592780317685	-0.0129108087396	-0.0101863697822	-0.0250094912895	-0.0216802415946	-0.0724083559365	-0.0208528345157	-0.0185130372976	0.000184428795138	-0.0119232635028	0.0149054054403	-0.0397723501983	0.0208620252006	-0.0439993603182	0.00220393076741	0.0335651958626	0.00373459863197	0.00642039362038	-0.0833221488417	0.0229886179457	-0.0583435010589	-0.027772039078	-0.0110541419287	0.0184808315653	-0.0403301566424	0.0253091214186	0.0303946108696	-0.00500620151894	-0.0159564163915	0.0554344405133	-0.0154224201592
k__Bacteria;p__Firmicutes;c__Clostridia;o__Clostridiales;f__Lachnospiraceae;g__;s__[Eubacterium]_rectale	0.0245391736223	-0.0180279860839	-0.00123106918119	0.0187252890376	-0.0106496872314	0.0603536333799	0.00638723854373	-0.00182191463509	-0.0461990165432	0.0710422907885	-0.0629727929743	0.00418812968071	-0.0295869979807	0.0219089173114	1.0	-0.0492648796029	-0.0174087498491	-0.044455591786	-0.0622019879675	-0.0124747984263	-0.0063276562655	0.0391516352072	0.0584722381878	-0.00490885464647	0.0450273793736	-0.0808929390288	0.0204097053084	-0.0765473130789	-0.019584978434	-0.00813791850492	-0.0140574616054	-0.00600391836315	0.0212003865941	0.0549078818479	-0.0258330678527	-0.00252025072432	-0.0331512100867	0.00177326674488	-0.0221052116484	0.0311672777579	0.00803996054321	-0.00649430992371	0.0265703551997	-0.0291215509645	-0.0480868788855	-0.0155245153633	0.0238777711983	0.0223428129796	0.0130507770993	0.0463032261708	0.0411580576887	-0.0764482602173	-0.0162232015723	0.0655761215377	-0.0350936281252	-0.0602315603693	-0.0622802991586	-0.000500803028351	0.0831151309391
k__Bacteria;p__Bacteroidetes;c__Bacteroidia;o__Bacteroidales;f__Bacteroidaceae;g__Bacteroides;s__Bacteroides_plebeius	-0.0273816784419	-0.0430829594763	-0.0420307483915	0.0250497388912	-0.00470502415679	-0.00238358495756	-0.0122889021144	-0.00435894261287	-0.0541854255508	0.00102496984442	-0.0272379821618	-0.0315510771967	0.0251250085218	-0.0508893323901	-0.0492648796029	1.0	0.051108871598	0.0147259692974	0.0342130593244	-0.0320116779527	-0.0777839507001	-0.0743737025414	-0.0496548128196	-0.0480690674636	-0.0976955078588	0.0326148682417	0.0453540400901	0.0399597314484	-0.0598735808657	-0.0271950107589	0.00870908481397	0.0234682547155	-0.0015680410305	-0.0425306766557	0.0273440480822	-0.0102929957319	0.0710465134032	0.036467369251	0.0296755826495	0.0508060392913	0.0306869112755	0.0183237576191	-0.0745853958343	0.00408491875697	-0.0575282012898	0.000521243336286	0.0247696271851	-0.0331403906048	-0.0039498926331	-0.000156254485243	0.00216552216631	-0.0167223750186	0.0415906007035	-0.015691647345	0.0492901255038	-0.0215179669884	0.0170620234054	0.0148487946276	-0.0573011322683
k__Bacteria;p__Bacteroidetes;c__Bacteroidia;o__Bacteroidales;f__Bacteroidaceae;g__Bacteroides;s__Bacteroides_fragilis	-0.0268464629637	-0.0930930843869	-0.0147999188349	-0.0387788564468	-0.00569591471099	0.0108807718683	-0.0460484251452	0.00125193627548	0.0304647157321	0.0171593090886	0.00105924896142	-0.0308636146854	0.0478812002828	-0.00395218520922	-0.0174087498491	0.051108871598	1.0	-0.0176592989527	-0.00363010661401	-0.0541543283798	-0.0147642137691	0.0373135346899	-0.0586254392798	-0.036614097581	-0.0274067431378	0.0254071548365	0.0201833137317	0.0490374570163	0.0247158133806	0.010311055023	-0.065467488692	-0.0745933557465	-0.011350490215	-0.0292437229364	-0.0142703372909	-0.0510026491488	-0.0593372079769	0.0188636007112	-0.0314629689957	-0.0181491615556	0.0602092712324	-0.0116368340039	-0.072880236656	-0.00468505582643	0.00751975927797	0.0108624844084	0.000139632447629	0.0077071745171	-0.0196739613305	-0.0369220848316	0.0170082478613	0.0021550794898	-0.0137804834273	-0.0245634126708	-0.0048562335036	-0.0157049297917	-0.00189016952506	-0.0749955382575	-0.00655503717524
k__Bacteria;p__Proteobacteria;c__Betaproteobacteria;o__Burkholderiales;f__Sutterellaceae;g__Sutterella;s__Sutterella_wadsworthensis	-0.0180755851569	-0.0307889014424	-0.0116723280237	-0.0304947021927	0.0547862963152	-0.00461892958402	0.0121341875756	-0.0376202051233	-0.0273816763246	-0.00181379452269	-0.0616782450186	0.0405695814658	0.00360658865841	-0.0809713172378	-0.044455591786	0.0147259692974	-0.0176592989527	1.0	0.0446130856355	-0.00330421407475	-0.00747452565606	-0.0150680563525	-0.0220998103195	-0.0354726002414	-0.0162283264807	0.0469228852487	0.0408691040632	0.00920642821529	-0.0043730302154	-0.00887323494483	-0.0270675609156	-0.0250134567356	0.0355730852421	-0.0861073077791	-0.0255078503696	0.0264881096848	0.0448798251562	-0.0243325385202	0.0517857546172	0.0109013762632	0.0103903101846	-0.0361602259604	0.0376355830261	-0.0240993565881	-0.0173925721948	-0.0037662110306	0.0304408987334	-0.0482694501647	0.0325911866719	0.0445421309288	0.0353699176015	-0.00294707825586	0.00548592132469	0.0060480770128	0.0218617298746	-0.0189413264952	-0.0491504915856	-0.0282717218356	-0.00926102261695
k__Bacteria;p__Bacteroidetes;c__Bacteroidia;o__Bacteroidales;f__Porphyromonadaceae;g__Barnesiella;s__Barnesiella_intestinihominis	-0.072559085958	0.00705239465362	-0.0293763958263	-0.00730327572946	0.0499214311255	-0.0114831333803	-0.0350309562365	-0.000578672911854	-0.0397318689663	0.012642914817	-0.0172951886462	-0.0655594328851	-0.0349349528311	-0.022801028013	-0.0622019879675	0.0342130593244	-0.00363010661401	0.0446130856355	1.0	0.0197243517594	0.0435277536346	-0.046401431595	0.00787668203498	-0.050465081669	-0.00609903427156	-0.0105216256977	-0.0210202057475	0.0161605333908	-0.00381565003875	0.00409872599064	-0.00192082313102	-0.0161376091872	0.0507605672073	0.00544151865177	0.0159372869451	-0.0088319589307	-0.0225805591825	-0.00701914500995	-0.0302584219569	-0.0511031041414	-0.00277814658741	-0.0389589141171	0.0283702994096	-0.039709448832	-0.0305946091563	-0.0297936859277	-0.0397370344745	0.0143583735968	0.0367249424001	-0.0575388967064	0.0403598562105	0.00692230876134	-0.0665124604099	-0.0488137842962	0.0283300701767	0.0424116407256	-0.0441224503812	-0.0573250680242	-0.033824571894
k__Bacteria;p__Bacteroidetes;c__Bacteroidia;o__Bacteroidales;f__Odoribacteraceae;g__Odoribacter;s__Odoribacter_splanchnicus	0.00874552516061	-0.00508757839556	0.079052300635	0.00352982303457	-0.0257121513643	0.0253066011423	-0.014348132221	-0.0211642652533	-0.0207046657392	0.0495796999157	0.0428865871226	0.0209530824063	0.0155825182612	0.0303428993806	-0.0124747984263	-0.0320116779527	-0.0541543283798	-0.00330421407475	0.0197243517594	1.0	0.0616870248418	-0.0293479637836	0.00680282052722	-0.0338203565965	-0.0314911694694	0.0224713847819	-0.00241950201299	-0.0374448197839	-0.0409874835094	0.0203465325252	0.0269046089057	-0.0179269738465	0.00266994903489	-0.00752421143014	2.34919008562e-05	-0.0133946728418	-0.0231624539504	0.0530218672332	0.00214616914849	-0.0459134497511	-0.0582414073323	-0.0215940376258	0.0487950698485	-0.0171539475206	0.0382207714994	0.0441057681542	-0.0899812508559	-0.0248885436572	-0.0520314205857	-0.018698452968	-0.0451766423441	0.022472624709	-0.00855401635444	-0.0414724853067	-0.00998466929856	-0.0103591080851	0.0428245399141	-0.00588607564371	0.028204264549
k__Bacteria;p__Bacteroidetes;c__Bacteroidia;o__Bacteroidales;f__Bacteroidaceae;g__Bacteroides;s__Bacteroides_salyersiae	0.0380000545931	0.0396419075181	0.0167522022585	0.0447432474354	0.0328046633456	-0.00184858667654	-0.0923940555529	-0.00893984005581	0.0301742780262	-0.011359130269	-0.0666875254887	-0.038538377721	-0.00666616494814	-0.054823566496	-0.0063276562655	-0.0777839507001	-0.0147642137691	-0.00747452565606	0.0435277536346	0.0616870248418	1.0	0.00110219212952	-0.0194522954683	-0.0406595553578	-0.030719204051	-0.0267711891044	0.0420320409543	-0.0341553303974	-0.0249814960545	0.0108406231959	-0.017139300126	-0.0969713116859	0.0461190861791	0.0123535269607	0.00152146226071	0.00187426793833	-0.00422933583448	-0.0187790001394	-0.00493384851603	-0.0130054469364	-0.0347297976546	-0.027863779848	0.0148424190294	0.0358991251319	0.0284685276965	0.0221337407873	0.0789073684327	0.00465831026516	-0.0275712325964	-0.0119926417974	0.0370509796211	-0.0134386036568	-0.0339638828756	-0.0271994042225	-0.0777173494439	0.0220186400842	-0.0123072149445	0.00641880389751	-0.0161965857186
k__Bacteria;p__Firmicutes;c__Clostridia;o__Clostridiales;f__Ruminococcaceae;g__Ruminiclostridium;s__[Eubacterium]_siraeum	-0.0159407610508	-0.00851138991595	-0.0716775659587	0.0158731241827	-0.0371198096464	0.0561754279165	-0.0308151581897	-0.045394433739	-0.0274747492418	-0.0100858712428	0.0160034500045	0.0383731029259	0.019072810275	0.00483758496781	0.0391516352072	-0.0743737025414	0.0373135346899	-0.0150680563525	-0.046401431595	-0.0293479637836	0.00110219212952	1.0	-0.0457081139609	-0.0036068166423	0.0107476588958	-0.0337063199242	0.0259827468822	-0.0128591884437	-0.0348040446785	-0.0179372482791	0.00233964168146	-0.00569798531888	-0.0172128243951	0.000367994099947	0.0151667097533	-0.0802259820876	-0.0457709267589	-0.031648638495	0.0303357002951	0.0276574855651	-0.0212625684534	-0.0453117909845	-0.00516913796596	-0.0178654250732	0.0165349776803	-0.00316737101194	-0.029912758693	-0.0228023211287	0.0171087318388	0.0877729032647	0.0389061674595	-0.040842066852	0.00418488972882	0.00907266655905	-0.0283800827386	0.00957289272648	0.0422222297991	0.00241209901075	-0.0189555309339
k__Bacteria;p__Proteobacteria;c__Betaproteobacteria;o__Burkholderiales;f__Sutterellaceae;g__Parasutterella;s__Parasutterella_excrementihominis	0.00317689694534	-0.00117987919646	0.00872913718803	0.0159126620474	-0.0159261200554	0.0269925002083	0.017381089056	-0.0697714467414	-0.0484363087839	0.025505706873	0.0163987402629	-0.01708582764	0.0395121256271	-0.0201786152448	0.0584722381878	-0.0496548128196	-0.0586254392798	-0.0220998103195	0.00787668203498	0.00680282052722	-0.0194522954683	-0.0457081139609	1.0	0.0309705542609	-0.0015225764969	0.0137943634387	-0.0212173482288	0.0367911142193	-0.0493897330816	-0.0415103225361	-0.0464452008371	0.0340533867456	0.000651420677231	0.0513355673479	-0.0175044603166	-0.00733005504684	-0.0540638199585	0.00692314420209	0.00141397328501	-0.0241140599664	0.00439071239979	0.019056600123	-0.0980335217078	0.0201533063791	0.0140215393171	-0.0123277436112	-0.0316339492171	-0.0410966521004	-0.0452514678013	-0.022148922471	-0.0147962254753	0.00376946904189	-0.00928984512224	0.00981588380202	0.0198798641932	0.0622468923669	-0.0310051686455	0.00813220753109	-0.0604527575535
k__Bacteria;p__Actinobacteria;c__Actinobacteria;o__Bifidobacteriales;f__Bifidobacteriaceae;g__Bifidobacterium;s__Bifidobacterium_adolescentis	-0.0555086946922	0.033252774641	-0.0147581833503	-0.0543167830763	-0.0347920367886	0.0219030034517	-0.0108462692028	-0.00890803258337	0.0352871997087	-0.0435763093921	-0.0147500462409	0.00847165141226	-0.0146302227437	0.0107424100495	-0.00490885464647	-0.0480690674636	-0.036614097581	-0.0354726002414	-0.050465081669	-0.0338203565965	-0.0406595553578	-0.0036068166423	0.0309705542609	1.0	-0.0142995814456	0.0426262350043	-0.0289599914168	-0.0121833755094	-0.00265892814044	-0.0322507435722	0.00422416331344	0.068274702817	-0.0142406390412	0.00494209304	-0.0326993515655	0.0570189362142	-0.0145798896974	-0.0491966975978	0.0280695748493	0.0325976844699	0.00118868577518	0.0482811672063	-0.039224707124	0.0161753114356	-0.0539887532666	0.0124951093518	-0.012904483335	0.0243778746344	-0.0277815632598	-0.0321879833429	0.0611284559183	0.0147292472517	-0.0169769994465	0.00427967273889	-0.0318502656931	-0.0402867696374	-0.0080573141949	0.0316129172833	-0.000410753282637
k__Bacteria;p__Firmicutes;c__Clostridia;o__Clostridiales;f__Oscillospiraceae;g__Oscillibacter;s__Oscillibacter_sp._KLE_1745	0.0296341653025	0.00638785621379	0.011993508799	0.0124078173685	-0.00300878117593	0.0615368084228	0.0278173333162	0.00666739162261	0.01164537645	-0.0175522844572	0.0129500920313	0.0316219124761	-0.0305685881516	-0.0265242440619	0.0450273793736	-0.0976955078588	-0.0274067431378	-0.0162283264807	-0.00609903427156	-0.0314911694694	-0.030719204051	0.0107476588958	-0.0015225764969	-0.0142995814456	1.0	0.047542121497	0.0205202819972	-0.0118917007326	-0.0431551776623	0.00592335608581	0.0267342297179	-0.01530871693	0.0669297804219	-0.0121402413995	0.0213638722202	0.0686314948423	-0.0502993654589	-0.0188880792763	0.00629808620348	0.0170999183609	-0.0115001723045	0.0290277919542	-0.000451178226603	-0.0245276275824	-0.0228877500248	-0.0220495368592	0.0172119240514	0.0250530624029	-0.0252479201692	-0.0277704003447	-0.0154122299454	0.0110925437593	-0.00683757921939	-0.0288579729238	-0.0215167797331	-0.0283433742153	-0.0164673826665	0.0263075586763	-0.0230159881981
k__Bacteria;p__Bacteroidetes;c__Bacteroidia;o__Bacteroidales;f__Bacteroidaceae;g__Bacteroides;s__Bacteroides_coprophilus	-0.0865290725333	-0.0528080693903	-0.0473660704163	-0.0245088037808	-0.0533999868365	0.00211222618737	0.0299246461584	-0.0252507563413	0.0288583914926	-0.0212950398732	0.0222211495062	-0.0240770107352	-0.0107795082705	-0.0521476066971	-0.0808929390288	0.0326148682417	0.0254071548365	0.0469228852487	-0.0105216256977	0.0224713847819	-0.0267711891044	-0.0337063199242	0.0137943634387	0.0426262350043	0.047542121497	1.0	-0.0646322101185	-0.0586294680667	0.0114819693597	0.0337167165995	0.0155733485078	0.0213281395384	0.0536880610053	0.0116894079395	0.0208940216666	0.00909442669141	0.0190444046637	0.0117568183989	0.00134857647366	-0.0441995445089	-0.0426803573923	-0.0307497933008	0.0114487929199	-0.0145945707028	0.0269657890607	-0.0278841187283	0.0269156101013	0.00907172805192	-0.00506937983093	-0.0246057305279	0.0320840925303	-0.0408043850227	-0.0343411629966	-0.0143823310886	-0.0315180258962	0.0031667232296	-0.0426424548756	0.0198051122759	-0.00429438016982
k__Bacteria;p__Firmicutes;c__Clostridia;o__Clostridiales;f__Lachnospiraceae;g__Roseburia;s__Roseburia_intestinalis	-0.0392492837162	0.000232459353129	-0.0394970858635	-0.0427738206154	-0.0205721823886	-0.0389173154076	0.00385547246343	0.00464421086328	0.0280197179168	-0.0405030051058	0.0163643194223	-0.0511783611223	0.0298497001878	-0.0379546467503	0.0204097053084	0.0453540400901	0.0201833137317	0.0408691040632	-0.0210202057475	-0.00241950201299	0.0420320409543	0.0259827468822	-0.0212173482288	-0.0289599914168	0.0205202819972	-0.0646322101185	1.0	-0.0511924659426	-0.0149950050975	0.0183778651374	0.01864359097	0.00357708822365	0.0446366841495	0.049621022631	-0.0082721303179	-0.0494332542144	-0.00780710358011	-0.0168543763473	-0.00128445646214	0.0260878279347	0.0151439504694	0.0120300990809	0.0239596146128	-0.0144342957972	0.0124258944351	-0.00212368332759	-0.00136703870197	0.0115759410403	-0.0151700387664	-0.0206990753336	-0.00846200718217	0.00089181496541	0.018493884081	0.0420782456261	-0.0499695264062	-0.00931251326004	-0.0341486808096	-0.0580773521977	-0.0496552011676
k__Bacteria;p__Firmicutes;c__Clostridia;o__Clostridiales;f__Lachnospiraceae;g__Roseburia;s__Roseburia_hominis	-0.00566205788019	0.0188652790331	-0.0625873968738	0.000134464825394	0.00555745237345	0.0162007949958	0.0189069393563	-0.0194060548649	-0.01914274107	-0.0372408450892	-0.00423169114477	-0.0167505936955	0.00887368235738	-0.0311003810598	-0.0765473130789	0.0399597314484	0.0490374570163	0.00920642821529	0.0161605333908	-0.0374448197839	-0.0341553303974	-0.0128591884437	0.0367911142193	-0.0121833755094	-0.0118917007326	-0.0586294680667	-0.0511924659426	1.0	0.00112756099577	0.00220577210353	-0.0138165311483	-0.0768339580625	-0.0125467949812	-0.0256466139283	0.0353261512331	0.0250369211871	-0.0292185451783	-0.00630484280281	0.0157905319986	-0.000159607571338	-0.051406166967	0.0343305029103	-0.00299453832119	-0.0315387282598	0.0201075190089	0.00406898272611	-0.0664404874998	0.0312540800508	0.0213470490153	0.04662026644	-0.0128659948724	-0.0252840472187	0.00153102460086	0.0166221740657	0.0387722664978	-0.00471372631927	-0.00689151717314	0.00855985237572	0.061432634226
k__Bacteria;p__Bacteroidetes;c__Bacteroidia;o__Bacteroidales;f__Porphyromonadaceae;g__Parabacteroides;s__Parabacteroides_johnsonii	0.039545680347	0.00711566871548	0.0213142885821	-0.0355101252991	0.0464030400622	-0.059227322625	-0.0266201594724	0.0191150775388	0.000658653056285	0.027219087899	-0.0096691539552	-0.0660146453324	-0.0212659729403	0.0592780317685	-0.019584978434	-0.0598735808657	0.0247158133806	-0.0043730302154	-0.00381565003875	-0.0409874835094	-0.0249814960545	-0.0348040446785	-0.0493897330816	-0.00265892814044	-0.0431551776623	0.0114819693597	-0.0149950050975	0.00112756099577	1.0	0.0257144471296	0.0144357509411	-0.016808184463	0.0167534603154	-0.03807936521	0.0232507268584	-0.0393825170702	-0.0337469191107	0.0710270278017	-0.0319040889941	-0.0530824211747	-0.0153414541872	-0.011095864517	0.0161208645945	0.029451010236	-0.0491229896956	0.0107275908399	-0.0519876977403	-0.00978527005314	0.0219098661581	0.011456575595	0.00547006626922	0.0191696009489	-0.0290031466238	0.000666601333091	0.0202350985377	-0.0150775319623	-0.00252977883763	-0.00782318688809	-0.0052340794784
k__Bacteria;p__Actinobacteria;c__Actinobacteria;o__Bifidobacteriales;f__Bifidobacteriaceae;g__Bifidobacterium;s__Bifidobacterium_longum	0.0328538077138	-0.0452640181607	-0.067694380161	-0.0179139382881	0.0216217014357	-0.00812701682115	0.03158075173	-0.0373681463599	0.034813944602	0.028226514806	-0.00599187221061	0.000144195892581	-0.0452201399874	-0.0129108087396	-0.00813791850492	-0.0271950107589	0.010311055023	-0.00887323494483	0.00409872599064	0.0203465325252	0.0108406231959	-0.0179372482791	-0.0415103225361	-0.0322507435722	0.00592335608581	0.0337167165995	0.0183778651374	0.00220577210353	0.0257144471296	1.0	-0.0222953465566	-0.00646391321797	-0.0308977159148	0.0147394684287	-0.00615524289158	-0.0116251800311	-0.00924704646037	0.0782401579376	0.0421555237749	-0.00321873920452	0.0321030668361	-0.00518095621483	-0.0635830355243	-0.0407118063387	0.0677509599973	0.00127123305509	-0.0136504902133	-0.0758172891172	-0.017916331589	-0.0362369819341	-0.0636931939558	0.0493893827182	-0.0449180611134	0.00973894079544	-0.0391443253994	0.0757701592776	-0.0440005504511	-0.00603695372273	0.0189833365822
