#taxonomy	k__Bacteria;p__Bacteroidetes;c__Bacteroidia;o__Bacteroidales;f__Bacteroidaceae;g__Bacteroides;s__Bacteroides_vulgatus	k__Bacteria;p__Bacteroidetes;c__Bacteroidia;o__Bacteroidales;f__Bacteroidaceae;g__Bacteroides;s__Bacteroides_uniformis	k__Bacteria;p__Bacteroidetes;c__Bacteroidia;o__Bacteroidales;f__Rikenellaceae;g__Alistipes;s__Alistipes_putredinis	k__Bacteria;p__Bacteroidetes;c__Bacteroidia;o__Bacteroidales;f__Prevotellaceae;g__Prevotella;s__Prevotella_copri	k__Bacteria;p__Bacteroidetes;c__Bacteroidia;o__Bacteroidales;f__Bacteroidaceae;g__Bacteroides;s__Bacteroides_stercoris	k__Bacteria;p__Bacteroidetes;c__Bacteroidia;o__Bacteroidales;f__Bacteroidaceae;g__Bacteroides;s__Bacteroides_ovatus	k__Bacteria;p__Bacteroidetes;c__Bacteroidia;o__Bacteroidales;f__Rikenellaceae;g__Alistipes;s__Alistipes_shahii	k__Bacteria;p__Firmicutes;c__Clostridia;o__Clostridiales;f__Ruminococcaceae;g__Faecalibacterium;s__Faecalibacterium_prausnitzii	k__Bacteria;p__Bacteroidetes;c__Bacteroidia;o__Bacteroidales;f__Rikenellaceae;g__Alistipes;s__Alistipes_finegoldii	k__Bacteria;p__Bacteroidetes;c__Bacteroidia;o__Bacteroidales;f__Porphyromonadaceae;g__Parabacteroides;s__Parabacteroides_distasonis	k__Bacteria;p__Bacteroidetes;c__Bacteroidia;o__Bacteroidales;f__Bacteroidaceae;g__Bacteroides;s__Bacteroides_thetaiotaomicron	k__Bacteria;p__Bacteroidetes;c__Bacteroidia;o__Bacteroidales;f__Bacteroidaceae;g__Bacteroides;s__Bacteroides_coprocola	k__Bacteria;p__Bacteroidetes;c__Bacteroidia;o__Bacteroidales;f__Bacteroidaceae;g__Bacteroides;s__Bacteroides_cellulosilyticus	k__Bacteria;p__Bacteroidetes;c__Bacteroidia;o__Bacteroidales;f__Rikenellaceae;g__Alistipes;s__Alistipes_obesi	k__Bacteria;p__Firmicutes;c__Clostridia;o__Clostridiales;f__Lachnospiraceae;g__;s__[Eubacterium]_rectale	k__Bacteria;p__Bacteroidetes;c__Bacteroidia;o__Bacteroidales;f__Bacteroidaceae;g__Bacteroides;s__Bacteroides_plebeius	k__Bacteria;p__Bacteroidetes;c__Bacteroidia;o__Bacteroidales;f__Bacteroidaceae;g__Bacteroides;s__Bacteroides_fragilis	k__Bacteria;p__Proteobacteria;c__Betaproteobacteria;o__Burkholderiales;f__Sutterellaceae;g__Sutterella;s__Sutterella_wadsworthensis	k__Bacteria;p__Bacteroidetes;c__Bacteroidia;o__Bacteroidales;f__Porphyromonadaceae;g__Barnesiella;s__Barnesiella_intestinihominis	k__Bacteria;p__Bacteroidetes;c__Bacteroidia;o__Bacteroidales;f__Odoribacteraceae;g__Odoribacter;s__Odoribacter_splanchnicus	k__Bacteria;p__Bacteroidetes;c__Bacteroidia;o__Bacteroidales;f__Bacteroidaceae;g__Bacteroides;s__Bacteroides_salyersiae	k__Bacteria;p__Firmicutes;c__Clostridia;o__Clostridiales;f__Ruminococcaceae;g__Ruminiclostridium;s__[Eubacterium]_siraeum	k__Bacteria;p__Proteobacteria;c__Betaproteobacteria;o__Burkholderiales;f__Sutterellaceae;g__Parasutterella;s__Parasutterella_excrementihominis	k__Bacteria;p__Actinobacteria;c__Actinobacteria;o__Bifidobacteriales;f__Bifidobacteriaceae;g__Bifidobacterium;s__Bifidobacterium_adolescentis	k__Bacteria;p__Firmicutes;c__Clostridia;o__Clostridiales;f__Oscillospiraceae;g__Oscillibacter;s__Oscillibacter_sp._KLE_1745	k__Bacteria;p__Bacteroidetes;c__Bacteroidia;o__Bacteroidales;f__Bacteroidaceae;g__Bacteroides;s__Bacteroides_coprophilus	k__Bacteria;p__Firmicutes;c__Clostridia;o__Clostridiales;f__Lachnospiraceae;g__Roseburia;s__Roseburia_intestinalis	k__Bacteria;p__Firmicutes;c__Clostridia;o__Clostridiales;f__Lachnospiraceae;g__Roseburia;s__Roseburia_hominis	k__Bacteria;p__Bacteroidetes;c__Bacteroidia;o__Bacteroidales;f__Porphyromonadaceae;g__Parabacteroides;s__Parabacteroides_johnsonii	k__Bacteria;p__Actinobacteria;c__Actinobacteria;o__Bifidobacteriales;f__Bifidobacteriaceae;g__Bifidobacterium;s__Bifidobacterium_longum	k__Bacteria;p__Firmicutes;c__Clostridia;o__Clostridiales;f__;g__Flavonifractor;s__Flavonifractor_plautii	k__Bacteria;p__Firmicutes;c__Clostridia;o__Clostridiales;f__Clostridiaceae;g__Clostridium;s__Clostridium_phoceensis	k__Bacteria;p__Verrucomicrobia;c__Verrucomicrobiae;o__Verrucomicrobiales;f__Akkermansiaceae;g__Akkermansia;s__Akkermansia_muciniphila	k__Bacteria;p__Bacteroidetes;c__Bacteroidia;o__Bacteroidales;f__Prevotellaceae;g__Paraprevotella;s__Paraprevotella_xylaniphila	k__Bacteria;p__Firmicutes;c__Clostridia;o__Clostridiales;f__Ruminococcaceae;g__Ruminococcus;s__Ruminococcus_callidus	k__Bacteria;p__Bacteroidetes;c__Bacteroidia;o__Bacteroidales;f__Rikenellaceae;g__Alistipes;s__Alistipes_senegalensis	k__Bacteria;p__Firmicutes;c__Clostridia;o__Clostridiales;f__Lachnospiraceae;g__Blautia;s__Blautia_sp._KLE_1732	k__Bacteria;p__Bacteroidetes;c__Bacteroidia;o__Bacteroidales;f__Bacteroidaceae;g__Bacteroides;s__Bacteroides_oleiciplenus	k__Bacteria;p__Firmicutes;c__Clostridia;o__Clostridiales;f__Ruminococcaceae;g__Ruminococcus;s__Ruminococcus_bicirculans	k__Bacteria;p__Bacteroidetes;c__Bacteroidia;o__Bacteroidales;f__Bacteroidaceae;g__Bacteroides;s__Bacteroides_fluxus	k__Bacteria;p__Bacteroidetes;c__Bacteroidia;o__Bacteroidales;f__Prevotellaceae;g__Prevotella;s__Prevotella_stercorea	k__Bacteria;p__Firmicutes;c__Clostridia;o__Clostridiales;f__Lachnospiraceae;g__Dorea;s__Dorea_longicatena	k__Bacteria;p__Firmicutes;c__Clostridia;o__Clostridiales;f__Eubacteriaceae;g__Eubacterium;s__[Eubacterium]_eligens	k__Bacteria;p__Firmicutes;c__Clostridia;o__Clostridiales;f__Ruminococcaceae;g__;s__Ruminococcaceae_bacterium_D16	k__Bacteria;p__Firmicutes;c__Clostridia;o__Clostridiales;f__Lachnospiraceae;g__Coprococcus;s__Coprococcus_comes	k__Bacteria;p__Proteobacteria;c__Gammaproteobacteria;o__Enterobacterales;f__Enterobacteriaceae;g__Escherichia;s__Escherichia_coli	k__Bacteria;p__Firmicutes;c__Clostridia;o__Clostridiales;f__Ruminococcaceae;g__Anaerotruncus;s__Anaerotruncus_colihominis	k__Bacteria;p__Firmicutes;c__Clostridia;o__Clostridiales;f__Lachnospiraceae;g__Blautia;s__Blautia_obeum	k__Bacteria;p__Bacteroidetes;c__Bacteroidia;o__Bacteroidales;f__Odoribacteraceae;g__Odoribacter;s__Odoribacter_laneus	k__Bacteria;p__Firmicutes;c__Clostridia;o__Clostridiales;f__Ruminococcaceae;g__Ruminiclostridium;s__[Clostridium]_leptum	k__Bacteria;p__Bacteroidetes;c__Bacteroidia;o__Bacteroidales;f__Porphyromonadaceae;g__Parabacteroides;s__Parabacteroides_goldsteinii	k__Bacteria;p__Firmicutes;c__Clostridia;o__Clostridiales;f__Lachnospiraceae;g__Anaerostipes;s__Anaerostipes_hadrus	k__Bacteria;p__Firmicutes;c__Clostridia;o__Clostridiales;f__Ruminococcaceae;g__Ruminococcus;s__Ruminococcus_lactaris	k__Bacteria;p__Firmicutes;c__Clostridia;o__Clostridiales;f__Clostridiaceae;g__Clostridium;s__Clostridium_sp._L2-50	k__Bacteria;p__Firmicutes;c__Clostridia;o__Clostridiales;f__Clostridiaceae;g__Clostridium;s__Clostridium_sp._M62/1	k__Bacteria;p__Firmicutes;c__Clostridia;o__Clostridiales;f__;g__Intestinimonas;s__Intestinimonas_butyriciproducens	k__Bacteria;p__Actinobacteria;c__Actinobacteria;o__Bifidobacteriales;f__Bifidobacteriaceae;g__Bifidobacterium;s__Bifidobacterium_bifidum	k__Bacteria;p__Firmicutes;c__Negativicutes;o__Veillonellales;f__Veillonellaceae;g__Dialister;s__Dialister_invisus	k__Bacteria;p__Bacteroidetes;c__Bacteroidia;o__Bacteroidales;f__Bacteroidaceae;g__Bacteroides;s__Bacteroides_salanitronis
k__Bacteria;p__Bacteroidetes;c__Bacteroidia;o__Bacteroidales;f__Bacteroidaceae;g__Bacteroides;s__Bacteroides_vulgatus	1.0	-0.0450804208507	0.0121002228539	0.0410209513213	-0.0201640451778	-0.0185488677533	0.0039471501782	-0.00600215431712	0.000281806609355	0.0104610919969	-0.0323201969824	-0.012253633049	-0.071423834033	-0.0131613198368	-0.0480863305656	-0.00388125826957	0.0164544532396	0.00465283061158	-0.00489768517346	0.0344056895774	-0.0372874848561	-0.0198401747764	-0.000911762939619	-0.0148351557743	-0.0523637841655	-0.028307439607	-0.00787141150677	-0.0170506929847	-0.00678273543761	-0.0245095921224	-0.0501912334524	-0.0644529601067	-0.00354950282454	-0.0144011027843	-0.0478815889851	0.00430026516124	-0.0494125206477	-0.00271469108698	0.00881985033884	0.048654632622	-0.0750900233365	-0.0266731478424	-0.000998857377896	0.0558881026487	0.0133114942392	-0.0141323450825	0.00317187143576	0.0251434939253	0.0544121250699	-0.0556037505464	0.0208584836614	-0.0693058475767	0.0200620450676	0.0267739889849	0.0169230502506	-0.0142845292347	0.00686194394402	-0.0193167078175	-0.0103376164097
k__Bacteria;p__Bacteroidetes;c__Bacteroidia;o__Bacteroidales;f__Bacteroidaceae;g__Bacteroides;s__Bacteroides_uniformis	-0.0450804208507	1.0	-0.0152534204364	-0.0132371958178	-0.0206947582389	-0.0326932808634	-0.0450222142561	-0.0175637649399	-0.0793819464172	-0.0122668031857	0.016545097708	-0.0299456450903	0.013087724457	-0.0278240611195	-0.0347042181087	0.0105833097072	-0.00735147441803	0.00701313145915	-0.0380711992482	-0.0105185092412	0.0154325258372	0.000138518172846	-0.000397936623429	0.0268699914796	-0.012034957866	-0.00328343174914	-0.00924580164741	-0.0168618814936	-0.0321425875862	-0.0102404281102	-0.0530496073414	0.0316296194678	-0.000378249075179	0.00263042378174	-0.0170472582729	0.0314936764079	-0.0518925997428	-0.0291945262001	0.0365753618611	-0.0385988802009	-0.0722973772341	0.0374411258888	-0.0204348815702	-0.0180500708432	0.107051906731	-0.00945807124185	-0.00542038888236	0.02935604911	0.0424555580615	-0.0620058212472	-0.0104237651819	-0.0202533806846	0.0363948217102	-0.0625636255864	0.0328759696495	-0.0819875033544	0.00775989829106	0.0342857013406	0.0122253231986
k__Bacteria;p__Bacteroidetes;c__Bacteroidia;o__Bacteroidales;f__Rikenellaceae;g__Alistipes;s__Alistipes_putredinis	0.0121002228539	-0.0152534204364	1.0	-0.0359756422802	-0.0666946144668	-0.00175579264344	-0.0200155631799	-0.0141882849698	0.0170605337807	-0.0196483468512	-0.0100500939568	-0.00509140988888	-0.0564969239066	-0.0405891581389	0.0269165275691	-0.00885342851182	0.0237551958242	0.0472702267981	0.0106599738264	-0.0343609503377	-0.0066037961141	0.00677108202767	-0.00564324638486	-0.0207711439649	-3.73196027902e-06	0.0531697489409	-0.00390772624724	-0.0407825298473	0.020252743037	-0.0490436210325	-0.0463851568208	-0.0285982759336	-0.00704346692003	-0.0616808037726	0.0169798088832	-0.0185313301179	-0.0100417741156	0.0333008253683	-0.016660248746	0.00870988590358	0.0177485015456	-0.0410379093562	-0.0345415560354	0.0261490794369	-0.0943041242636	-0.0532448078593	0.0358019457234	-0.0409395735753	-0.00137945372739	0.0224957390261	-0.0331537193195	0.02152013446	-0.0289013372318	0.0772248132391	0.0583057306348	-0.0432174068488	0.0363106154071	-0.024107879213	-0.0173262272351
k__Bacteria;p__Bacteroidetes;c__Bacteroidia;o__Bacteroidales;f__Prevotellaceae;g__Prevotella;s__Prevotella_copri	0.0410209513213	-0.0132371958178	-0.0359756422802	1.0	0.0283992791628	-0.0205611962883	-0.0705692378229	0.00767598780005	-0.0475284219102	-0.0366424658657	0.0225919395287	-0.0102879678252	-0.0241747998841	-0.0172500858229	-0.0144670890913	0.0278843789688	-0.0340161551338	0.026901524987	0.000474953716438	0.00259439294648	0.0218213881918	-0.0218579813948	-0.00258927453683	-0.0206684650446	0.0121695536277	0.0169316503017	0.0658665125711	-0.0205126529707	0.0589614847679	0.00131145064735	-0.0173371330498	0.0679159039554	-0.00426013784552	-0.00312025704043	-0.00320650447494	-0.0388070764304	-0.00139860421876	0.0122818918331	0.027384798117	0.0133007455278	-0.0387203770901	0.0217700497037	0.00636022753488	-7.86617490202e-05	0.0437914228745	-0.0295141825392	-0.00351260966059	0.0245560126119	-0.00902290102059	0.050671598912	-0.0463427970596	0.00158400451725	-0.0341299403186	0.0644916775987	-0.0433273369087	0.00182903940481	-0.00868549987324	-0.0106702691802	-0.0316057971858
k__Bacteria;p__Bacteroidetes;c__Bacteroidia;o__Bacteroidales;f__Bacteroidaceae;g__Bacteroides;s__Bacteroides_stercoris	-0.0201640451778	-0.0206947582389	-0.0666946144668	0.0283992791628	1.0	-0.0247102430351	-0.0431745441631	-0.0119207262756	0.0116209815684	-0.024506390389	-0.0394578041365	-0.0653440849686	-0.0234717096603	0.0350167898071	0.0500764182972	-0.00640043726935	-0.00184825805988	-0.0163610942353	-0.0279967316098	0.0121380285799	0.0260425060135	-0.0275267103263	-0.0113502069052	0.00439696582632	-0.0577373401145	0.0113042963917	0.00385838485622	-0.0237450666659	0.0460817890874	0.00742666533402	-0.0560171541951	-0.0232765816435	-0.0284408488475	0.030761245413	-0.027352023691	0.0117108124272	0.0170374214885	0.0314790791892	0.0160234710383	-0.0470497219635	-0.00357940712737	-0.000812712385459	0.00973889189626	-0.037563548711	0.0585958025248	0.0247035157282	0.00528392475593	-0.0564103339034	-0.0459265853231	-0.0277534080477	0.000988895374535	0.0500542546699	-0.00517306455869	0.0136822376609	0.000729218681721	-0.0415494305789	-0.0691223445903	-0.00519802216882	0.002280266685
k__Bacteria;p__Bacteroidetes;c__Bacteroidia;o__Bacteroidales;f__Bacteroidaceae;g__Bacteroides;s__Bacteroides_ovatus	-0.0185488677533	-0.0326932808634	-0.00175579264344	-0.0205611962883	-0.0247102430351	1.0	-0.0315398081498	-0.0233433788888	0.0197198444037	-0.0109234153236	-0.009115656376	-0.050848503427	-0.0137166806215	-0.0381872753877	-0.067266416426	-0.0865483747007	-0.00668469734016	-0.00821999640016	-0.000785376454519	-0.0597426560248	0.010601131959	0.0833893534383	-0.0227098196928	0.0180947679851	0.024410576698	0.0312356956105	-0.0366580808825	0.0391203843694	-0.00449272173158	0.0363198789879	0.00898309022136	0.00759902859034	0.0422724070695	0.0152621306895	-0.051987885699	0.0426234067761	-0.000584996390278	0.00402040384231	-0.0181982626489	-0.0516512190131	0.000856879172303	-0.00206790395434	-0.0579916630446	-0.0138054173042	-0.00227252757846	-0.021906799425	-0.0132473517372	-0.0153046174927	0.0613349754151	-0.000113029664917	-0.0218693657241	0.0169076362966	0.0150226439116	-0.0572269344578	0.0130572375098	-0.0230493328557	-0.0136801026042	-0.00866101911787	-0.00185469996916
k__Bacteria;p__Bacteroidetes;c__Bacteroidia;o__Bacteroidales;f__Rikenellaceae;g__Alistipes;s__Alistipes_shahii	0.0039471501782	-0.0450222142561	-0.0200155631799	-0.0705692378229	-0.0431745441631	-0.0315398081498	1.0	0.0412145513049	-0.0124843614999	0.0283692287286	0.00206640696332	-0.0215876630509	0.0161244336186	-0.0784394857998	-0.011073674123	0.055014453215	0.0287525928524	-0.0168929380037	0.022307780326	0.0474842945315	0.0129468892069	-0.0281017405185	0.00687597882619	-0.0629126837141	-0.0093114148844	-0.0271783153546	0.0260344717667	0.0260740442805	-0.0455006947162	-0.0368979042705	-0.0333229131279	-0.0121683335536	-0.0421564082027	0.0370712151965	-0.00510803076159	0.035156700157	-0.0430787232556	-0.0261330116659	0.0132279834355	-0.0317092676808	0.0375514431562	-0.0224406044931	0.0219396849172	0.000297301309058	-0.0498148808475	0.0352311275551	-0.0851261143022	-0.0177610395908	0.00160785175558	-0.0175432859799	-0.0543058868722	-0.030133590736	-0.00214511187449	0.00442421235625	-0.0195460731478	-0.020152032455	0.02195393338	0.0599578247339	-0.00913935156031
k__Bacteria;p__Firmicutes;c__Clostridia;o__Clostridiales;f__Ruminococcaceae;g__Faecalibacterium;s__Faecalibacterium_prausnitzii	-0.00600215431712	-0.0175637649399	-0.0141882849698	0.00767598780005	-0.0119207262756	-0.0233433788888	0.0412145513049	1.0	-0.0191598133173	-0.0299488107866	0.00204613863385	0.00249416748158	0.0243435957838	-0.0107830621551	-0.0308444980551	-0.0113550258869	-0.0172482820852	-0.0179773239983	-0.0109843273174	-0.00863737773332	0.0243611296869	-0.0158663280341	-0.00557402415204	-0.0412622582729	0.00102419060743	-0.0105495773551	-0.0696155307821	-0.00325174760418	0.00516991928172	0.0439783657657	-0.0430192998862	-0.0124088897694	-0.0571835579886	0.0255618040547	-0.00290137201856	-0.0175695637647	-0.0296310487714	-0.0128184358841	-0.04528426396	0.00201027750939	0.0149896213407	-0.0198646116931	-0.00644017712774	0.0277555383083	0.0151280652366	0.0205726360098	0.0366265608879	-0.0257038101943	0.0318503534089	-0.0367477332436	-0.0108579099773	0.00746657737453	0.0171238615705	-0.00743792196044	0.0595608677582	-0.0614052541154	-0.034545337946	0.0136045056438	-0.019938274643
k__Bacteria;p__Bacteroidetes;c__Bacteroidia;o__Bacteroidales;f__Rikenellaceae;g__Alistipes;s__Alistipes_finegoldii	0.000281806609355	-0.0793819464172	0.0170605337807	-0.0475284219102	0.0116209815684	0.0197198444037	-0.0124843614999	-0.0191598133173	1.0	-0.0754018449498	0.00550241381289	0.00328676341146	-0.00844804077498	0.0246414510719	-0.00491217840479	0.0460039094124	0.000566590397238	-0.0313592473922	0.0161907945875	0.0891214685662	-0.00183627086052	0.0228972239848	-0.0104840962853	0.0515105334232	0.00288598327952	-0.0201149889244	0.0034322830702	-0.0448463792267	0.00426083995297	0.0120960364399	-0.0759718183127	-0.0323422910318	0.0216764675306	0.0306926265776	-0.0486296013293	0.00330826525461	0.00236276669635	-0.047529848215	-0.0352549467391	-0.0182341059439	0.00160328334335	-0.0347710443796	0.0309239646083	0.0100234028523	-0.0476305285914	-0.0398667344923	-0.0681740023416	-0.0367448376434	-0.00977456478006	0.0847652876823	0.0586999675828	0.0320362378358	0.00933172473444	-0.0579121336064	-0.0373592588158	0.0672993381156	-0.0486101011142	-0.0144930012417	0.053408974666
k__Bacteria;p__Bacteroidetes;c__Bacteroidia;o__Bacteroidales;f__Porphyromonadaceae;g__Parabacteroides;s__Parabacteroides_distasonis	0.0104610919969	-0.0122668031857	-0.0196483468512	-0.0366424658657	-0.024506390389	-0.0109234153236	0.0283692287286	-0.0299488107866	-0.0754018449498	1.0	-0.0108657911733	-0.00319486543745	-0.0190412752623	-0.00455556902425	0.0193166295898	-0.00195376714083	-0.00985348466467	-0.0253289144963	-0.0595075133004	-0.0513498896372	0.0792992878638	-0.028368553141	-0.0274416703061	0.0342976580466	0.0141345888447	-0.0188319786033	-0.0169925078361	-0.0193154231539	-0.0220912638964	-0.0134600785967	-0.00761515928584	0.0163626070699	-0.00216367425669	0.022922857797	0.0293178095631	0.0196143419149	0.0408715488919	-0.0248473735745	-0.0265803217236	-0.0290507442727	0.0220384811262	0.00615802750196	0.0210016352729	-0.0279094874098	-0.0516618980836	0.000205177757185	0.0407851999925	0.00932309467235	-0.0553392712533	-0.0152848636392	-0.0270242488432	0.0146586642568	-0.0173865810386	-0.0348612170028	0.0497479005051	-0.0381985381722	0.0145195859041	0.00334012281734	0.0483232795534
k__Bacteria;p__Bacteroidetes;c__Bacteroidia;o__Bacteroidales;f__Bacteroidaceae;g__Bacteroides;s__Bacteroides_thetaiotaomicron	-0.0323201969824	0.016545097708	-0.0100500939568	0.0225919395287	-0.0394578041365	-0.009115656376	0.00206640696332	0.00204613863385	0.00550241381289	-0.0108657911733	1.0	-0.00160329980127	-0.0189942273547	-0.036065915274	-0.0265748549903	0.0259548441877	0.0538050356906	-0.0323613372906	-0.062536382933	0.0197801830072	-0.041752031685	0.0219715452307	-0.00369903946967	-0.021620755694	0.00308378679117	0.019779935679	-0.00972719257346	-0.0373048337686	0.0532020716491	0.0134166747669	-0.0489125710977	-0.0483026895165	0.0210066318509	-0.0173457647847	-0.076529223847	-0.0256312542975	-0.0495956319619	-0.0451668462664	-0.0374168356845	0.0410287791901	0.0268953948541	-0.00556437601158	-0.0212805104114	0.00838898442765	-0.025438271531	-0.0446265030615	-0.0167329669429	0.0376823825821	-0.0435096123822	0.0583393304566	0.0450235247736	-0.0762097708722	-0.0332651938491	-0.00253851275872	0.0248487045432	0.00845080783651	-0.0257580935135	-0.0356363063635	-0.00482248747887
k__Bacteria;p__Bacteroidetes;c__Bacteroidia;o__Bacteroidales;f__Bacteroidaceae;g__Bacteroides;s__Bacteroides_coprocola	-0.012253633049	-0.0299456450903	-0.00509140988888	-0.0102879678252	-0.0653440849686	-0.050848503427	-0.0215876630509	0.00249416748158	0.00328676341146	-0.00319486543745	-0.00160329980127	1.0	-0.0139434657585	-0.0586939988012	-0.0136403572548	-0.012311012447	-0.0125395156003	-0.0295250648639	0.0235928615134	-0.00102275140032	0.018647484969	-0.0585652361833	0.0445681848387	0.00570483929495	0.0406101495638	-0.0285940530045	-0.0158542983229	-0.0247928554646	-0.0517521654636	0.0219807290373	0.0417645035786	-0.0410533272904	-0.00297253523687	-0.0218287045976	-0.00541324552641	-0.00551278908285	0.000210684754647	0.0225364648249	0.0703487808632	-0.0575081474261	-0.011883696626	-0.0195078769467	0.029579272355	0.0313500851166	-0.0285739144605	0.0339421089656	0.0112669270031	-0.0242799738126	0.0566188583395	0.037533493929	0.0151114071138	-0.0277207292191	-0.0338883452904	0.0229271030587	-0.00373489397341	-0.059107136688	0.000804238420378	-0.0453532273662	-0.00834493016315
k__Bacteria;p__Bacteroidetes;c__Bacteroidia;o__Bacteroidales;f__Bacteroidaceae;g__Bacteroides;s__Bacteroides_cellulosilyticus	-0.071423834033	0.013087724457	-0.0564969239066	-0.0241747998841	-0.0234717096603	-0.0137166806215	0.0161244336186	0.0243435957838	-0.00844804077498	-0.0190412752623	-0.0189942273547	-0.0139434657585	1.0	-0.0479371344542	0.000932834738993	0.0566943698167	0.0235176053214	-0.0196865541774	-0.0154626635737	-0.0153210861788	-0.0259142138267	-0.0283893318056	-0.000891141660527	-0.024400948009	0.0110708266879	-0.024631885411	0.0270848116777	-0.00281221434024	-0.066508541995	0.0137604157575	-0.0320657403881	-0.0392477290461	-0.0348062995219	0.0149012484019	0.0505257260676	-0.0137758065601	-0.0782627127328	-0.0645785954278	-0.000297914685212	0.0228533651348	-0.0321837344837	-0.0409178378802	-0.0250011531411	0.00967832013385	0.00225167673521	0.00741967289973	0.00313150712454	-0.0344916325807	-0.0446793810251	0.0125377115084	0.00304400271387	0.0605430187005	-0.0512276646047	-0.0190389831768	0.00175579776292	0.0548491213009	0.0245222923214	-0.0206631778638	-0.0333347124023
k__Bacteria;p__Bacteroidetes;c__Bacteroidia;o__Bacteroidales;f__Rikenellaceae;g__Alistipes;s__Alistipes_obesi	-0.0131613198368	-0.0278240611195	-0.0405891581389	-0.0172500858229	0.0350167898071	-0.0381872753877	-0.0784394857998	-0.0107830621551	0.0246414510719	-0.00455556902425	-0.036065915274	-0.0586939988012	-0.0479371344542	1.0	0.0515246616637	-0.0707351581219	-0.0480502481427	0.0276223087001	0.0569052209113	0.00724015043397	0.00503473822919	-0.0425799088311	-0.000890976880988	0.0190669804428	0.0288981943894	-0.042118872006	0.00214971606865	-0.0192856804834	-0.00964371060309	-0.0170334807015	0.0482314849643	-0.0154403433383	0.0335002806769	-0.0220419621176	-0.0121367868854	-0.0649260630414	0.0036628247611	-0.00205611071122	-0.0324307524992	-0.00298600091773	0.0222854971644	0.0107703632839	0.0330657433252	-0.0289980154986	0.0155637546265	-0.0140882650497	-0.0236752341399	0.0502123608876	-0.0250035984474	0.0399638005832	0.0333332628474	-0.026832969447	0.0109723448365	-0.0119113707146	-0.00803895972966	0.0152558107177	0.0164510910298	0.0230010764081	-0.0616981284455
k__Bacteria;p__Firmicutes;c__Clostridia;o__Clostridiales;f__Lachnospiraceae;g__;s__[Eubacterium]_rectale	-0.0480863305656	-0.0347042181087	0.0269165275691	-0.0144670890913	0.0500764182972	-0.067266416426	-0.011073674123	-0.0308444980551	-0.00491217840479	0.0193166295898	-0.0265748549903	-0.0136403572548	0.000932834738993	0.0515246616637	1.0	-0.0114129789313	0.0272495243241	-0.0233262427264	0.0173081239224	-0.0459653300643	0.00851411399388	-0.0133820551578	0.0176457231532	-0.00549969300453	0.0338380879192	0.00717247519916	-0.0344844563181	0.00855908266244	-0.0105067944377	0.0455463093292	0.0225828386743	-0.0233981935122	-0.0402128392355	0.0280219579437	-0.0369344293902	-0.000266256718099	-0.091893159144	-0.000888127358279	0.0374381928153	-0.0133460935213	-0.00644247307955	0.0457065771983	-0.00357498747937	-0.00512070896687	0.00289135290543	-0.0655580914235	0.0117185881769	-0.0528677484909	0.0413566540582	-0.020296952428	0.0092787995012	0.0022223623992	0.0380244757102	0.0401100343238	-0.00986425372051	0.0101932189074	-0.00842001124548	0.0210215914503	-0.0156507995814
k__Bacteria;p__Bacteroidetes;c__Bacteroidia;o__Bacteroidales;f__Bacteroidaceae;g__Bacteroides;s__Bacteroides_plebeius	-0.00388125826957	0.0105833097072	-0.00885342851182	0.0278843789688	-0.00640043726935	-0.0865483747007	0.055014453215	-0.0113550258869	0.0460039094124	-0.00195376714083	0.0259548441877	-0.012311012447	0.0566943698167	-0.0707351581219	-0.0114129789313	1.0	-0.0236660598897	-0.0522394335219	-0.0712692588288	0.005967682045	-0.0719906873711	0.0294732631927	0.0333520078616	0.0367609220766	-0.0717592437208	-0.00917731769551	0.008314475872	-0.0213532064788	-0.0176418531604	-0.00687329635745	0.00146702670669	0.0144960757596	0.0204650096176	-0.0420029370966	-0.0411442860445	0.0292122472343	0.0128394580683	-0.0421209963698	0.00826928373291	0.0170942635931	0.00149040386998	0.0510148565137	0.0092429059835	0.00516044365997	0.0144831404344	-0.0400386229742	0.0834470847376	-0.0426760540434	-0.0624843453407	0.0399817585372	-0.0124375727881	0.0413001702308	-0.0385699771108	0.0401775340864	0.0382039825989	-0.0158415368895	0.0131081010088	0.00977841493383	-0.031224063204
k__Bacteria;p__Bacteroidetes;c__Bacteroidia;o__Bacteroidales;f__Bacteroidaceae;g__Bacteroides;s__Bacteroides_fragilis	0.0164544532396	-0.00735147441803	0.0237551958242	-0.0340161551338	-0.00184825805988	-0.00668469734016	0.0287525928524	-0.0172482820852	0.000566590397238	-0.00985348466467	0.0538050356906	-0.0125395156003	0.0235176053214	-0.0480502481427	0.0272495243241	-0.0236660598897	1.0	-0.0256565731917	-0.00942621273844	0.019232539428	-0.0199365193152	0.00578694789594	-0.0583417095395	0.0155736798347	0.0428506297637	0.0492144935433	0.0107344262443	-0.0276866743334	0.0266227088256	-0.0569422026313	-0.016570918288	-0.0295540190788	0.0146287934298	0.0437053290331	-0.0430292693333	-0.0496094014314	-0.0147123765834	0.0130669081008	-0.00807617925668	0.00501586027071	0.0150264807908	-0.00780438243174	-0.0238594415556	0.0037103115094	0.0244674425705	-0.0528258535976	-0.0264706458849	0.0315585724103	0.00203739194947	-0.0154125032725	0.0473903738667	0.0161184869149	-0.0300845449401	-0.0417882743275	-0.0142160444965	0.0169014702162	0.0258110634648	0.01475774952	-0.0443789040657
k__Bacteria;p__Proteobacteria;c__Betaproteobacteria;o__Burkholderiales;f__Sutterellaceae;g__Sutterella;s__Sutterella_wadsworthensis	0.00465283061158	0.00701313145915	0.0472702267981	0.026901524987	-0.0163610942353	-0.00821999640016	-0.0168929380037	-0.0179773239983	-0.0313592473922	-0.0253289144963	-0.0323613372906	-0.0295250648639	-0.0196865541774	0.0276223087001	-0.0233262427264	-0.0522394335219	-0.0256565731917	1.0	0.0166073773325	0.00328091470703	-0.0229029035294	-0.00454718215169	0.0414530442082	-0.0142018460761	-0.0135407066438	-0.018460537175	0.029559523015	0.0823202850863	-0.0310234959	-0.0157982905416	0.019287839769	0.0332840222977	0.0404296076965	-0.048751593375	-0.0247397915264	-0.0621351764579	0.0386552421632	-0.00224658981976	0.0342994988698	-0.0231473662319	-0.0287684826652	-0.00515692807843	-0.00507630913879	0.000646592302511	0.0217090151264	-0.0490965579851	-0.0832659925171	0.0129150663432	-0.00437217238939	-0.0939918052106	-0.0103943458879	0.0238239423642	-0.0111008858899	0.0165223165014	-0.0252072785431	-0.0331818775297	0.0125837566039	0.0698618256353	-0.0319705372185
k__Bacteria;p__Bacteroidetes;c__Bacteroidia;o__Bacteroidales;f__Porphyromonadaceae;g__Barnesiella;s__Barnesiella_intestinihominis	-0.00489768517346	-0.0380711992482	0.0106599738264	0.000474953716438	-0.0279967316098	-0.000785376454519	0.022307780326	-0.0109843273174	0.0161907945875	-0.0595075133004	-0.062536382933	0.0235928615134	-0.0154626635737	0.0569052209113	0.0173081239224	-0.0712692588288	-0.00942621273844	0.0166073773325	1.0	0.0208892530054	-0.0857170005656	0.0536207785171	0.0168697291598	0.035807527993	0.00360196993021	-0.0172282957283	0.0121967921873	-0.00898918805299	0.0449923991399	0.0132099585156	-0.0337550989068	-0.0177360376124	0.0157280180876	0.0220792102145	0.0622440237884	-0.0505518527956	0.0200174518773	-0.0208218241546	0.0401911033008	0.084731713322	-0.0573685755941	-0.0222238358503	-0.0443593887456	-0.00930055685381	-0.0532277761269	-0.034537149754	-0.00205359251261	-0.0118273472613	-0.0125347749513	-0.0223104858035	0.0150112949167	-0.0505101562318	0.0342941028411	-0.0121961735328	0.00804244090987	0.0246405389552	-0.0102194450623	-0.00343555353124	-0.00429386587898
k__Bacteria;p__Bacteroidetes;c__Bacteroidia;o__Bacteroidales;f__Odoribacteraceae;g__Odoribacter;s__Odoribacter_splanchnicus	0.0344056895774	-0.0105185092412	-0.0343609503377	0.00259439294648	0.0121380285799	-0.0597426560248	0.0474842945315	-0.00863737773332	0.0891214685662	-0.0513498896372	0.0197801830072	-0.00102275140032	-0.0153210861788	0.00724015043397	-0.0459653300643	0.005967682045	0.019232539428	0.00328091470703	0.0208892530054	1.0	-0.0442607241103	-0.00637967953825	-0.0533172996242	-0.0028055235	-0.00673467282793	0.0201023696782	0.0445668455434	0.010665925985	-0.00854784696781	0.0019154407341	-0.0213539614491	0.0603477430937	0.00724781206256	-0.0366646360487	-0.00456662527602	-0.00199653018628	-0.0292563373331	0.022056527119	-0.0171555934608	0.011683276998	0.0342340610381	-0.0845757832582	-0.014785567341	-0.00802892473685	0.031717674875	0.0353975928368	-0.0468562287541	0.0228094678544	-0.0674716835691	0.0372733605673	0.00936098300741	-0.0422289785471	-0.0408612654184	0.00714583944395	-0.017931316815	-0.0439703702962	0.00110718096202	0.0097463992597	-0.0185599174506
k__Bacteria;p__Bacteroidetes;c__Bacteroidia;o__Bacteroidales;f__Bacteroidaceae;g__Bacteroides;s__Bacteroides_salyersiae	-0.0372874848561	0.0154325258372	-0.0066037961141	0.0218213881918	0.0260425060135	0.010601131959	0.0129468892069	0.0243611296869	-0.00183627086052	0.0792992878638	-0.041752031685	0.018647484969	-0.0259142138267	0.00503473822919	0.00851411399388	-0.0719906873711	-0.0199365193152	-0.0229029035294	-0.0857170005656	-0.0442607241103	1.0	-0.062331746026	-0.033725901868	-0.00485609405055	-0.06264431077	0.0211450842072	-0.0159177376458	-0.0480122801982	-0.0115217692556	0.00295237917639	-0.0287091342288	0.066640760886	-0.0533880469998	-0.00957010161961	-0.0397232321275	-0.0106278046784	-0.0214836844534	0.0475216649255	0.00882734099314	0.040287086754	-0.00808052491754	0.0252572458602	-0.0352923180756	-0.0283024151904	-0.00151043865514	-0.03957348074	0.0141328867549	8.70603483948e-05	-0.02909574727	0.00682689702262	-0.0294618468348	-0.0402373052015	-0.0017075185598	-0.00865947233705	0.0170857063332	0.0223702135163	0.0378048303715	0.0268179392389	0.0257623884979
k__Bacteria;p__Firmicutes;c__Clostridia;o__Clostridiales;f__Ruminococcaceae;g__Ruminiclostridium;s__[Eubacterium]_siraeum	-0.0198401747764	0.000138518172846	0.00677108202767	-0.0218579813948	-0.0275267103263	0.0833893534383	-0.0281017405185	-0.0158663280341	0.0228972239848	-0.028368553141	0.0219715452307	-0.0585652361833	-0.0283893318056	-0.0425799088311	-0.0133820551578	0.0294732631927	0.00578694789594	-0.00454718215169	0.0536207785171	-0.00637967953825	-0.062331746026	1.0	0.0107727221694	0.0486700560929	-0.00554769297519	0.00702929094931	-0.0229823659217	0.0181128001427	-0.0630596620596	-0.00817552349212	-0.0182760519124	-0.00894757639131	0.0128480961576	0.0090712384304	0.0703645592943	-0.0140152273219	-0.0224070190268	-0.0149001657715	0.0041472791153	-0.0604191590627	0.0594700974697	-0.00749926590427	-0.0500726279174	0.0285860297288	-0.0888702707224	0.0806102546809	-0.0262243488073	-0.0679674805249	0.00382086627412	-0.0235746026626	0.0156183973983	-0.0111090247591	0.0224483577279	-0.0424707264275	-0.00333528557777	-0.030328379122	0.0124182534963	-0.0153385698562	0.01077291584
k__Bacteria;p__Proteobacteria;c__Betaproteobacteria;o__Burkholderiales;f__Sutterellaceae;g__Parasutterella;s__Parasutterella_excrementihominis	-0.000911762939619	-0.000397936623429	-0.00564324638486	-0.00258927453683	-0.0113502069052	-0.0227098196928	0.00687597882618	-0.00557402415204	-0.0104840962853	-0.0274416703061	-0.00369903946967	0.0445681848387	-0.000891141660527	-0.000890976880988	0.0176457231532	0.0333520078616	-0.0583417095395	0.0414530442082	0.0168697291598	-0.0533172996242	-0.033725901868	0.0107727221694	1.0	-0.0199634782656	-0.00503655511094	0.00531888268801	0.0333301354583	-0.0281488131707	0.0352468645818	0.0200596188277	0.0225494192693	-0.027388520379	-0.0559603646357	0.0729082856729	0.0137951800539	-0.0534307534219	-0.0327826682356	-0.00334490189138	0.0669549111039	0.0483053988332	-0.0397487209153	0.00494374044259	0.00631932245849	-0.0323122132715	0.00911408190894	-0.0070726631436	0.00663646664353	-0.0449542340145	-0.029843851358	-0.0150586334503	-0.0635850044358	-0.00618869860286	0.00226130918083	0.0220290807887	-0.0110408712379	-0.0109509452811	0.0295496664306	-0.021799839346	-0.0247784834969
k__Bacteria;p__Actinobacteria;c__Actinobacteria;o__Bifidobacteriales;f__Bifidobacteriaceae;g__Bifidobacterium;s__Bifidobacterium_adolescentis	-0.0148351557743	0.0268699914796	-0.0207711439649	-0.0206684650446	0.00439696582632	0.0180947679851	-0.0629126837141	-0.0412622582729	0.0515105334232	0.0342976580466	-0.021620755694	0.00570483929495	-0.024400948009	0.0190669804428	-0.00549969300453	0.0367609220766	0.0155736798347	-0.0142018460761	0.035807527993	-0.0028055235	-0.00485609405055	0.0486700560929	-0.0199634782656	1.0	-0.00480528426144	0.0201068709424	-0.0309315223962	-0.113403933762	-0.039245225531	-0.0116407177101	-0.0123540113546	-0.0760848968967	0.0319343043889	0.0141885717787	-0.0331639446318	-0.00340498460736	-0.0376829802878	-0.00339184638208	-0.0345389796792	0.0119313584355	-0.0568691612031	-0.0124740665885	0.013251096808	-0.0573365226978	-0.0398656319629	0.0265163985638	-0.0119401178557	0.01561715868	-0.00911061320947	0.0331370232136	-0.0390850781899	0.0147286157496	-0.0144037132971	-0.0135707687861	0.0196271734075	-0.00452792725563	0.0118822903268	0.0529877522152	-0.0298515515882
k__Bacteria;p__Firmicutes;c__Clostridia;o__Clostridiales;f__Oscillospiraceae;g__Oscillibacter;s__Oscillibacter_sp._KLE_1745	-0.0523637841655	-0.012034957866	-3.73196027894e-06	0.0121695536277	-0.0577373401145	0.024410576698	-0.0093114148844	0.00102419060743	0.00288598327952	0.0141345888447	0.00308378679117	0.0406101495638	0.0110708266879	0.0288981943894	0.0338380879192	-0.0717592437208	0.0428506297637	-0.0135407066438	0.00360196993021	-0.00673467282793	-0.06264431077	-0.00554769297519	-0.00503655511094	-0.00480528426144	1.0	0.0240890909413	0.0418733619967	-0.0300789728565	0.0671236637477	-0.0339080969139	0.00179464379959	-0.0569865502475	-0.0607056771884	0.00607825907031	-0.0451623536028	0.00113594029123	0.0315099233595	-0.0376274347733	-0.0497426752622	-0.0340596011772	-0.0163423215363	-0.0215447167909	-0.0198813191012	-0.0729695637614	-0.0362138774919	0.00156398626416	-0.00611837813341	0.000276153318519	0.0663307506057	0.0418956245617	0.00784017537996	-0.0420850245692	0.0366878420939	-0.0560935185141	0.00562786018086	-0.0557509998394	0.0405597699628	0.0110361027278	0.0202118868483
k__Bacteria;p__Bacteroidetes;c__Bacteroidia;o__Bacteroidales;f__Bacteroidaceae;g__Bacteroides;s__Bacteroides_coprophilus	-0.028307439607	-0.00328343174914	0.0531697489409	0.0169316503017	0.0113042963917	0.0312356956105	-0.0271783153546	-0.0105495773551	-0.0201149889244	-0.0188319786033	0.019779935679	-0.0285940530045	-0.024631885411	-0.042118872006	0.00717247519916	-0.00917731769551	0.0492144935433	-0.018460537175	-0.0172282957283	0.0201023696782	0.0211450842072	0.00702929094931	0.00531888268801	0.0201068709424	0.0240890909413	1.0	-0.0664715987582	-0.00366147104825	-0.000433068546556	-0.0308573904362	-0.0168653417706	0.0318975297507	-0.0298463564501	-0.0199670905511	0.0256144405765	0.0671612466521	-0.0193196964898	-0.01082942535	-0.0734433632147	-0.000928342535164	-0.00907943222672	-0.0472987026295	0.00679443785394	0.00306120968331	-0.0118557752641	0.0215145335947	-0.0359662393085	-0.0106214872771	0.00690216166627	-0.0545572587013	0.0148858902109	-0.0292675849215	0.000669403856171	0.0387721324111	-0.0321031438629	-0.0222267582628	0.0508832306689	-0.016903793539	-0.0358517124753
k__Bacteria;p__Firmicutes;c__Clostridia;o__Clostridiales;f__Lachnospiraceae;g__Roseburia;s__Roseburia_intestinalis	-0.00787141150677	-0.00924580164741	-0.00390772624724	0.0658665125711	0.00385838485622	-0.0366580808825	0.0260344717667	-0.0696155307821	0.0034322830702	-0.0169925078361	-0.00972719257346	-0.0158542983229	0.0270848116777	0.00214971606865	-0.0344844563181	0.008314475872	0.0107344262443	0.029559523015	0.0121967921873	0.0445668455434	-0.0159177376458	-0.0229823659217	0.0333301354583	-0.0309315223962	0.0418733619967	-0.0664715987582	1.0	-0.0711833957138	-0.00321443858426	0.016446893555	-0.0329716605186	0.00676403862549	-0.0753658358942	0.0374927269232	-0.0153628220803	0.0284411937301	0.0380665476138	-0.0141591746032	0.0179519539837	-0.0772533877809	0.00441368341784	-0.0304255618501	0.0284606831353	-0.022114838892	-0.00379487286857	0.0661017592803	-0.036831971895	-0.0286573995613	-0.00848664519732	-0.0356219529095	0.00654291184634	-0.0241839277623	0.0220148510261	0.0101641675988	-0.045333051008	-0.0461808631933	0.0168617017242	-0.00726510028879	-0.0168022698592
k__Bacteria;p__Firmicutes;c__Clostridia;o__Clostridiales;f__Lachnospiraceae;g__Roseburia;s__Roseburia_hominis	-0.0170506929847	-0.0168618814936	-0.0407825298473	-0.0205126529707	-0.0237450666659	0.0391203843694	0.0260740442805	-0.00325174760418	-0.0448463792267	-0.0193154231539	-0.0373048337686	-0.0247928554646	-0.00281221434024	-0.0192856804834	0.00855908266244	-0.0213532064788	-0.0276866743334	0.0823202850863	-0.00898918805299	0.010665925985	-0.0480122801982	0.0181128001427	-0.0281488131707	-0.113403933762	-0.0300789728565	-0.00366147104825	-0.0711833957138	1.0	0.00169536332878	-0.00719133377346	0.0935384752988	-0.00159109243178	0.0568105483014	0.0556643150418	-0.0255787057703	-0.000473624934963	-0.0152713715255	5.53977084932e-05	-0.0177860383473	-0.00540597049525	0.0510271740407	-0.0373179298446	0.00300668197517	-0.0101120955642	-0.0584094529269	-0.0312754760764	0.010021533933	-0.0294790107067	0.00737649990549	-0.0398859189763	-0.00317659072311	0.00197762307351	0.00206960305786	-0.0253318071266	0.0478734299431	0.0359316642469	-0.0193725114747	-0.010816236162	-0.0192887146663
k__Bacteria;p__Bacteroidetes;c__Bacteroidia;o__Bacteroidales;f__Porphyromonadaceae;g__Parabacteroides;s__Parabacteroides_johnsonii	-0.00678273543761	-0.0321425875862	0.020252743037	0.0589614847679	0.0460817890874	-0.00449272173158	-0.0455006947162	0.00516991928172	0.00426083995297	-0.0220912638964	0.0532020716491	-0.0517521654636	-0.066508541995	-0.00964371060309	-0.0105067944377	-0.0176418531604	0.0266227088256	-0.0310234959	0.0449923991399	-0.00854784696781	-0.0115217692556	-0.0630596620596	0.0352468645818	-0.039245225531	0.0671236637477	-0.000433068546556	-0.00321443858426	0.00169536332878	1.0	-0.0290293074111	-0.0182130849027	-0.0228793822504	0.0599647745623	-0.0395804339653	-0.0277533569163	0.038507550751	-0.0597819933607	-0.00369785873985	0.0161907444614	0.071716668674	0.0215633707984	-0.0341764774255	-0.0193823907194	-0.00467151822662	0.0265561733424	-0.0217040338514	-0.0163472706532	-0.0148311798728	-0.054273581278	-0.017660757348	0.00823237625883	-0.0273648746003	-0.0026609253471	0.0322315702804	-0.050935528299	-0.0837535715371	0.0276305054505	0.0381357387866	-0.0284172728068
k__Bacteria;p__Actinobacteria;c__Actinobacteria;o__Bifidobacteriales;f__Bifidobacteriaceae;g__Bifidobacterium;s__Bifidobacterium_longum	-0.0245095921224	-0.0102404281102	-0.0490436210325	0.00131145064735	0.00742666533402	0.0363198789879	-0.0368979042705	0.0439783657657	0.0120960364399	-0.0134600785967	0.0134166747669	0.0219807290373	0.0137604157575	-0.0170334807015	0.0455463093292	-0.00687329635745	-0.0569422026313	-0.0157982905416	0.0132099585156	0.0019154407341	0.00295237917639	-0.00817552349212	0.0200596188277	-0.0116407177101	-0.0339080969139	-0.0308573904362	0.016446893555	-0.00719133377346	-0.0290293074111	1.0	-0.0485624284369	-0.00142280038426	0.0052616074454	0.00764436482695	0.0240164856518	-0.047056732853	-0.00686971808762	-0.0257029637198	0.00672408362546	0.0250695933318	-0.00690516324086	-0.0120303606874	0.0193437346088	0.0126601735234	-0.031917615846	-0.0208769011528	0.0164327724179	0.022864816695	-0.00194319517927	0.0216502681115	0.0325129887196	-0.00305029093454	-0.0212913477165	-0.057104608683	-0.0061827358986	0.00604540799358	-0.0513796606929	0.0187058577066	-0.0323136132379
