#taxonomy	k__Bacteria;p__Bacteroidetes;c__Bacteroidia;o__Bacteroidales;f__Bacteroidaceae;g__Bacteroides;s__Bacteroides_vulgatus	k__Bacteria;p__Bacteroidetes;c__Bacteroidia;o__Bacteroidales;f__Bacteroidaceae;g__Bacteroides;s__Bacteroides_uniformis	k__Bacteria;p__Bacteroidetes;c__Bacteroidia;o__Bacteroidales;f__Rikenellaceae;g__Alistipes;s__Alistipes_putredinis	k__Bacteria;p__Bacteroidetes;c__Bacteroidia;o__Bacteroidales;f__Prevotellaceae;g__Prevotella;s__Prevotella_copri	k__Bacteria;p__Bacteroidetes;c__Bacteroidia;o__Bacteroidales;f__Bacteroidaceae;g__Bacteroides;s__Bacteroides_stercoris	k__Bacteria;p__Bacteroidetes;c__Bacteroidia;o__Bacteroidales;f__Bacteroidaceae;g__Bacteroides;s__Bacteroides_ovatus	k__Bacteria;p__Bacteroidetes;c__Bacteroidia;o__Bacteroidales;f__Rikenellaceae;g__Alistipes;s__Alistipes_shahii	k__Bacteria;p__Firmicutes;c__Clostridia;o__Clostridiales;f__Ruminococcaceae;g__Faecalibacterium;s__Faecalibacterium_prausnitzii	k__Bacteria;p__Bacteroidetes;c__Bacteroidia;o__Bacteroidales;f__Rikenellaceae;g__Alistipes;s__Alistipes_finegoldii	k__Bacteria;p__Bacteroidetes;c__Bacteroidia;o__Bacteroidales;f__Porphyromonadaceae;g__Parabacteroides;s__Parabacteroides_distasonis	k__Bacteria;p__Bacteroidetes;c__Bacteroidia;o__Bacteroidales;f__Bacteroidaceae;g__Bacteroides;s__Bacteroides_thetaiotaomicron	k__Bacteria;p__Bacteroidetes;c__Bacteroidia;o__Bacteroidales;f__Bacteroidaceae;g__Bacteroides;s__Bacteroides_coprocola	k__Bacteria;p__Bacteroidetes;c__Bacteroidia;o__Bacteroidales;f__Bacteroidaceae;g__Bacteroides;s__Bacteroides_cellulosilyticus	k__Bacteria;p__Bacteroidetes;c__Bacteroidia;o__Bacteroidales;f__Rikenellaceae;g__Alistipes;s__Alistipes_obesi	k__Bacteria;p__Firmicutes;c__Clostridia;o__Clostridiales;f__Lachnospiraceae;g__;s__[Eubacterium]_rectale	k__Bacteria;p__Bacteroidetes;c__Bacteroidia;o__Bacteroidales;f__Bacteroidaceae;g__Bacteroides;s__Bacteroides_plebeius	k__Bacteria;p__Bacteroidetes;c__Bacteroidia;o__Bacteroidales;f__Bacteroidaceae;g__Bacteroides;s__Bacteroides_fragilis	k__Bacteria;p__Proteobacteria;c__Betaproteobacteria;o__Burkholderiales;f__Sutterellaceae;g__Sutterella;s__Sutterella_wadsworthensis	k__Bacteria;p__Bacteroidetes;c__Bacteroidia;o__Bacteroidales;f__Porphyromonadaceae;g__Barnesiella;s__Barnesiella_intestinihominis	k__Bacteria;p__Bacteroidetes;c__Bacteroidia;o__Bacteroidales;f__Odoribacteraceae;g__Odoribacter;s__Odoribacter_splanchnicus	k__Bacteria;p__Bacteroidetes;c__Bacteroidia;o__Bacteroidales;f__Bacteroidaceae;g__Bacteroides;s__Bacteroides_salyersiae	k__Bacteria;p__Firmicutes;c__Clostridia;o__Clostridiales;f__Ruminococcaceae;g__Ruminiclostridium;s__[Eubacterium]_siraeum	k__Bacteria;p__Proteobacteria;c__Betaproteobacteria;o__Burkholderiales;f__Sutterellaceae;g__Parasutterella;s__Parasutterella_excrementihominis	k__Bacteria;p__Actinobacteria;c__Actinobacteria;o__Bifidobacteriales;f__Bifidobacteriaceae;g__Bifidobacterium;s__Bifidobacterium_adolescentis	k__Bacteria;p__Firmicutes;c__Clostridia;o__Clostridiales;f__Oscillospiraceae;g__Oscillibacter;s__Oscillibacter_sp._KLE_1745	k__Bacteria;p__Bacteroidetes;c__Bacteroidia;o__Bacteroidales;f__Bacteroidaceae;g__Bacteroides;s__Bacteroides_coprophilus	k__Bacteria;p__Firmicutes;c__Clostridia;o__Clostridiales;f__Lachnospiraceae;g__Roseburia;s__Roseburia_intestinalis	k__Bacteria;p__Firmicutes;c__Clostridia;o__Clostridiales;f__Lachnospiraceae;g__Roseburia;s__Roseburia_hominis	k__Bacteria;p__Bacteroidetes;c__Bacteroidia;o__Bacteroidales;f__Porphyromonadaceae;g__Parabacteroides;s__Parabacteroides_johnsonii	k__Bacteria;p__Actinobacteria;c__Actinobacteria;o__Bifidobacteriales;f__Bifidobacteriaceae;g__Bifidobacterium;s__Bifidobacterium_longum	k__Bacteria;p__Firmicutes;c__Clostridia;o__Clostridiales;f__;g__Flavonifractor;s__Flavonifractor_plautii	k__Bacteria;p__Firmicutes;c__Clostridia;o__Clostridiales;f__Clostridiaceae;g__Clostridium;s__Clostridium_phoceensis	k__Bacteria;p__Verrucomicrobia;c__Verrucomicrobiae;o__Verrucomicrobiales;f__Akkermansiaceae;g__Akkermansia;s__Akkermansia_muciniphila	k__Bacteria;p__Bacteroidetes;c__Bacteroidia;o__Bacteroidales;f__Prevotellaceae;g__Paraprevotella;s__Paraprevotella_xylaniphila	k__Bacteria;p__Firmicutes;c__Clostridia;o__Clostridiales;f__Ruminococcaceae;g__Ruminococcus;s__Ruminococcus_callidus	k__Bacteria;p__Bacteroidetes;c__Bacteroidia;o__Bacteroidales;f__Rikenellaceae;g__Alistipes;s__Alistipes_senegalensis	k__Bacteria;p__Firmicutes;c__Clostridia;o__Clostridiales;f__Lachnospiraceae;g__Blautia;s__Blautia_sp._KLE_1732	k__Bacteria;p__Bacteroidetes;c__Bacteroidia;o__Bacteroidales;f__Bacteroidaceae;g__Bacteroides;s__Bacteroides_oleiciplenus	k__Bacteria;p__Firmicutes;c__Clostridia;o__Clostridiales;f__Ruminococcaceae;g__Ruminococcus;s__Ruminococcus_bicirculans	k__Bacteria;p__Bacteroidetes;c__Bacteroidia;o__Bacteroidales;f__Bacteroidaceae;g__Bacteroides;s__Bacteroides_fluxus	k__Bacteria;p__Bacteroidetes;c__Bacteroidia;o__Bacteroidales;f__Prevotellaceae;g__Prevotella;s__Prevotella_stercorea	k__Bacteria;p__Firmicutes;c__Clostridia;o__Clostridiales;f__Lachnospiraceae;g__Dorea;s__Dorea_longicatena	k__Bacteria;p__Firmicutes;c__Clostridia;o__Clostridiales;f__Eubacteriaceae;g__Eubacterium;s__[Eubacterium]_eligens	k__Bacteria;p__Firmicutes;c__Clostridia;o__Clostridiales;f__Ruminococcaceae;g__;s__Ruminococcaceae_bacterium_D16	k__Bacteria;p__Firmicutes;c__Clostridia;o__Clostridiales;f__Lachnospiraceae;g__Coprococcus;s__Coprococcus_comes	k__Bacteria;p__Proteobacteria;c__Gammaproteobacteria;o__Enterobacterales;f__Enterobacteriaceae;g__Escherichia;s__Escherichia_coli	k__Bacteria;p__Firmicutes;c__Clostridia;o__Clostridiales;f__Ruminococcaceae;g__Anaerotruncus;s__Anaerotruncus_colihominis	k__Bacteria;p__Firmicutes;c__Clostridia;o__Clostridiales;f__Lachnospiraceae;g__Blautia;s__Blautia_obeum	k__Bacteria;p__Bacteroidetes;c__Bacteroidia;o__Bacteroidales;f__Odoribacteraceae;g__Odoribacter;s__Odoribacter_laneus	k__Bacteria;p__Firmicutes;c__Clostridia;o__Clostridiales;f__Ruminococcaceae;g__Ruminiclostridium;s__[Clostridium]_leptum	k__Bacteria;p__Bacteroidetes;c__Bacteroidia;o__Bacteroidales;f__Porphyromonadaceae;g__Parabacteroides;s__Parabacteroides_goldsteinii	k__Bacteria;p__Firmicutes;c__Clostridia;o__Clostridiales;f__Lachnospiraceae;g__Anaerostipes;s__Anaerostipes_hadrus	k__Bacteria;p__Firmicutes;c__Clostridia;o__Clostridiales;f__Ruminococcaceae;g__Ruminococcus;s__Ruminococcus_lactaris	k__Bacteria;p__Firmicutes;c__Clostridia;o__Clostridiales;f__Clostridiaceae;g__Clostridium;s__Clostridium_sp._L2-50	k__Bacteria;p__Firmicutes;c__Clostridia;o__Clostridiales;f__Clostridiaceae;g__Clostridium;s__Clostridium_sp._M62/1	k__Bacteria;p__Firmicutes;c__Clostridia;o__Clostridiales;f__;g__Intestinimonas;s__Intestinimonas_butyriciproducens	k__Bacteria;p__Actinobacteria;c__Actinobacteria;o__Bifidobacteriales;f__Bifidobacteriaceae;g__Bifidobacterium;s__Bifidobacterium_bifidum	k__Bacteria;p__Firmicutes;c__Negativicutes;o__Veillonellales;f__Veillonellaceae;g__Dialister;s__Dialister_invisus	k__Bacteria;p__Bacteroidetes;c__Bacteroidia;o__Bacteroidales;f__Bacteroidaceae;g__Bacteroides;s__Bacteroides_salanitronis
k__Bacteria;p__Bacteroidetes;c__Bacteroidia;o__Bacteroidales;f__Bacteroidaceae;g__Bacteroides;s__Bacteroides_vulgatus	1.0	-0.0546643484655	-0.00222785294089	0.0199002400934	-0.0225042015016	0.00384769019767	-0.0668528489797	0.0216449089204	0.00536246706493	-0.0431887972013	-0.00470298861925	-0.0364943276463	0.00357746664473	-0.0189213085823	0.015723454291	0.078212527245	0.0225276218868	-0.0564780722231	0.0147936935753	-0.0136000100014	0.00407688759534	0.00858371216862	0.0168067004913	-0.0304847422316	0.0500508851932	0.0265678122244	-0.0214654653428	0.015532711265	0.0147024160839	0.00594557620448	-0.0446001306356	0.0108931311395	-0.00887823677731	-0.0375325271928	-0.0558030114757	0.0115727947436	-0.00726896952842	-0.0848754803846	-0.047639720554	-0.0158354791917	-0.0495077226615	-0.062986869079	-0.0257812134153	-0.0420190441311	-0.0611837079069	-0.0117057735668	0.000932229843678	0.0128289998971	-0.0119157210174	0.0158189331537	0.0238241407143	-0.0149613928347	-0.0261409420401	-0.0257726488611	0.0188155388087	0.0107688582794	0.0217779719445	0.00858348962056	-0.0452221334064
k__Bacteria;p__Bacteroidetes;c__Bacteroidia;o__Bacteroidales;f__Bacteroidaceae;g__Bacteroides;s__Bacteroides_uniformis	-0.0546643484655	1.0	-0.00349794065516	-0.0231569442783	-0.0294244565717	-0.00453017427165	-0.0195436102051	-0.00906525092857	0.00956440632343	0.0287996435601	-0.0488125816833	-0.0304244118734	0.000802418022722	0.00259806191687	0.0157852709046	0.0447000596337	-0.0251629710397	-0.016515519059	0.0380515600191	-0.0153894870965	-0.0391668960732	-0.0280817898391	0.0132566136711	-0.0522390540501	-0.0111961509171	-0.00520697528347	-0.00597791934723	0.0139382633308	-0.0143260442505	-0.0445819275268	0.0484348561565	0.0182775390875	0.0398202007644	-0.000407945066706	-0.0400600445507	-0.00825168777437	0.00375552496367	-0.00767838837818	0.0359378576631	-0.0222653400661	0.0215362452721	-0.0318258016985	-0.00348537299767	0.0146544945309	0.0785372110242	0.00765080623667	-0.028309165153	0.0206688312755	0.0163680757689	0.0629172902663	-0.0501674063669	-0.0732039341976	-0.0408886520773	0.0186203474304	-0.017153420926	-0.0146006968603	-0.0712613582774	-0.0462719196463	-0.0490688533955
k__Bacteria;p__Bacteroidetes;c__Bacteroidia;o__Bacteroidales;f__Rikenellaceae;g__Alistipes;s__Alistipes_putredinis	-0.00222785294089	-0.00349794065516	1.0	-0.0580020240626	-0.0559956333941	0.0393661135947	0.00315093959912	-0.0302878250104	-0.0579302738563	-0.0165406681882	-0.00777323861099	0.0237969348699	-0.0280572729371	-0.0267532960615	0.0186080185356	-0.0090446176507	-0.0288993576301	-0.0390484442215	-0.00750967559893	-0.0141045024973	0.0376014165933	0.0181816403733	0.00389097962311	-0.019020829056	-0.0175326332432	0.0303286075319	0.0403633083211	-0.0444509027336	-0.0228454213367	-0.0347411291856	-0.0153029348601	-0.000958359130209	-0.0367310266685	0.0586364845517	0.0126581620147	-0.0277585869015	-0.0218878414779	-0.00737799969702	-0.0255934965483	0.0296500513244	0.0162267934436	0.0407937360852	0.0352969228606	-0.0220575740978	0.000450096011581	-0.0235283777125	0.00930327519776	0.0222134225581	-0.0301037255792	-0.0254644636696	0.0125758713489	-0.041843713388	0.0293097995459	0.0255661555597	-0.0324379703826	-0.0430641974541	-0.0528264856053	0.0162613049382	-0.0226803470956
k__Bacteria;p__Bacteroidetes;c__Bacteroidia;o__Bacteroidales;f__Prevotellaceae;g__Prevotella;s__Prevotella_copri	0.0199002400934	-0.0231569442783	-0.0580020240626	1.0	0.0415677400299	-0.00112261857458	-0.0422663475334	0.026440087127	0.0103688121684	-0.0452098309313	0.0348961348017	0.00727000200696	-0.00765573413077	-0.0248465618126	-0.0229063640239	0.0114664986585	-0.0437846074123	-0.0215330435295	0.0268580120275	0.0203354532879	0.000594491810485	0.0116369158049	0.0104256837765	0.0151340987615	-0.0567367242904	-0.0239147041249	0.0234947749664	0.00145681134897	0.027932051139	0.033565027264	-0.0253044762492	-0.0237875328945	0.00983153547817	-0.0118893060547	0.00549402345497	-0.0109084340941	-0.00375688147912	-0.0166942227487	-0.00174307525714	-0.000692806168764	-0.0891116494277	-0.00603267767631	0.00611175109221	0.0649797586954	0.00710101879038	0.000979095593558	0.0403180001568	-0.0865713343443	0.0667688771685	-0.0606638470008	-0.0382672891574	-0.0170134436802	-0.00522127657827	-0.0561428550987	0.00230173888392	-0.00466956029759	0.0227022541197	-0.0241416522646	-0.0272709848338
k__Bacteria;p__Bacteroidetes;c__Bacteroidia;o__Bacteroidales;f__Bacteroidaceae;g__Bacteroides;s__Bacteroides_stercoris	-0.0225042015016	-0.0294244565717	-0.0559956333941	0.0415677400299	1.0	0.0722216381244	-0.0137447308994	-0.0131522852566	-0.022635952988	0.0525862137772	-0.0235355188105	0.0150536559707	0.0392914759684	0.0377237927237	-0.0438081486246	-0.0460081894965	-0.00472459806194	-0.0457084184232	-0.00825251548846	0.0162324323864	-0.0282668831521	0.0223924614769	-0.00591412752595	-0.0228722893119	0.0238513991836	-0.00495758038664	-0.0101803411253	0.0168474597278	0.00116099398727	-0.0569268536238	0.0204381325932	0.0243088459919	-0.0125622471334	0.00870438214633	-0.0753242650756	-0.0555194842762	-0.00631222468404	-0.0351912848409	0.000788421943008	-0.00312360618343	-0.0387508220751	-0.0368750322245	0.0803179331569	-0.0532306370748	0.00291185743377	-0.0381564517192	-0.0554243324307	-0.00369292551947	0.0107462058302	0.0205451111844	-0.00310970155919	0.0169869424603	-0.0057298457771	-0.0355645539547	-0.0298169432638	-0.0278433393523	0.0321926775358	-0.00714390413339	0.029497797507
k__Bacteria;p__Bacteroidetes;c__Bacteroidia;o__Bacteroidales;f__Bacteroidaceae;g__Bacteroides;s__Bacteroides_ovatus	0.00384769019767	-0.00453017427165	0.0393661135947	-0.00112261857458	0.0722216381244	1.0	-0.0294494301382	-0.0231853978728	-0.0113122747255	0.0529759677409	-0.0108260382503	0.0173462236047	-0.0247064357625	-0.00537115434157	-0.0223878850638	0.0872356742344	-0.0287537547863	-0.0390464603144	0.0143417775296	-0.0222091741205	-0.0427314288092	0.0522043430908	-0.00104379086095	-0.0499095061835	-0.0530317598255	-0.00747528606721	-0.0408820137666	0.00340476674926	-0.0195031692649	-0.00256232456346	-0.0394619830894	-0.0271296403053	0.00896792325463	-0.0166560802993	0.0274133472272	0.0103468801015	-0.0500043400376	-0.017252627173	-0.0275713788169	-0.0188875434699	-0.0449125771111	-0.0265445304366	-0.0398242655164	-0.0249813087128	0.00758997290343	-0.0189548819963	0.00113787586932	-0.0174409931335	0.0281234596885	-0.00565365368976	-0.0638556400904	0.0292715550608	0.0150867719834	0.0522926158959	8.76829281746e-06	-0.0183176022991	-0.0573519613366	-0.0061857671156	0.0190708620033
k__Bacteria;p__Bacteroidetes;c__Bacteroidia;o__Bacteroidales;f__Rikenellaceae;g__Alistipes;s__Alistipes_shahii	-0.0668528489797	-0.0195436102051	0.00315093959912	-0.0422663475334	-0.0137447308994	-0.0294494301382	1.0	0.00184561537908	0.0225440167637	-0.0403885226062	-0.0770818457904	0.0148285056	-0.00743744568168	-0.0463987472123	-0.0274352482366	-0.00238563249254	0.0315860378942	-0.0730261417308	0.0145023270744	0.0119767435542	-0.0837419223485	-0.0294313119766	0.0105277854749	-0.0497389042919	-0.0190673324809	0.0205230504116	0.0063529415035	-0.0272429642364	0.0211391813412	-0.0122351421525	0.0272482002809	-0.0435897188648	-0.0422912030861	0.006796143012	-0.0277515524185	-0.0291608267793	0.00559512597043	-0.0241846667457	-0.0128986158254	-0.0012204063909	-0.0386119965477	0.0328711648561	0.0479347025679	0.00376309137111	-0.021994748128	-0.0410230811768	-0.0398302360885	0.0236651734288	0.0192073110046	0.00847129542748	-0.00472819609583	0.0311370543363	0.00667396991393	0.0198392448281	-0.0104766399559	0.0278722666437	0.0308419096794	-0.0306173167674	-0.00662640913237
k__Bacteria;p__Firmicutes;c__Clostridia;o__Clostridiales;f__Ruminococcaceae;g__Faecalibacterium;s__Faecalibacterium_prausnitzii	0.0216449089204	-0.00906525092857	-0.0302878250104	0.0264400871271	-0.0131522852566	-0.0231853978728	0.00184561537908	1.0	0.0036254575946	-0.0933010213885	0.0358863793381	0.0307669372524	0.0127748201355	-0.00891660982428	-0.0792333258296	-0.0061463631214	-0.0146738164768	-0.108727874978	0.00435586564843	0.0325045377722	-0.0134088109424	0.00613623741282	0.00065814905212	-0.0307798937311	0.0248249492257	-0.0195134284923	0.0398768917394	-0.00654150160256	0.0140524337227	-0.0301997480236	-0.0429681135983	0.00299582338405	-0.00833505897667	-0.0543421122703	0.0429447678538	-0.0267668212344	-0.0228586811207	0.00555179105862	-0.0368512206143	-0.0410707315	0.0308948499308	-0.0504853692523	-0.0337660395395	-0.0559140803018	-0.0659739671057	0.0168127538085	0.0415390580985	-0.000471484043421	-0.0133848409599	-0.00836180411302	-0.000388337847766	-0.0386941427474	-0.0143814262981	-0.0432459853336	0.0185236791386	0.0337778216204	-0.0270334327845	0.0166437104076	0.0125392458394
k__Bacteria;p__Bacteroidetes;c__Bacteroidia;o__Bacteroidales;f__Rikenellaceae;g__Alistipes;s__Alistipes_finegoldii	0.00536246706493	0.00956440632343	-0.0579302738563	0.0103688121684	-0.022635952988	-0.0113122747255	0.0225440167637	0.0036254575946	1.0	-0.0567787021846	-0.039044114504	-0.0274027218164	0.00322222329071	-0.0436005819158	0.00949762191935	0.0436157722257	0.0450787704905	0.0183749172638	0.0414216797036	-0.00127459966894	-0.048411782236	0.017457662629	0.022934875015	0.0112322525022	0.0535185520669	0.0197441040369	-0.00399083839085	0.0388206285412	-0.0300974012093	-0.00753301405952	0.0273386656605	0.00867036638228	-0.0285527828365	-0.0258129644238	-0.0458312043467	0.00337002526569	-0.032820656709	0.00634150255606	-0.00486035347145	-0.00420108945612	-0.0231253227361	-0.0207219854969	-0.028901700816	-0.0218482267242	-0.033277619067	-0.0100165920172	0.00578177056903	-0.0555358285386	-0.0308064304838	-0.068892555134	-0.00641677823224	0.0179797080328	-0.0416517557252	0.00616032434963	0.0248177480065	-0.00605503612135	0.0119880274297	-0.0347629493343	0.00146157583711
k__Bacteria;p__Bacteroidetes;c__Bacteroidia;o__Bacteroidales;f__Porphyromonadaceae;g__Parabacteroides;s__Parabacteroides_distasonis	-0.0431887972013	0.0287996435601	-0.0165406681882	-0.0452098309313	0.0525862137772	0.0529759677409	-0.0403885226062	-0.0933010213885	-0.0567787021846	1.0	0.0579793084761	-0.0251349864067	-0.00991220993592	-0.0510209396025	-0.0154603816152	-0.000234183367752	-0.00371423553309	-0.00685625021055	0.00659071680285	0.016138283166	0.0459838496369	0.033798994424	-0.0520509603677	-0.00865182839305	-0.0172813293763	-0.0175885105637	-0.0554651322919	-0.00504453786606	0.0129162586323	-0.010221546681	0.0121487728508	-0.00741942861971	0.0225964162782	-0.00880693430317	-0.0260599457868	-0.0103491338001	0.0636516945136	-0.000663278791561	-0.0248744601411	-0.00069486714316	0.0214325290092	-0.0233529138019	0.0224673839502	-0.046605659821	0.0505934158908	-0.0052187150749	-0.0108021047024	-0.0300484865033	-0.0384131213409	0.00744688459129	-0.0190751523582	-0.00491079541101	0.041192077384	0.0269355869774	-0.0306256420768	-0.00390865510559	-0.018258552815	0.00511041249953	0.00372577497948
k__Bacteria;p__Bacteroidetes;c__Bacteroidia;o__Bacteroidales;f__Bacteroidaceae;g__Bacteroides;s__Bacteroides_thetaiotaomicron	-0.00470298861925	-0.0488125816833	-0.00777323861099	0.0348961348017	-0.0235355188105	-0.0108260382503	-0.0770818457904	0.0358863793381	-0.039044114504	0.0579793084761	1.0	0.00218637391262	0.0165870518789	0.0232088027561	0.0313959128023	-0.00146202135291	0.00936147713966	-0.0631222795126	-0.0830790176789	0.0169183520615	0.0366532219854	0.012744833872	-0.0042195346634	-0.0145027733971	0.00746750045949	0.00761615006219	-0.0805620991231	0.00480589705739	-0.0317175414856	0.000596525604604	0.0297786826971	-0.0116236104758	0.0379828089753	-0.038601326731	-0.0711370527471	-0.046361976681	-0.00604208908338	0.0298029177261	-0.0329395848481	0.00420397702173	0.023136273009	-0.0322867518123	-0.025141314905	-0.00408796464391	-0.0296061046439	0.00862869515228	0.0100718852248	-0.0284399880415	0.00701143691502	0.00177925414431	-0.0460734654363	0.00574313828322	0.0392973791473	-0.0120362774779	0.0234659712543	-0.0158022851355	0.0133056276994	0.0298584457464	-0.00980812188297
k__Bacteria;p__Bacteroidetes;c__Bacteroidia;o__Bacteroidales;f__Bacteroidaceae;g__Bacteroides;s__Bacteroides_coprocola	-0.0364943276463	-0.0304244118734	0.0237969348699	0.00727000200696	0.0150536559707	0.0173462236047	0.0148285056	0.0307669372524	-0.0274027218164	-0.0251349864067	0.00218637391262	1.0	-0.0433692197737	-7.83771031798e-05	-0.0239947926489	-0.0256103352602	0.0040082691692	-0.0105369867828	-0.00907518474572	-0.0144011192197	0.00715414587326	0.022174146451	0.0159841364908	-0.000369993053183	-0.0335213183188	-0.00219238730039	-0.00312745766679	0.0137124445248	-0.00552191603301	-0.0452708988559	0.00602416415996	0.00121369379125	0.00705641990712	-0.00671296568824	-0.0142343284885	-0.0104402300546	-0.0741324735758	-0.00110806089004	-0.0226835208646	-0.0405768364231	-0.0256752567214	-0.022867318408	-0.016102130529	0.0137594318861	-0.0624812427786	0.0327760242203	-0.0140691043211	0.0386914860828	-0.0705109087775	-0.00858203210982	-0.0125775941113	0.0282632866868	-0.0347892674763	-0.00755503701611	0.00491466208886	0.00376776654707	-0.00812135287586	-0.0500655828373	0.0333984666917
k__Bacteria;p__Bacteroidetes;c__Bacteroidia;o__Bacteroidales;f__Bacteroidaceae;g__Bacteroides;s__Bacteroides_cellulosilyticus	0.00357746664473	0.000802418022722	-0.0280572729371	-0.00765573413077	0.0392914759684	-0.0247064357625	-0.00743744568168	0.0127748201355	0.00322222329071	-0.00991220993592	0.0165870518789	-0.0433692197737	1.0	0.0375914485612	0.00456356249441	0.0215071716423	-0.0416102484642	0.0386375008374	-0.00251732688464	0.0389673696138	-0.04889512298	0.00592116048742	-0.000143395292036	-0.0247093603977	0.00882073816105	0.0184141620791	-0.0217008430201	0.00683121182963	-0.0721599343489	0.00419411950416	0.028770539197	0.0316986750217	-0.0301295917582	-0.00142184568713	0.0180458003674	-0.0460364181405	0.0127244447241	-0.0325402576177	0.0356318961871	0.00855867469788	0.015043125027	-0.0486918617282	-0.0643516819457	-0.0500164052695	0.0450097538311	-0.0256583132186	-0.00526660919572	-0.00680499429017	0.0505104106551	-0.0395645769431	-0.011666968502	0.0655535827999	-0.0221998674982	-0.00815555610766	0.0157058574835	-0.0476037829376	0.014173401472	-0.10833404356	0.0252056758269
k__Bacteria;p__Bacteroidetes;c__Bacteroidia;o__Bacteroidales;f__Rikenellaceae;g__Alistipes;s__Alistipes_obesi	-0.0189213085823	0.00259806191687	-0.0267532960615	-0.0248465618126	0.0377237927237	-0.00537115434157	-0.0463987472123	-0.00891660982428	-0.0436005819158	-0.0510209396025	0.0232088027561	-7.83771031798e-05	0.0375914485612	1.0	-0.0498762228323	0.0355319116522	0.00383935716223	0.0176169341745	-0.0340503514575	-0.0221980087829	0.0475302861763	0.0184193799705	-0.0474969081908	0.00872501485236	-0.0342191128239	0.029476826377	0.0114696105205	-0.0491283709636	0.0757990276117	0.0221034172749	-0.0357732722821	-0.000487103377837	-0.00538287455977	0.00669036274057	-0.0276025017367	0.0158592924584	0.0589338863382	0.0434806447519	-0.0327327109751	-0.0402428420661	0.0787254473044	0.0257209819788	-0.00963799047802	-0.0269887904585	-0.0493660980869	-0.0119438123782	-0.0569421201309	-0.0515116656485	0.0361420038409	0.018652800532	0.0125581488339	-0.0184907263651	0.00349811618739	-0.0265861603479	0.00939717005838	-0.00348067311947	0.00516081712146	-0.0171488617607	-0.0308451408659
k__Bacteria;p__Firmicutes;c__Clostridia;o__Clostridiales;f__Lachnospiraceae;g__;s__[Eubacterium]_rectale	0.015723454291	0.0157852709046	0.0186080185356	-0.0229063640239	-0.0438081486246	-0.0223878850638	-0.0274352482366	-0.0792333258296	0.00949762191935	-0.0154603816152	0.0313959128023	-0.0239947926489	0.00456356249441	-0.0498762228323	1.0	0.0569079372841	0.00980640471737	-0.0198633105968	-0.00500370400172	-0.0203978534876	0.0198761207367	0.00161719787987	-0.040944704214	-0.0245869124688	-0.00322305416982	-0.00688726068592	0.0161711225755	0.00363791702199	-0.00739268237348	0.0181218265578	-0.0329223070822	-0.0323326033062	0.0216927619947	0.00443943560168	0.0321096212076	-0.00496155650186	-0.032983955624	-0.0323437360638	-0.0224836467563	0.00337127664528	-0.0632154750853	0.0406619387106	0.0567358051036	-0.0198706812007	0.0166773483899	-0.0288615852391	0.0529752442153	0.0560594030352	-0.0258805816854	0.0127158635687	-0.0506252970117	-0.00566308484231	-0.054620932514	-0.077700369977	-0.0551088222309	-0.0190342738254	0.00417443287653	-0.0338224064332	0.0672722411535
k__Bacteria;p__Bacteroidetes;c__Bacteroidia;o__Bacteroidales;f__Bacteroidaceae;g__Bacteroides;s__Bacteroides_plebeius	0.078212527245	0.0447000596337	-0.0090446176507	0.0114664986585	-0.0460081894965	0.0872356742344	-0.00238563249254	-0.0061463631214	0.0436157722257	-0.000234183367752	-0.00146202135291	-0.0256103352602	0.0215071716423	0.0355319116522	0.0569079372841	1.0	-0.0225081186489	-0.00535394232027	-0.00206981892442	-0.0236847621735	-0.00563790614143	0.0519379173292	0.00913703761839	0.0157721759936	-0.0165203442974	-0.00315999221331	-0.0167857829093	-0.00489725756491	-0.0295696293828	0.0401544710658	-0.0375096738367	-0.0164496773619	0.0180929843882	-0.0208976083112	-0.0210694139998	-0.0217391761146	0.0584476818025	0.0075666946288	-0.012420270481	0.0113572628337	0.000691914197679	-0.044786185278	0.00755416154627	0.00436808957985	-0.00937993682013	-0.0185780016963	0.0283761099789	0.0220505297471	0.0196567868323	-0.0694066248732	0.000574436141521	-0.0177698252386	-0.0815978152536	-0.0412562773549	0.0298932968933	0.0180927656824	0.0460205753969	-0.078765921081	-0.0449665488179
k__Bacteria;p__Bacteroidetes;c__Bacteroidia;o__Bacteroidales;f__Bacteroidaceae;g__Bacteroides;s__Bacteroides_fragilis	0.0225276218868	-0.0251629710397	-0.0288993576301	-0.0437846074123	-0.00472459806194	-0.0287537547863	0.0315860378942	-0.0146738164768	0.0450787704905	-0.00371423553309	0.00936147713966	0.0040082691692	-0.0416102484642	0.00383935716223	0.00980640471737	-0.0225081186489	1.0	0.0399377494709	-0.015770361633	-0.016019510767	-0.000810381418413	-0.0487789652008	-0.022141211978	0.0290561644082	-0.0687591176951	-0.107226093938	-0.0328127875235	0.0236571325705	-0.0108978016364	-0.00938322119865	0.0223420336859	0.0181855276022	-0.12080248046	0.0129495658361	0.0229111500182	0.0346238798596	-0.0428389185536	0.0484877845129	-0.0630283428482	-0.0749313075796	0.0263432995855	0.0160527727347	0.0232865487158	0.0357454668677	-0.0512662741085	-0.0379125526434	0.00913397915738	-0.0379355752155	-0.042064034111	0.00434239787817	-0.00753884989755	0.0148076464533	0.0403338368912	0.0167915827507	-0.0235922281838	-0.057518211355	0.0248007567944	-0.0333532219839	0.0283789917861
k__Bacteria;p__Proteobacteria;c__Betaproteobacteria;o__Burkholderiales;f__Sutterellaceae;g__Sutterella;s__Sutterella_wadsworthensis	-0.0564780722231	-0.016515519059	-0.0390484442215	-0.0215330435295	-0.0457084184232	-0.0390464603144	-0.0730261417308	-0.108727874978	0.0183749172638	-0.00685625021055	-0.0631222795126	-0.0105369867828	0.0386375008374	0.0176169341745	-0.0198633105968	-0.00535394232027	0.0399377494709	1.0	-0.039913279678	-0.00552639376214	0.0426279924803	-0.00493331396397	-0.00403402047947	-0.00486359347026	-0.0586810282063	0.0577859739699	-0.0269836447591	-0.00342349682506	0.0247134140894	-0.00332676452659	0.0357737681796	0.00383683640249	0.00171453816901	-0.0339311190973	-0.0217719220738	-0.00913574440943	0.0460436379723	0.041454724266	-0.0351933077794	0.0175670831345	-0.0258139791929	0.0178708506562	-0.0144480586131	0.0476982100631	-0.0186398536593	-0.00170598839414	0.05093492474	0.0194554797781	0.034420793955	-0.0245304512778	-0.014509474785	0.00421594536635	-0.00829333670215	-0.0400852254104	-0.0300857857536	-0.0125017454921	-0.0275117562075	0.0128903427729	-0.0641964594939
k__Bacteria;p__Bacteroidetes;c__Bacteroidia;o__Bacteroidales;f__Porphyromonadaceae;g__Barnesiella;s__Barnesiella_intestinihominis	0.0147936935753	0.0380515600191	-0.00750967559893	0.0268580120275	-0.00825251548846	0.0143417775296	0.0145023270744	0.00435586564843	0.0414216797036	0.00659071680285	-0.0830790176789	-0.00907518474572	-0.00251732688464	-0.0340503514575	-0.00500370400172	-0.00206981892442	-0.015770361633	-0.039913279678	1.0	-0.0283077941187	-0.0231172183988	0.00262017255608	0.0204228609772	-0.0397791686125	-0.0481122792727	0.0168825593541	0.0130908553558	-0.0463683358664	0.00578972000119	0.0437410766847	-0.00845542463008	0.00836163013023	-0.00119136527531	0.0451516104427	-0.00606037687558	-0.0366036016513	-0.00227441975524	-0.024090729667	-0.0633293069579	0.0078198475748	-0.050085146107	0.0302490653406	0.0241515167649	0.004447479732	-0.0119304847554	-0.0309334213147	-0.019202663373	-0.0742093337898	-0.0621451249897	0.0148386121381	-0.00370240882181	-0.0458776225451	0.0134274626837	0.0173579451032	0.0157999721244	-0.024473318694	-0.00452809326989	0.0388251327627	0.0369517499824
k__Bacteria;p__Bacteroidetes;c__Bacteroidia;o__Bacteroidales;f__Odoribacteraceae;g__Odoribacter;s__Odoribacter_splanchnicus	-0.0136000100014	-0.0153894870965	-0.0141045024973	0.0203354532879	0.0162324323864	-0.0222091741205	0.0119767435542	0.0325045377722	-0.00127459966894	0.016138283166	0.0169183520615	-0.0144011192197	0.0389673696138	-0.0221980087829	-0.0203978534876	-0.0236847621735	-0.016019510767	-0.00552639376214	-0.0283077941187	1.0	-0.00339035742541	-0.00486658951091	0.028285335097	-0.0303939196885	0.0255430030071	-0.0302071719666	0.0273177661826	0.0344698233687	0.0105946839806	-0.076198409948	-0.0220739916382	0.0530938522726	-0.021558372414	-0.0427153753256	-0.0427511951966	-0.00781660461604	-0.0369770316862	0.028390873922	0.0505138096453	0.00176589591204	-0.00219862928952	-0.0571343714138	-0.0569455626182	-0.0462299886244	0.0361190544512	0.0121483487152	-0.00769603259178	-0.000185375996943	0.0335930285736	-0.020211806315	-0.00271584007655	-0.0222536226434	-0.0296099481074	0.00932429585991	-0.0306809167157	-0.0388127646015	-0.0155290151106	0.0450592985295	-0.0143113818599
k__Bacteria;p__Bacteroidetes;c__Bacteroidia;o__Bacteroidales;f__Bacteroidaceae;g__Bacteroides;s__Bacteroides_salyersiae	0.00407688759534	-0.0391668960732	0.0376014165933	0.000594491810485	-0.0282668831521	-0.0427314288092	-0.0837419223485	-0.0134088109424	-0.048411782236	0.0459838496369	0.0366532219854	0.00715414587326	-0.04889512298	0.0475302861763	0.0198761207367	-0.00563790614143	-0.000810381418413	0.0426279924803	-0.0231172183988	-0.00339035742541	1.0	-0.0275193905725	-0.001577261039	-0.024317155735	0.0180299640738	-0.0267774490727	0.00873152921941	0.00309045105161	-0.0174081397604	0.0215644000208	0.0133264163299	-0.0138324781123	0.00754761646711	-0.0458612895201	-0.0119413604921	0.0127941497103	-0.020136281359	-0.03594195172	0.0120675005779	-0.0506174539001	-0.0428856585767	-0.015985338242	0.0542837639683	-0.0420958008984	-0.0342446919509	0.00462823335958	-0.0756459998188	-0.00286012873058	-0.00455032489999	-0.0144465563607	-0.0111377628015	0.0280588758874	0.0204747145192	-0.0207758796139	0.00419718339152	0.009475360355	0.0127717146644	-0.00123860023651	-0.0249347237839
k__Bacteria;p__Firmicutes;c__Clostridia;o__Clostridiales;f__Ruminococcaceae;g__Ruminiclostridium;s__[Eubacterium]_siraeum	0.00858371216862	-0.0280817898391	0.0181816403733	0.0116369158049	0.0223924614769	0.0522043430908	-0.0294313119766	0.00613623741282	0.017457662629	0.033798994424	0.012744833872	0.022174146451	0.00592116048742	0.0184193799705	0.00161719787987	0.0519379173293	-0.0487789652008	-0.00493331396397	0.00262017255608	-0.00486658951091	-0.0275193905725	1.0	-0.0258587519687	-0.0447908581279	0.00499778360394	-0.0219852091271	-0.0111753046263	-0.00206407820784	0.00809443362857	0.0268679495251	-0.0255422234279	-0.0322496522455	0.010626671598	-0.00487566972393	-0.0509546865558	-0.00551786387307	0.0781993148309	0.0101957151314	-0.0106958338039	0.00171944507808	-0.0289893946699	0.0304468765542	0.0175386375413	-0.0184357691452	-0.00758251416665	-0.015666061125	-0.00194084977544	-0.00648296173388	-0.0143371268129	-0.0244473488369	0.060817117564	-0.0328522416342	0.019635352025	-0.0252768372777	-0.0442525790947	0.00210282933916	-0.0895456355097	-0.0538744547428	-0.0269050870721
k__Bacteria;p__Proteobacteria;c__Betaproteobacteria;o__Burkholderiales;f__Sutterellaceae;g__Parasutterella;s__Parasutterella_excrementihominis	0.0168067004913	0.0132566136711	0.00389097962311	0.0104256837765	-0.00591412752595	-0.00104379086095	0.0105277854749	0.00065814905212	0.022934875015	-0.0520509603677	-0.0042195346634	0.0159841364908	-0.000143395292036	-0.0474969081908	-0.040944704214	0.00913703761839	-0.022141211978	-0.00403402047947	0.0204228609772	0.028285335097	-0.001577261039	-0.0258587519687	1.0	-0.0338201844057	0.0129075927325	-0.0809046122335	-0.0336399211165	-0.0266531878747	0.000102321292772	0.0130817097728	-0.00347255870479	0.00964945810629	0.00332929079778	-0.0670169745661	-0.00139486433369	-0.0649154189161	-0.00774716681963	-0.00893976991664	0.00911938688565	-0.02337655019	-0.00663835454741	-0.00219709965043	0.0676050122631	0.0103129920876	0.0729222639077	0.0118591890787	0.00527054812434	0.0339811091732	0.0367800745621	0.00530104259067	0.0230180365519	-0.0441057472328	-0.00950981322816	-0.0401583221553	0.0166010799188	-0.0550758551775	0.00394808370414	-0.0459286853803	-0.012359560292
k__Bacteria;p__Actinobacteria;c__Actinobacteria;o__Bifidobacteriales;f__Bifidobacteriaceae;g__Bifidobacterium;s__Bifidobacterium_adolescentis	-0.0304847422316	-0.0522390540501	-0.019020829056	0.0151340987615	-0.0228722893119	-0.0499095061835	-0.0497389042919	-0.0307798937311	0.0112322525022	-0.00865182839305	-0.0145027733971	-0.000369993053183	-0.0247093603977	0.00872501485236	-0.0245869124688	0.0157721759936	0.0290561644082	-0.00486359347026	-0.0397791686125	-0.0303939196885	-0.024317155735	-0.0447908581279	-0.0338201844057	1.0	0.0289730846694	-0.0193549524693	-0.0352403780517	0.0181131874745	-0.0111731437794	0.0464967402613	0.0414110000844	-0.00817928469012	-0.0552188923535	-0.0102831865565	-0.0137138231767	0.034027231487	-0.0222158270259	0.01010034986	-0.0161423486967	0.0125371968422	0.00749052442334	-0.0334095155308	-0.0188248534258	0.00962243975343	0.0618338954913	0.00587870207009	0.00766551150639	0.040744952385	-0.00944938395039	-0.018829631066	0.0194271303897	-0.0357339815643	0.00581505405156	0.0229233453492	-0.0414959527775	-0.000507703888982	0.0149259650017	-0.0482394032353	-0.0301056405746
k__Bacteria;p__Firmicutes;c__Clostridia;o__Clostridiales;f__Oscillospiraceae;g__Oscillibacter;s__Oscillibacter_sp._KLE_1745	0.0500508851932	-0.0111961509171	-0.0175326332432	-0.0567367242904	0.0238513991836	-0.0530317598255	-0.0190673324809	0.0248249492257	0.0535185520669	-0.0172813293763	0.00746750045949	-0.0335213183188	0.00882073816105	-0.0342191128239	-0.00322305416982	-0.0165203442974	-0.0687591176951	-0.0586810282063	-0.0481122792727	0.0255430030071	0.0180299640738	0.00499778360394	0.0129075927325	0.0289730846694	1.0	0.0621388646697	0.0509350621405	-0.0169837623927	0.0174306117547	0.0129498193803	-0.0135712337614	-0.00206760564252	0.0115419593251	0.0361670921595	0.0502348545009	-0.0186502354225	0.0455998370794	-0.0164365580704	-0.00740514603452	0.0183897429609	-0.026490332154	-0.0192587317779	-0.066632780008	-0.00777042198029	-0.00780890906813	-0.0217250225221	-0.0181403132844	-0.0180180234875	-0.0290853638853	0.0144178599251	-0.0218586543143	-0.00492428907107	0.0160294162912	-0.0444606250772	-0.00986442954518	0.000246732554071	0.0198126043277	-0.038977981191	-0.0625993359139
k__Bacteria;p__Bacteroidetes;c__Bacteroidia;o__Bacteroidales;f__Bacteroidaceae;g__Bacteroides;s__Bacteroides_coprophilus	0.0265678122244	-0.00520697528347	0.0303286075319	-0.0239147041249	-0.00495758038664	-0.00747528606721	0.0205230504116	-0.0195134284923	0.0197441040369	-0.0175885105637	0.00761615006219	-0.00219238730039	0.0184141620791	0.029476826377	-0.00688726068592	-0.00315999221331	-0.107226093938	0.0577859739699	0.0168825593541	-0.0302071719666	-0.0267774490727	-0.0219852091271	-0.0809046122335	-0.0193549524693	0.0621388646697	1.0	0.05852386958	-0.0275727548874	-0.00755051495037	-0.047529769715	-0.0591643702382	-0.00808519799586	-0.025596085806	0.0189363894677	0.0100286072995	-0.00253994322758	0.00591621770077	0.0188078021402	-0.00461889445092	0.0358251388219	0.0276311385096	-0.044603167366	-0.00219820546743	-0.0231749070892	-0.0128928078609	0.0303763273209	0.00319772054705	-0.0251965484088	-0.00768009573442	0.025941723222	-0.0210965899485	0.013997840352	-0.0378407273416	0.0174021432149	-0.0551515448987	0.00213397838677	0.0295687738336	-0.0169843042093	-0.0566034139403
k__Bacteria;p__Firmicutes;c__Clostridia;o__Clostridiales;f__Lachnospiraceae;g__Roseburia;s__Roseburia_intestinalis	-0.0214654653428	-0.00597791934723	0.0403633083211	0.0234947749664	-0.0101803411253	-0.0408820137666	0.0063529415035	0.0398768917394	-0.00399083839085	-0.0554651322919	-0.0805620991231	-0.00312745766679	-0.0217008430201	0.0114696105205	0.0161711225755	-0.0167857829093	-0.0328127875235	-0.0269836447591	0.0130908553558	0.0273177661826	0.00873152921941	-0.0111753046263	-0.0336399211165	-0.0352403780517	0.0509350621405	0.05852386958	1.0	0.0526019244603	0.0230628798082	-0.0299456735362	-0.0211388289791	-0.000306891874745	-0.00696551970361	-0.0012072596162	0.0442519601409	0.0498573553154	-0.0107991881174	0.0300124505345	-0.0236648971715	0.0148780495129	-0.0031980791388	0.0282401205279	-0.0297808968547	0.0135172769743	0.0293898172757	0.0109063537492	-0.00623350538766	-0.0431636456097	0.00206460947996	-0.0510465212805	0.0352850577275	0.0189551122974	-0.0314054577031	-0.0406459150484	-0.0150744273269	0.0132998909855	-0.0940842212222	0.0134974898639	0.0164385833564
k__Bacteria;p__Firmicutes;c__Clostridia;o__Clostridiales;f__Lachnospiraceae;g__Roseburia;s__Roseburia_hominis	0.015532711265	0.0139382633308	-0.0444509027336	0.00145681134897	0.0168474597278	0.00340476674926	-0.0272429642364	-0.00654150160256	0.0388206285412	-0.00504453786606	0.00480589705739	0.0137124445248	0.00683121182963	-0.0491283709636	0.00363791702199	-0.00489725756491	0.0236571325705	-0.00342349682506	-0.0463683358664	0.0344698233687	0.00309045105161	-0.00206407820784	-0.0266531878747	0.0181131874745	-0.0169837623927	-0.0275727548874	0.0526019244603	1.0	-0.0233898300658	0.0928606747757	-0.000532446989815	-0.00918130105001	-0.0129025440805	-0.0636920270582	0.012925986851	0.0302382626203	-0.0600656816224	-0.0113603881073	-0.0416771720858	0.00665235742085	-0.0173419567325	0.0720292756234	-0.00642210316864	-0.00719555967307	-0.0155298646968	0.0139336020106	-0.00978123586986	0.0296994312722	0.0101073207963	-0.0419760657294	-0.00420244653463	0.0384712859815	-0.00258090123634	-0.020807914834	0.00363735118656	-0.0319407968505	-0.057692567901	-0.0195569910021	-0.0558025735793
k__Bacteria;p__Bacteroidetes;c__Bacteroidia;o__Bacteroidales;f__Porphyromonadaceae;g__Parabacteroides;s__Parabacteroides_johnsonii	0.0147024160839	-0.0143260442505	-0.0228454213367	0.027932051139	0.00116099398727	-0.0195031692649	0.0211391813412	0.0140524337227	-0.0300974012093	0.0129162586323	-0.0317175414856	-0.00552191603301	-0.0721599343489	0.0757990276117	-0.00739268237348	-0.0295696293828	-0.0108978016364	0.0247134140894	0.00578972000119	0.0105946839806	-0.0174081397604	0.00809443362857	0.000102321292772	-0.0111731437794	0.0174306117547	-0.00755051495037	0.0230628798082	-0.0233898300658	1.0	-0.0882971276071	-0.0153851493083	-0.00170014426908	0.00160505314324	-0.00408616841793	0.00396671948565	-0.0439383908382	0.0146977150493	-0.0652779529908	0.00981506730661	-0.0192151518593	0.00908315092609	-0.0352067389722	-0.012575136421	-0.0500429233437	-0.0750591731961	-0.0392058181862	0.0275793220455	-0.0409984749175	-0.0226172250136	-0.0430383244532	0.0450492415483	-0.0253275863941	-0.036538417477	-0.0207924434267	0.0110565543081	0.0045874496353	0.023981369921	-0.0107715812705	0.000188880767354
