#taxonomy	k__Bacteria;p__Bacteroidetes;c__Bacteroidia;o__Bacteroidales;f__Bacteroidaceae;g__Bacteroides;s__Bacteroides_vulgatus	k__Bacteria;p__Bacteroidetes;c__Bacteroidia;o__Bacteroidales;f__Bacteroidaceae;g__Bacteroides;s__Bacteroides_uniformis	k__Bacteria;p__Bacteroidetes;c__Bacteroidia;o__Bacteroidales;f__Rikenellaceae;g__Alistipes;s__Alistipes_putredinis	k__Bacteria;p__Bacteroidetes;c__Bacteroidia;o__Bacteroidales;f__Prevotellaceae;g__Prevotella;s__Prevotella_copri	k__Bacteria;p__Bacteroidetes;c__Bacteroidia;o__Bacteroidales;f__Bacteroidaceae;g__Bacteroides;s__Bacteroides_stercoris	k__Bacteria;p__Bacteroidetes;c__Bacteroidia;o__Bacteroidales;f__Bacteroidaceae;g__Bacteroides;s__Bacteroides_ovatus	k__Bacteria;p__Bacteroidetes;c__Bacteroidia;o__Bacteroidales;f__Rikenellaceae;g__Alistipes;s__Alistipes_shahii	k__Bacteria;p__Firmicutes;c__Clostridia;o__Clostridiales;f__Ruminococcaceae;g__Faecalibacterium;s__Faecalibacterium_prausnitzii	k__Bacteria;p__Bacteroidetes;c__Bacteroidia;o__Bacteroidales;f__Rikenellaceae;g__Alistipes;s__Alistipes_finegoldii	k__Bacteria;p__Bacteroidetes;c__Bacteroidia;o__Bacteroidales;f__Porphyromonadaceae;g__Parabacteroides;s__Parabacteroides_distasonis	k__Bacteria;p__Bacteroidetes;c__Bacteroidia;o__Bacteroidales;f__Bacteroidaceae;g__Bacteroides;s__Bacteroides_thetaiotaomicron	k__Bacteria;p__Bacteroidetes;c__Bacteroidia;o__Bacteroidales;f__Bacteroidaceae;g__Bacteroides;s__Bacteroides_coprocola	k__Bacteria;p__Bacteroidetes;c__Bacteroidia;o__Bacteroidales;f__Bacteroidaceae;g__Bacteroides;s__Bacteroides_cellulosilyticus	k__Bacteria;p__Bacteroidetes;c__Bacteroidia;o__Bacteroidales;f__Rikenellaceae;g__Alistipes;s__Alistipes_obesi	k__Bacteria;p__Firmicutes;c__Clostridia;o__Clostridiales;f__Lachnospiraceae;g__;s__[Eubacterium]_rectale	k__Bacteria;p__Bacteroidetes;c__Bacteroidia;o__Bacteroidales;f__Bacteroidaceae;g__Bacteroides;s__Bacteroides_plebeius	k__Bacteria;p__Bacteroidetes;c__Bacteroidia;o__Bacteroidales;f__Bacteroidaceae;g__Bacteroides;s__Bacteroides_fragilis	k__Bacteria;p__Proteobacteria;c__Betaproteobacteria;o__Burkholderiales;f__Sutterellaceae;g__Sutterella;s__Sutterella_wadsworthensis	k__Bacteria;p__Bacteroidetes;c__Bacteroidia;o__Bacteroidales;f__Porphyromonadaceae;g__Barnesiella;s__Barnesiella_intestinihominis	k__Bacteria;p__Bacteroidetes;c__Bacteroidia;o__Bacteroidales;f__Odoribacteraceae;g__Odoribacter;s__Odoribacter_splanchnicus	k__Bacteria;p__Bacteroidetes;c__Bacteroidia;o__Bacteroidales;f__Bacteroidaceae;g__Bacteroides;s__Bacteroides_salyersiae	k__Bacteria;p__Firmicutes;c__Clostridia;o__Clostridiales;f__Ruminococcaceae;g__Ruminiclostridium;s__[Eubacterium]_siraeum	k__Bacteria;p__Proteobacteria;c__Betaproteobacteria;o__Burkholderiales;f__Sutterellaceae;g__Parasutterella;s__Parasutterella_excrementihominis	k__Bacteria;p__Actinobacteria;c__Actinobacteria;o__Bifidobacteriales;f__Bifidobacteriaceae;g__Bifidobacterium;s__Bifidobacterium_adolescentis	k__Bacteria;p__Firmicutes;c__Clostridia;o__Clostridiales;f__Oscillospiraceae;g__Oscillibacter;s__Oscillibacter_sp._KLE_1745	k__Bacteria;p__Bacteroidetes;c__Bacteroidia;o__Bacteroidales;f__Bacteroidaceae;g__Bacteroides;s__Bacteroides_coprophilus	k__Bacteria;p__Firmicutes;c__Clostridia;o__Clostridiales;f__Lachnospiraceae;g__Roseburia;s__Roseburia_intestinalis	k__Bacteria;p__Firmicutes;c__Clostridia;o__Clostridiales;f__Lachnospiraceae;g__Roseburia;s__Roseburia_hominis	k__Bacteria;p__Bacteroidetes;c__Bacteroidia;o__Bacteroidales;f__Porphyromonadaceae;g__Parabacteroides;s__Parabacteroides_johnsonii	k__Bacteria;p__Actinobacteria;c__Actinobacteria;o__Bifidobacteriales;f__Bifidobacteriaceae;g__Bifidobacterium;s__Bifidobacterium_longum	k__Bacteria;p__Firmicutes;c__Clostridia;o__Clostridiales;f__;g__Flavonifractor;s__Flavonifractor_plautii	k__Bacteria;p__Firmicutes;c__Clostridia;o__Clostridiales;f__Clostridiaceae;g__Clostridium;s__Clostridium_phoceensis	k__Bacteria;p__Verrucomicrobia;c__Verrucomicrobiae;o__Verrucomicrobiales;f__Akkermansiaceae;g__Akkermansia;s__Akkermansia_muciniphila	k__Bacteria;p__Bacteroidetes;c__Bacteroidia;o__Bacteroidales;f__Prevotellaceae;g__Paraprevotella;s__Paraprevotella_xylaniphila	k__Bacteria;p__Firmicutes;c__Clostridia;o__Clostridiales;f__Ruminococcaceae;g__Ruminococcus;s__Ruminococcus_callidus	k__Bacteria;p__Bacteroidetes;c__Bacteroidia;o__Bacteroidales;f__Rikenellaceae;g__Alistipes;s__Alistipes_senegalensis	k__Bacteria;p__Firmicutes;c__Clostridia;o__Clostridiales;f__Lachnospiraceae;g__Blautia;s__Blautia_sp._KLE_1732	k__Bacteria;p__Bacteroidetes;c__Bacteroidia;o__Bacteroidales;f__Bacteroidaceae;g__Bacteroides;s__Bacteroides_oleiciplenus	k__Bacteria;p__Firmicutes;c__Clostridia;o__Clostridiales;f__Ruminococcaceae;g__Ruminococcus;s__Ruminococcus_bicirculans	k__Bacteria;p__Bacteroidetes;c__Bacteroidia;o__Bacteroidales;f__Bacteroidaceae;g__Bacteroides;s__Bacteroides_fluxus	k__Bacteria;p__Bacteroidetes;c__Bacteroidia;o__Bacteroidales;f__Prevotellaceae;g__Prevotella;s__Prevotella_stercorea	k__Bacteria;p__Firmicutes;c__Clostridia;o__Clostridiales;f__Lachnospiraceae;g__Dorea;s__Dorea_longicatena	k__Bacteria;p__Firmicutes;c__Clostridia;o__Clostridiales;f__Eubacteriaceae;g__Eubacterium;s__[Eubacterium]_eligens	k__Bacteria;p__Firmicutes;c__Clostridia;o__Clostridiales;f__Ruminococcaceae;g__;s__Ruminococcaceae_bacterium_D16	k__Bacteria;p__Firmicutes;c__Clostridia;o__Clostridiales;f__Lachnospiraceae;g__Coprococcus;s__Coprococcus_comes	k__Bacteria;p__Proteobacteria;c__Gammaproteobacteria;o__Enterobacterales;f__Enterobacteriaceae;g__Escherichia;s__Escherichia_coli	k__Bacteria;p__Firmicutes;c__Clostridia;o__Clostridiales;f__Ruminococcaceae;g__Anaerotruncus;s__Anaerotruncus_colihominis	k__Bacteria;p__Firmicutes;c__Clostridia;o__Clostridiales;f__Lachnospiraceae;g__Blautia;s__Blautia_obeum	k__Bacteria;p__Bacteroidetes;c__Bacteroidia;o__Bacteroidales;f__Odoribacteraceae;g__Odoribacter;s__Odoribacter_laneus	k__Bacteria;p__Firmicutes;c__Clostridia;o__Clostridiales;f__Ruminococcaceae;g__Ruminiclostridium;s__[Clostridium]_leptum	k__Bacteria;p__Bacteroidetes;c__Bacteroidia;o__Bacteroidales;f__Porphyromonadaceae;g__Parabacteroides;s__Parabacteroides_goldsteinii	k__Bacteria;p__Firmicutes;c__Clostridia;o__Clostridiales;f__Lachnospiraceae;g__Anaerostipes;s__Anaerostipes_hadrus	k__Bacteria;p__Firmicutes;c__Clostridia;o__Clostridiales;f__Ruminococcaceae;g__Ruminococcus;s__Ruminococcus_lactaris	k__Bacteria;p__Firmicutes;c__Clostridia;o__Clostridiales;f__Clostridiaceae;g__Clostridium;s__Clostridium_sp._L2-50	k__Bacteria;p__Firmicutes;c__Clostridia;o__Clostridiales;f__Clostridiaceae;g__Clostridium;s__Clostridium_sp._M62/1	k__Bacteria;p__Firmicutes;c__Clostridia;o__Clostridiales;f__;g__Intestinimonas;s__Intestinimonas_butyriciproducens	k__Bacteria;p__Actinobacteria;c__Actinobacteria;o__Bifidobacteriales;f__Bifidobacteriaceae;g__Bifidobacterium;s__Bifidobacterium_bifidum	k__Bacteria;p__Firmicutes;c__Negativicutes;o__Veillonellales;f__Veillonellaceae;g__Dialister;s__Dialister_invisus	k__Bacteria;p__Bacteroidetes;c__Bacteroidia;o__Bacteroidales;f__Bacteroidaceae;g__Bacteroides;s__Bacteroides_salanitronis
k__Bacteria;p__Bacteroidetes;c__Bacteroidia;o__Bacteroidales;f__Bacteroidaceae;g__Bacteroides;s__Bacteroides_vulgatus	1.0	0.0269465025309	-0.0424755071273	0.0453245518504	0.0311481270322	0.0293616290055	-0.0502554069225	-0.0328580769626	0.000478530141927	-0.0284985160264	0.0402251067914	-0.0155559286448	0.0253054834387	-0.0512477758871	-0.112163053665	-0.0133713904598	-0.0968560656056	-0.0455867160763	0.0126718832275	-0.00539097468769	-0.0103713359259	0.0041449334794	0.0389694342954	0.00589793956664	-0.0157152546156	0.0110381121324	-0.0184256257611	-0.0380458573587	0.0218914600511	0.00221032590531	-0.0134654686364	-0.0161512266655	0.0432976734324	-0.0161549580906	0.00306760978446	-0.0402938407585	-0.0126733458309	-0.0637900223517	-0.00251031643046	-0.00167180559538	0.00079013647786	0.000131485251037	-0.00647930753056	-0.0166215524644	-0.0406768522966	0.0168770180822	0.0218742643428	-0.0106715136055	0.0240887476192	0.0243378874114	-0.0295914254948	-0.0175835611969	-0.00126987358154	0.021681070276	0.00697834310786	0.00242942744883	-0.0378794913862	-0.0186768263764	-0.0113009759683
k__Bacteria;p__Bacteroidetes;c__Bacteroidia;o__Bacteroidales;f__Bacteroidaceae;g__Bacteroides;s__Bacteroides_uniformis	0.0269465025309	1.0	-0.0109127703798	-0.00558985203254	0.00279099948014	-0.0102591108727	0.0162969865143	0.0442148325171	-0.0336567266882	0.0341611409581	-0.0313875874377	-0.0911423689058	-0.0397695597622	0.00830426247643	-0.00364312682851	-0.0213663673457	0.033022368399	0.0513110795988	-0.00741311997653	0.0080372512184	-0.0300837269483	-0.034631641435	-0.0620317941245	-0.0289981403482	0.000540858207587	0.00871931452553	-0.0112637810072	-0.0194862668745	0.0571153898524	0.00118440202398	-0.0342861408499	-0.0285214865894	0.0661477353857	-0.00535272835762	-0.0117009008324	-0.0541968503802	-0.108172273288	-0.00354325665321	0.00768486264243	0.0508115139672	0.0235167308203	-0.0275176477258	-0.0227231163001	-0.00570041600683	-0.0443566566522	0.0331020400032	-0.0259827496106	-0.0301229543488	0.0378569165006	0.0174625177877	-0.00287420808287	0.0330315793104	-0.0427620297076	0.0123054693078	0.00501473536056	-0.0382175842716	-0.0190705420836	-0.0417638714144	0.0741527600681
k__Bacteria;p__Bacteroidetes;c__Bacteroidia;o__Bacteroidales;f__Rikenellaceae;g__Alistipes;s__Alistipes_putredinis	-0.0424755071273	-0.0109127703798	1.0	0.0326017732265	0.00843225420426	0.0196814802443	0.0458805609704	-0.0452395390678	-0.00586986364538	-0.0084667966651	-0.0104479472197	0.016205805629	-0.0475406866349	-0.0183453103718	0.0335842780364	-0.0179056191197	-0.0239455964401	0.0341390446419	0.0575144717191	0.0464691456324	-0.0268504687728	0.0097618458986	-0.00732944144026	0.0104608981425	0.0440181446932	-0.00541562833602	0.015201525467	0.022061281519	0.0254241278212	0.021572481295	-0.0290879798728	0.000978919238696	-0.0170944154598	0.0197273131088	0.00530853454114	-0.0691693040321	-0.0602329853918	-0.0264094972485	0.0180280253808	-0.00905123818781	0.0232848003944	-0.0314149866979	-0.0233485725319	-0.0218468926648	0.0273960220265	-0.0495996713297	0.00701355936	-0.0436984456973	-0.0415175247332	0.0675073265945	-0.0343762670237	0.00597399764365	-0.0147208141182	-0.0116634981366	-0.0142134816104	-0.0157088115229	-0.0334507083332	0.0446086296038	-0.00696086894809
k__Bacteria;p__Bacteroidetes;c__Bacteroidia;o__Bacteroidales;f__Prevotellaceae;g__Prevotella;s__Prevotella_copri	0.0453245518504	-0.00558985203254	0.0326017732265	1.0	-0.00779020884456	-0.0204232965676	0.0180301304787	-0.0625756629796	0.0232100559232	-0.00865807990053	0.0734721538836	0.0254713237992	0.0563940804572	0.026597515278	0.00744643871557	-0.0127341451522	0.0297284233683	-0.0506933133182	-0.0370990907637	-0.0285850254516	-0.0438376291803	-0.0351257138417	-0.0184803601854	0.00180872347245	0.0723312660411	-0.0245535766413	0.00909868030784	-0.0382893638555	-0.023523204868	0.00951147881943	-0.0231252611084	-0.065075551128	0.0465566306545	-0.0689109744818	0.0090209706891	-0.0189922319274	-0.00554004441363	-0.00735270184018	0.0112431569506	0.0365071650799	-0.00874756881626	-0.0202673844104	-0.0727820634532	0.053427260881	-0.0834607630483	0.00758442369875	0.0278536231264	0.0172718232592	0.0163125125005	-0.00929169227485	-0.0349655624477	-0.00178324352401	0.054869896893	-0.0352784639429	-0.0464263190788	-0.0193163249157	-0.0565305607737	-0.0110935191213	0.0243887752497
k__Bacteria;p__Bacteroidetes;c__Bacteroidia;o__Bacteroidales;f__Bacteroidaceae;g__Bacteroides;s__Bacteroides_stercoris	0.0311481270322	0.00279099948014	0.00843225420426	-0.00779020884456	1.0	-0.00141900769629	-0.0188747909856	-0.0668578382695	-0.0442406189541	-0.013479184782	-0.0178653035903	0.0238024811156	-0.0344445134358	-0.0219259987472	0.0147363470991	0.00798693315736	-0.0350515658659	-0.00686403353335	0.0529586868245	-0.0767360768293	-0.0206677504523	0.0165268259984	0.0250564659283	0.011065151288	0.0158280791073	0.00281001684703	-0.00689258640356	0.0291296565738	0.0239347010317	0.00525033116551	-0.0250814043204	-0.0338688039971	-0.0198992744755	-0.0482350580583	0.0634885251695	0.01131107757	0.0190830606624	-0.0491461534142	-0.00951955135415	0.019679603454	0.0288936594771	-0.0506175869268	-0.0237752788562	-0.0532726703553	0.0349415620954	-0.047767582466	0.0697118689765	-0.0434216901402	0.0158181446503	-0.0156634171243	-0.00803913662507	-0.0125489502263	-0.0304636013856	-0.0285206985692	-0.00304357764948	0.058276314243	-0.0457500248769	-0.0632577055446	0.0331170901092
k__Bacteria;p__Bacteroidetes;c__Bacteroidia;o__Bacteroidales;f__Bacteroidaceae;g__Bacteroides;s__Bacteroides_ovatus	0.0293616290055	-0.0102591108727	0.0196814802443	-0.0204232965676	-0.00141900769629	1.0	-0.00381738064686	-0.00960260632188	-0.0494701104553	-0.0397737739774	-0.0395773470149	0.022913952586	-0.0342914663944	-0.0612607576295	0.00346698420559	0.00421137866659	0.0176946168063	0.0107518528988	-0.0308510643424	0.0460794235681	-0.00908945420793	0.0303935900247	-0.0159254631446	-0.0256830748714	-0.0439250621853	-0.0119367999732	-0.013707775845	-0.0278443352671	0.0241291744487	0.0115739302509	-0.0342281977184	0.0137371790192	-0.0231306133112	-0.0470158512365	-0.019286351315	-0.0257078293002	-0.0333466903162	-0.0400249630882	-0.0544401194234	-0.0725593354858	-0.0289377358121	-0.0335276955883	0.0345861415915	0.0542418870242	-0.0572028987343	-0.00803230538738	0.035351283895	-0.0312465519653	0.0474538574314	-0.00871938888878	-0.0131531273829	0.0319698459595	-0.0163741722185	-0.0324382655454	-0.0172355652134	0.0427539631803	0.0386511877174	-0.0319260189667	-0.00638878648702
k__Bacteria;p__Bacteroidetes;c__Bacteroidia;o__Bacteroidales;f__Rikenellaceae;g__Alistipes;s__Alistipes_shahii	-0.0502554069225	0.0162969865143	0.0458805609704	0.0180301304787	-0.0188747909856	-0.00381738064686	1.0	0.0286203074364	-0.066680980373	0.00365771959013	-0.0470839765021	-0.0108981680526	0.0392472677472	-0.0583697577777	-0.0614072081139	-0.0225001573591	-0.0236478322119	-0.00125255719278	-0.0273747356673	0.00850562408097	-0.0165691082171	-0.0383579318531	-0.00809114946321	-0.0421617987635	0.0182224842786	-0.0102839455467	0.00309897743378	0.0393271666798	0.0264928509657	-0.0209273440954	0.00649226765686	-0.0288668296489	-0.00561892924598	0.0534456316491	-0.0196709244438	0.0344789980165	0.00733579841688	0.0177159675112	0.0193921850779	0.0152814296429	0.0255661559102	-0.0351718845577	0.0151252772527	-0.0493260311473	0.00762345654015	-0.0510190650658	-0.0351990126016	-0.0206367496575	-0.0284127328808	-0.010083827667	-0.0177282355105	-0.0222296054898	0.0287199534744	0.0166244753703	-0.0280900569146	-0.0123043526958	-0.018509165213	-0.0182773866702	-0.00767274044632
k__Bacteria;p__Firmicutes;c__Clostridia;o__Clostridiales;f__Ruminococcaceae;g__Faecalibacterium;s__Faecalibacterium_prausnitzii	-0.0328580769626	0.0442148325171	-0.0452395390678	-0.0625756629796	-0.0668578382695	-0.00960260632188	0.0286203074364	1.0	0.0211527726322	0.00662152922928	0.0613562455469	-0.0481667329525	0.0165217261293	-0.0426849532268	0.0296487385821	0.00573940155424	0.000962729811141	-0.0249600537979	0.022009484918	-0.00816536489601	0.0026602671488	-0.0114119566002	0.0190454857775	-0.0058087778474	-0.0515504259476	-0.0163910930053	-0.0382128070839	-0.0340520790188	-0.00670267335626	0.05721720805	0.0292102614567	-0.050158803799	-0.0270981768858	-0.00146307407532	-0.0187423563682	-0.0398643295535	-0.0507535200004	-0.0219931684561	0.0158715408033	0.0369339912679	0.0220808267421	-0.00779092397464	0.00629121707154	-0.00421302945915	0.0190199339761	0.0154029917145	-0.0143363317456	0.0256808679326	-0.0299488142547	-0.0175701194178	-0.0641379219727	-0.0192554934837	-0.0366271915465	-0.00583986722862	-0.0904139968988	-0.00350448339319	0.03400829116	0.0281144977997	0.0322330096458
k__Bacteria;p__Bacteroidetes;c__Bacteroidia;o__Bacteroidales;f__Rikenellaceae;g__Alistipes;s__Alistipes_finegoldii	0.000478530141927	-0.0336567266883	-0.00586986364538	0.0232100559232	-0.0442406189541	-0.0494701104553	-0.066680980373	0.0211527726322	1.0	0.0463191129434	-0.00897131620054	0.0521030959517	-0.0649163957279	-0.0230027019366	0.00352020358713	0.00317712370406	0.0442088164052	-0.0475839904968	-0.00582859782949	-0.0547833670636	-0.0483274075913	-0.00627074203995	-0.0244651421488	0.024763129771	-0.0886822647535	0.0107320043373	-0.00536369733322	-0.0075785067134	-0.0269523136177	-0.0487722601517	-0.0192964315685	-0.0519004958265	-0.0232601126195	-0.0336050042222	0.0202543312545	-0.0265179180868	-0.0566621696571	-0.0499442782546	0.0321660167227	-0.0818518117497	-0.0085990813559	0.0400298510599	0.0472404973238	-0.00458707702789	0.0307905196275	-0.0754536203743	-0.0245584985552	-0.00731744544622	0.0450369353402	-0.0188893184942	0.0150571144016	0.0204442994259	0.0593383277432	0.00962051219855	0.00898622930111	-0.0424873207089	-0.0254501983221	0.0182698931693	0.00742356908983
k__Bacteria;p__Bacteroidetes;c__Bacteroidia;o__Bacteroidales;f__Porphyromonadaceae;g__Parabacteroides;s__Parabacteroides_distasonis	-0.0284985160264	0.0341611409581	-0.0084667966651	-0.00865807990053	-0.013479184782	-0.0397737739774	0.00365771959013	0.00662152922928	0.0463191129434	1.0	0.00281550102732	-0.00830047032807	0.0125723766823	-0.0153697367909	-0.01967925897	-0.0375647442456	0.0040102405577	-0.0208860351182	0.00714820517627	-0.0927927987969	-0.00534142517935	0.0475686422209	-0.0354478493632	0.0355538244944	0.0149012782163	0.0533046054373	-0.030427424631	-0.0411192400873	-0.018342005527	-0.00166175694645	0.0358269257754	-0.0338184039514	0.0253491471569	-0.0372536217466	-0.0235879100349	-0.0142161834739	-0.00957188675749	-0.00898243518364	-0.0012679611964	0.0140541969385	-0.0326285027735	-0.0144675790564	-0.0152111018392	-0.0150449448383	0.0169755890455	0.0392047205783	0.0403429285837	-0.0365972571128	-0.0397773059839	0.0114890256544	0.0123817447923	-0.0139141301724	-0.00445845645458	0.0209302708569	-0.00297982060662	-0.0414221222534	-0.00172888804798	0.0138722617376	-0.044533663087
k__Bacteria;p__Bacteroidetes;c__Bacteroidia;o__Bacteroidales;f__Bacteroidaceae;g__Bacteroides;s__Bacteroides_thetaiotaomicron	0.0402251067914	-0.0313875874377	-0.0104479472197	0.0734721538836	-0.0178653035903	-0.0395773470149	-0.0470839765021	0.0613562455469	-0.00897131620054	0.00281550102732	1.0	-0.0341758561052	-0.0486694011552	0.0291173763367	0.0335001828422	-0.0215492222551	0.0493113574511	-0.0505526819058	0.0200859923794	-0.00272432029955	0.0390673632574	0.0123525244151	0.0439109237351	-0.0353263922068	-0.000720806908088	0.0196552927626	0.00471730490079	0.0162963162693	-0.0130332095988	-0.00557480107599	0.0355430959525	-0.0336346636184	-0.0224039872566	0.0361912781502	-0.0190748560316	-0.059360772295	-0.0172823151079	0.0311729105539	-0.0355155835878	0.00168858969805	-0.099582715857	0.0350117925275	-0.0546422365726	-0.0422772003363	-0.103197647811	-0.0186073873313	0.0305558464146	-0.0311371890787	-0.0338538508968	0.010561319128	-0.0683251933041	0.0490129312549	0.0315436105413	-0.0296622614518	-0.0670071026755	-0.0194738784388	-0.00519898742061	0.0233610517302	-0.0183429307293
k__Bacteria;p__Bacteroidetes;c__Bacteroidia;o__Bacteroidales;f__Bacteroidaceae;g__Bacteroides;s__Bacteroides_coprocola	-0.0155559286448	-0.0911423689058	0.016205805629	0.0254713237992	0.0238024811156	0.022913952586	-0.0108981680526	-0.0481667329525	0.0521030959517	-0.00830047032807	-0.0341758561052	1.0	-0.010406793627	-0.0436819711579	-0.0368760200614	-0.0419808691571	0.0189270769641	-0.00278121947924	0.0146876334911	-0.0240777435786	0.0360232972913	-0.000217517160778	-0.00168765039011	0.0333974818901	-0.00130188389081	0.00146261863402	-0.0490233925373	0.000272922813992	-0.0286521513683	-0.037323988362	0.00594973290467	0.00653078980114	-0.0144907018697	-0.0297965894833	-0.0261643398431	-0.0217849453362	-0.0108111670776	-0.0349826107556	0.0231802727202	-0.0404936878196	-0.01411934367	-0.0186992862355	0.000853674161112	-0.0129975427229	0.0135100866259	-0.00979971263807	-0.0373088405199	-0.00697390919416	-0.0326436534935	0.0124901913982	-0.00946963957913	-0.0221495476187	-0.00537485500189	0.00665777733843	0.0478041628761	0.0123954757286	0.0278131352845	-0.0148652378547	-0.0273187678707
k__Bacteria;p__Bacteroidetes;c__Bacteroidia;o__Bacteroidales;f__Bacteroidaceae;g__Bacteroides;s__Bacteroides_cellulosilyticus	0.0253054834387	-0.0397695597622	-0.0475406866349	0.0563940804572	-0.0344445134358	-0.0342914663944	0.0392472677472	0.0165217261293	-0.0649163957279	0.0125723766823	-0.0486694011552	-0.010406793627	1.0	0.0364233533138	-0.0214786975367	-0.057453854291	0.0259785885023	-0.0336485441013	-0.058930653406	-9.14685326954e-05	0.00960883627725	0.0245472919667	-0.033493256047	0.0232345114204	-0.00408591982319	0.0374457893245	-0.0267273244619	0.00579994831497	0.0266515251599	0.0594178186386	0.008142051287	-0.10407213858	-0.0556912740015	0.00948288810315	-0.0319755453147	0.0308805021974	-0.0381491997534	-0.0032462254498	0.0592617731199	0.0346177862205	0.0021192811962	-0.00254038307508	-0.0123355369104	-0.0745725434833	0.00561796561718	0.0176528845355	0.00460747294834	-0.0201913627807	0.0252764459076	-0.0197745546738	0.026667946308	0.00789006224298	-0.0163532549467	0.0194579167921	-0.0166564991465	-0.00381015636976	-0.025989670516	-0.0536244641045	-0.0349031914839
k__Bacteria;p__Bacteroidetes;c__Bacteroidia;o__Bacteroidales;f__Rikenellaceae;g__Alistipes;s__Alistipes_obesi	-0.0512477758871	0.00830426247643	-0.0183453103718	0.026597515278	-0.0219259987472	-0.0612607576295	-0.0583697577777	-0.0426849532268	-0.0230027019366	-0.0153697367909	0.0291173763367	-0.0436819711579	0.0364233533138	1.0	-0.0230119023588	0.0318536222091	-0.0826048732717	0.033370670207	0.00174391928457	-0.0502427119501	0.0277673025567	0.0195924580446	0.0121024207299	-0.042541106288	-0.0470717758778	0.0206493504857	0.0235541930269	-0.0035452203636	-0.0499343746243	-0.0220841150372	0.0172877654285	-0.0303625059724	-0.0321253477948	0.0132519045656	0.0337898703412	-0.0173336878277	0.0203956500262	0.0220424174835	0.0339095230159	0.0659186973483	-0.0440206525425	0.0191120084826	0.000133145009966	0.00183567483778	0.0378600327432	0.00608906342044	0.00250341859455	0.00834596836161	-0.0177835793885	-0.00776564784031	-0.0223045840855	-0.0484837799486	-0.0686195967095	-0.0372179976163	0.0446418467088	0.0491281616184	0.0262832993597	-0.0417656544516	-0.0255330103308
k__Bacteria;p__Firmicutes;c__Clostridia;o__Clostridiales;f__Lachnospiraceae;g__;s__[Eubacterium]_rectale	-0.112163053665	-0.00364312682851	0.0335842780364	0.00744643871557	0.0147363470991	0.00346698420559	-0.0614072081139	0.0296487385821	0.00352020358713	-0.01967925897	0.0335001828422	-0.0368760200614	-0.0214786975367	-0.0230119023588	1.0	-0.0299076999611	-0.0475910204122	-0.0137948132497	0.00689006754047	0.0363874956037	0.0325784095494	0.0196755202136	-0.00375468415908	-0.0449430266361	0.0020328653803	0.00422386719834	-0.0130001495806	-0.0666812679337	0.0527831698722	-0.0116304582653	-0.0279400444166	-0.0337921129657	-0.0199971985997	-0.0200978420928	0.0195254839945	-0.0311023690925	-0.0206970338371	-0.0192651872681	-0.00451125682503	-0.0204591912498	0.00761455676814	0.000363464929695	0.02091755301	0.0225902140413	0.0505456424695	0.0169514288448	-0.0173996514375	0.0424080937749	-0.0427732052108	-0.00961746804134	0.0185781531526	-0.00062388684975	-0.0129751029767	0.021603073181	-0.0998206730264	-0.0232222863841	0.0276033306214	0.0199317119637	-0.0352562128798
k__Bacteria;p__Bacteroidetes;c__Bacteroidia;o__Bacteroidales;f__Bacteroidaceae;g__Bacteroides;s__Bacteroides_plebeius	-0.0133713904598	-0.0213663673457	-0.0179056191197	-0.0127341451522	0.00798693315736	0.00421137866659	-0.0225001573591	0.00573940155424	0.00317712370406	-0.0375647442456	-0.0215492222551	-0.0419808691571	-0.057453854291	0.0318536222091	-0.0299076999611	1.0	0.0066619546869	-0.016246947144	-0.000503740124765	-0.0241204512046	-0.0148347904568	-0.0206296839845	-0.00302666052571	-0.00544894690522	-0.00999745242529	0.0472063855039	-0.00820067597526	-0.0576862783882	-0.00460814229046	-0.0368268628242	-0.0104427924583	0.000931058135491	-0.00175529091976	0.0754554630863	-0.0298370517022	-0.0570689060942	-0.00260811393863	0.0402232121562	-0.0210534013406	0.0127675341724	-0.0491069819248	0.0101820700338	-0.0226753382874	-0.0392183367835	0.0171784645266	-0.0518530632193	0.0848001218254	0.000151989332251	0.00391428429596	0.024781579876	0.00859983225906	-0.0123597263141	0.000546548500105	0.00461417505695	0.00653284300346	0.051687335717	0.0173861784189	-0.0670093784629	0.0233652863687
k__Bacteria;p__Bacteroidetes;c__Bacteroidia;o__Bacteroidales;f__Bacteroidaceae;g__Bacteroides;s__Bacteroides_fragilis	-0.0968560656056	0.033022368399	-0.0239455964401	0.0297284233683	-0.0350515658659	0.0176946168063	-0.0236478322119	0.000962729811141	0.0442088164052	0.0040102405577	0.0493113574511	0.0189270769641	0.0259785885023	-0.0826048732717	-0.0475910204122	0.0066619546869	1.0	0.00494139996888	-0.0263139645485	-0.00688740313609	0.00760832115863	0.0425266277244	0.00642654695422	0.0147261500333	-0.0582732831145	0.00779628782732	0.011968348521	-0.026482280279	-0.0570837907423	0.00441848651521	-0.0603294759787	-0.0131827201366	-0.0299038972061	0.0264096234699	0.0066675580158	-0.00209412199261	-0.0132859051063	-0.0369279596263	-0.0236185727641	0.0242173513406	0.019347996811	0.00624184430662	-0.0629334480094	-0.0335194690392	-0.0286422993394	0.019858263262	0.0440880612223	-0.000892045031252	-0.0247025894782	-0.0155922061664	0.0181753707304	-0.00642678861555	-0.0296630380121	-0.0172685845987	0.046183398221	-0.0745468977294	-0.00837928353336	0.0224329946235	0.0198661744053
k__Bacteria;p__Proteobacteria;c__Betaproteobacteria;o__Burkholderiales;f__Sutterellaceae;g__Sutterella;s__Sutterella_wadsworthensis	-0.0455867160763	0.0513110795988	0.0341390446419	-0.0506933133182	-0.00686403353335	0.0107518528988	-0.00125255719278	-0.0249600537979	-0.0475839904968	-0.0208860351182	-0.0505526819058	-0.00278121947924	-0.0336485441013	0.033370670207	-0.0137948132497	-0.016246947144	0.00494139996888	1.0	-0.0161280522926	0.0154564805723	0.0124194061872	0.0186951330675	0.0101975454436	-0.0320667819494	0.0145929865302	-0.0070329725745	-0.049672354424	0.0472606517464	-0.0160154533451	0.0155535067899	0.0012052952963	-0.0451704847452	0.011015772004	-0.0510626403457	-0.0276265886643	-0.0266500859786	0.0156768571153	-0.00557493080453	-0.00752506584227	0.0488684038328	-0.0130779348669	0.0029503429557	-0.0323094856557	-0.0336159751482	0.0391584251984	0.0141434583037	-0.0232249264335	-0.0170178270336	-0.0754627527626	0.0832279559059	0.0537409729413	-0.00757564750926	-0.042685675803	-0.0146370709856	0.0281185216953	0.0322369131499	-0.0181645092629	-0.0480012966747	0.0382677627948
k__Bacteria;p__Bacteroidetes;c__Bacteroidia;o__Bacteroidales;f__Porphyromonadaceae;g__Barnesiella;s__Barnesiella_intestinihominis	0.0126718832275	-0.00741311997653	0.0575144717191	-0.0370990907637	0.0529586868245	-0.0308510643424	-0.0273747356673	0.022009484918	-0.00582859782949	0.00714820517627	0.0200859923794	0.0146876334911	-0.058930653406	0.00174391928457	0.00689006754047	-0.000503740124765	-0.0263139645485	-0.0161280522926	1.0	-0.0452564777007	-0.0510507864425	0.0286320234198	0.0601318919216	-0.0377796751247	-0.0698728189168	-0.0371926836915	-0.00785133095346	0.0491170482367	0.0360582622969	-0.0359565055786	0.00801059552855	0.0222937090734	0.0259609569402	0.0283437550161	0.00342486810634	0.0217608585108	0.0126489406332	-0.0627454749363	0.0190227856905	-0.0326423645759	0.0472123193099	-0.015548369319	0.0358768451526	-0.00818805123025	-0.0450356995613	0.0169531734762	-0.0178569938354	-0.0262406620656	0.0242073559969	-0.0981969711199	-0.0162596287844	-0.059465332878	0.0164994587128	-0.0446068273829	-0.0107632732531	-0.0345886803854	-0.0279141208777	0.0167871757541	-0.00950021317102
k__Bacteria;p__Bacteroidetes;c__Bacteroidia;o__Bacteroidales;f__Odoribacteraceae;g__Odoribacter;s__Odoribacter_splanchnicus	-0.00539097468769	0.0080372512184	0.0464691456324	-0.0285850254516	-0.0767360768293	0.0460794235681	0.00850562408097	-0.00816536489601	-0.0547833670636	-0.0927927987969	-0.00272432029955	-0.0240777435786	-9.14685326954e-05	-0.0502427119501	0.0363874956037	-0.0241204512046	-0.00688740313609	0.0154564805723	-0.0452564777007	1.0	-0.051867866573	0.014046080301	-0.0515347935741	0.0511857484078	0.0229119745346	-0.0127069181856	-0.0167006666029	-0.0210220965081	-0.0333327215606	0.00361746786212	-0.0211401747351	0.0455384853444	-0.00133546322855	0.00868277372829	0.00984777207151	-0.0181077205323	-0.0477971052547	0.0265333071515	-0.0028216482584	0.0368259267073	-0.00881083369215	0.0684699684046	-0.0103562590769	-0.00159556323309	-0.0664546089522	0.034334017966	-0.0471558251652	-0.0337500875951	-0.0146111860462	-0.0121910501002	-0.0305803096087	0.0476477924885	-0.0163253598029	0.0263084587058	0.00649711662838	0.012847582991	-0.0337017328989	-0.000387636743242	-0.0236199839805
k__Bacteria;p__Bacteroidetes;c__Bacteroidia;o__Bacteroidales;f__Bacteroidaceae;g__Bacteroides;s__Bacteroides_salyersiae	-0.0103713359259	-0.0300837269483	-0.0268504687728	-0.0438376291803	-0.0206677504523	-0.00908945420793	-0.0165691082171	0.0026602671488	-0.0483274075913	-0.00534142517935	0.0390673632574	0.0360232972913	0.00960883627725	0.0277673025567	0.0325784095494	-0.0148347904568	0.00760832115863	0.0124194061872	-0.0510507864425	-0.051867866573	1.0	-0.00886136292553	-0.0204532677789	-0.0277895066824	-0.0396075501828	-0.0705016531847	-0.0102509419379	0.00250189264691	-0.0134060592073	-0.0341021411741	-0.0042044390433	-0.0302721452326	0.0347707799199	-0.0331930031229	0.00892472302118	0.00308564743983	0.0278779262082	0.0266293834773	0.0143122926329	-0.0358822680622	0.0220950287852	0.0540770955022	-0.00391257552065	0.0157077205348	-0.00349070913353	-0.0347596262511	0.0275568381059	-0.0676806550667	-0.00904256742153	-0.0120950566147	-0.0333229763422	-0.0115763790125	0.0235572834396	-0.0308842379969	0.00941827547458	-0.0636047326492	0.0411952064255	-0.0174185410975	-0.0527955032002
k__Bacteria;p__Firmicutes;c__Clostridia;o__Clostridiales;f__Ruminococcaceae;g__Ruminiclostridium;s__[Eubacterium]_siraeum	0.0041449334794	-0.034631641435	0.0097618458986	-0.0351257138417	0.0165268259984	0.0303935900247	-0.0383579318531	-0.0114119566002	-0.00627074203995	0.0475686422209	0.0123525244151	-0.000217517160778	0.0245472919667	0.0195924580446	0.0196755202136	-0.0206296839845	0.0425266277244	0.0186951330675	0.0286320234198	0.014046080301	-0.00886136292553	1.0	0.0232258018803	-0.0224748426072	-0.00151271397243	0.0485179818981	0.00492330046863	-0.0155319160502	-0.00789032327353	0.0206009584136	0.0151130666888	0.02391607435	-0.0243431754393	0.00819119393097	-0.0430746310756	0.00917197064386	0.0199141009662	-0.0733932752206	0.0242709291271	-0.0520484121498	-0.000852194267203	0.0206643201036	0.0157527311829	-0.0450567205534	-0.0684101044595	-0.00452452780466	-0.0408264295387	0.0170572602672	-0.043736555389	0.00171807883011	-0.0018793620104	-0.0344427400671	0.0054405169276	-0.0268965347142	-0.00867517630472	-0.0147055246881	-0.0323765136186	0.0107946940549	-0.00903832329006
k__Bacteria;p__Proteobacteria;c__Betaproteobacteria;o__Burkholderiales;f__Sutterellaceae;g__Parasutterella;s__Parasutterella_excrementihominis	0.0389694342954	-0.0620317941245	-0.00732944144026	-0.0184803601854	0.0250564659283	-0.0159254631446	-0.00809114946321	0.0190454857775	-0.0244651421488	-0.0354478493632	0.0439109237351	-0.00168765039011	-0.033493256047	0.0121024207299	-0.00375468415908	-0.00302666052571	0.00642654695422	0.0101975454436	0.0601318919216	-0.0515347935741	-0.0204532677789	0.0232258018803	1.0	-0.0324728397528	-0.024263144281	-0.00482645768393	0.00553314179416	-0.000984097682157	0.0156613335412	0.0112458274418	0.00777047049555	-0.0495838603656	-0.00468163815771	0.0704281636141	-0.033596971147	-0.0655356496213	0.0834526736448	0.0394942641386	-0.00138926177286	-0.00859891179292	-0.0118589566267	-0.0802025448315	-0.0135188954409	-0.00456124583247	0.00249554215164	0.0491493353433	-0.0560898273059	-0.0138145162347	-0.0405401873681	0.0209205547142	-0.104729712329	0.00558978680347	-0.0374531255952	0.0393157330113	0.0504589101797	0.0470194183994	-0.0221694087855	-0.0179535561344	0.00217875716944
k__Bacteria;p__Actinobacteria;c__Actinobacteria;o__Bifidobacteriales;f__Bifidobacteriaceae;g__Bifidobacterium;s__Bifidobacterium_adolescentis	0.00589793956664	-0.0289981403482	0.0104608981425	0.00180872347245	0.011065151288	-0.0256830748714	-0.0421617987635	-0.0058087778474	0.024763129771	0.0355538244944	-0.0353263922068	0.0333974818901	0.0232345114204	-0.042541106288	-0.0449430266361	-0.00544894690522	0.0147261500333	-0.0320667819494	-0.0377796751247	0.0511857484078	-0.0277895066824	-0.0224748426072	-0.0324728397528	1.0	0.0473444813055	-0.0518581717592	0.0599429248279	0.0394438929538	-0.0134725948405	-0.0246596925462	-0.0305870701626	-0.00878072600339	-0.0330123122751	0.00265911229724	-0.0170689374806	0.0458769224855	-0.00174775376268	-0.00163189132585	0.0118152537418	0.0641934726948	0.0328577884196	-0.0716873767502	-0.0336554424874	-0.0122686530485	0.0298821774352	0.034555709439	0.00995165975848	-0.0591938042896	-0.0267259134214	0.0213989358981	0.0260893257843	-0.00596378288151	0.0282813961464	0.0472900757885	-0.0239287277334	-0.0199319198578	0.00878502198368	0.0332541218264	-0.0440415960057
k__Bacteria;p__Firmicutes;c__Clostridia;o__Clostridiales;f__Oscillospiraceae;g__Oscillibacter;s__Oscillibacter_sp._KLE_1745	-0.0157152546156	0.000540858207588	0.0440181446932	0.0723312660411	0.0158280791073	-0.0439250621853	0.0182224842786	-0.0515504259476	-0.0886822647535	0.0149012782163	-0.000720806908088	-0.00130188389081	-0.00408591982319	-0.0470717758778	0.0020328653803	-0.00999745242529	-0.0582732831145	0.0145929865302	-0.0698728189168	0.0229119745346	-0.0396075501828	-0.00151271397243	-0.024263144281	0.0473444813055	1.0	-0.039837914087	0.0058587119197	-0.00601582599186	-0.0374717612614	0.0354535020397	-0.000646151634545	-0.00617785332782	0.00110070407042	-0.0180984798012	-0.0330403638254	-0.0323196575506	-0.0202435524089	-0.0294497628479	-0.00518809459602	-0.0409671593076	0.00661232541445	0.0131774374787	-0.00131247214652	-0.0273873529145	-0.0385306817402	-0.0368848203987	-0.0528345966081	0.0176189981776	-0.0233534531002	-0.0172826179177	-0.0176746006321	-0.00280049428521	-0.00957404189681	-0.0308067840223	-0.0133594949459	0.038926522756	0.0227816268104	-0.0119384822181	-0.0261979024667
k__Bacteria;p__Bacteroidetes;c__Bacteroidia;o__Bacteroidales;f__Bacteroidaceae;g__Bacteroides;s__Bacteroides_coprophilus	0.0110381121324	0.00871931452553	-0.00541562833602	-0.0245535766413	0.00281001684703	-0.0119367999732	-0.0102839455467	-0.0163910930053	0.0107320043373	0.0533046054373	0.0196552927626	0.00146261863402	0.0374457893245	0.0206493504857	0.00422386719834	0.0472063855039	0.00779628782732	-0.0070329725745	-0.0371926836915	-0.0127069181856	-0.0705016531847	0.0485179818981	-0.00482645768393	-0.0518581717592	-0.039837914087	1.0	-0.0246947050087	0.00991625339291	-0.0577996684214	-0.0390428787042	-0.028368740093	-0.000402355599452	0.0262665464264	-0.0521609300451	0.038810785523	0.0236356093832	0.0372337933684	0.0144222577201	-0.0232974440266	-0.0130764230707	-0.0643616462748	0.0349991674853	-0.0014937070219	-0.00225549994871	-0.0393904095835	0.0555430413208	0.0306834137314	0.0232979529046	0.0459773390375	0.0180116899195	0.0167271837594	-0.0303235036963	0.000389637969609	-0.0165513428511	-0.0489703087114	-0.0518466088934	-0.00967390030267	-0.0402257062462	-0.0441431816677
k__Bacteria;p__Firmicutes;c__Clostridia;o__Clostridiales;f__Lachnospiraceae;g__Roseburia;s__Roseburia_intestinalis	-0.0184256257611	-0.0112637810072	0.015201525467	0.00909868030784	-0.00689258640356	-0.013707775845	0.00309897743378	-0.0382128070839	-0.00536369733322	-0.030427424631	0.00471730490079	-0.0490233925373	-0.0267273244619	0.0235541930269	-0.0130001495806	-0.00820067597526	0.011968348521	-0.049672354424	-0.00785133095346	-0.0167006666029	-0.0102509419379	0.00492330046863	0.00553314179416	0.0599429248279	0.0058587119197	-0.0246947050087	1.0	0.00688692765093	-0.0412377860576	-0.0320231846831	-0.0287310048893	0.00730046258935	-0.0235112701472	0.00221175919859	0.02257333266	0.00706196358949	0.0131680905362	0.0198598074161	0.0452222578719	-0.0322561362195	-0.0364812431676	-0.0250073209887	-0.035398831206	0.0453556671924	0.0549666698562	-0.0548568186663	0.0162047151059	0.0173177472051	-0.0636229342389	-0.0226233408549	-0.00473771620038	-1.02660079236e-05	-0.0203765625259	-0.0220181261207	-0.0448437589586	-0.0107288532891	0.012344137528	-0.021679554582	0.0500867512399
k__Bacteria;p__Firmicutes;c__Clostridia;o__Clostridiales;f__Lachnospiraceae;g__Roseburia;s__Roseburia_hominis	-0.0380458573587	-0.0194862668745	0.022061281519	-0.0382893638555	0.0291296565738	-0.0278443352671	0.0393271666798	-0.0340520790188	-0.0075785067134	-0.0411192400873	0.0162963162693	0.000272922813992	0.00579994831497	-0.0035452203636	-0.0666812679337	-0.0576862783882	-0.026482280279	0.0472606517464	0.0491170482367	-0.0210220965081	0.00250189264691	-0.0155319160502	-0.000984097682157	0.0394438929538	-0.00601582599186	0.00991625339291	0.00688692765093	1.0	-0.00852770855238	0.0237424973468	0.00026724889088	-0.00932958782518	-0.0508058299528	-0.00640678489876	0.00870090296501	0.0321491731098	-0.00136142577879	0.00693960475641	-0.0131693872507	0.0418651670667	-0.0336882814811	-0.0335129473954	0.0105328914817	0.0513227271297	0.028440744208	-0.0566695008023	-0.0121155071917	0.00220317352887	-0.0345528546212	0.0143653814597	-0.01239991653	0.0205521244411	0.00103899272957	-0.0119009211075	-0.0449923999271	-0.0808730431086	0.0390817574384	0.023420371633	-0.0273982083249
k__Bacteria;p__Bacteroidetes;c__Bacteroidia;o__Bacteroidales;f__Porphyromonadaceae;g__Parabacteroides;s__Parabacteroides_johnsonii	0.0218914600511	0.0571153898524	0.0254241278212	-0.023523204868	0.0239347010317	0.0241291744487	0.0264928509657	-0.00670267335626	-0.0269523136177	-0.018342005527	-0.0130332095988	-0.0286521513683	0.0266515251599	-0.0499343746243	0.0527831698722	-0.00460814229046	-0.0570837907423	-0.0160154533451	0.0360582622969	-0.0333327215606	-0.0134060592073	-0.00789032327353	0.0156613335412	-0.0134725948405	-0.0374717612614	-0.0577996684214	-0.0412377860576	-0.00852770855238	1.0	-0.02060513025	-0.038309364437	0.0408621190941	0.0498123049842	0.00359920360805	0.0358429954307	0.0361529581607	0.0657040367522	-0.0382822412355	-0.0262168373033	0.00774971539618	-0.00329280919363	-0.00926325571157	0.0166782040389	-0.0497715735937	-0.0471550901543	-0.0600577809116	0.060547629183	0.000887285744939	-0.013541928481	-0.0143106602343	0.00703372591325	-0.0739221043105	-0.0268820998286	-0.0339646979813	0.0257701713461	0.0170550670443	-0.0515868812273	0.0414990855551	-0.0359838274179
k__Bacteria;p__Actinobacteria;c__Actinobacteria;o__Bifidobacteriales;f__Bifidobacteriaceae;g__Bifidobacterium;s__Bifidobacterium_longum	0.00221032590531	0.00118440202398	0.021572481295	0.00951147881943	0.00525033116551	0.0115739302509	-0.0209273440954	0.05721720805	-0.0487722601517	-0.00166175694645	-0.00557480107599	-0.037323988362	0.0594178186386	-0.0220841150372	-0.0116304582653	-0.0368268628242	0.00441848651521	0.0155535067899	-0.0359565055786	0.00361746786212	-0.0341021411741	0.0206009584136	0.0112458274418	-0.0246596925462	0.0354535020397	-0.0390428787042	-0.0320231846831	0.0237424973468	-0.02060513025	1.0	-0.0333979536851	-0.00287058760428	-0.00450417269357	-0.000740269326838	-0.0683003441422	-0.0623853751003	0.010534327205	0.0190893867889	-0.00684963745539	0.0576190652144	0.0335876034484	0.0130768166638	-0.00115042332289	0.0127599911515	-0.0246033915465	-0.00840103516605	-0.00224061364613	-0.0125960092047	0.0487730911125	0.00773717576086	0.00975316825027	-0.0330160290443	-0.0105367733523	0.0297184205641	-0.0196458050062	-0.0708003036811	-0.0214417426076	0.0606643039196	-0.0501594304886
