#taxonomy	k__Bacteria;p__Bacteroidetes;c__Bacteroidia;o__Bacteroidales;f__Bacteroidaceae;g__Bacteroides;s__Bacteroides_vulgatus	k__Bacteria;p__Bacteroidetes;c__Bacteroidia;o__Bacteroidales;f__Bacteroidaceae;g__Bacteroides;s__Bacteroides_uniformis	k__Bacteria;p__Bacteroidetes;c__Bacteroidia;o__Bacteroidales;f__Rikenellaceae;g__Alistipes;s__Alistipes_putredinis	k__Bacteria;p__Bacteroidetes;c__Bacteroidia;o__Bacteroidales;f__Prevotellaceae;g__Prevotella;s__Prevotella_copri	k__Bacteria;p__Bacteroidetes;c__Bacteroidia;o__Bacteroidales;f__Bacteroidaceae;g__Bacteroides;s__Bacteroides_stercoris	k__Bacteria;p__Bacteroidetes;c__Bacteroidia;o__Bacteroidales;f__Bacteroidaceae;g__Bacteroides;s__Bacteroides_ovatus	k__Bacteria;p__Bacteroidetes;c__Bacteroidia;o__Bacteroidales;f__Rikenellaceae;g__Alistipes;s__Alistipes_shahii	k__Bacteria;p__Firmicutes;c__Clostridia;o__Clostridiales;f__Ruminococcaceae;g__Faecalibacterium;s__Faecalibacterium_prausnitzii	k__Bacteria;p__Bacteroidetes;c__Bacteroidia;o__Bacteroidales;f__Rikenellaceae;g__Alistipes;s__Alistipes_finegoldii	k__Bacteria;p__Bacteroidetes;c__Bacteroidia;o__Bacteroidales;f__Porphyromonadaceae;g__Parabacteroides;s__Parabacteroides_distasonis	k__Bacteria;p__Bacteroidetes;c__Bacteroidia;o__Bacteroidales;f__Bacteroidaceae;g__Bacteroides;s__Bacteroides_thetaiotaomicron	k__Bacteria;p__Bacteroidetes;c__Bacteroidia;o__Bacteroidales;f__Bacteroidaceae;g__Bacteroides;s__Bacteroides_coprocola	k__Bacteria;p__Bacteroidetes;c__Bacteroidia;o__Bacteroidales;f__Bacteroidaceae;g__Bacteroides;s__Bacteroides_cellulosilyticus	k__Bacteria;p__Bacteroidetes;c__Bacteroidia;o__Bacteroidales;f__Rikenellaceae;g__Alistipes;s__Alistipes_obesi	k__Bacteria;p__Firmicutes;c__Clostridia;o__Clostridiales;f__Lachnospiraceae;g__;s__[Eubacterium]_rectale	k__Bacteria;p__Bacteroidetes;c__Bacteroidia;o__Bacteroidales;f__Bacteroidaceae;g__Bacteroides;s__Bacteroides_plebeius	k__Bacteria;p__Bacteroidetes;c__Bacteroidia;o__Bacteroidales;f__Bacteroidaceae;g__Bacteroides;s__Bacteroides_fragilis	k__Bacteria;p__Proteobacteria;c__Betaproteobacteria;o__Burkholderiales;f__Sutterellaceae;g__Sutterella;s__Sutterella_wadsworthensis	k__Bacteria;p__Bacteroidetes;c__Bacteroidia;o__Bacteroidales;f__Porphyromonadaceae;g__Barnesiella;s__Barnesiella_intestinihominis	k__Bacteria;p__Bacteroidetes;c__Bacteroidia;o__Bacteroidales;f__Odoribacteraceae;g__Odoribacter;s__Odoribacter_splanchnicus	k__Bacteria;p__Bacteroidetes;c__Bacteroidia;o__Bacteroidales;f__Bacteroidaceae;g__Bacteroides;s__Bacteroides_salyersiae	k__Bacteria;p__Firmicutes;c__Clostridia;o__Clostridiales;f__Ruminococcaceae;g__Ruminiclostridium;s__[Eubacterium]_siraeum	k__Bacteria;p__Proteobacteria;c__Betaproteobacteria;o__Burkholderiales;f__Sutterellaceae;g__Parasutterella;s__Parasutterella_excrementihominis	k__Bacteria;p__Actinobacteria;c__Actinobacteria;o__Bifidobacteriales;f__Bifidobacteriaceae;g__Bifidobacterium;s__Bifidobacterium_adolescentis	k__Bacteria;p__Firmicutes;c__Clostridia;o__Clostridiales;f__Oscillospiraceae;g__Oscillibacter;s__Oscillibacter_sp._KLE_1745	k__Bacteria;p__Bacteroidetes;c__Bacteroidia;o__Bacteroidales;f__Bacteroidaceae;g__Bacteroides;s__Bacteroides_coprophilus	k__Bacteria;p__Firmicutes;c__Clostridia;o__Clostridiales;f__Lachnospiraceae;g__Roseburia;s__Roseburia_intestinalis	k__Bacteria;p__Firmicutes;c__Clostridia;o__Clostridiales;f__Lachnospiraceae;g__Roseburia;s__Roseburia_hominis	k__Bacteria;p__Bacteroidetes;c__Bacteroidia;o__Bacteroidales;f__Porphyromonadaceae;g__Parabacteroides;s__Parabacteroides_johnsonii	k__Bacteria;p__Actinobacteria;c__Actinobacteria;o__Bifidobacteriales;f__Bifidobacteriaceae;g__Bifidobacterium;s__Bifidobacterium_longum	k__Bacteria;p__Firmicutes;c__Clostridia;o__Clostridiales;f__;g__Flavonifractor;s__Flavonifractor_plautii	k__Bacteria;p__Firmicutes;c__Clostridia;o__Clostridiales;f__Clostridiaceae;g__Clostridium;s__Clostridium_phoceensis	k__Bacteria;p__Verrucomicrobia;c__Verrucomicrobiae;o__Verrucomicrobiales;f__Akkermansiaceae;g__Akkermansia;s__Akkermansia_muciniphila	k__Bacteria;p__Bacteroidetes;c__Bacteroidia;o__Bacteroidales;f__Prevotellaceae;g__Paraprevotella;s__Paraprevotella_xylaniphila	k__Bacteria;p__Firmicutes;c__Clostridia;o__Clostridiales;f__Ruminococcaceae;g__Ruminococcus;s__Ruminococcus_callidus	k__Bacteria;p__Bacteroidetes;c__Bacteroidia;o__Bacteroidales;f__Rikenellaceae;g__Alistipes;s__Alistipes_senegalensis	k__Bacteria;p__Firmicutes;c__Clostridia;o__Clostridiales;f__Lachnospiraceae;g__Blautia;s__Blautia_sp._KLE_1732	k__Bacteria;p__Bacteroidetes;c__Bacteroidia;o__Bacteroidales;f__Bacteroidaceae;g__Bacteroides;s__Bacteroides_oleiciplenus	k__Bacteria;p__Firmicutes;c__Clostridia;o__Clostridiales;f__Ruminococcaceae;g__Ruminococcus;s__Ruminococcus_bicirculans	k__Bacteria;p__Bacteroidetes;c__Bacteroidia;o__Bacteroidales;f__Bacteroidaceae;g__Bacteroides;s__Bacteroides_fluxus	k__Bacteria;p__Bacteroidetes;c__Bacteroidia;o__Bacteroidales;f__Prevotellaceae;g__Prevotella;s__Prevotella_stercorea	k__Bacteria;p__Firmicutes;c__Clostridia;o__Clostridiales;f__Lachnospiraceae;g__Dorea;s__Dorea_longicatena	k__Bacteria;p__Firmicutes;c__Clostridia;o__Clostridiales;f__Eubacteriaceae;g__Eubacterium;s__[Eubacterium]_eligens	k__Bacteria;p__Firmicutes;c__Clostridia;o__Clostridiales;f__Ruminococcaceae;g__;s__Ruminococcaceae_bacterium_D16	k__Bacteria;p__Firmicutes;c__Clostridia;o__Clostridiales;f__Lachnospiraceae;g__Coprococcus;s__Coprococcus_comes	k__Bacteria;p__Proteobacteria;c__Gammaproteobacteria;o__Enterobacterales;f__Enterobacteriaceae;g__Escherichia;s__Escherichia_coli	k__Bacteria;p__Firmicutes;c__Clostridia;o__Clostridiales;f__Ruminococcaceae;g__Anaerotruncus;s__Anaerotruncus_colihominis	k__Bacteria;p__Firmicutes;c__Clostridia;o__Clostridiales;f__Lachnospiraceae;g__Blautia;s__Blautia_obeum	k__Bacteria;p__Bacteroidetes;c__Bacteroidia;o__Bacteroidales;f__Odoribacteraceae;g__Odoribacter;s__Odoribacter_laneus	k__Bacteria;p__Firmicutes;c__Clostridia;o__Clostridiales;f__Ruminococcaceae;g__Ruminiclostridium;s__[Clostridium]_leptum	k__Bacteria;p__Bacteroidetes;c__Bacteroidia;o__Bacteroidales;f__Porphyromonadaceae;g__Parabacteroides;s__Parabacteroides_goldsteinii	k__Bacteria;p__Firmicutes;c__Clostridia;o__Clostridiales;f__Lachnospiraceae;g__Anaerostipes;s__Anaerostipes_hadrus	k__Bacteria;p__Firmicutes;c__Clostridia;o__Clostridiales;f__Ruminococcaceae;g__Ruminococcus;s__Ruminococcus_lactaris	k__Bacteria;p__Firmicutes;c__Clostridia;o__Clostridiales;f__Clostridiaceae;g__Clostridium;s__Clostridium_sp._L2-50	k__Bacteria;p__Firmicutes;c__Clostridia;o__Clostridiales;f__Clostridiaceae;g__Clostridium;s__Clostridium_sp._M62/1	k__Bacteria;p__Firmicutes;c__Clostridia;o__Clostridiales;f__;g__Intestinimonas;s__Intestinimonas_butyriciproducens	k__Bacteria;p__Actinobacteria;c__Actinobacteria;o__Bifidobacteriales;f__Bifidobacteriaceae;g__Bifidobacterium;s__Bifidobacterium_bifidum	k__Bacteria;p__Firmicutes;c__Negativicutes;o__Veillonellales;f__Veillonellaceae;g__Dialister;s__Dialister_invisus	k__Bacteria;p__Bacteroidetes;c__Bacteroidia;o__Bacteroidales;f__Bacteroidaceae;g__Bacteroides;s__Bacteroides_salanitronis
k__Bacteria;p__Bacteroidetes;c__Bacteroidia;o__Bacteroidales;f__Bacteroidaceae;g__Bacteroides;s__Bacteroides_vulgatus	1.0	-0.0103372405905	-0.0678320799419	-0.0603294447563	-0.0128131411521	-0.0252020612822	-0.00756559874179	-0.0575608576457	-0.00736772675503	0.0117389590248	-0.0132033770608	-0.0116209143229	-0.0220308193655	0.0195259853075	0.0119827958244	-0.047820252554	-0.0529663798104	0.0135959491751	0.0445248929947	-0.00140118937995	0.00992223296519	-0.0638347876344	0.0279404963907	0.0337842714146	0.00117157449172	-0.0167129552907	-0.0276973476885	-0.042086015119	0.0227015056654	-0.0126173425878	-0.00669372030025	-0.0393295690701	-0.0176923400497	-0.0165482398129	0.000781940198707	-0.00116708378295	0.00131437836667	-0.0296888895845	-0.057901735017	0.0500444618726	-0.00460646838254	0.0149119357787	-0.0610265652803	0.0248557417916	-0.0159149364436	-0.0330355008937	0.0326471321824	-0.0624213427193	-0.0658431939813	0.0320877315136	-0.0241826988948	-0.03136439928	-0.00786175426144	-0.0218482543907	-0.0316235006337	-0.0554578501986	-0.027953462411	0.0229198578087	-0.00382154003273
k__Bacteria;p__Bacteroidetes;c__Bacteroidia;o__Bacteroidales;f__Bacteroidaceae;g__Bacteroides;s__Bacteroides_uniformis	-0.0103372405905	1.0	0.0447975217343	0.0186150700411	-0.00352965071066	-0.000535811663122	-0.0528045393494	0.0132661909241	0.0019775794789	0.0140128748087	0.0104361904549	-0.0795517721924	-0.0429056507614	-0.0589314947399	-0.0444795189228	0.0363620873964	-0.0509356843151	0.0289065095262	-0.0147632660829	4.83034243948e-05	0.0386880886509	0.0111724284064	0.0634785109076	0.00467037686173	0.0285040535919	-0.00480675223907	-0.0636039113314	-0.0538307213538	-0.0175573563132	-0.0542242939193	-0.0506604193415	0.0346443504785	-0.0456750489005	0.0364198604827	0.00766650299355	0.033652746441	0.0954650870533	0.0591865298595	0.0036068697115	0.0466249923009	0.00989723327314	-0.0561522279116	0.022835979754	-0.0220444098643	0.0240494231337	0.0174803254074	-0.0284187820731	-0.0298014901443	0.000728773982592	-0.0426288767717	0.0105530279587	0.0177069046671	0.0217278734951	0.0471864180527	-0.029144958319	-0.0227551452773	0.0164987315273	-0.0512039897352	-0.0159579685928
k__Bacteria;p__Bacteroidetes;c__Bacteroidia;o__Bacteroidales;f__Rikenellaceae;g__Alistipes;s__Alistipes_putredinis	-0.0678320799419	0.0447975217343	1.0	-0.0383001492909	-0.000562762949744	-0.0137420137265	0.00525945866411	0.0244858522026	-0.0277617848538	0.00977864061388	-0.00746403389606	0.0594803237778	-0.0200937959522	-0.0373123099416	0.00604697853066	-0.0982700434087	-0.0027785232845	-0.0325784846884	-0.0165865736319	-0.0650128259018	-0.0266355070029	-0.0627177484344	-0.0318995801249	0.0340051345876	-0.0288657192316	-0.0414217564401	-0.0317583509392	-0.0108496832201	-0.028699965226	-0.0438726424471	0.014719148074	-0.00546540129154	-0.0403894651012	-0.020347719209	0.0734460350849	0.0611165907778	-0.0680464916359	0.0009323939606	-0.0470514742186	0.0457422941595	0.0235731425538	0.00989758204456	-0.0140113100535	0.0304623771566	0.00624758690649	-0.0099242462662	0.0245801012561	-0.0325187186319	-0.0625717959306	-0.0881497348458	-0.0267441085824	0.0674415747714	-0.0208789794219	-0.0216759086113	-0.00487335152064	0.0107810849748	0.0311232905673	-0.0179724172213	0.00176810648887
k__Bacteria;p__Bacteroidetes;c__Bacteroidia;o__Bacteroidales;f__Prevotellaceae;g__Prevotella;s__Prevotella_copri	-0.0603294447563	0.0186150700411	-0.0383001492909	1.0	0.0139029430687	-0.00355186549579	0.0203315277692	-0.0400377601685	0.0396714941252	-0.0239520241073	-0.0229606494875	0.00527929349951	-0.0200399686912	-0.0841787159708	-0.0802613062676	0.0388112632905	-0.0191851514438	0.0367163658726	0.0145449070669	0.0170069275662	-0.0402388620539	0.0194629398769	-0.0309196041806	-0.0321038662476	-0.0264770336937	-0.0159527011432	0.0107307929831	-0.0102074625652	-0.048950688288	0.0404482163251	-0.0164636382582	0.0211958131715	0.00381201503665	0.0072228428592	0.00062106276744	-0.0267786847102	-0.0188592225815	-0.00319555019355	0.0284956658094	0.00437501398921	0.00366654565874	0.00575884895622	-0.00964645253882	-0.0247034830542	-0.0337640890152	0.00693998559145	0.0222675884188	0.0227080101263	-0.0341817711908	-0.0362766507545	-0.00835050852175	-0.0647464593458	0.00281901102283	0.0362057935584	0.0164842883093	-0.0286086488955	-0.0206098691165	-0.0365543757395	-0.00795932503559
k__Bacteria;p__Bacteroidetes;c__Bacteroidia;o__Bacteroidales;f__Bacteroidaceae;g__Bacteroides;s__Bacteroides_stercoris	-0.0128131411521	-0.00352965071066	-0.000562762949744	0.0139029430687	1.0	-0.0304094615901	-0.000903399775139	9.59737899844e-05	-0.0182163975911	-0.0419551736992	-0.0371966663549	-0.0151867968106	0.00175911979926	-0.0102988948197	0.00594477393223	0.0226804362179	0.00971408532935	-0.0202985490618	0.044362204704	0.0439512023152	0.0174269500721	-0.0464128139419	0.0466136650339	-0.0143141011954	0.0487247509884	-0.00780502328352	-0.070699146492	-0.0333729792154	0.0468646004937	-0.0136703363582	0.0128133807852	-0.059095041439	-0.0354831923355	-0.025027634566	-0.0670136559951	-0.0288240314327	0.0396328652228	0.0377502395873	-0.0188987223411	-0.0116026777082	0.0471600671438	0.0244838030782	-0.0112149617595	-0.0321415223069	-0.0552628227679	-0.0600596151706	-0.0238785366042	-0.0347938378744	-0.0269926093491	0.0478503387912	-0.0819478002525	0.014201643372	-0.0140951103174	0.079491407412	-0.0573877649447	0.00915511832437	-0.0402607474034	0.0165404708187	-0.0508720995629
k__Bacteria;p__Bacteroidetes;c__Bacteroidia;o__Bacteroidales;f__Bacteroidaceae;g__Bacteroides;s__Bacteroides_ovatus	-0.0252020612822	-0.000535811663122	-0.0137420137265	-0.00355186549579	-0.0304094615901	1.0	0.0102311288599	0.00309106429024	-0.0227774306074	-0.013973995237	0.0288558945725	0.032638384261	0.00795061337665	0.0369820987027	-0.0306696274178	-0.0373653429882	0.0061089237239	-0.0395364216517	-0.0514753396113	0.00299428772047	-0.0534904374807	-0.0144215212991	-0.00724046830186	0.0096390557812	0.0162085784495	0.0102083805691	-0.0393924575968	-0.00664407410544	-0.00497012097441	-0.0653446280029	0.0428211796638	0.00169757126227	-0.0287066098809	-0.0391865910566	0.0324394444204	-0.0138809598222	0.0195161743179	0.0302206075833	0.005898736799	-0.0168959842744	0.0398599909635	-0.0625297264681	-0.00823549578248	0.0375643350035	0.0250642654667	0.0112774710347	0.0227601766779	-0.0458481643512	-0.0101286320432	-0.0187427764578	0.000134168372645	-0.0125994979193	-0.0161269084138	-0.0435089192377	-0.0248536562708	-0.0301063578072	-0.000677999543758	0.0401340723357	-0.0140675801588
k__Bacteria;p__Bacteroidetes;c__Bacteroidia;o__Bacteroidales;f__Rikenellaceae;g__Alistipes;s__Alistipes_shahii	-0.00756559874179	-0.0528045393494	0.00525945866411	0.0203315277692	-0.000903399775139	0.0102311288599	1.0	0.00728975933136	-0.0313203126468	-0.0200360798514	-0.0394447636717	-0.00626884678485	-0.0292200701369	0.0571578464273	0.040476732644	0.0246087826032	-0.0145630398362	0.0281717453293	-0.00420080668085	0.0440881847651	-0.0360560299447	0.0111312758164	-0.0396369315164	-0.039871810984	-0.0194108058579	-0.00786541250208	0.00872010379754	-0.0676043456916	0.027543895643	0.0137705914649	-0.00456780498612	0.0231373581373	-0.0536619532171	0.0252818911853	0.0114441169461	-0.0414223897134	-0.000548211700663	-0.0695078289497	0.0145347280702	-0.0438831734616	-0.0591300485061	0.0234075737428	-0.0249681852577	-0.0374704197078	0.0287588507351	-0.0230485134579	-0.0236644033661	-0.0258530946889	0.0551407310563	-0.0251707815524	0.0583403376726	-0.0101579508017	-0.0134002028116	-0.0706242848081	0.00579585051381	-0.00050291013966	-0.0212300886738	-0.107903905216	-0.0330088662489
k__Bacteria;p__Firmicutes;c__Clostridia;o__Clostridiales;f__Ruminococcaceae;g__Faecalibacterium;s__Faecalibacterium_prausnitzii	-0.0575608576457	0.0132661909241	0.0244858522026	-0.0400377601685	9.59737899844e-05	0.00309106429024	0.00728975933136	1.0	-0.0791109655738	-0.0303341481883	-0.0209511320408	-0.0279137231475	0.0293191882789	0.0170951524973	-0.0407243699506	-0.0019633591256	-0.0224193210892	0.0130175448041	-0.0695042538294	-0.042268568701	0.00921498953807	0.0353219969742	0.06449533544	-0.0308138978868	-0.0302877955903	-0.0197724189623	0.0120645830606	0.0695565652036	-0.0681666763217	0.0239767615865	-0.00966080757208	0.059594617334	0.0412337165955	-0.00331742403633	-0.0240485270259	-0.0542818183734	-0.0151667410202	-0.072715527125	-0.0127564115111	0.0301311420253	-0.0284111222285	-0.0295164339882	0.072265969464	0.00674136771838	-0.000602758777361	-0.0318731222016	-0.056578833803	0.0774028339766	-0.040837561964	-0.00878267541643	-0.00529905027664	-0.0118728570855	-0.00190706533788	0.03907679477	-0.0233051389437	0.0216694499698	-0.00594583901844	0.0227023222416	-0.00935202562587
k__Bacteria;p__Bacteroidetes;c__Bacteroidia;o__Bacteroidales;f__Rikenellaceae;g__Alistipes;s__Alistipes_finegoldii	-0.00736772675503	0.0019775794789	-0.0277617848538	0.0396714941252	-0.0182163975911	-0.0227774306074	-0.0313203126468	-0.0791109655738	1.0	-0.0223652933422	-0.0123730531801	-0.0116029825581	0.0212964139769	-0.00654179405224	0.0421857622362	0.00367940129043	-0.0497664924568	0.0307096651508	0.0497113704841	0.0347338568258	-0.0429673135102	-0.00157874350815	-0.0222916877488	0.0124466901822	-0.00182460128092	-0.038124344049	0.0215563003918	0.00446785836563	-0.0124053327947	0.0172933924896	-0.0844479141349	0.055287511384	-0.0121427643497	-0.0461512485592	-0.0253983668401	0.0223298362924	-0.056788476213	0.019677257728	0.0124463332379	-0.0480738247775	-0.0414237592292	0.0199332072396	-0.0524795884027	-0.0103092197122	-0.0167757972024	0.0146176331031	0.016853237027	0.0238961883284	0.0128361447302	0.0287862194035	-0.061210405993	0.00402564329886	-0.0206150946191	0.0373296148859	0.00373547491857	0.00410959816022	-0.00472582893878	-0.0524338497467	0.0709350472749
k__Bacteria;p__Bacteroidetes;c__Bacteroidia;o__Bacteroidales;f__Porphyromonadaceae;g__Parabacteroides;s__Parabacteroides_distasonis	0.0117389590248	0.0140128748087	0.00977864061388	-0.0239520241073	-0.0419551736992	-0.013973995237	-0.0200360798514	-0.0303341481883	-0.0223652933422	1.0	-0.00221521593169	-0.04591173433	-0.0140889114409	-0.00357132502276	0.00162623134054	0.0282781521221	0.0129370087707	-0.0236136803096	0.0603437717655	-0.0352483982352	0.00584452995397	-0.0112526781217	-0.0371782243652	0.0619476698506	-0.0145282584753	0.0406002840562	-0.055551722456	-0.050377016109	-0.0424541906523	0.0111606594284	0.0304346408897	0.0657195442749	-0.0613824346354	-0.0683155292715	0.0212254416269	0.0380859011039	-0.0597059848051	-0.00689664647142	-0.0428076303073	-0.0168693679177	-0.0349153310395	0.00608100827584	-0.0309720096669	0.000714230243486	0.0431011451454	0.0130713601826	0.0106936164211	-0.0531056958973	-0.0451408213954	0.0251792245285	-0.0254490349922	0.0424698725481	-0.0169358571071	0.0326243131675	0.0206444291315	-0.0649069040135	-0.0602742074284	0.00395762530312	-0.021689773576
k__Bacteria;p__Bacteroidetes;c__Bacteroidia;o__Bacteroidales;f__Bacteroidaceae;g__Bacteroides;s__Bacteroides_thetaiotaomicron	-0.0132033770608	0.0104361904549	-0.00746403389606	-0.0229606494875	-0.0371966663549	0.0288558945725	-0.0394447636717	-0.0209511320408	-0.0123730531801	-0.00221521593169	1.0	-0.0333679255888	0.00245572403423	-0.00416453366485	-0.0434342712774	0.031590368268	0.0470544981344	0.028328237155	-0.034758380256	0.0204672421295	-0.0371586294648	-0.0263404654077	-0.0251102112836	0.0198747991127	-0.0363248682763	0.0594097001659	0.00153491748047	-0.0250147886372	-0.0129370104103	0.0383940447102	-0.00368690476666	0.0324637121408	0.0199385995743	0.0309797736756	-0.0145954204969	-0.0347699329952	-0.0191074997739	-0.0110083950827	-0.0249856877076	0.0295411578178	-0.0492360599942	-0.0338021571874	-0.0581751435465	0.0181783461034	0.0630585245796	0.00387323837601	0.0132974551604	0.00461202652167	-1.30953943e-05	-0.053734544315	-0.00116617830121	0.0164898770529	-0.0211697646747	-0.0433842697335	-0.028671234989	0.000413846654962	-0.038912382095	-0.0439130589175	0.0046297269904
k__Bacteria;p__Bacteroidetes;c__Bacteroidia;o__Bacteroidales;f__Bacteroidaceae;g__Bacteroides;s__Bacteroides_coprocola	-0.0116209143229	-0.0795517721924	0.0594803237778	0.00527929349951	-0.0151867968106	0.032638384261	-0.00626884678485	-0.0279137231475	-0.0116029825581	-0.04591173433	-0.0333679255888	1.0	0.0255811142172	-0.0411374878086	0.0480347669668	-0.0373224558562	-0.0391833096517	-0.000814578887147	0.0372559369078	-0.0470207005668	0.0260285243359	0.0404532408292	0.007548915199	-0.00466016919465	0.0229114130084	-0.00957358882897	-0.0182224756725	-0.0183770788134	0.00374397862703	-0.00795346150988	-0.00733331632198	-0.0197436785077	0.00846812541258	-0.0238597294947	0.0269271697988	0.0250237932612	-0.0383373735466	0.0235268891073	-0.0160220717995	0.00995833541505	-0.0082529062906	0.0305701814338	0.0189635301515	-0.0066097986689	-0.00427141686588	-0.0462999431137	0.00851156122318	0.0252098745206	-0.0878597133003	-0.0275955961463	0.0118896662304	-0.0223091444541	0.0684975968299	0.0303656605564	0.0119966689565	-0.0455303615931	0.00899543213166	0.00206541544808	0.00967377092363
k__Bacteria;p__Bacteroidetes;c__Bacteroidia;o__Bacteroidales;f__Bacteroidaceae;g__Bacteroides;s__Bacteroides_cellulosilyticus	-0.0220308193655	-0.0429056507614	-0.0200937959522	-0.0200399686912	0.00175911979926	0.00795061337665	-0.0292200701369	0.0293191882789	0.0212964139769	-0.0140889114409	0.00245572403423	0.0255811142172	1.0	0.0153467574847	0.0334407820948	-0.0349783344657	0.00259397397719	-0.0177127438113	-0.0263246004534	0.00469264692464	0.0515715134008	0.0266799661268	-0.021579440874	0.00037306786347	-0.0625927540079	-0.0699377196128	-0.0322499190507	-0.0464729206392	0.0535836525991	-0.0319639447092	0.00724239760062	0.0157076929493	-0.0107004711111	-0.055489410948	-0.0209078657265	-0.02814221664	-0.0288886055644	-0.0106860585598	-0.023077758113	0.04380670064	-0.0419331027653	-0.0440238128439	0.0290875426672	-0.0410306827518	0.0117645535878	0.0069222883557	0.0458498851301	0.0180417298603	-0.0470426191871	-0.0406197928411	-0.0320063442564	-0.0139664606043	0.00780300473739	0.00330192080963	-0.00413261281617	0.00728046960367	-0.0245852794165	-0.00804394173731	-0.0283241177921
k__Bacteria;p__Bacteroidetes;c__Bacteroidia;o__Bacteroidales;f__Rikenellaceae;g__Alistipes;s__Alistipes_obesi	0.0195259853075	-0.0589314947399	-0.0373123099416	-0.0841787159708	-0.0102988948197	0.0369820987027	0.0571578464273	0.0170951524973	-0.00654179405224	-0.00357132502276	-0.00416453366485	-0.0411374878086	0.0153467574847	1.0	0.00407817250921	-0.0251071186655	-0.0192927270298	0.0411372830743	-0.0169001606899	0.0139118047873	0.00398691650869	-0.0135092525133	-0.0387000532322	0.03727877138	-0.0107630388693	0.0367685540138	-0.000516731191243	-0.000609312360722	-0.00630231229962	0.0148479212743	0.0525244157578	0.0658505336226	-0.04100937148	-0.0563753483451	-0.0241878138694	-0.013298042684	-0.0268551261742	-0.00459985651194	-0.0391539121662	0.0197289141209	-0.0333328169558	0.0052999153144	-0.0576546582752	-0.0300400617188	-0.0384639649457	-0.0394566003053	0.0237851577923	-0.0441463890288	-0.0210738385934	0.0734372074751	-0.023798592137	0.0455405240893	0.0212223849201	-0.043170896294	-0.00920421200312	-0.0174293674214	0.0289461127272	-0.0580381186307	-0.0248901520051
k__Bacteria;p__Firmicutes;c__Clostridia;o__Clostridiales;f__Lachnospiraceae;g__;s__[Eubacterium]_rectale	0.0119827958244	-0.0444795189228	0.00604697853066	-0.0802613062676	0.00594477393223	-0.0306696274178	0.040476732644	-0.0407243699506	0.0421857622362	0.00162623134054	-0.0434342712774	0.0480347669668	0.0334407820948	0.00407817250921	1.0	-0.0254267038606	-0.0528284163234	-0.0271968848004	-0.00495025155688	-0.0754055037129	0.00410460355894	0.0421131127506	-0.000586994013397	0.0178818933611	0.0391832480521	0.0212472133154	0.00670723344154	0.00500504014923	0.0318245805323	-0.0537659758112	0.00976590128068	-0.0154342899633	0.0323270226213	-0.0354711435296	0.0179713470956	-0.0144858455868	0.0539531772449	-0.0315853318498	-0.0466090760058	0.0073097147228	0.0220885643647	-0.0317567237523	-0.0158830756359	-0.0713592174902	0.00936693708701	-0.0517059426725	0.0281616907147	-0.0557741754158	-0.0145271730428	0.0316123078122	0.0635860311478	0.0557323437085	-0.0401201550211	-0.00940760536672	-0.0817426572304	-0.00194854525422	-0.0616092695265	-0.0321620070526	0.00583000564736
k__Bacteria;p__Bacteroidetes;c__Bacteroidia;o__Bacteroidales;f__Bacteroidaceae;g__Bacteroides;s__Bacteroides_plebeius	-0.047820252554	0.0363620873964	-0.0982700434087	0.0388112632905	0.0226804362179	-0.0373653429882	0.0246087826032	-0.0019633591256	0.00367940129043	0.0282781521221	0.031590368268	-0.0373224558562	-0.0349783344657	-0.0251071186655	-0.0254267038606	1.0	-0.0173526300556	-0.00317219266646	-0.00140360593286	-0.0016885552879	-0.0647954007015	0.0285812263395	-0.0144222396099	-0.00389381900023	0.00554187408285	0.0299968128682	0.00676109463032	-0.0285571166628	-0.0498588320117	-0.0120889823887	0.0268415131883	0.00187961892384	-0.07656990941	0.0756859389497	-0.0394922385347	-0.0195766340398	-0.0933743660227	0.00543669445966	0.055509803962	-0.0208843489873	0.00624886753926	0.0393360640248	0.0362938946165	-0.0710500582611	0.00182922041045	-0.0055733735977	-0.0539511470836	0.0274292065357	0.034129242254	-0.0252081421203	-0.0256066472954	-0.0422294219695	-0.0257170435253	-0.0309042515884	0.0209280933429	0.0361349421155	-0.0348390167706	0.0461610241146	-0.0362575431949
k__Bacteria;p__Bacteroidetes;c__Bacteroidia;o__Bacteroidales;f__Bacteroidaceae;g__Bacteroides;s__Bacteroides_fragilis	-0.0529663798104	-0.0509356843151	-0.0027785232845	-0.0191851514438	0.00971408532935	0.0061089237239	-0.0145630398362	-0.0224193210892	-0.0497664924568	0.0129370087707	0.0470544981344	-0.0391833096517	0.00259397397719	-0.0192927270298	-0.0528284163234	-0.0173526300556	1.0	0.0136979029494	0.030053876854	-0.0363955731406	-0.0524633086004	-0.0747724767071	-0.0251113017634	-0.0445641896139	0.0143516763406	0.00871117371313	-0.0106551161742	-0.016450817286	-0.00790566978611	-0.0287822829716	-0.0334313577122	-0.0107886814389	-0.00180706999379	-0.0105540997525	-0.0193819103036	0.0175962454557	-0.0689550141966	0.0500483273685	0.0104365388076	0.0137397208665	-0.0486433218488	0.0241832328098	-0.000158819934288	0.00475698627722	0.00505290785501	0.0110170023357	0.0104388933987	0.0631725880725	0.0299199584318	-0.0411481011725	-0.0272156281394	0.0103868017752	0.0306120688512	0.0343593567253	0.0182872173165	0.0175173710468	0.00804322960815	0.00798499496575	-0.0207472934349
k__Bacteria;p__Proteobacteria;c__Betaproteobacteria;o__Burkholderiales;f__Sutterellaceae;g__Sutterella;s__Sutterella_wadsworthensis	0.0135959491751	0.0289065095262	-0.0325784846884	0.0367163658726	-0.0202985490618	-0.0395364216517	0.0281717453293	0.0130175448041	0.0307096651508	-0.0236136803096	0.028328237155	-0.000814578887147	-0.0177127438113	0.0411372830743	-0.0271968848004	-0.00317219266646	0.0136979029494	1.0	-0.00587627373205	-0.0120490176017	0.0180633208205	0.0330491414093	0.0164191346233	-0.0171104064311	-0.0192856892336	-0.0395420237319	-0.0795203630988	0.0476418528996	-0.0106823861861	-0.08132018615	0.030856106805	-0.00215874645286	0.0151438343783	-0.0255496022416	-0.0477331121368	0.000981245572849	-0.0220139812298	0.00173667442758	0.0465997881123	-0.0194320604255	-0.0290401089092	0.0330967380486	0.030415525751	0.00203536753979	-0.00975190819842	0.0101931797477	-0.0155273911397	-0.037455038126	-0.0369608027642	0.0279152901424	0.0532727931047	-0.0602300075215	-0.0647268692311	-0.0064597098874	-0.00280589220631	-0.0480919729914	0.0148083608997	0.0071770013575	-0.0834257384575
k__Bacteria;p__Bacteroidetes;c__Bacteroidia;o__Bacteroidales;f__Porphyromonadaceae;g__Barnesiella;s__Barnesiella_intestinihominis	0.0445248929947	-0.0147632660829	-0.0165865736319	0.0145449070669	0.044362204704	-0.0514753396113	-0.00420080668085	-0.0695042538294	0.0497113704841	0.0603437717655	-0.034758380256	0.0372559369078	-0.0263246004534	-0.0169001606899	-0.00495025155688	-0.00140360593286	0.030053876854	-0.00587627373205	1.0	0.0400490910721	-0.0410634639914	-0.0324065755895	-0.00103814072532	0.000686843346378	-0.0664702225236	-0.00500143292751	0.0155962800525	0.0346903928036	-0.0510589570962	0.0131391048671	0.00161846860471	-0.0504160321976	0.0151823451819	-0.0126818802208	-0.00789209014366	-0.00066442796727	0.0408347140233	-0.0909948575687	-0.0349630005399	-0.0541023824345	-0.0448078371958	-0.0363030141394	0.01362761363	0.0488407637345	-0.0510513367727	-0.03327646428	0.0237055764003	0.0363523776704	0.0378656775231	-0.0133672877218	0.0395483743374	0.0122279706681	-0.0299717441297	-0.012636141511	-0.0287495732596	-0.0452583869199	0.01168004674	0.000895690545187	-0.0603647567736
k__Bacteria;p__Bacteroidetes;c__Bacteroidia;o__Bacteroidales;f__Odoribacteraceae;g__Odoribacter;s__Odoribacter_splanchnicus	-0.00140118937995	4.83034243948e-05	-0.0650128259018	0.0170069275662	0.0439512023152	0.00299428772047	0.0440881847651	-0.042268568701	0.0347338568258	-0.0352483982352	0.0204672421295	-0.0470207005668	0.00469264692464	0.0139118047873	-0.0754055037129	-0.0016885552879	-0.0363955731406	-0.0120490176017	0.0400490910721	1.0	0.0177162468358	-0.0473875803474	-0.0207779153473	0.0171656295868	-0.0324992649475	-0.0284346774051	-0.0501016589047	-0.0220080427058	0.02043656058	-0.00112450295711	-0.0082906846757	-0.0474989946295	-0.065008459038	-0.0401473707168	0.00124365750135	0.00247907453399	-0.0347625922402	-0.0174788672645	0.00485018225737	0.0689834400264	0.0165434259923	-0.0815698203289	0.0470365909004	-0.0523339861885	-0.0413778703432	-0.00777700816489	-0.0227353955946	0.0253409675996	0.0497523727349	-0.00693370480823	0.0530449397071	-0.00223434877631	0.0396600175587	0.00500019057603	0.0217299937656	0.0086662465386	-0.0357156167385	-0.00468075859864	0.0222967252733
k__Bacteria;p__Bacteroidetes;c__Bacteroidia;o__Bacteroidales;f__Bacteroidaceae;g__Bacteroides;s__Bacteroides_salyersiae	0.00992223296519	0.0386880886509	-0.0266355070029	-0.0402388620539	0.0174269500721	-0.0534904374807	-0.0360560299447	0.00921498953807	-0.0429673135102	0.00584452995397	-0.0371586294648	0.0260285243359	0.0515715134008	0.00398691650869	0.00410460355894	-0.0647954007015	-0.0524633086004	0.0180633208205	-0.0410634639914	0.0177162468358	1.0	-0.0476625273094	0.033893584216	0.043972810428	0.030527783437	0.0326860969915	-0.0204690636921	-0.0159948624915	-0.0276351182099	-0.0086081002104	0.00454667930567	0.0104183951149	-0.0230412910202	0.0347779073186	0.0168603512504	-0.0377524327207	-0.0210520981644	-0.00203153852632	0.0313792087275	-0.0146323889119	-0.000132727915875	-0.0221961039209	0.0122228115609	-0.00227295758195	0.0455237086108	-0.0335328662901	0.0376668423915	0.0145396066149	-0.077205475359	0.0829264036389	0.0453473697562	-0.0363141805856	0.0233887960154	-0.00514484750371	-0.0348358607267	-0.0286477632586	-0.0103771012092	-0.0312706265245	-0.0100116802784
k__Bacteria;p__Firmicutes;c__Clostridia;o__Clostridiales;f__Ruminococcaceae;g__Ruminiclostridium;s__[Eubacterium]_siraeum	-0.0638347876344	0.0111724284064	-0.0627177484344	0.0194629398769	-0.0464128139419	-0.0144215212991	0.0111312758164	0.0353219969742	-0.00157874350815	-0.0112526781217	-0.0263404654077	0.0404532408292	0.0266799661268	-0.0135092525133	0.0421131127506	0.0285812263395	-0.0747724767071	0.0330491414093	-0.0324065755895	-0.0473875803474	-0.0476625273094	1.0	-0.0392215518203	-0.0140696598919	0.00800944048585	-0.0267711160511	-0.0515841746285	0.0142686323618	0.0107898675455	0.00240305281286	-0.0339253683889	-0.0497521081286	0.00920675960518	-0.00733642091861	-0.0231252934757	0.00451683739141	0.015909082631	-0.017995069828	0.00108330669034	0.0318474868197	0.0399515758916	-0.000604626815778	-0.00308301886023	-0.0479461271762	-0.00756916520681	-0.0237797892573	0.0368619046299	0.0224273615905	0.0238563455557	0.0257323008879	-0.0264481689538	0.0509523870104	-0.0555087638354	0.0168131042562	-0.019692505722	0.0381393722061	0.0288889794088	0.0191020215149	-0.0143560047231
k__Bacteria;p__Proteobacteria;c__Betaproteobacteria;o__Burkholderiales;f__Sutterellaceae;g__Parasutterella;s__Parasutterella_excrementihominis	0.0279404963907	0.0634785109076	-0.0318995801249	-0.0309196041806	0.0466136650339	-0.00724046830186	-0.0396369315164	0.06449533544	-0.0222916877488	-0.0371782243652	-0.0251102112836	0.007548915199	-0.021579440874	-0.0387000532322	-0.000586994013397	-0.0144222396099	-0.0251113017634	0.0164191346233	-0.00103814072532	-0.0207779153473	0.033893584216	-0.0392215518203	1.0	-0.0599653269867	-0.0120566767193	0.0298837359221	0.030628636559	-0.00903318779175	-0.00781943376551	-0.021845937635	-0.0152013513387	-0.047198386975	-0.0385938801984	0.03310475196	-0.0184737121459	-0.0295319283545	-0.00172011839655	0.0500469671387	0.0376398108991	-0.0251258938478	-0.0129476496074	0.0145654478218	0.00347824316981	0.0604054594522	0.0337201941689	-0.0111884500296	0.00648975188957	-0.0409221282083	0.0246813620726	-0.0032611061138	0.0476874865758	-0.0273426241825	-0.0255164834396	0.0585539905884	0.0383627910208	-0.0350176235287	-0.0139674709749	-0.0188201153967	-0.0495865734826
k__Bacteria;p__Actinobacteria;c__Actinobacteria;o__Bifidobacteriales;f__Bifidobacteriaceae;g__Bifidobacterium;s__Bifidobacterium_adolescentis	0.0337842714146	0.00467037686173	0.0340051345876	-0.0321038662476	-0.0143141011954	0.0096390557812	-0.039871810984	-0.0308138978868	0.0124466901822	0.0619476698506	0.0198747991127	-0.00466016919465	0.00037306786347	0.03727877138	0.0178818933611	-0.00389381900023	-0.0445641896139	-0.0171104064311	0.000686843346378	0.0171656295868	0.043972810428	-0.0140696598919	-0.0599653269867	1.0	-0.0256989278333	-0.0138581286551	-0.0290754017095	-0.00985485751484	-0.0126010190383	0.0322438795757	-0.00642198604621	-0.0232104643146	-0.113923214061	0.078872870797	0.0277868996488	0.0214842098067	-0.0124009042547	-0.0147068075976	-0.0313913879503	-0.00804592204106	-0.0370930338806	-0.0324687620327	-0.0257922085313	0.00422784580304	-0.0137796147721	-0.0106522599241	0.0154129877975	-0.0273477467866	0.00688110067748	-0.0355503496164	0.032518690308	0.0315419021214	0.0109533904128	-0.0407698091705	0.0099740622093	-0.0155273988919	-0.000731116111443	-0.00768030855584	0.0478012010132
k__Bacteria;p__Firmicutes;c__Clostridia;o__Clostridiales;f__Oscillospiraceae;g__Oscillibacter;s__Oscillibacter_sp._KLE_1745	0.00117157449172	0.0285040535919	-0.0288657192316	-0.0264770336937	0.0487247509884	0.0162085784495	-0.0194108058579	-0.0302877955903	-0.00182460128092	-0.0145282584753	-0.0363248682763	0.0229114130084	-0.0625927540079	-0.0107630388693	0.0391832480521	0.00554187408285	0.0143516763406	-0.0192856892336	-0.0664702225236	-0.0324992649475	0.030527783437	0.00800944048585	-0.0120566767193	-0.0256989278333	1.0	0.0164525377636	0.0181282055195	-0.0128276194231	0.0167543724035	-0.0225169104383	0.024255016171	-0.0412935651447	-0.0030877669378	-0.0889808659871	0.0218840241058	0.0393845886568	0.000315432942584	-0.0798586682901	-0.00490827473226	-0.0185217385629	-0.0163607351847	-0.00617224670701	-0.0120369590679	-0.00701670296772	-0.0267060942978	0.000249673725644	-0.0296848443382	0.034397035814	-0.0242071400913	0.0513226670017	-0.0536170870483	-0.0148699383439	-0.0348817481287	-0.0389923641205	0.00430209616571	-0.0152175201698	0.028788341116	0.0367110660764	-0.0122417944237
k__Bacteria;p__Bacteroidetes;c__Bacteroidia;o__Bacteroidales;f__Bacteroidaceae;g__Bacteroides;s__Bacteroides_coprophilus	-0.0167129552907	-0.00480675223907	-0.0414217564401	-0.0159527011432	-0.00780502328352	0.0102083805691	-0.00786541250208	-0.0197724189623	-0.038124344049	0.0406002840562	0.0594097001659	-0.00957358882897	-0.0699377196128	0.0367685540138	0.0212472133154	0.0299968128682	0.00871117371313	-0.0395420237319	-0.00500143292751	-0.0284346774051	0.0326860969915	-0.0267711160511	0.0298837359221	-0.0138581286551	0.0164525377636	1.0	-0.016109389919	-0.0255473357079	-0.0510183838272	-0.0128141990109	0.0131276933398	-0.0281399532978	0.0274324468278	0.0371180334517	0.0346133116501	0.00865241450229	0.0358227462617	0.0292824306083	0.0155080721836	0.00341012614697	0.026519443762	-0.0109610317382	-0.00122735996376	-0.0615498881664	-0.0340170747004	-0.019744368287	-0.0600224935878	-0.00465610311685	-0.067651308045	0.0191924752249	-0.00780243882429	-0.0219132772607	-0.00714490005345	-0.00487105339983	-0.024277851511	0.0187447842449	-0.0280189138893	0.0216533812139	0.0310948249161
k__Bacteria;p__Firmicutes;c__Clostridia;o__Clostridiales;f__Lachnospiraceae;g__Roseburia;s__Roseburia_intestinalis	-0.0276973476885	-0.0636039113314	-0.0317583509392	0.0107307929831	-0.070699146492	-0.0393924575968	0.00872010379754	0.0120645830606	0.0215563003918	-0.055551722456	0.00153491748047	-0.0182224756725	-0.0322499190507	-0.000516731191243	0.00670723344154	0.00676109463032	-0.0106551161742	-0.0795203630988	0.0155962800525	-0.0501016589047	-0.0204690636921	-0.0515841746285	0.030628636559	-0.0290754017095	0.0181282055195	-0.016109389919	1.0	-0.00812112192016	0.0149314137029	0.0387563238889	0.069159365616	0.0101880967028	-0.0171591902531	-0.0268050023347	0.0297223533036	-0.0639836418086	-0.0449952076727	0.0585853984643	-0.0121784235854	-0.0394506652131	-0.0155042141853	0.00397242670287	-0.00296985515055	-0.0096069089663	0.0261858468013	-0.0176541881666	0.0167075076259	0.0104955545926	0.00185413127243	0.0209267077606	-0.00858499037477	-0.0297498924199	-0.0270884646915	-0.0572310071164	-0.0219538003696	0.0287657872462	0.0274117823666	0.0224869863258	0.0208092576331
k__Bacteria;p__Firmicutes;c__Clostridia;o__Clostridiales;f__Lachnospiraceae;g__Roseburia;s__Roseburia_hominis	-0.042086015119	-0.0538307213538	-0.0108496832201	-0.0102074625652	-0.0333729792154	-0.00664407410544	-0.0676043456916	0.0695565652036	0.00446785836563	-0.050377016109	-0.0250147886372	-0.0183770788134	-0.0464729206392	-0.000609312360722	0.00500504014923	-0.0285571166628	-0.016450817286	0.0476418528996	0.0346903928036	-0.0220080427058	-0.0159948624915	0.0142686323618	-0.00903318779175	-0.00985485751484	-0.0128276194231	-0.0255473357079	-0.00812112192016	1.0	-0.0140773370127	0.0418123563035	-0.0424130922844	-0.042419529993	0.0503196386884	-0.0626211158793	-0.00858109574329	0.0191774069091	-0.00793491755187	0.00799268869076	0.047988608751	-0.0410412115437	-0.0768463751921	-0.0550987091622	-0.0211139957038	0.0184676629426	-0.0548610703641	0.0258269044763	-0.0261020220781	-0.0140745841512	-0.0237317478292	0.00159685314429	0.0114440224822	0.0420144548675	0.022937782156	-0.0394219506733	-0.0212917118313	0.0304418887023	-0.0665563272992	0.0415181370869	0.0186688000355
k__Bacteria;p__Bacteroidetes;c__Bacteroidia;o__Bacteroidales;f__Porphyromonadaceae;g__Parabacteroides;s__Parabacteroides_johnsonii	0.0227015056654	-0.0175573563132	-0.028699965226	-0.048950688288	0.0468646004937	-0.00497012097441	0.027543895643	-0.0681666763217	-0.0124053327947	-0.0424541906523	-0.0129370104103	0.00374397862703	0.0535836525991	-0.00630231229962	0.0318245805323	-0.0498588320117	-0.00790566978611	-0.0106823861861	-0.0510589570962	0.02043656058	-0.0276351182099	0.0107898675455	-0.00781943376551	-0.0126010190383	0.0167543724035	-0.0510183838272	0.0149314137029	-0.0140773370127	1.0	-0.0407432627039	0.0710712621821	0.0211063841904	-0.0218386408008	0.000348005783619	-0.0221483454032	-0.0326990656165	0.000243689674895	0.0328686083981	-0.00440773402012	-0.0142971061392	-0.00721509405876	-0.0173864653275	-0.0282179878905	0.0422294332143	-0.025671493016	-0.00171396836521	-0.00825521582439	0.0320948815734	-0.0264640523766	0.0213201866651	-0.0106249997068	-0.0447199874729	-0.0602777834386	-0.00772861037157	0.00791398737358	0.0162433878459	-0.0260417412445	-0.0177002794134	0.0057598457541
k__Bacteria;p__Actinobacteria;c__Actinobacteria;o__Bifidobacteriales;f__Bifidobacteriaceae;g__Bifidobacterium;s__Bifidobacterium_longum	-0.0126173425878	-0.0542242939193	-0.0438726424471	0.0404482163251	-0.0136703363582	-0.0653446280029	0.0137705914649	0.0239767615865	0.0172933924896	0.0111606594284	0.0383940447102	-0.00795346150988	-0.0319639447092	0.0148479212743	-0.0537659758112	-0.0120889823887	-0.0287822829716	-0.08132018615	0.0131391048671	-0.00112450295711	-0.0086081002104	0.00240305281286	-0.021845937635	0.0322438795757	-0.0225169104383	-0.0128141990109	0.0387563238889	0.0418123563035	-0.0407432627039	1.0	0.00131943057288	0.0214140306708	-0.0370091251024	0.0107431783545	-0.0179773390523	0.0214158034224	0.0275866366694	-0.0484735620674	0.0137842724803	0.00156556183632	-0.0206436638144	-0.0378333459067	0.0217462797536	-0.0249934032209	0.0210173909333	-0.0126266597102	-0.0182531039111	0.0767699102317	0.0554795735549	0.0404846541984	-0.0184093965199	0.0212956990083	-0.0473536289299	0.00514807690999	0.0209069729917	-0.0407603984532	0.0181542270642	0.0145258636597	-0.0767365366744
