#taxonomy	k__Bacteria;p__Bacteroidetes;c__Bacteroidia;o__Bacteroidales;f__Bacteroidaceae;g__Bacteroides;s__Bacteroides_vulgatus	k__Bacteria;p__Bacteroidetes;c__Bacteroidia;o__Bacteroidales;f__Bacteroidaceae;g__Bacteroides;s__Bacteroides_uniformis	k__Bacteria;p__Bacteroidetes;c__Bacteroidia;o__Bacteroidales;f__Rikenellaceae;g__Alistipes;s__Alistipes_putredinis	k__Bacteria;p__Bacteroidetes;c__Bacteroidia;o__Bacteroidales;f__Prevotellaceae;g__Prevotella;s__Prevotella_copri	k__Bacteria;p__Bacteroidetes;c__Bacteroidia;o__Bacteroidales;f__Bacteroidaceae;g__Bacteroides;s__Bacteroides_stercoris	k__Bacteria;p__Bacteroidetes;c__Bacteroidia;o__Bacteroidales;f__Bacteroidaceae;g__Bacteroides;s__Bacteroides_ovatus	k__Bacteria;p__Bacteroidetes;c__Bacteroidia;o__Bacteroidales;f__Rikenellaceae;g__Alistipes;s__Alistipes_shahii	k__Bacteria;p__Firmicutes;c__Clostridia;o__Clostridiales;f__Ruminococcaceae;g__Faecalibacterium;s__Faecalibacterium_prausnitzii	k__Bacteria;p__Bacteroidetes;c__Bacteroidia;o__Bacteroidales;f__Rikenellaceae;g__Alistipes;s__Alistipes_finegoldii	k__Bacteria;p__Bacteroidetes;c__Bacteroidia;o__Bacteroidales;f__Porphyromonadaceae;g__Parabacteroides;s__Parabacteroides_distasonis	k__Bacteria;p__Bacteroidetes;c__Bacteroidia;o__Bacteroidales;f__Bacteroidaceae;g__Bacteroides;s__Bacteroides_thetaiotaomicron	k__Bacteria;p__Bacteroidetes;c__Bacteroidia;o__Bacteroidales;f__Bacteroidaceae;g__Bacteroides;s__Bacteroides_coprocola	k__Bacteria;p__Bacteroidetes;c__Bacteroidia;o__Bacteroidales;f__Bacteroidaceae;g__Bacteroides;s__Bacteroides_cellulosilyticus	k__Bacteria;p__Bacteroidetes;c__Bacteroidia;o__Bacteroidales;f__Rikenellaceae;g__Alistipes;s__Alistipes_obesi	k__Bacteria;p__Firmicutes;c__Clostridia;o__Clostridiales;f__Lachnospiraceae;g__;s__[Eubacterium]_rectale	k__Bacteria;p__Bacteroidetes;c__Bacteroidia;o__Bacteroidales;f__Bacteroidaceae;g__Bacteroides;s__Bacteroides_plebeius	k__Bacteria;p__Bacteroidetes;c__Bacteroidia;o__Bacteroidales;f__Bacteroidaceae;g__Bacteroides;s__Bacteroides_fragilis	k__Bacteria;p__Proteobacteria;c__Betaproteobacteria;o__Burkholderiales;f__Sutterellaceae;g__Sutterella;s__Sutterella_wadsworthensis	k__Bacteria;p__Bacteroidetes;c__Bacteroidia;o__Bacteroidales;f__Porphyromonadaceae;g__Barnesiella;s__Barnesiella_intestinihominis	k__Bacteria;p__Bacteroidetes;c__Bacteroidia;o__Bacteroidales;f__Odoribacteraceae;g__Odoribacter;s__Odoribacter_splanchnicus	k__Bacteria;p__Bacteroidetes;c__Bacteroidia;o__Bacteroidales;f__Bacteroidaceae;g__Bacteroides;s__Bacteroides_salyersiae	k__Bacteria;p__Firmicutes;c__Clostridia;o__Clostridiales;f__Ruminococcaceae;g__Ruminiclostridium;s__[Eubacterium]_siraeum	k__Bacteria;p__Proteobacteria;c__Betaproteobacteria;o__Burkholderiales;f__Sutterellaceae;g__Parasutterella;s__Parasutterella_excrementihominis	k__Bacteria;p__Actinobacteria;c__Actinobacteria;o__Bifidobacteriales;f__Bifidobacteriaceae;g__Bifidobacterium;s__Bifidobacterium_adolescentis	k__Bacteria;p__Firmicutes;c__Clostridia;o__Clostridiales;f__Oscillospiraceae;g__Oscillibacter;s__Oscillibacter_sp._KLE_1745	k__Bacteria;p__Bacteroidetes;c__Bacteroidia;o__Bacteroidales;f__Bacteroidaceae;g__Bacteroides;s__Bacteroides_coprophilus	k__Bacteria;p__Firmicutes;c__Clostridia;o__Clostridiales;f__Lachnospiraceae;g__Roseburia;s__Roseburia_intestinalis	k__Bacteria;p__Firmicutes;c__Clostridia;o__Clostridiales;f__Lachnospiraceae;g__Roseburia;s__Roseburia_hominis	k__Bacteria;p__Bacteroidetes;c__Bacteroidia;o__Bacteroidales;f__Porphyromonadaceae;g__Parabacteroides;s__Parabacteroides_johnsonii	k__Bacteria;p__Actinobacteria;c__Actinobacteria;o__Bifidobacteriales;f__Bifidobacteriaceae;g__Bifidobacterium;s__Bifidobacterium_longum	k__Bacteria;p__Firmicutes;c__Clostridia;o__Clostridiales;f__;g__Flavonifractor;s__Flavonifractor_plautii	k__Bacteria;p__Firmicutes;c__Clostridia;o__Clostridiales;f__Clostridiaceae;g__Clostridium;s__Clostridium_phoceensis	k__Bacteria;p__Verrucomicrobia;c__Verrucomicrobiae;o__Verrucomicrobiales;f__Akkermansiaceae;g__Akkermansia;s__Akkermansia_muciniphila	k__Bacteria;p__Bacteroidetes;c__Bacteroidia;o__Bacteroidales;f__Prevotellaceae;g__Paraprevotella;s__Paraprevotella_xylaniphila	k__Bacteria;p__Firmicutes;c__Clostridia;o__Clostridiales;f__Ruminococcaceae;g__Ruminococcus;s__Ruminococcus_callidus	k__Bacteria;p__Bacteroidetes;c__Bacteroidia;o__Bacteroidales;f__Rikenellaceae;g__Alistipes;s__Alistipes_senegalensis	k__Bacteria;p__Firmicutes;c__Clostridia;o__Clostridiales;f__Lachnospiraceae;g__Blautia;s__Blautia_sp._KLE_1732	k__Bacteria;p__Bacteroidetes;c__Bacteroidia;o__Bacteroidales;f__Bacteroidaceae;g__Bacteroides;s__Bacteroides_oleiciplenus	k__Bacteria;p__Firmicutes;c__Clostridia;o__Clostridiales;f__Ruminococcaceae;g__Ruminococcus;s__Ruminococcus_bicirculans	k__Bacteria;p__Bacteroidetes;c__Bacteroidia;o__Bacteroidales;f__Bacteroidaceae;g__Bacteroides;s__Bacteroides_fluxus	k__Bacteria;p__Bacteroidetes;c__Bacteroidia;o__Bacteroidales;f__Prevotellaceae;g__Prevotella;s__Prevotella_stercorea	k__Bacteria;p__Firmicutes;c__Clostridia;o__Clostridiales;f__Lachnospiraceae;g__Dorea;s__Dorea_longicatena	k__Bacteria;p__Firmicutes;c__Clostridia;o__Clostridiales;f__Eubacteriaceae;g__Eubacterium;s__[Eubacterium]_eligens	k__Bacteria;p__Firmicutes;c__Clostridia;o__Clostridiales;f__Ruminococcaceae;g__;s__Ruminococcaceae_bacterium_D16	k__Bacteria;p__Firmicutes;c__Clostridia;o__Clostridiales;f__Lachnospiraceae;g__Coprococcus;s__Coprococcus_comes	k__Bacteria;p__Proteobacteria;c__Gammaproteobacteria;o__Enterobacterales;f__Enterobacteriaceae;g__Escherichia;s__Escherichia_coli	k__Bacteria;p__Firmicutes;c__Clostridia;o__Clostridiales;f__Ruminococcaceae;g__Anaerotruncus;s__Anaerotruncus_colihominis	k__Bacteria;p__Firmicutes;c__Clostridia;o__Clostridiales;f__Lachnospiraceae;g__Blautia;s__Blautia_obeum	k__Bacteria;p__Bacteroidetes;c__Bacteroidia;o__Bacteroidales;f__Odoribacteraceae;g__Odoribacter;s__Odoribacter_laneus	k__Bacteria;p__Firmicutes;c__Clostridia;o__Clostridiales;f__Ruminococcaceae;g__Ruminiclostridium;s__[Clostridium]_leptum	k__Bacteria;p__Bacteroidetes;c__Bacteroidia;o__Bacteroidales;f__Porphyromonadaceae;g__Parabacteroides;s__Parabacteroides_goldsteinii	k__Bacteria;p__Firmicutes;c__Clostridia;o__Clostridiales;f__Lachnospiraceae;g__Anaerostipes;s__Anaerostipes_hadrus	k__Bacteria;p__Firmicutes;c__Clostridia;o__Clostridiales;f__Ruminococcaceae;g__Ruminococcus;s__Ruminococcus_lactaris	k__Bacteria;p__Firmicutes;c__Clostridia;o__Clostridiales;f__Clostridiaceae;g__Clostridium;s__Clostridium_sp._L2-50	k__Bacteria;p__Firmicutes;c__Clostridia;o__Clostridiales;f__Clostridiaceae;g__Clostridium;s__Clostridium_sp._M62/1	k__Bacteria;p__Firmicutes;c__Clostridia;o__Clostridiales;f__;g__Intestinimonas;s__Intestinimonas_butyriciproducens	k__Bacteria;p__Actinobacteria;c__Actinobacteria;o__Bifidobacteriales;f__Bifidobacteriaceae;g__Bifidobacterium;s__Bifidobacterium_bifidum	k__Bacteria;p__Firmicutes;c__Negativicutes;o__Veillonellales;f__Veillonellaceae;g__Dialister;s__Dialister_invisus	k__Bacteria;p__Bacteroidetes;c__Bacteroidia;o__Bacteroidales;f__Bacteroidaceae;g__Bacteroides;s__Bacteroides_salanitronis
k__Bacteria;p__Bacteroidetes;c__Bacteroidia;o__Bacteroidales;f__Bacteroidaceae;g__Bacteroides;s__Bacteroides_vulgatus	1.0	0.00175734178722	-0.033508088619	0.0136455691027	-0.0192869369492	-0.00275215818419	-0.0128972914442	0.025141883693	0.010149122785	-0.0162027170188	-0.0396854883787	-0.0286742590798	-0.0343884359888	-0.00309075151686	0.0221130648197	0.0526686843632	0.0496022974052	0.0295432927606	-0.0033757080172	0.00806404372939	0.0163256343852	-0.0669734156335	0.00109223983309	0.0123876368016	0.013133176878	-0.00392769778691	0.0539424725859	-0.0442495435978	0.0452979083591	0.0180082452009	0.0410852042327	0.00276874730466	0.0144088723311	0.0381333207708	-0.0109486644239	0.0182909895829	-0.0855226208227	0.0483324927794	-0.0515389367216	-0.00669197797166	-0.0242133514863	0.0182739148055	-0.0176664387103	-0.018878530395	-0.0375232069692	-0.0802088702104	-0.0336984418437	-0.0101876780984	-0.0160654089663	-0.0484409322998	-0.057944693922	-0.0116322560251	-0.0276342449566	-0.00781363384583	-0.0097423314543	-0.0615960372141	-0.0266008735366	-0.0250310017868	-0.0313812399721
k__Bacteria;p__Bacteroidetes;c__Bacteroidia;o__Bacteroidales;f__Bacteroidaceae;g__Bacteroides;s__Bacteroides_uniformis	0.00175734178722	1.0	0.0159117893172	0.00556279878565	-0.0396222303771	-0.00327772049108	0.0062461954931	-0.0137589124017	-0.0390351285001	0.0264564856898	0.0368058039118	-0.0538862837936	-0.0407082726169	-0.0265135045472	-0.00649142585634	-0.0133107613678	-0.0146916583487	-0.0603994982753	-0.0739597157533	-0.0492248997826	0.0109195218773	-0.0380781724794	0.0482139255814	0.0284190379095	0.025114847428	-0.0236160352446	-0.0633873121194	0.00312649660248	0.0366806596579	-0.00333440233359	-0.0744312327779	-0.0167188347947	0.0152678710972	-0.0317814014507	-0.00415998396417	0.0410094617228	0.0261465756944	-0.0288442838191	0.00899322154175	-0.0374904497741	-0.00791313789962	-0.0444555306427	-0.00140726009083	-0.0199244804578	0.0389477219896	-0.0132829640207	-0.0640348989932	0.0514411313404	-0.0329538451174	0.0238756608693	-0.0330573483338	0.0114830533496	0.0194297069968	-0.00887683639079	-0.00282768886447	0.0107360981235	0.0513837405643	-0.0405020649034	0.0345398167218
k__Bacteria;p__Bacteroidetes;c__Bacteroidia;o__Bacteroidales;f__Rikenellaceae;g__Alistipes;s__Alistipes_putredinis	-0.033508088619	0.0159117893172	1.0	-0.0574660665463	-0.0400839793484	-0.000417024067715	0.0280082905397	-0.0276699894389	-0.00656998659065	0.00569855389647	0.0143277459434	0.00458776910991	-0.0278771722091	-0.0705143229113	0.0219492836714	0.00679391620053	-0.017667244282	0.0161409983088	0.0529053131619	0.00996464334983	0.00873975721195	0.0216294911308	-0.0581740387587	-0.0725553663237	-0.0426214381736	-0.000708053897602	-0.0565414590327	0.0170988415466	0.00506412893553	-0.0372053698139	-0.0215252502491	-0.0513604079741	-0.00903194589995	-0.00373251273739	-0.0489723081305	-0.0121732863449	0.00626809724537	0.00567555897717	-0.024556004974	-0.0260950014076	0.039485609315	-0.00430825578515	0.0353796630359	0.0228635315302	0.0293328110546	-0.0134953879092	-0.0455636910072	-0.026083579755	0.0109636114194	-0.0355307596438	-0.00128909322713	-0.0317910420823	-0.0220160948121	-0.00379543301367	-0.02314602163	0.0663742992585	-0.000944145920758	-0.0257040930742	-0.00857282716252
k__Bacteria;p__Bacteroidetes;c__Bacteroidia;o__Bacteroidales;f__Prevotellaceae;g__Prevotella;s__Prevotella_copri	0.0136455691027	0.00556279878565	-0.0574660665463	1.0	0.013968283984	-0.0148957912195	-0.0155606361356	-0.00551729910301	0.0422578038733	-0.000405192315855	0.0194689574563	-0.0453760862255	-0.0296698266093	-0.0151739946115	0.00389258464686	-0.00122430741639	-0.00113259439878	-0.0565798609907	0.0124085088376	0.0228565930767	0.00344734127754	-0.039339024394	-0.0222002242317	-0.0519240384686	0.0131175224946	-0.0289343153392	-0.0251136082449	-0.0216891892873	0.0370322908366	0.0510110240612	-0.00803223285087	-0.0206914293485	0.0186037094885	-0.0278168054824	-0.0113925699782	-0.0220971401338	-0.0306696447703	0.00632336804284	-0.0243951604207	0.00608970317026	-0.00985673902027	0.0397128807613	0.00281747976998	-0.0674222343387	-0.0332000928629	-0.0306173532907	0.000775347343717	0.0401069115855	-0.00606312138243	0.0175014629709	-0.0100281045788	-0.013946618064	-0.00438433576145	0.00836246471068	-0.0958350824245	-0.000560416928603	0.0345421320239	-0.00499939157421	-0.0315429088831
k__Bacteria;p__Bacteroidetes;c__Bacteroidia;o__Bacteroidales;f__Bacteroidaceae;g__Bacteroides;s__Bacteroides_stercoris	-0.0192869369492	-0.0396222303771	-0.0400839793484	0.013968283984	1.0	0.0118862667428	-0.000848986541104	0.0390799576314	-0.0288554819367	-0.0177323649492	-0.0320214805812	0.0253878181605	0.0322365441007	-0.00666955217416	-0.0426413585833	-0.0808322050281	0.0324696960677	0.0317832915852	0.00389548846192	-0.0409595817453	-0.0494519395742	-0.0425502582067	-0.0177090824569	0.061946663078	0.0415385192306	0.0255159190197	0.0179659906437	0.0135287418233	0.00712537438488	0.000141168570642	-0.0327920783042	0.0154067798107	0.0585313371609	-0.0945897987772	-0.0257723806133	-0.00118625274119	0.0121075457071	-0.0555392314327	-0.0160176914347	0.0492361242545	0.0202896292757	-0.00173072603218	0.0202681285296	-0.0272745208417	-0.0135963259017	-0.0451815662045	-0.0131137662512	-0.0133360603446	0.00854391074475	0.00973045190217	-0.0245822637616	-0.0675401722068	0.0123950441845	-0.0232673288627	-0.0219490692984	-0.056169295072	0.0253748835456	0.0115350328668	0.00598675834481
k__Bacteria;p__Bacteroidetes;c__Bacteroidia;o__Bacteroidales;f__Bacteroidaceae;g__Bacteroides;s__Bacteroides_ovatus	-0.0027521581842	-0.00327772049108	-0.000417024067715	-0.0148957912195	0.0118862667428	1.0	0.0264482202853	0.0147889680413	-0.100783425322	0.038478196386	0.0371962956017	-0.0313133472348	0.0317552801353	-0.0142740145158	0.0529297678318	-0.00966816077003	-0.0466653420714	-0.0267608394941	0.0250723789635	0.0104578374199	-0.0756310490071	0.0499733764864	-0.0527843677653	-0.00340401143557	-0.0434597456699	-0.0103150324511	-0.0221265512005	-0.0222737730856	-0.00924304764158	-0.0229480932326	-0.0153118954975	0.0153602468167	-0.00682654326169	-0.0475113675166	-0.0447422328737	-0.0849884584934	-0.00932998459663	0.0189143331801	-0.0432775863924	-0.00868928029907	0.0120296576038	0.0373516666501	-0.0201126018889	0.0216239068252	-0.0375261527375	-0.00591754238578	0.0302108998261	0.0291837576023	-0.0630275963733	0.000936576043364	0.0212843870612	-0.0401939883409	-0.00300286847714	-0.011565690874	0.0173565345109	0.0210383015988	-0.0392932106872	-0.0428497053888	0.0338798319684
k__Bacteria;p__Bacteroidetes;c__Bacteroidia;o__Bacteroidales;f__Rikenellaceae;g__Alistipes;s__Alistipes_shahii	-0.0128972914442	0.0062461954931	0.0280082905397	-0.0155606361356	-0.000848986541104	0.0264482202853	1.0	-0.0100125832885	-0.0279778610069	-0.00978376715041	-0.0473622443295	0.0234381469719	0.0220341335347	0.0202435096315	-0.034506350702	-0.0830344220507	-0.0186728048893	0.0588183167973	-0.0213962135699	-0.0117183870581	-0.00921719936621	0.00817741827778	0.0402107183087	0.0158798177143	-0.0371229775975	0.0172112434535	0.00241496854509	-0.0197534589252	-0.0237682018707	0.0182272696941	-0.0506125945364	-0.0396204606975	0.00107221399818	-0.0425698219995	0.0422709374872	-0.0393128507017	0.0143819293082	-0.0452866400351	0.00065599276769	0.0360473284656	-0.0220744842934	0.026269961903	0.00228531539143	0.00809402399086	0.0146084811738	0.000299060959314	-0.0111310985024	-0.0524951272745	0.0939885248131	0.0496389531541	-0.0811760712332	-4.56762872813e-05	-0.00520922301837	-0.0376972733725	-0.0253113868615	-0.0344776705976	0.0265530628141	-0.0240769366953	0.0313292963601
k__Bacteria;p__Firmicutes;c__Clostridia;o__Clostridiales;f__Ruminococcaceae;g__Faecalibacterium;s__Faecalibacterium_prausnitzii	0.025141883693	-0.0137589124017	-0.0276699894389	-0.00551729910301	0.0390799576314	0.0147889680413	-0.0100125832885	1.0	-0.0104038837697	-0.00925808229715	-0.0513846304024	-0.072760000546	-0.0345906628452	-0.00774196206622	0.0114363847353	-0.0282200549702	-0.0516198449394	0.0269533483009	-0.0877999860118	-0.0242470603422	-0.0384342370327	-0.092983114189	0.00277948220481	0.0304577572212	-0.0271341861444	0.0303282805557	0.0297087125313	0.00716166560405	0.000606039474151	-0.00771061711194	-0.0641954586794	-0.00869716934767	-0.0149659840446	0.0257986815018	-0.0345708956953	-0.00910921610793	-0.0366605571771	0.034382031312	0.00609299015327	-0.0176841339985	0.000845057788226	-0.000478070624264	-0.0138164625688	-0.0319756479369	0.0424756649019	-0.0251712671958	-0.0460949458726	-0.023437079838	0.0148843575187	0.018898200137	-0.0287878824721	-0.0103841330281	0.029953664451	0.053972796516	-0.0114339365707	0.00185743681518	0.0444549799352	-0.0423899420574	0.0268684357296
k__Bacteria;p__Bacteroidetes;c__Bacteroidia;o__Bacteroidales;f__Rikenellaceae;g__Alistipes;s__Alistipes_finegoldii	0.010149122785	-0.0390351285001	-0.00656998659065	0.0422578038733	-0.0288554819367	-0.100783425322	-0.0279778610069	-0.0104038837697	1.0	0.0118011003915	-0.0149467453105	-0.0635287263542	0.00667408716058	0.000456927840976	-0.036892966363	0.0535169138243	-0.000561287622735	0.024433937424	0.00413553190083	-0.0321578416	0.0229465299862	0.0356471337251	0.00969578417118	-0.000468991029623	-0.0592273086182	-0.0316309262679	-0.0877479680455	-0.00759652244399	0.0271059324561	-0.0166329987886	-0.0171186987982	0.070865945287	0.00867587426008	-0.00524663474633	-0.00614268714327	0.0103976387984	-0.0026079852042	-0.0303377053027	0.0379736561359	-0.0268743365244	-0.07056944678	0.00304605789288	0.0485907583767	-0.0464083239099	0.0235655019634	-0.0174561512673	-0.00287456776332	-0.0148277706904	-0.0349674260761	0.0468830674675	-0.00221953762877	-0.0315452525981	-0.00269675460375	-0.038238477266	-0.00980277701714	-0.0244126666194	0.0763353231772	-0.0432491007662	-0.0208245294883
k__Bacteria;p__Bacteroidetes;c__Bacteroidia;o__Bacteroidales;f__Porphyromonadaceae;g__Parabacteroides;s__Parabacteroides_distasonis	-0.0162027170188	0.0264564856898	0.00569855389647	-0.000405192315855	-0.0177323649492	0.038478196386	-0.00978376715041	-0.00925808229715	0.0118011003915	1.0	-0.0590459035985	0.0511896034651	0.03496014861	-0.0173684093438	-0.000210382129883	0.0109742491778	-0.00612534627002	-0.0439884670459	0.0186181134313	0.0641949286743	-0.0384633655193	-0.045246988403	-0.0269416206476	0.0167536163368	-0.0153974545141	-0.0176459175206	-0.0112179444618	0.0130741459106	-0.01236086681	0.0261255388343	0.0441400482574	-0.0230139621802	0.0270333031706	-0.049043933804	-0.0297101373297	-0.0637166921902	-0.0498267342405	-0.0644044351228	0.00444917054502	-0.00494923490837	-0.0451448841255	-0.00642193383722	-0.0332608485577	0.0317031165865	-0.0147438275963	-0.0194548404167	-0.0269033303412	0.00933979109163	0.0127493589407	-0.000257291722449	-0.0283222584396	-0.00305573285345	0.0111068475199	0.0192139373159	-0.0195205955654	-0.0539266060151	-0.0349989849431	0.01105828887	-0.0227136449049
k__Bacteria;p__Bacteroidetes;c__Bacteroidia;o__Bacteroidales;f__Bacteroidaceae;g__Bacteroides;s__Bacteroides_thetaiotaomicron	-0.0396854883787	0.0368058039118	0.0143277459434	0.0194689574563	-0.0320214805812	0.0371962956017	-0.0473622443295	-0.0513846304024	-0.0149467453105	-0.0590459035985	1.0	0.00381576242784	-0.00724532065095	0.0238740800353	-0.0148367006749	0.00907811482488	0.050360173697	0.00948613807933	-0.0218939153607	0.0625317391635	-0.069124722557	-0.020284579147	0.00826390251816	0.0417536865423	0.0375513643754	0.0379862196951	0.0196220726211	0.0283639084259	-0.00778542229853	-0.10273793265	0.000768227605103	0.0571342654948	-0.0275473600155	-0.00627734048144	0.0137687081379	0.007469305169	-0.0023175808922	-0.0211322246937	0.00706063494638	-0.069293526191	0.0603932059092	-0.0261705547546	-0.00852188945683	0.00625349845277	-0.025507019424	0.0132797994279	-0.0208799844052	-0.0214678144585	-0.0260175752165	-0.0241975564177	0.00282359527423	-0.0355757607645	0.0276823362932	0.0110341992195	0.0195287196484	0.0583051011946	-0.0286957143721	-0.00991327449061	-0.0197249810668
k__Bacteria;p__Bacteroidetes;c__Bacteroidia;o__Bacteroidales;f__Bacteroidaceae;g__Bacteroides;s__Bacteroides_coprocola	-0.0286742590798	-0.0538862837936	0.00458776910991	-0.0453760862255	0.0253878181605	-0.0313133472348	0.0234381469719	-0.072760000546	-0.0635287263542	0.0511896034651	0.00381576242784	1.0	-0.0370239793128	0.00374208761748	0.00927107708558	-0.0484829428422	-0.0201411787834	0.00491319315266	-0.0221089612993	0.0472712710978	0.0237569651359	-0.0199223465639	0.0229818521058	-0.0685803084604	0.00752527518113	-0.0382157127183	-0.0155146715055	-0.0558318433671	0.00583227763523	0.0576890630866	0.00495532990866	-0.0119567845198	0.00680390625685	-0.0563741336956	0.00540102795183	-0.0593650631038	0.0290030534225	0.00096835792315	-0.0268682194987	0.0183340900887	0.0130663751134	0.00255596885278	-0.0207161744984	-0.0268258545054	0.0167707122162	-0.0267924424186	0.0175262318882	0.016439614626	0.0162382321688	-0.0040762662968	0.0165344019229	0.0307351483312	0.0639560729007	-0.0282528761908	-0.0680337639077	-0.0157267144838	-0.0240381421934	-0.0129736064108	0.0428514299905
k__Bacteria;p__Bacteroidetes;c__Bacteroidia;o__Bacteroidales;f__Bacteroidaceae;g__Bacteroides;s__Bacteroides_cellulosilyticus	-0.0343884359888	-0.0407082726169	-0.0278771722091	-0.0296698266093	0.0322365441007	0.0317552801353	0.0220341335347	-0.0345906628452	0.00667408716058	0.03496014861	-0.00724532065095	-0.0370239793128	1.0	0.00517363788874	0.00161099056526	0.0040815741286	-0.0173607489832	0.0358912990228	0.000606988113487	-0.0581206909322	0.0320436478094	-0.00137802507202	0.00217543665724	0.0517799167447	0.00448183892045	-0.0355348008563	-0.00282964333897	-0.0160063801012	0.0245428645663	-0.0486361888137	0.0175477260416	-0.0742242352008	-0.0773652528008	0.00983944349507	-0.0169404702832	-0.0137324156657	0.00642774831732	-0.0279377145048	-0.0173270162653	0.0543224191421	-0.00832434798021	-0.00297616764448	-0.0420282831249	-0.0535464164095	0.0321421508174	-0.0489088245269	0.00522544719298	-0.0126612831343	-0.0132924004792	-0.0444405849894	-0.01793257563	0.0136433660463	-0.0216189797782	0.0246408449956	0.00432447761404	0.0517751070764	0.025884306541	-0.00381652475364	0.0216002552311
k__Bacteria;p__Bacteroidetes;c__Bacteroidia;o__Bacteroidales;f__Rikenellaceae;g__Alistipes;s__Alistipes_obesi	-0.00309075151686	-0.0265135045472	-0.0705143229113	-0.0151739946115	-0.00666955217416	-0.0142740145158	0.0202435096315	-0.00774196206622	0.000456927840976	-0.0173684093438	0.0238740800353	0.00374208761748	0.00517363788874	1.0	-0.0311983905626	-0.0253111465576	-0.010556610871	-0.0185292382119	-0.0324401617198	0.00109472156148	-0.0166046645712	-0.0116956807777	-0.0473697283019	0.0181645027259	0.0944270667917	0.0161489366911	0.00349154195996	-0.0179948254845	-0.0482372887772	-0.017483521848	0.0177190498349	0.0248031071421	-0.0139462101886	-0.0577876426163	-0.0326031962017	0.0353506031667	0.0156545035665	0.0222787614878	0.0417838228421	0.038110811057	0.0101221677485	-0.0433708181941	-0.0352380458658	-0.000472799702097	0.0110503196793	-0.068421594405	0.0658547894657	0.0273295346036	0.0199072866021	-0.0227207262491	-0.0157777099515	-0.0273907360798	8.29576154375e-05	-0.0153968705307	-0.00671346212104	-0.092536249819	-0.0033634235059	-0.00205616150028	0.0215647340201
k__Bacteria;p__Firmicutes;c__Clostridia;o__Clostridiales;f__Lachnospiraceae;g__;s__[Eubacterium]_rectale	0.0221130648197	-0.00649142585634	0.0219492836714	0.00389258464686	-0.0426413585833	0.0529297678318	-0.034506350702	0.0114363847353	-0.036892966363	-0.000210382129883	-0.0148367006749	0.00927107708558	0.00161099056526	-0.0311983905626	1.0	0.00965374815552	-0.00497317121859	-0.0219260749872	0.0346402820328	0.0247337338389	0.0227089717732	-0.00881397808126	-0.0470171016796	-0.0613921246307	-0.0404672724583	-0.0597185170192	-0.0363868385139	-0.0480414462882	0.0182658665106	-0.0024231918835	-0.0165372752888	-0.0117862092664	-0.0036484373088	-0.0156849048074	0.0389827854807	0.0148790355031	0.00388274256026	-0.0334763720875	-0.0197819814793	0.00538956944147	0.0210941310811	0.0144527984249	-0.0449915293483	-0.0163168088699	-0.0678514515845	0.00932060905197	0.0224161381707	0.0474116764851	0.00335144165828	-0.00768194717873	-0.02213923692	-0.046834473247	0.0246573107299	0.0171213382516	0.00985805598005	0.0169825032765	-0.015786593227	-0.0184788171331	-0.0283890140731
k__Bacteria;p__Bacteroidetes;c__Bacteroidia;o__Bacteroidales;f__Bacteroidaceae;g__Bacteroides;s__Bacteroides_plebeius	0.0526686843632	-0.0133107613678	0.00679391620053	-0.00122430741639	-0.0808322050281	-0.00966816077003	-0.0830344220507	-0.0282200549702	0.0535169138243	0.0109742491778	0.00907811482488	-0.0484829428422	0.0040815741286	-0.0253111465576	0.00965374815552	1.0	0.043345443435	-0.0537567387745	-0.0494887959333	-0.0249209855232	0.00767139269578	-0.0709278276044	-0.0260742745251	-0.0518751693497	-0.0248009637263	-0.0507060605183	0.0238217591034	-0.0122936572055	-0.00710109660547	-0.0286357864411	-0.0368220967927	-0.0250301172821	-0.00214780986386	-0.0417430299529	-0.0167866485829	0.0479150284854	-0.00968765512094	0.0332066626368	0.0105953151383	0.0118595294893	-0.0411219242939	-0.0310074925	0.00969096541056	-0.0791818881503	-0.00137676263931	-0.0394720039582	-0.0387184887782	-0.0249902126554	-0.074184645478	0.0258477382352	-0.00351342178485	-0.0220072496287	0.0663210606444	-0.0372045915887	0.00730339452683	-0.00765412066849	-0.0105279780066	-0.0164166568354	0.046009599159
k__Bacteria;p__Bacteroidetes;c__Bacteroidia;o__Bacteroidales;f__Bacteroidaceae;g__Bacteroides;s__Bacteroides_fragilis	0.0496022974052	-0.0146916583487	-0.017667244282	-0.00113259439878	0.0324696960677	-0.0466653420714	-0.0186728048893	-0.0516198449394	-0.000561287622735	-0.00612534627002	0.050360173697	-0.0201411787834	-0.0173607489832	-0.010556610871	-0.00497317121859	0.043345443435	1.0	0.0102106582442	0.00497196446333	-0.007438989865	0.017162818309	-0.0640798867715	0.0553619133298	-0.0462340952914	0.0362266519968	-0.0322550792679	-0.0335710745578	0.0332732580366	-0.00908964485986	0.0251909353349	0.0226079551745	-0.0564805747997	-0.0694210933079	0.0273955003942	0.00779766138681	-0.0175020009237	-0.013128255581	0.00807264513944	-0.0262078834373	-0.0130237733176	0.0387227345019	0.00477505865799	-0.014534005415	0.00573568720402	0.0617085819006	-0.0428894569498	-0.0487410837266	-0.0441945361043	-0.0231179708132	0.0323099549906	-0.0126494704675	0.00781632290928	-0.0288232332496	-0.0630076052105	-0.0250083292161	-0.04605849599	-0.0389194010686	-0.00117818861215	-0.0134418721939
k__Bacteria;p__Proteobacteria;c__Betaproteobacteria;o__Burkholderiales;f__Sutterellaceae;g__Sutterella;s__Sutterella_wadsworthensis	0.0295432927606	-0.0603994982753	0.0161409983088	-0.0565798609907	0.0317832915852	-0.0267608394941	0.0588183167973	0.0269533483009	0.024433937424	-0.0439884670459	0.00948613807933	0.00491319315266	0.0358912990228	-0.0185292382119	-0.0219260749872	-0.0537567387745	0.0102106582442	1.0	-0.0194561743094	-0.0838352167149	-0.0216628841868	0.0523036891477	0.012858704945	0.00671912619968	-0.014753738767	0.0061742992487	-0.0255817755221	0.00865779661523	0.0174575352061	-0.0134505063986	-0.0392279714776	-0.0270442935035	0.0177103879256	0.0201453495585	-0.0345974758026	0.0015067221445	0.0233236929889	-0.0323033314102	0.0326708587322	-0.0248217071591	-0.0154549021681	0.0335507486505	-0.00560046601152	0.00267454125434	-0.0134919582859	-0.0390747032966	-0.045848147954	-0.0128589796709	0.0247394747535	0.00689411711203	0.000613331020812	-0.0390387067389	0.00075093188845	0.028701610335	0.0330535668712	0.0379998759768	-0.0347143442513	-0.0472100310249	-0.0153034016754
k__Bacteria;p__Bacteroidetes;c__Bacteroidia;o__Bacteroidales;f__Porphyromonadaceae;g__Barnesiella;s__Barnesiella_intestinihominis	-0.0033757080172	-0.0739597157533	0.0529053131619	0.0124085088376	0.00389548846192	0.0250723789635	-0.0213962135699	-0.0877999860118	0.00413553190083	0.0186181134313	-0.0218939153607	-0.0221089612993	0.000606988113487	-0.0324401617198	0.0346402820328	-0.0494887959333	0.00497196446333	-0.0194561743094	1.0	0.0375423827117	-0.0388804105128	0.0107681627209	-0.00785134887979	-0.0507198160655	-0.0560126678088	0.0312156492383	0.00797215413665	-0.0129150166058	0.013097158947	0.034190443897	-0.0390665260937	0.0568408896409	0.0290825357339	0.0248178057981	0.0592338058878	-0.00107983978133	-0.0487929052931	0.0487802662712	-0.0156800779904	0.00605400503671	-0.00140565423309	-0.0352602874951	-0.0305026404146	0.0362555447893	-0.0285600494728	0.0273895717606	-0.0247443803349	0.0274054839921	0.00183647937415	-0.0446334621497	-0.0214400989084	0.0438368329757	-0.00796220946572	0.0285548694869	-0.0112595832182	0.00276325261531	-0.00823671831177	-0.00968243587216	-0.0290351809041
k__Bacteria;p__Bacteroidetes;c__Bacteroidia;o__Bacteroidales;f__Odoribacteraceae;g__Odoribacter;s__Odoribacter_splanchnicus	0.00806404372939	-0.0492248997826	0.00996464334983	0.0228565930767	-0.0409595817453	0.0104578374199	-0.0117183870581	-0.0242470603422	-0.0321578416	0.0641949286743	0.0625317391635	0.0472712710978	-0.0581206909322	0.00109472156148	0.0247337338389	-0.0249209855232	-0.007438989865	-0.0838352167149	0.0375423827117	1.0	0.0511404547792	0.00784618889332	-0.0284295903457	-0.0138220965221	0.0434474963311	-0.00457173767567	-0.0197939720818	-0.014512808478	-0.0552620139834	-0.00800586166268	-0.00560853172432	0.0188064928618	0.0422172515655	-0.048531498924	0.0342962214006	0.0447916325717	0.00924137799483	-0.0378472757741	-0.00635385814445	-0.021494111389	-0.035536701093	-0.0090219416501	-0.0984844158082	0.0122634017179	-0.0394377063726	-0.0118434252156	-0.0227144052561	0.0931993845465	0.0292851423376	-0.0120702660327	-0.0327096904201	0.0123965336391	-0.00766938174605	-0.0221443667674	0.00689747484344	-0.0159473529717	0.0155521382203	-0.071767774322	-0.0549707838956
k__Bacteria;p__Bacteroidetes;c__Bacteroidia;o__Bacteroidales;f__Bacteroidaceae;g__Bacteroides;s__Bacteroides_salyersiae	0.0163256343852	0.0109195218773	0.00873975721195	0.00344734127754	-0.0494519395742	-0.0756310490071	-0.00921719936621	-0.0384342370327	0.0229465299862	-0.0384633655193	-0.069124722557	0.0237569651359	0.0320436478094	-0.0166046645712	0.0227089717732	0.00767139269578	0.017162818309	-0.0216628841868	-0.0388804105128	0.0511404547792	1.0	0.0214723252174	0.0179082140282	-0.0285790790123	-0.0322420148868	0.0114012996796	-0.0395693219375	-0.00609218737577	-0.0263326286638	-0.0377975134202	0.0228230889107	-0.018961588815	-0.0426692479349	-0.064505417575	-0.0416599337036	0.0123940193385	0.000139005836426	0.00395257940965	0.0409769426963	0.0452310838758	-0.0257445509836	-0.0145779044383	0.0265165323049	0.000984706224521	0.00423402307434	-0.0204669108693	-0.0579747205052	-0.0204280916049	0.00249100136542	-0.0129073875034	0.00236582063487	-0.0409376402871	-0.0395269300422	-0.0184500898962	0.000267803604314	-0.036728103691	0.0358886820058	-0.0275104998992	0.0153527880543
k__Bacteria;p__Firmicutes;c__Clostridia;o__Clostridiales;f__Ruminococcaceae;g__Ruminiclostridium;s__[Eubacterium]_siraeum	-0.0669734156335	-0.0380781724794	0.0216294911308	-0.039339024394	-0.0425502582067	0.0499733764864	0.00817741827778	-0.092983114189	0.0356471337251	-0.045246988403	-0.020284579147	-0.0199223465639	-0.00137802507202	-0.0116956807777	-0.00881397808126	-0.0709278276044	-0.0640798867715	0.0523036891477	0.0107681627209	0.00784618889332	0.0214723252174	1.0	-0.00495863505486	0.0388339530053	-0.0161669915128	0.00597095328143	0.0226581725072	0.00921158789694	-0.0792101176787	-0.00464681926917	-0.0183070504721	-0.0498900848592	0.0135729189998	0.027466502465	-0.0141300900667	-0.0483928477067	-0.04578882057	0.0266312366769	-0.00571649692892	-0.016808396044	-0.0289403850949	0.0266286430672	-0.00979910547486	-0.0109278873619	-0.023932401717	-0.0341024665112	0.00659735302952	-0.047377422822	0.0905800877093	-0.0087228277965	-0.0214849032385	0.0122185358116	-0.0437337093222	-0.0686615638353	-0.0124340817203	0.0080701374172	0.0731594735768	0.00445314443899	-0.0126268977887
k__Bacteria;p__Proteobacteria;c__Betaproteobacteria;o__Burkholderiales;f__Sutterellaceae;g__Parasutterella;s__Parasutterella_excrementihominis	0.00109223983309	0.0482139255814	-0.0581740387587	-0.0222002242317	-0.0177090824569	-0.0527843677653	0.0402107183087	0.00277948220481	0.00969578417118	-0.0269416206476	0.00826390251816	0.0229818521058	0.00217543665724	-0.0473697283019	-0.0470171016796	-0.0260742745251	0.0553619133298	0.012858704945	-0.00785134887979	-0.0284295903457	0.0179082140282	-0.00495863505486	1.0	-0.00771509050962	-0.0144196317096	-0.0133779864401	-0.0526902766655	-0.0147457425113	0.0210530385277	-0.00156463096509	-0.0179979915486	-0.0290318289424	-0.0168145311728	0.0163161630832	0.0215460042089	0.0128543661051	-0.00266006561204	0.0341313596357	0.0243928263541	-0.0303310641319	-0.00891459088074	-0.037142860613	-0.000564734260182	-0.0129737865051	0.00550493250882	-0.0336797039616	0.066740170927	-0.0614980769772	-0.0475140356761	-0.0128136743675	-0.0380994091488	-0.00235215831643	-0.0281125360012	-0.014772209796	-0.00691134776017	-0.0131130528674	-0.0205156309783	-0.0215497354059	-0.016498045825
k__Bacteria;p__Actinobacteria;c__Actinobacteria;o__Bifidobacteriales;f__Bifidobacteriaceae;g__Bifidobacterium;s__Bifidobacterium_adolescentis	0.0123876368016	0.0284190379095	-0.0725553663237	-0.0519240384686	0.061946663078	-0.00340401143557	0.0158798177143	0.0304577572212	-0.000468991029623	0.0167536163368	0.0417536865423	-0.0685803084604	0.0517799167447	0.0181645027259	-0.0613921246307	-0.0518751693497	-0.0462340952914	0.00671912619968	-0.0507198160655	-0.0138220965221	-0.0285790790123	0.0388339530053	-0.00771509050962	1.0	-0.0123850192131	0.0674720719833	-0.00481950144632	-0.000903589663678	-0.00693890532247	0.0203669793407	-0.026604926327	-0.100881212268	-0.0102776857489	-0.0407323485343	-0.0216352160618	-0.00270123646655	-0.0313631322105	0.0287777997422	-0.0272315829165	-0.0280938918583	-0.0497858452527	-0.0604203776569	-0.00433395109039	0.03967551909	-0.0049753199178	0.00344787522503	0.0186367815587	-0.0257011209471	-0.0349591438843	-0.00886083827575	0.0393983318387	-0.00794868002259	0.0268236241064	0.0537792214072	-0.0197672997257	-0.00361132199765	-0.0298719268814	0.0295884429955	0.0450378227406
k__Bacteria;p__Firmicutes;c__Clostridia;o__Clostridiales;f__Oscillospiraceae;g__Oscillibacter;s__Oscillibacter_sp._KLE_1745	0.013133176878	0.025114847428	-0.0426214381736	0.0131175224946	0.0415385192306	-0.0434597456699	-0.0371229775975	-0.0271341861444	-0.0592273086182	-0.0153974545141	0.0375513643754	0.00752527518113	0.00448183892045	0.0944270667917	-0.0404672724583	-0.0248009637263	0.0362266519968	-0.014753738767	-0.0560126678088	0.0434474963311	-0.0322420148868	-0.0161669915128	-0.0144196317096	-0.0123850192131	1.0	-0.0105415963996	-0.0136824960077	-0.00894807127063	-0.0501176640505	-0.0117477452958	-0.00996320563626	0.0236491314588	-0.0495187690429	-0.038147274072	-0.0372941241867	-0.0632530177893	0.0391277487367	0.00636574330009	-0.000479655239987	-0.00311125955187	0.0587947020783	-0.00313698794565	0.00699570533327	-0.0127893869567	0.0138032730499	0.0241645260215	0.00212708143734	-0.0452321574734	-0.0110743398452	-0.0153681244452	0.00520414911395	-0.0474933000946	-0.0348231422006	-0.0116508322457	0.00384087413664	-0.0064756419078	-0.010686701767	-0.0313689847885	0.00527340376114
k__Bacteria;p__Bacteroidetes;c__Bacteroidia;o__Bacteroidales;f__Bacteroidaceae;g__Bacteroides;s__Bacteroides_coprophilus	-0.00392769778691	-0.0236160352446	-0.000708053897602	-0.0289343153392	0.0255159190197	-0.0103150324511	0.0172112434535	0.0303282805557	-0.0316309262679	-0.0176459175206	0.0379862196951	-0.0382157127183	-0.0355348008563	0.0161489366911	-0.0597185170192	-0.0507060605183	-0.0322550792679	0.0061742992487	0.0312156492383	-0.00457173767567	0.0114012996796	0.00597095328143	-0.0133779864401	0.0674720719833	-0.0105415963996	1.0	-0.0200750573387	-0.0239943070755	0.0295734987315	-0.02435352482	-0.04611862398	0.0273197321023	0.0399026132073	0.0375282705968	0.013240356949	-0.031102408732	-0.0149096363819	-0.0107121302175	-0.0440664925852	-0.007946617586	-0.061123632506	0.0207463239341	0.0161666292606	0.00412860628104	-0.0115486901522	-0.0726883185624	-0.00918555610826	0.00464931432949	0.0286466827723	-0.0274119106952	-0.00366076770293	0.0234237440423	-0.0468508974764	0.0170168898711	0.00280854773631	0.0298540631517	-0.0100254857779	-0.0178613635455	-0.0139267135895
k__Bacteria;p__Firmicutes;c__Clostridia;o__Clostridiales;f__Lachnospiraceae;g__Roseburia;s__Roseburia_intestinalis	0.0539424725859	-0.0633873121194	-0.0565414590327	-0.0251136082449	0.0179659906437	-0.0221265512005	0.00241496854509	0.0297087125313	-0.0877479680455	-0.0112179444618	0.0196220726211	-0.0155146715055	-0.00282964333897	0.00349154195996	-0.0363868385139	0.0238217591034	-0.0335710745578	-0.0255817755221	0.00797215413665	-0.0197939720818	-0.0395693219375	0.0226581725072	-0.0526902766655	-0.00481950144632	-0.0136824960077	-0.0200750573387	1.0	-0.00229996012732	-0.00860383811297	0.0107996267833	0.0326113457334	-0.0398824084731	-0.0356018758596	0.00370624832611	0.0260946085342	-0.0300125125018	0.0194552456187	0.0471625479765	-0.0357517252085	-0.00385207276315	0.0537722170709	-0.0112403488778	0.0188215190614	-0.0496944888876	0.0116727505577	0.0465874557115	-0.0528087432306	0.0423288069779	-0.0067179243497	0.000329353392459	-0.0275449281851	0.0172260042774	0.0107056956986	-0.0190695888966	0.00291210631565	0.0136147783972	-0.00369634377913	-0.0243132369301	0.0167349421694
k__Bacteria;p__Firmicutes;c__Clostridia;o__Clostridiales;f__Lachnospiraceae;g__Roseburia;s__Roseburia_hominis	-0.0442495435978	0.00312649660248	0.0170988415466	-0.0216891892873	0.0135287418233	-0.0222737730856	-0.0197534589252	0.00716166560405	-0.00759652244399	0.0130741459106	0.0283639084259	-0.0558318433671	-0.0160063801012	-0.0179948254845	-0.0480414462882	-0.0122936572055	0.0332732580366	0.00865779661523	-0.0129150166058	-0.014512808478	-0.00609218737577	0.00921158789694	-0.0147457425113	-0.000903589663678	-0.00894807127063	-0.0239943070755	-0.00229996012732	1.0	0.00133388617071	-0.00229570205785	-0.0143689576989	-0.0311651717695	0.00211712543713	0.0128864923355	-0.0454900382159	0.0324866168348	-0.0354734984292	0.0040551123402	0.00737849458828	0.0169993291801	-0.0328751786306	-0.0273569633048	-0.00445496812397	0.00758340015676	0.00824988156107	0.00406271071129	-0.015875285291	0.0146535036244	-0.0447921594318	-0.0108934701717	-0.00444777088989	-0.0121191735701	-0.0497067343828	0.0429871511723	0.0455187620909	0.0321141305	-0.0408819076194	-0.0367316110433	-0.0465075730663
k__Bacteria;p__Bacteroidetes;c__Bacteroidia;o__Bacteroidales;f__Porphyromonadaceae;g__Parabacteroides;s__Parabacteroides_johnsonii	0.0452979083591	0.0366806596579	0.00506412893553	0.0370322908366	0.00712537438488	-0.00924304764158	-0.0237682018707	0.000606039474151	0.0271059324561	-0.01236086681	-0.00778542229853	0.00583227763523	0.0245428645663	-0.0482372887772	0.0182658665106	-0.00710109660547	-0.00908964485986	0.0174575352061	0.013097158947	-0.0552620139834	-0.0263326286638	-0.0792101176787	0.0210530385277	-0.00693890532247	-0.0501176640505	0.0295734987315	-0.00860383811297	0.00133388617071	1.0	-0.0371776406106	0.0226101591072	0.00880435275953	-0.0225837312987	-0.0225965416528	-0.000260784219932	0.0230693426385	-0.00929133046458	-0.0517207483252	-0.0244532394158	-0.00460108818105	0.0213211239665	-0.00638415996454	-0.0232563317979	-0.0217106458907	0.0161074261797	0.0170746070375	-0.01069484087	-0.0240533149689	-0.012565392512	0.0312353237751	0.0455978995678	-0.023114493657	-0.0115890821801	0.0459033543107	-0.00602070949587	-0.0553887075453	-0.0266423438264	-0.0329180224912	-0.00663820362193
