#taxonomy	k__Bacteria;p__Bacteroidetes;c__Bacteroidia;o__Bacteroidales;f__Bacteroidaceae;g__Bacteroides;s__Bacteroides_vulgatus	k__Bacteria;p__Bacteroidetes;c__Bacteroidia;o__Bacteroidales;f__Bacteroidaceae;g__Bacteroides;s__Bacteroides_uniformis	k__Bacteria;p__Bacteroidetes;c__Bacteroidia;o__Bacteroidales;f__Rikenellaceae;g__Alistipes;s__Alistipes_putredinis	k__Bacteria;p__Bacteroidetes;c__Bacteroidia;o__Bacteroidales;f__Prevotellaceae;g__Prevotella;s__Prevotella_copri	k__Bacteria;p__Bacteroidetes;c__Bacteroidia;o__Bacteroidales;f__Bacteroidaceae;g__Bacteroides;s__Bacteroides_stercoris	k__Bacteria;p__Bacteroidetes;c__Bacteroidia;o__Bacteroidales;f__Bacteroidaceae;g__Bacteroides;s__Bacteroides_ovatus	k__Bacteria;p__Bacteroidetes;c__Bacteroidia;o__Bacteroidales;f__Rikenellaceae;g__Alistipes;s__Alistipes_shahii	k__Bacteria;p__Firmicutes;c__Clostridia;o__Clostridiales;f__Ruminococcaceae;g__Faecalibacterium;s__Faecalibacterium_prausnitzii	k__Bacteria;p__Bacteroidetes;c__Bacteroidia;o__Bacteroidales;f__Rikenellaceae;g__Alistipes;s__Alistipes_finegoldii	k__Bacteria;p__Bacteroidetes;c__Bacteroidia;o__Bacteroidales;f__Porphyromonadaceae;g__Parabacteroides;s__Parabacteroides_distasonis	k__Bacteria;p__Bacteroidetes;c__Bacteroidia;o__Bacteroidales;f__Bacteroidaceae;g__Bacteroides;s__Bacteroides_thetaiotaomicron	k__Bacteria;p__Bacteroidetes;c__Bacteroidia;o__Bacteroidales;f__Bacteroidaceae;g__Bacteroides;s__Bacteroides_coprocola	k__Bacteria;p__Bacteroidetes;c__Bacteroidia;o__Bacteroidales;f__Bacteroidaceae;g__Bacteroides;s__Bacteroides_cellulosilyticus	k__Bacteria;p__Bacteroidetes;c__Bacteroidia;o__Bacteroidales;f__Rikenellaceae;g__Alistipes;s__Alistipes_obesi	k__Bacteria;p__Firmicutes;c__Clostridia;o__Clostridiales;f__Lachnospiraceae;g__;s__[Eubacterium]_rectale	k__Bacteria;p__Bacteroidetes;c__Bacteroidia;o__Bacteroidales;f__Bacteroidaceae;g__Bacteroides;s__Bacteroides_plebeius	k__Bacteria;p__Bacteroidetes;c__Bacteroidia;o__Bacteroidales;f__Bacteroidaceae;g__Bacteroides;s__Bacteroides_fragilis	k__Bacteria;p__Proteobacteria;c__Betaproteobacteria;o__Burkholderiales;f__Sutterellaceae;g__Sutterella;s__Sutterella_wadsworthensis	k__Bacteria;p__Bacteroidetes;c__Bacteroidia;o__Bacteroidales;f__Porphyromonadaceae;g__Barnesiella;s__Barnesiella_intestinihominis	k__Bacteria;p__Bacteroidetes;c__Bacteroidia;o__Bacteroidales;f__Odoribacteraceae;g__Odoribacter;s__Odoribacter_splanchnicus	k__Bacteria;p__Bacteroidetes;c__Bacteroidia;o__Bacteroidales;f__Bacteroidaceae;g__Bacteroides;s__Bacteroides_salyersiae	k__Bacteria;p__Firmicutes;c__Clostridia;o__Clostridiales;f__Ruminococcaceae;g__Ruminiclostridium;s__[Eubacterium]_siraeum	k__Bacteria;p__Proteobacteria;c__Betaproteobacteria;o__Burkholderiales;f__Sutterellaceae;g__Parasutterella;s__Parasutterella_excrementihominis	k__Bacteria;p__Actinobacteria;c__Actinobacteria;o__Bifidobacteriales;f__Bifidobacteriaceae;g__Bifidobacterium;s__Bifidobacterium_adolescentis	k__Bacteria;p__Firmicutes;c__Clostridia;o__Clostridiales;f__Oscillospiraceae;g__Oscillibacter;s__Oscillibacter_sp._KLE_1745	k__Bacteria;p__Bacteroidetes;c__Bacteroidia;o__Bacteroidales;f__Bacteroidaceae;g__Bacteroides;s__Bacteroides_coprophilus	k__Bacteria;p__Firmicutes;c__Clostridia;o__Clostridiales;f__Lachnospiraceae;g__Roseburia;s__Roseburia_intestinalis	k__Bacteria;p__Firmicutes;c__Clostridia;o__Clostridiales;f__Lachnospiraceae;g__Roseburia;s__Roseburia_hominis	k__Bacteria;p__Bacteroidetes;c__Bacteroidia;o__Bacteroidales;f__Porphyromonadaceae;g__Parabacteroides;s__Parabacteroides_johnsonii	k__Bacteria;p__Actinobacteria;c__Actinobacteria;o__Bifidobacteriales;f__Bifidobacteriaceae;g__Bifidobacterium;s__Bifidobacterium_longum	k__Bacteria;p__Firmicutes;c__Clostridia;o__Clostridiales;f__;g__Flavonifractor;s__Flavonifractor_plautii	k__Bacteria;p__Firmicutes;c__Clostridia;o__Clostridiales;f__Clostridiaceae;g__Clostridium;s__Clostridium_phoceensis	k__Bacteria;p__Verrucomicrobia;c__Verrucomicrobiae;o__Verrucomicrobiales;f__Akkermansiaceae;g__Akkermansia;s__Akkermansia_muciniphila	k__Bacteria;p__Bacteroidetes;c__Bacteroidia;o__Bacteroidales;f__Prevotellaceae;g__Paraprevotella;s__Paraprevotella_xylaniphila	k__Bacteria;p__Firmicutes;c__Clostridia;o__Clostridiales;f__Ruminococcaceae;g__Ruminococcus;s__Ruminococcus_callidus	k__Bacteria;p__Bacteroidetes;c__Bacteroidia;o__Bacteroidales;f__Rikenellaceae;g__Alistipes;s__Alistipes_senegalensis	k__Bacteria;p__Firmicutes;c__Clostridia;o__Clostridiales;f__Lachnospiraceae;g__Blautia;s__Blautia_sp._KLE_1732	k__Bacteria;p__Bacteroidetes;c__Bacteroidia;o__Bacteroidales;f__Bacteroidaceae;g__Bacteroides;s__Bacteroides_oleiciplenus	k__Bacteria;p__Firmicutes;c__Clostridia;o__Clostridiales;f__Ruminococcaceae;g__Ruminococcus;s__Ruminococcus_bicirculans	k__Bacteria;p__Bacteroidetes;c__Bacteroidia;o__Bacteroidales;f__Bacteroidaceae;g__Bacteroides;s__Bacteroides_fluxus	k__Bacteria;p__Bacteroidetes;c__Bacteroidia;o__Bacteroidales;f__Prevotellaceae;g__Prevotella;s__Prevotella_stercorea	k__Bacteria;p__Firmicutes;c__Clostridia;o__Clostridiales;f__Lachnospiraceae;g__Dorea;s__Dorea_longicatena	k__Bacteria;p__Firmicutes;c__Clostridia;o__Clostridiales;f__Eubacteriaceae;g__Eubacterium;s__[Eubacterium]_eligens	k__Bacteria;p__Firmicutes;c__Clostridia;o__Clostridiales;f__Ruminococcaceae;g__;s__Ruminococcaceae_bacterium_D16	k__Bacteria;p__Firmicutes;c__Clostridia;o__Clostridiales;f__Lachnospiraceae;g__Coprococcus;s__Coprococcus_comes	k__Bacteria;p__Proteobacteria;c__Gammaproteobacteria;o__Enterobacterales;f__Enterobacteriaceae;g__Escherichia;s__Escherichia_coli	k__Bacteria;p__Firmicutes;c__Clostridia;o__Clostridiales;f__Ruminococcaceae;g__Anaerotruncus;s__Anaerotruncus_colihominis	k__Bacteria;p__Firmicutes;c__Clostridia;o__Clostridiales;f__Lachnospiraceae;g__Blautia;s__Blautia_obeum	k__Bacteria;p__Bacteroidetes;c__Bacteroidia;o__Bacteroidales;f__Odoribacteraceae;g__Odoribacter;s__Odoribacter_laneus	k__Bacteria;p__Firmicutes;c__Clostridia;o__Clostridiales;f__Ruminococcaceae;g__Ruminiclostridium;s__[Clostridium]_leptum	k__Bacteria;p__Bacteroidetes;c__Bacteroidia;o__Bacteroidales;f__Porphyromonadaceae;g__Parabacteroides;s__Parabacteroides_goldsteinii	k__Bacteria;p__Firmicutes;c__Clostridia;o__Clostridiales;f__Lachnospiraceae;g__Anaerostipes;s__Anaerostipes_hadrus	k__Bacteria;p__Firmicutes;c__Clostridia;o__Clostridiales;f__Ruminococcaceae;g__Ruminococcus;s__Ruminococcus_lactaris	k__Bacteria;p__Firmicutes;c__Clostridia;o__Clostridiales;f__Clostridiaceae;g__Clostridium;s__Clostridium_sp._L2-50	k__Bacteria;p__Firmicutes;c__Clostridia;o__Clostridiales;f__Clostridiaceae;g__Clostridium;s__Clostridium_sp._M62/1	k__Bacteria;p__Firmicutes;c__Clostridia;o__Clostridiales;f__;g__Intestinimonas;s__Intestinimonas_butyriciproducens	k__Bacteria;p__Actinobacteria;c__Actinobacteria;o__Bifidobacteriales;f__Bifidobacteriaceae;g__Bifidobacterium;s__Bifidobacterium_bifidum	k__Bacteria;p__Firmicutes;c__Negativicutes;o__Veillonellales;f__Veillonellaceae;g__Dialister;s__Dialister_invisus	k__Bacteria;p__Bacteroidetes;c__Bacteroidia;o__Bacteroidales;f__Bacteroidaceae;g__Bacteroides;s__Bacteroides_salanitronis
k__Bacteria;p__Bacteroidetes;c__Bacteroidia;o__Bacteroidales;f__Bacteroidaceae;g__Bacteroides;s__Bacteroides_vulgatus	1.0	-0.0330098579584	0.0172357300718	-0.0451944071415	-0.0465367928068	0.0202046434287	-0.0691206094679	-0.00595985555083	-0.0563047864555	0.0388883724066	-0.0325075495852	0.0356191659277	-0.0215984419282	-0.0630977797906	0.0818632091735	-0.0136749093633	0.000464780366806	0.0276335694086	-0.00887531487882	0.0352837404555	0.023122639745	-0.057394324239	0.00653883278029	-0.009704061061	0.0158530027062	-0.0079809053486	-0.0604274692462	0.015849818879	0.0340139277032	-0.0211800655738	-0.0595560769715	-0.00190430321549	-0.0222479591941	-0.0438823022841	-0.00289729728772	0.0060213502007	-0.0231273290183	0.0225063270288	-0.0100075107442	-0.0176941684807	0.0219996077416	0.0704329573079	-0.0182253155085	-0.0176682877764	0.026870742841	-0.0337966500629	-0.0215248423243	-0.00307715620621	-0.0240188307488	-0.0168443644526	-0.019352928818	-0.00233809422905	-0.0268869535172	-0.0196801518084	-0.0437415333469	-0.0209161322159	0.00579334455815	0.0748232545826	0.0264764922044
k__Bacteria;p__Bacteroidetes;c__Bacteroidia;o__Bacteroidales;f__Bacteroidaceae;g__Bacteroides;s__Bacteroides_uniformis	-0.0330098579584	1.0	-0.0444355702939	-0.0147866677384	0.00721570058646	0.027666856473	0.0980730447003	-0.035323440372	0.0198382632835	-0.0232320768259	0.0197296213382	-0.0406177435326	-0.00846073365328	-0.0473528038227	-0.0639295789921	-0.0149706024258	0.0254987144061	0.015324959149	0.0138783204178	-0.023008045147	-0.0289434221584	-0.0309188318182	0.0409881582264	-0.0430378460591	-0.0394462543091	0.0182911372116	-0.00807592653882	-0.00268137662913	-0.0411657548515	0.00364562993058	0.00520540791431	0.0302587199174	0.0312287952546	0.0651370136684	-0.0180083768114	-0.0629436278883	-0.0490222109194	-0.0185234831353	-0.00375468122236	0.00890120541503	-0.0252130652857	-0.0112277827833	-0.0334117291195	0.0082234662342	-0.00809893622537	-0.0355321523245	0.00863427514244	0.0178120505337	0.0127469954082	-0.0301646661783	0.0546833564273	0.0376888701287	0.00320812519332	-0.0219495232126	-0.00377945362867	-0.00868796153962	0.0269453694025	-0.0622012245319	0.0846355572693
k__Bacteria;p__Bacteroidetes;c__Bacteroidia;o__Bacteroidales;f__Rikenellaceae;g__Alistipes;s__Alistipes_putredinis	0.0172357300718	-0.0444355702939	1.0	-0.00939982596938	0.0300122647081	0.0886776626947	-0.0256601841826	-0.0167786734667	-0.010363383592	0.000644403412331	-0.0273623227428	0.0107303468541	-0.0359215012664	0.0227201992854	-0.0119341238215	-0.00802410375256	0.0251372776268	0.0311649024062	0.0014466685995	0.0110741066067	0.008952128169	0.0230280127189	0.0168567716899	0.00291214107491	0.026976240684	0.0102395703435	-0.0212157343367	0.0184974300924	0.00800084150397	0.0271897121778	0.0201289167286	-0.0180438195572	-0.0645696699551	0.0146509534436	-0.0459799736139	-0.0285407592814	-0.0284685901684	0.000970863967374	-0.0491743825727	-0.0393386868921	-0.0332021648128	-0.0304392637537	-0.000943294956782	-0.016542282594	0.00629276126697	-0.0215017918637	-0.0620167765228	-0.0313525438334	-0.032739910298	-0.0408017151236	0.0116332335247	0.103509972025	-0.0509777993982	0.00294678967579	0.0722971098868	0.0426702935363	-0.0123140765417	-0.0590207093124	-0.0161952884832
k__Bacteria;p__Bacteroidetes;c__Bacteroidia;o__Bacteroidales;f__Prevotellaceae;g__Prevotella;s__Prevotella_copri	-0.0451944071415	-0.0147866677384	-0.00939982596938	1.0	-0.0201082771883	0.0464815743764	-0.00426833359646	-0.0189672040237	-0.0538521555052	0.0216692955329	0.0166851004956	0.00717703458997	0.0490787993971	-0.0443583322409	-0.0271155836272	-0.0394532918666	-0.036730456483	-0.0462332868977	0.0542139262143	0.0134070636359	-0.0199922885749	-0.0270329487525	0.0317163501545	0.0151486577569	-0.0251144530561	0.0332430643014	-0.00190932322153	0.00559392470417	0.0390347939975	-0.0078682323511	-0.0292694636321	-0.0159210635769	0.000630210497295	-0.027594367095	0.011992048571	-0.0268768509389	0.00867068586474	-0.037738470617	-0.00696680366785	0.00852804022767	-0.0344402654532	0.0250851353829	0.047462300267	0.0160760749643	0.0103471341934	0.0514639329061	-0.0137163895956	-0.0486660514307	-0.0400041178812	-0.0478885938624	-0.00197048689641	-0.0238291184828	-0.0034320096325	-0.0068202317428	-0.00275727892505	-0.0443362855048	-0.0316995423023	-0.0365469665814	-0.0663242310085
k__Bacteria;p__Bacteroidetes;c__Bacteroidia;o__Bacteroidales;f__Bacteroidaceae;g__Bacteroides;s__Bacteroides_stercoris	-0.0465367928068	0.00721570058646	0.0300122647081	-0.0201082771883	1.0	-0.0563602491983	-0.03566058363	-0.00158681518762	-0.0554799336973	-0.0242179034804	0.020991683444	-0.0517288148593	0.0186643817966	-0.016351943542	-0.0157719122098	0.0327730388055	-0.0113632627029	-0.0385989033171	0.000118534753056	0.0149306047962	0.0484721628852	-0.0179100994614	0.0029158718788	-0.0140239593727	0.0290879161272	0.0551338463916	0.0241337655319	-0.0457857316819	0.00749534354324	-0.0193526716474	-0.0307494224529	0.0146034988893	0.0357208557723	0.00787126395434	-0.0300344253662	-0.0335107527202	0.017046172866	0.00468433493236	0.0187936483696	-0.106381925872	0.0033780662818	-0.0212944336556	0.00860031999659	0.014138190083	-0.0323280388165	-0.00852499798752	-0.0464047170882	-0.0225729066011	0.0407066509348	-0.0159901172975	-0.0237807857097	-0.0300549709635	0.0266158037428	0.0229762108694	0.0615890942607	0.0360468965521	-0.0145053902297	0.044907725075	0.000168468914045
k__Bacteria;p__Bacteroidetes;c__Bacteroidia;o__Bacteroidales;f__Bacteroidaceae;g__Bacteroides;s__Bacteroides_ovatus	0.0202046434287	0.027666856473	0.0886776626947	0.0464815743764	-0.0563602491983	1.0	0.00453180962587	0.0388075067647	-0.0228613396333	0.0192537532995	-0.0531457723969	0.00731924525158	0.000509369580039	0.0153260956268	0.0110568516673	-0.0116406888892	0.00352398326145	-0.0349292708389	0.0366115271354	-0.0134504791178	-0.0156902278096	0.0526775868343	0.0244019101968	-0.018921229684	0.0393039068155	0.00107210256651	0.0318808686168	0.0301295354216	-0.0570523739983	-0.0134847839808	-0.0539474565088	-0.00231615534629	-0.0341583450968	-0.0319636755119	-0.0795945015701	-0.0159474523716	-0.0604828320601	-0.0109408770283	-0.0182731980322	-0.0765649070717	-0.0275213454115	-0.0549961711476	-0.0519181113561	0.0710659363905	0.00877074134889	-0.0523875796213	-0.0199794955101	-0.0112885056882	0.0145743471483	-0.00536083046491	-0.0118483830282	0.0530538280912	-0.0138832261167	-0.0199404572734	0.0269198106765	-0.0131889771478	-0.0556056211321	-0.0262942081843	0.00853458711565
k__Bacteria;p__Bacteroidetes;c__Bacteroidia;o__Bacteroidales;f__Rikenellaceae;g__Alistipes;s__Alistipes_shahii	-0.0691206094679	0.0980730447003	-0.0256601841826	-0.00426833359646	-0.03566058363	0.00453180962587	1.0	0.00843531945092	-0.0799498684524	-0.0028119943558	0.0226908430272	-0.00754720357678	-0.00767461903518	-0.00839808378224	0.0329049058508	0.0531525696016	0.00928674440407	-0.00354549856906	0.0142800759699	-0.0255879387378	-0.053447343159	0.00542920731578	0.00951721666622	-0.0399674946416	-0.015421528913	-0.0130942452194	-0.0172756383668	-0.137281359341	-0.0193925474552	-0.00441398000775	0.0398325909985	-0.0206843447787	-0.00991215728209	-0.0412822277918	-0.00798072463173	0.064630839943	0.0535999704685	-0.0061903076659	0.0173899797262	0.0142685594934	0.00719308107584	0.0177714065924	-0.00798396010777	0.0214637996479	-0.0614416880583	-0.0236307958817	-0.0653406106072	0.0195695398821	0.00690063795247	-0.0093274624492	0.0162494203386	0.00184783947852	-0.0399878677164	-0.0581090865363	0.00181798909936	0.00473473185284	0.0220106287062	-0.0146853915157	0.00010991147397
k__Bacteria;p__Firmicutes;c__Clostridia;o__Clostridiales;f__Ruminococcaceae;g__Faecalibacterium;s__Faecalibacterium_prausnitzii	-0.00595985555083	-0.035323440372	-0.0167786734667	-0.0189672040237	-0.00158681518762	0.0388075067647	0.00843531945092	1.0	-0.00474039966113	0.00563385827948	0.0702734437278	-0.0369963481978	-0.0597975659094	0.0421573464399	0.00806791071079	-0.0329760115824	-0.0184285806043	-0.0398240512751	0.00204105837797	-0.0314047247639	-0.0634343381965	-0.0200977110383	-0.0101307531147	-0.0442001038067	-0.0108560124451	0.00931129492804	-0.0104751150673	0.0566173721773	-0.00545864993951	-0.023413028313	0.0129659717273	0.00920276134918	-0.0349166354609	-0.0232132695629	-0.00205890790406	-0.0369156545429	-0.0275590171208	0.0404066851632	-0.0114362437728	0.0291877633917	-0.0403690748699	-0.0391942951981	-0.0129872003186	-0.0236932205691	-0.0205623850641	-0.0306891792433	-0.00769644575769	0.016740291447	0.000587238189179	-0.0120345146294	0.013450295524	-0.0236800986474	-0.0123091623281	-0.0231041556521	0.0433687151232	-0.0283505541385	0.0136892879103	-0.0185091110681	0.0361599390037
k__Bacteria;p__Bacteroidetes;c__Bacteroidia;o__Bacteroidales;f__Rikenellaceae;g__Alistipes;s__Alistipes_finegoldii	-0.0563047864555	0.0198382632835	-0.010363383592	-0.0538521555052	-0.0554799336973	-0.0228613396333	-0.0799498684524	-0.00474039966113	1.0	-0.0219069440121	-0.0114116819739	-0.0195126561118	0.0111000853832	0.0239622826826	-0.0446833310685	-0.0217482326043	0.02041743585	0.0301450966467	-0.0296314132823	-0.0380616777616	0.0618700107402	0.00154009253338	0.0375231437185	0.0135830893729	0.0381397651872	0.00101311404345	0.00847465203916	-0.000684739590329	-0.0285605340992	0.00286667014766	-0.0168105204428	-0.0216547523869	0.0281092601468	0.0229819451889	-0.00247828012806	-0.0140092734152	-0.0219921939456	-0.0439297736666	-0.00514849968974	0.0126972326008	0.010378648373	-0.0813306254084	-0.0575720518919	0.0307651366249	-0.015293350052	0.0109784177708	-0.00501723321665	0.0127403425891	-0.0582837665239	0.0249263806436	-0.0186469116062	0.00389953079407	-0.0668035587507	0.0027054991417	-0.0527003873121	-0.00435353758891	-0.0235403444113	0.0362178044837	0.00907621734891
k__Bacteria;p__Bacteroidetes;c__Bacteroidia;o__Bacteroidales;f__Porphyromonadaceae;g__Parabacteroides;s__Parabacteroides_distasonis	0.0388883724066	-0.0232320768259	0.000644403412331	0.0216692955329	-0.0242179034804	0.0192537532995	-0.0028119943558	0.00563385827948	-0.0219069440121	1.0	-0.0142294238792	-0.000423112840297	-0.0854798003085	0.00967703276116	0.0172606100248	-0.026984626885	-0.0259359305088	0.0516468574011	0.0171401701395	-0.0246931379389	-0.0241590295954	-0.0116210228759	0.053712542859	0.0168460903048	-0.0137858751985	-0.00140851960673	-0.0409328781429	0.00949103605401	-0.0443739080554	-0.0112878447833	-0.0406548158285	-0.00652172578577	-0.0267237539732	-0.0516433549448	-0.00639751050962	0.0687508201556	-0.0685909393357	-0.045976593632	0.0292355900719	0.00135859160311	-0.000525504255047	0.0149116354591	0.0372792189145	0.0904705130386	-0.0149255222495	-0.052768227052	-0.0500453142035	-0.0168560871094	0.0219787714948	-0.0193365304495	0.0524529524226	-0.00393455038082	-0.0570447381108	-0.0033786802813	-0.0407385030766	-0.0673781286127	0.00997881145913	0.00835456290869	0.00346428301648
k__Bacteria;p__Bacteroidetes;c__Bacteroidia;o__Bacteroidales;f__Bacteroidaceae;g__Bacteroides;s__Bacteroides_thetaiotaomicron	-0.0325075495852	0.0197296213382	-0.0273623227428	0.0166851004956	0.020991683444	-0.0531457723969	0.0226908430272	0.0702734437278	-0.0114116819739	-0.0142294238792	1.0	-0.0618019879571	0.00484936906871	-0.0255979849985	0.0368816799932	-0.0444405700051	-0.00411092754719	-0.00178089025607	-0.0348876119259	-0.000531519773097	-0.0138507533588	-0.0188225297227	0.0293016123833	-0.0711274167756	-0.0186578623965	0.00313923985529	0.00549385627113	-0.0140835276284	-0.0390366877453	0.0182962175757	-0.0197437077188	-0.0494337099859	0.0225638967504	0.0143125779548	-0.0157113555915	0.0649918936988	0.00422201594157	-0.0305159971255	0.00173084983235	0.0232462807219	-0.0310610151582	-0.0806533689372	0.0274574750603	-0.021486318807	-0.0484255104657	0.0358912357486	-0.0218267195496	0.0410272119744	-0.00221300859331	0.0500472814544	-0.00638830218392	0.000684798460825	0.0385673117233	0.0257744898463	-0.00215278348926	-0.0328203167835	-0.0423835882034	-0.0150109838383	-0.0476484388185
k__Bacteria;p__Bacteroidetes;c__Bacteroidia;o__Bacteroidales;f__Bacteroidaceae;g__Bacteroides;s__Bacteroides_coprocola	0.0356191659277	-0.0406177435326	0.0107303468541	0.00717703458997	-0.0517288148593	0.00731924525158	-0.00754720357678	-0.0369963481978	-0.0195126561118	-0.000423112840297	-0.0618019879571	1.0	-0.0153010019144	-0.0126192129271	-0.0243819121978	-0.0329659211132	-0.0128878989819	-0.0397913501265	0.0427747881758	-0.0462343709802	-0.00482048606811	-0.00935487767003	-0.00707102532525	0.044016509265	-0.0161018451891	-0.0107397159104	-0.0489071751101	-0.0028800071412	-0.0242640925377	-0.0791007003586	0.0172128874375	-0.0407917658955	-0.0190995774484	0.0286189095783	-0.0686807673033	-0.05440473263	0.00357285908631	0.0247630400681	-0.0295489081704	-0.010938408672	-0.0512553794552	0.0437914717731	-0.0619380014251	0.0306708719635	-0.00774912856971	0.0205165188404	-0.0424070735091	0.00536377056362	0.0170786690242	0.003365582458	-0.0188665060647	-0.01250338904	0.0275932496909	-0.0219643011438	0.0158019779224	-0.0125351520854	0.0135950705436	-0.0456304540559	0.0171475021429
k__Bacteria;p__Bacteroidetes;c__Bacteroidia;o__Bacteroidales;f__Bacteroidaceae;g__Bacteroides;s__Bacteroides_cellulosilyticus	-0.0215984419282	-0.00846073365328	-0.0359215012664	0.0490787993971	0.0186643817966	0.000509369580039	-0.00767461903518	-0.0597975659094	0.0111000853832	-0.0854798003085	0.00484936906871	-0.0153010019144	1.0	0.0120782737073	0.000344848553703	-0.0551314534604	-0.0241504166872	-0.0269221154548	-0.0496074619066	0.00337422074618	-0.02546513944	0.003578853209	0.025136807374	-0.0297251264387	0.0365800114757	0.0639248119234	-0.0010612110632	-0.0388444580832	-0.00120483859169	-0.0342643315345	-0.0401533540981	-0.0298234959381	-0.0718353130477	0.0433479710161	0.0438177914696	0.00063001548692	-0.0118214741804	0.00809757371105	-0.00314361236	0.0273116338234	0.0232496015438	-0.0216485297999	-0.022636396965	0.0304352678906	0.0442173898591	0.0437883799037	-0.0457733778243	0.040842826887	-0.0845236178937	-0.0485881670286	-0.0600950496427	-0.0707747364482	-0.0273590220612	-0.0348798238554	-0.0280590878113	0.0112469406008	0.0390025996083	-0.0289647374256	0.0142537699249
k__Bacteria;p__Bacteroidetes;c__Bacteroidia;o__Bacteroidales;f__Rikenellaceae;g__Alistipes;s__Alistipes_obesi	-0.0630977797906	-0.0473528038227	0.0227201992854	-0.0443583322409	-0.016351943542	0.0153260956268	-0.00839808378224	0.0421573464399	0.0239622826826	0.00967703276116	-0.0255979849985	-0.0126192129271	0.0120782737073	1.0	0.0200971623648	0.0454474954026	-0.0515815569076	-0.00781668615965	0.00595828628077	0.0100058295291	-0.0253081426526	-0.0212182417999	-0.0121116074562	0.00405342942892	-0.0190301179991	-0.0199791262229	0.010706131113	0.0222884111931	-0.0464988070423	-0.0112140877004	0.0393529373731	0.0145392529412	0.0112020276466	-0.0255444098244	-0.0253393297832	-0.0208663740264	-0.0374642896723	0.0352749526496	-0.0279412947512	-0.0280336471854	-0.0342357066826	-0.0141352611386	-0.0238222299588	0.0427138639084	0.0518174321435	0.00621849928173	-0.0117926075836	0.00767220707992	-0.018496650531	-0.0131772564289	0.0227557746049	-0.069332800993	0.0057060191913	0.0354848807173	0.0163462326087	0.0319751776012	-0.0153713515912	-0.0241513777788	0.0205181587575
k__Bacteria;p__Firmicutes;c__Clostridia;o__Clostridiales;f__Lachnospiraceae;g__;s__[Eubacterium]_rectale	0.0818632091735	-0.0639295789921	-0.0119341238215	-0.0271155836272	-0.0157719122098	0.0110568516673	0.0329049058508	0.00806791071079	-0.0446833310685	0.0172606100248	0.0368816799932	-0.0243819121978	0.000344848553703	0.0200971623648	1.0	0.0491644187866	-0.0475073844101	-0.0153829353529	-0.00377514364809	-0.0377981005984	0.0563399488986	-0.0127495997925	-0.0413160528455	-0.0358262505907	-0.0430095407654	-0.034435170301	0.0259500585712	-0.0173584823371	0.0046986231998	-0.00594393708787	-0.0158971668757	-0.000178337468123	-0.0197603160656	0.0145089428168	-0.0259917635606	0.00312903627087	0.0124507636873	0.00514836596384	-0.00826822389477	-0.0211688276124	-0.048611262669	0.0283910034186	0.00891671678794	-0.0114552705511	0.0579509446195	-0.0384070891598	0.00308060774761	-0.0458126661218	0.00131268224116	-0.0616583200442	-0.000486380345661	-0.0041868683945	-0.0248617770788	-0.0244880706716	-0.023977730088	0.0273708260327	-0.00439647677329	0.0866401102943	-0.0107075233531
k__Bacteria;p__Bacteroidetes;c__Bacteroidia;o__Bacteroidales;f__Bacteroidaceae;g__Bacteroides;s__Bacteroides_plebeius	-0.0136749093633	-0.0149706024258	-0.00802410375256	-0.0394532918666	0.0327730388055	-0.0116406888892	0.0531525696016	-0.0329760115824	-0.0217482326043	-0.026984626885	-0.0444405700051	-0.0329659211132	-0.0551314534604	0.0454474954026	0.0491644187866	1.0	-0.0286084201585	-0.0200459102228	0.0411696963477	-0.0233506040113	-0.0344530036036	-0.0138236158177	0.0401208285396	-0.0432675089168	0.0498602057072	0.0787874947227	-0.0130875051083	-0.0345166540122	-0.00321818130205	-0.053422591523	-0.00104725018805	0.00646674230662	-0.0236403545769	0.00704959193177	-0.00146286073707	-0.035423912629	-0.000942546316504	0.0333620531034	-0.0310881295311	-0.0288650247938	0.0941076428531	0.0180466874559	-0.0271981911706	-0.0226699103908	0.0210522210014	-0.00271776119774	-0.0111485142127	-0.0443213056328	-0.0408240712637	0.0199234702977	0.00680520349527	-0.0139285414413	-0.0560603402044	-0.0389325272541	-0.018660681663	0.0320662987972	0.0201467897055	0.0308892063191	-0.0270762235439
k__Bacteria;p__Bacteroidetes;c__Bacteroidia;o__Bacteroidales;f__Bacteroidaceae;g__Bacteroides;s__Bacteroides_fragilis	0.000464780366806	0.0254987144061	0.0251372776268	-0.036730456483	-0.0113632627029	0.00352398326145	0.00928674440407	-0.0184285806043	0.02041743585	-0.0259359305088	-0.00411092754719	-0.0128878989819	-0.0241504166872	-0.0515815569076	-0.0475073844101	-0.0286084201585	1.0	-0.00650533950946	0.0218312657307	-0.0667028885711	-0.0124309342892	-0.0488701708769	-0.0902996237901	0.0321561926209	0.00843583573233	-0.0314399808004	-0.027837118781	0.035063242906	0.00757831087098	-0.00532872977863	-0.00116204666087	-0.041115901066	-0.00560282461894	-0.00717124815615	-0.00967475682079	-0.0493007494988	-0.0120303174008	-0.0366472147089	-0.0191944697362	-0.0100659659934	0.0164571023045	0.0249939224186	0.0287268623729	-0.00469641168751	0.0167176267579	-0.0499712890391	0.00322710749779	0.0162655088958	0.0203581655654	0.0338032472589	0.0448829261199	0.0363727624163	-0.0136542053286	0.0180609215023	-0.0102647439024	-0.0518939407812	-0.0401032043321	0.000468845208485	0.0229255011693
k__Bacteria;p__Proteobacteria;c__Betaproteobacteria;o__Burkholderiales;f__Sutterellaceae;g__Sutterella;s__Sutterella_wadsworthensis	0.0276335694086	0.015324959149	0.0311649024062	-0.0462332868977	-0.0385989033171	-0.0349292708389	-0.00354549856906	-0.0398240512751	0.0301450966467	0.0516468574011	-0.00178089025607	-0.0397913501265	-0.0269221154548	-0.00781668615965	-0.0153829353529	-0.0200459102228	-0.00650533950946	1.0	0.0268279512083	0.0201460904915	-0.0269590560757	-0.0285436589679	-0.0153685470879	-0.00351935642238	-0.0538587756963	-0.0397495336503	-0.0346758205596	-0.0537311195012	-0.0367905572695	-0.0348931721596	-0.0109725943028	-0.0087241087009	-0.000113645263115	0.0668018984585	-0.0366647555184	-0.0118865193785	0.00676028175018	-0.00954038383552	0.0772744740259	-0.00232281018373	-0.000142177916693	0.042429607698	-0.0112104919019	-0.00480126289693	-0.000181237901228	-0.0527824561043	0.0215416641982	0.0189547561822	-0.0184510974597	-0.0492955404114	-0.0359670792991	0.0201169383399	0.0160955747752	-0.0484599216057	-0.033705886925	-0.00599132841109	-0.0358701163267	-0.0184178368594	0.00776755643542
k__Bacteria;p__Bacteroidetes;c__Bacteroidia;o__Bacteroidales;f__Porphyromonadaceae;g__Barnesiella;s__Barnesiella_intestinihominis	-0.00887531487882	0.0138783204178	0.0014466685995	0.0542139262143	0.000118534753056	0.0366115271354	0.0142800759699	0.00204105837797	-0.0296314132823	0.0171401701395	-0.0348876119259	0.0427747881758	-0.0496074619066	0.00595828628077	-0.00377514364809	0.0411696963477	0.0218312657307	0.0268279512083	1.0	0.0417867120796	-0.0115310432531	-0.0233505218434	0.0189647492651	0.0273694575459	-0.011656227218	-0.0471291815514	-0.0237361906466	-0.00630155564475	-0.0142529468557	0.021780982065	-0.0339364655127	0.0473161291893	-0.0425186815987	-0.011628515202	0.0178147052897	-0.0109978029109	-0.0172173669464	-0.033076613618	-0.0358816137661	-0.0393389098078	-0.041811719101	0.0427181523068	0.0128371470753	-0.00489042107823	0.0263661231685	-0.0394974262725	-0.0270692731868	-0.0273996275425	0.0215207584658	-0.0211297256545	-0.0263983907619	-0.0223360818329	0.0142624633945	-0.0447810861051	0.0378727739101	-0.0563759104681	0.0207958119769	-0.0460300879589	0.025302612505
k__Bacteria;p__Bacteroidetes;c__Bacteroidia;o__Bacteroidales;f__Odoribacteraceae;g__Odoribacter;s__Odoribacter_splanchnicus	0.0352837404555	-0.023008045147	0.0110741066067	0.0134070636359	0.0149306047962	-0.0134504791178	-0.0255879387378	-0.0314047247639	-0.0380616777616	-0.0246931379389	-0.000531519773097	-0.0462343709802	0.00337422074618	0.0100058295291	-0.0377981005984	-0.0233506040113	-0.0667028885711	0.0201460904915	0.0417867120796	1.0	-0.0277117143619	-0.00875854053683	-0.0174828067017	0.00217896545334	0.0423971968004	-0.0150806245628	0.032280195416	-0.0322442251569	0.0856862236661	-0.0452267676549	0.0609505600676	-0.000708488594207	-0.0403534758167	-0.0201155415653	-0.0199787092543	0.0206524282398	-0.0368274182266	0.0840833507487	-0.00837564767319	-0.0614743274158	0.00603773332725	-0.000175004518374	-0.00524732526898	-0.0514053264297	0.025486488487	-0.00154753486885	-0.0554258094206	0.0137464124596	0.00761885259334	0.0209870151215	0.0354720239316	-0.0108787050882	0.0251769055736	-0.0430417228654	0.0477049681729	-0.00268116269982	-0.0208779082295	-0.034293544532	-0.0217926411114
k__Bacteria;p__Bacteroidetes;c__Bacteroidia;o__Bacteroidales;f__Bacteroidaceae;g__Bacteroides;s__Bacteroides_salyersiae	0.023122639745	-0.0289434221584	0.008952128169	-0.0199922885749	0.0484721628852	-0.0156902278096	-0.053447343159	-0.0634343381965	0.0618700107402	-0.0241590295954	-0.0138507533588	-0.00482048606811	-0.02546513944	-0.0253081426526	0.0563399488986	-0.0344530036036	-0.0124309342892	-0.0269590560757	-0.0115310432531	-0.0277117143619	1.0	0.0154314744759	-0.0115084713395	-0.0455718403346	-0.00486770359961	0.00276979112735	-0.0145416834737	0.0285909338907	-0.0321304705311	0.01066481554	0.0656766247311	0.040245844047	-0.0143113901804	-0.0317293690275	-0.0113376563666	0.00222178133358	-0.0238160757637	-0.0132609468732	0.025135635572	-0.0367547366159	-0.052606727488	0.031434329463	0.0299096581055	-0.0261645719766	0.00696905839454	-0.0128310185281	0.0216943171829	-0.0678925790794	-0.0389724925329	-0.0135375119597	-0.0297010541322	-0.0293715862878	0.0359043095012	0.0283470139812	-0.0220382643689	0.0201785367061	0.0636608084453	-0.0614171933852	0.0478839072733
k__Bacteria;p__Firmicutes;c__Clostridia;o__Clostridiales;f__Ruminococcaceae;g__Ruminiclostridium;s__[Eubacterium]_siraeum	-0.057394324239	-0.0309188318182	0.0230280127189	-0.0270329487525	-0.0179100994614	0.0526775868343	0.00542920731578	-0.0200977110383	0.00154009253338	-0.0116210228759	-0.0188225297227	-0.00935487767003	0.003578853209	-0.0212182417999	-0.0127495997925	-0.0138236158177	-0.0488701708769	-0.0285436589679	-0.0233505218434	-0.00875854053683	0.0154314744759	1.0	-0.0318573719526	0.0261833373316	0.00465925778655	0.0187079735617	-0.0193017021142	-0.00956358751557	-0.0705914795422	0.042157140806	-0.0127706305332	-0.0705252587453	-0.00416764207589	-0.00918078122486	0.0118859781622	-0.00534700841214	0.0228002089608	0.00337607399906	-0.0396131238249	-0.0348856443792	0.016200341333	-0.0169531053622	0.00837541988549	-0.0129164923717	-0.0283823210573	0.00306765910146	0.0327602013015	-0.0134147688616	0.0210451436707	-0.0253267375558	0.0147619990043	-0.0178674580656	-0.0118398356202	0.0162850903666	-0.00905608964332	0.0207626290905	0.0462080815059	-0.0298284772879	-0.0573794993224
k__Bacteria;p__Proteobacteria;c__Betaproteobacteria;o__Burkholderiales;f__Sutterellaceae;g__Parasutterella;s__Parasutterella_excrementihominis	0.00653883278029	0.0409881582264	0.0168567716899	0.0317163501545	0.0029158718788	0.0244019101968	0.00951721666622	-0.0101307531147	0.0375231437185	0.053712542859	0.0293016123833	-0.00707102532525	0.025136807374	-0.0121116074562	-0.0413160528455	0.0401208285396	-0.0902996237901	-0.0153685470879	0.0189647492651	-0.0174828067017	-0.0115084713395	-0.0318573719526	1.0	9.20088730138e-05	-0.015604153674	0.016274056598	-0.0422041966724	-0.000151842683261	-0.0118836741975	-0.0319454788447	0.0352178086012	-0.00924021149381	-0.0216560389656	0.0458974899156	0.0147454002715	-0.0132011945841	0.0185680024402	-0.00159311017943	-0.00177290046304	0.00140973052373	-0.0101576568442	-0.086547205614	-0.0446784021058	-0.0259646049862	-0.00526301522664	0.00773179807454	0.0282501318635	0.0179787731255	0.00090727661921	-0.0286171119132	0.0325462263249	0.0567194456553	-0.0371910410268	-0.0321978594914	0.00357486053689	-0.00433057688111	-0.0422575507082	0.00974507242483	-0.00435607216843
k__Bacteria;p__Actinobacteria;c__Actinobacteria;o__Bifidobacteriales;f__Bifidobacteriaceae;g__Bifidobacterium;s__Bifidobacterium_adolescentis	-0.009704061061	-0.0430378460591	0.00291214107491	0.0151486577569	-0.0140239593727	-0.018921229684	-0.0399674946416	-0.0442001038067	0.0135830893729	0.0168460903048	-0.0711274167756	0.044016509265	-0.0297251264387	0.00405342942892	-0.0358262505907	-0.0432675089168	0.0321561926209	-0.00351935642238	0.0273694575459	0.00217896545334	-0.0455718403346	0.0261833373316	9.20088730138e-05	1.0	-0.0519227310503	-0.0278038035343	-0.0264381732777	-0.041551629726	-0.0404308612258	0.0420062032281	-0.0449856007313	0.000236292427168	0.0221942512377	0.020922067961	-0.0277479707021	-0.0160847162694	-0.0648699604117	-0.00791057441251	-0.0283096931831	-0.0127998111412	-0.0351283509789	-0.0237962118848	-0.00624674665708	0.00154324491477	-0.0071813575143	-0.00202669457388	-0.0380984230197	0.00867076776601	0.077563770632	-0.0051372345172	0.00669856064344	0.0139705637759	0.074477199115	-0.0425105009713	-0.0556225110812	-0.0260267685889	0.0300419185092	0.0793564605188	0.00550125289918
k__Bacteria;p__Firmicutes;c__Clostridia;o__Clostridiales;f__Oscillospiraceae;g__Oscillibacter;s__Oscillibacter_sp._KLE_1745	0.0158530027062	-0.0394462543091	0.026976240684	-0.0251144530561	0.0290879161272	0.0393039068155	-0.015421528913	-0.0108560124451	0.0381397651872	-0.0137858751985	-0.0186578623965	-0.0161018451891	0.0365800114757	-0.0190301179991	-0.0430095407654	0.0498602057072	0.00843583573233	-0.0538587756963	-0.011656227218	0.0423971968004	-0.00486770359961	0.00465925778655	-0.015604153674	-0.0519227310503	1.0	-0.00987111943649	0.0458521771493	-0.0410692484149	0.0206318048983	0.00062198120086	-0.0113101336908	-0.0122251980752	0.00268435909496	-0.0269381929245	-0.0273628765343	0.0278669058066	-0.0165136747159	-0.0152074394697	0.0406581496889	-0.0118092391385	0.017775150697	0.0201629748158	0.0246234643062	-0.0650266124051	-0.0181515105579	-0.0824514749689	-0.0373045597029	0.0148975219943	-0.0175593739695	-0.0730945989805	-0.0413908870962	-0.000147644865811	-0.0350466450172	0.0346444493362	0.0317384666972	-0.017243601223	0.0401452451477	-0.0113188626075	-0.0567587530039
k__Bacteria;p__Bacteroidetes;c__Bacteroidia;o__Bacteroidales;f__Bacteroidaceae;g__Bacteroides;s__Bacteroides_coprophilus	-0.0079809053486	0.0182911372116	0.0102395703435	0.0332430643014	0.0551338463916	0.00107210256651	-0.0130942452194	0.00931129492804	0.00101311404345	-0.00140851960673	0.00313923985529	-0.0107397159104	0.0639248119234	-0.0199791262229	-0.034435170301	0.0787874947227	-0.0314399808004	-0.0397495336503	-0.0471291815514	-0.0150806245628	0.00276979112735	0.0187079735617	0.016274056598	-0.0278038035343	-0.00987111943649	1.0	-0.0168931377367	0.0039978568461	-0.0556769875399	0.0241980830395	0.0482860522449	-0.0112626188745	-0.0574505538928	0.0261073657971	-0.00177463990184	0.0279274112601	-0.0477807657954	-0.0347658687251	0.0457395830492	-0.0251064111094	-0.000924427807585	-0.0345260612268	0.01661557124	-0.0151641848373	-0.0252265438692	-0.0704731901149	0.042360284518	0.0541022708217	-0.0346266096118	-0.0434625884722	-0.0244103424654	-0.0159459776071	-0.0553522671062	-0.06115553215	0.0688658862271	-0.0290274522398	-0.0115801730846	-0.0152196111862	-0.00157463085842
k__Bacteria;p__Firmicutes;c__Clostridia;o__Clostridiales;f__Lachnospiraceae;g__Roseburia;s__Roseburia_intestinalis	-0.0604274692462	-0.00807592653882	-0.0212157343367	-0.00190932322153	0.0241337655319	0.0318808686168	-0.0172756383668	-0.0104751150673	0.00847465203916	-0.0409328781429	0.00549385627113	-0.0489071751101	-0.0010612110632	0.010706131113	0.0259500585712	-0.0130875051083	-0.027837118781	-0.0346758205596	-0.0237361906466	0.032280195416	-0.0145416834737	-0.0193017021142	-0.0422041966724	-0.0264381732777	0.0458521771493	-0.0168931377367	1.0	-0.0128319915512	0.052828336773	0.0791895546598	-0.0253202113371	-0.0440889712649	-0.0118289019996	-0.0444778531201	-0.0414593404097	-0.0500640575022	-0.016799842055	-0.0161234887114	-0.0339624647713	0.003358122507	0.0421861899445	-0.0501599465331	-0.0672378221961	-0.0279800620133	0.0615462248516	-0.0392325916792	0.028338755607	-0.00940078324711	0.0408935587517	0.0418796743629	-0.0530799024374	0.00018629890342	0.0211704391767	-0.0157409983148	-0.00902369658473	-0.0214944926252	-0.0317390770984	-0.0306553916343	-0.0533310384745
k__Bacteria;p__Firmicutes;c__Clostridia;o__Clostridiales;f__Lachnospiraceae;g__Roseburia;s__Roseburia_hominis	0.015849818879	-0.00268137662913	0.0184974300924	0.00559392470417	-0.0457857316819	0.0301295354216	-0.137281359341	0.0566173721773	-0.000684739590329	0.00949103605401	-0.0140835276284	-0.0028800071412	-0.0388444580832	0.0222884111931	-0.0173584823371	-0.0345166540122	0.035063242906	-0.0537311195012	-0.00630155564475	-0.0322442251569	0.0285909338907	-0.00956358751557	-0.000151842683261	-0.041551629726	-0.0410692484149	0.0039978568461	-0.0128319915512	1.0	0.0022209764973	-0.00808015998049	-0.0132423178525	-0.00115416188806	0.0614938431718	0.0116917814751	0.0436877178271	-0.0331478237118	-0.0176786851232	0.0247678207927	-0.0155983620373	0.0401195793026	-0.0240101015819	-0.00809332862452	-0.0310926194798	-0.0532827228088	-0.0392693592416	-0.00259230507044	-0.0586746227486	0.00487234173082	0.0148237152092	-0.00252663785743	0.00251726704389	-0.0229146916411	-0.0564080619028	0.0400917964314	-0.0369556656299	-0.0301569505574	-0.0382212294648	0.0321113680247	0.0156574949717
k__Bacteria;p__Bacteroidetes;c__Bacteroidia;o__Bacteroidales;f__Porphyromonadaceae;g__Parabacteroides;s__Parabacteroides_johnsonii	0.0340139277032	-0.0411657548515	0.00800084150397	0.0390347939975	0.00749534354324	-0.0570523739983	-0.0193925474552	-0.00545864993951	-0.0285605340992	-0.0443739080554	-0.0390366877453	-0.0242640925377	-0.00120483859169	-0.0464988070423	0.0046986231998	-0.00321818130205	0.00757831087098	-0.0367905572695	-0.0142529468557	0.0856862236661	-0.0321304705311	-0.0705914795422	-0.0118836741975	-0.0404308612258	0.0206318048983	-0.0556769875399	0.052828336773	0.0022209764973	1.0	-0.040294696954	-0.0159805082798	-0.0511576736283	-0.0470611136058	0.00403835691215	0.0339792984285	0.0200887750447	0.0248229935451	0.00803680931508	0.0165299790668	-0.0139525438645	0.00742914840022	-0.00950208653265	0.0186942316617	0.0321317556013	0.0766727423522	0.0107287188337	-0.00798377780373	0.025091852429	-0.0329000122484	-0.0338463937021	-0.0478577378578	0.0341910968423	0.0675448591218	0.0359589330212	-0.00473566372408	-0.0707325101244	-0.0379295342531	0.036875641928	-0.0317154798242
k__Bacteria;p__Actinobacteria;c__Actinobacteria;o__Bifidobacteriales;f__Bifidobacteriaceae;g__Bifidobacterium;s__Bifidobacterium_longum	-0.0211800655738	0.00364562993058	0.0271897121778	-0.0078682323511	-0.0193526716474	-0.0134847839808	-0.00441398000775	-0.023413028313	0.00286667014766	-0.0112878447833	0.0182962175757	-0.0791007003586	-0.0342643315345	-0.0112140877004	-0.00594393708787	-0.053422591523	-0.00532872977863	-0.0348931721596	0.021780982065	-0.0452267676549	0.01066481554	0.042157140806	-0.0319454788447	0.0420062032281	0.00062198120086	0.0241980830395	0.0791895546598	-0.00808015998049	-0.040294696954	1.0	-0.0519480209447	0.0408467711753	-0.0618695927903	0.0350567122654	-0.0499961603584	-0.0357193216162	0.0400011961835	-0.0210792110084	0.0212051280746	0.0829129610962	-0.0338992073599	0.00761581095738	-0.021487430446	0.0191156689327	-0.00628499587149	0.0106265953558	0.0294652998748	-0.0151970317747	-0.00264996143541	-0.0338733723933	-0.0176418342816	0.00290243247768	-0.0115085260186	-0.0323124135029	-0.0298489971309	0.00767484327942	-0.00294457584366	-0.0687756311044	-0.0248860469748
