#taxonomy	k__Bacteria;p__Bacteroidetes;c__Bacteroidia;o__Bacteroidales;f__Bacteroidaceae;g__Bacteroides;s__Bacteroides_vulgatus	k__Bacteria;p__Bacteroidetes;c__Bacteroidia;o__Bacteroidales;f__Bacteroidaceae;g__Bacteroides;s__Bacteroides_uniformis	k__Bacteria;p__Bacteroidetes;c__Bacteroidia;o__Bacteroidales;f__Rikenellaceae;g__Alistipes;s__Alistipes_putredinis	k__Bacteria;p__Bacteroidetes;c__Bacteroidia;o__Bacteroidales;f__Prevotellaceae;g__Prevotella;s__Prevotella_copri	k__Bacteria;p__Bacteroidetes;c__Bacteroidia;o__Bacteroidales;f__Bacteroidaceae;g__Bacteroides;s__Bacteroides_stercoris	k__Bacteria;p__Bacteroidetes;c__Bacteroidia;o__Bacteroidales;f__Bacteroidaceae;g__Bacteroides;s__Bacteroides_ovatus	k__Bacteria;p__Bacteroidetes;c__Bacteroidia;o__Bacteroidales;f__Rikenellaceae;g__Alistipes;s__Alistipes_shahii	k__Bacteria;p__Firmicutes;c__Clostridia;o__Clostridiales;f__Ruminococcaceae;g__Faecalibacterium;s__Faecalibacterium_prausnitzii	k__Bacteria;p__Bacteroidetes;c__Bacteroidia;o__Bacteroidales;f__Rikenellaceae;g__Alistipes;s__Alistipes_finegoldii	k__Bacteria;p__Bacteroidetes;c__Bacteroidia;o__Bacteroidales;f__Porphyromonadaceae;g__Parabacteroides;s__Parabacteroides_distasonis	k__Bacteria;p__Bacteroidetes;c__Bacteroidia;o__Bacteroidales;f__Bacteroidaceae;g__Bacteroides;s__Bacteroides_thetaiotaomicron	k__Bacteria;p__Bacteroidetes;c__Bacteroidia;o__Bacteroidales;f__Bacteroidaceae;g__Bacteroides;s__Bacteroides_coprocola	k__Bacteria;p__Bacteroidetes;c__Bacteroidia;o__Bacteroidales;f__Bacteroidaceae;g__Bacteroides;s__Bacteroides_cellulosilyticus	k__Bacteria;p__Bacteroidetes;c__Bacteroidia;o__Bacteroidales;f__Rikenellaceae;g__Alistipes;s__Alistipes_obesi	k__Bacteria;p__Firmicutes;c__Clostridia;o__Clostridiales;f__Lachnospiraceae;g__;s__[Eubacterium]_rectale	k__Bacteria;p__Bacteroidetes;c__Bacteroidia;o__Bacteroidales;f__Bacteroidaceae;g__Bacteroides;s__Bacteroides_plebeius	k__Bacteria;p__Bacteroidetes;c__Bacteroidia;o__Bacteroidales;f__Bacteroidaceae;g__Bacteroides;s__Bacteroides_fragilis	k__Bacteria;p__Proteobacteria;c__Betaproteobacteria;o__Burkholderiales;f__Sutterellaceae;g__Sutterella;s__Sutterella_wadsworthensis	k__Bacteria;p__Bacteroidetes;c__Bacteroidia;o__Bacteroidales;f__Porphyromonadaceae;g__Barnesiella;s__Barnesiella_intestinihominis	k__Bacteria;p__Bacteroidetes;c__Bacteroidia;o__Bacteroidales;f__Odoribacteraceae;g__Odoribacter;s__Odoribacter_splanchnicus	k__Bacteria;p__Bacteroidetes;c__Bacteroidia;o__Bacteroidales;f__Bacteroidaceae;g__Bacteroides;s__Bacteroides_salyersiae	k__Bacteria;p__Firmicutes;c__Clostridia;o__Clostridiales;f__Ruminococcaceae;g__Ruminiclostridium;s__[Eubacterium]_siraeum	k__Bacteria;p__Proteobacteria;c__Betaproteobacteria;o__Burkholderiales;f__Sutterellaceae;g__Parasutterella;s__Parasutterella_excrementihominis	k__Bacteria;p__Actinobacteria;c__Actinobacteria;o__Bifidobacteriales;f__Bifidobacteriaceae;g__Bifidobacterium;s__Bifidobacterium_adolescentis	k__Bacteria;p__Firmicutes;c__Clostridia;o__Clostridiales;f__Oscillospiraceae;g__Oscillibacter;s__Oscillibacter_sp._KLE_1745	k__Bacteria;p__Bacteroidetes;c__Bacteroidia;o__Bacteroidales;f__Bacteroidaceae;g__Bacteroides;s__Bacteroides_coprophilus	k__Bacteria;p__Firmicutes;c__Clostridia;o__Clostridiales;f__Lachnospiraceae;g__Roseburia;s__Roseburia_intestinalis	k__Bacteria;p__Firmicutes;c__Clostridia;o__Clostridiales;f__Lachnospiraceae;g__Roseburia;s__Roseburia_hominis	k__Bacteria;p__Bacteroidetes;c__Bacteroidia;o__Bacteroidales;f__Porphyromonadaceae;g__Parabacteroides;s__Parabacteroides_johnsonii	k__Bacteria;p__Actinobacteria;c__Actinobacteria;o__Bifidobacteriales;f__Bifidobacteriaceae;g__Bifidobacterium;s__Bifidobacterium_longum	k__Bacteria;p__Firmicutes;c__Clostridia;o__Clostridiales;f__;g__Flavonifractor;s__Flavonifractor_plautii	k__Bacteria;p__Firmicutes;c__Clostridia;o__Clostridiales;f__Clostridiaceae;g__Clostridium;s__Clostridium_phoceensis	k__Bacteria;p__Verrucomicrobia;c__Verrucomicrobiae;o__Verrucomicrobiales;f__Akkermansiaceae;g__Akkermansia;s__Akkermansia_muciniphila	k__Bacteria;p__Bacteroidetes;c__Bacteroidia;o__Bacteroidales;f__Prevotellaceae;g__Paraprevotella;s__Paraprevotella_xylaniphila	k__Bacteria;p__Firmicutes;c__Clostridia;o__Clostridiales;f__Ruminococcaceae;g__Ruminococcus;s__Ruminococcus_callidus	k__Bacteria;p__Bacteroidetes;c__Bacteroidia;o__Bacteroidales;f__Rikenellaceae;g__Alistipes;s__Alistipes_senegalensis	k__Bacteria;p__Firmicutes;c__Clostridia;o__Clostridiales;f__Lachnospiraceae;g__Blautia;s__Blautia_sp._KLE_1732	k__Bacteria;p__Bacteroidetes;c__Bacteroidia;o__Bacteroidales;f__Bacteroidaceae;g__Bacteroides;s__Bacteroides_oleiciplenus	k__Bacteria;p__Firmicutes;c__Clostridia;o__Clostridiales;f__Ruminococcaceae;g__Ruminococcus;s__Ruminococcus_bicirculans	k__Bacteria;p__Bacteroidetes;c__Bacteroidia;o__Bacteroidales;f__Bacteroidaceae;g__Bacteroides;s__Bacteroides_fluxus	k__Bacteria;p__Bacteroidetes;c__Bacteroidia;o__Bacteroidales;f__Prevotellaceae;g__Prevotella;s__Prevotella_stercorea	k__Bacteria;p__Firmicutes;c__Clostridia;o__Clostridiales;f__Lachnospiraceae;g__Dorea;s__Dorea_longicatena	k__Bacteria;p__Firmicutes;c__Clostridia;o__Clostridiales;f__Eubacteriaceae;g__Eubacterium;s__[Eubacterium]_eligens	k__Bacteria;p__Firmicutes;c__Clostridia;o__Clostridiales;f__Ruminococcaceae;g__;s__Ruminococcaceae_bacterium_D16	k__Bacteria;p__Firmicutes;c__Clostridia;o__Clostridiales;f__Lachnospiraceae;g__Coprococcus;s__Coprococcus_comes	k__Bacteria;p__Proteobacteria;c__Gammaproteobacteria;o__Enterobacterales;f__Enterobacteriaceae;g__Escherichia;s__Escherichia_coli	k__Bacteria;p__Firmicutes;c__Clostridia;o__Clostridiales;f__Ruminococcaceae;g__Anaerotruncus;s__Anaerotruncus_colihominis	k__Bacteria;p__Firmicutes;c__Clostridia;o__Clostridiales;f__Lachnospiraceae;g__Blautia;s__Blautia_obeum	k__Bacteria;p__Bacteroidetes;c__Bacteroidia;o__Bacteroidales;f__Odoribacteraceae;g__Odoribacter;s__Odoribacter_laneus	k__Bacteria;p__Firmicutes;c__Clostridia;o__Clostridiales;f__Ruminococcaceae;g__Ruminiclostridium;s__[Clostridium]_leptum	k__Bacteria;p__Bacteroidetes;c__Bacteroidia;o__Bacteroidales;f__Porphyromonadaceae;g__Parabacteroides;s__Parabacteroides_goldsteinii	k__Bacteria;p__Firmicutes;c__Clostridia;o__Clostridiales;f__Lachnospiraceae;g__Anaerostipes;s__Anaerostipes_hadrus	k__Bacteria;p__Firmicutes;c__Clostridia;o__Clostridiales;f__Ruminococcaceae;g__Ruminococcus;s__Ruminococcus_lactaris	k__Bacteria;p__Firmicutes;c__Clostridia;o__Clostridiales;f__Clostridiaceae;g__Clostridium;s__Clostridium_sp._L2-50	k__Bacteria;p__Firmicutes;c__Clostridia;o__Clostridiales;f__Clostridiaceae;g__Clostridium;s__Clostridium_sp._M62/1	k__Bacteria;p__Firmicutes;c__Clostridia;o__Clostridiales;f__;g__Intestinimonas;s__Intestinimonas_butyriciproducens	k__Bacteria;p__Actinobacteria;c__Actinobacteria;o__Bifidobacteriales;f__Bifidobacteriaceae;g__Bifidobacterium;s__Bifidobacterium_bifidum	k__Bacteria;p__Firmicutes;c__Negativicutes;o__Veillonellales;f__Veillonellaceae;g__Dialister;s__Dialister_invisus	k__Bacteria;p__Bacteroidetes;c__Bacteroidia;o__Bacteroidales;f__Bacteroidaceae;g__Bacteroides;s__Bacteroides_salanitronis
k__Bacteria;p__Bacteroidetes;c__Bacteroidia;o__Bacteroidales;f__Bacteroidaceae;g__Bacteroides;s__Bacteroides_vulgatus	1.0	0.0197065955454	0.0518457158048	0.0657678830732	0.00812678435952	0.0196579836174	-0.0796172262525	-0.0154817399291	-0.00968896493243	-0.015489464967	-0.104536111018	0.018199357225	0.0130295804273	-0.0232941076261	0.00342111567852	0.038148471018	0.055830520537	-0.0359624825856	0.0145680364179	-0.00539847582271	-0.0291852969273	-0.0135302322565	-0.0221237469747	-0.0208697977074	0.0147585174177	-0.0359694361108	-0.00992501915057	0.0200723248852	-0.032379248296	-0.0157138521796	0.00311874513439	-0.0623650758709	-0.0155022288142	0.0153970144242	-0.027947274979	-0.0414063731249	0.00771541415496	-0.0712924322868	-0.0240151101685	-0.0290917170681	-0.00337865599677	0.017127376144	0.0108871400543	0.0549149979527	0.00781139194198	0.0097332590007	0.0336406210484	0.0409505798276	-0.00251270564735	0.0205953733458	-0.00134244064673	-0.0455270424093	-0.000463222095213	0.0439343748455	-0.0305343596186	0.0262677666954	-0.0218088128586	0.0304380110387	-0.00475321494567
k__Bacteria;p__Bacteroidetes;c__Bacteroidia;o__Bacteroidales;f__Bacteroidaceae;g__Bacteroides;s__Bacteroides_uniformis	0.0197065955454	1.0	0.0184271263671	0.00149826762675	-0.000795487929654	-0.00620086938263	0.00927927769395	-0.046131066075	0.00187427157358	-0.050222540053	-0.0102741164485	-0.0462447303792	-0.0185307832364	0.00483332627547	-0.0610399342935	0.0127377054258	0.0126761790128	-0.0165563055769	0.0558725040346	-0.0135856427234	-0.0425638649002	-0.0261579452761	-0.0283421684961	-0.0474032979156	-0.0296485161319	-0.0569287594213	-0.0442023578051	0.059357657401	-0.0486965010258	-0.024092451089	-0.0104330982054	-0.0486768804507	0.00879517102949	0.00399033282242	0.000520330953893	-0.0641256833508	0.011993095811	0.0124579876785	0.0665212021516	0.00220602121635	-0.0305746619007	-0.0638018288274	-0.00614258689366	0.0507840311323	0.0100432258924	0.0168356931193	-0.00446739307507	0.0109113694304	-0.0518683592665	0.00914933916718	0.046714688363	-0.0246844039056	-0.0448956931058	0.00266241192189	-0.0499058774962	0.034856619309	0.0252327869416	0.0195598500429	-0.0179700247447
k__Bacteria;p__Bacteroidetes;c__Bacteroidia;o__Bacteroidales;f__Rikenellaceae;g__Alistipes;s__Alistipes_putredinis	0.0518457158048	0.0184271263671	1.0	0.0685348667948	-0.0433520038376	-0.0292879244322	0.00670159373904	-0.00395714964279	-0.0446303302843	-0.0248372340473	-0.0359588515281	-0.0166137853923	-0.0418551026934	-0.0325518305334	0.0345705295865	-0.0737905824321	-0.0167405651527	-0.0128179963541	-0.0188107537002	-0.0156174347957	-0.0474185258544	0.037587995335	0.0239369962834	-0.00785044008054	-0.00199735372183	-0.0640604101533	-0.00848746058114	-0.0841219384176	-0.0172997534027	0.0343510077562	-0.0597388194063	0.0158599684448	-0.0145588600043	-0.00950270998091	-0.00328245706608	0.0229008056278	0.0433533330223	0.0169035840377	-0.0329022199769	-0.0182769302261	0.00645368230743	0.0142638018229	-0.0363635091062	-0.000156578157279	-0.0868826699019	-0.0271185251636	-0.0111428546129	0.0179812863698	0.0223731498933	-0.00466042165792	-0.0326218579035	0.0114579671902	-0.060935014161	0.0200744874424	-0.0405251665042	0.0384217787192	-0.0155628538893	-0.00536341991798	0.0459118347142
k__Bacteria;p__Bacteroidetes;c__Bacteroidia;o__Bacteroidales;f__Prevotellaceae;g__Prevotella;s__Prevotella_copri	0.0657678830732	0.00149826762675	0.0685348667948	1.0	-0.0347082442803	-0.014386586438	0.0350495088325	-0.0249534663661	0.00162477174051	-0.0411272228313	0.0291107655723	-0.0537901631184	-0.00625395467213	0.0174657961556	0.00578188405299	0.0166211969233	0.00146700213136	-0.0212256167313	0.00437308274099	-0.0229025017696	-0.0193066809462	0.000451764492024	0.0388876415528	-0.0608098040561	-0.00486300725849	0.0090301226574	0.0323624953111	0.00864541071805	-0.0449795455689	-0.0123440104692	-0.0132319988599	-0.00379884604686	0.0183175884039	0.0012927604968	-0.00863328502609	-0.0660056131478	-0.0387167164008	0.0177796968067	0.017777871088	-0.0546460447835	0.00327078846839	-0.00359778301596	-0.0128532340874	-0.0320996280694	0.0347549827916	0.0227234093734	-0.0160128048659	0.0728182066529	0.0770109030358	0.0484457074575	0.0338482986873	-0.0163668181244	-0.0268146632856	-0.0224677364514	-0.0545176786998	0.0349476965771	-0.0111639623086	0.00192837861808	-0.0332525511627
k__Bacteria;p__Bacteroidetes;c__Bacteroidia;o__Bacteroidales;f__Bacteroidaceae;g__Bacteroides;s__Bacteroides_stercoris	0.00812678435952	-0.000795487929655	-0.0433520038376	-0.0347082442803	1.0	0.00840655242025	-0.0246346003315	0.00411127292897	-0.0199578363563	-0.0254126848938	-0.0209391529114	0.023657526633	0.0152035184144	-0.062525933635	0.015634881101	0.0867908065814	0.0594468793421	-0.0245047917306	0.00638102490823	0.0290070307262	-0.0713040668125	0.000368643636465	-0.00376075053515	0.0259338664187	-0.0507690184079	0.00081224115958	-0.0389628636028	-0.0189949260242	-0.0228808115736	-0.00581518523774	-0.00391345666161	-0.00969309628853	0.0249470726516	-0.0335695521879	-0.00371417616289	-0.0145634481872	0.0130274034882	-0.0450654195203	-0.0108675689331	0.0170128042331	-0.0465649828431	-0.0267464978526	-0.0243456120222	-0.0432773312737	0.0230438458838	-0.0176333757726	-0.0141590758638	-0.0354727796456	-0.0211095361279	0.00116557428739	-0.0200294938685	-0.0549322540247	0.0567139454547	0.00283616722082	0.0148654164015	-0.0301642664645	-0.0153112080548	-0.0434698973052	0.00617771375011
k__Bacteria;p__Bacteroidetes;c__Bacteroidia;o__Bacteroidales;f__Bacteroidaceae;g__Bacteroides;s__Bacteroides_ovatus	0.0196579836174	-0.00620086938263	-0.0292879244322	-0.014386586438	0.00840655242025	1.0	-0.0244910174088	0.0141668341023	-0.0366070632371	-0.0358893375702	0.0135099831966	-0.012267001216	-0.00274760836973	0.00940424722774	0.00568454281466	-0.0276217765526	0.0166227884124	0.0527669822829	0.0484984234342	-0.0265176794374	-0.0548538538795	-0.00461210042054	-0.0177554705861	0.0524862056708	-0.0157751221308	-0.00598001599093	-0.0137538460476	0.0151603859217	0.0191314464548	-0.0351809909722	0.0121801954099	0.0325130738364	-0.0224051762116	-0.00618615124885	-0.0515492801693	-0.0317843034114	-0.00329562891045	-0.0331666751939	0.0244593041491	0.0371998534928	0.00514493088486	-0.00133385122976	-0.0192871647904	-0.0635033765884	0.00160001037426	-0.0247294349792	0.0090386797621	-0.00911132056	-0.0482036900291	3.45881179955e-05	0.0142522133548	-0.00232944909965	-0.012918162135	0.0150850228413	0.023867022785	0.0187911353665	-0.0651568402737	-0.0336357402301	0.03662099901
k__Bacteria;p__Bacteroidetes;c__Bacteroidia;o__Bacteroidales;f__Rikenellaceae;g__Alistipes;s__Alistipes_shahii	-0.0796172262525	0.00927927769395	0.00670159373904	0.0350495088325	-0.0246346003315	-0.0244910174088	1.0	0.00968168411718	0.0279111869735	-0.0394586179331	0.0381150484717	0.0163923289019	-0.060576168889	0.0373574242883	0.00667668275787	-0.0537367846269	-0.0545551478413	-0.071056607762	0.00588586159046	0.0243125322423	-0.0180991178651	0.046893100446	-0.0290935149395	-0.0079043600306	0.010514083604	0.0407414270494	-0.0024996489671	-0.0560585687355	0.00531267257544	0.0193874240272	-0.0296727433728	-0.000537330155068	-0.0166926972233	0.00331735494395	-0.0190709505678	0.059022399411	-0.0518721947216	0.00666850478696	-0.0499403155579	-0.0108914388286	-0.0302398057311	-0.0166958028515	0.0133018808965	-0.10420381366	0.0361534953775	-0.0365845141492	-0.017742600747	-0.0335128635231	-0.0538628076657	0.0314728775815	0.0392173260332	-0.0583759452406	-0.0267157681011	-0.0363919569821	-0.00760596574958	0.0332710632149	-0.00994962606452	-0.0462829782917	0.00775015072422
k__Bacteria;p__Firmicutes;c__Clostridia;o__Clostridiales;f__Ruminococcaceae;g__Faecalibacterium;s__Faecalibacterium_prausnitzii	-0.0154817399291	-0.046131066075	-0.00395714964279	-0.0249534663661	0.00411127292897	0.0141668341023	0.00968168411718	1.0	-0.015452851425	0.025810592509	-0.042716616188	-0.0705439511831	-0.02830985551	-0.0404852395591	-0.015049910009	-0.0235451041189	-0.0564243262226	0.026333360844	0.0221458642953	-0.0737366357976	0.0293866309081	-0.00511657951819	0.0346068624866	-0.00276001300274	0.0471916145273	0.0293092150825	-0.000242593597698	0.00289988030083	0.0304277359439	-0.0481505756855	0.0358301712793	-0.0158478975632	0.00763780375012	0.0142114439717	0.00275739991553	-0.011295833529	-0.0221013718944	-0.0186474589687	0.0055999862488	-0.0202318131436	-0.0359795106715	-0.0798266597034	0.0171330337142	-0.00278405250813	0.0123840602055	-0.080580134648	0.0495758500016	-0.0653972666227	0.0220658726931	-0.0560140720408	0.0226684614432	-0.0109868724982	0.025682461371	-0.0540362371119	0.0506330305292	-0.00443642700356	0.0210722855372	0.0136053612598	0.00161132129975
k__Bacteria;p__Bacteroidetes;c__Bacteroidia;o__Bacteroidales;f__Rikenellaceae;g__Alistipes;s__Alistipes_finegoldii	-0.00968896493243	0.00187427157358	-0.0446303302843	0.00162477174051	-0.0199578363563	-0.0366070632371	0.0279111869735	-0.015452851425	1.0	-0.0244694294535	0.0372594847299	0.0324246103794	0.00520800699067	0.00367390462506	-0.0667290338725	-0.00811121154978	0.0736186616781	-0.0465357495314	0.0113459328974	-0.0154219476591	-0.0222270002369	-0.0224224745111	0.00173289480055	-0.0044184855879	-0.0700267462676	-0.0312678845522	0.0318758919816	-0.00828085633713	-0.0608254334023	0.0414838468841	-0.00977808405409	-0.0283233340621	-0.00431598782371	-0.00221366609932	-0.0167552096027	-0.0483711693185	-0.0228611224114	-0.0230394377921	-0.047012877941	-0.0381071534136	0.0259470575778	0.00775100353054	0.0268798660832	-0.0764371866698	-0.0158339495252	0.000390079752877	0.0322046836895	0.0618226187184	0.023354886945	-0.0871444537405	-0.00312318187374	0.000187336226746	0.0222493554659	0.0290515535552	-0.0394972100122	-0.051065685866	-0.0150897564756	0.00440336131402	-0.0306117702903
k__Bacteria;p__Bacteroidetes;c__Bacteroidia;o__Bacteroidales;f__Porphyromonadaceae;g__Parabacteroides;s__Parabacteroides_distasonis	-0.015489464967	-0.050222540053	-0.0248372340473	-0.0411272228313	-0.0254126848938	-0.0358893375702	-0.0394586179331	0.025810592509	-0.0244694294535	1.0	-0.0390017099577	-0.0434258569591	-0.0589438040429	-0.0184432903278	0.00268044437678	0.0327385015596	0.00734893888116	-0.0266386500093	-0.0529689761266	0.00348774012297	0.00567273052585	0.0282814555914	-0.0145592295216	-0.0129640534589	-0.0204804775937	-0.0263965403076	-0.0105280593592	-0.0101674318095	-0.00702816700985	-0.0172616359441	0.0054709011493	-0.000766729591378	-0.00109016832343	-0.0270495447869	-0.0312903767927	0.00228194896844	0.0223823131728	0.00733858502369	-0.0849519999293	-0.0353922708943	-0.00881822876488	0.0152712621514	0.00986417305803	0.0124685458621	-0.015697232275	0.00698809168461	-0.0147590654506	-0.0230070321477	0.0248606153425	-0.0622878605673	-0.0252499643717	0.016968258471	0.0623073655232	-0.0329741103745	-0.00791516814998	0.0024210171371	0.0603058617992	-0.0108652317783	-0.0251373399443
k__Bacteria;p__Bacteroidetes;c__Bacteroidia;o__Bacteroidales;f__Bacteroidaceae;g__Bacteroides;s__Bacteroides_thetaiotaomicron	-0.104536111018	-0.0102741164485	-0.0359588515281	0.0291107655723	-0.0209391529114	0.0135099831966	0.0381150484717	-0.042716616188	0.0372594847299	-0.0390017099577	1.0	0.0225479735309	-0.000576881513803	-0.00497579757614	-0.0053284197895	-0.0331715981121	0.0152849492688	-0.00684601149704	0.0547725342599	0.000625128790825	-0.048366505649	0.026471533471	-0.0317406128948	-0.0175964372146	-0.0153851113713	0.0389735867219	0.0384164000649	-0.0157787690426	-0.00394950636238	0.0163584144465	0.0450777855743	-0.0355702256016	-0.0753402655574	-0.0635405406889	0.0106595417807	-0.0230324484221	-0.0278942988121	-0.0289479072704	-0.0568689315925	0.0421051770822	0.0327393306014	-0.0238651987554	0.00931975344735	0.037095512778	0.0554986940995	-0.0402103145648	-0.0302059492767	-0.0126643266703	-0.0101981094567	0.00770952579084	-0.00380194131521	-0.0471960875738	-0.0214997399362	0.0458329073634	-0.0578789642831	-0.0459909229276	0.00469081546668	-0.0176452089368	-0.0240908255428
k__Bacteria;p__Bacteroidetes;c__Bacteroidia;o__Bacteroidales;f__Bacteroidaceae;g__Bacteroides;s__Bacteroides_coprocola	0.018199357225	-0.0462447303792	-0.0166137853923	-0.0537901631184	0.023657526633	-0.012267001216	0.0163923289019	-0.0705439511831	0.0324246103794	-0.0434258569591	0.0225479735309	1.0	-0.0397714748894	0.0724840752549	-0.0228789036576	0.0219135585989	-0.00661642834262	0.0109293498312	-0.040041954223	-0.0110609382407	0.0291492795778	0.00137039819014	-0.05119519883	0.0553466470941	0.0124712385542	-0.00487816374063	0.029187575507	0.0116330138003	-0.0768381309582	0.0149513444147	0.0712966440962	-0.0684380584306	-0.049938654225	-0.0260467593716	-0.014830931757	-0.070286409455	0.0145992711547	0.0135869602262	0.0397688762635	-0.0279599054139	-0.027268109763	-0.0373870637903	0.0299492308381	0.00255739409263	0.00641988594671	-0.0390443623543	-0.0399990185778	-0.0206253021328	-0.0167397695625	-0.0434679769733	-0.0330448350638	0.0106099346155	0.00635239138118	0.0109904566801	-0.000859879979047	0.00923754459796	-0.0120067862204	-0.00937613844119	-0.0508964435957
k__Bacteria;p__Bacteroidetes;c__Bacteroidia;o__Bacteroidales;f__Bacteroidaceae;g__Bacteroides;s__Bacteroides_cellulosilyticus	0.0130295804273	-0.0185307832364	-0.0418551026934	-0.00625395467213	0.0152035184144	-0.00274760836973	-0.060576168889	-0.02830985551	0.00520800699067	-0.0589438040429	-0.000576881513803	-0.0397714748894	1.0	0.0167080762509	0.00125087019662	-0.0501302682673	-0.0323292602601	-0.00621260143781	0.0402104607635	-0.0189720866532	-0.0234473652043	0.0336436362036	-0.0627410585637	-0.0191692116554	-0.000269901314162	-0.0640783788241	0.0389319932199	0.0205319767566	-0.0350128530749	0.0710103982897	-0.0559704204157	-0.0121855559534	0.00932060819354	-0.0475829531487	-0.0117244930606	-0.00654774025473	0.00469959047523	0.0285426322786	-0.046248501566	-0.0230016217592	0.0156731577841	-0.0745455729147	-0.0479888692204	0.0442945282329	-0.032745120254	0.036641588679	-0.0129608011411	0.0198686105714	0.0141144385194	0.00489023032579	-0.0038610288455	0.00680463643286	-0.0739975772151	0.0262495585282	-0.0249482323001	-0.00225726041667	-0.0127280536224	-0.0240985000858	0.0353119713773
k__Bacteria;p__Bacteroidetes;c__Bacteroidia;o__Bacteroidales;f__Rikenellaceae;g__Alistipes;s__Alistipes_obesi	-0.0232941076261	0.00483332627547	-0.0325518305334	0.0174657961556	-0.062525933635	0.00940424722774	0.0373574242883	-0.0404852395591	0.00367390462506	-0.0184432903278	-0.00497579757614	0.0724840752549	0.0167080762509	1.0	-0.0616048159173	-0.0102704457394	-0.0295007206706	0.0492776323368	-0.00992855527056	0.055637754709	0.0153940043921	0.00363722117556	0.00460787198079	0.0227671770841	0.00402077985565	0.0151723211349	0.0523000362428	0.0115096462861	-0.00926375309812	-0.0103235701644	-0.0334818167514	0.00547283972944	-0.0246946346175	0.0199624781333	0.0100700021007	0.00102399282199	-0.0121557711339	0.00250479040129	-0.00507845952137	-0.0312932036779	-0.0239776066169	-0.00268315369661	-0.0609526932557	-0.0463989857168	0.0112104345581	0.0170017610988	-0.0260733774106	-0.0229839574894	0.00928605254632	-0.0611313246419	0.00718333602929	0.015664935697	0.00231663475559	0.0251940993139	-0.0246860845743	0.0113105653658	0.00551614371578	0.00377773305609	-0.0752022415149
k__Bacteria;p__Firmicutes;c__Clostridia;o__Clostridiales;f__Lachnospiraceae;g__;s__[Eubacterium]_rectale	0.00342111567852	-0.0610399342935	0.0345705295865	0.00578188405299	0.015634881101	0.00568454281466	0.00667668275787	-0.015049910009	-0.0667290338725	0.00268044437678	-0.0053284197895	-0.0228789036576	0.00125087019662	-0.0616048159173	1.0	0.071861773431	0.0213111214331	-0.0309650679073	0.00126161682396	-0.0179493099351	0.0887964416488	0.0241128448467	-0.0216038457813	0.0159319020171	-0.0444824414681	0.0382157720943	-0.00742877023315	-0.0331949632265	-0.0102951774562	0.0128319431621	-0.00996911375773	-0.0146620597293	0.00897365503081	-0.0203328173607	-0.0331752760611	0.0659566643314	-0.0311239690531	-0.0515910805481	0.0442109801572	-0.00667405295813	0.032934981564	0.00133372729169	0.0154302414717	0.0403743685858	-0.0269648709836	-0.00317455992097	0.0250114672223	0.0257413419417	-0.0734275872925	-0.0190170125901	-0.0213121578187	-0.0851145713576	0.0124412759759	-0.0382506809632	-0.0707125564787	0.0163095111779	-0.033622083269	-0.0422505883751	-0.00711848325027
k__Bacteria;p__Bacteroidetes;c__Bacteroidia;o__Bacteroidales;f__Bacteroidaceae;g__Bacteroides;s__Bacteroides_plebeius	0.038148471018	0.0127377054258	-0.0737905824321	0.0166211969233	0.0867908065814	-0.0276217765526	-0.0537367846269	-0.0235451041189	-0.00811121154978	0.0327385015596	-0.0331715981121	0.0219135585989	-0.0501302682673	-0.0102704457394	0.071861773431	1.0	-0.0352034872523	-0.0183321232156	0.0259195681907	0.0151012685528	0.012203770177	0.000553044837621	0.0495101434479	-0.0226878690404	-0.0589069917373	0.0338688901481	0.0336824129606	-0.00410642389707	-0.0242353987302	0.0504203385413	0.0059330129844	0.0207417807786	-0.0562181597992	-0.0370630405761	-0.0296145204684	-0.0299997761776	0.00456606422835	-0.00153824956225	-0.0208641535168	0.000121610123825	-0.0254265242063	-0.00682356852792	0.00237777952514	0.0263386098539	0.0262263883828	-0.0234012106863	-0.0764121538212	-0.0842183445551	0.026032638151	-0.0713889078561	0.0246162568994	-0.0331297892319	0.0360717909637	-0.0350335114605	-0.0284692086922	-0.02883544173	0.00581496985022	-0.0604452960548	-0.0575697806702
k__Bacteria;p__Bacteroidetes;c__Bacteroidia;o__Bacteroidales;f__Bacteroidaceae;g__Bacteroides;s__Bacteroides_fragilis	0.055830520537	0.0126761790128	-0.0167405651527	0.00146700213136	0.0594468793421	0.0166227884124	-0.0545551478413	-0.0564243262226	0.0736186616781	0.00734893888116	0.0152849492688	-0.00661642834262	-0.0323292602601	-0.0295007206706	0.0213111214331	-0.0352034872523	1.0	0.0269680423286	-0.06201937049	0.0190877539097	-0.0400254266544	0.0120183226352	-0.00580460422479	0.0328549349388	0.00651198691597	-0.0261424764089	-0.0156500574936	-0.042299680956	-0.00038976837487	-0.00850493858438	-0.0448875446297	-0.0075360407643	-0.0701055808274	-0.0568572575177	0.0063226376759	0.0246153208797	0.0281548670375	-0.0281808460399	0.00716036186725	-0.00516045402397	0.0156628807267	-0.0650309951941	-0.00805882880684	0.00317761730964	-0.0400569943624	-0.046898578542	0.0424246060047	0.0117262219815	0.00427484286471	-0.0448438040064	-0.0510808984066	-0.00225871554562	-0.0689958968063	-0.0637384825749	-0.0283006670746	-0.0236061196384	-0.00786264021643	-0.0287405591683	0.0370966244913
k__Bacteria;p__Proteobacteria;c__Betaproteobacteria;o__Burkholderiales;f__Sutterellaceae;g__Sutterella;s__Sutterella_wadsworthensis	-0.0359624825856	-0.0165563055769	-0.0128179963541	-0.0212256167313	-0.0245047917306	0.0527669822829	-0.071056607762	0.026333360844	-0.0465357495314	-0.0266386500093	-0.00684601149704	0.0109293498312	-0.00621260143781	0.0492776323368	-0.0309650679073	-0.0183321232156	0.0269680423286	1.0	0.0206427905697	-0.0557390249512	0.0694989837883	-0.00888105503881	0.0103880168416	0.00135720192415	-0.0210160463141	-0.00932997874442	-0.00129126936018	-0.00376084372462	0.0242209858125	-0.0187180226328	-0.0170037723318	-0.0434965696187	-0.0258563058291	-0.0276255121493	-0.0176722119473	-0.0592866895648	-0.0218760970179	-0.0625537015222	-0.0131553778934	0.0215801963404	-0.0219869230374	-0.0707841219301	0.101538570083	0.023963816695	0.0554355460566	-0.0738249571922	0.00787702334768	-0.0136289553556	-0.0423589780015	-0.00370017018399	-0.0268252219639	0.0334617643992	-0.0122759212366	-0.0113268099287	0.03843022426	0.00539674209974	-0.000945928437012	-0.0162412309342	-0.0198991238645
k__Bacteria;p__Bacteroidetes;c__Bacteroidia;o__Bacteroidales;f__Porphyromonadaceae;g__Barnesiella;s__Barnesiella_intestinihominis	0.0145680364179	0.0558725040346	-0.0188107537002	0.00437308274099	0.00638102490823	0.0484984234342	0.00588586159046	0.0221458642953	0.0113459328974	-0.0529689761266	0.0547725342599	-0.040041954223	0.0402104607635	-0.00992855527056	0.00126161682396	0.0259195681907	-0.06201937049	0.0206427905697	1.0	0.00382582749939	-0.0757001718538	0.0223670503473	-0.00487767711793	-0.0438472311359	-0.0140789624892	0.0146635704456	-0.0331456096598	-0.00329826005985	0.0184120465182	0.0103443170956	0.0043205476243	0.00256823643464	0.0303009612482	-0.0212588047143	-0.0731481861118	-0.0456916384529	-0.0347653241531	0.0392230572936	0.0307400040365	-0.00301090491999	-0.0158644492864	0.0166717054993	-0.0305640700749	-0.0596118176881	-0.00591753788385	0.0107116448807	-0.0107036774177	-0.00761909732706	-0.112228961965	-0.0286060985691	-0.0505997153846	0.0101261889691	-0.00898276602864	-0.0169192844382	0.0305141675016	0.00810580004904	-0.0495868838442	0.0393731810722	-0.0130277858748
k__Bacteria;p__Bacteroidetes;c__Bacteroidia;o__Bacteroidales;f__Odoribacteraceae;g__Odoribacter;s__Odoribacter_splanchnicus	-0.0053984758227	-0.0135856427234	-0.0156174347957	-0.0229025017696	0.0290070307262	-0.0265176794374	0.0243125322423	-0.0737366357976	-0.0154219476591	0.00348774012297	0.000625128790825	-0.0110609382407	-0.0189720866532	0.055637754709	-0.0179493099351	0.0151012685528	0.0190877539097	-0.0557390249512	0.00382582749939	1.0	-0.00424869670768	0.0527936202694	-0.000823148610101	-0.0494331241683	-0.0931443242223	-0.0360566550109	-0.032316461762	-0.0398453205573	-0.0208129551844	7.06897240936e-05	0.0350619150466	-0.0101519324592	0.00555819627361	-0.00277986955617	-0.0653642734372	0.0577213648662	-0.0514385952543	-0.035843722722	0.0128320036871	-0.0268971105794	0.00638927997524	0.0264782029348	-0.0569504359512	-0.0159689913155	-0.0446054638542	0.037330086878	0.0345445584091	-0.0745739408451	-0.0719228125042	0.00786128111987	0.0207064947852	0.00175253911416	-0.0195894483422	-0.00855936689462	0.0420855043465	0.0182901403398	0.00967890690292	0.0247567804901	-0.0608508687744
k__Bacteria;p__Bacteroidetes;c__Bacteroidia;o__Bacteroidales;f__Bacteroidaceae;g__Bacteroides;s__Bacteroides_salyersiae	-0.0291852969273	-0.0425638649002	-0.0474185258544	-0.0193066809462	-0.0713040668125	-0.0548538538795	-0.0180991178651	0.0293866309081	-0.0222270002369	0.00567273052585	-0.048366505649	0.0291492795778	-0.0234473652043	0.0153940043921	0.0887964416488	0.012203770177	-0.0400254266544	0.0694989837883	-0.0757001718538	-0.00424869670768	1.0	-0.0185516249193	0.00699349964003	-0.00154389253538	0.00211162540111	0.0141072376446	-0.0357698791121	-0.0201263081767	0.0341902235664	-0.0761745869657	0.00682008926701	0.00843833909836	-0.0119346980952	-0.025372404368	0.00610432946063	-0.0167000290859	-0.0198065564718	-0.0284088750875	-0.0490447492263	-0.0151243962334	0.0109364133258	-0.0399578614671	-0.0110823213391	0.0041425444931	-0.001979700916	-0.0235985399712	-0.0143505796824	-0.0303263042728	0.0564056062401	-0.0095271493951	0.00550419580539	-0.00749879825847	0.0447166452543	-0.00948155166612	-0.0142994057931	-0.0304131504184	0.00635858407184	0.0107432291442	-0.060882480534
k__Bacteria;p__Firmicutes;c__Clostridia;o__Clostridiales;f__Ruminococcaceae;g__Ruminiclostridium;s__[Eubacterium]_siraeum	-0.0135302322565	-0.0261579452761	0.037587995335	0.000451764492024	0.000368643636465	-0.00461210042054	0.046893100446	-0.00511657951819	-0.0224224745111	0.0282814555914	0.026471533471	0.00137039819014	0.0336436362036	0.00363722117556	0.0241128448467	0.000553044837621	0.0120183226352	-0.00888105503881	0.0223670503473	0.0527936202694	-0.0185516249193	1.0	-0.019132312673	-0.0243251389566	-0.0471192002805	-0.00041624132428	0.0435058733032	-0.00500167540711	-0.00109484715061	0.0330013757458	-0.0630683437508	0.0377787021542	0.0468990003573	0.014370400198	0.00374927798363	-0.0702027691934	-0.0153179698477	0.04437066096	0.00143574769192	0.00921198159526	-0.0521432217087	0.00798642013335	-0.00534235705944	-0.0282941423253	-0.0332986028809	0.0346963728048	-0.0105371708941	0.0280000347432	-0.0176439216228	-0.0389342219528	0.0200075496737	-0.0127177056551	0.0654276947652	-0.029162314148	0.0463443320741	-0.0750698710916	0.0124425539177	-0.0012072362726	0.0605094953783
k__Bacteria;p__Proteobacteria;c__Betaproteobacteria;o__Burkholderiales;f__Sutterellaceae;g__Parasutterella;s__Parasutterella_excrementihominis	-0.0221237469747	-0.0283421684961	0.0239369962834	0.0388876415528	-0.00376075053515	-0.0177554705861	-0.0290935149395	0.0346068624866	0.00173289480055	-0.0145592295216	-0.0317406128948	-0.05119519883	-0.0627410585637	0.00460787198079	-0.0216038457813	0.0495101434479	-0.00580460422479	0.0103880168416	-0.00487767711793	-0.000823148610101	0.00699349964003	-0.019132312673	1.0	-0.0403183849838	0.00398180583772	-0.0738231209934	0.0268574342686	-0.00124494716643	0.0291570412453	-0.0518505509673	-0.00128947973375	-0.0484376919389	0.0382863821654	-0.00288341753435	0.0255180598414	0.0078586205783	-0.036862961341	-0.0147916827347	-0.021228783709	-0.0323169757143	-0.0303086009037	0.028861901822	-0.0401264744047	-0.00871621137799	-0.0116738328866	-0.00408162403138	0.0163095838092	-0.0415849443124	0.0134241748853	0.0439895809022	-0.0214352640155	0.00420845948317	-0.0225425832235	-0.0252219793587	0.00347343057581	0.0330053661773	-0.0545950533495	-0.0111261074619	0.0524873807428
k__Bacteria;p__Actinobacteria;c__Actinobacteria;o__Bifidobacteriales;f__Bifidobacteriaceae;g__Bifidobacterium;s__Bifidobacterium_adolescentis	-0.0208697977074	-0.0474032979156	-0.00785044008054	-0.0608098040561	0.0259338664187	0.0524862056708	-0.0079043600306	-0.00276001300274	-0.0044184855879	-0.0129640534589	-0.0175964372146	0.0553466470941	-0.0191692116554	0.0227671770841	0.0159319020171	-0.0226878690404	0.0328549349388	0.00135720192415	-0.0438472311359	-0.0494331241683	-0.00154389253538	-0.0243251389566	-0.0403183849838	1.0	0.0435919103361	-0.000992874212617	0.0196699793999	0.0200934269721	0.0324666568057	0.018352851887	-0.00821324621005	-0.0158542344667	-0.0190632890069	0.0004996526378	-0.0813108617478	0.0186502604146	0.0196308938463	-0.00629020447379	-0.0344689428798	-0.000301070577237	0.0150193288788	-0.061149046202	0.00161246767275	-0.069514969471	0.0285982587726	-0.0302901590256	0.0523105971739	-0.0210299446408	-0.0123078786493	-0.00915332753626	-0.00396396253033	0.0321082284493	-0.0320732394744	0.0289309165755	0.0222011678555	-0.020892333454	-0.0363670130585	0.0375353252929	0.00626383084474
k__Bacteria;p__Firmicutes;c__Clostridia;o__Clostridiales;f__Oscillospiraceae;g__Oscillibacter;s__Oscillibacter_sp._KLE_1745	0.0147585174177	-0.0296485161319	-0.00199735372183	-0.00486300725849	-0.0507690184079	-0.0157751221308	0.010514083604	0.0471916145273	-0.0700267462676	-0.0204804775937	-0.0153851113713	0.0124712385542	-0.000269901314162	0.00402077985565	-0.0444824414681	-0.0589069917373	0.00651198691597	-0.0210160463141	-0.0140789624892	-0.0931443242223	0.00211162540111	-0.0471192002805	0.00398180583772	0.0435919103361	1.0	-0.00831658491187	-0.0753862327241	-0.0292788279333	-0.016168437035	0.00807387373325	0.0753608712896	0.0281730053224	-0.0886345384723	-0.00463481046219	0.00592829609622	-0.00748408924839	0.0434733509569	0.0230777916832	0.0535860307342	0.0159435118124	-0.0161926751097	0.0278399551374	-0.0368984967364	-0.00552642699319	0.0285998356927	-0.039620031776	-0.0209446974233	-0.00668597538606	-0.0511741640199	0.011989276751	0.0102431012945	-0.019688539145	-0.0281804498008	-0.0341396532097	-0.0658822220204	-0.0162212201673	-0.0225401827636	-0.01019426205	-0.00608637188989
k__Bacteria;p__Bacteroidetes;c__Bacteroidia;o__Bacteroidales;f__Bacteroidaceae;g__Bacteroides;s__Bacteroides_coprophilus	-0.0359694361108	-0.0569287594213	-0.0640604101533	0.0090301226574	0.00081224115958	-0.00598001599093	0.0407414270494	0.0293092150825	-0.0312678845522	-0.0263965403076	0.0389735867219	-0.00487816374063	-0.0640783788241	0.0151723211349	0.0382157720943	0.0338688901481	-0.0261424764089	-0.00932997874442	0.0146635704456	-0.0360566550109	0.0141072376446	-0.00041624132428	-0.0738231209934	-0.000992874212616	-0.00831658491187	1.0	0.0114634258628	-0.00390778412017	0.101150465001	-0.00102384244036	-0.0202042084697	-0.0199801094623	-0.045385099271	0.00748033383705	0.0218954583599	0.0725560959563	-0.0345249105028	0.0409375483754	0.0212592910024	-0.0150526750804	-0.0132670995932	-0.0133195377051	-0.0189013243334	-0.0230328114103	0.0300939471443	-0.0337114928674	0.0394736597577	-0.0512060465387	-0.0610396288013	-0.0607130506399	-0.0200469580192	-0.0185006481971	0.013808389562	0.0282994233886	-0.0123766545247	0.00335222382667	0.0112826604203	0.00730968246591	-0.0415888936089
k__Bacteria;p__Firmicutes;c__Clostridia;o__Clostridiales;f__Lachnospiraceae;g__Roseburia;s__Roseburia_intestinalis	-0.00992501915057	-0.0442023578051	-0.00848746058114	0.0323624953111	-0.0389628636028	-0.0137538460476	-0.0024996489671	-0.000242593597698	0.0318758919816	-0.0105280593592	0.0384164000649	0.029187575507	0.0389319932199	0.0523000362428	-0.00742877023315	0.0336824129606	-0.0156500574936	-0.00129126936018	-0.0331456096598	-0.032316461762	-0.0357698791121	0.0435058733032	0.0268574342686	0.0196699793999	-0.0753862327241	0.0114634258628	1.0	-0.027255457571	-0.0120186669375	0.0225543374727	0.0227444770525	-0.00781262429908	-0.0540637941553	-0.051554187637	-0.0295256491496	-0.0496823769423	-0.0312237002053	-0.0440689352937	-0.0267018126998	-0.0255413653401	0.0107701323695	0.0821391810107	-0.0339008830927	-0.000276746663813	0.0214505837062	-0.00998636696487	-0.0662580710403	0.00166590854661	0.0130271092888	-0.0675914152514	-0.0368014967065	-0.0117592980154	0.0576222467171	-0.0215001707458	-0.0456528911729	0.0393216586851	0.0257984002661	0.0209237074683	0.0230619967571
k__Bacteria;p__Firmicutes;c__Clostridia;o__Clostridiales;f__Lachnospiraceae;g__Roseburia;s__Roseburia_hominis	0.0200723248852	0.059357657401	-0.0841219384176	0.00864541071805	-0.0189949260242	0.0151603859217	-0.0560585687355	0.00289988030083	-0.00828085633713	-0.0101674318095	-0.0157787690426	0.0116330138003	0.0205319767566	0.0115096462861	-0.0331949632265	-0.00410642389707	-0.042299680956	-0.00376084372462	-0.00329826005985	-0.0398453205573	-0.0201263081767	-0.00500167540711	-0.00124494716643	0.0200934269721	-0.0292788279333	-0.00390778412017	-0.027255457571	1.0	0.00785004648092	-0.0142809403406	-0.0129931669469	0.0155146779663	-0.032371845337	-0.0041920843276	-0.0144114278826	0.01022385186	-0.0169026143996	0.0279640279711	-0.024031294244	0.0032092186343	-0.0547468664209	-0.0240028946416	-0.00485329447723	-0.038126439582	-0.0249875017267	-0.0226416975978	-0.0560292637323	0.0448133186578	0.00330060452503	0.0242436504737	-0.0301746194545	0.0322760014995	-0.0314485889755	-0.0344914113296	0.000402368256409	-0.0393293934876	-0.0220283138651	0.0139948422631	-0.0569624815138
k__Bacteria;p__Bacteroidetes;c__Bacteroidia;o__Bacteroidales;f__Porphyromonadaceae;g__Parabacteroides;s__Parabacteroides_johnsonii	-0.032379248296	-0.0486965010258	-0.0172997534027	-0.0449795455689	-0.0228808115736	0.0191314464548	0.00531267257544	0.0304277359439	-0.0608254334023	-0.00702816700985	-0.00394950636238	-0.0768381309582	-0.0350128530749	-0.00926375309812	-0.0102951774562	-0.0242353987302	-0.00038976837487	0.0242209858125	0.0184120465182	-0.0208129551844	0.0341902235664	-0.00109484715061	0.0291570412453	0.0324666568057	-0.016168437035	0.101150465001	-0.0120186669375	0.00785004648092	1.0	-0.0554850089719	0.0253806155873	0.0502170328327	-0.00402104202876	0.0679294684803	-0.035993532037	0.0594754279614	-0.0444614587054	0.0133362328266	0.0335864795035	0.0178845059055	0.00387269790759	-0.0199399218633	-0.0796500288931	0.0459943588023	0.0511570039155	0.00430704979795	-0.000793556263918	-0.0141385885476	-0.0163399948865	-0.0289566429011	-0.0086556638723	0.0337145878521	0.00460200602254	-0.023096792252	0.0368536622629	-0.0753186759914	-0.0269432045108	-0.00439518116598	-0.00825756156063
k__Bacteria;p__Actinobacteria;c__Actinobacteria;o__Bifidobacteriales;f__Bifidobacteriaceae;g__Bifidobacterium;s__Bifidobacterium_longum	-0.0157138521796	-0.024092451089	0.0343510077562	-0.0123440104692	-0.00581518523774	-0.0351809909722	0.0193874240272	-0.0481505756855	0.0414838468841	-0.0172616359441	0.0163584144465	0.0149513444147	0.0710103982897	-0.0103235701644	0.0128319431621	0.0504203385413	-0.00850493858438	-0.0187180226328	0.0103443170956	7.06897240936e-05	-0.0761745869657	0.0330013757458	-0.0518505509673	0.018352851887	0.00807387373325	-0.00102384244036	0.0225543374727	-0.0142809403406	-0.0554850089719	1.0	-0.0740839118551	-0.0180858020934	0.00905049965833	-0.0319458205702	-0.012123217158	-0.0124947719127	-0.0624202204959	-0.022792723126	0.00668017138855	0.0200158743172	-0.0292262238587	0.128739255659	-0.0278957589671	0.049786332856	-0.0673649964629	0.0529673199086	0.033331852299	-0.0407362039426	-0.0139490970862	-0.00731703763552	-0.0241511426794	-0.0141067379002	-0.0469063735686	0.0102423039524	-0.0471886605863	-0.0618164705679	0.0133130417219	0.0057367635655	0.0750838845257
