#taxonomy	k__Bacteria;p__Bacteroidetes;c__Bacteroidia;o__Bacteroidales;f__Bacteroidaceae;g__Bacteroides;s__Bacteroides_vulgatus	k__Bacteria;p__Bacteroidetes;c__Bacteroidia;o__Bacteroidales;f__Bacteroidaceae;g__Bacteroides;s__Bacteroides_uniformis	k__Bacteria;p__Bacteroidetes;c__Bacteroidia;o__Bacteroidales;f__Rikenellaceae;g__Alistipes;s__Alistipes_putredinis	k__Bacteria;p__Bacteroidetes;c__Bacteroidia;o__Bacteroidales;f__Prevotellaceae;g__Prevotella;s__Prevotella_copri	k__Bacteria;p__Bacteroidetes;c__Bacteroidia;o__Bacteroidales;f__Bacteroidaceae;g__Bacteroides;s__Bacteroides_stercoris	k__Bacteria;p__Bacteroidetes;c__Bacteroidia;o__Bacteroidales;f__Bacteroidaceae;g__Bacteroides;s__Bacteroides_ovatus	k__Bacteria;p__Bacteroidetes;c__Bacteroidia;o__Bacteroidales;f__Rikenellaceae;g__Alistipes;s__Alistipes_shahii	k__Bacteria;p__Firmicutes;c__Clostridia;o__Clostridiales;f__Ruminococcaceae;g__Faecalibacterium;s__Faecalibacterium_prausnitzii	k__Bacteria;p__Bacteroidetes;c__Bacteroidia;o__Bacteroidales;f__Rikenellaceae;g__Alistipes;s__Alistipes_finegoldii	k__Bacteria;p__Bacteroidetes;c__Bacteroidia;o__Bacteroidales;f__Porphyromonadaceae;g__Parabacteroides;s__Parabacteroides_distasonis	k__Bacteria;p__Bacteroidetes;c__Bacteroidia;o__Bacteroidales;f__Bacteroidaceae;g__Bacteroides;s__Bacteroides_thetaiotaomicron	k__Bacteria;p__Bacteroidetes;c__Bacteroidia;o__Bacteroidales;f__Bacteroidaceae;g__Bacteroides;s__Bacteroides_coprocola	k__Bacteria;p__Bacteroidetes;c__Bacteroidia;o__Bacteroidales;f__Bacteroidaceae;g__Bacteroides;s__Bacteroides_cellulosilyticus	k__Bacteria;p__Bacteroidetes;c__Bacteroidia;o__Bacteroidales;f__Rikenellaceae;g__Alistipes;s__Alistipes_obesi	k__Bacteria;p__Firmicutes;c__Clostridia;o__Clostridiales;f__Lachnospiraceae;g__;s__[Eubacterium]_rectale	k__Bacteria;p__Bacteroidetes;c__Bacteroidia;o__Bacteroidales;f__Bacteroidaceae;g__Bacteroides;s__Bacteroides_plebeius	k__Bacteria;p__Bacteroidetes;c__Bacteroidia;o__Bacteroidales;f__Bacteroidaceae;g__Bacteroides;s__Bacteroides_fragilis	k__Bacteria;p__Proteobacteria;c__Betaproteobacteria;o__Burkholderiales;f__Sutterellaceae;g__Sutterella;s__Sutterella_wadsworthensis	k__Bacteria;p__Bacteroidetes;c__Bacteroidia;o__Bacteroidales;f__Porphyromonadaceae;g__Barnesiella;s__Barnesiella_intestinihominis	k__Bacteria;p__Bacteroidetes;c__Bacteroidia;o__Bacteroidales;f__Odoribacteraceae;g__Odoribacter;s__Odoribacter_splanchnicus	k__Bacteria;p__Bacteroidetes;c__Bacteroidia;o__Bacteroidales;f__Bacteroidaceae;g__Bacteroides;s__Bacteroides_salyersiae	k__Bacteria;p__Firmicutes;c__Clostridia;o__Clostridiales;f__Ruminococcaceae;g__Ruminiclostridium;s__[Eubacterium]_siraeum	k__Bacteria;p__Proteobacteria;c__Betaproteobacteria;o__Burkholderiales;f__Sutterellaceae;g__Parasutterella;s__Parasutterella_excrementihominis	k__Bacteria;p__Actinobacteria;c__Actinobacteria;o__Bifidobacteriales;f__Bifidobacteriaceae;g__Bifidobacterium;s__Bifidobacterium_adolescentis	k__Bacteria;p__Firmicutes;c__Clostridia;o__Clostridiales;f__Oscillospiraceae;g__Oscillibacter;s__Oscillibacter_sp._KLE_1745	k__Bacteria;p__Bacteroidetes;c__Bacteroidia;o__Bacteroidales;f__Bacteroidaceae;g__Bacteroides;s__Bacteroides_coprophilus	k__Bacteria;p__Firmicutes;c__Clostridia;o__Clostridiales;f__Lachnospiraceae;g__Roseburia;s__Roseburia_intestinalis	k__Bacteria;p__Firmicutes;c__Clostridia;o__Clostridiales;f__Lachnospiraceae;g__Roseburia;s__Roseburia_hominis	k__Bacteria;p__Bacteroidetes;c__Bacteroidia;o__Bacteroidales;f__Porphyromonadaceae;g__Parabacteroides;s__Parabacteroides_johnsonii	k__Bacteria;p__Actinobacteria;c__Actinobacteria;o__Bifidobacteriales;f__Bifidobacteriaceae;g__Bifidobacterium;s__Bifidobacterium_longum	k__Bacteria;p__Firmicutes;c__Clostridia;o__Clostridiales;f__;g__Flavonifractor;s__Flavonifractor_plautii	k__Bacteria;p__Firmicutes;c__Clostridia;o__Clostridiales;f__Clostridiaceae;g__Clostridium;s__Clostridium_phoceensis	k__Bacteria;p__Verrucomicrobia;c__Verrucomicrobiae;o__Verrucomicrobiales;f__Akkermansiaceae;g__Akkermansia;s__Akkermansia_muciniphila	k__Bacteria;p__Bacteroidetes;c__Bacteroidia;o__Bacteroidales;f__Prevotellaceae;g__Paraprevotella;s__Paraprevotella_xylaniphila	k__Bacteria;p__Firmicutes;c__Clostridia;o__Clostridiales;f__Ruminococcaceae;g__Ruminococcus;s__Ruminococcus_callidus	k__Bacteria;p__Bacteroidetes;c__Bacteroidia;o__Bacteroidales;f__Rikenellaceae;g__Alistipes;s__Alistipes_senegalensis	k__Bacteria;p__Firmicutes;c__Clostridia;o__Clostridiales;f__Lachnospiraceae;g__Blautia;s__Blautia_sp._KLE_1732	k__Bacteria;p__Bacteroidetes;c__Bacteroidia;o__Bacteroidales;f__Bacteroidaceae;g__Bacteroides;s__Bacteroides_oleiciplenus	k__Bacteria;p__Firmicutes;c__Clostridia;o__Clostridiales;f__Ruminococcaceae;g__Ruminococcus;s__Ruminococcus_bicirculans	k__Bacteria;p__Bacteroidetes;c__Bacteroidia;o__Bacteroidales;f__Bacteroidaceae;g__Bacteroides;s__Bacteroides_fluxus	k__Bacteria;p__Bacteroidetes;c__Bacteroidia;o__Bacteroidales;f__Prevotellaceae;g__Prevotella;s__Prevotella_stercorea	k__Bacteria;p__Firmicutes;c__Clostridia;o__Clostridiales;f__Lachnospiraceae;g__Dorea;s__Dorea_longicatena	k__Bacteria;p__Firmicutes;c__Clostridia;o__Clostridiales;f__Eubacteriaceae;g__Eubacterium;s__[Eubacterium]_eligens	k__Bacteria;p__Firmicutes;c__Clostridia;o__Clostridiales;f__Ruminococcaceae;g__;s__Ruminococcaceae_bacterium_D16	k__Bacteria;p__Firmicutes;c__Clostridia;o__Clostridiales;f__Lachnospiraceae;g__Coprococcus;s__Coprococcus_comes	k__Bacteria;p__Proteobacteria;c__Gammaproteobacteria;o__Enterobacterales;f__Enterobacteriaceae;g__Escherichia;s__Escherichia_coli	k__Bacteria;p__Firmicutes;c__Clostridia;o__Clostridiales;f__Ruminococcaceae;g__Anaerotruncus;s__Anaerotruncus_colihominis	k__Bacteria;p__Firmicutes;c__Clostridia;o__Clostridiales;f__Lachnospiraceae;g__Blautia;s__Blautia_obeum	k__Bacteria;p__Bacteroidetes;c__Bacteroidia;o__Bacteroidales;f__Odoribacteraceae;g__Odoribacter;s__Odoribacter_laneus	k__Bacteria;p__Firmicutes;c__Clostridia;o__Clostridiales;f__Ruminococcaceae;g__Ruminiclostridium;s__[Clostridium]_leptum	k__Bacteria;p__Bacteroidetes;c__Bacteroidia;o__Bacteroidales;f__Porphyromonadaceae;g__Parabacteroides;s__Parabacteroides_goldsteinii	k__Bacteria;p__Firmicutes;c__Clostridia;o__Clostridiales;f__Lachnospiraceae;g__Anaerostipes;s__Anaerostipes_hadrus	k__Bacteria;p__Firmicutes;c__Clostridia;o__Clostridiales;f__Ruminococcaceae;g__Ruminococcus;s__Ruminococcus_lactaris	k__Bacteria;p__Firmicutes;c__Clostridia;o__Clostridiales;f__Clostridiaceae;g__Clostridium;s__Clostridium_sp._L2-50	k__Bacteria;p__Firmicutes;c__Clostridia;o__Clostridiales;f__Clostridiaceae;g__Clostridium;s__Clostridium_sp._M62/1	k__Bacteria;p__Firmicutes;c__Clostridia;o__Clostridiales;f__;g__Intestinimonas;s__Intestinimonas_butyriciproducens	k__Bacteria;p__Actinobacteria;c__Actinobacteria;o__Bifidobacteriales;f__Bifidobacteriaceae;g__Bifidobacterium;s__Bifidobacterium_bifidum	k__Bacteria;p__Firmicutes;c__Negativicutes;o__Veillonellales;f__Veillonellaceae;g__Dialister;s__Dialister_invisus	k__Bacteria;p__Bacteroidetes;c__Bacteroidia;o__Bacteroidales;f__Bacteroidaceae;g__Bacteroides;s__Bacteroides_salanitronis
k__Bacteria;p__Bacteroidetes;c__Bacteroidia;o__Bacteroidales;f__Bacteroidaceae;g__Bacteroides;s__Bacteroides_vulgatus	1.0	0.0708993109845	0.0218884170892	0.0384089054356	0.0134684606177	0.00682370670607	-0.0481951101054	0.0066806739248	0.000185515974729	-0.0192140226733	-0.037916595654	0.00640664904069	-0.0378985195462	0.0293315247629	0.0436345941575	0.0237768892505	-0.0501593870717	0.0280374469559	0.029203476174	0.0493500103618	-0.0506072006634	-0.00744578877836	-0.00607518853536	0.0094370753668	0.0517931662271	-0.032623989588	-0.0388654771342	-0.0128069572164	0.0132130883277	0.000763640029877	-0.0260235898814	0.0150024926225	-0.0236985848659	0.0242104435903	0.0182785385078	-0.0442164477227	-0.000366933075431	-0.00871009054999	0.0332662328097	-0.0034161179609	-0.0248177210747	0.0604899552623	0.0144465813994	-0.010505550609	-0.0539089443764	0.0147389211296	0.0625790010023	0.00395965094929	-0.0372767891496	0.0114892468726	0.0418901770255	-0.0171382184979	0.00149926592699	0.0365884778111	-0.0499595124382	-0.0175991166195	-0.065550332829	0.0196153933415	-0.024996132176
k__Bacteria;p__Bacteroidetes;c__Bacteroidia;o__Bacteroidales;f__Bacteroidaceae;g__Bacteroides;s__Bacteroides_uniformis	0.0708993109845	1.0	-0.00809220744321	0.0107458521783	-0.041428074756	-0.0119217770411	-0.0280334678325	-0.0788716336784	-0.049823519443	-0.0302012725318	0.0802092967342	0.0146835267295	-0.036749617042	0.0298903000614	-0.0146634776505	-0.0260970511432	-0.0561690040469	0.0203620380383	0.0105399400023	0.0315724411952	-0.0788878795838	-0.0664335689271	-0.0203993856286	0.0434207956044	-0.0681973603328	0.0241085940005	-0.0288624986838	-0.0713112765191	-0.0390589072613	-0.0420051855314	-0.0168242863431	0.0025026757539	0.0451020090164	0.0123896300366	-0.0015114321329	0.0363572126486	-0.0618377042944	-0.0193696837742	0.017345826161	0.0566968233045	-0.040280649055	0.0316264364404	-0.0015720843334	-0.084805066264	0.0223187528394	-0.00414842394726	-0.0319978237086	0.0156994176483	0.0583205390165	-0.028348116457	-0.0452615692026	0.016824823073	-0.0212936156427	0.0445534235266	0.011752093865	0.0192234754936	0.0396963670832	0.00655308933366	-0.0247977440331
k__Bacteria;p__Bacteroidetes;c__Bacteroidia;o__Bacteroidales;f__Rikenellaceae;g__Alistipes;s__Alistipes_putredinis	0.0218884170892	-0.00809220744321	1.0	-0.00543636129125	-0.0319045789062	-0.00968450596549	0.0193084250824	-0.0342313865434	0.00502732051954	0.0363213277152	-0.0122467737733	0.0187970000918	-0.00311447298522	0.00438866921159	-0.0274232363845	0.00171632627834	0.0832698477499	-0.0455537403624	-0.0176285819489	0.037598433383	-0.0156478805466	0.0112914263403	-0.058943346333	-0.00247353813834	0.0780624753683	0.0342951014797	0.0269472324228	0.01127632988	0.0174608473132	-0.0501622417391	0.0326783916142	0.0241183920664	0.0140315814422	0.0223855352173	-0.0200814733256	-0.0169249023378	-0.0141029168327	-0.0644926432822	-0.0304297871739	0.0142095166604	-0.0405936288456	-0.0388834475358	-0.0377099451821	0.0656889534334	0.0486913717862	-0.085492621091	0.0180109252804	0.00502068421835	-0.000100473069061	-0.00636274157122	-0.0210642514194	-0.0742405648574	-0.0324197942786	0.0100119880635	-0.0194368209026	-0.00328504909305	0.00343041693409	-0.0212118630926	-0.0130841049975
k__Bacteria;p__Bacteroidetes;c__Bacteroidia;o__Bacteroidales;f__Prevotellaceae;g__Prevotella;s__Prevotella_copri	0.0384089054356	0.0107458521783	-0.00543636129125	1.0	-0.0315212478439	-0.0235970305035	-0.0266374142353	-0.0175473301985	-0.0196951421261	0.0546343796453	-0.0213772644188	-0.0279938900427	0.000599386493433	0.0584703412215	0.012351666269	0.0247859014442	0.0566990293195	-0.0276599111301	0.0185519027977	-0.0370949131049	0.0447966164448	-0.0583565130125	0.0052496240211	0.00809900254021	0.0104883022375	0.0308095311334	0.0167397123447	-0.0303592652936	-0.0702647841042	-0.00555552431708	-0.00142703023965	0.0231330631579	-0.0303190829085	-0.0517580608285	-0.0699858908506	0.0414893171796	0.00790359351574	-0.051383387584	-0.0666073128083	0.00515398248553	0.0466483238814	0.00845876929142	0.0131403414491	0.012593343449	0.0554769453673	-0.0928371526663	-0.0157852430747	-0.0222147408361	0.0437405141232	-0.0249405414252	-0.0219123976853	0.00116608431812	0.00425806672255	0.0174833079396	-0.00936387140863	-0.0406664811019	-0.0724455792347	0.0102794093565	-0.0241957802443
k__Bacteria;p__Bacteroidetes;c__Bacteroidia;o__Bacteroidales;f__Bacteroidaceae;g__Bacteroides;s__Bacteroides_stercoris	0.0134684606177	-0.041428074756	-0.0319045789062	-0.0315212478439	1.0	-0.0292937824105	-0.0116727868989	-0.030938867375	-0.0110153872036	-0.026693057326	0.0480534478032	-0.0200459227511	-0.019183423091	0.0109738583033	-0.00698608132131	-0.0173067881914	-0.0162779987315	-0.0155609633742	-0.0140623622279	-0.00360984853572	-0.000299649356767	0.00445019966267	-0.0204369266251	0.0724203065467	-0.0535123554039	0.0527277488878	-0.00172410476759	0.0317307871597	-0.0151340052333	-0.00888068371498	-0.0433865981742	0.0197634397624	-0.0384962849703	-0.0216074626585	0.0179129497068	-0.051046032565	-0.0320466965924	0.0483419523415	-0.0382729249796	0.0482368785323	0.0358959933735	-0.036757334837	0.00161120413866	-0.0437252531914	-0.0177860048864	-0.0380695806853	-0.0179404158996	0.0133928779515	-0.0247787419393	0.0313115844566	-0.0261177045658	0.0403617727005	-0.0058751758834	-0.013336790473	-0.00863449919984	-0.0259245993917	-0.00187949759081	0.00815165102913	-0.0354734435112
k__Bacteria;p__Bacteroidetes;c__Bacteroidia;o__Bacteroidales;f__Bacteroidaceae;g__Bacteroides;s__Bacteroides_ovatus	0.00682370670607	-0.0119217770411	-0.00968450596549	-0.0235970305035	-0.0292937824105	1.0	-0.0493811886157	0.0241948129736	-0.0536617894597	-0.0512453408723	0.0255886365291	0.0126590585173	-0.0250415328129	0.00386250170455	-0.0384134907136	-0.0174669368957	0.0180496908543	-0.0818183233144	-0.00998985340563	-0.0464572195833	-0.0169565075593	0.0657533340585	0.0498877193559	-0.0162635169533	-0.00993667444052	-0.0297450462038	0.00391612611124	-0.0491344610656	-0.0613484954298	-0.0459893135301	-0.0239307545743	-0.00952990736507	0.00789460153725	0.0131497273307	0.00251644253047	0.0303490242418	-0.0101373446676	-0.0271416441605	-0.0602990793787	0.0113991979272	0.00288929971764	0.0338193908378	-0.0445073326963	-0.00956085731247	0.00321768475603	-0.00329298300834	0.00891309108115	-0.0551442933156	0.0338456658734	0.0421282911685	0.0093295130536	0.00502711410514	-0.0170644058116	-0.0214981398278	0.0504504248118	-0.0178187968664	0.0209520616304	-0.0187017753397	-0.00447005102793
k__Bacteria;p__Bacteroidetes;c__Bacteroidia;o__Bacteroidales;f__Rikenellaceae;g__Alistipes;s__Alistipes_shahii	-0.0481951101054	-0.0280334678325	0.0193084250824	-0.0266374142353	-0.0116727868989	-0.0493811886157	1.0	-0.033971842837	-0.0723232873844	-0.0110695186003	-0.00155889048158	0.0237268803347	0.0289590295088	-0.0147559293854	0.025558280412	-0.0273296008528	0.00972098762815	0.0182082195616	-0.0540157316029	0.00504658201952	-0.0117058227255	-0.0257040259675	-0.00223246115973	-0.0136227185625	0.0237586604008	0.0224576756687	-0.0435706707008	-0.0105939258121	-0.020466629203	0.0328644055499	0.0423031330847	-0.0184662091311	0.0187362334683	-0.00619678269208	0.0463287567712	-0.0919881752091	0.000503720243701	-0.0285122338098	-0.0166187255781	0.0251182256384	-0.00153698701712	0.00363840494533	-0.0204787508536	0.00864270848317	0.00573575084359	0.0205746831927	-0.0598335532317	0.0231648086039	-0.0636443078856	-0.00011572389789	-0.0491892117662	-0.000658697013756	-0.0107552921104	0.00458177385628	-0.0205732716874	-0.029282971782	-0.0364038044059	-0.0349375187166	-0.031566294365
k__Bacteria;p__Firmicutes;c__Clostridia;o__Clostridiales;f__Ruminococcaceae;g__Faecalibacterium;s__Faecalibacterium_prausnitzii	0.0066806739248	-0.0788716336784	-0.0342313865434	-0.0175473301985	-0.030938867375	0.0241948129736	-0.033971842837	1.0	-0.0097664076835	-0.0522631615428	-0.0263381502145	0.0225894130726	-0.00495897558337	0.0626976207059	0.00601100586403	-0.0319234146655	-0.0387814076173	0.0169799932236	0.0432896577952	0.0159454021568	0.0783261428633	0.0216637499305	0.0842471618506	0.00822663400757	0.0416766104714	-0.065188687687	-0.064490030196	-0.0373174673527	-0.00969449738618	-0.0390148461119	0.00701138850493	0.00237138622177	-0.0706993592601	0.0598801714317	0.0306297257938	-0.0282182128551	-0.0186842161555	0.0202407490216	-0.0100375221969	0.072374535902	-0.0125846869132	-0.00914645526634	0.041727046267	-0.00245595932893	-0.0637863866817	-0.0653057282984	-0.0319966377589	-0.0110168823024	-0.0657703479421	0.0894800471347	0.0793005279084	-0.00517713921091	-0.0252665812674	-0.0471243728199	-0.0423351193135	0.0170875799694	-0.00261198040865	-0.0328789913256	0.000430573379567
k__Bacteria;p__Bacteroidetes;c__Bacteroidia;o__Bacteroidales;f__Rikenellaceae;g__Alistipes;s__Alistipes_finegoldii	0.000185515974729	-0.049823519443	0.00502732051954	-0.0196951421261	-0.0110153872036	-0.0536617894597	-0.0723232873844	-0.0097664076835	1.0	-0.0397014431935	-0.0447302209183	0.0131078281406	-0.00780432998995	0.03183141461	-0.0226572086626	-0.0420206148881	0.0389723766934	-0.0310537709441	-0.0205869925451	-0.018763543404	0.0292453904936	0.0193394532533	-0.000228066136617	-0.00115209648129	-0.0619843221279	-0.00835230509391	-0.0117973032174	0.0384563726961	0.00944682834849	-0.0682294727865	-0.0359720634736	0.0465952750801	0.0164326897853	0.00272395656062	-0.00594098593223	0.0364098260233	-0.0516386866623	-0.0465241516968	0.0322025229334	0.0246201761891	-0.00792242940427	0.0177582058403	0.00882758225003	0.0481191674701	-0.00826445323684	0.0299695892417	0.0174979170323	-0.00847260965082	0.0206376292121	0.036396197519	0.00135170284165	-0.0314741884253	-0.00545187290669	0.0399433143749	-0.0457093727821	0.0362961700986	-0.0688242548444	0.0023218436143	0.0448900234105
k__Bacteria;p__Bacteroidetes;c__Bacteroidia;o__Bacteroidales;f__Porphyromonadaceae;g__Parabacteroides;s__Parabacteroides_distasonis	-0.0192140226733	-0.0302012725318	0.0363213277152	0.0546343796453	-0.026693057326	-0.0512453408723	-0.0110695186003	-0.0522631615428	-0.0397014431935	1.0	-0.0182566074206	-0.0064216925401	0.0380299894937	0.0120379049029	-0.00334095592899	0.0321479955115	-0.0110751897363	0.0411056012213	0.00664420996699	-0.0486589288585	-0.0256115180831	0.00512361357603	-0.00839271086391	0.0266912767687	-0.0486364128532	0.0168592863291	0.0204666562885	0.0158228595204	-0.0284987106846	-0.0169617687195	-0.0178094221159	-0.0255985360731	-0.0192529086288	-0.00880678492599	0.0248129830737	-0.00416259184513	-0.060297455157	0.028080491333	-0.0272711322936	-0.0596209164613	-0.0429768950973	-0.00732980632291	-0.0554239964178	-0.0244445431546	-0.0309784843178	-0.0100729716073	-0.0293918307432	0.0348280652182	-0.0166788740818	-0.0398377698717	0.0344472634072	0.0329957028001	0.0407665375111	0.00311427278181	-0.0180363444888	-0.0262983234432	0.04994431762	-0.041234997814	-0.00404907253007
k__Bacteria;p__Bacteroidetes;c__Bacteroidia;o__Bacteroidales;f__Bacteroidaceae;g__Bacteroides;s__Bacteroides_thetaiotaomicron	-0.037916595654	0.0802092967342	-0.0122467737733	-0.0213772644188	0.0480534478032	0.0255886365291	-0.00155889048158	-0.0263381502145	-0.0447302209183	-0.0182566074206	1.0	-0.0252269746955	-0.0503343925047	-0.00467545512203	-0.00935783491089	-0.00181291521418	-0.00581796380796	-0.00461276256357	-0.0596788292236	-0.0154595731219	-0.0236227176986	0.010906493325	0.0273765511189	0.0431206511195	-0.030629730055	-0.00697606696093	0.0393239062424	0.0157203305947	-0.00626358169676	0.0126653502655	0.00776435335294	-0.0171888526323	0.0160612433628	0.013051249894	0.00205274369928	0.0213956757809	-0.0526852678144	-0.0456277699526	0.0109859406183	-0.00461194991546	-0.00139284779701	-0.04372463695	0.010150474922	-0.0737738195516	0.0158341727875	-0.0142625821357	0.0531661687916	0.00417767660522	0.0209710427906	-0.037533763161	-0.0405181511787	-0.0343281209766	0.0184234559897	-0.0811119638895	0.0244997337461	-0.0258693647972	-0.0618520830329	-0.0486688732973	0.0126183996367
k__Bacteria;p__Bacteroidetes;c__Bacteroidia;o__Bacteroidales;f__Bacteroidaceae;g__Bacteroides;s__Bacteroides_coprocola	0.00640664904069	0.0146835267295	0.0187970000918	-0.0279938900427	-0.0200459227511	0.0126590585173	0.0237268803347	0.0225894130726	0.0131078281406	-0.0064216925401	-0.0252269746955	1.0	-0.00473323677401	-0.0523174080857	-0.0110219440178	0.030443636954	0.0237139384694	-0.0174837198018	0.0044336189187	-0.0349473972337	-0.0135440750292	0.0264188995744	-0.0241706087574	0.00450722134606	0.00161284983283	-0.0273980525889	0.0220074694322	-0.0141753984567	0.0207100729997	0.0118282286793	-0.0183621154476	0.0167889164072	-0.0443716330838	0.00564207414507	-0.0325296125932	0.0288161506	0.0176240019171	-0.0892096251626	-0.0157837752025	-0.0169622720425	-0.021737869647	-0.0118600038147	-0.00603686084924	-0.032329463277	-0.00343111618045	0.0458799190565	-0.0143452786817	-0.00746753745723	-0.0261472802084	-0.00266478368027	-0.075262581146	-0.00204945850249	-0.0257457161192	0.00807960927205	0.015618907261	-0.0102705951846	-0.0169481869681	-0.0249054907636	0.0106939694644
k__Bacteria;p__Bacteroidetes;c__Bacteroidia;o__Bacteroidales;f__Bacteroidaceae;g__Bacteroides;s__Bacteroides_cellulosilyticus	-0.0378985195462	-0.036749617042	-0.00311447298522	0.000599386493433	-0.019183423091	-0.0250415328129	0.0289590295088	-0.00495897558337	-0.00780432998995	0.0380299894937	-0.0503343925047	-0.00473323677401	1.0	-0.0303604413111	-0.00969041443012	-0.0668122406006	-0.0250917715821	0.0249527247983	-0.00510940413124	-0.0044200695213	-0.0217540943383	0.0244390451528	-0.00652602671205	-0.00572393470326	-0.00805773795159	-0.0469025875145	-0.00774151376919	-0.0662655474192	0.00711205961231	-0.021312903441	-0.0271318793761	0.00775296993179	0.00969918198559	-0.0189546031307	-0.0352583868071	-0.00150255662808	0.0422899752679	-0.0139846524293	0.027591757209	-0.0605976157759	-0.0263776898448	-0.0347684586922	0.0457139118493	0.0391610899716	-0.0793843910784	-0.0263974518107	0.0206942140963	0.0114961496978	0.0262629593665	-0.0353463480976	0.0313431808404	0.0434782767293	0.0236755758081	-0.00644245979478	-0.0187541885723	-0.073054979703	0.00685485171007	-0.0369446189298	0.0110575640356
k__Bacteria;p__Bacteroidetes;c__Bacteroidia;o__Bacteroidales;f__Rikenellaceae;g__Alistipes;s__Alistipes_obesi	0.0293315247629	0.0298903000614	0.00438866921159	0.0584703412215	0.0109738583033	0.00386250170455	-0.0147559293854	0.0626976207059	0.03183141461	0.0120379049029	-0.00467545512203	-0.0523174080857	-0.0303604413111	1.0	0.0320692235563	-0.0200194943455	0.00312775708546	0.00196641365341	0.0652795949064	-0.0128067275607	0.0435506200162	-0.0581159201992	-0.0112262963737	-0.0159385921571	-0.00651880933558	-0.0121060313304	0.0148668296071	0.0193294949204	-0.0074157514422	-0.0264083488941	-0.0601980192589	-0.0565433109389	-0.0325005428566	-0.0230383722026	-0.0111453382756	-0.00322542165609	0.0213520854725	0.0244567032479	-0.0358668543125	-0.0127599475262	-0.029155049888	0.0719698559394	0.0178141567325	-0.0201601598127	0.01312296436	0.0511076825751	0.00377652779414	-0.0820805888742	-0.0259301402998	0.0264035357559	-0.0104128750385	-0.0292245104056	0.0366516313821	-0.0214704462863	0.00217051173995	0.0257692778168	-0.00375941638625	0.0262205035567	-0.0198436757306
k__Bacteria;p__Firmicutes;c__Clostridia;o__Clostridiales;f__Lachnospiraceae;g__;s__[Eubacterium]_rectale	0.0436345941575	-0.0146634776505	-0.0274232363845	0.012351666269	-0.00698608132131	-0.0384134907136	0.025558280412	0.00601100586403	-0.0226572086626	-0.00334095592899	-0.00935783491089	-0.0110219440178	-0.00969041443012	0.0320692235563	1.0	-0.00680953492622	-0.0534428280553	-0.0335820730707	-0.053110708725	0.00876086903734	-0.0158346922244	0.00916344582205	-0.00563789109378	0.0382850170445	0.0031086540786	0.0338726972787	-0.0412671240556	0.020921643673	-0.0774969400738	-0.00182777496038	0.0440467114752	0.0216026568527	0.0224250464033	-0.0296735597388	0.0519092076246	0.0340470537861	-0.0409166052345	-0.032342737	-0.0311651726222	0.010850436203	-0.0556303243751	-0.00648719011224	-0.0208126547697	-0.0446717388097	0.081267070374	0.0613215015939	-0.0608159286321	-0.00854145631993	-0.0313957944253	0.0203148555754	-0.0302100497321	-0.0235776589437	-0.0307289227678	-0.00343277661517	-0.0047738137426	0.0591570448328	-0.0557331076307	-0.0593732946382	0.0217624114492
k__Bacteria;p__Bacteroidetes;c__Bacteroidia;o__Bacteroidales;f__Bacteroidaceae;g__Bacteroides;s__Bacteroides_plebeius	0.0237768892505	-0.0260970511432	0.00171632627834	0.0247859014442	-0.0173067881914	-0.0174669368957	-0.0273296008528	-0.0319234146655	-0.0420206148881	0.0321479955115	-0.00181291521418	0.030443636954	-0.0668122406006	-0.0200194943455	-0.00680953492622	1.0	-0.0421918669791	-0.0636782019861	-0.0553152171375	-0.00644272697686	0.0574115517689	-0.0338709011424	0.00131880657464	0.0100294515524	0.00738713963684	0.0525655705954	-0.0410034618964	-0.00546561853533	0.0108342427386	0.0459515934613	-0.0463857351659	-0.0133400956646	0.0114755112911	0.0358009807023	-0.0408288380044	0.0511718617748	-0.0121438237923	-0.0488458847514	0.00834576205832	0.00417716100407	-0.012163592862	0.0554013569625	-0.0482491653342	-0.0412017645799	0.033225580864	-0.0253091092529	-0.0290569021852	0.0395318347218	0.0189939107418	-0.0276633353271	-0.0163285794869	0.00250319947608	-0.0261598312942	0.00123518509222	0.0430185717724	-0.0765670122129	-0.019601281787	0.0597558651744	0.0128743819323
k__Bacteria;p__Bacteroidetes;c__Bacteroidia;o__Bacteroidales;f__Bacteroidaceae;g__Bacteroides;s__Bacteroides_fragilis	-0.0501593870717	-0.0561690040469	0.0832698477499	0.0566990293195	-0.0162779987315	0.0180496908543	0.00972098762815	-0.0387814076173	0.0389723766934	-0.0110751897363	-0.00581796380796	0.0237139384694	-0.0250917715821	0.00312775708546	-0.0534428280553	-0.0421918669791	1.0	-0.0714515087778	-0.00180340816663	-0.0613735684847	-0.043951771391	-0.0169557739748	-0.0294627536244	0.0181332520217	-0.0806847713815	-0.0167546604342	0.0369898920213	-0.00235956805648	0.00356016040808	0.0256817786129	-0.00244740906146	0.0699234380999	0.00836291858039	0.0118946084507	-0.0155272863569	0.0455949294099	-0.0710185507681	0.00644525773619	0.0194237986314	-0.0179484159113	0.065885593296	-0.0246123887782	0.0253421672995	0.0494744760481	-0.0452229172246	0.0485124496361	-0.0197116988619	0.00834380072356	0.00929172951164	0.00675563065276	-0.0404987135739	-0.0165183840719	-0.0382060009301	0.0271540946106	0.0710531418765	-0.0481866662542	0.000856431799153	-0.0165589914271	0.00533730679304
k__Bacteria;p__Proteobacteria;c__Betaproteobacteria;o__Burkholderiales;f__Sutterellaceae;g__Sutterella;s__Sutterella_wadsworthensis	0.0280374469559	0.0203620380383	-0.0455537403624	-0.0276599111301	-0.0155609633742	-0.0818183233144	0.0182082195616	0.0169799932236	-0.0310537709441	0.0411056012213	-0.00461276256357	-0.0174837198018	0.0249527247983	0.00196641365341	-0.0335820730707	-0.0636782019861	-0.0714515087778	1.0	-0.0214185457988	0.0314747154066	-0.00149011790424	0.00455462414605	-0.0536470872969	0.00496226918534	-0.0815126573781	-0.0160554094473	-0.00706152728257	0.018325914058	0.0311764872597	0.0251159215105	-0.0630809267048	0.0641906244298	0.000211827890578	-0.0308633552884	-0.036094381599	-0.0305997677541	0.00187796378632	0.00639962386186	-0.0664076353111	-0.0218598825925	-0.0479016679421	0.0746346085669	0.0288662082663	-0.0531905782166	0.0185462388621	-0.00662550220757	-0.0199743884365	0.0247978987717	-0.00687030873853	-0.0312393923631	-0.000787180012652	-0.0219693598528	-0.00419888420346	-0.0388621527738	-0.0452357605382	0.0329850220514	0.00522614544923	-0.0137653402375	-0.000172716915059
k__Bacteria;p__Bacteroidetes;c__Bacteroidia;o__Bacteroidales;f__Porphyromonadaceae;g__Barnesiella;s__Barnesiella_intestinihominis	0.029203476174	0.0105399400023	-0.0176285819489	0.0185519027977	-0.0140623622279	-0.00998985340563	-0.0540157316029	0.0432896577952	-0.0205869925451	0.00664420996699	-0.0596788292236	0.0044336189187	-0.00510940413124	0.0652795949064	-0.053110708725	-0.0553152171375	-0.00180340816663	-0.0214185457988	1.0	-0.0360834094367	-0.00509253247225	-0.0202947710839	0.0623591985345	-0.052843163106	0.0460205855674	-0.0163199290756	0.0369266046574	0.0275658249299	0.0329186992512	-0.00335626436556	0.056560765188	-0.0100415519956	0.0489081468634	-0.056204196887	-0.0436559779749	0.000768069515616	-0.0132568597307	0.0016743405156	-0.0479203546319	-0.0619456259309	-0.00622049556804	0.0141433133402	0.0367258033029	-0.0101222641752	-0.0661090533244	-0.00359067303656	0.0249323831878	0.0220766458033	-0.0435876283357	0.00296666966904	0.00282485596306	-0.0261608394265	-0.0207612458095	0.00719335770639	-0.0332765419681	0.0236327196529	0.0221792432727	0.0477147793002	-0.039733371982
k__Bacteria;p__Bacteroidetes;c__Bacteroidia;o__Bacteroidales;f__Odoribacteraceae;g__Odoribacter;s__Odoribacter_splanchnicus	0.0493500103618	0.0315724411952	0.037598433383	-0.0370949131049	-0.00360984853572	-0.0464572195833	0.00504658201952	0.0159454021568	-0.018763543404	-0.0486589288585	-0.0154595731219	-0.0349473972337	-0.0044200695213	-0.0128067275607	0.00876086903734	-0.00644272697686	-0.0613735684847	0.0314747154066	-0.0360834094367	1.0	-0.02015518565	-0.0257688598203	-0.0261780084749	0.0110665686179	0.0101983263779	0.0278519066779	-0.0955569981433	-0.00457362004025	-0.0281893182073	-0.0237956089225	-0.0307400703047	-0.0254058613811	-0.048659049852	0.0261527468307	0.0489415389264	0.0196674115594	0.0422908107685	-0.00640855692166	0.0244854943911	0.0211029620006	-0.0036173564365	-0.0610546561573	-0.0213448068929	-0.03521791942	-0.03294841565	0.000285738015649	-0.0093941121743	-0.101058617181	0.0130204320495	-0.0341696307378	0.0625515290698	-0.0169099977137	0.0589468799416	0.00463603992578	-0.00157875497962	0.00353616557281	0.0544031867932	-0.0339140528055	0.0143438149031
k__Bacteria;p__Bacteroidetes;c__Bacteroidia;o__Bacteroidales;f__Bacteroidaceae;g__Bacteroides;s__Bacteroides_salyersiae	-0.0506072006634	-0.0788878795838	-0.0156478805466	0.0447966164448	-0.000299649356767	-0.0169565075593	-0.0117058227255	0.0783261428633	0.0292453904936	-0.0256115180831	-0.0236227176986	-0.0135440750292	-0.0217540943383	0.0435506200162	-0.0158346922244	0.0574115517689	-0.043951771391	-0.00149011790424	-0.00509253247225	-0.02015518565	1.0	0.041284795718	0.0153533238098	-0.0126193962905	0.0123422458881	0.0511092934102	0.0179918839573	-0.0103795012207	0.00486511891254	-0.05328672376	-0.00109801465522	0.0028415392526	0.0403689141962	0.010269631069	-0.0500494627088	-0.051390429683	0.0621486895112	0.0364709478648	-0.000107973713632	0.00696326810487	-0.0165450171205	0.0134785733327	-0.0627992460506	0.0457377107334	0.00365160976007	-0.00560951760746	-0.0101903999396	-0.0425359663213	-0.0851709286065	0.0105252689014	0.0514890311191	-0.0459856478078	-0.0317263938239	-0.0936742780956	0.00785909435113	-0.00167595349819	-0.0392938192455	-0.0514961331512	-0.00177418556223
k__Bacteria;p__Firmicutes;c__Clostridia;o__Clostridiales;f__Ruminococcaceae;g__Ruminiclostridium;s__[Eubacterium]_siraeum	-0.00744578877836	-0.0664335689271	0.0112914263403	-0.0583565130125	0.00445019966267	0.0657533340585	-0.0257040259675	0.0216637499305	0.0193394532533	0.00512361357603	0.010906493325	0.0264188995744	0.0244390451528	-0.0581159201992	0.00916344582205	-0.0338709011424	-0.0169557739748	0.00455462414605	-0.0202947710839	-0.0257688598203	0.041284795718	1.0	-0.0376107283651	-0.0108110227284	-0.0312307200213	0.0304974537366	-0.010869267101	-0.0128441807602	-0.0565562432459	0.0311935717477	-0.0160123854156	-0.0315787688848	0.0347530334065	-0.0314610154686	0.0164547620515	-0.0175599357749	-0.00831529493146	-0.0238592302106	0.0122457988417	-0.00537997412993	-0.0170220635386	-0.0457246965264	0.00824094689166	-0.0431289038695	0.0201803102709	-0.00775601380637	-0.0189016995909	-0.0522665388744	0.0449129554197	-0.00121055195205	0.0273004055652	-0.055267965944	-0.0425235006514	0.0101445970755	-0.016562548077	0.0245493604047	-0.0499180098413	-0.0303133378743	-0.017737659951
k__Bacteria;p__Proteobacteria;c__Betaproteobacteria;o__Burkholderiales;f__Sutterellaceae;g__Parasutterella;s__Parasutterella_excrementihominis	-0.00607518853536	-0.0203993856286	-0.058943346333	0.0052496240211	-0.0204369266251	0.0498877193559	-0.00223246115973	0.0842471618506	-0.000228066136617	-0.00839271086391	0.0273765511189	-0.0241706087574	-0.00652602671205	-0.0112262963737	-0.00563789109378	0.00131880657464	-0.0294627536244	-0.0536470872969	0.0623591985345	-0.0261780084749	0.0153533238098	-0.0376107283651	1.0	-0.0163256377869	-0.0359247812651	-0.0668356494032	0.017662316089	0.0237235396069	0.0103003714039	-0.00570985227623	-0.0308170908935	-0.00997977516656	0.00439028327705	-0.0214344126246	0.042731382271	-0.00598172560144	-0.0543769321389	-0.0230766524158	0.0216355395521	-0.0283429574256	-0.054420305069	-0.0150118620205	0.0496311442293	-0.0110870551881	-0.0245774794063	0.0202030129208	0.0256483112213	-0.00900629202236	-0.0292567609173	-0.0308946682297	-0.0499982905475	-0.0737418445591	-0.0434517327146	-0.0333541559875	0.0195506470939	0.0149842093046	9.42479069383e-05	-0.0666817391231	-0.0295891324518
k__Bacteria;p__Actinobacteria;c__Actinobacteria;o__Bifidobacteriales;f__Bifidobacteriaceae;g__Bifidobacterium;s__Bifidobacterium_adolescentis	0.0094370753668	0.0434207956044	-0.00247353813834	0.00809900254021	0.0724203065467	-0.0162635169533	-0.0136227185625	0.00822663400757	-0.00115209648129	0.0266912767687	0.0431206511195	0.00450722134606	-0.00572393470326	-0.0159385921571	0.0382850170445	0.0100294515524	0.0181332520217	0.00496226918534	-0.052843163106	0.0110665686179	-0.0126193962905	-0.0108110227284	-0.0163256377869	1.0	-0.0494872130436	-0.000655529803496	-0.0101662484162	0.00130769619238	0.0324380290065	0.00443134437632	0.00175046550742	-0.0407367187619	0.013918209967	-0.0578814820005	-0.0683466604979	-0.00171152100087	-0.00398001404879	-0.0145810043641	-0.0277580163925	0.0260562439703	0.00932222077322	-0.0534706241571	-0.0416853323264	0.0324630433943	0.0256161692914	-0.0360783294132	0.022998944451	-0.00158216109533	0.00653206104545	-0.00309297101957	-0.0227654496349	0.0102434537705	-0.00945244102618	-0.0613154382597	0.0693709390111	0.041540695779	-0.0331158584349	-0.0245621451143	0.0042376793198
k__Bacteria;p__Firmicutes;c__Clostridia;o__Clostridiales;f__Oscillospiraceae;g__Oscillibacter;s__Oscillibacter_sp._KLE_1745	0.0517931662271	-0.0681973603328	0.0780624753683	0.0104883022375	-0.0535123554039	-0.00993667444052	0.0237586604008	0.0416766104714	-0.0619843221279	-0.0486364128532	-0.030629730055	0.00161284983283	-0.00805773795159	-0.00651880933558	0.0031086540786	0.00738713963684	-0.0806847713815	-0.0815126573781	0.0460205855674	0.0101983263779	0.0123422458881	-0.0312307200213	-0.0359247812651	-0.0494872130436	1.0	0.00231054344366	-0.0615142056955	-0.0116300730791	-0.0198151722213	-0.0281430024018	0.0132972579604	0.00346710357011	0.0160118310486	-0.0245815626961	0.0171210266487	-0.0647847248558	-0.051867621598	-0.0232660674769	0.0573728799809	-0.0182761446493	0.0112893735936	0.0170938248096	0.0342429016691	0.00344669386906	0.0220418439222	-0.037366637481	-0.0267338146751	0.0538481064821	-0.0640707242148	-2.05409317662e-05	-0.0189018838757	-0.00916606310776	0.00487406258872	-0.062779039925	-0.0460034962615	-0.0384548756048	-0.00305152887783	-0.0449300472962	-0.0310527685226
k__Bacteria;p__Bacteroidetes;c__Bacteroidia;o__Bacteroidales;f__Bacteroidaceae;g__Bacteroides;s__Bacteroides_coprophilus	-0.032623989588	0.0241085940005	0.0342951014797	0.0308095311334	0.0527277488878	-0.0297450462038	0.0224576756687	-0.065188687687	-0.00835230509391	0.0168592863291	-0.00697606696093	-0.0273980525889	-0.0469025875145	-0.0121060313304	0.0338726972787	0.0525655705954	-0.0167546604342	-0.0160554094473	-0.0163199290756	0.0278519066779	0.0511092934102	0.0304974537366	-0.0668356494032	-0.000655529803496	0.00231054344366	1.0	-0.0128057522808	0.0317281304726	0.046636393739	-0.0220170937996	0.0488577795627	-0.0774529830701	0.0652411851148	-0.0226382692883	-0.0507899003668	-0.0137294628262	0.0363239000183	-0.0400266153577	-0.0210688241998	-0.0524009657891	-0.00810405156356	0.0274463290908	-0.0212086890393	0.013775031531	0.0489276676947	-0.0580411718862	-0.0689709796868	0.00763286335031	0.0050274173476	-0.0302904208889	-0.0335469730106	-0.0482456570068	0.0260551195695	-0.0116956702804	0.0197592147465	0.0362024476331	0.0172401895654	-0.00136263329399	-0.0379801040493
k__Bacteria;p__Firmicutes;c__Clostridia;o__Clostridiales;f__Lachnospiraceae;g__Roseburia;s__Roseburia_intestinalis	-0.0388654771342	-0.0288624986838	0.0269472324228	0.0167397123447	-0.00172410476759	0.00391612611124	-0.0435706707008	-0.064490030196	-0.0117973032174	0.0204666562885	0.0393239062424	0.0220074694322	-0.00774151376919	0.0148668296071	-0.0412671240556	-0.0410034618964	0.0369898920213	-0.00706152728257	0.0369266046574	-0.0955569981433	0.0179918839573	-0.010869267101	0.017662316089	-0.0101662484162	-0.0615142056955	-0.0128057522808	1.0	0.00513173383407	0.00965930123526	0.00239416906226	-0.00247739566932	-0.0729674189246	-0.0424057853229	0.0417181637029	0.0313040107487	0.00768100071783	-0.0133896563661	-0.0650400572098	0.00963496340476	-0.0282045287025	-0.0260705780526	-0.01884893455	0.0178723915118	-0.010954492511	0.0572215159918	-0.0627725215463	-0.00354203313004	0.0154931222873	0.0290166755744	0.00985335203597	-0.0091933979325	-0.0171254638445	-0.0140466815668	-9.00913642686e-05	-0.016165382086	-0.0253258701337	-0.0212722283011	0.0509776498622	0.00449812728117
k__Bacteria;p__Firmicutes;c__Clostridia;o__Clostridiales;f__Lachnospiraceae;g__Roseburia;s__Roseburia_hominis	-0.0128069572164	-0.0713112765191	0.01127632988	-0.0303592652936	0.0317307871597	-0.0491344610656	-0.0105939258121	-0.0373174673527	0.0384563726961	0.0158228595204	0.0157203305947	-0.0141753984567	-0.0662655474192	0.0193294949204	0.020921643673	-0.00546561853533	-0.00235956805648	0.018325914058	0.0275658249299	-0.00457362004025	-0.0103795012207	-0.0128441807602	0.0237235396069	0.00130769619238	-0.0116300730791	0.0317281304726	0.00513173383407	1.0	-0.00390523819846	0.00679664338449	0.0130587183732	0.0063075512135	0.00553192380847	-0.0270024864271	-0.00755191886668	-0.0173488889567	-0.0514807967886	-0.0424567271083	-0.051198852864	-0.0214078118283	-0.0259175878326	-0.0626662969964	0.01755340606	0.0310569747764	-0.00800771754804	0.0281324421458	0.0181978250208	-0.0447440762194	0.0183908954011	-0.00940123817756	0.0180035974828	-0.0191803990465	-0.0239328830669	-0.0224851025992	0.0249360744809	-0.0430314042918	-0.00803537999347	-0.0457262593769	0.00605156816949
k__Bacteria;p__Bacteroidetes;c__Bacteroidia;o__Bacteroidales;f__Porphyromonadaceae;g__Parabacteroides;s__Parabacteroides_johnsonii	0.0132130883277	-0.0390589072613	0.0174608473132	-0.0702647841042	-0.0151340052333	-0.0613484954298	-0.020466629203	-0.00969449738618	0.00944682834849	-0.0284987106846	-0.00626358169676	0.0207100729997	0.00711205961231	-0.0074157514422	-0.0774969400738	0.0108342427386	0.00356016040808	0.0311764872597	0.0329186992512	-0.0281893182073	0.00486511891254	-0.0565562432459	0.0103003714039	0.0324380290065	-0.0198151722213	0.046636393739	0.00965930123526	-0.00390523819846	1.0	-0.0598375654344	0.0196023439402	0.0376634383714	0.0242480349112	-0.0252290547671	-0.0676960802472	-0.0214516731855	0.0244729149826	0.020814216949	0.0381764873432	-0.00223048950094	0.00471147318064	-0.00551898054994	0.0279796645836	0.0695206998165	-0.0058089552109	0.0426908188112	0.00992805417159	0.0624175803211	-0.0650900333208	0.0350505534986	-0.0342531415662	0.0314850712365	-0.0168462055222	-0.0188743867679	0.0248337137761	-0.0176587997156	-0.0240952190829	-0.0652954916496	-0.0515082785507
k__Bacteria;p__Actinobacteria;c__Actinobacteria;o__Bifidobacteriales;f__Bifidobacteriaceae;g__Bifidobacterium;s__Bifidobacterium_longum	0.000763640029877	-0.0420051855314	-0.0501622417391	-0.00555552431708	-0.00888068371498	-0.0459893135301	0.0328644055499	-0.0390148461119	-0.0682294727865	-0.0169617687195	0.0126653502655	0.0118282286793	-0.021312903441	-0.0264083488941	-0.00182777496038	0.0459515934613	0.0256817786129	0.0251159215105	-0.00335626436556	-0.0237956089225	-0.05328672376	0.0311935717477	-0.00570985227623	0.00443134437632	-0.0281430024018	-0.0220170937996	0.00239416906226	0.00679664338449	-0.0598375654344	1.0	0.0163424232051	0.00104786886131	-0.0155211984118	0.0192369897201	-0.0159916809074	-0.0278876740017	0.0258208417902	-0.021425575359	0.0269512515587	0.0405932972397	-0.0286949740631	-0.0151214369415	-0.0458830627873	-0.0189815262466	0.0234335498492	0.0453007027241	0.0242400214131	0.0265066912342	-0.0550767430589	0.0518820709392	0.00447579837941	-0.0291526391206	-0.0272221083568	0.011446612378	0.0553620783514	0.0397102233971	0.0162804303813	-0.032294478175	0.0166128815895
