#taxonomy	k__Bacteria;p__Bacteroidetes;c__Bacteroidia;o__Bacteroidales;f__Bacteroidaceae;g__Bacteroides;s__Bacteroides_vulgatus	k__Bacteria;p__Bacteroidetes;c__Bacteroidia;o__Bacteroidales;f__Bacteroidaceae;g__Bacteroides;s__Bacteroides_uniformis	k__Bacteria;p__Bacteroidetes;c__Bacteroidia;o__Bacteroidales;f__Rikenellaceae;g__Alistipes;s__Alistipes_putredinis	k__Bacteria;p__Bacteroidetes;c__Bacteroidia;o__Bacteroidales;f__Prevotellaceae;g__Prevotella;s__Prevotella_copri	k__Bacteria;p__Bacteroidetes;c__Bacteroidia;o__Bacteroidales;f__Bacteroidaceae;g__Bacteroides;s__Bacteroides_stercoris	k__Bacteria;p__Bacteroidetes;c__Bacteroidia;o__Bacteroidales;f__Bacteroidaceae;g__Bacteroides;s__Bacteroides_ovatus	k__Bacteria;p__Bacteroidetes;c__Bacteroidia;o__Bacteroidales;f__Rikenellaceae;g__Alistipes;s__Alistipes_shahii	k__Bacteria;p__Firmicutes;c__Clostridia;o__Clostridiales;f__Ruminococcaceae;g__Faecalibacterium;s__Faecalibacterium_prausnitzii	k__Bacteria;p__Bacteroidetes;c__Bacteroidia;o__Bacteroidales;f__Rikenellaceae;g__Alistipes;s__Alistipes_finegoldii	k__Bacteria;p__Bacteroidetes;c__Bacteroidia;o__Bacteroidales;f__Porphyromonadaceae;g__Parabacteroides;s__Parabacteroides_distasonis	k__Bacteria;p__Bacteroidetes;c__Bacteroidia;o__Bacteroidales;f__Bacteroidaceae;g__Bacteroides;s__Bacteroides_thetaiotaomicron	k__Bacteria;p__Bacteroidetes;c__Bacteroidia;o__Bacteroidales;f__Bacteroidaceae;g__Bacteroides;s__Bacteroides_coprocola	k__Bacteria;p__Bacteroidetes;c__Bacteroidia;o__Bacteroidales;f__Bacteroidaceae;g__Bacteroides;s__Bacteroides_cellulosilyticus	k__Bacteria;p__Bacteroidetes;c__Bacteroidia;o__Bacteroidales;f__Rikenellaceae;g__Alistipes;s__Alistipes_obesi	k__Bacteria;p__Firmicutes;c__Clostridia;o__Clostridiales;f__Lachnospiraceae;g__;s__[Eubacterium]_rectale	k__Bacteria;p__Bacteroidetes;c__Bacteroidia;o__Bacteroidales;f__Bacteroidaceae;g__Bacteroides;s__Bacteroides_plebeius	k__Bacteria;p__Bacteroidetes;c__Bacteroidia;o__Bacteroidales;f__Bacteroidaceae;g__Bacteroides;s__Bacteroides_fragilis	k__Bacteria;p__Proteobacteria;c__Betaproteobacteria;o__Burkholderiales;f__Sutterellaceae;g__Sutterella;s__Sutterella_wadsworthensis	k__Bacteria;p__Bacteroidetes;c__Bacteroidia;o__Bacteroidales;f__Porphyromonadaceae;g__Barnesiella;s__Barnesiella_intestinihominis	k__Bacteria;p__Bacteroidetes;c__Bacteroidia;o__Bacteroidales;f__Odoribacteraceae;g__Odoribacter;s__Odoribacter_splanchnicus	k__Bacteria;p__Bacteroidetes;c__Bacteroidia;o__Bacteroidales;f__Bacteroidaceae;g__Bacteroides;s__Bacteroides_salyersiae	k__Bacteria;p__Firmicutes;c__Clostridia;o__Clostridiales;f__Ruminococcaceae;g__Ruminiclostridium;s__[Eubacterium]_siraeum	k__Bacteria;p__Proteobacteria;c__Betaproteobacteria;o__Burkholderiales;f__Sutterellaceae;g__Parasutterella;s__Parasutterella_excrementihominis	k__Bacteria;p__Actinobacteria;c__Actinobacteria;o__Bifidobacteriales;f__Bifidobacteriaceae;g__Bifidobacterium;s__Bifidobacterium_adolescentis	k__Bacteria;p__Firmicutes;c__Clostridia;o__Clostridiales;f__Oscillospiraceae;g__Oscillibacter;s__Oscillibacter_sp._KLE_1745	k__Bacteria;p__Bacteroidetes;c__Bacteroidia;o__Bacteroidales;f__Bacteroidaceae;g__Bacteroides;s__Bacteroides_coprophilus	k__Bacteria;p__Firmicutes;c__Clostridia;o__Clostridiales;f__Lachnospiraceae;g__Roseburia;s__Roseburia_intestinalis	k__Bacteria;p__Firmicutes;c__Clostridia;o__Clostridiales;f__Lachnospiraceae;g__Roseburia;s__Roseburia_hominis	k__Bacteria;p__Bacteroidetes;c__Bacteroidia;o__Bacteroidales;f__Porphyromonadaceae;g__Parabacteroides;s__Parabacteroides_johnsonii	k__Bacteria;p__Actinobacteria;c__Actinobacteria;o__Bifidobacteriales;f__Bifidobacteriaceae;g__Bifidobacterium;s__Bifidobacterium_longum	k__Bacteria;p__Firmicutes;c__Clostridia;o__Clostridiales;f__;g__Flavonifractor;s__Flavonifractor_plautii	k__Bacteria;p__Firmicutes;c__Clostridia;o__Clostridiales;f__Clostridiaceae;g__Clostridium;s__Clostridium_phoceensis	k__Bacteria;p__Verrucomicrobia;c__Verrucomicrobiae;o__Verrucomicrobiales;f__Akkermansiaceae;g__Akkermansia;s__Akkermansia_muciniphila	k__Bacteria;p__Bacteroidetes;c__Bacteroidia;o__Bacteroidales;f__Prevotellaceae;g__Paraprevotella;s__Paraprevotella_xylaniphila	k__Bacteria;p__Firmicutes;c__Clostridia;o__Clostridiales;f__Ruminococcaceae;g__Ruminococcus;s__Ruminococcus_callidus	k__Bacteria;p__Bacteroidetes;c__Bacteroidia;o__Bacteroidales;f__Rikenellaceae;g__Alistipes;s__Alistipes_senegalensis	k__Bacteria;p__Firmicutes;c__Clostridia;o__Clostridiales;f__Lachnospiraceae;g__Blautia;s__Blautia_sp._KLE_1732	k__Bacteria;p__Bacteroidetes;c__Bacteroidia;o__Bacteroidales;f__Bacteroidaceae;g__Bacteroides;s__Bacteroides_oleiciplenus	k__Bacteria;p__Firmicutes;c__Clostridia;o__Clostridiales;f__Ruminococcaceae;g__Ruminococcus;s__Ruminococcus_bicirculans	k__Bacteria;p__Bacteroidetes;c__Bacteroidia;o__Bacteroidales;f__Bacteroidaceae;g__Bacteroides;s__Bacteroides_fluxus	k__Bacteria;p__Bacteroidetes;c__Bacteroidia;o__Bacteroidales;f__Prevotellaceae;g__Prevotella;s__Prevotella_stercorea	k__Bacteria;p__Firmicutes;c__Clostridia;o__Clostridiales;f__Lachnospiraceae;g__Dorea;s__Dorea_longicatena	k__Bacteria;p__Firmicutes;c__Clostridia;o__Clostridiales;f__Eubacteriaceae;g__Eubacterium;s__[Eubacterium]_eligens	k__Bacteria;p__Firmicutes;c__Clostridia;o__Clostridiales;f__Ruminococcaceae;g__;s__Ruminococcaceae_bacterium_D16	k__Bacteria;p__Firmicutes;c__Clostridia;o__Clostridiales;f__Lachnospiraceae;g__Coprococcus;s__Coprococcus_comes	k__Bacteria;p__Proteobacteria;c__Gammaproteobacteria;o__Enterobacterales;f__Enterobacteriaceae;g__Escherichia;s__Escherichia_coli	k__Bacteria;p__Firmicutes;c__Clostridia;o__Clostridiales;f__Ruminococcaceae;g__Anaerotruncus;s__Anaerotruncus_colihominis	k__Bacteria;p__Firmicutes;c__Clostridia;o__Clostridiales;f__Lachnospiraceae;g__Blautia;s__Blautia_obeum	k__Bacteria;p__Bacteroidetes;c__Bacteroidia;o__Bacteroidales;f__Odoribacteraceae;g__Odoribacter;s__Odoribacter_laneus	k__Bacteria;p__Firmicutes;c__Clostridia;o__Clostridiales;f__Ruminococcaceae;g__Ruminiclostridium;s__[Clostridium]_leptum	k__Bacteria;p__Bacteroidetes;c__Bacteroidia;o__Bacteroidales;f__Porphyromonadaceae;g__Parabacteroides;s__Parabacteroides_goldsteinii	k__Bacteria;p__Firmicutes;c__Clostridia;o__Clostridiales;f__Lachnospiraceae;g__Anaerostipes;s__Anaerostipes_hadrus	k__Bacteria;p__Firmicutes;c__Clostridia;o__Clostridiales;f__Ruminococcaceae;g__Ruminococcus;s__Ruminococcus_lactaris	k__Bacteria;p__Firmicutes;c__Clostridia;o__Clostridiales;f__Clostridiaceae;g__Clostridium;s__Clostridium_sp._L2-50	k__Bacteria;p__Firmicutes;c__Clostridia;o__Clostridiales;f__Clostridiaceae;g__Clostridium;s__Clostridium_sp._M62/1	k__Bacteria;p__Firmicutes;c__Clostridia;o__Clostridiales;f__;g__Intestinimonas;s__Intestinimonas_butyriciproducens	k__Bacteria;p__Actinobacteria;c__Actinobacteria;o__Bifidobacteriales;f__Bifidobacteriaceae;g__Bifidobacterium;s__Bifidobacterium_bifidum	k__Bacteria;p__Firmicutes;c__Negativicutes;o__Veillonellales;f__Veillonellaceae;g__Dialister;s__Dialister_invisus	k__Bacteria;p__Bacteroidetes;c__Bacteroidia;o__Bacteroidales;f__Bacteroidaceae;g__Bacteroides;s__Bacteroides_salanitronis
k__Bacteria;p__Bacteroidetes;c__Bacteroidia;o__Bacteroidales;f__Bacteroidaceae;g__Bacteroides;s__Bacteroides_vulgatus	1.0	0.00891344462298	0.0194336959088	0.0187705656899	-0.0514973669455	-0.0225227802159	0.00522570395492	0.0262340957003	-0.00692327743588	0.00120573942109	-0.0462925334007	0.00139758659289	-0.0145721526132	0.00523825094888	-0.0320439627793	0.0410578588457	-0.0179278611733	0.0301968999839	-0.0122568287388	0.0703447171005	-0.0143478637184	0.010139287428	-0.0153773598542	-0.002096317307	0.0270633737473	0.0085478042932	0.0242243090018	-0.0314696274799	-0.0378724600806	0.0678399410228	-0.0943385199111	0.00899328106697	-0.0196714299822	-0.0346879893106	0.0222388932184	-0.0642410925072	-0.0237023179072	-0.0252678627022	-0.0508637244473	-0.0159045532044	-0.0640824757158	0.00636574965889	-0.0189404278545	0.0244710566551	0.0540149383618	-0.0488739568509	0.0408707097808	-0.0295190104014	-0.0116306570073	0.00571723263923	-0.0235325821601	-0.0701928902883	0.0347014905139	0.0363873622617	-0.000732748230116	-0.00875763627018	0.0140814003962	-0.00573590613394	-0.0388373853658
k__Bacteria;p__Bacteroidetes;c__Bacteroidia;o__Bacteroidales;f__Bacteroidaceae;g__Bacteroides;s__Bacteroides_uniformis	0.00891344462298	1.0	-0.000121412217157	0.0262377291852	-0.0179804457112	0.00779578392654	-0.0189175140904	-0.000137672955346	0.0126733169519	-0.0178135839066	0.0794531605378	-0.0646615916666	-0.0600479646741	0.0318781653551	-0.0385038459553	-0.0395371573504	-0.00980172517041	0.00662866860119	-0.0246154586981	-0.0275999437659	-0.0283957949574	-0.037245687987	-0.0240417323704	-0.0167412274803	-0.0241031391747	-0.0490817847415	0.0470104597631	-0.000970590146422	0.0138289972063	-0.0622391785719	0.0267772819498	-0.0294648603552	0.0369213717147	-0.00609141535873	0.0236579056425	0.0567456730125	0.0636322779446	-0.012439223934	0.0287769010985	-0.00975584340802	-0.00753915475797	0.0123528637181	-0.0693819326114	-0.029452565741	0.0590320766321	-0.061361143738	0.0227715626699	-0.0159736076217	-0.0341528391018	-0.0496147025135	0.0246388435692	-0.00653612134477	0.0253316874649	0.037079625805	9.22518292682e-05	-0.0172411495414	0.0359003046553	-0.000895451445428	-0.0334004790711
k__Bacteria;p__Bacteroidetes;c__Bacteroidia;o__Bacteroidales;f__Rikenellaceae;g__Alistipes;s__Alistipes_putredinis	0.0194336959088	-0.000121412217157	1.0	0.0296296261752	-0.00227400131594	0.0305736031272	-0.0136092379882	-0.051640297925	0.0706047080433	0.0314913399477	-0.0360073258718	0.0600356030906	-0.0461823493062	0.0414412928603	0.0112667821817	-0.0324582215963	0.0599029366668	0.00397574983161	0.0307402025541	-0.0185834437826	-0.0275650127533	0.0272449500798	-0.0351763627812	-0.00288138030085	0.0125134635261	-0.026615639872	-0.0541137039887	-0.00234209875315	0.00792205571466	-0.0159389815328	-0.0165685739126	-0.0124036663853	0.0583161665349	-0.0189122096639	0.0408055689409	-0.0649646393908	-0.00355412522176	0.00816350737386	0.0316164326258	-0.0438751888782	-0.0303647620673	-0.050176826132	-0.00233877064771	-0.045731206433	-0.0301245673483	-0.020749778397	-0.0396870559778	-0.0345974707773	-0.00130250874272	0.0188522307539	-0.077236047045	-0.0237894460063	0.00392140216117	-0.029419013856	0.0525505705113	0.00173960510435	-0.0152048406075	-0.0358934048105	-0.0266872921425
k__Bacteria;p__Bacteroidetes;c__Bacteroidia;o__Bacteroidales;f__Prevotellaceae;g__Prevotella;s__Prevotella_copri	0.0187705656899	0.0262377291852	0.0296296261752	1.0	-0.0618031788009	-0.0233700543237	-0.0225187248502	-0.0204717576639	-0.0191120555629	0.0395480530629	0.0187579387133	-0.0307697922131	0.00196641392614	0.00192888825859	-0.0355772665081	0.0314607155021	-0.00938723584664	0.0197335147091	-0.0411028370956	-0.0760976260192	0.0151864960691	0.00689759662166	-0.0151912649111	-0.0362080544108	0.0385649571397	0.00166981339571	-0.062231150504	0.0760991318275	-0.0687102952496	-0.0324850305894	-0.0371664651123	0.00620654705731	0.0172210390214	-0.0203778499915	-0.00852221996465	0.0107200973178	-0.0533614588556	0.0174129230196	-0.0217610872577	-0.0416459145469	0.0215771342147	-0.0228353553263	0.0147577985403	-0.0588039918189	0.0131152667963	0.0367418809506	0.0170326916351	0.0320190817788	-0.00491241413685	-0.0849810352891	-0.0103751883893	-0.0237461485934	0.0352254423502	-0.0829463096887	0.0215315325609	0.0318698104572	0.00685886166919	-0.0240813543163	-0.0323736870639
k__Bacteria;p__Bacteroidetes;c__Bacteroidia;o__Bacteroidales;f__Bacteroidaceae;g__Bacteroides;s__Bacteroides_stercoris	-0.0514973669455	-0.0179804457112	-0.00227400131594	-0.0618031788009	1.0	0.00832182633722	-0.0459710289067	0.00547689736154	-0.00603529390378	-0.0330441193106	-0.0325224644792	0.0170332531884	-0.0579560678958	0.00305961779318	-0.00859170892841	0.00158684561571	-0.00142958212334	-0.0198601322671	0.00927225826709	-0.0295687228526	-0.00215492192488	0.015900489169	-0.0493232055434	0.0174259220906	-0.0236869846263	0.0303921773572	-0.0151669297521	-0.0133081839282	0.048952349614	-0.0536365313645	-0.00641649396574	0.0454474724779	-0.0190739622527	0.0178679957814	-0.0200451064373	-0.0219236733304	0.00123470644584	0.037584485841	-0.0324016228948	0.0187509039067	-0.00737875694922	-0.0135612273139	0.0445613667583	-0.0116080003332	0.00410546432653	0.0312578293465	0.030670860536	0.00484171511376	-0.025049536613	0.0325660691782	0.0280165141444	0.0191413663062	0.0274177781343	-0.0194428494603	0.00963506224878	-0.0414482852746	0.0373345188148	0.034396363713	-0.0434035021469
k__Bacteria;p__Bacteroidetes;c__Bacteroidia;o__Bacteroidales;f__Bacteroidaceae;g__Bacteroides;s__Bacteroides_ovatus	-0.0225227802159	0.00779578392654	0.0305736031272	-0.0233700543237	0.00832182633722	1.0	0.0523878166298	0.0520130919306	0.0738701099522	0.0281463211888	-0.021530266661	0.00539416911146	0.024488588952	0.0128458796257	0.013680882088	-0.0280735388473	-0.00424273729254	0.0627403723946	-0.0260270198473	0.0520373940906	-0.0155132576141	-0.0643126623308	-0.0437149991148	-0.0475094399396	-0.0128228531549	0.0345150787749	0.00349198996583	-0.0393664304783	0.0374054670287	0.0245624753932	-0.0161346606224	-0.0236656633692	0.0606945987416	-0.0131568648902	-0.0580441843844	0.00014546761517	0.00322404881	0.0660541235127	-0.00409943552572	0.00108392940699	-0.00557832317424	0.0342257575954	0.00402902680955	-0.0128503837762	0.0265428220618	-0.0382301698621	0.00122594418577	-0.0121336241406	0.0657211739346	0.0233573527464	-0.0316295397323	0.00607906344944	-0.0685271095438	0.0218084416102	0.0222960816196	-0.0296983354577	-0.0174958570777	-0.0514155606881	0.00989382099608
k__Bacteria;p__Bacteroidetes;c__Bacteroidia;o__Bacteroidales;f__Rikenellaceae;g__Alistipes;s__Alistipes_shahii	0.00522570395492	-0.0189175140904	-0.0136092379882	-0.0225187248502	-0.0459710289067	0.0523878166298	1.0	0.0207258867271	0.0210672435045	0.0298629992298	-0.0178181059968	0.0577940300506	-0.0337154664222	0.0119851328714	0.00725278648236	0.0194147320627	-0.0100706530018	-0.0150909705402	0.0153763192309	-0.007831552076	-0.0245868765461	0.0215478824574	0.0219788154928	-0.0318192260588	0.0300030643853	-0.0488548534669	-0.0109312292495	0.0258604484627	-0.0129603703517	-0.072672267908	0.0097649616216	0.0338446547252	0.0272063522591	-0.0039777017121	-0.00642535482106	-0.0237523727654	-0.0687999903346	-0.0596235040102	-0.018709764064	0.008135090583	-0.0254123467473	0.0250710227746	0.0329793724399	0.00324106065297	0.00526948898763	0.00489154604829	0.0281267853205	0.0193005808518	-0.009317681234	-0.00531855887359	-0.0394741200719	-0.035147041788	-0.00310680440557	-0.0385943488339	0.0192689366096	-0.0422551088622	-0.0439626437678	-0.0360875535666	0.0276881840037
k__Bacteria;p__Firmicutes;c__Clostridia;o__Clostridiales;f__Ruminococcaceae;g__Faecalibacterium;s__Faecalibacterium_prausnitzii	0.0262340957003	-0.000137672955346	-0.051640297925	-0.0204717576639	0.00547689736154	0.0520130919306	0.0207258867271	1.0	0.00143263311885	-0.0658143330899	0.0023687346415	-0.0220433366481	-0.0163575387426	-0.0330958823665	-0.00428872239406	-0.00480709532129	-0.0169060376409	-0.0117806625295	0.0484697105731	-0.0291927213516	0.0237571133525	-0.0612059738239	0.0828716765219	-0.0129894505636	-0.0301316833982	0.0397275108416	0.0289457220454	0.0391850871379	0.0289112392506	0.0177678187709	-0.00384741587546	-0.0398390395617	-0.038114377703	-0.0083480273634	0.0726795679667	0.00854508429702	0.0353713904273	-0.0349584805224	0.0248140599955	-0.0527386080085	-0.00293795364701	0.0212188878801	0.0325052567906	-0.0174953493038	0.0280207196086	0.0431301997804	0.0142822379986	0.0254949124055	0.010674418652	0.0113089987118	-0.0886991131636	-0.0327846360415	0.00266225252526	-0.00493689167997	-0.00535715490938	0.0418109147956	-0.043109561167	-0.0204876986121	-0.0580635743851
k__Bacteria;p__Bacteroidetes;c__Bacteroidia;o__Bacteroidales;f__Rikenellaceae;g__Alistipes;s__Alistipes_finegoldii	-0.00692327743588	0.0126733169519	0.0706047080433	-0.0191120555629	-0.00603529390378	0.0738701099522	0.0210672435045	0.00143263311885	1.0	0.0163733877453	-0.0486963143238	-0.000221630961056	0.00773221575349	0.00571812924829	-0.0261101413039	-0.0153216924532	0.0121615162804	-0.0119274165836	-0.0061101409686	-0.025156400413	-0.0111970223881	-0.0222273473508	-0.0066326065522	-0.0209234160804	-0.051140455294	0.0251582694486	0.0707035208418	-0.0268160916163	-0.00996747941207	-0.0127312965613	-0.0070623489174	0.0208508567059	-0.0477902419448	-0.0160621860338	-0.0176144995187	0.0149770252643	0.00455036779385	-0.00171309253822	-0.0285608554341	0.000707895952887	-0.0396023931606	0.000170303823179	0.0463321037562	0.0207826207913	-0.0470451648973	-0.0254078397391	-0.0354748428725	-0.0392097165923	-0.0527730353593	0.0196721782048	-0.0249184484738	0.0625537743629	-0.0983745901347	-0.023905570622	-0.0102876869912	-0.0270617525439	-0.0130413852428	0.00162456533502	-0.0168507463266
k__Bacteria;p__Bacteroidetes;c__Bacteroidia;o__Bacteroidales;f__Porphyromonadaceae;g__Parabacteroides;s__Parabacteroides_distasonis	0.00120573942109	-0.0178135839066	0.0314913399477	0.0395480530629	-0.0330441193106	0.0281463211888	0.0298629992298	-0.0658143330899	0.0163733877453	1.0	-0.0261628042551	-0.00758896570423	-0.0103744133385	-0.0208496737642	0.00876186039136	-0.0268468320272	0.0254035735546	-0.00696030662837	-0.0217372140386	0.00171755198349	0.00603247285229	0.00314405639038	0.0114059088997	-0.0411657467999	-0.04179771725	0.00895556152562	0.012501400148	0.0114267301194	0.0203487388865	0.0138799860523	-0.00585506130726	-0.00509615520446	0.00489145957481	0.00404404646561	-0.000684925615973	-0.0212446584522	0.00122558793748	-0.0531129701584	-0.00869667771852	-0.126184645405	-0.00116778544386	-0.0352321313107	0.0202836665059	0.003273081369	-0.0428168468901	-0.0310428888907	-0.0484930756156	-0.00925537239461	-0.0214843128338	0.00330830148346	-0.0396006134566	0.0181960712738	-0.00628149771417	-0.00883189416637	0.0195242011569	-0.0584369088133	0.0773350766858	-0.0475471405921	-0.0991463003403
k__Bacteria;p__Bacteroidetes;c__Bacteroidia;o__Bacteroidales;f__Bacteroidaceae;g__Bacteroides;s__Bacteroides_thetaiotaomicron	-0.0462925334007	0.0794531605378	-0.0360073258718	0.0187579387133	-0.0325224644792	-0.021530266661	-0.0178181059968	0.0023687346415	-0.0486963143238	-0.0261628042551	1.0	-0.0127149208198	0.0591420075978	-0.00477600399994	-0.0507279507175	0.0664412561967	-0.0080767308271	0.0333025301199	-0.0117951504662	-0.0229395536414	-0.0368801847213	0.0471144039326	0.0281689742871	-0.00533415416398	0.0108548525259	0.01524722575	-0.00439698756892	-0.0321628631009	-0.0119065472262	0.0325383794299	-0.0290432497508	0.0205740348872	0.0444149089595	0.00711463015249	-0.0791011646598	-0.0138195164106	-0.0161932059366	0.0169528028669	-0.0383873042645	0.00201910521116	0.0402993428073	0.0357504248999	0.0409439585885	-0.0177936982112	0.01536206398	-0.0235546545043	-0.0215793835817	-0.0033411137974	-0.0415156737507	0.0187747620823	0.00413182420168	0.014519823874	-0.0010183093099	0.0237173495682	-0.0365526072146	-0.0227890688321	-0.00329659039194	-0.0057624020545	-0.0438956925615
k__Bacteria;p__Bacteroidetes;c__Bacteroidia;o__Bacteroidales;f__Bacteroidaceae;g__Bacteroides;s__Bacteroides_coprocola	0.00139758659289	-0.0646615916666	0.0600356030906	-0.0307697922131	0.0170332531884	0.00539416911146	0.0577940300506	-0.0220433366481	-0.000221630961056	-0.00758896570423	-0.0127149208198	1.0	-0.0207808672853	0.0302680394538	0.0533449465988	-0.0569744713404	0.018807973228	-0.0454700380954	-0.0266172237077	0.0180739684641	-0.0258889450131	-0.000441877348804	-0.00855625471249	-0.0459231827258	0.00802021578447	-0.0372972312367	-0.0184557722373	-0.0858999153627	-0.0384475140344	-0.0645414453888	0.00929337623065	-0.0486082875581	0.0342520260139	-0.0264552816776	-0.0271292114827	0.0452818179466	-0.0294825455991	-0.0403099350391	-0.0181020927383	-0.0486253502998	0.022941451452	-0.00607221219113	0.0105693844716	0.00518595473036	0.0160152161152	-0.00175560185048	-0.0347458857312	0.0248158216276	-0.0248462985668	0.0612629897711	-0.0157416587816	0.0900236564895	-0.00615046469091	-0.0568715761448	-0.0601732725484	-0.0152259136413	0.0407981316328	-0.0760633330971	-0.00551734011482
k__Bacteria;p__Bacteroidetes;c__Bacteroidia;o__Bacteroidales;f__Bacteroidaceae;g__Bacteroides;s__Bacteroides_cellulosilyticus	-0.0145721526132	-0.0600479646741	-0.0461823493062	0.00196641392614	-0.0579560678958	0.024488588952	-0.0337154664222	-0.0163575387426	0.00773221575349	-0.0103744133385	0.0591420075978	-0.0207808672853	1.0	0.0363545366689	-0.0163389086265	0.000432007066843	-0.0638213866031	-0.00125619478749	0.0164560477112	0.0237181602758	0.0104944413085	0.0108788851008	-0.000300893219619	0.0357408966536	0.00690358423037	-0.0114864864358	-0.0237812582758	-0.00841973536522	-0.0282398882206	-0.0380044884416	0.0260923750872	-0.00318047853596	-0.00121413472983	0.0117312410877	-0.00392653801444	0.0146936217958	0.019998269431	0.00993343124819	0.0269627039426	0.0180303710682	-0.0908148877475	0.00780535496817	0.0461176550574	0.00453031524021	-0.0309287816656	-0.000116173590433	-0.0142240473794	0.00830670303813	0.00941024947216	0.0332736412614	-0.0887880786548	0.0122590151542	0.0328061380122	-0.0209168236519	-0.00403097934386	-0.00397236618475	-0.0515305635222	0.0131921376213	-0.0468832231327
k__Bacteria;p__Bacteroidetes;c__Bacteroidia;o__Bacteroidales;f__Rikenellaceae;g__Alistipes;s__Alistipes_obesi	0.00523825094888	0.0318781653551	0.0414412928603	0.00192888825859	0.00305961779318	0.0128458796257	0.0119851328714	-0.0330958823665	0.00571812924829	-0.0208496737642	-0.00477600399994	0.0302680394538	0.0363545366689	1.0	-0.0234105247965	-0.0220089815944	-0.00687558116432	0.0362228187542	0.0178197622311	-0.0360071779901	-0.073560784322	0.0419253957243	-0.0254041988176	-0.00190990727713	0.0267633830299	0.00479241088546	0.00318194347999	-0.0389442725986	0.0387850043348	0.0155327400049	0.00559845535681	-0.0399721729258	0.00322365732953	0.0490073172538	-0.0262725459423	-0.009655849742	0.00956848656525	-0.018577130474	-0.0164527272215	0.0494464773622	-0.00916584231819	-0.0652551569092	-0.0124622998502	0.034126861755	0.00151887068179	-0.0547059929057	-0.0392575081668	-0.0404448458807	-0.00936162154728	-0.0188276078068	-0.0371225259958	-0.028904831116	-0.0144908922732	-0.061904158217	-0.0111838724103	-0.0110560996793	0.0217871350096	-0.0212213466208	-0.0658357511201
k__Bacteria;p__Firmicutes;c__Clostridia;o__Clostridiales;f__Lachnospiraceae;g__;s__[Eubacterium]_rectale	-0.0320439627793	-0.0385038459553	0.0112667821817	-0.0355772665081	-0.00859170892841	0.013680882088	0.00725278648236	-0.00428872239406	-0.0261101413039	0.00876186039136	-0.0507279507175	0.0533449465988	-0.0163389086265	-0.0234105247965	1.0	-0.0315098998623	-0.0690795100079	-0.00863311156673	0.00830035391016	0.0473771918161	0.0227157694942	0.0284658689476	-0.00957476373328	0.02308815545	0.0812671453707	0.0204456734961	0.0158385111274	-0.0250711629145	0.00726116793583	0.0109171390497	-0.00598706976326	-0.0245406746957	-0.0469435825476	-0.00738372861757	0.0462659109084	-0.0128665352023	0.0393813521975	-0.00691051972294	-0.0423932182674	-0.0301354607361	-0.000961465038342	-0.0515205588664	0.0590970535311	-0.0456423386857	-0.00474749490156	-0.0438094355588	-0.104220391547	0.0242082523168	0.0206743253135	0.0404547697002	-0.0228630982836	-0.00533568829661	-0.0188360910369	-0.0243642967899	0.000705302956572	-0.0459021355559	-0.0186802252196	0.0283119023583	0.00902067941942
k__Bacteria;p__Bacteroidetes;c__Bacteroidia;o__Bacteroidales;f__Bacteroidaceae;g__Bacteroides;s__Bacteroides_plebeius	0.0410578588457	-0.0395371573504	-0.0324582215963	0.0314607155021	0.00158684561571	-0.0280735388473	0.0194147320627	-0.00480709532129	-0.0153216924532	-0.0268468320272	0.0664412561967	-0.0569744713404	0.000432007066843	-0.0220089815944	-0.0315098998623	1.0	0.00407484054758	0.0197833430393	0.010688066616	-0.0548609862218	-0.000906776415229	-0.00625180033655	0.00470640096853	0.000529698707903	-0.0176798488742	-0.0443678713789	-0.0227707785628	-0.0027955327556	-0.0288067189312	-0.0179199020336	-0.0463678643118	0.0346199375919	0.0445182894311	-0.0286824245807	0.021109470245	-0.0163247173876	0.00198122325644	-0.0307873371585	-0.0193761454008	0.00910145717528	0.0314504767084	0.00562164211485	-0.0109891940293	0.00368971683614	-0.0405622462024	0.0365407536328	-0.0215567096968	-0.017519142159	-0.0482904508598	-0.0259225308224	-0.00502492262774	-0.0212107393619	-0.0106265657133	-0.0244478366664	-0.0235189825047	0.0333294993643	-0.0216298937735	-0.00514105651268	0.0172077389715
k__Bacteria;p__Bacteroidetes;c__Bacteroidia;o__Bacteroidales;f__Bacteroidaceae;g__Bacteroides;s__Bacteroides_fragilis	-0.0179278611733	-0.00980172517041	0.0599029366668	-0.00938723584664	-0.00142958212334	-0.00424273729254	-0.0100706530018	-0.0169060376409	0.0121615162804	0.0254035735546	-0.0080767308271	0.018807973228	-0.0638213866031	-0.00687558116432	-0.0690795100079	0.00407484054758	1.0	-0.021618226888	0.0026490578216	-0.0184529945042	-0.047772760823	0.00811743715147	0.0300976496107	-0.0220974492522	-0.0574517065848	-0.000986657438497	-0.0176250455651	0.0290501784029	0.00854461608318	0.00908040785299	0.0248264632437	-0.0411717205096	0.0128796760749	-0.013645177046	0.0128098479724	0.0220392456515	-0.0126768286588	-0.0104222938334	-0.0830045762367	-0.0020780199815	-0.0016651263753	0.00254247692281	0.0471366505682	-0.00836885836988	-0.0376078837137	-0.0506700061824	-0.0350388897183	-0.027628987703	0.0135855411721	0.0087839072751	0.0252188478898	0.0255144523342	-0.00795638518296	-0.0716148276518	-0.0558893745403	-0.0226780164461	0.029941178838	0.0358088576887	-0.0166660992754
k__Bacteria;p__Proteobacteria;c__Betaproteobacteria;o__Burkholderiales;f__Sutterellaceae;g__Sutterella;s__Sutterella_wadsworthensis	0.0301968999839	0.00662866860119	0.00397574983161	0.0197335147091	-0.0198601322671	0.0627403723946	-0.0150909705402	-0.0117806625295	-0.0119274165836	-0.00696030662837	0.0333025301199	-0.0454700380954	-0.00125619478749	0.0362228187542	-0.00863311156673	0.0197833430393	-0.021618226888	1.0	0.0154768363865	-0.0236748228789	-0.0584890454577	-0.0134121510685	0.000488400335567	-0.0221425151213	-0.0438652161952	-0.0157846228398	0.0395336845748	0.0020626543801	0.0252803863371	0.0017243317852	-0.0423008731365	-0.0159551465193	0.0264103836935	-0.0524364741589	-0.0582747958765	-0.0450123777557	0.00486123581626	-0.0428712520797	-0.0731143704749	0.0336085608635	-0.0109064464311	0.00900443572972	0.044777570822	-0.0256111968446	-0.00204825745077	-0.012354912302	0.0289306167083	0.0267179120518	0.0147023038088	0.0365233914543	-0.0358004242021	0.0143105531131	-0.0294556009634	0.0410091689837	0.00229290891797	0.000547045098358	-0.0101552566542	-0.0550640784273	0.00245219901505
k__Bacteria;p__Bacteroidetes;c__Bacteroidia;o__Bacteroidales;f__Porphyromonadaceae;g__Barnesiella;s__Barnesiella_intestinihominis	-0.0122568287388	-0.0246154586981	0.0307402025541	-0.0411028370956	0.00927225826709	-0.0260270198473	0.0153763192309	0.0484697105731	-0.0061101409686	-0.0217372140386	-0.0117951504662	-0.0266172237077	0.0164560477112	0.0178197622311	0.00830035391016	0.010688066616	0.0026490578216	0.0154768363865	1.0	-0.00913793172807	-0.0264162618895	-0.0264536766582	-0.0239580768713	-0.0206739228318	0.0223805246401	-0.007099843929	-0.00494652059171	-0.0536561103821	0.0282568747712	-0.0295367493637	-0.0200998511948	-0.0640598566483	-0.0176972407859	-0.00217347337892	-0.011825783873	0.028708237451	0.0098780102456	-0.0340361810834	-0.0155690157363	0.0132626776387	0.0042808708683	-0.0220898842262	0.00979138481359	0.0508553399118	0.0266006812319	-5.04974653941e-05	0.0518375040662	0.0018036652873	0.0463720648621	-0.0233993650249	-0.0780146728247	0.0115513314531	-0.0027324510634	-0.0626992284702	-0.00893408049946	-0.0107029178556	0.0181361007036	-0.0783487986983	0.00297523866523
k__Bacteria;p__Bacteroidetes;c__Bacteroidia;o__Bacteroidales;f__Odoribacteraceae;g__Odoribacter;s__Odoribacter_splanchnicus	0.0703447171005	-0.0275999437659	-0.0185834437826	-0.0760976260192	-0.0295687228526	0.0520373940906	-0.007831552076	-0.0291927213516	-0.025156400413	0.00171755198349	-0.0229395536414	0.0180739684641	0.0237181602758	-0.0360071779901	0.0473771918161	-0.0548609862218	-0.0184529945042	-0.0236748228789	-0.00913793172807	1.0	-0.0490671864913	-0.00108109282602	-0.0388573890207	-0.0271126417549	-0.0267616787019	0.0434135734801	0.00051250477039	-0.0160266761614	-0.0108267278516	0.0334343164525	-0.00219056177032	0.0640549804089	-0.0544283277946	-0.0514364873208	-0.00712678319769	0.0368732148239	-0.0386081896788	-0.0180260147065	0.0381988725319	0.0381897282194	-0.00309972703503	-0.0029792986469	0.00644827716646	0.0316834949115	0.00528855965818	-0.0452790820545	0.0459495325363	-0.0186211426149	0.0406900006411	0.00224868316269	0.00243851855437	0.0139861703353	0.0339685562212	0.000384870247277	-0.0385964344	-0.00982965457766	-0.0405020246017	-0.0298640415605	0.0278806499208
k__Bacteria;p__Bacteroidetes;c__Bacteroidia;o__Bacteroidales;f__Bacteroidaceae;g__Bacteroides;s__Bacteroides_salyersiae	-0.0143478637184	-0.0283957949574	-0.0275650127533	0.0151864960691	-0.00215492192488	-0.0155132576141	-0.0245868765461	0.0237571133525	-0.0111970223881	0.00603247285229	-0.0368801847213	-0.0258889450131	0.0104944413085	-0.073560784322	0.0227157694942	-0.000906776415229	-0.047772760823	-0.0584890454577	-0.0264162618895	-0.0490671864913	1.0	-0.0259873531291	-0.00624693943496	-0.0104228567392	-0.0573930717475	0.0310015210205	-0.0175977461566	-0.0423447250009	0.0116622723514	0.0300732336993	-0.0423220776927	0.0214262803476	-0.00386695100923	0.0309505041924	-0.0116287332323	-0.0196206949164	-0.000510283082019	-0.0437595243969	-0.00175146344551	-0.00586785458821	0.0307349598843	0.019529625692	0.0271800161959	-0.0396682113537	-0.00443791227603	0.036100983736	-0.00421845714935	-0.047608268126	0.0465241841993	-0.0205411418059	0.0245404206902	0.0188115707653	0.00448559123148	0.0510158286515	0.00622826916504	-0.00220221814771	-0.00934308423765	-0.0538585099661	-0.055235495973
k__Bacteria;p__Firmicutes;c__Clostridia;o__Clostridiales;f__Ruminococcaceae;g__Ruminiclostridium;s__[Eubacterium]_siraeum	0.010139287428	-0.037245687987	0.0272449500798	0.00689759662166	0.015900489169	-0.0643126623308	0.0215478824574	-0.0612059738239	-0.0222273473508	0.00314405639038	0.0471144039326	-0.000441877348804	0.0108788851008	0.0419253957243	0.0284658689476	-0.00625180033655	0.00811743715147	-0.0134121510685	-0.0264536766582	-0.00108109282602	-0.0259873531291	1.0	-0.0221183103225	0.0498663709622	0.0384509045512	0.016333604808	0.0113174305872	0.000802069903075	-0.0466166501513	-0.0249541622267	-0.0810011304025	0.0247967741184	-0.0366025656522	-0.035175226436	-0.00741101651684	0.0123129150292	-0.0212869424071	-0.0531771255663	0.0193525916367	-0.0494982307879	-0.0133126603828	-0.0151237922903	-8.45643542958e-05	0.0253608910171	-0.0663909147797	0.0330863016351	0.118019821511	-0.05878330722	0.0158205038916	-0.0102998363515	-0.00357622003207	-0.00356988590897	-0.0325077073049	-0.0246877647718	0.0235240410072	-0.0703290550286	-0.0789850060788	0.0172994403184	-0.0272825795217
k__Bacteria;p__Proteobacteria;c__Betaproteobacteria;o__Burkholderiales;f__Sutterellaceae;g__Parasutterella;s__Parasutterella_excrementihominis	-0.0153773598542	-0.0240417323704	-0.0351763627812	-0.0151912649111	-0.0493232055434	-0.0437149991148	0.0219788154928	0.0828716765219	-0.0066326065522	0.0114059088997	0.0281689742871	-0.00855625471249	-0.000300893219619	-0.0254041988176	-0.00957476373328	0.00470640096853	0.0300976496107	0.000488400335566	-0.0239580768713	-0.0388573890207	-0.00624693943496	-0.0221183103225	1.0	0.00676178334955	-0.0833773110469	0.00909332151068	-0.0299484748957	0.0175414224034	0.0429986785608	0.0354669087681	-0.0131990491882	0.0358728366598	0.00713791549175	-0.0275096867871	0.0242298541261	-0.0569831598878	-0.0331818958391	-0.026483223646	-0.034001595038	-0.0236655777636	0.0144483556643	-0.0278040789962	0.00802461013158	-0.0468402109751	-0.0220888819385	-0.00548123701799	-0.0128179466711	0.00732123982223	0.0304866485331	-0.0262753618917	0.0370587172986	0.0373507919196	-0.0409582286009	-0.105443745684	0.0217172054655	-0.0487975507519	0.0462067317708	-0.027037497082	-0.0113762717246
k__Bacteria;p__Actinobacteria;c__Actinobacteria;o__Bifidobacteriales;f__Bifidobacteriaceae;g__Bifidobacterium;s__Bifidobacterium_adolescentis	-0.002096317307	-0.0167412274803	-0.00288138030085	-0.0362080544108	0.0174259220906	-0.0475094399396	-0.0318192260588	-0.0129894505636	-0.0209234160804	-0.0411657467999	-0.00533415416398	-0.0459231827258	0.0357408966536	-0.00190990727713	0.02308815545	0.000529698707903	-0.0220974492522	-0.0221425151213	-0.0206739228318	-0.0271126417549	-0.0104228567392	0.0498663709622	0.00676178334955	1.0	-0.0607229920427	0.0416342518165	0.0299407999137	0.0835933855727	0.0308867199837	0.0418616108904	0.0194424690773	0.00753176032899	0.00969637634693	0.0384416756996	-0.0342057122701	-0.00357256059346	-0.00622891208611	-0.0334348962536	0.0130772372773	0.00984457695435	-0.00334921774883	-0.03945473453	-0.0544413291589	0.0428661609714	-0.0339832529033	-0.0618809957084	-0.0119677235833	-0.0635006541897	-0.0208919847135	-0.0319528300164	-0.0163722990548	-0.0292773541681	0.0216033628644	0.0111263529033	-0.00581937249101	0.0175701398204	-0.0538321313842	-0.030839864843	0.0327911321639
k__Bacteria;p__Firmicutes;c__Clostridia;o__Clostridiales;f__Oscillospiraceae;g__Oscillibacter;s__Oscillibacter_sp._KLE_1745	0.0270633737473	-0.0241031391747	0.0125134635261	0.0385649571397	-0.0236869846263	-0.0128228531549	0.0300030643853	-0.0301316833982	-0.051140455294	-0.04179771725	0.0108548525259	0.00802021578447	0.00690358423037	0.0267633830299	0.0812671453707	-0.0176798488742	-0.0574517065848	-0.0438652161952	0.0223805246401	-0.0267616787019	-0.0573930717475	0.0384509045512	-0.0833773110469	-0.0607229920427	1.0	-0.0305784218286	-0.00660881345808	0.015144223576	-0.0210557894596	0.0164507531857	0.0285640094468	0.0661414714374	-0.0413584509282	0.0182058999901	0.0369723761243	0.0106076265841	-0.0336639200697	-0.00560418586061	0.0438488554127	-0.0557100208283	0.0159916224103	-0.00144612866331	-0.0231376810249	-0.0017266396027	-0.0514528266106	-0.0247975643961	-0.0448965073671	0.0665254892752	-0.0176681611722	0.0246268959768	-0.00468090303776	-0.00986748384969	-0.0332365150445	-0.00663504344748	-0.00969731300523	0.0596373924283	-0.0119531858456	-0.00808085528706	0.0231300632772
k__Bacteria;p__Bacteroidetes;c__Bacteroidia;o__Bacteroidales;f__Bacteroidaceae;g__Bacteroides;s__Bacteroides_coprophilus	0.0085478042932	-0.0490817847415	-0.026615639872	0.00166981339571	0.0303921773572	0.0345150787749	-0.0488548534669	0.0397275108416	0.0251582694486	0.00895556152562	0.01524722575	-0.0372972312367	-0.0114864864358	0.00479241088546	0.0204456734961	-0.0443678713789	-0.000986657438497	-0.0157846228398	-0.007099843929	0.0434135734801	0.0310015210205	0.016333604808	0.00909332151068	0.0416342518165	-0.0305784218286	1.0	-0.0760738634198	-0.0541810198961	-0.0339473771127	0.0335414687481	-0.0345183785719	-0.0635549526192	-0.0194088391487	-0.0330544847404	-0.00589301885765	-0.00982282538664	-0.000935038702574	-0.0185327490475	0.02758555773	-0.0159429209269	0.0373394324682	-0.025656958393	-0.149573876511	-0.0150419229535	0.014666077242	-0.0312282408384	-0.0205294449502	0.0019804372528	-0.00678750300044	0.00389270562558	-0.0174274917397	0.0514464638786	0.00685692077313	-0.0439656683587	0.00635096369299	-0.0202548263793	0.0231648077216	-0.0265929542568	-0.0745662602442
k__Bacteria;p__Firmicutes;c__Clostridia;o__Clostridiales;f__Lachnospiraceae;g__Roseburia;s__Roseburia_intestinalis	0.0242243090018	0.0470104597631	-0.0541137039887	-0.062231150504	-0.0151669297521	0.00349198996583	-0.0109312292495	0.0289457220454	0.0707035208418	0.012501400148	-0.00439698756892	-0.0184557722373	-0.0237812582758	0.00318194347999	0.0158385111274	-0.0227707785628	-0.0176250455651	0.0395336845748	-0.00494652059171	0.00051250477039	-0.0175977461566	0.0113174305872	-0.0299484748957	0.0299407999137	-0.00660881345808	-0.0760738634198	1.0	0.0131853145606	0.00509085039233	-0.0218179866567	-0.0167358793187	-0.0606947548644	-0.0392844318668	0.00507156467028	0.0755321144541	0.00311696425987	-0.103624969789	-0.00383930684393	0.0339426719131	-0.0421504315811	-0.00276509431199	-0.0449925261319	-0.0124831297199	0.00449274851544	0.0125576937115	0.025117788511	0.00927194473747	-0.0630568207118	-0.055512025703	0.0189820612106	-0.0403128542835	-2.09015218681e-05	-0.00568431175498	0.00557518551484	0.0330629874212	-0.00120129417066	0.0328881988257	0.0132601091346	0.00584962110349
k__Bacteria;p__Firmicutes;c__Clostridia;o__Clostridiales;f__Lachnospiraceae;g__Roseburia;s__Roseburia_hominis	-0.0314696274799	-0.000970590146422	-0.00234209875315	0.0760991318275	-0.0133081839282	-0.0393664304783	0.0258604484627	0.0391850871379	-0.0268160916163	0.0114267301194	-0.0321628631009	-0.0858999153627	-0.00841973536522	-0.0389442725986	-0.0250711629145	-0.0027955327556	0.0290501784029	0.0020626543801	-0.0536561103821	-0.0160266761614	-0.0423447250009	0.000802069903075	0.0175414224034	0.0835933855727	0.015144223576	-0.0541810198961	0.0131853145606	1.0	0.0174098193554	-0.0377097025538	-0.0388576503682	0.0107998957294	0.000501872774425	0.0249123792698	0.0180667697819	-0.00580484180227	0.0677032983805	-0.0597637828818	0.0421918094936	-0.00897898329385	0.00662714601631	0.00813296283163	-0.0285443057872	-0.000347929356862	-0.0007104291018	-0.0398330756697	-0.0426053441387	0.0540029747358	0.0379255720195	-0.022521256609	-0.0391223390851	-0.0107192334292	0.0100296692608	0.0127217769331	-0.00557093883506	0.00177146868727	-0.0238817450077	-0.0220462176144	0.0244614219903
k__Bacteria;p__Bacteroidetes;c__Bacteroidia;o__Bacteroidales;f__Porphyromonadaceae;g__Parabacteroides;s__Parabacteroides_johnsonii	-0.0378724600806	0.0138289972063	0.00792205571466	-0.0687102952496	0.048952349614	0.0374054670287	-0.0129603703517	0.0289112392506	-0.00996747941207	0.0203487388865	-0.0119065472262	-0.0384475140344	-0.0282398882206	0.0387850043348	0.00726116793583	-0.0288067189312	0.00854461608318	0.0252803863371	0.0282568747712	-0.0108267278516	0.0116622723514	-0.0466166501513	0.0429986785608	0.0308867199837	-0.0210557894596	-0.0339473771127	0.00509085039233	0.0174098193554	1.0	-0.0271012696153	-0.0258105831606	-0.0101816329587	-0.00415164817809	0.0388664366765	0.0168161142991	-0.0612596950417	-0.0374176516524	-0.0614742892324	0.0325024036755	-0.0250478571605	-0.0167537811288	-0.0296973708434	-0.0722892893684	0.0119572316993	0.00469530619085	0.0387349431394	-0.000924683515046	-0.0219579618687	-0.0288393756421	-0.0185191144325	0.00217522831114	-0.0842112966041	-0.0187013985804	0.0271451533849	0.0715986355259	-0.00147353819321	0.0160401726999	0.025348728945	0.112674857525
k__Bacteria;p__Actinobacteria;c__Actinobacteria;o__Bifidobacteriales;f__Bifidobacteriaceae;g__Bifidobacterium;s__Bifidobacterium_longum	0.0678399410228	-0.0622391785719	-0.0159389815328	-0.0324850305894	-0.0536365313645	0.0245624753932	-0.072672267908	0.0177678187709	-0.0127312965613	0.0138799860523	0.0325383794299	-0.0645414453888	-0.0380044884416	0.0155327400049	0.0109171390497	-0.0179199020336	0.00908040785299	0.0017243317852	-0.0295367493637	0.0334343164525	0.0300732336993	-0.0249541622267	0.0354669087681	0.0418616108904	0.0164507531857	0.0335414687481	-0.0218179866567	-0.0377097025538	-0.0271012696153	1.0	-0.084590906381	0.0119350487733	-0.0282107552726	-0.0672734947757	-0.0190453575206	0.0319613666988	0.00853804870992	-0.0591763497175	-0.0581072828238	-0.0138998115591	-0.0488040509661	-0.0324643521761	0.0349592550282	-0.0283549210685	-0.0335014698183	0.0230360474602	-0.0207985794959	-0.0426837190415	-0.0099688623258	-0.0437314438044	0.0502273261969	0.0112419805489	-0.0481905306493	0.00923789277028	-0.0205273922465	-0.0272066867828	0.0269547588856	0.000432659058322	-0.0291181525909
