#taxonomy	k__Bacteria;p__Bacteroidetes;c__Bacteroidia;o__Bacteroidales;f__Bacteroidaceae;g__Bacteroides;s__Bacteroides_vulgatus	k__Bacteria;p__Bacteroidetes;c__Bacteroidia;o__Bacteroidales;f__Bacteroidaceae;g__Bacteroides;s__Bacteroides_uniformis	k__Bacteria;p__Bacteroidetes;c__Bacteroidia;o__Bacteroidales;f__Rikenellaceae;g__Alistipes;s__Alistipes_putredinis	k__Bacteria;p__Bacteroidetes;c__Bacteroidia;o__Bacteroidales;f__Prevotellaceae;g__Prevotella;s__Prevotella_copri	k__Bacteria;p__Bacteroidetes;c__Bacteroidia;o__Bacteroidales;f__Bacteroidaceae;g__Bacteroides;s__Bacteroides_stercoris	k__Bacteria;p__Bacteroidetes;c__Bacteroidia;o__Bacteroidales;f__Bacteroidaceae;g__Bacteroides;s__Bacteroides_ovatus	k__Bacteria;p__Bacteroidetes;c__Bacteroidia;o__Bacteroidales;f__Rikenellaceae;g__Alistipes;s__Alistipes_shahii	k__Bacteria;p__Firmicutes;c__Clostridia;o__Clostridiales;f__Ruminococcaceae;g__Faecalibacterium;s__Faecalibacterium_prausnitzii	k__Bacteria;p__Bacteroidetes;c__Bacteroidia;o__Bacteroidales;f__Rikenellaceae;g__Alistipes;s__Alistipes_finegoldii	k__Bacteria;p__Bacteroidetes;c__Bacteroidia;o__Bacteroidales;f__Porphyromonadaceae;g__Parabacteroides;s__Parabacteroides_distasonis	k__Bacteria;p__Bacteroidetes;c__Bacteroidia;o__Bacteroidales;f__Bacteroidaceae;g__Bacteroides;s__Bacteroides_thetaiotaomicron	k__Bacteria;p__Bacteroidetes;c__Bacteroidia;o__Bacteroidales;f__Bacteroidaceae;g__Bacteroides;s__Bacteroides_coprocola	k__Bacteria;p__Bacteroidetes;c__Bacteroidia;o__Bacteroidales;f__Bacteroidaceae;g__Bacteroides;s__Bacteroides_cellulosilyticus	k__Bacteria;p__Bacteroidetes;c__Bacteroidia;o__Bacteroidales;f__Rikenellaceae;g__Alistipes;s__Alistipes_obesi	k__Bacteria;p__Firmicutes;c__Clostridia;o__Clostridiales;f__Lachnospiraceae;g__;s__[Eubacterium]_rectale	k__Bacteria;p__Bacteroidetes;c__Bacteroidia;o__Bacteroidales;f__Bacteroidaceae;g__Bacteroides;s__Bacteroides_plebeius	k__Bacteria;p__Bacteroidetes;c__Bacteroidia;o__Bacteroidales;f__Bacteroidaceae;g__Bacteroides;s__Bacteroides_fragilis	k__Bacteria;p__Proteobacteria;c__Betaproteobacteria;o__Burkholderiales;f__Sutterellaceae;g__Sutterella;s__Sutterella_wadsworthensis	k__Bacteria;p__Bacteroidetes;c__Bacteroidia;o__Bacteroidales;f__Porphyromonadaceae;g__Barnesiella;s__Barnesiella_intestinihominis	k__Bacteria;p__Bacteroidetes;c__Bacteroidia;o__Bacteroidales;f__Odoribacteraceae;g__Odoribacter;s__Odoribacter_splanchnicus	k__Bacteria;p__Bacteroidetes;c__Bacteroidia;o__Bacteroidales;f__Bacteroidaceae;g__Bacteroides;s__Bacteroides_salyersiae	k__Bacteria;p__Firmicutes;c__Clostridia;o__Clostridiales;f__Ruminococcaceae;g__Ruminiclostridium;s__[Eubacterium]_siraeum	k__Bacteria;p__Proteobacteria;c__Betaproteobacteria;o__Burkholderiales;f__Sutterellaceae;g__Parasutterella;s__Parasutterella_excrementihominis	k__Bacteria;p__Actinobacteria;c__Actinobacteria;o__Bifidobacteriales;f__Bifidobacteriaceae;g__Bifidobacterium;s__Bifidobacterium_adolescentis	k__Bacteria;p__Firmicutes;c__Clostridia;o__Clostridiales;f__Oscillospiraceae;g__Oscillibacter;s__Oscillibacter_sp._KLE_1745	k__Bacteria;p__Bacteroidetes;c__Bacteroidia;o__Bacteroidales;f__Bacteroidaceae;g__Bacteroides;s__Bacteroides_coprophilus	k__Bacteria;p__Firmicutes;c__Clostridia;o__Clostridiales;f__Lachnospiraceae;g__Roseburia;s__Roseburia_intestinalis	k__Bacteria;p__Firmicutes;c__Clostridia;o__Clostridiales;f__Lachnospiraceae;g__Roseburia;s__Roseburia_hominis	k__Bacteria;p__Bacteroidetes;c__Bacteroidia;o__Bacteroidales;f__Porphyromonadaceae;g__Parabacteroides;s__Parabacteroides_johnsonii	k__Bacteria;p__Actinobacteria;c__Actinobacteria;o__Bifidobacteriales;f__Bifidobacteriaceae;g__Bifidobacterium;s__Bifidobacterium_longum	k__Bacteria;p__Firmicutes;c__Clostridia;o__Clostridiales;f__;g__Flavonifractor;s__Flavonifractor_plautii	k__Bacteria;p__Firmicutes;c__Clostridia;o__Clostridiales;f__Clostridiaceae;g__Clostridium;s__Clostridium_phoceensis	k__Bacteria;p__Verrucomicrobia;c__Verrucomicrobiae;o__Verrucomicrobiales;f__Akkermansiaceae;g__Akkermansia;s__Akkermansia_muciniphila	k__Bacteria;p__Bacteroidetes;c__Bacteroidia;o__Bacteroidales;f__Prevotellaceae;g__Paraprevotella;s__Paraprevotella_xylaniphila	k__Bacteria;p__Firmicutes;c__Clostridia;o__Clostridiales;f__Ruminococcaceae;g__Ruminococcus;s__Ruminococcus_callidus	k__Bacteria;p__Bacteroidetes;c__Bacteroidia;o__Bacteroidales;f__Rikenellaceae;g__Alistipes;s__Alistipes_senegalensis	k__Bacteria;p__Firmicutes;c__Clostridia;o__Clostridiales;f__Lachnospiraceae;g__Blautia;s__Blautia_sp._KLE_1732	k__Bacteria;p__Bacteroidetes;c__Bacteroidia;o__Bacteroidales;f__Bacteroidaceae;g__Bacteroides;s__Bacteroides_oleiciplenus	k__Bacteria;p__Firmicutes;c__Clostridia;o__Clostridiales;f__Ruminococcaceae;g__Ruminococcus;s__Ruminococcus_bicirculans	k__Bacteria;p__Bacteroidetes;c__Bacteroidia;o__Bacteroidales;f__Bacteroidaceae;g__Bacteroides;s__Bacteroides_fluxus	k__Bacteria;p__Bacteroidetes;c__Bacteroidia;o__Bacteroidales;f__Prevotellaceae;g__Prevotella;s__Prevotella_stercorea	k__Bacteria;p__Firmicutes;c__Clostridia;o__Clostridiales;f__Lachnospiraceae;g__Dorea;s__Dorea_longicatena	k__Bacteria;p__Firmicutes;c__Clostridia;o__Clostridiales;f__Eubacteriaceae;g__Eubacterium;s__[Eubacterium]_eligens	k__Bacteria;p__Firmicutes;c__Clostridia;o__Clostridiales;f__Ruminococcaceae;g__;s__Ruminococcaceae_bacterium_D16	k__Bacteria;p__Firmicutes;c__Clostridia;o__Clostridiales;f__Lachnospiraceae;g__Coprococcus;s__Coprococcus_comes	k__Bacteria;p__Proteobacteria;c__Gammaproteobacteria;o__Enterobacterales;f__Enterobacteriaceae;g__Escherichia;s__Escherichia_coli	k__Bacteria;p__Firmicutes;c__Clostridia;o__Clostridiales;f__Ruminococcaceae;g__Anaerotruncus;s__Anaerotruncus_colihominis	k__Bacteria;p__Firmicutes;c__Clostridia;o__Clostridiales;f__Lachnospiraceae;g__Blautia;s__Blautia_obeum	k__Bacteria;p__Bacteroidetes;c__Bacteroidia;o__Bacteroidales;f__Odoribacteraceae;g__Odoribacter;s__Odoribacter_laneus	k__Bacteria;p__Firmicutes;c__Clostridia;o__Clostridiales;f__Ruminococcaceae;g__Ruminiclostridium;s__[Clostridium]_leptum	k__Bacteria;p__Bacteroidetes;c__Bacteroidia;o__Bacteroidales;f__Porphyromonadaceae;g__Parabacteroides;s__Parabacteroides_goldsteinii	k__Bacteria;p__Firmicutes;c__Clostridia;o__Clostridiales;f__Lachnospiraceae;g__Anaerostipes;s__Anaerostipes_hadrus	k__Bacteria;p__Firmicutes;c__Clostridia;o__Clostridiales;f__Ruminococcaceae;g__Ruminococcus;s__Ruminococcus_lactaris	k__Bacteria;p__Firmicutes;c__Clostridia;o__Clostridiales;f__Clostridiaceae;g__Clostridium;s__Clostridium_sp._L2-50	k__Bacteria;p__Firmicutes;c__Clostridia;o__Clostridiales;f__Clostridiaceae;g__Clostridium;s__Clostridium_sp._M62/1	k__Bacteria;p__Firmicutes;c__Clostridia;o__Clostridiales;f__;g__Intestinimonas;s__Intestinimonas_butyriciproducens	k__Bacteria;p__Actinobacteria;c__Actinobacteria;o__Bifidobacteriales;f__Bifidobacteriaceae;g__Bifidobacterium;s__Bifidobacterium_bifidum	k__Bacteria;p__Firmicutes;c__Negativicutes;o__Veillonellales;f__Veillonellaceae;g__Dialister;s__Dialister_invisus	k__Bacteria;p__Bacteroidetes;c__Bacteroidia;o__Bacteroidales;f__Bacteroidaceae;g__Bacteroides;s__Bacteroides_salanitronis
k__Bacteria;p__Bacteroidetes;c__Bacteroidia;o__Bacteroidales;f__Bacteroidaceae;g__Bacteroides;s__Bacteroides_vulgatus	1.0	0.00376791476379	-0.0590909191586	-0.0342504929704	-0.0329076895835	0.0663326807553	-0.0169527690024	-0.0435899771826	0.0104868552738	-0.00735547181565	-0.0234615029234	0.0216966393442	0.0150798679826	0.0404792047951	-0.0105275524678	0.0422400185669	0.0100802764747	0.00691867943141	0.000930828221389	0.0171220174495	0.0254785395027	-0.0424648451287	0.0560336829958	-0.0242002221211	0.010904225654	-0.00413719774708	-0.00521492714305	0.0557831517324	-0.0047783321775	-0.00843719374936	-0.00741691242185	-0.0214092517005	-0.0617555136357	-0.0146171441539	-0.039385328283	-0.0126115823869	-0.0287413120536	-0.041429499187	0.0303241862886	0.0137460675204	0.00531665627779	0.00243557967137	0.0279516875118	0.0446387123509	0.0491055836466	0.0266551770706	-0.0201428554854	0.0213388078428	-0.00719530319313	-0.013209063703	-0.0224428214662	0.0028362794736	-0.0696156939161	-0.0194407838369	0.0152024460024	0.0134132833324	-0.0168853906806	-0.0550005223624	0.0130192544947
k__Bacteria;p__Bacteroidetes;c__Bacteroidia;o__Bacteroidales;f__Bacteroidaceae;g__Bacteroides;s__Bacteroides_uniformis	0.00376791476379	1.0	0.0242172655367	-0.0503576681603	-0.00996527978056	0.00647850193683	-0.00747032883693	-0.035224875255	-0.0281509518724	-0.0825366075025	0.0328661357569	0.0278530552986	-0.0188010077597	0.0122146978715	0.0112241721034	0.00364688707031	-0.00338516683913	-0.00881484594787	0.0143065422809	0.0132241283252	-0.00380590027273	0.00356758926474	0.00799091991384	-0.0754742769232	0.0439438512062	-0.0627868801422	-0.048331857574	0.0288792302974	-0.0333885145614	0.0316407810068	-0.0307551059078	0.0249109431915	-0.0145441188588	-0.0337244093547	-0.0433523362147	0.0328558858758	-0.0145503017564	0.0245525422788	-0.0106557873884	0.0539828264334	-0.0358284123638	-0.030310996453	-0.0374697665294	0.00600899761027	-0.010559064771	-0.00517922796714	-0.0304781920372	-0.0367298291879	-0.0234488651215	-0.0105673409535	-0.000329515440608	0.047085045539	0.00315930884537	-0.0226251377735	0.0185401261102	-0.01542612753	-0.00845596217285	0.0487116346068	0.0421325945519
k__Bacteria;p__Bacteroidetes;c__Bacteroidia;o__Bacteroidales;f__Rikenellaceae;g__Alistipes;s__Alistipes_putredinis	-0.0590909191586	0.0242172655367	1.0	-0.0284151784813	-0.0115733855909	-0.0152428544862	-0.0193596791002	-0.0086433505375	0.0129891124576	0.00625773590324	-0.00813737837375	-0.00306028156014	-0.0353603486933	-0.00473323370078	-0.0110893169867	0.0136520283335	0.00295277696594	0.0438382364422	0.0481612238703	-0.0217471310695	0.0111902491783	-0.0379442605642	-0.00245910430759	0.00661142065301	-0.0199672738994	0.0388001462039	-0.0209078239578	0.00891986560488	-0.0270702862521	-0.0075111042192	-0.0180764306316	-0.0213191432238	0.0319017242521	-0.0301490071642	0.00448646076474	-0.0213646715175	-0.0180936727612	0.016640724594	0.0106684788616	0.000196291204716	-0.023721805275	-0.0138221148548	0.0173152762742	-0.0325843118933	0.0251237269117	-0.0123277522727	-0.0127761918716	-0.0115568828432	-0.0215166614767	0.0193115044241	-0.00400437347484	0.00972259890068	-0.0666356455922	0.014325779422	0.00885231708409	0.0177811310467	-0.00252204978148	-0.00847544159215	0.0442944240531
k__Bacteria;p__Bacteroidetes;c__Bacteroidia;o__Bacteroidales;f__Prevotellaceae;g__Prevotella;s__Prevotella_copri	-0.0342504929704	-0.0503576681603	-0.0284151784813	1.0	-0.0812381570648	-0.0990505378715	0.0286464350403	0.0639581190635	-0.0373020559257	0.0327282571843	-0.0333409422653	-0.0186556681104	-0.0123743203853	0.00084914044305	-0.0184384002571	0.0510322525557	-0.00416067085259	-0.0777296001995	-0.021448302365	0.0302773978834	0.00637174167617	-0.0490812712888	0.0210675007513	0.00197876455312	0.00992086344948	0.0115962518747	-0.0139037622701	0.00322666225672	-0.020546732465	-0.00880596814394	-0.0470279977405	0.0192050332799	-0.0505792943351	-0.0487095300852	0.0387902871009	-0.00422469680596	0.0213897429863	0.0579004536202	0.00415713010985	-0.0474030625454	0.0281589156735	0.0220023514495	0.00972134500547	-0.0172217991459	-0.0603402550502	-0.0125369221738	0.0322261470968	-0.013168691285	-0.0151775943495	-0.0139658634192	-0.0416261794505	0.0647902818277	0.0186330566595	0.0428297868829	-0.0040102550376	-0.023179112041	-0.0100170797467	-0.0446718089421	0.0303628117834
k__Bacteria;p__Bacteroidetes;c__Bacteroidia;o__Bacteroidales;f__Bacteroidaceae;g__Bacteroides;s__Bacteroides_stercoris	-0.0329076895835	-0.00996527978056	-0.0115733855909	-0.0812381570648	1.0	0.0204647389719	0.00161526754121	-0.0173112014361	-0.0715667633902	0.0291410250452	0.0616628410949	0.0181245482192	-0.0180054762141	-0.0131646612177	-0.0169692083522	-0.000512524151612	0.00798040948025	-0.00999080357299	0.00127735339779	0.048209209555	-0.039448438759	-0.00714028674644	-0.00885491403	0.0330836072934	-0.047500763252	-0.0245090982206	0.0632667267414	0.0355504484735	-0.0633106821917	-0.0405943518628	-0.0123663230988	-0.0170615255192	-0.0551030595102	0.000849022955361	-4.44934616909e-05	-0.0480435095343	0.0360398855604	-0.0226437014978	-0.019594805826	-0.0227380408296	0.0100490902874	0.0101167598549	0.0261669778324	0.0402152843137	0.0135623766501	0.00102853306644	0.0507049652927	-0.0135542791746	-0.0147754051785	0.0193397228123	-0.0599694298295	-0.0187422114284	-9.32310600316e-05	-0.0624559777395	-0.00611860712316	-0.0333286560561	0.010319195848	0.022686145677	-0.0876111239633
k__Bacteria;p__Bacteroidetes;c__Bacteroidia;o__Bacteroidales;f__Bacteroidaceae;g__Bacteroides;s__Bacteroides_ovatus	0.0663326807553	0.00647850193683	-0.0152428544862	-0.0990505378715	0.0204647389719	1.0	-0.0467031647544	-0.0717014972176	0.0467074173358	0.0333810533962	-0.0332814120889	-0.0791489588005	-0.0283212574277	-0.0256875591071	-0.0199543427359	-0.0609765412148	-0.00465231190129	-0.0183247690856	0.0262593462171	-0.041804304601	0.0130164364601	-0.0132930293909	0.0136703481201	0.00149810356811	-0.075980593076	-0.0965599831772	0.00450447840723	0.00426392884467	0.0140160614551	0.0287619915918	0.0255540498342	-0.0262346802655	-0.0015364595474	-0.0218736858582	-0.0487090493194	-0.000919433684991	-0.0255049235063	-0.0268851128506	0.0089663865436	0.0345043461251	0.0402901938757	-0.0230415847442	0.0152039826173	-0.0103198610485	-0.0416613166539	0.0202913683717	0.0623931802587	0.0376435159925	-0.0188115629071	0.0185367208413	0.0108493825869	-0.0565559582282	-0.0320011238382	0.0229150631182	-0.0326166052182	-0.0226031237825	0.0216927341281	-0.0946826324852	0.0164798481792
k__Bacteria;p__Bacteroidetes;c__Bacteroidia;o__Bacteroidales;f__Rikenellaceae;g__Alistipes;s__Alistipes_shahii	-0.0169527690024	-0.00747032883693	-0.0193596791002	0.0286464350403	0.00161526754121	-0.0467031647544	1.0	0.0479897905496	0.015682240149	-0.0491107913307	0.0368679289961	0.0523681967832	-0.0148124901421	0.0676861459727	0.00147016060255	-0.0424982268468	-0.0464664698223	0.00372902523069	-0.0470463044103	-0.00335200214762	-0.0191095387132	-0.0119096058817	-0.0645247792135	-0.0316249176146	-0.0310768562499	0.0172109553884	-0.0525366001236	-0.0202993329674	-0.0370801973602	-0.0135248734775	-0.0961441386873	0.00551052992604	-0.0384124725036	0.0430812590354	-0.000176643787733	-0.0542678556052	-0.0464403727846	-0.00902661766168	-0.0115006703463	0.0270127918868	0.0282993242614	0.0118765255279	-0.000224964586317	-0.0212280168366	-0.0569072813755	-0.00668226988478	-0.00638044793661	0.0150667803602	0.00111424793389	-0.0109204722972	0.0220421308879	-0.0640746543921	-0.0063881758606	-0.0143733544579	0.0423079894052	-0.0017487014092	-0.0346663110082	0.0321505931852	-0.00387845296479
k__Bacteria;p__Firmicutes;c__Clostridia;o__Clostridiales;f__Ruminococcaceae;g__Faecalibacterium;s__Faecalibacterium_prausnitzii	-0.0435899771826	-0.035224875255	-0.0086433505375	0.0639581190635	-0.0173112014361	-0.0717014972176	0.0479897905496	1.0	0.0256699762839	0.0160931601605	0.0292607920551	0.0236275843789	-0.00920948945001	-0.00672270887914	-0.0226210660802	0.0293776138432	-0.0354455803306	-0.0159254296955	-0.0282335523042	-0.0209506750302	-0.0534373130126	-0.0282226991398	-0.0238760500995	-0.0344437958876	-0.00903097543688	0.00886644403343	0.010808327208	-0.0340370738714	0.0248656306088	0.00808321185616	0.0235621422994	-0.0169310990996	-0.0489225301277	0.017316068873	-0.0430132296195	0.0371886224977	0.0159280037639	0.0301647858292	-0.00467354318584	-0.0363818333019	-0.0201059986914	0.00759716314732	-0.0292802442091	0.00640588032068	-0.012639369104	0.040991277908	0.0420311945182	-0.00650196978428	0.0329287355402	-0.0216504453041	-0.0390966826346	-0.0494173570235	0.0455298335455	-0.0727142301512	0.0734506393754	-0.00397024431421	0.00499123024992	0.00387357214782	-0.0311976016153
k__Bacteria;p__Bacteroidetes;c__Bacteroidia;o__Bacteroidales;f__Rikenellaceae;g__Alistipes;s__Alistipes_finegoldii	0.0104868552738	-0.0281509518724	0.0129891124576	-0.0373020559257	-0.0715667633902	0.0467074173358	0.015682240149	0.0256699762839	1.0	-0.00135754037964	0.0168329577587	-0.000166119564284	0.00930641994434	-0.0113389806063	-0.0268203992768	-0.0261330616037	0.00906625774034	0.0181713367035	-0.0133339541178	-0.0709089288281	0.0275226310696	0.000312464445279	0.0855977669815	-0.0451175867316	-0.0344105726739	0.00886399794899	-0.013918310182	-0.0608990745011	-0.0509325739935	0.041850402985	0.0446079735215	-0.0372142188337	-0.0289933329477	-0.0373985308153	-0.0318314165129	0.0321628575274	0.0477342435725	0.0563707045261	0.045902855937	0.0208002923541	0.0145842103917	0.0126324183834	-0.0157048945551	-0.0328116728988	-0.0583503083645	-0.0732613577289	0.0895611493718	-0.00115106310527	-0.0381012583451	-0.0415322067521	-0.020779772563	-0.0426446211184	-0.0116429456926	-0.00650870403266	-0.0449443351496	0.0304022047816	-0.0358563220797	-0.047207597107	0.0143734296406
k__Bacteria;p__Bacteroidetes;c__Bacteroidia;o__Bacteroidales;f__Porphyromonadaceae;g__Parabacteroides;s__Parabacteroides_distasonis	-0.00735547181565	-0.0825366075025	0.00625773590324	0.0327282571843	0.0291410250452	0.0333810533962	-0.0491107913307	0.0160931601605	-0.00135754037964	1.0	-0.0644054741814	-0.0342201188948	0.0191566787197	-0.0338644411221	-0.0385061139354	0.0492491958675	-0.0265353220739	-0.00798674799331	-0.0424515161282	0.00997794080904	0.0227143184695	0.0354462645769	0.0299420061518	0.00197786572062	-0.0122152677746	-0.0773915341255	0.00775453927394	0.00770235818035	-0.0360183827144	-0.0225250002472	-0.0121571437155	-0.0583144733402	0.034289901155	-0.0134288780528	-0.00207139461709	-0.0326368661652	-0.0168329114447	0.0239613712509	0.0355432651872	0.0441360431619	-0.0311959698277	0.0294559055356	-0.0422741812151	0.023935416123	0.021553973647	-0.0128911794402	0.00281074037655	-0.0112780485289	-0.0347112060216	0.050824601691	-0.0801313945708	-0.0113002379988	0.000170906575852	-0.0256623426035	-0.058278792638	-0.034163332476	-0.0257804424985	-0.0407285360139	0.00311249719321
k__Bacteria;p__Bacteroidetes;c__Bacteroidia;o__Bacteroidales;f__Bacteroidaceae;g__Bacteroides;s__Bacteroides_thetaiotaomicron	-0.0234615029234	0.0328661357569	-0.00813737837375	-0.0333409422653	0.0616628410949	-0.0332814120889	0.0368679289961	0.0292607920551	0.0168329577587	-0.0644054741814	1.0	0.0361594773962	0.058463898018	0.00952264755293	-0.031955454813	-0.0031040337043	0.0292728396734	-0.0033873024603	0.00884534796717	0.0418689001539	0.0217591021882	0.000978563300796	-0.0214025687261	0.00527511774038	0.0167102039744	-0.0327015238999	-0.0372440167582	0.0129016300967	-0.0209326992015	0.00567756287782	-0.031568918157	-0.0108670881555	0.00663509511477	0.050493890992	-0.029378325619	0.0179668843353	0.0252687944125	-0.0627724965771	-0.0416968157284	-0.0431604242539	0.0494269904035	-0.017802118384	-0.0636262653291	0.0224471026049	-0.0425371727534	0.0102319116542	0.0440240083297	0.00425917143791	0.0538138831763	0.0033689477547	-0.0557073955032	-0.0545976570313	-0.0549445867052	-0.00482310608227	-0.0598519696162	-0.049984650285	0.00891085885552	-0.0180260156687	-0.045710401688
k__Bacteria;p__Bacteroidetes;c__Bacteroidia;o__Bacteroidales;f__Bacteroidaceae;g__Bacteroides;s__Bacteroides_coprocola	0.0216966393442	0.0278530552986	-0.00306028156014	-0.0186556681104	0.0181245482192	-0.0791489588005	0.0523681967832	0.0236275843789	-0.000166119564284	-0.0342201188948	0.0361594773962	1.0	-0.029773954835	-0.00541092701322	-0.000765925548083	-0.0199784203432	-0.0573655692353	0.00128981732898	0.00621027881283	-0.0463921696383	-0.00620728638044	0.0133066212581	0.000360194327239	-0.0564560084975	-0.0109522851678	-0.0323500607264	-0.0207896101174	0.0123157656015	0.00374623056251	0.00844593944911	0.015384349888	-0.028010228633	-0.0560770700136	-0.0104307066128	-0.0261885137242	0.0305424457341	0.0128477052679	-0.0236840993588	-0.0279620279156	-0.00240627665496	0.0316093769751	-0.0476149335885	0.0155585221435	-0.0563349058194	0.0127997172477	-0.0210249671098	-0.0584047192566	-0.0134777860016	-0.0603228362133	-0.0189299489007	-0.0203949972496	-0.0562050329176	0.0132088965854	-0.0167584667128	-0.0665170966487	0.0186780201258	0.0132829204283	0.0412362725997	-0.0312374417683
k__Bacteria;p__Bacteroidetes;c__Bacteroidia;o__Bacteroidales;f__Bacteroidaceae;g__Bacteroides;s__Bacteroides_cellulosilyticus	0.0150798679826	-0.0188010077597	-0.0353603486933	-0.0123743203853	-0.0180054762141	-0.0283212574277	-0.0148124901421	-0.00920948945001	0.00930641994434	0.0191566787197	0.058463898018	-0.029773954835	1.0	-0.00211674775643	0.032787643664	-0.022413896015	-0.0306682191093	-0.0209117594166	-0.0736609478795	-0.013553656568	-0.0413755037103	-0.0412790090359	0.0264012401312	0.0377151455023	-0.0150620752893	-0.0409747905102	-0.0520736646435	-0.0171082258217	-0.0190384107511	0.0137461942107	-0.00124016438491	-0.0490382269373	0.00620997007425	0.00340333898598	-0.0213294969935	-0.00807395133158	0.00662959757863	-0.00880709950761	-0.00982487147005	0.0343606423007	0.0174690300807	0.00242454084895	0.0236774975008	-0.0471439284223	-0.0201265613994	-0.0175777593577	0.051542338303	-0.0664204804488	-0.0122990663732	0.00288786702152	-0.0325835222568	0.00539570967101	-0.0131331769658	-0.0335066821167	-0.011384532547	0.0184459995295	-0.0100695873425	0.0461592869568	-0.0462827719925
k__Bacteria;p__Bacteroidetes;c__Bacteroidia;o__Bacteroidales;f__Rikenellaceae;g__Alistipes;s__Alistipes_obesi	0.0404792047951	0.0122146978715	-0.00473323370078	0.00084914044305	-0.0131646612177	-0.0256875591071	0.0676861459727	-0.00672270887914	-0.0113389806063	-0.0338644411221	0.00952264755293	-0.00541092701322	-0.00211674775643	1.0	0.0125830269914	0.0110489164177	0.00900701759054	0.0283737903938	-0.0338589203106	-0.0710073890181	-0.00989701314548	0.0357595750888	-0.0459669420886	0.0346342457988	-0.0140120298098	0.000522592878572	-0.0118476009296	-0.0375774860912	0.0195968368076	-0.0145645094297	0.0203037469269	0.0132829805976	-0.0278617114013	0.0180180504122	-0.0110805994589	0.00724138633054	-0.0161314720684	-0.0287005393602	0.0040430720817	0.013062165708	-0.0372423255766	-0.0509379794328	0.0400452446074	-0.0279334960095	0.0283846754501	-0.00031375937176	-0.0310978846916	-0.00259159114941	-0.00183809146523	-0.0115108851611	0.00894601019836	-0.00610552785977	-0.0166328396885	0.0185000891424	0.0170116869704	-0.0410041491089	0.0270375836334	-0.0418113003827	0.0410428907121
k__Bacteria;p__Firmicutes;c__Clostridia;o__Clostridiales;f__Lachnospiraceae;g__;s__[Eubacterium]_rectale	-0.0105275524678	0.0112241721034	-0.0110893169867	-0.0184384002571	-0.0169692083522	-0.0199543427359	0.00147016060255	-0.0226210660802	-0.0268203992768	-0.0385061139354	-0.031955454813	-0.000765925548083	0.032787643664	0.0125830269914	1.0	0.0278550981264	-0.0156490133713	-0.0159116937512	0.0050311821543	-0.00417075891424	-0.0644439796362	-0.0212757993605	-0.0277498967725	0.0147688615917	0.0471288972608	0.0437257843423	0.055355900035	-0.0614953849546	-0.0248907925652	0.0219953220773	0.00480692476448	0.00414629445924	0.030820487859	-0.0372177858888	-0.0148962252064	0.00596453935173	0.0525457920156	0.027452000499	-0.00418343905492	-0.0153473488872	0.00741089946254	0.0483411487622	0.0394756057087	-0.000578686853862	-0.0502097097841	-0.0475741924467	-0.0525471799077	-0.00794626725205	0.00236557764365	-0.0660043218601	-0.00963426749661	0.0121351090821	-0.0296768523673	-0.0444566318991	0.0447943305075	-0.0179805217764	-0.0342952795744	-0.0124453062228	6.74339635687e-05
k__Bacteria;p__Bacteroidetes;c__Bacteroidia;o__Bacteroidales;f__Bacteroidaceae;g__Bacteroides;s__Bacteroides_plebeius	0.0422400185669	0.00364688707031	0.0136520283335	0.0510322525557	-0.000512524151612	-0.0609765412148	-0.0424982268468	0.0293776138432	-0.0261330616037	0.0492491958675	-0.0031040337043	-0.0199784203432	-0.022413896015	0.0110489164177	0.0278550981264	1.0	0.000394654014661	-0.011723211668	-0.00175325608848	0.0023278293884	0.0383314671848	-0.0363581750327	0.00839120396644	0.0329194042571	-0.0265682915651	-0.0355017527196	0.00695559539726	-0.0469643962381	-0.0214305961036	-0.0281640051239	0.0220111003375	0.0142226486044	-0.012856544593	-0.044417423339	0.00587393873205	-0.0409338627638	-0.00223640005887	-0.0250401316398	-0.0254869246377	0.0502501138681	0.0477076816183	-0.0547416717432	0.00133106009755	-0.00462997655505	0.00639555307044	-0.00155486771214	-0.0442347206695	0.0285521188231	-0.0408712741983	-0.0286562346197	0.00440725479829	-0.0283053838138	-0.0532810484956	-0.0287196117837	-0.0263513612564	-0.00677770373475	0.0104833560617	-0.0426131395841	-0.00269040204738
k__Bacteria;p__Bacteroidetes;c__Bacteroidia;o__Bacteroidales;f__Bacteroidaceae;g__Bacteroides;s__Bacteroides_fragilis	0.0100802764747	-0.00338516683913	0.00295277696594	-0.00416067085259	0.00798040948025	-0.00465231190129	-0.0464664698223	-0.0354455803306	0.00906625774034	-0.0265353220739	0.0292728396734	-0.0573655692353	-0.0306682191093	0.00900701759054	-0.0156490133713	0.000394654014661	1.0	-0.0184995422987	-0.0200640168151	-0.0489622080921	0.0109070578411	0.0332835470427	-0.00841498535724	0.00386705485048	-0.00470187276936	-0.00423809363332	0.00229956090967	0.00319563759653	-0.0178475732636	-0.0536453494846	0.0215022894292	-0.0448155162068	-0.0387781854887	-0.0137110128375	-0.0119967745257	-0.00416852589028	-0.0134824589625	0.0368563412218	0.00895930071301	-0.00927630178803	0.0232587405599	-0.0345054026633	0.035914030959	-0.00496581379516	0.00494182056053	-0.0113938271249	0.0257758785853	0.0296943847973	0.0222838763616	0.00831829787346	-0.00807209342247	0.0362201054416	-0.053411789581	-0.0528032028503	-0.034934611697	-0.0105933246447	-0.0936438946573	-0.0945619342575	-0.0139901356842
k__Bacteria;p__Proteobacteria;c__Betaproteobacteria;o__Burkholderiales;f__Sutterellaceae;g__Sutterella;s__Sutterella_wadsworthensis	0.00691867943141	-0.00881484594787	0.0438382364422	-0.0777296001995	-0.00999080357299	-0.0183247690856	0.00372902523069	-0.0159254296955	0.0181713367035	-0.00798674799331	-0.0033873024603	0.00128981732898	-0.0209117594166	0.0283737903938	-0.0159116937512	-0.011723211668	-0.0184995422987	1.0	0.0122742613834	-0.0592717229135	-0.0537521124615	-0.0266208359373	0.00437511144343	0.012221134756	-0.0181413335782	-0.0192264046219	-0.0403200551732	-0.00926684973606	-0.0548752395639	-0.0327666214592	-0.0256292052831	0.0150592212312	0.0225602234604	0.01052333151	0.0279742518627	-0.080826776004	-0.0556517358342	0.0205565183471	0.0082523800297	-0.0322869672504	-0.0390913179327	-0.0342859592862	-0.0527575971398	0.0263803426368	0.0153430374442	-0.0291533326855	-0.0331050364076	0.0230152786883	-0.0128365946563	0.0641818321512	0.00589580627702	-0.0666148552106	-0.00268635263505	-0.0204008994559	0.00696420834793	0.016572008712	-0.0164110084527	0.0150585571769	-0.0325556446738
k__Bacteria;p__Bacteroidetes;c__Bacteroidia;o__Bacteroidales;f__Porphyromonadaceae;g__Barnesiella;s__Barnesiella_intestinihominis	0.000930828221389	0.0143065422809	0.0481612238703	-0.021448302365	0.00127735339779	0.0262593462171	-0.0470463044103	-0.0282335523042	-0.0133339541178	-0.0424515161282	0.00884534796717	0.00621027881283	-0.0736609478795	-0.0338589203106	0.0050311821543	-0.00175325608848	-0.0200640168151	0.0122742613834	1.0	-0.0857593211464	-0.00067534202512	-0.0081280865903	-0.0655932466552	-0.0244427277913	-0.0241517453125	-0.0124608779952	-0.0339454081877	-0.0302718098031	-0.0438857964497	-0.0172957395351	0.0119420794574	0.0185828019835	-0.0127349962383	-0.0415509296496	-0.0387164596851	0.0682878928025	0.000349096809115	-0.00622829119108	-0.0677003047697	0.0215129270721	0.0195183240716	-0.000726186379838	-0.0728889697728	0.012630015936	-0.0287932536	0.00256048693	0.0466976097853	-0.0109427827477	-0.0126399784774	-0.00501950930848	-0.0248870687144	0.00394194669678	0.00976173881615	0.0385661658643	0.0217016846954	-0.0177388565492	-0.0148928860407	-0.041894787086	0.0100001073551
k__Bacteria;p__Bacteroidetes;c__Bacteroidia;o__Bacteroidales;f__Odoribacteraceae;g__Odoribacter;s__Odoribacter_splanchnicus	0.0171220174495	0.0132241283252	-0.0217471310695	0.0302773978834	0.048209209555	-0.041804304601	-0.00335200214762	-0.0209506750302	-0.0709089288281	0.00997794080904	0.0418689001539	-0.0463921696383	-0.013553656568	-0.0710073890181	-0.00417075891424	0.0023278293884	-0.0489622080921	-0.0592717229135	-0.0857593211464	1.0	-0.0319306481859	-0.0231629358883	-0.0392125227224	0.0321383548566	-0.0263473738264	0.0177358159687	-0.0472875398101	-0.00627910347087	-0.0583307105474	-0.0404487541658	-0.0169464555922	-0.0602462007867	-0.0821905951773	0.0445103163684	0.0144767698994	-0.0200692253596	0.00606650639082	0.0757657530626	0.0550574586107	-0.0210141012867	0.0169303859715	-0.00277388111022	0.0357988409481	0.0197113910329	-0.0517809289511	-0.0117423067039	-0.0566613963814	-0.0579349166144	0.0102933157658	0.0161734330634	0.0465954368783	0.0103766085474	0.0190886630918	-0.0124786414082	0.0228750582366	0.0125395758328	0.0515005875207	-0.0251783848219	0.012414994839
k__Bacteria;p__Bacteroidetes;c__Bacteroidia;o__Bacteroidales;f__Bacteroidaceae;g__Bacteroides;s__Bacteroides_salyersiae	0.0254785395027	-0.00380590027273	0.0111902491783	0.00637174167617	-0.039448438759	0.0130164364601	-0.0191095387132	-0.0534373130126	0.0275226310696	0.0227143184695	0.0217591021882	-0.00620728638044	-0.0413755037103	-0.00989701314548	-0.0644439796362	0.0383314671848	0.0109070578411	-0.0537521124615	-0.00067534202512	-0.0319306481859	1.0	0.0339885556641	-0.0406816032982	0.0198479811811	-0.00098906177966	-0.0277738015906	0.0263852753055	0.0183553581918	-0.00768379372135	-0.0439446869025	-0.0295864568979	-0.0101486136731	-0.0342917967774	-0.057059460275	-0.0294396209517	0.0150214003979	0.0203536157568	0.00586749540985	0.0411171094065	0.0187003955657	-0.0643840486447	0.0170507483702	-0.0101688996345	0.0596767299997	-0.00112415847894	0.00281903358886	-0.00877956870167	0.0274250370044	-0.033713282092	0.00927237195121	-0.0310818407992	-0.0189942150005	-0.0122454431295	-0.0298283142585	-0.0347616797898	-0.00100198231755	-0.0569090997225	-0.00849691946698	0.00905418262624
k__Bacteria;p__Firmicutes;c__Clostridia;o__Clostridiales;f__Ruminococcaceae;g__Ruminiclostridium;s__[Eubacterium]_siraeum	-0.0424648451287	0.00356758926474	-0.0379442605642	-0.0490812712888	-0.00714028674644	-0.0132930293909	-0.0119096058817	-0.0282226991398	0.000312464445279	0.0354462645769	0.000978563300796	0.0133066212581	-0.0412790090359	0.0357595750888	-0.0212757993605	-0.0363581750327	0.0332835470427	-0.0266208359373	-0.0081280865903	-0.0231629358883	0.0339885556641	1.0	0.0302625201063	0.0453565149204	0.0294398744903	0.0265221687303	0.028706079317	-0.0295665387696	-0.0256773650614	-0.027997020431	-0.0467194119774	-0.0545405212453	-0.00644549736705	-0.00285898613277	-0.0199060780985	0.0326398631408	-0.0117739497143	0.0122413572442	-0.0328874301993	0.0188171494051	0.0693584974798	0.0528888144615	-0.00187737435357	-0.0167782004365	-0.0141389981602	0.0419282270031	0.0253103572851	-0.00991569119936	-0.0134156539592	0.00906240367348	-0.0340089947789	0.0123900956236	0.0102988917599	-0.0429107121721	-0.0255975525773	-0.0457528449593	-0.011294896674	-0.0249378121086	-0.0106819378131
k__Bacteria;p__Proteobacteria;c__Betaproteobacteria;o__Burkholderiales;f__Sutterellaceae;g__Parasutterella;s__Parasutterella_excrementihominis	0.0560336829958	0.00799091991384	-0.00245910430759	0.0210675007513	-0.00885491403	0.0136703481201	-0.0645247792135	-0.0238760500995	0.0855977669815	0.0299420061518	-0.0214025687261	0.000360194327239	0.0264012401312	-0.0459669420886	-0.0277498967725	0.00839120396644	-0.00841498535724	0.00437511144343	-0.0655932466552	-0.0392125227224	-0.0406816032982	0.0302625201063	1.0	0.0067665700299	0.0220417166486	-0.000811380967048	0.0479815875816	-0.032251897987	-0.0178803203671	0.0264122454741	-0.0432075347905	0.0462329061075	-0.00241812742228	0.032806507006	-0.000771625369571	-0.0248215076332	-0.0114416391153	0.0196003662455	-0.0037973076661	-0.0327694174434	-0.014913214609	-0.0879567927373	0.00312275836947	-0.0920987499366	-0.0152299438355	-0.006955504873	-0.0659506640014	-0.00382451952761	-0.0115485913699	0.0132852959729	-0.039244647192	0.0026188081159	-0.0122684040787	0.0203985725214	0.0622136848967	0.0181998389298	-0.0172421809456	-0.00543432950505	-0.0196359915165
k__Bacteria;p__Actinobacteria;c__Actinobacteria;o__Bifidobacteriales;f__Bifidobacteriaceae;g__Bifidobacterium;s__Bifidobacterium_adolescentis	-0.0242002221211	-0.0754742769232	0.00661142065301	0.00197876455312	0.0330836072934	0.00149810356811	-0.0316249176146	-0.0344437958876	-0.0451175867316	0.00197786572062	0.00527511774038	-0.0564560084975	0.0377151455023	0.0346342457988	0.0147688615917	0.0329194042571	0.00386705485048	0.012221134756	-0.0244427277913	0.0321383548566	0.0198479811811	0.0453565149204	0.0067665700299	1.0	-0.0125774244673	-0.0298354062105	0.00823033283346	0.0504242334994	0.103708122659	-0.0387414656443	-0.0290734270544	-0.0729390705073	0.069116842211	0.0199840164733	-0.0617769133462	0.00295697038254	-0.0601012725515	-0.0575228320631	-0.0274189013188	0.045846995435	-0.0221124488418	-0.0479038710996	0.0310515287216	-0.00876706675697	0.00574716177223	-0.0682906677794	-0.00280214099318	0.075263151102	-0.0286279335242	0.0328243627779	-0.0330511656125	-0.0339513050192	0.0441869317435	-0.0334316416917	-0.0244494579373	-0.00398816945549	-0.060738628044	0.0193921376992	-0.0338278650202
k__Bacteria;p__Firmicutes;c__Clostridia;o__Clostridiales;f__Oscillospiraceae;g__Oscillibacter;s__Oscillibacter_sp._KLE_1745	0.010904225654	0.0439438512062	-0.0199672738994	0.00992086344948	-0.047500763252	-0.075980593076	-0.0310768562499	-0.00903097543688	-0.0344105726739	-0.0122152677746	0.0167102039744	-0.0109522851678	-0.0150620752893	-0.0140120298098	0.0471288972608	-0.0265682915651	-0.00470187276936	-0.0181413335782	-0.0241517453125	-0.0263473738264	-0.00098906177966	0.0294398744903	0.0220417166486	-0.0125774244673	1.0	-6.09582921338e-06	0.0336198096079	0.00225805600784	0.019458558437	-0.0020911077599	-0.0108188728776	-0.0219392551665	0.00561903784469	-0.000925586596703	-0.0555915991063	0.00193301671856	0.00338480842935	-0.00115424423296	-0.0247609682282	0.0122847109637	-0.0703769557935	0.0560479173045	-0.0170065615704	0.0310103374496	0.00130394011014	0.0234783082589	0.0423675904357	0.0499828013951	-0.00248153517988	-0.0420419749053	0.0114220927356	-0.0421695101388	0.0645578689938	0.00470790476998	-0.0431628044043	-0.0107555449035	-0.0279997135509	-0.00717664669906	-0.032428131003
k__Bacteria;p__Bacteroidetes;c__Bacteroidia;o__Bacteroidales;f__Bacteroidaceae;g__Bacteroides;s__Bacteroides_coprophilus	-0.00413719774708	-0.0627868801422	0.0388001462039	0.0115962518747	-0.0245090982206	-0.0965599831772	0.0172109553884	0.00886644403343	0.00886399794899	-0.0773915341255	-0.0327015238999	-0.0323500607264	-0.0409747905102	0.000522592878572	0.0437257843423	-0.0355017527196	-0.00423809363332	-0.0192264046219	-0.0124608779952	0.0177358159687	-0.0277738015906	0.0265221687303	-0.000811380967048	-0.0298354062105	-6.0958292135e-06	1.0	-0.0500571244913	-0.0308332409013	0.00496490764459	-0.00111170399188	-0.0238725514877	0.00263178910943	0.0132297966813	0.0361201323361	0.0190991386007	-4.40070062575e-05	-0.0146485872584	-0.0484050754658	-0.0145276296997	0.00869736466757	-0.0489916372523	-0.0350764749706	-0.01018197255	-0.0416446344106	-0.0025469621524	0.0708092085383	-0.0373182104278	-0.032410932967	0.086298720763	-0.0846922690201	-0.0116413023312	-0.0210808775112	-0.0362275841301	0.0409976353056	-0.012885706322	0.055419280298	-0.00142343007402	0.0147759855324	0.00628082606329
k__Bacteria;p__Firmicutes;c__Clostridia;o__Clostridiales;f__Lachnospiraceae;g__Roseburia;s__Roseburia_intestinalis	-0.00521492714305	-0.048331857574	-0.0209078239578	-0.0139037622701	0.0632667267414	0.00450447840723	-0.0525366001236	0.010808327208	-0.013918310182	0.00775453927394	-0.0372440167582	-0.0207896101174	-0.0520736646435	-0.0118476009296	0.055355900035	0.00695559539726	0.00229956090967	-0.0403200551732	-0.0339454081877	-0.0472875398101	0.0263852753055	0.028706079317	0.0479815875816	0.00823033283346	0.0336198096079	-0.0500571244913	1.0	0.027668661233	0.000222788495771	0.0364047953498	-0.0127311796897	0.0203033269058	-0.0143622154201	-0.0549186679925	0.0242838175582	-0.00291040070029	0.0063288429382	0.0581647331379	-0.020845252185	-0.00978578182039	0.00671097945674	0.0498244371866	0.0295065684698	-0.103980774644	0.0122734699598	0.0256889890264	-0.0484602678726	-0.0263954936627	-0.0359691625694	-0.00332654865935	-0.0144231268229	0.0238259851954	-0.0133389426398	-0.0639668763716	-0.0587597059099	0.0537581203236	-0.0236364140247	0.0270184296796	-0.000488435256119
k__Bacteria;p__Firmicutes;c__Clostridia;o__Clostridiales;f__Lachnospiraceae;g__Roseburia;s__Roseburia_hominis	0.0557831517324	0.0288792302974	0.00891986560488	0.00322666225672	0.0355504484735	0.00426392884467	-0.0202993329674	-0.0340370738714	-0.0608990745011	0.00770235818035	0.0129016300967	0.0123157656015	-0.0171082258217	-0.0375774860912	-0.0614953849546	-0.0469643962381	0.00319563759653	-0.00926684973606	-0.0302718098031	-0.00627910347087	0.0183553581918	-0.0295665387696	-0.032251897987	0.0504242334994	0.00225805600784	-0.0308332409013	0.027668661233	1.0	-0.0534144575786	-0.039077485976	0.0179469199603	-0.0448270322432	-0.0151843961073	-0.05412105642	-0.0475455519899	-0.000113648908201	-0.0314816405245	-0.0206678055675	-0.0363362133652	0.0255634606961	-0.0295115851606	0.0417988100598	0.00171636908011	0.0314440910593	-0.0214553060207	-0.0706382274995	0.0566721922448	0.0170120893709	-0.0154474701709	-0.00514996292239	0.0437881033938	0.0283217677163	-0.0427955823881	-0.0212145649768	-0.0416350164367	-0.00353099855725	-0.00811138462322	0.0850030531726	-0.00850542237175
k__Bacteria;p__Bacteroidetes;c__Bacteroidia;o__Bacteroidales;f__Porphyromonadaceae;g__Parabacteroides;s__Parabacteroides_johnsonii	-0.0047783321775	-0.0333885145614	-0.0270702862521	-0.020546732465	-0.0633106821917	0.0140160614551	-0.0370801973602	0.0248656306088	-0.0509325739935	-0.0360183827144	-0.0209326992015	0.00374623056251	-0.0190384107511	0.0195968368076	-0.0248907925652	-0.0214305961036	-0.0178475732636	-0.0548752395639	-0.0438857964497	-0.0583307105474	-0.00768379372135	-0.0256773650614	-0.0178803203671	0.103708122659	0.019458558437	0.00496490764459	0.000222788495771	-0.0534144575786	1.0	0.0498178282818	0.0310758754594	0.000492125179123	0.0464277200341	-0.0372532429543	-0.0318659938277	-0.0230800995018	0.0223424782393	0.0057317288672	0.0319127012821	-0.0691326014636	-0.00655864196752	-0.0478893987952	-0.0308552043421	-0.049225122131	0.0206079224987	-0.0633007627598	0.0155513923391	0.0497464147727	0.0179347996415	0.0292216427525	-0.000276415808018	0.00550042600153	0.0560520659208	-0.0107266397086	0.00572387748119	-0.0398671516558	-0.0427175189318	-0.0504962255275	-0.0491006355489
k__Bacteria;p__Actinobacteria;c__Actinobacteria;o__Bifidobacteriales;f__Bifidobacteriaceae;g__Bifidobacterium;s__Bifidobacterium_longum	-0.00843719374936	0.0316407810068	-0.0075111042192	-0.00880596814394	-0.0405943518628	0.0287619915918	-0.0135248734775	0.00808321185616	0.041850402985	-0.0225250002472	0.00567756287782	0.00844593944911	0.0137461942107	-0.0145645094297	0.0219953220773	-0.0281640051239	-0.0536453494846	-0.0327666214592	-0.0172957395351	-0.0404487541658	-0.0439446869025	-0.027997020431	0.0264122454741	-0.0387414656443	-0.0020911077599	-0.00111170399188	0.0364047953498	-0.039077485976	0.0498178282818	1.0	0.05616046684	0.0633371108046	-0.0120538215724	0.00923311919337	0.0201999510781	0.00819628812883	-0.0187076545802	-0.055681674331	-0.0455485895319	0.0120559927141	0.00253868289164	-0.026006060884	0.0128363986622	-0.0275146996333	0.0101234038726	0.0247144988754	-0.00376464026362	-0.00075115974729	0.00684281000916	-0.000658626294389	0.0413310055863	0.0692345861369	-0.0202842018094	-0.00177823872797	-0.0558027609772	-0.0487708321554	-0.0227406891394	0.0500903729927	-0.0500805930839
