#taxonomy	k__Bacteria;p__Bacteroidetes;c__Bacteroidia;o__Bacteroidales;f__Bacteroidaceae;g__Bacteroides;s__Bacteroides_vulgatus	k__Bacteria;p__Bacteroidetes;c__Bacteroidia;o__Bacteroidales;f__Bacteroidaceae;g__Bacteroides;s__Bacteroides_uniformis	k__Bacteria;p__Bacteroidetes;c__Bacteroidia;o__Bacteroidales;f__Rikenellaceae;g__Alistipes;s__Alistipes_putredinis	k__Bacteria;p__Bacteroidetes;c__Bacteroidia;o__Bacteroidales;f__Prevotellaceae;g__Prevotella;s__Prevotella_copri	k__Bacteria;p__Bacteroidetes;c__Bacteroidia;o__Bacteroidales;f__Bacteroidaceae;g__Bacteroides;s__Bacteroides_stercoris	k__Bacteria;p__Bacteroidetes;c__Bacteroidia;o__Bacteroidales;f__Bacteroidaceae;g__Bacteroides;s__Bacteroides_ovatus	k__Bacteria;p__Bacteroidetes;c__Bacteroidia;o__Bacteroidales;f__Rikenellaceae;g__Alistipes;s__Alistipes_shahii	k__Bacteria;p__Firmicutes;c__Clostridia;o__Clostridiales;f__Ruminococcaceae;g__Faecalibacterium;s__Faecalibacterium_prausnitzii	k__Bacteria;p__Bacteroidetes;c__Bacteroidia;o__Bacteroidales;f__Rikenellaceae;g__Alistipes;s__Alistipes_finegoldii	k__Bacteria;p__Bacteroidetes;c__Bacteroidia;o__Bacteroidales;f__Porphyromonadaceae;g__Parabacteroides;s__Parabacteroides_distasonis	k__Bacteria;p__Bacteroidetes;c__Bacteroidia;o__Bacteroidales;f__Bacteroidaceae;g__Bacteroides;s__Bacteroides_thetaiotaomicron	k__Bacteria;p__Bacteroidetes;c__Bacteroidia;o__Bacteroidales;f__Bacteroidaceae;g__Bacteroides;s__Bacteroides_coprocola	k__Bacteria;p__Bacteroidetes;c__Bacteroidia;o__Bacteroidales;f__Bacteroidaceae;g__Bacteroides;s__Bacteroides_cellulosilyticus	k__Bacteria;p__Bacteroidetes;c__Bacteroidia;o__Bacteroidales;f__Rikenellaceae;g__Alistipes;s__Alistipes_obesi	k__Bacteria;p__Firmicutes;c__Clostridia;o__Clostridiales;f__Lachnospiraceae;g__;s__[Eubacterium]_rectale	k__Bacteria;p__Bacteroidetes;c__Bacteroidia;o__Bacteroidales;f__Bacteroidaceae;g__Bacteroides;s__Bacteroides_plebeius	k__Bacteria;p__Bacteroidetes;c__Bacteroidia;o__Bacteroidales;f__Bacteroidaceae;g__Bacteroides;s__Bacteroides_fragilis	k__Bacteria;p__Proteobacteria;c__Betaproteobacteria;o__Burkholderiales;f__Sutterellaceae;g__Sutterella;s__Sutterella_wadsworthensis	k__Bacteria;p__Bacteroidetes;c__Bacteroidia;o__Bacteroidales;f__Porphyromonadaceae;g__Barnesiella;s__Barnesiella_intestinihominis	k__Bacteria;p__Bacteroidetes;c__Bacteroidia;o__Bacteroidales;f__Odoribacteraceae;g__Odoribacter;s__Odoribacter_splanchnicus	k__Bacteria;p__Bacteroidetes;c__Bacteroidia;o__Bacteroidales;f__Bacteroidaceae;g__Bacteroides;s__Bacteroides_salyersiae	k__Bacteria;p__Firmicutes;c__Clostridia;o__Clostridiales;f__Ruminococcaceae;g__Ruminiclostridium;s__[Eubacterium]_siraeum	k__Bacteria;p__Proteobacteria;c__Betaproteobacteria;o__Burkholderiales;f__Sutterellaceae;g__Parasutterella;s__Parasutterella_excrementihominis	k__Bacteria;p__Actinobacteria;c__Actinobacteria;o__Bifidobacteriales;f__Bifidobacteriaceae;g__Bifidobacterium;s__Bifidobacterium_adolescentis	k__Bacteria;p__Firmicutes;c__Clostridia;o__Clostridiales;f__Oscillospiraceae;g__Oscillibacter;s__Oscillibacter_sp._KLE_1745	k__Bacteria;p__Bacteroidetes;c__Bacteroidia;o__Bacteroidales;f__Bacteroidaceae;g__Bacteroides;s__Bacteroides_coprophilus	k__Bacteria;p__Firmicutes;c__Clostridia;o__Clostridiales;f__Lachnospiraceae;g__Roseburia;s__Roseburia_intestinalis	k__Bacteria;p__Firmicutes;c__Clostridia;o__Clostridiales;f__Lachnospiraceae;g__Roseburia;s__Roseburia_hominis	k__Bacteria;p__Bacteroidetes;c__Bacteroidia;o__Bacteroidales;f__Porphyromonadaceae;g__Parabacteroides;s__Parabacteroides_johnsonii	k__Bacteria;p__Actinobacteria;c__Actinobacteria;o__Bifidobacteriales;f__Bifidobacteriaceae;g__Bifidobacterium;s__Bifidobacterium_longum	k__Bacteria;p__Firmicutes;c__Clostridia;o__Clostridiales;f__;g__Flavonifractor;s__Flavonifractor_plautii	k__Bacteria;p__Firmicutes;c__Clostridia;o__Clostridiales;f__Clostridiaceae;g__Clostridium;s__Clostridium_phoceensis	k__Bacteria;p__Verrucomicrobia;c__Verrucomicrobiae;o__Verrucomicrobiales;f__Akkermansiaceae;g__Akkermansia;s__Akkermansia_muciniphila	k__Bacteria;p__Bacteroidetes;c__Bacteroidia;o__Bacteroidales;f__Prevotellaceae;g__Paraprevotella;s__Paraprevotella_xylaniphila	k__Bacteria;p__Firmicutes;c__Clostridia;o__Clostridiales;f__Ruminococcaceae;g__Ruminococcus;s__Ruminococcus_callidus	k__Bacteria;p__Bacteroidetes;c__Bacteroidia;o__Bacteroidales;f__Rikenellaceae;g__Alistipes;s__Alistipes_senegalensis	k__Bacteria;p__Firmicutes;c__Clostridia;o__Clostridiales;f__Lachnospiraceae;g__Blautia;s__Blautia_sp._KLE_1732	k__Bacteria;p__Bacteroidetes;c__Bacteroidia;o__Bacteroidales;f__Bacteroidaceae;g__Bacteroides;s__Bacteroides_oleiciplenus	k__Bacteria;p__Firmicutes;c__Clostridia;o__Clostridiales;f__Ruminococcaceae;g__Ruminococcus;s__Ruminococcus_bicirculans	k__Bacteria;p__Bacteroidetes;c__Bacteroidia;o__Bacteroidales;f__Bacteroidaceae;g__Bacteroides;s__Bacteroides_fluxus	k__Bacteria;p__Bacteroidetes;c__Bacteroidia;o__Bacteroidales;f__Prevotellaceae;g__Prevotella;s__Prevotella_stercorea	k__Bacteria;p__Firmicutes;c__Clostridia;o__Clostridiales;f__Lachnospiraceae;g__Dorea;s__Dorea_longicatena	k__Bacteria;p__Firmicutes;c__Clostridia;o__Clostridiales;f__Eubacteriaceae;g__Eubacterium;s__[Eubacterium]_eligens	k__Bacteria;p__Firmicutes;c__Clostridia;o__Clostridiales;f__Ruminococcaceae;g__;s__Ruminococcaceae_bacterium_D16	k__Bacteria;p__Firmicutes;c__Clostridia;o__Clostridiales;f__Lachnospiraceae;g__Coprococcus;s__Coprococcus_comes	k__Bacteria;p__Proteobacteria;c__Gammaproteobacteria;o__Enterobacterales;f__Enterobacteriaceae;g__Escherichia;s__Escherichia_coli	k__Bacteria;p__Firmicutes;c__Clostridia;o__Clostridiales;f__Ruminococcaceae;g__Anaerotruncus;s__Anaerotruncus_colihominis	k__Bacteria;p__Firmicutes;c__Clostridia;o__Clostridiales;f__Lachnospiraceae;g__Blautia;s__Blautia_obeum	k__Bacteria;p__Bacteroidetes;c__Bacteroidia;o__Bacteroidales;f__Odoribacteraceae;g__Odoribacter;s__Odoribacter_laneus	k__Bacteria;p__Firmicutes;c__Clostridia;o__Clostridiales;f__Ruminococcaceae;g__Ruminiclostridium;s__[Clostridium]_leptum	k__Bacteria;p__Bacteroidetes;c__Bacteroidia;o__Bacteroidales;f__Porphyromonadaceae;g__Parabacteroides;s__Parabacteroides_goldsteinii	k__Bacteria;p__Firmicutes;c__Clostridia;o__Clostridiales;f__Lachnospiraceae;g__Anaerostipes;s__Anaerostipes_hadrus	k__Bacteria;p__Firmicutes;c__Clostridia;o__Clostridiales;f__Ruminococcaceae;g__Ruminococcus;s__Ruminococcus_lactaris	k__Bacteria;p__Firmicutes;c__Clostridia;o__Clostridiales;f__Clostridiaceae;g__Clostridium;s__Clostridium_sp._L2-50	k__Bacteria;p__Firmicutes;c__Clostridia;o__Clostridiales;f__Clostridiaceae;g__Clostridium;s__Clostridium_sp._M62/1	k__Bacteria;p__Firmicutes;c__Clostridia;o__Clostridiales;f__;g__Intestinimonas;s__Intestinimonas_butyriciproducens	k__Bacteria;p__Actinobacteria;c__Actinobacteria;o__Bifidobacteriales;f__Bifidobacteriaceae;g__Bifidobacterium;s__Bifidobacterium_bifidum	k__Bacteria;p__Firmicutes;c__Negativicutes;o__Veillonellales;f__Veillonellaceae;g__Dialister;s__Dialister_invisus	k__Bacteria;p__Bacteroidetes;c__Bacteroidia;o__Bacteroidales;f__Bacteroidaceae;g__Bacteroides;s__Bacteroides_salanitronis
k__Bacteria;p__Bacteroidetes;c__Bacteroidia;o__Bacteroidales;f__Bacteroidaceae;g__Bacteroides;s__Bacteroides_vulgatus	1.0	0.0211882255962	0.0258111006887	-0.0491604219828	-0.0211348138745	-0.0197005088983	0.0120719815996	-0.000231246949966	-0.064669914064	-0.0478720183587	-0.0252945674088	-0.0182068450879	-0.0190970386398	-0.0247526394395	0.0045240950732	0.062052755628	-0.0143839215136	0.00423693594668	-0.0117607137521	0.00697253492685	-0.00126143065934	-0.000328622206197	-0.0662083474988	-0.0580365042109	0.0415828585436	-0.0434526528948	0.0714788670032	0.0131558221149	-0.0095641651897	-0.00150683481135	-0.0135137020615	0.0296111089113	-0.00874981865184	0.0481984976476	0.00401683407291	-0.0239083593889	0.0126254548736	0.0193961410526	-0.00847527804494	-0.00465036677052	-0.0213624333182	-0.0427362701268	-0.0112751043325	-0.0308739046028	0.0011765180295	-0.0262716406201	-0.0155387637092	0.00986013555094	-0.00958652233776	-0.0176221125537	0.0472350143645	0.00966384162181	-0.0170669757661	0.0225975579984	-0.00328992440983	-0.0213690691588	-0.0213913151535	-0.0368059313152	0.0328400270878
k__Bacteria;p__Bacteroidetes;c__Bacteroidia;o__Bacteroidales;f__Bacteroidaceae;g__Bacteroides;s__Bacteroides_uniformis	0.0211882255962	1.0	0.00154028042591	-0.0116149011421	0.0330550598781	-0.02074757411	0.0225162360906	0.0600639826241	0.0174577984321	0.00157294579653	0.0868765711661	0.0314460401891	-0.0451578560665	-0.0248819951645	-0.0381293588379	-0.00660276322643	-0.0390892968068	0.0370225669063	0.0497133868986	-0.013457376722	-0.018080335544	-0.0104020162307	0.0269472367026	-0.0325373254697	-0.0376206405813	-0.0310569793275	0.00204891248987	-0.0160116925096	0.0312968723628	0.023769485967	-0.0400119557217	-0.0310713203288	0.00865612494889	-0.0115351452132	0.0110023157931	-0.0524402037978	-0.0369719482613	-0.0439481492439	0.0328706705285	-0.0285687661518	-0.0473118584711	0.0344184436707	0.00415172440074	-0.0375168682542	0.0319959927491	-0.0460311262734	-0.0147059095508	0.0425743763175	-0.0268690931033	0.00531628776655	-0.028050700533	-0.0240948529669	0.0051483189791	-0.0767704607387	-0.0203863229943	-0.0153763071805	-0.00862346334535	-0.0231325869083	-0.0314632027373
k__Bacteria;p__Bacteroidetes;c__Bacteroidia;o__Bacteroidales;f__Rikenellaceae;g__Alistipes;s__Alistipes_putredinis	0.0258111006887	0.00154028042591	1.0	-0.0372251232588	-0.00987232527982	-0.0155643757448	0.0219250424372	-0.0165589621145	0.0123986508847	-0.0200265812371	0.0307393203094	-0.0529926546699	-0.0041656571777	0.0154587323951	0.0155928575403	0.0134541563016	-0.0205682947417	-0.0478916920864	-0.0316555637997	-0.00369150367906	-0.0372743146456	0.00335992307182	-0.0272545713756	0.0208762248494	0.0231834840444	-0.0244900444264	-0.0423602216221	0.0252370541797	-0.00676109319478	0.0413343395847	0.0675350810525	-0.0599489554414	-0.00684416410539	0.0302010643706	0.00679629905447	-0.00248359410738	0.0164842457939	-0.0859721654582	0.0312744402976	-0.0165195482337	0.0277540876854	-0.00652953033828	-0.0417373782576	-0.000456903826157	-0.0857484301008	0.0164117236645	0.00258251177034	0.0167153958827	-0.0519730761126	0.106773022935	-0.0227231988249	-0.0300847302422	0.010645284663	-0.0544775119103	-0.0532994272067	-0.0208530926185	0.00314817994608	-0.0582499409351	-0.00286664427014
k__Bacteria;p__Bacteroidetes;c__Bacteroidia;o__Bacteroidales;f__Prevotellaceae;g__Prevotella;s__Prevotella_copri	-0.0491604219828	-0.0116149011421	-0.0372251232588	1.0	0.00572180468766	-0.0583819641221	-0.0112229363972	-0.00659886019283	-0.0359453344137	-0.00218662841642	-0.0493686101731	-0.00893668126445	-0.0248702314619	-0.0412134214268	0.012249250858	0.0219110223234	0.0157872717632	-0.0344729247245	-0.016951082844	0.0148706619208	0.0427260116656	-0.0558270867017	0.00049472255243	-0.0459648589863	-0.0268396243982	0.00539816858556	-0.000689417681047	0.00676155604919	-0.0367775484646	-0.0189757877486	0.0130730547429	-0.0405122151363	0.0387855672311	0.0319831257773	-0.0377004799403	-0.0456710606101	0.0144320020013	0.0034279189988	-0.0107441685304	0.00849540485009	-0.00331385703851	-0.00317168144078	0.00369174479908	-0.00210448539396	0.00329320056322	-0.00880527786717	0.00887081230396	0.0095240082743	-0.0216201328683	-0.0283572241241	-0.0507168350248	0.0172509160898	-0.0436947640808	0.0628445821024	0.0216119320243	0.0418823992298	-0.00571902928608	-0.0533679510702	0.019750039585
k__Bacteria;p__Bacteroidetes;c__Bacteroidia;o__Bacteroidales;f__Bacteroidaceae;g__Bacteroides;s__Bacteroides_stercoris	-0.0211348138745	0.0330550598781	-0.00987232527982	0.00572180468766	1.0	-0.0318106277741	0.0378055562892	0.0339243741028	-0.0530196028123	-0.0669098679816	0.0282244359735	0.00658415027415	0.00804609441526	-0.00535646208372	0.0249541449525	0.00410692837086	0.0386689712045	-0.0138611425697	0.0553236020256	-0.0492614534237	-0.0465640996575	-0.0137384898886	-0.0202121251221	0.00633380104883	0.000492969331405	-0.0372234000486	-0.0427868425193	-0.0162878136057	-0.0373368801619	-0.0294358862459	-0.00347404584161	-0.0335507144073	-0.0408307934746	0.0439628016468	0.00329412900315	0.0076276902323	0.0641667109994	0.0487466986145	-0.0506121650506	0.0125712618269	-0.0243017630793	-0.0860290506869	0.0142774483079	-0.0467716025894	0.0293401414932	0.00376616918187	0.038162601433	0.0105515702367	-0.00439387734542	-0.0247197941855	0.0188300657767	0.00111483054894	-0.00327546083294	-0.00754313080577	-0.0186982086959	0.0265695987185	0.0225912166145	-0.0269326371799	-0.00618770411586
k__Bacteria;p__Bacteroidetes;c__Bacteroidia;o__Bacteroidales;f__Bacteroidaceae;g__Bacteroides;s__Bacteroides_ovatus	-0.0197005088983	-0.02074757411	-0.0155643757448	-0.0583819641221	-0.0318106277741	1.0	0.00392972288901	0.00651360398285	-0.0155874899049	-0.0343237381574	0.00272287120733	0.0325407976744	-0.0457948922437	0.000523104861812	-0.0187970380099	-0.00191927346654	0.0511516063621	-0.000686855859126	-0.0324527930386	-0.0229740172656	-0.0506555118139	0.0472148637274	0.0674897152541	0.0328906684264	-0.0527555992496	0.0149063667407	-0.0394133981785	-0.0422720554036	0.0089894004754	0.0145887384349	-0.00898981171877	0.0598918554371	0.0271916251529	0.0464730233139	0.000362843701087	-0.00993981825211	0.0125871551667	-0.0186232183691	-0.0238425919127	-0.0319355012695	-0.013455015183	0.0150066596478	-0.0870443453265	-0.0121805517166	-0.0188884634844	-0.0428572321028	-0.0172717296337	0.01435836908	0.0352046245818	-0.040476873717	-0.122982531962	-0.015305576839	-0.0782312681805	0.017164666138	-0.0268345961056	-0.045976334834	-0.0111447244835	-0.0238493408236	-0.0382300678098
k__Bacteria;p__Bacteroidetes;c__Bacteroidia;o__Bacteroidales;f__Rikenellaceae;g__Alistipes;s__Alistipes_shahii	0.0120719815996	0.0225162360906	0.0219250424372	-0.0112229363972	0.0378055562892	0.00392972288901	1.0	-0.0505035183948	-0.023639844581	0.0199561533268	-0.00880196667146	0.0181725781894	-0.0245227048787	-0.0227258220933	-0.0377366726118	0.0104315754703	-0.0211952855788	-0.0145518029751	0.0613184437437	-0.0353772686021	-0.064160830583	-0.0204193895143	-0.036746372186	0.0100806583427	0.0106363028452	0.0480242138559	-0.059884289413	0.0220149274862	-0.0367476745381	0.023622524642	0.00227215713419	-0.0136276162096	-0.0300984254335	0.00229252072162	0.00477198906991	-0.0100293881076	-0.0159877979786	0.00136886189567	0.0585427415149	0.022539987268	-0.0295028730917	0.104970422485	-0.0383955181026	0.0436939321891	0.017645272638	-0.0385237024016	-0.015363472024	-0.0257759855756	-0.0268209064634	0.00733249565301	0.0439608185224	-0.0170325541337	-0.00368173501958	-0.0382476687111	0.0171194528332	-0.0674213944525	-0.00101111164201	-0.0145007201625	-0.00491579785218
k__Bacteria;p__Firmicutes;c__Clostridia;o__Clostridiales;f__Ruminococcaceae;g__Faecalibacterium;s__Faecalibacterium_prausnitzii	-0.000231246949966	0.0600639826241	-0.0165589621145	-0.00659886019283	0.0339243741028	0.00651360398285	-0.0505035183948	1.0	-0.0147434451558	0.00133778082177	-0.00468573912527	0.00892708920126	-0.00957574532077	-0.0271285068523	0.0306496784763	-0.00944484028687	-0.0133128903159	-0.00130889361918	-0.0109280182592	-0.0724465134839	0.0155070279651	-0.0107418639516	-0.0162099776343	-0.0542700665468	-0.0418464200971	0.0170742831032	0.00841530069897	0.061118847153	0.0604822774484	0.0159902642592	-0.0254906829277	-0.0475505020659	0.0351101858429	0.00978151827922	-0.00796912436496	-0.0148633279476	-0.0556892795469	-0.0170725714229	-0.00760406369804	-0.0300595360401	-0.0340937319457	0.035181585497	-0.0586375698808	-0.0129102749658	0.00979544207012	-0.0092546715121	-0.0312369782676	0.0178232937441	-0.00353677661086	0.00661775611888	-0.0428939124567	0.00917266639565	-0.0391578098021	-0.0134921008642	0.00635738701097	0.0338402469208	0.00358962473566	-0.025509423036	-0.0090643470673
k__Bacteria;p__Bacteroidetes;c__Bacteroidia;o__Bacteroidales;f__Rikenellaceae;g__Alistipes;s__Alistipes_finegoldii	-0.064669914064	0.0174577984321	0.0123986508847	-0.0359453344137	-0.0530196028123	-0.0155874899049	-0.023639844581	-0.0147434451558	1.0	-0.0510504995258	-0.00581062654158	0.000509673281816	-0.017058586899	-0.0764927358508	-0.0167084611488	-0.00374245868322	0.00851582078897	-0.0119940764016	-0.0943692653335	-0.0395725699678	0.0252042404453	-0.0194399200529	0.0281296736838	0.0827509571684	0.0312704195736	-0.000991354571684	-0.0348505554755	-0.0066472833641	0.0153825567623	-0.0421353010862	0.00954095350372	-0.0459536282209	-0.015810414242	0.00262401209888	-0.00431774064943	-0.0156623117075	-0.0363301063062	-0.0719989137404	0.0141934453134	-0.0266289475109	0.0040957529098	0.0213673303257	-0.00485753569852	0.0208987564238	-0.0114942294675	0.0463296179763	0.01473470134	-0.0299666443967	-0.0233906959573	-0.0226227273797	0.0197669332239	0.00483334011765	0.00707246913699	-0.0403979943098	-0.00661554277823	0.0328603156804	0.0183148283378	0.0344172061513	-0.00401174822157
k__Bacteria;p__Bacteroidetes;c__Bacteroidia;o__Bacteroidales;f__Porphyromonadaceae;g__Parabacteroides;s__Parabacteroides_distasonis	-0.0478720183587	0.00157294579653	-0.0200265812371	-0.00218662841642	-0.0669098679816	-0.0343237381574	0.0199561533268	0.00133778082177	-0.0510504995258	1.0	-0.0296559714782	0.00352581070876	0.0206042817787	0.00321200586748	-0.0279630007278	-0.0290340964732	-0.0457625697101	-0.062997399407	0.0436957794315	-0.0626588688577	0.0333415702717	0.0472931969276	-0.0261747550536	0.0233741985562	-0.0212096986934	-0.0120729633539	0.0299396470073	0.00376542712563	-0.0630243956366	-0.000682201456756	-0.0161045979546	0.0639374767772	-0.0222028896812	0.000449014318836	-0.010795896186	-0.0458184531006	0.0221549937473	0.00657786051847	0.0102439818784	-0.0300714481801	0.00242367215284	-0.0505680809494	-0.0511632206027	0.017337203842	-0.0322462672031	0.037264802572	-0.0432940158862	-0.00177991594787	-0.00749747167834	0.0231475812901	0.0457981051501	0.0279756245835	0.0103723850804	0.0245096060314	-0.0905377568485	0.0540048842479	-0.041232393662	0.0193470026791	-0.0344705585348
k__Bacteria;p__Bacteroidetes;c__Bacteroidia;o__Bacteroidales;f__Bacteroidaceae;g__Bacteroides;s__Bacteroides_thetaiotaomicron	-0.0252945674088	0.0868765711661	0.0307393203094	-0.0493686101731	0.0282244359735	0.00272287120733	-0.00880196667146	-0.00468573912527	-0.00581062654158	-0.0296559714782	1.0	0.00984928729036	0.0294286115023	-0.0199248267397	0.0422688091833	0.00245286656946	-0.0215607495979	0.0137728719112	-0.0165734892922	-0.0114669535755	0.0442946545594	0.0247743226003	-0.0362785095663	0.0371447939558	0.0105115650613	-0.0334976864428	-0.0561380949909	0.0171394595546	-0.0668610459719	-0.0228907711745	-0.0641739101054	-0.0186427688688	-0.0410285031862	-0.0262460562887	-0.0333243065979	-0.0418989530544	0.00941469170491	-0.00869212344779	-0.0118540996346	0.0388203160587	0.0418134552474	0.0155113912253	-0.0634310075105	-0.0219747562166	0.0114790399464	-0.0538655396519	0.0267843777257	-0.0349082986246	-0.0259936422417	-0.0236268753138	-0.00879941834729	-0.00898928583983	0.00760868403954	0.0675020675435	0.0450885027201	-0.0798129976836	-0.0123258947054	-0.0156399844993	0.00364560658857
k__Bacteria;p__Bacteroidetes;c__Bacteroidia;o__Bacteroidales;f__Bacteroidaceae;g__Bacteroides;s__Bacteroides_coprocola	-0.0182068450879	0.0314460401891	-0.0529926546699	-0.00893668126445	0.00658415027415	0.0325407976744	0.0181725781894	0.00892708920126	0.000509673281816	0.00352581070876	0.00984928729036	1.0	-0.0310929908198	-0.0225998237062	-0.0440853528447	0.0102238730926	0.0502863923854	-0.0398613363848	0.00380208317528	0.00169620777611	0.0533145279761	-0.0354927994117	-0.00614054870861	-0.0336412923542	0.00814764496046	-0.00890631185762	0.0158802093066	-0.026347849124	0.00582372832347	-0.0121995896681	-0.0175395377218	-0.0310254922986	-0.000773431948368	0.00801115736426	0.0357410118238	0.0120861812737	-0.0619565504996	-0.0417178539504	0.0407405414244	0.0532233727309	-0.0101131288669	-0.0102234042112	-0.0215289506068	0.0097978661251	0.0494304755343	-0.0123648040526	-0.0484346481731	-0.00183794710893	-0.0256859295358	-0.0187659675251	0.00367886379217	-0.0465674502139	-0.045023278068	0.0429495891753	-0.0498633221773	0.0292606723151	-0.0336840284993	0.0103910269085	-0.0352090911266
k__Bacteria;p__Bacteroidetes;c__Bacteroidia;o__Bacteroidales;f__Bacteroidaceae;g__Bacteroides;s__Bacteroides_cellulosilyticus	-0.0190970386398	-0.0451578560665	-0.0041656571777	-0.0248702314619	0.00804609441526	-0.0457948922437	-0.0245227048787	-0.00957574532077	-0.017058586899	0.0206042817787	0.0294286115023	-0.0310929908198	1.0	-0.0262973428774	-0.0148007908478	0.0334707406782	-0.0787740640821	-0.0357798169449	0.0383639057088	0.039161294193	-0.00402575447182	-0.00573027010558	0.0141246827573	-0.0186998947941	0.0194481321865	0.0113263133087	0.0341606561998	0.00809585273394	-0.0885292320666	-0.0927233882352	0.00491010847389	-0.0113930686987	-0.00521364159353	-0.022762098117	-0.0245090162972	0.00185146904919	0.0192371812529	-0.0152497085479	-0.0585488793801	-0.00997036088436	-0.0130172975949	0.0148048671738	0.03880630834	0.049745736653	-0.0434762959074	-0.0293403882188	0.00483289718373	-0.0475078186393	-0.0127247833879	-0.0411203155774	-0.0305497527192	0.0545395781333	-0.0263515257535	0.00995565938399	-0.00344346019774	0.0145942888395	0.0430854927794	0.024298756681	-0.00960191998672
k__Bacteria;p__Bacteroidetes;c__Bacteroidia;o__Bacteroidales;f__Rikenellaceae;g__Alistipes;s__Alistipes_obesi	-0.0247526394395	-0.0248819951645	0.0154587323951	-0.0412134214268	-0.00535646208372	0.000523104861812	-0.0227258220933	-0.0271285068523	-0.0764927358508	0.00321200586748	-0.0199248267397	-0.0225998237062	-0.0262973428774	1.0	0.0169276722409	0.0401744650385	0.00814714903256	-0.0350720835604	-0.019088199438	-0.0121210181618	-0.00920499932208	-0.0230955603962	-0.008329744733	0.0538319567083	-0.0307565169563	0.0227657953059	-0.0716095677637	0.0421162318671	-0.0137968812853	-0.00187331880241	-0.0097208734444	-0.0396625545919	0.00346685581481	-0.0684730704577	-0.0323180357233	-0.0314535747954	-0.0157293582022	0.00762245991027	-0.078825003035	0.0164988519431	0.0207394251236	-0.0328555649054	0.0728653433781	0.0460118926158	-0.010331668623	-0.0331905801174	-0.0104746604952	-0.0404254521781	0.0377362456348	0.00661665901798	-0.0498848619958	0.0893969309614	0.0478103428092	-0.00954050259406	-0.0305470102909	-0.0300379120237	-0.0662146290896	-0.00659074314713	0.0313154546129
k__Bacteria;p__Firmicutes;c__Clostridia;o__Clostridiales;f__Lachnospiraceae;g__;s__[Eubacterium]_rectale	0.0045240950732	-0.0381293588379	0.0155928575403	0.012249250858	0.0249541449525	-0.0187970380099	-0.0377366726118	0.0306496784763	-0.0167084611488	-0.0279630007278	0.0422688091833	-0.0440853528447	-0.0148007908478	0.0169276722409	1.0	-0.0344205932967	0.0164685899793	-0.0215167429284	0.0106169658564	0.0200869559374	0.015380389543	0.00344860394836	0.0139188759774	0.0258386056665	0.0122476150084	-0.0199827163121	-0.0360095670341	-0.0306196702555	-0.00985277310721	-0.0168530083487	-0.0157808726432	-0.0215961939175	0.0285052524412	-0.0196355521781	-0.00526215812158	-0.0221113312513	-0.00108142833505	-0.0367619720229	-0.0123647698454	-0.0288478090789	-0.0647141823732	0.0216551317359	-0.00205904837751	0.00650735984819	-0.0222354934876	0.0196761752514	-0.00356257229953	-0.0367860432457	-0.00248999692967	0.0074650774907	0.0404536322114	-0.0519228281513	-0.0169876202619	-0.0110425765148	-0.033583529206	-0.00405234230752	-0.0513656100753	0.0124362567113	-0.0141205468537
k__Bacteria;p__Bacteroidetes;c__Bacteroidia;o__Bacteroidales;f__Bacteroidaceae;g__Bacteroides;s__Bacteroides_plebeius	0.062052755628	-0.00660276322643	0.0134541563016	0.0219110223234	0.00410692837086	-0.00191927346654	0.0104315754703	-0.00944484028687	-0.00374245868322	-0.0290340964732	0.00245286656946	0.0102238730926	0.0334707406782	0.0401744650385	-0.0344205932967	1.0	-0.0474815012235	-0.0494272884897	-0.0584292245326	-0.00362948913617	-0.0335719267876	0.00360380615762	-0.0017203926992	-0.0408245853008	-0.0230880956053	0.0245273203835	-0.0616901586256	0.0277187453558	-0.00820091855966	-0.0405081163238	0.0178977800714	-0.0530080299758	-0.0126065560295	-0.0689693180519	0.0404288141639	0.0294759203155	-0.0253261205253	-0.0117524157949	-0.0274834403184	0.0490170941726	0.0289226192072	-0.0324394626878	0.0787086325021	0.0204838347872	-0.00274511858746	0.00295153344724	-0.0368942592479	-0.0209240026993	-0.00825397584284	0.00409163294551	-0.0566726203533	-0.0592451333195	0.0149713070328	-0.0359316894132	-0.0228648148122	-0.0268045093241	-0.0419745675396	-0.0127207625214	-0.00792758366171
k__Bacteria;p__Bacteroidetes;c__Bacteroidia;o__Bacteroidales;f__Bacteroidaceae;g__Bacteroides;s__Bacteroides_fragilis	-0.0143839215136	-0.0390892968068	-0.0205682947417	0.0157872717632	0.0386689712045	0.0511516063621	-0.0211952855788	-0.0133128903159	0.00851582078897	-0.0457625697101	-0.0215607495979	0.0502863923854	-0.0787740640821	0.00814714903256	0.0164685899793	-0.0474815012235	1.0	-0.0068738740785	-0.0118912046724	0.0247792189801	0.0182859051595	-0.00994910826511	0.0241277980711	-0.0405248289613	0.0140627732704	0.0187230353476	0.0564304992235	-0.0332892051001	0.0499670257837	0.000267691175716	0.0264009626906	0.0101673047532	-0.082897887893	0.00707380318843	-0.00942056844967	-0.0227677251549	0.0264526097771	-0.0405518110671	0.011058895152	0.0227496499338	0.0146043956002	-0.0291555454278	0.0280251814806	0.00372179146606	-0.0317020278911	-0.0088317605227	-0.0150327581236	-0.0530410488063	-0.0253513247405	-0.027206243929	-0.00321090029682	-0.0470541415009	0.0238150025376	-0.00605359177391	-0.0365599306539	-0.0139771445787	-0.0367386608367	-0.076655515641	-0.0521036997303
k__Bacteria;p__Proteobacteria;c__Betaproteobacteria;o__Burkholderiales;f__Sutterellaceae;g__Sutterella;s__Sutterella_wadsworthensis	0.00423693594668	0.0370225669063	-0.0478916920864	-0.0344729247245	-0.0138611425697	-0.000686855859126	-0.0145518029751	-0.00130889361918	-0.0119940764016	-0.062997399407	0.0137728719112	-0.0398613363848	-0.0357798169449	-0.0350720835604	-0.0215167429284	-0.0494272884897	-0.0068738740785	1.0	0.00104828317985	-0.0154197951931	0.00131085453902	0.0227557115404	-0.0524539491194	0.0170469679663	0.00841402406384	-0.0301971257403	0.0115812442647	-0.0263925200871	-0.0193768334557	0.0853956625529	-0.0640786707898	0.019208912653	-0.0748094778488	0.00102872529569	0.023713023731	-0.0824796967553	-0.0132968758677	0.0139608909617	0.0244048084151	0.0031266692359	0.0130535527677	-0.045376323431	-0.00892783605345	-0.0492057009685	0.00194508194324	-0.0477462886657	-0.0029705981266	0.00433688162913	-0.0201943087811	0.065231719018	-0.00623801631597	0.0364963952862	0.0051850959676	-0.0737129999073	0.0613943213265	0.00845550257529	-0.000585114363731	0.0282631661122	-0.0476577268825
k__Bacteria;p__Bacteroidetes;c__Bacteroidia;o__Bacteroidales;f__Porphyromonadaceae;g__Barnesiella;s__Barnesiella_intestinihominis	-0.0117607137521	0.0497133868986	-0.0316555637997	-0.016951082844	0.0553236020256	-0.0324527930386	0.0613184437437	-0.0109280182592	-0.0943692653335	0.0436957794315	-0.0165734892922	0.00380208317528	0.0383639057088	-0.019088199438	0.0106169658564	-0.0584292245326	-0.0118912046724	0.00104828317985	1.0	-0.0408156267079	0.0123816565394	0.0279593435611	-0.0246764445526	-0.0211668981456	0.00325413620253	0.0211655519476	-0.0213685712295	-0.0229061788211	-0.00383589738971	0.00545892688813	0.0161395801522	0.0462001178496	0.0259248377112	0.0077353133081	-0.0228450119173	-0.0069388941824	0.0127555083737	-0.0108155520045	0.0210240444873	0.0203467122851	-0.0192515888495	-0.0275133619048	-0.0440544093348	-0.0258719142418	0.0194598495977	0.0104115913939	-0.0528489570321	0.0208799628545	-0.0137317444511	-0.0308086521731	0.00789112198331	-0.0419808319046	-0.0405016792433	-0.00138769145299	-0.0561584231608	-0.0294332056623	-0.0401722209839	0.0448917736906	-0.0132431297563
k__Bacteria;p__Bacteroidetes;c__Bacteroidia;o__Bacteroidales;f__Odoribacteraceae;g__Odoribacter;s__Odoribacter_splanchnicus	0.00697253492685	-0.013457376722	-0.00369150367906	0.0148706619208	-0.0492614534237	-0.0229740172656	-0.0353772686021	-0.0724465134839	-0.0395725699678	-0.0626588688577	-0.0114669535755	0.00169620777611	0.039161294193	-0.0121210181618	0.0200869559374	-0.00362948913617	0.0247792189801	-0.0154197951931	-0.0408156267079	1.0	-0.0273128314675	-0.017415491112	-0.0508462107808	-0.0505240052608	0.022848249083	0.02209357121	0.0627923981354	0.0121709203881	0.0431205242492	-0.0327408903509	-0.0156674669441	-0.0310542267943	0.0144348766748	-0.0317639182607	-0.00573134996631	0.010459277248	-0.0162680243042	-0.000440811295166	0.0255746166832	-0.0414126904408	-0.0118221984318	-0.0309776567236	0.00902448473517	-0.0141895008303	0.0183744160374	0.0337327647721	-0.00428950537581	-0.0426330108821	-0.0184756186625	-0.0409603537799	-0.00682365871238	0.0584784841703	0.0269074922638	0.0562122090681	0.0351521614864	0.0139705455069	-0.0439983673976	-0.00949476200297	-0.00252149379137
k__Bacteria;p__Bacteroidetes;c__Bacteroidia;o__Bacteroidales;f__Bacteroidaceae;g__Bacteroides;s__Bacteroides_salyersiae	-0.00126143065934	-0.018080335544	-0.0372743146456	0.0427260116656	-0.0465640996575	-0.0506555118139	-0.064160830583	0.0155070279651	0.0252042404453	0.0333415702717	0.0442946545594	0.0533145279761	-0.00402575447182	-0.00920499932208	0.015380389543	-0.0335719267876	0.0182859051595	0.00131085453902	0.0123816565394	-0.0273128314675	1.0	0.0270493658088	-0.00767052924659	-0.0605350573155	-0.023069893847	-0.00650753497372	0.0301470101868	-0.0276094119873	-0.0262915530028	0.0071067622552	0.0149039326649	0.0333982110841	0.047409538684	-0.0453394231056	0.0179330464295	0.0044211713906	-0.0310882937759	-0.0507113945293	0.00799692006231	-0.00677865203777	-0.0282582624162	0.0709645690363	-0.0122498013213	-0.0277891166558	0.0124596002808	-0.0197846243691	0.00294043161017	-0.0363556461059	-0.0131469442535	-0.0541993976399	0.0187697148092	-0.00412912221108	-0.0346501214388	0.00829663784484	0.0202632576932	0.0181345963864	-0.0241495000219	-0.0105027528971	-0.0239468830708
k__Bacteria;p__Firmicutes;c__Clostridia;o__Clostridiales;f__Ruminococcaceae;g__Ruminiclostridium;s__[Eubacterium]_siraeum	-0.000328622206197	-0.0104020162307	0.00335992307182	-0.0558270867017	-0.0137384898886	0.0472148637274	-0.0204193895143	-0.0107418639516	-0.0194399200529	0.0472931969276	0.0247743226003	-0.0354927994117	-0.00573027010558	-0.0230955603962	0.00344860394836	0.00360380615762	-0.00994910826511	0.0227557115404	0.0279593435611	-0.017415491112	0.0270493658088	1.0	-0.044432028098	-0.0258393178649	0.0176235596127	0.0204554126013	-0.0222055255837	0.028494195485	0.00594333941429	0.0224656314767	-0.0482667192603	-0.0105486784925	-0.0403682212287	0.0136978990707	-0.0317205233466	-0.0342378238804	0.0264630335661	0.0295077947537	-0.00716204947555	-0.0370267623158	0.03192380018	0.017556872383	-0.0324106605362	0.048635489095	-0.0025807958051	-0.0164224431768	-0.0354331100135	0.0109887264203	0.015873176995	0.00356764114543	-0.0260912970348	-0.0139073707674	0.000468668720208	-0.0299480072516	0.00279125016006	0.026143666358	-0.000550518255764	-0.0487944523251	-0.0481669750095
k__Bacteria;p__Proteobacteria;c__Betaproteobacteria;o__Burkholderiales;f__Sutterellaceae;g__Parasutterella;s__Parasutterella_excrementihominis	-0.0662083474988	0.0269472367026	-0.0272545713756	0.00049472255243	-0.0202121251221	0.0674897152541	-0.036746372186	-0.0162099776343	0.0281296736838	-0.0261747550536	-0.0362785095663	-0.00614054870861	0.0141246827573	-0.008329744733	0.0139188759774	-0.0017203926992	0.0241277980711	-0.0524539491194	-0.0246764445526	-0.0508462107808	-0.00767052924659	-0.044432028098	1.0	0.0228892946708	-0.0501153562994	-0.0116634519177	-0.011996056977	0.0125691260127	-0.0581414954348	0.017494725394	0.02325736648	0.0141984679889	0.0153387275681	0.0138425518791	0.000331440527079	-0.0149381049741	-0.00683809835166	-0.0206245813116	-0.027112363094	-0.011271101616	0.0244568680044	-0.00219511662189	-0.0249182171436	-0.0112277370446	-0.0169177242596	-0.00925320189219	0.0227735725961	0.00818490598007	0.0309395176946	-0.0259943460875	-0.0706535371087	-0.013769140108	-0.0472273259165	-0.00535101785692	0.061926105417	-0.0368288718167	-0.0774383297977	0.00894760107305	-0.015229945204
k__Bacteria;p__Actinobacteria;c__Actinobacteria;o__Bifidobacteriales;f__Bifidobacteriaceae;g__Bifidobacterium;s__Bifidobacterium_adolescentis	-0.0580365042109	-0.0325373254697	0.0208762248494	-0.0459648589863	0.00633380104883	0.0328906684264	0.0100806583427	-0.0542700665468	0.0827509571684	0.0233741985562	0.0371447939558	-0.0336412923542	-0.0186998947941	0.0538319567083	0.0258386056665	-0.0408245853008	-0.0405248289613	0.0170469679663	-0.0211668981456	-0.0505240052608	-0.0605350573155	-0.0258393178649	0.0228892946708	1.0	-0.0597824342493	0.0387763681089	0.0113779520435	-0.0449427630769	-0.00575467687772	-0.0333339203128	-0.0039720459202	0.0297708145612	-0.00998226207575	-0.0479480249239	0.0378192116564	0.0643117059041	-0.00527920302704	0.0386899530916	-0.00378674315282	0.00903669801536	0.00425087738822	-0.0202797243934	-0.0439188881889	-0.0458680316611	-0.00178653787274	0.00126721845185	-0.0293265153908	0.00920347611279	-0.0601287973182	-0.0540823715758	-0.0201283078785	-0.00523137161731	0.000410777515726	0.0218253698888	-0.00204922710764	-0.013866397521	-0.0590011289094	0.0719807191957	-0.00182525354383
k__Bacteria;p__Firmicutes;c__Clostridia;o__Clostridiales;f__Oscillospiraceae;g__Oscillibacter;s__Oscillibacter_sp._KLE_1745	0.0415828585436	-0.0376206405813	0.0231834840444	-0.0268396243982	0.000492969331405	-0.0527555992496	0.0106363028452	-0.0418464200971	0.0312704195736	-0.0212096986934	0.0105115650613	0.00814764496046	0.0194481321865	-0.0307565169563	0.0122476150084	-0.0230880956053	0.0140627732704	0.00841402406384	0.00325413620253	0.022848249083	-0.023069893847	0.0176235596127	-0.0501153562994	-0.0597824342493	1.0	-0.00619653959573	-0.0507623082505	-0.0229199744966	-0.0114115056076	0.0738915244578	-0.00540973679129	-0.0418900924438	-0.0560015236501	0.0108001789989	0.0215424140496	-0.0270806966828	-0.0289571354118	0.020033436297	0.0342313965418	-0.0239259980671	-0.0649217588831	-0.00488956585505	0.0133967037842	-0.0415505552494	-0.0462689521301	0.0249865137794	-0.0365100511138	-0.0390631358102	-0.0257868729025	0.0218466802399	0.0182083507621	0.00228108622411	-0.0195964267457	0.0204128513033	-0.0254463717788	-0.053436261317	0.0314835500803	0.026917767816	-0.045728912979
k__Bacteria;p__Bacteroidetes;c__Bacteroidia;o__Bacteroidales;f__Bacteroidaceae;g__Bacteroides;s__Bacteroides_coprophilus	-0.0434526528948	-0.0310569793275	-0.0244900444264	0.00539816858556	-0.0372234000486	0.0149063667407	0.0480242138559	0.0170742831032	-0.000991354571684	-0.0120729633539	-0.0334976864428	-0.00890631185762	0.0113263133087	0.0227657953059	-0.0199827163121	0.0245273203835	0.0187230353476	-0.0301971257403	0.0211655519476	0.02209357121	-0.00650753497372	0.0204554126013	-0.0116634519177	0.0387763681089	-0.00619653959573	1.0	0.000628805916895	0.0202099062105	-0.0170871369711	-0.0461378943421	0.0114985749854	-0.00725279370759	-0.0054128061589	0.0323687769795	-0.0635853216459	-0.0378246260893	0.0114052401091	-0.00241076966731	0.0375684415115	-0.0105161010691	0.047931232445	0.0212503437491	0.0454749938927	0.00984262435909	0.0147224475397	-0.0128181940522	0.00348666565589	-0.0199462914965	-0.0105324806244	0.048164762082	-0.0203127920352	-0.0341710309402	0.0245059778443	-0.0269677941519	-0.00400982879571	-0.0168386617884	-0.00297407985271	-0.00242958717658	-0.0269962565233
k__Bacteria;p__Firmicutes;c__Clostridia;o__Clostridiales;f__Lachnospiraceae;g__Roseburia;s__Roseburia_intestinalis	0.0714788670032	0.00204891248987	-0.0423602216221	-0.000689417681047	-0.0427868425193	-0.0394133981785	-0.059884289413	0.00841530069897	-0.0348505554755	0.0299396470073	-0.0561380949909	0.0158802093066	0.0341606561998	-0.0716095677637	-0.0360095670341	-0.0616901586256	0.0564304992235	0.0115812442647	-0.0213685712295	0.0627923981354	0.0301470101868	-0.0222055255837	-0.011996056977	0.0113779520435	-0.0507623082505	0.000628805916895	1.0	-0.00600508174964	0.0535765181932	0.0142795632575	0.0160343129209	0.0231698608767	0.0369961268046	-0.0181550220005	-0.0268088564903	0.00283887554305	0.0481502608797	-0.0294816374167	-0.0116583022945	-0.0218823932978	-0.0930635338705	-0.00407585550637	-0.0324136765945	0.0438538594382	-0.0199036670315	-0.0120295438488	-0.0123795760693	0.0157742260456	-0.0354299926155	0.0154480450958	0.0236575746723	0.00892482674086	-0.070383650453	-0.0292445793051	0.00781337672099	0.0443297280336	0.0621886557734	-0.00667333645223	-0.0242361511791
k__Bacteria;p__Firmicutes;c__Clostridia;o__Clostridiales;f__Lachnospiraceae;g__Roseburia;s__Roseburia_hominis	0.0131558221149	-0.0160116925096	0.0252370541797	0.00676155604919	-0.0162878136057	-0.0422720554036	0.0220149274862	0.061118847153	-0.0066472833641	0.00376542712563	0.0171394595546	-0.026347849124	0.00809585273394	0.0421162318671	-0.0306196702555	0.0277187453558	-0.0332892051001	-0.0263925200871	-0.0229061788211	0.0121709203881	-0.0276094119873	0.028494195485	0.0125691260127	-0.0449427630769	-0.0229199744966	0.0202099062105	-0.00600508174964	1.0	0.00217206554096	0.0242629210497	-0.0513190762754	0.00458928606072	0.0490262514868	-0.0184194201185	0.0167320309392	0.0756461719358	0.0250983448428	-0.0413947704551	-0.0212611927543	-0.0298708972185	-0.0423308336374	-0.0315091975353	0.0608989666042	-0.0308808560722	-0.00572567388866	-0.0441220529518	0.0159746620884	0.0197482212015	-0.009427745217	0.00199965158937	-0.062424543922	-0.000112284648791	0.026714952262	-0.00253916433384	0.0232212496442	-0.0923981557386	0.00906906268437	-0.0717275411302	-0.033328983432
k__Bacteria;p__Bacteroidetes;c__Bacteroidia;o__Bacteroidales;f__Porphyromonadaceae;g__Parabacteroides;s__Parabacteroides_johnsonii	-0.0095641651897	0.0312968723628	-0.00676109319478	-0.0367775484646	-0.0373368801619	0.0089894004754	-0.0367476745381	0.0604822774484	0.0153825567623	-0.0630243956366	-0.0668610459719	0.00582372832347	-0.0885292320666	-0.0137968812853	-0.00985277310721	-0.00820091855966	0.0499670257837	-0.0193768334557	-0.00383589738971	0.0431205242492	-0.0262915530028	0.00594333941429	-0.0581414954348	-0.00575467687772	-0.0114115056076	-0.0170871369711	0.0535765181932	0.00217206554096	1.0	-0.0316774382512	-0.0358017338074	-0.0281623496338	-0.00614601909746	-0.00974676312404	0.0080075352375	0.0265705793655	0.00145106176351	-0.0122924794702	-0.0122361386949	-0.069923472761	-0.000266720801176	-0.0361800976399	-0.0308208089806	0.0135244177385	-0.0377110481156	-0.00632468828145	-0.0378001836714	0.0140014167612	-0.00676153698938	0.0386326872666	0.0203629368774	-0.0344855662806	-0.000439526199671	0.0188481583131	-0.0611075281309	-0.00116094756625	0.0818301816361	0.0183487190159	0.0207764258719
k__Bacteria;p__Actinobacteria;c__Actinobacteria;o__Bifidobacteriales;f__Bifidobacteriaceae;g__Bifidobacterium;s__Bifidobacterium_longum	-0.00150683481135	0.023769485967	0.0413343395847	-0.0189757877486	-0.0294358862459	0.0145887384349	0.023622524642	0.0159902642592	-0.0421353010862	-0.000682201456756	-0.0228907711745	-0.0121995896681	-0.0927233882352	-0.00187331880241	-0.0168530083487	-0.0405081163238	0.000267691175716	0.0853956625529	0.00545892688813	-0.0327408903509	0.0071067622552	0.0224656314767	0.017494725394	-0.0333339203128	0.0738915244578	-0.0461378943421	0.0142795632575	0.0242629210497	-0.0316774382512	1.0	-0.0267938285925	-0.0710546413214	0.0498531589997	-0.0206641806286	0.0115949807975	-0.0487612426588	-0.00220960279029	0.00020542608428	0.00204440380385	-0.0239221607928	0.0308020437418	-0.012697337157	0.0367123338744	-0.00510484710803	-0.0319520796246	-0.0310363043057	0.0150287857147	0.00178318878377	0.0421913529299	0.0159447189602	0.0384485289174	-0.0277016579595	-0.0403326639413	0.01863472048	0.0136389741982	-0.0172890568095	-0.0159803109366	0.0212166838022	-0.020432869076
