#taxonomy	k__Bacteria;p__Bacteroidetes;c__Bacteroidia;o__Bacteroidales;f__Bacteroidaceae;g__Bacteroides;s__Bacteroides_vulgatus	k__Bacteria;p__Bacteroidetes;c__Bacteroidia;o__Bacteroidales;f__Bacteroidaceae;g__Bacteroides;s__Bacteroides_uniformis	k__Bacteria;p__Bacteroidetes;c__Bacteroidia;o__Bacteroidales;f__Rikenellaceae;g__Alistipes;s__Alistipes_putredinis	k__Bacteria;p__Bacteroidetes;c__Bacteroidia;o__Bacteroidales;f__Prevotellaceae;g__Prevotella;s__Prevotella_copri	k__Bacteria;p__Bacteroidetes;c__Bacteroidia;o__Bacteroidales;f__Bacteroidaceae;g__Bacteroides;s__Bacteroides_stercoris	k__Bacteria;p__Bacteroidetes;c__Bacteroidia;o__Bacteroidales;f__Bacteroidaceae;g__Bacteroides;s__Bacteroides_ovatus	k__Bacteria;p__Bacteroidetes;c__Bacteroidia;o__Bacteroidales;f__Rikenellaceae;g__Alistipes;s__Alistipes_shahii	k__Bacteria;p__Firmicutes;c__Clostridia;o__Clostridiales;f__Ruminococcaceae;g__Faecalibacterium;s__Faecalibacterium_prausnitzii	k__Bacteria;p__Bacteroidetes;c__Bacteroidia;o__Bacteroidales;f__Rikenellaceae;g__Alistipes;s__Alistipes_finegoldii	k__Bacteria;p__Bacteroidetes;c__Bacteroidia;o__Bacteroidales;f__Porphyromonadaceae;g__Parabacteroides;s__Parabacteroides_distasonis	k__Bacteria;p__Bacteroidetes;c__Bacteroidia;o__Bacteroidales;f__Bacteroidaceae;g__Bacteroides;s__Bacteroides_thetaiotaomicron	k__Bacteria;p__Bacteroidetes;c__Bacteroidia;o__Bacteroidales;f__Bacteroidaceae;g__Bacteroides;s__Bacteroides_coprocola	k__Bacteria;p__Bacteroidetes;c__Bacteroidia;o__Bacteroidales;f__Bacteroidaceae;g__Bacteroides;s__Bacteroides_cellulosilyticus	k__Bacteria;p__Bacteroidetes;c__Bacteroidia;o__Bacteroidales;f__Rikenellaceae;g__Alistipes;s__Alistipes_obesi	k__Bacteria;p__Firmicutes;c__Clostridia;o__Clostridiales;f__Lachnospiraceae;g__;s__[Eubacterium]_rectale	k__Bacteria;p__Bacteroidetes;c__Bacteroidia;o__Bacteroidales;f__Bacteroidaceae;g__Bacteroides;s__Bacteroides_plebeius	k__Bacteria;p__Bacteroidetes;c__Bacteroidia;o__Bacteroidales;f__Bacteroidaceae;g__Bacteroides;s__Bacteroides_fragilis	k__Bacteria;p__Proteobacteria;c__Betaproteobacteria;o__Burkholderiales;f__Sutterellaceae;g__Sutterella;s__Sutterella_wadsworthensis	k__Bacteria;p__Bacteroidetes;c__Bacteroidia;o__Bacteroidales;f__Porphyromonadaceae;g__Barnesiella;s__Barnesiella_intestinihominis	k__Bacteria;p__Bacteroidetes;c__Bacteroidia;o__Bacteroidales;f__Odoribacteraceae;g__Odoribacter;s__Odoribacter_splanchnicus	k__Bacteria;p__Bacteroidetes;c__Bacteroidia;o__Bacteroidales;f__Bacteroidaceae;g__Bacteroides;s__Bacteroides_salyersiae	k__Bacteria;p__Firmicutes;c__Clostridia;o__Clostridiales;f__Ruminococcaceae;g__Ruminiclostridium;s__[Eubacterium]_siraeum	k__Bacteria;p__Proteobacteria;c__Betaproteobacteria;o__Burkholderiales;f__Sutterellaceae;g__Parasutterella;s__Parasutterella_excrementihominis	k__Bacteria;p__Actinobacteria;c__Actinobacteria;o__Bifidobacteriales;f__Bifidobacteriaceae;g__Bifidobacterium;s__Bifidobacterium_adolescentis	k__Bacteria;p__Firmicutes;c__Clostridia;o__Clostridiales;f__Oscillospiraceae;g__Oscillibacter;s__Oscillibacter_sp._KLE_1745	k__Bacteria;p__Bacteroidetes;c__Bacteroidia;o__Bacteroidales;f__Bacteroidaceae;g__Bacteroides;s__Bacteroides_coprophilus	k__Bacteria;p__Firmicutes;c__Clostridia;o__Clostridiales;f__Lachnospiraceae;g__Roseburia;s__Roseburia_intestinalis	k__Bacteria;p__Firmicutes;c__Clostridia;o__Clostridiales;f__Lachnospiraceae;g__Roseburia;s__Roseburia_hominis	k__Bacteria;p__Bacteroidetes;c__Bacteroidia;o__Bacteroidales;f__Porphyromonadaceae;g__Parabacteroides;s__Parabacteroides_johnsonii	k__Bacteria;p__Actinobacteria;c__Actinobacteria;o__Bifidobacteriales;f__Bifidobacteriaceae;g__Bifidobacterium;s__Bifidobacterium_longum	k__Bacteria;p__Firmicutes;c__Clostridia;o__Clostridiales;f__;g__Flavonifractor;s__Flavonifractor_plautii	k__Bacteria;p__Firmicutes;c__Clostridia;o__Clostridiales;f__Clostridiaceae;g__Clostridium;s__Clostridium_phoceensis	k__Bacteria;p__Verrucomicrobia;c__Verrucomicrobiae;o__Verrucomicrobiales;f__Akkermansiaceae;g__Akkermansia;s__Akkermansia_muciniphila	k__Bacteria;p__Bacteroidetes;c__Bacteroidia;o__Bacteroidales;f__Prevotellaceae;g__Paraprevotella;s__Paraprevotella_xylaniphila	k__Bacteria;p__Firmicutes;c__Clostridia;o__Clostridiales;f__Ruminococcaceae;g__Ruminococcus;s__Ruminococcus_callidus	k__Bacteria;p__Bacteroidetes;c__Bacteroidia;o__Bacteroidales;f__Rikenellaceae;g__Alistipes;s__Alistipes_senegalensis	k__Bacteria;p__Firmicutes;c__Clostridia;o__Clostridiales;f__Lachnospiraceae;g__Blautia;s__Blautia_sp._KLE_1732	k__Bacteria;p__Bacteroidetes;c__Bacteroidia;o__Bacteroidales;f__Bacteroidaceae;g__Bacteroides;s__Bacteroides_oleiciplenus	k__Bacteria;p__Firmicutes;c__Clostridia;o__Clostridiales;f__Ruminococcaceae;g__Ruminococcus;s__Ruminococcus_bicirculans	k__Bacteria;p__Bacteroidetes;c__Bacteroidia;o__Bacteroidales;f__Bacteroidaceae;g__Bacteroides;s__Bacteroides_fluxus	k__Bacteria;p__Bacteroidetes;c__Bacteroidia;o__Bacteroidales;f__Prevotellaceae;g__Prevotella;s__Prevotella_stercorea	k__Bacteria;p__Firmicutes;c__Clostridia;o__Clostridiales;f__Lachnospiraceae;g__Dorea;s__Dorea_longicatena	k__Bacteria;p__Firmicutes;c__Clostridia;o__Clostridiales;f__Eubacteriaceae;g__Eubacterium;s__[Eubacterium]_eligens	k__Bacteria;p__Firmicutes;c__Clostridia;o__Clostridiales;f__Ruminococcaceae;g__;s__Ruminococcaceae_bacterium_D16	k__Bacteria;p__Firmicutes;c__Clostridia;o__Clostridiales;f__Lachnospiraceae;g__Coprococcus;s__Coprococcus_comes	k__Bacteria;p__Proteobacteria;c__Gammaproteobacteria;o__Enterobacterales;f__Enterobacteriaceae;g__Escherichia;s__Escherichia_coli	k__Bacteria;p__Firmicutes;c__Clostridia;o__Clostridiales;f__Ruminococcaceae;g__Anaerotruncus;s__Anaerotruncus_colihominis	k__Bacteria;p__Firmicutes;c__Clostridia;o__Clostridiales;f__Lachnospiraceae;g__Blautia;s__Blautia_obeum	k__Bacteria;p__Bacteroidetes;c__Bacteroidia;o__Bacteroidales;f__Odoribacteraceae;g__Odoribacter;s__Odoribacter_laneus	k__Bacteria;p__Firmicutes;c__Clostridia;o__Clostridiales;f__Ruminococcaceae;g__Ruminiclostridium;s__[Clostridium]_leptum	k__Bacteria;p__Bacteroidetes;c__Bacteroidia;o__Bacteroidales;f__Porphyromonadaceae;g__Parabacteroides;s__Parabacteroides_goldsteinii	k__Bacteria;p__Firmicutes;c__Clostridia;o__Clostridiales;f__Lachnospiraceae;g__Anaerostipes;s__Anaerostipes_hadrus	k__Bacteria;p__Firmicutes;c__Clostridia;o__Clostridiales;f__Ruminococcaceae;g__Ruminococcus;s__Ruminococcus_lactaris	k__Bacteria;p__Firmicutes;c__Clostridia;o__Clostridiales;f__Clostridiaceae;g__Clostridium;s__Clostridium_sp._L2-50	k__Bacteria;p__Firmicutes;c__Clostridia;o__Clostridiales;f__Clostridiaceae;g__Clostridium;s__Clostridium_sp._M62/1	k__Bacteria;p__Firmicutes;c__Clostridia;o__Clostridiales;f__;g__Intestinimonas;s__Intestinimonas_butyriciproducens	k__Bacteria;p__Actinobacteria;c__Actinobacteria;o__Bifidobacteriales;f__Bifidobacteriaceae;g__Bifidobacterium;s__Bifidobacterium_bifidum	k__Bacteria;p__Firmicutes;c__Negativicutes;o__Veillonellales;f__Veillonellaceae;g__Dialister;s__Dialister_invisus	k__Bacteria;p__Bacteroidetes;c__Bacteroidia;o__Bacteroidales;f__Bacteroidaceae;g__Bacteroides;s__Bacteroides_salanitronis
k__Bacteria;p__Bacteroidetes;c__Bacteroidia;o__Bacteroidales;f__Bacteroidaceae;g__Bacteroides;s__Bacteroides_vulgatus	1.0	0.0053436719055	0.0179497260231	0.0310507344856	0.0232102508116	-0.0135895411023	0.031216512244	-0.0283745204018	-0.0363963978035	-0.0219702795014	-0.0375986347971	-0.00969776341658	0.00227464156542	-0.0585741318829	-0.0339244796294	0.0190435720859	-0.070855075992	-0.0303508475476	-0.0416919216449	-0.0255232500004	0.0355102914966	0.0172403119026	-0.0164763067115	-0.0195063239305	-0.0529863334558	-0.0646298023065	-0.00153052513325	-0.031359166189	-0.0123693197397	0.00354772742321	-0.029698041982	-0.00230442855344	0.0154941426417	-0.0529496518871	0.0154813036079	0.00669122544727	0.0195430049149	7.51047808483e-05	-0.0113773033623	0.0305814927969	0.00216856922276	0.0354617258955	0.00653904605182	0.0295116170014	-0.0125579309582	-0.0188184539595	0.0312114677432	-0.042868242865	-0.0309793388567	-0.00828854385192	0.0177273854098	0.00794036956339	-0.0391739444931	-0.032111020988	0.00894674601772	-0.0243181268705	0.0366185915828	-0.00368194272409	0.0166785963125
k__Bacteria;p__Bacteroidetes;c__Bacteroidia;o__Bacteroidales;f__Bacteroidaceae;g__Bacteroides;s__Bacteroides_uniformis	0.0053436719055	1.0	-0.0421742660835	0.108228727214	-0.0018323530916	0.0270084071579	-0.0284010412034	-0.0737808917698	-0.0502738815711	-0.0183667750938	0.00156790111063	-0.0194446172814	0.0143614210763	0.037000806922	-0.0170392853411	-0.0441042876426	-0.0141625669916	0.0212837163125	-0.0132216827371	-0.0215754424295	0.080421418483	0.01657353693	0.049619740645	0.0110257952391	-0.00829279953744	-0.0350675249698	-0.0396783071556	0.0224376651339	0.0160019066067	-0.0126361914637	0.00807860960191	0.00174907317719	-0.0426173683648	0.0225070954912	-0.0346734059595	-0.00657149879319	0.0130827501415	0.0149345455428	-0.0658113250316	-0.015192540166	-0.0187642837675	-0.0103701134524	0.00182333456184	0.0975695842044	0.0106408889808	-0.0255659126772	0.0316020138662	0.0154011916359	-0.00998510570191	-0.0278692679374	-0.00206036869212	0.0117094744464	0.0634766961645	-0.00362985386092	-0.00970121042493	-0.0267126658396	-0.0460474651444	-0.01451898431	0.00403105019328
k__Bacteria;p__Bacteroidetes;c__Bacteroidia;o__Bacteroidales;f__Rikenellaceae;g__Alistipes;s__Alistipes_putredinis	0.0179497260231	-0.0421742660835	1.0	-0.00541303237325	-0.0135222678814	0.017317139892	-0.0167152190354	-0.000478341544613	0.000166437748083	-0.0860745576078	0.0290773104366	-0.00886794497404	-0.0953987920085	-0.0149538865924	-0.023996715397	0.00996566403637	-0.0328281875672	0.0325013804485	0.0374372514712	-0.000561802223239	0.00543099749827	-0.0339926976327	-0.0391184798094	0.0076310591922	-0.0381542787777	-0.0629318468064	-0.006312227888	0.0206283274875	-0.068397376014	0.00835763201599	0.0305488969011	0.0110250293733	-0.0132261407558	0.0147840402553	0.0435780600819	0.0296247052027	-0.0482782870547	-0.0082830678719	-0.035880099772	-0.00500943237779	0.045926798947	-0.0020848378546	-0.0114499706504	-0.0588419648495	0.0429322062409	-0.0114835868774	0.00729342197773	-0.0520740707547	-0.00918427224971	-0.0140146456103	0.0420726010862	-0.045100332011	-0.00185969489556	-0.0218147703784	0.0235717742543	0.00190572068195	0.00582597700746	0.02574126828	0.019711499324
k__Bacteria;p__Bacteroidetes;c__Bacteroidia;o__Bacteroidales;f__Prevotellaceae;g__Prevotella;s__Prevotella_copri	0.0310507344856	0.108228727214	-0.00541303237325	1.0	-0.0147394921213	0.00201176109838	-0.0383520894272	0.0120473131778	0.00705797784737	-0.0405032839758	0.0169727314077	-0.040919194018	-0.0425806604399	0.0445541363927	-0.0512804242908	-0.00683678486411	-0.0322230355688	-0.0316617105242	0.00402984293386	-0.0208609332704	0.00227026963489	-0.0051678772399	-0.00438215947746	-0.0183488965975	0.0515444945924	0.00695919770774	0.0351608336513	-0.0497922525094	0.0160423800688	-0.0142062317046	-0.0104659026808	-0.0664917835831	0.0492891486441	0.0195434792416	0.00591554998703	0.0162885719724	-0.00128913803677	-0.107111516676	-0.0275430688475	0.0267453390137	-0.0168985694022	-0.0424162876306	-0.000175209414136	0.0224688451061	-0.000676039299502	-0.00676972429427	0.0274558257585	0.0176780103329	-0.0838605101983	0.0555423573683	-0.0163318716169	-0.0114534744683	0.00943492747172	0.028091834194	0.0586674230554	0.00571070841738	-0.0139786738018	0.00816470459804	0.063021639692
k__Bacteria;p__Bacteroidetes;c__Bacteroidia;o__Bacteroidales;f__Bacteroidaceae;g__Bacteroides;s__Bacteroides_stercoris	0.0232102508116	-0.0018323530916	-0.0135222678814	-0.0147394921213	1.0	0.0377424399112	-0.00613831360302	0.0161208424268	0.057837252752	0.00156048191591	0.0083830837923	-0.0511993735557	-0.0320933284837	-0.0221817625479	-0.0508023350493	-0.0199322330525	0.0261020201334	0.00537135614227	0.0474611733914	0.0494948841653	-0.0146764606667	0.00231981384861	0.0364233042008	-0.00184214394297	-0.0338668642542	-0.0213477915137	-0.0456396726329	-0.00505252509367	0.00892017091507	0.0288047495009	-0.00692794276193	0.00387392661128	-0.0572000603533	-0.0345192714691	-0.0193999886395	-0.012969233986	-0.00715617102161	0.0207661508137	0.0140272010331	-0.0583698204297	-0.0364672885791	-0.0178956475736	-0.032222804128	-0.00507704214776	-0.0274079868516	0.053252701401	-0.0428186373085	0.00950462823768	-0.0410285981147	0.000988520588749	0.0100691410045	-0.0464713943867	0.0179764056125	-0.00529645145023	-0.0444489179925	0.0096605155114	-0.00375427674479	0.0251369691536	-0.0230978014353
k__Bacteria;p__Bacteroidetes;c__Bacteroidia;o__Bacteroidales;f__Bacteroidaceae;g__Bacteroides;s__Bacteroides_ovatus	-0.0135895411023	0.0270084071579	0.017317139892	0.00201176109838	0.0377424399112	1.0	0.0203895260519	-0.0205531808367	0.0282567897126	0.0412378088103	-0.000920880881416	-0.0195121868814	-0.00595433052047	0.0412786185467	-0.00507131888823	-0.0595010385108	-0.0179810486384	-0.0348474459207	0.00317795716067	0.0031983901329	-0.0341095874903	-0.079733102431	0.0130529159144	-0.0626690388744	-0.0060585877427	0.0896895208737	-0.0555123372732	0.0450235988777	0.0703856344575	0.0101440142832	-0.0347615046011	-0.00788097578512	-0.0392587761153	-0.0714113416852	-0.0424070789737	0.0195252928322	0.000797799986185	-0.013115142531	-0.0279075851401	0.0383484366722	0.0359129785868	0.0110142800536	-0.0554861510094	0.0168922280117	0.000917212420217	0.012004402286	-0.0020772923291	0.00364810246551	-0.0509124101103	-0.0944622068262	0.0459649653576	-0.0838091182775	-0.014255683639	-0.0354845130752	-0.0311550822572	-0.0420201544243	-0.00173635252085	-0.0220493159705	-0.0894909761864
k__Bacteria;p__Bacteroidetes;c__Bacteroidia;o__Bacteroidales;f__Rikenellaceae;g__Alistipes;s__Alistipes_shahii	0.031216512244	-0.0284010412034	-0.0167152190354	-0.0383520894272	-0.00613831360302	0.0203895260519	1.0	-0.0550679297957	-0.0158948373962	0.0259979247726	0.0135293523489	0.00671035808984	0.0680915474336	0.0192608453966	-0.0215644003182	-0.0257642957194	-0.0406235730046	0.00313462140255	0.011053557405	0.0565914276402	-0.0154050258932	0.0626547692889	-0.0174652565621	0.034636797704	-0.0423736868509	-0.0131943452452	0.0408230487741	0.00811462055911	-0.0204718871942	0.00992945162875	-0.0252710350823	-0.0368018758083	-0.00283176328568	-0.00440781769234	-0.0334049068786	0.0406496923078	0.0134436892053	0.00906370852488	-0.0192915268979	-0.0085991306687	0.0399874096866	-0.0139632836362	-0.0503422175642	0.081533250865	-0.014906540226	0.00245247117068	0.0430142299523	-0.0228534984978	-0.0113989964254	-0.00537482067032	0.0212443298278	0.0109355548447	-0.00112451945121	-0.0317885304583	-0.0515833481695	0.0028934395257	-0.0612520768675	0.0409306889723	-0.0511194184293
k__Bacteria;p__Firmicutes;c__Clostridia;o__Clostridiales;f__Ruminococcaceae;g__Faecalibacterium;s__Faecalibacterium_prausnitzii	-0.0283745204018	-0.0737808917698	-0.000478341544613	0.0120473131778	0.0161208424268	-0.0205531808367	-0.0550679297957	1.0	-0.0315725181576	0.0176724145163	0.0597592203706	-0.046181279675	0.00933796251124	-0.0044016607554	0.0637825231835	-0.00212675886672	0.00722385047327	-0.00163458362284	-0.0117389337307	-0.0311992579058	-0.0243543287635	0.049332586852	0.03974931459	-0.0775326955159	0.00560977450941	0.0254512305981	0.0544695078657	0.0232797953855	0.000376316175773	-0.00788452734872	-0.0681620908201	0.032077706278	-0.00434432858366	0.00100695471289	-0.0449289670088	0.00340976365757	-0.0422267204452	0.0228452148158	-0.0280423925265	0.00119736343793	-0.0597853378709	-0.0271669170924	-0.00814216340216	0.0372399090838	-0.0042458465129	-0.0234963160815	-0.0455679157385	0.0133234421987	-0.00384365556056	-0.00601633148778	-0.0403158504812	-0.0076924733221	-0.0182616405927	-0.0514427239574	0.0456853568006	0.0830951043609	0.0327559814546	-0.0370728424534	-0.00992067471595
k__Bacteria;p__Bacteroidetes;c__Bacteroidia;o__Bacteroidales;f__Rikenellaceae;g__Alistipes;s__Alistipes_finegoldii	-0.0363963978035	-0.0502738815711	0.000166437748083	0.00705797784737	0.057837252752	0.0282567897126	-0.0158948373962	-0.0315725181576	1.0	0.0242607686349	-0.0351098547292	0.0555376757992	-0.0211546630606	0.0139636653181	-0.0636973349556	0.0130988653634	-0.0284384821142	0.0794269122671	0.0170131970066	-0.0500417877404	0.0131509129781	-0.034259771372	-0.0161550721238	-0.00804965947508	-0.0283567652442	-0.0488042473011	0.0185682654378	0.0207547219951	0.0268095862463	0.0437504186862	0.0241435363121	-0.0411666878932	0.0105118910361	-0.0568350874474	0.00215817258828	0.0236519927082	0.00111465168113	-0.0238578371678	-0.0197603481174	-0.0101230499942	-0.0200693892007	0.0480722152719	-0.000737113470665	-0.0305959063265	-0.0338292486427	0.0251097329839	0.0123352641248	-0.05104691626	-0.0141843015185	-0.00159671434038	0.0254860426411	0.0558517757217	0.0133820539559	0.0131444671446	-0.00585516062789	-0.0451182592004	-0.00028115749895	-0.0178114884659	0.00430239034785
k__Bacteria;p__Bacteroidetes;c__Bacteroidia;o__Bacteroidales;f__Porphyromonadaceae;g__Parabacteroides;s__Parabacteroides_distasonis	-0.0219702795014	-0.0183667750938	-0.0860745576078	-0.0405032839758	0.00156048191591	0.0412378088103	0.0259979247726	0.0176724145163	0.0242607686349	1.0	-0.0538664895805	0.0198650774187	0.0170033552442	0.00161843876221	-0.0040784428986	0.0588270560338	0.00929234361516	-0.0207500510713	-0.00164061808141	0.0408754641233	-0.0367264847864	-0.0121464225503	0.00871732165517	0.0157200304933	-0.0496795879904	0.0186280589286	-0.0472104519077	0.0427140000556	0.0410088031037	0.00499534444215	0.00318456288742	-0.0510775603044	0.0269642509968	0.00630215751831	-0.0518386392704	-0.0578158242911	0.0018995484539	-0.00855305634082	-0.00571568476993	-0.0740436687995	0.0166637301836	0.00132746315718	-0.0393535902843	-0.0243904332269	-0.0716832449007	-0.0248212353491	0.0736505948015	-0.0126568210189	-0.0187821358194	0.00381143258692	-0.0129755896534	-0.0254563142196	-0.0175591704576	-0.0270270112287	0.00602128884023	-0.0405093597487	-0.0388854774332	0.0468088174089	0.0444146802955
k__Bacteria;p__Bacteroidetes;c__Bacteroidia;o__Bacteroidales;f__Bacteroidaceae;g__Bacteroides;s__Bacteroides_thetaiotaomicron	-0.0375986347971	0.00156790111063	0.0290773104366	0.0169727314077	0.0083830837923	-0.000920880881416	0.0135293523489	0.0597592203706	-0.0351098547292	-0.0538664895805	1.0	-0.0407970191205	-0.018606225225	-0.0453284000823	-0.0292219014082	-0.00665395105597	-0.0356992574187	0.0231383547895	0.0179012672564	0.0540557597792	-0.0390667064949	0.015202127638	-0.0339813582323	0.00285540082553	-0.020973367994	-0.00767671091935	-0.012201557685	0.0540119828297	-0.0260467015561	0.035962990414	0.0219589550158	0.0223758634122	0.00855320522152	-0.0193918794622	-0.0130109228665	0.00836207485784	-0.091457888013	0.0437066444835	0.0395371840559	0.0346838850178	-0.0541823987919	-0.00245273164134	0.0151511773354	0.030183233661	0.00386514972863	-0.0277824359647	-0.0530013641644	-0.0869635887354	-0.00395233587064	-0.0700546673981	-0.0268077452779	-0.0188870065604	-0.0652440140795	0.0463557653218	-0.0802893630946	-0.0045846054382	-0.0125598567095	-0.0306238081689	-0.0506046261192
k__Bacteria;p__Bacteroidetes;c__Bacteroidia;o__Bacteroidales;f__Bacteroidaceae;g__Bacteroides;s__Bacteroides_coprocola	-0.00969776341658	-0.0194446172814	-0.00886794497404	-0.040919194018	-0.0511993735557	-0.0195121868814	0.00671035808984	-0.046181279675	0.0555376757992	0.0198650774187	-0.0407970191205	1.0	-0.0708473816061	-0.0236713865494	-0.0011085625734	0.0249173010193	-0.0255617433377	0.0693079241848	-0.0149643476921	-0.00963092790316	-0.0508171725758	-0.0034877396882	-0.0259619913428	0.00411533755421	0.0359950084106	0.0189383601754	-0.022499767083	-0.0287823504622	0.000618109883991	-0.0235231630134	-0.00829819519945	-0.0128177001019	-0.0668270966085	0.0181853356559	0.0117111246873	-0.0328480854168	-0.0355903347022	0.00246569891219	-0.0450159584545	0.0247995094286	-0.0268915975326	0.0144888145826	0.0304472358719	-0.0406235499038	-0.0152800535676	-0.0071721768214	0.0284608668973	-0.0327364662851	0.000248347120437	-0.0464744534662	0.0311077863143	0.0287622627279	-0.0232113236639	-0.0415575713298	0.00876580364772	0.023052203829	-0.0364825957354	0.0633306872649	-0.0214284924122
k__Bacteria;p__Bacteroidetes;c__Bacteroidia;o__Bacteroidales;f__Bacteroidaceae;g__Bacteroides;s__Bacteroides_cellulosilyticus	0.00227464156542	0.0143614210763	-0.0953987920085	-0.0425806604399	-0.0320933284837	-0.00595433052047	0.0680915474336	0.00933796251124	-0.0211546630606	0.0170033552442	-0.018606225225	-0.0708473816061	1.0	0.0837514040812	-0.0129785701098	-0.0310568644197	-0.00653838363031	-0.00438189607401	-0.0437607201719	-0.0549175499267	0.0179077669126	0.00585694787723	-0.0285366808523	-0.0462713938593	0.0394746001228	0.0391659810455	-0.00745701014071	-0.0721596819098	-0.00802380299163	-0.0146148034538	0.0316116218175	0.0334757637664	-0.012718597812	0.0156013914159	-0.064699294869	0.0460857126922	-0.0289978814462	-0.0537479155709	-0.0482600008807	0.0412849761359	-0.0375968629372	-0.0474876429631	0.00338053436203	0.0210944285825	0.0285771845872	-0.0226879245663	-0.0492809447573	0.0612887947768	-0.00966345712926	0.0257328337724	0.0474362055298	0.0197221967983	-0.0401456312618	-0.0203001953632	0.0829426537401	-0.049416451988	0.0213954384256	0.0236976632011	-0.0303031645929
k__Bacteria;p__Bacteroidetes;c__Bacteroidia;o__Bacteroidales;f__Rikenellaceae;g__Alistipes;s__Alistipes_obesi	-0.0585741318829	0.037000806922	-0.0149538865924	0.0445541363927	-0.0221817625479	0.0412786185467	0.0192608453966	-0.0044016607554	0.0139636653181	0.00161843876221	-0.0453284000823	-0.0236713865494	0.0837514040812	1.0	0.0295334603288	-0.0481162459687	-0.0178356552818	-0.0126803730739	-0.0591354065181	-0.0536557837724	-0.0710640365488	-0.0314404943585	0.0139740908142	-0.00553385782155	0.030012964868	-0.00392918334313	0.0236566741586	0.00240175480625	-0.00580808286431	-0.017808538988	-0.0351414244722	-0.031808415689	-0.00504259999721	0.0356506885653	0.0260371460738	0.00688202849679	-0.0159320001485	-0.0242299853936	-0.0441591460212	-0.0116225877455	-0.0109641622919	-0.0527910938608	0.0537117233187	-0.0121604424035	-0.0193584549184	-0.0234064846017	0.00118087704565	0.0227001195827	-0.00428228755125	-0.0393898815817	-0.0198133469374	0.0187805221973	-0.0330299346333	-0.0232212605026	-0.00861134968138	0.00669562389548	-0.0457000540062	0.0163362922661	-0.0382385362986
k__Bacteria;p__Firmicutes;c__Clostridia;o__Clostridiales;f__Lachnospiraceae;g__;s__[Eubacterium]_rectale	-0.0339244796294	-0.0170392853411	-0.023996715397	-0.0512804242908	-0.0508023350493	-0.00507131888823	-0.0215644003182	0.0637825231835	-0.0636973349556	-0.0040784428986	-0.0292219014082	-0.0011085625734	-0.0129785701098	0.0295334603288	1.0	-0.0625064051799	0.0204965715154	-0.0117191827149	0.0313209138968	0.0592382182874	0.0356192599033	0.0448389603389	0.0272417307699	-0.0335629219771	0.0309189831303	-0.0631524944392	0.00371032588924	-0.071286862841	0.0628436460431	0.00293665033144	-0.0317575073741	-0.0551131078912	-0.0204564395265	0.00361457068053	0.0457734475363	-0.0330472246062	0.0375655663928	-0.00284886698305	-0.00809094455032	0.0171533802792	-0.00767241419714	0.0384656705722	0.00574880311975	-0.00264559012741	0.00842427624012	-0.0831234747449	0.000701608234113	0.0244542994189	-0.00424473188274	-0.0669940837053	-0.00607224372495	0.0119560093255	-0.00638697086116	0.0142205548189	0.052811343004	0.0565775783722	0.0427759179748	-0.0313976654714	-0.037892650555
k__Bacteria;p__Bacteroidetes;c__Bacteroidia;o__Bacteroidales;f__Bacteroidaceae;g__Bacteroides;s__Bacteroides_plebeius	0.0190435720859	-0.0441042876426	0.00996566403637	-0.00683678486411	-0.0199322330525	-0.0595010385108	-0.0257642957194	-0.00212675886672	0.0130988653634	0.0588270560338	-0.00665395105597	0.0249173010193	-0.0310568644197	-0.0481162459687	-0.0625064051799	1.0	0.022173334525	0.0494466367328	-0.0207668072066	-0.00987682975414	0.0183651126064	0.000398032749605	0.0101008123835	0.0199552501007	0.0045699474107	-0.0151723384355	-0.0165930216082	0.0045307064691	0.0120996216568	-0.000565107890288	-0.0291174607075	-0.0101298067279	0.0144583950289	2.91491927673e-05	-0.0498249810941	-0.00739581713985	0.0112481428732	-0.0551473219755	0.0703245967441	-0.0140825418962	-0.00735565964944	-0.0527483368016	0.00344673252734	-0.0135492320224	0.0384494288588	-0.0282688699968	0.0483577929139	-0.0533744492993	-0.0302300806083	0.00308306428599	-0.053549020376	0.0199640990645	-0.0192022011287	-0.0245364849359	0.000951474082162	-0.0304583166563	0.0373680573474	0.0497286851736	-0.0179309893379
k__Bacteria;p__Bacteroidetes;c__Bacteroidia;o__Bacteroidales;f__Bacteroidaceae;g__Bacteroides;s__Bacteroides_fragilis	-0.070855075992	-0.0141625669916	-0.0328281875672	-0.0322230355688	0.0261020201334	-0.0179810486384	-0.0406235730046	0.00722385047327	-0.0284384821142	0.00929234361516	-0.0356992574187	-0.0255617433377	-0.00653838363031	-0.0178356552818	0.0204965715154	0.022173334525	1.0	-0.0950673985938	-0.0164752663991	-0.0111716649318	0.0417043995236	-0.0304153795963	0.0193946590427	0.0302025640498	-0.0221192962649	0.0232444599877	0.00263672889048	0.000198660604935	-0.0266469245899	-0.0248382558987	0.00252476029692	-0.0537763427408	-0.0156849556836	-0.0483753925517	-0.0281937050113	-0.0561124422477	0.0519351352447	0.0219843435027	-0.020020123767	0.00386306586096	-0.0157679174613	0.00427603085545	0.0103005239592	0.0844217509698	0.0725780216841	0.00399644909717	0.0299580385078	-0.0481806288727	-0.0107005256453	-0.0119497603605	-0.0121942107738	-0.0564842279049	-0.00552259699677	0.0127022813782	-0.0311383635625	0.0102627801945	-0.0355899596735	0.0190030907745	0.069709518029
k__Bacteria;p__Proteobacteria;c__Betaproteobacteria;o__Burkholderiales;f__Sutterellaceae;g__Sutterella;s__Sutterella_wadsworthensis	-0.0303508475476	0.0212837163125	0.0325013804485	-0.0316617105242	0.00537135614227	-0.0348474459207	0.00313462140255	-0.00163458362284	0.0794269122671	-0.0207500510713	0.0231383547895	0.0693079241848	-0.00438189607401	-0.0126803730739	-0.0117191827149	0.0494466367328	-0.0950673985938	1.0	-0.0431873527376	0.0201361337276	0.029826360756	-0.0600670627305	-0.00563652528748	0.0140634808201	-0.0360467203111	0.000578300276113	0.0421552852044	0.0301819681135	0.02939925237	-0.0408055391766	-0.00129644764331	0.0398368593824	0.0624449217664	-0.0445933114055	-0.108973419281	-0.055162016866	-0.0213496088709	0.0252386039715	-0.0387229327148	-0.00114299883391	0.014107449275	-0.0157486741032	-0.00862068382168	-0.0153067362758	-0.0419774456838	0.0175413121453	0.0146456395435	-0.0324848073714	-0.0123707181531	0.0121285219764	0.0374297930719	-0.0303815478721	0.0156296218954	0.00375958936129	-0.0643838952098	-0.00669134892187	-0.00431478553403	-0.0387400543119	-0.0445735901252
k__Bacteria;p__Bacteroidetes;c__Bacteroidia;o__Bacteroidales;f__Porphyromonadaceae;g__Barnesiella;s__Barnesiella_intestinihominis	-0.0416919216449	-0.0132216827371	0.0374372514712	0.00402984293386	0.0474611733914	0.00317795716067	0.011053557405	-0.0117389337307	0.0170131970066	-0.00164061808141	0.0179012672564	-0.0149643476921	-0.0437607201719	-0.0591354065181	0.0313209138968	-0.0207668072066	-0.0164752663991	-0.0431873527376	1.0	0.0482128608773	-0.00595803209781	0.00823459660164	-0.0193938406384	0.00375214853813	0.0564744351302	0.0063193055002	-0.0252791237856	0.0201186691845	-0.0922570303091	-0.0447751557044	0.010258908653	0.0302972861034	0.0172912925006	0.00798265474195	0.0127339387339	0.0493388674118	-0.0316070023564	-0.00372191527146	-0.0048752958052	-0.0238693217671	-0.0253906055576	-0.00287857572573	-0.0389083559413	-0.0303132265907	0.0190988651456	-0.00129641485078	-0.0131809284141	0.00091917001127	-0.0205531657206	-0.0144106762013	-0.0508340199564	0.0163140974053	-0.0177635635632	0.0155974967062	-0.0464228934108	-0.00448778482597	-0.00219027849051	-0.00976283668055	-0.0251326577422
k__Bacteria;p__Bacteroidetes;c__Bacteroidia;o__Bacteroidales;f__Odoribacteraceae;g__Odoribacter;s__Odoribacter_splanchnicus	-0.0255232500004	-0.0215754424295	-0.000561802223239	-0.0208609332704	0.0494948841653	0.0031983901329	0.0565914276402	-0.0311992579058	-0.0500417877404	0.0408754641233	0.0540557597792	-0.00963092790316	-0.0549175499267	-0.0536557837724	0.0592382182874	-0.00987682975414	-0.0111716649318	0.0201361337276	0.0482128608773	1.0	0.00505281852409	-0.00736493926191	-0.0110190550057	-0.0116387077489	0.0128456383488	-0.0490330996497	-0.0309483674333	-0.0399283890557	0.0312965980048	0.000960634852592	-0.0166437559323	-0.0235553929075	-0.0298627430641	-0.00687914823521	0.0148009222147	0.0123257999338	-0.0798837272393	0.014339000946	0.032024030671	-0.00230841200832	-0.0124244376048	0.0141707557133	-0.0619708785103	0.00289263673043	-0.0180142104764	0.0254352959142	-0.0276265595628	-0.0377313887985	-0.0163650749918	-0.0078535435072	0.0996088859855	0.0139230717958	-0.0540340954619	0.0170634183523	-0.0784527668195	0.0161180288834	-0.0412635642781	0.023087840765	-0.031850048079
k__Bacteria;p__Bacteroidetes;c__Bacteroidia;o__Bacteroidales;f__Bacteroidaceae;g__Bacteroides;s__Bacteroides_salyersiae	0.0355102914966	0.080421418483	0.00543099749827	0.00227026963489	-0.0146764606667	-0.0341095874903	-0.0154050258932	-0.0243543287635	0.0131509129781	-0.0367264847864	-0.0390667064949	-0.0508171725758	0.0179077669126	-0.0710640365488	0.0356192599033	0.0183651126064	0.0417043995236	0.029826360756	-0.00595803209781	0.00505281852409	1.0	-0.00372964412994	-0.0334361836704	0.0878190087292	0.00865117283646	-0.0210781555229	-0.053544492853	-0.0482061185039	0.010847724793	-0.0403043735168	0.0245893041535	-0.0286441440443	-0.0300862800651	-0.0366556208663	-0.0300476064647	0.00265248686878	-0.00639088160375	-0.0700143215759	-0.0213487613315	0.00610484204512	-0.0382611409529	-0.00871721344082	-0.0312087840641	0.0161658974992	-0.070500647102	0.00973740746063	-0.00387360143938	0.0241204810649	0.0115304550667	0.0143251587428	-0.0318580315665	-0.0293654645546	0.00380895281467	-0.00712663101985	0.00492853725089	-0.0628145358095	-0.0173407270255	-0.0343458536103	0.028643619817
k__Bacteria;p__Firmicutes;c__Clostridia;o__Clostridiales;f__Ruminococcaceae;g__Ruminiclostridium;s__[Eubacterium]_siraeum	0.0172403119026	0.01657353693	-0.0339926976327	-0.0051678772399	0.00231981384861	-0.079733102431	0.0626547692889	0.049332586852	-0.034259771372	-0.0121464225503	0.015202127638	-0.0034877396882	0.00585694787723	-0.0314404943585	0.0448389603389	0.000398032749605	-0.0304153795963	-0.0600670627305	0.00823459660164	-0.00736493926191	-0.00372964412994	1.0	0.00946427894692	-0.0527630730527	-0.0308125034555	-0.0112497006223	-0.0193617223068	-0.0115572833295	0.0306860965207	-0.00811165756342	-0.00876048543189	0.00752279269303	0.0384011719826	0.0365806619115	0.0113311370519	-0.0229393781334	0.0321176207508	-0.0278846670526	-0.0328200851192	-0.00708834567859	0.00624949218788	-0.025934647736	0.0181392001432	0.0209552865069	0.0587416582693	0.0574226586408	-0.0909405634634	-0.0731304898447	0.0225910884549	-0.0157862012977	0.0285369435477	0.036578701214	-0.0352835904233	-0.0343952766233	-0.0205179341924	-0.0668884912864	0.0284406485326	-0.0351709140532	0.012690259716
k__Bacteria;p__Proteobacteria;c__Betaproteobacteria;o__Burkholderiales;f__Sutterellaceae;g__Parasutterella;s__Parasutterella_excrementihominis	-0.0164763067115	0.049619740645	-0.0391184798094	-0.00438215947746	0.0364233042008	0.0130529159144	-0.0174652565621	0.03974931459	-0.0161550721238	0.00871732165517	-0.0339813582323	-0.0259619913428	-0.0285366808523	0.0139740908142	0.0272417307699	0.0101008123835	0.0193946590427	-0.00563652528748	-0.0193938406384	-0.0110190550057	-0.0334361836704	0.00946427894692	1.0	-0.000394327430763	-0.0617935721595	0.00453089501474	-0.0046416549144	-0.0195323961725	0.0113917379709	-0.0351764416946	0.0792828376112	-0.00499522210175	-0.0485359440586	-0.0253178850825	-0.00639226857861	0.00927741918018	-0.022905033297	-0.0465165245621	-0.0235318095123	-0.028045500058	-0.0480412620165	-0.0540601349733	-0.00924978900759	0.00466941573328	-0.0281650102223	0.0418971729439	0.00567906114876	-0.00549210339068	-0.00091154564043	0.00801111096472	-0.0268136832005	0.00870350871276	-0.00217772905147	-0.037968994291	-0.0116564136289	-0.0073153780952	-0.00817225196826	-0.0636461762682	0.0157078348477
k__Bacteria;p__Actinobacteria;c__Actinobacteria;o__Bifidobacteriales;f__Bifidobacteriaceae;g__Bifidobacterium;s__Bifidobacterium_adolescentis	-0.0195063239305	0.0110257952391	0.0076310591922	-0.0183488965975	-0.00184214394297	-0.0626690388744	0.034636797704	-0.0775326955159	-0.00804965947508	0.0157200304933	0.00285540082553	0.00411533755421	-0.0462713938593	-0.00553385782155	-0.0335629219771	0.0199552501007	0.0302025640498	0.0140634808201	0.00375214853813	-0.0116387077489	0.0878190087292	-0.0527630730527	-0.000394327430763	1.0	0.000758360036673	-0.0272558825195	-0.0386580563126	-0.0684914870415	-0.0131208756771	-0.022876520717	0.0497442149916	0.00604430106109	0.0473425353746	-0.0423732310856	-0.0111091980104	-0.00642260736898	-0.0299666332075	0.000350637014745	-0.0499646620519	-0.0119758321038	-0.0152885500065	-0.0405554487857	-0.0665592189537	0.0760570102572	-0.0183799754888	-0.0363267664698	-0.054406011281	-0.00575425226712	0.0311719501237	0.0135035131099	0.0113965097347	-0.0207261704408	0.0332634672292	-0.00715435148371	0.0260382756217	0.0458338931546	-0.0098472640865	-0.0520205573772	-0.00175761577371
k__Bacteria;p__Firmicutes;c__Clostridia;o__Clostridiales;f__Oscillospiraceae;g__Oscillibacter;s__Oscillibacter_sp._KLE_1745	-0.0529863334558	-0.00829279953744	-0.0381542787777	0.0515444945924	-0.0338668642542	-0.0060585877427	-0.0423736868509	0.00560977450941	-0.0283567652442	-0.0496795879904	-0.020973367994	0.0359950084106	0.0394746001228	0.030012964868	0.0309189831303	0.0045699474107	-0.0221192962649	-0.0360467203111	0.0564744351302	0.0128456383488	0.00865117283646	-0.0308125034555	-0.0617935721595	0.000758360036673	1.0	-0.0363270244686	-0.00969244481471	-0.0514615390362	0.00554195040276	0.0578882117338	0.0546238358841	-0.002651258779	-0.0276278055189	0.00348784473148	0.0694474695539	0.0239624043214	-0.0568544107364	-0.0173237098919	-0.000259821374883	0.00231823455892	-0.00385432345246	-0.0426607388466	0.00837472511174	-0.00355107668028	0.00626959968831	-0.00303706849061	-0.0161599406266	0.0124874889247	-0.0178415470371	-0.0394551916383	-0.00755892992681	-0.0265772914256	-0.0324969288239	-0.0474910290848	-0.00341702882857	0.0370907587557	0.0446660218374	-0.0581717081481	0.0412092254312
k__Bacteria;p__Bacteroidetes;c__Bacteroidia;o__Bacteroidales;f__Bacteroidaceae;g__Bacteroides;s__Bacteroides_coprophilus	-0.0646298023065	-0.0350675249698	-0.0629318468064	0.00695919770774	-0.0213477915137	0.0896895208737	-0.0131943452452	0.0254512305981	-0.0488042473011	0.0186280589286	-0.00767671091935	0.0189383601754	0.0391659810455	-0.00392918334313	-0.0631524944392	-0.0151723384355	0.0232444599877	0.000578300276114	0.0063193055002	-0.0490330996497	-0.0210781555229	-0.0112497006223	0.00453089501474	-0.0272558825195	-0.0363270244686	1.0	-0.0430816914355	0.0429593824403	0.0144386631028	-0.0359066875332	0.0557601078092	-0.00233623170802	-0.00588406919602	-0.0237709188023	-0.0519741766816	-0.010246831521	0.0104686704143	-0.03559904496	-0.0208661419235	-0.000618436628358	0.0272735873746	-0.0845522889082	0.0127902010945	-0.0166141385925	-0.0113167635595	0.0366184479468	-0.01862310585	-0.100195124895	-0.00166379985629	0.00450672225709	-0.0050636825954	0.0302382625579	0.0218370760915	-0.00798919018694	0.00250771166482	0.00341900142779	-0.00525401074902	0.0279759117232	-0.00262801013231
k__Bacteria;p__Firmicutes;c__Clostridia;o__Clostridiales;f__Lachnospiraceae;g__Roseburia;s__Roseburia_intestinalis	-0.00153052513325	-0.0396783071556	-0.006312227888	0.0351608336513	-0.0456396726329	-0.0555123372732	0.0408230487741	0.0544695078657	0.0185682654378	-0.0472104519077	-0.012201557685	-0.022499767083	-0.00745701014071	0.0236566741586	0.00371032588924	-0.0165930216082	0.00263672889048	0.0421552852044	-0.0252791237856	-0.0309483674333	-0.053544492853	-0.0193617223068	-0.0046416549144	-0.0386580563126	-0.00969244481471	-0.0430816914355	1.0	-0.0457117358098	0.00870646856926	-0.0329031865697	-0.00128285500586	0.0157295048065	0.0402505716353	-0.0346352194214	-0.0355521492072	-0.0293914286539	-0.00308386726021	0.00959097669131	-0.0307646105952	0.0189524670138	-0.0725137641062	-0.0318600299039	0.0694335025871	0.0145081249115	-0.0169780451072	-0.000933317773278	-0.0484947437844	0.0142631621535	-0.0286239515619	-0.0616889198029	-0.0332630820233	-0.0135424409616	0.0546117603561	0.0105955158461	-0.0320729129668	0.00307621827409	0.0233496405464	0.0200008697731	0.0203202681077
k__Bacteria;p__Firmicutes;c__Clostridia;o__Clostridiales;f__Lachnospiraceae;g__Roseburia;s__Roseburia_hominis	-0.031359166189	0.0224376651339	0.0206283274875	-0.0497922525094	-0.00505252509367	0.0450235988777	0.00811462055911	0.0232797953855	0.0207547219951	0.0427140000556	0.0540119828297	-0.0287823504622	-0.0721596819098	0.00240175480625	-0.071286862841	0.0045307064691	0.000198660604935	0.0301819681135	0.0201186691845	-0.0399283890557	-0.0482061185039	-0.0115572833295	-0.0195323961725	-0.0684914870415	-0.0514615390362	0.0429593824403	-0.0457117358098	1.0	-0.00634225073697	-0.0656865985581	-0.00628049473062	0.0368919527263	-0.0443949649216	-0.0218921932225	0.00623496998574	-0.0224283228419	0.0521746601345	0.000458013409498	-0.0115330440566	-0.0306032819135	0.0224572749013	-0.0576125019872	-0.00176557252719	0.0076728446088	-0.0262223656606	-0.0241393419798	-0.0490935213245	-0.053630150949	-0.0238943150211	-0.0127889466405	-0.0376934994047	-0.0274559990929	-0.00132804115664	0.0338261312646	0.0216089865627	0.0110450812523	-0.0756388193663	-0.0234575710223	-0.0333550431302
k__Bacteria;p__Bacteroidetes;c__Bacteroidia;o__Bacteroidales;f__Porphyromonadaceae;g__Parabacteroides;s__Parabacteroides_johnsonii	-0.0123693197397	0.0160019066067	-0.068397376014	0.0160423800688	0.00892017091507	0.0703856344575	-0.0204718871942	0.000376316175773	0.0268095862463	0.0410088031037	-0.0260467015561	0.000618109883991	-0.00802380299163	-0.00580808286431	0.0628436460431	0.0120996216568	-0.0266469245899	0.02939925237	-0.0922570303091	0.0312965980048	0.010847724793	0.0306860965207	0.0113917379709	-0.0131208756771	0.00554195040276	0.0144386631028	0.00870646856927	-0.00634225073697	1.0	-0.0435616468785	-0.00493397254598	-0.0129043970138	-0.0016789334806	-0.0297523905714	0.00293724971812	-0.00374910892522	-0.0404505705718	-0.00946674081273	-0.026393003847	-0.000148926554906	-0.0113993863938	-0.0483538837025	-0.0308056423487	0.0178031356	0.0119368726059	-0.0418014088559	-0.0126423892233	0.0306555615797	-0.0492376060731	-0.00123703855701	-0.0301448007873	-0.0150428133128	0.00357460474986	0.00193365519891	0.0135971160361	-0.0673533121479	0.0207668332896	-0.00895910618957	0.0387256921145
k__Bacteria;p__Actinobacteria;c__Actinobacteria;o__Bifidobacteriales;f__Bifidobacteriaceae;g__Bifidobacterium;s__Bifidobacterium_longum	0.00354772742321	-0.0126361914637	0.00835763201599	-0.0142062317046	0.0288047495009	0.0101440142832	0.00992945162875	-0.00788452734872	0.0437504186862	0.00499534444215	0.035962990414	-0.0235231630134	-0.0146148034538	-0.017808538988	0.00293665033144	-0.000565107890288	-0.0248382558987	-0.0408055391766	-0.0447751557044	0.000960634852592	-0.0403043735168	-0.00811165756342	-0.0351764416946	-0.022876520717	0.0578882117338	-0.0359066875332	-0.0329031865697	-0.0656865985581	-0.0435616468785	1.0	-0.0434569958402	-0.0452273781781	0.0322555853908	0.000413014827485	0.005796844808	-0.00800223549428	0.00858423851137	-0.0673046416479	0.033977772437	-1.66648298653e-05	0.00229431813097	-0.0196121717392	-0.0121048458291	-0.0112620235461	-0.0211798847924	-0.00777740928699	-0.0234551077269	0.0382421129776	0.0566162650692	0.0122453692534	-0.000818312475065	0.0286314367836	-0.0115837738215	-0.037945758048	0.000564647819189	0.00317872634712	0.0164904931595	-0.0390319163404	0.0491634315683
