#taxonomy	k__Bacteria;p__Bacteroidetes;c__Bacteroidia;o__Bacteroidales;f__Bacteroidaceae;g__Bacteroides;s__Bacteroides_vulgatus	k__Bacteria;p__Bacteroidetes;c__Bacteroidia;o__Bacteroidales;f__Bacteroidaceae;g__Bacteroides;s__Bacteroides_uniformis	k__Bacteria;p__Bacteroidetes;c__Bacteroidia;o__Bacteroidales;f__Rikenellaceae;g__Alistipes;s__Alistipes_putredinis	k__Bacteria;p__Bacteroidetes;c__Bacteroidia;o__Bacteroidales;f__Prevotellaceae;g__Prevotella;s__Prevotella_copri	k__Bacteria;p__Bacteroidetes;c__Bacteroidia;o__Bacteroidales;f__Bacteroidaceae;g__Bacteroides;s__Bacteroides_stercoris	k__Bacteria;p__Bacteroidetes;c__Bacteroidia;o__Bacteroidales;f__Bacteroidaceae;g__Bacteroides;s__Bacteroides_ovatus	k__Bacteria;p__Bacteroidetes;c__Bacteroidia;o__Bacteroidales;f__Rikenellaceae;g__Alistipes;s__Alistipes_shahii	k__Bacteria;p__Firmicutes;c__Clostridia;o__Clostridiales;f__Ruminococcaceae;g__Faecalibacterium;s__Faecalibacterium_prausnitzii	k__Bacteria;p__Bacteroidetes;c__Bacteroidia;o__Bacteroidales;f__Rikenellaceae;g__Alistipes;s__Alistipes_finegoldii	k__Bacteria;p__Bacteroidetes;c__Bacteroidia;o__Bacteroidales;f__Porphyromonadaceae;g__Parabacteroides;s__Parabacteroides_distasonis	k__Bacteria;p__Bacteroidetes;c__Bacteroidia;o__Bacteroidales;f__Bacteroidaceae;g__Bacteroides;s__Bacteroides_thetaiotaomicron	k__Bacteria;p__Bacteroidetes;c__Bacteroidia;o__Bacteroidales;f__Bacteroidaceae;g__Bacteroides;s__Bacteroides_coprocola	k__Bacteria;p__Bacteroidetes;c__Bacteroidia;o__Bacteroidales;f__Bacteroidaceae;g__Bacteroides;s__Bacteroides_cellulosilyticus	k__Bacteria;p__Bacteroidetes;c__Bacteroidia;o__Bacteroidales;f__Rikenellaceae;g__Alistipes;s__Alistipes_obesi	k__Bacteria;p__Firmicutes;c__Clostridia;o__Clostridiales;f__Lachnospiraceae;g__;s__[Eubacterium]_rectale	k__Bacteria;p__Bacteroidetes;c__Bacteroidia;o__Bacteroidales;f__Bacteroidaceae;g__Bacteroides;s__Bacteroides_plebeius	k__Bacteria;p__Bacteroidetes;c__Bacteroidia;o__Bacteroidales;f__Bacteroidaceae;g__Bacteroides;s__Bacteroides_fragilis	k__Bacteria;p__Proteobacteria;c__Betaproteobacteria;o__Burkholderiales;f__Sutterellaceae;g__Sutterella;s__Sutterella_wadsworthensis	k__Bacteria;p__Bacteroidetes;c__Bacteroidia;o__Bacteroidales;f__Porphyromonadaceae;g__Barnesiella;s__Barnesiella_intestinihominis	k__Bacteria;p__Bacteroidetes;c__Bacteroidia;o__Bacteroidales;f__Odoribacteraceae;g__Odoribacter;s__Odoribacter_splanchnicus	k__Bacteria;p__Bacteroidetes;c__Bacteroidia;o__Bacteroidales;f__Bacteroidaceae;g__Bacteroides;s__Bacteroides_salyersiae	k__Bacteria;p__Firmicutes;c__Clostridia;o__Clostridiales;f__Ruminococcaceae;g__Ruminiclostridium;s__[Eubacterium]_siraeum	k__Bacteria;p__Proteobacteria;c__Betaproteobacteria;o__Burkholderiales;f__Sutterellaceae;g__Parasutterella;s__Parasutterella_excrementihominis	k__Bacteria;p__Actinobacteria;c__Actinobacteria;o__Bifidobacteriales;f__Bifidobacteriaceae;g__Bifidobacterium;s__Bifidobacterium_adolescentis	k__Bacteria;p__Firmicutes;c__Clostridia;o__Clostridiales;f__Oscillospiraceae;g__Oscillibacter;s__Oscillibacter_sp._KLE_1745	k__Bacteria;p__Bacteroidetes;c__Bacteroidia;o__Bacteroidales;f__Bacteroidaceae;g__Bacteroides;s__Bacteroides_coprophilus	k__Bacteria;p__Firmicutes;c__Clostridia;o__Clostridiales;f__Lachnospiraceae;g__Roseburia;s__Roseburia_intestinalis	k__Bacteria;p__Firmicutes;c__Clostridia;o__Clostridiales;f__Lachnospiraceae;g__Roseburia;s__Roseburia_hominis	k__Bacteria;p__Bacteroidetes;c__Bacteroidia;o__Bacteroidales;f__Porphyromonadaceae;g__Parabacteroides;s__Parabacteroides_johnsonii	k__Bacteria;p__Actinobacteria;c__Actinobacteria;o__Bifidobacteriales;f__Bifidobacteriaceae;g__Bifidobacterium;s__Bifidobacterium_longum	k__Bacteria;p__Firmicutes;c__Clostridia;o__Clostridiales;f__;g__Flavonifractor;s__Flavonifractor_plautii	k__Bacteria;p__Firmicutes;c__Clostridia;o__Clostridiales;f__Clostridiaceae;g__Clostridium;s__Clostridium_phoceensis	k__Bacteria;p__Verrucomicrobia;c__Verrucomicrobiae;o__Verrucomicrobiales;f__Akkermansiaceae;g__Akkermansia;s__Akkermansia_muciniphila	k__Bacteria;p__Bacteroidetes;c__Bacteroidia;o__Bacteroidales;f__Prevotellaceae;g__Paraprevotella;s__Paraprevotella_xylaniphila	k__Bacteria;p__Firmicutes;c__Clostridia;o__Clostridiales;f__Ruminococcaceae;g__Ruminococcus;s__Ruminococcus_callidus	k__Bacteria;p__Bacteroidetes;c__Bacteroidia;o__Bacteroidales;f__Rikenellaceae;g__Alistipes;s__Alistipes_senegalensis	k__Bacteria;p__Firmicutes;c__Clostridia;o__Clostridiales;f__Lachnospiraceae;g__Blautia;s__Blautia_sp._KLE_1732	k__Bacteria;p__Bacteroidetes;c__Bacteroidia;o__Bacteroidales;f__Bacteroidaceae;g__Bacteroides;s__Bacteroides_oleiciplenus	k__Bacteria;p__Firmicutes;c__Clostridia;o__Clostridiales;f__Ruminococcaceae;g__Ruminococcus;s__Ruminococcus_bicirculans	k__Bacteria;p__Bacteroidetes;c__Bacteroidia;o__Bacteroidales;f__Bacteroidaceae;g__Bacteroides;s__Bacteroides_fluxus	k__Bacteria;p__Bacteroidetes;c__Bacteroidia;o__Bacteroidales;f__Prevotellaceae;g__Prevotella;s__Prevotella_stercorea	k__Bacteria;p__Firmicutes;c__Clostridia;o__Clostridiales;f__Lachnospiraceae;g__Dorea;s__Dorea_longicatena	k__Bacteria;p__Firmicutes;c__Clostridia;o__Clostridiales;f__Eubacteriaceae;g__Eubacterium;s__[Eubacterium]_eligens	k__Bacteria;p__Firmicutes;c__Clostridia;o__Clostridiales;f__Ruminococcaceae;g__;s__Ruminococcaceae_bacterium_D16	k__Bacteria;p__Firmicutes;c__Clostridia;o__Clostridiales;f__Lachnospiraceae;g__Coprococcus;s__Coprococcus_comes	k__Bacteria;p__Proteobacteria;c__Gammaproteobacteria;o__Enterobacterales;f__Enterobacteriaceae;g__Escherichia;s__Escherichia_coli	k__Bacteria;p__Firmicutes;c__Clostridia;o__Clostridiales;f__Ruminococcaceae;g__Anaerotruncus;s__Anaerotruncus_colihominis	k__Bacteria;p__Firmicutes;c__Clostridia;o__Clostridiales;f__Lachnospiraceae;g__Blautia;s__Blautia_obeum	k__Bacteria;p__Bacteroidetes;c__Bacteroidia;o__Bacteroidales;f__Odoribacteraceae;g__Odoribacter;s__Odoribacter_laneus	k__Bacteria;p__Firmicutes;c__Clostridia;o__Clostridiales;f__Ruminococcaceae;g__Ruminiclostridium;s__[Clostridium]_leptum	k__Bacteria;p__Bacteroidetes;c__Bacteroidia;o__Bacteroidales;f__Porphyromonadaceae;g__Parabacteroides;s__Parabacteroides_goldsteinii	k__Bacteria;p__Firmicutes;c__Clostridia;o__Clostridiales;f__Lachnospiraceae;g__Anaerostipes;s__Anaerostipes_hadrus	k__Bacteria;p__Firmicutes;c__Clostridia;o__Clostridiales;f__Ruminococcaceae;g__Ruminococcus;s__Ruminococcus_lactaris	k__Bacteria;p__Firmicutes;c__Clostridia;o__Clostridiales;f__Clostridiaceae;g__Clostridium;s__Clostridium_sp._L2-50	k__Bacteria;p__Firmicutes;c__Clostridia;o__Clostridiales;f__Clostridiaceae;g__Clostridium;s__Clostridium_sp._M62/1	k__Bacteria;p__Firmicutes;c__Clostridia;o__Clostridiales;f__;g__Intestinimonas;s__Intestinimonas_butyriciproducens	k__Bacteria;p__Actinobacteria;c__Actinobacteria;o__Bifidobacteriales;f__Bifidobacteriaceae;g__Bifidobacterium;s__Bifidobacterium_bifidum	k__Bacteria;p__Firmicutes;c__Negativicutes;o__Veillonellales;f__Veillonellaceae;g__Dialister;s__Dialister_invisus	k__Bacteria;p__Bacteroidetes;c__Bacteroidia;o__Bacteroidales;f__Bacteroidaceae;g__Bacteroides;s__Bacteroides_salanitronis
k__Bacteria;p__Bacteroidetes;c__Bacteroidia;o__Bacteroidales;f__Bacteroidaceae;g__Bacteroides;s__Bacteroides_vulgatus	1.0	-0.0245738838637	-0.0163149857762	-0.037104566519	-0.0197521948581	0.00418610664074	-0.0345300228193	0.0151529478347	-0.00555375964997	-0.0185932089778	-0.0131606548072	0.00308723529939	0.0775476213724	0.0193664369724	-0.0160468726833	-0.00411247303285	-0.0222030616401	-0.0171280584659	-0.00316262178118	0.0328749457648	-0.020654769182	-0.0315827312671	0.0138287151481	-0.0671441948862	0.0456435732231	0.0210437371038	-0.0183367432594	-0.00723535824604	0.0139182810762	-0.0188035692089	-0.0476823147292	-0.0187770542319	-0.0422950987174	0.00903444758747	-0.0316278896238	-0.0464810940317	-0.0122069754041	-0.0253380450579	0.0086880240258	0.0114282563547	-0.0474530219544	0.0633663601709	-0.000567595780664	-0.0320025548251	0.0222064519447	-0.0462208290331	0.0267058367045	-0.0375444288249	-0.0141401343506	0.00173969876851	-0.0144572482271	0.0284251612483	-0.0476301938053	-0.0298162814827	0.00833826834754	0.000817788193281	-0.0648999294706	-0.0183001945995	-0.00873740294412
k__Bacteria;p__Bacteroidetes;c__Bacteroidia;o__Bacteroidales;f__Bacteroidaceae;g__Bacteroides;s__Bacteroides_uniformis	-0.0245738838637	1.0	0.0114053916979	-0.0206193957388	0.0096374293768	0.0709689048078	-0.0608898306052	0.0109898762056	0.000749070830385	-0.0271727367097	-0.0120421575655	-0.0029445116077	-0.0160441943845	-0.00595609227846	-0.0141062237862	0.0182796046176	-0.0203218629366	-0.0335297315121	0.020774783554	-0.0787671288099	0.0263682362437	-0.0476760875671	0.060352206247	-0.0187860525837	-0.0622133649331	-0.034906107298	0.00448545343255	-0.00650774643872	-0.027081540321	-0.00573982643278	0.0309090879341	0.0126246224431	-0.0162024478211	-0.00167181317925	-0.0347791275465	-0.0602695437064	0.0190961780651	-0.0506076943841	-0.00581934169207	-0.033971397859	0.00880233450622	-0.000237007454587	-0.0346302619522	0.0853337504309	-0.0175790965067	-0.0709527673131	0.0339595069399	-0.042553528188	0.027537124424	0.032265104544	-0.0770045513381	0.000526205589367	0.0246304416773	-0.0176265504698	-0.0190329495614	0.0277916509725	0.0264009690776	0.0111675640557	-0.0226625603739
k__Bacteria;p__Bacteroidetes;c__Bacteroidia;o__Bacteroidales;f__Rikenellaceae;g__Alistipes;s__Alistipes_putredinis	-0.0163149857762	0.0114053916979	1.0	-0.0119019311546	0.00890681861243	-0.0160452766854	0.00648991420063	-0.0260812170439	0.0162008683055	0.0127932007359	0.0185603181742	-0.0344886216557	-0.0476672242269	-0.00361769444604	0.0413924179234	0.00260516685231	-0.061099665463	0.00253875718113	-0.0384322532203	-0.0104200038691	-0.0144979177157	0.0225815956443	0.00324024026437	-0.0748105819939	-0.0375134450164	0.0335687286449	-0.0115667121832	0.0649076969383	-0.0151768778186	0.0405344480952	0.0394302635314	-0.00767346739032	-0.0269518988247	-0.035704212991	0.0104382200225	0.00875200064533	0.0170588155597	0.0146498861062	-0.0162280190601	0.0153100706305	0.00696174941083	-0.0169344642955	0.0265754059887	-0.022786787749	0.011296447981	0.0206305143627	0.0159418883815	-0.0364578793533	-0.0370757058605	-0.0274069984216	0.0996625003065	-0.032410279128	-0.0134568021428	0.0145950360698	-0.0142512488593	0.014780945612	0.0316584315994	-0.0582861202985	-0.0219253945958
k__Bacteria;p__Bacteroidetes;c__Bacteroidia;o__Bacteroidales;f__Prevotellaceae;g__Prevotella;s__Prevotella_copri	-0.037104566519	-0.0206193957388	-0.0119019311546	1.0	-0.0211669865228	-0.00858558003075	0.00530388824918	-0.00285858107929	0.0549590156727	-0.0175977911725	-5.54647280882e-05	0.0264840144504	-0.0366493242579	0.0470526142111	-0.0505938834469	-0.0165870161673	0.00432037202591	0.0369893995639	-0.00985405217099	-0.00882144544619	-0.0624074908663	-0.0194760215493	0.005651255655	-0.0261985951418	-0.0149093680955	-0.0531643041617	-0.0339111621321	-0.0321645861971	0.00690262062268	-0.0184448262856	-0.0108976094149	0.0734076722552	-0.0215727997464	0.0124354791424	0.0687214058314	0.0459477384255	-0.0495397994303	-0.00223551313216	-0.0123617718553	0.0101907942612	0.00177382615252	-0.00920375611408	-0.0147788459062	-0.0420633286807	0.000635046328029	0.00492342342596	0.0197459743161	-0.0245952048275	0.00247024325237	-0.0126841965939	0.00277202970425	0.0331114298886	-0.00437435127532	-0.0644767381139	-0.0062250516938	0.00244794309592	-0.0416941558476	-0.00714803868218	-0.00166889233807
k__Bacteria;p__Bacteroidetes;c__Bacteroidia;o__Bacteroidales;f__Bacteroidaceae;g__Bacteroides;s__Bacteroides_stercoris	-0.0197521948581	0.0096374293768	0.00890681861243	-0.0211669865228	1.0	-0.0039700654689	0.0187617378959	0.0216854130817	0.00478226287298	0.0126083184366	-0.0335948621028	-0.0164427712753	0.0480807798625	-0.0143110942105	-0.022363564803	0.000561028253111	-0.0412335406614	0.0256588177206	0.0119341049946	-0.0423614070215	0.00475473500703	-0.00776273401449	-0.0137350539057	-0.0288579510148	-0.00843063974625	-0.0516870749395	-0.0651195140959	0.0221881618973	0.025593696568	0.0322556628098	0.00373830621662	-0.000935395495451	0.0198174349871	0.0174830315929	-0.0412513030743	-0.0107118152221	-0.001589352511	0.0116843725354	0.0323330470075	-0.0389197371757	-0.0352124915109	-0.020686518443	-0.00670172952448	0.029790724072	-0.0303712880866	-0.0026148661205	0.010158667718	-0.0158822826264	0.0160470188868	-0.0558477223259	0.00368602089839	0.0354193177963	-0.0489046153998	-0.0205878379771	-0.0596568793001	0.0595562558625	-0.0385182036845	-0.032791030469	0.0472886248118
k__Bacteria;p__Bacteroidetes;c__Bacteroidia;o__Bacteroidales;f__Bacteroidaceae;g__Bacteroides;s__Bacteroides_ovatus	0.00418610664074	0.0709689048078	-0.0160452766854	-0.00858558003075	-0.0039700654689	1.0	0.0114021981438	-0.0100753121537	-0.00151193513753	0.00312285852738	-0.0133662586196	-0.0126161340342	0.00134692726922	-0.027365852952	0.0163909926454	-0.0176069266343	-0.0450688573766	-0.0469754195982	-0.00132571073179	-0.0199423422715	0.00630393890828	-0.0683261737566	-0.049669043815	0.0354023395855	-0.0211681436145	-0.0352158126658	-0.0480468214229	-0.00173973300301	0.0190357425074	0.0373834848013	0.0412395692105	-0.0344149800038	-0.046020666515	0.0292696835755	0.0211236658157	0.0183126997817	0.0549091852225	0.0131847896899	-0.00392033004716	-0.0196817684096	-0.02961339555	-0.0118761749351	-0.0127811724211	-0.0312682307489	-0.0547894419576	-0.0268943451905	-0.00445981285197	0.039305801272	-0.00318851508484	0.0431897345871	0.00357022556721	-0.0225054862887	-0.0551233752438	-0.0146506199103	0.0127922623365	-0.00944175069746	0.0366510632517	0.0173750422878	-0.073858642733
k__Bacteria;p__Bacteroidetes;c__Bacteroidia;o__Bacteroidales;f__Rikenellaceae;g__Alistipes;s__Alistipes_shahii	-0.0345300228193	-0.0608898306052	0.00648991420063	0.00530388824918	0.0187617378959	0.0114021981438	1.0	-0.0590526696317	0.0161822576365	0.0393157509716	0.00181299705246	-0.0543483908638	-0.0148390892658	0.033131941699	-0.0242189359166	0.0201997964492	-0.00548583541713	0.0120256492789	0.0186977565524	-0.0214285734863	0.0259914724327	-0.00976743672864	-0.0502155357656	0.0492662157225	-0.0226325295067	-0.0516815984807	-0.00560322704219	-0.0399887924674	0.0568482138094	-0.0459285106504	-0.0547973483621	0.0548233611493	0.0253551109502	-0.0461569933284	0.050709127167	0.0148938063515	0.0199879290459	-0.0160389462347	0.00376739268943	-0.0184371227744	0.0059279298805	-0.0373666975977	-0.00476484744934	-0.0213337690344	-0.0782469728609	0.0207706274278	-0.045779867778	-0.0339972921011	0.0227892972148	0.0183998103737	-0.0546411771698	0.025177558175	-0.0140862364742	-0.0299106259334	-0.0167354542532	-0.00295146920025	0.0117242870575	0.023839957797	-0.00925152770815
k__Bacteria;p__Firmicutes;c__Clostridia;o__Clostridiales;f__Ruminococcaceae;g__Faecalibacterium;s__Faecalibacterium_prausnitzii	0.0151529478347	0.0109898762056	-0.0260812170439	-0.00285858107929	0.0216854130817	-0.0100753121537	-0.0590526696317	1.0	-0.0534709811152	-0.0369339629434	-0.031154278853	-0.0159562446922	-0.0305350298991	0.0333719962161	0.0116923936747	-0.00565716525205	-0.0767074326441	0.0195478405923	0.0485937152298	0.0442596982579	-0.00538160605422	-0.00847279076965	0.032213312668	0.0229003938852	0.0134513743963	-0.0808421200174	-0.00537156319054	-0.0344638917216	-0.00487922526357	0.00237323321442	0.0111738041271	-0.0556139953806	0.0393474650002	-0.0117423084447	0.0571740158256	0.019067303032	0.00319107071177	-0.0381094051331	0.0657423081979	0.0192295436059	-0.0490293906175	-0.0126923385888	0.0373682748211	0.0437866998074	0.0269439193646	-0.0551326671876	-0.0482505834508	-0.036183997412	0.031101017772	-0.027441551642	-1.99235059556e-05	0.0291983241773	-0.0396731396737	0.0451924148231	0.00546958549674	0.0168785312374	0.036070819716	-0.00683831010895	-0.0768191528757
k__Bacteria;p__Bacteroidetes;c__Bacteroidia;o__Bacteroidales;f__Rikenellaceae;g__Alistipes;s__Alistipes_finegoldii	-0.00555375964997	0.000749070830385	0.0162008683055	0.0549590156727	0.00478226287298	-0.00151193513753	0.0161822576365	-0.0534709811152	1.0	0.0344820475714	-0.0247915099238	0.00719985699739	-0.00644902509201	-0.0651969188569	0.055504653459	-0.0816951822519	-0.0169096354131	-0.0515294342435	0.0709328785972	-0.00460026195012	0.0292634186295	0.0283690076318	-0.00473820998124	0.0487493807586	0.0295520191454	-0.00534721272064	-0.0191214064324	-0.00533391280477	0.00626151846995	0.0177516498055	-0.0301187653944	-0.0219315029978	-0.0531139192258	-0.00459684773627	0.0334736823007	0.0141630471573	-0.0362762810608	-0.03225342862	-0.0238332109252	0.0187883360004	-0.0173145135723	0.00263377501171	-0.0243664565299	-0.0461094508054	-0.016093028379	0.00919225262626	-0.00393222463885	-0.0100776551568	-0.0180242598364	0.0206284460371	0.0146339807918	0.0411965520072	0.0169252570328	0.0445981830766	-0.0432641719644	-0.0796347519518	-0.0572549906237	-0.0337483530699	0.0135618511378
k__Bacteria;p__Bacteroidetes;c__Bacteroidia;o__Bacteroidales;f__Porphyromonadaceae;g__Parabacteroides;s__Parabacteroides_distasonis	-0.0185932089778	-0.0271727367097	0.0127932007359	-0.0175977911725	0.0126083184366	0.00312285852738	0.0393157509716	-0.0369339629434	0.0344820475714	1.0	0.0318192484594	-0.0344417582623	-0.0173206049123	0.0231748662349	-0.0189942096925	-0.0358206025418	-0.0397804070632	0.0332012969598	-0.00271527929751	-0.0137098706334	0.00376428010018	0.026863620681	0.00330375044252	0.0272356458354	0.00332265786194	-0.0139594152148	-0.0108637648198	-0.00832055559821	-0.0201301929188	0.038559603772	-0.0261245995237	-0.0148672881917	0.0279596695328	0.00857331221106	0.0383583367729	0.0117329474342	-0.0256047686044	0.0129659173738	-0.00863648898953	-0.0773790931131	-0.00885657554515	0.0185258965896	-0.0499616651456	-0.0364180557591	-0.0124021192121	0.0366655454148	-0.012630502375	-0.0140297450998	-0.065347864319	-0.0128878773131	0.0152550245801	-0.000703936775654	-0.0613091705293	0.0233303805788	0.00861812661028	0.00326084222224	-0.0070323328912	-0.0513880775515	0.0677339040727
k__Bacteria;p__Bacteroidetes;c__Bacteroidia;o__Bacteroidales;f__Bacteroidaceae;g__Bacteroides;s__Bacteroides_thetaiotaomicron	-0.0131606548072	-0.0120421575655	0.0185603181742	-5.54647280882e-05	-0.0335948621028	-0.0133662586196	0.00181299705246	-0.031154278853	-0.0247915099238	0.0318192484594	1.0	-0.0294682353007	0.0302325386622	-0.0027358691417	0.0720183621551	-0.04428459166	-0.0119344920585	0.013880087783	-0.0124946646897	-0.0144980678142	0.0131992995407	-0.0110342735568	-0.0590066109245	-0.0109973990089	0.0457978087532	-0.0649291338099	-0.0344261144624	0.0182555679928	-0.015971120715	0.0457690718459	0.00424457125092	-0.0166040332828	0.00321561765735	-0.0571151453758	-0.0455533967577	0.00904113812422	-0.0217195675248	-0.0780112237455	0.0113964296962	-0.0237771819707	-0.000853859609941	-0.0226955762649	0.0420104991264	-0.0369620521812	0.0341638353165	0.02645074697	-0.0472552010164	-0.015026604938	-0.0451210987844	0.0139518463369	-0.0369362154559	-0.00359474006114	0.0344150586234	-0.0124745913799	-0.00437886150429	-0.0268742293534	-0.0325295598267	-0.0405156332319	-0.00820886223943
k__Bacteria;p__Bacteroidetes;c__Bacteroidia;o__Bacteroidales;f__Bacteroidaceae;g__Bacteroides;s__Bacteroides_coprocola	0.00308723529939	-0.0029445116077	-0.0344886216557	0.0264840144504	-0.0164427712753	-0.0126161340342	-0.0543483908638	-0.0159562446922	0.00719985699739	-0.0344417582623	-0.0294682353007	1.0	0.00781949326387	0.0126914375902	-0.0147425939374	0.0368435878932	0.0245604241799	-0.0219996982574	0.0094938605302	0.0285324818557	-0.0496698122323	0.00259800583302	0.0177024809594	0.0182702541411	-0.0226569079642	-0.00990935891651	-0.0265947979195	-0.0383529954574	-0.034408294873	-0.0311120837167	-0.0236497945549	0.0197804342883	-0.0466674849069	0.0200422115263	0.00635482888401	0.00893174592504	0.0213049500257	0.0104279357872	-0.0143783794945	-0.00234596321371	-0.00897192657874	0.0564409910311	-0.0180536003384	-0.0277077970832	-0.0713359276276	-0.027875545573	-0.00663691884794	-0.0589720391335	-0.0494776249884	-0.0532160186524	0.072913770406	-0.0993296643463	0.0122707839983	-0.00189018261212	0.00166790775266	0.00465296773754	-0.0635608860214	-0.0345867093606	0.0140617561964
k__Bacteria;p__Bacteroidetes;c__Bacteroidia;o__Bacteroidales;f__Bacteroidaceae;g__Bacteroides;s__Bacteroides_cellulosilyticus	0.0775476213724	-0.0160441943845	-0.0476672242269	-0.0366493242579	0.0480807798625	0.00134692726922	-0.0148390892658	-0.0305350298991	-0.00644902509201	-0.0173206049123	0.0302325386622	0.00781949326387	1.0	0.0307172372803	-0.013947062021	-0.0873430419808	-0.0520873463486	0.00895846838013	-0.0333338859133	0.0266295177541	-0.0037256891167	-0.0377566113528	0.0439482074859	-0.0491612144362	0.0570359314092	0.0235004951807	0.0319048297905	0.00370616695874	-0.0220594391552	-8.39785079091e-05	-0.032135629935	-0.00647226445899	0.0150492720503	0.0466743598525	0.00152050792274	-0.044226186091	-0.0122510888895	-0.00995467424374	0.0246791095588	-0.0146150774893	-0.0402214350046	-0.00688398433278	0.0284674653198	0.00488546295917	-0.0710466382305	0.0389354674862	0.0286886250921	-0.0330747896471	-0.0584514405044	-0.00259597215272	-0.0563720317231	0.0446698686563	-0.0224969227487	-0.00512889411046	0.0152049280375	0.0582108263514	0.0130890286637	0.0450166322649	-0.0527781451558
k__Bacteria;p__Bacteroidetes;c__Bacteroidia;o__Bacteroidales;f__Rikenellaceae;g__Alistipes;s__Alistipes_obesi	0.0193664369724	-0.00595609227846	-0.00361769444604	0.0470526142111	-0.0143110942105	-0.027365852952	0.033131941699	0.0333719962161	-0.0651969188569	0.0231748662349	-0.0027358691417	0.0126914375902	0.0307172372803	1.0	-0.0308763948456	0.0238815195213	-0.00407967708196	0.0071424812015	-0.0129565624856	0.0477841228297	-0.0333731842661	0.0328784307489	0.0176809209079	-0.0015699903753	0.019352296841	-0.0124972158427	0.0106584698279	-0.0381887533048	-0.035474657188	-0.0616125649656	0.00671753819605	-0.0165513524476	0.000889753800193	-0.0192115471328	0.0410524661055	0.0108437578673	-0.010913117454	-0.0131156462017	-0.0393447710442	0.00711934075681	0.019479800312	-0.0172492871748	-0.0593248394015	0.0023408200491	-0.031578407713	-0.0120971222913	-0.0309448344573	-0.03147669824	0.0193700836797	-0.0360282869615	-0.0018007379833	-0.0165383494719	-0.00171485274641	-0.0527798170361	-0.016909276529	-0.0254540773705	-0.027793891458	-0.0160452385477	-0.0122616193568
k__Bacteria;p__Firmicutes;c__Clostridia;o__Clostridiales;f__Lachnospiraceae;g__;s__[Eubacterium]_rectale	-0.0160468726833	-0.0141062237862	0.0413924179234	-0.0505938834469	-0.022363564803	0.0163909926454	-0.0242189359166	0.0116923936747	0.055504653459	-0.0189942096925	0.0720183621551	-0.0147425939374	-0.013947062021	-0.0308763948456	1.0	-0.055801125234	0.0333160443854	0.0139376758515	0.0216621834929	-0.00445346691988	-0.0112167735363	0.0332807076272	0.00340943320983	-0.0366071243155	-0.0452519023203	-0.0478724368047	-0.0587964257359	-0.0780220493003	-0.00274697319469	0.000579355066794	0.0209519296918	-0.017086733239	-0.0142333077343	-0.0389181108628	-0.0137304209835	-0.025683626138	0.0521424410824	-0.0190638468088	-0.0425792135569	0.0138003173824	0.00909961840725	-0.0456644382995	-0.0548968019796	0.0558683330211	-0.0143825226416	0.0198036838531	0.00446241983637	0.0819575638712	-0.0153308126929	-0.0338037531683	-0.00472236623631	-0.0377130023936	-0.0202680068183	-0.0478186349747	0.0386160008766	-0.0235591116704	0.0232431514205	-0.0688541430918	-0.0909224531162
k__Bacteria;p__Bacteroidetes;c__Bacteroidia;o__Bacteroidales;f__Bacteroidaceae;g__Bacteroides;s__Bacteroides_plebeius	-0.00411247303285	0.0182796046176	0.00260516685231	-0.0165870161673	0.000561028253111	-0.0176069266343	0.0201997964492	-0.00565716525205	-0.0816951822519	-0.0358206025418	-0.04428459166	0.0368435878932	-0.0873430419808	0.0238815195213	-0.055801125234	1.0	0.044441320197	0.00718623132715	-0.017709832911	0.00569433614804	-0.00902671392779	-0.0081797564988	0.00487436805722	0.0365833180208	0.0478854049149	-0.0063462364223	-0.0172336568787	-0.0139378223846	-0.00770502611145	0.0267285339017	-0.0359724248409	0.0143691652227	0.0300665595616	-0.0164011591319	0.0481376155991	-0.013762564024	0.0143516382959	-0.0309196774874	-0.0372137565483	0.0441813567259	-0.0128528470457	-0.072276232551	-0.0437979543561	-0.0180994028245	-0.00793168887926	0.0295706686725	-0.00164852624658	-0.0275971675942	-0.0279334361493	-0.016667298221	0.000809186473299	-0.00247874705382	0.0331671790961	0.040932535179	-0.151645397214	-0.010508854883	-0.0507818290806	-0.0190041771397	-0.0131766726278
k__Bacteria;p__Bacteroidetes;c__Bacteroidia;o__Bacteroidales;f__Bacteroidaceae;g__Bacteroides;s__Bacteroides_fragilis	-0.0222030616401	-0.0203218629366	-0.061099665463	0.00432037202591	-0.0412335406614	-0.0450688573766	-0.00548583541713	-0.0767074326441	-0.0169096354131	-0.0397804070632	-0.0119344920585	0.0245604241799	-0.0520873463486	-0.00407967708196	0.0333160443854	0.044441320197	1.0	-0.0171069086467	-0.0663775569843	0.00275830195013	-0.0292426405829	-0.0203559439481	-0.026617658982	0.0185641034901	-0.00307209959839	0.0513656683692	0.0117853331451	0.0349704640791	0.019777676758	-0.0258639400715	0.0117159194844	-0.0451162021337	0.0355823912436	-0.0275509321027	0.0122754523907	0.0179487279871	-0.0352076727711	-0.0273347230967	0.0759525700298	0.0136794153563	-0.0238710916283	-0.073124532249	0.00575941674581	0.021979086241	0.0167922033379	-0.0261006111216	-0.0247890000719	-0.0579809753038	-0.00501454598203	-0.0111437625377	0.00927328284271	0.0183610138126	0.0677793866956	-0.0195288480111	-0.019897341589	0.0183626071391	-0.00731593654931	-0.0294057589477	-0.0333773004216
k__Bacteria;p__Proteobacteria;c__Betaproteobacteria;o__Burkholderiales;f__Sutterellaceae;g__Sutterella;s__Sutterella_wadsworthensis	-0.0171280584659	-0.0335297315121	0.00253875718113	0.0369893995639	0.0256588177206	-0.0469754195982	0.0120256492789	0.0195478405923	-0.0515294342435	0.0332012969598	0.013880087783	-0.0219996982574	0.00895846838013	0.0071424812015	0.0139376758515	0.00718623132715	-0.0171069086467	1.0	-0.0312997990189	0.0767846492282	-0.0497071799207	-0.0220189539269	-0.0306546255082	-0.0253880700332	0.0075613463685	-0.05263157039	0.0629218916954	0.00206068180475	-0.00131306989396	-0.0484284479596	-0.00216518061104	-0.00389725431435	-0.0134455380401	-0.0552570837385	0.0582308470827	-0.000493827430066	-0.0384314359649	-0.023808318245	0.000555222269868	0.00640521087933	0.00699185765226	0.0283996539533	0.00189886762859	0.00899781643985	-0.0372101449795	-0.00556401806676	0.0201005588536	-0.00938044057101	-0.00854046444585	-0.077669636532	-0.0401797875998	-0.024121557905	-0.0014977668936	0.0612808829225	-0.0397546707277	-0.0255935545856	-0.0671357129864	0.0145743388321	-0.0534483895337
k__Bacteria;p__Bacteroidetes;c__Bacteroidia;o__Bacteroidales;f__Porphyromonadaceae;g__Barnesiella;s__Barnesiella_intestinihominis	-0.00316262178118	0.020774783554	-0.0384322532203	-0.00985405217099	0.0119341049946	-0.00132571073179	0.0186977565524	0.0485937152298	0.0709328785972	-0.00271527929751	-0.0124946646897	0.0094938605302	-0.0333338859133	-0.0129565624856	0.0216621834929	-0.017709832911	-0.0663775569843	-0.0312997990189	1.0	-0.00284471107575	0.0155708253866	-0.018003436447	-0.0346388257546	-0.0331263417101	-0.0390446262407	0.0145703857286	7.81826946608e-05	-0.0291769721547	0.0584205975018	-0.0747606506566	-0.00174058930051	0.00154058412002	-0.0632327941743	0.00489079863266	-0.0335712245274	-0.0880397018259	0.00688203087179	-0.000169136719499	-0.00885675513619	0.000571904471835	-0.0234684120447	0.0302759989866	-0.0603569069063	-0.0692895005624	0.00139539510535	-0.0122224431313	0.00919282734619	-0.0472819931437	0.0153738286586	0.0310131812347	0.0294995659942	0.016789089717	-0.00544947199276	0.0709051764962	-0.00780246188657	0.0266192884226	-0.0534236507047	-0.0525603772148	-0.0733258793106
k__Bacteria;p__Bacteroidetes;c__Bacteroidia;o__Bacteroidales;f__Odoribacteraceae;g__Odoribacter;s__Odoribacter_splanchnicus	0.0328749457648	-0.0787671288099	-0.0104200038691	-0.00882144544619	-0.0423614070215	-0.0199423422715	-0.0214285734863	0.0442596982579	-0.00460026195012	-0.0137098706334	-0.0144980678142	0.0285324818557	0.0266295177541	0.0477841228297	-0.00445346691988	0.00569433614804	0.00275830195013	0.0767846492282	-0.00284471107575	1.0	0.0156805201905	-0.0332535082178	-0.0586749600664	-0.0192673745551	-0.000299384033765	0.0140359720808	0.0399891646712	0.00044420516964	0.0308198162336	-0.00236147405624	0.035349247556	-0.0184302799312	-0.0214733840983	-0.0166982088732	-0.0224993586679	0.00144538228854	-0.0332061050786	-0.0148624426198	-0.00954552890507	-0.0343850753567	0.0148839742629	-0.0145261883483	0.0249509929194	0.0078001352172	0.0207250014928	-0.0110576542494	0.0356915898349	-0.0120820023444	0.00861047968139	0.00913842798874	-0.0267925308228	0.0072594391032	0.00292486747867	0.0382016678246	-0.00505061138576	-0.0739303029534	-0.0551838808677	-0.0322933306422	-0.0403775898013
k__Bacteria;p__Bacteroidetes;c__Bacteroidia;o__Bacteroidales;f__Bacteroidaceae;g__Bacteroides;s__Bacteroides_salyersiae	-0.020654769182	0.0263682362437	-0.0144979177157	-0.0624074908663	0.00475473500703	0.00630393890828	0.0259914724327	-0.00538160605422	0.0292634186295	0.00376428010018	0.0131992995407	-0.0496698122323	-0.0037256891167	-0.0333731842661	-0.0112167735363	-0.00902671392779	-0.0292426405829	-0.0497071799207	0.0155708253866	0.0156805201905	1.0	-0.0390970833285	0.00726775647237	-0.0092486772199	0.0122782233997	-0.0160281054777	-0.0394460342267	-0.00300073037807	-0.0324185151866	-0.00510255298641	-0.0421993823927	-0.0165404018997	-0.0132902194338	-0.0320796940233	-0.0972822094921	-0.088792820563	0.00395758532451	0.0630343049626	0.0546827998709	-0.0456270997735	-0.0207861824365	-0.00570704089601	-0.0301180341153	0.0193125240919	-0.0585142049112	0.0576265017741	-0.0429669633923	-0.00918368577928	-0.013140726117	0.0129949395723	-0.0660405376228	0.00858954007284	0.00356043317696	-0.00984560714619	0.0118118396098	0.0576659320279	0.0375668432011	0.0478277247377	-0.0193543031563
k__Bacteria;p__Firmicutes;c__Clostridia;o__Clostridiales;f__Ruminococcaceae;g__Ruminiclostridium;s__[Eubacterium]_siraeum	-0.0315827312671	-0.0476760875671	0.0225815956443	-0.0194760215493	-0.00776273401449	-0.0683261737566	-0.00976743672864	-0.00847279076965	0.0283690076318	0.026863620681	-0.0110342735568	0.00259800583302	-0.0377566113528	0.0328784307489	0.0332807076272	-0.0081797564988	-0.0203559439481	-0.0220189539269	-0.018003436447	-0.0332535082178	-0.0390970833285	1.0	-0.0517695251072	-0.0517789836483	-0.00181183336475	0.0132345300838	0.0645657970024	-0.0478158942451	-0.0149393722201	0.0479388259527	0.009838397123	-0.0873357152332	0.0426004287869	-0.0378899182927	-0.028786672893	-0.0775997713256	-0.00641930288853	-0.0395388749325	-0.0143313525379	-0.0151596085059	0.0791462163257	0.0204650229211	-0.0132964353667	0.013848196265	-0.0636286819133	0.000493124724955	0.0249122625241	0.00969180386113	0.00835596607391	-0.0503854559118	0.00223215387512	0.015211036545	0.0176741361021	-0.0116124519015	0.038670336974	-0.00890294943819	0.0209261813382	0.00969852183593	0.0319249667167
k__Bacteria;p__Proteobacteria;c__Betaproteobacteria;o__Burkholderiales;f__Sutterellaceae;g__Parasutterella;s__Parasutterella_excrementihominis	0.0138287151481	0.060352206247	0.00324024026437	0.005651255655	-0.0137350539057	-0.049669043815	-0.0502155357656	0.032213312668	-0.00473820998124	0.00330375044252	-0.0590066109245	0.0177024809594	0.0439482074859	0.0176809209079	0.00340943320983	0.00487436805722	-0.026617658982	-0.0306546255082	-0.0346388257546	-0.0586749600664	0.00726775647237	-0.0517695251072	1.0	0.0331962696122	-0.0173209906973	0.0373751839522	-0.00491601301514	-0.0313159663125	0.017625155039	-0.0757594397773	0.00793126449025	0.0231413966001	0.0377883210409	-0.00791138577526	-0.0447413795612	-0.0318836471156	0.006089558632	-0.0122957101764	0.0127617062192	-0.0130209926538	0.035369878028	-0.00957479781281	-0.00174684290513	-0.0741693881602	0.00195555500987	0.00810538812843	0.00977299810929	-0.0195570439782	-0.022693761186	-0.0210226754317	-0.0559914662991	-0.0433128429654	0.080306300712	0.0317408384656	0.0214236985593	-0.0374666209918	-0.0166158054221	-0.0472993864152	-0.023773169369
k__Bacteria;p__Actinobacteria;c__Actinobacteria;o__Bifidobacteriales;f__Bifidobacteriaceae;g__Bifidobacterium;s__Bifidobacterium_adolescentis	-0.0671441948862	-0.0187860525837	-0.0748105819939	-0.0261985951418	-0.0288579510148	0.0354023395855	0.0492662157225	0.0229003938852	0.0487493807586	0.0272356458354	-0.0109973990089	0.0182702541411	-0.0491612144362	-0.0015699903753	-0.0366071243155	0.0365833180208	0.0185641034901	-0.0253880700332	-0.0331263417101	-0.0192673745551	-0.0092486772199	-0.0517789836483	0.0331962696122	1.0	0.0146764050676	-0.0144102046461	-0.0586045504058	0.0290115613823	-0.0099887011488	-0.0427266770456	0.0123370634054	0.00775670213245	-0.00639081454114	0.0663183655869	0.00628717827796	0.00536752555094	0.0284603160115	-0.0357019044048	0.0146146069084	-0.0215873466816	-0.00568322510119	-0.010303538307	-0.00684900958271	-0.0220046222736	0.0318521728028	-0.0202271734779	-0.0195096184453	-0.0186945173598	-0.0749056816218	0.0166049854736	0.0227152621681	-0.0119595765204	-0.0169180029169	-0.0159127051474	0.0610611966014	-0.023947943074	-0.00358356424157	-0.0210957041583	0.00442226426291
k__Bacteria;p__Firmicutes;c__Clostridia;o__Clostridiales;f__Oscillospiraceae;g__Oscillibacter;s__Oscillibacter_sp._KLE_1745	0.0456435732231	-0.0622133649331	-0.0375134450164	-0.0149093680955	-0.00843063974625	-0.0211681436145	-0.0226325295067	0.0134513743963	0.0295520191454	0.00332265786194	0.0457978087532	-0.0226569079642	0.0570359314092	0.019352296841	-0.0452519023203	0.0478854049149	-0.00307209959839	0.0075613463685	-0.0390446262407	-0.000299384033765	0.0122782233997	-0.00181183336475	-0.0173209906973	0.0146764050676	1.0	0.0192788170575	0.0156447762883	0.000138284553363	0.00743778580796	-0.0539961009395	-0.00604943917597	-0.0327269768295	-0.0848124786416	0.00159333722995	0.00730081655573	-0.0250322616765	0.0169751770868	0.00128636031395	-0.0440711215754	-0.0393301748675	-0.0291825826436	-0.0363738986977	4.88425855227e-05	-0.0174969255985	0.00580467358682	0.0232797223033	-0.00737268145175	0.00872682312407	-0.0138308649343	-0.00540593567486	0.0670801753944	0.000905659574772	-0.0147909583525	0.0356410223448	0.0095143145183	-0.0146811008062	-0.036931271734	0.0189210797997	-0.0517776630223
k__Bacteria;p__Bacteroidetes;c__Bacteroidia;o__Bacteroidales;f__Bacteroidaceae;g__Bacteroides;s__Bacteroides_coprophilus	0.0210437371038	-0.034906107298	0.0335687286449	-0.0531643041617	-0.0516870749395	-0.0352158126658	-0.0516815984807	-0.0808421200174	-0.00534721272064	-0.0139594152148	-0.0649291338099	-0.00990935891651	0.0235004951807	-0.0124972158427	-0.0478724368047	-0.0063462364223	0.0513656683692	-0.05263157039	0.0145703857286	0.0140359720808	-0.0160281054777	0.0132345300838	0.0373751839522	-0.0144102046461	0.0192788170575	1.0	-0.0718752187865	-0.033722546719	-0.0373081228056	-0.00954382893007	-0.0451498996354	-0.0212885066151	0.0226838607834	0.0212118475404	-0.0174374549172	0.0189232780482	0.0289455796469	-0.0374371968107	0.041521342977	0.0114806264773	-0.00596139407572	-0.0196767249113	-0.000996380436284	-0.0619787470134	0.0371311025148	0.017160849859	0.0108120867406	0.0109946296339	0.00797830580194	-0.0264733308038	0.0119768801921	0.0255761338352	0.0190354922759	-0.0111629797226	0.00446963654272	0.00348481367667	0.0531642388743	-0.00102501118848	-0.050304830136
k__Bacteria;p__Firmicutes;c__Clostridia;o__Clostridiales;f__Lachnospiraceae;g__Roseburia;s__Roseburia_intestinalis	-0.0183367432594	0.00448545343255	-0.0115667121832	-0.0339111621321	-0.0651195140959	-0.0480468214229	-0.00560322704219	-0.00537156319054	-0.0191214064324	-0.0108637648198	-0.0344261144624	-0.0265947979195	0.0319048297905	0.0106584698279	-0.0587964257359	-0.0172336568787	0.0117853331451	0.0629218916954	7.8182694661e-05	0.0399891646712	-0.0394460342267	0.0645657970024	-0.00491601301514	-0.0586045504058	0.0156447762883	-0.0718752187865	1.0	-0.0326764347302	0.00491319457856	-0.0291508642439	0.0241703469102	-0.0459862011001	-0.0522461449861	-0.00563668399432	-0.0566921439843	-0.00765390070594	0.00464660398604	0.00633513378383	0.0322392766422	0.0321369777037	0.00278248868624	-0.0344271669289	0.00212871958694	0.0306309668603	-0.020547715042	0.0433278684194	-0.00571711608606	-0.0325396595539	-0.0192239476023	-0.0292612869953	-0.0293495586162	-0.0294333234601	0.0148717029821	-0.0377941066245	0.0552659729008	0.0282081534342	0.00666336618381	-0.0540610461892	-0.0030084116519
k__Bacteria;p__Firmicutes;c__Clostridia;o__Clostridiales;f__Lachnospiraceae;g__Roseburia;s__Roseburia_hominis	-0.00723535824604	-0.00650774643872	0.0649076969383	-0.0321645861971	0.0221881618973	-0.00173973300301	-0.0399887924674	-0.0344638917216	-0.00533391280477	-0.00832055559821	0.0182555679928	-0.0383529954574	0.00370616695874	-0.0381887533048	-0.0780220493003	-0.0139378223846	0.0349704640791	0.00206068180475	-0.0291769721547	0.00044420516964	-0.00300073037807	-0.0478158942451	-0.0313159663125	0.0290115613823	0.000138284553363	-0.033722546719	-0.0326764347302	1.0	-0.0659735464132	-0.0171991824006	0.000520656388558	-0.0650181017231	0.0145678673031	0.0110695015153	0.0793699817998	-0.0101298405565	0.0165213501161	0.00813804579893	-0.0392640188538	-0.00977635826085	0.00903247458098	-0.0503918570382	-0.0394554916568	-0.0165898457938	-0.00134827981194	0.0182696432599	-0.0437136256909	-0.0144594165313	-0.0187956714925	-0.0298668753913	0.00501311671143	-0.0145510124945	0.022118069618	-0.049362585477	0.0122101599285	-0.0144907194039	0.0319067644733	-0.0229506583979	0.0426089879739
k__Bacteria;p__Bacteroidetes;c__Bacteroidia;o__Bacteroidales;f__Porphyromonadaceae;g__Parabacteroides;s__Parabacteroides_johnsonii	0.0139182810762	-0.027081540321	-0.0151768778186	0.00690262062268	0.025593696568	0.0190357425074	0.0568482138094	-0.00487922526357	0.00626151846995	-0.0201301929188	-0.015971120715	-0.034408294873	-0.0220594391552	-0.035474657188	-0.00274697319469	-0.00770502611145	0.019777676758	-0.00131306989396	0.0584205975018	0.0308198162336	-0.0324185151866	-0.0149393722201	0.017625155039	-0.0099887011488	0.00743778580796	-0.0373081228056	0.00491319457856	-0.0659735464132	1.0	-0.0670952759106	-0.00471893765912	0.0240596999138	0.0135029354686	-0.0096386064262	-0.00920196115231	-0.0301317195843	-0.0338500942272	-0.00608626776104	-0.00523860708282	-0.0609253616782	-0.000687932208157	-0.00844077807329	0.0553563762943	-0.0147136249501	-0.0276878273945	-0.0281104181162	0.0282002149679	-0.0140229128436	-0.00988948653791	-0.0200646281632	0.00281267927336	-0.0195420300023	-0.0302630469411	0.0246480541848	-0.0349629970958	-0.0109022747531	-0.0823700429234	-0.0317194784823	0.0326519661689
k__Bacteria;p__Actinobacteria;c__Actinobacteria;o__Bifidobacteriales;f__Bifidobacteriaceae;g__Bifidobacterium;s__Bifidobacterium_longum	-0.0188035692089	-0.00573982643278	0.0405344480952	-0.0184448262856	0.0322556628098	0.0373834848013	-0.0459285106504	0.00237323321442	0.0177516498055	0.038559603772	0.0457690718459	-0.0311120837167	-8.3978507909e-05	-0.0616125649656	0.000579355066794	0.0267285339017	-0.0258639400715	-0.0484284479596	-0.0747606506566	-0.00236147405624	-0.00510255298641	0.0479388259527	-0.0757594397773	-0.0427266770456	-0.0539961009395	-0.00954382893007	-0.0291508642439	-0.0171991824006	-0.0670952759106	1.0	0.0126051513188	-0.0231939510949	-0.0646489515798	-0.00185054100853	-0.0057006384833	0.026048062516	0.00857510941881	0.0201396163695	0.000585334379159	-0.0493131359813	0.0102292014913	0.025623117098	-0.0129285172512	-0.00103448425808	0.000147720707177	0.00421868845266	0.0329099944591	-0.00507261749587	0.0285896555427	-0.0538033504456	0.0261785313118	0.00445841464704	-0.0110956063013	-0.0309063084379	0.0144125483725	0.038807738164	0.00747569675265	-0.00486645828442	0.0195433951806
