#taxonomy	k__Bacteria;p__Bacteroidetes;c__Bacteroidia;o__Bacteroidales;f__Bacteroidaceae;g__Bacteroides;s__Bacteroides_vulgatus	k__Bacteria;p__Bacteroidetes;c__Bacteroidia;o__Bacteroidales;f__Bacteroidaceae;g__Bacteroides;s__Bacteroides_uniformis	k__Bacteria;p__Bacteroidetes;c__Bacteroidia;o__Bacteroidales;f__Rikenellaceae;g__Alistipes;s__Alistipes_putredinis	k__Bacteria;p__Bacteroidetes;c__Bacteroidia;o__Bacteroidales;f__Prevotellaceae;g__Prevotella;s__Prevotella_copri	k__Bacteria;p__Bacteroidetes;c__Bacteroidia;o__Bacteroidales;f__Bacteroidaceae;g__Bacteroides;s__Bacteroides_stercoris	k__Bacteria;p__Bacteroidetes;c__Bacteroidia;o__Bacteroidales;f__Bacteroidaceae;g__Bacteroides;s__Bacteroides_ovatus	k__Bacteria;p__Bacteroidetes;c__Bacteroidia;o__Bacteroidales;f__Rikenellaceae;g__Alistipes;s__Alistipes_shahii	k__Bacteria;p__Firmicutes;c__Clostridia;o__Clostridiales;f__Ruminococcaceae;g__Faecalibacterium;s__Faecalibacterium_prausnitzii	k__Bacteria;p__Bacteroidetes;c__Bacteroidia;o__Bacteroidales;f__Rikenellaceae;g__Alistipes;s__Alistipes_finegoldii	k__Bacteria;p__Bacteroidetes;c__Bacteroidia;o__Bacteroidales;f__Porphyromonadaceae;g__Parabacteroides;s__Parabacteroides_distasonis	k__Bacteria;p__Bacteroidetes;c__Bacteroidia;o__Bacteroidales;f__Bacteroidaceae;g__Bacteroides;s__Bacteroides_thetaiotaomicron	k__Bacteria;p__Bacteroidetes;c__Bacteroidia;o__Bacteroidales;f__Bacteroidaceae;g__Bacteroides;s__Bacteroides_coprocola	k__Bacteria;p__Bacteroidetes;c__Bacteroidia;o__Bacteroidales;f__Bacteroidaceae;g__Bacteroides;s__Bacteroides_cellulosilyticus	k__Bacteria;p__Bacteroidetes;c__Bacteroidia;o__Bacteroidales;f__Rikenellaceae;g__Alistipes;s__Alistipes_obesi	k__Bacteria;p__Firmicutes;c__Clostridia;o__Clostridiales;f__Lachnospiraceae;g__;s__[Eubacterium]_rectale	k__Bacteria;p__Bacteroidetes;c__Bacteroidia;o__Bacteroidales;f__Bacteroidaceae;g__Bacteroides;s__Bacteroides_plebeius	k__Bacteria;p__Bacteroidetes;c__Bacteroidia;o__Bacteroidales;f__Bacteroidaceae;g__Bacteroides;s__Bacteroides_fragilis	k__Bacteria;p__Proteobacteria;c__Betaproteobacteria;o__Burkholderiales;f__Sutterellaceae;g__Sutterella;s__Sutterella_wadsworthensis	k__Bacteria;p__Bacteroidetes;c__Bacteroidia;o__Bacteroidales;f__Porphyromonadaceae;g__Barnesiella;s__Barnesiella_intestinihominis	k__Bacteria;p__Bacteroidetes;c__Bacteroidia;o__Bacteroidales;f__Odoribacteraceae;g__Odoribacter;s__Odoribacter_splanchnicus	k__Bacteria;p__Bacteroidetes;c__Bacteroidia;o__Bacteroidales;f__Bacteroidaceae;g__Bacteroides;s__Bacteroides_salyersiae	k__Bacteria;p__Firmicutes;c__Clostridia;o__Clostridiales;f__Ruminococcaceae;g__Ruminiclostridium;s__[Eubacterium]_siraeum	k__Bacteria;p__Proteobacteria;c__Betaproteobacteria;o__Burkholderiales;f__Sutterellaceae;g__Parasutterella;s__Parasutterella_excrementihominis	k__Bacteria;p__Actinobacteria;c__Actinobacteria;o__Bifidobacteriales;f__Bifidobacteriaceae;g__Bifidobacterium;s__Bifidobacterium_adolescentis	k__Bacteria;p__Firmicutes;c__Clostridia;o__Clostridiales;f__Oscillospiraceae;g__Oscillibacter;s__Oscillibacter_sp._KLE_1745	k__Bacteria;p__Bacteroidetes;c__Bacteroidia;o__Bacteroidales;f__Bacteroidaceae;g__Bacteroides;s__Bacteroides_coprophilus	k__Bacteria;p__Firmicutes;c__Clostridia;o__Clostridiales;f__Lachnospiraceae;g__Roseburia;s__Roseburia_intestinalis	k__Bacteria;p__Firmicutes;c__Clostridia;o__Clostridiales;f__Lachnospiraceae;g__Roseburia;s__Roseburia_hominis	k__Bacteria;p__Bacteroidetes;c__Bacteroidia;o__Bacteroidales;f__Porphyromonadaceae;g__Parabacteroides;s__Parabacteroides_johnsonii	k__Bacteria;p__Actinobacteria;c__Actinobacteria;o__Bifidobacteriales;f__Bifidobacteriaceae;g__Bifidobacterium;s__Bifidobacterium_longum	k__Bacteria;p__Firmicutes;c__Clostridia;o__Clostridiales;f__;g__Flavonifractor;s__Flavonifractor_plautii	k__Bacteria;p__Firmicutes;c__Clostridia;o__Clostridiales;f__Clostridiaceae;g__Clostridium;s__Clostridium_phoceensis	k__Bacteria;p__Verrucomicrobia;c__Verrucomicrobiae;o__Verrucomicrobiales;f__Akkermansiaceae;g__Akkermansia;s__Akkermansia_muciniphila	k__Bacteria;p__Bacteroidetes;c__Bacteroidia;o__Bacteroidales;f__Prevotellaceae;g__Paraprevotella;s__Paraprevotella_xylaniphila	k__Bacteria;p__Firmicutes;c__Clostridia;o__Clostridiales;f__Ruminococcaceae;g__Ruminococcus;s__Ruminococcus_callidus	k__Bacteria;p__Bacteroidetes;c__Bacteroidia;o__Bacteroidales;f__Rikenellaceae;g__Alistipes;s__Alistipes_senegalensis	k__Bacteria;p__Firmicutes;c__Clostridia;o__Clostridiales;f__Lachnospiraceae;g__Blautia;s__Blautia_sp._KLE_1732	k__Bacteria;p__Bacteroidetes;c__Bacteroidia;o__Bacteroidales;f__Bacteroidaceae;g__Bacteroides;s__Bacteroides_oleiciplenus	k__Bacteria;p__Firmicutes;c__Clostridia;o__Clostridiales;f__Ruminococcaceae;g__Ruminococcus;s__Ruminococcus_bicirculans	k__Bacteria;p__Bacteroidetes;c__Bacteroidia;o__Bacteroidales;f__Bacteroidaceae;g__Bacteroides;s__Bacteroides_fluxus	k__Bacteria;p__Bacteroidetes;c__Bacteroidia;o__Bacteroidales;f__Prevotellaceae;g__Prevotella;s__Prevotella_stercorea	k__Bacteria;p__Firmicutes;c__Clostridia;o__Clostridiales;f__Lachnospiraceae;g__Dorea;s__Dorea_longicatena	k__Bacteria;p__Firmicutes;c__Clostridia;o__Clostridiales;f__Eubacteriaceae;g__Eubacterium;s__[Eubacterium]_eligens	k__Bacteria;p__Firmicutes;c__Clostridia;o__Clostridiales;f__Ruminococcaceae;g__;s__Ruminococcaceae_bacterium_D16	k__Bacteria;p__Firmicutes;c__Clostridia;o__Clostridiales;f__Lachnospiraceae;g__Coprococcus;s__Coprococcus_comes	k__Bacteria;p__Proteobacteria;c__Gammaproteobacteria;o__Enterobacterales;f__Enterobacteriaceae;g__Escherichia;s__Escherichia_coli	k__Bacteria;p__Firmicutes;c__Clostridia;o__Clostridiales;f__Ruminococcaceae;g__Anaerotruncus;s__Anaerotruncus_colihominis	k__Bacteria;p__Firmicutes;c__Clostridia;o__Clostridiales;f__Lachnospiraceae;g__Blautia;s__Blautia_obeum	k__Bacteria;p__Bacteroidetes;c__Bacteroidia;o__Bacteroidales;f__Odoribacteraceae;g__Odoribacter;s__Odoribacter_laneus	k__Bacteria;p__Firmicutes;c__Clostridia;o__Clostridiales;f__Ruminococcaceae;g__Ruminiclostridium;s__[Clostridium]_leptum	k__Bacteria;p__Bacteroidetes;c__Bacteroidia;o__Bacteroidales;f__Porphyromonadaceae;g__Parabacteroides;s__Parabacteroides_goldsteinii	k__Bacteria;p__Firmicutes;c__Clostridia;o__Clostridiales;f__Lachnospiraceae;g__Anaerostipes;s__Anaerostipes_hadrus	k__Bacteria;p__Firmicutes;c__Clostridia;o__Clostridiales;f__Ruminococcaceae;g__Ruminococcus;s__Ruminococcus_lactaris	k__Bacteria;p__Firmicutes;c__Clostridia;o__Clostridiales;f__Clostridiaceae;g__Clostridium;s__Clostridium_sp._L2-50	k__Bacteria;p__Firmicutes;c__Clostridia;o__Clostridiales;f__Clostridiaceae;g__Clostridium;s__Clostridium_sp._M62/1	k__Bacteria;p__Firmicutes;c__Clostridia;o__Clostridiales;f__;g__Intestinimonas;s__Intestinimonas_butyriciproducens	k__Bacteria;p__Actinobacteria;c__Actinobacteria;o__Bifidobacteriales;f__Bifidobacteriaceae;g__Bifidobacterium;s__Bifidobacterium_bifidum	k__Bacteria;p__Firmicutes;c__Negativicutes;o__Veillonellales;f__Veillonellaceae;g__Dialister;s__Dialister_invisus	k__Bacteria;p__Bacteroidetes;c__Bacteroidia;o__Bacteroidales;f__Bacteroidaceae;g__Bacteroides;s__Bacteroides_salanitronis
k__Bacteria;p__Bacteroidetes;c__Bacteroidia;o__Bacteroidales;f__Bacteroidaceae;g__Bacteroides;s__Bacteroides_vulgatus	1.0	-0.0137430435733	-0.000188613350418	0.00499456315909	-0.0257436678546	0.0336968108865	-0.0645718086436	-0.0293184990236	0.0249855088319	-0.000236364774476	0.0487245012206	0.0220485719125	-0.00627370073686	-0.00943264146859	-0.0149496084524	-0.00442460705725	-0.0725920075477	-0.00538384846898	-0.0253429671634	0.0160205479589	0.0384663863029	0.0428660753353	0.0206458931198	-0.0430171256379	0.00326054586563	0.0338913523296	-0.0344111466414	-0.0109227669392	0.00382812902849	-0.085425038718	-0.0238540699747	-0.01978971622	-0.0500872529567	-0.0135046139193	-0.0417116264707	-0.00878842803555	-0.0132694799301	0.00406025457522	-0.00452270862303	0.0240610699842	0.00589655791133	0.00544245962819	0.0135748193573	-0.0527410954997	-0.0376886360649	0.0240517514712	-0.0208600462727	0.0201301375575	0.0146452656704	0.00586585149289	-0.0427925807475	-0.00148289498068	0.0240881010747	0.018253863816	0.0178508923421	-0.00248395093076	0.0191379591309	-0.0167353722843	-0.00236094388144
k__Bacteria;p__Bacteroidetes;c__Bacteroidia;o__Bacteroidales;f__Bacteroidaceae;g__Bacteroides;s__Bacteroides_uniformis	-0.0137430435733	1.0	-0.0373068770393	-0.024549517016	-0.00697862931886	0.0567426158041	-0.0403200553252	-0.0300588117755	-0.0340336371709	0.0830650996834	-0.0685354583563	0.0674000678987	0.0284394800408	-0.00378873974779	0.00249403167433	0.00899985404536	0.0291673224413	-0.000529580117909	-0.0294530533193	-0.031698969302	-0.0138321627098	0.0439202815119	-0.0159481858463	-0.022319568332	-0.00530171386109	0.0318440792917	-0.0125280533108	0.0193898474982	-0.000827498773217	-0.0314008020215	-0.0275763795707	-0.0359296843726	-0.0772763081326	-0.00525411386049	-0.0217251794995	0.0605699321467	-0.0577963985354	0.0118490509856	-0.0161973619554	-0.0539984493481	0.034321075571	-0.0547693791196	0.00519317853459	-0.0128877266938	0.0126860135431	-0.0313807366418	-0.0208701910271	0.0157914771759	0.0434407170725	-0.005107836999	0.0441548915715	-0.0535978117609	0.0310315009669	-0.0149299927207	-0.00555030616606	0.0214390945803	-0.0232607506987	-0.0521707321999	0.00376774971678
k__Bacteria;p__Bacteroidetes;c__Bacteroidia;o__Bacteroidales;f__Rikenellaceae;g__Alistipes;s__Alistipes_putredinis	-0.000188613350418	-0.0373068770393	1.0	0.00559334647183	0.0306105966436	0.00320848913217	-0.0250346916108	-0.0249157239826	-0.0148617963202	-0.000193957731793	-0.0328286338388	0.0637177331444	0.030463915149	-0.0387410269704	0.00701404770607	0.00443527412841	-0.00345574039404	0.0052211168188	0.0340417694397	-0.0291748734394	0.0140474773754	0.0300438830514	0.00842778962508	-0.0362700209057	0.04764483254	0.000769340542003	-0.0127843348267	-0.0660805295251	0.0219119874286	-0.0123948352956	0.0140013713077	-0.0463117274753	-0.0082543761078	0.0979197490279	-0.0327211409863	-0.0308335713905	-0.0430604170793	-0.0112892341043	-0.0630891420411	-0.00048957080418	-0.00117007287952	0.0340205884448	-0.0205512079472	0.0217631434846	0.00704101285121	0.0230328925731	0.00983037880773	0.00437667742555	0.0273893833932	-0.0189645137721	-0.0452412510891	-0.0306414306195	-0.0204511250133	-0.0083214888642	-0.0199929106635	0.00533901687185	0.000131374422287	0.0106441855724	-0.0249176370425
k__Bacteria;p__Bacteroidetes;c__Bacteroidia;o__Bacteroidales;f__Prevotellaceae;g__Prevotella;s__Prevotella_copri	0.00499456315909	-0.024549517016	0.00559334647183	1.0	-0.0134354334404	0.0377301267898	-0.0170292736837	-0.0553483239592	-0.0120245052782	-0.0481879245845	-0.00314140672414	-0.0521650347212	0.0220364177502	0.0624566165013	-0.00811618550191	0.0265932304163	-0.098688426885	-0.0399046842034	-0.00140926401989	0.0216804684159	0.0195535380484	0.00367288577337	-0.0261242576581	0.0779718419051	-0.050978497285	0.0130876177893	0.0103690214581	-0.0202272974406	-0.0437409537784	-0.00768542504489	0.011995154576	-0.0300586419585	0.0254058793051	-0.0481121364946	0.0110827393517	0.0377643607144	0.037989355303	0.024067724774	0.0533471289918	0.046655958145	-0.0315309252618	-0.0151393833506	-0.0159366935145	-0.0144353762135	0.000253162758841	-0.0470384491948	-0.00536754578507	-0.0155388741681	0.03321328748	0.0324385132765	-0.0452584706232	0.0533777983459	-0.00957306076302	-0.0460366908189	-0.000870676366693	-0.067506251875	0.0051158753395	-0.0314915331864	-0.0942439123245
k__Bacteria;p__Bacteroidetes;c__Bacteroidia;o__Bacteroidales;f__Bacteroidaceae;g__Bacteroides;s__Bacteroides_stercoris	-0.0257436678546	-0.00697862931886	0.0306105966436	-0.0134354334404	1.0	-0.0611472281569	-0.0603320369363	0.00617937005626	-0.0366680177058	0.00525933194502	-0.000290643608092	0.032411107673	-0.0381976624029	0.0478699252596	-0.0161182130148	-0.0532189238225	-0.00113135172071	-0.0780809306416	0.0216693388445	0.0161434782677	0.0386245615142	-0.055213749865	-0.0611045591647	-0.0400603276459	0.0141988837261	-0.00575782249328	-0.00863235303113	0.00682655244342	0.0408398474665	-0.0242842770774	-0.0257311924879	-0.00929392760333	-0.00957261171526	0.0305643251545	-0.00266237352239	-0.00451801943256	0.0386321359758	0.0104984937554	-0.00833819418443	-0.0199700012457	-0.0802855073991	-0.0576500612185	-0.0150134483807	-0.0239952045599	0.0159449549945	0.0376003498379	0.00168135137323	-0.00741134629141	-0.0191033804944	-0.0679022865158	-0.0878220065657	-0.0169433763482	0.00738544262682	0.00496065071835	-0.0474742099653	-0.00542675050889	0.00345299796391	-0.0344390197786	0.0367710876865
k__Bacteria;p__Bacteroidetes;c__Bacteroidia;o__Bacteroidales;f__Bacteroidaceae;g__Bacteroides;s__Bacteroides_ovatus	0.0336968108865	0.0567426158041	0.00320848913217	0.0377301267898	-0.0611472281569	1.0	-0.0439384329124	-0.014724942568	-0.00255727787903	0.0453462469623	0.0103353337021	0.0153779935052	-0.00762779611901	-0.0105035534962	0.00822341883332	0.0352101309688	0.00245590810993	0.00740266566283	-0.0640385108141	-0.0390550367367	-0.0279182815581	0.00680465824523	-0.014688077854	-0.020234328344	-0.0459116430768	0.0138361247743	-0.0303530567074	0.0210401980227	0.0156589641056	-0.00169759393244	-0.039878233136	0.00416770284261	-0.0592704958079	-0.0473803093115	-0.0234235550584	-0.027757583396	-0.00534429487911	-0.0714213629397	-0.0357628664605	0.013154367437	-0.0425065481352	-0.0280544384957	-0.0548809424388	-0.0274455680115	-0.00275253867153	-0.0667785931829	0.0323402890233	0.00535740742368	-0.0639421409315	-0.00723969404692	-0.0554391720368	-0.025410445645	0.059044562284	0.0206336998509	-0.0421204044315	-0.0186883168448	-0.00939823582905	-0.0163168334496	-0.0175728672077
k__Bacteria;p__Bacteroidetes;c__Bacteroidia;o__Bacteroidales;f__Rikenellaceae;g__Alistipes;s__Alistipes_shahii	-0.0645718086436	-0.0403200553252	-0.0250346916108	-0.0170292736837	-0.0603320369363	-0.0439384329124	1.0	0.00198090159317	0.028455770085	0.0150108292531	-0.00144989638155	-0.0271822467141	-0.0538108833688	-0.0392156774213	-0.0308318874039	-0.0030284831895	0.012679589845	0.0481193361995	-0.00761376150609	-0.00152027938141	-0.0193908060504	0.0159143308898	-0.0237913035524	-0.0247918061622	0.00747962918099	0.00720793927823	0.0267458094524	0.00876129106837	0.0699627635261	-0.0980568846638	-0.0144889914109	-0.0320250373836	0.0659097934674	0.00988333156561	-0.0332492093432	-0.0194390501552	-0.0357636994768	-0.0251434290853	-0.0404455922156	-0.0381461831596	0.00656592209442	-0.0105915899299	-0.0115930563678	0.0262617739676	-0.0369530108242	-0.0392110665431	0.0452654838825	0.00409849529849	0.0186860731646	-0.0096831885754	-0.0293165631572	0.0150314738789	-0.00402365095966	-0.0751286462925	-0.0234377797747	0.00413550141041	0.00128463048359	-0.0085474167194	-0.0301838556792
k__Bacteria;p__Firmicutes;c__Clostridia;o__Clostridiales;f__Ruminococcaceae;g__Faecalibacterium;s__Faecalibacterium_prausnitzii	-0.0293184990236	-0.0300588117755	-0.0249157239826	-0.0553483239592	0.00617937005626	-0.014724942568	0.00198090159317	1.0	0.0384506443379	-0.038809604366	-0.0235118854698	-0.0496972518056	0.0850255872699	-0.00165754890119	0.0324260657731	0.00041098158539	-0.0182784997668	0.0176783661925	-0.0410331729498	-0.00417072442426	0.0335838704593	-0.0260084744418	-0.0252700901118	-0.0722017589515	-0.0467011104595	-0.0172672555692	-0.00406533843919	-0.0040570971453	-0.0312274562196	0.0227346118698	0.0048606645202	0.055434073053	-0.0115049018332	-0.0375282199885	-0.0851617776372	-0.00464012814589	-0.00164291620059	-0.0498100559822	0.0460019623684	-0.0551710037039	-0.0262925853391	0.0121767506082	-0.0350989428077	-0.025262682031	0.0781016583878	-0.0253032960068	0.00830545129791	-0.030712563869	0.0197644441739	0.0223581746403	0.0127264023792	-0.003699166574	0.0046594243051	0.0465204971956	0.00225413543163	-0.0311000112741	0.0326303093616	-0.0460726533173	0.00973015442041
k__Bacteria;p__Bacteroidetes;c__Bacteroidia;o__Bacteroidales;f__Rikenellaceae;g__Alistipes;s__Alistipes_finegoldii	0.0249855088319	-0.0340336371709	-0.0148617963202	-0.0120245052782	-0.0366680177058	-0.00255727787903	0.028455770085	0.0384506443379	1.0	-0.059180678868	-0.081914029931	0.0207379073846	-0.0259799247828	0.0438264067929	-0.00605721236356	-0.0523627560322	-0.0396019102806	0.0411067317476	-0.0026289753375	-0.0208113453107	0.0473205406585	-0.0508078000301	-0.0184998322014	0.000651833316657	-0.0318484967093	0.00462992866048	0.0443365368479	0.0106235015047	-0.0584211645085	0.0216159110185	-0.00424258708755	-0.0201593551019	0.00946414997794	0.0412157374374	0.0168361191611	0.0177810607529	-0.00516045241237	-0.0206215527362	-0.0480982828981	0.0103992882021	-0.03501267756	0.00398509385141	0.00091750062003	-0.00160004263315	-0.0568687287236	-0.0409055341871	-0.0173973115538	0.00973499006419	0.0254244404137	0.00260629910279	-0.0895027751821	-0.0578078932658	0.038656564487	0.0438722008217	0.0098120199091	-0.0537282602095	-0.0393678925556	0.0130289302042	0.0071401201755
k__Bacteria;p__Bacteroidetes;c__Bacteroidia;o__Bacteroidales;f__Porphyromonadaceae;g__Parabacteroides;s__Parabacteroides_distasonis	-0.000236364774476	0.0830650996834	-0.000193957731793	-0.0481879245845	0.00525933194502	0.0453462469623	0.0150108292531	-0.038809604366	-0.059180678868	1.0	-0.0107604284479	-0.00728046061176	0.0409587503192	-0.0090443694702	-0.036436941206	-0.0266445298071	-0.00958830481897	-0.0153871303127	0.0266938295933	0.0482395349455	-0.0266665916847	-0.0442678629135	0.0056918888727	0.014080416879	-0.00306868166406	0.0186531727418	-0.00916115821533	0.013323440361	-0.0246840228935	-0.0195485446914	-0.0275375853838	0.0195787650786	-0.0351224864617	0.0212455173781	-0.00555459574968	-0.0654172539113	-0.0376345269821	0.0828458122232	-0.0284245808167	-0.0202827487371	0.0313278511306	-0.0527998005578	0.00392043490801	-0.0376641537935	-0.0151400159225	0.00275743255573	0.0275627528003	0.00721669839341	-0.00626838809337	0.0346258813108	-0.0158079402059	0.0237539282334	-0.021313306332	0.0200216582956	-0.00156447441694	-0.0258835490149	-0.0542177864452	-0.0134115248635	-0.0123766089251
k__Bacteria;p__Bacteroidetes;c__Bacteroidia;o__Bacteroidales;f__Bacteroidaceae;g__Bacteroides;s__Bacteroides_thetaiotaomicron	0.0487245012206	-0.0685354583563	-0.0328286338388	-0.00314140672414	-0.000290643608092	0.0103353337021	-0.00144989638155	-0.0235118854698	-0.081914029931	-0.0107604284479	1.0	-0.0187258925484	-0.0241994423105	0.0149107715954	-0.0296487040617	0.0189770209493	-0.0603409468183	0.0270482687016	-0.00776526476942	-0.0396706943212	-0.0256757558203	-0.0363787910932	-0.0167568866454	-0.0109972567288	-0.00831071099413	0.0188114800896	-0.0503539974183	0.00829500364619	-0.0428993256065	-0.059493693019	0.0509032174544	-0.0186280562899	0.024022861798	0.00532973129337	0.0196882594914	-0.0402458441388	-0.0200281332383	0.0145145973971	0.00018661256012	0.00828382438131	-0.0113191525485	-0.0070887409219	0.0293751907279	0.0108771476266	-0.0582506453432	-0.02474202562	-0.0600418745437	-0.0405754650682	0.0485599117385	0.058533100058	-0.0105056496799	0.0363119675998	-0.0521922872792	0.0265509931255	0.00980587794338	0.0386771312121	0.00114126715734	0.0144151346866	-0.000490666335706
k__Bacteria;p__Bacteroidetes;c__Bacteroidia;o__Bacteroidales;f__Bacteroidaceae;g__Bacteroides;s__Bacteroides_coprocola	0.0220485719125	0.0674000678987	0.0637177331444	-0.0521650347212	0.032411107673	0.0153779935052	-0.0271822467141	-0.0496972518056	0.0207379073846	-0.00728046061176	-0.0187258925484	1.0	-0.0235852414827	-0.000740484624847	-0.0485720620819	0.0121057132649	0.0272595777811	0.00118706190468	-0.0363600362535	-0.00670837454546	-0.0277259326693	-0.0202394628347	0.0643921312469	0.0694313376014	-0.0335195903629	-0.0291781058597	-0.0568506382533	-0.0109214082494	-0.0512072457528	-0.0232280750166	0.0251543902639	0.0123401268181	0.0146538101288	-0.0784293506598	-0.0178165328471	0.0503127788102	-0.0260537599856	-0.0715502726253	0.0148951084666	-0.0115292908449	-0.00678661710847	0.00578997358392	-0.0251927263696	0.0369417937615	-0.0452280004687	0.0236447724836	0.0237349086481	0.0029242024429	-0.0617049683046	-0.0458234723332	-0.00154496259578	0.00286383620743	0.0161129510752	-0.0411342341644	-0.00368851691537	0.0255266801826	-0.04227987521	-0.00967743904008	0.00105596416678
k__Bacteria;p__Bacteroidetes;c__Bacteroidia;o__Bacteroidales;f__Bacteroidaceae;g__Bacteroides;s__Bacteroides_cellulosilyticus	-0.00627370073686	0.0284394800408	0.030463915149	0.0220364177502	-0.0381976624029	-0.00762779611901	-0.0538108833688	0.0850255872699	-0.0259799247828	0.0409587503192	-0.0241994423105	-0.0235852414827	1.0	-0.00304408142798	-0.000272693680611	0.0281509378002	0.0123340263151	0.00967394224774	-0.001329618979	-0.0107453383172	-0.0285417095031	0.0345168837359	-0.0449331786848	-0.0189167112159	-0.0103929483435	0.0030145756334	-0.0338627507831	-0.013551026003	-0.0204348886738	-0.0663688075686	0.0549920455296	0.000226767323831	0.0128168902309	0.00612540566477	0.0011096182736	0.022130948158	0.0689354315022	-0.0536622378403	0.0132820661336	-0.0049192598387	-0.0376531647996	-0.0293748840787	-0.0435311392313	-0.0181851763008	0.00365145540723	0.000890603391022	-0.0471459829697	-0.00555640343498	0.0514583779057	-0.00547000227666	-0.0133800523189	-0.0144120954898	-0.00174902910816	-0.0185574206943	0.00374027361137	0.00732315472892	-0.00301500870349	-0.0461091669639	-0.0111236201694
k__Bacteria;p__Bacteroidetes;c__Bacteroidia;o__Bacteroidales;f__Rikenellaceae;g__Alistipes;s__Alistipes_obesi	-0.00943264146859	-0.00378873974779	-0.0387410269704	0.0624566165013	0.0478699252596	-0.0105035534962	-0.0392156774213	-0.00165754890119	0.0438264067929	-0.0090443694702	0.0149107715954	-0.000740484624847	-0.00304408142798	1.0	-0.0435908614626	0.051286867457	-0.00375864997315	-0.0486691615023	-0.0260738742242	-0.0356614345738	-0.00735030026147	-0.0107608210784	0.0121655454852	-0.0136025416936	0.0155825481359	-0.0340722379772	0.00308618158976	-0.023212444489	-0.0693076668518	0.00142752767125	-0.0513085428425	0.00953716791058	0.0215741946915	0.0048911205465	0.0168952945791	-0.0153035959093	0.0137561501153	-0.0392353444091	-0.0294025217367	0.0398700806107	0.016001313365	-0.00467863454069	0.0394602696707	-0.0257604061239	-0.0128534917694	0.0646515519917	0.0644999757369	0.0125209455587	0.0103011707928	-0.0466365279415	-0.0403193934957	-0.00296527320026	-0.00348032113205	-0.0266330931574	0.00614280554687	-0.0179136752144	-0.0125836574509	0.0204287034505	-0.00415433877725
k__Bacteria;p__Firmicutes;c__Clostridia;o__Clostridiales;f__Lachnospiraceae;g__;s__[Eubacterium]_rectale	-0.0149496084524	0.00249403167433	0.00701404770607	-0.00811618550191	-0.0161182130148	0.00822341883332	-0.0308318874039	0.0324260657731	-0.00605721236356	-0.036436941206	-0.0296487040617	-0.0485720620819	-0.000272693680611	-0.0435908614626	1.0	-0.0296265920088	0.00612182014994	-0.00550540457245	0.00790855028462	-0.0431291484347	0.0302142069676	-0.0132056691836	-0.00670130180343	-0.0577277643119	0.0386430401002	0.0105610100116	0.00546019499675	0.0411400517249	0.0205029644621	0.00280094493422	-0.0139179858913	-0.0197198964589	-0.00155634045271	0.0295133996958	0.020304948724	0.0220005447781	0.0222403329775	-0.00699101638807	-0.0354737849948	0.00444725305896	-0.0122934874922	0.00973250196955	-0.0402164254449	0.00603553288054	0.0578266691723	0.0139231449236	-0.104971945323	-0.0170743618078	-0.0565136923976	-0.0500356568196	0.0394884209249	0.0375883601512	-0.00359499341548	9.0772161439e-05	-0.0369535778899	-0.0299396846734	-4.1564348805e-05	-0.0146876321542	-0.037836914301
k__Bacteria;p__Bacteroidetes;c__Bacteroidia;o__Bacteroidales;f__Bacteroidaceae;g__Bacteroides;s__Bacteroides_plebeius	-0.00442460705725	0.00899985404536	0.00443527412841	0.0265932304163	-0.0532189238225	0.0352101309688	-0.0030284831895	0.00041098158539	-0.0523627560322	-0.0266445298071	0.0189770209493	0.0121057132649	0.0281509378002	0.051286867457	-0.0296265920088	1.0	-0.035294382818	0.0647221773223	0.0123929733038	0.021121433713	-0.014039585523	0.0303277664653	0.0378533609486	-0.016058929573	0.020809724464	-0.0238244897476	-0.0259960249005	-0.0299949956954	-0.000593177807202	-0.0341938407082	-0.0114423424926	0.0141830653647	0.000631508268359	-0.0515008255562	-0.041439068437	0.0116960598752	-0.0251422350151	-0.0505416502015	0.0755879971295	-0.0449973664058	-0.0325662441394	-0.0223464623203	-0.0522289141886	-0.0413651494495	-0.013222708229	-0.0187243062048	-0.0414796286977	0.00523143429369	0.0603713286126	0.00966457013803	-0.0254450846191	-0.00129511435672	-0.0292934928681	-0.0457724443034	-0.0243784247982	0.0210533451417	0.00323370189303	-0.0351330232548	-0.0333960937587
k__Bacteria;p__Bacteroidetes;c__Bacteroidia;o__Bacteroidales;f__Bacteroidaceae;g__Bacteroides;s__Bacteroides_fragilis	-0.0725920075477	0.0291673224413	-0.00345574039404	-0.098688426885	-0.00113135172071	0.00245590810993	0.012679589845	-0.0182784997668	-0.0396019102806	-0.00958830481897	-0.0603409468183	0.0272595777811	0.0123340263151	-0.00375864997315	0.00612182014994	-0.035294382818	1.0	0.0292743601232	0.0382465499221	-0.0105509321525	0.000924159848641	-0.0484596930556	-0.0146018450936	0.0311197922208	-0.0541325084936	-0.0451428176163	-0.0312604487659	-0.00677264793047	0.0300313741121	-0.0453017540786	-0.0288379089436	0.000154069258734	-0.00333113410461	0.000439295330611	-0.0181490266543	-0.0353473860287	0.054148948935	0.00649057004705	0.0143439032278	0.0748396106322	0.0285527458168	0.0307711688281	-0.0258872406132	0.0103428542521	-0.0362384031002	0.00450040136185	-0.0412031317909	-0.0120102520419	-0.029928041467	-0.00215260218086	-0.0134310845419	-0.00258993930512	-0.00596025523267	-0.0118095417521	0.024662500467	0.00118613237559	0.00817889704441	-0.0155394341277	-0.00194231347268
k__Bacteria;p__Proteobacteria;c__Betaproteobacteria;o__Burkholderiales;f__Sutterellaceae;g__Sutterella;s__Sutterella_wadsworthensis	-0.00538384846898	-0.000529580117908	0.0052211168188	-0.0399046842034	-0.0780809306416	0.00740266566283	0.0481193361995	0.0176783661925	0.0411067317476	-0.0153871303127	0.0270482687016	0.00118706190468	0.00967394224774	-0.0486691615023	-0.00550540457245	0.0647221773223	0.0292743601232	1.0	-0.0732257511848	0.0376961834096	-0.0315570368102	0.0175700820444	-0.07939139128	0.0041494037351	-0.0245926610048	0.0647565222074	0.00167112101815	-0.0449616235628	0.00784513974462	0.0282970586753	0.015250708358	0.0135182924867	-0.00273517504209	-0.075773811559	0.00672654445042	0.0149197737716	0.0182669520166	-0.0395168460977	-0.0152500925493	-0.0520694683761	0.00516345261891	-0.0144904598923	0.0176771302646	-0.0451298960394	-0.0599256434222	-0.0702610895635	0.0142232353249	-0.0420575517709	0.0342356268818	0.0197059387967	-0.0653766853958	-0.00201305893996	-0.024543422513	-0.0272684390312	-0.0642125778799	0.0401780526709	-0.00259059499405	-0.0201840838149	-0.0339334946928
k__Bacteria;p__Bacteroidetes;c__Bacteroidia;o__Bacteroidales;f__Porphyromonadaceae;g__Barnesiella;s__Barnesiella_intestinihominis	-0.0253429671634	-0.0294530533193	0.0340417694397	-0.00140926401989	0.0216693388445	-0.0640385108141	-0.00761376150609	-0.0410331729498	-0.0026289753375	0.0266938295933	-0.00776526476942	-0.0363600362535	-0.001329618979	-0.0260738742242	0.00790855028462	0.0123929733038	0.0382465499221	-0.0732257511848	1.0	-0.0285666767454	0.00916421815426	0.0363382943326	0.026323535851	-0.0368173960282	-0.0164168049752	-0.0432254142266	0.0279535239538	0.00266962833062	0.00131639086463	-0.0173840299663	-0.0317270530667	-0.0178976719945	0.0114277287318	0.0294106422179	-0.000470030258044	0.0183529577559	-0.020366752006	0.0152303991204	0.0185841605823	-0.00491581272541	-0.00664764793593	-0.0178566067114	-0.0309640346416	-0.0160578211076	0.0369087023817	-0.0312368419192	-0.0628854981628	-0.00836848589292	-0.041025326356	0.0576340991409	-0.0157313257938	-0.00881263131981	-0.0830682709414	-0.043596045794	-0.0304885136092	-0.0211926384716	0.0154750806456	0.0337475377319	0.0491469014201
k__Bacteria;p__Bacteroidetes;c__Bacteroidia;o__Bacteroidales;f__Odoribacteraceae;g__Odoribacter;s__Odoribacter_splanchnicus	0.0160205479589	-0.031698969302	-0.0291748734394	0.0216804684159	0.0161434782677	-0.0390550367367	-0.00152027938141	-0.00417072442426	-0.0208113453107	0.0482395349455	-0.0396706943212	-0.00670837454546	-0.0107453383172	-0.0356614345738	-0.0431291484347	0.021121433713	-0.0105509321525	0.0376961834096	-0.0285666767454	1.0	-0.0039231773881	-0.0095683196259	-0.0419566794445	-0.00929872566545	-0.0603995093401	-0.00763502513099	0.0235723997414	-0.0645275015948	0.0251709748388	0.031318790397	0.0497686183996	0.0195480057794	-0.0103012180652	0.00991346700222	0.0115308809421	-0.0225370207369	-0.00219295031455	0.0299363806808	0.0205758114223	0.00951375618747	-0.0211000071856	-0.00413024757072	-0.0436697747974	0.0735148804603	-0.0315453720446	-0.00703672635696	0.0369019566023	-0.0565540666718	-0.00529645628143	-0.0317577916566	0.022571182502	-0.0103558668411	-0.00996207628996	0.0469734913592	-0.0475189587097	-0.0334187729418	0.0493522346607	0.0719544163541	-0.0614375250126
k__Bacteria;p__Bacteroidetes;c__Bacteroidia;o__Bacteroidales;f__Bacteroidaceae;g__Bacteroides;s__Bacteroides_salyersiae	0.0384663863029	-0.0138321627098	0.0140474773754	0.0195535380484	0.0386245615142	-0.0279182815581	-0.0193908060504	0.0335838704593	0.0473205406585	-0.0266665916847	-0.0256757558203	-0.0277259326693	-0.0285417095031	-0.00735030026147	0.0302142069676	-0.014039585523	0.000924159848641	-0.0315570368102	0.00916421815426	-0.0039231773881	1.0	-0.0627082337059	0.00321733257073	-0.0434722177328	0.0215167883206	0.0233561313021	-0.0376175826162	-0.0441617623975	-0.0422172908976	-0.0172746322012	0.0280686064322	-0.0483705226742	-0.0454554648931	-0.0286472459443	0.00085333024513	-0.00468315568322	-0.0155454101388	0.00747173350038	0.0694460843066	-0.0232572515249	0.0222298595259	-0.020609739008	0.0446062940899	0.0209747404777	0.0154840117981	0.0317746313712	-0.0118635480335	0.0437918076248	-0.034624630457	-0.0181802449441	-0.0161813914521	-0.0502063914337	-0.00828500866277	-0.0469751019497	-0.0809142963489	0.0397569450825	0.00679152043255	0.0308415800284	-0.0301205455862
k__Bacteria;p__Firmicutes;c__Clostridia;o__Clostridiales;f__Ruminococcaceae;g__Ruminiclostridium;s__[Eubacterium]_siraeum	0.0428660753353	0.0439202815119	0.0300438830514	0.00367288577337	-0.055213749865	0.00680465824523	0.0159143308898	-0.0260084744418	-0.0508078000301	-0.0442678629135	-0.0363787910932	-0.0202394628347	0.0345168837359	-0.0107608210784	-0.0132056691836	0.0303277664653	-0.0484596930556	0.0175700820444	0.0363382943326	-0.0095683196259	-0.0627082337059	1.0	-0.00427997040676	-0.0510110607582	0.069950650655	0.00023692587261	0.0759984076005	-0.0453288697937	-0.00953995474443	-0.0464670338469	0.00388575582809	-0.00208837917155	0.0306241156261	-0.0287049712164	0.0128917429861	-0.00971154851091	0.00342063297839	-0.0620243684818	-0.00216285810184	0.0329494709223	-0.0127748995685	-0.0530082853685	-0.026467571901	0.00275303426739	0.00631880133511	0.00098738501642	-0.0373337681231	0.0218522740212	0.020365545541	-0.0187652826953	-0.0487495359675	-0.0186935519491	-0.037629631051	0.0221769089212	-0.0127759577256	0.0142421349155	-0.0506511999984	0.0580662449354	0.0561667533381
k__Bacteria;p__Proteobacteria;c__Betaproteobacteria;o__Burkholderiales;f__Sutterellaceae;g__Parasutterella;s__Parasutterella_excrementihominis	0.0206458931198	-0.0159481858463	0.00842778962508	-0.0261242576581	-0.0611045591647	-0.014688077854	-0.0237913035524	-0.0252700901118	-0.0184998322014	0.0056918888727	-0.0167568866454	0.0643921312469	-0.0449331786848	0.0121655454852	-0.00670130180343	0.0378533609486	-0.0146018450936	-0.07939139128	0.026323535851	-0.0419566794445	0.00321733257073	-0.00427997040676	1.0	0.0403834237333	0.0188021142676	0.000171233796312	-0.0307511710598	0.0563930764473	-0.0327885333299	0.000168053438557	-0.0617857923938	-0.0332718474671	0.0128532450708	-0.0189687169736	-0.0108361155489	-0.0296492498116	0.000293792957508	0.0252618358292	0.038357993329	0.00611936097117	0.0388351508224	0.0374867733483	-0.0277286854638	0.00693248503762	-0.0453767187252	-0.0134870157777	0.0367818647376	-0.0526600589883	0.0408214668811	0.0116505003118	0.0471375971525	-0.0124740707589	-0.00463147005813	-0.0160766129621	-0.0736198511813	-0.00784296026231	-0.0325524548338	-0.0403084439048	-0.0203864209805
k__Bacteria;p__Actinobacteria;c__Actinobacteria;o__Bifidobacteriales;f__Bifidobacteriaceae;g__Bifidobacterium;s__Bifidobacterium_adolescentis	-0.0430171256379	-0.022319568332	-0.0362700209057	0.0779718419051	-0.0400603276459	-0.020234328344	-0.0247918061622	-0.0722017589515	0.000651833316657	0.014080416879	-0.0109972567288	0.0694313376014	-0.0189167112159	-0.0136025416936	-0.0577277643119	-0.016058929573	0.0311197922208	0.0041494037351	-0.0368173960282	-0.00929872566545	-0.0434722177328	-0.0510110607582	0.0403834237333	1.0	-0.00237007391071	-0.0959628998226	-0.0228187083688	-0.00331934959489	0.0280806680044	0.00654593105575	0.0106136096171	0.0129107414913	0.00244228913763	0.000908711979378	-0.0190830531557	0.0549212899001	-0.0457540739821	-0.0725867199825	0.0166087807748	-0.008316726202	0.0101294110826	-0.0392878949351	0.0292464612024	0.0216757581496	-0.048768638768	0.0224839637189	-0.0032909938932	-0.012681406051	0.00960344253621	0.0161907342899	-0.0167661341144	-0.0298801883244	0.0175654095248	-0.0278966536604	0.00433249574265	0.0364212344803	-0.0511578489278	0.0189553177145	-0.0515527547124
k__Bacteria;p__Firmicutes;c__Clostridia;o__Clostridiales;f__Oscillospiraceae;g__Oscillibacter;s__Oscillibacter_sp._KLE_1745	0.00326054586563	-0.00530171386109	0.04764483254	-0.050978497285	0.0141988837261	-0.0459116430768	0.00747962918099	-0.0467011104595	-0.0318484967093	-0.00306868166406	-0.00831071099413	-0.0335195903629	-0.0103929483435	0.0155825481359	0.0386430401002	0.020809724464	-0.0541325084936	-0.0245926610048	-0.0164168049752	-0.0603995093401	0.0215167883206	0.069950650655	0.0188021142676	-0.00237007391071	1.0	0.0236084033991	-0.0384848811731	0.0284970668931	-0.00829806127515	0.0539146404474	-0.00045727272868	0.0459281446083	-0.066938440385	-0.0167648153798	-0.0048899413964	-0.0507475515489	-0.0102001727277	-0.0015314004721	-0.0281925096444	0.0237919380183	0.0556651803879	0.0556572542766	-0.00371566217594	-0.0184326435507	0.00139802865063	0.0602190652012	0.0142113637138	0.0343706447604	-0.0636544706328	-0.00722330336899	-0.00137592685864	0.00702459858125	0.00322015604574	0.0554044374486	0.0391073162283	-0.0837669541931	0.0118154764782	-0.0451973973173	-0.0481910079687
k__Bacteria;p__Bacteroidetes;c__Bacteroidia;o__Bacteroidales;f__Bacteroidaceae;g__Bacteroides;s__Bacteroides_coprophilus	0.0338913523296	0.0318440792917	0.000769340542003	0.0130876177893	-0.00575782249328	0.0138361247743	0.00720793927823	-0.0172672555692	0.00462992866048	0.0186531727418	0.0188114800896	-0.0291781058597	0.0030145756334	-0.0340722379772	0.0105610100116	-0.0238244897476	-0.0451428176163	0.0647565222074	-0.0432254142266	-0.00763502513099	0.0233561313021	0.00023692587261	0.000171233796312	-0.0959628998226	0.0236084033991	1.0	-0.00175528899458	-0.048879851564	-0.043184130287	0.0152029365106	-0.0348657934994	-0.0610416605526	-0.0701816159392	0.0106291292015	0.00423052299417	-0.0286760127483	-0.0338751736313	-0.0061372691668	-0.022027942294	-0.0626125288263	0.0065303859137	0.0115576812644	-0.0460897429102	-0.0284184205644	-0.0334761075453	0.0463065649863	0.0106152511026	-0.0330654059064	0.0720271183301	0.0150962894216	-0.00294519242023	-0.010739932027	0.0356331895084	-0.00358702956049	-0.0105947018295	-0.0413240589634	0.036681323666	0.0315475006061	0.0236020642444
k__Bacteria;p__Firmicutes;c__Clostridia;o__Clostridiales;f__Lachnospiraceae;g__Roseburia;s__Roseburia_intestinalis	-0.0344111466414	-0.0125280533108	-0.0127843348267	0.0103690214581	-0.00863235303113	-0.0303530567074	0.0267458094524	-0.00406533843919	0.0443365368479	-0.00916115821533	-0.0503539974183	-0.0568506382533	-0.0338627507831	0.00308618158976	0.00546019499675	-0.0259960249005	-0.0312604487659	0.00167112101815	0.0279535239538	0.0235723997414	-0.0376175826162	0.0759984076005	-0.0307511710598	-0.0228187083688	-0.0384848811731	-0.00175528899458	1.0	0.0245583558219	-0.0597919411988	0.000342259824205	0.0153518320333	0.011473410307	0.00309939140351	-0.0191855973346	0.00424182266289	0.0286868163888	-0.018090015622	0.000146277839955	-0.0266737666775	-0.0193754839032	-0.0708830957782	0.0282914104686	0.00396557088977	0.0365754787447	-0.0380871329694	-0.0541542759178	-0.0329190113921	0.0112629456289	-0.0157973790069	-0.013271407064	-0.0101382024518	-0.00878139531641	0.0164988025622	-0.0420201942937	0.0352019898219	-0.047715974957	0.00385566918937	0.0107008344109	-0.0140599169112
k__Bacteria;p__Firmicutes;c__Clostridia;o__Clostridiales;f__Lachnospiraceae;g__Roseburia;s__Roseburia_hominis	-0.0109227669392	0.0193898474982	-0.0660805295251	-0.0202272974406	0.00682655244342	0.0210401980227	0.00876129106837	-0.0040570971453	0.0106235015047	0.013323440361	0.00829500364619	-0.0109214082494	-0.013551026003	-0.023212444489	0.0411400517249	-0.0299949956954	-0.00677264793047	-0.0449616235628	0.00266962833062	-0.0645275015948	-0.0441617623975	-0.0453288697937	0.0563930764473	-0.00331934959489	0.0284970668931	-0.048879851564	0.0245583558219	1.0	-0.0297084479544	-0.00565209313783	-0.0243394686831	-0.0387910386954	-0.00400362542747	-0.0127729548598	0.0137942736652	-0.106015578502	0.0108052690031	-0.00428807073905	0.00500715293524	-0.030771935025	0.0220791699707	-0.0161708187609	0.00323428250095	0.0112994484319	-0.0238796543757	-0.0337508032339	0.0416262418162	0.0293093692584	-0.0122059029019	0.0326872403078	0.0144961276038	0.00181163101449	0.00854023576311	-0.0195757678356	0.0162586050216	0.0575284268113	-0.0353134352536	-0.0188673416291	-0.0458886439745
k__Bacteria;p__Bacteroidetes;c__Bacteroidia;o__Bacteroidales;f__Porphyromonadaceae;g__Parabacteroides;s__Parabacteroides_johnsonii	0.00382812902849	-0.000827498773217	0.0219119874286	-0.0437409537784	0.0408398474665	0.0156589641056	0.0699627635261	-0.0312274562196	-0.0584211645085	-0.0246840228935	-0.0428993256065	-0.0512072457528	-0.0204348886738	-0.0693076668518	0.0205029644621	-0.000593177807202	0.0300313741121	0.00784513974462	0.00131639086463	0.0251709748388	-0.0422172908976	-0.00953995474443	-0.0327885333299	0.0280806680044	-0.00829806127515	-0.043184130287	-0.0597919411988	-0.0297084479544	1.0	0.00494175297537	0.0127113135904	-0.0266271396713	-0.0237746862904	-0.0198360399553	0.0178504028797	0.0328057388797	-0.0124853133652	-0.0418172837606	-0.0190936015092	-0.000181927820644	-0.0483218228503	0.0100958397335	0.0177078266655	-0.0203651285546	0.0185834194078	-0.0303054924637	0.0589725679527	0.0332617014949	-0.011769284829	0.0176586033997	-0.0173567162925	0.0235250215659	0.028463272595	0.0102709649868	0.0134019381535	-0.000697076219239	-0.0475415202022	-0.0660810667226	-0.0568735382231
