#taxonomy	k__Bacteria;p__Bacteroidetes;c__Bacteroidia;o__Bacteroidales;f__Bacteroidaceae;g__Bacteroides;s__Bacteroides_vulgatus	k__Bacteria;p__Bacteroidetes;c__Bacteroidia;o__Bacteroidales;f__Bacteroidaceae;g__Bacteroides;s__Bacteroides_uniformis	k__Bacteria;p__Bacteroidetes;c__Bacteroidia;o__Bacteroidales;f__Rikenellaceae;g__Alistipes;s__Alistipes_putredinis	k__Bacteria;p__Bacteroidetes;c__Bacteroidia;o__Bacteroidales;f__Prevotellaceae;g__Prevotella;s__Prevotella_copri	k__Bacteria;p__Bacteroidetes;c__Bacteroidia;o__Bacteroidales;f__Bacteroidaceae;g__Bacteroides;s__Bacteroides_stercoris	k__Bacteria;p__Bacteroidetes;c__Bacteroidia;o__Bacteroidales;f__Bacteroidaceae;g__Bacteroides;s__Bacteroides_ovatus	k__Bacteria;p__Bacteroidetes;c__Bacteroidia;o__Bacteroidales;f__Rikenellaceae;g__Alistipes;s__Alistipes_shahii	k__Bacteria;p__Firmicutes;c__Clostridia;o__Clostridiales;f__Ruminococcaceae;g__Faecalibacterium;s__Faecalibacterium_prausnitzii	k__Bacteria;p__Bacteroidetes;c__Bacteroidia;o__Bacteroidales;f__Rikenellaceae;g__Alistipes;s__Alistipes_finegoldii	k__Bacteria;p__Bacteroidetes;c__Bacteroidia;o__Bacteroidales;f__Porphyromonadaceae;g__Parabacteroides;s__Parabacteroides_distasonis	k__Bacteria;p__Bacteroidetes;c__Bacteroidia;o__Bacteroidales;f__Bacteroidaceae;g__Bacteroides;s__Bacteroides_thetaiotaomicron	k__Bacteria;p__Bacteroidetes;c__Bacteroidia;o__Bacteroidales;f__Bacteroidaceae;g__Bacteroides;s__Bacteroides_coprocola	k__Bacteria;p__Bacteroidetes;c__Bacteroidia;o__Bacteroidales;f__Bacteroidaceae;g__Bacteroides;s__Bacteroides_cellulosilyticus	k__Bacteria;p__Bacteroidetes;c__Bacteroidia;o__Bacteroidales;f__Rikenellaceae;g__Alistipes;s__Alistipes_obesi	k__Bacteria;p__Firmicutes;c__Clostridia;o__Clostridiales;f__Lachnospiraceae;g__;s__[Eubacterium]_rectale	k__Bacteria;p__Bacteroidetes;c__Bacteroidia;o__Bacteroidales;f__Bacteroidaceae;g__Bacteroides;s__Bacteroides_plebeius	k__Bacteria;p__Bacteroidetes;c__Bacteroidia;o__Bacteroidales;f__Bacteroidaceae;g__Bacteroides;s__Bacteroides_fragilis	k__Bacteria;p__Proteobacteria;c__Betaproteobacteria;o__Burkholderiales;f__Sutterellaceae;g__Sutterella;s__Sutterella_wadsworthensis	k__Bacteria;p__Bacteroidetes;c__Bacteroidia;o__Bacteroidales;f__Porphyromonadaceae;g__Barnesiella;s__Barnesiella_intestinihominis	k__Bacteria;p__Bacteroidetes;c__Bacteroidia;o__Bacteroidales;f__Odoribacteraceae;g__Odoribacter;s__Odoribacter_splanchnicus	k__Bacteria;p__Bacteroidetes;c__Bacteroidia;o__Bacteroidales;f__Bacteroidaceae;g__Bacteroides;s__Bacteroides_salyersiae	k__Bacteria;p__Firmicutes;c__Clostridia;o__Clostridiales;f__Ruminococcaceae;g__Ruminiclostridium;s__[Eubacterium]_siraeum	k__Bacteria;p__Proteobacteria;c__Betaproteobacteria;o__Burkholderiales;f__Sutterellaceae;g__Parasutterella;s__Parasutterella_excrementihominis	k__Bacteria;p__Actinobacteria;c__Actinobacteria;o__Bifidobacteriales;f__Bifidobacteriaceae;g__Bifidobacterium;s__Bifidobacterium_adolescentis	k__Bacteria;p__Firmicutes;c__Clostridia;o__Clostridiales;f__Oscillospiraceae;g__Oscillibacter;s__Oscillibacter_sp._KLE_1745	k__Bacteria;p__Bacteroidetes;c__Bacteroidia;o__Bacteroidales;f__Bacteroidaceae;g__Bacteroides;s__Bacteroides_coprophilus	k__Bacteria;p__Firmicutes;c__Clostridia;o__Clostridiales;f__Lachnospiraceae;g__Roseburia;s__Roseburia_intestinalis	k__Bacteria;p__Firmicutes;c__Clostridia;o__Clostridiales;f__Lachnospiraceae;g__Roseburia;s__Roseburia_hominis	k__Bacteria;p__Bacteroidetes;c__Bacteroidia;o__Bacteroidales;f__Porphyromonadaceae;g__Parabacteroides;s__Parabacteroides_johnsonii	k__Bacteria;p__Actinobacteria;c__Actinobacteria;o__Bifidobacteriales;f__Bifidobacteriaceae;g__Bifidobacterium;s__Bifidobacterium_longum	k__Bacteria;p__Firmicutes;c__Clostridia;o__Clostridiales;f__;g__Flavonifractor;s__Flavonifractor_plautii	k__Bacteria;p__Firmicutes;c__Clostridia;o__Clostridiales;f__Clostridiaceae;g__Clostridium;s__Clostridium_phoceensis	k__Bacteria;p__Verrucomicrobia;c__Verrucomicrobiae;o__Verrucomicrobiales;f__Akkermansiaceae;g__Akkermansia;s__Akkermansia_muciniphila	k__Bacteria;p__Bacteroidetes;c__Bacteroidia;o__Bacteroidales;f__Prevotellaceae;g__Paraprevotella;s__Paraprevotella_xylaniphila	k__Bacteria;p__Firmicutes;c__Clostridia;o__Clostridiales;f__Ruminococcaceae;g__Ruminococcus;s__Ruminococcus_callidus	k__Bacteria;p__Bacteroidetes;c__Bacteroidia;o__Bacteroidales;f__Rikenellaceae;g__Alistipes;s__Alistipes_senegalensis	k__Bacteria;p__Firmicutes;c__Clostridia;o__Clostridiales;f__Lachnospiraceae;g__Blautia;s__Blautia_sp._KLE_1732	k__Bacteria;p__Bacteroidetes;c__Bacteroidia;o__Bacteroidales;f__Bacteroidaceae;g__Bacteroides;s__Bacteroides_oleiciplenus	k__Bacteria;p__Firmicutes;c__Clostridia;o__Clostridiales;f__Ruminococcaceae;g__Ruminococcus;s__Ruminococcus_bicirculans	k__Bacteria;p__Bacteroidetes;c__Bacteroidia;o__Bacteroidales;f__Bacteroidaceae;g__Bacteroides;s__Bacteroides_fluxus	k__Bacteria;p__Bacteroidetes;c__Bacteroidia;o__Bacteroidales;f__Prevotellaceae;g__Prevotella;s__Prevotella_stercorea	k__Bacteria;p__Firmicutes;c__Clostridia;o__Clostridiales;f__Lachnospiraceae;g__Dorea;s__Dorea_longicatena	k__Bacteria;p__Firmicutes;c__Clostridia;o__Clostridiales;f__Eubacteriaceae;g__Eubacterium;s__[Eubacterium]_eligens	k__Bacteria;p__Firmicutes;c__Clostridia;o__Clostridiales;f__Ruminococcaceae;g__;s__Ruminococcaceae_bacterium_D16	k__Bacteria;p__Firmicutes;c__Clostridia;o__Clostridiales;f__Lachnospiraceae;g__Coprococcus;s__Coprococcus_comes	k__Bacteria;p__Proteobacteria;c__Gammaproteobacteria;o__Enterobacterales;f__Enterobacteriaceae;g__Escherichia;s__Escherichia_coli	k__Bacteria;p__Firmicutes;c__Clostridia;o__Clostridiales;f__Ruminococcaceae;g__Anaerotruncus;s__Anaerotruncus_colihominis	k__Bacteria;p__Firmicutes;c__Clostridia;o__Clostridiales;f__Lachnospiraceae;g__Blautia;s__Blautia_obeum	k__Bacteria;p__Bacteroidetes;c__Bacteroidia;o__Bacteroidales;f__Odoribacteraceae;g__Odoribacter;s__Odoribacter_laneus	k__Bacteria;p__Firmicutes;c__Clostridia;o__Clostridiales;f__Ruminococcaceae;g__Ruminiclostridium;s__[Clostridium]_leptum	k__Bacteria;p__Bacteroidetes;c__Bacteroidia;o__Bacteroidales;f__Porphyromonadaceae;g__Parabacteroides;s__Parabacteroides_goldsteinii	k__Bacteria;p__Firmicutes;c__Clostridia;o__Clostridiales;f__Lachnospiraceae;g__Anaerostipes;s__Anaerostipes_hadrus	k__Bacteria;p__Firmicutes;c__Clostridia;o__Clostridiales;f__Ruminococcaceae;g__Ruminococcus;s__Ruminococcus_lactaris	k__Bacteria;p__Firmicutes;c__Clostridia;o__Clostridiales;f__Clostridiaceae;g__Clostridium;s__Clostridium_sp._L2-50	k__Bacteria;p__Firmicutes;c__Clostridia;o__Clostridiales;f__Clostridiaceae;g__Clostridium;s__Clostridium_sp._M62/1	k__Bacteria;p__Firmicutes;c__Clostridia;o__Clostridiales;f__;g__Intestinimonas;s__Intestinimonas_butyriciproducens	k__Bacteria;p__Actinobacteria;c__Actinobacteria;o__Bifidobacteriales;f__Bifidobacteriaceae;g__Bifidobacterium;s__Bifidobacterium_bifidum	k__Bacteria;p__Firmicutes;c__Negativicutes;o__Veillonellales;f__Veillonellaceae;g__Dialister;s__Dialister_invisus	k__Bacteria;p__Bacteroidetes;c__Bacteroidia;o__Bacteroidales;f__Bacteroidaceae;g__Bacteroides;s__Bacteroides_salanitronis
k__Bacteria;p__Bacteroidetes;c__Bacteroidia;o__Bacteroidales;f__Bacteroidaceae;g__Bacteroides;s__Bacteroides_vulgatus	1.0	0.0264289271482	-0.0622595047485	0.00662165286539	0.0234811744286	0.0343782971618	-0.0438911218729	-0.00491655144398	0.0374244877351	0.00417823383683	-0.00566064757479	-0.0313833588239	0.0396090840266	0.0147238941136	-0.0410162337516	-0.00833910132406	-0.0552733553325	-0.0397036350292	0.0205692954576	-0.0357832846156	-0.000183062370855	-0.0646178963976	-0.0545749296251	-0.0332455240432	-0.0149869684735	-0.00430693024602	0.0101532451712	-0.0682437447474	0.0296436680197	-0.0499833226157	0.00450927279308	0.0119647649923	0.0121374385705	-0.0564607095979	-0.0315582725771	-0.00739440925929	-0.0265242442452	-0.0192099019385	0.00229226253835	-0.00571115123609	0.0324945612717	0.00805044544092	0.0102462409651	0.0487461870259	-0.0141932275779	0.0409236484199	0.0104883739554	0.0106246985024	0.00377687166782	-0.0206891360144	0.0231242063718	0.00659897400001	0.00890783207754	-0.0449188083161	-0.0435299589556	-0.0162440973585	0.0208208181039	-0.0258227808727	-0.00418389286114
k__Bacteria;p__Bacteroidetes;c__Bacteroidia;o__Bacteroidales;f__Bacteroidaceae;g__Bacteroides;s__Bacteroides_uniformis	0.0264289271482	1.0	0.0125777005579	0.0301962279172	-0.0255930764164	0.0141216778716	0.00858298283131	-0.0231794230146	-0.014607351256	0.037730523376	-0.00886302403234	-0.0270729924761	-0.0504793396825	-0.0102139554434	-0.0186799882058	0.0662487414929	-0.038204408553	-0.0620793167165	-0.0338093787813	-0.0196070905061	-0.0451425489195	0.0218385294259	0.0174350085123	0.00696469214166	-0.00972172033665	-0.0609729562107	-0.0461125560069	-0.0432015008699	0.0429046694506	-0.0420674609016	0.0274006288455	-0.0363462231991	-0.0579524702412	0.0338577869627	-0.0145630640365	-0.0339602884505	0.0345752556544	-0.00855150238518	0.0199293394325	-0.0144233932621	-0.017211468666	0.0215526329432	-0.00280703353747	0.0370442834486	-0.00952700132768	-0.0408579841281	-0.0137941383156	-0.0155789257405	-0.00109051649472	-0.0345718577094	0.0270016347673	-0.0294259537623	-0.00415844223848	0.0277731218001	0.0279941562468	-0.00410818942769	-0.0233591987691	-0.0200639503632	0.017269092663
k__Bacteria;p__Bacteroidetes;c__Bacteroidia;o__Bacteroidales;f__Rikenellaceae;g__Alistipes;s__Alistipes_putredinis	-0.0622595047485	0.0125777005579	1.0	0.00443087803538	0.0561153478564	0.0475883497866	0.0037048549307	-0.0457001314197	0.00800728282327	0.00666825322604	-0.0092019868531	-0.0514799382711	-0.00511630337186	-0.0569624934578	0.0195286917146	-0.0295896525312	-0.0354606948587	-0.0279302636062	0.000743692364236	0.0191831064474	0.0527797046826	0.0473606625659	0.00370680493845	-0.0393843604941	0.0275030678232	-0.0138517662905	-0.0269787341089	-0.0169499844033	-0.000943759863787	-0.0107509960945	-0.00583329863107	0.00781942611838	0.0389433570714	0.0212763934455	-0.0171534078065	-0.0787945571944	-0.0996341907003	-0.0273455513005	-0.0122990554797	-0.0727653746313	-0.00322077980578	0.0300977103543	-0.0403425770665	-0.0266104886238	-0.0518911038032	-0.00457603273515	0.0142183394752	-0.00697500461871	0.0337301296549	-0.0462547652137	0.0147335573891	0.00918381432749	-0.0516119988508	-0.0654648316529	0.000293773102409	0.0224732634589	-0.0273502966573	0.0355056086363	-0.00398549434666
k__Bacteria;p__Bacteroidetes;c__Bacteroidia;o__Bacteroidales;f__Prevotellaceae;g__Prevotella;s__Prevotella_copri	0.00662165286539	0.0301962279172	0.00443087803538	1.0	-0.024230051117	-0.074283342653	-0.0267915622308	0.0310351188514	-0.00364172106553	0.0381824351119	0.0116715872313	-0.0189674623164	0.0274326148834	0.0251491513633	0.0246206642599	-0.0126284525139	0.0144779613449	-0.0383337548082	-0.0476368213503	-0.003819167247	0.011488149971	0.00205836179639	-0.0402206518342	-0.0421812542372	0.00637200852525	0.0156227466358	-0.0122220000965	0.00373154838512	-0.0227688390332	0.00721014770704	-0.0476250408505	0.0318886939604	0.0647636736624	-0.0685029910437	-0.058567549721	-0.0439494941781	-0.0370831520359	0.0880035208695	-0.0905868967739	0.0481721050522	-0.016661333803	-0.0341921119474	-0.0375558455072	0.0155776410629	-0.0379833232985	0.051852181291	-0.0397363663272	-0.011105400584	0.0382685402784	-0.0467126152134	0.00915120079699	0.000272551437283	-0.0374491063075	-0.0696674492938	-0.0594781723535	-0.00051139270122	-0.0379877350765	0.0136642457528	-0.0179947073222
k__Bacteria;p__Bacteroidetes;c__Bacteroidia;o__Bacteroidales;f__Bacteroidaceae;g__Bacteroides;s__Bacteroides_stercoris	0.0234811744286	-0.0255930764164	0.0561153478564	-0.024230051117	1.0	-0.00111922498802	0.00785279632659	-0.00835415201644	0.014253651895	0.00125813851292	0.0088163615692	-0.0428216077181	0.00730533536728	-0.0252748830723	-0.0193016354222	0.00919952309698	0.0376505190712	-0.00396410125102	-0.0109756891552	-0.0361240293159	-0.0698230923412	0.00342528673421	0.0281451386078	0.0494589792932	-0.0104169876289	-0.0369159337779	0.00514132440783	0.00848565428125	0.0865219305453	0.0518590462713	-0.0360592315556	-0.0319193098248	-0.0167315240921	0.0144104259271	-0.0354401241498	-0.0385844060647	0.00176600173152	0.0279993783238	-0.0175613499534	-0.0363823499789	-0.0126081627487	-0.0583921939051	-0.00430285275228	-0.0595293964579	0.0055789110295	-0.0374610829241	-0.0315660606488	0.0482536136943	0.00823681377062	0.0473422859348	0.00478860127347	0.0348148114557	-0.00507736045224	-0.0141560333639	0.0157908101912	0.0344243452768	0.0233598522879	-0.0572094341997	-0.0542773811448
k__Bacteria;p__Bacteroidetes;c__Bacteroidia;o__Bacteroidales;f__Bacteroidaceae;g__Bacteroides;s__Bacteroides_ovatus	0.0343782971618	0.0141216778716	0.0475883497866	-0.074283342653	-0.00111922498802	1.0	-0.00727725731924	-0.0823194011897	-0.0273855360802	-0.0126966147387	-0.00754259131504	0.0735652172162	-0.0529666725075	-0.0186941324053	-0.0393895785481	0.0532559347605	-0.0242432102048	0.00491797060858	0.0672515376591	-0.00107493080671	-0.0384255826145	-0.0159110415786	0.0401095587871	0.0117103006911	-0.0552015379002	-0.0658204972287	-0.0144010145502	0.0171533405104	-0.0512443815968	-0.00363423951173	-0.0533912812758	-0.00678803281295	-0.0519346257496	0.0228936185044	-0.0107590067546	0.00358819070665	-0.0564517531728	-0.000323898029971	0.0392782503755	0.0218965240275	0.0369516173785	0.00230469450078	0.0147995159561	0.0119422697722	-0.0475106429714	-0.0378134941343	0.0540983200919	-0.0140721148593	-0.060906178848	-0.00187610270632	0.00701507885092	-0.00667129875425	-0.0306183447297	0.0314619104044	-0.0216615995335	0.0311028960318	-0.0668863358266	0.0569894238325	-0.014020278921
k__Bacteria;p__Bacteroidetes;c__Bacteroidia;o__Bacteroidales;f__Rikenellaceae;g__Alistipes;s__Alistipes_shahii	-0.0438911218729	0.00858298283131	0.0037048549307	-0.0267915622308	0.00785279632659	-0.00727725731924	1.0	0.0153801846003	0.0147593530872	-0.00133430112811	-0.00465485880702	0.0269353543987	0.00850295394193	-0.0442297083883	0.0151169228867	-0.0452064954071	0.0197906854259	0.0144919198059	-0.0713850471376	-0.0675847988278	0.0442922895335	-0.0170451414118	0.0103031196138	0.0337780149695	0.0226155768052	0.0176982077545	-0.0420470740029	-0.039833371549	-0.0468682867821	-0.032203164087	-0.00372489599802	0.036923156133	-0.0027999679098	-0.00872872275536	0.0378579437291	0.0318762485693	-0.0421710464221	-0.034543324403	-0.0260147111792	-0.00854299385121	-0.0504493093657	-0.0440171002436	0.00986275443329	0.0153284693004	0.0207630056441	0.0367006938367	0.00418853914896	0.0329188431323	0.0182070844808	-0.0220908402561	0.0551833223042	-0.0727954820415	-0.0506637540662	-0.0274633913088	-0.0151237345414	-0.007426067725	-0.011409690246	-0.0330779330739	0.0586382225813
k__Bacteria;p__Firmicutes;c__Clostridia;o__Clostridiales;f__Ruminococcaceae;g__Faecalibacterium;s__Faecalibacterium_prausnitzii	-0.00491655144398	-0.0231794230146	-0.0457001314197	0.0310351188514	-0.00835415201644	-0.0823194011897	0.0153801846003	1.0	-0.0535167485488	0.004622572287	0.0510425890281	-0.0387373169948	-0.0420694350054	-0.00342322303447	-0.025764106024	-0.0454762396329	0.0454890563856	0.00948928589218	0.0334334029474	0.00966603483135	0.00789593319291	0.0201638676169	-0.0663451263849	-0.0113727447894	0.00226538849577	0.0177078975302	-0.0474999905882	0.00719811736292	-0.0470671153179	0.00229359322744	0.0324245848921	-0.0526907309201	-0.00903803512039	0.0620549511709	-0.0251600302544	0.00926896700277	0.0360804058599	-0.0544086231888	0.0146615000118	0.0551579419495	-0.0210902460951	0.00590114825986	0.0158248166236	-0.00515466883937	0.0136737728598	-0.0288685223195	-0.00448672879387	-0.00990987626798	0.043594038348	0.00665563372455	-0.0596461670442	-0.0523798979328	0.0179065400289	0.032804975479	-0.0538982335531	-0.00468932706378	-0.0296013467083	-0.0145853036981	-0.00317599903728
k__Bacteria;p__Bacteroidetes;c__Bacteroidia;o__Bacteroidales;f__Rikenellaceae;g__Alistipes;s__Alistipes_finegoldii	0.0374244877351	-0.014607351256	0.00800728282327	-0.00364172106553	0.014253651895	-0.0273855360802	0.0147593530872	-0.0535167485488	1.0	0.0236980310024	-0.0165172322077	0.0128468082825	0.0118077974174	0.00203089221461	0.0269249546976	-0.00406223410355	0.00899163707346	-0.00840174558661	-0.00578352437403	0.00095497534494	-0.00434864227667	0.0026788890222	0.034176302808	0.00250239064752	-0.05160364463	-0.0223525251463	-0.0213646966843	-0.0449478577904	-0.019224869038	-0.0412306924091	-0.0173643109259	-0.000141310404399	0.0100024575437	0.0474494753098	0.0152972751909	-0.0291513768543	-0.0241475632732	-0.080347212899	-0.100674084387	0.0555145583765	-0.0238876115336	-0.0456375937881	-0.0428971710409	0.0241333299339	-0.0537150130143	-0.054942422018	-0.0341648291034	0.0252828038058	-0.0299880571688	-0.0762193577511	0.0110402717773	0.0363142944256	0.00489281378251	0.0617773149431	-0.0261494324219	0.0233170918515	0.0525143873754	-0.039905963072	0.00734193670766
k__Bacteria;p__Bacteroidetes;c__Bacteroidia;o__Bacteroidales;f__Porphyromonadaceae;g__Parabacteroides;s__Parabacteroides_distasonis	0.00417823383683	0.037730523376	0.00666825322604	0.0381824351119	0.00125813851292	-0.0126966147387	-0.00133430112811	0.004622572287	0.0236980310024	1.0	-0.0210951064716	-0.0308030182657	0.0439009514715	-0.0803490407673	-0.0235125032888	-0.0245610520635	0.00211019688653	0.00755198192964	0.00398498820842	-0.0326140183305	-0.0280759925104	-0.0591833791964	-0.0385119729358	0.00827584295583	0.00362863909984	-0.000210911951366	-0.069089970433	0.0688582777073	0.0555802108246	0.0075655086973	-0.0046246809967	-0.0227507212887	-0.0357282051394	-0.0327979125352	-0.058716377701	0.0102841193131	0.014069830386	0.0163780709457	-0.00791653159584	-0.0293332304609	-0.0179137713346	-0.00334151791685	-0.0401309386108	-0.0101990363299	0.0343628992646	-0.00545364489151	-0.0233419787871	0.0436783067934	-0.0151478882537	0.0333649064323	0.0130495236814	-0.0887956078095	0.00722211507132	0.00810363534145	-0.0396542334703	-0.0115840539635	-0.0282354416524	-0.0572502773417	0.0182102076113
k__Bacteria;p__Bacteroidetes;c__Bacteroidia;o__Bacteroidales;f__Bacteroidaceae;g__Bacteroides;s__Bacteroides_thetaiotaomicron	-0.00566064757479	-0.00886302403234	-0.0092019868531	0.0116715872313	0.0088163615692	-0.00754259131504	-0.00465485880702	0.0510425890281	-0.0165172322077	-0.0210951064716	1.0	-0.0469403945286	0.0756657356226	0.0213519296053	-0.0146491576062	0.0252866287087	-0.00729722253791	-0.0326600990883	0.0362996600951	-0.0251169283041	0.0284265587132	-0.0722989819504	-0.0534850545197	0.0270051103548	-0.0177723822702	0.011955101305	-0.0403737028833	0.0262555542979	-0.0305359967413	0.0364291676249	-0.0612406353766	0.00855623390159	-0.0505633196752	0.0226790531813	-0.00195696081425	-0.0522858879799	-0.00359642303437	0.0111759638113	0.00251267323076	-0.0188299208316	0.0601354028164	0.00547313198172	-0.0349943177824	0.0682368312371	-0.0472754121783	-0.0286975735258	-0.0157258455551	-0.0191881143164	0.0388623727693	0.0418666359174	-0.0330675714923	0.0240699249451	-0.070469047077	-0.00131911751867	0.0259949667047	-0.0509413110906	-0.0435793505115	-0.0294359187767	0.00920616262024
k__Bacteria;p__Bacteroidetes;c__Bacteroidia;o__Bacteroidales;f__Bacteroidaceae;g__Bacteroides;s__Bacteroides_coprocola	-0.0313833588239	-0.0270729924761	-0.0514799382711	-0.0189674623164	-0.0428216077181	0.0735652172162	0.0269353543987	-0.0387373169948	0.0128468082825	-0.0308030182657	-0.0469403945286	1.0	-0.00490504563545	0.0033945973829	-0.000542423723007	0.0422562821948	0.0370556351084	-0.035126897898	-0.0267947054707	0.0312093471704	0.0512761829555	-0.0417744749814	-0.0677073852737	0.0245457242383	-0.0178714026319	-0.0599328134703	-0.0371662364935	-0.0155758743709	-0.0375599717734	-0.0285050025328	-0.0118242643149	-0.0399796633169	0.0544701242256	-0.0267958534055	-0.0739685070995	0.00222020702054	-0.0687039314664	-0.026649226911	0.0323201831916	0.0117958803185	0.0532757270782	-0.0103221509158	-0.0308810933448	-0.00897043066903	-0.00823730187031	0.080792092125	-0.00123133235017	0.0296399581512	0.0414861224455	-0.0218282454802	-0.0761863453387	0.061130968949	0.0340982299828	-0.0251216794577	0.0148790698068	-0.05828309456	0.0166875726495	-0.01472331011	-0.0105736222381
k__Bacteria;p__Bacteroidetes;c__Bacteroidia;o__Bacteroidales;f__Bacteroidaceae;g__Bacteroides;s__Bacteroides_cellulosilyticus	0.0396090840266	-0.0504793396825	-0.00511630337186	0.0274326148834	0.00730533536728	-0.0529666725075	0.00850295394193	-0.0420694350054	0.0118077974174	0.0439009514715	0.0756657356226	-0.00490504563545	1.0	0.0232251470632	0.0554941374807	0.000632336048791	0.00732659522164	-0.0691997470599	0.0795468463733	0.017038655877	-0.0491023752947	-0.00259509926674	-0.030071816285	-0.000503048015671	-0.0274953487744	-0.00847493729985	0.0489815897544	-0.0713909572851	0.00349376937171	-0.0676305607733	-0.0228970364007	0.0123733046	-0.00168810571193	-0.0412243167265	-0.0797227917386	-0.00273302653232	-0.012595167106	-0.0212752333338	-0.0104200130953	-0.0078996040688	-0.0314890238381	-0.00963244848318	-0.0641101735776	0.00573438107903	0.0116912463947	0.00880855663543	0.00361718076286	-0.028701841105	-0.0328113143511	0.0206866800578	-0.0287721476927	-0.0248325970326	-0.00380732624307	-0.012264002821	-0.00881521458832	-0.0544255198134	-0.0430644166817	-0.0317101138965	0.0197188283449
k__Bacteria;p__Bacteroidetes;c__Bacteroidia;o__Bacteroidales;f__Rikenellaceae;g__Alistipes;s__Alistipes_obesi	0.0147238941136	-0.0102139554434	-0.0569624934578	0.0251491513633	-0.0252748830723	-0.0186941324053	-0.0442297083883	-0.00342322303447	0.00203089221461	-0.0803490407673	0.0213519296053	0.0033945973829	0.0232251470632	1.0	-0.0183348052954	-0.00881718542081	0.0323520482924	0.0289932432748	-0.0133772523263	-0.0273329998801	0.00981521015118	0.0427234422006	-0.0173546109383	0.00965688546793	0.0244691456981	0.0262607800778	0.0312373437352	-0.0368457795448	0.00215161344311	-0.0220722457502	-0.0207728222981	-0.0298162527379	-0.0329907342799	0.0576973785696	-0.0735922308154	-0.00692409398626	0.0142221026051	0.0198934320424	0.0483393275191	0.00107603382873	-0.00629492690484	-0.0127364222726	0.00444766006253	-0.0338530725581	-0.0165365100788	0.0409578234285	-0.0188528147083	-0.00383367917505	-0.0348351009113	0.0382863507485	-0.0509768860755	0.0231454931196	0.0808690741302	-0.0443345058561	-0.0299763568906	-0.0415628284112	0.0231878082768	0.0375490493454	0.0466675545531
k__Bacteria;p__Firmicutes;c__Clostridia;o__Clostridiales;f__Lachnospiraceae;g__;s__[Eubacterium]_rectale	-0.0410162337516	-0.0186799882058	0.0195286917146	0.0246206642599	-0.0193016354222	-0.0393895785481	0.0151169228867	-0.025764106024	0.0269249546976	-0.0235125032888	-0.0146491576062	-0.000542423723007	0.0554941374807	-0.0183348052954	1.0	0.0549560163604	-0.0571117897491	-0.0433379494917	-0.00639028024372	-0.00800924384095	-0.0166315105218	-0.0679110475662	-0.0403747133717	0.0147787830402	-0.0145090761644	-0.00983376334949	0.00479315830907	0.0404269187844	0.0497043653447	-0.0298102068716	0.0389161663405	0.00558421106446	0.00723553272916	-0.0218622245737	0.049152500915	-0.0445127581724	-0.037008662028	-0.0424702592675	0.0436525950506	0.00971918653431	-0.0134692879406	-0.0506712858351	-0.0364599839683	0.059054453724	0.00911384781475	-0.00628896875846	-0.0136815809023	0.0408238256785	-0.0220581610916	-0.0316314867379	-0.0088815987472	-0.0682992668939	-0.000876992410435	-0.032149333217	-0.0038196242438	-0.0130692452082	-0.0610123460006	0.013949744749	-0.000544119011981
k__Bacteria;p__Bacteroidetes;c__Bacteroidia;o__Bacteroidales;f__Bacteroidaceae;g__Bacteroides;s__Bacteroides_plebeius	-0.00833910132406	0.0662487414929	-0.0295896525312	-0.0126284525139	0.00919952309698	0.0532559347605	-0.0452064954071	-0.0454762396329	-0.00406223410355	-0.0245610520635	0.0252866287087	0.0422562821948	0.000632336048791	-0.00881718542081	0.0549560163604	1.0	-0.0550798111912	-0.0256592204204	-0.0143494230495	0.0594646086501	-0.052079342822	-0.0443360048465	-0.0140247153499	-0.0339362190961	0.00814060402867	-0.049015927055	0.0127555041696	0.0164468109357	0.00204675276861	0.00767214957672	-0.0367831888418	0.0224383657334	0.0228039475712	0.0108468191929	0.0189375745102	-0.03533179856	-0.0355334136754	0.0161592628179	-0.0661030147177	-0.00795218911175	-0.041409134057	0.0220582156326	0.0187580237188	-0.0212765618624	0.00370477280553	0.0422001415083	-0.010937144788	-0.0538094587304	-0.0519521930248	0.0088258306136	-0.00648886523146	0.0321355015995	-0.0346331762187	-0.00979801680705	0.0288519818189	-0.0353523974539	0.00631783283436	-0.0452794454299	-0.00292482149725
k__Bacteria;p__Bacteroidetes;c__Bacteroidia;o__Bacteroidales;f__Bacteroidaceae;g__Bacteroides;s__Bacteroides_fragilis	-0.0552733553325	-0.038204408553	-0.0354606948587	0.0144779613449	0.0376505190712	-0.0242432102048	0.0197906854259	0.0454890563856	0.00899163707346	0.00211019688653	-0.00729722253791	0.0370556351084	0.00732659522164	0.0323520482924	-0.0571117897491	-0.0550798111912	1.0	-0.0227903858658	0.00706359670298	0.0499422862394	-0.0137598572302	-0.0287683288036	0.0271296146835	-0.0730031787221	-0.0108462407851	0.0687936033894	-0.00195479556277	-0.00498625904557	-0.0122163916543	-0.0392939478	0.00986961126651	-0.0206566240407	-0.0313344389503	-0.0568518891305	-0.0551726537445	-0.0203551995861	-0.0705395419897	-0.0590146469813	0.0219202696964	-0.0559872376646	0.00581002423608	0.0323646287197	-0.0346272739414	0.00527096918097	0.0362777327963	0.0350673635907	-0.06045358566	-0.00589880485092	0.0211307515921	-0.0414510936787	-0.0558912500799	0.026804157978	-0.0070490210136	-0.00861441672768	0.0312110029163	-0.0567870273231	0.00283904099553	-0.0436828108752	-0.0480179837705
k__Bacteria;p__Proteobacteria;c__Betaproteobacteria;o__Burkholderiales;f__Sutterellaceae;g__Sutterella;s__Sutterella_wadsworthensis	-0.0397036350292	-0.0620793167165	-0.0279302636062	-0.0383337548082	-0.00396410125102	0.00491797060858	0.0144919198059	0.00948928589218	-0.00840174558661	0.00755198192964	-0.0326600990883	-0.035126897898	-0.0691997470599	0.0289932432748	-0.0433379494917	-0.0256592204204	-0.0227903858658	1.0	-0.00319042470965	-0.0495024037118	-0.0699386044623	0.0233155596929	0.0476522891527	0.0121260533052	-0.017852114664	-0.00992776075763	0.0257255132337	-0.00310262116947	-0.0412603334466	-0.0269854201863	0.00773974336352	0.0186791245053	0.0642549750338	-0.0284451065937	-0.0362335522055	0.0273907489984	0.00325549980305	-0.0253923298903	-0.007444211929	-0.0269568406924	-0.0313757827701	0.0217627247625	-0.0591033909857	0.0113429148764	0.0187170707645	-0.0123829306437	-0.0125799990497	-0.0141492844158	-0.0228031642932	-0.0256313591146	0.00977636397843	-0.0241707538216	-0.0744993893701	-0.0256309640443	-0.0280177902659	0.0364857057372	-0.00895907503645	0.00249489050279	0.0326010806161
k__Bacteria;p__Bacteroidetes;c__Bacteroidia;o__Bacteroidales;f__Porphyromonadaceae;g__Barnesiella;s__Barnesiella_intestinihominis	0.0205692954576	-0.0338093787813	0.000743692364236	-0.0476368213503	-0.0109756891552	0.0672515376591	-0.0713850471376	0.0334334029474	-0.00578352437403	0.00398498820842	0.0362996600951	-0.0267947054707	0.0795468463733	-0.0133772523263	-0.00639028024372	-0.0143494230495	0.00706359670298	-0.00319042470965	1.0	-0.0517333825969	-0.026222402821	-0.048312145102	-0.00867896034931	-0.0822448882712	-0.000538499478903	-0.0156860677008	-0.00202900331342	-0.0589436409053	-0.0218418838297	0.0203153800673	0.020451774446	-0.0415290854441	-0.0551588883355	-0.0361397445616	-0.0558713071014	-0.00566732760574	0.0142074330371	0.076007325692	-0.067826695312	0.0445940431997	0.0097603914711	0.0513355803323	-0.00167858826569	-0.0314142609909	0.00527978355421	0.0211297977932	0.0393378729725	0.0241476909908	-0.0352833759018	-0.00645825707548	-0.0226668793912	-0.00249391472435	0.0419776171601	-0.0475127085832	0.0201185901041	-0.0174079753624	-0.063366537885	-0.00264377389857	0.0410214424216
k__Bacteria;p__Bacteroidetes;c__Bacteroidia;o__Bacteroidales;f__Odoribacteraceae;g__Odoribacter;s__Odoribacter_splanchnicus	-0.0357832846156	-0.0196070905061	0.0191831064474	-0.003819167247	-0.0361240293159	-0.00107493080671	-0.0675847988278	0.00966603483135	0.00095497534494	-0.0326140183305	-0.0251169283041	0.0312093471704	0.017038655877	-0.0273329998801	-0.00800924384095	0.0594646086501	0.0499422862394	-0.0495024037118	-0.0517333825969	1.0	-0.0514669773381	0.0221781881442	0.0510225894461	-0.0506183512702	-0.00704816771939	-0.0295738299907	0.059365598061	-0.0447076410778	0.0250080302919	0.0311876516103	-0.0310171652104	-0.00143353793555	-0.0294098245106	-0.0285991175792	0.0500848557593	-0.0736867414448	-0.00848657766226	0.0170017026155	0.00470273112695	-0.0449655973864	0.00577596300643	0.0108338688972	0.0404369362082	-0.0345849709432	-0.0230477590751	0.00803687615437	-0.0498628822099	-0.0134007567807	-0.00301205714817	-0.028590900185	0.00195380020579	-0.039181402551	-0.0314512700724	0.0118601014731	-0.0059303330941	0.0284993332426	0.0430075686372	0.0149364679181	-0.0540710873877
k__Bacteria;p__Bacteroidetes;c__Bacteroidia;o__Bacteroidales;f__Bacteroidaceae;g__Bacteroides;s__Bacteroides_salyersiae	-0.000183062370855	-0.0451425489195	0.0527797046826	0.011488149971	-0.0698230923412	-0.0384255826145	0.0442922895335	0.00789593319291	-0.00434864227667	-0.0280759925104	0.0284265587132	0.0512761829555	-0.0491023752947	0.00981521015118	-0.0166315105218	-0.052079342822	-0.0137598572302	-0.0699386044623	-0.026222402821	-0.0514669773381	1.0	0.0148259179879	-0.0174173353928	-0.049342815361	0.0140499411107	-0.0470246783805	-0.0326786857678	0.0670487487023	0.00362223469799	-0.0283455062432	-0.0412264150159	-0.0218671126465	0.0139357232017	0.0346853286536	-0.0175082070285	0.0404130371656	-0.0458481446926	-0.0379041349225	0.0457738517771	-0.0290054722523	0.00715024962503	-0.0235874378125	0.0192572117017	0.0271134399251	-0.0265294551613	-0.0199205404918	-0.0425914252086	-0.0015295111019	0.0395915502535	0.0383605094576	-0.03372712797	-0.0351450397485	-0.00653283391805	-0.0215060977731	-0.00413029531497	-0.0451858939023	0.00442068018852	0.0132432328702	0.0322927392284
k__Bacteria;p__Firmicutes;c__Clostridia;o__Clostridiales;f__Ruminococcaceae;g__Ruminiclostridium;s__[Eubacterium]_siraeum	-0.0646178963976	0.0218385294259	0.0473606625659	0.00205836179639	0.00342528673421	-0.0159110415786	-0.0170451414118	0.0201638676169	0.0026788890222	-0.0591833791964	-0.0722989819504	-0.0417744749814	-0.00259509926674	0.0427234422006	-0.0679110475662	-0.0443360048465	-0.0287683288036	0.0233155596929	-0.048312145102	0.0221781881442	0.0148259179879	1.0	0.0422843866874	0.00239474075524	0.0132026237451	0.00813059669426	-0.0368350477487	0.0116135959161	0.013218052158	-0.00546099432472	0.0164775271634	-0.0285460274741	0.0773389126118	0.0308226770837	0.00128028033089	0.00943355424041	-0.0044591031143	0.0510460438953	-0.0641718064827	-0.0362497021499	-0.0123641237031	-0.0356091166167	-0.0266507376828	-0.0334128777876	-0.0645601708855	0.00143783442907	-0.0089847272182	-0.0157469721834	0.00552630901223	0.00555696930404	-0.0253297502475	0.0158086063929	-0.0259487021174	-0.0229398894255	-0.0248067964424	-0.0451050377333	-0.0445721843765	-0.0428330561454	0.000615433014914
k__Bacteria;p__Proteobacteria;c__Betaproteobacteria;o__Burkholderiales;f__Sutterellaceae;g__Parasutterella;s__Parasutterella_excrementihominis	-0.0545749296251	0.0174350085123	0.00370680493845	-0.0402206518342	0.0281451386078	0.0401095587871	0.0103031196138	-0.0663451263849	0.034176302808	-0.0385119729358	-0.0534850545197	-0.0677073852737	-0.030071816285	-0.0173546109383	-0.0403747133717	-0.0140247153499	0.0271296146835	0.0476522891527	-0.00867896034931	0.0510225894461	-0.0174173353928	0.0422843866874	1.0	-0.0208098887359	0.0339619819124	-0.0204542430173	0.0704328437317	0.0176233655275	0.00425555291374	-0.049666694	0.0179691231444	-0.0100840071782	-0.0247352798519	-0.0397702221324	-0.00121479588132	-0.0661168357586	-0.00742937156631	0.00486950495249	-0.00383910879033	-0.0106903066108	-0.0188105709974	-0.0125727447332	-0.080895657757	0.028001787884	-0.0148275012852	0.0468597239055	-0.00982537567448	0.00350893922149	0.00893264104883	0.0692957813879	0.0118172991165	0.0467169188421	0.0288954433382	-0.0358410361274	0.00578243864555	0.0232667635117	0.0241671368158	-0.0048541996773	-0.040921470608
k__Bacteria;p__Actinobacteria;c__Actinobacteria;o__Bifidobacteriales;f__Bifidobacteriaceae;g__Bifidobacterium;s__Bifidobacterium_adolescentis	-0.0332455240432	0.00696469214166	-0.0393843604941	-0.0421812542372	0.0494589792932	0.0117103006911	0.0337780149695	-0.0113727447894	0.00250239064752	0.00827584295583	0.0270051103548	0.0245457242383	-0.000503048015671	0.00965688546793	0.0147787830402	-0.0339362190961	-0.0730031787221	0.0121260533052	-0.0822448882712	-0.0506183512702	-0.049342815361	0.00239474075524	-0.0208098887359	1.0	-0.00511316569893	0.00992389947485	0.00615642884559	-0.0182908994312	-0.0239043009733	0.0147544225354	0.0270546732629	0.00518565321175	-0.0146615624303	-0.0376617387615	0.0510333955657	0.0348626665614	-0.0528315823723	-0.0303260385281	0.019210695722	-0.0196975958249	-0.00399884812765	0.00632349153968	-0.0219053140976	0.0423706064406	-0.0133563544775	0.0330273591445	0.0377939650462	-0.0170232064143	-0.0412829163578	-0.00785329999855	-0.0459619097336	-0.0420554830773	-0.046270503509	-0.0679502783721	-0.002161341137	0.0512159687454	-0.0281024241317	-0.0126636212564	-0.00111253082863
k__Bacteria;p__Firmicutes;c__Clostridia;o__Clostridiales;f__Oscillospiraceae;g__Oscillibacter;s__Oscillibacter_sp._KLE_1745	-0.0149869684735	-0.00972172033665	0.0275030678232	0.00637200852525	-0.0104169876289	-0.0552015379002	0.0226155768052	0.00226538849577	-0.05160364463	0.00362863909984	-0.0177723822702	-0.0178714026319	-0.0274953487744	0.0244691456981	-0.0145090761644	0.00814060402867	-0.0108462407851	-0.017852114664	-0.000538499478903	-0.00704816771939	0.0140499411107	0.0132026237451	0.0339619819124	-0.00511316569893	1.0	-0.00636775944031	0.0219678674838	0.0439708606128	-0.00321081363174	0.00959223722477	-0.0160266368495	0.00101903563836	-0.0292627642919	-0.0205548707073	-0.0657794114502	0.0120578249417	0.0300912418294	8.46565722924e-05	-0.0371429829849	-0.0480234996666	0.0164948914266	-0.0877147548407	-0.0118884761378	0.0125291701034	-0.0586808631823	-0.0175798466993	0.00582264381191	-0.00363662931611	-0.0179822940196	0.00996508353925	-0.0187091165722	-0.0850705414488	0.0526254063158	-0.0259834968532	0.0248216878219	0.0296797404405	0.0168563225027	-0.0641074534182	-0.025982728346
k__Bacteria;p__Bacteroidetes;c__Bacteroidia;o__Bacteroidales;f__Bacteroidaceae;g__Bacteroides;s__Bacteroides_coprophilus	-0.00430693024602	-0.0609729562107	-0.0138517662905	0.0156227466358	-0.0369159337779	-0.0658204972287	0.0176982077545	0.0177078975302	-0.0223525251463	-0.000210911951366	0.011955101305	-0.0599328134703	-0.00847493729985	0.0262607800778	-0.00983376334949	-0.049015927055	0.0687936033894	-0.00992776075763	-0.0156860677008	-0.0295738299907	-0.0470246783805	0.00813059669426	-0.0204542430173	0.00992389947485	-0.00636775944031	1.0	-0.0489282337097	-0.0165085891533	-0.0139817342573	0.00634720915399	-0.0787973018797	-0.0238001207898	-0.013628244545	-0.0379142470883	-0.00386133485395	0.021749036574	0.0270612469583	0.00419941858163	0.00697359637751	0.0158507324388	0.0124800249754	0.0237133351722	0.0153178864415	-0.0470366929419	0.0325070483186	-0.0078088818634	-0.0697418719383	0.04283924665	-0.0116375146504	0.0397795535982	-0.0602074901923	0.0371511593789	0.00123639616746	0.0550038995966	0.00120313983772	-0.102447591613	-0.0479224469073	0.0327406477716	-0.0166322572397
k__Bacteria;p__Firmicutes;c__Clostridia;o__Clostridiales;f__Lachnospiraceae;g__Roseburia;s__Roseburia_intestinalis	0.0101532451712	-0.0461125560069	-0.0269787341089	-0.0122220000965	0.00514132440783	-0.0144010145502	-0.0420470740029	-0.0474999905882	-0.0213646966843	-0.069089970433	-0.0403737028833	-0.0371662364935	0.0489815897544	0.0312373437352	0.00479315830907	0.0127555041696	-0.00195479556277	0.0257255132337	-0.00202900331342	0.059365598061	-0.0326786857678	-0.0368350477487	0.0704328437317	0.00615642884559	0.0219678674838	-0.0489282337097	1.0	0.00536310295283	-0.0512248217023	0.0777964251499	-0.0310939600919	0.005590772141	-0.0451700451167	0.0239202620292	0.0280564001127	-0.0394184183209	0.0490481268804	-0.0219261314273	0.0418541063176	-0.0955510643462	-0.0299823180619	-0.00171674234892	-0.00349867752707	-0.0389326849564	-0.071208907835	-0.0584016067962	0.0438746727961	-0.0446870884527	0.0096390162933	-0.0457992255304	0.0469301448537	-0.00736878671394	0.000213800076654	-0.0381710020501	0.0318493625207	-0.0118434169788	-0.0322366760053	0.00524774833107	-0.0268741281964
k__Bacteria;p__Firmicutes;c__Clostridia;o__Clostridiales;f__Lachnospiraceae;g__Roseburia;s__Roseburia_hominis	-0.0682437447474	-0.0432015008699	-0.0169499844033	0.00373154838512	0.00848565428125	0.0171533405104	-0.039833371549	0.00719811736292	-0.0449478577904	0.0688582777073	0.0262555542979	-0.0155758743709	-0.0713909572851	-0.0368457795448	0.0404269187844	0.0164468109357	-0.00498625904557	-0.00310262116947	-0.0589436409053	-0.0447076410778	0.0670487487023	0.0116135959161	0.0176233655275	-0.0182908994312	0.0439708606128	-0.0165085891533	0.00536310295283	1.0	0.0675748844812	0.0133534735568	-0.0237830037763	0.00553466737698	-0.00916165235233	0.0100464064278	-0.0601519416647	-0.0367673270415	0.00654329825113	0.0131549241498	0.00061826153434	-0.0422861266062	-0.0460003629494	-0.0767702449983	0.0220702456956	0.0304936091836	0.0276772059937	0.028169969409	0.0346922499996	-0.0914319893532	-0.0141131455323	0.00801904046163	-0.0395688893165	0.0133721440864	-0.0202850986947	0.0282816481143	0.0675257196115	-0.0180082535195	-0.0433077943931	-0.0161518339115	0.0212362586868
k__Bacteria;p__Bacteroidetes;c__Bacteroidia;o__Bacteroidales;f__Porphyromonadaceae;g__Parabacteroides;s__Parabacteroides_johnsonii	0.0296436680197	0.0429046694506	-0.000943759863787	-0.0227688390332	0.0865219305453	-0.0512443815968	-0.0468682867821	-0.0470671153179	-0.019224869038	0.0555802108246	-0.0305359967413	-0.0375599717734	0.00349376937171	0.00215161344311	0.0497043653447	0.00204675276861	-0.0122163916543	-0.0412603334466	-0.0218418838297	0.0250080302919	0.00362223469799	0.013218052158	0.00425555291374	-0.0239043009733	-0.00321081363174	-0.0139817342573	-0.0512248217023	0.0675748844812	1.0	-0.00901393472809	0.00279570576728	-0.013776925519	-0.0111108677646	-0.0636801836212	0.0163413255551	-0.0725389004776	0.00582640216304	-0.0467064700607	0.00585248842671	0.0185043406379	0.0112266039781	0.016917220587	-0.0411268900662	-0.0140734739242	0.00308069294676	0.0207489037513	-0.0437513076784	-0.00644260419429	-0.0293589348579	0.0116294242156	0.00690061210338	0.0272589360608	-0.0638254415911	0.0333030917333	-0.0265174910928	-0.0149823025238	0.0276890380771	-0.0991942557602	0.05942250908
k__Bacteria;p__Actinobacteria;c__Actinobacteria;o__Bifidobacteriales;f__Bifidobacteriaceae;g__Bifidobacterium;s__Bifidobacterium_longum	-0.0499833226157	-0.0420674609016	-0.0107509960945	0.00721014770704	0.0518590462713	-0.00363423951173	-0.032203164087	0.00229359322744	-0.0412306924091	0.0075655086973	0.0364291676249	-0.0285050025328	-0.0676305607733	-0.0220722457502	-0.0298102068716	0.00767214957672	-0.0392939478	-0.0269854201863	0.0203153800673	0.0311876516103	-0.0283455062432	-0.00546099432472	-0.049666694	0.0147544225354	0.00959223722477	0.00634720915399	0.0777964251499	0.0133534735568	-0.00901393472809	1.0	0.0234703961875	-0.016134106863	0.00488038051372	-0.0131801747334	-0.0118660712981	-0.00128546871182	-0.0585112305281	-0.0381901511017	-0.0124456579644	-0.0720051557625	-0.023479879112	0.0299134031954	0.0419672171244	-0.00550457708083	-0.025684833415	-0.00658963593268	0.0634001462142	0.0276239496969	0.00461060192959	0.00446993657357	-0.00170318255578	-0.0325278064647	-0.00983715984064	0.0251725296151	-0.0599802757684	-0.0503413204523	0.0127927738875	-0.0215103401051	0.0137608402261
