#taxonomy	k__Bacteria;p__Bacteroidetes;c__Bacteroidia;o__Bacteroidales;f__Bacteroidaceae;g__Bacteroides;s__Bacteroides_vulgatus	k__Bacteria;p__Bacteroidetes;c__Bacteroidia;o__Bacteroidales;f__Bacteroidaceae;g__Bacteroides;s__Bacteroides_uniformis	k__Bacteria;p__Bacteroidetes;c__Bacteroidia;o__Bacteroidales;f__Rikenellaceae;g__Alistipes;s__Alistipes_putredinis	k__Bacteria;p__Bacteroidetes;c__Bacteroidia;o__Bacteroidales;f__Prevotellaceae;g__Prevotella;s__Prevotella_copri	k__Bacteria;p__Bacteroidetes;c__Bacteroidia;o__Bacteroidales;f__Bacteroidaceae;g__Bacteroides;s__Bacteroides_stercoris	k__Bacteria;p__Bacteroidetes;c__Bacteroidia;o__Bacteroidales;f__Bacteroidaceae;g__Bacteroides;s__Bacteroides_ovatus	k__Bacteria;p__Bacteroidetes;c__Bacteroidia;o__Bacteroidales;f__Rikenellaceae;g__Alistipes;s__Alistipes_shahii	k__Bacteria;p__Firmicutes;c__Clostridia;o__Clostridiales;f__Ruminococcaceae;g__Faecalibacterium;s__Faecalibacterium_prausnitzii	k__Bacteria;p__Bacteroidetes;c__Bacteroidia;o__Bacteroidales;f__Rikenellaceae;g__Alistipes;s__Alistipes_finegoldii	k__Bacteria;p__Bacteroidetes;c__Bacteroidia;o__Bacteroidales;f__Porphyromonadaceae;g__Parabacteroides;s__Parabacteroides_distasonis	k__Bacteria;p__Bacteroidetes;c__Bacteroidia;o__Bacteroidales;f__Bacteroidaceae;g__Bacteroides;s__Bacteroides_thetaiotaomicron	k__Bacteria;p__Bacteroidetes;c__Bacteroidia;o__Bacteroidales;f__Bacteroidaceae;g__Bacteroides;s__Bacteroides_coprocola	k__Bacteria;p__Bacteroidetes;c__Bacteroidia;o__Bacteroidales;f__Bacteroidaceae;g__Bacteroides;s__Bacteroides_cellulosilyticus	k__Bacteria;p__Bacteroidetes;c__Bacteroidia;o__Bacteroidales;f__Rikenellaceae;g__Alistipes;s__Alistipes_obesi	k__Bacteria;p__Firmicutes;c__Clostridia;o__Clostridiales;f__Lachnospiraceae;g__;s__[Eubacterium]_rectale	k__Bacteria;p__Bacteroidetes;c__Bacteroidia;o__Bacteroidales;f__Bacteroidaceae;g__Bacteroides;s__Bacteroides_plebeius	k__Bacteria;p__Bacteroidetes;c__Bacteroidia;o__Bacteroidales;f__Bacteroidaceae;g__Bacteroides;s__Bacteroides_fragilis	k__Bacteria;p__Proteobacteria;c__Betaproteobacteria;o__Burkholderiales;f__Sutterellaceae;g__Sutterella;s__Sutterella_wadsworthensis	k__Bacteria;p__Bacteroidetes;c__Bacteroidia;o__Bacteroidales;f__Porphyromonadaceae;g__Barnesiella;s__Barnesiella_intestinihominis	k__Bacteria;p__Bacteroidetes;c__Bacteroidia;o__Bacteroidales;f__Odoribacteraceae;g__Odoribacter;s__Odoribacter_splanchnicus	k__Bacteria;p__Bacteroidetes;c__Bacteroidia;o__Bacteroidales;f__Bacteroidaceae;g__Bacteroides;s__Bacteroides_salyersiae	k__Bacteria;p__Firmicutes;c__Clostridia;o__Clostridiales;f__Ruminococcaceae;g__Ruminiclostridium;s__[Eubacterium]_siraeum	k__Bacteria;p__Proteobacteria;c__Betaproteobacteria;o__Burkholderiales;f__Sutterellaceae;g__Parasutterella;s__Parasutterella_excrementihominis	k__Bacteria;p__Actinobacteria;c__Actinobacteria;o__Bifidobacteriales;f__Bifidobacteriaceae;g__Bifidobacterium;s__Bifidobacterium_adolescentis	k__Bacteria;p__Firmicutes;c__Clostridia;o__Clostridiales;f__Oscillospiraceae;g__Oscillibacter;s__Oscillibacter_sp._KLE_1745	k__Bacteria;p__Bacteroidetes;c__Bacteroidia;o__Bacteroidales;f__Bacteroidaceae;g__Bacteroides;s__Bacteroides_coprophilus	k__Bacteria;p__Firmicutes;c__Clostridia;o__Clostridiales;f__Lachnospiraceae;g__Roseburia;s__Roseburia_intestinalis	k__Bacteria;p__Firmicutes;c__Clostridia;o__Clostridiales;f__Lachnospiraceae;g__Roseburia;s__Roseburia_hominis	k__Bacteria;p__Bacteroidetes;c__Bacteroidia;o__Bacteroidales;f__Porphyromonadaceae;g__Parabacteroides;s__Parabacteroides_johnsonii	k__Bacteria;p__Actinobacteria;c__Actinobacteria;o__Bifidobacteriales;f__Bifidobacteriaceae;g__Bifidobacterium;s__Bifidobacterium_longum	k__Bacteria;p__Firmicutes;c__Clostridia;o__Clostridiales;f__;g__Flavonifractor;s__Flavonifractor_plautii	k__Bacteria;p__Firmicutes;c__Clostridia;o__Clostridiales;f__Clostridiaceae;g__Clostridium;s__Clostridium_phoceensis	k__Bacteria;p__Verrucomicrobia;c__Verrucomicrobiae;o__Verrucomicrobiales;f__Akkermansiaceae;g__Akkermansia;s__Akkermansia_muciniphila	k__Bacteria;p__Bacteroidetes;c__Bacteroidia;o__Bacteroidales;f__Prevotellaceae;g__Paraprevotella;s__Paraprevotella_xylaniphila	k__Bacteria;p__Firmicutes;c__Clostridia;o__Clostridiales;f__Ruminococcaceae;g__Ruminococcus;s__Ruminococcus_callidus	k__Bacteria;p__Bacteroidetes;c__Bacteroidia;o__Bacteroidales;f__Rikenellaceae;g__Alistipes;s__Alistipes_senegalensis	k__Bacteria;p__Firmicutes;c__Clostridia;o__Clostridiales;f__Lachnospiraceae;g__Blautia;s__Blautia_sp._KLE_1732	k__Bacteria;p__Bacteroidetes;c__Bacteroidia;o__Bacteroidales;f__Bacteroidaceae;g__Bacteroides;s__Bacteroides_oleiciplenus	k__Bacteria;p__Firmicutes;c__Clostridia;o__Clostridiales;f__Ruminococcaceae;g__Ruminococcus;s__Ruminococcus_bicirculans	k__Bacteria;p__Bacteroidetes;c__Bacteroidia;o__Bacteroidales;f__Bacteroidaceae;g__Bacteroides;s__Bacteroides_fluxus	k__Bacteria;p__Bacteroidetes;c__Bacteroidia;o__Bacteroidales;f__Prevotellaceae;g__Prevotella;s__Prevotella_stercorea	k__Bacteria;p__Firmicutes;c__Clostridia;o__Clostridiales;f__Lachnospiraceae;g__Dorea;s__Dorea_longicatena	k__Bacteria;p__Firmicutes;c__Clostridia;o__Clostridiales;f__Eubacteriaceae;g__Eubacterium;s__[Eubacterium]_eligens	k__Bacteria;p__Firmicutes;c__Clostridia;o__Clostridiales;f__Ruminococcaceae;g__;s__Ruminococcaceae_bacterium_D16	k__Bacteria;p__Firmicutes;c__Clostridia;o__Clostridiales;f__Lachnospiraceae;g__Coprococcus;s__Coprococcus_comes	k__Bacteria;p__Proteobacteria;c__Gammaproteobacteria;o__Enterobacterales;f__Enterobacteriaceae;g__Escherichia;s__Escherichia_coli	k__Bacteria;p__Firmicutes;c__Clostridia;o__Clostridiales;f__Ruminococcaceae;g__Anaerotruncus;s__Anaerotruncus_colihominis	k__Bacteria;p__Firmicutes;c__Clostridia;o__Clostridiales;f__Lachnospiraceae;g__Blautia;s__Blautia_obeum	k__Bacteria;p__Bacteroidetes;c__Bacteroidia;o__Bacteroidales;f__Odoribacteraceae;g__Odoribacter;s__Odoribacter_laneus	k__Bacteria;p__Firmicutes;c__Clostridia;o__Clostridiales;f__Ruminococcaceae;g__Ruminiclostridium;s__[Clostridium]_leptum	k__Bacteria;p__Bacteroidetes;c__Bacteroidia;o__Bacteroidales;f__Porphyromonadaceae;g__Parabacteroides;s__Parabacteroides_goldsteinii	k__Bacteria;p__Firmicutes;c__Clostridia;o__Clostridiales;f__Lachnospiraceae;g__Anaerostipes;s__Anaerostipes_hadrus	k__Bacteria;p__Firmicutes;c__Clostridia;o__Clostridiales;f__Ruminococcaceae;g__Ruminococcus;s__Ruminococcus_lactaris	k__Bacteria;p__Firmicutes;c__Clostridia;o__Clostridiales;f__Clostridiaceae;g__Clostridium;s__Clostridium_sp._L2-50	k__Bacteria;p__Firmicutes;c__Clostridia;o__Clostridiales;f__Clostridiaceae;g__Clostridium;s__Clostridium_sp._M62/1	k__Bacteria;p__Firmicutes;c__Clostridia;o__Clostridiales;f__;g__Intestinimonas;s__Intestinimonas_butyriciproducens	k__Bacteria;p__Actinobacteria;c__Actinobacteria;o__Bifidobacteriales;f__Bifidobacteriaceae;g__Bifidobacterium;s__Bifidobacterium_bifidum	k__Bacteria;p__Firmicutes;c__Negativicutes;o__Veillonellales;f__Veillonellaceae;g__Dialister;s__Dialister_invisus	k__Bacteria;p__Bacteroidetes;c__Bacteroidia;o__Bacteroidales;f__Bacteroidaceae;g__Bacteroides;s__Bacteroides_salanitronis
k__Bacteria;p__Bacteroidetes;c__Bacteroidia;o__Bacteroidales;f__Bacteroidaceae;g__Bacteroides;s__Bacteroides_vulgatus	1.0	-0.0202165653856	-0.0151529991587	-0.0265658828825	0.00140555602868	0.00808723244938	-0.0234224001323	-0.0167695797958	0.0627025884032	-0.0318711191254	-0.0295489457357	0.019352344525	0.00106021054325	0.00276216121785	-0.0672559010896	-0.00108372038624	0.0278097136142	0.0444011408845	0.0106915688566	-0.0172037019018	-0.00468178865534	-0.0766154952775	0.0430293240229	0.00743259316278	-0.0159022670357	-0.00960667589042	0.0145187960545	-0.0299124505712	0.0251680387644	-0.0535313020931	-0.00766401050418	0.0448578035157	-0.0267562719164	-0.0402844114741	-0.00363753955709	-0.00767698250942	-0.0747210018095	0.0166476752485	-0.0606956086473	0.0140577270032	0.0963631334018	-0.0149418397777	0.0135007816981	-0.0215170650712	-0.0548846432942	-0.01236514571	0.0171417487858	0.0111387162146	-0.00824330182235	-0.0365044535349	-0.0318011277459	-0.0288234763966	-0.0120468808984	-0.0224561616103	0.00193188089046	-0.0203254784054	0.0245942017042	-0.0324776305055	-0.0108528735478
k__Bacteria;p__Bacteroidetes;c__Bacteroidia;o__Bacteroidales;f__Bacteroidaceae;g__Bacteroides;s__Bacteroides_uniformis	-0.0202165653856	1.0	-0.0293292023858	0.00504949897568	-0.0161649048719	0.0143598240868	-0.0460016263758	0.00569570900537	0.0177156631816	0.0108826155393	0.0391608921608	0.0309445318745	0.0114561012981	-0.0566079463333	-0.0342794942746	-0.0216801749165	-0.0723630860046	-0.0150462015826	-0.0180440959285	-0.0141651985072	0.0295931817439	0.0016168814482	-0.0675808084582	-0.0532455269153	0.0161043040267	0.0261583391627	0.00372975189554	0.0300704481767	-0.0190832674242	0.0246652957903	0.016535266732	0.0091230714391	0.0218675814231	0.0349047455077	0.0183460022804	0.0189342096265	-0.0608288355549	0.00490650456003	0.0416870367388	-0.0224195342372	-0.0647158311384	0.00485584899579	0.0231552613073	0.0321554844444	0.0298246802347	-0.00150412707663	-0.0310481543915	-0.0104585325115	0.0305165925832	-0.00943709433689	0.0630186465398	-0.0228156660139	-0.0191915161004	0.0265213669805	-0.0491431193711	0.0110015773412	0.00618325843667	-0.0288085347105	0.0301280509132
k__Bacteria;p__Bacteroidetes;c__Bacteroidia;o__Bacteroidales;f__Rikenellaceae;g__Alistipes;s__Alistipes_putredinis	-0.0151529991587	-0.0293292023858	1.0	0.0101936700318	0.00225070476646	-0.0203968802095	0.0131396967607	0.0483097641906	0.00711862099989	0.0373367102258	-0.014794602144	-0.0337892334764	-0.0647395276	-0.00280639840983	-0.0813587022273	0.0496857427215	-0.0214250478374	0.000351571019166	0.0073409088651	-0.0250529952924	-0.019585222999	-0.0230758464929	-0.040610431558	0.0397491913764	0.0450434442179	-0.0373869304365	-0.0313992629893	-0.0704232273588	-0.0422543746523	0.0123334081972	-0.0583636577175	-0.0210672711896	-0.00726844720592	0.096877694832	-0.00877715429984	0.0197398796765	0.0209366533839	-0.00694956819927	-0.0460815155159	0.00773510653637	0.061048447418	-0.00466345319383	-0.0272635040108	-0.0224007820106	0.0261893369843	0.0129563315269	0.0446221593088	0.0387702292074	0.00950990893721	-0.000575589854974	-0.0490730768804	-0.0390627007341	0.0715319540236	0.00754861653449	-0.0158605902955	0.0169781906124	-0.00233471624274	0.009760271249	0.0366108000957
k__Bacteria;p__Bacteroidetes;c__Bacteroidia;o__Bacteroidales;f__Prevotellaceae;g__Prevotella;s__Prevotella_copri	-0.0265658828825	0.00504949897568	0.0101936700318	1.0	-0.0935815912979	0.00952977258051	0.0436037274289	-0.056685016842	-0.00305525684649	-0.00705292884539	0.0122119734922	0.0187302071052	0.0852903214429	0.00978307847173	0.048982485071	0.00850144415289	-0.0254509189418	0.0203480862943	-0.0550021584396	-0.0355598891151	0.0135578689976	0.056097377155	-0.0460072476756	0.00137763757091	0.0822996932675	-0.0532094700711	-0.0161738201731	0.0726598404341	-0.033298720126	-0.0134922175129	0.000561837874483	-0.044711740249	-0.00310801551044	-0.0119632397279	0.0441325687177	0.000308322917356	-0.0108623559216	-0.0710734547718	-0.017950972258	-0.0631013990862	-0.00177742576851	-0.0253511247418	-0.020361745948	-0.006692656525	0.0014074791049	-0.0159491430431	0.00168997341883	-0.0243979160152	0.0123452748716	0.00383243457501	0.0105740734527	0.0281941011021	-0.0254537299078	-0.0448187773106	-0.0271782463717	0.0372766625298	0.0468040685206	-0.08485568202	0.0139955156411
k__Bacteria;p__Bacteroidetes;c__Bacteroidia;o__Bacteroidales;f__Bacteroidaceae;g__Bacteroides;s__Bacteroides_stercoris	0.00140555602868	-0.0161649048719	0.00225070476646	-0.0935815912979	1.0	0.0111033139481	0.00905214596814	0.050353142462	-0.0240653555129	-0.00627206324447	-0.0740191093833	-0.0234327682714	-0.114306870832	0.00792245359197	0.0368144238955	-0.017420178814	0.0229367436118	0.018123015751	0.00760125850515	-0.0695500695158	-0.0586387956316	0.0247650326338	0.0476380683132	-0.0257996516611	-0.0618963198526	-0.00287602065141	0.0192308062211	0.00346461559143	-0.0369918359832	-0.0567495658011	0.0239876763316	-0.0848088253423	0.0445676169114	-0.00587343802069	0.012163601871	0.0677635673395	-0.0420504939045	0.00967437657519	-0.0259230131991	0.0259119457968	-0.0162147266386	-0.0294255891462	-0.0505146174458	0.0459428712008	0.0864955760865	0.0255871760187	-0.0103891624866	-0.0289973662077	0.00970411211881	-0.0447966320911	-0.0599531916301	-0.0244746200595	0.0231457828333	0.0206684248734	0.047349875191	-0.0140924453622	0.0527972335792	0.043046331949	0.000530945710304
k__Bacteria;p__Bacteroidetes;c__Bacteroidia;o__Bacteroidales;f__Bacteroidaceae;g__Bacteroides;s__Bacteroides_ovatus	0.00808723244938	0.0143598240868	-0.0203968802095	0.00952977258051	0.0111033139481	1.0	-0.0180940678158	-0.0486731639573	-0.0238232001314	0.00214758532372	-0.0433542505093	0.00600342771372	-0.000773772909533	-0.0288813815547	0.0223056277506	-0.0442872819835	0.0342012421769	0.0139769194011	-0.000512732617445	-0.00314301026892	-0.034028825236	0.00904869621594	-0.0283143068323	-0.0375639574103	-0.0284309995608	-0.0516144282548	-0.0222809504797	0.0154193932879	-0.0270468919794	0.00165372615797	-0.0150689426182	-0.00386927187568	0.00892817220807	0.0251174256599	-0.0383263922252	0.0190989394618	0.0213745020103	-0.0397706219319	-0.0296354175732	-0.0118039938147	-0.0909671935314	0.0457421146195	0.098128286054	-0.0162979920845	0.00953921511582	-0.0148285364653	0.0793576301744	-0.0117960850777	-0.0149237345871	0.0615269512894	-0.00650180158793	0.00355342361257	-0.0162480012054	-0.0668476475064	0.00381461742479	-0.0332590036799	-0.0365284978446	-0.00488692794656	0.00778178155651
k__Bacteria;p__Bacteroidetes;c__Bacteroidia;o__Bacteroidales;f__Rikenellaceae;g__Alistipes;s__Alistipes_shahii	-0.0234224001323	-0.0460016263758	0.0131396967607	0.0436037274289	0.00905214596814	-0.0180940678158	1.0	0.000316990924469	-0.0415069842463	-0.0857247065419	0.0135219787234	-0.065239288331	0.0108784457091	0.0136222047746	-0.0144803526994	0.0295117362602	-0.0338197096255	-0.0324831987925	-0.0138070065831	0.0301457277773	-0.0118968427841	-0.0480124078786	0.0490247591795	0.00474358682176	-0.0188371341426	0.0201923528342	-0.0260779056351	-0.0548098932445	0.02602704756	-0.0268341189669	-0.0688303323473	0.00716632355589	0.0316925976831	0.0297519846701	0.0503024035849	0.0069109536522	0.0356343863191	-0.00609527483351	-0.05380766326	-0.0213182131486	0.0290304432671	0.0142080628791	-0.0117754857622	0.0193510027429	0.00515270697865	0.0115870132803	-0.0249444189577	0.0206094702122	0.0465150229765	0.00703736148146	-0.0325962685179	-0.0397533979119	-0.0217949460755	0.0185400091006	-0.00743981581637	0.0242855931655	-0.0350306887607	-0.107523424786	-0.000662304915131
k__Bacteria;p__Firmicutes;c__Clostridia;o__Clostridiales;f__Ruminococcaceae;g__Faecalibacterium;s__Faecalibacterium_prausnitzii	-0.0167695797958	0.00569570900537	0.0483097641906	-0.056685016842	0.050353142462	-0.0486731639573	0.000316990924469	1.0	-0.033017349013	-0.0097172464361	-0.0291495981531	-0.0264039256916	0.00374387517464	0.0915806292031	0.0160593688054	-0.0279973156155	0.014161349171	-0.00106731938494	0.0178798864168	-0.0177995924636	-0.0539240895624	0.0081185242716	0.0120968244358	0.0143517713773	-0.00733392699411	0.097123369492	0.0380608897567	0.00551989964847	-0.0176268762769	0.0754105019889	0.021457517014	-0.000534138990868	-0.0356974976457	0.0295628547018	-0.0648683594471	-0.0175854504872	0.0158647741547	-0.0851880525855	0.00338084057299	-0.00128474848225	-0.0203117559607	-0.0461686549103	-0.098716973719	-0.0588936573453	0.00710891113898	-0.00328890011699	-0.0193988708965	-0.0103633423776	0.0411058204319	0.0213295966365	-0.00712340464185	0.00246317142281	-0.0160442701345	0.0313241322894	0.000194385086639	-0.00732362803245	-0.0524914655436	-0.025508258442	-0.0439050499038
k__Bacteria;p__Bacteroidetes;c__Bacteroidia;o__Bacteroidales;f__Rikenellaceae;g__Alistipes;s__Alistipes_finegoldii	0.0627025884032	0.0177156631816	0.00711862099989	-0.00305525684649	-0.0240653555129	-0.0238232001314	-0.0415069842463	-0.033017349013	1.0	0.0193532968583	-0.0415127560832	-0.0255472755725	0.0518015132469	-0.00501074565605	0.0152192099279	-0.0429827059954	-0.0230236185194	0.0216403881675	-0.0384408028081	0.00242114772745	-0.038271469503	0.0243693895732	-0.0224341743454	0.00152183168798	0.0156584771502	0.0341085051955	-0.000793913977478	-0.0118136148703	-0.0151503120107	0.0282148637742	-0.0147042780709	0.00972834712401	-0.0128773081579	-0.0406474874169	-0.0417524123757	0.0151588159699	-0.0377448419729	0.00269747127114	0.0162319783643	0.00176584603599	-0.0197375321608	-0.00234477802878	0.0134159678979	0.00271925435795	-0.0159983686936	-0.0246939846721	0.0496472683714	0.0107328344858	-0.0187284093962	-0.0442727543499	-0.0398892354779	-0.00310759656259	0.0222986684005	0.00904575707628	0.0001196542066	-0.0661324981134	-0.0205775058794	-0.0712185906096	0.00132475882038
k__Bacteria;p__Bacteroidetes;c__Bacteroidia;o__Bacteroidales;f__Porphyromonadaceae;g__Parabacteroides;s__Parabacteroides_distasonis	-0.0318711191254	0.0108826155393	0.0373367102258	-0.00705292884539	-0.00627206324447	0.00214758532372	-0.0857247065419	-0.0097172464361	0.0193532968583	1.0	0.0130697449727	0.0185486586984	0.0224802360059	0.0127425147109	-0.0206749623214	-0.0146610931894	0.0324428861931	-0.023220937589	-0.0487396720631	-0.0403048199709	-0.0265635217498	0.0307303752716	-0.0246646520152	-0.013609852577	0.0374422488696	0.0537989508459	0.0485797005918	0.039859586352	-0.0170801667835	0.0169263880201	-0.0498369459883	-0.0695498057324	-0.0309505953529	0.00439931207362	0.00419040260425	-0.0204569125324	0.0182774943345	-0.0271583699956	-0.0353862977726	0.0300418703015	0.00347924549428	-0.0530283157514	-0.0441250507465	-0.0200822745935	-0.0232673651314	0.0172362107278	-0.0399060937449	0.0149864037338	-0.0364881265867	0.0393993019021	0.0121872382587	-0.0174072284939	0.00651735622309	-0.013182635248	-0.0282139198642	0.0166686719666	0.0416758094637	-0.02635282696	0.0069962806404
k__Bacteria;p__Bacteroidetes;c__Bacteroidia;o__Bacteroidales;f__Bacteroidaceae;g__Bacteroides;s__Bacteroides_thetaiotaomicron	-0.0295489457357	0.0391608921608	-0.014794602144	0.0122119734922	-0.0740191093833	-0.0433542505093	0.0135219787234	-0.0291495981531	-0.0415127560832	0.0130697449727	1.0	0.038525949945	-0.0216533472712	-0.0134264237468	-0.0204581977821	0.00714220618901	0.00283818601755	0.00772455852479	0.0344083168777	0.0155967551291	-0.0269335230484	-0.0156285622838	-0.0358357710578	0.0194938310459	0.0151500201925	0.0376361855029	-0.0194667035751	0.00165435866078	-0.00153982309839	0.0232665735009	0.0198720183573	0.0323747425427	0.0459576947826	-0.0122012323883	-0.017929466422	0.0720142608342	-0.0142967388563	-0.0176789106097	0.0215322906638	0.02654175012	0.00868890154515	-0.025334025355	-0.0575102827587	-0.0523273608966	-0.026064077805	-0.0318204151359	-0.0071251185169	-0.00178507020242	0.021747094867	0.0292402085262	-0.0933949341094	-0.0065858226654	-0.0276951451752	-0.00852350376223	0.00251924070582	0.0302654459576	-0.0753764691786	-0.0591939985921	-0.00607061202981
k__Bacteria;p__Bacteroidetes;c__Bacteroidia;o__Bacteroidales;f__Bacteroidaceae;g__Bacteroides;s__Bacteroides_coprocola	0.019352344525	0.0309445318745	-0.0337892334764	0.0187302071052	-0.0234327682714	0.00600342771372	-0.065239288331	-0.0264039256916	-0.0255472755725	0.0185486586984	0.038525949945	1.0	0.0390173380519	0.0137756876278	0.0162593113116	0.0270543758692	-0.00917423137397	0.0385757358116	0.0393341863089	-0.0493875847017	0.0233882266403	0.0298949869464	0.0117579689864	-0.0228666160852	-0.0324300889585	-0.0445341783619	0.00906543036385	-0.0234708513459	0.0076553600659	-0.0163101158233	0.00881967934681	0.0404956307011	0.00327232810335	-0.0193185642215	-0.0673394498474	0.00679811390174	0.00715308117499	0.0590685243812	-0.0510176020046	-0.0477492206976	-0.0294659427688	0.0332582415046	-0.0192350093316	-0.040176700688	-0.057205667792	-0.0188218546683	0.00551823148708	0.0141629470503	-0.0253952993036	-0.0391416257418	-0.0354540286233	0.0451126091663	-0.0105714117822	-0.0277422963287	-0.0110629338078	0.0215646932932	0.018366182902	-0.00514023963476	-0.00933662072466
k__Bacteria;p__Bacteroidetes;c__Bacteroidia;o__Bacteroidales;f__Bacteroidaceae;g__Bacteroides;s__Bacteroides_cellulosilyticus	0.00106021054325	0.0114561012981	-0.0647395276	0.0852903214429	-0.114306870832	-0.000773772909533	0.0108784457091	0.00374387517464	0.0518015132469	0.0224802360059	-0.0216533472712	0.0390173380519	1.0	-0.0257385629777	-0.00446639963386	-0.0376564192391	-0.0462234087614	-0.0137089662758	-0.0589144487675	-0.027942101447	0.012867960246	-0.00129156618611	0.0547339561675	-0.0445581504146	-0.0547705442325	-0.107086241869	0.0280211075505	0.000904625768152	-0.00449702830207	0.00438757013743	-0.0414116580811	0.0533611806601	-0.00673513892518	-0.00122634056409	-0.0428347540447	0.0149746583657	-0.00772464206585	-0.0187987592771	-0.0760620687039	-0.0250347323151	-0.0405596461191	-0.00757122840019	0.0441959873085	0.0117662058341	-0.00794707120654	-0.0130363449576	-0.0137917846133	0.033663565732	0.00206942849073	0.0521256983135	0.037129866882	-0.00793508911969	-0.0680496528317	-0.0110923846918	-0.0436671686383	0.0405101068891	-0.0414297770212	-0.0243566650954	0.0206810641449
k__Bacteria;p__Bacteroidetes;c__Bacteroidia;o__Bacteroidales;f__Rikenellaceae;g__Alistipes;s__Alistipes_obesi	0.00276216121785	-0.0566079463333	-0.00280639840983	0.00978307847173	0.00792245359197	-0.0288813815547	0.0136222047746	0.0915806292031	-0.00501074565605	0.0127425147109	-0.0134264237468	0.0137756876278	-0.0257385629777	1.0	-0.024313259421	-0.0126547044025	-0.0109353626807	-0.0521437737791	-0.0570810295179	-0.0288508369589	-0.0231565305617	-0.0199013832006	0.0212582427332	-0.00528398456398	-0.0300452644731	0.0115235309283	-0.00621090625361	0.0108529579229	0.0104271204904	0.0295502597983	0.015914059139	-0.0472355342103	-0.0307804523064	0.0204605955116	0.0248664052867	-0.00441911898062	-0.0160913341119	0.0181263372599	-0.0147294647224	0.0135133087096	-0.00299021391175	-0.0550925803794	-0.0359666347955	0.0015514584414	-0.00697460732867	0.0149257774689	-0.046759543198	-0.0559603102142	-0.00388371741003	0.00368485246583	0.021714270006	-0.00818259093387	-0.00752758922075	0.0198377810287	-0.0907380260984	-0.015255492265	0.0164229641605	-0.00159015229336	0.0335761450732
k__Bacteria;p__Firmicutes;c__Clostridia;o__Clostridiales;f__Lachnospiraceae;g__;s__[Eubacterium]_rectale	-0.0672559010896	-0.0342794942746	-0.0813587022273	0.048982485071	0.0368144238955	0.0223056277506	-0.0144803526994	0.0160593688054	0.0152192099279	-0.0206749623214	-0.0204581977821	0.0162593113116	-0.00446639963386	-0.024313259421	1.0	-0.0771907478388	0.0217334545924	-0.0192809537593	-0.00390751618841	-0.0401110371922	0.014953604291	0.0153989257732	-0.0197233859167	0.0063772004469	-0.0387153583513	-0.0270213683445	-0.0173420710634	0.0202142181592	-0.0199858603793	-0.0587906018255	0.0338609327161	-0.0398687220004	0.0674272790732	-0.028579646577	-0.0168998246332	-0.00346450802319	-0.0335818274106	-0.0785125444113	-0.00184764921384	-0.016286506994	0.0119668385336	0.0463691234628	-0.0215453735798	0.00229485501315	0.0566067511126	-0.0487788448807	-0.00287809754327	-0.064408958012	-0.0488184346843	-0.0461701532342	0.0308995152929	-0.0135027159734	-0.0174170260066	-0.00674862455234	0.0186430968323	0.0133061939366	-0.00102695793349	0.00365568296245	-0.0239358518321
k__Bacteria;p__Bacteroidetes;c__Bacteroidia;o__Bacteroidales;f__Bacteroidaceae;g__Bacteroides;s__Bacteroides_plebeius	-0.00108372038624	-0.0216801749165	0.0496857427215	0.00850144415289	-0.017420178814	-0.0442872819835	0.0295117362602	-0.0279973156155	-0.0429827059954	-0.0146610931894	0.00714220618901	0.0270543758692	-0.0376564192391	-0.0126547044025	-0.0771907478388	1.0	-0.0694355690495	0.00360413145132	0.0154802094507	0.0475516352992	-0.0164886337713	-0.0326651849727	-0.0115875423402	-0.0112479747713	0.00854694398046	-0.00779164445722	-0.0473424398387	0.000867818250033	-0.0389813784641	-0.0318276045962	0.0540463145011	-0.0314228656925	-0.027594814991	0.0118609327957	-0.019604623332	-0.0352068747664	-0.0274255886381	0.0294200134794	0.00570541080877	-0.00167604820864	-0.0158642463443	0.0930336897	-0.0120812190517	-0.0553446968565	0.0678324399705	-0.0169002173702	-0.0308812832505	0.0198085509527	-0.0756919187322	-0.00999087416743	0.0449494186509	0.0481490999618	0.0159299320843	-0.0324583329656	-0.026572347025	0.00958316567925	-0.00522173088854	-0.0298884580827	-0.0118317259037
k__Bacteria;p__Bacteroidetes;c__Bacteroidia;o__Bacteroidales;f__Bacteroidaceae;g__Bacteroides;s__Bacteroides_fragilis	0.0278097136142	-0.0723630860046	-0.0214250478374	-0.0254509189418	0.0229367436118	0.0342012421769	-0.0338197096255	0.014161349171	-0.0230236185194	0.0324428861931	0.00283818601755	-0.00917423137397	-0.0462234087614	-0.0109353626807	0.0217334545924	-0.0694355690495	1.0	-0.0608087871704	-0.0402754341897	-0.0197054348	0.0463645053422	-0.0287865481257	-0.0596690342498	-0.0581453759243	-0.00316875024228	0.0535539346752	0.0179815094191	-0.0542503771565	-0.0242411731881	0.0545351925326	-0.036421241328	0.0193440130172	0.0370055759619	0.0465265301352	0.0207804806769	-0.0773015752758	0.0124523301868	0.0109435686804	0.00533917105966	0.0336999367949	-0.0396242185048	0.0172957045889	-0.0247483698741	-0.0479226077769	0.0341806732971	0.0336612042032	-0.00564665467717	-0.015552771063	-0.0224769208345	0.0065854044899	-0.082366745793	-0.0443722556274	0.0175683801786	-0.0239554442953	-0.027460131284	-0.031980177912	0.000456657746269	0.0587174208637	-0.0101821095897
k__Bacteria;p__Proteobacteria;c__Betaproteobacteria;o__Burkholderiales;f__Sutterellaceae;g__Sutterella;s__Sutterella_wadsworthensis	0.0444011408845	-0.0150462015826	0.000351571019166	0.0203480862943	0.018123015751	0.0139769194011	-0.0324831987925	-0.00106731938494	0.0216403881675	-0.023220937589	0.00772455852479	0.0385757358116	-0.0137089662758	-0.0521437737791	-0.0192809537593	0.00360413145132	-0.0608087871704	1.0	-0.0518121860136	0.0258650764678	-0.00916891879501	-0.0358404969406	0.0008855219612	-0.0631641647402	0.0242009932699	0.011330496333	0.0678191330504	-0.0163769166185	0.00030970372572	0.0283056328497	-0.0304175020666	0.00605041521599	0.014841141058	-0.0176974776149	-0.021361602407	0.00117246022445	-0.0237786425868	0.00365280064148	-0.0180179000641	0.0205611244978	-0.0201974501341	0.0218839284035	-0.0163739645844	-0.0325699921918	-0.0527155638005	0.00736419825937	-0.0508968332236	0.00314726881305	0.0550987085479	-0.0126671415064	-0.0374702741193	0.013910049191	-0.0306917566127	-0.0414222854754	0.0382663555899	0.0618602944942	-0.0192002994942	-0.0159378344807	0.0054648930589
k__Bacteria;p__Bacteroidetes;c__Bacteroidia;o__Bacteroidales;f__Porphyromonadaceae;g__Barnesiella;s__Barnesiella_intestinihominis	0.0106915688566	-0.0180440959285	0.0073409088651	-0.0550021584396	0.00760125850515	-0.000512732617445	-0.0138070065831	0.0178798864168	-0.0384408028081	-0.0487396720631	0.0344083168777	0.0393341863089	-0.0589144487675	-0.0570810295179	-0.00390751618841	0.0154802094507	-0.0402754341897	-0.0518121860136	1.0	-0.00349734880866	0.036233362521	-0.0146996957187	0.0109305013222	0.012830550384	-0.0562664486423	-0.055670202496	0.00974795688365	-0.026206910953	0.0472409958507	-0.0377497801483	0.00156290742448	-0.0439802112364	0.0200058910704	0.00901777857707	-0.0236869805469	0.0225210584405	-0.0384776271283	0.0150864201233	-0.00316400034046	0.02324536891	-0.0171816322645	-0.0182602875827	-0.0334909215387	0.0238327543598	0.00789249772528	-0.000116840420209	-0.00450821267707	-0.0123654795167	-0.0237454622999	0.0598887696896	0.0199632496014	-0.0088503660725	0.0125956156895	-0.00446942606144	-0.00754167881391	-0.0168493730648	0.0966036745887	-0.0340438470624	-0.0425792838597
k__Bacteria;p__Bacteroidetes;c__Bacteroidia;o__Bacteroidales;f__Odoribacteraceae;g__Odoribacter;s__Odoribacter_splanchnicus	-0.0172037019018	-0.0141651985072	-0.0250529952924	-0.0355598891151	-0.0695500695158	-0.00314301026892	0.0301457277773	-0.0177995924636	0.00242114772745	-0.0403048199709	0.0155967551291	-0.0493875847017	-0.027942101447	-0.0288508369589	-0.0401110371922	0.0475516352992	-0.0197054348	0.0258650764678	-0.00349734880866	1.0	0.00198678046883	-0.0491034822729	0.000143173400199	-0.0457301738183	0.0228681211165	0.0498435555587	0.0345930480336	0.0619443356711	-0.0523178665841	0.0430495301988	-0.0294296251713	0.0451007087965	-0.051565066573	0.00455957301535	-0.0347043033135	-0.00587865294418	-0.0281301016469	0.00955383891953	-0.0268626346076	0.00584447287731	-0.0332839554597	-0.0748254971658	-0.10222532114	-0.0263352856037	-0.0203240897939	0.00194029283651	0.00284435983755	0.0454319441745	-0.0194336578825	-0.00917713665523	0.00789048374386	-0.0501592234763	0.0427845765379	0.0332512723821	-0.0510554686132	-0.0346304062245	-0.0261361319532	-0.00116981682977	0.00820486807544
k__Bacteria;p__Bacteroidetes;c__Bacteroidia;o__Bacteroidales;f__Bacteroidaceae;g__Bacteroides;s__Bacteroides_salyersiae	-0.00468178865534	0.0295931817439	-0.019585222999	0.0135578689976	-0.0586387956316	-0.034028825236	-0.0118968427841	-0.0539240895624	-0.038271469503	-0.0265635217498	-0.0269335230484	0.0233882266403	0.012867960246	-0.0231565305617	0.014953604291	-0.0164886337713	0.0463645053422	-0.00916891879501	0.036233362521	0.00198678046883	1.0	0.0133901385279	-0.0199009020514	0.00641659599244	0.000533639920654	-0.0575622964294	-0.0193667035182	0.0261170981034	-0.0400254482288	-0.0212332861406	-0.0311738201427	-0.00192609926639	-0.0830512546856	-0.0246873718822	0.0149317846162	0.0239005888403	-0.0255044709506	0.00422322171352	0.0222755712644	-0.0251297807799	0.00143326379514	0.0253904838004	0.00327483981897	-0.0748688194616	-0.00387143911909	-0.0123569853925	0.0435088421357	-0.005457938413	0.0463246018216	0.0403728270994	-0.0340001762994	-0.0178735719725	-0.0747328435643	0.0330684370351	-0.0187931351202	-0.000155624639123	-0.0265326247228	0.11420548273	-0.0466636684396
k__Bacteria;p__Firmicutes;c__Clostridia;o__Clostridiales;f__Ruminococcaceae;g__Ruminiclostridium;s__[Eubacterium]_siraeum	-0.0766154952775	0.0016168814482	-0.0230758464929	0.056097377155	0.0247650326338	0.00904869621594	-0.0480124078786	0.0081185242716	0.0243693895732	0.0307303752716	-0.0156285622838	0.0298949869464	-0.00129156618611	-0.0199013832006	0.0153989257732	-0.0326651849727	-0.0287865481257	-0.0358404969406	-0.0146996957187	-0.0491034822729	0.0133901385279	1.0	-0.0307968842977	-0.0170724130433	0.0186825255452	-0.00425176201488	0.031418737151	0.00352629760584	0.00288339225018	0.0175227094394	-0.016301815766	-0.00776531477082	0.00613359683825	-0.0161128946525	-0.0087476030318	0.0327174029343	0.00988034451331	0.0544877892893	-0.0682981997217	-0.0317242579104	0.0216393805422	-0.0197653181739	-0.00315483219522	-0.0777374481438	-0.0279940997732	-0.0254690196989	0.0370924014524	0.0131824484685	-0.0227150091486	-0.0367449050595	-0.00344855240746	0.00287883350942	0.0336301212573	0.0326312097141	-0.0120787595132	-0.0362130826963	0.0320908511055	0.00572262184318	0.0189035385991
k__Bacteria;p__Proteobacteria;c__Betaproteobacteria;o__Burkholderiales;f__Sutterellaceae;g__Parasutterella;s__Parasutterella_excrementihominis	0.0430293240229	-0.0675808084582	-0.040610431558	-0.0460072476756	0.0476380683132	-0.0283143068323	0.0490247591795	0.0120968244358	-0.0224341743454	-0.0246646520152	-0.0358357710578	0.0117579689864	0.0547339561675	0.0212582427332	-0.0197233859167	-0.0115875423402	-0.0596690342498	0.0008855219612	0.0109305013222	0.000143173400199	-0.0199009020514	-0.0307968842977	1.0	-0.0232363312157	0.0521695340609	-0.0178814871776	-0.014189397218	0.0514285417916	-0.0327450973621	-0.0623064666467	-0.00850920957856	0.0426662975663	0.0204434912679	-0.0389410051458	0.0234870715652	-0.00159394007282	-0.0348366236338	0.00451808844002	0.0217606653941	-0.10606672617	0.0442738672016	-0.0081289039558	-0.030970297165	0.0323028800361	-0.0794479105343	-0.022292990372	0.0240353642603	-0.0124084418752	-0.0318542290173	0.068857157684	-0.0168478699004	0.0233047668582	-0.00979559101198	-0.00566677919887	-0.0495606358446	0.00750658967863	-8.89974194286e-05	-0.0352657568779	-0.00766092597663
k__Bacteria;p__Actinobacteria;c__Actinobacteria;o__Bifidobacteriales;f__Bifidobacteriaceae;g__Bifidobacterium;s__Bifidobacterium_adolescentis	0.00743259316278	-0.0532455269153	0.0397491913764	0.00137763757091	-0.0257996516611	-0.0375639574103	0.00474358682176	0.0143517713773	0.00152183168798	-0.013609852577	0.0194938310459	-0.0228666160852	-0.0445581504146	-0.00528398456398	0.0063772004469	-0.0112479747713	-0.0581453759243	-0.0631641647402	0.012830550384	-0.0457301738183	0.00641659599244	-0.0170724130433	-0.0232363312157	1.0	0.00992730149737	-0.0249468966248	-0.0332757434803	0.016539029357	-0.0327721434815	-0.0174486502297	0.0307254597038	0.00210290959303	0.00369066251642	0.0122988080328	-0.0503622192234	0.0138375450076	0.00130998335541	0.0087908515181	0.0174599570439	-0.0223952421917	-0.0426786668747	-0.0168627121475	-0.038123353213	-0.0247825412391	-0.0194026528668	0.0123618299638	-0.0206188428797	0.0629741078854	-0.0419634300396	0.0243777122478	0.0075801434727	-0.00363667744089	0.055216554092	0.0401478177427	0.0538638871712	-0.0218436484064	-0.0115322684551	-0.0037091892629	0.0099276666108
k__Bacteria;p__Firmicutes;c__Clostridia;o__Clostridiales;f__Oscillospiraceae;g__Oscillibacter;s__Oscillibacter_sp._KLE_1745	-0.0159022670357	0.0161043040267	0.0450434442179	0.0822996932675	-0.0618963198526	-0.0284309995608	-0.0188371341426	-0.00733392699411	0.0156584771502	0.0374422488696	0.0151500201925	-0.0324300889585	-0.0547705442325	-0.0300452644731	-0.0387153583513	0.00854694398046	-0.00316875024228	0.0242009932699	-0.0562664486423	0.0228681211165	0.000533639920654	0.0186825255452	0.0521695340609	0.00992730149737	1.0	-0.034126785989	0.00732274795897	-0.0359456531416	-0.0744395869536	-0.0182020657243	0.0123547352783	-0.00779842316791	-0.0536997367285	0.0189662146064	-0.0130524663631	0.00118457584391	0.0166130927312	0.0186978744249	0.0472379317198	0.0239116744586	-0.0424930341975	-0.0449060210141	-0.0230649167785	-0.0218810084628	0.0360350419238	-0.0287712059972	-0.00323517475816	-0.0107432773424	-0.0141485662288	0.0269728477251	-0.100804438656	0.0274269962899	0.00716533150919	-0.0244004582297	-0.0198488237334	-0.0264627827666	-0.00986338152233	0.0330974175498	-0.00675972722499
k__Bacteria;p__Bacteroidetes;c__Bacteroidia;o__Bacteroidales;f__Bacteroidaceae;g__Bacteroides;s__Bacteroides_coprophilus	-0.00960667589042	0.0261583391627	-0.0373869304365	-0.0532094700711	-0.00287602065141	-0.0516144282548	0.0201923528342	0.097123369492	0.0341085051955	0.0537989508459	0.0376361855029	-0.0445341783619	-0.107086241869	0.0115235309283	-0.0270213683445	-0.00779164445722	0.0535539346752	0.011330496333	-0.055670202496	0.0498435555587	-0.0575622964294	-0.00425176201488	-0.0178814871776	-0.0249468966248	-0.034126785989	1.0	-0.00811030796019	0.0215140837102	-0.0219581658459	-0.0127422544835	-0.0336747509505	0.00980613414241	-0.056189690894	0.03205861358	-0.0106522996069	0.00873862815176	-0.0254909252614	0.0736751721235	0.000234498796065	0.00687767865485	0.0216752138534	-0.00193330505461	0.0178202622902	-0.0619792132385	-0.0310481589114	-0.0114611010036	-0.0518854827778	-0.0138524681275	0.0176877110047	0.0136867069547	0.0391871143666	0.00442687502676	-0.0492002039647	0.0185553147742	-0.0423859422747	0.00573575083042	-0.0116775093127	0.00550978399438	-0.034456111032
k__Bacteria;p__Firmicutes;c__Clostridia;o__Clostridiales;f__Lachnospiraceae;g__Roseburia;s__Roseburia_intestinalis	0.0145187960545	0.00372975189554	-0.0313992629893	-0.0161738201731	0.0192308062211	-0.0222809504797	-0.0260779056351	0.0380608897567	-0.000793913977478	0.0485797005918	-0.0194667035751	0.00906543036385	0.0280211075505	-0.00621090625361	-0.0173420710634	-0.0473424398387	0.0179815094191	0.0678191330504	0.00974795688365	0.0345930480336	-0.0193667035182	0.031418737151	-0.014189397218	-0.0332757434803	0.00732274795897	-0.00811030796019	1.0	-0.0464954512301	0.00835248921744	-0.012280884868	-0.0347766669883	0.0451885842108	0.00745046408593	-0.0322019854549	-0.00190818586896	0.00872943449751	-0.00275573654084	0.0252150614864	-0.0607993619977	0.00587989314985	-0.0311082832015	-0.023889177566	-0.0144279084308	-0.0070141574006	-0.0230323920367	-0.000860344828852	-0.0468785096437	-0.0220137427695	-0.00783231005268	-0.0306608694966	0.00659916771908	0.0133106915404	-0.0373976880445	-0.0128175622018	-0.00381216489795	0.00929314572526	-0.0176061577598	-0.0541444164855	-0.0200722584279
k__Bacteria;p__Firmicutes;c__Clostridia;o__Clostridiales;f__Lachnospiraceae;g__Roseburia;s__Roseburia_hominis	-0.0299124505712	0.0300704481767	-0.0704232273588	0.0726598404341	0.00346461559143	0.0154193932879	-0.0548098932445	0.00551989964847	-0.0118136148703	0.039859586352	0.00165435866078	-0.0234708513459	0.000904625768152	0.0108529579229	0.0202142181592	0.000867818250033	-0.0542503771565	-0.0163769166185	-0.026206910953	0.0619443356711	0.0261170981034	0.00352629760584	0.0514285417916	0.016539029357	-0.0359456531416	0.0215140837102	-0.0464954512301	1.0	0.0182969777654	0.0365281254383	-0.00127836880312	-0.0422927724844	-0.0115809282525	-0.0140788291678	0.0253719153537	0.0220325186255	0.0402533768681	-0.0119791458715	-0.0163073035325	-0.0521492923122	-0.0145804752995	0.00109310594806	0.00163304290234	-0.0224595053268	-0.0106729828655	-0.000793273776734	-0.0980656215929	0.0439591595096	-0.0289281304135	-0.000373251940098	-0.0218126892717	0.0504865903324	-0.0179879111024	-0.00603816016195	-0.0756141085945	0.0632371837334	-0.0185916400624	-0.0151024717351	-0.00911046467366
k__Bacteria;p__Bacteroidetes;c__Bacteroidia;o__Bacteroidales;f__Porphyromonadaceae;g__Parabacteroides;s__Parabacteroides_johnsonii	0.0251680387644	-0.0190832674242	-0.0422543746523	-0.033298720126	-0.0369918359832	-0.0270468919794	0.02602704756	-0.0176268762769	-0.0151503120107	-0.0170801667835	-0.00153982309839	0.0076553600659	-0.00449702830207	0.0104271204904	-0.0199858603793	-0.0389813784641	-0.0242411731881	0.00030970372572	0.0472409958507	-0.0523178665841	-0.0400254482288	0.00288339225018	-0.0327450973621	-0.0327721434815	-0.0744395869536	-0.0219581658459	0.00835248921744	0.0182969777654	1.0	-0.0250636459307	0.0370736279116	-0.0142449589837	0.0724026161309	-0.0314184218928	0.0027661977268	-0.0137387855361	-0.010182593914	-0.0132547018287	-0.00378908828407	-0.0103242549489	0.0263261397349	0.0072902537064	0.0213298431053	-0.0249989102163	0.0385856772074	-0.0031666644113	-0.0264807810753	0.0722448683741	0.0715314479667	-0.0267387532021	0.00213696359842	-0.00193864548309	-0.0103625258237	-0.0359619941589	0.0141547433121	-0.0279344406595	0.00639356746429	0.0113862548649	0.000937512765342
k__Bacteria;p__Actinobacteria;c__Actinobacteria;o__Bifidobacteriales;f__Bifidobacteriaceae;g__Bifidobacterium;s__Bifidobacterium_longum	-0.0535313020931	0.0246652957903	0.0123334081972	-0.0134922175129	-0.0567495658011	0.00165372615797	-0.0268341189669	0.0754105019889	0.0282148637742	0.0169263880201	0.0232665735009	-0.0163101158233	0.00438757013743	0.0295502597983	-0.0587906018255	-0.0318276045962	0.0545351925326	0.0283056328497	-0.0377497801483	0.0430495301988	-0.0212332861406	0.0175227094394	-0.0623064666467	-0.0174486502297	-0.0182020657243	-0.0127422544835	-0.012280884868	0.0365281254383	-0.0250636459307	1.0	-0.0374502473717	0.000665295164609	-0.0444255992948	0.00144482433454	-0.0288746629266	-0.0168213948932	0.0423246004788	0.0403246543528	0.0267624284836	-0.00252207822327	0.00896349773103	-0.0128237905034	-0.0301709174146	0.0252672757225	-0.0716222790714	0.0189758291862	-0.00614934346805	-0.0269535979993	-0.0429018839593	-0.0343166571464	-0.0343768214448	0.00277257503308	-0.0480741005071	-0.00948196790997	-0.0296633193867	0.029981445481	0.0318620096328	-0.0112646813199	-0.0324209696027
