#taxonomy	k__Bacteria;p__Bacteroidetes;c__Bacteroidia;o__Bacteroidales;f__Bacteroidaceae;g__Bacteroides;s__Bacteroides_vulgatus	k__Bacteria;p__Bacteroidetes;c__Bacteroidia;o__Bacteroidales;f__Bacteroidaceae;g__Bacteroides;s__Bacteroides_uniformis	k__Bacteria;p__Bacteroidetes;c__Bacteroidia;o__Bacteroidales;f__Rikenellaceae;g__Alistipes;s__Alistipes_putredinis	k__Bacteria;p__Bacteroidetes;c__Bacteroidia;o__Bacteroidales;f__Prevotellaceae;g__Prevotella;s__Prevotella_copri	k__Bacteria;p__Bacteroidetes;c__Bacteroidia;o__Bacteroidales;f__Bacteroidaceae;g__Bacteroides;s__Bacteroides_stercoris	k__Bacteria;p__Bacteroidetes;c__Bacteroidia;o__Bacteroidales;f__Bacteroidaceae;g__Bacteroides;s__Bacteroides_ovatus	k__Bacteria;p__Bacteroidetes;c__Bacteroidia;o__Bacteroidales;f__Rikenellaceae;g__Alistipes;s__Alistipes_shahii	k__Bacteria;p__Firmicutes;c__Clostridia;o__Clostridiales;f__Ruminococcaceae;g__Faecalibacterium;s__Faecalibacterium_prausnitzii	k__Bacteria;p__Bacteroidetes;c__Bacteroidia;o__Bacteroidales;f__Rikenellaceae;g__Alistipes;s__Alistipes_finegoldii	k__Bacteria;p__Bacteroidetes;c__Bacteroidia;o__Bacteroidales;f__Porphyromonadaceae;g__Parabacteroides;s__Parabacteroides_distasonis	k__Bacteria;p__Bacteroidetes;c__Bacteroidia;o__Bacteroidales;f__Bacteroidaceae;g__Bacteroides;s__Bacteroides_thetaiotaomicron	k__Bacteria;p__Bacteroidetes;c__Bacteroidia;o__Bacteroidales;f__Bacteroidaceae;g__Bacteroides;s__Bacteroides_coprocola	k__Bacteria;p__Bacteroidetes;c__Bacteroidia;o__Bacteroidales;f__Bacteroidaceae;g__Bacteroides;s__Bacteroides_cellulosilyticus	k__Bacteria;p__Bacteroidetes;c__Bacteroidia;o__Bacteroidales;f__Rikenellaceae;g__Alistipes;s__Alistipes_obesi	k__Bacteria;p__Firmicutes;c__Clostridia;o__Clostridiales;f__Lachnospiraceae;g__;s__[Eubacterium]_rectale	k__Bacteria;p__Bacteroidetes;c__Bacteroidia;o__Bacteroidales;f__Bacteroidaceae;g__Bacteroides;s__Bacteroides_plebeius	k__Bacteria;p__Bacteroidetes;c__Bacteroidia;o__Bacteroidales;f__Bacteroidaceae;g__Bacteroides;s__Bacteroides_fragilis	k__Bacteria;p__Proteobacteria;c__Betaproteobacteria;o__Burkholderiales;f__Sutterellaceae;g__Sutterella;s__Sutterella_wadsworthensis	k__Bacteria;p__Bacteroidetes;c__Bacteroidia;o__Bacteroidales;f__Porphyromonadaceae;g__Barnesiella;s__Barnesiella_intestinihominis	k__Bacteria;p__Bacteroidetes;c__Bacteroidia;o__Bacteroidales;f__Odoribacteraceae;g__Odoribacter;s__Odoribacter_splanchnicus	k__Bacteria;p__Bacteroidetes;c__Bacteroidia;o__Bacteroidales;f__Bacteroidaceae;g__Bacteroides;s__Bacteroides_salyersiae	k__Bacteria;p__Firmicutes;c__Clostridia;o__Clostridiales;f__Ruminococcaceae;g__Ruminiclostridium;s__[Eubacterium]_siraeum	k__Bacteria;p__Proteobacteria;c__Betaproteobacteria;o__Burkholderiales;f__Sutterellaceae;g__Parasutterella;s__Parasutterella_excrementihominis	k__Bacteria;p__Actinobacteria;c__Actinobacteria;o__Bifidobacteriales;f__Bifidobacteriaceae;g__Bifidobacterium;s__Bifidobacterium_adolescentis	k__Bacteria;p__Firmicutes;c__Clostridia;o__Clostridiales;f__Oscillospiraceae;g__Oscillibacter;s__Oscillibacter_sp._KLE_1745	k__Bacteria;p__Bacteroidetes;c__Bacteroidia;o__Bacteroidales;f__Bacteroidaceae;g__Bacteroides;s__Bacteroides_coprophilus	k__Bacteria;p__Firmicutes;c__Clostridia;o__Clostridiales;f__Lachnospiraceae;g__Roseburia;s__Roseburia_intestinalis	k__Bacteria;p__Firmicutes;c__Clostridia;o__Clostridiales;f__Lachnospiraceae;g__Roseburia;s__Roseburia_hominis	k__Bacteria;p__Bacteroidetes;c__Bacteroidia;o__Bacteroidales;f__Porphyromonadaceae;g__Parabacteroides;s__Parabacteroides_johnsonii	k__Bacteria;p__Actinobacteria;c__Actinobacteria;o__Bifidobacteriales;f__Bifidobacteriaceae;g__Bifidobacterium;s__Bifidobacterium_longum	k__Bacteria;p__Firmicutes;c__Clostridia;o__Clostridiales;f__;g__Flavonifractor;s__Flavonifractor_plautii	k__Bacteria;p__Firmicutes;c__Clostridia;o__Clostridiales;f__Clostridiaceae;g__Clostridium;s__Clostridium_phoceensis	k__Bacteria;p__Verrucomicrobia;c__Verrucomicrobiae;o__Verrucomicrobiales;f__Akkermansiaceae;g__Akkermansia;s__Akkermansia_muciniphila	k__Bacteria;p__Bacteroidetes;c__Bacteroidia;o__Bacteroidales;f__Prevotellaceae;g__Paraprevotella;s__Paraprevotella_xylaniphila	k__Bacteria;p__Firmicutes;c__Clostridia;o__Clostridiales;f__Ruminococcaceae;g__Ruminococcus;s__Ruminococcus_callidus	k__Bacteria;p__Bacteroidetes;c__Bacteroidia;o__Bacteroidales;f__Rikenellaceae;g__Alistipes;s__Alistipes_senegalensis	k__Bacteria;p__Firmicutes;c__Clostridia;o__Clostridiales;f__Lachnospiraceae;g__Blautia;s__Blautia_sp._KLE_1732	k__Bacteria;p__Bacteroidetes;c__Bacteroidia;o__Bacteroidales;f__Bacteroidaceae;g__Bacteroides;s__Bacteroides_oleiciplenus	k__Bacteria;p__Firmicutes;c__Clostridia;o__Clostridiales;f__Ruminococcaceae;g__Ruminococcus;s__Ruminococcus_bicirculans	k__Bacteria;p__Bacteroidetes;c__Bacteroidia;o__Bacteroidales;f__Bacteroidaceae;g__Bacteroides;s__Bacteroides_fluxus	k__Bacteria;p__Bacteroidetes;c__Bacteroidia;o__Bacteroidales;f__Prevotellaceae;g__Prevotella;s__Prevotella_stercorea	k__Bacteria;p__Firmicutes;c__Clostridia;o__Clostridiales;f__Lachnospiraceae;g__Dorea;s__Dorea_longicatena	k__Bacteria;p__Firmicutes;c__Clostridia;o__Clostridiales;f__Eubacteriaceae;g__Eubacterium;s__[Eubacterium]_eligens	k__Bacteria;p__Firmicutes;c__Clostridia;o__Clostridiales;f__Ruminococcaceae;g__;s__Ruminococcaceae_bacterium_D16	k__Bacteria;p__Firmicutes;c__Clostridia;o__Clostridiales;f__Lachnospiraceae;g__Coprococcus;s__Coprococcus_comes	k__Bacteria;p__Proteobacteria;c__Gammaproteobacteria;o__Enterobacterales;f__Enterobacteriaceae;g__Escherichia;s__Escherichia_coli	k__Bacteria;p__Firmicutes;c__Clostridia;o__Clostridiales;f__Ruminococcaceae;g__Anaerotruncus;s__Anaerotruncus_colihominis	k__Bacteria;p__Firmicutes;c__Clostridia;o__Clostridiales;f__Lachnospiraceae;g__Blautia;s__Blautia_obeum	k__Bacteria;p__Bacteroidetes;c__Bacteroidia;o__Bacteroidales;f__Odoribacteraceae;g__Odoribacter;s__Odoribacter_laneus	k__Bacteria;p__Firmicutes;c__Clostridia;o__Clostridiales;f__Ruminococcaceae;g__Ruminiclostridium;s__[Clostridium]_leptum	k__Bacteria;p__Bacteroidetes;c__Bacteroidia;o__Bacteroidales;f__Porphyromonadaceae;g__Parabacteroides;s__Parabacteroides_goldsteinii	k__Bacteria;p__Firmicutes;c__Clostridia;o__Clostridiales;f__Lachnospiraceae;g__Anaerostipes;s__Anaerostipes_hadrus	k__Bacteria;p__Firmicutes;c__Clostridia;o__Clostridiales;f__Ruminococcaceae;g__Ruminococcus;s__Ruminococcus_lactaris	k__Bacteria;p__Firmicutes;c__Clostridia;o__Clostridiales;f__Clostridiaceae;g__Clostridium;s__Clostridium_sp._L2-50	k__Bacteria;p__Firmicutes;c__Clostridia;o__Clostridiales;f__Clostridiaceae;g__Clostridium;s__Clostridium_sp._M62/1	k__Bacteria;p__Firmicutes;c__Clostridia;o__Clostridiales;f__;g__Intestinimonas;s__Intestinimonas_butyriciproducens	k__Bacteria;p__Actinobacteria;c__Actinobacteria;o__Bifidobacteriales;f__Bifidobacteriaceae;g__Bifidobacterium;s__Bifidobacterium_bifidum	k__Bacteria;p__Firmicutes;c__Negativicutes;o__Veillonellales;f__Veillonellaceae;g__Dialister;s__Dialister_invisus	k__Bacteria;p__Bacteroidetes;c__Bacteroidia;o__Bacteroidales;f__Bacteroidaceae;g__Bacteroides;s__Bacteroides_salanitronis
k__Bacteria;p__Bacteroidetes;c__Bacteroidia;o__Bacteroidales;f__Bacteroidaceae;g__Bacteroides;s__Bacteroides_vulgatus	1.0	-0.0557404291555	0.00393243035557	-0.000386742243584	-0.00050864187927	-0.0581658751894	-0.00536349527603	-0.0608835428634	-0.0420579925035	-0.0788227984339	0.0237330521884	-0.0296183747935	-0.0337301639572	-0.0152980363347	0.00136505613851	0.0246110049565	0.0313876932716	-0.0121780594796	-0.0085625213387	0.0558317476906	-0.0633339989121	-0.0643056473108	0.00646320765786	-0.0131904001048	0.0026540122069	0.0181422551987	-0.0362877395668	-0.00553730626479	0.0080027445258	0.0504291169473	0.0470452288031	0.00107671899591	-0.00344883779084	-0.0102252426687	0.0374365076798	0.0436563009052	-0.00882335167922	-0.0519084612564	-0.0318927995302	-0.027467742607	-0.0172277455724	0.0728556845369	0.0376287551361	0.0186531594698	-0.0884749976511	0.00934788834949	0.0127930325041	0.0371251428022	0.0154462697717	0.0432756147196	-0.00236577072072	0.00708843338559	0.000398014966118	-0.0210998079838	0.0253099872835	0.0507143641618	-0.0473173994262	-0.0552432305288	-0.0397210173354
k__Bacteria;p__Bacteroidetes;c__Bacteroidia;o__Bacteroidales;f__Bacteroidaceae;g__Bacteroides;s__Bacteroides_uniformis	-0.0557404291555	1.0	0.0170617791856	0.0113541131774	-0.03145175216	0.0143722351864	-0.0391216158005	0.08180591119	0.00571059302694	0.0279950723772	-0.0301946946904	-0.060066165732	-0.0520911979391	0.0385312642406	0.041724029542	-0.0598523103883	0.0385100560902	-0.013690553341	-0.0280435839587	-0.0165295850527	-0.0479061383837	-0.0345468856149	0.014938333838	-0.0751098726166	0.0196807398485	-0.0112540625674	-0.0623331285957	0.0318910926024	-0.0100587317578	-0.0254408298904	0.0149243687755	-0.023549900486	-0.0380137079383	0.00249840384909	-0.046966055924	-0.00901756614381	0.0402256202718	-0.00433628025533	-0.0384291229525	0.0148418300161	-0.022349226934	-0.0649274969071	0.0436569974011	0.00846423178788	-0.0291858227893	0.0136305788038	-0.0348843071798	-0.0488837562188	0.00291934383624	0.066051361064	-0.0437048347508	0.0402921967542	-0.00576704623089	-0.0258403681435	-0.0127798947289	-0.00262349011205	0.00886787445657	-0.0338312398825	-0.0436049544597
k__Bacteria;p__Bacteroidetes;c__Bacteroidia;o__Bacteroidales;f__Rikenellaceae;g__Alistipes;s__Alistipes_putredinis	0.00393243035557	0.0170617791856	1.0	-0.0138271403928	0.0683664508037	-0.018973384712	-0.065400869098	0.0420001642315	0.0156287373627	0.0259431788136	0.0514248059386	0.00675108147813	0.0281335289526	-0.00342074967468	-0.0381796553599	-0.026772325965	-0.019276908141	-0.0524113131082	0.00359646756997	-0.0657551449749	-0.0286967599139	-0.0171248872807	-0.00860998849241	0.0299544613183	-0.0592875032092	0.0277923172274	0.0274048070963	-0.0116844234181	-0.00928803566811	-0.049428464801	0.0237995102228	0.0758604597333	0.0342632394802	0.00567583793131	-0.0635817768903	0.00992792161651	0.0213571057217	0.0153074893164	-0.0444849314665	0.0392380079897	0.03493154795	0.0051679051836	0.00298076327283	0.00068833038059	-0.0483942037034	0.00721409213194	-0.0304781802876	-0.0338861899869	0.0195587604904	-0.0446327123839	-0.0205254282377	-0.0616348366305	0.0109835619775	-0.0750918344356	0.00894413016949	-0.0284916699065	-0.0189486166432	-0.00619572641937	-0.0227718725901
k__Bacteria;p__Bacteroidetes;c__Bacteroidia;o__Bacteroidales;f__Prevotellaceae;g__Prevotella;s__Prevotella_copri	-0.000386742243584	0.0113541131774	-0.0138271403928	1.0	-0.0153331416183	-0.0619988487259	0.0153057348204	-0.020146473783	-0.0353616393172	-0.0428801690285	0.00108733344181	0.00910160318311	-0.0279440154953	-0.0427578025163	0.0472729768954	-0.000433203609263	-0.0193484153572	0.00703871220702	-0.0205699116329	-0.0178491787655	0.00956399047169	0.026832895102	-0.0419080967884	-0.0142834214929	-0.115033918872	-0.0359565428765	0.0457529760363	0.0178998426771	0.0169022259724	-0.0145787221681	0.00690662898854	0.00773523353516	0.00976702249429	0.00749096073554	0.00183830634921	-0.0520801230439	0.000932339329029	0.0324243197084	-0.0182702008625	0.0312309778972	-0.0263178505937	-0.0214860431494	-0.0868044530366	0.0278535120998	-0.020931764901	-0.0390507162217	-0.0163186402351	0.0690048288894	0.0370133197299	0.0247118257392	-0.00439277597004	-0.0735496103983	0.0192796383514	0.019418313066	7.08114395974e-05	0.0468100585234	0.0202543149729	-0.0265274084592	-0.0226077266903
k__Bacteria;p__Bacteroidetes;c__Bacteroidia;o__Bacteroidales;f__Bacteroidaceae;g__Bacteroides;s__Bacteroides_stercoris	-0.00050864187927	-0.03145175216	0.0683664508037	-0.0153331416183	1.0	-0.0272457293804	-0.0333472091726	0.0238339402763	-0.00206771680373	0.00297844283054	-0.0331520066842	0.00440354410105	-0.053685741982	0.059592206452	-0.00517973976394	-0.00624241474879	-0.0205185129366	-0.0540753864964	0.0235787228982	0.0607586614591	0.0158254139997	-0.00197903280215	-0.0623221516351	-0.0280444288466	-0.00444204665173	0.0275191401095	0.02122938422	-0.0202435959392	0.0104576674525	-0.00770678053634	-0.0439901823435	0.0144996384209	-0.0483936348899	-0.0464791906775	-0.0179960623256	-0.0306091613588	-0.0516468688967	-0.0109868293057	0.0208571571162	-0.03990764269	0.0312650380691	0.0195893696055	-0.0376370082241	0.00526477140405	0.018585432382	-0.031645886742	-0.0285000696654	-0.0277525301795	0.0466866575381	-0.0245945518861	-0.0391751058842	-0.035982726535	0.0365411055332	0.0140608122309	-0.00597996540719	-0.0250319985437	-0.0360904997868	0.0230284844448	0.0342069107766
k__Bacteria;p__Bacteroidetes;c__Bacteroidia;o__Bacteroidales;f__Bacteroidaceae;g__Bacteroides;s__Bacteroides_ovatus	-0.0581658751894	0.0143722351864	-0.018973384712	-0.0619988487259	-0.0272457293804	1.0	-0.0180553534862	0.017570367583	0.0673212111767	-0.0463726332881	-0.0437112652792	-0.026607403475	-0.0189928529217	-0.0217776613505	-0.0137476076852	-0.0130909187698	-0.0324839537604	-0.0568856382419	0.00629677771454	0.0527681710969	-0.00762515886307	0.00761969359536	-0.0649037838312	-0.0120179508868	-0.011519598922	-0.00765561146587	-0.0243540945766	0.0253109457456	-0.0164555443394	0.00156959203843	0.00929554315048	0.0342091872709	-0.0260709148619	-0.0124552660934	-0.0462480047412	-0.0117744445033	-0.0270350095812	-0.0374773950726	-0.00416877829746	0.0960662049977	0.0179151845926	-0.079103643135	-0.0439113906875	0.0144827005624	-0.0206671489031	-0.0839775564505	0.0474463584256	-0.0537742419102	-0.00109303215071	0.011807402532	-0.0213491819745	-0.00928929358847	-0.0204278402673	0.0237700826071	-0.00489896466486	-0.004282563483	0.0333202066841	0.013628026048	0.0336695007987
k__Bacteria;p__Bacteroidetes;c__Bacteroidia;o__Bacteroidales;f__Rikenellaceae;g__Alistipes;s__Alistipes_shahii	-0.00536349527603	-0.0391216158005	-0.065400869098	0.0153057348204	-0.0333472091726	-0.0180553534862	1.0	-0.0372329754733	0.0217456690613	-0.0104486483754	-0.00361435715212	-0.0164495481049	-0.00666629417369	-0.00943489407995	-0.0194137848563	0.00708204441975	-0.00844232474388	-0.086264943358	-0.0221592051571	0.089780051235	0.0221294249088	0.0311275368898	0.0208516152824	0.0288705691458	0.00851053324407	-0.0108218419213	0.00621478948003	0.059470698558	-0.0320820426049	-0.031648521304	-0.0208845212645	0.00659232215465	-0.0180113711128	0.00483712749709	0.0144478166482	0.0293312840803	0.0176147695532	0.00870879621308	-0.0359536843285	-0.00542354136277	-0.0170160416573	0.0182552623262	-0.0244924898263	0.0170106646357	-0.0214903278522	-0.0348414736422	-0.0264745490305	-0.0315684862329	-0.0358208813614	-0.064000637806	0.0229169950131	0.0368050650849	-0.0173870252037	-0.0279679778046	-0.00576456350166	0.0163148659357	-0.0330074061145	-0.0176071279756	-0.00573962750222
k__Bacteria;p__Firmicutes;c__Clostridia;o__Clostridiales;f__Ruminococcaceae;g__Faecalibacterium;s__Faecalibacterium_prausnitzii	-0.0608835428634	0.08180591119	0.0420001642315	-0.020146473783	0.0238339402763	0.017570367583	-0.0372329754733	1.0	0.0159034079638	-0.0216834937366	-0.027409418168	0.0429064907783	0.00512228771218	0.0225571114859	0.028875636925	-0.00889562526099	-0.00322682029687	-0.0307137994484	-0.0165036332171	-0.0504248703663	-0.0427740839393	-0.038799856311	-0.0826554225022	0.0355811716003	0.0277552971185	0.00424384352757	-0.0426377226513	0.0115880685667	-0.0319728777417	0.0288420144391	0.0201588485765	-0.0227920321972	-0.0441041636039	0.00891885148417	-0.0623837446491	-0.0351883610977	-0.025183914615	-0.0275242442506	-0.0218154699205	-0.0322055202254	-0.00582508514031	-0.0284228507898	0.0196976701539	-0.0676297210409	0.0231291945676	-0.0253652553756	0.0264041455875	0.0273690694105	0.00216791791911	-0.042981211852	0.0074782678851	0.0370150435062	0.00660502805021	-0.0455861460771	0.0162971040752	-0.0381316882956	-0.0237906750578	-0.0403700956333	-0.0262849450049
k__Bacteria;p__Bacteroidetes;c__Bacteroidia;o__Bacteroidales;f__Rikenellaceae;g__Alistipes;s__Alistipes_finegoldii	-0.0420579925035	0.00571059302694	0.0156287373627	-0.0353616393172	-0.00206771680373	0.0673212111767	0.0217456690613	0.0159034079638	1.0	0.033708682451	-0.0219395914352	0.0182012172215	0.000897608282039	-0.00637890387365	-0.000548167656354	-0.0411755302637	-0.0111467408875	-0.0151536775312	-0.0300185696818	0.0232632151213	-0.0355357057705	0.0118075136753	-0.0449497234821	0.0182124458568	-0.0289940579767	-0.0420191758735	-0.00611559367784	-0.0243736855935	-0.0302935113603	-0.0306910879458	0.0347454357792	-0.00957988586402	0.0243965025472	-0.00867749014122	-0.014895790079	-0.0268617932527	-0.0346488045685	-0.0485019412329	-0.0594182614051	-0.00634435474288	-0.0188531447741	0.0165315798447	-0.0134606710659	-0.0337444283729	-0.0730452832343	-0.0267320149356	-0.0598565803679	-0.0340927024672	0.0229680553956	0.0375337652964	0.0702623142532	0.0133633171793	0.0234508771558	-0.037972115722	-0.0375407073722	-0.0250260189637	0.00252666103525	-0.0155000158017	0.0339082800693
k__Bacteria;p__Bacteroidetes;c__Bacteroidia;o__Bacteroidales;f__Porphyromonadaceae;g__Parabacteroides;s__Parabacteroides_distasonis	-0.0788227984339	0.0279950723772	0.0259431788136	-0.0428801690285	0.00297844283054	-0.0463726332881	-0.0104486483754	-0.0216834937366	0.033708682451	1.0	0.00206758657453	0.00165297576884	0.0407298653746	0.00563279825876	0.0233525908233	0.0431174028912	0.000482548692437	0.0199174156158	-0.0181727688732	0.0306124927589	0.0168749111427	-0.0166767088784	0.00290505873771	-0.00633003844357	-0.0207303371071	0.0281320702171	-0.0165131725187	-0.0136206986639	0.0437310931021	-0.0535852433674	-0.0210328714606	-0.0229731942115	-0.040215544433	0.0530020236171	0.0855102260787	-0.00237045692507	-0.0162113782669	-0.0537497882655	-0.00134511428516	0.0664441602422	0.00820319361994	-0.0055204143483	0.00231431297572	0.0325014536111	0.0721541362788	-0.000652787232804	-0.00817551121129	-0.017372689193	-0.0203734946589	0.0154900954639	-0.00165418946153	0.0529012141875	-0.0542168599394	-0.057602829534	0.0265720996363	0.0140385954629	0.0349977113725	-0.0611581266379	-0.0021599273849
k__Bacteria;p__Bacteroidetes;c__Bacteroidia;o__Bacteroidales;f__Bacteroidaceae;g__Bacteroides;s__Bacteroides_thetaiotaomicron	0.0237330521884	-0.0301946946904	0.0514248059386	0.00108733344181	-0.0331520066842	-0.0437112652792	-0.00361435715212	-0.027409418168	-0.0219395914352	0.00206758657453	1.0	0.0468988028331	-0.0140642382648	-0.0404859704744	-0.0225054489405	0.0534298852758	0.0349442385283	0.00977819388542	0.0961742245108	0.00422294943457	0.0477882382081	0.02290895854	-0.0335152356089	-0.0356012871986	0.0170920323883	-0.027278722596	-0.0197232016152	0.0290326511886	0.012901133362	0.00725092893354	-0.00861205477149	0.00396810804724	-0.0167614113032	-0.0208189381507	0.0120886258885	-0.0528384954714	-8.47429000314e-05	-0.0184780502577	0.00210538690628	-0.00206310425069	0.0153953393257	-0.0393474212438	0.00759363233587	-0.00961205431261	0.0590899507998	-0.0220066055329	0.000799425741678	0.0328750439008	-0.0135819139038	-0.0084370373545	0.0103284319633	-0.00269486340416	0.0045499324753	-0.0484887802395	0.00933794854181	-0.0261758490297	-0.0633192512848	0.0313285027004	-0.0864889561808
k__Bacteria;p__Bacteroidetes;c__Bacteroidia;o__Bacteroidales;f__Bacteroidaceae;g__Bacteroides;s__Bacteroides_coprocola	-0.0296183747935	-0.060066165732	0.00675108147813	0.00910160318311	0.00440354410105	-0.026607403475	-0.0164495481049	0.0429064907783	0.0182012172215	0.00165297576884	0.0468988028331	1.0	-0.0161490020423	-0.0244128236495	0.0158568834944	0.0699960789112	-0.00835805657919	-0.0275378019688	-0.0241446657621	0.0269159062275	-0.0235020005208	-0.0567890037981	0.0418673398609	-0.0303022796283	-0.00770851783766	0.00465611741658	0.0116654774956	0.0331932727635	-0.0890197280678	-0.0460158581991	-0.0471697893331	-0.00881090917931	0.0277212206761	0.0266894801215	0.0595753053098	-0.0214307024757	-0.0143804775432	-0.0294487359294	-0.0240361560838	-0.0095541392586	-0.00274608509189	-0.062981966124	0.0137878324896	-0.0461588564915	0.00799868580928	-0.0416482226911	-0.0831062598923	0.00120369244368	0.0334835787462	0.00433116936828	-0.0417152943746	0.0858584442493	-0.0224743176874	-0.0285110037685	0.00147688464275	-0.0203304943002	-0.0326490013957	-0.0179860243916	0.00887933713173
k__Bacteria;p__Bacteroidetes;c__Bacteroidia;o__Bacteroidales;f__Bacteroidaceae;g__Bacteroides;s__Bacteroides_cellulosilyticus	-0.0337301639572	-0.0520911979391	0.0281335289526	-0.0279440154953	-0.053685741982	-0.0189928529217	-0.00666629417369	0.00512228771218	0.000897608282039	0.0407298653746	-0.0140642382648	-0.0161490020423	1.0	-0.0154844597772	-0.0102426871485	0.00950127080967	0.0216201626602	-0.00310033861734	-0.0328837385973	0.0203573547348	-0.103256186153	-0.0346871739922	-0.0225602220338	-0.0296605159664	-0.00350702272102	0.0364286064235	0.031627470718	-0.0256792928899	-0.0391841255721	-0.0165521689308	0.0896276170571	-0.00267327460015	-0.0170584468067	-0.00217188567713	0.0247007089122	0.0037751249166	0.00581082480966	-0.0118102431111	-0.00349099476039	0.0116171886929	-0.00199124985954	0.0480172315154	-0.0656674004001	-0.0602777658397	0.0118164722524	-0.0195602797446	0.016013854643	-0.00677946140306	-0.0425134096204	-0.00392187439531	0.0360128856916	-0.059646134755	0.0017552825875	0.0163943391863	0.0465393193668	-0.0425940647508	0.0338923288716	-0.0157267518117	-0.00106425698149
k__Bacteria;p__Bacteroidetes;c__Bacteroidia;o__Bacteroidales;f__Rikenellaceae;g__Alistipes;s__Alistipes_obesi	-0.0152980363347	0.0385312642406	-0.00342074967468	-0.0427578025163	0.059592206452	-0.0217776613505	-0.00943489407995	0.0225571114859	-0.00637890387365	0.00563279825876	-0.0404859704744	-0.0244128236495	-0.0154844597772	1.0	0.100182781915	-0.0112282927043	0.0310928366546	-0.01089054449	-0.0164741254254	-0.0208984884181	-0.0282012195599	-0.0245078036166	-0.0368854108892	0.0212440758934	-0.0599979079099	0.0388845829541	-0.0629187362107	0.0120799641827	0.0177158764758	-0.00626043836352	0.0504794426034	0.0153440676155	0.0263033567415	0.0473749109721	0.0102415347764	-0.0417220607118	-0.0105144549864	0.0634542385941	-0.00293823315129	0.00806526913393	0.047924517	0.0737874812502	0.00724408784639	0.0104339584477	0.021267515338	-0.059019398081	-0.0313828599728	-0.0444821852135	-0.0433289648289	-0.0263264164553	0.017793029453	-0.0529398785152	-0.0064925226799	0.0233950422328	0.036351801185	-0.0621215552013	-0.00454996649313	-0.00287644439764	0.0123626019813
k__Bacteria;p__Firmicutes;c__Clostridia;o__Clostridiales;f__Lachnospiraceae;g__;s__[Eubacterium]_rectale	0.00136505613851	0.041724029542	-0.0381796553599	0.0472729768954	-0.00517973976394	-0.0137476076852	-0.0194137848563	0.028875636925	-0.000548167656354	0.0233525908233	-0.0225054489405	0.0158568834944	-0.0102426871485	0.100182781915	1.0	-0.0403610489962	-0.0167390577947	-0.0418417880809	-0.00720946088863	-0.0703906018953	-0.00437213329885	-0.0299123920033	-0.0337032271143	0.0283575034066	0.00657950309896	-0.0226932576866	-0.0295049652936	0.0393651227185	-0.0806022248074	-0.042469609376	0.00625139028808	-0.0515886187291	-0.00827086266738	-0.0317925003841	0.0285710606967	-0.023642995149	-0.0209189251725	0.0147940728579	-0.00317889786763	0.0177595968483	0.0128380545917	0.0137326569876	0.0142113096273	0.0693205077242	-0.0858517229064	-0.0799103666355	0.0172574362007	0.0646805418507	-0.0111302144305	0.0397425632133	0.0604260884913	-0.00636833578983	-0.0122895923077	0.035503678403	-0.0281039550317	-0.0374013323783	-0.0223877021833	0.0234574965377	-0.0510957720931
k__Bacteria;p__Bacteroidetes;c__Bacteroidia;o__Bacteroidales;f__Bacteroidaceae;g__Bacteroides;s__Bacteroides_plebeius	0.0246110049565	-0.0598523103883	-0.026772325965	-0.000433203609263	-0.00624241474879	-0.0130909187698	0.00708204441975	-0.00889562526099	-0.0411755302637	0.0431174028912	0.0534298852758	0.0699960789112	0.00950127080967	-0.0112282927043	-0.0403610489962	1.0	-0.0324189914186	0.00510116871545	0.00161517591817	-0.0274747667406	-0.00172122672525	0.0121359401724	-0.017731111466	-0.0100948039524	-0.0508284798393	-0.0857714490657	-0.0124576866571	-0.0141339866956	-0.0503929080493	-0.0406681642668	-0.0548053041152	0.0323716903676	-0.0320075194507	0.0204655066342	0.00334891183395	0.026910655232	0.0140631872618	0.00674711179348	-0.0240558460306	-0.0469242332092	-0.013313849566	-0.0130739228087	-0.0360850522163	-0.0310850336245	-0.0093986814581	-0.00839936580493	0.00140936140765	-0.00940264116032	0.0959170706079	-0.0415828400795	-0.0444601017297	0.0291284593704	-0.0187520762798	-0.0133525430783	0.0144599200232	-0.0455516484856	-0.0239320136374	0.00202216411936	-0.00523859634994
k__Bacteria;p__Bacteroidetes;c__Bacteroidia;o__Bacteroidales;f__Bacteroidaceae;g__Bacteroides;s__Bacteroides_fragilis	0.0313876932716	0.0385100560902	-0.019276908141	-0.0193484153572	-0.0205185129366	-0.0324839537604	-0.00844232474388	-0.00322682029687	-0.0111467408875	0.000482548692437	0.0349442385283	-0.00835805657919	0.0216201626602	0.0310928366546	-0.0167390577947	-0.0324189914186	1.0	-0.0257151317989	0.0399940079494	0.0429465088817	-0.00594825522577	0.0106045466268	0.0104687724252	-0.014456005015	0.021038689281	-0.0304166240301	-0.0748448866308	-0.0110864751776	0.0133629244515	0.0283229686007	-0.00176357356425	-0.015846589964	-0.0106918462037	0.00453586139566	-0.0779513080238	-0.0266701063849	-0.0377406850218	0.0085981094698	4.18200309577e-05	0.0796094047993	0.0742125371819	-0.000340171517619	-0.0504934109252	-0.0254305355798	0.00157624823669	0.015849490546	-0.026377694135	-0.0119336734916	-0.0442378638317	0.0266328389998	-0.0145662782028	-0.0271638675431	0.00952591671347	0.0117795169633	-0.012977573793	-0.0417863901836	0.0118363064114	-0.0480658612809	-0.0193644250272
k__Bacteria;p__Proteobacteria;c__Betaproteobacteria;o__Burkholderiales;f__Sutterellaceae;g__Sutterella;s__Sutterella_wadsworthensis	-0.0121780594796	-0.013690553341	-0.0524113131082	0.00703871220702	-0.0540753864964	-0.0568856382419	-0.086264943358	-0.0307137994484	-0.0151536775312	0.0199174156158	0.00977819388542	-0.0275378019688	-0.00310033861734	-0.01089054449	-0.0418417880809	0.00510116871545	-0.0257151317989	1.0	0.000263333509303	-0.0301188657138	-0.00763679947869	0.0174205997979	-0.00624682492044	0.0308457286952	-0.00565390977439	-0.0270765072249	0.052291384814	0.00144713988765	-0.00447184998955	-0.0365729579401	0.0110806485617	0.0331342458212	0.00760318675996	0.0103090146321	-0.0262702764022	0.0203450059931	-0.00932657715231	0.00324300111741	0.0010704731979	-0.00586788945697	-0.0592364795541	-0.00961703488861	0.0435194223318	-0.0095410022496	-0.014855226454	-0.0312162727406	-0.032636744526	-0.000693208530777	0.032805277168	0.0163259574722	0.0194102967139	-0.00768503577236	-0.043182359397	0.000260727248696	-0.0229861732002	-0.0505093380018	0.0511676916119	-0.0149438291805	-0.0383185823992
k__Bacteria;p__Bacteroidetes;c__Bacteroidia;o__Bacteroidales;f__Porphyromonadaceae;g__Barnesiella;s__Barnesiella_intestinihominis	-0.0085625213387	-0.0280435839587	0.00359646756997	-0.0205699116329	0.0235787228982	0.00629677771454	-0.0221592051571	-0.0165036332171	-0.0300185696818	-0.0181727688732	0.0961742245108	-0.0241446657621	-0.0328837385973	-0.0164741254254	-0.00720946088863	0.00161517591817	0.0399940079494	0.000263333509303	1.0	0.0117874623862	-0.0268826008228	-0.0694928798749	-0.0360994614644	-0.017698538985	0.0545280334207	-0.0307120100878	-0.0058591098718	-0.0322796116159	0.0337046512063	-0.0220601893978	0.0375474089922	-0.0144495423067	-0.0323873901196	-0.00736108065664	-0.0227404100209	-0.00673695244363	0.0330632920931	0.0277654565986	0.0222325426851	-0.0053495736686	0.0117490747911	0.0365255130595	-0.0634556049159	0.072502528923	-0.0179632846365	0.0204035029026	-0.0388793955171	-0.0417072868039	-0.00694663898412	-0.00851251394797	-0.0534410658859	0.00557351491297	-0.0625603083425	0.0143712842406	-0.018321998912	-0.00940942120828	-0.00319141018523	0.0243278766202	-0.0324795173667
k__Bacteria;p__Bacteroidetes;c__Bacteroidia;o__Bacteroidales;f__Odoribacteraceae;g__Odoribacter;s__Odoribacter_splanchnicus	0.0558317476906	-0.0165295850527	-0.0657551449749	-0.0178491787655	0.0607586614591	0.0527681710969	0.089780051235	-0.0504248703663	0.0232632151213	0.0306124927589	0.00422294943457	0.0269159062275	0.0203573547348	-0.0208984884181	-0.0703906018953	-0.0274747667406	0.0429465088817	-0.0301188657138	0.0117874623862	1.0	-0.00216528712859	0.0222000450649	0.0156593932489	0.0113207193518	-0.00279105194566	-0.0793954655918	-0.0424644497288	-0.0490311999771	-0.0286828010147	0.0182234175852	-0.00379654563289	-0.00482383325124	0.0525672781243	0.0504447656824	-0.0380175633848	-0.0120769612897	-0.0249362764499	0.00325664247258	-0.00603833616667	-0.0735634639809	-0.0346901003392	0.00187680626826	0.0121228323571	0.00852396837782	-0.0925629505315	0.0193179964568	0.0286086011038	-0.0186288747972	-0.0484616514222	0.03279331704	-0.0520687848353	-0.0173359374813	-0.0183750215292	0.0307286782352	0.00559768318005	0.0220023472194	0.0415494406504	-0.107105297302	-0.00793174924334
k__Bacteria;p__Bacteroidetes;c__Bacteroidia;o__Bacteroidales;f__Bacteroidaceae;g__Bacteroides;s__Bacteroides_salyersiae	-0.0633339989121	-0.0479061383837	-0.0286967599139	0.00956399047169	0.0158254139997	-0.00762515886307	0.0221294249088	-0.0427740839393	-0.0355357057705	0.0168749111427	0.0477882382081	-0.0235020005208	-0.103256186153	-0.0282012195599	-0.00437213329885	-0.00172122672525	-0.00594825522577	-0.00763679947869	-0.0268826008228	-0.00216528712859	1.0	-0.00852238981484	0.0090878525985	-0.0458098086761	-0.0315036654122	0.0344134116892	-0.00798923811726	0.00937755421851	0.0354532135875	-0.0872809241395	-0.0207974193362	-0.01997661458	-0.0701308296065	0.00382389319774	0.0659060948444	0.0523739694058	0.0232718856366	0.0200512555758	-0.00593432604865	-0.0102175184428	0.00459047071255	-0.0102222239464	0.046062826821	-0.0306602705254	-0.0355905094957	0.0110527206731	0.0234128077842	-0.00640786734377	-0.02619383486	-0.02612152081	-0.0389097129839	0.0225780723894	-0.0325015472751	-0.0027678499963	-0.0535750015149	-0.0290992971179	-0.0499351675491	-0.0121823688135	-0.00295410602582
k__Bacteria;p__Firmicutes;c__Clostridia;o__Clostridiales;f__Ruminococcaceae;g__Ruminiclostridium;s__[Eubacterium]_siraeum	-0.0643056473108	-0.0345468856149	-0.0171248872807	0.026832895102	-0.00197903280215	0.00761969359536	0.0311275368898	-0.038799856311	0.0118075136753	-0.0166767088784	0.02290895854	-0.0567890037981	-0.0346871739922	-0.0245078036166	-0.0299123920033	0.0121359401724	0.0106045466268	0.0174205997979	-0.0694928798749	0.0222000450649	-0.00852238981484	1.0	-0.0158563184068	-0.00831968469067	-0.0680410627612	-0.0181852770748	-0.00269387618033	-0.0174559207221	0.0339038204414	0.0527321812571	0.0026786233246	0.0482709539883	0.00309190892339	-0.0824027444505	0.00882496551984	-0.0607486766136	-0.0311331653291	0.0622425059492	-0.0123681297146	0.00885884322791	0.00643845616063	-0.0647599963434	0.0354318895865	-0.0852770142389	0.0161459150967	0.0224790435726	-0.025042745679	0.0134673579394	0.0298781672714	0.00190084031209	-0.00531329926169	0.0365255957278	0.0543904726321	-0.00673819752992	-0.0114759490453	-0.00431411224216	0.0122735786595	-0.012831108811	-0.0339707948885
k__Bacteria;p__Proteobacteria;c__Betaproteobacteria;o__Burkholderiales;f__Sutterellaceae;g__Parasutterella;s__Parasutterella_excrementihominis	0.00646320765786	0.014938333838	-0.00860998849241	-0.0419080967884	-0.0623221516351	-0.0649037838312	0.0208516152824	-0.0826554225022	-0.0449497234821	0.00290505873771	-0.0335152356089	0.0418673398609	-0.0225602220338	-0.0368854108892	-0.0337032271143	-0.017731111466	0.0104687724252	-0.00624682492044	-0.0360994614644	0.0156593932489	0.0090878525985	-0.0158563184068	1.0	-0.0430628208874	0.0678070466994	0.0099892740551	0.07457436604	-0.0208747064325	0.0305258904762	-0.0430777240435	-0.00620362726587	0.0173481477142	-0.000873056514549	-0.00802578752648	0.0406510418576	0.0481934292181	-0.0508453111841	0.00484468180621	-0.0739397470903	0.0500042521632	-0.0169360981911	-0.0199819245008	-0.0266023509084	0.0104862582358	0.00265964206411	0.0377015972106	-0.0221548374258	-0.0371849098713	-0.039991251003	-0.0202039162376	0.0239534124198	0.0346122492179	0.0382120195697	0.000296645691244	-0.0252214805775	-0.0169894567197	-0.0344838643094	0.0121730972413	-0.00552442307313
k__Bacteria;p__Actinobacteria;c__Actinobacteria;o__Bifidobacteriales;f__Bifidobacteriaceae;g__Bifidobacterium;s__Bifidobacterium_adolescentis	-0.0131904001048	-0.0751098726166	0.0299544613183	-0.0142834214929	-0.0280444288466	-0.0120179508868	0.0288705691458	0.0355811716003	0.0182124458568	-0.00633003844357	-0.0356012871986	-0.0303022796283	-0.0296605159664	0.0212440758934	0.0283575034066	-0.0100948039524	-0.014456005015	0.0308457286952	-0.017698538985	0.0113207193518	-0.0458098086761	-0.00831968469067	-0.0430628208874	1.0	-0.020015948635	-0.0379756217921	-7.1402645124e-05	0.00494530227725	-0.00862541182414	-0.00279159126652	-0.0446559944875	0.00890306716255	0.0282422129228	-0.0249633109757	-0.010832202888	-0.0686306365627	-0.0122631214283	-0.018689281703	0.0263239705334	0.0111035992676	0.0221837011344	0.0337874198223	-0.0260285889871	0.0647212319536	0.00761889020462	-0.019903424674	-0.00275235198739	0.0195308881957	0.0533291519144	-0.0188017061286	0.0838600903223	-0.0494859991607	-0.0118504989237	-0.00321642956978	-0.0391469500364	0.00187731509119	-0.0286006271228	0.00484877398233	0.00730815983746
k__Bacteria;p__Firmicutes;c__Clostridia;o__Clostridiales;f__Oscillospiraceae;g__Oscillibacter;s__Oscillibacter_sp._KLE_1745	0.0026540122069	0.0196807398485	-0.0592875032092	-0.115033918872	-0.00444204665173	-0.011519598922	0.00851053324407	0.0277552971185	-0.0289940579767	-0.0207303371071	0.0170920323883	-0.00770851783766	-0.00350702272102	-0.0599979079099	0.00657950309896	-0.0508284798393	0.021038689281	-0.00565390977439	0.0545280334207	-0.00279105194566	-0.0315036654122	-0.0680410627612	0.0678070466994	-0.020015948635	1.0	0.0324146392453	-0.00977642808193	0.00387171673336	-0.0452790498906	-0.00837577685187	-0.0319783354475	0.0188934977245	-2.43966007881e-05	0.00810990072478	-0.00789016373226	0.00251846541297	0.045598700113	-0.0131062820953	-0.0259513085291	-0.0363982212516	-0.0365153440053	-0.0610003853023	0.0114020276281	-0.00644918309732	0.0381209620227	0.0316356729234	0.0135950573365	-0.0109534015153	-0.0427419988925	0.0100129507533	-0.00226962437877	-0.0275742432956	0.0352570290087	0.00982584344204	-0.00393348481321	-0.0517380635001	-0.0527684339475	0.066882598515	-0.0430649079269
k__Bacteria;p__Bacteroidetes;c__Bacteroidia;o__Bacteroidales;f__Bacteroidaceae;g__Bacteroides;s__Bacteroides_coprophilus	0.0181422551987	-0.0112540625674	0.0277923172274	-0.0359565428765	0.0275191401095	-0.00765561146587	-0.0108218419213	0.00424384352757	-0.0420191758735	0.0281320702171	-0.027278722596	0.00465611741658	0.0364286064235	0.0388845829541	-0.0226932576866	-0.0857714490657	-0.0304166240301	-0.0270765072249	-0.0307120100878	-0.0793954655918	0.0344134116892	-0.0181852770748	0.0099892740551	-0.0379756217921	0.0324146392453	1.0	-0.00817619102389	0.0264035771682	0.024038464896	0.0861284072276	-0.0329513678271	0.013184913356	-0.0639413914453	0.0170239536323	0.0181944005884	-0.0657784726595	-0.00145223290824	0.0135556128352	-0.0121132756031	-0.00419683737012	-0.0722247940696	0.00824495573213	0.0195200848072	-0.00527563955893	0.00406192796323	-0.0162112299203	-0.0322104683316	-0.0429080161772	-0.00683719390128	-0.0134370691637	-0.030727217504	-0.0850338019688	0.0164813008613	0.0305143981029	0.0217611434256	-0.0330801261776	0.0429864328965	-0.0225495164558	0.0421255075982
k__Bacteria;p__Firmicutes;c__Clostridia;o__Clostridiales;f__Lachnospiraceae;g__Roseburia;s__Roseburia_intestinalis	-0.0362877395668	-0.0623331285957	0.0274048070963	0.0457529760363	0.02122938422	-0.0243540945766	0.00621478948003	-0.0426377226513	-0.00611559367784	-0.0165131725187	-0.0197232016152	0.0116654774956	0.031627470718	-0.0629187362107	-0.0295049652936	-0.0124576866571	-0.0748448866308	0.052291384814	-0.0058591098718	-0.0424644497288	-0.00798923811726	-0.00269387618033	0.07457436604	-7.14026451242e-05	-0.00977642808193	-0.00817619102389	1.0	0.0146871675426	-0.0347632098855	-0.021236664294	-0.00462813510675	0.0317706572609	0.0265503967534	0.0203317635211	-0.0445924180113	0.0112563445493	0.0130295199344	-0.00313500691567	-0.00260814614057	-0.00266454220176	0.00741019508024	0.0400856155317	-0.0281928212806	-0.0175131949581	0.0368266887058	0.0336558927136	-0.00581851377054	-0.0594435954478	-0.00340608487435	-0.0109355724993	-0.00237203958409	-0.0276230142508	-0.0773900586449	-0.0103290001479	-0.0132195602268	-0.0370512307388	0.018553283726	0.00872130019409	-0.00966314876421
k__Bacteria;p__Firmicutes;c__Clostridia;o__Clostridiales;f__Lachnospiraceae;g__Roseburia;s__Roseburia_hominis	-0.00553730626479	0.0318910926024	-0.0116844234181	0.0178998426771	-0.0202435959392	0.0253109457456	0.059470698558	0.0115880685667	-0.0243736855935	-0.0136206986639	0.0290326511886	0.0331932727635	-0.0256792928899	0.0120799641827	0.0393651227185	-0.0141339866956	-0.0110864751776	0.00144713988765	-0.0322796116159	-0.0490311999771	0.00937755421851	-0.0174559207221	-0.0208747064325	0.00494530227725	0.00387171673336	0.0264035771682	0.0146871675426	1.0	-0.0691338007765	-0.0701046240915	-0.0155944175448	-0.0501922978799	0.0051458568707	-0.0194091243567	0.0044513838098	0.0121110057171	-0.0304502395244	-0.0287934603404	0.0065176778739	0.0179359539244	0.0120217747287	-0.011606381348	0.00186312956697	-0.0141251841286	-0.0116724611698	-0.0119592215675	-0.0309916139727	-0.0286996329193	-0.0186640231069	-0.0104163243003	-0.0192756883015	-0.0255840921674	0.0301064532845	0.0223663275917	0.00792107441921	0.0324715822689	-0.0176535052174	0.0120195079285	-0.0713053238255
k__Bacteria;p__Bacteroidetes;c__Bacteroidia;o__Bacteroidales;f__Porphyromonadaceae;g__Parabacteroides;s__Parabacteroides_johnsonii	0.0080027445258	-0.0100587317578	-0.00928803566811	0.0169022259724	0.0104576674525	-0.0164555443394	-0.0320820426049	-0.0319728777417	-0.0302935113603	0.0437310931021	0.012901133362	-0.0890197280678	-0.0391841255721	0.0177158764758	-0.0806022248074	-0.0503929080493	0.0133629244515	-0.00447184998955	0.0337046512063	-0.0286828010147	0.0354532135875	0.0339038204414	0.0305258904762	-0.00862541182414	-0.0452790498906	0.024038464896	-0.0347632098855	-0.0691338007765	1.0	0.0273069162155	-0.00415291980773	0.0106090803641	-0.0501601309888	-0.0315985153243	-0.0461951569277	-0.0639362349454	-0.000724485694053	0.0263204516838	0.0323024544649	0.0199652441191	-0.0538531644774	0.00342544718277	-0.0430622703228	-0.0205415421144	0.00806090540458	-0.00124251972547	-0.0638960290462	-0.00253720456801	0.103984184785	0.00822359297266	-0.0567429479056	-0.00252952518701	-0.0209475209917	-0.00304169271875	-0.0177990470381	0.00264523815913	0.0198887211674	-0.0351350277846	-0.0401983623947
k__Bacteria;p__Actinobacteria;c__Actinobacteria;o__Bifidobacteriales;f__Bifidobacteriaceae;g__Bifidobacterium;s__Bifidobacterium_longum	0.0504291169473	-0.0254408298904	-0.049428464801	-0.0145787221681	-0.00770678053634	0.00156959203843	-0.031648521304	0.0288420144391	-0.0306910879458	-0.0535852433674	0.00725092893354	-0.0460158581991	-0.0165521689308	-0.00626043836352	-0.042469609376	-0.0406681642668	0.0283229686007	-0.0365729579401	-0.0220601893978	0.0182234175852	-0.0872809241395	0.0527321812571	-0.0430777240435	-0.00279159126652	-0.00837577685187	0.0861284072276	-0.021236664294	-0.0701046240915	0.0273069162155	1.0	-0.0501074494078	0.000336580577663	0.0278350906003	-0.0521827320161	0.0139263671063	-0.00496460280001	0.0094587921504	-0.0316462555273	0.013435575664	0.0189547836135	-0.00529949103711	-0.018411387227	-0.0139799614008	0.00678522934891	0.0258561670111	-0.0120459593965	-0.0207977285228	-0.00685533245884	-0.0250458964547	0.0201054157404	-0.0262449818293	0.00519876120328	-0.0735858258967	-0.0517634975987	0.00303410650672	-0.0100356032689	0.0571845825741	0.0014052951036	0.020361348082
