#taxonomy	k__Bacteria;p__Bacteroidetes;c__Bacteroidia;o__Bacteroidales;f__Bacteroidaceae;g__Bacteroides;s__Bacteroides_vulgatus	k__Bacteria;p__Bacteroidetes;c__Bacteroidia;o__Bacteroidales;f__Bacteroidaceae;g__Bacteroides;s__Bacteroides_uniformis	k__Bacteria;p__Bacteroidetes;c__Bacteroidia;o__Bacteroidales;f__Rikenellaceae;g__Alistipes;s__Alistipes_putredinis	k__Bacteria;p__Bacteroidetes;c__Bacteroidia;o__Bacteroidales;f__Prevotellaceae;g__Prevotella;s__Prevotella_copri	k__Bacteria;p__Bacteroidetes;c__Bacteroidia;o__Bacteroidales;f__Bacteroidaceae;g__Bacteroides;s__Bacteroides_stercoris	k__Bacteria;p__Bacteroidetes;c__Bacteroidia;o__Bacteroidales;f__Bacteroidaceae;g__Bacteroides;s__Bacteroides_ovatus	k__Bacteria;p__Bacteroidetes;c__Bacteroidia;o__Bacteroidales;f__Rikenellaceae;g__Alistipes;s__Alistipes_shahii	k__Bacteria;p__Firmicutes;c__Clostridia;o__Clostridiales;f__Ruminococcaceae;g__Faecalibacterium;s__Faecalibacterium_prausnitzii	k__Bacteria;p__Bacteroidetes;c__Bacteroidia;o__Bacteroidales;f__Rikenellaceae;g__Alistipes;s__Alistipes_finegoldii	k__Bacteria;p__Bacteroidetes;c__Bacteroidia;o__Bacteroidales;f__Porphyromonadaceae;g__Parabacteroides;s__Parabacteroides_distasonis	k__Bacteria;p__Bacteroidetes;c__Bacteroidia;o__Bacteroidales;f__Bacteroidaceae;g__Bacteroides;s__Bacteroides_thetaiotaomicron	k__Bacteria;p__Bacteroidetes;c__Bacteroidia;o__Bacteroidales;f__Bacteroidaceae;g__Bacteroides;s__Bacteroides_coprocola	k__Bacteria;p__Bacteroidetes;c__Bacteroidia;o__Bacteroidales;f__Bacteroidaceae;g__Bacteroides;s__Bacteroides_cellulosilyticus	k__Bacteria;p__Bacteroidetes;c__Bacteroidia;o__Bacteroidales;f__Rikenellaceae;g__Alistipes;s__Alistipes_obesi	k__Bacteria;p__Firmicutes;c__Clostridia;o__Clostridiales;f__Lachnospiraceae;g__;s__[Eubacterium]_rectale	k__Bacteria;p__Bacteroidetes;c__Bacteroidia;o__Bacteroidales;f__Bacteroidaceae;g__Bacteroides;s__Bacteroides_plebeius	k__Bacteria;p__Bacteroidetes;c__Bacteroidia;o__Bacteroidales;f__Bacteroidaceae;g__Bacteroides;s__Bacteroides_fragilis	k__Bacteria;p__Proteobacteria;c__Betaproteobacteria;o__Burkholderiales;f__Sutterellaceae;g__Sutterella;s__Sutterella_wadsworthensis	k__Bacteria;p__Bacteroidetes;c__Bacteroidia;o__Bacteroidales;f__Porphyromonadaceae;g__Barnesiella;s__Barnesiella_intestinihominis	k__Bacteria;p__Bacteroidetes;c__Bacteroidia;o__Bacteroidales;f__Odoribacteraceae;g__Odoribacter;s__Odoribacter_splanchnicus	k__Bacteria;p__Bacteroidetes;c__Bacteroidia;o__Bacteroidales;f__Bacteroidaceae;g__Bacteroides;s__Bacteroides_salyersiae	k__Bacteria;p__Firmicutes;c__Clostridia;o__Clostridiales;f__Ruminococcaceae;g__Ruminiclostridium;s__[Eubacterium]_siraeum	k__Bacteria;p__Proteobacteria;c__Betaproteobacteria;o__Burkholderiales;f__Sutterellaceae;g__Parasutterella;s__Parasutterella_excrementihominis	k__Bacteria;p__Actinobacteria;c__Actinobacteria;o__Bifidobacteriales;f__Bifidobacteriaceae;g__Bifidobacterium;s__Bifidobacterium_adolescentis	k__Bacteria;p__Firmicutes;c__Clostridia;o__Clostridiales;f__Oscillospiraceae;g__Oscillibacter;s__Oscillibacter_sp._KLE_1745	k__Bacteria;p__Bacteroidetes;c__Bacteroidia;o__Bacteroidales;f__Bacteroidaceae;g__Bacteroides;s__Bacteroides_coprophilus	k__Bacteria;p__Firmicutes;c__Clostridia;o__Clostridiales;f__Lachnospiraceae;g__Roseburia;s__Roseburia_intestinalis	k__Bacteria;p__Firmicutes;c__Clostridia;o__Clostridiales;f__Lachnospiraceae;g__Roseburia;s__Roseburia_hominis	k__Bacteria;p__Bacteroidetes;c__Bacteroidia;o__Bacteroidales;f__Porphyromonadaceae;g__Parabacteroides;s__Parabacteroides_johnsonii	k__Bacteria;p__Actinobacteria;c__Actinobacteria;o__Bifidobacteriales;f__Bifidobacteriaceae;g__Bifidobacterium;s__Bifidobacterium_longum	k__Bacteria;p__Firmicutes;c__Clostridia;o__Clostridiales;f__;g__Flavonifractor;s__Flavonifractor_plautii	k__Bacteria;p__Firmicutes;c__Clostridia;o__Clostridiales;f__Clostridiaceae;g__Clostridium;s__Clostridium_phoceensis	k__Bacteria;p__Verrucomicrobia;c__Verrucomicrobiae;o__Verrucomicrobiales;f__Akkermansiaceae;g__Akkermansia;s__Akkermansia_muciniphila	k__Bacteria;p__Bacteroidetes;c__Bacteroidia;o__Bacteroidales;f__Prevotellaceae;g__Paraprevotella;s__Paraprevotella_xylaniphila	k__Bacteria;p__Firmicutes;c__Clostridia;o__Clostridiales;f__Ruminococcaceae;g__Ruminococcus;s__Ruminococcus_callidus	k__Bacteria;p__Bacteroidetes;c__Bacteroidia;o__Bacteroidales;f__Rikenellaceae;g__Alistipes;s__Alistipes_senegalensis	k__Bacteria;p__Firmicutes;c__Clostridia;o__Clostridiales;f__Lachnospiraceae;g__Blautia;s__Blautia_sp._KLE_1732	k__Bacteria;p__Bacteroidetes;c__Bacteroidia;o__Bacteroidales;f__Bacteroidaceae;g__Bacteroides;s__Bacteroides_oleiciplenus	k__Bacteria;p__Firmicutes;c__Clostridia;o__Clostridiales;f__Ruminococcaceae;g__Ruminococcus;s__Ruminococcus_bicirculans	k__Bacteria;p__Bacteroidetes;c__Bacteroidia;o__Bacteroidales;f__Bacteroidaceae;g__Bacteroides;s__Bacteroides_fluxus	k__Bacteria;p__Bacteroidetes;c__Bacteroidia;o__Bacteroidales;f__Prevotellaceae;g__Prevotella;s__Prevotella_stercorea	k__Bacteria;p__Firmicutes;c__Clostridia;o__Clostridiales;f__Lachnospiraceae;g__Dorea;s__Dorea_longicatena	k__Bacteria;p__Firmicutes;c__Clostridia;o__Clostridiales;f__Eubacteriaceae;g__Eubacterium;s__[Eubacterium]_eligens	k__Bacteria;p__Firmicutes;c__Clostridia;o__Clostridiales;f__Ruminococcaceae;g__;s__Ruminococcaceae_bacterium_D16	k__Bacteria;p__Firmicutes;c__Clostridia;o__Clostridiales;f__Lachnospiraceae;g__Coprococcus;s__Coprococcus_comes	k__Bacteria;p__Proteobacteria;c__Gammaproteobacteria;o__Enterobacterales;f__Enterobacteriaceae;g__Escherichia;s__Escherichia_coli	k__Bacteria;p__Firmicutes;c__Clostridia;o__Clostridiales;f__Ruminococcaceae;g__Anaerotruncus;s__Anaerotruncus_colihominis	k__Bacteria;p__Firmicutes;c__Clostridia;o__Clostridiales;f__Lachnospiraceae;g__Blautia;s__Blautia_obeum	k__Bacteria;p__Bacteroidetes;c__Bacteroidia;o__Bacteroidales;f__Odoribacteraceae;g__Odoribacter;s__Odoribacter_laneus	k__Bacteria;p__Firmicutes;c__Clostridia;o__Clostridiales;f__Ruminococcaceae;g__Ruminiclostridium;s__[Clostridium]_leptum	k__Bacteria;p__Bacteroidetes;c__Bacteroidia;o__Bacteroidales;f__Porphyromonadaceae;g__Parabacteroides;s__Parabacteroides_goldsteinii	k__Bacteria;p__Firmicutes;c__Clostridia;o__Clostridiales;f__Lachnospiraceae;g__Anaerostipes;s__Anaerostipes_hadrus	k__Bacteria;p__Firmicutes;c__Clostridia;o__Clostridiales;f__Ruminococcaceae;g__Ruminococcus;s__Ruminococcus_lactaris	k__Bacteria;p__Firmicutes;c__Clostridia;o__Clostridiales;f__Clostridiaceae;g__Clostridium;s__Clostridium_sp._L2-50	k__Bacteria;p__Firmicutes;c__Clostridia;o__Clostridiales;f__Clostridiaceae;g__Clostridium;s__Clostridium_sp._M62/1	k__Bacteria;p__Firmicutes;c__Clostridia;o__Clostridiales;f__;g__Intestinimonas;s__Intestinimonas_butyriciproducens	k__Bacteria;p__Actinobacteria;c__Actinobacteria;o__Bifidobacteriales;f__Bifidobacteriaceae;g__Bifidobacterium;s__Bifidobacterium_bifidum	k__Bacteria;p__Firmicutes;c__Negativicutes;o__Veillonellales;f__Veillonellaceae;g__Dialister;s__Dialister_invisus	k__Bacteria;p__Bacteroidetes;c__Bacteroidia;o__Bacteroidales;f__Bacteroidaceae;g__Bacteroides;s__Bacteroides_salanitronis
k__Bacteria;p__Bacteroidetes;c__Bacteroidia;o__Bacteroidales;f__Bacteroidaceae;g__Bacteroides;s__Bacteroides_vulgatus	1.0	0.0226100428597	-0.0237954111156	0.0087025151341	-0.0306114973407	0.0657990826985	-0.00668687188336	-0.0242751803555	0.0412836676664	0.0437925468884	-0.0216228985893	-0.0338994083116	0.00947373526294	-0.00513391825845	0.00708584427193	-0.0367590311408	0.0279658392956	0.0114820523456	0.0407402166606	-0.0317710289053	-0.0228047696846	-0.0199558079767	-0.0258511254344	-0.0145953873916	-0.0575712191819	-0.0109283106785	-0.0421920884906	-0.0467223076043	-0.0140712206828	-0.0412799873045	-0.0600936590572	-0.03896398905	-0.0723769826703	-0.0383277473226	-0.00407761322913	0.022812764058	-0.0108677829913	0.0112748917285	-0.0200108873005	-0.0237031674183	0.0036059043034	-0.0435000160892	-0.014481331785	0.0403056294343	-0.0295121496114	-0.0961030033806	-0.009765009277	0.0673951350113	0.00134057580456	0.0277498096912	0.00106313590066	-0.0087412503027	0.0138269855886	-0.00887330587449	0.0397363173331	0.0140405165283	0.0154354525879	-0.0140663582329	-0.00589284096145
k__Bacteria;p__Bacteroidetes;c__Bacteroidia;o__Bacteroidales;f__Bacteroidaceae;g__Bacteroides;s__Bacteroides_uniformis	0.0226100428597	1.0	-0.0214062972958	-0.0218477180139	-0.00121386723602	-0.00903601419665	-0.0116215832334	0.00956134623808	0.0103752652998	-0.000670848543773	-0.0256426706449	-0.0622895374582	-0.0163752395164	0.0141478335142	0.0278014584083	-0.0225901329297	-0.0682296853495	-0.0380400966026	-0.0427597022577	0.0201897788025	-0.0489039331442	0.0219833957442	0.0218790113862	-0.0556133380799	-0.0306515126339	-0.00759710327126	-0.0190416385983	0.0465768682556	-0.0542563162697	-0.0137891196062	0.0420207195816	-0.0178008781488	0.0402957963558	0.0459800664908	0.0468593826559	-0.0264548338241	-0.00336372246784	0.0590888404974	-0.00308558050073	-0.0721863636256	-0.0380576266332	-0.0462320590018	-0.00705662592766	0.053575848099	0.0155493949688	0.0151092909703	-0.00690210892749	-0.0227697871782	-0.0197325062085	-0.00614946599638	-0.0411622629414	-0.0314673124035	-0.0553398068423	0.000478385420891	0.0231209720525	0.0481387573339	-0.019019662638	-0.0410157131312	0.00888461048905
k__Bacteria;p__Bacteroidetes;c__Bacteroidia;o__Bacteroidales;f__Rikenellaceae;g__Alistipes;s__Alistipes_putredinis	-0.0237954111156	-0.0214062972958	1.0	0.0052504840311	-0.0169302439503	-0.0867496274227	0.0167607971969	-0.00896688197415	0.0164228794795	0.035344609607	0.00521449891732	-0.00379097688884	-0.024211872246	0.00306068557776	-0.100547576498	0.0245628740642	0.0226178813805	0.00214832208772	-0.0714012743896	-0.0197095855411	-0.010359762021	-0.00351559984125	0.00682296413837	-0.0177561014296	0.000364822593929	-0.00790416793957	0.00320520528718	-0.00050573478677	0.0104601778296	-0.058315824411	-0.0281023321305	-0.0472488621696	0.00431618527615	-0.0221948828268	-0.0236573312716	-0.0394384724683	0.00287251952412	0.0331311757142	0.0580469594402	0.00282202849354	0.0421163542096	-0.0122516434796	-0.0311544007117	0.0183513003866	0.049085319143	-0.0600341526086	-0.00966047048111	-0.053905011235	-0.0165141808716	-0.0432909674207	-0.00961276113151	0.0186407385936	0.0404728346184	0.0434607950514	-0.0312346550511	0.00591199024734	-0.0720486126211	-0.0296636113369	0.0223765959175
k__Bacteria;p__Bacteroidetes;c__Bacteroidia;o__Bacteroidales;f__Prevotellaceae;g__Prevotella;s__Prevotella_copri	0.0087025151341	-0.0218477180139	0.0052504840311	1.0	-0.0621022806269	-0.00278214468472	0.0199557374406	-0.00174435728976	-0.0119726769385	-0.0352599095708	-0.0215364901595	0.00695535244837	-0.046103758223	0.0253944033194	0.000222603994816	-0.0529890436982	-0.0554389157534	0.0380220448223	0.0140505537242	-0.0225330462558	0.00402422541719	0.0178225008033	-0.0229020854091	0.0137333661114	0.0029921376285	0.0455645828956	-0.00836319048267	0.0384239754921	-0.0277810492332	0.0129939595353	-0.0369888414774	0.0103310857315	-0.0172953948565	-0.0474774077736	-0.0155506596317	0.0309391916222	0.032850984595	-0.0150221910175	-0.0300815973711	-0.0216830447361	-0.033935284762	-0.00537731432134	-0.039035458595	0.00247391872952	0.0143851456311	-0.0288585015233	0.0018918774425	-0.0403690604214	0.0471442650277	-0.013888854214	0.00373929551445	-0.0612266183175	0.0212645257407	0.0349903772531	-0.0232928727278	0.0156291875226	-0.0198622531726	-0.0171144754789	0.0598559347945
k__Bacteria;p__Bacteroidetes;c__Bacteroidia;o__Bacteroidales;f__Bacteroidaceae;g__Bacteroides;s__Bacteroides_stercoris	-0.0306114973407	-0.00121386723602	-0.0169302439503	-0.0621022806269	1.0	-0.036758924678	-0.0052783825304	-0.0153372411451	0.00360274170695	-0.0245019607852	0.0112031834909	0.0382425551408	-0.0188069011112	-0.0364919414536	-0.111385330927	0.049049186239	-0.0150855236459	-0.0297678595232	0.0104627911968	0.0128084408073	-0.0395895829683	-0.0721880718356	0.0081938161327	-0.0281962762903	-0.00250869271616	-0.0281395313965	-0.0503452945409	-0.0715810429335	-0.0111718687983	0.028123283448	-0.0236465271997	0.0470088887776	0.0853152541896	0.0215910226836	-0.0502263139215	0.0267069202819	-0.0114375663099	0.0470859663653	-0.0058254914058	0.00583280671521	0.0403149442423	0.00291525485132	-0.0201940248248	0.0379379470733	0.0310972880712	0.00402462520997	-0.0432037418316	-0.0779583678431	-0.00905347829613	-0.00973633639631	-0.0136437615997	-0.0458827795522	-0.0209435209462	-0.0646016659338	0.0553520763843	0.0153934776082	-0.0031336551046	0.0118405764789	0.0171640982702
k__Bacteria;p__Bacteroidetes;c__Bacteroidia;o__Bacteroidales;f__Bacteroidaceae;g__Bacteroides;s__Bacteroides_ovatus	0.0657990826985	-0.00903601419665	-0.0867496274227	-0.00278214468472	-0.036758924678	1.0	0.0645194879979	0.0637924595669	0.0200073662496	0.0327767132248	0.0219681455988	-0.00598538836675	0.035884349434	0.0533424375454	0.0598567054336	0.0091140457503	-0.0175111431789	-0.0283189487292	-0.0345947139815	0.0453288364529	-0.0524368819169	0.0394274690548	0.00250034956022	0.0131768542069	-0.00881442387367	0.00854910102046	-0.0281027756745	-0.0240748309834	-0.0263658864202	-0.00324990545229	-0.054489005358	-0.0374482766566	0.00745821742591	-0.0273505575079	0.0280264481729	-0.0375791467427	-0.0226971368251	-0.022864204102	-0.0306529071695	-0.0041363017607	-0.0320427209675	0.00119891918774	0.0375444594199	0.00223276822247	-0.0463692220286	0.0747791769397	-0.0183736589103	-0.0273396200716	0.0186407039429	-0.0571927737016	-0.0308912352309	0.0145433399376	-0.0511768325879	0.034367995055	-0.0303157464852	0.0602168939632	-0.022413854287	0.0106747565484	-0.0280829210246
k__Bacteria;p__Bacteroidetes;c__Bacteroidia;o__Bacteroidales;f__Rikenellaceae;g__Alistipes;s__Alistipes_shahii	-0.00668687188336	-0.0116215832334	0.0167607971969	0.0199557374406	-0.0052783825304	0.0645194879979	1.0	-0.0126288289704	-0.0222892534784	0.0481646411628	-0.00229627627492	-0.104733057232	-0.0559263109665	0.0424844438167	0.0279683564533	0.0381574438782	0.0140106886406	-0.00921755205458	0.0304182177924	-0.0510478951938	0.010702303612	-0.026446833745	0.0262120526836	-0.0750019848882	0.0104847403136	-0.0278001064667	-0.00311229953906	0.0298764422007	-0.0137824911072	-0.0239519406528	0.0180474661575	0.0288406697559	-0.0517977434198	-0.0284578180479	-0.0271853567655	0.0073776020795	0.0185105270819	0.0332824139593	-0.0145633083726	0.0704483822745	-0.106059309181	0.0348155775841	-0.00322753792408	0.0152069059416	-0.0269865826619	-0.027392019638	-0.00946652688395	-0.078449370925	0.0199266725692	-0.0293426132794	-0.0145185880432	-0.000492094012825	-0.0340255009987	0.0232357738588	0.0320855682011	0.0151591539294	0.0338910345826	0.00365890100576	-0.00422301229085
k__Bacteria;p__Firmicutes;c__Clostridia;o__Clostridiales;f__Ruminococcaceae;g__Faecalibacterium;s__Faecalibacterium_prausnitzii	-0.0242751803555	0.00956134623808	-0.00896688197415	-0.00174435728976	-0.0153372411451	0.0637924595669	-0.0126288289704	1.0	-0.00603902884459	-0.0522964935768	0.01060702535	0.0179481774181	-0.0298872245611	0.0332369776619	-0.00849029191697	0.00174803193532	0.0242231394867	0.0132764661405	-0.0406893575026	-0.0199235823176	-0.0430303273479	-0.0604404127486	-0.0389683349481	0.0156797578233	-0.0233388374747	0.00181958817109	-0.0150183776965	0.00449853328304	0.0345408366827	-0.0691938659015	0.025111344889	0.0274046146704	-0.0554515748534	-0.00583059830874	0.0265308258156	0.00537761395975	0.000768716506396	-0.0497590009424	-0.0475618928826	0.0207305650525	-0.00167083041431	0.0239718184596	-0.00632245002421	-0.00112526514146	-0.0690081648168	-0.012695026867	-0.0693400518268	-0.0208767206659	0.0279624132863	0.0139751659053	-0.00236145641699	-0.0698222873033	0.00720472053582	0.00429764110854	-0.00223844655553	0.024426441141	-0.0257236175182	-0.0176850764413	0.000917183711126
k__Bacteria;p__Bacteroidetes;c__Bacteroidia;o__Bacteroidales;f__Rikenellaceae;g__Alistipes;s__Alistipes_finegoldii	0.0412836676664	0.0103752652998	0.0164228794795	-0.0119726769385	0.00360274170695	0.0200073662496	-0.0222892534784	-0.00603902884459	1.0	-0.0672586014523	-0.00849624587545	-0.0389163712672	-0.0439219892502	-0.035830489225	-0.0488436126767	0.0157965344432	-0.0103026487088	0.0087448033826	0.0255410978406	-0.0115921366554	0.00133157679546	-0.00297894931506	-0.00608049655176	0.0132762333643	0.023515913493	0.0218931701638	-0.0636904778956	-0.000915753199709	-0.0678953204683	0.0299184098063	-0.0385426362354	-0.0068068778618	0.0582405377522	0.0449305802647	0.0151412184868	-0.0282959413591	-0.0182373444038	0.00490244763884	0.0405114716547	-0.0113206658067	0.0251984529036	0.00541657295476	0.0828903073689	-0.0440937529012	-0.000895964981538	-0.0259790247441	0.0169772365371	0.00532088917495	0.0480465851824	-0.0486264376355	-0.0472958408113	-0.0498266400964	-0.0505196978376	-0.014002441962	0.0125673445535	-0.0314132259885	0.0260170139642	-0.0334149511249	-0.0450905502676
k__Bacteria;p__Bacteroidetes;c__Bacteroidia;o__Bacteroidales;f__Porphyromonadaceae;g__Parabacteroides;s__Parabacteroides_distasonis	0.0437925468884	-0.000670848543773	0.035344609607	-0.0352599095708	-0.0245019607852	0.0327767132248	0.0481646411628	-0.0522964935768	-0.0672586014523	1.0	-0.00932162246153	0.033941562579	0.0106411804733	0.0149065676323	-0.014294871707	-0.0211999199025	0.0149820566898	0.0110441123111	0.0355787485947	-0.0159219636799	0.0227445566518	0.0347239795272	-0.00640238465092	0.00875256827103	-0.00736086595231	-0.0482543868084	0.0202464672117	0.00746399817552	-0.0291528975633	-0.116669748079	-0.0366164300255	-0.0321762365196	-0.0376246397338	-0.00131667253435	-0.0264699684798	0.0287951160134	0.00968585040161	-0.0269074811558	0.0463599772432	-0.0411151355482	-0.0321491743787	-0.00702925564312	0.0126538617834	-0.0450198292376	0.00379240658342	-0.0641543868844	0.00783254526609	0.0345917423273	-0.0159783143486	0.0344807401423	0.0528363662683	0.00215039628814	-0.0280054896987	-0.0370127712433	0.0169227307742	0.0321783745167	0.0252282586581	-0.0274780868799	0.0395958926198
k__Bacteria;p__Bacteroidetes;c__Bacteroidia;o__Bacteroidales;f__Bacteroidaceae;g__Bacteroides;s__Bacteroides_thetaiotaomicron	-0.0216228985893	-0.0256426706449	0.00521449891732	-0.0215364901595	0.0112031834909	0.0219681455988	-0.00229627627492	0.01060702535	-0.00849624587545	-0.00932162246153	1.0	0.0159505305502	0.00515448694702	-0.0266095871202	-0.0417336534922	-0.00287634929751	-0.0329889056155	-0.0368370350252	-0.0446810887697	0.020486880216	-0.0690034191571	-0.0245670434924	0.01024283402	0.00699420811878	0.00145144966316	0.0443823446456	-0.0120273544231	-0.0327317564342	-0.0250514055052	-0.00282298496573	-0.0747969206302	-0.00102438769413	-0.0147327338433	0.00401796876829	-0.0597552028983	0.0128716912866	0.0210325680093	0.0142308489456	-0.00468016798526	0.016576979799	0.0440041678984	0.0580122860204	-0.0212623333225	0.0641615339686	-0.0482279202266	0.0136631847768	-0.0115434948012	0.00330942002417	-0.0108289628401	-0.0628306790815	0.0191355621145	0.0147243024972	0.0201276335753	-0.0146983558038	-0.0226999095243	-0.0710912054838	0.0114213704171	-0.0126182636353	-0.0436425178544
k__Bacteria;p__Bacteroidetes;c__Bacteroidia;o__Bacteroidales;f__Bacteroidaceae;g__Bacteroides;s__Bacteroides_coprocola	-0.0338994083116	-0.0622895374582	-0.00379097688884	0.00695535244837	0.0382425551408	-0.00598538836675	-0.104733057232	0.0179481774181	-0.0389163712672	0.033941562579	0.0159505305502	1.0	-0.070389197593	0.0466871491106	-0.00265593652013	0.00245153671355	-0.00842136877375	-0.000155761218945	-0.0301943404658	0.072418287743	0.0272779837377	-0.0607826293028	-0.0231338776687	0.0537264935446	0.0223643406825	-0.00482118694034	0.00669395013826	-0.00119884218386	0.0353520817209	0.073161219421	-0.0664043136013	-0.0424030181357	-0.0444617951231	0.0166034156711	0.0187556426549	0.0393808126907	-0.0462512489441	-0.037876052561	0.0184410814628	-0.00899882974774	-0.00244695297472	-0.0433626407456	0.00410476625281	0.033730366213	-0.0189118690564	0.0306738651649	0.0411767069937	0.0033433454359	0.0304667514395	0.0158583803005	0.0374993342525	-0.0700724503096	0.0200148914772	0.000195529475313	-0.0244076366311	-0.000768440069821	-0.0484353307471	0.0469178416911	-0.00336855431491
k__Bacteria;p__Bacteroidetes;c__Bacteroidia;o__Bacteroidales;f__Bacteroidaceae;g__Bacteroides;s__Bacteroides_cellulosilyticus	0.00947373526294	-0.0163752395164	-0.024211872246	-0.046103758223	-0.0188069011112	0.035884349434	-0.0559263109665	-0.0298872245611	-0.0439219892502	0.0106411804733	0.00515448694702	-0.070389197593	1.0	-0.00825630749048	-0.0333823153732	0.0122482462199	-0.0572478732007	0.034175591912	0.00713798767507	0.0125865634304	-0.0259812586523	0.0628959509148	0.0101433364894	-0.00662940344764	-0.04416069531	-0.0210222200404	0.0222680569197	-0.0242308076761	0.0249984050535	-0.0513839570445	0.0134321180358	0.00566922224553	-0.0728914842764	-0.0218484975774	-0.0353693074182	0.00430153281359	0.0215561884412	0.0430622060566	-0.00433521877348	-0.000165401093374	0.0146170274404	0.0383980529252	-0.0132901004565	0.0340530202828	0.0463855786127	0.0599512794067	0.0102070093114	0.038231477893	-0.0392569860486	-0.024821044515	-0.0390145142571	0.00143618541177	0.00629540127405	-0.0255989031903	0.0525391399835	0.000211725062317	0.0207292645929	0.00289562580726	0.0425292496777
k__Bacteria;p__Bacteroidetes;c__Bacteroidia;o__Bacteroidales;f__Rikenellaceae;g__Alistipes;s__Alistipes_obesi	-0.00513391825845	0.0141478335142	0.00306068557776	0.0253944033194	-0.0364919414536	0.0533424375454	0.0424844438167	0.0332369776619	-0.035830489225	0.0149065676323	-0.0266095871202	0.0466871491106	-0.00825630749048	1.0	-0.00218079799273	-0.00280550816415	-0.0154530901422	-0.00306568652878	-0.0661334305645	-0.0274993741231	0.0147214442758	-0.00693991920754	0.0127208895696	0.0248586025792	-0.00226858600546	-0.0395602526933	-0.000890049420989	0.0393770861801	-0.00846150362967	0.0148577943345	-0.00509025199569	-0.00768702715961	-0.0684445187026	0.037190313843	-0.0347138015273	0.0222179626568	-0.023285214238	0.0368634685611	0.023598947854	-0.0805559255674	-0.0469504155607	-0.0443270872919	0.0147953264239	0.0163443046356	0.00467268908135	-0.00130335356894	-0.0226211639457	-0.016092674698	0.046687189402	0.0386623188621	-0.0458204011704	-0.00222129238613	-0.0710142789934	-0.0475559288939	-0.009489524593	-0.0208947429646	0.00119157470437	0.0206165240194	-0.0166250476642
k__Bacteria;p__Firmicutes;c__Clostridia;o__Clostridiales;f__Lachnospiraceae;g__;s__[Eubacterium]_rectale	0.00708584427193	0.0278014584083	-0.100547576498	0.000222603994816	-0.111385330927	0.0598567054336	0.0279683564533	-0.00849029191697	-0.0488436126767	-0.014294871707	-0.0417336534922	-0.00265593652013	-0.0333823153732	-0.00218079799273	1.0	0.0277035245049	-0.00421220443601	-0.00950360785977	0.0478178313832	0.0355265780077	-0.00913640405787	0.0473497026571	-0.0414304653217	-0.00332088540053	-0.0169216590306	-0.0778249227912	-0.00326620373192	-0.0211744990747	-0.0247654320339	-0.0203642931038	0.0213703968214	-0.0103114025878	-0.0236842863466	-0.0139906016281	-0.011750378962	0.0573963554929	-0.00351373795992	0.0254487246192	-0.0375640345739	-0.0383542095325	0.00303474822871	0.0367572389573	0.00681573624925	0.0468933614972	-0.0300053288782	-0.0154252867395	0.023281479543	-0.0346157703435	-0.0395567811988	0.0153459564717	0.00897507350696	-0.0269312891673	0.0055914946744	0.024041085532	0.00246634034022	0.0393771524071	-0.00847095213579	0.0115563893751	0.0161820952032
k__Bacteria;p__Bacteroidetes;c__Bacteroidia;o__Bacteroidales;f__Bacteroidaceae;g__Bacteroides;s__Bacteroides_plebeius	-0.0367590311408	-0.0225901329297	0.0245628740642	-0.0529890436982	0.049049186239	0.0091140457503	0.0381574438782	0.00174803193532	0.0157965344432	-0.0211999199025	-0.00287634929751	0.00245153671355	0.0122482462199	-0.00280550816415	0.0277035245049	1.0	0.0380164074668	0.0309595357034	0.00948385501594	-0.00105380532106	-0.0247467988656	-0.0247186159998	0.0661286042056	-0.0460610439042	0.0331915959657	0.00341106139957	0.0295504988794	-0.0257909152366	-0.066779858898	0.000292969037751	-0.0542980197535	-0.00349895715109	0.035755802308	-0.030993285739	0.00368258378929	0.0154083992968	-0.00729075655924	0.0279586533653	-0.0374176966587	-0.0477305667245	-0.0624295302572	0.0443941440079	0.056211476208	-0.00634571834196	-0.0484186586428	-0.0197667528194	-0.0306802100929	-0.0335069281174	-0.0233716585993	-0.012214925288	0.00649210603678	0.015964244763	0.00783366317636	-0.0287144024742	-0.0339267548478	-0.0249056870391	-0.0205701679558	-0.0266353294262	0.0170891157829
k__Bacteria;p__Bacteroidetes;c__Bacteroidia;o__Bacteroidales;f__Bacteroidaceae;g__Bacteroides;s__Bacteroides_fragilis	0.0279658392956	-0.0682296853495	0.0226178813805	-0.0554389157534	-0.0150855236459	-0.0175111431789	0.0140106886406	0.0242231394867	-0.0103026487088	0.0149820566898	-0.0329889056155	-0.00842136877375	-0.0572478732007	-0.0154530901422	-0.00421220443601	0.0380164074668	1.0	-0.018033188555	0.0169348260309	-0.0625066113298	0.0109249439956	-0.0072066120427	-0.00982345460809	-0.0572569348577	0.0225431753119	0.002129009112	0.0160441894937	-0.00789810960986	-0.0717187548737	0.0627146997468	-0.00101750090115	0.00182460699972	-0.0232833740864	0.00777198531685	-0.0420698872297	-0.0381002305535	-0.0612254160319	0.0279565630738	-0.0132601033257	0.0198195720668	-0.0161158679264	0.0249274386644	0.00128163417501	-0.0460642863844	-0.000141145022886	-0.0419299231125	0.000594789968176	-0.00473846229975	0.0259902135472	0.0915568019969	-0.034181341033	-0.0175610464506	0.0602709894571	0.0350552624431	-0.0430411359249	-0.0253646974565	-0.042887183792	-0.0567495602463	0.000538960949923
k__Bacteria;p__Proteobacteria;c__Betaproteobacteria;o__Burkholderiales;f__Sutterellaceae;g__Sutterella;s__Sutterella_wadsworthensis	0.0114820523456	-0.0380400966026	0.00214832208772	0.0380220448223	-0.0297678595232	-0.0283189487292	-0.00921755205458	0.0132764661405	0.0087448033826	0.0110441123111	-0.0368370350252	-0.000155761218945	0.034175591912	-0.00306568652878	-0.00950360785977	0.0309595357034	-0.018033188555	1.0	-0.000963321772905	0.00070142343417	0.0433417816516	0.0245992215265	0.036358353224	-0.00371156704187	-0.0926347054195	-0.0379004220306	0.0314279770181	0.0466568184703	0.0202988595907	-0.0120864834525	0.0152005666118	-0.0292893090925	-0.0386280272163	-0.000170996492086	-0.0295000950122	0.0307503275197	-0.0138166236396	-0.0164400182904	-0.0471693385187	-0.0251250636709	0.0302934452762	-0.00112126034168	0.033214134423	0.0113586099484	0.048481416614	-0.0253918474645	-0.00499431395071	-0.0755657090368	0.00163809061684	-0.0274017123115	-0.0558992059854	0.0481991747029	0.0369227306868	-0.0190870401996	-0.0251499993194	-0.0363304365256	0.036571091377	0.0401677811363	-0.00395024631551
k__Bacteria;p__Bacteroidetes;c__Bacteroidia;o__Bacteroidales;f__Porphyromonadaceae;g__Barnesiella;s__Barnesiella_intestinihominis	0.0407402166606	-0.0427597022577	-0.0714012743896	0.0140505537242	0.0104627911968	-0.0345947139815	0.0304182177924	-0.0406893575026	0.0255410978406	0.0355787485947	-0.0446810887697	-0.0301943404658	0.00713798767507	-0.0661334305645	0.0478178313832	0.00948385501594	0.0169348260309	-0.000963321772905	1.0	-0.0036833618137	0.032716944689	-0.00305178123866	-0.00547982420131	-0.0652505008415	-0.027808508326	-0.00515752234347	0.0525565014566	-0.0652313119433	0.0452288978631	0.0474456932226	0.012744574247	-0.0218088014063	0.0577051968912	0.0188449681203	0.0371570270551	0.000483211662588	-0.0538513955145	0.0222212154598	-0.0288949187192	-0.0135947540751	0.00655520975823	-0.0350070651208	-0.0305561634733	-0.00316748663521	-0.0341663574279	-0.0127411618353	-0.00561383966824	-0.0204719537339	-0.0244401345293	-0.0490775750366	0.011234811285	-0.0653737350221	0.00434503997627	-0.0340583690185	-0.0164156469874	-0.0139031765199	-0.0387274903594	0.00211981175066	0.0211983681758
k__Bacteria;p__Bacteroidetes;c__Bacteroidia;o__Bacteroidales;f__Odoribacteraceae;g__Odoribacter;s__Odoribacter_splanchnicus	-0.0317710289053	0.0201897788025	-0.0197095855411	-0.0225330462558	0.0128084408073	0.0453288364529	-0.0510478951938	-0.0199235823176	-0.0115921366554	-0.0159219636799	0.020486880216	0.072418287743	0.0125865634304	-0.0274993741231	0.0355265780077	-0.00105380532106	-0.0625066113298	0.00070142343417	-0.0036833618137	1.0	-0.01499712895	0.000679303466076	-0.0339000126314	0.0312462783982	0.0365350459592	-0.0132740740983	-0.0344031525545	-0.0193903452227	-0.0169338796851	-0.0189640835385	-0.0274829902475	-0.0279056916317	0.0459577024398	-0.00053370145058	-0.0188596873168	-0.011348567532	-0.038231134911	-0.0152718944141	-0.0197213422932	-0.000668574311107	0.0591335958749	-0.0493258652098	-0.0603902395042	-0.00181895643991	-0.00630641571935	-0.0117252526515	-0.0315489839389	-0.0264385572187	0.00761787149896	-0.0412304712595	-0.0368358537269	-0.0522571872716	-0.0115948739314	0.00125997149915	0.0202631864776	-0.026534953088	-0.0347186119427	-0.0243910027597	-0.0889774396641
k__Bacteria;p__Bacteroidetes;c__Bacteroidia;o__Bacteroidales;f__Bacteroidaceae;g__Bacteroides;s__Bacteroides_salyersiae	-0.0228047696846	-0.0489039331442	-0.010359762021	0.00402422541719	-0.0395895829683	-0.0524368819169	0.010702303612	-0.0430303273479	0.00133157679546	0.0227445566518	-0.0690034191571	0.0272779837377	-0.0259812586523	0.0147214442758	-0.00913640405787	-0.0247467988656	0.0109249439956	0.0433417816516	0.032716944689	-0.01499712895	1.0	-0.0258166623003	-0.0433708855896	-0.0465193757984	-0.018890095963	-0.00832118673071	-0.0360386008503	-0.0234381390898	-0.014107368257	-0.0449295737651	0.00283643848491	-0.000939170656271	-0.0635316131265	0.033027682327	-0.00549940305762	-0.0546075968691	-0.0210962232408	-0.0527036947759	0.00348918861689	-0.0361364744908	-0.0415637985822	0.0500185806527	-0.00880578758523	-0.0170240116957	-0.0355013948403	-0.0179004991986	-0.0249600386625	0.00704134021561	0.00254329074648	0.00195271083348	-0.0260843514016	0.0326719668861	-0.0219090642945	-0.00790277892536	-0.00803818999317	0.0508563660173	0.0118231383399	0.0352055787215	-0.0276673893459
k__Bacteria;p__Firmicutes;c__Clostridia;o__Clostridiales;f__Ruminococcaceae;g__Ruminiclostridium;s__[Eubacterium]_siraeum	-0.0199558079767	0.0219833957442	-0.00351559984125	0.0178225008033	-0.0721880718356	0.0394274690548	-0.026446833745	-0.0604404127486	-0.00297894931506	0.0347239795272	-0.0245670434924	-0.0607826293028	0.0628959509148	-0.00693991920754	0.0473497026571	-0.0247186159998	-0.0072066120427	0.0245992215265	-0.00305178123866	0.000679303466076	-0.0258166623003	1.0	0.0367649246691	0.0621081630072	-0.0227164523505	0.0168756776371	-0.0824231690728	-0.0510179832069	0.0272570047916	0.0301895678168	-0.0216437378784	0.0298094738774	0.014644816168	0.0289042795606	0.054902891732	0.00870735761882	-0.011746919493	-0.0186560246788	-0.0356702136437	0.0083676022875	-0.0257625179252	-0.0120108895825	0.0267196679712	-0.0368284187646	-0.0177980327914	-0.048781597023	0.0119317137608	-0.0127871642313	-0.026072580427	-0.0312611713199	0.0224826448545	-0.0301584745755	0.00913430451846	-0.022628427313	-0.0709607674285	0.0328371203665	-0.0291056748994	0.0381433765962	-0.0141456070722
k__Bacteria;p__Proteobacteria;c__Betaproteobacteria;o__Burkholderiales;f__Sutterellaceae;g__Parasutterella;s__Parasutterella_excrementihominis	-0.0258511254344	0.0218790113862	0.00682296413837	-0.0229020854091	0.0081938161327	0.00250034956022	0.0262120526836	-0.0389683349481	-0.00608049655176	-0.00640238465092	0.01024283402	-0.0231338776687	0.0101433364894	0.0127208895696	-0.0414304653217	0.0661286042056	-0.00982345460809	0.036358353224	-0.00547982420131	-0.0339000126314	-0.0433708855896	0.0367649246691	1.0	-0.0210409232134	0.00654817057453	-0.0180335686479	-0.00835423190652	-0.0388293860439	-0.0342566938569	0.0306743057051	0.0221216829598	0.0182526011353	0.0321393251814	0.059636306214	-0.0331302703246	-0.0130274872373	-0.00659267499535	0.0442128899268	0.0474378019561	-0.0145747188506	0.0073962255422	-2.51161561205e-05	0.0168884120753	-0.0526967774003	0.0174253540055	-0.03201932435	-0.0536416640389	0.000643394689151	-0.0216512553469	-0.0353901022321	0.00115056774956	0.00435376111797	-0.0173704589013	-0.00824115125591	-0.0536747701353	-0.0278633122139	0.00451965598154	-0.00641452522935	0.00960013276104
k__Bacteria;p__Actinobacteria;c__Actinobacteria;o__Bifidobacteriales;f__Bifidobacteriaceae;g__Bifidobacterium;s__Bifidobacterium_adolescentis	-0.0145953873916	-0.0556133380799	-0.0177561014296	0.0137333661114	-0.0281962762903	0.0131768542069	-0.0750019848882	0.0156797578233	0.0132762333643	0.00875256827103	0.00699420811878	0.0537264935446	-0.00662940344764	0.0248586025792	-0.00332088540053	-0.0460610439042	-0.0572569348577	-0.00371156704187	-0.0652505008415	0.0312462783982	-0.0465193757984	0.0621081630072	-0.0210409232134	1.0	0.0618493445409	0.0493751748537	-0.05403314539	0.00219842348109	-0.0155845339284	-0.0100320560716	-0.00309487978539	0.0113830898085	0.0116026009321	-0.0128837813534	0.0546882823268	0.00949594831832	-0.0274390103271	-0.0290801642822	-0.00204950417617	-0.0184486658725	-0.0314196951884	-0.0535440667202	0.0475100920813	-0.00314226116168	-0.0322722800513	0.0803519061624	0.0312884205035	-0.0491152475928	-0.0299435787246	-0.014667873466	-0.0206473732466	-0.0490307702598	-0.0269269543354	-0.025547792112	-0.00981685562533	-0.0312019519965	0.00804386022603	-0.019207098328	-0.0204642518881
k__Bacteria;p__Firmicutes;c__Clostridia;o__Clostridiales;f__Oscillospiraceae;g__Oscillibacter;s__Oscillibacter_sp._KLE_1745	-0.0575712191819	-0.0306515126339	0.000364822593929	0.0029921376285	-0.00250869271616	-0.00881442387367	0.0104847403136	-0.0233388374747	0.023515913493	-0.00736086595231	0.00145144966316	0.0223643406825	-0.04416069531	-0.00226858600546	-0.0169216590306	0.0331915959657	0.0225431753119	-0.0926347054195	-0.027808508326	0.0365350459592	-0.018890095963	-0.0227164523505	0.00654817057453	0.0618493445409	1.0	-0.0205821574809	0.0330504533561	-0.0245471082435	0.0329638466479	0.0150463428784	-0.030546905278	-0.00624262544072	-0.0264209258503	-0.0154079665609	0.0173001832475	-0.0073670070968	-0.0144771239378	-0.0618378122348	0.0184470373677	-0.000167873243911	-0.0527385286805	-0.00161125749954	0.00712479115607	-0.0147113486352	0.0325402729346	-0.00316222445135	-0.0665434066386	-0.00924077563078	0.0110875776444	0.0330467480323	0.0304112379724	0.00424202479661	-0.0401431271871	0.0338162551625	-0.0135213616142	-0.0130129248868	-0.0245010142688	-0.0200831515881	-0.0191304349278
k__Bacteria;p__Bacteroidetes;c__Bacteroidia;o__Bacteroidales;f__Bacteroidaceae;g__Bacteroides;s__Bacteroides_coprophilus	-0.0109283106785	-0.00759710327126	-0.00790416793957	0.0455645828956	-0.0281395313965	0.00854910102046	-0.0278001064667	0.00181958817109	0.0218931701638	-0.0482543868084	0.0443823446456	-0.00482118694034	-0.0210222200404	-0.0395602526933	-0.0778249227912	0.00341106139957	0.002129009112	-0.0379004220306	-0.00515752234347	-0.0132740740983	-0.00832118673071	0.0168756776371	-0.0180335686479	0.0493751748537	-0.0205821574809	1.0	-0.013271781877	0.00202441240395	0.00404686302112	0.0617942665022	0.0501444270761	0.0157097296136	0.046000629543	-0.00229622145732	-0.00833671086034	-0.0564023915751	0.0358116277049	-0.0444715224221	-0.0262452129273	-0.000120064889348	-0.0658684249561	-0.0185393398953	-0.0573122414719	-0.0655141732135	0.0145770713618	0.0573210396647	0.0135589151169	-0.0182389737382	-0.0131134231475	-0.00989326670994	0.0184957779516	-0.0232513738251	0.00822245743815	-0.065166071219	-0.00453323013546	-0.0266647496374	0.0433124986689	0.0134976031505	-0.037088896741
k__Bacteria;p__Firmicutes;c__Clostridia;o__Clostridiales;f__Lachnospiraceae;g__Roseburia;s__Roseburia_intestinalis	-0.0421920884906	-0.0190416385983	0.00320520528718	-0.00836319048267	-0.0503452945409	-0.0281027756745	-0.00311229953906	-0.0150183776965	-0.0636904778956	0.0202464672117	-0.0120273544231	0.00669395013826	0.0222680569197	-0.000890049420989	-0.00326620373192	0.0295504988794	0.0160441894937	0.0314279770181	0.0525565014566	-0.0344031525545	-0.0360386008503	-0.0824231690728	-0.00835423190652	-0.05403314539	0.0330504533561	-0.013271781877	1.0	-0.0271914017799	0.000856334308562	0.0482303606589	0.0253531737044	0.0146781897047	0.00676449790137	0.0144741609308	-0.0369411723814	0.0404356935586	-0.0691873265342	0.00190898371927	-0.00675505793666	0.0423592059103	0.0635570775361	0.0142044182206	-0.0542985562563	-0.0593595000276	0.0175374280123	0.0171186739798	-0.0520209277609	0.0119314026278	0.0291055780651	0.0340901872315	-0.015292882188	0.00959221637382	-0.016220665657	-0.00606772598464	-0.0204178177726	-0.081623238343	-0.0127249448272	-0.00513203266078	-0.00331007070606
k__Bacteria;p__Firmicutes;c__Clostridia;o__Clostridiales;f__Lachnospiraceae;g__Roseburia;s__Roseburia_hominis	-0.0467223076043	0.0465768682556	-0.00050573478677	0.0384239754921	-0.0715810429335	-0.0240748309834	0.0298764422007	0.00449853328304	-0.000915753199709	0.00746399817552	-0.0327317564342	-0.00119884218386	-0.0242308076761	0.0393770861801	-0.0211744990747	-0.0257909152366	-0.00789810960986	0.0466568184703	-0.0652313119433	-0.0193903452227	-0.0234381390898	-0.0510179832069	-0.0388293860439	0.00219842348109	-0.0245471082435	0.00202441240395	-0.0271914017799	1.0	-0.00938262780821	-0.027226332643	0.0265996345487	-0.0225897586052	-0.0559900720552	-0.0117623611069	-0.0356570342266	0.0637249205115	0.0122971214246	-0.0605377007274	0.0158528977851	-0.0146378065843	0.0459335565302	-0.0285302532195	-0.0248529023064	-0.0109583612645	-0.0256592438875	0.00725337268538	0.0027115519766	0.0242488814696	0.0169426883155	-0.00261547090677	-0.00506352622481	-0.015525063091	-0.0379961677756	-0.00679095986455	-0.0572195319159	0.0172430232109	0.0240727924623	0.0258608541918	0.0110967015988
k__Bacteria;p__Bacteroidetes;c__Bacteroidia;o__Bacteroidales;f__Porphyromonadaceae;g__Parabacteroides;s__Parabacteroides_johnsonii	-0.0140712206828	-0.0542563162697	0.0104601778296	-0.0277810492332	-0.0111718687983	-0.0263658864202	-0.0137824911072	0.0345408366827	-0.0678953204683	-0.0291528975633	-0.0250514055052	0.0353520817209	0.0249984050535	-0.00846150362967	-0.0247654320339	-0.066779858898	-0.0717187548737	0.0202988595907	0.0452288978631	-0.0169338796851	-0.014107368257	0.0272570047916	-0.0342566938569	-0.0155845339284	0.0329638466479	0.00404686302112	0.000856334308562	-0.00938262780821	1.0	-0.0322119794832	0.0121158450362	0.00527103606247	-0.0197346040097	-0.0515870783037	-0.0312384392787	-0.010677354886	-0.0406288586777	-0.0494482689268	-0.0536306247988	-0.00536525853747	-0.048137205204	0.00013864013588	0.0181402406721	0.00250209412692	0.018112210334	-0.0221365984384	-0.0324360498462	0.0192695920187	0.00915691574303	0.026067378373	-0.0258539408125	0.00337036579546	0.0101448213566	-0.0175198764083	0.0271051579034	-0.0288381221708	-0.0122145418454	-0.0278477722071	0.0490220582131
k__Bacteria;p__Actinobacteria;c__Actinobacteria;o__Bifidobacteriales;f__Bifidobacteriaceae;g__Bifidobacterium;s__Bifidobacterium_longum	-0.0412799873045	-0.0137891196062	-0.058315824411	0.0129939595353	0.028123283448	-0.00324990545229	-0.0239519406528	-0.0691938659015	0.0299184098063	-0.116669748079	-0.00282298496573	0.073161219421	-0.0513839570445	0.0148577943345	-0.0203642931038	0.000292969037751	0.0627146997468	-0.0120864834525	0.0474456932226	-0.0189640835385	-0.0449295737651	0.0301895678168	0.0306743057051	-0.0100320560716	0.0150463428784	0.0617942665022	0.0482303606589	-0.027226332643	-0.0322119794832	1.0	-0.00550491289119	0.0339955683396	0.00393840793412	0.0291253349951	-0.0105367800456	-0.0420209396919	-0.0305194889351	-0.0147881910811	-0.0134616922683	0.0211210199356	0.00635869316992	0.00862086390272	-0.0735824602544	-0.0566249833654	-0.00593616213904	0.0197761319372	-0.0110004534574	-0.0242957604117	-0.0278624133934	0.0273065087184	0.00302286298812	-0.0225749276773	-0.0480013336241	0.00416346123347	0.00797470438558	0.0636337832242	-0.0173271075608	0.0593433665322	-0.076792647467
