#taxonomy	k__Bacteria;p__Bacteroidetes;c__Bacteroidia;o__Bacteroidales;f__Bacteroidaceae;g__Bacteroides;s__Bacteroides_vulgatus	k__Bacteria;p__Bacteroidetes;c__Bacteroidia;o__Bacteroidales;f__Bacteroidaceae;g__Bacteroides;s__Bacteroides_uniformis	k__Bacteria;p__Bacteroidetes;c__Bacteroidia;o__Bacteroidales;f__Rikenellaceae;g__Alistipes;s__Alistipes_putredinis	k__Bacteria;p__Bacteroidetes;c__Bacteroidia;o__Bacteroidales;f__Prevotellaceae;g__Prevotella;s__Prevotella_copri	k__Bacteria;p__Bacteroidetes;c__Bacteroidia;o__Bacteroidales;f__Bacteroidaceae;g__Bacteroides;s__Bacteroides_stercoris	k__Bacteria;p__Bacteroidetes;c__Bacteroidia;o__Bacteroidales;f__Bacteroidaceae;g__Bacteroides;s__Bacteroides_ovatus	k__Bacteria;p__Bacteroidetes;c__Bacteroidia;o__Bacteroidales;f__Rikenellaceae;g__Alistipes;s__Alistipes_shahii	k__Bacteria;p__Firmicutes;c__Clostridia;o__Clostridiales;f__Ruminococcaceae;g__Faecalibacterium;s__Faecalibacterium_prausnitzii	k__Bacteria;p__Bacteroidetes;c__Bacteroidia;o__Bacteroidales;f__Rikenellaceae;g__Alistipes;s__Alistipes_finegoldii	k__Bacteria;p__Bacteroidetes;c__Bacteroidia;o__Bacteroidales;f__Porphyromonadaceae;g__Parabacteroides;s__Parabacteroides_distasonis	k__Bacteria;p__Bacteroidetes;c__Bacteroidia;o__Bacteroidales;f__Bacteroidaceae;g__Bacteroides;s__Bacteroides_thetaiotaomicron	k__Bacteria;p__Bacteroidetes;c__Bacteroidia;o__Bacteroidales;f__Bacteroidaceae;g__Bacteroides;s__Bacteroides_coprocola	k__Bacteria;p__Bacteroidetes;c__Bacteroidia;o__Bacteroidales;f__Bacteroidaceae;g__Bacteroides;s__Bacteroides_cellulosilyticus	k__Bacteria;p__Bacteroidetes;c__Bacteroidia;o__Bacteroidales;f__Rikenellaceae;g__Alistipes;s__Alistipes_obesi	k__Bacteria;p__Firmicutes;c__Clostridia;o__Clostridiales;f__Lachnospiraceae;g__;s__[Eubacterium]_rectale	k__Bacteria;p__Bacteroidetes;c__Bacteroidia;o__Bacteroidales;f__Bacteroidaceae;g__Bacteroides;s__Bacteroides_plebeius	k__Bacteria;p__Bacteroidetes;c__Bacteroidia;o__Bacteroidales;f__Bacteroidaceae;g__Bacteroides;s__Bacteroides_fragilis	k__Bacteria;p__Proteobacteria;c__Betaproteobacteria;o__Burkholderiales;f__Sutterellaceae;g__Sutterella;s__Sutterella_wadsworthensis	k__Bacteria;p__Bacteroidetes;c__Bacteroidia;o__Bacteroidales;f__Porphyromonadaceae;g__Barnesiella;s__Barnesiella_intestinihominis	k__Bacteria;p__Bacteroidetes;c__Bacteroidia;o__Bacteroidales;f__Odoribacteraceae;g__Odoribacter;s__Odoribacter_splanchnicus	k__Bacteria;p__Bacteroidetes;c__Bacteroidia;o__Bacteroidales;f__Bacteroidaceae;g__Bacteroides;s__Bacteroides_salyersiae	k__Bacteria;p__Firmicutes;c__Clostridia;o__Clostridiales;f__Ruminococcaceae;g__Ruminiclostridium;s__[Eubacterium]_siraeum	k__Bacteria;p__Proteobacteria;c__Betaproteobacteria;o__Burkholderiales;f__Sutterellaceae;g__Parasutterella;s__Parasutterella_excrementihominis	k__Bacteria;p__Actinobacteria;c__Actinobacteria;o__Bifidobacteriales;f__Bifidobacteriaceae;g__Bifidobacterium;s__Bifidobacterium_adolescentis	k__Bacteria;p__Firmicutes;c__Clostridia;o__Clostridiales;f__Oscillospiraceae;g__Oscillibacter;s__Oscillibacter_sp._KLE_1745	k__Bacteria;p__Bacteroidetes;c__Bacteroidia;o__Bacteroidales;f__Bacteroidaceae;g__Bacteroides;s__Bacteroides_coprophilus	k__Bacteria;p__Firmicutes;c__Clostridia;o__Clostridiales;f__Lachnospiraceae;g__Roseburia;s__Roseburia_intestinalis	k__Bacteria;p__Firmicutes;c__Clostridia;o__Clostridiales;f__Lachnospiraceae;g__Roseburia;s__Roseburia_hominis	k__Bacteria;p__Bacteroidetes;c__Bacteroidia;o__Bacteroidales;f__Porphyromonadaceae;g__Parabacteroides;s__Parabacteroides_johnsonii	k__Bacteria;p__Actinobacteria;c__Actinobacteria;o__Bifidobacteriales;f__Bifidobacteriaceae;g__Bifidobacterium;s__Bifidobacterium_longum	k__Bacteria;p__Firmicutes;c__Clostridia;o__Clostridiales;f__;g__Flavonifractor;s__Flavonifractor_plautii	k__Bacteria;p__Firmicutes;c__Clostridia;o__Clostridiales;f__Clostridiaceae;g__Clostridium;s__Clostridium_phoceensis	k__Bacteria;p__Verrucomicrobia;c__Verrucomicrobiae;o__Verrucomicrobiales;f__Akkermansiaceae;g__Akkermansia;s__Akkermansia_muciniphila	k__Bacteria;p__Bacteroidetes;c__Bacteroidia;o__Bacteroidales;f__Prevotellaceae;g__Paraprevotella;s__Paraprevotella_xylaniphila	k__Bacteria;p__Firmicutes;c__Clostridia;o__Clostridiales;f__Ruminococcaceae;g__Ruminococcus;s__Ruminococcus_callidus	k__Bacteria;p__Bacteroidetes;c__Bacteroidia;o__Bacteroidales;f__Rikenellaceae;g__Alistipes;s__Alistipes_senegalensis	k__Bacteria;p__Firmicutes;c__Clostridia;o__Clostridiales;f__Lachnospiraceae;g__Blautia;s__Blautia_sp._KLE_1732	k__Bacteria;p__Bacteroidetes;c__Bacteroidia;o__Bacteroidales;f__Bacteroidaceae;g__Bacteroides;s__Bacteroides_oleiciplenus	k__Bacteria;p__Firmicutes;c__Clostridia;o__Clostridiales;f__Ruminococcaceae;g__Ruminococcus;s__Ruminococcus_bicirculans	k__Bacteria;p__Bacteroidetes;c__Bacteroidia;o__Bacteroidales;f__Bacteroidaceae;g__Bacteroides;s__Bacteroides_fluxus	k__Bacteria;p__Bacteroidetes;c__Bacteroidia;o__Bacteroidales;f__Prevotellaceae;g__Prevotella;s__Prevotella_stercorea	k__Bacteria;p__Firmicutes;c__Clostridia;o__Clostridiales;f__Lachnospiraceae;g__Dorea;s__Dorea_longicatena	k__Bacteria;p__Firmicutes;c__Clostridia;o__Clostridiales;f__Eubacteriaceae;g__Eubacterium;s__[Eubacterium]_eligens	k__Bacteria;p__Firmicutes;c__Clostridia;o__Clostridiales;f__Ruminococcaceae;g__;s__Ruminococcaceae_bacterium_D16	k__Bacteria;p__Firmicutes;c__Clostridia;o__Clostridiales;f__Lachnospiraceae;g__Coprococcus;s__Coprococcus_comes	k__Bacteria;p__Proteobacteria;c__Gammaproteobacteria;o__Enterobacterales;f__Enterobacteriaceae;g__Escherichia;s__Escherichia_coli	k__Bacteria;p__Firmicutes;c__Clostridia;o__Clostridiales;f__Ruminococcaceae;g__Anaerotruncus;s__Anaerotruncus_colihominis	k__Bacteria;p__Firmicutes;c__Clostridia;o__Clostridiales;f__Lachnospiraceae;g__Blautia;s__Blautia_obeum	k__Bacteria;p__Bacteroidetes;c__Bacteroidia;o__Bacteroidales;f__Odoribacteraceae;g__Odoribacter;s__Odoribacter_laneus	k__Bacteria;p__Firmicutes;c__Clostridia;o__Clostridiales;f__Ruminococcaceae;g__Ruminiclostridium;s__[Clostridium]_leptum	k__Bacteria;p__Bacteroidetes;c__Bacteroidia;o__Bacteroidales;f__Porphyromonadaceae;g__Parabacteroides;s__Parabacteroides_goldsteinii	k__Bacteria;p__Firmicutes;c__Clostridia;o__Clostridiales;f__Lachnospiraceae;g__Anaerostipes;s__Anaerostipes_hadrus	k__Bacteria;p__Firmicutes;c__Clostridia;o__Clostridiales;f__Ruminococcaceae;g__Ruminococcus;s__Ruminococcus_lactaris	k__Bacteria;p__Firmicutes;c__Clostridia;o__Clostridiales;f__Clostridiaceae;g__Clostridium;s__Clostridium_sp._L2-50	k__Bacteria;p__Firmicutes;c__Clostridia;o__Clostridiales;f__Clostridiaceae;g__Clostridium;s__Clostridium_sp._M62/1	k__Bacteria;p__Firmicutes;c__Clostridia;o__Clostridiales;f__;g__Intestinimonas;s__Intestinimonas_butyriciproducens	k__Bacteria;p__Actinobacteria;c__Actinobacteria;o__Bifidobacteriales;f__Bifidobacteriaceae;g__Bifidobacterium;s__Bifidobacterium_bifidum	k__Bacteria;p__Firmicutes;c__Negativicutes;o__Veillonellales;f__Veillonellaceae;g__Dialister;s__Dialister_invisus	k__Bacteria;p__Bacteroidetes;c__Bacteroidia;o__Bacteroidales;f__Bacteroidaceae;g__Bacteroides;s__Bacteroides_salanitronis
k__Bacteria;p__Bacteroidetes;c__Bacteroidia;o__Bacteroidales;f__Bacteroidaceae;g__Bacteroides;s__Bacteroides_vulgatus	1.0	0.0316955782273	-0.0568860042311	-0.035121543452	0.000435044826865	0.00825230034962	-0.057898919065	-0.0405802610517	0.0542915149028	0.0210851349391	0.0294405601111	-0.0316712994399	-0.021410465688	0.0289314072279	0.0129441076281	-0.0229269872627	-0.0426813309458	0.0381679843483	-0.040784716276	0.0288479579758	-0.0247734822103	0.0185917634738	-0.0137500108739	0.0153768779223	0.000275434481226	0.0161514664494	0.047780051825	-0.0216611580472	0.0400930321637	0.010899740859	-0.0159996017868	0.0569150467819	-0.00044894017937	-0.0242458079244	-0.0367115889329	0.00742516108073	0.0104453913823	0.0244163897452	-0.0593893374515	0.0368372125414	0.0503212588898	-0.0113017891257	-0.0127009956131	-0.0404877509846	-0.0333738223178	0.0328781660738	-0.0268081774887	-0.0147837879522	0.018217933043	-0.0385557278776	-0.00868479675173	-0.0211727214327	-0.0548334977759	0.00415188113064	0.00281681143592	0.000193377634786	0.0444381949644	-0.00827892039977	0.0454092125057
k__Bacteria;p__Bacteroidetes;c__Bacteroidia;o__Bacteroidales;f__Bacteroidaceae;g__Bacteroides;s__Bacteroides_uniformis	0.0316955782273	1.0	-0.011971277457	0.0371889599465	0.0327077291722	0.0228011062402	0.0239941832096	-0.0296077220008	0.00240971772399	-0.033692365622	-0.00759995620802	0.0184347611205	-0.00548155292882	-0.00863280636445	0.0557334595809	0.0192497484861	0.0347545425463	-0.00592425959607	-0.0207887285776	-0.00180146522832	0.00731005985471	-0.0528271289449	0.00974981815491	-0.00632124856998	-0.0523406763917	0.0278833636169	-0.0838154467071	0.00904480290052	0.0185069135812	-0.04366170398	-0.0161938616836	0.00622948932466	-0.0342017555314	0.0234277468508	0.0171240624039	-5.89201603621e-05	-0.0537854183177	0.0440907626176	0.0190811172382	-0.0373682116684	-0.0235665639195	-0.0276283900125	0.0101251556087	-0.0453995858953	-0.0291915863921	-0.0134481292565	-0.0168130662348	0.0219621724589	-0.0512069259013	-0.0107131628056	0.0233168207193	0.0348837236078	0.0148699656915	0.010496739608	-0.0222878236588	-0.0556727342023	0.0433320173081	-0.0230562373326	-0.0504207902396
k__Bacteria;p__Bacteroidetes;c__Bacteroidia;o__Bacteroidales;f__Rikenellaceae;g__Alistipes;s__Alistipes_putredinis	-0.0568860042311	-0.011971277457	1.0	0.0299700466655	0.00516158151279	-0.0693603442933	-0.0215116081355	0.0248375327281	0.0493338767272	0.00631837888244	0.00941532647948	-0.00677777380002	-0.0672037790871	0.0336445810351	-0.0434252978959	0.0214928117051	-0.0116328539204	-0.0158045335068	0.026412736399	-0.00836105201166	-0.0477603352155	-0.00848553653039	-0.0311081571595	0.0650645737888	-0.0118006760801	0.00837354286336	-0.0438266675177	-0.0805320246442	-0.00311536365196	0.00234639154816	0.000188599803	0.00700145453945	-0.0141771812529	-0.0103534006308	-0.0492057373983	0.00257832272571	0.0392108439763	-0.058226665074	-0.047949061219	-0.0083202775011	0.0232685470476	0.0146412144157	-0.00772262072019	-0.0138310451734	0.0298212380436	0.0105319855897	-0.037447895269	0.000217745208525	0.0140163165234	0.0200937593874	0.0233373271433	-0.0412004650797	-0.012828952177	-0.0277208806744	-0.0166800280591	0.0332706752859	0.00801243696837	0.0184141281505	0.0179105113953
k__Bacteria;p__Bacteroidetes;c__Bacteroidia;o__Bacteroidales;f__Prevotellaceae;g__Prevotella;s__Prevotella_copri	-0.035121543452	0.0371889599465	0.0299700466655	1.0	-0.0182335854565	-0.00747826784914	-0.0480064120519	-0.0640124935135	-0.0251768012657	-0.0303990024929	0.0415027740422	-0.00339761648792	0.0145432649663	0.0634197900693	-0.0664420623096	-0.0624066126411	-0.021638166126	0.0101794534655	-0.0590174966792	0.0229047154321	-0.0682348953734	-0.00198491739214	-0.0109833444951	0.0400055304387	-0.0217901788109	0.000434380786933	-0.0571502737542	-0.0140678595052	0.00701361503802	0.0359743179872	-0.0579698200629	-0.0259367379917	-0.0354822747975	0.0162162410761	-0.0022950702404	-0.0578914988412	0.0105584447066	0.0189845327298	0.0426876923578	0.0243904465287	0.0705591311116	0.0184060353812	-0.000626250518752	-0.0578873116383	0.0515319437392	-0.0285965645514	0.0627255345769	0.0172404634272	0.00978420979066	-0.00584263293164	-0.00750109614853	0.0298000826319	-0.0282483867365	-0.0174203598087	-0.0161953369005	-0.0341149633958	0.0412081261084	0.0377615676443	-0.0165114855118
k__Bacteria;p__Bacteroidetes;c__Bacteroidia;o__Bacteroidales;f__Bacteroidaceae;g__Bacteroides;s__Bacteroides_stercoris	0.000435044826865	0.0327077291722	0.00516158151279	-0.0182335854565	1.0	-0.042557740552	-0.00613209251595	0.0390064727138	-0.0038488213451	0.016625221303	-0.00769587487761	-0.0439794491172	0.0375606073102	-0.0395257567996	0.0100683323791	-0.0531937422094	0.00463876961236	0.0224462272115	-0.0337122162365	0.00691038274769	-0.0192959489131	-0.0422454820227	0.0686745668395	0.011910436266	-0.0728802636721	0.0165172430506	-0.0594460728624	0.009454866049	0.00190071844969	0.0159066167576	0.020463677632	-0.0032206015675	0.00330245577734	0.0211647501737	0.0379872747251	-0.0300263376844	0.0539956509161	-0.0562386534658	0.00680887560739	0.0439448506865	0.0342781739967	-0.0360882950446	-0.0224889218442	0.0185569748595	0.00260212484834	-0.0171523140956	-0.0450335263957	-0.041102257831	-0.0769619294354	0.0187714566227	0.0199013314798	0.0073969724873	-0.0304158555111	-0.0314729816458	-0.0121617868968	0.0169061255601	-0.0293504568946	-0.0137256872862	-0.0251057958538
k__Bacteria;p__Bacteroidetes;c__Bacteroidia;o__Bacteroidales;f__Bacteroidaceae;g__Bacteroides;s__Bacteroides_ovatus	0.00825230034962	0.0228011062402	-0.0693603442933	-0.00747826784914	-0.042557740552	1.0	0.0250226548173	-0.0625807688995	-0.0330589557726	-0.034824870903	0.0221754615834	0.00999945287248	0.0198130013173	0.00138817600853	-0.0063262328015	0.0097529809907	-0.0191707596509	0.0265235701512	-0.00626149186985	0.0460854763449	0.0146604270643	-0.0247662696076	0.0400623469018	-0.0312244849211	-0.0336837953717	-0.066647753186	-0.0307111016523	-0.010721481838	-0.00895783706672	0.00388493694855	-0.0470116399634	-0.0200115853161	-0.0288910643707	-0.0230146468027	0.0723368067679	-0.00529778799342	-0.0431116710317	-0.0295551160332	0.0408139266387	0.0484955390755	-0.0122013805381	-0.0402477024895	0.00385984384398	0.00988902973724	0.0714719676639	-0.0126993170106	0.00660958893921	0.0154013991388	-0.020134108552	-0.0457447275647	-0.000329528423395	-0.0331315633231	-0.0156641339551	0.0125502288226	0.041544691186	-0.0376779911013	-0.0278402562851	0.0109767905141	-0.0549513222075
k__Bacteria;p__Bacteroidetes;c__Bacteroidia;o__Bacteroidales;f__Rikenellaceae;g__Alistipes;s__Alistipes_shahii	-0.057898919065	0.0239941832096	-0.0215116081355	-0.0480064120519	-0.00613209251595	0.0250226548173	1.0	-0.00163424882155	-0.0200689252063	-0.0341089389418	0.041956754403	-0.0378705658331	0.00508364501875	-0.0489077543838	-0.052848351105	0.0276385017968	0.00972625239208	-0.0283851244466	-0.0436429835505	-0.000191344469975	0.0373714074587	-0.029184790222	-0.0277716608886	0.0293203261929	0.0478637480446	0.00755944947976	-0.0258173966863	-0.0370589845657	-0.0461805720087	0.0322438144275	0.0451598882061	0.0339993610342	-0.0442279576773	0.0120668004405	0.042833886053	-0.0214511234446	0.0142219182707	0.00235698708469	0.00558710043848	-0.0307531748872	-0.0151157961457	0.0532540870497	-0.0117709597993	-0.0130769803233	-0.000873835184425	0.0112317597637	-0.0299280684775	-0.0269187033525	-0.0738677510421	0.0127448708438	-0.0424013483157	-0.0315896720185	0.0253437329506	0.0187403486799	0.0271735261167	-0.0125900734066	-0.0129639011957	-0.00275030493621	-0.0224912185741
k__Bacteria;p__Firmicutes;c__Clostridia;o__Clostridiales;f__Ruminococcaceae;g__Faecalibacterium;s__Faecalibacterium_prausnitzii	-0.0405802610517	-0.0296077220008	0.0248375327281	-0.0640124935135	0.0390064727138	-0.0625807688995	-0.00163424882155	1.0	0.0208696402032	0.0268157201232	0.00406510545666	-0.00827968298751	-0.020304629054	0.0866078729791	0.0372227924341	0.0387636778188	0.021108243839	0.0460538933747	0.0543939134501	-0.0571525152303	-0.0329798157538	-0.00117546326955	-0.0390540866509	0.0402669510546	-0.0327743186523	0.00793872560197	0.0481109695508	-0.018543658996	-0.0416595570546	0.0339499747683	0.00441470823258	-0.050525280103	0.0798903656362	-0.0368093966268	0.0259127020511	-0.0480828558928	0.0263868518628	-0.0265191240945	-0.0341752160986	-0.0169646342062	-0.02190918968	0.0552579383366	0.0489645686013	0.0440594577071	-0.0530513120965	-0.0242683410263	-0.0046385495717	0.0398013395918	-0.0448743095869	0.00495721396291	0.0419323601397	-0.0272890511359	0.00510046815172	-0.0195765980971	-0.0644142281277	0.00233328950135	0.021095471588	-0.0287825517877	-0.0595177747798
k__Bacteria;p__Bacteroidetes;c__Bacteroidia;o__Bacteroidales;f__Rikenellaceae;g__Alistipes;s__Alistipes_finegoldii	0.0542915149028	0.00240971772399	0.0493338767272	-0.0251768012657	-0.0038488213451	-0.0330589557726	-0.0200689252063	0.0208696402032	1.0	-0.0224013004372	-0.0607067583228	0.0162607400252	0.00828410254559	0.0270004459984	-0.011833253259	0.0165860336165	0.0473017430088	-0.0138062684568	-0.0353425123868	0.0116095443192	0.00419072605227	0.0257137477612	-0.0523967692693	0.011136548338	0.0117410383866	-0.0595493885993	0.0411404154437	0.0272163308828	-0.0180732143399	-0.0440400684951	-0.0429510127464	-0.0452914630727	-0.000338909694285	0.0395547888179	-0.0464624431987	0.0159619991145	0.0115076876922	-0.0135350023683	-0.0200340411052	0.00804499476842	-0.0617213179981	-0.0172745193746	-0.00101129266863	0.0459708218795	-0.00541552026015	0.0577716807939	-0.0497496972538	0.0148370294441	0.0243613623109	0.00960142812864	-0.0334425367042	-0.0257732067974	-0.0343425744918	0.0255349670614	-0.00667378413493	0.00785939177331	0.00266549225027	0.0142630083774	0.00525284841379
k__Bacteria;p__Bacteroidetes;c__Bacteroidia;o__Bacteroidales;f__Porphyromonadaceae;g__Parabacteroides;s__Parabacteroides_distasonis	0.0210851349391	-0.033692365622	0.00631837888244	-0.0303990024929	0.016625221303	-0.034824870903	-0.0341089389418	0.0268157201232	-0.0224013004372	1.0	-0.00702950805485	0.116908946139	0.0716773439787	0.0550575148203	0.0526024631081	-0.0416914304618	0.047919926179	-0.0576547732505	-0.0375210030649	-0.0660803618478	-0.0371975801655	-0.0149622051818	-0.0314420878481	0.053770458007	-0.000875474221107	-0.0584047175573	0.016858787293	-0.019080531742	-0.0228013029392	-0.0310934549064	0.01374291257	0.00544489680439	0.0364640435984	-0.000337119166558	0.0472873157071	0.0277189424358	-0.0732302054502	-0.0386140386027	0.0429325657161	-0.0278510789179	-0.0404358904728	-0.0604383153638	-0.00500941725856	0.00111953050584	-0.0188202704544	-0.0310852788019	-0.0403333610876	-0.0660689569819	-0.018465674901	0.0314805114389	-0.0424006899703	-0.0760973063144	0.0335094650359	0.0373513973285	-0.0124298698025	0.0732266717399	-0.0533298472296	0.0306125646584	-0.0224716925562
k__Bacteria;p__Bacteroidetes;c__Bacteroidia;o__Bacteroidales;f__Bacteroidaceae;g__Bacteroides;s__Bacteroides_thetaiotaomicron	0.0294405601111	-0.00759995620802	0.00941532647948	0.0415027740422	-0.00769587487761	0.0221754615834	0.041956754403	0.00406510545666	-0.0607067583228	-0.00702950805485	1.0	-0.00484669674749	-0.0370596191441	-0.0395582172465	-0.0412844736845	0.00999142283536	0.008676449171	0.00775816154592	0.00730348995695	-0.0141082953605	-0.00239742888916	0.00514264814357	0.0173786126313	-0.00287028773601	0.017759764167	-0.000349691549597	-0.0142280233297	0.055454898486	-0.0415757144391	-0.050491339121	-0.000702866978619	-0.0541306610079	-0.0068625828632	0.00625269101752	-0.0261535672414	0.00650053029577	-0.00518413124588	0.019396258411	-0.0118363297315	-0.0121657821484	0.00369126561336	0.00294667740135	-0.0217564152757	-0.0289183831976	0.0426524404456	-0.0049080277873	-0.0246698802864	-0.000598022224722	-0.0209425871004	-0.0364114141884	-0.0661437640967	-0.0256196479304	-0.0316302528791	-0.0453618785608	0.0062409646444	-0.0135119445671	0.0268693757991	-0.0724990440586	-0.000886768794705
k__Bacteria;p__Bacteroidetes;c__Bacteroidia;o__Bacteroidales;f__Bacteroidaceae;g__Bacteroides;s__Bacteroides_coprocola	-0.0316712994399	0.0184347611205	-0.00677777380002	-0.00339761648792	-0.0439794491172	0.00999945287248	-0.0378705658331	-0.00827968298751	0.0162607400252	0.116908946139	-0.00484669674748	1.0	-0.0693131578805	-0.0401130823146	-0.0377860482208	-0.0216066709252	-0.0104247607312	0.0422868755969	-0.0641765201861	0.0430465196499	0.0186980518365	-0.0326273245219	0.0547033649231	-0.00168119711628	0.0132421332594	-0.0107883282235	-0.0104704629284	0.0210581632623	0.0792488893649	-0.0143088906252	-0.00616906846519	-0.030768750658	-0.00292459717187	-0.00714882712373	-0.021747839387	-0.00300812773894	-0.0388326367143	0.0128750962782	0.0491843266405	0.0354319801116	-0.0729727463303	0.0122693154128	-0.0323914357437	-0.03931755743	-0.0552867885466	0.0493756184633	-0.0392705592492	-0.0358189744253	0.044059035336	-0.0100045891857	-0.064362246529	-0.00530039064995	0.0686111740799	0.000903831063309	-0.0192197069401	0.0261659511332	-0.0266208684416	-0.00114559721001	-0.0021806980377
k__Bacteria;p__Bacteroidetes;c__Bacteroidia;o__Bacteroidales;f__Bacteroidaceae;g__Bacteroides;s__Bacteroides_cellulosilyticus	-0.021410465688	-0.00548155292882	-0.0672037790871	0.0145432649663	0.0375606073102	0.0198130013173	0.00508364501875	-0.020304629054	0.00828410254559	0.0716773439787	-0.0370596191441	-0.0693131578805	1.0	0.0096064163464	0.00218655402175	-0.0360350345048	-0.00441310042042	0.0526607063784	-0.0325819271293	-0.00945960801242	-0.0636971599772	0.0301580333968	-0.0161381466529	-0.0343395726506	0.0516807346218	-0.0383341884305	0.0121305349286	-0.0705097370465	-0.0103616331639	0.00110431232549	0.00485694336237	-0.00119868170059	0.0244784989791	-0.0403985099448	0.00768161974062	-0.00119909422622	-0.0368149677857	0.00535567862575	-0.0172941062647	0.0251538660129	0.019658274473	-0.00979748990785	0.0178541590747	0.0352390451664	-0.0499750795567	0.0529325413404	0.00567187563364	0.0107748004079	-0.0241948403938	0.0412002474006	-0.00290648211809	-0.0230185606578	0.0309561323592	0.0537805270317	-0.0397015979349	-0.024535908824	-0.0167846231316	-0.0178971824783	-0.0376198497798
k__Bacteria;p__Bacteroidetes;c__Bacteroidia;o__Bacteroidales;f__Rikenellaceae;g__Alistipes;s__Alistipes_obesi	0.0289314072279	-0.00863280636445	0.0336445810351	0.0634197900693	-0.0395257567996	0.00138817600853	-0.0489077543838	0.0866078729791	0.0270004459984	0.0550575148203	-0.0395582172465	-0.0401130823146	0.0096064163464	1.0	-0.0118190311221	0.00246849703615	-0.0370571859001	0.0157630065493	0.0340325857897	0.0305842779934	-0.0967476062896	-0.052819530701	-0.0456347575828	-0.0324660099507	-0.0502364457709	0.0404351399451	0.0129597414516	0.012262569363	0.0542365435396	-0.0149707296696	-0.0062244357421	-0.0124835816914	-0.012529942187	-0.0341532803637	-0.0350460767167	-0.0353999235026	-0.019527590673	-0.0272628990012	0.0152011880508	0.0126736399162	-0.00909330710084	-0.0122991502185	-0.027322163575	-0.00640161194145	0.0251923361049	2.59051579149e-05	-0.034803427566	-0.0114857042832	0.0481440611471	0.0419041155808	-0.0139878014463	0.0336421085498	-0.0644831242906	-0.0345310328025	-0.0153182675961	-0.00839553701036	0.0201822895245	-0.0415047430685	-0.0157066426055
k__Bacteria;p__Firmicutes;c__Clostridia;o__Clostridiales;f__Lachnospiraceae;g__;s__[Eubacterium]_rectale	0.0129441076281	0.0557334595809	-0.0434252978959	-0.0664420623096	0.0100683323791	-0.0063262328015	-0.052848351105	0.0372227924341	-0.011833253259	0.0526024631081	-0.0412844736845	-0.0377860482208	0.00218655402175	-0.0118190311221	1.0	-0.0777038944629	-0.0356444641545	0.0400413677682	0.0280529858417	0.000776285221065	-0.00272380037783	0.00458597746013	-0.0203302866836	-0.0105312516444	-0.0148349348964	0.0536625627716	-0.0259888073053	-0.0228004399853	-0.014028373147	-0.0118231300908	0.0130474429969	-0.00181282779081	0.0122155221566	-0.0115113624058	-0.0399561193866	-0.0537006966941	0.0823644881824	0.00403186682962	-0.0259425202845	0.027611477262	-0.00343273275756	-0.0269241615026	0.00327069608983	-0.00444130038352	-0.0218363418223	-0.0339097893135	0.000736418932393	0.0462792040755	-0.0424079792811	-0.070540437058	0.013010377305	-0.0251616179478	-0.0183484791011	-0.0266234227838	0.0363433369949	-0.0451041873132	0.0109048343159	0.035596014003	0.0394591946876
k__Bacteria;p__Bacteroidetes;c__Bacteroidia;o__Bacteroidales;f__Bacteroidaceae;g__Bacteroides;s__Bacteroides_plebeius	-0.0229269872627	0.0192497484861	0.0214928117051	-0.0624066126411	-0.0531937422094	0.0097529809907	0.0276385017968	0.0387636778188	0.0165860336165	-0.0416914304618	0.00999142283536	-0.0216066709252	-0.0360350345048	0.00246849703615	-0.0777038944629	1.0	0.0620332263863	0.0242504902146	-0.0984001051556	0.0385875027787	-0.0676944466841	-0.0200621393938	-0.0375274179372	-0.0183666089498	-0.048376629668	-0.0260748227328	0.0309876533425	-0.00847663678879	-0.0417263833825	0.0173687998671	0.0225555209129	-0.0311472757934	0.0260771976672	-0.00786680750883	-0.00718231227799	0.062651637695	-0.00836221317005	-0.0291204933192	0.00292413079165	-0.00200993040925	0.0230187051407	-0.0617026314603	-0.0311475143116	-0.0091780011845	0.049621243237	-0.0262265123125	0.0297268510926	0.037868194017	-0.0114453058762	-0.00716601415993	-0.0637093773543	-0.00718280924394	-0.0092765936591	-0.0175897232446	-0.01532930272	0.00392661213986	-0.00391350193321	0.0114575981783	0.032692326322
k__Bacteria;p__Bacteroidetes;c__Bacteroidia;o__Bacteroidales;f__Bacteroidaceae;g__Bacteroides;s__Bacteroides_fragilis	-0.0426813309458	0.0347545425463	-0.0116328539204	-0.021638166126	0.00463876961236	-0.0191707596509	0.00972625239208	0.021108243839	0.0473017430088	0.047919926179	0.008676449171	-0.0104247607312	-0.00441310042042	-0.0370571859001	-0.0356444641545	0.0620332263863	1.0	-0.0135081398061	-0.0171370508213	0.00259549572173	0.0620095530372	-0.0384217659009	0.00483858550944	-0.0326174411768	0.0109731715782	0.043468278466	-0.0334939983942	-0.0414182392827	-0.0665096886501	-0.023209695886	0.00324385523031	-0.0552009220506	-0.0462738997299	0.00469927857922	-0.0244280980035	-0.0697003988876	0.036726670412	0.0134864997665	-0.0392245411271	0.0304442116772	-0.0217800427868	0.0289905119817	0.00706708202389	-0.0549362269326	0.0315558676938	0.0538562626539	0.0440664370092	0.0136137066856	0.0356277818061	-0.0184734573963	-0.0303283119242	0.00931683404942	-0.0251682200666	-0.00741717150085	-0.0337762887802	0.011708316385	-0.0224853116827	0.0145305586188	-0.0533548198758
k__Bacteria;p__Proteobacteria;c__Betaproteobacteria;o__Burkholderiales;f__Sutterellaceae;g__Sutterella;s__Sutterella_wadsworthensis	0.0381679843483	-0.00592425959607	-0.0158045335068	0.0101794534655	0.0224462272115	0.0265235701512	-0.0283851244466	0.0460538933747	-0.0138062684568	-0.0576547732505	0.00775816154592	0.0422868755969	0.0526607063784	0.0157630065493	0.0400413677682	0.0242504902146	-0.0135081398061	1.0	-0.0262835754693	0.000469723971572	-0.0843816766037	0.0518084184317	-0.00279685779914	0.00780465190573	-0.00334590817667	-0.00735910058628	-0.0182367888924	0.00926095013143	0.00673322610278	0.054230420153	-0.0665554919623	0.00388148859089	-0.0314646471958	0.011982216166	-0.0176310377774	-0.023970230603	-0.0675462611926	-0.000914666665648	0.0199783317964	-0.0135489992039	-0.0179346515884	-0.0598610113075	0.0153013365654	0.0115536909885	0.0284661864232	-0.0820320681434	-0.0164010128625	-0.0102833615893	-0.031921836434	-0.00882937027042	0.0610827903676	0.0119011838653	-0.0176345286603	-0.0392822013573	0.0515505982546	-0.00438570223039	-0.0411017657642	0.0289627200904	0.0472863970437
k__Bacteria;p__Bacteroidetes;c__Bacteroidia;o__Bacteroidales;f__Porphyromonadaceae;g__Barnesiella;s__Barnesiella_intestinihominis	-0.040784716276	-0.0207887285776	0.026412736399	-0.0590174966792	-0.0337122162365	-0.00626149186985	-0.0436429835505	0.0543939134501	-0.0353425123868	-0.0375210030649	0.00730348995695	-0.0641765201861	-0.0325819271293	0.0340325857897	0.0280529858417	-0.0984001051556	-0.0171370508213	-0.0262835754693	1.0	-0.00764059328326	-0.0124677847901	-0.00879935934574	-0.0392313119839	-0.0508334535495	0.0365528713114	0.0164194438794	-0.0213910138191	0.0301174612003	-0.0136316903164	-0.021733361537	0.0275888994005	0.00934122619115	0.0421457914716	-0.00595625509354	0.0136048614906	-0.00652932631347	0.0211745662201	0.0578643896595	0.00943198016471	-0.0849994598104	-0.0328047615048	-0.0131717391135	-0.00754537378045	-0.00111267005033	-0.0119683144295	0.00145747982943	-0.00129554714609	0.0100737741164	0.0226257566091	0.00054913043599	0.0260276790341	0.000931256233807	-0.000110291112124	-0.0314919875111	-0.00526365575573	-0.00683825932936	0.0157075744019	-0.0400625418744	-0.0255784348053
k__Bacteria;p__Bacteroidetes;c__Bacteroidia;o__Bacteroidales;f__Odoribacteraceae;g__Odoribacter;s__Odoribacter_splanchnicus	0.0288479579758	-0.00180146522832	-0.00836105201166	0.0229047154321	0.00691038274769	0.0460854763449	-0.000191344469975	-0.0571525152303	0.0116095443192	-0.0660803618478	-0.0141082953605	0.0430465196499	-0.00945960801242	0.0305842779934	0.000776285221065	0.0385875027787	0.00259549572173	0.000469723971572	-0.00764059328326	1.0	0.00870003492092	0.0209086809168	0.0762769563461	0.00159385154901	0.000255323602494	-0.0127863254972	0.00332863921069	0.00655214345657	0.0170550528231	-0.0216538513693	-0.0163756392949	-0.0234724248164	-0.0398160789446	-0.0372701923281	0.00752030331155	-0.0269374659846	-0.0300268581543	-0.0327015091826	0.0246198768173	-0.00841082833451	-0.00763270891556	-0.063019255686	0.0328282139338	-0.0427154434267	-0.0332478464468	0.0011996435649	0.0214365713264	0.00336869601535	-0.027590147861	0.0152197708937	-0.0212669374029	-0.0255478043745	0.00318841602983	-0.00816230195477	-0.0533150169814	-0.0726235455451	-0.00357708693127	-0.0186344245508	0.0241545682671
k__Bacteria;p__Bacteroidetes;c__Bacteroidia;o__Bacteroidales;f__Bacteroidaceae;g__Bacteroides;s__Bacteroides_salyersiae	-0.0247734822103	0.00731005985471	-0.0477603352155	-0.0682348953734	-0.0192959489131	0.0146604270643	0.0373714074587	-0.0329798157538	0.00419072605227	-0.0371975801655	-0.00239742888916	0.0186980518365	-0.0636971599772	-0.0967476062896	-0.00272380037783	-0.0676944466841	0.0620095530372	-0.0843816766037	-0.0124677847901	0.00870003492092	1.0	0.039817164615	-0.0140101668768	0.0178488606743	-0.0220446528164	-0.0413324178573	-0.0100050676642	-0.0232962687412	0.00154391012644	-0.00873264121311	-0.000875648002259	0.0504709206837	-0.0655080062421	-0.02671281667	0.00556029829794	-0.0302240499834	0.0377271824445	0.0179684343773	0.0128224769703	-0.0329776613043	0.0425782497958	0.0346492396789	-0.0283401967672	-0.0057737717125	-0.044663559299	-0.0515941783871	0.0386113410594	0.0168968776629	0.00508902085946	0.0623480572739	-0.00407198941044	-0.0140642408353	-0.0236221323148	-0.0445650318709	0.0576998222946	-0.0286615449276	0.0157011287107	-0.0174403598481	-0.0224227138651
k__Bacteria;p__Firmicutes;c__Clostridia;o__Clostridiales;f__Ruminococcaceae;g__Ruminiclostridium;s__[Eubacterium]_siraeum	0.0185917634738	-0.0528271289449	-0.00848553653039	-0.00198491739214	-0.0422454820227	-0.0247662696076	-0.029184790222	-0.00117546326955	0.0257137477612	-0.0149622051818	0.00514264814357	-0.0326273245219	0.0301580333968	-0.052819530701	0.00458597746013	-0.0200621393938	-0.0384217659009	0.0518084184317	-0.00879935934574	0.0209086809168	0.039817164615	1.0	0.0534998947196	-0.0383756451933	-0.0567808033608	-0.0303516634628	-0.0446484078082	-0.0216859103824	-0.045209783067	-0.0709745821487	-0.00106004751645	-0.0128853339651	0.000231824424687	0.034337200712	-0.0114867085003	-0.0496966161732	-0.0462247030074	0.0533221710809	-0.0619326316264	0.022032911688	0.0260276726739	-0.0486130423484	0.0163489597356	0.0233259086257	0.0431360773034	0.0102158395178	0.0375376692267	-0.0200581774272	-0.00933050626682	0.00648270645567	-0.0178118341889	-0.0106367749908	-0.0319731935298	-0.0677550962984	0.0853112151074	0.0167968585135	-0.0463741890455	0.0282032704305	0.00279787090466
k__Bacteria;p__Proteobacteria;c__Betaproteobacteria;o__Burkholderiales;f__Sutterellaceae;g__Parasutterella;s__Parasutterella_excrementihominis	-0.0137500108739	0.00974981815491	-0.0311081571595	-0.0109833444951	0.0686745668395	0.0400623469018	-0.0277716608886	-0.0390540866509	-0.0523967692693	-0.0314420878481	0.0173786126313	0.0547033649231	-0.0161381466529	-0.0456347575828	-0.0203302866836	-0.0375274179372	0.00483858550944	-0.00279685779914	-0.0392313119839	0.0762769563461	-0.0140101668768	0.0534998947196	1.0	-0.0301437035032	-0.015655329637	0.0113736671872	-0.0240256959486	-0.0419865730906	-0.0255587747473	0.0308832081772	0.00249959567232	-0.0614523711476	-0.0321846229501	0.00684914648269	0.0262192787185	-0.0218529464124	0.0173449817514	-0.00769418033838	0.0325736815242	-0.0473498409286	0.0188370486739	-0.0236575115671	0.0469432909704	0.00806114139337	-0.036401128557	-0.0445921345265	0.0510712115002	-0.0223485691713	-0.0254679623046	0.00818901549507	-0.0259377984192	-0.0597716799432	0.0337303583818	-0.0140613304822	0.0258326314515	0.00205156688558	0.064967454796	0.012330280358	0.00913633160901
k__Bacteria;p__Actinobacteria;c__Actinobacteria;o__Bifidobacteriales;f__Bifidobacteriaceae;g__Bifidobacterium;s__Bifidobacterium_adolescentis	0.0153768779223	-0.00632124856998	0.0650645737888	0.0400055304387	0.011910436266	-0.0312244849211	0.0293203261929	0.0402669510546	0.011136548338	0.053770458007	-0.00287028773601	-0.00168119711628	-0.0343395726506	-0.0324660099507	-0.0105312516444	-0.0183666089498	-0.0326174411768	0.00780465190573	-0.0508334535495	0.00159385154901	0.0178488606743	-0.0383756451933	-0.0301437035032	1.0	0.0319638241328	0.0502697769768	-0.0075200358291	-0.0184427062934	0.0648013499107	-0.0191566320926	0.00135827497821	0.0216084832751	0.0677638086931	0.0167124704033	0.0491369096504	0.0168207206172	-0.00336392733094	-0.0226073722647	-0.00471998212854	-0.0636043222416	-0.00568528559815	0.0157294828121	-0.0265763601121	0.0318407095498	-0.0242265535495	-0.0297797908358	-0.00706265244446	-0.0563665123086	-0.0635793726424	-0.0355335013052	0.0260295719287	0.0048830110208	-0.0349197934449	-0.00440262538641	-0.00988102590047	-0.0476495927551	0.075756074562	-0.00606143285416	-0.052537991877
k__Bacteria;p__Firmicutes;c__Clostridia;o__Clostridiales;f__Oscillospiraceae;g__Oscillibacter;s__Oscillibacter_sp._KLE_1745	0.000275434481226	-0.0523406763917	-0.0118006760801	-0.0217901788109	-0.0728802636721	-0.0336837953717	0.0478637480446	-0.0327743186523	0.0117410383866	-0.000875474221107	0.017759764167	0.0132421332594	0.0516807346218	-0.0502364457709	-0.0148349348964	-0.048376629668	0.0109731715782	-0.00334590817667	0.0365528713114	0.000255323602494	-0.0220446528164	-0.0567808033608	-0.015655329637	0.0319638241328	1.0	-0.00583507683679	0.0111435996788	0.015107597347	-0.0138101978949	0.0619087388669	0.016972187369	-0.0169152580576	0.0454557130057	0.00694067119208	0.021298741215	0.00990506503839	0.0419057474203	0.00625985600173	0.029339922449	-0.00136908730338	-0.00654485064347	-0.0241971672603	-0.050602914365	-0.0374284577552	-0.022540702303	-0.0357322581715	0.0349659756544	-0.0538569040584	-0.0428227554691	-0.055530071771	0.00627070387881	-0.00831853720364	-0.0019680650196	-0.0394472023609	-0.0631123347444	-0.0321939631654	-0.0337757438496	0.0398622353282	0.00682765314379
k__Bacteria;p__Bacteroidetes;c__Bacteroidia;o__Bacteroidales;f__Bacteroidaceae;g__Bacteroides;s__Bacteroides_coprophilus	0.0161514664494	0.0278833636169	0.00837354286336	0.000434380786933	0.0165172430506	-0.066647753186	0.00755944947976	0.00793872560197	-0.0595493885993	-0.0584047175573	-0.000349691549597	-0.0107883282235	-0.0383341884305	0.0404351399451	0.0536625627716	-0.0260748227328	0.043468278466	-0.00735910058628	0.0164194438794	-0.0127863254972	-0.0413324178573	-0.0303516634628	0.0113736671872	0.0502697769768	-0.00583507683679	1.0	-0.0605071891839	0.00779067638627	0.0302097019964	-0.0285373782756	-0.00852414311651	-0.0145017246376	-0.026769859023	-0.0269265021288	-0.0154628596269	0.061695755808	0.0211836629035	-0.0297905491161	0.00842192216275	0.0406295247916	-0.012187524496	0.0468109796154	-0.00237298426976	0.036835208366	0.0103502647099	-0.0724598735808	-0.033901364078	-0.0346284915746	-0.029818407371	-0.006343784972	0.00320026126689	0.00952679726543	-0.0490962158437	0.00664280210001	-0.0147081294425	0.0168870273792	-0.0219713460375	-0.0373209246275	0.011750218811
k__Bacteria;p__Firmicutes;c__Clostridia;o__Clostridiales;f__Lachnospiraceae;g__Roseburia;s__Roseburia_intestinalis	0.047780051825	-0.0838154467071	-0.0438266675177	-0.0571502737542	-0.0594460728624	-0.0307111016523	-0.0258173966863	0.0481109695508	0.0411404154437	0.016858787293	-0.0142280233297	-0.0104704629284	0.0121305349286	0.0129597414516	-0.0259888073053	0.0309876533425	-0.0334939983942	-0.0182367888924	-0.0213910138191	0.00332863921069	-0.0100050676642	-0.0446484078082	-0.0240256959486	-0.0075200358291	0.0111435996788	-0.0605071891839	1.0	0.0233294881507	0.00757566604973	-0.10864243365	-0.0578102949473	-0.0370029367264	-0.0376798440141	0.0486647382511	-0.0227324512416	0.00395408875105	-0.0168360398579	0.00115412031923	-0.0614315572973	-0.00972978131039	-0.0395338518148	0.000194630023714	-0.009670016874	-0.00620967116371	0.0425410819406	0.0486859184943	-0.0510666992864	0.00813598049955	0.00509166511233	-0.0689546562112	0.0143362991276	0.0252419067666	0.00835366065001	0.0306723435642	-0.0502428118654	-0.0453679188863	-0.0358471033711	-0.000406212096196	-0.000834654093167
k__Bacteria;p__Firmicutes;c__Clostridia;o__Clostridiales;f__Lachnospiraceae;g__Roseburia;s__Roseburia_hominis	-0.0216611580472	0.00904480290052	-0.0805320246442	-0.0140678595052	0.009454866049	-0.010721481838	-0.0370589845657	-0.018543658996	0.0272163308828	-0.019080531742	0.055454898486	0.0210581632623	-0.0705097370465	0.012262569363	-0.0228004399853	-0.00847663678879	-0.0414182392827	0.00926095013143	0.0301174612003	0.00655214345657	-0.0232962687412	-0.0216859103824	-0.0419865730906	-0.0184427062934	0.015107597347	0.00779067638627	0.0233294881507	1.0	0.00737940255896	0.0194221654923	0.0600459633147	-0.0154772482571	0.0225693173359	0.0394876074688	-0.0251151451743	0.0215008798273	-0.0103272315134	-0.0636104937958	-0.00141646388101	0.0488395822717	-0.0295290658238	0.0633151229004	0.016320803702	0.00862257043104	0.00345387228609	0.0564925564132	0.0345250849924	-0.0456917919421	-0.0381348432998	-0.0145518315076	-0.0339397262594	0.0149506817006	0.0348394818515	-0.0188697586768	-0.0263212884344	0.00080142297853	-0.0638759151789	-0.0344810315115	-0.0176614978732
k__Bacteria;p__Bacteroidetes;c__Bacteroidia;o__Bacteroidales;f__Porphyromonadaceae;g__Parabacteroides;s__Parabacteroides_johnsonii	0.0400930321637	0.0185069135812	-0.00311536365196	0.00701361503802	0.00190071844969	-0.00895783706672	-0.0461805720087	-0.0416595570546	-0.0180732143399	-0.0228013029392	-0.0415757144391	0.0792488893649	-0.0103616331639	0.0542365435396	-0.014028373147	-0.0417263833825	-0.0665096886501	0.00673322610278	-0.0136316903164	0.0170550528231	0.00154391012644	-0.045209783067	-0.0255587747473	0.0648013499107	-0.0138101978949	0.0302097019964	0.00757566604973	0.00737940255896	1.0	-0.0216292255194	-0.0269227129127	-0.028120452818	-0.0401650731411	0.00848104173627	0.0106656841131	0.0168232016391	-0.00138343834312	-0.00692312952896	0.0261486082594	-0.0337346972038	0.00406359802039	-0.0210536611179	0.0577216700113	-0.0191563603743	0.0275174167349	-0.00564094658352	-0.0286979260579	-0.0469756885493	-0.0356367053029	0.00169243230839	0.00976277067624	0.0135238006778	0.0377650500433	0.0365465534118	-0.0461152768081	-0.013488259785	0.0674036613971	0.0196319814977	-0.0123529774129
k__Bacteria;p__Actinobacteria;c__Actinobacteria;o__Bifidobacteriales;f__Bifidobacteriaceae;g__Bifidobacterium;s__Bifidobacterium_longum	0.010899740859	-0.04366170398	0.00234639154816	0.0359743179872	0.0159066167576	0.00388493694855	0.0322438144275	0.0339499747683	-0.0440400684951	-0.0310934549064	-0.050491339121	-0.0143088906252	0.00110431232549	-0.0149707296696	-0.0118231300908	0.0173687998671	-0.023209695886	0.054230420153	-0.021733361537	-0.0216538513693	-0.00873264121311	-0.0709745821487	0.0308832081772	-0.0191566320926	0.0619087388669	-0.0285373782756	-0.10864243365	0.0194221654923	-0.0216292255194	1.0	-0.0255418243048	0.0200098169532	0.00359828975357	0.0240133631476	-0.042482559383	0.032303585058	0.11295441188	0.0164746346537	0.0671594656725	-0.0458219640563	0.00904711022841	0.00256075528523	-0.0407246501157	-0.0410024056146	-0.0157349687376	-0.037306229833	-0.00896771195737	-0.0535864459932	-0.00334167164975	0.041456376423	0.071155822744	-0.0340745738684	0.00441105040961	-0.0681958634306	-0.0437075312488	-0.00090582719444	-0.0139756067187	0.0176522649153	0.00550564237653
