#taxonomy	k__Bacteria;p__Bacteroidetes;c__Bacteroidia;o__Bacteroidales;f__Bacteroidaceae;g__Bacteroides;s__Bacteroides_vulgatus	k__Bacteria;p__Bacteroidetes;c__Bacteroidia;o__Bacteroidales;f__Bacteroidaceae;g__Bacteroides;s__Bacteroides_uniformis	k__Bacteria;p__Bacteroidetes;c__Bacteroidia;o__Bacteroidales;f__Rikenellaceae;g__Alistipes;s__Alistipes_putredinis	k__Bacteria;p__Bacteroidetes;c__Bacteroidia;o__Bacteroidales;f__Prevotellaceae;g__Prevotella;s__Prevotella_copri	k__Bacteria;p__Bacteroidetes;c__Bacteroidia;o__Bacteroidales;f__Bacteroidaceae;g__Bacteroides;s__Bacteroides_stercoris	k__Bacteria;p__Bacteroidetes;c__Bacteroidia;o__Bacteroidales;f__Bacteroidaceae;g__Bacteroides;s__Bacteroides_ovatus	k__Bacteria;p__Bacteroidetes;c__Bacteroidia;o__Bacteroidales;f__Rikenellaceae;g__Alistipes;s__Alistipes_shahii	k__Bacteria;p__Firmicutes;c__Clostridia;o__Clostridiales;f__Ruminococcaceae;g__Faecalibacterium;s__Faecalibacterium_prausnitzii	k__Bacteria;p__Bacteroidetes;c__Bacteroidia;o__Bacteroidales;f__Rikenellaceae;g__Alistipes;s__Alistipes_finegoldii	k__Bacteria;p__Bacteroidetes;c__Bacteroidia;o__Bacteroidales;f__Porphyromonadaceae;g__Parabacteroides;s__Parabacteroides_distasonis	k__Bacteria;p__Bacteroidetes;c__Bacteroidia;o__Bacteroidales;f__Bacteroidaceae;g__Bacteroides;s__Bacteroides_thetaiotaomicron	k__Bacteria;p__Bacteroidetes;c__Bacteroidia;o__Bacteroidales;f__Bacteroidaceae;g__Bacteroides;s__Bacteroides_coprocola	k__Bacteria;p__Bacteroidetes;c__Bacteroidia;o__Bacteroidales;f__Bacteroidaceae;g__Bacteroides;s__Bacteroides_cellulosilyticus	k__Bacteria;p__Bacteroidetes;c__Bacteroidia;o__Bacteroidales;f__Rikenellaceae;g__Alistipes;s__Alistipes_obesi	k__Bacteria;p__Firmicutes;c__Clostridia;o__Clostridiales;f__Lachnospiraceae;g__;s__[Eubacterium]_rectale	k__Bacteria;p__Bacteroidetes;c__Bacteroidia;o__Bacteroidales;f__Bacteroidaceae;g__Bacteroides;s__Bacteroides_plebeius	k__Bacteria;p__Bacteroidetes;c__Bacteroidia;o__Bacteroidales;f__Bacteroidaceae;g__Bacteroides;s__Bacteroides_fragilis	k__Bacteria;p__Proteobacteria;c__Betaproteobacteria;o__Burkholderiales;f__Sutterellaceae;g__Sutterella;s__Sutterella_wadsworthensis	k__Bacteria;p__Bacteroidetes;c__Bacteroidia;o__Bacteroidales;f__Porphyromonadaceae;g__Barnesiella;s__Barnesiella_intestinihominis	k__Bacteria;p__Bacteroidetes;c__Bacteroidia;o__Bacteroidales;f__Odoribacteraceae;g__Odoribacter;s__Odoribacter_splanchnicus	k__Bacteria;p__Bacteroidetes;c__Bacteroidia;o__Bacteroidales;f__Bacteroidaceae;g__Bacteroides;s__Bacteroides_salyersiae	k__Bacteria;p__Firmicutes;c__Clostridia;o__Clostridiales;f__Ruminococcaceae;g__Ruminiclostridium;s__[Eubacterium]_siraeum	k__Bacteria;p__Proteobacteria;c__Betaproteobacteria;o__Burkholderiales;f__Sutterellaceae;g__Parasutterella;s__Parasutterella_excrementihominis	k__Bacteria;p__Actinobacteria;c__Actinobacteria;o__Bifidobacteriales;f__Bifidobacteriaceae;g__Bifidobacterium;s__Bifidobacterium_adolescentis	k__Bacteria;p__Firmicutes;c__Clostridia;o__Clostridiales;f__Oscillospiraceae;g__Oscillibacter;s__Oscillibacter_sp._KLE_1745	k__Bacteria;p__Bacteroidetes;c__Bacteroidia;o__Bacteroidales;f__Bacteroidaceae;g__Bacteroides;s__Bacteroides_coprophilus	k__Bacteria;p__Firmicutes;c__Clostridia;o__Clostridiales;f__Lachnospiraceae;g__Roseburia;s__Roseburia_intestinalis	k__Bacteria;p__Firmicutes;c__Clostridia;o__Clostridiales;f__Lachnospiraceae;g__Roseburia;s__Roseburia_hominis	k__Bacteria;p__Bacteroidetes;c__Bacteroidia;o__Bacteroidales;f__Porphyromonadaceae;g__Parabacteroides;s__Parabacteroides_johnsonii	k__Bacteria;p__Actinobacteria;c__Actinobacteria;o__Bifidobacteriales;f__Bifidobacteriaceae;g__Bifidobacterium;s__Bifidobacterium_longum	k__Bacteria;p__Firmicutes;c__Clostridia;o__Clostridiales;f__;g__Flavonifractor;s__Flavonifractor_plautii	k__Bacteria;p__Firmicutes;c__Clostridia;o__Clostridiales;f__Clostridiaceae;g__Clostridium;s__Clostridium_phoceensis	k__Bacteria;p__Verrucomicrobia;c__Verrucomicrobiae;o__Verrucomicrobiales;f__Akkermansiaceae;g__Akkermansia;s__Akkermansia_muciniphila	k__Bacteria;p__Bacteroidetes;c__Bacteroidia;o__Bacteroidales;f__Prevotellaceae;g__Paraprevotella;s__Paraprevotella_xylaniphila	k__Bacteria;p__Firmicutes;c__Clostridia;o__Clostridiales;f__Ruminococcaceae;g__Ruminococcus;s__Ruminococcus_callidus	k__Bacteria;p__Bacteroidetes;c__Bacteroidia;o__Bacteroidales;f__Rikenellaceae;g__Alistipes;s__Alistipes_senegalensis	k__Bacteria;p__Firmicutes;c__Clostridia;o__Clostridiales;f__Lachnospiraceae;g__Blautia;s__Blautia_sp._KLE_1732	k__Bacteria;p__Bacteroidetes;c__Bacteroidia;o__Bacteroidales;f__Bacteroidaceae;g__Bacteroides;s__Bacteroides_oleiciplenus	k__Bacteria;p__Firmicutes;c__Clostridia;o__Clostridiales;f__Ruminococcaceae;g__Ruminococcus;s__Ruminococcus_bicirculans	k__Bacteria;p__Bacteroidetes;c__Bacteroidia;o__Bacteroidales;f__Bacteroidaceae;g__Bacteroides;s__Bacteroides_fluxus	k__Bacteria;p__Bacteroidetes;c__Bacteroidia;o__Bacteroidales;f__Prevotellaceae;g__Prevotella;s__Prevotella_stercorea	k__Bacteria;p__Firmicutes;c__Clostridia;o__Clostridiales;f__Lachnospiraceae;g__Dorea;s__Dorea_longicatena	k__Bacteria;p__Firmicutes;c__Clostridia;o__Clostridiales;f__Eubacteriaceae;g__Eubacterium;s__[Eubacterium]_eligens	k__Bacteria;p__Firmicutes;c__Clostridia;o__Clostridiales;f__Ruminococcaceae;g__;s__Ruminococcaceae_bacterium_D16	k__Bacteria;p__Firmicutes;c__Clostridia;o__Clostridiales;f__Lachnospiraceae;g__Coprococcus;s__Coprococcus_comes	k__Bacteria;p__Proteobacteria;c__Gammaproteobacteria;o__Enterobacterales;f__Enterobacteriaceae;g__Escherichia;s__Escherichia_coli	k__Bacteria;p__Firmicutes;c__Clostridia;o__Clostridiales;f__Ruminococcaceae;g__Anaerotruncus;s__Anaerotruncus_colihominis	k__Bacteria;p__Firmicutes;c__Clostridia;o__Clostridiales;f__Lachnospiraceae;g__Blautia;s__Blautia_obeum	k__Bacteria;p__Bacteroidetes;c__Bacteroidia;o__Bacteroidales;f__Odoribacteraceae;g__Odoribacter;s__Odoribacter_laneus	k__Bacteria;p__Firmicutes;c__Clostridia;o__Clostridiales;f__Ruminococcaceae;g__Ruminiclostridium;s__[Clostridium]_leptum	k__Bacteria;p__Bacteroidetes;c__Bacteroidia;o__Bacteroidales;f__Porphyromonadaceae;g__Parabacteroides;s__Parabacteroides_goldsteinii	k__Bacteria;p__Firmicutes;c__Clostridia;o__Clostridiales;f__Lachnospiraceae;g__Anaerostipes;s__Anaerostipes_hadrus	k__Bacteria;p__Firmicutes;c__Clostridia;o__Clostridiales;f__Ruminococcaceae;g__Ruminococcus;s__Ruminococcus_lactaris	k__Bacteria;p__Firmicutes;c__Clostridia;o__Clostridiales;f__Clostridiaceae;g__Clostridium;s__Clostridium_sp._L2-50	k__Bacteria;p__Firmicutes;c__Clostridia;o__Clostridiales;f__Clostridiaceae;g__Clostridium;s__Clostridium_sp._M62/1	k__Bacteria;p__Firmicutes;c__Clostridia;o__Clostridiales;f__;g__Intestinimonas;s__Intestinimonas_butyriciproducens	k__Bacteria;p__Actinobacteria;c__Actinobacteria;o__Bifidobacteriales;f__Bifidobacteriaceae;g__Bifidobacterium;s__Bifidobacterium_bifidum	k__Bacteria;p__Firmicutes;c__Negativicutes;o__Veillonellales;f__Veillonellaceae;g__Dialister;s__Dialister_invisus	k__Bacteria;p__Bacteroidetes;c__Bacteroidia;o__Bacteroidales;f__Bacteroidaceae;g__Bacteroides;s__Bacteroides_salanitronis
k__Bacteria;p__Bacteroidetes;c__Bacteroidia;o__Bacteroidales;f__Bacteroidaceae;g__Bacteroides;s__Bacteroides_vulgatus	1.0	-0.00640318710988	0.0118857843465	0.00713049428349	0.0125851196892	-0.0303806218921	-0.0186310599955	-0.00430800530911	-0.0413134118872	-0.0371110691535	0.0151338560258	-0.0197466126175	0.0315362791896	-0.00946286221147	-0.00996660016965	-0.0652403150007	0.0172300484717	0.0201801626853	-0.00744892246662	-0.0276538443917	0.0256283297302	-0.0353107641735	0.0328550156627	-0.0049252724293	0.0128679705663	-0.0204939626589	-0.0217627189964	-0.0215045782336	-0.0746470083619	0.0318237321037	-0.0155659714037	-0.0550862141052	-0.0238934965132	0.0388833875023	0.0294201512957	-0.00962789943184	-0.0327075339752	0.0349737418343	-0.00930040374774	-0.042097219293	-0.0192854888126	0.0155722327454	0.014593825973	0.00660414661627	-0.0594607925212	-0.0210138629025	0.00362374254385	0.0116951286583	-0.00224933122488	-0.000379394031973	0.0120726805251	0.037131846346	-0.0236031007138	0.0325413978791	0.0202479571209	-0.0521083662773	-0.0212128068298	-0.0863233353121	0.0265151349778
k__Bacteria;p__Bacteroidetes;c__Bacteroidia;o__Bacteroidales;f__Bacteroidaceae;g__Bacteroides;s__Bacteroides_uniformis	-0.00640318710988	1.0	-0.0100253901661	-0.00548966084774	0.00735044312315	-0.00711718900843	-0.022013804993	0.00174063154297	0.0375290569878	-0.01980200113	-0.0142147290227	0.00772589134027	-0.0251585701575	0.0226960754005	0.0149683144376	-0.0239494282946	-0.00012281354283	0.0150789349983	-0.0409357068024	-0.0387224266095	-0.0362564497798	0.0112489698601	0.0303714734935	0.00375609534588	0.0424415227708	-0.000637293414963	-0.0244601529399	-0.0380113062252	-0.0206072656949	0.0437803846052	0.0400938563247	0.0599368446791	-0.012183571022	0.039063560544	0.0341421526057	-0.0128328085929	-0.0337208666614	0.0242228764542	-0.000244220091294	-0.019409544429	-0.0411739192399	-0.011243302893	-0.00958752118473	-0.00997353106215	-0.0253984792132	0.0345825573726	-0.0016090578299	-0.0142254953942	-0.0449388410974	-0.0193322353957	-0.0252698977865	-0.0304013890502	0.00727611826536	-0.0110576125644	-0.0600276111074	0.0219198695945	-0.0175381463544	-0.0605962373265	0.0444113193896
k__Bacteria;p__Bacteroidetes;c__Bacteroidia;o__Bacteroidales;f__Rikenellaceae;g__Alistipes;s__Alistipes_putredinis	0.0118857843465	-0.0100253901661	1.0	0.00906257407781	-0.0194426151222	-0.0172225164175	-0.0562747581771	-0.0323757403724	-0.05301203722	-0.0158290353304	-0.0198485220334	-0.00231076520287	0.0189965926864	0.0235313689215	0.0105200336553	-0.0223337667183	0.0052167648177	-0.00968866345993	0.00287707878633	0.0146610165198	0.0621755824361	-0.0142091030663	0.0152698785213	0.0347537631295	-0.0614426589195	0.0495449302024	-0.00262607446364	-0.00444828000728	-0.0192952492919	-0.0194923364551	0.0203305393813	-0.0238993792025	0.0657583501161	0.00833542999872	-0.08549126378	-0.00612108232642	0.0212802068738	0.0345680463759	0.00412743704242	0.00832848411242	-0.0539084230492	0.0514691291045	-0.0145467663428	0.0106849659097	-0.00891781932316	-0.0342205665677	0.00402972954322	-0.00153987335003	0.0509622836614	0.0199597070556	-0.0362932925377	-0.0090398473998	0.0493017959466	-0.0202384007639	0.0289493812309	0.0277106571012	-0.0206160601192	0.0239304291479	-0.0167877416724
k__Bacteria;p__Bacteroidetes;c__Bacteroidia;o__Bacteroidales;f__Prevotellaceae;g__Prevotella;s__Prevotella_copri	0.00713049428349	-0.00548966084774	0.00906257407781	1.0	-0.0118548423349	-0.0152782968886	0.078485043058	-0.065007355119	0.0179293602714	-0.00528740956952	-0.0257046377817	0.0142794167033	0.0433228347539	0.000953815855534	-0.0162580942221	-0.0399972131782	0.00705239493436	0.0186161095618	-0.0388817065186	0.035419574421	-0.00976239744933	-0.00590461597923	-0.00463358537698	-0.00642199246579	-0.00469706583712	-0.0172413123405	-0.0924885624969	-0.0320254597711	-0.0519917440339	-0.0070514283085	0.0537027106691	-0.0479664865373	0.00584907043205	0.0519016974302	0.00501983061747	-0.00601877422929	0.0325635456902	0.015585282999	0.0744078292719	-0.0529733860615	0.0452862145381	-0.0335982381947	0.0110701836093	-0.0601035812418	-0.00378626545564	-0.0203986584246	0.0409617663137	-0.0354665110911	0.0663118957944	0.00560103837394	0.0172448089057	0.0285966236326	-0.0710560708195	0.0171601470558	-0.0339706326692	0.00900520901441	-0.0345752933802	-0.0594121228117	0.0988281200843
k__Bacteria;p__Bacteroidetes;c__Bacteroidia;o__Bacteroidales;f__Bacteroidaceae;g__Bacteroides;s__Bacteroides_stercoris	0.0125851196892	0.00735044312315	-0.0194426151222	-0.0118548423349	1.0	-0.00648263695853	0.0201092787758	-0.0171023828885	-0.0809705870177	-0.014437276359	-0.00419032698544	-0.0132796082264	-0.0229315203778	-0.0168333276822	0.0249312508629	-0.066825505125	-0.0318485874719	0.0594332239036	0.0357704088549	-0.0532393232701	-0.0452923078911	0.00715487638163	0.0290539176533	-0.0824297359746	-0.0597565182883	0.0194260949522	0.0453026426969	-0.0350674924649	0.00355818805019	-0.0116944373545	0.0536038248817	-0.0273170720394	-0.0745671628851	-0.0152355416542	0.00917495666374	-0.0410658888158	-0.00442744324417	0.0445248371203	-0.0156683521727	-0.0227169867652	-0.0469991967595	-0.0478779704002	-0.00639105673335	0.0117513598345	-0.00446713010655	0.0228822781948	0.0166147350898	-0.0123597669764	0.0117260853365	-0.0233141491373	0.0233903493854	-0.0513458467648	-0.0466756985445	0.0150100627527	-0.0350356398496	-0.0398090405546	-0.0583454679112	-0.0102545052914	0.0391222622
k__Bacteria;p__Bacteroidetes;c__Bacteroidia;o__Bacteroidales;f__Bacteroidaceae;g__Bacteroides;s__Bacteroides_ovatus	-0.0303806218921	-0.00711718900843	-0.0172225164175	-0.0152782968886	-0.00648263695853	1.0	-0.0157217664751	-0.00997066123818	0.00090876691033	-0.0261723411197	0.0326326564071	0.0214567456418	0.0155162843179	-0.0290667822607	-0.0627951935813	0.0221926286483	-0.0290932548871	-0.0101060273907	-0.0555423158084	-0.00545855380538	0.0106537490727	0.052633534543	-0.0689100838823	-0.000496580719003	0.037537135448	0.00785415177268	-0.0149491550314	-0.0247361019925	0.0366025642815	0.0146688834163	0.0318451854625	-0.00813921767648	0.0173852737887	0.0254041873299	0.00281725756635	-0.0369680873204	-0.0453919576635	0.0113937111414	0.00437823318203	0.0236554249154	-0.00928934816978	-0.0791905796755	0.00998407459296	-0.0728355218716	-0.044794391363	-0.00835582018191	-0.0670317604689	-0.00943386526192	0.0418707763889	0.0278612032807	-0.0724871981025	0.0294218186657	0.0122840848688	-0.0455884640827	-0.0171143995426	-0.0132960647049	0.0549602830645	-0.0347790371743	0.0157733974841
k__Bacteria;p__Bacteroidetes;c__Bacteroidia;o__Bacteroidales;f__Rikenellaceae;g__Alistipes;s__Alistipes_shahii	-0.0186310599955	-0.022013804993	-0.0562747581771	0.078485043058	0.0201092787758	-0.0157217664751	1.0	-0.0169934168961	-0.0177682779237	0.0755745280508	-0.0194728217804	-0.00521885939536	-0.0137455033397	0.0222692588982	0.00534655794249	-0.0161117857032	0.0335503497234	-0.00670617894621	0.0384117259954	0.0299835657387	0.0346136304745	-0.0619279784812	0.043908753218	-0.0335066305855	-0.0153251859096	0.00200211145445	-0.0241563497922	0.00792149290347	-0.01516288527	-0.0474265138156	-0.0398621985835	0.00640290861869	-0.00334364519357	-0.0113874778934	0.0177316901482	0.0399859821936	0.0396760458671	-0.00118651461863	-0.0644633556218	-0.0430936649591	0.0152558695808	-0.00135297920011	0.023373501062	-0.0209508870791	-0.0518625091466	0.00960227266215	-0.0249591568571	-0.0241900258702	-0.0129634884921	0.0140338888443	-0.0519903597671	0.0294335503802	-0.0051088937639	0.0442940246418	0.0424944009076	-0.00327905588306	-0.0455088427887	-0.0647420368853	-0.00752035991917
k__Bacteria;p__Firmicutes;c__Clostridia;o__Clostridiales;f__Ruminococcaceae;g__Faecalibacterium;s__Faecalibacterium_prausnitzii	-0.00430800530911	0.00174063154297	-0.0323757403724	-0.065007355119	-0.0171023828885	-0.00997066123818	-0.0169934168961	1.0	0.0420992232489	0.0407938544027	0.00948403782639	-0.0667280891296	-0.10454903869	0.00374261868141	-0.0354321087688	-0.00621055342028	-0.0505450749738	0.0585552040265	-0.0356797239574	-0.0394688087146	0.00879374114236	-0.0012934541542	0.0312556946288	0.0174028476047	-0.0345154232445	0.0390477299856	-0.0398099692698	0.0485420239538	0.0221647602932	-0.0129405015517	0.0145991237177	-0.014963729503	-0.0837518881203	-0.0299768146356	0.0174958902127	0.0672854345926	-0.016941933042	-0.0289215900367	0.00760393559439	-0.028689635389	-0.0104962205269	-0.0167158426316	-0.000827111090796	-0.0175692897031	0.0482046605254	-0.0412184040903	0.0108319290094	0.00264454731084	-0.0145831330138	0.0102223317004	0.000254022302091	0.0445355156384	0.0210655811332	0.0145732697578	-0.0158107346085	-0.0210216825696	0.0498760134481	0.0299828096347	-0.053015792041
k__Bacteria;p__Bacteroidetes;c__Bacteroidia;o__Bacteroidales;f__Rikenellaceae;g__Alistipes;s__Alistipes_finegoldii	-0.0413134118872	0.0375290569878	-0.05301203722	0.0179293602714	-0.0809705870177	0.00090876691033	-0.0177682779237	0.0420992232489	1.0	-0.0136767846441	-0.0144132843354	0.0538695774265	-0.0411873091197	0.0180922013824	0.0246361578187	-0.0123585893514	-0.0117583419942	-0.0277241924666	-0.0228554979218	-0.0248123274626	-0.0546887356494	-0.00724044843403	0.0168294922511	-0.0325072782917	0.00114529517466	0.00309459532942	-0.016658669604	-0.0779939557486	0.0202857827506	0.0223530676518	-0.0410631378678	-0.00313522461787	-0.0285209262731	-0.0164017964315	0.0188712039028	-0.029090381853	-0.0142241220715	-0.012620984009	-0.0150363900683	0.0295944572468	0.0333046908965	0.0130195711473	0.0368668723759	0.0823473062855	-0.0321452091466	-0.0519243944743	-0.00978124391459	-0.0911235282263	-0.0133621036319	-0.00379106315958	0.0579948351599	-0.00475894224533	-0.0420097820746	-0.0179559087163	0.0596986094962	0.0490025926969	-0.0419625013197	-0.0308371869738	0.00374694208266
k__Bacteria;p__Bacteroidetes;c__Bacteroidia;o__Bacteroidales;f__Porphyromonadaceae;g__Parabacteroides;s__Parabacteroides_distasonis	-0.0371110691535	-0.01980200113	-0.0158290353304	-0.00528740956952	-0.014437276359	-0.0261723411197	0.0755745280508	0.0407938544027	-0.0136767846441	1.0	0.0466924115081	-0.0345444479212	-0.0010932332401	-0.0103289565206	-0.0161847452018	-0.0120667516924	0.00055139789692	0.0226042808962	-0.0334493306041	0.0073907098989	-0.00654371688269	0.010401784747	-0.0322908136542	0.0147113295185	-0.00336412547108	-0.0255811140679	-0.0237793568599	0.0476102594714	0.00694453253951	-0.0143020948661	-0.0252699297858	-0.030771814899	-0.0188113318398	0.0651185085415	0.0965232539044	0.0111234212655	-0.0513288206185	-0.012335400291	-0.014781070072	-0.0697563188466	-0.0340367938064	-0.0224616703596	-0.000885880850931	-0.050737331422	-0.0010707547292	0.0657034950923	0.0291023546699	-0.00428198075132	-0.0414656216403	-0.037013787646	-0.0315364921403	0.0126110912899	-0.0411464112185	-0.063258650725	-0.0245456467611	0.0244398335554	0.00116614025959	0.0122728383786	0.000990397182053
k__Bacteria;p__Bacteroidetes;c__Bacteroidia;o__Bacteroidales;f__Bacteroidaceae;g__Bacteroides;s__Bacteroides_thetaiotaomicron	0.0151338560258	-0.0142147290227	-0.0198485220334	-0.0257046377817	-0.00419032698544	0.0326326564071	-0.0194728217804	0.00948403782639	-0.0144132843354	0.0466924115081	1.0	0.0314441201305	-0.0189996921014	-0.0155297113656	0.0826235427802	0.0550114700459	-0.00306713285965	0.0260458932291	-0.050871400234	-0.0599571273806	0.0451014191111	-0.00390860758844	0.00532613966663	-0.0328856495213	-0.040979912275	-0.0234828994558	-0.0297714857802	-0.0169161046679	0.00780184150372	-0.0470726176126	-0.0412465812813	0.0169812465274	-0.0114759807341	-0.0610806693691	0.00219427267323	-0.031941038573	-0.0630649424702	-0.0453212347269	-0.0112504224368	-0.0335793334473	0.00163183663628	0.0110765853138	-0.00760351227399	-0.0253089958657	0.035360150597	-0.01162887188	-0.0197376448401	-0.00568755887476	0.0106949045966	-0.0104425781282	0.0383346467285	-0.00262349923272	0.0173079037518	0.0131197739111	-0.0677137517759	-0.0148397164135	-0.025987100623	0.0164992165358	-0.00325649418696
k__Bacteria;p__Bacteroidetes;c__Bacteroidia;o__Bacteroidales;f__Bacteroidaceae;g__Bacteroides;s__Bacteroides_coprocola	-0.0197466126175	0.00772589134027	-0.00231076520287	0.0142794167033	-0.0132796082264	0.0214567456418	-0.00521885939536	-0.0667280891296	0.0538695774265	-0.0345444479212	0.0314441201305	1.0	-0.0480919621263	-0.0229725346983	0.0263091572227	0.0637843977275	-0.0419026467894	0.0185204028121	0.0183151183448	-0.0535479675089	-0.0698285375202	-0.0321516854623	-0.0133464623616	0.0086152200523	-0.00786612093802	-0.0207960417302	-0.0599866987967	-0.0571024109101	-0.0273091452046	-0.0475167382075	-0.0325219104347	-0.043407702075	-0.0310600316391	0.00133297843184	0.0172189202789	-0.0117958388677	0.012048451982	-0.018409770621	-0.00712899874471	-0.0131957060673	-0.0386683731271	-0.0175803757936	0.041474285741	0.00209653853087	-0.0253800088647	-0.0393568591623	0.00641249531329	0.0128905601543	-0.0378326274549	-0.00727812068718	0.012563357151	-0.0405974419268	-0.00857359854615	-0.000518088130063	-0.0568814082957	0.0408259503968	-0.00854056330206	0.0499630663788	0.0104011866256
k__Bacteria;p__Bacteroidetes;c__Bacteroidia;o__Bacteroidales;f__Bacteroidaceae;g__Bacteroides;s__Bacteroides_cellulosilyticus	0.0315362791896	-0.0251585701575	0.0189965926864	0.0433228347539	-0.0229315203778	0.0155162843179	-0.0137455033397	-0.10454903869	-0.0411873091197	-0.0010932332401	-0.0189996921014	-0.0480919621263	1.0	0.0329213147484	-0.033993778966	0.00951079159607	0.0309746332006	-0.014347294362	-0.026991626249	0.0236487516873	0.0229364126266	0.0554675437962	0.0396590581684	0.0122771832019	0.00680301440439	-0.0217631729585	0.0460116727214	-0.0342203865013	-0.0519067342562	-0.0196505961482	-0.0147602858476	-0.0183178580553	0.00649461810161	-0.0289592156869	-0.0307421407816	-0.00628973477798	-0.0320166104134	0.0243510385037	-0.0407399238932	-0.0253963051433	0.0532851514204	0.00874735721928	-0.0147575999098	-0.0290174663937	-0.0207952417718	-0.0426604518581	0.041742626199	0.0112609269165	0.0285557709871	-0.0323701831284	-0.00539938904647	-0.051355100383	-0.0119049328196	-0.00710755177364	-0.0275078196384	0.0386073229607	0.0213633026241	-0.0634174861336	0.0278998609361
k__Bacteria;p__Bacteroidetes;c__Bacteroidia;o__Bacteroidales;f__Rikenellaceae;g__Alistipes;s__Alistipes_obesi	-0.00946286221147	0.0226960754005	0.0235313689215	0.000953815855534	-0.0168333276822	-0.0290667822607	0.0222692588982	0.00374261868141	0.0180922013824	-0.0103289565206	-0.0155297113656	-0.0229725346983	0.0329213147484	1.0	-0.00481074567428	0.0183434278693	-0.0595542912148	-0.0755559079166	-0.052846630504	-0.0345077445506	-0.0200990623284	-0.00696883451821	-0.0064860518982	0.0230526904241	-0.00342172878822	-0.0370535824027	0.015093254449	-0.0150201675531	-0.0108128155691	-0.00641342466921	0.0246576657186	0.0584573238205	-0.0581905524792	0.00664853057795	-0.0743499320621	0.00119859894504	0.000284928325765	0.0532537181499	-0.0332968967078	0.0362549555839	-0.0138801411651	-0.0067202244101	0.00361888788792	-0.00637355947435	0.00498339671	0.0276577619691	-0.000785275100566	-0.0235248153859	-0.021519372881	0.0175196604244	0.0391661856084	0.00354251525984	-0.0173032934243	-0.028499546833	-0.0395586520564	0.0199257525731	0.00242606695609	0.0444511905253	-0.00678953391467
k__Bacteria;p__Firmicutes;c__Clostridia;o__Clostridiales;f__Lachnospiraceae;g__;s__[Eubacterium]_rectale	-0.00996660016965	0.0149683144376	0.0105200336553	-0.0162580942221	0.0249312508629	-0.0627951935813	0.00534655794249	-0.0354321087688	0.0246361578187	-0.0161847452018	0.0826235427802	0.0263091572227	-0.033993778966	-0.00481074567428	1.0	-0.0477263626629	-0.0553904386858	0.0264121250566	-0.0327928436471	0.0472157839342	-0.0221724690879	-0.0399316014445	-0.0284700369156	-0.0673951884929	0.0366260296147	0.0031446469688	-0.0547493345928	-0.00200751111452	-0.0430505850809	0.0170031763294	0.0165616378217	0.0396139447316	0.0167217917392	-0.0300199235319	0.00506766879948	0.0117462793107	-0.0191994682548	0.027743436782	-0.0103819142529	-0.0479999256595	-0.00161123062033	-0.00897035791172	0.00885745203472	0.0235925601447	-0.0643624380463	-0.0684154368496	0.11463530053	-0.0230030853151	-0.0392007690081	-0.0332948319063	0.042640748842	-0.0228135439256	-0.0472841682531	-0.0656016879261	0.0186711116034	-0.0230532926167	-0.0233860486815	0.00639940943556	-0.0819959371557
k__Bacteria;p__Bacteroidetes;c__Bacteroidia;o__Bacteroidales;f__Bacteroidaceae;g__Bacteroides;s__Bacteroides_plebeius	-0.0652403150007	-0.0239494282946	-0.0223337667183	-0.0399972131782	-0.066825505125	0.0221926286483	-0.0161117857032	-0.00621055342028	-0.0123585893514	-0.0120667516924	0.0550114700459	0.0637843977275	0.00951079159607	0.0183434278693	-0.0477263626629	1.0	0.0120140520552	0.0200579621285	0.0222445469889	-0.0278304750446	0.0138231209089	-0.0284192537408	-0.0276303022573	-0.0304008087539	-0.00229643097102	0.00357338795798	-0.0591616531789	-0.0355919241264	-0.0185481321991	-0.00711608321359	0.0355140628046	0.0222627589018	-0.0205382994649	-0.0456316034899	-0.0463432383761	0.00352536085529	-0.0185409276767	0.00789696716786	-0.0135520589806	0.0475926308897	-0.0481298669572	-0.0458203504895	-0.0140360271287	0.0505556272143	0.0180172915168	-0.00620455360567	-0.0155094920058	-0.016018026182	-0.00379585787563	-0.0924759009366	0.00841179831723	0.0314976677609	-0.00168227622824	-0.0284759734324	-0.00181004686949	-0.0441395341708	-0.0390838340493	-0.0716031007376	0.0416141001579
k__Bacteria;p__Bacteroidetes;c__Bacteroidia;o__Bacteroidales;f__Bacteroidaceae;g__Bacteroides;s__Bacteroides_fragilis	0.0172300484717	-0.00012281354283	0.0052167648177	0.00705239493436	-0.0318485874719	-0.0290932548871	0.0335503497234	-0.0505450749738	-0.0117583419942	0.00055139789692	-0.00306713285965	-0.0419026467894	0.0309746332006	-0.0595542912148	-0.0553904386858	0.0120140520552	1.0	-0.0596934503609	0.0144642198762	0.0271997090841	0.0216666988941	-0.0386611763202	-0.0751610762833	-0.014230086073	-0.00622324050478	-0.00872025518657	0.0141387873556	0.0305010031658	0.00325966490562	-0.0423449998576	0.0963865612952	-0.0655988207083	0.0924952206294	0.0184326906777	-0.0293488445736	0.0276599138312	0.0196651567385	0.0298205977958	-0.0174800943138	0.00831193559588	-0.0286084088177	0.0253148296763	0.0235161140037	-0.0187576499246	0.0363393752468	0.00740769621785	-0.0458369522599	-0.0180175413614	-0.0287390453107	0.0244043376233	-0.0149938516018	-0.0510588087295	0.0169886665043	-0.0566295084936	0.0559748819873	-0.00538023317173	-0.0346020934821	-0.0134780938679	-0.058419048898
k__Bacteria;p__Proteobacteria;c__Betaproteobacteria;o__Burkholderiales;f__Sutterellaceae;g__Sutterella;s__Sutterella_wadsworthensis	0.0201801626853	0.0150789349983	-0.00968866345993	0.0186161095618	0.0594332239036	-0.0101060273907	-0.00670617894621	0.0585552040265	-0.0277241924666	0.0226042808962	0.0260458932291	0.0185204028121	-0.014347294362	-0.0755559079166	0.0264121250566	0.0200579621285	-0.0596934503609	1.0	-0.0248894302672	-0.0049676984114	-0.0210039509348	0.0586271028466	0.0125208023692	0.0375145699134	-0.0306783898007	-0.0103928019082	-0.0365530378577	0.00101546326242	-0.0632575048351	-0.0354483485226	0.00951813497129	-0.000100442731104	-0.0482138432905	-0.0918561196038	-0.0529704494254	-0.0497086450533	-0.000823551334597	-0.0771990663386	-0.0397372023986	-0.0307571017133	0.0331444559858	0.0250703561682	-0.0382936378165	-0.00317486387616	-0.0405667391207	-0.00107504309069	-0.0210956672143	-0.0193850594745	-0.0642546274758	-0.0304186770597	0.00999361420344	0.0072143186071	-0.00251587350993	0.00534339225748	0.0845050152627	-0.0176505127257	-0.0173323822483	0.0350210714651	-0.00672727475394
k__Bacteria;p__Bacteroidetes;c__Bacteroidia;o__Bacteroidales;f__Porphyromonadaceae;g__Barnesiella;s__Barnesiella_intestinihominis	-0.00744892246662	-0.0409357068024	0.00287707878633	-0.0388817065186	0.0357704088549	-0.0555423158084	0.0384117259954	-0.0356797239574	-0.0228554979218	-0.0334493306041	-0.050871400234	0.0183151183448	-0.026991626249	-0.052846630504	-0.0327928436471	0.0222445469889	0.0144642198762	-0.0248894302672	1.0	0.0108809026139	0.0100045635029	-0.00626618833633	0.00805650523971	0.0294166120752	0.051593928436	-0.0259025085209	-0.0265117530387	-0.00727881020457	-0.0220565418618	-0.00113231376752	0.0238702967887	-0.046179307911	-0.00254627603812	-0.0127635312566	-0.0393159740761	-0.0114093839462	-0.00404100914241	-0.0464244119188	-0.0470844782908	-0.00216376242805	0.080979439761	0.027117139039	-0.0202195888909	-0.059970056915	-0.0194256515353	0.0439529492774	-0.00380623236558	-0.00546845853231	0.0189589208169	-0.0336217418329	-0.0308316399804	0.0209528003968	0.0346933514029	0.026719100692	-0.0516642489226	-0.0168533435953	-0.0612202727199	-0.0123884500533	0.00747917413151
k__Bacteria;p__Bacteroidetes;c__Bacteroidia;o__Bacteroidales;f__Odoribacteraceae;g__Odoribacter;s__Odoribacter_splanchnicus	-0.0276538443917	-0.0387224266095	0.0146610165198	0.035419574421	-0.0532393232701	-0.00545855380538	0.0299835657387	-0.0394688087146	-0.0248123274626	0.0073907098989	-0.0599571273806	-0.0535479675089	0.0236487516873	-0.0345077445506	0.0472157839342	-0.0278304750446	0.0271997090841	-0.0049676984114	0.0108809026139	1.0	-0.0156011120654	-0.019457574426	0.0331802386293	0.0190804638274	0.000146395346156	-0.0107691433331	0.0222243703248	-0.0064727941732	0.0403677861327	-0.0245379652524	0.0589799077971	-0.000606188235136	0.0398453695318	0.0407604147593	-0.0633807136034	-0.0135989158497	-0.0185375203471	0.0619712345633	-0.000466560069534	0.0233744940975	-0.0162929523876	-0.0346494166167	-0.0585054404423	0.0641166684195	-0.00119826712566	0.0109980993346	-0.0100366636263	-0.00141018965677	-0.0312028133844	0.000761822174365	-0.0450710392109	-0.00252037010246	0.00341973299242	0.0183044223327	-0.0553041639087	-0.0212999021347	0.054612726656	-0.00128067170272	0.0328694320196
k__Bacteria;p__Bacteroidetes;c__Bacteroidia;o__Bacteroidales;f__Bacteroidaceae;g__Bacteroides;s__Bacteroides_salyersiae	0.0256283297302	-0.0362564497798	0.0621755824361	-0.00976239744933	-0.0452923078911	0.0106537490727	0.0346136304745	0.00879374114236	-0.0546887356494	-0.00654371688269	0.0451014191111	-0.0698285375202	0.0229364126266	-0.0200990623284	-0.0221724690879	0.0138231209089	0.0216666988941	-0.0210039509348	0.0100045635029	-0.0156011120654	1.0	-0.0375118346722	-0.0107028592548	-0.0339859592891	0.0278219173288	0.0213795947939	0.01694531899	0.0717847379053	-0.0345055198445	0.0106362372185	-0.0367286935105	-0.0303688643541	-0.00704345516796	0.025249991098	-0.0926738714157	0.0406352396498	-0.00148403752824	-0.0878783847423	-0.0159679530847	0.00673037876466	0.0640118416488	0.0362453243021	-0.0361636866964	-0.029980610619	-0.00196381590037	0.0152582115027	-0.00201099769243	-0.00198819079863	0.0186541283344	-0.030909916974	-0.0218230679372	-0.0480595411822	0.0217307273427	-0.0240272705669	0.0171046498688	-0.0626024330712	-0.0374007315062	0.0157897957094	-0.0694171567851
k__Bacteria;p__Firmicutes;c__Clostridia;o__Clostridiales;f__Ruminococcaceae;g__Ruminiclostridium;s__[Eubacterium]_siraeum	-0.0353107641735	0.0112489698601	-0.0142091030663	-0.00590461597923	0.00715487638163	0.052633534543	-0.0619279784812	-0.0012934541542	-0.00724044843403	0.010401784747	-0.00390860758844	-0.0321516854623	0.0554675437962	-0.00696883451821	-0.0399316014445	-0.0284192537408	-0.0386611763202	0.0586271028466	-0.00626618833633	-0.019457574426	-0.0375118346722	1.0	-0.0109923559734	-0.00986542360222	0.040634510516	0.0205516433527	0.085196692208	0.0477807797459	-0.113432683151	0.0262289432079	-0.0150293012022	0.0110919902415	-0.0136051342233	0.00637119463156	-0.0346021732685	-0.0149125790952	-0.00317680418742	0.00585623242808	-0.0912268365688	-0.0223952353569	0.00292654426505	0.00103075151476	-0.046485439708	-0.0221687310565	-0.0500862178389	-0.0514105858193	0.0550263886147	-0.0542953136001	0.00504748457638	-0.00660993372528	-0.00825717708097	-0.000417557853216	0.0320583145503	-0.0204916989569	-0.0363226637478	0.0015057364721	-0.002406800798	-0.0281992318179	-0.00674037898037
k__Bacteria;p__Proteobacteria;c__Betaproteobacteria;o__Burkholderiales;f__Sutterellaceae;g__Parasutterella;s__Parasutterella_excrementihominis	0.0328550156627	0.0303714734935	0.0152698785213	-0.00463358537698	0.0290539176533	-0.0689100838823	0.043908753218	0.0312556946288	0.0168294922511	-0.0322908136542	0.00532613966663	-0.0133464623616	0.0396590581684	-0.0064860518982	-0.0284700369156	-0.0276303022573	-0.0751610762833	0.0125208023692	0.00805650523971	0.0331802386293	-0.0107028592548	-0.0109923559734	1.0	-0.0106597682933	-0.0458857176819	0.0370659275829	-0.00649654474526	-0.0578098013048	-0.00291361572439	-0.00368474787654	-0.0363830269443	-0.0146147877229	0.0164911394283	0.0142090503245	-0.0141942896557	-0.0363039569068	0.0143665412761	-0.0117593635005	-0.00299277836313	-0.0312328023282	-0.0511384797024	-0.000735887206102	-0.0615528052159	-0.0103710313961	-0.0192143972724	-0.0290006234043	-0.00203103931657	0.0398068755923	-0.0134136492788	-0.0345077648593	0.00201787716117	0.017430069006	-0.0443456417341	0.0348191287943	-0.00982539013803	-0.0250791667587	0.0370964788487	-0.0303226256789	-0.0293701697635
k__Bacteria;p__Actinobacteria;c__Actinobacteria;o__Bifidobacteriales;f__Bifidobacteriaceae;g__Bifidobacterium;s__Bifidobacterium_adolescentis	-0.0049252724293	0.00375609534588	0.0347537631295	-0.00642199246579	-0.0824297359746	-0.000496580719003	-0.0335066305855	0.0174028476047	-0.0325072782917	0.0147113295185	-0.0328856495213	0.0086152200523	0.0122771832019	0.0230526904241	-0.0673951884929	-0.0304008087539	-0.014230086073	0.0375145699134	0.0294166120752	0.0190804638274	-0.0339859592891	-0.00986542360222	-0.0106597682933	1.0	0.0571567596128	-0.043118056268	-0.0235085140564	-0.0696091248092	0.00356252031194	0.0327566483617	-0.0931049875112	0.0798251932018	0.0095191264505	-0.0390267046842	0.0316099654597	-0.00712107815244	-0.00409238105638	-0.0703798562689	-0.0270882035342	-0.0308746332606	-0.00581232790241	-0.0165960796551	-0.00825567022822	-0.0285846932691	0.0445818922298	0.0217648446066	-0.0147208794578	-0.0107804339346	-0.0258864336765	-0.00255875912422	0.0331239905918	0.00415169413583	0.000205336543371	-0.0177125262342	-0.0087980679038	-0.0424672660281	-0.0303303702027	-0.0321046134699	-0.0293147172347
k__Bacteria;p__Firmicutes;c__Clostridia;o__Clostridiales;f__Oscillospiraceae;g__Oscillibacter;s__Oscillibacter_sp._KLE_1745	0.0128679705663	0.0424415227708	-0.0614426589195	-0.00469706583712	-0.0597565182883	0.037537135448	-0.0153251859096	-0.0345154232445	0.00114529517466	-0.00336412547108	-0.040979912275	-0.00786612093802	0.00680301440439	-0.00342172878822	0.0366260296147	-0.00229643097102	-0.00622324050478	-0.0306783898007	0.051593928436	0.000146395346156	0.0278219173288	0.040634510516	-0.0458857176819	0.0571567596128	1.0	-0.0463684877194	-0.026772259448	-0.0435648901044	0.000736850551931	0.0221723129892	-0.0234963334465	0.0245817323887	-0.0020594832167	-0.0219335560915	-0.0118909691984	0.00702480321597	-0.00323630315751	-0.0250459093483	-0.0212154463809	0.0365283980012	0.00804393909642	-0.014858884672	-0.0182199231678	0.00133946985932	0.0231324868752	0.00504915557485	-0.0200600734761	-0.00740029724208	-0.0260624379491	0.00654414922614	-0.0314881125228	0.00105746094219	-0.00597735207643	-0.0160920036429	-0.0327072171204	-0.0232080640452	0.0275610867416	-0.000335296019509	-0.0393395884461
k__Bacteria;p__Bacteroidetes;c__Bacteroidia;o__Bacteroidales;f__Bacteroidaceae;g__Bacteroides;s__Bacteroides_coprophilus	-0.0204939626589	-0.000637293414963	0.0495449302024	-0.0172413123405	0.0194260949522	0.00785415177268	0.00200211145445	0.0390477299856	0.00309459532942	-0.0255811140679	-0.0234828994558	-0.0207960417302	-0.0217631729585	-0.0370535824027	0.0031446469688	0.00357338795798	-0.00872025518657	-0.0103928019082	-0.0259025085209	-0.0107691433331	0.0213795947939	0.0205516433527	0.0370659275829	-0.043118056268	-0.0463684877194	1.0	0.0320246507085	-0.0464341257321	0.00396548787875	0.0505991969062	0.0271235777596	0.016099552488	-0.091641272456	0.00561693306268	-0.00520937515475	-0.0401820197329	-0.015184172248	-0.0275033851478	-0.0260486576406	-0.0616020239353	-0.0165240195093	0.0181814051795	0.00398057156304	0.012392814417	0.00420255346566	-0.0236885026168	-0.0964168635857	-0.021711183586	0.0141969680682	0.0234630097749	-0.0245136296738	-0.0367177370844	-0.0943641207115	-0.0108757481731	-0.00938206862731	0.0153923313646	-0.0198320380677	0.0459779100778	0.00753882526117
k__Bacteria;p__Firmicutes;c__Clostridia;o__Clostridiales;f__Lachnospiraceae;g__Roseburia;s__Roseburia_intestinalis	-0.0217627189964	-0.0244601529399	-0.00262607446364	-0.0924885624969	0.0453026426969	-0.0149491550314	-0.0241563497922	-0.0398099692698	-0.016658669604	-0.0237793568599	-0.0297714857802	-0.0599866987967	0.0460116727214	0.015093254449	-0.0547493345928	-0.0591616531789	0.0141387873556	-0.0365530378577	-0.0265117530387	0.0222243703248	0.01694531899	0.085196692208	-0.00649654474526	-0.0235085140564	-0.026772259448	0.0320246507085	1.0	0.0264723012827	-0.0256030894266	-0.00403620445097	-0.0639813045696	-0.015468116858	-0.0445760434256	-0.049333278942	0.00352134178261	0.0267155213826	-0.00673423411866	0.0362353602154	-0.0380035562694	-0.00818215244943	-0.0403780615063	-0.0178878643159	-0.0453238385288	-0.018678664204	-0.030969963817	-0.00744984377868	-0.0332641565022	0.0166702145909	0.00877558411558	-0.075657092735	0.0761266744713	0.0443445546178	0.0051909278559	0.00705922994534	0.0300914336533	-0.0118027508063	-0.00406823166168	-0.007762070731	0.0450344388192
k__Bacteria;p__Firmicutes;c__Clostridia;o__Clostridiales;f__Lachnospiraceae;g__Roseburia;s__Roseburia_hominis	-0.0215045782336	-0.0380113062252	-0.00444828000728	-0.0320254597711	-0.0350674924649	-0.0247361019925	0.00792149290347	0.0485420239538	-0.0779939557486	0.0476102594714	-0.0169161046679	-0.0571024109101	-0.0342203865013	-0.0150201675531	-0.00200751111452	-0.0355919241264	0.0305010031658	0.00101546326242	-0.00727881020457	-0.0064727941732	0.0717847379053	0.0477807797459	-0.0578098013048	-0.0696091248092	-0.0435648901044	-0.0464341257321	0.0264723012827	1.0	-0.0379100248696	-0.0378166871795	0.00693555393547	-0.0550777800947	0.00910922057692	-0.00239899214981	0.0054896083591	0.00756055580928	0.0456999101025	-0.0306438807956	-0.0100877603928	0.0571988935175	-0.0528508967338	-0.0477197141664	0.0480629178153	0.0179770424715	-0.036066204951	0.00735838792778	0.0301070748165	0.0441339958421	-0.0429309742837	0.0371058469722	-0.023012156723	-0.00661668584121	0.0271560651701	6.56940504708e-05	-0.00463175125396	-0.0779292583259	-0.0399968285073	0.0186934593716	-0.0199292497937
k__Bacteria;p__Bacteroidetes;c__Bacteroidia;o__Bacteroidales;f__Porphyromonadaceae;g__Parabacteroides;s__Parabacteroides_johnsonii	-0.0746470083619	-0.0206072656949	-0.0192952492919	-0.0519917440339	0.00355818805019	0.0366025642815	-0.01516288527	0.0221647602932	0.0202857827506	0.00694453253951	0.00780184150372	-0.0273091452046	-0.0519067342562	-0.0108128155691	-0.0430505850809	-0.0185481321991	0.00325966490562	-0.0632575048351	-0.0220565418618	0.0403677861327	-0.0345055198445	-0.113432683151	-0.00291361572439	0.00356252031194	0.000736850551931	0.00396548787875	-0.0256030894266	-0.0379100248696	1.0	-0.0217394808731	-0.0552303054397	0.00577775399923	-0.0453938429431	0.053662761674	0.0342084163568	-0.0374724260656	-0.0375985022541	-0.0207371616131	-0.0246492350062	0.0139795058496	0.0332680947979	0.0374786059012	0.0729536059205	-0.0279688492071	0.0446230025293	0.00932706927723	-0.0397533460508	0.00571063143151	-0.00847729807682	-0.0239637721224	0.0849658033879	-0.0736678732971	-0.0244672218255	-0.0461427811795	-0.0157090676962	-0.00376327683959	-0.0167594481526	0.0463345695877	-0.0558689633373
k__Bacteria;p__Actinobacteria;c__Actinobacteria;o__Bifidobacteriales;f__Bifidobacteriaceae;g__Bifidobacterium;s__Bifidobacterium_longum	0.0318237321037	0.0437803846052	-0.0194923364551	-0.0070514283085	-0.0116944373545	0.0146688834163	-0.0474265138156	-0.0129405015517	0.0223530676518	-0.0143020948661	-0.0470726176126	-0.0475167382075	-0.0196505961482	-0.00641342466921	0.0170031763294	-0.00711608321359	-0.0423449998576	-0.0354483485226	-0.00113231376752	-0.0245379652524	0.0106362372185	0.0262289432079	-0.00368474787654	0.0327566483617	0.0221723129892	0.0505991969062	-0.00403620445097	-0.0378166871795	-0.0217394808731	1.0	-0.0103594508844	0.0307080480392	-0.0578766355303	0.0341591790781	-0.00499961442518	0.00872821597328	-0.0108180778885	0.0208059463825	0.0433439317863	0.0358357757325	0.0159678373735	-0.017891457497	0.102122358616	-0.0344132874505	0.0461099667045	-0.00220133087665	0.0154155583893	-0.0168707706039	-0.0357715236624	0.0280925449562	0.0265636576507	-0.0756382248446	-0.0311665106821	-0.0740963597013	-0.0148644215652	0.037733311457	0.0288745216238	-0.0252986485695	-0.00974430924394
