#taxonomy	k__Bacteria;p__Bacteroidetes;c__Bacteroidia;o__Bacteroidales;f__Bacteroidaceae;g__Bacteroides;s__Bacteroides_vulgatus	k__Bacteria;p__Bacteroidetes;c__Bacteroidia;o__Bacteroidales;f__Bacteroidaceae;g__Bacteroides;s__Bacteroides_uniformis	k__Bacteria;p__Bacteroidetes;c__Bacteroidia;o__Bacteroidales;f__Rikenellaceae;g__Alistipes;s__Alistipes_putredinis	k__Bacteria;p__Bacteroidetes;c__Bacteroidia;o__Bacteroidales;f__Prevotellaceae;g__Prevotella;s__Prevotella_copri	k__Bacteria;p__Bacteroidetes;c__Bacteroidia;o__Bacteroidales;f__Bacteroidaceae;g__Bacteroides;s__Bacteroides_stercoris	k__Bacteria;p__Bacteroidetes;c__Bacteroidia;o__Bacteroidales;f__Bacteroidaceae;g__Bacteroides;s__Bacteroides_ovatus	k__Bacteria;p__Bacteroidetes;c__Bacteroidia;o__Bacteroidales;f__Rikenellaceae;g__Alistipes;s__Alistipes_shahii	k__Bacteria;p__Firmicutes;c__Clostridia;o__Clostridiales;f__Ruminococcaceae;g__Faecalibacterium;s__Faecalibacterium_prausnitzii	k__Bacteria;p__Bacteroidetes;c__Bacteroidia;o__Bacteroidales;f__Rikenellaceae;g__Alistipes;s__Alistipes_finegoldii	k__Bacteria;p__Bacteroidetes;c__Bacteroidia;o__Bacteroidales;f__Porphyromonadaceae;g__Parabacteroides;s__Parabacteroides_distasonis	k__Bacteria;p__Bacteroidetes;c__Bacteroidia;o__Bacteroidales;f__Bacteroidaceae;g__Bacteroides;s__Bacteroides_thetaiotaomicron	k__Bacteria;p__Bacteroidetes;c__Bacteroidia;o__Bacteroidales;f__Bacteroidaceae;g__Bacteroides;s__Bacteroides_coprocola	k__Bacteria;p__Bacteroidetes;c__Bacteroidia;o__Bacteroidales;f__Bacteroidaceae;g__Bacteroides;s__Bacteroides_cellulosilyticus	k__Bacteria;p__Bacteroidetes;c__Bacteroidia;o__Bacteroidales;f__Rikenellaceae;g__Alistipes;s__Alistipes_obesi	k__Bacteria;p__Firmicutes;c__Clostridia;o__Clostridiales;f__Lachnospiraceae;g__;s__[Eubacterium]_rectale	k__Bacteria;p__Bacteroidetes;c__Bacteroidia;o__Bacteroidales;f__Bacteroidaceae;g__Bacteroides;s__Bacteroides_plebeius	k__Bacteria;p__Bacteroidetes;c__Bacteroidia;o__Bacteroidales;f__Bacteroidaceae;g__Bacteroides;s__Bacteroides_fragilis	k__Bacteria;p__Proteobacteria;c__Betaproteobacteria;o__Burkholderiales;f__Sutterellaceae;g__Sutterella;s__Sutterella_wadsworthensis	k__Bacteria;p__Bacteroidetes;c__Bacteroidia;o__Bacteroidales;f__Porphyromonadaceae;g__Barnesiella;s__Barnesiella_intestinihominis	k__Bacteria;p__Bacteroidetes;c__Bacteroidia;o__Bacteroidales;f__Odoribacteraceae;g__Odoribacter;s__Odoribacter_splanchnicus	k__Bacteria;p__Bacteroidetes;c__Bacteroidia;o__Bacteroidales;f__Bacteroidaceae;g__Bacteroides;s__Bacteroides_salyersiae	k__Bacteria;p__Firmicutes;c__Clostridia;o__Clostridiales;f__Ruminococcaceae;g__Ruminiclostridium;s__[Eubacterium]_siraeum	k__Bacteria;p__Proteobacteria;c__Betaproteobacteria;o__Burkholderiales;f__Sutterellaceae;g__Parasutterella;s__Parasutterella_excrementihominis	k__Bacteria;p__Actinobacteria;c__Actinobacteria;o__Bifidobacteriales;f__Bifidobacteriaceae;g__Bifidobacterium;s__Bifidobacterium_adolescentis	k__Bacteria;p__Firmicutes;c__Clostridia;o__Clostridiales;f__Oscillospiraceae;g__Oscillibacter;s__Oscillibacter_sp._KLE_1745	k__Bacteria;p__Bacteroidetes;c__Bacteroidia;o__Bacteroidales;f__Bacteroidaceae;g__Bacteroides;s__Bacteroides_coprophilus	k__Bacteria;p__Firmicutes;c__Clostridia;o__Clostridiales;f__Lachnospiraceae;g__Roseburia;s__Roseburia_intestinalis	k__Bacteria;p__Firmicutes;c__Clostridia;o__Clostridiales;f__Lachnospiraceae;g__Roseburia;s__Roseburia_hominis	k__Bacteria;p__Bacteroidetes;c__Bacteroidia;o__Bacteroidales;f__Porphyromonadaceae;g__Parabacteroides;s__Parabacteroides_johnsonii	k__Bacteria;p__Actinobacteria;c__Actinobacteria;o__Bifidobacteriales;f__Bifidobacteriaceae;g__Bifidobacterium;s__Bifidobacterium_longum	k__Bacteria;p__Firmicutes;c__Clostridia;o__Clostridiales;f__;g__Flavonifractor;s__Flavonifractor_plautii	k__Bacteria;p__Firmicutes;c__Clostridia;o__Clostridiales;f__Clostridiaceae;g__Clostridium;s__Clostridium_phoceensis	k__Bacteria;p__Verrucomicrobia;c__Verrucomicrobiae;o__Verrucomicrobiales;f__Akkermansiaceae;g__Akkermansia;s__Akkermansia_muciniphila	k__Bacteria;p__Bacteroidetes;c__Bacteroidia;o__Bacteroidales;f__Prevotellaceae;g__Paraprevotella;s__Paraprevotella_xylaniphila	k__Bacteria;p__Firmicutes;c__Clostridia;o__Clostridiales;f__Ruminococcaceae;g__Ruminococcus;s__Ruminococcus_callidus	k__Bacteria;p__Bacteroidetes;c__Bacteroidia;o__Bacteroidales;f__Rikenellaceae;g__Alistipes;s__Alistipes_senegalensis	k__Bacteria;p__Firmicutes;c__Clostridia;o__Clostridiales;f__Lachnospiraceae;g__Blautia;s__Blautia_sp._KLE_1732	k__Bacteria;p__Bacteroidetes;c__Bacteroidia;o__Bacteroidales;f__Bacteroidaceae;g__Bacteroides;s__Bacteroides_oleiciplenus	k__Bacteria;p__Firmicutes;c__Clostridia;o__Clostridiales;f__Ruminococcaceae;g__Ruminococcus;s__Ruminococcus_bicirculans	k__Bacteria;p__Bacteroidetes;c__Bacteroidia;o__Bacteroidales;f__Bacteroidaceae;g__Bacteroides;s__Bacteroides_fluxus	k__Bacteria;p__Bacteroidetes;c__Bacteroidia;o__Bacteroidales;f__Prevotellaceae;g__Prevotella;s__Prevotella_stercorea	k__Bacteria;p__Firmicutes;c__Clostridia;o__Clostridiales;f__Lachnospiraceae;g__Dorea;s__Dorea_longicatena	k__Bacteria;p__Firmicutes;c__Clostridia;o__Clostridiales;f__Eubacteriaceae;g__Eubacterium;s__[Eubacterium]_eligens	k__Bacteria;p__Firmicutes;c__Clostridia;o__Clostridiales;f__Ruminococcaceae;g__;s__Ruminococcaceae_bacterium_D16	k__Bacteria;p__Firmicutes;c__Clostridia;o__Clostridiales;f__Lachnospiraceae;g__Coprococcus;s__Coprococcus_comes	k__Bacteria;p__Proteobacteria;c__Gammaproteobacteria;o__Enterobacterales;f__Enterobacteriaceae;g__Escherichia;s__Escherichia_coli	k__Bacteria;p__Firmicutes;c__Clostridia;o__Clostridiales;f__Ruminococcaceae;g__Anaerotruncus;s__Anaerotruncus_colihominis	k__Bacteria;p__Firmicutes;c__Clostridia;o__Clostridiales;f__Lachnospiraceae;g__Blautia;s__Blautia_obeum	k__Bacteria;p__Bacteroidetes;c__Bacteroidia;o__Bacteroidales;f__Odoribacteraceae;g__Odoribacter;s__Odoribacter_laneus	k__Bacteria;p__Firmicutes;c__Clostridia;o__Clostridiales;f__Ruminococcaceae;g__Ruminiclostridium;s__[Clostridium]_leptum	k__Bacteria;p__Bacteroidetes;c__Bacteroidia;o__Bacteroidales;f__Porphyromonadaceae;g__Parabacteroides;s__Parabacteroides_goldsteinii	k__Bacteria;p__Firmicutes;c__Clostridia;o__Clostridiales;f__Lachnospiraceae;g__Anaerostipes;s__Anaerostipes_hadrus	k__Bacteria;p__Firmicutes;c__Clostridia;o__Clostridiales;f__Ruminococcaceae;g__Ruminococcus;s__Ruminococcus_lactaris	k__Bacteria;p__Firmicutes;c__Clostridia;o__Clostridiales;f__Clostridiaceae;g__Clostridium;s__Clostridium_sp._L2-50	k__Bacteria;p__Firmicutes;c__Clostridia;o__Clostridiales;f__Clostridiaceae;g__Clostridium;s__Clostridium_sp._M62/1	k__Bacteria;p__Firmicutes;c__Clostridia;o__Clostridiales;f__;g__Intestinimonas;s__Intestinimonas_butyriciproducens	k__Bacteria;p__Actinobacteria;c__Actinobacteria;o__Bifidobacteriales;f__Bifidobacteriaceae;g__Bifidobacterium;s__Bifidobacterium_bifidum	k__Bacteria;p__Firmicutes;c__Negativicutes;o__Veillonellales;f__Veillonellaceae;g__Dialister;s__Dialister_invisus	k__Bacteria;p__Bacteroidetes;c__Bacteroidia;o__Bacteroidales;f__Bacteroidaceae;g__Bacteroides;s__Bacteroides_salanitronis
k__Bacteria;p__Bacteroidetes;c__Bacteroidia;o__Bacteroidales;f__Bacteroidaceae;g__Bacteroides;s__Bacteroides_vulgatus	1.0	-0.036059714993	-0.0492853264124	-0.0169222412587	0.0862287387174	0.0309248822878	0.00531225792678	0.0120495233697	-0.0338221599883	0.0536895830222	0.0426474180982	0.037852683415	-0.0422779221214	-0.00274885760396	-0.0416897814274	-0.0354452383512	-0.00849775012164	0.0240067847071	-0.033653359123	-0.0104932863001	0.0436587244593	0.0024161979588	-0.00860555161645	0.0154548407934	0.0379425692044	-0.02253849011	0.00461268702443	-0.0697616089576	-0.0370345460199	-0.00570647326996	-0.00751667549413	-0.0208711831151	-0.00572049406322	-0.00040760385599	-0.00603147912521	-0.0223954006867	0.0150153555322	0.0189287278463	0.00816530054129	-0.0276611233683	-0.00707016473987	0.0172131366699	-0.0297959495777	-0.000871471630927	0.0176295813265	-0.026515483478	0.0118348698988	-0.0278180311464	0.0100963178027	-0.00444723178603	-0.0399598412299	-0.0426189581502	0.0355554331701	-0.018323308526	-0.00690889859788	-0.0203781867282	-0.0576551938632	-0.0457451256728	-0.0172664672658
k__Bacteria;p__Bacteroidetes;c__Bacteroidia;o__Bacteroidales;f__Bacteroidaceae;g__Bacteroides;s__Bacteroides_uniformis	-0.036059714993	1.0	0.00883110901925	-0.0344733913894	-0.0123320803672	-0.0668460911122	0.0215072805348	0.0123585580141	-0.0432219256223	-0.00390837419608	-0.0181405422985	-0.033606699254	0.0279087215499	0.0558385682815	-0.0288908516357	-0.027179378657	-0.054338655446	-0.058752256041	0.00425226048422	-0.0393807380993	0.0176409318983	-0.0190005311983	0.0871683655857	-0.00385433246868	0.0198270127432	-0.00103051943677	-0.0223158313015	-0.0212325687703	-0.0266215314398	-0.039521475158	0.00388082053334	0.0478751699571	0.0276852697458	0.0025242014155	-0.0982815391451	0.00318748273353	0.0176831125485	-0.0394341600912	-0.00731017236437	-0.085581304159	-0.0201523600758	-0.00295132675761	0.0267443428253	-0.0239019963325	0.00268133267104	-0.0393965788737	0.0123015733028	0.00483535208607	-0.0269551295417	0.0413114684402	0.0231932619742	-0.00413800813646	0.0378728460442	-0.0108397296478	-0.00608594376286	0.0326266631501	-0.0182172069612	-0.0193980077155	0.0384367551749
k__Bacteria;p__Bacteroidetes;c__Bacteroidia;o__Bacteroidales;f__Rikenellaceae;g__Alistipes;s__Alistipes_putredinis	-0.0492853264124	0.00883110901925	1.0	-0.02424576725	0.0102805653289	-0.0498891159511	0.0374116055929	0.0219369821541	-0.00501756645877	-0.0137709442098	0.00433765263765	-0.0316902073971	0.0390051824579	-0.0419864788461	-0.026588252538	0.0166837821339	-0.0539801738895	0.0112230947385	-0.0131905477065	-0.0419178909956	-0.0403898633549	0.0824483227701	-0.0354750856408	0.0625615695342	-0.023348191247	-0.00160447768987	-0.0504418833803	-0.024588719872	0.00248063723735	-0.0378804341093	-0.0785317296253	0.0147891059746	-0.0072419834015	-0.00204471884658	-0.0208719951597	-0.0818247647029	0.00252104571323	0.0358093031876	-0.0487285224559	0.0214530717018	-0.0101018396769	-0.0090188219524	0.022945999733	-0.00720511426926	-0.00840488051135	-0.0339247202154	-0.0381234720229	-0.0019276436219	-0.00109337626945	-0.0189755043872	0.00746574623344	-0.041104188734	0.00773114160287	0.0245971862155	-0.0018115113623	-0.000891622064773	-0.0104687186019	-0.00855270450196	0.0619970618752
k__Bacteria;p__Bacteroidetes;c__Bacteroidia;o__Bacteroidales;f__Prevotellaceae;g__Prevotella;s__Prevotella_copri	-0.0169222412587	-0.0344733913894	-0.02424576725	1.0	0.0158794406321	0.0182292409005	-0.033121300551	0.00108308316367	-0.0383532854043	0.015676409733	-0.0357216380422	-0.00211446293225	-0.0126154658821	-0.0391557705375	-0.0472229431149	0.0381134487475	-0.0548094356289	-0.0267372014665	-0.0667687591497	-0.0014165967241	-0.00922415733033	-0.022182472556	-0.0175621158234	-0.025659166596	-0.0338467903005	0.0364361070848	0.0319841524784	-0.0350147041968	0.0519505025416	0.0199376600345	0.0312105208661	-0.0253341531726	0.00737912098737	-0.0593509331742	-0.0204865411356	-0.0449840821149	-0.0105851218639	0.00932327405373	0.0184805735834	-0.0391563789648	-0.00706282253261	-0.0521557189237	0.00655548052555	-0.0100334398395	-0.0289898197157	-0.00786672794253	-0.0388976400323	-0.0201599932341	-0.0183054068818	0.0236937807795	-0.0157380352024	-0.031444943375	-0.00559088084299	-0.0215482314725	-0.0091087890904	0.0211045703405	0.0285729102238	-0.00860444194018	0.0368962147373
k__Bacteria;p__Bacteroidetes;c__Bacteroidia;o__Bacteroidales;f__Bacteroidaceae;g__Bacteroides;s__Bacteroides_stercoris	0.0862287387174	-0.0123320803672	0.0102805653289	0.0158794406321	1.0	-0.00426751466003	-0.0186773751464	-0.0315651586038	-0.00449415976459	-0.00578821711658	0.0317679890291	0.0792324839431	-0.0338080012662	0.0279951614332	-0.016279750746	0.00950509873577	-0.0218788656193	0.0335487315938	0.0345225391403	-0.0619608018021	-0.0486742271855	-0.0672969902962	-0.000685133211783	-0.0366082904153	-0.0103533639306	0.0699810307408	-0.0062112208086	-0.00694185488929	0.0557484803249	0.0136680467186	0.00360109555501	-0.026876282725	0.0159137340992	-0.0367347150092	-0.073618976312	-0.0558868340752	0.00301608564295	0.0165599182923	-0.0119815690278	-0.0502603754085	0.04230388224	-0.0105418473249	-0.0338220109371	0.0537485872833	-0.0289163090985	-0.0549216704978	-0.0245185908618	-0.0104991909714	0.0468378337075	-0.0203375534363	-0.0176130612088	-0.0231557210643	-0.0236959889669	-0.013724924759	-0.0250975111008	0.044538625499	-0.0431426218683	-0.0365267153638	0.0584817196458
k__Bacteria;p__Bacteroidetes;c__Bacteroidia;o__Bacteroidales;f__Bacteroidaceae;g__Bacteroides;s__Bacteroides_ovatus	0.0309248822878	-0.0668460911122	-0.0498891159511	0.0182292409005	-0.00426751466003	1.0	-0.0407140781179	-0.0260071365734	-0.006143331246	-0.00517587173445	-0.0188090155514	-0.0190175632439	0.0190280150882	-0.0249342492638	0.0160392278864	0.012798613793	0.0228741878146	0.0320315001268	-0.0243894909986	-0.0447207800378	0.00725738829397	-0.0232434021548	-0.0498848094618	0.0288207994466	0.0281061643846	-0.00820881733318	-0.0356526262235	0.0841281713787	0.0158495675748	0.0151437770018	0.0232795712667	-0.0319896162239	-0.014203355859	-0.0156947968054	0.0101425910171	0.0282436524537	0.00881712295514	0.0214326651616	-0.00414924428212	-0.00870498389807	-0.0317494655076	-0.00876901804387	-0.00922155757299	-0.0475466745532	-0.0710864385966	-0.062373648582	0.0175787387475	-0.0326892639666	0.00736895244519	0.0372198181004	-0.0151625185039	-0.00612366065924	-0.0339312587709	-0.0278498991146	-0.058310849901	-0.0183037233543	-0.0167715351957	0.035597601708	0.0286720197049
k__Bacteria;p__Bacteroidetes;c__Bacteroidia;o__Bacteroidales;f__Rikenellaceae;g__Alistipes;s__Alistipes_shahii	0.00531225792678	0.0215072805348	0.0374116055929	-0.033121300551	-0.0186773751464	-0.0407140781179	1.0	0.014876622735	0.0100893485598	-0.0890543851523	0.0475324513474	-0.0486956814062	-0.0175264802989	-0.113019737852	-0.0283196952712	-0.0126016083689	0.00612702133214	0.0763233159861	0.0664041824343	0.0169642909405	-0.0395540420689	-0.0460978667776	-0.0103276625644	-0.017553867182	0.0383850646693	0.0244634738774	0.0179744157793	-0.0760731416394	0.0550770056134	-0.0371832250087	0.0418719254897	-0.0331622001597	-0.0289342631453	-0.0323577454476	-0.0124245274423	0.0151211705859	-0.0169334244744	0.0186364839032	-0.0673163398209	-0.0210262460857	0.0340099388557	0.00720765777772	0.0107194857651	0.000891383394292	0.0168183244682	-0.0373253248523	-0.124483243542	0.0359721760342	-0.0289268803793	0.0125091726788	0.004817969726	-0.0818328521429	0.00858630471129	-0.0156118415356	0.0440690155917	-0.0398099788179	-0.00862820320087	0.0172894292155	-0.00673779863268
k__Bacteria;p__Firmicutes;c__Clostridia;o__Clostridiales;f__Ruminococcaceae;g__Faecalibacterium;s__Faecalibacterium_prausnitzii	0.0120495233697	0.0123585580141	0.0219369821541	0.00108308316367	-0.0315651586038	-0.0260071365734	0.014876622735	1.0	-0.00607345056471	0.0254488770709	0.0199539747323	0.00923694395511	-0.0482638160792	0.0329505948321	-0.0670403646398	0.012524235196	-0.00312613890101	-0.0233576548583	0.0447599945424	0.00184396409128	-0.00565937756975	0.00217542665462	-0.00276590721733	-0.0166903268985	-0.0111567714841	0.00984143384284	-0.0654610873199	0.00474608913778	-0.0376066961707	0.0510813403324	0.00327562149919	0.0286678037118	-0.0601219914446	0.0345985016702	0.0196178275502	0.00678770504104	-0.0247173505694	0.00357885701766	-0.0289899301335	0.0117821537493	0.0226886950293	-0.0187056476359	-0.0463115608159	-0.0409102524981	-0.00930790508119	-0.070973859618	-0.0326290861564	-0.055974956185	0.0133222689611	0.0268954667056	-0.00675611142457	-0.0456892447222	-0.00876870775705	-0.0882608689993	-0.0216695606739	0.0239131072249	-0.000485418728824	-0.0222528858786	0.0102925924615
k__Bacteria;p__Bacteroidetes;c__Bacteroidia;o__Bacteroidales;f__Rikenellaceae;g__Alistipes;s__Alistipes_finegoldii	-0.0338221599883	-0.0432219256223	-0.00501756645877	-0.0383532854043	-0.00449415976459	-0.006143331246	0.0100893485598	-0.00607345056471	1.0	-0.0573157512044	-0.0441663956416	0.0374055264781	0.0681157072185	-0.0148199929206	0.0289026849361	-0.0109086604412	0.0313104372581	0.0108502975495	-0.043403390244	-0.0186656951245	0.0250317456688	0.0528825264511	0.00652175905884	-0.0242653889668	-0.0134297462842	0.00866177450762	-0.118483908073	0.00708676015362	-0.0167592944603	-0.0599902859474	0.0115724290188	0.0201090310621	-0.0576372035158	-0.0257172606865	-0.0351609547442	-0.0189225194023	0.00621200721934	-0.0149580895401	0.0374658344437	-0.0514217536056	-0.00085761567105	0.00329948647215	-0.0216825876848	-0.00600530279243	0.0267466580094	0.0259264307044	-0.0322843121653	0.019430955165	-0.0517270613478	0.0242039734567	0.0531535412598	-0.0176255370508	0.0255780660349	-0.0198838228433	-0.0369287370908	0.0898310912479	-0.0168128669695	0.049220496639	-0.0947659141664
k__Bacteria;p__Bacteroidetes;c__Bacteroidia;o__Bacteroidales;f__Porphyromonadaceae;g__Parabacteroides;s__Parabacteroides_distasonis	0.0536895830222	-0.00390837419608	-0.0137709442098	0.015676409733	-0.00578821711658	-0.00517587173445	-0.0890543851523	0.0254488770709	-0.0573157512044	1.0	0.0168511297408	-0.00491097455586	0.0186067418512	-0.0440452871703	0.0212108427241	0.0436616946237	-0.00594735505127	-0.0340791513342	-0.0403716477465	0.00877895530868	-0.017097388759	-0.0274876357606	0.0184366009884	-0.0332994168728	0.0262102211272	-0.0412753093508	-0.0598901208891	-0.000674439406916	0.00884275393754	0.0453994992255	0.00172829186523	0.0180843726041	-0.0458419143688	-0.00691105047127	0.0472613002351	0.0278420932761	0.00633881040413	-0.00904936167735	-0.0296963823834	-0.0543545445244	0.00987873513582	0.0134236049595	-0.0602295178104	-0.00465369497151	0.0176677717224	0.00372808983919	0.00995738589377	0.0349907068312	0.0338708834113	-0.0300603182343	-0.0351185109486	0.0144883717744	-0.0708797223642	-0.08709449953	0.0642740351669	-0.0172604538676	-0.0151842622834	0.0204782359674	-0.00433636768664
k__Bacteria;p__Bacteroidetes;c__Bacteroidia;o__Bacteroidales;f__Bacteroidaceae;g__Bacteroides;s__Bacteroides_thetaiotaomicron	0.0426474180982	-0.0181405422985	0.00433765263765	-0.0357216380422	0.0317679890291	-0.0188090155514	0.0475324513474	0.0199539747323	-0.0441663956416	0.0168511297408	1.0	-0.0280813432084	0.0105810472475	-0.0294223053257	-0.0223035713547	-0.0143358168336	-0.0429654571209	0.000655484873962	-0.0678955019286	-0.00879372242134	0.00443823246071	-0.00419151520963	0.0684829133708	0.0313076063578	-0.00228225714707	0.0156871906071	-0.0480931126207	0.00377828910283	0.0343865503061	0.000257559195357	-0.0681138775172	-0.0526475900321	-0.0198586225018	-0.0414530742902	-0.0304255976465	0.024714200478	-0.0184847083363	0.0214249154751	-0.0355946607773	-0.0182753514628	0.0248717987851	-0.0130002854632	-0.0472171700436	0.0318157702242	0.00293386329048	0.0500265957433	0.0153155400066	0.00894540239668	0.0247101986316	-0.00559880914435	-0.0558439550372	-0.0171307842131	0.00292172509241	-0.0532425688606	-0.0166027400785	0.00291950685314	0.00888562331642	-0.0489958351326	0.0174911915334
k__Bacteria;p__Bacteroidetes;c__Bacteroidia;o__Bacteroidales;f__Bacteroidaceae;g__Bacteroides;s__Bacteroides_coprocola	0.037852683415	-0.033606699254	-0.0316902073971	-0.00211446293225	0.0792324839431	-0.0190175632439	-0.0486956814062	0.00923694395511	0.0374055264781	-0.00491097455586	-0.0280813432084	1.0	-0.057597311983	-0.015679522026	-0.00937530933256	0.0262907121569	0.0120979727014	-0.00747238290137	0.00437768453681	-0.00659030687311	-0.12535636508	-0.0109783911003	0.0156737278513	-0.0208897387232	-0.0721194043874	-0.0475013658505	0.0552233437987	0.00701194889612	-0.0168241896327	-0.0067757741866	0.00554090365602	-0.00965337640215	0.000370808279438	0.00655817361174	-0.0412461327363	-0.000669212299688	0.0245282249727	0.0546831154611	-0.000682662706749	0.0246850232682	0.0182528317731	0.00984407438184	-0.024054468439	0.0344012892193	-0.0152782844489	-0.0288134019256	0.0258884513419	-0.000586061784072	-0.0528484476187	-0.0727185554972	-0.025689408044	-0.0217069681389	0.0123522781416	-0.0316394330412	-0.0296251008842	0.00573648107169	-0.00561189064188	0.0036704972344	-0.0100030924442
k__Bacteria;p__Bacteroidetes;c__Bacteroidia;o__Bacteroidales;f__Bacteroidaceae;g__Bacteroides;s__Bacteroides_cellulosilyticus	-0.0422779221214	0.0279087215499	0.0390051824579	-0.0126154658821	-0.0338080012662	0.0190280150882	-0.0175264802989	-0.0482638160792	0.0681157072185	0.0186067418512	0.0105810472475	-0.057597311983	1.0	-0.0086356002928	-0.0297607652106	-0.0336770072872	-0.0148101555299	0.0147295000118	-0.0343056987548	-0.0426844053539	0.0346330122907	0.0366988867685	-0.035749816702	-0.00822164454175	0.0315654233306	-0.00503776630401	0.0012943009813	0.00744319351778	-0.0331720635282	0.0137375357966	-0.0562783543482	0.0132700229436	0.0303418515823	-0.0243078017515	-0.0233345071288	-0.00487527849898	-0.0845376736946	-0.0115074925567	0.0159022256156	0.0331777051915	-0.0698244060433	-0.0132905444186	0.00918756858435	-0.0377891055369	-0.00330452913448	0.0077121025884	0.0147918480327	-0.0150868701366	-0.0485386409276	0.00701002887107	0.026738970642	0.0183409940669	-0.000866019845161	0.0498628163166	-0.0627289963473	-0.0473887231811	0.01122250662	0.0312101800103	-0.0304964138424
k__Bacteria;p__Bacteroidetes;c__Bacteroidia;o__Bacteroidales;f__Rikenellaceae;g__Alistipes;s__Alistipes_obesi	-0.00274885760396	0.0558385682815	-0.0419864788461	-0.0391557705375	0.0279951614332	-0.0249342492638	-0.113019737852	0.0329505948321	-0.0148199929206	-0.0440452871703	-0.0294223053257	-0.015679522026	-0.0086356002928	1.0	0.0968438081471	-0.0156941639915	-0.0293351766475	0.0438525771594	-0.00299763252523	-0.044166344443	-0.00289234510519	0.0335344047516	0.00591118925263	-0.0486000263537	-0.011823697103	-0.0329516986897	-0.0643166971011	0.030680971349	0.0124694090547	-0.0528012025172	-0.0201237407333	-0.0564736398568	-0.0115070254727	-0.0358412061048	-0.0231194022011	-0.00878936798727	0.0333244405406	-0.0520664709956	-0.00458740939612	-0.0236889642381	0.0235350577891	-0.0159440634517	-0.0452441887698	-0.0248899737571	0.0302215891637	0.00550979341533	0.016074575324	-0.0597943617006	0.0394687107615	0.0583191733497	-0.0282303587478	0.0754181783161	-0.0169567446044	-0.0297393504304	-0.0163441241061	0.016468684815	0.00147464895114	0.00111192834057	-0.0197297027618
k__Bacteria;p__Firmicutes;c__Clostridia;o__Clostridiales;f__Lachnospiraceae;g__;s__[Eubacterium]_rectale	-0.0416897814274	-0.0288908516357	-0.026588252538	-0.0472229431149	-0.016279750746	0.0160392278864	-0.0283196952712	-0.0670403646398	0.0289026849361	0.0212108427241	-0.0223035713547	-0.00937530933256	-0.0297607652106	0.0968438081471	1.0	-0.031916727819	0.0159306691847	-1.5461316917e-07	-0.00314154851916	0.050598144624	0.0431970798163	0.00984874362684	0.0370107508588	-0.0348588400909	0.0343741464969	0.00520267737838	-0.0286492641785	0.0014585211532	-0.00481254251836	0.0233016749474	0.0114663225119	-0.0147036639931	-0.00219194082467	-0.0397129128141	-0.0442897952745	-0.04009176939	-0.000985246800522	-0.036023326256	-0.0258956179331	0.0552071200142	-0.0417408045167	0.0343345499222	0.0542339241116	-0.0499095445528	0.0105658034841	0.0281676575501	0.0251633199483	-0.0448425978465	0.0403799978014	-0.0540945344711	-0.00916375650139	-0.0242780449073	-0.0380069081485	0.0390102719413	0.00390729304736	-0.0358283095779	-0.0167267922997	-0.0156012337067	-0.018766338745
k__Bacteria;p__Bacteroidetes;c__Bacteroidia;o__Bacteroidales;f__Bacteroidaceae;g__Bacteroides;s__Bacteroides_plebeius	-0.0354452383512	-0.027179378657	0.0166837821339	0.0381134487475	0.00950509873577	0.012798613793	-0.0126016083689	0.012524235196	-0.0109086604412	0.0436616946237	-0.0143358168336	0.0262907121569	-0.0336770072872	-0.0156941639915	-0.031916727819	1.0	0.0283975999201	-0.0109404045002	-0.0519024477628	-0.093564632825	-0.0553405694574	-0.042277808969	-0.0265660474665	-0.0519460004157	-0.0249391848224	-0.0564941751215	0.000415791192065	0.00699152599576	0.0103628022259	0.0420260853298	-0.0769436745625	-0.011046073586	-0.00638316893223	0.0224997722627	0.01317961378	-0.00538751126031	-0.0141719170708	0.00934372645664	-0.039271176819	0.0153128610645	-0.0170601693735	0.0116327175352	-0.00957207604564	0.0121424758931	-0.0368422719275	-0.00923062416956	-0.0268038248588	0.0443603460933	0.0214073740018	0.0546022653305	-0.0128583093914	-0.0181634995124	-0.0589354238879	-0.0313306678463	-0.0148855308996	0.0265491677858	-0.04585265392	-0.0393267611626	0.054384000592
k__Bacteria;p__Bacteroidetes;c__Bacteroidia;o__Bacteroidales;f__Bacteroidaceae;g__Bacteroides;s__Bacteroides_fragilis	-0.00849775012164	-0.054338655446	-0.0539801738895	-0.0548094356289	-0.0218788656193	0.0228741878146	0.00612702133214	-0.00312613890101	0.0313104372581	-0.00594735505127	-0.0429654571209	0.0120979727014	-0.0148101555299	-0.0293351766475	0.0159306691847	0.0283975999201	1.0	-0.0472099207511	0.0229659202691	0.0873474566308	-0.06142292546	-0.027990738721	0.0168420628897	-0.0927078903132	-0.0419938294093	-0.0362683989556	0.0166065958152	-0.0289467901266	-0.0263635642573	-0.0464117197837	0.0335271676501	0.0215292849968	-0.0232099460166	-0.0106431573178	-0.0113563441528	0.00546829720364	-0.00765407885607	0.0345446496104	-0.0132409240241	0.0354228902846	-0.0531667830521	-0.0439078029969	0.0097883644303	0.0939060022778	-0.00264577286783	-0.00265667849277	0.0210830756264	-0.00992935620228	-0.00757439133631	-0.017265836262	0.0167968353487	0.0117957675536	-0.00746137004825	0.0099089053391	-0.0110979074219	-0.00325784568338	0.0459922408678	-0.0235318988981	-0.0320644916711
k__Bacteria;p__Proteobacteria;c__Betaproteobacteria;o__Burkholderiales;f__Sutterellaceae;g__Sutterella;s__Sutterella_wadsworthensis	0.0240067847071	-0.058752256041	0.0112230947385	-0.0267372014665	0.0335487315938	0.0320315001268	0.0763233159861	-0.0233576548583	0.0108502975495	-0.0340791513342	0.000655484873962	-0.00747238290137	0.0147295000118	0.0438525771594	-1.54613169229e-07	-0.0109404045002	-0.0472099207511	1.0	-0.0550903259568	-0.0235779772297	-0.0208083791278	-0.0174550512698	-0.0558344767601	0.010311374968	-0.0159134244116	0.0133206758159	-0.0229900914384	-0.00111839386179	-0.0106649021601	0.00552075043014	-0.0251420384396	-0.0551379235834	0.0149245494816	0.00620965133199	-0.0349352036879	0.0343509216651	0.00528388688103	-0.0470825827542	-0.0405722931213	-0.0156377557976	-0.00602538735896	-0.0543065081638	0.0480862317628	0.0278410990969	-0.00492251906975	-0.0603790530523	0.0434813008071	-0.0757130667801	-0.0121122042459	-0.0866317177249	0.0203765788415	-0.00131976671236	0.00658921537599	-0.0247925186381	-0.0257443136213	-0.0238953234742	0.0115710944905	0.0698254813172	-0.0685255638345
k__Bacteria;p__Bacteroidetes;c__Bacteroidia;o__Bacteroidales;f__Porphyromonadaceae;g__Barnesiella;s__Barnesiella_intestinihominis	-0.033653359123	0.00425226048422	-0.0131905477065	-0.0667687591497	0.0345225391403	-0.0243894909986	0.0664041824343	0.0447599945424	-0.043403390244	-0.0403716477465	-0.0678955019286	0.00437768453681	-0.0343056987548	-0.00299763252523	-0.00314154851916	-0.0519024477628	0.0229659202691	-0.0550903259568	1.0	-0.0753269880583	-0.00207969994392	-0.0229845818264	0.0284154195846	-0.053967417323	0.00685434259023	-0.00468161949021	-0.0349266901884	0.004996528348	-0.0195993086967	0.00346721985096	0.0590083147339	0.0200730974898	-0.0129626258367	0.00912238893451	-0.0347715039803	-0.0206257563396	-0.0383543594267	0.029370816265	-0.027263195619	0.0182733727536	-0.0317740122617	0.00789767693839	0.00976224909291	0.00244294003458	0.0115701678584	-0.0148280457928	-0.0309060831293	0.0368880125245	0.0489193456437	0.0374432661617	0.0248797951761	0.0284186565433	0.022298902817	0.0218689531477	0.00556024769964	-0.01002614876	0.0126156825186	0.0154189602966	0.00131527898843
k__Bacteria;p__Bacteroidetes;c__Bacteroidia;o__Bacteroidales;f__Odoribacteraceae;g__Odoribacter;s__Odoribacter_splanchnicus	-0.0104932863001	-0.0393807380993	-0.0419178909956	-0.0014165967241	-0.0619608018021	-0.0447207800378	0.0169642909405	0.00184396409128	-0.0186656951245	0.00877895530868	-0.00879372242134	-0.00659030687311	-0.0426844053539	-0.044166344443	0.050598144624	-0.093564632825	0.0873474566308	-0.0235779772297	-0.0753269880583	1.0	0.0105391153138	0.000878098930148	0.026819693419	0.0179303837201	-0.0357669527034	0.0017216050037	0.0074273849902	0.0214911156539	-0.0406905179882	-0.0331634819063	-0.0117851985107	-0.0407760692123	0.0195076035972	0.00852443071078	0.0129101357983	0.0296127551446	0.0149683684518	0.00310681338897	-0.0265138725796	-0.025043402584	-0.0278937888591	0.0188933244818	0.0750904814496	0.084288789415	-0.0475121238902	0.00844763463835	0.0335275319053	-0.0217171650614	-0.0121785979209	0.00619879502828	-0.00247239961526	-0.0351937629181	-0.0449812848544	0.0403332217888	-0.026225437237	-0.0423336137303	-0.038105205261	-0.00851559758412	-0.00621877638715
k__Bacteria;p__Bacteroidetes;c__Bacteroidia;o__Bacteroidales;f__Bacteroidaceae;g__Bacteroides;s__Bacteroides_salyersiae	0.0436587244593	0.0176409318983	-0.0403898633549	-0.00922415733033	-0.0486742271855	0.00725738829397	-0.0395540420689	-0.00565937756975	0.0250317456688	-0.017097388759	0.00443823246071	-0.12535636508	0.0346330122907	-0.00289234510519	0.0431970798163	-0.0553405694574	-0.06142292546	-0.0208083791278	-0.00207969994392	0.0105391153138	1.0	-0.03266213794	-0.0277889373478	-0.0379454142821	-0.0325378888625	0.0354359663248	-0.0170146775205	-0.0244108504801	-0.0169299705643	0.0573926212123	0.0436406663694	0.027733719938	-0.00071219045794	0.00568761981444	0.0215887860476	-0.0638469511845	-0.0158753787743	-0.0603116791171	-0.0520335038687	-0.0167791089837	-0.0192723651595	-0.0184746729506	-0.0112865221291	-0.00974652689583	-0.00546562242512	0.0167269398801	0.0135668026722	-0.0203760233228	-0.0320370564329	0.0523954962144	-0.0314110083266	-0.0297852372568	0.0194420427358	0.0091640295537	-0.052407975225	0.0897838035164	0.0561584094829	0.00634125790594	0.0224069257842
k__Bacteria;p__Firmicutes;c__Clostridia;o__Clostridiales;f__Ruminococcaceae;g__Ruminiclostridium;s__[Eubacterium]_siraeum	0.0024161979588	-0.0190005311983	0.0824483227701	-0.022182472556	-0.0672969902962	-0.0232434021548	-0.0460978667776	0.00217542665462	0.0528825264511	-0.0274876357606	-0.00419151520963	-0.0109783911003	0.0366988867685	0.0335344047516	0.00984874362684	-0.042277808969	-0.027990738721	-0.0174550512698	-0.0229845818264	0.000878098930148	-0.03266213794	1.0	0.0293078137623	0.00939969925014	-0.0385392937341	-0.0204575344608	-0.0147545570696	-0.0649086189608	0.0320149931751	-0.0288053488069	-0.0161274375263	-0.0193592758415	0.00785715802362	-0.00780899512249	0.00468133272018	0.0228316443692	0.0277846209657	0.0145883575906	-0.0103747022838	-0.0117007207437	0.0114845679774	0.0439025720874	0.048175375022	-0.0548527848498	0.00575008321903	0.0105483487109	-0.0248660554252	-0.0438298449982	0.0301934487112	0.0138840292572	-0.000463989462761	-0.0216578464988	0.0101680061063	-0.0356647914329	-0.00853671088925	-0.0192266297768	0.0423947890491	-0.0418840668951	-0.00881598440602
k__Bacteria;p__Proteobacteria;c__Betaproteobacteria;o__Burkholderiales;f__Sutterellaceae;g__Parasutterella;s__Parasutterella_excrementihominis	-0.00860555161645	0.0871683655857	-0.0354750856408	-0.0175621158234	-0.000685133211783	-0.0498848094618	-0.0103276625644	-0.00276590721733	0.00652175905884	0.0184366009884	0.0684829133708	0.0156737278513	-0.035749816702	0.00591118925263	0.0370107508588	-0.0265660474665	0.0168420628897	-0.0558344767601	0.0284154195846	0.026819693419	-0.0277889373478	0.0293078137623	1.0	0.0282613325167	-0.061385779982	0.00564225104559	0.0311669142057	-0.00885084761199	0.00327011115934	0.0282891412077	-0.0201841425986	0.0423836525094	-0.00829449359425	0.00998356228173	-0.0278275595138	-0.0466695025177	0.0324598451993	-0.0573642478272	-0.0317005356049	0.0276050700735	0.0319106350994	-0.00928784039008	0.00831500258733	-0.040852414122	-0.0193299016879	-0.0100140103809	-0.0357920627753	-0.0661511162075	-0.0395086927487	-0.0321855753764	-0.0542693944778	-0.0388182697732	0.0077663692187	-0.0411855155635	-0.00105393127643	-0.0943379470137	0.021610675261	0.00976971792482	0.0137971262204
k__Bacteria;p__Actinobacteria;c__Actinobacteria;o__Bifidobacteriales;f__Bifidobacteriaceae;g__Bifidobacterium;s__Bifidobacterium_adolescentis	0.0154548407934	-0.00385433246868	0.0625615695342	-0.025659166596	-0.0366082904153	0.0288207994466	-0.017553867182	-0.0166903268985	-0.0242653889668	-0.0332994168728	0.0313076063578	-0.0208897387232	-0.00822164454175	-0.0486000263537	-0.0348588400909	-0.0519460004157	-0.0927078903132	0.010311374968	-0.053967417323	0.0179303837201	-0.0379454142821	0.00939969925014	0.0282613325167	1.0	-0.0224453942674	0.0608625996335	-0.0289743123097	0.00422784891413	-0.0353773503748	-0.0639124138557	-0.0102814974075	-0.0341764690436	0.00796413290814	0.0689521613387	0.0347237362878	0.0225322212812	-0.0314212026586	0.00654519043395	0.0114029132652	-0.0538892459121	0.0429112030362	-0.00313636844622	-0.0416289088714	-0.00392478663257	0.0135139745866	-0.0066687776822	0.0390985049239	-0.0164817501688	0.0237961680998	0.0247520379723	0.0422582722819	0.0295902625036	-0.0230319838423	-0.0245102642849	0.017363023351	-0.0214088104512	0.0332024740459	-0.0476041639885	0.0196054668385
k__Bacteria;p__Firmicutes;c__Clostridia;o__Clostridiales;f__Oscillospiraceae;g__Oscillibacter;s__Oscillibacter_sp._KLE_1745	0.0379425692044	0.0198270127432	-0.023348191247	-0.0338467903005	-0.0103533639306	0.0281061643846	0.0383850646693	-0.0111567714841	-0.0134297462842	0.0262102211272	-0.00228225714707	-0.0721194043874	0.0315654233306	-0.011823697103	0.0343741464969	-0.0249391848224	-0.0419938294093	-0.0159134244116	0.00685434259023	-0.0357669527034	-0.0325378888625	-0.0385392937341	-0.061385779982	-0.0224453942674	1.0	-0.0814255767621	0.039884979164	-0.0171956993897	0.0337701825613	-0.0523204167339	-0.0184692321846	0.0400464312525	-0.00950847467163	0.000666884137112	0.0541106956126	0.0316906933702	0.00600495250069	0.00776834605138	0.0328012006855	-0.00920848946706	-0.0268868345061	0.0058711679942	-0.0277203461116	-0.0554277928072	-0.0327202718414	-0.00571792083275	0.0557565173872	-0.0195082703933	0.0208725931264	-0.0359815257638	-0.0128621414381	-0.0697336538998	-0.00382593396822	-0.0110359879195	0.00570755259379	-0.0182010913828	-0.0224206980993	-0.0234398767137	-0.0192830030843
k__Bacteria;p__Bacteroidetes;c__Bacteroidia;o__Bacteroidales;f__Bacteroidaceae;g__Bacteroides;s__Bacteroides_coprophilus	-0.02253849011	-0.00103051943677	-0.00160447768987	0.0364361070848	0.0699810307408	-0.00820881733318	0.0244634738774	0.00984143384284	0.00866177450762	-0.0412753093508	0.0156871906071	-0.0475013658505	-0.00503776630401	-0.0329516986897	0.00520267737838	-0.0564941751215	-0.0362683989556	0.0133206758159	-0.00468161949021	0.0017216050037	0.0354359663248	-0.0204575344608	0.00564225104559	0.0608625996335	-0.0814255767621	1.0	0.0536267048093	0.026204751913	-0.0103830809593	0.0140038027798	-0.0356336977221	-0.0237406362239	-0.047154455249	0.000295540106329	-0.0198014432403	0.022412060041	0.00693012937767	-0.102194982811	-0.0204962646477	0.0365534758855	0.0126434128512	-0.0488607877853	-0.0887702167141	-0.0111024876988	0.0319438584566	-0.0361810406972	-0.0340085767114	-0.000267457891177	0.0185202678143	0.00302554840015	0.00764325562617	0.0193317413163	-0.000463413207565	-0.0235774599035	-0.0576309753048	0.00647108691259	-0.0199580138873	-0.0489783268193	0.0136070867148
k__Bacteria;p__Firmicutes;c__Clostridia;o__Clostridiales;f__Lachnospiraceae;g__Roseburia;s__Roseburia_intestinalis	0.00461268702443	-0.0223158313015	-0.0504418833803	0.0319841524784	-0.0062112208086	-0.0356526262235	0.0179744157793	-0.0654610873199	-0.118483908073	-0.0598901208891	-0.0480931126207	0.0552233437987	0.0012943009813	-0.0643166971011	-0.0286492641785	0.000415791192065	0.0166065958152	-0.0229900914384	-0.0349266901884	0.0074273849902	-0.0170146775205	-0.0147545570696	0.0311669142057	-0.0289743123097	0.039884979164	0.0536267048093	1.0	-0.0304901536081	0.0010979658214	-0.0356224580781	0.0202019177517	-0.0387276150145	0.0049963906342	0.0125795542551	0.0166581646473	-0.00310013452945	0.0169205696608	-0.0128391580846	0.0138428401014	-0.0131225163013	0.00300537364429	0.0804097696112	0.033519709161	0.0255873115051	-0.0273691832264	-0.0423468892935	-0.00483221504568	0.00124908333333	0.0300452271021	-0.0123964896444	-0.00929761384725	0.0139521791964	0.00533847570611	0.017523113424	-0.00468996190604	-0.0407505268408	0.0317585857532	-0.0222238634105	0.0218225566958
k__Bacteria;p__Firmicutes;c__Clostridia;o__Clostridiales;f__Lachnospiraceae;g__Roseburia;s__Roseburia_hominis	-0.0697616089576	-0.0212325687703	-0.024588719872	-0.0350147041968	-0.00694185488929	0.0841281713787	-0.0760731416394	0.00474608913778	0.00708676015362	-0.000674439406916	0.00377828910283	0.00701194889612	0.00744319351778	0.030680971349	0.0014585211532	0.00699152599576	-0.0289467901266	-0.00111839386179	0.004996528348	0.0214911156539	-0.0244108504801	-0.0649086189608	-0.00885084761199	0.00422784891413	-0.0171956993897	0.026204751913	-0.0304901536081	1.0	0.00357568314811	0.0490660574353	0.025388197167	-0.0328730036599	-0.0328454780199	0.0135678797633	0.000910153064815	0.00578554840857	0.0423183956634	-0.0468531463324	-0.0153897533544	0.0323202551369	-0.0611213208051	0.0140185538543	-0.014961959143	-0.00585141612939	0.0393934746726	-0.0305689157199	-0.00972511130319	0.0197983481616	0.00937839364915	-0.00987373335231	0.0176000950234	-4.41904423252e-05	-0.0711969600573	-0.0393501571989	0.00795410109066	-0.0471590172868	0.009976009262	-0.034976187104	0.0117177362357
k__Bacteria;p__Bacteroidetes;c__Bacteroidia;o__Bacteroidales;f__Porphyromonadaceae;g__Parabacteroides;s__Parabacteroides_johnsonii	-0.0370345460199	-0.0266215314398	0.00248063723735	0.0519505025416	0.0557484803249	0.0158495675748	0.0550770056134	-0.0376066961707	-0.0167592944603	0.00884275393754	0.0343865503061	-0.0168241896327	-0.0331720635282	0.0124694090547	-0.00481254251836	0.0103628022259	-0.0263635642573	-0.0106649021601	-0.0195993086967	-0.0406905179882	-0.0169299705643	0.0320149931751	0.00327011115934	-0.0353773503748	0.0337701825613	-0.0103830809593	0.0010979658214	0.00357568314811	1.0	0.0114130151568	0.0139448794032	-0.0128305256905	-0.0898178947447	0.0116443872933	0.0385199412105	-0.0372776560692	0.0266982217489	0.0450324781326	0.0219793319851	0.0620359410603	0.0395794789642	-0.014854854473	0.0363778643612	-0.0366832797221	-0.0954391377607	0.0154036054923	0.0189552185073	0.0126846970985	0.00707520432033	-0.00436114300565	-0.0337281676946	-0.073481726746	-0.0720762268689	0.00700846836016	0.0531026284732	0.00552214273792	0.000144685921834	-0.0423504991615	0.000422717259663
k__Bacteria;p__Actinobacteria;c__Actinobacteria;o__Bifidobacteriales;f__Bifidobacteriaceae;g__Bifidobacterium;s__Bifidobacterium_longum	-0.00570647326996	-0.039521475158	-0.0378804341093	0.0199376600345	0.0136680467186	0.0151437770018	-0.0371832250087	0.0510813403324	-0.0599902859474	0.0453994992255	0.000257559195357	-0.0067757741866	0.0137375357966	-0.0528012025172	0.0233016749474	0.0420260853298	-0.0464117197837	0.00552075043014	0.00346721985096	-0.0331634819063	0.0573926212123	-0.0288053488069	0.0282891412077	-0.0639124138557	-0.0523204167339	0.0140038027798	-0.0356224580781	0.0490660574353	0.0114130151568	1.0	-0.0224214692735	-0.0265351510847	-0.029231196471	0.0199025558065	-0.0750125265936	-0.00655997372047	0.00682074723167	0.0331467772418	-0.0114219069603	0.0185468598357	-0.0307738691781	0.106744042034	0.00946788238746	-0.0293354896848	0.00812410225488	-0.0436212373836	0.0290692878831	-0.0415457698069	-0.0337339377671	-0.0458113213742	-0.0161242436956	0.00279106700485	-0.0417763164437	-0.0100385857616	-0.0157780389788	-0.0833705647822	-0.0214685859366	-0.0279365350067	0.031075632774
