#taxonomy	k__Bacteria;p__Bacteroidetes;c__Bacteroidia;o__Bacteroidales;f__Bacteroidaceae;g__Bacteroides;s__Bacteroides_vulgatus	k__Bacteria;p__Bacteroidetes;c__Bacteroidia;o__Bacteroidales;f__Bacteroidaceae;g__Bacteroides;s__Bacteroides_uniformis	k__Bacteria;p__Bacteroidetes;c__Bacteroidia;o__Bacteroidales;f__Rikenellaceae;g__Alistipes;s__Alistipes_putredinis	k__Bacteria;p__Bacteroidetes;c__Bacteroidia;o__Bacteroidales;f__Prevotellaceae;g__Prevotella;s__Prevotella_copri	k__Bacteria;p__Bacteroidetes;c__Bacteroidia;o__Bacteroidales;f__Bacteroidaceae;g__Bacteroides;s__Bacteroides_stercoris	k__Bacteria;p__Bacteroidetes;c__Bacteroidia;o__Bacteroidales;f__Bacteroidaceae;g__Bacteroides;s__Bacteroides_ovatus	k__Bacteria;p__Bacteroidetes;c__Bacteroidia;o__Bacteroidales;f__Rikenellaceae;g__Alistipes;s__Alistipes_shahii	k__Bacteria;p__Firmicutes;c__Clostridia;o__Clostridiales;f__Ruminococcaceae;g__Faecalibacterium;s__Faecalibacterium_prausnitzii	k__Bacteria;p__Bacteroidetes;c__Bacteroidia;o__Bacteroidales;f__Rikenellaceae;g__Alistipes;s__Alistipes_finegoldii	k__Bacteria;p__Bacteroidetes;c__Bacteroidia;o__Bacteroidales;f__Porphyromonadaceae;g__Parabacteroides;s__Parabacteroides_distasonis	k__Bacteria;p__Bacteroidetes;c__Bacteroidia;o__Bacteroidales;f__Bacteroidaceae;g__Bacteroides;s__Bacteroides_thetaiotaomicron	k__Bacteria;p__Bacteroidetes;c__Bacteroidia;o__Bacteroidales;f__Bacteroidaceae;g__Bacteroides;s__Bacteroides_coprocola	k__Bacteria;p__Bacteroidetes;c__Bacteroidia;o__Bacteroidales;f__Bacteroidaceae;g__Bacteroides;s__Bacteroides_cellulosilyticus	k__Bacteria;p__Bacteroidetes;c__Bacteroidia;o__Bacteroidales;f__Rikenellaceae;g__Alistipes;s__Alistipes_obesi	k__Bacteria;p__Firmicutes;c__Clostridia;o__Clostridiales;f__Lachnospiraceae;g__;s__[Eubacterium]_rectale	k__Bacteria;p__Bacteroidetes;c__Bacteroidia;o__Bacteroidales;f__Bacteroidaceae;g__Bacteroides;s__Bacteroides_plebeius	k__Bacteria;p__Bacteroidetes;c__Bacteroidia;o__Bacteroidales;f__Bacteroidaceae;g__Bacteroides;s__Bacteroides_fragilis	k__Bacteria;p__Proteobacteria;c__Betaproteobacteria;o__Burkholderiales;f__Sutterellaceae;g__Sutterella;s__Sutterella_wadsworthensis	k__Bacteria;p__Bacteroidetes;c__Bacteroidia;o__Bacteroidales;f__Porphyromonadaceae;g__Barnesiella;s__Barnesiella_intestinihominis	k__Bacteria;p__Bacteroidetes;c__Bacteroidia;o__Bacteroidales;f__Odoribacteraceae;g__Odoribacter;s__Odoribacter_splanchnicus	k__Bacteria;p__Bacteroidetes;c__Bacteroidia;o__Bacteroidales;f__Bacteroidaceae;g__Bacteroides;s__Bacteroides_salyersiae	k__Bacteria;p__Firmicutes;c__Clostridia;o__Clostridiales;f__Ruminococcaceae;g__Ruminiclostridium;s__[Eubacterium]_siraeum	k__Bacteria;p__Proteobacteria;c__Betaproteobacteria;o__Burkholderiales;f__Sutterellaceae;g__Parasutterella;s__Parasutterella_excrementihominis	k__Bacteria;p__Actinobacteria;c__Actinobacteria;o__Bifidobacteriales;f__Bifidobacteriaceae;g__Bifidobacterium;s__Bifidobacterium_adolescentis	k__Bacteria;p__Firmicutes;c__Clostridia;o__Clostridiales;f__Oscillospiraceae;g__Oscillibacter;s__Oscillibacter_sp._KLE_1745	k__Bacteria;p__Bacteroidetes;c__Bacteroidia;o__Bacteroidales;f__Bacteroidaceae;g__Bacteroides;s__Bacteroides_coprophilus	k__Bacteria;p__Firmicutes;c__Clostridia;o__Clostridiales;f__Lachnospiraceae;g__Roseburia;s__Roseburia_intestinalis	k__Bacteria;p__Firmicutes;c__Clostridia;o__Clostridiales;f__Lachnospiraceae;g__Roseburia;s__Roseburia_hominis	k__Bacteria;p__Bacteroidetes;c__Bacteroidia;o__Bacteroidales;f__Porphyromonadaceae;g__Parabacteroides;s__Parabacteroides_johnsonii	k__Bacteria;p__Actinobacteria;c__Actinobacteria;o__Bifidobacteriales;f__Bifidobacteriaceae;g__Bifidobacterium;s__Bifidobacterium_longum	k__Bacteria;p__Firmicutes;c__Clostridia;o__Clostridiales;f__;g__Flavonifractor;s__Flavonifractor_plautii	k__Bacteria;p__Firmicutes;c__Clostridia;o__Clostridiales;f__Clostridiaceae;g__Clostridium;s__Clostridium_phoceensis	k__Bacteria;p__Verrucomicrobia;c__Verrucomicrobiae;o__Verrucomicrobiales;f__Akkermansiaceae;g__Akkermansia;s__Akkermansia_muciniphila	k__Bacteria;p__Bacteroidetes;c__Bacteroidia;o__Bacteroidales;f__Prevotellaceae;g__Paraprevotella;s__Paraprevotella_xylaniphila	k__Bacteria;p__Firmicutes;c__Clostridia;o__Clostridiales;f__Ruminococcaceae;g__Ruminococcus;s__Ruminococcus_callidus	k__Bacteria;p__Bacteroidetes;c__Bacteroidia;o__Bacteroidales;f__Rikenellaceae;g__Alistipes;s__Alistipes_senegalensis	k__Bacteria;p__Firmicutes;c__Clostridia;o__Clostridiales;f__Lachnospiraceae;g__Blautia;s__Blautia_sp._KLE_1732	k__Bacteria;p__Bacteroidetes;c__Bacteroidia;o__Bacteroidales;f__Bacteroidaceae;g__Bacteroides;s__Bacteroides_oleiciplenus	k__Bacteria;p__Firmicutes;c__Clostridia;o__Clostridiales;f__Ruminococcaceae;g__Ruminococcus;s__Ruminococcus_bicirculans	k__Bacteria;p__Bacteroidetes;c__Bacteroidia;o__Bacteroidales;f__Bacteroidaceae;g__Bacteroides;s__Bacteroides_fluxus	k__Bacteria;p__Bacteroidetes;c__Bacteroidia;o__Bacteroidales;f__Prevotellaceae;g__Prevotella;s__Prevotella_stercorea	k__Bacteria;p__Firmicutes;c__Clostridia;o__Clostridiales;f__Lachnospiraceae;g__Dorea;s__Dorea_longicatena	k__Bacteria;p__Firmicutes;c__Clostridia;o__Clostridiales;f__Eubacteriaceae;g__Eubacterium;s__[Eubacterium]_eligens	k__Bacteria;p__Firmicutes;c__Clostridia;o__Clostridiales;f__Ruminococcaceae;g__;s__Ruminococcaceae_bacterium_D16	k__Bacteria;p__Firmicutes;c__Clostridia;o__Clostridiales;f__Lachnospiraceae;g__Coprococcus;s__Coprococcus_comes	k__Bacteria;p__Proteobacteria;c__Gammaproteobacteria;o__Enterobacterales;f__Enterobacteriaceae;g__Escherichia;s__Escherichia_coli	k__Bacteria;p__Firmicutes;c__Clostridia;o__Clostridiales;f__Ruminococcaceae;g__Anaerotruncus;s__Anaerotruncus_colihominis	k__Bacteria;p__Firmicutes;c__Clostridia;o__Clostridiales;f__Lachnospiraceae;g__Blautia;s__Blautia_obeum	k__Bacteria;p__Bacteroidetes;c__Bacteroidia;o__Bacteroidales;f__Odoribacteraceae;g__Odoribacter;s__Odoribacter_laneus	k__Bacteria;p__Firmicutes;c__Clostridia;o__Clostridiales;f__Ruminococcaceae;g__Ruminiclostridium;s__[Clostridium]_leptum	k__Bacteria;p__Bacteroidetes;c__Bacteroidia;o__Bacteroidales;f__Porphyromonadaceae;g__Parabacteroides;s__Parabacteroides_goldsteinii	k__Bacteria;p__Firmicutes;c__Clostridia;o__Clostridiales;f__Lachnospiraceae;g__Anaerostipes;s__Anaerostipes_hadrus	k__Bacteria;p__Firmicutes;c__Clostridia;o__Clostridiales;f__Ruminococcaceae;g__Ruminococcus;s__Ruminococcus_lactaris	k__Bacteria;p__Firmicutes;c__Clostridia;o__Clostridiales;f__Clostridiaceae;g__Clostridium;s__Clostridium_sp._L2-50	k__Bacteria;p__Firmicutes;c__Clostridia;o__Clostridiales;f__Clostridiaceae;g__Clostridium;s__Clostridium_sp._M62/1	k__Bacteria;p__Firmicutes;c__Clostridia;o__Clostridiales;f__;g__Intestinimonas;s__Intestinimonas_butyriciproducens	k__Bacteria;p__Actinobacteria;c__Actinobacteria;o__Bifidobacteriales;f__Bifidobacteriaceae;g__Bifidobacterium;s__Bifidobacterium_bifidum	k__Bacteria;p__Firmicutes;c__Negativicutes;o__Veillonellales;f__Veillonellaceae;g__Dialister;s__Dialister_invisus	k__Bacteria;p__Bacteroidetes;c__Bacteroidia;o__Bacteroidales;f__Bacteroidaceae;g__Bacteroides;s__Bacteroides_salanitronis
k__Bacteria;p__Bacteroidetes;c__Bacteroidia;o__Bacteroidales;f__Bacteroidaceae;g__Bacteroides;s__Bacteroides_vulgatus	1.0	-0.0196715216564	-0.0960151865922	-0.00784268813193	-0.0611014436501	0.0308853313292	0.0322798963969	0.0433589196045	-0.0673059472451	0.036084850376	-0.00620016099666	-0.0688987624314	0.0249181109876	0.0379808288727	-0.0516048688965	0.02867579883	-0.0519889431115	-0.0077381853391	0.00951939950699	-0.0471271479615	0.00237335832969	0.0247067873035	0.0134163526598	-0.00532495782384	0.00538535706718	-0.00271594231194	0.0610194156882	0.0274478780624	-0.0232431154807	0.00190899792127	0.0596684236611	-0.00722921347015	-0.0379219626853	-0.0147259719209	-0.00891495546171	-0.0391085053003	0.00170142977176	0.0577251461665	0.0152139883213	0.0214363382965	-0.0471521737498	-0.0178321766696	0.0185926793048	-0.0396385194168	0.0216350890406	0.0325499798195	-0.0398266699964	-0.0164368838841	-0.0457288717893	-0.035616886977	-0.0510817693492	0.0129378132952	0.0281619165339	0.00664883377508	0.0138929474004	0.0266746661376	0.0268825366274	-0.0475518149688	-0.0176757589153
k__Bacteria;p__Bacteroidetes;c__Bacteroidia;o__Bacteroidales;f__Bacteroidaceae;g__Bacteroides;s__Bacteroides_uniformis	-0.0196715216564	1.0	0.0337785331775	0.0104542065525	-0.0115482034511	-0.027286955369	-0.0701299804761	0.00171712679558	-0.0226945347258	-0.0212303324648	0.00463891764612	0.0435233971861	-0.0192990800023	-0.000981305949275	-0.0260459862466	0.0513465956934	0.00211761382829	0.0018661307221	-0.0226875514812	-0.0532490688246	0.000344735253495	0.0345818265899	0.0447436145669	-0.0333731676864	0.0688668125564	-0.0292687991786	0.013778777656	-0.0621646739194	0.0211302676367	0.0167569993337	-0.0621944255462	-0.0181153046324	0.00565350741694	-0.0245961909325	-0.0152328556205	0.0202757905586	-0.0406397705995	-0.0268856336633	0.00771248855408	-0.0416700412267	-0.0102500664862	0.004597663068	0.0127736021925	-0.00308962234918	0.030917139531	-0.0338346630586	0.024241692346	-0.0613039676447	-0.0330705053813	-0.0277433326134	0.0141841581167	0.015451476522	-0.00691373660687	-0.0246057336382	-0.0322320833491	0.0283093028524	0.0228896041482	0.044036602261	0.00138334990355
k__Bacteria;p__Bacteroidetes;c__Bacteroidia;o__Bacteroidales;f__Rikenellaceae;g__Alistipes;s__Alistipes_putredinis	-0.0960151865922	0.0337785331775	1.0	0.00198414670082	0.0316394500246	-0.0702325638027	-0.00815976890722	-0.00391808186149	0.010357840452	-0.00898122506561	2.68148773775e-05	-0.0151978791632	0.0291939891861	-0.00135763381282	0.0170175679487	-0.0112976558661	-0.0630728569356	-0.00145332194959	0.00617719661206	-0.0801340889654	0.0521207810962	0.00720091959864	-0.0115653151323	0.0412255656874	0.00507356163158	-0.0102723633978	0.0272192653164	0.00854649512444	-0.0241110572702	-0.0611776358559	-0.109308422534	-0.00517850015671	-0.0171753687041	0.0514124827869	0.021230653013	-0.0278385873941	0.0388031876786	0.0428028008679	4.92042930459e-05	0.0262107421779	0.0324894731889	0.0141533106342	0.0112846315819	-0.0249421568154	0.0683241283629	-0.088524019199	0.0183119532425	0.0258204523353	0.0174910914198	-0.00189728215824	0.0115102447388	-0.0273952991699	0.0629028839968	0.0216786050501	0.0391938741779	-0.0280638305066	-0.0964329823689	0.00267376173802	0.0039669772081
k__Bacteria;p__Bacteroidetes;c__Bacteroidia;o__Bacteroidales;f__Prevotellaceae;g__Prevotella;s__Prevotella_copri	-0.00784268813193	0.0104542065525	0.00198414670082	1.0	0.0676256702364	0.0198880441418	0.035530046644	-0.0278168609049	0.0101675920979	0.012937684389	-0.00591185664124	0.0772528089413	-0.0249330137787	-0.0128355867411	-0.0396499857559	-0.011312490053	-0.0159832763374	-0.00834215920002	-0.018418339435	-0.00623838689119	0.0263236664964	-0.0265781834354	-0.0483376980417	0.0563669673098	0.0286841290908	-0.0093038041328	-0.0427316502172	-0.00892645142622	0.01007648165	-0.0378569736886	-0.00735464600192	0.0163635971828	-0.046200796475	0.0010120338638	-0.0349001076433	0.000450418534251	-0.016983076429	-0.0369563699023	-0.0291286323931	-0.0487063241504	0.0325885962053	0.00356749826166	0.00275757571564	0.000831842377206	-0.0246552801972	0.0194328216926	-0.0520888669315	0.0391126335739	0.0266344835699	0.00996607020065	-0.0306262881287	-0.000541721126185	-0.0798881420776	0.00409713590744	-0.0832380260736	0.00783579176136	-0.0143809255322	0.00587091931642	-0.0445537147482
k__Bacteria;p__Bacteroidetes;c__Bacteroidia;o__Bacteroidales;f__Bacteroidaceae;g__Bacteroides;s__Bacteroides_stercoris	-0.0611014436501	-0.0115482034511	0.0316394500246	0.0676256702364	1.0	-0.0349238766272	0.037426575718	-0.00148081131995	-0.0100768363466	-0.0060574952325	0.0193405480335	0.0220047092637	0.0169860328117	-0.0145125422124	0.000478384892717	0.0114346599572	-0.000821687870747	0.0052851107364	-0.0348513007377	0.00629079512537	0.00375856492937	0.0317858997389	0.0156051388941	-0.0433965064804	-0.0437036978614	0.0230162492385	-0.0339823342737	0.0228946419919	0.0575868245988	-0.0307649664314	-0.0277618468188	-0.0849691060415	-0.0722679366871	0.0301337157165	-0.00234173749549	-0.0525450176505	0.00567214600002	-0.029826582722	-0.0139917576622	-0.0423375282028	0.0539514431714	-0.0571755419785	0.0504762348347	-0.0127316532939	0.0104021984219	-0.0523488170995	-0.0266506501678	-0.00313020101722	-0.0114339896122	-0.0353684358516	0.0449807507051	-0.0178886999537	-0.00668267941631	0.0162483962461	0.044213856883	0.01255179767	-0.0481468195381	0.0411746489592	-0.0177498353953
k__Bacteria;p__Bacteroidetes;c__Bacteroidia;o__Bacteroidales;f__Bacteroidaceae;g__Bacteroides;s__Bacteroides_ovatus	0.0308853313292	-0.027286955369	-0.0702325638027	0.0198880441418	-0.0349238766272	1.0	0.00136926073828	-0.032723728847	0.0118937507072	-0.0407954816771	0.0156786011348	0.00681795871562	-0.0350028411373	-0.0208578120715	-0.0191904727003	-0.00177237295781	-0.023380553138	0.0514997906408	-0.0521091777394	-0.0325776723377	0.0385093174842	-0.013360396221	0.0127109482423	-0.0661906917046	0.0649334163688	0.0130302959713	-0.00289296379493	0.0544410322126	0.0473824087754	0.0238511588129	-0.0329316098766	0.0494435305497	-0.0228830648777	-0.0371466837121	-0.0321052487445	0.0325388900252	0.0196136133358	-0.00713755921783	-0.0296090358185	-0.0701565525992	0.0369914263172	-0.00607926243556	0.0389206118181	-0.00293335821891	-0.0503279941342	0.0171382559579	-0.0111385458958	0.0272988655536	-0.00577569622417	-0.0144400827499	-0.0223600086062	0.0352772566898	0.0126782776034	0.0549806270983	-0.0190263090874	-0.00789859121077	-0.035250972893	0.0256890753382	-0.0608361866198
k__Bacteria;p__Bacteroidetes;c__Bacteroidia;o__Bacteroidales;f__Rikenellaceae;g__Alistipes;s__Alistipes_shahii	0.0322798963969	-0.070129980476	-0.00815976890722	0.035530046644	0.037426575718	0.00136926073828	1.0	-0.00322463254715	-0.015142143806	0.000895760761904	0.032403716862	-0.0196874637881	-0.0268137064051	-0.0188709134851	-0.0302512389532	-0.00938760440993	0.0227268071532	-0.0207498077695	-0.011916335848	-0.00820888921431	-0.0233818972119	-0.0555352825248	0.0216484660667	-0.0138816429723	0.0323822308678	0.0272286400165	-0.0104942810487	0.0493603425667	0.00375128003954	-0.0230189154681	0.00735128903858	-0.016076026795	-0.00398696277716	-0.0154343340796	0.0244147479176	-0.00648100748666	-0.0282687220899	-0.0057317241203	0.00711980731774	-0.0226414405947	-0.0473483760406	0.0186983947054	-0.0662377625654	0.00982837869221	-0.0496825113887	-0.0201054609323	-0.0232194068505	-0.00777858187584	-0.0125814189259	0.0030657804981	0.00958242919395	-0.0324891612972	-0.0149182216253	-0.018997704185	-0.000226624975183	-0.0547184168532	-0.031463500954	-0.0682166791898	0.0241587239261
k__Bacteria;p__Firmicutes;c__Clostridia;o__Clostridiales;f__Ruminococcaceae;g__Faecalibacterium;s__Faecalibacterium_prausnitzii	0.0433589196045	0.00171712679558	-0.00391808186149	-0.0278168609049	-0.00148081131995	-0.032723728847	-0.00322463254715	1.0	-0.0550486330331	0.0325422322208	-0.00523302693912	-0.0124682980574	-0.0304857771406	-0.0322885526761	0.0439206499325	-0.033179515914	0.00931397816711	0.029774479282	-0.00899709934072	-0.0303925919557	0.0146747360917	-0.00747658180258	0.00808406137987	-0.0384285889305	0.0213351184831	0.0248106765126	0.00918407603367	0.0089957988006	-0.0222710446168	-0.00980239406901	0.0177332506979	0.0574706762636	0.0202147989492	0.0204478353168	-0.0609211276721	0.00175700016019	0.0266051104952	-0.0353083118177	0.0481130361649	-0.0240198495823	-0.0662511120281	-0.0353303064256	0.00794395041768	-0.00122172552733	0.00250814068653	-0.0155300855353	-0.0175957401106	0.0269086023863	-0.0285018291379	-0.00871017806506	-0.00377919136545	-0.0140697800303	0.023550161644	-0.0468702474715	-0.0783272763473	0.0165088259359	0.0411391332673	-0.0205373804956	0.0506416847376
k__Bacteria;p__Bacteroidetes;c__Bacteroidia;o__Bacteroidales;f__Rikenellaceae;g__Alistipes;s__Alistipes_finegoldii	-0.0673059472451	-0.0226945347258	0.010357840452	0.0101675920979	-0.0100768363466	0.0118937507072	-0.015142143806	-0.0550486330331	1.0	-0.0238153126126	-0.0252122772807	-0.00657309048654	0.000871079000152	0.00423980015666	0.0123142342975	-0.0239566171198	-0.033505293938	-0.0818027421677	0.0121898126861	-0.0179090375525	-0.00633297755505	-0.0149467518268	0.022181729725	0.00593410113519	-0.0291125151372	-0.0182753881388	-0.0422882528387	-0.0499506051595	-0.0300818756634	-0.0161430606992	-0.00327168934184	0.0301608284739	-0.0227299614264	0.024678304269	-0.0196939160788	0.0170571234197	-0.0438448431792	-0.0398290915415	-0.00359770010394	-0.000828902670496	-0.0281162416172	-0.034372118616	-0.0134973873306	0.0403865204068	0.0220404461854	-0.000590223481768	0.00381914849111	0.00693740872755	0.0381022732076	0.0431308706312	-0.000276281162925	0.00812881662917	-0.00657556558306	-0.0238351814663	0.00402158676476	0.0417771775297	0.013316833866	0.0300809597446	-0.0178773878761
k__Bacteria;p__Bacteroidetes;c__Bacteroidia;o__Bacteroidales;f__Porphyromonadaceae;g__Parabacteroides;s__Parabacteroides_distasonis	0.036084850376	-0.0212303324648	-0.00898122506561	0.012937684389	-0.0060574952325	-0.0407954816771	0.000895760761904	0.0325422322208	-0.0238153126126	1.0	0.0105173234726	-0.0280161025219	0.029105571339	0.0497845947123	0.00668039420376	-0.0301804869998	-0.0591091398314	0.0205284526566	-0.0104923947243	0.023626734646	0.0233704171947	-0.00687828354777	0.00751402737955	-0.0084918739491	-0.0150896282059	-0.00650254019953	-0.0405443545169	-0.00449998182082	-0.0728155691836	0.0602521212168	-0.0450170274857	-0.0111058212749	-0.00152025243962	0.0237931274611	0.00756002907859	-0.0393513547335	-0.0484968298869	-0.0262908214215	0.00560163781134	-0.0285425584635	-0.0297339622464	-0.046164784672	-0.054208829808	0.0188594364844	-0.0126584414272	0.0260835566441	-0.0056923735278	-0.0311153103956	-0.0137806250066	-0.0380616350207	0.00787543716232	0.0688708993953	0.0405567693889	0.00351410332316	-0.0178000688725	0.0220621051196	-0.0204544321605	0.011879955988	0.010081597747
k__Bacteria;p__Bacteroidetes;c__Bacteroidia;o__Bacteroidales;f__Bacteroidaceae;g__Bacteroides;s__Bacteroides_thetaiotaomicron	-0.00620016099666	0.00463891764612	2.68148773775e-05	-0.00591185664124	0.0193405480335	0.0156786011348	0.032403716862	-0.00523302693912	-0.0252122772807	0.0105173234726	1.0	0.0288206853226	-0.000883921687003	-0.0116170079928	-0.0417550888476	-0.0218062283998	0.0747147986284	0.0259673253873	-0.055440992304	0.00124929605993	-0.0363566848296	-0.0344460931213	0.0442225814878	-0.00664547977107	-0.0458731222048	-0.0082689032557	-0.00563603663267	0.00727691701186	-0.0122746242549	-0.0164888990869	0.0278066785196	-0.0626479519047	-0.0105822280097	0.014956780084	-0.0208446011033	0.0447578148147	-0.0144268986847	-0.0367500956001	-0.0704381032825	0.0687144862505	-0.043656103514	0.00252873188801	0.0574591444505	-0.0230894134101	-0.0365544763946	0.0142525547348	0.014451844094	-0.0276651379217	-0.0839837019255	-0.0494537180016	0.0125240140486	0.000284855923125	-0.0459849477698	0.0132323095797	-0.037184202187	-0.0310180707607	-0.0290736719276	-0.0576263105634	0.00115938696539
k__Bacteria;p__Bacteroidetes;c__Bacteroidia;o__Bacteroidales;f__Bacteroidaceae;g__Bacteroides;s__Bacteroides_coprocola	-0.0688987624314	0.0435233971861	-0.0151978791632	0.0772528089413	0.0220047092637	0.00681795871562	-0.0196874637881	-0.0124682980574	-0.00657309048654	-0.0280161025219	0.0288206853226	1.0	-0.00872774845278	-0.0331848923236	-0.000901460076516	-0.0226688313625	0.0229381602819	0.0216491678493	0.00413192725624	0.0138271962748	-0.00427658699642	-0.00554681716353	0.0478227546848	-0.0465679222116	0.0129796882553	-0.00797190285725	-0.000730333317758	0.00366360469149	-0.0175370405924	-0.0282744658576	0.019456360174	-0.0298706381293	0.00548329059054	-0.0100609747197	-0.00886541540829	-0.029987453885	-0.075982565762	0.0127069225061	0.00708097192926	0.0313793550324	-0.0118085447019	-0.0462167532174	-0.0915294523111	-0.0159469109458	-0.0406399873764	0.00225035845579	0.0137846826484	0.0297769182684	-0.0282365563099	-0.00444893838274	-0.0454927681757	-0.0389328630327	-0.0224527703342	-0.00867900384746	-0.0153066284974	0.0237188753379	-0.0583316333012	-0.0893406660194	-0.00612348971671
k__Bacteria;p__Bacteroidetes;c__Bacteroidia;o__Bacteroidales;f__Bacteroidaceae;g__Bacteroides;s__Bacteroides_cellulosilyticus	0.0249181109876	-0.0192990800023	0.0291939891861	-0.0249330137787	0.0169860328117	-0.0350028411373	-0.0268137064051	-0.0304857771406	0.000871079000152	0.029105571339	-0.000883921687003	-0.00872774845278	1.0	-0.0429987729454	0.0127061362472	-0.0493108955499	0.00648141068234	-0.0325844478632	0.034609020949	0.0413963979884	0.0654475411921	-0.0564289382326	-0.049741187259	0.0441751816739	-0.0492687792658	0.0420478210812	-0.0559717147514	-0.0509885555336	-0.0495484598118	-0.0159484724928	-0.000963186276152	-0.0277293688539	0.0331990583058	-0.0491805091464	0.0290445567137	-0.00871969920035	0.0292784767243	0.0193238568566	-0.00335232856585	-0.0076626941992	0.00702501835408	-0.0523579651499	0.020752187778	0.0311685509674	-0.0317443193026	0.00662257530863	0.0612767998064	0.015479725149	-0.0370617508274	-0.0362794089016	-0.0479193914054	0.0117224560569	0.029460168726	-0.0412028502184	-0.0310074031381	-0.00680775349755	-0.0376334201737	-0.00136255040401	0.0391619336262
k__Bacteria;p__Bacteroidetes;c__Bacteroidia;o__Bacteroidales;f__Rikenellaceae;g__Alistipes;s__Alistipes_obesi	0.0379808288727	-0.000981305949275	-0.00135763381282	-0.0128355867411	-0.0145125422124	-0.0208578120715	-0.0188709134851	-0.0322885526761	0.00423980015666	0.0497845947123	-0.0116170079928	-0.0331848923236	-0.0429987729454	1.0	-0.0117427206345	-0.0379373403259	-0.0385674167672	0.0272471843623	-0.0155607224757	-0.0387144830165	0.00799405527463	0.0267813806021	0.0784051358238	0.00974858388976	0.0317762900484	-0.000366807046975	-0.0436998182913	0.00990890463608	-0.0150633302162	0.00885765801977	-0.00223762271759	-0.00518521313536	-0.0597770341084	-0.0516045173149	-0.00958479018225	-0.0098916447851	0.0155249908555	0.00866506111357	-0.0445017997297	-0.0587215316797	0.00622866877457	-0.0202323354336	0.0264307386454	-0.0729567437132	-0.0243702546702	0.0110802325478	0.00458822138282	-0.0530853383873	-0.0141189513928	0.00662444303017	-0.0103237644576	-0.0274731998878	0.0459056651346	-0.0877627474082	0.0349429295305	0.00480733954453	0.00848784613862	-0.0131430254676	-0.0281750988666
k__Bacteria;p__Firmicutes;c__Clostridia;o__Clostridiales;f__Lachnospiraceae;g__;s__[Eubacterium]_rectale	-0.0516048688965	-0.0260459862466	0.0170175679487	-0.0396499857559	0.000478384892717	-0.0191904727003	-0.0302512389532	0.0439206499325	0.0123142342975	0.00668039420376	-0.0417550888476	-0.000901460076516	0.0127061362472	-0.0117427206345	1.0	-0.00426813121505	0.00370060081945	-0.0384365476408	0.00260251341105	-0.00343533630285	-0.0253157573349	-0.0102871247114	0.0364393030354	0.0156532418328	-0.00473403813488	-0.0441703780877	0.0104950751476	0.0213317388526	0.0535847631132	-0.0324195842508	-0.0271327493408	-0.013311518804	-0.0311221339629	0.0129065737975	-0.00845032266126	-0.0264242870756	-0.0159201529872	-0.00533564457088	-0.0252364627242	0.0165478357265	-0.0126811985273	0.0216195894376	0.00228673168677	-0.0471910348012	-0.064120448296	-0.000739571375305	0.0266937355406	-0.0238765011578	-0.0252414691911	0.0409934911517	-0.0291832456726	-0.0615250409456	-0.00267764371347	-0.0117194534955	0.0223983319153	-0.0546515524819	-0.0156075460794	-0.0196435171768	-0.00173287074545
k__Bacteria;p__Bacteroidetes;c__Bacteroidia;o__Bacteroidales;f__Bacteroidaceae;g__Bacteroides;s__Bacteroides_plebeius	0.02867579883	0.0513465956934	-0.0112976558661	-0.011312490053	0.0114346599572	-0.00177237295781	-0.00938760440993	-0.033179515914	-0.0239566171198	-0.0301804869998	-0.0218062283998	-0.0226688313625	-0.0493108955499	-0.0379373403259	-0.00426813121505	1.0	-0.0129899841435	0.0127805032537	0.0382561666843	0.00997821741812	-0.0167714192571	-0.0542045128764	-0.0162855276888	-0.0326371962714	-0.0443815099856	0.047314889314	-0.0299578897153	-0.0552311543511	0.0274492333062	-0.05045404869	-0.0124568249126	0.0258428657126	0.0250806508533	-0.0118108286419	0.0203466816361	0.0242894568752	-0.0395802348871	0.0110395364223	-0.0337245963273	-0.0291066362631	0.0244435810526	-0.0100304351872	-0.0227954389893	-0.0170531484464	-0.0440115583143	0.0119307170154	0.0052993597406	0.00813422960591	-0.00849682941833	-0.0404639436136	0.0264082223624	-0.0176718186433	-0.00271859596438	0.00130907259323	-0.00584878933323	-0.00271980454567	0.0310257243977	-0.0146859518182	-0.0307713855529
k__Bacteria;p__Bacteroidetes;c__Bacteroidia;o__Bacteroidales;f__Bacteroidaceae;g__Bacteroides;s__Bacteroides_fragilis	-0.0519889431115	0.00211761382829	-0.0630728569356	-0.0159832763374	-0.000821687870747	-0.023380553138	0.0227268071532	0.00931397816711	-0.033505293938	-0.0591091398314	0.0747147986284	0.0229381602819	0.00648141068234	-0.0385674167672	0.00370060081945	-0.0129899841435	1.0	0.00740213424693	0.0311407247467	-0.0297484100232	-0.0049970075217	-0.0146212433297	-0.0677252099806	0.0181309247832	0.0231870918342	-0.0251716175181	0.0264521210333	0.0115065539665	-0.00139072644961	0.0133444858603	-0.0154075996385	0.0175128727059	0.0299974139325	0.00880033782787	0.00905236398434	-0.0360545022191	0.045190866654	-0.0968450138428	-0.00998740601082	0.00268297743445	0.0488082266834	-0.0389313604621	0.027947070781	-0.0418188212763	-0.00264115657206	-0.0323791799736	-0.000220182834793	-0.00131014094329	-0.0198458387965	-0.0360702120622	-0.0179192852677	-0.0404180929973	-0.0148481608572	0.0081233264226	-0.0384005413003	0.0166668757191	0.0575477368523	0.017520467677	0.0184955429412
k__Bacteria;p__Proteobacteria;c__Betaproteobacteria;o__Burkholderiales;f__Sutterellaceae;g__Sutterella;s__Sutterella_wadsworthensis	-0.0077381853391	0.0018661307221	-0.00145332194959	-0.00834215920002	0.0052851107364	0.0514997906408	-0.0207498077695	0.029774479282	-0.0818027421677	0.0205284526566	0.0259673253873	0.0216491678493	-0.0325844478632	0.0272471843623	-0.0384365476408	0.0127805032537	0.00740213424693	1.0	0.0106761134918	-0.00858614308058	-0.0136515683516	-0.034266235629	-0.0189473364811	-0.068015245999	-0.0600821009252	-0.0256479008933	-0.0866134609723	-0.0285422491864	-0.0201988640711	0.0314502136225	-0.0318328849003	0.0400437210228	-0.0684175388758	-0.0012304595318	-0.0158409748623	-0.0205508306036	-0.0326360102272	0.0441687582789	-0.0115790032858	0.0525041214188	-0.0608616338725	0.0318004411027	-0.00173220253284	-0.0374038725709	0.0275873631638	0.0547587814218	-0.0164413010204	-0.0171821176843	-0.0122381677417	0.0528205081763	0.0627166472042	-0.0263117858663	-0.0498178834785	-0.00950027886333	-0.0749389693364	0.0156904346001	-0.0486723106241	0.000649068025665	-0.0389113748679
k__Bacteria;p__Bacteroidetes;c__Bacteroidia;o__Bacteroidales;f__Porphyromonadaceae;g__Barnesiella;s__Barnesiella_intestinihominis	0.00951939950699	-0.0226875514812	0.00617719661206	-0.018418339435	-0.0348513007377	-0.0521091777394	-0.011916335848	-0.00899709934072	0.0121898126861	-0.0104923947243	-0.055440992304	0.00413192725624	0.034609020949	-0.0155607224757	0.00260251341105	0.0382561666843	0.0311407247467	0.0106761134918	1.0	-0.0479334056041	-0.0793598049973	0.0117660452861	-0.0156593941992	-0.0238979782329	-0.0491874817866	-0.010676540104	-0.0587092263971	-0.0382139229596	0.0382714102096	0.0335880778866	-0.0510110786158	-0.0270906105578	-0.0123625049301	-0.035857737264	0.0349880501032	-0.0484367092402	-0.0333164626128	-0.0209730549059	0.0184152238353	-0.0426341974537	0.0418281325116	-0.00385280961333	0.0199402274794	0.0103344451663	0.04539622609	-0.0705059604517	-0.0534518132766	-0.0132072273836	0.111617070554	0.00387295748973	-0.00222023198315	0.00468782842205	-0.0319206493571	0.0195258260243	0.0294712797622	-0.00587105997374	-0.0116365134175	0.0100279481603	-0.0402082262122
k__Bacteria;p__Bacteroidetes;c__Bacteroidia;o__Bacteroidales;f__Odoribacteraceae;g__Odoribacter;s__Odoribacter_splanchnicus	-0.0471271479615	-0.0532490688246	-0.0801340889654	-0.00623838689119	0.00629079512537	-0.0325776723377	-0.00820888921431	-0.0303925919557	-0.0179090375525	0.023626734646	0.00124929605993	0.0138271962748	0.0413963979884	-0.0387144830165	-0.00343533630285	0.00997821741812	-0.0297484100232	-0.00858614308058	-0.0479334056041	1.0	-0.0513755731554	-0.017483729812	-0.00295624612256	0.000891585260421	0.0769531405311	-0.0178757301885	0.0673138809432	-0.0176772285282	-0.072755626345	-0.0347609274607	-0.007231693383	-0.00910717478718	-0.00447392242022	-0.0210978155135	0.00946300998236	-0.0183036009785	0.052820488858	0.0101756335772	0.0340324525732	-0.0184646458923	-0.00789120491603	-0.032066676878	-0.0304179392698	0.0182744833402	-0.01075543897	-0.0573128898939	0.0123020843667	0.0217660851108	0.0107711566255	-0.0423417484669	-0.0155040821528	-0.0062556947203	-0.0205897585663	0.0206479441037	-0.00589044478057	-0.0364459901614	-0.0245699192695	0.0392197828778	-0.00509521336809
k__Bacteria;p__Bacteroidetes;c__Bacteroidia;o__Bacteroidales;f__Bacteroidaceae;g__Bacteroides;s__Bacteroides_salyersiae	0.00237335832969	0.000344735253495	0.0521207810962	0.0263236664964	0.00375856492937	0.0385093174842	-0.0233818972119	0.0146747360917	-0.00633297755505	0.0233704171947	-0.0363566848296	-0.00427658699642	0.0654475411921	0.00799405527463	-0.0253157573349	-0.0167714192571	-0.0049970075217	-0.0136515683516	-0.0793598049973	-0.0513755731554	1.0	-0.0143282692353	-0.0020879464819	-0.00296892709182	0.0240385976013	-0.0187424569977	-0.0825759762791	-0.0276393849128	-0.00858470530542	-0.0243264312323	-0.0244885506509	0.0197131232478	-0.0157862775164	0.0052719051465	0.0378483710397	-0.0170770430737	0.0306073632555	0.000182046236994	0.0172847946139	0.0107942149713	0.0188077107563	0.0129433584902	0.0179156991938	-0.0236694941601	0.0218470297733	0.0407519296805	0.0605507172426	0.00854501547733	-0.0583449365775	-0.0193125352088	-0.0781906734792	-0.0137973696109	0.0861647704017	-0.0417201584119	-0.00416695163067	0.0192101232901	-0.078572925104	0.0386982334087	-0.000950610971913
k__Bacteria;p__Firmicutes;c__Clostridia;o__Clostridiales;f__Ruminococcaceae;g__Ruminiclostridium;s__[Eubacterium]_siraeum	0.0247067873035	0.0345818265899	0.00720091959864	-0.0265781834354	0.0317858997389	-0.013360396221	-0.0555352825248	-0.00747658180258	-0.0149467518268	-0.00687828354777	-0.0344460931213	-0.00554681716353	-0.0564289382326	0.0267813806021	-0.0102871247114	-0.0542045128764	-0.0146212433297	-0.034266235629	0.0117660452861	-0.017483729812	-0.0143282692353	1.0	-0.00386534969688	0.0684448751536	-0.00236352995842	0.0237643037398	0.03890017803	0.00629356374698	-0.00599056762016	0.0415781247628	-0.0306796024172	-0.0505430811809	0.0381605350791	0.0125023683088	0.0911684065735	-0.0428697119539	-0.0175332095327	0.01360164639	0.0408509292449	0.0171832739719	-0.00615375709862	0.0184969473731	-0.0371344228249	0.00915595589601	0.0248935943899	0.0248152691449	-0.0247615036264	-0.0620400186567	-0.0221315716098	-0.0119166611276	-0.0278873246798	-0.025378693098	-0.0728377577321	0.00407233139568	-0.0122486177711	-0.0378255599174	0.00826999253607	0.00877248981468	-0.0192083799385
k__Bacteria;p__Proteobacteria;c__Betaproteobacteria;o__Burkholderiales;f__Sutterellaceae;g__Parasutterella;s__Parasutterella_excrementihominis	0.0134163526598	0.0447436145669	-0.0115653151323	-0.0483376980417	0.0156051388941	0.0127109482423	0.0216484660667	0.00808406137987	0.022181729725	0.00751402737955	0.0442225814878	0.0478227546848	-0.049741187259	0.0784051358238	0.0364393030354	-0.0162855276888	-0.0677252099806	-0.0189473364811	-0.0156593941992	-0.00295624612256	-0.0020879464819	-0.00386534969688	1.0	0.00460612692743	-0.0320886550764	-0.0140968048087	0.036592054924	-0.0407749567628	0.0249847492023	-0.00400313173379	0.00155449331939	0.00113159370102	0.0701381544257	-0.0262912129322	0.0401927778534	-0.0373733157626	-0.0656509856054	-0.0472474411858	-0.041368656653	-0.00255069503382	-0.037238055121	0.0380014302859	-0.049743778157	0.012417647768	0.015302794192	0.0406585606768	-0.0128479969886	0.0191287947534	-0.00788800532017	0.00983604367801	-0.054159212044	-0.00529139639416	-0.0270711226494	0.0170316517538	0.00246178633399	0.0257998894073	-0.00473407858588	0.0179515265783	-0.015365991849
k__Bacteria;p__Actinobacteria;c__Actinobacteria;o__Bifidobacteriales;f__Bifidobacteriaceae;g__Bifidobacterium;s__Bifidobacterium_adolescentis	-0.00532495782384	-0.0333731676864	0.0412255656874	0.0563669673098	-0.0433965064804	-0.0661906917046	-0.0138816429723	-0.0384285889305	0.00593410113519	-0.0084918739491	-0.00664547977107	-0.0465679222116	0.0441751816739	0.00974858388976	0.0156532418328	-0.0326371962714	0.0181309247832	-0.068015245999	-0.0238979782329	0.000891585260421	-0.00296892709182	0.0684448751536	0.00460612692743	1.0	-0.0286651572035	-0.0362724546477	0.0105359813198	-0.0246941881753	0.00788634342885	-0.0288883303042	-0.0340693992026	-0.0560461641161	-0.0114724572522	0.0097973386585	-0.0210559880902	0.0479748460715	-0.0249101046734	-0.0129586507644	0.0117461046315	0.0345030121347	-0.014012077876	0.002527845143	-0.0073113542634	0.0170545286745	-0.0420734517779	-0.046894139788	-0.0183591639115	-0.042295135589	0.0259917775448	0.0346772716776	-0.0217536507182	-0.0314042487547	-0.023216441708	-0.0108322525113	-0.00350811973815	-0.00847769398375	0.0481298103956	0.0249861539576	-0.0402312089761
k__Bacteria;p__Firmicutes;c__Clostridia;o__Clostridiales;f__Oscillospiraceae;g__Oscillibacter;s__Oscillibacter_sp._KLE_1745	0.00538535706718	0.0688668125564	0.00507356163158	0.0286841290908	-0.0437036978614	0.0649334163688	0.0323822308678	0.0213351184831	-0.0291125151372	-0.0150896282059	-0.0458731222048	0.0129796882553	-0.0492687792658	0.0317762900484	-0.00473403813488	-0.0443815099856	0.0231870918342	-0.0600821009252	-0.0491874817866	0.0769531405311	0.0240385976013	-0.00236352995842	-0.0320886550764	-0.0286651572035	1.0	-0.000408465275849	-0.0289364814109	-0.0315124695831	-0.0238246626468	0.00627274453781	-0.0250314943962	-0.0158544017185	-0.0284426501357	-0.0403350575205	-0.0419910682897	0.0340449011106	0.0128473539371	0.0630202082431	-0.0578956442219	-0.0114678485328	0.055126272784	0.0731004217021	-0.0406560682675	0.0845420701455	-0.0230225048907	0.0127358577328	-0.05016037697	-0.0299610283714	0.00339891644245	-0.00936523027299	-0.02955625757	-0.0289607298414	0.00134976873087	-0.0239123565488	-0.035147569854	-0.00573246582494	0.0150386800336	0.0436187313404	-0.0512250861799
k__Bacteria;p__Bacteroidetes;c__Bacteroidia;o__Bacteroidales;f__Bacteroidaceae;g__Bacteroides;s__Bacteroides_coprophilus	-0.00271594231194	-0.0292687991786	-0.0102723633978	-0.0093038041328	0.0230162492385	0.0130302959713	0.0272286400165	0.0248106765126	-0.0182753881388	-0.00650254019953	-0.0082689032557	-0.00797190285725	0.0420478210812	-0.000366807046975	-0.0441703780877	0.047314889314	-0.0251716175181	-0.0256479008933	-0.010676540104	-0.0178757301885	-0.0187424569977	0.0237643037398	-0.0140968048087	-0.0362724546477	-0.000408465275849	1.0	0.0359621605706	-0.0520734517544	0.040885984805	-0.0325687776446	0.0608305567154	-0.00453004704742	0.0139968522799	-0.0550610224784	-0.0712722696117	-0.00827808850752	0.0133672931881	0.0122279220383	0.0454154473082	-0.032581400689	0.050468769989	-0.00353512202085	0.0290873338219	0.0213810278339	-0.0338446755424	-0.0214033598558	-0.0252927075329	0.0405461159146	-0.0490399926781	-0.00205351312714	-0.0144484569153	-0.0246919014098	-0.0323428885184	0.0143216592692	-0.0146415835002	-0.0377060143877	0.00966720121095	-0.0328407673412	0.0226129911287
k__Bacteria;p__Firmicutes;c__Clostridia;o__Clostridiales;f__Lachnospiraceae;g__Roseburia;s__Roseburia_intestinalis	0.0610194156882	0.013778777656	0.0272192653164	-0.0427316502172	-0.0339823342737	-0.00289296379493	-0.0104942810487	0.00918407603367	-0.0422882528387	-0.0405443545169	-0.00563603663267	-0.000730333317758	-0.0559717147514	-0.0436998182913	0.0104950751476	-0.0299578897153	0.0264521210333	-0.0866134609723	-0.0587092263971	0.0673138809432	-0.0825759762791	0.03890017803	0.036592054924	0.0105359813198	-0.0289364814109	0.0359621605706	1.0	0.0148861801336	-0.00520085048644	-0.0345084439615	-0.00852085049296	0.00893669679135	0.0434256166962	0.00526461415906	-0.0667436785757	0.0299638272572	0.0211192748596	-0.0440722691944	-0.0538535458634	0.0437797503916	-0.00614580602468	0.0039579636554	-0.0212339367231	-0.00478202298316	-0.00209101357085	0.0143074259885	0.0549135977349	0.0291428314136	-0.0542119224737	-0.0359558637716	-0.0175593157551	0.0388167989002	-0.0608283706553	0.0255757424684	0.0361118802398	-0.048948746203	0.000358612076218	0.00784476372549	-0.0500583725785
k__Bacteria;p__Firmicutes;c__Clostridia;o__Clostridiales;f__Lachnospiraceae;g__Roseburia;s__Roseburia_hominis	0.0274478780624	-0.0621646739194	0.00854649512444	-0.00892645142622	0.0228946419919	0.0544410322126	0.0493603425667	0.0089957988006	-0.0499506051595	-0.00449998182082	0.00727691701186	0.00366360469149	-0.0509885555336	0.00990890463608	0.0213317388526	-0.0552311543511	0.0115065539665	-0.0285422491864	-0.0382139229596	-0.0176772285282	-0.0276393849128	0.00629356374698	-0.0407749567628	-0.0246941881753	-0.0315124695831	-0.0520734517544	0.0148861801336	1.0	-0.020825816864	0.0141644113854	-0.0141174093759	0.0194518365145	-0.0411690248656	0.029918485693	-0.0073221513923	-0.0174873799836	-0.0303962504866	-0.0345619052649	-0.0351441562978	0.0281587625337	-0.0277673167429	0.00214031469388	-0.00196203192418	0.0261710734321	-0.0504247406158	-0.0450252722325	0.00187653764475	-0.0383701144996	0.0120243221017	0.0317680086524	-0.0427407007474	-0.0139082015131	-0.00740127955664	0.00223413694498	0.00960416505935	-0.00375614674801	-0.0622620579974	-0.0624421146076	-0.00254840094434
k__Bacteria;p__Bacteroidetes;c__Bacteroidia;o__Bacteroidales;f__Porphyromonadaceae;g__Parabacteroides;s__Parabacteroides_johnsonii	-0.0232431154807	0.0211302676367	-0.0241110572702	0.01007648165	0.0575868245988	0.0473824087754	0.00375128003954	-0.0222710446168	-0.0300818756634	-0.0728155691836	-0.0122746242549	-0.0175370405924	-0.0495484598118	-0.0150633302162	0.0535847631132	0.0274492333062	-0.00139072644961	-0.0201988640711	0.0382714102096	-0.072755626345	-0.00858470530542	-0.00599056762016	0.0249847492023	0.00788634342885	-0.0238246626468	0.040885984805	-0.00520085048644	-0.020825816864	1.0	0.0397595690042	-0.0382262924655	-0.0127619097144	0.06338701711	-0.0437012500791	-0.029033691108	0.0162535895758	0.00874278203832	-0.00803312136484	-0.0308326478177	-0.0275037071238	0.015716180624	-0.0340147504936	-0.0119359206155	0.0276902352079	-0.015381054289	-0.0121097229144	-0.0164328822842	0.0207172436712	0.0573358055792	0.00550029818507	-0.0515208253175	-0.0323491059885	-0.0605753854631	-0.00141585187696	0.0118176096932	0.00689387598864	0.0533762879412	-0.0699348555453	0.0359340883585
k__Bacteria;p__Actinobacteria;c__Actinobacteria;o__Bifidobacteriales;f__Bifidobacteriaceae;g__Bifidobacterium;s__Bifidobacterium_longum	0.00190899792127	0.0167569993337	-0.0611776358559	-0.0378569736886	-0.0307649664314	0.0238511588129	-0.0230189154681	-0.00980239406901	-0.0161430606992	0.0602521212168	-0.0164888990869	-0.0282744658576	-0.0159484724928	0.00885765801977	-0.0324195842508	-0.05045404869	0.0133444858603	0.0314502136225	0.0335880778866	-0.0347609274607	-0.0243264312323	0.0415781247628	-0.00400313173379	-0.0288883303042	0.00627274453781	-0.0325687776446	-0.0345084439615	0.0141644113854	0.0397595690042	1.0	-0.00607238293094	0.00432163001275	-0.0597366063151	0.0662678407186	-0.0544220941749	-0.0631730650601	0.00941346007297	-0.00153746558021	-0.0541303249637	0.0469179324459	-0.0396718694954	-0.00387795092443	-0.00414871931156	-0.0366554218042	0.051303738552	-0.0122183247381	-0.0246094189106	-0.0173288473362	0.00599542916418	0.00620682571422	0.0420346674737	-0.0141926486	-0.0037665628173	0.0034520872354	0.0233132965321	-0.0150662989535	-0.0172097232533	-0.0203154817195	-0.0324631066546
