#taxonomy	k__Bacteria;p__Bacteroidetes;c__Bacteroidia;o__Bacteroidales;f__Bacteroidaceae;g__Bacteroides;s__Bacteroides_vulgatus	k__Bacteria;p__Bacteroidetes;c__Bacteroidia;o__Bacteroidales;f__Bacteroidaceae;g__Bacteroides;s__Bacteroides_uniformis	k__Bacteria;p__Bacteroidetes;c__Bacteroidia;o__Bacteroidales;f__Rikenellaceae;g__Alistipes;s__Alistipes_putredinis	k__Bacteria;p__Bacteroidetes;c__Bacteroidia;o__Bacteroidales;f__Prevotellaceae;g__Prevotella;s__Prevotella_copri	k__Bacteria;p__Bacteroidetes;c__Bacteroidia;o__Bacteroidales;f__Bacteroidaceae;g__Bacteroides;s__Bacteroides_stercoris	k__Bacteria;p__Bacteroidetes;c__Bacteroidia;o__Bacteroidales;f__Bacteroidaceae;g__Bacteroides;s__Bacteroides_ovatus	k__Bacteria;p__Bacteroidetes;c__Bacteroidia;o__Bacteroidales;f__Rikenellaceae;g__Alistipes;s__Alistipes_shahii	k__Bacteria;p__Firmicutes;c__Clostridia;o__Clostridiales;f__Ruminococcaceae;g__Faecalibacterium;s__Faecalibacterium_prausnitzii	k__Bacteria;p__Bacteroidetes;c__Bacteroidia;o__Bacteroidales;f__Rikenellaceae;g__Alistipes;s__Alistipes_finegoldii	k__Bacteria;p__Bacteroidetes;c__Bacteroidia;o__Bacteroidales;f__Porphyromonadaceae;g__Parabacteroides;s__Parabacteroides_distasonis	k__Bacteria;p__Bacteroidetes;c__Bacteroidia;o__Bacteroidales;f__Bacteroidaceae;g__Bacteroides;s__Bacteroides_thetaiotaomicron	k__Bacteria;p__Bacteroidetes;c__Bacteroidia;o__Bacteroidales;f__Bacteroidaceae;g__Bacteroides;s__Bacteroides_coprocola	k__Bacteria;p__Bacteroidetes;c__Bacteroidia;o__Bacteroidales;f__Bacteroidaceae;g__Bacteroides;s__Bacteroides_cellulosilyticus	k__Bacteria;p__Bacteroidetes;c__Bacteroidia;o__Bacteroidales;f__Rikenellaceae;g__Alistipes;s__Alistipes_obesi	k__Bacteria;p__Firmicutes;c__Clostridia;o__Clostridiales;f__Lachnospiraceae;g__;s__[Eubacterium]_rectale	k__Bacteria;p__Bacteroidetes;c__Bacteroidia;o__Bacteroidales;f__Bacteroidaceae;g__Bacteroides;s__Bacteroides_plebeius	k__Bacteria;p__Bacteroidetes;c__Bacteroidia;o__Bacteroidales;f__Bacteroidaceae;g__Bacteroides;s__Bacteroides_fragilis	k__Bacteria;p__Proteobacteria;c__Betaproteobacteria;o__Burkholderiales;f__Sutterellaceae;g__Sutterella;s__Sutterella_wadsworthensis	k__Bacteria;p__Bacteroidetes;c__Bacteroidia;o__Bacteroidales;f__Porphyromonadaceae;g__Barnesiella;s__Barnesiella_intestinihominis	k__Bacteria;p__Bacteroidetes;c__Bacteroidia;o__Bacteroidales;f__Odoribacteraceae;g__Odoribacter;s__Odoribacter_splanchnicus	k__Bacteria;p__Bacteroidetes;c__Bacteroidia;o__Bacteroidales;f__Bacteroidaceae;g__Bacteroides;s__Bacteroides_salyersiae	k__Bacteria;p__Firmicutes;c__Clostridia;o__Clostridiales;f__Ruminococcaceae;g__Ruminiclostridium;s__[Eubacterium]_siraeum	k__Bacteria;p__Proteobacteria;c__Betaproteobacteria;o__Burkholderiales;f__Sutterellaceae;g__Parasutterella;s__Parasutterella_excrementihominis	k__Bacteria;p__Actinobacteria;c__Actinobacteria;o__Bifidobacteriales;f__Bifidobacteriaceae;g__Bifidobacterium;s__Bifidobacterium_adolescentis	k__Bacteria;p__Firmicutes;c__Clostridia;o__Clostridiales;f__Oscillospiraceae;g__Oscillibacter;s__Oscillibacter_sp._KLE_1745	k__Bacteria;p__Bacteroidetes;c__Bacteroidia;o__Bacteroidales;f__Bacteroidaceae;g__Bacteroides;s__Bacteroides_coprophilus	k__Bacteria;p__Firmicutes;c__Clostridia;o__Clostridiales;f__Lachnospiraceae;g__Roseburia;s__Roseburia_intestinalis	k__Bacteria;p__Firmicutes;c__Clostridia;o__Clostridiales;f__Lachnospiraceae;g__Roseburia;s__Roseburia_hominis	k__Bacteria;p__Bacteroidetes;c__Bacteroidia;o__Bacteroidales;f__Porphyromonadaceae;g__Parabacteroides;s__Parabacteroides_johnsonii	k__Bacteria;p__Actinobacteria;c__Actinobacteria;o__Bifidobacteriales;f__Bifidobacteriaceae;g__Bifidobacterium;s__Bifidobacterium_longum	k__Bacteria;p__Firmicutes;c__Clostridia;o__Clostridiales;f__;g__Flavonifractor;s__Flavonifractor_plautii	k__Bacteria;p__Firmicutes;c__Clostridia;o__Clostridiales;f__Clostridiaceae;g__Clostridium;s__Clostridium_phoceensis	k__Bacteria;p__Verrucomicrobia;c__Verrucomicrobiae;o__Verrucomicrobiales;f__Akkermansiaceae;g__Akkermansia;s__Akkermansia_muciniphila	k__Bacteria;p__Bacteroidetes;c__Bacteroidia;o__Bacteroidales;f__Prevotellaceae;g__Paraprevotella;s__Paraprevotella_xylaniphila	k__Bacteria;p__Firmicutes;c__Clostridia;o__Clostridiales;f__Ruminococcaceae;g__Ruminococcus;s__Ruminococcus_callidus	k__Bacteria;p__Bacteroidetes;c__Bacteroidia;o__Bacteroidales;f__Rikenellaceae;g__Alistipes;s__Alistipes_senegalensis	k__Bacteria;p__Firmicutes;c__Clostridia;o__Clostridiales;f__Lachnospiraceae;g__Blautia;s__Blautia_sp._KLE_1732	k__Bacteria;p__Bacteroidetes;c__Bacteroidia;o__Bacteroidales;f__Bacteroidaceae;g__Bacteroides;s__Bacteroides_oleiciplenus	k__Bacteria;p__Firmicutes;c__Clostridia;o__Clostridiales;f__Ruminococcaceae;g__Ruminococcus;s__Ruminococcus_bicirculans	k__Bacteria;p__Bacteroidetes;c__Bacteroidia;o__Bacteroidales;f__Bacteroidaceae;g__Bacteroides;s__Bacteroides_fluxus	k__Bacteria;p__Bacteroidetes;c__Bacteroidia;o__Bacteroidales;f__Prevotellaceae;g__Prevotella;s__Prevotella_stercorea	k__Bacteria;p__Firmicutes;c__Clostridia;o__Clostridiales;f__Lachnospiraceae;g__Dorea;s__Dorea_longicatena	k__Bacteria;p__Firmicutes;c__Clostridia;o__Clostridiales;f__Eubacteriaceae;g__Eubacterium;s__[Eubacterium]_eligens	k__Bacteria;p__Firmicutes;c__Clostridia;o__Clostridiales;f__Ruminococcaceae;g__;s__Ruminococcaceae_bacterium_D16	k__Bacteria;p__Firmicutes;c__Clostridia;o__Clostridiales;f__Lachnospiraceae;g__Coprococcus;s__Coprococcus_comes	k__Bacteria;p__Proteobacteria;c__Gammaproteobacteria;o__Enterobacterales;f__Enterobacteriaceae;g__Escherichia;s__Escherichia_coli	k__Bacteria;p__Firmicutes;c__Clostridia;o__Clostridiales;f__Ruminococcaceae;g__Anaerotruncus;s__Anaerotruncus_colihominis	k__Bacteria;p__Firmicutes;c__Clostridia;o__Clostridiales;f__Lachnospiraceae;g__Blautia;s__Blautia_obeum	k__Bacteria;p__Bacteroidetes;c__Bacteroidia;o__Bacteroidales;f__Odoribacteraceae;g__Odoribacter;s__Odoribacter_laneus	k__Bacteria;p__Firmicutes;c__Clostridia;o__Clostridiales;f__Ruminococcaceae;g__Ruminiclostridium;s__[Clostridium]_leptum	k__Bacteria;p__Bacteroidetes;c__Bacteroidia;o__Bacteroidales;f__Porphyromonadaceae;g__Parabacteroides;s__Parabacteroides_goldsteinii	k__Bacteria;p__Firmicutes;c__Clostridia;o__Clostridiales;f__Lachnospiraceae;g__Anaerostipes;s__Anaerostipes_hadrus	k__Bacteria;p__Firmicutes;c__Clostridia;o__Clostridiales;f__Ruminococcaceae;g__Ruminococcus;s__Ruminococcus_lactaris	k__Bacteria;p__Firmicutes;c__Clostridia;o__Clostridiales;f__Clostridiaceae;g__Clostridium;s__Clostridium_sp._L2-50	k__Bacteria;p__Firmicutes;c__Clostridia;o__Clostridiales;f__Clostridiaceae;g__Clostridium;s__Clostridium_sp._M62/1	k__Bacteria;p__Firmicutes;c__Clostridia;o__Clostridiales;f__;g__Intestinimonas;s__Intestinimonas_butyriciproducens	k__Bacteria;p__Actinobacteria;c__Actinobacteria;o__Bifidobacteriales;f__Bifidobacteriaceae;g__Bifidobacterium;s__Bifidobacterium_bifidum	k__Bacteria;p__Firmicutes;c__Negativicutes;o__Veillonellales;f__Veillonellaceae;g__Dialister;s__Dialister_invisus	k__Bacteria;p__Bacteroidetes;c__Bacteroidia;o__Bacteroidales;f__Bacteroidaceae;g__Bacteroides;s__Bacteroides_salanitronis
k__Bacteria;p__Bacteroidetes;c__Bacteroidia;o__Bacteroidales;f__Bacteroidaceae;g__Bacteroides;s__Bacteroides_vulgatus	1.0	-0.00764216854521	0.026728910952	-0.0169548737055	0.0303560175772	-0.0528796295631	-0.0214844157819	-0.00997355579353	0.0112949169097	0.0148657823418	-0.0368517668782	-0.0223588844964	-0.0192755960253	-0.047409108335	-0.0113445743778	0.000588558945638	-0.0210877848333	-0.0314755710078	0.00111544745786	0.00574888107917	0.00957326783011	-0.0546136473019	-0.0172233040116	-0.00578520090029	0.0138427609593	0.0364598705795	0.0426041132371	-0.0842100489624	-0.00717667724306	-0.0578572197277	0.0195809335498	0.0495034370462	0.000297069220264	-0.0685024451279	0.0885311711459	-0.0127578104356	-0.0251860592365	0.0124467574832	-0.000732008124834	-0.0214594674679	0.0417503787262	0.0277102447953	-0.000785743066847	0.000537057515112	-0.00419033701037	-0.047900251238	-0.0361225167488	-0.0121723702962	0.00885149648825	-0.0155527166504	-0.0129508346025	0.0216650553062	0.010347153907	0.0257402368514	0.0132843604167	-0.030633368912	-0.0533218495181	-0.0378927483686	0.0185867026667
k__Bacteria;p__Bacteroidetes;c__Bacteroidia;o__Bacteroidales;f__Bacteroidaceae;g__Bacteroides;s__Bacteroides_uniformis	-0.00764216854521	1.0	0.0173211178085	0.00844142785286	-0.036238688175	-0.000557368529124	9.39708635008e-05	0.0293105104439	0.0229825291892	-0.0110140255173	-0.0103818478708	-0.0213792930391	-0.0356409975037	0.00351502316678	-0.0242889373058	-0.00627422501082	0.0368719035846	0.0387811689736	-0.0540264060296	0.0946382287988	-0.0325449923166	-0.0708884848114	-0.026757134949	0.0237853468235	-0.0182981176844	-0.0152746288081	0.00148264454595	-0.0156017685953	0.0194267187828	-0.0478803324417	-0.0220607040337	-0.00401752127162	0.0302726545991	0.012012746497	-0.0474099673016	-0.0314976473405	-0.0251791852993	-0.0432217689472	-0.00960233147256	-0.013330127762	-0.0918112952778	0.0386990142401	-0.0347123285459	0.00437614928084	0.000214391576762	-0.0847673344846	-0.0230324328305	-0.0222221932354	0.0307080535498	0.0107151529629	-0.0372693321462	-0.0409715957448	0.0587041246005	-0.0360891984934	-0.00525164899953	0.0284936871201	-0.0148197590787	0.0230740836189	-0.0431525852515
k__Bacteria;p__Bacteroidetes;c__Bacteroidia;o__Bacteroidales;f__Rikenellaceae;g__Alistipes;s__Alistipes_putredinis	0.026728910952	0.0173211178085	1.0	0.00975093648286	0.0390237842658	-0.00738799976211	0.0323161167237	-0.0495281145321	-0.0148216081895	0.0246268942588	-0.0232325523321	0.0221081141368	-0.00584995953725	-0.0398147615551	-0.0150005227831	-0.0320600664656	0.0706693394018	-0.0758541953002	0.00850215888863	0.0436923102707	-0.0288075149194	0.0360335028153	0.0240120926863	-0.0297777779812	-0.0562333571265	-0.0178272069938	-0.0771076558068	0.0269809382409	0.0355561378762	0.0113361312263	0.0038812909077	0.00707473496773	-0.0138289260267	0.00713682164741	0.00774723455302	-0.0258396729608	-0.0507070914373	0.0125457999616	0.0309419988567	-0.0364251885479	-0.00318390481553	0.0280626880103	0.00153823944963	-0.0343229399548	-0.0460109618634	-0.0508472330787	0.0101885466492	0.0539942053136	-0.00312199461735	-0.000591024644193	-0.0302154604608	0.0162900318903	-0.000774232443888	-0.0127359069626	-0.01022111058	-0.0480014360804	0.0532981290114	0.00258144892103	0.00549139542556
k__Bacteria;p__Bacteroidetes;c__Bacteroidia;o__Bacteroidales;f__Prevotellaceae;g__Prevotella;s__Prevotella_copri	-0.0169548737055	0.00844142785286	0.00975093648286	1.0	0.0417811816429	0.00978032024506	-0.0190304142056	0.00516792318332	0.0441631211905	0.0076785716134	-0.0136795412091	0.0218046737681	0.0326204254311	0.000840365756367	-0.0374996701356	-0.000911430479133	-0.0450100950979	-0.000290926629817	-0.0014704743111	-0.0344793536975	-0.0138556127057	-0.0435855662905	-0.0306031178559	-0.00865619466362	0.0315535704247	-0.0726143819948	0.00555318440086	-0.0016848277293	-0.0344433868372	-0.0208826287059	-0.0211076580904	-0.0188832758518	-0.0152014446492	0.0678610668958	-0.0266948892729	-5.23975075291e-05	-0.0224905495152	-0.0149640230245	-0.0450243465043	-0.0173886851066	0.044650050732	-0.00778783279685	0.032922891732	-0.015812627813	0.0119985756514	0.0442139663936	0.00478942905665	-0.00448125832744	-0.0501615571806	-0.0167010735966	-0.0135469767224	-0.044891893971	0.00453482221899	0.00967514221753	0.0153604955325	-0.049427746062	0.0216595654235	-0.0149873967389	-0.0311160827844
k__Bacteria;p__Bacteroidetes;c__Bacteroidia;o__Bacteroidales;f__Bacteroidaceae;g__Bacteroides;s__Bacteroides_stercoris	0.0303560175772	-0.036238688175	0.0390237842658	0.0417811816429	1.0	0.0210117211821	-0.0110470466635	0.0570779011681	0.00313724835489	-0.0186534731704	0.0401369451423	0.0115127276849	0.0205897526792	-0.0417411258423	-0.0206878187556	0.0104308819422	-0.0285210425923	-0.0244204216292	0.0176086954319	0.00156664981651	-0.021436210952	-0.0319352435211	-0.0308929319634	-0.0569588069392	-0.0803589807964	0.000485126691223	0.050625063885	0.0739932866515	-0.0168814047556	0.0301673013894	0.00382848354797	-0.014349464631	-0.0247273618131	0.00179457930596	-0.0575639287351	0.0199226230966	-0.136182680171	0.00968269537835	0.0125181176832	0.00458861431282	-0.0160797438244	0.00154402294778	-0.0263327023304	0.0390763596769	-0.0223830659411	0.0457941702525	0.0324534160669	0.00824164312951	0.10796407944	-0.00911978564087	0.0195832770142	0.0129597352801	-0.0392111364514	-0.0255977475383	0.0382373164496	-0.0266978663694	0.0240399642481	-0.0130292316779	-0.0183196403794
k__Bacteria;p__Bacteroidetes;c__Bacteroidia;o__Bacteroidales;f__Bacteroidaceae;g__Bacteroides;s__Bacteroides_ovatus	-0.0528796295631	-0.000557368529124	-0.00738799976211	0.00978032024506	0.0210117211821	1.0	-0.0464371439501	-0.0193563712636	-0.017663554755	0.052346128619	-0.0142403613125	0.0306284337322	-0.0301010814726	-0.00424053106469	0.0274738450606	0.0422251440787	-0.00376968657986	0.028413675808	-0.0421197354497	0.029316872912	-0.00863896307193	-0.0410837915805	-0.0109352424891	0.0107773360723	0.0267623349873	-0.0488328737688	-0.0480233859602	0.00957717596947	-0.000644301328994	0.0669752873297	-0.00166866249043	-0.0280281080254	-0.00670456165167	-0.0278518396914	-0.0298806412128	0.016778102818	0.0490094486632	-0.0133475342124	-0.00945325954891	-0.00303820965195	-0.0475364892857	-0.0236621777912	-0.00598599962583	-0.000663608229172	0.018733995609	-0.0202097570097	-0.0780571903113	-0.0615029003139	-0.0555245222675	0.0244946886404	-0.0327356532337	0.00373285053992	-0.00662271998871	-0.0390179133507	-0.0149655034379	-8.76064409211e-05	0.0201885984844	-0.0209749951634	0.00482581229108
k__Bacteria;p__Bacteroidetes;c__Bacteroidia;o__Bacteroidales;f__Rikenellaceae;g__Alistipes;s__Alistipes_shahii	-0.0214844157819	9.39708635006e-05	0.0323161167237	-0.0190304142056	-0.0110470466635	-0.0464371439501	1.0	-0.00300036005156	-0.0140222651236	-0.031835677991	-0.0360813313177	0.0377278346896	0.00300671145985	0.0174036936055	-0.00274309220213	-0.0338579096929	-0.0334168346501	-0.0250081880297	-0.00912403834433	0.002404409231	0.045552859834	-0.00688287491046	-0.0145801695602	0.0228572664452	-0.0516197617969	0.032671934197	-0.0113655943978	-0.0336454867513	-0.0358129136037	0.00450939799066	-0.0162702977885	-0.0302044567769	-0.00150920853969	0.0545568095758	0.0498521761305	-0.0299019178607	-0.0324846777298	-0.00925675390614	0.0424656498365	0.0461559501083	0.035527180706	0.0277877063351	0.00756057634063	-0.0123385776372	0.0119679522238	0.0152964214229	-0.00923797998515	-0.0405560551565	0.0167615317959	0.024738651955	-0.0162214604574	0.0141550663595	-0.0149855595178	0.00921487004727	0.0452471096637	-0.0160369781998	-0.0169624361856	0.0182680678456	-0.0470658901567
k__Bacteria;p__Firmicutes;c__Clostridia;o__Clostridiales;f__Ruminococcaceae;g__Faecalibacterium;s__Faecalibacterium_prausnitzii	-0.00997355579353	0.0293105104439	-0.0495281145321	0.00516792318332	0.0570779011681	-0.0193563712636	-0.00300036005156	1.0	0.00024700877758	-0.013474825392	-0.0148229769699	-0.0404418989419	-0.00926951793648	0.0335721177364	-0.0231476074361	0.0149056152954	0.0305679125829	0.00742662049165	0.000551751673708	0.0219964559429	0.044123764055	0.0361027770518	0.0657016140068	0.0166843416251	-0.013161568505	0.00382175960588	-0.0115693675245	-0.00376134485361	-0.00362842962506	-0.052166756745	-0.0393652576142	0.00634444094448	-0.00611714740817	0.00807057010768	-0.0161560375802	0.0453154216769	-0.00273999845095	-0.0228658357149	0.0366063901182	-0.0242325920521	0.0726835847265	-0.0174034997443	-0.0675692158947	0.0160262268451	-0.093000774767	-0.0893706399316	-0.0305745575058	-0.0103251118989	0.0420058725728	0.0450202739855	-0.0397519470102	-0.00510856529599	-0.0539812531924	0.0361374003351	-0.0667918551032	-0.0167065072174	-0.061724317883	-0.00676874854833	-0.00696257018918
k__Bacteria;p__Bacteroidetes;c__Bacteroidia;o__Bacteroidales;f__Rikenellaceae;g__Alistipes;s__Alistipes_finegoldii	0.0112949169097	0.0229825291892	-0.0148216081895	0.0441631211905	0.00313724835489	-0.017663554755	-0.0140222651236	0.00024700877758	1.0	-0.032284231454	-0.0189666640154	-0.0398852275484	0.0108430555597	0.0286293580289	0.0234259196589	0.00718292107357	0.0436971127903	-0.0208054814124	0.00246915634254	-0.0340208256495	0.0164971820102	-0.0471670047768	0.0538084877096	-0.0403472103428	-0.0256328214409	-0.0294727813943	-0.0362507252837	-0.0305490702544	-0.00362053741413	0.00506226174616	-0.0359013656865	-0.03304390619	-0.00581969616496	0.0255145365168	0.0370221881102	-0.0900022911692	0.0392554286598	-0.0416276744667	0.0205928830906	0.0449081321941	-0.0358725674126	0.0246892067513	-0.00594487208014	-0.0693074687914	-0.0279043718206	-0.0406892012232	-0.0152096148519	0.0328264905135	-0.00414918377348	0.0743831156457	-0.00191578141865	0.0216459745715	-0.00776116695289	-0.0162106726267	-0.0162939529392	0.0643375464114	-0.0199981974279	-0.015641978927	-0.0372120089679
k__Bacteria;p__Bacteroidetes;c__Bacteroidia;o__Bacteroidales;f__Porphyromonadaceae;g__Parabacteroides;s__Parabacteroides_distasonis	0.0148657823418	-0.0110140255173	0.0246268942588	0.0076785716134	-0.0186534731704	0.052346128619	-0.031835677991	-0.013474825392	-0.032284231454	1.0	-0.067091142811	-0.00149901975316	-0.00984250152201	0.031915730905	-0.00567427753378	0.0539373155127	-0.0313708312111	0.00465667134822	-0.0138428047818	-0.0336045076021	-0.0286806376385	-0.0515359942247	-0.00131384562219	-0.0188676021662	-0.00509855097758	-0.0346024144162	0.036300257267	-0.0017954489211	0.0133214060117	0.00570057276232	0.00517331516534	-0.00218256551852	-0.0272784610655	0.00779451167595	-0.0669897477894	0.0147386703426	0.0361723669818	-0.0485347822043	0.0499153456059	-0.0474397534293	0.0162849555703	-0.0602039323732	0.045428411003	0.03700227461	-0.0610804149327	0.0363505584814	0.00769227712161	0.0330274613595	0.00997929159816	-0.059984768706	-0.0151596945937	0.00409647824619	0.00946454643412	-0.0412426902795	-0.0182616164965	-0.0482086043615	0.0201919262326	0.0219378131677	0.0515950227543
k__Bacteria;p__Bacteroidetes;c__Bacteroidia;o__Bacteroidales;f__Bacteroidaceae;g__Bacteroides;s__Bacteroides_thetaiotaomicron	-0.0368517668782	-0.0103818478708	-0.0232325523321	-0.0136795412091	0.0401369451423	-0.0142403613125	-0.0360813313177	-0.0148229769699	-0.0189666640154	-0.067091142811	1.0	0.00947609383194	-0.0636822961184	0.00467564150452	0.0287791441367	-0.0448210696616	0.00804444141073	-0.0727490738049	-0.0192294879084	0.0258153737706	-0.0118978247421	0.0703005040319	0.00207710974985	0.0222208700792	0.00132663119337	0.0745159482596	-0.0567354994734	0.033225363971	0.00311253302151	0.0430484205536	-0.020428679759	0.00373511778966	-0.00136720333647	0.0227354156698	0.00227283229545	0.0426236135835	0.0144548579208	0.0256806870484	0.0163765243446	0.0108667097533	-0.00770395342949	-0.0515307033893	-0.0214600512862	-0.0196018998062	0.00541360019877	-0.0316119673822	0.0069137201543	-0.0140365875987	-0.0481997196985	-0.0268111364866	0.0413130333367	0.0385274438769	-0.0434593384413	-0.0074752282695	-0.00565164493255	-0.00152857734273	-0.0768204206451	0.00396133755858	0.0280575054413
k__Bacteria;p__Bacteroidetes;c__Bacteroidia;o__Bacteroidales;f__Bacteroidaceae;g__Bacteroides;s__Bacteroides_coprocola	-0.0223588844964	-0.0213792930391	0.0221081141368	0.0218046737681	0.0115127276849	0.0306284337322	0.0377278346896	-0.0404418989419	-0.0398852275484	-0.00149901975316	0.00947609383194	1.0	0.00710238753327	0.0127160010748	-0.012934693383	-0.031408509218	-0.00634315456833	0.0399726855726	-0.00798643029389	-0.0336338424709	-0.0421567189572	0.0184946656209	0.0210177178694	-0.00658559856264	-0.0122662098723	-0.0326518477064	-0.0183015714315	-0.00634605479648	0.0037032722656	-0.00791891453063	0.0152812395288	0.0481129599529	-0.00429715606682	0.00658249530315	-0.010779994145	-0.00562095415347	0.0355297029367	0.0128399407716	0.0380354896706	-0.0102332155337	0.0148684937193	-0.00807245712541	-0.00233134953044	-0.0143097863266	0.0256405750805	0.0543282023586	-0.0219704486876	-0.0080409029029	0.00660400055038	-0.0125907827915	-0.0431112239662	-0.00742258387427	-0.100405000414	-0.0276815911172	0.0144164157746	-0.00175472212824	0.000472149237632	0.0289014927345	0.027986113795
k__Bacteria;p__Bacteroidetes;c__Bacteroidia;o__Bacteroidales;f__Bacteroidaceae;g__Bacteroides;s__Bacteroides_cellulosilyticus	-0.0192755960253	-0.0356409975037	-0.00584995953725	0.0326204254311	0.0205897526792	-0.0301010814726	0.00300671145985	-0.00926951793648	0.0108430555597	-0.00984250152201	-0.0636822961184	0.00710238753327	1.0	-0.0462477653437	0.048294067665	0.0191550024476	-0.00360980791362	0.0214696981582	-0.00987664714884	-0.0112143852563	-0.0419801238159	-0.0289581555987	-0.0596277602724	0.0175690597993	0.0380087438696	0.000579138609509	-0.0785084565427	-9.31564349727e-05	-0.0445926241928	-0.0401077389406	-0.0057650507607	-0.0196951613811	0.0432743271029	-0.00838881032486	-0.0401261454003	-0.0558388986397	0.0273268880002	-0.0393484762376	0.00577322822418	0.0209208660874	-0.00254270434833	0.00191221203066	0.0534135417773	-0.0269746126599	0.0387836686053	0.0510938875185	-0.0007620667986	-0.0477843840383	-0.02076571631	0.00348584527303	-0.0332229165931	0.00970918094177	0.00977593894116	0.0145471123961	-0.0180124499851	0.0304796867515	-0.0447695638649	0.0186414458751	0.0388948557437
k__Bacteria;p__Bacteroidetes;c__Bacteroidia;o__Bacteroidales;f__Rikenellaceae;g__Alistipes;s__Alistipes_obesi	-0.047409108335	0.00351502316678	-0.0398147615551	0.000840365756367	-0.0417411258423	-0.00424053106469	0.0174036936055	0.0335721177364	0.0286293580289	0.031915730905	0.00467564150452	0.0127160010748	-0.0462477653437	1.0	-0.014236224681	-0.0258846108798	-0.0161947922248	-0.000450060942585	-0.0757391056967	0.0121849271441	-0.0354400052643	0.049319250469	0.033653374066	-0.0335917521852	-0.0197591437397	-0.00551802863038	-0.074745937746	0.0153280952991	0.0265907589559	0.00180920288403	-0.0609247540562	0.0138768917521	-0.0233417307225	-0.00961950752571	0.0439851656742	-0.0722762621247	-0.0688681316315	0.0207003884773	0.0164573397774	-0.0330132939378	-0.068574640896	-0.0240717519556	-0.00402718468518	-0.035331124394	-0.0230046500748	-0.0139916130932	0.00585920929502	-0.00584677423645	0.06151527586	0.0058351176372	-0.0399512675446	-0.0368451300996	0.0079187660918	0.0416485506541	0.0309093575374	-0.0491707078911	-0.067336529171	-0.0861879332247	-0.00717752675635
k__Bacteria;p__Firmicutes;c__Clostridia;o__Clostridiales;f__Lachnospiraceae;g__;s__[Eubacterium]_rectale	-0.0113445743778	-0.0242889373058	-0.0150005227831	-0.0374996701356	-0.0206878187556	0.0274738450606	-0.00274309220213	-0.0231476074361	0.0234259196589	-0.00567427753378	0.0287791441367	-0.012934693383	0.048294067665	-0.014236224681	1.0	-0.0266639423628	0.00999730391627	-0.045794168319	-0.0331331403056	-0.0399211834418	-0.000519977169359	-0.0288272296354	0.00727644878424	-0.0133234389424	-0.0257255367814	-0.00312295205769	-0.0295321668506	0.0324363906616	-0.0596923652835	-0.00709592675689	-0.0866779659389	0.0522796714347	-0.00106089327312	-0.046969856376	0.0358395497859	0.0110568082009	-0.0589462211038	0.0295308558547	0.095431877224	-0.0253131716545	-0.00234904286758	-0.0655255459038	0.0105336866304	-0.0812576062002	0.0574000024336	-0.0853260087452	0.0419814906311	0.0121936503135	-0.0573052655871	-0.0128742221191	-0.0238182605092	0.00202812578637	0.00355229417232	0.016578054541	-0.00794043430871	0.00525063887691	-0.00642890441663	0.0501749735157	-0.0527210934225
k__Bacteria;p__Bacteroidetes;c__Bacteroidia;o__Bacteroidales;f__Bacteroidaceae;g__Bacteroides;s__Bacteroides_plebeius	0.000588558945638	-0.00627422501082	-0.0320600664656	-0.000911430479133	0.0104308819422	0.0422251440787	-0.0338579096929	0.0149056152954	0.00718292107357	0.0539373155127	-0.0448210696616	-0.031408509218	0.0191550024476	-0.0258846108798	-0.0266639423628	1.0	-0.0178479319834	0.0285740956074	0.0153508676764	-0.0439596729082	-0.0439181071841	-0.0298162808006	0.00537991724005	0.0145204695859	0.00966833034897	-0.0364898404873	-0.00891503688692	0.0193140588567	-0.0332552379905	0.00704585388886	0.0155488085671	-0.0370891871413	-0.0414911245823	-0.00137752098876	-0.0439365917959	-0.00783399390467	-0.00890982763308	-0.0673997289606	0.0459017270213	-0.0629023863633	-0.0447616748477	-0.00341370787967	0.000484912574568	0.0579291375039	0.0307009711035	0.0165780392146	-0.045900157952	-0.000440838682034	-0.0531248906346	0.0116838630911	-0.00335674924485	-0.00890696894897	0.0378119148642	-0.000947209819259	-0.0419532608147	-0.0514136556982	0.00167749205135	-0.0288527068277	-0.000384709824472
k__Bacteria;p__Bacteroidetes;c__Bacteroidia;o__Bacteroidales;f__Bacteroidaceae;g__Bacteroides;s__Bacteroides_fragilis	-0.0210877848333	0.0368719035846	0.0706693394018	-0.0450100950979	-0.0285210425923	-0.00376968657986	-0.0334168346501	0.0305679125829	0.0436971127903	-0.0313708312111	0.00804444141073	-0.00634315456833	-0.00360980791362	-0.0161947922248	0.00999730391627	-0.0178479319834	1.0	-0.0454212666561	0.0461484278752	-0.0149685525474	0.0515956618931	-0.0232635274015	0.00205827868461	0.0344551972172	-0.0810023614883	-0.0245999385861	-0.0145148230157	0.0407958439554	-0.0216873688538	0.0181917431015	0.0210753857397	-0.0297213844551	0.0403791675918	0.0341070078155	0.00590019130242	0.0380154547373	0.00902594369921	0.03817249566	-0.0161498339363	-0.0116115881259	0.0123796491743	-0.0537858980453	0.0504990435802	0.0253382036308	-0.042518555921	0.0215416439385	0.0310422122568	0.0334352495415	0.0115065745622	-0.0735866246842	0.0139763463406	-0.0306490866203	-0.0220559829865	-0.00259583137385	-0.018701286079	-0.0289918319259	0.00851556037022	-0.00176098377053	-0.0543964187488
k__Bacteria;p__Proteobacteria;c__Betaproteobacteria;o__Burkholderiales;f__Sutterellaceae;g__Sutterella;s__Sutterella_wadsworthensis	-0.0314755710078	0.0387811689736	-0.0758541953002	-0.000290926629817	-0.0244204216292	0.028413675808	-0.0250081880297	0.00742662049165	-0.0208054814124	0.00465667134822	-0.0727490738049	0.0399726855726	0.0214696981582	-0.000450060942585	-0.045794168319	0.0285740956074	-0.0454212666561	1.0	0.0179646765312	-0.0252526528866	-0.0325614102973	0.0147398106736	-0.0308702147315	-0.00801990777535	-0.0345512228631	-0.028456713696	-0.00969245958575	0.014430426211	-0.0283603397739	-0.00292269156104	0.00385045217144	-0.0339417734087	0.00704700180749	-0.0298789480175	-0.0304897647795	-0.0563095450794	0.00536912369363	0.00195331437419	-0.03493567515	-0.0483573095491	-0.0773838776208	-0.017306737192	-0.00484889117295	-0.0124418883291	0.00785270374586	-0.00500667600032	0.00526327628491	0.000966440821526	-0.0146751967615	0.00907168698527	-0.00384370038963	0.00153178771112	0.0521347646604	0.0312218061727	0.0178420197594	-0.0594193885917	-0.0486087159088	0.0285120917366	0.0026677313017
k__Bacteria;p__Bacteroidetes;c__Bacteroidia;o__Bacteroidales;f__Porphyromonadaceae;g__Barnesiella;s__Barnesiella_intestinihominis	0.00111544745786	-0.0540264060296	0.00850215888863	-0.0014704743111	0.0176086954319	-0.0421197354497	-0.00912403834433	0.000551751673708	0.00246915634254	-0.0138428047818	-0.0192294879084	-0.00798643029389	-0.00987664714884	-0.0757391056967	-0.0331331403056	0.0153508676764	0.0461484278752	0.0179646765312	1.0	-0.0325874773476	0.00662725882985	-0.0363381026618	-0.00040035479891	0.015921626773	-0.0071154008911	-0.0173438372054	-0.0190429353553	-0.000775712613601	0.00947288882008	0.0240479764696	0.0259747856505	-0.0566720187642	-0.0151348375313	-0.0587933338113	-0.00614618757337	0.00132384376183	0.0167254647147	-0.0148393086804	0.0172419191733	0.00120350395836	-0.0545753902249	-0.0348097878665	-0.0527778571803	0.0274788297944	-0.0238393846438	0.00732438865154	-0.0245207564914	0.0135805089106	0.0163071453512	0.0331786818721	-0.0152709064521	0.0270681761158	0.0364358150289	-0.00822306626589	0.036575525662	0.0343370993471	-0.0649194228149	-0.0361757623412	-0.0163741114975
k__Bacteria;p__Bacteroidetes;c__Bacteroidia;o__Bacteroidales;f__Odoribacteraceae;g__Odoribacter;s__Odoribacter_splanchnicus	0.00574888107917	0.0946382287988	0.0436923102707	-0.0344793536975	0.00156664981651	0.029316872912	0.002404409231	0.0219964559429	-0.0340208256495	-0.0336045076021	0.0258153737706	-0.0336338424709	-0.0112143852563	0.0121849271441	-0.0399211834418	-0.0439596729082	-0.0149685525474	-0.0252526528866	-0.0325874773476	1.0	-0.0392375051526	-0.0224816343498	-0.0716676234842	-0.0236413838891	0.0541556177765	0.00481790875137	-0.00643242460211	-0.00712747932597	-0.00949148005444	-0.0461406055957	0.00332204813848	-0.0465485298481	-0.00537201134593	-0.0336179779866	-0.0140892084376	0.0391477598192	0.0276949796496	0.0657190919217	-0.00147815275454	-0.000795193477202	-0.028769100529	0.0441652673458	-0.063112281189	-0.0495121276697	-0.0531042623826	-0.0125350800207	-0.00056607919206	-0.0173588956517	-0.0347964049287	-0.0203714791054	0.00913170018208	-0.0233373834409	-0.0154569337355	0.00159412350468	0.0167982918996	-0.000171750650623	0.0335786387403	-0.0209393027149	0.0271751950254
k__Bacteria;p__Bacteroidetes;c__Bacteroidia;o__Bacteroidales;f__Bacteroidaceae;g__Bacteroides;s__Bacteroides_salyersiae	0.00957326783011	-0.0325449923166	-0.0288075149194	-0.0138556127057	-0.021436210952	-0.00863896307193	0.045552859834	0.044123764055	0.0164971820102	-0.0286806376385	-0.0118978247421	-0.0421567189572	-0.0419801238159	-0.0354400052643	-0.000519977169359	-0.0439181071841	0.0515956618931	-0.0325614102973	0.00662725882985	-0.0392375051526	1.0	-0.00308054857946	-0.0127575411473	-0.0497855709305	-0.00515011781618	-0.0352502416265	0.0494942917773	0.00338554724409	0.0248021437919	-0.0124645181333	0.0241492127598	0.00636654783239	0.0480833679223	0.0433067392707	0.0185565712692	0.0432149269586	-0.0263024220607	-0.0131709356731	-0.0559225734422	-0.0587977423867	-0.0302624358609	-0.0104324298497	-0.0157632071978	0.0225797413757	-0.0702365760407	-0.0748378243425	-0.00691746369714	-0.000771082286099	-0.021744308188	-0.0231485554221	-0.00990344449888	-0.00362950300195	-0.0277842474292	0.0209757533633	0.0142106503517	-0.0277832766297	0.00429296732342	0.0463957565422	0.024963506641
k__Bacteria;p__Firmicutes;c__Clostridia;o__Clostridiales;f__Ruminococcaceae;g__Ruminiclostridium;s__[Eubacterium]_siraeum	-0.0546136473019	-0.0708884848114	0.0360335028153	-0.0435855662905	-0.0319352435211	-0.0410837915805	-0.00688287491046	0.0361027770518	-0.0471670047768	-0.0515359942247	0.0703005040319	0.0184946656209	-0.0289581555987	0.049319250469	-0.0288272296354	-0.0298162808006	-0.0232635274015	0.0147398106736	-0.0363381026618	-0.0224816343498	-0.00308054857946	1.0	0.0075120513073	0.0230419876954	-0.0330255922783	-0.0103133669359	-0.0378540986445	0.00900015895639	-0.0100093044213	0.00574159210514	-0.0626759909582	-0.0298878149874	0.00948232857571	-0.0311186301015	0.0110782849792	0.00296156546961	-0.0289514369863	0.00421367554248	-0.0430708389921	-0.0224223492472	0.0249441665215	0.00210519531383	-0.0648286897374	-0.000346678267654	-0.0350333403035	0.000831714747494	0.00859121922701	0.0237908892018	0.0138160382989	0.00588927507325	-0.0210499556832	-0.00452526561036	0.0170556268549	0.0230349569692	-0.056841484132	-0.0331754967553	-0.0193131204631	0.0184461210258	-0.0284267552364
k__Bacteria;p__Proteobacteria;c__Betaproteobacteria;o__Burkholderiales;f__Sutterellaceae;g__Parasutterella;s__Parasutterella_excrementihominis	-0.0172233040116	-0.026757134949	0.0240120926863	-0.0306031178559	-0.0308929319634	-0.0109352424891	-0.0145801695602	0.0657016140068	0.0538084877096	-0.00131384562219	0.00207710974985	0.0210177178694	-0.0596277602724	0.033653374066	0.00727644878424	0.00537991724005	0.00205827868461	-0.0308702147315	-0.00040035479891	-0.0716676234842	-0.0127575411473	0.0075120513073	1.0	0.0378996383917	0.034603574171	-0.0287199083878	0.0488524706177	0.0121357937578	-0.0379759866984	-0.00621762601559	-0.0358317771385	0.0150676357566	0.0244219393229	0.00865904768652	-0.0308935983916	0.0467382151835	-0.0610615938712	-0.019354068804	-0.0460424190053	0.00937061965399	0.00940631715713	0.052434170142	-0.0273957492692	-0.0181389198183	0.0305490878596	0.0463118540558	-0.00369534045256	0.0464915689379	-0.0747537733667	-0.0393185786107	-0.000170249783928	-0.0120506077648	0.000277936926085	-0.0114773455007	-0.0307103602237	0.00390769265456	-0.0296678035919	-0.0613951465356	-0.00461197630569
k__Bacteria;p__Actinobacteria;c__Actinobacteria;o__Bifidobacteriales;f__Bifidobacteriaceae;g__Bifidobacterium;s__Bifidobacterium_adolescentis	-0.00578520090029	0.0237853468235	-0.0297777779812	-0.00865619466362	-0.0569588069392	0.0107773360723	0.0228572664452	0.0166843416251	-0.0403472103428	-0.0188676021662	0.0222208700792	-0.00658559856264	0.0175690597993	-0.0335917521852	-0.0133234389424	0.0145204695859	0.0344551972172	-0.00801990777535	0.015921626773	-0.0236413838891	-0.0497855709305	0.0230419876954	0.0378996383917	1.0	0.0128358421064	-0.0205904761419	-0.0208479899035	-0.0379300005444	0.0332398417805	-0.00779421571982	-0.0394704616216	-0.0199007580314	0.0154522561251	0.0105407618001	-0.072485350408	-0.0519838977518	0.0230376593937	0.0345019242828	-0.0352772890765	0.0290609956247	-0.0181746284994	0.0448292200341	0.0463320578163	0.0295126828798	0.0107446742539	-0.0359093310888	-0.0513843386527	-0.0202823564631	0.0195586617495	0.0160067356481	-0.00232475410991	-0.0392584889709	-0.0102215194435	-0.000659566099795	-0.0248959271063	-0.0335472587922	-0.00896662424928	-0.0335772270552	-0.0353700318344
k__Bacteria;p__Firmicutes;c__Clostridia;o__Clostridiales;f__Oscillospiraceae;g__Oscillibacter;s__Oscillibacter_sp._KLE_1745	0.0138427609593	-0.0182981176844	-0.0562333571265	0.0315535704247	-0.0803589807964	0.0267623349873	-0.0516197617969	-0.013161568505	-0.0256328214409	-0.00509855097758	0.00132663119337	-0.0122662098723	0.0380087438696	-0.0197591437397	-0.0257255367814	0.00966833034897	-0.0810023614883	-0.0345512228631	-0.0071154008911	0.0541556177765	-0.00515011781618	-0.0330255922783	0.034603574171	0.0128358421064	1.0	-0.00628906307761	0.0930628135738	-0.0109027731908	-0.0286066403177	0.0272938884988	0.0250580914667	0.00866586006672	-0.0657552465522	0.0552965637953	0.0148388321442	-0.00621773529998	0.00578429062788	5.17250589798e-05	-0.0223664415667	0.0330940090267	0.0147323549258	0.0309880510713	-0.00866972119431	0.0414136846946	0.0166100958024	0.00132491506077	-0.0183858901297	0.0150162452682	-0.0341646912632	0.036538143435	-0.00282878829483	-0.0197878629366	0.00166289234999	0.0214973281427	-0.0393591339012	0.00162399294797	-0.0107495257839	-0.0637257332676	-0.0802687096617
k__Bacteria;p__Bacteroidetes;c__Bacteroidia;o__Bacteroidales;f__Bacteroidaceae;g__Bacteroides;s__Bacteroides_coprophilus	0.0364598705795	-0.0152746288081	-0.0178272069938	-0.0726143819948	0.000485126691223	-0.0488328737688	0.032671934197	0.00382175960588	-0.0294727813943	-0.0346024144162	0.0745159482596	-0.0326518477064	0.000579138609509	-0.00551802863038	-0.00312295205769	-0.0364898404873	-0.0245999385861	-0.028456713696	-0.0173438372054	0.00481790875137	-0.0352502416265	-0.0103133669359	-0.0287199083878	-0.0205904761419	-0.00628906307761	1.0	0.0468260581522	0.0230009276404	-0.0117525742492	-0.0321355371043	-0.0251008869747	0.0374447001816	-0.0646711421669	0.0334347120114	0.0450858243373	-0.0532148585209	0.0357211581137	0.0456763206069	0.00321372935421	0.0147166847019	-0.020313099241	-0.0384519723639	-0.0200808256335	0.0320385135942	-0.0459891477861	0.0628657262764	-0.022319553011	-0.0560532433861	-0.0358620214844	0.00222250394348	-0.0432430123936	0.0595343384616	-0.0105865738113	0.0293687541341	-0.0943776976306	0.0104308443729	0.0179185068866	-0.00172825090809	-0.0639643139309
k__Bacteria;p__Firmicutes;c__Clostridia;o__Clostridiales;f__Lachnospiraceae;g__Roseburia;s__Roseburia_intestinalis	0.0426041132371	0.00148264454595	-0.0771076558068	0.00555318440086	0.050625063885	-0.0480233859602	-0.0113655943978	-0.0115693675245	-0.0362507252837	0.036300257267	-0.0567354994734	-0.0183015714315	-0.0785084565427	-0.074745937746	-0.0295321668506	-0.00891503688692	-0.0145148230157	-0.00969245958575	-0.0190429353553	-0.00643242460211	0.0494942917773	-0.0378540986445	0.0488524706177	-0.0208479899035	0.0930628135738	0.0468260581522	1.0	0.0193427844817	-0.0397225129137	0.0313463611331	0.102130800743	-0.0242878939233	-0.00389714601329	0.0230002453357	0.0247591705173	0.0238718133954	-0.0420854079808	0.0199342395544	-0.0313354540192	-0.0492088087787	-0.0313914566127	-0.0175572319014	-0.0277914224893	0.00698104327403	-0.0132831823965	0.0149892052303	0.0171008485884	0.0303373327769	-0.0318228040716	0.00624926857323	-0.00224725993433	0.0210663923967	-0.017882722354	0.0578015578182	0.00641725584026	0.0424152147124	0.0245922517238	0.00192373629356	-0.0360832849039
k__Bacteria;p__Firmicutes;c__Clostridia;o__Clostridiales;f__Lachnospiraceae;g__Roseburia;s__Roseburia_hominis	-0.0842100489624	-0.0156017685953	0.0269809382409	-0.0016848277293	0.0739932866515	0.00957717596947	-0.0336454867513	-0.00376134485361	-0.0305490702544	-0.0017954489211	0.033225363971	-0.00634605479648	-9.31564349727e-05	0.0153280952991	0.0324363906616	0.0193140588567	0.0407958439554	0.014430426211	-0.000775712613601	-0.00712747932597	0.00338554724409	0.00900015895639	0.0121357937578	-0.0379300005444	-0.0109027731908	0.0230009276404	0.0193427844817	1.0	-0.010327086084	-0.0173905172966	0.0786729180188	-0.0414935215781	0.0043431020529	-0.0300136789059	-0.0444238769608	-0.0331198278737	-0.0576842785102	-0.0361514965743	0.0309777170778	-0.0155652125635	-0.0436270640531	-0.0138579149442	-0.0463165051046	0.0396203314032	0.00717168823401	-0.0243093507172	-0.0268562165069	-0.0266319869402	-0.028510386717	-0.0241680606542	0.0185685049164	0.0444290201163	-0.027007075022	-0.00536947365842	0.0440355792175	-0.0237724156605	-0.0306729390434	-0.0260229961407	-0.0351472582794
k__Bacteria;p__Bacteroidetes;c__Bacteroidia;o__Bacteroidales;f__Porphyromonadaceae;g__Parabacteroides;s__Parabacteroides_johnsonii	-0.00717667724306	0.0194267187828	0.0355561378762	-0.0344433868372	-0.0168814047556	-0.000644301328994	-0.0358129136037	-0.00362842962506	-0.00362053741413	0.0133214060117	0.00311253302151	0.0037032722656	-0.0445926241928	0.0265907589559	-0.0596923652835	-0.0332552379905	-0.0216873688538	-0.0283603397739	0.00947288882008	-0.00949148005444	0.0248021437919	-0.0100093044213	-0.0379759866984	0.0332398417805	-0.0286066403177	-0.0117525742492	-0.0397225129137	-0.010327086084	1.0	0.0208631427634	-0.0845614896285	-0.0617310664523	-0.0581472801853	-0.00286109059183	0.0133295939026	-0.0394213653916	-0.0134242683877	0.0199339292305	0.0397723277392	-0.00499259329205	-0.00849762879897	-0.0155780675536	-0.0242503944137	-0.0151757635187	-0.00878306352004	-0.0452750988196	0.0103595350654	-0.0264877252297	0.0230720284949	0.0499694975722	-0.0107373979684	0.0289432017255	-0.0321909701226	-0.0153742944501	-0.0255585094775	0.0402709696169	-0.00262102680577	-0.0316232728287	0.017278400877
