#taxonomy	k__Bacteria;p__Bacteroidetes;c__Bacteroidia;o__Bacteroidales;f__Bacteroidaceae;g__Bacteroides;s__Bacteroides_vulgatus	k__Bacteria;p__Bacteroidetes;c__Bacteroidia;o__Bacteroidales;f__Bacteroidaceae;g__Bacteroides;s__Bacteroides_uniformis	k__Bacteria;p__Bacteroidetes;c__Bacteroidia;o__Bacteroidales;f__Rikenellaceae;g__Alistipes;s__Alistipes_putredinis	k__Bacteria;p__Bacteroidetes;c__Bacteroidia;o__Bacteroidales;f__Prevotellaceae;g__Prevotella;s__Prevotella_copri	k__Bacteria;p__Bacteroidetes;c__Bacteroidia;o__Bacteroidales;f__Bacteroidaceae;g__Bacteroides;s__Bacteroides_stercoris	k__Bacteria;p__Bacteroidetes;c__Bacteroidia;o__Bacteroidales;f__Bacteroidaceae;g__Bacteroides;s__Bacteroides_ovatus	k__Bacteria;p__Bacteroidetes;c__Bacteroidia;o__Bacteroidales;f__Rikenellaceae;g__Alistipes;s__Alistipes_shahii	k__Bacteria;p__Firmicutes;c__Clostridia;o__Clostridiales;f__Ruminococcaceae;g__Faecalibacterium;s__Faecalibacterium_prausnitzii	k__Bacteria;p__Bacteroidetes;c__Bacteroidia;o__Bacteroidales;f__Rikenellaceae;g__Alistipes;s__Alistipes_finegoldii	k__Bacteria;p__Bacteroidetes;c__Bacteroidia;o__Bacteroidales;f__Porphyromonadaceae;g__Parabacteroides;s__Parabacteroides_distasonis	k__Bacteria;p__Bacteroidetes;c__Bacteroidia;o__Bacteroidales;f__Bacteroidaceae;g__Bacteroides;s__Bacteroides_thetaiotaomicron	k__Bacteria;p__Bacteroidetes;c__Bacteroidia;o__Bacteroidales;f__Bacteroidaceae;g__Bacteroides;s__Bacteroides_coprocola	k__Bacteria;p__Bacteroidetes;c__Bacteroidia;o__Bacteroidales;f__Bacteroidaceae;g__Bacteroides;s__Bacteroides_cellulosilyticus	k__Bacteria;p__Bacteroidetes;c__Bacteroidia;o__Bacteroidales;f__Rikenellaceae;g__Alistipes;s__Alistipes_obesi	k__Bacteria;p__Firmicutes;c__Clostridia;o__Clostridiales;f__Lachnospiraceae;g__;s__[Eubacterium]_rectale	k__Bacteria;p__Bacteroidetes;c__Bacteroidia;o__Bacteroidales;f__Bacteroidaceae;g__Bacteroides;s__Bacteroides_plebeius	k__Bacteria;p__Bacteroidetes;c__Bacteroidia;o__Bacteroidales;f__Bacteroidaceae;g__Bacteroides;s__Bacteroides_fragilis	k__Bacteria;p__Proteobacteria;c__Betaproteobacteria;o__Burkholderiales;f__Sutterellaceae;g__Sutterella;s__Sutterella_wadsworthensis	k__Bacteria;p__Bacteroidetes;c__Bacteroidia;o__Bacteroidales;f__Porphyromonadaceae;g__Barnesiella;s__Barnesiella_intestinihominis	k__Bacteria;p__Bacteroidetes;c__Bacteroidia;o__Bacteroidales;f__Odoribacteraceae;g__Odoribacter;s__Odoribacter_splanchnicus	k__Bacteria;p__Bacteroidetes;c__Bacteroidia;o__Bacteroidales;f__Bacteroidaceae;g__Bacteroides;s__Bacteroides_salyersiae	k__Bacteria;p__Firmicutes;c__Clostridia;o__Clostridiales;f__Ruminococcaceae;g__Ruminiclostridium;s__[Eubacterium]_siraeum	k__Bacteria;p__Proteobacteria;c__Betaproteobacteria;o__Burkholderiales;f__Sutterellaceae;g__Parasutterella;s__Parasutterella_excrementihominis	k__Bacteria;p__Actinobacteria;c__Actinobacteria;o__Bifidobacteriales;f__Bifidobacteriaceae;g__Bifidobacterium;s__Bifidobacterium_adolescentis	k__Bacteria;p__Firmicutes;c__Clostridia;o__Clostridiales;f__Oscillospiraceae;g__Oscillibacter;s__Oscillibacter_sp._KLE_1745	k__Bacteria;p__Bacteroidetes;c__Bacteroidia;o__Bacteroidales;f__Bacteroidaceae;g__Bacteroides;s__Bacteroides_coprophilus	k__Bacteria;p__Firmicutes;c__Clostridia;o__Clostridiales;f__Lachnospiraceae;g__Roseburia;s__Roseburia_intestinalis	k__Bacteria;p__Firmicutes;c__Clostridia;o__Clostridiales;f__Lachnospiraceae;g__Roseburia;s__Roseburia_hominis	k__Bacteria;p__Bacteroidetes;c__Bacteroidia;o__Bacteroidales;f__Porphyromonadaceae;g__Parabacteroides;s__Parabacteroides_johnsonii	k__Bacteria;p__Actinobacteria;c__Actinobacteria;o__Bifidobacteriales;f__Bifidobacteriaceae;g__Bifidobacterium;s__Bifidobacterium_longum	k__Bacteria;p__Firmicutes;c__Clostridia;o__Clostridiales;f__;g__Flavonifractor;s__Flavonifractor_plautii	k__Bacteria;p__Firmicutes;c__Clostridia;o__Clostridiales;f__Clostridiaceae;g__Clostridium;s__Clostridium_phoceensis	k__Bacteria;p__Verrucomicrobia;c__Verrucomicrobiae;o__Verrucomicrobiales;f__Akkermansiaceae;g__Akkermansia;s__Akkermansia_muciniphila	k__Bacteria;p__Bacteroidetes;c__Bacteroidia;o__Bacteroidales;f__Prevotellaceae;g__Paraprevotella;s__Paraprevotella_xylaniphila	k__Bacteria;p__Firmicutes;c__Clostridia;o__Clostridiales;f__Ruminococcaceae;g__Ruminococcus;s__Ruminococcus_callidus	k__Bacteria;p__Bacteroidetes;c__Bacteroidia;o__Bacteroidales;f__Rikenellaceae;g__Alistipes;s__Alistipes_senegalensis	k__Bacteria;p__Firmicutes;c__Clostridia;o__Clostridiales;f__Lachnospiraceae;g__Blautia;s__Blautia_sp._KLE_1732	k__Bacteria;p__Bacteroidetes;c__Bacteroidia;o__Bacteroidales;f__Bacteroidaceae;g__Bacteroides;s__Bacteroides_oleiciplenus	k__Bacteria;p__Firmicutes;c__Clostridia;o__Clostridiales;f__Ruminococcaceae;g__Ruminococcus;s__Ruminococcus_bicirculans	k__Bacteria;p__Bacteroidetes;c__Bacteroidia;o__Bacteroidales;f__Bacteroidaceae;g__Bacteroides;s__Bacteroides_fluxus	k__Bacteria;p__Bacteroidetes;c__Bacteroidia;o__Bacteroidales;f__Prevotellaceae;g__Prevotella;s__Prevotella_stercorea	k__Bacteria;p__Firmicutes;c__Clostridia;o__Clostridiales;f__Lachnospiraceae;g__Dorea;s__Dorea_longicatena	k__Bacteria;p__Firmicutes;c__Clostridia;o__Clostridiales;f__Eubacteriaceae;g__Eubacterium;s__[Eubacterium]_eligens	k__Bacteria;p__Firmicutes;c__Clostridia;o__Clostridiales;f__Ruminococcaceae;g__;s__Ruminococcaceae_bacterium_D16	k__Bacteria;p__Firmicutes;c__Clostridia;o__Clostridiales;f__Lachnospiraceae;g__Coprococcus;s__Coprococcus_comes	k__Bacteria;p__Proteobacteria;c__Gammaproteobacteria;o__Enterobacterales;f__Enterobacteriaceae;g__Escherichia;s__Escherichia_coli	k__Bacteria;p__Firmicutes;c__Clostridia;o__Clostridiales;f__Ruminococcaceae;g__Anaerotruncus;s__Anaerotruncus_colihominis	k__Bacteria;p__Firmicutes;c__Clostridia;o__Clostridiales;f__Lachnospiraceae;g__Blautia;s__Blautia_obeum	k__Bacteria;p__Bacteroidetes;c__Bacteroidia;o__Bacteroidales;f__Odoribacteraceae;g__Odoribacter;s__Odoribacter_laneus	k__Bacteria;p__Firmicutes;c__Clostridia;o__Clostridiales;f__Ruminococcaceae;g__Ruminiclostridium;s__[Clostridium]_leptum	k__Bacteria;p__Bacteroidetes;c__Bacteroidia;o__Bacteroidales;f__Porphyromonadaceae;g__Parabacteroides;s__Parabacteroides_goldsteinii	k__Bacteria;p__Firmicutes;c__Clostridia;o__Clostridiales;f__Lachnospiraceae;g__Anaerostipes;s__Anaerostipes_hadrus	k__Bacteria;p__Firmicutes;c__Clostridia;o__Clostridiales;f__Ruminococcaceae;g__Ruminococcus;s__Ruminococcus_lactaris	k__Bacteria;p__Firmicutes;c__Clostridia;o__Clostridiales;f__Clostridiaceae;g__Clostridium;s__Clostridium_sp._L2-50	k__Bacteria;p__Firmicutes;c__Clostridia;o__Clostridiales;f__Clostridiaceae;g__Clostridium;s__Clostridium_sp._M62/1	k__Bacteria;p__Firmicutes;c__Clostridia;o__Clostridiales;f__;g__Intestinimonas;s__Intestinimonas_butyriciproducens	k__Bacteria;p__Actinobacteria;c__Actinobacteria;o__Bifidobacteriales;f__Bifidobacteriaceae;g__Bifidobacterium;s__Bifidobacterium_bifidum	k__Bacteria;p__Firmicutes;c__Negativicutes;o__Veillonellales;f__Veillonellaceae;g__Dialister;s__Dialister_invisus	k__Bacteria;p__Bacteroidetes;c__Bacteroidia;o__Bacteroidales;f__Bacteroidaceae;g__Bacteroides;s__Bacteroides_salanitronis
k__Bacteria;p__Bacteroidetes;c__Bacteroidia;o__Bacteroidales;f__Bacteroidaceae;g__Bacteroides;s__Bacteroides_vulgatus	1.0	0.0250372319754	0.0156075965704	0.0351428524498	0.0245359885346	-0.0210525511895	-0.00113687882242	-0.0279745250531	-0.0145408889006	-0.0165142539241	-0.0402323921161	-0.0232758482295	0.028223975961	-0.0254067320154	-0.0379014789291	0.00709064668531	0.0207014884798	-0.000592129696214	-0.00480485032809	0.027765667706	-0.0488257340223	0.00911937265258	0.0219286414895	0.0421955653321	-0.0121537426419	-0.00151559534119	-0.0575236695104	-0.0149115340803	-0.0235530654806	0.00278327239115	0.034741863464	-0.0456181917655	-0.0453294707365	-0.0755865014078	0.0314933616829	0.0426334100693	0.0226445771786	0.000191652662442	0.00690087893082	-0.0234620991046	-0.0200149280491	0.00384521908643	0.00702755682874	-0.0320096538763	-0.046188872137	-0.0175043398864	-0.0248841125397	0.0436862604412	-0.037154370516	-0.00280182615566	0.00162648124798	-0.0499921100353	-0.0257105633872	0.0123088683779	-0.0597053649559	0.0451331132047	-0.0146089756112	0.00282037611271	-0.00887535949121
k__Bacteria;p__Bacteroidetes;c__Bacteroidia;o__Bacteroidales;f__Bacteroidaceae;g__Bacteroides;s__Bacteroides_uniformis	0.0250372319754	1.0	-0.0219486803096	0.00152556022152	0.0502429137888	-0.0125422074336	-0.00747690565296	0.0262810838395	0.0034436209932	-0.0625876709537	-0.0690452858638	-0.0107917141274	0.0014878051664	-0.00496925502882	0.0158410498399	-0.0564532723988	-0.0426012643845	-0.0475442260402	-0.0168271909739	-0.0265234242071	0.0136765364363	-0.0218735256002	-0.0593254081218	-0.00300136817836	0.0425256763679	0.0574459503768	-0.0937727538098	-0.00732652318181	-0.00861917009588	-0.0207853455665	-0.0232909200816	0.0419901986962	0.0585978992752	-0.0297948982267	0.00226114338712	-0.0124900773731	-0.0834620082324	-0.0160607273744	0.0105839921545	-0.0328086619101	-0.0601244522948	-0.0210524390584	0.0146785912535	-0.0741190560971	0.029179781302	-0.0280126594539	-0.0206692957962	-0.0193909251329	0.00157542170809	-0.024976401144	0.00467628114623	-0.00449289506032	0.00888650075077	0.0100398784109	0.052480280651	-0.0547397853114	0.016516422954	0.036282015084	-0.0238415407177
k__Bacteria;p__Bacteroidetes;c__Bacteroidia;o__Bacteroidales;f__Rikenellaceae;g__Alistipes;s__Alistipes_putredinis	0.0156075965704	-0.0219486803096	1.0	0.0504817440456	-0.0452555017908	-0.0200825461771	-0.0142424381073	-0.00510216314935	-0.0419988448411	0.0171198339809	-0.00347506828341	0.0218010156868	-0.0605281438961	-0.0196234453268	-0.0823933295357	0.0548750249624	0.00987962848536	-0.00881106861757	0.0525509102172	0.0149203532243	-0.010461554312	0.00412816929549	-0.0320392263614	-0.0599815391928	-0.0184657531878	-0.00603224974362	-0.0130688088009	0.0143513795029	-0.005922360555	0.0253736700027	-0.0178530341213	-0.0179021255436	-0.0031203633791	-0.0328232030997	0.0168561538134	0.0569312032837	-0.00353288575736	-0.0483764858712	0.0192796852701	-0.0386694204681	0.0118063912043	-0.0511730371525	-0.0222302101006	-0.0175453475049	0.00202122029837	0.0908145562594	0.0181721665708	0.0140638071638	0.0208338468147	0.00166012558138	-0.0242103575382	0.00499053588105	0.00397459127132	0.0134831498646	-0.0435463816503	0.0173954489871	-0.0258338425173	-0.0441400120558	0.0617737130519
k__Bacteria;p__Bacteroidetes;c__Bacteroidia;o__Bacteroidales;f__Prevotellaceae;g__Prevotella;s__Prevotella_copri	0.0351428524498	0.00152556022152	0.0504817440456	1.0	0.00293650195261	0.0228055221283	-0.0195053481232	-0.0102478627344	0.00887088489309	-0.00316248553032	-0.0798306756456	-0.0644593409257	0.00960502164528	-0.0807011174399	0.00368087183139	-0.0518320040098	-0.0595962480351	0.0218187827858	0.00144565499595	0.0486606690926	0.00180065057358	0.0455105238805	-0.031079696461	-0.00253006172057	0.0126029990465	-0.0358229875538	0.0447818390667	0.0110797038572	-0.0176062554245	0.00915826936878	-0.0315762341294	0.00922123170065	0.00995254778385	0.0318727767245	-0.0286769752516	-0.00191739476843	-0.00294953594089	-0.0179471538647	-0.0184507459791	-0.0691612582519	-0.0191989369696	0.00853644294641	-0.0135906169947	0.00710473236834	-0.0470414193473	-0.0358737168182	-0.00972536175505	-0.0261753144167	0.0343823258284	-0.00831715041323	0.0198919976461	0.0795642264393	-0.0402876767097	-0.0397440892488	-0.0027750256836	-0.00308457929651	-0.0376458183594	-0.0386112157129	0.0314555906946
k__Bacteria;p__Bacteroidetes;c__Bacteroidia;o__Bacteroidales;f__Bacteroidaceae;g__Bacteroides;s__Bacteroides_stercoris	0.0245359885346	0.0502429137888	-0.0452555017908	0.00293650195261	1.0	-0.02872949042	0.0136895397756	-0.0146215051539	0.00371032090098	0.000649970755196	-0.00189824000988	-0.0147342113239	-0.00031809445075	0.0272911069816	-0.0311991402011	0.00846211677074	-0.00730402020569	-0.0441440886349	0.00531078090779	0.0147528285681	0.00100587050747	-0.0392801733965	-0.00536974422514	-0.0466339716692	-0.0155516756521	-0.0499610436919	-0.0302527866589	-0.0115373343524	0.00731697773494	0.00699668806709	0.0480712611824	-0.0213684844235	-0.00547440662767	-0.0382148986537	-0.0418054488651	0.0122088760284	0.0678760167444	0.0376046473102	-0.0187326850577	0.0213253480873	0.0358950505584	0.020307832825	-0.0104282075038	-0.00304524660997	-0.0304710432168	-0.0281292985636	-0.0665213758564	0.0624453068932	0.0137883284328	-0.0669787132749	-0.0202464567287	-0.0858287008098	0.0246750529109	0.0170748258571	0.00204295052508	0.0143895448264	0.0364221256051	-0.0275026539937	-0.0365706044072
k__Bacteria;p__Bacteroidetes;c__Bacteroidia;o__Bacteroidales;f__Bacteroidaceae;g__Bacteroides;s__Bacteroides_ovatus	-0.0210525511895	-0.0125422074336	-0.0200825461771	0.0228055221283	-0.02872949042	1.0	0.000905650535933	0.0155328647479	-0.0365685265651	0.00539140121886	0.022240777904	0.0510962183658	-0.00123074307864	-0.0569225735352	-0.0382860640499	-0.0102163139127	-0.0327925134768	0.0081371086529	0.0266637953408	-0.02822035759	0.0240175848605	-0.00404317186769	-0.0129275594059	0.00656938466797	0.0537038811682	0.0566823867546	-0.0275522220921	0.0150394300486	0.0519529839396	-0.00597803957328	-0.00533898285165	-0.0539072815565	0.0180210060396	0.0306226970039	0.00682241350442	0.018560452367	-0.0234428398778	0.00475054001489	-0.0154589593237	0.00323767511514	-0.0664581874881	-0.0302177941667	-0.0322617297645	-0.00284564688362	0.0234116191404	0.0140806689349	-0.0406307232955	-0.0133625745817	-0.0219365242638	-0.0580516039445	-0.0215224278655	-0.0565778858862	-0.0390595893858	-0.0331064880295	-0.0138391313728	-0.0246068230556	-0.021447772453	0.0171149319658	-0.0158688509844
k__Bacteria;p__Bacteroidetes;c__Bacteroidia;o__Bacteroidales;f__Rikenellaceae;g__Alistipes;s__Alistipes_shahii	-0.00113687882242	-0.00747690565296	-0.0142424381073	-0.0195053481232	0.0136895397756	0.000905650535933	1.0	0.0206726724156	0.00228618866222	0.0121626752011	0.0137774881126	-0.0135926854452	-0.00272336906062	0.0294420779452	0.0440260742378	-0.0199571912651	-0.027659178099	-0.0389902933735	-0.0346465661704	-0.0144315011926	0.0412752412558	-0.0709036048521	-0.0150894212106	0.0965239325731	-0.0203928787124	0.049259933696	-0.0309856095038	-0.0197452392884	-0.00477809545537	-0.00227444077518	0.0218861918454	-0.0422277741001	0.0382588288557	-0.0576323573793	0.0189216812274	-0.0159790119394	-0.0429395580303	-0.0153627473337	-0.0442791394178	-0.0246373139234	-0.0353888200226	-0.046476647606	-0.0214844938257	-0.0146492707471	-0.0311116963563	-0.0153274927044	0.0545083199022	0.00278168247456	0.0228304073345	0.0484511390348	0.0249574063123	0.000538281252306	-0.023103592481	-0.0159002072562	0.0076339928684	-0.0018770072047	0.049309247674	-0.0265571439759	-0.0114129448674
k__Bacteria;p__Firmicutes;c__Clostridia;o__Clostridiales;f__Ruminococcaceae;g__Faecalibacterium;s__Faecalibacterium_prausnitzii	-0.0279745250531	0.0262810838395	-0.00510216314935	-0.0102478627344	-0.0146215051539	0.0155328647479	0.0206726724156	1.0	0.0243489591262	-0.023684991204	-0.00602442843027	0.00343860208159	0.0301117441284	0.0094310752692	-0.00506714224862	0.00171059733597	0.0025226263904	-0.0195783709524	0.00159711715812	-0.00236631401522	-0.066213527973	-0.0565892605609	-0.0588591694962	-0.02277407845	0.00530938692943	0.0228251862118	0.0499751240053	-0.0586002926697	-0.0167148852908	0.0551752733103	-0.0152306246121	-0.0889394475844	-0.0148756688969	-0.0433456773931	0.053215286785	0.00639993284504	-0.0433369283376	0.0236162569053	-0.0588989814238	-0.0295285109847	-0.0112130577495	-0.0120759961439	0.0293216515172	-0.0114914653597	-0.0186657558029	-0.0385816389226	0.0187434376966	-0.025946859577	-0.0548812622719	0.0263246697539	-0.0416483788396	-0.0246079010289	-0.017507744471	-0.0271703166865	0.0190883002096	-0.0052279322887	-0.0117199206203	-0.0247902184774	-0.0716861301776
k__Bacteria;p__Bacteroidetes;c__Bacteroidia;o__Bacteroidales;f__Rikenellaceae;g__Alistipes;s__Alistipes_finegoldii	-0.0145408889006	0.0034436209932	-0.0419988448411	0.00887088489309	0.00371032090098	-0.0365685265651	0.00228618866222	0.0243489591262	1.0	-0.0201767796477	-0.0108098004279	-0.0207988280515	0.00496696407027	-0.0622515665202	-0.00985224634042	0.00571956487498	0.055343047086	-0.00525288196351	-0.139387401348	-0.0638889737326	-0.00760058125031	-0.00444005216791	-0.027916858126	-0.0346255119988	0.00309551073062	-0.0404033551256	0.00624984345316	-0.0644593255786	0.0341708188363	-0.0474651272215	-0.0621215099593	0.0195529196937	-0.0022063420386	-0.0311721066597	0.0449652074865	-0.039772752804	-0.05112849025	0.0256723651506	-0.032667982034	-0.0175721094885	0.0642656275119	0.0626101076897	0.0251949063668	-0.00304713240998	-0.0409086656863	0.0149823649792	0.0127159968976	-0.00745332293389	-0.0072221937659	-0.0214441262243	0.0335711548765	0.00875799189205	-0.00590706323425	0.0400248279429	-0.00748522394489	-0.00823311455927	-0.0147274487973	0.00889025377265	0.0375719861354
k__Bacteria;p__Bacteroidetes;c__Bacteroidia;o__Bacteroidales;f__Porphyromonadaceae;g__Parabacteroides;s__Parabacteroides_distasonis	-0.0165142539241	-0.0625876709537	0.0171198339809	-0.00316248553032	0.000649970755196	0.00539140121886	0.0121626752011	-0.023684991204	-0.0201767796477	1.0	0.0216745842884	-0.00243063158028	-0.000497655762844	-0.0010162248382	0.00812822865305	0.028163091648	0.047724126642	-0.0214613043956	0.0269319964102	-0.0324017766388	-0.0145985034022	0.0047727058423	0.072093023543	-0.0341020555688	-0.0178514412252	0.00172491805289	0.0505044149331	-0.0424245431686	0.0333308677833	-0.0566674806362	0.0218844545837	0.00647018692178	0.0421160852304	-0.000709589778063	-0.0803115436515	-0.0158798811543	-0.013392437555	-0.00203406773196	-0.0104583635853	-0.00966349743391	-0.0584174558484	0.0699850707653	0.0515884672166	-0.0332918582427	-0.0898867171323	0.0242922991428	0.0152544341374	-0.0540352312375	0.0376847573727	0.0381862179324	0.0529932874007	-0.0537353046667	-0.023012243192	0.0381447601107	-0.00615636215832	-0.0742311752274	-0.00179290531465	0.0317824954706	-0.062664616486
k__Bacteria;p__Bacteroidetes;c__Bacteroidia;o__Bacteroidales;f__Bacteroidaceae;g__Bacteroides;s__Bacteroides_thetaiotaomicron	-0.0402323921161	-0.0690452858638	-0.00347506828341	-0.0798306756456	-0.00189824000988	0.022240777904	0.0137774881126	-0.00602442843027	-0.0108098004279	0.0216745842884	1.0	0.0229931166855	-0.0794192437346	-0.0131732928118	-0.0716826665266	-0.0135003435246	-0.0148356115527	0.0208845952927	-0.0428234367416	0.00811341045545	0.0335458355343	-0.00613644979475	0.0160787875447	0.0316330955585	-0.0221345862077	-0.020837203772	-0.0176502725132	0.0541755691144	0.00441627376127	-0.0122242931515	-0.0103452823557	-0.0648905945532	-0.0487395737993	-0.0401579129922	0.0154402749844	-0.0145648676268	-0.0193787487365	-0.0628030874213	0.0298639325656	0.0114688597552	-0.0810169115153	-0.00657898199837	0.00626702579976	0.0378901859429	0.0121127704798	0.0341606759488	-0.0272332403242	-0.0362808891844	-0.0129622009552	0.0274867573847	-0.0823640765451	0.00934673583269	0.0711334591283	0.00758669721415	0.0468639828286	0.0225150355025	-0.0142690291639	0.0429000300891	-0.0118253125869
k__Bacteria;p__Bacteroidetes;c__Bacteroidia;o__Bacteroidales;f__Bacteroidaceae;g__Bacteroides;s__Bacteroides_coprocola	-0.0232758482295	-0.0107917141274	0.0218010156868	-0.0644593409257	-0.0147342113239	0.0510962183658	-0.0135926854452	0.00343860208159	-0.0207988280515	-0.00243063158028	0.0229931166855	1.0	-0.0486549428171	0.000919168414814	-0.000938739621597	-0.0593139419755	-0.0532227377189	0.0120353978171	0.0186380404352	-0.0318851998798	0.0435710967074	-0.0348943594828	-0.0245582955832	-0.000940953958978	-0.0249386865047	-0.0199269870624	-0.00581665740957	-0.0503414191572	-0.0392229821363	-0.0439213840479	0.0437384999324	0.0100338948892	-0.0517303524737	-0.00321032773894	0.0318863461955	-0.000678470943143	-0.0539114147154	0.0213195001807	-0.0220822251521	0.0344686133665	0.0543785286547	0.0245552542001	0.0167253593588	-0.0074774390075	0.0336686069459	0.0492175042971	-0.0118066085377	0.00379190324022	-0.0331239871617	-0.0263209667868	0.00520215303868	-0.0478722195695	-0.0361099919823	0.0110360875578	0.012420360924	-0.00771848717014	-0.00344332954918	-0.0727966281278	0.00904540584682
k__Bacteria;p__Bacteroidetes;c__Bacteroidia;o__Bacteroidales;f__Bacteroidaceae;g__Bacteroides;s__Bacteroides_cellulosilyticus	0.028223975961	0.0014878051664	-0.0605281438961	0.00960502164528	-0.000318094450751	-0.00123074307864	-0.00272336906062	0.0301117441284	0.00496696407027	-0.000497655762844	-0.0794192437346	-0.0486549428171	1.0	-0.0408008311758	-0.00755376369938	-0.0178235560099	0.0280200481802	-0.0208844713641	-0.0200244129413	0.0332387079797	-0.0173024868249	-0.0225294400103	-0.0665638367943	-0.013712858946	0.0175248936699	-0.0140625131387	-0.0322441086691	-0.0670994433553	0.00654954039077	0.00956664705187	0.014409689488	-0.0104641207948	-0.0269262372299	-0.0284991081712	-0.054766652213	0.00389493895337	-0.014996991801	0.0379201268529	-0.0121832083374	0.0588971824983	-0.00861587387183	0.0129243444621	-0.0339878249152	0.00111714032891	-0.00287461704049	0.0283083202276	0.0481912842503	-0.0140528378431	-0.022255476115	0.0216064942801	-0.0525794726064	-0.0729522123312	-0.072912294936	0.00889340807167	0.0113389051476	-0.0229418314028	-0.0804284365935	-0.0616138714723	-0.00267874739426
k__Bacteria;p__Bacteroidetes;c__Bacteroidia;o__Bacteroidales;f__Rikenellaceae;g__Alistipes;s__Alistipes_obesi	-0.0254067320154	-0.00496925502882	-0.0196234453268	-0.0807011174399	0.0272911069816	-0.0569225735352	0.0294420779452	0.0094310752692	-0.0622515665202	-0.0010162248382	-0.0131732928118	0.000919168414814	-0.0408008311758	1.0	-0.00761888421288	-0.0147367740327	0.0425798018585	-0.0228285301824	-0.0143182133199	0.0186385676453	-0.0417603669839	0.0334854726656	0.00486632201511	-0.02972822791	-0.0227088828688	0.0180519265399	0.0146741142219	-0.0101057793754	0.00261420863473	-0.00662987586557	-0.0314219124986	0.00847143382214	-0.0663589649971	-0.0135349316704	0.00430775621517	-0.0324841947387	-0.0907536383869	-0.024077022883	-0.0385466041341	0.0179693607638	0.0385834520935	0.00628712266696	-0.0381910868563	-0.0144884761776	-0.0040437937417	-0.0167178294042	-0.0287439711938	-0.0488461920302	0.00313092037852	-0.0104119914928	0.0118329483834	0.0175044240279	0.0318167054712	-0.0489717914469	-0.0368181715773	-0.0404756944453	0.0105903462231	-0.0133068516898	-0.0233563314376
k__Bacteria;p__Firmicutes;c__Clostridia;o__Clostridiales;f__Lachnospiraceae;g__;s__[Eubacterium]_rectale	-0.0379014789291	0.0158410498399	-0.0823933295357	0.00368087183139	-0.0311991402011	-0.0382860640499	0.0440260742378	-0.00506714224862	-0.00985224634042	0.00812822865305	-0.0716826665266	-0.000938739621597	-0.00755376369938	-0.00761888421288	1.0	0.0021576025158	-0.00562654956271	-0.0494101196876	-0.018135162782	0.00268680235461	-0.0349495536177	-0.0261110208467	-0.0348806316789	0.0306469627952	0.0036946851329	0.0188281292196	-0.00797328904953	0.0172328966036	-0.0337013505178	-0.0130755615762	0.0158680939118	-0.0114637755789	-0.0605863772849	-0.0255862100314	-0.0184766202579	0.0323523479706	-0.0100010932185	-0.0454793079319	-0.0440872059591	0.00649473986864	-0.00644669914742	-0.0249501739728	-0.0288933153359	-0.0207353988211	0.00811678765444	-0.0259907867099	0.0146020943622	-0.0147500509874	-0.0158900181759	0.0357459654463	0.00719596041633	0.0369778465994	-0.00369597404272	-0.0176679687295	0.0426128119732	-0.0344453718225	-0.0155580972833	-0.0111607537758	-0.00185131232716
k__Bacteria;p__Bacteroidetes;c__Bacteroidia;o__Bacteroidales;f__Bacteroidaceae;g__Bacteroides;s__Bacteroides_plebeius	0.00709064668531	-0.0564532723988	0.0548750249624	-0.0518320040098	0.00846211677074	-0.0102163139127	-0.0199571912651	0.00171059733597	0.00571956487498	0.028163091648	-0.0135003435246	-0.0593139419755	-0.0178235560099	-0.0147367740327	0.0021576025158	1.0	0.0160498187849	0.0161370226521	0.00161939981627	0.0112357868852	0.0432208749831	0.00108644915077	0.0590079644543	-0.0383568568683	0.0434163822013	0.0362701777995	-0.0378541299454	0.00237437881287	-0.0302624280468	-0.0395937755	0.0230637161652	-0.0502905095736	0.000417247242746	-0.0276030769387	-0.0251797917281	-0.033735770075	-0.0447634649472	0.0376207105047	0.03058356312	-0.0334337328565	0.0392412893715	-0.00880205763645	-0.042577388205	0.00795506200011	0.00925032551726	-0.0505680790275	-0.0206062644717	0.0224608714548	-0.027994981155	0.0229537484245	-0.0439744147943	-0.00638827846334	0.00771994534541	-0.00777897123055	-0.00303471588455	0.0698397333791	-0.0347257321011	-0.011230647897	-0.024836382306
k__Bacteria;p__Bacteroidetes;c__Bacteroidia;o__Bacteroidales;f__Bacteroidaceae;g__Bacteroides;s__Bacteroides_fragilis	0.0207014884798	-0.0426012643845	0.00987962848536	-0.0595962480351	-0.00730402020569	-0.0327925134768	-0.027659178099	0.0025226263904	0.055343047086	0.047724126642	-0.0148356115527	-0.0532227377189	0.0280200481802	0.0425798018585	-0.00562654956271	0.0160498187849	1.0	0.0253716512324	0.00318590033964	0.0653329763932	0.00148086059614	-0.0270523912397	-0.0451395672003	-0.0405409708679	0.0181955253348	-0.0627083558833	-0.0302571978346	-0.00128350678438	0.0026820914081	-0.0144766861875	0.0454641910261	-0.0154928490006	-0.0365717668345	-0.0525009526968	-0.0367051382774	-0.0599395590343	0.00778505879756	-0.0360156756277	0.00408891502938	-0.0494434460745	0.0174597225581	0.034096980003	-0.0344683352558	-3.9402209324e-07	0.0152803149239	-0.0228904371149	0.100149404721	-0.0286407617284	-0.0235867329676	0.0374848373548	-0.0169670518259	-0.0204932126288	0.0497588261249	-0.0094631086926	0.0109701500111	-0.0113665517373	-0.0196633906916	-0.0238079260602	0.0959377751412
k__Bacteria;p__Proteobacteria;c__Betaproteobacteria;o__Burkholderiales;f__Sutterellaceae;g__Sutterella;s__Sutterella_wadsworthensis	-0.000592129696214	-0.0475442260402	-0.00881106861757	0.0218187827858	-0.0441440886349	0.0081371086529	-0.0389902933735	-0.0195783709524	-0.00525288196351	-0.0214613043956	0.0208845952927	0.0120353978171	-0.0208844713641	-0.0228285301824	-0.0494101196876	0.0161370226521	0.0253716512324	1.0	0.0211320403045	-0.0211424019774	-0.0419720983837	-0.0262178628462	-0.0440580980113	-0.0179357926231	0.0187567329823	0.0348108779756	-0.0134659122367	0.0277985205304	-0.109625714334	-0.000366329868503	-0.0192601519779	-0.00863336747053	-0.000338217448647	-0.0466575998089	0.00352249731381	-0.00747998767844	0.0284652010627	-0.0472712385323	-0.00384486993998	-0.0180230073122	0.0369688236948	0.0190708259163	-0.00303579543554	0.0111010897838	0.0432297681542	0.0166229128384	-0.00229163147378	-0.0167547329917	0.0134983837731	-0.034797705193	-0.00703121064502	0.00445956132869	0.00920674683386	0.017887384867	-0.0212767262346	-0.0538446225024	-0.0409313344577	-0.0564287176739	0.0256932843444
k__Bacteria;p__Bacteroidetes;c__Bacteroidia;o__Bacteroidales;f__Porphyromonadaceae;g__Barnesiella;s__Barnesiella_intestinihominis	-0.00480485032809	-0.0168271909739	0.0525509102172	0.00144565499595	0.00531078090779	0.0266637953408	-0.0346465661704	0.00159711715812	-0.139387401348	0.0269319964102	-0.0428234367416	0.0186380404352	-0.0200244129413	-0.0143182133199	-0.018135162782	0.00161939981627	0.00318590033964	0.0211320403045	1.0	0.0130826082586	-0.0273565226624	-0.0224963131255	0.00615247960502	0.001509299755	-0.0207906495372	0.0337214138511	0.00479154406952	-0.00228861509352	-0.0204432452642	0.00157167260486	-0.0131407780563	0.0145023658992	-0.0382304706782	-0.0464044130356	-0.0540951559723	-0.0177706206092	0.0285740701321	-0.0408532754762	0.0305242836253	-0.0161369682296	0.0406777683104	-5.89766773727e-05	0.0112104438496	0.00571432526233	-0.0364581953179	0.0340126485174	0.00390516582666	0.0217074189628	-0.01687259244	-0.0110702295195	-0.0667216630834	0.00869173225948	-0.0137032688186	-0.0375996526167	-0.0193515259543	-0.0298494909457	0.0245800401817	0.0433012390883	0.0346438748219
k__Bacteria;p__Bacteroidetes;c__Bacteroidia;o__Bacteroidales;f__Odoribacteraceae;g__Odoribacter;s__Odoribacter_splanchnicus	0.027765667706	-0.0265234242071	0.0149203532243	0.0486606690926	0.0147528285681	-0.02822035759	-0.0144315011926	-0.00236631401522	-0.0638889737326	-0.0324017766388	0.00811341045545	-0.0318851998798	0.0332387079797	0.0186385676453	0.00268680235461	0.0112357868852	0.0653329763932	-0.0211424019774	0.0130826082586	1.0	-0.0032674626945	0.0219890777786	0.0441490525571	-0.0208599914694	-0.0257655594068	-0.0380195528793	0.0309405188616	-0.0288400915196	-0.0225680586657	-0.0412890123127	-0.00709125758315	-0.0682902441785	0.0018853299919	0.0192159426932	0.00625011679855	0.027451082143	-0.0565026547793	0.039111927554	0.0148187364398	-0.00822728011772	-0.00717529758833	0.0376255755747	-0.0367739810829	-0.0524192184629	0.0076314763449	-0.0462983361658	-0.0680239391255	0.0134283268207	-0.00547428860664	0.0207479463217	-0.0181624091492	0.0402703895894	-0.0338580265204	-0.104807876782	-0.0852384001211	0.0222574132537	0.0195807003856	0.0570185053512	-0.0290491963855
k__Bacteria;p__Bacteroidetes;c__Bacteroidia;o__Bacteroidales;f__Bacteroidaceae;g__Bacteroides;s__Bacteroides_salyersiae	-0.0488257340223	0.0136765364363	-0.010461554312	0.00180065057358	0.00100587050747	0.0240175848605	0.0412752412558	-0.066213527973	-0.00760058125031	-0.0145985034022	0.0335458355343	0.0435710967074	-0.0173024868249	-0.0417603669839	-0.0349495536177	0.0432208749831	0.00148086059614	-0.0419720983837	-0.0273565226624	-0.0032674626945	1.0	0.0222117364478	0.00365601664428	-0.053249575591	0.00127383783287	0.052030861322	0.0145566863075	0.0283796935889	-0.00460624368206	0.0152354064581	-0.00394328822392	0.0954867532374	-0.0392887480208	0.0280595275095	-0.0533326826652	-0.0136108100818	0.0176473495121	-0.0302257333239	-0.00962810593379	0.0176687910221	-0.00868481079558	-0.0716967413884	0.0580464107325	-0.016845615552	0.0234914604342	-0.00114237991154	-0.0389764090718	-0.0167878900631	-0.0263534853594	0.00734935766374	0.031292704749	-0.0369855377967	-0.00671169245263	-0.0572966494766	-0.0582744203637	-0.0232651766638	-0.037544335429	-0.0252874948444	0.00458997220185
k__Bacteria;p__Firmicutes;c__Clostridia;o__Clostridiales;f__Ruminococcaceae;g__Ruminiclostridium;s__[Eubacterium]_siraeum	0.00911937265258	-0.0218735256002	0.00412816929549	0.0455105238805	-0.0392801733965	-0.00404317186769	-0.0709036048521	-0.0565892605609	-0.00444005216791	0.0047727058423	-0.00613644979475	-0.0348943594828	-0.0225294400103	0.0334854726656	-0.0261110208467	0.00108644915077	-0.0270523912397	-0.0262178628462	-0.0224963131255	0.0219890777786	0.0222117364478	1.0	-0.0383013913507	-0.0214244388519	0.00825040346414	0.0350796791227	0.034557553342	0.0214835330803	-0.0247313745396	0.0351359034441	0.0256849358894	0.0062904046919	-0.0402633673489	-0.0424411170778	-0.0644859902248	-0.0256366009831	-0.0415934336384	0.0463126833981	-0.0402821370486	-0.0409294870626	0.0269684128276	0.0440100442542	0.0197412803589	-0.0163567730214	0.0658235198767	0.00392140266648	-0.113264067584	0.00401019567408	0.0482418493111	0.0226748525514	0.0347765252847	-0.063637624955	-0.0166554046852	-0.0394421671957	-0.0302612766388	-0.0373621103988	0.00609764603113	-0.0292250567276	0.0391261909678
k__Bacteria;p__Proteobacteria;c__Betaproteobacteria;o__Burkholderiales;f__Sutterellaceae;g__Parasutterella;s__Parasutterella_excrementihominis	0.0219286414895	-0.0593254081218	-0.0320392263614	-0.031079696461	-0.00536974422514	-0.0129275594059	-0.0150894212106	-0.0588591694962	-0.027916858126	0.072093023543	0.0160787875447	-0.0245582955832	-0.0665638367943	0.00486632201511	-0.0348806316789	0.0590079644543	-0.0451395672003	-0.0440580980113	0.00615247960502	0.0441490525571	0.00365601664428	-0.0383013913507	1.0	-0.0157746265606	0.00969775412206	0.0676852010656	-0.00742177588515	-0.0334281537129	-0.00140134387983	0.0398453299292	-0.00193080073815	-0.0269290236891	-0.02408643095	0.0328868326318	3.47098434188e-05	0.0172879363622	-0.0112909439824	0.0339208641336	0.00153053876931	0.0188430937895	0.0244933962105	0.0110470574014	0.0417614527946	0.0369221075082	0.0387090726732	0.0431465357451	0.0256668612318	0.00973691673797	-0.0333895861571	-0.00860596905955	-0.00601516590212	-0.00461187790369	-0.0234273946109	0.0732513287144	-0.0849190374563	-0.0316527761837	-0.010700748675	0.00614374157812	0.0327632549096
k__Bacteria;p__Actinobacteria;c__Actinobacteria;o__Bifidobacteriales;f__Bifidobacteriaceae;g__Bifidobacterium;s__Bifidobacterium_adolescentis	0.0421955653321	-0.00300136817836	-0.0599815391928	-0.00253006172057	-0.0466339716692	0.00656938466797	0.0965239325731	-0.02277407845	-0.0346255119988	-0.0341020555688	0.0316330955585	-0.000940953958978	-0.013712858946	-0.02972822791	0.0306469627952	-0.0383568568683	-0.0405409708679	-0.0179357926231	0.001509299755	-0.0208599914694	-0.053249575591	-0.0214244388519	-0.0157746265606	1.0	-0.0290683255363	-0.0139641317746	0.0207980236835	-0.0338802050961	0.00046269245701	-0.0567190416804	-0.0376798266198	-0.00853500697942	0.00714121227141	0.0303245479439	0.0208205787932	-0.00987491025748	0.0587397257046	-0.0222227033762	0.0153255589306	-0.0319274582626	-0.0132423425646	0.0172978222313	-0.0444936559803	0.0768901768489	0.0192398066018	-0.0378369120446	0.022044129922	0.0185481471134	-0.00665310608046	-0.030687179605	-0.0222966910236	-0.0618689907189	-0.0227408708746	-0.0214352158724	-0.0190422529125	0.0166148937633	-0.0131803603377	-0.0445034460167	-0.0696495664698
k__Bacteria;p__Firmicutes;c__Clostridia;o__Clostridiales;f__Oscillospiraceae;g__Oscillibacter;s__Oscillibacter_sp._KLE_1745	-0.0121537426419	0.0425256763679	-0.0184657531878	0.0126029990465	-0.0155516756521	0.0537038811682	-0.0203928787124	0.00530938692943	0.00309551073062	-0.0178514412252	-0.0221345862077	-0.0249386865047	0.0175248936699	-0.0227088828688	0.0036946851329	0.0434163822013	0.0181955253348	0.0187567329823	-0.0207906495372	-0.0257655594068	0.00127383783287	0.00825040346414	0.00969775412206	-0.0290683255363	1.0	-0.00679010851177	0.0172587670755	0.033039648587	-0.0327343659205	-0.0307019301551	-0.0301416571136	-0.0167368755741	0.0198914326354	0.0173791632932	-0.0399697765023	-0.0533229885168	-0.00670662714095	-0.0364999409964	0.0169512518459	-0.0134516390134	-0.0045800659578	-0.0493580903989	0.0221094157914	0.0192703099929	0.0263398989497	0.00473850098629	-0.0174134270193	0.0209881155505	0.0377360435643	-0.0334556897409	0.0154385060051	0.0689658720437	-0.00849496956523	-0.0365859407938	0.0563824349665	-0.0114947764706	-0.0168338266567	-0.0374155583667	-0.0295629465827
k__Bacteria;p__Bacteroidetes;c__Bacteroidia;o__Bacteroidales;f__Bacteroidaceae;g__Bacteroides;s__Bacteroides_coprophilus	-0.00151559534119	0.0574459503768	-0.00603224974362	-0.0358229875538	-0.0499610436919	0.0566823867546	0.049259933696	0.0228251862118	-0.0404033551256	0.00172491805289	-0.020837203772	-0.0199269870624	-0.0140625131387	0.0180519265399	0.0188281292196	0.0362701777995	-0.0627083558833	0.0348108779756	0.0337214138511	-0.0380195528793	0.052030861322	0.0350796791227	0.0676852010656	-0.0139641317746	-0.00679010851177	1.0	-0.0063859265067	-0.101204691145	0.0258008140856	-0.0305620165472	0.00577817717495	0.0882904602313	0.0327241707111	0.0104103363948	-0.0208084667049	-0.0643147686922	-0.028237272972	-0.0279010087701	-0.00892755858382	-0.0500382277682	-0.0344650482776	0.0175905600071	0.0281266632098	-0.012412894056	-0.017044751921	-0.00371898289722	0.00578335363443	0.00958175006787	-0.0439072948899	-0.0394908456588	0.0193569155777	-0.0377179032946	-0.00252164902721	-0.0070506976053	-0.0600236856752	-0.0573975735599	-0.0468337886577	0.0181686404851	0.0175127105875
k__Bacteria;p__Firmicutes;c__Clostridia;o__Clostridiales;f__Lachnospiraceae;g__Roseburia;s__Roseburia_intestinalis	-0.0575236695104	-0.0937727538098	-0.0130688088009	0.0447818390667	-0.0302527866589	-0.0275522220921	-0.0309856095038	0.0499751240053	0.00624984345316	0.0505044149331	-0.0176502725132	-0.00581665740957	-0.0322441086691	0.0146741142219	-0.00797328904953	-0.0378541299454	-0.0302571978346	-0.0134659122367	0.00479154406952	0.0309405188616	0.0145566863075	0.034557553342	-0.00742177588515	0.0207980236835	0.0172587670755	-0.0063859265067	1.0	-0.0576063782879	0.0225900971883	-0.0607398821424	0.00677570504222	0.000666819542258	-0.0344805621398	0.0424387156903	0.0292458427549	-0.0212656771427	3.04412686008e-05	0.00870844291624	0.00309139657051	0.0232001068949	-0.0452217315291	-0.0631444430074	0.00456980797053	-0.00118327864592	0.00422087524589	0.0270215433865	0.0542665418717	-0.0443455699245	-0.00863982856821	0.00301931957244	-0.0565109940944	0.00173960739482	-0.00721253011259	-0.0414749511975	-0.00869461232716	-0.00652255615549	-0.0567981778978	-0.00391918153933	0.00676870187471
k__Bacteria;p__Firmicutes;c__Clostridia;o__Clostridiales;f__Lachnospiraceae;g__Roseburia;s__Roseburia_hominis	-0.0149115340803	-0.00732652318181	0.0143513795029	0.0110797038572	-0.0115373343524	0.0150394300486	-0.0197452392884	-0.0586002926697	-0.0644593255786	-0.0424245431686	0.0541755691144	-0.0503414191572	-0.0670994433553	-0.0101057793754	0.0172328966036	0.00237437881287	-0.00128350678438	0.0277985205304	-0.00228861509352	-0.0288400915196	0.0283796935889	0.0214835330803	-0.0334281537129	-0.0338802050961	0.033039648587	-0.101204691145	-0.0576063782879	1.0	0.015855283684	0.0564991391252	0.0141614118005	-0.00783395774183	-0.0184472050469	0.0359057200918	-0.0105179840459	-0.0336982360201	0.00942753927327	-0.0273629309637	0.00952577959006	-0.00245756115321	0.0232775252495	-0.0160701886988	-0.020486701423	-0.0334386551592	0.0192969308955	0.0262032834065	0.00829331298243	0.0128909552633	-0.0112585754599	-0.0532335890081	0.0286272009148	-0.0119985277482	0.0435329437396	0.00623130116525	-0.0467702557242	0.0130808780827	-0.0566100409472	0.0184474138442	0.0155958949523
k__Bacteria;p__Bacteroidetes;c__Bacteroidia;o__Bacteroidales;f__Porphyromonadaceae;g__Parabacteroides;s__Parabacteroides_johnsonii	-0.0235530654806	-0.00861917009588	-0.005922360555	-0.0176062554245	0.00731697773494	0.0519529839396	-0.00477809545537	-0.0167148852908	0.0341708188363	0.0333308677833	0.00441627376127	-0.0392229821363	0.00654954039077	0.00261420863473	-0.0337013505178	-0.0302624280468	0.0026820914081	-0.109625714334	-0.0204432452642	-0.0225680586657	-0.00460624368206	-0.0247313745396	-0.00140134387983	0.00046269245701	-0.0327343659205	0.0258008140856	0.0225900971883	0.015855283684	1.0	0.00987519660023	-0.00826012817323	0.0300353239344	-0.0421425225679	0.0121735671119	0.022534844136	-0.0135678252508	0.055150761192	-0.0443738915177	-0.0102427769884	0.011799232048	-0.0949814010225	-0.0264662369418	2.90131738711e-05	0.0448790877261	-0.0488935522837	-0.0320877731375	-0.00869171421782	-0.0700561428275	0.0188016787624	-0.00782973038909	-0.0508145602149	-0.0660494472026	0.00956017827561	-0.0619962829159	0.00877463804585	-0.020764531137	-0.0256942297812	0.0554270661664	-0.0396847063486
k__Bacteria;p__Actinobacteria;c__Actinobacteria;o__Bifidobacteriales;f__Bifidobacteriaceae;g__Bifidobacterium;s__Bifidobacterium_longum	0.00278327239115	-0.0207853455665	0.0253736700027	0.00915826936878	0.00699668806709	-0.00597803957328	-0.00227444077518	0.0551752733103	-0.0474651272215	-0.0566674806362	-0.0122242931515	-0.0439213840479	0.00956664705187	-0.00662987586557	-0.0130755615762	-0.0395937755	-0.0144766861875	-0.000366329868503	0.00157167260486	-0.0412890123127	0.0152354064581	0.0351359034441	0.0398453299292	-0.0567190416804	-0.0307019301551	-0.0305620165472	-0.0607398821424	0.0564991391252	0.00987519660023	1.0	-0.0600154066425	0.0256563213572	0.0192642110734	0.0540360023069	-0.0242261793202	0.0237666346188	0.0258849366098	0.00597642789438	-0.0229661062805	-0.041996165633	0.0226904644776	-0.0364049888204	0.0382636222722	-0.0621163764933	-0.0405954440503	0.00319038439146	-0.0246219918066	-0.0575617373344	0.00411991340018	0.0353270285589	-0.0164396393958	0.00941602793521	0.00536955775766	-0.00619975945524	-0.00599711710918	0.0129826752251	-0.0429384732808	-0.0540896990489	-0.0300909360292
