#taxonomy	k__Bacteria;p__Bacteroidetes;c__Bacteroidia;o__Bacteroidales;f__Bacteroidaceae;g__Bacteroides;s__Bacteroides_vulgatus	k__Bacteria;p__Bacteroidetes;c__Bacteroidia;o__Bacteroidales;f__Bacteroidaceae;g__Bacteroides;s__Bacteroides_uniformis	k__Bacteria;p__Bacteroidetes;c__Bacteroidia;o__Bacteroidales;f__Rikenellaceae;g__Alistipes;s__Alistipes_putredinis	k__Bacteria;p__Bacteroidetes;c__Bacteroidia;o__Bacteroidales;f__Prevotellaceae;g__Prevotella;s__Prevotella_copri	k__Bacteria;p__Bacteroidetes;c__Bacteroidia;o__Bacteroidales;f__Bacteroidaceae;g__Bacteroides;s__Bacteroides_stercoris	k__Bacteria;p__Bacteroidetes;c__Bacteroidia;o__Bacteroidales;f__Bacteroidaceae;g__Bacteroides;s__Bacteroides_ovatus	k__Bacteria;p__Bacteroidetes;c__Bacteroidia;o__Bacteroidales;f__Rikenellaceae;g__Alistipes;s__Alistipes_shahii	k__Bacteria;p__Firmicutes;c__Clostridia;o__Clostridiales;f__Ruminococcaceae;g__Faecalibacterium;s__Faecalibacterium_prausnitzii	k__Bacteria;p__Bacteroidetes;c__Bacteroidia;o__Bacteroidales;f__Rikenellaceae;g__Alistipes;s__Alistipes_finegoldii	k__Bacteria;p__Bacteroidetes;c__Bacteroidia;o__Bacteroidales;f__Porphyromonadaceae;g__Parabacteroides;s__Parabacteroides_distasonis	k__Bacteria;p__Bacteroidetes;c__Bacteroidia;o__Bacteroidales;f__Bacteroidaceae;g__Bacteroides;s__Bacteroides_thetaiotaomicron	k__Bacteria;p__Bacteroidetes;c__Bacteroidia;o__Bacteroidales;f__Bacteroidaceae;g__Bacteroides;s__Bacteroides_coprocola	k__Bacteria;p__Bacteroidetes;c__Bacteroidia;o__Bacteroidales;f__Bacteroidaceae;g__Bacteroides;s__Bacteroides_cellulosilyticus	k__Bacteria;p__Bacteroidetes;c__Bacteroidia;o__Bacteroidales;f__Rikenellaceae;g__Alistipes;s__Alistipes_obesi	k__Bacteria;p__Firmicutes;c__Clostridia;o__Clostridiales;f__Lachnospiraceae;g__;s__[Eubacterium]_rectale	k__Bacteria;p__Bacteroidetes;c__Bacteroidia;o__Bacteroidales;f__Bacteroidaceae;g__Bacteroides;s__Bacteroides_plebeius	k__Bacteria;p__Bacteroidetes;c__Bacteroidia;o__Bacteroidales;f__Bacteroidaceae;g__Bacteroides;s__Bacteroides_fragilis	k__Bacteria;p__Proteobacteria;c__Betaproteobacteria;o__Burkholderiales;f__Sutterellaceae;g__Sutterella;s__Sutterella_wadsworthensis	k__Bacteria;p__Bacteroidetes;c__Bacteroidia;o__Bacteroidales;f__Porphyromonadaceae;g__Barnesiella;s__Barnesiella_intestinihominis	k__Bacteria;p__Bacteroidetes;c__Bacteroidia;o__Bacteroidales;f__Odoribacteraceae;g__Odoribacter;s__Odoribacter_splanchnicus	k__Bacteria;p__Bacteroidetes;c__Bacteroidia;o__Bacteroidales;f__Bacteroidaceae;g__Bacteroides;s__Bacteroides_salyersiae	k__Bacteria;p__Firmicutes;c__Clostridia;o__Clostridiales;f__Ruminococcaceae;g__Ruminiclostridium;s__[Eubacterium]_siraeum	k__Bacteria;p__Proteobacteria;c__Betaproteobacteria;o__Burkholderiales;f__Sutterellaceae;g__Parasutterella;s__Parasutterella_excrementihominis	k__Bacteria;p__Actinobacteria;c__Actinobacteria;o__Bifidobacteriales;f__Bifidobacteriaceae;g__Bifidobacterium;s__Bifidobacterium_adolescentis	k__Bacteria;p__Firmicutes;c__Clostridia;o__Clostridiales;f__Oscillospiraceae;g__Oscillibacter;s__Oscillibacter_sp._KLE_1745	k__Bacteria;p__Bacteroidetes;c__Bacteroidia;o__Bacteroidales;f__Bacteroidaceae;g__Bacteroides;s__Bacteroides_coprophilus	k__Bacteria;p__Firmicutes;c__Clostridia;o__Clostridiales;f__Lachnospiraceae;g__Roseburia;s__Roseburia_intestinalis	k__Bacteria;p__Firmicutes;c__Clostridia;o__Clostridiales;f__Lachnospiraceae;g__Roseburia;s__Roseburia_hominis	k__Bacteria;p__Bacteroidetes;c__Bacteroidia;o__Bacteroidales;f__Porphyromonadaceae;g__Parabacteroides;s__Parabacteroides_johnsonii	k__Bacteria;p__Actinobacteria;c__Actinobacteria;o__Bifidobacteriales;f__Bifidobacteriaceae;g__Bifidobacterium;s__Bifidobacterium_longum	k__Bacteria;p__Firmicutes;c__Clostridia;o__Clostridiales;f__;g__Flavonifractor;s__Flavonifractor_plautii	k__Bacteria;p__Firmicutes;c__Clostridia;o__Clostridiales;f__Clostridiaceae;g__Clostridium;s__Clostridium_phoceensis	k__Bacteria;p__Verrucomicrobia;c__Verrucomicrobiae;o__Verrucomicrobiales;f__Akkermansiaceae;g__Akkermansia;s__Akkermansia_muciniphila	k__Bacteria;p__Bacteroidetes;c__Bacteroidia;o__Bacteroidales;f__Prevotellaceae;g__Paraprevotella;s__Paraprevotella_xylaniphila	k__Bacteria;p__Firmicutes;c__Clostridia;o__Clostridiales;f__Ruminococcaceae;g__Ruminococcus;s__Ruminococcus_callidus	k__Bacteria;p__Bacteroidetes;c__Bacteroidia;o__Bacteroidales;f__Rikenellaceae;g__Alistipes;s__Alistipes_senegalensis	k__Bacteria;p__Firmicutes;c__Clostridia;o__Clostridiales;f__Lachnospiraceae;g__Blautia;s__Blautia_sp._KLE_1732	k__Bacteria;p__Bacteroidetes;c__Bacteroidia;o__Bacteroidales;f__Bacteroidaceae;g__Bacteroides;s__Bacteroides_oleiciplenus	k__Bacteria;p__Firmicutes;c__Clostridia;o__Clostridiales;f__Ruminococcaceae;g__Ruminococcus;s__Ruminococcus_bicirculans	k__Bacteria;p__Bacteroidetes;c__Bacteroidia;o__Bacteroidales;f__Bacteroidaceae;g__Bacteroides;s__Bacteroides_fluxus	k__Bacteria;p__Bacteroidetes;c__Bacteroidia;o__Bacteroidales;f__Prevotellaceae;g__Prevotella;s__Prevotella_stercorea	k__Bacteria;p__Firmicutes;c__Clostridia;o__Clostridiales;f__Lachnospiraceae;g__Dorea;s__Dorea_longicatena	k__Bacteria;p__Firmicutes;c__Clostridia;o__Clostridiales;f__Eubacteriaceae;g__Eubacterium;s__[Eubacterium]_eligens	k__Bacteria;p__Firmicutes;c__Clostridia;o__Clostridiales;f__Ruminococcaceae;g__;s__Ruminococcaceae_bacterium_D16	k__Bacteria;p__Firmicutes;c__Clostridia;o__Clostridiales;f__Lachnospiraceae;g__Coprococcus;s__Coprococcus_comes	k__Bacteria;p__Proteobacteria;c__Gammaproteobacteria;o__Enterobacterales;f__Enterobacteriaceae;g__Escherichia;s__Escherichia_coli	k__Bacteria;p__Firmicutes;c__Clostridia;o__Clostridiales;f__Ruminococcaceae;g__Anaerotruncus;s__Anaerotruncus_colihominis	k__Bacteria;p__Firmicutes;c__Clostridia;o__Clostridiales;f__Lachnospiraceae;g__Blautia;s__Blautia_obeum	k__Bacteria;p__Bacteroidetes;c__Bacteroidia;o__Bacteroidales;f__Odoribacteraceae;g__Odoribacter;s__Odoribacter_laneus	k__Bacteria;p__Firmicutes;c__Clostridia;o__Clostridiales;f__Ruminococcaceae;g__Ruminiclostridium;s__[Clostridium]_leptum	k__Bacteria;p__Bacteroidetes;c__Bacteroidia;o__Bacteroidales;f__Porphyromonadaceae;g__Parabacteroides;s__Parabacteroides_goldsteinii	k__Bacteria;p__Firmicutes;c__Clostridia;o__Clostridiales;f__Lachnospiraceae;g__Anaerostipes;s__Anaerostipes_hadrus	k__Bacteria;p__Firmicutes;c__Clostridia;o__Clostridiales;f__Ruminococcaceae;g__Ruminococcus;s__Ruminococcus_lactaris	k__Bacteria;p__Firmicutes;c__Clostridia;o__Clostridiales;f__Clostridiaceae;g__Clostridium;s__Clostridium_sp._L2-50	k__Bacteria;p__Firmicutes;c__Clostridia;o__Clostridiales;f__Clostridiaceae;g__Clostridium;s__Clostridium_sp._M62/1	k__Bacteria;p__Firmicutes;c__Clostridia;o__Clostridiales;f__;g__Intestinimonas;s__Intestinimonas_butyriciproducens	k__Bacteria;p__Actinobacteria;c__Actinobacteria;o__Bifidobacteriales;f__Bifidobacteriaceae;g__Bifidobacterium;s__Bifidobacterium_bifidum	k__Bacteria;p__Firmicutes;c__Negativicutes;o__Veillonellales;f__Veillonellaceae;g__Dialister;s__Dialister_invisus	k__Bacteria;p__Bacteroidetes;c__Bacteroidia;o__Bacteroidales;f__Bacteroidaceae;g__Bacteroides;s__Bacteroides_salanitronis
k__Bacteria;p__Bacteroidetes;c__Bacteroidia;o__Bacteroidales;f__Bacteroidaceae;g__Bacteroides;s__Bacteroides_vulgatus	1.0	-0.0440090562202	-0.0482903832706	-0.0820963719685	-0.0218721684222	-0.016694184128	-0.00033171126177	0.0469449729648	0.0255330870082	0.0413943785274	0.0301505428139	0.00932701784639	-0.0335957513894	0.00625179661612	-0.0370091508982	-0.0529520129803	0.0295168376692	0.00405384360637	0.0636516760447	-0.0482437168484	-0.087328922528	-0.0197911912111	0.00969922650231	0.0175376070503	0.00520093542406	0.0187721183358	-0.018091510633	0.0145197174985	-0.0478074159051	-0.0454464902767	-0.0321574378272	0.0106844633851	0.0304066043112	0.0265020594355	0.0171007766345	0.0215753656892	0.0202575650009	0.00732325317239	0.00861680820997	-0.0348373181776	0.0258798295111	-0.00314349769585	0.00867936179557	-0.0552756150011	-0.035186547603	-0.0918736256739	0.030314503505	0.00192874323513	-0.0272939663054	-0.00311429242125	-0.0517550977948	0.0501598386016	0.0397904169	-0.0236599811278	-0.00179628734244	-0.107810316608	0.0416597805826	0.0482977203842	-0.0702412744129
k__Bacteria;p__Bacteroidetes;c__Bacteroidia;o__Bacteroidales;f__Bacteroidaceae;g__Bacteroides;s__Bacteroides_uniformis	-0.0440090562202	1.0	-0.0567152787196	-0.0950730995142	0.0117923494149	-0.0232416392644	0.0155273724892	0.0484693792909	-0.0332808436856	0.0171664834926	0.00190253881271	0.0278790353171	-0.0104311564858	0.0528296391845	-0.050296026034	-0.0180128681785	-0.00899110064748	-0.00751280705464	-0.0282590259732	0.0280762771671	0.043621865412	-0.00994459460206	-0.000853737442897	0.0251803512785	-0.007546962567	-0.0293054514195	-0.0830873794223	0.0569268548007	0.0497828164829	0.0112327428107	-0.04482006816	-0.0442535343943	0.026788124803	0.0175979413073	-0.0458620604975	-0.0324237233045	-0.0330037233506	0.0103017982948	0.0195104933198	-0.0140814312822	-0.0661178288763	-0.0284111765172	0.0268209688271	-0.0415427120732	0.0059908088388	-0.00770239838381	-0.0750009259096	-0.081568354672	0.0159832582626	0.0146619742027	-0.0344089998546	0.00291037036287	0.0388146805148	0.000652245566178	0.0657816767555	-0.0175940359679	0.0187041286224	0.0208256252687	-0.021504974863
k__Bacteria;p__Bacteroidetes;c__Bacteroidia;o__Bacteroidales;f__Rikenellaceae;g__Alistipes;s__Alistipes_putredinis	-0.0482903832706	-0.0567152787196	1.0	-0.050365063652	0.0215691217546	0.0204791618294	0.0243367623977	0.00453774480473	-0.0234018711481	0.0263442943647	-0.0101680140807	0.0446658704464	0.047659716	0.0218410584566	-0.034024493563	0.0314148037149	-0.00803768863346	-0.0290761076397	0.0203904593777	-0.0435064002609	-0.00760062298806	-0.0313536776817	0.00243645777948	-0.0591928838813	-0.0186388623689	0.0531609522019	-0.000299996061255	-0.00650759925317	-0.0141644350452	0.0129242464084	-0.0129318705925	0.052776643012	-0.00358414062006	-0.00885775628074	-0.018488676288	0.0201579530996	-0.0167363723233	-0.0282928770279	-0.0280562521056	-0.0285054750524	0.0109772055086	-0.0352897198469	-0.0200208338912	-0.00652419778405	0.015029107667	0.0172151617741	-0.00770381607573	-0.00160122156611	-0.0108667062478	-0.0405632084665	0.00682029648313	0.00330989575979	-0.0150080433031	-0.0731882965524	-0.0181332452903	-0.0332635932244	-0.0447055828308	-0.0400741533968	-0.0621666892591
k__Bacteria;p__Bacteroidetes;c__Bacteroidia;o__Bacteroidales;f__Prevotellaceae;g__Prevotella;s__Prevotella_copri	-0.0820963719685	-0.0950730995142	-0.050365063652	1.0	0.0122395325977	-0.0633174050364	-0.0320165791925	-0.0250739162192	-0.0201293574731	0.0344924186854	-0.00274226107993	0.0195865286874	0.0200129791768	-0.0478559059633	0.0306122948091	0.0155264644704	0.021863626063	0.069597030155	0.0666469695138	-0.0520128621944	-0.0459715634388	0.0254943864401	0.0271113069118	-0.0453682598224	0.00990538537209	-0.0315438453206	-0.0891180852907	0.0152976593275	0.00886592135677	-0.0437634330776	-0.0230733464633	-0.00467935939562	0.0511925123504	0.0096848873186	0.00608522660828	0.00939361091296	0.0448524474308	-0.0208979087822	0.0409472333106	-0.0205075310821	0.00616800159606	-0.00543261075601	-0.0135189255417	-0.0135674855017	-0.0344536033972	0.0176502170294	0.0161965903836	0.0101316350455	0.0230889016041	-0.0036696530734	-0.0407977234059	-0.0367343654508	0.0222161826587	-0.00186094369347	-0.0460566741532	0.00370382490725	-0.00945881506332	0.0372974038193	-0.0312128591333
k__Bacteria;p__Bacteroidetes;c__Bacteroidia;o__Bacteroidales;f__Bacteroidaceae;g__Bacteroides;s__Bacteroides_stercoris	-0.0218721684222	0.0117923494149	0.0215691217546	0.0122395325977	1.0	-0.0596058582607	-0.0427828709245	-0.0238672446222	-0.0232963914728	-8.28592921999e-05	-0.00330381141614	-0.0419278603583	-0.0277355208128	0.00439802663809	-0.00859053166317	-0.0493677339753	-0.0448662314605	-0.00835746341906	-0.0394214234165	0.0304051592352	0.0437235315613	-0.0251818931567	0.0212542399842	0.00237527760423	0.0208703622903	-0.00830887337029	0.0355363729899	-0.0841430616077	0.0761949349574	0.00848564500647	-0.0238359644852	-0.000895924854	0.00292957962642	-0.0165703977902	-0.0283588241941	0.0073811498305	0.0170444614893	-0.00317639215344	0.039171660112	-0.0191375271664	0.0337694845183	-0.0380732380078	0.0196477453668	-0.00117091703247	-0.00643857583248	-0.00659267283006	0.0217240715478	0.0364260646203	0.022115005998	-0.032804517252	0.0257112018466	-0.016910835126	-0.103317839493	-0.0407952157151	0.0256673153491	-0.0343450414295	-0.0150836759232	-0.0340020794492	0.0121444052757
k__Bacteria;p__Bacteroidetes;c__Bacteroidia;o__Bacteroidales;f__Bacteroidaceae;g__Bacteroides;s__Bacteroides_ovatus	-0.016694184128	-0.0232416392644	0.0204791618294	-0.0633174050364	-0.0596058582607	1.0	0.0205543326916	0.00106949006177	-0.0470488616823	-0.0243553926255	0.0499888687009	0.0068191580121	0.000707405122402	0.0379127974376	0.00702617880569	0.0553563829118	0.0339107827501	-0.0150606518829	0.00715181796649	-0.0855109708289	0.00228691091767	0.0756763122782	-0.00989955952455	-0.0212256405975	-0.00702745331023	-0.0194554459928	0.0276328689388	0.0078373647497	0.0249210236582	-0.0226849695365	0.020126593924	-0.0681942158417	0.0555919176486	-0.0115398295397	0.00845765701635	-0.0315258431896	-0.000441676159924	0.0233588780627	-0.0116161116082	-0.0175840846486	0.00476885624397	0.0473685335984	-0.0105983981853	0.0291798370954	0.0131518193355	-0.0346114250155	0.0107971439744	-0.000317956119963	-0.00373568162917	0.0108235521463	-0.0472563764896	0.021891824827	0.0138822321576	0.00225113521516	-0.00386435755395	0.0159896477718	-0.0130914912953	0.00718192228999	-0.0278630929433
k__Bacteria;p__Bacteroidetes;c__Bacteroidia;o__Bacteroidales;f__Rikenellaceae;g__Alistipes;s__Alistipes_shahii	-0.00033171126177	0.0155273724892	0.0243367623977	-0.0320165791925	-0.0427828709245	0.0205543326916	1.0	0.0132903177559	-0.0459906787852	-0.0315034878877	-0.00868682555404	0.0175030952697	0.032977765073	-0.00528541718218	-0.0794802196874	-0.0110459918542	0.00688294908538	0.00136118801781	0.00445651541595	-0.0333232083008	-0.020991518701	-0.0611814038199	-0.0392406205229	-0.023006492517	-0.0034394110565	0.0144279851519	-0.0275750591636	-0.0179111845473	0.033816494639	0.0141551055766	0.00129934518198	-0.0127538705314	0.00663770341884	0.0193507137116	-0.0194144469518	-0.0474342037875	0.0954511270664	0.0248930405294	-0.0955020186198	-0.0362690458629	-0.0157189430887	0.0989840616983	0.0433753106414	-0.0155223389348	-0.0481389889971	-0.0375634076658	-0.020104056998	0.0237329078233	-0.0257482520085	-0.0175418005951	0.0188401719915	-0.0484086669992	0.0240325419177	0.0132983261021	0.0231417971854	-0.0474018352452	-0.0305701137235	0.0207948566261	0.00960123776459
k__Bacteria;p__Firmicutes;c__Clostridia;o__Clostridiales;f__Ruminococcaceae;g__Faecalibacterium;s__Faecalibacterium_prausnitzii	0.0469449729648	0.0484693792909	0.00453774480473	-0.0250739162192	-0.0238672446222	0.00106949006177	0.0132903177559	1.0	-0.0400891136866	-0.0132016789686	-0.00351684996569	0.0132612484794	-0.0333703955909	0.0334488045837	-0.000204878120369	-0.0360785866344	-0.0418023179906	-0.0140869643171	-0.0311929408838	0.00890859962959	-0.0358504497239	-0.0300472052294	0.0039655334352	-0.0720096032806	-0.0449429044902	0.015310934849	0.0335633312211	0.0258201599254	-0.0682269586689	-0.0365100040509	-0.000747633519992	-0.0165384485123	-0.0622987469021	-0.0407680500229	0.0230066653566	0.0301340007447	0.00444707158556	-0.0148909974754	-0.0437106212143	-0.0286256355825	-0.00326436241899	-0.0193268376542	0.0240300223676	-0.0260520024808	0.0761680178232	-0.00277614830181	0.0604948495646	-0.00658873945988	0.00192179679763	-0.0526404143781	-0.0100180180563	-0.0312839781927	-0.0529202154367	-0.0120403884831	0.0341868709396	-0.038823093348	-0.00225259490103	-0.0113254787779	0.0171743623388
k__Bacteria;p__Bacteroidetes;c__Bacteroidia;o__Bacteroidales;f__Rikenellaceae;g__Alistipes;s__Alistipes_finegoldii	0.0255330870082	-0.0332808436856	-0.0234018711481	-0.0201293574731	-0.0232963914728	-0.0470488616823	-0.0459906787852	-0.0400891136866	1.0	-0.0113682026953	-0.0409352226631	0.025293864996	0.00346378424699	0.0178441994725	0.0294362309108	0.0152725016248	0.0117200446693	0.0631414226054	-0.0257510209748	0.0465097508971	-0.0581100413402	0.017805073155	-0.0305730517726	-0.00306076525987	-0.00307082503602	-0.00313998861543	0.0218997596184	0.0590441378156	-0.0293906375322	0.0153341538101	-0.0450675063496	0.0099401067572	0.0267424448038	-0.0450309539375	-0.0428174487523	-0.00288905279239	-0.0503844800947	0.036927837343	-0.0499771869404	0.0429261644257	0.0408343412552	-0.00499309104729	0.000539197812147	-0.119919850491	0.0042347031318	-0.059949733398	0.0458181322826	0.000493181301765	4.51640949511e-05	-0.0937626597038	-0.0313306638204	0.00181127136067	0.00631494102765	-0.0436491368644	0.0377471194272	0.0300466301481	0.0776801061554	-0.0364224694501	-0.0316941953656
k__Bacteria;p__Bacteroidetes;c__Bacteroidia;o__Bacteroidales;f__Porphyromonadaceae;g__Parabacteroides;s__Parabacteroides_distasonis	0.0413943785274	0.0171664834927	0.0263442943647	0.0344924186854	-8.28592921999e-05	-0.0243553926255	-0.0315034878877	-0.0132016789686	-0.0113682026953	1.0	-0.0710279916772	0.0370541463598	-0.0396565670336	-0.0279361635707	-0.00221044027193	0.0737189481703	0.0384679321023	-0.0168136190394	-0.0133127283569	0.0245655793638	0.00596843285962	0.00820999592577	0.0161193073357	-0.0134653794137	-0.0647011431966	-0.0229361837587	-0.0383909083759	0.0640520250804	0.0223964880486	-0.0524522228901	0.024829002877	-0.0652034369191	-0.0286177773675	0.0181057382251	0.00947635546163	-0.00861701167722	0.00437050142519	-0.0252979356001	-0.00617644751409	-0.0351423479982	0.0104155449163	0.00988101232541	0.011498021616	0.0446965288384	-0.00190603919112	-0.0747136191534	-0.0928286487777	-0.0396169574752	-0.0314976253527	-0.0667203926877	0.0136563771951	0.0692268669609	-0.0468970285168	0.00101550541396	-0.025948373042	0.00146310796539	0.0161287436622	0.00118168430194	-0.015546920916
k__Bacteria;p__Bacteroidetes;c__Bacteroidia;o__Bacteroidales;f__Bacteroidaceae;g__Bacteroides;s__Bacteroides_thetaiotaomicron	0.0301505428139	0.00190253881271	-0.0101680140807	-0.00274226107993	-0.00330381141614	0.0499888687009	-0.00868682555404	-0.00351684996569	-0.0409352226631	-0.0710279916772	1.0	-0.0459143601041	-0.00287964200052	-0.0238638957195	0.00839993069053	-0.0264534824383	-0.00638944176045	-0.0641787078725	-0.000448283160271	-0.0302898998679	-0.0432622683344	-0.0909046489126	0.0470762415726	-0.093991038845	-0.00851756064463	-0.00639862438487	-0.0179278735141	0.0118943710098	-0.0395833906429	0.0140290184208	-0.00520782164264	-0.0395616410085	-0.00337707886233	0.00346824117396	0.0339193831687	-0.0331103428211	0.0104581735928	0.0245971001144	0.0248037659887	-0.0427842885544	0.0324241279563	-0.0409779873086	-0.0616680131313	0.0201343460909	0.00227713582348	0.0123988361709	0.0010218151699	0.0248782670934	0.0685228078211	0.00619558771788	0.0178847878454	0.0368614867567	-0.0339921093296	0.022481009231	-0.0481779069774	-0.023662798937	-0.0511542370488	0.027854048437	0.0152507270324
k__Bacteria;p__Bacteroidetes;c__Bacteroidia;o__Bacteroidales;f__Bacteroidaceae;g__Bacteroides;s__Bacteroides_coprocola	0.00932701784639	0.0278790353171	0.0446658704464	0.0195865286874	-0.0419278603583	0.0068191580121	0.0175030952697	0.0132612484794	0.025293864996	0.0370541463598	-0.0459143601041	1.0	-0.0336796205862	-0.00185447891786	-0.024295315696	0.00925811453982	0.055172022826	-0.0337938398093	-0.00990575993813	-0.013906064577	-0.0646553834356	0.000937685901663	-0.0155791341191	-0.0132029847942	-0.0516395922738	0.00567575247074	0.002814294711	0.0123808191574	-0.0267088535685	-0.0311904896184	-0.0184908012425	-0.0162371680451	0.00118915339664	0.0172750781976	-0.0775125071098	0.0502109440501	-0.0199680459189	0.0274474224468	0.0361820787417	-0.0590826201692	0.0506279360547	-0.0323541140507	-0.0537388967882	0.0019908877518	0.0320191064465	-0.0156575373602	-0.000617232982285	-0.0512997917212	0.0577743922522	0.0200020757721	0.0245960370093	0.00500711360396	-0.0614455927789	-0.0295120540368	-0.0204117247025	-0.0341302459212	-0.0365768264738	0.0504367867742	-0.035940582131
k__Bacteria;p__Bacteroidetes;c__Bacteroidia;o__Bacteroidales;f__Bacteroidaceae;g__Bacteroides;s__Bacteroides_cellulosilyticus	-0.0335957513894	-0.0104311564858	0.047659716	0.0200129791768	-0.0277355208128	0.000707405122402	0.032977765073	-0.0333703955909	0.00346378424699	-0.0396565670336	-0.00287964200052	-0.0336796205862	1.0	0.0718133561537	0.00193313888941	-0.0140180737278	-0.0177180659442	0.00368837764127	0.00472980380635	0.00325296261666	0.0475966423075	-0.0264538054263	-0.0583584963312	0.0027858223057	-0.0197312356365	-0.0404660781395	-0.0720829860005	0.0469977739714	0.0507700272437	-0.0113855302359	-0.0448802478332	-0.013767668817	-0.0230440949184	0.0132796660985	0.00800154638575	0.00258392004608	0.0014758400147	-0.00822057365426	-0.0380964958896	-0.0451860754527	-0.0867367758522	-0.092747573522	0.0432478746502	0.0274619216045	-0.01318494998	0.0720977465526	0.0193419799539	-0.0194895574248	-0.0544630390965	-0.0547691545445	0.0130331435219	0.0629283830282	0.0779135558579	-0.0070595970441	-0.00258885554608	-0.0218534700422	-0.0528911050649	0.0314166140866	0.00597199862693
k__Bacteria;p__Bacteroidetes;c__Bacteroidia;o__Bacteroidales;f__Rikenellaceae;g__Alistipes;s__Alistipes_obesi	0.00625179661612	0.0528296391845	0.0218410584566	-0.0478559059633	0.00439802663809	0.0379127974376	-0.00528541718218	0.0334488045837	0.0178441994725	-0.0279361635707	-0.0238638957195	-0.00185447891786	0.0718133561537	1.0	-0.0331111871191	0.00391606929585	0.00913386112871	-0.00957748208574	0.0377243834426	-0.0458317637113	-0.0505427686947	0.00355566621078	0.023144777956	-0.00838724422685	0.0178463595083	0.00514724448861	-0.0065595436841	-0.0204575835713	-0.0173023682634	-0.0301188094249	-0.0317978050417	-0.0204035187365	-0.00752622396866	-0.0141231255191	-0.000527543786264	-0.0526679232142	0.000981830487645	0.0518469273201	0.0169835165166	0.0248122231292	-0.0296053344206	-0.0276015199666	0.00574600490558	-0.00311185924778	0.0178463010223	-0.0583875668539	-0.0333080316969	-0.0330056093317	-0.0353871257253	-0.00588917429467	-0.00605653864116	-0.0405580088618	0.018640066903	-0.0255112146259	-0.0432893989966	0.0502812415536	0.000149133647945	-0.0100074250368	-0.0456726988515
k__Bacteria;p__Firmicutes;c__Clostridia;o__Clostridiales;f__Lachnospiraceae;g__;s__[Eubacterium]_rectale	-0.0370091508982	-0.050296026034	-0.034024493563	0.0306122948091	-0.00859053166317	0.00702617880569	-0.0794802196874	-0.000204878120369	0.0294362309108	-0.00221044027193	0.00839993069053	-0.024295315696	0.00193313888941	-0.0331111871191	1.0	-0.0504832401199	-0.0206743862908	0.0165847512211	-0.0293330708773	-0.0334877868166	-0.0103757531761	-0.00110073669197	0.00446774146764	-0.0135070899668	-0.0405660434875	-0.0198451942773	-0.0215240475986	0.00926193413909	-0.0250907263813	-0.00166240055954	0.0206361116297	-0.0461997850639	0.0204332832919	-0.0420923051439	-0.0062028367105	0.00683726822394	-0.00747601519795	0.00388887614344	-0.0468970421341	0.0395427685781	0.0146253470059	-0.0223574231367	0.0560104247557	0.0230407173442	-0.0237502180609	0.0664684983597	-0.033554140619	-0.0190667760761	0.00652830302854	0.0053366346261	0.0394176515321	0.0235464409087	0.0627139585353	-0.00380738981253	0.00268825094021	0.0453354007501	-0.00265448330985	-0.0459390791337	-0.0694011875963
k__Bacteria;p__Bacteroidetes;c__Bacteroidia;o__Bacteroidales;f__Bacteroidaceae;g__Bacteroides;s__Bacteroides_plebeius	-0.0529520129803	-0.0180128681785	0.0314148037149	0.0155264644704	-0.0493677339753	0.0553563829118	-0.0110459918542	-0.0360785866344	0.0152725016248	0.0737189481703	-0.0264534824383	0.00925811453982	-0.0140180737278	0.00391606929585	-0.0504832401199	1.0	-0.0266031753547	-0.0306362417017	0.00575442014606	-0.0413830761029	-0.031897262861	-0.0401353421583	0.0128506034916	0.0416370120137	-0.0433094878544	-0.00872388016617	0.0319413692133	0.0205663344601	-0.0224061526112	-0.0247651595196	0.00609249721389	0.0434645032689	-0.0257261738685	-0.0317998453552	0.0294582941205	0.023873321502	0.0219130626276	-0.0399281588946	0.0274017934079	0.00981175998384	0.000412647874869	0.00182584426041	0.0233493484167	0.0152345075777	0.00738917597491	-0.00106931222139	-0.000230663915201	-0.0615177819831	0.00381040078309	-0.0137003499716	-0.0696224566773	0.034209142734	-0.0472222160696	-0.0373097591327	0.000801967068384	-0.0520511291836	0.0147976092021	-0.0149734019523	-0.0377911586216
k__Bacteria;p__Bacteroidetes;c__Bacteroidia;o__Bacteroidales;f__Bacteroidaceae;g__Bacteroides;s__Bacteroides_fragilis	0.0295168376692	-0.00899110064748	-0.00803768863346	0.021863626063	-0.0448662314605	0.0339107827501	0.00688294908538	-0.0418023179906	0.0117200446693	0.0384679321023	-0.00638944176045	0.055172022826	-0.0177180659442	0.00913386112871	-0.0206743862908	-0.0266031753547	1.0	-0.0119352240997	0.026349929493	-0.0204175618811	0.0374261543115	-0.0519235623446	-0.0285811503593	-0.0187199116629	-0.0399237123023	-0.0184037911754	0.0291464213454	-0.0336484452286	-0.00400745736976	0.0130547906022	-0.0272030659658	-0.0444656634484	0.0369883502644	0.0393047250607	-0.0353072182257	-0.0297712640649	-0.049290627549	0.013321168666	-0.00389759912562	-0.00126245730229	-0.0116424720798	0.0306428142999	-0.0294445594037	0.035258655166	0.00598661171869	-0.0027145969572	-0.00313820102261	-0.0429869916949	-0.0184794618173	-0.0257948492051	0.0115709240166	0.0165142598831	-0.0423140047469	0.0215094402439	0.0139204112274	-0.0196633227395	-0.0408360494069	0.0251354863507	0.0308688873628
k__Bacteria;p__Proteobacteria;c__Betaproteobacteria;o__Burkholderiales;f__Sutterellaceae;g__Sutterella;s__Sutterella_wadsworthensis	0.00405384360637	-0.00751280705464	-0.0290761076397	0.069597030155	-0.00835746341906	-0.0150606518829	0.00136118801781	-0.0140869643171	0.0631414226054	-0.0168136190394	-0.0641787078725	-0.0337938398093	0.00368837764127	-0.00957748208574	0.0165847512211	-0.0306362417017	-0.0119352240997	1.0	-0.00740455504086	0.074404026378	-0.013142436909	-0.00280225487982	-0.00645457585959	0.0169231086202	-0.0652477271937	0.0448933593224	0.00306512434095	0.00772089270225	0.0301081877245	-0.0512763533902	0.0581168503687	0.0245320864012	-0.0125274380483	-0.0045910926579	-0.004127991355	-0.0600164716485	0.0611245790186	-0.0655706343712	-0.00421004616645	0.00383054290127	0.00656175681574	-0.0172868392072	-0.0329190038454	-0.0228239868311	0.0208204284968	-0.0632311764123	0.0270233160037	0.00261470625817	-0.0014215898316	0.0303312781925	0.0395515266299	-0.0607102663218	-0.0104425053156	0.0119996138628	-0.00564065610074	0.0108548536425	-0.0173457328947	-0.00470886282746	-0.0280473378151
k__Bacteria;p__Bacteroidetes;c__Bacteroidia;o__Bacteroidales;f__Porphyromonadaceae;g__Barnesiella;s__Barnesiella_intestinihominis	0.0636516760447	-0.0282590259732	0.0203904593777	0.0666469695138	-0.0394214234165	0.00715181796649	0.00445651541595	-0.0311929408838	-0.0257510209748	-0.0133127283569	-0.000448283160271	-0.00990575993813	0.00472980380635	0.0377243834426	-0.0293330708773	0.00575442014606	0.026349929493	-0.00740455504086	1.0	0.00404102775632	-0.041259013324	0.0571998801002	0.0730435800693	-0.0281986455402	-0.00111509992756	-0.027888722659	-0.0530688844519	0.023484387351	0.0164578789267	8.0877293097e-05	0.00916996339758	-0.00237862791992	-0.0283335871856	0.0249271478132	0.0261034222665	-0.0342868575561	-0.0365496909178	0.021833506402	0.022332075092	-0.0377441794285	0.0622327128746	0.0674941270175	0.00651047153269	-0.00828660504845	-0.00281591500223	-0.027916480404	0.00253400684276	0.0098526121055	0.0348822968687	-0.0632852208755	-0.0316385586494	-0.0162211122461	-0.0222353054294	-0.0262425735319	0.0192529322972	-0.00125108909438	-0.0340516700803	0.0195513849546	0.0162491278586
k__Bacteria;p__Bacteroidetes;c__Bacteroidia;o__Bacteroidales;f__Odoribacteraceae;g__Odoribacter;s__Odoribacter_splanchnicus	-0.0482437168484	0.0280762771671	-0.0435064002609	-0.0520128621944	0.0304051592352	-0.0855109708289	-0.0333232083008	0.00890859962959	0.0465097508971	0.0245655793638	-0.0302898998679	-0.013906064577	0.00325296261666	-0.0458317637113	-0.0334877868166	-0.0413830761029	-0.0204175618811	0.074404026378	0.00404102775632	1.0	-0.00288161137554	0.0294079399124	-0.00836412760544	-0.0298534900756	-0.00228592211312	0.0487917691742	-0.0278139233043	-0.0474988765318	-0.0237243222011	-0.0236920119321	0.0327185437516	-0.0160496154873	0.0225339313558	0.0127563342761	-0.0295153427089	0.000320982092294	-0.0347926686048	0.0308873117547	0.0148373477494	0.0212598087034	-0.0753806300896	0.0104178265115	0.0138833640301	-0.041466578197	0.0115878241142	0.0042188561233	-0.0190243021985	-0.0250518665497	0.0067187184134	-0.0425564999221	0.0234389314728	-0.0469838383357	-0.0407938612021	0.027688361339	-0.044999768196	-0.0291893315043	-0.0218267042695	0.0556370838284	0.0168339027537
k__Bacteria;p__Bacteroidetes;c__Bacteroidia;o__Bacteroidales;f__Bacteroidaceae;g__Bacteroides;s__Bacteroides_salyersiae	-0.087328922528	0.043621865412	-0.00760062298806	-0.0459715634388	0.0437235315613	0.00228691091767	-0.020991518701	-0.0358504497239	-0.0581100413402	0.00596843285962	-0.0432622683344	-0.0646553834356	0.0475966423075	-0.0505427686947	-0.0103757531761	-0.031897262861	0.0374261543115	-0.013142436909	-0.041259013324	-0.00288161137554	1.0	0.0809677228504	-0.0285584045267	-0.0146040367247	-0.0129619163082	-0.0349684249052	0.00249836637829	0.000250993947114	0.0330478937549	0.00416174813622	0.02767923674	0.0297186658896	0.000659835892167	0.00878427717322	0.0220430291514	-0.054976390814	-0.0163889580284	-0.00182371223234	-0.00403555010236	0.00623687426484	0.0133192705651	-0.0440012384373	0.0485570580837	-0.00940308937136	0.0256632265218	0.0103188707051	0.0154635906994	0.00614590016387	-0.00603059430115	0.0199621074412	-0.0246660158845	0.00732518103617	-0.00449974226586	-0.0250108822152	-0.0268901230755	-0.0103197924603	0.000437079096338	-0.0315006171588	0.0136283903384
k__Bacteria;p__Firmicutes;c__Clostridia;o__Clostridiales;f__Ruminococcaceae;g__Ruminiclostridium;s__[Eubacterium]_siraeum	-0.0197911912111	-0.00994459460206	-0.0313536776817	0.0254943864401	-0.0251818931567	0.0756763122782	-0.0611814038199	-0.0300472052294	0.017805073155	0.00820999592577	-0.0909046489126	0.000937685901663	-0.0264538054263	0.00355566621078	-0.00110073669197	-0.0401353421583	-0.0519235623446	-0.00280225487982	0.0571998801002	0.0294079399124	0.0809677228504	1.0	-0.0168972844108	-0.019231276889	0.0307347325982	-0.0527933636037	-0.0413358932397	-0.0208859333964	0.00808682987287	-0.0244699667281	0.0249230343751	-0.0338687343263	0.0391583339056	-0.00174553797768	-0.0387380691807	-0.0447646143452	-0.00619844263056	0.0248367045408	0.0118678216816	-0.0110315664846	0.0456152930327	0.0639602027395	0.0098952692566	-0.0333335483337	0.0126076688852	-0.0263460834769	-0.0552098189596	-0.0215123461034	-0.0155851604166	0.0323321918565	0.0291278874977	-0.00779547784313	-0.0303897816594	0.0294944460656	0.0059722353097	-0.00644526243921	-0.00364546085025	0.0270809767829	0.00538858303343
k__Bacteria;p__Proteobacteria;c__Betaproteobacteria;o__Burkholderiales;f__Sutterellaceae;g__Parasutterella;s__Parasutterella_excrementihominis	0.00969922650231	-0.000853737442897	0.00243645777948	0.0271113069118	0.0212542399842	-0.00989955952455	-0.0392406205229	0.0039655334352	-0.0305730517726	0.0161193073357	0.0470762415726	-0.0155791341191	-0.0583584963312	0.023144777956	0.00446774146764	0.0128506034916	-0.0285811503593	-0.00645457585959	0.0730435800693	-0.00836412760544	-0.0285584045267	-0.0168972844108	1.0	-0.0443846736955	-0.0434511518327	0.000837838835681	-0.0248960707973	-0.0102607765595	-0.0314394758205	-0.0087824298077	0.0488734228084	-0.0305376074144	0.00904856788309	-0.0318265734577	-2.90689077271e-05	-0.0114138354664	0.0345701524371	-0.0372238328772	0.0542353787139	-0.00699496541242	-0.0129189917963	-0.0160587936948	-0.0497042098541	0.0110767598467	-0.0225855974076	-0.00640246743719	-0.0341845971	-0.0208511368203	-0.0300817052169	0.0324788899739	-0.0411500437685	-0.000741167526463	-0.0243251919679	-0.0123778914095	0.0238843106297	-0.019309403679	-0.00037332402977	-0.0190978107157	-0.0495942400153
k__Bacteria;p__Actinobacteria;c__Actinobacteria;o__Bifidobacteriales;f__Bifidobacteriaceae;g__Bifidobacterium;s__Bifidobacterium_adolescentis	0.0175376070503	0.0251803512785	-0.0591928838813	-0.0453682598224	0.00237527760423	-0.0212256405975	-0.023006492517	-0.0720096032806	-0.00306076525987	-0.0134653794137	-0.093991038845	-0.0132029847942	0.0027858223057	-0.00838724422685	-0.0135070899668	0.0416370120137	-0.0187199116629	0.0169231086202	-0.0281986455402	-0.0298534900756	-0.0146040367247	-0.019231276889	-0.0443846736955	1.0	0.0365843986532	-0.0321012111813	0.029265722397	0.026595224695	-0.0676093315474	0.0859192129683	-0.00449075134702	0.055198167186	-0.002416665092	0.0262864044001	-0.000574423383193	0.044932554759	-0.0079316833461	-0.0355932179778	0.0038323020259	0.00552176841985	0.0117497865215	-0.0365872708874	0.00807239057579	-0.0144479234202	-0.0417875429844	-0.00633695426988	0.0277531509952	-0.0245823156883	-0.0657543956851	0.000960953094418	-0.069140405053	-0.0556753416177	0.0131353234599	0.0132649869006	0.00239252850006	-0.0219371725818	-0.00259577993979	-0.000401506509194	0.0279812841645
k__Bacteria;p__Firmicutes;c__Clostridia;o__Clostridiales;f__Oscillospiraceae;g__Oscillibacter;s__Oscillibacter_sp._KLE_1745	0.00520093542406	-0.007546962567	-0.0186388623689	0.00990538537209	0.0208703622903	-0.00702745331023	-0.0034394110565	-0.0449429044902	-0.00307082503602	-0.0647011431966	-0.00851756064463	-0.0516395922738	-0.0197312356365	0.0178463595083	-0.0405660434875	-0.0433094878544	-0.0399237123023	-0.0652477271937	-0.00111509992756	-0.00228592211312	-0.0129619163082	0.0307347325982	-0.0434511518327	0.0365843986532	1.0	-0.00102417723311	-0.0223334521533	0.0120301863666	-0.0216560130638	0.0541345880994	-0.0272918463725	0.0132044025774	0.0868837189456	-0.0271221722817	0.00227965853901	-0.0233308611596	-0.0454254801085	0.0650146857898	-0.0546496686799	0.0219522735407	-0.0549891195591	-0.0258984477779	-0.0530801323125	-0.0100979783143	-0.071612247574	-0.0709641772178	-0.0369635960007	-0.0230961112201	-0.0106978760249	0.0033725951421	-0.0443886973132	0.0246969883398	-0.0192578427616	-0.0061871578935	0.0320439202116	0.0448452049052	0.0234350796518	0.00187741406908	-0.0212975103761
k__Bacteria;p__Bacteroidetes;c__Bacteroidia;o__Bacteroidales;f__Bacteroidaceae;g__Bacteroides;s__Bacteroides_coprophilus	0.0187721183358	-0.0293054514195	0.0531609522019	-0.0315438453206	-0.00830887337029	-0.0194554459928	0.0144279851519	0.015310934849	-0.00313998861543	-0.0229361837587	-0.00639862438487	0.00567575247074	-0.0404660781395	0.00514724448861	-0.0198451942773	-0.00872388016617	-0.0184037911754	0.0448933593224	-0.027888722659	0.0487917691742	-0.0349684249052	-0.0527933636037	0.000837838835681	-0.0321012111813	-0.00102417723311	1.0	-0.00285578157026	0.029537064568	0.00688011365568	0.0665899046976	0.00170147744011	0.000209443139256	-0.0298557953798	-0.0728559803396	-0.0260937377144	0.00416233173879	0.00973430122715	-0.0295535224349	0.0105934180276	0.0328823308131	-0.0607066261606	-0.0409541541762	0.0295131555323	-0.0409722244724	-0.0191079352628	-0.097584089865	0.0335449147367	-0.0325375178581	0.0143862249754	-0.0307852557443	0.0557849027613	-0.0624903658119	0.0657659553033	-0.0612549737649	-0.0550888219041	-0.0353469288535	-0.0436454887438	-0.0537145447045	0.0166258168328
k__Bacteria;p__Firmicutes;c__Clostridia;o__Clostridiales;f__Lachnospiraceae;g__Roseburia;s__Roseburia_intestinalis	-0.018091510633	-0.0830873794223	-0.000299996061255	-0.0891180852907	0.0355363729899	0.0276328689388	-0.0275750591636	0.0335633312211	0.0218997596184	-0.0383909083759	-0.0179278735141	0.002814294711	-0.0720829860005	-0.0065595436841	-0.0215240475986	0.0319413692133	0.0291464213454	0.00306512434095	-0.0530688844519	-0.0278139233043	0.00249836637829	-0.0413358932397	-0.0248960707973	0.029265722397	-0.0223334521533	-0.00285578157026	1.0	-0.019594409123	0.0258444702889	-0.0325838109109	0.0121500417281	0.0105058000398	-0.00926353697442	-0.0262346417794	-0.0695337746725	0.0187918158322	0.0297800314979	-0.0469191418204	0.00182188453372	-0.0450776113502	0.0196570826861	0.0686899250843	0.00940196692718	-0.0248294650928	0.01050160851	-0.045664763724	0.0460634944533	0.0771945367576	-0.0261736675046	-0.0213111241625	0.044041426384	0.0294072105931	0.00546816918313	-0.0374731102661	-0.017374121952	0.0220256770899	-0.01103785189	-0.00247451832058	0.0350868267642
k__Bacteria;p__Firmicutes;c__Clostridia;o__Clostridiales;f__Lachnospiraceae;g__Roseburia;s__Roseburia_hominis	0.0145197174985	0.0569268548007	-0.00650759925317	0.0152976593275	-0.0841430616077	0.0078373647497	-0.0179111845473	0.0258201599254	0.0590441378156	0.0640520250804	0.0118943710098	0.0123808191574	0.0469977739714	-0.0204575835713	0.00926193413909	0.0205663344601	-0.0336484452286	0.00772089270225	0.023484387351	-0.0474988765318	0.000250993947114	-0.0208859333964	-0.0102607765595	0.026595224695	0.0120301863666	0.029537064568	-0.019594409123	1.0	0.00642695668905	0.0248422399497	-0.0260938701447	0.00561724797147	-0.0637244155026	-0.0503672442198	0.0308964261772	-0.0347121791891	0.0243323682365	-0.0040605761242	0.00780509942505	-0.0914336029284	0.0530806513993	-0.0539440836095	-0.028460538112	0.0177547980096	-0.0302993362687	-0.0392036885957	-0.0025689647664	0.0103167501148	0.043681643001	0.013281811642	-0.0125821011926	-0.0342735999158	0.0521939632519	-0.064400294481	0.00419257373955	-0.00938730097905	0.0254492037552	-0.0366426427428	0.0230260241824
k__Bacteria;p__Bacteroidetes;c__Bacteroidia;o__Bacteroidales;f__Porphyromonadaceae;g__Parabacteroides;s__Parabacteroides_johnsonii	-0.0478074159051	0.0497828164829	-0.0141644350452	0.00886592135677	0.0761949349574	0.0249210236582	0.033816494639	-0.0682269586689	-0.0293906375322	0.0223964880486	-0.0395833906429	-0.0267088535685	0.0507700272437	-0.0173023682634	-0.0250907263813	-0.0224061526112	-0.00400745736976	0.0301081877245	0.0164578789267	-0.0237243222011	0.0330478937549	0.00808682987287	-0.0314394758205	-0.0676093315474	-0.0216560130638	0.00688011365568	0.0258444702889	0.00642695668905	1.0	-0.0163978783619	-0.0388968097065	-0.0383396300319	-0.00711642598333	-0.0410816673576	0.0145781829061	-0.0355791389812	0.000501578692488	-0.0542673250743	-0.0120342746082	-0.014839732001	-0.0459504150002	0.0719231106316	0.0441901018208	0.0679414299131	-0.0364403707578	0.0116732870017	0.057624580128	-0.0287315654894	-0.0310357924289	0.0110364578139	-0.00134068234335	-0.0630001187216	0.0339470343686	-0.00603817241111	0.0313438916397	0.0197371402571	-0.00786464396609	-0.0243264121443	-0.00824849257023
k__Bacteria;p__Actinobacteria;c__Actinobacteria;o__Bifidobacteriales;f__Bifidobacteriaceae;g__Bifidobacterium;s__Bifidobacterium_longum	-0.0454464902767	0.0112327428107	0.0129242464084	-0.0437634330776	0.00848564500647	-0.0226849695365	0.0141551055766	-0.0365100040509	0.0153341538101	-0.0524522228901	0.0140290184208	-0.0311904896184	-0.0113855302359	-0.0301188094249	-0.00166240055954	-0.0247651595196	0.0130547906022	-0.0512763533902	8.0877293097e-05	-0.0236920119321	0.00416174813622	-0.0244699667281	-0.0087824298077	0.0859192129683	0.0541345880994	0.0665899046976	-0.0325838109109	0.0248422399497	-0.0163978783619	1.0	-0.0522667204216	-0.00718405329668	-0.093933262626	-0.0427383498856	0.0274001815723	-0.0283293580746	-0.0842050845871	0.047285081348	-0.00191664862557	-0.0426723660609	-0.00350918989953	-0.0470881128325	-0.0882032727823	-0.0153751849157	-0.0193150579167	-0.00680658705158	-0.0426276254332	-0.0104596458618	0.0902841958319	0.0199801468957	-0.0488714472762	0.0270872642983	-0.00226061610742	-0.0462692891077	-0.0224033251422	-0.0195628445416	-0.0406073048737	0.00321102896203	0.00852441298822
