#taxonomy	k__Bacteria;p__Bacteroidetes;c__Bacteroidia;o__Bacteroidales;f__Bacteroidaceae;g__Bacteroides;s__Bacteroides_vulgatus	k__Bacteria;p__Bacteroidetes;c__Bacteroidia;o__Bacteroidales;f__Bacteroidaceae;g__Bacteroides;s__Bacteroides_uniformis	k__Bacteria;p__Bacteroidetes;c__Bacteroidia;o__Bacteroidales;f__Rikenellaceae;g__Alistipes;s__Alistipes_putredinis	k__Bacteria;p__Bacteroidetes;c__Bacteroidia;o__Bacteroidales;f__Prevotellaceae;g__Prevotella;s__Prevotella_copri	k__Bacteria;p__Bacteroidetes;c__Bacteroidia;o__Bacteroidales;f__Bacteroidaceae;g__Bacteroides;s__Bacteroides_stercoris	k__Bacteria;p__Bacteroidetes;c__Bacteroidia;o__Bacteroidales;f__Bacteroidaceae;g__Bacteroides;s__Bacteroides_ovatus	k__Bacteria;p__Bacteroidetes;c__Bacteroidia;o__Bacteroidales;f__Rikenellaceae;g__Alistipes;s__Alistipes_shahii	k__Bacteria;p__Firmicutes;c__Clostridia;o__Clostridiales;f__Ruminococcaceae;g__Faecalibacterium;s__Faecalibacterium_prausnitzii	k__Bacteria;p__Bacteroidetes;c__Bacteroidia;o__Bacteroidales;f__Rikenellaceae;g__Alistipes;s__Alistipes_finegoldii	k__Bacteria;p__Bacteroidetes;c__Bacteroidia;o__Bacteroidales;f__Porphyromonadaceae;g__Parabacteroides;s__Parabacteroides_distasonis	k__Bacteria;p__Bacteroidetes;c__Bacteroidia;o__Bacteroidales;f__Bacteroidaceae;g__Bacteroides;s__Bacteroides_thetaiotaomicron	k__Bacteria;p__Bacteroidetes;c__Bacteroidia;o__Bacteroidales;f__Bacteroidaceae;g__Bacteroides;s__Bacteroides_coprocola	k__Bacteria;p__Bacteroidetes;c__Bacteroidia;o__Bacteroidales;f__Bacteroidaceae;g__Bacteroides;s__Bacteroides_cellulosilyticus	k__Bacteria;p__Bacteroidetes;c__Bacteroidia;o__Bacteroidales;f__Rikenellaceae;g__Alistipes;s__Alistipes_obesi	k__Bacteria;p__Firmicutes;c__Clostridia;o__Clostridiales;f__Lachnospiraceae;g__;s__[Eubacterium]_rectale	k__Bacteria;p__Bacteroidetes;c__Bacteroidia;o__Bacteroidales;f__Bacteroidaceae;g__Bacteroides;s__Bacteroides_plebeius	k__Bacteria;p__Bacteroidetes;c__Bacteroidia;o__Bacteroidales;f__Bacteroidaceae;g__Bacteroides;s__Bacteroides_fragilis	k__Bacteria;p__Proteobacteria;c__Betaproteobacteria;o__Burkholderiales;f__Sutterellaceae;g__Sutterella;s__Sutterella_wadsworthensis	k__Bacteria;p__Bacteroidetes;c__Bacteroidia;o__Bacteroidales;f__Porphyromonadaceae;g__Barnesiella;s__Barnesiella_intestinihominis	k__Bacteria;p__Bacteroidetes;c__Bacteroidia;o__Bacteroidales;f__Odoribacteraceae;g__Odoribacter;s__Odoribacter_splanchnicus	k__Bacteria;p__Bacteroidetes;c__Bacteroidia;o__Bacteroidales;f__Bacteroidaceae;g__Bacteroides;s__Bacteroides_salyersiae	k__Bacteria;p__Firmicutes;c__Clostridia;o__Clostridiales;f__Ruminococcaceae;g__Ruminiclostridium;s__[Eubacterium]_siraeum	k__Bacteria;p__Proteobacteria;c__Betaproteobacteria;o__Burkholderiales;f__Sutterellaceae;g__Parasutterella;s__Parasutterella_excrementihominis	k__Bacteria;p__Actinobacteria;c__Actinobacteria;o__Bifidobacteriales;f__Bifidobacteriaceae;g__Bifidobacterium;s__Bifidobacterium_adolescentis	k__Bacteria;p__Firmicutes;c__Clostridia;o__Clostridiales;f__Oscillospiraceae;g__Oscillibacter;s__Oscillibacter_sp._KLE_1745	k__Bacteria;p__Bacteroidetes;c__Bacteroidia;o__Bacteroidales;f__Bacteroidaceae;g__Bacteroides;s__Bacteroides_coprophilus	k__Bacteria;p__Firmicutes;c__Clostridia;o__Clostridiales;f__Lachnospiraceae;g__Roseburia;s__Roseburia_intestinalis	k__Bacteria;p__Firmicutes;c__Clostridia;o__Clostridiales;f__Lachnospiraceae;g__Roseburia;s__Roseburia_hominis	k__Bacteria;p__Bacteroidetes;c__Bacteroidia;o__Bacteroidales;f__Porphyromonadaceae;g__Parabacteroides;s__Parabacteroides_johnsonii	k__Bacteria;p__Actinobacteria;c__Actinobacteria;o__Bifidobacteriales;f__Bifidobacteriaceae;g__Bifidobacterium;s__Bifidobacterium_longum	k__Bacteria;p__Firmicutes;c__Clostridia;o__Clostridiales;f__;g__Flavonifractor;s__Flavonifractor_plautii	k__Bacteria;p__Firmicutes;c__Clostridia;o__Clostridiales;f__Clostridiaceae;g__Clostridium;s__Clostridium_phoceensis	k__Bacteria;p__Verrucomicrobia;c__Verrucomicrobiae;o__Verrucomicrobiales;f__Akkermansiaceae;g__Akkermansia;s__Akkermansia_muciniphila	k__Bacteria;p__Bacteroidetes;c__Bacteroidia;o__Bacteroidales;f__Prevotellaceae;g__Paraprevotella;s__Paraprevotella_xylaniphila	k__Bacteria;p__Firmicutes;c__Clostridia;o__Clostridiales;f__Ruminococcaceae;g__Ruminococcus;s__Ruminococcus_callidus	k__Bacteria;p__Bacteroidetes;c__Bacteroidia;o__Bacteroidales;f__Rikenellaceae;g__Alistipes;s__Alistipes_senegalensis	k__Bacteria;p__Firmicutes;c__Clostridia;o__Clostridiales;f__Lachnospiraceae;g__Blautia;s__Blautia_sp._KLE_1732	k__Bacteria;p__Bacteroidetes;c__Bacteroidia;o__Bacteroidales;f__Bacteroidaceae;g__Bacteroides;s__Bacteroides_oleiciplenus	k__Bacteria;p__Firmicutes;c__Clostridia;o__Clostridiales;f__Ruminococcaceae;g__Ruminococcus;s__Ruminococcus_bicirculans	k__Bacteria;p__Bacteroidetes;c__Bacteroidia;o__Bacteroidales;f__Bacteroidaceae;g__Bacteroides;s__Bacteroides_fluxus	k__Bacteria;p__Bacteroidetes;c__Bacteroidia;o__Bacteroidales;f__Prevotellaceae;g__Prevotella;s__Prevotella_stercorea	k__Bacteria;p__Firmicutes;c__Clostridia;o__Clostridiales;f__Lachnospiraceae;g__Dorea;s__Dorea_longicatena	k__Bacteria;p__Firmicutes;c__Clostridia;o__Clostridiales;f__Eubacteriaceae;g__Eubacterium;s__[Eubacterium]_eligens	k__Bacteria;p__Firmicutes;c__Clostridia;o__Clostridiales;f__Ruminococcaceae;g__;s__Ruminococcaceae_bacterium_D16	k__Bacteria;p__Firmicutes;c__Clostridia;o__Clostridiales;f__Lachnospiraceae;g__Coprococcus;s__Coprococcus_comes	k__Bacteria;p__Proteobacteria;c__Gammaproteobacteria;o__Enterobacterales;f__Enterobacteriaceae;g__Escherichia;s__Escherichia_coli	k__Bacteria;p__Firmicutes;c__Clostridia;o__Clostridiales;f__Ruminococcaceae;g__Anaerotruncus;s__Anaerotruncus_colihominis	k__Bacteria;p__Firmicutes;c__Clostridia;o__Clostridiales;f__Lachnospiraceae;g__Blautia;s__Blautia_obeum	k__Bacteria;p__Bacteroidetes;c__Bacteroidia;o__Bacteroidales;f__Odoribacteraceae;g__Odoribacter;s__Odoribacter_laneus	k__Bacteria;p__Firmicutes;c__Clostridia;o__Clostridiales;f__Ruminococcaceae;g__Ruminiclostridium;s__[Clostridium]_leptum	k__Bacteria;p__Bacteroidetes;c__Bacteroidia;o__Bacteroidales;f__Porphyromonadaceae;g__Parabacteroides;s__Parabacteroides_goldsteinii	k__Bacteria;p__Firmicutes;c__Clostridia;o__Clostridiales;f__Lachnospiraceae;g__Anaerostipes;s__Anaerostipes_hadrus	k__Bacteria;p__Firmicutes;c__Clostridia;o__Clostridiales;f__Ruminococcaceae;g__Ruminococcus;s__Ruminococcus_lactaris	k__Bacteria;p__Firmicutes;c__Clostridia;o__Clostridiales;f__Clostridiaceae;g__Clostridium;s__Clostridium_sp._L2-50	k__Bacteria;p__Firmicutes;c__Clostridia;o__Clostridiales;f__Clostridiaceae;g__Clostridium;s__Clostridium_sp._M62/1	k__Bacteria;p__Firmicutes;c__Clostridia;o__Clostridiales;f__;g__Intestinimonas;s__Intestinimonas_butyriciproducens	k__Bacteria;p__Actinobacteria;c__Actinobacteria;o__Bifidobacteriales;f__Bifidobacteriaceae;g__Bifidobacterium;s__Bifidobacterium_bifidum	k__Bacteria;p__Firmicutes;c__Negativicutes;o__Veillonellales;f__Veillonellaceae;g__Dialister;s__Dialister_invisus	k__Bacteria;p__Bacteroidetes;c__Bacteroidia;o__Bacteroidales;f__Bacteroidaceae;g__Bacteroides;s__Bacteroides_salanitronis
k__Bacteria;p__Bacteroidetes;c__Bacteroidia;o__Bacteroidales;f__Bacteroidaceae;g__Bacteroides;s__Bacteroides_vulgatus	1.0	-0.00752605764835	0.0377250060755	-0.0501014760347	-0.0133040230472	0.0156105385362	0.0224962600925	-0.0333108898737	0.0152749026141	-0.000897448858055	0.00139821462396	0.00953498648158	-0.0329406654803	-0.00348469756957	0.0097800456853	0.00134907614711	-0.00248230333752	0.0154705511693	-0.026216007703	-0.0108213811251	-0.00611512086364	-0.04576523754	-0.0273665627716	-0.00695691884673	-0.0509425194032	0.00731685472231	-0.0417259038501	0.0132792601933	-0.0748528119855	-0.0282987118025	0.0114177114637	-0.0182723378254	0.0187873503812	-0.0802056151998	-0.0251418173891	-0.019990900811	-0.0245756879627	-0.00704502456616	0.00860616949986	0.0193152353699	-0.00368164417849	-0.0149306135198	-0.0258095565183	0.0785915992924	0.00855698357604	0.0417593026475	-0.0360658028731	0.0433649142393	0.0365877031095	-0.0783468400304	0.0517379360002	0.0061264621472	-0.08271576755	0.0183244595101	-0.0307930759558	0.0882604353372	-0.0537260777194	-0.0469998811935	-0.0265354926042
k__Bacteria;p__Bacteroidetes;c__Bacteroidia;o__Bacteroidales;f__Bacteroidaceae;g__Bacteroides;s__Bacteroides_uniformis	-0.00752605764835	1.0	-0.00506297417645	-0.0289993381081	0.0115842503906	-0.0353098891307	-0.0561851373022	-0.00550440279249	-0.0300617120234	-0.0237192366836	0.00454735462805	-0.0173877581456	-0.0162050222647	-0.00948829544791	0.0138187457516	0.0444079552554	-0.0157761789648	-0.0518960564525	-0.0232955797721	0.00877224126955	0.0315600154443	-0.01192323622	0.00968798364545	-0.0140750976304	0.00802026048907	0.0164337774578	-0.0620154052048	0.0012694737442	0.046803295931	-0.0296988952531	-0.002958926909	-0.0233064914731	-0.021515560866	-0.0457653088948	-0.0144985199769	-0.0191161370576	-0.0570066821012	-0.0393533553347	-0.0435383607295	-0.100733871752	-0.0418968113466	-0.00846459413491	0.0206919504048	-0.0280674599245	-0.0601643148706	-0.0126098955643	-0.0482247155148	0.0015769109286	0.0262314527713	0.0290339023103	0.000274120108334	-0.056051569178	0.051139194656	-0.000859912615195	0.0240211566909	-0.0259749409263	0.00740916583367	-0.00343931809037	-0.0178128471688
k__Bacteria;p__Bacteroidetes;c__Bacteroidia;o__Bacteroidales;f__Rikenellaceae;g__Alistipes;s__Alistipes_putredinis	0.0377250060755	-0.00506297417645	1.0	0.000477797646776	0.0426399188215	-0.00196940401078	-0.00363532800315	-0.0235275012896	0.0163874972262	0.0376862271475	-0.00887296783725	-0.0169517692187	-0.0345025060839	0.0122404462368	-0.00719800590682	-0.0273215414209	0.0159856810066	0.00344980490521	-0.030030811312	0.0258505005006	0.0234949494922	0.0131173664524	-0.0358853052845	0.0044281907061	0.0163381060797	0.0317572656584	-0.0607801517842	0.00779196636946	0.0334753500237	0.0398233455089	0.0110703160837	0.0180052163265	-0.0138879225701	-0.0533410743724	-0.0635759507553	0.0461689874966	0.0161667854329	-0.0265749368144	-0.0693239938239	-0.0076406760965	0.0255778056896	0.0112886262128	-0.0290614339783	-0.00619948700543	-0.0731363522645	-0.00373239185326	-0.10511236621	0.018409427036	-0.0226299479825	0.0156075327334	-0.0444629939124	-0.0518102253685	0.0112074896046	-0.040302287183	-0.0331340915809	0.00264377041624	-0.0687788723296	0.0304016444241	-0.0269888183094
k__Bacteria;p__Bacteroidetes;c__Bacteroidia;o__Bacteroidales;f__Prevotellaceae;g__Prevotella;s__Prevotella_copri	-0.0501014760347	-0.0289993381081	0.000477797646776	1.0	0.0428026620305	0.0243224767535	0.0138451414015	-0.00775780346333	-0.0586107419407	0.00322503193558	0.02978632725	-0.0480724097321	-0.00975525404525	-0.0594398104299	0.00531482569595	0.0129395556522	0.0406408177057	0.00393121481459	-0.0413292633522	-0.0200007049441	-0.0100848751427	-0.0235172981481	0.0585064858236	0.00969786622862	0.0179921033505	0.0706385684419	-0.0363064916626	0.0104274426328	0.0385753774141	-0.0148169801216	-0.0807363202463	0.00486915801147	-0.0185734960687	0.000501710063381	-0.00974085896758	0.0368935510507	-0.0244904277745	-0.0223926681626	-0.0220693317604	0.0136754156236	0.0194838789633	-0.0569630261048	0.0062143546015	-7.47083562073e-05	-0.0228109032416	0.0295243781928	0.00988302970301	0.00140819684497	-0.0401364792481	0.0436029514284	0.0166542172335	-0.0035015902772	-0.0349165771595	-0.0513917763066	-0.0419400625939	-0.0334601381245	0.00573350608049	-0.0147093153833	-0.0265963584427
k__Bacteria;p__Bacteroidetes;c__Bacteroidia;o__Bacteroidales;f__Bacteroidaceae;g__Bacteroides;s__Bacteroides_stercoris	-0.0133040230472	0.0115842503906	0.0426399188215	0.0428026620305	1.0	-0.0146022940281	0.0230504777519	-0.0378483646169	-0.000892632985028	0.0390973075191	-0.0112103413949	-0.016468561266	-0.11668557644	-0.0604004918459	-0.0181715894975	-0.0282346151305	-0.0434523334755	0.00989322298387	-0.0590728060809	0.062738234891	0.0209998687635	0.0334883422433	0.00370286453173	0.00587584586656	-0.00071494375124	0.00895489986129	-0.0225366293806	-0.0555558682778	-0.045868993629	0.00112270003714	-0.00703557993296	0.0392432150956	0.00978922461681	-0.0302692045112	-0.0837782579791	0.0152456282923	0.0156680324599	0.042677666731	-0.0287653641189	-0.0483533913866	0.00356299061111	0.00829865594089	0.00304455251498	0.0544989183061	0.0546690480528	-0.0133355782363	0.00909206035971	-0.0215683062912	0.00595287063479	-0.0242891927327	0.0278147424701	-0.0173202241906	0.0225915317273	-0.0720299976984	-0.00104643107056	0.0513130907132	-0.043836138963	0.0353701805883	0.0218213289632
k__Bacteria;p__Bacteroidetes;c__Bacteroidia;o__Bacteroidales;f__Bacteroidaceae;g__Bacteroides;s__Bacteroides_ovatus	0.0156105385362	-0.0353098891307	-0.00196940401078	0.0243224767535	-0.0146022940281	1.0	-0.0207497650281	0.0293410800729	-0.0485767055447	0.0209380797502	0.0142125431147	-0.0369550007129	0.0160980168767	-0.0133358300058	0.0128101685713	0.0419879686463	-0.0353632612895	-0.0390683172028	-0.00480550593157	-0.0574897865794	-0.00275137302542	-0.0126346718856	-0.0346437936473	-0.0333500396109	0.0388025695306	-0.0627032593971	-0.0139264613193	0.00043289033327	0.00393221205181	-0.0260751373935	0.0274277255295	0.00487279632813	-0.00721580093006	-0.0187095781727	-0.0386191836523	-0.000280828238302	0.00182245110341	0.0751011119614	-0.0528127898257	-0.0417020547957	0.00787962325328	-0.0378029747562	0.0114046146371	-0.0411227211296	0.00576064396227	-0.0187123054598	0.000202431705968	-0.0119345313133	0.0336713221934	-0.0651434289416	3.63431978408e-05	-0.0366990602581	0.00808825519834	0.0256989657047	0.0182533361157	0.0162512169524	-0.0133747814162	-0.0585212353678	0.0352305659528
k__Bacteria;p__Bacteroidetes;c__Bacteroidia;o__Bacteroidales;f__Rikenellaceae;g__Alistipes;s__Alistipes_shahii	0.0224962600925	-0.0561851373022	-0.00363532800315	0.0138451414015	0.0230504777519	-0.0207497650281	1.0	-0.00762184385549	-0.0026134479068	0.0260787074447	0.0187095925419	-0.0163972376256	-0.0123458567419	-0.0231597775182	-0.0501092338094	-0.0119262002408	-0.000875229042691	-0.0443914594848	-0.0634492364029	-0.0625346113236	-0.0427467033536	0.0352166840437	-0.0409223763545	-0.027655060028	0.0106387166626	0.0243676655158	0.0386859016507	0.0272793503899	-0.022300818309	-0.0303398949289	0.042201097121	-0.0105452594291	-0.0254311446454	0.00536088745237	-0.00342431460623	0.0274913567251	-0.0208414391412	-0.0690644388694	0.0937036025568	0.0275069251034	-0.0111440272064	-0.0623670328962	-0.02971325279	-0.0330082803438	0.0219455559177	0.0723721155537	-0.0110894240379	0.0082909739188	0.00928302687011	0.0175776306217	0.0184700462303	0.00598735901695	0.01575960965	0.0217494560922	-0.0140524649587	0.0313635572844	0.0449663393892	-0.00504260377398	-0.0204082646554
k__Bacteria;p__Firmicutes;c__Clostridia;o__Clostridiales;f__Ruminococcaceae;g__Faecalibacterium;s__Faecalibacterium_prausnitzii	-0.0333108898737	-0.00550440279249	-0.0235275012896	-0.00775780346333	-0.0378483646169	0.0293410800729	-0.00762184385549	1.0	0.0595780994194	-0.0281112349983	-0.0114851961037	-0.00654232938006	-0.00890145850248	0.00433772325804	-0.00251401331693	-0.0484547548987	0.00423618484492	-0.0314228252729	-0.0104081394952	0.0465796775669	-0.0255585206412	0.0216436709194	0.031386984418	-0.0826161120413	-0.0160296397586	0.0348340294745	0.0282251428761	-0.0372312461236	-0.0164802725043	0.0119235321743	-0.0298692638516	0.00824882584656	-0.000757009575738	0.0209560462199	0.0206379994144	-0.0274561047314	0.0093649723654	-0.00218906858977	0.0328374553083	-0.0510059896265	0.0411803503354	-0.00451035330346	-0.0568519163632	0.0334068936333	-0.0218096182142	-0.0692608911945	-0.0528987950722	0.0217372054313	0.0111314006256	0.0474773089193	-0.0312348357726	0.00929097696979	-0.0186620170959	0.00843422426942	-0.0385635483645	0.00756452181853	0.0304878897454	-0.0222565537735	-0.013432580364
k__Bacteria;p__Bacteroidetes;c__Bacteroidia;o__Bacteroidales;f__Rikenellaceae;g__Alistipes;s__Alistipes_finegoldii	0.0152749026141	-0.0300617120234	0.0163874972262	-0.0586107419407	-0.000892632985028	-0.0485767055447	-0.0026134479068	0.0595780994194	1.0	0.0045918781365	-0.0200064589771	0.00427960282365	0.0287512889041	0.0251538764767	-0.0165034929906	-0.0699551154482	-0.0497744139162	-0.0338348943774	0.0142843102041	0.0246560881973	0.0245335632963	0.0353947845329	0.0232387113615	-0.026442146716	0.0260561033653	-0.0369108602102	-0.0392541727303	0.0293096773145	-0.0327563633369	-0.0520015510929	0.00586354869357	0.0461981039942	0.0401439547986	0.022606974979	-0.0131846303461	-0.028055592659	-0.00753268683056	-0.0609375769564	-0.0649362814235	0.00242753647713	0.0302259085378	-0.0186218414594	0.0441094683994	-0.0254637512775	-0.00990188195073	-0.00124182692384	-0.0539022603866	-0.0110142929518	-0.0356458376856	0.0477936923641	-0.083354195875	-0.0157521727545	-0.0211513868463	0.0359375202943	0.0107449261311	-0.00991436301112	-0.0520449812231	0.0377814928856	0.0254493621743
k__Bacteria;p__Bacteroidetes;c__Bacteroidia;o__Bacteroidales;f__Porphyromonadaceae;g__Parabacteroides;s__Parabacteroides_distasonis	-0.000897448858055	-0.0237192366836	0.0376862271475	0.00322503193558	0.0390973075191	0.0209380797502	0.0260787074447	-0.0281112349983	0.0045918781365	1.0	0.0253012427147	-0.0297449600111	0.0312643891449	0.0333706000654	-0.011946954629	-0.0449437978739	-0.0170483459142	0.00143248520641	-0.0660127801855	-0.0407472986225	-0.0802127908582	-0.0362204707001	-0.0290103711619	-0.0159668199539	-0.0290869287541	-0.0151025566573	-0.0500736555067	0.0181586370703	-0.0196494332051	0.0265019593988	-0.0182257980888	-0.0100809375375	-0.0180871888191	-0.0699858660104	-0.0296746726529	0.0361653475299	0.020728979778	0.0669322545915	-0.0169518599751	-0.0285324720761	0.00573503150695	-0.00984906131065	-0.00645578135271	-0.0641092813568	-0.0193466811294	-0.00634333685547	-0.0234577127235	0.0512693698916	0.0198976497455	-0.0511633217726	0.0385140596657	0.0131799946405	0.0342317788155	-0.0361272453615	-0.00429817126089	-0.00327077330674	-0.0499018654893	0.00135846205264	0.0105312878038
k__Bacteria;p__Bacteroidetes;c__Bacteroidia;o__Bacteroidales;f__Bacteroidaceae;g__Bacteroides;s__Bacteroides_thetaiotaomicron	0.00139821462396	0.00454735462805	-0.00887296783725	0.02978632725	-0.0112103413949	0.0142125431147	0.0187095925419	-0.0114851961037	-0.0200064589771	0.0253012427147	1.0	-0.0167844528774	0.0293755645545	0.0153723508707	0.0171911383956	0.00554401000397	0.0420023255505	0.0322584998527	0.00403643623199	-0.0858419456617	-0.00148655602398	8.99139000963e-05	-0.0632104189079	0.00606777137566	0.00338397303993	-0.0202804685697	0.00306152813087	0.00385411101885	0.0385965568604	-0.00992612285071	-0.00847046335476	0.0305359226999	0.00126227635263	0.0146574151374	0.0228658688883	0.00329159843048	-0.022460862387	0.003780251776	0.0129322561917	0.00792984619063	-0.0117282459808	-0.0558659065297	-0.0375710150168	0.0156665822339	-0.0227715655778	-0.0254282160203	0.031462913447	0.0210376549	-0.0513302998234	0.00996066608779	0.014867383053	-0.00439274421175	-0.0471448280843	0.0226809422785	0.0135305287258	0.0477268148483	0.0307350114742	0.0260867951508	-0.0611282358654
k__Bacteria;p__Bacteroidetes;c__Bacteroidia;o__Bacteroidales;f__Bacteroidaceae;g__Bacteroides;s__Bacteroides_coprocola	0.00953498648158	-0.0173877581456	-0.0169517692187	-0.0480724097321	-0.016468561266	-0.0369550007129	-0.0163972376256	-0.00654232938006	0.00427960282365	-0.0297449600111	-0.0167844528774	1.0	0.000168609104503	-0.000126660773749	0.0495025346565	-0.0116711622852	-0.0203758154825	0.0160474407452	0.0206341158408	-0.00779022170792	-0.0185955501536	0.00261878159333	0.0531829721855	-0.0310468784925	-0.0367597800085	0.00934746421552	0.028037376362	-0.0360185949259	-0.0438290494765	-0.0308901504417	-0.033040747059	-0.0596213527515	-0.0228273432398	0.0333757844434	-0.00738536434158	-0.0707907614899	-0.0551857883202	-0.0264854506034	-0.0624718300779	0.0676334781399	-0.0443786619043	-0.0324582966119	-0.0236017754089	-0.0595660936434	0.028090805515	0.00753559945364	0.0153596363405	0.00689794271522	0.027441545358	-0.0525364916838	-0.0258867927551	0.102941750557	-0.0198378931326	0.00421141627554	0.0371978331068	0.0420341891073	-0.0318061818938	-0.0230103349958	-0.0233810647093
k__Bacteria;p__Bacteroidetes;c__Bacteroidia;o__Bacteroidales;f__Bacteroidaceae;g__Bacteroides;s__Bacteroides_cellulosilyticus	-0.0329406654803	-0.0162050222647	-0.0345025060839	-0.00975525404525	-0.11668557644	0.0160980168767	-0.0123458567419	-0.00890145850248	0.0287512889041	0.0312643891449	0.0293755645545	0.000168609104503	1.0	0.0140905314373	0.042033492854	0.00556423090903	-0.0683887069789	-0.048316351066	-0.0106358889136	0.00934569400056	0.0105463233386	-0.042773904882	0.0223732938005	0.0448653446536	-0.0200349761523	-0.0201012133695	-0.0142873574987	0.00964420516733	0.0336619225718	-0.0259988982071	0.00242609453179	-0.00808996883916	-0.0143197130497	-0.0247487107225	0.0568641150964	0.0691175204755	-0.0348643684239	-0.0498310275698	0.0686031778866	0.0170165333025	0.0590678243506	-0.0293755571698	0.0207148814829	0.0197793941601	-0.100290365597	-0.0288648624291	0.0226200401241	-0.0400389351635	-0.0114177757185	0.0162459759115	-0.0289295206577	0.0279400699281	-0.0303099334972	-0.0389998572856	-0.0123849495228	0.0225453148835	0.0120265817079	0.0403157632632	0.00700140634487
k__Bacteria;p__Bacteroidetes;c__Bacteroidia;o__Bacteroidales;f__Rikenellaceae;g__Alistipes;s__Alistipes_obesi	-0.00348469756957	-0.00948829544791	0.0122404462368	-0.0594398104299	-0.0604004918459	-0.0133358300058	-0.0231597775182	0.00433772325804	0.0251538764767	0.0333706000654	0.0153723508707	-0.000126660773749	0.0140905314373	1.0	-0.0802577321226	0.055036692429	-0.0382334445943	-0.0191991309612	0.0533387348011	-0.00476744577941	0.00483603652974	0.0296387500264	0.00136592188281	0.0123032001776	-0.0224725934907	-0.0026589286213	-0.00294666837904	-0.022450227892	-0.0372155135173	-0.05292728923	0.0431722483178	-0.0194999283765	-0.0470162266482	-0.000741689561124	-0.000730043538154	-0.00352077495908	-0.0229449753822	0.00236209915622	0.011116689998	-0.0085291296276	0.0132104107804	0.0425342166554	-0.0497027593187	0.0210045463928	-0.0178935035411	0.0297862867966	0.00639356351246	0.0293665115955	-0.0777483075899	0.004577637704	0.0432803135681	-0.0368378461565	0.0194367022175	0.0269694664493	0.0105579839595	-0.0232383220274	-0.00384818767256	-0.00519556357467	-0.0464882813514
k__Bacteria;p__Firmicutes;c__Clostridia;o__Clostridiales;f__Lachnospiraceae;g__;s__[Eubacterium]_rectale	0.0097800456853	0.0138187457516	-0.00719800590682	0.00531482569595	-0.0181715894975	0.0128101685713	-0.0501092338094	-0.00251401331693	-0.0165034929906	-0.011946954629	0.0171911383956	0.0495025346565	0.042033492854	-0.0802577321226	1.0	0.00607564760198	-0.0186099813111	0.00231968469188	0.0172947037543	0.00661392046989	0.00879605093155	0.00239547334293	0.0248406503956	0.0407151804974	0.0246738769031	-0.00337437424187	0.0276637919502	-0.0332762185883	-0.0353508174022	0.0206993513563	-0.0224682231109	0.0171613342402	-0.00693121964254	-0.0608414077413	0.017274881356	0.0109471699389	-0.0350562364718	-0.0672808806384	0.0391485533647	0.0279903320198	0.0102174191638	0.0392805807924	0.00345341128828	-0.0639541400008	0.0200983646204	0.0309621587747	-0.00357404765676	0.0288114359105	-0.00662345755554	-0.00110451416324	-0.00484297140513	-0.018984728433	-0.0479796347649	-0.0388807099175	-0.0024092459238	-0.0177448550113	0.00992812529205	-0.050788015502	-0.0349827498744
k__Bacteria;p__Bacteroidetes;c__Bacteroidia;o__Bacteroidales;f__Bacteroidaceae;g__Bacteroides;s__Bacteroides_plebeius	0.00134907614711	0.0444079552554	-0.0273215414209	0.0129395556522	-0.0282346151305	0.0419879686463	-0.0119262002408	-0.0484547548987	-0.0699551154482	-0.0449437978739	0.00554401000397	-0.0116711622852	0.00556423090903	0.055036692429	0.00607564760198	1.0	0.0261507438876	0.0263670660444	0.028413371015	0.0246153619079	-0.0412298936256	0.0167217452656	0.00306948202688	-0.0224087645554	0.0231774920886	-0.0386345263184	0.0590845345645	-0.0662563791713	0.0100668192184	-0.000890782677429	-0.0348957930945	-0.0228558051308	0.0118595929663	-0.0287869508829	0.0454349689714	-0.0234627782924	-0.00675512965961	0.0718251209162	0.0193991553138	-0.0198662230367	-0.0247790199858	-0.0148951819766	0.0102575626479	-0.0171049819953	0.00921739128969	0.0338468020651	-0.027748834248	-0.0473929186505	0.0154324867926	-0.00647519741711	-0.00902098366519	-0.0384631961219	-0.0446714258093	-0.00378565017049	0.0578481532421	0.0207967818131	0.00941369799022	0.0151441139518	-0.0149175777821
k__Bacteria;p__Bacteroidetes;c__Bacteroidia;o__Bacteroidales;f__Bacteroidaceae;g__Bacteroides;s__Bacteroides_fragilis	-0.00248230333752	-0.0157761789648	0.0159856810066	0.0406408177057	-0.0434523334755	-0.0353632612895	-0.000875229042691	0.00423618484492	-0.0497744139162	-0.0170483459142	0.0420023255505	-0.0203758154825	-0.0683887069789	-0.0382334445943	-0.0186099813111	0.0261507438876	1.0	0.0565447702311	-0.0495438917325	-0.0489337963415	-0.0135977698894	-0.0184758300484	0.0221482500616	-0.00765437667018	0.0247982336809	-0.037980989567	0.107736249967	-0.0310960663227	0.00132117140035	0.0463056370015	-0.0401420154589	-0.0107259506597	-0.0417982335406	-0.00586471716004	-0.0546588379702	0.0429539178558	-0.000256116891651	-0.0481617591443	-0.0069112482431	-0.0129324768182	-0.00394082749357	0.0141418962992	0.0302097416216	-0.0203272687087	-0.00360822631859	-0.0242640087122	0.011787833927	-0.0250207840116	0.000562271469692	-0.00656977481957	-0.0254377096925	-0.0644872545276	-0.0162260768386	0.0180864517907	-0.00799581298758	-0.0534176757158	0.0120181228167	-0.00658514700143	-0.0170932671887
k__Bacteria;p__Proteobacteria;c__Betaproteobacteria;o__Burkholderiales;f__Sutterellaceae;g__Sutterella;s__Sutterella_wadsworthensis	0.0154705511693	-0.0518960564525	0.00344980490521	0.00393121481459	0.00989322298387	-0.0390683172028	-0.0443914594848	-0.0314228252729	-0.0338348943774	0.00143248520641	0.0322584998527	0.0160474407452	-0.048316351066	-0.0191991309612	0.00231968469188	0.0263670660444	0.0565447702311	1.0	0.00715445151661	-0.0533519072458	-0.025802540542	-0.0574483784087	-0.00926181962983	-0.0343188921802	0.00372613110021	0.020346278617	0.00125989049913	-0.0206463101158	0.0233590521052	0.0597002346789	0.0254679224273	-0.0199158514513	0.0722446452384	0.0504170737068	0.0440961284548	-0.0390618151108	-0.0411914923268	-0.0143044192856	0.0185263259897	0.000365074977014	0.0241900539652	-0.0581054870173	0.0101214572316	0.0021730475096	-0.00259752300188	-0.00805399414596	-0.0678608851129	-0.0544777471062	0.0164398382538	-0.0685715467198	-0.00516002174403	-0.0321486828685	-0.0766083382016	0.0270438886602	-0.016102360162	-0.0529374833288	-0.00106699333668	-0.0297593074407	-0.0099570623657
k__Bacteria;p__Bacteroidetes;c__Bacteroidia;o__Bacteroidales;f__Porphyromonadaceae;g__Barnesiella;s__Barnesiella_intestinihominis	-0.026216007703	-0.0232955797721	-0.030030811312	-0.0413292633522	-0.0590728060809	-0.00480550593157	-0.0634492364029	-0.0104081394952	0.0142843102041	-0.0660127801855	0.00403643623199	0.0206341158408	-0.0106358889136	0.0533387348011	0.0172947037543	0.028413371015	-0.0495438917325	0.00715445151661	1.0	0.0594699351509	-0.0866900595624	-0.0436617764171	-0.0123806846669	-0.00633633479997	-0.00646189022799	-0.0142383009764	-0.0071527455557	-0.0343329560701	-0.045389326527	-0.00100726090471	-0.0461855873365	-0.0471403038194	-0.0281582788694	0.022491772985	0.0737504106995	-0.0328976555313	-0.0106940754503	0.0347553912646	-0.016536211906	-0.0888125019874	-0.00455156689191	-0.0432130760302	-0.0162198455203	0.0722841209039	-0.00643070556419	0.0300494026564	0.0439813292314	-0.0231886454733	-0.0116096160981	0.0276127294849	0.0220408425391	0.0263342993395	-0.022031674389	-0.0219088157139	0.00430616364139	-0.0113182433685	0.0354302074515	-0.0377617359156	-0.0244847496642
k__Bacteria;p__Bacteroidetes;c__Bacteroidia;o__Bacteroidales;f__Odoribacteraceae;g__Odoribacter;s__Odoribacter_splanchnicus	-0.0108213811251	0.00877224126955	0.0258505005006	-0.0200007049441	0.062738234891	-0.0574897865794	-0.0625346113236	0.0465796775669	0.0246560881973	-0.0407472986225	-0.0858419456617	-0.00779022170792	0.00934569400056	-0.00476744577941	0.00661392046989	0.0246153619079	-0.0489337963415	-0.0533519072458	0.0594699351509	1.0	-0.0085159539718	-0.0103849120439	-0.0216027216647	-0.0245115399248	-0.0160556137402	0.0540771675324	0.0420462197541	-0.0233021856539	0.00435369686991	-0.0303953488198	0.0161282242551	-0.0421934599805	-0.00588256681815	-0.00158004354007	0.0282903738491	-0.00266600800866	-0.0180386108399	-0.00256479403081	-0.0238895161066	-0.0515470774685	-0.0118572818942	0.0203353904512	-0.0535356167129	0.0590793509031	-0.0285858647067	0.0158896793234	-0.0456087411026	0.00336426072201	-0.0143723344044	0.00984499019382	-0.0878207083246	-0.0188717238851	-0.0167265753371	-0.00812694610756	-0.0184431679818	0.0241788303703	0.00919075541573	0.0122667472599	-0.0305628267928
k__Bacteria;p__Bacteroidetes;c__Bacteroidia;o__Bacteroidales;f__Bacteroidaceae;g__Bacteroides;s__Bacteroides_salyersiae	-0.00611512086364	0.0315600154443	0.0234949494922	-0.0100848751427	0.0209998687635	-0.00275137302542	-0.0427467033536	-0.0255585206412	0.0245335632963	-0.0802127908582	-0.00148655602398	-0.0185955501536	0.0105463233386	0.00483603652974	0.00879605093155	-0.0412298936256	-0.0135977698894	-0.025802540542	-0.0866900595624	-0.0085159539718	1.0	-0.000811642945968	0.00084981221442	0.0188142672738	-0.0914209057026	0.00921972024498	-0.0224496126788	-0.042676776827	0.0550674415525	0.0528927851283	0.0302595740622	0.0621916033707	-0.0142829541333	-0.0710556905928	0.00954370352404	-0.0121165523255	-0.037514304035	-0.024913381806	0.0211660325492	0.0121480674178	0.0289722975145	0.0276800435721	-0.0242958920458	0.0220912279941	0.0659932596721	-0.0358846435926	-0.0479832561275	-0.0431899867188	-0.0158258759071	-0.060626630584	-0.000760644249179	0.0279269164774	-0.013435890625	-0.0576273249292	0.0260840431578	0.0305840791185	0.0107271613809	0.034376405695	-0.0321891422676
k__Bacteria;p__Firmicutes;c__Clostridia;o__Clostridiales;f__Ruminococcaceae;g__Ruminiclostridium;s__[Eubacterium]_siraeum	-0.04576523754	-0.01192323622	0.0131173664524	-0.0235172981481	0.0334883422433	-0.0126346718856	0.0352166840437	0.0216436709194	0.0353947845329	-0.0362204707001	8.99139000963e-05	0.00261878159333	-0.042773904882	0.0296387500264	0.00239547334293	0.0167217452656	-0.0184758300484	-0.0574483784087	-0.0436617764171	-0.0103849120439	-0.000811642945968	1.0	-0.0171992140772	0.0200743775525	0.00463103264403	-0.0125188833857	-0.0139069078153	0.00580139936373	0.0139300825572	0.0311756860736	0.0055434210882	-0.0570704421643	0.0134923334216	-0.0254576877761	-0.0714900606819	-0.00499693694652	0.0123670770985	0.0294374807853	-0.0342969644392	0.0255572845241	0.0329185270664	0.000565391604338	-0.0281056058293	-0.0675236616099	0.00974475114773	-0.0212752989359	-0.0143586812003	-0.0364374906337	-0.00393738986449	-0.056736675812	0.0182559706248	0.0524445805437	0.0253819137785	-0.01400889188	-0.00670290965802	-0.0142180286463	0.0713962488666	-0.00676896000931	0.00829006235313
k__Bacteria;p__Proteobacteria;c__Betaproteobacteria;o__Burkholderiales;f__Sutterellaceae;g__Parasutterella;s__Parasutterella_excrementihominis	-0.0273665627716	0.00968798364545	-0.0358853052845	0.0585064858236	0.00370286453173	-0.0346437936473	-0.0409223763545	0.031386984418	0.0232387113615	-0.0290103711619	-0.0632104189079	0.0531829721855	0.0223732938005	0.00136592188281	0.0248406503956	0.00306948202688	0.0221482500616	-0.00926181962983	-0.0123806846669	-0.0216027216647	0.00084981221442	-0.0171992140772	1.0	0.0361009969292	-0.0470399046732	-0.0524327619851	-0.00409955995561	-0.0519078398405	0.0445732073171	-0.00841261288149	-0.0120864660029	0.0126735552897	-0.00400145896103	0.00986039204537	0.0348295903688	-0.021288959587	-0.0114720349344	0.0564329245141	-0.00682856138755	-0.010243467284	-0.0208060753322	-0.0159574836033	0.0292868111742	0.013437471884	-0.0174842253507	-0.065206600736	0.0371189517515	-0.0525759751976	-0.0466986948801	0.00264734535775	-0.0504563312142	-0.0188828883716	0.0217514892977	0.0348439410602	0.0546940374278	-0.0458433572314	-0.021267590132	0.0197874816681	-0.0483143500287
k__Bacteria;p__Actinobacteria;c__Actinobacteria;o__Bifidobacteriales;f__Bifidobacteriaceae;g__Bifidobacterium;s__Bifidobacterium_adolescentis	-0.00695691884673	-0.0140750976304	0.0044281907061	0.00969786622862	0.00587584586656	-0.0333500396109	-0.027655060028	-0.0826161120413	-0.026442146716	-0.0159668199539	0.00606777137566	-0.0310468784925	0.0448653446536	0.0123032001776	0.0407151804974	-0.0224087645554	-0.00765437667018	-0.0343188921802	-0.00633633479997	-0.0245115399248	0.0188142672738	0.0200743775525	0.0361009969292	1.0	-0.0116897601947	-0.0102477668818	0.0220838363879	-0.0146925252754	-0.0141719908009	-0.0122943412417	-0.000622518292984	0.00948236644746	0.0245854724219	-0.0182060763945	-0.0693377384733	-0.0201708215608	0.0119166073836	-0.040240848261	0.000636966869875	-0.0243506255415	-0.051143983903	0.0321892140272	-0.022003351201	-0.0227806676628	0.0212196869504	-0.0172640449372	0.00238367115615	-0.000901567576934	-0.0174135924327	-0.0133015620906	-0.0103949177906	0.0299815968182	0.0699303917649	-0.0326720477913	0.0226832877904	-0.0213268355657	0.00141251204882	-0.0312859194129	0.00312548152962
k__Bacteria;p__Firmicutes;c__Clostridia;o__Clostridiales;f__Oscillospiraceae;g__Oscillibacter;s__Oscillibacter_sp._KLE_1745	-0.0509425194032	0.00802026048907	0.0163381060797	0.0179921033505	-0.00071494375124	0.0388025695306	0.0106387166626	-0.0160296397586	0.0260561033653	-0.0290869287541	0.00338397303993	-0.0367597800085	-0.0200349761523	-0.0224725934907	0.0246738769031	0.0231774920886	0.0247982336809	0.00372613110021	-0.00646189022799	-0.0160556137402	-0.0914209057026	0.00463103264403	-0.0470399046732	-0.0116897601947	1.0	-0.0375724762501	0.0236338662228	-0.00864474311926	0.0329339428557	-0.0567063147611	-0.0460877624276	-0.0205255953046	0.020604345614	0.00914098505206	0.0701133480813	-0.0411823803988	0.0195711010751	-0.0161230195294	-0.0141660448502	0.0238747693293	-0.0168120714057	0.00161812149675	-0.0456969812801	0.0547126002988	-0.00575186703918	0.0344158278013	-0.0149852991037	-0.0881493633503	0.0164599640807	0.0238230168749	0.00550214868138	-0.067202088973	0.0242486397127	-0.0055496408654	-0.0249125910134	-0.0141752314473	-0.0108743332867	-0.0592296069605	0.0220621421882
k__Bacteria;p__Bacteroidetes;c__Bacteroidia;o__Bacteroidales;f__Bacteroidaceae;g__Bacteroides;s__Bacteroides_coprophilus	0.00731685472231	0.0164337774578	0.0317572656584	0.0706385684419	0.00895489986129	-0.0627032593971	0.0243676655158	0.0348340294745	-0.0369108602102	-0.0151025566573	-0.0202804685697	0.00934746421552	-0.0201012133695	-0.0026589286213	-0.00337437424187	-0.0386345263184	-0.037980989567	0.020346278617	-0.0142383009764	0.0540771675324	0.00921972024498	-0.0125188833857	-0.0524327619851	-0.0102477668818	-0.0375724762501	1.0	-0.0429081894523	-0.0089676515843	0.0613814489824	0.00316927701249	0.00452360519242	-0.0278846378246	0.0426336275986	0.00312564917979	-0.0203217366239	-0.00630835364126	0.00627286871322	-0.0212962046863	0.0343469341512	-0.0417480650335	-0.0246037203069	0.0102361458082	-0.0115272313241	-0.000854820403582	-0.0286642379101	0.013721734405	-0.00894265398008	0.0114542460588	0.00360258624281	-0.0513148528719	-0.0569803811732	0.0362064050735	-0.0132489895653	-0.0307993054188	-0.034923101808	-0.0155867738506	-0.0665207157114	-0.00406523459889	-0.0184706428495
k__Bacteria;p__Firmicutes;c__Clostridia;o__Clostridiales;f__Lachnospiraceae;g__Roseburia;s__Roseburia_intestinalis	-0.0417259038501	-0.0620154052048	-0.0607801517842	-0.0363064916626	-0.0225366293806	-0.0139264613193	0.0386859016507	0.0282251428761	-0.0392541727303	-0.0500736555067	0.00306152813087	0.028037376362	-0.0142873574987	-0.00294666837904	0.0276637919502	0.0590845345645	0.107736249967	0.00125989049913	-0.0071527455557	0.0420462197541	-0.0224496126788	-0.0139069078153	-0.00409955995561	0.0220838363879	0.0236338662228	-0.0429081894523	1.0	0.042941307961	0.0485461691991	-0.031413213259	-0.053747210425	-0.0756636813086	-0.0401944965633	-0.0371194732867	-0.0241533807748	-0.0536722387929	-0.00363668014706	-0.0141027825025	-0.00343321381239	0.0186489489923	0.0469726372736	0.00839504644666	-0.011779693208	-0.0144310173849	0.0332667212554	0.00528760804815	-0.035573961501	-0.0286186748918	0.0322570114003	-0.0340836922862	0.0193574336048	0.00568354863465	-0.00693986074586	0.0242765573453	-0.0496971825048	-0.01865199889	0.02809854197	-0.0225231026673	-0.0470026251607
k__Bacteria;p__Firmicutes;c__Clostridia;o__Clostridiales;f__Lachnospiraceae;g__Roseburia;s__Roseburia_hominis	0.0132792601933	0.0012694737442	0.00779196636946	0.0104274426328	-0.0555558682778	0.00043289033327	0.0272793503899	-0.0372312461236	0.0293096773145	0.0181586370703	0.00385411101885	-0.0360185949259	0.00964420516733	-0.022450227892	-0.0332762185883	-0.0662563791713	-0.0310960663227	-0.0206463101158	-0.0343329560701	-0.0233021856539	-0.042676776827	0.00580139936373	-0.0519078398405	-0.0146925252754	-0.00864474311926	-0.0089676515843	0.042941307961	1.0	-0.00461764202543	-0.0101587842557	0.0334040431451	-0.0194259678363	-0.0383275392691	-0.00612472286509	0.00442594355929	0.0445102720782	-0.0175447544929	-0.00451354710438	-0.0298658476665	0.00654499455912	-0.0112621874351	-0.0154235598608	0.0292196509987	-0.0343755120376	-0.00900681508198	-0.00742521892886	0.0188720251086	-0.0139275449035	0.0250645249457	0.0370573022482	-0.0277855309729	-0.00932383623335	-0.0411604199185	-0.00260586395248	0.0120978595349	0.0016131232242	-0.0169179083257	0.00614841704873	-0.0154108950545
k__Bacteria;p__Bacteroidetes;c__Bacteroidia;o__Bacteroidales;f__Porphyromonadaceae;g__Parabacteroides;s__Parabacteroides_johnsonii	-0.0748528119855	0.046803295931	0.0334753500237	0.0385753774141	-0.045868993629	0.00393221205181	-0.022300818309	-0.0164802725043	-0.0327563633369	-0.0196494332051	0.0385965568604	-0.0438290494765	0.0336619225718	-0.0372155135173	-0.0353508174022	0.0100668192184	0.00132117140035	0.0233590521052	-0.045389326527	0.00435369686991	0.0550674415525	0.0139300825572	0.0445732073171	-0.0141719908009	0.0329339428557	0.0613814489824	0.0485461691991	-0.00461764202543	1.0	-0.00980704728221	-0.00318133352294	-0.0372706967504	0.0210401164288	-0.029152298388	0.0229816409707	0.0236958102871	-0.0212096138664	-0.010505037315	-0.0682737029431	-0.0308473324062	-0.0318739194706	-0.00749325721089	0.0158677229488	0.012046970277	-0.0326060099232	-0.0233701055497	0.0639454356733	-0.0386588445983	0.000574665146472	-0.0210730419575	-0.0209993536023	-0.0717433492219	-0.0813233709796	-0.0378886507336	-0.0351962685292	-0.00664344415415	-0.0219753262559	0.00292965327113	-0.0456673390102
k__Bacteria;p__Actinobacteria;c__Actinobacteria;o__Bifidobacteriales;f__Bifidobacteriaceae;g__Bifidobacterium;s__Bifidobacterium_longum	-0.0282987118025	-0.0296988952531	0.0398233455089	-0.0148169801216	0.00112270003714	-0.0260751373935	-0.0303398949289	0.0119235321743	-0.0520015510929	0.0265019593988	-0.00992612285071	-0.0308901504417	-0.0259988982071	-0.05292728923	0.0206993513563	-0.000890782677429	0.0463056370015	0.0597002346789	-0.00100726090471	-0.0303953488198	0.0528927851283	0.0311756860736	-0.00841261288149	-0.0122943412417	-0.0567063147611	0.00316927701249	-0.031413213259	-0.0101587842557	-0.00980704728221	1.0	-0.0136603891355	0.0759763146151	-0.0194002159795	-0.0224588804712	0.0179074842473	-0.0300267704671	0.0168083812812	0.0978871504982	0.00353415661406	-0.0153542485882	0.0495121387642	-0.0422983003285	0.000403577333774	0.0482794761292	-0.00774519756672	-0.00843009849673	-0.0196530705435	0.0344222727486	-0.0334889560128	-0.0696176309175	0.0147889484558	0.0146970968051	0.0076458758062	-0.0368315980513	-0.0505538470248	-0.0206830232357	-0.0125733714276	0.0302077589406	0.00646468067659
