#taxonomy	k__Bacteria;p__Bacteroidetes;c__Bacteroidia;o__Bacteroidales;f__Bacteroidaceae;g__Bacteroides;s__Bacteroides_vulgatus	k__Bacteria;p__Bacteroidetes;c__Bacteroidia;o__Bacteroidales;f__Bacteroidaceae;g__Bacteroides;s__Bacteroides_uniformis	k__Bacteria;p__Bacteroidetes;c__Bacteroidia;o__Bacteroidales;f__Rikenellaceae;g__Alistipes;s__Alistipes_putredinis	k__Bacteria;p__Bacteroidetes;c__Bacteroidia;o__Bacteroidales;f__Prevotellaceae;g__Prevotella;s__Prevotella_copri	k__Bacteria;p__Bacteroidetes;c__Bacteroidia;o__Bacteroidales;f__Bacteroidaceae;g__Bacteroides;s__Bacteroides_stercoris	k__Bacteria;p__Bacteroidetes;c__Bacteroidia;o__Bacteroidales;f__Bacteroidaceae;g__Bacteroides;s__Bacteroides_ovatus	k__Bacteria;p__Bacteroidetes;c__Bacteroidia;o__Bacteroidales;f__Rikenellaceae;g__Alistipes;s__Alistipes_shahii	k__Bacteria;p__Firmicutes;c__Clostridia;o__Clostridiales;f__Ruminococcaceae;g__Faecalibacterium;s__Faecalibacterium_prausnitzii	k__Bacteria;p__Bacteroidetes;c__Bacteroidia;o__Bacteroidales;f__Rikenellaceae;g__Alistipes;s__Alistipes_finegoldii	k__Bacteria;p__Bacteroidetes;c__Bacteroidia;o__Bacteroidales;f__Porphyromonadaceae;g__Parabacteroides;s__Parabacteroides_distasonis	k__Bacteria;p__Bacteroidetes;c__Bacteroidia;o__Bacteroidales;f__Bacteroidaceae;g__Bacteroides;s__Bacteroides_thetaiotaomicron	k__Bacteria;p__Bacteroidetes;c__Bacteroidia;o__Bacteroidales;f__Bacteroidaceae;g__Bacteroides;s__Bacteroides_coprocola	k__Bacteria;p__Bacteroidetes;c__Bacteroidia;o__Bacteroidales;f__Bacteroidaceae;g__Bacteroides;s__Bacteroides_cellulosilyticus	k__Bacteria;p__Bacteroidetes;c__Bacteroidia;o__Bacteroidales;f__Rikenellaceae;g__Alistipes;s__Alistipes_obesi	k__Bacteria;p__Firmicutes;c__Clostridia;o__Clostridiales;f__Lachnospiraceae;g__;s__[Eubacterium]_rectale	k__Bacteria;p__Bacteroidetes;c__Bacteroidia;o__Bacteroidales;f__Bacteroidaceae;g__Bacteroides;s__Bacteroides_plebeius	k__Bacteria;p__Bacteroidetes;c__Bacteroidia;o__Bacteroidales;f__Bacteroidaceae;g__Bacteroides;s__Bacteroides_fragilis	k__Bacteria;p__Proteobacteria;c__Betaproteobacteria;o__Burkholderiales;f__Sutterellaceae;g__Sutterella;s__Sutterella_wadsworthensis	k__Bacteria;p__Bacteroidetes;c__Bacteroidia;o__Bacteroidales;f__Porphyromonadaceae;g__Barnesiella;s__Barnesiella_intestinihominis	k__Bacteria;p__Bacteroidetes;c__Bacteroidia;o__Bacteroidales;f__Odoribacteraceae;g__Odoribacter;s__Odoribacter_splanchnicus	k__Bacteria;p__Bacteroidetes;c__Bacteroidia;o__Bacteroidales;f__Bacteroidaceae;g__Bacteroides;s__Bacteroides_salyersiae	k__Bacteria;p__Firmicutes;c__Clostridia;o__Clostridiales;f__Ruminococcaceae;g__Ruminiclostridium;s__[Eubacterium]_siraeum	k__Bacteria;p__Proteobacteria;c__Betaproteobacteria;o__Burkholderiales;f__Sutterellaceae;g__Parasutterella;s__Parasutterella_excrementihominis	k__Bacteria;p__Actinobacteria;c__Actinobacteria;o__Bifidobacteriales;f__Bifidobacteriaceae;g__Bifidobacterium;s__Bifidobacterium_adolescentis	k__Bacteria;p__Firmicutes;c__Clostridia;o__Clostridiales;f__Oscillospiraceae;g__Oscillibacter;s__Oscillibacter_sp._KLE_1745	k__Bacteria;p__Bacteroidetes;c__Bacteroidia;o__Bacteroidales;f__Bacteroidaceae;g__Bacteroides;s__Bacteroides_coprophilus	k__Bacteria;p__Firmicutes;c__Clostridia;o__Clostridiales;f__Lachnospiraceae;g__Roseburia;s__Roseburia_intestinalis	k__Bacteria;p__Firmicutes;c__Clostridia;o__Clostridiales;f__Lachnospiraceae;g__Roseburia;s__Roseburia_hominis	k__Bacteria;p__Bacteroidetes;c__Bacteroidia;o__Bacteroidales;f__Porphyromonadaceae;g__Parabacteroides;s__Parabacteroides_johnsonii	k__Bacteria;p__Actinobacteria;c__Actinobacteria;o__Bifidobacteriales;f__Bifidobacteriaceae;g__Bifidobacterium;s__Bifidobacterium_longum	k__Bacteria;p__Firmicutes;c__Clostridia;o__Clostridiales;f__;g__Flavonifractor;s__Flavonifractor_plautii	k__Bacteria;p__Firmicutes;c__Clostridia;o__Clostridiales;f__Clostridiaceae;g__Clostridium;s__Clostridium_phoceensis	k__Bacteria;p__Verrucomicrobia;c__Verrucomicrobiae;o__Verrucomicrobiales;f__Akkermansiaceae;g__Akkermansia;s__Akkermansia_muciniphila	k__Bacteria;p__Bacteroidetes;c__Bacteroidia;o__Bacteroidales;f__Prevotellaceae;g__Paraprevotella;s__Paraprevotella_xylaniphila	k__Bacteria;p__Firmicutes;c__Clostridia;o__Clostridiales;f__Ruminococcaceae;g__Ruminococcus;s__Ruminococcus_callidus	k__Bacteria;p__Bacteroidetes;c__Bacteroidia;o__Bacteroidales;f__Rikenellaceae;g__Alistipes;s__Alistipes_senegalensis	k__Bacteria;p__Firmicutes;c__Clostridia;o__Clostridiales;f__Lachnospiraceae;g__Blautia;s__Blautia_sp._KLE_1732	k__Bacteria;p__Bacteroidetes;c__Bacteroidia;o__Bacteroidales;f__Bacteroidaceae;g__Bacteroides;s__Bacteroides_oleiciplenus	k__Bacteria;p__Firmicutes;c__Clostridia;o__Clostridiales;f__Ruminococcaceae;g__Ruminococcus;s__Ruminococcus_bicirculans	k__Bacteria;p__Bacteroidetes;c__Bacteroidia;o__Bacteroidales;f__Bacteroidaceae;g__Bacteroides;s__Bacteroides_fluxus	k__Bacteria;p__Bacteroidetes;c__Bacteroidia;o__Bacteroidales;f__Prevotellaceae;g__Prevotella;s__Prevotella_stercorea	k__Bacteria;p__Firmicutes;c__Clostridia;o__Clostridiales;f__Lachnospiraceae;g__Dorea;s__Dorea_longicatena	k__Bacteria;p__Firmicutes;c__Clostridia;o__Clostridiales;f__Eubacteriaceae;g__Eubacterium;s__[Eubacterium]_eligens	k__Bacteria;p__Firmicutes;c__Clostridia;o__Clostridiales;f__Ruminococcaceae;g__;s__Ruminococcaceae_bacterium_D16	k__Bacteria;p__Firmicutes;c__Clostridia;o__Clostridiales;f__Lachnospiraceae;g__Coprococcus;s__Coprococcus_comes	k__Bacteria;p__Proteobacteria;c__Gammaproteobacteria;o__Enterobacterales;f__Enterobacteriaceae;g__Escherichia;s__Escherichia_coli	k__Bacteria;p__Firmicutes;c__Clostridia;o__Clostridiales;f__Ruminococcaceae;g__Anaerotruncus;s__Anaerotruncus_colihominis	k__Bacteria;p__Firmicutes;c__Clostridia;o__Clostridiales;f__Lachnospiraceae;g__Blautia;s__Blautia_obeum	k__Bacteria;p__Bacteroidetes;c__Bacteroidia;o__Bacteroidales;f__Odoribacteraceae;g__Odoribacter;s__Odoribacter_laneus	k__Bacteria;p__Firmicutes;c__Clostridia;o__Clostridiales;f__Ruminococcaceae;g__Ruminiclostridium;s__[Clostridium]_leptum	k__Bacteria;p__Bacteroidetes;c__Bacteroidia;o__Bacteroidales;f__Porphyromonadaceae;g__Parabacteroides;s__Parabacteroides_goldsteinii	k__Bacteria;p__Firmicutes;c__Clostridia;o__Clostridiales;f__Lachnospiraceae;g__Anaerostipes;s__Anaerostipes_hadrus	k__Bacteria;p__Firmicutes;c__Clostridia;o__Clostridiales;f__Ruminococcaceae;g__Ruminococcus;s__Ruminococcus_lactaris	k__Bacteria;p__Firmicutes;c__Clostridia;o__Clostridiales;f__Clostridiaceae;g__Clostridium;s__Clostridium_sp._L2-50	k__Bacteria;p__Firmicutes;c__Clostridia;o__Clostridiales;f__Clostridiaceae;g__Clostridium;s__Clostridium_sp._M62/1	k__Bacteria;p__Firmicutes;c__Clostridia;o__Clostridiales;f__;g__Intestinimonas;s__Intestinimonas_butyriciproducens	k__Bacteria;p__Actinobacteria;c__Actinobacteria;o__Bifidobacteriales;f__Bifidobacteriaceae;g__Bifidobacterium;s__Bifidobacterium_bifidum	k__Bacteria;p__Firmicutes;c__Negativicutes;o__Veillonellales;f__Veillonellaceae;g__Dialister;s__Dialister_invisus	k__Bacteria;p__Bacteroidetes;c__Bacteroidia;o__Bacteroidales;f__Bacteroidaceae;g__Bacteroides;s__Bacteroides_salanitronis
k__Bacteria;p__Bacteroidetes;c__Bacteroidia;o__Bacteroidales;f__Bacteroidaceae;g__Bacteroides;s__Bacteroides_vulgatus	1.0	-0.0487367535458	-0.00784325511841	0.00781616665107	0.0160920008318	-0.00370457475891	0.012705407459	-0.00818378555579	-0.00901664165989	-0.00934796805239	-0.0643720103583	-0.0254614422049	-0.00599247422719	-0.0271492156589	-0.016478477235	-0.0666977193883	0.0121603232412	-0.0496908497486	-0.0145533561816	-0.00681734985948	-0.0220540524622	-0.0115514943793	-0.016309280686	-0.0057703242343	-0.0211345593938	-0.0604715459871	0.0026727240289	-0.0266769267729	-0.00350540703351	-0.020104700014	-0.0202012291586	-0.014816580099	0.0142196384403	0.0179198390666	-0.00849470023238	-0.0085965893942	-0.0393138753489	0.0258661010707	0.00209736729917	-0.00119815471068	0.0149074518642	0.0214124511229	-0.0193163375094	-0.00700785259986	-0.0441424923984	0.0206534008669	0.0269931023744	0.000677397324286	0.0323176279141	-0.00492703415837	0.0516745755889	-0.00501884705879	0.0296080204555	0.0365642081311	0.0507778751594	-0.0239367553758	-0.0244528369747	0.0245681595919	-0.046144643337
k__Bacteria;p__Bacteroidetes;c__Bacteroidia;o__Bacteroidales;f__Bacteroidaceae;g__Bacteroides;s__Bacteroides_uniformis	-0.0487367535458	1.0	0.0179569694923	-0.0274884008289	-0.00612935435396	-0.0113191700541	-0.0336592706013	1.86042099045e-05	0.0238867256314	0.0147504855533	-0.0345083903262	-0.0238778172804	0.0494472419645	0.0132361879268	-0.0267603362226	-0.0176804342496	-0.0209845282826	-0.0110758856742	0.00277145218765	0.0204593044336	-0.027140508958	-0.0813464673568	-0.0141165179416	0.0128013430643	-0.00787700291138	0.0186057106354	0.0737801295517	-0.0810552663926	-0.0217542223715	-0.0355374250144	0.0340682207424	-0.023020274746	0.00385754739136	-0.0402881841413	-0.0423873000553	0.0228561516912	0.0616212820929	0.0229632459081	0.031071909992	-0.00772963709973	0.000331600654696	-0.0735074779608	0.0717695551807	-0.0709150961599	-0.0860832736291	-0.0157884806278	-0.00550727350267	-0.0691762550187	0.00445073929219	0.00304636193661	-0.0822448027875	0.000591805182487	-0.054505936266	0.0463739759302	0.00347218771222	-0.0182412589997	-0.0060966252641	-0.013034500781	-0.0398695785966
k__Bacteria;p__Bacteroidetes;c__Bacteroidia;o__Bacteroidales;f__Rikenellaceae;g__Alistipes;s__Alistipes_putredinis	-0.00784325511841	0.0179569694923	1.0	0.0333219396716	-0.0290389325109	-0.0344138651006	-0.0798379185399	0.0207105469551	-0.0174261629178	0.00520067573091	-0.0633558212001	0.027170916508	-0.0580573352827	0.0262065843171	-0.0617505476304	-0.0358952897552	-0.0250279203723	-0.0578609858396	0.0410365131244	-0.0455712429173	-0.0725874553878	-0.0245654467229	-0.0143091566442	0.00095674439438	0.0165879661364	-0.00846825668091	0.0139327901522	-0.0221816672388	0.000314264436336	-0.0159770050291	-0.0106262556503	-0.0166286766498	-0.0243841437609	0.0352107635548	-0.000874973192432	0.0671892115993	-0.0150404141914	-0.0246393489492	-0.0402915425144	0.0667248035449	0.0185310924861	0.0293783293821	0.0177278357113	0.0108560306377	-0.0982141745714	-0.00246912968661	-0.0569690991468	0.0327059952084	-0.0165175349436	-0.0555647246745	-0.0274161338099	0.00116994637779	0.0168094963787	-0.00626834939311	0.0235064872489	-0.0132476610686	-0.00274336169006	0.0168219163699	-0.00433718209277
k__Bacteria;p__Bacteroidetes;c__Bacteroidia;o__Bacteroidales;f__Prevotellaceae;g__Prevotella;s__Prevotella_copri	0.00781616665107	-0.0274884008289	0.0333219396716	1.0	0.00948687221359	-0.0101308527328	0.0694535277516	-0.0125330448596	-0.00990061103965	-0.0703661203013	0.00318060307259	0.030186515558	0.0509280413842	0.0243043003664	-0.0504441083518	0.0242428888582	0.0580297416793	-0.014277084118	-0.00608453711142	-0.0488423161501	0.000723280723987	0.0123036303556	-0.0406910196206	0.0219540566133	0.015175246119	-0.0129771638606	-0.00173236314163	-0.057104017901	0.033058462631	-0.0594268796619	-0.0433977992351	0.0334836707307	-0.00342310901104	-0.0250209753413	-0.0452222692957	0.0168953166885	0.047743298765	-0.00887009034241	0.031456487749	0.0103251743471	-0.0106845151767	0.0323844473801	-0.0252582719751	-0.00859550610181	-0.0315448769589	0.0146669277332	0.00192344973843	-0.0317443033633	-0.0429132535542	-0.014363697586	-0.0511023105805	0.0484888293378	-0.0647373457406	-0.0489656404036	-0.0211730304442	-0.00724830648351	0.0225812776924	-0.037340726749	-0.037875556445
k__Bacteria;p__Bacteroidetes;c__Bacteroidia;o__Bacteroidales;f__Bacteroidaceae;g__Bacteroides;s__Bacteroides_stercoris	0.0160920008318	-0.00612935435396	-0.0290389325109	0.00948687221359	1.0	0.0227368642114	-0.0457496647757	0.00269291254661	-0.0396149464905	-0.0179671265212	-0.00767405767426	-0.00956124740489	0.0113986857381	-0.0366692798346	0.000970566668792	0.027856749423	-0.000344100967646	-0.0196169056837	0.0160336496518	0.00623779716386	0.0298021167063	-0.00543830578782	-0.0361553779622	0.00716061861238	-0.0117299854653	-0.0179011331319	-0.00402054527756	0.0257718620033	-0.0526579452274	-0.0502956555223	0.0392411393723	-0.0290011931844	-0.0126315660799	0.0310579083891	0.0463041466535	0.0508213130873	0.00579079050105	-0.0161681340968	-0.0194191717096	-0.0948359491584	-0.0189449841689	-0.0103234509563	0.0367653496616	-0.0268256172428	-0.016249078821	-0.0535917019874	0.0547957645036	0.00824553492832	0.000340547282821	-0.0185792246556	-0.0289498145513	-0.000700890246474	0.0479807519656	0.00650940299194	-0.0228418140606	-0.00234514573712	0.0211470876022	-0.00501531929761	-0.0245857953314
k__Bacteria;p__Bacteroidetes;c__Bacteroidia;o__Bacteroidales;f__Bacteroidaceae;g__Bacteroides;s__Bacteroides_ovatus	-0.00370457475891	-0.0113191700541	-0.0344138651006	-0.0101308527328	0.0227368642114	1.0	0.0459420983008	-0.0284704715024	-0.0383094369961	-0.0199015728543	0.048778224692	-0.0118522277856	0.0155092861231	0.037392219564	0.0889659660814	0.0177510557311	-0.0654891964339	0.00654905961449	-0.00488786412593	-0.0462420270052	-0.0152774938387	0.010906338783	0.0275251414911	-0.0183814748497	-0.0394034356278	-0.0317517434251	-0.0286279984581	0.0137259065478	0.0404732776279	-0.0793957286758	-0.0323839463094	0.0420463620465	-0.0148546303798	-0.0376582818279	0.0113875941079	-0.00180532495654	0.0407050514221	-0.0143511984115	0.00956813109326	-0.0762055557932	0.0384864924327	0.0891082837153	-0.0141508905646	-0.0304770180243	0.0413491505324	0.00142575075537	0.0244645107929	-0.0152103290312	-0.0322645127861	0.0245184093656	0.000312280192831	0.0192247186235	-0.0578486996763	0.0275157064149	-0.0296534042918	0.00479036545499	-0.033365223913	-0.0340849888478	0.00775464482469
k__Bacteria;p__Bacteroidetes;c__Bacteroidia;o__Bacteroidales;f__Rikenellaceae;g__Alistipes;s__Alistipes_shahii	0.012705407459	-0.0336592706013	-0.0798379185399	0.0694535277516	-0.0457496647757	0.0459420983008	1.0	-0.0222585671753	0.00962449148222	0.0304747751698	0.0270695195541	0.00982423801146	0.00389438287766	-0.0138665391072	0.0362886195372	-0.0022415166785	-0.0253699669312	0.0119724502474	-0.0781675316955	-0.00541879996803	-0.0193580887165	-0.0290388040352	0.0272649600924	-0.0460183531195	-0.0350213353423	-0.0424554342049	0.012876168967	0.0456968373554	-0.00815902070821	-0.0804901032116	-0.061228345623	0.00107127831133	0.0176931090579	-0.0393080965527	-0.0326139588596	-0.0344171622691	0.00696002293991	-0.0506363444257	-0.0183398068992	-0.0201905601386	0.0210905952663	-0.0396910650123	-0.0288377914084	-0.0243016305698	0.0484229123186	0.0279319407351	-0.00881610248562	0.0598547558471	-0.00466222157565	0.000699190298129	0.00566697322948	0.0176641277638	-0.0781309829432	0.0643705925117	0.0082932290584	-0.0113881235181	0.0318184168765	-0.0477932912278	-0.000364297005723
k__Bacteria;p__Firmicutes;c__Clostridia;o__Clostridiales;f__Ruminococcaceae;g__Faecalibacterium;s__Faecalibacterium_prausnitzii	-0.00818378555579	1.86042099044e-05	0.0207105469551	-0.0125330448596	0.00269291254661	-0.0284704715024	-0.0222585671753	1.0	-0.0506228946111	-0.0492401889707	0.015581609417	-0.0205821546563	-0.0320190821311	-0.0445882836463	-0.00468939268835	-0.00661813671376	-0.0263930650457	-0.00737860214298	0.0272748310435	0.0198634251522	0.0406655191268	-0.0255674312737	0.0427538793224	-0.0164110230831	0.00801743439272	-0.00841346945871	-0.0539805444008	0.00879958901282	-0.041177339417	0.00902687997753	-0.0109628592184	-0.00450735263283	-0.00148667614258	-0.0588114108331	0.000121374294062	0.0771161590571	0.0365445329395	-0.0602375099216	-0.0146584914476	0.00580816292134	0.016951521228	0.00741163915978	-0.080057713965	0.052769318263	0.0472893307523	-0.039138633555	0.0125293147626	-0.0279676498261	-0.0259341772136	0.017506634672	-0.0308011199521	-0.0390101277967	-0.0354664824828	-0.0141896985558	-0.000285054452614	0.00721576755475	0.048069549725	0.0372607399852	0.0218231041851
k__Bacteria;p__Bacteroidetes;c__Bacteroidia;o__Bacteroidales;f__Rikenellaceae;g__Alistipes;s__Alistipes_finegoldii	-0.00901664165989	0.0238867256314	-0.0174261629178	-0.00990061103965	-0.0396149464905	-0.0383094369961	0.00962449148222	-0.0506228946111	1.0	0.0215522820469	0.0140920945972	-0.061572200559	0.00501988715163	-0.01507803152	0.115323300087	-0.00345130646071	-0.00500153369922	-0.0302566528105	0.00826903596017	-0.0357929692794	-0.0209122214167	-0.0351302055892	0.000556202548835	0.00247889653435	0.0350445811763	0.0429662072988	-0.0186340740171	-0.0649334991526	0.010490073649	0.0412675431178	0.0229219478069	-0.0161015629794	-0.00118858703346	-0.0113478849236	0.00174816133943	0.0258336157022	-0.0402805649618	0.0262501981213	0.032244078776	-0.0490961624107	0.0224138883851	-0.0459368983483	-0.0199955542534	0.0149839306444	-0.0294234865081	0.0140108083196	0.00623771815725	-0.0204706346753	-0.0328093092711	-0.0554276083578	0.0280060314794	-0.0107171331691	0.0264083191182	-0.00752608036368	0.0259858547546	0.00963304550446	0.00884043115298	-0.029337386521	-0.00213253237797
k__Bacteria;p__Bacteroidetes;c__Bacteroidia;o__Bacteroidales;f__Porphyromonadaceae;g__Parabacteroides;s__Parabacteroides_distasonis	-0.00934796805239	0.0147504855533	0.00520067573091	-0.0703661203013	-0.0179671265212	-0.0199015728543	0.0304747751698	-0.0492401889707	0.0215522820469	1.0	0.0317668383867	0.0582914938721	-0.0948848901183	0.0289673311318	-0.0297122978244	-0.0245709330856	0.00754864731168	-0.0380223022127	-0.00153035047855	-0.0506249514686	-0.0333571788675	0.0275516531325	0.0304647575493	-0.014003328055	-0.0196982839113	-0.00816707344308	-0.000180536395507	-0.00758741416676	-0.0251370719608	-0.0192845928843	0.0415671906446	-0.0391116280552	0.0491547644797	0.0323960696009	0.0126923439133	-0.00372464502095	0.0388551621659	0.0234950067609	-0.00114857235325	0.0129930840086	-0.0116747431038	-0.0202323258377	-0.0492459114768	-0.0570820466714	0.0477381738511	-0.073300236678	-0.0119809496216	0.0381192960233	-0.0355827069517	0.0434562791439	-0.00876774902252	-0.0269443919721	-0.0428767308732	-0.0211381865578	-0.0237615391789	-0.0602338425251	-0.000582403539867	0.0502119976094	-0.0423055070973
k__Bacteria;p__Bacteroidetes;c__Bacteroidia;o__Bacteroidales;f__Bacteroidaceae;g__Bacteroides;s__Bacteroides_thetaiotaomicron	-0.0643720103583	-0.0345083903262	-0.0633558212001	0.00318060307259	-0.00767405767426	0.048778224692	0.0270695195541	0.015581609417	0.0140920945972	0.0317668383867	1.0	0.0142930356804	-0.0320042543603	-0.00823398827645	0.0417017430388	-0.0322342441503	0.00729685155238	0.00690140029258	0.0163011028622	0.00521676921839	-0.0257135065772	0.0362185217232	-0.0282551721303	0.0216325313714	0.00195200713122	0.000964216007028	0.0273462966033	-0.0551801387111	-0.0501370519171	-0.0576914253103	-0.120850875973	-0.0633521092071	0.0621469145605	0.00408673194622	0.0703941463069	-0.0667176961958	-0.00606122967604	-0.00512633448179	-0.0024711948066	-0.019010523681	0.00492915092977	-0.0165414791753	-0.0461818679566	-0.0411628473794	-0.00746313825119	-0.0264595490129	-0.0658828747211	0.0476990978972	0.04892882705	0.00920866743716	-0.0638451280177	0.0260249065849	0.0173856480529	-0.0217700983858	-0.0252485162052	-0.0326870793039	-0.0355398474248	-0.00252871169924	-0.0761259475923
k__Bacteria;p__Bacteroidetes;c__Bacteroidia;o__Bacteroidales;f__Bacteroidaceae;g__Bacteroides;s__Bacteroides_coprocola	-0.0254614422049	-0.0238778172804	0.027170916508	0.030186515558	-0.00956124740489	-0.0118522277856	0.00982423801146	-0.0205821546563	-0.061572200559	0.0582914938721	0.0142930356804	1.0	0.0153077433596	-0.0108843785458	-0.0365608911336	0.046249568561	-0.0374641610804	-0.0835088040268	0.0111833734458	0.0144391870251	0.00114363037607	-0.0430918562136	-0.0211556437608	-0.00370973141439	-0.0578022046867	-0.0626859016366	0.0534252387924	0.0318683926311	-0.0259332399799	0.00966918759428	-0.0115785893922	0.05003105882	-0.0228943135481	0.0581007777147	-0.0203691954636	-0.0163041778676	-0.0147694330543	0.014802692471	0.0295318703204	-0.0507709144393	-0.0704941556803	-0.0300847706434	-0.058008558477	-0.0310476478794	-0.0219042679209	0.0555397847816	0.0202839587681	0.0299684998763	-0.0308802557453	-0.0897956273826	0.0241112883287	0.00910198434362	0.0100975994537	-0.029234589981	0.0295225943242	-0.0476523460636	-0.0610327900018	-0.00884657513447	0.0339193685504
k__Bacteria;p__Bacteroidetes;c__Bacteroidia;o__Bacteroidales;f__Bacteroidaceae;g__Bacteroides;s__Bacteroides_cellulosilyticus	-0.00599247422719	0.0494472419645	-0.0580573352827	0.0509280413842	0.0113986857381	0.0155092861231	0.00389438287766	-0.0320190821311	0.00501988715163	-0.0948848901183	-0.0320042543603	0.0153077433596	1.0	0.0333346788608	-0.00887226710922	0.00643565850811	0.0413429065401	-0.0284448722717	-0.0478169735897	-0.0625938268454	-0.0639862276708	-0.0762379355591	-0.0240647714349	-0.047122538197	0.0344840192813	-0.0590626125578	0.0198963753568	0.00150803244885	-0.0158173254845	-0.00405566289217	0.0152050202221	0.0216919828762	-0.0252438384467	-0.0228411770518	-0.0808711812064	0.0142785625759	0.0336991530354	-0.00641218745997	-0.0339463445438	-0.038894933657	-0.0126516947452	-0.0167321765722	-0.0237740055642	-0.0513095968176	-0.0165956779494	0.0376410034503	0.101817009533	-0.0333889888018	0.018867775829	-0.0357014722758	-0.0352373449729	-0.0156469931283	0.0441859041505	0.0754537913767	0.0248833184707	-0.0135582294119	-0.0160550929211	-0.000719423239999	0.0489045355142
k__Bacteria;p__Bacteroidetes;c__Bacteroidia;o__Bacteroidales;f__Rikenellaceae;g__Alistipes;s__Alistipes_obesi	-0.0271492156589	0.0132361879268	0.0262065843171	0.0243043003664	-0.0366692798346	0.037392219564	-0.0138665391072	-0.0445882836463	-0.01507803152	0.0289673311318	-0.00823398827645	-0.0108843785458	0.0333346788608	1.0	-0.00294304092395	-0.0248634199915	-0.00291378076463	0.00862437898546	0.00483620311301	0.00809388868097	-0.00505550091887	-0.0272718953811	-0.03823279109	0.0212930531691	0.00326834813789	-0.023295306856	0.0198326932263	-0.0301746709422	-0.047348956327	-0.06043745531	0.00639389238498	0.00212209360887	0.0670522395034	-0.0460565341833	0.0145404897655	-0.0268988579558	-0.0343619755243	-0.00193471992261	0.00621353077731	-0.00428609145518	0.00800444430787	0.0349149234307	-0.0174698390872	0.0235901305318	0.00940554318325	0.00143074452786	-0.00543645124618	-0.0427925318537	-0.0204636260146	-0.0319956101415	6.83068849961e-05	-0.0527422196742	-0.00897746275697	-0.103002354486	-0.0576293029968	0.0430167091435	-0.0252173486861	-0.00098211604659	0.03641988546
k__Bacteria;p__Firmicutes;c__Clostridia;o__Clostridiales;f__Lachnospiraceae;g__;s__[Eubacterium]_rectale	-0.016478477235	-0.0267603362226	-0.0617505476304	-0.0504441083518	0.000970566668792	0.0889659660814	0.0362886195372	-0.00468939268835	0.115323300087	-0.0297122978244	0.0417017430388	-0.0365608911336	-0.00887226710922	-0.00294304092395	1.0	-0.000606522125608	-0.00842966435854	-0.0237404647373	-0.0549107541788	0.0276936094963	-0.019429638512	-0.00905320331431	0.0198686182319	-0.00736887105549	-0.0379388515147	-0.0237839725828	0.00285368266462	-0.0103500806256	0.0176218565122	0.00743443735895	0.0052028958762	-0.0267407027528	-0.00700388756417	0.00526606836479	0.0220111990588	0.0171712659534	-0.0363955481152	-0.0237942845096	0.0203701966946	0.0166307410777	-0.0812979323835	-0.0544435472307	0.043190045867	-0.032347379087	0.0137410036763	-0.00926634641711	-0.025922162303	-0.00778864674125	0.0204596549281	-0.0567662209274	0.0545623134687	0.00141148174823	-0.0528109732869	0.0079174881568	0.0456639468506	-0.0160761021185	-0.0524830885535	0.0527072252272	-0.0318700964572
k__Bacteria;p__Bacteroidetes;c__Bacteroidia;o__Bacteroidales;f__Bacteroidaceae;g__Bacteroides;s__Bacteroides_plebeius	-0.0666977193883	-0.0176804342496	-0.0358952897552	0.0242428888582	0.027856749423	0.0177510557311	-0.0022415166785	-0.00661813671376	-0.00345130646071	-0.0245709330856	-0.0322342441503	0.046249568561	0.00643565850811	-0.0248634199915	-0.000606522125608	1.0	0.0584632693871	0.00080222569292	0.08219378777	-0.0134362427295	-0.0127211410843	-0.00572623436346	0.0147087298285	0.0220534708447	0.000533746430483	0.0148023398493	0.0154522054159	0.00623036345489	0.00443455185015	0.033036238411	-0.0175991456435	-0.0197221373382	-0.0330015178458	0.0466551041053	0.0344082329571	0.0616034569878	-0.0282378905676	0.0495042238194	-0.0108666365793	-0.0061218499422	-0.0126441372055	0.00164717815821	-0.00330287676532	0.0504915842048	-0.0221588603256	-0.0493092980258	0.0244276975954	-0.0361066301027	-0.0274891612352	-0.0737510981143	-0.0812124642801	-0.00932636612153	0.00187300051262	0.00328373827156	-0.0625048662951	-0.0159624231549	0.0434226601238	-0.0190949401983	-0.0754938206175
k__Bacteria;p__Bacteroidetes;c__Bacteroidia;o__Bacteroidales;f__Bacteroidaceae;g__Bacteroides;s__Bacteroides_fragilis	0.0121603232412	-0.0209845282826	-0.0250279203723	0.0580297416793	-0.000344100967646	-0.0654891964339	-0.0253699669312	-0.0263930650457	-0.00500153369922	0.00754864731168	0.00729685155238	-0.0374641610804	0.0413429065401	-0.00291378076463	-0.00842966435854	0.0584632693871	1.0	0.016625669163	-0.0593802057325	0.0026000680406	-0.0221845096547	-0.0285941860866	-0.0103025987051	0.0379889827806	0.00101847752218	-0.0414288712017	-0.039159092152	-0.0197566123148	-0.00814008247796	-0.0312478271381	0.0400215386302	-0.0291566955462	-0.0302590986296	0.0605036853557	-0.00413747535437	0.00230279258064	-0.0568072591619	0.00258118128613	0.0201640631139	0.029554434578	0.0220979912716	0.0240409010123	0.0376527352982	-0.0365233174941	0.0298033224788	0.0160829723202	0.0197093251004	0.0401696866704	0.00600717410895	-0.00697189059406	0.0307732683274	-0.0191270811374	-0.0431302169374	0.00118597430501	-0.0466247615662	-0.0159628545604	0.0284241194659	-0.0199437808008	-0.0301241746263
k__Bacteria;p__Proteobacteria;c__Betaproteobacteria;o__Burkholderiales;f__Sutterellaceae;g__Sutterella;s__Sutterella_wadsworthensis	-0.0496908497486	-0.0110758856742	-0.0578609858395	-0.014277084118	-0.0196169056837	0.00654905961449	0.0119724502474	-0.00737860214298	-0.0302566528105	-0.0380223022127	0.00690140029258	-0.0835088040268	-0.0284448722717	0.00862437898546	-0.0237404647373	0.00080222569292	0.016625669163	1.0	0.0226812093022	0.02052196715	0.0120126298988	0.00458875304787	-0.00873383201196	-0.0835539030235	0.0243801758702	0.0333743084331	-0.0233372616715	-0.0596395917276	0.0493540918711	0.0181917179899	-0.040013028823	0.0211161530232	-0.0324541911955	0.0124317995311	0.0178743279451	0.0266974167268	-0.0131931396177	-0.00523071583413	-0.00938948368779	-0.0130184266197	-0.0234285702686	0.0141305730704	-0.00298777600252	-0.00298294972704	0.0137313920794	-0.0329559942256	0.00680044157191	-0.0207521107633	0.0480990956185	0.0165149526385	0.0526117111659	-0.0177829442555	-0.0790895856581	0.0709933306827	-0.00678229126824	0.0461440581185	0.0427665017851	-0.0105426710409	0.0256757112928
k__Bacteria;p__Bacteroidetes;c__Bacteroidia;o__Bacteroidales;f__Porphyromonadaceae;g__Barnesiella;s__Barnesiella_intestinihominis	-0.0145533561816	0.00277145218765	0.0410365131244	-0.00608453711142	0.0160336496518	-0.00488786412593	-0.0781675316955	0.0272748310435	0.00826903596017	-0.00153035047855	0.0163011028622	0.0111833734458	-0.0478169735897	0.00483620311301	-0.0549107541788	0.08219378777	-0.0593802057325	0.0226812093022	1.0	0.0554641483131	0.0028071858733	-0.00621342594602	-0.00306155005183	0.0325314397832	-0.02340989366	0.00298986740784	-0.0533934058871	-0.0160107528269	0.00699571147407	-0.0466120622026	-0.0188171842282	-0.0056818268366	-0.0261124956024	0.052948782276	0.0263469518546	-0.0376247473697	-0.0467267386072	-0.0376680611466	0.0120536201095	0.00788773746797	-0.0390711971488	0.00912442084291	0.0178604159868	0.0371822559917	-0.00614616792376	0.0061456125272	-0.0481059032364	-0.0739074486196	-0.0335768557348	-0.0389014159027	-0.0303530320061	0.0396773141926	0.046125933128	0.00304094703499	0.000190939057922	-0.030921551219	-0.00123728015773	0.0174835746665	-0.0427060898561
k__Bacteria;p__Bacteroidetes;c__Bacteroidia;o__Bacteroidales;f__Odoribacteraceae;g__Odoribacter;s__Odoribacter_splanchnicus	-0.00681734985948	0.0204593044336	-0.0455712429173	-0.0488423161501	0.00623779716386	-0.0462420270052	-0.00541879996803	0.0198634251522	-0.0357929692794	-0.0506249514686	0.00521676921839	0.0144391870251	-0.0625938268454	0.00809388868097	0.0276936094963	-0.0134362427295	0.0026000680406	0.02052196715	0.0554641483131	1.0	-0.0113325913795	-0.00693738274745	0.0242642683017	-0.0435801302318	0.0375981684112	-0.00193937715519	-0.0515190669799	-0.00384692621504	-0.0470511950479	-0.0405930230404	0.017869549374	-0.0555425790149	-0.0716121993505	0.0320226582038	0.0261103364753	0.0772755634962	0.0721290283849	-0.0753658226589	-0.0121417996463	0.0403075992658	0.00669846862014	0.00241766231958	-0.0284908868661	0.0114406816286	-0.000581710733213	-0.03496050899	0.0473975797644	-0.0115494897847	-0.00438069836004	-0.0042395845242	0.0403201752391	-0.0465622564064	-0.0306820608005	-0.0489278384811	-0.0409689828628	0.0585636044657	-0.00887382456702	0.0548262054403	-0.0166961522567
k__Bacteria;p__Bacteroidetes;c__Bacteroidia;o__Bacteroidales;f__Bacteroidaceae;g__Bacteroides;s__Bacteroides_salyersiae	-0.0220540524622	-0.027140508958	-0.0725874553878	0.000723280723987	0.0298021167063	-0.0152774938387	-0.0193580887165	0.0406655191268	-0.0209122214167	-0.0333571788675	-0.0257135065772	0.00114363037607	-0.0639862276708	-0.00505550091887	-0.019429638512	-0.0127211410843	-0.0221845096547	0.0120126298988	0.0028071858733	-0.0113325913795	1.0	-0.053766373156	-0.0081900904537	0.0128749822109	0.0272625127146	0.000216569194795	-0.0018680531406	0.0530699939579	-0.00983433870546	-0.0737878170065	0.0313160120621	0.00323041092741	0.0664925713225	-0.00253335066791	-0.00200335427726	0.0107499335036	0.00949262317575	-0.0134532406126	-0.00277614925164	0.0244860859561	-0.00844209082486	-0.0142905815286	-0.0325705372085	0.0319931729636	0.0520160133626	-0.0337014974881	-0.00742007860949	-0.0579537432813	-0.0176964077434	0.00731996150548	-0.0248080674524	0.0298413548242	-0.00975353328311	-0.044840744869	-0.00535504509888	-0.0700156144797	-0.0034230020543	0.0179049479612	-0.00134184772731
k__Bacteria;p__Firmicutes;c__Clostridia;o__Clostridiales;f__Ruminococcaceae;g__Ruminiclostridium;s__[Eubacterium]_siraeum	-0.0115514943793	-0.0813464673568	-0.0245654467229	0.0123036303556	-0.00543830578782	0.010906338783	-0.0290388040352	-0.0255674312737	-0.0351302055892	0.0275516531325	0.0362185217232	-0.0430918562136	-0.0762379355591	-0.0272718953811	-0.00905320331431	-0.00572623436346	-0.0285941860866	0.00458875304787	-0.00621342594602	-0.00693738274745	-0.053766373156	1.0	0.0284864188204	-0.0184067899172	-0.0141672798749	-0.0366189414496	-0.00389188437181	-0.0477158651656	0.0180131613598	-0.01754428397	-0.0226552351968	-0.0317157839638	0.0298057045858	-0.0615977148875	0.00202795226545	-0.0230659702768	0.0599438943968	0.0197055780192	0.036169206984	-0.00322099829815	-0.00557502031581	0.0284884621201	-0.0309447092824	0.0574280992662	-0.00557414784992	-0.0659828187214	0.000593031223036	-0.040504910399	-0.0400615300691	0.016244243587	-0.0160290503182	-0.051772570594	-0.0554959897246	0.0507602974635	-0.0410459967677	0.0777527579669	0.00500972739931	-0.0177916649468	-0.0468455488345
k__Bacteria;p__Proteobacteria;c__Betaproteobacteria;o__Burkholderiales;f__Sutterellaceae;g__Parasutterella;s__Parasutterella_excrementihominis	-0.016309280686	-0.0141165179416	-0.0143091566442	-0.0406910196206	-0.0361553779622	0.0275251414911	0.0272649600924	0.0427538793224	0.000556202548835	0.0304647575493	-0.0282551721303	-0.0211556437608	-0.0240647714349	-0.03823279109	0.0198686182319	0.0147087298285	-0.0103025987051	-0.00873383201196	-0.00306155005183	0.0242642683017	-0.0081900904537	0.0284864188204	1.0	-0.0473370095113	-0.00194121709095	-0.00641305352206	-0.0360346681847	0.0374069875894	0.0229981697664	0.0227999335923	0.0106891446318	-0.0244939335335	-0.0596684966792	0.0295865852108	0.0236163422813	-0.0308625661865	-0.00292809691162	0.00348354643985	0.00358819151438	-0.0569925791698	-0.0194181164642	-0.0193255641979	-0.00308918088364	0.0233928483406	-0.030161246811	-0.0159133476726	-0.00202625539952	-0.0313219357489	0.00786320808405	0.0506022569373	0.0109346936868	0.00139719438075	-0.0444618469786	-0.0276674952084	-0.0445331208461	-0.0165341277948	0.0231910605343	-0.0341994801764	0.0177238496671
k__Bacteria;p__Actinobacteria;c__Actinobacteria;o__Bifidobacteriales;f__Bifidobacteriaceae;g__Bifidobacterium;s__Bifidobacterium_adolescentis	-0.0057703242343	0.0128013430643	0.00095674439438	0.0219540566133	0.00716061861238	-0.0183814748497	-0.0460183531195	-0.0164110230831	0.00247889653435	-0.014003328055	0.0216325313714	-0.00370973141439	-0.047122538197	0.0212930531691	-0.00736887105549	0.0220534708447	0.0379889827806	-0.0835539030235	0.0325314397832	-0.0435801302318	0.0128749822109	-0.0184067899172	-0.0473370095113	1.0	-0.0426569751148	0.0263848118833	0.0210943190804	-0.0143319377564	-0.0614296385125	0.109488122769	0.0248043529436	-0.0508985663826	-0.0277650180925	0.00358924851132	0.00619421731875	-0.0424197953847	-0.0873386638449	-0.0362605389479	-0.0188157186221	0.0256757884715	-0.0921986402926	0.0424823387981	-0.0589195650467	-0.0259283854654	0.0257279533773	0.00966359849161	-0.0345943031614	-0.0353517170232	-0.029076526889	0.0623643108957	0.0237532821861	-0.0114586439997	0.0426085342557	-0.0198939088023	-0.0189911362773	-0.0262253815796	0.0188992910143	0.0188912389999	-0.0158359901071
k__Bacteria;p__Firmicutes;c__Clostridia;o__Clostridiales;f__Oscillospiraceae;g__Oscillibacter;s__Oscillibacter_sp._KLE_1745	-0.0211345593938	-0.00787700291138	0.0165879661364	0.015175246119	-0.0117299854653	-0.0394034356278	-0.0350213353423	0.00801743439272	0.0350445811763	-0.0196982839113	0.00195200713122	-0.0578022046867	0.0344840192813	0.00326834813789	-0.0379388515147	0.000533746430483	0.00101847752218	0.0243801758702	-0.02340989366	0.0375981684112	0.0272625127146	-0.0141672798749	-0.00194121709095	-0.0426569751148	1.0	-0.00250778209585	-0.0420369357948	-0.0199829718634	-0.014652065028	-0.00580952381006	0.0174777710823	-0.0222800363045	0.0059332951807	0.0148221803286	-0.0469409027654	-0.0373916328191	0.028424025423	0.0305139466264	-0.0623030121813	-0.0478873447697	-0.0090820010291	-0.0153775510102	0.0417846023606	-0.0254907980429	-0.0158854128743	-0.0143865610274	-0.00276672370467	-0.0145083683628	-0.0386581135231	0.0363276112875	-0.021429871194	0.0024900812021	-0.0195181614663	-0.00844430825123	-0.0207308645784	0.00510139254947	-0.0326228520812	-0.0604674072469	-0.00944931328413
k__Bacteria;p__Bacteroidetes;c__Bacteroidia;o__Bacteroidales;f__Bacteroidaceae;g__Bacteroides;s__Bacteroides_coprophilus	-0.0604715459871	0.0186057106354	-0.00846825668091	-0.0129771638606	-0.0179011331319	-0.0317517434251	-0.0424554342049	-0.00841346945871	0.0429662072988	-0.00816707344308	0.000964216007028	-0.0626859016366	-0.0590626125578	-0.023295306856	-0.0237839725828	0.0148023398493	-0.0414288712017	0.0333743084331	0.00298986740784	-0.00193937715519	0.000216569194795	-0.0366189414496	-0.00641305352206	0.0263848118833	-0.00250778209585	1.0	-0.0447890047264	-0.0289715845117	-0.00386419490457	-0.0200520099539	0.0269371231345	-0.0150414282483	-0.0577810909335	0.0318558776952	0.0482739797104	0.000703936241125	-0.0118849275895	0.0123478706542	0.00654586286912	-0.013373041892	-0.0313433018717	0.0301113938195	0.0365907185448	0.0151062886159	-0.0310774646049	-0.0147193790579	-0.0411406654751	-0.0606754958975	0.029328092045	-0.000751517716537	-0.0139619611152	-0.00179479004056	0.00594882042967	-0.0132980701487	0.0307335823223	-0.00220968302814	-0.0168977769082	-0.054415623725	-0.0140367787707
k__Bacteria;p__Firmicutes;c__Clostridia;o__Clostridiales;f__Lachnospiraceae;g__Roseburia;s__Roseburia_intestinalis	0.0026727240289	0.0737801295517	0.0139327901522	-0.00173236314163	-0.00402054527756	-0.0286279984581	0.012876168967	-0.0539805444008	-0.0186340740171	-0.000180536395507	0.0273462966033	0.0534252387924	0.0198963753568	0.0198326932263	0.00285368266462	0.0154522054159	-0.039159092152	-0.0233372616715	-0.0533934058871	-0.0515190669799	-0.0018680531406	-0.00389188437181	-0.0360346681847	0.0210943190804	-0.0420369357948	-0.0447890047264	1.0	0.000210013814047	-0.0256891401154	0.0130421400363	0.0335896597003	0.00226991687239	-0.0319663175643	-0.031713669898	-0.0919529947199	0.00814526094225	0.0199309106607	-0.0251574106941	0.0392974341256	-0.000424562229837	0.0392876186383	-0.0138306564548	-0.0394721025355	-0.0333340757751	-0.0266742894823	-2.81281054364e-05	0.0432960708762	0.049719289033	0.0204840244385	-0.0414134216124	-0.0241954048156	0.00236281837653	0.0632285632585	-0.0551195440804	0.0533074069597	-0.0123107608758	-0.0294676924359	0.0114911808319	-0.0341881057417
k__Bacteria;p__Firmicutes;c__Clostridia;o__Clostridiales;f__Lachnospiraceae;g__Roseburia;s__Roseburia_hominis	-0.0266769267729	-0.0810552663926	-0.0221816672388	-0.057104017901	0.0257718620033	0.0137259065478	0.0456968373554	0.00879958901282	-0.0649334991526	-0.00758741416676	-0.0551801387111	0.0318683926311	0.00150803244885	-0.0301746709422	-0.0103500806256	0.00623036345489	-0.0197566123148	-0.0596395917276	-0.0160107528269	-0.00384692621504	0.0530699939579	-0.0477158651656	0.0374069875894	-0.0143319377564	-0.0199829718634	-0.0289715845117	0.000210013814047	1.0	-0.0175009427148	-0.0257519388418	-0.0555169892435	0.025651721648	0.0422664327023	-0.0256077098646	-0.0173488834642	-0.0484954271938	0.0484531005273	-0.00776848150926	-0.0444083459886	-0.0407740778931	0.00397597586654	-0.0233894666793	0.00924175158504	-0.019107818622	0.0376170898198	-0.0163441701194	0.0498804151705	0.0139006089944	0.0145471556876	-0.00125619602155	-0.017591548746	0.0569043172439	-0.00415683933018	0.00851259476053	-0.00839296991914	0.0178819466576	-0.016922965615	-0.017080994152	0.0135823981155
k__Bacteria;p__Bacteroidetes;c__Bacteroidia;o__Bacteroidales;f__Porphyromonadaceae;g__Parabacteroides;s__Parabacteroides_johnsonii	-0.00350540703351	-0.0217542223715	0.000314264436336	0.033058462631	-0.0526579452274	0.0404732776279	-0.00815902070821	-0.041177339417	0.010490073649	-0.0251370719608	-0.0501370519171	-0.0259332399799	-0.0158173254845	-0.047348956327	0.0176218565122	0.00443455185015	-0.00814008247796	0.0493540918711	0.00699571147407	-0.0470511950479	-0.00983433870546	0.0180131613598	0.0229981697664	-0.0614296385125	-0.014652065028	-0.00386419490457	-0.0256891401154	-0.0175009427148	1.0	0.0768591645377	-0.0268704323274	-0.00725136955017	0.0745074164343	0.0218689296137	-0.0421423292705	-0.034947646349	0.0408397406527	-0.0108786583462	-0.0388331017921	-0.0619364582758	-0.0152519126924	-0.0626968792775	-0.0176476150355	0.0129110584919	-0.0229962227941	0.00434727785928	-0.0271542813784	-0.00489193341096	0.0019908993482	-0.0120715290232	0.0262467878096	0.0264574281572	0.0349956212812	-0.00356896725695	-0.0618084814646	-0.0465105618108	-0.0322046187223	-0.0449422103705	0.0189318510803
