#taxonomy	k__Bacteria;p__Bacteroidetes;c__Bacteroidia;o__Bacteroidales;f__Bacteroidaceae;g__Bacteroides;s__Bacteroides_vulgatus	k__Bacteria;p__Bacteroidetes;c__Bacteroidia;o__Bacteroidales;f__Bacteroidaceae;g__Bacteroides;s__Bacteroides_uniformis	k__Bacteria;p__Bacteroidetes;c__Bacteroidia;o__Bacteroidales;f__Rikenellaceae;g__Alistipes;s__Alistipes_putredinis	k__Bacteria;p__Bacteroidetes;c__Bacteroidia;o__Bacteroidales;f__Prevotellaceae;g__Prevotella;s__Prevotella_copri	k__Bacteria;p__Bacteroidetes;c__Bacteroidia;o__Bacteroidales;f__Bacteroidaceae;g__Bacteroides;s__Bacteroides_stercoris	k__Bacteria;p__Bacteroidetes;c__Bacteroidia;o__Bacteroidales;f__Bacteroidaceae;g__Bacteroides;s__Bacteroides_ovatus	k__Bacteria;p__Bacteroidetes;c__Bacteroidia;o__Bacteroidales;f__Rikenellaceae;g__Alistipes;s__Alistipes_shahii	k__Bacteria;p__Firmicutes;c__Clostridia;o__Clostridiales;f__Ruminococcaceae;g__Faecalibacterium;s__Faecalibacterium_prausnitzii	k__Bacteria;p__Bacteroidetes;c__Bacteroidia;o__Bacteroidales;f__Rikenellaceae;g__Alistipes;s__Alistipes_finegoldii	k__Bacteria;p__Bacteroidetes;c__Bacteroidia;o__Bacteroidales;f__Porphyromonadaceae;g__Parabacteroides;s__Parabacteroides_distasonis	k__Bacteria;p__Bacteroidetes;c__Bacteroidia;o__Bacteroidales;f__Bacteroidaceae;g__Bacteroides;s__Bacteroides_thetaiotaomicron	k__Bacteria;p__Bacteroidetes;c__Bacteroidia;o__Bacteroidales;f__Bacteroidaceae;g__Bacteroides;s__Bacteroides_coprocola	k__Bacteria;p__Bacteroidetes;c__Bacteroidia;o__Bacteroidales;f__Bacteroidaceae;g__Bacteroides;s__Bacteroides_cellulosilyticus	k__Bacteria;p__Bacteroidetes;c__Bacteroidia;o__Bacteroidales;f__Rikenellaceae;g__Alistipes;s__Alistipes_obesi	k__Bacteria;p__Firmicutes;c__Clostridia;o__Clostridiales;f__Lachnospiraceae;g__;s__[Eubacterium]_rectale	k__Bacteria;p__Bacteroidetes;c__Bacteroidia;o__Bacteroidales;f__Bacteroidaceae;g__Bacteroides;s__Bacteroides_plebeius	k__Bacteria;p__Bacteroidetes;c__Bacteroidia;o__Bacteroidales;f__Bacteroidaceae;g__Bacteroides;s__Bacteroides_fragilis	k__Bacteria;p__Proteobacteria;c__Betaproteobacteria;o__Burkholderiales;f__Sutterellaceae;g__Sutterella;s__Sutterella_wadsworthensis	k__Bacteria;p__Bacteroidetes;c__Bacteroidia;o__Bacteroidales;f__Porphyromonadaceae;g__Barnesiella;s__Barnesiella_intestinihominis	k__Bacteria;p__Bacteroidetes;c__Bacteroidia;o__Bacteroidales;f__Odoribacteraceae;g__Odoribacter;s__Odoribacter_splanchnicus	k__Bacteria;p__Bacteroidetes;c__Bacteroidia;o__Bacteroidales;f__Bacteroidaceae;g__Bacteroides;s__Bacteroides_salyersiae	k__Bacteria;p__Firmicutes;c__Clostridia;o__Clostridiales;f__Ruminococcaceae;g__Ruminiclostridium;s__[Eubacterium]_siraeum	k__Bacteria;p__Proteobacteria;c__Betaproteobacteria;o__Burkholderiales;f__Sutterellaceae;g__Parasutterella;s__Parasutterella_excrementihominis	k__Bacteria;p__Actinobacteria;c__Actinobacteria;o__Bifidobacteriales;f__Bifidobacteriaceae;g__Bifidobacterium;s__Bifidobacterium_adolescentis	k__Bacteria;p__Firmicutes;c__Clostridia;o__Clostridiales;f__Oscillospiraceae;g__Oscillibacter;s__Oscillibacter_sp._KLE_1745	k__Bacteria;p__Bacteroidetes;c__Bacteroidia;o__Bacteroidales;f__Bacteroidaceae;g__Bacteroides;s__Bacteroides_coprophilus	k__Bacteria;p__Firmicutes;c__Clostridia;o__Clostridiales;f__Lachnospiraceae;g__Roseburia;s__Roseburia_intestinalis	k__Bacteria;p__Firmicutes;c__Clostridia;o__Clostridiales;f__Lachnospiraceae;g__Roseburia;s__Roseburia_hominis	k__Bacteria;p__Bacteroidetes;c__Bacteroidia;o__Bacteroidales;f__Porphyromonadaceae;g__Parabacteroides;s__Parabacteroides_johnsonii	k__Bacteria;p__Actinobacteria;c__Actinobacteria;o__Bifidobacteriales;f__Bifidobacteriaceae;g__Bifidobacterium;s__Bifidobacterium_longum	k__Bacteria;p__Firmicutes;c__Clostridia;o__Clostridiales;f__;g__Flavonifractor;s__Flavonifractor_plautii	k__Bacteria;p__Firmicutes;c__Clostridia;o__Clostridiales;f__Clostridiaceae;g__Clostridium;s__Clostridium_phoceensis	k__Bacteria;p__Verrucomicrobia;c__Verrucomicrobiae;o__Verrucomicrobiales;f__Akkermansiaceae;g__Akkermansia;s__Akkermansia_muciniphila	k__Bacteria;p__Bacteroidetes;c__Bacteroidia;o__Bacteroidales;f__Prevotellaceae;g__Paraprevotella;s__Paraprevotella_xylaniphila	k__Bacteria;p__Firmicutes;c__Clostridia;o__Clostridiales;f__Ruminococcaceae;g__Ruminococcus;s__Ruminococcus_callidus	k__Bacteria;p__Bacteroidetes;c__Bacteroidia;o__Bacteroidales;f__Rikenellaceae;g__Alistipes;s__Alistipes_senegalensis	k__Bacteria;p__Firmicutes;c__Clostridia;o__Clostridiales;f__Lachnospiraceae;g__Blautia;s__Blautia_sp._KLE_1732	k__Bacteria;p__Bacteroidetes;c__Bacteroidia;o__Bacteroidales;f__Bacteroidaceae;g__Bacteroides;s__Bacteroides_oleiciplenus	k__Bacteria;p__Firmicutes;c__Clostridia;o__Clostridiales;f__Ruminococcaceae;g__Ruminococcus;s__Ruminococcus_bicirculans	k__Bacteria;p__Bacteroidetes;c__Bacteroidia;o__Bacteroidales;f__Bacteroidaceae;g__Bacteroides;s__Bacteroides_fluxus	k__Bacteria;p__Bacteroidetes;c__Bacteroidia;o__Bacteroidales;f__Prevotellaceae;g__Prevotella;s__Prevotella_stercorea	k__Bacteria;p__Firmicutes;c__Clostridia;o__Clostridiales;f__Lachnospiraceae;g__Dorea;s__Dorea_longicatena	k__Bacteria;p__Firmicutes;c__Clostridia;o__Clostridiales;f__Eubacteriaceae;g__Eubacterium;s__[Eubacterium]_eligens	k__Bacteria;p__Firmicutes;c__Clostridia;o__Clostridiales;f__Ruminococcaceae;g__;s__Ruminococcaceae_bacterium_D16	k__Bacteria;p__Firmicutes;c__Clostridia;o__Clostridiales;f__Lachnospiraceae;g__Coprococcus;s__Coprococcus_comes	k__Bacteria;p__Proteobacteria;c__Gammaproteobacteria;o__Enterobacterales;f__Enterobacteriaceae;g__Escherichia;s__Escherichia_coli	k__Bacteria;p__Firmicutes;c__Clostridia;o__Clostridiales;f__Ruminococcaceae;g__Anaerotruncus;s__Anaerotruncus_colihominis	k__Bacteria;p__Firmicutes;c__Clostridia;o__Clostridiales;f__Lachnospiraceae;g__Blautia;s__Blautia_obeum	k__Bacteria;p__Bacteroidetes;c__Bacteroidia;o__Bacteroidales;f__Odoribacteraceae;g__Odoribacter;s__Odoribacter_laneus	k__Bacteria;p__Firmicutes;c__Clostridia;o__Clostridiales;f__Ruminococcaceae;g__Ruminiclostridium;s__[Clostridium]_leptum	k__Bacteria;p__Bacteroidetes;c__Bacteroidia;o__Bacteroidales;f__Porphyromonadaceae;g__Parabacteroides;s__Parabacteroides_goldsteinii	k__Bacteria;p__Firmicutes;c__Clostridia;o__Clostridiales;f__Lachnospiraceae;g__Anaerostipes;s__Anaerostipes_hadrus	k__Bacteria;p__Firmicutes;c__Clostridia;o__Clostridiales;f__Ruminococcaceae;g__Ruminococcus;s__Ruminococcus_lactaris	k__Bacteria;p__Firmicutes;c__Clostridia;o__Clostridiales;f__Clostridiaceae;g__Clostridium;s__Clostridium_sp._L2-50	k__Bacteria;p__Firmicutes;c__Clostridia;o__Clostridiales;f__Clostridiaceae;g__Clostridium;s__Clostridium_sp._M62/1	k__Bacteria;p__Firmicutes;c__Clostridia;o__Clostridiales;f__;g__Intestinimonas;s__Intestinimonas_butyriciproducens	k__Bacteria;p__Actinobacteria;c__Actinobacteria;o__Bifidobacteriales;f__Bifidobacteriaceae;g__Bifidobacterium;s__Bifidobacterium_bifidum	k__Bacteria;p__Firmicutes;c__Negativicutes;o__Veillonellales;f__Veillonellaceae;g__Dialister;s__Dialister_invisus	k__Bacteria;p__Bacteroidetes;c__Bacteroidia;o__Bacteroidales;f__Bacteroidaceae;g__Bacteroides;s__Bacteroides_salanitronis
k__Bacteria;p__Bacteroidetes;c__Bacteroidia;o__Bacteroidales;f__Bacteroidaceae;g__Bacteroides;s__Bacteroides_vulgatus	1.0	-0.0433965990001	-0.0280492214974	-0.0452607954287	-0.0467185278742	-0.0219817366609	0.0254518359346	0.0125903224682	-0.0390644443783	0.0407353983887	-0.0186268759369	0.0203981818433	0.0218551035652	-0.0159764983275	-0.0596289398542	0.0311804556325	0.00489416822017	0.00204359653118	-0.0356332920753	0.0271430798156	-0.00289332108578	-0.0351939674883	0.00778219006565	0.027497797158	-0.000975638968572	0.0408037875436	0.0068018051487	-0.0456288022443	-0.00796001378954	0.00881517497143	0.0334066467537	0.03146617725	-0.00759204080786	-0.00639493302591	0.00733838690253	0.0172609365432	-0.109140870719	0.0271743075023	0.0424442961328	-0.0228761409217	0.00424467085803	-0.00961527396098	0.00905034005281	-0.00395414130145	-0.00608953018366	-0.0146294119903	0.0128647385042	-0.0653197802649	-0.0198034346502	-0.0110354720227	0.0112815433914	-0.022409948099	-0.0477873821816	-0.0854925283559	-0.0336288381799	0.000921687859467	-0.0588324693809	0.00561273600854	0.0036892124479
k__Bacteria;p__Bacteroidetes;c__Bacteroidia;o__Bacteroidales;f__Bacteroidaceae;g__Bacteroides;s__Bacteroides_uniformis	-0.0433965990001	1.0	-0.0325480723789	0.0404214431846	-0.00476611306039	0.030690173957	0.0390710415598	-0.00735187544316	-0.0190363303543	-0.01487347699	0.00947067411257	-0.0471986189167	0.0331374747598	0.0106830765428	0.0393129498354	-0.0692950068914	0.0227091108091	0.0668927339669	-0.00969070878443	-0.0079165025739	-0.0214771560683	0.00557407451899	0.0191393552375	-0.0266044069836	0.0191398279817	0.00206376157929	-0.0634844776715	0.00282533612982	-0.0391815089659	0.0708761645334	-0.021497653623	-0.0332018063258	-0.0251020652136	-0.00368441701237	-0.0197761270598	-0.0245092552528	-0.0227489239157	0.0405246427762	0.0170092632441	0.0343800789745	-0.0223955604519	-0.0456213055346	-0.0557977569848	0.0566517881688	-0.00880513469436	0.018578113523	-0.0399457244915	-0.00180141642813	-0.0495983621591	-0.0236669283957	-0.0398898181118	0.00323939510035	0.0767363049316	-0.00945267382727	0.0227713138104	-0.0119744591274	0.0151581463649	0.0320447151847	0.0567666581482
k__Bacteria;p__Bacteroidetes;c__Bacteroidia;o__Bacteroidales;f__Rikenellaceae;g__Alistipes;s__Alistipes_putredinis	-0.0280492214974	-0.0325480723789	1.0	0.0230602444405	-0.016048288284	0.0118832917245	0.0204276030475	0.0463354701921	-0.00664270186143	0.0415348853801	-0.0269415352807	-0.0293151993942	0.014533194947	0.00411048773325	0.0372290259622	-0.0321407504142	-0.0350404412569	-0.028524076551	0.0181112082334	0.000900961418765	-0.00736662243809	-0.0190636529588	-0.0418992929062	-0.023541253495	-0.0150113463047	0.00761210717974	0.00414608183388	0.0101847931005	-0.0173704719212	0.0184482208329	0.00353207398884	0.00560764954291	-0.0313361109013	0.0107572945433	-0.0325644246103	-0.00545074677116	0.000227465973231	0.0109452529749	-0.0475854934379	-0.00476086396425	-0.024502253079	-0.000636310181284	-0.0131593550345	0.0195834951655	-0.0482343023722	-0.0268704999103	0.04460526428	-0.00896219900812	0.00105824965028	-0.0591039916195	0.0302630948069	-0.00785411186875	0.00324968726646	0.0320974445789	0.0066665133636	-0.0682201873685	-0.0223336704787	-0.0470645722239	0.00755149406648
k__Bacteria;p__Bacteroidetes;c__Bacteroidia;o__Bacteroidales;f__Prevotellaceae;g__Prevotella;s__Prevotella_copri	-0.0452607954287	0.0404214431846	0.0230602444405	1.0	-0.0247553318987	0.0188180386501	-0.0580628639794	-0.052764462753	0.0144538743054	-0.00245915463974	0.0876796046274	0.0429783597567	-0.000320127081266	-0.100167896941	0.0183210526473	0.0246258152073	0.0182399625191	0.0375244359415	-0.000211860803571	-0.0148789177178	-0.00731428327322	0.0123772803623	-0.110480200373	0.00516143406643	-0.0481227065431	-0.0239909098324	-0.0251155147883	0.017400985408	0.0172153052612	-0.0387667697307	0.0151547463622	-0.048407765894	0.0248956171073	-0.0341728267066	-0.0275926737464	0.0341422344728	-0.0239819605605	-0.0392165784656	0.0270386187255	0.0277833287129	-0.0590815160062	-0.0337075584053	-0.0164999959302	0.0263410171368	-0.0135223804432	0.00723439769583	-0.048053569074	0.0405708558962	-0.0336417593801	-0.0348410590697	-0.036554955608	-0.0759127261004	0.0054866857393	-0.0202383103425	0.0244565421669	-0.0358219629771	0.0406727841603	0.0191797853496	0.0155291581266
k__Bacteria;p__Bacteroidetes;c__Bacteroidia;o__Bacteroidales;f__Bacteroidaceae;g__Bacteroides;s__Bacteroides_stercoris	-0.0467185278742	-0.00476611306039	-0.016048288284	-0.0247553318987	1.0	-0.013386021149	0.0276657605438	0.0182073538772	-0.0449321919982	-0.0370641975408	-0.0468693279439	-0.0389285201321	0.0256230808929	-0.0335234913166	-0.0201289118393	-0.0412393466976	-0.00579041392898	-0.04928678017	-0.0120525100264	-0.047753255085	-0.028535039277	-0.0158514325533	0.00572092864618	0.0148068722779	-0.00311422435368	-0.0609771824851	0.0417715852118	0.0137714705698	0.0625277018543	0.00193122469503	0.0136686165015	0.00204426254136	0.0253816051492	-0.0294196462014	0.0405285619249	-0.0444663268158	-0.0137728146681	0.0440427411743	-0.0531120066817	0.035244696757	-0.048924048005	0.0317509481078	-0.0499084494693	0.00847315774827	-0.0110868515138	0.0217966316664	0.0108976096097	0.0437811385893	-0.00201170546404	-0.0380523487793	0.0290043043574	-0.00979708240841	0.0384612300411	0.0114324225697	-0.00985214509338	0.00984017746553	0.0704846510573	-0.0341047054773	0.0223114984194
k__Bacteria;p__Bacteroidetes;c__Bacteroidia;o__Bacteroidales;f__Bacteroidaceae;g__Bacteroides;s__Bacteroides_ovatus	-0.0219817366609	0.030690173957	0.0118832917245	0.0188180386501	-0.013386021149	1.0	-0.0408675651096	0.00143751159341	-0.0219149976751	-0.0717752166215	0.0172117100452	-0.00145704110867	-0.0179005855601	-0.0163123029944	-0.0543586551542	0.00588236233052	0.0144957732676	0.0133994902313	-0.00635819655783	0.0505497116805	-0.0144361490117	-0.0122807047524	-0.0549168639452	-0.00241666028822	-0.017138686963	0.0333146301344	-0.030685097508	0.0904289180509	0.0185113610893	-0.0393265670303	0.00688179288334	0.0437084423448	0.0323176502847	0.0266359018339	0.00851728743391	-0.0322260071057	-0.0154119726764	0.000978962059568	0.00649336719847	-0.0781393565755	-0.0422246021187	-0.0434841863448	0.0135082243625	-0.0677079091849	-0.0573289307274	0.0485982777401	0.018419398345	0.0299424214409	-0.0743555217241	-0.0235971258918	-0.0220898710953	-0.0554599804266	-0.00270416679836	0.0180841167798	0.0831932003983	-0.0102613784652	0.00158001834592	0.0232774981628	0.0268120476006
k__Bacteria;p__Bacteroidetes;c__Bacteroidia;o__Bacteroidales;f__Rikenellaceae;g__Alistipes;s__Alistipes_shahii	0.0254518359346	0.0390710415598	0.0204276030475	-0.0580628639794	0.0276657605438	-0.0408675651096	1.0	-0.0320776892832	-0.0217425084734	0.0324717659746	-0.0506674737544	-0.0095622521467	-0.0134035674508	-0.0163061917956	-0.0084864327013	-0.0164140205759	-0.00519347371477	-0.0686560611384	0.0406247539683	0.0142085941736	0.0333903482544	0.0163329419089	-0.0244627375237	-0.0079219382267	-0.0157253460776	0.00309134953843	-0.00570521095089	-0.0796219678555	-0.00821060568054	0.0517992817679	-0.0182596386222	-0.053023423184	-0.0441275492157	-0.0206954630525	-0.0149059177876	0.0209924723725	0.044709799298	-0.0547241407947	0.0224370499638	-0.0148262364284	-0.016126234607	-0.00621988221392	-0.0164533903692	0.0214398109449	-0.00131072857529	-0.0579934088371	0.0610016217556	0.0107396511359	0.00879742622308	0.000325360866161	-0.0331420836161	-0.0158613818845	0.0227867961054	0.0342392593181	-0.0845381094278	-0.00119131454306	-0.0275171885424	0.0931246615885	0.00583141968767
k__Bacteria;p__Firmicutes;c__Clostridia;o__Clostridiales;f__Ruminococcaceae;g__Faecalibacterium;s__Faecalibacterium_prausnitzii	0.0125903224682	-0.00735187544316	0.0463354701921	-0.052764462753	0.0182073538772	0.00143751159341	-0.0320776892832	1.0	-0.0075948350986	0.04525744742	0.00762849047362	-0.0206646436184	-0.0577075380429	-0.0306011443834	0.0656224380027	-0.00135865644575	-0.0532494543531	-0.0562425246567	0.0455375453415	0.0132505601187	0.0105982282767	-0.00437641834021	-0.00450592471997	-0.0210177991963	0.000342922196115	0.0270607281674	-0.0230594727309	-0.0251243839958	0.0193664861777	-0.0353181855965	0.00971561002654	-0.0203958443359	-0.000827253084514	-0.0230231448824	-0.0153449748267	0.000700267972523	0.0245124587745	-0.00386128779117	-0.0533906011218	0.0149975313603	0.040474706065	0.0171500029043	0.000583718719055	-0.0756428088538	-0.0340044807367	0.0217660812547	-0.0767224193016	-0.030871477917	0.0250669681208	0.0344743667232	-0.00518573377305	-0.00698725961864	-0.0367705231202	-0.0152097677108	-0.0305311400686	0.0211828135942	-0.0210191943748	-0.0143999167156	-0.0149222299551
k__Bacteria;p__Bacteroidetes;c__Bacteroidia;o__Bacteroidales;f__Rikenellaceae;g__Alistipes;s__Alistipes_finegoldii	-0.0390644443783	-0.0190363303543	-0.00664270186143	0.0144538743054	-0.0449321919982	-0.0219149976751	-0.0217425084734	-0.0075948350986	1.0	-0.0211695069964	0.0376272911029	0.0371560069652	-0.0351674868792	0.0221327102233	0.0234944012383	-0.0340990435658	-0.0236602027842	-0.0187252308759	-0.0193985812579	-0.0566099883993	0.0115493685253	-0.0212382967915	0.015278925683	-0.0559724701506	-2.74545937221e-07	0.0227791291096	-0.0200035212088	-0.00134891430295	-0.0399959546484	-0.0133006760842	-0.0333852465193	-0.019021178199	0.00389994578274	0.0438214881924	-0.000472845218083	0.00339503957768	-0.0108284110922	-0.0431205974704	-0.00389283467163	-0.0117572659604	-0.0430251534947	-0.00580169378086	0.0146392390913	0.0647872462456	-0.0249868951866	-0.00792513176407	0.0773617194186	0.0609229908471	-0.0562648988009	0.0297058195967	-0.00113194513691	0.00424431756424	0.0347380081773	-0.0538121838631	0.00764990217147	0.0433079197955	-0.0195185213994	-0.00499248077084	-0.0232297037932
k__Bacteria;p__Bacteroidetes;c__Bacteroidia;o__Bacteroidales;f__Porphyromonadaceae;g__Parabacteroides;s__Parabacteroides_distasonis	0.0407353983887	-0.01487347699	0.0415348853801	-0.00245915463974	-0.0370641975408	-0.0717752166215	0.0324717659746	0.04525744742	-0.0211695069964	1.0	-0.00493989975995	-0.00174929714552	0.0327529534728	0.031887946807	0.0322993186566	0.0516500355937	-0.0167089777761	-0.0232551401135	0.0349873397552	0.0594429623048	-0.0218345653102	-0.00295945913291	-0.013282463641	0.018978774211	-0.0287743675195	-0.0426297733427	0.0549040444605	-0.0123268397501	-0.0208192135218	-0.0361338623572	-0.0735478231184	-0.00703778578827	0.0517235465646	0.0085269261345	0.00833756110038	-0.0457927257615	0.00880665363127	-0.0704382291312	0.0161800338763	0.0650583546638	-0.0533878901375	-0.0707896216833	-0.00956096278919	-0.067608927754	-0.0536942690868	0.0914789168742	-0.0594120565199	-0.0210575348525	-0.0855543742282	0.0352550012167	0.0483986353318	-0.0024487960179	-0.0310127298224	0.00790589389757	-0.0419043812732	0.00306455610366	-0.0144096390347	0.0303839860428	-0.0319504916249
k__Bacteria;p__Bacteroidetes;c__Bacteroidia;o__Bacteroidales;f__Bacteroidaceae;g__Bacteroides;s__Bacteroides_thetaiotaomicron	-0.0186268759369	0.00947067411257	-0.0269415352807	0.0876796046274	-0.0468693279439	0.0172117100452	-0.0506674737544	0.00762849047362	0.0376272911029	-0.00493989975995	1.0	-0.00481231393671	-0.0751473349387	-0.0382162618247	0.0392630432075	0.00787828388165	0.0064441471272	0.0443389660262	-0.00957854318332	0.0946064726091	-0.0302505995988	-0.0267504349252	0.00246471649415	-0.0526340211647	-0.037594391911	-0.00532837195836	0.0370120216902	-0.00594786263761	-0.0588619513008	0.0386902967703	0.0270342179621	0.0314781286363	0.0065805235876	0.019292494981	-0.00198529971084	-0.00649018149484	-0.049720351265	0.0428011441943	-0.00841487276046	-0.0686837476255	0.0277056441615	-0.0120141803671	-0.0611516000411	-0.0316213020771	-0.0441309056629	0.000598620516854	-0.0484519010005	-0.0265406062885	0.0141378328838	0.0206639307312	-0.0295666084975	-0.0212653736217	0.00510589137815	0.0232822125702	-0.0480614769735	0.0250644453915	-0.020491372496	-0.0238709423161	0.00474010077854
k__Bacteria;p__Bacteroidetes;c__Bacteroidia;o__Bacteroidales;f__Bacteroidaceae;g__Bacteroides;s__Bacteroides_coprocola	0.0203981818433	-0.0471986189167	-0.0293151993942	0.0429783597567	-0.0389285201321	-0.00145704110867	-0.0095622521467	-0.0206646436184	0.0371560069652	-0.00174929714552	-0.00481231393671	1.0	0.0375274322286	-0.0756744527568	-0.0571559235526	0.0241894020066	0.0268308670425	-0.041204273438	-0.00455819018647	-0.0706700053886	0.0103669932395	0.0509207343849	0.0116955156244	-0.00417309477073	-0.0849595681818	-0.0570965221032	0.0388870980945	-0.0178262756327	-0.0247032616327	-0.0157560176026	-0.044967954084	0.0072003357152	-0.0517569609464	-0.017192219943	0.00740707276694	-0.0182637907193	0.000501742920673	0.00408258005967	0.0278095457382	-0.0775097716096	0.024427854442	0.0492975491155	-0.0378829022393	0.0407538317349	0.0667610982581	-0.011152977674	-0.0700158776469	-0.0122247656454	-0.0146317444738	-0.0304021746813	-0.0472633398589	-0.016836350795	-0.0443039283314	-0.0166223240183	-0.00484415236554	-0.0818001368733	-0.037445187256	-0.00493648573659	0.052799844735
k__Bacteria;p__Bacteroidetes;c__Bacteroidia;o__Bacteroidales;f__Bacteroidaceae;g__Bacteroides;s__Bacteroides_cellulosilyticus	0.0218551035652	0.0331374747598	0.014533194947	-0.000320127081266	0.0256230808929	-0.0179005855601	-0.0134035674508	-0.0577075380429	-0.0351674868792	0.0327529534728	-0.0751473349387	0.0375274322286	1.0	-0.0384729562742	-0.044010667612	-0.0356383025989	-0.0508636465522	-0.00955187755488	-0.010994985881	0.02768627368	-0.0224596750978	-0.0623489069642	0.0493396942107	-0.0555931125714	-0.0370490286079	-0.0094774227826	-0.0301589010201	0.0413867165265	-0.0476019400328	0.0398555642549	-0.00201429322215	-0.0279731121059	-0.0363627190406	-0.00554227204233	-0.0621702492566	0.0153232408026	0.0194379904622	0.0100470488515	-0.0399571721169	-0.0109709871885	0.00643779744302	-0.0229808818501	0.0328034814517	-0.0224901307594	-0.0397548410739	-0.056956969897	0.0233535876555	-0.0148982838851	-0.0564585849881	-0.027128242292	0.0238856952422	0.0304733295646	-0.0324325727758	0.0222851897541	0.0368753692757	-0.0268097711165	-0.00217843485283	-0.0594778020783	0.0311794566749
k__Bacteria;p__Bacteroidetes;c__Bacteroidia;o__Bacteroidales;f__Rikenellaceae;g__Alistipes;s__Alistipes_obesi	-0.0159764983275	0.0106830765428	0.00411048773325	-0.100167896941	-0.0335234913166	-0.0163123029944	-0.0163061917956	-0.0306011443834	0.0221327102233	0.031887946807	-0.0382162618247	-0.0756744527568	-0.0384729562742	1.0	0.0225439972616	-0.0154603959458	0.0499718140128	-0.0363164331371	-0.0461997383188	-0.000485912261466	-0.00618807495746	-0.021667725331	-0.0369819294553	-0.0210527216336	0.0259053363271	0.0642743152863	0.0374342974061	0.0235936103379	0.00761161663624	-0.0764008645796	-0.0213561983899	-0.0467808846041	-0.0046459597168	0.00132969636392	-0.00491754391579	0.0260411110377	0.0119539029384	0.0191847074304	-0.0033783928585	-0.038125211924	-0.058758637772	0.0293158179968	0.0256763374169	-0.0102440995604	-0.0273675933108	0.00612239978869	-0.037392492687	0.00747774092448	-0.0797647113063	-0.045155942969	0.0415953138735	-0.0239356502034	-0.0195033037776	-0.0358163856648	-0.0207289468629	-0.0210132655878	-0.00186160515949	-0.0783672986897	0.0145482355243
k__Bacteria;p__Firmicutes;c__Clostridia;o__Clostridiales;f__Lachnospiraceae;g__;s__[Eubacterium]_rectale	-0.0596289398542	0.0393129498354	0.0372290259622	0.0183210526473	-0.0201289118393	-0.0543586551542	-0.0084864327013	0.0656224380027	0.0234944012383	0.0322993186566	0.0392630432075	-0.0571559235526	-0.044010667612	0.0225439972616	1.0	-0.0245117512934	-0.0434369201222	0.013467969823	-0.088977227558	0.0277590460395	0.0205846969373	0.00457180428705	-0.00320927217377	-0.00276886742573	0.00165761076399	-0.0129343231248	0.0349136983726	-0.00366210292982	0.00748977210023	0.0627749582625	-0.04571508716	-0.0126725596782	-0.00170945845627	-0.0589654292907	0.012036389687	0.0355441336896	-0.0171440234036	-0.0345649827944	0.0188998235844	0.00433169093538	-0.0258021147069	-0.0114821692524	-0.028472037222	-0.0548701703991	-0.0386049654564	0.000224423657377	0.0836742206073	-0.102326100495	-0.00471285103575	-0.0512398513402	0.0318189094105	-0.00716431457532	0.0387144205638	-0.00175549279374	0.0141189437427	-0.0875351099047	0.0260638551418	-0.104219147234	0.0113384008417
k__Bacteria;p__Bacteroidetes;c__Bacteroidia;o__Bacteroidales;f__Bacteroidaceae;g__Bacteroides;s__Bacteroides_plebeius	0.0311804556325	-0.0692950068914	-0.0321407504142	0.0246258152073	-0.0412393466976	0.00588236233052	-0.0164140205759	-0.00135865644575	-0.0340990435658	0.0516500355937	0.00787828388165	0.0241894020066	-0.0356383025989	-0.0154603959458	-0.0245117512934	1.0	0.0222106772158	-0.0107878168234	0.00620169958579	0.0461734908682	-0.0616643692286	0.0258599214042	0.0337601928476	0.00392980191197	-0.00892333634886	-0.0274539921741	0.0441630843149	0.00260268674488	0.0336318187804	-0.0064937519784	0.0334026648934	-0.0068213631549	-0.0212058511065	-0.0490841368211	0.0461778726072	-0.0243580296853	0.00144060662901	5.79700193541e-06	-0.0385538017922	0.0217617856023	-0.0420120936863	0.0154107561565	-0.0758084879096	0.0208639091994	-0.000600594047069	0.00727986317526	-0.0126867512225	0.017434551232	0.000753563286374	0.0211430335454	-0.0643723877695	0.00128161406711	-0.0139630610141	-0.0381061718151	-0.00873053125016	-0.0419751303876	-0.0148537120692	-0.0180362675759	-0.0117042301855
k__Bacteria;p__Bacteroidetes;c__Bacteroidia;o__Bacteroidales;f__Bacteroidaceae;g__Bacteroides;s__Bacteroides_fragilis	0.00489416822017	0.0227091108091	-0.0350404412569	0.0182399625191	-0.00579041392898	0.0144957732676	-0.00519347371477	-0.0532494543531	-0.0236602027842	-0.0167089777761	0.0064441471272	0.0268308670425	-0.0508636465522	0.0499718140128	-0.0434369201222	0.0222106772158	1.0	-0.0629953855263	0.0126987724993	0.0708812167372	-0.0270825471457	-0.00030705828127	-0.015173469359	-0.0653872208275	-0.00822896094882	-0.052483667406	-0.00999720749531	0.060686860565	-0.0357723557258	-0.00353351677386	-0.030828736822	0.0201211631085	0.0102025183896	0.0185527917961	0.0180910022781	-0.0384941708562	-0.0472960760888	-0.0344966964504	-0.0289230818087	-0.0198591779169	0.0285197804391	-0.0435248596645	-0.0352628720087	-0.0123602152941	-0.0329194368463	0.0294602571844	0.0140923537391	-0.0544586686734	0.0327865106823	0.0329857024466	-0.0137599913166	-0.025847084201	-0.000761253672776	-0.0177358477625	-0.0356625327169	0.000128536457326	-0.0224533479535	-0.0303827611264	-0.0255079997034
k__Bacteria;p__Proteobacteria;c__Betaproteobacteria;o__Burkholderiales;f__Sutterellaceae;g__Sutterella;s__Sutterella_wadsworthensis	0.00204359653118	0.0668927339669	-0.028524076551	0.0375244359415	-0.04928678017	0.0133994902313	-0.0686560611384	-0.0562425246567	-0.0187252308759	-0.0232551401135	0.0443389660262	-0.041204273438	-0.00955187755488	-0.0363164331371	0.013467969823	-0.0107878168234	-0.0629953855263	1.0	-0.00635596710274	-0.0383738694146	-0.0112034139828	-0.00925053405766	-0.0219831049406	0.00115921843033	-0.00825833959935	0.0242415715925	-0.0140521767739	-0.0115481799271	-0.00810633377292	0.00451522356442	0.0263789259503	0.023284320592	-0.0624167046109	-0.0199480161444	0.0470173739921	-0.023648283821	0.0159560708616	-0.019307010794	0.041139915175	-0.0238210986929	-0.0147554541972	-0.0153673782098	0.0464095625014	-0.0555156293095	0.0364212378872	0.0231813765816	-0.00538944374239	0.0262157263071	0.0182069025816	-0.0290996359867	0.0290285580175	-0.0164203830904	0.0278959853068	0.0117033002954	0.0183466956536	0.00623305922798	-0.00467152881567	-0.0199628283145	-0.0334951231819
k__Bacteria;p__Bacteroidetes;c__Bacteroidia;o__Bacteroidales;f__Porphyromonadaceae;g__Barnesiella;s__Barnesiella_intestinihominis	-0.0356332920753	-0.00969070878443	0.0181112082334	-0.000211860803571	-0.0120525100264	-0.00635819655783	0.0406247539683	0.0455375453415	-0.0193985812579	0.0349873397552	-0.00957854318332	-0.00455819018647	-0.010994985881	-0.0461997383188	-0.088977227558	0.00620169958579	0.0126987724993	-0.00635596710274	1.0	-0.0281700308977	-0.0368782180255	-0.0154491220138	-0.051310173181	-0.0632241624968	-0.00816587568288	-0.0180989857749	0.0244018563013	0.0411672308811	-0.0671807285841	-0.0441237890489	0.0820444533312	-1.32638114072e-05	-0.0200079216665	0.0710603669737	5.79112664804e-05	-0.0199162686189	0.0134202664927	-0.00817496960344	-0.109584298397	0.0293676543197	-0.0309153484088	-0.0327421695058	-0.02984025551	-0.00162736171637	0.00969375703156	0.0221974395425	0.00123144258174	-0.0332217042177	0.0451123916667	-0.0458421770912	-0.00506457885393	0.00716059206362	-0.0169208547106	0.0387714974419	0.032123861901	-0.0264925657338	-0.0139597893009	0.0422047250169	-0.0286871801918
k__Bacteria;p__Bacteroidetes;c__Bacteroidia;o__Bacteroidales;f__Odoribacteraceae;g__Odoribacter;s__Odoribacter_splanchnicus	0.0271430798156	-0.0079165025739	0.000900961418765	-0.0148789177178	-0.047753255085	0.0505497116805	0.0142085941736	0.0132505601187	-0.0566099883993	0.0594429623048	0.0946064726091	-0.0706700053886	0.02768627368	-0.000485912261466	0.0277590460395	0.0461734908682	0.0708812167372	-0.0383738694146	-0.0281700308977	1.0	-0.0312841040678	0.00916302468198	0.016264685102	0.00502936344093	0.0398929384238	0.0212865989653	-0.00644174006437	-0.0275430206431	0.0234928612921	-0.0206885845421	0.0136465026425	-0.0405326303825	-0.0153790078416	-0.00662573865018	-0.0321773594584	0.0343170636188	0.0266314790301	0.0485892913133	-0.0153776973682	-0.0165227157111	-0.0390940298952	-4.94410626541e-06	-0.0128059720242	0.00349858191724	-0.00917721092788	-0.00873926454146	-0.0846701046947	-0.0581510295381	0.0226413598099	-0.0106676054532	-0.0498081348832	0.00156602570492	-0.00345473470013	-0.0474715055569	-0.0149604379849	-0.0199803227904	0.0145764021654	-0.0354111986564	-0.0269676763238
k__Bacteria;p__Bacteroidetes;c__Bacteroidia;o__Bacteroidales;f__Bacteroidaceae;g__Bacteroides;s__Bacteroides_salyersiae	-0.00289332108578	-0.0214771560683	-0.00736662243809	-0.00731428327322	-0.028535039277	-0.0144361490117	0.0333903482544	0.0105982282767	0.0115493685253	-0.0218345653102	-0.0302505995988	0.0103669932395	-0.0224596750978	-0.00618807495746	0.0205846969373	-0.0616643692286	-0.0270825471457	-0.0112034139828	-0.0368782180255	-0.0312841040678	1.0	-0.0398303464942	0.0188318951043	0.0209925244642	-0.0656664243205	0.000934610125448	-0.0199278657577	-0.037446518753	-0.00258863535522	0.000711740899069	-0.0380611081532	-0.0879182266053	-0.0308481759209	-0.0496501326976	0.0414457990568	-0.0605823152176	0.0317335183586	0.0614527433768	0.0158953128339	0.0293556357892	-0.00121931261704	0.00779056663902	0.0150898361084	-0.00681191588751	-0.0243001144234	0.0115888016808	-0.0116041578319	0.0485460839242	-0.0568675757616	-0.0139806016447	-0.02278820546	-0.026715906114	0.00995977376132	-0.046201820866	0.00618908763043	0.00565443762142	0.0135556462664	0.020540599853	-0.0095241232412
k__Bacteria;p__Firmicutes;c__Clostridia;o__Clostridiales;f__Ruminococcaceae;g__Ruminiclostridium;s__[Eubacterium]_siraeum	-0.0351939674883	0.00557407451899	-0.0190636529588	0.0123772803623	-0.0158514325533	-0.0122807047524	0.0163329419089	-0.00437641834021	-0.0212382967915	-0.00295945913291	-0.0267504349252	0.0509207343849	-0.0623489069642	-0.021667725331	0.00457180428705	0.0258599214042	-0.00030705828127	-0.00925053405766	-0.0154491220138	0.00916302468198	-0.0398303464942	1.0	0.0241297571425	0.0456220664629	-0.065083731403	-0.060227683274	-0.0492536504864	-0.0167912807107	0.021907543809	0.0359462383473	-0.0264508958535	0.00657255746916	-0.0432445115535	-0.0341206967134	0.00173572656049	0.0646850668184	-0.0597548295638	0.0108188718998	-0.00524808289904	0.0139704671354	-0.0078463064827	0.0206179318848	0.0198219764164	-0.0338734054279	0.0375974987024	0.0163383838059	0.00905451122289	0.041644592835	0.0358621928152	-0.0303037554604	-0.00711724466816	-0.0557257085728	0.0217907444808	-0.00642490272317	0.0541811470908	-0.0046705459156	0.0408281067412	-0.0148897481263	-0.0463334313095
k__Bacteria;p__Proteobacteria;c__Betaproteobacteria;o__Burkholderiales;f__Sutterellaceae;g__Parasutterella;s__Parasutterella_excrementihominis	0.00778219006565	0.0191393552375	-0.0418992929062	-0.110480200373	0.00572092864618	-0.0549168639452	-0.0244627375237	-0.00450592471997	0.015278925683	-0.013282463641	0.00246471649415	0.0116955156244	0.0493396942107	-0.0369819294553	-0.00320927217377	0.0337601928476	-0.015173469359	-0.0219831049406	-0.051310173181	0.016264685102	0.0188318951043	0.0241297571425	1.0	-0.0109974802968	-0.00203928213049	-0.0218285200748	0.0178422207419	0.00671549501196	0.000523451101549	-0.052139055777	-0.0427001306393	0.0378960963471	-0.0507568158956	-0.00437085523376	0.0227471855584	5.73362491953e-05	-0.0168896653007	0.00683299336362	0.0386615507723	0.00342621226387	0.0452730869417	-0.00311824617486	-0.0034204020563	-0.0457225992564	0.0169199707157	-0.0383646615059	0.0456877156396	-0.0390865502541	-0.00648885454187	0.0298472477079	-0.0357343388113	0.019717558717	0.00652866140938	-0.0354583639977	-0.00662470143096	0.00620143746599	-0.0346248460544	0.0101876513752	-0.0115245848218
k__Bacteria;p__Actinobacteria;c__Actinobacteria;o__Bifidobacteriales;f__Bifidobacteriaceae;g__Bifidobacterium;s__Bifidobacterium_adolescentis	0.027497797158	-0.0266044069836	-0.023541253495	0.00516143406643	0.0148068722779	-0.00241666028822	-0.0079219382267	-0.0210177991963	-0.0559724701506	0.018978774211	-0.0526340211647	-0.00417309477073	-0.0555931125714	-0.0210527216336	-0.00276886742573	0.00392980191197	-0.0653872208275	0.00115921843033	-0.0632241624968	0.00502936344093	0.0209925244642	0.0456220664629	-0.0109974802968	1.0	-0.0390726692571	0.00864101698665	0.0269990611277	0.0223720484794	0.0242547495711	0.0190666033296	-0.0293499619433	0.0548860860335	-0.0360721819682	-0.0343986951764	-0.0194486699795	-0.0200872579763	0.0270936366985	-0.0384294348156	-0.00316492138129	0.0279928304308	-0.0572954483734	-0.0112800362904	0.00292875960486	-0.00471867055464	0.0358227681903	-0.0178119720832	-0.0455488879345	-0.0423516797927	-0.0270299249123	-0.0592716342205	0.0189288612455	-0.0134050740273	-0.0283548864698	0.0293015240298	-0.0569272353436	-0.0425715291988	0.0152350891266	-0.00306428152781	0.00306558358101
k__Bacteria;p__Firmicutes;c__Clostridia;o__Clostridiales;f__Oscillospiraceae;g__Oscillibacter;s__Oscillibacter_sp._KLE_1745	-0.000975638968572	0.0191398279817	-0.0150113463047	-0.0481227065431	-0.00311422435369	-0.017138686963	-0.0157253460776	0.000342922196115	-2.74545937221e-07	-0.0287743675195	-0.037594391911	-0.0849595681818	-0.0370490286079	0.0259053363271	0.00165761076399	-0.00892333634886	-0.00822896094882	-0.00825833959935	-0.00816587568288	0.0398929384238	-0.0656664243205	-0.065083731403	-0.00203928213049	-0.0390726692571	1.0	-0.022095800728	0.0203995857054	-0.0249512426354	-0.0175112267309	-0.00330757010966	-0.0224712868318	-0.0220062500889	0.018456752199	0.0598317077483	-0.0329286726289	-0.0119573280992	-0.0114970175924	0.0251120202788	-0.0471235707766	0.0127493522708	0.0340941234133	-0.0238470358627	-0.0093851578477	0.0133552166397	-0.00612916677203	-0.00024508264133	0.0496335358596	0.019463842615	-0.0158584135807	0.00512614934349	0.0559474728057	-0.017260379425	-0.0656747289005	-0.000666549618901	-0.00532148314625	0.0375507947613	-0.0448741779954	0.0207082737793	-0.00602145127526
k__Bacteria;p__Bacteroidetes;c__Bacteroidia;o__Bacteroidales;f__Bacteroidaceae;g__Bacteroides;s__Bacteroides_coprophilus	0.0408037875436	0.00206376157929	0.00761210717974	-0.0239909098324	-0.0609771824851	0.0333146301344	0.00309134953843	0.0270607281674	0.0227791291096	-0.0426297733427	-0.00532837195836	-0.0570965221032	-0.0094774227826	0.0642743152863	-0.0129343231248	-0.0274539921741	-0.052483667406	0.0242415715925	-0.0180989857749	0.0212865989653	0.000934610125448	-0.060227683274	-0.0218285200748	0.00864101698665	-0.022095800728	1.0	0.0405054393669	0.00168900374641	-0.000938243201509	0.0087724594366	-0.0889038620079	-0.0395446199328	0.0334807170909	-0.0244334325254	-0.0165106320788	-0.0125096656751	-0.0116981163099	0.00495232318053	-0.055228699634	0.0235449307537	0.0598573096075	-0.0243109545556	0.0288377656099	0.0245505833836	-0.0160431796851	0.00152236259262	-0.0217485603033	-0.0155908613161	-0.0563657900218	-0.0406065427702	-0.0423690458064	0.0156441966509	-0.0501323650911	-0.0141870727165	-0.000673147061192	-0.0358391689692	0.0361934824513	-0.0304451959291	-0.0168696404702
k__Bacteria;p__Firmicutes;c__Clostridia;o__Clostridiales;f__Lachnospiraceae;g__Roseburia;s__Roseburia_intestinalis	0.0068018051487	-0.0634844776715	0.00414608183388	-0.0251155147883	0.0417715852118	-0.030685097508	-0.00570521095089	-0.0230594727309	-0.0200035212088	0.0549040444605	0.0370120216902	0.0388870980945	-0.0301589010201	0.0374342974061	0.0349136983726	0.0441630843149	-0.00999720749531	-0.0140521767739	0.0244018563013	-0.00644174006437	-0.0199278657577	-0.0492536504864	0.0178422207419	0.0269990611277	0.0203995857054	0.0405054393669	1.0	-0.041530403022	-0.0077047739938	-0.0195070377124	-0.00706099660608	0.00519029927316	0.0156677879339	-0.0171586160138	-0.0344247390986	-0.0429668151566	-0.0178811220047	-0.0565644346024	0.0125908059486	-0.0704471325974	0.00911090618562	0.0471247767136	0.0672653360637	0.05233155173	0.0208783967737	-0.035880821521	-0.0232783292159	0.00512050613934	0.0159528106153	0.0258700406043	0.0509554484733	-0.0156460262703	-0.00409896372775	-0.0143434137519	-0.0645015222332	0.0239962049505	-0.0232191556155	0.0147183082668	-0.0280363053937
k__Bacteria;p__Firmicutes;c__Clostridia;o__Clostridiales;f__Lachnospiraceae;g__Roseburia;s__Roseburia_hominis	-0.0456288022443	0.00282533612982	0.0101847931005	0.017400985408	0.0137714705698	0.0904289180509	-0.0796219678555	-0.0251243839958	-0.00134891430295	-0.0123268397501	-0.00594786263761	-0.0178262756327	0.0413867165265	0.0235936103379	-0.00366210292982	0.00260268674488	0.060686860565	-0.0115481799271	0.0411672308811	-0.0275430206431	-0.037446518753	-0.0167912807107	0.00671549501196	0.0223720484794	-0.0249512426354	0.00168900374641	-0.041530403022	1.0	0.0406157113737	-0.0630058880173	0.0531029128231	-0.01239287247	0.0395205740668	0.0496027643448	-0.0234025038036	0.016013950234	0.0913081084017	-0.034087846177	0.0222041919427	-0.0309811280455	-0.00798959488391	-0.0142442189683	0.0376621482987	-0.0572451975657	-0.0509484276826	-0.0157440454003	0.0427663352473	-0.0137942779631	-0.00112491642779	-0.00927399641385	-0.0515054277135	0.0185932974816	-0.0536055893059	0.0351816773825	0.0146443946942	-0.0281371833764	-0.00778892863948	-0.0369869522754	0.0454886063694
k__Bacteria;p__Bacteroidetes;c__Bacteroidia;o__Bacteroidales;f__Porphyromonadaceae;g__Parabacteroides;s__Parabacteroides_johnsonii	-0.00796001378954	-0.0391815089659	-0.0173704719212	0.0172153052612	0.0625277018543	0.0185113610893	-0.00821060568054	0.0193664861777	-0.0399959546484	-0.0208192135218	-0.0588619513008	-0.0247032616327	-0.0476019400328	0.00761161663624	0.00748977210023	0.0336318187804	-0.0357723557258	-0.00810633377292	-0.0671807285841	0.0234928612921	-0.00258863535522	0.021907543809	0.000523451101549	0.0242547495711	-0.0175112267309	-0.000938243201509	-0.0077047739938	0.0406157113737	1.0	-0.0499855892708	0.011495393579	-0.0151805031844	0.0221694651137	-0.0200208241355	0.00687003969697	0.0179071134041	0.00262984692208	-0.0321726142384	0.0415713827602	-0.0182665123424	-0.0266675245585	-0.019739957598	0.0199670449574	-0.0364653677303	-0.0753724926633	-0.00343009304541	-0.0325906045534	-0.0136401303099	0.0406393791936	-0.0129730917307	0.00712064300874	-0.0540110919021	0.0247095485773	-0.0274335870217	0.0179575319291	-0.0519507765176	-0.0447450892804	-0.0580291242501	0.0357352984697
k__Bacteria;p__Actinobacteria;c__Actinobacteria;o__Bifidobacteriales;f__Bifidobacteriaceae;g__Bifidobacterium;s__Bifidobacterium_longum	0.00881517497143	0.0708761645334	0.0184482208329	-0.0387667697307	0.00193122469503	-0.0393265670303	0.0517992817679	-0.0353181855965	-0.0133006760842	-0.0361338623572	0.0386902967703	-0.0157560176026	0.0398555642549	-0.0764008645796	0.0627749582625	-0.0064937519784	-0.00353351677386	0.00451522356442	-0.0441237890489	-0.0206885845421	0.000711740899069	0.0359462383473	-0.052139055777	0.0190666033296	-0.00330757010966	0.0087724594366	-0.0195070377124	-0.0630058880173	-0.0499855892708	1.0	-0.0699165172807	-0.0252644595946	0.000346453616206	0.0394163554104	0.0575283096192	-0.0290773442429	0.0188299603301	-0.00122662088627	-0.0184320290886	-0.00996188201694	-0.0118178878903	-0.01243629153	0.0333543565998	-0.0341440501953	-0.00671728111729	-0.0268254068245	-0.0909927729854	0.024734950104	0.00686901796245	-0.0103813942618	0.0380267728102	-0.0122114233389	0.0135446811849	0.00803663324059	-0.0604426278831	-0.0248435356002	0.00126114973413	-0.0194150058465	0.00646000960962
