#taxonomy	k__Bacteria;p__Bacteroidetes;c__Bacteroidia;o__Bacteroidales;f__Bacteroidaceae;g__Bacteroides;s__Bacteroides_vulgatus	k__Bacteria;p__Bacteroidetes;c__Bacteroidia;o__Bacteroidales;f__Bacteroidaceae;g__Bacteroides;s__Bacteroides_uniformis	k__Bacteria;p__Bacteroidetes;c__Bacteroidia;o__Bacteroidales;f__Rikenellaceae;g__Alistipes;s__Alistipes_putredinis	k__Bacteria;p__Bacteroidetes;c__Bacteroidia;o__Bacteroidales;f__Prevotellaceae;g__Prevotella;s__Prevotella_copri	k__Bacteria;p__Bacteroidetes;c__Bacteroidia;o__Bacteroidales;f__Bacteroidaceae;g__Bacteroides;s__Bacteroides_stercoris	k__Bacteria;p__Bacteroidetes;c__Bacteroidia;o__Bacteroidales;f__Bacteroidaceae;g__Bacteroides;s__Bacteroides_ovatus	k__Bacteria;p__Bacteroidetes;c__Bacteroidia;o__Bacteroidales;f__Rikenellaceae;g__Alistipes;s__Alistipes_shahii	k__Bacteria;p__Firmicutes;c__Clostridia;o__Clostridiales;f__Ruminococcaceae;g__Faecalibacterium;s__Faecalibacterium_prausnitzii	k__Bacteria;p__Bacteroidetes;c__Bacteroidia;o__Bacteroidales;f__Rikenellaceae;g__Alistipes;s__Alistipes_finegoldii	k__Bacteria;p__Bacteroidetes;c__Bacteroidia;o__Bacteroidales;f__Porphyromonadaceae;g__Parabacteroides;s__Parabacteroides_distasonis	k__Bacteria;p__Bacteroidetes;c__Bacteroidia;o__Bacteroidales;f__Bacteroidaceae;g__Bacteroides;s__Bacteroides_thetaiotaomicron	k__Bacteria;p__Bacteroidetes;c__Bacteroidia;o__Bacteroidales;f__Bacteroidaceae;g__Bacteroides;s__Bacteroides_coprocola	k__Bacteria;p__Bacteroidetes;c__Bacteroidia;o__Bacteroidales;f__Bacteroidaceae;g__Bacteroides;s__Bacteroides_cellulosilyticus	k__Bacteria;p__Bacteroidetes;c__Bacteroidia;o__Bacteroidales;f__Rikenellaceae;g__Alistipes;s__Alistipes_obesi	k__Bacteria;p__Firmicutes;c__Clostridia;o__Clostridiales;f__Lachnospiraceae;g__;s__[Eubacterium]_rectale	k__Bacteria;p__Bacteroidetes;c__Bacteroidia;o__Bacteroidales;f__Bacteroidaceae;g__Bacteroides;s__Bacteroides_plebeius	k__Bacteria;p__Bacteroidetes;c__Bacteroidia;o__Bacteroidales;f__Bacteroidaceae;g__Bacteroides;s__Bacteroides_fragilis	k__Bacteria;p__Proteobacteria;c__Betaproteobacteria;o__Burkholderiales;f__Sutterellaceae;g__Sutterella;s__Sutterella_wadsworthensis	k__Bacteria;p__Bacteroidetes;c__Bacteroidia;o__Bacteroidales;f__Porphyromonadaceae;g__Barnesiella;s__Barnesiella_intestinihominis	k__Bacteria;p__Bacteroidetes;c__Bacteroidia;o__Bacteroidales;f__Odoribacteraceae;g__Odoribacter;s__Odoribacter_splanchnicus	k__Bacteria;p__Bacteroidetes;c__Bacteroidia;o__Bacteroidales;f__Bacteroidaceae;g__Bacteroides;s__Bacteroides_salyersiae	k__Bacteria;p__Firmicutes;c__Clostridia;o__Clostridiales;f__Ruminococcaceae;g__Ruminiclostridium;s__[Eubacterium]_siraeum	k__Bacteria;p__Proteobacteria;c__Betaproteobacteria;o__Burkholderiales;f__Sutterellaceae;g__Parasutterella;s__Parasutterella_excrementihominis	k__Bacteria;p__Actinobacteria;c__Actinobacteria;o__Bifidobacteriales;f__Bifidobacteriaceae;g__Bifidobacterium;s__Bifidobacterium_adolescentis	k__Bacteria;p__Firmicutes;c__Clostridia;o__Clostridiales;f__Oscillospiraceae;g__Oscillibacter;s__Oscillibacter_sp._KLE_1745	k__Bacteria;p__Bacteroidetes;c__Bacteroidia;o__Bacteroidales;f__Bacteroidaceae;g__Bacteroides;s__Bacteroides_coprophilus	k__Bacteria;p__Firmicutes;c__Clostridia;o__Clostridiales;f__Lachnospiraceae;g__Roseburia;s__Roseburia_intestinalis	k__Bacteria;p__Firmicutes;c__Clostridia;o__Clostridiales;f__Lachnospiraceae;g__Roseburia;s__Roseburia_hominis	k__Bacteria;p__Bacteroidetes;c__Bacteroidia;o__Bacteroidales;f__Porphyromonadaceae;g__Parabacteroides;s__Parabacteroides_johnsonii	k__Bacteria;p__Actinobacteria;c__Actinobacteria;o__Bifidobacteriales;f__Bifidobacteriaceae;g__Bifidobacterium;s__Bifidobacterium_longum	k__Bacteria;p__Firmicutes;c__Clostridia;o__Clostridiales;f__;g__Flavonifractor;s__Flavonifractor_plautii	k__Bacteria;p__Firmicutes;c__Clostridia;o__Clostridiales;f__Clostridiaceae;g__Clostridium;s__Clostridium_phoceensis	k__Bacteria;p__Verrucomicrobia;c__Verrucomicrobiae;o__Verrucomicrobiales;f__Akkermansiaceae;g__Akkermansia;s__Akkermansia_muciniphila	k__Bacteria;p__Bacteroidetes;c__Bacteroidia;o__Bacteroidales;f__Prevotellaceae;g__Paraprevotella;s__Paraprevotella_xylaniphila	k__Bacteria;p__Firmicutes;c__Clostridia;o__Clostridiales;f__Ruminococcaceae;g__Ruminococcus;s__Ruminococcus_callidus	k__Bacteria;p__Bacteroidetes;c__Bacteroidia;o__Bacteroidales;f__Rikenellaceae;g__Alistipes;s__Alistipes_senegalensis	k__Bacteria;p__Firmicutes;c__Clostridia;o__Clostridiales;f__Lachnospiraceae;g__Blautia;s__Blautia_sp._KLE_1732	k__Bacteria;p__Bacteroidetes;c__Bacteroidia;o__Bacteroidales;f__Bacteroidaceae;g__Bacteroides;s__Bacteroides_oleiciplenus	k__Bacteria;p__Firmicutes;c__Clostridia;o__Clostridiales;f__Ruminococcaceae;g__Ruminococcus;s__Ruminococcus_bicirculans	k__Bacteria;p__Bacteroidetes;c__Bacteroidia;o__Bacteroidales;f__Bacteroidaceae;g__Bacteroides;s__Bacteroides_fluxus	k__Bacteria;p__Bacteroidetes;c__Bacteroidia;o__Bacteroidales;f__Prevotellaceae;g__Prevotella;s__Prevotella_stercorea	k__Bacteria;p__Firmicutes;c__Clostridia;o__Clostridiales;f__Lachnospiraceae;g__Dorea;s__Dorea_longicatena	k__Bacteria;p__Firmicutes;c__Clostridia;o__Clostridiales;f__Eubacteriaceae;g__Eubacterium;s__[Eubacterium]_eligens	k__Bacteria;p__Firmicutes;c__Clostridia;o__Clostridiales;f__Ruminococcaceae;g__;s__Ruminococcaceae_bacterium_D16	k__Bacteria;p__Firmicutes;c__Clostridia;o__Clostridiales;f__Lachnospiraceae;g__Coprococcus;s__Coprococcus_comes	k__Bacteria;p__Proteobacteria;c__Gammaproteobacteria;o__Enterobacterales;f__Enterobacteriaceae;g__Escherichia;s__Escherichia_coli	k__Bacteria;p__Firmicutes;c__Clostridia;o__Clostridiales;f__Ruminococcaceae;g__Anaerotruncus;s__Anaerotruncus_colihominis	k__Bacteria;p__Firmicutes;c__Clostridia;o__Clostridiales;f__Lachnospiraceae;g__Blautia;s__Blautia_obeum	k__Bacteria;p__Bacteroidetes;c__Bacteroidia;o__Bacteroidales;f__Odoribacteraceae;g__Odoribacter;s__Odoribacter_laneus	k__Bacteria;p__Firmicutes;c__Clostridia;o__Clostridiales;f__Ruminococcaceae;g__Ruminiclostridium;s__[Clostridium]_leptum	k__Bacteria;p__Bacteroidetes;c__Bacteroidia;o__Bacteroidales;f__Porphyromonadaceae;g__Parabacteroides;s__Parabacteroides_goldsteinii	k__Bacteria;p__Firmicutes;c__Clostridia;o__Clostridiales;f__Lachnospiraceae;g__Anaerostipes;s__Anaerostipes_hadrus	k__Bacteria;p__Firmicutes;c__Clostridia;o__Clostridiales;f__Ruminococcaceae;g__Ruminococcus;s__Ruminococcus_lactaris	k__Bacteria;p__Firmicutes;c__Clostridia;o__Clostridiales;f__Clostridiaceae;g__Clostridium;s__Clostridium_sp._L2-50	k__Bacteria;p__Firmicutes;c__Clostridia;o__Clostridiales;f__Clostridiaceae;g__Clostridium;s__Clostridium_sp._M62/1	k__Bacteria;p__Firmicutes;c__Clostridia;o__Clostridiales;f__;g__Intestinimonas;s__Intestinimonas_butyriciproducens	k__Bacteria;p__Actinobacteria;c__Actinobacteria;o__Bifidobacteriales;f__Bifidobacteriaceae;g__Bifidobacterium;s__Bifidobacterium_bifidum	k__Bacteria;p__Firmicutes;c__Negativicutes;o__Veillonellales;f__Veillonellaceae;g__Dialister;s__Dialister_invisus	k__Bacteria;p__Bacteroidetes;c__Bacteroidia;o__Bacteroidales;f__Bacteroidaceae;g__Bacteroides;s__Bacteroides_salanitronis
k__Bacteria;p__Bacteroidetes;c__Bacteroidia;o__Bacteroidales;f__Bacteroidaceae;g__Bacteroides;s__Bacteroides_vulgatus	1.0	0.054881369874	-0.0316189176996	-0.0104302954428	0.0389893809543	-0.0423994851068	0.0639489765851	-0.0527892378841	-0.0519923766695	-0.0311226695703	0.0319176000451	0.0556011624383	-0.0327826062919	0.0191399630001	-0.0679429035636	-0.00929794814571	-0.030498141593	-0.0301790294959	0.0141040146262	-0.0104941690663	-0.012040231239	-0.042836201051	-0.0245326312543	-0.0741413792322	0.028278885414	0.000288953329327	0.00169754853749	0.0281648096953	0.00888382135352	-0.0332137611394	-0.00529818386026	0.0214152491432	0.0425091755518	-0.024668878349	0.0863486300325	0.02151066651	0.0424601353286	0.0441888769404	0.0166520351054	-0.0604614519496	-0.000840844535848	-0.015266312953	0.0661529044476	0.0034795538257	-0.0488948429489	-0.00527415991791	-0.0146338248446	0.0173770128703	-0.00787841030102	-0.0204768598368	0.029837822059	0.0116149290194	0.0213934295901	0.00386565894481	-0.0289460299029	-0.00443597231845	-0.018500503484	-0.0159634033329	0.00262063405233
k__Bacteria;p__Bacteroidetes;c__Bacteroidia;o__Bacteroidales;f__Bacteroidaceae;g__Bacteroides;s__Bacteroides_uniformis	0.054881369874	1.0	0.00547296328925	0.0163718622896	0.0350594941949	-0.0150678346974	0.0108022729695	-0.0513627727861	-0.0429186584574	0.0523950404346	0.0256705327709	-0.0160340721994	-0.0324205790958	-0.0275368723865	0.0557048948424	0.0156586129014	-0.0554350802002	-0.0498013665979	-0.0295401353786	0.00525980228149	-0.00913774031072	0.00131185740663	-0.0273403140674	0.0201622540559	-0.0646151979622	-0.018616552612	-0.00953180217583	-0.0106278841521	0.0137977036651	-0.0369768247032	-0.0193203826692	0.0216830339644	0.00369199837838	0.0427019511435	-0.00862927503542	0.0352311492142	-0.0252305685169	-0.0576630334764	-0.00867951614311	0.0772030369265	0.0806076998422	-0.0116559565135	-0.0156384414528	-0.00941011773166	0.0358460019743	-0.0153720738468	-0.0498642204718	-0.0167130102158	-0.0251827883004	-0.00923819304886	0.0126163526493	0.00662476139237	-0.0112353751041	-0.0655136230188	0.032304824621	0.0337718014583	0.0246196113646	0.0116042463522	0.00500909427132
k__Bacteria;p__Bacteroidetes;c__Bacteroidia;o__Bacteroidales;f__Rikenellaceae;g__Alistipes;s__Alistipes_putredinis	-0.0316189176996	0.00547296328925	1.0	-0.00808846130481	0.0446950623907	0.0203117338126	-0.019646147994	0.0136826849591	0.045325936593	-0.00961223920798	0.00719091802511	0.00243129515333	-0.00947099101408	-0.00235129256419	0.0400619641673	-0.0237500888701	-0.0273848530568	-0.0144306502399	0.00954207683008	-0.0411966508538	-0.0521526081427	-0.0051671574204	-0.00311098769771	-0.0148638906334	0.0161134431581	-0.0167216550301	-0.0184316581991	0.0261498137853	0.0455618164356	-0.00297589870301	-0.0200559909237	-0.0277097362676	-0.00803053347349	0.0213634548669	-0.000893570714658	-0.0563907227809	-0.0477080920553	0.0136802334563	0.0169017476799	-0.0183782878954	-0.0296032308836	-0.00357165743865	-0.0289521832134	0.0247454341955	-0.0246835734734	-0.0348333634099	-0.0175129091469	-0.0512083421142	-0.0276191026797	0.0111178442504	-0.00809027219094	-0.022206409308	0.0149017678161	-0.00710447100724	0.013853864292	-0.0173938198342	-0.0243242296587	-0.0457465652571	-0.0571920331005
k__Bacteria;p__Bacteroidetes;c__Bacteroidia;o__Bacteroidales;f__Prevotellaceae;g__Prevotella;s__Prevotella_copri	-0.0104302954428	0.0163718622896	-0.00808846130481	1.0	0.0185356042631	-0.0152074585011	0.0259095538155	-0.00788845210388	0.0160878415509	-0.061399244376	-0.0381302812265	-0.0184789793142	0.0180524365117	-0.0780597055669	0.0507310487996	-0.0459833275647	-0.0220544654602	0.0117449020991	-0.0954127346025	0.0706829666034	-0.0200122947799	0.00291653875738	-0.0189026676784	0.0072019467132	-0.0215320433579	-0.0273881536423	-0.0120855754021	-0.0210236669573	-0.0541078396709	-0.025654585862	0.0300583211716	-0.0448702009492	0.0102418386927	0.0194181374623	-0.0189547911602	0.0201639817646	-0.0360423281545	-0.0145358639117	-0.0381188614982	-0.0124032905098	0.0177810670018	-0.0471447337323	-0.0349833744999	-0.0428007797592	0.00709452968597	0.0342391866176	-0.00733682310553	0.00241358311916	-0.00533921553348	0.0242152647956	0.0737472472269	-0.0163675999362	-0.00889878489896	-0.0212889378773	-0.0341890765047	0.021829085732	0.00060976358902	0.00167669448186	-0.0458100841597
k__Bacteria;p__Bacteroidetes;c__Bacteroidia;o__Bacteroidales;f__Bacteroidaceae;g__Bacteroides;s__Bacteroides_stercoris	0.0389893809543	0.0350594941949	0.0446950623907	0.0185356042631	1.0	-0.0234953119644	-0.0115111042278	0.0148891682265	-0.0247099202568	0.00139878110652	-0.00040663250065	-0.0423886478756	0.027441524911	-0.0138485575761	-0.0265797236265	-0.052143128091	-0.00423831363717	-0.0151867944039	-0.022542418422	0.00507580181254	0.0463999399679	-0.046559291443	0.00909717195945	-0.0467552183775	-0.00404734624066	-0.0449984805581	0.0157390259577	0.021854423461	0.00797026911896	0.0073300424908	-0.0197152266883	-0.0453907437368	0.00957456059962	0.00537413155708	-0.0820033049619	-0.0146399248703	-0.00991773534559	0.00511836611709	0.0409683007891	0.0589354125685	-0.0225059709461	-0.00545673133499	-0.0248829979551	-0.0698955554924	-0.025004300257	-0.0387271921391	-0.019966837753	-0.00921129254204	-0.0152539072437	-0.00452840422296	-0.012034612376	-0.036498499657	0.0391019134947	-0.0171948705504	-0.0288818279141	0.006457856651	0.0452458660742	0.0145174470527	-0.0286065208976
k__Bacteria;p__Bacteroidetes;c__Bacteroidia;o__Bacteroidales;f__Bacteroidaceae;g__Bacteroides;s__Bacteroides_ovatus	-0.0423994851068	-0.0150678346974	0.0203117338126	-0.0152074585011	-0.0234953119644	1.0	-0.0165434646771	0.0640095762151	-0.0325734519387	0.0123117317488	0.00805856987253	-0.0732914266448	0.0308677997133	-0.00628329915347	-0.0406900097836	0.042627341772	-0.0423012251481	-0.0261555968736	0.00853752702893	0.0107444316922	-0.028209946887	-0.0105223964495	-0.0391065440189	0.00366967732199	-0.00406371672133	-0.0512161418053	-0.0841827544572	-0.0332006995657	-0.000999734873505	-0.0222842472863	0.0279251386572	-0.0195083367083	-0.0648011399718	-0.0202246683172	0.00431444244681	0.0324279301924	-0.0480395639677	-0.0670690488976	-0.0154630535804	0.0465160780896	0.000436180795293	0.0487974122859	-0.0224065816359	-0.0396995053495	-0.0211737268917	-0.0411847924207	-0.0228588335156	-0.00964078650986	0.0277256923719	0.0184117905712	-0.0334270357017	-0.0418997660725	0.0114281047493	-0.0662452173688	0.0103416168426	0.028449545777	0.0416781310192	-0.00575462027865	-0.0288397688827
k__Bacteria;p__Bacteroidetes;c__Bacteroidia;o__Bacteroidales;f__Rikenellaceae;g__Alistipes;s__Alistipes_shahii	0.0639489765851	0.0108022729695	-0.019646147994	0.0259095538155	-0.0115111042278	-0.0165434646771	1.0	0.00134504261919	-0.0552059061419	0.0637038702023	-0.00658834972338	-0.0473842517623	-0.0273013517704	-0.0254991505146	-0.0816880268879	0.0195083472222	0.00313741737171	-0.0555396150648	0.0223633182552	-0.0237216157872	0.0380933383737	-0.0449864462402	-0.0456610873819	0.0562321135849	-0.0253315217521	0.0502892102246	0.00939473383345	0.0183471893357	0.00638113442724	0.052806902392	-0.00837313465151	-0.0211448423356	0.0346251097976	-0.05548017707	-0.0136651676848	0.0408221397788	0.00759421606581	-0.00858357469944	-0.0194460922401	-0.00521976840574	0.0218487002787	-0.056998955763	0.0218629993891	0.0116702743046	0.00761152973173	-0.058894431732	0.0124373011617	0.0361823238189	0.0180260320396	-0.00707791389424	-0.0367440071102	-0.0109172608677	-0.00836187718764	0.0151960282556	-0.0386875841575	-0.0384250215493	0.0244388423839	-0.0236923555619	-0.0177385514386
k__Bacteria;p__Firmicutes;c__Clostridia;o__Clostridiales;f__Ruminococcaceae;g__Faecalibacterium;s__Faecalibacterium_prausnitzii	-0.0527892378841	-0.0513627727861	0.0136826849591	-0.00788845210388	0.0148891682265	0.0640095762151	0.00134504261919	1.0	0.051029781846	0.00655117297061	-0.0691254996442	0.0121009418373	0.0152031988371	-0.00973366074131	-0.0496186632654	0.00832964870979	0.0186456906828	0.0153710923226	-0.0307656497497	0.0335488214671	-0.0319565280871	0.0313156149432	-0.0134899411049	-0.00584968888407	-0.0355773470767	0.060019161552	0.0122813230734	-0.015218220754	-0.0295616094262	-0.0315030581427	-0.0552428257761	-0.050263021248	-0.0646459578527	0.017039537323	-0.0858555914975	-0.0174406807499	0.0110127126338	-0.0437573488478	-0.053014287927	0.0143760194798	-0.0219537606141	0.0126348702895	0.00523348320639	0.0440179395175	-0.00435393753316	-0.0248935315007	-0.00920700668282	-0.0706481593463	0.0030312572387	-0.0168513214916	-0.0205194886572	0.0202387177033	0.00889621711833	-0.0178016351006	0.00957054242125	0.00232624333147	0.0227537727627	-0.0215214388298	0.0100021728985
k__Bacteria;p__Bacteroidetes;c__Bacteroidia;o__Bacteroidales;f__Rikenellaceae;g__Alistipes;s__Alistipes_finegoldii	-0.0519923766695	-0.0429186584574	0.045325936593	0.0160878415509	-0.0247099202568	-0.0325734519387	-0.0552059061419	0.051029781846	1.0	-0.0364771316152	-0.0666331034985	-0.0399823672265	0.0362162479845	-0.0102800040543	0.0385043936431	0.00389356425896	0.00715735778938	0.0258768598249	-0.042472727877	-0.011768685907	0.0225524319903	0.0232622201134	0.00681229093923	-0.0234641479505	-0.0357242391311	0.00933509374034	-0.0448828600251	-0.0566270584225	-0.0265812027711	-0.00588922051876	-0.0254195202732	-0.0101108442942	0.00687761122332	-0.0372191427159	-0.0532341512232	-0.00994594000788	0.0180116411182	-0.019273039983	0.0324854526953	-0.0260970259965	-0.0212096979391	-0.0087456872777	-0.0169734535957	0.00543309716506	-0.0121168643414	-0.0227881000801	-0.000636227771093	0.0205430375144	0.0266697691553	-0.0833394315268	0.0354480285902	0.0261371515351	-0.0241215543273	0.023397124719	-0.0642838992821	-0.00591111787556	-0.0333420547028	-0.00185851640992	0.0237313302623
k__Bacteria;p__Bacteroidetes;c__Bacteroidia;o__Bacteroidales;f__Porphyromonadaceae;g__Parabacteroides;s__Parabacteroides_distasonis	-0.0311226695703	0.0523950404346	-0.00961223920798	-0.061399244376	0.00139878110652	0.0123117317488	0.0637038702023	0.00655117297061	-0.0364771316152	1.0	-0.0122760945736	-0.0139925171514	-0.00923461554916	-0.0332385610613	-0.0659766324394	-0.0462567514108	0.0518553645848	-0.0538874975915	-0.0500404278723	-0.0573451166688	-0.0526968869151	-0.00999474571811	0.0387508694263	-0.000279743379756	0.0515721586892	0.0305829655762	0.0148198648214	-0.00362215736762	-0.013453620567	0.00224844557608	-0.0133020326102	0.00802080399723	-0.0486773919794	0.0394642841158	-0.0221398246709	0.00659463177957	0.0115319884146	-0.0165960666226	-0.0291655276986	-0.033859668987	-0.0362634362996	-0.011392509944	1.06551893531e-05	0.0266475243758	-0.0230262107547	0.00301198652922	-0.00854835039521	0.0038162546109	-0.0512802456578	-0.0165235973931	0.0461504376902	-0.0179580229798	0.00854848380763	-0.0437611000287	-0.00782493037972	-0.0399838246019	0.00776877662259	0.0130929311305	-0.0351153460983
k__Bacteria;p__Bacteroidetes;c__Bacteroidia;o__Bacteroidales;f__Bacteroidaceae;g__Bacteroides;s__Bacteroides_thetaiotaomicron	0.0319176000451	0.0256705327709	0.00719091802511	-0.0381302812265	-0.00040663250065	0.00805856987253	-0.00658834972338	-0.0691254996442	-0.0666331034985	-0.0122760945736	1.0	-0.00548769032031	-0.0449354462162	-0.0190944754081	0.0413370306596	0.0202794245172	-0.076822917956	-0.0716314073815	-0.0353986929341	0.033980030966	0.0854429311154	0.00062177739141	0.0306409014603	0.044364164612	-0.0383725148314	0.000161923631078	-0.0808561013465	0.0248870022189	0.0299856840238	-0.0203067106019	-0.00473103482493	-0.0611360969793	-0.0233850566841	3.68601744082e-05	0.0461564879914	-0.0493028764563	-0.0182383429947	-0.0105756402399	-0.0121107115858	0.000248735023916	-0.0122664916738	0.018884040813	-0.00900115220393	-0.0104459820641	0.00297951619033	0.00405240334915	-0.00213059923274	-0.0314940287269	-0.0147783961608	-0.0195902369032	-0.00245440643747	-0.00366394803372	0.0463249388654	-0.0102775473645	0.00961188645328	-0.0243718468839	-0.0326531009715	0.0271670410865	-0.00642275383418
k__Bacteria;p__Bacteroidetes;c__Bacteroidia;o__Bacteroidales;f__Bacteroidaceae;g__Bacteroides;s__Bacteroides_coprocola	0.0556011624383	-0.0160340721994	0.00243129515333	-0.0184789793142	-0.0423886478756	-0.0732914266448	-0.0473842517623	0.0121009418373	-0.0399823672265	-0.0139925171514	-0.00548769032031	1.0	-0.050402598992	0.0163072266173	0.0828894247456	-0.000372738623754	0.0331664273869	0.0111190045707	-0.0152490155596	0.039050956639	0.0176926416421	-0.029250475632	0.0221762748039	-0.0503276362206	-0.0301479319434	-0.00917306132755	-0.0582704216613	0.0343773732234	0.0185670786077	-0.0739783459949	0.00118553854836	-0.0246356376474	0.0457471174096	-0.0476769989224	0.000172311944675	-0.0500899685859	-0.0318732684688	0.0457134958029	0.00982278675989	-0.0351563610065	-0.0246465237022	-0.011051825497	-3.91239368758e-05	-0.0274192488065	-0.0244906804159	-0.0615582355345	-0.0663191254391	-0.00362799272882	0.0198711248737	-0.0448975111887	0.0380899379276	-0.0207101835338	0.0183153884151	0.00726481238384	0.0182691989712	0.00759255787475	0.0480868306525	0.00715346429341	-0.00032576460133
k__Bacteria;p__Bacteroidetes;c__Bacteroidia;o__Bacteroidales;f__Bacteroidaceae;g__Bacteroides;s__Bacteroides_cellulosilyticus	-0.0327826062919	-0.0324205790958	-0.00947099101408	0.0180524365117	0.027441524911	0.0308677997133	-0.0273013517704	0.0152031988371	0.0362162479845	-0.00923461554916	-0.0449354462162	-0.050402598992	1.0	0.00572362512595	-0.016625905171	-0.0717982417893	-0.00667037868133	-0.0237984020031	-0.0481890250207	0.00476780297917	0.0141826363585	-0.0409916295526	-0.0107092175141	0.0516328137321	0.0507233686213	-0.0384197047514	-0.0294043122811	0.00409508768374	-0.0348224576915	-0.0578315769982	-0.0223892361757	-0.0480603892432	-0.00656579153483	0.00888281368345	-0.0622264696602	-0.0210774604508	-0.0212945923959	0.0757769893876	-0.0503799659985	-0.0249510231254	0.000277596447523	-0.0236003010729	0.0201916035843	-0.03228903415	0.0154215300558	-0.0174398055238	0.0401380053628	0.0072125779702	-0.062362568138	-0.0150316339995	-0.0628597840901	0.0329968460518	0.000700262946875	-0.00299754994825	0.0410535275056	-0.0285686627021	-0.0157711780724	2.95519121518e-05	0.0222899189708
k__Bacteria;p__Bacteroidetes;c__Bacteroidia;o__Bacteroidales;f__Rikenellaceae;g__Alistipes;s__Alistipes_obesi	0.0191399630001	-0.0275368723865	-0.00235129256419	-0.0780597055669	-0.0138485575761	-0.00628329915347	-0.0254991505146	-0.00973366074131	-0.0102800040543	-0.0332385610613	-0.0190944754081	0.0163072266173	0.00572362512595	1.0	-0.0252989986177	0.0569206310979	-0.0139911468539	0.0307670845763	-0.053670631211	-0.0366902869197	0.0617352285858	-0.0157783890968	0.0248051092402	0.0431104691916	-0.0442657405496	0.0220104875831	-0.0159253627104	0.0143308619791	0.0108156928383	0.0758607360751	-0.0160855664822	0.0221345484872	-0.0491669825807	-0.0269022638644	0.0334557601704	0.0415498262976	-0.0244726702371	-0.0446558253744	0.0234857977637	-0.0219233201215	-0.0128458923073	-0.0180205526389	-0.0261625430304	-0.0213375620823	0.0164099287321	0.0495258171962	0.00479111196134	-0.0423754202363	0.00176272310531	-0.0195000390888	-0.01977959572	-0.00897247908477	-0.00984125524796	0.014469100445	-0.00950405942523	-0.0725157070172	0.0177718795975	0.0118959901183	0.0354154939898
k__Bacteria;p__Firmicutes;c__Clostridia;o__Clostridiales;f__Lachnospiraceae;g__;s__[Eubacterium]_rectale	-0.0679429035636	0.0557048948424	0.0400619641673	0.0507310487996	-0.0265797236265	-0.0406900097836	-0.0816880268879	-0.0496186632654	0.0385043936431	-0.0659766324394	0.0413370306596	0.0828894247456	-0.016625905171	-0.0252989986177	1.0	-0.00248344276739	-0.00895679289953	0.061968299957	-0.00701603785842	-0.0712277388897	-0.0641165376875	-0.00583155565571	-0.0201662870408	-0.0518823758997	-0.0567571123601	-0.0630480422863	-0.0309770302136	-0.0435055084311	0.0237759582871	-0.00864354187841	-0.0411897167959	0.0289032895731	-0.0248365282973	-0.0811011527778	-0.024241621076	0.0268524161953	-0.0168710907069	-0.00937362799753	-0.021625228951	-0.0386416833581	-0.0336333988293	-0.00713505937823	-0.0733597217507	0.0223686843031	0.00626464993336	0.0690085694504	0.0071932840171	0.0378951883001	0.030171655154	-0.00580906228569	-0.0105051368485	0.0198403732788	-0.0191772590754	0.0103663604856	-0.0215561918918	0.0597086309966	-0.0234012406791	0.0291131850907	-0.0366919123773
k__Bacteria;p__Bacteroidetes;c__Bacteroidia;o__Bacteroidales;f__Bacteroidaceae;g__Bacteroides;s__Bacteroides_plebeius	-0.00929794814571	0.0156586129014	-0.0237500888701	-0.0459833275647	-0.052143128091	0.042627341772	0.0195083472222	0.00832964870979	0.00389356425896	-0.0462567514108	0.0202794245172	-0.000372738623754	-0.0717982417893	0.0569206310979	-0.00248344276739	1.0	0.00923582849537	-0.0617267924174	0.0214187121968	-0.0361365246709	-0.019033994806	0.0312830786651	-0.0357062849484	-0.0555542454831	-0.055300909808	0.0172593417971	0.0796254448965	0.00911093209412	0.00558032791335	0.0347683735979	0.0111122491137	-0.00398479706089	0.00462650584186	-0.0143736570558	-0.0313917877046	-0.0210484753177	-0.0284353230728	-0.00903959898362	-0.0595455387299	0.0525177698932	-0.0672725377438	-0.0411845025005	0.0262063527108	-0.0148704031762	0.0251061378753	0.0182308606677	0.0193726448417	0.0441254753452	0.00947523239958	0.0785282497377	-0.0294284884926	0.00557504684661	0.00236865971097	-0.0320520332312	0.0253267343858	-0.00817814329824	-0.0369798872464	-0.074121677906	-0.0262423814415
k__Bacteria;p__Bacteroidetes;c__Bacteroidia;o__Bacteroidales;f__Bacteroidaceae;g__Bacteroides;s__Bacteroides_fragilis	-0.030498141593	-0.0554350802002	-0.0273848530568	-0.0220544654602	-0.00423831363717	-0.0423012251481	0.00313741737171	0.0186456906828	0.00715735778938	0.0518553645848	-0.076822917956	0.0331664273869	-0.00667037868133	-0.0139911468539	-0.00895679289953	0.00923582849537	1.0	0.0228775585046	-0.050823032495	-0.0368025241858	0.024855777462	0.0100647540059	-0.014149364538	-0.0950335137576	-0.0170550136081	0.0130342156003	0.0248436125517	-0.00355197885364	-0.0023599813342	-0.0398305123253	0.00985345224135	-0.0613797429972	0.00344812166343	-0.0136679516375	-0.0212875880102	0.0111029171332	-0.00162560995007	0.0517980796284	-0.00444681633341	-0.0293675990101	-0.042898415798	0.0462238719336	-0.0142353446672	0.0155090724141	0.00837070993618	-0.00998677082191	0.0105531980702	0.0258140843055	0.0518646070066	-0.0686444676053	0.00371742854844	-0.0189531086185	-0.0151749703218	0.0114771486616	0.00843423386634	-0.0310429623133	-0.0088667697103	-0.0114781506911	-0.00311049562359
k__Bacteria;p__Proteobacteria;c__Betaproteobacteria;o__Burkholderiales;f__Sutterellaceae;g__Sutterella;s__Sutterella_wadsworthensis	-0.0301790294959	-0.0498013665979	-0.0144306502399	0.0117449020991	-0.0151867944039	-0.0261555968736	-0.0555396150648	0.0153710923226	0.0258768598249	-0.0538874975915	-0.0716314073815	0.0111190045707	-0.0237984020031	0.0307670845763	0.061968299957	-0.0617267924174	0.0228775585046	1.0	-0.0486263430774	-0.0535151141977	-0.00750428036682	-0.0235758418846	0.0146565263359	-0.0179268612337	0.00646046325782	-0.0333236134345	-0.00112535617902	-0.0212720916203	-0.00697347174464	-0.0147867835518	-0.0236617904708	0.030581014383	-0.0177917459253	-0.0719502887247	0.0467160613795	-0.00588009396353	0.000319088745097	-0.0184636741351	0.000678711216277	0.0157690869242	-0.024989374621	-0.00253996467967	0.0213367699623	-0.000570702931681	-0.0558883209402	-0.0178281275577	0.0211881056721	-0.0365363060263	0.0258961633243	0.0381758041945	-0.0574263747847	-0.0100207504944	0.0140877722245	-0.0676030241031	0.0384402384334	-0.026109190059	-0.0235620551453	-0.0036610300701	-0.0315307594941
k__Bacteria;p__Bacteroidetes;c__Bacteroidia;o__Bacteroidales;f__Porphyromonadaceae;g__Barnesiella;s__Barnesiella_intestinihominis	0.0141040146262	-0.0295401353786	0.00954207683008	-0.0954127346025	-0.022542418422	0.00853752702893	0.0223633182552	-0.0307656497497	-0.042472727877	-0.0500404278723	-0.0353986929341	-0.0152490155596	-0.0481890250207	-0.053670631211	-0.00701603785842	0.0214187121968	-0.050823032495	-0.0486263430774	1.0	0.0359246881926	-0.0154811781725	0.0192714290152	-0.0145867306469	-0.0119650581377	0.0796148434116	-0.0222149336369	-0.0492897730452	-0.0171138630009	0.045677995036	-0.028304185279	-0.0635604696946	0.0705619268549	-0.00314010834433	0.0029331577314	-0.0152818850787	0.0127169884654	-0.0113041606449	0.00587920588737	-0.0267647730001	0.0333393105892	-0.0325657454644	-0.0124987771112	0.0187624357016	-0.0285815880498	-0.00725664949522	-0.0506957876963	-0.047644275954	-0.0304160729214	-0.00933891966892	0.0117434707207	0.0249260397437	-0.012247378079	-0.0381439787011	-0.0447233897512	0.0587536421209	-0.00324537015631	-0.00461295405061	0.024940553172	0.0270526221477
k__Bacteria;p__Bacteroidetes;c__Bacteroidia;o__Bacteroidales;f__Odoribacteraceae;g__Odoribacter;s__Odoribacter_splanchnicus	-0.0104941690663	0.00525980228149	-0.0411966508538	0.0706829666034	0.00507580181254	0.0107444316922	-0.0237216157872	0.0335488214671	-0.011768685907	-0.0573451166688	0.033980030966	0.039050956639	0.00476780297917	-0.0366902869197	-0.0712277388897	-0.0361365246709	-0.0368025241858	-0.0535151141977	0.0359246881926	1.0	-0.0158416692525	-0.0350841835831	-0.0302538884438	0.0249020768963	-0.0140326432494	-0.0155010549935	-0.032771870878	-0.00823850133984	-0.00820787521038	0.00556151684114	0.00849264377176	-0.024178030779	-0.0266394519669	-0.0356564954177	-0.00508202699911	0.0530155590141	0.00935349615693	0.00689032367368	-0.0564011669663	0.0624474196344	0.0113714597547	-0.0487431816225	-0.0395531263357	0.029950505729	-0.0712443879842	-0.0433068207934	0.00945562425338	-0.0395985973804	-0.0219098030695	0.00722397206567	0.0147833579103	-0.00761395395592	-0.0628709369873	0.00432155377435	-0.00202829973196	-0.0293964867886	-0.00856935510864	0.0468082350181	0.0416022423805
k__Bacteria;p__Bacteroidetes;c__Bacteroidia;o__Bacteroidales;f__Bacteroidaceae;g__Bacteroides;s__Bacteroides_salyersiae	-0.012040231239	-0.00913774031072	-0.0521526081427	-0.0200122947799	0.0463999399679	-0.028209946887	0.0380933383737	-0.0319565280871	0.0225524319903	-0.0526968869151	0.0854429311154	0.0176926416421	0.0141826363585	0.0617352285858	-0.0641165376875	-0.019033994806	0.024855777462	-0.00750428036682	-0.0154811781725	-0.0158416692525	1.0	-0.0834202083427	-0.014917752646	0.0204113654026	-0.00738946545748	-0.0118926289407	0.008142303553	0.00251115908929	-0.00461862717459	0.0523865204202	0.0326821624405	-0.00744691650027	-0.00825845354685	-0.0223588030521	0.0834183088447	0.0101782784793	-0.0396920046265	0.0507784871684	0.00628098293738	-0.0285708834298	-0.0091695813373	-0.0419513105057	-0.00247931724431	-0.0470194694929	-0.00717385278457	0.00130557960467	-0.00559279444376	0.0140859263403	0.0140825862967	-0.0370755513578	-0.000192368441186	0.0215855329574	-0.00988134664221	-0.0163503278868	-0.0638006385958	-0.0538061840312	0.0348590953581	-0.0199087403691	0.00381719801087
k__Bacteria;p__Firmicutes;c__Clostridia;o__Clostridiales;f__Ruminococcaceae;g__Ruminiclostridium;s__[Eubacterium]_siraeum	-0.042836201051	0.00131185740663	-0.0051671574204	0.00291653875738	-0.046559291443	-0.0105223964495	-0.0449864462402	0.0313156149432	0.0232622201134	-0.00999474571811	0.00062177739141	-0.029250475632	-0.0409916295526	-0.0157783890968	-0.00583155565571	0.0312830786651	0.0100647540059	-0.0235758418846	0.0192714290152	-0.0350841835831	-0.0834202083427	1.0	-0.0460357198368	-0.0295897734384	-0.0153145863821	-0.036930522842	-0.0156645239	-0.0281342819564	0.0180811243944	0.0134929036778	0.0178764574568	0.00797846926378	0.0760723901577	-0.0270786555141	-0.00142061040874	0.0264231427091	-0.0348963625374	-0.0117158853676	-0.0120892871818	0.0133422326228	0.0087841466589	0.0296501463102	-0.0229466365209	0.00704423316911	-0.00725617715733	0.00989557883725	-0.0369799811777	0.0121788101903	0.0163309514766	0.0281949371666	0.00718214334958	-0.0465594142566	-0.0700137803478	0.0110071621044	0.0219520869192	-0.0150254418281	0.0146064455882	-0.00942294631883	-0.0749398459899
k__Bacteria;p__Proteobacteria;c__Betaproteobacteria;o__Burkholderiales;f__Sutterellaceae;g__Parasutterella;s__Parasutterella_excrementihominis	-0.0245326312543	-0.0273403140674	-0.00311098769771	-0.0189026676784	0.00909717195945	-0.0391065440189	-0.0456610873819	-0.0134899411049	0.00681229093923	0.0387508694263	0.0306409014603	0.0221762748039	-0.0107092175141	0.0248051092402	-0.0201662870408	-0.0357062849484	-0.014149364538	0.0146565263359	-0.0145867306469	-0.0302538884438	-0.014917752646	-0.0460357198368	1.0	0.0119292460606	0.0443371722284	-0.0444731772005	0.015119622768	0.0156710830801	0.00655554201112	-0.0626001374534	-0.0137687360826	0.0023353418363	0.0517007667967	-0.0389801645128	0.0276201491937	-0.0146959511095	0.00144470380258	-0.0235917835429	-0.0609317089298	0.0388341405307	0.0240977757942	0.00633787332388	0.0358062952799	-0.0295646148786	-0.0586265150484	-0.0043475123523	-0.0288146758117	0.000128145438543	0.0127420596868	-0.0293631772944	-0.051983966499	-0.0199526580529	0.00448341220583	-0.0844668595897	3.46451656421e-05	-0.0492866576042	-0.0084436473643	0.0147447140302	-0.00459707265238
k__Bacteria;p__Actinobacteria;c__Actinobacteria;o__Bifidobacteriales;f__Bifidobacteriaceae;g__Bifidobacterium;s__Bifidobacterium_adolescentis	-0.0741413792322	0.0201622540559	-0.0148638906334	0.0072019467132	-0.0467552183775	0.00366967732199	0.0562321135849	-0.00584968888407	-0.0234641479505	-0.000279743379756	0.044364164612	-0.0503276362206	0.0516328137321	0.0431104691916	-0.0518823758997	-0.0555542454831	-0.0950335137576	-0.0179268612337	-0.0119650581377	0.0249020768963	0.0204113654026	-0.0295897734384	0.0119292460606	1.0	-0.00471620137944	-0.0110789400605	-0.0121635240721	-0.0194296613621	-0.0280495611213	0.0282871131755	0.0248122324423	-0.0250032962041	-0.0341967892188	-0.0570372455409	-0.0271216782607	0.0350691020095	0.0207446149883	-0.0442804047009	-0.0657858668117	0.0167621645707	0.000899121013303	-0.00781649925006	0.00149269100694	0.00536346194805	0.0198882871545	0.0721025095107	0.0455892527256	-0.0253636216277	-0.0718482390841	-0.0163388512063	-0.00354372748352	-0.0090113308212	0.017688968808	0.0260341291842	-0.0487069685114	-0.000405131494301	0.00783421917463	-0.0745419950014	0.0561482287985
k__Bacteria;p__Firmicutes;c__Clostridia;o__Clostridiales;f__Oscillospiraceae;g__Oscillibacter;s__Oscillibacter_sp._KLE_1745	0.028278885414	-0.0646151979622	0.0161134431581	-0.0215320433579	-0.00404734624066	-0.00406371672133	-0.0253315217521	-0.0355773470767	-0.0357242391311	0.0515721586892	-0.0383725148314	-0.0301479319434	0.0507233686213	-0.0442657405496	-0.0567571123601	-0.055300909808	-0.0170550136081	0.00646046325782	0.0796148434116	-0.0140326432494	-0.00738946545748	-0.0153145863821	0.0443371722284	-0.00471620137944	1.0	0.00796466101557	0.0532709703166	0.0429886828653	0.0496610830621	-0.084540523466	0.0212592871781	-0.00359221330542	-0.0267365180404	-0.0123531827838	0.0376006133572	-0.00999466632146	-0.0153738488958	0.00132563089977	0.0121893652352	0.0043751318214	0.00334006310572	-0.00710839141631	0.0631454878298	-0.00409555411819	-0.0469661251185	-0.0166847182102	-0.0035304132482	0.0213963579976	-0.0253207491297	-0.0099039704954	-0.0448937230222	-0.0142041099859	-0.0299176535465	-0.0360536786168	-0.0415178023839	-0.0386449190157	0.0117801663319	-0.0253931886707	-0.0312639540849
k__Bacteria;p__Bacteroidetes;c__Bacteroidia;o__Bacteroidales;f__Bacteroidaceae;g__Bacteroides;s__Bacteroides_coprophilus	0.000288953329327	-0.018616552612	-0.0167216550301	-0.0273881536423	-0.0449984805581	-0.0512161418053	0.0502892102246	0.060019161552	0.00933509374034	0.0305829655762	0.000161923631077	-0.00917306132755	-0.0384197047514	0.0220104875831	-0.0630480422863	0.0172593417971	0.0130342156003	-0.0333236134345	-0.0222149336369	-0.0155010549935	-0.0118926289407	-0.036930522842	-0.0444731772005	-0.0110789400605	0.00796466101557	1.0	-0.0172837321514	-0.0161015606614	0.00523845537175	-0.0255710073004	0.0354065088588	-0.027616250781	-0.006556678225	0.0307442506692	-0.0367807741907	0.0215403715847	-0.021932953617	-0.0405514764467	-0.00937833178268	-0.0155409509101	-0.0366938885036	-0.0318306766764	-0.00142270168952	0.0065641568317	-0.00358126644762	-0.0441346074347	0.0106911639056	0.0156342533051	-0.0167620139124	-0.0342148522481	-0.0188717313086	-0.00322955506217	-0.0373040280118	0.0109573638814	0.00634543993641	-0.0807877836593	0.0046314457712	-0.01603157009	0.00287881809744
k__Bacteria;p__Firmicutes;c__Clostridia;o__Clostridiales;f__Lachnospiraceae;g__Roseburia;s__Roseburia_intestinalis	0.00169754853749	-0.00953180217583	-0.0184316581991	-0.0120855754021	0.0157390259577	-0.0841827544572	0.00939473383345	0.0122813230734	-0.0448828600251	0.0148198648214	-0.0808561013465	-0.0582704216613	-0.0294043122811	-0.0159253627104	-0.0309770302136	0.0796254448965	0.0248436125517	-0.00112535617902	-0.0492897730452	-0.032771870878	0.008142303553	-0.0156645239	0.015119622768	-0.0121635240721	0.0532709703166	-0.0172837321514	1.0	-0.0583337787293	-0.00915137944612	0.0501355309409	-0.0545374764638	-0.092963486195	0.00222446575768	0.0145495355937	-0.045156931265	0.00294168629046	0.0371544687709	0.0181581686677	0.00161231555223	0.0141220736454	0.014427070015	0.00218920497725	-0.0138575980743	0.0766584870991	-0.0332503132533	0.00599758851147	-0.0628430398461	-0.0377886717174	0.0318242637498	0.0284310197828	0.0699030061313	-0.036882904086	0.0452016328917	-0.00745329358372	-0.00836426416251	-0.0291257402916	-0.000545123128659	-0.0285308897193	0.0322046978455
k__Bacteria;p__Firmicutes;c__Clostridia;o__Clostridiales;f__Lachnospiraceae;g__Roseburia;s__Roseburia_hominis	0.0281648096953	-0.0106278841521	0.0261498137853	-0.0210236669573	0.021854423461	-0.0332006995657	0.0183471893357	-0.015218220754	-0.0566270584225	-0.00362215736762	0.0248870022189	0.0343773732234	0.00409508768374	0.0143308619791	-0.0435055084311	0.00911093209412	-0.00355197885364	-0.0212720916203	-0.0171138630009	-0.00823850133984	0.00251115908929	-0.0281342819564	0.0156710830801	-0.0194296613621	0.0429886828653	-0.0161015606614	-0.0583337787293	1.0	-0.0290890830857	-0.0514731871817	0.0536747908243	0.0167914390258	0.0473348369964	-0.0248923245374	-0.00786279139048	-0.0758384750167	0.0256265893863	-0.0817896001513	0.0169242823515	-0.0619695406759	0.0510669488505	-0.0103758229397	0.0103184220853	-0.0395150805215	0.0148517265398	-0.0177645977957	-0.00561970838185	0.0271992664511	0.0413755875366	0.0157257377356	-0.0353110805367	0.0494257610997	-0.0094788473834	-0.0494387047608	-0.0594252050109	-0.0274143032307	-0.00813187084296	0.0179619804313	-0.0267131771037
k__Bacteria;p__Bacteroidetes;c__Bacteroidia;o__Bacteroidales;f__Porphyromonadaceae;g__Parabacteroides;s__Parabacteroides_johnsonii	0.00888382135352	0.0137977036651	0.0455618164356	-0.0541078396709	0.00797026911896	-0.000999734873505	0.00638113442724	-0.0295616094262	-0.0265812027711	-0.013453620567	0.0299856840238	0.0185670786077	-0.0348224576915	0.0108156928383	0.0237759582871	0.00558032791335	-0.0023599813342	-0.00697347174464	0.045677995036	-0.00820787521038	-0.00461862717459	0.0180811243944	0.00655554201112	-0.0280495611213	0.0496610830621	0.00523845537175	-0.00915137944612	-0.0290890830857	1.0	-0.00910596154096	-0.0281027137031	-0.0364125915605	-0.0277512006723	-0.0382955150172	-0.00477481202962	-0.0537572978385	0.0346835713626	0.0305676893826	0.0129401602666	-0.0795078576668	-0.0252044124685	0.010531418833	-0.0462699737107	0.00708883367427	0.00122225713847	-0.00536261275261	-0.00470306038621	-0.0431974515568	-0.0115934541031	-0.0234826732218	0.0056431988664	-0.00523356704838	0.0176510452042	-0.0500903393705	-0.00958272806971	-0.00982112614569	0.0123701653593	-0.0342049606341	-0.0402294711176
k__Bacteria;p__Actinobacteria;c__Actinobacteria;o__Bifidobacteriales;f__Bifidobacteriaceae;g__Bifidobacterium;s__Bifidobacterium_longum	-0.0332137611394	-0.0369768247032	-0.00297589870301	-0.025654585862	0.0073300424908	-0.0222842472863	0.052806902392	-0.0315030581427	-0.00588922051876	0.00224844557608	-0.0203067106019	-0.0739783459949	-0.0578315769982	0.0758607360751	-0.00864354187841	0.0347683735979	-0.0398305123253	-0.0147867835518	-0.028304185279	0.00556151684114	0.0523865204202	0.0134929036778	-0.0626001374534	0.0282871131755	-0.084540523466	-0.0255710073004	0.0501355309409	-0.0514731871817	-0.00910596154096	1.0	0.0356679005383	-0.000142481125365	-0.00147009081622	-0.0304691286409	-0.0227713297534	-0.024928257165	0.0335018685593	-0.00414350571663	-0.0470475491548	-0.0152312043847	-0.0159805973074	-0.0478661205447	-0.033784918007	0.0610802510585	-0.0124816779242	-0.0547605342906	-0.0258955928208	0.000652890628993	-0.0361269855949	0.0325130872522	-0.0393264255919	-0.0181179714833	0.037686318183	0.0305299822499	0.0616178534029	-0.0834421861647	0.0440332561763	-0.0136817779104	-0.0298332577542
