#taxonomy	k__Bacteria;p__Bacteroidetes;c__Bacteroidia;o__Bacteroidales;f__Bacteroidaceae;g__Bacteroides;s__Bacteroides_vulgatus	k__Bacteria;p__Bacteroidetes;c__Bacteroidia;o__Bacteroidales;f__Bacteroidaceae;g__Bacteroides;s__Bacteroides_uniformis	k__Bacteria;p__Bacteroidetes;c__Bacteroidia;o__Bacteroidales;f__Rikenellaceae;g__Alistipes;s__Alistipes_putredinis	k__Bacteria;p__Bacteroidetes;c__Bacteroidia;o__Bacteroidales;f__Prevotellaceae;g__Prevotella;s__Prevotella_copri	k__Bacteria;p__Bacteroidetes;c__Bacteroidia;o__Bacteroidales;f__Bacteroidaceae;g__Bacteroides;s__Bacteroides_stercoris	k__Bacteria;p__Bacteroidetes;c__Bacteroidia;o__Bacteroidales;f__Bacteroidaceae;g__Bacteroides;s__Bacteroides_ovatus	k__Bacteria;p__Bacteroidetes;c__Bacteroidia;o__Bacteroidales;f__Rikenellaceae;g__Alistipes;s__Alistipes_shahii	k__Bacteria;p__Firmicutes;c__Clostridia;o__Clostridiales;f__Ruminococcaceae;g__Faecalibacterium;s__Faecalibacterium_prausnitzii	k__Bacteria;p__Bacteroidetes;c__Bacteroidia;o__Bacteroidales;f__Rikenellaceae;g__Alistipes;s__Alistipes_finegoldii	k__Bacteria;p__Bacteroidetes;c__Bacteroidia;o__Bacteroidales;f__Porphyromonadaceae;g__Parabacteroides;s__Parabacteroides_distasonis	k__Bacteria;p__Bacteroidetes;c__Bacteroidia;o__Bacteroidales;f__Bacteroidaceae;g__Bacteroides;s__Bacteroides_thetaiotaomicron	k__Bacteria;p__Bacteroidetes;c__Bacteroidia;o__Bacteroidales;f__Bacteroidaceae;g__Bacteroides;s__Bacteroides_coprocola	k__Bacteria;p__Bacteroidetes;c__Bacteroidia;o__Bacteroidales;f__Bacteroidaceae;g__Bacteroides;s__Bacteroides_cellulosilyticus	k__Bacteria;p__Bacteroidetes;c__Bacteroidia;o__Bacteroidales;f__Rikenellaceae;g__Alistipes;s__Alistipes_obesi	k__Bacteria;p__Firmicutes;c__Clostridia;o__Clostridiales;f__Lachnospiraceae;g__;s__[Eubacterium]_rectale	k__Bacteria;p__Bacteroidetes;c__Bacteroidia;o__Bacteroidales;f__Bacteroidaceae;g__Bacteroides;s__Bacteroides_plebeius	k__Bacteria;p__Bacteroidetes;c__Bacteroidia;o__Bacteroidales;f__Bacteroidaceae;g__Bacteroides;s__Bacteroides_fragilis	k__Bacteria;p__Proteobacteria;c__Betaproteobacteria;o__Burkholderiales;f__Sutterellaceae;g__Sutterella;s__Sutterella_wadsworthensis	k__Bacteria;p__Bacteroidetes;c__Bacteroidia;o__Bacteroidales;f__Porphyromonadaceae;g__Barnesiella;s__Barnesiella_intestinihominis	k__Bacteria;p__Bacteroidetes;c__Bacteroidia;o__Bacteroidales;f__Odoribacteraceae;g__Odoribacter;s__Odoribacter_splanchnicus	k__Bacteria;p__Bacteroidetes;c__Bacteroidia;o__Bacteroidales;f__Bacteroidaceae;g__Bacteroides;s__Bacteroides_salyersiae	k__Bacteria;p__Firmicutes;c__Clostridia;o__Clostridiales;f__Ruminococcaceae;g__Ruminiclostridium;s__[Eubacterium]_siraeum	k__Bacteria;p__Proteobacteria;c__Betaproteobacteria;o__Burkholderiales;f__Sutterellaceae;g__Parasutterella;s__Parasutterella_excrementihominis	k__Bacteria;p__Actinobacteria;c__Actinobacteria;o__Bifidobacteriales;f__Bifidobacteriaceae;g__Bifidobacterium;s__Bifidobacterium_adolescentis	k__Bacteria;p__Firmicutes;c__Clostridia;o__Clostridiales;f__Oscillospiraceae;g__Oscillibacter;s__Oscillibacter_sp._KLE_1745	k__Bacteria;p__Bacteroidetes;c__Bacteroidia;o__Bacteroidales;f__Bacteroidaceae;g__Bacteroides;s__Bacteroides_coprophilus	k__Bacteria;p__Firmicutes;c__Clostridia;o__Clostridiales;f__Lachnospiraceae;g__Roseburia;s__Roseburia_intestinalis	k__Bacteria;p__Firmicutes;c__Clostridia;o__Clostridiales;f__Lachnospiraceae;g__Roseburia;s__Roseburia_hominis	k__Bacteria;p__Bacteroidetes;c__Bacteroidia;o__Bacteroidales;f__Porphyromonadaceae;g__Parabacteroides;s__Parabacteroides_johnsonii	k__Bacteria;p__Actinobacteria;c__Actinobacteria;o__Bifidobacteriales;f__Bifidobacteriaceae;g__Bifidobacterium;s__Bifidobacterium_longum	k__Bacteria;p__Firmicutes;c__Clostridia;o__Clostridiales;f__;g__Flavonifractor;s__Flavonifractor_plautii	k__Bacteria;p__Firmicutes;c__Clostridia;o__Clostridiales;f__Clostridiaceae;g__Clostridium;s__Clostridium_phoceensis	k__Bacteria;p__Verrucomicrobia;c__Verrucomicrobiae;o__Verrucomicrobiales;f__Akkermansiaceae;g__Akkermansia;s__Akkermansia_muciniphila	k__Bacteria;p__Bacteroidetes;c__Bacteroidia;o__Bacteroidales;f__Prevotellaceae;g__Paraprevotella;s__Paraprevotella_xylaniphila	k__Bacteria;p__Firmicutes;c__Clostridia;o__Clostridiales;f__Ruminococcaceae;g__Ruminococcus;s__Ruminococcus_callidus	k__Bacteria;p__Bacteroidetes;c__Bacteroidia;o__Bacteroidales;f__Rikenellaceae;g__Alistipes;s__Alistipes_senegalensis	k__Bacteria;p__Firmicutes;c__Clostridia;o__Clostridiales;f__Lachnospiraceae;g__Blautia;s__Blautia_sp._KLE_1732	k__Bacteria;p__Bacteroidetes;c__Bacteroidia;o__Bacteroidales;f__Bacteroidaceae;g__Bacteroides;s__Bacteroides_oleiciplenus	k__Bacteria;p__Firmicutes;c__Clostridia;o__Clostridiales;f__Ruminococcaceae;g__Ruminococcus;s__Ruminococcus_bicirculans	k__Bacteria;p__Bacteroidetes;c__Bacteroidia;o__Bacteroidales;f__Bacteroidaceae;g__Bacteroides;s__Bacteroides_fluxus	k__Bacteria;p__Bacteroidetes;c__Bacteroidia;o__Bacteroidales;f__Prevotellaceae;g__Prevotella;s__Prevotella_stercorea	k__Bacteria;p__Firmicutes;c__Clostridia;o__Clostridiales;f__Lachnospiraceae;g__Dorea;s__Dorea_longicatena	k__Bacteria;p__Firmicutes;c__Clostridia;o__Clostridiales;f__Eubacteriaceae;g__Eubacterium;s__[Eubacterium]_eligens	k__Bacteria;p__Firmicutes;c__Clostridia;o__Clostridiales;f__Ruminococcaceae;g__;s__Ruminococcaceae_bacterium_D16	k__Bacteria;p__Firmicutes;c__Clostridia;o__Clostridiales;f__Lachnospiraceae;g__Coprococcus;s__Coprococcus_comes	k__Bacteria;p__Proteobacteria;c__Gammaproteobacteria;o__Enterobacterales;f__Enterobacteriaceae;g__Escherichia;s__Escherichia_coli	k__Bacteria;p__Firmicutes;c__Clostridia;o__Clostridiales;f__Ruminococcaceae;g__Anaerotruncus;s__Anaerotruncus_colihominis	k__Bacteria;p__Firmicutes;c__Clostridia;o__Clostridiales;f__Lachnospiraceae;g__Blautia;s__Blautia_obeum	k__Bacteria;p__Bacteroidetes;c__Bacteroidia;o__Bacteroidales;f__Odoribacteraceae;g__Odoribacter;s__Odoribacter_laneus	k__Bacteria;p__Firmicutes;c__Clostridia;o__Clostridiales;f__Ruminococcaceae;g__Ruminiclostridium;s__[Clostridium]_leptum	k__Bacteria;p__Bacteroidetes;c__Bacteroidia;o__Bacteroidales;f__Porphyromonadaceae;g__Parabacteroides;s__Parabacteroides_goldsteinii	k__Bacteria;p__Firmicutes;c__Clostridia;o__Clostridiales;f__Lachnospiraceae;g__Anaerostipes;s__Anaerostipes_hadrus	k__Bacteria;p__Firmicutes;c__Clostridia;o__Clostridiales;f__Ruminococcaceae;g__Ruminococcus;s__Ruminococcus_lactaris	k__Bacteria;p__Firmicutes;c__Clostridia;o__Clostridiales;f__Clostridiaceae;g__Clostridium;s__Clostridium_sp._L2-50	k__Bacteria;p__Firmicutes;c__Clostridia;o__Clostridiales;f__Clostridiaceae;g__Clostridium;s__Clostridium_sp._M62/1	k__Bacteria;p__Firmicutes;c__Clostridia;o__Clostridiales;f__;g__Intestinimonas;s__Intestinimonas_butyriciproducens	k__Bacteria;p__Actinobacteria;c__Actinobacteria;o__Bifidobacteriales;f__Bifidobacteriaceae;g__Bifidobacterium;s__Bifidobacterium_bifidum	k__Bacteria;p__Firmicutes;c__Negativicutes;o__Veillonellales;f__Veillonellaceae;g__Dialister;s__Dialister_invisus	k__Bacteria;p__Bacteroidetes;c__Bacteroidia;o__Bacteroidales;f__Bacteroidaceae;g__Bacteroides;s__Bacteroides_salanitronis
k__Bacteria;p__Bacteroidetes;c__Bacteroidia;o__Bacteroidales;f__Bacteroidaceae;g__Bacteroides;s__Bacteroides_vulgatus	1.0	-0.0122820148146	-0.0405262473145	0.0239706708146	-0.017555005215	0.0174181780411	0.0852045356162	-0.0235679798924	-0.00060210737349	0.0346901471219	0.0123783240583	0.0183213276042	-0.0432434887909	-0.0068681134985	0.021011289145	-0.0842187694667	-0.049930331084	0.0227178425762	-0.0132438173435	-0.0418101864989	0.0107456140231	-0.00745502039655	-0.00828305871613	0.00323865240428	-0.0632808237596	-0.00311704393443	-0.0104556279763	0.0169618500723	0.0154862941483	0.0268071734861	-0.0276656783083	0.00392372401137	0.0343839734958	0.0491414218941	0.0125271405712	-0.0355888933213	0.032657691798	0.00662463154877	0.00309072903854	-0.0824826224474	0.0168741081461	-0.010552565404	-0.0361762794593	0.0460228695808	-0.0246848317298	-0.0225251737179	-0.0186109664992	-0.0437208488408	0.0209253162092	-0.019453707099	-0.0163825458669	-0.0418033636024	0.00999366189116	0.0847314876809	0.0138444759542	-0.011815520262	-0.00106046127544	-0.00135416962139	0.00258121797863
k__Bacteria;p__Bacteroidetes;c__Bacteroidia;o__Bacteroidales;f__Bacteroidaceae;g__Bacteroides;s__Bacteroides_uniformis	-0.0122820148146	1.0	0.00640226496946	-0.0180113023237	0.0142385519428	0.00812775749249	-0.0329090027874	-0.0365638341788	-0.0422173876429	-0.00641098870147	-0.000135359393093	0.0399321073209	-0.04313762735	-0.0415191546492	0.00174822958903	0.0299452600312	-0.0427167930766	-0.0144141795249	-0.0207843971128	0.00284877135108	0.0121686937663	-0.0222533687826	-0.00765535383827	0.00949002997079	0.0345941048864	0.0317456266306	-0.0195281918975	-0.00375965713026	-0.00796200341827	-0.0697394263365	0.0425228120724	0.00538617665755	-0.0192920873415	-0.0539823596903	0.0408108947503	0.0619583718312	0.0162697794798	-0.078887307274	-0.0228608129808	-0.035919418954	0.0514594322564	-0.0435515143143	0.0105113338977	-0.041832362634	0.0199038577578	-0.0182582857096	0.048652934706	-0.000848077072347	-0.0299811947694	-0.0427941053856	0.028858779204	0.0337537922486	0.0512432204421	0.0101146314159	0.0292360439253	0.0082183018856	0.0271230664599	0.00305494191696	-0.0299759584838
k__Bacteria;p__Bacteroidetes;c__Bacteroidia;o__Bacteroidales;f__Rikenellaceae;g__Alistipes;s__Alistipes_putredinis	-0.0405262473145	0.00640226496946	1.0	-0.0230160083295	-0.0381640134696	-0.027121964093	-0.0523430745163	-0.0552005407726	-0.0121164887798	-0.0103868487399	-0.00920402570117	-0.0129738308088	-0.0348087348711	-0.0418973602143	0.00474608562742	0.00792766774335	-0.0354806966693	0.0115739097266	-0.0134360278811	-0.0265298920261	0.00114748256798	-0.0374588792066	-0.0349821686877	-0.00874414343947	0.00601422213159	-0.0233165511262	0.0145598882014	-0.0693332072502	-0.0260637193081	-0.00473669807612	-0.069595027106	-0.00234121308063	0.0594624733156	-0.049388456649	0.0190765656213	0.0106131130324	-0.0329113290379	-0.0536184717774	-0.0396861552633	0.0471075245952	-0.000258617947433	-0.0124200063851	-0.0301055421467	-0.0482499944986	-0.0348917334737	0.0289020533453	0.00324774220338	0.0283480222138	-0.0556079097512	0.0400129381681	0.00781117419106	0.0443767561642	0.0384690445924	-0.0348994192801	0.0165343197496	-0.0120140473875	0.00513734698463	0.00502311547136	-0.0291548918514
k__Bacteria;p__Bacteroidetes;c__Bacteroidia;o__Bacteroidales;f__Prevotellaceae;g__Prevotella;s__Prevotella_copri	0.0239706708146	-0.0180113023237	-0.0230160083295	1.0	0.00930558464113	-0.0131637931567	-0.0124529371292	-0.0188956585402	-0.00302317269438	-0.0233622594787	-0.00206048524239	-0.0168056200673	-0.034223914432	0.0290921300128	-0.0412507818532	-0.0621143683443	-0.074027603804	-0.02593046556	0.0013540027523	-0.0198406150192	-0.0108431173534	-0.034127439235	-0.0761210636421	-0.00135135893223	-0.0440741511762	0.00434220759105	-0.0365873255793	0.00743506246919	0.0233394329788	-0.0361993323757	-0.0700574239332	-0.0471285704508	-0.00583301839513	-0.0184671647551	-0.0321115874248	0.0352629569973	-0.0192335477874	-0.0341824047266	-0.0519424719501	-0.0142244098387	0.00690106512913	-0.0225428193925	-0.0580379124009	0.0165648925416	0.0205080997604	-0.00173391291317	-0.00534091753819	0.0379608836236	-0.00113841782928	0.0325985225395	-0.00948093823607	-0.0486821580518	0.00307386879012	-0.0128945195167	0.0280489451624	-0.00413232438646	-0.00043806124833	0.0341548474742	0.0552699193822
k__Bacteria;p__Bacteroidetes;c__Bacteroidia;o__Bacteroidales;f__Bacteroidaceae;g__Bacteroides;s__Bacteroides_stercoris	-0.017555005215	0.0142385519428	-0.0381640134696	0.00930558464113	1.0	0.0556330651299	-0.00255242922947	0.0197575354975	0.00550118082059	-0.0556791395953	0.0492157420731	0.0091205216519	0.0273913788645	0.0572003048687	-0.0046598510165	-0.0153444380485	-0.00861667308111	-0.0448944546004	-0.0550294946563	0.0216478373003	-0.0111104269208	0.00171108360615	-0.0127758119791	-0.039622174152	-0.00557311456101	-0.0403215404315	0.000871044210382	0.0027083188015	-0.0436195209993	-0.0372706256729	0.0572216944516	-0.053053607695	-0.0370358508484	-0.0295719647295	-0.0405272131647	-0.0517902703763	0.0436874143368	-0.0099629412764	0.00673679744916	0.0133566351835	-0.015082779681	0.0252280365867	0.0170619665193	0.0322907678337	-0.00303294450985	-0.0508294629055	-0.0347223437056	0.00194854392731	0.00480534400962	-0.00865660695831	0.0202646107665	-0.0416801080607	-0.0350075161436	-0.0085760794562	0.05131986868	-0.0103130864333	0.0145131894096	0.00620923040596	0.0396423340939
k__Bacteria;p__Bacteroidetes;c__Bacteroidia;o__Bacteroidales;f__Bacteroidaceae;g__Bacteroides;s__Bacteroides_ovatus	0.0174181780411	0.00812775749249	-0.027121964093	-0.0131637931567	0.0556330651299	1.0	-0.015333846659	-0.1037239801	-0.0580651570931	-0.00261200760288	0.0119695300124	-0.013824934675	-0.0274941017847	-0.00686193562582	0.0118970642309	0.012966734766	-0.0309566079191	-0.0088121414041	-0.0746717392775	0.0355207227108	-0.00342767215057	-0.0419567128826	-0.0185632270343	0.0128939104291	-0.0560610059665	0.0355003705827	-0.0236606543836	-0.034720518417	-0.0455883021569	-0.0376245412278	0.00366449202824	-0.0166660456242	0.0578800075366	-0.0156780048663	-0.0316232848665	-0.0138319260714	0.00137916902456	-0.049081075158	0.00103078620668	-0.017624137422	-0.0323952659329	0.051857340615	0.0606962852058	0.0103586401525	-0.0457762796167	-0.0305635675291	0.094419074592	-0.0438139082885	0.0337357166324	-0.0295431975202	0.0033072315915	-0.0138933367824	-0.0475560042205	-0.0150577264535	0.0400011104811	0.0837083583092	-0.00550807852974	0.000357652151685	-0.00410708262716
k__Bacteria;p__Bacteroidetes;c__Bacteroidia;o__Bacteroidales;f__Rikenellaceae;g__Alistipes;s__Alistipes_shahii	0.0852045356162	-0.0329090027874	-0.0523430745163	-0.0124529371292	-0.00255242922947	-0.015333846659	1.0	0.070337766086	-0.0325969026684	0.0233730581526	-0.021757277061	-0.0217565492017	-0.00324308218043	-0.0352062338959	0.0136780139703	0.0384135126405	0.0565459697329	-0.0386315846844	-0.023042675153	-0.00233897988592	0.00399933728343	-0.00499583428593	-0.0230756692783	-0.0387947822545	-0.00240832429094	0.045781020505	-0.0217532303921	-0.0227218836577	0.0123064304962	0.0138905858704	0.0405802273489	-0.029692257467	-0.070349390114	-0.0397687787634	-0.00977357767786	-0.0355643138739	-0.0596277331479	-0.016599533603	-0.01098944418	-0.0369245523902	-0.0117718992508	-0.0230056553981	-0.07379900118	0.0314352733317	-0.00871792732351	-0.0580494585791	0.00421372523781	-0.0210650383521	-0.0096060829352	0.0761687403188	0.00170911583996	0.0234477387785	0.00676483053776	0.0559966510144	0.0219817209701	-0.0908137516509	-0.0136218401275	0.0339813882806	0.0107666715462
k__Bacteria;p__Firmicutes;c__Clostridia;o__Clostridiales;f__Ruminococcaceae;g__Faecalibacterium;s__Faecalibacterium_prausnitzii	-0.0235679798924	-0.0365638341788	-0.0552005407726	-0.0188956585402	0.0197575354975	-0.1037239801	0.070337766086	1.0	-0.0428382698363	0.0315510639487	-0.0329112007151	0.0430399984872	-0.0169470965405	-0.0690715465514	-0.0319572870458	-0.0701123679999	-0.000588138884781	0.0208997230235	0.00803317250035	-0.0266844214613	-0.013942899007	0.032129030762	-0.0470224614687	0.00600795730632	-0.0817897296715	-0.0121959847386	-0.0396607110363	0.0291807197718	-0.00308632379015	0.00532374367066	-0.00273124111135	-0.046934658485	-0.00799476126895	-0.0757353027039	0.0216344976311	-0.0162254436143	0.0280108617783	-0.0540505276154	-0.0077712407052	0.0119258600601	0.0231543625101	-0.0174107581684	-0.0203238690463	-0.0180702115205	0.0475782066782	-0.00336591704027	0.017124318697	-0.0357445047984	0.0084511074877	-0.0112387966468	0.0296140657297	0.048936239093	-0.00029071390286	0.0461107228512	0.0174043646047	0.0215593686435	-0.0393017226751	0.00317453620843	0.00277126177601
k__Bacteria;p__Bacteroidetes;c__Bacteroidia;o__Bacteroidales;f__Rikenellaceae;g__Alistipes;s__Alistipes_finegoldii	-0.00060210737349	-0.0422173876429	-0.0121164887798	-0.00302317269438	0.00550118082059	-0.0580651570931	-0.0325969026684	-0.0428382698363	1.0	0.00329139979545	-0.00381990918729	0.0198691214875	-0.00683204140003	0.0084553243577	0.00100249403293	-0.0216802682163	0.0046011321385	0.0712932701173	0.0351565258778	0.0527380902788	-0.0542370020317	0.0435682320876	-0.00319155307967	-0.0333508948038	0.0111326876018	-0.0410132394692	0.00407758012358	0.031110980289	-0.00338242207271	-0.0018146158088	0.00892436742944	0.0121465233591	-0.0221276796169	-0.0317885438073	-0.0569646489147	-0.0237400382849	-0.00679632024079	0.00731037234865	-0.0558828477317	-0.0126343766061	-0.0167902722303	0.0474575509772	0.0267141864778	-0.0626974593323	0.00311163900535	-0.0164562480898	-0.0206925431676	-0.0026690600505	0.00332008284146	0.0543058716956	0.000369226028807	0.00831383459477	0.0323822483669	-0.00283185000472	-0.0144593196245	-0.00101756875296	0.0482167908164	-0.0362626498839	0.00330150292673
k__Bacteria;p__Bacteroidetes;c__Bacteroidia;o__Bacteroidales;f__Porphyromonadaceae;g__Parabacteroides;s__Parabacteroides_distasonis	0.0346901471219	-0.00641098870147	-0.0103868487399	-0.0233622594787	-0.0556791395953	-0.00261200760288	0.0233730581526	0.0315510639487	0.00329139979545	1.0	-0.031464284754	-0.0145745806872	-0.0367596084956	-0.0281671748899	-0.00715810275696	-0.00617285201935	-0.0141078977481	0.0213414836445	-0.0351104940917	-0.0206701987749	0.0280603394988	0.0188953197032	0.013914110152	-0.0724377172621	-0.0310326770424	-0.00309583875394	-0.0356745603757	0.0191322696056	0.00772234834835	0.0213015742249	-0.00577818320834	-0.0156393122784	-0.00146178833188	-0.0195206856349	-0.00971920873805	0.00855733529863	-0.0659984954401	-0.0147090979167	0.0568444897055	-0.0333047115079	0.020870435911	-0.0179550832869	-0.0275162329908	-0.0115942851685	0.0233209184874	0.0233059196923	0.0289078904519	0.0318603712544	-0.0137294341945	0.020371567504	-0.0207766664925	0.00894866022347	-0.00354869438256	-0.00970781374146	-0.0512809006435	-0.0707043989577	-0.0606129659288	-0.0127409172989	-0.00717890181315
k__Bacteria;p__Bacteroidetes;c__Bacteroidia;o__Bacteroidales;f__Bacteroidaceae;g__Bacteroides;s__Bacteroides_thetaiotaomicron	0.0123783240583	-0.000135359393093	-0.00920402570117	-0.00206048524239	0.0492157420731	0.0119695300124	-0.021757277061	-0.0329112007151	-0.00381990918729	-0.031464284754	1.0	-0.0435940858795	0.00683451164346	-0.0367146255799	0.0295496611395	0.00811145490357	0.0418924689951	-0.0413425292998	-0.0281072870709	0.0345201158754	0.0545130630257	0.0221274159394	0.0919754869495	-0.0625343582505	-0.0257678954466	0.0352241585632	-0.0210786426881	0.0119170142137	-0.0256805557737	-0.0755150720896	-0.0142185369227	-0.0440970931329	-0.0124494682566	-0.0800823217914	-0.0102340203055	0.0800531340524	0.00876681508096	-0.0161759865137	-0.0150693592479	-0.0720057848843	-0.0416426468438	0.0227632142704	-0.0615173202804	-0.031908489454	0.00139715668587	0.0101585548826	-0.0350498661387	-0.00422643535754	-0.00198664497696	-0.0120033957692	0.0413445133052	-0.00195654740352	-0.0240008078162	-0.00583254913613	0.0161141792177	-0.0128217097794	0.0237414117903	0.0639300841673	-0.0537288871963
k__Bacteria;p__Bacteroidetes;c__Bacteroidia;o__Bacteroidales;f__Bacteroidaceae;g__Bacteroides;s__Bacteroides_coprocola	0.0183213276042	0.0399321073209	-0.0129738308088	-0.0168056200673	0.0091205216519	-0.013824934675	-0.0217565492017	0.0430399984872	0.0198691214875	-0.0145745806872	-0.0435940858795	1.0	-0.055003691973	0.0117508785031	-0.00315275037883	-0.0166506573253	-0.0383672653488	-0.0345110567916	-0.0318111098718	-0.0226365730765	-0.00408350038497	0.00438133830336	-0.0360928928654	0.0582587953872	0.0120923109832	0.00859496763198	-0.0199710185311	0.0171780954993	0.0305186552319	-0.0359468346614	-0.0301014446699	-0.0315760396053	-0.00767050321934	0.00867964122803	0.0138472849514	0.000917128867166	0.014116293374	-0.00599594672081	-0.0166504672173	-0.0523203749015	0.00930932927414	0.00283232690844	0.0203746323252	0.00877042562443	-0.00273603822083	-0.0363989889274	-0.0824515757849	-0.0401958047288	-0.00647162645939	-0.0427381361028	0.0135199231039	0.00177596909435	-0.0778415001513	0.0205493302625	-0.0316401121627	-0.0165653665589	-0.0446392520756	-0.00308607694938	0.0275420281684
k__Bacteria;p__Bacteroidetes;c__Bacteroidia;o__Bacteroidales;f__Bacteroidaceae;g__Bacteroides;s__Bacteroides_cellulosilyticus	-0.0432434887909	-0.04313762735	-0.0348087348711	-0.034223914432	0.0273913788645	-0.0274941017847	-0.00324308218043	-0.0169470965405	-0.00683204140003	-0.0367596084956	0.00683451164346	-0.055003691973	1.0	0.00798483377493	-0.0234716824788	-0.0390715440236	-0.0544525769469	0.0234029204365	-0.0258273660922	-0.0535856963531	0.00866903782856	0.0130827346835	0.00852412277337	0.000150655639851	-0.00914437521995	0.0168386840849	-0.00368740534024	-0.0259871660498	-0.0106458580236	-0.0417962702395	0.00271254960753	0.0203271375389	-0.0275777617659	-0.014477423328	0.0160454675889	-0.0435643844099	0.000300300783631	0.0436464717091	-0.00682774260396	0.0118490005158	0.0645315010218	-0.0358706496189	0.0132130705234	-0.0415327498029	-0.040384659044	-0.0294992766776	0.0138187759437	-0.0810696673329	-0.0490104621464	0.00700876483864	0.00750023049903	-0.0178943764318	-0.0414246850408	-0.03377191981	0.0226465883056	0.0292012706506	0.0189284751657	-0.0544610491765	0.0146411295531
k__Bacteria;p__Bacteroidetes;c__Bacteroidia;o__Bacteroidales;f__Rikenellaceae;g__Alistipes;s__Alistipes_obesi	-0.0068681134985	-0.0415191546492	-0.0418973602143	0.0290921300128	0.0572003048687	-0.00686193562582	-0.0352062338959	-0.0690715465514	0.0084553243577	-0.0281671748899	-0.0367146255799	0.0117508785031	0.00798483377493	1.0	-0.0281115054374	-0.00173178703812	-0.0383276538226	0.00478929079057	-0.0272758263165	0.0196120054064	-0.0577446928159	-0.00362010831938	-0.0717134182689	0.00874472357891	0.0156580979141	0.0274600985912	0.00444019764199	-0.0236369528592	0.0397119872785	0.0191348332999	-0.0150086306312	-0.00837240113831	-0.00424303959372	-0.0122927943348	-0.031311597479	0.0995342577197	-0.0622477274753	0.00409713419027	-0.033127816157	0.0168808661134	-0.0148865281807	0.00718790894066	0.0114774438445	0.00812437975304	0.0184780393828	0.0238802507433	0.00385074053519	-0.00091885092505	0.00546854887308	0.0127112247359	-0.00978749952527	-0.060317526442	-0.029309723052	-0.0152649438864	0.0546201877191	-0.072107900608	0.0458415300095	-0.0929489843251	0.0474291072743
k__Bacteria;p__Firmicutes;c__Clostridia;o__Clostridiales;f__Lachnospiraceae;g__;s__[Eubacterium]_rectale	0.021011289145	0.00174822958903	0.00474608562742	-0.0412507818532	-0.0046598510165	0.0118970642309	0.0136780139703	-0.0319572870458	0.00100249403293	-0.00715810275696	0.0295496611395	-0.00315275037883	-0.0234716824788	-0.0281115054374	1.0	-0.0344436112371	-0.0255647845772	-0.0199165158309	0.00183743450398	0.0329727197463	0.00580269314133	-0.0178304785045	0.0588244538864	-0.0225406616853	-0.0451391285249	0.0118595248249	-0.0282862974834	-0.01556830418	0.039617146481	-0.0559535823727	-0.00795442807027	0.0132999652517	-0.0558883424501	0.00346684191492	-0.0433216629704	0.0209126611942	0.00373141676586	-0.00454253923015	-0.00400249152053	-0.00900704249728	-0.0151242128679	-0.0380635650096	-0.016196612598	-0.0448781104929	-0.0527612687871	0.0394495469983	-0.0180638821434	-0.00307094280895	-0.0525887815115	0.0289303971356	-0.0343769090678	0.0112151436123	-0.0154082927817	0.0161285944249	-0.046993384098	-0.0397140174145	0.000709647061965	-0.0232012043666	-0.00958944011184
k__Bacteria;p__Bacteroidetes;c__Bacteroidia;o__Bacteroidales;f__Bacteroidaceae;g__Bacteroides;s__Bacteroides_plebeius	-0.0842187694667	0.0299452600312	0.00792766774335	-0.0621143683443	-0.0153444380485	0.012966734766	0.0384135126405	-0.0701123679999	-0.0216802682163	-0.00617285201935	0.00811145490357	-0.0166506573253	-0.0390715440236	-0.00173178703812	-0.0344436112371	1.0	-0.0470739853188	-0.00240577993716	0.0313664679701	0.0191963298499	0.0120026162729	-0.00478897498587	-0.033611817386	-0.0293785191911	-0.00179546058091	-0.054627043889	0.0571065368575	-0.0340826063075	-0.00373783972347	-0.0189305361007	-0.0282542178457	0.0163841480498	-0.00239063567105	-0.0335194449829	-0.00465808749515	-0.0458625438759	0.0167634717429	-0.00106296015665	0.0125766032224	-0.0448742191638	0.00855451816342	-0.0596713589431	-0.0286124536454	0.0359356286208	-0.0227726712424	-0.0314398549206	0.0333326290198	-0.0562383786147	0.0404547288365	0.0107590534433	-0.00963648678252	-0.0223671274661	0.0149195690613	0.0383377893592	0.0493182985273	0.00727771672536	-0.0123769048043	-0.0141702556933	-0.0346089483082
k__Bacteria;p__Bacteroidetes;c__Bacteroidia;o__Bacteroidales;f__Bacteroidaceae;g__Bacteroides;s__Bacteroides_fragilis	-0.049930331084	-0.0427167930766	-0.0354806966693	-0.074027603804	-0.00861667308111	-0.0309566079191	0.0565459697328	-0.000588138884781	0.0046011321385	-0.0141078977481	0.0418924689951	-0.0383672653488	-0.0544525769469	-0.0383276538226	-0.0255647845772	-0.0470739853188	1.0	-0.0104467032954	0.0164173651611	0.00358074138589	0.036166436883	-0.0255847505526	-0.0473281181055	0.0833661554778	0.0242111134536	-0.0115463295023	-0.0160609302389	0.0417877083687	0.00251089594173	0.00969789506759	0.0022524411295	-0.0362374290921	0.0151590765939	-0.030704809455	-0.0414084625467	-0.0227037976185	-0.0228825597766	-0.0729428442128	-0.0259114716239	-0.0554326060304	0.0510279623975	0.0167895009432	0.00522720264537	-0.020233273302	-0.0169090395672	-0.0511510552886	0.0341596183447	-0.00269772375303	-0.0295820612771	0.0128385571038	-0.0464128323472	-0.00183479432702	0.0422721998494	-0.000343470777317	-0.0441434401453	0.0133567297114	0.0693851486551	0.031112301479	0.0270384600511
k__Bacteria;p__Proteobacteria;c__Betaproteobacteria;o__Burkholderiales;f__Sutterellaceae;g__Sutterella;s__Sutterella_wadsworthensis	0.0227178425762	-0.0144141795249	0.0115739097266	-0.02593046556	-0.0448944546004	-0.0088121414041	-0.0386315846844	0.0208997230235	0.0712932701173	0.0213414836445	-0.0413425292998	-0.0345110567916	0.0234029204365	0.00478929079057	-0.0199165158309	-0.00240577993716	-0.0104467032954	1.0	-0.0046867540678	0.0295162922767	-0.0132642726338	0.0374285396728	0.0137857224755	0.0148501315817	-0.0469566734473	-0.000145933207798	-0.00660464696689	0.030009226231	0.0580549237065	0.000670516417315	-0.0211932073572	0.00365548636562	-0.0600794631152	-0.033444078435	-0.0150712163837	-0.0126392757282	-0.00774457586306	-0.0179794913535	-0.0462547380113	0.0295743360942	-0.0315067541743	-0.0491493232386	-0.0294285745874	0.0240744860946	0.00817249314242	0.0024763332606	-0.0225987823263	0.00646773222303	0.00829151267194	-0.0437409989361	-0.042043242454	-0.00131224028821	-0.0311895625659	-0.033227450633	-0.061043192032	0.00612918317889	-0.0384176118191	0.00653014583689	-0.0170000983191
k__Bacteria;p__Bacteroidetes;c__Bacteroidia;o__Bacteroidales;f__Porphyromonadaceae;g__Barnesiella;s__Barnesiella_intestinihominis	-0.0132438173435	-0.0207843971128	-0.0134360278811	0.0013540027523	-0.0550294946563	-0.0746717392775	-0.023042675153	0.00803317250035	0.0351565258778	-0.0351104940917	-0.0281072870709	-0.0318111098718	-0.0258273660922	-0.0272758263165	0.00183743450398	0.0313664679701	0.0164173651611	-0.0046867540678	1.0	0.0125422946563	-0.0232681581359	-0.0263350124144	-0.00495233482354	-0.00305839905158	-0.0225232663135	-0.0331868269232	-0.0106980287429	0.0658547382953	-0.0204078226377	0.0430268208087	-0.0231674742298	0.0443277658581	-0.0149649594183	0.0249120909655	-0.000461281300372	-0.0457841833505	-0.0344905874079	0.012068338654	-0.0174024537071	0.0319111057245	-0.0222782018758	-0.00466968494204	-0.0128632025424	-0.0912941926813	-0.0296570947804	-0.035226332486	-0.0332414003058	-0.00293273756449	0.0107818739449	0.00925432588124	0.0118806874492	0.0205042844633	-0.0268609384367	0.000839343043868	-0.00656261370837	0.0281940415357	0.0146828160345	0.0201080519605	-0.0084154639492
k__Bacteria;p__Bacteroidetes;c__Bacteroidia;o__Bacteroidales;f__Odoribacteraceae;g__Odoribacter;s__Odoribacter_splanchnicus	-0.0418101864989	0.00284877135108	-0.0265298920261	-0.0198406150192	0.0216478373003	0.0355207227108	-0.00233897988592	-0.0266844214613	0.0527380902788	-0.0206701987749	0.0345201158754	-0.0226365730765	-0.0535856963531	0.0196120054064	0.0329727197463	0.0191963298499	0.00358074138589	0.0295162922767	0.0125422946563	1.0	0.0690818545653	-0.00744670500044	-0.040031370858	0.0446482112708	-3.52969732807e-05	-0.067815351161	0.0426873743772	-0.0549351790734	0.022288612049	-0.0567033706387	0.0697835999018	-0.0288397673066	0.00922551968785	0.00713383176717	-0.0202654017481	-0.0331117660151	0.0182583421601	-0.0602016768346	0.0281602707894	-0.0387187298151	-0.00662427453317	-0.076479034727	-0.0109419770133	0.0139096866199	-0.0057670164758	0.0189614317959	-0.0135238723453	0.0240040167586	-0.0308716255741	-0.0596289621812	0.0304584354751	-0.0181219714919	-0.0673872216306	-0.0431673473274	0.00728848476487	-0.0114694365657	0.013515542512	0.0151302402795	-0.0347809089168
k__Bacteria;p__Bacteroidetes;c__Bacteroidia;o__Bacteroidales;f__Bacteroidaceae;g__Bacteroides;s__Bacteroides_salyersiae	0.0107456140231	0.0121686937663	0.00114748256798	-0.0108431173534	-0.0111104269208	-0.00342767215057	0.00399933728343	-0.013942899007	-0.0542370020317	0.0280603394988	0.0545130630257	-0.00408350038497	0.00866903782856	-0.0577446928159	0.00580269314133	0.0120026162729	0.036166436883	-0.0132642726338	-0.0232681581359	0.0690818545653	1.0	-0.0465128367036	-0.0161062088257	0.0347404874096	0.0288861051471	0.0143727528387	-0.0409916644202	-0.0393737161558	0.0363909882899	0.0277777788583	0.0255478554379	0.0137389482702	0.0220209000275	-0.00456669492497	0.0489546398275	-0.0581592019517	0.0193241772873	-0.0498339984915	-0.0521863009527	-0.00874928115415	-0.0481990939653	-0.0195738325523	0.011814019648	0.0239198436495	-0.00314128779373	-0.0235680194095	0.0354520975291	-0.00520817408392	-0.00462303627737	0.00933278630344	0.0397754981927	-0.0162252529849	0.0476232439119	-0.0110743948274	-0.0109741833308	-0.0436441675549	0.0296141592706	-0.0160800812892	-0.054153551685
k__Bacteria;p__Firmicutes;c__Clostridia;o__Clostridiales;f__Ruminococcaceae;g__Ruminiclostridium;s__[Eubacterium]_siraeum	-0.00745502039655	-0.0222533687826	-0.0374588792066	-0.034127439235	0.00171108360615	-0.0419567128826	-0.00499583428593	0.032129030762	0.0435682320876	0.0188953197032	0.0221274159394	0.00438133830336	0.0130827346835	-0.00362010831938	-0.0178304785045	-0.00478897498587	-0.0255847505526	0.0374285396728	-0.0263350124144	-0.00744670500044	-0.0465128367036	1.0	-0.0063246658023	0.00781558272025	-0.0364189841006	-0.0218584276297	0.000939365259186	0.0527557951469	-0.0117154723161	0.0143323107621	-0.00406132489218	0.00632468795428	-0.0402926546982	0.0309390769888	-0.028764945586	-0.0121344973589	0.023696923368	-0.0186401330348	-0.0606917114104	0.0357343029958	0.0045544679	0.0550807549399	-0.0496951824632	-0.0234199927249	-0.0231878652454	-0.00287025158645	-0.00887066573064	0.0401807660901	-0.0480675662893	-0.0378617860919	0.0141440781026	-0.075045789944	-0.0256871769215	-0.0337045244073	-0.0364645896711	-0.0177832237916	-0.0109674239524	-0.0420976638887	-0.0887098203574
k__Bacteria;p__Proteobacteria;c__Betaproteobacteria;o__Burkholderiales;f__Sutterellaceae;g__Parasutterella;s__Parasutterella_excrementihominis	-0.00828305871613	-0.00765535383827	-0.0349821686877	-0.0761210636421	-0.0127758119791	-0.0185632270343	-0.0230756692783	-0.0470224614687	-0.00319155307966	0.013914110152	0.0919754869495	-0.0360928928654	0.00852412277337	-0.0717134182689	0.0588244538864	-0.033611817386	-0.0473281181055	0.0137857224755	-0.00495233482354	-0.040031370858	-0.0161062088257	-0.0063246658023	1.0	-0.00813216202036	0.00521844467146	-0.0356480004055	-0.0221115263667	0.0494101290345	-0.0218603648618	0.00377396099473	0.0111927342467	-0.0328220247541	-0.0505453080403	0.00652917718063	-0.0236118905634	-0.0160854774728	0.0082705925311	-0.0125137261736	0.0295348405757	-0.00633115316326	-0.026743132142	-0.0147296627044	0.0317022921936	-0.0132774513329	-0.00474285558719	-0.00688873258887	-0.0538105011124	-0.0337516906092	-0.0592348733618	0.0165922172201	0.0369632095499	0.00389755072873	-0.0056387686811	-0.0366094225811	0.0354123467701	0.0210398169496	-0.0122377658645	0.0538003125357	0.00604272140322
k__Bacteria;p__Actinobacteria;c__Actinobacteria;o__Bifidobacteriales;f__Bifidobacteriaceae;g__Bifidobacterium;s__Bifidobacterium_adolescentis	0.00323865240428	0.00949002997079	-0.00874414343947	-0.00135135893223	-0.039622174152	0.0128939104291	-0.0387947822545	0.00600795730632	-0.0333508948038	-0.0724377172621	-0.0625343582505	0.0582587953872	0.000150655639851	0.00874472357891	-0.0225406616853	-0.0293785191911	0.0833661554778	0.0148501315817	-0.00305839905158	0.0446482112708	0.0347404874096	0.00781558272025	-0.00813216202036	1.0	-0.034685213237	-0.00291972280343	0.0694052230425	-0.00379082596312	-0.0354395328699	0.00549336719787	-0.00740167839855	0.0393384925257	-0.0102244007253	0.0302937654946	-0.0245171432168	0.000911836853514	-0.00262185912969	-0.0146478626539	-0.0322484961016	0.00854651848857	0.0634721147827	0.0330742524531	-0.016630664653	0.009869079875	0.0309177569325	0.00816324733513	0.0119821624291	-0.0431640661319	-0.0140079878279	-0.0546571957261	-0.0125418403244	-0.0263930411505	-0.0470597140413	0.0234135405197	-0.0364969624293	0.0138551168359	-0.0615814843726	0.0149095507602	-0.0721834064665
k__Bacteria;p__Firmicutes;c__Clostridia;o__Clostridiales;f__Oscillospiraceae;g__Oscillibacter;s__Oscillibacter_sp._KLE_1745	-0.0632808237596	0.0345941048864	0.00601422213159	-0.0440741511762	-0.00557311456101	-0.0560610059665	-0.00240832429094	-0.0817897296715	0.0111326876018	-0.0310326770424	-0.0257678954466	0.0120923109832	-0.00914437521995	0.0156580979141	-0.0451391285249	-0.00179546058091	0.0242111134536	-0.0469566734473	-0.0225232663135	-3.52969732808e-05	0.0288861051471	-0.0364189841006	0.00521844467146	-0.034685213237	1.0	0.0184464412681	-0.0392167292695	-0.0290741645005	0.0434345600078	-0.0291879521557	-0.0330857744328	0.0165870152694	-0.00562781830347	0.0146655153511	-0.0171294217674	0.0685476389399	-0.0358164254186	0.0113995537231	0.00530341785385	0.0244203139365	0.0253387951413	0.0088871270927	0.0262004804628	0.0248708833965	-0.0125282099253	0.0165662330548	-0.0206238007716	-0.0263775543914	-0.0194982130645	-0.00177661343982	-0.0107181933506	0.00658748238543	0.0260882242209	-0.0367982265537	0.0283772361728	0.0270706858323	0.0161098159009	-0.0685175251721	-0.0139158968236
k__Bacteria;p__Bacteroidetes;c__Bacteroidia;o__Bacteroidales;f__Bacteroidaceae;g__Bacteroides;s__Bacteroides_coprophilus	-0.00311704393443	0.0317456266306	-0.0233165511262	0.00434220759105	-0.0403215404315	0.0355003705827	0.045781020505	-0.0121959847386	-0.0410132394692	-0.00309583875395	0.0352241585632	0.00859496763198	0.0168386840849	0.0274600985912	0.0118595248249	-0.054627043889	-0.0115463295023	-0.000145933207798	-0.0331868269232	-0.067815351161	0.0143727528387	-0.0218584276297	-0.0356480004055	-0.00291972280343	0.0184464412681	1.0	0.0112741906183	-0.059389601258	0.0857433906958	0.0387252959768	0.0262268482534	0.0269095956432	-0.0438450653154	-0.0825615019076	-0.0194054984519	0.0406225868107	-0.0154250416861	-0.00276338188702	0.032554559669	-0.0179846828293	-0.00720795635642	-0.0430592659947	-0.0312404863987	-0.00842788297573	-0.0131031256066	-0.0056201212416	-0.0198961254664	-0.0502226632668	-0.0338154617256	-0.00836504689691	0.0224106663322	0.0648019487684	-0.0767274951539	0.0311371770366	-0.00517455403918	0.0518220398253	0.00230419423548	0.0063241261247	0.00126124805074
k__Bacteria;p__Firmicutes;c__Clostridia;o__Clostridiales;f__Lachnospiraceae;g__Roseburia;s__Roseburia_intestinalis	-0.0104556279763	-0.0195281918975	0.0145598882013	-0.0365873255793	0.000871044210382	-0.0236606543836	-0.0217532303921	-0.0396607110363	0.00407758012358	-0.0356745603757	-0.0210786426881	-0.0199710185311	-0.00368740534024	0.00444019764199	-0.0282862974834	0.0571065368575	-0.0160609302389	-0.00660464696689	-0.0106980287429	0.0426873743772	-0.0409916644202	0.000939365259186	-0.0221115263667	0.0694052230425	-0.0392167292695	0.0112741906183	1.0	-0.0106581998527	-0.00156929819215	-0.01177649806	-0.0127684268951	0.0300032126404	-0.0146592678976	0.0365958314264	0.0179145415693	0.0195169062918	-0.0686030171236	0.00697305790452	0.0321501764887	0.0726419458417	0.0207713861482	-0.03956952326	-0.00490329831254	0.0042251794869	-0.0318504803434	0.0237056944125	-0.0762945247026	-0.020444484344	-0.0761372942185	-0.0585343307035	-0.011799745146	0.0335554196755	0.0669671491863	-0.0809708602957	-0.00387866889408	0.0220190656394	0.0235340131277	0.0148328343284	0.00350436341484
k__Bacteria;p__Firmicutes;c__Clostridia;o__Clostridiales;f__Lachnospiraceae;g__Roseburia;s__Roseburia_hominis	0.0169618500723	-0.00375965713026	-0.0693332072502	0.00743506246919	0.0027083188015	-0.034720518417	-0.0227218836577	0.0291807197718	0.031110980289	0.0191322696056	0.0119170142137	0.0171780954993	-0.0259871660498	-0.0236369528592	-0.01556830418	-0.0340826063075	0.0417877083687	0.030009226231	0.0658547382953	-0.0549351790734	-0.0393737161558	0.0527557951469	0.0494101290345	-0.00379082596312	-0.0290741645005	-0.059389601258	-0.0106581998527	1.0	-0.0325883552088	0.016055197551	0.0157580266324	0.02701651953	0.00417888554923	0.00636634409672	-0.00545762312296	-0.0320106364997	0.00523435099183	0.0217962182104	0.0163225712014	-0.00266605081795	-0.015722115776	-0.00062565766834	-0.0298154376593	-0.00923534459558	-0.0392054025118	0.0205020800378	-0.0533186038396	-0.0419618839372	-1.92659585764e-05	-0.000983823998938	0.0356653777973	-0.0290266329741	-0.0521926607167	-0.0528154614983	-0.094186841411	-0.0095798805211	-0.0521902834313	-0.039327412808	-0.0665561261484
k__Bacteria;p__Bacteroidetes;c__Bacteroidia;o__Bacteroidales;f__Porphyromonadaceae;g__Parabacteroides;s__Parabacteroides_johnsonii	0.0154862941483	-0.00796200341827	-0.0260637193081	0.0233394329788	-0.0436195209993	-0.0455883021569	0.0123064304962	-0.00308632379015	-0.00338242207271	0.00772234834835	-0.0256805557737	0.0305186552319	-0.0106458580236	0.0397119872785	0.039617146481	-0.00373783972347	0.00251089594173	0.0580549237065	-0.0204078226377	0.022288612049	0.0363909882899	-0.0117154723161	-0.0218603648618	-0.0354395328699	0.0434345600078	0.0857433906958	-0.00156929819215	-0.0325883552088	1.0	-0.0583373254825	-0.0183007184602	0.0236361402626	-0.015065747254	-0.0559019890757	-0.0599011041346	-0.0524832086456	0.0154066210148	0.0637347555014	-0.00147884747302	0.0407137296815	-0.0383810176561	-0.0140059577185	-0.00670357560537	0.00989853253283	-0.036157156938	-0.0553578821811	-0.0136548770936	0.00255616141751	0.0501221804103	-0.0621469817272	0.00150900376068	-0.015179660618	-0.0268303587765	0.0826024286137	-0.014457443239	0.0161407647222	0.0254626317265	-0.00888932200284	-0.00781259325096
k__Bacteria;p__Actinobacteria;c__Actinobacteria;o__Bifidobacteriales;f__Bifidobacteriaceae;g__Bifidobacterium;s__Bifidobacterium_longum	0.0268071734861	-0.0697394263365	-0.00473669807612	-0.0361993323757	-0.0372706256729	-0.0376245412278	0.0138905858704	0.00532374367066	-0.0018146158088	0.0213015742249	-0.0755150720896	-0.0359468346614	-0.0417962702395	0.0191348332999	-0.0559535823727	-0.0189305361007	0.00969789506759	0.000670516417315	0.0430268208087	-0.0567033706387	0.0277777788583	0.0143323107621	0.00377396099473	0.00549336719787	-0.0291879521557	0.0387252959768	-0.01177649806	0.016055197551	-0.0583373254825	1.0	0.0402309776902	0.00154737332073	-0.0545819211942	-0.0169368163383	-0.0108183170722	-0.0397529689394	0.0215832694985	0.00055252611021	0.0184789909315	0.00603845500381	0.0346810664094	-0.000488006128071	0.0215805157512	-0.0770061434077	-0.0141704098171	0.0417121407073	-0.0268474521137	0.0080820745831	-0.0211777774876	-0.0226490476001	0.00799020788647	-0.0551420115311	-0.0228523072087	-0.0139443511499	-0.00107143840929	0.0462883800272	-0.00818238696415	-0.0214337994243	0.0170995288979
