#taxonomy	k__Bacteria;p__Bacteroidetes;c__Bacteroidia;o__Bacteroidales;f__Bacteroidaceae;g__Bacteroides;s__Bacteroides_vulgatus	k__Bacteria;p__Bacteroidetes;c__Bacteroidia;o__Bacteroidales;f__Bacteroidaceae;g__Bacteroides;s__Bacteroides_uniformis	k__Bacteria;p__Bacteroidetes;c__Bacteroidia;o__Bacteroidales;f__Rikenellaceae;g__Alistipes;s__Alistipes_putredinis	k__Bacteria;p__Bacteroidetes;c__Bacteroidia;o__Bacteroidales;f__Prevotellaceae;g__Prevotella;s__Prevotella_copri	k__Bacteria;p__Bacteroidetes;c__Bacteroidia;o__Bacteroidales;f__Bacteroidaceae;g__Bacteroides;s__Bacteroides_stercoris	k__Bacteria;p__Bacteroidetes;c__Bacteroidia;o__Bacteroidales;f__Bacteroidaceae;g__Bacteroides;s__Bacteroides_ovatus	k__Bacteria;p__Bacteroidetes;c__Bacteroidia;o__Bacteroidales;f__Rikenellaceae;g__Alistipes;s__Alistipes_shahii	k__Bacteria;p__Firmicutes;c__Clostridia;o__Clostridiales;f__Ruminococcaceae;g__Faecalibacterium;s__Faecalibacterium_prausnitzii	k__Bacteria;p__Bacteroidetes;c__Bacteroidia;o__Bacteroidales;f__Rikenellaceae;g__Alistipes;s__Alistipes_finegoldii	k__Bacteria;p__Bacteroidetes;c__Bacteroidia;o__Bacteroidales;f__Porphyromonadaceae;g__Parabacteroides;s__Parabacteroides_distasonis	k__Bacteria;p__Bacteroidetes;c__Bacteroidia;o__Bacteroidales;f__Bacteroidaceae;g__Bacteroides;s__Bacteroides_thetaiotaomicron	k__Bacteria;p__Bacteroidetes;c__Bacteroidia;o__Bacteroidales;f__Bacteroidaceae;g__Bacteroides;s__Bacteroides_coprocola	k__Bacteria;p__Bacteroidetes;c__Bacteroidia;o__Bacteroidales;f__Bacteroidaceae;g__Bacteroides;s__Bacteroides_cellulosilyticus	k__Bacteria;p__Bacteroidetes;c__Bacteroidia;o__Bacteroidales;f__Rikenellaceae;g__Alistipes;s__Alistipes_obesi	k__Bacteria;p__Firmicutes;c__Clostridia;o__Clostridiales;f__Lachnospiraceae;g__;s__[Eubacterium]_rectale	k__Bacteria;p__Bacteroidetes;c__Bacteroidia;o__Bacteroidales;f__Bacteroidaceae;g__Bacteroides;s__Bacteroides_plebeius	k__Bacteria;p__Bacteroidetes;c__Bacteroidia;o__Bacteroidales;f__Bacteroidaceae;g__Bacteroides;s__Bacteroides_fragilis	k__Bacteria;p__Proteobacteria;c__Betaproteobacteria;o__Burkholderiales;f__Sutterellaceae;g__Sutterella;s__Sutterella_wadsworthensis	k__Bacteria;p__Bacteroidetes;c__Bacteroidia;o__Bacteroidales;f__Porphyromonadaceae;g__Barnesiella;s__Barnesiella_intestinihominis	k__Bacteria;p__Bacteroidetes;c__Bacteroidia;o__Bacteroidales;f__Odoribacteraceae;g__Odoribacter;s__Odoribacter_splanchnicus	k__Bacteria;p__Bacteroidetes;c__Bacteroidia;o__Bacteroidales;f__Bacteroidaceae;g__Bacteroides;s__Bacteroides_salyersiae	k__Bacteria;p__Firmicutes;c__Clostridia;o__Clostridiales;f__Ruminococcaceae;g__Ruminiclostridium;s__[Eubacterium]_siraeum	k__Bacteria;p__Proteobacteria;c__Betaproteobacteria;o__Burkholderiales;f__Sutterellaceae;g__Parasutterella;s__Parasutterella_excrementihominis	k__Bacteria;p__Actinobacteria;c__Actinobacteria;o__Bifidobacteriales;f__Bifidobacteriaceae;g__Bifidobacterium;s__Bifidobacterium_adolescentis	k__Bacteria;p__Firmicutes;c__Clostridia;o__Clostridiales;f__Oscillospiraceae;g__Oscillibacter;s__Oscillibacter_sp._KLE_1745	k__Bacteria;p__Bacteroidetes;c__Bacteroidia;o__Bacteroidales;f__Bacteroidaceae;g__Bacteroides;s__Bacteroides_coprophilus	k__Bacteria;p__Firmicutes;c__Clostridia;o__Clostridiales;f__Lachnospiraceae;g__Roseburia;s__Roseburia_intestinalis	k__Bacteria;p__Firmicutes;c__Clostridia;o__Clostridiales;f__Lachnospiraceae;g__Roseburia;s__Roseburia_hominis	k__Bacteria;p__Bacteroidetes;c__Bacteroidia;o__Bacteroidales;f__Porphyromonadaceae;g__Parabacteroides;s__Parabacteroides_johnsonii	k__Bacteria;p__Actinobacteria;c__Actinobacteria;o__Bifidobacteriales;f__Bifidobacteriaceae;g__Bifidobacterium;s__Bifidobacterium_longum	k__Bacteria;p__Firmicutes;c__Clostridia;o__Clostridiales;f__;g__Flavonifractor;s__Flavonifractor_plautii	k__Bacteria;p__Firmicutes;c__Clostridia;o__Clostridiales;f__Clostridiaceae;g__Clostridium;s__Clostridium_phoceensis	k__Bacteria;p__Verrucomicrobia;c__Verrucomicrobiae;o__Verrucomicrobiales;f__Akkermansiaceae;g__Akkermansia;s__Akkermansia_muciniphila	k__Bacteria;p__Bacteroidetes;c__Bacteroidia;o__Bacteroidales;f__Prevotellaceae;g__Paraprevotella;s__Paraprevotella_xylaniphila	k__Bacteria;p__Firmicutes;c__Clostridia;o__Clostridiales;f__Ruminococcaceae;g__Ruminococcus;s__Ruminococcus_callidus	k__Bacteria;p__Bacteroidetes;c__Bacteroidia;o__Bacteroidales;f__Rikenellaceae;g__Alistipes;s__Alistipes_senegalensis	k__Bacteria;p__Firmicutes;c__Clostridia;o__Clostridiales;f__Lachnospiraceae;g__Blautia;s__Blautia_sp._KLE_1732	k__Bacteria;p__Bacteroidetes;c__Bacteroidia;o__Bacteroidales;f__Bacteroidaceae;g__Bacteroides;s__Bacteroides_oleiciplenus	k__Bacteria;p__Firmicutes;c__Clostridia;o__Clostridiales;f__Ruminococcaceae;g__Ruminococcus;s__Ruminococcus_bicirculans	k__Bacteria;p__Bacteroidetes;c__Bacteroidia;o__Bacteroidales;f__Bacteroidaceae;g__Bacteroides;s__Bacteroides_fluxus	k__Bacteria;p__Bacteroidetes;c__Bacteroidia;o__Bacteroidales;f__Prevotellaceae;g__Prevotella;s__Prevotella_stercorea	k__Bacteria;p__Firmicutes;c__Clostridia;o__Clostridiales;f__Lachnospiraceae;g__Dorea;s__Dorea_longicatena	k__Bacteria;p__Firmicutes;c__Clostridia;o__Clostridiales;f__Eubacteriaceae;g__Eubacterium;s__[Eubacterium]_eligens	k__Bacteria;p__Firmicutes;c__Clostridia;o__Clostridiales;f__Ruminococcaceae;g__;s__Ruminococcaceae_bacterium_D16	k__Bacteria;p__Firmicutes;c__Clostridia;o__Clostridiales;f__Lachnospiraceae;g__Coprococcus;s__Coprococcus_comes	k__Bacteria;p__Proteobacteria;c__Gammaproteobacteria;o__Enterobacterales;f__Enterobacteriaceae;g__Escherichia;s__Escherichia_coli	k__Bacteria;p__Firmicutes;c__Clostridia;o__Clostridiales;f__Ruminococcaceae;g__Anaerotruncus;s__Anaerotruncus_colihominis	k__Bacteria;p__Firmicutes;c__Clostridia;o__Clostridiales;f__Lachnospiraceae;g__Blautia;s__Blautia_obeum	k__Bacteria;p__Bacteroidetes;c__Bacteroidia;o__Bacteroidales;f__Odoribacteraceae;g__Odoribacter;s__Odoribacter_laneus	k__Bacteria;p__Firmicutes;c__Clostridia;o__Clostridiales;f__Ruminococcaceae;g__Ruminiclostridium;s__[Clostridium]_leptum	k__Bacteria;p__Bacteroidetes;c__Bacteroidia;o__Bacteroidales;f__Porphyromonadaceae;g__Parabacteroides;s__Parabacteroides_goldsteinii	k__Bacteria;p__Firmicutes;c__Clostridia;o__Clostridiales;f__Lachnospiraceae;g__Anaerostipes;s__Anaerostipes_hadrus	k__Bacteria;p__Firmicutes;c__Clostridia;o__Clostridiales;f__Ruminococcaceae;g__Ruminococcus;s__Ruminococcus_lactaris	k__Bacteria;p__Firmicutes;c__Clostridia;o__Clostridiales;f__Clostridiaceae;g__Clostridium;s__Clostridium_sp._L2-50	k__Bacteria;p__Firmicutes;c__Clostridia;o__Clostridiales;f__Clostridiaceae;g__Clostridium;s__Clostridium_sp._M62/1	k__Bacteria;p__Firmicutes;c__Clostridia;o__Clostridiales;f__;g__Intestinimonas;s__Intestinimonas_butyriciproducens	k__Bacteria;p__Actinobacteria;c__Actinobacteria;o__Bifidobacteriales;f__Bifidobacteriaceae;g__Bifidobacterium;s__Bifidobacterium_bifidum	k__Bacteria;p__Firmicutes;c__Negativicutes;o__Veillonellales;f__Veillonellaceae;g__Dialister;s__Dialister_invisus	k__Bacteria;p__Bacteroidetes;c__Bacteroidia;o__Bacteroidales;f__Bacteroidaceae;g__Bacteroides;s__Bacteroides_salanitronis
k__Bacteria;p__Bacteroidetes;c__Bacteroidia;o__Bacteroidales;f__Bacteroidaceae;g__Bacteroides;s__Bacteroides_vulgatus	1.0	-0.0133524970761	-0.0439570484653	0.0595190784445	0.014651517769	-0.0435107461534	-0.0536999676321	0.0173381955404	-0.0537863822137	0.0471722616971	0.00770050226874	-0.028801909729	-0.00532718798623	-0.0234294226081	-0.0212149686914	-0.0201406945585	-0.00752930285689	-0.0118380370516	-0.0251343532699	0.0232147785408	-0.0335829020954	0.0137766927508	-0.00800732722322	-0.0242131426035	-0.00256581091882	-0.0017457411395	-0.0124314187665	-0.0357190523499	-0.0138967973669	-0.00944632779899	-0.00327178110202	0.00358022211236	0.0385472460012	0.0452178142078	0.0133300227003	-0.0667647489196	0.00147529470526	-0.0245021960152	-0.0417797570132	0.0193592405174	-0.0360930931867	0.0112808139764	0.00535613808345	0.0550712811313	-0.0804181811019	-0.0147025113899	-0.0118442712094	-0.0343467294693	0.017219866759	-0.0164827505888	0.0173841021056	0.0701232103723	-0.00178402457764	-0.000955620881492	-0.0398423802873	-0.0405991629967	-0.0940115348853	-0.0336584886286	-0.0226042149908
k__Bacteria;p__Bacteroidetes;c__Bacteroidia;o__Bacteroidales;f__Bacteroidaceae;g__Bacteroides;s__Bacteroides_uniformis	-0.0133524970761	1.0	-0.00818719507992	-0.0313118370336	-0.00249663079594	-0.0652061927885	-0.0138774912201	-0.0410643666546	-0.0905067649895	-0.0304983359039	0.025499122564	-0.0331902887809	-0.0104773680356	0.0186982410474	-0.0180622037796	-0.0446236265573	-0.0394386269142	0.0219163719452	0.0193084978163	0.014607021107	-0.0490705455138	-0.0190087197653	-0.0320691449091	-0.0273092043073	-0.0466792884791	0.047756739166	-0.00697560417861	0.0233856969392	0.0219556479695	-0.0133030812621	0.00832012848368	0.00689650158541	-0.0115075699961	0.0137804729793	-0.0679991475751	0.00477723068217	0.0507626789784	-0.0249787481801	0.0337694514822	0.00816516888155	-0.0634599747383	0.00447282173517	0.0194928067357	0.00128167069042	0.019635884396	0.0100267906304	0.0112744523417	-0.0146653444596	0.0157844925004	0.0253898461757	-0.0379892664254	-0.0494220553335	-0.0131567848784	0.0306826820612	0.0431458572302	0.00568427650627	-0.000512025722412	-0.0330494461717	-0.0157110083584
k__Bacteria;p__Bacteroidetes;c__Bacteroidia;o__Bacteroidales;f__Rikenellaceae;g__Alistipes;s__Alistipes_putredinis	-0.0439570484653	-0.00818719507992	1.0	0.00420690589912	0.0304642874643	-0.0167870696335	0.0070168260917	0.0125920494112	0.0340254917162	-0.000460504686637	0.0293459847806	0.0153093946048	-0.0391956688777	0.0063162102979	0.00524405042037	-0.000612804501684	-0.0452910106458	0.0404120177402	-0.0367245362267	0.0152941419798	-0.0276498889316	0.0313777356194	-0.0246266576943	-0.0603050820069	0.0323972025624	0.044852133493	-0.0223470305601	-0.0202039449083	-0.0201081201038	0.0203939244743	-0.052226101423	-0.010841937835	0.0379427433931	0.00435634491981	0.0150139108164	-0.00425885678779	-0.0224739526563	-0.0481293883515	0.00988276794372	0.0309124264188	-0.0144509496759	0.015557746595	-0.0284282372163	0.0227740786869	-0.0277413772241	-0.0171398999432	-0.0210400009267	-0.017317907525	-0.0138322208055	0.0371563665204	-0.0629222344454	-0.034705941738	0.0177802876967	0.0269973208211	-0.0398877795639	0.0628147250725	-0.0618129206361	0.023383355619	0.0902961249588
k__Bacteria;p__Bacteroidetes;c__Bacteroidia;o__Bacteroidales;f__Prevotellaceae;g__Prevotella;s__Prevotella_copri	0.0595190784445	-0.0313118370336	0.00420690589912	1.0	0.0346216398526	-0.0261346747781	0.00793284048727	-0.0529542531672	-0.00470601150201	-0.0257102033722	-0.0476241728352	0.0306724936903	-0.087205628918	-0.0445467195136	0.036405033049	0.049140566486	-0.0331154213337	0.0365839717717	0.0447692442351	0.0496965750962	-0.0225942491861	-0.00894832626889	-0.0326845052618	-0.0381773672535	0.0080903153113	-0.00289282518281	0.0395629603812	-0.00990525647899	0.00298295097127	0.0617427228548	-0.0277006279216	0.0269321902686	-0.0271213370437	0.0178576636859	0.0112353826138	-0.00340418875206	0.0472303516153	0.00373834481033	-0.0375147841812	-0.0324091057946	0.00244902884924	-0.044901110059	-0.0154993202999	0.0185263823287	-0.0382497672959	-0.0313336344776	-0.0693252862676	-0.0380847161638	-0.0181337977463	-0.0253310036921	0.00738935159168	-0.0152207254287	-0.0476755316934	0.0372201401406	-0.019007491718	0.0224959976325	-0.013822851599	0.0200091955895	0.0196351952396
k__Bacteria;p__Bacteroidetes;c__Bacteroidia;o__Bacteroidales;f__Bacteroidaceae;g__Bacteroides;s__Bacteroides_stercoris	0.014651517769	-0.00249663079594	0.0304642874643	0.0346216398526	1.0	-0.0184905370929	-0.0399656200852	-0.00347960191705	0.00414857695459	0.000919989950478	0.0607041251531	-0.0164573410077	-0.0488097956754	-0.0190305102992	-0.0310726186233	-0.0829735889398	-0.00771029854655	-0.025469432008	-0.0139404706827	-0.0232852435217	-0.0151239280342	0.0316237530903	-0.0168123826431	0.000938462662534	-0.0272495094222	-0.0631675232128	-0.0256331504544	-0.0323227231882	-0.0107549653556	-0.0154900479629	0.0301037104095	-0.0442230175952	0.0648318491525	0.028069310856	-0.010796367957	-0.00945599267617	-0.00702048142461	-0.00678198165556	-0.0734912418113	0.0339090118639	-0.0370113734354	0.00331181213462	-0.0232025828077	-0.0238054697931	0.0285486432399	-0.0451580197271	0.0261274202813	-0.0189324936477	0.00119537723949	-0.0731760419977	-0.00372730478892	-0.000899700560508	-0.0403385861439	0.0577434985924	0.0111925730911	0.0112852927011	0.037140515869	-0.00994430553823	0.0475212058344
k__Bacteria;p__Bacteroidetes;c__Bacteroidia;o__Bacteroidales;f__Bacteroidaceae;g__Bacteroides;s__Bacteroides_ovatus	-0.0435107461534	-0.0652061927885	-0.0167870696335	-0.0261346747781	-0.0184905370929	1.0	0.0205732929146	-0.0419140535277	-0.0563449999417	0.0202485935725	0.000608021822826	0.00317518359723	-0.00606573104804	0.0325997022218	-0.0209580521905	-0.0297791702525	-0.0148423635583	0.0333672290411	-0.0546347456758	-0.0395095425687	0.0132592382467	0.00411938814059	0.00404046504458	-0.000706440051762	0.00221611966772	0.0232067608638	0.0526694433091	-0.0451707122766	0.0106861570091	-0.00461400953453	0.00632684488859	0.00756256035633	-0.000315799626008	-0.0157177661238	0.0499444474179	-0.047763898793	0.0182687826352	0.0203739024966	-0.0158332875642	-0.0240112500343	-0.00622220492211	-0.0104567368263	-0.0136068714874	-0.0290915590918	-0.0684661265211	0.0129285615951	0.0437150890339	0.00104523549578	-0.0351185951294	-0.01231733817	-0.0275006025002	-0.0370574813887	-0.0441537872256	-0.0704096278868	0.0495961627271	-0.026658637151	-0.0307872110196	0.0658847556836	0.0668399688287
k__Bacteria;p__Bacteroidetes;c__Bacteroidia;o__Bacteroidales;f__Rikenellaceae;g__Alistipes;s__Alistipes_shahii	-0.0536999676321	-0.0138774912201	0.0070168260917	0.00793284048727	-0.0399656200852	0.0205732929146	1.0	-0.0057485921959	-0.028930236938	0.007806643965	-0.0246244304532	0.00657327576563	0.0213857846394	-0.0245467878411	0.0391067761147	0.00340290990666	0.0226755505279	0.00757162635106	-0.0216455193339	0.00648906682801	-0.034503991275	-0.046469603551	-0.0359803751156	-0.00359360101016	-0.0280616426148	0.00225454327389	-0.0146307418029	0.0220808724655	-0.0265898778897	0.000775440192327	0.00451875210424	-0.0152421015777	-0.0194695071794	0.0469859066825	0.0127172241749	0.0545670075034	0.0210757505391	0.00543229734496	-0.0454099074924	0.0190172813217	0.0161756276001	0.0107157359235	-0.0238619812554	-0.0558758700526	-0.0306429207139	0.00114082928548	0.0166044792097	0.00174394643643	-0.02439886791	-0.0281858905349	0.00787067745504	-0.0142840732151	-0.0280895784869	0.0280714514062	0.0423227241046	-0.0291422634471	-0.0618282747808	-0.0363316218606	-0.0549307837353
k__Bacteria;p__Firmicutes;c__Clostridia;o__Clostridiales;f__Ruminococcaceae;g__Faecalibacterium;s__Faecalibacterium_prausnitzii	0.0173381955404	-0.0410643666546	0.0125920494112	-0.0529542531672	-0.00347960191705	-0.0419140535277	-0.0057485921959	1.0	0.00886957600718	0.00200024976667	0.0136460838462	-0.122333575355	0.053842129354	-0.0222850434676	0.009813785048	0.0401579884976	0.00672426616646	0.0359505352993	-0.0219729566866	-0.0534638388627	-0.000434112365827	-0.029509036437	-0.0415603405391	-0.0565132812367	0.0111072917528	-0.0112659483024	-0.0195223606255	-0.00722008387869	-0.0284010305978	-0.00842627703328	-0.063147080761	-0.00867059961053	0.0474534636927	-0.0145255552549	-0.006165740579	-0.0202669192562	-0.00911278226829	0.0543868453815	-0.0652848485553	-0.0139833394692	0.000680274725746	0.00904627444901	0.00908466826036	0.0225678975528	-0.00194944298342	-0.0220646672682	0.00604322584242	0.00618508622277	-0.0123404128148	-0.0103474808206	0.0613368970095	-0.00616076797747	-0.00177890100304	-0.0526681390385	-0.0111623789744	0.00203274614452	0.0532781720462	0.00560808862518	-0.0059663657661
k__Bacteria;p__Bacteroidetes;c__Bacteroidia;o__Bacteroidales;f__Rikenellaceae;g__Alistipes;s__Alistipes_finegoldii	-0.0537863822137	-0.0905067649895	0.0340254917162	-0.00470601150201	0.00414857695459	-0.0563449999417	-0.028930236938	0.00886957600718	1.0	-5.83617145277e-05	-0.0186469646744	0.00970911447093	0.0116949525261	0.056194454269	0.0705049100153	0.0177754627819	-0.00929606601346	0.0222748821594	-0.0660386782021	-0.0229325638114	0.0077405912708	0.00350653356709	-0.00590319683769	-0.0696210198462	-0.0258279160182	-0.0842422299654	-0.00722666143846	-0.0156710096333	-0.0183266468288	0.00251019234494	0.0125242012617	0.0138361129002	-0.0162166220677	-0.00201332580638	-0.0428579250285	-0.0818897802564	-0.0318123542175	-0.0382775934307	-0.016820026271	-0.000612040013134	0.055030579304	0.0091839993005	-0.0322433534912	-0.0235644570677	0.0160498821448	-0.0353912903599	-0.0230780062748	0.0528441837252	0.0312777446985	-0.0670571750803	-0.0232538451804	-0.0318940843454	-0.00586357747488	0.0140287268115	-0.00417689448098	0.0352261407407	-0.0360685441759	0.0070369340678	-0.0234302518554
k__Bacteria;p__Bacteroidetes;c__Bacteroidia;o__Bacteroidales;f__Porphyromonadaceae;g__Parabacteroides;s__Parabacteroides_distasonis	0.0471722616971	-0.0304983359039	-0.000460504686637	-0.0257102033722	0.000919989950478	0.0202485935725	0.007806643965	0.00200024976667	-5.83617145277e-05	1.0	-0.0469663787634	-0.0137086845576	-0.0212334901822	-0.00635336168088	-0.0124536412521	-0.00109912974156	-0.0700506905385	-0.0332274034004	0.0493528397922	-0.0111817073121	0.0191215992874	0.0436955112656	-0.0393455175864	0.0339160978028	0.00981029154291	-0.00683292328816	0.0562569236043	0.0318663522396	0.0139344672564	0.0401262097516	0.00989770835469	-0.0491215188309	-0.00480728639583	0.00262624582543	0.0255724307106	0.000945626595786	-0.0841655223616	0.00545124142214	0.013353424231	-0.0353949345518	-0.00555888274096	-0.00340482001316	-0.0239168297672	0.00685037496632	-0.000804790299659	0.0937020383951	-0.0236985365688	-0.0325157986238	-0.00505329165798	-0.0710996022722	0.0105614717526	0.019019538944	0.0167723468269	0.00493077327318	-0.0157329487593	-0.0139825075412	0.0014903165309	-0.00105810843383	-0.0610871541157
k__Bacteria;p__Bacteroidetes;c__Bacteroidia;o__Bacteroidales;f__Bacteroidaceae;g__Bacteroides;s__Bacteroides_thetaiotaomicron	0.00770050226874	0.025499122564	0.0293459847806	-0.0476241728352	0.0607041251531	0.000608021822825	-0.0246244304532	0.0136460838462	-0.0186469646744	-0.0469663787634	1.0	-0.0598809393853	-0.0146960026464	-0.0346333606299	0.0120177001117	-0.0172207923931	-0.0436734784625	-0.0513174808825	0.0295182555492	-0.0258668677652	-0.0201120194436	-0.0276655998746	0.0107235174177	-0.0162850883821	-0.0266325907222	0.0247558240094	-0.020228280286	0.0205780011775	-0.0141192015997	-0.0234076035816	0.0110583514627	0.00467123805278	0.00215421253994	0.00590148959471	-0.00808101721737	-0.00649991721761	0.0450570510297	-0.0601351955376	0.0110061413868	-0.00154368197582	-0.0279844996329	0.00162285621476	0.0088235948738	-0.0700740041893	0.0301749389765	0.0188299849564	0.00157541488612	-0.00920668057264	0.000176889377181	-0.0504932780931	-0.0198066422398	-0.0289044878524	-0.022776531595	0.0336481518331	-0.0068245630396	-0.0133840069215	-0.00231217902742	0.0398539187503	-0.056223681518
k__Bacteria;p__Bacteroidetes;c__Bacteroidia;o__Bacteroidales;f__Bacteroidaceae;g__Bacteroides;s__Bacteroides_coprocola	-0.028801909729	-0.0331902887809	0.0153093946048	0.0306724936903	-0.0164573410077	0.00317518359723	0.00657327576563	-0.122333575355	0.00970911447093	-0.0137086845576	-0.0598809393853	1.0	0.040791383178	0.0124242437373	0.023393270232	0.0213856816893	0.01893469222	-0.0197699487556	-0.01224762985	-0.0164366185858	-0.00944176742479	-0.0406650418836	-0.0159563630288	0.0051174656479	-0.0277622552994	0.0389558779983	-0.0366174885463	-0.047420899871	0.023160723431	0.0367150972299	-0.00488563279737	0.0387554376813	-0.0749509073088	-0.0427086703706	0.0517497039478	0.0401663555493	-0.0273745434464	0.0159529418204	0.0602998913384	0.00642541349895	0.0254453597963	-0.0102920390084	-0.0252843719852	-0.102472997966	0.0535707487943	-0.0301722524424	0.0271435424553	0.00613278114629	-0.013709337444	-0.0491231320475	-0.0304678726088	0.00600439551549	-0.0227872111695	0.0203045873533	-0.0231624845335	-0.0396087265929	-0.00290908526074	0.0144591621397	0.0497230672868
k__Bacteria;p__Bacteroidetes;c__Bacteroidia;o__Bacteroidales;f__Bacteroidaceae;g__Bacteroides;s__Bacteroides_cellulosilyticus	-0.00532718798623	-0.0104773680356	-0.0391956688777	-0.087205628918	-0.0488097956754	-0.00606573104804	0.0213857846394	0.053842129354	0.0116949525261	-0.0212334901822	-0.0146960026464	0.040791383178	1.0	0.0404992541277	0.00546012250519	-0.00958863242778	-0.00598609552579	-0.00966544908933	-0.0152691258624	-0.0361564622134	-0.0469895896462	-0.0322460707403	0.0124490718078	-0.016053203331	0.0149538999709	-0.00184829339495	-0.0748567795534	-0.0257723436104	-0.0581913080823	-0.0541376631832	-0.0555413493016	0.0557050630249	-0.0161270035015	0.0214835053143	-0.0112752531901	0.00414438849519	-0.00576767693254	-0.0264447843364	0.0364707902965	-0.0177137209234	-0.0081265791276	0.000923884893889	0.0257525745826	0.00971833860719	-0.011872948546	-0.0132713233202	0.00159711137924	-0.0275022380441	-0.0888063694308	-0.0280319128191	-0.0074283823252	0.023787570435	0.00373971124819	0.0346124317369	0.0389283376667	0.00200461424428	-0.0294517384146	0.00393385758307	-0.0216221973752
k__Bacteria;p__Bacteroidetes;c__Bacteroidia;o__Bacteroidales;f__Rikenellaceae;g__Alistipes;s__Alistipes_obesi	-0.0234294226081	0.0186982410474	0.0063162102979	-0.0445467195136	-0.0190305102992	0.0325997022218	-0.0245467878411	-0.0222850434676	0.056194454269	-0.00635336168088	-0.0346333606299	0.0124242437373	0.0404992541277	1.0	0.0670945762929	-0.0340769193071	-0.0151819579643	-0.0174210430076	-0.0111830532101	0.0538706654047	-0.0238626603836	-0.0664798809347	-0.02217851166	0.0165426108774	-0.0272187568131	-0.0257173755313	-0.00132540447985	-0.00967949477102	-0.00219477773592	-0.0158946982901	0.000187526991454	0.0545641209379	-0.0125325985676	-0.0616095307665	-0.0429198340391	-0.0520687979895	0.0143928138954	0.0203056071447	0.0074420922412	-0.0297803277227	0.0413781908531	-0.00315777561257	0.0268140394178	0.00138813428907	0.071373393067	0.0300312078485	0.0105181947028	-0.0118457087689	0.00866441855315	0.00275974170685	0.034728665149	-0.0539649288632	0.00293661497553	0.00952767960618	-0.0192917879807	-0.0046366454696	-0.0257555796778	-0.0479727379916	-0.0123134572564
k__Bacteria;p__Firmicutes;c__Clostridia;o__Clostridiales;f__Lachnospiraceae;g__;s__[Eubacterium]_rectale	-0.0212149686914	-0.0180622037796	0.00524405042037	0.036405033049	-0.0310726186233	-0.0209580521905	0.0391067761147	0.009813785048	0.0705049100153	-0.0124536412521	0.0120177001117	0.023393270232	0.00546012250519	0.0670945762929	1.0	0.0198113182813	-0.0452525849026	0.0300516793614	0.0275318080332	-0.0571305882721	0.0148123898675	0.0471169902863	0.0200304402804	-0.0211067888175	-0.0233857761543	0.00599090365399	-0.0100193182664	0.0670774376056	0.066369367717	-0.0180589538888	-0.0173000894294	0.00209198980175	0.00523178204774	-0.0209672515906	-0.0395079256464	0.0238493519018	-0.0723086972468	0.0114244221566	-0.0700312355048	-0.133779993822	-0.0022236930401	-0.0448517318635	-0.0382633929598	0.00314903360934	-0.0234475706552	-0.00983433355144	-0.0208955787748	0.00108132789258	0.0282180468123	0.0152483794756	-0.0173293014614	-0.0585785851621	-0.0048214649237	-0.0123761646222	-0.0186646607223	0.0188375361066	-0.0705652574821	0.0420678291669	0.0227302551878
k__Bacteria;p__Bacteroidetes;c__Bacteroidia;o__Bacteroidales;f__Bacteroidaceae;g__Bacteroides;s__Bacteroides_plebeius	-0.0201406945585	-0.0446236265573	-0.000612804501684	0.049140566486	-0.0829735889398	-0.0297791702525	0.00340290990666	0.0401579884976	0.0177754627819	-0.00109912974156	-0.0172207923931	0.0213856816893	-0.00958863242778	-0.0340769193071	0.0198113182813	1.0	0.0213806626668	0.0143666116373	-0.00923516357328	-0.0116181931911	-0.00965302616638	0.0350889189732	0.0130824539804	-0.020054326569	-0.0295436628407	0.0165934264632	0.00606346195939	0.0178900895456	-0.00242168030115	0.00382861395405	-0.0245262348436	-0.0210826203545	-0.0161502280842	0.00109459436358	-0.00721133648617	-0.0543571093846	0.00747584372081	-0.0308238253449	-0.037503474978	-0.0505447097989	-0.0439366427962	0.00237666284569	-0.00495936482011	-0.000214987838274	0.0404826476918	0.00830805152828	-0.0124382428008	0.00398869922024	0.0350212678387	0.0203490826594	-0.0241236680162	-0.00189457411573	0.0156005727534	-0.0305197188855	0.00543711301452	-0.0355787580174	-0.0140077125848	-0.0147563204814	0.0345571966875
k__Bacteria;p__Bacteroidetes;c__Bacteroidia;o__Bacteroidales;f__Bacteroidaceae;g__Bacteroides;s__Bacteroides_fragilis	-0.00752930285688	-0.0394386269142	-0.0452910106458	-0.0331154213337	-0.00771029854655	-0.0148423635583	0.0226755505279	0.00672426616646	-0.00929606601346	-0.0700506905385	-0.0436734784625	0.01893469222	-0.00598609552579	-0.0151819579643	-0.0452525849026	0.0213806626668	1.0	-0.00546311406718	-0.0111775623007	-0.0310713363349	-0.0327143837846	0.0122083183499	0.000746921672572	0.0114417744486	0.0407456515565	-0.000609898127986	-0.0173334124979	-0.0218177659266	-0.0167665722773	-0.0449826256843	-0.0302786092829	0.0179779631413	-0.0246677942483	-0.0566014047868	-0.0225827436323	-0.000192147468378	-0.0335771222709	0.00807685681459	-5.88665945732e-05	-0.0252714077165	-0.00739980301943	0.00176266725704	-0.00229610496653	0.0246536577956	-0.0435351732559	-0.0247152210479	0.0561063374963	-0.0432212044524	0.0266292992275	0.0331145426198	-0.000732254902106	0.029323399431	0.0143611004889	-0.0496261702782	0.0173817920554	-0.00397637123586	0.00326365618118	0.0415587348446	-0.074402440217
k__Bacteria;p__Proteobacteria;c__Betaproteobacteria;o__Burkholderiales;f__Sutterellaceae;g__Sutterella;s__Sutterella_wadsworthensis	-0.0118380370516	0.0219163719452	0.0404120177402	0.0365839717717	-0.025469432008	0.0333672290411	0.00757162635106	0.0359505352993	0.0222748821594	-0.0332274034004	-0.0513174808825	-0.0197699487556	-0.00966544908933	-0.0174210430076	0.0300516793614	0.0143666116373	-0.00546311406718	1.0	-0.00551008637958	-0.0262714480101	-0.0286930833502	-0.0182324816249	0.0480229467581	-0.0340959942532	-0.0235629690081	0.00203607094624	0.0300400394258	-0.0308109270648	-0.0688287996256	0.0213181500364	-0.00882538788958	0.00079615172042	-0.0696636900648	0.0670469736356	-0.0737141921649	0.0587389787737	-0.0650009633341	-0.00409762639775	0.0326109743147	-0.0158961861492	0.00202969024194	0.00114327711284	-0.0362365010756	-0.0194133316932	-0.0328818968082	-0.0299935660177	-0.00776105669005	-0.0460846118609	-0.0885235953023	-0.02753925511	0.023588556036	0.0563476392581	-0.0409594630779	-0.0374517317296	0.0471392248296	-0.0425027361019	0.0577271956799	0.0555989485583	-0.0438399113868
k__Bacteria;p__Bacteroidetes;c__Bacteroidia;o__Bacteroidales;f__Porphyromonadaceae;g__Barnesiella;s__Barnesiella_intestinihominis	-0.0251343532699	0.0193084978163	-0.0367245362267	0.0447692442351	-0.0139404706827	-0.0546347456758	-0.0216455193339	-0.0219729566866	-0.0660386782021	0.0493528397922	0.0295182555492	-0.01224762985	-0.0152691258624	-0.0111830532101	0.0275318080332	-0.00923516357328	-0.0111775623007	-0.00551008637958	1.0	-0.0118158433416	0.0299045833387	0.0140634965945	-0.0460903062068	0.0495187570738	-0.0498614916116	0.00711683850242	-0.00854585382835	-0.0132871260859	-0.0224793022716	-0.0373608268654	0.0103591623672	-0.0581099555767	0.00577731052305	-0.0159864077221	-0.00721945944395	-0.0222404192363	-0.00569666278012	0.0294532023121	0.00866664067889	0.0520352264468	-0.098672208752	-0.0454376528664	0.0557736755817	-0.00821360212957	-0.0268043150176	0.00466004919477	-0.0454683577825	-0.00718563936893	0.0408073518879	-0.0626371755609	-0.00211746150061	0.00526654635743	0.0162768112877	0.0131882583485	-0.0176201467589	-0.00332905937846	0.0112499524911	-0.000656114440786	-0.0436065878106
k__Bacteria;p__Bacteroidetes;c__Bacteroidia;o__Bacteroidales;f__Odoribacteraceae;g__Odoribacter;s__Odoribacter_splanchnicus	0.0232147785408	0.014607021107	0.0152941419798	0.0496965750962	-0.0232852435217	-0.0395095425687	0.00648906682801	-0.0534638388627	-0.0229325638114	-0.0111817073121	-0.0258668677652	-0.0164366185858	-0.0361564622134	0.0538706654047	-0.0571305882721	-0.0116181931911	-0.0310713363349	-0.0262714480101	-0.0118158433416	1.0	-0.0404907240352	-0.00387359932346	-0.0301910621019	0.00919879010089	-0.0295938033698	0.00469026978785	-0.0425889890327	0.036282102907	0.0110453752529	0.010012968486	0.0443893292179	0.0313200177357	-0.029492368172	-0.0391019716253	0.00749701531086	0.0200716885805	-0.035305730725	-0.0157922731961	-0.0231013347363	0.051311326576	0.0248882031964	-0.00918195344241	-0.018619320188	0.0545775223225	0.000532666838078	-0.00569553905299	-0.00915641708487	-0.0621429856878	-0.0365592053865	0.0289867552957	0.00872635108184	-0.0566719811574	-0.00601567210449	-0.0196377986547	0.00664714651985	-0.0198983641616	-0.0180539327782	-0.0114445680028	0.021321486781
k__Bacteria;p__Bacteroidetes;c__Bacteroidia;o__Bacteroidales;f__Bacteroidaceae;g__Bacteroides;s__Bacteroides_salyersiae	-0.0335829020954	-0.0490705455138	-0.0276498889316	-0.0225942491861	-0.0151239280342	0.0132592382467	-0.034503991275	-0.000434112365827	0.0077405912708	0.0191215992874	-0.0201120194436	-0.00944176742479	-0.0469895896462	-0.0238626603836	0.0148123898675	-0.00965302616638	-0.0327143837846	-0.0286930833502	0.0299045833387	-0.0404907240352	1.0	-0.0322626620958	0.0419710884508	-0.0026144188185	-0.00841259399724	0.0297560810034	0.00878041571366	-0.0627883467751	0.0281945296019	-0.0357045440284	0.0251479407197	-0.00898561919572	0.0470210737576	-0.0270921870107	-0.0187270877601	0.00577132401617	0.033422636607	0.0572563372181	-0.0207246947772	-0.0396481174451	0.0224223521411	0.0200363545588	-0.00706496541619	-0.0217225803232	0.0461543719948	-0.02738900736	-0.0455263625744	-0.00191575401985	-0.0480255058715	-0.0546754143018	0.0364206600379	-0.0237910271164	-0.0562248508097	-0.0537120754562	0.0280162910782	-0.0344676071622	-0.0318836850622	-0.0185270568769	0.00186779010862
k__Bacteria;p__Firmicutes;c__Clostridia;o__Clostridiales;f__Ruminococcaceae;g__Ruminiclostridium;s__[Eubacterium]_siraeum	0.0137766927508	-0.0190087197653	0.0313777356194	-0.00894832626889	0.0316237530903	0.00411938814059	-0.046469603551	-0.029509036437	0.00350653356709	0.0436955112656	-0.0276655998746	-0.0406650418836	-0.0322460707403	-0.0664798809347	0.0471169902863	0.0350889189732	0.0122083183499	-0.0182324816249	0.0140634965945	-0.00387359932346	-0.0322626620958	1.0	-0.019241689343	0.0218223026421	0.0312577012351	-0.0393262312438	0.0497897894494	0.00718226995085	0.0130197840326	-0.011243958997	0.0449537198518	-0.0309603649625	-0.00145229213345	0.00962567507509	-0.0241859367764	-0.0417249817626	-0.0622058843628	0.00239598644703	0.0240069478415	-0.066752884886	-0.0364420018448	0.00262878407599	0.0147615301252	0.00982250712304	-0.0150672735032	-0.0322987600447	-0.0546360322854	0.000529738487303	-0.00119084468161	0.0529348481819	-0.0293553860025	0.0213806280867	-0.0341702614121	-0.0506661211025	-0.0202894000403	-0.0292121107261	-0.0119171434046	-0.0110306101869	0.0216321370656
k__Bacteria;p__Proteobacteria;c__Betaproteobacteria;o__Burkholderiales;f__Sutterellaceae;g__Parasutterella;s__Parasutterella_excrementihominis	-0.00800732722322	-0.0320691449091	-0.0246266576943	-0.0326845052618	-0.0168123826431	0.00404046504458	-0.0359803751156	-0.0415603405391	-0.00590319683769	-0.0393455175864	0.0107235174177	-0.0159563630288	0.0124490718078	-0.02217851166	0.0200304402804	0.0130824539804	0.000746921672572	0.0480229467581	-0.0460903062068	-0.0301910621019	0.0419710884508	-0.019241689343	1.0	-0.0190103778905	-0.00131798164997	-0.0061365830831	-0.0113540363449	0.02777101652	-0.0445020590363	0.0279683603123	0.0194793212628	0.0149571757827	0.0221760955011	0.0304577490532	0.0563633963891	-0.0694809002877	-0.0113868236499	-0.0229346612642	0.0430801914457	-0.021874126282	0.0671648988356	0.0360934621422	-0.00674771235748	-0.0513372469589	-0.0495137024282	-0.0108815250075	-0.0288317910679	-0.0650187949803	0.0210865096345	0.00715183808	0.00943219557462	0.0022191711284	-0.0100085279138	0.00282513130964	0.00422003781471	-0.0836163843447	-0.000681269690148	0.0603266040356	0.0253177614432
k__Bacteria;p__Actinobacteria;c__Actinobacteria;o__Bifidobacteriales;f__Bifidobacteriaceae;g__Bifidobacterium;s__Bifidobacterium_adolescentis	-0.0242131426035	-0.0273092043073	-0.0603050820069	-0.0381773672535	0.000938462662534	-0.000706440051762	-0.00359360101016	-0.0565132812367	-0.0696210198462	0.0339160978028	-0.0162850883821	0.0051174656479	-0.016053203331	0.0165426108774	-0.0211067888175	-0.020054326569	0.0114417744486	-0.0340959942532	0.0495187570738	0.00919879010089	-0.0026144188185	0.0218223026421	-0.0190103778905	1.0	-0.0101613608461	-0.0272057142229	-0.0033965824594	0.031760937396	0.0560900174599	0.00524346174392	-0.00684042645734	-0.0337898500417	0.00528086236482	-0.0848711411668	-0.000562541469359	0.0121107248285	-0.0260412491635	-0.0677832963075	0.0643009399353	0.00343395080791	-0.0015233315183	-0.0351158206086	0.0509175008689	0.0482717109635	0.0260788861226	0.0667298288673	-0.0191313162227	0.025088696426	-0.0253234327604	0.0215208253991	-0.00231672682127	-0.0158329422052	0.00399262679382	-0.0496690944907	-0.004149359183	0.0403581340246	-0.0605940109477	-0.0338876263467	0.0128948653011
k__Bacteria;p__Firmicutes;c__Clostridia;o__Clostridiales;f__Oscillospiraceae;g__Oscillibacter;s__Oscillibacter_sp._KLE_1745	-0.00256581091882	-0.0466792884791	0.0323972025624	0.0080903153113	-0.0272495094222	0.00221611966772	-0.0280616426148	0.0111072917528	-0.0258279160182	0.00981029154291	-0.0266325907222	-0.0277622552994	0.0149538999709	-0.0272187568131	-0.0233857761543	-0.0295436628407	0.0407456515565	-0.0235629690081	-0.0498614916116	-0.0295938033698	-0.00841259399724	0.0312577012351	-0.00131798164997	-0.0101613608461	1.0	0.00256312760744	-0.00372344664958	-0.0519953372058	-0.00493931483141	-0.0441183151946	-0.012874285479	-0.0995093851574	-0.0105913922676	-0.0390273409291	0.0371157043032	0.00908345177968	-0.033993540454	0.0186389061263	-0.0497843553255	-0.0313594214908	0.0469854122518	-0.0225453028649	-0.0340674732117	0.0560883099336	0.0811669284309	-0.00362338920386	0.0515651580527	-0.00119092100419	-0.0537388326083	-0.0742908875993	0.0098573087391	0.0170257850988	-0.0788897519966	0.0555027978807	-0.01588900544	-0.0207790136532	-0.0152313007536	-0.0414043238953	-0.00867073780063
k__Bacteria;p__Bacteroidetes;c__Bacteroidia;o__Bacteroidales;f__Bacteroidaceae;g__Bacteroides;s__Bacteroides_coprophilus	-0.0017457411395	0.047756739166	0.044852133493	-0.00289282518281	-0.0631675232128	0.0232067608638	0.00225454327389	-0.0112659483024	-0.0842422299654	-0.00683292328816	0.0247558240094	0.0389558779983	-0.00184829339495	-0.0257173755313	0.00599090365399	0.0165934264632	-0.000609898127986	0.00203607094624	0.00711683850242	0.00469026978785	0.0297560810034	-0.0393262312438	-0.0061365830831	-0.0272057142229	0.00256312760744	1.0	0.0706050879775	-0.0715700867753	0.0692002403413	0.0495551483273	0.00232716844398	-0.00948614223313	-0.0469007595478	0.0339498919854	0.054365836969	0.0562361156492	-0.0117309433952	0.0216525937118	-0.00316867316861	-0.0533281476787	-0.0439129853768	-0.00378955747529	1.15835668042e-05	0.0050146771262	-0.0325679120811	-0.0674013804149	-0.000721497528646	0.0096641907198	-0.0709877270942	-0.0368477995109	-0.00646625887217	-0.0226146131214	-0.022494749265	-0.0433996284114	-0.0233656456423	-0.00846708504157	-0.0326046822695	0.0406782897811	-0.0570491943493
k__Bacteria;p__Firmicutes;c__Clostridia;o__Clostridiales;f__Lachnospiraceae;g__Roseburia;s__Roseburia_intestinalis	-0.0124314187665	-0.00697560417861	-0.0223470305601	0.0395629603812	-0.0256331504544	0.0526694433091	-0.0146307418029	-0.0195223606255	-0.00722666143846	0.0562569236043	-0.020228280286	-0.0366174885463	-0.0748567795534	-0.00132540447985	-0.0100193182664	0.00606346195939	-0.0173334124979	0.0300400394258	-0.00854585382835	-0.0425889890327	0.00878041571366	0.0497897894494	-0.0113540363449	-0.0033965824594	-0.00372344664958	0.0706050879775	1.0	0.0235584919917	-0.0105039758714	0.0107060846991	-0.0225969584853	-0.0567073337198	-0.0556626064588	-0.0391529463717	0.00889284172149	0.0581662298849	-0.0157374031644	-0.0153983289034	-0.0489073127431	-0.0235352606779	0.0216970644735	-0.0122734244839	-0.0418416238471	0.0309883734637	-0.0245451773203	-0.00101144453387	0.0311496081601	-0.00221215819837	0.0118789971221	-0.0422848483977	-0.00580396812974	0.0243072854425	0.0231111571064	-0.0458048786209	0.0426758349256	-0.036620342175	0.00900261871947	-0.00515312650824	-0.036092286176
k__Bacteria;p__Firmicutes;c__Clostridia;o__Clostridiales;f__Lachnospiraceae;g__Roseburia;s__Roseburia_hominis	-0.0357190523499	0.0233856969392	-0.0202039449083	-0.00990525647899	-0.0323227231882	-0.0451707122767	0.0220808724655	-0.00722008387869	-0.0156710096333	0.0318663522396	0.0205780011775	-0.047420899871	-0.0257723436104	-0.00967949477102	0.0670774376056	0.0178900895456	-0.0218177659266	-0.0308109270648	-0.0132871260859	0.036282102907	-0.0627883467751	0.00718226995085	0.02777101652	0.031760937396	-0.0519953372058	-0.0715700867753	0.0235584919917	1.0	-0.0231375048741	0.00455718476559	-0.0318285756996	-0.0197950451967	-0.00517968223799	-0.00733450182981	-0.0144727569721	-0.0394950928394	0.00287825612316	-0.0217772699746	-0.0463956428916	0.034239593742	-0.024826515771	0.00876764509487	0.00812047808065	-0.0402451145017	-0.0112000092591	-0.0248057077629	-0.0268562063163	0.0087099724619	0.0343846909344	0.0123191284405	-0.00928614464012	0.0852014779534	-0.00319591119758	0.0338324447191	0.0571692461401	-0.000497740244045	-0.0126375147153	-0.0227781505524	-0.0109816947092
k__Bacteria;p__Bacteroidetes;c__Bacteroidia;o__Bacteroidales;f__Porphyromonadaceae;g__Parabacteroides;s__Parabacteroides_johnsonii	-0.0138967973669	0.0219556479695	-0.0201081201038	0.00298295097127	-0.0107549653556	0.0106861570091	-0.0265898778897	-0.0284010305978	-0.0183266468288	0.0139344672564	-0.0141192015997	0.023160723431	-0.0581913080823	-0.00219477773592	0.066369367717	-0.00242168030115	-0.0167665722773	-0.0688287996256	-0.0224793022716	0.0110453752529	0.0281945296019	0.0130197840326	-0.0445020590363	0.0560900174599	-0.00493931483141	0.0692002403413	-0.0105039758714	-0.0231375048741	1.0	-0.044335136001	0.0307659673149	-0.0273057480714	-0.0131239585877	-0.00881583314517	0.0620773977018	-0.0432019146261	0.0797638371826	-0.028466993054	-0.0524586397302	0.00657280373215	-0.0105098234583	-0.00881209370306	0.0169855232425	0.0326778322424	0.0244102045753	-0.0321377645581	-0.0320373256502	0.0215906727398	-0.00792186512946	0.030113589161	-0.0357624555254	-0.0221294563186	0.0116328564151	-0.0296077308507	-0.0384127228827	-0.0210166693767	0.0436486259331	0.0202942421522	-0.0177687932825
