#taxonomy	k__Bacteria;p__Bacteroidetes;c__Bacteroidia;o__Bacteroidales;f__Bacteroidaceae;g__Bacteroides;s__Bacteroides_vulgatus	k__Bacteria;p__Bacteroidetes;c__Bacteroidia;o__Bacteroidales;f__Bacteroidaceae;g__Bacteroides;s__Bacteroides_uniformis	k__Bacteria;p__Bacteroidetes;c__Bacteroidia;o__Bacteroidales;f__Rikenellaceae;g__Alistipes;s__Alistipes_putredinis	k__Bacteria;p__Bacteroidetes;c__Bacteroidia;o__Bacteroidales;f__Prevotellaceae;g__Prevotella;s__Prevotella_copri	k__Bacteria;p__Bacteroidetes;c__Bacteroidia;o__Bacteroidales;f__Bacteroidaceae;g__Bacteroides;s__Bacteroides_stercoris	k__Bacteria;p__Bacteroidetes;c__Bacteroidia;o__Bacteroidales;f__Bacteroidaceae;g__Bacteroides;s__Bacteroides_ovatus	k__Bacteria;p__Bacteroidetes;c__Bacteroidia;o__Bacteroidales;f__Rikenellaceae;g__Alistipes;s__Alistipes_shahii	k__Bacteria;p__Firmicutes;c__Clostridia;o__Clostridiales;f__Ruminococcaceae;g__Faecalibacterium;s__Faecalibacterium_prausnitzii	k__Bacteria;p__Bacteroidetes;c__Bacteroidia;o__Bacteroidales;f__Rikenellaceae;g__Alistipes;s__Alistipes_finegoldii	k__Bacteria;p__Bacteroidetes;c__Bacteroidia;o__Bacteroidales;f__Porphyromonadaceae;g__Parabacteroides;s__Parabacteroides_distasonis	k__Bacteria;p__Bacteroidetes;c__Bacteroidia;o__Bacteroidales;f__Bacteroidaceae;g__Bacteroides;s__Bacteroides_thetaiotaomicron	k__Bacteria;p__Bacteroidetes;c__Bacteroidia;o__Bacteroidales;f__Bacteroidaceae;g__Bacteroides;s__Bacteroides_coprocola	k__Bacteria;p__Bacteroidetes;c__Bacteroidia;o__Bacteroidales;f__Bacteroidaceae;g__Bacteroides;s__Bacteroides_cellulosilyticus	k__Bacteria;p__Bacteroidetes;c__Bacteroidia;o__Bacteroidales;f__Rikenellaceae;g__Alistipes;s__Alistipes_obesi	k__Bacteria;p__Firmicutes;c__Clostridia;o__Clostridiales;f__Lachnospiraceae;g__;s__[Eubacterium]_rectale	k__Bacteria;p__Bacteroidetes;c__Bacteroidia;o__Bacteroidales;f__Bacteroidaceae;g__Bacteroides;s__Bacteroides_plebeius	k__Bacteria;p__Bacteroidetes;c__Bacteroidia;o__Bacteroidales;f__Bacteroidaceae;g__Bacteroides;s__Bacteroides_fragilis	k__Bacteria;p__Proteobacteria;c__Betaproteobacteria;o__Burkholderiales;f__Sutterellaceae;g__Sutterella;s__Sutterella_wadsworthensis	k__Bacteria;p__Bacteroidetes;c__Bacteroidia;o__Bacteroidales;f__Porphyromonadaceae;g__Barnesiella;s__Barnesiella_intestinihominis	k__Bacteria;p__Bacteroidetes;c__Bacteroidia;o__Bacteroidales;f__Odoribacteraceae;g__Odoribacter;s__Odoribacter_splanchnicus	k__Bacteria;p__Bacteroidetes;c__Bacteroidia;o__Bacteroidales;f__Bacteroidaceae;g__Bacteroides;s__Bacteroides_salyersiae	k__Bacteria;p__Firmicutes;c__Clostridia;o__Clostridiales;f__Ruminococcaceae;g__Ruminiclostridium;s__[Eubacterium]_siraeum	k__Bacteria;p__Proteobacteria;c__Betaproteobacteria;o__Burkholderiales;f__Sutterellaceae;g__Parasutterella;s__Parasutterella_excrementihominis	k__Bacteria;p__Actinobacteria;c__Actinobacteria;o__Bifidobacteriales;f__Bifidobacteriaceae;g__Bifidobacterium;s__Bifidobacterium_adolescentis	k__Bacteria;p__Firmicutes;c__Clostridia;o__Clostridiales;f__Oscillospiraceae;g__Oscillibacter;s__Oscillibacter_sp._KLE_1745	k__Bacteria;p__Bacteroidetes;c__Bacteroidia;o__Bacteroidales;f__Bacteroidaceae;g__Bacteroides;s__Bacteroides_coprophilus	k__Bacteria;p__Firmicutes;c__Clostridia;o__Clostridiales;f__Lachnospiraceae;g__Roseburia;s__Roseburia_intestinalis	k__Bacteria;p__Firmicutes;c__Clostridia;o__Clostridiales;f__Lachnospiraceae;g__Roseburia;s__Roseburia_hominis	k__Bacteria;p__Bacteroidetes;c__Bacteroidia;o__Bacteroidales;f__Porphyromonadaceae;g__Parabacteroides;s__Parabacteroides_johnsonii	k__Bacteria;p__Actinobacteria;c__Actinobacteria;o__Bifidobacteriales;f__Bifidobacteriaceae;g__Bifidobacterium;s__Bifidobacterium_longum	k__Bacteria;p__Firmicutes;c__Clostridia;o__Clostridiales;f__;g__Flavonifractor;s__Flavonifractor_plautii	k__Bacteria;p__Firmicutes;c__Clostridia;o__Clostridiales;f__Clostridiaceae;g__Clostridium;s__Clostridium_phoceensis	k__Bacteria;p__Verrucomicrobia;c__Verrucomicrobiae;o__Verrucomicrobiales;f__Akkermansiaceae;g__Akkermansia;s__Akkermansia_muciniphila	k__Bacteria;p__Bacteroidetes;c__Bacteroidia;o__Bacteroidales;f__Prevotellaceae;g__Paraprevotella;s__Paraprevotella_xylaniphila	k__Bacteria;p__Firmicutes;c__Clostridia;o__Clostridiales;f__Ruminococcaceae;g__Ruminococcus;s__Ruminococcus_callidus	k__Bacteria;p__Bacteroidetes;c__Bacteroidia;o__Bacteroidales;f__Rikenellaceae;g__Alistipes;s__Alistipes_senegalensis	k__Bacteria;p__Firmicutes;c__Clostridia;o__Clostridiales;f__Lachnospiraceae;g__Blautia;s__Blautia_sp._KLE_1732	k__Bacteria;p__Bacteroidetes;c__Bacteroidia;o__Bacteroidales;f__Bacteroidaceae;g__Bacteroides;s__Bacteroides_oleiciplenus	k__Bacteria;p__Firmicutes;c__Clostridia;o__Clostridiales;f__Ruminococcaceae;g__Ruminococcus;s__Ruminococcus_bicirculans	k__Bacteria;p__Bacteroidetes;c__Bacteroidia;o__Bacteroidales;f__Bacteroidaceae;g__Bacteroides;s__Bacteroides_fluxus	k__Bacteria;p__Bacteroidetes;c__Bacteroidia;o__Bacteroidales;f__Prevotellaceae;g__Prevotella;s__Prevotella_stercorea	k__Bacteria;p__Firmicutes;c__Clostridia;o__Clostridiales;f__Lachnospiraceae;g__Dorea;s__Dorea_longicatena	k__Bacteria;p__Firmicutes;c__Clostridia;o__Clostridiales;f__Eubacteriaceae;g__Eubacterium;s__[Eubacterium]_eligens	k__Bacteria;p__Firmicutes;c__Clostridia;o__Clostridiales;f__Ruminococcaceae;g__;s__Ruminococcaceae_bacterium_D16	k__Bacteria;p__Firmicutes;c__Clostridia;o__Clostridiales;f__Lachnospiraceae;g__Coprococcus;s__Coprococcus_comes	k__Bacteria;p__Proteobacteria;c__Gammaproteobacteria;o__Enterobacterales;f__Enterobacteriaceae;g__Escherichia;s__Escherichia_coli	k__Bacteria;p__Firmicutes;c__Clostridia;o__Clostridiales;f__Ruminococcaceae;g__Anaerotruncus;s__Anaerotruncus_colihominis	k__Bacteria;p__Firmicutes;c__Clostridia;o__Clostridiales;f__Lachnospiraceae;g__Blautia;s__Blautia_obeum	k__Bacteria;p__Bacteroidetes;c__Bacteroidia;o__Bacteroidales;f__Odoribacteraceae;g__Odoribacter;s__Odoribacter_laneus	k__Bacteria;p__Firmicutes;c__Clostridia;o__Clostridiales;f__Ruminococcaceae;g__Ruminiclostridium;s__[Clostridium]_leptum	k__Bacteria;p__Bacteroidetes;c__Bacteroidia;o__Bacteroidales;f__Porphyromonadaceae;g__Parabacteroides;s__Parabacteroides_goldsteinii	k__Bacteria;p__Firmicutes;c__Clostridia;o__Clostridiales;f__Lachnospiraceae;g__Anaerostipes;s__Anaerostipes_hadrus	k__Bacteria;p__Firmicutes;c__Clostridia;o__Clostridiales;f__Ruminococcaceae;g__Ruminococcus;s__Ruminococcus_lactaris	k__Bacteria;p__Firmicutes;c__Clostridia;o__Clostridiales;f__Clostridiaceae;g__Clostridium;s__Clostridium_sp._L2-50	k__Bacteria;p__Firmicutes;c__Clostridia;o__Clostridiales;f__Clostridiaceae;g__Clostridium;s__Clostridium_sp._M62/1	k__Bacteria;p__Firmicutes;c__Clostridia;o__Clostridiales;f__;g__Intestinimonas;s__Intestinimonas_butyriciproducens	k__Bacteria;p__Actinobacteria;c__Actinobacteria;o__Bifidobacteriales;f__Bifidobacteriaceae;g__Bifidobacterium;s__Bifidobacterium_bifidum	k__Bacteria;p__Firmicutes;c__Negativicutes;o__Veillonellales;f__Veillonellaceae;g__Dialister;s__Dialister_invisus	k__Bacteria;p__Bacteroidetes;c__Bacteroidia;o__Bacteroidales;f__Bacteroidaceae;g__Bacteroides;s__Bacteroides_salanitronis
k__Bacteria;p__Bacteroidetes;c__Bacteroidia;o__Bacteroidales;f__Bacteroidaceae;g__Bacteroides;s__Bacteroides_vulgatus	1.0	0.028336382587	-0.00479207658343	0.0187214076055	0.0243821173908	-0.021239491815	-0.0311386007789	0.00954700865442	-0.0130311283877	0.0199602165276	-0.021210952567	0.0278411737206	-0.00571210539376	0.0200572082782	0.0188109284943	-0.0228961686148	-0.016644203267	0.0453121140249	0.0336989131319	0.00567941978315	-0.0705106970373	0.00926202826889	0.00757489004305	0.0228706273119	0.00446178605718	0.0333764500417	-0.0347403979908	-0.0194553310851	-0.00522436302253	0.065131044361	0.0171313452485	0.033351914146	-0.00304219550772	-0.0337033881252	-0.0654433034729	0.00228897362272	-0.0238950453897	-0.0518492828791	-0.0313902034897	-0.0299481858486	0.00366705778647	-0.0187251988862	-0.0537684781737	-0.0182987395072	-0.0408109326892	-0.0473708433687	-0.00231662292332	-0.00761043944344	-0.015234886619	-0.0112138855927	-0.0114262435568	-0.0127651191916	-0.00663808044354	-0.0510558456364	-0.0197898849754	-0.0550435820727	-0.0462805289524	0.0365671664606	0.00548333024523
k__Bacteria;p__Bacteroidetes;c__Bacteroidia;o__Bacteroidales;f__Bacteroidaceae;g__Bacteroides;s__Bacteroides_uniformis	0.028336382587	1.0	0.0227007899535	-0.013412522904	-0.0445785422255	0.034583598888	-0.0198741540998	0.00413792014769	-0.024548458248	-0.00174741710631	0.00330643891306	-0.0324065092867	-0.0246870574374	-0.0272143819832	-0.00107839717475	-0.0303063830692	0.0748334967538	-0.015407888172	0.0484974954081	0.0818405849229	-0.025578312527	-0.0412688873797	0.0203588574397	-0.00229092561483	0.0109150469707	0.000402376897968	0.00692993084925	0.0204796020064	-0.0864419620157	0.0222999439415	0.00788303180367	0.039795230173	-0.079679782381	0.0418760564234	0.00843979189245	0.0565907902339	-0.020120282754	-0.0542675218095	0.00637135895172	-0.00779088071756	-0.0164485976333	-0.0176148030441	0.0655106560187	-0.0150312926942	-0.00651358716061	-0.0287749531742	-0.0624450922739	-0.0177868389284	-0.0139039702832	-0.0164185446295	-0.00107147588193	-0.0639526294521	0.0347220240346	0.00877892237498	-0.00916117336505	-0.0159862350268	0.032657355046	-0.0516028890334	0.0539138731033
k__Bacteria;p__Bacteroidetes;c__Bacteroidia;o__Bacteroidales;f__Rikenellaceae;g__Alistipes;s__Alistipes_putredinis	-0.00479207658343	0.0227007899535	1.0	-0.0295744474723	-0.0271932948115	-0.0721880851764	0.00797554745118	-0.0464430528654	-0.0175852006665	0.0171881383703	-0.0455038250194	-0.027877688518	-0.0560648954808	-0.00978966181008	-0.0282502776083	-0.0490001410777	0.0581593304349	0.0316978631399	0.0437321407108	-0.0479693956819	0.000890927778106	0.0688306263741	0.0487354876142	-0.0302494515	-0.0137010055405	0.0274065529362	0.00906533541318	-0.00484073368355	0.0214529996446	-0.0125336635858	-0.035103700569	-0.0327582437627	0.0159737027875	0.0139611192754	0.00481968116395	-0.0172231323929	0.0318554581063	-0.00946612777401	-0.0299167630546	-0.0456580734142	-0.0205081601285	-0.0395733041417	0.00225162468614	-0.02036542016	-0.0354335528699	0.00497043321344	0.0268546230568	-0.0346296914719	0.0260394463344	0.0453010977444	-0.00047297430287	0.0188636523693	0.00649390945511	-0.0303336108998	-0.0235956863817	-0.0298589743826	-0.0245355481378	0.0214795004889	-0.0397002369653
k__Bacteria;p__Bacteroidetes;c__Bacteroidia;o__Bacteroidales;f__Prevotellaceae;g__Prevotella;s__Prevotella_copri	0.0187214076055	-0.013412522904	-0.0295744474723	1.0	-0.00921531729463	0.0165341878729	-0.0409645298642	0.0520257762415	-0.0212488613741	0.0286615433044	0.0574768528957	-0.0736795754212	0.0269991891416	-0.047619901964	-0.0258232197518	0.000181180722605	0.0244195687088	-0.0542077175724	-0.0488567529386	-0.00535915880153	0.0177011835504	-0.00167095551788	0.0489021541798	-0.0332178670016	-0.0609342736321	-0.0172068306457	-0.0520473217382	-0.036186341373	0.0154103179618	0.0143893681708	-0.00196541228875	-0.0137322995529	0.0019095183852	0.0124731722521	-0.0266635790041	0.00381462786177	0.0688972581116	-0.0117164246791	-0.0454309421033	0.0194991822397	-0.013669496448	-0.000781335155041	-0.0548103599751	-0.0369048445244	-0.0315792709599	-0.0080287815449	-0.045200937374	0.0318689293714	-0.0379198725035	0.0117747059406	-0.0976755760885	-0.0357754130312	-0.0405570940968	-0.00544877610877	0.00621188497103	0.0130635444004	-0.0167319583397	-0.027148652554	-0.00155634876825
k__Bacteria;p__Bacteroidetes;c__Bacteroidia;o__Bacteroidales;f__Bacteroidaceae;g__Bacteroides;s__Bacteroides_stercoris	0.0243821173908	-0.0445785422255	-0.0271932948115	-0.00921531729463	1.0	-0.00216878114513	0.0166073780372	-0.00425843306613	-0.0345795287652	0.0233885519604	-0.0398889703447	-0.00128609307306	-0.046628758191	0.00531601259166	0.00886871875669	0.0856702840838	-0.0200105287215	-0.0147424873682	0.0468919121937	-0.00530953535102	-0.0595159538635	-0.0109424522988	0.0415533887559	0.0134405129065	0.0303043987367	0.00789242630483	0.0166191147425	0.00723772952521	0.0259015594664	-0.00615384418476	0.0118138798549	-0.0177433713231	0.00217284318248	0.0286324703912	-0.000540558905445	0.0336154605701	0.0296658952382	0.00841185009497	-0.0420630083598	-0.109079510417	-0.0286274647965	0.00917991274916	-0.00338704675073	0.0358067029564	0.00380204313818	0.0208612996165	-0.0590067039723	-0.0378927052357	0.0304328372596	-0.0274232032955	-0.0149607033479	-0.043182755048	-0.0463296099339	0.00521673084895	-0.0105973901674	-0.0330567941386	-0.0405150334148	0.0232264090678	0.0302461361032
k__Bacteria;p__Bacteroidetes;c__Bacteroidia;o__Bacteroidales;f__Bacteroidaceae;g__Bacteroides;s__Bacteroides_ovatus	-0.021239491815	0.034583598888	-0.0721880851764	0.0165341878729	-0.00216878114513	1.0	-0.0180501876061	-0.0112521156266	0.03578428884	-0.00353238264703	0.029599333903	-0.0125023440577	0.0618787443202	-0.0219888631969	-0.0439850445613	-0.00574967505923	-0.0478572661992	0.0184468487186	-0.0419229864745	-0.070083004203	0.0143833947465	-0.0303071300236	-0.0318007315648	0.0251434639072	0.023902322816	0.0362779509528	0.0160340234982	-0.0383584572339	-0.0808422928807	-0.0213104792054	-0.0163292766434	0.010965647432	0.00508690610248	-0.0181347943329	-0.0291616553667	0.0819034742506	-0.0113840132715	-0.0181350817055	0.0219386919634	0.0345028929138	-0.0320108717869	-0.0140415691625	-0.00938726578322	-0.0305026776445	-0.0102635244109	-0.0370336748703	0.102429510694	-0.0108549998535	0.00933531618777	-0.0159645546486	-0.00221684851457	-0.00644257642993	-0.0247578323832	0.0320925583456	-0.0317014763988	0.0465691970424	-0.0321539684629	0.0111907443867	0.0630128734718
k__Bacteria;p__Bacteroidetes;c__Bacteroidia;o__Bacteroidales;f__Rikenellaceae;g__Alistipes;s__Alistipes_shahii	-0.0311386007789	-0.0198741540998	0.00797554745118	-0.0409645298642	0.0166073780372	-0.0180501876061	1.0	-0.0011885873321	-0.0204686659323	-0.00656222222383	-0.000545352474425	-0.0400469325187	-0.00966864471593	-0.00182444579946	-0.0572867338016	0.0222498139699	0.00839017188084	0.00123482313001	-0.0100437607476	-0.00612165717283	0.0741267263697	-0.0125646945456	-0.025482328195	-0.0148480107493	-0.0217364375914	-0.0030658862947	-0.0366679035517	-0.0528199447088	0.0630349785018	0.0574588637126	-0.0127069374959	0.00590835167816	-0.0401439019911	0.00927927936485	0.0319486756929	0.00786737067019	0.0318500395611	-0.0140985925701	0.0295495648686	-0.0822149251233	0.011597421258	0.021574111467	0.0549844275599	-0.0507360814943	-0.0432831365045	-0.0300712980775	0.0623813960503	0.0103081660205	0.0203703474293	0.0177947872673	-0.0280619279555	-0.0103168766167	0.0293191654003	-0.0792362549007	-0.00467936435117	0.00427583474101	-0.0451677412294	-0.0367556044691	-0.0392811894772
k__Bacteria;p__Firmicutes;c__Clostridia;o__Clostridiales;f__Ruminococcaceae;g__Faecalibacterium;s__Faecalibacterium_prausnitzii	0.00954700865442	0.00413792014769	-0.0464430528654	0.0520257762415	-0.00425843306613	-0.0112521156266	-0.0011885873321	1.0	-0.00941218270073	-0.0147610706625	0.0518293472328	-0.0058959405317	-0.0155294131966	0.0165072431945	-0.0314761421672	0.0267938730963	0.0183721359401	-0.0340698854023	-0.0348842025797	0.0425514952593	-0.0258649499476	0.041020150881	-0.0999059461788	-0.0167109555673	-0.014130270019	0.0385857111755	-0.0248020379922	0.0214124081132	0.000598535961546	0.0131806769836	0.0629457864307	-0.0694602066264	0.0512599749091	-0.0125735036627	0.040840121844	-0.0370878190164	-0.00361314620639	-0.0533773503294	-0.0200845440906	-0.00920743112572	0.0244544005771	0.00579911342107	0.0002026203818	-0.021371878712	-0.0440848893276	0.0131662785875	-0.00764688105947	-0.0117284439057	0.0162516890188	-0.0367226506328	0.024259778649	0.0217182620812	-0.00401067915924	-0.0458451890253	0.0388420938879	0.0477609936441	0.0254914351078	-0.0558325538279	-0.0238431885242
k__Bacteria;p__Bacteroidetes;c__Bacteroidia;o__Bacteroidales;f__Rikenellaceae;g__Alistipes;s__Alistipes_finegoldii	-0.0130311283877	-0.024548458248	-0.0175852006665	-0.0212488613741	-0.0345795287652	0.03578428884	-0.0204686659323	-0.00941218270073	1.0	0.0178707956894	0.0508770963535	-0.0241886155811	-0.00976036169995	-0.0364646849446	-0.0810237264219	0.00866104445127	0.0293710227207	0.039163259377	-0.0426053771855	-0.00516232512326	0.0280921505772	0.031432733805	-0.00669616047262	0.0181934329593	-0.00565861618634	0.00972824725656	-0.0389288097983	0.0139693079854	-0.0475558090554	-0.00955734591427	-0.0193799138659	-0.0183878596502	-0.0307762157943	-0.0497907894655	0.0109697556848	-0.00908249084082	-0.0221137335437	0.037801255276	-0.0177209512784	0.00154086641539	0.0162154411321	0.0221868244635	-0.0269849530404	-0.00140788531345	0.000964496709527	-0.00992740156462	-0.0231119108297	0.0641969990554	-0.0370028519371	-0.00554261771605	-0.0358646713875	-0.00818260890838	-0.00804071762857	-0.01241858459	0.0300058372188	0.0134185851209	0.0210512187254	0.0131533675296	0.00109518188631
k__Bacteria;p__Bacteroidetes;c__Bacteroidia;o__Bacteroidales;f__Porphyromonadaceae;g__Parabacteroides;s__Parabacteroides_distasonis	0.0199602165276	-0.00174741710631	0.0171881383703	0.0286615433044	0.0233885519604	-0.00353238264703	-0.00656222222383	-0.0147610706625	0.0178707956894	1.0	-0.0319867066993	-0.00327681683901	-0.0323737806901	0.0488661776853	-0.0126081212785	0.0296596556285	-0.063951294129	-0.060774213685	-0.0209968752526	0.0277901820686	0.0348316657187	0.0135160781381	0.0812594716804	-0.0336727048717	0.0425000641732	-0.000748858273306	0.00128240476405	0.0122979453049	-0.0534995392743	-0.0504582836642	-0.0252302706096	-0.0612194796022	0.0139556149754	-0.0177892388983	0.00755389004807	-0.0527917686049	-0.0270375209093	-0.00644266496129	-0.0595569876334	0.0120240626551	0.0338492602677	-0.0189051049671	-0.00372500122709	-0.0796613225679	-0.0501469460982	-0.00605966547237	-0.004887245419	-0.0430842003194	0.00176393722685	-0.0259703524844	-0.0336245622046	-0.0356635249184	-0.00314732971599	0.0945655294123	-0.0288348153097	0.016013498071	-0.025717001656	-0.00990488318726	-0.0167499218685
k__Bacteria;p__Bacteroidetes;c__Bacteroidia;o__Bacteroidales;f__Bacteroidaceae;g__Bacteroides;s__Bacteroides_thetaiotaomicron	-0.021210952567	0.00330643891306	-0.0455038250194	0.0574768528957	-0.0398889703447	0.029599333903	-0.000545352474425	0.0518293472328	0.0508770963535	-0.0319867066993	1.0	0.0103234979119	0.00061534178889	0.0135019666422	-0.0157336805747	-0.0342257087358	-0.00951417120272	-0.0333093376817	-0.0664405360853	-0.0929483394395	-0.0368167914498	-0.050534922493	0.0236158114471	-0.0145545783219	-0.0410499049811	-0.0143271088271	-0.0247402939634	0.00725217620496	0.0346072589603	-0.0489932754561	0.0324569709157	0.00898547662647	0.00916730295766	0.0469920027743	-0.0155384199821	-0.0261656048223	-0.0633932165142	-0.0161314535782	0.00472708910387	0.0104688265859	-0.0899389486618	0.0499991816382	-0.00665665287106	-0.00519908814895	-0.0421030480791	0.0412748815886	-0.0324300485678	-0.0100462502174	-0.018234818637	0.0278757096779	0.0161202908705	0.00177103024707	-0.0380991831997	0.0226207035565	-0.00898046123834	-0.0113296298156	-0.064199223362	0.0511232732619	0.0435265137403
k__Bacteria;p__Bacteroidetes;c__Bacteroidia;o__Bacteroidales;f__Bacteroidaceae;g__Bacteroides;s__Bacteroides_coprocola	0.0278411737206	-0.0324065092867	-0.027877688518	-0.0736795754212	-0.00128609307306	-0.0125023440577	-0.0400469325187	-0.0058959405317	-0.0241886155811	-0.00327681683901	0.0103234979119	1.0	0.0137734555647	0.0173959673119	0.0107079911783	-0.020210932449	-0.0204674234216	0.00287414172368	0.0491720516688	0.0281401236914	0.0191081875765	0.0132803246129	0.0227312545122	0.0179346975317	-0.0233891195417	0.0238439104738	-0.0153544702405	0.0211585438604	0.00613726408378	0.0467418187295	0.0542254429622	0.0409181425094	0.0292254138274	-0.00219564289167	-0.0166020311476	-0.0130989583184	0.00794886721228	-0.0583127642812	-0.0289835150577	-0.00164029347732	0.0240827563353	-0.020738658355	-0.0371279735388	-0.0184645615982	-0.0181502288435	-0.00764210220373	-0.0101823969021	0.0129646102961	0.0240862726419	0.0290987768453	-0.0247717360994	0.00361020751532	-0.0797846990697	-0.0396004190134	0.0208629159989	-0.0134424299737	-0.0207945505872	-0.0289481065203	-0.0202686312915
k__Bacteria;p__Bacteroidetes;c__Bacteroidia;o__Bacteroidales;f__Bacteroidaceae;g__Bacteroides;s__Bacteroides_cellulosilyticus	-0.00571210539376	-0.0246870574374	-0.0560648954808	0.0269991891416	-0.046628758191	0.0618787443202	-0.00966864471593	-0.0155294131966	-0.00976036169995	-0.0323737806901	0.00061534178889	0.0137734555647	1.0	-0.00741037659748	0.00890867751532	0.0154426367656	-0.0901212717895	-0.0368207405487	-0.0550544225831	0.0149732849255	0.00793137262735	-0.0140673249749	-0.0378847544486	0.0580987934074	0.0200054675878	0.0410689928324	0.0239453643982	0.0750234073785	-0.0287072368627	-0.0299806483055	-0.0308521761378	0.0277259912521	-0.0710550841729	0.0229600152889	0.000381669666385	-0.0123454917243	-0.0182089424037	-0.00272707840823	-0.0347678574476	0.0334792394307	0.0139526223707	-0.0266192037457	-0.00174513514416	-0.0504084111904	0.0544195595971	-0.0204802779733	-0.0471451778421	-0.003819580396	0.0219496187277	0.00529570848073	-0.018099070676	0.0144473455794	-0.0393420146677	0.030416441251	-0.0390947415076	-0.0195954009038	0.00148230312393	0.00188581080731	0.0017541187434
k__Bacteria;p__Bacteroidetes;c__Bacteroidia;o__Bacteroidales;f__Rikenellaceae;g__Alistipes;s__Alistipes_obesi	0.0200572082782	-0.0272143819832	-0.00978966181008	-0.047619901964	0.00531601259166	-0.0219888631969	-0.00182444579946	0.0165072431945	-0.0364646849446	0.0488661776853	0.0135019666422	0.0173959673119	-0.00741037659748	1.0	0.0172028041047	0.000828185478161	-0.0133713287365	-0.0202000549363	0.00355214905095	-0.0173397702295	-0.00655441952529	0.0454737198815	0.0236156826157	-0.0302201061281	-0.0203499971932	-0.0234677673414	-0.0327821998602	-0.0320687410789	0.0223842204185	-0.0205247497351	0.0430423742454	-0.0298574792315	0.000258794439457	0.0306905533459	-0.071795529279	-0.0416519964918	-0.022492552275	0.0371733209266	-0.00530430027161	0.0199032554015	-0.0279458760064	-0.0548228435926	0.0393463129677	0.0167532271088	-0.0538078782933	-0.00149977695517	0.00400138994325	-0.00774267483704	-0.0107799926111	0.000949012883677	0.00634488146629	-0.00449894682156	-0.0249959540927	-0.0392376507142	-0.0320158487136	0.00467376075551	0.00944691542374	-0.0671785164011	-0.0465221724075
k__Bacteria;p__Firmicutes;c__Clostridia;o__Clostridiales;f__Lachnospiraceae;g__;s__[Eubacterium]_rectale	0.0188109284943	-0.00107839717475	-0.0282502776083	-0.0258232197518	0.00886871875669	-0.0439850445613	-0.0572867338016	-0.0314761421672	-0.0810237264219	-0.0126081212785	-0.0157336805747	0.0107079911783	0.00890867751532	0.0172028041047	1.0	0.026266193626	-0.00770781081084	0.0561004517868	0.0388769199611	-0.0579074187345	0.00187632175796	-0.0654872266124	-0.0303537491725	-0.0335855222218	-0.0199596963201	-0.0327130395014	0.0105079623855	-0.0368036748656	0.0312231282887	-0.00693619197646	0.0165863812558	0.0461345311629	0.0346801376756	-0.0632231415511	0.0139743566525	-0.0197483394384	0.00563112358751	0.0169750483295	-0.0247825252534	-0.0146670827781	-0.0540236379333	-0.0326086064752	-0.0394444727124	0.0372969444857	0.0400510506364	-0.00982136401021	0.11761604023	-0.0296169820067	-0.0379753552625	-0.00324895759846	-0.00533312356021	0.0391331167618	0.0529383876761	0.0187344368529	-0.0676894082053	-0.002578598967	-0.00121916955918	0.023240679035	0.0287369267168
k__Bacteria;p__Bacteroidetes;c__Bacteroidia;o__Bacteroidales;f__Bacteroidaceae;g__Bacteroides;s__Bacteroides_plebeius	-0.0228961686148	-0.0303063830692	-0.0490001410777	0.000181180722605	0.0856702840838	-0.00574967505923	0.0222498139699	0.0267938730963	0.00866104445127	0.0296596556285	-0.0342257087358	-0.020210932449	0.0154426367656	0.000828185478162	0.026266193626	1.0	0.024226238972	-0.00828100524193	0.0397805600018	-0.00549142674853	0.00133220108293	-0.000199508399379	-0.114334531061	-0.0258264230903	-0.0135093928949	0.00904182943721	0.00984657616097	0.0491042232904	0.0371909297444	-0.0286600656556	0.00912329177941	-0.0153150929992	-0.0172678754308	-0.0139832081056	-0.0103933485853	-0.0109899348115	0.0110293738983	-0.0149745728723	-0.0352285523444	0.0109734096795	-0.023391083615	0.0479359224944	-0.0105071994515	0.00617296494517	0.0262302111186	0.0327712712242	0.0279973087772	-0.0355727021301	-0.0681591418261	-0.0307155827272	0.006869016577	0.0109650471923	-0.0242980182926	-0.0337762078266	-0.0349418299333	0.0496914895953	-0.0022023059017	0.00748810838931	0.0175810784688
k__Bacteria;p__Bacteroidetes;c__Bacteroidia;o__Bacteroidales;f__Bacteroidaceae;g__Bacteroides;s__Bacteroides_fragilis	-0.016644203267	0.0748334967538	0.0581593304349	0.0244195687088	-0.0200105287215	-0.0478572661992	0.00839017188084	0.0183721359401	0.0293710227207	-0.063951294129	-0.00951417120272	-0.0204674234216	-0.0901212717895	-0.0133713287365	-0.00770781081084	0.024226238972	1.0	-0.0334845748065	0.00121125923849	-0.0404704208401	-0.00450733590598	-0.00965901215917	0.0169603409132	-0.0586932650203	-0.000882005113764	-0.0070449356063	-0.0177630235633	-0.0152211464602	0.0177700350342	-0.0229149246632	-0.0257355119976	-0.0498969133435	0.0194351308989	0.0876015383451	-0.086167502885	0.00527700784198	-0.0237871356391	0.0285757159168	0.0193204711626	0.00800060545825	-0.0568049339422	0.044758053566	-0.016150209948	-0.00424116351372	0.0315259647759	-0.0127057484604	0.00473714721929	-0.00208631841859	-0.0341393747589	-0.00154168033208	-0.0344277060864	-0.0212266851852	0.014174514356	0.0475757731362	0.0111818793527	-0.0271314107308	-0.0315889489623	-0.0130248292795	-0.00283675804183
k__Bacteria;p__Proteobacteria;c__Betaproteobacteria;o__Burkholderiales;f__Sutterellaceae;g__Sutterella;s__Sutterella_wadsworthensis	0.0453121140249	-0.015407888172	0.0316978631399	-0.0542077175724	-0.0147424873682	0.0184468487186	0.00123482313001	-0.0340698854023	0.039163259377	-0.060774213685	-0.0333093376817	0.00287414172368	-0.0368207405487	-0.0202000549363	0.0561004517868	-0.00828100524193	-0.0334845748065	1.0	0.00270810241366	-0.0423251446326	0.0422909769855	-0.0237345608334	-0.00882374485484	-0.031826540625	0.0268047813832	0.0359809562678	-0.03459636841	-0.0266889019964	-0.00917456161291	-0.034385788504	0.0655700264904	0.0365545641983	0.0222341296752	-0.00683608922895	-0.021200116939	0.00278808894305	0.058126516882	-0.0173122609983	-0.0338667896925	0.00110020481657	-0.0445585493644	0.00149472806424	0.00107650617926	0.00537964969673	-0.00904294574729	-0.0306140038519	0.00328308586663	-0.0171619868416	0.0224850770272	-0.0426885793391	-0.0187681543758	-0.00500610672215	-0.00345122609796	-0.024176028743	-0.0457585944216	0.0577201554988	-0.015148405713	0.0463137572614	0.00450584542698
k__Bacteria;p__Bacteroidetes;c__Bacteroidia;o__Bacteroidales;f__Porphyromonadaceae;g__Barnesiella;s__Barnesiella_intestinihominis	0.0336989131319	0.0484974954081	0.0437321407108	-0.0488567529386	0.0468919121937	-0.0419229864745	-0.0100437607476	-0.0348842025797	-0.0426053771855	-0.0209968752526	-0.0664405360853	0.0491720516688	-0.0550544225831	0.00355214905095	0.0388769199611	0.0397805600018	0.00121125923849	0.00270810241366	1.0	-0.0169922452049	0.00751743157844	0.0044683772057	-0.0418720768162	-0.0693695126141	0.02849615213	-0.0161829708779	0.025880154895	0.0201191224568	0.00908282024914	-0.0445570008102	0.0434891385419	-0.0201525789664	-0.00414651658863	0.000602731098805	-0.0338192477361	0.00675497139654	0.00630927458945	-0.0094669410688	-0.0185416921116	-0.0537439237521	0.00486526112389	-0.00983406251252	0.00476333112851	0.00186836913616	0.0302533593912	-0.0117709599298	-0.0603300839542	-0.0161962194865	-0.0113442913752	-0.0135164095327	-0.0293638921381	0.0345788063696	-0.0112387825636	-0.0409017457463	-0.00265251331391	-0.0468882800517	-0.0329317993749	-0.020772134658	-0.0236920528491
k__Bacteria;p__Bacteroidetes;c__Bacteroidia;o__Bacteroidales;f__Odoribacteraceae;g__Odoribacter;s__Odoribacter_splanchnicus	0.00567941978315	0.0818405849229	-0.0479693956819	-0.00535915880153	-0.00530953535102	-0.070083004203	-0.00612165717283	0.0425514952593	-0.00516232512326	0.0277901820686	-0.0929483394395	0.0281401236914	0.0149732849255	-0.0173397702295	-0.0579074187345	-0.00549142674853	-0.0404704208401	-0.0423251446326	-0.0169922452049	1.0	0.0338143439858	-0.000475287107511	-0.0259653249979	0.0766536421148	-0.0359075753876	0.00993544940536	-0.00921871872119	0.00367873194796	-0.0256268397471	0.0542552460676	-0.0151085956207	-0.0704390061466	-0.0175346089775	0.0162278770272	0.0316863599082	0.146273379656	-0.0257164793826	-0.0494325720737	0.0367190198741	-0.0348832294139	-0.0207382411592	-0.0728307620132	0.032869047811	-0.0187753048191	0.00783606681268	-0.0721570963623	0.0368413297946	-0.0405877127553	-0.00391434897322	0.0389320016694	0.00752779133092	-0.0435861454606	0.0511164287084	-0.0185329851756	-0.0227373451829	0.00578875507017	-0.0508389189281	-0.0217083939773	-0.0132765968524
k__Bacteria;p__Bacteroidetes;c__Bacteroidia;o__Bacteroidales;f__Bacteroidaceae;g__Bacteroides;s__Bacteroides_salyersiae	-0.0705106970373	-0.025578312527	0.000890927778106	0.0177011835504	-0.0595159538635	0.0143833947465	0.0741267263697	-0.0258649499476	0.0280921505772	0.0348316657187	-0.0368167914498	0.0191081875765	0.00793137262735	-0.00655441952529	0.00187632175796	0.00133220108293	-0.00450733590598	0.0422909769855	0.00751743157844	0.0338143439858	1.0	-0.0209205134281	-0.00632841770651	0.0554302395987	-0.00220286616502	0.0165491227709	0.00288046683789	-0.0279351247981	0.0193823767122	-0.037121594385	-0.0141172050509	-0.0451017864842	0.00678137778955	-0.0259478138498	-0.023323252068	-0.0247765336034	-0.0135728764673	0.0104987988903	0.0179844071457	-0.0422553969779	-0.0168701851835	0.0669709249895	0.0587663063058	-0.0143926528062	-0.0233963470259	-0.0130998724487	-0.046435400686	0.0254441500586	-0.0865760127357	-0.0380116353792	-0.0177869531857	0.0296449299305	-0.0133408549094	0.0223238850326	0.00130955814798	0.0288828895603	-0.0424147807697	-0.0653539265538	-0.0133121678924
k__Bacteria;p__Firmicutes;c__Clostridia;o__Clostridiales;f__Ruminococcaceae;g__Ruminiclostridium;s__[Eubacterium]_siraeum	0.00926202826889	-0.0412688873797	0.0688306263741	-0.00167095551788	-0.0109424522988	-0.0303071300236	-0.0125646945456	0.041020150881	0.031432733805	0.0135160781381	-0.050534922493	0.0132803246129	-0.0140673249749	0.0454737198815	-0.0654872266124	-0.000199508399379	-0.00965901215917	-0.0237345608334	0.0044683772057	-0.000475287107511	-0.0209205134281	1.0	-0.0508170818177	-0.00863465837168	0.0584739693842	-0.009829790525	0.00881846727228	-0.00936890017262	0.0333712803075	-0.0080429236364	0.0320477934062	-0.0399924918314	-0.0287070354924	-0.039620254134	0.092764016199	-0.0222572021194	0.0394902426448	-0.0037045083052	-0.0370117072227	0.0111379755487	0.0294843024013	0.0267529445102	-0.0952130775064	-0.00491722884132	0.0443940440304	0.0141651247721	-0.0125902383853	0.0129565173655	0.036898898802	-0.023311894456	0.0134419806303	-0.00376797412123	-0.0219811637455	0.037721766054	0.00837513667818	-0.0408038920958	-0.0117725465786	-0.0329932296553	-0.0348927681473
k__Bacteria;p__Proteobacteria;c__Betaproteobacteria;o__Burkholderiales;f__Sutterellaceae;g__Parasutterella;s__Parasutterella_excrementihominis	0.00757489004305	0.0203588574397	0.0487354876142	0.0489021541798	0.0415533887559	-0.0318007315648	-0.025482328195	-0.0999059461788	-0.00669616047262	0.0812594716804	0.0236158114471	0.0227312545122	-0.0378847544486	0.0236156826157	-0.0303537491725	-0.114334531061	0.0169603409132	-0.00882374485484	-0.0418720768162	-0.0259653249979	-0.00632841770651	-0.0508170818177	1.0	-0.0488269605177	-0.0160322869834	-0.0321919046025	-0.036123099707	-0.0271854505168	-0.00663555617051	-0.0658398639297	-0.0230129965624	-0.032773462116	0.0104388132559	0.0443053003825	0.0108271146733	-0.00884325892629	0.00235276821049	0.0267680753358	0.0307378625174	-0.0732349706694	0.00597463833426	-0.0609258762623	0.00492588908231	-0.0614104372613	0.0215839969493	-0.0168957564009	-0.0414781781961	-0.017917524683	-0.0633411286326	-0.0251044292653	0.0329667070848	-0.0013169806477	0.0358036628505	-0.0268279801999	0.00941527533885	-0.0103963737326	0.0486675544768	0.00078710653688	-0.060632940764
k__Bacteria;p__Actinobacteria;c__Actinobacteria;o__Bifidobacteriales;f__Bifidobacteriaceae;g__Bifidobacterium;s__Bifidobacterium_adolescentis	0.0228706273119	-0.00229092561483	-0.0302494515	-0.0332178670016	0.0134405129065	0.0251434639072	-0.0148480107493	-0.0167109555673	0.0181934329593	-0.0336727048717	-0.0145545783219	0.0179346975317	0.0580987934074	-0.0302201061281	-0.0335855222218	-0.0258264230903	-0.0586932650203	-0.031826540625	-0.0693695126141	0.0766536421148	0.0554302395987	-0.00863465837168	-0.0488269605177	1.0	-0.0312553453092	-0.0619380751329	0.0134119013131	0.0119862982517	-0.07040317188	-0.0130264799313	-0.0554744106228	0.0360456798569	0.0229484873325	0.0219915401794	-0.0369677619716	-0.026035141989	-0.0452055553191	0.00747461722352	0.0703781278555	0.0129947153985	0.0448192101645	-0.0025430891499	0.0303492922351	0.00616955370973	-0.050868963011	-0.0203322926197	0.0012161066791	0.00960702786112	-0.052966264884	-0.0326503261544	-0.042752405542	-0.0323102716241	0.0220315877761	-0.01391422987	-0.0701548655057	0.00349172266408	-0.0431906916383	-0.0247727374642	0.00650765020837
k__Bacteria;p__Firmicutes;c__Clostridia;o__Clostridiales;f__Oscillospiraceae;g__Oscillibacter;s__Oscillibacter_sp._KLE_1745	0.00446178605718	0.0109150469707	-0.0137010055405	-0.0609342736321	0.0303043987367	0.023902322816	-0.0217364375914	-0.014130270019	-0.00565861618634	0.0425000641732	-0.0410499049811	-0.0233891195417	0.0200054675878	-0.0203499971932	-0.0199596963201	-0.0135093928949	-0.000882005113764	0.0268047813832	0.02849615213	-0.0359075753876	-0.00220286616502	0.0584739693842	-0.0160322869834	-0.0312553453092	1.0	-0.0321897937528	-0.035507019879	-0.0582469800241	-0.0108422174568	-0.0333251558025	-0.010530347648	0.0391586793424	-0.0560814126267	-0.0337078113606	0.0187263626139	-0.0630100496033	0.00179637891851	-0.0451882379858	-0.0326316210719	-0.0648802391014	0.0475858922113	-0.0339417355231	0.00420129116968	-0.000730133809228	0.0109859449583	-0.00916162047057	0.0393130077501	-0.0200289531505	-0.0355333440598	0.0180710558254	-0.0404690111124	-0.0130468840974	-0.0288361335899	0.0458528096176	0.0103685411311	-0.00141033358602	-0.0024664955806	-0.00663400225027	-0.00584035985229
k__Bacteria;p__Bacteroidetes;c__Bacteroidia;o__Bacteroidales;f__Bacteroidaceae;g__Bacteroides;s__Bacteroides_coprophilus	0.0333764500417	0.000402376897968	0.0274065529362	-0.0172068306457	0.00789242630483	0.0362779509528	-0.0030658862947	0.0385857111755	0.00972824725656	-0.000748858273306	-0.0143271088271	0.0238439104738	0.0410689928324	-0.0234677673414	-0.0327130395014	0.00904182943721	-0.0070449356063	0.0359809562678	-0.0161829708779	0.00993544940536	0.0165491227709	-0.009829790525	-0.0321919046025	-0.0619380751329	-0.0321897937528	1.0	-0.0412377373267	-0.00997277680661	-0.0134590314861	-0.0217447426853	-0.0389288723702	-0.0073415151082	0.0184054870804	0.0199074744238	-0.061419214229	-0.00969072709371	0.00167657163529	0.0236890098162	0.0196085839332	-0.119393525218	-0.0582181482369	0.0236066187614	0.0194388663724	-0.0438413206104	-0.0415926972002	-0.0543364175539	0.0191899684129	-0.0320575670146	0.00231343045416	0.026497949961	-0.014495164878	-0.0646899889777	0.00912451515095	-0.000465378966305	0.0460611937872	-0.0606036567178	0.053169421992	0.00418177708113	-0.0496561828243
k__Bacteria;p__Firmicutes;c__Clostridia;o__Clostridiales;f__Lachnospiraceae;g__Roseburia;s__Roseburia_intestinalis	-0.0347403979908	0.00692993084925	0.00906533541318	-0.0520473217382	0.0166191147425	0.0160340234982	-0.0366679035517	-0.0248020379922	-0.0389288097983	0.00128240476405	-0.0247402939634	-0.0153544702405	0.0239453643982	-0.0327821998602	0.0105079623855	0.00984657616097	-0.0177630235633	-0.03459636841	0.025880154895	-0.00921871872119	0.00288046683789	0.00881846727228	-0.036123099707	0.0134119013131	-0.035507019879	-0.0412377373267	1.0	0.0425967306398	-0.0075685924264	-0.00272609257214	0.00282181955182	-0.00960048569297	-0.00619593813636	-0.0398991979094	-0.0532007247503	0.0453394947927	0.0107431520845	-0.0498872312603	0.0080200073337	0.0428167469388	-0.0393883116657	0.0154308822544	0.00377884293854	-0.04377835552	0.026512302237	0.00462621668818	0.0326473947715	-0.00607123424083	-0.016121107777	0.0438356355119	0.0315521482252	0.00174277778019	0.00413154842722	0.00877166738475	-0.0134617013475	-0.0431086899863	-0.0244844597819	-0.00512348264621	0.0270503675382
k__Bacteria;p__Firmicutes;c__Clostridia;o__Clostridiales;f__Lachnospiraceae;g__Roseburia;s__Roseburia_hominis	-0.0194553310851	0.0204796020064	-0.00484073368355	-0.036186341373	0.00723772952521	-0.0383584572339	-0.0528199447088	0.0214124081132	0.0139693079854	0.0122979453049	0.00725217620496	0.0211585438604	0.0750234073785	-0.0320687410789	-0.0368036748656	0.0491042232904	-0.0152211464602	-0.0266889019964	0.0201191224568	0.00367873194796	-0.0279351247981	-0.00936890017262	-0.0271854505168	0.0119862982517	-0.0582469800241	-0.00997277680661	0.0425967306398	1.0	0.011718909304	0.0462419666614	-0.0484406327704	0.0307875873985	-0.00496459458582	-0.00494937835605	0.0263534339456	-0.00336469231888	-0.0282678040348	0.00938185515905	-0.0146041390223	-0.0410409034882	0.0558740415901	-0.00206362253973	-0.0191349351832	-0.0362878673819	0.015977104924	-0.0271548130566	0.0373589510679	-0.0440667836769	-0.0240466376486	-0.0288251743873	-0.0201137005959	-0.0233629260017	-0.000108342878984	-0.0304266006219	-0.0210814771013	-0.0243778156042	-0.0107380157646	-0.0029743838843	0.0267893704564
k__Bacteria;p__Bacteroidetes;c__Bacteroidia;o__Bacteroidales;f__Porphyromonadaceae;g__Parabacteroides;s__Parabacteroides_johnsonii	-0.00522436302253	-0.0864419620157	0.0214529996446	0.0154103179618	0.0259015594664	-0.0808422928807	0.0630349785018	0.000598535961546	-0.0475558090554	-0.0534995392743	0.0346072589603	0.00613726408378	-0.0287072368627	0.0223842204185	0.0312231282887	0.0371909297444	0.0177700350342	-0.00917456161291	0.00908282024914	-0.0256268397471	0.0193823767122	0.0333712803075	-0.00663555617051	-0.07040317188	-0.0108422174568	-0.0134590314861	-0.0075685924264	0.011718909304	1.0	-0.00962204173896	-0.0248926201716	-0.0527211698065	0.0227707275816	0.0369098647078	-0.0384829721101	0.00279992397702	0.0104988242334	0.000435389849072	-0.0560153205966	-0.00193399164846	-0.0699150866782	0.0415152541975	0.0132078254731	-0.0474942906185	-0.0149387296843	0.00680364771319	-0.0437578721046	0.0246217181853	0.00495819879372	0.00843991369466	0.0111222115764	0.00596316840034	-0.0175874002331	-0.0428588831114	-0.0190593300827	0.0141840152884	-0.00143564245857	0.0155526178544	-0.0316548393798
k__Bacteria;p__Actinobacteria;c__Actinobacteria;o__Bifidobacteriales;f__Bifidobacteriaceae;g__Bifidobacterium;s__Bifidobacterium_longum	0.065131044361	0.0222999439415	-0.0125336635858	0.0143893681708	-0.00615384418476	-0.0213104792054	0.0574588637126	0.0131806769836	-0.00955734591427	-0.0504582836642	-0.0489932754561	0.0467418187295	-0.0299806483055	-0.0205247497351	-0.00693619197646	-0.0286600656556	-0.0229149246632	-0.034385788504	-0.0445570008102	0.0542552460676	-0.037121594385	-0.0080429236364	-0.0658398639297	-0.0130264799313	-0.0333251558025	-0.0217447426853	-0.00272609257214	0.0462419666614	-0.00962204173896	1.0	0.00298745817524	0.0120148610578	-0.0156689507231	-0.0395217749536	-0.0426338900393	0.00257885228838	0.00566438919364	-0.00350697994323	-0.0565101876528	0.0385856938388	0.0241255198702	-0.0138704626292	0.00994025529753	0.0452513934001	-0.0146676536398	-0.0981217603867	-0.0368779362454	0.0209631889362	-0.0384063779711	0.0152030511323	-0.052373937029	-0.0292469770536	0.0233941123821	-0.043445305168	-0.0613180105774	0.0197207644096	0.0272488341339	0.0176726459069	-0.0243580216208
