#taxonomy	k__Bacteria;p__Bacteroidetes;c__Bacteroidia;o__Bacteroidales;f__Bacteroidaceae;g__Bacteroides;s__Bacteroides_vulgatus	k__Bacteria;p__Bacteroidetes;c__Bacteroidia;o__Bacteroidales;f__Bacteroidaceae;g__Bacteroides;s__Bacteroides_uniformis	k__Bacteria;p__Bacteroidetes;c__Bacteroidia;o__Bacteroidales;f__Rikenellaceae;g__Alistipes;s__Alistipes_putredinis	k__Bacteria;p__Bacteroidetes;c__Bacteroidia;o__Bacteroidales;f__Prevotellaceae;g__Prevotella;s__Prevotella_copri	k__Bacteria;p__Bacteroidetes;c__Bacteroidia;o__Bacteroidales;f__Bacteroidaceae;g__Bacteroides;s__Bacteroides_stercoris	k__Bacteria;p__Bacteroidetes;c__Bacteroidia;o__Bacteroidales;f__Bacteroidaceae;g__Bacteroides;s__Bacteroides_ovatus	k__Bacteria;p__Bacteroidetes;c__Bacteroidia;o__Bacteroidales;f__Rikenellaceae;g__Alistipes;s__Alistipes_shahii	k__Bacteria;p__Firmicutes;c__Clostridia;o__Clostridiales;f__Ruminococcaceae;g__Faecalibacterium;s__Faecalibacterium_prausnitzii	k__Bacteria;p__Bacteroidetes;c__Bacteroidia;o__Bacteroidales;f__Rikenellaceae;g__Alistipes;s__Alistipes_finegoldii	k__Bacteria;p__Bacteroidetes;c__Bacteroidia;o__Bacteroidales;f__Porphyromonadaceae;g__Parabacteroides;s__Parabacteroides_distasonis	k__Bacteria;p__Bacteroidetes;c__Bacteroidia;o__Bacteroidales;f__Bacteroidaceae;g__Bacteroides;s__Bacteroides_thetaiotaomicron	k__Bacteria;p__Bacteroidetes;c__Bacteroidia;o__Bacteroidales;f__Bacteroidaceae;g__Bacteroides;s__Bacteroides_coprocola	k__Bacteria;p__Bacteroidetes;c__Bacteroidia;o__Bacteroidales;f__Bacteroidaceae;g__Bacteroides;s__Bacteroides_cellulosilyticus	k__Bacteria;p__Bacteroidetes;c__Bacteroidia;o__Bacteroidales;f__Rikenellaceae;g__Alistipes;s__Alistipes_obesi	k__Bacteria;p__Firmicutes;c__Clostridia;o__Clostridiales;f__Lachnospiraceae;g__;s__[Eubacterium]_rectale	k__Bacteria;p__Bacteroidetes;c__Bacteroidia;o__Bacteroidales;f__Bacteroidaceae;g__Bacteroides;s__Bacteroides_plebeius	k__Bacteria;p__Bacteroidetes;c__Bacteroidia;o__Bacteroidales;f__Bacteroidaceae;g__Bacteroides;s__Bacteroides_fragilis	k__Bacteria;p__Proteobacteria;c__Betaproteobacteria;o__Burkholderiales;f__Sutterellaceae;g__Sutterella;s__Sutterella_wadsworthensis	k__Bacteria;p__Bacteroidetes;c__Bacteroidia;o__Bacteroidales;f__Porphyromonadaceae;g__Barnesiella;s__Barnesiella_intestinihominis	k__Bacteria;p__Bacteroidetes;c__Bacteroidia;o__Bacteroidales;f__Odoribacteraceae;g__Odoribacter;s__Odoribacter_splanchnicus	k__Bacteria;p__Bacteroidetes;c__Bacteroidia;o__Bacteroidales;f__Bacteroidaceae;g__Bacteroides;s__Bacteroides_salyersiae	k__Bacteria;p__Firmicutes;c__Clostridia;o__Clostridiales;f__Ruminococcaceae;g__Ruminiclostridium;s__[Eubacterium]_siraeum	k__Bacteria;p__Proteobacteria;c__Betaproteobacteria;o__Burkholderiales;f__Sutterellaceae;g__Parasutterella;s__Parasutterella_excrementihominis	k__Bacteria;p__Actinobacteria;c__Actinobacteria;o__Bifidobacteriales;f__Bifidobacteriaceae;g__Bifidobacterium;s__Bifidobacterium_adolescentis	k__Bacteria;p__Firmicutes;c__Clostridia;o__Clostridiales;f__Oscillospiraceae;g__Oscillibacter;s__Oscillibacter_sp._KLE_1745	k__Bacteria;p__Bacteroidetes;c__Bacteroidia;o__Bacteroidales;f__Bacteroidaceae;g__Bacteroides;s__Bacteroides_coprophilus	k__Bacteria;p__Firmicutes;c__Clostridia;o__Clostridiales;f__Lachnospiraceae;g__Roseburia;s__Roseburia_intestinalis	k__Bacteria;p__Firmicutes;c__Clostridia;o__Clostridiales;f__Lachnospiraceae;g__Roseburia;s__Roseburia_hominis	k__Bacteria;p__Bacteroidetes;c__Bacteroidia;o__Bacteroidales;f__Porphyromonadaceae;g__Parabacteroides;s__Parabacteroides_johnsonii	k__Bacteria;p__Actinobacteria;c__Actinobacteria;o__Bifidobacteriales;f__Bifidobacteriaceae;g__Bifidobacterium;s__Bifidobacterium_longum	k__Bacteria;p__Firmicutes;c__Clostridia;o__Clostridiales;f__;g__Flavonifractor;s__Flavonifractor_plautii	k__Bacteria;p__Firmicutes;c__Clostridia;o__Clostridiales;f__Clostridiaceae;g__Clostridium;s__Clostridium_phoceensis	k__Bacteria;p__Verrucomicrobia;c__Verrucomicrobiae;o__Verrucomicrobiales;f__Akkermansiaceae;g__Akkermansia;s__Akkermansia_muciniphila	k__Bacteria;p__Bacteroidetes;c__Bacteroidia;o__Bacteroidales;f__Prevotellaceae;g__Paraprevotella;s__Paraprevotella_xylaniphila	k__Bacteria;p__Firmicutes;c__Clostridia;o__Clostridiales;f__Ruminococcaceae;g__Ruminococcus;s__Ruminococcus_callidus	k__Bacteria;p__Bacteroidetes;c__Bacteroidia;o__Bacteroidales;f__Rikenellaceae;g__Alistipes;s__Alistipes_senegalensis	k__Bacteria;p__Firmicutes;c__Clostridia;o__Clostridiales;f__Lachnospiraceae;g__Blautia;s__Blautia_sp._KLE_1732	k__Bacteria;p__Bacteroidetes;c__Bacteroidia;o__Bacteroidales;f__Bacteroidaceae;g__Bacteroides;s__Bacteroides_oleiciplenus	k__Bacteria;p__Firmicutes;c__Clostridia;o__Clostridiales;f__Ruminococcaceae;g__Ruminococcus;s__Ruminococcus_bicirculans	k__Bacteria;p__Bacteroidetes;c__Bacteroidia;o__Bacteroidales;f__Bacteroidaceae;g__Bacteroides;s__Bacteroides_fluxus	k__Bacteria;p__Bacteroidetes;c__Bacteroidia;o__Bacteroidales;f__Prevotellaceae;g__Prevotella;s__Prevotella_stercorea	k__Bacteria;p__Firmicutes;c__Clostridia;o__Clostridiales;f__Lachnospiraceae;g__Dorea;s__Dorea_longicatena	k__Bacteria;p__Firmicutes;c__Clostridia;o__Clostridiales;f__Eubacteriaceae;g__Eubacterium;s__[Eubacterium]_eligens	k__Bacteria;p__Firmicutes;c__Clostridia;o__Clostridiales;f__Ruminococcaceae;g__;s__Ruminococcaceae_bacterium_D16	k__Bacteria;p__Firmicutes;c__Clostridia;o__Clostridiales;f__Lachnospiraceae;g__Coprococcus;s__Coprococcus_comes	k__Bacteria;p__Proteobacteria;c__Gammaproteobacteria;o__Enterobacterales;f__Enterobacteriaceae;g__Escherichia;s__Escherichia_coli	k__Bacteria;p__Firmicutes;c__Clostridia;o__Clostridiales;f__Ruminococcaceae;g__Anaerotruncus;s__Anaerotruncus_colihominis	k__Bacteria;p__Firmicutes;c__Clostridia;o__Clostridiales;f__Lachnospiraceae;g__Blautia;s__Blautia_obeum	k__Bacteria;p__Bacteroidetes;c__Bacteroidia;o__Bacteroidales;f__Odoribacteraceae;g__Odoribacter;s__Odoribacter_laneus	k__Bacteria;p__Firmicutes;c__Clostridia;o__Clostridiales;f__Ruminococcaceae;g__Ruminiclostridium;s__[Clostridium]_leptum	k__Bacteria;p__Bacteroidetes;c__Bacteroidia;o__Bacteroidales;f__Porphyromonadaceae;g__Parabacteroides;s__Parabacteroides_goldsteinii	k__Bacteria;p__Firmicutes;c__Clostridia;o__Clostridiales;f__Lachnospiraceae;g__Anaerostipes;s__Anaerostipes_hadrus	k__Bacteria;p__Firmicutes;c__Clostridia;o__Clostridiales;f__Ruminococcaceae;g__Ruminococcus;s__Ruminococcus_lactaris	k__Bacteria;p__Firmicutes;c__Clostridia;o__Clostridiales;f__Clostridiaceae;g__Clostridium;s__Clostridium_sp._L2-50	k__Bacteria;p__Firmicutes;c__Clostridia;o__Clostridiales;f__Clostridiaceae;g__Clostridium;s__Clostridium_sp._M62/1	k__Bacteria;p__Firmicutes;c__Clostridia;o__Clostridiales;f__;g__Intestinimonas;s__Intestinimonas_butyriciproducens	k__Bacteria;p__Actinobacteria;c__Actinobacteria;o__Bifidobacteriales;f__Bifidobacteriaceae;g__Bifidobacterium;s__Bifidobacterium_bifidum	k__Bacteria;p__Firmicutes;c__Negativicutes;o__Veillonellales;f__Veillonellaceae;g__Dialister;s__Dialister_invisus	k__Bacteria;p__Bacteroidetes;c__Bacteroidia;o__Bacteroidales;f__Bacteroidaceae;g__Bacteroides;s__Bacteroides_salanitronis
k__Bacteria;p__Bacteroidetes;c__Bacteroidia;o__Bacteroidales;f__Bacteroidaceae;g__Bacteroides;s__Bacteroides_vulgatus	1.0	-0.0182961737785	-0.000149113503955	-0.0771739464157	0.0315888992102	-0.0256805340951	-0.0480687865021	-0.0304753135889	-0.0343629739112	0.00699523493716	-0.0148006232616	-0.0225896306726	0.0107054144622	0.0285314844436	0.0394918012595	-0.0304210257225	0.0283813225252	0.0292617119892	-0.0142799278365	-0.0232559189724	-0.0441454824456	-0.00613299737675	-0.0260714595228	-0.0235438445718	-0.00814904958189	0.00464925379965	-0.0174227602754	0.000781839426132	-0.025856865307	0.0115068871475	0.0437524697982	0.0359185674384	-0.0425890035453	-0.00601727066159	-0.012775984464	-0.0688008320713	-0.0642929487062	-0.0144468490289	-0.0156686275562	-0.0305231730237	-0.0149409758813	-0.0538196824346	-0.0444704328769	-0.0457745327991	-0.00977658412236	0.0149647401467	0.0311814860955	0.0257045574615	-0.0115526313274	0.0384851856566	-0.0592531394861	0.00948460004408	0.0378270294745	0.0373815987762	0.0389231411226	0.0113656503462	0.054425925428	0.0124400468984	0.00768475874581
k__Bacteria;p__Bacteroidetes;c__Bacteroidia;o__Bacteroidales;f__Bacteroidaceae;g__Bacteroides;s__Bacteroides_uniformis	-0.0182961737785	1.0	-0.0759110242991	-0.0097505811315	-0.0273319280924	0.0158966674034	0.064581463849	-0.0186981769075	-0.00387580600277	-0.0302672456761	-0.0364395052433	-0.00587718101373	0.0223921813138	-0.00790466626285	-0.03414710464	0.00278342768847	0.0468425641264	0.0196383122244	0.0557182362666	-0.0198920942602	-0.0495902164213	0.0105392513127	0.0425469636983	-0.0295609674059	0.0594202271416	-0.0303314831187	0.00354801508939	-0.028500353681	-0.0309512455552	0.027388120362	-0.0221793702646	-0.0544666569945	0.0454714173866	0.0118108261565	0.0380813488945	-0.0507633922374	0.00476361290574	0.0304151859267	0.00294635543379	-0.0518096616126	-0.0129518081753	0.0183420345081	-0.0195807357391	0.00541394160594	0.0149400823927	0.0107960391231	-0.0376690745724	-0.0161711423113	0.0354645913747	-0.0675263400464	-0.0207227719023	-0.0297646777882	-0.0636853845043	-0.0162322062475	0.00791288596284	-0.0153240828546	0.0201003345978	-0.0150505653175	0.0114205425165
k__Bacteria;p__Bacteroidetes;c__Bacteroidia;o__Bacteroidales;f__Rikenellaceae;g__Alistipes;s__Alistipes_putredinis	-0.000149113503955	-0.0759110242991	1.0	0.0443806813147	0.0373276181946	0.0278092165505	-0.0498503611999	-0.0332749340383	-0.0667045588859	-0.0242040918229	-0.0362491410962	0.036221335328	-0.0245758661852	-0.0187417154036	0.000686762088922	0.0418958227477	0.000489514731086	-0.0098816098539	-0.00648167959332	0.0268012587232	-0.0386293995956	-0.0170386987664	-0.0308282363521	0.0268880949407	0.0422424463397	-0.0540783055055	-0.00602612791589	-0.0151375539039	0.011306379888	-0.0128830349713	0.0510298234529	-0.0380040753705	0.016095359372	0.0507385262939	-0.0542110143793	-0.0282388403313	0.0143061863425	-0.0597640394492	-0.00684566966059	-0.0173927383774	0.000525695893217	1.06337825327e-05	0.026373686029	-0.0591954472685	0.0153999856665	-0.00538088437559	0.0117226009818	-0.0666247336601	0.00130101931113	-0.0584430632568	-0.0495583518108	-0.0203820254095	0.00927207691554	0.0354561486057	-0.0268385269307	-0.0368289535139	-0.0251795158811	0.00879337097423	-0.0319358819856
k__Bacteria;p__Bacteroidetes;c__Bacteroidia;o__Bacteroidales;f__Prevotellaceae;g__Prevotella;s__Prevotella_copri	-0.0771739464157	-0.0097505811315	0.0443806813147	1.0	-0.0285553445721	-0.00832551212684	-0.00290505747493	-0.0499962987488	-0.0201050020366	0.0165346589586	0.0380631216119	0.00471164471143	-0.00786204093313	-0.00839828936523	-0.00556909113882	0.0896060640655	-0.0377116463373	0.0112362290967	-0.0227291031142	0.00658404441802	-0.0245445588256	-0.0686269521683	-0.00775801230155	-0.0382062371694	0.0164435079282	-0.0160731034975	-0.00185984191054	0.00138329425829	0.0379257491605	-0.0245182232834	-0.0383721933097	-0.0257709053188	0.0276014918082	0.0380503180922	-0.0126025335861	0.0378307401718	-0.0218402092888	0.0209504146749	0.0301769743421	-0.0918097900204	-0.00798089067468	-0.0728965400399	-0.0304123487568	-0.00553635831869	-0.0181780680341	-0.0431122304148	-0.0135669794332	-0.00627397128766	0.0104432483039	-0.0598508078201	-0.037652563587	-0.0775321948071	0.0166809322793	0.0220572964174	-0.016327589063	0.031455873732	-0.0364523968765	-0.0786813306011	0.00605145727455
k__Bacteria;p__Bacteroidetes;c__Bacteroidia;o__Bacteroidales;f__Bacteroidaceae;g__Bacteroides;s__Bacteroides_stercoris	0.0315888992102	-0.0273319280924	0.0373276181946	-0.0285553445721	1.0	-0.0350533771023	0.00377618504009	0.0361129418912	0.0188357143618	-0.00919448254981	0.00313392995962	0.024574161866	-0.0461459019277	-0.0261693041301	-0.0268970090604	-0.0513456263394	-0.0314179537124	0.0237083553745	0.0250497655841	-0.02632136833	-0.025527816724	-0.0172318324475	-0.0171015085685	0.0408603506265	-0.056186272697	-0.0314366164142	0.00154728648899	0.0865178718944	0.000224681404223	0.0178335939387	-0.00989054502417	-0.0484339348563	0.0472060836319	-0.0132897945176	-0.00856973654902	-0.0368191536799	-0.00528513544461	-0.00831243784695	0.0132354938703	0.0328261695458	0.0828833508394	-0.0467871275075	-0.042818461778	0.0358344329377	-0.0229824677904	-0.074592153007	-0.0348541260597	-0.0218268029607	-0.00204818747233	0.00481786170055	0.049036265069	0.00980235408326	-0.0342239820178	-0.0267308375844	0.0101945948675	-0.0204791252663	-0.0153473401543	0.0164872669415	-0.0253750002363
k__Bacteria;p__Bacteroidetes;c__Bacteroidia;o__Bacteroidales;f__Bacteroidaceae;g__Bacteroides;s__Bacteroides_ovatus	-0.0256805340951	0.0158966674034	0.0278092165505	-0.00832551212684	-0.0350533771023	1.0	-0.0219965226904	0.0129870802409	-0.0252515128119	-0.00735908689484	0.0118148260302	-0.0222796359917	-0.0726060002105	-0.0476045025472	-0.0228277907529	-0.00530884146775	0.00453227002579	-0.0290092615871	0.032396898296	0.00287631093371	0.0251427199152	-0.00165537038159	0.000218217065937	0.0282669800441	-0.0239207338647	-0.0461157816336	-0.0311678117427	0.0233112376583	-0.0243503648516	-0.0130508539616	0.0147850965582	-0.00756994553765	-0.0108920635631	-0.00523367792494	0.0158950501514	-0.0333847642014	-0.0189526618897	-0.0635672492687	0.00583285588628	-0.026890367065	0.00217781320148	-0.0330180077089	0.00511177431212	0.0204286712367	-0.064137887744	-0.0037054679674	-0.0544370261242	0.0317493514858	-0.0605674870078	-0.0115541417672	0.0160452159755	-0.0166396126292	-0.00633340323553	0.0132475613006	0.00299579448228	0.0388565228031	-0.027945984492	-0.034405917211	0.0405987963636
k__Bacteria;p__Bacteroidetes;c__Bacteroidia;o__Bacteroidales;f__Rikenellaceae;g__Alistipes;s__Alistipes_shahii	-0.0480687865021	0.064581463849	-0.0498503611999	-0.00290505747493	0.00377618504009	-0.0219965226904	1.0	-0.0413845570109	-0.0645827594848	0.0140062045453	-0.0408128060811	0.0090752765763	-0.0292613109651	-0.034997436156	0.0382061483404	0.0348243113365	-0.0442274236902	-0.0509723523526	0.0347259749396	0.00541454772042	0.0108314849331	0.0268030337121	-0.0298648799974	0.0168137206444	-0.0327836174091	0.00142020344561	0.0399444764494	-0.00217737741385	0.00263561675494	-0.0651692961874	-0.0423717977549	0.0397391944537	-0.0188303542486	-0.00753240754185	-0.0308393840753	-0.0521892707669	-0.00475179131539	-0.0373218209891	0.0230508982814	0.031634827902	-0.0430728976412	0.00405429637391	0.00979003937981	-0.00465449578118	-0.0555638661119	0.0461684373824	0.0444881340777	0.0324041593558	-0.04782050425	0.0518458903377	-0.0311250086589	-0.0194564024104	-0.0537917396389	-0.0141309977668	-0.0454078794278	-0.00531543169029	-0.0431817756601	-0.0433174804485	0.0396724912789
k__Bacteria;p__Firmicutes;c__Clostridia;o__Clostridiales;f__Ruminococcaceae;g__Faecalibacterium;s__Faecalibacterium_prausnitzii	-0.0304753135889	-0.0186981769075	-0.0332749340383	-0.0499962987488	0.0361129418912	0.0129870802409	-0.0413845570109	1.0	0.0581860281549	0.0208586785032	-0.0109634806998	-0.0261223098821	0.0723790880859	0.00914077286991	-0.0196363596725	-0.0242737906304	0.0194362659435	0.0576509152709	-0.00229453435094	-0.0182460788716	-0.00462399596665	-0.0569349053098	-0.041472166843	0.0291236865145	-0.0128413828083	-0.0325067895864	-0.0118131539258	0.0364066956546	-0.0262181815086	0.016252047635	0.0376062709794	0.00694867320033	-0.0161105543009	0.000269123383523	-0.0162201214879	0.0471017840998	0.0141321314294	-0.0502616864702	-0.0094972961853	0.00839204647416	-0.0178804941552	-0.0214133479161	-0.0283445460082	0.0136763794094	-0.0386983615159	-0.0151820680244	-0.0554763215358	-0.0203341155756	-0.00201696848998	0.0177677420249	-0.0417292912056	-0.0587836778931	0.0200915014174	0.0032875761406	0.0274946191865	-0.0505145697945	0.032171270238	-0.00975427866046	-0.043723953547
k__Bacteria;p__Bacteroidetes;c__Bacteroidia;o__Bacteroidales;f__Rikenellaceae;g__Alistipes;s__Alistipes_finegoldii	-0.0343629739112	-0.00387580600277	-0.0667045588859	-0.0201050020366	0.0188357143618	-0.0252515128119	-0.0645827594848	0.0581860281549	1.0	0.0405209422533	-0.0249666690664	-0.039769681763	0.00644494821932	0.027213824471	-0.0267506552544	0.00581466382789	0.0510447879348	0.0434938545688	-0.0284241827096	0.0880307215821	-0.0126880834011	-0.0106170937378	0.00782101276522	-0.0433987129206	-0.00820634391631	-0.025266992307	-0.00534333770546	-0.0728963834533	0.00167534296326	-0.00740355676683	-0.0118849827683	0.0449459027804	-0.028207095083	-0.0164096003695	-0.0116053418421	0.00928289904116	0.00173754099787	0.0136684982396	0.0451676203474	0.0138774197375	0.0426708807342	0.0032087359943	0.0136965913545	-0.0726922812819	0.024421844533	0.00602671035901	0.0540352298892	-0.0635761176018	-0.0671070535475	-0.00631482657306	-0.0169080756993	0.047293210325	0.0507999760326	-0.0155326900605	0.0206930424828	-0.0153559573643	-0.0473004953956	-0.0533221863551	0.00449406934244
k__Bacteria;p__Bacteroidetes;c__Bacteroidia;o__Bacteroidales;f__Porphyromonadaceae;g__Parabacteroides;s__Parabacteroides_distasonis	0.00699523493716	-0.0302672456761	-0.0242040918229	0.0165346589586	-0.00919448254981	-0.00735908689484	0.0140062045453	0.0208586785032	0.0405209422533	1.0	0.0228624150035	-0.0035791757349	-0.0398509931699	-0.0169488546528	-0.00366278063235	-0.00359055613998	-0.0154927506426	-0.00936281565766	-0.00787948773128	-0.000565583671205	-0.0428333867617	-0.0235192639128	0.0468753329504	-0.00422562872208	-0.0163404115724	0.00270228537741	0.00991483396863	-0.00459496908297	-0.0327281019293	-0.0304915244707	0.0209087242259	0.0308484745224	-0.037971003045	-0.000780212734062	-0.0277643853901	0.0140932484535	0.00125195293229	-0.0446214567228	-0.0060125400638	-0.0616727207501	0.0311023054501	0.0472469311345	0.0194019097584	-0.0209413668912	0.00694832414182	-0.0507993963676	-0.014797932646	0.0251553708033	-0.0108609729516	0.0382276419483	-0.0599177309692	0.0262208497346	-0.0219924586441	0.0110439042397	-0.0193048372545	-0.0273074190942	-0.00193412203896	-0.0174583526567	-0.0129315649303
k__Bacteria;p__Bacteroidetes;c__Bacteroidia;o__Bacteroidales;f__Bacteroidaceae;g__Bacteroides;s__Bacteroides_thetaiotaomicron	-0.0148006232616	-0.0364395052433	-0.0362491410962	0.0380631216119	0.00313392995962	0.0118148260302	-0.0408128060811	-0.0109634806998	-0.0249666690664	0.0228624150035	1.0	-0.0167511541277	-0.0799587931573	-0.0678225030785	-0.0371370260011	0.0275247250927	-0.0159171767552	-0.0340358867067	0.0491335361055	0.0887959893317	0.0168958431064	0.0193705902669	0.0230129567123	0.0261107524839	-0.0384590645342	-0.0150620443309	0.0336315111732	0.0114168624979	0.00832312647299	-0.0345785044224	0.000764114437644	-0.0140637734345	-0.0163720314703	-0.0564179387047	-0.0376883928226	0.0356025021777	-0.0387225227283	-0.0347094407895	-0.039733970261	-0.0356766287231	0.00684127640945	-0.0620840876924	-0.0111661845852	0.00950174798908	-0.00810951983619	-0.0400637221768	-0.0184206387576	-0.011936066212	0.0204770166237	-0.0147654961587	0.037632244127	0.0136827605361	0.049899898179	-0.00225200157129	-0.0385120412057	0.0466699558859	-0.0335604683957	-0.0171461009698	-0.0324943129418
k__Bacteria;p__Bacteroidetes;c__Bacteroidia;o__Bacteroidales;f__Bacteroidaceae;g__Bacteroides;s__Bacteroides_coprocola	-0.0225896306726	-0.00587718101373	0.036221335328	0.00471164471143	0.024574161866	-0.0222796359917	0.0090752765763	-0.0261223098821	-0.039769681763	-0.0035791757349	-0.0167511541277	1.0	-0.0418804056047	-0.0217926217638	0.0776697530265	0.0323972538303	-0.0618150377882	-0.00626078956497	-0.0415056557011	-0.000733939958606	-0.0064797531796	0.0308518727083	-0.0342943494939	-0.0874883033284	-0.00727986952537	0.0322928996913	0.0724340656873	-0.00585332527001	0.00844983892476	-0.0363836426952	-0.0488380658608	0.0313312095294	0.0315403058046	0.0430224183407	-0.0468035342162	0.0242938994319	0.0172840724796	-0.0298314308979	-0.00466305179773	-0.0124568013472	-0.0578702231732	-0.0244158167976	-0.00937642023493	-0.0012709757064	0.0192228024203	-0.00900988760721	-0.0177755001006	0.0188900674056	0.0430930678994	0.0303463383607	0.0058550846853	-0.0165347542972	0.00202777718941	-0.0337773037646	-0.0322853706591	0.00649630334708	-0.0704531359048	0.0122569201976	0.0284855512284
k__Bacteria;p__Bacteroidetes;c__Bacteroidia;o__Bacteroidales;f__Bacteroidaceae;g__Bacteroides;s__Bacteroides_cellulosilyticus	0.0107054144622	0.0223921813138	-0.0245758661852	-0.00786204093313	-0.0461459019277	-0.0726060002105	-0.0292613109651	0.0723790880859	0.00644494821932	-0.0398509931699	-0.0799587931573	-0.0418804056047	1.0	0.0243914744317	0.00978914615452	-0.0232859681666	-0.0339079867951	-0.0188075026487	-0.0760036004774	0.0193411112387	0.00485886216283	0.00172126177391	0.0257531022372	-0.0264849621506	-0.000910846194679	0.00959685941782	-0.00709803244709	-0.0315970309974	0.0417855330566	0.00268747006189	-0.0780338508666	-0.010684235505	0.0580061543979	0.0120723693753	-0.0127806311433	-0.0779158344246	-0.0349974258978	0.0148361610684	-0.0102916706265	-0.0728321228439	0.0156719315898	0.0348037660454	-0.0113073219646	-0.0440485711997	0.0078670722499	0.074297906483	-0.0110459861021	-0.0176146559787	0.00462752876488	0.0310044931876	0.0336113167446	0.0120460931305	-0.0126604357093	-0.0605953057669	0.0554600340013	-0.00514008427241	-0.0333805146305	-0.0568295866103	0.038052928339
k__Bacteria;p__Bacteroidetes;c__Bacteroidia;o__Bacteroidales;f__Rikenellaceae;g__Alistipes;s__Alistipes_obesi	0.0285314844436	-0.00790466626285	-0.0187417154036	-0.00839828936523	-0.0261693041301	-0.0476045025472	-0.034997436156	0.00914077286991	0.027213824471	-0.0169488546528	-0.0678225030785	-0.0217926217638	0.0243914744317	1.0	-0.0444709795088	0.0154490724218	0.066676000023	0.020669299478	0.0135341645137	0.0220025977345	-0.0285286865398	0.00554376512257	-0.0177154854359	-0.0255949566287	-0.0282542802242	-0.0012223868465	-0.0350361962632	-0.0248161399667	0.0330395215558	-0.00229837955674	0.00418384791343	-0.0182689311256	-0.0285196267398	0.0376491004711	-0.0162384259586	-0.0184803330133	-0.0028744125148	-0.0335868235197	0.00249128821478	0.0370335184657	0.0456499812284	-0.0185582056268	-0.0207671273759	0.0188517756288	-0.0302593342128	0.000129105301742	0.0395655090127	0.0362277140098	0.0292022968498	-0.0180747272032	-0.00833226941921	0.0211983903361	-0.0661706929539	0.00196651271092	-0.00549617971278	-0.0580092992826	-0.0194126187828	-0.0581001282468	-0.0236348178964
k__Bacteria;p__Firmicutes;c__Clostridia;o__Clostridiales;f__Lachnospiraceae;g__;s__[Eubacterium]_rectale	0.0394918012595	-0.03414710464	0.000686762088922	-0.00556909113882	-0.0268970090604	-0.0228277907529	0.0382061483404	-0.0196363596725	-0.0267506552544	-0.00366278063235	-0.0371370260011	0.0776697530265	0.00978914615452	-0.0444709795088	1.0	-0.0208180394143	0.0057973613381	0.0140667595716	-0.0143430508955	0.00594661144161	0.000921262322552	-0.000559140969699	0.0190569982857	0.0575630829199	-0.0473511506159	-0.0249295922534	-0.0217340983418	-0.0249714913234	0.00604635727011	0.0184591866395	-0.0564272521271	-0.00361876532476	-0.0269656900873	-0.005464101124	0.00246523301471	-0.00719658823632	-0.0145789723528	-0.0274747847969	-0.0381262055174	-0.0219593955633	-0.0130117432143	-0.0184893413783	-0.0140248980872	0.0158802248304	-0.0207396252668	-0.00676834788112	-0.0191739948194	-0.0309294592615	0.0229119173112	-0.00803154709523	-0.024052388632	0.0506280991218	0.0221399429215	-0.0242697383093	0.00287117189847	0.00492302800872	-0.0445634824318	0.0391546292589	0.0415111107601
k__Bacteria;p__Bacteroidetes;c__Bacteroidia;o__Bacteroidales;f__Bacteroidaceae;g__Bacteroides;s__Bacteroides_plebeius	-0.0304210257225	0.00278342768847	0.0418958227477	0.0896060640655	-0.0513456263394	-0.00530884146775	0.0348243113365	-0.0242737906304	0.00581466382789	-0.00359055613998	0.0275247250927	0.0323972538303	-0.0232859681666	0.0154490724218	-0.0208180394143	1.0	-0.0336080449063	0.0333177233124	-0.013588828168	-0.0546107591979	-0.0258455446322	0.0403778570563	0.026926506913	-0.0614916455955	-0.0297394985758	-0.0210219419588	-0.0584181989452	-0.027645283403	-0.0520266335043	-0.0456391191706	-0.0219436019067	-0.0197245530085	-0.0233189423734	-0.00895392388495	-0.0401051677082	-0.000724439082328	0.0560493826946	-0.0457700245856	-0.00887869797864	-0.0680645637946	-0.00375918968958	-0.0364921633068	0.0107540461168	0.00687072460862	0.00695379989503	0.0717015654626	-0.00549805437527	-0.0246260592301	0.00569960066483	0.0325559473936	0.0429933896072	0.0057576360864	-0.0100283502828	0.0118263946877	-0.00360738828152	-0.0902896657527	0.00319596134371	-0.0236260821199	-0.0434875426094
k__Bacteria;p__Bacteroidetes;c__Bacteroidia;o__Bacteroidales;f__Bacteroidaceae;g__Bacteroides;s__Bacteroides_fragilis	0.0283813225252	0.0468425641264	0.000489514731086	-0.0377116463373	-0.0314179537124	0.00453227002579	-0.0442274236902	0.0194362659435	0.0510447879348	-0.0154927506426	-0.0159171767552	-0.0618150377882	-0.0339079867951	0.066676000023	0.0057973613381	-0.0336080449063	1.0	-0.00590696023762	-0.0103134708849	-0.0602527120998	-0.0041799088695	-0.00658743408249	0.023271976986	-0.0051096711754	0.0465750514704	0.00280867289322	0.00403896635575	0.0254696820941	-0.037440123605	-0.0366605076581	-0.064188950513	0.0148544336189	-0.040770461961	-0.0281595904121	0.00372516276498	-0.0285642273478	0.00454350569157	0.0124169024565	-0.0249873224871	0.0212412285452	-0.0314374007786	0.0521031122577	0.0296511920405	0.0210291370662	0.019069430537	0.04794807268	0.0211190041107	-0.042512428512	-0.0318488779858	0.00199896134743	-0.00095479676533	-0.00377147972046	0.00451865951664	-0.0816876551634	0.00154431148591	0.048362472151	-0.064774830447	0.029534785096	0.0100484291381
k__Bacteria;p__Proteobacteria;c__Betaproteobacteria;o__Burkholderiales;f__Sutterellaceae;g__Sutterella;s__Sutterella_wadsworthensis	0.0292617119892	0.0196383122244	-0.0098816098539	0.0112362290967	0.0237083553745	-0.0290092615871	-0.0509723523526	0.0576509152709	0.0434938545688	-0.00936281565766	-0.0340358867067	-0.00626078956497	-0.0188075026487	0.020669299478	0.0140667595716	0.0333177233124	-0.00590696023762	1.0	-0.0198280022187	0.0143849035039	-0.0186808943799	-0.0428833385864	0.00763885791335	0.0174563246983	-0.0102410941973	-0.0149411395605	-0.0367343134184	0.0250967201756	-0.0114867573713	0.0590179018593	-0.0509778030844	0.0139840882841	0.0132722654463	0.00322605495178	-0.0162603377417	0.0182016390862	-0.0435099731298	-0.00728385429484	-0.0296280671496	0.0161902948648	0.0243055831749	0.0276722259181	-0.0178103862644	0.0694797901039	-0.000666166419225	-0.00381472627519	-0.0294174703484	-0.068909714691	-0.0702382913261	-0.0106138735422	0.00243506531171	0.0330103252338	0.00864680153834	0.0138561093986	-0.0067068931603	-0.0618814608814	0.032491887983	0.0249109059596	0.0312543045566
k__Bacteria;p__Bacteroidetes;c__Bacteroidia;o__Bacteroidales;f__Porphyromonadaceae;g__Barnesiella;s__Barnesiella_intestinihominis	-0.0142799278365	0.0557182362666	-0.00648167959332	-0.0227291031142	0.0250497655841	0.032396898296	0.0347259749396	-0.00229453435094	-0.0284241827096	-0.00787948773128	0.0491335361055	-0.0415056557011	-0.0760036004774	0.0135341645137	-0.0143430508955	-0.013588828168	-0.0103134708849	-0.0198280022187	1.0	-0.0691384119671	-0.0699719340664	0.0300888211533	0.0196804694697	-0.0112575043377	-0.00127606703619	-0.00693934599671	-0.00649533116022	-0.0257054540614	-0.0183233267447	-0.0266217205007	-0.00835460976137	-0.02084639611	-0.00870564068926	0.00368639340697	-0.0218643865339	0.0019968039855	0.00251142747974	0.0179177072752	0.0203301059582	-0.0285186068627	0.00505121373168	-0.0370750531525	-0.013712577194	-0.0143525769152	-0.0092350099537	0.0188000018665	-0.0213216377505	-0.000465549308411	0.00206928953753	0.0165281454038	0.0698264347691	-0.00465115368697	0.0211066058957	-0.0356691676815	-7.62874390345e-05	0.00718687289253	0.0215361491472	-0.0168936683959	-0.00267395252872
k__Bacteria;p__Bacteroidetes;c__Bacteroidia;o__Bacteroidales;f__Odoribacteraceae;g__Odoribacter;s__Odoribacter_splanchnicus	-0.0232559189724	-0.0198920942602	0.0268012587232	0.00658404441802	-0.02632136833	0.00287631093371	0.00541454772042	-0.0182460788716	0.0880307215821	-0.000565583671205	0.0887959893317	-0.000733939958606	0.0193411112387	0.0220025977345	0.00594661144161	-0.0546107591979	-0.0602527120998	0.0143849035039	-0.0691384119671	1.0	0.00252318589085	-0.0025436829948	0.0025484253472	0.0116775722776	0.0282949911679	0.00577844532386	0.00037574110039	0.00734361313499	-0.00667628149258	-0.0183002592884	-0.0481923050646	-0.0032864829674	-0.0274809276964	0.037123297213	-0.0393526954994	-0.0568715159023	-0.0388908311314	0.00721877065555	-0.0164681729444	-0.0213553162677	-0.0369110167533	0.040551557852	-0.0506069618815	-0.0112351544055	-0.0087471318503	0.0554667884418	-0.0102458032546	0.00641525830464	-0.00244436291953	0.0226626413708	0.0183488404119	-0.051469415878	-0.0229568602402	0.030876481773	-0.0148950918451	-0.0488526059138	0.0183775986061	0.026288064655	-0.0313494337345
k__Bacteria;p__Bacteroidetes;c__Bacteroidia;o__Bacteroidales;f__Bacteroidaceae;g__Bacteroides;s__Bacteroides_salyersiae	-0.0441454824456	-0.0495902164213	-0.0386293995956	-0.0245445588256	-0.025527816724	0.0251427199152	0.0108314849331	-0.00462399596665	-0.0126880834011	-0.0428333867617	0.0168958431064	-0.0064797531796	0.00485886216283	-0.0285286865398	0.000921262322552	-0.0258455446322	-0.0041799088695	-0.0186808943799	-0.0699719340664	0.00252318589085	1.0	-0.031415601546	-0.0140984049983	0.029792651851	0.00252909638989	-0.00580834983468	-0.0120535916841	-0.000477623242754	-0.0199340956102	-0.023681685581	-0.0575999686593	0.0258301899078	0.00839207535826	-0.0526908837782	-0.0602907322363	-0.0144242302241	-0.00344989151726	0.00629177091548	0.00208772055152	0.016186326596	-0.0180397173855	-0.0223984374187	0.0512219495444	-0.0174684656156	0.0562522427131	-0.0709904203781	-0.0235448669784	-0.035190431541	-0.0184471394872	0.0215443341815	-0.049040619648	-0.0555905807753	-0.000558864143859	0.0904724090021	-0.0589619093782	-0.0151136232567	0.0164102684962	0.0298322830835	0.0203734764775
k__Bacteria;p__Firmicutes;c__Clostridia;o__Clostridiales;f__Ruminococcaceae;g__Ruminiclostridium;s__[Eubacterium]_siraeum	-0.00613299737675	0.0105392513127	-0.0170386987664	-0.0686269521683	-0.0172318324475	-0.00165537038159	0.0268030337121	-0.0569349053098	-0.0106170937378	-0.0235192639128	0.0193705902669	0.0308518727083	0.00172126177391	0.00554376512257	-0.000559140969699	0.0403778570563	-0.00658743408249	-0.0428833385864	0.0300888211533	-0.0025436829948	-0.031415601546	1.0	-0.00675646499357	-0.0132802567872	-0.0187537630586	-0.00888842493404	0.00491525435954	-0.0218309621408	0.0435721949239	0.0105153646863	-0.0247376932157	-0.0392197093428	-0.0393062249777	0.0043348915813	0.0116166583439	0.0161331255132	-0.00409478075645	0.0183759524563	0.0529319525674	0.0324265230794	0.0312510907482	0.0136515833262	-0.0721819544707	0.0490618218358	-0.0248555096756	-0.011761308612	-0.0297873094911	0.0250072999889	-0.0687297058024	0.0574472414609	-0.0388369161205	-0.0343314478106	-0.00235429636702	-0.011491076656	-0.0228212679516	-0.0311814756334	-0.000794600844572	-0.0163414213379	-0.0535193744622
k__Bacteria;p__Proteobacteria;c__Betaproteobacteria;o__Burkholderiales;f__Sutterellaceae;g__Parasutterella;s__Parasutterella_excrementihominis	-0.0260714595228	0.0425469636983	-0.0308282363521	-0.00775801230155	-0.0171015085685	0.000218217065937	-0.0298648799974	-0.041472166843	0.00782101276522	0.0468753329504	0.0230129567123	-0.0342943494939	0.0257531022372	-0.0177154854359	0.0190569982857	0.026926506913	0.023271976986	0.00763885791335	0.0196804694697	0.0025484253472	-0.0140984049983	-0.00675646499357	1.0	-0.00115426329775	-0.0419565827031	0.0203772495038	-0.0255714917797	-0.0435067787643	0.00702817788063	0.0125915657253	-0.0116884886762	-0.0275004088684	0.0278505093222	0.00335765046468	0.0176417537789	-0.0551095967699	0.0045029704671	-0.00796229089396	-0.00113082021354	-0.0267183957843	0.0264930132069	0.0108994138002	0.0324170342689	-0.0516406790236	-0.051023829419	0.0235652608148	-0.000892258512549	0.000991320686228	0.0669390382016	-0.0450101792355	-0.0057799307266	0.0138529429493	-0.00402991571952	-0.0114392098313	0.0240742727084	-0.0592450628994	-0.0534184560524	0.041168256169	0.00909119873795
k__Bacteria;p__Actinobacteria;c__Actinobacteria;o__Bifidobacteriales;f__Bifidobacteriaceae;g__Bifidobacterium;s__Bifidobacterium_adolescentis	-0.0235438445718	-0.0295609674059	0.0268880949407	-0.0382062371694	0.0408603506265	0.0282669800441	0.0168137206444	0.0291236865145	-0.0433987129206	-0.00422562872208	0.0261107524839	-0.0874883033284	-0.0264849621506	-0.0255949566287	0.0575630829199	-0.0614916455955	-0.0051096711754	0.0174563246983	-0.0112575043377	0.0116775722776	0.029792651851	-0.0132802567872	-0.00115426329775	1.0	-0.0183684894634	-0.0881051936059	0.0270233074022	0.00952612856573	-0.00244059957688	-0.0106137722247	0.0320179555455	-0.0284789737968	0.0138516596401	-0.0406911415124	-6.30633547354e-05	0.0374007248033	0.0572991082815	-0.0332519956065	0.00563049869388	-0.0263695114015	-0.000619068946884	0.00238452697391	0.0115588356755	0.031316266439	-0.0447413870016	-0.0255254819458	-0.0688350527171	0.0151276372262	-0.0466804556842	-0.0473338349176	0.0104949475173	0.0129591809347	-0.000148304814798	-0.0450835866528	0.0371004917128	0.00166363296928	-0.0546787992621	-0.00271556630597	0.0170415788739
k__Bacteria;p__Firmicutes;c__Clostridia;o__Clostridiales;f__Oscillospiraceae;g__Oscillibacter;s__Oscillibacter_sp._KLE_1745	-0.00814904958189	0.0594202271416	0.0422424463397	0.0164435079282	-0.056186272697	-0.0239207338647	-0.0327836174091	-0.0128413828083	-0.00820634391631	-0.0163404115724	-0.0384590645342	-0.00727986952537	-0.000910846194679	-0.0282542802242	-0.0473511506159	-0.0297394985758	0.0465750514704	-0.0102410941973	-0.00127606703619	0.0282949911679	0.00252909638989	-0.0187537630586	-0.0419565827031	-0.0183684894634	1.0	-0.00241560100499	0.0276968456555	0.0162554398889	-0.0680124975724	-0.111164678163	-0.0140408886674	0.0262277329472	-0.0499392115522	-0.0311852899042	-0.0883167548516	-0.0285160272182	0.00727070694601	0.0262765298124	0.0236924106556	-0.00904314313929	0.0163571070756	-0.0626019776664	0.0392471766073	-0.0268454732704	0.00204361750392	-0.0410425751725	0.0268012234726	-0.00980012690967	-0.0147406352153	0.0189977857399	-0.0277180437752	0.0144408779887	-0.00618230082656	0.0195323114109	0.0320015239421	0.0011902080338	0.0316664256572	-0.0184376624763	0.0146692263143
k__Bacteria;p__Bacteroidetes;c__Bacteroidia;o__Bacteroidales;f__Bacteroidaceae;g__Bacteroides;s__Bacteroides_coprophilus	0.00464925379965	-0.0303314831187	-0.0540783055055	-0.0160731034975	-0.0314366164142	-0.0461157816336	0.00142020344561	-0.0325067895864	-0.025266992307	0.00270228537741	-0.0150620443309	0.0322928996913	0.00959685941782	-0.0012223868465	-0.0249295922534	-0.0210219419588	0.00280867289322	-0.0149411395605	-0.00693934599671	0.00577844532386	-0.00580834983468	-0.00888842493404	0.0203772495038	-0.0881051936059	-0.00241560100499	1.0	0.0302726824543	-0.0581593084068	-0.0518678529024	-0.0369496554263	0.0182554346053	-0.00156796870515	0.0294698348036	0.02286619926	0.0349712766324	0.00536198365179	-0.0437130046775	-0.00485599820937	0.0144114215542	-0.00795795633691	-0.0269943244246	-0.00852537903536	0.061690608442	0.0151905199437	-0.0403356693415	-0.00914383163638	-0.0109325381958	0.0116939662001	-0.0386056700727	0.00616381016941	-0.0939550570018	0.0264374201323	-0.0327262365574	-0.0123619653963	0.0493223219752	0.0095494992115	-0.0151724971595	0.00500166669029	0.0169353354298
k__Bacteria;p__Firmicutes;c__Clostridia;o__Clostridiales;f__Lachnospiraceae;g__Roseburia;s__Roseburia_intestinalis	-0.0174227602754	0.00354801508939	-0.00602612791589	-0.00185984191054	0.00154728648899	-0.0311678117427	0.0399444764494	-0.0118131539258	-0.00534333770546	0.00991483396863	0.0336315111732	0.0724340656873	-0.00709803244709	-0.0350361962632	-0.0217340983418	-0.0584181989452	0.00403896635575	-0.0367343134184	-0.00649533116022	0.00037574110039	-0.0120535916841	0.00491525435954	-0.0255714917797	0.0270233074022	0.0276968456555	0.0302726824543	1.0	-0.0057406739003	-0.0268704237812	-0.031740298062	-0.0484480200224	0.0458598752882	0.00635403452392	-0.00997116851426	-0.0646210375431	0.0824128753012	0.00402672886824	-0.00481474486398	-0.0294639403828	-0.0618446810269	-0.0542555130028	-0.0136669348757	-0.0031131856113	0.0194591896607	-0.00288181531374	-0.0150115294857	0.036401700309	-0.0118147839537	-0.0641531581721	0.00766270628878	-0.00196867866845	0.0294069499994	-0.0552699200332	0.0140740842471	-0.0369821013672	0.000894710085382	-0.0462268710608	0.0141569321076	-0.0246740808565
k__Bacteria;p__Firmicutes;c__Clostridia;o__Clostridiales;f__Lachnospiraceae;g__Roseburia;s__Roseburia_hominis	0.000781839426132	-0.028500353681	-0.0151375539039	0.00138329425829	0.0865178718944	0.0233112376583	-0.00217737741385	0.0364066956546	-0.0728963834533	-0.00459496908297	0.0114168624979	-0.00585332527001	-0.0315970309974	-0.0248161399667	-0.0249714913234	-0.027645283403	0.0254696820941	0.0250967201756	-0.0257054540614	0.00734361313499	-0.000477623242754	-0.0218309621408	-0.0435067787643	0.00952612856573	0.0162554398889	-0.0581593084068	-0.0057406739003	1.0	-0.0426990429876	0.00134796008127	0.0357635892553	0.00488365910245	0.0332359375957	0.0186368181914	0.0275209315244	-0.0212565560363	-0.0746355053991	-0.0590564005869	-0.0766058839269	0.0316216682888	-0.0117147724601	-0.00835568156642	0.00100718205925	0.0190129742202	0.039288898623	0.0133024950257	0.028557871285	-0.00459066593201	-0.0210572435902	-0.0175743074877	-0.0242451256366	0.0381931810666	0.0254346635397	-0.0734909130249	0.0261556092078	0.0437995867168	-0.0333720710653	0.0199483308033	-0.0171672640773
k__Bacteria;p__Bacteroidetes;c__Bacteroidia;o__Bacteroidales;f__Porphyromonadaceae;g__Parabacteroides;s__Parabacteroides_johnsonii	-0.025856865307	-0.0309512455552	0.011306379888	0.0379257491605	0.000224681404223	-0.0243503648516	0.00263561675494	-0.0262181815086	0.00167534296326	-0.0327281019293	0.00832312647299	0.00844983892476	0.0417855330566	0.0330395215558	0.00604635727011	-0.0520266335043	-0.037440123605	-0.0114867573713	-0.0183233267447	-0.00667628149258	-0.0199340956102	0.0435721949239	0.00702817788063	-0.00244059957688	-0.0680124975724	-0.0518678529024	-0.0268704237812	-0.0426990429876	1.0	-0.00517476437307	0.0127107157288	-0.028297118481	0.024996410965	-0.0519976921186	0.0312893031056	-0.0147344372797	0.0183364168748	-0.00956690082396	0.056640213714	-0.066063203876	0.0536094129993	-0.005556279738	-0.0381060716628	-0.0124175778342	0.0582410223421	-0.057248896113	-0.0372698866058	0.0126171396312	0.048433434701	-0.00315545760769	-0.0374110334091	0.014272011393	-0.0234331068182	0.0419117020844	0.0560687243344	-0.04958533874	-0.0215914508985	0.00613013517621	0.00953775402863
