#taxonomy	k__Bacteria;p__Bacteroidetes;c__Bacteroidia;o__Bacteroidales;f__Bacteroidaceae;g__Bacteroides;s__Bacteroides_vulgatus	k__Bacteria;p__Bacteroidetes;c__Bacteroidia;o__Bacteroidales;f__Bacteroidaceae;g__Bacteroides;s__Bacteroides_uniformis	k__Bacteria;p__Bacteroidetes;c__Bacteroidia;o__Bacteroidales;f__Rikenellaceae;g__Alistipes;s__Alistipes_putredinis	k__Bacteria;p__Bacteroidetes;c__Bacteroidia;o__Bacteroidales;f__Prevotellaceae;g__Prevotella;s__Prevotella_copri	k__Bacteria;p__Bacteroidetes;c__Bacteroidia;o__Bacteroidales;f__Bacteroidaceae;g__Bacteroides;s__Bacteroides_stercoris	k__Bacteria;p__Bacteroidetes;c__Bacteroidia;o__Bacteroidales;f__Bacteroidaceae;g__Bacteroides;s__Bacteroides_ovatus	k__Bacteria;p__Bacteroidetes;c__Bacteroidia;o__Bacteroidales;f__Rikenellaceae;g__Alistipes;s__Alistipes_shahii	k__Bacteria;p__Firmicutes;c__Clostridia;o__Clostridiales;f__Ruminococcaceae;g__Faecalibacterium;s__Faecalibacterium_prausnitzii	k__Bacteria;p__Bacteroidetes;c__Bacteroidia;o__Bacteroidales;f__Rikenellaceae;g__Alistipes;s__Alistipes_finegoldii	k__Bacteria;p__Bacteroidetes;c__Bacteroidia;o__Bacteroidales;f__Porphyromonadaceae;g__Parabacteroides;s__Parabacteroides_distasonis	k__Bacteria;p__Bacteroidetes;c__Bacteroidia;o__Bacteroidales;f__Bacteroidaceae;g__Bacteroides;s__Bacteroides_thetaiotaomicron	k__Bacteria;p__Bacteroidetes;c__Bacteroidia;o__Bacteroidales;f__Bacteroidaceae;g__Bacteroides;s__Bacteroides_coprocola	k__Bacteria;p__Bacteroidetes;c__Bacteroidia;o__Bacteroidales;f__Bacteroidaceae;g__Bacteroides;s__Bacteroides_cellulosilyticus	k__Bacteria;p__Bacteroidetes;c__Bacteroidia;o__Bacteroidales;f__Rikenellaceae;g__Alistipes;s__Alistipes_obesi	k__Bacteria;p__Firmicutes;c__Clostridia;o__Clostridiales;f__Lachnospiraceae;g__;s__[Eubacterium]_rectale	k__Bacteria;p__Bacteroidetes;c__Bacteroidia;o__Bacteroidales;f__Bacteroidaceae;g__Bacteroides;s__Bacteroides_plebeius	k__Bacteria;p__Bacteroidetes;c__Bacteroidia;o__Bacteroidales;f__Bacteroidaceae;g__Bacteroides;s__Bacteroides_fragilis	k__Bacteria;p__Proteobacteria;c__Betaproteobacteria;o__Burkholderiales;f__Sutterellaceae;g__Sutterella;s__Sutterella_wadsworthensis	k__Bacteria;p__Bacteroidetes;c__Bacteroidia;o__Bacteroidales;f__Porphyromonadaceae;g__Barnesiella;s__Barnesiella_intestinihominis	k__Bacteria;p__Bacteroidetes;c__Bacteroidia;o__Bacteroidales;f__Odoribacteraceae;g__Odoribacter;s__Odoribacter_splanchnicus	k__Bacteria;p__Bacteroidetes;c__Bacteroidia;o__Bacteroidales;f__Bacteroidaceae;g__Bacteroides;s__Bacteroides_salyersiae	k__Bacteria;p__Firmicutes;c__Clostridia;o__Clostridiales;f__Ruminococcaceae;g__Ruminiclostridium;s__[Eubacterium]_siraeum	k__Bacteria;p__Proteobacteria;c__Betaproteobacteria;o__Burkholderiales;f__Sutterellaceae;g__Parasutterella;s__Parasutterella_excrementihominis	k__Bacteria;p__Actinobacteria;c__Actinobacteria;o__Bifidobacteriales;f__Bifidobacteriaceae;g__Bifidobacterium;s__Bifidobacterium_adolescentis	k__Bacteria;p__Firmicutes;c__Clostridia;o__Clostridiales;f__Oscillospiraceae;g__Oscillibacter;s__Oscillibacter_sp._KLE_1745	k__Bacteria;p__Bacteroidetes;c__Bacteroidia;o__Bacteroidales;f__Bacteroidaceae;g__Bacteroides;s__Bacteroides_coprophilus	k__Bacteria;p__Firmicutes;c__Clostridia;o__Clostridiales;f__Lachnospiraceae;g__Roseburia;s__Roseburia_intestinalis	k__Bacteria;p__Firmicutes;c__Clostridia;o__Clostridiales;f__Lachnospiraceae;g__Roseburia;s__Roseburia_hominis	k__Bacteria;p__Bacteroidetes;c__Bacteroidia;o__Bacteroidales;f__Porphyromonadaceae;g__Parabacteroides;s__Parabacteroides_johnsonii	k__Bacteria;p__Actinobacteria;c__Actinobacteria;o__Bifidobacteriales;f__Bifidobacteriaceae;g__Bifidobacterium;s__Bifidobacterium_longum	k__Bacteria;p__Firmicutes;c__Clostridia;o__Clostridiales;f__;g__Flavonifractor;s__Flavonifractor_plautii	k__Bacteria;p__Firmicutes;c__Clostridia;o__Clostridiales;f__Clostridiaceae;g__Clostridium;s__Clostridium_phoceensis	k__Bacteria;p__Verrucomicrobia;c__Verrucomicrobiae;o__Verrucomicrobiales;f__Akkermansiaceae;g__Akkermansia;s__Akkermansia_muciniphila	k__Bacteria;p__Bacteroidetes;c__Bacteroidia;o__Bacteroidales;f__Prevotellaceae;g__Paraprevotella;s__Paraprevotella_xylaniphila	k__Bacteria;p__Firmicutes;c__Clostridia;o__Clostridiales;f__Ruminococcaceae;g__Ruminococcus;s__Ruminococcus_callidus	k__Bacteria;p__Bacteroidetes;c__Bacteroidia;o__Bacteroidales;f__Rikenellaceae;g__Alistipes;s__Alistipes_senegalensis	k__Bacteria;p__Firmicutes;c__Clostridia;o__Clostridiales;f__Lachnospiraceae;g__Blautia;s__Blautia_sp._KLE_1732	k__Bacteria;p__Bacteroidetes;c__Bacteroidia;o__Bacteroidales;f__Bacteroidaceae;g__Bacteroides;s__Bacteroides_oleiciplenus	k__Bacteria;p__Firmicutes;c__Clostridia;o__Clostridiales;f__Ruminococcaceae;g__Ruminococcus;s__Ruminococcus_bicirculans	k__Bacteria;p__Bacteroidetes;c__Bacteroidia;o__Bacteroidales;f__Bacteroidaceae;g__Bacteroides;s__Bacteroides_fluxus	k__Bacteria;p__Bacteroidetes;c__Bacteroidia;o__Bacteroidales;f__Prevotellaceae;g__Prevotella;s__Prevotella_stercorea	k__Bacteria;p__Firmicutes;c__Clostridia;o__Clostridiales;f__Lachnospiraceae;g__Dorea;s__Dorea_longicatena	k__Bacteria;p__Firmicutes;c__Clostridia;o__Clostridiales;f__Eubacteriaceae;g__Eubacterium;s__[Eubacterium]_eligens	k__Bacteria;p__Firmicutes;c__Clostridia;o__Clostridiales;f__Ruminococcaceae;g__;s__Ruminococcaceae_bacterium_D16	k__Bacteria;p__Firmicutes;c__Clostridia;o__Clostridiales;f__Lachnospiraceae;g__Coprococcus;s__Coprococcus_comes	k__Bacteria;p__Proteobacteria;c__Gammaproteobacteria;o__Enterobacterales;f__Enterobacteriaceae;g__Escherichia;s__Escherichia_coli	k__Bacteria;p__Firmicutes;c__Clostridia;o__Clostridiales;f__Ruminococcaceae;g__Anaerotruncus;s__Anaerotruncus_colihominis	k__Bacteria;p__Firmicutes;c__Clostridia;o__Clostridiales;f__Lachnospiraceae;g__Blautia;s__Blautia_obeum	k__Bacteria;p__Bacteroidetes;c__Bacteroidia;o__Bacteroidales;f__Odoribacteraceae;g__Odoribacter;s__Odoribacter_laneus	k__Bacteria;p__Firmicutes;c__Clostridia;o__Clostridiales;f__Ruminococcaceae;g__Ruminiclostridium;s__[Clostridium]_leptum	k__Bacteria;p__Bacteroidetes;c__Bacteroidia;o__Bacteroidales;f__Porphyromonadaceae;g__Parabacteroides;s__Parabacteroides_goldsteinii	k__Bacteria;p__Firmicutes;c__Clostridia;o__Clostridiales;f__Lachnospiraceae;g__Anaerostipes;s__Anaerostipes_hadrus	k__Bacteria;p__Firmicutes;c__Clostridia;o__Clostridiales;f__Ruminococcaceae;g__Ruminococcus;s__Ruminococcus_lactaris	k__Bacteria;p__Firmicutes;c__Clostridia;o__Clostridiales;f__Clostridiaceae;g__Clostridium;s__Clostridium_sp._L2-50	k__Bacteria;p__Firmicutes;c__Clostridia;o__Clostridiales;f__Clostridiaceae;g__Clostridium;s__Clostridium_sp._M62/1	k__Bacteria;p__Firmicutes;c__Clostridia;o__Clostridiales;f__;g__Intestinimonas;s__Intestinimonas_butyriciproducens	k__Bacteria;p__Actinobacteria;c__Actinobacteria;o__Bifidobacteriales;f__Bifidobacteriaceae;g__Bifidobacterium;s__Bifidobacterium_bifidum	k__Bacteria;p__Firmicutes;c__Negativicutes;o__Veillonellales;f__Veillonellaceae;g__Dialister;s__Dialister_invisus	k__Bacteria;p__Bacteroidetes;c__Bacteroidia;o__Bacteroidales;f__Bacteroidaceae;g__Bacteroides;s__Bacteroides_salanitronis
k__Bacteria;p__Bacteroidetes;c__Bacteroidia;o__Bacteroidales;f__Bacteroidaceae;g__Bacteroides;s__Bacteroides_vulgatus	1.0	-0.0181458464122	-0.0184950813086	0.0438548858381	-0.0379528537565	-0.021146103256	-0.0477032884985	0.0358499346504	0.00633704489029	0.0566246599931	-0.0123898422776	0.0166401709372	0.0180565652921	-0.00222145066539	-0.0031883014777	0.0049234415499	-0.0197870603326	-0.00676390551315	-0.00203220774624	0.0181502607606	-0.0601434090781	0.00292819072528	0.0176155232182	0.0679527221021	-0.0348574424005	-0.0121909487969	-0.0223091292358	-0.0167908969548	-0.0530383385047	0.0620393560759	-0.0086701574785	-0.0218088615146	-0.00116817038926	0.0212218546644	-0.0240620502533	0.0852732677395	-0.0320220779295	-0.0146940387175	-0.0178973545239	-0.0118906276862	-0.0344712387471	-0.0267491127365	0.0243798054855	0.000724394530942	0.0508036143562	-0.0419106822124	0.0189367892239	0.0148000678071	0.0331881428811	-0.00808845187151	-0.0256919015846	-0.0106571453779	-0.00844119725635	0.019447817556	-0.0172222616419	0.0013879039504	-0.0327679857257	-0.0129259178492	0.0627523786782
k__Bacteria;p__Bacteroidetes;c__Bacteroidia;o__Bacteroidales;f__Bacteroidaceae;g__Bacteroides;s__Bacteroides_uniformis	-0.0181458464122	1.0	-0.00431689103767	0.0544898946359	-0.0105132874466	0.0175421394771	0.0200656633375	-0.039032010551	-0.0266270886584	-0.0371708923314	0.0181352850521	-0.0338096173681	-0.0202070471627	-0.0149259665946	0.0167859519164	-0.0027083398543	0.0176708583088	-0.00759787921993	0.0122526880319	0.0432905580081	0.0402118385361	-0.081011759704	-0.0292537887402	0.0634166210447	-0.0248489086436	0.0100123528608	-0.0326556031451	0.0546895084042	0.031017392668	-0.0106322990145	-0.0361199446415	-0.00225602020052	-0.0221461981017	-0.0100399043843	0.00435632886126	-0.00382878621825	0.0199916432556	0.00275723504782	-0.0232486691229	-0.0661060820537	0.0319339595091	-0.0388202077766	-0.0072318300808	-0.0158376146765	0.00308333355987	0.0218566984707	-0.0054008867497	0.0349113477025	-0.0251138781742	-0.00242508860107	-0.0495625063178	-0.0148657004877	-0.0715574605217	-0.0192927644779	-0.00430557744048	0.0281683775622	-0.00606791924217	-0.0619765630147	0.0211785895473
k__Bacteria;p__Bacteroidetes;c__Bacteroidia;o__Bacteroidales;f__Rikenellaceae;g__Alistipes;s__Alistipes_putredinis	-0.0184950813086	-0.00431689103767	1.0	0.00295933251623	-0.0364691906389	0.0417945730848	0.0392046974464	0.0167840158455	0.0350171724677	-0.0224724090803	0.00536438123461	0.00982342208015	-0.0658618849817	0.00820274901603	-0.019092362797	-0.00149665218793	0.0326769412328	0.0431649054056	0.0343911674249	-0.0186167879958	-0.0472180769445	-0.0615906906133	-0.043440337097	-0.00360908026005	0.0531487267044	-0.0646292056173	-0.0360416341595	0.0116063800779	0.0127877463279	0.0128522853499	-0.043527739505	-0.048006002775	0.0288808059687	-0.00328460248022	-0.0828833396721	0.0469666029086	0.0185465571249	-0.0409427437314	-0.00917851376317	-0.0734600666424	-0.0309951623	-0.0493974711171	0.0125859078356	-0.0418310297491	0.0057906623344	0.00393329573075	0.0399298358958	-0.0464989329923	0.0300229673512	0.03576098923	-0.0144251121696	-0.0400181302033	0.0328720084699	0.00335407397449	-0.0419356257767	0.015143122761	-0.0243537853563	0.0150974293447	-0.0119664658617
k__Bacteria;p__Bacteroidetes;c__Bacteroidia;o__Bacteroidales;f__Prevotellaceae;g__Prevotella;s__Prevotella_copri	0.0438548858381	0.0544898946359	0.00295933251623	1.0	-0.0194861446469	0.00646437971568	-0.0886792356671	-0.0221655574876	0.0203560398499	0.0119756022253	-0.0533969025706	0.00168442931611	-0.0119973361188	-0.0527980351721	-0.0149170809142	-0.0212366476562	-0.0352781470053	-0.00139842642958	-0.0138306931387	0.0535628056366	0.0129181370582	-0.0721444222374	-0.0165598792206	0.0584194946215	0.0162274855668	0.0471014158743	-0.0209096240013	-0.00381756077163	-0.0393243812419	0.0212628942025	0.0458794898123	-0.0389021864477	0.0343071310464	-0.0338643106712	-0.0105636074781	0.028707460409	0.00462379569587	0.00176095436464	0.0491362738373	-0.0278413978301	-0.00650410264122	0.0410242479709	-0.0722329039615	0.04869226149	0.0398635471647	-0.0349134491063	0.0209984907794	-0.0488186304322	0.014064790826	0.0206561347565	-0.0800357724828	0.0239675929973	-0.0663545053821	0.0442497784453	-0.0613254269637	0.0370137283213	-0.0350281104561	-0.0275036702977	-0.0551740497787
k__Bacteria;p__Bacteroidetes;c__Bacteroidia;o__Bacteroidales;f__Bacteroidaceae;g__Bacteroides;s__Bacteroides_stercoris	-0.0379528537565	-0.0105132874466	-0.0364691906389	-0.0194861446469	1.0	-0.0391192829325	0.0201033408746	-0.027205735615	6.41907448845e-05	0.0258812300319	-0.0354574390599	-0.0348465415369	0.00649940919152	-0.0338668626821	0.0205215152407	-0.0304462506881	-0.0486413594431	-0.0254278683604	0.0140617662015	-0.000247295967795	0.0258848467021	-0.027072263959	-0.0184485516132	0.0425544478032	-0.0298032410338	0.0565223661092	-0.0122079861165	-0.00110126055958	-0.0153813808614	0.034827765469	0.0182849272374	0.00884152329465	-0.00343734173519	0.0082012390341	-0.0470739602466	0.0151075766153	-0.000521875092063	-0.0469805257338	-0.0552344303104	-0.0139370601504	0.0276233908854	0.0363944848036	0.0348463693411	0.0619711452461	-0.0106617163732	0.0428890051817	-0.02985209814	0.0110362056872	0.0173052556564	-0.042673493256	-0.00184711537111	0.0157505497473	-0.0303179340352	0.00985051780044	-0.0305897214211	-0.0145160348703	-0.0541956986387	-0.0245305859872	-0.0134821279371
k__Bacteria;p__Bacteroidetes;c__Bacteroidia;o__Bacteroidales;f__Bacteroidaceae;g__Bacteroides;s__Bacteroides_ovatus	-0.021146103256	0.0175421394771	0.0417945730848	0.00646437971568	-0.0391192829325	1.0	0.0178207487209	-0.037091519614	0.0718595257779	-0.0820317561675	0.0107860023815	0.0407774934226	0.0104701875732	-0.0261939184915	0.0146348434418	-0.0300057793232	0.00527886221447	-0.00828252165259	-0.0227171786746	-0.0344705783416	0.00574938479535	-0.0519028048531	-0.0649653002219	-0.0144392905275	-0.0218029613318	0.061759654463	0.000742859471223	-0.0392432363292	-0.00444683632986	0.0266783406299	-0.00688591808186	-0.0321759125571	-0.0243595922963	0.00509852861968	-0.00262511263503	-0.0461203668883	-0.0492140345833	0.000609872126351	-0.0298779014475	0.0457138632899	-0.0125714229244	0.0191018165625	-0.024424192747	0.0192709931521	0.00390802377707	0.00973772294674	0.00201437427948	-0.0672835631292	0.0328018901754	-0.0583285085672	-0.0269138078113	-0.0300589136021	0.000721495658098	0.01528317004	0.0032743061108	0.013730616741	0.0122717244247	-0.0219040707885	0.0338530361114
k__Bacteria;p__Bacteroidetes;c__Bacteroidia;o__Bacteroidales;f__Rikenellaceae;g__Alistipes;s__Alistipes_shahii	-0.0477032884985	0.0200656633375	0.0392046974464	-0.0886792356671	0.0201033408746	0.0178207487209	1.0	0.034312605603	0.0101702364706	-0.0343171667199	-0.0275582416243	0.0233980618048	-0.117830658792	-0.0243897611906	0.0192138044213	0.0103559255238	-0.0247830006213	0.00162460895148	-0.0386756755356	0.0378115901183	-0.041085290458	0.0136718102941	0.0016955338415	-0.0392245113041	0.0159999347933	-0.00910303218523	0.0225097386616	0.0430517146257	0.0371043908725	-0.0189138763487	-0.0195521680237	0.0138516005174	-0.0621677364508	0.0072946027275	0.00404473294798	0.0236319590315	0.0240319956821	-0.0370795599009	0.0158999779173	0.0278757893303	-0.0296725169807	-0.0329570108502	0.00818428438499	0.00369724315317	-0.0528895584475	0.0369207504743	0.0159481377333	-0.0108573520686	-0.0183450655734	-0.0109742797594	-0.0176545718338	-0.00200661106347	-0.0156261543797	-0.0509964849211	-0.0371458144865	-0.0171963375548	0.0403651762613	-0.0142466026665	-0.029953651804
k__Bacteria;p__Firmicutes;c__Clostridia;o__Clostridiales;f__Ruminococcaceae;g__Faecalibacterium;s__Faecalibacterium_prausnitzii	0.0358499346504	-0.039032010551	0.0167840158455	-0.0221655574876	-0.027205735615	-0.037091519614	0.034312605603	1.0	0.0219920975073	0.0025815920277	-0.00276964394173	0.0236556880247	-0.0515250522509	-0.0217816167178	-0.0166247260363	-0.0470130000534	0.0425027442343	0.0264499498418	0.0166105834669	-0.012244283774	-0.0443345123139	-0.0102281634135	-0.0794446333146	-0.0235069978969	-0.0236016717175	-0.00850037897219	0.021330111051	0.0181955970746	0.0193459181608	0.0163376117232	0.016646644094	0.0392298243871	-0.0472144540411	0.0231479229734	0.0210796449109	-0.00433899835482	-0.0141039081143	-0.0572154670249	-0.0422140243886	-0.00246917728021	0.0107158051214	0.0217407123571	-0.0212572444799	0.0169073028756	0.00809631763178	-0.0145267231965	-0.0106127274471	-0.0674413211485	0.00636911503145	-0.01873975935	-0.0547717561967	0.0245325100633	-0.0206319015081	0.043024968694	0.0178777164502	-0.027625715942	0.00773299257028	-0.00425354016841	0.0693822004213
k__Bacteria;p__Bacteroidetes;c__Bacteroidia;o__Bacteroidales;f__Rikenellaceae;g__Alistipes;s__Alistipes_finegoldii	0.00633704489029	-0.0266270886584	0.0350171724677	0.0203560398499	6.41907448846e-05	0.0718595257779	0.0101702364706	0.0219920975073	1.0	0.033907479701	-0.0547951898199	0.0328949785548	-0.0149378090555	0.0066169503099	-0.0263286824559	-0.0518827338693	0.0175165112148	0.0147502012539	-0.0236845118164	0.00984532880823	-0.0134880529232	-0.0463023988901	0.0218217417203	-0.0494978418717	-0.0496939207425	-0.0279108618951	-0.04972448895	-0.00763886786894	-0.0298487509032	0.0663121669207	-0.0512636578308	0.060499108402	-0.0427902262204	0.0368735772948	-0.023184655225	-0.0138877482699	-0.00567057641803	-0.0439568943134	0.0364777148124	-0.0238057317221	0.0202367966184	0.00278572642051	-0.0758252361187	0.0326474506614	0.00634527461815	-0.0159970845275	-0.0142148691617	-0.00603957562991	-0.00637703536458	-0.0244761650727	0.043087222065	0.0295400216047	0.00982495447812	-0.051586590799	0.00193258048517	-0.0275154791188	0.00606416657223	0.0678028497884	0.043079805945
k__Bacteria;p__Bacteroidetes;c__Bacteroidia;o__Bacteroidales;f__Porphyromonadaceae;g__Parabacteroides;s__Parabacteroides_distasonis	0.0566246599931	-0.0371708923314	-0.0224724090803	0.0119756022253	0.0258812300319	-0.0820317561675	-0.0343171667199	0.0025815920277	0.033907479701	1.0	-0.0458757694028	0.055774659266	-0.0158829331946	0.0426139779136	-0.0264836466073	-0.0466909021509	0.0128065765678	-0.00632346570538	-0.0832771754125	0.00972721218098	-0.051071658056	-0.0589203162938	-0.00947602749531	-0.0259987051844	-0.0982407097941	0.0244995821508	-0.0146502205285	0.00845456545888	0.0448441126112	0.0178230676375	0.015988970725	0.0353807651168	-0.0107106497954	-0.0138370359387	-0.0209992041928	-0.00205220559457	0.0478813499709	0.0368219027629	0.0498877225161	0.0326716607843	-0.0902861287299	0.0203215866663	-0.0509681399964	0.0223535053532	0.0147708775478	0.0286090421241	0.0725281775495	0.0135138336749	0.0405333519495	-0.0418916477492	0.0530500452103	0.00907914026951	-0.0350077065563	-0.0264426418128	-0.0394109132965	-0.0495659637806	-0.00737701287892	-0.0531981254238	-0.0708582362226
k__Bacteria;p__Bacteroidetes;c__Bacteroidia;o__Bacteroidales;f__Bacteroidaceae;g__Bacteroides;s__Bacteroides_thetaiotaomicron	-0.0123898422776	0.0181352850521	0.00536438123461	-0.0533969025706	-0.0354574390599	0.0107860023815	-0.0275582416243	-0.00276964394173	-0.0547951898199	-0.0458757694028	1.0	-0.0406777568972	0.01075718225	0.0326315738897	-0.032553195921	0.0124181087483	-0.0139162091018	0.0235605958783	-0.03494790395	-0.022841215432	0.00131050832888	-5.74828343324e-05	0.0177712993609	0.0310375152608	0.0437105326323	-0.0424374946057	0.0532032718533	-0.0252321682748	0.0172484720752	0.0284031863084	0.0165216303764	-0.0380759268709	-0.0393960815933	-0.0329518347907	0.0295201636959	0.00217544046947	-0.000526515152531	-0.0263814768359	0.0119380320238	0.0279985063669	-0.00414030948981	-0.0188840570197	0.00753477625134	0.038451265054	-0.0982329803653	0.00769232992844	0.0355095508664	-0.0363301491716	0.000143267634774	-0.0111444805681	0.00538822166589	-0.0670354945044	0.0309732482854	0.0315915340124	-0.0123464966746	-0.063800379653	0.0502756645972	-0.0463703406768	0.0217405268672
k__Bacteria;p__Bacteroidetes;c__Bacteroidia;o__Bacteroidales;f__Bacteroidaceae;g__Bacteroides;s__Bacteroides_coprocola	0.0166401709372	-0.0338096173681	0.00982342208015	0.00168442931611	-0.0348465415369	0.0407774934226	0.0233980618048	0.0236556880247	0.0328949785548	0.055774659266	-0.0406777568972	1.0	0.00485686359973	0.00196351402851	-0.0241762197271	0.0262773270334	-0.0350442364182	-0.0239170850653	0.013395027885	0.0188873839652	-0.00545546094721	0.0486557265754	0.0216112347475	-0.0542068296725	-0.0153462447883	0.00124018559816	0.0404911245506	-0.0262309829514	0.00290312984294	0.0351336484231	0.00936331029851	-0.053275814824	0.0455675006113	-0.0146240011009	0.0175368059983	0.0358532673833	0.0264454134486	-0.0606637191409	-0.0137986577057	-0.0825059958159	-0.0290031265021	-0.00564007140604	0.0089153345047	-0.0414302629567	-0.00948153213278	-0.0157118194841	-0.00523674523818	0.0395751672839	-0.0075749629829	-0.043829238979	-0.0540345513495	-0.00847776167199	-0.0108968674145	0.0203018787766	0.0265721728516	0.00647375646278	-0.0225734513262	0.0214097820898	-0.0689106302178
k__Bacteria;p__Bacteroidetes;c__Bacteroidia;o__Bacteroidales;f__Bacteroidaceae;g__Bacteroides;s__Bacteroides_cellulosilyticus	0.0180565652921	-0.0202070471627	-0.0658618849817	-0.0119973361188	0.00649940919152	0.0104701875732	-0.117830658792	-0.0515250522509	-0.0149378090555	-0.0158829331946	0.01075718225	0.00485686359973	1.0	0.0212486165588	0.0120989838346	-0.0651558683486	0.0591044118389	-0.0103753517353	-0.00691645652522	-0.032333267156	-0.00230093006083	-0.0115783377886	0.0319507495471	0.0129425102216	-0.0161100697907	-0.0110563085808	-0.0160310728391	0.0253768404025	-0.00127398172204	-0.0364331616512	-0.0159858947385	0.00168811113365	0.00780814042478	-0.0366226653203	-0.042060641902	-0.0165621574861	-0.0120533704165	-0.0097832013631	-0.0284128444442	-0.0134708735682	0.0272199464085	0.0459424070618	-0.0125568981975	0.0316052409315	0.0177979700434	-0.064299673392	0.0247567972531	0.0452039393738	0.0217920974517	0.0360514878782	0.0341559645161	0.000727476903059	0.0505319372684	-0.0349677698827	0.0289230027662	0.0104041301464	-0.0485117251482	-0.0131823009982	-0.0772438836051
k__Bacteria;p__Bacteroidetes;c__Bacteroidia;o__Bacteroidales;f__Rikenellaceae;g__Alistipes;s__Alistipes_obesi	-0.00222145066539	-0.0149259665946	0.00820274901603	-0.0527980351721	-0.0338668626821	-0.0261939184915	-0.0243897611906	-0.0217816167178	0.0066169503099	0.0426139779136	0.0326315738897	0.00196351402851	0.0212486165588	1.0	-0.0604397751434	-0.0395186049451	-0.0578281430669	0.00388277998742	-0.0671366543436	0.00331201846201	-0.0466644628741	0.0448936384982	-0.0199192817986	-0.00237578774034	0.000920283310236	-0.0266040763247	0.0303602578609	-0.0229044708313	0.0536561652351	0.0426043123209	0.0318250257726	0.0323207137349	-0.0257765455688	-0.0399088721696	0.0409208249676	-0.0340161212352	-0.0263735546979	-0.0478496216595	0.021242134468	-0.031367010682	-0.0125537365672	0.0128164054946	-0.00457244055099	-0.00175405314815	0.0428601108142	-0.00678003175419	0.0163623106835	-0.0181897087817	0.035984669139	-0.00958033884235	0.00108441952103	0.0159332913143	0.0120958169606	0.0382137138121	0.033772431657	-0.00618499181189	0.0299139254406	0.0319372650809	-0.00312069460192
k__Bacteria;p__Firmicutes;c__Clostridia;o__Clostridiales;f__Lachnospiraceae;g__;s__[Eubacterium]_rectale	-0.0031883014777	0.0167859519164	-0.019092362797	-0.0149170809142	0.0205215152407	0.0146348434418	0.0192138044213	-0.0166247260363	-0.0263286824559	-0.0264836466073	-0.0325531959209	-0.0241762197271	0.0120989838346	-0.0604397751434	1.0	-0.0205648448823	0.0236101389109	0.0120023522283	-0.0208016431868	-0.0360210754128	0.0140644341362	0.0203857478255	-0.000957439970206	-0.0618828054042	-0.0187646185659	-0.0297404004494	-0.0371153132766	-0.0241186492797	-0.0554801795558	-0.0129382132554	-0.0355348787786	-0.0528215215156	0.0351754069453	-0.0174110461569	0.0161136303082	-0.0513596129659	0.0464017273085	0.0332296777096	-0.0571172693755	0.0200238338484	0.0310630032648	-0.0101064784677	0.0206619685158	0.0792779362606	-0.00802813368691	-0.0314286467685	-0.0328491116108	-0.015078144505	-0.0297834285722	0.061019484933	-0.0503230385169	0.0204961958145	-0.0287144137375	0.00698766883627	0.0312498512915	0.0576652315445	0.0652368399335	0.0234205456476	0.0233242101483
k__Bacteria;p__Bacteroidetes;c__Bacteroidia;o__Bacteroidales;f__Bacteroidaceae;g__Bacteroides;s__Bacteroides_plebeius	0.0049234415499	-0.0027083398543	-0.00149665218793	-0.0212366476562	-0.0304462506881	-0.0300057793232	0.0103559255238	-0.0470130000534	-0.0518827338693	-0.0466909021509	0.0124181087483	0.0262773270334	-0.0651558683486	-0.0395186049451	-0.0205648448823	1.0	-0.000261231678333	-0.0413540195677	-0.0345050442954	-0.00996472401723	0.0152837709217	-0.0399415812795	0.0585629014988	-0.0183455852575	0.0300944889961	0.0124190705234	0.0043676102829	-0.0086354868006	-0.0336420586248	0.0380541680186	-0.012803096515	-0.0278484744323	0.0374826566228	-0.0478879968303	-0.0168382556704	0.0350651279307	-0.00607159092805	-0.0406026091774	-0.0266464372194	-0.00246657595079	0.0103854242121	0.0070203903304	-0.00816982823464	0.0118466029087	0.0569495829079	0.0180409884961	-0.000238423116841	-0.000983904026668	-0.0468029269531	-0.0366530053299	-0.0183261639826	0.0254487075789	-0.0124824415141	-0.0504893333938	0.0526616908944	0.0301707941721	-0.0347536374221	-0.0209720319789	0.0439391029777
k__Bacteria;p__Bacteroidetes;c__Bacteroidia;o__Bacteroidales;f__Bacteroidaceae;g__Bacteroides;s__Bacteroides_fragilis	-0.0197870603326	0.0176708583088	0.0326769412328	-0.0352781470053	-0.0486413594431	0.00527886221447	-0.0247830006213	0.0425027442343	0.0175165112148	0.0128065765678	-0.0139162091018	-0.0350442364182	0.0591044118389	-0.0578281430669	0.0236101389109	-0.000261231678333	1.0	-0.000998206862293	0.00694157182223	-0.0104984008641	0.00399721873804	0.00417929331568	-0.0429002929424	-0.00656419583616	-0.0333153206607	0.0208061406616	-0.0290012011303	-0.0507242263961	-0.0118517904959	-0.0197195399744	-0.0308622132993	-0.0242764415427	-0.063117613459	-0.0124717497273	0.0372686474696	-0.0370069249586	0.0173180235247	0.0180006303808	-0.055197671704	-0.0471340271812	-0.0218982116936	-0.0421876522119	-0.00597086715821	0.0330776073442	-0.0637293589767	0.0301504981997	0.0287860053284	-0.0390274314385	0.0269697339154	0.0352384039242	0.00486143627778	0.0334798205746	0.00957996470783	-0.00689442992049	-0.0206650380472	-0.0572239623407	-0.0103209504045	0.01942065902	-0.0137725796939
k__Bacteria;p__Proteobacteria;c__Betaproteobacteria;o__Burkholderiales;f__Sutterellaceae;g__Sutterella;s__Sutterella_wadsworthensis	-0.00676390551315	-0.00759787921993	0.0431649054056	-0.00139842642958	-0.0254278683604	-0.00828252165259	0.00162460895148	0.0264499498418	0.0147502012539	-0.00632346570538	0.0235605958783	-0.0239170850653	-0.0103753517353	0.00388277998742	0.0120023522283	-0.0413540195677	-0.000998206862293	1.0	-0.00239531776618	-0.0131349724767	0.000528712642223	0.00913720215288	-0.0351173184304	-0.044924562689	0.0351039310904	-0.0144949619252	0.0109793789153	0.028161879729	-0.00755539708094	0.0277804731793	-0.043177709664	0.038271758251	-0.0153308826634	-0.00587990978598	-0.0128457284011	-0.035486277142	-0.0112872884386	-0.0403240658896	-0.0549497344	-0.0142070260355	0.0243254257721	-0.0820168878911	-0.0576956880414	-0.0541947707906	0.0522899997364	0.0101038223842	-0.0359462749054	0.00771994834267	0.0448515844744	-0.0582951736697	-0.0464855580947	-0.00575524718488	0.0417803686754	0.0222506109362	-0.0303261598019	0.00119267124189	-0.00479722604925	-0.042827887148	-0.0418989279156
k__Bacteria;p__Bacteroidetes;c__Bacteroidia;o__Bacteroidales;f__Porphyromonadaceae;g__Barnesiella;s__Barnesiella_intestinihominis	-0.00203220774624	0.0122526880319	0.0343911674249	-0.0138306931387	0.0140617662015	-0.0227171786746	-0.0386756755356	0.0166105834669	-0.0236845118164	-0.0832771754125	-0.03494790395	0.013395027885	-0.00691645652522	-0.0671366543436	-0.0208016431868	-0.0345050442954	0.00694157182223	-0.00239531776618	1.0	-0.00912074201986	0.0249398471286	0.0271989555554	-0.0170649694531	-0.0123070428194	-0.0257634494641	0.0481460593953	-0.0535853849149	-0.0152630665432	-0.0262572538654	0.00993551279247	0.00178209804509	-0.0543988936354	0.0113850194724	-0.033213688769	-0.00957108398218	-0.0241748179928	-0.0266826166401	0.0285765162623	0.0567447662613	0.0297139586722	0.00583926554727	0.00943604545496	0.00136340876608	-0.00948729492901	-0.0304989627404	-0.0601956411606	-0.0450471661284	-0.00159233994286	0.00346117799176	-0.00624428309625	-0.031992340246	0.0548865841013	-0.0463780642979	0.0348933368437	-0.0424535753001	-0.0300458523787	0.0161216790201	0.0345638620886	-0.013376839073
k__Bacteria;p__Bacteroidetes;c__Bacteroidia;o__Bacteroidales;f__Odoribacteraceae;g__Odoribacter;s__Odoribacter_splanchnicus	0.0181502607606	0.0432905580081	-0.0186167879958	0.0535628056366	-0.000247295967795	-0.0344705783416	0.0378115901183	-0.012244283774	0.00984532880823	0.00972721218098	-0.022841215432	0.0188873839652	-0.032333267156	0.00331201846201	-0.0360210754128	-0.00996472401723	-0.0104984008641	-0.0131349724767	-0.00912074201986	1.0	0.0242016195491	-0.0256231389929	0.00903023287604	-0.0041813890596	0.00133296258441	0.00356449603458	-0.021765581422	-0.0614984567159	-0.023621171272	-0.00286212810325	0.00712898074106	-0.0279150483795	0.0215997620339	0.0214889147844	-0.0573610521823	-0.0617481253703	0.0112950019176	0.0513797362211	0.0334067501826	0.0355727580935	0.0315965026193	-0.059132753884	0.0435694621428	-0.0143327262589	-0.0377977644311	0.0243608159355	-0.0265460672031	0.0825114590067	0.0422094281487	-0.0511434421089	-0.0275466470221	-0.0070109729897	-0.0347794644923	-0.0465671673438	0.00920426638135	0.00990428026961	0.0463942597726	-0.0319729599171	-0.0326743666193
k__Bacteria;p__Bacteroidetes;c__Bacteroidia;o__Bacteroidales;f__Bacteroidaceae;g__Bacteroides;s__Bacteroides_salyersiae	-0.0601434090781	0.0402118385361	-0.0472180769445	0.0129181370582	0.0258848467021	0.00574938479535	-0.041085290458	-0.0443345123139	-0.0134880529232	-0.051071658056	0.00131050832888	-0.00545546094721	-0.00230093006083	-0.0466644628741	0.0140644341362	0.0152837709217	0.00399721873804	0.000528712642223	0.0249398471286	0.0242016195491	1.0	0.0547835910313	-0.0357961194699	0.00921884192891	0.0103257441049	-0.0115695138118	-0.0133487906938	0.00882029326907	-0.0367874667233	-0.0194432333992	-0.0434862372238	-0.0209157172369	0.00128758326312	0.0122890491551	-0.0397569578547	0.0457741846538	-0.0272413325582	-0.0116851059765	-0.00466939990395	0.0282329482811	9.52011205936e-05	0.00900344683378	-0.00128922842707	0.00777502916095	0.00316855182666	-0.0224193045218	-0.00746013374856	-0.0354048777936	-0.0152588960099	0.0111029604563	-0.0325951039226	-0.00845844242173	-0.0185911209045	0.0101547769671	0.0129691238052	0.0184149519822	-0.0165674914965	-0.00747021310241	0.00267864677882
k__Bacteria;p__Firmicutes;c__Clostridia;o__Clostridiales;f__Ruminococcaceae;g__Ruminiclostridium;s__[Eubacterium]_siraeum	0.00292819072528	-0.081011759704	-0.0615906906133	-0.0721444222374	-0.027072263959	-0.0519028048531	0.0136718102941	-0.0102281634135	-0.0463023988901	-0.0589203162938	-5.74828343323e-05	0.0486557265754	-0.0115783377886	0.0448936384982	0.0203857478255	-0.0399415812795	0.00417929331568	0.00913720215288	0.0271989555554	-0.0256231389929	0.0547835910313	1.0	-0.0146497313003	0.0138467902739	0.0383976704011	-0.00571057602426	-0.0232226723872	-0.00505741308106	0.00983654157849	0.0437371923323	-0.0495697171223	-0.0158715287269	-0.00613506282359	0.0674942517392	-0.0430736015513	0.0269447411892	0.0207927130159	0.0210535103684	-0.0259617096555	-0.0330314780582	-0.00386330644559	-0.00675479679906	-0.0228461810109	-0.0101799657413	-0.0300749360529	-0.0190755456195	0.054543229496	-0.0337094682878	-0.0568228244833	0.0475220295092	-0.0113108282423	-0.0216901538186	0.02464038013	-0.0421791048972	-0.00469831057439	-0.0342096687826	0.0106965183976	0.0152576365372	-0.0463589783808
k__Bacteria;p__Proteobacteria;c__Betaproteobacteria;o__Burkholderiales;f__Sutterellaceae;g__Parasutterella;s__Parasutterella_excrementihominis	0.0176155232182	-0.0292537887402	-0.043440337097	-0.0165598792206	-0.0184485516132	-0.0649653002219	0.0016955338415	-0.0794446333146	0.0218217417203	-0.00947602749531	0.0177712993609	0.0216112347475	0.0319507495471	-0.0199192817986	-0.000957439970206	0.0585629014988	-0.0429002929424	-0.0351173184304	-0.0170649694531	0.00903023287604	-0.0357961194699	-0.0146497313003	1.0	0.0141612147144	-0.00183407947885	-0.020193459987	-0.0191227621709	-0.025901256553	-0.0437613813948	-0.00114693678367	-0.0248142559745	-0.00887747054117	-0.0321844047925	-0.0279413961077	0.0129153444246	-0.0559258394392	-0.0567746584027	0.00158458192734	0.0116269071611	0.00789801174774	-0.0539925041272	-0.00164416960625	-0.0114959168333	0.0471745328229	0.00540850237374	0.000277486887793	-0.00367511544189	-0.0193318189887	0.00578774096571	0.0136824346258	0.0372007842329	-0.0646937998302	-0.0275334041158	0.017454075275	0.0375423622703	-0.0260232419584	-0.0438204380207	0.0206855136797	-0.000380870694496
k__Bacteria;p__Actinobacteria;c__Actinobacteria;o__Bifidobacteriales;f__Bifidobacteriaceae;g__Bifidobacterium;s__Bifidobacterium_adolescentis	0.0679527221021	0.0634166210447	-0.00360908026005	0.0584194946215	0.0425544478032	-0.0144392905275	-0.0392245113041	-0.0235069978969	-0.0494978418717	-0.0259987051844	0.0310375152608	-0.0542068296725	0.0129425102216	-0.00237578774034	-0.0618828054042	-0.0183455852575	-0.00656419583616	-0.044924562689	-0.0123070428194	-0.0041813890596	0.00921884192891	0.0138467902739	0.0141612147144	1.0	-0.0217582271086	0.0427322877723	0.0238582040004	0.00999248400218	-0.0652693240622	0.0118351616111	0.0440827311788	0.0454201839821	0.0216800314357	0.0321910368344	-0.00138398917049	-0.00323033989079	0.0354260226721	-0.00607391589086	0.0300982795486	0.0114455497533	-0.0302280099077	-0.0387490480022	-0.0290699009837	0.00501867837891	-0.0116859968945	-0.00579198915742	0.0143899717097	-0.0102282858813	-0.00429612621646	-0.0431401881757	-0.0180620602238	-0.0315650216038	-0.0642428976862	0.0112758637858	-0.0305125772176	-0.00477221926399	-0.00229330938154	-0.0165288070547	0.0214069564516
k__Bacteria;p__Firmicutes;c__Clostridia;o__Clostridiales;f__Oscillospiraceae;g__Oscillibacter;s__Oscillibacter_sp._KLE_1745	-0.0348574424005	-0.0248489086436	0.0531487267044	0.0162274855668	-0.0298032410338	-0.0218029613318	0.0159999347933	-0.0236016717175	-0.0496939207425	-0.0982407097941	0.0437105326323	-0.0153462447883	-0.0161100697907	0.000920283310236	-0.0187646185659	0.0300944889961	-0.0333153206607	0.0351039310904	-0.0257634494641	0.00133296258441	0.0103257441049	0.0383976704011	-0.00183407947885	-0.0217582271086	1.0	-0.0293606968526	-0.0181968516696	0.00351171893038	-0.0536065187241	-0.0881049303946	-0.0468679041459	-0.016843884616	-0.110232714334	-0.0472023187959	-0.030906061058	-0.0357346660432	0.00429227932755	-0.00137435514055	-0.0227900699639	-0.0629011413371	-0.0275774142645	-0.00399518775553	-0.0163468184668	0.0281451803266	0.0497018613602	0.0392079658328	-0.0109753897582	-0.0388878995696	-0.00660823785936	0.0137184065358	-0.0508584364626	0.0431165570018	-0.016113612539	0.0268754027311	0.0579436741691	0.026868312267	-0.0086366776749	-0.0136277014379	-0.0346246868494
k__Bacteria;p__Bacteroidetes;c__Bacteroidia;o__Bacteroidales;f__Bacteroidaceae;g__Bacteroides;s__Bacteroides_coprophilus	-0.0121909487969	0.0100123528608	-0.0646292056173	0.0471014158743	0.0565223661092	0.061759654463	-0.00910303218523	-0.00850037897219	-0.0279108618951	0.0244995821508	-0.0424374946057	0.00124018559816	-0.0110563085808	-0.0266040763247	-0.0297404004494	0.0124190705234	0.0208061406616	-0.0144949619252	0.0481460593953	0.00356449603458	-0.0115695138118	-0.00571057602426	-0.020193459987	0.0427322877723	-0.0293606968526	1.0	-0.0282472958209	-0.0279949156606	-0.0361846663014	-0.0573067505312	0.0167244020444	-0.0646594970341	0.0343114761658	0.00793254530446	-0.0290660947666	-0.0396965492566	-0.0257080557334	-0.0260629023382	-0.00757501160152	-0.00119797361518	-0.0334261796716	0.0247602412809	-0.00245534580312	-0.00280600000551	-0.0302598014107	-0.0169210025374	-0.0504094367399	0.0769177293612	-0.0404378031414	-0.0160495301768	-0.0224387841799	0.0820844347203	-0.0129668572358	-0.0891813180739	-0.0486477767445	-0.0180894283268	0.00482272694735	-0.00272963421931	-0.0160683343834
k__Bacteria;p__Firmicutes;c__Clostridia;o__Clostridiales;f__Lachnospiraceae;g__Roseburia;s__Roseburia_intestinalis	-0.0223091292358	-0.0326556031451	-0.0360416341595	-0.0209096240013	-0.0122079861165	0.000742859471223	0.0225097386616	0.021330111051	-0.04972448895	-0.0146502205285	0.0532032718533	0.0404911245506	-0.0160310728391	0.0303602578609	-0.0371153132766	0.0043676102829	-0.0290012011303	0.0109793789153	-0.0535853849149	-0.021765581422	-0.0133487906938	-0.0232226723872	-0.0191227621709	0.0238582040004	-0.0181968516696	-0.0282472958209	1.0	0.095449428686	-0.0300666322322	-0.0303941525575	0.0224586808662	-0.0515138065844	0.012028221994	0.0161798200298	-0.0203254471425	0.0401157134	-0.00526547110032	0.0417433175316	-0.0220490913494	0.00442724883971	-0.0202402341155	-0.0605180428803	-0.0178803010009	-0.0338803790852	-0.012709804863	0.0299618676805	0.0357676500211	-0.0330514041846	0.00493041892355	-0.0189089651015	-0.00854351619504	-0.00370651858935	-0.00523490935073	-0.0269045578064	-0.0410344799218	-0.00690457144283	-0.00909922876628	-0.0159670917867	0.000959469165042
k__Bacteria;p__Firmicutes;c__Clostridia;o__Clostridiales;f__Lachnospiraceae;g__Roseburia;s__Roseburia_hominis	-0.0167908969548	0.0546895084042	0.0116063800779	-0.00381756077163	-0.00110126055958	-0.0392432363292	0.0430517146257	0.0181955970746	-0.00763886786894	0.00845456545888	-0.0252321682748	-0.0262309829514	0.0253768404025	-0.0229044708313	-0.0241186492797	-0.0086354868006	-0.0507242263961	0.028161879729	-0.0152630665432	-0.0614984567159	0.00882029326907	-0.00505741308106	-0.025901256553	0.00999248400218	0.00351171893038	-0.0279949156606	0.095449428686	1.0	-0.0477195359185	0.0202779961448	0.0229434441721	0.0422572077798	-0.0119639699592	-0.0872982065688	0.0063143680152	-0.00307834914829	-0.0221005873989	-0.0191254022715	0.0096185685965	0.0555638859194	-0.0143633747863	-0.0416923549205	-0.0579830285455	-0.0255635860108	0.0195404572859	-0.0300319790222	-0.00121962243202	0.00236950596752	-0.0121301705697	-0.0278259402713	-0.0277102300606	0.0211101814325	0.047534685321	-0.004745345439	-0.00345706178064	0.0386970290345	0.0171992270436	0.0260357403777	-0.0348742115534
k__Bacteria;p__Bacteroidetes;c__Bacteroidia;o__Bacteroidales;f__Porphyromonadaceae;g__Parabacteroides;s__Parabacteroides_johnsonii	-0.0530383385047	0.031017392668	0.0127877463279	-0.0393243812419	-0.0153813808614	-0.00444683632986	0.0371043908725	0.0193459181608	-0.0298487509032	0.0448441126112	0.0172484720752	0.00290312984294	-0.00127398172204	0.0536561652351	-0.0554801795558	-0.0336420586248	-0.0118517904959	-0.00755539708094	-0.0262572538654	-0.023621171272	-0.0367874667233	0.00983654157849	-0.0437613813948	-0.0652693240622	-0.0536065187241	-0.0361846663014	-0.0300666322322	-0.0477195359185	1.0	0.0201426759574	-0.0225372867183	0.044331139136	-0.000833672719631	0.0136368907014	-0.0262551982899	-0.021109499647	-0.0180085227733	0.00239797144123	-0.0283078160811	-0.0149094839137	0.0137863776395	0.00568576469191	-0.00925541932936	0.000406115252884	0.00293560729197	0.00364999276721	-0.0233821446179	0.0399643453344	-0.00648129930816	-0.0237597839678	0.0174894575116	0.00660089025081	-0.038592670165	-0.0589880871518	-0.0186700340624	0.0103938862169	-0.0295428385113	-0.0556222306148	0.014405678268
k__Bacteria;p__Actinobacteria;c__Actinobacteria;o__Bifidobacteriales;f__Bifidobacteriaceae;g__Bifidobacterium;s__Bifidobacterium_longum	0.0620393560759	-0.0106322990145	0.0128522853499	0.0212628942025	0.034827765469	0.0266783406299	-0.0189138763487	0.0163376117232	0.0663121669207	0.0178230676375	0.0284031863084	0.0351336484231	-0.0364331616512	0.0426043123209	-0.0129382132554	0.0380541680186	-0.0197195399744	0.0277804731793	0.00993551279247	-0.00286212810325	-0.0194432333992	0.0437371923323	-0.00114693678367	0.0118351616111	-0.0881049303946	-0.0573067505312	-0.0303941525575	0.0202779961448	0.0201426759574	1.0	-0.0491688617137	-0.0114933049038	0.00877055980384	-0.0145155490833	0.00949009207726	-0.0373530711162	-0.00415354220244	-0.0802256192144	0.0275270219084	-0.0246777473282	0.0186286159783	-0.0261919666053	-0.00374036815795	-0.00917274798224	-0.0485334146478	-0.0548442009069	-0.0137124255781	-0.0569346054424	-0.00852771424077	-0.00391727546408	0.0187047719612	-0.0380380318561	0.0256183197341	-0.0321677175111	-0.0105334655999	0.0491700410556	-0.015236578428	-0.027571497321	-0.0325643188818
