#taxonomy	k__Bacteria;p__Bacteroidetes;c__Bacteroidia;o__Bacteroidales;f__Bacteroidaceae;g__Bacteroides;s__Bacteroides_vulgatus	k__Bacteria;p__Bacteroidetes;c__Bacteroidia;o__Bacteroidales;f__Bacteroidaceae;g__Bacteroides;s__Bacteroides_uniformis	k__Bacteria;p__Bacteroidetes;c__Bacteroidia;o__Bacteroidales;f__Rikenellaceae;g__Alistipes;s__Alistipes_putredinis	k__Bacteria;p__Bacteroidetes;c__Bacteroidia;o__Bacteroidales;f__Prevotellaceae;g__Prevotella;s__Prevotella_copri	k__Bacteria;p__Bacteroidetes;c__Bacteroidia;o__Bacteroidales;f__Bacteroidaceae;g__Bacteroides;s__Bacteroides_stercoris	k__Bacteria;p__Bacteroidetes;c__Bacteroidia;o__Bacteroidales;f__Bacteroidaceae;g__Bacteroides;s__Bacteroides_ovatus	k__Bacteria;p__Bacteroidetes;c__Bacteroidia;o__Bacteroidales;f__Rikenellaceae;g__Alistipes;s__Alistipes_shahii	k__Bacteria;p__Firmicutes;c__Clostridia;o__Clostridiales;f__Ruminococcaceae;g__Faecalibacterium;s__Faecalibacterium_prausnitzii	k__Bacteria;p__Bacteroidetes;c__Bacteroidia;o__Bacteroidales;f__Rikenellaceae;g__Alistipes;s__Alistipes_finegoldii	k__Bacteria;p__Bacteroidetes;c__Bacteroidia;o__Bacteroidales;f__Porphyromonadaceae;g__Parabacteroides;s__Parabacteroides_distasonis	k__Bacteria;p__Bacteroidetes;c__Bacteroidia;o__Bacteroidales;f__Bacteroidaceae;g__Bacteroides;s__Bacteroides_thetaiotaomicron	k__Bacteria;p__Bacteroidetes;c__Bacteroidia;o__Bacteroidales;f__Bacteroidaceae;g__Bacteroides;s__Bacteroides_coprocola	k__Bacteria;p__Bacteroidetes;c__Bacteroidia;o__Bacteroidales;f__Bacteroidaceae;g__Bacteroides;s__Bacteroides_cellulosilyticus	k__Bacteria;p__Bacteroidetes;c__Bacteroidia;o__Bacteroidales;f__Rikenellaceae;g__Alistipes;s__Alistipes_obesi	k__Bacteria;p__Firmicutes;c__Clostridia;o__Clostridiales;f__Lachnospiraceae;g__;s__[Eubacterium]_rectale	k__Bacteria;p__Bacteroidetes;c__Bacteroidia;o__Bacteroidales;f__Bacteroidaceae;g__Bacteroides;s__Bacteroides_plebeius	k__Bacteria;p__Bacteroidetes;c__Bacteroidia;o__Bacteroidales;f__Bacteroidaceae;g__Bacteroides;s__Bacteroides_fragilis	k__Bacteria;p__Proteobacteria;c__Betaproteobacteria;o__Burkholderiales;f__Sutterellaceae;g__Sutterella;s__Sutterella_wadsworthensis	k__Bacteria;p__Bacteroidetes;c__Bacteroidia;o__Bacteroidales;f__Porphyromonadaceae;g__Barnesiella;s__Barnesiella_intestinihominis	k__Bacteria;p__Bacteroidetes;c__Bacteroidia;o__Bacteroidales;f__Odoribacteraceae;g__Odoribacter;s__Odoribacter_splanchnicus	k__Bacteria;p__Bacteroidetes;c__Bacteroidia;o__Bacteroidales;f__Bacteroidaceae;g__Bacteroides;s__Bacteroides_salyersiae	k__Bacteria;p__Firmicutes;c__Clostridia;o__Clostridiales;f__Ruminococcaceae;g__Ruminiclostridium;s__[Eubacterium]_siraeum	k__Bacteria;p__Proteobacteria;c__Betaproteobacteria;o__Burkholderiales;f__Sutterellaceae;g__Parasutterella;s__Parasutterella_excrementihominis	k__Bacteria;p__Actinobacteria;c__Actinobacteria;o__Bifidobacteriales;f__Bifidobacteriaceae;g__Bifidobacterium;s__Bifidobacterium_adolescentis	k__Bacteria;p__Firmicutes;c__Clostridia;o__Clostridiales;f__Oscillospiraceae;g__Oscillibacter;s__Oscillibacter_sp._KLE_1745	k__Bacteria;p__Bacteroidetes;c__Bacteroidia;o__Bacteroidales;f__Bacteroidaceae;g__Bacteroides;s__Bacteroides_coprophilus	k__Bacteria;p__Firmicutes;c__Clostridia;o__Clostridiales;f__Lachnospiraceae;g__Roseburia;s__Roseburia_intestinalis	k__Bacteria;p__Firmicutes;c__Clostridia;o__Clostridiales;f__Lachnospiraceae;g__Roseburia;s__Roseburia_hominis	k__Bacteria;p__Bacteroidetes;c__Bacteroidia;o__Bacteroidales;f__Porphyromonadaceae;g__Parabacteroides;s__Parabacteroides_johnsonii	k__Bacteria;p__Actinobacteria;c__Actinobacteria;o__Bifidobacteriales;f__Bifidobacteriaceae;g__Bifidobacterium;s__Bifidobacterium_longum	k__Bacteria;p__Firmicutes;c__Clostridia;o__Clostridiales;f__;g__Flavonifractor;s__Flavonifractor_plautii	k__Bacteria;p__Firmicutes;c__Clostridia;o__Clostridiales;f__Clostridiaceae;g__Clostridium;s__Clostridium_phoceensis	k__Bacteria;p__Verrucomicrobia;c__Verrucomicrobiae;o__Verrucomicrobiales;f__Akkermansiaceae;g__Akkermansia;s__Akkermansia_muciniphila	k__Bacteria;p__Bacteroidetes;c__Bacteroidia;o__Bacteroidales;f__Prevotellaceae;g__Paraprevotella;s__Paraprevotella_xylaniphila	k__Bacteria;p__Firmicutes;c__Clostridia;o__Clostridiales;f__Ruminococcaceae;g__Ruminococcus;s__Ruminococcus_callidus	k__Bacteria;p__Bacteroidetes;c__Bacteroidia;o__Bacteroidales;f__Rikenellaceae;g__Alistipes;s__Alistipes_senegalensis	k__Bacteria;p__Firmicutes;c__Clostridia;o__Clostridiales;f__Lachnospiraceae;g__Blautia;s__Blautia_sp._KLE_1732	k__Bacteria;p__Bacteroidetes;c__Bacteroidia;o__Bacteroidales;f__Bacteroidaceae;g__Bacteroides;s__Bacteroides_oleiciplenus	k__Bacteria;p__Firmicutes;c__Clostridia;o__Clostridiales;f__Ruminococcaceae;g__Ruminococcus;s__Ruminococcus_bicirculans	k__Bacteria;p__Bacteroidetes;c__Bacteroidia;o__Bacteroidales;f__Bacteroidaceae;g__Bacteroides;s__Bacteroides_fluxus	k__Bacteria;p__Bacteroidetes;c__Bacteroidia;o__Bacteroidales;f__Prevotellaceae;g__Prevotella;s__Prevotella_stercorea	k__Bacteria;p__Firmicutes;c__Clostridia;o__Clostridiales;f__Lachnospiraceae;g__Dorea;s__Dorea_longicatena	k__Bacteria;p__Firmicutes;c__Clostridia;o__Clostridiales;f__Eubacteriaceae;g__Eubacterium;s__[Eubacterium]_eligens	k__Bacteria;p__Firmicutes;c__Clostridia;o__Clostridiales;f__Ruminococcaceae;g__;s__Ruminococcaceae_bacterium_D16	k__Bacteria;p__Firmicutes;c__Clostridia;o__Clostridiales;f__Lachnospiraceae;g__Coprococcus;s__Coprococcus_comes	k__Bacteria;p__Proteobacteria;c__Gammaproteobacteria;o__Enterobacterales;f__Enterobacteriaceae;g__Escherichia;s__Escherichia_coli	k__Bacteria;p__Firmicutes;c__Clostridia;o__Clostridiales;f__Ruminococcaceae;g__Anaerotruncus;s__Anaerotruncus_colihominis	k__Bacteria;p__Firmicutes;c__Clostridia;o__Clostridiales;f__Lachnospiraceae;g__Blautia;s__Blautia_obeum	k__Bacteria;p__Bacteroidetes;c__Bacteroidia;o__Bacteroidales;f__Odoribacteraceae;g__Odoribacter;s__Odoribacter_laneus	k__Bacteria;p__Firmicutes;c__Clostridia;o__Clostridiales;f__Ruminococcaceae;g__Ruminiclostridium;s__[Clostridium]_leptum	k__Bacteria;p__Bacteroidetes;c__Bacteroidia;o__Bacteroidales;f__Porphyromonadaceae;g__Parabacteroides;s__Parabacteroides_goldsteinii	k__Bacteria;p__Firmicutes;c__Clostridia;o__Clostridiales;f__Lachnospiraceae;g__Anaerostipes;s__Anaerostipes_hadrus	k__Bacteria;p__Firmicutes;c__Clostridia;o__Clostridiales;f__Ruminococcaceae;g__Ruminococcus;s__Ruminococcus_lactaris	k__Bacteria;p__Firmicutes;c__Clostridia;o__Clostridiales;f__Clostridiaceae;g__Clostridium;s__Clostridium_sp._L2-50	k__Bacteria;p__Firmicutes;c__Clostridia;o__Clostridiales;f__Clostridiaceae;g__Clostridium;s__Clostridium_sp._M62/1	k__Bacteria;p__Firmicutes;c__Clostridia;o__Clostridiales;f__;g__Intestinimonas;s__Intestinimonas_butyriciproducens	k__Bacteria;p__Actinobacteria;c__Actinobacteria;o__Bifidobacteriales;f__Bifidobacteriaceae;g__Bifidobacterium;s__Bifidobacterium_bifidum	k__Bacteria;p__Firmicutes;c__Negativicutes;o__Veillonellales;f__Veillonellaceae;g__Dialister;s__Dialister_invisus	k__Bacteria;p__Bacteroidetes;c__Bacteroidia;o__Bacteroidales;f__Bacteroidaceae;g__Bacteroides;s__Bacteroides_salanitronis
k__Bacteria;p__Bacteroidetes;c__Bacteroidia;o__Bacteroidales;f__Bacteroidaceae;g__Bacteroides;s__Bacteroides_vulgatus	1.0	-0.0501086062024	0.00129488182598	-0.0106995345295	-0.000140625438083	0.00709363969872	0.0339340402078	0.033796906085	0.00259402588387	-0.0697688738103	-0.0467782405358	-0.00682886449119	0.0404468029874	-0.0504411597409	0.0228464232819	0.0139117705065	-0.00562738730991	-0.0716220051872	-0.0537122334799	0.00278402169741	0.0359399821522	-0.00743702465689	-0.00382777878192	-0.0739234452843	0.00284024035199	0.014791123489	-0.055481857329	-0.00332851572616	0.0032318575056	0.0197039460071	-0.0102537989395	0.0176538682091	0.0308680893544	-0.0884603271659	0.105072695572	-0.0411384996318	-0.00316172687388	-0.00718555503407	-0.0254640302511	-0.0155096369819	-0.0223828573626	0.0317622354999	-0.0281661015032	-0.0175591300633	0.0165999397704	-0.0484878353545	-0.032363054383	-0.0168369055808	-0.0494644272848	0.00567180104537	0.0284240554362	-0.00555105119518	-0.0314575680995	0.0156235283942	0.0225720259118	0.0160948603973	0.0111687423245	-0.0567499512799	0.00927191993588
k__Bacteria;p__Bacteroidetes;c__Bacteroidia;o__Bacteroidales;f__Bacteroidaceae;g__Bacteroides;s__Bacteroides_uniformis	-0.0501086062024	1.0	-0.011848831231	-0.0382062027869	0.00526541548171	0.00153474761034	0.0154120038569	-0.107920014418	-0.0203717706482	-0.0323851617359	0.00940292278986	-0.0662147319674	-0.041568908128	0.0154040314457	0.0518027727382	-0.00154392392725	-0.0329728589573	-0.0247721380094	0.0110171834044	0.0479567568886	-0.0372183528045	0.00671727946308	0.00425705970304	-0.0379274097008	-0.020932746227	-0.0455066305852	-0.0078104095883	0.0780597726214	0.00591878479523	0.0253832813332	-0.0139862192502	-0.04008289427	-0.0250128520373	-0.000487697498104	-0.0148934791399	-0.0347986887291	-0.0519690522112	0.0100055341644	0.0768573525982	-0.0640030087608	0.0552104202727	0.0160229577145	-0.00297226530171	-0.0128384341621	-0.0626540067436	0.0026410398046	0.0152292997357	-0.0242963032567	0.0277279080896	-0.0381543515278	0.0241319430788	-0.0262333231239	0.00217334027108	-0.0456595501867	0.000771146188467	0.00706810202156	-0.00815180905127	0.0115580846078	-0.0277739778089
k__Bacteria;p__Bacteroidetes;c__Bacteroidia;o__Bacteroidales;f__Rikenellaceae;g__Alistipes;s__Alistipes_putredinis	0.00129488182598	-0.011848831231	1.0	-0.0357954395935	-0.0166978459319	-0.0392708682259	-0.00198223132413	-0.048614209001	-0.0198742167673	-0.00900582407172	-0.0493677312751	-0.0403867736959	0.0114867750597	-0.0348752657562	0.0158681687182	0.0184980695399	-0.00996795024904	-0.0457660697807	0.0124848993018	-0.036264807587	-0.0392962197883	0.0148689746795	-0.0257981491017	-0.0584037389526	0.0329228626867	0.0258648084359	-0.0498005425285	0.0353450386489	-0.0371645403402	0.000437768136757	0.0306311417564	0.0322588510523	-0.0190883913342	0.0253972314853	-0.0296912873385	-0.00894482485289	0.0479002562396	-0.0323210946149	-0.0428527226948	0.00360625163238	-0.0160084169062	-0.00512126880404	-0.0140441441349	0.0206660723889	0.0169034554365	0.0202479914091	0.0250059650702	0.0749857698212	0.0172603908033	0.0125373549933	0.0379744165396	-0.0306475233489	-0.000799421850433	-0.038372168299	4.62504880927e-05	0.00546762934628	-0.00581570445823	0.0149995757697	0.00167970340166
k__Bacteria;p__Bacteroidetes;c__Bacteroidia;o__Bacteroidales;f__Prevotellaceae;g__Prevotella;s__Prevotella_copri	-0.0106995345295	-0.0382062027869	-0.0357954395935	1.0	-0.000330651451836	0.0143566456944	-0.00100237175475	-0.0353383299398	-0.0348054707803	0.0338304432391	-0.0308924880038	0.0376234329103	0.0206203041889	-0.0347262617671	0.00204884235222	0.00412341010751	0.0224602781729	-0.0167667302317	-0.00568046508786	0.018608413302	-0.0449756769054	0.00861959420665	-0.0469691896582	0.00605941725142	-0.0482370474007	-0.00515672737468	-0.0439450547198	-0.0161885896417	-0.00270554066547	-0.0140804171155	0.0149145400011	0.0362858381971	-0.00602826011484	-0.0180105219472	0.0382855654256	0.0100025520492	-0.0404220650099	0.0187829939285	-0.0208402308849	-0.0270736338452	0.00233402187829	0.018112512563	-0.0122253189688	-0.0246475701939	0.00901089708181	-0.0516240228505	-0.0366869132032	0.0358320873443	0.00273712801114	-0.0267240261774	-0.0153938682019	-0.0122115411468	-0.0346615165938	0.0155246061286	-0.0633884051864	0.0161545240307	0.00776176744222	0.0356988967265	0.023140907514
k__Bacteria;p__Bacteroidetes;c__Bacteroidia;o__Bacteroidales;f__Bacteroidaceae;g__Bacteroides;s__Bacteroides_stercoris	-0.000140625438083	0.00526541548171	-0.0166978459319	-0.000330651451836	1.0	0.00792472133911	0.00748460555036	-0.00830757402537	-0.012581062978	0.0294345967243	-0.0169464175911	0.0092455062714	-0.0543379852983	-0.0485601306019	-0.0370069586998	0.0362495904863	-0.0344472870239	-0.0182183718113	0.0318971792061	-0.010330122309	-0.0271455440533	-0.00501532912693	-0.0260270005415	0.0473712935718	0.0565697513463	-0.0330230642561	-0.00524224436517	-0.000810705265648	-0.0296526528852	-0.0273347640045	0.019655261888	-0.0393588284233	0.00564337565461	-0.0457521922107	-0.0487643329585	-0.000593594709942	-0.00680221256057	0.0173465689951	-0.051523365466	0.0232109160184	-0.00424427068589	0.00861984733517	-0.0275888801315	-0.0454887694347	-0.0149926495052	0.0254885959274	-0.0471408325337	0.0208131390144	0.00170904912964	0.0114055459184	0.0197894120878	0.00703370004472	-0.0565313585791	-0.0172194673242	-0.00811989419699	0.0233468816122	-0.000977662318244	-0.0554438484705	0.0224654546688
k__Bacteria;p__Bacteroidetes;c__Bacteroidia;o__Bacteroidales;f__Bacteroidaceae;g__Bacteroides;s__Bacteroides_ovatus	0.00709363969872	0.00153474761034	-0.0392708682259	0.0143566456944	0.00792472133911	1.0	-0.0173855117433	-0.0529063983022	-0.00503998466726	0.00720112152124	-0.0382630387696	-0.0463633642743	-0.0181914335632	-0.0137894515125	-0.0222508976116	-0.0103714326805	0.0198204945621	-0.00976391915306	-0.00954415331094	-0.00267450518359	0.00282526891349	-0.0315750366026	-0.0111005711061	-0.0154988353002	-0.0207731962895	0.039635441246	-0.0481665376357	-0.0305844095276	-0.0411300231875	-0.0729204950875	-0.0217623137651	0.0130605915916	0.000950639870651	0.00521020086784	-0.0384894801477	0.050861643139	0.0671685509266	-0.00523712576883	-0.0894627835628	0.0591924410701	0.0278346366519	0.0131906097667	-0.0365923360611	0.0786414539139	0.0382205557001	0.0133886121824	-0.0390595163833	-0.0391273424582	0.0261087445455	0.0353400230087	0.0399260943112	0.0126950507057	0.0295579847408	0.0795065256465	-0.00955510235024	-0.0414826177459	-0.0258660357505	-0.0308949225307	0.0230954732243
k__Bacteria;p__Bacteroidetes;c__Bacteroidia;o__Bacteroidales;f__Rikenellaceae;g__Alistipes;s__Alistipes_shahii	0.0339340402078	0.0154120038569	-0.00198223132413	-0.00100237175475	0.00748460555036	-0.0173855117433	1.0	0.031426401054	-0.00513065569493	-0.0192308906392	-0.0346376801237	-0.0196111697552	0.0300732659831	0.0141380656679	0.0171821625883	0.00685438580639	-0.00432388540596	0.00800075428197	-0.035373385403	-0.00797303269681	-0.0100071312459	-0.00965661752123	-0.0233407926755	-0.00729647113	-0.0597134459008	-0.0176391656566	-0.03552367534	0.0404920686085	-0.026030901761	-0.035744494878	-0.00696081915023	-0.0430810917975	-0.0085182592014	0.00263913391394	-0.0305861529957	0.0162838893612	-0.0087342796359	0.043753054209	-0.0474313343234	-0.093560186569	0.0217433161947	-0.0341234906012	0.025950930311	-0.00972637403125	0.0333968673193	-0.0434899254674	0.00228780011651	-0.0440438389707	0.0102581590483	-0.011372449677	0.0526546676459	0.0145403289511	-0.0733414490902	-0.0126175469658	0.028902521192	0.0351430341124	-0.00774990051323	-0.0294568848872	-0.0226205647028
k__Bacteria;p__Firmicutes;c__Clostridia;o__Clostridiales;f__Ruminococcaceae;g__Faecalibacterium;s__Faecalibacterium_prausnitzii	0.033796906085	-0.107920014418	-0.048614209001	-0.0353383299398	-0.00830757402537	-0.0529063983022	0.031426401054	1.0	0.0144074183346	-0.00850498308655	0.00823283847729	0.0382568171664	0.00544951797938	-0.00124747274681	-0.0437698377273	-0.0571897566717	0.0226987410792	0.0172817188481	-0.0390915173664	-0.0151012854888	0.000530113004409	-0.00854063304148	-0.0146026534923	0.0295086319888	-0.00804588024517	-0.000383261220718	-0.0236936605864	0.0238148360024	-0.0463053083392	-0.0294178422076	-0.0136629694952	-0.0159179554232	-0.00920612846516	0.00815427260148	0.016871028905	-0.038880947995	-0.0662670437267	-0.0194580623044	0.0230733925237	-0.0336985250659	0.0152077267088	0.0375714019125	-0.0535241252898	-0.0443883787323	0.119803585029	-0.0661236544233	0.054152779609	0.0504205091467	0.0225356013793	-0.0119531444768	-0.0215755550195	0.0111905004635	0.00131512309653	-0.0232989060261	0.00196100812589	-0.0216206891502	0.00441896399971	0.0182334292328	-0.0325959966415
k__Bacteria;p__Bacteroidetes;c__Bacteroidia;o__Bacteroidales;f__Rikenellaceae;g__Alistipes;s__Alistipes_finegoldii	0.00259402588387	-0.0203717706482	-0.0198742167673	-0.0348054707803	-0.012581062978	-0.00503998466726	-0.00513065569493	0.0144074183346	1.0	0.0132301375309	-0.0222746994753	0.0130274846112	0.044993431876	0.00246956958496	0.000579110566687	-0.00901938719871	-0.0200805300288	0.0229538716651	-0.0390424405435	0.0117216732786	-0.0130150862209	-0.0555862533996	-0.0252844332874	-0.011547285421	-0.0346553731235	-0.0266359445345	-0.0342627437682	-0.0117005290635	0.0111638353886	-0.0494959093465	0.0138821259387	0.0391513675915	0.0108787735564	0.0226164403635	-0.0242315719097	0.0595561003718	-0.0150363126201	-0.0057089236182	-0.0284007950997	0.0214497737829	0.0224786405615	-0.000220416683253	0.0299429794255	-0.00130039628552	-0.0569532670056	-0.042743272556	0.00304826012289	-0.0255414276632	0.0287250186482	-0.0321882101752	0.0145933082874	-0.00981559716569	-0.00271042697903	-0.0456646979077	-0.00156486578595	-0.0418675031667	-0.0057043121238	-0.0501935097088	-0.00221867283671
k__Bacteria;p__Bacteroidetes;c__Bacteroidia;o__Bacteroidales;f__Porphyromonadaceae;g__Parabacteroides;s__Parabacteroides_distasonis	-0.0697688738103	-0.0323851617359	-0.00900582407172	0.0338304432391	0.0294345967243	0.00720112152124	-0.0192308906392	-0.00850498308655	0.0132301375309	1.0	-0.0266751868183	0.00205736075442	-0.0213768946712	0.0231059462555	-0.0502663900602	0.0227329114067	-0.0236155249738	-0.0589102725336	0.00884477068628	-0.0251859922912	-0.0451965404282	-0.0392561519795	0.0218733017046	-0.00516252794435	-0.0261391523014	0.0592404663557	-0.0355294740528	0.0159176220909	0.0494611620756	0.0140714071456	-0.0423843701489	0.0443860966317	0.0611805760397	0.000998470042839	0.000582909376881	-0.0271259291305	0.0513242724343	-0.0129683119094	-0.0162421972737	-0.0216798924732	-0.0122137129894	-0.0378776345294	0.0183285100295	-0.10383004725	0.0353441391226	-0.014341751378	0.0197628417199	0.0139386589149	0.00348074099393	-0.0231915653285	-0.0115160229704	0.00745660018066	0.0200898957065	0.0182038835086	-0.0329759599751	0.00519858146093	-0.059795076442	-0.000350716407219	0.0272035012138
k__Bacteria;p__Bacteroidetes;c__Bacteroidia;o__Bacteroidales;f__Bacteroidaceae;g__Bacteroides;s__Bacteroides_thetaiotaomicron	-0.0467782405358	0.00940292278986	-0.0493677312751	-0.0308924880038	-0.0169464175911	-0.0382630387696	-0.0346376801237	0.00823283847729	-0.0222746994753	-0.0266751868183	1.0	-0.0107431519499	-0.0351737741754	-0.000714473079039	0.00338149060538	-0.00855407864693	0.00961956851122	0.0205895895341	-0.0256657158038	-0.00282864785337	-0.00697206354542	-0.0275968699522	-0.0410945743386	0.00733106216594	-0.00793536453519	0.0278100582261	0.00608077313665	0.011069434106	-0.0309145520535	-0.0088677135028	0.0219983124176	-0.0340864184617	-0.0641417908288	-0.0161242568401	0.0281320296676	-0.0755123520303	-0.0307909279934	-0.0328170295108	0.0277809271763	-0.0181313965126	-0.0270352390267	0.0059658510193	0.0867814462805	0.0121679331578	0.010699654195	-0.0294770840265	-0.0189535188733	0.0142560222208	0.037749025671	0.0155153408864	-0.0285110035446	-0.0242607419194	0.0441889913975	-0.0284990225014	0.00269404380879	-0.03259427093	-0.0211119113489	0.0418858929749	-0.00211753396335
k__Bacteria;p__Bacteroidetes;c__Bacteroidia;o__Bacteroidales;f__Bacteroidaceae;g__Bacteroides;s__Bacteroides_coprocola	-0.00682886449119	-0.0662147319674	-0.0403867736959	0.0376234329103	0.0092455062714	-0.0463633642743	-0.0196111697552	0.0382568171664	0.0130274846112	0.00205736075442	-0.0107431519499	1.0	0.00560346621581	-0.0170527719839	0.00146418071384	-0.00465727077422	0.037897449222	-0.0375756976787	-0.0400951172404	-0.00430272869912	0.0211882596625	-0.0614011890234	-0.0626048417758	0.0129729024453	0.0231857977946	0.00029788150858	-0.00352248901797	-0.0316052766131	0.0522449336965	-0.000338860614533	-0.0314507532151	-0.0142150121993	-0.0255882622735	-0.0579659113102	-0.00275449619399	-0.0179515587382	0.0639262558986	-0.0339135120663	-0.0288957525107	0.0134034540409	0.0145758387604	-0.0242655153381	0.0166952472249	-0.00356287700833	-0.033330872494	-0.0139348382225	0.00954891657862	0.0260214702599	-0.0173063299981	-0.0489239304826	-0.0521358559388	-0.00999010779603	-0.0136017168001	-0.0270964791355	-0.0194209775349	0.0363142627761	-0.0332232809467	0.0395972773922	-0.0387605570852
k__Bacteria;p__Bacteroidetes;c__Bacteroidia;o__Bacteroidales;f__Bacteroidaceae;g__Bacteroides;s__Bacteroides_cellulosilyticus	0.0404468029874	-0.041568908128	0.0114867750597	0.0206203041889	-0.0543379852983	-0.0181914335632	0.0300732659831	0.00544951797938	0.044993431876	-0.0213768946712	-0.0351737741754	0.00560346621581	1.0	0.0031869184392	0.0254475662779	0.0256513387637	0.0694121394365	0.0495124806758	-0.0671079687045	0.0367917116596	-0.00631176618785	-0.0445761610402	-0.0547053263134	-0.0508165836018	-0.00326587995879	-0.0682771037375	-0.0102990439676	-0.0017579423114	-0.0669312625733	-0.00685773787055	-0.0416130091902	-0.0310666771212	-0.0132610949278	0.0148536831633	-0.00897903012135	-0.0320348688022	0.00165636343849	0.0173021350473	-0.045630519286	-0.0351755251567	0.0360104632337	0.00429309288094	-0.00687584711398	0.0316533527193	-0.0386756095967	0.0215120970462	0.00034960754451	-0.0160824522015	-0.0537132456116	0.00896735229291	0.046415244016	-0.0489672162277	-0.0410941748611	0.0303701227955	0.012230465475	-0.0310968572993	-0.0456728311299	-0.0389528492888	0.057451849162
k__Bacteria;p__Bacteroidetes;c__Bacteroidia;o__Bacteroidales;f__Rikenellaceae;g__Alistipes;s__Alistipes_obesi	-0.0504411597409	0.0154040314457	-0.0348752657562	-0.0347262617671	-0.0485601306019	-0.0137894515125	0.0141380656679	-0.00124747274681	0.00246956958496	0.0231059462555	-0.000714473079039	-0.0170527719839	0.0031869184392	1.0	-0.0195337282058	0.0240419899931	0.0301831668956	-0.0106763187336	-0.0120569071791	0.0199518133463	0.00492624363731	-0.00213506322777	0.0543000691183	0.0375133729366	-0.0475826216557	-0.0350775049889	-0.0414555466107	-0.0349450325122	0.0423200303859	0.0165522525114	-0.00303681269657	-0.0236563932728	0.0209025499226	0.103851921444	0.010790982261	-0.00412512305869	-0.0234294799106	-0.00752779186712	0.00968212780615	-0.0560372363653	-0.0214930719464	0.0142722344321	0.0156071574695	0.1073530632	-0.037214247323	0.0165600548954	0.00733375867364	0.0280430018193	-0.0642220855105	-0.0418401107272	-0.0251110404054	-0.00749899023161	-0.0874129557996	0.0218401618309	-0.0299245724403	-0.0529572967111	-0.0435356385228	-0.0621579530545	-0.0737666720553
k__Bacteria;p__Firmicutes;c__Clostridia;o__Clostridiales;f__Lachnospiraceae;g__;s__[Eubacterium]_rectale	0.0228464232819	0.0518027727382	0.0158681687182	0.00204884235222	-0.0370069586998	-0.0222508976116	0.0171821625883	-0.0437698377273	0.000579110566687	-0.0502663900602	0.00338149060538	0.00146418071384	0.0254475662779	-0.0195337282058	1.0	0.0465445135167	0.0256556524616	-0.0333453288637	-0.00838674697186	-0.0317538340838	0.0306980080448	-0.0478731663499	0.0252461539963	0.0378752821182	-0.02388184729	-0.0143153535894	0.0256643224246	0.0515933450015	0.00512572432579	0.00420626622122	-0.0186133149901	-0.0118830380121	-0.0490548569107	-0.00880014455801	0.00748407950626	-0.0614069796022	0.00039678389716	-0.0935388549438	-0.012101453597	0.0744194203603	-0.014739278547	0.00607882253531	-0.00762273446123	-0.0560046415783	-0.0221708128027	-0.0201003647987	-0.00828809826331	0.000405954122764	-0.00786121027914	-0.0171167074773	0.0293377088919	0.00979243971889	0.0230026185154	-0.00421703378894	0.0397106192567	0.0216878683849	0.00339496562555	0.00722703117633	-0.0776827879316
k__Bacteria;p__Bacteroidetes;c__Bacteroidia;o__Bacteroidales;f__Bacteroidaceae;g__Bacteroides;s__Bacteroides_plebeius	0.0139117705065	-0.00154392392725	0.0184980695399	0.00412341010751	0.0362495904863	-0.0103714326805	0.00685438580639	-0.0571897566717	-0.00901938719871	0.0227329114067	-0.00855407864693	-0.00465727077422	0.0256513387637	0.0240419899931	0.0465445135167	1.0	-0.0157284479014	-0.021332802561	-0.0142672096673	0.00481275466971	-0.0388942066058	-0.0226029616549	0.00170085729258	-0.00818840899443	-0.0457649900431	-0.00552115168735	0.0153958431046	-0.00112866737373	0.0263810370346	0.0323639405707	0.00796108572535	0.0216932799579	0.0241528847025	-0.0436390174574	-0.076569682001	-0.0423804984382	0.00450167736046	0.0215104897719	-0.0100728832238	0.0135544656573	-0.0485002389414	0.0385349585083	-0.0915354454763	0.040110942776	-0.0419060667986	-0.0935410512449	-0.00698166873623	-0.0222880940138	0.0180772854802	-0.045283754372	0.0149828566677	0.0332642748386	-0.0231064981908	-0.000449451712837	-0.00247146322873	-0.00290462506101	-0.0120537284563	0.0153027131865	-0.00191778750313
k__Bacteria;p__Bacteroidetes;c__Bacteroidia;o__Bacteroidales;f__Bacteroidaceae;g__Bacteroides;s__Bacteroides_fragilis	-0.00562738730991	-0.0329728589573	-0.00996795024904	0.0224602781729	-0.0344472870239	0.0198204945621	-0.00432388540596	0.0226987410792	-0.0200805300288	-0.0236155249738	0.00961956851122	0.037897449222	0.0694121394365	0.0301831668956	0.0256556524616	-0.0157284479014	1.0	-0.00183291552566	-0.0128707233288	0.00783119656458	0.0448447537633	-0.0147806784279	0.0109537844123	-0.00308520837472	-0.00936926066155	-0.037414754732	-0.0171880125896	-0.0606958995644	-0.014133451869	0.0173720935543	-0.0540771784388	0.0572915128144	-0.00223304537255	-0.010092842326	0.0123797905165	-0.0324292727086	-0.0537300490022	0.0308597697501	-0.0133498001468	-0.0189232386762	0.049003448008	0.0241854381046	-0.028876671195	-0.00910792518407	-0.0205691552635	-0.0324082610348	-0.0423373821507	-0.0109303198299	-0.0534419447336	-0.0584807766285	-0.0283858422232	0.00199608414373	-0.0047452248568	-0.0431329479105	-0.0456920863168	-0.0172088627214	0.0314929369471	-0.0612534181558	-0.00971948397468
k__Bacteria;p__Proteobacteria;c__Betaproteobacteria;o__Burkholderiales;f__Sutterellaceae;g__Sutterella;s__Sutterella_wadsworthensis	-0.0716220051872	-0.0247721380094	-0.0457660697807	-0.0167667302317	-0.0182183718113	-0.00976391915306	0.00800075428197	0.0172817188481	0.0229538716651	-0.0589102725336	0.0205895895341	-0.0375756976787	0.0495124806758	-0.0106763187336	-0.0333453288637	-0.021332802561	-0.00183291552566	1.0	-0.0109604245881	-0.0486141968647	-0.0485549874523	0.000995739511353	-0.0477390454537	0.0380354062156	0.0217486460091	-0.0153624759805	0.00271317386036	0.0073794498417	0.0169735561776	-0.0443760929337	-0.0807586158112	-0.00449926663704	-0.00772071702713	-0.0406446222244	0.000363815168104	0.0503247320662	-0.0351735825984	0.0148116372782	0.0288053975866	-0.066111783338	-0.0199585762086	-0.0225677686103	0.0133583719321	0.0180813579635	-0.0060602090746	0.0173723538089	0.0121570620843	-0.0591129310855	-0.0043321974287	0.0330064388526	-0.0119892986858	0.00695023650021	0.01274159154	0.0197296884923	-0.0116548702189	0.0336000380328	-0.0363322349505	0.023945608979	-0.0358779308213
k__Bacteria;p__Bacteroidetes;c__Bacteroidia;o__Bacteroidales;f__Porphyromonadaceae;g__Barnesiella;s__Barnesiella_intestinihominis	-0.0537122334799	0.0110171834044	0.0124848993018	-0.00568046508786	0.0318971792061	-0.00954415331094	-0.035373385403	-0.0390915173664	-0.0390424405435	0.00884477068628	-0.0256657158038	-0.0400951172404	-0.0671079687045	-0.0120569071791	-0.00838674697186	-0.0142672096673	-0.0128707233288	-0.0109604245881	1.0	-0.0521305091625	0.0296000037877	0.00960910459428	0.0254979631681	-0.00585979553962	0.0184091257731	-0.052081103601	0.0198201092298	0.0327184944185	0.00724698509798	-0.0377146375552	0.0126141101264	0.0549097114907	-0.0444486728311	0.0289321029252	-0.0161509083948	-0.00877712105973	-0.0348708494499	0.0161998512545	-0.00902751829846	-0.0147198936468	-0.0439978035832	-0.000807765239454	-0.0196457955758	-0.0188224620857	-0.0164903954784	-0.0073115889899	-0.00407387159079	0.0394995405679	-0.0133393433234	-0.00659251792572	-0.0108960130359	-0.0674426464001	0.0388203569684	-0.0290758010851	-0.0865267603748	0.0164697106281	-0.0059062529628	-0.00477080378394	-0.0564057150245
k__Bacteria;p__Bacteroidetes;c__Bacteroidia;o__Bacteroidales;f__Odoribacteraceae;g__Odoribacter;s__Odoribacter_splanchnicus	0.00278402169741	0.0479567568886	-0.036264807587	0.018608413302	-0.010330122309	-0.00267450518359	-0.00797303269681	-0.0151012854888	0.0117216732786	-0.0251859922912	-0.00282864785337	-0.00430272869912	0.0367917116596	0.0199518133463	-0.0317538340838	0.00481275466971	0.00783119656458	-0.0486141968647	-0.0521305091625	1.0	0.0516058131032	-0.00348683739201	-0.0344806117438	0.0062594773715	0.0127934309251	-0.0214078172677	-0.0506905843817	0.0116893532624	-0.0196184146593	-0.046637525053	0.0197694151445	0.00271318785941	0.00537524464406	0.0287440431284	-0.0336523089149	0.00497418924128	-0.0753300038378	0.014432780956	-0.00945938258961	-0.0277425593145	0.0152721974556	-0.0132462275016	0.00604993233621	-0.0154390509242	-0.0331513016567	-0.0501167692812	-0.0181953293575	-0.032548415259	-0.0539990795422	0.00582302340293	-0.0285968231946	0.00662436069817	0.0131381292277	0.0384566169671	-0.0126183170064	-0.04452365801	-0.0243539827959	0.0558365753721	-0.0161332505578
k__Bacteria;p__Bacteroidetes;c__Bacteroidia;o__Bacteroidales;f__Bacteroidaceae;g__Bacteroides;s__Bacteroides_salyersiae	0.0359399821522	-0.0372183528045	-0.0392962197883	-0.0449756769054	-0.0271455440533	0.00282526891349	-0.0100071312459	0.000530113004409	-0.0130150862209	-0.0451965404282	-0.00697206354542	0.0211882596625	-0.00631176618785	0.00492624363731	0.0306980080448	-0.0388942066058	0.0448447537633	-0.0485549874523	0.0296000037877	0.0516058131032	1.0	0.0169806219045	0.0115741152343	-0.0253584717183	0.00230706921716	0.0308650491537	-0.0605110797341	-0.0335518495978	0.00830395385943	0.0207042024821	0.0563663424333	0.0526360229384	-0.0198123392948	-0.0212337555986	0.0150718128442	0.0321746049647	-0.0172401195255	0.00106706277	-0.0453071551463	0.00461477288758	0.0183262784651	-0.0251344372398	0.00890504855608	0.00731725864337	-0.018145985208	-0.00234218166082	-0.0249955902653	-0.0558207961597	-0.0444902300176	-0.0391877509021	-0.0238734393017	0.0107319947442	0.0422638534886	-0.0234533000363	-0.0200831437735	-0.0102725042774	-0.0424672650258	-0.0129897212404	0.0124713754673
k__Bacteria;p__Firmicutes;c__Clostridia;o__Clostridiales;f__Ruminococcaceae;g__Ruminiclostridium;s__[Eubacterium]_siraeum	-0.00743702465689	0.00671727946308	0.0148689746795	0.00861959420665	-0.00501532912693	-0.0315750366026	-0.00965661752123	-0.00854063304148	-0.0555862533996	-0.0392561519795	-0.0275968699522	-0.0614011890234	-0.0445761610402	-0.00213506322777	-0.0478731663499	-0.0226029616549	-0.0147806784279	0.000995739511353	0.00960910459428	-0.00348683739201	0.0169806219045	1.0	-0.00121626136633	0.010961879302	-0.0116068059728	-0.0151664296139	0.0236135135243	0.0131255459073	-0.0301657272055	-0.0463269752643	-0.0425902153067	-0.0758939596711	0.0181597002795	-0.0782972311858	-0.0210488823144	0.054883999325	-0.0527869985469	-0.00928322302463	0.0679377840207	-0.0560352143286	-0.0241694656288	-0.0512920994043	-0.00235037003123	-0.0263106761037	0.0737587660905	0.0468441247156	-0.00987212131904	-0.0669990399671	0.0477041716624	0.00367397379372	-0.0118305713292	0.0327521848745	0.0430666698163	0.00434610908438	-0.0405475942024	0.00446926128443	-0.025957178076	-0.0337869355165	0.0179393427833
k__Bacteria;p__Proteobacteria;c__Betaproteobacteria;o__Burkholderiales;f__Sutterellaceae;g__Parasutterella;s__Parasutterella_excrementihominis	-0.00382777878192	0.00425705970304	-0.0257981491017	-0.0469691896582	-0.0260270005415	-0.0111005711061	-0.0233407926755	-0.0146026534923	-0.0252844332874	0.0218733017046	-0.0410945743386	-0.0626048417758	-0.0547053263134	0.0543000691183	0.0252461539963	0.00170085729258	0.0109537844123	-0.0477390454537	0.0254979631681	-0.0344806117438	0.0115741152343	-0.00121626136633	1.0	0.00210814157656	-0.0269497079402	-0.0332011167683	0.0327603133685	0.0425234487313	0.0213339827189	-0.0134430691802	0.0343042888375	-0.0340437330389	-0.0318085367855	0.0338393794771	-0.0339055362712	-0.0479085849757	-0.0374147984465	-0.0194557322834	0.0464009218225	-0.00732972442339	-0.01243927607	-0.0438093890822	-0.00776791585071	0.00320537976682	-0.0163540942244	-0.0713947854219	-0.00614073210469	0.021024856845	0.0621323824804	0.00997773516313	-0.0535662583927	0.00304679461045	0.0431352800232	0.0196543679564	-0.0316506942631	-0.0332350016192	-0.00267029954712	-0.0481645459786	0.0530671037972
k__Bacteria;p__Actinobacteria;c__Actinobacteria;o__Bifidobacteriales;f__Bifidobacteriaceae;g__Bifidobacterium;s__Bifidobacterium_adolescentis	-0.0739234452843	-0.0379274097008	-0.0584037389526	0.00605941725142	0.0473712935718	-0.0154988353002	-0.00729647113	0.0295086319888	-0.011547285421	-0.00516252794435	0.00733106216594	0.0129729024453	-0.0508165836018	0.0375133729366	0.0378752821182	-0.00818840899443	-0.00308520837472	0.0380354062156	-0.00585979553962	0.0062594773715	-0.0253584717183	0.010961879302	0.00210814157656	1.0	-0.00827454559883	0.0426003392545	-0.0100314501	0.0268543922207	0.0232010486845	0.0417461326854	-0.010802101269	-0.0468592556552	-0.0324422816506	0.0224280625568	-0.00444439940393	0.015530070482	0.0179825485063	0.018820472633	0.0143838739924	0.00679559129056	-0.0278604048263	-0.018955070358	-0.0535551800496	-0.0279282110846	0.0197333925553	-0.032168160079	0.00881373145905	-0.01902613796	-0.0410078121886	0.0763090665793	0.0381751201655	-0.00713309127293	0.0222628864779	-0.0361924665702	0.0363876612507	0.00180651540434	-0.00792898460614	0.00254484885953	-0.0147333186857
k__Bacteria;p__Firmicutes;c__Clostridia;o__Clostridiales;f__Oscillospiraceae;g__Oscillibacter;s__Oscillibacter_sp._KLE_1745	0.00284024035199	-0.020932746227	0.0329228626867	-0.0482370474007	0.0565697513463	-0.0207731962895	-0.0597134459008	-0.00804588024517	-0.0346553731235	-0.0261391523014	-0.00793536453519	0.0231857977946	-0.00326587995879	-0.0475826216557	-0.02388184729	-0.0457649900431	-0.00936926066155	0.0217486460091	0.0184091257731	0.0127934309251	0.00230706921716	-0.0116068059728	-0.0269497079402	-0.00827454559883	1.0	-0.0378810945273	-0.000202519013047	-0.00144822554221	0.00349324314171	-0.01301467659	0.00772438264848	0.00378186814872	-0.0109865845514	0.0371041688613	0.0155174962243	0.0170973435479	0.0204951013418	-0.0167874526699	0.0114674014862	-0.0231110043531	0.00539549840572	-0.00237523635743	0.069790658729	0.0265783731089	-0.0155816906338	0.0106502491196	0.0140812248456	-0.0449921468453	-0.0641963164118	0.000509559126707	0.0156042963776	-0.0422453747122	-0.00037223425513	-0.0447220840933	0.020239941118	-0.0220368850437	0.0195584698935	-0.00110535408841	0.00880575134824
k__Bacteria;p__Bacteroidetes;c__Bacteroidia;o__Bacteroidales;f__Bacteroidaceae;g__Bacteroides;s__Bacteroides_coprophilus	0.014791123489	-0.0455066305852	0.0258648084359	-0.00515672737468	-0.0330230642561	0.039635441246	-0.0176391656566	-0.000383261220718	-0.0266359445345	0.0592404663557	0.0278100582261	0.00029788150858	-0.0682771037375	-0.0350775049889	-0.0143153535894	-0.00552115168735	-0.037414754732	-0.0153624759805	-0.052081103601	-0.0214078172677	0.0308650491537	-0.0151664296139	-0.0332011167683	0.0426003392545	-0.0378810945273	1.0	-0.0216331784003	-0.0564881762504	0.0447870021309	-0.0347241112335	-0.032695847945	0.0259242199059	0.0431079834392	-0.0414650899563	0.012950395657	-0.0823093429516	-0.0243610597832	-0.0348719323664	-0.0728283596382	0.00480240334174	-0.0268755290373	-0.0113313194801	-0.0412937150034	0.0339819353675	-0.0501823496681	0.0252539190122	-0.0225283626006	0.0437238978862	0.00941103662717	-0.0185608225199	0.0175214337146	-0.00447800541685	-0.0595203060555	-0.0403869396496	0.0360822141988	0.0595964642918	-0.0161247483726	0.0193082810173	0.0123928129268
k__Bacteria;p__Firmicutes;c__Clostridia;o__Clostridiales;f__Lachnospiraceae;g__Roseburia;s__Roseburia_intestinalis	-0.055481857329	-0.0078104095883	-0.0498005425285	-0.0439450547198	-0.00524224436517	-0.0481665376357	-0.03552367534	-0.0236936605864	-0.0342627437682	-0.0355294740528	0.00608077313665	-0.00352248901797	-0.0102990439676	-0.0414555466107	0.0256643224246	0.0153958431046	-0.0171880125896	0.00271317386036	0.0198201092298	-0.0506905843817	-0.0605110797341	0.0236135135243	0.0327603133685	-0.0100314501	-0.000202519013047	-0.0216331784003	1.0	-0.0023916260018	0.000205980754969	-0.00707914930754	-0.0476315496807	0.075751563433	-0.0229925369636	-0.0078631447565	0.0663176713097	-0.0308859489619	-0.015120586854	-0.0336602107427	0.0373301326554	0.010537148976	-0.025761894409	-0.0137441665379	-0.0436401333126	-0.0342868072235	0.0552195699114	0.0610574288934	-0.0110058400224	-0.0026355821552	-0.0168582293039	0.0101959282565	0.00490287452838	-0.0484604230447	-0.00175148173526	0.00237114032649	-0.0312027009281	-0.0101700467563	0.00678470190614	-0.0370242579682	0.0300998489475
k__Bacteria;p__Firmicutes;c__Clostridia;o__Clostridiales;f__Lachnospiraceae;g__Roseburia;s__Roseburia_hominis	-0.00332851572616	0.0780597726214	0.0353450386489	-0.0161885896417	-0.000810705265648	-0.0305844095276	0.0404920686085	0.0238148360024	-0.0117005290635	0.0159176220909	0.011069434106	-0.0316052766131	-0.0017579423114	-0.0349450325122	0.0515933450015	-0.00112866737373	-0.0606958995644	0.0073794498417	0.0327184944185	0.0116893532624	-0.0335518495978	0.0131255459073	0.0425234487313	0.0268543922207	-0.00144822554221	-0.0564881762504	-0.0023916260018	1.0	-0.0268459525682	0.0290546852114	-0.0711144060554	-0.0289822108009	-0.0276698524374	0.0381750145423	-0.0148273160253	-0.0246270053814	-0.0186089110907	-0.0680305713609	-0.0260876858839	-0.0264615324594	0.0167858126619	0.0063248349623	-0.0433281468418	-0.015820920579	-0.0598165603866	0.0437797117106	-0.0350813957798	-0.0362642178034	0.00958051288905	-0.0102929313268	0.0213251181334	-0.0416612173905	0.0140928159799	-0.0254809793455	-0.0186877267741	0.0201931345896	0.0195046590343	-0.0243107538206	0.00674629621119
k__Bacteria;p__Bacteroidetes;c__Bacteroidia;o__Bacteroidales;f__Porphyromonadaceae;g__Parabacteroides;s__Parabacteroides_johnsonii	0.0032318575056	0.00591878479523	-0.0371645403402	-0.00270554066547	-0.0296526528852	-0.0411300231875	-0.026030901761	-0.0463053083392	0.0111638353886	0.0494611620756	-0.0309145520535	0.0522449336965	-0.0669312625733	0.0423200303859	0.00512572432579	0.0263810370346	-0.014133451869	0.0169735561776	0.00724698509798	-0.0196184146593	0.00830395385943	-0.0301657272055	0.0213339827189	0.0232010486845	0.00349324314171	0.0447870021309	0.000205980754969	-0.0268459525682	1.0	-0.0259191553624	-0.0143818288313	-0.0299098933243	-0.00569199892133	0.0249359736482	0.00223877642685	0.0521858598372	-0.0425816867622	-0.0182792416374	0.0238350049797	-0.0568661550039	0.00664943940913	0.00158504790288	-0.0368985080197	0.0259687418559	0.0146927462591	-0.084862770539	0.00384158808413	-0.0205435260925	-0.0615368445565	-0.015453864305	-0.0401878174616	0.0293279022166	0.00643897908008	0.0257905306711	0.0072748056143	0.0222265800402	-0.0779513454107	-0.0364999065037	0.0207136965898
