#taxonomy	k__Bacteria;p__Bacteroidetes;c__Bacteroidia;o__Bacteroidales;f__Bacteroidaceae;g__Bacteroides;s__Bacteroides_vulgatus	k__Bacteria;p__Bacteroidetes;c__Bacteroidia;o__Bacteroidales;f__Bacteroidaceae;g__Bacteroides;s__Bacteroides_uniformis	k__Bacteria;p__Bacteroidetes;c__Bacteroidia;o__Bacteroidales;f__Rikenellaceae;g__Alistipes;s__Alistipes_putredinis	k__Bacteria;p__Bacteroidetes;c__Bacteroidia;o__Bacteroidales;f__Prevotellaceae;g__Prevotella;s__Prevotella_copri	k__Bacteria;p__Bacteroidetes;c__Bacteroidia;o__Bacteroidales;f__Bacteroidaceae;g__Bacteroides;s__Bacteroides_stercoris	k__Bacteria;p__Bacteroidetes;c__Bacteroidia;o__Bacteroidales;f__Bacteroidaceae;g__Bacteroides;s__Bacteroides_ovatus	k__Bacteria;p__Bacteroidetes;c__Bacteroidia;o__Bacteroidales;f__Rikenellaceae;g__Alistipes;s__Alistipes_shahii	k__Bacteria;p__Firmicutes;c__Clostridia;o__Clostridiales;f__Ruminococcaceae;g__Faecalibacterium;s__Faecalibacterium_prausnitzii	k__Bacteria;p__Bacteroidetes;c__Bacteroidia;o__Bacteroidales;f__Rikenellaceae;g__Alistipes;s__Alistipes_finegoldii	k__Bacteria;p__Bacteroidetes;c__Bacteroidia;o__Bacteroidales;f__Porphyromonadaceae;g__Parabacteroides;s__Parabacteroides_distasonis	k__Bacteria;p__Bacteroidetes;c__Bacteroidia;o__Bacteroidales;f__Bacteroidaceae;g__Bacteroides;s__Bacteroides_thetaiotaomicron	k__Bacteria;p__Bacteroidetes;c__Bacteroidia;o__Bacteroidales;f__Bacteroidaceae;g__Bacteroides;s__Bacteroides_coprocola	k__Bacteria;p__Bacteroidetes;c__Bacteroidia;o__Bacteroidales;f__Bacteroidaceae;g__Bacteroides;s__Bacteroides_cellulosilyticus	k__Bacteria;p__Bacteroidetes;c__Bacteroidia;o__Bacteroidales;f__Rikenellaceae;g__Alistipes;s__Alistipes_obesi	k__Bacteria;p__Firmicutes;c__Clostridia;o__Clostridiales;f__Lachnospiraceae;g__;s__[Eubacterium]_rectale	k__Bacteria;p__Bacteroidetes;c__Bacteroidia;o__Bacteroidales;f__Bacteroidaceae;g__Bacteroides;s__Bacteroides_plebeius	k__Bacteria;p__Bacteroidetes;c__Bacteroidia;o__Bacteroidales;f__Bacteroidaceae;g__Bacteroides;s__Bacteroides_fragilis	k__Bacteria;p__Proteobacteria;c__Betaproteobacteria;o__Burkholderiales;f__Sutterellaceae;g__Sutterella;s__Sutterella_wadsworthensis	k__Bacteria;p__Bacteroidetes;c__Bacteroidia;o__Bacteroidales;f__Porphyromonadaceae;g__Barnesiella;s__Barnesiella_intestinihominis	k__Bacteria;p__Bacteroidetes;c__Bacteroidia;o__Bacteroidales;f__Odoribacteraceae;g__Odoribacter;s__Odoribacter_splanchnicus	k__Bacteria;p__Bacteroidetes;c__Bacteroidia;o__Bacteroidales;f__Bacteroidaceae;g__Bacteroides;s__Bacteroides_salyersiae	k__Bacteria;p__Firmicutes;c__Clostridia;o__Clostridiales;f__Ruminococcaceae;g__Ruminiclostridium;s__[Eubacterium]_siraeum	k__Bacteria;p__Proteobacteria;c__Betaproteobacteria;o__Burkholderiales;f__Sutterellaceae;g__Parasutterella;s__Parasutterella_excrementihominis	k__Bacteria;p__Actinobacteria;c__Actinobacteria;o__Bifidobacteriales;f__Bifidobacteriaceae;g__Bifidobacterium;s__Bifidobacterium_adolescentis	k__Bacteria;p__Firmicutes;c__Clostridia;o__Clostridiales;f__Oscillospiraceae;g__Oscillibacter;s__Oscillibacter_sp._KLE_1745	k__Bacteria;p__Bacteroidetes;c__Bacteroidia;o__Bacteroidales;f__Bacteroidaceae;g__Bacteroides;s__Bacteroides_coprophilus	k__Bacteria;p__Firmicutes;c__Clostridia;o__Clostridiales;f__Lachnospiraceae;g__Roseburia;s__Roseburia_intestinalis	k__Bacteria;p__Firmicutes;c__Clostridia;o__Clostridiales;f__Lachnospiraceae;g__Roseburia;s__Roseburia_hominis	k__Bacteria;p__Bacteroidetes;c__Bacteroidia;o__Bacteroidales;f__Porphyromonadaceae;g__Parabacteroides;s__Parabacteroides_johnsonii	k__Bacteria;p__Actinobacteria;c__Actinobacteria;o__Bifidobacteriales;f__Bifidobacteriaceae;g__Bifidobacterium;s__Bifidobacterium_longum	k__Bacteria;p__Firmicutes;c__Clostridia;o__Clostridiales;f__;g__Flavonifractor;s__Flavonifractor_plautii	k__Bacteria;p__Firmicutes;c__Clostridia;o__Clostridiales;f__Clostridiaceae;g__Clostridium;s__Clostridium_phoceensis	k__Bacteria;p__Verrucomicrobia;c__Verrucomicrobiae;o__Verrucomicrobiales;f__Akkermansiaceae;g__Akkermansia;s__Akkermansia_muciniphila	k__Bacteria;p__Bacteroidetes;c__Bacteroidia;o__Bacteroidales;f__Prevotellaceae;g__Paraprevotella;s__Paraprevotella_xylaniphila	k__Bacteria;p__Firmicutes;c__Clostridia;o__Clostridiales;f__Ruminococcaceae;g__Ruminococcus;s__Ruminococcus_callidus	k__Bacteria;p__Bacteroidetes;c__Bacteroidia;o__Bacteroidales;f__Rikenellaceae;g__Alistipes;s__Alistipes_senegalensis	k__Bacteria;p__Firmicutes;c__Clostridia;o__Clostridiales;f__Lachnospiraceae;g__Blautia;s__Blautia_sp._KLE_1732	k__Bacteria;p__Bacteroidetes;c__Bacteroidia;o__Bacteroidales;f__Bacteroidaceae;g__Bacteroides;s__Bacteroides_oleiciplenus	k__Bacteria;p__Firmicutes;c__Clostridia;o__Clostridiales;f__Ruminococcaceae;g__Ruminococcus;s__Ruminococcus_bicirculans	k__Bacteria;p__Bacteroidetes;c__Bacteroidia;o__Bacteroidales;f__Bacteroidaceae;g__Bacteroides;s__Bacteroides_fluxus	k__Bacteria;p__Bacteroidetes;c__Bacteroidia;o__Bacteroidales;f__Prevotellaceae;g__Prevotella;s__Prevotella_stercorea	k__Bacteria;p__Firmicutes;c__Clostridia;o__Clostridiales;f__Lachnospiraceae;g__Dorea;s__Dorea_longicatena	k__Bacteria;p__Firmicutes;c__Clostridia;o__Clostridiales;f__Eubacteriaceae;g__Eubacterium;s__[Eubacterium]_eligens	k__Bacteria;p__Firmicutes;c__Clostridia;o__Clostridiales;f__Ruminococcaceae;g__;s__Ruminococcaceae_bacterium_D16	k__Bacteria;p__Firmicutes;c__Clostridia;o__Clostridiales;f__Lachnospiraceae;g__Coprococcus;s__Coprococcus_comes	k__Bacteria;p__Proteobacteria;c__Gammaproteobacteria;o__Enterobacterales;f__Enterobacteriaceae;g__Escherichia;s__Escherichia_coli	k__Bacteria;p__Firmicutes;c__Clostridia;o__Clostridiales;f__Ruminococcaceae;g__Anaerotruncus;s__Anaerotruncus_colihominis	k__Bacteria;p__Firmicutes;c__Clostridia;o__Clostridiales;f__Lachnospiraceae;g__Blautia;s__Blautia_obeum	k__Bacteria;p__Bacteroidetes;c__Bacteroidia;o__Bacteroidales;f__Odoribacteraceae;g__Odoribacter;s__Odoribacter_laneus	k__Bacteria;p__Firmicutes;c__Clostridia;o__Clostridiales;f__Ruminococcaceae;g__Ruminiclostridium;s__[Clostridium]_leptum	k__Bacteria;p__Bacteroidetes;c__Bacteroidia;o__Bacteroidales;f__Porphyromonadaceae;g__Parabacteroides;s__Parabacteroides_goldsteinii	k__Bacteria;p__Firmicutes;c__Clostridia;o__Clostridiales;f__Lachnospiraceae;g__Anaerostipes;s__Anaerostipes_hadrus	k__Bacteria;p__Firmicutes;c__Clostridia;o__Clostridiales;f__Ruminococcaceae;g__Ruminococcus;s__Ruminococcus_lactaris	k__Bacteria;p__Firmicutes;c__Clostridia;o__Clostridiales;f__Clostridiaceae;g__Clostridium;s__Clostridium_sp._L2-50	k__Bacteria;p__Firmicutes;c__Clostridia;o__Clostridiales;f__Clostridiaceae;g__Clostridium;s__Clostridium_sp._M62/1	k__Bacteria;p__Firmicutes;c__Clostridia;o__Clostridiales;f__;g__Intestinimonas;s__Intestinimonas_butyriciproducens	k__Bacteria;p__Actinobacteria;c__Actinobacteria;o__Bifidobacteriales;f__Bifidobacteriaceae;g__Bifidobacterium;s__Bifidobacterium_bifidum	k__Bacteria;p__Firmicutes;c__Negativicutes;o__Veillonellales;f__Veillonellaceae;g__Dialister;s__Dialister_invisus	k__Bacteria;p__Bacteroidetes;c__Bacteroidia;o__Bacteroidales;f__Bacteroidaceae;g__Bacteroides;s__Bacteroides_salanitronis
k__Bacteria;p__Bacteroidetes;c__Bacteroidia;o__Bacteroidales;f__Bacteroidaceae;g__Bacteroides;s__Bacteroides_vulgatus	1.0	-0.0446919302996	0.0323147405786	-0.0301550127286	-0.0690931595808	0.0145774854664	0.00519470981585	0.0134295515893	0.0315865985094	-0.000690868605658	-0.0155836349012	0.0381176972692	-0.058842195085	0.0106334062053	-0.0762236686318	-0.0356939654024	0.00237416477649	0.00322691277709	0.0161345715275	-0.00978833486198	-0.0828365711167	-0.0249276250606	0.0129211592553	0.0189156031672	-0.0364173136118	0.0491906670599	-0.0240675765121	0.0254148484048	-0.0290802526711	-0.0366132247468	-0.00868109467839	-0.0131958797676	0.00661653937669	-0.00488104313209	0.018644171254	0.0030098791719	0.0049008496019	0.0340520680003	0.0300186523332	0.0281639438038	-0.0514272946496	-0.0347492061134	0.0120704865705	-0.0481281609976	0.000325860977593	-0.0150219544371	-0.0483574950211	-0.014025431496	-0.0421281239492	0.0157403175731	0.0465802414703	0.00568678986631	-0.00842928454799	-0.0121173213706	0.0257239540014	0.0395302432102	-0.039356360526	0.0886474969207	-0.0497086940874
k__Bacteria;p__Bacteroidetes;c__Bacteroidia;o__Bacteroidales;f__Bacteroidaceae;g__Bacteroides;s__Bacteroides_uniformis	-0.0446919302996	1.0	0.0298451130733	0.0542359707159	0.018030467731	-0.01829290937	0.0250188423224	0.0150032851964	0.0187257062864	-0.0812542334926	0.00486993364385	-0.0792818106468	0.0386311408575	0.0100604176226	-0.0282339889034	0.0211436731516	-0.0130965217795	-0.0135279204128	-0.00299197365034	-0.00842765928277	0.055293401282	0.0312603721943	-0.0336978875756	0.060934898414	-0.0494851469967	0.030621186558	0.0436253122802	-0.0364026010726	-0.0422143675806	0.0400926568376	0.00860047581725	-0.0575550590533	0.0298401333372	-0.0833277898371	0.020629017339	0.032652855582	0.0531389393974	0.0115143206517	-0.0320759076049	-0.0282017700053	-0.0237413885062	0.00664618838687	-0.00698968894754	0.0196173773451	0.031101569515	-0.0100615619101	-0.0358376925599	0.0480025056661	-0.0161857332379	-0.0350971331928	-0.0112448740475	-0.0437922763341	-0.00760422189569	-0.00309226671879	-0.0426603546657	-0.0164983137917	-0.0283784025141	0.0154170769728	0.00832262316005
k__Bacteria;p__Bacteroidetes;c__Bacteroidia;o__Bacteroidales;f__Rikenellaceae;g__Alistipes;s__Alistipes_putredinis	0.0323147405786	0.0298451130733	1.0	0.00412702003345	-0.00486595502446	-0.0712258632846	-0.0166411204613	-0.0338210233885	-0.0171455556329	-0.0130373540568	0.0610845222989	0.0293684915249	-0.0266660523144	-0.0339907638433	0.00949841389938	-0.050054901071	-0.0155468438362	-0.0265192799062	-0.0136780666695	0.0157907533579	0.028674162195	-0.0719676830438	-0.0367063257106	-0.0069157799509	-0.0374458797546	-0.054374399961	-0.00141136432393	0.0407392335844	-0.0430432735585	-0.0153066396059	0.0177955118036	0.0392317127229	0.0103112998056	-0.0761746507913	0.00633944471742	-0.0258793545649	-0.0459454528822	0.000291471276624	0.0252319838204	-0.021763547622	0.0447670455839	0.0232572630593	-0.00606080649895	0.0209220522152	-0.00923435385262	-0.0230441369423	0.00251319172078	-0.016347501831	0.00746096449813	-0.0255486478861	-0.0177543033689	0.0290015351992	0.0354663992663	0.0331321825654	-0.0340486056516	0.000311496013496	0.0149446272537	0.00756036229806	0.00423611887011
k__Bacteria;p__Bacteroidetes;c__Bacteroidia;o__Bacteroidales;f__Prevotellaceae;g__Prevotella;s__Prevotella_copri	-0.0301550127286	0.0542359707159	0.00412702003345	1.0	-0.0210268275795	0.0416831485517	0.0396892968333	-0.00835530023866	-0.0285550030941	-0.0321927859596	-0.049164280913	-0.0355341774898	-0.0467106014639	-0.0343439838024	-0.00979625899231	-0.0157414687286	0.0217610545181	-0.0688189403184	0.0216737504882	0.000711433844551	0.00929990468345	-0.0260821990353	-0.0252726732436	0.0241368963667	-0.00912909077093	0.0346718780884	0.0153057545492	-0.00484100125121	-0.00231298632668	0.0188290172543	0.0188324094255	-0.0458613798169	0.0752669916558	-0.0392747289628	-0.0394492682654	-0.0075498231353	-0.0492073263798	-0.00434979523795	0.000956524380058	0.0218633358428	0.0239433187177	0.00664964342489	-0.0149613588275	0.00311793825207	-0.0181809489457	0.0479929676532	0.00365798201486	0.0203187372263	-0.015879340293	-0.0104606835791	0.0169282092594	-0.00914277903903	0.0605339318796	0.01309136579	0.0335670790948	-0.121462320723	0.020916151796	0.00395951711552	-0.00359359140608
k__Bacteria;p__Bacteroidetes;c__Bacteroidia;o__Bacteroidales;f__Bacteroidaceae;g__Bacteroides;s__Bacteroides_stercoris	-0.0690931595808	0.018030467731	-0.00486595502446	-0.0210268275795	1.0	-0.00938430400659	-0.0102891132506	-0.0225197659656	0.0452712169452	-0.0115216829439	0.0205826902519	-0.014943436659	0.00962377837357	-0.02864394629	0.0172178555757	0.0193407295248	-0.0345095484114	-0.00282803666961	-0.00636833988595	0.00936672369284	-0.00302123486513	-0.0309373180801	-0.0203384635624	-0.00897173455516	-0.0140733013786	-0.0392252353573	-0.0190581842502	-0.00795199851008	-0.0409132807945	-0.00555855815666	-0.00446422863864	-0.0283064709211	-0.0259918551437	0.049313042477	-0.0238373914887	0.00797194637738	0.00463312552076	0.00493762843053	-0.0481121620965	0.0064423132825	-0.0232361077917	-0.00952871074855	0.00439567741625	-0.0328521622314	0.000203082475206	-0.0508448850803	0.0359899792799	0.0279833014604	-0.0673055835253	-0.00671519282495	-0.00876161279773	0.0554692049147	-0.0329774310529	0.0198508400413	-0.0243179307658	0.011608964781	0.00241045783926	0.0186202092419	0.0241010471414
k__Bacteria;p__Bacteroidetes;c__Bacteroidia;o__Bacteroidales;f__Bacteroidaceae;g__Bacteroides;s__Bacteroides_ovatus	0.0145774854664	-0.01829290937	-0.0712258632846	0.0416831485517	-0.00938430400659	1.0	-0.015924517584	-0.032207703022	-0.059896745982	0.0456907269202	-0.020922168677	0.0213150662482	0.00868094166857	-0.0213346236306	0.00680984736918	-0.0292882262839	0.00252353277918	0.0529037942034	0.0129588801125	0.0193651903639	0.0199815977667	0.0285096825022	-0.0116710509886	-0.000548293205965	-0.0134796479215	-0.00107837582063	0.0599437451658	-0.0171961837141	-0.0109264710562	0.00346124086769	-0.00977665113703	0.00342944064822	-0.0276275843882	-0.0227171816493	0.00035438032984	-0.0291265717392	-0.0256023191013	-0.0164846440077	-0.0478257609442	-0.0670692397971	-0.0252379191771	-0.021402383929	-0.0052298013078	0.0191794480038	0.0323077892336	-0.0401019651742	-0.0179334795967	0.0321831145987	-0.0171881548791	-0.0198027968554	-0.0203663670722	-0.0324035869683	0.0440471130429	0.0392479902407	0.050571051436	0.011705523723	-0.014838711382	-0.0366570188582	-0.0585113440121
k__Bacteria;p__Bacteroidetes;c__Bacteroidia;o__Bacteroidales;f__Rikenellaceae;g__Alistipes;s__Alistipes_shahii	0.00519470981585	0.0250188423224	-0.0166411204613	0.0396892968333	-0.0102891132506	-0.015924517584	1.0	0.0295205164434	0.00797091651497	0.0073577733918	-0.0205088942572	-0.0326244368184	0.0392657594633	-0.0811775025021	0.0251148647322	-0.0430556902481	0.0560996437971	-0.0726529087499	-0.027568187515	-0.00728469212127	-0.0175454592996	0.0460525527461	-0.0616799018318	0.0110298089854	-0.010419500128	-0.0352124193113	0.0661204985843	0.00659191232908	0.00197923069136	-0.0082039030921	-0.0275287850779	-0.0199972689506	-0.0137619479198	0.0216970548059	-0.0187786168839	0.018946794228	0.000987589145359	0.0183273087459	0.0203588373349	0.0628203848737	-0.0207430517009	-0.0393107354268	0.0208180804831	0.0117094196379	0.0417062611071	-0.014537005867	-0.0767068286044	-0.0821917307546	-0.0247196545106	-0.00476832184699	-0.0723330085055	-0.0134676838296	-0.00592203757025	-0.00287518934543	-0.0068672648347	-0.0125286671466	-0.00501270444996	-0.0416190541317	-0.0487722214147
k__Bacteria;p__Firmicutes;c__Clostridia;o__Clostridiales;f__Ruminococcaceae;g__Faecalibacterium;s__Faecalibacterium_prausnitzii	0.0134295515893	0.0150032851964	-0.0338210233885	-0.00835530023866	-0.0225197659656	-0.032207703022	0.0295205164434	1.0	-0.0192707891569	-0.0200815896561	0.0133363972176	0.000127156808941	0.0512641382904	0.0364763135573	-0.0583679290006	-0.000344315764661	-0.0180991233513	-0.0148124618679	-0.0533537788447	-0.0098374608729	-0.0039829680625	-0.043923058801	-0.0380461765187	-0.0427147748389	0.01535730697	-0.00966924403187	0.0263480680343	0.0326283575168	-0.016683019484	-0.0161650415494	0.00199169222695	0.0196262831994	-0.0375290564069	-0.0282136640314	0.0457337810297	0.0386819096511	-0.0449197357219	-0.0112808182744	-0.043284394551	-0.0732825540682	-0.0015808517733	0.0371882106335	-0.0102411554192	0.00109910107611	-0.0751876735222	0.0141051853073	-0.0333933770452	0.000813062039698	0.0512513099927	0.00523931232296	-0.029164006675	-0.0242913449473	0.0584652879292	-0.0115243089844	0.00521219402937	-0.00971388008489	-0.0291649899992	0.0189820457804	0.00063852304883
k__Bacteria;p__Bacteroidetes;c__Bacteroidia;o__Bacteroidales;f__Rikenellaceae;g__Alistipes;s__Alistipes_finegoldii	0.0315865985094	0.0187257062864	-0.0171455556329	-0.0285550030941	0.0452712169452	-0.059896745982	0.00797091651497	-0.0192707891569	1.0	-0.058781903798	-0.0508171091887	0.00571218398003	-0.0710213241114	0.0593260066635	0.0416964316939	-0.0248422958006	-0.0251079445163	-0.0137727156857	-0.0492545865157	0.0179549571316	0.0628666913145	0.00421383516234	-0.00258221047013	-0.0251737335148	-0.0116217683737	0.0227913638754	0.0142264276849	0.043164133198	-0.0796380815808	0.0471926576585	-0.0298138177297	-0.0119844724098	0.00815766742391	0.033320147144	0.0215494073736	-0.046635818656	-0.0252752744545	0.00335599628224	-0.0166718199757	-0.0175414380661	-0.0563258568625	0.00767128040024	0.0552135659141	-0.0330837517251	0.0125828324124	-0.00491300699669	-0.0516490266468	0.0283474780041	0.0640136610119	-0.0194824870974	0.0408570285469	-0.0319922343035	0.05258788787	-0.0159287523633	-0.0631308377113	-0.0217552948438	-0.00858344925336	0.0386356599187	-0.0202926728894
k__Bacteria;p__Bacteroidetes;c__Bacteroidia;o__Bacteroidales;f__Porphyromonadaceae;g__Parabacteroides;s__Parabacteroides_distasonis	-0.000690868605658	-0.0812542334926	-0.0130373540568	-0.0321927859596	-0.0115216829439	0.0456907269202	0.0073577733918	-0.0200815896561	-0.058781903798	1.0	-0.0405345478152	0.0181815512042	0.00617023552581	-0.0420389337734	-0.106307880519	0.0302736931261	-0.0493290619736	-0.0419690432308	-0.0559056167842	-0.011144156717	-0.0222517479938	-0.0156565507326	-0.0293846700154	-0.0548316642099	-0.0517119966034	-0.037042595224	-0.00506069008206	-0.0172056218994	0.0299598445503	-0.0360569039429	0.0468165508514	0.0293509315612	0.0809549023368	0.0298155852982	-0.0130855160857	0.0511654356324	0.0284787336822	0.0429831188873	0.0654793712744	-0.00644095086851	-0.0153904406874	-0.00830630036746	0.050131677387	-0.0130071088596	0.0353010166621	0.00669271155456	0.0133479851794	-0.010556962028	-0.0271261006473	0.0110755301653	-0.0208416440171	0.015297383145	-0.0199772856662	-0.00131888371915	-0.0088006666373	0.0307703904627	0.0291413317073	-0.0878073815875	-0.0511844178014
k__Bacteria;p__Bacteroidetes;c__Bacteroidia;o__Bacteroidales;f__Bacteroidaceae;g__Bacteroides;s__Bacteroides_thetaiotaomicron	-0.0155836349012	0.00486993364386	0.0610845222989	-0.049164280913	0.0205826902519	-0.020922168677	-0.0205088942572	0.0133363972176	-0.0508171091887	-0.0405345478152	1.0	0.00592204326574	-0.0419105523077	0.0156743006531	0.0406255209236	0.00756621866908	0.0555819565476	-0.00160153757105	-0.0361204802303	0.0330325396927	-0.0439526317309	-0.0302474163929	0.0132167274506	-0.072131175359	-0.00338553608465	0.0201543825031	-0.0160467660478	-0.0154301361729	0.0164552795086	-0.00578029360788	-0.0624478805262	0.0116135603592	-0.0455185432662	0.00507810609483	0.0253509094092	-0.03900593038	0.00558067630978	-0.0143367726771	-0.0852388758984	-0.0138475508874	0.0112748915681	-0.0192005227023	-0.0237174899808	-0.0154944552107	-0.0117374204063	0.0351033071291	0.0102241856486	0.0137236441902	-0.0226500117148	0.00962013449276	-0.0215492313702	-0.0354786743358	0.0240632220788	-0.0390375540813	0.0162401876973	-0.000982506635975	-0.00884390329848	0.0294082590204	0.0134994814804
k__Bacteria;p__Bacteroidetes;c__Bacteroidia;o__Bacteroidales;f__Bacteroidaceae;g__Bacteroides;s__Bacteroides_coprocola	0.0381176972692	-0.0792818106468	0.0293684915249	-0.0355341774898	-0.014943436659	0.0213150662482	-0.0326244368184	0.000127156808941	0.00571218398003	0.0181815512042	0.00592204326574	1.0	0.0474197965401	-0.0445543932138	-0.00943631290464	-0.00927966656961	0.0196068470637	-0.0201988155425	0.0195173594036	0.037368000135	-0.00640291116441	-0.0287266270553	-0.00183350745198	-0.0429154605999	0.0246903111707	-0.0102853327014	-0.0167808238526	0.0218612727227	-0.0177550149815	-0.0120706024033	-0.00872042687089	0.0183486468073	0.0523399182026	-0.00615608715297	-0.0428197031814	-0.0231556427423	0.0178882851945	0.0124729987323	-0.052124927161	-0.104030669348	-0.016042106838	0.0397622723341	-0.00230332623911	-0.0244008089775	0.00622874821816	-0.036185495083	-0.00881312490397	-0.0209331442782	-0.0419783041671	-0.0113765395302	0.00506705194388	-0.058764550463	0.012521070031	0.00778661040793	-0.0165380425405	-0.00167024031889	-0.0413206325936	-0.0698368876945	-0.037384063226
k__Bacteria;p__Bacteroidetes;c__Bacteroidia;o__Bacteroidales;f__Bacteroidaceae;g__Bacteroides;s__Bacteroides_cellulosilyticus	-0.058842195085	0.0386311408575	-0.0266660523144	-0.0467106014639	0.00962377837357	0.00868094166857	0.0392657594633	0.0512641382904	-0.0710213241114	0.00617023552581	-0.0419105523077	0.0474197965401	1.0	-0.0455498217689	-0.0127419551458	0.00818630866192	0.0339162850807	-0.0886964536753	0.0010948625659	-0.0554345391695	0.00478941813296	-0.0160031316486	0.0277294877038	-0.0298361701987	0.0313620019512	-0.101557289017	-0.0184576536366	-0.00597663303807	-0.030003489798	0.00244477182589	-0.0263446208827	-0.025075023521	0.027445993377	0.0205576757653	0.00745085941725	0.0171225531428	-0.0143515826778	-0.0428446586939	0.0281668215801	0.0200393193258	-0.0453795690588	-0.0273936505412	0.0471973830562	-0.00802655019436	-0.0073754871688	-0.00387738503771	-0.0434060552329	-0.0176821663094	-0.028343213905	0.0306965398935	-0.0270619561411	-0.0165096503288	0.0392597582099	-0.0313331414312	-0.00905574984036	0.0532861354746	-0.0691036881595	-0.0267740576762	0.037198334715
k__Bacteria;p__Bacteroidetes;c__Bacteroidia;o__Bacteroidales;f__Rikenellaceae;g__Alistipes;s__Alistipes_obesi	0.0106334062053	0.0100604176226	-0.0339907638433	-0.0343439838024	-0.02864394629	-0.0213346236306	-0.0811775025021	0.0364763135573	0.0593260066635	-0.0420389337734	0.0156743006531	-0.0445543932138	-0.0455498217689	1.0	-0.0230863333401	-0.0130404459716	-0.0104429063308	-0.00123340445936	0.0278570199942	0.0115613797037	-0.0871601050381	-0.0156000482806	0.0151560122926	0.00792311693656	0.00444252710399	0.0210812876403	0.00779866758844	-0.0232090316684	-0.0181681442577	-0.00260250573255	-0.061912368955	-0.0179874470022	-0.0531652719869	-0.0237575320581	0.026699151007	0.0237936040573	-0.00108073874279	-0.0131659523362	0.00848806110489	-0.0372219615076	-0.00696539688107	-0.0274960047494	0.0186747301203	0.0598093363198	0.0399897669003	-0.0131226357556	0.069349942792	-0.0207482424286	-0.00157733548769	-0.00949293832283	0.020000046079	0.0368762416713	-0.0266731425427	0.0228975891503	-0.0407343299165	0.00863298127023	0.051209245784	-0.0526037495808	-0.0084492051162
k__Bacteria;p__Firmicutes;c__Clostridia;o__Clostridiales;f__Lachnospiraceae;g__;s__[Eubacterium]_rectale	-0.0762236686318	-0.0282339889034	0.00949841389938	-0.00979625899231	0.0172178555757	0.00680984736918	0.0251148647322	-0.0583679290006	0.0416964316939	-0.106307880519	0.0406255209236	-0.00943631290464	-0.0127419551458	-0.0230863333401	1.0	0.00857841734387	-0.010409793695	0.0307535515719	-0.0185287769255	0.0153949026454	-0.00307965629016	0.0279394175638	-0.0867503798743	0.0124629948967	-0.0112358352985	0.0455678667986	0.0453331261806	0.00809982623714	-0.0512958224421	-0.0204955850297	0.046998367884	0.0171347706681	-0.023388637185	0.0354789976945	-0.0166131894969	-0.0671200319401	0.0236162471349	-0.00109282301981	-0.0252393748525	-0.0515623988374	-0.00933819341124	0.00942114639147	0.0216824808198	-0.00757449796518	-0.0326618803759	-0.0283164341176	-0.0217322634781	0.00570781433299	-0.0248008677438	0.0241904747096	0.0660022082077	-0.0366750483936	0.00590835176325	-0.0283019270098	-0.0286732580805	0.0169415709558	-0.0353806956688	-0.0265285326962	0.063304677546
k__Bacteria;p__Bacteroidetes;c__Bacteroidia;o__Bacteroidales;f__Bacteroidaceae;g__Bacteroides;s__Bacteroides_plebeius	-0.0356939654024	0.0211436731516	-0.050054901071	-0.0157414687286	0.0193407295248	-0.0292882262839	-0.0430556902481	-0.000344315764661	-0.0248422958006	0.0302736931261	0.00756621866908	-0.00927966656961	0.00818630866192	-0.0130404459716	0.00857841734387	1.0	-0.0183915232199	0.00729830382369	0.0146256549449	0.00128117668315	-0.015015604348	-0.00156117424458	0.0314888501423	-0.0229394810706	0.0383702223418	-0.0296172251356	0.0159523204697	-0.0406235992572	-0.0119115786183	0.0209940526437	-0.035470994422	0.0364995742452	0.013314126575	-0.0412903052214	-0.030876234422	0.0481799588201	-0.0301304508614	-0.0136116668739	0.0886200633382	-0.0325213580451	-0.0358397554193	-0.00520399397592	-0.0713526212441	-0.027439546135	0.0197565877615	-0.0400922135749	0.0436484977012	0.0265386141519	0.0111206863652	-0.024918839836	-0.0783758679996	0.103279528443	-0.0335869988192	-0.00207147420754	0.0310748896032	-0.017665029195	-0.0446790922905	-0.0273074983876	-0.0140214060417
k__Bacteria;p__Bacteroidetes;c__Bacteroidia;o__Bacteroidales;f__Bacteroidaceae;g__Bacteroides;s__Bacteroides_fragilis	0.00237416477649	-0.0130965217795	-0.0155468438362	0.0217610545181	-0.0345095484114	0.00252353277918	0.0560996437971	-0.0180991233513	-0.0251079445163	-0.0493290619736	0.0555819565476	0.0196068470637	0.0339162850807	-0.0104429063308	-0.010409793695	-0.0183915232199	1.0	-0.000175755248508	0.0466639439228	0.013981170692	-0.0371379637511	0.0326238916323	0.0259661048845	-0.0500692398914	0.0196488981268	-0.0600894875616	-0.0289375589331	-0.0346492941375	-0.0156188551128	-0.0541479618964	-0.0076979197167	0.000182462792078	-0.0303250804381	0.0127866376157	-0.0549278932049	-0.0151209001917	-0.00264502564046	0.0354324947738	-0.0240923796304	-0.0945513547357	0.0114307078762	0.00349080249267	0.00188027572819	-0.0532377038829	-0.0140806976198	-0.0456346879201	0.0190006069137	-0.0549213695597	-0.000680985816499	0.0348490663226	-0.0234421722479	-0.0125755663375	0.00918213332704	-0.0314254125161	-0.00730522384318	-0.0323561742069	-0.00380900365886	0.011800885669	-0.0600864527744
k__Bacteria;p__Proteobacteria;c__Betaproteobacteria;o__Burkholderiales;f__Sutterellaceae;g__Sutterella;s__Sutterella_wadsworthensis	0.00322691277709	-0.0135279204128	-0.0265192799062	-0.0688189403184	-0.00282803666961	0.0529037942034	-0.0726529087499	-0.0148124618679	-0.0137727156857	-0.0419690432308	-0.00160153757105	-0.0201988155425	-0.0886964536753	-0.00123340445936	0.0307535515719	0.00729830382369	-0.000175755248508	1.0	-0.0139637503931	-0.0479075770153	0.002243556509	-0.00300707174807	-0.0301594201625	-0.0134087525515	0.0300859386423	0.018314895728	-0.00504244886198	0.00307425897221	-0.0229783279133	-0.0459892333037	0.0704553332394	-0.0405516853891	0.0105296345618	-0.000243836972037	0.0250747088184	-0.0220941440039	-0.0323281561524	0.0327841500267	0.0249949131142	0.0494513411288	-0.0675109989528	-0.00535124259721	0.036569087618	-0.0499222630848	0.0112648238981	-0.0432225815981	0.012921018217	0.019596729735	-0.0183314968766	0.0280586913736	0.0625433393156	-0.0399123415575	-0.0171758612456	-0.0351638412481	-0.0434012161249	-0.0160027336788	-0.00626386875032	-0.0190958935889	-0.0262256871402
k__Bacteria;p__Bacteroidetes;c__Bacteroidia;o__Bacteroidales;f__Porphyromonadaceae;g__Barnesiella;s__Barnesiella_intestinihominis	0.0161345715275	-0.00299197365034	-0.0136780666695	0.0216737504882	-0.00636833988595	0.0129588801125	-0.027568187515	-0.0533537788447	-0.0492545865157	-0.0559056167842	-0.0361204802303	0.0195173594036	0.0010948625659	0.0278570199942	-0.0185287769255	0.0146256549449	0.0466639439228	-0.0139637503931	1.0	0.0475365567769	-0.0634963713764	0.0096143823338	-0.0358644421722	-0.0295973804365	0.0387167274381	-0.0310230208988	0.0513887425873	-0.053704890643	-0.0242241805148	0.052961295385	0.0357350709459	-0.0143721380634	-0.0360211249146	0.00814586742329	0.00981052676546	0.0151299457354	0.0229494520347	-0.100016656206	0.000532793969255	0.0108686421925	-0.00102781455466	-0.0217990321103	-0.060798331303	-0.00730700847168	-0.0259849338644	-0.0675624634088	-0.0392162838907	0.0175209389203	0.018534848802	-0.0359207579434	-0.0085730651088	-0.000196327447292	-0.0636584162903	-0.0513167003396	0.0307874509016	0.00124246126114	-0.0365732602729	0.0371019818742	-0.0112213828238
k__Bacteria;p__Bacteroidetes;c__Bacteroidia;o__Bacteroidales;f__Odoribacteraceae;g__Odoribacter;s__Odoribacter_splanchnicus	-0.00978833486198	-0.00842765928277	0.0157907533579	0.000711433844551	0.00936672369284	0.0193651903639	-0.00728469212127	-0.0098374608729	0.0179549571316	-0.011144156717	0.0330325396927	0.037368000135	-0.0554345391695	0.0115613797037	0.0153949026454	0.00128117668315	0.013981170692	-0.0479075770153	0.0475365567769	1.0	0.036770664754	0.0278700024752	-0.0231723557988	-0.00389789792914	-0.044583879793	-0.00742316309183	0.0654424766162	0.00571594842526	0.0520096367165	0.0346653770297	-0.0093155104477	-0.00594627885401	-0.0187876102451	-0.0843102067878	-0.0558126365176	-0.0639575325014	-0.0195087731327	-0.0507413213936	-0.00459373850315	-0.017157905844	-0.00887734610596	-0.0196625753031	0.0233931145377	-0.0276015571027	0.00594404238721	-0.0139158910618	-0.0302459038314	-0.0273973241751	7.16036062234e-05	-0.014682832024	-0.0350199404304	-0.0210247178954	-0.00050632875041	0.0145866767623	-0.0556479775695	0.0406829701365	-0.0110292921943	-0.0148248190383	-0.00655646566195
k__Bacteria;p__Bacteroidetes;c__Bacteroidia;o__Bacteroidales;f__Bacteroidaceae;g__Bacteroides;s__Bacteroides_salyersiae	-0.0828365711167	0.055293401282	0.028674162195	0.00929990468345	-0.00302123486513	0.0199815977667	-0.0175454592996	-0.0039829680625	0.0628666913145	-0.0222517479938	-0.0439526317309	-0.00640291116441	0.00478941813296	-0.0871601050381	-0.00307965629016	-0.015015604348	-0.0371379637511	0.002243556509	-0.0634963713764	0.036770664754	1.0	-0.00707846758599	0.0301618550442	0.0555581808035	-0.0504124428345	0.00575712036771	0.0263490943592	0.00849858107367	0.0094816326159	0.0535859645259	-0.0348926763706	-0.0119588049664	0.0094005803286	0.0178717169177	-0.0133617962128	0.0227982599261	0.00552754697837	-0.00746254593257	-0.00680358901337	-0.00388000635803	0.0331150949479	0.0109701721695	-0.00248094464884	-0.0205443307861	-0.0558694044978	-0.00675189888835	-0.0298368814685	0.0237889513098	-0.0539302276047	0.0189745201582	-0.058682959031	-0.0387682328239	-0.0236328010705	-0.0708439987295	0.00372998555258	-0.0125878162299	0.00575429722842	5.75045764748e-05	-0.039062986849
k__Bacteria;p__Firmicutes;c__Clostridia;o__Clostridiales;f__Ruminococcaceae;g__Ruminiclostridium;s__[Eubacterium]_siraeum	-0.0249276250606	0.0312603721943	-0.0719676830438	-0.0260821990353	-0.0309373180801	0.0285096825022	0.0460525527461	-0.043923058801	0.00421383516234	-0.0156565507326	-0.0302474163929	-0.0287266270553	-0.0160031316486	-0.0156000482806	0.0279394175638	-0.00156117424458	0.0326238916323	-0.00300707174807	0.0096143823338	0.0278700024752	-0.00707846758599	1.0	0.0316539392277	0.0139657321965	0.000845766059841	0.0175262090905	-0.0109000798147	-0.0166373692761	-0.0505312572339	-0.0628331662498	-0.0565376976828	0.00271958001222	0.00737592018376	-0.0403563557298	0.00286801731257	0.0381368728628	0.0540675682184	0.00841330361333	0.0247986867745	-0.0120522875735	0.0138352991413	0.0078439550377	-0.0158687056203	-0.0166708705692	-0.00159430458561	0.0552959243276	0.0181862500872	0.0238153841069	0.00120156044729	0.00296705137444	-0.0231340001997	-0.0408347319334	-0.0495592836163	-0.00390763910168	-0.0347683516453	-0.0719469788229	-0.0151516388293	-0.00888374533484	0.0192435472399
k__Bacteria;p__Proteobacteria;c__Betaproteobacteria;o__Burkholderiales;f__Sutterellaceae;g__Parasutterella;s__Parasutterella_excrementihominis	0.0129211592553	-0.0336978875756	-0.0367063257106	-0.0252726732436	-0.0203384635624	-0.0116710509886	-0.0616799018318	-0.0380461765187	-0.00258221047013	-0.0293846700154	0.0132167274506	-0.00183350745198	0.0277294877038	0.0151560122926	-0.0867503798743	0.0314888501423	0.0259661048845	-0.0301594201625	-0.0358644421722	-0.0231723557988	0.0301618550442	0.0316539392277	1.0	0.0587618739375	-0.0438460941151	0.0224704367253	-0.00828387218128	0.00490028561715	0.0255408974532	-0.047680331031	0.0160401706844	-0.0186443436154	-0.0233395206674	-0.00960186816799	-0.0460373779469	0.0161425862204	-0.0186361340263	-0.0367894218423	0.0654959538748	0.00167647334691	-0.0189035818984	-0.0409438222501	9.40623853039e-05	-0.0385202156	0.0574855865251	0.0138526463173	-0.00117800558802	-0.0298844106291	0.0113320892862	-0.0349862035945	0.00949641272747	0.0148886699134	-0.00536152487181	-0.0593971192278	0.00959621569641	-0.0279313100212	0.00773274354802	-0.0160746569244	0.0116380329685
k__Bacteria;p__Actinobacteria;c__Actinobacteria;o__Bifidobacteriales;f__Bifidobacteriaceae;g__Bifidobacterium;s__Bifidobacterium_adolescentis	0.0189156031672	0.060934898414	-0.0069157799509	0.0241368963667	-0.00897173455516	-0.000548293205965	0.0110298089854	-0.0427147748389	-0.0251737335148	-0.0548316642099	-0.072131175359	-0.0429154605999	-0.0298361701987	0.00792311693656	0.0124629948967	-0.0229394810706	-0.0500692398914	-0.0134087525515	-0.0295973804365	-0.00389789792914	0.0555581808035	0.0139657321965	0.0587618739375	1.0	0.00149826626958	-0.000436675528628	0.0450748870603	-0.0515242634292	-0.0031252950774	0.00316353234135	-0.0388561965546	-0.0307351330306	-0.0430400500403	0.00210542858214	-0.0370773539848	-0.0198928540486	0.00422033038059	0.00309376162243	-0.00758205044041	0.0060062106461	0.0203022268559	0.00425669744733	-0.0268872808235	0.0174255736039	0.0341382608453	0.0483746947548	-0.0606622919998	-0.0311061026927	0.00395860791192	-0.0104585092481	0.00468853867513	-0.0394359985438	0.0181415909845	-0.036468678475	-0.00914627078483	-0.0337907072097	-0.0720143156134	0.0158275530795	-0.0393613678921
k__Bacteria;p__Firmicutes;c__Clostridia;o__Clostridiales;f__Oscillospiraceae;g__Oscillibacter;s__Oscillibacter_sp._KLE_1745	-0.0364173136118	-0.0494851469967	-0.0374458797546	-0.00912909077093	-0.0140733013786	-0.0134796479215	-0.010419500128	0.01535730697	-0.0116217683737	-0.0517119966034	-0.00338553608465	0.0246903111707	0.0313620019512	0.00444252710399	-0.0112358352985	0.0383702223418	0.0196488981268	0.0300859386423	0.0387167274381	-0.044583879793	-0.0504124428345	0.000845766059841	-0.0438460941151	0.00149826626958	1.0	-0.0591693958993	-0.0452113558111	-0.0201740424441	0.00579930160917	-0.0125046899399	-0.00178805141838	-0.0199082873886	0.035911401722	-0.0440034758518	-0.0440851640326	-0.00107447571515	0.00889572304779	-0.0159763098557	0.0310591041054	-0.040927833092	-0.0447402860551	-0.0529949692636	-0.0229142075628	0.0181293581143	0.0483344661426	-0.025362824829	-0.0163865687127	-0.0189803877971	0.00750950881941	-0.00362855288924	0.0319966473583	0.00137204478661	-0.0760808735994	-0.0184584492999	-0.00823050922851	-0.00702689793426	-0.000224588113503	-0.0331589853055	-0.00611128192856
k__Bacteria;p__Bacteroidetes;c__Bacteroidia;o__Bacteroidales;f__Bacteroidaceae;g__Bacteroides;s__Bacteroides_coprophilus	0.0491906670599	0.030621186558	-0.054374399961	0.0346718780884	-0.0392252353573	-0.00107837582063	-0.0352124193113	-0.00966924403187	0.0227913638754	-0.037042595224	0.0201543825031	-0.0102853327014	-0.101557289017	0.0210812876403	0.0455678667986	-0.0296172251356	-0.0600894875616	0.018314895728	-0.0310230208988	-0.00742316309183	0.00575712036771	0.0175262090905	0.0224704367253	-0.000436675528628	-0.0591693958993	1.0	-0.00956527176997	0.0503987257068	0.0309273002964	0.044633051276	-0.000546906841921	-0.0340721805629	-0.0809971516627	0.000867515518778	-0.0040878345049	-0.0133967265525	-0.00234398308668	0.0110835958506	-0.00861817321974	0.0201382898736	-0.0545863987703	0.019035884112	-0.0333127367055	-0.0119178581392	-0.0239040306368	0.0420206824523	0.0506511569515	-0.0125135870082	0.00118818518544	-0.0162334157597	-0.0245336738244	0.0039912671057	0.0194917088503	-0.0189838668402	-0.0111952957288	-0.00886939206218	-0.00913972416	0.0571283466465	-0.0217968577324
k__Bacteria;p__Firmicutes;c__Clostridia;o__Clostridiales;f__Lachnospiraceae;g__Roseburia;s__Roseburia_intestinalis	-0.0240675765121	0.0436253122802	-0.00141136432393	0.0153057545492	-0.0190581842502	0.0599437451658	0.0661204985843	0.0263480680343	0.0142264276849	-0.00506069008206	-0.0160467660478	-0.0167808238526	-0.0184576536366	0.00779866758844	0.0453331261806	0.0159523204697	-0.0289375589331	-0.00504244886198	0.0513887425873	0.0654424766162	0.0263490943592	-0.0109000798147	-0.00828387218128	0.0450748870603	-0.0452113558111	-0.00956527176997	1.0	-0.0107588189405	-0.0127125776999	-0.0180471267636	-0.0177768708131	-0.0217589391189	-0.0673370101206	-0.0148481405009	-0.00100116115042	0.0308191285287	-0.0410960463697	-0.02364231897	-0.0583931735339	-0.00915889913222	-0.053953097214	0.0112900594865	-0.0558170766392	0.0219813591193	-0.059145358628	-0.0136205934951	-0.0403721982979	0.00311673846097	-0.0270745764009	0.0295944788121	-0.0154461467951	-0.0367440938503	-0.0058746422235	-0.0362045041842	0.0370385231452	-0.0313995459486	-0.0306872825304	-0.0296839363032	0.0556477217241
k__Bacteria;p__Firmicutes;c__Clostridia;o__Clostridiales;f__Lachnospiraceae;g__Roseburia;s__Roseburia_hominis	0.0254148484048	-0.0364026010726	0.0407392335844	-0.00484100125121	-0.00795199851008	-0.0171961837141	0.00659191232908	0.0326283575168	0.043164133198	-0.0172056218994	-0.0154301361729	0.0218612727227	-0.00597663303807	-0.0232090316684	0.00809982623714	-0.0406235992572	-0.0346492941375	0.00307425897221	-0.053704890643	0.00571594842526	0.00849858107367	-0.0166373692761	0.00490028561715	-0.0515242634292	-0.0201740424441	0.0503987257068	-0.0107588189405	1.0	0.0020605136314	-0.0138692409042	0.0454342233823	0.039623577593	0.0325590666037	-0.0664938692859	-0.0401941847851	-0.0201841261387	-0.00839924642131	-0.0438585829337	0.0396654754162	0.031769580332	0.0240945304586	0.0250516804783	0.0863911344473	-0.0627710442629	-0.00787230499844	-2.36699778723e-05	-0.0516066471741	-0.0767859593625	-0.00261830527057	-0.0346342922996	-0.0286114318771	0.0301813042087	-0.0413895247967	-0.0198232008462	-0.00416369685568	-0.0103834581408	-0.00344372621711	-0.051462993053	0.0151289440248
k__Bacteria;p__Bacteroidetes;c__Bacteroidia;o__Bacteroidales;f__Porphyromonadaceae;g__Parabacteroides;s__Parabacteroides_johnsonii	-0.0290802526711	-0.0422143675806	-0.0430432735585	-0.00231298632668	-0.0409132807945	-0.0109264710562	0.00197923069136	-0.016683019484	-0.0796380815808	0.0299598445503	0.0164552795086	-0.0177550149815	-0.030003489798	-0.0181681442577	-0.0512958224421	-0.0119115786183	-0.0156188551128	-0.0229783279133	-0.0242241805148	0.0520096367165	0.0094816326159	-0.0505312572339	0.0255408974532	-0.0031252950774	0.00579930160917	0.0309273002964	-0.0127125776999	0.0020605136314	1.0	-0.0145712717083	-0.0178551441214	-0.0407915141956	0.000703930246608	-0.0429230753544	0.00158690903753	0.0247615783499	0.0422589560331	0.00801776164358	0.0184490937669	-0.0180546359906	0.00593846386886	-0.0428852005279	0.0340946078531	0.0147892038696	-0.00306703844376	-0.0538374658092	-0.0184756007792	0.0423119865055	-0.036517981391	-0.00453360322336	-0.0309700690605	-0.0366655477877	-0.0243832236634	-0.00532479106604	-0.0789577740475	0.0200156057606	0.0111782422613	-0.0148709257675	0.01391442775
k__Bacteria;p__Actinobacteria;c__Actinobacteria;o__Bifidobacteriales;f__Bifidobacteriaceae;g__Bifidobacterium;s__Bifidobacterium_longum	-0.0366132247468	0.0400926568376	-0.0153066396059	0.0188290172543	-0.00555855815666	0.00346124086769	-0.0082039030921	-0.0161650415494	0.0471926576585	-0.0360569039429	-0.00578029360788	-0.0120706024033	0.00244477182589	-0.00260250573255	-0.0204955850297	0.0209940526437	-0.0541479618964	-0.0459892333037	0.052961295385	0.0346653770297	0.0535859645259	-0.0628331662498	-0.047680331031	0.00316353234135	-0.0125046899399	0.044633051276	-0.0180471267636	-0.0138692409042	-0.0145712717083	1.0	-0.024610850292	0.0340761188823	-0.0232246421952	-0.00863955413725	0.0357818126591	-0.0191476238646	-0.0445584708111	-0.00280096641949	-0.00743473602495	-0.0235508059036	-0.0212078935708	0.0202084301453	-0.0174751808046	-0.0393867068517	0.00718787814562	0.0526475118107	-0.024286431547	0.0191304547696	-0.0550512401967	0.0491832881739	-0.0152991747646	0.0217746677546	-0.0217710467386	-0.0102138782817	0.0180121208066	-0.0455276436698	-0.0361362197377	-0.0591345216373	0.0135655707368
