#taxonomy	k__Bacteria;p__Bacteroidetes;c__Bacteroidia;o__Bacteroidales;f__Bacteroidaceae;g__Bacteroides;s__Bacteroides_vulgatus	k__Bacteria;p__Bacteroidetes;c__Bacteroidia;o__Bacteroidales;f__Bacteroidaceae;g__Bacteroides;s__Bacteroides_uniformis	k__Bacteria;p__Bacteroidetes;c__Bacteroidia;o__Bacteroidales;f__Rikenellaceae;g__Alistipes;s__Alistipes_putredinis	k__Bacteria;p__Bacteroidetes;c__Bacteroidia;o__Bacteroidales;f__Prevotellaceae;g__Prevotella;s__Prevotella_copri	k__Bacteria;p__Bacteroidetes;c__Bacteroidia;o__Bacteroidales;f__Bacteroidaceae;g__Bacteroides;s__Bacteroides_stercoris	k__Bacteria;p__Bacteroidetes;c__Bacteroidia;o__Bacteroidales;f__Bacteroidaceae;g__Bacteroides;s__Bacteroides_ovatus	k__Bacteria;p__Bacteroidetes;c__Bacteroidia;o__Bacteroidales;f__Rikenellaceae;g__Alistipes;s__Alistipes_shahii	k__Bacteria;p__Firmicutes;c__Clostridia;o__Clostridiales;f__Ruminococcaceae;g__Faecalibacterium;s__Faecalibacterium_prausnitzii	k__Bacteria;p__Bacteroidetes;c__Bacteroidia;o__Bacteroidales;f__Rikenellaceae;g__Alistipes;s__Alistipes_finegoldii	k__Bacteria;p__Bacteroidetes;c__Bacteroidia;o__Bacteroidales;f__Porphyromonadaceae;g__Parabacteroides;s__Parabacteroides_distasonis	k__Bacteria;p__Bacteroidetes;c__Bacteroidia;o__Bacteroidales;f__Bacteroidaceae;g__Bacteroides;s__Bacteroides_thetaiotaomicron	k__Bacteria;p__Bacteroidetes;c__Bacteroidia;o__Bacteroidales;f__Bacteroidaceae;g__Bacteroides;s__Bacteroides_coprocola	k__Bacteria;p__Bacteroidetes;c__Bacteroidia;o__Bacteroidales;f__Bacteroidaceae;g__Bacteroides;s__Bacteroides_cellulosilyticus	k__Bacteria;p__Bacteroidetes;c__Bacteroidia;o__Bacteroidales;f__Rikenellaceae;g__Alistipes;s__Alistipes_obesi	k__Bacteria;p__Firmicutes;c__Clostridia;o__Clostridiales;f__Lachnospiraceae;g__;s__[Eubacterium]_rectale	k__Bacteria;p__Bacteroidetes;c__Bacteroidia;o__Bacteroidales;f__Bacteroidaceae;g__Bacteroides;s__Bacteroides_plebeius	k__Bacteria;p__Bacteroidetes;c__Bacteroidia;o__Bacteroidales;f__Bacteroidaceae;g__Bacteroides;s__Bacteroides_fragilis	k__Bacteria;p__Proteobacteria;c__Betaproteobacteria;o__Burkholderiales;f__Sutterellaceae;g__Sutterella;s__Sutterella_wadsworthensis	k__Bacteria;p__Bacteroidetes;c__Bacteroidia;o__Bacteroidales;f__Porphyromonadaceae;g__Barnesiella;s__Barnesiella_intestinihominis	k__Bacteria;p__Bacteroidetes;c__Bacteroidia;o__Bacteroidales;f__Odoribacteraceae;g__Odoribacter;s__Odoribacter_splanchnicus	k__Bacteria;p__Bacteroidetes;c__Bacteroidia;o__Bacteroidales;f__Bacteroidaceae;g__Bacteroides;s__Bacteroides_salyersiae	k__Bacteria;p__Firmicutes;c__Clostridia;o__Clostridiales;f__Ruminococcaceae;g__Ruminiclostridium;s__[Eubacterium]_siraeum	k__Bacteria;p__Proteobacteria;c__Betaproteobacteria;o__Burkholderiales;f__Sutterellaceae;g__Parasutterella;s__Parasutterella_excrementihominis	k__Bacteria;p__Actinobacteria;c__Actinobacteria;o__Bifidobacteriales;f__Bifidobacteriaceae;g__Bifidobacterium;s__Bifidobacterium_adolescentis	k__Bacteria;p__Firmicutes;c__Clostridia;o__Clostridiales;f__Oscillospiraceae;g__Oscillibacter;s__Oscillibacter_sp._KLE_1745	k__Bacteria;p__Bacteroidetes;c__Bacteroidia;o__Bacteroidales;f__Bacteroidaceae;g__Bacteroides;s__Bacteroides_coprophilus	k__Bacteria;p__Firmicutes;c__Clostridia;o__Clostridiales;f__Lachnospiraceae;g__Roseburia;s__Roseburia_intestinalis	k__Bacteria;p__Firmicutes;c__Clostridia;o__Clostridiales;f__Lachnospiraceae;g__Roseburia;s__Roseburia_hominis	k__Bacteria;p__Bacteroidetes;c__Bacteroidia;o__Bacteroidales;f__Porphyromonadaceae;g__Parabacteroides;s__Parabacteroides_johnsonii	k__Bacteria;p__Actinobacteria;c__Actinobacteria;o__Bifidobacteriales;f__Bifidobacteriaceae;g__Bifidobacterium;s__Bifidobacterium_longum	k__Bacteria;p__Firmicutes;c__Clostridia;o__Clostridiales;f__;g__Flavonifractor;s__Flavonifractor_plautii	k__Bacteria;p__Firmicutes;c__Clostridia;o__Clostridiales;f__Clostridiaceae;g__Clostridium;s__Clostridium_phoceensis	k__Bacteria;p__Verrucomicrobia;c__Verrucomicrobiae;o__Verrucomicrobiales;f__Akkermansiaceae;g__Akkermansia;s__Akkermansia_muciniphila	k__Bacteria;p__Bacteroidetes;c__Bacteroidia;o__Bacteroidales;f__Prevotellaceae;g__Paraprevotella;s__Paraprevotella_xylaniphila	k__Bacteria;p__Firmicutes;c__Clostridia;o__Clostridiales;f__Ruminococcaceae;g__Ruminococcus;s__Ruminococcus_callidus	k__Bacteria;p__Bacteroidetes;c__Bacteroidia;o__Bacteroidales;f__Rikenellaceae;g__Alistipes;s__Alistipes_senegalensis	k__Bacteria;p__Firmicutes;c__Clostridia;o__Clostridiales;f__Lachnospiraceae;g__Blautia;s__Blautia_sp._KLE_1732	k__Bacteria;p__Bacteroidetes;c__Bacteroidia;o__Bacteroidales;f__Bacteroidaceae;g__Bacteroides;s__Bacteroides_oleiciplenus	k__Bacteria;p__Firmicutes;c__Clostridia;o__Clostridiales;f__Ruminococcaceae;g__Ruminococcus;s__Ruminococcus_bicirculans	k__Bacteria;p__Bacteroidetes;c__Bacteroidia;o__Bacteroidales;f__Bacteroidaceae;g__Bacteroides;s__Bacteroides_fluxus	k__Bacteria;p__Bacteroidetes;c__Bacteroidia;o__Bacteroidales;f__Prevotellaceae;g__Prevotella;s__Prevotella_stercorea	k__Bacteria;p__Firmicutes;c__Clostridia;o__Clostridiales;f__Lachnospiraceae;g__Dorea;s__Dorea_longicatena	k__Bacteria;p__Firmicutes;c__Clostridia;o__Clostridiales;f__Eubacteriaceae;g__Eubacterium;s__[Eubacterium]_eligens	k__Bacteria;p__Firmicutes;c__Clostridia;o__Clostridiales;f__Ruminococcaceae;g__;s__Ruminococcaceae_bacterium_D16	k__Bacteria;p__Firmicutes;c__Clostridia;o__Clostridiales;f__Lachnospiraceae;g__Coprococcus;s__Coprococcus_comes	k__Bacteria;p__Proteobacteria;c__Gammaproteobacteria;o__Enterobacterales;f__Enterobacteriaceae;g__Escherichia;s__Escherichia_coli	k__Bacteria;p__Firmicutes;c__Clostridia;o__Clostridiales;f__Ruminococcaceae;g__Anaerotruncus;s__Anaerotruncus_colihominis	k__Bacteria;p__Firmicutes;c__Clostridia;o__Clostridiales;f__Lachnospiraceae;g__Blautia;s__Blautia_obeum	k__Bacteria;p__Bacteroidetes;c__Bacteroidia;o__Bacteroidales;f__Odoribacteraceae;g__Odoribacter;s__Odoribacter_laneus	k__Bacteria;p__Firmicutes;c__Clostridia;o__Clostridiales;f__Ruminococcaceae;g__Ruminiclostridium;s__[Clostridium]_leptum	k__Bacteria;p__Bacteroidetes;c__Bacteroidia;o__Bacteroidales;f__Porphyromonadaceae;g__Parabacteroides;s__Parabacteroides_goldsteinii	k__Bacteria;p__Firmicutes;c__Clostridia;o__Clostridiales;f__Lachnospiraceae;g__Anaerostipes;s__Anaerostipes_hadrus	k__Bacteria;p__Firmicutes;c__Clostridia;o__Clostridiales;f__Ruminococcaceae;g__Ruminococcus;s__Ruminococcus_lactaris	k__Bacteria;p__Firmicutes;c__Clostridia;o__Clostridiales;f__Clostridiaceae;g__Clostridium;s__Clostridium_sp._L2-50	k__Bacteria;p__Firmicutes;c__Clostridia;o__Clostridiales;f__Clostridiaceae;g__Clostridium;s__Clostridium_sp._M62/1	k__Bacteria;p__Firmicutes;c__Clostridia;o__Clostridiales;f__;g__Intestinimonas;s__Intestinimonas_butyriciproducens	k__Bacteria;p__Actinobacteria;c__Actinobacteria;o__Bifidobacteriales;f__Bifidobacteriaceae;g__Bifidobacterium;s__Bifidobacterium_bifidum	k__Bacteria;p__Firmicutes;c__Negativicutes;o__Veillonellales;f__Veillonellaceae;g__Dialister;s__Dialister_invisus	k__Bacteria;p__Bacteroidetes;c__Bacteroidia;o__Bacteroidales;f__Bacteroidaceae;g__Bacteroides;s__Bacteroides_salanitronis
k__Bacteria;p__Bacteroidetes;c__Bacteroidia;o__Bacteroidales;f__Bacteroidaceae;g__Bacteroides;s__Bacteroides_vulgatus	1.0	0.0630293008046	-0.0760642922545	-0.017096314608	-0.030922137357	0.0175101743317	-0.0217556240144	0.020224398235	-0.0390885065932	0.027074361063	-0.00166283656372	-0.0126969628368	0.056631422624	-0.0330604251667	0.0466477612938	0.00702815706112	0.00944234534484	-0.038411393824	-0.0335853339056	-0.0180500454122	-0.0265114719193	-0.0577518903827	-0.0164893224826	-0.0507656602618	-0.0223758171157	0.0468044395374	-0.0429007459476	-0.0745874665134	-0.0331831081517	-0.0294370126579	-0.0536824011724	0.0193763134922	0.0316096757433	-0.0173225571882	0.0156312145154	-0.0184545033451	0.0343034081284	-0.0256368979359	0.0113781070656	0.0453783412081	-0.0724020150998	0.0227812730337	0.0338040208739	-0.0103573998189	-0.0377868995331	-0.0183379628799	-0.0596311579306	0.0220090574794	0.0305644000222	0.0458814416243	-0.0394902141931	-0.0221495516026	0.0194712277993	-0.0359090338618	-0.0181078850639	0.0671929817122	0.0073348202139	0.0192989999575	-0.0818070363382
k__Bacteria;p__Bacteroidetes;c__Bacteroidia;o__Bacteroidales;f__Bacteroidaceae;g__Bacteroides;s__Bacteroides_uniformis	0.0630293008046	1.0	0.00287631469647	0.039266834822	0.0749538382421	-0.00437065390181	-0.00470198179303	0.0520333006271	-0.00225932030635	-0.0249861996861	0.0426170142034	-0.0252417383616	-0.01888819526	0.0079256016699	0.0594081928615	-0.037744751952	0.0422583190938	0.0284691395464	0.0382063594598	0.00527725386026	-0.0087943947407	0.0130582734263	0.0293662641448	-0.0271417814024	-0.035178315125	-0.0111744472415	-0.0854650970401	-0.0355086719855	-0.0451490689885	-0.0622106731965	0.0416815253557	-0.0290052948784	0.00560788910659	0.0352011743884	-0.00825426116138	0.0341534760204	-0.00838009757604	0.0138314891904	0.000753543145568	-0.0346957393143	-0.0369215871051	-0.018123945472	0.0413050121337	-0.00997161230005	-0.00407337572033	-0.00284806451143	-0.0250615932335	-0.040495578011	0.00834847030332	0.0178430013658	0.0239744680516	-0.0108708889126	-0.0055202086184	-0.10772012804	-0.0229114425726	-0.00314454056502	0.00960725860887	0.0226488600001	0.00652318412466
k__Bacteria;p__Bacteroidetes;c__Bacteroidia;o__Bacteroidales;f__Rikenellaceae;g__Alistipes;s__Alistipes_putredinis	-0.0760642922545	0.00287631469647	1.0	0.0216681465789	0.033048208812	-0.0506240249345	0.0213125186817	-0.0241073745684	0.000169989154752	-0.0207801953359	0.0284234678787	-0.0586162954781	0.0224006430099	-0.06258482936	0.00180295182119	-0.000266084913912	-0.00670628003176	0.0620556346835	0.000496531536471	0.0140368740348	-0.00840196282475	0.0685847495522	-0.0212063198093	0.00985107698707	-0.020600684211	-0.0748648467137	0.0428737321625	0.00143273846127	0.0174907366521	-0.0733591812443	0.00340925759897	0.0240210102037	-0.0684863733598	-0.0308573837751	-0.00691196091769	-0.0131000451604	0.0204559106615	0.011559330081	-0.0010788383373	0.0452566398823	-0.0142281478211	-0.0136173575714	-0.0524811971289	0.0515679157641	0.0289784251264	0.0117589295889	0.0730563759601	-0.00297439885659	-0.0331099795112	-0.0295908075179	0.00060101529742	-0.00162422158951	0.00829149821152	-0.0136654027388	-0.0438376876957	-0.0410389812974	-0.012002141824	0.0092971749249	-0.0235593817664
k__Bacteria;p__Bacteroidetes;c__Bacteroidia;o__Bacteroidales;f__Prevotellaceae;g__Prevotella;s__Prevotella_copri	-0.017096314608	0.039266834822	0.0216681465789	1.0	0.0211981408088	-0.0431226640324	0.0220494771994	0.0189593836928	-0.0735919356157	0.0103505824133	0.0221206262333	-0.00235783765955	-0.0412442186717	-0.0131862814642	0.00516955145363	-0.0665827203594	-0.00368661470408	-0.00596690991491	-0.0209991649449	-0.000812696141423	-0.0417976294904	-0.0368920622064	0.0202040665002	0.00156000651835	-0.0628957606944	-0.00773389889647	0.000213377178408	0.00241517581925	-0.0349176941147	-0.0477634001203	0.0627366266787	0.0181034667855	0.00624740822679	0.0441478900842	-0.0468051825029	-0.0547038654496	-0.0960552057627	0.0028947215183	-0.0204545737886	-0.00824041150582	-0.0167265002041	0.0184072834249	-0.0140587303922	-0.0561547094274	-0.00706674330089	-0.0376199499967	-0.00864628348971	-0.0424980430817	-0.00423887354611	-0.0181060816891	-0.0337649805109	0.0203168027022	0.0598388301757	0.0313762041527	-0.0392943885395	0.00753919906741	0.0169880544656	-0.0242847169646	-0.0410965216992
k__Bacteria;p__Bacteroidetes;c__Bacteroidia;o__Bacteroidales;f__Bacteroidaceae;g__Bacteroides;s__Bacteroides_stercoris	-0.030922137357	0.0749538382421	0.033048208812	0.0211981408088	1.0	0.00365942129159	0.0207319233348	-0.0287690246394	-0.0114744908521	0.0307030023884	-0.0353026843705	-0.000438857811155	-0.00776243045503	-0.0159304963583	0.00681431160181	-0.0661126296296	-0.0172965393037	-0.0456846695602	0.0233958643376	-0.00676863731263	-0.0560214860522	-0.0158762287847	-0.0278080798005	0.00681853976518	-0.0123810429555	-0.0254682074014	-0.000357200200416	-0.0233258325619	-0.0181081821997	-0.0153651244863	-0.0186801031243	0.0183567185984	-0.000977838334914	0.0155650691708	-0.0686160711277	-0.0227529489354	0.0193292126174	0.0564345689847	0.046791991196	-0.0141823229699	-0.0254612465496	-0.0352478773944	-0.0226399969693	-0.00658009462444	-0.0217807124731	0.0574009576245	-0.00814351821071	-0.0184832442187	-0.00601516756278	-0.00159948470978	0.0143776417392	0.046146357729	0.000581484147926	0.0533182721647	-0.00265885492691	-0.0135833333057	0.010867511347	-0.0662466687213	-0.0116161375432
k__Bacteria;p__Bacteroidetes;c__Bacteroidia;o__Bacteroidales;f__Bacteroidaceae;g__Bacteroides;s__Bacteroides_ovatus	0.0175101743317	-0.00437065390181	-0.0506240249345	-0.0431226640324	0.00365942129159	1.0	0.0116349411772	0.00967730121332	0.0034557660358	-0.0264232466205	0.0069890510774	-0.0352630938008	-0.00400354088453	0.0380269205665	0.0537869885352	-0.034720807134	0.0301170548392	-0.0011118781838	0.0341675776242	0.0207273364299	0.00627975970912	0.0137206347069	-0.0140157925406	0.0104999359846	0.0423916460038	0.00304133081446	-0.0275931924762	0.0245349471678	0.0513720977879	0.0214220516619	-0.0326760839788	-0.000599254285033	0.0337345446791	0.0308617861378	0.0239420330771	0.0546675314201	-0.0461275540225	-0.021802148673	-0.0351615137873	0.0134620074099	-0.00290309446002	-0.0342467821164	0.01329385095	0.0746202536374	-0.0171471492716	0.0331388916429	-0.017795583762	0.0415795816308	-0.00672005305641	-0.0289084752548	-0.0188459604959	-0.0857214417609	-0.0442088489753	-0.0411589578575	-0.0683227506099	0.0211838114109	-0.010214725736	0.00917831021888	-0.00212118582477
k__Bacteria;p__Bacteroidetes;c__Bacteroidia;o__Bacteroidales;f__Rikenellaceae;g__Alistipes;s__Alistipes_shahii	-0.0217556240144	-0.00470198179303	0.0213125186817	0.0220494771994	0.0207319233348	0.0116349411772	1.0	-0.0487170563187	0.0218209328176	0.0346250879253	0.00216659283368	0.0515295617486	-0.0123887553768	-0.0115006581278	0.0265787413329	0.00491359895437	-0.0437882088836	-0.00873931627267	-0.0523641171277	-0.0170825176292	-0.0568826553485	-0.0176369822343	-0.0145362865291	-0.00228492658074	-0.0643255483717	0.00566355402241	-0.0141849366417	0.0223877423293	-0.043728613414	-0.0133011014863	0.0502681210833	-0.0127235115453	-0.0184084258626	0.0329781244908	-5.34508925283e-06	-0.0245739159547	0.00854279912985	-0.0143338134022	-0.0535057285346	-0.0313751590376	-0.0390928949404	-0.00709373592434	-0.047505832949	-0.00757297773738	-0.0436304759226	-0.0135035329419	-0.00992188924131	0.0790468481656	-0.0611243779042	0.00617773460769	0.0567570241852	-0.0196385882277	-0.0449358712721	-0.00886536966006	-0.0205077581116	0.0263167881075	0.00658432724674	-0.0135939431231	-0.0109653314251
k__Bacteria;p__Firmicutes;c__Clostridia;o__Clostridiales;f__Ruminococcaceae;g__Faecalibacterium;s__Faecalibacterium_prausnitzii	0.020224398235	0.0520333006271	-0.0241073745684	0.0189593836928	-0.0287690246394	0.00967730121332	-0.0487170563187	1.0	-0.0397729593218	-0.0180238788974	-0.0272265685331	0.00349908220923	-0.0309408217718	-0.0228295541814	0.0231658574179	-0.0483484259879	-0.024014695053	0.010777807376	-0.0543319445401	-0.00957875812461	-0.0384707312781	0.0285573582199	0.0304847395176	-0.0207376699496	-0.0533188316908	-0.0151153459616	-0.000381317951218	-0.0410006614599	-0.0124982052777	0.0565651176215	0.0825417724961	0.0184808686966	-0.00718317137678	-0.0136198733402	-0.0184566954374	0.00357043247619	0.00841295365501	0.0278226921525	-0.0449434764734	-0.0368206031493	0.0520759722592	-0.0743588984319	-0.0466086593276	0.00839067461266	-0.00330579238412	-0.0666115065075	-0.000547763917107	0.022551332218	-0.0263149030247	0.0126628876424	0.0061143372062	-0.00546019238558	0.0298890391605	-0.0204571453338	-0.0188813291735	-0.0121879307347	-0.0227299830809	0.00565809715322	-0.0205730498652
k__Bacteria;p__Bacteroidetes;c__Bacteroidia;o__Bacteroidales;f__Rikenellaceae;g__Alistipes;s__Alistipes_finegoldii	-0.0390885065932	-0.00225932030635	0.000169989154752	-0.0735919356157	-0.0114744908521	0.0034557660358	0.0218209328176	-0.0397729593218	1.0	0.00690701725075	0.049181285124	-0.0271896739321	-0.0158915294156	0.0632316692391	-0.0467499313796	0.0382477054011	-0.00768155913679	-0.0462486187661	-0.00646865166285	0.0153141895439	-0.0312537716271	0.029087108081	0.0189317695753	-0.00784579944354	0.0482647611032	0.0420603896862	0.0222298193999	-0.00291931168725	-0.0192704347139	-0.0100555778257	0.0220566811897	0.0275664220054	-0.0227591438224	-0.0739858446973	0.0116411560881	-0.0363880513073	0.0371482113097	-0.0620498941408	-0.0111114797585	-0.0320088360308	-0.00625386142087	-0.0383502184744	-0.0295670816262	-0.0228632238169	-0.00971061971525	-0.0425508530321	-0.0655252476645	0.0117512634819	-0.00106389548847	-0.021622489516	-0.0343755613346	0.0296762026505	-0.0807590577809	-0.0445999754665	0.000932308366845	-0.0140253041158	-0.0338682598218	-0.000411264926518	-0.0404782989402
k__Bacteria;p__Bacteroidetes;c__Bacteroidia;o__Bacteroidales;f__Porphyromonadaceae;g__Parabacteroides;s__Parabacteroides_distasonis	0.027074361063	-0.0249861996861	-0.0207801953359	0.0103505824133	0.0307030023884	-0.0264232466205	0.0346250879253	-0.0180238788974	0.00690701725075	1.0	0.000804289408118	0.00145228060255	0.00603210316642	-0.00543299101807	-0.00571093510421	-0.00299631307351	0.0303479483425	0.00243665107753	-0.0164347946903	-0.0326366570748	-0.0119798954079	-0.0608623816142	-0.00408244847456	-0.00500202470646	-0.0710228136819	-0.00938470048736	-0.00147127261275	0.0247678123653	-0.0216783019521	0.0164723208511	-0.0129830156289	-0.00272848128218	-0.0441494689199	-0.0405134860479	-0.0498275082264	0.0162089542331	0.0354953054853	0.0266621684886	0.00192765771555	0.021427568504	-0.0394376346285	-0.02596572735	0.025370787621	-0.0564113533125	0.0110848180793	0.0355153891515	-0.018650764427	0.0201323494647	-0.0156886601902	0.0357773465879	-0.0291490086569	0.0329319462817	0.00588687825308	-0.0323960556855	0.0247713645372	-0.040184203345	-0.0578844506365	-0.0250412903681	0.00674495795715
k__Bacteria;p__Bacteroidetes;c__Bacteroidia;o__Bacteroidales;f__Bacteroidaceae;g__Bacteroides;s__Bacteroides_thetaiotaomicron	-0.00166283656372	0.0426170142034	0.0284234678787	0.0221206262333	-0.0353026843705	0.0069890510774	0.00216659283368	-0.0272265685331	0.049181285124	0.000804289408118	1.0	-0.0346738011815	-0.0473644298462	-0.00152314511585	-0.00469200859147	-0.0163221525598	-0.00462078493157	-0.0635628927792	-0.0212081162784	0.0329517877355	-0.0171505449904	-0.00888163077182	-0.00265334325082	-0.025595461722	-0.0278220072063	-0.029463323131	-0.0451888068604	-0.104207493754	0.0187420508402	0.0221141738373	0.0178225375326	0.00272725264595	0.00979450595071	-0.0160855526934	-0.0676063785607	-0.00798664010202	0.00439394507494	-0.034750329431	-0.0577058913164	0.0252611828248	0.033471706518	-0.0223170925845	-0.0333521102248	-0.0262550500569	-0.0304048250179	-0.0595583652793	-0.0104002653464	-0.0535683148027	-0.0238680368594	0.00693322164379	-0.0217765272701	-0.0324724648805	-0.0154269890214	-0.00494690617259	-0.0124947332024	-0.034026981031	-0.0172667386911	-0.0324450974339	0.0522338825766
k__Bacteria;p__Bacteroidetes;c__Bacteroidia;o__Bacteroidales;f__Bacteroidaceae;g__Bacteroides;s__Bacteroides_coprocola	-0.0126969628368	-0.0252417383616	-0.0586162954781	-0.00235783765955	-0.000438857811155	-0.0352630938008	0.0515295617486	0.00349908220923	-0.0271896739321	0.00145228060255	-0.0346738011815	1.0	-0.0258883093035	-0.00254717312905	-0.0383680242632	-0.0298099091235	0.100093665131	-0.0235817546875	0.00451017582433	0.0205298915614	-0.120280233573	-0.0231069291597	0.00639115692885	0.0257017102139	-0.0269429416365	0.0425044169831	-0.0308077133434	0.0630779469463	0.0073123779028	-0.0167035648953	0.0228339887869	-0.0258613882165	-0.0122529821995	-0.0913102113507	0.0210843866316	-0.0489256855231	0.0452964678696	0.0138691782988	-0.0360625943977	-0.00533761756127	0.00794768341944	-0.0160381223697	-0.0335368485371	0.0331023208502	-0.00661793654738	-0.00146973799063	-0.0348050894523	0.0102681422408	-0.0118949812853	0.08452839781	-0.0046015497565	-0.00349049272617	-0.105369112994	0.0249628552156	0.034629303034	0.00123482945118	-0.0213198617646	-0.0151624456891	0.0487022652376
k__Bacteria;p__Bacteroidetes;c__Bacteroidia;o__Bacteroidales;f__Bacteroidaceae;g__Bacteroides;s__Bacteroides_cellulosilyticus	0.056631422624	-0.01888819526	0.0224006430099	-0.0412442186717	-0.00776243045503	-0.00400354088453	-0.0123887553768	-0.0309408217718	-0.0158915294156	0.00603210316642	-0.0473644298462	-0.0258883093035	1.0	-0.0270052505892	-0.0166018743224	0.0666270136299	-0.0287929182813	0.0336664316221	0.0110543926564	0.0278632993286	0.0205985145677	-0.00527620298018	0.0540096012713	0.0183244659109	0.00477996425738	0.00535288460693	-0.0584309867877	-0.0854854228176	-0.0205606540646	-0.0694805986911	-0.0642107042381	0.00746754979711	0.02770789719	-0.0487269510085	0.0353227261954	-0.0106507061136	-0.0535398128274	0.0220639993929	-0.0470401855642	-0.0180862343448	0.0143645130188	0.0095153764653	-0.00239777284456	-0.0067384687556	-0.00161108996385	-0.00419313127354	-0.0664366544977	-0.0602882352387	0.0126096355986	0.0988294645754	0.00264316094431	0.0231070647735	-0.0195598086517	-0.0557009038145	0.0142406637312	0.00136534272139	-0.0175691860647	-0.0151477381953	-0.000346456553928
k__Bacteria;p__Bacteroidetes;c__Bacteroidia;o__Bacteroidales;f__Rikenellaceae;g__Alistipes;s__Alistipes_obesi	-0.0330604251667	0.0079256016699	-0.06258482936	-0.0131862814642	-0.0159304963583	0.0380269205665	-0.0115006581278	-0.0228295541814	0.0632316692391	-0.00543299101807	-0.00152314511585	-0.00254717312905	-0.0270052505892	1.0	0.0406766094323	-0.0158358258712	-0.0383989377525	-0.01674321834	-0.0145117066693	-0.0175448242356	0.0363103146002	-0.0270918642253	-0.0523422311131	-0.0538213180424	0.00664670919843	-0.0241874763437	-0.0283205495537	0.0567190298184	-0.000682867152634	-0.0235613636426	-0.00522293073887	-0.0556302737299	0.0134498868579	0.0376703369393	0.00308156814129	0.0317592549068	0.0119826136837	-0.0244428959551	0.0494798739897	-0.062430637137	-0.0193167111384	-0.0209894441898	-0.0164703475747	0.0855131772532	0.0361880240194	0.0113665983806	0.024657482904	0.012304248128	0.0315914687487	0.0138989718713	-0.0672377239186	0.0469169627676	-0.0556910513838	-0.0506613125063	0.00269621911937	0.0191202055959	-0.0472051396571	-0.00983066975777	-0.0132931599019
k__Bacteria;p__Firmicutes;c__Clostridia;o__Clostridiales;f__Lachnospiraceae;g__;s__[Eubacterium]_rectale	0.0466477612938	0.0594081928615	0.00180295182119	0.00516955145363	0.00681431160181	0.0537869885352	0.0265787413329	0.0231658574179	-0.0467499313796	-0.00571093510421	-0.00469200859147	-0.0383680242632	-0.0166018743224	0.0406766094323	1.0	0.00119218054969	-0.00454654170169	-0.0217321446806	0.0270828141455	-0.0371996289947	-0.0275087569749	0.0444681405156	-0.0460721683696	-0.0308445333428	0.00584615305722	0.0326288992907	-0.044666716162	0.0135064918468	0.0141211044238	0.0143722975925	-0.0026211540404	0.00588566376396	0.044316328902	-0.0117288599404	-0.0643439504218	-0.0742907535115	0.0224309788081	-0.0535042018833	0.0320448357527	0.0367670069966	0.0589714474113	0.0327469470218	-0.0189831317311	0.00588375307637	-0.0387199736745	-0.094623540974	0.0407087843861	0.0359942251476	0.0082647725206	-0.0111827068947	0.0158108515998	-0.0643433208994	-0.0165460126927	-0.0166663804304	-0.0472345445839	0.0324089321571	-0.0205317272425	0.0143838683946	0.00829173230651
k__Bacteria;p__Bacteroidetes;c__Bacteroidia;o__Bacteroidales;f__Bacteroidaceae;g__Bacteroides;s__Bacteroides_plebeius	0.00702815706112	-0.037744751952	-0.000266084913912	-0.0665827203594	-0.0661126296296	-0.034720807134	0.00491359895437	-0.0483484259879	0.0382477054011	-0.00299631307351	-0.0163221525598	-0.0298099091235	0.0666270136299	-0.0158358258712	0.00119218054969	1.0	-0.0562543168009	-0.0430056271411	0.00573465951337	-0.0118740275474	0.00889903747047	0.00743540130436	-0.0133691831974	0.0464678120213	-0.0499321649022	0.00600015695838	0.00474171234758	-0.00247057161072	-0.00232546402477	0.0196587709176	-0.0897362333663	0.00302013973094	-0.0114214961647	-0.0335481126884	0.0279312462725	0.0155767434886	-0.00923731381329	-0.0410164839898	0.0244303929591	-0.0283660639037	0.0466054473426	-0.0163851670188	-0.00305285398702	0.0139185830967	-0.00623574455453	0.0194209499476	-0.00207176024027	0.0459166157553	-0.000689144660359	0.0330370839044	0.00858313024612	0.0268124585312	-0.0518500124799	0.0348090430585	-0.0107957263769	-0.0299851833576	0.033340721018	0.0620340985518	0.0143509617647
k__Bacteria;p__Bacteroidetes;c__Bacteroidia;o__Bacteroidales;f__Bacteroidaceae;g__Bacteroides;s__Bacteroides_fragilis	0.00944234534484	0.0422583190938	-0.00670628003176	-0.00368661470408	-0.0172965393037	0.0301170548392	-0.0437882088836	-0.024014695053	-0.00768155913679	0.0303479483425	-0.00462078493157	0.100093665131	-0.0287929182813	-0.0383989377525	-0.00454654170169	-0.0562543168009	1.0	-0.0728714219401	0.00452900256686	-0.00695406111301	-0.0012613153726	0.041356273356	0.0610109896441	-0.0512805824523	-0.0139130216239	-0.0431873722145	0.0415185686296	0.0390804171068	-0.0567621543201	-0.057678523225	-0.0658692285917	-0.0316755876485	0.0363406111573	-0.0194766106331	-0.0048136468084	-0.00731227335623	-0.00321611579639	0.00458212530106	0.11781616742	0.0413912564631	-0.0270622972584	0.0588993146232	0.0482391361001	-0.0158701269773	-0.0271079098813	-0.0156569881975	0.00685753935335	-0.01049217302	-0.0444003910044	-0.0327508079132	-0.0668012167905	-0.0632730140656	0.0135481789522	0.0115242375672	-0.00979460410901	0.00200823585754	-0.007852018428	-0.00733317778027	-0.0179455170548
k__Bacteria;p__Proteobacteria;c__Betaproteobacteria;o__Burkholderiales;f__Sutterellaceae;g__Sutterella;s__Sutterella_wadsworthensis	-0.038411393824	0.0284691395464	0.0620556346835	-0.00596690991491	-0.0456846695602	-0.0011118781838	-0.00873931627267	0.010777807376	-0.0462486187661	0.00243665107753	-0.0635628927792	-0.0235817546875	0.0336664316221	-0.01674321834	-0.0217321446806	-0.0430056271411	-0.0728714219401	1.0	0.0169330143997	-0.0436144569603	0.00951526639403	-0.00630641486926	-0.0541508715627	0.0370339136685	0.0416638307794	0.00324418823145	0.00858656243174	-0.00241649066389	-0.0311124189448	-0.0344464622835	1.15864121307e-06	-0.0355969442061	0.0079086162195	-0.0276992183053	-0.0271107126412	-0.0143722566356	0.00586676969409	0.0251891165057	0.0268844504725	-0.0642677385203	0.00155042699422	-0.0263989043545	0.026426514289	-0.00517793354956	-0.03248096586	-0.0283159666745	0.0609800868063	0.00696633650997	-0.0259337877114	0.0662959915787	0.00949949038051	-0.0189180623296	-0.0214303299324	-0.0176375230021	0.0021497503659	0.0337621693988	-0.057800051871	-0.00572636910012	-0.0387082760815
k__Bacteria;p__Bacteroidetes;c__Bacteroidia;o__Bacteroidales;f__Porphyromonadaceae;g__Barnesiella;s__Barnesiella_intestinihominis	-0.0335853339056	0.0382063594598	0.000496531536471	-0.0209991649449	0.0233958643376	0.0341675776242	-0.0523641171277	-0.0543319445401	-0.00646865166285	-0.0164347946903	-0.0212081162784	0.00451017582433	0.0110543926564	-0.0145117066693	0.0270828141455	0.00573465951337	0.00452900256686	0.0169330143997	1.0	-0.00148793289679	0.00548709088606	-0.076716885821	0.0128740442158	0.0547357310725	-0.0134094174816	0.0131881094632	-0.00620416237497	0.00901371155531	0.0216175953445	0.0318935159165	0.0103318775884	-0.0257325250053	-0.0223698717561	0.0129530561117	0.0180158114054	-0.00137349775824	0.0147221075357	-0.0366639292687	-0.051081248011	-0.00554822389651	0.0526760600728	0.00180243923158	-0.0389477359847	-0.0278793766126	0.0118049492201	-0.0365928652551	-0.00420858034738	-0.0425815713595	-0.00907778792574	-0.0385025762154	-0.0871902370706	0.0423160476394	-0.0115099547086	-0.061473067285	-0.0176148695377	-0.00851861896385	-0.0633397061117	0.00323230312752	0.00642362910646
k__Bacteria;p__Bacteroidetes;c__Bacteroidia;o__Bacteroidales;f__Odoribacteraceae;g__Odoribacter;s__Odoribacter_splanchnicus	-0.0180500454122	0.00527725386026	0.0140368740348	-0.000812696141423	-0.00676863731263	0.0207273364299	-0.0170825176292	-0.00957875812461	0.0153141895439	-0.0326366570748	0.0329517877355	0.0205298915614	0.0278632993286	-0.0175448242356	-0.0371996289947	-0.0118740275474	-0.00695406111301	-0.0436144569603	-0.00148793289679	1.0	0.0412210913582	-0.0495946899636	-0.0228824190671	-0.0276496331524	-0.0126873410812	-0.0287649812243	0.0508205655097	-0.00533540270064	-0.0215225363416	-0.0394836546699	0.00618022206668	-0.0124780008456	-0.0188909538833	0.0186684685172	-0.0115458656391	-0.0418154202607	-0.0111516525011	-0.002503070635	0.0447133770037	0.00454773365161	0.0546535430408	-0.0637944883141	-0.0407801187632	0.0188035011245	0.0349263496873	-0.0367912985192	-0.113493889933	-0.00372280741879	0.0353016926202	0.0359129355049	-0.00031403352549	-0.0407994064322	-0.0613215532548	-0.00452740586863	-0.00199039486777	-0.0419703710618	-0.0399217109044	0.0235797380513	-0.0237200710681
k__Bacteria;p__Bacteroidetes;c__Bacteroidia;o__Bacteroidales;f__Bacteroidaceae;g__Bacteroides;s__Bacteroides_salyersiae	-0.0265114719193	-0.00879439474071	-0.00840196282475	-0.0417976294904	-0.0560214860522	0.00627975970912	-0.0568826553485	-0.0384707312781	-0.0312537716271	-0.0119798954079	-0.0171505449904	-0.120280233573	0.0205985145677	0.0363103146002	-0.0275087569749	0.00889903747047	-0.0012613153726	0.00951526639403	0.00548709088606	0.0412210913582	1.0	-0.0466814655388	0.0365962697984	-0.00761019779539	-0.0335562731025	-0.0142231142378	-0.0173309685762	-0.0318572496449	-0.0278029773572	-0.000348140370103	-0.0204267654575	-0.00659311542987	-0.0226996415774	0.0726473077388	0.0276514010157	0.0450017822723	0.0119213341008	-0.0406708679589	0.0170795930866	0.0022636318646	0.00106960235452	0.00822046810335	-0.014501329555	-0.0160787535477	0.0212021674038	0.0258375707821	-0.0126782365876	0.0215884968113	0.0145389125297	0.00672459936311	0.0423577279324	0.0163346695025	-0.00646434075283	0.0362311422012	-0.0387608743945	-0.069425094359	-0.0458589936181	-0.0149617993326	-0.00715775478545
k__Bacteria;p__Firmicutes;c__Clostridia;o__Clostridiales;f__Ruminococcaceae;g__Ruminiclostridium;s__[Eubacterium]_siraeum	-0.0577518903827	0.0130582734263	0.0685847495522	-0.0368920622064	-0.0158762287847	0.0137206347069	-0.0176369822343	0.0285573582199	0.029087108081	-0.0608623816142	-0.00888163077182	-0.0231069291597	-0.00527620298018	-0.0270918642253	0.0444681405156	0.00743540130436	0.041356273356	-0.00630641486926	-0.076716885821	-0.0495946899636	-0.0466814655388	1.0	0.0395271608712	-0.0544237274484	-0.0432283454046	-0.0277813047624	-0.000688765157259	-0.00215145247591	-0.0353874848565	-0.0177313441938	-0.0229917943746	-0.0165223140954	0.0315703298207	-0.0168959882584	0.0582474779338	0.0555728445611	0.0142168139357	-0.02740268246	0.010625587422	-0.00228581785784	0.0122987761536	-0.0519813692901	-0.0149519511361	-0.0150980846859	0.0156677211682	-0.0566799672124	0.0461103605677	-0.0395868969132	-0.0591377839733	0.0298009436256	-0.0327400069233	0.0572164202842	0.0439659109209	-0.0283570931435	0.0241929899757	0.036390230053	-0.0402797633617	-0.0270544510072	-0.0162915814242
k__Bacteria;p__Proteobacteria;c__Betaproteobacteria;o__Burkholderiales;f__Sutterellaceae;g__Parasutterella;s__Parasutterella_excrementihominis	-0.0164893224826	0.0293662641448	-0.0212063198093	0.0202040665002	-0.0278080798005	-0.0140157925406	-0.0145362865291	0.0304847395176	0.0189317695753	-0.00408244847456	-0.00265334325082	0.00639115692885	0.0540096012713	-0.0523422311131	-0.0460721683696	-0.0133691831974	0.0610109896441	-0.0541508715627	0.0128740442158	-0.0228824190671	0.0365962697984	0.0395271608712	1.0	-0.0118426149162	0.0242419165184	-0.015019186305	-0.0408146527753	-0.0154343879022	0.0315414163433	0.00933802322269	-0.0149247506392	-0.00744381975679	0.00373984296162	-0.0493113837018	0.0166485289683	0.0456657651357	0.0260581382377	0.0256906111487	-0.0350566458297	-0.024812174527	-0.0222383218159	-0.0238046472469	-0.0737661068313	0.0436220088762	-0.0281497528505	0.00233846177445	-0.0542976387309	-0.0033492064477	-0.0659193594758	0.0199194280738	0.0495180094676	-0.0927894767972	-0.0149977445611	0.00367272361546	-0.00971827351647	0.025949270525	0.0252064902041	0.0345528237937	0.0244463547063
k__Bacteria;p__Actinobacteria;c__Actinobacteria;o__Bifidobacteriales;f__Bifidobacteriaceae;g__Bifidobacterium;s__Bifidobacterium_adolescentis	-0.0507656602618	-0.0271417814024	0.00985107698707	0.00156000651835	0.00681853976518	0.0104999359846	-0.00228492658074	-0.0207376699496	-0.00784579944354	-0.00500202470646	-0.025595461722	0.0257017102139	0.0183244659109	-0.0538213180424	-0.0308445333428	0.0464678120213	-0.0512805824523	0.0370339136685	0.0547357310725	-0.0276496331524	-0.00761019779539	-0.0544237274484	-0.0118426149162	1.0	-0.017374440598	-0.0155266812961	0.0121864329077	-0.0312918296429	-0.0337725109353	-0.0556336508589	-0.00824243028796	-0.0163562296578	-0.048621325807	-0.0105648851526	-0.00772525831839	-0.0122021665761	-0.0332199917516	-0.0363789417808	-0.0416506057955	0.015059826586	0.0268839041496	-0.000157764648467	-0.0321751942511	0.0554981368393	-0.0487450608865	-0.0353510138376	0.0317149229893	-0.00514581282215	0.02350076068	-0.0129115487219	0.0145853051796	0.0430705680248	-0.0336097214649	-0.0100296472271	0.0308322141873	0.0247681156384	-0.017905290778	0.00134284565083	-0.0202231058715
k__Bacteria;p__Firmicutes;c__Clostridia;o__Clostridiales;f__Oscillospiraceae;g__Oscillibacter;s__Oscillibacter_sp._KLE_1745	-0.0223758171157	-0.035178315125	-0.020600684211	-0.0628957606944	-0.0123810429555	0.0423916460038	-0.0643255483717	-0.0533188316908	0.0482647611032	-0.0710228136819	-0.0278220072063	-0.0269429416365	0.00477996425738	0.00664670919843	0.00584615305722	-0.0499321649022	-0.0139130216239	0.0416638307794	-0.0134094174816	-0.0126873410812	-0.0335562731025	-0.0432283454046	0.0242419165184	-0.017374440598	1.0	0.0360859148507	-0.0451578288446	0.0110586131848	-0.00705692340231	-0.024512514033	-0.103499943401	0.0110777827828	-0.0247478068432	0.0189472943934	-0.0338430411673	-0.0367383323978	-0.0171995921211	0.0153154373769	0.0302033148278	0.0088830432333	-0.0474345801307	0.0301096008575	0.0260051855761	0.0279446403558	0.0155865933005	-0.0154611077029	0.0873378092013	-0.00920035558772	0.057484389541	0.0507937272062	0.0253257689843	0.0275418615824	0.0358308504011	-0.082760100053	-0.0561578264284	-0.0487516269063	-0.045331901422	-0.0132889667681	0.0877917375213
k__Bacteria;p__Bacteroidetes;c__Bacteroidia;o__Bacteroidales;f__Bacteroidaceae;g__Bacteroides;s__Bacteroides_coprophilus	0.0468044395374	-0.0111744472415	-0.0748648467137	-0.00773389889647	-0.0254682074014	0.00304133081446	0.00566355402241	-0.0151153459616	0.0420603896862	-0.00938470048736	-0.029463323131	0.0425044169831	0.00535288460693	-0.0241874763437	0.0326288992907	0.00600015695838	-0.0431873722145	0.00324418823145	0.0131881094632	-0.0287649812243	-0.0142231142378	-0.0277813047624	-0.015019186305	-0.0155266812961	0.0360859148507	1.0	0.0159107744193	0.0131163378752	0.0149817663572	-0.054955419746	0.0235712132382	-0.014042115863	0.0274077521471	0.0329490814237	0.00582974757856	0.00938646597188	-0.0310700641716	-0.0202341950442	0.0330726179952	-0.0149278533086	0.0290946036494	0.0158113238792	-0.0611595431701	-0.00584515351757	-0.0342960407541	-0.0268511928668	-0.0295732543621	-0.00750452901335	0.0102990086627	-0.0117416683015	-0.0299994730636	-0.0205192794739	0.00560614175008	-0.0618632418134	-0.0145092570168	-0.0271456904583	0.00626780172368	-0.0200677681826	-0.0108331010492
k__Bacteria;p__Firmicutes;c__Clostridia;o__Clostridiales;f__Lachnospiraceae;g__Roseburia;s__Roseburia_intestinalis	-0.0429007459476	-0.0854650970401	0.0428737321625	0.000213377178408	-0.000357200200416	-0.0275931924762	-0.0141849366417	-0.000381317951218	0.0222298193999	-0.00147127261275	-0.0451888068604	-0.0308077133434	-0.0584309867877	-0.0283205495537	-0.044666716162	0.00474171234758	0.0415185686296	0.00858656243174	-0.00620416237497	0.0508205655097	-0.0173309685762	-0.000688765157259	-0.0408146527753	0.0121864329077	-0.0451578288446	0.0159107744193	1.0	0.0255428788505	0.0268310750975	0.0460422252486	-0.00885746498239	0.00534464776531	-0.0511873384053	0.035110839984	0.00416285275144	0.0088022753363	0.0419533489809	-0.0100587747648	0.0400332905331	-0.00287988438024	0.0342867787471	-0.0169460643859	-0.0575968067841	0.0463128465463	-0.0396596559722	0.0195740736256	0.0101247891656	-0.00694747146083	-0.00215974843533	-0.0819640350214	-0.0328021389987	-0.0423732285319	-0.0450314542118	-0.0198653337592	-0.044179767308	0.0572762527332	-0.0590170492718	0.0194975777767	0.0335501060635
k__Bacteria;p__Firmicutes;c__Clostridia;o__Clostridiales;f__Lachnospiraceae;g__Roseburia;s__Roseburia_hominis	-0.0745874665134	-0.0355086719855	0.00143273846127	0.00241517581925	-0.0233258325619	0.0245349471678	0.0223877423293	-0.0410006614599	-0.00291931168725	0.0247678123653	-0.104207493754	0.0630779469463	-0.0854854228176	0.0567190298184	0.0135064918468	-0.00247057161072	0.0390804171068	-0.00241649066389	0.00901371155531	-0.00533540270064	-0.0318572496449	-0.00215145247591	-0.0154343879022	-0.0312918296429	0.0110586131848	0.0131163378752	0.0255428788505	1.0	0.0016334342038	-0.00215259669496	0.00789078299259	-0.0212265230558	0.00619336588902	0.0319265341732	0.02350439593	0.0188087990685	-0.0717823962585	-0.0503686245983	-0.0283620608365	0.00875062220382	-0.000234022087889	0.00725843278437	-0.0451124295028	0.0290734502188	0.00608388439171	-0.0301779939765	-0.0527553612932	-0.00767571036075	0.00156154576286	-0.0310623604713	-0.0261557384195	-0.0381490319433	-0.000316536362869	0.00988080110597	-0.000548279548674	-0.000900255818442	0.0218004053896	-0.0506472582999	-0.0220137764755
k__Bacteria;p__Bacteroidetes;c__Bacteroidia;o__Bacteroidales;f__Porphyromonadaceae;g__Parabacteroides;s__Parabacteroides_johnsonii	-0.0331831081517	-0.0451490689885	0.0174907366521	-0.0349176941147	-0.0181081821997	0.0513720977879	-0.043728613414	-0.0124982052777	-0.0192704347139	-0.0216783019521	0.0187420508402	0.0073123779028	-0.0205606540646	-0.000682867152634	0.0141211044238	-0.00232546402477	-0.0567621543201	-0.0311124189448	0.0216175953445	-0.0215225363416	-0.0278029773572	-0.0353874848565	0.0315414163433	-0.0337725109353	-0.00705692340231	0.0149817663572	0.0268310750975	0.0016334342038	1.0	0.0533641694307	0.0564168525555	-0.0709589611107	0.00522442410711	-0.0364997881862	0.0191234689713	-0.0521714226172	-0.0216210707491	-0.0411756580205	0.0340042420646	-0.0563124369249	0.033223464022	-0.0397818999047	0.0578628686173	-0.0361038526117	0.0368031968602	0.0395338736699	-0.00933879880919	-0.0431373207852	-0.0266158969756	0.0210656386936	-0.0566158576246	0.0132759631574	0.0493786395127	0.0298855729627	0.011786515933	-0.0174752110484	-0.0106389638772	0.0401486944329	0.0186562560877
k__Bacteria;p__Actinobacteria;c__Actinobacteria;o__Bifidobacteriales;f__Bifidobacteriaceae;g__Bifidobacterium;s__Bifidobacterium_longum	-0.0294370126579	-0.0622106731965	-0.0733591812443	-0.0477634001203	-0.0153651244863	0.0214220516619	-0.0133011014863	0.0565651176215	-0.0100555778257	0.0164723208511	0.0221141738373	-0.0167035648953	-0.0694805986911	-0.0235613636426	0.0143722975925	0.0196587709176	-0.057678523225	-0.0344464622835	0.0318935159165	-0.0394836546699	-0.000348140370103	-0.0177313441938	0.00933802322269	-0.0556336508589	-0.024512514033	-0.054955419746	0.0460422252486	-0.00215259669496	0.0533641694307	1.0	-0.0328091689812	0.0228436908362	-0.0430952664134	-0.00783876688378	0.0669021919779	-0.0270457746407	0.0261147737594	-0.0600662924759	-0.0637856955597	-0.00762390932794	-0.00171493091305	0.00146988382984	0.0289888888247	-0.0158247002696	-0.0136890106185	0.0481801436636	-0.0224289400497	0.0152507824575	0.071609269483	0.0110195955637	0.0210569481434	-0.0376345090048	-0.011271974223	0.057368880286	0.00588548823096	-0.046300923905	-0.0247777401324	-0.0685299440704	-0.00892240813319
