#taxonomy	k__Bacteria;p__Bacteroidetes;c__Bacteroidia;o__Bacteroidales;f__Bacteroidaceae;g__Bacteroides;s__Bacteroides_vulgatus	k__Bacteria;p__Bacteroidetes;c__Bacteroidia;o__Bacteroidales;f__Bacteroidaceae;g__Bacteroides;s__Bacteroides_uniformis	k__Bacteria;p__Bacteroidetes;c__Bacteroidia;o__Bacteroidales;f__Rikenellaceae;g__Alistipes;s__Alistipes_putredinis	k__Bacteria;p__Bacteroidetes;c__Bacteroidia;o__Bacteroidales;f__Prevotellaceae;g__Prevotella;s__Prevotella_copri	k__Bacteria;p__Bacteroidetes;c__Bacteroidia;o__Bacteroidales;f__Bacteroidaceae;g__Bacteroides;s__Bacteroides_stercoris	k__Bacteria;p__Bacteroidetes;c__Bacteroidia;o__Bacteroidales;f__Bacteroidaceae;g__Bacteroides;s__Bacteroides_ovatus	k__Bacteria;p__Bacteroidetes;c__Bacteroidia;o__Bacteroidales;f__Rikenellaceae;g__Alistipes;s__Alistipes_shahii	k__Bacteria;p__Firmicutes;c__Clostridia;o__Clostridiales;f__Ruminococcaceae;g__Faecalibacterium;s__Faecalibacterium_prausnitzii	k__Bacteria;p__Bacteroidetes;c__Bacteroidia;o__Bacteroidales;f__Rikenellaceae;g__Alistipes;s__Alistipes_finegoldii	k__Bacteria;p__Bacteroidetes;c__Bacteroidia;o__Bacteroidales;f__Porphyromonadaceae;g__Parabacteroides;s__Parabacteroides_distasonis	k__Bacteria;p__Bacteroidetes;c__Bacteroidia;o__Bacteroidales;f__Bacteroidaceae;g__Bacteroides;s__Bacteroides_thetaiotaomicron	k__Bacteria;p__Bacteroidetes;c__Bacteroidia;o__Bacteroidales;f__Bacteroidaceae;g__Bacteroides;s__Bacteroides_coprocola	k__Bacteria;p__Bacteroidetes;c__Bacteroidia;o__Bacteroidales;f__Bacteroidaceae;g__Bacteroides;s__Bacteroides_cellulosilyticus	k__Bacteria;p__Bacteroidetes;c__Bacteroidia;o__Bacteroidales;f__Rikenellaceae;g__Alistipes;s__Alistipes_obesi	k__Bacteria;p__Firmicutes;c__Clostridia;o__Clostridiales;f__Lachnospiraceae;g__;s__[Eubacterium]_rectale	k__Bacteria;p__Bacteroidetes;c__Bacteroidia;o__Bacteroidales;f__Bacteroidaceae;g__Bacteroides;s__Bacteroides_plebeius	k__Bacteria;p__Bacteroidetes;c__Bacteroidia;o__Bacteroidales;f__Bacteroidaceae;g__Bacteroides;s__Bacteroides_fragilis	k__Bacteria;p__Proteobacteria;c__Betaproteobacteria;o__Burkholderiales;f__Sutterellaceae;g__Sutterella;s__Sutterella_wadsworthensis	k__Bacteria;p__Bacteroidetes;c__Bacteroidia;o__Bacteroidales;f__Porphyromonadaceae;g__Barnesiella;s__Barnesiella_intestinihominis	k__Bacteria;p__Bacteroidetes;c__Bacteroidia;o__Bacteroidales;f__Odoribacteraceae;g__Odoribacter;s__Odoribacter_splanchnicus	k__Bacteria;p__Bacteroidetes;c__Bacteroidia;o__Bacteroidales;f__Bacteroidaceae;g__Bacteroides;s__Bacteroides_salyersiae	k__Bacteria;p__Firmicutes;c__Clostridia;o__Clostridiales;f__Ruminococcaceae;g__Ruminiclostridium;s__[Eubacterium]_siraeum	k__Bacteria;p__Proteobacteria;c__Betaproteobacteria;o__Burkholderiales;f__Sutterellaceae;g__Parasutterella;s__Parasutterella_excrementihominis	k__Bacteria;p__Actinobacteria;c__Actinobacteria;o__Bifidobacteriales;f__Bifidobacteriaceae;g__Bifidobacterium;s__Bifidobacterium_adolescentis	k__Bacteria;p__Firmicutes;c__Clostridia;o__Clostridiales;f__Oscillospiraceae;g__Oscillibacter;s__Oscillibacter_sp._KLE_1745	k__Bacteria;p__Bacteroidetes;c__Bacteroidia;o__Bacteroidales;f__Bacteroidaceae;g__Bacteroides;s__Bacteroides_coprophilus	k__Bacteria;p__Firmicutes;c__Clostridia;o__Clostridiales;f__Lachnospiraceae;g__Roseburia;s__Roseburia_intestinalis	k__Bacteria;p__Firmicutes;c__Clostridia;o__Clostridiales;f__Lachnospiraceae;g__Roseburia;s__Roseburia_hominis	k__Bacteria;p__Bacteroidetes;c__Bacteroidia;o__Bacteroidales;f__Porphyromonadaceae;g__Parabacteroides;s__Parabacteroides_johnsonii	k__Bacteria;p__Actinobacteria;c__Actinobacteria;o__Bifidobacteriales;f__Bifidobacteriaceae;g__Bifidobacterium;s__Bifidobacterium_longum	k__Bacteria;p__Firmicutes;c__Clostridia;o__Clostridiales;f__;g__Flavonifractor;s__Flavonifractor_plautii	k__Bacteria;p__Firmicutes;c__Clostridia;o__Clostridiales;f__Clostridiaceae;g__Clostridium;s__Clostridium_phoceensis	k__Bacteria;p__Verrucomicrobia;c__Verrucomicrobiae;o__Verrucomicrobiales;f__Akkermansiaceae;g__Akkermansia;s__Akkermansia_muciniphila	k__Bacteria;p__Bacteroidetes;c__Bacteroidia;o__Bacteroidales;f__Prevotellaceae;g__Paraprevotella;s__Paraprevotella_xylaniphila	k__Bacteria;p__Firmicutes;c__Clostridia;o__Clostridiales;f__Ruminococcaceae;g__Ruminococcus;s__Ruminococcus_callidus	k__Bacteria;p__Bacteroidetes;c__Bacteroidia;o__Bacteroidales;f__Rikenellaceae;g__Alistipes;s__Alistipes_senegalensis	k__Bacteria;p__Firmicutes;c__Clostridia;o__Clostridiales;f__Lachnospiraceae;g__Blautia;s__Blautia_sp._KLE_1732	k__Bacteria;p__Bacteroidetes;c__Bacteroidia;o__Bacteroidales;f__Bacteroidaceae;g__Bacteroides;s__Bacteroides_oleiciplenus	k__Bacteria;p__Firmicutes;c__Clostridia;o__Clostridiales;f__Ruminococcaceae;g__Ruminococcus;s__Ruminococcus_bicirculans	k__Bacteria;p__Bacteroidetes;c__Bacteroidia;o__Bacteroidales;f__Bacteroidaceae;g__Bacteroides;s__Bacteroides_fluxus	k__Bacteria;p__Bacteroidetes;c__Bacteroidia;o__Bacteroidales;f__Prevotellaceae;g__Prevotella;s__Prevotella_stercorea	k__Bacteria;p__Firmicutes;c__Clostridia;o__Clostridiales;f__Lachnospiraceae;g__Dorea;s__Dorea_longicatena	k__Bacteria;p__Firmicutes;c__Clostridia;o__Clostridiales;f__Eubacteriaceae;g__Eubacterium;s__[Eubacterium]_eligens	k__Bacteria;p__Firmicutes;c__Clostridia;o__Clostridiales;f__Ruminococcaceae;g__;s__Ruminococcaceae_bacterium_D16	k__Bacteria;p__Firmicutes;c__Clostridia;o__Clostridiales;f__Lachnospiraceae;g__Coprococcus;s__Coprococcus_comes	k__Bacteria;p__Proteobacteria;c__Gammaproteobacteria;o__Enterobacterales;f__Enterobacteriaceae;g__Escherichia;s__Escherichia_coli	k__Bacteria;p__Firmicutes;c__Clostridia;o__Clostridiales;f__Ruminococcaceae;g__Anaerotruncus;s__Anaerotruncus_colihominis	k__Bacteria;p__Firmicutes;c__Clostridia;o__Clostridiales;f__Lachnospiraceae;g__Blautia;s__Blautia_obeum	k__Bacteria;p__Bacteroidetes;c__Bacteroidia;o__Bacteroidales;f__Odoribacteraceae;g__Odoribacter;s__Odoribacter_laneus	k__Bacteria;p__Firmicutes;c__Clostridia;o__Clostridiales;f__Ruminococcaceae;g__Ruminiclostridium;s__[Clostridium]_leptum	k__Bacteria;p__Bacteroidetes;c__Bacteroidia;o__Bacteroidales;f__Porphyromonadaceae;g__Parabacteroides;s__Parabacteroides_goldsteinii	k__Bacteria;p__Firmicutes;c__Clostridia;o__Clostridiales;f__Lachnospiraceae;g__Anaerostipes;s__Anaerostipes_hadrus	k__Bacteria;p__Firmicutes;c__Clostridia;o__Clostridiales;f__Ruminococcaceae;g__Ruminococcus;s__Ruminococcus_lactaris	k__Bacteria;p__Firmicutes;c__Clostridia;o__Clostridiales;f__Clostridiaceae;g__Clostridium;s__Clostridium_sp._L2-50	k__Bacteria;p__Firmicutes;c__Clostridia;o__Clostridiales;f__Clostridiaceae;g__Clostridium;s__Clostridium_sp._M62/1	k__Bacteria;p__Firmicutes;c__Clostridia;o__Clostridiales;f__;g__Intestinimonas;s__Intestinimonas_butyriciproducens	k__Bacteria;p__Actinobacteria;c__Actinobacteria;o__Bifidobacteriales;f__Bifidobacteriaceae;g__Bifidobacterium;s__Bifidobacterium_bifidum	k__Bacteria;p__Firmicutes;c__Negativicutes;o__Veillonellales;f__Veillonellaceae;g__Dialister;s__Dialister_invisus	k__Bacteria;p__Bacteroidetes;c__Bacteroidia;o__Bacteroidales;f__Bacteroidaceae;g__Bacteroides;s__Bacteroides_salanitronis
k__Bacteria;p__Bacteroidetes;c__Bacteroidia;o__Bacteroidales;f__Bacteroidaceae;g__Bacteroides;s__Bacteroides_vulgatus	1.0	0.0659887006276	0.0304385837798	0.00209856511937	0.00899782250451	0.0720235413512	-0.0243928279922	-0.0233044779158	-0.0248083369265	-0.0469610424032	-0.0104955188085	-0.0423294795101	-0.0273293949047	0.00333695222273	0.0122419274891	-0.0941198824344	-0.0566697304021	-0.00948784722506	0.0389187582606	0.0259551828729	-0.0226220757827	-0.0165736869659	-0.0173641642313	-0.062535411128	-0.00906457777221	0.0299380083113	0.0443283010845	-0.00053088452988	-0.0704057467453	-0.0019146678697	-0.00780163085196	0.0740221231435	-0.00551915292095	-0.0503479258958	-0.0221994679685	0.028011135955	-0.0207965170786	0.0297540237545	-0.00970058292989	-0.04103343823	0.0412676632901	0.0307530975181	2.28063592567e-05	-0.0358917494503	0.0148039064837	0.0211921689331	-0.0809700068172	0.0250584080785	-0.0479013452921	0.0152800814423	0.00139245963491	0.00708597327374	-0.0123134146102	-0.0387288673477	-0.0177501749323	0.0289734115647	-0.032796457777	-0.0747450040853	0.00223899586943
k__Bacteria;p__Bacteroidetes;c__Bacteroidia;o__Bacteroidales;f__Bacteroidaceae;g__Bacteroides;s__Bacteroides_uniformis	0.0659887006276	1.0	-0.00321814117148	0.0910065788536	-0.00308387088924	-0.0503448898062	-0.0247088136032	0.0195122696488	-0.0355410681787	-0.0528166570818	-0.04697776335	-0.0139047868152	-0.0656419144845	-0.000368201366875	-0.0390604615826	0.0442271185413	-0.00662285120322	-0.064120958651	-0.0506678828676	-0.0689765592284	-0.013996472746	0.0106840488682	-0.0564205394998	-0.00922150269718	0.0247381448684	0.0143640866691	0.000963012592326	-0.0535157229924	-0.0372254704201	-0.0316806112252	0.0376793769158	-0.0164308933288	-0.0148795523509	-0.0559268586878	0.0106058779632	-0.0258062916588	0.00794128059345	0.00518619850749	-0.0396273615124	-0.0654238402705	-0.0254070490263	-0.00470604577447	-0.00328067153324	0.101239918421	-0.0412879899046	-0.0533694050649	-0.0171695160455	0.0194220135342	0.0290312112846	0.0473041513074	0.00245711946851	-0.00789501094957	-0.0191222655578	-0.0412347912295	-0.0147252873803	-0.00591255871894	-0.0267498511974	-0.022574276732	-0.0251689918752
k__Bacteria;p__Bacteroidetes;c__Bacteroidia;o__Bacteroidales;f__Rikenellaceae;g__Alistipes;s__Alistipes_putredinis	0.0304385837798	-0.00321814117148	1.0	0.013478744335	-0.00224809554653	0.00435783004096	-0.0562382464171	0.0385417225482	-0.0572210677377	0.0180270848105	0.0281043593391	0.0364484853279	0.0218394423341	0.0653919909083	-0.0284550747586	0.0447300662636	-0.0742986983217	-0.0169257666737	-0.0169171043832	-0.0154732570239	0.0037662272867	-0.012793955182	-0.030360416289	-0.0157592866765	-0.0268517080829	0.00095359139231	0.0101865486599	-0.0169097469309	0.0192048540364	-0.000292617723838	-0.00857240783524	-0.010187996768	0.040767076441	-0.00209279469405	-0.057382832635	-0.0120849927931	0.0309977270293	-0.0432344025962	-0.0334526004771	-0.0437891845898	-0.0168116567722	-0.0479820431718	-0.0463077857433	0.0338051718426	-0.0330667588172	0.0399472009629	-0.0675529045397	-0.00247264572211	0.0307937010651	-0.0294683339385	-0.0174635117597	-0.00889684426669	0.00317178234607	0.026576349527	-0.00284206482437	-0.0144001915857	-0.0610746746408	0.00195674847076	0.026877682519
k__Bacteria;p__Bacteroidetes;c__Bacteroidia;o__Bacteroidales;f__Prevotellaceae;g__Prevotella;s__Prevotella_copri	0.00209856511937	0.0910065788536	0.013478744335	1.0	0.060832222222	0.00412768553172	-0.00277624684143	-0.0301285743305	-0.0175702974956	-0.00749903772425	-0.00580072468252	-0.0340701117211	-0.0187747173851	-0.0391986000387	0.0006166276558	-0.0350314223031	0.058233915691	-0.0358786169707	0.0194556987674	0.00376508206336	0.0423218345254	-0.00720222870317	-0.0147001760247	0.0179369316246	0.026699430965	-0.079593046669	-0.000827948851884	-0.0316160769947	0.00172388478042	-0.022783898984	0.0114870858641	0.0167212122416	-0.042656349745	-0.0267550484813	-0.00272368483838	-0.0182276259056	0.0339033362023	-0.0260611621483	-0.0213414201681	-0.0149769820174	0.03494622928	-0.01931718442	-0.0441682628857	0.00254474524126	-0.00244886829335	-0.0171565154035	-0.0253288064753	0.00625058415797	0.0103976282102	-0.0012348564506	-0.0116146008247	-0.0429246416517	-0.0191682924048	-0.0533695231535	0.0252869961194	-0.0235653577155	-0.0314277736431	0.0111050844336	-0.00997564381689
k__Bacteria;p__Bacteroidetes;c__Bacteroidia;o__Bacteroidales;f__Bacteroidaceae;g__Bacteroides;s__Bacteroides_stercoris	0.00899782250451	-0.00308387088924	-0.00224809554653	0.060832222222	1.0	-0.00722095433441	-0.0213077969841	0.0242908163327	-0.0734703939627	-0.103217616004	-0.0557813201247	-0.0217252460229	-0.0188224178753	-0.0306784469461	0.0449011847455	0.0144154810648	-0.0215647157064	-0.0365599872276	-0.0218490119349	0.0139522146221	-0.00222373288126	0.00774309331257	0.0149088109459	0.0166011032779	0.00707880792605	-0.057151464953	0.0180881995992	-0.0645857985024	-0.0203075365034	0.00421611618576	-0.014829033275	-0.00284804782032	0.00877707660804	-0.00692557849246	-0.0322372159639	-0.000948931403536	-8.72548258514e-06	0.00723658966057	0.00435958640075	0.0392701163181	0.0180751402386	0.0331157928887	-0.0269578827259	0.016328367919	0.0241254017946	0.00664680862889	0.00267042168479	-0.0258513339852	-0.0573622523146	-0.0151178726623	-0.00654654802746	0.0133867718313	0.0355232771838	-0.0221558868483	-0.0250256019425	0.0089296303568	-0.0209728387012	0.0327987469997	-0.0376873729363
k__Bacteria;p__Bacteroidetes;c__Bacteroidia;o__Bacteroidales;f__Bacteroidaceae;g__Bacteroides;s__Bacteroides_ovatus	0.0720235413512	-0.0503448898062	0.00435783004096	0.00412768553172	-0.00722095433441	1.0	-0.0103236894314	-0.028002801587	-0.00371251172557	0.0450931442693	0.0370268255044	-0.0368848649183	-0.0690013113773	-0.0122904626748	0.0080451304671	-0.00522091272211	0.00770638459572	0.0494814177784	0.011890108396	-0.0556304836653	0.0229560373725	-0.0145699192656	-0.0339718523256	0.00531164141164	-0.0113212163347	-0.00707638041528	0.0396935768834	0.012874165002	0.00755548435944	0.0187216881474	-0.0443267275039	-0.0172930766704	-0.0227059617341	0.0252431255592	0.0647891825787	0.032968314112	-0.0386352943105	0.0114677990798	-0.0323016006506	-0.00148393928624	0.00574870011989	-0.0317415376927	-0.0274565659872	-0.0476990046194	-0.00970083641073	-0.00197849257058	0.0528945452493	-0.0388461120561	-0.0864170715082	-0.0416646288266	-0.00776456028889	-0.022968787392	-0.0262048140156	-0.00726054870521	-0.0802025716743	-0.00973757089299	0.0597580547127	-0.0340195084595	-0.0604305855387
k__Bacteria;p__Bacteroidetes;c__Bacteroidia;o__Bacteroidales;f__Rikenellaceae;g__Alistipes;s__Alistipes_shahii	-0.0243928279922	-0.0247088136032	-0.0562382464171	-0.00277624684143	-0.0213077969841	-0.0103236894314	1.0	-0.0111827533022	0.0295968214019	-0.0127677665952	-0.0355110577215	0.102017694801	-0.0133236170867	-0.0326678996077	0.0236207166467	-0.0370843116648	-0.039633300132	-0.0117072661255	-0.0144274558934	-0.0338352455922	-0.00242308587387	-0.028598711882	-0.0135007078028	-0.00695882377475	0.00389297079574	-0.0516677453026	0.0109446078331	0.0317949337226	-0.0322134529873	0.0267303951996	0.0159458894983	-0.0112550421415	-0.0126606319335	-0.0127643109342	0.00307332512533	-0.0220281577996	-0.0085569742343	-0.00731301175499	0.036631999643	0.0173647715779	-0.0759043110542	0.0170315432004	-0.0018521889947	-0.0330562618072	0.0313184391272	0.0272437067559	0.0266908969066	-0.0194694103171	-0.0192468585231	0.00870522831101	0.0159491550473	0.0226371097665	0.0291267032825	-0.0912535015001	0.0332640263685	0.0271953099851	0.00932365400314	0.0128467580258	-0.0327144265263
k__Bacteria;p__Firmicutes;c__Clostridia;o__Clostridiales;f__Ruminococcaceae;g__Faecalibacterium;s__Faecalibacterium_prausnitzii	-0.0233044779158	0.0195122696488	0.0385417225482	-0.0301285743305	0.0242908163327	-0.028002801587	-0.0111827533022	1.0	-0.0233327999035	-0.0354774211286	-0.0232628430311	-0.0340824332973	0.0569095461446	0.0111347321868	-0.03868796581	0.0518114557882	0.0331222053034	-0.0179856683628	-0.0135687658225	-0.0497707174301	0.0225584079295	-0.051242222334	-0.0193084627117	0.0508346454049	-0.0365096333266	-0.022620047614	0.043295801174	0.0116729091682	-0.0385822337857	-0.0142090666696	0.0123956201935	-0.0100955937256	0.00520004581238	0.0236418393697	0.00173643970177	0.0279622207718	0.0235239838235	-0.000944652672045	-0.0144301639973	-0.0489549628658	-0.0393154710355	-0.021302642372	0.00875781589673	-0.00946285587156	-0.00584151302624	-0.0292642933555	-0.00591896697919	-0.0336747351191	0.021067057749	0.0322665713842	-0.0272767174106	0.0104375969178	-0.0292554485688	-0.055715485547	-0.0191361946774	-0.0752951323238	-0.0644508991978	-0.0117688702231	-0.00537410305102
k__Bacteria;p__Bacteroidetes;c__Bacteroidia;o__Bacteroidales;f__Rikenellaceae;g__Alistipes;s__Alistipes_finegoldii	-0.0248083369265	-0.0355410681787	-0.0572210677377	-0.0175702974956	-0.0734703939627	-0.00371251172557	0.0295968214019	-0.0233327999035	1.0	0.06134496503	-0.0220675914558	-0.0152335556405	0.0130610995329	-0.0147160879853	-0.0368861561021	-0.0501910976246	-0.0156463783366	-0.0761425721423	-0.0301754568565	-0.034606992591	0.0074704260456	0.0107084474657	-0.0252875345608	-0.0391859202041	-0.041538475636	0.0135061325442	-0.0819418527236	0.0125570815733	-0.049900554626	-0.0338765960627	0.0388654194284	0.0434078145052	0.00267037155722	-0.0683781283231	0.0581551749533	0.0276715034202	-0.0230966843729	0.0184051524819	0.0365256915426	-0.0213173860917	-0.00337733444051	-0.00787757905545	0.0250132116209	0.0475600555785	-0.0240268598472	-0.00767201042968	0.0217453363583	-0.0294142778549	-0.00665716884565	0.0217223529232	0.00411568960981	0.0169878740554	-0.0178006853941	-0.0110160220557	0.00960844758642	-0.0411116156059	-0.0273281823046	-0.0379802209674	0.0466599363639
k__Bacteria;p__Bacteroidetes;c__Bacteroidia;o__Bacteroidales;f__Porphyromonadaceae;g__Parabacteroides;s__Parabacteroides_distasonis	-0.0469610424032	-0.0528166570818	0.0180270848105	-0.00749903772425	-0.103217616004	0.0450931442693	-0.0127677665952	-0.0354774211286	0.06134496503	1.0	-0.00779667366889	-0.0274748978221	-0.0539762088624	-0.00213315371175	-0.0514965778587	-0.0322491072952	-0.0540014129533	0.0179328466024	-0.0394696034518	0.0268050700866	-0.0753371578553	-0.000138253478248	-0.029185601343	0.0390550679312	-0.0548890604488	0.0279213845725	-0.0152509817599	0.0935207204976	0.0217733337297	-0.0120663704552	-0.00334908421111	-0.0360475955486	0.0235395385886	0.0514865022949	0.000531280008364	-0.0499788608081	0.021379719436	0.0143298175541	0.00285137994965	0.00359904117139	0.00672814830612	-0.0227112577448	0.0456908338675	-0.00578325343684	-0.0036644324442	0.0119543814774	0.0104984859125	0.0193764310304	-0.0257475755021	-0.00744443289274	-0.0365229554274	0.00454517074238	0.0112559375051	-0.00661252003907	-0.0356127533645	-0.0292416579858	0.0178172128386	-0.040365303577	0.0378705146475
k__Bacteria;p__Bacteroidetes;c__Bacteroidia;o__Bacteroidales;f__Bacteroidaceae;g__Bacteroides;s__Bacteroides_thetaiotaomicron	-0.0104955188085	-0.04697776335	0.0281043593391	-0.00580072468252	-0.0557813201247	0.0370268255044	-0.0355110577215	-0.0232628430311	-0.0220675914558	-0.00779667366889	1.0	-0.0064299961628	-0.0436036984565	0.021974302078	-0.052852814607	0.0147301404567	0.00472095926714	0.00168266187529	-0.0388638474508	0.01539328855	0.0199533824382	0.0339038739248	0.0335377683205	-0.0117475619511	0.0164825534146	-0.054053275622	0.00407708719926	0.0374425432817	0.0444981365751	0.00508074518217	-0.0451621726221	-0.0468828661093	-0.00876336143411	-0.0623198459098	-0.021534067505	-0.012377961445	-0.048346479276	0.0300753303437	-8.38250548339e-05	-0.0195996517597	0.00889149183229	-0.0361047265273	-0.0368323812909	-0.0268701296965	0.00754284568872	0.0385960712605	-0.0115273320837	-0.0244389680661	-0.020487809779	-0.0199626101033	0.00528989625986	0.0312408710355	0.0308838336838	0.0513457778457	0.0513702115635	-0.0439131417531	-0.0520698550956	-0.00790827591306	0.0543758719834
k__Bacteria;p__Bacteroidetes;c__Bacteroidia;o__Bacteroidales;f__Bacteroidaceae;g__Bacteroides;s__Bacteroides_coprocola	-0.0423294795101	-0.0139047868152	0.0364484853279	-0.0340701117211	-0.0217252460229	-0.0368848649183	0.102017694801	-0.0340824332973	-0.0152335556405	-0.0274748978221	-0.0064299961628	1.0	-0.0859533790454	0.0296202132058	0.0117306972828	0.00431458029032	-0.0292404284218	-0.0378816181394	-0.0125457180505	0.0168372535801	0.0371334227567	-0.0223361426486	-0.0420246800904	0.00886959010955	0.00212525122735	0.0569072297993	-0.0141495829404	-0.0287897585212	0.0561721146555	-0.024928343945	0.0183858509822	0.0410486894732	-0.0426231127383	0.0548145554481	0.0173002894493	0.0514026902113	-0.015608958569	0.0773649677328	-0.0361937697732	0.0162783051612	-0.034791895701	0.0267386378069	-0.00397735190096	-0.0231471078768	-0.0581030776499	-0.00762747043788	-0.0336958595019	-0.00470412127061	-0.00312186527312	-0.0724499896701	-0.00674513453323	0.0260507572441	-0.0417857754441	-0.0110994176531	-0.0265298883874	-0.00894262890282	-0.0281708473206	-0.0204335660839	-0.0408022049286
k__Bacteria;p__Bacteroidetes;c__Bacteroidia;o__Bacteroidales;f__Bacteroidaceae;g__Bacteroides;s__Bacteroides_cellulosilyticus	-0.0273293949047	-0.0656419144845	0.0218394423341	-0.0187747173851	-0.0188224178753	-0.0690013113773	-0.0133236170867	0.0569095461446	0.0130610995329	-0.0539762088624	-0.0436036984565	-0.0859533790454	1.0	-0.0111450553233	0.00825149998844	0.0227461720509	-0.0800710645201	-0.0211732686705	0.0341441033576	0.00144626907925	0.00434215952766	0.0355926120131	0.00294036303172	-0.00715805792721	0.0294700685134	0.0254224969284	-0.0224081559857	-0.0354102885973	0.0171832181681	-0.023632101291	0.0215723602288	-0.0229929866843	-0.0130837835787	0.0866160952372	-0.033033225431	0.0355199821918	-0.00377765209735	-0.0201293448694	-0.00456759628762	-0.0327167712122	-0.0432432791362	-0.074718039813	-0.00333863345229	-0.00533911785057	0.0309504922505	0.0360525437082	0.0161136163199	-0.00845593251341	0.00465328332571	-0.0337236363526	0.00840444153291	-0.0144838603117	0.0253051835381	-0.0355054690372	-0.0376072023641	-0.0155590457119	0.0525727134074	-0.0753150281726	-0.0376502604428
k__Bacteria;p__Bacteroidetes;c__Bacteroidia;o__Bacteroidales;f__Rikenellaceae;g__Alistipes;s__Alistipes_obesi	0.00333695222273	-0.000368201366875	0.0653919909083	-0.0391986000387	-0.0306784469461	-0.0122904626748	-0.0326678996077	0.0111347321868	-0.0147160879853	-0.00213315371175	0.021974302078	0.0296202132058	-0.0111450553233	1.0	0.0189149170291	-0.025680308723	-0.0108424573943	-0.0793566608609	0.0270149061472	-0.0269313676112	-0.0229575943484	-0.0159669294824	-0.0270267748263	0.00541686625826	-0.0286423660449	0.00824986207202	-0.0128456335488	-0.00224474380054	-0.0370776942616	0.0177374857171	-0.0197041791592	-0.0141873165565	-0.000948247518796	-0.0310176562471	-0.00812382604199	-0.0588747043605	0.0145030197091	0.0262765530877	-0.0142595070718	-0.0235432838449	0.0101986803384	-0.0372867487816	0.0567783576348	0.0399000388598	-0.0177040573737	-0.0249910659853	0.0388983681341	-0.0232496229968	-0.0449160435527	-0.0245299789325	-0.0365201246608	-0.0158658899191	-0.00101827246139	-0.0391902876023	0.0014898923277	0.00465434647737	0.0439624813245	0.00249866598136	-0.0999188759623
k__Bacteria;p__Firmicutes;c__Clostridia;o__Clostridiales;f__Lachnospiraceae;g__;s__[Eubacterium]_rectale	0.0122419274891	-0.0390604615826	-0.0284550747586	0.0006166276558	0.0449011847455	0.0080451304671	0.0236207166467	-0.03868796581	-0.0368861561021	-0.0514965778587	-0.052852814607	0.0117306972828	0.00825149998844	0.0189149170291	1.0	0.0160500579666	-0.0611833844094	0.060616627746	-0.0137882264014	-0.0162771091614	-0.0156638447169	-0.00951276333756	-0.0453939588541	-0.015591510123	-0.0189263891722	0.0634825025969	-0.0184511074732	0.0178840356173	0.00809414831483	0.0121811595698	0.00642877463832	-0.0123472187644	-0.0210535007608	-0.038231584571	0.0319379416382	0.0696363744887	0.000111222080222	0.0840418507078	0.0373518415616	-0.104875215188	0.0125433497308	-0.0171346917919	-0.0357690272177	0.0064768496973	-0.022515495608	-0.0473212283693	-0.00508512800197	-0.0488981413238	-0.0415056395758	-0.0179306383632	-0.0156843480472	-0.0569212344495	0.0448052889803	0.00943814725137	0.029986139635	-0.00966602076265	2.47027057099e-05	-0.0606030259176	0.0335329544868
k__Bacteria;p__Bacteroidetes;c__Bacteroidia;o__Bacteroidales;f__Bacteroidaceae;g__Bacteroides;s__Bacteroides_plebeius	-0.0941198824344	0.0442271185413	0.0447300662636	-0.0350314223031	0.0144154810648	-0.00522091272211	-0.0370843116648	0.0518114557882	-0.0501910976246	-0.0322491072952	0.0147301404567	0.00431458029032	0.0227461720509	-0.025680308723	0.0160500579666	1.0	-0.00878391464244	0.00554525743355	-0.0123852201415	0.0288259759587	0.00160330138246	-0.0108950619057	-0.0127786412015	-0.0619974261621	0.0251581614325	0.00606908766512	-0.00421267395639	0.0487701196817	0.0223726019342	-0.0743082614276	-0.0536105248991	-0.0324898435399	-0.0399754717545	0.0445378815248	-0.0221482563103	0.0140368643766	-0.0751784152717	-0.072910933553	0.00449198265387	-0.0424651160723	-0.0619377030756	0.00599048904645	0.0392635862538	-0.0183016419711	0.0393099723182	0.00736649310883	0.0170829231533	-0.0534965542502	0.0491758569515	-0.0108476711276	-0.00274574655851	0.0472508893693	0.0439957559964	0.032589014293	0.0254372496441	0.0324041564871	0.0152570858664	0.0128784882769	-0.0469341861414
k__Bacteria;p__Bacteroidetes;c__Bacteroidia;o__Bacteroidales;f__Bacteroidaceae;g__Bacteroides;s__Bacteroides_fragilis	-0.0566697304021	-0.00662285120322	-0.0742986983217	0.058233915691	-0.0215647157064	0.00770638459572	-0.039633300132	0.0331222053034	-0.0156463783366	-0.0540014129533	0.00472095926714	-0.0292404284218	-0.0800710645201	-0.0108424573943	-0.0611833844094	-0.00878391464244	1.0	-0.0083526319682	0.0140388297626	0.00232696757702	-0.0259611793632	-0.0468600074001	0.0170170743765	-0.020828444646	0.029073621543	0.0427720005438	0.0245155664654	-0.0365334875769	0.00462241298909	-0.0375929985918	-0.08092770585	0.0337505649046	-0.0164442454327	0.00894800490469	-0.00725485710389	0.0135032861954	0.00783307353099	-0.00269122755898	-0.00580336786432	-0.00328131754522	-0.00716953321201	-0.0296287630146	0.0403889127118	0.00241775534704	0.0060863999002	0.00118760254651	-0.0729840746906	-0.0393155577511	-0.0804645646855	-0.0377895553271	0.0477200825248	0.0163384780712	0.0281306802264	-0.07883408336	-0.0448828329316	-0.0276399691941	-0.0272531405339	0.00114861175123	-0.0149046474857
k__Bacteria;p__Proteobacteria;c__Betaproteobacteria;o__Burkholderiales;f__Sutterellaceae;g__Sutterella;s__Sutterella_wadsworthensis	-0.00948784722506	-0.064120958651	-0.0169257666737	-0.0358786169707	-0.0365599872276	0.0494814177784	-0.0117072661255	-0.0179856683628	-0.0761425721423	0.0179328466024	0.00168266187529	-0.0378816181394	-0.0211732686705	-0.0793566608609	0.060616627746	0.00554525743354	-0.0083526319682	1.0	0.055202221674	-0.0390608812809	-0.0323628982571	-0.00321369721381	-0.0190424712605	-0.00241838174275	0.0224413679038	0.0569277100165	0.0306781470133	0.00157964996666	0.00386574830116	0.0448252080368	-0.0115924217719	0.0242842575761	0.0431054144555	-0.0214818129726	-0.03560869092	-0.000142697061982	-0.0591856644774	0.00353003807349	-0.0191734130905	-0.0559426668143	-0.0473034623301	0.0205287421151	-0.0282382452829	0.0316521748497	0.0201607559538	-0.00907144982521	0.0118690663345	-0.0286821597683	0.0120773776717	-0.0271150352545	-0.0152599161094	-0.0409986802428	-0.0231607454313	0.0033495997071	0.0215354479274	0.0315133528337	-0.0411402578678	0.00218888450005	-0.0613017539348
k__Bacteria;p__Bacteroidetes;c__Bacteroidia;o__Bacteroidales;f__Porphyromonadaceae;g__Barnesiella;s__Barnesiella_intestinihominis	0.0389187582606	-0.0506678828676	-0.0169171043832	0.0194556987674	-0.0218490119349	0.011890108396	-0.0144274558934	-0.0135687658225	-0.0301754568565	-0.0394696034518	-0.0388638474508	-0.0125457180505	0.0341441033576	0.0270149061472	-0.0137882264014	-0.0123852201415	0.0140388297626	0.055202221674	1.0	-0.0270003030533	0.00106879863523	-0.00566941084102	0.00362499721471	-0.0370541170471	0.00908564233334	0.0571702840793	-0.011752569142	-0.00669341054451	-0.0545506439859	0.00726975183097	-0.000561089776902	-0.00038011484096	0.00017468534155	0.000197590553868	-0.0375628237973	0.00812721402466	-0.0218739776154	-0.0320985568348	-0.0635180460029	0.0066934026109	-0.0444282547341	0.0282534831886	0.0124883957974	0.0222704967888	0.0152702971316	-0.050480123898	0.00809088380382	0.00325585013755	-0.0265564746637	-0.0323697192718	-0.0211714743202	-0.0491040730804	0.00739126313544	-0.000789038855893	-0.0506741379146	0.00130533977063	-0.0199215534607	-0.00963108708396	0.0296767119486
k__Bacteria;p__Bacteroidetes;c__Bacteroidia;o__Bacteroidales;f__Odoribacteraceae;g__Odoribacter;s__Odoribacter_splanchnicus	0.0259551828729	-0.0689765592284	-0.0154732570239	0.00376508206336	0.0139522146221	-0.0556304836653	-0.0338352455922	-0.0497707174301	-0.034606992591	0.0268050700866	0.01539328855	0.0168372535801	0.00144626907925	-0.0269313676112	-0.0162771091614	0.0288259759587	0.00232696757702	-0.0390608812809	-0.0270003030533	1.0	0.0249774162886	0.000153716598381	0.0387172665409	0.0117154151994	-0.069837627761	0.00214321917476	-0.00898748473917	0.00710804778514	0.0662277809282	0.00571876909897	-0.0278214285917	-0.0155444410894	-0.056605623568	-0.0571016305533	-0.0101709795515	-0.0193555293941	-0.0117690924194	-0.0792857428768	-0.0181849282335	-0.0338857053689	0.0238896044151	-0.00911934681392	0.0150554584856	-0.00763564535246	0.0201990835029	-0.0453187939686	0.0244643824374	0.0500665584346	-0.0521305545267	0.0246558342091	-0.0596461960784	0.00555513916209	0.00361172063101	0.0505391712742	0.0177957202094	-0.0347295994666	0.00242677035985	0.0228499817622	0.00592921660546
k__Bacteria;p__Bacteroidetes;c__Bacteroidia;o__Bacteroidales;f__Bacteroidaceae;g__Bacteroides;s__Bacteroides_salyersiae	-0.0226220757827	-0.013996472746	0.0037662272867	0.0423218345254	-0.00222373288126	0.0229560373725	-0.00242308587387	0.0225584079295	0.0074704260456	-0.0753371578553	0.0199533824382	0.0371334227567	0.00434215952766	-0.0229575943484	-0.0156638447169	0.00160330138246	-0.0259611793632	-0.0323628982571	0.00106879863523	0.0249774162886	1.0	-0.071202376827	-0.0586782640857	0.0345869081287	0.00811982197554	0.00185127417481	-0.0456278690869	-0.0433174090831	-0.0122329108188	-0.0332015603298	-0.0639011080346	-0.015997840295	0.0286660245872	-0.0762170588245	0.0496918745024	-0.0253816458785	-0.00870046453707	0.0897381806994	-0.0458869175032	0.0527399411701	0.000523505896052	-0.0386815963048	0.0313943043334	0.0501318593613	-0.0201397501304	-0.0212299181024	0.0189602309728	-0.00587268004502	0.0188541465581	-0.0308469641301	-0.0483827363104	0.012822814195	0.0248653867986	-0.0368895259338	-0.0167911769243	0.0236325518613	0.000992734953057	-0.0286941386764	-0.0198995786726
k__Bacteria;p__Firmicutes;c__Clostridia;o__Clostridiales;f__Ruminococcaceae;g__Ruminiclostridium;s__[Eubacterium]_siraeum	-0.0165736869659	0.0106840488682	-0.012793955182	-0.00720222870317	0.00774309331257	-0.0145699192656	-0.028598711882	-0.051242222334	0.0107084474657	-0.000138253478248	0.0339038739248	-0.0223361426486	0.0355926120131	-0.0159669294824	-0.00951276333756	-0.0108950619057	-0.0468600074001	-0.00321369721381	-0.00566941084102	0.000153716598381	-0.071202376827	1.0	0.033448860689	-0.0336049027746	-0.036347930893	0.000185388920055	-0.0523237873709	0.018959016807	0.0429117988226	0.0255626302927	-0.0182409143536	0.000523818622817	0.0474464353417	0.039079595887	0.00462010382291	0.0226067187481	0.00550230044595	0.0188906962919	-0.0366919189918	-0.0137651306139	-0.0433191356897	0.00820225693979	0.0254184388928	-0.00902514864789	-0.00280215837592	-0.0104555766878	0.0515190839852	-0.0321677083839	-0.0204064596431	0.0266854205442	-0.0224718820356	0.0361748340141	-0.00527742585118	-0.00371959176071	0.0300933277248	-0.0240547735584	-0.0474029172204	0.0152572809926	-0.0526207947247
k__Bacteria;p__Proteobacteria;c__Betaproteobacteria;o__Burkholderiales;f__Sutterellaceae;g__Parasutterella;s__Parasutterella_excrementihominis	-0.0173641642313	-0.0564205394998	-0.030360416289	-0.0147001760247	0.0149088109459	-0.0339718523256	-0.0135007078028	-0.0193084627117	-0.0252875345608	-0.029185601343	0.0335377683205	-0.0420246800904	0.00294036303172	-0.0270267748263	-0.0453939588541	-0.0127786412015	0.0170170743765	-0.0190424712605	0.00362499721471	0.0387172665409	-0.0586782640857	0.033448860689	1.0	-0.0663690929275	0.0323792513038	-0.0475942998669	0.0298775047525	0.0277801762359	-0.0287106165133	-0.0688948796877	-0.0142364503651	-0.00311000839184	0.0404928163724	0.0157655722323	-0.0515803172503	-0.0295096499893	-0.0713682545999	-0.0146495817267	0.0348090397821	0.00116705057649	-0.0242265508639	0.0283314651037	-0.0159150388199	-0.00954159258374	0.0647355650094	-0.0335489900467	-0.00196096975986	0.102710498832	-0.0189547841719	-0.00296569196297	0.0150694012114	-0.0150552912659	-0.021219068338	0.00497814647887	0.000961493432893	-0.0245965700345	0.0133876779407	0.0896019186854	0.00895713889905
k__Bacteria;p__Actinobacteria;c__Actinobacteria;o__Bifidobacteriales;f__Bifidobacteriaceae;g__Bifidobacterium;s__Bifidobacterium_adolescentis	-0.062535411128	-0.00922150269718	-0.0157592866765	0.0179369316246	0.0166011032779	0.00531164141164	-0.00695882377475	0.0508346454049	-0.0391859202041	0.0390550679312	-0.0117475619511	0.00886959010955	-0.00715805792721	0.00541686625826	-0.015591510123	-0.0619974261621	-0.020828444646	-0.00241838174275	-0.0370541170471	0.0117154151994	0.0345869081287	-0.0336049027746	-0.0663690929275	1.0	0.00783659251122	-0.0568981894284	0.00593642861673	-0.043953843848	0.01353517236	0.00904425114003	-0.0548102289472	-0.0249697527115	-0.0286292701223	0.000211534269943	-0.0622089521119	-0.00346313705985	0.028632329822	-0.0362949406817	-0.0370183420093	0.0230731942312	-0.0411777098816	0.0453821375787	0.00415930398504	0.0256870787499	-0.0101074458068	0.0520676486495	0.0185183576041	-0.0373737571808	-0.0383139343001	-0.0413940305162	-0.0467841434572	-0.0185689004934	-0.0398540154362	0.00831614883385	0.0490251380392	0.0396841370853	-0.0164312021523	-0.0428961923066	-0.0458338988614
k__Bacteria;p__Firmicutes;c__Clostridia;o__Clostridiales;f__Oscillospiraceae;g__Oscillibacter;s__Oscillibacter_sp._KLE_1745	-0.00906457777221	0.0247381448684	-0.0268517080829	0.026699430965	0.00707880792605	-0.0113212163347	0.00389297079574	-0.0365096333266	-0.041538475636	-0.0548890604488	0.0164825534146	0.00212525122735	0.0294700685134	-0.0286423660449	-0.0189263891722	0.0251581614325	0.029073621543	0.0224413679038	0.00908564233334	-0.069837627761	0.00811982197554	-0.036347930893	0.0323792513038	0.00783659251122	1.0	-0.0257779736559	-0.00504183852974	-0.00380682455248	-0.0253959798799	0.0126582905504	0.00432968080303	-0.0409295475792	0.0646044750607	-0.0184992971244	0.0428397217609	0.0253981842411	-0.00512104792759	-0.0196490640469	0.0456029187582	0.00403989344897	-0.00717773806272	-0.0305833770069	0.032769581079	0.00472992714579	-0.018700480986	-0.107734527133	0.0301944210076	-0.0307380360102	-0.0608243007872	0.000905401649541	0.00486576553693	0.0090818451927	-0.010949424991	-0.0357091867666	0.0134089752763	0.0294405519044	0.078108165354	-0.0501426964168	0.0274068055059
k__Bacteria;p__Bacteroidetes;c__Bacteroidia;o__Bacteroidales;f__Bacteroidaceae;g__Bacteroides;s__Bacteroides_coprophilus	0.0299380083113	0.0143640866691	0.00095359139231	-0.079593046669	-0.057151464953	-0.00707638041528	-0.0516677453026	-0.022620047614	0.0135061325442	0.0279213845725	-0.054053275622	0.0569072297993	0.0254224969284	0.00824986207202	0.0634825025969	0.00606908766512	0.0427720005438	0.0569277100165	0.0571702840793	0.00214321917476	0.00185127417481	0.000185388920055	-0.0475942998669	-0.0568981894284	-0.0257779736559	1.0	-0.0343697270808	0.0191250841711	0.0756248387054	-0.00109041558833	0.0521742418867	-0.0004876576549	-0.0469974990808	-0.0358862895033	-0.0155946487346	-0.0384168775222	0.0133879605268	-0.0407537244312	-0.0058677155749	-0.0144506468399	-0.0139198533596	-0.0343079400048	-0.0278882705534	-0.0505105326881	-0.0591533050513	0.00985039218389	-0.0223765709974	-0.0925575967431	0.00699312273719	-0.0391361472008	0.0215681276763	-0.0230975364917	0.00305246056598	-0.019631620735	0.0169267038476	-0.0478665592888	0.0438455737768	-0.0269930743084	0.037824726383
k__Bacteria;p__Firmicutes;c__Clostridia;o__Clostridiales;f__Lachnospiraceae;g__Roseburia;s__Roseburia_intestinalis	0.0443283010845	0.000963012592326	0.0101865486599	-0.000827948851884	0.0180881995992	0.0396935768834	0.0109446078331	0.043295801174	-0.0819418527236	-0.0152509817599	0.00407708719926	-0.0141495829404	-0.0224081559857	-0.0128456335488	-0.0184511074732	-0.00421267395639	0.0245155664654	0.0306781470133	-0.011752569142	-0.00898748473917	-0.0456278690869	-0.0523237873709	0.0298775047525	0.00593642861673	-0.00504183852974	-0.0343697270808	1.0	-0.0318515011708	0.0504931392603	0.0213213407122	-0.0562314243962	0.028522919057	-0.0110878754478	-0.0181801370034	0.000741178681802	-0.0394573416753	0.0331114149527	0.0233331172798	0.0230726985189	0.0687814058022	-0.0467228776781	-0.00142319303472	-0.0822193331142	-0.0243698095593	0.00207654066198	-0.0423436497856	-0.0293709290464	0.00179492479136	-0.00321671120134	0.0261468996303	-0.0180999029123	-0.0993325872786	-0.0459650811312	0.0369636741854	0.0203651125421	0.0193637171413	-0.0515580362005	-0.0137651790124	0.0311633000119
k__Bacteria;p__Firmicutes;c__Clostridia;o__Clostridiales;f__Lachnospiraceae;g__Roseburia;s__Roseburia_hominis	-0.00053088452988	-0.0535157229924	-0.0169097469309	-0.0316160769947	-0.0645857985024	0.012874165002	0.0317949337226	0.0116729091682	0.0125570815733	0.0935207204976	0.0374425432817	-0.0287897585212	-0.0354102885973	-0.00224474380054	0.0178840356173	0.0487701196817	-0.0365334875769	0.00157964996666	-0.00669341054451	0.00710804778514	-0.0433174090831	0.018959016807	0.0277801762359	-0.043953843848	-0.00380682455248	0.0191250841711	-0.0318515011708	1.0	-0.0359721162804	0.0445541057069	-0.0138900153074	0.00722952087297	0.0100302745354	-0.0311624947811	-0.00584202533919	-0.0541162120938	-0.0427895423031	-0.00361284861872	-0.0173666324585	-0.0237328957327	0.0230960274775	0.0179146125521	-0.0366499758978	-0.00650799703665	-0.0627410317999	-0.0242600424668	-0.0174410525383	-0.0257780454807	0.069806507437	0.00445191608032	-0.0112032928365	0.0116669481571	-0.0959070450987	-0.0462108030717	-0.00858616485592	0.00827867683027	0.0483627104478	-0.0206875098544	0.0273279945387
k__Bacteria;p__Bacteroidetes;c__Bacteroidia;o__Bacteroidales;f__Porphyromonadaceae;g__Parabacteroides;s__Parabacteroides_johnsonii	-0.0704057467453	-0.0372254704201	0.0192048540364	0.00172388478042	-0.0203075365034	0.00755548435944	-0.0322134529873	-0.0385822337857	-0.049900554626	0.0217733337297	0.0444981365751	0.0561721146555	0.0171832181681	-0.0370776942616	0.00809414831483	0.0223726019342	0.00462241298909	0.00386574830116	-0.0545506439859	0.0662277809282	-0.0122329108188	0.0429117988226	-0.0287106165133	0.01353517236	-0.0253959798799	0.0756248387054	0.0504931392603	-0.0359721162804	1.0	-0.0232965990105	0.0352866030569	-0.0283649169102	-0.0360022316633	-0.000681205109767	-0.0335168833186	-0.0228180447036	-0.037441454672	-0.0477215130817	0.00202308092301	-0.0221291110821	0.0175870399666	-0.0130208952316	-0.019190713341	0.020965822337	0.00791639259857	-0.00754395026363	0.0322630329311	-0.0562751023301	-0.0144132511882	-0.0301435636533	-0.0215468667484	-0.0425526155567	0.000156191355248	0.0395768755555	0.0081962489926	0.00237380728437	-0.0270386852969	0.0453650988389	0.0103087709908
k__Bacteria;p__Actinobacteria;c__Actinobacteria;o__Bifidobacteriales;f__Bifidobacteriaceae;g__Bifidobacterium;s__Bifidobacterium_longum	-0.0019146678697	-0.0316806112252	-0.000292617723838	-0.022783898984	0.00421611618576	0.0187216881474	0.0267303951996	-0.0142090666696	-0.0338765960627	-0.0120663704552	0.00508074518217	-0.024928343945	-0.023632101291	0.0177374857171	0.0121811595698	-0.0743082614276	-0.0375929985918	0.0448252080368	0.00726975183097	0.00571876909897	-0.0332015603298	0.0255626302927	-0.0688948796877	0.00904425114003	0.0126582905504	-0.00109041558833	0.0213213407122	0.0445541057069	-0.0232965990105	1.0	0.0437114407382	-0.00915332859795	-0.00733625755572	0.0223727097829	0.0159943273352	-0.0211081907298	-0.0163253054248	-0.0902900224232	0.00977299178426	-0.011638652609	0.0105960820852	-0.0288837783064	0.0183109519654	0.00670441732756	0.0373043277429	-0.0323993382635	-0.0326325604302	0.00930779421106	-0.062804503851	0.00336347199268	-0.0139287235236	-0.00437973276225	0.000247916104066	0.050799596621	0.00467529511707	-0.0162753315454	0.00562161328361	-0.00665939411732	-0.0176787588253
