#taxonomy	k__Bacteria;p__Bacteroidetes;c__Bacteroidia;o__Bacteroidales;f__Bacteroidaceae;g__Bacteroides;s__Bacteroides_vulgatus	k__Bacteria;p__Bacteroidetes;c__Bacteroidia;o__Bacteroidales;f__Bacteroidaceae;g__Bacteroides;s__Bacteroides_uniformis	k__Bacteria;p__Bacteroidetes;c__Bacteroidia;o__Bacteroidales;f__Rikenellaceae;g__Alistipes;s__Alistipes_putredinis	k__Bacteria;p__Bacteroidetes;c__Bacteroidia;o__Bacteroidales;f__Prevotellaceae;g__Prevotella;s__Prevotella_copri	k__Bacteria;p__Bacteroidetes;c__Bacteroidia;o__Bacteroidales;f__Bacteroidaceae;g__Bacteroides;s__Bacteroides_stercoris	k__Bacteria;p__Bacteroidetes;c__Bacteroidia;o__Bacteroidales;f__Bacteroidaceae;g__Bacteroides;s__Bacteroides_ovatus	k__Bacteria;p__Bacteroidetes;c__Bacteroidia;o__Bacteroidales;f__Rikenellaceae;g__Alistipes;s__Alistipes_shahii	k__Bacteria;p__Firmicutes;c__Clostridia;o__Clostridiales;f__Ruminococcaceae;g__Faecalibacterium;s__Faecalibacterium_prausnitzii	k__Bacteria;p__Bacteroidetes;c__Bacteroidia;o__Bacteroidales;f__Rikenellaceae;g__Alistipes;s__Alistipes_finegoldii	k__Bacteria;p__Bacteroidetes;c__Bacteroidia;o__Bacteroidales;f__Porphyromonadaceae;g__Parabacteroides;s__Parabacteroides_distasonis	k__Bacteria;p__Bacteroidetes;c__Bacteroidia;o__Bacteroidales;f__Bacteroidaceae;g__Bacteroides;s__Bacteroides_thetaiotaomicron	k__Bacteria;p__Bacteroidetes;c__Bacteroidia;o__Bacteroidales;f__Bacteroidaceae;g__Bacteroides;s__Bacteroides_coprocola	k__Bacteria;p__Bacteroidetes;c__Bacteroidia;o__Bacteroidales;f__Bacteroidaceae;g__Bacteroides;s__Bacteroides_cellulosilyticus	k__Bacteria;p__Bacteroidetes;c__Bacteroidia;o__Bacteroidales;f__Rikenellaceae;g__Alistipes;s__Alistipes_obesi	k__Bacteria;p__Firmicutes;c__Clostridia;o__Clostridiales;f__Lachnospiraceae;g__;s__[Eubacterium]_rectale	k__Bacteria;p__Bacteroidetes;c__Bacteroidia;o__Bacteroidales;f__Bacteroidaceae;g__Bacteroides;s__Bacteroides_plebeius	k__Bacteria;p__Bacteroidetes;c__Bacteroidia;o__Bacteroidales;f__Bacteroidaceae;g__Bacteroides;s__Bacteroides_fragilis	k__Bacteria;p__Proteobacteria;c__Betaproteobacteria;o__Burkholderiales;f__Sutterellaceae;g__Sutterella;s__Sutterella_wadsworthensis	k__Bacteria;p__Bacteroidetes;c__Bacteroidia;o__Bacteroidales;f__Porphyromonadaceae;g__Barnesiella;s__Barnesiella_intestinihominis	k__Bacteria;p__Bacteroidetes;c__Bacteroidia;o__Bacteroidales;f__Odoribacteraceae;g__Odoribacter;s__Odoribacter_splanchnicus	k__Bacteria;p__Bacteroidetes;c__Bacteroidia;o__Bacteroidales;f__Bacteroidaceae;g__Bacteroides;s__Bacteroides_salyersiae	k__Bacteria;p__Firmicutes;c__Clostridia;o__Clostridiales;f__Ruminococcaceae;g__Ruminiclostridium;s__[Eubacterium]_siraeum	k__Bacteria;p__Proteobacteria;c__Betaproteobacteria;o__Burkholderiales;f__Sutterellaceae;g__Parasutterella;s__Parasutterella_excrementihominis	k__Bacteria;p__Actinobacteria;c__Actinobacteria;o__Bifidobacteriales;f__Bifidobacteriaceae;g__Bifidobacterium;s__Bifidobacterium_adolescentis	k__Bacteria;p__Firmicutes;c__Clostridia;o__Clostridiales;f__Oscillospiraceae;g__Oscillibacter;s__Oscillibacter_sp._KLE_1745	k__Bacteria;p__Bacteroidetes;c__Bacteroidia;o__Bacteroidales;f__Bacteroidaceae;g__Bacteroides;s__Bacteroides_coprophilus	k__Bacteria;p__Firmicutes;c__Clostridia;o__Clostridiales;f__Lachnospiraceae;g__Roseburia;s__Roseburia_intestinalis	k__Bacteria;p__Firmicutes;c__Clostridia;o__Clostridiales;f__Lachnospiraceae;g__Roseburia;s__Roseburia_hominis	k__Bacteria;p__Bacteroidetes;c__Bacteroidia;o__Bacteroidales;f__Porphyromonadaceae;g__Parabacteroides;s__Parabacteroides_johnsonii	k__Bacteria;p__Actinobacteria;c__Actinobacteria;o__Bifidobacteriales;f__Bifidobacteriaceae;g__Bifidobacterium;s__Bifidobacterium_longum	k__Bacteria;p__Firmicutes;c__Clostridia;o__Clostridiales;f__;g__Flavonifractor;s__Flavonifractor_plautii	k__Bacteria;p__Firmicutes;c__Clostridia;o__Clostridiales;f__Clostridiaceae;g__Clostridium;s__Clostridium_phoceensis	k__Bacteria;p__Verrucomicrobia;c__Verrucomicrobiae;o__Verrucomicrobiales;f__Akkermansiaceae;g__Akkermansia;s__Akkermansia_muciniphila	k__Bacteria;p__Bacteroidetes;c__Bacteroidia;o__Bacteroidales;f__Prevotellaceae;g__Paraprevotella;s__Paraprevotella_xylaniphila	k__Bacteria;p__Firmicutes;c__Clostridia;o__Clostridiales;f__Ruminococcaceae;g__Ruminococcus;s__Ruminococcus_callidus	k__Bacteria;p__Bacteroidetes;c__Bacteroidia;o__Bacteroidales;f__Rikenellaceae;g__Alistipes;s__Alistipes_senegalensis	k__Bacteria;p__Firmicutes;c__Clostridia;o__Clostridiales;f__Lachnospiraceae;g__Blautia;s__Blautia_sp._KLE_1732	k__Bacteria;p__Bacteroidetes;c__Bacteroidia;o__Bacteroidales;f__Bacteroidaceae;g__Bacteroides;s__Bacteroides_oleiciplenus	k__Bacteria;p__Firmicutes;c__Clostridia;o__Clostridiales;f__Ruminococcaceae;g__Ruminococcus;s__Ruminococcus_bicirculans	k__Bacteria;p__Bacteroidetes;c__Bacteroidia;o__Bacteroidales;f__Bacteroidaceae;g__Bacteroides;s__Bacteroides_fluxus	k__Bacteria;p__Bacteroidetes;c__Bacteroidia;o__Bacteroidales;f__Prevotellaceae;g__Prevotella;s__Prevotella_stercorea	k__Bacteria;p__Firmicutes;c__Clostridia;o__Clostridiales;f__Lachnospiraceae;g__Dorea;s__Dorea_longicatena	k__Bacteria;p__Firmicutes;c__Clostridia;o__Clostridiales;f__Eubacteriaceae;g__Eubacterium;s__[Eubacterium]_eligens	k__Bacteria;p__Firmicutes;c__Clostridia;o__Clostridiales;f__Ruminococcaceae;g__;s__Ruminococcaceae_bacterium_D16	k__Bacteria;p__Firmicutes;c__Clostridia;o__Clostridiales;f__Lachnospiraceae;g__Coprococcus;s__Coprococcus_comes	k__Bacteria;p__Proteobacteria;c__Gammaproteobacteria;o__Enterobacterales;f__Enterobacteriaceae;g__Escherichia;s__Escherichia_coli	k__Bacteria;p__Firmicutes;c__Clostridia;o__Clostridiales;f__Ruminococcaceae;g__Anaerotruncus;s__Anaerotruncus_colihominis	k__Bacteria;p__Firmicutes;c__Clostridia;o__Clostridiales;f__Lachnospiraceae;g__Blautia;s__Blautia_obeum	k__Bacteria;p__Bacteroidetes;c__Bacteroidia;o__Bacteroidales;f__Odoribacteraceae;g__Odoribacter;s__Odoribacter_laneus	k__Bacteria;p__Firmicutes;c__Clostridia;o__Clostridiales;f__Ruminococcaceae;g__Ruminiclostridium;s__[Clostridium]_leptum	k__Bacteria;p__Bacteroidetes;c__Bacteroidia;o__Bacteroidales;f__Porphyromonadaceae;g__Parabacteroides;s__Parabacteroides_goldsteinii	k__Bacteria;p__Firmicutes;c__Clostridia;o__Clostridiales;f__Lachnospiraceae;g__Anaerostipes;s__Anaerostipes_hadrus	k__Bacteria;p__Firmicutes;c__Clostridia;o__Clostridiales;f__Ruminococcaceae;g__Ruminococcus;s__Ruminococcus_lactaris	k__Bacteria;p__Firmicutes;c__Clostridia;o__Clostridiales;f__Clostridiaceae;g__Clostridium;s__Clostridium_sp._L2-50	k__Bacteria;p__Firmicutes;c__Clostridia;o__Clostridiales;f__Clostridiaceae;g__Clostridium;s__Clostridium_sp._M62/1	k__Bacteria;p__Firmicutes;c__Clostridia;o__Clostridiales;f__;g__Intestinimonas;s__Intestinimonas_butyriciproducens	k__Bacteria;p__Actinobacteria;c__Actinobacteria;o__Bifidobacteriales;f__Bifidobacteriaceae;g__Bifidobacterium;s__Bifidobacterium_bifidum	k__Bacteria;p__Firmicutes;c__Negativicutes;o__Veillonellales;f__Veillonellaceae;g__Dialister;s__Dialister_invisus	k__Bacteria;p__Bacteroidetes;c__Bacteroidia;o__Bacteroidales;f__Bacteroidaceae;g__Bacteroides;s__Bacteroides_salanitronis
k__Bacteria;p__Bacteroidetes;c__Bacteroidia;o__Bacteroidales;f__Bacteroidaceae;g__Bacteroides;s__Bacteroides_vulgatus	1.0	0.0385928927313	-0.0114536586089	-0.0099847730907	-0.0306738367652	0.023538649067	0.0124636791392	0.0148367540705	0.00738778423689	0.0566916643436	0.0207928760552	0.0280477810696	-0.0282127839632	0.0157796108567	0.00874782764576	-0.0424765899226	-0.0549064625048	-0.0047807211082	-0.0335663967961	0.0217081070227	-0.0522529609299	0.00789516418285	-0.0900630691569	-0.012538923663	0.04421112007	0.0271018411822	0.0234113138068	-0.0471398894132	0.0119454496201	-0.00518223606453	-0.0449293166638	0.00109317289856	0.00618492613143	-0.00355331568951	0.00297586001435	-0.0451118569936	-0.0210362989018	0.0640599079859	0.0127610872092	0.016173555696	0.0336277094544	0.0147163758132	-0.0432484260694	0.029345376365	-0.0174277294675	0.0302036555311	0.0325129169224	-0.02871567374	0.0125779849668	0.0188913018725	-0.0155592738759	-0.0978339905564	0.0363659370702	-0.0139215641239	-0.00832798982521	-0.0266499446958	0.0176290573386	0.0266469949677	0.0157561226678
k__Bacteria;p__Bacteroidetes;c__Bacteroidia;o__Bacteroidales;f__Bacteroidaceae;g__Bacteroides;s__Bacteroides_uniformis	0.0385928927313	1.0	0.0328510485631	-0.0619248172107	-0.0318314890213	-0.0285341276545	-0.0219031209144	0.0345231958164	-0.0630393044114	0.0517869858265	-0.0293022444677	-0.0129375202082	-0.047133271468	0.0723431738512	0.0410795660166	0.00488610107297	0.0389525954834	0.0229156344241	0.00578183173296	-0.0081466687948	0.0399789536094	0.00309416548716	-0.0109161746424	0.0705201397954	-0.0555279129256	0.0418515345868	0.0550886198795	-0.0138365976444	-0.0360550652924	-0.0262596887035	-0.0439633738496	-0.0463598709021	0.00303349691185	-0.00324127279523	-0.0556238950796	0.00808745691674	0.0367035111333	0.00855080339642	-0.0278041273818	0.0445135939398	-0.0191316518066	-0.0133737721613	-0.00503235925113	0.0362903416761	-0.0309392222755	-0.0608529589365	0.0002152314095	-0.0369233196449	-0.0162975067078	-0.0446534892264	-0.0115198444572	-0.0330755289305	0.0404258624831	-0.0149451884362	-0.0476112337256	-0.01493119016	-0.00537957848686	-0.010291572427	0.00584604317434
k__Bacteria;p__Bacteroidetes;c__Bacteroidia;o__Bacteroidales;f__Rikenellaceae;g__Alistipes;s__Alistipes_putredinis	-0.0114536586089	0.0328510485631	1.0	-0.0285378244173	0.016993216018	0.0271749512096	-0.0543782538578	0.0166997538911	0.0316820766603	0.0313462002231	0.0108305129049	0.0112891875832	0.063412667459	0.0207857568743	0.0110509348034	-0.0738723955135	-0.00738244154514	0.0630065344011	0.0418985830311	-0.00329318234047	-0.0677141003668	0.00554307316849	0.0327594909868	0.0212138514289	-0.0498489922459	-0.0437262551037	-0.00267238847803	0.0177804619119	-0.023597935119	-0.0125359849465	0.0643553899758	0.039861138135	0.00796300451081	0.014136754948	-0.024528888214	-0.0284456330543	-0.0542609495927	-0.0438458577084	0.00595678235221	-0.0132631530199	0.0155124828827	-0.00634163627811	0.00221250043377	0.0433149289643	-0.0923278859914	0.0403584376529	-0.00902253767177	-0.101628506784	0.00164722749063	0.00430755292598	-0.0152858021881	0.0165326876104	0.0354769198785	0.00153922441888	-0.0135387601725	0.0723097627346	-0.0639721794096	0.0425221868258	-0.0260583829669
k__Bacteria;p__Bacteroidetes;c__Bacteroidia;o__Bacteroidales;f__Prevotellaceae;g__Prevotella;s__Prevotella_copri	-0.0099847730907	-0.0619248172107	-0.0285378244173	1.0	-0.0871926197914	-0.0178003847064	0.00637885066084	0.00749474371857	-0.0089318230108	0.00249828469781	-0.0145953534506	0.0689868840931	0.000276200175941	-0.03124029657	0.00750917339912	0.0408927109864	-0.0140585350487	-0.0207151260555	0.0380505232712	-0.00698946752274	-0.0183409137171	-0.0364915424442	-0.0190912761344	0.052909605775	0.00932286231238	0.0321364882437	-0.0322862478511	0.00158875418959	0.0471914069315	0.00963828350641	-0.0323091600976	0.00538209839762	0.0280439089643	-0.00166997796319	-0.0192263022867	0.00647109205798	-0.0620051439338	-0.0109960864465	0.00316960749188	-0.00530915832994	-0.0215478164137	-0.00984362826439	-0.0425895809689	-0.0485921699861	-0.0106457385823	-0.0336259929973	-0.0225197832925	-0.00732252977776	-0.00683173058618	0.0333224496645	-0.0298933747537	-0.0225069080897	0.0503020386272	-0.040829389009	0.0244658764949	-0.000958321683563	-0.0351956483894	0.0176389544169	-0.000943640440528
k__Bacteria;p__Bacteroidetes;c__Bacteroidia;o__Bacteroidales;f__Bacteroidaceae;g__Bacteroides;s__Bacteroides_stercoris	-0.0306738367652	-0.0318314890213	0.016993216018	-0.0871926197914	1.0	0.00466028394956	-0.039416719013	0.0163811638426	0.0375820934217	-0.0253031571029	0.0308952498317	-0.0295210422718	-0.00832151402698	0.0155970454415	-0.0329091568306	0.0635109636824	-0.0260270291086	0.0243635153832	-0.0126880926374	-0.03970303266	0.0175440565307	-0.0601119002966	0.0325818458315	0.0271960695812	-0.00191700317376	0.00191259349646	-0.0164349177315	-0.015206695622	-0.00308166507495	0.0166152328601	0.0317998438925	-0.00891454164929	-0.0533693732879	-0.0143480011379	0.0115273274414	-0.0238530126176	-0.0269325932391	-0.038784046799	0.101408434542	-0.0242963267743	0.00332344569192	-0.0329270155097	0.0126714787616	-0.032554967361	0.00880265499503	0.0160261152563	0.0280288263808	-0.0318086334573	0.00691953508621	0.0534344910007	-0.019831761743	-0.0436765056647	0.00952819260267	-0.0378602830506	-0.0286108703311	0.0223376708703	0.0140926373551	-0.03242453412	0.028835501568
k__Bacteria;p__Bacteroidetes;c__Bacteroidia;o__Bacteroidales;f__Bacteroidaceae;g__Bacteroides;s__Bacteroides_ovatus	0.023538649067	-0.0285341276545	0.0271749512096	-0.0178003847064	0.00466028394956	1.0	0.0376075233188	-0.0132237028585	-0.00745322187873	-0.0110983673181	0.031994253079	-0.0283668047484	-0.038983171422	0.0222481341894	-0.00526961036605	0.0139334690492	-0.0105060039265	-0.037172423245	-0.00202051006354	0.0576086080142	-0.0265004689752	-0.0790017297742	0.00384379865845	0.0254947533349	-0.0387150453813	0.00513953740637	-0.00235552705815	0.0712845620904	-0.0244534917184	0.0474182321188	-0.0424151961792	-0.0114322880237	0.0426269539428	-0.0299840811667	-0.0389297465936	0.00571304542004	0.0303311411081	-0.055690651941	0.000271540591382	-0.034148048176	-0.0580207095694	0.00207789250653	0.0191708854999	-0.021004466732	0.0144184792322	-0.0463386195101	-0.0485027842453	-0.0607735583428	0.0396993520695	-0.0239284864649	-0.0162992691379	-0.0283040344744	-0.00781382507906	-0.0366603687464	-0.0105677862508	-0.055911273427	0.00284775239133	-0.00395644816361	-0.0458612180606
k__Bacteria;p__Bacteroidetes;c__Bacteroidia;o__Bacteroidales;f__Rikenellaceae;g__Alistipes;s__Alistipes_shahii	0.0124636791392	-0.0219031209144	-0.0543782538578	0.00637885066084	-0.039416719013	0.0376075233188	1.0	0.0119116201385	-0.0241678289243	-0.0157814152611	0.0476303022642	0.0120631522718	-0.00956989136299	-0.0294917541825	-0.0266997296996	0.0355842405975	0.0407504943047	-0.0218594615767	-0.0206271201234	-0.00807374906861	0.00427839972991	-0.0167667300847	0.0421905183198	-0.105868311313	-0.0666541133391	0.0608595262817	-0.0412874587174	0.0214757067748	-0.0393570278648	0.00811332347052	-0.0104773006365	0.00603498747307	0.0113376110434	-0.0495586006856	0.0455859316574	0.0397510334386	-0.0891244728422	0.0505359417211	0.0356491921353	-0.0136642147934	0.0208526198056	0.00225919803194	-0.0135736244997	-0.077601953356	0.0276599030163	0.0126981702979	-0.0258777748887	-0.0280070574414	0.00181072956379	0.0126960935539	-0.0863776580654	-0.0359973706911	0.0164391695207	-0.0167300733172	0.0567129681581	-0.0203420642795	-0.00263033719303	-0.03741196493	-0.0145389824159
k__Bacteria;p__Firmicutes;c__Clostridia;o__Clostridiales;f__Ruminococcaceae;g__Faecalibacterium;s__Faecalibacterium_prausnitzii	0.0148367540705	0.0345231958164	0.0166997538911	0.00749474371857	0.0163811638426	-0.0132237028585	0.0119116201385	1.0	0.0459287998011	-0.00774357218479	0.0448274847779	-0.0644508468665	-0.0654719737601	0.0178700660368	-0.0259638027412	0.0167189113877	0.0097370087299	-0.0576079876398	-0.0115963230483	0.0301625382112	0.0248406603512	-0.00392261186287	-0.0354851730325	-0.0178872930229	0.0339292468133	-0.00794288807692	0.0505035118472	-0.0416310590874	0.022612611161	-0.0526126895537	-0.0415072395199	0.00227189027887	-0.00871621367999	0.0434901599988	-0.0231679660662	-0.0366741794116	-0.00357862143981	-0.00801897818501	-0.0624997067364	-0.0263386724184	-0.0015265404964	-0.0333520922552	-0.0237007566078	0.024604779846	-0.0229459310416	0.0422772713173	0.00801138280592	-0.0473950339872	-0.0366748230522	-0.062939070553	-0.0490405532689	-0.0216525753939	-0.00936689680378	0.0465988342787	-0.0112642748417	-0.0087849517945	0.019830620816	-0.0330731012798	0.0455397493617
k__Bacteria;p__Bacteroidetes;c__Bacteroidia;o__Bacteroidales;f__Rikenellaceae;g__Alistipes;s__Alistipes_finegoldii	0.00738778423689	-0.0630393044114	0.0316820766603	-0.0089318230108	0.0375820934217	-0.00745322187873	-0.0241678289243	0.0459287998011	1.0	-0.0286424010264	0.0129083887639	-0.0192011152437	0.0363100410958	0.00390876170691	-0.0133015847959	-0.0450952995419	0.0429697816363	-0.00961955280366	-0.0884052733877	0.0424886492953	-0.0599688988403	0.0155075995741	-0.00691753196446	0.0136552428029	-0.0443312722269	-0.0354416636843	-0.0267729913364	0.0224218137073	-0.022848014706	-0.0419546865761	0.0540395628167	-0.0122614743477	-0.0233736152617	-0.0291910389889	0.0172314131601	-0.00823616104365	0.0517046032443	-0.00691668669712	0.0406375000704	0.0274694934162	-0.00290788713999	-0.00529316382524	0.00803573935827	0.0638601869661	0.0167193501884	-0.0143820829809	0.0815513295427	0.0235478067637	-0.0706512487207	0.0459004735748	0.00318395483573	0.00170325266882	-0.00449094672426	0.00937163064638	-0.0550040792697	0.0208539551203	-0.0609038817745	-0.058375744027	-0.0169840882698
k__Bacteria;p__Bacteroidetes;c__Bacteroidia;o__Bacteroidales;f__Porphyromonadaceae;g__Parabacteroides;s__Parabacteroides_distasonis	0.0566916643436	0.0517869858265	0.0313462002231	0.00249828469781	-0.0253031571029	-0.0110983673181	-0.0157814152611	-0.00774357218479	-0.0286424010264	1.0	-0.050279192876	0.0152456117962	-0.014369487505	0.00933393611726	0.0250283751765	0.0188783293261	-0.0259658504408	0.0174953492109	-0.00690728349015	0.018802463802	-0.00767314093851	-0.0335077718129	-0.0364624450586	-0.00239791261101	0.0146695015957	0.0301169718421	-0.0401158482218	-0.0356904709002	-0.0349387032886	0.0355513897857	0.031563256463	0.013837937027	-0.0674881621892	-0.0028256659347	-0.0146903925084	0.0156004108506	0.0537300963193	-0.0128873137464	-0.00843957338096	-0.0202255397063	0.0163262174778	-0.0264207182517	-0.0384937972819	0.0278429690991	-0.0773257421074	0.0291556361682	0.0409609873937	-0.0225101489739	-0.0368476344692	-0.0352475978464	-0.0302482865188	0.0186264519444	0.00063314796907	-0.0255179464281	0.0520525672684	-0.00237139325412	0.00991148607091	-0.00379966278493	0.00816083228578
k__Bacteria;p__Bacteroidetes;c__Bacteroidia;o__Bacteroidales;f__Bacteroidaceae;g__Bacteroides;s__Bacteroides_thetaiotaomicron	0.0207928760552	-0.0293022444677	0.0108305129049	-0.0145953534506	0.0308952498317	0.031994253079	0.0476303022642	0.0448274847779	0.0129083887639	-0.050279192876	1.0	-0.0826541046403	-0.025075275286	-0.0538042914996	-0.0351430950884	-0.00117682062315	-0.00476186555751	-0.0354184387273	-0.0261597431683	0.020854680696	0.0448951501486	-0.0109776596388	0.0220141137278	-0.0165713810049	-0.0501056376888	-0.0735062687689	0.0183043289328	-0.00916858348372	0.0522240999894	-0.0375135138733	-0.0233772252809	0.00512609003861	-0.0163311578817	-0.0552073128559	0.0766853665782	-0.0582555602423	0.0136160051289	0.0272322364403	-0.0249764680083	0.00029310534159	0.0414536887775	-0.057991154267	-0.0132643223379	0.0362096260496	-0.00690519153672	-0.0141169142166	0.0321032444952	-0.0350647502612	0.0311429951092	0.0495962037238	0.0329935091989	0.0368132800458	0.0093783189049	-0.0319438024379	-0.10112312902	0.0115455720705	-0.0455871641235	-0.0223340511249	0.00293614314909
k__Bacteria;p__Bacteroidetes;c__Bacteroidia;o__Bacteroidales;f__Bacteroidaceae;g__Bacteroides;s__Bacteroides_coprocola	0.0280477810696	-0.0129375202082	0.0112891875832	0.0689868840931	-0.0295210422718	-0.0283668047484	0.0120631522718	-0.0644508468665	-0.0192011152437	0.0152456117962	-0.0826541046403	1.0	-0.0357062466681	-0.0430102223572	0.00103184733339	-0.0360859961562	0.0267898700832	0.0153421908785	0.0210492204715	-0.00876162114628	0.0210355357296	0.0549354909476	-0.0226371591146	0.023286386999	-0.0315179603686	-0.0214440087273	-0.0849900683978	0.00715918224427	-0.0823502366266	-0.0223163835311	-0.00905121419946	0.0287705067201	-0.0182465404881	-0.00223070256531	-0.0539616418585	-0.0182855188189	-0.00879456368857	0.020127365335	-0.033780823549	0.025485486892	-0.0194784845068	-0.0125243593709	0.0158459571378	0.00231520948062	0.0285652258698	0.0136517242722	0.0501421317035	0.000745503838069	-0.0223405978862	0.0327899788182	0.0213804431909	-0.0581378422895	-0.010697232269	-0.0368992996537	-0.039117479289	0.0310681958658	-0.0193892130744	-0.0285248569545	-0.0165712551577
k__Bacteria;p__Bacteroidetes;c__Bacteroidia;o__Bacteroidales;f__Bacteroidaceae;g__Bacteroides;s__Bacteroides_cellulosilyticus	-0.0282127839632	-0.047133271468	0.063412667459	0.000276200175941	-0.00832151402698	-0.038983171422	-0.00956989136299	-0.0654719737601	0.0363100410958	-0.014369487505	-0.025075275286	-0.0357062466681	1.0	-0.031013919655	0.0226510345904	0.0320720974711	0.00988305822839	-0.0224762839078	0.00530252806547	-0.0490653864594	-0.0427444545912	0.0177965477188	-0.028968210022	-0.035350530197	0.0513431083178	-0.0271821993674	-0.0439515266226	0.0391943196586	0.0974433697412	0.00322112606763	0.0112652850169	-0.0335357328244	0.0280744099975	0.00724704779875	-0.0163873822564	0.0428976146105	0.00838806285505	-0.0318417486362	0.0254649579503	-0.0201472216291	-0.0597565366265	-0.0553583948843	-0.00193846818	-0.0186985759267	0.00156664396262	-0.0247607633169	0.00723482580835	0.0145148210239	-0.0182721668135	0.0276376729322	0.0144106244608	-0.00825624152812	-0.0557829298868	-0.0452941861636	-0.0268350295746	0.0338802747371	0.0430638540104	0.00839942557028	-0.0371978586011
k__Bacteria;p__Bacteroidetes;c__Bacteroidia;o__Bacteroidales;f__Rikenellaceae;g__Alistipes;s__Alistipes_obesi	0.0157796108567	0.0723431738512	0.0207857568743	-0.03124029657	0.0155970454415	0.0222481341894	-0.0294917541825	0.0178700660368	0.00390876170691	0.00933393611726	-0.0538042914996	-0.0430102223572	-0.031013919655	1.0	0.00852138857688	0.035076137279	0.0110580835627	0.0205397288151	-0.00176845515894	-0.0781130810664	-0.0555965893814	0.0207950157765	-0.0482687869027	0.0540827183712	-0.00508255951073	-0.0208104874609	0.0576220938402	-0.026774136077	0.00280785936528	-0.0234200622516	0.0315218594143	-0.0375313833659	-0.00834051713077	-0.0930077120698	-0.0508254947985	-0.00799906065082	0.003146355476	0.0158319618304	-0.0460781532807	-0.0212194205377	0.00475631023319	-0.0558117308916	-0.018217325959	-0.0194048347258	-0.0157107855329	0.0515178037074	0.0371324220159	-0.00730504317849	0.0147549755186	0.0206255554322	0.00755659183348	-0.00190744949459	-0.046929901798	0.00538899317005	0.0285698772677	-0.00803123594303	-0.010484933813	0.0300327081419	0.00103770393406
k__Bacteria;p__Firmicutes;c__Clostridia;o__Clostridiales;f__Lachnospiraceae;g__;s__[Eubacterium]_rectale	0.00874782764576	0.0410795660166	0.0110509348034	0.00750917339912	-0.0329091568306	-0.00526961036605	-0.0266997296996	-0.0259638027412	-0.0133015847959	0.0250283751765	-0.0351430950884	0.00103184733339	0.0226510345904	0.00852138857688	1.0	-0.0118017511845	-0.0572124819943	-0.0288875663247	0.0247840782625	-0.0139054341918	0.00360233531569	0.00778647260261	-0.007546467767	-0.00659102851429	-0.0272433157565	0.0118672393413	-0.0131967642896	0.00385713326743	0.0523588475922	-0.0350611766132	-0.0652535734718	0.0245754793896	-0.0262816787674	-0.050643112691	-0.0223962451221	0.0515528307165	-0.0590460729724	-0.0357158455197	0.0506841416826	-0.00176580989644	-0.0622718078102	-0.077753452067	0.00524414650023	0.000939828170956	-0.0368253776876	0.0297698590492	-0.0163100846237	0.0457764415792	0.0233689491111	-0.0112315597586	0.033376438305	0.00319547770993	0.0136053031457	0.0461350893441	-0.0362628925253	-0.0188081721984	-0.026602956098	-0.0160073517401	-0.0417625985132
k__Bacteria;p__Bacteroidetes;c__Bacteroidia;o__Bacteroidales;f__Bacteroidaceae;g__Bacteroides;s__Bacteroides_plebeius	-0.0424765899226	0.00488610107297	-0.0738723955135	0.0408927109864	0.0635109636824	0.0139334690492	0.0355842405975	0.0167189113877	-0.0450952995419	0.0188783293261	-0.00117682062315	-0.0360859961562	0.0320720974711	0.035076137279	-0.0118017511845	1.0	0.0393979617383	-0.00721814391645	-0.0331838680481	-0.024754295691	0.0232793803982	-0.0020795961333	-0.0225124070816	0.0406875431219	0.0144238610202	-0.0180039059681	-0.0159005274827	-0.0299916278681	-0.0183078316297	0.00745948642045	0.00243519074306	-0.0172026627284	0.0485901265291	-0.00149709248729	0.0093229099484	-0.0053520113065	-0.0749519878914	-0.0301814847187	-0.0928665201034	0.038407155991	-0.0162791147811	-0.0295548399077	-0.0710774310343	-0.00654433812801	-0.034726617354	-0.00217763492816	0.0469785904341	0.0136691086758	-0.0379482410329	0.066938026587	0.0334930435732	0.0221025099346	-0.0180629242823	-0.00285499412452	-0.00937163841485	-0.0020456468585	-0.0075869718248	0.0238257627171	-0.0568235507863
k__Bacteria;p__Bacteroidetes;c__Bacteroidia;o__Bacteroidales;f__Bacteroidaceae;g__Bacteroides;s__Bacteroides_fragilis	-0.0549064625048	0.0389525954834	-0.00738244154514	-0.0140585350487	-0.0260270291086	-0.0105060039265	0.0407504943047	0.0097370087299	0.0429697816363	-0.0259658504408	-0.00476186555751	0.0267898700832	0.00988305822839	0.0110580835627	-0.0572124819943	0.0393979617383	1.0	-0.0324132542187	0.0403361283202	-0.00124020261003	-0.0469025925197	-0.017060653077	0.0277006129201	0.00528383211846	-0.0104052532473	-0.0350955862176	-0.0815332800871	-0.00923384993105	-0.00101760550985	-0.0401619844198	0.00762323061952	-0.0182731103117	0.00160683167309	0.000279346221024	0.058622628987	0.0369454949431	-0.0384004563436	0.0209302018247	0.0722257726413	0.0518554351914	0.0239151850336	0.0282034062087	0.00124991623528	-0.0379046043069	-0.0507301104313	-0.0767163084197	-0.0110382334771	0.0369146429051	0.0237712307206	0.00575018350937	0.0500074869967	0.057459710361	-0.0433563851621	-0.00839309120438	0.0234980819162	0.0186133920633	-0.018069595966	-0.0532965119778	0.000524741751227
k__Bacteria;p__Proteobacteria;c__Betaproteobacteria;o__Burkholderiales;f__Sutterellaceae;g__Sutterella;s__Sutterella_wadsworthensis	-0.0047807211082	0.0229156344241	0.0630065344011	-0.0207151260555	0.0243635153832	-0.037172423245	-0.0218594615767	-0.0576079876398	-0.00961955280366	0.0174953492109	-0.0354184387273	0.0153421908785	-0.0224762839078	0.0205397288151	-0.0288875663247	-0.00721814391645	-0.0324132542187	1.0	-0.00685774992693	-0.0312964769973	0.0213097092848	0.0157330441221	0.00754468052106	-0.0130424811913	0.0086590622553	-0.0139016991084	0.00418133218073	-0.0418636195008	0.00445787447547	0.0471518219682	-0.0602038665006	-0.0253924119077	0.00594627624919	-0.0054376683088	0.0121479597416	0.053647805711	-0.00604871358261	-0.0583231345331	-0.0420040439001	0.0374784774066	-0.0411528252894	0.00223540462387	0.0236513148661	0.00131588583132	-0.0376516278477	-0.0126144296144	0.0345093400775	0.0550565196402	0.0443881327934	0.0204098031366	0.020557571911	-0.000817232676613	-0.0544773571949	0.0190415860823	0.0275998243906	0.0416688803487	-0.0156635415034	-0.0398703850697	-0.000115616592458
k__Bacteria;p__Bacteroidetes;c__Bacteroidia;o__Bacteroidales;f__Porphyromonadaceae;g__Barnesiella;s__Barnesiella_intestinihominis	-0.0335663967961	0.00578183173296	0.0418985830311	0.0380505232712	-0.0126880926374	-0.00202051006354	-0.0206271201234	-0.0115963230483	-0.0884052733877	-0.00690728349015	-0.0261597431683	0.0210492204715	0.00530252806547	-0.00176845515894	0.0247840782625	-0.0331838680481	0.0403361283202	-0.00685774992693	1.0	-0.0113625383251	0.0219650505143	0.0151992674028	-0.0128150347129	0.00738780233045	0.0343799111306	-0.0281292109508	0.0217010835621	0.00265179639504	0.0201690554647	-0.0108652542872	-0.0269061022432	0.0199977288812	-0.0124421370954	-0.0340323982653	-0.0052836745551	-0.00690965290188	0.0159353515918	0.0308189869865	-0.042177536638	-0.044970387386	0.00612854968674	0.0120755188333	0.0688587798012	-0.00928483077495	-0.0108996874522	0.0614426144902	-0.0371891032834	0.0131933945323	-0.000618650510237	-0.0506915144288	0.0426834516096	0.00609909218092	-0.00285973878094	-0.0116242474067	0.00791539392432	-0.0251959224431	0.00658189378879	-0.0102860941941	-0.0387362081927
k__Bacteria;p__Bacteroidetes;c__Bacteroidia;o__Bacteroidales;f__Odoribacteraceae;g__Odoribacter;s__Odoribacter_splanchnicus	0.0217081070227	-0.0081466687948	-0.00329318234047	-0.00698946752274	-0.03970303266	0.0576086080142	-0.00807374906861	0.0301625382112	0.0424886492953	0.018802463802	0.020854680696	-0.00876162114628	-0.0490653864594	-0.0781130810664	-0.0139054341918	-0.024754295691	-0.00124020261003	-0.0312964769973	-0.0113625383251	1.0	0.0706556725117	-0.0389865950339	-0.0416342900309	-0.0488467625729	-0.0191892025483	-0.00725853608353	0.0191074698775	-0.0112035984471	0.0153724477635	0.0668434175333	-0.000383901149261	0.0362144433387	0.0477728072455	-0.0459747220072	-0.0282564437123	0.00766897871286	0.016630176371	-0.0285162761886	-0.0124079795808	-0.0324631025566	-0.00473686701008	0.00388315517016	-0.0462972494818	0.0129615668608	-0.0393628676481	-0.0252430526621	-0.069532682342	-0.00709102896783	0.0191937852806	0.0405498693943	-0.0133934805206	-0.0295966673179	-0.0339293178124	-0.0138390608829	0.0060703561139	-0.0407934437714	0.0240335319869	-0.0355198811798	0.0378545853696
k__Bacteria;p__Bacteroidetes;c__Bacteroidia;o__Bacteroidales;f__Bacteroidaceae;g__Bacteroides;s__Bacteroides_salyersiae	-0.0522529609299	0.0399789536094	-0.0677141003668	-0.0183409137171	0.0175440565307	-0.0265004689752	0.00427839972991	0.0248406603512	-0.0599688988403	-0.00767314093851	0.0448951501486	0.0210355357296	-0.0427444545912	-0.0555965893814	0.00360233531569	0.0232793803982	-0.0469025925197	0.0213097092848	0.0219650505143	0.0706556725117	1.0	-0.0548993273995	-0.0158970153014	-0.0117868804647	0.035670452566	0.00642395804708	0.0337045639664	-0.0161616409557	-0.0331317013972	0.0114555319195	-0.0353407075298	0.00943743933924	-0.0854878189123	0.0252576838926	-0.0308539292358	0.0445147472697	-0.00291333076531	-0.0399159466325	-0.0120446152698	0.0146477191912	-0.0424243160628	-0.00383970257761	0.0535493585659	0.0244394128289	-0.0107426557524	0.0117763450765	-0.0255427829184	-0.00181980219292	-0.00175419650165	-0.0607740116742	0.00540077020928	0.00694346614415	-0.0264047975357	-0.00842206319881	-0.0275213340957	0.00235963705321	0.0215700723204	0.0173220824935	0.0136525263573
k__Bacteria;p__Firmicutes;c__Clostridia;o__Clostridiales;f__Ruminococcaceae;g__Ruminiclostridium;s__[Eubacterium]_siraeum	0.00789516418285	0.00309416548716	0.00554307316849	-0.0364915424442	-0.0601119002966	-0.0790017297742	-0.0167667300847	-0.00392261186287	0.0155075995741	-0.0335077718129	-0.0109776596388	0.0549354909476	0.0177965477188	0.0207950157765	0.00778647260261	-0.0020795961333	-0.017060653077	0.0157330441221	0.0151992674028	-0.0389865950339	-0.0548993273995	1.0	0.0100670421697	0.00737889204619	-0.0124863033956	-0.0444504329373	0.0245931855998	-0.0222471808865	-0.0180432636764	-0.0496209683387	0.0152893577147	-0.017101591465	-0.0328321048916	0.00207778138211	0.0133656697795	0.00986642762905	0.0259634882907	-0.0164643107044	0.0759771358441	-0.00822310962748	-0.00414011694027	0.00924853882552	-0.0196567912718	0.0294646133795	0.00513790726753	-0.0327983822005	0.0380315840834	0.00337032079083	0.022223771963	0.0474132281843	-0.0698353559272	-0.01116730939	-0.0178180430064	-0.0208380077498	-0.0784031499719	-0.0590451343316	-0.00455223351234	0.0295143008038	0.00179951084581
k__Bacteria;p__Proteobacteria;c__Betaproteobacteria;o__Burkholderiales;f__Sutterellaceae;g__Parasutterella;s__Parasutterella_excrementihominis	-0.0900630691569	-0.0109161746424	0.0327594909868	-0.0190912761344	0.0325818458315	0.00384379865845	0.0421905183198	-0.0354851730325	-0.00691753196446	-0.0364624450586	0.0220141137278	-0.0226371591146	-0.028968210022	-0.0482687869027	-0.007546467767	-0.0225124070816	0.0277006129201	0.00754468052106	-0.0128150347129	-0.0416342900309	-0.0158970153014	0.0100670421697	1.0	-0.0101605069733	-0.0235287250939	-0.00729722775322	0.0084026879626	-0.00390987094808	-0.017683601177	-0.0351116755343	0.0111979210275	0.000375242748519	0.00782635946525	0.016666206272	0.00536363268034	0.0117672430622	-0.0217308116869	0.0203541479872	-0.0122702327111	0.0542962185517	0.00481465990809	-0.0340929114494	-0.0367032342759	0.0412028973809	0.0103004404357	-0.0324474961186	-0.0161773448678	-0.023416246105	0.029920907746	0.0267336221969	0.0112997126133	0.0219968962834	-0.0461189093703	-0.0513237501489	0.00293863883484	-0.0171692134017	-0.0159279321726	0.00146272755639	0.0084797450751
k__Bacteria;p__Actinobacteria;c__Actinobacteria;o__Bifidobacteriales;f__Bifidobacteriaceae;g__Bifidobacterium;s__Bifidobacterium_adolescentis	-0.012538923663	0.0705201397954	0.0212138514289	0.052909605775	0.0271960695812	0.0254947533349	-0.105868311313	-0.0178872930229	0.0136552428029	-0.00239791261101	-0.0165713810049	0.023286386999	-0.035350530197	0.0540827183712	-0.00659102851429	0.0406875431219	0.00528383211846	-0.0130424811913	0.00738780233045	-0.0488467625729	-0.0117868804647	0.00737889204619	-0.0101605069733	1.0	-0.0463067705081	-0.0293656560952	-0.0100105463925	0.0229377727486	-0.016578551794	0.0054010717278	0.0276611266081	-0.00955417017864	0.0318104628289	-0.019135868984	-0.0284620990167	-0.0052836255566	-0.025551176579	0.0355923308092	-0.00879294257911	0.00849744944914	-0.0339009779002	0.00443932406637	-0.0132953310642	0.0184313816341	0.0337202326672	-0.00492260130446	-0.0487153040254	-0.0161197684636	-0.0225577368045	0.0179486803744	0.0462252138932	-0.0257071046566	-0.0280482998104	-0.0587073906137	0.00842929143414	-0.0618387868302	-0.0580188505003	-0.0389363690748	-0.003654612368
k__Bacteria;p__Firmicutes;c__Clostridia;o__Clostridiales;f__Oscillospiraceae;g__Oscillibacter;s__Oscillibacter_sp._KLE_1745	0.04421112007	-0.0555279129256	-0.0498489922459	0.00932286231238	-0.00191700317376	-0.0387150453813	-0.0666541133391	0.0339292468133	-0.0443312722269	0.0146695015957	-0.0501056376888	-0.0315179603686	0.0513431083178	-0.00508255951073	-0.0272433157565	0.0144238610202	-0.0104052532473	0.0086590622553	0.0343799111306	-0.0191892025483	0.035670452566	-0.0124863033956	-0.0235287250939	-0.0463067705081	1.0	-0.0225809784087	-0.0541066970448	0.000593293628452	0.02390719844	0.0111191478978	-0.0131818008956	-0.0497136782031	-0.0261048440242	5.79374787047e-05	0.0350240333552	0.0415185334982	0.00318578761648	0.0101227838979	0.0558542674974	-0.0313324083549	-0.0153814528353	-0.0574245753125	-0.0248469035493	-0.0065214885854	0.061870477304	-0.0232637731726	-0.00588462588201	-0.0388287173942	0.00128573559968	-0.0195699981638	-0.00958040712323	0.0189488905904	-0.0325567214053	0.0240471798601	-0.0110483823414	0.00139237859933	0.0500640939562	-0.0284426527504	0.026081952355
k__Bacteria;p__Bacteroidetes;c__Bacteroidia;o__Bacteroidales;f__Bacteroidaceae;g__Bacteroides;s__Bacteroides_coprophilus	0.0271018411822	0.0418515345868	-0.0437262551037	0.0321364882437	0.00191259349646	0.00513953740637	0.0608595262817	-0.00794288807692	-0.0354416636843	0.0301169718421	-0.0735062687689	-0.0214440087273	-0.0271821993674	-0.0208104874609	0.0118672393413	-0.0180039059681	-0.0350955862176	-0.0139016991084	-0.0281292109508	-0.00725853608353	0.00642395804708	-0.0444504329373	-0.00729722775322	-0.0293656560952	-0.0225809784087	1.0	-0.0249566361512	-0.0718588224281	0.0133311327684	-0.011737064785	-0.0287664496467	0.0157352189631	-0.0246585023777	0.0815273499582	0.0192885842264	-0.0127133425601	0.00879629551961	0.0158571627624	-0.0307496634879	-0.0458747843182	-0.0147832860662	-0.0147490719778	0.00358530595351	-0.0237509892704	0.0292944272625	-0.0399884247621	0.0168205402526	0.00599763625837	-0.00757532214202	-0.064469739438	-0.00914589564035	0.0212550595844	0.0909907742207	0.0238919423319	-0.0139992716843	-0.0522327859168	-0.0225533956932	-0.0517441721414	-0.0331893298509
k__Bacteria;p__Firmicutes;c__Clostridia;o__Clostridiales;f__Lachnospiraceae;g__Roseburia;s__Roseburia_intestinalis	0.0234113138068	0.0550886198795	-0.00267238847803	-0.0322862478511	-0.0164349177315	-0.00235552705815	-0.0412874587174	0.0505035118472	-0.0267729913364	-0.0401158482218	0.0183043289328	-0.0849900683978	-0.0439515266226	0.0576220938402	-0.0131967642896	-0.0159005274827	-0.0815332800871	0.00418133218073	0.0217010835621	0.0191074698775	0.0337045639664	0.0245931855998	0.0084026879626	-0.0100105463925	-0.0541066970448	-0.0249566361512	1.0	-0.0601091651313	-0.00917798526751	-0.0434957800765	-0.00033300354926	-0.00453762551901	0.0187306585551	0.00407659710645	0.000680754684319	0.0168811634948	0.00634489195611	-0.0100858724416	0.0345191670912	-0.0717609250023	-0.012588419337	-0.073556172082	0.0277254058995	0.0274643980158	0.0383374918357	0.0146522383356	-0.0519348575727	0.0117668510272	-0.0461017464288	0.0394217338849	-0.0304596791525	-0.0171335078461	-0.044868027929	0.0359729368192	0.00349417231564	0.0108132305909	-0.038560781119	-0.0424163397483	-0.0474086559523
k__Bacteria;p__Firmicutes;c__Clostridia;o__Clostridiales;f__Lachnospiraceae;g__Roseburia;s__Roseburia_hominis	-0.0471398894132	-0.0138365976444	0.0177804619119	0.00158875418959	-0.015206695622	0.0712845620904	0.0214757067748	-0.0416310590874	0.0224218137073	-0.0356904709002	-0.00916858348372	0.00715918224427	0.0391943196586	-0.026774136077	0.00385713326743	-0.0299916278681	-0.00923384993105	-0.0418636195008	0.00265179639504	-0.0112035984471	-0.0161616409557	-0.0222471808865	-0.00390987094808	0.0229377727486	0.000593293628452	-0.0718588224281	-0.0601091651313	1.0	-0.0550618018702	-0.0464145836022	-0.0135521265049	0.00861063779686	-0.011620857418	0.0319242158922	0.0372894203118	-0.0286456278447	0.00772879081308	-0.0714321293946	-0.011808034944	0.00413971290443	0.00273101127033	0.0249759043532	-0.00912176521059	-0.0259141345181	-0.0443856946364	0.0447945196861	-0.0157551532583	0.0215977101134	-0.0288922707848	-0.00407137587462	0.0106292128619	-0.0543188583656	0.0128527110242	0.0242958084704	-0.0051234269528	-0.0387973267162	-0.00533340208452	0.0363142795091	0.0460545821097
k__Bacteria;p__Bacteroidetes;c__Bacteroidia;o__Bacteroidales;f__Porphyromonadaceae;g__Parabacteroides;s__Parabacteroides_johnsonii	0.0119454496201	-0.0360550652924	-0.023597935119	0.0471914069315	-0.00308166507495	-0.0244534917184	-0.0393570278648	0.022612611161	-0.022848014706	-0.0349387032886	0.0522240999894	-0.0823502366266	0.0974433697412	0.00280785936528	0.0523588475922	-0.0183078316297	-0.00101760550985	0.00445787447547	0.0201690554647	0.0153724477635	-0.0331317013972	-0.0180432636764	-0.017683601177	-0.016578551794	0.02390719844	0.0133311327684	-0.00917798526751	-0.0550618018702	1.0	-0.0170042091104	-0.00107515267675	0.0329043788713	-0.00446420686975	-0.0105286549279	-0.0391725754719	-0.0712836384163	0.0115629581874	-0.043336953476	-0.0619650969134	0.00396040770365	0.0155406115616	0.00833704329366	-0.0342576001666	0.0009437169424	0.0646009826984	0.0383480068063	-0.0144183707432	0.0243308084897	-0.0271036150903	-0.0236288761525	-0.0250550203705	-0.0152130443659	0.022466950556	-0.0234071680554	0.00185904766134	-0.0510877687693	0.0555512670657	-0.00718393249673	-0.018521530331
k__Bacteria;p__Actinobacteria;c__Actinobacteria;o__Bifidobacteriales;f__Bifidobacteriaceae;g__Bifidobacterium;s__Bifidobacterium_longum	-0.00518223606453	-0.0262596887035	-0.0125359849465	0.00963828350641	0.0166152328601	0.0474182321188	0.00811332347052	-0.0526126895537	-0.0419546865761	0.0355513897857	-0.0375135138733	-0.0223163835311	0.00322112606763	-0.0234200622516	-0.0350611766132	0.00745948642045	-0.0401619844198	0.0471518219682	-0.0108652542872	0.0668434175333	0.0114555319195	-0.0496209683387	-0.0351116755343	0.0054010717278	0.0111191478978	-0.011737064785	-0.0434957800765	-0.0464145836022	-0.0170042091104	1.0	0.000787544214681	-0.00327349327756	0.0362181998979	0.0190340351562	-0.0243494231253	0.0369416830133	0.0769057736047	-0.00978166383906	-0.062720844729	-0.0331226805888	0.0410072829223	-0.0304917560989	-0.00861366998336	-0.00720660784195	-0.0580043485467	-0.0174892548666	0.00975868760908	-0.0398204061241	-0.0333686737699	0.0548589362339	0.0707675779167	0.0202124036967	0.0127591790548	-0.0109315624113	0.0174502623943	0.0213595279214	0.0120445055903	-0.0492270098063	-0.0326691683083
