#taxonomy	k__Bacteria;p__Bacteroidetes;c__Bacteroidia;o__Bacteroidales;f__Bacteroidaceae;g__Bacteroides;s__Bacteroides_vulgatus	k__Bacteria;p__Bacteroidetes;c__Bacteroidia;o__Bacteroidales;f__Bacteroidaceae;g__Bacteroides;s__Bacteroides_uniformis	k__Bacteria;p__Bacteroidetes;c__Bacteroidia;o__Bacteroidales;f__Rikenellaceae;g__Alistipes;s__Alistipes_putredinis	k__Bacteria;p__Bacteroidetes;c__Bacteroidia;o__Bacteroidales;f__Prevotellaceae;g__Prevotella;s__Prevotella_copri	k__Bacteria;p__Bacteroidetes;c__Bacteroidia;o__Bacteroidales;f__Bacteroidaceae;g__Bacteroides;s__Bacteroides_stercoris	k__Bacteria;p__Bacteroidetes;c__Bacteroidia;o__Bacteroidales;f__Bacteroidaceae;g__Bacteroides;s__Bacteroides_ovatus	k__Bacteria;p__Bacteroidetes;c__Bacteroidia;o__Bacteroidales;f__Rikenellaceae;g__Alistipes;s__Alistipes_shahii	k__Bacteria;p__Firmicutes;c__Clostridia;o__Clostridiales;f__Ruminococcaceae;g__Faecalibacterium;s__Faecalibacterium_prausnitzii	k__Bacteria;p__Bacteroidetes;c__Bacteroidia;o__Bacteroidales;f__Rikenellaceae;g__Alistipes;s__Alistipes_finegoldii	k__Bacteria;p__Bacteroidetes;c__Bacteroidia;o__Bacteroidales;f__Porphyromonadaceae;g__Parabacteroides;s__Parabacteroides_distasonis	k__Bacteria;p__Bacteroidetes;c__Bacteroidia;o__Bacteroidales;f__Bacteroidaceae;g__Bacteroides;s__Bacteroides_thetaiotaomicron	k__Bacteria;p__Bacteroidetes;c__Bacteroidia;o__Bacteroidales;f__Bacteroidaceae;g__Bacteroides;s__Bacteroides_coprocola	k__Bacteria;p__Bacteroidetes;c__Bacteroidia;o__Bacteroidales;f__Bacteroidaceae;g__Bacteroides;s__Bacteroides_cellulosilyticus	k__Bacteria;p__Bacteroidetes;c__Bacteroidia;o__Bacteroidales;f__Rikenellaceae;g__Alistipes;s__Alistipes_obesi	k__Bacteria;p__Firmicutes;c__Clostridia;o__Clostridiales;f__Lachnospiraceae;g__;s__[Eubacterium]_rectale	k__Bacteria;p__Bacteroidetes;c__Bacteroidia;o__Bacteroidales;f__Bacteroidaceae;g__Bacteroides;s__Bacteroides_plebeius	k__Bacteria;p__Bacteroidetes;c__Bacteroidia;o__Bacteroidales;f__Bacteroidaceae;g__Bacteroides;s__Bacteroides_fragilis	k__Bacteria;p__Proteobacteria;c__Betaproteobacteria;o__Burkholderiales;f__Sutterellaceae;g__Sutterella;s__Sutterella_wadsworthensis	k__Bacteria;p__Bacteroidetes;c__Bacteroidia;o__Bacteroidales;f__Porphyromonadaceae;g__Barnesiella;s__Barnesiella_intestinihominis	k__Bacteria;p__Bacteroidetes;c__Bacteroidia;o__Bacteroidales;f__Odoribacteraceae;g__Odoribacter;s__Odoribacter_splanchnicus	k__Bacteria;p__Bacteroidetes;c__Bacteroidia;o__Bacteroidales;f__Bacteroidaceae;g__Bacteroides;s__Bacteroides_salyersiae	k__Bacteria;p__Firmicutes;c__Clostridia;o__Clostridiales;f__Ruminococcaceae;g__Ruminiclostridium;s__[Eubacterium]_siraeum	k__Bacteria;p__Proteobacteria;c__Betaproteobacteria;o__Burkholderiales;f__Sutterellaceae;g__Parasutterella;s__Parasutterella_excrementihominis	k__Bacteria;p__Actinobacteria;c__Actinobacteria;o__Bifidobacteriales;f__Bifidobacteriaceae;g__Bifidobacterium;s__Bifidobacterium_adolescentis	k__Bacteria;p__Firmicutes;c__Clostridia;o__Clostridiales;f__Oscillospiraceae;g__Oscillibacter;s__Oscillibacter_sp._KLE_1745	k__Bacteria;p__Bacteroidetes;c__Bacteroidia;o__Bacteroidales;f__Bacteroidaceae;g__Bacteroides;s__Bacteroides_coprophilus	k__Bacteria;p__Firmicutes;c__Clostridia;o__Clostridiales;f__Lachnospiraceae;g__Roseburia;s__Roseburia_intestinalis	k__Bacteria;p__Firmicutes;c__Clostridia;o__Clostridiales;f__Lachnospiraceae;g__Roseburia;s__Roseburia_hominis	k__Bacteria;p__Bacteroidetes;c__Bacteroidia;o__Bacteroidales;f__Porphyromonadaceae;g__Parabacteroides;s__Parabacteroides_johnsonii	k__Bacteria;p__Actinobacteria;c__Actinobacteria;o__Bifidobacteriales;f__Bifidobacteriaceae;g__Bifidobacterium;s__Bifidobacterium_longum	k__Bacteria;p__Firmicutes;c__Clostridia;o__Clostridiales;f__;g__Flavonifractor;s__Flavonifractor_plautii	k__Bacteria;p__Firmicutes;c__Clostridia;o__Clostridiales;f__Clostridiaceae;g__Clostridium;s__Clostridium_phoceensis	k__Bacteria;p__Verrucomicrobia;c__Verrucomicrobiae;o__Verrucomicrobiales;f__Akkermansiaceae;g__Akkermansia;s__Akkermansia_muciniphila	k__Bacteria;p__Bacteroidetes;c__Bacteroidia;o__Bacteroidales;f__Prevotellaceae;g__Paraprevotella;s__Paraprevotella_xylaniphila	k__Bacteria;p__Firmicutes;c__Clostridia;o__Clostridiales;f__Ruminococcaceae;g__Ruminococcus;s__Ruminococcus_callidus	k__Bacteria;p__Bacteroidetes;c__Bacteroidia;o__Bacteroidales;f__Rikenellaceae;g__Alistipes;s__Alistipes_senegalensis	k__Bacteria;p__Firmicutes;c__Clostridia;o__Clostridiales;f__Lachnospiraceae;g__Blautia;s__Blautia_sp._KLE_1732	k__Bacteria;p__Bacteroidetes;c__Bacteroidia;o__Bacteroidales;f__Bacteroidaceae;g__Bacteroides;s__Bacteroides_oleiciplenus	k__Bacteria;p__Firmicutes;c__Clostridia;o__Clostridiales;f__Ruminococcaceae;g__Ruminococcus;s__Ruminococcus_bicirculans	k__Bacteria;p__Bacteroidetes;c__Bacteroidia;o__Bacteroidales;f__Bacteroidaceae;g__Bacteroides;s__Bacteroides_fluxus	k__Bacteria;p__Bacteroidetes;c__Bacteroidia;o__Bacteroidales;f__Prevotellaceae;g__Prevotella;s__Prevotella_stercorea	k__Bacteria;p__Firmicutes;c__Clostridia;o__Clostridiales;f__Lachnospiraceae;g__Dorea;s__Dorea_longicatena	k__Bacteria;p__Firmicutes;c__Clostridia;o__Clostridiales;f__Eubacteriaceae;g__Eubacterium;s__[Eubacterium]_eligens	k__Bacteria;p__Firmicutes;c__Clostridia;o__Clostridiales;f__Ruminococcaceae;g__;s__Ruminococcaceae_bacterium_D16	k__Bacteria;p__Firmicutes;c__Clostridia;o__Clostridiales;f__Lachnospiraceae;g__Coprococcus;s__Coprococcus_comes	k__Bacteria;p__Proteobacteria;c__Gammaproteobacteria;o__Enterobacterales;f__Enterobacteriaceae;g__Escherichia;s__Escherichia_coli	k__Bacteria;p__Firmicutes;c__Clostridia;o__Clostridiales;f__Ruminococcaceae;g__Anaerotruncus;s__Anaerotruncus_colihominis	k__Bacteria;p__Firmicutes;c__Clostridia;o__Clostridiales;f__Lachnospiraceae;g__Blautia;s__Blautia_obeum	k__Bacteria;p__Bacteroidetes;c__Bacteroidia;o__Bacteroidales;f__Odoribacteraceae;g__Odoribacter;s__Odoribacter_laneus	k__Bacteria;p__Firmicutes;c__Clostridia;o__Clostridiales;f__Ruminococcaceae;g__Ruminiclostridium;s__[Clostridium]_leptum	k__Bacteria;p__Bacteroidetes;c__Bacteroidia;o__Bacteroidales;f__Porphyromonadaceae;g__Parabacteroides;s__Parabacteroides_goldsteinii	k__Bacteria;p__Firmicutes;c__Clostridia;o__Clostridiales;f__Lachnospiraceae;g__Anaerostipes;s__Anaerostipes_hadrus	k__Bacteria;p__Firmicutes;c__Clostridia;o__Clostridiales;f__Ruminococcaceae;g__Ruminococcus;s__Ruminococcus_lactaris	k__Bacteria;p__Firmicutes;c__Clostridia;o__Clostridiales;f__Clostridiaceae;g__Clostridium;s__Clostridium_sp._L2-50	k__Bacteria;p__Firmicutes;c__Clostridia;o__Clostridiales;f__Clostridiaceae;g__Clostridium;s__Clostridium_sp._M62/1	k__Bacteria;p__Firmicutes;c__Clostridia;o__Clostridiales;f__;g__Intestinimonas;s__Intestinimonas_butyriciproducens	k__Bacteria;p__Actinobacteria;c__Actinobacteria;o__Bifidobacteriales;f__Bifidobacteriaceae;g__Bifidobacterium;s__Bifidobacterium_bifidum	k__Bacteria;p__Firmicutes;c__Negativicutes;o__Veillonellales;f__Veillonellaceae;g__Dialister;s__Dialister_invisus	k__Bacteria;p__Bacteroidetes;c__Bacteroidia;o__Bacteroidales;f__Bacteroidaceae;g__Bacteroides;s__Bacteroides_salanitronis
k__Bacteria;p__Bacteroidetes;c__Bacteroidia;o__Bacteroidales;f__Bacteroidaceae;g__Bacteroides;s__Bacteroides_vulgatus	1.0	-0.00811316646993	-0.0424606184041	-0.0248682786478	0.0469181027147	0.0338787431874	-0.0127236849474	-0.0512310951184	-0.0367911162006	0.0178477034031	-0.0396849897649	0.00979814702691	0.0300925807859	-0.0429583087487	-0.0341613256441	0.0025916374287	-0.0668607375574	0.031862601845	0.0233683478618	0.0539044827367	-0.0501588328569	-0.0200542814419	-0.00421179983385	-0.0457143046056	-0.0749592276203	0.0459322187862	0.00571711055464	-0.0437510499626	-0.0341837469369	0.0181323661309	-0.0119478302911	0.0129080160216	-0.0474938291724	-0.0609787151105	0.0485645386374	-0.0193654205153	-0.0421483194559	-0.00780076437378	0.0426351785514	-0.0179530972656	-0.0159020416343	0.0278812303412	-0.0110895450722	-0.00378066977609	-0.0423753915233	0.0407007141932	-0.0485980678691	0.0255208934409	0.00768069834644	0.0305563449374	0.033383173786	0.0402636308433	0.0521593882817	-0.0062406033146	-0.0278095117032	-0.0338862995671	0.0400968733286	-0.0272215325262	0.00945835880638
k__Bacteria;p__Bacteroidetes;c__Bacteroidia;o__Bacteroidales;f__Bacteroidaceae;g__Bacteroides;s__Bacteroides_uniformis	-0.00811316646993	1.0	0.00843199582282	-0.00858141598145	0.0207388665813	0.00680885943592	-0.0117680127043	0.0242943563105	0.00637163298959	0.0111306349956	-0.0108447923836	0.0148716311672	0.00639440612283	-0.0589084120723	-0.0349940570695	-0.039610697944	0.0079353118107	0.0053900564993	-0.0300247362884	-0.0269407442398	-0.00854771425326	0.0397477008634	0.0389057033976	-0.0176347515952	0.0571768701195	-0.0216160075575	-0.0328991920932	-0.063945324802	-0.00136047883736	0.0173764921877	-0.0333103703872	-0.0255682752166	-0.0398738945879	-0.0332476745715	-0.0370992610254	0.0118370474162	0.00231968393228	0.00315209688958	-0.0287949259135	-0.0325825584132	-0.0308515419548	-0.0230540151062	0.0155647503931	0.0159784129514	-0.0510997269478	-0.0498869268817	0.00344212975636	0.0125307565684	-0.0309287243422	0.0131555112152	0.00814631019985	-0.0530905510247	0.0296131329934	0.0499196991417	-0.0505333928703	-0.0274901836097	-0.0299491269981	-0.018809527436	0.00704447491475
k__Bacteria;p__Bacteroidetes;c__Bacteroidia;o__Bacteroidales;f__Rikenellaceae;g__Alistipes;s__Alistipes_putredinis	-0.0424606184041	0.00843199582282	1.0	-0.0206041476271	0.0186201513261	0.00256865248647	-0.0538727312291	-0.0137679236647	0.00193385899383	-0.00135384114754	-0.0248401671889	0.0267281880084	0.0176639026012	0.0555180297376	0.0194543484567	0.0317227897658	-0.0205628024858	-0.0324078281718	-0.00454187769652	-0.035148970619	0.0460139476331	0.0403646424398	-0.0316168401813	-0.0212863922588	-0.0020894555345	-0.044694852944	-0.0193705856511	0.0171117123807	0.0222273923333	-0.0471122529815	0.00382060533537	-0.053754121497	0.0185114938164	0.0183131273225	0.0437430857868	-0.013845505066	0.00743669117934	-0.0308869340229	0.00161607049274	0.0396238842938	-0.00907146003879	0.0011447391977	-0.00671760492937	0.00402219363398	0.0130636397783	-0.025934042637	-0.0198834397613	0.00530249043389	0.000907785936227	-0.0108453780867	0.00220034746192	-0.0434663571359	0.00895939828311	-0.0254452105704	0.0220316103928	-0.00668198405522	0.0255120340603	-0.0518105179617	-0.0733735582813
k__Bacteria;p__Bacteroidetes;c__Bacteroidia;o__Bacteroidales;f__Prevotellaceae;g__Prevotella;s__Prevotella_copri	-0.0248682786478	-0.00858141598145	-0.0206041476271	1.0	-0.0147705414224	0.0042083875773	0.0621350320486	-0.0275375671494	-0.0262583586069	-0.0147025410373	0.00162315460242	-0.000454661236075	-0.0173081226534	-0.00721839817276	0.0202714606491	-0.012998019546	-0.0237669574513	-0.0320951206687	-0.00734178991429	-0.0141755151981	-0.0266659009038	-0.0510291411115	0.0122711126628	-0.0448919362468	-0.0289889324522	0.0270079624356	0.00500378206511	-0.00355068010378	-0.00499784371688	-0.0314553276921	0.00494672728559	-0.00684934116868	0.0340103306801	0.0212459287437	-0.0165832605572	-0.0112696776402	-0.0232099417491	-0.00982645744342	-0.0202022776239	-0.0147759480917	-0.04455373253	-0.00642142003902	-0.022661032311	-0.0229160054718	0.0197074990548	-0.0285928106875	-0.0149651631314	-0.0413971804868	-0.0182008684523	0.0436516497009	-0.0149478256605	-0.00373767133045	0.000525801458043	-0.00271875670354	-0.0117309993015	0.0267806506995	-0.024159812093	-0.00632378922299	-0.00600673999061
k__Bacteria;p__Bacteroidetes;c__Bacteroidia;o__Bacteroidales;f__Bacteroidaceae;g__Bacteroides;s__Bacteroides_stercoris	0.0469181027147	0.0207388665813	0.0186201513261	-0.0147705414224	1.0	0.0375343237178	0.0250900247096	0.0409897574796	0.0819401789211	-0.0166311647302	-0.0801148983559	-0.0539877228049	-0.023838633605	-0.0590725620752	-0.0477107836521	-0.032132667307	0.00542641374181	-0.000755646634444	-0.00669290742017	-0.0297668938143	0.0334043874448	-0.0433029031667	0.0212702170047	0.0221605364994	-0.0435156022598	0.0201649536692	-0.0102804175063	-0.0156720523552	-0.0572278642046	-0.000101553362167	0.029920112783	-0.00813824148159	-0.055492382283	0.0130833975617	0.0141558998465	-0.0301547344594	0.0140109508618	0.019220096189	-0.0206546144919	-0.0466568605646	-0.0237764089235	0.00115457272061	0.0366187268778	-0.00673085014542	-0.0159062343554	0.00407370582613	0.00840298356897	0.0674347196267	0.0809984736805	-0.0285050329469	-0.0560697117996	-0.053791965672	-0.0104722707581	0.0160570858	-0.0283455720695	0.0516350063171	-0.0404871319743	-0.0453555369347	-0.0316569227905
k__Bacteria;p__Bacteroidetes;c__Bacteroidia;o__Bacteroidales;f__Bacteroidaceae;g__Bacteroides;s__Bacteroides_ovatus	0.0338787431874	0.00680885943592	0.00256865248647	0.0042083875773	0.0375343237178	1.0	-0.00119799438081	0.02042848901	0.0387708258602	0.0373571034698	-0.0159376058758	-0.0469634174824	0.00981949186379	-0.0315228524255	0.0207295419366	0.0189344730857	-0.0538794377508	-0.039548526516	-0.0318896197365	-0.00576817438805	-0.00211303662864	0.0406454452065	-0.0144733011273	-0.012075729638	0.0179879924321	-0.0263681569259	0.0433758443695	0.0190757249085	0.0716244666455	-0.000300132121522	-0.00878363603098	-0.059128976884	0.0239085679424	-0.0748528752091	-0.00182979522955	-0.0391313721181	-0.0335569638952	0.00681992185998	-0.0445119474003	-0.020188325258	0.000531346370492	-0.0381696011814	-0.00459597588288	0.0439088604136	-0.0225768760621	0.0281304408962	-0.0324464779186	-0.0359694230675	0.0100392582226	-0.0389926377394	0.00108703221914	0.0175738532886	-0.0137759806014	-0.00808939851036	-0.0250165287213	0.0262367672918	-0.0727052311149	0.00878433677143	-0.00677985195265
k__Bacteria;p__Bacteroidetes;c__Bacteroidia;o__Bacteroidales;f__Rikenellaceae;g__Alistipes;s__Alistipes_shahii	-0.0127236849474	-0.0117680127043	-0.0538727312291	0.0621350320486	0.0250900247096	-0.00119799438081	1.0	-0.0352048918763	0.0270775033037	-0.025617774171	0.000387694697466	0.0367422067002	-0.0612011704787	-0.0231273857707	-0.0437543059724	0.0171362053727	-0.0225913891975	-0.00165821157912	-0.041347311433	0.0549901391492	-0.0106538549304	0.0607153523197	0.00479959737675	-0.00544656552205	-0.0369203432841	0.0183196012951	0.0226631311982	0.0148311708972	-0.00464345202198	-0.0608962115592	-0.0249749998716	-0.00372027157198	0.0376749393286	-0.0384633556738	-0.0296902114465	-0.0551538172922	8.60723963961e-05	-0.0331021132083	0.0783526096812	-0.0549158399136	-0.0268335505561	-0.0368645918166	-0.0166834063774	0.0307845989135	-0.00645104715464	-0.0474487333481	-0.0078916970786	0.0206154825969	-0.0641949461516	-0.0104735018189	-0.00186629873677	0.0142189975713	-0.024194561117	0.0128867677075	0.0224516143302	0.0298835660492	0.0206534059545	-0.0233986813295	0.0282297647115
k__Bacteria;p__Firmicutes;c__Clostridia;o__Clostridiales;f__Ruminococcaceae;g__Faecalibacterium;s__Faecalibacterium_prausnitzii	-0.0512310951184	0.0242943563105	-0.0137679236647	-0.0275375671494	0.0409897574796	0.02042848901	-0.0352048918763	1.0	-0.0130104315611	-0.0502494771954	-0.00439175036911	-0.0165689006177	-0.00557585967687	0.0450306530095	-0.0180966900117	-0.0146268718076	0.00328669185269	-0.0228955544824	-0.00890411828922	-0.000951962609506	0.00658855789654	-0.0266404425835	0.0155184577663	-0.0194220651049	-0.0172234960868	-0.0105538990636	0.00590333886168	0.0327607298798	-0.0680939119471	-0.0658999035508	-0.0566775328522	0.0205423526696	-0.0170836089016	0.0296146137142	-0.0317621943536	0.0538561384518	0.0344163955923	-0.0839659721813	-0.0880224550162	-0.0566180496651	-0.00250309867216	-0.0369468168823	-0.0329975831572	0.00110713281331	0.043083980334	-0.0359238315318	0.00657433773152	0.0247119563125	0.0180705172839	-0.0519187587086	-0.0214971252121	-0.0174109517542	-0.0661783892767	-0.0368134962116	0.0360487345203	0.00744471306137	-0.0225547006369	-0.0653661626085	0.00349000313278
k__Bacteria;p__Bacteroidetes;c__Bacteroidia;o__Bacteroidales;f__Rikenellaceae;g__Alistipes;s__Alistipes_finegoldii	-0.0367911162006	0.00637163298959	0.00193385899383	-0.0262583586069	0.0819401789211	0.0387708258602	0.0270775033037	-0.0130104315611	1.0	-0.00839012480966	-0.0345978945773	-0.00977322693447	-0.0288514108433	-0.00555504093736	-0.00258008420476	-0.010130112609	-0.0111175323394	0.0285862435401	-0.00513831771991	-0.0120373338208	-0.0121190826151	-0.0836400296432	0.00832366323785	0.0325448320513	0.0232708968724	0.0103733149017	-0.0312865404796	-0.0635764494599	-0.017089042216	0.00141245648732	-0.0885817422354	0.00294279122768	0.011948972867	-0.0148310480194	-0.0345950971365	-0.0193428159782	-0.0578219197858	-0.0420188268699	-0.0524532304273	-0.0384330934251	0.09644251557	0.000548403150147	-0.0498198428933	-0.0639788757778	-0.00176634973147	-0.00561455410235	0.0588091279507	0.0529959586499	0.0263347130557	-0.0409424814404	-0.0420052348172	-0.00855182666295	0.0527663314824	0.0340801934551	0.00921364650925	0.0112737902209	0.000942124876601	-0.0134221829428	0.0465564932387
k__Bacteria;p__Bacteroidetes;c__Bacteroidia;o__Bacteroidales;f__Porphyromonadaceae;g__Parabacteroides;s__Parabacteroides_distasonis	0.0178477034031	0.0111306349956	-0.00135384114754	-0.0147025410373	-0.0166311647302	0.0373571034698	-0.025617774171	-0.0502494771954	-0.00839012480966	1.0	-0.00639924187877	-0.0587940987302	0.00508514150949	0.042975804163	0.00890204411523	0.00148448014157	-0.0415422018469	-0.0478524313924	-0.0152935336254	-0.0158202504034	0.0342376171672	-0.0287914184553	-0.0106865006143	-0.0320379748869	-0.00384431783643	-0.0339644890476	0.0229624712153	0.0642185922393	0.0371430308357	-0.0445277828817	0.00358309326976	-0.0626251958521	-0.039419518186	-0.0176911198963	-0.0152240345668	0.0932362424741	0.0601321507828	-0.00139045986569	-0.0429180624285	0.0419139676894	0.0229065323714	0.0191185251736	-0.0170474689466	-0.00729186233324	0.0119539880901	-0.0166598398036	0.0186141060453	-0.00468477111553	0.0216840727603	0.00944772730322	-0.0185863511462	-0.0415525061041	0.0045411638071	-0.0167232684901	-0.0684655401555	-0.0593914137961	0.0516151406488	-0.0100633688761	-0.0634926929668
k__Bacteria;p__Bacteroidetes;c__Bacteroidia;o__Bacteroidales;f__Bacteroidaceae;g__Bacteroides;s__Bacteroides_thetaiotaomicron	-0.0396849897649	-0.0108447923836	-0.0248401671889	0.00162315460242	-0.0801148983559	-0.0159376058758	0.000387694697466	-0.00439175036911	-0.0345978945773	-0.00639924187877	1.0	0.039697105137	0.000160976091882	-0.00152388351989	-0.00478365901597	-0.00369073102755	0.0202752457961	-0.0780541401959	-0.00244249662988	-0.0303375620134	-0.0125697695695	-0.0204088243664	0.0125256936702	0.0354491106353	0.0247832332153	0.00185700053526	-0.0115473351604	0.00256089050643	-0.00114323328935	0.0358892805269	0.00770428248384	-0.0346980394433	-0.0330834724081	0.000392488717483	-0.0090165221126	-0.0135787212373	-0.0023474169171	-0.00441697211481	0.0296952996461	0.0354939813859	-0.0234889424064	-0.0238850074022	0.0291363933394	0.00521944929839	-0.0585616013066	0.00936113715976	-0.0459903506588	-0.0424887397236	-0.0484060928683	0.0445427906737	-0.0283816091557	0.0402407992277	-0.0191361740775	0.0698383670832	0.0545408902844	-0.00871134360118	0.0110912416872	-0.0464702916955	-0.0132392558041
k__Bacteria;p__Bacteroidetes;c__Bacteroidia;o__Bacteroidales;f__Bacteroidaceae;g__Bacteroides;s__Bacteroides_coprocola	0.00979814702691	0.0148716311672	0.0267281880084	-0.000454661236075	-0.0539877228049	-0.0469634174824	0.0367422067002	-0.0165689006177	-0.00977322693447	-0.0587940987302	0.039697105137	1.0	-0.00948376367641	-0.0134128149672	0.00233159289042	0.0557715676434	0.0382067432171	0.0374785880077	0.0356985069829	-0.0540981031372	-0.0200057148482	-0.0433248904158	-0.0733446780229	-0.0362206218749	0.00517387654199	0.0149260242148	0.0310864058454	-0.0140948378221	0.0204327684285	-0.00916002809965	0.0117922224955	0.00246024083787	-0.0219890750787	-0.0177574587862	0.00264486821464	-0.00625720894212	-0.00336476701127	-0.0909932062141	-0.0518545349528	0.0341339480614	0.000806119128995	-0.0532598696141	0.0123508803295	0.0138556017405	0.000233835269504	-0.0690876347395	0.0215407354037	-0.0415465069573	0.000371465600859	0.0250184403314	-0.041653206342	-0.0414578908117	0.0174936972143	-0.0671452115682	0.00479062451783	-0.00648628242516	0.00587107708033	-0.0216115031639	-0.0323814942402
k__Bacteria;p__Bacteroidetes;c__Bacteroidia;o__Bacteroidales;f__Bacteroidaceae;g__Bacteroides;s__Bacteroides_cellulosilyticus	0.0300925807859	0.00639440612283	0.0176639026012	-0.0173081226534	-0.023838633605	0.00981949186379	-0.0612011704787	-0.00557585967687	-0.0288514108433	0.00508514150949	0.000160976091882	-0.00948376367641	1.0	-0.0182289179879	-0.0114941099962	-0.0281734387245	0.0362714493289	-0.0603786551752	-0.00713722706577	-0.0597336316873	0.0422011156624	-0.000539667356808	-0.0588018612829	0.0179597899946	-0.0155541852353	-0.0659232979552	-0.0202199371897	0.0665239024451	0.019066054072	-0.0218117837114	-0.0269395695278	-0.00389164799234	-0.035137388416	-0.0143988283211	-0.000178552956684	-0.000131965641442	0.0288989953874	0.0310448425514	-0.0185857626433	0.00104192813317	-0.00986875356382	-0.0281662679757	0.00383752522272	-0.0289415947295	0.0252073432388	0.013179258773	-0.0402992549619	0.0190254627867	-0.054645814696	-0.0104070206624	0.0065481746192	0.0717332093328	-0.0280990681423	-0.0322077704416	-0.0658168124945	-0.0134744917828	-0.00139876368773	-0.039623582078	-0.0187886168122
k__Bacteria;p__Bacteroidetes;c__Bacteroidia;o__Bacteroidales;f__Rikenellaceae;g__Alistipes;s__Alistipes_obesi	-0.0429583087487	-0.0589084120723	0.0555180297376	-0.00721839817276	-0.0590725620752	-0.0315228524255	-0.0231273857707	0.0450306530095	-0.00555504093736	0.042975804163	-0.00152388351989	-0.0134128149672	-0.0182289179879	1.0	-0.0545383624455	0.0150723715747	0.0687790564972	0.0222533857335	-0.00282041441717	-0.0176526650981	-0.0397917299865	0.0122364314678	0.00735733157034	-0.00769211959529	0.0233931900084	-0.00385988447971	-0.0333982129278	0.0667383473462	-0.0197341084671	-0.022027336555	-0.0134498737304	-1.05231432419e-05	-0.0463785510458	-0.000175904624444	0.0117994931103	-0.0378177651837	-0.00588791580607	0.0443329572532	0.0169722328822	0.0130223415032	-0.00285005524118	0.00546533364003	-0.0369887792143	0.0302189023187	-0.0551248045181	0.0655032795752	0.0217323712213	-0.00203133462321	-0.0284568897873	-0.018057439343	0.0327374281175	-0.00972771282412	-0.0209104964227	-0.029165321474	-0.0150866801462	-0.0109895894551	-0.0111881169656	-0.0401460632953	0.0224710458613
k__Bacteria;p__Firmicutes;c__Clostridia;o__Clostridiales;f__Lachnospiraceae;g__;s__[Eubacterium]_rectale	-0.0341613256441	-0.0349940570695	0.0194543484567	0.0202714606491	-0.0477107836521	0.0207295419366	-0.0437543059724	-0.0180966900117	-0.00258008420476	0.00890204411523	-0.00478365901597	0.00233159289042	-0.0114941099962	-0.0545383624455	1.0	-0.00879771479434	-0.034145720393	-0.0149920537913	-0.0159043085156	0.0312674030367	-0.0314453193677	0.0138473461735	-0.00462250751068	0.0388127369652	-0.0105400457393	0.00612570548314	0.00976702044408	0.00769004330802	-0.00412916748002	0.0029842151993	0.0154355217261	0.0197041760862	-0.0182013404904	0.00929176220854	-0.0565163816617	-0.0296924219619	-0.0183486707291	0.0342367809311	0.0218393596581	-0.0378391941298	-0.0405663693017	-0.0417851679335	-0.0520374389925	0.00939319209654	-0.0225645188402	-0.0128851016572	-0.0207619605233	-0.0188143996587	0.0585142013651	-0.0019108147011	-0.0120124295801	-0.0393117965238	-0.0087467962784	0.0221095927133	-0.0485109227941	-0.0418683877177	-0.0458645776607	-0.0149901983912	-0.0224182485414
k__Bacteria;p__Bacteroidetes;c__Bacteroidia;o__Bacteroidales;f__Bacteroidaceae;g__Bacteroides;s__Bacteroides_plebeius	0.0025916374287	-0.039610697944	0.0317227897658	-0.012998019546	-0.032132667307	0.0189344730857	0.0171362053727	-0.0146268718076	-0.010130112609	0.00148448014157	-0.00369073102755	0.0557715676434	-0.0281734387245	0.0150723715747	-0.00879771479434	1.0	0.0321169826865	-0.00788860790211	-0.00596646238805	-0.0614146585916	-0.0387868749615	0.0302853572115	-0.00647718040923	0.0278948548651	0.0643826811255	-0.056854118198	-0.0135004587386	0.0842087187767	0.00953269613378	0.031797460498	0.0156678893677	-0.0353543908042	-0.0454984412104	-0.101820258328	0.0443399246399	-0.0379582488305	-0.0648051053828	-0.0235336605829	-0.0366339724173	-0.00825258959686	0.0128757149226	-0.0211298188598	0.0128050337849	-0.000281328214677	0.0309222388997	0.00133627804843	-0.0159695028389	0.00318180556889	-0.00456266407815	-0.0384194523057	0.00672645324446	0.038533463852	-0.0422090369228	-0.0461875957701	-0.0339229446209	0.00581588893801	-0.0177333520904	0.00486939754684	0.00671104777815
k__Bacteria;p__Bacteroidetes;c__Bacteroidia;o__Bacteroidales;f__Bacteroidaceae;g__Bacteroides;s__Bacteroides_fragilis	-0.0668607375574	0.0079353118107	-0.0205628024858	-0.0237669574513	0.00542641374181	-0.0538794377508	-0.0225913891975	0.00328669185269	-0.0111175323394	-0.0415422018469	0.0202752457961	0.0382067432171	0.0362714493289	0.0687790564972	-0.034145720393	0.0321169826865	1.0	0.0101725650968	0.0200109639129	-0.0232490218112	-0.0273248653305	-0.0269369334201	-0.0837966662646	0.0422840879728	0.0141435917831	-0.0127487946214	-0.0510749166923	-0.0151647690857	-0.002984687419	-0.0638659535747	-0.00493824646365	0.0731982804236	-0.00574336082511	0.0124714004603	-0.068685980884	-0.0670665557863	-0.0100788218428	-0.00826940794181	0.0452032971089	-0.0545428880063	-0.058047726355	0.00271207567062	-0.0355823998565	0.044529217711	-0.0182271024755	0.00363491545224	0.0552094621998	0.0259565553309	0.0486895506501	-0.0161822980398	-0.0132358877235	0.0559637394156	-0.0366815165514	0.00595161296721	0.0143468649938	-0.0353546095197	0.011552371644	0.0234959087579	-0.00872032978208
k__Bacteria;p__Proteobacteria;c__Betaproteobacteria;o__Burkholderiales;f__Sutterellaceae;g__Sutterella;s__Sutterella_wadsworthensis	0.031862601845	0.0053900564993	-0.0324078281718	-0.0320951206687	-0.000755646634444	-0.039548526516	-0.00165821157912	-0.0228955544824	0.0285862435401	-0.0478524313924	-0.0780541401959	0.0374785880077	-0.0603786551752	0.0222533857335	-0.0149920537913	-0.00788860790211	0.0101725650968	1.0	-0.0228949046288	0.0382523137555	-0.0731081027018	0.0109361877724	-0.0179441229518	-0.0879866507691	0.00971836377853	0.00525582855563	-0.0125774756738	-0.011434716244	0.0416947535056	0.0167328915232	0.0104049245705	-0.0405498293372	0.0133090293162	0.0368165156276	0.00231761540845	-0.00607861001993	-0.0296747857019	0.0289513497688	-0.00522097040724	0.017841022344	0.00980156881132	0.0087710263137	0.0321747589842	-0.0510561144384	-0.000953447252588	-0.012738017861	0.0303505559244	-0.0485141265423	-0.0224415885761	-0.0495732603132	0.0311470172691	0.00323292381938	-0.0053611576199	0.0402524589349	-0.00297468152418	0.0125381587634	-0.04234558826	0.0129866878951	0.00453079614451
k__Bacteria;p__Bacteroidetes;c__Bacteroidia;o__Bacteroidales;f__Porphyromonadaceae;g__Barnesiella;s__Barnesiella_intestinihominis	0.0233683478618	-0.0300247362884	-0.00454187769652	-0.00734178991429	-0.00669290742017	-0.0318896197365	-0.041347311433	-0.00890411828922	-0.00513831771991	-0.0152935336254	-0.00244249662988	0.0356985069829	-0.00713722706577	-0.00282041441717	-0.0159043085156	-0.00596646238805	0.0200109639129	-0.0228949046288	1.0	-0.0161728713125	-0.0419885454833	-0.0047828502519	-0.0144252149916	-0.00512012039439	-0.00996124091885	0.0467369507276	-0.0304624380456	0.0163318000616	-0.00703872365709	-0.0184646864588	-0.0403658464504	0.00770448857725	-0.0187003250662	-0.0163706851038	-0.0474572705627	-0.140554976544	0.06253513458	0.0312580959137	0.0624068070524	0.0125411719304	-0.0443984840869	0.00402816247218	-0.0518024242375	-0.012581371973	-0.0204470439318	0.0164097830907	-0.0072193396482	-0.0130525800899	-0.00656370804479	0.00105300588249	0.0335849097457	0.033247921825	-0.0112632957542	-0.0227679435155	-0.00986413722956	0.0272005637779	0.00244262054761	0.0275726447731	0.0116451859074
k__Bacteria;p__Bacteroidetes;c__Bacteroidia;o__Bacteroidales;f__Odoribacteraceae;g__Odoribacter;s__Odoribacter_splanchnicus	0.0539044827367	-0.0269407442398	-0.035148970619	-0.0141755151981	-0.0297668938143	-0.00576817438805	0.0549901391492	-0.000951962609506	-0.0120373338208	-0.0158202504034	-0.0303375620134	-0.0540981031372	-0.0597336316873	-0.0176526650981	0.0312674030367	-0.0614146585916	-0.0232490218112	0.0382523137555	-0.0161728713125	1.0	-0.0121848808429	-0.0431967122548	-6.30164865332e-07	-0.0150748566568	-0.0311684378163	0.0419032935229	-0.0211746819855	0.00533708376105	0.000648180073212	-0.0573835530416	0.00981797612376	0.0150848649087	-0.0116500218341	0.0386084867073	0.039575814667	-0.0668513170408	0.00152176764718	0.0372610849944	-0.0324570139037	-0.013022074732	0.00204018286319	0.0241077117174	0.0319109947836	-0.0267656497992	-0.00564971881692	-0.0332631489212	-0.00257342217189	-0.0402914328895	-0.0122027102608	0.0585076745201	-0.0259954143906	0.0619878883144	-0.0491570863251	0.0545761345819	0.0030582053039	-0.00285286987902	-0.0336566243181	-0.025651594023	0.0273759624138
k__Bacteria;p__Bacteroidetes;c__Bacteroidia;o__Bacteroidales;f__Bacteroidaceae;g__Bacteroides;s__Bacteroides_salyersiae	-0.0501588328569	-0.00854771425326	0.0460139476331	-0.0266659009038	0.0334043874448	-0.00211303662864	-0.0106538549304	0.00658855789654	-0.0121190826151	0.0342376171672	-0.0125697695695	-0.0200057148482	0.0422011156624	-0.0397917299865	-0.0314453193677	-0.0387868749615	-0.0273248653305	-0.0731081027018	-0.0419885454833	-0.0121848808429	1.0	0.0360174891979	-0.0193518308138	-0.00467937738361	0.027890128575	0.0306358056989	-0.0663430861276	0.0420957580821	0.0369000659556	0.0469890816304	-0.0302882964976	0.00935853224499	0.00536365776207	-0.00629320589417	0.0182223853563	-0.0549068704124	-0.0649844156587	-0.090287980853	-0.0522622794806	-0.0144093082439	-0.0411785684314	-0.0464334997258	-0.0172091348098	-0.003940935111	0.000901510136467	-0.0573639577491	-0.0156584250549	-0.0239158966564	0.0556348055637	0.0112449005198	0.0514871330194	-0.0140604520932	-0.0431778674466	0.0422953664951	-0.0100940177725	0.0305954248367	0.0272833953057	0.0107244434127	-0.0431601270103
k__Bacteria;p__Firmicutes;c__Clostridia;o__Clostridiales;f__Ruminococcaceae;g__Ruminiclostridium;s__[Eubacterium]_siraeum	-0.0200542814419	0.0397477008634	0.0403646424398	-0.0510291411115	-0.0433029031667	0.0406454452065	0.0607153523197	-0.0266404425835	-0.0836400296432	-0.0287914184553	-0.0204088243664	-0.0433248904158	-0.000539667356808	0.0122364314678	0.0138473461735	0.0302853572115	-0.0269369334201	0.0109361877724	-0.0047828502519	-0.0431967122548	0.0360174891979	1.0	-0.0127859316717	0.0115172063357	0.00623184332749	-0.0366609352046	-0.0279710504642	0.0210911066628	-0.0466162950654	0.00068331944168	-0.0354957289626	-0.0245470893481	0.00641201921854	-0.0155068161903	-0.0321169912474	0.0270542381879	-0.0309276582223	0.00475997615569	-0.0580662359568	0.0263403049394	0.0717461384026	-0.0552957355427	-0.0146664263038	0.0617733059465	0.015013142287	-0.0236054895428	-0.0268733987212	-0.0402691542724	-0.00771387009484	-0.0127887170847	0.0444190864687	-0.0109226099733	0.00443059373771	-0.0158358788236	-0.105475486171	-0.0266790717468	-0.0100431164523	0.0391070386753	0.0381984563831
k__Bacteria;p__Proteobacteria;c__Betaproteobacteria;o__Burkholderiales;f__Sutterellaceae;g__Parasutterella;s__Parasutterella_excrementihominis	-0.00421179983385	0.0389057033976	-0.0316168401813	0.0122711126628	0.0212702170047	-0.0144733011273	0.00479959737675	0.0155184577663	0.00832366323785	-0.0106865006143	0.0125256936702	-0.0733446780229	-0.0588018612829	0.00735733157034	-0.00462250751068	-0.00647718040923	-0.0837966662646	-0.0179441229518	-0.0144252149916	-6.30164865449e-07	-0.0193518308138	-0.0127859316717	1.0	-0.0139088733114	-0.0400552774137	0.0475408901616	0.0499085710631	-0.0612508007407	-0.023157340506	0.0315377567386	0.0312940437943	0.0480992822904	-0.00047810472686	-0.00585047184763	0.0268264000809	0.0530755819475	0.00673257329664	0.0190948480908	-0.0262294982436	-0.0221266547147	0.0146810922488	-0.0166661871541	0.00176432154831	-0.0435186433445	-0.0515023275205	-0.0430807686676	0.0446062061286	-0.0370113191558	0.0298362186974	-0.0633364555367	-0.0424922277202	-0.00860829354512	0.0199549780428	-0.00180898762805	0.0187462410126	0.0415842510384	0.0250760957564	-0.00934605436675	-0.0500313273931
k__Bacteria;p__Actinobacteria;c__Actinobacteria;o__Bifidobacteriales;f__Bifidobacteriaceae;g__Bifidobacterium;s__Bifidobacterium_adolescentis	-0.0457143046056	-0.0176347515952	-0.0212863922588	-0.0448919362468	0.0221605364994	-0.012075729638	-0.00544656552205	-0.0194220651049	0.0325448320513	-0.0320379748869	0.0354491106353	-0.0362206218749	0.0179597899946	-0.00769211959529	0.0388127369652	0.0278948548651	0.0422840879728	-0.0879866507691	-0.00512012039439	-0.0150748566568	-0.00467937738361	0.0115172063357	-0.0139088733114	1.0	0.00557275282174	-0.0225529894714	-0.00269776954558	9.8113768402e-05	-0.050294855207	0.0210562423437	-0.00834134156914	-0.00977154964107	0.0527599225835	0.00522494182587	0.00552024034035	-0.0177655892132	-0.00984327199281	-0.0307801629218	-0.0242119583246	-0.0160007999604	0.0453176870499	0.0169749193644	0.00241527575661	-0.0195022136847	0.00267092884631	0.0160738504937	-0.0180456168071	-0.00944606250131	-0.0177427900061	0.0294277422051	-0.0791069946364	-0.0470515131198	-0.00787343926895	-0.0295074734183	-0.0183984654581	0.0424021680087	-0.0180800564053	-0.0262624475319	0.00352797522094
k__Bacteria;p__Firmicutes;c__Clostridia;o__Clostridiales;f__Oscillospiraceae;g__Oscillibacter;s__Oscillibacter_sp._KLE_1745	-0.0749592276203	0.0571768701195	-0.0020894555345	-0.0289889324522	-0.0435156022598	0.0179879924321	-0.0369203432841	-0.0172234960868	0.0232708968724	-0.00384431783643	0.0247832332153	0.00517387654199	-0.0155541852353	0.0233931900084	-0.0105400457393	0.0643826811255	0.0141435917831	0.00971836377853	-0.00996124091885	-0.0311684378163	0.027890128575	0.00623184332749	-0.0400552774137	0.00557275282174	1.0	-0.0187320694029	-0.00171028803597	-0.0229124993618	-0.0480996556677	-0.00429484811365	-0.0451730482129	-0.0360289696081	0.0233643722927	-0.0130466121107	-0.0115249368295	-0.0069767717995	-0.0432990149188	-0.0249763621059	0.0457353822727	0.0191863277287	-0.00846451582262	0.025484427943	-0.0147304789693	-0.0282046109767	0.0208827395587	0.0983216225677	-0.0251028334496	0.012777053503	-0.0188688194367	-0.0107765824859	-0.0331963694085	-0.0253907295178	-0.0517229546315	-0.0318332769955	-0.00349143035362	-0.031057650355	-0.037724463214	0.0344260473103	-0.007318071921
k__Bacteria;p__Bacteroidetes;c__Bacteroidia;o__Bacteroidales;f__Bacteroidaceae;g__Bacteroides;s__Bacteroides_coprophilus	0.0459322187862	-0.0216160075575	-0.044694852944	0.0270079624356	0.0201649536692	-0.0263681569259	0.0183196012951	-0.0105538990636	0.0103733149017	-0.0339644890476	0.00185700053526	0.0149260242148	-0.0659232979552	-0.00385988447971	0.00612570548314	-0.056854118198	-0.0127487946214	0.00525582855563	0.0467369507276	0.0419032935229	0.0306358056989	-0.0366609352046	0.0475408901616	-0.0225529894714	-0.0187320694029	1.0	-0.0226692473283	-0.0358495167064	-0.00306168565932	-0.01502893323	0.0033626032434	0.0481654644925	-0.0166933776443	-0.0398426465337	0.0336003802959	0.00946277580727	-0.0282156994929	0.02137979097	-0.0479851006373	0.0339959266047	-0.0757856733247	0.0282475137329	0.0137969823744	-0.0121301306061	0.0673332622702	-0.0546129343416	-0.0172431201491	-0.0339567078013	-0.0357566391101	0.00840475792398	-0.0460883560595	-0.0635117210284	0.0312684484509	-0.0153872052742	-0.0214745198032	-0.0151515143016	-0.00325822600985	-0.047589371799	-0.0275853561466
k__Bacteria;p__Firmicutes;c__Clostridia;o__Clostridiales;f__Lachnospiraceae;g__Roseburia;s__Roseburia_intestinalis	0.00571711055464	-0.0328991920932	-0.0193705856511	0.00500378206511	-0.0102804175063	0.0433758443695	0.0226631311982	0.00590333886168	-0.0312865404796	0.0229624712153	-0.0115473351604	0.0310864058454	-0.0202199371897	-0.0333982129278	0.00976702044408	-0.0135004587386	-0.0510749166923	-0.0125774756738	-0.0304624380456	-0.0211746819855	-0.0663430861276	-0.0279710504642	0.0499085710631	-0.00269776954558	-0.00171028803597	-0.0226692473283	1.0	-0.0347898161808	0.00711467974054	0.0145460802774	-0.0644412352933	0.0261057322826	0.019730739232	-0.0413648696818	0.0134219328701	-0.0462056187179	-0.0307709916734	-0.020529061629	-0.0275352232383	0.0363526061159	-0.0288338414665	-0.0123017272591	-0.101166281324	0.0345051982339	0.00750303879618	0.0143961770179	0.0320881095906	-0.0161594371002	-0.0601261558074	0.0674637032235	0.0165579180925	-0.00364156405858	0.0091540125952	0.039595272232	0.00884508452525	-0.00271831458374	-0.0171927501459	0.0508625730237	-0.00240554894528
k__Bacteria;p__Firmicutes;c__Clostridia;o__Clostridiales;f__Lachnospiraceae;g__Roseburia;s__Roseburia_hominis	-0.0437510499626	-0.063945324802	0.0171117123807	-0.00355068010378	-0.0156720523552	0.0190757249085	0.0148311708972	0.0327607298798	-0.0635764494599	0.0642185922393	0.00256089050643	-0.0140948378221	0.0665239024451	0.0667383473462	0.00769004330802	0.0842087187767	-0.0151647690857	-0.011434716244	0.0163318000616	0.00533708376105	0.0420957580821	0.0210911066628	-0.0612508007407	9.8113768402e-05	-0.0229124993618	-0.0358495167064	-0.0347898161808	1.0	-0.000207320875089	0.0547022076864	0.0112682334882	0.0163486178613	-0.00505834872237	0.000419487877552	-0.0547002110939	-0.00921392839202	0.0392954295469	-0.0460822605466	0.0140470166058	-0.0123561056775	-0.0323685155482	-0.0859325811394	0.0227712799057	0.0146071488935	-0.043352390436	-0.0088678654534	0.00200499457223	-0.0497374079984	0.0237780686782	-0.0397888800544	-0.0391264500596	-0.0220051387583	-0.0276566819082	-0.00133108084301	-0.0228413137002	-0.0698706775183	0.0158350678364	-0.0227864614198	-0.0606200467693
k__Bacteria;p__Bacteroidetes;c__Bacteroidia;o__Bacteroidales;f__Porphyromonadaceae;g__Parabacteroides;s__Parabacteroides_johnsonii	-0.0341837469369	-0.00136047883736	0.0222273923333	-0.00499784371688	-0.0572278642046	0.0716244666455	-0.00464345202198	-0.0680939119471	-0.017089042216	0.0371430308357	-0.00114323328935	0.0204327684285	0.019066054072	-0.0197341084671	-0.00412916748002	0.00953269613378	-0.002984687419	0.0416947535056	-0.00703872365709	0.000648180073212	0.0369000659556	-0.0466162950654	-0.023157340506	-0.050294855207	-0.0480996556677	-0.00306168565932	0.00711467974054	-0.000207320875089	1.0	-0.00177635173205	-0.0476202121516	0.00556269339015	0.0542023688066	-0.0679600511275	0.0619197901266	0.036637098621	-0.04908066273	-0.00888131928924	0.00840489075614	-0.0562385658373	-0.00261736012789	-0.0198743785409	0.00971351233302	-0.055566958614	0.000775900110221	0.0392397004694	-0.0370020552813	0.00710599378916	0.00387087491658	-0.052719822065	0.0466476217831	-0.0239990598364	-0.0377021395806	-0.039682580182	-0.0243618808762	-0.0760926705884	0.0440758385481	0.0330424175429	-0.0218801538249
