#taxonomy	k__Bacteria;p__Bacteroidetes;c__Bacteroidia;o__Bacteroidales;f__Bacteroidaceae;g__Bacteroides;s__Bacteroides_vulgatus	k__Bacteria;p__Bacteroidetes;c__Bacteroidia;o__Bacteroidales;f__Bacteroidaceae;g__Bacteroides;s__Bacteroides_uniformis	k__Bacteria;p__Bacteroidetes;c__Bacteroidia;o__Bacteroidales;f__Rikenellaceae;g__Alistipes;s__Alistipes_putredinis	k__Bacteria;p__Bacteroidetes;c__Bacteroidia;o__Bacteroidales;f__Prevotellaceae;g__Prevotella;s__Prevotella_copri	k__Bacteria;p__Bacteroidetes;c__Bacteroidia;o__Bacteroidales;f__Bacteroidaceae;g__Bacteroides;s__Bacteroides_stercoris	k__Bacteria;p__Bacteroidetes;c__Bacteroidia;o__Bacteroidales;f__Bacteroidaceae;g__Bacteroides;s__Bacteroides_ovatus	k__Bacteria;p__Bacteroidetes;c__Bacteroidia;o__Bacteroidales;f__Rikenellaceae;g__Alistipes;s__Alistipes_shahii	k__Bacteria;p__Firmicutes;c__Clostridia;o__Clostridiales;f__Ruminococcaceae;g__Faecalibacterium;s__Faecalibacterium_prausnitzii	k__Bacteria;p__Bacteroidetes;c__Bacteroidia;o__Bacteroidales;f__Rikenellaceae;g__Alistipes;s__Alistipes_finegoldii	k__Bacteria;p__Bacteroidetes;c__Bacteroidia;o__Bacteroidales;f__Porphyromonadaceae;g__Parabacteroides;s__Parabacteroides_distasonis	k__Bacteria;p__Bacteroidetes;c__Bacteroidia;o__Bacteroidales;f__Bacteroidaceae;g__Bacteroides;s__Bacteroides_thetaiotaomicron	k__Bacteria;p__Bacteroidetes;c__Bacteroidia;o__Bacteroidales;f__Bacteroidaceae;g__Bacteroides;s__Bacteroides_coprocola	k__Bacteria;p__Bacteroidetes;c__Bacteroidia;o__Bacteroidales;f__Bacteroidaceae;g__Bacteroides;s__Bacteroides_cellulosilyticus	k__Bacteria;p__Bacteroidetes;c__Bacteroidia;o__Bacteroidales;f__Rikenellaceae;g__Alistipes;s__Alistipes_obesi	k__Bacteria;p__Firmicutes;c__Clostridia;o__Clostridiales;f__Lachnospiraceae;g__;s__[Eubacterium]_rectale	k__Bacteria;p__Bacteroidetes;c__Bacteroidia;o__Bacteroidales;f__Bacteroidaceae;g__Bacteroides;s__Bacteroides_plebeius	k__Bacteria;p__Bacteroidetes;c__Bacteroidia;o__Bacteroidales;f__Bacteroidaceae;g__Bacteroides;s__Bacteroides_fragilis	k__Bacteria;p__Proteobacteria;c__Betaproteobacteria;o__Burkholderiales;f__Sutterellaceae;g__Sutterella;s__Sutterella_wadsworthensis	k__Bacteria;p__Bacteroidetes;c__Bacteroidia;o__Bacteroidales;f__Porphyromonadaceae;g__Barnesiella;s__Barnesiella_intestinihominis	k__Bacteria;p__Bacteroidetes;c__Bacteroidia;o__Bacteroidales;f__Odoribacteraceae;g__Odoribacter;s__Odoribacter_splanchnicus	k__Bacteria;p__Bacteroidetes;c__Bacteroidia;o__Bacteroidales;f__Bacteroidaceae;g__Bacteroides;s__Bacteroides_salyersiae	k__Bacteria;p__Firmicutes;c__Clostridia;o__Clostridiales;f__Ruminococcaceae;g__Ruminiclostridium;s__[Eubacterium]_siraeum	k__Bacteria;p__Proteobacteria;c__Betaproteobacteria;o__Burkholderiales;f__Sutterellaceae;g__Parasutterella;s__Parasutterella_excrementihominis	k__Bacteria;p__Actinobacteria;c__Actinobacteria;o__Bifidobacteriales;f__Bifidobacteriaceae;g__Bifidobacterium;s__Bifidobacterium_adolescentis	k__Bacteria;p__Firmicutes;c__Clostridia;o__Clostridiales;f__Oscillospiraceae;g__Oscillibacter;s__Oscillibacter_sp._KLE_1745	k__Bacteria;p__Bacteroidetes;c__Bacteroidia;o__Bacteroidales;f__Bacteroidaceae;g__Bacteroides;s__Bacteroides_coprophilus	k__Bacteria;p__Firmicutes;c__Clostridia;o__Clostridiales;f__Lachnospiraceae;g__Roseburia;s__Roseburia_intestinalis	k__Bacteria;p__Firmicutes;c__Clostridia;o__Clostridiales;f__Lachnospiraceae;g__Roseburia;s__Roseburia_hominis	k__Bacteria;p__Bacteroidetes;c__Bacteroidia;o__Bacteroidales;f__Porphyromonadaceae;g__Parabacteroides;s__Parabacteroides_johnsonii	k__Bacteria;p__Actinobacteria;c__Actinobacteria;o__Bifidobacteriales;f__Bifidobacteriaceae;g__Bifidobacterium;s__Bifidobacterium_longum	k__Bacteria;p__Firmicutes;c__Clostridia;o__Clostridiales;f__;g__Flavonifractor;s__Flavonifractor_plautii	k__Bacteria;p__Firmicutes;c__Clostridia;o__Clostridiales;f__Clostridiaceae;g__Clostridium;s__Clostridium_phoceensis	k__Bacteria;p__Verrucomicrobia;c__Verrucomicrobiae;o__Verrucomicrobiales;f__Akkermansiaceae;g__Akkermansia;s__Akkermansia_muciniphila	k__Bacteria;p__Bacteroidetes;c__Bacteroidia;o__Bacteroidales;f__Prevotellaceae;g__Paraprevotella;s__Paraprevotella_xylaniphila	k__Bacteria;p__Firmicutes;c__Clostridia;o__Clostridiales;f__Ruminococcaceae;g__Ruminococcus;s__Ruminococcus_callidus	k__Bacteria;p__Bacteroidetes;c__Bacteroidia;o__Bacteroidales;f__Rikenellaceae;g__Alistipes;s__Alistipes_senegalensis	k__Bacteria;p__Firmicutes;c__Clostridia;o__Clostridiales;f__Lachnospiraceae;g__Blautia;s__Blautia_sp._KLE_1732	k__Bacteria;p__Bacteroidetes;c__Bacteroidia;o__Bacteroidales;f__Bacteroidaceae;g__Bacteroides;s__Bacteroides_oleiciplenus	k__Bacteria;p__Firmicutes;c__Clostridia;o__Clostridiales;f__Ruminococcaceae;g__Ruminococcus;s__Ruminococcus_bicirculans	k__Bacteria;p__Bacteroidetes;c__Bacteroidia;o__Bacteroidales;f__Bacteroidaceae;g__Bacteroides;s__Bacteroides_fluxus	k__Bacteria;p__Bacteroidetes;c__Bacteroidia;o__Bacteroidales;f__Prevotellaceae;g__Prevotella;s__Prevotella_stercorea	k__Bacteria;p__Firmicutes;c__Clostridia;o__Clostridiales;f__Lachnospiraceae;g__Dorea;s__Dorea_longicatena	k__Bacteria;p__Firmicutes;c__Clostridia;o__Clostridiales;f__Eubacteriaceae;g__Eubacterium;s__[Eubacterium]_eligens	k__Bacteria;p__Firmicutes;c__Clostridia;o__Clostridiales;f__Ruminococcaceae;g__;s__Ruminococcaceae_bacterium_D16	k__Bacteria;p__Firmicutes;c__Clostridia;o__Clostridiales;f__Lachnospiraceae;g__Coprococcus;s__Coprococcus_comes	k__Bacteria;p__Proteobacteria;c__Gammaproteobacteria;o__Enterobacterales;f__Enterobacteriaceae;g__Escherichia;s__Escherichia_coli	k__Bacteria;p__Firmicutes;c__Clostridia;o__Clostridiales;f__Ruminococcaceae;g__Anaerotruncus;s__Anaerotruncus_colihominis	k__Bacteria;p__Firmicutes;c__Clostridia;o__Clostridiales;f__Lachnospiraceae;g__Blautia;s__Blautia_obeum	k__Bacteria;p__Bacteroidetes;c__Bacteroidia;o__Bacteroidales;f__Odoribacteraceae;g__Odoribacter;s__Odoribacter_laneus	k__Bacteria;p__Firmicutes;c__Clostridia;o__Clostridiales;f__Ruminococcaceae;g__Ruminiclostridium;s__[Clostridium]_leptum	k__Bacteria;p__Bacteroidetes;c__Bacteroidia;o__Bacteroidales;f__Porphyromonadaceae;g__Parabacteroides;s__Parabacteroides_goldsteinii	k__Bacteria;p__Firmicutes;c__Clostridia;o__Clostridiales;f__Lachnospiraceae;g__Anaerostipes;s__Anaerostipes_hadrus	k__Bacteria;p__Firmicutes;c__Clostridia;o__Clostridiales;f__Ruminococcaceae;g__Ruminococcus;s__Ruminococcus_lactaris	k__Bacteria;p__Firmicutes;c__Clostridia;o__Clostridiales;f__Clostridiaceae;g__Clostridium;s__Clostridium_sp._L2-50	k__Bacteria;p__Firmicutes;c__Clostridia;o__Clostridiales;f__Clostridiaceae;g__Clostridium;s__Clostridium_sp._M62/1	k__Bacteria;p__Firmicutes;c__Clostridia;o__Clostridiales;f__;g__Intestinimonas;s__Intestinimonas_butyriciproducens	k__Bacteria;p__Actinobacteria;c__Actinobacteria;o__Bifidobacteriales;f__Bifidobacteriaceae;g__Bifidobacterium;s__Bifidobacterium_bifidum	k__Bacteria;p__Firmicutes;c__Negativicutes;o__Veillonellales;f__Veillonellaceae;g__Dialister;s__Dialister_invisus	k__Bacteria;p__Bacteroidetes;c__Bacteroidia;o__Bacteroidales;f__Bacteroidaceae;g__Bacteroides;s__Bacteroides_salanitronis
k__Bacteria;p__Bacteroidetes;c__Bacteroidia;o__Bacteroidales;f__Bacteroidaceae;g__Bacteroides;s__Bacteroides_vulgatus	1.0	-0.0541882405832	0.0206155992387	0.0250994355434	-0.0436050711872	0.0158808802431	0.0385938342193	0.00680672103005	-0.0412224533592	-0.0108738617749	-0.0394402281486	-0.0831145722758	0.0333580807108	-0.00821628928887	0.0636109750849	0.0260617073174	-0.0391335490933	-0.00354947801411	-0.0431223567707	0.0276484129207	0.00984412455113	0.0462501640303	-0.055473001384	-0.00460265770816	0.00891578592318	0.0125279081064	0.0133100179273	-0.0253624700921	-0.0519867697668	0.023007792203	-0.0279206580032	-0.030459395972	-0.0370445737828	0.0022287521952	0.0331432520001	-0.087822187613	-0.0408341141033	0.01653917516	-0.010293540651	0.0160414293055	-0.00468314547013	-0.0142553757734	0.0277019911648	0.0161538332151	-0.0133397451283	-0.0285423791447	-0.00901715268719	0.00557197459126	0.0126032149293	0.0320359532119	-0.0604710983248	-0.042314588213	-0.0654500623447	-0.0240536841569	-0.0538804207639	-0.0525289710633	0.00945152990474	-0.0251542614865	0.0692668826306
k__Bacteria;p__Bacteroidetes;c__Bacteroidia;o__Bacteroidales;f__Bacteroidaceae;g__Bacteroides;s__Bacteroides_uniformis	-0.0541882405832	1.0	0.00519586222432	0.0413708790582	0.0117381360124	0.00726481135284	0.00851835129051	0.0125683662834	0.0387157090022	-0.0028878266172	-0.0302765192772	-0.0283536080382	-0.0145107708612	-0.0171016225222	-0.0472357420067	0.0251247323155	-0.0738410524132	-0.0153011788205	-0.0564571701751	-0.0360571343065	0.0068781716684	0.00694595994281	-0.0423378626798	0.00609720896371	-0.0135242611756	0.0222158675849	0.0256948214949	0.0342132831091	-0.02728985982	0.0135482363505	0.00802318147367	0.0313194191143	-0.0550131746181	-0.0117891053999	0.00130389605555	-0.0199892000391	-0.0353749562398	-0.0364923289267	-0.0190669767848	0.0431983830292	-0.0219216621547	0.00830130573291	-0.00272201975835	-0.0161171329229	0.00152532100711	0.00758317647409	0.0241854410456	-0.0292454884595	0.00171750597373	0.00482976705257	-0.0594201625525	-0.0378479457711	-0.00828496944176	-0.00552750253419	-0.0110576153756	0.0228040547848	0.00558654614453	0.0080555039266	0.0234431089133
k__Bacteria;p__Bacteroidetes;c__Bacteroidia;o__Bacteroidales;f__Rikenellaceae;g__Alistipes;s__Alistipes_putredinis	0.0206155992387	0.00519586222432	1.0	0.00545928006268	-0.0157007127499	-0.00606114194593	-0.00545013166303	0.0302409656393	0.00970043587578	-0.0246415853222	-0.053647614247	-0.0174425197352	-0.0398118852655	0.0335028665444	-0.0117244892301	-0.0119990492765	0.0360483609316	-0.014665293593	0.00394228586882	-0.0682160882808	0.0443314178326	0.0109607805435	0.0669372222828	-0.00747015178275	-0.0258183910226	-0.0383844529382	-0.0781210312469	-0.0381898587049	0.0160606188	0.0333452911149	0.0151298950025	-0.00771717088811	-0.103383678398	-0.000719274876515	0.028709270526	0.0010984008663	0.0132662359335	-0.00855332444544	-0.0138669531137	0.00380363148569	-0.0489104269598	-0.0391597455471	-0.0286029733198	-0.023587254143	-0.0340554535903	-0.0394597542106	0.000825391134703	-0.0102952703422	-0.0172616856802	0.0713379932267	0.011552301173	-0.0152236635757	-0.00334641072989	-0.0357428447409	0.0495156192763	-0.0109778216458	-0.0207272543363	-0.00669374691051	0.0118682542254
k__Bacteria;p__Bacteroidetes;c__Bacteroidia;o__Bacteroidales;f__Prevotellaceae;g__Prevotella;s__Prevotella_copri	0.0250994355434	0.0413708790582	0.00545928006268	1.0	-0.0177845116132	-0.0590287996989	-0.0462253229737	0.0104035025508	0.00393333178316	-0.0221534104802	-0.00169394689701	0.00869125083759	-0.04758433562	0.022929813856	-0.052717125419	0.00700186485068	-0.0390986793608	-0.0179018241368	-0.00283220513642	0.00675253084861	-0.0486504842106	-0.0405158203502	0.0506657245794	-0.045530705422	-0.00348826204062	-0.0292101926828	-0.0618710768801	0.0246906114444	-0.0449396684625	0.0327390027179	0.0149711650048	0.0112876484972	0.003526688473	-0.0607203657207	-0.0170413809994	-0.00754558172908	-0.0161554291439	-0.0249448423281	-0.0314464961328	-0.03571710444	0.0654197023768	-0.00581979343334	4.91227202792e-05	0.0317998077961	-0.0299333661307	0.0189104512981	0.00212349131875	0.000685219416264	-0.0565530802337	0.000916422965723	-0.0254285687302	-0.0124175135808	-0.0774145041729	0.0358136774731	0.0307043787706	-0.00155380844855	-0.0305919962268	-0.0225068945649	0.0220338501308
k__Bacteria;p__Bacteroidetes;c__Bacteroidia;o__Bacteroidales;f__Bacteroidaceae;g__Bacteroides;s__Bacteroides_stercoris	-0.0436050711872	0.0117381360124	-0.0157007127499	-0.0177845116132	1.0	-0.0205782329109	0.0508663662262	0.0323583063585	0.0208055068441	-0.0614360074934	-0.0395261912143	0.00647667545198	-0.0004099366365	0.017878162063	-0.0664214483553	0.0201209991789	0.00247890742717	-0.0318490045167	0.035782597168	0.0259162029077	0.0238120256592	0.0274798219087	0.000145417864619	-0.0585122812047	0.0232769285907	-0.0122532130274	-0.0325809375736	0.0595652809282	0.0389746327854	0.000876267166706	-0.00981043063886	-0.0434422789503	0.01380394533	-0.0260984841503	-0.0114907049564	0.016494171762	-0.007006832141	0.0154888435726	-0.0249812495092	0.00147585132311	0.0163941951675	-0.0492512283359	-0.0243894266346	0.020095157459	-0.00520327936813	-0.00293603529593	0.0055711450439	-0.0243940932562	-0.0207431758208	-0.0270976815198	0.0316073012336	-0.048133834595	0.015199405228	-0.0364329539817	0.0270671466898	0.00521020815824	-0.00210502078591	0.0393275953485	-0.0222864414819
k__Bacteria;p__Bacteroidetes;c__Bacteroidia;o__Bacteroidales;f__Bacteroidaceae;g__Bacteroides;s__Bacteroides_ovatus	0.0158808802431	0.00726481135284	-0.00606114194593	-0.0590287996989	-0.0205782329109	1.0	0.0459972964842	0.00280788610803	-0.0051306071706	0.0449117767508	-0.00551288425676	-0.011311440377	0.0420227776326	-0.106159989165	-0.0628787058704	-0.0321580012057	0.0305289649379	0.0409326725649	-0.0178859730661	0.0554715656552	-0.0569819466047	0.0565905610976	-0.0138562844661	0.000217161736706	-0.040197102803	-0.0301070544674	0.00839223468208	0.00811206955402	0.0325361237532	-0.0315205731384	0.00911676327409	-0.00793770215867	0.0370190112812	-0.0612397112212	-0.0183522067563	-0.0054355363882	0.0312766994615	-0.0312453289907	-0.057657075784	-0.00431148421308	-0.0192262992121	0.000406911925813	0.0233500209339	-0.0196530180562	0.00893702378212	0.0298689706365	0.0509107501564	0.00886077393284	-0.00158915777062	-0.00361469874469	-0.0156427441555	0.00595829611861	-0.0366017301024	0.0262344867528	0.0032234500264	0.0507623295201	0.00784180521399	0.0501099527389	0.00138581004775
k__Bacteria;p__Bacteroidetes;c__Bacteroidia;o__Bacteroidales;f__Rikenellaceae;g__Alistipes;s__Alistipes_shahii	0.0385938342193	0.00851835129051	-0.00545013166303	-0.0462253229737	0.0508663662262	0.0459972964842	1.0	0.0071655556056	0.0303353474053	-0.0729254188924	0.00551198997704	-0.031349220673	-0.0413891996995	-0.027806582354	0.00920534519672	-0.0152571444426	-0.0157843180856	-0.0133097047414	-0.0607290866724	-0.050355814039	-0.0417887131617	-0.036195462796	0.024902479632	0.0260784199202	-0.032510781842	-0.0273448926429	-0.0361691564823	0.0333683443388	0.109665763828	-0.0496997520356	-0.00400665201541	-0.0115933441139	0.0236537062852	-0.00545166133474	-0.0386834078591	-0.0186898980067	0.0029493817164	-0.0151063883177	-0.0173488495174	-0.026838383668	-0.0528301844238	-0.00975216500663	-0.0532877680474	-0.0443922653827	-0.00660035223796	0.00066677976254	0.0297466513071	-0.0599441511948	0.0109638634112	0.0342762686833	-0.0555147064538	-0.0113482568636	-0.0284291812787	-0.0177070869991	-0.0289119464331	0.0401826269724	-0.012186718262	0.027087866447	-0.0287997151811
k__Bacteria;p__Firmicutes;c__Clostridia;o__Clostridiales;f__Ruminococcaceae;g__Faecalibacterium;s__Faecalibacterium_prausnitzii	0.00680672103005	0.0125683662834	0.0302409656393	0.0104035025508	0.0323583063585	0.00280788610803	0.0071655556056	1.0	0.01869234685	0.0319260013096	0.00919519553685	-0.00769375294403	0.0231800185366	-0.00936715127381	0.0263957782679	-0.0425313731391	-0.0398199376642	-0.0125897478654	0.00175495740302	-0.0292806107345	-0.00940966049754	-0.00518763923708	-0.00217446969621	0.0468252464241	0.017719000399	0.0174305267639	0.0568282313819	0.00106772506806	0.033073100993	0.00835103053465	-0.00508098920907	0.0156568023249	-0.0119902102572	0.00472696492941	0.0310664411921	-0.0772082430696	0.0159721658316	-0.0310758187265	-0.0134900428246	-0.00892484385004	-0.00708968125185	-0.00710694504463	-0.000590206861466	-0.0146601448959	0.0362206564774	-0.0944097542314	-0.00705711299578	0.0360111370813	-0.0278013806885	0.0378026135483	-0.0811305919727	-0.0211843901387	-0.0322703165216	0.016925236003	-0.073055620424	-0.00119510453274	-0.0468560379045	0.0369365999292	-0.0328349615326
k__Bacteria;p__Bacteroidetes;c__Bacteroidia;o__Bacteroidales;f__Rikenellaceae;g__Alistipes;s__Alistipes_finegoldii	-0.0412224533592	0.0387157090022	0.00970043587578	0.00393333178316	0.0208055068441	-0.0051306071706	0.0303353474053	0.01869234685	1.0	-0.014050788878	-0.0455629781279	-0.0183018984492	-0.0358825190996	-0.00644430241488	0.00232886988015	-0.0598529174312	0.014369314253	-0.0419467437057	-0.0384869136244	0.00588535599869	-0.00580926294371	-0.00984207052853	-0.0226206455158	-0.0115312047643	0.0474799292011	-0.0582185669552	0.0247715881581	-0.0438367916081	-0.0391424299614	-0.0314972073817	-0.036007784821	0.0252773972217	0.0181333926714	-0.0050857723824	0.0581133494762	-0.0632667609416	-0.00120298801015	-0.0574835325968	0.0463485555754	0.0235151500845	0.0445275128208	0.0451543746147	0.0268742381466	0.00214193108356	0.0672126629271	-0.0123045179331	-0.02916513878	0.0182505614494	-0.0257605899334	-0.0104343885087	-0.0436987839932	-0.0642804486109	-0.042709962678	0.031972102079	-0.0670449947032	0.0579889429449	0.0355645393708	0.0121881294777	0.00742333356918
k__Bacteria;p__Bacteroidetes;c__Bacteroidia;o__Bacteroidales;f__Porphyromonadaceae;g__Parabacteroides;s__Parabacteroides_distasonis	-0.0108738617749	-0.0028878266172	-0.0246415853222	-0.0221534104802	-0.0614360074934	0.0449117767508	-0.0729254188924	0.0319260013096	-0.014050788878	1.0	0.0520361424487	0.0432363724783	-0.00798683619226	-0.0263458973732	-0.0043919413345	-0.00504804744268	-0.000634415604175	-0.0116530440198	0.00430887120049	0.0278534923419	-0.0168494004074	-0.00822951861574	0.0279009890335	-0.0101552954911	0.00866436951371	0.00177360967975	0.0271137180782	-0.0226165042733	-0.108155895394	0.0381306150517	-0.00791760819141	0.0236542313211	-0.0135295726292	0.0110554397266	0.0440101297398	-0.00268706503248	0.0781794342155	-0.0408085188517	-0.0313587824536	-0.024131907642	-0.0377842712561	-0.0469929527047	0.0290507140235	-0.0517784954326	0.0112429405074	0.0197368695803	-0.0720082209224	-0.00495776350505	-0.00432229313279	0.0230198788354	0.017377174184	-0.0784050894493	0.0540184711475	0.043241933771	0.027786428005	0.0278606415162	-0.0499290613401	0.0154845217141	-0.0369666110403
k__Bacteria;p__Bacteroidetes;c__Bacteroidia;o__Bacteroidales;f__Bacteroidaceae;g__Bacteroides;s__Bacteroides_thetaiotaomicron	-0.0394402281486	-0.0302765192772	-0.053647614247	-0.00169394689701	-0.0395261912143	-0.00551288425676	0.00551198997704	0.00919519553685	-0.0455629781279	0.0520361424487	1.0	0.0106757718768	-0.0244967213369	0.0181873474379	-0.0604742477983	0.0160416750582	0.0153504881642	-0.0371839194101	0.0135906840015	0.00493374719823	-0.0304565085348	-0.0372053093483	0.00410236803629	-0.0144644031874	0.0115534894519	-0.0405688840148	0.0438038707027	0.00843338659235	-0.0491097783014	0.0204463284348	0.0328216890568	0.000711235513844	-0.0682692793105	-0.00638147646638	0.0299716235675	0.00308840835406	-0.0672962063947	-0.0186027710117	-0.01076114916	0.00605747109847	-0.0470797191413	-0.0416913014647	-0.037633365367	-0.0144505352287	-0.0605695346183	0.0181600903662	-0.0716717464537	-0.00888371692973	-0.000590946005034	0.0572332194963	-0.0379920043899	-0.00639800473261	-0.0278439124023	0.0530371324111	-0.00917897443473	0.0734827282889	-0.0481278384732	-0.033195924759	-0.0170198318722
k__Bacteria;p__Bacteroidetes;c__Bacteroidia;o__Bacteroidales;f__Bacteroidaceae;g__Bacteroides;s__Bacteroides_coprocola	-0.0831145722758	-0.0283536080382	-0.0174425197352	0.00869125083759	0.00647667545198	-0.011311440377	-0.031349220673	-0.00769375294403	-0.0183018984492	0.0432363724783	0.0106757718768	1.0	-0.000860012769467	0.0172057768385	0.0120001703905	-0.0497907077455	-0.019768482661	-0.0260609595819	-0.0379681783908	-0.00319497748256	0.0582428413531	0.0017423091791	0.0126511096077	0.0304282217739	-0.0259907205055	0.0107803820446	-0.00326585245088	-0.0065840770142	0.0277305934537	-0.0107376123644	0.00588966966658	-0.0209976863512	-0.0287112408546	-0.0260087357527	0.0784058065238	-0.0416963301438	0.0327389721571	-0.0336759674427	-0.0155704153763	-0.0162282372816	-0.014241972816	-0.00970173970592	-0.0106177724722	-0.050989511237	-0.0160983850939	-0.0319738014837	0.0130424602667	0.000748282253033	0.035779631311	-0.0433118139062	-0.0288469300797	-0.0325475175845	0.00669138198854	-0.0360556833017	0.0412872891277	0.0265537156887	-0.00695070682077	0.0210781698396	-0.0330496281625
k__Bacteria;p__Bacteroidetes;c__Bacteroidia;o__Bacteroidales;f__Bacteroidaceae;g__Bacteroides;s__Bacteroides_cellulosilyticus	0.0333580807108	-0.0145107708612	-0.0398118852655	-0.04758433562	-0.0004099366365	0.0420227776326	-0.0413891996995	0.0231800185366	-0.0358825190996	-0.00798683619226	-0.0244967213369	-0.000860012769467	1.0	0.0643244782982	-0.00888878875802	-0.0546404629121	-0.0376456594087	0.0447910186245	-0.0392827868385	-0.00756684149301	0.0167514907646	0.0629280943531	0.0422975628581	-0.00228191831242	-0.0258878791825	-0.0317463720662	0.0118781165015	-0.0567828992273	0.00950246451556	0.012877913585	-0.0327068886606	0.00411466237538	-0.0888076380821	-0.0194301840211	-0.0188389211505	0.00901636923434	-0.0430073761791	-0.0124534029133	-0.00236363286734	-0.0244118721006	0.0374275756506	-0.02209431464	0.0519924066214	-0.0157701671202	-0.0326751395541	-0.03340544783	0.0210640239711	-0.000490505399455	-0.0428501510514	0.0375120203563	-0.0579604785609	0.0156361538391	-0.0209485426823	-0.0512273860514	0.00138566668832	-0.0143103429589	-0.00931957615071	-0.00168950979932	-0.0799019514
k__Bacteria;p__Bacteroidetes;c__Bacteroidia;o__Bacteroidales;f__Rikenellaceae;g__Alistipes;s__Alistipes_obesi	-0.00821628928887	-0.0171016225222	0.0335028665444	0.022929813856	0.017878162063	-0.106159989165	-0.027806582354	-0.00936715127381	-0.00644430241488	-0.0263458973732	0.0181873474379	0.0172057768385	0.0643244782982	1.0	0.0318719488521	-0.00725512326086	0.0251269217356	-0.0339648665237	-0.00244954221637	-0.0257631989586	-0.0277241297198	-0.0448294365294	0.0438167186619	-0.0430632663276	-0.0197475510315	-0.0137440098944	0.00909388461659	-0.0478281889735	0.0189643010103	-0.0102868404868	0.00906880873239	0.00839108089011	-0.0263910695131	-0.0494189757814	0.020389887774	-0.0299606391762	0.0272269854503	-0.0142613902354	0.017857275641	-0.0129189325048	-0.0167434230717	-0.0365397224408	-0.0235643420403	-0.0476609883043	0.0143544287528	-0.000804048408985	0.00391025428851	-0.043315478557	0.0157399483487	0.0132606261092	-0.0384319917464	-0.000238288314672	-0.0121204828369	-0.00940481598845	0.00883372469994	0.0141541451061	0.0128401462562	-0.0118177620097	-0.0130864506847
k__Bacteria;p__Firmicutes;c__Clostridia;o__Clostridiales;f__Lachnospiraceae;g__;s__[Eubacterium]_rectale	0.0636109750849	-0.0472357420067	-0.0117244892301	-0.052717125419	-0.0664214483553	-0.0628787058704	0.00920534519672	0.0263957782679	0.00232886988015	-0.0043919413345	-0.0604742477983	0.0120001703905	-0.00888878875802	0.0318719488521	1.0	0.0388025420028	-0.0310762319748	-0.0144935340067	0.0135938245758	-0.0548431976509	-0.00846561136748	-0.0267408017645	-0.0229279566473	-0.0209635019401	-0.00939569878838	-0.0311309273777	-0.0309492182137	0.017634745879	-0.0164555350876	-0.00599317513613	0.0267761365268	-0.077626509315	0.000485743336836	-0.00764174134948	0.00512352824924	0.0329822918131	0.00793848206997	0.00362454215726	-0.0331576367766	-0.0501389133892	0.0348070350441	0.00313343449563	-0.0557061313761	-0.0783950107687	-0.0293643046587	0.0227542651747	0.0208739204401	0.00882923835154	-0.024179491	-0.0229274506771	0.00500702259564	0.0175835403718	0.0195509316565	0.0516832976124	0.0127434854191	-0.0614596411914	0.0392978338236	-0.0173100458449	-0.0284850801764
k__Bacteria;p__Bacteroidetes;c__Bacteroidia;o__Bacteroidales;f__Bacteroidaceae;g__Bacteroides;s__Bacteroides_plebeius	0.0260617073174	0.0251247323155	-0.0119990492765	0.00700186485068	0.0201209991789	-0.0321580012057	-0.0152571444426	-0.0425313731391	-0.0598529174312	-0.00504804744268	0.0160416750582	-0.0497907077455	-0.0546404629121	-0.00725512326087	0.0388025420028	1.0	-0.0710975365388	-0.0298457495829	0.0537812421469	-0.035681371799	0.0459896071145	0.00979230691705	0.0236493492852	0.0334012186029	0.0338747222671	0.0129995101639	-0.0600516137202	0.0258933738752	-0.00223682301657	0.0206244297497	0.00925497525064	-0.059192635024	-0.0738730407954	0.0519838233361	-0.0350979516158	0.0235072139914	-0.0195246307648	0.0391222445974	-0.0366527058359	-0.057585950261	-0.0199311242812	0.0137259056618	0.0036952243362	0.0130705856635	-0.0389223489408	0.0496638459605	0.019051378487	-0.00689436769571	-0.0408042696921	0.0361467497675	-0.0103873566511	0.0347034166731	0.0388676446956	-0.0237014070281	0.0154557328999	-0.0377106376408	0.0351648348628	0.0341790774132	0.0521129911905
k__Bacteria;p__Bacteroidetes;c__Bacteroidia;o__Bacteroidales;f__Bacteroidaceae;g__Bacteroides;s__Bacteroides_fragilis	-0.0391335490933	-0.0738410524132	0.0360483609316	-0.0390986793608	0.00247890742717	0.0305289649379	-0.0157843180856	-0.0398199376642	0.014369314253	-0.000634415604175	0.0153504881642	-0.019768482661	-0.0376456594087	0.0251269217356	-0.0310762319748	-0.0710975365388	1.0	-0.0145738885905	0.0138235525653	0.0576903584219	0.0303913368422	0.0478748630433	-0.0376587505531	0.0401734822913	0.00874532839308	-0.0286266913733	0.0609444525535	-0.0501707120057	-0.0234969696648	-0.00898242586309	-0.023659584846	0.00869474349172	0.0209030252145	0.0193557711005	-0.0841361829986	0.0214100267446	0.0255075968561	-0.0491694091348	0.0344270985161	-0.0215123795894	-0.0531802206349	-0.0169914814214	-0.00583540975223	-0.00177739593502	0.0294859904495	-0.0474596419627	-0.0147704311013	0.00187894425496	0.0195166358089	-0.0500241034493	-0.0316888692773	0.00871123634071	0.0400954683595	0.00612309016892	0.0258856682585	-0.0132621556358	-0.00288393638987	-0.0283067962812	-0.0400312890582
k__Bacteria;p__Proteobacteria;c__Betaproteobacteria;o__Burkholderiales;f__Sutterellaceae;g__Sutterella;s__Sutterella_wadsworthensis	-0.00354947801411	-0.0153011788205	-0.014665293593	-0.0179018241368	-0.0318490045167	0.0409326725649	-0.0133097047414	-0.0125897478654	-0.0419467437057	-0.0116530440198	-0.0371839194101	-0.0260609595819	0.0447910186245	-0.0339648665237	-0.0144935340067	-0.0298457495829	-0.0145738885905	1.0	0.0399646074479	0.00322333379856	-0.0612923044846	-0.00228000799819	-0.0105933231258	5.60504635511e-05	-0.0625846332569	-0.0189269879178	0.00544141714638	0.0230387139931	-0.0763043981359	0.000403735717116	0.0564421761931	-0.00263211269131	-0.051297489537	0.0282417996012	-0.0310161516438	-0.0326351406486	-0.037339932416	-0.0531582469768	0.0269795362953	0.0097173150173	0.0218618334832	0.0194216780641	-0.0252339306713	-0.0131108445527	-0.0260601473327	0.00425512998473	0.00317059571472	-0.00788146780729	-0.0532808914978	0.0109960910166	-0.0525674442214	0.04253359478	-0.0109138382943	0.0110734206565	0.0561835156652	-0.024039961541	0.00143203689172	0.034588015295	-0.0773719494291
k__Bacteria;p__Bacteroidetes;c__Bacteroidia;o__Bacteroidales;f__Porphyromonadaceae;g__Barnesiella;s__Barnesiella_intestinihominis	-0.0431223567707	-0.0564571701751	0.00394228586882	-0.00283220513642	0.035782597168	-0.0178859730661	-0.0607290866724	0.00175495740302	-0.0384869136244	0.00430887120049	0.0135906840015	-0.0379681783908	-0.0392827868385	-0.00244954221637	0.0135938245758	0.0537812421469	0.0138235525653	0.0399646074479	1.0	-0.0665180119294	0.0195937967035	0.0176151534024	0.0021123275556	-0.0775985634421	0.0136979237119	0.0902392102093	-0.0129697539055	0.0289776857304	-0.0613266735425	0.00917355433806	4.06559401613e-05	0.050864444516	0.00980229160723	0.029958289801	0.0187877890805	0.017651209044	0.00644372414266	-0.0145504966341	-0.0128591479177	-0.0184484694035	0.0262867330356	0.00839869974202	-0.0360598347892	-0.0100611874388	-0.0420090027263	0.0166737810473	-0.0375593866517	0.0300998150106	-0.0395899678537	0.0594704557833	0.00379531096814	-0.0603682498573	-0.0175479430004	0.0167384739174	-0.0126690989137	-0.0443642554206	-0.0510915345101	0.0527328329466	-0.0116837183875
k__Bacteria;p__Bacteroidetes;c__Bacteroidia;o__Bacteroidales;f__Odoribacteraceae;g__Odoribacter;s__Odoribacter_splanchnicus	0.0276484129207	-0.0360571343065	-0.0682160882808	0.00675253084861	0.0259162029077	0.0554715656552	-0.050355814039	-0.0292806107345	0.00588535599869	0.0278534923419	0.00493374719823	-0.00319497748256	-0.00756684149301	-0.0257631989586	-0.0548431976509	-0.035681371799	0.0576903584219	0.00322333379856	-0.0665180119294	1.0	0.0325813498341	-0.0331299573284	-0.0420125565826	0.00353067587131	0.00233676687307	-0.0120384208058	0.00810980659197	-0.00754813163823	-0.0066732223973	-0.0167942246357	-0.0651925831016	0.0380542372701	-0.0118695604545	0.025458599273	-0.0828432713379	0.018959150046	-0.0340133259156	-0.0275658590371	0.00935059021284	-0.0230594436915	0.0186870539672	-0.0123752937714	-0.0189274306752	0.0127575749769	-0.00957981058941	-0.0382046854185	-0.0558829058472	0.0231857648481	-0.0102584705332	0.0274203601686	0.0197945811623	0.0111191832684	-0.0198639526084	-0.0507530527103	-0.0241029088292	-0.00996326030871	-0.0358926578697	-0.0416440189786	-0.0192929652499
k__Bacteria;p__Bacteroidetes;c__Bacteroidia;o__Bacteroidales;f__Bacteroidaceae;g__Bacteroides;s__Bacteroides_salyersiae	0.00984412455114	0.0068781716684	0.0443314178326	-0.0486504842106	0.0238120256592	-0.0569819466047	-0.0417887131617	-0.00940966049754	-0.00580926294371	-0.0168494004074	-0.0304565085348	0.0582428413531	0.0167514907646	-0.0277241297198	-0.00846561136748	0.0459896071145	0.0303913368422	-0.0612923044846	0.0195937967035	0.0325813498341	1.0	-0.00505554157826	-0.0327391115495	0.00288512112114	-0.0569709590078	-0.00342173050901	-0.000199255492834	-0.0168523049114	0.00907904181523	-0.0510914849623	-0.021820121943	0.0225221877243	-0.028966428838	0.0701439241328	0.0388953245798	0.00195237982511	0.0120715154734	-0.0138729128209	-0.060314253573	-0.00980793794579	-0.00759287873925	-0.037802472682	-0.0434741761683	-0.0142722570625	0.0139640526269	0.0297685927479	0.00756829182786	-0.00530401881432	0.0576211422108	0.00111735396713	0.0370440268015	-0.0300148239881	-0.0456342135972	0.025401749771	-0.0501088818233	-0.00337762859009	0.00586518782914	-0.0171175253234	-0.0207797640195
k__Bacteria;p__Firmicutes;c__Clostridia;o__Clostridiales;f__Ruminococcaceae;g__Ruminiclostridium;s__[Eubacterium]_siraeum	0.0462501640303	0.00694595994281	0.0109607805435	-0.0405158203502	0.0274798219087	0.0565905610976	-0.036195462796	-0.00518763923708	-0.00984207052853	-0.00822951861574	-0.0372053093483	0.0017423091791	0.0629280943531	-0.0448294365294	-0.0267408017645	0.00979230691705	0.0478748630433	-0.00228000799819	0.0176151534024	-0.0331299573284	-0.00505554157826	1.0	0.0245943115651	-0.0523504398566	-0.00828814632834	-0.00584785967794	0.0115180778965	-0.027098679242	0.00515083708529	0.0408858210454	-0.0313296698378	-0.0443686517926	-0.0203766377376	-0.0440527292342	0.00526985911745	0.05317320329	0.00602686117729	0.0409688569455	-0.0845924777552	-0.0486173597434	0.0275874131143	-0.0274145285988	0.00721069702611	0.026813075475	0.0192373471149	0.00248288287758	-0.028977385437	-0.0191140660129	0.00622722469335	0.035552911095	0.00446046865126	-0.0394570542264	-0.0770703501332	0.00129849623909	-0.0405051450175	-0.0648483338641	0.0466907619212	-0.0277555649413	-5.11041566215e-05
k__Bacteria;p__Proteobacteria;c__Betaproteobacteria;o__Burkholderiales;f__Sutterellaceae;g__Parasutterella;s__Parasutterella_excrementihominis	-0.055473001384	-0.0423378626798	0.0669372222828	0.0506657245794	0.000145417864619	-0.0138562844661	0.024902479632	-0.00217446969622	-0.0226206455158	0.0279009890335	0.00410236803629	0.0126511096077	0.0422975628581	0.0438167186619	-0.0229279566473	0.0236493492852	-0.0376587505531	-0.0105933231258	0.0021123275556	-0.0420125565826	-0.0327391115495	0.0245943115651	1.0	0.00139034265011	-0.01315283323	-0.0335850695756	0.00384020275605	-0.0348748662181	-0.00420127443216	-0.00323302979974	0.000401452342912	-0.0137527196793	-0.0735752612239	-0.00720069053231	0.0614647932892	0.0715393545885	-0.0451564286551	0.0125617845611	-0.0572123740354	0.0047427836098	-0.0565970917962	0.0168911386997	-0.0292226483284	0.0377710244931	-0.0346208119914	-0.00498439145851	-0.00307631964617	-0.048613424991	-0.0594079540926	-0.0509660210123	0.0750816733945	-0.00291376868541	-0.0185982978351	0.0115196230695	0.0089846220267	0.0770449454583	0.00528873099396	-0.0631987131776	0.0115846624057
k__Bacteria;p__Actinobacteria;c__Actinobacteria;o__Bifidobacteriales;f__Bifidobacteriaceae;g__Bifidobacterium;s__Bifidobacterium_adolescentis	-0.00460265770816	0.00609720896371	-0.00747015178275	-0.045530705422	-0.0585122812047	0.000217161736706	0.0260784199202	0.0468252464241	-0.0115312047643	-0.0101552954911	-0.0144644031874	0.0304282217739	-0.00228191831242	-0.0430632663276	-0.0209635019401	0.0334012186029	0.0401734822913	5.60504635511e-05	-0.0775985634421	0.00353067587131	0.00288512112114	-0.0523504398566	0.00139034265011	1.0	-0.0553016181094	0.0336759343358	-0.00198138785832	-0.0328837909777	-0.0283375366884	0.0355222575704	0.031401382544	0.00720086047102	-0.025529192169	0.0591558618774	0.0382774675066	-0.0308789848653	0.0143433017677	-0.0747051185899	0.0328770229068	0.0267012857097	-0.0251180153816	0.0121063898765	-0.0155522295705	-0.0421349927716	0.00741689021013	-0.00416809848693	-0.0392817183995	0.00525981353668	-0.0194570456771	-0.0630250834804	0.00960769203259	-0.0154244011373	-0.0160792187239	-0.0482878378185	0.0401450916534	-0.0344110992779	-0.0146323595633	-0.0439394192278	-0.0702205136268
k__Bacteria;p__Firmicutes;c__Clostridia;o__Clostridiales;f__Oscillospiraceae;g__Oscillibacter;s__Oscillibacter_sp._KLE_1745	0.00891578592318	-0.0135242611756	-0.0258183910226	-0.00348826204062	0.0232769285907	-0.040197102803	-0.032510781842	0.017719000399	0.0474799292011	0.00866436951371	0.0115534894519	-0.0259907205055	-0.0258878791825	-0.0197475510315	-0.00939569878838	0.0338747222671	0.00874532839308	-0.0625846332569	0.0136979237119	0.00233676687307	-0.0569709590078	-0.00828814632834	-0.01315283323	-0.0553016181094	1.0	-0.0926675893461	-0.0216438420507	0.0411545067589	-0.052576107944	-0.043650077434	0.0564989290505	-0.0530453318308	0.0458512501074	-0.0172014943643	0.00677527095969	-0.0087095962995	0.00213029414983	0.0407895797518	-0.042195588858	0.0303305537775	-0.0140729492514	0.0481401636271	-0.00479825249958	-0.0143180844941	-0.0211845924917	-0.00765221875772	-0.037313361914	-0.02802110358	-0.0253801397276	-0.0328926847544	0.0362612474089	0.0284416135162	-0.0161923066337	-0.00460931341281	-0.0346748045354	0.0245393520988	-0.0259174656333	0.025349952713	0.0354775233556
k__Bacteria;p__Bacteroidetes;c__Bacteroidia;o__Bacteroidales;f__Bacteroidaceae;g__Bacteroides;s__Bacteroides_coprophilus	0.0125279081064	0.0222158675849	-0.0383844529382	-0.0292101926828	-0.0122532130274	-0.0301070544674	-0.0273448926429	0.0174305267639	-0.0582185669552	0.00177360967975	-0.0405688840148	0.0107803820446	-0.0317463720662	-0.0137440098944	-0.0311309273777	0.0129995101639	-0.0286266913733	-0.0189269879178	0.0902392102093	-0.0120384208058	-0.00342173050901	-0.00584785967794	-0.0335850695756	0.0336759343358	-0.0926675893461	1.0	-0.0476025594188	0.0074998058226	0.0422201993291	-0.0549568866843	0.000793925375596	0.0172002680869	0.0420721883975	-0.0222028508308	-0.0577987617526	-0.0297510249874	-0.0233741788312	-0.00472324549602	0.00357437573059	0.00826434364093	0.00721955761022	0.0170626171926	0.0363201476683	0.0401828307451	0.0148998227249	0.0297590139392	-0.0222025322445	0.0140689229306	-0.017120334107	-0.0352344519051	0.0191210886576	-0.0497573034508	0.0239032084049	0.0535456050523	-0.0325387926809	-0.0939927033796	-0.0115008316144	-0.0156079491786	-0.0140102547987
k__Bacteria;p__Firmicutes;c__Clostridia;o__Clostridiales;f__Lachnospiraceae;g__Roseburia;s__Roseburia_intestinalis	0.0133100179273	0.0256948214949	-0.0781210312469	-0.0618710768801	-0.0325809375736	0.00839223468208	-0.0361691564823	0.0568282313819	0.0247715881581	0.0271137180782	0.0438038707027	-0.00326585245088	0.0118781165015	0.00909388461659	-0.0309492182137	-0.0600516137202	0.0609444525535	0.00544141714638	-0.0129697539055	0.00810980659197	-0.000199255492834	0.0115180778965	0.00384020275605	-0.00198138785832	-0.0216438420507	-0.0476025594188	1.0	0.00230000107246	-0.010984370603	-0.108907427271	0.0129377710478	0.0361859598779	-0.0298699765378	-0.0152003476929	-0.0313275953242	-0.0235412057217	0.00676826850713	0.00438601171179	0.00880489322043	-0.000695631909159	-0.0444918040176	-0.00418371794928	-0.0344640322149	-0.00413479650034	-0.041709904638	-0.0161973761266	0.0855816225817	0.0408038120397	-0.00727849012912	-0.00514100318473	2.54637776144e-05	-0.00967995909008	-0.0275992798887	-0.0358019995957	-0.0841673298831	-0.0409026944556	-0.00615927058115	-0.0431046182711	0.0101249130935
k__Bacteria;p__Firmicutes;c__Clostridia;o__Clostridiales;f__Lachnospiraceae;g__Roseburia;s__Roseburia_hominis	-0.0253624700921	0.0342132831091	-0.0381898587049	0.0246906114444	0.0595652809282	0.00811206955401	0.0333683443388	0.00106772506806	-0.0438367916081	-0.0226165042733	0.00843338659235	-0.0065840770142	-0.0567828992273	-0.0478281889735	0.017634745879	0.0258933738752	-0.0501707120057	0.0230387139931	0.0289776857304	-0.00754813163823	-0.0168523049114	-0.027098679242	-0.0348748662181	-0.0328837909777	0.0411545067589	0.0074998058226	0.00230000107246	1.0	0.00407825683287	-0.0309890697923	-0.0425570154524	0.0233091626587	0.0310997281277	-0.0133521555594	-0.0388471298297	0.0446233562606	-0.0126595534848	0.0248783684479	-0.0341924418755	0.0167150772696	-0.0523126102542	-0.0182522376194	0.00518605264076	0.00400930462589	0.00606349624635	-0.0395408059065	-0.0124423988153	0.00777644713531	-0.00612675242769	0.0630403993858	-0.0276178628519	0.0369343850404	0.0238713611789	-0.0442957618438	0.0222865046411	-0.0367777402683	-0.0186955030822	-0.0752277967994	-0.0472460989522
k__Bacteria;p__Bacteroidetes;c__Bacteroidia;o__Bacteroidales;f__Porphyromonadaceae;g__Parabacteroides;s__Parabacteroides_johnsonii	-0.0519867697668	-0.02728985982	0.0160606188	-0.0449396684625	0.0389746327854	0.0325361237532	0.109665763828	0.033073100993	-0.0391424299614	-0.108155895394	-0.0491097783014	0.0277305934537	0.00950246451556	0.0189643010103	-0.0164555350876	-0.00223682301657	-0.0234969696648	-0.0763043981359	-0.0613266735425	-0.0066732223973	0.00907904181523	0.00515083708529	-0.00420127443216	-0.0283375366884	-0.052576107944	0.0422201993291	-0.010984370603	0.00407825683287	1.0	0.0553056846937	0.061615354919	-0.0433858620634	-0.00529707719797	-0.00508042164236	-0.0388504368233	-0.00875476863308	-0.0103112728098	-0.037060502438	-0.0164779762952	-0.0838848723879	0.0425817423035	-0.0311053461334	0.000446027892988	-0.0488304566134	-0.0112004965115	0.000981100617298	-0.0284629318359	0.00617096260373	0.0104909967967	-0.0323761679438	0.0194319033343	-0.00624644748974	0.00643930707705	0.00964135575439	-0.0131653013313	-0.0187891973837	-0.00319411487189	0.0403055669764	0.0221530976188
k__Bacteria;p__Actinobacteria;c__Actinobacteria;o__Bifidobacteriales;f__Bifidobacteriaceae;g__Bifidobacterium;s__Bifidobacterium_longum	0.023007792203	0.0135482363505	0.0333452911149	0.0327390027179	0.000876267166706	-0.0315205731384	-0.0496997520356	0.00835103053465	-0.0314972073817	0.0381306150517	0.0204463284348	-0.0107376123644	0.012877913585	-0.0102868404868	-0.00599317513613	0.0206244297497	-0.00898242586309	0.000403735717116	0.00917355433806	-0.0167942246357	-0.0510914849623	0.0408858210454	-0.00323302979974	0.0355222575704	-0.043650077434	-0.0549568866843	-0.108907427271	-0.0309890697923	0.0553056846937	1.0	0.0305257188652	-0.103915583086	-0.0111753905546	-0.0385744389711	-0.0253418021439	0.0422078352145	0.0123024423407	-0.0122770409092	-0.00266023067061	-0.0398787756736	0.0108054287656	0.0410403463189	-0.061317181111	-0.0252790612022	-0.0576707777087	0.000907953234691	-0.00258781914889	-0.0229221069923	0.0272448263561	-0.00407768229698	0.0133034926762	0.0410389712692	0.0402688794926	0.0243883712387	-0.0102356804369	0.00395864750287	-0.0210534964802	0.030252450208	-0.0378824898816
