#taxonomy	k__Bacteria;p__Bacteroidetes;c__Bacteroidia;o__Bacteroidales;f__Bacteroidaceae;g__Bacteroides;s__Bacteroides_vulgatus	k__Bacteria;p__Bacteroidetes;c__Bacteroidia;o__Bacteroidales;f__Bacteroidaceae;g__Bacteroides;s__Bacteroides_uniformis	k__Bacteria;p__Bacteroidetes;c__Bacteroidia;o__Bacteroidales;f__Rikenellaceae;g__Alistipes;s__Alistipes_putredinis	k__Bacteria;p__Bacteroidetes;c__Bacteroidia;o__Bacteroidales;f__Prevotellaceae;g__Prevotella;s__Prevotella_copri	k__Bacteria;p__Bacteroidetes;c__Bacteroidia;o__Bacteroidales;f__Bacteroidaceae;g__Bacteroides;s__Bacteroides_stercoris	k__Bacteria;p__Bacteroidetes;c__Bacteroidia;o__Bacteroidales;f__Bacteroidaceae;g__Bacteroides;s__Bacteroides_ovatus	k__Bacteria;p__Bacteroidetes;c__Bacteroidia;o__Bacteroidales;f__Rikenellaceae;g__Alistipes;s__Alistipes_shahii	k__Bacteria;p__Firmicutes;c__Clostridia;o__Clostridiales;f__Ruminococcaceae;g__Faecalibacterium;s__Faecalibacterium_prausnitzii	k__Bacteria;p__Bacteroidetes;c__Bacteroidia;o__Bacteroidales;f__Rikenellaceae;g__Alistipes;s__Alistipes_finegoldii	k__Bacteria;p__Bacteroidetes;c__Bacteroidia;o__Bacteroidales;f__Porphyromonadaceae;g__Parabacteroides;s__Parabacteroides_distasonis	k__Bacteria;p__Bacteroidetes;c__Bacteroidia;o__Bacteroidales;f__Bacteroidaceae;g__Bacteroides;s__Bacteroides_thetaiotaomicron	k__Bacteria;p__Bacteroidetes;c__Bacteroidia;o__Bacteroidales;f__Bacteroidaceae;g__Bacteroides;s__Bacteroides_coprocola	k__Bacteria;p__Bacteroidetes;c__Bacteroidia;o__Bacteroidales;f__Bacteroidaceae;g__Bacteroides;s__Bacteroides_cellulosilyticus	k__Bacteria;p__Bacteroidetes;c__Bacteroidia;o__Bacteroidales;f__Rikenellaceae;g__Alistipes;s__Alistipes_obesi	k__Bacteria;p__Firmicutes;c__Clostridia;o__Clostridiales;f__Lachnospiraceae;g__;s__[Eubacterium]_rectale	k__Bacteria;p__Bacteroidetes;c__Bacteroidia;o__Bacteroidales;f__Bacteroidaceae;g__Bacteroides;s__Bacteroides_plebeius	k__Bacteria;p__Bacteroidetes;c__Bacteroidia;o__Bacteroidales;f__Bacteroidaceae;g__Bacteroides;s__Bacteroides_fragilis	k__Bacteria;p__Proteobacteria;c__Betaproteobacteria;o__Burkholderiales;f__Sutterellaceae;g__Sutterella;s__Sutterella_wadsworthensis	k__Bacteria;p__Bacteroidetes;c__Bacteroidia;o__Bacteroidales;f__Porphyromonadaceae;g__Barnesiella;s__Barnesiella_intestinihominis	k__Bacteria;p__Bacteroidetes;c__Bacteroidia;o__Bacteroidales;f__Odoribacteraceae;g__Odoribacter;s__Odoribacter_splanchnicus	k__Bacteria;p__Bacteroidetes;c__Bacteroidia;o__Bacteroidales;f__Bacteroidaceae;g__Bacteroides;s__Bacteroides_salyersiae	k__Bacteria;p__Firmicutes;c__Clostridia;o__Clostridiales;f__Ruminococcaceae;g__Ruminiclostridium;s__[Eubacterium]_siraeum	k__Bacteria;p__Proteobacteria;c__Betaproteobacteria;o__Burkholderiales;f__Sutterellaceae;g__Parasutterella;s__Parasutterella_excrementihominis	k__Bacteria;p__Actinobacteria;c__Actinobacteria;o__Bifidobacteriales;f__Bifidobacteriaceae;g__Bifidobacterium;s__Bifidobacterium_adolescentis	k__Bacteria;p__Firmicutes;c__Clostridia;o__Clostridiales;f__Oscillospiraceae;g__Oscillibacter;s__Oscillibacter_sp._KLE_1745	k__Bacteria;p__Bacteroidetes;c__Bacteroidia;o__Bacteroidales;f__Bacteroidaceae;g__Bacteroides;s__Bacteroides_coprophilus	k__Bacteria;p__Firmicutes;c__Clostridia;o__Clostridiales;f__Lachnospiraceae;g__Roseburia;s__Roseburia_intestinalis	k__Bacteria;p__Firmicutes;c__Clostridia;o__Clostridiales;f__Lachnospiraceae;g__Roseburia;s__Roseburia_hominis	k__Bacteria;p__Bacteroidetes;c__Bacteroidia;o__Bacteroidales;f__Porphyromonadaceae;g__Parabacteroides;s__Parabacteroides_johnsonii	k__Bacteria;p__Actinobacteria;c__Actinobacteria;o__Bifidobacteriales;f__Bifidobacteriaceae;g__Bifidobacterium;s__Bifidobacterium_longum	k__Bacteria;p__Firmicutes;c__Clostridia;o__Clostridiales;f__;g__Flavonifractor;s__Flavonifractor_plautii	k__Bacteria;p__Firmicutes;c__Clostridia;o__Clostridiales;f__Clostridiaceae;g__Clostridium;s__Clostridium_phoceensis	k__Bacteria;p__Verrucomicrobia;c__Verrucomicrobiae;o__Verrucomicrobiales;f__Akkermansiaceae;g__Akkermansia;s__Akkermansia_muciniphila	k__Bacteria;p__Bacteroidetes;c__Bacteroidia;o__Bacteroidales;f__Prevotellaceae;g__Paraprevotella;s__Paraprevotella_xylaniphila	k__Bacteria;p__Firmicutes;c__Clostridia;o__Clostridiales;f__Ruminococcaceae;g__Ruminococcus;s__Ruminococcus_callidus	k__Bacteria;p__Bacteroidetes;c__Bacteroidia;o__Bacteroidales;f__Rikenellaceae;g__Alistipes;s__Alistipes_senegalensis	k__Bacteria;p__Firmicutes;c__Clostridia;o__Clostridiales;f__Lachnospiraceae;g__Blautia;s__Blautia_sp._KLE_1732	k__Bacteria;p__Bacteroidetes;c__Bacteroidia;o__Bacteroidales;f__Bacteroidaceae;g__Bacteroides;s__Bacteroides_oleiciplenus	k__Bacteria;p__Firmicutes;c__Clostridia;o__Clostridiales;f__Ruminococcaceae;g__Ruminococcus;s__Ruminococcus_bicirculans	k__Bacteria;p__Bacteroidetes;c__Bacteroidia;o__Bacteroidales;f__Bacteroidaceae;g__Bacteroides;s__Bacteroides_fluxus	k__Bacteria;p__Bacteroidetes;c__Bacteroidia;o__Bacteroidales;f__Prevotellaceae;g__Prevotella;s__Prevotella_stercorea	k__Bacteria;p__Firmicutes;c__Clostridia;o__Clostridiales;f__Lachnospiraceae;g__Dorea;s__Dorea_longicatena	k__Bacteria;p__Firmicutes;c__Clostridia;o__Clostridiales;f__Eubacteriaceae;g__Eubacterium;s__[Eubacterium]_eligens	k__Bacteria;p__Firmicutes;c__Clostridia;o__Clostridiales;f__Ruminococcaceae;g__;s__Ruminococcaceae_bacterium_D16	k__Bacteria;p__Firmicutes;c__Clostridia;o__Clostridiales;f__Lachnospiraceae;g__Coprococcus;s__Coprococcus_comes	k__Bacteria;p__Proteobacteria;c__Gammaproteobacteria;o__Enterobacterales;f__Enterobacteriaceae;g__Escherichia;s__Escherichia_coli	k__Bacteria;p__Firmicutes;c__Clostridia;o__Clostridiales;f__Ruminococcaceae;g__Anaerotruncus;s__Anaerotruncus_colihominis	k__Bacteria;p__Firmicutes;c__Clostridia;o__Clostridiales;f__Lachnospiraceae;g__Blautia;s__Blautia_obeum	k__Bacteria;p__Bacteroidetes;c__Bacteroidia;o__Bacteroidales;f__Odoribacteraceae;g__Odoribacter;s__Odoribacter_laneus	k__Bacteria;p__Firmicutes;c__Clostridia;o__Clostridiales;f__Ruminococcaceae;g__Ruminiclostridium;s__[Clostridium]_leptum	k__Bacteria;p__Bacteroidetes;c__Bacteroidia;o__Bacteroidales;f__Porphyromonadaceae;g__Parabacteroides;s__Parabacteroides_goldsteinii	k__Bacteria;p__Firmicutes;c__Clostridia;o__Clostridiales;f__Lachnospiraceae;g__Anaerostipes;s__Anaerostipes_hadrus	k__Bacteria;p__Firmicutes;c__Clostridia;o__Clostridiales;f__Ruminococcaceae;g__Ruminococcus;s__Ruminococcus_lactaris	k__Bacteria;p__Firmicutes;c__Clostridia;o__Clostridiales;f__Clostridiaceae;g__Clostridium;s__Clostridium_sp._L2-50	k__Bacteria;p__Firmicutes;c__Clostridia;o__Clostridiales;f__Clostridiaceae;g__Clostridium;s__Clostridium_sp._M62/1	k__Bacteria;p__Firmicutes;c__Clostridia;o__Clostridiales;f__;g__Intestinimonas;s__Intestinimonas_butyriciproducens	k__Bacteria;p__Actinobacteria;c__Actinobacteria;o__Bifidobacteriales;f__Bifidobacteriaceae;g__Bifidobacterium;s__Bifidobacterium_bifidum	k__Bacteria;p__Firmicutes;c__Negativicutes;o__Veillonellales;f__Veillonellaceae;g__Dialister;s__Dialister_invisus	k__Bacteria;p__Bacteroidetes;c__Bacteroidia;o__Bacteroidales;f__Bacteroidaceae;g__Bacteroides;s__Bacteroides_salanitronis
k__Bacteria;p__Bacteroidetes;c__Bacteroidia;o__Bacteroidales;f__Bacteroidaceae;g__Bacteroides;s__Bacteroides_vulgatus	1.0	3.51148184551e-05	-0.0411071296951	0.030219270441	-0.0116652252891	-0.0272639788626	0.019798038743	-0.0137596686886	0.0147503007814	0.0269692835803	-0.0893197120827	-0.0178098862958	-0.00616030847322	-0.0662152866104	-0.00988274245276	-0.0161281936968	-0.0384226444123	-0.0320757467371	-0.0704917035415	-0.0145255773026	0.0159595683083	-0.0558346760197	0.0207412778631	-0.0228178955986	0.01056589121	-0.00551300146912	-0.0697512046688	0.0339113844716	-0.0352461505226	-0.0433030699532	-0.023484015488	0.0102771067718	-0.0257042508566	0.0288177436535	-0.0284802380326	0.027174311248	-0.0185083963522	-0.0358425091505	0.0584275753636	-0.0154957544469	-0.0241774182079	0.0120723218608	-0.0136883440693	-0.000435508428559	0.00591666537222	0.0311778635863	0.0208407400763	0.0498439725452	-0.10477280144	-0.0471099580334	0.0221903866415	0.073419294927	-0.129160196515	0.0358127124136	-0.0087269736817	0.0228340400713	-0.0192093642161	0.0217038601759	-0.00877470214177
k__Bacteria;p__Bacteroidetes;c__Bacteroidia;o__Bacteroidales;f__Bacteroidaceae;g__Bacteroides;s__Bacteroides_uniformis	3.5114818455e-05	1.0	0.011241381393	-0.0391423894625	-0.0141314790262	0.0158196329202	-0.0698205949045	0.0221309424612	-0.022475072208	-0.00368138042433	0.0228178757365	0.0773520982694	0.00392929060055	-0.0160677268959	-0.0167797016067	0.00919945046902	-0.078009267714	0.0285188758341	-0.00104720120158	0.0229629287043	0.0138802344981	0.0170850644693	0.0112029390239	0.0314750189006	0.00877566336264	-0.0489517645971	-0.0466653660148	-0.0344405923186	-0.0258359307006	-0.030313850013	-0.0335856076248	-0.045756580145	-0.0136396753199	-0.038244559411	0.0301049671897	0.0374393445517	-0.00232181254343	0.0128529540462	-0.0116717893932	0.0119580709013	0.0146396294749	-0.0515010215154	-0.00657295005194	-0.0691236890968	0.0306522092466	-0.0211085580877	0.0433235036681	0.00925856844115	0.0114949563423	0.0415709969278	-0.0244680046063	0.0529801255044	0.00717263232	0.00760323734135	0.0163616092243	-0.0430401880342	0.00935187583278	0.00153093548119	0.0618057079985
k__Bacteria;p__Bacteroidetes;c__Bacteroidia;o__Bacteroidales;f__Rikenellaceae;g__Alistipes;s__Alistipes_putredinis	-0.0411071296951	0.011241381393	1.0	-0.0408436309621	-0.0434496607225	0.00874621076825	0.00855681741578	-0.000228937980272	0.0588554844641	-0.0329249535892	-0.0443598158151	-0.0251694798763	-0.00859085939382	-0.00973856319911	-0.00775076184871	0.00868745856202	-0.0469159820816	0.0150843096729	0.0702145732899	0.034400066957	-0.00780071493195	0.00983270390604	0.0223769082565	-0.0376237130314	0.00710319844728	0.0136296633833	-0.021658243035	-0.0313969104052	0.03792670198	-0.0213759003093	-0.0272645712695	-0.00302240498779	-0.0719599960416	0.0549276982692	-0.00454110831577	0.0340799683778	0.0271551312846	-0.00640163666852	-0.0525778021984	-0.0146135931324	0.0049970138184	0.00671632186383	0.0283724987314	0.0107426839873	0.0356091177176	-0.0750939193841	0.0103962623323	0.0188687610487	-0.0352162199205	-0.0492167854725	0.0115560547219	-0.0266419954019	0.0356833890272	0.0391370052022	0.0412652739288	-0.0444034024821	0.00678818060287	0.0048958913144	-0.0065550844415
k__Bacteria;p__Bacteroidetes;c__Bacteroidia;o__Bacteroidales;f__Prevotellaceae;g__Prevotella;s__Prevotella_copri	0.030219270441	-0.0391423894625	-0.0408436309621	1.0	-0.00710070078429	0.0341470674604	0.00604183107446	-0.0600737833782	0.0141287008854	-0.0205373374849	0.0103182310343	0.0185217823679	0.00819022034883	-0.00306193784042	-0.00367795866747	0.0603104384032	-0.016374381033	-0.0038036826412	0.0758726678215	0.0167747114424	-0.00761168869089	0.0197241770929	0.0295733921679	-0.000595138592138	-0.0275695689779	0.00717465966765	-0.0572550418778	0.0535906915955	-0.0406631506719	0.0065656809093	-0.0374637036894	0.035692781413	0.0046117731243	-0.0189835792851	-0.0432518533032	-0.0527142594241	0.0210470863696	-0.0240969479122	-0.0280665071517	-0.0319180544795	-0.00566922693809	0.00259728590857	-0.0151755291132	-0.0206595188273	0.0105159100518	0.00527320110554	0.00871165994555	0.0754389979854	-0.0405359451578	0.00221328296749	0.00965056643448	-0.0428211743377	-0.102199271434	-0.0365866810932	0.0281899253858	-0.0322908676569	-0.0073854151757	-0.0427966609233	0.0156959865831
k__Bacteria;p__Bacteroidetes;c__Bacteroidia;o__Bacteroidales;f__Bacteroidaceae;g__Bacteroides;s__Bacteroides_stercoris	-0.0116652252891	-0.0141314790262	-0.0434496607225	-0.00710070078429	1.0	0.0122913093794	0.00337419399751	0.00132865906807	-0.00595891491677	0.0541651268718	-0.0158054396817	0.0302617670175	-0.0199184120943	-0.00755075965556	0.0613074438747	-0.0100194838606	-0.0566368672648	0.0235211551009	0.0125426939639	0.0408637937268	0.0584646949359	-0.0378117802127	0.0137537037607	-0.0663873198082	-0.0275269182351	-0.04294549121	-0.0464528851414	-0.0526721546888	-0.0746029302693	0.00705424374141	0.0360540288437	0.00722341840494	0.0537673831516	-0.0643360832738	-0.00553873307709	-0.06563613671	0.0229595520619	-0.00390762949484	0.00852158625066	0.0598822494726	-0.0223977660934	-0.0143557295859	0.0162564928087	-0.0152850846358	-0.00965260877414	0.0433035985493	0.0293613493749	-0.0257088516598	-0.0378184407768	-0.0207272056092	0.016505925676	-0.0308136846553	-0.0203179937794	-0.0277686023308	-0.0683287157331	-0.0158951361428	0.0310172092908	0.0288601484925	-0.0390536736541
k__Bacteria;p__Bacteroidetes;c__Bacteroidia;o__Bacteroidales;f__Bacteroidaceae;g__Bacteroides;s__Bacteroides_ovatus	-0.0272639788626	0.0158196329202	0.00874621076825	0.0341470674604	0.0122913093794	1.0	-0.0115958230415	-0.0267736514705	-0.0274541010787	0.0212141880129	-0.0028820246884	-0.0370898772883	0.00284054291226	0.0610340244596	0.0261407581569	0.0340596691387	-0.0201364366417	-0.0233703956787	-0.0250946119255	0.0255482983374	-0.0195013382667	0.0242068252665	0.00628278285212	-0.0361487323604	0.0321134057521	0.00824772595452	-0.0115215279388	0.0312237519669	0.0156028955072	-0.0398832453903	0.0343219480433	-0.00504858435105	0.00185006857536	0.0260777773575	-0.0434887779181	-0.0129497309644	0.0127275492796	0.0397737665551	0.0107465675834	0.0123015598511	0.0527215282299	-0.0090061068865	0.000389111980539	0.00501625989799	-0.0431052130174	0.0163396450429	0.0446710334787	-0.0923335702274	-0.0589424311282	-0.0164723665057	-0.0082810037878	-0.0202103991866	-0.0846334083666	-0.0274994123506	-0.0471479781155	0.0141725446417	-0.066371619511	-0.0495980515839	0.0565212727948
k__Bacteria;p__Bacteroidetes;c__Bacteroidia;o__Bacteroidales;f__Rikenellaceae;g__Alistipes;s__Alistipes_shahii	0.019798038743	-0.0698205949045	0.00855681741578	0.00604183107446	0.00337419399751	-0.0115958230415	1.0	-0.00759697876922	0.00828695929381	-0.0765940898773	-0.0461542162309	-0.0648698516444	-0.0135709990224	-0.00479404839582	-0.00540723403234	-0.0698602093123	-0.0482489178789	-0.00169567475697	0.00315388852356	-0.00195637457553	-0.0149082868305	-0.0307005662372	-0.0375859907147	0.033962146847	-0.0123846496069	0.0278912724112	0.0437366920576	0.00106136115866	-0.0112563772127	-0.0201845967209	-0.00432428513291	-0.0377529430933	0.0033080491181	-0.0253309857022	-0.0157540197828	-0.00994927442639	0.0277354580887	-0.0176220626723	-0.0370865718622	-0.0262053789641	0.0532385609971	-0.0237052862616	-0.021761408802	-0.0180218099878	0.0127282487365	0.044495561841	-0.00283159362313	-0.0049992075913	-0.00574974752884	-0.0570414704694	-0.0440355899227	-0.0135075577207	-0.00680641131652	-0.0903632589608	0.0257189715975	0.0121772433403	0.0361361007208	0.0359120582807	0.00758054759552
k__Bacteria;p__Firmicutes;c__Clostridia;o__Clostridiales;f__Ruminococcaceae;g__Faecalibacterium;s__Faecalibacterium_prausnitzii	-0.0137596686886	0.0221309424612	-0.000228937980272	-0.0600737833782	0.00132865906807	-0.0267736514705	-0.00759697876922	1.0	-0.0179294152156	-0.00184082410072	-0.0414723704761	-0.000780264690732	0.000913673333167	-0.0483609287727	0.0035077144831	-0.0271813906312	0.0274107883283	0.0171973202443	-0.0500614648126	-0.0131900487075	-0.00368212394915	-0.0495053956671	-0.0131639221902	0.014660408439	-0.0139461966675	-0.0460659840445	0.00443403599202	0.00655666238218	0.00967526236726	0.0468907253601	-0.0353572375096	0.0191826449245	-0.0475979024124	-0.0206274569599	-0.0107925038804	-0.00249344773217	-0.00259704706534	0.0140319255507	-0.0324372837002	0.0498706445766	-0.03841045463	-0.0153363985271	0.0503442278118	0.0159022895454	0.0369568567691	-0.0129075621947	0.0191654038632	0.031750070063	0.00485562140062	0.0395575402236	0.0482494904067	-0.0192107318141	0.00100930696095	0.0446327385536	0.0529835702138	-0.00252988642557	0.00956577956195	0.00814118100346	-0.013349849548
k__Bacteria;p__Bacteroidetes;c__Bacteroidia;o__Bacteroidales;f__Rikenellaceae;g__Alistipes;s__Alistipes_finegoldii	0.0147503007814	-0.022475072208	0.0588554844641	0.0141287008854	-0.00595891491677	-0.0274541010787	0.00828695929381	-0.0179294152156	1.0	-0.0149910815823	0.0042421762432	0.039888242003	-0.0264596453002	-0.0419754324669	-0.00473667377797	-0.0250256190501	0.0194494676815	0.0121462529541	0.044785209085	0.000639694894462	-0.0448533961413	0.0173696262787	0.0222829903061	-0.0400657158172	-0.0491670028841	-0.0234613931962	-0.0430120924413	0.0172800182269	0.0170024718259	-0.00294094797975	-0.00584679921339	0.0155314961649	-0.0381384576656	0.0525175852312	0.0103786578243	-0.00840815801247	-0.0753919056585	0.0107772304289	-0.0616443953258	0.0594366280585	0.012518521878	-0.00484441613204	-0.0694037757517	0.00287353078873	0.00164839404314	0.0342143113279	0.0211548731378	-0.0494665031272	0.00418193425178	0.0275385692556	-0.081687775839	0.0134737271018	0.0269361676032	0.0334792988254	-0.0270664849866	0.00990443634255	0.045067889034	0.0322861535054	-0.0224839108866
k__Bacteria;p__Bacteroidetes;c__Bacteroidia;o__Bacteroidales;f__Porphyromonadaceae;g__Parabacteroides;s__Parabacteroides_distasonis	0.0269692835803	-0.00368138042433	-0.0329249535892	-0.0205373374849	0.0541651268718	0.0212141880129	-0.0765940898773	-0.00184082410072	-0.0149910815823	1.0	0.0615196756904	0.0276265880837	-0.0207276717277	0.0451768035687	0.0102337001081	-0.0187446905626	-0.00482488061555	-0.011981385303	-0.038512207434	-0.0636600775501	-0.0173996372118	0.0360687518234	-0.0701968047915	-0.0355040553977	-0.0207788097482	-0.0353957101765	-0.00887763915747	0.0165688428992	-0.0115670252518	-0.0359410238863	0.010073087744	-0.00704871839314	0.050907996274	-0.0101065639173	-0.0126760002607	-0.00374298287627	0.00432315499545	-0.0399670920041	0.0465951096566	-0.0405113246278	-0.0061250867817	-0.0301064569808	-0.0110960479984	-0.0360008003258	0.0223564214421	-0.0207784800327	0.0263855039217	-0.0271950448723	-0.0283265435816	-0.0209137194069	-0.00228545422061	-0.00949187103533	0.00848294279529	0.0373119756661	0.0175081877526	-0.0140504620521	0.046002232201	-0.00202021764857	-0.00461203555697
k__Bacteria;p__Bacteroidetes;c__Bacteroidia;o__Bacteroidales;f__Bacteroidaceae;g__Bacteroides;s__Bacteroides_thetaiotaomicron	-0.0893197120827	0.0228178757365	-0.0443598158151	0.0103182310343	-0.0158054396817	-0.0028820246884	-0.0461542162309	-0.0414723704761	0.0042421762432	0.0615196756904	1.0	-0.0267709880669	0.000922581227551	0.00137753234191	-0.0215433909924	0.0016678689615	-0.0281178345712	-0.00149224905555	0.00137848730007	-0.0146711313232	-0.00531636317695	-0.0121951628556	-0.0268005274281	0.0438054604594	-0.00523273572697	0.0206368250284	-0.0210208206323	-0.0187018180733	-0.00493179726815	-0.00472602515406	-0.0282082620775	-0.0654594929637	-0.0180258733014	0.00172755903423	0.0139697323368	0.0216902514113	0.0384192577473	0.0156256594977	-0.0741692165295	0.0427815798027	0.0489302649051	-0.0227997373916	0.0223925981209	0.00784206348873	-0.0519996889277	0.0108508188487	0.0111609028697	0.0424146848616	-0.0254567887297	-0.00069453607338	-0.00704488340147	0.0561169265097	-0.000850451199695	-0.0164211105423	0.0378491541726	0.00953120406358	-0.0413172921238	-0.0133109847626	0.0138214804874
k__Bacteria;p__Bacteroidetes;c__Bacteroidia;o__Bacteroidales;f__Bacteroidaceae;g__Bacteroides;s__Bacteroides_coprocola	-0.0178098862958	0.0773520982694	-0.0251694798763	0.0185217823679	0.0302617670175	-0.0370898772883	-0.0648698516444	-0.000780264690732	0.039888242003	0.0276265880837	-0.0267709880669	1.0	-0.0660158894081	0.0277017690701	0.0270178140802	0.0461537028757	-0.0182833467728	0.00044983158422	0.00168645168485	-0.0244511968727	0.0201190806577	-0.0288630497708	-0.0103801272178	0.0144956141229	-0.000921945035217	0.00319860269269	0.0159159215097	0.00177431167376	0.0482746887698	-0.0114734522356	0.0125109916517	-0.0287215204406	0.0445077203505	0.0121756106697	-0.0792154075587	-0.0153605463977	-0.017388294434	0.016732657327	0.0456699995655	0.0496486210075	-0.000845548034217	-0.00479128649665	-0.068505287	-0.0371815982114	-0.0136026604079	0.00419528994521	0.00708014978427	0.0172463710394	-0.0677464567461	0.0218761328515	-0.0383567489861	-0.0260307995959	0.0102761818909	0.0147972089014	-0.0832162226454	-0.0384374649072	0.0126348457488	0.0372287488811	-0.00141204461263
k__Bacteria;p__Bacteroidetes;c__Bacteroidia;o__Bacteroidales;f__Bacteroidaceae;g__Bacteroides;s__Bacteroides_cellulosilyticus	-0.00616030847322	0.00392929060055	-0.00859085939382	0.00819022034883	-0.0199184120943	0.00284054291226	-0.0135709990224	0.000913673333167	-0.0264596453002	-0.0207276717277	0.000922581227551	-0.0660158894081	1.0	0.000960090233436	0.055901383371	-0.0119216433747	-0.0249023537267	0.0404558803346	0.0275310062058	0.0425011476133	0.0453145217489	-0.0460211550603	-0.0366408256907	0.0299720580112	-0.0441095503451	-0.00968753784198	0.0116900598047	0.0489080273628	-0.0355695249741	-0.0517111454197	-0.00711381320363	0.0222671913445	-0.0133099075451	0.029384416273	0.00363155837594	-0.0216369717407	-0.0197594553462	-0.0398890624651	-0.0167222862659	0.0209012885249	-0.0175516507367	-0.00675904145044	0.0262228978238	0.00654044389894	-0.0116386841175	-0.00327537439133	0.0473864549367	-0.0240081402685	-0.00466276381645	-0.0206001598066	-0.0167926527495	0.000363785527419	-0.0677247945245	-0.0140132752302	0.000360728068605	-0.0200550912152	-0.0414336957915	-0.038542793794	-0.00267831747066
k__Bacteria;p__Bacteroidetes;c__Bacteroidia;o__Bacteroidales;f__Rikenellaceae;g__Alistipes;s__Alistipes_obesi	-0.0662152866104	-0.0160677268959	-0.00973856319911	-0.00306193784042	-0.00755075965556	0.0610340244596	-0.00479404839582	-0.0483609287727	-0.0419754324669	0.0451768035687	0.00137753234191	0.0277017690701	0.000960090233436	1.0	-0.0277484274599	-0.00787646326724	-0.0130036296336	-0.0161040321835	-0.0558169653752	-0.0325342900235	-0.0226166410306	-0.0112213820462	0.00909081239258	-0.0556907563674	-0.0181692271489	0.0260382258517	0.00732346856884	-0.00302393431051	0.00108397538292	-0.0229432025646	-0.00306955112047	0.00612960780694	0.0141330052852	-0.0982475141804	0.0158080974587	-0.00270783109148	-0.0277025349616	0.0382445613154	0.0418466203642	-0.0252820212915	-0.0291436996154	-0.061895007421	0.0170313453996	0.0317275201141	0.00617118921055	-0.016151295898	0.0538709718091	0.0142153121558	-0.034813664471	0.0619892229373	-0.0105491948658	-0.0101392485308	0.0361186305175	-0.0374494433155	0.0316533397678	-0.0353137983691	-0.0555838875784	-0.013101573017	-0.0376018280027
k__Bacteria;p__Firmicutes;c__Clostridia;o__Clostridiales;f__Lachnospiraceae;g__;s__[Eubacterium]_rectale	-0.00988274245276	-0.0167797016067	-0.00775076184871	-0.00367795866747	0.0613074438747	0.0261407581569	-0.00540723403234	0.0035077144831	-0.00473667377797	0.0102337001081	-0.0215433909924	0.0270178140802	0.055901383371	-0.0277484274599	1.0	-0.0382217730174	0.0219093526908	-0.0172416888176	0.00695290649054	-0.0046649844648	-0.00729622785226	-0.0273858584442	0.00289034831728	0.0505961639735	-0.0335990915261	0.00214228839397	-0.0298371437522	0.0282526194614	-0.0873438679843	0.048064034541	0.0101266494885	-0.00256698908918	0.00666799925491	-0.00112058790376	0.00655418234047	-0.0151466610609	-0.0542611504039	-0.0256480187947	0.0341825644619	-0.0350311609906	-0.0355743315379	0.032964629721	0.0241791718569	-0.0437184832525	-0.029287181085	0.0285679060617	-0.0492412567723	0.00638178068309	0.0448860150002	-0.0360605899924	0.00038152433498	-0.0161026244826	-0.000704095181559	-0.00366038453842	0.0017927953989	0.00471962421325	0.00187291213146	0.0221331253024	0.00144959497604
k__Bacteria;p__Bacteroidetes;c__Bacteroidia;o__Bacteroidales;f__Bacteroidaceae;g__Bacteroides;s__Bacteroides_plebeius	-0.0161281936968	0.00919945046902	0.00868745856202	0.0603104384032	-0.0100194838606	0.0340596691387	-0.0698602093123	-0.0271813906312	-0.0250256190501	-0.0187446905626	0.0016678689615	0.0461537028757	-0.0119216433747	-0.00787646326724	-0.0382217730174	1.0	-0.0188727151418	0.028409118651	-0.039030096796	0.0148340396831	0.0158706930324	-0.0342108818418	0.0022905064144	-0.0470180843606	0.0135972908052	0.0295123958453	-0.0254230723948	-0.00345616613752	-0.00464857090595	0.000178903843001	0.00654499009667	0.0278038295494	0.0282620672941	-0.0139908505904	-0.035027058948	-0.00484564562516	-0.00441104615273	-0.0343828666289	-0.0322301311736	0.00390992115959	0.02509072258	-0.0103947260522	0.0317983949884	0.0186485683234	-0.0247196053487	0.00800784252044	0.0146553024064	-0.0521576737306	-0.00829961413882	0.0215472955168	0.0560710783425	-0.0646936088862	-0.00362761663785	-0.0693629266525	-0.0563613067346	-0.0318159108746	-0.0395786829606	0.0253686488102	0.01947411501
k__Bacteria;p__Bacteroidetes;c__Bacteroidia;o__Bacteroidales;f__Bacteroidaceae;g__Bacteroides;s__Bacteroides_fragilis	-0.0384226444123	-0.078009267714	-0.0469159820816	-0.016374381033	-0.0566368672648	-0.0201364366417	-0.0482489178789	0.0274107883283	0.0194494676815	-0.00482488061555	-0.0281178345712	-0.0182833467728	-0.0249023537267	-0.0130036296336	0.0219093526908	-0.0188727151418	1.0	0.0221186111976	-0.030344478137	0.0172385276166	-0.0442099799942	0.0212580101368	0.00706530533763	-0.046111094766	-0.0159957417223	0.00155985867888	-0.0261146327505	0.00593717319361	0.0342409087654	0.00495324202506	0.0556087856335	-0.0110485732517	0.0333808443702	-0.0726944663826	-0.0369433171155	-0.0214708547317	-0.0366601876337	0.00468274847429	-0.00149489847733	-0.081133828124	-0.0672167033345	0.0642869626994	0.00775424913789	0.0029063836547	-0.00971757804883	-0.0175540575609	-0.0127282893008	0.00338285524688	0.00761236012166	-0.00159258154062	-0.0343006514974	-0.0356210314002	0.00421080893326	-0.0407727355832	-0.0676052978306	0.0465602064896	0.0104170637916	-0.00711434620719	-0.00310416422471
k__Bacteria;p__Proteobacteria;c__Betaproteobacteria;o__Burkholderiales;f__Sutterellaceae;g__Sutterella;s__Sutterella_wadsworthensis	-0.0320757467371	0.0285188758341	0.0150843096729	-0.0038036826412	0.0235211551009	-0.0233703956787	-0.00169567475697	0.0171973202443	0.0121462529541	-0.011981385303	-0.00149224905555	0.00044983158422	0.0404558803346	-0.0161040321835	-0.0172416888176	0.028409118651	0.0221186111976	1.0	-0.0152191528713	0.0017248743885	-0.0190705784738	0.00127144448828	-0.0485557603126	-0.00936089265074	-0.0102487417682	-0.0348072995433	0.0025818284971	-0.00625179677763	-0.0313249295753	-0.0404960120972	0.00212969079737	-0.00725552157304	0.0392717804126	-0.0183414928114	0.0199096159041	-0.00224935174161	-0.0238397995996	0.0296441479556	-0.0101192140895	-0.00537114027966	-0.00611035963786	-0.0194763945106	-0.0309492018197	-0.0217790057979	-0.0356926364554	-0.0343302595164	-0.0286442362288	-0.0645433395054	-0.00920369836767	-0.0456865690822	-0.0388739402816	0.0367459989307	-0.0388191590206	0.0116719983421	0.0831312862052	-0.00088406114901	-0.0232340343742	0.0107907555068	-0.025243635032
k__Bacteria;p__Bacteroidetes;c__Bacteroidia;o__Bacteroidales;f__Porphyromonadaceae;g__Barnesiella;s__Barnesiella_intestinihominis	-0.0704917035415	-0.00104720120158	0.0702145732899	0.0758726678215	0.0125426939639	-0.0250946119255	0.00315388852356	-0.0500614648126	0.044785209085	-0.038512207434	0.00137848730007	0.00168645168485	0.0275310062058	-0.0558169653752	0.00695290649054	-0.039030096796	-0.030344478137	-0.0152191528713	1.0	0.0128413661655	-0.0132811763168	-0.022016529139	0.00928579914437	0.00648283933779	-0.00343730656456	0.00677464803032	0.00684993851626	0.0436348870167	-0.0219879303702	-0.0507645566374	0.06721355681	0.0197751671275	-0.0340987290117	-0.00563192656826	0.0337192548008	0.00661644465904	-0.0244207589641	-0.00127439494897	-0.0351702458727	-0.0444809469113	-0.0931755577399	-0.0272012536752	-0.0853941404889	-0.0184460344677	-0.0207124252323	0.0355530554975	-0.0478908129887	-0.00884844333944	0.0261844742475	0.0605052414692	-0.0387980232514	-0.0206510031456	-0.0805780049553	0.0179714882418	-0.0293912998106	0.0186760804466	-0.0047789625857	0.00216863885822	0.0300794743201
k__Bacteria;p__Bacteroidetes;c__Bacteroidia;o__Bacteroidales;f__Odoribacteraceae;g__Odoribacter;s__Odoribacter_splanchnicus	-0.0145255773026	0.0229629287043	0.034400066957	0.0167747114424	0.0408637937268	0.0255482983374	-0.00195637457553	-0.0131900487075	0.000639694894462	-0.0636600775501	-0.0146711313232	-0.0244511968727	0.0425011476133	-0.0325342900235	-0.0046649844648	0.0148340396831	0.0172385276166	0.0017248743885	0.0128413661655	1.0	-0.045057390981	0.0503097209697	0.00918069672567	-0.00304749181802	-0.00934676432222	0.00999618136312	-0.0134449948948	-0.0107748434257	0.00110769026158	0.015449297642	-0.00210920157527	-0.0475867267216	-7.39120969429e-05	-0.0197359005864	-0.00142074109473	0.00310217311786	0.00356221717652	-0.0490092042606	0.0370281627409	0.0144586237491	0.0185711110607	-0.0229483536407	-0.0545828477385	-0.0451796762215	-0.0277114879755	-0.00713353516978	-0.018619443547	0.0279678797725	-0.00695632686151	-0.00944734271052	0.0340221942564	-0.0177671264468	0.0208380867481	-0.0072472529743	-0.0931442837573	0.0164119568945	0.0616116493102	0.00461499071239	-0.034784362997
k__Bacteria;p__Bacteroidetes;c__Bacteroidia;o__Bacteroidales;f__Bacteroidaceae;g__Bacteroides;s__Bacteroides_salyersiae	0.0159595683083	0.0138802344981	-0.00780071493195	-0.00761168869089	0.0584646949359	-0.0195013382667	-0.0149082868305	-0.00368212394915	-0.0448533961413	-0.0173996372118	-0.00531636317695	0.0201190806577	0.0453145217489	-0.0226166410306	-0.00729622785226	0.0158706930324	-0.0442099799942	-0.0190705784738	-0.0132811763168	-0.045057390981	1.0	-0.0296315257753	-0.045931250862	-0.00724777274904	-0.0146607962282	-0.0562367627902	0.00342558051542	-0.00358281740318	-0.0444254475785	0.0148508889561	0.0050370453401	-0.00511201936756	-0.0304347834313	0.00221238498264	-0.0353521108495	0.0363384555704	-0.0106510020399	-0.0326627517955	0.00839002544154	-0.057992218868	0.0139138690582	-0.0142257548269	-0.00615763600723	-0.0452109003137	0.0173463810519	-0.0136332464162	0.00208913533767	-0.027036668007	-0.0177574609364	-0.0199329612536	0.0179777261525	-0.0336744699457	-0.0470515466156	0.0354125969742	0.00556436553457	0.04139229109	-0.0202074661881	-0.00353374632235	0.0718848800729
k__Bacteria;p__Firmicutes;c__Clostridia;o__Clostridiales;f__Ruminococcaceae;g__Ruminiclostridium;s__[Eubacterium]_siraeum	-0.0558346760197	0.0170850644693	0.00983270390604	0.0197241770929	-0.0378117802127	0.0242068252665	-0.0307005662372	-0.0495053956671	0.0173696262787	0.0360687518234	-0.0121951628556	-0.0288630497708	-0.0460211550603	-0.0112213820462	-0.0273858584442	-0.0342108818418	0.0212580101368	0.00127144448828	-0.022016529139	0.0503097209697	-0.0296315257753	1.0	0.0487241566479	0.00131887166118	-0.038271861736	0.00547846797958	-0.00292076880556	0.0160609423622	0.0501691641249	-0.00798169291284	-0.00952419132395	0.0181692127384	0.0292311223755	-0.00400220898982	-0.0109343342881	0.0488275208405	0.0287751866062	0.0123588450984	-0.00106970666425	-0.00692986527543	-0.0113983530294	0.0400345681586	0.00415469390588	-0.0572206494118	-0.0544584927875	-0.0111049105724	0.0482129173717	-0.0524910677684	-0.0174643047454	-0.0434085072566	0.0167309389105	0.0228978147688	-0.03438050254	-0.0300104416595	0.0537428664502	-0.00939919925234	0.00271746521946	0.0358085210794	-0.0100363742546
k__Bacteria;p__Proteobacteria;c__Betaproteobacteria;o__Burkholderiales;f__Sutterellaceae;g__Parasutterella;s__Parasutterella_excrementihominis	0.0207412778631	0.0112029390239	0.0223769082565	0.0295733921679	0.0137537037607	0.00628278285212	-0.0375859907147	-0.0131639221902	0.0222829903061	-0.0701968047915	-0.0268005274281	-0.0103801272178	-0.0366408256907	0.00909081239258	0.00289034831728	0.0022905064144	0.00706530533763	-0.0485557603126	0.00928579914437	0.00918069672567	-0.045931250862	0.0487241566479	1.0	-0.0169185638178	-0.0486602565429	-0.0301083770159	-1.75125629011e-05	-0.00402047497229	-0.0588197322331	0.0266176979133	-0.034789000047	0.0292445839163	-0.0291455633102	-0.0180742961469	0.0132474667379	-0.00851023014347	-0.0335250127095	-0.0473954688744	0.0278358704657	0.0408956698108	-0.0486121349976	-0.0170038290628	-0.020036451335	0.0140532496534	0.0143361556567	-0.0627201118973	0.000108804001803	-0.0200118839843	-0.0468995281597	0.0366436695478	0.0333184450804	0.00639162117198	-0.0324019451796	0.0171281896743	-0.011890498756	-0.0649674924939	0.0185245474603	-0.0569309008961	-0.0388531811207
k__Bacteria;p__Actinobacteria;c__Actinobacteria;o__Bifidobacteriales;f__Bifidobacteriaceae;g__Bifidobacterium;s__Bifidobacterium_adolescentis	-0.0228178955986	0.0314750189006	-0.0376237130314	-0.000595138592138	-0.0663873198082	-0.0361487323604	0.033962146847	0.014660408439	-0.0400657158172	-0.0355040553977	0.0438054604594	0.0144956141229	0.0299720580112	-0.0556907563674	0.0505961639735	-0.0470180843606	-0.046111094766	-0.00936089265074	0.00648283933779	-0.00304749181802	-0.00724777274904	0.00131887166118	-0.0169185638178	1.0	-0.0123981232299	-0.020050766834	-0.0211565759811	-0.0493322798571	-0.0319388507069	-0.00585200450453	-0.0304137211032	-0.00163839233002	0.00874426956436	-0.00314021007483	-0.0307163912624	-0.0258810964952	-0.0152277285643	-0.0462393035111	0.0017065564525	-0.0231248765813	0.0119461976485	0.0136288446607	-0.0308166286822	0.0126151463411	0.0646964073326	0.00634851540656	0.0336882284427	0.0193484537043	0.00569570892053	0.00967668255689	0.0139640712238	-0.0125692909183	0.0178955935218	-0.0147969588667	0.00739229226086	0.0321770247761	-0.0392521826105	0.0277431094425	-0.0178970285134
k__Bacteria;p__Firmicutes;c__Clostridia;o__Clostridiales;f__Oscillospiraceae;g__Oscillibacter;s__Oscillibacter_sp._KLE_1745	0.01056589121	0.00877566336264	0.00710319844728	-0.0275695689779	-0.0275269182351	0.0321134057521	-0.0123846496069	-0.0139461966675	-0.0491670028841	-0.0207788097482	-0.00523273572697	-0.000921945035217	-0.0441095503451	-0.0181692271489	-0.0335990915261	0.0135972908052	-0.0159957417223	-0.0102487417682	-0.00343730656456	-0.00934676432222	-0.0146607962282	-0.038271861736	-0.0486602565429	-0.0123981232299	1.0	-0.0293517635756	0.0101951647873	-0.0300073788306	-0.00264197801237	0.0233626019678	-0.0619183252436	-0.082082719678	0.0234394626419	-0.0330210307678	-0.0707199203714	-0.00686523894683	0.00932531699574	0.0249894616054	-0.0590138600425	0.0144207310449	0.0674880308731	0.00745767449261	0.00175616324763	0.04349489168	0.0322691581018	-0.0350602893536	-0.0922761402192	0.014593917182	0.0606086400099	0.0458619475442	-0.0230037606299	-0.00870634068205	-0.00975095581817	0.0656223996661	0.0134690737204	0.0197556376519	0.000325201811533	-0.0717795283656	0.00873515974818
k__Bacteria;p__Bacteroidetes;c__Bacteroidia;o__Bacteroidales;f__Bacteroidaceae;g__Bacteroides;s__Bacteroides_coprophilus	-0.00551300146912	-0.0489517645971	0.0136296633833	0.00717465966765	-0.04294549121	0.00824772595452	0.0278912724112	-0.0460659840445	-0.0234613931962	-0.0353957101765	0.0206368250284	0.00319860269269	-0.00968753784198	0.0260382258517	0.00214228839397	0.0295123958453	0.00155985867888	-0.0348072995433	0.00677464803032	0.00999618136312	-0.0562367627902	0.00547846797958	-0.0301083770159	-0.020050766834	-0.0293517635756	1.0	0.0489585516285	-0.040437391796	-0.0255916548546	-0.0506880112787	-0.0126735874823	0.0221039523926	-0.00184491962407	0.0384027145073	0.00549745684373	-0.0863159804142	0.0387585823543	-0.0295988393788	0.0366465343466	-0.011750536301	-0.000939945335008	-0.00382990956483	0.0158051870602	-0.0367943328473	-0.055241163827	-0.0713631228323	-0.00498775711207	-0.060016690782	-0.0469110173833	-0.0150754808387	-0.0360851999016	-0.0442267910478	0.00350408712269	0.00752823280001	-0.0406872570671	-0.00162107781791	0.0243361628528	-0.0304026399808	0.0440925980946
k__Bacteria;p__Firmicutes;c__Clostridia;o__Clostridiales;f__Lachnospiraceae;g__Roseburia;s__Roseburia_intestinalis	-0.0697512046688	-0.0466653660148	-0.021658243035	-0.0572550418778	-0.0464528851414	-0.0115215279388	0.0437366920576	0.00443403599202	-0.0430120924413	-0.00887763915747	-0.0210208206323	0.0159159215097	0.0116900598047	0.00732346856884	-0.0298371437522	-0.0254230723948	-0.0261146327505	0.0025818284971	0.00684993851626	-0.0134449948948	0.00342558051542	-0.00292076880556	-1.75125629012e-05	-0.0211565759811	0.0101951647873	0.0489585516285	1.0	0.0080673966603	0.102593090685	0.0172725011422	-0.0404255406831	-0.0427161220307	-0.083530875258	0.0351422107086	0.0182933307752	0.0377525096562	0.0182517954269	0.00930053134744	0.0171526045447	-0.0264933449478	-0.0209864876002	-0.035986482504	-0.00729249845888	-0.0102103076302	0.0307478946454	-0.00529366829837	-0.0130643025884	-0.0283978129471	-0.0342842220519	-0.00760044251213	0.000615212464656	-0.0145687150064	0.0645783455538	0.0341722084764	0.0638730366638	-0.0106209360721	-0.064668994633	-0.0347733250667	0.0690540928628
k__Bacteria;p__Firmicutes;c__Clostridia;o__Clostridiales;f__Lachnospiraceae;g__Roseburia;s__Roseburia_hominis	0.0339113844716	-0.0344405923186	-0.0313969104052	0.0535906915955	-0.0526721546888	0.0312237519669	0.00106136115866	0.00655666238218	0.0172800182269	0.0165688428992	-0.0187018180733	0.00177431167376	0.0489080273628	-0.00302393431051	0.0282526194614	-0.00345616613752	0.00593717319361	-0.00625179677763	0.0436348870167	-0.0107748434257	-0.00358281740318	0.0160609423622	-0.00402047497229	-0.0493322798571	-0.0300073788306	-0.040437391796	0.0080673966603	1.0	-0.072095965735	0.00931970290967	0.032755239325	0.0168671866965	-0.00251574065684	0.0130746064721	-0.0150059840197	-0.0193794758502	0.0233512961893	0.0155967439918	0.0124265911166	-0.0396618876243	0.000686700776513	-0.0536864838349	-0.0334769404645	-0.0268891972893	-0.0464984944131	-0.00438636986947	-0.0201481505591	0.0128293341831	-0.00739855614922	0.0232261348897	-0.0686599250037	-0.00395005353455	0.00698989388616	-0.00705478366048	-0.0328563513506	-0.0128860589314	0.0377489313066	-0.0251615749731	-0.0340339215569
k__Bacteria;p__Bacteroidetes;c__Bacteroidia;o__Bacteroidales;f__Porphyromonadaceae;g__Parabacteroides;s__Parabacteroides_johnsonii	-0.0352461505226	-0.0258359307006	0.03792670198	-0.0406631506719	-0.0746029302693	0.0156028955072	-0.0112563772127	0.00967526236726	0.0170024718259	-0.0115670252518	-0.00493179726815	0.0482746887698	-0.0355695249741	0.00108397538292	-0.0873438679843	-0.00464857090595	0.0342409087654	-0.0313249295753	-0.0219879303702	0.00110769026158	-0.0444254475785	0.0501691641249	-0.0588197322331	-0.0319388507069	-0.00264197801237	-0.0255916548546	0.102593090685	-0.072095965735	1.0	-0.00299605725453	-0.0430334177755	-0.0153326959149	0.0262430206795	0.0230310353185	0.0325336507936	0.00828443343465	-0.00336115871765	-0.0492825022375	-0.033254668735	-0.01275577976	0.0159170632045	-0.00818544424897	-0.0118083074181	0.00481484779347	-0.00819168029072	-0.0263357157553	-0.0624832400369	0.0380521960791	0.0344931546743	0.0121397767734	0.0129197505721	-0.016931273851	0.0485145958069	0.02002318336	-0.0446173989015	0.00229717671843	-0.0363312469156	0.00595139717269	-0.0299169887637
k__Bacteria;p__Actinobacteria;c__Actinobacteria;o__Bifidobacteriales;f__Bifidobacteriaceae;g__Bifidobacterium;s__Bifidobacterium_longum	-0.0433030699532	-0.030313850013	-0.0213759003093	0.0065656809093	0.00705424374141	-0.0398832453903	-0.0201845967209	0.0468907253601	-0.00294094797975	-0.0359410238863	-0.00472602515406	-0.0114734522356	-0.0517111454197	-0.0229432025646	0.048064034541	0.000178903843001	0.00495324202506	-0.0404960120972	-0.0507645566374	0.015449297642	0.0148508889561	-0.00798169291284	0.0266176979133	-0.00585200450453	0.0233626019678	-0.0506880112787	0.0172725011422	0.00931970290967	-0.00299605725453	1.0	0.0246997065016	0.0200088802147	0.00376366368613	-0.00914672103619	-0.0160031019184	0.00161268910669	-0.0120421111907	-0.0086431106743	-0.0355359633005	-0.019367563283	0.0698669178051	-0.0568618044633	0.0501429014731	-0.00758016146563	-0.00971297633936	-0.0133250131095	0.0464322413713	-0.0297681019955	0.0101666680575	-0.0230939987053	0.0126667895193	-0.00751678161842	0.0113957193111	0.00583051155636	0.00964735412506	-0.0268568979302	-0.0340580105786	0.0374623458698	0.0182208395577
