#taxonomy	k__Bacteria;p__Bacteroidetes;c__Bacteroidia;o__Bacteroidales;f__Bacteroidaceae;g__Bacteroides;s__Bacteroides_vulgatus	k__Bacteria;p__Bacteroidetes;c__Bacteroidia;o__Bacteroidales;f__Bacteroidaceae;g__Bacteroides;s__Bacteroides_uniformis	k__Bacteria;p__Bacteroidetes;c__Bacteroidia;o__Bacteroidales;f__Rikenellaceae;g__Alistipes;s__Alistipes_putredinis	k__Bacteria;p__Bacteroidetes;c__Bacteroidia;o__Bacteroidales;f__Prevotellaceae;g__Prevotella;s__Prevotella_copri	k__Bacteria;p__Bacteroidetes;c__Bacteroidia;o__Bacteroidales;f__Bacteroidaceae;g__Bacteroides;s__Bacteroides_stercoris	k__Bacteria;p__Bacteroidetes;c__Bacteroidia;o__Bacteroidales;f__Bacteroidaceae;g__Bacteroides;s__Bacteroides_ovatus	k__Bacteria;p__Bacteroidetes;c__Bacteroidia;o__Bacteroidales;f__Rikenellaceae;g__Alistipes;s__Alistipes_shahii	k__Bacteria;p__Firmicutes;c__Clostridia;o__Clostridiales;f__Ruminococcaceae;g__Faecalibacterium;s__Faecalibacterium_prausnitzii	k__Bacteria;p__Bacteroidetes;c__Bacteroidia;o__Bacteroidales;f__Rikenellaceae;g__Alistipes;s__Alistipes_finegoldii	k__Bacteria;p__Bacteroidetes;c__Bacteroidia;o__Bacteroidales;f__Porphyromonadaceae;g__Parabacteroides;s__Parabacteroides_distasonis	k__Bacteria;p__Bacteroidetes;c__Bacteroidia;o__Bacteroidales;f__Bacteroidaceae;g__Bacteroides;s__Bacteroides_thetaiotaomicron	k__Bacteria;p__Bacteroidetes;c__Bacteroidia;o__Bacteroidales;f__Bacteroidaceae;g__Bacteroides;s__Bacteroides_coprocola	k__Bacteria;p__Bacteroidetes;c__Bacteroidia;o__Bacteroidales;f__Bacteroidaceae;g__Bacteroides;s__Bacteroides_cellulosilyticus	k__Bacteria;p__Bacteroidetes;c__Bacteroidia;o__Bacteroidales;f__Rikenellaceae;g__Alistipes;s__Alistipes_obesi	k__Bacteria;p__Firmicutes;c__Clostridia;o__Clostridiales;f__Lachnospiraceae;g__;s__[Eubacterium]_rectale	k__Bacteria;p__Bacteroidetes;c__Bacteroidia;o__Bacteroidales;f__Bacteroidaceae;g__Bacteroides;s__Bacteroides_plebeius	k__Bacteria;p__Bacteroidetes;c__Bacteroidia;o__Bacteroidales;f__Bacteroidaceae;g__Bacteroides;s__Bacteroides_fragilis	k__Bacteria;p__Proteobacteria;c__Betaproteobacteria;o__Burkholderiales;f__Sutterellaceae;g__Sutterella;s__Sutterella_wadsworthensis	k__Bacteria;p__Bacteroidetes;c__Bacteroidia;o__Bacteroidales;f__Porphyromonadaceae;g__Barnesiella;s__Barnesiella_intestinihominis	k__Bacteria;p__Bacteroidetes;c__Bacteroidia;o__Bacteroidales;f__Odoribacteraceae;g__Odoribacter;s__Odoribacter_splanchnicus	k__Bacteria;p__Bacteroidetes;c__Bacteroidia;o__Bacteroidales;f__Bacteroidaceae;g__Bacteroides;s__Bacteroides_salyersiae	k__Bacteria;p__Firmicutes;c__Clostridia;o__Clostridiales;f__Ruminococcaceae;g__Ruminiclostridium;s__[Eubacterium]_siraeum	k__Bacteria;p__Proteobacteria;c__Betaproteobacteria;o__Burkholderiales;f__Sutterellaceae;g__Parasutterella;s__Parasutterella_excrementihominis	k__Bacteria;p__Actinobacteria;c__Actinobacteria;o__Bifidobacteriales;f__Bifidobacteriaceae;g__Bifidobacterium;s__Bifidobacterium_adolescentis	k__Bacteria;p__Firmicutes;c__Clostridia;o__Clostridiales;f__Oscillospiraceae;g__Oscillibacter;s__Oscillibacter_sp._KLE_1745	k__Bacteria;p__Bacteroidetes;c__Bacteroidia;o__Bacteroidales;f__Bacteroidaceae;g__Bacteroides;s__Bacteroides_coprophilus	k__Bacteria;p__Firmicutes;c__Clostridia;o__Clostridiales;f__Lachnospiraceae;g__Roseburia;s__Roseburia_intestinalis	k__Bacteria;p__Firmicutes;c__Clostridia;o__Clostridiales;f__Lachnospiraceae;g__Roseburia;s__Roseburia_hominis	k__Bacteria;p__Bacteroidetes;c__Bacteroidia;o__Bacteroidales;f__Porphyromonadaceae;g__Parabacteroides;s__Parabacteroides_johnsonii	k__Bacteria;p__Actinobacteria;c__Actinobacteria;o__Bifidobacteriales;f__Bifidobacteriaceae;g__Bifidobacterium;s__Bifidobacterium_longum	k__Bacteria;p__Firmicutes;c__Clostridia;o__Clostridiales;f__;g__Flavonifractor;s__Flavonifractor_plautii	k__Bacteria;p__Firmicutes;c__Clostridia;o__Clostridiales;f__Clostridiaceae;g__Clostridium;s__Clostridium_phoceensis	k__Bacteria;p__Verrucomicrobia;c__Verrucomicrobiae;o__Verrucomicrobiales;f__Akkermansiaceae;g__Akkermansia;s__Akkermansia_muciniphila	k__Bacteria;p__Bacteroidetes;c__Bacteroidia;o__Bacteroidales;f__Prevotellaceae;g__Paraprevotella;s__Paraprevotella_xylaniphila	k__Bacteria;p__Firmicutes;c__Clostridia;o__Clostridiales;f__Ruminococcaceae;g__Ruminococcus;s__Ruminococcus_callidus	k__Bacteria;p__Bacteroidetes;c__Bacteroidia;o__Bacteroidales;f__Rikenellaceae;g__Alistipes;s__Alistipes_senegalensis	k__Bacteria;p__Firmicutes;c__Clostridia;o__Clostridiales;f__Lachnospiraceae;g__Blautia;s__Blautia_sp._KLE_1732	k__Bacteria;p__Bacteroidetes;c__Bacteroidia;o__Bacteroidales;f__Bacteroidaceae;g__Bacteroides;s__Bacteroides_oleiciplenus	k__Bacteria;p__Firmicutes;c__Clostridia;o__Clostridiales;f__Ruminococcaceae;g__Ruminococcus;s__Ruminococcus_bicirculans	k__Bacteria;p__Bacteroidetes;c__Bacteroidia;o__Bacteroidales;f__Bacteroidaceae;g__Bacteroides;s__Bacteroides_fluxus	k__Bacteria;p__Bacteroidetes;c__Bacteroidia;o__Bacteroidales;f__Prevotellaceae;g__Prevotella;s__Prevotella_stercorea	k__Bacteria;p__Firmicutes;c__Clostridia;o__Clostridiales;f__Lachnospiraceae;g__Dorea;s__Dorea_longicatena	k__Bacteria;p__Firmicutes;c__Clostridia;o__Clostridiales;f__Eubacteriaceae;g__Eubacterium;s__[Eubacterium]_eligens	k__Bacteria;p__Firmicutes;c__Clostridia;o__Clostridiales;f__Ruminococcaceae;g__;s__Ruminococcaceae_bacterium_D16	k__Bacteria;p__Firmicutes;c__Clostridia;o__Clostridiales;f__Lachnospiraceae;g__Coprococcus;s__Coprococcus_comes	k__Bacteria;p__Proteobacteria;c__Gammaproteobacteria;o__Enterobacterales;f__Enterobacteriaceae;g__Escherichia;s__Escherichia_coli	k__Bacteria;p__Firmicutes;c__Clostridia;o__Clostridiales;f__Ruminococcaceae;g__Anaerotruncus;s__Anaerotruncus_colihominis	k__Bacteria;p__Firmicutes;c__Clostridia;o__Clostridiales;f__Lachnospiraceae;g__Blautia;s__Blautia_obeum	k__Bacteria;p__Bacteroidetes;c__Bacteroidia;o__Bacteroidales;f__Odoribacteraceae;g__Odoribacter;s__Odoribacter_laneus	k__Bacteria;p__Firmicutes;c__Clostridia;o__Clostridiales;f__Ruminococcaceae;g__Ruminiclostridium;s__[Clostridium]_leptum	k__Bacteria;p__Bacteroidetes;c__Bacteroidia;o__Bacteroidales;f__Porphyromonadaceae;g__Parabacteroides;s__Parabacteroides_goldsteinii	k__Bacteria;p__Firmicutes;c__Clostridia;o__Clostridiales;f__Lachnospiraceae;g__Anaerostipes;s__Anaerostipes_hadrus	k__Bacteria;p__Firmicutes;c__Clostridia;o__Clostridiales;f__Ruminococcaceae;g__Ruminococcus;s__Ruminococcus_lactaris	k__Bacteria;p__Firmicutes;c__Clostridia;o__Clostridiales;f__Clostridiaceae;g__Clostridium;s__Clostridium_sp._L2-50	k__Bacteria;p__Firmicutes;c__Clostridia;o__Clostridiales;f__Clostridiaceae;g__Clostridium;s__Clostridium_sp._M62/1	k__Bacteria;p__Firmicutes;c__Clostridia;o__Clostridiales;f__;g__Intestinimonas;s__Intestinimonas_butyriciproducens	k__Bacteria;p__Actinobacteria;c__Actinobacteria;o__Bifidobacteriales;f__Bifidobacteriaceae;g__Bifidobacterium;s__Bifidobacterium_bifidum	k__Bacteria;p__Firmicutes;c__Negativicutes;o__Veillonellales;f__Veillonellaceae;g__Dialister;s__Dialister_invisus	k__Bacteria;p__Bacteroidetes;c__Bacteroidia;o__Bacteroidales;f__Bacteroidaceae;g__Bacteroides;s__Bacteroides_salanitronis
k__Bacteria;p__Bacteroidetes;c__Bacteroidia;o__Bacteroidales;f__Bacteroidaceae;g__Bacteroides;s__Bacteroides_vulgatus	1.0	-0.0297879702062	-0.0922173188491	0.0025017592958	-0.056115647962	-0.0360724046994	0.000704458279516	0.0375019579227	0.00429860816678	0.00804146516809	0.0177559006097	-0.0226699425276	-0.0275406142434	-0.0138652824316	0.0450444665261	0.0223280335805	-0.0378680316705	-0.0320190761914	0.0578372104579	0.0114947453147	-0.0426400182632	0.0660070796983	-0.0521482795153	0.00535888886231	0.0150803072956	0.0153135866132	0.0422461221555	0.0259387211012	-0.0396615035177	-0.00484741137161	-0.0310920426282	0.0497881777074	0.00491245830587	-0.0355286765085	0.012000975995	-0.0199057092087	-0.0049634270872	-0.0398222093447	-0.00355584569007	0.000503423126628	-0.0475342521294	0.00148546903626	0.0270966585206	-0.0223792256864	-0.0153607322646	-0.0125666029211	-0.0452371369337	0.00680548996037	0.0189626208291	-0.0108974092145	0.0314768266384	-0.0512008765205	-0.00921035688023	-0.0110830636292	0.0445703851388	-0.0304448928588	-0.0467785750191	-0.00798998920785	0.046249663055
k__Bacteria;p__Bacteroidetes;c__Bacteroidia;o__Bacteroidales;f__Bacteroidaceae;g__Bacteroides;s__Bacteroides_uniformis	-0.0297879702062	1.0	0.0442579261535	-0.020895725174	0.00965756613219	-0.00156940394082	-0.0711783881994	0.018132822664	0.0103555297357	-0.0351504036449	-0.0297214757003	0.0417157477623	0.0444764679454	0.0185248887784	-0.0184665263147	0.0162886105217	-0.057473880514	-0.0411806986311	-0.0426491006627	0.0073501282271	-0.00509768737607	-0.00529676989979	0.0349450521784	-0.00651398297222	-0.050674733929	-0.0132195036409	0.0230721952293	-0.00587490587588	-0.0496056262583	0.0176255173344	-0.00443869054169	0.0481322042618	-0.0412226515014	0.00728463930721	0.00557595119486	-0.0577301174555	-0.00190102134261	0.0386922972157	-0.0319125823268	-0.022009213627	0.0385654172138	-0.0304642486026	-0.00756873946959	0.0543423452031	-0.0345170208064	-0.01973495968	-0.00253174905056	-0.00249278874622	0.00855070573261	-0.0205399104518	-0.0142979219555	-0.00836592847082	0.0101451462428	-0.0801347600755	-0.0537243198039	0.0114287788895	0.025092392158	-0.0642354119038	-0.061161506572
k__Bacteria;p__Bacteroidetes;c__Bacteroidia;o__Bacteroidales;f__Rikenellaceae;g__Alistipes;s__Alistipes_putredinis	-0.0922173188491	0.0442579261535	1.0	-0.0354202441228	-0.0523934305202	0.00402298430855	-0.0209315122786	0.00240528031529	0.00538484750811	0.0124980850484	0.0317497026457	-0.002537626578	0.0103362835528	0.0215412147507	-0.0248821761024	-0.00128761884694	-0.00932981861763	0.0484534599995	-0.00225838374894	-0.0514071860179	0.00901874035082	-0.0478315657585	-0.0783031061145	0.0207802093413	-0.0126078894459	-0.0821750780739	0.013317515727	0.00587976167337	-0.00334262748246	-0.0382760720501	0.00480877160871	-0.016047347366	-0.0502267845746	-0.018850175912	-0.043903867477	-0.0582783742599	0.0167834950218	-0.0378759448939	0.0289338891713	-0.0140130993597	0.0106562725026	0.000525250107774	0.0090055888975	0.0397962844786	0.00912292892675	-0.0177693611551	-0.0137148577467	0.0027286595849	0.0275163767853	-0.00778317473825	-0.0321623379356	-0.00668223023721	0.0121221479773	0.00102423075607	-0.0422918341284	0.0208746653581	-0.0478399324072	0.00746404031769	0.0191497326725
k__Bacteria;p__Bacteroidetes;c__Bacteroidia;o__Bacteroidales;f__Prevotellaceae;g__Prevotella;s__Prevotella_copri	0.0025017592958	-0.020895725174	-0.0354202441228	1.0	0.0522575688326	-0.0194881277767	-0.0450824729848	0.00183614746883	-0.0237533571695	-0.010418859778	-0.00682058012575	0.0181644705404	-0.0591309323517	-0.0251434289441	-0.0158716475679	-0.0213851473032	0.00027380499086	0.0556898199856	0.0275881428351	-0.0170062267861	0.0206895374128	0.0338717344734	-0.0112155534923	-0.0160081293851	-0.000951816930398	-0.0283473906358	-0.0121963273618	-0.0114760093303	0.0432628658972	-0.026014143517	-0.0231757902028	-0.0484868679058	-0.0554531815163	-0.0109353575605	0.0228464746312	-0.00688532310493	-0.0160315389584	0.0491542223831	-0.0180775338642	-0.0421860436677	0.00279121412688	-0.0172580861734	0.01411495498	-0.0118327269399	-0.0175205981042	0.00859219390556	0.0100319682536	0.00393495048599	0.00656130174316	-0.0266072104228	-0.0448914668104	-0.0635105776994	-0.0206413359505	-0.025372265907	0.0282324274594	-0.0362370864586	-0.0198877589115	-0.00154144546473	-0.0182031619765
k__Bacteria;p__Bacteroidetes;c__Bacteroidia;o__Bacteroidales;f__Bacteroidaceae;g__Bacteroides;s__Bacteroides_stercoris	-0.056115647962	0.00965756613219	-0.0523934305202	0.0522575688326	1.0	0.00431504933774	-0.0538259840898	-0.0495954290314	-0.060673435069	-0.000765350705592	-0.0088537130027	0.00485485048536	-0.0269240552638	-0.0108863813234	-0.0395074250728	-0.0222085188535	0.0572647970328	-0.035430244674	-0.00378560555351	0.0191545893387	-0.0219618921999	-0.0241123360777	-0.0202986131885	-0.00636925537324	-0.0262645645323	0.00922373867208	-0.0260231488747	-0.00208396244349	0.00707603450172	-0.0262660128746	0.0172550533912	-0.0100755236326	-0.0073979043975	-0.0406474881154	-0.0136648359072	-0.00682883487203	0.0100235935145	0.0637157311719	0.0342661649216	-0.0331118392032	-0.0477551571254	0.0348772038668	-0.0367021203508	-0.0243058705811	-0.0496939781346	0.0614897022932	-0.00738171826183	-0.0527120528851	0.00721126030457	-0.0258314823327	-0.0570720614244	-0.0260042752634	0.0155067026811	0.00400670705286	0.0466676706459	-0.00417417479271	-0.0776405465395	0.00611809993179	-0.0103213883815
k__Bacteria;p__Bacteroidetes;c__Bacteroidia;o__Bacteroidales;f__Bacteroidaceae;g__Bacteroides;s__Bacteroides_ovatus	-0.0360724046994	-0.00156940394082	0.00402298430855	-0.0194881277767	0.00431504933774	1.0	0.0219740209745	0.0253465067687	-0.0155346387443	-0.0073671148495	0.008218886195	0.00594590590093	0.00663195730531	-0.00581130350654	0.00372126580091	-0.0169755854924	0.0197809873154	-0.0584231032811	0.0453261880483	-0.0577034776898	0.0057403737011	-0.00767013092144	-0.0381129014462	-0.00822141232683	-0.0239209229721	-0.075196168374	0.015018265552	0.0174445609185	-0.0148602516338	-0.00937120723786	-0.0366685990356	-0.00275040458045	-0.0204165345953	-0.0479517446572	0.018779141381	0.00841718150424	0.00872750975706	-0.0185356102271	-0.0364693029708	-0.0497733761808	0.0127904531215	-0.00251621643791	-0.0151445472625	-0.0523328082647	0.0716056945173	0.0174505034282	-0.0164249808879	0.0555471530365	-0.0424776583346	0.0330984531162	-0.00885535200855	0.014853063769	-0.0247805279562	-0.0323854789634	-0.119159786937	-0.0280018786626	0.00332373406615	-0.0492494295102	0.00444727166447
k__Bacteria;p__Bacteroidetes;c__Bacteroidia;o__Bacteroidales;f__Rikenellaceae;g__Alistipes;s__Alistipes_shahii	0.000704458279516	-0.0711783881994	-0.0209315122786	-0.0450824729848	-0.0538259840898	0.0219740209745	1.0	0.0938153037031	-0.00735180190983	0.010535439322	-0.0376919500751	-0.0464689550922	-0.040934431737	-0.0582203527224	-0.0670849439127	-0.00555757398383	-0.00731152853331	-0.0143628180685	-0.00191317653869	-0.00984937291433	-0.00304039575002	0.0382160992082	0.0141986810511	0.019697510763	0.0133349941286	-0.0229806757476	0.033826539946	0.0164492602658	-0.010898043595	-0.0143946013208	0.0094318521356	0.00354166639908	0.00200470801252	-0.0293421485101	0.0206976933292	-0.0271293516968	-0.0778618311058	0.00271969595604	-0.0154698547288	0.0242389244174	-0.0425419313368	-0.0396623628214	0.00518445439549	-0.0180193455217	-0.0271301290909	-0.0175292585825	-0.0319673040558	-0.0114028979673	0.0428381773039	0.0155281721442	-0.0081097332284	0.0133012894653	-0.00505286893171	0.0499924030419	0.00696759786003	-0.0332613018542	-0.000121464375118	0.00448410437693	-0.016430796521
k__Bacteria;p__Firmicutes;c__Clostridia;o__Clostridiales;f__Ruminococcaceae;g__Faecalibacterium;s__Faecalibacterium_prausnitzii	0.0375019579227	0.018132822664	0.00240528031529	0.00183614746883	-0.0495954290314	0.0253465067687	0.0938153037031	1.0	-0.0118556826762	-0.0417587622637	-0.0402231991473	0.0446986546959	0.0279250671192	-0.02456735037	0.00447629694048	-0.027647556076	0.0360405724619	-0.00186854816429	0.0432510262901	-0.0189536854183	-0.00357678976823	-0.0396203546978	-0.0147794057404	0.00244265815793	0.0173010820188	-0.026125283214	0.0171930708252	0.00756451366726	-0.0503164826812	0.0225975380426	0.00141881006133	0.0157759303365	0.0196361677257	0.024162970671	0.0240742433305	0.0177425180394	-0.0395231141403	0.0215959681295	0.0128118466053	-0.0427048400374	-0.0157411508017	-0.0141983182136	-0.0901756588788	-0.020435600781	0.025361300075	-0.0358321568808	-0.0346063881	-0.108823958572	-0.0444291518075	-0.0343475962119	-0.031318050703	-0.000298378999578	-0.0553809989064	0.0172484709393	0.0223461821848	0.00938487147739	-0.0822626331805	0.00779678835409	-0.0102149599993
k__Bacteria;p__Bacteroidetes;c__Bacteroidia;o__Bacteroidales;f__Rikenellaceae;g__Alistipes;s__Alistipes_finegoldii	0.00429860816678	0.0103555297357	0.00538484750811	-0.0237533571695	-0.060673435069	-0.0155346387443	-0.00735180190983	-0.0118556826762	1.0	-0.00942286570835	-0.0452564645846	0.0197004574349	0.0170445329017	0.0427023347041	-0.0104961075964	0.0596723166656	-0.0394272740524	0.04525733079	-0.0343912702369	-0.0400449398388	-0.00504271278256	0.0154039332338	0.018655222479	0.0432587249203	0.0282289424692	0.0205336984568	-0.0528667730366	-0.0363537958548	-0.0248942590072	-0.0192431457602	0.00851655795377	0.022437551042	-0.0342152479758	-0.0686478909651	0.0374371847505	-0.0255114543955	-0.0223691605767	-0.0245106210692	-0.027248826154	-0.0939809740294	-0.030110827218	-0.0245487852075	0.0129330043363	-0.0179323273263	0.0611285711351	-0.0659042697236	0.0665355748217	0.028066469118	-0.0367719932501	-0.00528937032395	-0.0287052219369	0.0637236620514	-0.000818607994022	-0.038879858154	0.017354310264	-0.0688989290815	-0.00362102843468	0.0238114504484	0.00236960225756
k__Bacteria;p__Bacteroidetes;c__Bacteroidia;o__Bacteroidales;f__Porphyromonadaceae;g__Parabacteroides;s__Parabacteroides_distasonis	0.00804146516809	-0.0351504036449	0.0124980850484	-0.010418859778	-0.000765350705592	-0.0073671148495	0.010535439322	-0.0417587622637	-0.00942286570835	1.0	0.0207075262899	-0.0207783657852	-0.0181007211836	0.0134171550861	-0.0218041600244	0.0446253068818	-0.00254442240927	0.0259488950724	-0.0196013587447	-0.0149038297171	0.0109948089162	-0.0537307214031	0.00571168534618	-0.059596680986	0.0110218498115	-0.00573674688239	-0.0605918583584	0.01192214095	0.0376267136665	0.00710874842192	0.02200622479	-0.019909776012	-0.00294757783401	-0.00250359185908	0.0416469229112	-0.0188911222309	0.0022595987112	-0.0012096121244	-0.054455865333	-0.051657581208	0.0223131484096	-0.0436424747824	0.0499436370005	-0.00525953139189	-0.00096180059616	-0.0329418653031	-0.0110360006629	-0.0317287118132	0.0266715571078	-0.00101288463908	0.00192907280781	-0.022470748064	-0.0339440888798	-0.018789391314	-0.0162479201917	-0.0370943077369	-0.0253458826128	-0.000118662528234	-0.0276536926377
k__Bacteria;p__Bacteroidetes;c__Bacteroidia;o__Bacteroidales;f__Bacteroidaceae;g__Bacteroides;s__Bacteroides_thetaiotaomicron	0.0177559006097	-0.0297214757003	0.0317497026457	-0.00682058012575	-0.0088537130027	0.008218886195	-0.0376919500751	-0.0402231991473	-0.0452564645846	0.0207075262899	1.0	0.0629200382627	-0.00554730620075	-0.116389962052	-0.030841997522	0.011035878052	-0.0585824568635	-0.0437227691151	-0.0740896402379	-0.00894280861525	-0.0637909080159	-0.0507304955524	-0.0264580243433	0.00897152817659	-0.018657739445	-0.0357111281058	-0.0128681172898	-0.0404762838755	-0.0133670087308	-0.00826432438447	-0.0861381233753	0.0483459400649	0.0533616919505	-0.0405210990728	0.016640232927	0.00134603393108	0.010572692431	0.0190369546053	0.00549563783225	-0.00975923030611	0.00370153802707	-0.0184857153765	0.0722101660044	-0.0180682772729	-0.00621355850697	0.0273616970838	-0.00455399935293	0.0170246157679	0.0669662993301	-0.037916144595	-0.0294969899758	-0.0123753616129	-0.0152708556348	-0.00603850811105	0.024627839912	-0.0070505385437	-0.0267888685537	0.00144526059314	-0.00197632350697
k__Bacteria;p__Bacteroidetes;c__Bacteroidia;o__Bacteroidales;f__Bacteroidaceae;g__Bacteroides;s__Bacteroides_coprocola	-0.0226699425276	0.0417157477623	-0.002537626578	0.0181644705404	0.00485485048536	0.00594590590093	-0.0464689550922	0.0446986546959	0.0197004574349	-0.0207783657852	0.0629200382627	1.0	-0.0164046531494	-0.0296018018792	-0.0426213285482	-0.0637825245488	0.0388214420239	0.0454322065788	0.0268308446252	0.0211955111768	0.00337802611731	0.0032307245009	-0.0109764120491	0.0482081300932	-0.0155603279267	-0.00475179874116	-0.0143424200494	-0.013588845785	-0.0788026853986	0.0538850013081	0.0128828414297	-0.100874440827	-0.0222280509511	-0.0198661385736	-0.0559018908923	-0.0082545081697	-0.0506102231812	-0.00370312817281	-0.0132962627642	0.00550636965008	-0.0329819076273	-0.0185357814444	0.0259134617727	-0.0340398697138	-0.0660445770597	0.0648286563294	-0.0340953129296	-0.0248412537261	-0.0604897044013	0.0538571680781	0.0121605257286	-0.0422079603131	0.0163913483397	-0.0536585716629	-0.0134355666865	0.0281122978845	0.0209412505622	-0.0149627280096	-0.0189365358816
k__Bacteria;p__Bacteroidetes;c__Bacteroidia;o__Bacteroidales;f__Bacteroidaceae;g__Bacteroides;s__Bacteroides_cellulosilyticus	-0.0275406142434	0.0444764679454	0.0103362835528	-0.0591309323517	-0.0269240552638	0.00663195730531	-0.040934431737	0.0279250671192	0.0170445329017	-0.0181007211836	-0.00554730620075	-0.0164046531494	1.0	-0.000522838664088	0.0342670576257	-0.00195121800065	-0.0546490250621	-0.0395337625826	0.0393579604486	0.0216075046378	-0.012917818712	-0.0199261857256	-0.0165600578084	0.0138774844794	-0.066274718926	0.00697661111637	0.0134708460923	0.0170803073648	0.00513135227178	0.0445649222887	-0.0256479585311	-0.0410204708579	0.0147079146611	-0.0451935607157	-0.0522440924269	-0.0383645543896	-0.0490971133272	0.0254423077389	0.0122686503845	-0.00571123172894	0.0152095416363	0.0394684025174	-0.00975110404204	-0.0414334059787	-0.0355274579906	-0.035083915035	-0.0521005125512	0.0112613275096	-0.0278358662094	-0.0213261642686	0.00422827821546	0.011346259786	0.0417767751454	-0.00259624746242	-0.045324071831	-0.0548717072348	-0.0187607839111	0.0287311708873	0.0308290029651
k__Bacteria;p__Bacteroidetes;c__Bacteroidia;o__Bacteroidales;f__Rikenellaceae;g__Alistipes;s__Alistipes_obesi	-0.0138652824316	0.0185248887784	0.0215412147507	-0.0251434289441	-0.0108863813234	-0.00581130350654	-0.0582203527224	-0.02456735037	0.0427023347041	0.0134171550861	-0.116389962052	-0.0296018018792	-0.000522838664088	1.0	0.0512373287125	-0.0886317277053	0.0123722322823	0.00088538256536	0.00647845646459	0.0498129677876	-0.065220567139	-0.014662936655	-0.00141020324385	-0.0147726195346	-0.0302693235502	0.0170342813604	-0.0309043000268	-0.0100297303546	-0.0338825591434	-0.0413437793304	0.00439068145075	-0.00753142377138	-0.0420163017021	0.0290890899601	0.013132253396	-0.0474993279311	0.0269924161727	0.0286924149052	-0.00477265715928	0.0316654071789	0.0102880717234	0.0368594838269	-0.0696543446545	-0.0234802585559	-0.00303398669987	-0.00542361578855	0.0234523006028	-0.0369490523634	0.0586209521386	0.0175528856221	-0.0503045178413	0.019427837064	-0.00400633515969	-0.0305272319802	-0.0527897967792	-0.0373761588912	0.00332461026331	0.00740382238904	-0.0175577586546
k__Bacteria;p__Firmicutes;c__Clostridia;o__Clostridiales;f__Lachnospiraceae;g__;s__[Eubacterium]_rectale	0.0450444665261	-0.0184665263147	-0.0248821761024	-0.0158716475679	-0.0395074250728	0.00372126580091	-0.0670849439127	0.00447629694048	-0.0104961075964	-0.0218041600244	-0.030841997522	-0.0426213285482	0.0342670576257	0.0512373287125	1.0	0.0318660761725	-0.055109574547	0.0236896624501	-0.00456391144019	-0.0891603327038	-0.0204350705716	0.015556215696	-0.0170160970833	-0.0432183455	0.0633807591543	-0.00174410138383	0.00838333036159	0.0698979070345	-0.0191580688034	-0.0187879715526	0.031528089512	-0.0483588918183	-0.00780260839327	0.0141447219928	-0.0365651411138	-0.0222246722685	-0.0113934537075	-0.0219190019307	0.0543732959396	-0.0237861205712	0.0298894831272	0.000340936045636	-0.00860903175794	-0.0311823009108	-0.0432656489387	-0.0159696576552	-0.0186301425704	0.0274614327545	-0.0397187128937	0.000265321767452	0.0241551850638	-0.0365891336285	0.00547484839832	0.0122946881277	-0.0678827681905	-0.0145402964054	0.00535776498528	-0.00505050886115	0.0167570489009
k__Bacteria;p__Bacteroidetes;c__Bacteroidia;o__Bacteroidales;f__Bacteroidaceae;g__Bacteroides;s__Bacteroides_plebeius	0.0223280335805	0.0162886105217	-0.00128761884694	-0.0213851473032	-0.0222085188535	-0.0169755854924	-0.00555757398383	-0.027647556076	0.0596723166656	0.0446253068818	0.011035878052	-0.0637825245488	-0.00195121800065	-0.0886317277053	0.0318660761725	1.0	-0.0136998993787	-0.00436127128558	-0.00600082330191	0.0163672135448	-0.0319346697017	-0.000373177081988	-0.0040753090942	0.0402379044562	-0.0240387320324	0.0584947086903	0.00782678905817	-0.0100186603974	0.00156197228347	0.0445331942306	0.0314304141073	0.0233656762467	0.0334508733269	0.0094863525716	0.0120351825694	-0.00561191416089	0.0322108782803	0.0267099137844	-0.0143490905077	-0.0149583286758	0.0338373537166	0.0371982913678	0.0213786234465	0.0546673402668	-0.0118355558265	-0.0189833901933	0.0226286999104	0.0278383650909	-0.00364638367657	-0.120493846432	0.00401589948137	-0.0380473412769	-0.0499146982664	-0.0389561081414	0.0372815526929	-0.0316563844561	-0.0132585445921	-0.0424479828029	-0.0561624963216
k__Bacteria;p__Bacteroidetes;c__Bacteroidia;o__Bacteroidales;f__Bacteroidaceae;g__Bacteroides;s__Bacteroides_fragilis	-0.0378680316705	-0.057473880514	-0.00932981861763	0.00027380499086	0.0572647970328	0.0197809873154	-0.00731152853331	0.0360405724619	-0.0394272740524	-0.00254442240927	-0.0585824568635	0.0388214420239	-0.0546490250621	0.0123722322823	-0.055109574547	-0.0136998993787	1.0	-0.0111226158667	-0.0159698268648	-0.00817193346365	0.0580626793462	0.0166812439601	-0.0752092488115	-0.0239217920239	-0.027794697896	-0.0291170448896	0.0191514853891	0.00643735883397	-0.0194927771412	-0.0305266525702	-0.000643900884481	-0.00496639532339	0.0071435376093	-0.0129057630918	-0.0489285696434	-0.0472271106921	0.00617594261218	0.011306505322	-0.0183327810655	0.00374506529698	0.00778540271372	0.0142960040521	0.0208408089545	-0.035529914355	-0.0525937569247	-0.00622390277354	-0.0447363509746	-0.0237737499371	-0.0157206322566	0.0630082922898	-0.0318287531514	-0.0200164113152	-0.00357914811949	-0.0172383747084	0.0120999226507	0.0513173237912	0.00173325755466	0.025592366592	-0.0203703171916
k__Bacteria;p__Proteobacteria;c__Betaproteobacteria;o__Burkholderiales;f__Sutterellaceae;g__Sutterella;s__Sutterella_wadsworthensis	-0.0320190761914	-0.0411806986311	0.0484534599995	0.0556898199856	-0.035430244674	-0.0584231032811	-0.0143628180685	-0.00186854816429	0.04525733079	0.0259488950724	-0.0437227691151	0.0454322065788	-0.0395337625826	0.00088538256536	0.0236896624501	-0.00436127128558	-0.0111226158667	1.0	0.023906526153	-0.00897239367857	0.00929491045036	-0.022161332962	-0.0293021805485	-0.028688006778	0.049874516622	0.0353154249032	-0.0206127022119	-0.00587621655322	-0.0836759848456	-0.00438489663123	-0.0475557046771	0.0437886917723	-0.0132515621862	0.00735419954046	-0.0405892190896	0.0148925549461	0.0146827076838	-0.0120885378828	-0.0583886728166	-0.0271362539255	-0.0109407907499	-0.0313035992186	0.000633273803787	-0.0504901350167	0.00680985410986	0.0370624650285	-0.0311406783421	-0.0336565602363	-0.0133735719473	-0.020914457938	0.0232368594223	-0.0328032641391	0.0480661534297	-0.0427328590227	0.0347505482936	-0.0326233843218	-0.0242025737195	-0.0267158146325	0.0121233833092
k__Bacteria;p__Bacteroidetes;c__Bacteroidia;o__Bacteroidales;f__Porphyromonadaceae;g__Barnesiella;s__Barnesiella_intestinihominis	0.0578372104579	-0.0426491006627	-0.00225838374894	0.0275881428351	-0.00378560555351	0.0453261880483	-0.00191317653869	0.0432510262901	-0.0343912702369	-0.0196013587447	-0.0740896402379	0.0268308446253	0.0393579604486	0.00647845646459	-0.00456391144019	-0.00600082330191	-0.0159698268648	0.023906526153	1.0	0.0394730850667	0.000488553613632	-0.0496072284658	-0.0128548588273	-0.00436017219155	0.000467604868115	0.0624689697013	0.0268003595821	0.0197243699655	-0.00629899331829	-0.0514471219759	-0.0414266445694	-0.01088473892	0.0131422580387	0.0167543987921	-0.0290637769346	-0.0383675633328	0.00439967441462	-0.0262583739355	0.0338159892288	-0.0143601657112	-0.0325090183528	-0.0251177189331	-0.0294948112873	0.0167210152877	-0.0447981672141	0.0145951692801	0.0169552675418	-0.00700242132783	-0.00631188400558	0.0171981094677	0.0348838377241	-0.0292698392578	-0.0180810947378	0.0265134328412	0.00210794943273	-0.0610851976534	-0.0346628367741	-0.0142905198401	-0.0234776702688
k__Bacteria;p__Bacteroidetes;c__Bacteroidia;o__Bacteroidales;f__Odoribacteraceae;g__Odoribacter;s__Odoribacter_splanchnicus	0.0114947453147	0.0073501282271	-0.0514071860179	-0.0170062267861	0.0191545893387	-0.0577034776898	-0.00984937291433	-0.0189536854183	-0.0400449398388	-0.0149038297171	-0.00894280861525	0.0211955111768	0.0216075046378	0.0498129677876	-0.0891603327038	0.0163672135448	-0.00817193346365	-0.00897239367857	0.0394730850667	1.0	0.033620901704	-0.0733044149604	-0.0122317109491	-0.0215664010717	-0.0567053454842	-0.0173008957927	-0.011676270644	-0.0257629666307	-0.0577740097618	-0.0032912534779	-0.00665483595213	-0.00562612938533	0.00633586072223	-0.0646598373286	0.0107015900862	-0.0370483265254	-0.00207511677334	0.0313846811679	-0.0238096934539	-0.0313613069408	-0.0241062600389	-0.0156218940022	0.0357979536276	0.0796333337357	0.00955062125534	0.0021175411824	0.0734944640103	-0.00874538692767	0.0168163894686	-0.0202774557346	0.0449264292476	-0.00391036207862	0.0563599618771	-0.0100098658914	0.0275325760237	-0.0361184959825	0.0298525310764	-0.0121365737644	-0.0110999840101
k__Bacteria;p__Bacteroidetes;c__Bacteroidia;o__Bacteroidales;f__Bacteroidaceae;g__Bacteroides;s__Bacteroides_salyersiae	-0.0426400182632	-0.00509768737607	0.00901874035082	0.0206895374128	-0.0219618921999	0.0057403737011	-0.00304039575002	-0.00357678976823	-0.00504271278256	0.0109948089162	-0.0637909080159	0.00337802611731	-0.012917818712	-0.065220567139	-0.0204350705716	-0.0319346697017	0.0580626793462	0.00929491045036	0.000488553613632	0.033620901704	1.0	0.0182139313507	0.0332924846468	0.000187627390264	0.030521204316	0.0214639449408	0.0122734117305	-0.00816178197818	0.0359740852612	-0.0330295555502	0.034073189919	0.0408534467812	-0.00764561822331	0.0456909546523	0.0185624425459	-0.0153840515819	-0.00233369826366	-0.032845227111	-0.0332543501855	-0.0163219268721	-0.0671499012754	0.0146827586872	0.00194981402506	-0.0410999086036	0.0236452995767	-0.0179976934596	0.0683900057496	-0.0651039871668	-0.0549855388409	-0.0174047953929	-0.0257729100487	-0.0392117349514	0.0106479438467	-0.0452208254904	0.0404827629231	-0.0239361026836	-0.0113216731635	0.0439140225461	0.00843245158483
k__Bacteria;p__Firmicutes;c__Clostridia;o__Clostridiales;f__Ruminococcaceae;g__Ruminiclostridium;s__[Eubacterium]_siraeum	0.0660070796983	-0.00529676989979	-0.0478315657585	0.0338717344734	-0.0241123360777	-0.00767013092144	0.0382160992082	-0.0396203546978	0.0154039332338	-0.0537307214031	-0.0507304955524	0.0032307245009	-0.0199261857256	-0.014662936655	0.015556215696	-0.000373177081988	0.0166812439601	-0.022161332962	-0.0496072284658	-0.0733044149604	0.0182139313507	1.0	0.0292964128529	0.0278693536225	-0.0290551764283	0.0314250925743	-0.0378831941062	-0.0331794390856	0.0275962450865	-0.0071949818188	0.00706396393814	-0.00541695236229	0.0362573879193	-0.0140687192296	0.0334929287931	0.0222722642487	-0.00318873091789	0.060853673337	-0.0527227285254	-0.0473128932897	-0.0117694665358	-0.0403091766761	-0.0380329966494	0.00902990048332	-0.0243655457165	-0.0183237166473	-0.0116250765892	-0.0150714811009	0.0470748202552	-0.0111275244108	0.00531792899764	-0.01717036375	-0.00817357409155	-0.0570362748293	0.0126310808226	-0.082902094877	0.0526192587037	0.00820291043728	-0.0614351882247
k__Bacteria;p__Proteobacteria;c__Betaproteobacteria;o__Burkholderiales;f__Sutterellaceae;g__Parasutterella;s__Parasutterella_excrementihominis	-0.0521482795153	0.0349450521784	-0.0783031061145	-0.0112155534923	-0.0202986131885	-0.0381129014462	0.0141986810511	-0.0147794057404	0.018655222479	0.00571168534618	-0.0264580243433	-0.0109764120491	-0.0165600578085	-0.00141020324385	-0.0170160970833	-0.0040753090942	-0.0752092488115	-0.0293021805485	-0.0128548588273	-0.0122317109491	0.0332924846468	0.0292964128529	1.0	0.0111245893389	-0.0171501444478	-0.0183694717068	0.0560320687785	-7.81705592013e-05	0.0342329886494	-0.0611228949534	-0.0410299554341	0.0234880225046	0.0345433838797	0.0485289267708	0.00922305153291	-0.0340894804606	0.0101349187884	-0.0429261499567	0.0186297330959	0.00770650711487	0.0151433841366	-0.0559838796553	-0.0410561455129	-0.00439146443546	-0.0194055373237	0.00444852414091	-0.023400352263	-0.0196979786766	0.00753047007435	0.00100802896697	-0.0162465610366	-0.000420625019367	-0.0196346237416	0.0160610521477	0.0118066822089	-0.023216373294	0.0145479764847	-0.0311631286668	0.0391334356338
k__Bacteria;p__Actinobacteria;c__Actinobacteria;o__Bifidobacteriales;f__Bifidobacteriaceae;g__Bifidobacterium;s__Bifidobacterium_adolescentis	0.00535888886231	-0.00651398297222	0.0207802093413	-0.0160081293851	-0.00636925537324	-0.00822141232683	0.019697510763	0.00244265815793	0.0432587249203	-0.059596680986	0.00897152817659	0.0482081300932	0.0138774844794	-0.0147726195346	-0.0432183455	0.0402379044562	-0.0239217920239	-0.028688006778	-0.00436017219155	-0.0215664010717	0.000187627390264	0.0278693536225	0.0111245893389	1.0	-0.0287324242395	-0.0363668792237	-0.0260911967094	-0.0429297405855	0.0334945063944	-0.000779044486822	0.0101837850324	-0.00430978356201	0.012305047204	-0.043932529932	-0.0164770157312	0.0202946472338	-0.0142902330849	-0.00883351752398	0.0337452786108	-0.0450771767044	-0.0273981208169	-0.0091300919901	-0.023447238226	-0.0341251249498	-0.024300568634	-0.0306706300231	-0.0125584928221	-0.0372958478317	-0.000747480349848	-0.0126910378181	0.00997109914563	-0.00510331516992	0.0218051900867	-0.00521096535969	-0.0412333549498	-0.0082560443789	-0.0184682898513	-0.0959683763673	0.00767363841869
k__Bacteria;p__Firmicutes;c__Clostridia;o__Clostridiales;f__Oscillospiraceae;g__Oscillibacter;s__Oscillibacter_sp._KLE_1745	0.0150803072956	-0.050674733929	-0.0126078894459	-0.000951816930398	-0.0262645645323	-0.0239209229721	0.0133349941286	0.0173010820188	0.0282289424692	0.0110218498115	-0.018657739445	-0.0155603279267	-0.066274718926	-0.0302693235502	0.0633807591543	-0.0240387320324	-0.027794697896	0.049874516622	0.000467604868115	-0.0567053454842	0.030521204316	-0.0290551764283	-0.0171501444478	-0.0287324242395	1.0	-0.0152569672485	0.0202647328005	0.0274570553432	1.292976687e-05	-0.0207986835701	-0.0092492625089	-0.0246997915359	0.0176422635523	0.00146430392109	-0.0499331530203	-0.0123096633183	-0.0219848644687	-0.0293417450727	0.0643029486401	-0.00346789869764	0.00574328268116	-0.0116207983011	0.0425761687197	-0.0245914687103	0.0157368685837	0.00603323978151	0.0380261168151	-0.0334627678152	0.00749501659412	0.0409606732023	-0.00728966434465	0.0177256638692	-0.0350581332171	-0.026644865515	0.0420444208226	-0.034178292775	-0.0392923873038	0.00192650090004	0.0306037973335
k__Bacteria;p__Bacteroidetes;c__Bacteroidia;o__Bacteroidales;f__Bacteroidaceae;g__Bacteroides;s__Bacteroides_coprophilus	0.0153135866132	-0.0132195036409	-0.0821750780739	-0.0283473906358	0.00922373867208	-0.075196168374	-0.0229806757476	-0.026125283214	0.0205336984568	-0.00573674688239	-0.0357111281058	-0.00475179874116	0.00697661111637	0.0170342813604	-0.00174410138383	0.0584947086903	-0.0291170448896	0.0353154249032	0.0624689697013	-0.0173008957927	0.0214639449408	0.0314250925743	-0.0183694717068	-0.0363668792237	-0.0152569672485	1.0	-0.0484627349131	0.0314767298935	0.00264190282494	-0.00166139960844	-0.0526512571028	-0.0372708982483	0.0188674177249	-0.0235706375548	0.0433355637052	-0.041037266773	0.029493388436	-0.0314031136709	-0.0361163461828	-0.00706080631019	-0.0224710946158	-0.0785416357709	-0.0136751113693	0.0458889998612	0.00170639594372	0.0533222828913	0.0116168213893	0.0504758933458	0.01516104145	0.0201414233522	-0.0314059197779	0.0024361961451	-0.00842081181732	-0.0732010822108	0.000752048273479	-0.0222779666052	-0.037510407456	-0.0133332290371	0.00869946122896
k__Bacteria;p__Firmicutes;c__Clostridia;o__Clostridiales;f__Lachnospiraceae;g__Roseburia;s__Roseburia_intestinalis	0.0422461221555	0.0230721952293	0.013317515727	-0.0121963273618	-0.0260231488747	0.015018265552	0.033826539946	0.0171930708252	-0.0528667730366	-0.0605918583584	-0.0128681172898	-0.0143424200494	0.0134708460923	-0.0309043000268	0.00838333036159	0.00782678905817	0.0191514853891	-0.0206127022119	0.0268003595821	-0.011676270644	0.0122734117305	-0.0378831941062	0.0560320687785	-0.0260911967094	0.0202647328005	-0.0484627349131	1.0	-0.0165214970088	-0.041425478507	-0.0351248301568	-0.0183269250889	0.00693214898313	0.0270566507561	-0.021955976135	-0.0242605464029	-0.0407846274303	-0.0114544846901	-0.0160730119818	-0.0216965466249	-0.0678609249249	0.0202344586242	-0.0243016349676	0.0287427903968	-0.0233226431698	-0.0180419761681	-0.0405337699317	0.0289253685113	-0.00333640905955	-0.0127215177305	0.00505446851719	0.0199786108331	-0.0325855994581	-0.0192298584068	-0.0423524930017	-0.0679567232784	-0.0327197168604	-0.0221428808207	-0.0277025990303	0.0364546128208
k__Bacteria;p__Firmicutes;c__Clostridia;o__Clostridiales;f__Lachnospiraceae;g__Roseburia;s__Roseburia_hominis	0.0259387211012	-0.00587490587588	0.00587976167337	-0.0114760093303	-0.00208396244349	0.0174445609185	0.0164492602658	0.00756451366726	-0.0363537958548	0.01192214095	-0.0404762838755	-0.013588845785	0.0170803073648	-0.0100297303546	0.0698979070345	-0.0100186603974	0.00643735883397	-0.00587621655322	0.0197243699655	-0.0257629666307	-0.00816178197818	-0.0331794390856	-7.81705592014e-05	-0.0429297405855	0.0274570553432	0.0314767298935	-0.0165214970088	1.0	0.0401364047511	0.0322744919255	-2.55891136016e-05	-0.0239301864716	-0.0396822250886	-0.0321322314386	-0.000501245467705	0.00968125987108	-0.0100228842141	0.0127528373457	-0.0336764624645	0.0334955727424	-0.0395069718248	-0.0875752317832	-0.00275082150921	-0.0420753037475	0.00218358688321	-0.0111359231534	0.0271412917729	0.000436365924634	-0.0920918565819	-0.0191977337224	0.00202248671491	-0.00195639594444	0.00489825938931	0.0277728821618	0.00432589651825	-0.0211711600838	0.0202452687135	-0.0286429613415	-0.0399870551809
k__Bacteria;p__Bacteroidetes;c__Bacteroidia;o__Bacteroidales;f__Porphyromonadaceae;g__Parabacteroides;s__Parabacteroides_johnsonii	-0.0396615035177	-0.0496056262583	-0.00334262748246	0.0432628658972	0.00707603450172	-0.0148602516338	-0.010898043595	-0.0503164826812	-0.0248942590072	0.0376267136665	-0.0133670087308	-0.0788026853986	0.00513135227178	-0.0338825591434	-0.0191580688034	0.00156197228347	-0.0194927771412	-0.0836759848456	-0.00629899331829	-0.0577740097618	0.0359740852612	0.0275962450865	0.0342329886494	0.0334945063944	1.292976687e-05	0.00264190282494	-0.041425478507	0.0401364047511	1.0	-0.0485166612261	-0.0129285876154	0.0184490510392	0.0274029231752	0.0202701513289	0.0023720298154	0.0290183122883	-0.00346124556252	0.0725837302118	-0.00181700920125	-0.00176701161562	0.0370543675823	-0.0275613092852	-0.00183443784173	0.0282290235952	-0.0320098158964	-0.0107761201315	-0.0317126243747	-0.0329336329087	-0.0388779407311	-0.0302268442917	0.0227503637411	0.0485958237034	-0.0086376821507	0.00494155999382	-0.0137719191422	-0.00026258353939	0.00299342811747	-0.0315779773563	-0.0648727694321
k__Bacteria;p__Actinobacteria;c__Actinobacteria;o__Bifidobacteriales;f__Bifidobacteriaceae;g__Bifidobacterium;s__Bifidobacterium_longum	-0.00484741137161	0.0176255173344	-0.0382760720501	-0.026014143517	-0.0262660128746	-0.00937120723786	-0.0143946013208	0.0225975380426	-0.0192431457602	0.00710874842192	-0.00826432438447	0.0538850013081	0.0445649222887	-0.0413437793304	-0.0187879715526	0.0445331942306	-0.0305266525702	-0.00438489663123	-0.0514471219759	-0.0032912534779	-0.0330295555502	-0.0071949818188	-0.0611228949534	-0.000779044486822	-0.0207986835701	-0.00166139960844	-0.0351248301568	0.0322744919255	-0.0485166612261	1.0	-0.0118725574314	0.014417552232	-0.00882495576898	0.0114012360347	-0.0535209800205	-0.0474975018245	0.0283625852143	-0.0273808402982	-0.0567010658825	-0.0531726059791	-0.00561627621773	0.034145763978	-0.00855119083742	-0.0144909341149	-0.0103958986414	0.0264439294718	-0.0160897623869	-0.0215857495995	0.0252911810417	0.00244045073556	-0.0230434175819	-0.00371390339961	-0.00112353642717	0.0149132208969	0.0136186651874	-0.0319141104813	0.0151329246207	-0.0245747837155	0.053344414398
