#taxonomy	k__Bacteria;p__Bacteroidetes;c__Bacteroidia;o__Bacteroidales;f__Bacteroidaceae;g__Bacteroides;s__Bacteroides_vulgatus	k__Bacteria;p__Bacteroidetes;c__Bacteroidia;o__Bacteroidales;f__Bacteroidaceae;g__Bacteroides;s__Bacteroides_uniformis	k__Bacteria;p__Bacteroidetes;c__Bacteroidia;o__Bacteroidales;f__Rikenellaceae;g__Alistipes;s__Alistipes_putredinis	k__Bacteria;p__Bacteroidetes;c__Bacteroidia;o__Bacteroidales;f__Prevotellaceae;g__Prevotella;s__Prevotella_copri	k__Bacteria;p__Bacteroidetes;c__Bacteroidia;o__Bacteroidales;f__Bacteroidaceae;g__Bacteroides;s__Bacteroides_stercoris	k__Bacteria;p__Bacteroidetes;c__Bacteroidia;o__Bacteroidales;f__Bacteroidaceae;g__Bacteroides;s__Bacteroides_ovatus	k__Bacteria;p__Bacteroidetes;c__Bacteroidia;o__Bacteroidales;f__Rikenellaceae;g__Alistipes;s__Alistipes_shahii	k__Bacteria;p__Firmicutes;c__Clostridia;o__Clostridiales;f__Ruminococcaceae;g__Faecalibacterium;s__Faecalibacterium_prausnitzii	k__Bacteria;p__Bacteroidetes;c__Bacteroidia;o__Bacteroidales;f__Rikenellaceae;g__Alistipes;s__Alistipes_finegoldii	k__Bacteria;p__Bacteroidetes;c__Bacteroidia;o__Bacteroidales;f__Porphyromonadaceae;g__Parabacteroides;s__Parabacteroides_distasonis	k__Bacteria;p__Bacteroidetes;c__Bacteroidia;o__Bacteroidales;f__Bacteroidaceae;g__Bacteroides;s__Bacteroides_thetaiotaomicron	k__Bacteria;p__Bacteroidetes;c__Bacteroidia;o__Bacteroidales;f__Bacteroidaceae;g__Bacteroides;s__Bacteroides_coprocola	k__Bacteria;p__Bacteroidetes;c__Bacteroidia;o__Bacteroidales;f__Bacteroidaceae;g__Bacteroides;s__Bacteroides_cellulosilyticus	k__Bacteria;p__Bacteroidetes;c__Bacteroidia;o__Bacteroidales;f__Rikenellaceae;g__Alistipes;s__Alistipes_obesi	k__Bacteria;p__Firmicutes;c__Clostridia;o__Clostridiales;f__Lachnospiraceae;g__;s__[Eubacterium]_rectale	k__Bacteria;p__Bacteroidetes;c__Bacteroidia;o__Bacteroidales;f__Bacteroidaceae;g__Bacteroides;s__Bacteroides_plebeius	k__Bacteria;p__Bacteroidetes;c__Bacteroidia;o__Bacteroidales;f__Bacteroidaceae;g__Bacteroides;s__Bacteroides_fragilis	k__Bacteria;p__Proteobacteria;c__Betaproteobacteria;o__Burkholderiales;f__Sutterellaceae;g__Sutterella;s__Sutterella_wadsworthensis	k__Bacteria;p__Bacteroidetes;c__Bacteroidia;o__Bacteroidales;f__Porphyromonadaceae;g__Barnesiella;s__Barnesiella_intestinihominis	k__Bacteria;p__Bacteroidetes;c__Bacteroidia;o__Bacteroidales;f__Odoribacteraceae;g__Odoribacter;s__Odoribacter_splanchnicus	k__Bacteria;p__Bacteroidetes;c__Bacteroidia;o__Bacteroidales;f__Bacteroidaceae;g__Bacteroides;s__Bacteroides_salyersiae	k__Bacteria;p__Firmicutes;c__Clostridia;o__Clostridiales;f__Ruminococcaceae;g__Ruminiclostridium;s__[Eubacterium]_siraeum	k__Bacteria;p__Proteobacteria;c__Betaproteobacteria;o__Burkholderiales;f__Sutterellaceae;g__Parasutterella;s__Parasutterella_excrementihominis	k__Bacteria;p__Actinobacteria;c__Actinobacteria;o__Bifidobacteriales;f__Bifidobacteriaceae;g__Bifidobacterium;s__Bifidobacterium_adolescentis	k__Bacteria;p__Firmicutes;c__Clostridia;o__Clostridiales;f__Oscillospiraceae;g__Oscillibacter;s__Oscillibacter_sp._KLE_1745	k__Bacteria;p__Bacteroidetes;c__Bacteroidia;o__Bacteroidales;f__Bacteroidaceae;g__Bacteroides;s__Bacteroides_coprophilus	k__Bacteria;p__Firmicutes;c__Clostridia;o__Clostridiales;f__Lachnospiraceae;g__Roseburia;s__Roseburia_intestinalis	k__Bacteria;p__Firmicutes;c__Clostridia;o__Clostridiales;f__Lachnospiraceae;g__Roseburia;s__Roseburia_hominis	k__Bacteria;p__Bacteroidetes;c__Bacteroidia;o__Bacteroidales;f__Porphyromonadaceae;g__Parabacteroides;s__Parabacteroides_johnsonii	k__Bacteria;p__Actinobacteria;c__Actinobacteria;o__Bifidobacteriales;f__Bifidobacteriaceae;g__Bifidobacterium;s__Bifidobacterium_longum	k__Bacteria;p__Firmicutes;c__Clostridia;o__Clostridiales;f__;g__Flavonifractor;s__Flavonifractor_plautii	k__Bacteria;p__Firmicutes;c__Clostridia;o__Clostridiales;f__Clostridiaceae;g__Clostridium;s__Clostridium_phoceensis	k__Bacteria;p__Verrucomicrobia;c__Verrucomicrobiae;o__Verrucomicrobiales;f__Akkermansiaceae;g__Akkermansia;s__Akkermansia_muciniphila	k__Bacteria;p__Bacteroidetes;c__Bacteroidia;o__Bacteroidales;f__Prevotellaceae;g__Paraprevotella;s__Paraprevotella_xylaniphila	k__Bacteria;p__Firmicutes;c__Clostridia;o__Clostridiales;f__Ruminococcaceae;g__Ruminococcus;s__Ruminococcus_callidus	k__Bacteria;p__Bacteroidetes;c__Bacteroidia;o__Bacteroidales;f__Rikenellaceae;g__Alistipes;s__Alistipes_senegalensis	k__Bacteria;p__Firmicutes;c__Clostridia;o__Clostridiales;f__Lachnospiraceae;g__Blautia;s__Blautia_sp._KLE_1732	k__Bacteria;p__Bacteroidetes;c__Bacteroidia;o__Bacteroidales;f__Bacteroidaceae;g__Bacteroides;s__Bacteroides_oleiciplenus	k__Bacteria;p__Firmicutes;c__Clostridia;o__Clostridiales;f__Ruminococcaceae;g__Ruminococcus;s__Ruminococcus_bicirculans	k__Bacteria;p__Bacteroidetes;c__Bacteroidia;o__Bacteroidales;f__Bacteroidaceae;g__Bacteroides;s__Bacteroides_fluxus	k__Bacteria;p__Bacteroidetes;c__Bacteroidia;o__Bacteroidales;f__Prevotellaceae;g__Prevotella;s__Prevotella_stercorea	k__Bacteria;p__Firmicutes;c__Clostridia;o__Clostridiales;f__Lachnospiraceae;g__Dorea;s__Dorea_longicatena	k__Bacteria;p__Firmicutes;c__Clostridia;o__Clostridiales;f__Eubacteriaceae;g__Eubacterium;s__[Eubacterium]_eligens	k__Bacteria;p__Firmicutes;c__Clostridia;o__Clostridiales;f__Ruminococcaceae;g__;s__Ruminococcaceae_bacterium_D16	k__Bacteria;p__Firmicutes;c__Clostridia;o__Clostridiales;f__Lachnospiraceae;g__Coprococcus;s__Coprococcus_comes	k__Bacteria;p__Proteobacteria;c__Gammaproteobacteria;o__Enterobacterales;f__Enterobacteriaceae;g__Escherichia;s__Escherichia_coli	k__Bacteria;p__Firmicutes;c__Clostridia;o__Clostridiales;f__Ruminococcaceae;g__Anaerotruncus;s__Anaerotruncus_colihominis	k__Bacteria;p__Firmicutes;c__Clostridia;o__Clostridiales;f__Lachnospiraceae;g__Blautia;s__Blautia_obeum	k__Bacteria;p__Bacteroidetes;c__Bacteroidia;o__Bacteroidales;f__Odoribacteraceae;g__Odoribacter;s__Odoribacter_laneus	k__Bacteria;p__Firmicutes;c__Clostridia;o__Clostridiales;f__Ruminococcaceae;g__Ruminiclostridium;s__[Clostridium]_leptum	k__Bacteria;p__Bacteroidetes;c__Bacteroidia;o__Bacteroidales;f__Porphyromonadaceae;g__Parabacteroides;s__Parabacteroides_goldsteinii	k__Bacteria;p__Firmicutes;c__Clostridia;o__Clostridiales;f__Lachnospiraceae;g__Anaerostipes;s__Anaerostipes_hadrus	k__Bacteria;p__Firmicutes;c__Clostridia;o__Clostridiales;f__Ruminococcaceae;g__Ruminococcus;s__Ruminococcus_lactaris	k__Bacteria;p__Firmicutes;c__Clostridia;o__Clostridiales;f__Clostridiaceae;g__Clostridium;s__Clostridium_sp._L2-50	k__Bacteria;p__Firmicutes;c__Clostridia;o__Clostridiales;f__Clostridiaceae;g__Clostridium;s__Clostridium_sp._M62/1	k__Bacteria;p__Firmicutes;c__Clostridia;o__Clostridiales;f__;g__Intestinimonas;s__Intestinimonas_butyriciproducens	k__Bacteria;p__Actinobacteria;c__Actinobacteria;o__Bifidobacteriales;f__Bifidobacteriaceae;g__Bifidobacterium;s__Bifidobacterium_bifidum	k__Bacteria;p__Firmicutes;c__Negativicutes;o__Veillonellales;f__Veillonellaceae;g__Dialister;s__Dialister_invisus	k__Bacteria;p__Bacteroidetes;c__Bacteroidia;o__Bacteroidales;f__Bacteroidaceae;g__Bacteroides;s__Bacteroides_salanitronis
k__Bacteria;p__Bacteroidetes;c__Bacteroidia;o__Bacteroidales;f__Bacteroidaceae;g__Bacteroides;s__Bacteroides_vulgatus	1.0	-0.0193194774365	0.0197561413274	-0.0752236603202	-0.0276661984677	-0.00134643010306	0.0234157536227	0.0224766732503	-0.00204505227115	0.0181305017704	0.0518810047464	0.0289412072304	0.0186693698037	0.0561562017733	0.0273633415985	0.00390280596398	-0.0183872833564	0.0892690050468	-0.0230854555368	0.00129600100968	-0.051053026791	-0.0523423908091	0.00308653956462	0.0533732796851	-0.00758507783626	-0.00636666776621	0.0214848248288	0.013891237279	0.0502023303343	-0.00685764791019	-0.0113251077446	-0.0615152627675	-0.0241667908989	-0.0468173091734	-0.0134152682141	-0.00809352155774	0.0258782635677	-0.0124512043046	0.00280303448733	-0.0216238192845	0.0115437251246	-0.0274747462423	0.0315693330537	0.0111035889749	-0.00512886933495	0.0266140158781	0.0176072643178	0.00821737942652	-0.0243401563281	0.0329197758108	-0.0750822433922	-0.0281898415383	0.0113113683409	-0.00723850486745	0.00274491983238	-0.0294908478983	-0.0628069516148	-0.0204519876994	0.00780804916759
k__Bacteria;p__Bacteroidetes;c__Bacteroidia;o__Bacteroidales;f__Bacteroidaceae;g__Bacteroides;s__Bacteroides_uniformis	-0.0193194774365	1.0	0.0362091158044	0.0185101880861	-0.0214164483535	0.00772120107899	-0.0570342335997	0.0653676771824	0.0270610206437	-0.00863635098492	0.00507001925173	0.031325703085	-0.0565536131093	-0.0177608940333	0.00596325588523	-0.0527426213595	0.0343458829053	0.00282273623098	0.0060066476146	0.0289905039058	0.0157244347904	0.0205520040174	-0.050202236943	0.0214014206541	0.0411893772292	-0.00993197418024	0.028560036566	0.0106658687718	-0.0750314185102	-0.0297410594917	-0.0648956218793	-0.022844544675	-0.017744622664	0.00158536594127	-0.000854018686927	0.00490635273914	-0.0385250610802	0.0371353837537	-0.0425905175695	0.0084268093278	0.00197590030807	0.036374817915	-0.073375718855	-0.0297584020576	0.0104177104856	-0.042188593459	0.0169219181011	-0.0208102618452	0.00548473878713	0.0270517836488	-0.0179939984288	-0.0183068129307	0.0352859748809	0.0170604025845	0.0296065422113	0.0145634785683	0.00541898581785	-0.0246017897424	0.0173969470841
k__Bacteria;p__Bacteroidetes;c__Bacteroidia;o__Bacteroidales;f__Rikenellaceae;g__Alistipes;s__Alistipes_putredinis	0.0197561413274	0.0362091158044	1.0	-0.000867058136388	-0.0685109098492	-0.0277624329285	0.00625859059751	-0.04017449032	0.0451377540091	0.039793476123	-0.0288184511274	-0.0383350205019	0.00193418292537	0.0151551338354	-0.0338387145092	0.0293907938727	-0.00453552509377	-0.0083510549576	0.0222693287638	-0.0522195992492	-0.0399879717628	0.00883217039973	-0.00608578980807	0.0198519671591	-0.0187570079383	-0.0285129417841	-0.01471769343	0.0328512347749	0.00563073183163	0.097194694891	-0.0516662380205	-0.0638791015297	0.00541900202686	-0.0198001175911	-0.0134157915423	0.0133465041809	-0.0225505835099	-0.0406757372891	-0.0322502937586	0.0237499169327	0.0456926281456	-0.0434989696635	-0.0347755165901	-0.0369119059706	-0.0033267912829	-0.0394107014436	0.0535690020373	0.00757916271703	-0.0128536169325	-0.0471192088211	-0.0444875620373	-0.0213675669756	-0.0260947480539	0.0159364601404	0.00166434523022	-0.017485253166	0.0421197556535	0.0167255383854	0.0284318077408
k__Bacteria;p__Bacteroidetes;c__Bacteroidia;o__Bacteroidales;f__Prevotellaceae;g__Prevotella;s__Prevotella_copri	-0.0752236603202	0.0185101880861	-0.000867058136388	1.0	0.00241092495545	-0.0729968938249	-0.0261017107719	0.00492292022578	-0.00137714452717	-0.0088063993287	-0.0614011712965	0.0469519665179	0.0692245887946	-0.0519920219254	-0.055931598007	0.0068173103515	-0.00993121314606	-0.00264009213642	-0.0349072338522	-0.0525271861954	0.0159843514657	0.00550659199536	-0.0435393189973	0.0540403847359	-0.0533764449197	0.0177996809029	-0.0354042205183	0.0489339107761	0.0187419911342	0.012781576227	-0.0173055153534	-0.0156828087514	0.0117592093656	0.0270729806889	-0.0410533833634	-0.0574942361871	-0.0092080557188	-0.0144944981126	-0.00190003432182	-0.061943820606	-0.00537248302893	-0.0266358458745	-0.0253194120581	-0.0195647467804	0.00723484292456	-0.0283261154903	-0.00538075407727	-0.0525976403628	0.0487798040131	0.0109653741024	-0.0345730301472	0.000441955381284	-0.0225141267149	-0.0320330500005	0.00717601059044	0.00676385474545	-0.0604026623974	-0.0511567319128	0.00417174786938
k__Bacteria;p__Bacteroidetes;c__Bacteroidia;o__Bacteroidales;f__Bacteroidaceae;g__Bacteroides;s__Bacteroides_stercoris	-0.0276661984677	-0.0214164483535	-0.0685109098492	0.00241092495545	1.0	-0.0267363133619	-0.0346006673801	0.00281313460537	0.000434729137594	-0.0168455289011	0.0277960777597	-0.0228187058377	0.0119489667674	0.0087051017426	-0.020246744993	0.0140839459279	-0.00193033028271	-0.033970851793	0.038014160305	0.00637762161564	0.00658301262071	-0.0225848568402	-0.0163227529123	-0.0301642433492	-0.049945253526	-0.0551157442186	0.0586353962725	-0.0502418371893	0.0314308697103	-0.0237247093451	-0.0644831731586	0.019414065697	-0.0556525301364	0.0473220548095	0.0317325354304	0.00804276793467	-0.0516206897151	0.0273830880266	0.0358930975452	-0.0283884966259	-0.0302908427095	-0.00604073148172	0.0207438206727	-0.0465913849933	-0.0190246984296	0.0545113491809	-0.048254174307	-0.0390993549404	0.0137988233837	-0.0620442878671	0.0164482972845	0.026007181133	0.0291029886418	-0.0448348202572	0.000102000783438	0.00416793684448	-0.0520461970221	-0.0357502565869	-0.0110590530325
k__Bacteria;p__Bacteroidetes;c__Bacteroidia;o__Bacteroidales;f__Bacteroidaceae;g__Bacteroides;s__Bacteroides_ovatus	-0.00134643010306	0.00772120107899	-0.0277624329285	-0.0729968938249	-0.0267363133619	1.0	-0.00807241740776	0.00533426726736	-0.00125366498371	0.0212558280505	0.0190420995501	-0.00626100587718	-0.00550889474412	0.0459387928465	0.0135825961399	0.0200631818126	0.0171552493374	-0.00182324503467	-0.0647052954962	0.0228843330382	0.00578227144695	-0.00739464058543	0.0331742314088	-0.0736483724005	-0.029537063841	-0.00926532678835	0.0186200772439	-0.0061898933052	-0.0374913976134	0.00296919686072	0.0336971947812	-0.0125902640753	-0.0108151391702	-0.011756948903	-0.0842807733463	-0.0359075279917	-0.0290343978633	0.0283017881653	-0.02840787931	0.0348496981427	0.0301079733905	-0.0168268921836	-0.0154129297857	0.0287155715817	0.00171956151765	-0.0517069227409	-0.03651509976	-0.00416450640394	-0.0139995532763	0.0227897953703	0.0147106193315	-0.0272164103922	0.0100719595588	0.0203859694749	-0.0617667464123	0.0200508857925	0.0312951592753	0.00919967939083	0.0193715524512
k__Bacteria;p__Bacteroidetes;c__Bacteroidia;o__Bacteroidales;f__Rikenellaceae;g__Alistipes;s__Alistipes_shahii	0.0234157536227	-0.0570342335997	0.00625859059751	-0.0261017107719	-0.0346006673801	-0.00807241740776	1.0	-0.0012347393214	-0.0117715234772	0.0230584198591	-0.00913662370953	-0.0118728181942	-0.0281754605614	0.0115395212937	-0.0398411501256	0.000208337171068	-0.0311461333665	0.0265032611557	-0.0208885399245	0.0189163121174	0.0590611056103	-0.0087271636172	-0.0129173062213	0.0242514269451	0.02657759994	-0.0138166115509	-0.0637198807059	0.0158261620056	-0.000573438999387	0.019138725381	-0.00760161793999	-0.00898678056563	0.0389730578106	0.00150248364955	-0.0275849073522	0.0363795406066	-0.011897355577	-0.0326617293475	0.0433880783765	-0.0288918955729	0.00884948556949	0.0211197622984	0.0393648804527	0.0037897946056	-0.00916458947207	0.0392838688817	-0.00304895881939	-0.0129746895757	0.0467644019656	-0.0291190308779	-0.0231918233485	-0.0111372452	-0.0129636756465	-0.0101003323321	0.00717665935732	0.0130683210802	-0.0388947825393	-0.0212764019401	-0.0448751862565
k__Bacteria;p__Firmicutes;c__Clostridia;o__Clostridiales;f__Ruminococcaceae;g__Faecalibacterium;s__Faecalibacterium_prausnitzii	0.0224766732503	0.0653676771824	-0.04017449032	0.00492292022578	0.00281313460537	0.00533426726736	-0.0012347393214	1.0	0.00046536225381	-0.057810175865	-0.0198155466449	0.0182830917425	0.00456193108615	0.0035599013933	0.0210735654861	0.00666512157897	0.00485918095781	0.0390945751368	0.0189069520172	-0.0401165520741	0.00517894081005	-0.0475446439752	0.0171127700001	-0.0478377360396	-0.00614039769551	-0.033973768713	-0.0181124236636	0.00186537205934	-0.00100626187503	-0.0193960095395	-0.0222709889326	-0.00671385825444	-0.020419516301	-0.0517972822355	0.00134204682084	-0.0314589789819	0.0380553131015	-0.0206260577553	-0.027276578848	0.020879700334	0.0242570406047	0.0424269131875	-0.0249661173535	0.0132103629737	-0.022251078215	0.0154099179599	-0.0225320757047	-0.0137631896945	0.0044525752437	-0.0513132283315	-0.0159811755162	0.0750121046001	-0.0336075460697	-0.00843270285219	-0.0185769164303	-0.0215197575646	-0.0232175732124	0.041539374555	-0.0270847213691
k__Bacteria;p__Bacteroidetes;c__Bacteroidia;o__Bacteroidales;f__Rikenellaceae;g__Alistipes;s__Alistipes_finegoldii	-0.00204505227115	0.0270610206437	0.0451377540091	-0.00137714452717	0.000434729137594	-0.00125366498371	-0.0117715234772	0.00046536225381	1.0	0.0434989505193	0.0319345792395	0.00231838892151	-0.0283447870269	-0.00968366479058	-0.0128261781352	0.00280435385908	0.0273633993601	0.00336206724373	-0.024028860796	0.0170085976542	-0.0621727028943	0.037001144148	-0.0559296279394	0.00741918995373	-0.0577837688283	-0.0624796201442	-0.0130470219035	-0.0187752529976	0.0392244269239	-0.0137971637731	0.0010768086585	0.0372148317849	-0.0294548025131	0.0247710909854	0.055403939385	0.0135884504953	-0.0303716134137	-0.014162773035	-0.0185774503139	-0.013712217671	0.0355282250501	-0.0236914002774	0.056578185073	-0.0603658117023	-0.0140339033028	-0.00472295459863	-0.0629250130194	0.00739406832271	-0.0412017678034	0.0202529031915	0.0359609370557	-0.0448997611943	0.00204214901349	-0.030245253275	-0.0269014265961	-0.00401065130229	-0.0547418650807	0.00257379398538	-0.0117131985699
k__Bacteria;p__Bacteroidetes;c__Bacteroidia;o__Bacteroidales;f__Porphyromonadaceae;g__Parabacteroides;s__Parabacteroides_distasonis	0.0181305017704	-0.00863635098492	0.039793476123	-0.0088063993287	-0.0168455289011	0.0212558280505	0.0230584198591	-0.057810175865	0.0434989505193	1.0	0.0197604461182	0.0244861146717	0.00397401630912	-0.0212602502055	-0.00014590066113	0.0295943335512	-0.0120186070489	-0.000117341499104	0.0156681328121	-0.0589003925399	-0.0184437382477	0.00815331160042	-0.0461326669796	-0.0210920708713	0.0370279188983	0.00400809669786	-0.00829339938803	-0.0359613895933	-0.0462289702227	-0.0259466029498	-0.0105656787338	-0.0232229781212	-0.0475512255971	0.00100841212996	0.0727379347552	0.0201764855521	-0.0519495434053	0.0452229684872	-0.0163340312332	-0.0296622499934	0.0120470053173	-0.0420476289162	-0.00642519091086	-0.0460522502749	-0.00764820337416	-0.0233333663821	-0.0333547891012	-0.0209598292239	-0.0488606082158	-0.00054851162649	0.0707469370989	-0.0632006504678	0.00936867719969	-0.0253184143713	-0.0234057832916	0.0151680267787	0.0309404105038	-0.0351263260036	-0.00456706304482
k__Bacteria;p__Bacteroidetes;c__Bacteroidia;o__Bacteroidales;f__Bacteroidaceae;g__Bacteroides;s__Bacteroides_thetaiotaomicron	0.0518810047464	0.00507001925173	-0.0288184511274	-0.0614011712965	0.0277960777597	0.0190420995501	-0.00913662370953	-0.0198155466449	0.0319345792395	0.0197604461182	1.0	0.00984246828839	-0.0220193515759	-0.0548275236509	0.0392562046867	0.0316132987543	0.0497296929245	-0.0546255027787	-0.0483714843779	-0.0314724968936	0.0456854473096	0.0553451377326	0.0440770131694	-0.0133329634622	0.00757425746986	0.0247033022015	-0.0169835905355	0.0421792238668	-0.0313287850719	-0.00592757290727	0.0396071691487	0.00099848417753	-0.0173546472211	0.0196721116476	0.0333598577564	-0.0363232932656	-0.000439919838619	0.0663658037506	-0.0229056116776	-0.0466701850213	-0.0259641863517	0.0473106975897	-0.0650794589817	-0.0232970687035	-0.0504718768288	0.0118676225202	0.00166380525864	0.00443928451531	-0.0213680749156	-0.0152531469348	0.0373447411346	-0.0235748378459	-0.0408793254738	-0.0281909902598	-0.0864103322602	0.0210325594635	0.0118851197049	-0.0757986197779	-0.0319541269793
k__Bacteria;p__Bacteroidetes;c__Bacteroidia;o__Bacteroidales;f__Bacteroidaceae;g__Bacteroides;s__Bacteroides_coprocola	0.0289412072304	0.031325703085	-0.0383350205019	0.0469519665179	-0.0228187058377	-0.00626100587718	-0.0118728181942	0.0182830917425	0.00231838892151	0.0244861146717	0.00984246828839	1.0	0.00566480702757	-0.0155591652906	-0.0240857818797	-0.0269962394422	-0.0455188720475	0.0133749528448	0.0338092933869	-0.00112689121954	0.0381256120913	-0.00372033650064	0.0399484532832	0.00938441260099	-0.01548592794	0.0182617820489	-0.0192589907441	0.0253538756423	0.0161697767795	-0.0485125939189	-0.00242309637382	-0.0104393366321	-0.0556372360065	-0.051562678641	0.0315444950438	-0.0569903866208	-0.0178072615823	0.0113262526036	0.0697738409407	-0.0457562764378	0.00851413059505	-0.0451117888386	-0.00663319386524	-0.00840707138987	-0.0325978525811	0.0282483056484	0.0109773030167	-0.00879221810355	-0.0335396225354	-0.0240655715137	0.0494414282395	-0.0301664291426	-0.0502631335329	0.0252522668479	-0.00902559563295	-0.00529456381008	-0.0252869043956	-0.00869102695961	-0.0358531893281
k__Bacteria;p__Bacteroidetes;c__Bacteroidia;o__Bacteroidales;f__Bacteroidaceae;g__Bacteroides;s__Bacteroides_cellulosilyticus	0.0186693698037	-0.0565536131093	0.00193418292537	0.0692245887946	0.0119489667674	-0.00550889474412	-0.0281754605614	0.00456193108615	-0.0283447870269	0.00397401630912	-0.0220193515759	0.00566480702757	1.0	-0.016122325565	-0.0410879399264	-0.00586400748764	-0.0155507206613	-0.00489192819144	-0.0304715329966	0.0199578575438	0.0137852919244	0.00353585625617	-0.0368854327892	-0.00377919506032	0.0224918750751	-0.0141783467127	0.0305879119119	0.0214657545634	0.00130408970245	0.0442463961446	0.0434550895696	-0.00603516399947	-0.0161869664792	-0.0335725531669	0.0154214336915	-0.0219217507578	-0.0127565257286	-0.00837146223257	-0.061921289419	-0.00754147810577	0.000880059289966	-0.0110877318629	-0.011103310557	-0.0172900769294	0.00260545227043	-0.0108343475729	0.0211109609737	0.0109075475746	-0.0176322543465	-0.00443212388084	0.054058342091	-0.0525316184486	0.00949367498784	0.0335819884863	-0.0132584613439	-0.0509420303226	-0.0397820346241	-0.0703781403066	-0.0321170445373
k__Bacteria;p__Bacteroidetes;c__Bacteroidia;o__Bacteroidales;f__Rikenellaceae;g__Alistipes;s__Alistipes_obesi	0.0561562017733	-0.0177608940333	0.0151551338354	-0.0519920219254	0.0087051017426	0.0459387928465	0.0115395212937	0.0035599013933	-0.00968366479058	-0.0212602502055	-0.0548275236509	-0.0155591652906	-0.016122325565	1.0	0.028084063064	0.0107192047301	-0.0293791398888	-0.0370828055094	0.035532623022	-0.0328082480659	0.0229160202171	0.0197662765812	0.00161969785522	0.0322231464713	-0.0574914599441	-0.015008669032	-0.037379998387	0.0156163114268	-0.0448381112088	0.0259031051116	0.0247237389707	0.0337617694776	-0.00973051793899	0.00707979357665	0.00860148794224	-0.017815199246	-0.0265666654985	0.00349659983217	-0.0445043914733	-0.0512433329793	-0.00412697302006	-0.00201938743595	-0.00710067212399	-0.0133685611068	-0.0428086523047	-0.025665806931	-0.0307501619621	-0.00136350221013	-0.00936081739579	-0.0364929144738	0.0320659723385	0.0506659164114	-0.0574680820436	-0.038812906714	-0.0400222806642	0.00899476530872	-0.0290694966238	-0.0422684352287	-0.0488378103217
k__Bacteria;p__Firmicutes;c__Clostridia;o__Clostridiales;f__Lachnospiraceae;g__;s__[Eubacterium]_rectale	0.0273633415985	0.00596325588523	-0.0338387145092	-0.055931598007	-0.020246744993	0.0135825961399	-0.0398411501256	0.0210735654861	-0.0128261781352	-0.00014590066113	0.0392562046867	-0.0240857818797	-0.0410879399264	0.028084063064	1.0	-0.0416239684009	-0.0320249589565	-0.00982369053554	0.0464322491984	0.0271667749512	-0.039608773908	-0.0536851826235	-0.0267403923843	-0.0448935811389	-0.0667347119424	-0.0270460766854	-0.023175737495	-0.0385747434461	-0.0202039062082	-0.0492039823027	0.0425512939013	-0.0209764575258	0.0365243792722	0.0131386279696	-0.0217407986396	-0.0882377047722	0.0112998318846	0.0515048329877	0.0392663983683	0.000273737699752	0.014085184978	-0.0283939478702	-0.0417325304323	0.0657945349595	0.0135819676388	-0.00560601659408	-0.0178959733413	0.0158333173558	-0.0035394347507	-0.0171861997519	0.0614396624862	-0.0436388474557	-0.0358188808876	-0.0790945585123	-0.0193460970994	-0.00857911964018	-0.0605218294016	-0.0842775942705	-0.0584841312568
k__Bacteria;p__Bacteroidetes;c__Bacteroidia;o__Bacteroidales;f__Bacteroidaceae;g__Bacteroides;s__Bacteroides_plebeius	0.00390280596398	-0.0527426213595	0.0293907938727	0.0068173103515	0.0140839459279	0.0200631818126	0.000208337171068	0.00666512157897	0.00280435385908	0.0295943335512	0.0316132987543	-0.0269962394422	-0.00586400748764	0.0107192047301	-0.0416239684009	1.0	0.0249628651744	-0.0446617831597	-0.0555473799754	-0.0109691443592	-0.0234726179582	0.0100455714137	-0.0100797564223	-0.00087043022937	-0.00858924833391	0.0858751312125	-0.0394912828505	-0.00342640905623	0.0148126565882	-0.0113750522036	0.0010844108014	0.0151252920831	0.0375792654703	-0.0199318060998	-0.0212891292555	-0.0244061716017	-0.0361294800537	-0.0492471990607	0.0213681265977	0.0192860809651	0.0526092236701	0.0226002620503	-0.0559205945567	-0.0382173592605	-0.0732433707525	-0.0772606538684	0.0178614853371	-0.0490352395443	-0.0112685351198	-0.0191770307587	-0.0252034416801	-0.0201607227308	-0.0198942212394	-0.0159786115254	-0.0196974622733	0.00668583975359	-0.00561818366433	-0.019830752071	-0.0572130413248
k__Bacteria;p__Bacteroidetes;c__Bacteroidia;o__Bacteroidales;f__Bacteroidaceae;g__Bacteroides;s__Bacteroides_fragilis	-0.0183872833564	0.0343458829053	-0.00453552509377	-0.00993121314606	-0.00193033028271	0.0171552493374	-0.0311461333665	0.00485918095781	0.0273633993601	-0.0120186070489	0.0497296929245	-0.0455188720475	-0.0155507206613	-0.0293791398888	-0.0320249589565	0.0249628651744	1.0	0.0357285552299	-0.0630935073641	0.0068133993401	0.00178747109154	-0.00301166461622	-0.00950064125325	0.0128948208855	-0.0147851626521	0.0061297939217	-0.0433174573054	0.0451899626691	-0.0127872494652	0.00583435070662	0.0173964718611	-0.110522844754	0.00723511421341	-0.0201336349664	-0.00163471337597	-0.0357995705379	-0.00884961657042	0.0334498815439	0.0249210639964	-0.0144807352213	-0.0367996803775	-0.0261215543247	-0.0148396174455	-0.0115602893229	0.00411168635634	0.0614916194229	0.00521113309168	-0.000128543935718	0.0255700466754	-0.100692893353	0.0169712287053	-0.00299961221095	0.0183009363098	-0.00692485159111	-0.0859601874254	0.00776549725128	0.00831279141212	-0.0546874736355	-0.0513777083685
k__Bacteria;p__Proteobacteria;c__Betaproteobacteria;o__Burkholderiales;f__Sutterellaceae;g__Sutterella;s__Sutterella_wadsworthensis	0.0892690050468	0.00282273623098	-0.0083510549576	-0.00264009213642	-0.033970851793	-0.00182324503467	0.0265032611557	0.0390945751368	0.00336206724373	-0.000117341499104	-0.0546255027787	0.0133749528448	-0.00489192819144	-0.0370828055094	-0.00982369053554	-0.0446617831597	0.0357285552299	1.0	0.0392587007413	-0.0411241248401	-0.053963819021	0.00282583209613	-0.0305288808281	-0.0327300121311	0.0645413858562	0.000243884806121	-0.0242709441417	-0.0045776454706	-0.0202024729869	-0.00856231070853	-0.098766273468	-0.0164987485344	-0.0315522105652	-0.0530708345716	-0.0392676326261	0.0107624508388	-0.0887280244072	0.00747560117664	-0.0141421527197	-0.00230008906166	-0.0066774582239	-0.0149837274224	0.00200953210415	0.007946535495	0.0457644278584	0.0185309249857	0.0547383988777	0.0343166214198	0.00423883373794	0.0235301244747	-0.0057166881955	-0.00554829760769	0.0176209744907	-0.0217567432659	0.0243085075643	-0.0159881316841	-0.0257542995912	0.012374759157	-0.0109230440772
k__Bacteria;p__Bacteroidetes;c__Bacteroidia;o__Bacteroidales;f__Porphyromonadaceae;g__Barnesiella;s__Barnesiella_intestinihominis	-0.0230854555368	0.0060066476146	0.0222693287638	-0.0349072338522	0.038014160305	-0.0647052954962	-0.0208885399245	0.0189069520172	-0.024028860796	0.0156681328121	-0.0483714843779	0.0338092933869	-0.0304715329966	0.035532623022	0.0464322491984	-0.0555473799754	-0.0630935073641	0.0392587007413	1.0	-0.0237438071737	-0.0323411165764	-0.0196510728382	0.0094908845439	-0.022486569476	-0.0355476169341	-0.0265864867665	-0.0370721996205	-0.00193596732562	0.0141416207972	-0.00635694896974	0.00492193367197	0.0296238292678	-0.0298043972025	0.00562267475171	-0.0521723472822	0.03751345806	0.0047527298418	0.0357794298707	0.0339977179571	-0.0383154488144	-0.000994707084917	-0.01812410576	0.00388767511596	-0.032114052782	-0.00869462882523	-0.012961972916	-0.00949271838792	-0.0181373491359	-0.00561777932527	0.0214013445955	-0.00998521609159	0.0136853528391	-0.056851060771	-0.0295159377437	0.0173602710717	0.00330578157419	-0.035171039429	-0.0318430576052	0.0297734676344
k__Bacteria;p__Bacteroidetes;c__Bacteroidia;o__Bacteroidales;f__Odoribacteraceae;g__Odoribacter;s__Odoribacter_splanchnicus	0.00129600100968	0.0289905039058	-0.0522195992492	-0.0525271861954	0.00637762161564	0.0228843330382	0.0189163121174	-0.0401165520741	0.0170085976542	-0.0589003925399	-0.0314724968936	-0.00112689121954	0.0199578575438	-0.0328082480659	0.0271667749512	-0.0109691443592	0.0068133993401	-0.0411241248401	-0.0237438071737	1.0	0.00784406352267	-0.00505262068234	0.0193996917333	-0.025299558937	0.0390613764578	0.0108485225726	0.00511499224344	-0.00649262861238	0.0296769801125	0.0253776597272	-0.0491870145731	0.00158357193644	0.0578727331294	-0.00586877421478	-0.017363083987	-0.0123891977803	-0.0345112671578	-0.022990302095	-0.0573217004377	0.013028045653	-0.00141558895779	-0.0635845525809	0.0769913073412	0.0201929143192	0.0126035262661	-0.00124751115055	0.00791804251515	-0.0188273988159	3.44798879841e-05	-0.00188709487475	-0.063762099196	-0.0554944472968	-0.0322677245227	0.0292410447746	0.0450542469676	0.0458526366657	-0.0177133798185	-0.0268855957414	0.0112235331039
k__Bacteria;p__Bacteroidetes;c__Bacteroidia;o__Bacteroidales;f__Bacteroidaceae;g__Bacteroides;s__Bacteroides_salyersiae	-0.051053026791	0.0157244347904	-0.0399879717628	0.0159843514657	0.00658301262071	0.00578227144695	0.0590611056103	0.00517894081005	-0.0621727028943	-0.0184437382477	0.0456854473096	0.0381256120913	0.0137852919244	0.0229160202171	-0.039608773908	-0.0234726179582	0.00178747109154	-0.053963819021	-0.0323411165764	0.00784406352267	1.0	0.0137269081933	-0.0211361870357	-0.011391919338	-0.00192355463371	-0.0163158919407	-0.0354306625828	0.0115676597291	0.0136327874252	-0.0139941999751	0.0133798728659	0.0388214395435	0.0509846526133	0.0141207947997	-0.0151508757143	-0.0386897923012	-0.0567133001129	-0.0277176416366	-0.0551171445254	-0.0429494809237	-0.0374467161706	-0.0135933495281	-0.00799214412546	-0.0228903918954	0.0476384489575	-0.00852899874802	-0.0533058214657	-0.0126167169056	-0.00819402455731	-0.0837596352242	-0.0420488368365	0.00331856127416	0.0309441886229	-0.00363760958727	0.00617222785395	0.00796612777974	-0.0249560323692	0.0100997230983	0.0145739212332
k__Bacteria;p__Firmicutes;c__Clostridia;o__Clostridiales;f__Ruminococcaceae;g__Ruminiclostridium;s__[Eubacterium]_siraeum	-0.0523423908091	0.0205520040174	0.00883217039973	0.00550659199536	-0.0225848568402	-0.00739464058543	-0.0087271636172	-0.0475446439752	0.037001144148	0.00815331160042	0.0553451377326	-0.00372033650064	0.00353585625617	0.0197662765812	-0.0536851826235	0.0100455714137	-0.00301166461622	0.00282583209613	-0.0196510728382	-0.00505262068234	0.0137269081933	1.0	0.012010467398	-0.00112242365485	-0.0238077500943	0.0283409511275	-0.0329223337801	0.021772492227	-0.0123026813725	-0.00878956389979	0.034697716099	0.014884059683	-0.0345560828578	-0.0580194814051	-0.046599051072	0.0267204635585	-0.0390627772813	-0.0373263207651	0.000267519730395	-0.0611645975524	-0.0193411045621	-0.00202304851086	-0.0322499280468	-0.0465843687097	0.0279724408237	-0.0142018058819	-0.00139923525444	-0.0178855238384	0.0306754738268	0.00363820592187	-0.00515566964092	-0.0361327590228	-0.0365585731755	0.0750973352292	-0.0350833189251	-0.0156490864635	0.0292736744995	-0.0218549484279	0.00258570905978
k__Bacteria;p__Proteobacteria;c__Betaproteobacteria;o__Burkholderiales;f__Sutterellaceae;g__Parasutterella;s__Parasutterella_excrementihominis	0.00308653956462	-0.050202236943	-0.00608578980807	-0.0435393189973	-0.0163227529123	0.0331742314088	-0.0129173062213	0.0171127700001	-0.0559296279394	-0.0461326669796	0.0440770131694	0.0399484532832	-0.0368854327892	0.00161969785522	-0.0267403923843	-0.0100797564223	-0.00950064125325	-0.0305288808281	0.0094908845439	0.0193996917333	-0.0211361870357	0.012010467398	1.0	-0.0173749463981	0.0108859868591	0.0353635425374	0.0355807961741	6.29669564701e-06	-0.0299205054206	-0.0714729197669	-0.0321059283289	0.0107042567283	-0.0243135260877	-0.0553834521126	-0.0144942958661	-0.00412571638896	0.0633491763975	0.00235336881482	0.0753062554012	-0.00568853772755	-0.0232040818978	-0.0674800331699	-0.0308331187766	0.0365868926325	-0.04824582948	-0.0083319377209	-0.0130627006605	0.00634198369776	0.0199125641	0.00772498590478	-0.0546414978024	-0.00813817092373	-0.0170915407347	-0.00493069952413	-0.00762411808338	0.00214716526975	-0.0248956678204	0.061614344645	0.00857639177781
k__Bacteria;p__Actinobacteria;c__Actinobacteria;o__Bifidobacteriales;f__Bifidobacteriaceae;g__Bifidobacterium;s__Bifidobacterium_adolescentis	0.0533732796851	0.0214014206541	0.0198519671591	0.0540403847359	-0.0301642433492	-0.0736483724005	0.0242514269451	-0.0478377360396	0.00741918995373	-0.0210920708713	-0.0133329634622	0.00938441260099	-0.00377919506032	0.0322231464713	-0.0448935811389	-0.00087043022937	0.0128948208855	-0.0327300121311	-0.022486569476	-0.025299558937	-0.011391919338	-0.00112242365485	-0.0173749463981	1.0	0.00204032593736	0.0666279629214	0.0457532002758	-0.0500785215834	-0.00704422507471	-0.00351560770637	0.0217541082971	0.00393974608123	0.0109649572711	0.00144113675079	-0.0207023066117	-0.0123066776334	0.0528575267976	-0.0473862638994	0.0144532536596	-0.0530152631112	-0.0128572806349	-0.0300294161454	-0.0243272389141	-0.0392723052374	0.0515939642321	-0.0327670886485	0.0329422940143	0.00463608611952	-0.0238510181182	-0.011737784519	-0.0103859272798	0.00805867357609	-0.0279848938908	0.0351794287256	-0.059759955148	0.0172252257363	0.026629031728	0.0107401667969	0.0332964879935
k__Bacteria;p__Firmicutes;c__Clostridia;o__Clostridiales;f__Oscillospiraceae;g__Oscillibacter;s__Oscillibacter_sp._KLE_1745	-0.00758507783626	0.0411893772292	-0.0187570079383	-0.0533764449197	-0.049945253526	-0.029537063841	0.02657759994	-0.00614039769551	-0.0577837688283	0.0370279188983	0.00757425746986	-0.01548592794	0.0224918750751	-0.0574914599441	-0.0667347119424	-0.00858924833391	-0.0147851626521	0.0645413858562	-0.0355476169341	0.0390613764578	-0.00192355463371	-0.0238077500943	0.0108859868591	0.00204032593736	1.0	0.0224774577124	0.0126033402713	0.0319733506215	0.00612084474805	0.00421662776641	-0.0103983981245	-0.0186841002721	-0.0212388712542	-0.016550916496	-0.0212835044625	0.0222366166228	0.0669047695836	0.00211082409413	-0.0319209203926	-0.0448171216161	-0.0273785904944	0.0160334596243	0.0438809827819	-0.0108107089044	-0.0202753845837	-0.0436868892441	0.0233505187848	-0.034620852416	-0.0657811565406	-0.0188103714035	-0.0119643209782	0.0601633253065	-0.0189148151731	-0.0182546409771	-0.0110410445694	0.0159901966174	0.0240973967714	-0.0105179344102	0.000234683022417
k__Bacteria;p__Bacteroidetes;c__Bacteroidia;o__Bacteroidales;f__Bacteroidaceae;g__Bacteroides;s__Bacteroides_coprophilus	-0.00636666776621	-0.00993197418024	-0.0285129417841	0.0177996809029	-0.0551157442186	-0.00926532678835	-0.0138166115509	-0.033973768713	-0.0624796201442	0.00400809669786	0.0247033022015	0.0182617820489	-0.0141783467127	-0.015008669032	-0.0270460766854	0.0858751312125	0.0061297939217	0.000243884806121	-0.0265864867665	0.0108485225726	-0.0163158919407	0.0283409511275	0.0353635425374	0.0666279629214	0.0224774577124	1.0	-0.026116226021	0.0241542502285	-0.00284580889321	-0.0819717667455	0.00373801767278	0.00119215112327	0.0316190573914	-0.00222823647003	0.00218258100587	-0.021248494803	-0.0472358188121	0.00188384569356	0.00908007638267	-0.0206383502837	0.0333679710917	-0.0410848622492	0.0288289488	0.0187837379623	0.00812453133183	-0.0502180159381	-0.0239156159565	0.0200887631096	-0.0247716703695	-0.0290141403291	0.0354047046229	-0.0182895673432	-0.0387188021373	0.00430086058711	0.0339243305263	0.00108342098644	-0.00246782554996	-0.010558602459	-0.0140863039131
k__Bacteria;p__Firmicutes;c__Clostridia;o__Clostridiales;f__Lachnospiraceae;g__Roseburia;s__Roseburia_intestinalis	0.0214848248288	0.028560036566	-0.01471769343	-0.0354042205183	0.0586353962725	0.0186200772439	-0.0637198807059	-0.0181124236636	-0.0130470219035	-0.00829339938803	-0.0169835905355	-0.0192589907441	0.0305879119119	-0.037379998387	-0.023175737495	-0.0394912828505	-0.0433174573054	-0.0242709441417	-0.0370721996205	0.00511499224344	-0.0354306625828	-0.0329223337801	0.0355807961741	0.0457532002758	0.0126033402713	-0.026116226021	1.0	-0.057480255684	-0.0646928412506	0.0604897107536	-0.0117682501481	-0.00604654791958	0.00311036363007	-0.0255759829469	-0.0170006620783	0.00495674392275	-0.0127876675314	-0.00532813570497	-0.0031006898571	-0.0510894766626	-0.0534850416934	-0.0309736967502	-0.0191635593422	-0.0483752622985	0.003001587619	0.0359202280171	0.020829515751	0.00149988909503	-0.0161132452629	-0.0202102027535	-0.0186170673037	-0.0500181902151	-0.0140580874534	-0.0251320017752	0.0401440221753	0.00830429795238	-0.0455224180563	0.00113163021293	-0.0111470872486
k__Bacteria;p__Firmicutes;c__Clostridia;o__Clostridiales;f__Lachnospiraceae;g__Roseburia;s__Roseburia_hominis	0.013891237279	0.0106658687718	0.0328512347749	0.0489339107761	-0.0502418371893	-0.0061898933052	0.0158261620056	0.00186537205934	-0.0187752529976	-0.0359613895933	0.0421792238668	0.0253538756423	0.0214657545634	0.0156163114268	-0.0385747434461	-0.00342640905623	0.0451899626691	-0.0045776454706	-0.00193596732562	-0.00649262861238	0.0115676597291	0.021772492227	6.29669564701e-06	-0.0500785215834	0.0319733506215	0.0241542502285	-0.057480255684	1.0	-0.0136924610436	-0.00746807269257	0.04613350953	-0.0180113171029	-0.00494623027175	-0.0160618439487	-0.0275431760864	0.014784687993	0.00582574866751	0.0442998612791	-0.0430687697472	0.0102077024567	0.0122827905366	-0.0156121246744	0.0313368823628	0.00817380505073	0.0191717669871	-0.0387533536582	-0.0684392487389	0.00318757277102	0.0574402190345	-0.0682487117481	0.0159922709075	0.034798728801	0.0491282669804	-0.0164307432219	-0.0126316557019	-0.0460967752258	-0.0357920060665	-0.00283539711456	-0.0368251873506
k__Bacteria;p__Bacteroidetes;c__Bacteroidia;o__Bacteroidales;f__Porphyromonadaceae;g__Parabacteroides;s__Parabacteroides_johnsonii	0.0502023303343	-0.0750314185102	0.00563073183163	0.0187419911342	0.0314308697103	-0.0374913976134	-0.000573438999387	-0.00100626187503	0.0392244269239	-0.0462289702227	-0.0313287850719	0.0161697767795	0.00130408970245	-0.0448381112088	-0.0202039062082	0.0148126565882	-0.0127872494652	-0.0202024729869	0.0141416207972	0.0296769801125	0.0136327874252	-0.0123026813725	-0.0299205054206	-0.00704422507471	0.00612084474805	-0.00284580889321	-0.0646928412506	-0.0136924610436	1.0	0.017395094321	-0.078264582878	-0.021893337334	0.0236155390387	0.00535604063447	0.0271036065152	-0.0114107980013	0.0212990185561	-0.00126222291997	-0.0204690274699	-0.0086933545013	-0.0569068269287	-0.00723684713971	0.0560561149095	-0.0430834061314	-0.0181877090344	0.0339019980383	0.0080631229264	-0.0230325006595	-0.0313080911001	0.0284322750702	-0.0551464948897	0.0518798388752	-0.00279005685186	0.00546725643469	-0.0282474842961	-0.0373312928329	-0.0801960847768	0.0257380562238	-0.0388088392046
k__Bacteria;p__Actinobacteria;c__Actinobacteria;o__Bifidobacteriales;f__Bifidobacteriaceae;g__Bifidobacterium;s__Bifidobacterium_longum	-0.00685764791019	-0.0297410594917	0.097194694891	0.012781576227	-0.0237247093451	0.00296919686072	0.019138725381	-0.0193960095395	-0.0137971637731	-0.0259466029498	-0.00592757290727	-0.0485125939189	0.0442463961446	0.0259031051116	-0.0492039823027	-0.0113750522036	0.00583435070662	-0.00856231070853	-0.00635694896974	0.0253776597272	-0.0139941999751	-0.00878956389979	-0.0714729197669	-0.00351560770637	0.00421662776641	-0.0819717667455	0.0604897107536	-0.00746807269257	0.017395094321	1.0	-0.0513634705333	0.00600325493483	-0.0140697125048	-0.0104968064171	0.0653941103516	-0.0639698421008	-0.0135005180772	-0.00746381362574	-0.0589937522104	0.00320626492522	-0.00528716497095	0.0776510500007	0.0150281110573	-0.0277943051512	-0.0657009142076	-0.00791745108084	-0.00982922283364	0.0119233252734	-0.0726339081136	-0.0223552866678	0.0105225532865	0.0105822882961	-0.0106015801359	0.0267930048902	0.00635897503652	-0.0485437269709	0.0155747240814	0.00674134462882	3.41580947374e-05
