#taxonomy	k__Bacteria;p__Bacteroidetes;c__Bacteroidia;o__Bacteroidales;f__Bacteroidaceae;g__Bacteroides;s__Bacteroides_vulgatus	k__Bacteria;p__Bacteroidetes;c__Bacteroidia;o__Bacteroidales;f__Bacteroidaceae;g__Bacteroides;s__Bacteroides_uniformis	k__Bacteria;p__Bacteroidetes;c__Bacteroidia;o__Bacteroidales;f__Rikenellaceae;g__Alistipes;s__Alistipes_putredinis	k__Bacteria;p__Bacteroidetes;c__Bacteroidia;o__Bacteroidales;f__Prevotellaceae;g__Prevotella;s__Prevotella_copri	k__Bacteria;p__Bacteroidetes;c__Bacteroidia;o__Bacteroidales;f__Bacteroidaceae;g__Bacteroides;s__Bacteroides_stercoris	k__Bacteria;p__Bacteroidetes;c__Bacteroidia;o__Bacteroidales;f__Bacteroidaceae;g__Bacteroides;s__Bacteroides_ovatus	k__Bacteria;p__Bacteroidetes;c__Bacteroidia;o__Bacteroidales;f__Rikenellaceae;g__Alistipes;s__Alistipes_shahii	k__Bacteria;p__Firmicutes;c__Clostridia;o__Clostridiales;f__Ruminococcaceae;g__Faecalibacterium;s__Faecalibacterium_prausnitzii	k__Bacteria;p__Bacteroidetes;c__Bacteroidia;o__Bacteroidales;f__Rikenellaceae;g__Alistipes;s__Alistipes_finegoldii	k__Bacteria;p__Bacteroidetes;c__Bacteroidia;o__Bacteroidales;f__Porphyromonadaceae;g__Parabacteroides;s__Parabacteroides_distasonis	k__Bacteria;p__Bacteroidetes;c__Bacteroidia;o__Bacteroidales;f__Bacteroidaceae;g__Bacteroides;s__Bacteroides_thetaiotaomicron	k__Bacteria;p__Bacteroidetes;c__Bacteroidia;o__Bacteroidales;f__Bacteroidaceae;g__Bacteroides;s__Bacteroides_coprocola	k__Bacteria;p__Bacteroidetes;c__Bacteroidia;o__Bacteroidales;f__Bacteroidaceae;g__Bacteroides;s__Bacteroides_cellulosilyticus	k__Bacteria;p__Bacteroidetes;c__Bacteroidia;o__Bacteroidales;f__Rikenellaceae;g__Alistipes;s__Alistipes_obesi	k__Bacteria;p__Firmicutes;c__Clostridia;o__Clostridiales;f__Lachnospiraceae;g__;s__[Eubacterium]_rectale	k__Bacteria;p__Bacteroidetes;c__Bacteroidia;o__Bacteroidales;f__Bacteroidaceae;g__Bacteroides;s__Bacteroides_plebeius	k__Bacteria;p__Bacteroidetes;c__Bacteroidia;o__Bacteroidales;f__Bacteroidaceae;g__Bacteroides;s__Bacteroides_fragilis	k__Bacteria;p__Proteobacteria;c__Betaproteobacteria;o__Burkholderiales;f__Sutterellaceae;g__Sutterella;s__Sutterella_wadsworthensis	k__Bacteria;p__Bacteroidetes;c__Bacteroidia;o__Bacteroidales;f__Porphyromonadaceae;g__Barnesiella;s__Barnesiella_intestinihominis	k__Bacteria;p__Bacteroidetes;c__Bacteroidia;o__Bacteroidales;f__Odoribacteraceae;g__Odoribacter;s__Odoribacter_splanchnicus	k__Bacteria;p__Bacteroidetes;c__Bacteroidia;o__Bacteroidales;f__Bacteroidaceae;g__Bacteroides;s__Bacteroides_salyersiae	k__Bacteria;p__Firmicutes;c__Clostridia;o__Clostridiales;f__Ruminococcaceae;g__Ruminiclostridium;s__[Eubacterium]_siraeum	k__Bacteria;p__Proteobacteria;c__Betaproteobacteria;o__Burkholderiales;f__Sutterellaceae;g__Parasutterella;s__Parasutterella_excrementihominis	k__Bacteria;p__Actinobacteria;c__Actinobacteria;o__Bifidobacteriales;f__Bifidobacteriaceae;g__Bifidobacterium;s__Bifidobacterium_adolescentis	k__Bacteria;p__Firmicutes;c__Clostridia;o__Clostridiales;f__Oscillospiraceae;g__Oscillibacter;s__Oscillibacter_sp._KLE_1745	k__Bacteria;p__Bacteroidetes;c__Bacteroidia;o__Bacteroidales;f__Bacteroidaceae;g__Bacteroides;s__Bacteroides_coprophilus	k__Bacteria;p__Firmicutes;c__Clostridia;o__Clostridiales;f__Lachnospiraceae;g__Roseburia;s__Roseburia_intestinalis	k__Bacteria;p__Firmicutes;c__Clostridia;o__Clostridiales;f__Lachnospiraceae;g__Roseburia;s__Roseburia_hominis	k__Bacteria;p__Bacteroidetes;c__Bacteroidia;o__Bacteroidales;f__Porphyromonadaceae;g__Parabacteroides;s__Parabacteroides_johnsonii	k__Bacteria;p__Actinobacteria;c__Actinobacteria;o__Bifidobacteriales;f__Bifidobacteriaceae;g__Bifidobacterium;s__Bifidobacterium_longum	k__Bacteria;p__Firmicutes;c__Clostridia;o__Clostridiales;f__;g__Flavonifractor;s__Flavonifractor_plautii	k__Bacteria;p__Firmicutes;c__Clostridia;o__Clostridiales;f__Clostridiaceae;g__Clostridium;s__Clostridium_phoceensis	k__Bacteria;p__Verrucomicrobia;c__Verrucomicrobiae;o__Verrucomicrobiales;f__Akkermansiaceae;g__Akkermansia;s__Akkermansia_muciniphila	k__Bacteria;p__Bacteroidetes;c__Bacteroidia;o__Bacteroidales;f__Prevotellaceae;g__Paraprevotella;s__Paraprevotella_xylaniphila	k__Bacteria;p__Firmicutes;c__Clostridia;o__Clostridiales;f__Ruminococcaceae;g__Ruminococcus;s__Ruminococcus_callidus	k__Bacteria;p__Bacteroidetes;c__Bacteroidia;o__Bacteroidales;f__Rikenellaceae;g__Alistipes;s__Alistipes_senegalensis	k__Bacteria;p__Firmicutes;c__Clostridia;o__Clostridiales;f__Lachnospiraceae;g__Blautia;s__Blautia_sp._KLE_1732	k__Bacteria;p__Bacteroidetes;c__Bacteroidia;o__Bacteroidales;f__Bacteroidaceae;g__Bacteroides;s__Bacteroides_oleiciplenus	k__Bacteria;p__Firmicutes;c__Clostridia;o__Clostridiales;f__Ruminococcaceae;g__Ruminococcus;s__Ruminococcus_bicirculans	k__Bacteria;p__Bacteroidetes;c__Bacteroidia;o__Bacteroidales;f__Bacteroidaceae;g__Bacteroides;s__Bacteroides_fluxus	k__Bacteria;p__Bacteroidetes;c__Bacteroidia;o__Bacteroidales;f__Prevotellaceae;g__Prevotella;s__Prevotella_stercorea	k__Bacteria;p__Firmicutes;c__Clostridia;o__Clostridiales;f__Lachnospiraceae;g__Dorea;s__Dorea_longicatena	k__Bacteria;p__Firmicutes;c__Clostridia;o__Clostridiales;f__Eubacteriaceae;g__Eubacterium;s__[Eubacterium]_eligens	k__Bacteria;p__Firmicutes;c__Clostridia;o__Clostridiales;f__Ruminococcaceae;g__;s__Ruminococcaceae_bacterium_D16	k__Bacteria;p__Firmicutes;c__Clostridia;o__Clostridiales;f__Lachnospiraceae;g__Coprococcus;s__Coprococcus_comes	k__Bacteria;p__Proteobacteria;c__Gammaproteobacteria;o__Enterobacterales;f__Enterobacteriaceae;g__Escherichia;s__Escherichia_coli	k__Bacteria;p__Firmicutes;c__Clostridia;o__Clostridiales;f__Ruminococcaceae;g__Anaerotruncus;s__Anaerotruncus_colihominis	k__Bacteria;p__Firmicutes;c__Clostridia;o__Clostridiales;f__Lachnospiraceae;g__Blautia;s__Blautia_obeum	k__Bacteria;p__Bacteroidetes;c__Bacteroidia;o__Bacteroidales;f__Odoribacteraceae;g__Odoribacter;s__Odoribacter_laneus	k__Bacteria;p__Firmicutes;c__Clostridia;o__Clostridiales;f__Ruminococcaceae;g__Ruminiclostridium;s__[Clostridium]_leptum	k__Bacteria;p__Bacteroidetes;c__Bacteroidia;o__Bacteroidales;f__Porphyromonadaceae;g__Parabacteroides;s__Parabacteroides_goldsteinii	k__Bacteria;p__Firmicutes;c__Clostridia;o__Clostridiales;f__Lachnospiraceae;g__Anaerostipes;s__Anaerostipes_hadrus	k__Bacteria;p__Firmicutes;c__Clostridia;o__Clostridiales;f__Ruminococcaceae;g__Ruminococcus;s__Ruminococcus_lactaris	k__Bacteria;p__Firmicutes;c__Clostridia;o__Clostridiales;f__Clostridiaceae;g__Clostridium;s__Clostridium_sp._L2-50	k__Bacteria;p__Firmicutes;c__Clostridia;o__Clostridiales;f__Clostridiaceae;g__Clostridium;s__Clostridium_sp._M62/1	k__Bacteria;p__Firmicutes;c__Clostridia;o__Clostridiales;f__;g__Intestinimonas;s__Intestinimonas_butyriciproducens	k__Bacteria;p__Actinobacteria;c__Actinobacteria;o__Bifidobacteriales;f__Bifidobacteriaceae;g__Bifidobacterium;s__Bifidobacterium_bifidum	k__Bacteria;p__Firmicutes;c__Negativicutes;o__Veillonellales;f__Veillonellaceae;g__Dialister;s__Dialister_invisus	k__Bacteria;p__Bacteroidetes;c__Bacteroidia;o__Bacteroidales;f__Bacteroidaceae;g__Bacteroides;s__Bacteroides_salanitronis
k__Bacteria;p__Bacteroidetes;c__Bacteroidia;o__Bacteroidales;f__Bacteroidaceae;g__Bacteroides;s__Bacteroides_vulgatus	1.0	-0.0181220198881	-0.0310293292851	0.0244740031144	-0.00133800111661	-0.0154799739384	0.0108265975295	-0.0345038692968	0.038649984694	0.00199793444163	0.0228932256609	0.0222845388746	-0.0317915162997	0.0131477281417	0.0157634164782	-0.0181235150855	0.0110932553463	-0.0456380257097	0.0209462767535	0.0199174292667	0.00219385609666	-0.021124001093	-0.04619644697	-0.047907425896	-0.0694961263736	0.0895983074265	-0.0292570134209	-0.0342864329872	0.00651964454797	0.041863300137	-0.0338139425402	0.0352157847887	0.0539256266819	0.0148754574785	0.0231505603398	-0.0285627529961	0.0159227365549	-0.00437007952637	-0.0419582194264	-0.00583080869384	-0.031498194743	-0.0335375074091	-0.0201992763379	-0.0863251029827	-0.0045799771688	-0.00980121682769	-0.0297930867595	0.0598057249632	0.0106121755934	-0.0171387497371	0.0509816983852	0.0171530383019	0.0280356998739	0.0688493528521	-0.0213783758304	0.0091259724835	-0.0249911785096	0.0288865847922	0.00397767317183
k__Bacteria;p__Bacteroidetes;c__Bacteroidia;o__Bacteroidales;f__Bacteroidaceae;g__Bacteroides;s__Bacteroides_uniformis	-0.0181220198881	1.0	-0.0560837626846	0.0048003128983	0.0554638657665	-0.00105812039	0.00840536557298	0.00957556055241	0.0322703239577	-0.0242746256448	-0.0222269789227	-0.0319872581354	-0.0171839451836	0.043506656062	-0.0615724580229	0.0179404211533	-0.00334382835261	0.00851414667836	0.0373381666541	-0.0290777009158	-0.029194360721	-0.036907863334	0.00885249297663	0.0115262194033	0.00185146353295	-0.0250760843523	0.0146199001937	0.00483004011281	-0.0667230055001	-0.0426859653621	0.0461194525598	-0.0296332154828	0.0157758935165	-0.0466404297718	0.0189518380623	-0.0483789712712	-0.0297315850053	0.0235325707438	-0.0119884514608	0.0325897749214	-0.00672344529908	-0.00368542708845	-0.00961366572024	0.0056470360096	-0.0113376424078	-0.0488359372665	0.0279457582283	-0.0274015534458	0.040612178087	0.0420886704363	-0.00983804479393	0.0192871250742	-0.0244258822823	-0.0240336111973	-0.035019027308	0.0138515274986	0.0353065485375	0.032066405191	-0.0708135054289
k__Bacteria;p__Bacteroidetes;c__Bacteroidia;o__Bacteroidales;f__Rikenellaceae;g__Alistipes;s__Alistipes_putredinis	-0.0310293292851	-0.0560837626846	1.0	-0.00237648629502	-0.0737280003724	0.0027504927376	0.0174794416029	-0.0309074896211	-0.0248137551201	0.0211426924153	-0.0158987154659	-0.00531391611352	-0.032690382469	-0.045253087825	0.00224975626907	0.0188391094785	0.0609294704669	-0.0369338181517	0.0543986746457	-0.0118154853166	0.00413912319692	0.0198043734866	-0.00140702840803	-0.013573789381	0.0157366494638	0.0156389899173	0.00524202519784	-0.0379171732998	0.00350388657644	0.0199701098816	0.00997448448801	0.0387305955066	-0.0750958732646	-0.0269752294777	0.0109915390477	0.0159669920389	-0.0630554331826	-0.0119273251811	0.0209782292594	0.0256809858784	-0.0119178386775	0.0144204924524	-0.00612661566043	0.0552222874304	-0.0370353860431	0.0276467993145	-0.0217114498722	-0.00267080631871	0.0350306090336	-0.0262519319765	-0.0144710934136	-0.0705523906039	0.0490823458318	-0.0215801317414	-0.0240199045706	0.0562958625939	0.0564580252224	0.00844486719371	-0.0451331732579
k__Bacteria;p__Bacteroidetes;c__Bacteroidia;o__Bacteroidales;f__Prevotellaceae;g__Prevotella;s__Prevotella_copri	0.0244740031144	0.0048003128983	-0.00237648629502	1.0	0.0133473473686	0.0086712594179	0.0168913158977	-0.0053289124192	0.0242080116723	-0.0109932221103	-0.0146507987065	0.0284699312566	0.0029640857233	0.00113075446067	-0.0390072905573	-0.00992293955216	-0.0546096987255	-0.029254676544	0.0394696583995	0.00669632606088	-0.0427536471836	-0.0115772122354	-0.0227084838707	-0.0143663629967	0.0192765426203	-0.00691446417488	-0.0262871874964	0.00296410177826	-0.0619744743291	0.0285578522566	0.0037877116037	-0.0206510800462	0.0593171474695	-0.0706943072374	0.0153061204604	0.0335353945766	-0.0212304237959	-0.0334207431304	-0.0126072068133	-0.0251188965922	-0.0362050406649	0.0494253947657	-0.0353906180207	-0.0142180383011	0.00340321596376	0.0326218309789	-0.068813161741	-0.0146039296895	-0.0142859291014	0.0448365240093	-0.0387459278679	0.0238270479212	-0.0500306951716	0.0152805562432	-0.0187643052773	-0.0519062781435	0.0489811330981	-0.0287141448722	0.0391622693098
k__Bacteria;p__Bacteroidetes;c__Bacteroidia;o__Bacteroidales;f__Bacteroidaceae;g__Bacteroides;s__Bacteroides_stercoris	-0.00133800111661	0.0554638657665	-0.0737280003724	0.0133473473686	1.0	0.0409666227277	-0.0118978261642	0.0426320272614	-0.019250069463	-0.0224061541321	-0.00530975698149	0.0733323977789	0.0447806201655	0.00452257951448	-0.0282284023514	-0.010742231634	-0.0432731317206	0.0719356359088	0.00763231147729	-0.00674866657942	0.0242467121417	-0.00899168621309	0.00166669783407	-0.0412854831176	0.0856513682944	-0.00253338261187	0.0403757921874	-0.0100250196093	0.0108215789299	-0.0322214758896	0.00291093578465	0.0060430484342	-0.0228091221722	-0.0374606501311	-0.0117846418284	-0.0531467512147	-0.044506449731	-0.0517993878754	-0.0562078741455	-0.051413768941	-0.00948762718716	-0.0426214151017	-0.0253931956856	-0.0149054662286	0.0104092420512	-0.040393024531	-0.0311031273458	-0.00372633948094	-0.0198516853104	0.0669224609111	-0.0830092739413	-0.018917576987	-0.0681594534588	-0.05926009256	0.0168188386751	-0.0755298355422	-0.0181797769301	0.000284107432984	-0.0353180084834
k__Bacteria;p__Bacteroidetes;c__Bacteroidia;o__Bacteroidales;f__Bacteroidaceae;g__Bacteroides;s__Bacteroides_ovatus	-0.0154799739384	-0.00105812039	0.0027504927376	0.0086712594179	0.0409666227277	1.0	0.0288774288318	0.00834067143984	0.0603728231517	-0.00626384435826	0.0416651278756	-0.0282802925501	0.0155668277973	-0.03079495996	-0.0157169769206	-0.0705917564491	0.0212540950734	-0.048013014802	0.0441880735459	-0.0396844198798	-0.0581422819939	-0.0641278179004	0.00324621723046	0.0755083710967	0.00596298185569	-0.00167526870771	-0.00510109912789	-0.0658245254966	0.0374274269156	0.000409915993879	0.0020443011227	-0.037966564047	0.025319515891	0.0395767775674	-0.0145038636325	-0.0182116859537	0.0253225598262	-0.0141433275969	0.0389799364593	-0.0981684994703	-0.0363861654191	-0.0263135230182	-0.0262071033173	0.00525118765289	-0.0184366852161	-0.039053840439	-0.0406608354586	0.0183979355157	0.0133151912236	-0.0860692782321	-0.0254968904664	-0.0277287234279	0.00901334689176	0.0777059017596	-0.0248429525033	-0.0217638887534	0.00759617501798	-0.000144810207613	0.0281744074169
k__Bacteria;p__Bacteroidetes;c__Bacteroidia;o__Bacteroidales;f__Rikenellaceae;g__Alistipes;s__Alistipes_shahii	0.0108265975295	0.00840536557298	0.0174794416029	0.0168913158977	-0.0118978261642	0.0288774288318	1.0	-0.00756731941697	0.013437688751	0.00432875288005	0.0462507574728	0.0270743035011	0.0291246150181	-0.0269002312626	0.0115311122786	-0.0661134209111	0.0232992457743	-0.0370437354301	0.0311196583907	-0.0155816940006	-0.0381573113552	0.0101588558097	-0.0284840943388	0.00971779766008	-0.0337740864444	-0.00456940075953	0.00897198308862	-0.0653865938352	-0.0342086705463	-0.0174849132943	0.0108536848786	-0.0579952047525	-0.0202390914144	-0.0138604260228	0.0127644511015	-0.0600775717627	0.020590064796	-0.0489980167683	0.0619854024483	-0.00456882723755	-0.0336282662349	-0.0554881763022	-0.0366228660272	-0.0324593622873	0.0391417896474	0.0320494758791	-0.0430758939051	-0.024781681999	-0.00367500401217	-0.0286044297891	-0.00690952830357	0.0285232173846	-0.0191489669499	0.0153840809219	0.00905744556064	0.017037517378	0.0323731457777	0.00308126178699	0.0011413453426
k__Bacteria;p__Firmicutes;c__Clostridia;o__Clostridiales;f__Ruminococcaceae;g__Faecalibacterium;s__Faecalibacterium_prausnitzii	-0.0345038692968	0.00957556055241	-0.0309074896211	-0.0053289124192	0.0426320272614	0.00834067143984	-0.00756731941697	1.0	-0.082744500156	0.0597598214234	0.0247944470753	-0.037454624317	-0.0457579455023	-0.0345092636872	0.00357704447564	0.0225838468039	0.0636199287771	-0.00865822362159	-0.0430030513116	-0.0250474459489	-0.022555266285	0.0956099895162	-0.00428719112838	-0.0118003851446	0.0183783890078	-0.0340823594294	-0.03921571924	-0.0426255796031	-0.0244585299211	0.00397199493142	0.0145185138037	0.0357357757379	0.0274128161189	-0.0296596687728	-0.00650009766164	-0.0560022429264	-0.0314712147456	-0.0338907274556	-0.0124006566628	-0.0832562698408	-0.0529703383838	-0.0166760747957	-0.0214458757612	-0.0547901811249	0.0442297124353	-0.027342650624	-0.0194113128138	-0.0393832804281	-0.0219255538386	-0.0598593927507	-0.00506517589556	-0.00876009015731	0.0223004469149	0.00964670742499	-0.0066542380077	-0.0136434450316	0.025819103518	-0.050578066217	0.0250815517471
k__Bacteria;p__Bacteroidetes;c__Bacteroidia;o__Bacteroidales;f__Rikenellaceae;g__Alistipes;s__Alistipes_finegoldii	0.038649984694	0.0322703239577	-0.0248137551201	0.0242080116723	-0.019250069463	0.0603728231517	0.013437688751	-0.082744500156	1.0	-0.0218401551951	-0.0159777286876	0.0541597715433	0.0136967062092	0.00816019658626	-0.0256311834994	0.00789260676184	0.00803302187481	0.00397726061835	-0.00428094992894	-0.0222437451913	0.00648897466494	-0.0053890390168	-0.0348989332033	-0.0411828727935	-0.0253212492767	0.031511539919	-0.012587704417	-0.0222852213196	0.00625229934415	0.0621673657568	0.0576816281114	-0.0289236748795	-0.0201278312483	-0.0117226421812	-0.0362296498658	-0.0203368616949	-0.0461515663646	0.00478378903269	-0.0140166425691	-0.0264479048125	-0.0388285508557	-0.0254715521477	-0.08362071429	0.0378446856652	-0.0384691600267	0.0312195673756	-0.0450739590367	0.026856871185	0.0287942151095	-0.00357858815254	0.00542784674048	0.023614085419	-0.0426606772694	0.0563831681168	-0.0214971481125	-0.0185823627277	-0.040668505102	0.0508526253058	-0.0336037581014
k__Bacteria;p__Bacteroidetes;c__Bacteroidia;o__Bacteroidales;f__Porphyromonadaceae;g__Parabacteroides;s__Parabacteroides_distasonis	0.00199793444163	-0.0242746256448	0.0211426924153	-0.0109932221103	-0.0224061541321	-0.00626384435826	0.00432875288005	0.0597598214234	-0.0218401551951	1.0	-0.0242947446736	-0.0155599599412	0.0379354279713	0.0122948938107	0.0329586939169	0.00744902755682	-0.0128551991925	0.0490329298158	0.0817642056752	-0.0132815670967	-0.0440009324389	-0.0655573145989	-0.00103307333137	-0.0269743779688	0.0328946344293	-0.0337394554849	-0.00832810681806	0.0717140477386	-0.00466904741327	-0.0196684522013	-0.0253604112922	-0.0044347010371	-0.0424855528851	-0.0137379186632	-0.00122175059352	-0.00362364731398	0.0160546188502	0.0376875085837	0.0760056692359	-0.0190058109584	0.00971957450418	-0.0358493634935	-0.0133967004827	-0.0510512813886	-0.00358486639964	-0.0807810233322	-0.0194110892029	-0.00834171669002	0.0117533698248	-5.1098077108e-05	-0.0627022414947	0.00213579547015	-0.0790438154085	-0.0383157450629	0.0151101469818	-0.0463311164684	-0.0777882281713	0.0293424435587	-0.0584234915262
k__Bacteria;p__Bacteroidetes;c__Bacteroidia;o__Bacteroidales;f__Bacteroidaceae;g__Bacteroides;s__Bacteroides_thetaiotaomicron	0.0228932256609	-0.0222269789227	-0.0158987154659	-0.0146507987065	-0.00530975698149	0.0416651278756	0.0462507574728	0.0247944470753	-0.0159777286876	-0.0242947446736	1.0	-0.0322023765322	-0.0073724278126	0.0582216169916	-0.0276121865728	-0.0121443252479	0.0587430503184	-0.0423165491585	-0.0347589392947	0.0210911349435	-0.0739005195267	0.0107227095709	-0.0581922057064	0.0202867718774	-0.00482479301224	0.0170290992238	-0.092781751556	0.0384108816973	0.0194983273284	0.0309224011292	-0.0386999499939	0.00394308160855	0.0279116541015	0.00295899730562	0.0410051127248	0.0201927386746	-0.0320141728416	-0.0208053681643	-0.0303763164592	-0.0806090722034	-0.0723813706836	0.0644379018587	-0.0161927006282	-0.0373354684226	-0.02122926046	-0.0764688701929	0.0102274848746	-0.00012478089091	-0.00992284121752	0.0504209795447	-0.0708580596618	0.0139988377556	-0.0133627311768	-0.0357605518235	0.0151829073125	0.0338285370382	-0.0411221790964	-0.0421555287215	0.0454661826201
k__Bacteria;p__Bacteroidetes;c__Bacteroidia;o__Bacteroidales;f__Bacteroidaceae;g__Bacteroides;s__Bacteroides_coprocola	0.0222845388746	-0.0319872581354	-0.00531391611352	0.0284699312566	0.0733323977789	-0.0282802925501	0.0270743035011	-0.037454624317	0.0541597715433	-0.0155599599412	-0.0322023765322	1.0	-0.0382656282537	0.00187812122391	-0.04403990103	-0.00855971212325	-0.0640086429896	-0.034609311323	0.000238199859987	-0.0260880063755	-0.0214953355666	-0.019689959806	0.0104413949365	0.0233047672204	-0.039834332956	0.000641232339386	-0.0356914778021	-0.0192493606857	-0.0747919631662	-0.055182814375	-0.0464336173437	0.026110625906	0.0498817461758	0.0378520931734	0.0467032134844	-0.00925488287676	-0.0476525422777	-0.0117416628262	0.016629140124	0.041638435672	0.0903769449663	0.0648154508858	0.00670433200423	-0.0154940985905	-0.0490055356894	-0.0138494154565	0.0349515281455	0.0558756329635	0.0511018949484	0.00518660843099	0.00199233328131	0.011489179403	-0.0323977649947	0.00885075534094	-0.00773933159524	-0.0201849046527	-0.0156380184965	-0.0287909342702	-0.0310684761093
k__Bacteria;p__Bacteroidetes;c__Bacteroidia;o__Bacteroidales;f__Bacteroidaceae;g__Bacteroides;s__Bacteroides_cellulosilyticus	-0.0317915162997	-0.0171839451836	-0.032690382469	0.0029640857233	0.0447806201655	0.0155668277973	0.0291246150181	-0.0457579455023	0.0136967062092	0.0379354279713	-0.0073724278126	-0.0382656282537	1.0	-0.0373349652291	-0.04395050684	0.0193230377	0.0265259871933	-0.030671844319	-0.0125289461188	-0.00272136776386	0.0114199571474	-0.00650421821682	-0.0569994571518	0.0133870168098	-0.0836289050634	0.0108064943332	-0.0384636279058	-0.00832909576715	-0.0161480658708	0.00822223022016	-0.00938074761182	-0.015946950236	-0.025724411046	-0.0597494044194	-0.00423293854016	-0.0196308004565	-0.0315534255692	0.0109216815027	-0.0112298340063	0.0266096550118	0.00999289943311	0.0131294992665	0.016625030949	-0.0364130338902	0.00174385201727	-0.0104734862619	0.00227342331139	0.00924448152843	-0.0346837495198	0.0647285028419	0.0141912305189	-0.0212537868424	-0.00205132480772	0.0152063028643	0.0256288974031	0.0411945515432	-0.0484998827263	0.0346614442409	-0.0214602673699
k__Bacteria;p__Bacteroidetes;c__Bacteroidia;o__Bacteroidales;f__Rikenellaceae;g__Alistipes;s__Alistipes_obesi	0.0131477281417	0.043506656062	-0.045253087825	0.00113075446067	0.00452257951448	-0.03079495996	-0.0269002312626	-0.0345092636872	0.00816019658626	0.0122948938107	0.0582216169916	0.00187812122391	-0.0373349652291	1.0	0.0426788438359	-0.00981566762069	-0.0750375616832	-0.0345465468058	-0.000497400040988	0.0356281740069	-0.00267174703388	-0.0752994519787	0.00827420008499	-0.0168012339618	-0.0267565973669	-0.000160235163692	0.0313805347932	-0.0633843014484	0.0310193796099	-0.0072174933103	0.00832298054157	-0.0132404138444	-0.0145778279748	-0.00189470243059	0.0195917006387	-0.0220438022265	-0.0114863981429	0.0164614530922	-0.036766064855	-0.035412834993	0.0434906680126	0.00861839601468	0.00844960033313	0.0629969561527	-0.0280090332503	0.0454116731136	-0.0310662823346	-0.0244232010058	-0.028210554588	-0.0345668893555	-0.00575571799145	0.00913025959951	0.00513679733945	-0.0167334482802	-0.0107006780823	-0.00926793030416	-0.00324648249962	-0.0177341418753	0.0384283218345
k__Bacteria;p__Firmicutes;c__Clostridia;o__Clostridiales;f__Lachnospiraceae;g__;s__[Eubacterium]_rectale	0.0157634164782	-0.0615724580229	0.00224975626907	-0.0390072905573	-0.0282284023514	-0.0157169769206	0.0115311122786	0.00357704447564	-0.0256311834994	0.0329586939169	-0.0276121865728	-0.04403990103	-0.04395050684	0.0426788438359	1.0	0.0174605860672	-0.050647279089	0.0072681046267	-0.044000322205	-0.0536643317487	0.0147119376283	0.00267745784376	-0.0519297683496	-0.00519898751584	0.0124624730728	0.000506488465661	-0.0665417795358	-0.0388133045649	-0.0481085189454	-0.062943797897	0.0107204665326	0.0273887192493	0.0190082207721	0.0143161682457	0.0109393652678	0.039349976827	0.0566469200131	-0.0411313430423	0.0299361487737	-0.0703252574157	0.0498559093033	-0.0453906161137	-0.0133815999612	0.0259643732275	-0.0162288984916	-0.0370778126875	-0.0655541771506	-0.00323040567908	-0.00579555463962	-0.00636811656225	0.0269326994985	-0.0458321183494	0.0334597182457	0.012962832623	0.00412481174883	-0.0156173151337	0.0128184512427	0.0358397596227	0.0469436432135
k__Bacteria;p__Bacteroidetes;c__Bacteroidia;o__Bacteroidales;f__Bacteroidaceae;g__Bacteroides;s__Bacteroides_plebeius	-0.0181235150855	0.0179404211533	0.0188391094785	-0.00992293955216	-0.010742231634	-0.0705917564491	-0.0661134209111	0.0225838468039	0.00789260676184	0.00744902755682	-0.0121443252479	-0.00855971212325	0.0193230377	-0.00981566762069	0.0174605860672	1.0	-0.03593619852	-0.0488421281132	-0.0511608884229	0.0107186911605	0.0465547531665	-0.0354487473903	-0.0138281988563	0.00751177254278	-0.0653167528472	-0.00912342090611	-0.0409962550919	-0.0689648793629	-0.021362016267	-0.0547946274878	-0.00856575082471	-0.00577896526715	-0.0258817237172	-0.0586467946972	-0.00578110402224	-0.00357018817701	-0.025565144683	0.0133775035395	-0.0110793744105	0.0329156007497	0.00456352342403	0.00330522816907	-0.0552419243671	-0.0347731651133	0.00772755581738	-0.0254024387886	-0.000633028836023	-0.00864330782038	0.0330146892425	-0.0737082950384	-0.0363624121099	0.0355460053999	0.0206045946365	0.0109128072427	0.0775177719808	0.0306269747494	-0.0263424246411	-0.0311139077606	0.0197742922126
k__Bacteria;p__Bacteroidetes;c__Bacteroidia;o__Bacteroidales;f__Bacteroidaceae;g__Bacteroides;s__Bacteroides_fragilis	0.0110932553463	-0.00334382835261	0.0609294704669	-0.0546096987255	-0.0432731317206	0.0212540950734	0.0232992457743	0.0636199287771	0.00803302187481	-0.0128551991925	0.0587430503184	-0.0640086429896	0.0265259871933	-0.0750375616832	-0.050647279089	-0.03593619852	1.0	0.0246482256355	0.0624958501261	-0.0581494573615	0.022177133641	0.0465203982054	0.0145654709348	-0.00486349689967	-0.0310866582646	-0.0769030641063	0.0345806977297	-0.0173026404577	-0.0509984447802	0.0351976110318	0.0296704355459	0.0178735846669	-0.0418260118009	0.0537187939496	-0.0347720386002	0.00333384289239	-0.084143099205	0.0144718426097	-0.0248816657048	-0.00759784788476	0.0590712031672	-0.0295885384223	-0.0732521065926	0.0204541555326	-0.00348111143172	-0.0244676412017	-0.0305718716323	0.0230863396604	0.00308107666277	-0.0122844224026	-0.0201648827203	0.0027304768628	-0.0013076347411	-0.0417197589646	-0.0335136690642	0.0476048084202	-0.0968203995898	-0.0519808347143	0.0921669377092
k__Bacteria;p__Proteobacteria;c__Betaproteobacteria;o__Burkholderiales;f__Sutterellaceae;g__Sutterella;s__Sutterella_wadsworthensis	-0.0456380257097	0.00851414667836	-0.0369338181517	-0.029254676544	0.0719356359088	-0.048013014802	-0.0370437354301	-0.00865822362159	0.00397726061835	0.0490329298158	-0.0423165491585	-0.034609311323	-0.030671844319	-0.0345465468058	0.0072681046267	-0.0488421281132	0.0246482256355	1.0	-0.0222064624187	0.0321132397536	-0.0113168720856	0.0312027439915	0.0237908172147	0.0087595019355	-0.0338579050503	0.0206483091918	-0.0118286625625	-0.0392412465302	-0.0315381269979	0.00534870827331	0.0163700324115	0.013767163742	-0.0253343357338	-0.00287121272356	0.000694681905418	0.0202144059185	-0.0374518985072	-0.0344358908623	0.00603235705488	0.016151578008	-0.0630544115053	-0.00415922226221	0.000761093794765	-0.0594287970946	-0.0266748012788	0.0151599426149	0.007660200223	-0.012519838605	-0.0142906008265	0.00366936052882	0.0374500110286	-0.00540288413163	6.27007616641e-05	-0.0207090956434	0.0143400115215	-0.0850740564766	0.0273493380294	0.0153924794823	0.0528540731608
k__Bacteria;p__Bacteroidetes;c__Bacteroidia;o__Bacteroidales;f__Porphyromonadaceae;g__Barnesiella;s__Barnesiella_intestinihominis	0.0209462767535	0.0373381666541	0.0543986746457	0.0394696583995	0.00763231147729	0.0441880735459	0.0311196583907	-0.0430030513116	-0.00428094992894	0.0817642056752	-0.0347589392947	0.000238199859987	-0.0125289461188	-0.000497400040988	-0.044000322205	-0.0511608884229	0.0624958501261	-0.0222064624187	1.0	7.99638643721e-06	-0.00637686949195	-0.0612823460666	0.0244117240811	0.0125954967394	0.0193412820711	-0.00150875884269	0.0153642936408	0.00797638535077	-0.0303305032795	-0.0116312111509	-0.0294351656264	-0.0421410760825	0.0481549820639	-0.0511412297077	-0.0454810376757	0.0116369836167	-0.0422375034367	-0.0272378144459	-0.0122351295339	-0.0314203682144	0.0330717076001	-0.0541488797122	-0.0191147393994	0.0158877686599	-0.0087680794313	0.0413153920673	-0.00476908804992	-0.0104783705093	-0.0365692139111	0.00753281054277	-0.0274636090507	-0.00107919739196	0.00610929864724	-0.0444041061944	-0.0484942803833	0.00758570757424	-0.0217369382711	-0.036373699253	-0.0367515866505
k__Bacteria;p__Bacteroidetes;c__Bacteroidia;o__Bacteroidales;f__Odoribacteraceae;g__Odoribacter;s__Odoribacter_splanchnicus	0.0199174292667	-0.0290777009158	-0.0118154853166	0.00669632606088	-0.00674866657942	-0.0396844198798	-0.0155816940006	-0.0250474459489	-0.0222437451913	-0.0132815670967	0.0210911349435	-0.0260880063755	-0.00272136776386	0.0356281740069	-0.0536643317487	0.0107186911605	-0.0581494573615	0.0321132397536	7.99638643721e-06	1.0	0.0386808813088	0.0102536055688	0.0117000855165	0.0578491937118	0.0217421920334	0.00871337579745	-0.00429962089943	0.0379420102664	-0.0121500229773	-0.0466254475454	-0.0395150345892	-0.0682361352511	-0.0134832487532	-0.00218299080705	-0.0352153566822	0.00577565698844	0.0273675392379	-0.038794662343	-0.0104366665733	-0.0167173418631	-0.0108282328019	0.0221823597051	-0.00180327192638	0.0464637125525	0.00304508272599	-0.0411101339918	-0.00923329558264	-0.0486752972308	-0.00652667967405	-0.0244443591328	-0.0397890956602	0.0129446696589	0.0106630779372	0.0239258689209	0.0328290330638	0.00556031258104	-0.0445671440689	-0.00808980212814	0.00988492161442
k__Bacteria;p__Bacteroidetes;c__Bacteroidia;o__Bacteroidales;f__Bacteroidaceae;g__Bacteroides;s__Bacteroides_salyersiae	0.00219385609666	-0.029194360721	0.00413912319692	-0.0427536471836	0.0242467121417	-0.0581422819939	-0.0381573113552	-0.022555266285	0.00648897466494	-0.0440009324389	-0.0739005195267	-0.0214953355666	0.0114199571474	-0.00267174703388	0.0147119376283	0.0465547531665	0.022177133641	-0.0113168720856	-0.00637686949195	0.0386808813088	1.0	-0.0438948387573	0.0624155748298	0.0260777335901	-0.017226514584	-0.032291479678	-0.00817019171036	0.0124359402884	-0.0423167593948	0.0387055813927	0.00257754349316	-0.021144570086	-0.056737424914	0.00917320001925	-0.0366560098695	0.042811258434	0.0204844787042	-0.0242089076642	-0.0339272316149	-0.0491401807759	-0.0104051362215	0.0169856125906	-0.0131759076544	0.0288595134815	-0.0511551602084	-0.050425346418	0.0503281369866	-0.0227267760976	-0.00584150705261	0.045667826689	0.0312243817018	0.0631098683688	-0.0133739264452	-0.0203987948764	0.0263666785164	-0.0248538704997	0.0317807007699	0.00748507286211	0.0289500460272
k__Bacteria;p__Firmicutes;c__Clostridia;o__Clostridiales;f__Ruminococcaceae;g__Ruminiclostridium;s__[Eubacterium]_siraeum	-0.021124001093	-0.036907863334	0.0198043734866	-0.0115772122354	-0.00899168621309	-0.0641278179004	0.0101588558097	0.0956099895162	-0.0053890390168	-0.0655573145989	0.0107227095709	-0.019689959806	-0.00650421821682	-0.0752994519787	0.00267745784376	-0.0354487473903	0.0465203982054	0.0312027439915	-0.0612823460666	0.0102536055688	-0.0438948387573	1.0	-0.0313161701779	-0.0204886784043	-0.0604495474244	0.0105950467115	-0.0694282845927	0.0215189191322	0.00424864024361	-0.0259187988678	-0.0373807836206	0.0335477890047	0.0199310154399	-0.0433430233051	0.0251607423118	-0.0613317632797	-0.0382359342736	0.0235055346815	-0.0167466766171	-0.0182570466592	0.00215720793901	-0.0123919658884	-0.0170223879387	-0.0299320908604	-0.0305732358131	-0.0150768625573	0.0407160822277	-0.0171206818243	-0.0262723220853	0.00526954371004	-0.0296817319036	-0.0549831003163	-0.0111370487923	0.0488237088267	-0.0236741874777	0.023360221342	-0.032746429876	0.0139295643583	-0.0830748099197
k__Bacteria;p__Proteobacteria;c__Betaproteobacteria;o__Burkholderiales;f__Sutterellaceae;g__Parasutterella;s__Parasutterella_excrementihominis	-0.04619644697	0.00885249297663	-0.00140702840803	-0.0227084838707	0.00166669783407	0.00324621723046	-0.0284840943388	-0.00428719112838	-0.0348989332033	-0.00103307333137	-0.0581922057064	0.0104413949365	-0.0569994571518	0.00827420008499	-0.0519297683496	-0.0138281988563	0.0145654709348	0.0237908172147	0.0244117240811	0.0117000855165	0.0624155748298	-0.0313161701779	1.0	-0.0464139949218	0.0237784918688	0.0248507298841	-0.0336057300548	0.0248802161912	0.0417626503431	0.0371438312204	-0.0390497403583	0.0263324363106	-0.0665578817129	0.00114221805939	0.0122533731903	0.00697232584885	-0.0181067571321	-0.00630396949248	-0.0175524346826	0.0226554133573	0.0352940846744	-0.0564185609307	-0.0243220119151	-0.0384611426565	0.013386899061	-0.0400768323186	-0.0314174436228	-0.037519385226	-0.0337727272581	-0.00920240402771	-0.00592823431501	-0.0063570253988	-0.0812015429455	-0.0272055736369	-0.0562859835368	-0.0196509552137	-0.0252145838814	0.0208391790767	-0.108773717835
k__Bacteria;p__Actinobacteria;c__Actinobacteria;o__Bifidobacteriales;f__Bifidobacteriaceae;g__Bifidobacterium;s__Bifidobacterium_adolescentis	-0.047907425896	0.0115262194033	-0.013573789381	-0.0143663629967	-0.0412854831176	0.0755083710967	0.00971779766008	-0.0118003851446	-0.0411828727935	-0.0269743779688	0.0202867718774	0.0233047672204	0.0133870168098	-0.0168012339618	-0.00519898751584	0.00751177254278	-0.00486349689967	0.0087595019355	0.0125954967394	0.0578491937118	0.0260777335901	-0.0204886784043	-0.0464139949218	1.0	-0.00384102211218	0.0284174482426	-0.0143781584451	-0.00729968338784	0.0238909441154	-0.0519859468273	0.00540347156638	-0.056640368343	0.0136847460773	0.038096101032	0.0426166619908	-0.0370097165343	-0.0192616513737	-0.0247610881438	0.0415146346777	0.0432470718977	-0.0275370909593	-0.0168049370161	0.00700824545259	-0.00057998427925	0.0413602560588	-0.0338956475117	-0.0814488774522	0.00733241045658	-0.0705010304594	0.0207223760163	-0.0170765967817	-0.0267065034409	0.0595069557759	0.0160793358204	0.045515757711	-0.00670537469935	-0.0231745484925	-0.0330423017972	-0.0393386400995
k__Bacteria;p__Firmicutes;c__Clostridia;o__Clostridiales;f__Oscillospiraceae;g__Oscillibacter;s__Oscillibacter_sp._KLE_1745	-0.0694961263736	0.00185146353295	0.0157366494638	0.0192765426203	0.0856513682944	0.00596298185569	-0.0337740864444	0.0183783890078	-0.0253212492767	0.0328946344293	-0.00482479301224	-0.039834332956	-0.0836289050634	-0.0267565973669	0.0124624730728	-0.0653167528472	-0.0310866582646	-0.0338579050503	0.0193412820711	0.0217421920334	-0.017226514584	-0.0604495474244	0.0237784918688	-0.00384102211218	1.0	-0.00685584276571	0.0479084320165	0.044507199282	0.0255453783943	-0.020307346334	-0.00120503011267	-0.057990957671	-0.0856185052217	-0.0162919660423	-0.0156119875473	0.0533421457747	0.0628454629885	-0.0466330434178	0.0118193979945	-0.0308501815245	0.0397905313643	-0.0194386192812	-0.0218924809072	-0.0250318919046	-0.044068161154	-0.0124968326147	-0.0460158107844	0.0614774112458	0.0107878875317	-0.0338353457922	-0.0424339697779	-0.0663130558103	0.00141862317613	-0.00592292603997	0.0344992722606	-0.0432474244863	0.00676199038231	0.0198612673535	-0.0168085827455
k__Bacteria;p__Bacteroidetes;c__Bacteroidia;o__Bacteroidales;f__Bacteroidaceae;g__Bacteroides;s__Bacteroides_coprophilus	0.0895983074265	-0.0250760843523	0.0156389899173	-0.00691446417488	-0.00253338261187	-0.00167526870771	-0.00456940075953	-0.0340823594294	0.031511539919	-0.0337394554849	0.0170290992238	0.000641232339386	0.0108064943332	-0.000160235163692	0.000506488465661	-0.00912342090612	-0.0769030641063	0.0206483091918	-0.00150875884269	0.00871337579745	-0.032291479678	0.0105950467115	0.0248507298841	0.0284174482426	-0.00685584276571	1.0	-0.0258362613619	-0.0501414556041	0.031251462364	-0.0181431816157	0.0286233146574	0.00695451618469	0.0106818216123	0.0149989587139	-0.0188996479074	-0.0202490844224	0.0018937275411	-0.0358703701239	-0.0134382643047	-0.0503229204764	0.0403481960006	-0.0552439944185	-0.04687823399	-0.0302885765041	-0.0304038184435	-0.0145847977387	-0.0212563785158	0.00968990960042	0.0142519688847	-0.0317050645124	0.00127579696304	0.0116294647246	0.00907341063417	-0.00478345810184	-0.0657230839162	-0.0226809831712	-0.0401988241986	-0.00488040375223	-0.00316305862905
k__Bacteria;p__Firmicutes;c__Clostridia;o__Clostridiales;f__Lachnospiraceae;g__Roseburia;s__Roseburia_intestinalis	-0.0292570134209	0.0146199001937	0.00524202519784	-0.0262871874964	0.0403757921874	-0.00510109912789	0.00897198308862	-0.03921571924	-0.012587704417	-0.00832810681806	-0.092781751556	-0.0356914778021	-0.0384636279058	0.0313805347932	-0.0665417795358	-0.0409962550919	0.0345806977297	-0.0118286625625	0.0153642936408	-0.00429962089943	-0.00817019171036	-0.0694282845927	-0.0336057300548	-0.0143781584451	0.0479084320165	-0.0258362613619	1.0	0.0324240789088	-0.00906247311472	0.0106500045853	-0.00290653514107	0.0172793474159	-0.0025058083762	0.0379603585899	-0.024528856679	0.0398931130672	-0.0309494799758	0.0453945241976	-0.0164054442806	0.0247523858501	-0.0402037173967	0.0263532491816	-3.54663461667e-05	-0.00115977687201	0.0366831750529	0.00637485581292	-0.037640272716	0.0146245552591	-0.0427850777416	-0.0130219279317	-0.0323300165106	-0.0111381423635	-0.0378609211933	-0.0343786796618	0.024744459164	-0.0265271599929	0.0123652226427	-0.0460892213883	0.00609784520148
k__Bacteria;p__Firmicutes;c__Clostridia;o__Clostridiales;f__Lachnospiraceae;g__Roseburia;s__Roseburia_hominis	-0.0342864329872	0.00483004011281	-0.0379171732998	0.00296410177826	-0.0100250196093	-0.0658245254966	-0.0653865938352	-0.0426255796031	-0.0222852213196	0.0717140477386	0.0384108816973	-0.0192493606857	-0.00832909576715	-0.0633843014484	-0.0388133045649	-0.0689648793629	-0.0173026404577	-0.0392412465302	0.00797638535077	0.0379420102664	0.0124359402884	0.0215189191322	0.0248802161912	-0.00729968338784	0.044507199282	-0.0501414556041	0.0324240789088	1.0	-0.0395977690104	0.0652550270112	-0.0119332173359	-0.0533626953613	-0.0360432479863	-0.0819002776973	-0.00549171875403	0.063968179135	0.0147916394798	0.0366702347806	0.0274285253703	0.0101972705908	-0.0424024264518	0.0285155438862	0.00450139288411	-0.033891454914	-0.00559523465982	-0.0568702236152	-0.00266046689474	0.0393581255908	-0.0398633128509	0.00386005843749	0.0494707346631	-0.0224420893899	0.0302683202766	0.0365799574035	0.0208201941217	0.0160269818921	-0.0763152370756	0.0192778891331	-0.0104456666802
k__Bacteria;p__Bacteroidetes;c__Bacteroidia;o__Bacteroidales;f__Porphyromonadaceae;g__Parabacteroides;s__Parabacteroides_johnsonii	0.00651964454797	-0.0667230055001	0.00350388657644	-0.0619744743291	0.0108215789299	0.0374274269156	-0.0342086705463	-0.0244585299211	0.00625229934415	-0.00466904741327	0.0194983273284	-0.0747919631662	-0.0161480658708	0.0310193796099	-0.0481085189454	-0.021362016267	-0.0509984447802	-0.0315381269979	-0.0303305032795	-0.0121500229773	-0.0423167593948	0.00424864024361	0.0417626503431	0.0238909441154	0.0255453783943	0.031251462364	-0.00906247311472	-0.0395977690104	1.0	0.00257396728444	-0.0187440297642	-0.0552394970107	-0.0533444276042	-0.0105263102306	-0.0016317407117	0.0191206783988	0.0403128341319	-0.0298348920461	0.0102969538877	0.0255698745034	-0.0420883285787	0.047633162543	0.0134405748944	-0.068793878955	-0.0104513082718	-0.0137677307775	0.0122159456258	0.0251633023387	-0.0620097206719	0.0270895791396	0.0144913724163	-0.00922652282885	-0.0219504632494	-0.0683325166897	0.0537017460815	0.041631099391	-0.0205268654925	0.00590373814481	0.00130585459599
k__Bacteria;p__Actinobacteria;c__Actinobacteria;o__Bifidobacteriales;f__Bifidobacteriaceae;g__Bifidobacterium;s__Bifidobacterium_longum	0.041863300137	-0.0426859653621	0.0199701098816	0.0285578522566	-0.0322214758896	0.000409915993879	-0.0174849132943	0.00397199493142	0.0621673657568	-0.0196684522013	0.0309224011292	-0.055182814375	0.00822223022016	-0.0072174933103	-0.062943797897	-0.0547946274878	0.0351976110318	0.00534870827331	-0.0116312111509	-0.0466254475454	0.0387055813927	-0.0259187988678	0.0371438312204	-0.0519859468273	-0.020307346334	-0.0181431816157	0.0106500045853	0.0652550270112	0.00257396728444	1.0	-0.0275906571642	0.019898613901	-0.0477486306849	-0.00974939238803	-0.0281749714727	0.0253808633759	0.0592380415193	0.000768616586115	0.0449090131387	-0.0363960236177	-0.00905046904277	0.0344157526698	-0.0168441965083	0.00134336124046	-0.0132460946674	0.0378680589223	-0.0232671388637	0.0620905885012	-0.019253556535	-0.041336738864	0.0134655511578	-0.026916673839	-0.0344964626925	-0.00223420007599	-0.0161187833285	-0.0257009378437	-0.0113208302102	-0.0354441340002	-0.0201511753444
