#taxonomy	k__Bacteria;p__Bacteroidetes;c__Bacteroidia;o__Bacteroidales;f__Bacteroidaceae;g__Bacteroides;s__Bacteroides_vulgatus	k__Bacteria;p__Bacteroidetes;c__Bacteroidia;o__Bacteroidales;f__Bacteroidaceae;g__Bacteroides;s__Bacteroides_uniformis	k__Bacteria;p__Bacteroidetes;c__Bacteroidia;o__Bacteroidales;f__Rikenellaceae;g__Alistipes;s__Alistipes_putredinis	k__Bacteria;p__Bacteroidetes;c__Bacteroidia;o__Bacteroidales;f__Prevotellaceae;g__Prevotella;s__Prevotella_copri	k__Bacteria;p__Bacteroidetes;c__Bacteroidia;o__Bacteroidales;f__Bacteroidaceae;g__Bacteroides;s__Bacteroides_stercoris	k__Bacteria;p__Bacteroidetes;c__Bacteroidia;o__Bacteroidales;f__Bacteroidaceae;g__Bacteroides;s__Bacteroides_ovatus	k__Bacteria;p__Bacteroidetes;c__Bacteroidia;o__Bacteroidales;f__Rikenellaceae;g__Alistipes;s__Alistipes_shahii	k__Bacteria;p__Firmicutes;c__Clostridia;o__Clostridiales;f__Ruminococcaceae;g__Faecalibacterium;s__Faecalibacterium_prausnitzii	k__Bacteria;p__Bacteroidetes;c__Bacteroidia;o__Bacteroidales;f__Rikenellaceae;g__Alistipes;s__Alistipes_finegoldii	k__Bacteria;p__Bacteroidetes;c__Bacteroidia;o__Bacteroidales;f__Porphyromonadaceae;g__Parabacteroides;s__Parabacteroides_distasonis	k__Bacteria;p__Bacteroidetes;c__Bacteroidia;o__Bacteroidales;f__Bacteroidaceae;g__Bacteroides;s__Bacteroides_thetaiotaomicron	k__Bacteria;p__Bacteroidetes;c__Bacteroidia;o__Bacteroidales;f__Bacteroidaceae;g__Bacteroides;s__Bacteroides_coprocola	k__Bacteria;p__Bacteroidetes;c__Bacteroidia;o__Bacteroidales;f__Bacteroidaceae;g__Bacteroides;s__Bacteroides_cellulosilyticus	k__Bacteria;p__Bacteroidetes;c__Bacteroidia;o__Bacteroidales;f__Rikenellaceae;g__Alistipes;s__Alistipes_obesi	k__Bacteria;p__Firmicutes;c__Clostridia;o__Clostridiales;f__Lachnospiraceae;g__;s__[Eubacterium]_rectale	k__Bacteria;p__Bacteroidetes;c__Bacteroidia;o__Bacteroidales;f__Bacteroidaceae;g__Bacteroides;s__Bacteroides_plebeius	k__Bacteria;p__Bacteroidetes;c__Bacteroidia;o__Bacteroidales;f__Bacteroidaceae;g__Bacteroides;s__Bacteroides_fragilis	k__Bacteria;p__Proteobacteria;c__Betaproteobacteria;o__Burkholderiales;f__Sutterellaceae;g__Sutterella;s__Sutterella_wadsworthensis	k__Bacteria;p__Bacteroidetes;c__Bacteroidia;o__Bacteroidales;f__Porphyromonadaceae;g__Barnesiella;s__Barnesiella_intestinihominis	k__Bacteria;p__Bacteroidetes;c__Bacteroidia;o__Bacteroidales;f__Odoribacteraceae;g__Odoribacter;s__Odoribacter_splanchnicus	k__Bacteria;p__Bacteroidetes;c__Bacteroidia;o__Bacteroidales;f__Bacteroidaceae;g__Bacteroides;s__Bacteroides_salyersiae	k__Bacteria;p__Firmicutes;c__Clostridia;o__Clostridiales;f__Ruminococcaceae;g__Ruminiclostridium;s__[Eubacterium]_siraeum	k__Bacteria;p__Proteobacteria;c__Betaproteobacteria;o__Burkholderiales;f__Sutterellaceae;g__Parasutterella;s__Parasutterella_excrementihominis	k__Bacteria;p__Actinobacteria;c__Actinobacteria;o__Bifidobacteriales;f__Bifidobacteriaceae;g__Bifidobacterium;s__Bifidobacterium_adolescentis	k__Bacteria;p__Firmicutes;c__Clostridia;o__Clostridiales;f__Oscillospiraceae;g__Oscillibacter;s__Oscillibacter_sp._KLE_1745	k__Bacteria;p__Bacteroidetes;c__Bacteroidia;o__Bacteroidales;f__Bacteroidaceae;g__Bacteroides;s__Bacteroides_coprophilus	k__Bacteria;p__Firmicutes;c__Clostridia;o__Clostridiales;f__Lachnospiraceae;g__Roseburia;s__Roseburia_intestinalis	k__Bacteria;p__Firmicutes;c__Clostridia;o__Clostridiales;f__Lachnospiraceae;g__Roseburia;s__Roseburia_hominis	k__Bacteria;p__Bacteroidetes;c__Bacteroidia;o__Bacteroidales;f__Porphyromonadaceae;g__Parabacteroides;s__Parabacteroides_johnsonii	k__Bacteria;p__Actinobacteria;c__Actinobacteria;o__Bifidobacteriales;f__Bifidobacteriaceae;g__Bifidobacterium;s__Bifidobacterium_longum	k__Bacteria;p__Firmicutes;c__Clostridia;o__Clostridiales;f__;g__Flavonifractor;s__Flavonifractor_plautii	k__Bacteria;p__Firmicutes;c__Clostridia;o__Clostridiales;f__Clostridiaceae;g__Clostridium;s__Clostridium_phoceensis	k__Bacteria;p__Verrucomicrobia;c__Verrucomicrobiae;o__Verrucomicrobiales;f__Akkermansiaceae;g__Akkermansia;s__Akkermansia_muciniphila	k__Bacteria;p__Bacteroidetes;c__Bacteroidia;o__Bacteroidales;f__Prevotellaceae;g__Paraprevotella;s__Paraprevotella_xylaniphila	k__Bacteria;p__Firmicutes;c__Clostridia;o__Clostridiales;f__Ruminococcaceae;g__Ruminococcus;s__Ruminococcus_callidus	k__Bacteria;p__Bacteroidetes;c__Bacteroidia;o__Bacteroidales;f__Rikenellaceae;g__Alistipes;s__Alistipes_senegalensis	k__Bacteria;p__Firmicutes;c__Clostridia;o__Clostridiales;f__Lachnospiraceae;g__Blautia;s__Blautia_sp._KLE_1732	k__Bacteria;p__Bacteroidetes;c__Bacteroidia;o__Bacteroidales;f__Bacteroidaceae;g__Bacteroides;s__Bacteroides_oleiciplenus	k__Bacteria;p__Firmicutes;c__Clostridia;o__Clostridiales;f__Ruminococcaceae;g__Ruminococcus;s__Ruminococcus_bicirculans	k__Bacteria;p__Bacteroidetes;c__Bacteroidia;o__Bacteroidales;f__Bacteroidaceae;g__Bacteroides;s__Bacteroides_fluxus	k__Bacteria;p__Bacteroidetes;c__Bacteroidia;o__Bacteroidales;f__Prevotellaceae;g__Prevotella;s__Prevotella_stercorea	k__Bacteria;p__Firmicutes;c__Clostridia;o__Clostridiales;f__Lachnospiraceae;g__Dorea;s__Dorea_longicatena	k__Bacteria;p__Firmicutes;c__Clostridia;o__Clostridiales;f__Eubacteriaceae;g__Eubacterium;s__[Eubacterium]_eligens	k__Bacteria;p__Firmicutes;c__Clostridia;o__Clostridiales;f__Ruminococcaceae;g__;s__Ruminococcaceae_bacterium_D16	k__Bacteria;p__Firmicutes;c__Clostridia;o__Clostridiales;f__Lachnospiraceae;g__Coprococcus;s__Coprococcus_comes	k__Bacteria;p__Proteobacteria;c__Gammaproteobacteria;o__Enterobacterales;f__Enterobacteriaceae;g__Escherichia;s__Escherichia_coli	k__Bacteria;p__Firmicutes;c__Clostridia;o__Clostridiales;f__Ruminococcaceae;g__Anaerotruncus;s__Anaerotruncus_colihominis	k__Bacteria;p__Firmicutes;c__Clostridia;o__Clostridiales;f__Lachnospiraceae;g__Blautia;s__Blautia_obeum	k__Bacteria;p__Bacteroidetes;c__Bacteroidia;o__Bacteroidales;f__Odoribacteraceae;g__Odoribacter;s__Odoribacter_laneus	k__Bacteria;p__Firmicutes;c__Clostridia;o__Clostridiales;f__Ruminococcaceae;g__Ruminiclostridium;s__[Clostridium]_leptum	k__Bacteria;p__Bacteroidetes;c__Bacteroidia;o__Bacteroidales;f__Porphyromonadaceae;g__Parabacteroides;s__Parabacteroides_goldsteinii	k__Bacteria;p__Firmicutes;c__Clostridia;o__Clostridiales;f__Lachnospiraceae;g__Anaerostipes;s__Anaerostipes_hadrus	k__Bacteria;p__Firmicutes;c__Clostridia;o__Clostridiales;f__Ruminococcaceae;g__Ruminococcus;s__Ruminococcus_lactaris	k__Bacteria;p__Firmicutes;c__Clostridia;o__Clostridiales;f__Clostridiaceae;g__Clostridium;s__Clostridium_sp._L2-50	k__Bacteria;p__Firmicutes;c__Clostridia;o__Clostridiales;f__Clostridiaceae;g__Clostridium;s__Clostridium_sp._M62/1	k__Bacteria;p__Firmicutes;c__Clostridia;o__Clostridiales;f__;g__Intestinimonas;s__Intestinimonas_butyriciproducens	k__Bacteria;p__Actinobacteria;c__Actinobacteria;o__Bifidobacteriales;f__Bifidobacteriaceae;g__Bifidobacterium;s__Bifidobacterium_bifidum	k__Bacteria;p__Firmicutes;c__Negativicutes;o__Veillonellales;f__Veillonellaceae;g__Dialister;s__Dialister_invisus	k__Bacteria;p__Bacteroidetes;c__Bacteroidia;o__Bacteroidales;f__Bacteroidaceae;g__Bacteroides;s__Bacteroides_salanitronis
k__Bacteria;p__Bacteroidetes;c__Bacteroidia;o__Bacteroidales;f__Bacteroidaceae;g__Bacteroides;s__Bacteroides_vulgatus	1.0	0.00316219114379	0.0442450852439	0.034903625059	-0.0202387333106	0.0412857849917	-0.0317348056081	-0.00988914123059	0.0603189462232	0.0373122059878	-0.053482114147	0.00015051018291	-0.0154575212864	0.0593136848258	0.014499675438	-0.019862500873	0.0375965787433	-0.028978346955	-0.0148407044738	0.027453284577	-0.0236738130806	-0.0211999730514	-0.0773258862549	-0.0509996057547	-0.0218484481307	-0.0165424847183	0.0276032794647	-0.00474509567889	-0.0427988972759	-0.00103888739258	0.00715336765796	0.00407493259587	-0.0717844267732	-0.030852457618	-0.00391574823406	-0.000429982436043	0.0211599728886	-0.0314329786526	0.0091539043202	-0.00533704826125	-0.0546827979549	-0.0551203695797	0.0769519968436	0.008545055201	-0.0135495561052	-0.041678432499	0.000605024728946	-0.0238607810991	-0.0730878718465	-0.00233215174023	-0.0132470214033	-0.0479154439224	-0.0162148719249	-0.0135906014526	0.0144007506192	-0.0294636793112	0.00387622314804	-0.0568725657616	-0.0239893573325
k__Bacteria;p__Bacteroidetes;c__Bacteroidia;o__Bacteroidales;f__Bacteroidaceae;g__Bacteroides;s__Bacteroides_uniformis	0.00316219114379	1.0	-0.0370505533464	-0.00241115727352	0.0212229785586	0.0147256353486	-0.0104985274225	-0.011404606187	0.0178172259227	0.011711515869	-0.0630757314814	0.0333670535516	0.0409007666011	0.00227364697295	-0.0339640935121	0.0367906932091	0.0208779060891	-0.0309032074122	-0.0297584856614	0.0325543710233	-0.00855764661936	-0.053541434876	0.00551855068099	0.00294470313452	-0.0279399592017	0.0194232005377	0.00512958297746	-0.00568329448864	0.0480567630504	-0.0315515027109	-0.0100527182646	-3.68444456238e-05	-0.00244260350842	0.0287300159151	-0.00206394262225	-0.0453872522759	-0.0353148996084	-0.0522927531921	0.0211741171828	0.0152389208176	0.00383553135275	-0.0280595906877	0.0263424595536	-0.0613201883131	-0.0136218138434	0.0711153481482	-0.0191642487404	-0.006216967118	-0.0766873750003	0.0259936912669	0.00869705537342	-0.0245000659964	-0.00805431761548	-0.0170499431062	0.0195835181315	-0.0052331647102	-0.00955883852814	-0.0363368738142	-0.0112775944681
k__Bacteria;p__Bacteroidetes;c__Bacteroidia;o__Bacteroidales;f__Rikenellaceae;g__Alistipes;s__Alistipes_putredinis	0.0442450852439	-0.0370505533464	1.0	0.0445008852367	0.0241655409297	-0.00277257578485	0.0382504004867	0.016174956893	-0.0257931215113	0.0131345829135	-0.00819486504573	0.0314044256881	0.0331596338116	-0.00873164070513	-0.00682840350627	-0.007582430451	-0.000578757104981	-0.0532674439982	-0.00546032066798	0.0218343821616	-0.05757653424	0.0487602145415	0.0272614963698	0.0169758383937	-0.00748945492622	-0.0116744833468	-0.0453570066444	0.0153522320865	0.0209184178748	0.00167649771665	0.00949241928174	-0.0691102745587	0.0156848463495	-0.0420702105062	0.00719782082078	-0.0146447458911	-0.00394165452725	0.00638237887838	-0.0693156640796	-0.0136890798262	-0.0175703334148	-0.0380305523707	0.0010610322041	0.00864690482867	0.0159947221168	0.0105082031384	-0.0123131662612	-0.017524579116	0.00840911745856	-0.012288667514	-0.00417827592285	-0.0196491562577	0.020354238139	0.0173901113994	-0.057228952862	-0.0500250698535	-0.0366036379983	0.0318020601764	0.0118395238022
k__Bacteria;p__Bacteroidetes;c__Bacteroidia;o__Bacteroidales;f__Prevotellaceae;g__Prevotella;s__Prevotella_copri	0.034903625059	-0.00241115727352	0.0445008852367	1.0	-0.0311754811481	-0.0370226347781	-0.0120529783911	-0.00508194212119	0.0194039414673	-0.00841889165684	-0.00812216643631	0.0385804780829	-0.0330357140722	-0.0187740547539	0.0417332248529	-0.00113487393096	0.0406762072064	-0.0631308681319	-0.0163959938518	-0.0351696917133	0.0426632317904	-0.0230901486117	-0.0160764009632	-0.00655152349938	0.0122394942192	-0.040145131761	-0.031749136851	-0.018384949075	0.0383407763436	-0.0751259595073	0.0234651655263	0.0144325697578	0.0120728492763	-0.0268289753809	0.00273507079134	-0.0780629360018	0.0366741612992	0.00849196509882	-0.0102413915153	-0.0404349018473	-0.114825429336	-0.0246581937138	0.0175536638217	-0.00701250515884	-0.0438450135968	-0.0438706512389	0.0285033434462	-0.0270217268589	-0.0212678713231	0.0432206428754	0.0123810547925	-0.020268898292	-0.0308860947207	0.057187864456	-0.0322542602235	-0.00185002343682	-0.0229195043355	0.00325381431959	0.000874071008473
k__Bacteria;p__Bacteroidetes;c__Bacteroidia;o__Bacteroidales;f__Bacteroidaceae;g__Bacteroides;s__Bacteroides_stercoris	-0.0202387333106	0.0212229785586	0.0241655409297	-0.0311754811481	1.0	-0.0464633956085	0.0237063745927	0.00142740822941	0.0312909419426	0.000720183963816	0.052514604569	-0.0013022388412	-0.00485244729678	-0.0138356906675	-0.0118404771952	-0.0106216054426	-0.0610428250102	0.0258594870227	-0.039296088496	0.0309267035919	0.00429550496083	0.00968206650754	0.00266209598444	-0.04416274934	0.0126855539456	-0.028801323544	-0.0117995137318	0.0358098348884	-0.00421206388974	-0.0324076794054	0.0421249892093	0.00925100579272	-0.0351620981822	-0.0163584062263	0.0119575575429	-0.0364162999511	0.00383748153149	-0.0409138576628	-0.0285127468513	-0.0131413899834	0.0104058380891	0.037116441062	0.000409683764273	0.0031042205783	-0.0360607693438	-0.0166721618778	-0.059445399005	0.0201546984702	0.0100836321042	-0.0228746675601	0.00062179994798	-0.0165579949377	-0.00496699321947	-0.0309057708396	0.00767098542395	0.0157872727232	-0.0165848759219	0.0425359422398	-0.0263360016496
k__Bacteria;p__Bacteroidetes;c__Bacteroidia;o__Bacteroidales;f__Bacteroidaceae;g__Bacteroides;s__Bacteroides_ovatus	0.0412857849917	0.0147256353486	-0.00277257578485	-0.0370226347781	-0.0464633956085	1.0	0.0156296606225	0.0207735281532	-0.0065764230475	0.026613681824	0.00235196966541	-0.0636734863437	0.00855650118175	-0.0152161126052	0.00792654473092	-0.00653526963009	0.0220531487419	-0.0272113839333	-0.0129475130873	-0.0307875793587	-0.0402913942615	0.00223223235265	0.070632918457	0.0442944735339	-0.00444296981878	-0.0138547206377	-0.0400350765092	-0.0283191707358	-0.0287960182692	-0.0154345324102	-0.056861612427	0.0344282993956	-0.0404518654334	-0.03844463466	-0.0224177676317	-0.00264961638051	-0.0402968836247	-0.0385060253015	0.0529441643134	0.0262155954286	0.0237727065866	-0.0114302308141	-0.0455860046711	-0.00722687292187	-0.0247694819977	-0.00604745241975	-0.00436757167339	-0.00389197084987	0.0256742109076	-0.0601479413634	0.011580518544	0.0202633142674	-0.0109466717668	0.0439888071478	-0.00179710209503	0.00749899702835	-0.0153198579172	-0.0724513066643	-0.00774518850424
k__Bacteria;p__Bacteroidetes;c__Bacteroidia;o__Bacteroidales;f__Rikenellaceae;g__Alistipes;s__Alistipes_shahii	-0.0317348056081	-0.0104985274225	0.0382504004867	-0.0120529783911	0.0237063745927	0.0156296606225	1.0	-0.096211807256	-0.0141307777271	0.0350590069341	0.0271661511941	-0.00640568392891	-0.0288444062075	0.038996276956	-0.0322891688389	-0.029106199819	-0.0144275903274	0.0162972030938	0.0188958915445	0.0127669394106	0.0348962906779	0.0402336445583	-0.0785001482525	0.00197159561706	-0.0320865842952	-0.0458002965841	-0.0443507860125	-0.0158319968717	-0.0016893806884	0.0249522315368	-0.020089258444	-0.00422350562001	-0.00350330557355	0.0167424331774	0.00859340889948	-0.0425396701342	-0.0589760781586	-0.0400106678287	-0.00240576789192	-0.0308073888542	8.3414164389e-05	-0.00439661582858	-0.0408874476855	-0.0555205025513	0.000318750541762	0.0201611036001	0.0247709529538	-0.0175996163656	0.0515489036322	-0.0134615059594	-0.0622633972075	-0.0102097463845	-8.85980955735e-05	-0.0598262046588	0.0627509954255	0.0105436482205	-0.0290984969347	0.0116205516429	0.00215455907303
k__Bacteria;p__Firmicutes;c__Clostridia;o__Clostridiales;f__Ruminococcaceae;g__Faecalibacterium;s__Faecalibacterium_prausnitzii	-0.00988914123059	-0.011404606187	0.016174956893	-0.00508194212119	0.00142740822941	0.0207735281532	-0.096211807256	1.0	-0.0259802850167	-0.0331624819171	-0.0145798581605	-0.0240665900794	0.0100266162818	0.024131044803	0.0455644597065	-0.00331969632452	0.00923052345912	-0.0649427690478	-0.0159979986857	0.02519349751	0.00828233602808	0.0196288140257	0.00810076286469	-0.0473258396518	-0.0272435804359	-0.0157981568345	0.00983876053908	-0.0104662051395	0.000226165292532	-0.0267069366283	-0.0125374141314	-0.000259944722353	-0.0241629545525	-0.0355749882978	-0.0102840867436	0.056466154764	0.0273042231231	-0.030542777229	0.0163172530638	-0.00849742179112	-0.0272706711693	0.0185623120351	0.0164853591298	-0.0285670888227	0.0587298357673	0.0750238817001	-0.0360375986669	-0.00888467212134	0.00562614497133	0.041588260427	0.0245356881991	-0.00627249019549	-0.0489467662639	-0.0697714012966	-0.0203347840113	-0.000633959776866	-0.0156334003815	0.00849175727584	-0.0484044077822
k__Bacteria;p__Bacteroidetes;c__Bacteroidia;o__Bacteroidales;f__Rikenellaceae;g__Alistipes;s__Alistipes_finegoldii	0.0603189462232	0.0178172259227	-0.0257931215113	0.0194039414673	0.0312909419426	-0.0065764230475	-0.0141307777271	-0.0259802850167	1.0	-0.0181384268857	-0.0241951258558	-0.0606555544066	-0.0435324899167	0.022389169744	-0.054721397957	0.0224624008001	-0.0236359969797	0.00433985028574	0.0142119394656	-0.0284175150484	0.0561988840811	-0.0126280288415	0.00724907160384	0.0746878816437	-0.0675580862499	0.00896682256131	-0.0596081589476	-0.0588192453579	0.0194535764905	0.0238887873598	0.0409669929072	-0.025489702099	-0.0040722255605	-0.0278657736633	-0.0527945041918	-0.00880044418302	-0.029246598496	-0.0243770062165	-0.00114962645079	0.0659664703494	-0.0458286125876	-0.00837557596757	0.00403758712704	0.0267018665204	-0.041999578859	-0.0284484627892	-0.049205313812	-0.0850444943267	-0.100234533321	0.0846219693112	-0.00472312629036	-0.0183761102959	0.029197625739	-0.0272328812163	-0.0387489294895	0.0150340874019	-0.00351906590932	0.0223677685778	-0.0474440164576
k__Bacteria;p__Bacteroidetes;c__Bacteroidia;o__Bacteroidales;f__Porphyromonadaceae;g__Parabacteroides;s__Parabacteroides_distasonis	0.0373122059878	0.011711515869	0.0131345829135	-0.00841889165684	0.000720183963816	0.026613681824	0.0350590069341	-0.0331624819171	-0.0181384268857	1.0	-0.0044831557376	-0.0170417884825	-0.0359811212055	0.0410881002541	-0.00143237951432	-0.0863511216197	-0.033564764743	0.0453192777478	0.00472842474775	-0.0162348562488	-0.0464999254031	-0.00783782647603	-0.0268401889926	0.067613523004	-0.0484047732304	0.00736762619271	-0.00125088323819	0.0151140089964	-0.0257082811719	-0.0286698143907	0.0198438172691	-0.0261076956391	0.018770271715	-0.0303154555734	-0.0259322907422	0.055369138212	0.0538589890726	-0.0267387608794	-0.0912894127367	-0.0112567491907	-0.0200060975408	-0.0544955007941	0.0127718417604	-0.0493284087656	-0.00380185953036	0.0265555616895	-0.0253151761867	-0.0463641846932	0.0179348149146	0.00158713977556	-0.0280503630326	-0.0579265329089	-0.0234266412773	-0.0230233556981	0.0179166112757	-0.0412488422214	-0.0222979726305	0.000556015854311	0.0174119475603
k__Bacteria;p__Bacteroidetes;c__Bacteroidia;o__Bacteroidales;f__Bacteroidaceae;g__Bacteroides;s__Bacteroides_thetaiotaomicron	-0.053482114147	-0.0630757314814	-0.00819486504573	-0.00812216643631	0.052514604569	0.00235196966541	0.0271661511941	-0.0145798581605	-0.0241951258558	-0.0044831557376	1.0	-0.0322165149365	-0.00492032689424	0.00948597502249	-0.011506628421	-0.0216312113855	-0.0172084312413	0.0197770035051	0.0458353825885	-0.0194004097861	0.020378414887	-0.0283665014563	-8.73470286281e-06	-0.0303147485059	-0.0125868784334	-0.0687918324892	-0.0330937726496	0.0313944184429	-0.00188945553123	-0.0441138369671	-0.00746738268466	-0.00672007084794	-0.00371933725391	-0.000601796499678	-0.0242645232916	-0.059831126914	-0.00997167746385	0.0111441113917	0.0423407317138	-0.00531608562159	-0.00930409350936	-0.0363733772094	-0.0329561173764	0.0632613712954	0.00831429866371	0.0104074907961	-0.0228920941059	0.029760524959	0.0127840536954	-0.00128120568374	0.0321718400932	0.0301779838138	-0.0340493184843	0.0291222393044	-0.0165682818436	0.0208727964913	0.000540130618528	-0.0143568730244	-0.0786021272688
k__Bacteria;p__Bacteroidetes;c__Bacteroidia;o__Bacteroidales;f__Bacteroidaceae;g__Bacteroides;s__Bacteroides_coprocola	0.00015051018291	0.0333670535516	0.0314044256881	0.0385804780829	-0.0013022388412	-0.0636734863437	-0.00640568392891	-0.0240665900794	-0.0606555544066	-0.0170417884825	-0.0322165149365	1.0	-0.0530790268483	-0.0923285933245	-0.045587418794	-0.0123710529204	0.0199877414293	0.000135702662362	-0.0180668991355	0.00415910164022	-0.0478521732387	-0.00867706898525	-0.0272182950552	-0.0142116645614	-0.0185838626342	0.00557279599844	0.0259064257703	-0.00443907631348	0.0779557119192	0.00583652716566	0.0140197508216	0.0248788509943	-0.00764891923737	0.0281847503985	-0.0195605290685	0.0247251251259	0.0257649725338	-0.0233862421544	-0.0367166546949	-0.0173255609043	-0.0650178252781	0.0146102973288	-0.031718324652	0.0059419112506	0.000273413804361	-0.0558236342745	0.0295104399299	0.0299043658142	-0.063374090329	0.00650628077343	-0.0409090912505	0.0357477073561	-0.003954974032	0.0201323188872	0.00517674084426	0.000342895776965	0.0169697909476	-0.0256573441446	0.0325246251621
k__Bacteria;p__Bacteroidetes;c__Bacteroidia;o__Bacteroidales;f__Bacteroidaceae;g__Bacteroides;s__Bacteroides_cellulosilyticus	-0.0154575212864	0.0409007666011	0.0331596338116	-0.0330357140722	-0.00485244729678	0.00855650118175	-0.0288444062075	0.0100266162818	-0.0435324899167	-0.0359811212055	-0.00492032689424	-0.0530790268483	1.0	-0.0214352574486	0.0192218906513	-0.0297310478938	-0.0635329278212	-0.0373150664527	0.00787801038215	0.0419495736504	0.00472493902967	0.0352761606848	-0.0017266274751	-0.0637512212266	0.0273478801795	0.00651229452297	-0.0225238395359	0.00793311061876	-0.00775932508404	0.0403001034962	-0.00440119738922	-0.00922397063666	0.0069832696279	-0.00294946894585	-0.0129130613856	-0.0500706405254	-0.119237349114	0.00370614594825	0.0424370439788	-0.00681561718386	0.0017429025334	0.0248263255595	0.00141989228036	-0.038734178339	-0.0326878548795	-0.071186220306	0.0275189329615	-0.044768034471	-0.0154562482945	0.0418524387631	0.05703693694	-0.0345378135626	0.0419858057272	-0.0201834920979	-0.0319292680182	-0.0386353979315	0.0453663084166	0.00861344579905	-0.00126072137874
k__Bacteria;p__Bacteroidetes;c__Bacteroidia;o__Bacteroidales;f__Rikenellaceae;g__Alistipes;s__Alistipes_obesi	0.0593136848258	0.00227364697295	-0.00873164070513	-0.0187740547539	-0.0138356906675	-0.0152161126052	0.038996276956	0.024131044803	0.022389169744	0.0410881002541	0.00948597502249	-0.0923285933245	-0.0214352574486	1.0	0.00437207150242	0.00180536902776	-0.0219155710582	0.0231246920139	0.0504117873648	-0.071922812023	0.0542503507447	0.00257475059914	-0.00316388975898	-0.0877613611377	-0.00978317689507	0.004167055382	-0.0408057293123	-0.00978300530544	0.0289214125356	0.0233919283021	0.00215824029457	-0.053150678889	0.0116697268063	-0.0761806243914	-0.020678899451	-0.0179044645517	0.0197589485674	-0.0826941968006	-0.0103839426176	0.0165823170977	-0.0224040898604	0.0430691477701	-0.0450210740857	-0.0348670783677	-0.0188612161076	0.0116586514674	0.0389428530148	-0.0402551550139	-0.000186664019	0.01706255346	0.0265258593683	0.0131175336855	0.032128252702	0.0278604524571	0.0215123630395	-0.0233585024238	-0.0228951320835	-0.0104973280684	0.0333973998919
k__Bacteria;p__Firmicutes;c__Clostridia;o__Clostridiales;f__Lachnospiraceae;g__;s__[Eubacterium]_rectale	0.014499675438	-0.0339640935121	-0.00682840350627	0.0417332248529	-0.0118404771952	0.00792654473092	-0.0322891688389	0.0455644597065	-0.054721397957	-0.00143237951432	-0.011506628421	-0.045587418794	0.0192218906513	0.00437207150242	1.0	-0.00209972416209	0.0367911752129	0.0141828007883	-0.0121936293413	-0.0491536186831	-0.0244511530608	-0.0393975498975	0.0122364058881	-0.0335198357669	0.0424501663872	-0.00756210014782	-0.0181952955163	-0.0531970213451	0.0292840825675	-0.0202571803649	0.0425252899652	0.0121573509182	0.0359391039636	-0.0483501219212	0.0744303720429	-0.0191620440012	-0.0300566655926	-0.0386610990047	0.033184633216	-0.0316945304659	-0.0104910893237	-0.0462913461626	0.0364301884554	-0.0900829636833	0.00262563954373	0.00541930419765	0.022020711317	-0.0274422665896	0.0468527941273	-0.016754244061	-0.0138574769715	-0.0106334650405	-0.0431945193457	-0.0146092874486	-0.00709432961057	-0.0246563787974	-0.0148472490223	-0.0306080751923	0.00702692762159
k__Bacteria;p__Bacteroidetes;c__Bacteroidia;o__Bacteroidales;f__Bacteroidaceae;g__Bacteroides;s__Bacteroides_plebeius	-0.019862500873	0.0367906932091	-0.00758243045101	-0.00113487393096	-0.0106216054426	-0.00653526963009	-0.029106199819	-0.00331969632452	0.0224624008001	-0.0863511216197	-0.0216312113855	-0.0123710529204	-0.0297310478938	0.00180536902776	-0.00209972416209	1.0	-0.0291429914725	-0.0528991255037	0.0365400005885	-0.00696509531415	-0.0273447084034	-0.00665570746403	0.00382475083533	0.0305029796443	0.0390669081002	-0.0290022501143	0.0325255224361	-0.00298376654403	-0.0422752725273	-0.038960270885	0.0398081732278	-0.00767484800338	-0.0531058506319	0.03343779148	-0.0319081902732	0.0577442519983	-0.0338026157425	0.028953856413	-0.00821303384577	0.00571703836455	-0.00352173637801	0.0104580650648	-0.0481887759737	0.00247944551727	-0.0329291224217	0.00418751577913	-0.00666875472135	0.0136926335103	-0.00078018104681	0.052064595026	-0.0524705825542	-0.0567136910214	-0.0330230398624	-0.0259129108151	-0.0718535532449	0.00473043733893	-0.000358752277324	-0.0269271905541	0.0405449411454
k__Bacteria;p__Bacteroidetes;c__Bacteroidia;o__Bacteroidales;f__Bacteroidaceae;g__Bacteroides;s__Bacteroides_fragilis	0.0375965787433	0.0208779060891	-0.000578757104981	0.0406762072064	-0.0610428250102	0.0220531487419	-0.0144275903274	0.00923052345912	-0.0236359969797	-0.033564764743	-0.0172084312413	0.0199877414293	-0.0635329278212	-0.0219155710582	0.0367911752129	-0.0291429914725	1.0	-0.0133387189674	-0.0477470932971	-0.0305251357385	0.012632929267	-0.0251548188963	-0.0106787901067	0.00936676917755	-0.0166487186756	0.0208988872325	-0.0346507178573	0.045012852734	-0.0363311919086	-0.0327519876147	-0.0165315550145	0.00447300254739	-0.0206084714334	0.0158073235783	0.0572862360604	0.0353450296837	-0.0223588518093	0.0251791107237	-0.0309019434777	-0.0100122487885	0.014481799027	0.0455500083904	-0.0082585247217	-0.002601113832	-0.0384525935796	-0.0669264018747	-0.0365217402999	0.0084494298704	-0.0266444264811	-0.0050835198879	-0.0254935669576	0.0258828659331	0.0375963450202	0.0159731739778	-0.015390810472	-0.0635487590832	-0.0520657043491	-0.0403714546843	0.0368391892802
k__Bacteria;p__Proteobacteria;c__Betaproteobacteria;o__Burkholderiales;f__Sutterellaceae;g__Sutterella;s__Sutterella_wadsworthensis	-0.028978346955	-0.0309032074122	-0.0532674439982	-0.0631308681319	0.0258594870227	-0.0272113839333	0.0162972030938	-0.0649427690478	0.00433985028574	0.0453192777478	0.0197770035051	0.000135702662362	-0.0373150664527	0.0231246920139	0.0141828007883	-0.0528991255037	-0.0133387189674	1.0	-0.0464101795012	0.040919342165	0.0116951814691	-0.0769165773947	-0.0110151113762	0.0395826196295	-0.00289644741575	-0.0285495501022	-0.0199303744787	0.0460505200283	-0.00523368061146	-0.0095482823346	0.0407240090674	0.0185235742228	-0.000955868901731	0.0659033680019	-0.023956525195	-0.0545855828822	-0.0180536855789	-0.0257645387336	-0.033947560935	-0.0539693207923	-0.0258299738215	-0.0133656055927	-0.0181745340789	-0.0203754754009	0.0694545376673	-0.0409469679677	0.00410979293378	-0.0434011686077	-0.012780400027	-0.0409091259475	-0.00388704413908	-0.0192957648084	0.00744682528959	-0.0027193684129	0.0483062985921	0.021503259846	0.0469027623632	-0.0282261643195	-0.0621448127154
k__Bacteria;p__Bacteroidetes;c__Bacteroidia;o__Bacteroidales;f__Porphyromonadaceae;g__Barnesiella;s__Barnesiella_intestinihominis	-0.0148407044738	-0.0297584856614	-0.00546032066798	-0.0163959938518	-0.039296088496	-0.0129475130873	0.0188958915445	-0.0159979986857	0.0142119394656	0.00472842474775	0.0458353825885	-0.0180668991355	0.00787801038215	0.0504117873648	-0.0121936293413	0.0365400005885	-0.0477470932971	-0.0464101795012	1.0	-0.0561882589891	0.084883669748	-0.0181130287066	-0.0218569861747	-0.00890109624878	-0.0173904438233	0.0596874001731	-0.0587974801957	-0.0877243890527	-0.00806139177392	-0.00440504262009	-0.044812873351	0.0111320933285	0.048488808185	0.037974686943	0.0203282479115	-0.0109887409649	0.0197991618566	-0.0297278678857	-0.0222502456419	-0.0314918437581	0.00704497086299	0.0152843542786	-0.0483148173445	-0.0360615463628	-0.0411363299994	0.0168346461651	-0.0249019859031	-0.0217513634901	0.00192268804996	0.0298356201661	0.0379032116668	-0.00725822236418	-0.0259522134048	-0.0219199533582	0.0284811333599	-0.0468866786463	0.0459461998152	0.00860729906542	0.00795473545454
k__Bacteria;p__Bacteroidetes;c__Bacteroidia;o__Bacteroidales;f__Odoribacteraceae;g__Odoribacter;s__Odoribacter_splanchnicus	0.027453284577	0.0325543710233	0.0218343821616	-0.0351696917133	0.0309267035919	-0.0307875793587	0.0127669394106	0.02519349751	-0.0284175150484	-0.0162348562488	-0.0194004097861	0.00415910164022	0.0419495736504	-0.071922812023	-0.0491536186831	-0.00696509531415	-0.0305251357385	0.040919342165	-0.0561882589891	1.0	-0.0356580683685	-0.0544793008736	-0.0377357075872	-0.00555182734116	-0.0475887505632	0.0350212878014	0.00309305352658	-0.0246410273354	-0.0314394552355	-0.0163401079579	-4.17821474369e-05	-0.01393493946	-0.00364213640854	0.0539126726198	0.0484801662742	-0.00415506794351	0.0243621791263	0.0306877658586	0.0097718261691	-0.00058118763115	-0.0242928717966	-0.0208680832335	-0.0200006623191	0.00998569261468	-0.0129436624135	0.0544844435644	-0.0802369600494	0.0158440910498	-0.0429701300601	-0.00601435708102	-0.0117735637372	-0.00278799078656	-0.0191654910512	-0.0604139549565	-0.000302329046219	-0.0463805516612	-0.00342445841565	0.057898599655	-0.0213158359833
k__Bacteria;p__Bacteroidetes;c__Bacteroidia;o__Bacteroidales;f__Bacteroidaceae;g__Bacteroides;s__Bacteroides_salyersiae	-0.0236738130806	-0.00855764661936	-0.05757653424	0.0426632317904	0.00429550496083	-0.0402913942615	0.0348962906779	0.00828233602808	0.0561988840811	-0.0464999254031	0.020378414887	-0.0478521732387	0.00472493902967	0.0542503507447	-0.0244511530608	-0.0273447084034	0.012632929267	0.0116951814691	0.084883669748	-0.0356580683685	1.0	-0.0485213178479	-0.0775879859827	-0.0285160605338	-0.0675904676864	-0.0246202427062	-0.00119421271345	-0.00867006081087	0.0534472412427	0.0397565534947	-0.0728273760746	-0.0161840104891	0.063946172632	-0.0175570388288	-0.0562071724749	-0.0341661607678	0.0214586646847	-0.0196163276658	0.0778917295021	-0.120428343776	-0.0210367950461	-0.0209697532491	-0.0256380575051	0.00222676909443	0.0443975031148	0.0190581782635	0.019539719376	-0.00379045005979	0.0581424182576	-0.0318918566737	-0.00831090037937	-0.0142097545039	0.00830604459454	0.01605516057	0.0141479629118	0.0265396789579	-0.0411814810511	-0.00426232080388	-0.03354926525
k__Bacteria;p__Firmicutes;c__Clostridia;o__Clostridiales;f__Ruminococcaceae;g__Ruminiclostridium;s__[Eubacterium]_siraeum	-0.0211999730514	-0.053541434876	0.0487602145415	-0.0230901486117	0.00968206650754	0.00223223235265	0.0402336445583	0.0196288140257	-0.0126280288415	-0.00783782647603	-0.0283665014563	-0.00867706898525	0.0352761606848	0.00257475059914	-0.0393975498975	-0.00665570746403	-0.0251548188963	-0.0769165773947	-0.0181130287066	-0.0544793008736	-0.0485213178479	1.0	0.0143160252187	-0.0102485446838	-0.0158422252823	-0.022954291695	-0.0540102211204	-0.0200809738042	-0.0332713300697	0.02682952725	0.00401642425951	-0.0318560049329	0.0516226375791	0.000392085676458	-0.0568672559311	-0.0333339631399	-0.00363251802792	0.0217474165477	-0.0180660722336	0.0305358070422	0.0524469647395	0.0252497880094	-0.0127874795705	-0.0380002950037	0.0485021743826	-0.0476508774349	-0.0220505707585	0.0599742974896	0.0238218279639	0.00581372544887	-0.0363795850377	0.0114849065927	-0.0414873975901	-0.0521425799125	-0.0159054408692	-0.0052587545942	0.0118088712727	-0.0176076239139	0.0281082226876
k__Bacteria;p__Proteobacteria;c__Betaproteobacteria;o__Burkholderiales;f__Sutterellaceae;g__Parasutterella;s__Parasutterella_excrementihominis	-0.0773258862549	0.00551855068099	0.0272614963698	-0.0160764009632	0.00266209598444	0.070632918457	-0.0785001482525	0.00810076286469	0.00724907160384	-0.0268401889926	-8.73470286281e-06	-0.0272182950552	-0.0017266274751	-0.00316388975898	0.0122364058881	0.00382475083533	-0.0106787901067	-0.0110151113762	-0.0218569861747	-0.0377357075872	-0.0775879859827	0.0143160252187	1.0	-0.0307275455959	0.03068041959	0.0347070346092	-0.0159697276913	-0.0149060687367	-0.0165536366793	-0.00598887299978	0.0159539668328	0.00673393376211	-0.00748934966409	0.00875178972826	0.00736230574318	-0.00369258200407	0.0253268668211	0.00978420269243	-0.00395199051563	-0.0312851668601	0.0124576180807	-0.0146393203459	-0.0154673639874	0.012605876177	0.035673270558	0.0422482006472	0.00579085686494	0.0295095545185	-0.0335647151391	-0.0337088844058	-0.0512986299394	0.0160156429754	0.00575891599611	-0.000435779383836	-0.0644429530444	-0.0247684381162	0.0322558237073	0.0371745983368	-0.0852038400533
k__Bacteria;p__Actinobacteria;c__Actinobacteria;o__Bifidobacteriales;f__Bifidobacteriaceae;g__Bifidobacterium;s__Bifidobacterium_adolescentis	-0.0509996057547	0.00294470313452	0.0169758383937	-0.00655152349938	-0.04416274934	0.0442944735339	0.00197159561706	-0.0473258396518	0.0746878816437	0.067613523004	-0.0303147485059	-0.0142116645614	-0.0637512212266	-0.0877613611377	-0.0335198357669	0.0305029796443	0.00936676917755	0.0395826196295	-0.00890109624878	-0.00555182734116	-0.0285160605338	-0.0102485446838	-0.0307275455959	1.0	0.0121668539305	0.0436771297592	0.00783473029364	0.0130968935292	-0.0568972934976	-0.0190269383673	-0.0556191596557	-0.00889280186693	-0.017714546229	0.0164138106747	0.053823421271	0.0118161834045	-0.0556371784473	-0.039928176573	-0.0109712342774	0.0366579307956	-0.00695050929546	0.0435782454209	-0.0748461978691	-0.00751726028212	-0.00385842613471	0.0583616377275	-0.0267362279029	-0.0144032483561	-0.104755429341	0.00164240561892	6.15416248972e-05	-0.043949321421	-0.0468224539699	0.0151223299783	-0.0216872337139	-0.0121572644655	-0.03153600246	-0.000372031042515	0.0647813809895
k__Bacteria;p__Firmicutes;c__Clostridia;o__Clostridiales;f__Oscillospiraceae;g__Oscillibacter;s__Oscillibacter_sp._KLE_1745	-0.0218484481307	-0.0279399592017	-0.00748945492622	0.0122394942192	0.0126855539456	-0.00444296981878	-0.0320865842952	-0.0272435804359	-0.0675580862499	-0.0484047732304	-0.0125868784334	-0.0185838626342	0.0273478801795	-0.00978317689507	0.0424501663872	0.0390669081002	-0.0166487186756	-0.00289644741575	-0.0173904438233	-0.0475887505632	-0.0675904676864	-0.0158422252823	0.03068041959	0.0121668539305	1.0	0.0201355531757	-0.0406538871035	-0.0112064180908	-0.00514739354757	-0.0345996931317	0.00427142122792	-0.0368220085803	-0.0015550715448	0.00950118079965	-0.0227419155441	0.016145726936	-0.0746996710732	0.0210599550268	0.0105036569859	-0.019690630261	-0.0359124839242	-0.0162189752953	0.00345648431626	-0.0287965147542	-0.0217887769652	0.0539520074327	0.0190616096654	0.0087615750572	-0.0242113025835	-0.00752483486329	0.0349931144487	0.0100765809602	0.0590505329128	0.00388262121413	-0.0177141991756	0.0301936000298	0.0417460807237	-0.0626080900879	-0.0330655152814
k__Bacteria;p__Bacteroidetes;c__Bacteroidia;o__Bacteroidales;f__Bacteroidaceae;g__Bacteroides;s__Bacteroides_coprophilus	-0.0165424847183	0.0194232005377	-0.0116744833468	-0.040145131761	-0.028801323544	-0.0138547206377	-0.0458002965841	-0.0157981568345	0.00896682256131	0.00736762619271	-0.0687918324892	0.00557279599844	0.00651229452297	0.004167055382	-0.00756210014782	-0.0290022501143	0.0208988872325	-0.0285495501022	0.0596874001731	0.0350212878014	-0.0246202427062	-0.022954291695	0.0347070346092	0.0436771297592	0.0201355531757	1.0	-0.0358284896601	-0.00401098953098	4.06808750115e-05	-0.0354449868557	-0.0187844532614	0.0166047643507	-0.0697126579911	-0.0572906993182	0.0519842745205	0.0364626113678	0.0197694558508	-0.0312063036075	0.00729864543241	-0.0463621051264	-0.00188480619792	0.0445201451807	0.0631701152185	0.0309231858899	-0.0186422450787	-0.0507309355522	0.0177305112681	0.0263073620446	0.0449825396523	-0.0260133331817	-0.028897577538	-0.00162530521376	-0.011076647335	0.00107117558355	-0.00902875558414	0.0041306709476	-0.100422868309	0.0241409529853	-0.0436277449573
k__Bacteria;p__Firmicutes;c__Clostridia;o__Clostridiales;f__Lachnospiraceae;g__Roseburia;s__Roseburia_intestinalis	0.0276032794647	0.00512958297746	-0.0453570066444	-0.031749136851	-0.0117995137318	-0.0400350765092	-0.0443507860125	0.00983876053908	-0.0596081589476	-0.00125088323819	-0.0330937726496	0.0259064257703	-0.0225238395359	-0.0408057293123	-0.0181952955163	0.0325255224361	-0.0346507178573	-0.0199303744787	-0.0587974801957	0.00309305352658	-0.00119421271345	-0.0540102211204	-0.0159697276913	0.00783473029364	-0.0406538871035	-0.0358284896601	1.0	-0.0530258088849	0.0211425364406	0.00624496713067	0.0242352357544	0.046879899084	-0.0171535417421	-0.0235359406848	-0.0057494308285	0.0395323366513	-0.0192050881196	-0.0758465506868	-0.0123571811059	0.0497961964926	0.0290861537935	0.00829989875111	0.0417233709398	-0.0405986082458	-0.0297710152704	-0.0253587728411	0.0290502981425	0.0484429409154	-0.0438092607889	-0.036785142484	0.0341001078596	0.0108350217987	-0.0140700002157	-0.0208180459192	-0.00258495828372	-0.0445680494468	-0.0366957382362	-0.0200365904066	-0.00597164592572
k__Bacteria;p__Firmicutes;c__Clostridia;o__Clostridiales;f__Lachnospiraceae;g__Roseburia;s__Roseburia_hominis	-0.00474509567889	-0.00568329448864	0.0153522320865	-0.018384949075	0.0358098348884	-0.0283191707358	-0.0158319968717	-0.0104662051395	-0.0588192453579	0.0151140089964	0.0313944184429	-0.00443907631348	0.00793311061876	-0.00978300530544	-0.0531970213451	-0.00298376654403	0.045012852734	0.0460505200283	-0.0877243890527	-0.0246410273354	-0.00867006081087	-0.0200809738042	-0.0149060687367	0.0130968935292	-0.0112064180908	-0.00401098953098	-0.0530258088849	1.0	-0.00477302370252	0.0386162986383	-0.0453046851884	-0.0203897629565	0.053606469323	-0.00205621307528	0.00685996928102	-0.00658943165654	0.00654370830172	-0.0221289926972	0.00995124142667	-0.0444152050057	-0.0345966433208	-0.0281307551075	-0.0226046351729	-0.0030332211246	0.0499384144007	-0.0380622789923	-0.0209080950616	-0.00183797718471	-0.044911832444	0.0245514230167	-0.0135864212848	-0.00675880044376	0.0415927078841	-0.0120047158891	-0.0405067602336	-0.0198468394445	-0.0260241727728	0.0197673923902	0.028252770637
k__Bacteria;p__Bacteroidetes;c__Bacteroidia;o__Bacteroidales;f__Porphyromonadaceae;g__Parabacteroides;s__Parabacteroides_johnsonii	-0.0427988972759	0.0480567630504	0.0209184178748	0.0383407763436	-0.00421206388974	-0.0287960182692	-0.0016893806884	0.000226165292532	0.0194535764905	-0.0257082811719	-0.00188945553123	0.0779557119192	-0.00775932508404	0.0289214125356	0.0292840825675	-0.0422752725273	-0.0363311919086	-0.00523368061146	-0.00806139177392	-0.0314394552355	0.0534472412427	-0.0332713300697	-0.0165536366793	-0.0568972934976	-0.00514739354757	4.06808750116e-05	0.0211425364406	-0.00477302370252	1.0	-0.0173678072763	-0.0241760004227	0.0145046036162	0.0204273250143	-0.0142001059514	-0.0488851143681	-0.00324277230925	-0.0658333844021	0.0306096926891	-0.0375691808987	-0.0114545945116	-0.00533690848656	-0.0106659838959	-0.000833848972211	-0.0341817776492	0.0169774906887	0.00799889508409	-0.0403533036568	0.0752152767269	0.0278136512183	0.035006502009	-0.0437898984426	-0.050104842132	0.0147386630704	0.0192877276007	0.0182444112356	-0.0160616345155	0.0020291321753	-0.0561821470058	-0.00575374548301
k__Bacteria;p__Actinobacteria;c__Actinobacteria;o__Bifidobacteriales;f__Bifidobacteriaceae;g__Bifidobacterium;s__Bifidobacterium_longum	-0.00103888739258	-0.0315515027109	0.00167649771665	-0.0751259595073	-0.0324076794054	-0.0154345324102	0.0249522315368	-0.0267069366283	0.0238887873598	-0.0286698143907	-0.0441138369671	0.00583652716566	0.0403001034962	0.0233919283021	-0.0202571803649	-0.038960270885	-0.0327519876147	-0.0095482823346	-0.00440504262009	-0.0163401079579	0.0397565534947	0.02682952725	-0.00598887299978	-0.0190269383673	-0.0345996931317	-0.0354449868557	0.00624496713067	0.0386162986383	-0.0173678072763	1.0	0.0326957619328	0.0103201313369	0.0132187041031	0.00862417002467	-0.0553718384871	-0.0212565749289	-0.0069843179462	0.00162667516868	-0.0537369040885	0.0410772282809	0.0221498735116	-0.0222385328064	0.00142672742532	9.58711626663e-05	-0.0121507305792	-0.0425906619209	0.00187983831676	-0.0312992276542	-0.0119901082643	-0.0248400260892	-0.0255698631662	-0.0375268799679	0.00538061690349	-0.0258150599355	0.0360569969993	-0.0201431629633	-0.0139063250768	0.0237506989887	0.0268928420553
