#taxonomy	k__Bacteria;p__Bacteroidetes;c__Bacteroidia;o__Bacteroidales;f__Bacteroidaceae;g__Bacteroides;s__Bacteroides_vulgatus	k__Bacteria;p__Bacteroidetes;c__Bacteroidia;o__Bacteroidales;f__Bacteroidaceae;g__Bacteroides;s__Bacteroides_uniformis	k__Bacteria;p__Bacteroidetes;c__Bacteroidia;o__Bacteroidales;f__Rikenellaceae;g__Alistipes;s__Alistipes_putredinis	k__Bacteria;p__Bacteroidetes;c__Bacteroidia;o__Bacteroidales;f__Prevotellaceae;g__Prevotella;s__Prevotella_copri	k__Bacteria;p__Bacteroidetes;c__Bacteroidia;o__Bacteroidales;f__Bacteroidaceae;g__Bacteroides;s__Bacteroides_stercoris	k__Bacteria;p__Bacteroidetes;c__Bacteroidia;o__Bacteroidales;f__Bacteroidaceae;g__Bacteroides;s__Bacteroides_ovatus	k__Bacteria;p__Bacteroidetes;c__Bacteroidia;o__Bacteroidales;f__Rikenellaceae;g__Alistipes;s__Alistipes_shahii	k__Bacteria;p__Firmicutes;c__Clostridia;o__Clostridiales;f__Ruminococcaceae;g__Faecalibacterium;s__Faecalibacterium_prausnitzii	k__Bacteria;p__Bacteroidetes;c__Bacteroidia;o__Bacteroidales;f__Rikenellaceae;g__Alistipes;s__Alistipes_finegoldii	k__Bacteria;p__Bacteroidetes;c__Bacteroidia;o__Bacteroidales;f__Porphyromonadaceae;g__Parabacteroides;s__Parabacteroides_distasonis	k__Bacteria;p__Bacteroidetes;c__Bacteroidia;o__Bacteroidales;f__Bacteroidaceae;g__Bacteroides;s__Bacteroides_thetaiotaomicron	k__Bacteria;p__Bacteroidetes;c__Bacteroidia;o__Bacteroidales;f__Bacteroidaceae;g__Bacteroides;s__Bacteroides_coprocola	k__Bacteria;p__Bacteroidetes;c__Bacteroidia;o__Bacteroidales;f__Bacteroidaceae;g__Bacteroides;s__Bacteroides_cellulosilyticus	k__Bacteria;p__Bacteroidetes;c__Bacteroidia;o__Bacteroidales;f__Rikenellaceae;g__Alistipes;s__Alistipes_obesi	k__Bacteria;p__Firmicutes;c__Clostridia;o__Clostridiales;f__Lachnospiraceae;g__;s__[Eubacterium]_rectale	k__Bacteria;p__Bacteroidetes;c__Bacteroidia;o__Bacteroidales;f__Bacteroidaceae;g__Bacteroides;s__Bacteroides_plebeius	k__Bacteria;p__Bacteroidetes;c__Bacteroidia;o__Bacteroidales;f__Bacteroidaceae;g__Bacteroides;s__Bacteroides_fragilis	k__Bacteria;p__Proteobacteria;c__Betaproteobacteria;o__Burkholderiales;f__Sutterellaceae;g__Sutterella;s__Sutterella_wadsworthensis	k__Bacteria;p__Bacteroidetes;c__Bacteroidia;o__Bacteroidales;f__Porphyromonadaceae;g__Barnesiella;s__Barnesiella_intestinihominis	k__Bacteria;p__Bacteroidetes;c__Bacteroidia;o__Bacteroidales;f__Odoribacteraceae;g__Odoribacter;s__Odoribacter_splanchnicus	k__Bacteria;p__Bacteroidetes;c__Bacteroidia;o__Bacteroidales;f__Bacteroidaceae;g__Bacteroides;s__Bacteroides_salyersiae	k__Bacteria;p__Firmicutes;c__Clostridia;o__Clostridiales;f__Ruminococcaceae;g__Ruminiclostridium;s__[Eubacterium]_siraeum	k__Bacteria;p__Proteobacteria;c__Betaproteobacteria;o__Burkholderiales;f__Sutterellaceae;g__Parasutterella;s__Parasutterella_excrementihominis	k__Bacteria;p__Actinobacteria;c__Actinobacteria;o__Bifidobacteriales;f__Bifidobacteriaceae;g__Bifidobacterium;s__Bifidobacterium_adolescentis	k__Bacteria;p__Firmicutes;c__Clostridia;o__Clostridiales;f__Oscillospiraceae;g__Oscillibacter;s__Oscillibacter_sp._KLE_1745	k__Bacteria;p__Bacteroidetes;c__Bacteroidia;o__Bacteroidales;f__Bacteroidaceae;g__Bacteroides;s__Bacteroides_coprophilus	k__Bacteria;p__Firmicutes;c__Clostridia;o__Clostridiales;f__Lachnospiraceae;g__Roseburia;s__Roseburia_intestinalis	k__Bacteria;p__Firmicutes;c__Clostridia;o__Clostridiales;f__Lachnospiraceae;g__Roseburia;s__Roseburia_hominis	k__Bacteria;p__Bacteroidetes;c__Bacteroidia;o__Bacteroidales;f__Porphyromonadaceae;g__Parabacteroides;s__Parabacteroides_johnsonii	k__Bacteria;p__Actinobacteria;c__Actinobacteria;o__Bifidobacteriales;f__Bifidobacteriaceae;g__Bifidobacterium;s__Bifidobacterium_longum	k__Bacteria;p__Firmicutes;c__Clostridia;o__Clostridiales;f__;g__Flavonifractor;s__Flavonifractor_plautii	k__Bacteria;p__Firmicutes;c__Clostridia;o__Clostridiales;f__Clostridiaceae;g__Clostridium;s__Clostridium_phoceensis	k__Bacteria;p__Verrucomicrobia;c__Verrucomicrobiae;o__Verrucomicrobiales;f__Akkermansiaceae;g__Akkermansia;s__Akkermansia_muciniphila	k__Bacteria;p__Bacteroidetes;c__Bacteroidia;o__Bacteroidales;f__Prevotellaceae;g__Paraprevotella;s__Paraprevotella_xylaniphila	k__Bacteria;p__Firmicutes;c__Clostridia;o__Clostridiales;f__Ruminococcaceae;g__Ruminococcus;s__Ruminococcus_callidus	k__Bacteria;p__Bacteroidetes;c__Bacteroidia;o__Bacteroidales;f__Rikenellaceae;g__Alistipes;s__Alistipes_senegalensis	k__Bacteria;p__Firmicutes;c__Clostridia;o__Clostridiales;f__Lachnospiraceae;g__Blautia;s__Blautia_sp._KLE_1732	k__Bacteria;p__Bacteroidetes;c__Bacteroidia;o__Bacteroidales;f__Bacteroidaceae;g__Bacteroides;s__Bacteroides_oleiciplenus	k__Bacteria;p__Firmicutes;c__Clostridia;o__Clostridiales;f__Ruminococcaceae;g__Ruminococcus;s__Ruminococcus_bicirculans	k__Bacteria;p__Bacteroidetes;c__Bacteroidia;o__Bacteroidales;f__Bacteroidaceae;g__Bacteroides;s__Bacteroides_fluxus	k__Bacteria;p__Bacteroidetes;c__Bacteroidia;o__Bacteroidales;f__Prevotellaceae;g__Prevotella;s__Prevotella_stercorea	k__Bacteria;p__Firmicutes;c__Clostridia;o__Clostridiales;f__Lachnospiraceae;g__Dorea;s__Dorea_longicatena	k__Bacteria;p__Firmicutes;c__Clostridia;o__Clostridiales;f__Eubacteriaceae;g__Eubacterium;s__[Eubacterium]_eligens	k__Bacteria;p__Firmicutes;c__Clostridia;o__Clostridiales;f__Ruminococcaceae;g__;s__Ruminococcaceae_bacterium_D16	k__Bacteria;p__Firmicutes;c__Clostridia;o__Clostridiales;f__Lachnospiraceae;g__Coprococcus;s__Coprococcus_comes	k__Bacteria;p__Proteobacteria;c__Gammaproteobacteria;o__Enterobacterales;f__Enterobacteriaceae;g__Escherichia;s__Escherichia_coli	k__Bacteria;p__Firmicutes;c__Clostridia;o__Clostridiales;f__Ruminococcaceae;g__Anaerotruncus;s__Anaerotruncus_colihominis	k__Bacteria;p__Firmicutes;c__Clostridia;o__Clostridiales;f__Lachnospiraceae;g__Blautia;s__Blautia_obeum	k__Bacteria;p__Bacteroidetes;c__Bacteroidia;o__Bacteroidales;f__Odoribacteraceae;g__Odoribacter;s__Odoribacter_laneus	k__Bacteria;p__Firmicutes;c__Clostridia;o__Clostridiales;f__Ruminococcaceae;g__Ruminiclostridium;s__[Clostridium]_leptum	k__Bacteria;p__Bacteroidetes;c__Bacteroidia;o__Bacteroidales;f__Porphyromonadaceae;g__Parabacteroides;s__Parabacteroides_goldsteinii	k__Bacteria;p__Firmicutes;c__Clostridia;o__Clostridiales;f__Lachnospiraceae;g__Anaerostipes;s__Anaerostipes_hadrus	k__Bacteria;p__Firmicutes;c__Clostridia;o__Clostridiales;f__Ruminococcaceae;g__Ruminococcus;s__Ruminococcus_lactaris	k__Bacteria;p__Firmicutes;c__Clostridia;o__Clostridiales;f__Clostridiaceae;g__Clostridium;s__Clostridium_sp._L2-50	k__Bacteria;p__Firmicutes;c__Clostridia;o__Clostridiales;f__Clostridiaceae;g__Clostridium;s__Clostridium_sp._M62/1	k__Bacteria;p__Firmicutes;c__Clostridia;o__Clostridiales;f__;g__Intestinimonas;s__Intestinimonas_butyriciproducens	k__Bacteria;p__Actinobacteria;c__Actinobacteria;o__Bifidobacteriales;f__Bifidobacteriaceae;g__Bifidobacterium;s__Bifidobacterium_bifidum	k__Bacteria;p__Firmicutes;c__Negativicutes;o__Veillonellales;f__Veillonellaceae;g__Dialister;s__Dialister_invisus	k__Bacteria;p__Bacteroidetes;c__Bacteroidia;o__Bacteroidales;f__Bacteroidaceae;g__Bacteroides;s__Bacteroides_salanitronis
k__Bacteria;p__Bacteroidetes;c__Bacteroidia;o__Bacteroidales;f__Bacteroidaceae;g__Bacteroides;s__Bacteroides_vulgatus	1.0	-0.0219338075893	-0.028215147516	-0.011581621887	-0.025518341921	-0.0452598767652	-0.00165491677127	0.0666928379112	-0.00116576436971	-0.0578547148223	0.00622964811355	0.000569541176762	-0.0514797057907	-0.0315545405692	-0.0472524457163	0.0595881533585	-0.0272173037806	-0.00470496351069	-0.027882760086	-0.0383278964296	-0.00633748283248	-0.0776631822686	0.0550224907084	0.0325243127934	-0.0241054146921	-0.0582314335309	0.0184828712687	0.0244957064144	0.000594891839698	-0.0376185205762	0.00148682743726	0.0249000840647	0.036063993402	-0.0067211264591	-0.0439035204351	-0.0363282287272	-0.0551772639785	0.0224225314799	0.0188786092919	-0.0226104571139	-0.014470956232	-0.00600963142745	-0.0225351687368	0.0184184019894	-0.00886922552653	0.0350981704796	-0.0529810241468	0.00830808552868	0.00126831785478	0.0442414321629	-0.0258238056553	-0.0230436122615	0.0241986269672	-0.0216529237984	0.0254201711414	-0.0484358496157	0.0478009282137	-0.00898590832926	-0.0118447026398
k__Bacteria;p__Bacteroidetes;c__Bacteroidia;o__Bacteroidales;f__Bacteroidaceae;g__Bacteroides;s__Bacteroides_uniformis	-0.0219338075893	1.0	0.0200449129277	0.0372474038452	0.0226953303634	-0.021525624196	0.00710416680423	-0.0547223711616	0.0222457170516	-0.0366921184698	-0.000730923751342	0.0291270654898	-0.0246615416251	-0.0170289088972	0.0265714803334	-0.0521446718245	-0.0287951596108	-0.0175174726875	0.0474165891963	-0.0130938706567	-0.0111532301288	-0.00586912427978	0.00542378182357	-0.0207408677083	0.00780823808673	-0.0188276003441	-0.00654687226326	0.00208194084448	-0.0418296658537	0.00714217584532	-0.03047815653	-0.0590041949453	-0.0390597127949	-0.033863595759	-0.0102678878568	0.0169797660284	-0.0261232688973	-0.0126095579784	-0.0839814512037	-0.0230636917701	0.042785766192	-0.00385123631303	0.0010766842776	0.00970221268936	-0.0356360057671	0.0208355592755	-0.0119931624119	-0.00959730854213	0.0177257447701	-0.0150421927872	0.0443650369579	0.00931700064033	0.0227636461718	0.0517534735064	0.0301460435356	0.0521453494989	-0.0276345226548	-0.0760994821001	-0.00831692105386
k__Bacteria;p__Bacteroidetes;c__Bacteroidia;o__Bacteroidales;f__Rikenellaceae;g__Alistipes;s__Alistipes_putredinis	-0.028215147516	0.0200449129277	1.0	-0.0217021282108	-0.0139582865752	-0.0474874252287	-0.0277607886274	-0.0249319935908	-0.0228988108867	0.0327398521518	-0.0177262478526	-0.0284358843174	-0.0494419407965	-0.0581333203038	-0.0350891654483	0.0528114006709	-0.0370952162075	-0.0408674856845	-0.0038488090528	0.0449331945232	-0.0106757612277	-0.0102888386219	-0.0272181183394	0.00269883218377	-0.0108232273437	0.00750480747429	0.0152630236441	-0.0441900641693	-0.0812304425961	-0.0191362723561	0.0323330866381	-0.000264117746221	-0.00586909614833	0.0548734157548	0.0402188911497	-0.0445918233575	0.0250740006521	0.0434421470082	-0.0179036503976	-0.0740381723133	-0.0269843759897	-0.0310108368201	-0.0223691509633	-0.0285638435672	0.00264985267872	0.000761191943342	0.0312026999602	-0.0299274023161	-0.00143787189655	-0.00415863587777	-0.0500810761268	0.0085010449441	-0.0749673225843	0.0149083969424	0.0334660008544	0.0267824131767	-0.0599257155268	0.0160765346645	0.024058608999
k__Bacteria;p__Bacteroidetes;c__Bacteroidia;o__Bacteroidales;f__Prevotellaceae;g__Prevotella;s__Prevotella_copri	-0.011581621887	0.0372474038452	-0.0217021282108	1.0	0.0429161328499	0.0790185777563	-0.0935809162306	0.0412027751556	0.0177964571889	-0.0212117765485	0.0124548127634	-0.0117078175161	-0.0368869263245	0.0441177564527	-0.0195406508873	-0.0426554215377	0.0913667588714	0.00694902909492	0.0214978431553	-0.0333367812338	-0.0881080392919	-0.033890481275	-0.0406120957908	0.00929902014158	-0.017569782574	-0.0164479754734	0.0403401068842	-0.0897897278431	0.0113762754335	0.0234837915139	-0.0422961841877	-0.0231659519613	0.0341791645614	0.0153950428788	-0.0221452492131	-0.00553823500193	-0.0103823229478	0.0868279179177	-0.059068432058	0.00501060762875	-0.0760998555996	-0.0906528569725	0.0320791961679	-0.0629574724617	0.011750543122	-0.0142399886747	-0.0285149229576	-0.0365945033043	0.00296672122254	-0.0103379914605	-0.0207044715848	0.0800930924873	-0.0319113243095	-0.0190499233078	0.00873153722277	-0.065648604064	0.0800634344421	-0.0087055103093	-0.0109982546621
k__Bacteria;p__Bacteroidetes;c__Bacteroidia;o__Bacteroidales;f__Bacteroidaceae;g__Bacteroides;s__Bacteroides_stercoris	-0.025518341921	0.0226953303634	-0.0139582865752	0.0429161328499	1.0	0.0393006515738	-0.0327454745773	-0.0687638790564	0.000849832151363	0.0105088343698	0.0151969372156	0.0319527598013	0.0762614769544	-0.00428861286273	0.0123734130109	-0.0056646197946	-0.000945298882206	0.00174496978409	-0.0257219291835	-0.0314840124888	0.0366092334224	-0.0165244244977	-0.0502542107753	0.00518095321893	-0.0139655841788	-0.0391604812287	-0.0146409694738	0.0199855823633	-0.0398155169047	0.026531195381	0.035643662918	-0.00170422336387	0.00117825372072	-0.040199244799	-0.0069749412984	0.0304735386655	-0.0249570115155	0.0126789865756	0.0048647912197	0.0257837946663	-0.0317223670855	-0.00506483833328	-0.00802053453962	-0.0138821469948	0.0133995808737	-0.033075291651	-0.0723307285738	0.00984972085529	-0.0142091650588	0.025092095132	-0.0373131295465	-0.0158151888483	-0.0543073658573	-0.00839515763713	-0.0371692774024	-0.00394086013819	0.0017873332007	-0.0135033999179	-0.00557201196041
k__Bacteria;p__Bacteroidetes;c__Bacteroidia;o__Bacteroidales;f__Bacteroidaceae;g__Bacteroides;s__Bacteroides_ovatus	-0.0452598767652	-0.021525624196	-0.0474874252287	0.0790185777563	0.0393006515738	1.0	-0.00913954503681	-0.0410168039802	0.0106487919202	0.0117851895754	-0.018207505897	0.0194125990131	0.0133502690503	0.015457965949	0.00400477238482	-0.00764013730388	0.0233137549666	-0.0291953808221	0.017047071549	-0.03393835021	-0.0190658152745	0.00893916017939	0.0311574890759	-0.0102540913234	-0.00648418982881	0.00499223185855	-0.00685408009199	-0.00681263506603	-0.0510809675826	-0.00887867961389	0.0211125985685	0.0380477492783	0.0147187022202	-0.0311048384651	-0.0512216522091	-0.056040371178	0.0507770867068	-0.0095006178023	-4.05574441932e-05	0.0121445832054	0.0223166125557	-0.00952984936378	-0.0471676309911	-0.0487364288942	-0.0571784969973	0.0115063274427	0.0502037869424	0.012537962095	-0.0365472076555	-0.0333894992861	-0.00191643333945	-0.00432368901537	0.0136219116721	-0.0213632424046	-0.0484252064053	-0.0521396882926	0.0111953850632	0.0261751553464	-0.00299939087182
k__Bacteria;p__Bacteroidetes;c__Bacteroidia;o__Bacteroidales;f__Rikenellaceae;g__Alistipes;s__Alistipes_shahii	-0.00165491677127	0.00710416680423	-0.0277607886274	-0.0935809162306	-0.0327454745773	-0.00913954503681	1.0	-0.00671469193787	0.00650110705113	-0.0510154878229	0.0100988729898	-0.0729111606602	0.00311115570316	-0.00992721102443	0.0507740576431	-0.000304767378319	0.0413902386943	0.00518169658109	-0.0644775321608	0.0223490107218	-0.0345279336835	0.0708341381974	0.0262649414493	-0.025887186076	0.064931865496	0.00587343189865	0.0292209438468	-0.00896146327057	-0.0143768199029	-0.067694164977	0.0466282592155	-0.0194050097143	-0.0366369571754	-0.0160226183066	0.00101494535498	0.0134725292743	-0.0132388771249	0.045112464248	-0.0320236519896	-0.0228427026221	0.0229347943044	0.00159731993013	-0.00990130444329	-0.0283644995993	0.0322494909644	-0.049073911531	-0.0297115085833	0.0409911567472	-0.0267972497975	-0.0740050842689	-0.0477224454622	-0.0272985668494	-0.050520400185	-0.0610268189217	0.012121767797	-0.00971491155899	-0.0661048716701	-0.0308647916075	0.0205768667522
k__Bacteria;p__Firmicutes;c__Clostridia;o__Clostridiales;f__Ruminococcaceae;g__Faecalibacterium;s__Faecalibacterium_prausnitzii	0.0666928379112	-0.0547223711616	-0.0249319935908	0.0412027751556	-0.0687638790564	-0.0410168039802	-0.00671469193787	1.0	-0.0412893299519	0.0469936015075	-0.0171777222193	-0.0477807056207	-0.00499375818227	-0.0341386894496	-0.0517518288205	0.0452059077636	-0.0297223497051	-0.0566766962055	-0.0496332695273	0.0126597958286	0.0238126946242	7.60881699271e-05	-0.0267419419251	-0.02216530315	0.00356366807285	-0.0158764542288	0.0130428212366	-0.000228140954147	-0.00302176744677	0.0189739176901	0.000391228457422	0.005486877109	0.0276209253863	5.45489002114e-05	-0.0360185444387	-0.0320736821162	-0.0312826885942	-0.00594059315323	-0.0576798410844	0.0453427996949	-0.0371451939496	-0.0408196382255	0.019996387634	0.018107924403	0.054402980782	-0.00378959222917	-0.0585278840361	0.0405588445173	-0.0261187437022	0.031034560632	-0.00137001982227	0.000462668953624	-0.0400983997124	-0.00889210931027	0.0427416391875	-0.00773944472208	0.0141871515684	-0.0311033312967	0.0145486895188
k__Bacteria;p__Bacteroidetes;c__Bacteroidia;o__Bacteroidales;f__Rikenellaceae;g__Alistipes;s__Alistipes_finegoldii	-0.00116576436971	0.0222457170516	-0.0228988108867	0.0177964571889	0.000849832151363	0.0106487919202	0.00650110705113	-0.0412893299519	1.0	0.0176869109184	-0.0269953762742	-0.0543020187957	0.0111615744076	-0.0296903007451	0.00044080928487	-0.0739936224546	0.0544555125632	-0.0324393172181	0.0177381426094	-0.0123397969918	0.0508749107441	-0.0781638882471	0.0382899177486	0.00993662801679	0.0207060695182	-0.00875221173793	0.0702878076712	-0.00226816995264	0.0402297653236	-0.0175252125345	0.0320713634695	-0.0361803600771	0.0669841353014	0.0104344447044	-0.0538965685546	-0.030624954001	0.0785026353211	-0.0675696844606	-0.0488386691428	-0.0510451577478	-0.0469751961093	-0.012645158929	-0.0135981131059	-0.0214452963923	0.00649488220487	-0.0483681294584	-0.0337035319709	-0.0391496865438	0.0631660839859	0.065374159834	0.0212589684895	-0.0598638193018	-0.028138105348	0.0029887293141	0.0223870989892	0.0340063244908	-0.0532149254846	-0.0791719530195	0.0106273227299
k__Bacteria;p__Bacteroidetes;c__Bacteroidia;o__Bacteroidales;f__Porphyromonadaceae;g__Parabacteroides;s__Parabacteroides_distasonis	-0.0578547148223	-0.0366921184698	0.0327398521518	-0.0212117765485	0.0105088343698	0.0117851895754	-0.0510154878229	0.0469936015075	0.0176869109184	1.0	0.0165001042058	-0.023676784204	0.0201719033471	0.0138527895507	-0.0331387315327	0.00185316193865	-0.0388695494856	0.00928878578207	-0.0290202253599	-0.00914801670616	0.00674934823097	0.0107534497784	-0.0731175116744	-0.03983597253	-0.0575558499089	-0.0249453199617	0.0324732305079	0.00446643006005	-0.0287903765884	-0.0112747242751	0.00892040493405	-0.0266429770477	-0.00309380938266	0.0168511271816	-0.0084954390194	0.0648689808588	0.0171631979243	0.0165243965746	0.00160945965459	-0.019298597079	-0.00176311004038	-0.0177285395529	-0.0668844150822	0.0514131738892	0.0128301937749	-0.0114387602514	-0.0541704611781	0.00906313399619	0.0655640761591	-0.000909744210156	-0.015196097774	0.0283725804577	-0.0126162690559	0.0320446749534	-0.0941307647863	0.0277298093026	0.000706303842654	0.0187841575264	0.00241382883468
k__Bacteria;p__Bacteroidetes;c__Bacteroidia;o__Bacteroidales;f__Bacteroidaceae;g__Bacteroides;s__Bacteroides_thetaiotaomicron	0.00622964811355	-0.000730923751342	-0.0177262478526	0.0124548127634	0.0151969372156	-0.018207505897	0.0100988729898	-0.0171777222193	-0.0269953762742	0.0165001042058	1.0	-0.00853202047322	0.0448418385554	-0.0197384675591	0.00514659737574	0.00691610748233	-0.00539887600707	0.0066297758439	-0.020177536778	0.0125853777893	-0.034903776455	-0.0053163798044	0.0180780328721	-0.00158747898423	0.0320985076062	-0.043709516096	-0.0391251021629	0.0869806763053	-0.00895179230116	-0.05467246786	-0.0208371650061	-0.0324504263501	-0.0161259165925	0.0125493965358	0.0144692449856	0.0673700242394	0.0263294050552	0.0126798847785	-0.0151750513321	0.00353753504735	-0.0501342548818	-0.0176322048899	-0.00966760739861	0.0244479874928	0.00216237958157	0.013940678489	0.0249560703828	-0.0338271026074	-0.0195689827733	-0.0177103102521	-0.036721950323	0.00991345905601	0.00384020707533	0.00195953139259	0.00519512769016	-0.0483105028561	-0.0494485164598	-0.00405447581872	-0.0130135977769
k__Bacteria;p__Bacteroidetes;c__Bacteroidia;o__Bacteroidales;f__Bacteroidaceae;g__Bacteroides;s__Bacteroides_coprocola	0.000569541176762	0.0291270654898	-0.0284358843174	-0.0117078175161	0.0319527598013	0.0194125990131	-0.0729111606602	-0.0477807056207	-0.0543020187957	-0.023676784204	-0.00853202047322	1.0	-0.00961409687903	-0.034034459928	0.00133198052527	-0.00726298197047	-0.027944921303	-0.0315530597115	0.0301251388647	-0.0280918455065	-0.00323921193708	-0.0223051709147	-0.0185420048207	0.00236868609983	0.0124723714559	-0.0717846669788	-0.0407210498241	0.00525259066873	-0.0234776753672	-0.0391085607819	-0.00527421663428	-0.0420084550418	0.0179580930494	-0.00418379902214	0.0693400366458	-0.0191349400598	0.0485720735182	0.00311163895797	-0.0223805809571	-0.026048377129	-0.0321126708304	0.0616189506744	-0.0180047715723	0.054794562515	-0.0391769735666	-0.0912104460464	0.0481625985008	-0.0254487415664	-0.00841378947398	-0.047947248129	-0.0459701425602	-0.0409246222927	0.0342518620879	-0.0225081811388	-0.0216882241326	-0.0167496191001	-0.0076171101469	0.0299952593288	-0.0162685794678
k__Bacteria;p__Bacteroidetes;c__Bacteroidia;o__Bacteroidales;f__Bacteroidaceae;g__Bacteroides;s__Bacteroides_cellulosilyticus	-0.0514797057907	-0.0246615416251	-0.0494419407965	-0.0368869263245	0.0762614769544	0.0133502690503	0.00311115570316	-0.00499375818227	0.0111615744076	0.0201719033471	0.0448418385554	-0.00961409687903	1.0	0.0360618640575	-0.014290618656	0.00105612360986	-0.0743544587705	-0.00783641561047	-0.0220518999742	-0.0642550870422	-0.0175334598891	-0.0154493578178	-0.0196402817988	0.0175667107995	-0.045533556612	0.0243387880516	-0.0010489325341	-0.000311666695133	0.0427797994665	0.00916723889867	0.0144434080202	0.0295765821661	-0.0479717995399	-0.0514094469782	0.0497662158252	-0.0238797032407	0.0150386902931	0.0425037448931	0.0198064426986	-0.0334361280221	-0.0230206140665	-0.0339658929701	-0.00141198220438	0.0263089117563	-0.00606648754668	-0.0380668260025	-0.00782462263838	0.0017491017401	0.00773389930767	0.0189165081075	-0.0234367008452	-0.0595824712618	0.0396856083739	-0.0299994351776	-0.0168850226791	-0.0166785952537	0.00820340575061	-0.0695860009041	0.0248368524754
k__Bacteria;p__Bacteroidetes;c__Bacteroidia;o__Bacteroidales;f__Rikenellaceae;g__Alistipes;s__Alistipes_obesi	-0.0315545405692	-0.0170289088972	-0.0581333203038	0.0441177564527	-0.00428861286273	0.015457965949	-0.00992721102443	-0.0341386894496	-0.0296903007451	0.0138527895507	-0.0197384675591	-0.034034459928	0.0360618640575	1.0	-0.0492978583622	-0.002952756369	0.00464054925733	-0.0203167277529	0.0366657978391	0.0210192463747	-0.0116406166672	-0.0325837044328	0.0268901358246	0.0169951094691	0.0116051068221	-0.00565563631582	-0.0428229415667	0.049153127277	-0.0538634114602	0.0338353602154	0.0268888620482	-0.00395835086591	-0.0239728714623	0.00469886174569	-0.0193020344216	-0.0216246424874	-0.0403761831747	0.0442753420096	-0.0285735608011	-0.04413580061	-0.0307520588682	0.0098242664182	-0.0465058065003	-0.00728947307306	0.000245472503994	-0.0510781746914	0.00547005235476	0.0462171665346	0.0576956642778	0.0325288238429	-0.0449127030532	0.00355831310861	-0.0313223085983	-0.0137903265379	-0.0228034374386	-0.0139587996108	0.0248214800033	-0.0389752905729	0.0122935556314
k__Bacteria;p__Firmicutes;c__Clostridia;o__Clostridiales;f__Lachnospiraceae;g__;s__[Eubacterium]_rectale	-0.0472524457163	0.0265714803334	-0.0350891654483	-0.0195406508873	0.0123734130109	0.00400477238482	0.0507740576431	-0.0517518288205	0.00044080928487	-0.0331387315327	0.00514659737574	0.00133198052527	-0.014290618656	-0.0492978583622	1.0	0.00127893571585	0.0149591393858	-0.0120509022563	-0.0376787399724	0.0137991870077	-0.0129584063257	-0.011264219576	-0.0012517275581	0.00945380897042	0.0343476902048	0.0397590700919	0.0287734401404	-0.00401843372497	0.00934427492666	-0.058703932542	-0.0362059775225	0.0320890891482	-0.00105057563091	-0.0149024019618	0.00249832679768	0.00530457196221	0.0370296582399	-0.0290837090351	-0.0789840524036	-0.0467791148284	-0.0245706977707	-0.0278088149128	0.0316218277847	-0.0215518933066	0.0179713202081	0.00870297542896	-0.00334520087542	-0.0857999183531	0.00271604066882	-0.00173527529597	0.00409791703956	-0.0373148262439	-0.045851643645	-0.0138307959298	0.0313847520328	0.0363219538413	0.0546516261439	0.0130627071141	-0.0368815368304
k__Bacteria;p__Bacteroidetes;c__Bacteroidia;o__Bacteroidales;f__Bacteroidaceae;g__Bacteroides;s__Bacteroides_plebeius	0.0595881533585	-0.0521446718245	0.0528114006709	-0.0426554215377	-0.0056646197946	-0.00764013730388	-0.000304767378319	0.0452059077636	-0.0739936224546	0.00185316193865	0.00691610748233	-0.00726298197047	0.00105612360986	-0.002952756369	0.00127893571585	1.0	-0.0782096286971	-0.013360801214	0.0167283592879	-0.0195559256665	0.0318935736685	-0.034758572542	0.0142264753377	-0.030705323762	-0.0054463344324	0.0230713447536	-0.0475979492884	-0.0629776497991	0.00179238691042	-0.003138215355	-0.0220947702624	-0.0582833450644	-0.00682896392987	-0.0344187621895	-0.0499577560341	0.0320779980411	-0.0816040502133	-0.0343632537783	0.0110004264915	0.00837241702688	0.0848554552167	0.0568351086323	-0.00919086090749	0.00503680618942	-0.0256630350907	0.0244149543856	-0.0149283934579	-0.0407499599338	-0.0226148923643	0.0139693354798	-0.0231822644583	-0.0353484541091	0.0198109269534	-0.00984580600428	-0.00883906183453	0.0305274743384	-0.0209415895176	0.052871612696	0.0525320128619
k__Bacteria;p__Bacteroidetes;c__Bacteroidia;o__Bacteroidales;f__Bacteroidaceae;g__Bacteroides;s__Bacteroides_fragilis	-0.0272173037806	-0.0287951596108	-0.0370952162075	0.0913667588714	-0.000945298882206	0.0233137549666	0.0413902386943	-0.0297223497051	0.0544555125632	-0.0388695494856	-0.00539887600707	-0.027944921303	-0.0743544587705	0.00464054925733	0.0149591393858	-0.0782096286971	1.0	-0.00324751514245	-0.0348126953543	0.00556851488365	0.0188844544961	-0.0613423286111	-0.00772966646851	-0.0125498541943	0.0209774295228	-0.00136227574767	0.024147166962	-0.0160695729444	-0.0106439680185	-0.0581971463272	0.0147249071676	0.0101405360886	0.0260940674202	0.00474576248403	-0.0416563981606	-0.0493341503	-0.0141547166487	-0.0462188794494	-0.00247786719329	-0.0509815450394	-0.053892559883	0.0168838631564	-0.0170895023653	-0.00549098852553	0.0115626501972	0.0337214644991	-0.00831361775141	0.00819692705693	-0.003308674547	0.0104029194661	-0.010002724826	0.0252379070462	0.0142829034589	0.0558132331769	0.0719949925383	-0.0509519575356	0.0620507986846	0.0353137854502	-0.0834262602905
k__Bacteria;p__Proteobacteria;c__Betaproteobacteria;o__Burkholderiales;f__Sutterellaceae;g__Sutterella;s__Sutterella_wadsworthensis	-0.00470496351069	-0.0175174726875	-0.0408674856845	0.00694902909492	0.00174496978409	-0.0291953808221	0.00518169658109	-0.0566766962055	-0.0324393172181	0.00928878578207	0.0066297758439	-0.0315530597115	-0.00783641561047	-0.0203167277529	-0.0120509022563	-0.013360801214	-0.00324751514245	1.0	-0.00442234285237	-0.00507098741378	-0.01349767143	4.77466697468e-05	0.0387619235085	0.0420101095743	-0.0353715647112	0.0470831909012	-0.00420250673017	-0.0162475481609	-0.0164054754001	0.00902313671918	0.0387847404279	-0.00582146710168	-0.0476105566074	0.01004825345	0.0720074697227	-0.0128053617747	0.0380351228757	0.0522377838242	-0.0265981327849	0.09514093778	0.0632129138001	-0.0152815763693	0.0420071274006	-0.00585227581314	-0.0513409308278	-0.00367499222614	-0.0179330854127	0.00189729374071	-0.0543242227039	0.015817525606	-0.0306832117307	-0.0404421267189	-0.042286873269	-0.0190863364244	0.0169299096577	-0.0408569472586	0.0339537694428	0.0468790274401	-0.0278682008389
k__Bacteria;p__Bacteroidetes;c__Bacteroidia;o__Bacteroidales;f__Porphyromonadaceae;g__Barnesiella;s__Barnesiella_intestinihominis	-0.027882760086	0.0474165891963	-0.0038488090528	0.0214978431553	-0.0257219291835	0.017047071549	-0.0644775321608	-0.0496332695273	0.0177381426094	-0.0290202253599	-0.020177536778	0.0301251388647	-0.0220518999742	0.0366657978391	-0.0376787399724	0.0167283592879	-0.0348126953543	-0.00442234285237	1.0	-0.0533372160123	0.0408260481572	-0.0158787111051	-0.000726224813646	-0.00812802173284	-0.00114375863404	-0.0158550805429	-0.0155505138673	0.0536535825677	0.027923089078	-0.00931595449787	-0.00877678450102	-0.0398724323487	-0.0330698321502	0.0170440039031	-0.00220211169436	0.00484983250645	-0.0219637282757	0.0186032431002	-0.0855279433052	-0.089295040914	0.00552517218603	-0.00125891462218	0.0368137854597	0.000467279086896	-0.0385115248668	-0.0764780671807	0.00188004161666	-0.018634336124	0.019209300336	-0.0382138496009	-0.0360731819221	-0.0952576586418	0.0613512083096	0.01608505149	0.0138959702316	-0.0171766052366	8.8662539098e-05	-0.0227115644268	-0.00219966711467
k__Bacteria;p__Bacteroidetes;c__Bacteroidia;o__Bacteroidales;f__Odoribacteraceae;g__Odoribacter;s__Odoribacter_splanchnicus	-0.0383278964296	-0.0130938706567	0.0449331945232	-0.0333367812338	-0.0314840124888	-0.03393835021	0.0223490107218	0.0126597958286	-0.0123397969918	-0.00914801670616	0.0125853777893	-0.0280918455065	-0.0642550870422	0.0210192463747	0.0137991870077	-0.0195559256665	0.00556851488365	-0.00507098741378	-0.0533372160123	1.0	-0.0779727033063	-0.0339721101843	0.0187652769352	-0.00122487776642	-0.0191535808582	0.0346182509455	-0.00196044788774	-0.0501221659111	0.0141289142733	-0.0584801390407	-0.00887423318665	-0.0260474423173	-0.0696474298466	-0.0301587426335	-0.022546857891	0.047648549488	-0.0420464603898	-0.048640191022	0.0654570834944	0.0183836533681	0.0147252889509	0.0206160093564	-0.00987682761677	0.0243619667865	-0.050341650684	-0.0592815469979	-0.0287472251301	-0.0175652592274	-0.0116815576096	0.0148960766261	0.00571633998928	-0.00144209296414	0.0441260182374	-0.01087847725	0.00372391352386	-0.0101803949027	-0.00952922919329	-0.0203258606794	-0.0246179272825
k__Bacteria;p__Bacteroidetes;c__Bacteroidia;o__Bacteroidales;f__Bacteroidaceae;g__Bacteroides;s__Bacteroides_salyersiae	-0.00633748283248	-0.0111532301288	-0.0106757612277	-0.0881080392919	0.0366092334224	-0.0190658152745	-0.0345279336835	0.0238126946242	0.0508749107441	0.00674934823097	-0.034903776455	-0.00323921193708	-0.0175334598891	-0.0116406166672	-0.0129584063257	0.0318935736685	0.0188844544961	-0.01349767143	0.0408260481572	-0.0779727033063	1.0	0.022835735446	0.0212557471645	-0.0171819372135	-0.000305149564458	-0.0193965570867	-0.0632647263563	-0.00453073465704	0.0299024512032	0.0290865447123	-0.0463900822647	0.0254261316953	0.00646057224837	0.00656790306493	-0.00680648579458	-0.042878911106	0.00470564715236	-0.0168146747888	0.00242335984851	-0.0412705805926	-0.0304219043397	-0.0125239114905	0.0385839206136	-0.00946149020321	-0.00052973826442	-0.00975633371175	0.0175744377148	0.0197528923413	-0.0323549164896	-0.0363862696157	0.0555500809454	-0.0314115435395	-0.0116928125148	0.00579466557344	-0.0668568684621	0.0321198035338	-0.038130627777	-0.0510667483148	-0.0517905579619
k__Bacteria;p__Firmicutes;c__Clostridia;o__Clostridiales;f__Ruminococcaceae;g__Ruminiclostridium;s__[Eubacterium]_siraeum	-0.0776631822686	-0.00586912427978	-0.0102888386219	-0.033890481275	-0.0165244244977	0.00893916017939	0.0708341381974	7.60881699271e-05	-0.0781638882471	0.0107534497784	-0.0053163798044	-0.0223051709147	-0.0154493578178	-0.0325837044328	-0.011264219576	-0.034758572542	-0.0613423286111	4.77466697468e-05	-0.0158787111051	-0.0339721101843	0.022835735446	1.0	-0.0241302886026	0.0196561819622	0.000126853051582	0.0274317711625	0.0207230944779	0.00123874909618	-0.0210480146382	-0.0736900283	0.0275925645384	-0.0294786133924	-0.026443776193	-0.0122810202923	-0.0215744921823	-0.0123541063874	-0.0234950511438	-0.0657221271807	-0.0011235139235	-0.0739472795353	-0.0663420168297	0.00824181385359	-0.00221611248387	-0.011037757006	0.0617473876832	0.053523209696	-0.0211945475636	-0.0219148169425	-4.25958517404e-05	-0.0228542069277	0.0165844863784	-0.0351735832205	-0.0519714236461	-0.0326513279652	0.00599609563477	-0.012155789599	-0.00154152979426	0.0484308570615	0.0826076510237
k__Bacteria;p__Proteobacteria;c__Betaproteobacteria;o__Burkholderiales;f__Sutterellaceae;g__Parasutterella;s__Parasutterella_excrementihominis	0.0550224907084	0.00542378182357	-0.0272181183394	-0.0406120957908	-0.0502542107753	0.0311574890759	0.0262649414493	-0.0267419419251	0.0382899177486	-0.0731175116744	0.0180780328721	-0.0185420048207	-0.0196402817988	0.0268901358246	-0.0012517275581	0.0142264753377	-0.00772966646851	0.0387619235085	-0.000726224813646	0.0187652769352	0.0212557471645	-0.0241302886026	1.0	0.0349867704475	0.0166073574723	-0.0145334290691	-0.0135513847753	0.0573741869747	-0.0807643161013	0.0378670047592	-0.0165694698943	-0.0650500504968	-0.00199386457673	0.0514908310536	0.0394370724922	0.0141493987826	-0.0380393442438	-0.0173382627927	-0.0356439473858	-0.0496966140859	0.0492222680238	-0.0691570398561	-0.0562088837472	0.0286863875532	-0.0683668027452	0.0257690389047	0.00448522477549	-0.0108865570212	6.35875600858e-06	-0.0222459808554	0.0322965870576	0.0206891355315	-0.0115744344005	-0.0178223575042	-0.00310264033759	-0.0471311134845	0.0152176365847	0.0205722266273	-0.0119614635336
k__Bacteria;p__Actinobacteria;c__Actinobacteria;o__Bifidobacteriales;f__Bifidobacteriaceae;g__Bifidobacterium;s__Bifidobacterium_adolescentis	0.0325243127934	-0.0207408677083	0.00269883218377	0.00929902014158	0.00518095321893	-0.0102540913234	-0.025887186076	-0.02216530315	0.00993662801679	-0.03983597253	-0.00158747898423	0.00236868609983	0.0175667107995	0.0169951094691	0.00945380897042	-0.030705323762	-0.0125498541943	0.0420101095743	-0.00812802173284	-0.00122487776642	-0.0171819372135	0.0196561819622	0.0349867704475	1.0	0.0664063266908	0.0274136405201	-0.051517524282	0.0366981234873	-0.004723381517	-0.0727825555351	-0.0142818395103	-0.00529464592336	-0.0357187084864	0.00635059134219	-0.0598299349417	-0.0475299755184	-0.0187274258182	-0.00350917146341	0.000196400035195	0.0379680526999	-0.0531112891256	0.0417553596029	-0.00250406339942	-0.0256595799737	-0.0192556983218	-0.000457935606776	-0.0555717415907	-0.0276733249154	0.00794672167227	0.0142712808382	0.0657793752183	-0.0202918900443	0.0417848367216	0.00504167560001	-0.0017134190691	0.0311392936623	-0.0113037584106	-0.0678077802814	0.00234239494719
k__Bacteria;p__Firmicutes;c__Clostridia;o__Clostridiales;f__Oscillospiraceae;g__Oscillibacter;s__Oscillibacter_sp._KLE_1745	-0.0241054146921	0.00780823808673	-0.0108232273437	-0.017569782574	-0.0139655841788	-0.00648418982881	0.064931865496	0.00356366807285	0.0207060695182	-0.0575558499089	0.0320985076062	0.0124723714559	-0.045533556612	0.0116051068221	0.0343476902048	-0.0054463344324	0.0209774295228	-0.0353715647112	-0.00114375863404	-0.0191535808582	-0.000305149564458	0.000126853051582	0.0166073574723	0.0664063266908	1.0	-0.0389042323989	-0.0252483521255	0.0536607783033	-0.0062285448485	0.026561798162	1.03237451521e-05	-0.0459405805939	0.0364745927329	-0.0425451015078	-0.0138757061252	-0.0150629593035	-0.042329154679	-0.00657422338252	0.00503129279347	-0.022112138743	-0.0416606351746	0.0270412450394	0.0583948701786	0.0249476217943	-0.0125935932895	-0.0335799036404	-0.0568372574055	-0.0976972309624	0.03065209324	-0.0525659945001	0.0394872179383	-0.0283615802418	0.039650044776	0.00116428053902	0.00568531105574	-0.0424682354179	0.00271883071619	-0.0161201772301	-0.043729228148
k__Bacteria;p__Bacteroidetes;c__Bacteroidia;o__Bacteroidales;f__Bacteroidaceae;g__Bacteroides;s__Bacteroides_coprophilus	-0.0582314335309	-0.0188276003441	0.00750480747429	-0.0164479754734	-0.0391604812287	0.00499223185855	0.00587343189865	-0.0158764542288	-0.00875221173793	-0.0249453199617	-0.043709516096	-0.0717846669788	0.0243387880516	-0.00565563631582	0.0397590700919	0.0230713447536	-0.00136227574767	0.0470831909012	-0.0158550805429	0.0346182509455	-0.0193965570867	0.0274317711625	-0.0145334290691	0.0274136405201	-0.0389042323989	1.0	-0.00492898660809	-0.041343914341	-0.0235004568824	-0.0175403425527	-0.0384458129281	-0.0168088378304	-0.026921409302	-0.00849844557535	-0.0133477695421	-0.00448069837869	-0.0081688709991	0.00907159540612	-0.0232824477418	-0.0158086437951	0.044735234829	-0.00607244910874	0.0207447837215	-0.0158046819311	0.0670486144694	-0.00386478574732	-0.0123952676993	-0.0117169942724	-0.0677502241287	0.0123183953955	0.00862231697904	0.044696774375	-0.00837272555616	0.0226255509667	-0.0414765860731	-0.110256110333	0.0262462178711	0.0056349980782	0.0163713159925
k__Bacteria;p__Firmicutes;c__Clostridia;o__Clostridiales;f__Lachnospiraceae;g__Roseburia;s__Roseburia_intestinalis	0.0184828712687	-0.00654687226326	0.0152630236441	0.0403401068842	-0.0146409694738	-0.00685408009199	0.0292209438468	0.0130428212366	0.0702878076712	0.0324732305079	-0.0391251021629	-0.0407210498241	-0.0010489325341	-0.0428229415667	0.0287734401404	-0.0475979492884	0.024147166962	-0.00420250673017	-0.0155505138673	-0.00196044788774	-0.0632647263563	0.0207230944779	-0.0135513847753	-0.051517524282	-0.0252483521255	-0.00492898660809	1.0	-0.0594027331516	0.00877112552593	-0.0260126078527	0.0506491003668	0.0123416226241	-0.0291594348382	0.000787666969241	-0.0397971357053	0.0751941232539	-0.0261846242301	-0.0276634697377	0.00134134288906	-0.0298754542557	-0.0189862633137	0.011149777864	-0.0455855866548	-0.0188694298439	-0.0120643947466	-0.020612976823	0.0222321580637	-0.0425226401611	-0.068588063166	-0.0155007093824	-0.0691039641631	0.0419286681238	-0.0133277020477	0.0123432350658	-0.00682265283067	-0.0261198435437	0.0346125191041	0.0262132711031	0.0125195905366
k__Bacteria;p__Firmicutes;c__Clostridia;o__Clostridiales;f__Lachnospiraceae;g__Roseburia;s__Roseburia_hominis	0.0244957064144	0.00208194084448	-0.0441900641693	-0.0897897278431	0.0199855823633	-0.00681263506603	-0.00896146327057	-0.000228140954147	-0.00226816995264	0.00446643006005	0.0869806763053	0.00525259066873	-0.000311666695133	0.049153127277	-0.00401843372497	-0.0629776497991	-0.0160695729444	-0.0162475481609	0.0536535825677	-0.0501221659111	-0.00453073465704	0.00123874909618	0.0573741869747	0.0366981234873	0.0536607783033	-0.041343914341	-0.0594027331516	1.0	0.00332909146435	0.0138728853018	-0.0635971632179	0.00773350485943	-0.0147875533663	-0.00800391600908	0.0257948329767	-0.0415468335543	-0.0697106746428	-0.0460772491821	0.00655646923779	-0.0616018907943	-0.0305750523308	-0.0706753567403	-0.0108941387145	-0.0386933543247	-0.0435051340013	0.058579471464	0.012248112086	-0.0781722755033	0.00272742201812	-0.0325737319809	0.0247494486286	-0.0348675938899	0.044901488824	0.0198087770711	0.00203781950957	-0.0370441378891	-0.0282853801293	0.00162013721323	0.0122993025813
k__Bacteria;p__Bacteroidetes;c__Bacteroidia;o__Bacteroidales;f__Porphyromonadaceae;g__Parabacteroides;s__Parabacteroides_johnsonii	0.000594891839698	-0.0418296658537	-0.0812304425961	0.0113762754335	-0.0398155169047	-0.0510809675826	-0.0143768199029	-0.00302176744677	0.0402297653236	-0.0287903765884	-0.00895179230116	-0.0234776753672	0.0427797994665	-0.0538634114602	0.00934427492666	0.00179238691042	-0.0106439680185	-0.0164054754001	0.027923089078	0.0141289142733	0.0299024512032	-0.0210480146382	-0.0807643161013	-0.004723381517	-0.0062285448485	-0.0235004568824	0.00877112552593	0.00332909146435	1.0	-0.0109315088652	-0.0522247759715	-0.02765948109	0.0515792675565	-0.00464280516215	0.00257508522314	-0.0250626810132	0.0338492751168	-0.0265755769766	0.0096789373433	-0.0470551892717	-0.0499548461079	-0.00289054434355	0.0435416746736	0.0180155366186	-0.00293533072378	0.00626420847412	0.0362668294446	-0.00923546095781	-8.70790754341e-05	-0.0771239135177	-0.0398604339414	-0.0542977683905	-0.0211993259767	-0.00836935738149	0.0376006791481	-0.0357190612088	0.00481793699774	0.0102434742121	-0.00516871483897
k__Bacteria;p__Actinobacteria;c__Actinobacteria;o__Bifidobacteriales;f__Bifidobacteriaceae;g__Bifidobacterium;s__Bifidobacterium_longum	-0.0376185205762	0.00714217584532	-0.0191362723561	0.0234837915139	0.026531195381	-0.00887867961389	-0.067694164977	0.0189739176901	-0.0175252125345	-0.0112747242751	-0.05467246786	-0.0391085607819	0.00916723889867	0.0338353602154	-0.058703932542	-0.003138215355	-0.0581971463272	0.00902313671918	-0.00931595449787	-0.0584801390407	0.0290865447123	-0.0736900283	0.0378670047592	-0.0727825555351	0.026561798162	-0.0175403425527	-0.0260126078527	0.0138728853018	-0.0109315088652	1.0	-0.0138492149816	0.0425896884593	-0.00183849056273	0.00820106570912	-0.0113812249732	-0.00318888950696	-0.00064291296879	-0.0331305998641	0.0355389308442	0.00809097874799	0.0245280954734	0.0228815235206	-0.00636681839437	0.0279931868608	-0.000296845281981	0.0140029559407	0.0318458679772	-0.0127815138943	0.00845587718425	-0.0345454760752	0.0454540989484	0.0189439062095	-0.0570802564212	-0.0390042872862	-0.0234151551242	0.032261593489	0.00808447332664	-0.0377258853507	-0.0201701609888
