#taxonomy	k__Bacteria;p__Bacteroidetes;c__Bacteroidia;o__Bacteroidales;f__Bacteroidaceae;g__Bacteroides;s__Bacteroides_vulgatus	k__Bacteria;p__Bacteroidetes;c__Bacteroidia;o__Bacteroidales;f__Bacteroidaceae;g__Bacteroides;s__Bacteroides_uniformis	k__Bacteria;p__Bacteroidetes;c__Bacteroidia;o__Bacteroidales;f__Rikenellaceae;g__Alistipes;s__Alistipes_putredinis	k__Bacteria;p__Bacteroidetes;c__Bacteroidia;o__Bacteroidales;f__Prevotellaceae;g__Prevotella;s__Prevotella_copri	k__Bacteria;p__Bacteroidetes;c__Bacteroidia;o__Bacteroidales;f__Bacteroidaceae;g__Bacteroides;s__Bacteroides_stercoris	k__Bacteria;p__Bacteroidetes;c__Bacteroidia;o__Bacteroidales;f__Bacteroidaceae;g__Bacteroides;s__Bacteroides_ovatus	k__Bacteria;p__Bacteroidetes;c__Bacteroidia;o__Bacteroidales;f__Rikenellaceae;g__Alistipes;s__Alistipes_shahii	k__Bacteria;p__Firmicutes;c__Clostridia;o__Clostridiales;f__Ruminococcaceae;g__Faecalibacterium;s__Faecalibacterium_prausnitzii	k__Bacteria;p__Bacteroidetes;c__Bacteroidia;o__Bacteroidales;f__Rikenellaceae;g__Alistipes;s__Alistipes_finegoldii	k__Bacteria;p__Bacteroidetes;c__Bacteroidia;o__Bacteroidales;f__Porphyromonadaceae;g__Parabacteroides;s__Parabacteroides_distasonis	k__Bacteria;p__Bacteroidetes;c__Bacteroidia;o__Bacteroidales;f__Bacteroidaceae;g__Bacteroides;s__Bacteroides_thetaiotaomicron	k__Bacteria;p__Bacteroidetes;c__Bacteroidia;o__Bacteroidales;f__Bacteroidaceae;g__Bacteroides;s__Bacteroides_coprocola	k__Bacteria;p__Bacteroidetes;c__Bacteroidia;o__Bacteroidales;f__Bacteroidaceae;g__Bacteroides;s__Bacteroides_cellulosilyticus	k__Bacteria;p__Bacteroidetes;c__Bacteroidia;o__Bacteroidales;f__Rikenellaceae;g__Alistipes;s__Alistipes_obesi	k__Bacteria;p__Firmicutes;c__Clostridia;o__Clostridiales;f__Lachnospiraceae;g__;s__[Eubacterium]_rectale	k__Bacteria;p__Bacteroidetes;c__Bacteroidia;o__Bacteroidales;f__Bacteroidaceae;g__Bacteroides;s__Bacteroides_plebeius	k__Bacteria;p__Bacteroidetes;c__Bacteroidia;o__Bacteroidales;f__Bacteroidaceae;g__Bacteroides;s__Bacteroides_fragilis	k__Bacteria;p__Proteobacteria;c__Betaproteobacteria;o__Burkholderiales;f__Sutterellaceae;g__Sutterella;s__Sutterella_wadsworthensis	k__Bacteria;p__Bacteroidetes;c__Bacteroidia;o__Bacteroidales;f__Porphyromonadaceae;g__Barnesiella;s__Barnesiella_intestinihominis	k__Bacteria;p__Bacteroidetes;c__Bacteroidia;o__Bacteroidales;f__Odoribacteraceae;g__Odoribacter;s__Odoribacter_splanchnicus	k__Bacteria;p__Bacteroidetes;c__Bacteroidia;o__Bacteroidales;f__Bacteroidaceae;g__Bacteroides;s__Bacteroides_salyersiae	k__Bacteria;p__Firmicutes;c__Clostridia;o__Clostridiales;f__Ruminococcaceae;g__Ruminiclostridium;s__[Eubacterium]_siraeum	k__Bacteria;p__Proteobacteria;c__Betaproteobacteria;o__Burkholderiales;f__Sutterellaceae;g__Parasutterella;s__Parasutterella_excrementihominis	k__Bacteria;p__Actinobacteria;c__Actinobacteria;o__Bifidobacteriales;f__Bifidobacteriaceae;g__Bifidobacterium;s__Bifidobacterium_adolescentis	k__Bacteria;p__Firmicutes;c__Clostridia;o__Clostridiales;f__Oscillospiraceae;g__Oscillibacter;s__Oscillibacter_sp._KLE_1745	k__Bacteria;p__Bacteroidetes;c__Bacteroidia;o__Bacteroidales;f__Bacteroidaceae;g__Bacteroides;s__Bacteroides_coprophilus	k__Bacteria;p__Firmicutes;c__Clostridia;o__Clostridiales;f__Lachnospiraceae;g__Roseburia;s__Roseburia_intestinalis	k__Bacteria;p__Firmicutes;c__Clostridia;o__Clostridiales;f__Lachnospiraceae;g__Roseburia;s__Roseburia_hominis	k__Bacteria;p__Bacteroidetes;c__Bacteroidia;o__Bacteroidales;f__Porphyromonadaceae;g__Parabacteroides;s__Parabacteroides_johnsonii	k__Bacteria;p__Actinobacteria;c__Actinobacteria;o__Bifidobacteriales;f__Bifidobacteriaceae;g__Bifidobacterium;s__Bifidobacterium_longum	k__Bacteria;p__Firmicutes;c__Clostridia;o__Clostridiales;f__;g__Flavonifractor;s__Flavonifractor_plautii	k__Bacteria;p__Firmicutes;c__Clostridia;o__Clostridiales;f__Clostridiaceae;g__Clostridium;s__Clostridium_phoceensis	k__Bacteria;p__Verrucomicrobia;c__Verrucomicrobiae;o__Verrucomicrobiales;f__Akkermansiaceae;g__Akkermansia;s__Akkermansia_muciniphila	k__Bacteria;p__Bacteroidetes;c__Bacteroidia;o__Bacteroidales;f__Prevotellaceae;g__Paraprevotella;s__Paraprevotella_xylaniphila	k__Bacteria;p__Firmicutes;c__Clostridia;o__Clostridiales;f__Ruminococcaceae;g__Ruminococcus;s__Ruminococcus_callidus	k__Bacteria;p__Bacteroidetes;c__Bacteroidia;o__Bacteroidales;f__Rikenellaceae;g__Alistipes;s__Alistipes_senegalensis	k__Bacteria;p__Firmicutes;c__Clostridia;o__Clostridiales;f__Lachnospiraceae;g__Blautia;s__Blautia_sp._KLE_1732	k__Bacteria;p__Bacteroidetes;c__Bacteroidia;o__Bacteroidales;f__Bacteroidaceae;g__Bacteroides;s__Bacteroides_oleiciplenus	k__Bacteria;p__Firmicutes;c__Clostridia;o__Clostridiales;f__Ruminococcaceae;g__Ruminococcus;s__Ruminococcus_bicirculans	k__Bacteria;p__Bacteroidetes;c__Bacteroidia;o__Bacteroidales;f__Bacteroidaceae;g__Bacteroides;s__Bacteroides_fluxus	k__Bacteria;p__Bacteroidetes;c__Bacteroidia;o__Bacteroidales;f__Prevotellaceae;g__Prevotella;s__Prevotella_stercorea	k__Bacteria;p__Firmicutes;c__Clostridia;o__Clostridiales;f__Lachnospiraceae;g__Dorea;s__Dorea_longicatena	k__Bacteria;p__Firmicutes;c__Clostridia;o__Clostridiales;f__Eubacteriaceae;g__Eubacterium;s__[Eubacterium]_eligens	k__Bacteria;p__Firmicutes;c__Clostridia;o__Clostridiales;f__Ruminococcaceae;g__;s__Ruminococcaceae_bacterium_D16	k__Bacteria;p__Firmicutes;c__Clostridia;o__Clostridiales;f__Lachnospiraceae;g__Coprococcus;s__Coprococcus_comes	k__Bacteria;p__Proteobacteria;c__Gammaproteobacteria;o__Enterobacterales;f__Enterobacteriaceae;g__Escherichia;s__Escherichia_coli	k__Bacteria;p__Firmicutes;c__Clostridia;o__Clostridiales;f__Ruminococcaceae;g__Anaerotruncus;s__Anaerotruncus_colihominis	k__Bacteria;p__Firmicutes;c__Clostridia;o__Clostridiales;f__Lachnospiraceae;g__Blautia;s__Blautia_obeum	k__Bacteria;p__Bacteroidetes;c__Bacteroidia;o__Bacteroidales;f__Odoribacteraceae;g__Odoribacter;s__Odoribacter_laneus	k__Bacteria;p__Firmicutes;c__Clostridia;o__Clostridiales;f__Ruminococcaceae;g__Ruminiclostridium;s__[Clostridium]_leptum	k__Bacteria;p__Bacteroidetes;c__Bacteroidia;o__Bacteroidales;f__Porphyromonadaceae;g__Parabacteroides;s__Parabacteroides_goldsteinii	k__Bacteria;p__Firmicutes;c__Clostridia;o__Clostridiales;f__Lachnospiraceae;g__Anaerostipes;s__Anaerostipes_hadrus	k__Bacteria;p__Firmicutes;c__Clostridia;o__Clostridiales;f__Ruminococcaceae;g__Ruminococcus;s__Ruminococcus_lactaris	k__Bacteria;p__Firmicutes;c__Clostridia;o__Clostridiales;f__Clostridiaceae;g__Clostridium;s__Clostridium_sp._L2-50	k__Bacteria;p__Firmicutes;c__Clostridia;o__Clostridiales;f__Clostridiaceae;g__Clostridium;s__Clostridium_sp._M62/1	k__Bacteria;p__Firmicutes;c__Clostridia;o__Clostridiales;f__;g__Intestinimonas;s__Intestinimonas_butyriciproducens	k__Bacteria;p__Actinobacteria;c__Actinobacteria;o__Bifidobacteriales;f__Bifidobacteriaceae;g__Bifidobacterium;s__Bifidobacterium_bifidum	k__Bacteria;p__Firmicutes;c__Negativicutes;o__Veillonellales;f__Veillonellaceae;g__Dialister;s__Dialister_invisus	k__Bacteria;p__Bacteroidetes;c__Bacteroidia;o__Bacteroidales;f__Bacteroidaceae;g__Bacteroides;s__Bacteroides_salanitronis
k__Bacteria;p__Bacteroidetes;c__Bacteroidia;o__Bacteroidales;f__Bacteroidaceae;g__Bacteroides;s__Bacteroides_vulgatus	1.0	-0.00341082962373	-0.0146109421521	0.0151426017704	0.0633275589425	0.0533382741262	0.00959958371056	0.0652992724088	0.00736204531975	-0.00260792434295	-0.0539670488966	-0.00354013081692	-0.0555397097606	0.0229438763395	0.0124703134359	-0.0303079323719	0.000546478045821	0.0349600520422	-0.00825966015867	-0.0243239434359	0.00259849413614	-0.0452628231631	-0.0745705662698	0.0192466762295	-0.0289296240813	-0.00581550130132	-0.0151351234136	0.0240633078198	0.00948948064445	0.0497881098108	0.0432493740904	-0.059050539356	-0.0142217691989	-0.0752316335979	0.00397423694086	-0.00251724367894	-0.0251811184616	-0.0168009420183	0.0180525917882	0.0447048746438	-0.0289374476999	-0.0160717953902	0.0245365537607	-0.0641674658051	-0.0429734824334	0.00293281335334	0.0291545190108	-0.0264940327339	0.0098328937948	0.0206437968515	-0.0530543825946	-0.00780743074577	0.00565785136474	-0.0466375750151	-0.00424173687746	0.0197310304427	-0.0186638180221	-0.0597257380991	-0.0536772349347
k__Bacteria;p__Bacteroidetes;c__Bacteroidia;o__Bacteroidales;f__Bacteroidaceae;g__Bacteroides;s__Bacteroides_uniformis	-0.00341082962373	1.0	0.00294128175271	0.0692665536618	0.01567397449	-0.0232379280145	-0.0218378002105	0.00855202884546	-0.0278293395293	0.0237041121156	-0.0437454319005	-0.0116812440474	-0.0421525464581	-0.00565737177704	0.0104594484783	-0.0306868312226	-0.0409813711857	-0.0194644884352	-0.0341900834714	0.00653861206757	-0.000769616145949	-0.0575448410566	-0.000848720343039	-0.00961454350929	-0.0475126962475	-0.0182335839229	0.013154298947	0.000473323049928	-0.0418147771815	-0.000619086681191	-0.0625011147103	0.027466073442	-0.00178447452479	0.0421776590799	0.00677268462181	-0.021714828383	-0.040313713756	-0.0271272056192	0.0194882068709	0.000483474021274	-0.0410228751898	0.0199828120217	-0.0174839832168	-0.0753856836583	-0.0285876143055	0.0220192484264	-0.00756997248158	-0.0463655155189	0.00768209308177	0.00641002641205	0.0262240288778	0.0533906049022	0.00277809324019	0.0168108975312	0.0506627356911	-0.0554611040378	0.00133909035214	0.0120040726997	-0.0191537639924
k__Bacteria;p__Bacteroidetes;c__Bacteroidia;o__Bacteroidales;f__Rikenellaceae;g__Alistipes;s__Alistipes_putredinis	-0.0146109421521	0.00294128175271	1.0	0.0515759775183	-0.0427561134098	-0.00804569616459	-0.0257767901449	-0.0844646443458	0.0305611036096	-0.010341158433	-0.0287491953872	0.0339405134767	-0.0488812500804	-0.0129060507334	-0.0251431181828	-0.0140420721515	0.0413889236087	0.0171805896278	0.0209842291179	0.0120737434375	-0.0154673851596	-0.0519508514215	0.0229576311039	-0.0160927327813	-0.0256717447828	-0.0132042082574	-0.0135440589151	0.0496767273629	-0.0384280817942	-0.0252577722186	-0.0577605247973	0.0291765475753	0.0676826212979	-0.00697843309093	-0.0217322172107	0.0277591099375	0.0126615431059	-0.0167759315659	0.0307250650062	0.0338148965217	-0.00251574911439	-0.060828185767	-0.00108480651576	0.0350079003956	-0.0686622189169	0.0122661959642	0.026692960265	-0.032541911088	0.0381503621057	0.0119941650635	-0.0609829874546	-0.00296095262912	0.000706157306877	-0.0139906020894	-0.00849956699031	0.0451925456891	0.0336993522768	0.0328824256246	-0.00587814636634
k__Bacteria;p__Bacteroidetes;c__Bacteroidia;o__Bacteroidales;f__Prevotellaceae;g__Prevotella;s__Prevotella_copri	0.0151426017704	0.0692665536618	0.0515759775183	1.0	0.0423854954769	-0.018098562861	-0.0571374402508	0.0116907813579	0.00999461034765	-0.035879645046	0.0148948008857	-0.027926580434	0.0309203461541	0.0138035880138	-0.00808234029685	-0.0811402524233	-0.0015561251443	-0.0643779623758	-0.0262414383322	0.0165033401323	-0.0342489236853	-0.00466089785393	0.0352402523867	0.0312540676964	0.030611960768	-0.0249611701162	-0.0370137942349	0.0474024594138	-0.0225365860368	0.0634675290849	-0.0167150828285	-0.0235990690522	-0.0298411055521	-0.0354032251799	-0.00608307694301	0.0253282928841	-0.00994355952955	-0.053155771201	-0.00885033701243	-0.00945499608771	-0.0417387241586	-0.0155525935763	0.0103802939804	0.0206387341265	0.00184110018719	-0.0586847586514	0.054437159414	-0.0303104213084	-0.0125304477656	0.00844415193373	-0.0460124503728	-0.00665435470646	-0.0452757957518	0.0255484464985	-1.30105508355e-05	-0.00580714952244	0.0215959031044	-0.0189234768791	-0.0469046473897
k__Bacteria;p__Bacteroidetes;c__Bacteroidia;o__Bacteroidales;f__Bacteroidaceae;g__Bacteroides;s__Bacteroides_stercoris	0.0633275589425	0.01567397449	-0.0427561134098	0.0423854954769	1.0	-0.0418077624423	-0.0203727229062	-0.0373430177698	-0.00485512368865	-0.0625623686705	0.0242335156681	0.0476333386008	0.0084804266272	0.020055523605	-0.031310306453	0.0114604950054	0.0310129827666	0.0356926690861	-0.0294255485707	0.0254631481155	-0.0635116856517	-0.0486642759263	0.0136957128674	0.000218052588849	0.0433304270353	-0.0212122028144	0.0413690700726	-0.0257240366327	0.0278896113735	-0.0013412327676	-0.0241739534145	0.0216236917811	0.018562923913	-0.00461249374403	0.00254859351518	-0.0227590725917	-0.0288123620559	-0.00883068047393	-0.00639402582935	-0.0187924951426	-0.0250412125033	-0.0358687264392	-0.0158488233892	-0.0500542658454	0.00758879413077	-0.0644073920724	0.0156865249743	0.0133154582597	0.0167746906572	0.0282368352451	-0.0175258171708	-0.0105356626796	-0.0647746424509	-0.0216044515838	0.0133286223788	0.00371665214015	0.00117304691104	-0.0225656401291	-0.00380182494293
k__Bacteria;p__Bacteroidetes;c__Bacteroidia;o__Bacteroidales;f__Bacteroidaceae;g__Bacteroides;s__Bacteroides_ovatus	0.0533382741262	-0.0232379280145	-0.00804569616459	-0.018098562861	-0.0418077624423	1.0	0.0218007699759	-0.0318154012921	-0.0605926688234	0.00220043753743	0.0519399326817	0.0126736250874	-0.0558114796417	-0.0252342474049	0.0275265762622	0.0322023343068	0.00131336752917	-0.0742706227926	-0.00701932256879	-0.00216104651393	-0.00508474518275	0.0124854444736	-0.0346212220711	0.022818677303	-0.0259623174866	-0.00450345018153	-0.00281361712132	0.0381192318388	0.0159073583521	-0.0284138663086	-0.0359208513035	-0.022779982159	-0.0950279232256	-0.0280549160889	-0.000665940798765	-0.00954967231431	-0.0420452925921	-0.022233774764	-0.0155466739913	-0.0419849681483	0.0464083419333	0.0157941675398	0.0343601240392	0.0247711145511	-0.0499033783045	-0.0490614051494	-0.00187307784075	-0.000594849493908	0.0125291405929	0.00309204301121	0.0764266281045	0.0105000110909	0.0343693470692	0.0416583898404	-0.0194346834127	-0.020362585604	-0.0109652757884	-0.0461898693651	-0.0286607689735
k__Bacteria;p__Bacteroidetes;c__Bacteroidia;o__Bacteroidales;f__Rikenellaceae;g__Alistipes;s__Alistipes_shahii	0.00959958371056	-0.0218378002105	-0.0257767901449	-0.0571374402508	-0.0203727229062	0.0218007699759	1.0	-0.0364549822324	-0.019898337371	0.0418428776808	0.020009056342	-0.085688183346	-0.0108970880091	0.0104470105594	-0.0585961228078	-0.0601752601261	-0.00434800922576	-0.043087584872	0.013204226139	-0.0255514887379	0.0556066792127	-0.0315186142922	0.00224341332987	-0.0119030482986	0.0209021942143	-0.0108043767012	0.0564683944084	-0.0425972756031	0.0390320965011	-0.0396915483832	-0.0422067098349	-0.0313737351806	0.0194969956651	0.00696304340443	0.0402028967519	0.042040532828	0.0363148010732	-0.0607956197326	-0.0135258176116	0.00702542749145	-0.0317108522159	-0.0165805524906	0.049409353861	0.0457266285331	-0.0294001274034	-0.0280742627691	0.0145340276364	0.0664565230797	-0.0200885608275	-0.0586461525641	0.00721163928859	-0.0210120277237	-0.0381987857887	0.0111238639339	-0.0155532879114	-0.00645344929783	-0.0238929119505	-0.0084908147815	-0.0282483504656
k__Bacteria;p__Firmicutes;c__Clostridia;o__Clostridiales;f__Ruminococcaceae;g__Faecalibacterium;s__Faecalibacterium_prausnitzii	0.0652992724088	0.00855202884546	-0.0844646443458	0.0116907813579	-0.0373430177698	-0.0318154012921	-0.0364549822324	1.0	-0.00399839326838	-0.0674569115951	0.0232586556071	0.0240074088512	0.0674576423021	-0.0116182855534	0.00287825962879	-0.0152986416961	-0.024216419944	0.0346805906178	-0.0581226501251	-0.0352697021416	-0.00983290862542	-0.00728997380376	-0.0396180764852	-0.00737943392605	0.026762225567	-0.0345797450179	0.0155427749739	-0.0190247526268	-0.0106232189239	0.0195532287573	0.036205775521	0.00125147093126	0.00467274427161	0.0106998085086	0.0512419923199	-0.0243246863091	-0.0350116009134	0.0316910114474	-0.0660123255542	-0.032154798511	0.0255436932471	-0.0158233929796	-0.0190248683082	0.00588931000857	-0.0338537005347	0.0129346817766	0.0372053472604	-0.0204984224645	-0.0143016191354	-0.0594684637541	-0.0598885524912	0.0319438283157	-0.00862353249117	0.00515249762974	0.0184513325313	-0.00372139212895	0.0126291691772	0.0232866532819	-0.042739781735
k__Bacteria;p__Bacteroidetes;c__Bacteroidia;o__Bacteroidales;f__Rikenellaceae;g__Alistipes;s__Alistipes_finegoldii	0.00736204531975	-0.0278293395293	0.0305611036096	0.00999461034765	-0.00485512368865	-0.0605926688234	-0.019898337371	-0.00399839326838	1.0	0.00710180508618	-0.0254453210414	0.00123492865579	0.029526825073	-0.0319725839188	-0.0355486766853	0.0212861107306	-0.0494375282983	-0.0207567548755	0.0303564174687	-0.0390132154702	0.0301536901821	-0.0223292053499	-0.0255611837869	-0.0459951724962	-0.0301075193502	-0.00258810004006	-0.0297904166807	-0.0378523397218	-0.0413448794404	0.0038306814926	0.00555250594315	-0.015740812221	-0.0412584465304	0.0148749686731	-0.0251692539047	-0.0236781052106	0.0458946975214	0.0602244863045	-0.0141165139308	-0.0170654972455	0.0243301839995	0.0160967679273	-0.0284422971264	-0.0552003860982	0.0297421736731	0.017051452252	0.00343826740052	-0.0210579488371	0.0124053735478	0.0291905944646	-0.0253093234246	0.034753254277	0.00794300916534	0.0136890931719	0.0299232605901	-0.0044973045865	0.00999744056759	-0.0236403844695	-0.0506136460707
k__Bacteria;p__Bacteroidetes;c__Bacteroidia;o__Bacteroidales;f__Porphyromonadaceae;g__Parabacteroides;s__Parabacteroides_distasonis	-0.00260792434295	0.0237041121156	-0.010341158433	-0.035879645046	-0.0625623686705	0.00220043753743	0.0418428776808	-0.0674569115951	0.00710180508618	1.0	-0.0686641620854	-0.0137889192652	-0.0547497267782	-0.0101558572884	-0.0429034644069	-0.00411284356633	-0.0822557915945	-0.0158599755812	0.0140822962042	-0.0163329736024	-0.0620073568036	0.0353509404422	-0.00654540177082	-0.00205569175069	-0.00647617297446	-0.00407724844042	0.027719818223	-0.0210346270771	-3.27581296474e-06	0.00309202670687	-0.0172708023621	-0.0237367625007	-0.0353802303852	-0.037125130359	-0.0257282517099	-0.0331627959332	0.0456002937634	0.00452948095877	0.0398845005167	0.0308980572038	-0.0413404326967	0.0321893216582	-0.069689723215	0.0114864549745	0.00371988548467	0.0699993770929	0.0477261940882	-0.0128643705136	0.0459265589745	-0.030387396895	0.0315390966475	-0.0194253651889	-0.0555443678761	-0.0653072698726	0.0287083797954	0.0352750921458	-0.00122986732488	-0.0348080920922	-0.0379921830928
k__Bacteria;p__Bacteroidetes;c__Bacteroidia;o__Bacteroidales;f__Bacteroidaceae;g__Bacteroides;s__Bacteroides_thetaiotaomicron	-0.0539670488966	-0.0437454319005	-0.0287491953872	0.0148948008857	0.0242335156681	0.0519399326817	0.020009056342	0.0232586556071	-0.0254453210414	-0.0686641620854	1.0	-0.0583857693523	0.0264471000889	0.0295830446105	-0.0663541412815	-0.00212389900219	-0.0155295753556	-0.0333906079185	0.00081795376409	-0.0278768604399	-0.0576695106912	-0.0329343456006	-0.0392573986605	-0.0334207084679	-0.0153066689688	0.0285841328013	-0.0409143401354	0.0102789370322	-0.0266690342444	-0.00289230326636	-0.021805425681	0.0320960150368	-0.079421751011	0.0213576852765	-0.018054316968	0.0184381707697	0.0222817350935	-0.000430276791823	-0.00859782368245	-0.0196557101709	0.0178217962507	0.0180541932629	0.0100247298154	0.0528344395784	0.06007018162	-0.0218215359744	-0.0182194227965	0.0364706502169	0.00506685757498	-0.0153377590299	0.00526410557354	-0.00364575002519	-0.0452020904931	-0.0377091475662	-0.0510775942299	0.030859924214	-0.0206410514967	-0.0478299562156	0.0341666914816
k__Bacteria;p__Bacteroidetes;c__Bacteroidia;o__Bacteroidales;f__Bacteroidaceae;g__Bacteroides;s__Bacteroides_coprocola	-0.00354013081692	-0.0116812440474	0.0339405134767	-0.027926580434	0.0476333386008	0.0126736250874	-0.085688183346	0.0240074088512	0.00123492865579	-0.0137889192652	-0.0583857693523	1.0	-0.0051982702563	0.0101722848372	-0.0446088128313	-0.0141901778786	-0.00765450258813	0.0125538302568	0.0374717921646	-0.0290973341493	0.0465610172432	0.018159406062	-0.0137837533065	0.0441248717155	-0.0376803925816	-0.050823867895	0.028301374682	-0.0414286798842	0.0191915394709	-0.0384276746141	-0.0158249091632	0.00574994507168	-0.0048382768697	-0.00160930555348	0.0499952995628	-0.00683278325348	-0.0492397841786	-0.0098075663976	0.0191613688067	-0.0160653164635	0.0192161758428	0.00732418267528	-0.0109550741369	-0.0235679319744	3.31280747483e-05	0.0453575755189	0.00349707483159	-0.0282851591389	-0.0635663248329	-0.0815910148543	-0.0216473982847	-0.00915237309237	0.00382384165918	0.0041039129527	-0.0161478937843	-0.0420156689386	-0.0106302575285	0.0366470670458	0.027338189538
k__Bacteria;p__Bacteroidetes;c__Bacteroidia;o__Bacteroidales;f__Bacteroidaceae;g__Bacteroides;s__Bacteroides_cellulosilyticus	-0.0555397097606	-0.0421525464581	-0.0488812500804	0.0309203461541	0.0084804266272	-0.0558114796417	-0.0108970880091	0.0674576423021	0.029526825073	-0.0547497267782	0.0264471000889	-0.0051982702563	1.0	-0.00765144027049	-0.00315987145762	0.00079597528137	0.047436293212	-0.0236065145261	-0.0739094156381	-0.0102189408927	0.0341274992684	0.00316201663098	0.037044206496	-0.0379985521226	0.0346859180094	0.00228580633792	0.0199340463128	-0.0106187162368	-0.023900681021	0.0325188323879	0.0282538700666	0.0181998188488	-0.0417893265762	-0.0326587520715	0.0272015679496	-0.000106785148399	-0.0363272194539	0.0149518906087	0.0277468302218	0.0469939615256	0.00614612151776	-0.00650693204269	0.0188397213447	-0.0360939821537	0.00408409443401	-0.0723727599833	0.00478603833237	0.0564294338339	-0.0758793125602	-0.0788133914284	-0.0208756408412	0.0111735640778	-0.0409934228157	0.0705937861114	-0.0598116690443	-0.0435071795107	-0.0307469721663	0.0307582388796	-0.0209521112352
k__Bacteria;p__Bacteroidetes;c__Bacteroidia;o__Bacteroidales;f__Rikenellaceae;g__Alistipes;s__Alistipes_obesi	0.0229438763395	-0.00565737177704	-0.0129060507334	0.0138035880138	0.020055523605	-0.0252342474049	0.0104470105594	-0.0116182855534	-0.0319725839188	-0.0101558572884	0.0295830446105	0.0101722848372	-0.00765144027049	1.0	-0.0420754887659	0.00320863728484	-0.00518856711774	-0.0420844505723	0.0225007040667	0.03963687332	-0.00192521551628	0.0279076534716	-0.064995666867	0.0437589362394	-0.0220527893464	0.0235589352124	0.008902085522	-0.00547582943691	0.0044099743089	0.0384160469845	0.00462558341994	-0.0709268325029	-0.0076057934138	-0.0175040798127	0.0091842134319	-0.0191650759418	-0.0353246129657	-0.0178163835556	0.0126374708639	-0.0442961799015	-0.0351836320941	-0.0173256449012	-0.0731655900225	-0.101892149159	-0.0107563587599	0.0491965397111	0.0111643646399	0.02659310359	0.019525426023	-0.0739958599603	0.0221228586528	-0.0304403384237	-0.0165147929552	0.0161358222781	-0.0486722288658	0.0077034955395	0.00871673680643	0.0315153707605	-0.0349019698193
k__Bacteria;p__Firmicutes;c__Clostridia;o__Clostridiales;f__Lachnospiraceae;g__;s__[Eubacterium]_rectale	0.0124703134359	0.0104594484783	-0.0251431181828	-0.00808234029685	-0.031310306453	0.0275265762622	-0.0585961228078	0.00287825962879	-0.0355486766853	-0.0429034644069	-0.0663541412815	-0.0446088128313	-0.00315987145762	-0.0420754887659	1.0	0.00957326744255	-0.0381812700974	-0.00842339339013	-0.00565913745311	0.0191746886461	0.0340505325674	-0.00114431481718	-0.0240290755983	-0.0254175095895	0.0198209208985	-0.0288116707935	0.030359318644	-0.0129760457157	-0.0138532085288	0.0214623517708	0.0695677292429	-0.0397399809926	-0.0127122600297	0.0267949039745	0.0170246395642	0.0395271963398	0.0230314459648	0.0164620348108	-0.0122534475104	-0.0462055982824	-0.054190801528	-0.0275191922258	-0.0425535255047	0.00118309326984	0.0270067955439	-0.0394472855005	0.0541685154939	-0.00323983453731	-0.00183932618274	0.0118048673383	0.0443317487953	-0.0187873418227	0.0159164466733	-0.0342754430584	0.0261715721133	-0.0283985188294	-0.00592928154391	-0.0274769341166	-0.0132017436172
k__Bacteria;p__Bacteroidetes;c__Bacteroidia;o__Bacteroidales;f__Bacteroidaceae;g__Bacteroides;s__Bacteroides_plebeius	-0.0303079323719	-0.0306868312226	-0.0140420721515	-0.0811402524233	0.0114604950054	0.0322023343068	-0.0601752601261	-0.0152986416961	0.0212861107306	-0.00411284356633	-0.00212389900219	-0.0141901778786	0.00079597528137	0.00320863728484	0.00957326744255	1.0	-0.0134296022501	-0.0145819492616	-0.0156465714536	-0.0544700439203	-0.0116066652692	0.0496380259494	-0.0702443552098	-0.0211874912103	-0.0409461351395	-0.0249512313518	-0.0343359830847	0.0175185476891	0.00630622235489	0.0140762934637	0.0414707764334	-0.00126906437214	-0.0815015503577	0.0185592066306	-0.00460819496091	0.0487046926456	0.0151582103813	-0.0474502095308	0.0374176918963	-0.033404934555	-0.0191199458504	0.00119228024672	-0.0252574631993	-0.0081050871723	-0.0665249715235	0.00628928523275	-0.0288551076635	0.0194447015594	0.00403879758784	-0.018918395463	0.0425225592725	-0.0243089118396	-0.059743332398	0.00745091787589	-0.0546015742578	0.0070213527312	0.0368043799506	-0.0212541936721	-0.00193764905839
k__Bacteria;p__Bacteroidetes;c__Bacteroidia;o__Bacteroidales;f__Bacteroidaceae;g__Bacteroides;s__Bacteroides_fragilis	0.000546478045821	-0.0409813711857	0.0413889236087	-0.0015561251443	0.0310129827666	0.00131336752917	-0.00434800922576	-0.024216419944	-0.0494375282983	-0.0822557915945	-0.0155295753556	-0.00765450258813	0.047436293212	-0.00518856711774	-0.0381812700974	-0.0134296022501	1.0	-0.00311541085539	-0.0105503109109	-0.0383766987186	-0.0135310748306	0.00619117650463	-0.0212313028247	0.0111956261203	-0.0415403538162	-0.0236382689029	0.0209518782178	-0.00266843485129	0.0105748136943	-0.028937887701	-0.0195217183217	0.0419998125014	0.0535016367341	-0.0743687262716	-0.0759083647373	0.0368251893894	-0.0174965442908	-0.0113766810388	-0.054731388741	0.047209872067	-0.0214241847788	-0.0167654130212	0.0167775752327	0.0154552893847	-0.032864913364	0.0239962384649	-0.045098416377	-0.000695469415251	-0.00852541093805	0.0098592977607	-0.00771477232433	-0.00274538314837	-0.00166525683949	0.00269803467323	0.018375293492	0.024240880419	-0.0314081854464	-0.0109960609648	-0.0261850263494
k__Bacteria;p__Proteobacteria;c__Betaproteobacteria;o__Burkholderiales;f__Sutterellaceae;g__Sutterella;s__Sutterella_wadsworthensis	0.0349600520422	-0.0194644884352	0.0171805896278	-0.0643779623758	0.0356926690861	-0.0742706227926	-0.043087584872	0.0346805906178	-0.0207567548755	-0.0158599755812	-0.0333906079185	0.0125538302568	-0.0236065145261	-0.0420844505723	-0.00842339339013	-0.0145819492616	-0.00311541085539	1.0	-0.0392025889485	0.0292823770182	-0.0407115454366	-0.0520328797475	-0.0124126542672	-0.0189709934597	0.000763117728325	-0.00711136130604	-0.025540197755	-0.0121851947128	-0.0393135830653	0.00414337994835	0.00810958907002	-0.0131438829776	0.0984133463248	-0.0289004828021	0.00777447117266	0.0240295514892	-0.00391583005415	0.000183449645529	-0.0782388368623	0.0246795472568	-0.0215694155883	0.0348775214026	0.0236586902682	0.0238053767674	0.0599676055069	0.0839921598143	0.0336862120506	-0.0315455260719	-0.0750851003829	0.0188879721723	-0.0205128863192	-0.0185648261699	-0.0409322983922	-0.0508054028879	0.0536262742818	-0.0217978136554	-0.0251752142527	-0.0229824048096	0.0277846829338
k__Bacteria;p__Bacteroidetes;c__Bacteroidia;o__Bacteroidales;f__Porphyromonadaceae;g__Barnesiella;s__Barnesiella_intestinihominis	-0.00825966015867	-0.0341900834714	0.0209842291179	-0.0262414383322	-0.0294255485707	-0.00701932256879	0.013204226139	-0.0581226501251	0.0303564174687	0.0140822962042	0.00081795376409	0.0374717921646	-0.0739094156381	0.0225007040667	-0.00565913745311	-0.0156465714536	-0.0105503109109	-0.0392025889485	1.0	-0.028048807122	-0.0563598864425	0.00815321131123	-0.00470542227685	-0.0313241180328	-0.0168612873459	-0.0271932492044	-0.0715873889807	-0.0564448926718	-0.0117698472018	0.0389372611475	-0.0425421302614	-0.049048557913	0.0089986987231	-0.0273839392747	-0.0166575726906	-0.0320282260432	-0.0517201257251	-0.06811999079	-0.0155156383194	0.0299265649266	0.0344668258568	0.0142845768539	-0.0172910213764	0.0478650894087	0.0695331909949	0.0113844203946	0.0378236869869	-0.0590806584873	0.00677524410071	0.0256539090015	-0.0179724308656	-0.0290210522016	-0.0323711109618	-0.00499428319521	-0.0587065918486	-0.012144921814	0.03689681001	0.00521693906997	-0.0118826558331
k__Bacteria;p__Bacteroidetes;c__Bacteroidia;o__Bacteroidales;f__Odoribacteraceae;g__Odoribacter;s__Odoribacter_splanchnicus	-0.0243239434359	0.00653861206757	0.0120737434375	0.0165033401323	0.0254631481155	-0.00216104651393	-0.0255514887379	-0.0352697021416	-0.0390132154702	-0.0163329736024	-0.0278768604399	-0.0290973341493	-0.0102189408927	0.03963687332	0.0191746886461	-0.0544700439203	-0.0383766987186	0.0292823770182	-0.028048807122	1.0	0.0397923007136	0.0556016847908	0.00962775137669	0.0114161883509	0.00127501888719	-0.00939978202146	0.0360962459653	-0.0167068686562	-0.00405204974159	0.00498631639991	-0.0395928912365	-0.0359147940197	-0.0175791920607	-0.03539826494	0.0588781059671	-0.0689655385771	-0.00168338849473	-0.0608224327107	-0.0133541789296	0.0156800046012	0.0525721149291	0.0074096205918	0.00747694785546	-0.0120043134347	-0.0101376655855	-0.0125702976749	-0.0232156316629	0.0149107790771	0.012836344021	-0.0196655142514	-0.0127862422531	-0.0282136421554	-0.0193123719174	-0.0209429888318	-0.0136596003	-0.0571633023139	-0.0184757369242	0.0251982555232	-0.0265096339144
k__Bacteria;p__Bacteroidetes;c__Bacteroidia;o__Bacteroidales;f__Bacteroidaceae;g__Bacteroides;s__Bacteroides_salyersiae	0.00259849413614	-0.000769616145949	-0.0154673851596	-0.0342489236853	-0.0635116856517	-0.00508474518275	0.0556066792127	-0.00983290862542	0.0301536901821	-0.0620073568036	-0.0576695106912	0.0465610172432	0.0341274992684	-0.00192521551628	0.0340505325674	-0.0116066652692	-0.0135310748306	-0.0407115454366	-0.0563598864425	0.0397923007136	1.0	0.0169073807732	-0.0117922615447	-0.0733522044024	-0.00777504873041	-0.00738298364255	-0.0176192182408	0.0052854750183	0.0314651283142	-0.0150658689916	-0.0354086667066	0.0122951828465	0.0197592986114	0.00912503414702	0.0472776353115	-0.0505522116688	0.00832807065267	0.00747668905414	0.0186654471784	0.00173093457667	0.0264179658152	-0.0105295658245	0.00254747327862	-0.00612362814034	0.0109835903256	-0.0100710943083	-0.0520163204118	-0.0165610619026	-0.0457992455978	-0.023111476697	-0.0513473224168	-0.042982541702	-0.0289050323277	-0.039907933287	-0.0365166566353	-0.0132727756259	-0.00226063353776	-0.0405866446419	-0.0783101738041
k__Bacteria;p__Firmicutes;c__Clostridia;o__Clostridiales;f__Ruminococcaceae;g__Ruminiclostridium;s__[Eubacterium]_siraeum	-0.0452628231631	-0.0575448410566	-0.0519508514215	-0.00466089785393	-0.0486642759263	0.0124854444736	-0.0315186142922	-0.00728997380376	-0.0223292053499	0.0353509404422	-0.0329343456006	0.018159406062	0.00316201663098	0.0279076534716	-0.00114431481718	0.0496380259494	0.00619117650463	-0.0520328797475	0.00815321131123	0.0556016847908	0.0169073807732	1.0	-0.0409688101342	-0.00399293550519	-0.0187918665787	-0.0020963011029	-0.0347629599294	0.0250907719827	0.0349421293403	-0.056738555289	-0.0518220336547	0.0293172547382	0.037358945812	0.0147606204714	0.0351712173403	-0.0518806046986	0.0395365812045	-0.0175805713806	-0.0205030080403	0.0169131015881	-0.00596340515723	0.0303112294553	-0.010664596237	0.0171799872767	0.00666767010783	-0.0369849477598	-0.12078595889	0.0105666844027	-0.0093982076054	0.0426805841629	-0.0383885464509	-0.0461369101676	0.0093491171508	-0.0614216930458	0.0232345961974	-0.0679676070263	0.0441047211321	-0.00706063471716	-0.0244762278795
k__Bacteria;p__Proteobacteria;c__Betaproteobacteria;o__Burkholderiales;f__Sutterellaceae;g__Parasutterella;s__Parasutterella_excrementihominis	-0.0745705662698	-0.000848720343039	0.0229576311039	0.0352402523867	0.0136957128674	-0.0346212220711	0.00224341332987	-0.0396180764852	-0.0255611837869	-0.00654540177082	-0.0392573986605	-0.0137837533065	0.037044206496	-0.064995666867	-0.0240290755983	-0.0702443552098	-0.0212313028247	-0.0124126542672	-0.00470542227685	0.00962775137669	-0.0117922615447	-0.0409688101342	1.0	-0.00782923006736	0.00530566814423	-0.0132907316576	0.0177848619456	-0.00603881760635	0.00327519716249	0.0149437962083	-0.0326257374314	0.0218189556396	0.00675035004866	-0.00404088844252	-0.0274229621467	-0.000551273871868	-0.0607563809203	0.044598622029	-0.00752980338483	-0.0101232898164	0.0291017887514	-0.0301637328025	-0.0222247962321	-0.00613666907953	-0.0453925219351	-0.00898126133515	-0.0513124871856	-0.00587358147165	-0.0204265597116	0.0286686459564	-0.00157568023558	-0.0063804574394	0.0149167501781	0.0614769529412	0.00783354815524	0.035180854301	-0.00984337890877	0.0156292178373	-0.0392402960612
k__Bacteria;p__Actinobacteria;c__Actinobacteria;o__Bifidobacteriales;f__Bifidobacteriaceae;g__Bifidobacterium;s__Bifidobacterium_adolescentis	0.0192466762295	-0.00961454350929	-0.0160927327813	0.0312540676964	0.000218052588849	0.022818677303	-0.0119030482986	-0.00737943392605	-0.0459951724962	-0.00205569175069	-0.0334207084679	0.0441248717155	-0.0379985521226	0.0437589362394	-0.0254175095895	-0.0211874912103	0.0111956261203	-0.0189709934597	-0.0313241180328	0.0114161883509	-0.0733522044024	-0.00399293550519	-0.00782923006736	1.0	0.0926619764453	0.00827821786995	0.0104476854736	-0.0203306651555	0.0383894311547	-0.0183936547656	0.00702381220276	0.012908723578	-0.0148833043548	-0.0344813455316	0.0407719139698	-0.0275569875421	-0.00269023596387	-0.0327636067641	-0.0270011867414	-0.0838124149046	-0.00194639324911	-0.0291979293588	-0.0434908976256	-0.0525689356909	-0.0383828020327	-0.0268901538832	-0.0209046879246	-0.0312002067111	-0.00679049379325	0.0287420845915	-0.0194016432396	-0.0637981283535	-0.0214621339992	-0.056900635677	0.00440613504825	-0.0416433388319	-0.046074183335	0.0513466663175	0.0661734666652
k__Bacteria;p__Firmicutes;c__Clostridia;o__Clostridiales;f__Oscillospiraceae;g__Oscillibacter;s__Oscillibacter_sp._KLE_1745	-0.0289296240813	-0.0475126962475	-0.0256717447828	0.030611960768	0.0433304270353	-0.0259623174866	0.0209021942143	0.026762225567	-0.0301075193502	-0.00647617297446	-0.0153066689688	-0.0376803925816	0.0346859180094	-0.0220527893464	0.0198209208985	-0.0409461351395	-0.0415403538162	0.000763117728325	-0.0168612873459	0.00127501888719	-0.00777504873041	-0.0187918665787	0.00530566814423	0.0926619764453	1.0	0.0412782191604	0.0477701185101	-0.00301774049072	0.00657274873577	0.0126786172012	0.00801124214186	0.0215515041961	-0.0122185232888	-0.0425514766961	-0.00944557849753	-0.00489121065492	-0.0721962438051	0.0787175300684	-0.0028065324261	-0.087168843474	-0.0115934843226	0.0148260363227	0.0168766610426	0.00406796222625	0.0371692941161	-0.0563379574985	-0.00509535896178	-0.0392026017708	0.0453719796716	0.00142056474229	-0.0108901872654	-0.00828300013185	-0.039116222174	0.00713237945431	-0.0257171258283	-0.0508966050457	-0.000204102004496	0.0343709848339	-0.0347451815891
k__Bacteria;p__Bacteroidetes;c__Bacteroidia;o__Bacteroidales;f__Bacteroidaceae;g__Bacteroides;s__Bacteroides_coprophilus	-0.00581550130132	-0.0182335839229	-0.0132042082574	-0.0249611701162	-0.0212122028144	-0.00450345018153	-0.0108043767012	-0.0345797450179	-0.00258810004006	-0.00407724844042	0.0285841328013	-0.050823867895	0.00228580633792	0.0235589352124	-0.0288116707935	-0.0249512313518	-0.0236382689029	-0.00711136130604	-0.0271932492044	-0.00939978202146	-0.00738298364255	-0.0020963011029	-0.0132907316576	0.00827821786995	0.0412782191604	1.0	-0.0210723490156	-0.0205320354566	-0.0551565556493	-0.0282511868063	0.07940008042	0.0103287204595	0.0278283106651	0.00494170850679	0.030312742771	-0.0742544359088	0.0102793332832	0.0791164926819	-0.0227043486632	0.0482875725382	0.0191468384055	0.0334857579043	-0.05884216106	0.031756093336	-0.0268203015095	-0.0362724917085	-0.00395357482229	-0.0200742276058	-0.0230176770224	-0.00311379922607	0.0418489268207	0.0274059257845	-0.0581374079917	-0.0421806433793	-0.0408836153359	0.00240797114807	0.0117093679204	-0.0471026242962	0.00875075816672
k__Bacteria;p__Firmicutes;c__Clostridia;o__Clostridiales;f__Lachnospiraceae;g__Roseburia;s__Roseburia_intestinalis	-0.0151351234136	0.013154298947	-0.0135440589151	-0.0370137942349	0.0413690700726	-0.00281361712132	0.0564683944084	0.0155427749739	-0.0297904166807	0.027719818223	-0.0409143401354	0.028301374682	0.0199340463128	0.008902085522	0.030359318644	-0.0343359830847	0.0209518782178	-0.025540197755	-0.0715873889807	0.0360962459653	-0.0176192182408	-0.0347629599294	0.0177848619456	0.0104476854736	0.0477701185101	-0.0210723490156	1.0	0.0310497888452	0.0150396961024	0.0100315440321	0.0193183723112	0.0494109727068	0.0462941783848	-0.00435371654716	0.00665536848466	-0.012387908617	0.0179884066726	-0.0165890007132	0.0577148632011	-0.010749874768	-0.0748544661093	0.00385913758228	-0.010047029678	0.00268001691512	-0.0221145227336	-0.03785044586	0.00922125861169	-0.0180173501034	-0.0602700684461	0.0330376742411	-0.0454564390572	-0.0268776681817	0.000890004799596	-0.0126330250546	-0.0530723683567	0.0516516912421	0.01366294826	-0.040702888452	0.0470174332463
k__Bacteria;p__Firmicutes;c__Clostridia;o__Clostridiales;f__Lachnospiraceae;g__Roseburia;s__Roseburia_hominis	0.0240633078198	0.000473323049928	0.0496767273629	0.0474024594138	-0.0257240366327	0.0381192318388	-0.0425972756031	-0.0190247526268	-0.0378523397218	-0.0210346270771	0.0102789370322	-0.0414286798842	-0.0106187162368	-0.00547582943691	-0.0129760457157	0.0175185476891	-0.00266843485129	-0.0121851947128	-0.0564448926718	-0.0167068686562	0.0052854750183	0.0250907719827	-0.00603881760635	-0.0203306651555	-0.00301774049072	-0.0205320354566	0.0310497888452	1.0	0.031026215482	-0.0396813762789	0.0461817827892	0.0208668936898	0.0240633944613	0.0696936919199	-0.0578453940932	0.0079275115429	-0.0503571869448	0.0196480994662	-0.0762052473256	0.00611452138201	-0.000335723355363	-0.00433945168657	0.0718661293999	-0.0187120565377	-0.00360160125765	-0.0396627653227	-0.106925186161	-0.0334012277951	-0.0433534407139	-0.0334732339124	-0.0350891137187	-0.0037953984153	-0.0773751766187	0.0144428972605	-0.00232259274245	0.000754029788918	0.0182713474273	-0.0522415962264	0.0252396874637
k__Bacteria;p__Bacteroidetes;c__Bacteroidia;o__Bacteroidales;f__Porphyromonadaceae;g__Parabacteroides;s__Parabacteroides_johnsonii	0.00948948064445	-0.0418147771815	-0.0384280817942	-0.0225365860368	0.0278896113735	0.0159073583521	0.0390320965011	-0.0106232189239	-0.0413448794404	-3.27581296474e-06	-0.0266690342444	0.0191915394709	-0.023900681021	0.0044099743089	-0.0138532085288	0.00630622235489	0.0105748136943	-0.0393135830653	-0.0117698472018	-0.00405204974159	0.0314651283142	0.0349421293403	0.00327519716249	0.0383894311547	0.00657274873577	-0.0551565556493	0.0150396961024	0.031026215482	1.0	0.0329975187871	0.0106109730765	-0.00312695240104	-0.0516036007756	0.00949665606854	-0.00626545980506	0.0135053341487	-0.03622082206	-0.064155409952	-0.0270403415562	-0.0456569476378	0.02492284967	0.00452061837527	0.0139662569436	-0.0258452915828	-0.0381462999579	-0.0491905869295	-0.000651701561114	-0.0267367897215	-0.0380452379259	0.0149284004224	0.0107120935168	0.0131012452921	-0.0557327162614	-0.0282027169561	0.017568762943	-0.0370022627473	0.0438754276423	-0.0347191576933	0.0324215786278
k__Bacteria;p__Actinobacteria;c__Actinobacteria;o__Bifidobacteriales;f__Bifidobacteriaceae;g__Bifidobacterium;s__Bifidobacterium_longum	0.0497881098108	-0.000619086681191	-0.0252577722186	0.0634675290849	-0.0013412327676	-0.0284138663086	-0.0396915483832	0.0195532287573	0.0038306814926	0.00309202670687	-0.00289230326636	-0.0384276746141	0.0325188323879	0.0384160469845	0.0214623517708	0.0140762934637	-0.028937887701	0.00414337994835	0.0389372611475	0.00498631639991	-0.0150658689916	-0.056738555289	0.0149437962083	-0.0183936547656	0.0126786172012	-0.0282511868063	0.0100315440321	-0.0396813762789	0.0329975187871	1.0	0.00780417895238	0.0235563321994	-0.0103736752489	-0.022716197246	-0.0271484452672	-0.0069746719846	-0.0116439062499	-0.0247243317494	-0.018641583704	-0.0252300228544	-0.0290836481133	-0.0208463174689	-0.0377389231774	-0.0414754845743	0.0195547030926	0.0114463992849	-0.00550554020281	0.0593229602046	0.0124660263964	-0.0434775659181	-0.0308900772689	-0.0998616545914	0.0163409979395	0.0137185979869	0.0661632194474	-0.0273191952961	0.0507107181048	-0.0235653171712	0.0072050675255
