#taxonomy	k__Bacteria;p__Bacteroidetes;c__Bacteroidia;o__Bacteroidales;f__Bacteroidaceae;g__Bacteroides;s__Bacteroides_vulgatus	k__Bacteria;p__Bacteroidetes;c__Bacteroidia;o__Bacteroidales;f__Bacteroidaceae;g__Bacteroides;s__Bacteroides_uniformis	k__Bacteria;p__Bacteroidetes;c__Bacteroidia;o__Bacteroidales;f__Rikenellaceae;g__Alistipes;s__Alistipes_putredinis	k__Bacteria;p__Bacteroidetes;c__Bacteroidia;o__Bacteroidales;f__Prevotellaceae;g__Prevotella;s__Prevotella_copri	k__Bacteria;p__Bacteroidetes;c__Bacteroidia;o__Bacteroidales;f__Bacteroidaceae;g__Bacteroides;s__Bacteroides_stercoris	k__Bacteria;p__Bacteroidetes;c__Bacteroidia;o__Bacteroidales;f__Bacteroidaceae;g__Bacteroides;s__Bacteroides_ovatus	k__Bacteria;p__Bacteroidetes;c__Bacteroidia;o__Bacteroidales;f__Rikenellaceae;g__Alistipes;s__Alistipes_shahii	k__Bacteria;p__Firmicutes;c__Clostridia;o__Clostridiales;f__Ruminococcaceae;g__Faecalibacterium;s__Faecalibacterium_prausnitzii	k__Bacteria;p__Bacteroidetes;c__Bacteroidia;o__Bacteroidales;f__Rikenellaceae;g__Alistipes;s__Alistipes_finegoldii	k__Bacteria;p__Bacteroidetes;c__Bacteroidia;o__Bacteroidales;f__Porphyromonadaceae;g__Parabacteroides;s__Parabacteroides_distasonis	k__Bacteria;p__Bacteroidetes;c__Bacteroidia;o__Bacteroidales;f__Bacteroidaceae;g__Bacteroides;s__Bacteroides_thetaiotaomicron	k__Bacteria;p__Bacteroidetes;c__Bacteroidia;o__Bacteroidales;f__Bacteroidaceae;g__Bacteroides;s__Bacteroides_coprocola	k__Bacteria;p__Bacteroidetes;c__Bacteroidia;o__Bacteroidales;f__Bacteroidaceae;g__Bacteroides;s__Bacteroides_cellulosilyticus	k__Bacteria;p__Bacteroidetes;c__Bacteroidia;o__Bacteroidales;f__Rikenellaceae;g__Alistipes;s__Alistipes_obesi	k__Bacteria;p__Firmicutes;c__Clostridia;o__Clostridiales;f__Lachnospiraceae;g__;s__[Eubacterium]_rectale	k__Bacteria;p__Bacteroidetes;c__Bacteroidia;o__Bacteroidales;f__Bacteroidaceae;g__Bacteroides;s__Bacteroides_plebeius	k__Bacteria;p__Bacteroidetes;c__Bacteroidia;o__Bacteroidales;f__Bacteroidaceae;g__Bacteroides;s__Bacteroides_fragilis	k__Bacteria;p__Proteobacteria;c__Betaproteobacteria;o__Burkholderiales;f__Sutterellaceae;g__Sutterella;s__Sutterella_wadsworthensis	k__Bacteria;p__Bacteroidetes;c__Bacteroidia;o__Bacteroidales;f__Porphyromonadaceae;g__Barnesiella;s__Barnesiella_intestinihominis	k__Bacteria;p__Bacteroidetes;c__Bacteroidia;o__Bacteroidales;f__Odoribacteraceae;g__Odoribacter;s__Odoribacter_splanchnicus	k__Bacteria;p__Bacteroidetes;c__Bacteroidia;o__Bacteroidales;f__Bacteroidaceae;g__Bacteroides;s__Bacteroides_salyersiae	k__Bacteria;p__Firmicutes;c__Clostridia;o__Clostridiales;f__Ruminococcaceae;g__Ruminiclostridium;s__[Eubacterium]_siraeum	k__Bacteria;p__Proteobacteria;c__Betaproteobacteria;o__Burkholderiales;f__Sutterellaceae;g__Parasutterella;s__Parasutterella_excrementihominis	k__Bacteria;p__Actinobacteria;c__Actinobacteria;o__Bifidobacteriales;f__Bifidobacteriaceae;g__Bifidobacterium;s__Bifidobacterium_adolescentis	k__Bacteria;p__Firmicutes;c__Clostridia;o__Clostridiales;f__Oscillospiraceae;g__Oscillibacter;s__Oscillibacter_sp._KLE_1745	k__Bacteria;p__Bacteroidetes;c__Bacteroidia;o__Bacteroidales;f__Bacteroidaceae;g__Bacteroides;s__Bacteroides_coprophilus	k__Bacteria;p__Firmicutes;c__Clostridia;o__Clostridiales;f__Lachnospiraceae;g__Roseburia;s__Roseburia_intestinalis	k__Bacteria;p__Firmicutes;c__Clostridia;o__Clostridiales;f__Lachnospiraceae;g__Roseburia;s__Roseburia_hominis	k__Bacteria;p__Bacteroidetes;c__Bacteroidia;o__Bacteroidales;f__Porphyromonadaceae;g__Parabacteroides;s__Parabacteroides_johnsonii	k__Bacteria;p__Actinobacteria;c__Actinobacteria;o__Bifidobacteriales;f__Bifidobacteriaceae;g__Bifidobacterium;s__Bifidobacterium_longum	k__Bacteria;p__Firmicutes;c__Clostridia;o__Clostridiales;f__;g__Flavonifractor;s__Flavonifractor_plautii	k__Bacteria;p__Firmicutes;c__Clostridia;o__Clostridiales;f__Clostridiaceae;g__Clostridium;s__Clostridium_phoceensis	k__Bacteria;p__Verrucomicrobia;c__Verrucomicrobiae;o__Verrucomicrobiales;f__Akkermansiaceae;g__Akkermansia;s__Akkermansia_muciniphila	k__Bacteria;p__Bacteroidetes;c__Bacteroidia;o__Bacteroidales;f__Prevotellaceae;g__Paraprevotella;s__Paraprevotella_xylaniphila	k__Bacteria;p__Firmicutes;c__Clostridia;o__Clostridiales;f__Ruminococcaceae;g__Ruminococcus;s__Ruminococcus_callidus	k__Bacteria;p__Bacteroidetes;c__Bacteroidia;o__Bacteroidales;f__Rikenellaceae;g__Alistipes;s__Alistipes_senegalensis	k__Bacteria;p__Firmicutes;c__Clostridia;o__Clostridiales;f__Lachnospiraceae;g__Blautia;s__Blautia_sp._KLE_1732	k__Bacteria;p__Bacteroidetes;c__Bacteroidia;o__Bacteroidales;f__Bacteroidaceae;g__Bacteroides;s__Bacteroides_oleiciplenus	k__Bacteria;p__Firmicutes;c__Clostridia;o__Clostridiales;f__Ruminococcaceae;g__Ruminococcus;s__Ruminococcus_bicirculans	k__Bacteria;p__Bacteroidetes;c__Bacteroidia;o__Bacteroidales;f__Bacteroidaceae;g__Bacteroides;s__Bacteroides_fluxus	k__Bacteria;p__Bacteroidetes;c__Bacteroidia;o__Bacteroidales;f__Prevotellaceae;g__Prevotella;s__Prevotella_stercorea	k__Bacteria;p__Firmicutes;c__Clostridia;o__Clostridiales;f__Lachnospiraceae;g__Dorea;s__Dorea_longicatena	k__Bacteria;p__Firmicutes;c__Clostridia;o__Clostridiales;f__Eubacteriaceae;g__Eubacterium;s__[Eubacterium]_eligens	k__Bacteria;p__Firmicutes;c__Clostridia;o__Clostridiales;f__Ruminococcaceae;g__;s__Ruminococcaceae_bacterium_D16	k__Bacteria;p__Firmicutes;c__Clostridia;o__Clostridiales;f__Lachnospiraceae;g__Coprococcus;s__Coprococcus_comes	k__Bacteria;p__Proteobacteria;c__Gammaproteobacteria;o__Enterobacterales;f__Enterobacteriaceae;g__Escherichia;s__Escherichia_coli	k__Bacteria;p__Firmicutes;c__Clostridia;o__Clostridiales;f__Ruminococcaceae;g__Anaerotruncus;s__Anaerotruncus_colihominis	k__Bacteria;p__Firmicutes;c__Clostridia;o__Clostridiales;f__Lachnospiraceae;g__Blautia;s__Blautia_obeum	k__Bacteria;p__Bacteroidetes;c__Bacteroidia;o__Bacteroidales;f__Odoribacteraceae;g__Odoribacter;s__Odoribacter_laneus	k__Bacteria;p__Firmicutes;c__Clostridia;o__Clostridiales;f__Ruminococcaceae;g__Ruminiclostridium;s__[Clostridium]_leptum	k__Bacteria;p__Bacteroidetes;c__Bacteroidia;o__Bacteroidales;f__Porphyromonadaceae;g__Parabacteroides;s__Parabacteroides_goldsteinii	k__Bacteria;p__Firmicutes;c__Clostridia;o__Clostridiales;f__Lachnospiraceae;g__Anaerostipes;s__Anaerostipes_hadrus	k__Bacteria;p__Firmicutes;c__Clostridia;o__Clostridiales;f__Ruminococcaceae;g__Ruminococcus;s__Ruminococcus_lactaris	k__Bacteria;p__Firmicutes;c__Clostridia;o__Clostridiales;f__Clostridiaceae;g__Clostridium;s__Clostridium_sp._L2-50	k__Bacteria;p__Firmicutes;c__Clostridia;o__Clostridiales;f__Clostridiaceae;g__Clostridium;s__Clostridium_sp._M62/1	k__Bacteria;p__Firmicutes;c__Clostridia;o__Clostridiales;f__;g__Intestinimonas;s__Intestinimonas_butyriciproducens	k__Bacteria;p__Actinobacteria;c__Actinobacteria;o__Bifidobacteriales;f__Bifidobacteriaceae;g__Bifidobacterium;s__Bifidobacterium_bifidum	k__Bacteria;p__Firmicutes;c__Negativicutes;o__Veillonellales;f__Veillonellaceae;g__Dialister;s__Dialister_invisus	k__Bacteria;p__Bacteroidetes;c__Bacteroidia;o__Bacteroidales;f__Bacteroidaceae;g__Bacteroides;s__Bacteroides_salanitronis
k__Bacteria;p__Bacteroidetes;c__Bacteroidia;o__Bacteroidales;f__Bacteroidaceae;g__Bacteroides;s__Bacteroides_vulgatus	1.0	0.0239044605344	-0.0334757496046	-0.0224876943824	0.0270258616839	-0.0677985299986	-0.0677692178229	0.0173512984929	-0.00639437214804	0.00397795168555	0.0213644574926	-0.0182515332491	-0.079731516185	0.0412516396068	0.0664346901765	-0.037575085401	-0.0889579462757	-0.0173067117694	0.00340960571362	-0.011441879819	-0.0138020629986	0.0272391961143	0.00516417151583	-0.00239884623584	0.0198181267982	0.0211447994514	0.00463179083165	0.0061830137294	0.0140662363203	0.0683464321756	-0.0386877580228	0.0288198139081	0.00457708662498	0.052419121934	0.0106979112416	0.0235683495706	-0.019774277921	-0.0307645524613	-0.0651450936289	-0.00590024707017	-0.0133617028759	-0.0760410500459	0.00104195058099	0.00671091168204	0.0173285369032	0.00385729900632	0.0297437772483	-0.032579406312	0.0574559688394	0.0627098915408	-0.051822459717	0.0267237523218	-0.0205281326304	-0.00446040958925	0.0393616617127	0.00387643103907	-0.0447031737463	-0.0657760382336	-0.0133182492313
k__Bacteria;p__Bacteroidetes;c__Bacteroidia;o__Bacteroidales;f__Bacteroidaceae;g__Bacteroides;s__Bacteroides_uniformis	0.0239044605344	1.0	0.0375148861536	-0.051973600727	-0.044002307059	-0.00130627121466	0.00515084695521	0.0328339174543	-0.0196622670178	-0.00432295497563	-0.0483128549711	-0.00233963096038	-0.0271052027843	0.0288046272107	0.040574695941	0.00250531101826	-0.0193363626239	0.0953811878708	0.018443989776	-0.0250948612971	-0.00127487847314	-0.0314109629212	-0.0112160511356	-0.0769462906615	-0.0124009436766	0.0343597141969	-0.00707419124683	-0.0100000058703	0.0181185975327	0.042078136475	-0.0222833969985	-0.0484349962236	-0.0397249766157	-0.00849853940655	-0.0246296173008	-0.0200517350151	-0.0605916937819	-0.0268227126287	-0.0108524242447	-0.0870065488692	-0.052062588095	-0.0380055833091	0.0298623996542	0.0137547810179	0.0714203334471	-0.00543475497812	0.0611648809426	-0.0439027376933	-0.00479817557485	0.0607202138908	-0.0665978788677	0.0661960602333	-0.0348680702082	-0.0030276038004	0.00300395993519	0.00562503998943	-0.0452170541817	-0.0012182269938	-0.026010309761
k__Bacteria;p__Bacteroidetes;c__Bacteroidia;o__Bacteroidales;f__Rikenellaceae;g__Alistipes;s__Alistipes_putredinis	-0.0334757496046	0.0375148861536	1.0	0.000356909920696	0.0280445083094	-0.0237004146582	-0.00636403404491	-0.00406864838871	0.00216814778286	0.045040315269	0.0172975802047	0.0161839051122	-0.000417752630499	0.0181949994425	0.0201328312811	-0.0458347216538	-0.0136824984526	0.0221661410338	0.0556350224161	-0.00656063131778	-0.0479519419765	0.0270090070872	-0.0374481940047	-0.0485586754451	-0.0190911077092	0.0140946893881	0.0260563393054	-0.0308798294975	-0.091219428062	-0.00901340469737	0.0265019780245	-0.015941427323	-0.0641025626871	-0.0141497245789	0.00900704783585	-0.00980253108851	-0.0359384171194	0.0444239324018	-0.0479821333943	0.00947588731192	0.0350286557305	-0.0489855462706	0.0233088331497	-0.062180124929	-0.0126106572115	-0.0198556448219	0.038446174361	-0.0180136777175	-0.0128244016144	0.0152788237152	0.00364279447476	0.00926224341254	-0.0729691927674	0.0282587496403	-0.0410434284605	-0.0161689942667	0.0977590201954	0.00493357773848	0.0648114668484
k__Bacteria;p__Bacteroidetes;c__Bacteroidia;o__Bacteroidales;f__Prevotellaceae;g__Prevotella;s__Prevotella_copri	-0.0224876943824	-0.051973600727	0.000356909920696	1.0	-0.0288394260521	0.0170592124154	0.0439107079511	-0.0377496730723	-0.00754937776445	-0.0633772456154	0.00470796512921	-0.00355338160957	-0.0156571066935	-0.0114485184116	0.040560474513	0.0173951513633	-0.0109357926233	-0.0318032537311	0.0241370466789	-0.0281435948572	0.0207152597637	0.0452864364098	-0.0839545004186	0.0147930532172	0.0658893071781	-0.0183921259905	-0.0448555819764	-0.0120614845872	0.0440535495419	-0.0412684427693	0.0446280307179	-0.0533084548728	0.0317587433754	0.0233775597908	-0.0237286052269	-0.0666720568648	-0.00284740996374	-0.0356911406012	0.0102110354672	-0.0340714339536	-0.0509489430447	0.0039158043957	-0.0643740880198	-0.00916052149737	0.00559965167646	-0.0199518528056	-0.00868443526323	-0.0189159576405	-0.0263699375202	0.0043934182215	0.00302842966271	-0.00649468483789	-0.0551881782481	0.0238177511961	-0.0103680068575	0.00906313828059	0.0647733405985	-0.0111774286013	-0.0576138066347
k__Bacteria;p__Bacteroidetes;c__Bacteroidia;o__Bacteroidales;f__Bacteroidaceae;g__Bacteroides;s__Bacteroides_stercoris	0.0270258616839	-0.044002307059	0.0280445083094	-0.0288394260521	1.0	-0.128393363599	0.0431441991342	0.0172790667646	0.017056800466	0.00859292199798	0.0576912013273	-2.350210165e-06	-0.0281245090107	-0.0156147574905	-0.0112988713799	0.0366942519853	0.00452173588342	-0.0169089891125	-0.0156763471284	-0.00394796355295	0.0140871402027	-0.0568443900033	-0.0247953315405	0.0141998836776	0.00516820315333	-0.0221554811049	-0.00514959627825	0.00193356128713	0.0488451973513	0.000897294211744	0.00250363915479	-0.0387329696382	0.00160557952407	-0.0103898350319	-0.0345741979942	-0.0263032982426	-0.0332615166523	-0.0013520093697	-0.038185331862	0.0212292298231	-0.01373465796	-0.0244569673072	-0.00285936639698	0.0214535416822	-0.00362931176842	0.0273491581812	0.0182666673048	-0.00313699215632	-0.0257270282789	-0.0470055802685	-0.0100399170654	-0.037165507854	0.00843928934457	0.0186788841423	0.00884294403053	-0.0505861749484	-0.0186789232388	0.0139536650795	-0.0260328752056
k__Bacteria;p__Bacteroidetes;c__Bacteroidia;o__Bacteroidales;f__Bacteroidaceae;g__Bacteroides;s__Bacteroides_ovatus	-0.0677985299986	-0.00130627121466	-0.0237004146582	0.0170592124154	-0.128393363599	1.0	-0.00173463855878	-0.000172754983027	-0.0082218682943	-0.000726851866695	-0.0251617707935	-0.0432577612948	-0.0335960171607	0.0361034529003	0.0290420515289	-0.0112324883963	0.00765209732053	0.0302895604196	0.000449909959057	-0.0431279562666	-0.0279404675617	-0.0352874363686	-0.0169223655192	0.0204847498044	0.041562667213	0.00216360257738	-0.00452378652317	-0.00305328373426	0.0287320157742	0.00988192407793	-0.0148668262833	-0.0163071865549	0.00235387375985	0.0176422323228	-0.0198059031345	-0.042943308774	0.00401306478759	0.0149727778658	-0.00343456674356	-0.033197981481	-0.0674040901478	0.00528146975786	0.0331303989623	0.0665209838877	-0.00773608669524	-0.0358570007161	0.0223844836283	-0.00597568523936	-0.000488843112016	-0.00254053732155	-0.0625569762122	0.0148354614424	0.0111029203373	-0.0304941641347	-0.0234204501653	0.0099802438861	-0.000417495073921	-0.0459312760441	-0.0633153860493
k__Bacteria;p__Bacteroidetes;c__Bacteroidia;o__Bacteroidales;f__Rikenellaceae;g__Alistipes;s__Alistipes_shahii	-0.0677692178229	0.00515084695521	-0.00636403404491	0.0439107079511	0.0431441991342	-0.00173463855878	1.0	-0.00428641585867	-0.00422549092542	-0.0160970987817	-0.0165103593596	-0.0627523501349	0.00293466464202	-0.0352374621592	-0.0102623207166	0.05465285229	-0.0530544204686	0.00265429919801	-0.0221227576669	0.0165574492705	-0.0317921904818	-0.0131289877451	-0.0177847703429	-0.00652610508244	-0.00795391537829	-0.0362932560962	0.0105744300234	-0.0255536020424	0.0146852540498	-0.0133452703228	0.0554433780847	-0.00326058961293	0.0995843466699	0.0144354020833	0.0206706322369	-0.00720245812599	-0.0455379611633	-0.0253174452062	0.0160160076919	-0.00923113612832	-0.040899704527	-0.025360534484	0.013814510757	0.0162752502723	-0.0464860760411	-0.0279517627469	0.0167793200521	-0.0053497145705	-0.0345032630028	-0.0170708849414	0.0206973489908	-0.0576541617008	-0.00639017673328	0.0543392730464	-0.0339401522148	0.020256705683	0.032464788191	0.0254312883347	-0.0224617987381
k__Bacteria;p__Firmicutes;c__Clostridia;o__Clostridiales;f__Ruminococcaceae;g__Faecalibacterium;s__Faecalibacterium_prausnitzii	0.0173512984929	0.0328339174543	-0.00406864838871	-0.0377496730723	0.0172790667646	-0.000172754983027	-0.00428641585867	1.0	-0.016365829864	-0.0684547137965	0.0114883364273	0.0395792268207	-0.0332164966237	0.0217917695688	0.0187127952974	0.0622655550054	-0.00967837760931	0.0322403822645	-0.014889225957	-0.0466684410637	-0.0172467584703	0.0350433323944	-0.053365966578	-0.0357663438158	-0.0330840615456	-0.0142955117327	-0.0160328661881	0.0066552196448	0.0345437208851	-0.0250674342688	0.0364985024632	0.00356509144745	-0.0491600030701	0.0150388092866	-0.0166314875016	0.0313487705227	-0.0158593126221	0.0189055873026	-0.000404618188968	-0.00852981576325	0.0210276133327	-0.00508567610913	0.00259493796114	-0.0495371874573	0.00690681363588	0.0628551189094	-0.0618214666448	-0.0300464967774	-0.0447774324481	0.0143039233335	0.0362637561984	-0.044493035842	0.0252354188268	-0.0114307518596	-0.0309221356121	-0.0212743453152	0.0194420977815	-0.0104926694579	0.00308116644844
k__Bacteria;p__Bacteroidetes;c__Bacteroidia;o__Bacteroidales;f__Rikenellaceae;g__Alistipes;s__Alistipes_finegoldii	-0.00639437214804	-0.0196622670178	0.00216814778286	-0.00754937776445	0.017056800466	-0.0082218682943	-0.00422549092542	-0.016365829864	1.0	-0.0332716654044	-0.0126417604887	-0.0179488866753	-0.00562159153101	-0.0342232281635	-0.00608690683095	0.00572999386031	0.0254212398251	-0.0476669613865	-0.035289793768	0.0163791243556	-0.0219800335964	0.0191650419778	-0.036531447206	-0.0129737141045	-0.00511481219496	-0.000886001723368	-0.0240582917872	-0.0170871405015	-0.0197876838575	0.00108820519142	-0.018181076043	-0.0259373736328	0.0335068876962	-0.0590856653272	-0.0353043019142	0.0171657243751	0.0416208454644	0.0110742067097	-0.0505693372157	0.0665260735817	-0.0513891594271	-0.0115878722455	-0.033995575735	-0.0107945155826	0.00464269170471	0.018731078364	-0.0321736806767	-0.0332601809566	-0.0238965246419	-0.0356104927972	0.0548807600085	0.0593280158003	0.00339521965329	-0.0809877399839	-0.0281449936133	-0.0226760226282	-0.0181446067751	-0.0278393531365	0.0195161829229
k__Bacteria;p__Bacteroidetes;c__Bacteroidia;o__Bacteroidales;f__Porphyromonadaceae;g__Parabacteroides;s__Parabacteroides_distasonis	0.00397795168555	-0.00432295497563	0.045040315269	-0.0633772456154	0.00859292199798	-0.000726851866695	-0.0160970987817	-0.0684547137965	-0.0332716654044	1.0	0.0142933352255	-0.0166215580264	-0.0277884175284	0.0129856347618	0.0167331080173	0.00395456139987	-0.0010197276822	0.0185457982936	0.00420748470582	0.0816459201752	-0.0203167111804	-0.0104201323669	-0.00603647212255	-0.0371076888294	-0.00648069620289	-0.00431896818902	0.00592185114593	-0.0262009929355	-0.073514207386	-0.0270618843537	-0.0212171390952	-0.0599205639653	-0.0452966507648	-0.0166289135701	0.0255381743196	0.00561357775312	0.0766863953307	0.0482323979592	0.04726000829	0.00329356507535	-0.0366306137864	0.0201168148595	-0.00612450341752	0.00112147836401	-0.00116348068482	0.0115424926977	-0.011674469902	-0.0702995097363	-0.0557746800719	-0.0150763715377	-0.0294807701826	-0.0211001943843	0.0332571730329	-0.0346210033769	-0.00781198570213	0.00647100312919	0.0347456202125	-0.00822456643691	-0.0111365946533
k__Bacteria;p__Bacteroidetes;c__Bacteroidia;o__Bacteroidales;f__Bacteroidaceae;g__Bacteroides;s__Bacteroides_thetaiotaomicron	0.0213644574926	-0.0483128549711	0.0172975802047	0.00470796512921	0.0576912013273	-0.0251617707935	-0.0165103593596	0.0114883364273	-0.0126417604887	0.0142933352255	1.0	0.00113173676334	-0.0138391016438	-0.00399309829506	-0.00376992456555	0.000336320995978	0.0321297445926	0.0228585419066	0.0245788854413	-0.019886770942	0.00906216407949	-0.0421720009983	0.0123534533129	0.0163865213686	-0.0251879929139	-0.0464760889472	0.0197272184628	0.0222332535594	-0.0474462367423	-0.0776621062872	0.0221826894265	-0.0448394559641	-0.0207475253589	-0.049273836169	-0.0413838098293	-0.00766603969141	0.00112972417482	-0.0601200702728	-0.0188580245478	0.0255533324826	0.00651128760863	0.0139413294008	0.0317700653709	0.0161570168148	0.0257272826875	-0.0332640136484	0.0275061393855	0.0011030294902	0.0136187739964	0.0270417403618	-0.0129473152136	-0.000694945825642	-0.00856515647238	-0.0421778841884	-0.00711930600583	-0.0332718014128	-0.00745457979342	-0.00829206670947	0.0168409667985
k__Bacteria;p__Bacteroidetes;c__Bacteroidia;o__Bacteroidales;f__Bacteroidaceae;g__Bacteroides;s__Bacteroides_coprocola	-0.0182515332491	-0.00233963096038	0.0161839051122	-0.00355338160957	-2.350210165e-06	-0.0432577612948	-0.0627523501349	0.0395792268207	-0.0179488866753	-0.0166215580264	0.00113173676334	1.0	-0.00895149051473	-0.0265128296568	-0.0327286733423	-0.0207157985687	0.037822234075	-0.0422167877295	0.0318599348003	-0.0321793061691	-0.0139898803111	-0.012316107185	0.0120177605432	-0.0640054356868	-0.00204093996076	0.023060001958	-0.0317661896788	0.0318859370511	0.0168417969593	-0.00727271997834	-0.0625672980521	-0.00221534504875	-0.0319532083921	0.0169701750132	-0.0614732977627	-0.0817096957753	-0.0419855533928	0.0132494733165	0.00547472024044	0.0612519797518	0.0235596800906	0.0475753288467	0.0534652131797	-0.00285149525063	0.0227076820895	-0.0537236484325	-0.0576782859352	-0.0263830146092	-0.0380856571029	-0.0269806348075	-0.0729075396236	0.011626898935	-0.0254549733425	0.0166939825231	0.0782201432787	-0.00549312768138	-0.0124459147236	0.0032248034829	-0.000446313414801
k__Bacteria;p__Bacteroidetes;c__Bacteroidia;o__Bacteroidales;f__Bacteroidaceae;g__Bacteroides;s__Bacteroides_cellulosilyticus	-0.079731516185	-0.0271052027843	-0.000417752630499	-0.0156571066935	-0.0281245090107	-0.0335960171607	0.00293466464202	-0.0332164966237	-0.00562159153101	-0.0277884175284	-0.0138391016438	-0.00895149051473	1.0	-0.0699878088283	0.0304342372344	-0.0399716827526	-0.0242491937652	0.0191957645732	0.0387104216962	-0.0506164393279	0.0138009052679	-0.0586893477344	-0.00560976359058	-0.0285374517632	0.0261754951396	0.0307479728941	0.046834334667	-0.0487819418829	-0.0510818889607	0.0043830913713	-0.0315295748882	0.00556852474297	-0.0395123869195	-0.0126956925593	0.0247382709493	-0.00612449788001	0.0107064217336	-0.0746008072216	0.000184097588572	-0.00526628917062	-0.011292683488	-0.0111996439391	-0.00354325915723	0.0856399552399	-0.0213995551116	0.0333349042432	-0.0358070142226	-0.00502962959128	-0.0214644351566	-0.0313925191419	0.00415197429265	-0.0223972984049	0.0327744178055	-0.0054433213895	0.00308438697318	0.000724062699667	0.00268016951092	-0.00728873841021	-0.0432952776748
k__Bacteria;p__Bacteroidetes;c__Bacteroidia;o__Bacteroidales;f__Rikenellaceae;g__Alistipes;s__Alistipes_obesi	0.0412516396068	0.0288046272107	0.0181949994425	-0.0114485184116	-0.0156147574905	0.0361034529003	-0.0352374621592	0.0217917695688	-0.0342232281635	0.0129856347618	-0.00399309829506	-0.0265128296568	-0.0699878088283	1.0	0.0049323885517	-0.00690210234783	-0.0499459421955	-0.0200113249463	-0.0237360740498	-0.042974532809	-0.0114050849594	-0.0535027531588	0.0307205353799	-0.0322153889069	-0.00575004276231	0.0395008542837	0.0297193778093	-0.0197152868608	-0.0524203765929	0.00617072652585	0.0475716778433	-0.047078102547	-0.0349959565164	0.0630308145104	0.0137057605259	-0.0534438064398	-0.00800527471134	0.0328663276165	0.0300682937544	-0.00257470947931	-0.0154647714959	-0.0155682894358	0.0173643593348	-0.024062017097	-0.0104823433523	0.0160683701728	0.0407398054021	0.0353177342903	-0.0108773185263	-0.0430830858093	-0.0441014278792	0.00180892444952	0.000116953955863	-0.00281386042459	-0.0133009178034	-0.0762906943746	-0.0817282926942	-0.0241065766012	0.000583031640657
k__Bacteria;p__Firmicutes;c__Clostridia;o__Clostridiales;f__Lachnospiraceae;g__;s__[Eubacterium]_rectale	0.0664346901765	0.040574695941	0.0201328312811	0.040560474513	-0.0112988713799	0.0290420515289	-0.0102623207166	0.0187127952974	-0.00608690683095	0.0167331080173	-0.00376992456555	-0.0327286733423	0.0304342372344	0.0049323885517	1.0	-0.0259050743435	0.000168402058354	0.0208936712362	0.0028000433829	-0.068361373371	-0.0473216176248	-0.00613432636999	-0.0206673763387	-0.0551819911209	-0.00450637712414	0.0311836800005	-0.0226157904559	0.0173562446754	-0.0158638076272	0.0210408817177	0.0359898009635	0.0162656208832	-0.0314108539792	0.00854377000415	0.0492456915687	0.00967998236343	-0.0455815195781	-0.000337217136676	-0.00717107913289	-0.0671898978119	-0.0442664944733	0.0313816602406	-0.0885712227353	0.0341967723255	0.0161004605058	0.0357930574341	-0.00465134300088	-0.0227978326455	-0.000425210615787	-0.0371152336498	0.0209059145613	-0.038310985765	0.0542844980145	-0.0280515914365	0.0464353636918	0.0505809919298	0.0216593985423	0.0381182458833	0.00601291436544
k__Bacteria;p__Bacteroidetes;c__Bacteroidia;o__Bacteroidales;f__Bacteroidaceae;g__Bacteroides;s__Bacteroides_plebeius	-0.037575085401	0.00250531101826	-0.0458347216538	0.0173951513633	0.0366942519853	-0.0112324883963	0.05465285229	0.0622655550054	0.00572999386031	0.00395456139987	0.000336320995978	-0.0207157985687	-0.0399716827526	-0.00690210234783	-0.0259050743435	1.0	0.00964432800299	-0.00891517875064	-0.00622741026304	0.0311778507151	0.0353715721323	0.00203176500276	-0.0392366243618	-0.0253034470279	0.0764609514703	-0.0558717747281	-0.00562399083193	0.0180892445539	-0.00822417757594	-0.0297281436864	-0.0223516321798	-0.0611464081062	0.0271290432659	-0.0883995399651	0.0360395620061	0.0455303927887	-0.0676585837053	-0.00437029430057	0.0192402261398	-0.0404425309846	-0.024865447306	-0.0383077346436	-0.0170438103717	0.00658653730288	0.00402686314641	0.0277758823464	0.0302652438454	-0.0105357805437	-0.0979184878192	0.0750920477856	-0.0342024014395	-0.000854177843319	-0.0289641511795	0.00337146103667	-0.042518291839	-0.0144447178316	-0.00582207361697	-0.00539073281762	0.000475557458463
k__Bacteria;p__Bacteroidetes;c__Bacteroidia;o__Bacteroidales;f__Bacteroidaceae;g__Bacteroides;s__Bacteroides_fragilis	-0.0889579462757	-0.0193363626239	-0.0136824984526	-0.0109357926233	0.00452173588342	0.00765209732053	-0.0530544204686	-0.00967837760931	0.0254212398251	-0.0010197276822	0.0321297445926	0.037822234075	-0.0242491937652	-0.0499459421955	0.000168402058354	0.00964432800299	1.0	-0.0543816390191	-0.0290599619644	0.0230225967333	-0.0262484901153	-0.0115335425433	-0.0561654246581	0.0206562930459	0.014693954284	0.0279098918207	-0.0361984793676	-0.0172126450837	-0.0344418370846	0.00852838585086	-0.0155738214925	0.0065645877526	0.0396060731042	-0.00806302914895	-0.0370273056902	-0.0195019784472	-0.0202779121203	0.00307486412112	0.0404669812544	0.0736429725407	0.0244163714227	0.0452207572015	-0.0235166046551	0.0215825108572	-0.0302622065835	0.000839634034664	0.0320045334227	-0.00179846249251	-0.017426410612	0.0400454062335	-0.00249996591523	-0.0780271234819	-0.0678074178209	0.00463231282223	-0.0460655273921	-0.00734067969664	-0.0566992979874	0.0280296567931	-0.00420896646897
k__Bacteria;p__Proteobacteria;c__Betaproteobacteria;o__Burkholderiales;f__Sutterellaceae;g__Sutterella;s__Sutterella_wadsworthensis	-0.0173067117694	0.0953811878708	0.0221661410338	-0.0318032537311	-0.0169089891125	0.0302895604196	0.00265429919801	0.0322403822645	-0.0476669613865	0.0185457982936	0.0228585419066	-0.0422167877295	0.0191957645732	-0.0200113249463	0.0208936712362	-0.00891517875064	-0.0543816390191	1.0	0.0442832732331	-0.0260218064804	0.0102860302985	-0.00434126468793	-0.0763145062362	0.0214405856973	-0.0181288096871	-0.0251703761266	0.0492554935222	-0.0253313442891	-0.0413528739235	0.00231520013377	-0.0560575385056	-0.018507481773	0.0598445655572	-0.0115223310471	-0.0130079989487	0.0200302186336	-0.0835325541217	0.0562381647952	-0.00657394678106	0.000575780497323	-0.0531214612297	-0.0161629914784	0.00273189251756	0.0311460760982	0.0101935468373	-0.0675744356921	-0.0533057433506	-0.00696054385092	0.0414935469404	0.0129718281457	0.0330296397997	-0.00844348109203	0.00409645371039	0.0479033612723	-0.0171383882444	0.0321903829107	-0.0220539472051	0.00254631957882	0.0134092138834
k__Bacteria;p__Bacteroidetes;c__Bacteroidia;o__Bacteroidales;f__Porphyromonadaceae;g__Barnesiella;s__Barnesiella_intestinihominis	0.00340960571362	0.018443989776	0.0556350224161	0.0241370466789	-0.0156763471284	0.000449909959057	-0.0221227576669	-0.014889225957	-0.035289793768	0.00420748470582	0.0245788854413	0.0318599348003	0.0387104216962	-0.0237360740498	0.0028000433829	-0.00622741026304	-0.0290599619644	0.0442832732331	1.0	0.0227554517476	-0.0686719964927	0.0225841875584	-0.0218672439805	0.0194136311893	-0.0374932715722	-0.0539183427337	-0.0317884184434	-0.0290210221805	-0.0184691442235	0.021644994608	-0.00818439381403	0.0185779187098	-0.0145599347952	0.000648839598405	-0.0140210245868	0.0244190448382	-0.0277533979886	0.00148481264802	-0.0174835775824	-0.0179075890252	-0.0377041271101	-0.0408042345864	-0.0563876553541	0.00230799951068	0.0199754978621	0.00138179315336	-0.0110097822455	-0.0367616182089	0.0778264654736	0.0121873445433	-0.0292541325222	-0.0529636457238	0.00450573700873	0.022517211413	0.00658047497133	-0.000328916380124	0.010076063625	-0.0113627023	-0.0355896010758
k__Bacteria;p__Bacteroidetes;c__Bacteroidia;o__Bacteroidales;f__Odoribacteraceae;g__Odoribacter;s__Odoribacter_splanchnicus	-0.011441879819	-0.0250948612971	-0.00656063131778	-0.0281435948572	-0.00394796355295	-0.0431279562666	0.0165574492705	-0.0466684410637	0.0163791243556	0.0816459201752	-0.019886770942	-0.0321793061691	-0.0506164393279	-0.042974532809	-0.068361373371	0.0311778507151	0.0230225967333	-0.0260218064804	0.0227554517476	1.0	-0.00253105342893	-0.0401809934638	-0.0258290495323	0.00513211130196	0.0185366760052	-0.0541999566166	0.0272922239866	0.00487994192128	-0.0154490094762	-0.0147957982998	-0.00624854641913	0.014445036389	-0.033659505705	-0.0189099274328	-0.0219864115995	-0.020640919885	0.0092176106342	-0.0211782169114	-0.039390664391	-0.0255305983015	-0.0128457934851	0.0134392100545	0.0664251311454	0.0236258608904	0.0319174721295	0.0142415747345	0.0837262750131	-0.0558310027277	0.0384378691279	0.0222230011763	0.0526578348714	0.0232202942065	0.0369134582665	-0.0394008290977	-0.0177510791972	0.0349837681369	-0.0101314567899	-0.0538056048596	0.0369492846613
k__Bacteria;p__Bacteroidetes;c__Bacteroidia;o__Bacteroidales;f__Bacteroidaceae;g__Bacteroides;s__Bacteroides_salyersiae	-0.0138020629986	-0.00127487847314	-0.0479519419765	0.0207152597637	0.0140871402027	-0.0279404675617	-0.0317921904818	-0.0172467584703	-0.0219800335964	-0.0203167111804	0.00906216407949	-0.0139898803111	0.0138009052679	-0.0114050849594	-0.0473216176248	0.0353715721323	-0.0262484901153	0.0102860302985	-0.0686719964927	-0.00253105342893	1.0	0.00806943399148	-0.0162353306754	-0.00749150651864	0.0140009289558	0.0458983017276	-0.0195253031094	-0.0148720807772	-0.00488274508535	-0.0359875504304	-0.0281091333556	-0.00316348646119	-0.084416255164	-0.026585385156	-0.0138514852111	0.0267153190799	0.0569433827234	-0.00963422269531	-0.00432217091924	-0.0272563126077	-0.0199670422485	0.0200221787215	-0.0186484265563	0.0168036414678	0.00101141970414	-0.0129730252804	0.0518285106827	-0.0437459544264	-0.0369258679298	0.0137766488537	0.0726747581214	-0.0298279803452	0.0234521760908	0.046094717762	-0.00267135820185	0.01931989362	-0.0410863756334	-0.0489379116823	-0.00810288216371
k__Bacteria;p__Firmicutes;c__Clostridia;o__Clostridiales;f__Ruminococcaceae;g__Ruminiclostridium;s__[Eubacterium]_siraeum	0.0272391961143	-0.0314109629212	0.0270090070872	0.0452864364098	-0.0568443900033	-0.0352874363686	-0.0131289877451	0.0350433323944	0.0191650419778	-0.0104201323669	-0.0421720009983	-0.012316107185	-0.0586893477344	-0.0535027531588	-0.00613432636999	0.00203176500276	-0.0115335425433	-0.00434126468793	0.0225841875584	-0.0401809934638	0.00806943399148	1.0	0.000507484972452	-0.0162318994033	0.103235271851	-0.00667369619018	-0.0366951566944	-0.067425160292	-0.0536611191354	0.038665088296	0.000434968367526	0.0120466867287	0.0053874339108	0.0446477229904	-0.0212806324316	0.0322875584509	-0.0549569135642	-0.0186525109563	-0.0536630134522	0.0187095492427	0.0265337526293	0.0229289439744	0.0364594118114	-0.0447602949415	0.00792609649314	-0.0182311070703	-0.0658224484462	-0.0181848868323	0.0425141272191	-0.0115030721341	-0.027681270574	0.0529684898227	-0.00482545790248	-0.0142808381649	0.00807964586466	0.0190891844047	0.0011254256974	0.0158316131741	0.00688575966103
k__Bacteria;p__Proteobacteria;c__Betaproteobacteria;o__Burkholderiales;f__Sutterellaceae;g__Parasutterella;s__Parasutterella_excrementihominis	0.00516417151583	-0.0112160511356	-0.0374481940047	-0.0839545004186	-0.0247953315405	-0.0169223655192	-0.0177847703429	-0.053365966578	-0.036531447206	-0.00603647212255	0.0123534533129	0.0120177605432	-0.00560976359058	0.0307205353799	-0.0206673763387	-0.0392366243618	-0.0561654246581	-0.0763145062362	-0.0218672439805	-0.0258290495323	-0.0162353306754	0.000507484972452	1.0	0.00641460962177	-0.0187375175734	-0.012391114298	-0.051393398668	0.0342415528421	0.0162507327516	-0.0130332681591	-0.0135717335463	0.0359817893859	0.00620140141699	-0.0115371734395	-0.0229885669179	-0.0287149738786	0.00933329634696	-0.00556865692132	0.0826814333835	0.049403232769	0.0226570957508	0.0337564551781	0.0306651420356	0.0245709989958	-0.000479476222657	0.0117185597266	-0.00443999331733	0.0112569809709	-0.0496791154359	-0.0251525451379	0.00342895562362	0.00268618854045	0.0224981131255	0.0360813293727	-0.0264201561665	-0.0375295768746	0.0427662543075	-0.0345294202161	0.017825765524
k__Bacteria;p__Actinobacteria;c__Actinobacteria;o__Bifidobacteriales;f__Bifidobacteriaceae;g__Bifidobacterium;s__Bifidobacterium_adolescentis	-0.00239884623584	-0.0769462906615	-0.0485586754451	0.0147930532172	0.0141998836776	0.0204847498044	-0.00652610508244	-0.0357663438158	-0.0129737141045	-0.0371076888294	0.0163865213686	-0.0640054356868	-0.0285374517632	-0.0322153889069	-0.0551819911209	-0.0253034470279	0.0206562930459	0.0214405856973	0.0194136311893	0.00513211130196	-0.00749150651864	-0.0162318994033	0.00641460962177	1.0	-0.011122079501	-0.015670614562	0.0193621964905	-0.0578293117067	-0.0258115044833	-0.00765277173738	-0.0380553225285	-0.0194553305144	-0.00558001667067	0.0627671411944	-0.00417206197711	0.0319078305096	-0.00374676068799	-0.0800699820632	0.0288028580981	-0.0662150237595	0.00820288514229	0.0177526793147	0.0164511022144	-0.026385586583	-0.0404532144514	-0.018348019565	-0.0615492537344	0.0348700108852	0.0112230688842	-0.00455000002681	0.00148623240531	0.0143809258146	0.0125052364297	-0.0131663507326	0.0287227297187	-0.0454285496672	0.0153571727133	-0.00737350227174	-0.0259964644316
k__Bacteria;p__Firmicutes;c__Clostridia;o__Clostridiales;f__Oscillospiraceae;g__Oscillibacter;s__Oscillibacter_sp._KLE_1745	0.0198181267982	-0.0124009436766	-0.0190911077092	0.0658893071781	0.00516820315333	0.041562667213	-0.00795391537829	-0.0330840615456	-0.00511481219496	-0.00648069620289	-0.0251879929139	-0.00204093996076	0.0261754951396	-0.00575004276231	-0.00450637712414	0.0764609514703	0.014693954284	-0.0181288096871	-0.0374932715722	0.0185366760052	0.0140009289558	0.103235271851	-0.0187375175734	-0.011122079501	1.0	-0.0244576840921	-0.00977900302356	-0.0924222512185	-0.0522897166812	-0.0950021868808	-0.0188283409049	0.00121876692357	-0.019989436977	0.0337927514042	-0.00272164185501	-0.0203206835462	0.00274246764754	0.0591829785922	0.101571958104	-0.0279431879879	-0.0550568708306	0.00984862423956	-0.0102157297047	-0.0663641552488	0.00296184315788	-0.0355359166219	0.0124159960403	0.00381754095353	0.021363868617	-0.0266184592662	-0.026151252174	0.0230527186473	-0.0198954767379	-0.029304978911	-0.0384787800759	-0.0177780689167	-0.0376893702351	0.0490831103515	-0.0439459423002
k__Bacteria;p__Bacteroidetes;c__Bacteroidia;o__Bacteroidales;f__Bacteroidaceae;g__Bacteroides;s__Bacteroides_coprophilus	0.0211447994514	0.0343597141969	0.0140946893881	-0.0183921259905	-0.0221554811049	0.00216360257738	-0.0362932560962	-0.0142955117327	-0.000886001723368	-0.00431896818902	-0.0464760889472	0.023060001958	0.0307479728941	0.0395008542837	0.0311836800005	-0.0558717747281	0.0279098918207	-0.0251703761266	-0.0539183427337	-0.0541999566166	0.0458983017276	-0.00667369619018	-0.012391114298	-0.015670614562	-0.0244576840921	1.0	-0.00512847322708	-0.0339180098335	-0.0465248578628	0.049031364061	0.0187085459987	0.00782481503781	0.00522064396252	-0.0311174744551	0.0277127678475	-0.0180337945967	-0.0515901006562	-0.0375003037004	-0.00734458817621	0.0119010216928	0.0384458908144	0.0022584268737	0.011390346068	-0.0263126907279	0.0129259305629	-0.0138968152599	-0.0383567628193	-0.00485533323622	-0.0439277904092	-0.0152845027979	-0.0368371062463	0.0181153997184	-0.0183732234829	0.0376186956283	0.0283350479432	0.0045632447739	-0.0221215286831	-0.090503095218	0.0154665504457
k__Bacteria;p__Firmicutes;c__Clostridia;o__Clostridiales;f__Lachnospiraceae;g__Roseburia;s__Roseburia_intestinalis	0.00463179083165	-0.00707419124683	0.0260563393054	-0.0448555819764	-0.00514959627825	-0.00452378652317	0.0105744300234	-0.0160328661881	-0.0240582917872	0.00592185114593	0.0197272184628	-0.0317661896788	0.046834334667	0.0297193778093	-0.0226157904559	-0.00562399083193	-0.0361984793676	0.0492554935222	-0.0317884184434	0.0272922239866	-0.0195253031094	-0.0366951566944	-0.051393398668	0.0193621964905	-0.00977900302356	-0.00512847322708	1.0	0.0361308037374	0.0136583544483	-0.0127901341887	-0.0166376299591	0.0185182374082	-0.0528680829563	-0.00735417156428	-0.0129237295821	-0.0271868002269	-0.0144805066453	0.0223144247632	0.00155368874242	-0.0264803545233	0.0551041303812	0.00889575172132	-0.0363492048092	-0.0170313855629	-0.0583846104922	-0.0105387480025	0.0336030383237	-0.0162418637425	0.0179948521107	-0.0310376093158	-0.00731474980113	-0.0141540159458	-0.0340300346396	-0.00290635648982	-0.000382756033551	0.0261660740146	0.0187936605923	0.0077654509936	0.00321434171253
k__Bacteria;p__Firmicutes;c__Clostridia;o__Clostridiales;f__Lachnospiraceae;g__Roseburia;s__Roseburia_hominis	0.0061830137294	-0.0100000058703	-0.0308798294975	-0.0120614845872	0.00193356128713	-0.00305328373426	-0.0255536020424	0.0066552196448	-0.0170871405015	-0.0262009929355	0.0222332535594	0.0318859370511	-0.0487819418829	-0.0197152868608	0.0173562446754	0.0180892445539	-0.0172126450837	-0.0253313442891	-0.0290210221805	0.00487994192128	-0.0148720807772	-0.067425160292	0.0342415528421	-0.0578293117067	-0.0924222512185	-0.0339180098335	0.0361308037374	1.0	-0.0343513607811	0.0160089219113	0.0404053370022	0.00228187734666	0.0044778655026	-0.0190813581211	-0.029027500213	-0.0658883988565	0.00898206089535	-0.0281499223183	-0.00452707521717	-0.0042911446069	-0.0348951639032	-0.026311234866	0.0108090316002	-0.0019947307441	-0.0391344453684	-0.021901813	0.0118316393267	-0.0133902482373	0.0125125142637	0.0539667657009	0.00664330734519	-0.0180908722436	-0.00716224060445	-0.0325398369908	-0.0133227664073	0.0340412176693	0.0281885743419	-0.00270005302667	0.0570752442077
k__Bacteria;p__Bacteroidetes;c__Bacteroidia;o__Bacteroidales;f__Porphyromonadaceae;g__Parabacteroides;s__Parabacteroides_johnsonii	0.0140662363203	0.0181185975327	-0.091219428062	0.0440535495419	0.0488451973513	0.0287320157742	0.0146852540498	0.0345437208851	-0.0197876838575	-0.073514207386	-0.0474462367423	0.0168417969593	-0.0510818889607	-0.0524203765929	-0.0158638076272	-0.00822417757594	-0.0344418370846	-0.0413528739235	-0.0184691442235	-0.0154490094762	-0.00488274508535	-0.0536611191354	0.0162507327516	-0.0258115044833	-0.0522897166812	-0.0465248578628	0.0136583544483	-0.0343513607811	1.0	0.00885961730846	-0.0658982115641	-0.001486110974	0.0152670553977	-0.0213432629744	0.0861442700644	-0.00545566528081	-0.0288990147344	-0.0593599768482	-0.0252456659531	0.0251314827972	-0.00544883459899	-0.0136464315525	0.0199960136997	-0.0609949207988	0.00830596487065	-0.0241190668506	-0.0703617044018	0.00492682037453	0.00803151580866	-0.00450663322092	0.0117630988792	0.0224961101231	-0.006441617617	-0.00956553817851	-0.0290306732925	-0.00488528330592	-0.00104118763958	-0.0272834514215	0.0401041359477
k__Bacteria;p__Actinobacteria;c__Actinobacteria;o__Bifidobacteriales;f__Bifidobacteriaceae;g__Bifidobacterium;s__Bifidobacterium_longum	0.0683464321756	0.042078136475	-0.00901340469737	-0.0412684427693	0.000897294211744	0.00988192407793	-0.0133452703228	-0.0250674342688	0.00108820519142	-0.0270618843537	-0.0776621062872	-0.00727271997834	0.0043830913713	0.00617072652585	0.0210408817176	-0.0297281436864	0.00852838585086	0.00231520013377	0.021644994608	-0.0147957982998	-0.0359875504304	0.038665088296	-0.0130332681591	-0.00765277173738	-0.0950021868808	0.049031364061	-0.0127901341887	0.0160089219113	0.00885961730846	1.0	0.00555479978296	-0.0797052726358	-0.0396047659334	0.0505761432764	-0.0265778877925	-0.013098925999	0.0109201311423	0.00340741574653	-0.0184080279401	0.0567396401396	-0.0122303482072	-0.0124842305436	-0.0413734300155	-0.0117160573287	0.0387867248391	0.0578364179284	-0.0653461806001	-0.020672080476	0.0442210864436	0.0313200348234	-0.000860639076751	0.0546924855242	-0.00264210672817	-0.043248640608	0.00487936620787	0.00266682670337	0.0224499529578	-0.0774909028423	-0.0437539957551
