#taxonomy	k__Bacteria;p__Bacteroidetes;c__Bacteroidia;o__Bacteroidales;f__Bacteroidaceae;g__Bacteroides;s__Bacteroides_vulgatus	k__Bacteria;p__Bacteroidetes;c__Bacteroidia;o__Bacteroidales;f__Bacteroidaceae;g__Bacteroides;s__Bacteroides_uniformis	k__Bacteria;p__Bacteroidetes;c__Bacteroidia;o__Bacteroidales;f__Rikenellaceae;g__Alistipes;s__Alistipes_putredinis	k__Bacteria;p__Bacteroidetes;c__Bacteroidia;o__Bacteroidales;f__Prevotellaceae;g__Prevotella;s__Prevotella_copri	k__Bacteria;p__Bacteroidetes;c__Bacteroidia;o__Bacteroidales;f__Bacteroidaceae;g__Bacteroides;s__Bacteroides_stercoris	k__Bacteria;p__Bacteroidetes;c__Bacteroidia;o__Bacteroidales;f__Bacteroidaceae;g__Bacteroides;s__Bacteroides_ovatus	k__Bacteria;p__Bacteroidetes;c__Bacteroidia;o__Bacteroidales;f__Rikenellaceae;g__Alistipes;s__Alistipes_shahii	k__Bacteria;p__Firmicutes;c__Clostridia;o__Clostridiales;f__Ruminococcaceae;g__Faecalibacterium;s__Faecalibacterium_prausnitzii	k__Bacteria;p__Bacteroidetes;c__Bacteroidia;o__Bacteroidales;f__Rikenellaceae;g__Alistipes;s__Alistipes_finegoldii	k__Bacteria;p__Bacteroidetes;c__Bacteroidia;o__Bacteroidales;f__Porphyromonadaceae;g__Parabacteroides;s__Parabacteroides_distasonis	k__Bacteria;p__Bacteroidetes;c__Bacteroidia;o__Bacteroidales;f__Bacteroidaceae;g__Bacteroides;s__Bacteroides_thetaiotaomicron	k__Bacteria;p__Bacteroidetes;c__Bacteroidia;o__Bacteroidales;f__Bacteroidaceae;g__Bacteroides;s__Bacteroides_coprocola	k__Bacteria;p__Bacteroidetes;c__Bacteroidia;o__Bacteroidales;f__Bacteroidaceae;g__Bacteroides;s__Bacteroides_cellulosilyticus	k__Bacteria;p__Bacteroidetes;c__Bacteroidia;o__Bacteroidales;f__Rikenellaceae;g__Alistipes;s__Alistipes_obesi	k__Bacteria;p__Firmicutes;c__Clostridia;o__Clostridiales;f__Lachnospiraceae;g__;s__[Eubacterium]_rectale	k__Bacteria;p__Bacteroidetes;c__Bacteroidia;o__Bacteroidales;f__Bacteroidaceae;g__Bacteroides;s__Bacteroides_plebeius	k__Bacteria;p__Bacteroidetes;c__Bacteroidia;o__Bacteroidales;f__Bacteroidaceae;g__Bacteroides;s__Bacteroides_fragilis	k__Bacteria;p__Proteobacteria;c__Betaproteobacteria;o__Burkholderiales;f__Sutterellaceae;g__Sutterella;s__Sutterella_wadsworthensis	k__Bacteria;p__Bacteroidetes;c__Bacteroidia;o__Bacteroidales;f__Porphyromonadaceae;g__Barnesiella;s__Barnesiella_intestinihominis	k__Bacteria;p__Bacteroidetes;c__Bacteroidia;o__Bacteroidales;f__Odoribacteraceae;g__Odoribacter;s__Odoribacter_splanchnicus	k__Bacteria;p__Bacteroidetes;c__Bacteroidia;o__Bacteroidales;f__Bacteroidaceae;g__Bacteroides;s__Bacteroides_salyersiae	k__Bacteria;p__Firmicutes;c__Clostridia;o__Clostridiales;f__Ruminococcaceae;g__Ruminiclostridium;s__[Eubacterium]_siraeum	k__Bacteria;p__Proteobacteria;c__Betaproteobacteria;o__Burkholderiales;f__Sutterellaceae;g__Parasutterella;s__Parasutterella_excrementihominis	k__Bacteria;p__Actinobacteria;c__Actinobacteria;o__Bifidobacteriales;f__Bifidobacteriaceae;g__Bifidobacterium;s__Bifidobacterium_adolescentis	k__Bacteria;p__Firmicutes;c__Clostridia;o__Clostridiales;f__Oscillospiraceae;g__Oscillibacter;s__Oscillibacter_sp._KLE_1745	k__Bacteria;p__Bacteroidetes;c__Bacteroidia;o__Bacteroidales;f__Bacteroidaceae;g__Bacteroides;s__Bacteroides_coprophilus	k__Bacteria;p__Firmicutes;c__Clostridia;o__Clostridiales;f__Lachnospiraceae;g__Roseburia;s__Roseburia_intestinalis	k__Bacteria;p__Firmicutes;c__Clostridia;o__Clostridiales;f__Lachnospiraceae;g__Roseburia;s__Roseburia_hominis	k__Bacteria;p__Bacteroidetes;c__Bacteroidia;o__Bacteroidales;f__Porphyromonadaceae;g__Parabacteroides;s__Parabacteroides_johnsonii	k__Bacteria;p__Actinobacteria;c__Actinobacteria;o__Bifidobacteriales;f__Bifidobacteriaceae;g__Bifidobacterium;s__Bifidobacterium_longum	k__Bacteria;p__Firmicutes;c__Clostridia;o__Clostridiales;f__;g__Flavonifractor;s__Flavonifractor_plautii	k__Bacteria;p__Firmicutes;c__Clostridia;o__Clostridiales;f__Clostridiaceae;g__Clostridium;s__Clostridium_phoceensis	k__Bacteria;p__Verrucomicrobia;c__Verrucomicrobiae;o__Verrucomicrobiales;f__Akkermansiaceae;g__Akkermansia;s__Akkermansia_muciniphila	k__Bacteria;p__Bacteroidetes;c__Bacteroidia;o__Bacteroidales;f__Prevotellaceae;g__Paraprevotella;s__Paraprevotella_xylaniphila	k__Bacteria;p__Firmicutes;c__Clostridia;o__Clostridiales;f__Ruminococcaceae;g__Ruminococcus;s__Ruminococcus_callidus	k__Bacteria;p__Bacteroidetes;c__Bacteroidia;o__Bacteroidales;f__Rikenellaceae;g__Alistipes;s__Alistipes_senegalensis	k__Bacteria;p__Firmicutes;c__Clostridia;o__Clostridiales;f__Lachnospiraceae;g__Blautia;s__Blautia_sp._KLE_1732	k__Bacteria;p__Bacteroidetes;c__Bacteroidia;o__Bacteroidales;f__Bacteroidaceae;g__Bacteroides;s__Bacteroides_oleiciplenus	k__Bacteria;p__Firmicutes;c__Clostridia;o__Clostridiales;f__Ruminococcaceae;g__Ruminococcus;s__Ruminococcus_bicirculans	k__Bacteria;p__Bacteroidetes;c__Bacteroidia;o__Bacteroidales;f__Bacteroidaceae;g__Bacteroides;s__Bacteroides_fluxus	k__Bacteria;p__Bacteroidetes;c__Bacteroidia;o__Bacteroidales;f__Prevotellaceae;g__Prevotella;s__Prevotella_stercorea	k__Bacteria;p__Firmicutes;c__Clostridia;o__Clostridiales;f__Lachnospiraceae;g__Dorea;s__Dorea_longicatena	k__Bacteria;p__Firmicutes;c__Clostridia;o__Clostridiales;f__Eubacteriaceae;g__Eubacterium;s__[Eubacterium]_eligens	k__Bacteria;p__Firmicutes;c__Clostridia;o__Clostridiales;f__Ruminococcaceae;g__;s__Ruminococcaceae_bacterium_D16	k__Bacteria;p__Firmicutes;c__Clostridia;o__Clostridiales;f__Lachnospiraceae;g__Coprococcus;s__Coprococcus_comes	k__Bacteria;p__Proteobacteria;c__Gammaproteobacteria;o__Enterobacterales;f__Enterobacteriaceae;g__Escherichia;s__Escherichia_coli	k__Bacteria;p__Firmicutes;c__Clostridia;o__Clostridiales;f__Ruminococcaceae;g__Anaerotruncus;s__Anaerotruncus_colihominis	k__Bacteria;p__Firmicutes;c__Clostridia;o__Clostridiales;f__Lachnospiraceae;g__Blautia;s__Blautia_obeum	k__Bacteria;p__Bacteroidetes;c__Bacteroidia;o__Bacteroidales;f__Odoribacteraceae;g__Odoribacter;s__Odoribacter_laneus	k__Bacteria;p__Firmicutes;c__Clostridia;o__Clostridiales;f__Ruminococcaceae;g__Ruminiclostridium;s__[Clostridium]_leptum	k__Bacteria;p__Bacteroidetes;c__Bacteroidia;o__Bacteroidales;f__Porphyromonadaceae;g__Parabacteroides;s__Parabacteroides_goldsteinii	k__Bacteria;p__Firmicutes;c__Clostridia;o__Clostridiales;f__Lachnospiraceae;g__Anaerostipes;s__Anaerostipes_hadrus	k__Bacteria;p__Firmicutes;c__Clostridia;o__Clostridiales;f__Ruminococcaceae;g__Ruminococcus;s__Ruminococcus_lactaris	k__Bacteria;p__Firmicutes;c__Clostridia;o__Clostridiales;f__Clostridiaceae;g__Clostridium;s__Clostridium_sp._L2-50	k__Bacteria;p__Firmicutes;c__Clostridia;o__Clostridiales;f__Clostridiaceae;g__Clostridium;s__Clostridium_sp._M62/1	k__Bacteria;p__Firmicutes;c__Clostridia;o__Clostridiales;f__;g__Intestinimonas;s__Intestinimonas_butyriciproducens	k__Bacteria;p__Actinobacteria;c__Actinobacteria;o__Bifidobacteriales;f__Bifidobacteriaceae;g__Bifidobacterium;s__Bifidobacterium_bifidum	k__Bacteria;p__Firmicutes;c__Negativicutes;o__Veillonellales;f__Veillonellaceae;g__Dialister;s__Dialister_invisus	k__Bacteria;p__Bacteroidetes;c__Bacteroidia;o__Bacteroidales;f__Bacteroidaceae;g__Bacteroides;s__Bacteroides_salanitronis
k__Bacteria;p__Bacteroidetes;c__Bacteroidia;o__Bacteroidales;f__Bacteroidaceae;g__Bacteroides;s__Bacteroides_vulgatus	1.0	0.0292971529928	0.0510724047606	-0.00547626137941	-0.0622062880399	0.0193939867878	-0.0423115788564	0.00122656062317	-0.0328458020938	-0.0711576719185	-0.0251174275184	0.0594768359897	-0.0035417531645	0.0277899902289	-0.00653888848466	0.0394307115087	-0.00564830722472	-0.0158730549414	-0.0214428293641	-0.0744960252566	0.00969172449103	-0.0231315108756	-0.0170929388003	-0.0625959114397	-0.0374308611921	-0.0650716258093	-0.0199953361444	0.0266753279888	-0.0665978831543	0.0359225546823	0.0151779279694	-0.00750008834809	-0.0451947186958	0.0164343732841	0.0358498236748	-0.00795831574416	0.0181016605191	-0.0258753005671	0.00406679041569	0.0302768572003	-0.00517318880738	0.0108174094646	0.00196641890424	-0.00866341416347	-0.0340389699129	-0.0184742796513	0.0657701600224	-0.0274443793023	0.0334994912741	0.0248330119792	-0.000914891477147	0.0263297725712	-0.00605351737225	-0.0651018233949	-0.0379283721666	-0.0483631820766	0.036066378454	-0.0231154948352	-0.0401996347834
k__Bacteria;p__Bacteroidetes;c__Bacteroidia;o__Bacteroidales;f__Bacteroidaceae;g__Bacteroides;s__Bacteroides_uniformis	0.0292971529928	1.0	-0.0585545978066	0.0222942197706	-0.00668134585729	0.0297550927968	-0.0439016780515	-0.022683455796	0.0542042296655	-3.76601204161e-05	0.0016616329768	-0.011515146611	-0.00833804725589	-0.0265098347112	-0.00128387902404	-0.00100319774764	0.0114908392682	-0.0155083871494	-0.0305534046124	0.00821159101209	-0.0300320480165	0.0278379413101	0.00993052929502	-0.0576226500708	-0.0298280938205	-0.0139549107066	-0.0284751836087	-0.021771300293	-0.0344939657219	0.0564405256808	-0.0553440997484	-0.0519906300495	0.016573373787	-0.0261429298488	-0.0256291267461	-0.0373224166306	0.00480128851979	-0.0331345420355	-0.0103665296123	-0.00152902973985	-0.00754541152638	-0.0174290465254	-0.022464160186	0.0380836308633	0.00305048500383	0.0306895407088	-0.0168828647816	-0.0308508856859	-0.0283325417099	0.0186482027961	0.0224508795621	-0.0148007035873	0.0710201316003	-0.0368012152202	0.0603864828058	0.0373670008978	0.0318618386653	-0.0322973395373	0.0118168723324
k__Bacteria;p__Bacteroidetes;c__Bacteroidia;o__Bacteroidales;f__Rikenellaceae;g__Alistipes;s__Alistipes_putredinis	0.0510724047606	-0.0585545978066	1.0	-0.0109653344215	0.0313051648582	0.00752422597775	0.00628528128891	0.00515969563415	0.018275333749	-0.00059644119709	0.00901510333317	-0.00879529252554	-0.0470752672395	-0.0497650586343	0.0321602073728	-0.0259707318662	-0.013665848588	-0.0154248525496	0.016151323216	0.0165980704035	0.0383173902269	-0.0482269600282	0.00557114099198	-0.030117966518	-0.0293209850109	0.0218155373885	-0.00639071184603	-0.0295241840534	-0.0076122037337	0.0583110124821	-0.0138711238062	0.0101371372926	0.000557625450363	-0.00111909955183	-0.0324856951305	-0.0350841027278	-0.0607317548052	-0.00791732382506	0.0279331995468	0.00131816883312	-0.10493031093	-0.0190028115591	-0.0212961748181	-0.0208420804764	0.0559210627102	0.00911101358349	-0.0664495574408	0.0354285149499	0.014933497765	-0.022527039113	0.000864233690711	0.0202421092573	0.0343723429219	0.0109728159116	-0.00776338329237	-0.0246418708339	-0.00538016497386	-0.0439024893609	-0.0336451727183
k__Bacteria;p__Bacteroidetes;c__Bacteroidia;o__Bacteroidales;f__Prevotellaceae;g__Prevotella;s__Prevotella_copri	-0.00547626137941	0.0222942197706	-0.0109653344215	1.0	-0.0223141560507	0.00266001568443	-0.00341588874416	-0.023207341656	0.053982572702	-0.00255822788367	0.0173376396335	8.29315941685e-06	0.00011861436356	0.00856505218835	-0.00954271780379	0.00464105884678	-0.0420759976594	-0.0220807494995	-0.0595324398177	0.005285374911	0.0441024088315	0.0253205732048	-0.00876795779323	0.0212266601293	-0.0274154753337	-0.00992181084637	-0.0437842461185	0.0262156343131	-0.0254386575815	-0.0633341315631	-0.0208897223788	-0.0252542270755	-0.0472109181488	-0.015349700768	0.0793516088592	-0.0100638308941	0.0208136507946	0.0473216506962	-0.00435611811655	-0.00871492614468	-0.0553272281003	-0.0160151866921	0.0123936762091	0.0131492812144	-0.0663279956103	-0.024951739913	-0.0368078620121	-0.000467324944119	0.0171522477945	0.0218714011238	0.0399407475882	-0.0320533900421	0.00411868833864	0.0221082003393	-0.0431919612432	-0.0142075804088	0.00106047469856	0.00410487570226	-0.081037279201
k__Bacteria;p__Bacteroidetes;c__Bacteroidia;o__Bacteroidales;f__Bacteroidaceae;g__Bacteroides;s__Bacteroides_stercoris	-0.0622062880399	-0.00668134585729	0.0313051648582	-0.0223141560507	1.0	0.0237827351431	-0.0160473546232	-0.0361131010978	-0.0855766196658	-0.0265235617854	-0.028800727313	0.0384396583643	0.0298415303139	0.0209831452242	-0.0248569889413	0.0502838076266	-0.0420490965073	0.069635723656	-0.0117182736361	-0.0402781073652	-0.0265800244146	0.0177878811747	-0.0265103199134	0.0118200565724	0.016994525199	0.0188538258027	0.0690577559449	-0.0141281507115	0.0614109519238	-0.00831669784593	-0.0197687761879	0.0743315064671	-0.0206214502437	-0.058468808613	0.0054201088707	-0.0137516273615	-0.0733361721835	-0.0298379884641	-0.0110812170077	0.0169690520656	0.0113964981338	-0.0248767892643	-0.0219026080719	0.00548411043998	-0.014156144986	-0.00827974263457	-0.0120828500178	0.00171342087156	-0.0144788176853	-0.0311016572264	-0.0385151837266	-0.0153914616393	0.00316179017943	-0.050072299049	-0.0717958510458	0.0294987877988	0.0694609814456	-0.0320492859591	0.0404451806095
k__Bacteria;p__Bacteroidetes;c__Bacteroidia;o__Bacteroidales;f__Bacteroidaceae;g__Bacteroides;s__Bacteroides_ovatus	0.0193939867878	0.0297550927968	0.00752422597775	0.00266001568443	0.0237827351431	1.0	0.0109507509406	-0.0244778108249	0.0219643184548	0.0382136079992	-0.0577009225622	-0.0837950165425	0.0107150686503	-0.0224802006898	0.00998530014118	-0.0299085468743	-0.00898055809135	-0.0700350765497	-0.0411793272159	0.0221540430779	0.0038196448494	-0.0105179526294	-0.0153705551461	-0.0313837184168	-0.0368882369239	-0.0256541456762	0.0152575404131	-0.0269011651525	-0.0251920504048	0.00259130835232	0.0249760466506	-0.0113667264468	-0.04610382353	0.00721918623369	0.0169493613045	0.00160520523474	-0.0104749462203	0.0383873339688	0.0307612879614	0.0532531264721	0.0010388258793	0.0235801049589	-0.00595941333466	-0.0320051407745	-0.022300562663	0.0156728275384	-0.0889896291339	0.0171851546893	0.0520384335283	-0.0140238720625	0.0222182528874	0.0126808887015	0.024515037865	-0.0122065177134	-0.0212709212215	0.0299551429073	-0.0196947558317	-0.0260306212715	-0.002303626106
k__Bacteria;p__Bacteroidetes;c__Bacteroidia;o__Bacteroidales;f__Rikenellaceae;g__Alistipes;s__Alistipes_shahii	-0.0423115788564	-0.0439016780515	0.00628528128891	-0.00341588874416	-0.0160473546232	0.0109507509406	1.0	-0.0616255294247	0.00531395279099	0.0524738557567	-0.00878839282237	0.00675065704587	-0.0439818568625	-0.0613984735527	-0.0448810877143	-0.0723264161069	-0.00512757893093	-0.02042814169	-0.0275746180351	0.0208531353011	0.0466193734627	0.0521395554367	-0.0233963403171	-0.00725641219381	0.0226551831591	0.0402142525754	-0.00217278796231	-0.00289701380734	0.0186413346392	-0.0344918007516	-0.00383921562383	-0.0459289212672	0.0153400586503	0.0298686884158	-0.017123922052	-0.00613670282424	0.0622498191844	-0.00775679762879	0.0231246930861	0.00803188780193	0.0333342130778	0.0105153686115	0.0342191005952	-0.0295125055172	0.0135531053098	-0.0245448171765	0.0179675256498	-0.0307909343813	0.000698237801848	0.00394357451324	-0.0704289744828	-0.0398746306539	0.0103575430263	-0.0548235023425	-0.00601425604653	-0.00183350813753	-0.0116839151376	0.00463946735856	0.00627469675522
k__Bacteria;p__Firmicutes;c__Clostridia;o__Clostridiales;f__Ruminococcaceae;g__Faecalibacterium;s__Faecalibacterium_prausnitzii	0.00122656062317	-0.022683455796	0.00515969563415	-0.023207341656	-0.0361131010978	-0.0244778108249	-0.0616255294247	1.0	-0.0472876913093	-0.064783800026	-0.0130261892536	0.0552943773098	-0.0476110143397	-0.070706825863	-0.025105450503	0.00302590685343	-0.0487073586613	-0.0200993700957	-0.00853748977748	-0.0446228728196	0.00692356503887	0.020102994625	0.0211167878727	0.000858046793857	0.0117907813108	-0.053478473058	0.027355182953	0.0320388242688	0.0561837442853	-0.000457725062255	-0.0137001499604	-0.0253408411526	-0.0250955850133	-0.000720487011341	-0.0234682471733	-0.0225104432681	0.00705497440383	-0.0440312035015	0.0569285981852	-0.00324462736579	-0.0576753570225	0.0280968038891	0.0113575907048	-0.00936751202242	-0.0404579447193	0.00373179404515	-0.00132760923429	0.032866270636	0.0090318665749	-0.0772097615985	0.0023148608488	0.00832994888584	-0.00468536077505	0.0125626255405	0.0342526473218	0.00342324387783	0.0237895488074	-0.0312709205104	0.0491661159852
k__Bacteria;p__Bacteroidetes;c__Bacteroidia;o__Bacteroidales;f__Rikenellaceae;g__Alistipes;s__Alistipes_finegoldii	-0.0328458020938	0.0542042296655	0.018275333749	0.053982572702	-0.0855766196658	0.0219643184548	0.00531395279099	-0.0472876913093	1.0	-0.0229478846315	-0.00069568631918	-0.013009203692	-0.0660861479642	0.00366191080654	-0.0659393302776	-0.0225563347066	0.0479070471689	-0.0126364239028	-0.0470917984716	0.0256674462253	-0.0252413974866	0.0695183250958	-0.00823351590413	-0.0442028343567	0.024567912837	-0.0128583394002	-0.0247574084362	0.0050191814947	-0.0218305401044	0.0114191971448	0.015754439736	-0.0191390949368	-0.0249837315084	0.0136356314311	0.0168646426804	-0.0102654022949	-0.0367235616212	-0.0231197956312	-0.0219261617805	-0.0228096580738	0.00927841947951	0.0100613528851	-0.0167601272141	0.0138565864245	-0.00311534265795	-0.0946828506385	0.0322283702571	-0.0284889568055	-0.0433285425238	0.0613167036294	-0.00898769654075	0.0549714101086	0.0100045280068	0.0237771314368	0.0139058170997	-0.0207386427072	-0.0167574635324	-0.0578925995877	0.0501733833399
k__Bacteria;p__Bacteroidetes;c__Bacteroidia;o__Bacteroidales;f__Porphyromonadaceae;g__Parabacteroides;s__Parabacteroides_distasonis	-0.0711576719185	-3.76601204162e-05	-0.00059644119709	-0.00255822788368	-0.0265235617854	0.0382136079992	0.0524738557567	-0.064783800026	-0.0229478846315	1.0	-0.039256517919	0.00673841742757	0.00945123989867	-0.0369315460319	-0.0202331907033	0.0254999399487	-0.0114443079359	-0.0056230455705	-0.019140690731	0.0324839562311	-0.0352062679718	0.0356175292071	-0.0232243933191	-0.0246298791131	-0.0937371266941	-0.0212020387202	0.0687404688221	-0.00924121942558	-0.0297845091787	0.0368990169279	-0.0100189453017	-0.01868979382	-0.0324948593556	-0.0137326039559	0.00689747234144	0.0438661814857	-0.0691556698595	-0.0238077731934	0.0578407246768	0.026624057893	-0.00715344883092	0.0295643238312	-0.01228654184	0.0415189533467	-0.00264335448354	0.0139940795923	-0.0530048289459	-0.0090193969293	-0.0419681269048	-0.00124598470471	-0.000716909100324	0.000551274980758	-0.0343173147017	0.00705192170291	0.00431674893317	-0.00392041535468	-0.0497577982504	0.0917618704957	-0.0093873634224
k__Bacteria;p__Bacteroidetes;c__Bacteroidia;o__Bacteroidales;f__Bacteroidaceae;g__Bacteroides;s__Bacteroides_thetaiotaomicron	-0.0251174275184	0.0016616329768	0.00901510333317	0.0173376396335	-0.028800727313	-0.0577009225622	-0.00878839282237	-0.0130261892536	-0.00069568631918	-0.039256517919	1.0	-0.00364447421984	0.0239364825774	0.0584507499993	0.00689897897371	-0.054791000609	0.0607735897289	-0.0108015972623	-0.0546719814844	-0.0176200458971	-0.000685761520088	-0.00136901745041	-0.0637631381186	0.04098763744	0.00521168105135	0.0794812992027	-0.0423761064817	-0.0191412966771	0.02684715402	-0.0178631544676	-0.0258139173939	6.20347646853e-06	-0.0204127023605	-0.0537160854285	-0.066979527278	-0.0415900680765	-0.0170483613448	0.0447587841744	0.0273948750194	0.0218610022514	-0.0249293070104	-0.00596880355984	-0.0756457200407	0.0529179592967	0.0273481934195	-0.0118190292592	-0.00517300139812	0.0301382883423	-0.0134276330038	0.0104783113904	-0.0346523907727	-0.0500595870695	-0.0075835347797	-0.0101887993607	0.00952240403122	-0.0248727374408	-0.00958893240041	0.0347644325086	0.0176761621588
k__Bacteria;p__Bacteroidetes;c__Bacteroidia;o__Bacteroidales;f__Bacteroidaceae;g__Bacteroides;s__Bacteroides_coprocola	0.0594768359897	-0.011515146611	-0.00879529252554	8.29315941694e-06	0.0384396583643	-0.0837950165425	0.00675065704587	0.0552943773098	-0.013009203692	0.00673841742757	-0.00364447421984	1.0	-0.00415846452599	-0.0669868601768	0.0826916346985	-0.0131030385154	0.0531450782311	-0.0313985570266	-0.00496500786044	-0.0485328578256	-0.0312271080013	0.0110410650192	0.00307719904085	0.00094492007833	0.00785170532032	-0.00661127727327	0.0475419605861	-0.022134457312	0.0382879867688	0.0171779170876	0.00160888661343	-0.00462964735711	-0.0451868437694	-0.00892055743495	-0.00202099873553	-0.0291345447885	-0.0368111901602	-0.0135761194804	0.0158530020482	-0.0100819132572	-0.048197837041	-0.0228360936983	-0.0163387489509	-0.0322457141485	0.00797748041633	-0.0462569311044	0.0237364920413	-0.0268408701644	0.0253615049593	0.0117932354434	-0.00251785594055	-0.0413991938451	0.0485441781757	-0.0441357244713	-0.0512157413695	-0.000104849207148	-0.0194056308183	-0.0629467161941	0.0104733603628
k__Bacteria;p__Bacteroidetes;c__Bacteroidia;o__Bacteroidales;f__Bacteroidaceae;g__Bacteroides;s__Bacteroides_cellulosilyticus	-0.0035417531645	-0.00833804725589	-0.0470752672395	0.00011861436356	0.0298415303139	0.0107150686503	-0.0439818568625	-0.0476110143397	-0.0660861479642	0.00945123989867	0.0239364825774	-0.00415846452599	1.0	-0.0395440019256	0.0149418247454	-0.0276559276662	-0.0323004521373	-0.0184922483081	-0.0154179117745	-0.036746036119	-0.00294168304382	-0.0343644936348	-0.0302473481676	0.0190276052533	0.000804522501565	-0.00112838725721	0.0502588384829	-0.0307100166438	-0.0212781644107	0.0108134788051	0.000207657894463	-0.00547838487103	-0.0243106812066	-0.0140011823871	-0.0587496036236	0.00522717294153	-0.0273212050273	-0.0197955415782	-0.0672383585408	-0.0398741607336	-0.0252332567597	0.0251432477293	-0.0134355746327	0.0163261348888	-0.0384522061547	0.0228948527305	-0.0712305205038	-0.0161157542707	-0.00670700051866	0.00618299955498	0.0284521865881	-0.0221898497431	-0.0152902935987	0.0117378583426	0.0348130921469	0.0440806877178	-0.00829482012495	0.0237682733842	-0.0456911258643
k__Bacteria;p__Bacteroidetes;c__Bacteroidia;o__Bacteroidales;f__Rikenellaceae;g__Alistipes;s__Alistipes_obesi	0.0277899902289	-0.0265098347112	-0.0497650586343	0.00856505218835	0.0209831452242	-0.0224802006898	-0.0613984735527	-0.070706825863	0.00366191080654	-0.0369315460319	0.0584507499993	-0.0669868601768	-0.0395440019256	1.0	0.0275173074103	-0.0128553992046	-0.033236651459	0.00506754921168	-0.0158620143092	0.00552273425341	0.0130998794542	-0.0393165209893	0.00820489586825	0.0273187405708	0.0396881873333	0.0239482454581	-0.0561713006422	-0.0214657498212	-0.00151576229022	0.0151424093228	0.0781780014592	0.0224373892106	-0.0107007927221	-0.0550651814654	-0.0531389293424	-0.0533049001547	-0.0440860630517	0.00496364776394	-0.00951859761215	0.00733837594261	0.0574721700003	0.0209540249649	-0.0224880446544	-0.0724644393707	-0.038703020429	-0.0348407639613	-0.00968247757677	0.00854627004454	0.0133701745057	0.0203906410669	-0.00244407193751	-0.0433146513485	0.000486145368198	0.0033052005914	0.000796391552763	0.0401588340829	-0.0150503940313	-0.0359467430065	-0.0701224444106
k__Bacteria;p__Firmicutes;c__Clostridia;o__Clostridiales;f__Lachnospiraceae;g__;s__[Eubacterium]_rectale	-0.00653888848466	-0.00128387902404	0.0321602073728	-0.00954271780379	-0.0248569889413	0.00998530014118	-0.0448810877143	-0.025105450503	-0.0659393302776	-0.0202331907033	0.00689897897371	0.0826916346985	0.0149418247454	0.0275173074103	1.0	-0.0224838273365	-0.0692168925759	-0.00703378792687	-0.00599533192672	0.00187376295664	-0.0263043507041	-0.103363948206	0.0287764121219	-0.0147868761298	0.00701116687308	0.028629534515	-0.021934095173	-0.0390258284853	0.000159684880123	-0.0303104955502	0.0224062022826	0.0337243012007	0.0183381663335	-0.0186106185539	0.0121627056703	-0.0111892267088	0.0403639342136	0.0136259453362	-0.00510742599561	-0.0052677067784	0.0132454233573	0.0303308836583	-0.0248331193046	-0.0209957110189	-0.00829622333409	-0.00777343284674	0.0691602990221	-0.0544458083662	-0.0349921811542	-0.0857710304277	0.00329881219328	0.0727989772658	-0.00213478357603	-0.0176017134868	0.0469880385721	-0.00350920532267	-0.0313395732231	0.0322343963193	0.0625649232997
k__Bacteria;p__Bacteroidetes;c__Bacteroidia;o__Bacteroidales;f__Bacteroidaceae;g__Bacteroides;s__Bacteroides_plebeius	0.0394307115087	-0.00100319774764	-0.0259707318662	0.00464105884678	0.0502838076266	-0.0299085468743	-0.0723264161069	0.00302590685343	-0.0225563347066	0.0254999399487	-0.054791000609	-0.0131030385154	-0.0276559276662	-0.0128553992046	-0.0224838273365	1.0	-0.0289495448358	0.0476901097566	-0.0202644877346	0.0690490625812	-0.0593347708975	-0.0239561536465	-0.0550168767966	-0.0551044167724	0.0243435263583	-0.0143847898661	-0.000401488446084	-0.00125461446793	0.000840781070755	-0.0682031488803	0.0294732835625	0.0205654351741	-0.0529669450486	-0.0513229080619	0.0642987344736	-0.0492306272532	-0.0720654256878	-0.0574306017059	0.0399277273381	0.0120149074005	0.0235352315551	0.0725318583784	0.0420069464603	0.0186051619888	-0.00411959608611	0.000640501503646	-0.00672926666238	0.000671596124839	-0.0268230788645	0.00176489813541	0.0214125748956	-0.0459178143331	-0.037262018811	0.0186101735155	0.0147613534139	-0.0774915951104	0.000493098182905	0.0606861481544	-0.0626215507335
k__Bacteria;p__Bacteroidetes;c__Bacteroidia;o__Bacteroidales;f__Bacteroidaceae;g__Bacteroides;s__Bacteroides_fragilis	-0.00564830722472	0.0114908392682	-0.013665848588	-0.0420759976594	-0.0420490965073	-0.00898055809135	-0.00512757893093	-0.0487073586613	0.0479070471689	-0.0114443079359	0.0607735897289	0.0531450782311	-0.0323004521373	-0.033236651459	-0.0692168925759	-0.0289495448358	1.0	-0.0240838715412	0.0133282411898	0.000439714976316	-0.0163880299598	0.0335586633788	-0.0318202324986	-0.0236476164836	0.00580423998118	0.0547422263964	-0.00987888465697	-0.0328596260056	0.00325426705515	-0.0181599219214	-0.0118409733096	0.0149204171878	0.0127417568521	0.0672469935856	-0.133563731189	-0.0260039646456	-0.0102549595234	0.0281475288282	-0.0702945315435	-0.0329774128331	-0.0612868227006	-0.050962285688	-0.00120231022585	-0.0592007470377	-0.000895116995225	0.000804781031283	-0.0126184498728	0.0158196755093	-0.0179985880352	0.0661794649041	-0.0394270569069	-0.000415069744016	0.0238829451034	0.0197184677915	-0.00674601120037	-0.0332542835443	0.049145186621	0.0100964419879	-0.0190928523186
k__Bacteria;p__Proteobacteria;c__Betaproteobacteria;o__Burkholderiales;f__Sutterellaceae;g__Sutterella;s__Sutterella_wadsworthensis	-0.0158730549414	-0.0155083871494	-0.0154248525496	-0.0220807494995	0.069635723656	-0.0700350765497	-0.02042814169	-0.0200993700957	-0.0126364239028	-0.0056230455705	-0.0108015972623	-0.0313985570266	-0.0184922483081	0.00506754921168	-0.00703378792687	0.0476901097566	-0.0240838715412	1.0	0.0159501776457	-0.00788199889401	-0.0432762683445	0.00598424082831	0.00300369074339	-0.00563329367524	-0.0160654629274	-0.0355815723961	0.0402647425664	0.0513917255354	0.0223370516875	0.0162802260352	-0.0228157212774	-0.0616565529242	-0.00809900681485	-0.0247996082115	-0.0314570030909	-0.0215878240452	-0.00173254768569	0.00309623301913	0.0104395098656	-0.0289697860663	-0.0133322670223	0.0418963702366	0.012915255541	-0.0217576837419	-0.00394182958546	-0.0050962265703	0.0390532426866	0.0182702871895	0.0211616428278	-0.0307554182276	0.000856149027584	-0.0104505332313	-0.0208447356406	0.0442328666884	0.00650226177633	-0.0454862340825	-0.0432925154033	0.00916822644885	0.0194638477734
k__Bacteria;p__Bacteroidetes;c__Bacteroidia;o__Bacteroidales;f__Porphyromonadaceae;g__Barnesiella;s__Barnesiella_intestinihominis	-0.0214428293641	-0.0305534046124	0.016151323216	-0.0595324398177	-0.0117182736361	-0.0411793272159	-0.0275746180351	-0.00853748977748	-0.0470917984716	-0.019140690731	-0.0546719814844	-0.00496500786044	-0.0154179117745	-0.0158620143092	-0.00599533192672	-0.0202644877346	0.0133282411898	0.0159501776457	1.0	0.0127660019852	-0.0134828175711	0.0472304628648	0.0151532754569	0.0234935709537	0.0387187436039	0.0155473545525	-0.0454148397473	0.0474400590407	-0.0222236949554	0.013425955486	-0.052850876733	-0.0023479863773	-0.0336084895481	-0.0273179163862	0.0336232638505	0.0710524056029	0.0209602771009	-0.0337344266209	-0.0137743226507	-0.00852043607676	0.0311177190867	-0.0642026766245	-0.0106519327832	-0.0405325711102	0.0134766105825	0.0361205340194	0.0578363981912	-0.025778028584	0.0133991574319	0.00642706765081	-0.0660293060896	0.000279603953773	-0.0339142599044	-0.0119465249278	0.0153752568394	-0.0132923961605	0.000468973573309	-0.0147849548037	0.040300796832
k__Bacteria;p__Bacteroidetes;c__Bacteroidia;o__Bacteroidales;f__Odoribacteraceae;g__Odoribacter;s__Odoribacter_splanchnicus	-0.0744960252566	0.00821159101209	0.0165980704035	0.005285374911	-0.0402781073652	0.0221540430779	0.0208531353011	-0.0446228728196	0.0256674462253	0.0324839562311	-0.0176200458971	-0.0485328578256	-0.036746036119	0.00552273425341	0.00187376295664	0.0690490625812	0.000439714976316	-0.00788199889401	0.0127660019852	1.0	0.0201712991249	0.00811450330188	-0.0262759225561	0.0183463607585	-0.0176927918773	-0.0675916842918	0.032756660919	0.0395648014048	-0.0177822554968	-0.0278639300085	0.0145096341589	-0.0543642320256	0.0627982878667	0.0242220465278	-0.0718033237104	-0.0434473134961	-0.0529777357774	0.0277424340354	0.0279424750404	-0.0555922393536	-0.0340418705518	0.0184616075399	0.00565695614982	-0.0215108002646	-0.0176888473155	-0.00297403910981	-0.050065440245	-0.0229764306551	-0.00606622985906	0.0570510095854	-0.00516068172886	0.0188464701526	0.0465779845443	-0.0306411659348	-0.0122801727562	-0.00575493942618	0.00647025904215	-0.00246669014101	-0.0269180553483
k__Bacteria;p__Bacteroidetes;c__Bacteroidia;o__Bacteroidales;f__Bacteroidaceae;g__Bacteroides;s__Bacteroides_salyersiae	0.00969172449103	-0.0300320480165	0.0383173902269	0.0441024088315	-0.0265800244146	0.0038196448494	0.0466193734627	0.00692356503887	-0.0252413974866	-0.0352062679718	-0.000685761520088	-0.0312271080013	-0.00294168304382	0.0130998794542	-0.0263043507041	-0.0593347708975	-0.0163880299598	-0.0432762683445	-0.0134828175711	0.0201712991249	1.0	-0.0609029581995	0.0395429190641	-0.00977356433139	0.0127878189353	-0.0553880890655	0.0097273157501	0.0696139710122	-0.0213317026591	-0.0466620809334	-0.0721484333876	-0.0441458277154	0.0234950799123	0.00555912311077	-0.0212667897086	-0.00965071110504	0.0408312241468	0.0334352480483	0.0388138442671	0.0654908167525	-0.00275339172398	-0.0875423157679	-0.0607994927985	-0.0427999043051	-0.00591150878031	-0.0239873727952	-0.0223715583072	0.0148975240972	-0.0916137884665	-0.0347564536327	-0.062058015113	0.0395027260099	-0.00577981175685	-0.00280695930634	-0.0327476176082	-0.021312078208	0.00759510629927	0.0441548314648	-0.00403118205635
k__Bacteria;p__Firmicutes;c__Clostridia;o__Clostridiales;f__Ruminococcaceae;g__Ruminiclostridium;s__[Eubacterium]_siraeum	-0.0231315108756	0.0278379413101	-0.0482269600282	0.0253205732048	0.0177878811747	-0.0105179526294	0.0521395554367	0.020102994625	0.0695183250958	0.0356175292071	-0.00136901745041	0.0110410650192	-0.0343644936348	-0.0393165209893	-0.103363948206	-0.0239561536465	0.0335586633788	0.00598424082831	0.0472304628648	0.00811450330188	-0.0609029581995	1.0	-0.0599450215059	0.0268459702063	-0.0318739492017	0.006357134554	-0.0254731694181	-0.00792731685025	-0.0153048855925	-0.0159439163845	-0.0462506398217	-0.0425378277913	-0.00489976532238	0.0336908117048	0.0127947375655	-0.0155866440617	-0.00338564322372	-0.0598522179669	0.0258415647633	-0.0395491723879	-0.0257531923029	-0.00758016690224	-0.0214590887711	-0.0252291471475	0.00990678217198	0.0632282090006	-0.0187718811347	0.0275719453445	-0.0431892020691	-0.0517320392668	-0.00846118484202	0.0445621189821	-0.0332231259104	-0.0128269763166	0.0438987033125	0.0176595488973	0.0423905006154	-0.0398253420393	0.0321395234226
k__Bacteria;p__Proteobacteria;c__Betaproteobacteria;o__Burkholderiales;f__Sutterellaceae;g__Parasutterella;s__Parasutterella_excrementihominis	-0.0170929388003	0.00993052929502	0.00557114099198	-0.00876795779323	-0.0265103199134	-0.0153705551461	-0.0233963403171	0.0211167878727	-0.00823351590413	-0.0232243933191	-0.0637631381186	0.00307719904085	-0.0302473481676	0.00820489586825	0.0287764121219	-0.0550168767966	-0.0318202324986	0.00300369074339	0.0151532754569	-0.0262759225561	0.0395429190641	-0.0599450215059	1.0	0.00303540553492	0.00199568809037	-0.0504303221966	-0.0343649263737	0.057001189581	0.0312439714952	-0.0102604906725	-0.00484693089061	-0.0489392254783	0.0286083752832	-0.00151613459651	0.00776459955137	0.0269334546084	-0.0036574738232	-0.00627167375718	0.0250182307897	0.00454656998137	-0.0111673351747	-0.107756935855	-0.0481502584742	-0.0349209263155	-0.0147319674526	0.0138393465795	0.0233506163224	0.000276871721606	0.0185681893857	-0.0359469932113	0.00216432407536	0.0231625459781	-0.0256163503595	-0.0200903873553	0.0361805066612	0.00458098681128	-0.0197363596721	-0.0327089036086	-0.0101185840857
k__Bacteria;p__Actinobacteria;c__Actinobacteria;o__Bifidobacteriales;f__Bifidobacteriaceae;g__Bifidobacterium;s__Bifidobacterium_adolescentis	-0.0625959114397	-0.0576226500708	-0.030117966518	0.0212266601293	0.0118200565724	-0.0313837184168	-0.00725641219381	0.000858046793857	-0.0442028343567	-0.0246298791131	0.04098763744	0.00094492007833	0.0190276052533	0.0273187405708	-0.0147868761298	-0.0551044167724	-0.0236476164836	-0.00563329367524	0.0234935709537	0.0183463607585	-0.00977356433139	0.0268459702063	0.00303540553492	1.0	-0.0327416375336	-0.0203750914842	-0.0196518580367	0.0238294783204	-0.0638408075979	-0.010470305322	-0.0301506117594	0.00534534179646	0.0690015555162	-0.0742460550362	0.00647435681291	-0.0249703455252	0.0698384221644	-0.0494888694479	-0.0504601010521	-0.045100948101	0.00829578564053	-0.0168003188442	0.0670660893945	0.00910228523881	-0.0636216378227	-0.000291456973695	-0.0315325592501	0.0664433003756	0.0142027782871	-0.0177540394654	-0.0283398682271	-0.00132014133905	0.0254701978992	-0.0258515327996	0.0332962714802	-0.0125169157142	0.0744461519131	-0.0810090432712	0.0135780341728
k__Bacteria;p__Firmicutes;c__Clostridia;o__Clostridiales;f__Oscillospiraceae;g__Oscillibacter;s__Oscillibacter_sp._KLE_1745	-0.0374308611921	-0.0298280938205	-0.0293209850109	-0.0274154753337	0.016994525199	-0.0368882369239	0.0226551831591	0.0117907813108	0.024567912837	-0.0937371266941	0.00521168105135	0.00785170532032	0.000804522501565	0.0396881873333	0.00701116687308	0.0243435263583	0.00580423998118	-0.0160654629274	0.0387187436039	-0.0176927918773	0.0127878189353	-0.0318739492017	0.00199568809037	-0.0327416375336	1.0	0.010907539997	0.00373476348807	-9.13166830059e-05	-0.0419904387146	-0.00809172112351	0.0265503556693	0.0572409168371	-0.0370393060774	-0.0109856103503	0.0664217490494	-0.0028002183001	0.0257925716547	-0.0139808458683	0.0903078993145	-0.0283864737336	-0.0158352344428	-0.0518274994366	0.00202335093167	0.0214343200489	0.0631651289025	0.00071451446742	0.0216474050316	0.00479731059153	-0.0134295517442	-0.000707935996933	-0.00162136624727	-0.00129092068663	-0.0147621102844	-0.0762228763465	0.00232614650771	0.00780630401428	0.0349830403753	-0.0276298932376	0.00210541245815
k__Bacteria;p__Bacteroidetes;c__Bacteroidia;o__Bacteroidales;f__Bacteroidaceae;g__Bacteroides;s__Bacteroides_coprophilus	-0.0650716258093	-0.0139549107066	0.0218155373885	-0.00992181084637	0.0188538258027	-0.0256541456762	0.0402142525754	-0.053478473058	-0.0128583394002	-0.0212020387202	0.0794812992027	-0.00661127727327	-0.00112838725721	0.0239482454581	0.028629534515	-0.0143847898661	0.0547422263964	-0.0355815723961	0.0155473545525	-0.0675916842918	-0.0553880890655	0.006357134554	-0.0504303221966	-0.0203750914842	0.010907539997	1.0	-0.0220254503492	-0.083194925812	0.0268840553268	0.0370271492866	0.0395185326526	0.0301508623071	-0.0293239991427	-0.0138385763317	0.0134303624998	-0.0479558259671	0.00107917582225	-0.00725808201301	-0.0484188784996	0.000387651918704	0.019813783237	0.0351144380251	0.0436514321865	-0.0585972158653	-0.0148157094855	0.0321268728485	0.0117075398967	0.0179991192663	-0.012831960929	-0.0105355424759	-0.0153657868349	-0.0302732027796	0.0488554578344	0.0184531441693	-0.0489077930635	-0.0152827874246	-0.0543626986465	-0.0107263415337	0.0413573374899
k__Bacteria;p__Firmicutes;c__Clostridia;o__Clostridiales;f__Lachnospiraceae;g__Roseburia;s__Roseburia_intestinalis	-0.0199953361444	-0.0284751836087	-0.00639071184603	-0.0437842461185	0.0690577559449	0.0152575404131	-0.00217278796231	0.027355182953	-0.0247574084362	0.0687404688221	-0.0423761064817	0.0475419605861	0.0502588384829	-0.0561713006422	-0.021934095173	-0.000401488446084	-0.00987888465697	0.0402647425664	-0.0454148397473	0.032756660919	0.0097273157501	-0.0254731694181	-0.0343649263737	-0.0196518580367	0.00373476348807	-0.0220254503492	1.0	0.00807833166621	-0.0125605240139	0.0688361320237	0.0231615808102	-0.0755849123236	-0.0163619856826	-0.0149330687523	-0.065990212047	-0.0107667794923	-0.0158510477367	0.00688697120626	0.0488840016157	-0.0313057084394	0.0371823654238	-0.00674370047007	-0.03888336501	-0.025494121066	-0.0185069167462	-0.0053226802585	-0.00677239178931	0.0404839901093	-0.042900739505	0.0318891883178	0.0106389306349	0.00961149756195	-0.0485192749538	0.00109552863406	-0.0700629918982	-0.015293380537	-0.040279473749	0.0402621812465	-0.00276005785855
k__Bacteria;p__Firmicutes;c__Clostridia;o__Clostridiales;f__Lachnospiraceae;g__Roseburia;s__Roseburia_hominis	0.0266753279888	-0.021771300293	-0.0295241840534	0.0262156343131	-0.0141281507115	-0.0269011651525	-0.00289701380734	0.0320388242688	0.0050191814947	-0.00924121942558	-0.0191412966771	-0.022134457312	-0.0307100166438	-0.0214657498212	-0.0390258284853	-0.00125461446793	-0.0328596260056	0.0513917255354	0.0474400590407	0.0395648014048	0.0696139710122	-0.00792731685025	0.057001189581	0.0238294783204	-9.13166830059e-05	-0.083194925812	0.00807833166621	1.0	-0.00686377854332	-0.028467791053	-0.0252743493597	-0.015573645243	0.00546438853258	0.0252629993185	0.0199368159667	-0.00017386629625	-0.00406949625096	0.0215136379519	0.00470742765425	-0.0275919345491	-0.0289104761582	0.00510511709633	0.00250137209839	-0.0155578864421	0.0511941335735	-0.00925566693381	0.0388115814083	-0.0632566741412	0.0524157332584	-0.0674080091459	0.0478854023172	-0.0721282272842	0.0252710218324	0.002787897118	0.0216049706513	-0.0549741824622	-0.0148873153045	-0.0383497656715	-0.0361980544911
k__Bacteria;p__Bacteroidetes;c__Bacteroidia;o__Bacteroidales;f__Porphyromonadaceae;g__Parabacteroides;s__Parabacteroides_johnsonii	-0.0665978831543	-0.0344939657219	-0.0076122037337	-0.0254386575815	0.0614109519238	-0.0251920504048	0.0186413346392	0.0561837442853	-0.0218305401044	-0.0297845091787	0.02684715402	0.0382879867688	-0.0212781644107	-0.00151576229022	0.000159684880123	0.000840781070755	0.00325426705515	0.0223370516875	-0.0222236949554	-0.0177822554968	-0.0213317026591	-0.0153048855925	0.0312439714952	-0.0638408075979	-0.0419904387146	0.0268840553268	-0.0125605240139	-0.00686377854332	1.0	0.0134251888562	0.00779960567458	0.0352815323185	-0.0164489970746	0.00671679041136	-2.29955364485e-05	-0.0210272618466	-0.0172336593143	-0.00861525300908	-0.0385999437446	0.00240281892851	-0.00627537817189	0.0372436058302	0.0263348783165	-0.0304944687125	-0.00573352666906	0.0108352718919	0.0445141843264	-0.00428136063437	-0.0331820922174	-0.0113492819965	-0.000702534718298	-0.0515848757902	0.00531956894782	0.0329793783912	-0.0389354068686	-0.0141520475811	-0.0247000113014	-0.0194062346399	0.035072293294
