#taxonomy	k__Bacteria;p__Bacteroidetes;c__Bacteroidia;o__Bacteroidales;f__Bacteroidaceae;g__Bacteroides;s__Bacteroides_vulgatus	k__Bacteria;p__Bacteroidetes;c__Bacteroidia;o__Bacteroidales;f__Bacteroidaceae;g__Bacteroides;s__Bacteroides_uniformis	k__Bacteria;p__Bacteroidetes;c__Bacteroidia;o__Bacteroidales;f__Rikenellaceae;g__Alistipes;s__Alistipes_putredinis	k__Bacteria;p__Bacteroidetes;c__Bacteroidia;o__Bacteroidales;f__Prevotellaceae;g__Prevotella;s__Prevotella_copri	k__Bacteria;p__Bacteroidetes;c__Bacteroidia;o__Bacteroidales;f__Bacteroidaceae;g__Bacteroides;s__Bacteroides_stercoris	k__Bacteria;p__Bacteroidetes;c__Bacteroidia;o__Bacteroidales;f__Bacteroidaceae;g__Bacteroides;s__Bacteroides_ovatus	k__Bacteria;p__Bacteroidetes;c__Bacteroidia;o__Bacteroidales;f__Rikenellaceae;g__Alistipes;s__Alistipes_shahii	k__Bacteria;p__Firmicutes;c__Clostridia;o__Clostridiales;f__Ruminococcaceae;g__Faecalibacterium;s__Faecalibacterium_prausnitzii	k__Bacteria;p__Bacteroidetes;c__Bacteroidia;o__Bacteroidales;f__Rikenellaceae;g__Alistipes;s__Alistipes_finegoldii	k__Bacteria;p__Bacteroidetes;c__Bacteroidia;o__Bacteroidales;f__Porphyromonadaceae;g__Parabacteroides;s__Parabacteroides_distasonis	k__Bacteria;p__Bacteroidetes;c__Bacteroidia;o__Bacteroidales;f__Bacteroidaceae;g__Bacteroides;s__Bacteroides_thetaiotaomicron	k__Bacteria;p__Bacteroidetes;c__Bacteroidia;o__Bacteroidales;f__Bacteroidaceae;g__Bacteroides;s__Bacteroides_coprocola	k__Bacteria;p__Bacteroidetes;c__Bacteroidia;o__Bacteroidales;f__Bacteroidaceae;g__Bacteroides;s__Bacteroides_cellulosilyticus	k__Bacteria;p__Bacteroidetes;c__Bacteroidia;o__Bacteroidales;f__Rikenellaceae;g__Alistipes;s__Alistipes_obesi	k__Bacteria;p__Firmicutes;c__Clostridia;o__Clostridiales;f__Lachnospiraceae;g__;s__[Eubacterium]_rectale	k__Bacteria;p__Bacteroidetes;c__Bacteroidia;o__Bacteroidales;f__Bacteroidaceae;g__Bacteroides;s__Bacteroides_plebeius	k__Bacteria;p__Bacteroidetes;c__Bacteroidia;o__Bacteroidales;f__Bacteroidaceae;g__Bacteroides;s__Bacteroides_fragilis	k__Bacteria;p__Proteobacteria;c__Betaproteobacteria;o__Burkholderiales;f__Sutterellaceae;g__Sutterella;s__Sutterella_wadsworthensis	k__Bacteria;p__Bacteroidetes;c__Bacteroidia;o__Bacteroidales;f__Porphyromonadaceae;g__Barnesiella;s__Barnesiella_intestinihominis	k__Bacteria;p__Bacteroidetes;c__Bacteroidia;o__Bacteroidales;f__Odoribacteraceae;g__Odoribacter;s__Odoribacter_splanchnicus	k__Bacteria;p__Bacteroidetes;c__Bacteroidia;o__Bacteroidales;f__Bacteroidaceae;g__Bacteroides;s__Bacteroides_salyersiae	k__Bacteria;p__Firmicutes;c__Clostridia;o__Clostridiales;f__Ruminococcaceae;g__Ruminiclostridium;s__[Eubacterium]_siraeum	k__Bacteria;p__Proteobacteria;c__Betaproteobacteria;o__Burkholderiales;f__Sutterellaceae;g__Parasutterella;s__Parasutterella_excrementihominis	k__Bacteria;p__Actinobacteria;c__Actinobacteria;o__Bifidobacteriales;f__Bifidobacteriaceae;g__Bifidobacterium;s__Bifidobacterium_adolescentis	k__Bacteria;p__Firmicutes;c__Clostridia;o__Clostridiales;f__Oscillospiraceae;g__Oscillibacter;s__Oscillibacter_sp._KLE_1745	k__Bacteria;p__Bacteroidetes;c__Bacteroidia;o__Bacteroidales;f__Bacteroidaceae;g__Bacteroides;s__Bacteroides_coprophilus	k__Bacteria;p__Firmicutes;c__Clostridia;o__Clostridiales;f__Lachnospiraceae;g__Roseburia;s__Roseburia_intestinalis	k__Bacteria;p__Firmicutes;c__Clostridia;o__Clostridiales;f__Lachnospiraceae;g__Roseburia;s__Roseburia_hominis	k__Bacteria;p__Bacteroidetes;c__Bacteroidia;o__Bacteroidales;f__Porphyromonadaceae;g__Parabacteroides;s__Parabacteroides_johnsonii	k__Bacteria;p__Actinobacteria;c__Actinobacteria;o__Bifidobacteriales;f__Bifidobacteriaceae;g__Bifidobacterium;s__Bifidobacterium_longum	k__Bacteria;p__Firmicutes;c__Clostridia;o__Clostridiales;f__;g__Flavonifractor;s__Flavonifractor_plautii	k__Bacteria;p__Firmicutes;c__Clostridia;o__Clostridiales;f__Clostridiaceae;g__Clostridium;s__Clostridium_phoceensis	k__Bacteria;p__Verrucomicrobia;c__Verrucomicrobiae;o__Verrucomicrobiales;f__Akkermansiaceae;g__Akkermansia;s__Akkermansia_muciniphila	k__Bacteria;p__Bacteroidetes;c__Bacteroidia;o__Bacteroidales;f__Prevotellaceae;g__Paraprevotella;s__Paraprevotella_xylaniphila	k__Bacteria;p__Firmicutes;c__Clostridia;o__Clostridiales;f__Ruminococcaceae;g__Ruminococcus;s__Ruminococcus_callidus	k__Bacteria;p__Bacteroidetes;c__Bacteroidia;o__Bacteroidales;f__Rikenellaceae;g__Alistipes;s__Alistipes_senegalensis	k__Bacteria;p__Firmicutes;c__Clostridia;o__Clostridiales;f__Lachnospiraceae;g__Blautia;s__Blautia_sp._KLE_1732	k__Bacteria;p__Bacteroidetes;c__Bacteroidia;o__Bacteroidales;f__Bacteroidaceae;g__Bacteroides;s__Bacteroides_oleiciplenus	k__Bacteria;p__Firmicutes;c__Clostridia;o__Clostridiales;f__Ruminococcaceae;g__Ruminococcus;s__Ruminococcus_bicirculans	k__Bacteria;p__Bacteroidetes;c__Bacteroidia;o__Bacteroidales;f__Bacteroidaceae;g__Bacteroides;s__Bacteroides_fluxus	k__Bacteria;p__Bacteroidetes;c__Bacteroidia;o__Bacteroidales;f__Prevotellaceae;g__Prevotella;s__Prevotella_stercorea	k__Bacteria;p__Firmicutes;c__Clostridia;o__Clostridiales;f__Lachnospiraceae;g__Dorea;s__Dorea_longicatena	k__Bacteria;p__Firmicutes;c__Clostridia;o__Clostridiales;f__Eubacteriaceae;g__Eubacterium;s__[Eubacterium]_eligens	k__Bacteria;p__Firmicutes;c__Clostridia;o__Clostridiales;f__Ruminococcaceae;g__;s__Ruminococcaceae_bacterium_D16	k__Bacteria;p__Firmicutes;c__Clostridia;o__Clostridiales;f__Lachnospiraceae;g__Coprococcus;s__Coprococcus_comes	k__Bacteria;p__Proteobacteria;c__Gammaproteobacteria;o__Enterobacterales;f__Enterobacteriaceae;g__Escherichia;s__Escherichia_coli	k__Bacteria;p__Firmicutes;c__Clostridia;o__Clostridiales;f__Ruminococcaceae;g__Anaerotruncus;s__Anaerotruncus_colihominis	k__Bacteria;p__Firmicutes;c__Clostridia;o__Clostridiales;f__Lachnospiraceae;g__Blautia;s__Blautia_obeum	k__Bacteria;p__Bacteroidetes;c__Bacteroidia;o__Bacteroidales;f__Odoribacteraceae;g__Odoribacter;s__Odoribacter_laneus	k__Bacteria;p__Firmicutes;c__Clostridia;o__Clostridiales;f__Ruminococcaceae;g__Ruminiclostridium;s__[Clostridium]_leptum	k__Bacteria;p__Bacteroidetes;c__Bacteroidia;o__Bacteroidales;f__Porphyromonadaceae;g__Parabacteroides;s__Parabacteroides_goldsteinii	k__Bacteria;p__Firmicutes;c__Clostridia;o__Clostridiales;f__Lachnospiraceae;g__Anaerostipes;s__Anaerostipes_hadrus	k__Bacteria;p__Firmicutes;c__Clostridia;o__Clostridiales;f__Ruminococcaceae;g__Ruminococcus;s__Ruminococcus_lactaris	k__Bacteria;p__Firmicutes;c__Clostridia;o__Clostridiales;f__Clostridiaceae;g__Clostridium;s__Clostridium_sp._L2-50	k__Bacteria;p__Firmicutes;c__Clostridia;o__Clostridiales;f__Clostridiaceae;g__Clostridium;s__Clostridium_sp._M62/1	k__Bacteria;p__Firmicutes;c__Clostridia;o__Clostridiales;f__;g__Intestinimonas;s__Intestinimonas_butyriciproducens	k__Bacteria;p__Actinobacteria;c__Actinobacteria;o__Bifidobacteriales;f__Bifidobacteriaceae;g__Bifidobacterium;s__Bifidobacterium_bifidum	k__Bacteria;p__Firmicutes;c__Negativicutes;o__Veillonellales;f__Veillonellaceae;g__Dialister;s__Dialister_invisus	k__Bacteria;p__Bacteroidetes;c__Bacteroidia;o__Bacteroidales;f__Bacteroidaceae;g__Bacteroides;s__Bacteroides_salanitronis
k__Bacteria;p__Bacteroidetes;c__Bacteroidia;o__Bacteroidales;f__Bacteroidaceae;g__Bacteroides;s__Bacteroides_vulgatus	1.0	-0.0144166560783	-0.0419186640312	-0.00133170892058	0.0522582717508	0.0419157020859	0.00987718688143	0.0103993340276	0.0552823484837	-0.0495790759473	-0.00742379103013	-0.0113412518852	-0.0295827227191	0.0283879591907	-4.91310092095e-05	-0.0180235806251	-0.00904220029042	-0.00909095505313	-0.00893041286837	0.012702417168	0.00369196225867	-0.000487703421249	0.0527542636342	0.0134930689979	0.0139471590165	-0.0126223804888	0.0194209968731	0.00218737180485	-0.00912838890497	0.014831046581	-0.0199608715486	-0.01876789374	-0.00510790405452	0.00635633814557	-0.0204966734782	0.0259743287017	0.00501910444471	-0.011882650321	-0.0267498857022	-0.00156849063459	-0.0157600905518	-0.130793170272	-0.0073883424971	0.00233601711416	0.00434763777334	0.0179173513036	-0.0490705911315	-0.0219224861656	-0.0126442776304	0.0622380327002	0.00361860927052	0.00746149209419	0.0390346767126	-0.0296583917448	-0.0728874109425	-0.0483670633653	-0.0238522326034	0.0148134981626	-0.0247950135498
k__Bacteria;p__Bacteroidetes;c__Bacteroidia;o__Bacteroidales;f__Bacteroidaceae;g__Bacteroides;s__Bacteroides_uniformis	-0.0144166560783	1.0	0.0483190012977	-0.00877491007887	-0.0333638504262	0.0359542782257	-0.041436458156	-0.0164653554254	-0.0409115266999	0.0272623144397	-0.000943352653984	0.0411886999949	-0.00165711046343	0.0245932351515	0.000220765729805	-0.00414559916254	-0.00140073923443	0.025739786489	0.0466940704756	0.00645220004758	0.0470408135472	0.0416050752249	-0.0196036579816	0.029433435756	-0.00564215524719	-0.0186204775873	-0.0185733827249	0.0271243524178	0.0249306276974	0.0238099062539	-0.0446012758518	0.0202272078608	-0.0158176523111	-0.0336953324431	0.0101192557686	-0.0147532300915	-0.0453716807925	0.0360426731031	-0.0161619500864	-0.0554619579891	-0.00829022474978	0.00316573138737	-0.000953480730545	-0.0196405313062	-0.0198765724582	-0.0275311754684	-0.00826918583381	-0.0608343226928	0.0066325811978	-0.0324103792365	-0.0213052083553	0.0157937911462	-0.0539099654283	-0.00616154158197	-0.0197435481637	-0.0292318459035	-0.024176076887	-0.0296560715832	-0.0191111430238
k__Bacteria;p__Bacteroidetes;c__Bacteroidia;o__Bacteroidales;f__Rikenellaceae;g__Alistipes;s__Alistipes_putredinis	-0.0419186640312	0.0483190012977	1.0	0.0481023483184	-0.0127187052172	-0.00736720002034	-0.0440461688392	0.00866458420966	-0.00210388669287	-0.0341166347434	0.00596141746892	0.00770858577544	-0.0304749675906	-0.014351246128	0.0529144880986	-0.00110208772265	0.00747844699435	-0.00993607701229	0.0545543993055	-0.0666086934681	0.0309289411779	-0.0168469347407	0.00186885548495	-0.0404918835986	0.0347285320858	0.0310224340894	-0.0121212949499	0.0329893446381	0.0236484692527	-0.0260766234279	-0.0340654227205	0.0270388575751	-0.0435853449837	0.00450215672975	-0.0802467686365	0.0659542671108	-0.0105512945653	0.0314033952925	0.0389669996433	0.000387532338048	0.0552462579712	0.0212745431726	-0.0108890403226	-0.000146875415834	-0.109724356945	0.0314048418789	-0.0440475212286	0.0564362674051	-0.00251356366209	-0.0510923873699	-0.0167852391059	0.0647507971022	-0.0150703599103	-0.0415632928827	-0.0128658272294	0.0362056516795	0.0157497374334	-0.027226096515	0.0240584303233
k__Bacteria;p__Bacteroidetes;c__Bacteroidia;o__Bacteroidales;f__Prevotellaceae;g__Prevotella;s__Prevotella_copri	-0.00133170892058	-0.00877491007887	0.0481023483184	1.0	0.0381599057705	-0.0083368052193	-0.0244661297194	0.0291429924427	-0.0135204434084	-0.0959254765067	0.0058838211397	0.00904280936219	-0.0298388077531	0.00635897834328	0.000685251714981	0.0449481720481	0.0116428823742	-0.0106907682017	-0.00771151656248	-0.0547732673768	0.0140055759216	0.0514172556397	-0.041468105423	-0.00201947404539	-0.0459415948489	-0.0422988022597	-0.0616841841041	0.0158894265346	0.00445021179258	-0.0239863396227	0.00869524744488	0.0437009202186	0.0133536362877	-0.0064328451279	-0.0768650537824	-0.0138727071226	-0.0336304597439	0.0130706624665	0.00553095103493	-0.0302018701313	-0.00890922783509	0.0212493883521	-0.0114585397724	-0.0335587970756	-0.042354142297	-0.00682503588989	0.05247218146	-0.0808650208712	0.0277785074882	-0.00897882120154	-0.000504193871446	-0.0328514187778	-0.0110900428917	0.0497532062286	-0.027693439835	-0.0214273902177	-0.0341675023971	-0.0177360770615	0.0294537226262
k__Bacteria;p__Bacteroidetes;c__Bacteroidia;o__Bacteroidales;f__Bacteroidaceae;g__Bacteroides;s__Bacteroides_stercoris	0.0522582717508	-0.0333638504262	-0.0127187052172	0.0381599057705	1.0	-0.0187835493441	0.0563837985695	0.0216610391522	0.05785547167	0.00031857711837	-0.0237980008938	0.0619710848232	-0.000847602277837	-0.031675262812	0.0189091441295	0.000759865259014	0.0219975917012	-0.0208713218952	-0.0266494767168	-0.0325469025518	0.0575878612073	-0.0182406624754	-0.0526363851105	-0.0245674472305	-0.0313047499915	-0.0423157052024	-0.00389472090037	-0.0170505032788	-0.0249778072596	0.00436671417561	0.014580605281	0.0154808071617	-0.0276963653412	0.0534702942012	-0.0401890195997	-0.0349527190048	0.0132457244881	0.00128232584479	-0.0258697804195	0.00237678333489	-0.0334341569769	0.013852981414	-0.0406217702563	-0.0163707633153	-0.0539365631604	0.013935770482	0.0149638928326	0.0387129330137	0.0521725429604	-0.0240342219935	0.0131781159108	-0.0412577780352	-0.0265324307743	0.024270332119	-0.0373627401692	-0.0321791079455	-0.0202035362764	0.00143980765835	0.0122707027434
k__Bacteria;p__Bacteroidetes;c__Bacteroidia;o__Bacteroidales;f__Bacteroidaceae;g__Bacteroides;s__Bacteroides_ovatus	0.0419157020859	0.0359542782257	-0.00736720002034	-0.0083368052193	-0.0187835493441	1.0	0.00881656929552	-0.0493950164941	0.030106537752	-0.0252861791083	0.0350751938902	-0.01616035316	0.019054539206	-0.0222406647107	-0.0364731642247	-0.0534084243388	-0.0293157515281	0.0365432573103	0.00839259459293	-0.050918123399	-0.0452461985758	-0.00786959629398	-0.0177424594187	-0.0205004646807	-0.0366318251893	-0.0445259761405	-0.00825156760444	-0.00142056539514	0.00902369242977	-0.0413460088902	0.0283083339061	-0.0112123334568	-0.030498674142	-0.0470986552937	0.0363848915232	-0.00871471892266	-0.0493432069964	0.00856254345669	-0.0120485936187	-0.0155277877266	0.017221645531	0.0209215989178	0.0343623221122	-0.017538807622	0.0361420605908	0.0146233218113	0.0297879821986	-0.0124779206501	0.019796915489	-0.0320028408853	-0.016115147263	-0.00528898150378	-0.0154708314214	-0.0768373116491	0.0231347402597	0.0125924583551	-0.0105548789268	-0.0351487149231	0.0350500278269
k__Bacteria;p__Bacteroidetes;c__Bacteroidia;o__Bacteroidales;f__Rikenellaceae;g__Alistipes;s__Alistipes_shahii	0.00987718688143	-0.041436458156	-0.0440461688392	-0.0244661297194	0.0563837985695	0.00881656929552	1.0	-0.0456062034867	0.027084772254	-0.0191754818635	-0.0210334007983	-0.0422947853737	-0.0165282635957	0.0551520099551	-0.0117810000451	-0.0503043160339	-0.0268234844554	-0.00397259901129	0.00365476033149	-0.00981258442968	0.00944510675647	0.0239229162011	0.0229463857981	-0.0321272803641	0.0331130918359	-0.0454423554746	0.0240991024229	-0.062481627973	0.00825425374294	0.0184507832973	-0.0381240962428	0.0403113629719	0.0188792328798	-0.00581743687642	-0.00340891935707	-0.00660129296806	0.00590380501828	-0.00529369472355	0.000870536171441	0.0129220311288	0.0182930482951	-0.0570403948413	-0.0135395568088	-0.00559004933729	0.0319405936995	0.0134433648807	-0.0633436318076	-0.0464059787736	-0.00325256974003	-0.0252853533519	0.00982774437727	-0.00500975498672	0.0206718429317	-0.0155881456223	0.093581162657	0.0157099107765	-0.0134400057917	-0.0684621277561	0.0423730932874
k__Bacteria;p__Firmicutes;c__Clostridia;o__Clostridiales;f__Ruminococcaceae;g__Faecalibacterium;s__Faecalibacterium_prausnitzii	0.0103993340276	-0.0164653554254	0.00866458420966	0.0291429924427	0.0216610391522	-0.0493950164941	-0.0456062034867	1.0	0.00879879552635	0.0245912175225	0.0444678252915	0.0197215954871	-0.00734239916447	-0.0729578902088	0.0287993465	-0.0140197476755	-0.0245647164972	-0.0620426827245	0.00345217965853	-0.0196711342281	0.06883676416	-0.0362855766058	-0.010308520163	-0.0363117791154	0.0179690913497	-0.0281424805506	0.0360561236547	0.013296605063	-0.0110248839721	-0.0155642606363	0.056408161505	-0.031852105758	0.0294603306506	0.0164479331387	-0.0373758580991	-0.00499009838761	0.0123930999516	0.0552000643518	-0.0399584802939	-0.0376339431937	-0.0394030903588	0.0333628603284	0.0118500434725	-0.00868999156094	0.0133624711434	-0.0133615376583	-0.0231470304797	-0.0243312740582	0.000393251682189	-0.0231872907454	-0.00249848596662	-0.0312914824401	-0.00883414093667	-0.0533647506177	-0.0178672583107	-0.0148216279265	-0.0592940943425	0.0196086290322	0.0225784565895
k__Bacteria;p__Bacteroidetes;c__Bacteroidia;o__Bacteroidales;f__Rikenellaceae;g__Alistipes;s__Alistipes_finegoldii	0.0552823484837	-0.0409115266999	-0.00210388669287	-0.0135204434084	0.05785547167	0.030106537752	0.027084772254	0.00879879552635	1.0	-0.0395391410262	-0.0452871517539	-0.00331110696798	0.00597266979987	-0.00819086806767	-0.108026100533	0.0140765411397	0.00272478250943	-0.0564738946161	-0.00100849635084	0.00921629849083	0.0102408024411	-0.0470535965568	-0.0195108496918	0.0177141178526	-0.00292272668382	-0.0441420993377	-0.0481684754322	-0.0117704141291	-0.0428416614264	-0.00193619932523	0.0229959666418	0.0169482959029	-0.0233611179221	0.0208622233484	0.0282889460718	-0.0253116687238	0.0341095664106	-0.0355775571559	0.00906030216639	-0.02581877133	-0.0368041083346	-0.0467895565552	0.0125904134737	0.0327986004521	0.0619739331985	-0.0205179077619	-0.0499777119076	0.0106523747903	0.0393600413637	-0.0461896301012	-0.0348390168882	-0.0811817109805	0.0351035216158	0.064406072258	0.0189708829951	0.0327001517717	0.000108679308113	-0.00197228445004	0.0542360247448
k__Bacteria;p__Bacteroidetes;c__Bacteroidia;o__Bacteroidales;f__Porphyromonadaceae;g__Parabacteroides;s__Parabacteroides_distasonis	-0.0495790759473	0.0272623144397	-0.0341166347434	-0.0959254765067	0.00031857711837	-0.0252861791083	-0.0191754818635	0.0245912175225	-0.0395391410262	1.0	-0.0195477475416	0.0150867197835	0.00681095054176	0.0136831443817	-0.0156322857595	-0.0180529041529	-0.0405181839688	-0.00220689998307	-0.0376233141641	0.00667247425773	-0.0201339839888	-0.0748447952408	-0.0247685527484	-0.0227790086626	-0.0224145632348	0.0513004793833	0.0209961670219	0.0320769086367	0.00479301426346	0.0248920342739	0.0176425124945	0.0377987306268	-0.0544134278699	0.0223063524777	-0.0418311763934	0.00637559480522	-0.0203809692539	0.0264837901589	0.0245004569561	0.0343154677645	0.00819410962583	0.0010212760777	-0.0276594689884	0.0119726715781	-0.0221354611763	0.0462536957439	0.00285066920487	-0.00478660234395	0.00757026751835	-0.0139320875007	-0.0199367364913	0.00497899942632	0.0561568755296	-0.058725611882	0.0552612188313	0.00821242900567	-0.0142037960183	-0.034215608449	-0.0501761529664
k__Bacteria;p__Bacteroidetes;c__Bacteroidia;o__Bacteroidales;f__Bacteroidaceae;g__Bacteroides;s__Bacteroides_thetaiotaomicron	-0.00742379103013	-0.000943352653984	0.00596141746892	0.0058838211397	-0.0237980008938	0.0350751938902	-0.0210334007983	0.0444678252915	-0.0452871517539	-0.0195477475416	1.0	-0.049651312273	0.00189639260424	0.0177230686672	-0.0226097985399	-0.0587114416311	-0.0093611207693	-0.0225540765567	0.0149873599667	-0.0108835706464	0.00314639200763	-0.0101044844171	0.00742104352941	-0.0444696951031	-0.0596380343444	0.0110988529583	0.00597004664157	0.00718904171356	0.0288309672278	0.00580751646271	0.0424520883502	-0.0129184495785	-0.00105241595294	-0.0339463622335	0.0312555428321	-0.0112134392719	-0.00420475066443	0.00191850577596	0.0212986216744	0.0371488973349	0.00106135431965	0.0220922985948	-0.0718540006901	-0.00111295602365	-0.0695841137434	0.00490090174578	-0.0666315161445	0.0132011054432	-0.0198970376119	0.0504538826917	-0.0124290851269	0.00864351323816	0.0301066743038	-0.0202999841043	-0.0245751718569	0.0122752577567	0.00822244464738	0.0337700211126	-0.0491055442359
k__Bacteria;p__Bacteroidetes;c__Bacteroidia;o__Bacteroidales;f__Bacteroidaceae;g__Bacteroides;s__Bacteroides_coprocola	-0.0113412518852	0.0411886999949	0.00770858577544	0.00904280936219	0.0619710848232	-0.01616035316	-0.0422947853737	0.0197215954871	-0.00331110696798	0.0150867197835	-0.049651312273	1.0	-0.0184674504434	0.0466821666129	-0.0626485523929	-0.00148806476043	0.0561339584573	-0.00689893776849	-0.0372497794364	0.0510357631262	0.0115391991896	-0.0386902756967	-0.0362249509669	0.0170970585563	-0.000929686942932	0.0339754865925	-0.0247253748104	-0.00391607839903	0.0061217205882	-0.0367262817171	0.0794823256717	-0.0046942825441	-0.0126364404972	0.0211116519869	-0.0683345664052	-0.0195699621912	-0.00856496240182	-0.0269449124502	-0.04631715907	0.0289824278636	-0.0560420788899	-0.0110828720905	0.0217199767414	0.000993685260199	0.0744729527031	-0.0335598782115	0.0138629652304	-0.0513424464023	0.0611913012589	0.0251806805332	-0.0509679078483	-0.015474695335	0.0100635269749	0.00283393128884	-0.0417317592353	-0.0715353872232	-0.0264918105972	0.0144743039765	0.0292579256149
k__Bacteria;p__Bacteroidetes;c__Bacteroidia;o__Bacteroidales;f__Bacteroidaceae;g__Bacteroides;s__Bacteroides_cellulosilyticus	-0.0295827227191	-0.00165711046343	-0.0304749675906	-0.0298388077531	-0.000847602277837	0.019054539206	-0.0165282635957	-0.00734239916447	0.00597266979987	0.00681095054176	0.00189639260424	-0.0184674504434	1.0	0.0121119260029	0.0288006499464	0.00266026452265	-0.00173924365892	-0.00145713220068	-0.0519173634627	0.0176540025335	-0.0529199668529	0.0091828489969	0.0433446277091	-0.0611579468447	-0.0314038571107	0.0110971482011	0.0102477092033	0.00914541598525	0.0037282819281	0.00969209223716	-0.0458619411744	-0.02597523992	-0.0174394071099	-0.0344057769107	-0.0054679698372	0.00633778643845	-0.0500946940233	0.0430873710049	-0.0237859322427	0.0232977385605	-0.0198768538786	0.0494879303094	-0.0223877522121	0.012698890473	-0.0415335065594	-0.0651324079837	-0.0291715284872	-0.010835331868	-0.0206111223199	0.0311264265241	0.0171175839911	0.0275687053935	0.000140783142421	-0.0321481100313	0.0268201595122	-0.0098579904614	-0.0448806147632	-0.00174374244711	-0.0464311801915
k__Bacteria;p__Bacteroidetes;c__Bacteroidia;o__Bacteroidales;f__Rikenellaceae;g__Alistipes;s__Alistipes_obesi	0.0283879591907	0.0245932351515	-0.014351246128	0.00635897834328	-0.031675262812	-0.0222406647107	0.0551520099551	-0.0729578902088	-0.00819086806767	0.0136831443817	0.0177230686672	0.0466821666129	0.0121119260029	1.0	0.0248690873638	-0.0189430010275	-0.0059347640961	-0.0269695884106	-0.0476613020522	0.0234373786276	-0.0409741016537	-0.0191746581672	0.0227704958018	0.0210775238811	-0.0279881796222	0.0228596672463	-0.0153893720792	-0.0324145416294	-0.0146527303948	-0.070847796325	-0.00485978104233	0.0610071310572	0.018981931873	0.00545035190551	0.00811610569418	0.0444450759945	-0.0217900909627	0.0238970840721	0.0254750847479	-0.0246882090047	-0.0495935788739	-0.016591096819	0.0231614787914	0.0136044454407	-0.0104277713888	0.0359296263692	-0.0143657418293	-0.000321635706104	0.00443851332469	-0.00881436661356	-0.0391971046031	-0.018603129242	0.0299844576243	0.0264740273386	0.000973456573234	0.018488806986	-0.0195321416231	-0.0452711824307	0.0236336954646
k__Bacteria;p__Firmicutes;c__Clostridia;o__Clostridiales;f__Lachnospiraceae;g__;s__[Eubacterium]_rectale	-4.91310092093e-05	0.000220765729804	0.0529144880986	0.000685251714982	0.0189091441295	-0.0364731642247	-0.0117810000451	0.0287993465	-0.108026100533	-0.0156322857595	-0.0226097985399	-0.0626485523929	0.0288006499464	0.0248690873638	1.0	-0.0575118053054	0.0189825832619	-0.034539702292	-0.0470058578809	-0.0531831226808	0.00333962280676	0.00365619562591	-0.0336084302159	-0.052429926791	-0.0137111524882	-0.0144614686582	0.00249606261953	0.0539572704944	0.011356721539	0.0495423904691	0.00463631748922	0.0079425238293	0.00736961529297	0.0164777779811	-0.0433110796848	-0.0728582454334	-0.0193309792892	-0.0519190840059	-0.0333996363221	-0.0239237108196	0.0107880309653	0.0609382096291	-0.0445506480942	-0.037080385354	-0.0190255997	-0.0213411799375	-0.0145383714532	-0.042509394697	-0.0218837615113	-0.0274457410012	-0.00458040935712	0.0328260397073	-0.0700379088942	0.0030977217914	-0.0333432283659	0.0105546286075	-0.0599999477714	-0.00955032573334	-0.0032507437302
k__Bacteria;p__Bacteroidetes;c__Bacteroidia;o__Bacteroidales;f__Bacteroidaceae;g__Bacteroides;s__Bacteroides_plebeius	-0.0180235806251	-0.00414559916254	-0.00110208772265	0.0449481720481	0.000759865259014	-0.0534084243388	-0.0503043160339	-0.0140197476755	0.0140765411397	-0.0180529041529	-0.0587114416311	-0.00148806476043	0.00266026452265	-0.0189430010275	-0.0575118053054	1.0	0.0214260192259	0.0497786678434	-0.0434204043616	-0.0536045420719	-0.0343691452061	-0.0289763038767	0.0447517180426	-0.0412663794131	-0.0343862162341	0.0202052785463	-0.0272836653391	0.0112381995078	0.016659711397	-0.00396017534609	0.0143269614102	-0.000961930277565	0.00161182634958	0.00140492441228	-0.00141961041427	-0.0664676680502	-0.0044183683882	-0.0523572023522	0.0110464131834	-0.0277507501543	0.0273558462797	0.0110438305886	-0.0031810622563	-0.0154141496613	-0.0292205172444	0.0210535092951	-0.0728206747749	-0.0164275852479	-0.0210306542923	-0.0239338478366	-0.0295332865875	0.062837674994	-0.0551455138449	0.0226289365889	-0.0240103149721	-0.0209737242272	-0.00928087467422	-0.052657674702	-0.0371867693433
k__Bacteria;p__Bacteroidetes;c__Bacteroidia;o__Bacteroidales;f__Bacteroidaceae;g__Bacteroides;s__Bacteroides_fragilis	-0.00904220029042	-0.00140073923443	0.00747844699435	0.0116428823742	0.0219975917012	-0.0293157515281	-0.0268234844554	-0.0245647164972	0.00272478250943	-0.0405181839688	-0.0093611207693	0.0561339584573	-0.00173924365892	-0.0059347640961	0.0189825832619	0.0214260192259	1.0	0.00485147370311	-0.00116721267001	-0.0154294559335	-0.0135961682104	0.0250842954937	0.0172342658424	-0.0510431665661	-0.0107371209796	-0.0379625986986	-0.00771362314652	-0.0398847035269	-0.0144411217804	-0.00964774437759	-0.0578525238532	-0.107113561456	-0.0201892651377	-0.0129009585318	0.0153443786045	0.0219321416426	0.0360248647953	0.00911938140608	0.0455399529722	0.0539142680114	-0.0160553376042	-0.0246048021992	-0.0470712972055	0.00549907347026	-0.0258811997121	0.0275344239143	-0.00687939335199	-0.0196129601158	-0.0170946174398	-0.0668574311412	0.0164027783186	-0.0429047568052	0.028527031786	0.0301224714447	-0.0281029230468	0.00961196041393	0.0304289713558	-0.0550147628005	-0.0290923132349
k__Bacteria;p__Proteobacteria;c__Betaproteobacteria;o__Burkholderiales;f__Sutterellaceae;g__Sutterella;s__Sutterella_wadsworthensis	-0.00909095505313	0.025739786489	-0.00993607701229	-0.0106907682017	-0.0208713218952	0.0365432573103	-0.00397259901129	-0.0620426827245	-0.0564738946161	-0.00220689998307	-0.0225540765567	-0.00689893776849	-0.00145713220068	-0.0269695884106	-0.034539702292	0.0497786678434	0.00485147370311	1.0	0.0164467997544	0.00746363183573	-0.00466483834657	-0.0491563076164	-0.0199006055489	-0.00187111706102	-0.00521405766549	-0.00706047719641	0.0296152865173	-0.0018214030446	-0.0580007671493	0.00448067189462	-0.0406907778182	-0.0274516187706	-0.00116564811845	0.0157725604612	0.00228613402515	0.0462042732916	-0.0384562625477	0.026474921213	-0.0336788953957	-0.0219177113294	-0.00942030652494	-0.0373471064418	0.00336033931909	0.132155966609	-0.0318294776342	-0.0350783832613	0.0171204171564	-0.0242801510795	-0.0124301577912	-0.00549478026009	0.0141228912159	0.00779806613885	-0.0128838773819	-0.0688032384888	-0.0116073582293	0.0401524362266	-0.0561466700881	0.0398175634838	0.0167963123028
k__Bacteria;p__Bacteroidetes;c__Bacteroidia;o__Bacteroidales;f__Porphyromonadaceae;g__Barnesiella;s__Barnesiella_intestinihominis	-0.00893041286837	0.0466940704756	0.0545543993055	-0.00771151656248	-0.0266494767168	0.00839259459293	0.00365476033149	0.00345217965853	-0.00100849635084	-0.0376233141641	0.0149873599667	-0.0372497794364	-0.0519173634627	-0.0476613020522	-0.0470058578809	-0.0434204043616	-0.00116721267001	0.0164467997544	1.0	0.00825707360138	0.014058233392	0.0234432000474	0.0400822484061	0.0235411359987	-0.00228806230239	0.0194311222722	-0.00854662811564	-0.0433214664169	-0.0309604612805	0.0189532879591	0.0118958019272	0.0150392572434	0.0155817079603	0.0352589358972	-0.00683257218177	0.0647269606907	-0.00529031930169	-0.0460895395829	0.0191093355236	-0.0506680131783	-0.0622983081378	-0.00224556445933	-0.0386387760617	-0.0141969797785	-0.049259870635	-0.0964164766028	0.0674992964303	0.0263722575312	0.0158033162379	-0.0156904188074	-0.0240195790913	0.038572115051	-0.0130751375936	-0.0679250330075	-0.0171182241638	-0.0330178684283	-0.017109796151	0.0212625588109	0.0305370548293
k__Bacteria;p__Bacteroidetes;c__Bacteroidia;o__Bacteroidales;f__Odoribacteraceae;g__Odoribacter;s__Odoribacter_splanchnicus	0.012702417168	0.00645220004758	-0.0666086934681	-0.0547732673768	-0.0325469025518	-0.050918123399	-0.00981258442968	-0.019671134228	0.00921629849083	0.00667247425773	-0.0108835706464	0.0510357631262	0.0176540025335	0.0234373786276	-0.0531831226808	-0.0536045420719	-0.0154294559335	0.00746363183573	0.00825707360138	1.0	0.00111638447604	-0.00240933826545	-0.0284983444995	0.0330063119524	0.028496511594	0.0198868513111	0.00970710659902	-0.0126347650192	-0.0399225844491	-0.0318930768693	-0.01623218097	0.00474806261011	-0.0657614597915	-0.0343147459107	0.0365560277536	0.0384124603044	0.0441812296232	0.0637819271784	0.0263430700751	-0.00036908020976	-0.0279642767268	-0.0830237009225	0.00501371604119	-0.038918685953	-0.0704141698128	0.0307997612895	0.0161614137186	-0.0488006048382	-0.0206223567015	-0.00132000468634	0.00174662291614	-0.00797944396537	-1.18637869362e-05	0.00948123541873	-0.0160198970064	-0.0339600144457	0.000486615583795	0.0391336359684	0.0142345059792
k__Bacteria;p__Bacteroidetes;c__Bacteroidia;o__Bacteroidales;f__Bacteroidaceae;g__Bacteroides;s__Bacteroides_salyersiae	0.00369196225867	0.0470408135472	0.0309289411779	0.0140055759216	0.0575878612073	-0.0452461985758	0.00944510675647	0.06883676416	0.0102408024411	-0.0201339839888	0.00314639200763	0.0115391991896	-0.0529199668529	-0.0409741016537	0.00333962280676	-0.0343691452061	-0.0135961682104	-0.00466483834657	0.014058233392	0.00111638447604	1.0	-0.020517176683	-0.0133410263519	-0.0364459510118	-0.0280641188453	0.0584444270584	0.0167224575277	-0.0544357172328	0.0319780087219	-0.0609397871654	0.0106732027636	0.0119774787316	0.0175084469001	-0.00222861385029	-0.0121786455817	0.0135563329142	-0.0350484257173	0.0134505766402	-0.0504190028476	0.0242823854855	0.0096211521312	-0.00121419047911	-0.032028838478	0.0157601068835	0.0267298442699	-0.0109965447155	-0.0117734486179	-0.0138871221254	0.0267471011811	-0.00891330894271	0.0370326896047	-0.0116563208914	0.0508267118712	0.0190270493791	-0.00721918695849	0.0169399006725	-0.0309121845456	-0.0505259701383	-0.0276505334062
k__Bacteria;p__Firmicutes;c__Clostridia;o__Clostridiales;f__Ruminococcaceae;g__Ruminiclostridium;s__[Eubacterium]_siraeum	-0.000487703421249	0.0416050752249	-0.0168469347407	0.0514172556397	-0.0182406624754	-0.00786959629398	0.0239229162011	-0.0362855766058	-0.0470535965568	-0.0748447952408	-0.0101044844171	-0.0386902756967	0.0091828489969	-0.0191746581672	0.00365619562591	-0.0289763038767	0.0250842954937	-0.0491563076164	0.0234432000474	-0.00240933826545	-0.020517176683	1.0	-0.0335102203347	0.0124084973256	-0.00925316574065	-0.0016175122077	-0.0184334340568	0.0718322268847	0.0514002075647	0.024008241794	-0.0109125499942	-0.0283088652468	-0.0327410033235	-0.00857334933799	-0.0286451188218	0.0368266933606	-0.0225650107845	-0.0457126780791	-0.0376829178503	-0.0130417676816	-0.00486935873588	0.0299233443295	-0.0388112591453	0.013818442575	-0.0187799757603	-0.0683324138796	-0.00467121835408	0.00434041846743	-0.0403186432059	-0.0172179456713	-0.0308290119484	-0.0377965225511	-0.0339478790252	0.0112202686477	-0.00243985693306	-0.00233333859812	-0.0206696017199	-0.0255568818431	0.00127399369633
k__Bacteria;p__Proteobacteria;c__Betaproteobacteria;o__Burkholderiales;f__Sutterellaceae;g__Parasutterella;s__Parasutterella_excrementihominis	0.0527542636342	-0.0196036579816	0.00186885548495	-0.041468105423	-0.0526363851105	-0.0177424594187	0.0229463857981	-0.010308520163	-0.0195108496918	-0.0247685527484	0.00742104352941	-0.0362249509669	0.0433446277091	0.0227704958018	-0.0336084302159	0.0447517180426	0.0172342658424	-0.0199006055489	0.0400822484061	-0.0284983444995	-0.0133410263519	-0.0335102203347	1.0	-0.0651757422285	0.0223643910248	0.0333926600574	-0.0228933518398	-0.0184864709451	-0.0577620781294	-0.0629512401168	-0.0203945352389	-0.0349827552597	-0.030660684473	-0.00980822909	0.0100507617379	0.0141314423818	0.0241509558334	-0.0331825163714	-0.0269774203269	-0.0194801176135	0.0406507218339	0.0231445614655	-0.0428810249418	0.00842137545258	0.0182634855913	-0.0354031362444	0.00174272393563	0.0255622014184	-0.0471739319328	-0.0258320160242	0.0162758544194	-0.00740236364145	0.00922692619997	0.051832812535	-0.0144467618247	0.00764335290533	0.0459822417127	0.0324153063702	0.0413213012174
k__Bacteria;p__Actinobacteria;c__Actinobacteria;o__Bifidobacteriales;f__Bifidobacteriaceae;g__Bifidobacterium;s__Bifidobacterium_adolescentis	0.0134930689979	0.029433435756	-0.0404918835986	-0.00201947404539	-0.0245674472305	-0.0205004646807	-0.0321272803641	-0.0363117791154	0.0177141178526	-0.0227790086626	-0.0444696951031	0.0170970585563	-0.0611579468447	0.0210775238811	-0.052429926791	-0.0412663794131	-0.0510431665661	-0.00187111706102	0.0235411359987	0.0330063119524	-0.0364459510118	0.0124084973256	-0.0651757422285	1.0	-0.00186190709314	0.0123811159931	0.0172398115205	-0.00384341740389	-0.0742338882616	-0.0108478579231	0.00752928726058	0.0204206971623	0.0135766773122	0.0247025222459	0.0215977304869	-0.0190430118941	-0.0435031963778	-0.0232337326019	0.0296576680643	-0.0469327928977	-0.0354603595963	-0.00851213929969	-0.000574993567295	-0.0108603912143	0.0171420662265	-0.0115665189043	0.0342439007143	-0.0279759902691	-0.00976492326656	0.0237395007006	-0.0359854384385	-0.0777767931033	-0.0270166080691	0.0277369049725	0.00709484862023	-0.0451231033634	-0.0560851182451	0.0489459776773	-0.090948958712
k__Bacteria;p__Firmicutes;c__Clostridia;o__Clostridiales;f__Oscillospiraceae;g__Oscillibacter;s__Oscillibacter_sp._KLE_1745	0.0139471590165	-0.00564215524719	0.0347285320858	-0.0459415948489	-0.0313047499915	-0.0366318251893	0.0331130918359	0.0179690913497	-0.00292272668382	-0.0224145632348	-0.0596380343444	-0.000929686942932	-0.0314038571107	-0.0279881796222	-0.0137111524882	-0.0343862162341	-0.0107371209796	-0.00521405766549	-0.00228806230239	0.028496511594	-0.0280641188453	-0.00925316574065	0.0223643910248	-0.00186190709314	1.0	-0.00788448507101	0.00136450753312	0.0123611102631	0.0146932916383	-0.0340724213418	0.0222760545339	-0.000897788804565	-0.01406447201	-0.0379990568716	0.0316690217013	0.0395121566471	-0.00805942476942	0.0115777793032	-0.0504897664582	0.00913925301161	-0.0229381843499	-0.125773713156	-0.0102008719027	0.0180752624018	0.054376688954	-0.0012933491961	0.0432419090736	-0.00269604254757	0.00292143981515	0.027625816871	-0.0115840643333	-0.021070544016	-0.00124821489404	0.00245686708544	0.0500876523665	-0.0197979867346	0.00800652561857	0.00982898523008	-0.0264328846477
k__Bacteria;p__Bacteroidetes;c__Bacteroidia;o__Bacteroidales;f__Bacteroidaceae;g__Bacteroides;s__Bacteroides_coprophilus	-0.0126223804888	-0.0186204775873	0.0310224340894	-0.0422988022597	-0.0423157052024	-0.0445259761405	-0.0454423554746	-0.0281424805506	-0.0441420993377	0.0513004793833	0.0110988529583	0.0339754865925	0.0110971482011	0.0228596672463	-0.0144614686582	0.0202052785463	-0.0379625986986	-0.00706047719641	0.0194311222722	0.0198868513111	0.0584444270584	-0.0016175122077	0.0333926600574	0.0123811159931	-0.00788448507101	1.0	-0.0818505426647	-0.0514875830073	-0.0370550749049	-0.0108826231393	-0.0753639265875	-0.000473707233604	-0.0183488191887	0.0146559272819	0.0548147186116	0.0204452093491	-0.0116845591661	-0.0319003451993	0.0108974377547	0.000931967056068	-0.0342640314699	-0.0115299686458	-0.0512570106365	-0.0813018780377	0.0553286993381	0.0246627462307	-0.0105126693225	0.00843963658091	-0.00403797458449	0.059031784727	0.0890961536288	-0.00525821205525	0.0249443862182	0.0331797333452	-0.0405035020663	-0.0700044233585	-0.0518102339645	-0.0424868074208	-0.0253745021104
k__Bacteria;p__Firmicutes;c__Clostridia;o__Clostridiales;f__Lachnospiraceae;g__Roseburia;s__Roseburia_intestinalis	0.0194209968731	-0.0185733827249	-0.0121212949499	-0.0616841841041	-0.00389472090037	-0.00825156760444	0.0240991024229	0.0360561236547	-0.0481684754322	0.0209961670219	0.00597004664157	-0.0247253748104	0.0102477092033	-0.0153893720792	0.00249606261953	-0.0272836653391	-0.00771362314652	0.0296152865173	-0.00854662811564	0.00970710659902	0.0167224575277	-0.0184334340568	-0.0228933518398	0.0172398115205	0.00136450753312	-0.0818505426647	1.0	0.0194311619256	-0.0300760380299	-0.0566019334592	-0.0513773403786	0.0210519646037	0.0539041503471	-0.0334083255381	-0.0237734180987	0.0112540442669	-0.0164574182775	0.0386285168494	-0.0476485987211	-0.011753116584	0.0490924938254	-0.0256249560011	0.0158133091678	-0.041631232838	-0.0496451771523	-0.0251882140714	-0.00579408371349	-0.03890548579	-0.0153240343799	-0.0202845133558	0.0434522013376	-0.0733375975372	0.0660748063174	-0.0182489532463	-0.00198078461906	-0.00708227062166	0.0421848573055	-0.00107041369419	-0.0311680355544
k__Bacteria;p__Firmicutes;c__Clostridia;o__Clostridiales;f__Lachnospiraceae;g__Roseburia;s__Roseburia_hominis	0.00218737180485	0.0271243524178	0.0329893446381	0.0158894265346	-0.0170505032788	-0.00142056539514	-0.062481627973	0.013296605063	-0.0117704141291	0.0320769086367	0.00718904171356	-0.00391607839903	0.00914541598525	-0.0324145416294	0.0539572704944	0.0112381995078	-0.0398847035269	-0.0018214030446	-0.0433214664169	-0.0126347650192	-0.0544357172328	0.0718322268847	-0.0184864709451	-0.00384341740389	0.0123611102631	-0.0514875830073	0.0194311619256	1.0	0.00953833078314	-0.00263164302481	-0.0408104233461	-0.00510976858683	-0.00321274330845	-0.0319139055716	-0.0522820938751	-0.0253894858841	-0.0048664914808	0.00750043576085	-0.111250903671	0.00203777056284	0.0539058222065	-0.067106889181	0.0495146251617	0.00596152367312	0.0257202847939	-0.0955189292966	0.0304840904132	0.0559327267754	-0.0114952587396	-0.0412620899956	0.0172446725073	0.0408316841233	-0.04229654912	-0.00547689025076	-0.0243236617884	-0.00922801702736	-0.0100081541525	-0.0177566122416	-0.0118444062789
k__Bacteria;p__Bacteroidetes;c__Bacteroidia;o__Bacteroidales;f__Porphyromonadaceae;g__Parabacteroides;s__Parabacteroides_johnsonii	-0.00912838890497	0.0249306276974	0.0236484692527	0.00445021179258	-0.0249778072596	0.00902369242977	0.00825425374294	-0.0110248839721	-0.0428416614264	0.00479301426346	0.0288309672278	0.0061217205882	0.0037282819281	-0.0146527303948	0.011356721539	0.016659711397	-0.0144411217804	-0.0580007671493	-0.0309604612805	-0.0399225844491	0.0319780087219	0.0514002075647	-0.0577620781294	-0.0742338882616	0.0146932916383	-0.0370550749049	-0.0300760380299	0.00953833078314	1.0	-0.006824432671	-0.0101728423638	0.0528168403337	0.00514201559444	0.00902223045431	-0.0162218500749	-0.0196110271045	-0.0130733381713	-0.0243124049559	0.00631871106423	0.0245930190307	-0.00252589583572	0.0264416310018	0.0189893671735	-0.0659435839708	0.0208587339267	0.0365707065092	0.00965849555137	-0.0381922505203	-0.0161799174032	-0.0219484143149	-0.0531980853236	-0.0153388275317	-0.00775672198854	0.0072312357574	0.0168659421224	-0.0049527573289	0.013954120526	-0.000165697562848	-0.0103804071181
k__Bacteria;p__Actinobacteria;c__Actinobacteria;o__Bifidobacteriales;f__Bifidobacteriaceae;g__Bifidobacterium;s__Bifidobacterium_longum	0.014831046581	0.0238099062539	-0.0260766234279	-0.0239863396227	0.00436671417561	-0.0413460088902	0.0184507832973	-0.0155642606363	-0.00193619932523	0.0248920342739	0.00580751646271	-0.0367262817171	0.00969209223716	-0.070847796325	0.0495423904691	-0.00396017534609	-0.00964774437759	0.00448067189462	0.0189532879591	-0.0318930768693	-0.0609397871654	0.024008241794	-0.0629512401168	-0.0108478579231	-0.0340724213418	-0.0108826231393	-0.0566019334592	-0.00263164302481	-0.006824432671	1.0	-0.0354557991392	-0.0169221305699	-0.0617395905281	-0.00526436420103	0.0682095179464	-0.0513047133324	-0.0118622612277	0.00519239289662	0.0203962281127	-0.00113204575478	0.0277832024417	3.92276976709e-05	-0.00658351348329	-0.0393951519473	-0.024490993086	0.0206674284494	0.0276422792315	0.0563065367633	0.029211624952	0.0236360745901	-0.0161586920214	-0.00202249933504	-0.00685980053407	-0.0101822607709	-0.00900430743638	-0.0246308240824	-0.0186951470151	0.0414387654479	0.0319206969343
