#taxonomy	k__Bacteria;p__Bacteroidetes;c__Bacteroidia;o__Bacteroidales;f__Bacteroidaceae;g__Bacteroides;s__Bacteroides_vulgatus	k__Bacteria;p__Bacteroidetes;c__Bacteroidia;o__Bacteroidales;f__Bacteroidaceae;g__Bacteroides;s__Bacteroides_uniformis	k__Bacteria;p__Bacteroidetes;c__Bacteroidia;o__Bacteroidales;f__Rikenellaceae;g__Alistipes;s__Alistipes_putredinis	k__Bacteria;p__Bacteroidetes;c__Bacteroidia;o__Bacteroidales;f__Prevotellaceae;g__Prevotella;s__Prevotella_copri	k__Bacteria;p__Bacteroidetes;c__Bacteroidia;o__Bacteroidales;f__Bacteroidaceae;g__Bacteroides;s__Bacteroides_stercoris	k__Bacteria;p__Bacteroidetes;c__Bacteroidia;o__Bacteroidales;f__Bacteroidaceae;g__Bacteroides;s__Bacteroides_ovatus	k__Bacteria;p__Bacteroidetes;c__Bacteroidia;o__Bacteroidales;f__Rikenellaceae;g__Alistipes;s__Alistipes_shahii	k__Bacteria;p__Firmicutes;c__Clostridia;o__Clostridiales;f__Ruminococcaceae;g__Faecalibacterium;s__Faecalibacterium_prausnitzii	k__Bacteria;p__Bacteroidetes;c__Bacteroidia;o__Bacteroidales;f__Rikenellaceae;g__Alistipes;s__Alistipes_finegoldii	k__Bacteria;p__Bacteroidetes;c__Bacteroidia;o__Bacteroidales;f__Porphyromonadaceae;g__Parabacteroides;s__Parabacteroides_distasonis	k__Bacteria;p__Bacteroidetes;c__Bacteroidia;o__Bacteroidales;f__Bacteroidaceae;g__Bacteroides;s__Bacteroides_thetaiotaomicron	k__Bacteria;p__Bacteroidetes;c__Bacteroidia;o__Bacteroidales;f__Bacteroidaceae;g__Bacteroides;s__Bacteroides_coprocola	k__Bacteria;p__Bacteroidetes;c__Bacteroidia;o__Bacteroidales;f__Bacteroidaceae;g__Bacteroides;s__Bacteroides_cellulosilyticus	k__Bacteria;p__Bacteroidetes;c__Bacteroidia;o__Bacteroidales;f__Rikenellaceae;g__Alistipes;s__Alistipes_obesi	k__Bacteria;p__Firmicutes;c__Clostridia;o__Clostridiales;f__Lachnospiraceae;g__;s__[Eubacterium]_rectale	k__Bacteria;p__Bacteroidetes;c__Bacteroidia;o__Bacteroidales;f__Bacteroidaceae;g__Bacteroides;s__Bacteroides_plebeius	k__Bacteria;p__Bacteroidetes;c__Bacteroidia;o__Bacteroidales;f__Bacteroidaceae;g__Bacteroides;s__Bacteroides_fragilis	k__Bacteria;p__Proteobacteria;c__Betaproteobacteria;o__Burkholderiales;f__Sutterellaceae;g__Sutterella;s__Sutterella_wadsworthensis	k__Bacteria;p__Bacteroidetes;c__Bacteroidia;o__Bacteroidales;f__Porphyromonadaceae;g__Barnesiella;s__Barnesiella_intestinihominis	k__Bacteria;p__Bacteroidetes;c__Bacteroidia;o__Bacteroidales;f__Odoribacteraceae;g__Odoribacter;s__Odoribacter_splanchnicus	k__Bacteria;p__Bacteroidetes;c__Bacteroidia;o__Bacteroidales;f__Bacteroidaceae;g__Bacteroides;s__Bacteroides_salyersiae	k__Bacteria;p__Firmicutes;c__Clostridia;o__Clostridiales;f__Ruminococcaceae;g__Ruminiclostridium;s__[Eubacterium]_siraeum	k__Bacteria;p__Proteobacteria;c__Betaproteobacteria;o__Burkholderiales;f__Sutterellaceae;g__Parasutterella;s__Parasutterella_excrementihominis	k__Bacteria;p__Actinobacteria;c__Actinobacteria;o__Bifidobacteriales;f__Bifidobacteriaceae;g__Bifidobacterium;s__Bifidobacterium_adolescentis	k__Bacteria;p__Firmicutes;c__Clostridia;o__Clostridiales;f__Oscillospiraceae;g__Oscillibacter;s__Oscillibacter_sp._KLE_1745	k__Bacteria;p__Bacteroidetes;c__Bacteroidia;o__Bacteroidales;f__Bacteroidaceae;g__Bacteroides;s__Bacteroides_coprophilus	k__Bacteria;p__Firmicutes;c__Clostridia;o__Clostridiales;f__Lachnospiraceae;g__Roseburia;s__Roseburia_intestinalis	k__Bacteria;p__Firmicutes;c__Clostridia;o__Clostridiales;f__Lachnospiraceae;g__Roseburia;s__Roseburia_hominis	k__Bacteria;p__Bacteroidetes;c__Bacteroidia;o__Bacteroidales;f__Porphyromonadaceae;g__Parabacteroides;s__Parabacteroides_johnsonii	k__Bacteria;p__Actinobacteria;c__Actinobacteria;o__Bifidobacteriales;f__Bifidobacteriaceae;g__Bifidobacterium;s__Bifidobacterium_longum	k__Bacteria;p__Firmicutes;c__Clostridia;o__Clostridiales;f__;g__Flavonifractor;s__Flavonifractor_plautii	k__Bacteria;p__Firmicutes;c__Clostridia;o__Clostridiales;f__Clostridiaceae;g__Clostridium;s__Clostridium_phoceensis	k__Bacteria;p__Verrucomicrobia;c__Verrucomicrobiae;o__Verrucomicrobiales;f__Akkermansiaceae;g__Akkermansia;s__Akkermansia_muciniphila	k__Bacteria;p__Bacteroidetes;c__Bacteroidia;o__Bacteroidales;f__Prevotellaceae;g__Paraprevotella;s__Paraprevotella_xylaniphila	k__Bacteria;p__Firmicutes;c__Clostridia;o__Clostridiales;f__Ruminococcaceae;g__Ruminococcus;s__Ruminococcus_callidus	k__Bacteria;p__Bacteroidetes;c__Bacteroidia;o__Bacteroidales;f__Rikenellaceae;g__Alistipes;s__Alistipes_senegalensis	k__Bacteria;p__Firmicutes;c__Clostridia;o__Clostridiales;f__Lachnospiraceae;g__Blautia;s__Blautia_sp._KLE_1732	k__Bacteria;p__Bacteroidetes;c__Bacteroidia;o__Bacteroidales;f__Bacteroidaceae;g__Bacteroides;s__Bacteroides_oleiciplenus	k__Bacteria;p__Firmicutes;c__Clostridia;o__Clostridiales;f__Ruminococcaceae;g__Ruminococcus;s__Ruminococcus_bicirculans	k__Bacteria;p__Bacteroidetes;c__Bacteroidia;o__Bacteroidales;f__Bacteroidaceae;g__Bacteroides;s__Bacteroides_fluxus	k__Bacteria;p__Bacteroidetes;c__Bacteroidia;o__Bacteroidales;f__Prevotellaceae;g__Prevotella;s__Prevotella_stercorea	k__Bacteria;p__Firmicutes;c__Clostridia;o__Clostridiales;f__Lachnospiraceae;g__Dorea;s__Dorea_longicatena	k__Bacteria;p__Firmicutes;c__Clostridia;o__Clostridiales;f__Eubacteriaceae;g__Eubacterium;s__[Eubacterium]_eligens	k__Bacteria;p__Firmicutes;c__Clostridia;o__Clostridiales;f__Ruminococcaceae;g__;s__Ruminococcaceae_bacterium_D16	k__Bacteria;p__Firmicutes;c__Clostridia;o__Clostridiales;f__Lachnospiraceae;g__Coprococcus;s__Coprococcus_comes	k__Bacteria;p__Proteobacteria;c__Gammaproteobacteria;o__Enterobacterales;f__Enterobacteriaceae;g__Escherichia;s__Escherichia_coli	k__Bacteria;p__Firmicutes;c__Clostridia;o__Clostridiales;f__Ruminococcaceae;g__Anaerotruncus;s__Anaerotruncus_colihominis	k__Bacteria;p__Firmicutes;c__Clostridia;o__Clostridiales;f__Lachnospiraceae;g__Blautia;s__Blautia_obeum	k__Bacteria;p__Bacteroidetes;c__Bacteroidia;o__Bacteroidales;f__Odoribacteraceae;g__Odoribacter;s__Odoribacter_laneus	k__Bacteria;p__Firmicutes;c__Clostridia;o__Clostridiales;f__Ruminococcaceae;g__Ruminiclostridium;s__[Clostridium]_leptum	k__Bacteria;p__Bacteroidetes;c__Bacteroidia;o__Bacteroidales;f__Porphyromonadaceae;g__Parabacteroides;s__Parabacteroides_goldsteinii	k__Bacteria;p__Firmicutes;c__Clostridia;o__Clostridiales;f__Lachnospiraceae;g__Anaerostipes;s__Anaerostipes_hadrus	k__Bacteria;p__Firmicutes;c__Clostridia;o__Clostridiales;f__Ruminococcaceae;g__Ruminococcus;s__Ruminococcus_lactaris	k__Bacteria;p__Firmicutes;c__Clostridia;o__Clostridiales;f__Clostridiaceae;g__Clostridium;s__Clostridium_sp._L2-50	k__Bacteria;p__Firmicutes;c__Clostridia;o__Clostridiales;f__Clostridiaceae;g__Clostridium;s__Clostridium_sp._M62/1	k__Bacteria;p__Firmicutes;c__Clostridia;o__Clostridiales;f__;g__Intestinimonas;s__Intestinimonas_butyriciproducens	k__Bacteria;p__Actinobacteria;c__Actinobacteria;o__Bifidobacteriales;f__Bifidobacteriaceae;g__Bifidobacterium;s__Bifidobacterium_bifidum	k__Bacteria;p__Firmicutes;c__Negativicutes;o__Veillonellales;f__Veillonellaceae;g__Dialister;s__Dialister_invisus	k__Bacteria;p__Bacteroidetes;c__Bacteroidia;o__Bacteroidales;f__Bacteroidaceae;g__Bacteroides;s__Bacteroides_salanitronis
k__Bacteria;p__Bacteroidetes;c__Bacteroidia;o__Bacteroidales;f__Bacteroidaceae;g__Bacteroides;s__Bacteroides_vulgatus	1.0	-0.0129429351392	-0.0280543410464	-0.0193849971462	0.0289274543855	7.91815601797e-05	-0.0465385466344	-0.066367603574	-0.0166713184027	-0.0857731335016	-0.0143244853006	0.092086974835	0.0189516270902	-0.00914939144357	0.0458084701284	-0.0262850884239	-0.0114841927608	-0.0487701913372	-0.0311752580294	0.0475872527356	0.0217468531626	-0.00547795515509	0.00186990278563	-0.0276183963679	-0.0713997531779	0.020397749533	0.000453644734619	-0.05051053626	-0.0204278657096	0.0109188405155	-0.00429137232473	0.0321464252474	-0.0246803049741	0.00814232737803	0.0150268787055	-0.013455174093	0.00872144221118	-0.061869824884	0.0530863677619	0.0383421450544	0.00785099318491	0.0194856951508	0.015510966456	0.00955738387729	-0.0388124371004	-0.0378064820854	-0.0111236841835	-0.0164447656945	0.00661735003471	-0.04462875378	0.0105885131287	0.017511174821	0.04501054975	0.0443065082714	-0.0430397866136	0.0778272420258	-0.0119834270675	0.00848113630361	-0.014230928824
k__Bacteria;p__Bacteroidetes;c__Bacteroidia;o__Bacteroidales;f__Bacteroidaceae;g__Bacteroides;s__Bacteroides_uniformis	-0.0129429351392	1.0	0.00497270759569	-0.0142360825413	-0.0139696800511	0.0242705778876	-0.0610177422343	-0.0141314937384	-0.0183255669687	0.00365011547859	-0.0124118934111	-0.0274798495934	0.00584148973611	-0.0203142081821	-0.0628661577797	-0.0206899872863	-0.000560607465447	-0.0261768889395	0.00587107913187	0.0332554881879	-0.0328104643216	-0.0159480496882	-0.0222166072861	-0.0148336702088	-0.00445272893325	0.011047115707	-0.0289158560793	-0.0238493664141	0.0287024763	0.0154718644648	0.0476811830302	-0.0087141858904	-0.0176074712331	0.0138495825675	0.0303164695778	-0.0218768439282	-0.00401290595491	0.0245222460567	-0.0185650599132	0.0275675889571	0.0318477506805	0.0481998502741	-0.000438906214902	-0.0287610761982	0.000451865857998	-0.047913293189	-0.0229179631392	-0.0404784965362	0.0265621148475	-0.0445510013852	0.00997698474224	-0.0118681352313	-0.0775102304927	-0.0229328343675	-0.00158849061382	-0.00639641994161	0.00271346894441	0.00199561148927	0.025104375897
k__Bacteria;p__Bacteroidetes;c__Bacteroidia;o__Bacteroidales;f__Rikenellaceae;g__Alistipes;s__Alistipes_putredinis	-0.0280543410464	0.00497270759569	1.0	-0.0215848409025	-0.0371937864958	0.0630685365112	-0.00900277921786	-0.051505794515	-0.0327696419679	0.04192489405	-0.0357119425198	-0.000267213221458	-0.0274383839797	0.0376239636517	-0.0669311511659	-0.0220156254581	0.0200532630411	0.0119233886046	0.00681751691299	-0.0200618351822	0.00811935690154	-0.046051518407	-0.00708483039651	0.017633980112	-0.0609243845233	-0.0204380430522	0.0620785832698	-0.0171865921767	0.0432142600595	-0.0356067953678	-0.0222215620383	0.00853592852402	-0.012854279864	0.021857147873	0.0156059326181	-0.0109279614718	0.00257367087538	0.0134269436844	-0.0128572585046	-0.0106943787912	-0.0724842706764	-0.0317075357341	0.0585980362002	0.0435904067081	0.00481019793368	-0.0220781392489	-0.0632756551306	0.0640409287786	0.00918764275421	-0.0457240367605	0.0349993294259	-0.0626540297127	-0.0111862524703	-0.011115085593	0.0288752138966	0.0589336012476	0.00706003299341	-0.047216288135	-2.49751678322e-05
k__Bacteria;p__Bacteroidetes;c__Bacteroidia;o__Bacteroidales;f__Prevotellaceae;g__Prevotella;s__Prevotella_copri	-0.0193849971462	-0.0142360825413	-0.0215848409025	1.0	0.00863668503958	-0.0890514340919	0.0204082214752	0.0389230421305	-0.0315922560851	-0.022282239124	-0.0270088601263	0.0479119695817	-0.0370568577897	-0.000164055287535	0.0634118359793	0.0101682220312	-0.00881272224402	0.0300336426687	-0.0421955061989	-0.0178071625265	0.0314396874914	0.0108348099965	-0.0286254291738	0.038991700019	0.0353753493561	0.0238264964789	-0.0409321058694	0.00364653385582	-0.0374545803258	-0.0524889879507	-0.0582669091923	0.0637209336992	-0.0311991020321	0.0370456531729	0.00547578276811	-0.0720408197175	-0.0848101925962	0.0364798490852	-0.0273497671545	-0.0344143635479	-0.0425199850528	0.0255783091926	0.029141428298	0.0655400006171	-0.0939414064991	0.0221585895933	-0.0205003743232	0.0168123963584	-0.0258397340019	0.0085393060724	0.0424563636811	0.0342746253616	-0.0331295946735	-0.0119341438464	-0.0399985625984	0.0942692471247	0.0083024661663	0.00934906727529	-0.0419359377395
k__Bacteria;p__Bacteroidetes;c__Bacteroidia;o__Bacteroidales;f__Bacteroidaceae;g__Bacteroides;s__Bacteroides_stercoris	0.0289274543855	-0.0139696800511	-0.0371937864958	0.00863668503958	1.0	0.00717056779178	0.00812362048714	-0.019878398057	-0.0262399020225	-0.03485110515	-0.00890264683646	-0.00267688849042	-0.0171567758482	-0.0433294980068	0.0264259116762	-0.0141600711321	-0.0584853846838	0.0144861236952	0.0430101427275	0.0079654522068	0.0140768591075	0.009488500912	0.0529948431146	0.0437004544888	-0.024952652929	-0.00342809213053	-0.0673783006145	-0.0427197565256	-0.0395097569903	0.019376740873	0.0207472335083	-0.0550110619148	-0.00687694981227	-0.0103900594987	-0.0183124974357	-0.0347457351898	-0.0874107300291	0.00882496383828	-0.0138648770757	-0.0091297263598	0.00738382036168	-0.00641065264015	-0.0377406290571	-0.0597261591921	-0.0125266873109	-0.00694504029708	-0.0448392965067	-0.017264011035	-0.0206200098982	-0.00837171398176	-0.0284707509262	-0.0449040879181	-0.00659740073077	0.00592962862071	-0.0657339805983	0.0143400808683	-0.0439765564595	0.0511285218906	-0.0450581522216
k__Bacteria;p__Bacteroidetes;c__Bacteroidia;o__Bacteroidales;f__Bacteroidaceae;g__Bacteroides;s__Bacteroides_ovatus	7.91815601797e-05	0.0242705778876	0.0630685365112	-0.0890514340919	0.00717056779178	1.0	-0.0428698703744	0.0108734654032	-0.0184841174479	-0.00367326380588	0.0231360207827	-0.0384954704824	-0.0096166860711	0.0247983143926	-0.0745720921924	-0.00866928552054	-0.0455253327283	0.0118317569418	0.0128562124067	-0.0053935169935	-0.0026926083515	0.0122788599619	-0.0326738417336	0.00809718502285	-0.00460252510467	-0.0653057774618	0.00111413053989	0.0428168671915	-0.00929479046663	-0.00340119141162	0.0121578487096	-0.0363608100926	0.01788907662	0.00834945420064	0.00684284759094	-0.036061230114	-0.022412745774	0.0166795620699	-0.00753865030402	0.0162999141051	0.0319959298719	0.0365963016342	0.0171970722115	-0.00477738080055	-0.0570303647957	0.0331548223589	-0.0715961523775	-0.0219827919203	-0.0291773018744	0.0218625234232	-0.0174927504959	-0.0141832646457	0.0443025270008	-0.0104629851494	0.0277628265883	-0.050570681806	0.00825297630896	-0.00339597892142	-0.0330192979949
k__Bacteria;p__Bacteroidetes;c__Bacteroidia;o__Bacteroidales;f__Rikenellaceae;g__Alistipes;s__Alistipes_shahii	-0.0465385466344	-0.0610177422343	-0.00900277921786	0.0204082214752	0.00812362048714	-0.0428698703744	1.0	0.0199198929422	-0.0105969937727	0.0163492656384	0.00411766504995	-0.0239770626622	0.0468269491825	-0.0288418043691	-0.0435470804889	-0.0292668499381	-0.0260031790655	-0.0451013639114	-0.0137457208177	0.0101899798078	0.0201697517856	0.00843029289305	-0.0139438750356	-0.0209835738066	0.0481834938052	-0.0333616625009	0.0382450044093	0.0149384059528	-0.0621757064193	0.0344748396167	-0.0271342099085	-0.0735716578849	-0.00390635306839	0.00467327898895	-0.0319180182523	0.00843139883433	-0.011977193489	0.00378837138439	-0.00930782847907	0.0015334812254	0.0698695323124	-0.0411294553717	-0.0300902943093	-0.0138459157221	-0.0242463136261	0.00362187790603	0.080710812635	0.00443604242504	0.0305342560201	-0.0661472948081	0.0118611150981	0.0204799887311	0.016285177331	0.0322969272874	-0.0117294936111	-0.037953889636	0.0210084918879	-0.00347371544189	0.0313227540688
k__Bacteria;p__Firmicutes;c__Clostridia;o__Clostridiales;f__Ruminococcaceae;g__Faecalibacterium;s__Faecalibacterium_prausnitzii	-0.066367603574	-0.0141314937384	-0.051505794515	0.0389230421305	-0.019878398057	0.0108734654032	0.0199198929422	1.0	-0.0671030372781	-0.00230867951904	-0.000270168019683	-0.0245532022478	0.0281975806628	0.00981679066499	0.0528272689239	0.00123873721509	-0.00423855071581	-0.0158022279791	0.00209585981119	0.0391918470126	-0.0208356385636	0.00549100270792	-0.0355766878808	-0.0515986807532	0.0146015005059	-0.0418747715446	0.0220827391864	-0.00114516021758	0.0287760250933	-0.0417239692507	-0.00539360384126	-0.00338024258808	0.072985793128	0.0535725566614	-0.0246316004868	-0.0105808038329	-0.036681302935	-0.0242778096068	0.0396501842405	0.0166622668011	-0.028043414852	-0.0157487641909	-0.0023064723629	0.036250950773	0.0296226955448	-0.00339388330215	0.0237005056704	-0.072472729315	-0.0339421623196	0.0599095034871	-0.0336365514772	-0.0430499182311	0.0184714394791	0.0436318382834	-0.0197110745093	-0.0676388020527	-0.121821826148	-0.0346770528895	-0.0105250967338
k__Bacteria;p__Bacteroidetes;c__Bacteroidia;o__Bacteroidales;f__Rikenellaceae;g__Alistipes;s__Alistipes_finegoldii	-0.0166713184027	-0.0183255669687	-0.0327696419679	-0.0315922560851	-0.0262399020225	-0.0184841174479	-0.0105969937727	-0.0671030372781	1.0	0.0704743108304	-0.0031564132496	-0.0577856310168	0.0248045532557	-0.00585622170926	0.00811918630812	0.0292543455231	0.0581256550022	-0.0599788829647	-0.0194728046387	0.00340842331515	-0.0165265060918	-0.0107409655294	0.00553785359908	0.0435271580631	-0.0206360214266	0.00200160051808	-0.0515801444724	-0.00828422497797	-0.0242836603208	-0.0269969139714	-0.0546647479987	0.0557061682626	-0.0054233035427	0.0325764105201	-0.0567155953895	0.0674657015493	0.0042253364014	0.02110709849	-0.0168349431715	0.0255774058958	-0.0598926573273	-0.0434166961301	-0.035409901236	0.0144006728903	-0.00895117793907	0.00404374940084	-0.0176977341769	-0.0487741223524	0.0364351665758	0.0166772435165	-0.0167912648108	-0.0367696811729	0.0305163901256	0.0185560311676	0.0390691222385	-0.0296752976732	-0.0266000208539	0.00343743713808	0.0184053365009
k__Bacteria;p__Bacteroidetes;c__Bacteroidia;o__Bacteroidales;f__Porphyromonadaceae;g__Parabacteroides;s__Parabacteroides_distasonis	-0.0857731335016	0.00365011547859	0.04192489405	-0.022282239124	-0.03485110515	-0.00367326380588	0.0163492656384	-0.00230867951904	0.0704743108304	1.0	-0.100207676978	0.0473789930159	0.0142288745334	-0.0241904446688	-0.0666245254081	-0.0438254311945	0.0051723644655	-0.0540569281849	0.013521542302	-0.00349180765057	0.00748601044236	-0.0174514845682	-0.0194204943017	-0.0177471163102	-0.0628202390441	0.0221437887766	-0.0405574962805	-0.0641360808027	-0.028524506837	0.00912436774969	0.0156612730016	0.0647323223481	-0.00419116662823	0.0256603694137	-0.0222523197966	-0.0393381540475	0.0195229251574	-0.00158740250396	-0.0028752523913	-0.018757373406	-0.0429518450862	0.0140985231534	0.0403755397043	0.0206077952365	-0.0132191238988	0.00757630138969	0.0266974017776	0.00440434035431	0.00902981331582	-0.0657921901414	-0.0121374548338	-0.0271916492541	0.00340489867973	-0.0457794383077	0.0408788714055	0.0196953010249	0.0812637707439	0.0274931844067	-0.010570799186
k__Bacteria;p__Bacteroidetes;c__Bacteroidia;o__Bacteroidales;f__Bacteroidaceae;g__Bacteroides;s__Bacteroides_thetaiotaomicron	-0.0143244853006	-0.0124118934111	-0.0357119425198	-0.0270088601263	-0.00890264683646	0.0231360207827	0.00411766504995	-0.000270168019683	-0.0031564132496	-0.100207676978	1.0	-0.0697514256821	-0.0325851543084	-0.0415104998344	0.0115063489771	-0.0168242768893	-0.0107821034533	-0.0198528470457	0.0140792381809	-0.0662336065318	0.00998058225283	0.0214991034408	-0.0272522679182	-0.0325542660488	0.0732186014917	-0.0633323968323	-0.0224795586381	0.0507692760918	-0.00988348003447	-0.00536857082014	0.00354259700932	-0.0366264698158	-0.00520184224217	0.0743119117296	0.0184614064101	-0.00342200352639	0.0109610135804	0.0342630252565	0.0369329311085	-0.0414164174584	0.0385622264367	-0.0447490196744	-0.0221115838548	0.0295168693055	-0.0227367004558	-0.000178824197086	-0.0193812340988	-0.0325326791025	-0.0296943127374	-0.00721043517229	-0.0365129133925	-0.012588993028	-0.00785191365583	-0.0336351719857	-0.0358726026669	0.0133280764999	-0.0372636946383	0.0132582299996	0.0454297530137
k__Bacteria;p__Bacteroidetes;c__Bacteroidia;o__Bacteroidales;f__Bacteroidaceae;g__Bacteroides;s__Bacteroides_coprocola	0.092086974835	-0.0274798495934	-0.000267213221458	0.0479119695817	-0.00267688849042	-0.0384954704824	-0.0239770626622	-0.0245532022478	-0.0577856310168	0.0473789930159	-0.0697514256821	1.0	0.0227071972617	-0.00521936715387	-0.0454823913918	-0.0379281296354	0.0120666202794	0.00627319190278	-0.0159819157299	-0.0380786078798	0.0160479476868	0.00232464572427	-0.0163089694208	-0.0237075480723	-0.057197110485	-0.00399412383305	0.0225101536162	0.017999520014	-0.0461280120297	0.0791014911896	0.0104489233272	0.0260348580414	-0.0695603239323	-0.0579038908118	0.0112225987431	-0.0750589918734	0.0134025840522	-0.0305704547278	-0.00876512088689	0.0393220617249	-0.0856685401014	0.0206366977293	0.0335137024448	-0.0242244937082	0.00438604429319	-0.000578957229908	0.0199008579809	-0.0576688610024	-0.0514092393972	-0.0151526343623	0.00134593450841	-0.0309355375032	0.00971204206539	-0.0191397285933	0.0290270582151	-0.073609786137	-0.0145677210505	-0.000246533076318	0.0512001776316
k__Bacteria;p__Bacteroidetes;c__Bacteroidia;o__Bacteroidales;f__Bacteroidaceae;g__Bacteroides;s__Bacteroides_cellulosilyticus	0.0189516270902	0.00584148973611	-0.0274383839797	-0.0370568577897	-0.0171567758482	-0.0096166860711	0.0468269491825	0.0281975806628	0.0248045532557	0.0142288745334	-0.0325851543084	0.0227071972617	1.0	0.00714103425432	-0.00822710846236	-0.0466665936121	0.00290519385328	0.00461174543131	-0.0453893621649	-0.0494451068096	-0.0843654930969	0.0758094654686	-0.01224328771	-0.0559880141834	-0.0883229637983	-0.00442031071104	0.000786623093859	-0.00176745841623	-0.0682148340279	0.0418995457133	-0.0290970051752	0.0367138476858	0.0282509474107	0.0103995559823	-0.0326964955917	-0.0757300523402	-0.012575273921	0.013600847483	0.0163143020267	0.0320488701611	0.016889667583	-0.0329056383933	-0.066544279263	0.0119667594695	0.0663591485609	0.0172443268038	0.0317653159196	-0.0151131999531	-0.0115056679519	-0.0237885731684	0.0176360684815	0.0232801172268	-0.0830506988508	0.00828316820701	0.015817345111	-0.0120856118916	-0.0132832938958	0.0305889481408	0.000497188958617
k__Bacteria;p__Bacteroidetes;c__Bacteroidia;o__Bacteroidales;f__Rikenellaceae;g__Alistipes;s__Alistipes_obesi	-0.00914939144357	-0.0203142081821	0.0376239636517	-0.000164055287535	-0.0433294980068	0.0247983143926	-0.0288418043691	0.00981679066499	-0.00585622170926	-0.0241904446688	-0.0415104998344	-0.00521936715387	0.00714103425432	1.0	0.00315262688298	0.0666355482322	0.0052959780843	-0.0533624657078	0.035155828923	-0.0264449339032	0.0217786734855	0.0426701967441	0.0595978302057	0.0109114069657	0.0446226569841	-0.02247247036	0.0291742029128	0.0247462185525	-0.0449498877914	0.0512115462182	-0.0140586189292	-0.0142618526238	-0.00323036550171	-0.0115838841637	0.0284016801454	0.0304290712325	-0.0400382440895	-0.0175236494976	-0.0723434567838	0.053893540578	0.00346583039208	-0.0283097768752	-0.0357873527213	0.0240853341502	-0.00086537857296	-0.0537759665849	-0.0221907832118	-0.0238406635139	-0.0421422816849	0.00915199938527	-0.0285917449276	0.0457771606545	-0.0350755391794	8.28443166872e-05	-0.0325600311253	0.0225813038047	0.00449503772251	-0.0494019593392	-0.0434692100069
k__Bacteria;p__Firmicutes;c__Clostridia;o__Clostridiales;f__Lachnospiraceae;g__;s__[Eubacterium]_rectale	0.0458084701284	-0.0628661577797	-0.0669311511659	0.0634118359793	0.0264259116762	-0.0745720921924	-0.0435470804889	0.0528272689239	0.00811918630812	-0.0666245254081	0.0115063489771	-0.0454823913918	-0.00822710846236	0.00315262688298	1.0	-0.021078477832	-0.0539372083107	-0.000297788311116	0.00150304717882	0.0228467834521	0.0273343032838	-0.0254648291891	-0.0492465124647	0.00494108272974	0.0226457495688	-0.0242820623524	0.00996138985968	-0.037388541858	-0.0318590195384	-0.00906361072232	0.0215439313645	-0.0506246869237	0.027363463462	-0.0277137025095	0.00935359367641	-0.0111538972442	-0.0216812817367	-0.00684601850314	0.0204808672885	-0.0692125770059	0.0351464242907	-0.00839071811008	-0.00954646944864	0.0447352587862	-0.0564403196302	-0.0413281298443	-0.0213535125398	0.00611918693686	-0.0456201467582	0.0449548954492	-0.045877822993	0.00206181454923	0.0455870941122	-0.0469271606409	0.0642195010297	-0.0054030972846	-0.0735715804579	-0.0357271907616	0.00676851913364
k__Bacteria;p__Bacteroidetes;c__Bacteroidia;o__Bacteroidales;f__Bacteroidaceae;g__Bacteroides;s__Bacteroides_plebeius	-0.0262850884239	-0.0206899872863	-0.0220156254581	0.0101682220312	-0.0141600711321	-0.00866928552054	-0.0292668499381	0.00123873721509	0.0292543455231	-0.0438254311945	-0.0168242768893	-0.0379281296354	-0.0466665936121	0.0666355482322	-0.021078477832	1.0	0.0143744433876	0.0283151380221	-0.0117533753094	-0.015000850243	-0.0175353158324	-0.0160471285956	-0.0195149605915	-0.0313885845626	-0.0269628979507	0.0364519878368	-0.0158592918571	0.0295147825444	0.0248996236142	-0.00187704798604	-0.0252016820222	-0.0258446740195	-0.0511995899651	-0.0250526708421	0.0730869805373	-0.0104531699146	-0.0137702082888	0.00139983813378	0.0268129968236	0.018416739138	-0.00397267419897	-0.00955440239634	-0.0498636095764	0.024787852716	-0.00613318021348	-0.023990302129	0.0220638630296	0.0226126387617	-0.0555035317223	-0.0469273552442	0.0208382063701	-0.0259689820963	0.0547470220424	0.00847338448067	0.0107577397763	0.0136336229863	-0.0548334698297	0.0188302437508	-0.0239891987051
k__Bacteria;p__Bacteroidetes;c__Bacteroidia;o__Bacteroidales;f__Bacteroidaceae;g__Bacteroides;s__Bacteroides_fragilis	-0.0114841927608	-0.000560607465447	0.0200532630411	-0.00881272224402	-0.0584853846838	-0.0455253327283	-0.0260031790655	-0.00423855071581	0.0581256550022	0.0051723644655	-0.0107821034533	0.0120666202794	0.00290519385328	0.0052959780843	-0.0539372083107	0.0143744433876	1.0	-0.000354308340484	0.0448704526432	-0.0221424979019	-0.0241876007623	-0.014298009832	-0.0035311557029	0.0476157115761	-0.00161251360224	0.0323598608346	-0.0379670100237	0.015198743406	-0.019401126857	0.00766447131756	-0.0370556393188	0.0172839536263	-0.0234450944062	-0.0437258627616	-0.0071550187979	-0.0153617749644	-0.0295472156068	-0.0297494990275	-0.033851617552	-0.00893220358852	-0.0382027506263	-0.0515991365963	0.0399172579848	0.0139844987196	0.0111500009296	0.074603151523	0.00526984345127	-0.0584532077627	-0.056142788172	-0.0303210466268	0.0102233915888	-0.0346553330391	-0.0507875853256	0.016672949597	0.0520103009721	-0.017482878084	-0.0326734696487	0.0124223759788	-0.0233433569408
k__Bacteria;p__Proteobacteria;c__Betaproteobacteria;o__Burkholderiales;f__Sutterellaceae;g__Sutterella;s__Sutterella_wadsworthensis	-0.0487701913372	-0.0261768889395	0.0119233886046	0.0300336426687	0.0144861236952	0.0118317569418	-0.0451013639114	-0.0158022279791	-0.0599788829647	-0.0540569281849	-0.0198528470457	0.00627319190278	0.00461174543131	-0.0533624657078	-0.000297788311116	0.0283151380221	-0.000354308340484	1.0	-0.0373570170401	0.0227554585527	-0.00144850283912	0.00496623661022	0.0277959186689	-0.0488421730579	-0.0193897743646	0.0471906843578	-0.0474993332793	-0.0111507384596	0.0047995111613	-0.00268336007781	0.00129290136592	-0.0473342986283	-0.00423643343767	0.00222376518332	0.00617647911935	0.0199826741711	-0.0138949327345	0.0097953279866	0.0103916900353	-0.00534899423972	0.0263270373722	0.0408683001299	0.00462871303954	-0.00714883936453	-0.0300176717462	-0.0598201437575	-0.0378266651515	0.0638643653348	0.00642889562049	-0.0171021083864	0.0424470358223	0.0295849802271	0.00315654022605	0.0314327913535	-0.00273998972448	0.00725898764433	-0.0158403127298	-0.0235687741427	-0.0387351837445
k__Bacteria;p__Bacteroidetes;c__Bacteroidia;o__Bacteroidales;f__Porphyromonadaceae;g__Barnesiella;s__Barnesiella_intestinihominis	-0.0311752580294	0.00587107913187	0.00681751691299	-0.0421955061989	0.0430101427275	0.0128562124067	-0.0137457208177	0.00209585981119	-0.0194728046387	0.013521542302	0.0140792381809	-0.0159819157299	-0.0453893621649	0.035155828923	0.00150304717882	-0.0117533753094	0.0448704526432	-0.0373570170401	1.0	0.0312341229442	-0.00256677990113	-0.0136684908473	0.0476957794189	-0.0162113178369	-0.00919085566515	-0.0233529950234	-0.0136239951788	-0.0135035906996	0.0119818148034	-0.0170401047224	0.0148338380278	-0.0388781370784	-0.00724350575462	0.0421872170295	-0.0251149474122	0.0257462107626	-0.0500274436953	0.0159325080788	-0.0158530854413	0.0224522861917	-0.0384122421853	0.0317603726942	-0.0288840801567	-0.00528634391889	-0.00108596399545	-0.0646737398467	0.0359316337792	0.0206091547548	0.051476068053	0.00033045199869	-0.0148440128656	-0.0114047953807	-0.00133781488915	0.00325829965391	0.00627548597784	-0.0166721696833	-0.0116066959878	-0.00970321566889	-0.0174371440611
k__Bacteria;p__Bacteroidetes;c__Bacteroidia;o__Bacteroidales;f__Odoribacteraceae;g__Odoribacter;s__Odoribacter_splanchnicus	0.0475872527356	0.0332554881879	-0.0200618351822	-0.0178071625265	0.0079654522068	-0.0053935169935	0.0101899798078	0.0391918470126	0.00340842331515	-0.00349180765057	-0.0662336065318	-0.0380786078798	-0.0494451068096	-0.0264449339032	0.0228467834521	-0.015000850243	-0.0221424979019	0.0227554585527	0.0312341229442	1.0	0.056279021696	-0.0137275299262	-0.0339979955877	-0.00506614150549	-0.0228631607501	0.0487571064451	0.0182469806415	-0.0577151941753	-0.0144424091387	0.00296450100921	0.0279849625387	-0.0534951316585	-0.00207016671132	0.0697692646755	-0.00147506306289	-0.0012592970878	-0.0254228162621	-0.00611874763508	-0.041045934792	0.0141617387082	0.017361066092	-0.0148223559017	0.00565162955367	0.0223034059122	0.00757500849389	-0.0495443994074	-0.0590819904791	-0.025551268785	-0.00314799257839	-0.0127408086605	-0.0401310501841	-0.0126597332348	-0.0138425896096	-0.0172196199464	0.0405666960226	-0.0114570394838	0.0130988075143	-0.0236557390741	-0.0403490362564
k__Bacteria;p__Bacteroidetes;c__Bacteroidia;o__Bacteroidales;f__Bacteroidaceae;g__Bacteroides;s__Bacteroides_salyersiae	0.0217468531626	-0.0328104643216	0.00811935690154	0.0314396874914	0.0140768591075	-0.0026926083515	0.0201697517856	-0.0208356385636	-0.0165265060918	0.00748601044236	0.00998058225283	0.0160479476868	-0.0843654930969	0.0217786734855	0.0273343032838	-0.0175353158324	-0.0241876007623	-0.00144850283912	-0.00256677990113	0.056279021696	1.0	0.00600893021614	0.0126391052324	-0.0378400425175	0.023493424308	-0.039030164742	0.0231603873362	-0.0736328588282	0.0442302295434	-0.00855547433986	-0.0215595115093	-0.0176499369963	-0.0407800306181	-0.0240442457365	-0.00520407476392	-0.0222738160363	0.0548270829278	-0.0123257083119	0.0171907609436	0.0151451604963	0.00711787896633	0.0176302284799	-0.0732642123425	-0.0427512677866	-0.0242062260588	-0.074481087105	-0.00944510508469	-0.0403332542472	0.00386458688137	0.00908886613767	-0.00410919886031	0.0468127939181	-0.0270381434964	0.00604615443972	-0.0470404324455	0.00807818959372	-0.00698852849644	-0.0137076494921	0.0335107048457
k__Bacteria;p__Firmicutes;c__Clostridia;o__Clostridiales;f__Ruminococcaceae;g__Ruminiclostridium;s__[Eubacterium]_siraeum	-0.00547795515509	-0.0159480496882	-0.046051518407	0.0108348099965	0.009488500912	0.0122788599619	0.00843029289305	0.00549100270792	-0.0107409655294	-0.0174514845682	0.0214991034408	0.00232464572427	0.0758094654686	0.0426701967441	-0.0254648291891	-0.0160471285956	-0.014298009832	0.00496623661022	-0.0136684908473	-0.0137275299262	0.00600893021614	1.0	0.00355627001111	0.0270281396412	0.00577633201697	0.0203746601652	0.0110905527321	0.0334230380287	0.00775671438309	-0.00372953686292	-0.0541012728707	0.0432011288279	-0.025907291842	0.00801893448129	-0.0408721387956	0.0341144381007	-0.0388547458601	-0.0388250045895	0.0156270184394	-0.034935725822	0.0250566197532	-0.0327180978127	-0.0106273261599	-0.0104782140455	-0.0689241640822	-0.0945829347668	-0.0486417337074	0.0580046365528	0.00992075631851	0.0303541899762	-0.0122625268942	-0.0549459409579	-0.0221195242824	0.0168117628193	-0.0193533673547	-0.0165295259585	0.0154321121802	-0.0685036175324	-0.00157538650001
k__Bacteria;p__Proteobacteria;c__Betaproteobacteria;o__Burkholderiales;f__Sutterellaceae;g__Parasutterella;s__Parasutterella_excrementihominis	0.00186990278563	-0.0222166072861	-0.00708483039651	-0.0286254291738	0.0529948431146	-0.0326738417336	-0.0139438750356	-0.0355766878808	0.00553785359908	-0.0194204943017	-0.0272522679182	-0.0163089694208	-0.01224328771	0.0595978302057	-0.0492465124647	-0.0195149605915	-0.0035311557029	0.0277959186689	0.0476957794189	-0.0339979955877	0.0126391052324	0.00355627001111	1.0	0.0234773702517	-0.0682575805697	0.00750044594	0.0104339292482	0.00227071347886	0.0051218191071	-0.0338780611565	-0.0529479970618	0.0266704819125	-0.0338644475761	0.0120234527377	0.0403540426724	0.0362623481574	-0.0298175727326	0.0439247937278	0.0197507950511	-0.0534021408445	-0.0157315544425	-0.0510088934509	0.00269430361237	0.00496846508186	0.0223642298494	-0.019919915352	-0.0267665303549	-0.00188500874943	-0.0395555236247	0.0727876744351	-0.0263268235857	-0.0437632075849	-0.079672358421	0.00713359076539	-0.0209741631157	-0.0100030774764	0.0166813282121	-0.0313023334494	0.0311871156311
k__Bacteria;p__Actinobacteria;c__Actinobacteria;o__Bifidobacteriales;f__Bifidobacteriaceae;g__Bifidobacterium;s__Bifidobacterium_adolescentis	-0.0276183963679	-0.0148336702088	0.017633980112	0.038991700019	0.0437004544888	0.00809718502285	-0.0209835738066	-0.0515986807532	0.0435271580631	-0.0177471163102	-0.0325542660488	-0.0237075480723	-0.0559880141834	0.0109114069657	0.00494108272974	-0.0313885845626	0.0476157115761	-0.0488421730579	-0.0162113178369	-0.00506614150549	-0.0378400425175	0.0270281396412	0.0234773702517	1.0	0.0132346298726	0.0207344778114	0.030158992757	0.0418422094281	-0.0275136606246	0.0109975637886	-0.0331803677637	-0.0162613567158	-0.0486600823371	-0.0369517167477	-0.0359646810828	-0.017782273481	0.0743570289757	0.0320784259285	-0.09110388423	0.0256043696174	0.00797841989365	-0.0394080007601	-0.0438040011285	-0.0534513434248	-0.00976892828727	0.0343630341022	0.0639511750053	-0.0326228453145	-0.0309088159756	-0.0351954786984	-0.0130200264219	-0.0321253485892	-0.014076835495	0.0241963098258	0.0337111392672	-0.0116824050091	-0.0101382564413	0.0208058585662	0.0411438281589
k__Bacteria;p__Firmicutes;c__Clostridia;o__Clostridiales;f__Oscillospiraceae;g__Oscillibacter;s__Oscillibacter_sp._KLE_1745	-0.0713997531779	-0.00445272893325	-0.0609243845233	0.0353753493561	-0.024952652929	-0.00460252510467	0.0481834938052	0.0146015005059	-0.0206360214266	-0.0628202390441	0.0732186014917	-0.057197110485	-0.0883229637983	0.0446226569841	0.0226457495688	-0.0269628979507	-0.00161251360224	-0.0193897743646	-0.00919085566515	-0.0228631607501	0.023493424308	0.00577633201697	-0.0682575805697	0.0132346298726	1.0	-0.00317017114072	0.0461609392179	-0.0360957774464	0.0105813375252	0.0092133383093	-0.0745947094697	-0.0372001927568	0.0189416768516	-0.0227943163404	-0.0127366549694	-0.00411181910854	-0.00685090220733	-0.000340984246075	0.00183240136625	-0.0658827821239	0.0117225507107	0.0454537327647	-0.0166463412504	0.0261054682897	0.0699751553379	-0.00559446323809	0.0569546805082	0.00500745288944	0.0197352478063	-0.0145869407014	-0.037142174784	-0.0245438741001	0.00565375857695	-0.0118169492961	-0.034764677632	-0.0602848601169	0.0226604556033	-0.0165643574669	-0.0363964857301
k__Bacteria;p__Bacteroidetes;c__Bacteroidia;o__Bacteroidales;f__Bacteroidaceae;g__Bacteroides;s__Bacteroides_coprophilus	0.020397749533	0.011047115707	-0.0204380430522	0.0238264964789	-0.00342809213053	-0.0653057774618	-0.0333616625009	-0.0418747715446	0.00200160051808	0.0221437887766	-0.0633323968323	-0.00399412383305	-0.00442031071104	-0.02247247036	-0.0242820623524	0.0364519878368	0.0323598608346	0.0471906843578	-0.0233529950234	0.0487571064451	-0.039030164742	0.0203746601652	0.00750044594	0.0207344778114	-0.00317017114072	1.0	-0.0323004819552	0.0192143267153	-0.0205338030002	0.0553462446333	-0.00601264851557	0.0231317917395	0.0371991213094	-0.0419558809722	0.0394029281826	-0.0188202321013	-0.0334446348601	-0.0490793368949	0.0385584066552	0.0110353466807	-0.0208314406412	-0.0335564945631	-0.0106136888615	0.0248628054831	0.0232823896941	-0.0382864956525	-0.0233103613408	-0.0376757642461	0.0105958497547	0.030156043425	-0.00392118920835	0.00025944768511	0.0222264213816	-0.00111373033208	0.00120776824813	-0.0567020027196	-0.0108831979309	-0.00973218835819	-0.0253795675784
k__Bacteria;p__Firmicutes;c__Clostridia;o__Clostridiales;f__Lachnospiraceae;g__Roseburia;s__Roseburia_intestinalis	0.000453644734619	-0.0289158560793	0.0620785832698	-0.0409321058694	-0.0673783006145	0.00111413053989	0.0382450044093	0.0220827391864	-0.0515801444724	-0.0405574962805	-0.0224795586381	0.0225101536162	0.000786623093859	0.0291742029128	0.00996138985968	-0.0158592918571	-0.0379670100237	-0.0474993332793	-0.0136239951788	0.0182469806415	0.0231603873362	0.0110905527321	0.0104339292482	0.030158992757	0.0461609392179	-0.0323004819552	1.0	-0.00366990447094	-0.023384524827	-0.0534455890039	-0.0683802319509	-0.0282110630935	-0.0685118410512	0.00308321253359	0.000757388996282	-0.00158879950056	-0.00166302481378	0.0483376497887	-0.0413977709255	-0.0176161918896	-0.0174755940382	-0.0285812289272	-0.0208692730623	-0.01461602922	-0.0156771743478	-0.0391058934566	0.00553171639778	0.0066738291917	0.01170060841	0.00314520010778	-0.014251406232	0.0183105575655	-0.0019159922017	0.0413590063307	0.00616685217727	-0.0402131207432	-0.0688466867483	0.0456250921212	-0.0367457762648
k__Bacteria;p__Firmicutes;c__Clostridia;o__Clostridiales;f__Lachnospiraceae;g__Roseburia;s__Roseburia_hominis	-0.05051053626	-0.0238493664141	-0.0171865921767	0.00364653385582	-0.0427197565256	0.0428168671915	0.0149384059528	-0.00114516021758	-0.00828422497797	-0.0641360808027	0.0507692760918	0.017999520014	-0.00176745841623	0.0247462185525	-0.037388541858	0.0295147825444	0.015198743406	-0.0111507384596	-0.0135035906996	-0.0577151941753	-0.0736328588282	0.0334230380287	0.00227071347886	0.0418422094281	-0.0360957774464	0.0192143267153	-0.00366990447094	1.0	-0.0383116904091	0.0177247511063	-0.0015263940707	0.0573994692034	-0.0430825834391	-0.016155415035	-0.0232630318047	-0.036948577795	-0.0119998873017	0.0176005607541	-0.0472509135435	0.0379043998974	0.00963328636997	0.0492679353127	0.00895269792075	0.0228406495126	-0.032806281836	0.00158344709733	-0.00577738396946	-0.0267759977159	0.0370088998703	0.015993382786	-0.00657788555327	-0.0349742976951	0.0168418141539	-0.0658502163704	-0.067129663073	0.0574726612453	0.00215359327535	0.0298698670302	0.0214430176678
k__Bacteria;p__Bacteroidetes;c__Bacteroidia;o__Bacteroidales;f__Porphyromonadaceae;g__Parabacteroides;s__Parabacteroides_johnsonii	-0.0204278657096	0.0287024763	0.0432142600595	-0.0374545803258	-0.0395097569903	-0.00929479046663	-0.0621757064193	0.0287760250933	-0.0242836603208	-0.028524506837	-0.00988348003447	-0.0461280120297	-0.0682148340279	-0.0449498877914	-0.0318590195384	0.0248996236142	-0.019401126857	0.0047995111613	0.0119818148034	-0.0144424091387	0.0442302295434	0.00775671438309	0.0051218191071	-0.0275136606246	0.0105813375252	-0.0205338030002	-0.023384524827	-0.0383116904091	1.0	-0.0147804751874	0.0728371328047	-0.0249578113165	0.0087663853885	-0.0660239656478	-0.0200678516684	0.0232682632517	-0.0250198062251	-0.000416785849788	-0.00107250108267	0.0629025771882	0.0430769919165	0.0112887906205	-0.00358382747445	-0.0429159836647	-0.0710558855263	0.0382086023518	-0.0524791360638	-0.00714385254082	0.0369958529552	0.00916152298426	-0.0543173281826	-0.00994218013842	0.0517821034666	0.0682145226773	-0.0206246981664	-0.0375939305362	0.0162488823735	-0.0228166512471	-0.0347475734215
k__Bacteria;p__Actinobacteria;c__Actinobacteria;o__Bifidobacteriales;f__Bifidobacteriaceae;g__Bifidobacterium;s__Bifidobacterium_longum	0.0109188405155	0.0154718644648	-0.0356067953678	-0.0524889879507	0.019376740873	-0.00340119141162	0.0344748396167	-0.0417239692507	-0.0269969139714	0.00912436774969	-0.00536857082014	0.0791014911896	0.0418995457133	0.0512115462182	-0.00906361072232	-0.00187704798604	0.00766447131756	-0.00268336007781	-0.0170401047224	0.00296450100921	-0.00855547433986	-0.00372953686292	-0.0338780611565	0.0109975637886	0.0092133383093	0.0553462446333	-0.0534455890039	0.0177247511063	-0.0147804751874	1.0	-0.0219424171165	-0.0490479849827	-0.00322164885873	-0.000481032333285	0.000486701164106	-0.0273237195481	-0.0420793049865	-0.0253587834438	0.0277187356835	-0.0378233799445	-0.00483888037409	0.0217824787711	0.00675519729951	-0.00803081805303	0.000107752761065	-0.0103156066554	-0.00937991485462	0.00298116391487	-0.0160433219516	-0.0170233770862	0.0162843394613	-0.0174413339793	-0.0173182422603	-0.0706012828994	0.0077086500266	0.0282795432242	-0.0167083485151	0.0199819664544	0.0399793103103
