#taxonomy	k__Bacteria;p__Bacteroidetes;c__Bacteroidia;o__Bacteroidales;f__Bacteroidaceae;g__Bacteroides;s__Bacteroides_vulgatus	k__Bacteria;p__Bacteroidetes;c__Bacteroidia;o__Bacteroidales;f__Bacteroidaceae;g__Bacteroides;s__Bacteroides_uniformis	k__Bacteria;p__Bacteroidetes;c__Bacteroidia;o__Bacteroidales;f__Rikenellaceae;g__Alistipes;s__Alistipes_putredinis	k__Bacteria;p__Bacteroidetes;c__Bacteroidia;o__Bacteroidales;f__Prevotellaceae;g__Prevotella;s__Prevotella_copri	k__Bacteria;p__Bacteroidetes;c__Bacteroidia;o__Bacteroidales;f__Bacteroidaceae;g__Bacteroides;s__Bacteroides_stercoris	k__Bacteria;p__Bacteroidetes;c__Bacteroidia;o__Bacteroidales;f__Bacteroidaceae;g__Bacteroides;s__Bacteroides_ovatus	k__Bacteria;p__Bacteroidetes;c__Bacteroidia;o__Bacteroidales;f__Rikenellaceae;g__Alistipes;s__Alistipes_shahii	k__Bacteria;p__Firmicutes;c__Clostridia;o__Clostridiales;f__Ruminococcaceae;g__Faecalibacterium;s__Faecalibacterium_prausnitzii	k__Bacteria;p__Bacteroidetes;c__Bacteroidia;o__Bacteroidales;f__Rikenellaceae;g__Alistipes;s__Alistipes_finegoldii	k__Bacteria;p__Bacteroidetes;c__Bacteroidia;o__Bacteroidales;f__Porphyromonadaceae;g__Parabacteroides;s__Parabacteroides_distasonis	k__Bacteria;p__Bacteroidetes;c__Bacteroidia;o__Bacteroidales;f__Bacteroidaceae;g__Bacteroides;s__Bacteroides_thetaiotaomicron	k__Bacteria;p__Bacteroidetes;c__Bacteroidia;o__Bacteroidales;f__Bacteroidaceae;g__Bacteroides;s__Bacteroides_coprocola	k__Bacteria;p__Bacteroidetes;c__Bacteroidia;o__Bacteroidales;f__Bacteroidaceae;g__Bacteroides;s__Bacteroides_cellulosilyticus	k__Bacteria;p__Bacteroidetes;c__Bacteroidia;o__Bacteroidales;f__Rikenellaceae;g__Alistipes;s__Alistipes_obesi	k__Bacteria;p__Firmicutes;c__Clostridia;o__Clostridiales;f__Lachnospiraceae;g__;s__[Eubacterium]_rectale	k__Bacteria;p__Bacteroidetes;c__Bacteroidia;o__Bacteroidales;f__Bacteroidaceae;g__Bacteroides;s__Bacteroides_plebeius	k__Bacteria;p__Bacteroidetes;c__Bacteroidia;o__Bacteroidales;f__Bacteroidaceae;g__Bacteroides;s__Bacteroides_fragilis	k__Bacteria;p__Proteobacteria;c__Betaproteobacteria;o__Burkholderiales;f__Sutterellaceae;g__Sutterella;s__Sutterella_wadsworthensis	k__Bacteria;p__Bacteroidetes;c__Bacteroidia;o__Bacteroidales;f__Porphyromonadaceae;g__Barnesiella;s__Barnesiella_intestinihominis	k__Bacteria;p__Bacteroidetes;c__Bacteroidia;o__Bacteroidales;f__Odoribacteraceae;g__Odoribacter;s__Odoribacter_splanchnicus	k__Bacteria;p__Bacteroidetes;c__Bacteroidia;o__Bacteroidales;f__Bacteroidaceae;g__Bacteroides;s__Bacteroides_salyersiae	k__Bacteria;p__Firmicutes;c__Clostridia;o__Clostridiales;f__Ruminococcaceae;g__Ruminiclostridium;s__[Eubacterium]_siraeum	k__Bacteria;p__Proteobacteria;c__Betaproteobacteria;o__Burkholderiales;f__Sutterellaceae;g__Parasutterella;s__Parasutterella_excrementihominis	k__Bacteria;p__Actinobacteria;c__Actinobacteria;o__Bifidobacteriales;f__Bifidobacteriaceae;g__Bifidobacterium;s__Bifidobacterium_adolescentis	k__Bacteria;p__Firmicutes;c__Clostridia;o__Clostridiales;f__Oscillospiraceae;g__Oscillibacter;s__Oscillibacter_sp._KLE_1745	k__Bacteria;p__Bacteroidetes;c__Bacteroidia;o__Bacteroidales;f__Bacteroidaceae;g__Bacteroides;s__Bacteroides_coprophilus	k__Bacteria;p__Firmicutes;c__Clostridia;o__Clostridiales;f__Lachnospiraceae;g__Roseburia;s__Roseburia_intestinalis	k__Bacteria;p__Firmicutes;c__Clostridia;o__Clostridiales;f__Lachnospiraceae;g__Roseburia;s__Roseburia_hominis	k__Bacteria;p__Bacteroidetes;c__Bacteroidia;o__Bacteroidales;f__Porphyromonadaceae;g__Parabacteroides;s__Parabacteroides_johnsonii	k__Bacteria;p__Actinobacteria;c__Actinobacteria;o__Bifidobacteriales;f__Bifidobacteriaceae;g__Bifidobacterium;s__Bifidobacterium_longum	k__Bacteria;p__Firmicutes;c__Clostridia;o__Clostridiales;f__;g__Flavonifractor;s__Flavonifractor_plautii	k__Bacteria;p__Firmicutes;c__Clostridia;o__Clostridiales;f__Clostridiaceae;g__Clostridium;s__Clostridium_phoceensis	k__Bacteria;p__Verrucomicrobia;c__Verrucomicrobiae;o__Verrucomicrobiales;f__Akkermansiaceae;g__Akkermansia;s__Akkermansia_muciniphila	k__Bacteria;p__Bacteroidetes;c__Bacteroidia;o__Bacteroidales;f__Prevotellaceae;g__Paraprevotella;s__Paraprevotella_xylaniphila	k__Bacteria;p__Firmicutes;c__Clostridia;o__Clostridiales;f__Ruminococcaceae;g__Ruminococcus;s__Ruminococcus_callidus	k__Bacteria;p__Bacteroidetes;c__Bacteroidia;o__Bacteroidales;f__Rikenellaceae;g__Alistipes;s__Alistipes_senegalensis	k__Bacteria;p__Firmicutes;c__Clostridia;o__Clostridiales;f__Lachnospiraceae;g__Blautia;s__Blautia_sp._KLE_1732	k__Bacteria;p__Bacteroidetes;c__Bacteroidia;o__Bacteroidales;f__Bacteroidaceae;g__Bacteroides;s__Bacteroides_oleiciplenus	k__Bacteria;p__Firmicutes;c__Clostridia;o__Clostridiales;f__Ruminococcaceae;g__Ruminococcus;s__Ruminococcus_bicirculans	k__Bacteria;p__Bacteroidetes;c__Bacteroidia;o__Bacteroidales;f__Bacteroidaceae;g__Bacteroides;s__Bacteroides_fluxus	k__Bacteria;p__Bacteroidetes;c__Bacteroidia;o__Bacteroidales;f__Prevotellaceae;g__Prevotella;s__Prevotella_stercorea	k__Bacteria;p__Firmicutes;c__Clostridia;o__Clostridiales;f__Lachnospiraceae;g__Dorea;s__Dorea_longicatena	k__Bacteria;p__Firmicutes;c__Clostridia;o__Clostridiales;f__Eubacteriaceae;g__Eubacterium;s__[Eubacterium]_eligens	k__Bacteria;p__Firmicutes;c__Clostridia;o__Clostridiales;f__Ruminococcaceae;g__;s__Ruminococcaceae_bacterium_D16	k__Bacteria;p__Firmicutes;c__Clostridia;o__Clostridiales;f__Lachnospiraceae;g__Coprococcus;s__Coprococcus_comes	k__Bacteria;p__Proteobacteria;c__Gammaproteobacteria;o__Enterobacterales;f__Enterobacteriaceae;g__Escherichia;s__Escherichia_coli	k__Bacteria;p__Firmicutes;c__Clostridia;o__Clostridiales;f__Ruminococcaceae;g__Anaerotruncus;s__Anaerotruncus_colihominis	k__Bacteria;p__Firmicutes;c__Clostridia;o__Clostridiales;f__Lachnospiraceae;g__Blautia;s__Blautia_obeum	k__Bacteria;p__Bacteroidetes;c__Bacteroidia;o__Bacteroidales;f__Odoribacteraceae;g__Odoribacter;s__Odoribacter_laneus	k__Bacteria;p__Firmicutes;c__Clostridia;o__Clostridiales;f__Ruminococcaceae;g__Ruminiclostridium;s__[Clostridium]_leptum	k__Bacteria;p__Bacteroidetes;c__Bacteroidia;o__Bacteroidales;f__Porphyromonadaceae;g__Parabacteroides;s__Parabacteroides_goldsteinii	k__Bacteria;p__Firmicutes;c__Clostridia;o__Clostridiales;f__Lachnospiraceae;g__Anaerostipes;s__Anaerostipes_hadrus	k__Bacteria;p__Firmicutes;c__Clostridia;o__Clostridiales;f__Ruminococcaceae;g__Ruminococcus;s__Ruminococcus_lactaris	k__Bacteria;p__Firmicutes;c__Clostridia;o__Clostridiales;f__Clostridiaceae;g__Clostridium;s__Clostridium_sp._L2-50	k__Bacteria;p__Firmicutes;c__Clostridia;o__Clostridiales;f__Clostridiaceae;g__Clostridium;s__Clostridium_sp._M62/1	k__Bacteria;p__Firmicutes;c__Clostridia;o__Clostridiales;f__;g__Intestinimonas;s__Intestinimonas_butyriciproducens	k__Bacteria;p__Actinobacteria;c__Actinobacteria;o__Bifidobacteriales;f__Bifidobacteriaceae;g__Bifidobacterium;s__Bifidobacterium_bifidum	k__Bacteria;p__Firmicutes;c__Negativicutes;o__Veillonellales;f__Veillonellaceae;g__Dialister;s__Dialister_invisus	k__Bacteria;p__Bacteroidetes;c__Bacteroidia;o__Bacteroidales;f__Bacteroidaceae;g__Bacteroides;s__Bacteroides_salanitronis
k__Bacteria;p__Bacteroidetes;c__Bacteroidia;o__Bacteroidales;f__Bacteroidaceae;g__Bacteroides;s__Bacteroides_vulgatus	1.0	0.019850285947	-0.0379224999784	-0.014343824267	0.00943241210173	-0.0647361612228	-0.00978536314598	-0.00400221205761	0.0176486675481	-0.0207276348012	0.00405063454796	-0.0131494492626	-0.00689114920581	-0.0775125837429	-0.027221248477	-0.0216912716273	-0.0162308486685	0.00503901327078	0.0213008946129	-0.0210815624348	-0.0301975126272	-0.0103518521275	-0.00759210717215	0.0105510437893	-0.00209411230339	0.0549339967906	-0.0791149844517	-0.0263703425006	-0.0362201676819	0.0357326601179	-0.00914042026544	-0.0219078972699	0.00266710931698	1.63024584742e-05	0.00885304843362	-0.0430400512047	0.0364156542149	-0.00145559960614	0.0186459182077	0.00541298079039	0.000485647298312	-0.0161480604542	0.00559013311327	-0.0137223061537	0.0534497077747	-0.0341288813701	-0.0260052818291	0.012168272628	0.0490497498734	0.0660231407548	0.002506601722	-0.0480895315853	-0.00299913862237	-0.0374902127554	-0.00236447434115	0.0105470189747	-0.0264958638738	0.00935899023353	-0.00392843517425
k__Bacteria;p__Bacteroidetes;c__Bacteroidia;o__Bacteroidales;f__Bacteroidaceae;g__Bacteroides;s__Bacteroides_uniformis	0.019850285947	1.0	-0.0172264102168	0.0261830304562	0.0239549516079	-0.0618367307896	-0.00539374549209	0.021475339932	-0.0305958422355	0.0369902559056	0.0257679892633	-0.013692035434	-0.0602388802318	0.0279508386265	-0.0572149483961	-0.00937713654705	0.031106399858	0.0482613905422	-0.0748994215122	0.0252055703674	-0.0398516979017	-0.0581515022331	0.0187690568913	-0.0409366279441	-0.0336227470031	-0.121205170613	0.00966915390176	-0.00402479067061	-0.0163486196025	0.0380412447102	0.00957732265665	0.0162476579014	-0.014416083115	-0.0184399159186	-0.017630730466	-0.0215244661942	0.0359084575826	0.00590169236361	-0.0215583182562	0.0472691896188	0.0106773763665	-0.0215516884865	0.0313402249732	0.0132512830793	0.0274216595011	-0.0219475159668	0.0192253209741	-0.00330485085296	-0.0112595323616	-0.0178568611675	-0.03661045224	0.00287967067758	-0.0866792635438	0.0327811881856	0.0229147116521	0.000895683238601	0.00888061727129	0.0242343893857	-0.0242561694768
k__Bacteria;p__Bacteroidetes;c__Bacteroidia;o__Bacteroidales;f__Rikenellaceae;g__Alistipes;s__Alistipes_putredinis	-0.0379224999784	-0.0172264102168	1.0	-0.00970206197772	-0.00655279718792	0.0172056375643	-0.0554803181574	0.0226963317045	0.000300116711122	0.00501039317962	0.0153144480807	-0.0104472904276	-0.0364385708254	0.000316227933881	0.0178176895399	0.0244060562164	0.0438910506049	-0.073730937898	0.034905182721	-0.00177087857371	-0.0392642713565	-0.0298712772692	-0.015894256669	0.000929197214337	0.0673322699593	-0.0490868555978	0.0578189908655	-0.0230247667734	-0.011049353809	-0.000335747677665	-0.0166430098757	-0.0459052326884	-0.00752626275663	0.0205315435036	0.0335023770707	0.0184849252167	-0.0615700433507	-0.00547869550402	0.015805903503	-0.0412087745423	-0.0367063160783	0.0108545723985	-0.0193970797033	0.0618588921921	0.00900232646689	0.0356503355099	0.0658511776275	0.0312602015111	-0.0428175619702	-0.0163369685724	-0.0155664430341	-0.0164798545286	-0.0343168191515	-0.00316394206612	-0.0274576750971	0.0243430450747	-0.0321221345774	0.00614655465751	-0.0247259976122
k__Bacteria;p__Bacteroidetes;c__Bacteroidia;o__Bacteroidales;f__Prevotellaceae;g__Prevotella;s__Prevotella_copri	-0.014343824267	0.0261830304562	-0.00970206197772	1.0	-0.0380719018576	-0.0108636248591	-0.0307062612627	-0.0116785881419	-0.0316114843137	-0.0136314349751	0.0166208736427	-0.0487848605085	-0.00640772057275	-0.0135776699856	-0.0124186928392	-0.0181226478055	0.0151975496503	-0.0463345620284	0.0299133279307	-0.0154520401427	-0.00182876816302	0.00607321124345	0.0255262649907	-0.0531702567178	-0.00256300769859	0.0162906965835	-0.0165219868751	0.0116939166715	-0.00070748438828	0.0063077192318	-0.0502350247053	-0.0399285967762	-0.0190121459277	0.00565589835654	-0.0307932154966	-0.0126869632526	-0.0114789483277	0.00384829127359	0.034392354623	-0.0143884418141	-0.00994032624411	-0.0250790383773	0.0189655288381	-0.00244525486356	-0.0672245348962	0.0172426258081	-0.0396181289816	0.00310214696458	-0.0241296634986	0.0732242318315	0.0031713296819	-0.0663594806455	0.0380041158969	0.0135757422897	-0.0122692678062	-0.0146289869853	0.0309528576411	0.0260887757641	-0.0526532132002
k__Bacteria;p__Bacteroidetes;c__Bacteroidia;o__Bacteroidales;f__Bacteroidaceae;g__Bacteroides;s__Bacteroides_stercoris	0.00943241210173	0.0239549516079	-0.00655279718792	-0.0380719018576	1.0	0.0453583362021	-0.0454211851899	-0.00426140392731	0.00717332891592	0.018248070679	0.0343619240775	-0.0439863503452	-0.0263002411215	0.00988397722015	0.00445463542296	0.0216892498552	0.0156835234694	0.00544318618987	0.02359331259	-0.0708093801532	-0.0333198115701	-0.0107223860401	-0.0271868505486	0.019026253575	0.0218991868209	0.0411908607976	0.00448354343235	0.0346452772438	0.00337616357312	0.0433896013654	0.0394253117736	-0.0737759370994	-0.0373565515271	0.0774898590509	-0.0429534183601	-0.0325116614592	-0.0558980580642	0.00396799348447	-0.0118353971311	0.0384748918385	-0.0049539931434	-0.00926170400394	-0.0311706692827	0.0325452971629	-0.027748713807	0.0105205499532	0.0146138702517	-0.0326745625993	0.0231892225922	0.0529048290139	-0.0226897871449	0.0321542759568	-0.0191594595124	0.00963870142281	0.00392801643658	0.00420264975974	-0.0105753580677	-0.0397588702924	-0.0235069180298
k__Bacteria;p__Bacteroidetes;c__Bacteroidia;o__Bacteroidales;f__Bacteroidaceae;g__Bacteroides;s__Bacteroides_ovatus	-0.0647361612228	-0.0618367307896	0.0172056375643	-0.0108636248591	0.0453583362021	1.0	-0.0210301201503	-0.00271306781584	0.0286670835826	0.0125307792618	-0.0423952021057	-0.0177905923523	-0.0409240572033	0.0162458993641	0.0184918872852	-0.0203619846501	0.0490283896129	0.00963838689715	-0.0221932781585	0.0202597001839	-0.00252125060493	-0.0404039106625	-0.048357127673	-0.0566046641734	0.049546457669	-0.00757464561946	0.0449619535478	0.00913226830096	-0.00529888670391	0.0744859991165	0.0575679808213	0.0217692848974	-0.0464589528091	-0.0108993281947	-0.0416437507463	0.00585331686733	-0.00366145519911	0.0145204967239	0.0214908570726	-0.0245480057634	-0.0600730064035	-0.00283538820914	-0.032267281486	0.0441762522444	-0.0142575916619	-0.0314125302705	0.0423407506485	-0.0960737430629	-0.011911123996	-0.0213197018543	0.0300410449162	0.0174368043466	-0.0331921415954	0.0353877510814	-0.0271719221186	-0.0345714744501	0.0395416307579	-0.0440376997239	-0.0102295177376
k__Bacteria;p__Bacteroidetes;c__Bacteroidia;o__Bacteroidales;f__Rikenellaceae;g__Alistipes;s__Alistipes_shahii	-0.00978536314598	-0.00539374549209	-0.0554803181574	-0.0307062612627	-0.0454211851899	-0.0210301201503	1.0	-0.0246651569947	-0.0626340614454	-0.0194207229473	0.0588719298831	0.0222976342701	0.000569817381493	0.00653660603917	0.0145819625927	-0.0195242367178	0.0132801889872	0.0150033567331	-0.0315499207015	0.00136746483279	0.0059295096795	-0.0462378750398	-0.0134970579979	-0.0397548464368	-0.0758619560739	-0.012788101463	-0.0681771300842	-0.0296014808296	0.0374546658576	0.0348625165905	-0.0202276482545	0.0514685624542	-0.0444284758032	0.0444176485551	0.02450043531	-0.0309947092049	0.0610771635094	-0.0633441901842	-0.0681521711005	-0.00739324580658	-0.0118979218009	0.0170559455427	-0.0461741392147	-0.0973739586188	0.0419739183006	-0.0154325583729	-0.0197280752437	0.0170846331785	-0.0438935653328	-0.0557957259647	0.0128692287645	-0.00667043385208	-0.0151696000762	-0.0255111362253	0.00726094494457	-0.0269743947239	-0.0406510155926	0.0510204743599	0.0296527997295
k__Bacteria;p__Firmicutes;c__Clostridia;o__Clostridiales;f__Ruminococcaceae;g__Faecalibacterium;s__Faecalibacterium_prausnitzii	-0.00400221205761	0.021475339932	0.0226963317045	-0.0116785881419	-0.00426140392731	-0.00271306781584	-0.0246651569947	1.0	-0.041187381576	-0.0243329524573	0.00523397435793	-0.00680119250376	0.0132461645232	-0.0465999806907	-0.0385318949224	0.0219800512384	-0.0176504723132	0.0320870462544	-0.00832243069491	-0.0206774322399	-0.0567576871397	-0.0360405078362	-0.0324781653942	-0.0132145125822	0.0217212066556	-0.0227081966535	0.0821817685915	-0.00973070748389	-0.0207543123172	-0.0171731257803	-0.0141252219705	0.00447999576321	-0.0292499938507	0.00313365295767	-0.0674722418936	-0.0406153045413	-0.0350699929129	0.0156566173714	0.027993735897	-0.0269335883094	-0.0155716262211	-0.01205000909	0.00764211765472	-0.0129639566513	-0.0120057720676	-0.0383064841345	0.0272368937325	-0.021591819788	-0.0167278409721	-0.0263736364761	0.0407007862693	0.0571148628545	0.0244578664732	-0.0013468972978	0.0226070129124	0.0100225117477	0.0102696203362	0.058771770422	-0.00708310684028
k__Bacteria;p__Bacteroidetes;c__Bacteroidia;o__Bacteroidales;f__Rikenellaceae;g__Alistipes;s__Alistipes_finegoldii	0.0176486675481	-0.0305958422355	0.000300116711122	-0.0316114843137	0.00717332891592	0.0286670835826	-0.0626340614454	-0.041187381576	1.0	-0.0201216006839	0.0546557095672	-0.00481290455511	0.00431707193889	0.0145996879668	0.0512481911227	0.0242612224079	-0.0101476721803	-0.0264372635396	0.00664845264085	0.024430568277	0.00832798258207	0.00494228813377	0.0251826805816	0.0824318986478	-0.0510090682657	-0.00770601727833	-0.00819213286023	0.00584278066254	-0.0192648392005	-0.023264665309	-0.0411412234677	0.077257023359	7.28077776818e-05	-0.0685071962201	0.0789606172633	-7.66602882182e-05	-0.00216717766362	0.0033129601699	-0.00828750756082	-0.0201619613166	-0.0245646681795	-0.0454048686877	0.0414318913133	-0.0251967722497	0.0142288305526	0.00958976609166	0.00532277581414	0.018243733032	0.0200535724654	-0.0156847763906	0.00103510556689	-0.0248424075176	0.0134915005099	0.0210246630829	0.00310190201617	0.0480246520486	-0.00641361471414	-0.0560531124917	-0.0221419941982
k__Bacteria;p__Bacteroidetes;c__Bacteroidia;o__Bacteroidales;f__Porphyromonadaceae;g__Parabacteroides;s__Parabacteroides_distasonis	-0.0207276348012	0.0369902559056	0.00501039317962	-0.0136314349751	0.018248070679	0.0125307792618	-0.0194207229473	-0.0243329524573	-0.0201216006839	1.0	-0.0472352375794	0.0109432129644	-0.00493705306771	-0.0400486288637	-0.00258019700548	0.000727872956738	-0.0421916464998	-0.0120868602696	0.00523115883817	-0.0320080369244	-0.0449523868125	-0.00390672294422	-0.0260295504248	-0.026823559691	-0.029772299795	-0.00651123382014	0.0175058123376	-0.0635480557991	-0.0337969505112	0.031194746857	0.00585141326599	-0.0685878999787	0.00960195699832	0.00967644812777	-0.0106567612732	0.0056211459408	0.0594693416664	-0.0088158066786	0.0239690516279	0.0323792682601	-0.0104452731371	-0.0189694039546	0.0430290985911	-0.033324033026	0.033021583864	0.0159645932175	-0.0357888801927	0.00770469963256	-0.0463321742428	-0.0481155255457	-0.0003035031063	0.0308875583658	0.0137566193987	0.0225157644792	-0.0207075566828	-0.0558484796907	0.0274604175827	0.0109112343324	-0.0330359358406
k__Bacteria;p__Bacteroidetes;c__Bacteroidia;o__Bacteroidales;f__Bacteroidaceae;g__Bacteroides;s__Bacteroides_thetaiotaomicron	0.00405063454796	0.0257679892633	0.0153144480807	0.0166208736427	0.0343619240775	-0.0423952021057	0.0588719298831	0.00523397435793	0.0546557095672	-0.0472352375794	1.0	0.0369379118791	-0.0529046305539	-0.0191476695703	-8.11380920617e-05	0.0474303599155	-0.0493426127479	-0.0381315411939	-0.018535626292	-0.0348241901939	-0.0420746205081	-0.0268880031405	0.030760995131	0.013952740742	-0.00979168742428	-0.0350105393784	0.0291512749034	-0.00432140890701	-0.00154629278264	0.00820045526836	-0.0822689159365	-0.0411957076626	-0.021471949791	0.0514478670758	0.0587824218603	-0.0275767986657	0.00851748571083	0.00155688736691	0.0197403629577	-0.0203264371976	-0.00510995903116	0.0222096875951	-0.0689559416973	0.0484973192987	0.00941100670192	0.0284122105445	-0.0285257119277	-0.069000959435	-0.0755390305246	-0.0262396928978	-0.0173149289368	0.0122935438288	-0.00373571146714	-0.00674088489063	-0.0956819261282	-0.0463219794605	0.0229520005219	0.0256871870499	0.0500974634894
k__Bacteria;p__Bacteroidetes;c__Bacteroidia;o__Bacteroidales;f__Bacteroidaceae;g__Bacteroides;s__Bacteroides_coprocola	-0.0131494492626	-0.013692035434	-0.0104472904276	-0.0487848605085	-0.0439863503452	-0.0177905923523	0.0222976342701	-0.00680119250376	-0.00481290455511	0.0109432129644	0.0369379118791	1.0	-0.00115987537125	-0.00521422819772	-0.0495306073381	-0.0326685076943	-0.00477771586236	-0.0268285521113	-5.12735799963e-05	0.00243283021576	-0.0123207817082	-0.0992549181294	0.0142975694481	-0.00655456332218	0.000430028321974	0.0291921405193	-0.0196154665304	-0.00673477333428	-0.0205190839334	0.0751214944368	-0.00761550108494	-0.0610892309106	-0.0107231246343	0.0171849360524	-0.0518847959756	0.00713953605523	0.00622792207828	0.0486576381568	-0.0628766594229	0.0172955380532	0.0287431354705	-0.0630605114695	0.0433236650335	0.00445647639943	0.0550010127667	0.0321028406	0.0423850492732	0.00348528947488	0.00684764316021	-0.00178094823083	-0.067377995396	-0.00985838655096	-0.00631032834374	0.0421811436567	-0.027214654849	-0.0138694849104	-0.0353415225675	-0.0457456845729	-0.00176845368575
k__Bacteria;p__Bacteroidetes;c__Bacteroidia;o__Bacteroidales;f__Bacteroidaceae;g__Bacteroides;s__Bacteroides_cellulosilyticus	-0.00689114920581	-0.0602388802318	-0.0364385708254	-0.00640772057275	-0.0263002411215	-0.0409240572033	0.000569817381493	0.0132461645232	0.00431707193889	-0.00493705306771	-0.0529046305539	-0.00115987537125	1.0	-0.011330470979	0.00636118471287	-0.0144905306957	0.0620662142446	-0.00146050200419	0.00113680677941	0.031700418194	0.00670792854917	-0.0108178278946	0.00960791572309	0.0388489938091	-0.00611646136656	0.00305573157961	0.0107981552707	0.0158234733727	-0.0023627704813	0.0673229357384	-0.0144304471906	-0.0283533684404	0.065986745197	-0.00173903570516	-0.0325700533285	0.0902968011962	-0.0275372738101	0.0359615206149	-0.0329727803009	-0.0545828083425	-0.0325452337264	-0.00412331364509	-0.0466130065642	-0.0192794569552	-0.0500456487369	-0.0809566631905	-0.0820319406353	-0.0339261748159	-0.0189931616374	0.0326047638555	-0.039900635215	0.0514239383438	0.017832464483	0.0178009478511	-0.0223749074009	-0.00565674328964	-0.00674258400882	-0.0787659027886	0.0229233788983
k__Bacteria;p__Bacteroidetes;c__Bacteroidia;o__Bacteroidales;f__Rikenellaceae;g__Alistipes;s__Alistipes_obesi	-0.0775125837429	0.0279508386265	0.00031622793388	-0.0135776699856	0.00988397722015	0.0162458993641	0.00653660603917	-0.0465999806907	0.0145996879668	-0.0400486288637	-0.0191476695703	-0.00521422819772	-0.011330470979	1.0	0.0287357795868	-0.0642090805652	-0.0377596480486	-0.0383348923889	0.0223697434373	0.00138698112472	0.0243810292137	0.0534138859102	0.00375139651646	-0.0120601898421	0.00999529358028	-0.0376847562137	-0.0180032267527	0.00409855710088	-0.0357660221066	-0.0287260687189	-0.0172826776883	0.0517087015596	-0.0343818268007	0.0156035986338	-0.012292086295	-0.0375331295115	-0.00636130263393	-0.0560681997677	-0.0198362863443	0.0468439995507	0.00773508484889	-0.0420657930139	0.00745753614306	0.0102058585373	0.013834566299	0.0104141057688	-0.0501046501272	-0.0070222465627	0.0239581287839	0.069412510705	0.000971485944118	0.0164753577501	-0.0057225186938	0.0418867175781	-0.00683281248066	0.00184111504668	0.0116775952963	-0.0324536324723	0.00898361777135
k__Bacteria;p__Firmicutes;c__Clostridia;o__Clostridiales;f__Lachnospiraceae;g__;s__[Eubacterium]_rectale	-0.027221248477	-0.0572149483961	0.0178176895399	-0.0124186928392	0.00445463542296	0.0184918872852	0.0145819625927	-0.0385318949224	0.0512481911227	-0.00258019700548	-8.11380920617e-05	-0.0495306073381	0.00636118471287	0.0287357795868	1.0	-0.0205267312375	-0.0491963374865	-0.0148121298732	-0.0531911078563	0.00164026672303	0.0536463595602	0.0250696847615	-0.001109942853	0.0438161766167	-0.0251362495868	-0.00914490583616	-0.0205930646549	-0.00930400520793	-0.0102010072516	0.0396176139213	-0.0705830512677	-0.00616855584492	-0.0311118702937	0.0527855309745	0.0251189201039	-0.0175532355794	-0.063032012754	-0.0106043525802	-0.0112425310547	-0.00370312776138	-0.0464449137552	-0.00519856780106	0.00273554358039	0.0449219535112	-0.0423464535523	0.0452479358652	-0.0640569117569	0.0201143718401	0.0641482882588	0.0294592053386	-0.0523560326415	-0.0267041125736	-0.00324747509895	-0.0373071606582	-0.0357150530747	0.0026207114923	0.029441797528	-0.0685586461671	-0.00326999074602
k__Bacteria;p__Bacteroidetes;c__Bacteroidia;o__Bacteroidales;f__Bacteroidaceae;g__Bacteroides;s__Bacteroides_plebeius	-0.0216912716273	-0.00937713654705	0.0244060562164	-0.0181226478055	0.0216892498552	-0.0203619846501	-0.0195242367178	0.0219800512384	0.0242612224079	0.000727872956738	0.0474303599155	-0.0326685076943	-0.0144905306957	-0.0642090805652	-0.0205267312375	1.0	0.000435400878463	-0.0459595001581	-0.0867269382024	0.0371172839926	-0.0447550877391	-0.0293818916533	0.0607254917339	-0.0250358131286	0.0132476526094	0.0242831284723	0.0127089519794	0.00965381860288	0.0789023383186	-0.0343660298069	-0.0254313093854	-0.0264361036289	-0.0034093363503	0.00848943627013	-0.00686279902769	-0.0051374191304	-0.0469776413746	0.0483696091539	-0.0290421911144	-0.0682584018736	-0.00442776214734	-0.07561781981	-0.037442336206	0.0153369006215	-0.0307938391131	-0.0582056007955	0.0361759969229	0.0190193860978	-0.0195475157391	0.0267908105801	0.0401163625792	0.0177359711762	-0.0261478157854	0.0268810449954	0.0570649606694	-0.00870321579311	-0.0702420375414	0.0135791772795	-0.0145385233233
k__Bacteria;p__Bacteroidetes;c__Bacteroidia;o__Bacteroidales;f__Bacteroidaceae;g__Bacteroides;s__Bacteroides_fragilis	-0.0162308486685	0.031106399858	0.0438910506049	0.0151975496503	0.0156835234694	0.0490283896129	0.0132801889872	-0.0176504723132	-0.0101476721803	-0.0421916464998	-0.0493426127479	-0.00477771586236	0.0620662142446	-0.0377596480486	-0.0491963374865	0.000435400878463	1.0	0.0191698538013	-0.0243446562215	0.0303376536209	0.0153992003226	0.0140882574579	-0.0468161419705	-0.0246479768757	-0.0342195895951	-0.0168516284074	0.012984280442	0.00947196706667	-0.0193125495948	-0.025689222064	-0.0257614431194	-0.0398665569003	0.0328383430809	-0.0462527241326	0.00391174993763	-0.00466693996297	-0.0628372740287	-0.0453883623011	-0.0097687925715	-0.0316213078405	-0.0190738953423	0.0107342609491	0.00409840624963	-0.032109071184	-0.00424181455389	-0.0139317770798	0.0213886729112	0.0333133963025	-0.00562868279134	-0.00886291083185	-0.011092679803	-0.00366125266244	-0.0143791980179	0.0158954480658	-0.0678775854204	0.0474949619348	0.0229711108308	0.0171801019713	-0.0457277725903
k__Bacteria;p__Proteobacteria;c__Betaproteobacteria;o__Burkholderiales;f__Sutterellaceae;g__Sutterella;s__Sutterella_wadsworthensis	0.00503901327078	0.0482613905422	-0.073730937898	-0.0463345620284	0.00544318618987	0.00963838689715	0.0150033567331	0.0320870462544	-0.0264372635396	-0.0120868602696	-0.0381315411939	-0.0268285521113	-0.00146050200419	-0.0383348923889	-0.0148121298732	-0.0459595001581	0.0191698538013	1.0	0.000577016087791	-0.0219373163439	-0.00410247309929	-0.0517208193615	0.0081153036655	0.0101307652899	-0.0332370025573	-0.0272710545574	-0.0107874642829	-0.0335419706263	-0.00249655797658	0.00915377221646	0.0087582341161	0.0341822284265	-0.0178832301856	0.0747914569519	-0.00736642881294	-0.0331120786635	0.0442048633976	-0.0117611307703	-0.0174913419445	-0.0590136286946	0.038018769055	0.0621243058931	0.0553034901107	-0.000439775292509	0.0440265152914	0.0347542019998	-0.0137307675206	-0.00447112870877	-0.0361234718388	-0.0416541599232	-0.0206493150899	-0.0364498620982	0.0522790157013	-0.00745647019205	-0.0158602987422	-0.0100750871006	-0.0379725148919	0.00236557943038	-0.00381385085088
k__Bacteria;p__Bacteroidetes;c__Bacteroidia;o__Bacteroidales;f__Porphyromonadaceae;g__Barnesiella;s__Barnesiella_intestinihominis	0.0213008946129	-0.0748994215122	0.034905182721	0.0299133279307	0.02359331259	-0.0221932781585	-0.0315499207015	-0.00832243069491	0.00664845264085	0.00523115883817	-0.018535626292	-5.12735799962e-05	0.00113680677941	0.0223697434373	-0.0531911078563	-0.0867269382024	-0.0243446562215	0.000577016087791	1.0	-0.0352539110473	-0.0660683134567	-0.0432198700823	-0.00503146315897	-0.0142568140523	-0.00334891640975	0.0775703608376	0.0339962619074	0.0218392567257	-0.00859653059584	-0.00676898395344	-0.0362392973207	-0.025779283324	-0.0527074441866	0.00537902998635	-0.035737265803	-0.0456500207289	-0.0106994855598	-0.0258774543945	0.114303318395	0.00984241761783	-0.0195773993159	0.0159452973522	0.0167754171129	0.000921910798441	-0.0259243294361	-0.0283863077456	0.00652448598746	0.0314725949594	0.0206567266343	-0.0522538928608	0.0439052286402	0.0180525773857	0.000136242222303	0.0277104339845	-0.00776433590045	-0.0326747385434	-0.0383787158109	-0.00629944726762	-0.00496143492645
k__Bacteria;p__Bacteroidetes;c__Bacteroidia;o__Bacteroidales;f__Odoribacteraceae;g__Odoribacter;s__Odoribacter_splanchnicus	-0.0210815624348	0.0252055703674	-0.00177087857371	-0.0154520401427	-0.0708093801532	0.0202597001839	0.00136746483279	-0.0206774322399	0.024430568277	-0.0320080369244	-0.0348241901939	0.00243283021576	0.031700418194	0.00138698112472	0.00164026672303	0.0371172839926	0.0303376536209	-0.0219373163439	-0.0352539110473	1.0	0.00322504225605	-0.024810282311	0.0358119763854	0.034017668816	-0.0336682008436	0.00706091504956	0.0164954700917	-0.019241308204	0.0228097355029	-0.0339822206023	-0.02446567007	0.00459192369954	0.0247594460068	-0.0363833615411	-0.0509365721402	0.0682357651013	-0.0134268269476	-0.0645532878071	-0.00772158356064	0.031372178698	0.0150358283211	-0.0340398165174	-0.0291778875349	0.0606670074575	-0.0475307244382	-0.0332744959541	-0.0275718006901	0.0322710322579	0.00570499926475	-0.00837145132883	-0.0525062463036	0.0255911643839	0.00209960900204	0.0902897780803	-0.013842391937	-0.0177464267383	-0.01952122635	0.0122297669688	0.0211658075148
k__Bacteria;p__Bacteroidetes;c__Bacteroidia;o__Bacteroidales;f__Bacteroidaceae;g__Bacteroides;s__Bacteroides_salyersiae	-0.0301975126272	-0.0398516979017	-0.0392642713565	-0.00182876816302	-0.0333198115701	-0.00252125060493	0.0059295096795	-0.0567576871397	0.00832798258207	-0.0449523868125	-0.0420746205081	-0.0123207817082	0.00670792854917	0.0243810292137	0.0536463595602	-0.0447550877391	0.0153992003226	-0.00410247309929	-0.0660683134567	0.00322504225605	1.0	0.000675860528216	0.00633328364585	0.0036566485492	0.0257847840939	0.0769347310058	-0.0091750397944	-0.0174631629062	-0.0488752008067	0.00610200690938	-0.0476466589736	-0.0261083203447	-0.0598200311028	-0.0490579022127	-0.0946058326349	0.0185423339553	-0.037033998997	-0.00578074469547	0.0222236532459	0.0187107944982	-0.0232521061728	-0.0059715287149	-0.0745893654982	0.0318241748741	0.0381938982351	-0.0146182728236	-0.0212379800746	0.00867601995779	-0.0132446710119	-0.0191761440045	-0.0172174278184	0.0157669259541	-0.0404964141435	0.0302431166326	-0.0416405665011	-0.0532866890691	0.00523120512678	-0.000635785809639	0.0170424510195
k__Bacteria;p__Firmicutes;c__Clostridia;o__Clostridiales;f__Ruminococcaceae;g__Ruminiclostridium;s__[Eubacterium]_siraeum	-0.0103518521275	-0.0581515022331	-0.0298712772692	0.00607321124345	-0.0107223860401	-0.0404039106625	-0.0462378750398	-0.0360405078362	0.00494228813377	-0.00390672294422	-0.0268880031405	-0.0992549181294	-0.0108178278946	0.0534138859102	0.0250696847615	-0.0293818916533	0.0140882574579	-0.0517208193615	-0.0432198700823	-0.024810282311	0.000675860528216	1.0	-0.00246327425602	0.030436595795	-0.0508977415607	0.0357090958836	0.0805085575538	-0.0232315917894	0.00423710514101	-0.0202913523235	-0.0131621414653	0.0345269249217	0.038445758178	-0.0346224618693	-0.0223886991973	0.106223856436	-0.0109908141489	-0.0360430766437	0.00673336539034	0.0186049764771	0.0137901062399	0.0564991175231	-0.0244006154294	0.00992967193144	-0.0459543275452	-0.0195843919281	0.00668846118322	-0.0133684507914	0.0759618527841	0.0109443841594	-0.0348291403152	-0.0158141057506	0.0320239824542	-0.0596344655215	-0.0340413877383	-0.0414644952744	-0.00753522111668	0.00756394656014	-0.0225970684693
k__Bacteria;p__Proteobacteria;c__Betaproteobacteria;o__Burkholderiales;f__Sutterellaceae;g__Parasutterella;s__Parasutterella_excrementihominis	-0.00759210717215	0.0187690568913	-0.015894256669	0.0255262649907	-0.0271868505486	-0.048357127673	-0.0134970579979	-0.0324781653942	0.0251826805816	-0.0260295504248	0.030760995131	0.0142975694481	0.00960791572309	0.00375139651646	-0.001109942853	0.0607254917339	-0.0468161419705	0.0081153036655	-0.00503146315897	0.0358119763854	0.00633328364585	-0.00246327425602	1.0	-0.0356173290329	-0.00463942644797	-0.00291367711133	-0.0277615324596	-0.0122260275802	-0.0453256546049	-0.037904860788	-0.0277926176363	0.0993687419569	0.035507897344	0.0507710977361	0.022432430352	-3.31948718337e-05	-0.0247419744871	-0.0739062483779	0.0151546260052	-0.0452689340576	-0.0441026209494	-0.0641680660796	0.0581725490732	-0.00251944368556	-0.0168328742547	-0.0369935619565	-0.0561998134251	-0.0567997389095	0.0283254143542	0.0155833993658	0.0188998070075	0.0210744103333	0.0314267974368	0.0524104303792	0.0822516113067	-0.0470916117543	0.0376259068054	0.0435555471395	-0.0193286383822
k__Bacteria;p__Actinobacteria;c__Actinobacteria;o__Bifidobacteriales;f__Bifidobacteriaceae;g__Bifidobacterium;s__Bifidobacterium_adolescentis	0.0105510437893	-0.0409366279441	0.000929197214337	-0.0531702567178	0.019026253575	-0.0566046641734	-0.0397548464368	-0.0132145125822	0.0824318986478	-0.026823559691	0.013952740742	-0.00655456332218	0.0388489938091	-0.0120601898421	0.0438161766167	-0.0250358131286	-0.0246479768757	0.0101307652899	-0.0142568140523	0.034017668816	0.0036566485492	0.030436595795	-0.0356173290329	1.0	-0.0527039900294	0.0417552495475	-0.0133026945639	-0.0460257374771	0.0151553338939	-0.0656369823914	0.00192283812188	0.000800453632067	-0.0252376839623	0.0114039196748	-0.0527587021705	-0.0244456800781	-0.0141269781647	0.027887308416	0.00526595333588	0.00811183035462	0.00850133907942	-0.085263059303	0.0172664976022	0.0693405113771	-0.0496294695353	-0.040240078287	-0.0489549163519	-0.00604865743612	0.00956776448446	-0.00580600215944	-0.0372361296324	-0.0087652249869	0.043675316993	0.0164381441043	-0.042727763685	0.0463735388093	0.00483031787516	-0.04197607969	0.00323818018031
k__Bacteria;p__Firmicutes;c__Clostridia;o__Clostridiales;f__Oscillospiraceae;g__Oscillibacter;s__Oscillibacter_sp._KLE_1745	-0.00209411230339	-0.0336227470031	0.0673322699593	-0.00256300769859	0.0218991868209	0.049546457669	-0.0758619560739	0.0217212066556	-0.0510090682657	-0.029772299795	-0.00979168742428	0.000430028321974	-0.00611646136656	0.00999529358028	-0.0251362495868	0.0132476526094	-0.0342195895951	-0.0332370025573	-0.00334891640975	-0.0336682008436	0.0257847840939	-0.0508977415607	-0.00463942644797	-0.0527039900294	1.0	-0.0446374990635	-0.0673825941519	-0.0702339578895	-0.00129217925198	0.0429476891368	-0.022333543432	0.0340678756259	-0.00703512558023	-0.0155622088676	0.0250275226296	-0.0269502178548	-0.0186801230111	-0.00175230504587	0.0651679413359	-0.0790029372835	0.0109599372305	0.013638563316	-0.0761549852993	-0.0175567773848	-0.0129647941755	0.0113718466609	-0.00671664549496	-0.0155619048621	-0.012996430906	-0.0543988492212	-0.0389740649242	-0.0129591405888	0.00219109613912	0.0423036473918	0.0518755336638	0.00376009211676	0.00945336620383	-0.0345521105794	0.0281505358372
k__Bacteria;p__Bacteroidetes;c__Bacteroidia;o__Bacteroidales;f__Bacteroidaceae;g__Bacteroides;s__Bacteroides_coprophilus	0.0549339967906	-0.121205170613	-0.0490868555978	0.0162906965835	0.0411908607976	-0.00757464561946	-0.012788101463	-0.0227081966535	-0.00770601727833	-0.00651123382014	-0.0350105393784	0.0291921405193	0.00305573157961	-0.0376847562137	-0.00914490583616	0.0242831284723	-0.0168516284074	-0.0272710545574	0.0775703608376	0.00706091504956	0.0769347310058	0.0357090958836	-0.00291367711132	0.0417552495475	-0.0446374990635	1.0	-0.028696521873	-0.00566062123465	0.0232680987675	0.000646829405202	0.0222956462825	-0.000182265607936	-0.0619452910361	-0.0232150250382	-0.0249305528654	-0.0356196058137	-0.0397081746423	0.0329511560311	-0.00523406109565	-0.0121873267477	-0.0197612637852	0.0121039773048	-0.0140562579036	-0.0301029370604	-0.0425942066094	-0.00427876726864	-0.0680504040021	-0.016688205268	0.0272737820179	0.0410843946383	0.0335123394237	-0.0123917426547	-0.0035525074609	0.00818115391536	0.0332570903344	0.0195799754158	-0.0465570961581	-0.0347343276248	-0.0260433391621
k__Bacteria;p__Firmicutes;c__Clostridia;o__Clostridiales;f__Lachnospiraceae;g__Roseburia;s__Roseburia_intestinalis	-0.0791149844517	0.00966915390176	0.0578189908655	-0.0165219868751	0.00448354343235	0.0449619535478	-0.0681771300842	0.0821817685915	-0.00819213286023	0.0175058123376	0.0291512749034	-0.0196154665304	0.0107981552707	-0.0180032267527	-0.0205930646549	0.0127089519794	0.012984280442	-0.0107874642829	0.0339962619074	0.0164954700917	-0.0091750397944	0.0805085575538	-0.0277615324596	-0.0133026945639	-0.0673825941519	-0.028696521873	1.0	0.00534518724159	0.0115634475062	0.0288081584644	-0.0314966303945	-0.0431801808226	0.0292825020746	0.00213802545439	-0.0250299213539	0.00460543251232	-0.0668049840937	-0.00217111387747	0.0132863388905	-0.0216003169918	-0.0246703461407	0.0370228816589	0.030352386077	-0.00757816789241	-0.0377221927404	-0.0120820225982	0.0394741389824	-0.0273043111498	0.0868641368398	-0.00146877255972	0.0106988628801	-0.0311966068553	-0.0221748716039	-0.0472492553666	-0.0239799353083	0.0211525976098	0.00708133250936	-0.0153595015968	0.00812360994052
k__Bacteria;p__Firmicutes;c__Clostridia;o__Clostridiales;f__Lachnospiraceae;g__Roseburia;s__Roseburia_hominis	-0.0263703425006	-0.00402479067061	-0.0230247667734	0.0116939166715	0.0346452772438	0.00913226830096	-0.0296014808296	-0.00973070748389	0.00584278066254	-0.0635480557991	-0.00432140890701	-0.00673477333428	0.0158234733727	0.00409855710088	-0.00930400520793	0.00965381860288	0.00947196706667	-0.0335419706263	0.0218392567257	-0.019241308204	-0.0174631629062	-0.0232315917894	-0.0122260275802	-0.0460257374771	-0.0702339578895	-0.00566062123465	0.00534518724159	1.0	-0.0122342109395	-0.0719588146361	0.00695058582514	-0.00399414992053	-0.0222920070335	-0.0186124614304	-0.0279725376179	0.0283413551472	-0.0230793191768	-0.0099791009893	-0.0203030562802	-0.00564604113825	0.0124562089835	0.0657676817964	0.00717628532134	0.0187398076515	0.000319286597787	0.0328883273304	-0.027582960402	-0.0314422548848	-0.0293535736071	-0.00816540609944	-0.0486949311277	0.00839727987224	0.013691560564	-0.00933070257854	0.0297927206259	-0.0203964391914	0.0218554661723	-0.0512425697275	-0.0272477725562
k__Bacteria;p__Bacteroidetes;c__Bacteroidia;o__Bacteroidales;f__Porphyromonadaceae;g__Parabacteroides;s__Parabacteroides_johnsonii	-0.0362201676819	-0.0163486196025	-0.011049353809	-0.00070748438828	0.00337616357312	-0.00529888670391	0.0374546658576	-0.0207543123172	-0.0192648392005	-0.0337969505112	-0.00154629278264	-0.0205190839334	-0.0023627704813	-0.0357660221066	-0.0102010072516	0.0789023383186	-0.0193125495948	-0.00249655797658	-0.00859653059584	0.0228097355029	-0.0488752008067	0.00423710514101	-0.0453256546049	0.0151553338939	-0.00129217925198	0.0232680987675	0.0115634475062	-0.0122342109395	1.0	0.0564018620817	-0.0215531970446	-0.019327435464	0.024961233073	-0.0595784506539	-0.0340473430154	-0.0532311121154	0.0029414655695	-0.00382678435498	0.0148440406472	-0.00129349572384	-0.0193319877751	0.0296180689373	0.00716321393847	-0.044159430597	0.0198819418524	-0.0238606254971	-0.00600913022159	-0.0534906267363	0.018109534361	-0.0809246533121	-0.0475968120726	-0.0015664645214	-0.0163473389004	-0.00285740004087	0.0340432689836	0.0255018695429	0.0203392593234	0.0284148798365	-0.0568896641026
k__Bacteria;p__Actinobacteria;c__Actinobacteria;o__Bifidobacteriales;f__Bifidobacteriaceae;g__Bifidobacterium;s__Bifidobacterium_longum	0.0357326601179	0.0380412447102	-0.000335747677665	0.0063077192318	0.0433896013654	0.0744859991165	0.0348625165905	-0.0171731257803	-0.023264665309	0.031194746857	0.00820045526836	0.0751214944368	0.0673229357384	-0.0287260687189	0.0396176139213	-0.0343660298069	-0.025689222064	0.00915377221646	-0.00676898395344	-0.0339822206023	0.00610200690938	-0.0202913523235	-0.037904860788	-0.0656369823914	0.0429476891368	0.000646829405202	0.0288081584644	-0.0719588146361	0.0564018620817	1.0	-0.0816988916058	-0.0713315433144	-0.0697889626929	0.0243144620636	-0.0777436157598	-0.0744991162174	0.0185775194356	-0.0543701197039	0.0536052874937	-0.00660087794342	0.0207757730161	-0.0187422463451	0.00120137081558	0.0111471795227	-0.0273737326478	-0.000336273262893	-0.0105408888382	-0.0643395188139	0.057218692117	-0.0246124773155	0.00507888231327	0.0549238416489	0.00238622687692	0.00510994504073	-0.085114944815	-0.0117310257274	-0.0573140300149	0.0439119730898	-0.00897957977805
