#taxonomy	k__Bacteria;p__Bacteroidetes;c__Bacteroidia;o__Bacteroidales;f__Bacteroidaceae;g__Bacteroides;s__Bacteroides_vulgatus	k__Bacteria;p__Bacteroidetes;c__Bacteroidia;o__Bacteroidales;f__Bacteroidaceae;g__Bacteroides;s__Bacteroides_uniformis	k__Bacteria;p__Bacteroidetes;c__Bacteroidia;o__Bacteroidales;f__Rikenellaceae;g__Alistipes;s__Alistipes_putredinis	k__Bacteria;p__Bacteroidetes;c__Bacteroidia;o__Bacteroidales;f__Prevotellaceae;g__Prevotella;s__Prevotella_copri	k__Bacteria;p__Bacteroidetes;c__Bacteroidia;o__Bacteroidales;f__Bacteroidaceae;g__Bacteroides;s__Bacteroides_stercoris	k__Bacteria;p__Bacteroidetes;c__Bacteroidia;o__Bacteroidales;f__Bacteroidaceae;g__Bacteroides;s__Bacteroides_ovatus	k__Bacteria;p__Bacteroidetes;c__Bacteroidia;o__Bacteroidales;f__Rikenellaceae;g__Alistipes;s__Alistipes_shahii	k__Bacteria;p__Firmicutes;c__Clostridia;o__Clostridiales;f__Ruminococcaceae;g__Faecalibacterium;s__Faecalibacterium_prausnitzii	k__Bacteria;p__Bacteroidetes;c__Bacteroidia;o__Bacteroidales;f__Rikenellaceae;g__Alistipes;s__Alistipes_finegoldii	k__Bacteria;p__Bacteroidetes;c__Bacteroidia;o__Bacteroidales;f__Porphyromonadaceae;g__Parabacteroides;s__Parabacteroides_distasonis	k__Bacteria;p__Bacteroidetes;c__Bacteroidia;o__Bacteroidales;f__Bacteroidaceae;g__Bacteroides;s__Bacteroides_thetaiotaomicron	k__Bacteria;p__Bacteroidetes;c__Bacteroidia;o__Bacteroidales;f__Bacteroidaceae;g__Bacteroides;s__Bacteroides_coprocola	k__Bacteria;p__Bacteroidetes;c__Bacteroidia;o__Bacteroidales;f__Bacteroidaceae;g__Bacteroides;s__Bacteroides_cellulosilyticus	k__Bacteria;p__Bacteroidetes;c__Bacteroidia;o__Bacteroidales;f__Rikenellaceae;g__Alistipes;s__Alistipes_obesi	k__Bacteria;p__Firmicutes;c__Clostridia;o__Clostridiales;f__Lachnospiraceae;g__;s__[Eubacterium]_rectale	k__Bacteria;p__Bacteroidetes;c__Bacteroidia;o__Bacteroidales;f__Bacteroidaceae;g__Bacteroides;s__Bacteroides_plebeius	k__Bacteria;p__Bacteroidetes;c__Bacteroidia;o__Bacteroidales;f__Bacteroidaceae;g__Bacteroides;s__Bacteroides_fragilis	k__Bacteria;p__Proteobacteria;c__Betaproteobacteria;o__Burkholderiales;f__Sutterellaceae;g__Sutterella;s__Sutterella_wadsworthensis	k__Bacteria;p__Bacteroidetes;c__Bacteroidia;o__Bacteroidales;f__Porphyromonadaceae;g__Barnesiella;s__Barnesiella_intestinihominis	k__Bacteria;p__Bacteroidetes;c__Bacteroidia;o__Bacteroidales;f__Odoribacteraceae;g__Odoribacter;s__Odoribacter_splanchnicus	k__Bacteria;p__Bacteroidetes;c__Bacteroidia;o__Bacteroidales;f__Bacteroidaceae;g__Bacteroides;s__Bacteroides_salyersiae	k__Bacteria;p__Firmicutes;c__Clostridia;o__Clostridiales;f__Ruminococcaceae;g__Ruminiclostridium;s__[Eubacterium]_siraeum	k__Bacteria;p__Proteobacteria;c__Betaproteobacteria;o__Burkholderiales;f__Sutterellaceae;g__Parasutterella;s__Parasutterella_excrementihominis	k__Bacteria;p__Actinobacteria;c__Actinobacteria;o__Bifidobacteriales;f__Bifidobacteriaceae;g__Bifidobacterium;s__Bifidobacterium_adolescentis	k__Bacteria;p__Firmicutes;c__Clostridia;o__Clostridiales;f__Oscillospiraceae;g__Oscillibacter;s__Oscillibacter_sp._KLE_1745	k__Bacteria;p__Bacteroidetes;c__Bacteroidia;o__Bacteroidales;f__Bacteroidaceae;g__Bacteroides;s__Bacteroides_coprophilus	k__Bacteria;p__Firmicutes;c__Clostridia;o__Clostridiales;f__Lachnospiraceae;g__Roseburia;s__Roseburia_intestinalis	k__Bacteria;p__Firmicutes;c__Clostridia;o__Clostridiales;f__Lachnospiraceae;g__Roseburia;s__Roseburia_hominis	k__Bacteria;p__Bacteroidetes;c__Bacteroidia;o__Bacteroidales;f__Porphyromonadaceae;g__Parabacteroides;s__Parabacteroides_johnsonii	k__Bacteria;p__Actinobacteria;c__Actinobacteria;o__Bifidobacteriales;f__Bifidobacteriaceae;g__Bifidobacterium;s__Bifidobacterium_longum	k__Bacteria;p__Firmicutes;c__Clostridia;o__Clostridiales;f__;g__Flavonifractor;s__Flavonifractor_plautii	k__Bacteria;p__Firmicutes;c__Clostridia;o__Clostridiales;f__Clostridiaceae;g__Clostridium;s__Clostridium_phoceensis	k__Bacteria;p__Verrucomicrobia;c__Verrucomicrobiae;o__Verrucomicrobiales;f__Akkermansiaceae;g__Akkermansia;s__Akkermansia_muciniphila	k__Bacteria;p__Bacteroidetes;c__Bacteroidia;o__Bacteroidales;f__Prevotellaceae;g__Paraprevotella;s__Paraprevotella_xylaniphila	k__Bacteria;p__Firmicutes;c__Clostridia;o__Clostridiales;f__Ruminococcaceae;g__Ruminococcus;s__Ruminococcus_callidus	k__Bacteria;p__Bacteroidetes;c__Bacteroidia;o__Bacteroidales;f__Rikenellaceae;g__Alistipes;s__Alistipes_senegalensis	k__Bacteria;p__Firmicutes;c__Clostridia;o__Clostridiales;f__Lachnospiraceae;g__Blautia;s__Blautia_sp._KLE_1732	k__Bacteria;p__Bacteroidetes;c__Bacteroidia;o__Bacteroidales;f__Bacteroidaceae;g__Bacteroides;s__Bacteroides_oleiciplenus	k__Bacteria;p__Firmicutes;c__Clostridia;o__Clostridiales;f__Ruminococcaceae;g__Ruminococcus;s__Ruminococcus_bicirculans	k__Bacteria;p__Bacteroidetes;c__Bacteroidia;o__Bacteroidales;f__Bacteroidaceae;g__Bacteroides;s__Bacteroides_fluxus	k__Bacteria;p__Bacteroidetes;c__Bacteroidia;o__Bacteroidales;f__Prevotellaceae;g__Prevotella;s__Prevotella_stercorea	k__Bacteria;p__Firmicutes;c__Clostridia;o__Clostridiales;f__Lachnospiraceae;g__Dorea;s__Dorea_longicatena	k__Bacteria;p__Firmicutes;c__Clostridia;o__Clostridiales;f__Eubacteriaceae;g__Eubacterium;s__[Eubacterium]_eligens	k__Bacteria;p__Firmicutes;c__Clostridia;o__Clostridiales;f__Ruminococcaceae;g__;s__Ruminococcaceae_bacterium_D16	k__Bacteria;p__Firmicutes;c__Clostridia;o__Clostridiales;f__Lachnospiraceae;g__Coprococcus;s__Coprococcus_comes	k__Bacteria;p__Proteobacteria;c__Gammaproteobacteria;o__Enterobacterales;f__Enterobacteriaceae;g__Escherichia;s__Escherichia_coli	k__Bacteria;p__Firmicutes;c__Clostridia;o__Clostridiales;f__Ruminococcaceae;g__Anaerotruncus;s__Anaerotruncus_colihominis	k__Bacteria;p__Firmicutes;c__Clostridia;o__Clostridiales;f__Lachnospiraceae;g__Blautia;s__Blautia_obeum	k__Bacteria;p__Bacteroidetes;c__Bacteroidia;o__Bacteroidales;f__Odoribacteraceae;g__Odoribacter;s__Odoribacter_laneus	k__Bacteria;p__Firmicutes;c__Clostridia;o__Clostridiales;f__Ruminococcaceae;g__Ruminiclostridium;s__[Clostridium]_leptum	k__Bacteria;p__Bacteroidetes;c__Bacteroidia;o__Bacteroidales;f__Porphyromonadaceae;g__Parabacteroides;s__Parabacteroides_goldsteinii	k__Bacteria;p__Firmicutes;c__Clostridia;o__Clostridiales;f__Lachnospiraceae;g__Anaerostipes;s__Anaerostipes_hadrus	k__Bacteria;p__Firmicutes;c__Clostridia;o__Clostridiales;f__Ruminococcaceae;g__Ruminococcus;s__Ruminococcus_lactaris	k__Bacteria;p__Firmicutes;c__Clostridia;o__Clostridiales;f__Clostridiaceae;g__Clostridium;s__Clostridium_sp._L2-50	k__Bacteria;p__Firmicutes;c__Clostridia;o__Clostridiales;f__Clostridiaceae;g__Clostridium;s__Clostridium_sp._M62/1	k__Bacteria;p__Firmicutes;c__Clostridia;o__Clostridiales;f__;g__Intestinimonas;s__Intestinimonas_butyriciproducens	k__Bacteria;p__Actinobacteria;c__Actinobacteria;o__Bifidobacteriales;f__Bifidobacteriaceae;g__Bifidobacterium;s__Bifidobacterium_bifidum	k__Bacteria;p__Firmicutes;c__Negativicutes;o__Veillonellales;f__Veillonellaceae;g__Dialister;s__Dialister_invisus	k__Bacteria;p__Bacteroidetes;c__Bacteroidia;o__Bacteroidales;f__Bacteroidaceae;g__Bacteroides;s__Bacteroides_salanitronis
k__Bacteria;p__Bacteroidetes;c__Bacteroidia;o__Bacteroidales;f__Bacteroidaceae;g__Bacteroides;s__Bacteroides_vulgatus	1.0	0.0189537443941	0.0449969748139	-0.0285427331399	0.0295316973801	0.0311853650446	-0.0312934458994	0.0491162978441	0.00736274298671	-0.0134544589814	-0.0141744139308	0.0497371746586	0.00786113423025	0.0294467032502	0.00105650176005	-0.0303018311647	-0.0487348108622	-0.0450849124499	-0.00435328575891	-0.0182693068423	0.0234762638357	0.00627278017724	0.018394356571	-0.0407108088246	0.00152857341426	-0.0120115517702	0.00992328422791	0.0282732783304	0.00923824463794	-0.0132319084721	0.0142519191368	-0.00788209510693	-0.0466949825652	-0.0307132468355	-0.0243005749713	-0.0171235461082	-0.00595911598311	0.0250569266273	0.00725622104311	-0.0459209550965	-0.0149490530928	-0.0384172212321	-0.0304503738719	0.0282162792078	0.0421253822536	-0.0460942746327	0.0287429188119	-0.0451697404115	-0.0153092474417	0.0207733050228	0.0240887580731	-0.0320562973434	-0.0313419413433	0.041484032677	0.0526272970397	-0.061848418352	-0.0746771460644	0.0399238329372	-0.110537118677
k__Bacteria;p__Bacteroidetes;c__Bacteroidia;o__Bacteroidales;f__Bacteroidaceae;g__Bacteroides;s__Bacteroides_uniformis	0.0189537443941	1.0	-0.0116896603074	-0.0235543691406	-0.0397212407925	-0.0312136715427	0.0083873950291	0.00587183954974	-0.0132821064473	-0.0214206418139	-0.0257667976685	0.0324780549029	-0.00905707547353	-0.0149939857121	-0.00906425790838	-0.0458652183779	-0.0129476493785	0.0095232202776	-0.000277672234196	-0.0350995871606	0.00439350194662	-0.0702555541433	-0.0198027967974	-0.0319690894246	-0.0287272473821	0.0105457663765	-0.0101474926205	-0.000992070339728	-0.0134171900779	0.00776411851852	0.0237634889834	0.0447017638108	-0.0452798798582	0.0101924752073	-0.0159166879319	0.0186692581316	0.0351977256174	0.0353174682398	-0.0126711914855	0.0267053727258	0.0181037074227	-0.00561760926388	-0.0264104431112	-0.0462144003822	0.0310025096308	0.00347624717542	-0.0120929622595	0.0324363132976	-0.0395543658581	0.0731863876476	-0.0222257439636	-0.0295336647651	0.0177631530136	-0.0648142020533	0.00718475731302	-0.0497405267154	0.0311366278485	0.0195607834878	0.0138540401717
k__Bacteria;p__Bacteroidetes;c__Bacteroidia;o__Bacteroidales;f__Rikenellaceae;g__Alistipes;s__Alistipes_putredinis	0.0449969748139	-0.0116896603074	1.0	-0.0133611854209	-0.0322393936861	-0.0408702373873	-0.0266482342105	-0.0517002989093	0.0588146654772	-0.016160582647	0.00280998253478	-0.00646942095131	-0.0217699988351	0.0189521085153	0.0357966234529	0.0160760690229	0.0175051298727	0.071855627888	-0.0253935050003	0.00888914838407	0.0184346214822	0.0619974938445	-0.0250470347793	-0.0179668485376	-0.0273370887903	-0.0458487182544	-0.0327476412853	-0.0591803464486	-0.0424005236415	0.0402997843371	-0.0192564444522	-0.0106082497584	-0.0122416520861	0.0113242562135	-0.0475503238745	-0.0194661301985	-0.0494658898922	-0.058050552739	-0.00694264658799	-0.0853646433485	0.00249124453252	0.0335910109136	-0.0334241372273	-0.00461377739632	-0.000206128807955	0.0398714010575	-0.0605127789253	-0.0119287930567	-0.0562058732978	-0.0408518761421	0.0338997545369	0.023377703546	-0.0414486698758	0.011067139443	0.00125187938374	0.0330873816667	0.00187860381183	-0.00178947312245	0.0445811515087
k__Bacteria;p__Bacteroidetes;c__Bacteroidia;o__Bacteroidales;f__Prevotellaceae;g__Prevotella;s__Prevotella_copri	-0.0285427331399	-0.0235543691406	-0.0133611854209	1.0	0.0204777128871	-0.0560659922024	-0.04494363347	0.0514359365005	0.0181492038332	0.0345540022726	-0.0603757578507	-0.0678841104483	0.0731185204515	-0.00716774322346	-0.0478993632313	-0.0095273318202	0.0661919275684	-0.0108945131944	-0.0186916629011	0.0222640660887	-0.0104439062197	0.0404200182961	-0.0371497435703	0.0759015610899	0.0197060147382	-0.0216906446688	0.0200425883135	0.049166328778	0.0355784295704	0.026022578348	-0.0248161068842	-0.061763038918	-0.0440130731547	-0.0229236855557	0.0236016536238	-0.0123029176405	-0.0163610103514	0.0264602393203	-0.00939222034424	0.00933594011583	-0.0252672467151	-0.0188806018289	-0.0497392790873	-0.0220052998635	-0.0409944739511	0.0547845347332	-0.0264982976891	0.00078109292665	-0.0205575979965	0.0149001514104	-0.0113338681182	-0.0038759231284	-0.0424880317752	-0.0316669129942	-0.0396844778691	0.0090043106473	-0.0197934728842	-0.0340593216093	-0.00925199115064
k__Bacteria;p__Bacteroidetes;c__Bacteroidia;o__Bacteroidales;f__Bacteroidaceae;g__Bacteroides;s__Bacteroides_stercoris	0.0295316973801	-0.0397212407925	-0.0322393936861	0.0204777128871	1.0	0.00490997732063	0.0124965900513	-0.00430542328984	-0.0285571934781	-0.0285581946979	-0.108911274994	-0.0185910521911	0.0151041394258	-0.0181675493325	-0.0188118307273	-0.0421070464584	0.00224841208773	-0.0114804075686	0.0537080898674	-0.0447133292508	0.0468512565779	-0.0104158755672	-0.00895071172052	-0.00837110624384	-0.0434953449614	0.0181562267323	-0.0269451091036	0.0273767719254	-0.0244015324436	-0.029959745507	0.00166875078613	-0.0102519732219	0.0228045054208	-0.000693831373413	-0.0207394124737	0.0290379284252	-0.0256626220206	-0.0209674385214	0.038382736598	-0.0296707590466	-0.0560587339986	0.000272783745228	-0.0165532453844	-0.0354006357086	0.00619880538511	-0.0550516344041	-0.0627170833713	-0.0229477716375	-0.00259709023913	0.0384873480642	0.0170359887899	-0.0418487919343	0.0348725900237	-0.0180197508389	-0.0555836298396	-0.0121911042912	-0.0606499779895	-0.0446569199902	-0.0223772519966
k__Bacteria;p__Bacteroidetes;c__Bacteroidia;o__Bacteroidales;f__Bacteroidaceae;g__Bacteroides;s__Bacteroides_ovatus	0.0311853650446	-0.0312136715427	-0.0408702373873	-0.0560659922024	0.00490997732063	1.0	-0.0443662028501	-0.0606029781076	-0.0272636024233	-0.0534411279183	0.0213396094384	0.0577496581565	-0.030842471494	0.0180307007847	-0.0200846470562	0.0488432302274	-0.0935296097516	-0.0258208451385	-0.00946636070277	-0.028939075485	0.0397070671748	0.0104552629658	0.041628223687	-0.0219382508976	-0.0227622984873	0.0475849809692	0.00925516791183	0.0290143493411	0.0115768683223	0.0216799255833	0.0282370142136	6.80776246259e-05	0.00130483161247	-0.0223408327501	-0.00493873759978	-0.00186559818639	0.00142658289197	-0.0657894703287	-0.0315965987413	-0.000575926982984	-0.0319888505044	-0.00849866422643	-0.00712769720504	0.0254022961599	-0.0127406332076	0.0324866415275	-0.0191719114293	-0.0300179601647	-0.0291844091188	0.0206110199618	-0.0306470994891	-0.0234421305682	0.0095359655402	0.0612911032214	-0.0112569461355	-0.00264420501539	-0.00679011626756	-0.0542139244166	0.0425141103566
k__Bacteria;p__Bacteroidetes;c__Bacteroidia;o__Bacteroidales;f__Rikenellaceae;g__Alistipes;s__Alistipes_shahii	-0.0312934458994	0.0083873950291	-0.0266482342105	-0.04494363347	0.0124965900513	-0.0443662028501	1.0	0.00623823129696	0.0255254893424	-0.0134662381137	0.0322365426582	-0.0107368070164	-0.00170594317275	0.0218434396807	-0.0407472834962	-0.0298702735366	-0.0408273350579	0.0050703409192	0.0199644116949	-0.00930249221356	-0.0372071617847	0.017896554378	-0.0151362846737	0.0168850294607	-0.000867078613656	-0.0137653788179	-0.0171907022114	-0.042647346415	0.0291095917284	-0.0136759790152	-0.0262331538513	-0.0714816707965	-0.00233384612421	-0.0179711016324	0.0460872673082	0.0626152816752	-0.0285924785265	-0.0106442384223	0.0422982666686	0.0129687306791	-0.0278570028971	0.00285152323222	-0.0416429287531	-0.00875875349064	-0.0239880809869	-0.0524994766158	-0.0366572531233	0.0269117593448	-0.0625521258532	-0.0850166488113	0.013929100099	-0.0314630222526	-0.0277425022806	-0.0281258919449	0.0533630038448	0.0214584687101	0.0294483340155	0.0305891442128	0.0172881163957
k__Bacteria;p__Firmicutes;c__Clostridia;o__Clostridiales;f__Ruminococcaceae;g__Faecalibacterium;s__Faecalibacterium_prausnitzii	0.0491162978441	0.00587183954974	-0.0517002989093	0.0514359365005	-0.00430542328984	-0.0606029781076	0.00623823129696	1.0	0.00276892214497	-0.0231144244167	-0.0673571047292	0.0224948871272	-0.00191703326161	0.0336945833741	-0.0314811890043	-0.000714679142913	0.011277839049	-0.0462188546826	-0.0268522386032	-0.0704174900133	0.0286183725097	-0.00896072708606	-0.0138067542371	-0.0247947747591	0.0128841061107	-0.0263816084381	-0.023306160468	-0.0271319324471	0.0655756509174	-0.0645512254228	-0.0177983693157	0.0123677469365	-0.0394433454731	-0.000797118019109	0.0612951929806	0.0102083516738	4.41394558672e-05	-0.037558574434	-0.058469674237	-0.0157350651415	0.0101020094396	0.0139224265441	-0.0136061150698	-0.0813125340782	-0.0161018383161	0.0156804296719	0.0138039318645	0.0341552623084	-0.00193213586116	-0.018148477135	0.0107436922336	0.0193420039847	0.010393246052	0.0680184490526	-0.0315174828075	-0.0418019039652	-0.0516809049443	0.0541352481681	-0.0424171879925
k__Bacteria;p__Bacteroidetes;c__Bacteroidia;o__Bacteroidales;f__Rikenellaceae;g__Alistipes;s__Alistipes_finegoldii	0.00736274298671	-0.0132821064473	0.0588146654772	0.0181492038332	-0.0285571934781	-0.0272636024233	0.0255254893424	0.00276892214497	1.0	-0.040635311483	0.00199255292273	0.0064428678291	-0.0421012455684	-0.019644415342	-0.0461271108458	0.0561769181684	0.0119244449753	0.0365899281997	0.00627829180671	-0.035305280628	-0.0271189484956	-0.0822950465652	-0.0143912296801	-0.0618734204102	0.0126026881553	-0.00672602173356	0.00260375981091	0.0426121065331	0.0337800122559	0.0609207807465	0.00636196628082	-0.0440612301819	0.013422072891	-0.0412359949747	0.0155371576763	-0.0447785082722	-0.032768341531	-0.0222766224619	-0.0371575244959	-0.0220607742959	-0.000794015752742	-0.0156088322681	-0.0479970098092	-0.0846761500783	-0.0135128779596	-0.0136057666897	-0.000674724945503	-0.0146059656734	-0.0460574755799	-0.035429217186	0.0126727386162	0.0074824172245	-0.0315577317117	-0.0306195598044	0.00665311449189	-0.0640270017379	0.0211082230315	0.0317266364769	-0.00643598057595
k__Bacteria;p__Bacteroidetes;c__Bacteroidia;o__Bacteroidales;f__Porphyromonadaceae;g__Parabacteroides;s__Parabacteroides_distasonis	-0.0134544589814	-0.0214206418139	-0.016160582647	0.0345540022726	-0.0285581946979	-0.0534411279183	-0.0134662381137	-0.0231144244167	-0.040635311483	1.0	-0.00506956391448	-0.00649869506883	0.00449808100867	0.00530159048141	-0.00357020150891	-0.00805124220865	-0.0311451162638	0.00860151599991	0.0492871321158	0.0131152917164	-0.0423099920981	0.0284067150402	-0.000183651700202	-0.0877380751911	-0.0117486884283	-0.0542601441626	0.00201700052043	-0.0346938415196	-0.0147152671305	-0.0126685263133	-0.0177719059541	0.0372617981952	-0.00892149983506	-0.00374181855555	-0.00168996131824	-0.0574230117781	-0.0284651110027	0.0446413616843	0.030540689868	-0.0646230563726	-0.0134184937213	-0.035249161102	-0.0295708249312	-0.0516988599674	0.0122699871341	-0.056603203747	0.0142090461381	-0.0216857022814	-0.0209927187658	0.0304273455357	0.0417677837747	0.0470621237656	0.0100876739182	0.0298094781412	0.0210859688138	-0.0360901336754	0.0173496036866	-0.0159688358848	0.0060283996826
k__Bacteria;p__Bacteroidetes;c__Bacteroidia;o__Bacteroidales;f__Bacteroidaceae;g__Bacteroides;s__Bacteroides_thetaiotaomicron	-0.0141744139308	-0.0257667976685	0.00280998253478	-0.0603757578507	-0.108911274994	0.0213396094384	0.0322365426582	-0.0673571047292	0.00199255292273	-0.00506956391448	1.0	0.000850955932084	0.0164669490531	0.0581640138305	-0.0229928276836	-0.0380067130011	-0.0421160784303	-0.0236464334098	-0.0168996391329	0.0572431877753	0.00208157827392	0.0132756749428	0.0470443831867	0.0451808026135	0.0242410661452	-0.0035225783275	0.00581498934792	0.0148962884346	-0.0237932638058	0.010310296952	0.0592210328579	0.0130138985505	0.0695988802301	-0.0618596114781	-0.0191223928227	-0.0443846428822	-0.0402086333838	0.00332671585771	-0.00689687972485	-0.0102591832744	0.00433847293033	0.00920725268987	0.0523206877873	-0.00392379783941	0.0181066473341	0.0130746299974	-0.00733993933206	0.0608377615512	0.00344326843899	-0.015561374709	-0.0192101758606	-0.0241107921454	0.0427221075601	-0.00458294926285	-0.0555118506856	-0.0582639655218	-0.004848207216	-0.0805928840642	-0.0238141819961
k__Bacteria;p__Bacteroidetes;c__Bacteroidia;o__Bacteroidales;f__Bacteroidaceae;g__Bacteroides;s__Bacteroides_coprocola	0.0497371746586	0.0324780549029	-0.00646942095131	-0.0678841104483	-0.0185910521911	0.0577496581565	-0.0107368070164	0.0224948871272	0.0064428678291	-0.00649869506883	0.000850955932084	1.0	-0.0072678504462	-0.0431861959123	-0.00705466092458	0.0593851271768	-0.020263073531	-0.0210014319617	-0.00677472750868	-0.018645146094	-0.00010574807978	-0.071223665173	-0.0428590450013	0.00155564973049	0.0555499577983	0.0228044729286	0.0253781741444	0.0367840638806	-0.0248978395648	-0.0219625365529	-0.049635328452	-0.0170784787051	-0.0214886807045	1.77650603746e-06	0.0699458121379	0.0280488047286	-0.0353069284688	0.0222492754553	-0.012874382104	-0.0215604233205	-0.0311097849307	-0.0121605349279	-0.0315747973869	-0.00181484322693	-0.0215012410909	-0.00141622709955	-0.0114964464381	-0.0299005263302	-0.0313410632118	0.0178384574508	0.0306207614486	0.0180999426182	-0.0556151299118	-0.0480271410065	0.0134647487761	-0.029487553871	-0.00779032517668	-0.0647385571523	-0.00569620611256
k__Bacteria;p__Bacteroidetes;c__Bacteroidia;o__Bacteroidales;f__Bacteroidaceae;g__Bacteroides;s__Bacteroides_cellulosilyticus	0.00786113423025	-0.00905707547353	-0.0217699988351	0.0731185204515	0.0151041394258	-0.030842471494	-0.00170594317275	-0.00191703326161	-0.0421012455684	0.00449808100867	0.0164669490531	-0.0072678504462	1.0	-0.0631892147009	-0.114698034914	-0.0084544290496	-0.000321374319121	-0.0126050698715	-0.0407310193855	0.0489252620842	0.00148466379878	-0.0229771939444	0.0151004005898	0.0482159463582	-0.0251922504801	-0.00723240190582	0.0365411887767	0.0182851132818	0.0251470814897	0.0252209197041	-0.0284567048516	-0.0621085574062	0.0499471379956	-0.0565601806686	-0.0515696491204	-0.0307385874202	-0.00489748942115	0.00895586414453	-0.0144044411902	-0.000372594849034	0.0384727263798	-0.0338310839859	0.00386550148562	0.011324017733	0.0198184630985	-0.0232080656275	0.0167193622439	-0.00924054090635	0.0443872583944	-0.0187106824834	-0.0738884484736	-0.015495947384	0.0508732585467	-0.0480285044627	-0.124776898661	-0.020286452523	-0.0585458242779	0.0480709687968	-0.0261929120938
k__Bacteria;p__Bacteroidetes;c__Bacteroidia;o__Bacteroidales;f__Rikenellaceae;g__Alistipes;s__Alistipes_obesi	0.0294467032502	-0.0149939857121	0.0189521085153	-0.00716774322346	-0.0181675493325	0.0180307007847	0.0218434396807	0.0336945833741	-0.019644415342	0.00530159048141	0.0581640138305	-0.0431861959123	-0.0631892147009	1.0	-0.0197035652482	-0.0235243408867	0.0230114532951	0.00428792340367	-0.0362285600655	0.00327795869238	0.0454094158537	-0.0231460838122	-0.0672031593987	-0.0680693685444	-0.0495579057632	0.00287094792541	-0.0289329657663	-0.0416508987803	0.00682148737983	0.000507172521367	-0.0529763238258	-0.0604842797514	0.0631252575246	0.0294703183912	-0.0144894677104	0.0171771995046	0.00703891226006	-0.000273300540997	-0.00576533177781	-0.0498985482595	-0.0229480963675	-0.0449742603567	-0.023463946576	-0.00206780062149	0.0211042489538	-0.0332142826765	0.0109567932802	0.000119402687582	-0.0206366269588	0.00132255957063	-0.0567347723947	0.0211031393226	0.0275152600277	0.020677501189	0.0074912061038	0.034617737282	-0.0172637362571	-0.00181770637398	0.0195890931471
k__Bacteria;p__Firmicutes;c__Clostridia;o__Clostridiales;f__Lachnospiraceae;g__;s__[Eubacterium]_rectale	0.00105650176005	-0.00906425790838	0.0357966234529	-0.0478993632313	-0.0188118307273	-0.0200846470562	-0.0407472834962	-0.0314811890043	-0.0461271108458	-0.00357020150891	-0.0229928276836	-0.00705466092458	-0.114698034914	-0.0197035652482	1.0	0.00665321155028	0.00470004390638	0.0158226456957	-0.0119568706813	-0.0504239074008	-0.0407525937139	-0.00608719021433	0.029560039244	-0.0358986333916	0.0600108370697	-0.0163967645812	-0.016477025255	-0.0404864281846	-0.0142170680486	0.0189971055693	0.0392168696518	-0.000196522627299	0.0322989104782	-0.00112502862569	-0.052848815177	0.029795875012	-0.0562656981032	-0.0138677452437	-0.0288290041755	-0.0292929157186	-0.0101307543976	-0.0385109102406	-0.000325397083928	-4.75664158204e-05	0.00396178540115	-0.00908829799246	-0.00415343759244	0.000955348884347	-0.018640636669	-0.00769005555328	-0.0162571662993	-0.0204038745035	-0.0332388525493	0.029945502163	0.00622949514748	0.00450119320025	0.0342889311022	-0.0432403098006	-0.0168891079851
k__Bacteria;p__Bacteroidetes;c__Bacteroidia;o__Bacteroidales;f__Bacteroidaceae;g__Bacteroides;s__Bacteroides_plebeius	-0.0303018311647	-0.0458652183779	0.0160760690229	-0.0095273318202	-0.0421070464584	0.0488432302274	-0.0298702735366	-0.000714679142913	0.0561769181684	-0.00805124220865	-0.0380067130011	0.0593851271768	-0.0084544290496	-0.0235243408867	0.00665321155028	1.0	-0.0266927206402	0.00594142790369	-0.0175446776814	0.0168877076501	-0.0145202890505	0.0157256682667	0.0179213589861	-0.0684001394915	-0.00246746692615	-0.0197665607088	-0.0109211348713	-0.00884001137071	5.05185823771e-05	0.00688199096628	-0.0103398304837	0.00746253774324	-0.0454302871987	-0.028288490058	-0.0630031031397	0.00602249771808	0.0451025396265	0.0673249239903	-0.0446212384905	-0.0581956387059	-0.0140695712915	-0.0681915406902	-0.00262658447358	0.037193856896	-0.00126462294553	0.00295005541764	0.0310678009658	0.0298843045369	-0.000517932254294	-0.0591266533672	-0.0104824089693	0.00589196438265	-0.0472081340099	-0.0665749732124	-0.0382353904404	0.0149816200098	-0.0203946746553	-0.00680246350944	-0.0231690370162
k__Bacteria;p__Bacteroidetes;c__Bacteroidia;o__Bacteroidales;f__Bacteroidaceae;g__Bacteroides;s__Bacteroides_fragilis	-0.0487348108622	-0.0129476493785	0.0175051298727	0.0661919275684	0.00224841208773	-0.0935296097516	-0.0408273350579	0.011277839049	0.0119244449753	-0.0311451162638	-0.0421160784303	-0.020263073531	-0.000321374319121	0.0230114532951	0.00470004390638	-0.0266927206402	1.0	0.0210200905493	0.0440471537867	-0.0290043913278	0.0163530286891	0.046652595342	0.0227089608552	-0.0106381961969	-0.0434706331776	-0.0155913964973	0.0270449097049	-0.0575237797501	-0.0608012885232	0.0617061366387	0.00901765832785	0.00113419657602	-0.0381243612513	-0.03174136874	0.0542642315378	0.0267129880182	0.000677909356038	0.0553982570694	-0.0409621302918	0.00802552025034	0.0484504141002	-0.0385575483419	-0.0482570097426	0.0542939319477	0.0409022876651	-0.0335045804741	-0.0389875916141	0.0229637409838	0.00200767589853	-0.0529287302188	0.00965451068228	-0.0106364242998	-0.0288584745712	-0.0256548618425	0.00761964207962	-0.0333824418119	-0.0298920056185	0.00613316236436	-0.076778860944
k__Bacteria;p__Proteobacteria;c__Betaproteobacteria;o__Burkholderiales;f__Sutterellaceae;g__Sutterella;s__Sutterella_wadsworthensis	-0.0450849124499	0.0095232202776	0.071855627888	-0.0108945131944	-0.0114804075686	-0.0258208451385	0.0050703409192	-0.0462188546826	0.0365899281997	0.00860151599991	-0.0236464334098	-0.0210014319617	-0.0126050698715	0.00428792340367	0.0158226456957	0.00594142790369	0.0210200905493	1.0	-0.0190496281434	-0.0493985694133	0.0300956544393	-0.0138373463728	-0.0230077935489	-0.00642545923486	-0.0369861317175	-0.00884016754101	0.0226338458889	-0.0425332815574	0.00981454453717	0.0114988703613	-0.0350372835842	-0.0631541446327	-0.0101332746664	0.00893607477727	0.0203755938671	-0.0362187252771	0.0338144746287	-0.0438347096724	0.0143803307516	-0.0356877702689	-0.00335067500536	0.0268996343894	0.0153972578174	0.00485652854632	-0.00646665357694	-0.0430404734248	0.0279239210123	-0.0289243256278	0.00943226903697	0.0432183835623	0.00304299206377	-0.0361324693267	0.055182721546	-0.0550750625742	-0.0363228206207	0.0762368060172	-0.0585940161184	0.0201914003038	-0.0112547797368
k__Bacteria;p__Bacteroidetes;c__Bacteroidia;o__Bacteroidales;f__Porphyromonadaceae;g__Barnesiella;s__Barnesiella_intestinihominis	-0.00435328575891	-0.000277672234196	-0.0253935050003	-0.0186916629011	0.0537080898674	-0.00946636070277	0.0199644116949	-0.0268522386032	0.00627829180671	0.0492871321158	-0.0168996391329	-0.00677472750868	-0.0407310193855	-0.0362285600655	-0.0119568706813	-0.0175446776814	0.0440471537867	-0.0190496281434	1.0	0.00475137579989	-0.0507323946802	-0.0193628228256	-0.0241085571768	-0.0175365573403	-0.0657710076191	0.0121357988923	-0.0947733185593	-0.0295511422838	-0.0470437694056	-0.0106925668563	0.00300015512951	-0.0327840671901	-0.024996043784	0.0477069113088	0.0594417598479	0.0337793705909	-0.0158331691068	-0.0715512540167	-0.0223201687694	-0.0178435417766	-0.0335520816862	-0.00973403514231	-0.0612931375694	0.0116693544882	-0.00888933592717	-0.0502088274315	-0.0227815908535	-0.0536005381107	0.00412017201184	0.0228614353497	0.0532467722403	0.0200295203664	-0.0556103457284	-0.0503569619292	-0.000200936221528	0.0570420621992	-0.0474828869062	-0.00311240505558	0.00484653070717
k__Bacteria;p__Bacteroidetes;c__Bacteroidia;o__Bacteroidales;f__Odoribacteraceae;g__Odoribacter;s__Odoribacter_splanchnicus	-0.0182693068423	-0.0350995871606	0.00888914838407	0.0222640660887	-0.0447133292508	-0.028939075485	-0.00930249221356	-0.0704174900133	-0.035305280628	0.0131152917164	0.0572431877753	-0.018645146094	0.0489252620842	0.00327795869238	-0.0504239074008	0.0168877076501	-0.0290043913278	-0.0493985694133	0.00475137579989	1.0	0.00239847669573	-0.046086692735	-0.055471532855	0.0582701434279	-0.00346838886632	-0.0486503201896	0.0512815573508	0.00539781562853	-0.02220009669	-0.0131310303211	-0.0309041551273	-0.0669112758379	0.034533112197	-0.0461195529015	-0.0141100677451	0.0162645613406	-0.00903580455709	-0.0348814224021	-0.0662985698549	-0.0165053686831	0.0016257922766	-0.0182519580716	-0.00663386995534	-0.0273461820131	-0.0386270768272	0.0198833600078	-0.00608718116132	-0.0449244474206	-0.0531147288846	-0.0287548566586	-0.0114853060041	0.0197384482315	-0.00166583862155	0.0503264537736	-0.0207446718496	-0.0211410146881	0.0528480794021	-0.0446859141074	0.0265042252534
k__Bacteria;p__Bacteroidetes;c__Bacteroidia;o__Bacteroidales;f__Bacteroidaceae;g__Bacteroides;s__Bacteroides_salyersiae	0.0234762638357	0.00439350194662	0.0184346214822	-0.0104439062197	0.0468512565779	0.0397070671748	-0.0372071617847	0.0286183725097	-0.0271189484956	-0.0423099920981	0.00208157827392	-0.00010574807978	0.00148466379878	0.0454094158537	-0.0407525937139	-0.0145202890505	0.0163530286891	0.0300956544393	-0.0507323946802	0.00239847669573	1.0	-0.000416246825299	-0.0195191359083	0.048688016173	0.00396659334643	0.0654995538569	0.000681468566432	-0.0357547037889	-0.0113251197385	0.0213240366153	0.00536679960871	0.0164201780758	0.0326254219086	-0.0227044316045	-0.0672894710824	-0.0834179432851	-0.042404433346	0.0128544875653	0.011609101253	0.040124741326	0.0171177544688	-0.00238434925024	-0.00496559912038	0.00809229565218	0.0391403109103	0.00613981094999	-0.0308847750993	0.0272521208561	-0.0420923685086	0.0541788463025	-0.0571208109446	-0.0263602208572	0.0202677944889	0.01296591336	-0.0414550369884	0.012446607706	-0.0225046996693	-0.0103489761829	0.0033315636157
k__Bacteria;p__Firmicutes;c__Clostridia;o__Clostridiales;f__Ruminococcaceae;g__Ruminiclostridium;s__[Eubacterium]_siraeum	0.00627278017724	-0.0702555541433	0.0619974938445	0.0404200182961	-0.0104158755672	0.0104552629658	0.017896554378	-0.00896072708606	-0.0822950465652	0.0284067150402	0.0132756749428	-0.071223665173	-0.0229771939444	-0.0231460838122	-0.00608719021433	0.0157256682667	0.046652595342	-0.0138373463728	-0.0193628228256	-0.046086692735	-0.000416246825299	1.0	-0.0180983006256	0.0233782085307	-0.0389442353141	-0.0818514565771	-0.0180098992844	-0.00828928954018	0.0064241534231	-0.0114173855198	-0.0562911309437	-0.0363443039029	-0.00607293060131	-0.000283687328927	-0.0641373337564	0.00690662591963	-0.0304475642119	-0.0482758558966	-0.0084347034131	-0.00475101881539	-0.00151923673006	-0.00865294711731	-0.0562261134291	0.000616416205949	0.0659680937217	0.00952693916715	-0.0423918283138	0.00143302681291	-0.0270397344181	-0.0314565397299	0.0484691570322	0.0255937234979	-0.0251694470571	-0.0188341698678	-0.0257007312698	-0.0320593460287	-0.0543968480525	-0.0177823016152	-0.0241666032357
k__Bacteria;p__Proteobacteria;c__Betaproteobacteria;o__Burkholderiales;f__Sutterellaceae;g__Parasutterella;s__Parasutterella_excrementihominis	0.018394356571	-0.0198027967974	-0.0250470347793	-0.0371497435703	-0.00895071172052	0.041628223687	-0.0151362846737	-0.0138067542371	-0.0143912296801	-0.000183651700202	0.0470443831867	-0.0428590450013	0.0151004005898	-0.0672031593987	0.029560039244	0.0179213589861	0.0227089608552	-0.0230077935489	-0.0241085571768	-0.055471532855	-0.0195191359083	-0.0180983006256	1.0	0.0582736687693	0.0195759604899	0.0415390856821	0.0160686481621	-0.0344691611744	-0.055142709866	0.0274964282407	0.0165368396599	-0.0132388009844	-0.0529802888271	0.0506217438245	-0.0455050507039	0.00631200101993	0.107815100215	-0.0173719773286	0.0444600455705	0.0362974623172	-0.0333163428938	0.0488771373972	-0.0379640012088	-0.0422569051019	-0.029144437106	-0.00454649362723	0.0230136280211	0.00650580307624	0.0203019729449	0.0299428107986	-0.0189395167636	0.0187932735124	-0.00754208745633	-0.00297385252691	-0.0717023019282	-0.0147992011332	-0.0252413442927	-0.00170304095399	-0.00806913311075
k__Bacteria;p__Actinobacteria;c__Actinobacteria;o__Bifidobacteriales;f__Bifidobacteriaceae;g__Bifidobacterium;s__Bifidobacterium_adolescentis	-0.0407108088246	-0.0319690894246	-0.0179668485376	0.0759015610899	-0.00837110624384	-0.0219382508976	0.0168850294607	-0.0247947747591	-0.0618734204102	-0.0877380751911	0.0451808026135	0.00155564973049	0.0482159463582	-0.0680693685444	-0.0358986333916	-0.0684001394915	-0.0106381961969	-0.00642545923486	-0.0175365573403	0.0582701434279	0.048688016173	0.0233782085307	0.0582736687693	1.0	-0.00825871929877	-0.0124291322645	-0.000870751342915	0.0200619087329	-0.0385038924187	-0.0192100729306	-0.0179879999622	0.0203129342441	-0.047063292002	0.028302607677	0.0504145993196	0.0234053656848	0.0364075000134	-0.0256806546232	-0.00183047075101	0.0157396466285	-0.0281493503575	0.0395566206741	-0.0101976569346	-0.00976860906749	-0.0597895308925	-0.00577844750712	0.00383254802574	0.0159671758818	0.00301222914988	-0.0252272273876	-0.0324635738199	-0.0274274438163	0.000783950747367	0.00637618186906	-0.0320126113309	-0.0180748065933	0.00543968838172	0.017859053155	-0.0306840004577
k__Bacteria;p__Firmicutes;c__Clostridia;o__Clostridiales;f__Oscillospiraceae;g__Oscillibacter;s__Oscillibacter_sp._KLE_1745	0.00152857341426	-0.0287272473821	-0.0273370887903	0.0197060147382	-0.0434953449614	-0.0227622984873	-0.000867078613656	0.0128841061107	0.0126026881553	-0.0117486884283	0.0242410661452	0.0555499577983	-0.0251922504801	-0.0495579057632	0.0600108370697	-0.00246746692615	-0.0434706331776	-0.0369861317175	-0.0657710076191	-0.00346838886632	0.00396659334643	-0.0389442353141	0.0195759604899	-0.00825871929877	1.0	-0.0208670171013	-0.012693210831	-0.00260619685963	0.0545931734566	0.0121998485602	-0.0652783410732	0.00353943232798	0.0128868818597	0.00223196508103	-0.0225077143529	0.00291078828906	-0.014223480942	0.0218521718683	-0.0403371731632	0.0599466749025	-0.0196771836335	-0.0401653303172	0.0231728112573	-0.0144301644457	-0.0220405546298	-0.0306919820221	0.060805799385	-2.0435190141e-05	-0.0313873044703	0.0371811759961	-0.0248516700342	0.0334094196435	0.0322660535565	-0.0498145417856	-0.00343895358359	-0.0623777664768	-0.0125643372601	-0.0536196542144	-0.020969643047
k__Bacteria;p__Bacteroidetes;c__Bacteroidia;o__Bacteroidales;f__Bacteroidaceae;g__Bacteroides;s__Bacteroides_coprophilus	-0.0120115517702	0.0105457663765	-0.0458487182544	-0.0216906446688	0.0181562267323	0.0475849809692	-0.0137653788179	-0.0263816084381	-0.00672602173356	-0.0542601441626	-0.0035225783275	0.0228044729286	-0.00723240190582	0.00287094792541	-0.0163967645812	-0.0197665607088	-0.0155913964973	-0.00884016754101	0.0121357988923	-0.0486503201896	0.0654995538569	-0.0818514565771	0.0415390856821	-0.0124291322645	-0.0208670171013	1.0	-0.0367329022817	0.0450997844633	-0.0324124366719	-0.00188938565455	-0.00886148945868	-0.0352426316855	-0.00220698340686	0.0383847886285	-0.00706976702681	-0.0289963893574	-0.0646554978846	0.0309601726851	-0.00352593454364	-0.0417104763619	0.00365480205647	-0.0472433661115	-0.0330760658296	-0.0890623666995	0.00528530575631	0.0278717979625	0.0170187697078	-0.0392359230147	0.00928141882188	0.019631529979	0.00502123385523	0.0260199291355	-0.0422033286323	0.0165117977617	0.0326764210337	0.0228362509689	0.000937593189127	-0.0187854377453	-0.0119520266684
k__Bacteria;p__Firmicutes;c__Clostridia;o__Clostridiales;f__Lachnospiraceae;g__Roseburia;s__Roseburia_intestinalis	0.00992328422791	-0.0101474926205	-0.0327476412853	0.0200425883135	-0.0269451091036	0.00925516791183	-0.0171907022114	-0.023306160468	0.00260375981091	0.00201700052043	0.00581498934792	0.0253781741444	0.0365411887767	-0.0289329657663	-0.016477025255	-0.0109211348713	0.0270449097049	0.0226338458889	-0.0947733185593	0.0512815573508	0.000681468566432	-0.0180098992844	0.0160686481621	-0.000870751342915	-0.012693210831	-0.0367329022817	1.0	0.0597405365842	0.0639475583558	-0.0672780198374	0.00505472295746	0.0194976247936	0.000624553374392	-0.0583849570121	0.0111489947946	-0.0406301835976	0.0455757829733	-0.0430474045762	0.013766529421	-0.0477344810948	-0.029980687735	-0.0113652939352	-0.0132288196268	-0.0424380596771	0.0159104221085	-0.00150927345339	-0.042301425503	-0.0280520610103	-0.011113504913	-0.0163812233522	-0.00149021997326	0.00291864660942	-0.020497990752	0.0612604964116	-0.0104875096917	0.0488583121917	0.012588680791	-0.00503189712487	-0.0360127174426
k__Bacteria;p__Firmicutes;c__Clostridia;o__Clostridiales;f__Lachnospiraceae;g__Roseburia;s__Roseburia_hominis	0.0282732783304	-0.000992070339728	-0.0591803464486	0.049166328778	0.0273767719254	0.0290143493411	-0.042647346415	-0.0271319324471	0.0426121065331	-0.0346938415196	0.0148962884346	0.0367840638806	0.0182851132818	-0.0416508987803	-0.0404864281846	-0.00884001137071	-0.0575237797501	-0.0425332815574	-0.0295511422838	0.00539781562853	-0.0357547037889	-0.00828928954018	-0.0344691611744	0.0200619087329	-0.00260619685963	0.0450997844633	0.0597405365842	1.0	-0.00536639466063	-0.0861628769946	0.00229905376385	-0.0255494651897	0.0281740903607	0.0100816422439	0.00622345727703	0.0123298327583	-0.0618357154019	0.0145147512551	-0.0504181754054	-0.0167639818084	0.0153026042847	-0.0652990757959	0.00888788527478	0.0114095190967	-0.0351504086469	0.0159367149858	0.0344887516826	-0.0566980932139	-0.0975247119503	-0.00190236754952	0.0423223147654	0.00435137023216	-0.021554214802	-0.0245333634565	-0.00719541138008	-0.0157649610058	-0.0439103770025	-0.0485027731297	0.0148992955472
k__Bacteria;p__Bacteroidetes;c__Bacteroidia;o__Bacteroidales;f__Porphyromonadaceae;g__Parabacteroides;s__Parabacteroides_johnsonii	0.00923824463794	-0.0134171900779	-0.0424005236415	0.0355784295704	-0.0244015324436	0.0115768683223	0.0291095917284	0.0655756509174	0.0337800122559	-0.0147152671305	-0.0237932638058	-0.0248978395648	0.0251470814897	0.00682148737983	-0.0142170680486	5.05185823771e-05	-0.0608012885232	0.00981454453717	-0.0470437694056	-0.02220009669	-0.0113251197385	0.0064241534231	-0.055142709866	-0.0385038924187	0.0545931734566	-0.0324124366719	0.0639475583558	-0.00536639466063	1.0	-0.0219670140075	-0.0237065541667	-0.0202041908239	0.0202918429998	-0.0249413413857	-0.034157516751	-0.0445063299197	-0.00739895000036	-0.00525373103085	-0.0381543475942	0.0298463884354	0.0541121014033	0.0199605291464	0.0536710839478	-0.00991727227944	-0.0181120758513	0.037793763962	-0.0547483824437	-0.00299642132175	-0.0105826427701	-0.0267199221224	-0.0180683611658	-0.0134588453509	-0.0231480599545	0.0395918933118	0.0578907512534	-0.0111444054024	-0.00920654600538	-0.0471857571054	0.0115124637062
