#taxonomy	k__Bacteria;p__Bacteroidetes;c__Bacteroidia;o__Bacteroidales;f__Bacteroidaceae;g__Bacteroides;s__Bacteroides_vulgatus	k__Bacteria;p__Bacteroidetes;c__Bacteroidia;o__Bacteroidales;f__Bacteroidaceae;g__Bacteroides;s__Bacteroides_uniformis	k__Bacteria;p__Bacteroidetes;c__Bacteroidia;o__Bacteroidales;f__Rikenellaceae;g__Alistipes;s__Alistipes_putredinis	k__Bacteria;p__Bacteroidetes;c__Bacteroidia;o__Bacteroidales;f__Prevotellaceae;g__Prevotella;s__Prevotella_copri	k__Bacteria;p__Bacteroidetes;c__Bacteroidia;o__Bacteroidales;f__Bacteroidaceae;g__Bacteroides;s__Bacteroides_stercoris	k__Bacteria;p__Bacteroidetes;c__Bacteroidia;o__Bacteroidales;f__Bacteroidaceae;g__Bacteroides;s__Bacteroides_ovatus	k__Bacteria;p__Bacteroidetes;c__Bacteroidia;o__Bacteroidales;f__Rikenellaceae;g__Alistipes;s__Alistipes_shahii	k__Bacteria;p__Firmicutes;c__Clostridia;o__Clostridiales;f__Ruminococcaceae;g__Faecalibacterium;s__Faecalibacterium_prausnitzii	k__Bacteria;p__Bacteroidetes;c__Bacteroidia;o__Bacteroidales;f__Rikenellaceae;g__Alistipes;s__Alistipes_finegoldii	k__Bacteria;p__Bacteroidetes;c__Bacteroidia;o__Bacteroidales;f__Porphyromonadaceae;g__Parabacteroides;s__Parabacteroides_distasonis	k__Bacteria;p__Bacteroidetes;c__Bacteroidia;o__Bacteroidales;f__Bacteroidaceae;g__Bacteroides;s__Bacteroides_thetaiotaomicron	k__Bacteria;p__Bacteroidetes;c__Bacteroidia;o__Bacteroidales;f__Bacteroidaceae;g__Bacteroides;s__Bacteroides_coprocola	k__Bacteria;p__Bacteroidetes;c__Bacteroidia;o__Bacteroidales;f__Bacteroidaceae;g__Bacteroides;s__Bacteroides_cellulosilyticus	k__Bacteria;p__Bacteroidetes;c__Bacteroidia;o__Bacteroidales;f__Rikenellaceae;g__Alistipes;s__Alistipes_obesi	k__Bacteria;p__Firmicutes;c__Clostridia;o__Clostridiales;f__Lachnospiraceae;g__;s__[Eubacterium]_rectale	k__Bacteria;p__Bacteroidetes;c__Bacteroidia;o__Bacteroidales;f__Bacteroidaceae;g__Bacteroides;s__Bacteroides_plebeius	k__Bacteria;p__Bacteroidetes;c__Bacteroidia;o__Bacteroidales;f__Bacteroidaceae;g__Bacteroides;s__Bacteroides_fragilis	k__Bacteria;p__Proteobacteria;c__Betaproteobacteria;o__Burkholderiales;f__Sutterellaceae;g__Sutterella;s__Sutterella_wadsworthensis	k__Bacteria;p__Bacteroidetes;c__Bacteroidia;o__Bacteroidales;f__Porphyromonadaceae;g__Barnesiella;s__Barnesiella_intestinihominis	k__Bacteria;p__Bacteroidetes;c__Bacteroidia;o__Bacteroidales;f__Odoribacteraceae;g__Odoribacter;s__Odoribacter_splanchnicus	k__Bacteria;p__Bacteroidetes;c__Bacteroidia;o__Bacteroidales;f__Bacteroidaceae;g__Bacteroides;s__Bacteroides_salyersiae	k__Bacteria;p__Firmicutes;c__Clostridia;o__Clostridiales;f__Ruminococcaceae;g__Ruminiclostridium;s__[Eubacterium]_siraeum	k__Bacteria;p__Proteobacteria;c__Betaproteobacteria;o__Burkholderiales;f__Sutterellaceae;g__Parasutterella;s__Parasutterella_excrementihominis	k__Bacteria;p__Actinobacteria;c__Actinobacteria;o__Bifidobacteriales;f__Bifidobacteriaceae;g__Bifidobacterium;s__Bifidobacterium_adolescentis	k__Bacteria;p__Firmicutes;c__Clostridia;o__Clostridiales;f__Oscillospiraceae;g__Oscillibacter;s__Oscillibacter_sp._KLE_1745	k__Bacteria;p__Bacteroidetes;c__Bacteroidia;o__Bacteroidales;f__Bacteroidaceae;g__Bacteroides;s__Bacteroides_coprophilus	k__Bacteria;p__Firmicutes;c__Clostridia;o__Clostridiales;f__Lachnospiraceae;g__Roseburia;s__Roseburia_intestinalis	k__Bacteria;p__Firmicutes;c__Clostridia;o__Clostridiales;f__Lachnospiraceae;g__Roseburia;s__Roseburia_hominis	k__Bacteria;p__Bacteroidetes;c__Bacteroidia;o__Bacteroidales;f__Porphyromonadaceae;g__Parabacteroides;s__Parabacteroides_johnsonii	k__Bacteria;p__Actinobacteria;c__Actinobacteria;o__Bifidobacteriales;f__Bifidobacteriaceae;g__Bifidobacterium;s__Bifidobacterium_longum	k__Bacteria;p__Firmicutes;c__Clostridia;o__Clostridiales;f__;g__Flavonifractor;s__Flavonifractor_plautii	k__Bacteria;p__Firmicutes;c__Clostridia;o__Clostridiales;f__Clostridiaceae;g__Clostridium;s__Clostridium_phoceensis	k__Bacteria;p__Verrucomicrobia;c__Verrucomicrobiae;o__Verrucomicrobiales;f__Akkermansiaceae;g__Akkermansia;s__Akkermansia_muciniphila	k__Bacteria;p__Bacteroidetes;c__Bacteroidia;o__Bacteroidales;f__Prevotellaceae;g__Paraprevotella;s__Paraprevotella_xylaniphila	k__Bacteria;p__Firmicutes;c__Clostridia;o__Clostridiales;f__Ruminococcaceae;g__Ruminococcus;s__Ruminococcus_callidus	k__Bacteria;p__Bacteroidetes;c__Bacteroidia;o__Bacteroidales;f__Rikenellaceae;g__Alistipes;s__Alistipes_senegalensis	k__Bacteria;p__Firmicutes;c__Clostridia;o__Clostridiales;f__Lachnospiraceae;g__Blautia;s__Blautia_sp._KLE_1732	k__Bacteria;p__Bacteroidetes;c__Bacteroidia;o__Bacteroidales;f__Bacteroidaceae;g__Bacteroides;s__Bacteroides_oleiciplenus	k__Bacteria;p__Firmicutes;c__Clostridia;o__Clostridiales;f__Ruminococcaceae;g__Ruminococcus;s__Ruminococcus_bicirculans	k__Bacteria;p__Bacteroidetes;c__Bacteroidia;o__Bacteroidales;f__Bacteroidaceae;g__Bacteroides;s__Bacteroides_fluxus	k__Bacteria;p__Bacteroidetes;c__Bacteroidia;o__Bacteroidales;f__Prevotellaceae;g__Prevotella;s__Prevotella_stercorea	k__Bacteria;p__Firmicutes;c__Clostridia;o__Clostridiales;f__Lachnospiraceae;g__Dorea;s__Dorea_longicatena	k__Bacteria;p__Firmicutes;c__Clostridia;o__Clostridiales;f__Eubacteriaceae;g__Eubacterium;s__[Eubacterium]_eligens	k__Bacteria;p__Firmicutes;c__Clostridia;o__Clostridiales;f__Ruminococcaceae;g__;s__Ruminococcaceae_bacterium_D16	k__Bacteria;p__Firmicutes;c__Clostridia;o__Clostridiales;f__Lachnospiraceae;g__Coprococcus;s__Coprococcus_comes	k__Bacteria;p__Proteobacteria;c__Gammaproteobacteria;o__Enterobacterales;f__Enterobacteriaceae;g__Escherichia;s__Escherichia_coli	k__Bacteria;p__Firmicutes;c__Clostridia;o__Clostridiales;f__Ruminococcaceae;g__Anaerotruncus;s__Anaerotruncus_colihominis	k__Bacteria;p__Firmicutes;c__Clostridia;o__Clostridiales;f__Lachnospiraceae;g__Blautia;s__Blautia_obeum	k__Bacteria;p__Bacteroidetes;c__Bacteroidia;o__Bacteroidales;f__Odoribacteraceae;g__Odoribacter;s__Odoribacter_laneus	k__Bacteria;p__Firmicutes;c__Clostridia;o__Clostridiales;f__Ruminococcaceae;g__Ruminiclostridium;s__[Clostridium]_leptum	k__Bacteria;p__Bacteroidetes;c__Bacteroidia;o__Bacteroidales;f__Porphyromonadaceae;g__Parabacteroides;s__Parabacteroides_goldsteinii	k__Bacteria;p__Firmicutes;c__Clostridia;o__Clostridiales;f__Lachnospiraceae;g__Anaerostipes;s__Anaerostipes_hadrus	k__Bacteria;p__Firmicutes;c__Clostridia;o__Clostridiales;f__Ruminococcaceae;g__Ruminococcus;s__Ruminococcus_lactaris	k__Bacteria;p__Firmicutes;c__Clostridia;o__Clostridiales;f__Clostridiaceae;g__Clostridium;s__Clostridium_sp._L2-50	k__Bacteria;p__Firmicutes;c__Clostridia;o__Clostridiales;f__Clostridiaceae;g__Clostridium;s__Clostridium_sp._M62/1	k__Bacteria;p__Firmicutes;c__Clostridia;o__Clostridiales;f__;g__Intestinimonas;s__Intestinimonas_butyriciproducens	k__Bacteria;p__Actinobacteria;c__Actinobacteria;o__Bifidobacteriales;f__Bifidobacteriaceae;g__Bifidobacterium;s__Bifidobacterium_bifidum	k__Bacteria;p__Firmicutes;c__Negativicutes;o__Veillonellales;f__Veillonellaceae;g__Dialister;s__Dialister_invisus	k__Bacteria;p__Bacteroidetes;c__Bacteroidia;o__Bacteroidales;f__Bacteroidaceae;g__Bacteroides;s__Bacteroides_salanitronis
k__Bacteria;p__Bacteroidetes;c__Bacteroidia;o__Bacteroidales;f__Bacteroidaceae;g__Bacteroides;s__Bacteroides_vulgatus	1.0	-0.0299791242259	-0.0427986904266	-0.0646907052598	-0.00870913245623	-0.0351516743589	0.0347801361143	-0.0506115730182	0.0137161421784	-0.0788552321619	0.0281979604641	0.00601891892818	0.024943170006	0.0248458237279	-0.0584697079284	0.000118358313409	0.000962069836611	-0.0404136955197	0.00923931860381	0.035622540016	0.0347527435654	0.0214604748634	-0.00416687607852	-0.0381875453336	0.0296653967393	-0.0376683617747	-0.0499412049292	0.0325161973606	0.0323468132591	0.0106133753023	-0.0295424094204	0.00822787472065	-0.0324607008603	-0.0426479248998	-0.0120748112803	-0.00462932420053	0.0340297020976	0.00397084863103	-0.0343240537409	-0.0445155614933	-0.0200816935848	0.0052798510739	0.0529471268949	-0.0381880301588	-0.025867100649	-0.0139403628361	-0.0392396349061	-0.0106633745424	0.0211605666592	-0.0246167149357	-0.000944821892455	0.0134245015837	-0.0354682813893	-0.0277095940726	-0.0179471700329	-0.0502538679148	0.0398979666145	0.0510485564156	-0.083385359325
k__Bacteria;p__Bacteroidetes;c__Bacteroidia;o__Bacteroidales;f__Bacteroidaceae;g__Bacteroides;s__Bacteroides_uniformis	-0.0299791242259	1.0	-0.0629981140811	0.00372674320441	0.0344347660477	0.0115095378819	0.0189999342569	0.00388449335311	0.0298464813033	0.00276736286157	0.0244493919963	-0.0163315803549	-0.0165506129386	-0.0273376935236	0.0787886802169	-0.0423924809743	-0.0295617193617	0.0560892562035	-0.00948391371764	0.0556344138193	0.02340473001	0.00533026093989	-0.0121295435695	0.00800591561527	0.0014434886294	-0.00739881862063	0.0247192860702	0.014833162863	-0.0484372654994	-0.00481990885591	0.0122540007863	0.0028916780388	-0.0164143610052	0.0604268215127	-0.0242193647038	-0.0459029656466	0.0102209934351	0.0378677475975	0.0203124612962	-0.0308366012351	-0.0176910485089	6.36672925557e-05	0.021487420784	-0.0329312534299	-0.0556888750133	0.0227963280081	-0.0276792329879	-0.0682860883541	0.00828040249842	-0.0109252238784	0.0282666049365	0.00886870256596	-0.0573050077081	-0.0455635444981	-0.0213686912593	-0.059099596507	0.00853663814164	0.000413515080755	-0.00916702045
k__Bacteria;p__Bacteroidetes;c__Bacteroidia;o__Bacteroidales;f__Rikenellaceae;g__Alistipes;s__Alistipes_putredinis	-0.0427986904266	-0.0629981140811	1.0	-0.0163165828724	-0.00602038690407	0.0740139923352	-0.0334640408152	-0.00971957749953	-0.0751194109077	-0.0692544671047	-0.0247833160934	-0.0351057603241	-0.0103440863179	-0.00137321510324	0.0155302850665	0.0605438526348	0.0228316224742	0.00842974355032	0.0651687710266	-0.0156463390949	0.0112128866636	-0.000574257282781	0.00103249831241	0.0250990734546	-0.0562631276231	-0.0571949225892	-0.00582073397204	0.0223924908744	0.0319708711323	0.0149158482594	0.0425805446179	0.0286479043983	0.00324355895889	-0.00960727737592	-0.0513958679806	-0.0667913493733	-0.034907948916	-0.0396518899845	0.0181701384539	-0.0126325775819	-0.0440114866957	0.00620049637368	-0.0416512794145	-0.0318434328116	-0.0101649156874	0.0100668697255	0.00570149237256	0.0154568786554	0.0379650104685	-0.0211360523195	-0.0125736594858	0.00615985459795	0.00473176782862	0.00341497162937	-0.00520834300413	-0.0630614424618	-0.0976265127196	-0.0548725841592	0.0566849616642
k__Bacteria;p__Bacteroidetes;c__Bacteroidia;o__Bacteroidales;f__Prevotellaceae;g__Prevotella;s__Prevotella_copri	-0.0646907052598	0.00372674320441	-0.0163165828724	1.0	-0.00160782043856	-0.0401121601107	-0.0198993126209	-0.0265048423405	-0.0560652785311	-0.0256883276517	-0.0115507306736	0.00616212022539	-0.00902371424533	-0.0349560087008	-0.00727443721312	0.044361436375	-0.011345935651	0.019862395139	-0.00774678406883	0.00330138502437	-0.0285519924782	-0.0268239340938	-0.0216298191675	0.0132312914125	-0.0115396207819	-0.0149126804322	0.0462061770479	0.0063731728592	-0.0115597177768	0.00184726321842	-0.0156096893177	0.0125520088251	-0.0201362437696	0.0395376578505	-0.0249156599853	0.0342341537721	0.074532316671	-0.0265771103377	0.0436984369654	-0.00249798591868	0.0102729605831	-0.0219268147702	-0.0257481668536	-0.0233368026752	-0.031146863977	-0.0159788746153	-0.0296248983109	0.0052354415874	-0.0108693782222	0.0130315688803	-0.008830120995	-0.00711094146041	0.0437592299239	-0.00626302433165	0.0327479485251	0.0678234956375	-0.0190695657658	-0.0127391875683	-0.0141135603837
k__Bacteria;p__Bacteroidetes;c__Bacteroidia;o__Bacteroidales;f__Bacteroidaceae;g__Bacteroides;s__Bacteroides_stercoris	-0.00870913245623	0.0344347660477	-0.00602038690407	-0.00160782043856	1.0	-0.00379719286635	0.0376435889399	-0.0174256476466	-0.0391419339453	0.00618097175868	-0.0123831041029	-0.0690453687024	-0.0269968027416	-0.0302338538889	0.00337457510723	0.0456696227169	-0.0193048340855	-0.0132044926436	-0.0569161789243	-0.0301596072333	0.0270748203693	0.00310433612117	0.0352738889406	0.0119662967377	0.0524113422181	0.0188627168492	-0.00930548935931	0.0506856925446	-5.35847242246e-05	0.0313322403905	-0.0296058309389	0.0170296842297	0.0274595096681	0.0738166519074	0.0303421027607	-0.00348949029603	-0.0358884261289	-0.0142304192654	-0.00886946569198	-0.0292048247277	-0.00866299571786	-0.0337837533242	-0.0233907323029	-0.0458977250227	-0.0399311990985	-0.00335993623741	0.0129327907031	-0.0161623613616	-0.0298333764489	0.0127244467957	0.00875757645288	-0.0160669051684	0.0790761968665	0.0758831265934	0.0645654657183	-0.0247075689181	0.0195992967178	-0.0570435228885	-0.0199129313406
k__Bacteria;p__Bacteroidetes;c__Bacteroidia;o__Bacteroidales;f__Bacteroidaceae;g__Bacteroides;s__Bacteroides_ovatus	-0.0351516743589	0.0115095378819	0.0740139923352	-0.0401121601107	-0.00379719286635	1.0	0.0247169956799	-0.00521398285263	-0.0108112275375	0.00796954506621	-0.00848657506973	0.00589786890873	0.0394821574782	-0.0129856586776	0.0312569622119	0.00141795334202	-0.0065826324062	-0.0325372907625	-0.0349510321154	-0.010777028535	0.0005609161466	-0.0624296942154	-0.00883495596672	-0.0181349816763	-0.0232556278314	-0.0434189198135	-0.0253700732406	-0.0568929234807	0.0207082642268	0.0139150862426	0.0193954057458	0.0465109410389	-0.0254493999544	0.0129937287412	-0.0436337592443	-0.00251347244432	-0.0309777202656	-0.0202444731774	0.0195651947367	-0.0215002765684	-0.0184086032167	-0.0425619870432	0.0309015299442	-0.0362042448081	-0.0340168961445	-0.0339816214248	-0.0095286131864	0.00366106864085	0.009633402315	-0.0303371884033	0.00962379103715	0.0497649554121	0.0755148946674	-0.00036555277028	-0.0462294198651	-0.0262353520103	-0.0502714793884	-0.0196047000237	-0.0339355313459
k__Bacteria;p__Bacteroidetes;c__Bacteroidia;o__Bacteroidales;f__Rikenellaceae;g__Alistipes;s__Alistipes_shahii	0.0347801361143	0.0189999342569	-0.0334640408152	-0.0198993126209	0.0376435889399	0.0247169956799	1.0	-0.00159218027112	0.030977581504	-0.00226859550448	0.00694154473793	-0.0408801088453	-0.00124711708304	-0.00681905724019	0.0327404476158	-0.0221398662888	-0.0171349556881	0.00390005746792	0.0477651850602	0.0419110943088	-0.0149809014818	0.00877878110191	-0.00235717459126	-0.0307637790927	0.0550146095588	-0.0111781241996	-0.0396069556144	-0.00176483204874	-0.0104722268868	0.00686020220589	0.0181908095328	-0.0327547716381	-0.0267418571888	-0.029367614209	-0.00750423291649	0.0092690160643	-0.0447140276005	-0.00286475287194	-0.0852448151426	0.0182639806308	-0.0124791838563	-0.000447722012823	0.0376402296487	0.0151497362903	0.017501971975	-0.0850817416475	0.022697730304	-0.0171477250302	0.00753592004577	-0.00435144859701	-0.0133174877872	-0.02351061824	-0.037104478806	-0.0477748052665	-0.0701080998372	0.0172524039506	0.0131313081647	-0.0902439809273	0.0166457278289
k__Bacteria;p__Firmicutes;c__Clostridia;o__Clostridiales;f__Ruminococcaceae;g__Faecalibacterium;s__Faecalibacterium_prausnitzii	-0.0506115730182	0.00388449335311	-0.00971957749953	-0.0265048423405	-0.0174256476466	-0.00521398285263	-0.00159218027112	1.0	0.00210925101754	0.025122932316	-0.0476457456044	-0.0125421674058	-0.0122012858454	-0.00281964720582	-0.0260381543101	0.027382012982	-0.0432715522395	-0.0777884158125	0.0143472189724	-0.083755760669	-0.0248904932829	0.0118179810433	-0.0403251324845	-0.00999676866031	-0.0320065014118	0.0222051151632	0.0166151649029	-0.0262213342447	0.0210988098596	-0.00616299817249	-0.0108955006482	0.0175523445347	-0.0265513462354	0.0102968268897	0.0225465606444	-0.0657155623862	-0.00983648263806	-0.025611015983	-0.0285529471259	-0.026783549339	-0.0671471638853	0.0197291012089	-0.0202572108208	0.0263007733163	0.112412656605	0.00043181683081	0.00878411242942	0.0117329026061	0.0487771481288	0.0806459892179	-0.0374154064478	0.0281956114579	-0.0240836948949	0.0206353237008	0.0399278859606	0.0266687263978	0.00453809864972	0.000316669288649	-0.0103877294362
k__Bacteria;p__Bacteroidetes;c__Bacteroidia;o__Bacteroidales;f__Rikenellaceae;g__Alistipes;s__Alistipes_finegoldii	0.0137161421784	0.0298464813033	-0.0751194109077	-0.0560652785311	-0.0391419339453	-0.0108112275375	0.030977581504	0.00210925101754	1.0	0.00388900515624	-0.0225838700092	-0.0142170523373	-0.0199544208363	-0.0397749251637	0.0193935819479	-0.0385009418112	0.00892854293355	-0.0185948101541	0.00267382471985	0.00579801428068	-0.0120888530218	-0.0365917294888	0.0255192303911	-0.0386301603632	0.0337775575872	0.0527520921745	-0.00499745695727	0.0528470498517	-0.0494064220145	-0.00171251119441	-0.0330770360315	0.0143927896273	-0.0182321179688	-0.0456410747011	0.0415592747771	0.0719527899053	0.0248036254416	-0.0488721349215	0.0539766926737	0.0297017199634	0.0112493564461	0.0347181741897	-0.0102422297698	-0.0493414441976	-0.0815909560559	-0.0720727052854	-0.0543151004686	-0.0490139533331	-0.00626631188702	-0.00557605717262	0.00489918404133	-0.0251191091659	0.015242439859	-0.0333033785961	-0.0268177174222	-0.0151021312854	0.0191470825041	-0.0502397186626	0.000630730500831
k__Bacteria;p__Bacteroidetes;c__Bacteroidia;o__Bacteroidales;f__Porphyromonadaceae;g__Parabacteroides;s__Parabacteroides_distasonis	-0.0788552321619	0.00276736286157	-0.0692544671047	-0.0256883276517	0.00618097175868	0.00796954506621	-0.00226859550448	0.025122932316	0.00388900515624	1.0	-0.0480626210356	0.00563229964833	0.0128507013921	0.0149809730533	0.0558138201412	-0.0327818639051	-0.0761210280258	-0.0114116673139	-0.0171652536235	0.0207122584206	-0.00305258653998	-0.0158734042411	-0.0435078054145	0.05080277197	-0.0185174272736	-0.039736079432	-0.0549124139277	0.00871982068521	0.00443269685396	-0.036118566947	0.0178070249702	-0.121325604184	-0.0357605697948	-0.0135905975862	-0.0239565777286	0.0717530423507	0.00590031697775	0.0453203706332	0.0738932662671	0.0259250003362	-0.031508423836	-0.0127223656706	-0.0214548971347	-0.0100954900491	0.0173755229234	-0.0250073017462	0.0342327818775	-0.0158360322848	-0.0185339535821	-0.0339562768581	-0.0253867477598	-0.0317372918804	-0.00976894212693	-0.0223716286291	-0.0042167832748	-0.00845432791351	-0.0303620396668	-0.0168903060065	0.025093686896
k__Bacteria;p__Bacteroidetes;c__Bacteroidia;o__Bacteroidales;f__Bacteroidaceae;g__Bacteroides;s__Bacteroides_thetaiotaomicron	0.0281979604641	0.0244493919963	-0.0247833160934	-0.0115507306736	-0.0123831041029	-0.00848657506973	0.00694154473793	-0.0476457456044	-0.0225838700092	-0.0480626210356	1.0	-0.0418380794499	-0.00598647486468	-0.0165243308027	0.00590216668058	0.00725965682327	-0.0191461314289	0.0168168852437	-0.0144508128057	0.00540763988993	0.0348481692053	0.0376935534228	-0.0446947872727	-0.0116803865915	0.0200987013723	0.051283515266	-0.0142398038093	0.0142235367902	-0.0208073518538	0.0108471799137	-0.0730455262997	-0.00286749404381	0.000314604441114	-0.0466245661846	-0.0134261253272	0.0683753967031	0.0456602250679	-0.00932963575455	-0.0309951382792	0.0407269421956	0.0223907712073	-0.0140404582597	-0.0688547578914	-0.0479088876843	0.0128503019803	0.0519414760302	-0.0340494913638	0.0385703911926	-0.00394378263742	-0.0179377420594	0.0200805349934	-0.03960898409	0.00412615092904	-0.0225193729003	-0.0105631952274	-0.0525252061887	-0.0116620652811	-0.0133522453527	0.00884759585554
k__Bacteria;p__Bacteroidetes;c__Bacteroidia;o__Bacteroidales;f__Bacteroidaceae;g__Bacteroides;s__Bacteroides_coprocola	0.00601891892818	-0.0163315803549	-0.0351057603241	0.00616212022539	-0.0690453687024	0.00589786890873	-0.0408801088453	-0.0125421674058	-0.0142170523373	0.00563229964833	-0.0418380794499	1.0	-0.0261239202011	-0.0628434951024	-0.0152896447839	-0.0378018667165	-0.0228435437996	0.014663642521	-0.0394416921715	-0.0141723128779	-0.0103877228896	0.00376264541678	-0.0168956653516	-0.0265908364125	0.011918005115	0.00845533114284	-0.0213864402517	-0.0122798989077	0.0135125976246	-0.0091077617043	0.0158313353322	-0.0284287241348	0.0219338403777	0.0403458498772	0.034759471415	0.00666690190205	-0.0342636907773	-0.0316369850668	-0.0326036621926	-0.0490533622681	0.00284997724403	-0.0761317755262	0.0390888391929	-0.0198017308297	-0.00796555655368	-0.0239669945171	-0.0319024543617	-0.0233627947275	-0.0262634369074	-0.0684183724701	0.0104127416564	0.0157368561652	0.0177889978223	0.0749883241838	0.062988111156	0.0152762255544	0.000462489094147	-0.0297144607835	-0.0103774161681
k__Bacteria;p__Bacteroidetes;c__Bacteroidia;o__Bacteroidales;f__Bacteroidaceae;g__Bacteroides;s__Bacteroides_cellulosilyticus	0.024943170006	-0.0165506129386	-0.0103440863179	-0.00902371424533	-0.0269968027416	0.0394821574782	-0.00124711708304	-0.0122012858454	-0.0199544208363	0.0128507013921	-0.00598647486468	-0.0261239202011	1.0	0.078431876576	0.0111982630037	0.0128259178628	-0.0392333652932	0.0133713116229	-0.0300822429641	0.0598997706105	-0.00844439356955	-0.000862566917494	-0.0616968988799	0.0273852431012	-0.0418671238071	-0.0482382636345	0.0279251252047	0.0389260271661	-0.00124194606494	-0.0223403198394	0.00875848160356	-0.0572195834048	-0.013773735678	-0.0578233288848	-0.0131147455345	-0.0582964527133	0.00289822885731	0.0161691181075	0.013703145481	-0.00692667916162	0.0417769900365	-0.0393998787084	-0.00109809371919	0.0210493748744	-0.0280226999115	-0.0185999008727	0.000910293236257	-0.0278349139487	-0.0356849314263	-0.0135304932885	0.035836253689	0.0099736762199	-0.0920630977544	-0.0249183280591	-0.0303136951278	-0.00820842306424	0.0265799468722	-0.0580240952415	-0.0299463821036
k__Bacteria;p__Bacteroidetes;c__Bacteroidia;o__Bacteroidales;f__Rikenellaceae;g__Alistipes;s__Alistipes_obesi	0.0248458237279	-0.0273376935236	-0.00137321510324	-0.0349560087008	-0.0302338538889	-0.0129856586776	-0.00681905724019	-0.00281964720582	-0.0397749251637	0.0149809730533	-0.0165243308027	-0.0628434951024	0.078431876576	1.0	0.00113525298126	-0.00278446674309	-0.0534755105642	0.0313562387725	0.0318658877665	-0.0219231480553	0.0339864535985	-0.0285914962145	0.0224028375947	-0.024304999029	0.00390051065585	-0.0541962254141	0.0394918728391	0.00116583912612	-0.00458225754013	-0.0140795564947	0.0117842753657	-0.00164008919732	-0.0503127565078	-0.0493566017668	-0.00106307702492	0.00855953786089	-0.00982730456686	-0.0217437068676	0.00464043611222	-0.0282517879959	-0.00319546053286	-0.0244694997258	0.0108742852259	-0.0288710633976	-0.0561283935666	0.0353465838843	-0.0236762445735	-0.0818979178378	0.0196558117062	-0.00442000575794	-0.0066211232495	-0.00596431959867	-0.0256698332056	-0.00955015554925	-0.0199526321578	0.00788220681137	0.0339859194285	0.0162526729336	0.0181981743756
k__Bacteria;p__Firmicutes;c__Clostridia;o__Clostridiales;f__Lachnospiraceae;g__;s__[Eubacterium]_rectale	-0.0584697079284	0.0787886802169	0.0155302850665	-0.00727443721312	0.00337457510723	0.0312569622119	0.0327404476158	-0.0260381543101	0.0193935819479	0.0558138201412	0.00590216668058	-0.0152896447839	0.0111982630037	0.00113525298126	1.0	-0.0616283050822	-0.0399679483114	-0.0482484839114	-0.033845868156	-0.0244843297585	-0.0191512461003	-0.00797866223248	0.0130756655227	-0.0394706730959	-0.0221073319841	-0.0570338563344	-0.0232279416106	-0.0357114759572	0.0481803773239	0.00548163671877	0.0203840740646	-0.0263818315437	0.0195445100902	0.0894342863239	-0.00634122429987	-0.0665884850293	0.0114690676206	0.00109024377439	0.0351560354346	0.000815606589323	-0.00715436665006	-0.00314744186474	-0.00203719024335	-0.0136849190156	0.0434093370142	0.0254337023414	-0.00823324802114	-0.0641946818206	0.0137437002865	-0.00638586500117	-0.0306065321849	-0.00990800569708	-0.0128991566699	0.0198230373165	-0.0160290893337	-0.0696298515776	0.0140565310782	0.02403341756	0.038815776908
k__Bacteria;p__Bacteroidetes;c__Bacteroidia;o__Bacteroidales;f__Bacteroidaceae;g__Bacteroides;s__Bacteroides_plebeius	0.000118358313409	-0.0423924809743	0.0605438526348	0.044361436375	0.0456696227169	0.00141795334202	-0.0221398662888	0.027382012982	-0.0385009418112	-0.0327818639051	0.00725965682327	-0.0378018667165	0.0128259178628	-0.00278446674309	-0.0616283050822	1.0	-0.0193260281353	0.00868758938191	-0.0267931043227	-0.0605955772045	0.0283646285729	0.011149038456	0.00187984587833	0.0207130691247	0.0152849708898	0.00911175471759	0.0276499102064	-0.0691339859476	-0.0376365195648	0.0170878501822	-0.00482075918184	-0.0442692133821	-0.00683993454334	0.0386917918727	0.0403783716539	0.0447127460979	-0.0744023497202	-0.0180905115443	-0.0398098741365	-0.0206827873265	0.00612392446577	-0.0700710384528	-0.0241213421579	0.0427819121891	0.0202954049389	0.018920217679	-0.0289837864323	-0.00216721821558	-0.0252387845746	-0.0113440994414	-0.0123086899651	-0.018336822784	-0.0464470729644	0.0579421740406	-0.0548577676006	0.00204675451602	-0.00110026734753	-0.0222637278767	0.00595926324676
k__Bacteria;p__Bacteroidetes;c__Bacteroidia;o__Bacteroidales;f__Bacteroidaceae;g__Bacteroides;s__Bacteroides_fragilis	0.000962069836611	-0.0295617193617	0.0228316224742	-0.011345935651	-0.0193048340855	-0.0065826324062	-0.0171349556881	-0.0432715522395	0.00892854293355	-0.0761210280258	-0.0191461314289	-0.0228435437996	-0.0392333652932	-0.0534755105642	-0.0399679483114	-0.0193260281353	1.0	0.0216037409015	-0.0018169470349	0.0400570367708	-0.000278583198974	-0.0213445401553	-0.025255315655	-0.0599270726087	0.00422419296572	-0.0189786470835	-0.0129858484229	-0.00331286070375	-0.0363337911247	-0.0212717808236	0.00626428349726	-0.0401593376089	0.0214342940204	-0.0747177599358	-0.00119178695479	0.0583322986332	0.0409344517255	-0.00249428561211	0.0108126158673	0.0958781403859	0.0109327209562	0.0130105046521	-0.0108341055558	0.00772565470958	0.0108172514305	-0.0209207960589	-0.0484674261622	-0.022087435108	0.018655347201	0.0113365194402	0.0255750110413	0.0318325938814	-0.0172626836804	-0.00816143180085	0.000668947236562	0.0516697872069	0.0528265714867	-0.000734754917638	-0.0338966851118
k__Bacteria;p__Proteobacteria;c__Betaproteobacteria;o__Burkholderiales;f__Sutterellaceae;g__Sutterella;s__Sutterella_wadsworthensis	-0.0404136955197	0.0560892562035	0.00842974355032	0.019862395139	-0.0132044926436	-0.0325372907625	0.00390005746792	-0.0777884158125	-0.0185948101541	-0.0114116673139	0.0168168852437	0.014663642521	0.0133713116229	0.0313562387725	-0.0482484839114	0.00868758938191	0.0216037409015	1.0	-0.0397798175217	0.0099006539415	-0.0480841618766	-0.0342594890008	0.0383174903524	0.00339319112297	0.0104578815443	-0.0162670402799	-0.0295469345378	-0.016588089181	-0.00476322189741	-0.0045462382689	-0.0382661312626	0.00101161723045	-0.0382930520116	-0.015287113064	-0.0467132441715	0.0467896260087	0.0375557504162	-0.000759313027653	-0.0532287038398	-0.00997993824668	-0.0410483028312	-0.0127506219125	0.0320823428627	0.0160425085312	0.0375810036407	-0.0377546963848	0.0217534799306	0.00814492453831	-0.000334199353037	-0.0508755657658	-0.0023341465447	-0.00374157101008	0.0152486226784	0.0493783667698	0.00651311994579	-0.0222236210519	-0.00936435255561	0.0303107277047	0.0615311621731
k__Bacteria;p__Bacteroidetes;c__Bacteroidia;o__Bacteroidales;f__Porphyromonadaceae;g__Barnesiella;s__Barnesiella_intestinihominis	0.00923931860381	-0.00948391371764	0.0651687710266	-0.00774678406883	-0.0569161789243	-0.0349510321154	0.0477651850602	0.0143472189724	0.00267382471985	-0.0171652536235	-0.0144508128057	-0.0394416921715	-0.0300822429641	0.0318658877665	-0.033845868156	-0.0267931043227	-0.0018169470349	-0.0397798175217	1.0	-0.0378466035548	0.0292002593322	0.00817437776854	-0.010715400561	0.00471494578596	-0.0208500542123	-0.0264659633902	-0.0246698124153	0.0202948714805	-0.0370762276991	-0.00974433676676	0.022850020435	0.038704637713	0.042129213122	-0.0175711765474	-0.00410413332617	-0.0362471129759	0.0085043633155	-0.0455170580101	-0.0260839620656	-0.0071630663583	-0.0296033246334	-0.00563169348085	0.0113796794507	-0.0539273980261	-0.0321377001621	-0.018217628066	0.043926804483	0.0205080042304	-0.045655895805	0.0352545169974	-0.02394959904	0.0828881196108	-0.0553470519878	-0.0101536697274	-0.0229554029642	-0.0367742624839	-0.0279705773907	-0.0750056613127	0.00694825625587
k__Bacteria;p__Bacteroidetes;c__Bacteroidia;o__Bacteroidales;f__Odoribacteraceae;g__Odoribacter;s__Odoribacter_splanchnicus	0.035622540016	0.0556344138193	-0.0156463390949	0.00330138502437	-0.0301596072333	-0.010777028535	0.0419110943088	-0.083755760669	0.00579801428068	0.0207122584206	0.00540763988993	-0.0141723128779	0.0598997706105	-0.0219231480553	-0.0244843297585	-0.0605955772045	0.0400570367708	0.0099006539415	-0.0378466035548	1.0	-0.0184360775592	-0.021801675953	0.0382946097854	0.00773694141759	-0.0169695122569	-0.0355912283698	0.0463332345651	0.00322909052069	0.0327697980369	0.020170005599	0.00511535678231	0.0162588740161	-0.0326287837389	-0.0326764894583	-0.100694395502	0.0729494963052	0.0036362400207	0.0392664942431	-0.0109672708823	0.0290777135454	0.00161813976767	0.0437105451872	0.0524008136513	0.00392018219948	-0.0366605277268	-0.0596189785933	0.000972178961116	-0.0347464217617	-0.0411872141188	-0.00953140125959	-0.00438972136633	0.000140078558135	0.0895773093808	0.059080926186	-0.0585392338482	-0.0275803638734	-0.0208283003549	-0.0508396022536	-0.023005507647
k__Bacteria;p__Bacteroidetes;c__Bacteroidia;o__Bacteroidales;f__Bacteroidaceae;g__Bacteroides;s__Bacteroides_salyersiae	0.0347527435654	0.02340473001	0.0112128866636	-0.0285519924782	0.0270748203693	0.000560916146601	-0.0149809014818	-0.0248904932829	-0.0120888530218	-0.00305258653998	0.0348481692053	-0.0103877228896	-0.00844439356955	0.0339864535985	-0.0191512461003	0.0283646285729	-0.000278583198974	-0.0480841618766	0.0292002593322	-0.0184360775592	1.0	-0.0177291372005	0.03466672348	-0.0473740361449	-0.0097674481776	-0.0263446292981	-0.00230138172444	-0.0273867258882	-0.00494815161113	-0.0348999748256	-0.00299020536107	0.0392202590894	0.0276501547397	0.0228250246178	0.00234845397024	-0.00744161036927	-0.025081053683	0.000921068003011	0.0271554637865	0.0233819276789	-0.0182865698058	-0.0153938531442	0.0239623130814	0.0425194289629	-0.00398630561604	-0.0201474767485	-0.0680813635155	-0.0310133664236	-0.0139081366951	-0.0400044636973	-0.00434564107435	0.00367496466894	-0.0632523676825	0.0719767757729	0.0168586996788	-0.0172687267732	0.0379127198877	0.0234635871372	0.0318241663855
k__Bacteria;p__Firmicutes;c__Clostridia;o__Clostridiales;f__Ruminococcaceae;g__Ruminiclostridium;s__[Eubacterium]_siraeum	0.0214604748634	0.00533026093989	-0.000574257282781	-0.0268239340938	0.00310433612117	-0.0624296942154	0.00877878110191	0.0118179810433	-0.0365917294888	-0.0158734042411	0.0376935534228	0.00376264541678	-0.000862566917494	-0.0285914962145	-0.00797866223248	0.011149038456	-0.0213445401553	-0.0342594890008	0.00817437776854	-0.021801675953	-0.0177291372005	1.0	-0.0117130568841	0.0181525741002	0.00854484471344	0.0245808182905	0.011232476353	-0.00724737654664	0.015124645121	-0.0264116564934	-0.0163609040479	-0.00394413744295	0.0326990353965	-0.0443619595916	0.019420914473	0.0433890770299	0.00871899178875	0.0498952954086	-0.0149998080762	0.0497216681679	0.0206839840297	-0.0084978503562	0.0242244067117	0.0413221609651	-0.0613081551431	-0.0238638154015	-0.037513968822	0.0392544855414	-0.0826508988408	0.0372683684014	-0.0255730830035	-0.0229749383876	-0.0187276133423	0.0425713477305	0.0227738807666	-0.0393847355318	0.00250896612605	0.00956407566778	-0.0306429306119
k__Bacteria;p__Proteobacteria;c__Betaproteobacteria;o__Burkholderiales;f__Sutterellaceae;g__Parasutterella;s__Parasutterella_excrementihominis	-0.00416687607852	-0.0121295435695	0.00103249831241	-0.0216298191675	0.0352738889406	-0.00883495596672	-0.00235717459126	-0.0403251324845	0.0255192303911	-0.0435078054145	-0.0446947872727	-0.0168956653516	-0.0616968988799	0.0224028375947	0.0130756655227	0.00187984587833	-0.025255315655	0.0383174903524	-0.010715400561	0.0382946097854	0.03466672348	-0.0117130568841	1.0	-0.0247218734961	-0.0538240528874	0.0236114687278	-0.0325999893472	-0.0137412116305	0.0454503227599	-0.0292987967262	-0.00854957787503	0.0265681138856	-0.0253437238998	-0.0763210286262	-0.0681548899249	-0.0275479079067	0.0111145877437	-0.0235792064219	0.0148292996584	0.0429743279834	-0.0225920870449	-0.0109821631765	-0.0111703258423	0.0540799567095	0.00992404693422	0.0794237711669	0.0716644962926	-0.0295186851215	0.0250900411839	0.0456997692531	0.0246516386525	0.00780802575338	0.0115435209884	-0.0603042408797	-0.0618650555887	-0.0050255684066	0.0340739896808	-0.0459792974955	-0.0816820963832
k__Bacteria;p__Actinobacteria;c__Actinobacteria;o__Bifidobacteriales;f__Bifidobacteriaceae;g__Bifidobacterium;s__Bifidobacterium_adolescentis	-0.0381875453336	0.00800591561527	0.0250990734546	0.0132312914125	0.0119662967377	-0.0181349816763	-0.0307637790927	-0.00999676866031	-0.0386301603632	0.05080277197	-0.0116803865915	-0.0265908364125	0.0273852431012	-0.024304999029	-0.0394706730959	0.0207130691247	-0.0599270726087	0.00339319112297	0.00471494578596	0.00773694141759	-0.0473740361449	0.0181525741002	-0.0247218734961	1.0	0.0387797483803	-0.0372221520705	0.0178570418448	0.0370440468482	-0.0487529356637	0.00164160699558	-0.00471151193652	0.00263015254981	-0.0131916000098	-0.0170113383254	-0.015392256858	-0.00938581051138	0.0795951625298	-0.0248230665256	-0.0220390128485	0.0136129363666	-0.067910828961	-0.0258431735949	-0.0201554933995	0.0493090405353	-0.00195350252971	0.0144941968074	-0.000243445978809	-0.0112464469799	-0.0194819426513	-0.0774549782429	0.0445698214403	0.0438093200862	-0.0343351380916	0.026328543342	-0.0119389231257	-0.0643886261911	-0.050447822221	-0.0311353128157	0.000819016279131
k__Bacteria;p__Firmicutes;c__Clostridia;o__Clostridiales;f__Oscillospiraceae;g__Oscillibacter;s__Oscillibacter_sp._KLE_1745	0.0296653967393	0.0014434886294	-0.0562631276231	-0.0115396207819	0.0524113422181	-0.0232556278314	0.0550146095588	-0.0320065014118	0.0337775575872	-0.0185174272736	0.0200987013723	0.011918005115	-0.0418671238071	0.00390051065585	-0.0221073319841	0.0152849708898	0.00422419296572	0.0104578815443	-0.0208500542123	-0.0169695122569	-0.0097674481776	0.00854484471344	-0.0538240528874	0.0387797483803	1.0	0.0281683266432	0.0283262381147	-0.0034360172814	-0.000684532809613	-0.0234109010862	0.00165225485815	0.0764141306593	-0.0369584113537	0.0328048704402	-0.0373919216438	-0.00419438201392	-0.0870076521963	-0.0840905443123	0.0145968619055	0.0235963060726	-0.0148493417275	0.0407052238396	0.0181368768956	0.0146707294998	0.014425982728	-0.0568202719071	0.00579138061766	-0.0273268138292	-0.0391482562731	0.0304680283313	0.0176336848158	0.0601975952356	-0.0102192414632	0.0137830490047	0.00525856335026	-0.0128627016344	-0.0250685711174	-0.0115614741476	0.0111055625036
k__Bacteria;p__Bacteroidetes;c__Bacteroidia;o__Bacteroidales;f__Bacteroidaceae;g__Bacteroides;s__Bacteroides_coprophilus	-0.0376683617747	-0.00739881862063	-0.0571949225892	-0.0149126804322	0.0188627168492	-0.0434189198135	-0.0111781241996	0.0222051151632	0.0527520921745	-0.039736079432	0.051283515266	0.00845533114284	-0.0482382636345	-0.0541962254141	-0.0570338563344	0.00911175471759	-0.0189786470835	-0.0162670402799	-0.0264659633902	-0.0355912283698	-0.0263446292981	0.0245808182905	0.0236114687278	-0.0372221520705	0.0281683266432	1.0	-0.0372496918015	-0.00390236292233	0.0506990275777	-0.033664504148	0.0343899102272	0.0113089865704	-0.0259042028988	-0.0218762376576	-0.0303255613292	-0.0205089175072	-0.0209373763091	0.0657160293417	-0.0303073751697	-0.0104464570502	-0.0487859864125	0.00541865559596	-0.017033432487	-0.0155849283593	-0.0508404409102	-0.0888877438297	0.0871027823829	0.0772729130642	-0.0519216666157	-0.0114885319394	-0.0478282827013	-0.00176134455864	-0.0425711114332	-0.000299149565232	-0.00730565417096	-0.0147360779532	-0.0314159758774	0.0521072387506	-0.013523539684
k__Bacteria;p__Firmicutes;c__Clostridia;o__Clostridiales;f__Lachnospiraceae;g__Roseburia;s__Roseburia_intestinalis	-0.0499412049292	0.0247192860702	-0.00582073397204	0.0462061770479	-0.00930548935931	-0.0253700732406	-0.0396069556144	0.0166151649029	-0.00499745695727	-0.0549124139277	-0.0142398038093	-0.0213864402517	0.0279251252047	0.0394918728391	-0.0232279416106	0.0276499102064	-0.0129858484229	-0.0295469345378	-0.0246698124153	0.0463332345651	-0.00230138172444	0.011232476353	-0.0325999893472	0.0178570418448	0.0283262381147	-0.0372496918015	1.0	-0.00590496934628	0.0111670642362	-0.0241014185425	-0.0113132784846	0.0652397973096	-0.00407867110467	0.0358032148693	-0.00787695782753	-0.0249673399243	0.00940149384717	0.00250655390597	-0.00989594457162	0.0237909320769	-0.0132397455412	0.00403561845904	-0.0476223858268	0.0558817382074	-0.113138298077	0.0377391154997	0.0498245089404	-0.0098192783013	-0.0135870592718	0.0475935574048	-0.0415523970045	-0.0419199496288	-0.0232792744039	0.0413431579394	-0.0129558838359	-0.0233841545255	-0.0375523809544	-0.00987438593072	-0.0237482414278
k__Bacteria;p__Firmicutes;c__Clostridia;o__Clostridiales;f__Lachnospiraceae;g__Roseburia;s__Roseburia_hominis	0.0325161973606	0.014833162863	0.0223924908744	0.0063731728592	0.0506856925446	-0.0568929234807	-0.00176483204874	-0.0262213342447	0.0528470498517	0.00871982068521	0.0142235367902	-0.0122798989077	0.0389260271661	0.00116583912612	-0.0357114759572	-0.0691339859476	-0.00331286070375	-0.016588089181	0.0202948714805	0.00322909052069	-0.0273867258882	-0.00724737654664	-0.0137412116305	0.0370440468482	-0.0034360172814	-0.00390236292233	-0.00590496934628	1.0	0.0137046987679	-0.101212505586	-0.0254879845975	-0.0601173318782	0.00944062807922	-0.0227122096878	-0.0149288339982	0.0192559603283	-0.00473030020405	-0.0702987896579	0.03545182669	-0.042362758517	-0.0422416125205	-0.00315095078567	0.00634530908233	-0.00166254089769	0.0231292135526	0.0528812047462	0.0235085004952	-0.00930020297674	-0.0106200323567	0.0133958116188	-0.0310469846291	-0.0166585608628	0.0100492946104	-0.0420834123589	0.0194291525858	0.0515074170748	0.0381748914544	0.0063602203812	0.0261829940692
k__Bacteria;p__Bacteroidetes;c__Bacteroidia;o__Bacteroidales;f__Porphyromonadaceae;g__Parabacteroides;s__Parabacteroides_johnsonii	0.0323468132591	-0.0484372654994	0.0319708711323	-0.0115597177768	-5.35847242247e-05	0.0207082642268	-0.0104722268868	0.0210988098596	-0.0494064220145	0.00443269685396	-0.0208073518538	0.0135125976246	-0.00124194606494	-0.00458225754013	0.0481803773239	-0.0376365195648	-0.0363337911247	-0.00476322189741	-0.0370762276991	0.0327697980369	-0.00494815161113	0.015124645121	0.0454503227599	-0.0487529356637	-0.000684532809613	0.0506990275777	0.0111670642362	0.0137046987679	1.0	-0.0778537525311	-0.0977250339281	-0.0727750106798	-0.00077263662556	0.00897236200844	-0.0664745096893	0.0139007766176	-0.0575194059674	0.0336597730136	-0.0492771417127	0.0602177605393	0.0189977117093	0.032023707458	0.0244557253072	0.0356295003309	-0.0398695937043	-0.0230178978193	0.0263356911044	-0.0200395450315	0.0248079617513	0.00343717215342	0.0140682866647	-0.00130970679559	-0.0683813029105	-0.00667093406806	-0.0582713230659	0.042316106823	0.0644820689042	0.029588163315	-0.0561410884478
k__Bacteria;p__Actinobacteria;c__Actinobacteria;o__Bifidobacteriales;f__Bifidobacteriaceae;g__Bifidobacterium;s__Bifidobacterium_longum	0.0106133753023	-0.00481990885591	0.0149158482594	0.00184726321842	0.0313322403905	0.0139150862426	0.00686020220589	-0.00616299817249	-0.00171251119441	-0.036118566947	0.0108471799137	-0.0091077617043	-0.0223403198394	-0.0140795564947	0.00548163671877	0.0170878501822	-0.0212717808236	-0.0045462382689	-0.00974433676676	0.020170005599	-0.0348999748256	-0.0264116564934	-0.0292987967262	0.00164160699558	-0.0234109010862	-0.033664504148	-0.0241014185425	-0.101212505586	-0.0778537525311	1.0	-0.0117741084718	-0.0460895514971	-0.00259622364936	0.0463090698086	0.0303712314576	-0.00112650157146	-0.0261414663297	-0.00777052290031	-0.0020148251181	-0.0109838219242	-0.0185413655073	0.0182227884984	-0.00282417672531	0.000576617241027	-0.0018281937898	-0.0373822272512	-0.019391105586	-0.0277677331027	-0.0215012572624	-0.0252173164734	0.00868036448192	0.00479687612117	-0.0302973339815	-0.0875366220612	0.0467798114614	-0.0764402503638	0.0149687003914	-0.0942380372081	-0.0464229893055
