#taxonomy	k__Bacteria;p__Bacteroidetes;c__Bacteroidia;o__Bacteroidales;f__Bacteroidaceae;g__Bacteroides;s__Bacteroides_vulgatus	k__Bacteria;p__Bacteroidetes;c__Bacteroidia;o__Bacteroidales;f__Bacteroidaceae;g__Bacteroides;s__Bacteroides_uniformis	k__Bacteria;p__Bacteroidetes;c__Bacteroidia;o__Bacteroidales;f__Rikenellaceae;g__Alistipes;s__Alistipes_putredinis	k__Bacteria;p__Bacteroidetes;c__Bacteroidia;o__Bacteroidales;f__Prevotellaceae;g__Prevotella;s__Prevotella_copri	k__Bacteria;p__Bacteroidetes;c__Bacteroidia;o__Bacteroidales;f__Bacteroidaceae;g__Bacteroides;s__Bacteroides_stercoris	k__Bacteria;p__Bacteroidetes;c__Bacteroidia;o__Bacteroidales;f__Bacteroidaceae;g__Bacteroides;s__Bacteroides_ovatus	k__Bacteria;p__Bacteroidetes;c__Bacteroidia;o__Bacteroidales;f__Rikenellaceae;g__Alistipes;s__Alistipes_shahii	k__Bacteria;p__Firmicutes;c__Clostridia;o__Clostridiales;f__Ruminococcaceae;g__Faecalibacterium;s__Faecalibacterium_prausnitzii	k__Bacteria;p__Bacteroidetes;c__Bacteroidia;o__Bacteroidales;f__Rikenellaceae;g__Alistipes;s__Alistipes_finegoldii	k__Bacteria;p__Bacteroidetes;c__Bacteroidia;o__Bacteroidales;f__Porphyromonadaceae;g__Parabacteroides;s__Parabacteroides_distasonis	k__Bacteria;p__Bacteroidetes;c__Bacteroidia;o__Bacteroidales;f__Bacteroidaceae;g__Bacteroides;s__Bacteroides_thetaiotaomicron	k__Bacteria;p__Bacteroidetes;c__Bacteroidia;o__Bacteroidales;f__Bacteroidaceae;g__Bacteroides;s__Bacteroides_coprocola	k__Bacteria;p__Bacteroidetes;c__Bacteroidia;o__Bacteroidales;f__Bacteroidaceae;g__Bacteroides;s__Bacteroides_cellulosilyticus	k__Bacteria;p__Bacteroidetes;c__Bacteroidia;o__Bacteroidales;f__Rikenellaceae;g__Alistipes;s__Alistipes_obesi	k__Bacteria;p__Firmicutes;c__Clostridia;o__Clostridiales;f__Lachnospiraceae;g__;s__[Eubacterium]_rectale	k__Bacteria;p__Bacteroidetes;c__Bacteroidia;o__Bacteroidales;f__Bacteroidaceae;g__Bacteroides;s__Bacteroides_plebeius	k__Bacteria;p__Bacteroidetes;c__Bacteroidia;o__Bacteroidales;f__Bacteroidaceae;g__Bacteroides;s__Bacteroides_fragilis	k__Bacteria;p__Proteobacteria;c__Betaproteobacteria;o__Burkholderiales;f__Sutterellaceae;g__Sutterella;s__Sutterella_wadsworthensis	k__Bacteria;p__Bacteroidetes;c__Bacteroidia;o__Bacteroidales;f__Porphyromonadaceae;g__Barnesiella;s__Barnesiella_intestinihominis	k__Bacteria;p__Bacteroidetes;c__Bacteroidia;o__Bacteroidales;f__Odoribacteraceae;g__Odoribacter;s__Odoribacter_splanchnicus	k__Bacteria;p__Bacteroidetes;c__Bacteroidia;o__Bacteroidales;f__Bacteroidaceae;g__Bacteroides;s__Bacteroides_salyersiae	k__Bacteria;p__Firmicutes;c__Clostridia;o__Clostridiales;f__Ruminococcaceae;g__Ruminiclostridium;s__[Eubacterium]_siraeum	k__Bacteria;p__Proteobacteria;c__Betaproteobacteria;o__Burkholderiales;f__Sutterellaceae;g__Parasutterella;s__Parasutterella_excrementihominis	k__Bacteria;p__Actinobacteria;c__Actinobacteria;o__Bifidobacteriales;f__Bifidobacteriaceae;g__Bifidobacterium;s__Bifidobacterium_adolescentis	k__Bacteria;p__Firmicutes;c__Clostridia;o__Clostridiales;f__Oscillospiraceae;g__Oscillibacter;s__Oscillibacter_sp._KLE_1745	k__Bacteria;p__Bacteroidetes;c__Bacteroidia;o__Bacteroidales;f__Bacteroidaceae;g__Bacteroides;s__Bacteroides_coprophilus	k__Bacteria;p__Firmicutes;c__Clostridia;o__Clostridiales;f__Lachnospiraceae;g__Roseburia;s__Roseburia_intestinalis	k__Bacteria;p__Firmicutes;c__Clostridia;o__Clostridiales;f__Lachnospiraceae;g__Roseburia;s__Roseburia_hominis	k__Bacteria;p__Bacteroidetes;c__Bacteroidia;o__Bacteroidales;f__Porphyromonadaceae;g__Parabacteroides;s__Parabacteroides_johnsonii	k__Bacteria;p__Actinobacteria;c__Actinobacteria;o__Bifidobacteriales;f__Bifidobacteriaceae;g__Bifidobacterium;s__Bifidobacterium_longum	k__Bacteria;p__Firmicutes;c__Clostridia;o__Clostridiales;f__;g__Flavonifractor;s__Flavonifractor_plautii	k__Bacteria;p__Firmicutes;c__Clostridia;o__Clostridiales;f__Clostridiaceae;g__Clostridium;s__Clostridium_phoceensis	k__Bacteria;p__Verrucomicrobia;c__Verrucomicrobiae;o__Verrucomicrobiales;f__Akkermansiaceae;g__Akkermansia;s__Akkermansia_muciniphila	k__Bacteria;p__Bacteroidetes;c__Bacteroidia;o__Bacteroidales;f__Prevotellaceae;g__Paraprevotella;s__Paraprevotella_xylaniphila	k__Bacteria;p__Firmicutes;c__Clostridia;o__Clostridiales;f__Ruminococcaceae;g__Ruminococcus;s__Ruminococcus_callidus	k__Bacteria;p__Bacteroidetes;c__Bacteroidia;o__Bacteroidales;f__Rikenellaceae;g__Alistipes;s__Alistipes_senegalensis	k__Bacteria;p__Firmicutes;c__Clostridia;o__Clostridiales;f__Lachnospiraceae;g__Blautia;s__Blautia_sp._KLE_1732	k__Bacteria;p__Bacteroidetes;c__Bacteroidia;o__Bacteroidales;f__Bacteroidaceae;g__Bacteroides;s__Bacteroides_oleiciplenus	k__Bacteria;p__Firmicutes;c__Clostridia;o__Clostridiales;f__Ruminococcaceae;g__Ruminococcus;s__Ruminococcus_bicirculans	k__Bacteria;p__Bacteroidetes;c__Bacteroidia;o__Bacteroidales;f__Bacteroidaceae;g__Bacteroides;s__Bacteroides_fluxus	k__Bacteria;p__Bacteroidetes;c__Bacteroidia;o__Bacteroidales;f__Prevotellaceae;g__Prevotella;s__Prevotella_stercorea	k__Bacteria;p__Firmicutes;c__Clostridia;o__Clostridiales;f__Lachnospiraceae;g__Dorea;s__Dorea_longicatena	k__Bacteria;p__Firmicutes;c__Clostridia;o__Clostridiales;f__Eubacteriaceae;g__Eubacterium;s__[Eubacterium]_eligens	k__Bacteria;p__Firmicutes;c__Clostridia;o__Clostridiales;f__Ruminococcaceae;g__;s__Ruminococcaceae_bacterium_D16	k__Bacteria;p__Firmicutes;c__Clostridia;o__Clostridiales;f__Lachnospiraceae;g__Coprococcus;s__Coprococcus_comes	k__Bacteria;p__Proteobacteria;c__Gammaproteobacteria;o__Enterobacterales;f__Enterobacteriaceae;g__Escherichia;s__Escherichia_coli	k__Bacteria;p__Firmicutes;c__Clostridia;o__Clostridiales;f__Ruminococcaceae;g__Anaerotruncus;s__Anaerotruncus_colihominis	k__Bacteria;p__Firmicutes;c__Clostridia;o__Clostridiales;f__Lachnospiraceae;g__Blautia;s__Blautia_obeum	k__Bacteria;p__Bacteroidetes;c__Bacteroidia;o__Bacteroidales;f__Odoribacteraceae;g__Odoribacter;s__Odoribacter_laneus	k__Bacteria;p__Firmicutes;c__Clostridia;o__Clostridiales;f__Ruminococcaceae;g__Ruminiclostridium;s__[Clostridium]_leptum	k__Bacteria;p__Bacteroidetes;c__Bacteroidia;o__Bacteroidales;f__Porphyromonadaceae;g__Parabacteroides;s__Parabacteroides_goldsteinii	k__Bacteria;p__Firmicutes;c__Clostridia;o__Clostridiales;f__Lachnospiraceae;g__Anaerostipes;s__Anaerostipes_hadrus	k__Bacteria;p__Firmicutes;c__Clostridia;o__Clostridiales;f__Ruminococcaceae;g__Ruminococcus;s__Ruminococcus_lactaris	k__Bacteria;p__Firmicutes;c__Clostridia;o__Clostridiales;f__Clostridiaceae;g__Clostridium;s__Clostridium_sp._L2-50	k__Bacteria;p__Firmicutes;c__Clostridia;o__Clostridiales;f__Clostridiaceae;g__Clostridium;s__Clostridium_sp._M62/1	k__Bacteria;p__Firmicutes;c__Clostridia;o__Clostridiales;f__;g__Intestinimonas;s__Intestinimonas_butyriciproducens	k__Bacteria;p__Actinobacteria;c__Actinobacteria;o__Bifidobacteriales;f__Bifidobacteriaceae;g__Bifidobacterium;s__Bifidobacterium_bifidum	k__Bacteria;p__Firmicutes;c__Negativicutes;o__Veillonellales;f__Veillonellaceae;g__Dialister;s__Dialister_invisus	k__Bacteria;p__Bacteroidetes;c__Bacteroidia;o__Bacteroidales;f__Bacteroidaceae;g__Bacteroides;s__Bacteroides_salanitronis
k__Bacteria;p__Bacteroidetes;c__Bacteroidia;o__Bacteroidales;f__Bacteroidaceae;g__Bacteroides;s__Bacteroides_vulgatus	1.0	-0.0319886568456	0.00592389262666	-0.0503817215862	-0.0544108305679	0.0469279026716	-0.00658575892935	-0.0636989959485	0.0373623479331	0.049920390006	0.0256687311089	-0.0538375895263	-0.0165071147254	0.0327846016579	0.0318375263401	0.00858436615644	0.0415196985883	-0.0403803140093	-0.0551004738963	-0.0328552665336	-0.00308928536112	0.0394089450878	0.065826664049	0.00559611599325	0.0190600426159	0.00103165173211	-0.0188166418449	-0.00434618437781	-0.0222680824839	0.0119127374662	-0.0266218025709	-0.0216466324813	-0.0279577569273	-0.0307266983585	0.00330682141454	-0.0355225635776	-0.0135332191156	0.0139682462014	0.0166791010705	-0.0414438924836	-0.00746067764817	-0.027524802051	-0.0231688062601	-0.0457658561631	0.0162389911168	0.00540447666843	0.012088100923	-0.0126667217327	0.00834840111851	-0.0304975085661	-0.00499025443179	-0.0366417217781	-0.0203991837736	0.0750660465099	-0.0204806867332	-0.0128873339609	0.0535196883167	-0.0290028808105	0.000817941414164
k__Bacteria;p__Bacteroidetes;c__Bacteroidia;o__Bacteroidales;f__Bacteroidaceae;g__Bacteroides;s__Bacteroides_uniformis	-0.0319886568456	1.0	0.0289005322138	-0.00904779954549	-0.0213029130355	0.0296927809136	0.0125902549194	-0.0360898138945	-0.00341371518743	-0.00248867570051	-0.0632279827792	-0.0148406509242	0.0158388446903	-0.0455475013897	-0.0337398713814	-0.0635677985882	-0.0493269047464	-0.00487970631373	-0.00954104257005	0.0194322459725	0.0247346198548	-0.0165012895039	-0.0476257512495	0.00941515133782	-0.00120720876193	0.0388621921398	-0.0121976868255	0.0185741743775	0.0815692010178	-0.0510040646579	-0.0271715710507	-0.052598518884	0.0342805851664	0.0200461698852	0.0109699693976	0.041796167274	-0.00482442138555	-0.00131018164461	-0.0666384179706	-0.0306462631699	-0.032877190078	0.014315885093	0.013254116347	-0.0534887152201	-0.0156645376431	-0.0504562532374	0.0333129303072	-0.0324720787144	-0.0387624073604	-0.0449162329046	-0.101744646759	0.041747873728	0.0151686806507	0.0362359599322	0.0160323247676	-0.0236197293206	-0.00535896763949	-0.0434955348808	-0.0667601011326
k__Bacteria;p__Bacteroidetes;c__Bacteroidia;o__Bacteroidales;f__Rikenellaceae;g__Alistipes;s__Alistipes_putredinis	0.00592389262666	0.0289005322138	1.0	0.00382404627133	0.0547946856219	-0.0594121917815	-0.0537141356785	-0.0301537961246	0.0264644956784	-0.0206744198322	-0.00284272788851	-0.00450635013014	-0.0341729033315	-0.0372799927029	0.00923321975436	-0.012152150307	0.0446429298426	-0.00776720229078	-0.0264460804041	-0.0309270038722	-0.0565809882888	-0.0273559248816	-0.0137495231495	-0.0149962436023	0.0167841126117	-0.0183092702668	-0.0119864398807	0.0379051216082	0.0105085277446	0.016399662009	0.0260001702134	-0.0599093864102	-0.0232781354491	-0.0106880872766	-0.0305255892867	-0.00567284290428	-0.0263301676482	0.039324610221	0.0105832171151	-0.0161690770832	0.0496891959806	0.0247842355154	-0.0111026510647	0.0251435422399	0.00467916777113	-0.0168438982402	-0.0546238079981	0.0299774450257	0.0143061102385	-0.0052008836738	-0.0106847095803	-0.0171968919999	-0.0135641477841	-0.0183697740323	-0.0413698811632	0.0363739775727	0.0186957445933	-0.0497726873111	-0.0483560059409
k__Bacteria;p__Bacteroidetes;c__Bacteroidia;o__Bacteroidales;f__Prevotellaceae;g__Prevotella;s__Prevotella_copri	-0.0503817215862	-0.00904779954549	0.00382404627133	1.0	-0.00551537508807	-0.0157994380078	-0.0354101690821	-0.000274832222535	-0.0130513936057	-0.0364020499727	0.0677800208659	0.0216968980024	-0.0219166217339	0.00586924310775	-0.0129854063706	-0.00114712197995	0.0112784787696	-0.0328445788636	0.00415608331801	-0.0394848930365	0.0369389486528	0.0454801581389	0.0502250068172	-0.0488983696101	-0.0253825052923	-0.0318673770293	-0.0239531529094	0.040081640199	-0.0257703680077	0.0032249901988	0.0104776823701	0.0245074384621	-0.0027121524767	-0.0281679462326	0.010005394309	-0.0578906573271	-0.0360193089386	-0.0778005904936	-0.00735550977918	-0.0040290214956	0.0116576131561	-0.0192926799865	-0.0192281126938	0.057453389038	-0.0804343680482	0.021330208415	0.00491198099376	-0.00206827361398	0.0556842105518	-0.0156648187958	0.0222849402671	-0.0137812872243	-0.00129062356503	-0.00493066253705	0.0411445635352	0.00930268247752	-0.0181182135866	-0.0588454320295	-0.0111861441629
k__Bacteria;p__Bacteroidetes;c__Bacteroidia;o__Bacteroidales;f__Bacteroidaceae;g__Bacteroides;s__Bacteroides_stercoris	-0.0544108305679	-0.0213029130355	0.0547946856219	-0.00551537508807	1.0	0.00610323671441	-0.00708188558478	-0.0519209958005	-0.00610471206313	-0.0440409906681	0.00679365564918	-0.0152729854048	-0.0285855840904	0.0229566002668	-0.0250402744373	0.0296554018722	0.0762224931354	0.0032869733073	-0.0505298360646	-0.00774892344609	0.0267117458363	-0.0383775144523	-0.0688135768097	-0.0246954399076	0.0112420594059	-0.0534630559613	-0.0277033045591	0.019978378808	0.0387796084672	-0.0456930266127	-0.0151174619419	0.0336868112618	-0.0354845963587	-0.0199308192196	0.0147645363357	0.00939703655424	-0.0269521749162	0.019442157162	-0.0183837231478	-0.0239075320743	-0.06291898923	-0.0186841891293	0.00599609122507	-0.00511599434285	0.00384184703438	-0.0204825875735	-0.0175287668215	-0.0136269353713	0.0108216447786	0.0786155226858	0.0522591030964	0.0278370419931	-0.00747293214134	-0.012365404168	-0.0202056376087	-0.0219020812169	-0.0188125658686	-0.0146461880456	0.0171691160382
k__Bacteria;p__Bacteroidetes;c__Bacteroidia;o__Bacteroidales;f__Bacteroidaceae;g__Bacteroides;s__Bacteroides_ovatus	0.0469279026716	0.0296927809136	-0.0594121917815	-0.0157994380078	0.00610323671441	1.0	-0.0335818286402	0.0364705081842	-0.0234837186318	0.0230555231594	0.0161890206617	-0.0136588241599	0.0107485353774	-0.0134533654834	-0.0224355276287	8.57434006472e-05	-0.0830865110499	-0.0401125805044	-0.0331928243798	-0.000324558647472	-0.0205663264372	-0.024567221304	-0.0428339454504	-0.00811054526814	0.0180246781718	0.00943970313002	-0.034527350934	0.00970054209487	0.0175754639135	0.01355968565	-0.0213082983044	0.0137650958145	-0.0761132979609	-0.00332887541883	-0.00511760640967	-0.04080287133	-0.01248182046	-0.0667576943986	-0.0581137095467	-0.0127507073372	-0.0246646054941	0.0131304764378	-0.0246548837446	-0.00354165349382	-0.0048504955332	0.0163479122197	0.0137943775125	-0.0290396215588	0.0180173928819	0.00198215160885	-0.0264958284438	0.0124634721126	0.0685437538979	-0.0348407604335	-0.0152955608036	-0.0282712010408	-0.0230597153132	-0.0491336225391	0.00223834355464
k__Bacteria;p__Bacteroidetes;c__Bacteroidia;o__Bacteroidales;f__Rikenellaceae;g__Alistipes;s__Alistipes_shahii	-0.00658575892935	0.0125902549194	-0.0537141356785	-0.0354101690821	-0.00708188558478	-0.0335818286402	1.0	0.0745074594086	-0.0151364823188	-0.0302390460621	0.0621106831071	0.0533695492981	0.0270964927377	-0.00616141382872	-0.0760827312694	-0.0147595771396	-0.00837528664427	-0.0100803565185	-0.02800645677	-0.0185000157916	0.00978114976272	-0.000223868772106	-0.0347605725284	-0.0137011553223	0.0136863825027	-0.0288467644655	0.0688870283345	0.0244270552707	-0.0176514690344	0.0178507594582	0.0132836121204	0.0292972695266	0.00250902871524	-0.0197211534898	-0.0514938331424	-0.0561378918556	0.00479416182134	0.00336437954286	0.0135621397162	0.0570536046838	0.0390417947746	-0.0122050844331	-0.0217793570588	-0.0354325983691	-0.00722370574534	-0.000263771784046	-0.0169788082062	0.0170972628227	-0.051116785386	-0.043583703724	-0.0417634366525	-0.0308377688332	0.0310429510822	0.0440753339234	-0.0694273555098	-0.0511674470431	0.00101191179367	0.00714999298976	-0.00558165505558
k__Bacteria;p__Firmicutes;c__Clostridia;o__Clostridiales;f__Ruminococcaceae;g__Faecalibacterium;s__Faecalibacterium_prausnitzii	-0.0636989959485	-0.0360898138945	-0.0301537961246	-0.000274832222535	-0.0519209958005	0.0364705081842	0.0745074594086	1.0	-0.0821260570794	-0.00230406193078	-0.0632876992043	0.0315729289961	0.0608462232259	0.0579984656049	-0.011380966621	-0.037562397937	-0.0149597306262	-0.0315095467147	-0.00458360694803	-0.0383804932569	-0.00727062506746	-0.0149713783582	0.0298892352815	0.0562201384707	-0.00118839491874	-0.0854852738013	-0.00630076943606	0.043762051505	-0.0170098884364	0.0448148351041	-0.0192344245945	-0.0324637316663	0.00307116613028	0.00552673725787	-0.00505092516516	0.0310605380103	0.0133984585765	-0.00383725893679	0.0135283636807	0.0271688915579	0.016973108727	-0.0563244649214	0.0257854980939	0.00181354235284	-0.0205917762718	0.0365052195811	-0.0517083983817	-0.028193460624	0.0260414127232	-0.0334030087633	0.047239980992	-0.0549447599726	-0.00458985062759	-0.0630930747647	0.0323418010743	0.0477658267957	0.0245936578921	0.0266210753033	-0.0809357103426
k__Bacteria;p__Bacteroidetes;c__Bacteroidia;o__Bacteroidales;f__Rikenellaceae;g__Alistipes;s__Alistipes_finegoldii	0.0373623479331	-0.00341371518743	0.0264644956784	-0.0130513936057	-0.00610471206313	-0.0234837186318	-0.0151364823188	-0.0821260570794	1.0	0.0136381195215	-0.0144021862005	0.0109539211409	0.00532160655816	-0.0297382585214	-0.00350677616475	0.0177053012785	0.00981931520958	-0.0268411619256	-0.0612037050589	-0.0258966186713	0.0405929687039	0.0211242277827	0.024463036666	-0.00061344878251	-0.00917870035625	0.00707254192788	0.0445498062971	-0.0412301386681	0.0683358992862	-0.0036394518918	0.00997221358401	-0.0561721904965	-0.0483077728772	0.0203077665948	-0.0285231155751	-0.00612330116179	-0.0125003882627	-0.060086942805	-0.0310545448305	0.0346696765477	0.0247054961662	-0.0681480239926	-0.00584888630819	-0.0335353581733	-0.0238480933995	-0.0595741620695	0.0511916942555	-0.0675258067202	-0.00181513432785	-0.0244380268536	-0.00631548504159	-0.000118270536076	0.0162027415763	-0.107757400626	0.0106532171	0.0197447523172	-0.0279616111384	-0.0612942584053	-0.0258350679735
k__Bacteria;p__Bacteroidetes;c__Bacteroidia;o__Bacteroidales;f__Porphyromonadaceae;g__Parabacteroides;s__Parabacteroides_distasonis	0.049920390006	-0.00248867570051	-0.0206744198322	-0.0364020499727	-0.0440409906681	0.0230555231594	-0.0302390460621	-0.00230406193078	0.0136381195215	1.0	0.00796026698743	0.0164715669824	-0.0320417200808	-0.00638806625744	-0.0673438059777	0.0682137573956	0.0195752758556	0.050959749422	0.0164389688594	0.0692101241009	0.039975821733	-0.0889551949839	0.0326417727647	-0.0178567002678	-0.0316642051046	-0.04412764861	0.00158648918755	-0.003737762728	-0.0309377673659	-0.0498137192657	0.018072776077	0.0134793248417	-0.00419195111164	-0.0764878665362	0.0217597070901	-0.0486954013279	-0.00196916431554	-0.04672496468	0.00665536597281	-0.0218872109499	-0.0372441681103	0.00120792282615	0.0583843830793	-0.0324676276074	-0.0453301318896	-0.0447023697309	-0.0138554195343	0.0293137986087	0.0344450262861	-0.0419950087862	-0.0275726931349	-0.024535524202	0.0213219796356	0.0396264781283	0.000521191387784	-0.0261831839601	-0.0259127747454	0.000103986612352	-0.0296715842592
k__Bacteria;p__Bacteroidetes;c__Bacteroidia;o__Bacteroidales;f__Bacteroidaceae;g__Bacteroides;s__Bacteroides_thetaiotaomicron	0.0256687311089	-0.0632279827792	-0.00284272788851	0.0677800208659	0.00679365564918	0.0161890206617	0.0621106831071	-0.0632876992043	-0.0144021862005	0.00796026698743	1.0	-0.0321532269662	0.0198531988766	-0.0228885341466	0.00975361533893	-0.100500003206	0.00381392263637	0.00423648735471	3.12662500177e-05	0.0216655591953	-0.0293141702998	-0.000528194553143	-0.00377878489381	-0.0495806699293	0.019738294944	-0.0126918878416	0.0027606222396	-0.0242368905681	-0.0517251332903	0.00336042874722	0.0523840427228	-0.0129548096951	0.0450231720354	-0.0213652776927	-0.0385299295049	-0.00461386069141	0.0198416076477	-0.0594577176027	-0.085388976308	-0.0569772856981	0.0237875542069	0.0600775658561	-0.00205647888948	-0.0505260066512	-0.0257587326529	-0.0497338114783	0.00883781232085	-0.0462261055228	0.00461141663633	0.0142454787603	0.016643282987	-0.0518484354454	-0.0208713909799	-0.00376232553344	-0.0604520726098	-0.0172005659986	0.00522091356548	0.0057037276961	-0.0153214392888
k__Bacteria;p__Bacteroidetes;c__Bacteroidia;o__Bacteroidales;f__Bacteroidaceae;g__Bacteroides;s__Bacteroides_coprocola	-0.0538375895263	-0.0148406509242	-0.00450635013014	0.0216968980024	-0.0152729854048	-0.0136588241599	0.0533695492981	0.0315729289961	0.0109539211409	0.0164715669824	-0.0321532269662	1.0	0.00511576468586	0.0229386678754	0.00203393379901	-0.0427988354033	-0.0222531018784	0.0326705053698	-0.0124541918583	0.0927442971804	0.0564707156572	0.0178115017326	-0.0172889423323	-0.00392082382894	-0.0621041246872	-0.0389818427369	0.0192381123425	0.00878440718648	0.00401757726945	-0.0052464189998	0.0261720253797	-0.0191386678423	0.0107101846754	-0.0220730226902	-0.0766189256597	-0.0539964493341	0.00741941193047	-0.0111597071603	-0.0265315106031	0.0177485583276	-0.00185533614685	-0.0628455981258	-0.053524813229	-0.0462609796516	-0.0234363807037	-0.0727025920184	0.0306619283102	0.00566824535099	3.18613250894e-06	-0.0401187296475	-0.033514585118	-0.0474802011154	0.0260016079749	0.0790066910726	0.0398957297258	0.0125944494592	-0.0709141950909	0.0297697726878	0.00559955781313
k__Bacteria;p__Bacteroidetes;c__Bacteroidia;o__Bacteroidales;f__Bacteroidaceae;g__Bacteroides;s__Bacteroides_cellulosilyticus	-0.0165071147254	0.0158388446903	-0.0341729033315	-0.0219166217339	-0.0285855840904	0.0107485353774	0.0270964927377	0.0608462232259	0.00532160655816	-0.0320417200808	0.0198531988766	0.00511576468586	1.0	0.0132739896446	-0.00521824185144	-0.0243155004686	0.0105913808183	0.00716571249841	0.00900127439655	-1.38696277318e-05	-0.036836626706	0.0304199935841	-0.0179783995197	-0.020546013671	-0.00155871068024	0.0518796530797	0.00280527325312	-0.0202757405771	-0.0515739491711	-0.0319536819435	-0.00931557634182	-0.00324861703982	-0.0500558409728	0.0143072601665	0.00690534013586	0.0142028615451	0.0218160206872	-0.0417736261839	0.00177982672663	-0.0443477813261	-0.012921324056	0.0325240600526	-0.0120866406537	-0.0244004540554	0.0152666996873	-0.00320015911166	0.00371444076304	-0.0265347391528	-0.0354299746951	0.02434836271	0.0195197803071	-0.0259605935051	0.0138082273065	-0.0283878389557	0.00871785048235	0.0161456501243	-0.0229102234731	-0.00399735302082	-0.00330123648433
k__Bacteria;p__Bacteroidetes;c__Bacteroidia;o__Bacteroidales;f__Rikenellaceae;g__Alistipes;s__Alistipes_obesi	0.0327846016579	-0.0455475013897	-0.0372799927029	0.00586924310775	0.0229566002668	-0.0134533654834	-0.00616141382872	0.0579984656049	-0.0297382585214	-0.00638806625744	-0.0228885341466	0.0229386678754	0.0132739896446	1.0	-0.00525028504881	-0.0251985208641	0.0194089134521	0.00270970914553	0.0172303743943	0.00775785159408	-0.0345222203586	-0.0332138657559	-0.00154223761891	0.0138336072007	-0.0456413065071	-0.0530232430612	-0.0381187442441	0.0229962251142	-0.0182106494036	-0.00490513816954	-0.0155923826714	-0.0140324706682	-0.0305061145403	0.0251949017367	-0.0404455833203	0.0414080739398	0.0431728317664	0.0175920265481	-0.0323812969398	-0.0590279552965	-0.0406811146854	-0.0292748850219	0.00632639059248	-0.0133237913763	-0.0041975016833	0.0712715091337	0.0109812473534	-0.0352886997913	-0.00853001962386	-0.0234706532542	-0.0183208946499	-0.0109368609498	-0.0654133240423	-0.0175630620021	0.00637747340624	0.023199283252	-0.0227607365388	-0.00477460498942	0.0448150325844
k__Bacteria;p__Firmicutes;c__Clostridia;o__Clostridiales;f__Lachnospiraceae;g__;s__[Eubacterium]_rectale	0.0318375263401	-0.0337398713814	0.00923321975436	-0.0129854063706	-0.0250402744373	-0.0224355276287	-0.0760827312694	-0.011380966621	-0.00350677616475	-0.0673438059777	0.00975361533893	0.00203393379901	-0.00521824185144	-0.00525028504881	1.0	-0.0203933743277	-0.0195584702239	-0.031777713668	-0.00593954212954	0.0116311754731	-0.0819647483637	-0.0305931519123	-0.0378069673161	0.0335706891016	-0.0476490997648	0.0539333709347	-0.0562049101141	-0.0366345585008	-0.00623054313627	0.0510854467671	0.0334729666595	0.00310955387989	0.0588764328329	0.0448609395635	0.0548790507216	-0.065956766629	0.0066564044551	-0.0107265026537	-0.0144982169315	0.0417648268754	0.00376899329106	-0.0181950041227	-0.0076715720554	0.0358445637038	0.0652444495773	-0.0205614831759	-0.0192295418227	0.030852265497	-0.0112750417779	0.00296211989921	0.0392853068183	0.0103786705278	-0.0111417708727	-0.0437124885816	0.00689732972513	-0.0279767747477	-0.0243735816557	-0.0341842894136	-0.00555641940356
k__Bacteria;p__Bacteroidetes;c__Bacteroidia;o__Bacteroidales;f__Bacteroidaceae;g__Bacteroides;s__Bacteroides_plebeius	0.00858436615644	-0.0635677985882	-0.012152150307	-0.00114712197995	0.0296554018722	8.57434006472e-05	-0.0147595771396	-0.037562397937	0.0177053012785	0.0682137573956	-0.100500003206	-0.0427988354033	-0.0243155004686	-0.0251985208641	-0.0203933743277	1.0	-0.0259382201253	0.0231620005832	-0.0433288041663	0.0116359500918	-0.0367779763952	0.0249425805613	-0.041835793039	-0.0539647211328	-0.0770349236735	0.0115648472651	0.0391798554724	0.073035926671	0.0059324699066	0.0258002895713	-0.0448228941273	-0.000438316174896	-0.0402651591379	-0.0117352151075	-0.0469382858094	0.00338310450163	-0.0348098474119	-0.00646057783045	0.00447627775488	0.0333512437093	-0.0365616044063	0.0153656667564	0.0262461304668	0.0246041508146	0.0132743988948	-0.0210540545789	-0.0664526140156	-0.0126494001789	-0.0349247722536	0.0291403472738	0.0226327448807	-0.0424417447846	0.0127983120981	0.0535066527535	0.0213013568291	-0.0236750195371	0.0312547621481	0.0136289529951	-0.0199806552154
k__Bacteria;p__Bacteroidetes;c__Bacteroidia;o__Bacteroidales;f__Bacteroidaceae;g__Bacteroides;s__Bacteroides_fragilis	0.0415196985883	-0.0493269047464	0.0446429298426	0.0112784787696	0.0762224931354	-0.0830865110499	-0.00837528664427	-0.0149597306262	0.00981931520958	0.0195752758556	0.00381392263637	-0.0222531018784	0.0105913808183	0.0194089134521	-0.0195584702239	-0.0259382201253	1.0	0.0378954574578	-0.0401527119	0.0426170622185	0.00980469511613	0.00428028696708	-0.0255270610021	-0.0254801623867	0.0206959757183	-0.0333038781511	-0.0955943078127	-0.0294593552906	-0.0631600272273	-0.000665574785182	0.0302082529061	-0.00362031103335	0.0328209371976	-0.00470144888501	-0.0272713432809	-0.0292324680388	-0.00272885062857	0.0123371188434	-0.00798099664262	0.0161261428667	0.046446298263	-0.0618158666353	-0.0522719892912	-0.00719246380012	-0.0137610338628	-0.00505748454191	-0.0593550904575	0.00827619460547	0.00426234452947	-0.021916522536	0.0378750929099	-0.0859012566357	0.0103917515476	-0.0155943146215	-0.0310072728874	0.011422775812	-0.00487891030522	0.0270611509533	-0.000596412835357
k__Bacteria;p__Proteobacteria;c__Betaproteobacteria;o__Burkholderiales;f__Sutterellaceae;g__Sutterella;s__Sutterella_wadsworthensis	-0.0403803140093	-0.00487970631373	-0.00776720229078	-0.0328445788636	0.0032869733073	-0.0401125805044	-0.0100803565185	-0.0315095467147	-0.0268411619256	0.050959749422	0.00423648735471	0.0326705053698	0.00716571249841	0.00270970914553	-0.031777713668	0.0231620005832	0.0378954574578	1.0	-0.0089851959477	-0.0117344240474	-0.00563677374643	-0.011281152666	-0.0296914352616	0.0221448568241	0.00212587334219	0.0324613733187	0.00570699672829	-0.0191255002673	-0.0205098421009	-0.0437072955374	0.0115397556316	-0.0546375862958	0.0591569417839	-0.0522756745567	0.00506793635235	-0.00529843646579	0.0263120173901	0.00737748352098	0.0199693522646	0.0733019377732	0.000278831126859	-0.00779326857434	-0.000759601353446	0.00444533373482	-0.0202840930999	-0.0574619278053	-0.0486227598239	-0.0149401937444	-0.00388696435999	-0.0263724272191	0.000603459591507	0.0314461599371	-0.0349092161581	-0.00885062414645	-0.0335830389517	0.0277060788224	-0.0444037529341	-0.0299727998231	-0.0470717199482
k__Bacteria;p__Bacteroidetes;c__Bacteroidia;o__Bacteroidales;f__Porphyromonadaceae;g__Barnesiella;s__Barnesiella_intestinihominis	-0.0551004738963	-0.00954104257005	-0.0264460804041	0.00415608331801	-0.0505298360646	-0.0331928243798	-0.02800645677	-0.00458360694803	-0.0612037050589	0.0164389688594	3.12662500177e-05	-0.0124541918583	0.00900127439655	0.0172303743943	-0.00593954212954	-0.0433288041663	-0.0401527119	-0.0089851959477	1.0	0.0131716392876	-0.0626416428611	0.00432092461058	0.0531835467983	-0.0144220600122	-0.0674281668321	-0.0156256407987	0.00938179056963	0.0114089393338	-0.0468878550084	-0.0205142869223	-0.0534407686128	-0.00128130012235	-0.0193733790649	-0.0454738652216	0.0944726628002	0.0134474236016	0.0102259276655	0.0324786658524	-0.0594703502782	-0.0472621223432	-0.0286586008005	-0.0123235367119	0.0287326799963	-0.0748535251523	0.000352622809007	-0.00648543928337	0.00801844098301	-0.0213724766657	0.0181224442399	0.00902315471574	-0.00406327609705	0.0279800626135	-0.015799562363	-0.0217006160351	-0.0105371366778	-0.0309683206019	0.00847638087049	0.059084837554	-0.0163053100947
k__Bacteria;p__Bacteroidetes;c__Bacteroidia;o__Bacteroidales;f__Odoribacteraceae;g__Odoribacter;s__Odoribacter_splanchnicus	-0.0328552665336	0.0194322459725	-0.0309270038722	-0.0394848930365	-0.00774892344609	-0.000324558647472	-0.0185000157916	-0.0383804932569	-0.0258966186713	0.0692101241009	0.0216655591953	0.0927442971804	-1.38696277318e-05	0.00775785159408	0.0116311754731	0.0116359500918	0.0426170622185	-0.0117344240474	0.0131716392876	1.0	5.55384912387e-05	0.0215006930828	0.00545379647078	-0.0140961357684	-0.0423190177793	-0.0636685838485	-0.0101243870636	-0.0658439363354	0.015539557168	-0.0745654821465	-0.0338686131738	0.0146149269029	0.00747581811586	-0.0428158880109	0.0283718426988	-0.0102743402837	0.00843710252318	-0.0507863439807	-0.0247393490967	0.039467894369	-0.0218108759622	-0.0437154125428	-0.0459524620745	-0.0417835932826	-0.0188934485485	-0.0293390620511	-0.0174200957262	0.0330004741719	0.0160759814391	0.00431954097194	0.0107854458031	-0.0776309367116	0.000757036845871	0.00771688615943	-0.0379832809567	-0.0107746800407	0.00180267488745	-0.0132185897243	0.0174771700798
k__Bacteria;p__Bacteroidetes;c__Bacteroidia;o__Bacteroidales;f__Bacteroidaceae;g__Bacteroides;s__Bacteroides_salyersiae	-0.00308928536112	0.0247346198548	-0.0565809882888	0.0369389486528	0.0267117458363	-0.0205663264372	0.00978114976272	-0.00727062506746	0.0405929687039	0.039975821733	-0.0293141702998	0.0564707156572	-0.036836626706	-0.0345222203586	-0.0819647483637	-0.0367779763952	0.00980469511613	-0.00563677374643	-0.0626416428611	5.55384912387e-05	1.0	-0.0163648148766	-0.017951429529	-0.040235428489	0.0067524482433	-0.0359412443471	-0.00928591880038	-0.0173994279513	-0.0313194043877	-0.0714632147568	-0.010998291497	0.0415216129197	0.0171421401835	-0.046625048592	-0.0176546221845	-0.041430244487	0.0141098585906	0.0158956253534	-0.0228017842018	0.036883327723	-0.0444184673915	0.00156323252216	0.0223189219507	0.003152743994	0.0310974746599	-0.0223718743214	-0.0441639024555	-8.69915689009e-05	-0.0377493241451	-0.00510070121475	-0.0131671142577	0.0396521140562	0.0166348909218	0.07927593186	-0.00594653798467	0.00297877222544	0.0135889831646	0.0571200507361	0.0199188157992
k__Bacteria;p__Firmicutes;c__Clostridia;o__Clostridiales;f__Ruminococcaceae;g__Ruminiclostridium;s__[Eubacterium]_siraeum	0.0394089450878	-0.0165012895039	-0.0273559248816	0.0454801581389	-0.0383775144523	-0.024567221304	-0.000223868772106	-0.0149713783582	0.0211242277827	-0.0889551949839	-0.000528194553143	0.0178115017326	0.0304199935841	-0.0332138657559	-0.0305931519123	0.0249425805613	0.00428028696708	-0.011281152666	0.00432092461058	0.0215006930828	-0.0163648148766	1.0	0.0615708449573	-0.0430537196602	-0.0227270397144	0.0145655301232	-0.00862932598443	0.0228257782462	-0.0361724023841	-0.028729257399	-0.0171068249375	-0.0467855979733	-0.0101006451719	-0.0170573317773	0.0274186425706	-0.00922929318853	-0.0675520883764	0.0569695714089	-0.0140590707841	-0.0347353626862	-0.0229925901599	-0.0836353364098	-0.0321763386859	-0.0593233513187	0.0268778125441	-0.0406878044557	-0.0253972315528	0.00730068474211	-0.0378884548906	-0.0396424634654	0.0116758903533	0.0102087660221	0.0341825301926	0.0131076714247	-0.0158161782342	0.0161933509956	-0.0349299695643	-0.000584137363845	0.0316633400577
k__Bacteria;p__Proteobacteria;c__Betaproteobacteria;o__Burkholderiales;f__Sutterellaceae;g__Parasutterella;s__Parasutterella_excrementihominis	0.065826664049	-0.0476257512495	-0.0137495231495	0.0502250068172	-0.0688135768097	-0.0428339454504	-0.0347605725284	0.0298892352815	0.024463036666	0.0326417727647	-0.00377878489381	-0.0172889423323	-0.0179783995197	-0.00154223761891	-0.0378069673161	-0.041835793039	-0.0255270610021	-0.0296914352616	0.0531835467983	0.00545379647078	-0.017951429529	0.0615708449573	1.0	-0.000636856649101	0.0662499431217	0.00597873790671	0.0338905146498	-0.0684273961908	-0.02168044054	0.0138812203048	-0.0331930197363	-0.00912240351098	-0.0189485004225	-0.044481239615	0.00156906965667	0.00634640455643	0.023509639336	0.0241701657119	0.0376467637385	-0.019740467873	0.00588013415525	0.0127869358282	-0.0147646100486	0.000901059460185	-0.000970809538433	0.0157722565585	-0.00335986663698	-0.00225275721787	-0.00354345588321	-0.0166021866226	-5.43444669697e-06	-0.0323334544355	-0.00128536734462	-0.00306686851733	-0.0223768225487	-0.0323703538985	-0.0228211852126	-0.0313815754395	-0.0547078611921
k__Bacteria;p__Actinobacteria;c__Actinobacteria;o__Bifidobacteriales;f__Bifidobacteriaceae;g__Bifidobacterium;s__Bifidobacterium_adolescentis	0.00559611599325	0.00941515133782	-0.0149962436023	-0.0488983696101	-0.0246954399076	-0.00811054526814	-0.0137011553223	0.0562201384707	-0.00061344878251	-0.0178567002678	-0.0495806699293	-0.00392082382894	-0.020546013671	0.0138336072007	0.0335706891016	-0.0539647211328	-0.0254801623867	0.0221448568241	-0.0144220600122	-0.0140961357684	-0.040235428489	-0.0430537196602	-0.000636856649101	1.0	0.0224899624391	0.0324240945494	-0.00501714670311	-0.0193238212109	0.00322551480637	-0.029575921354	0.0199696584061	-0.0122313126632	-0.0549574324425	0.0490586346446	0.046807925243	0.0548171437575	0.00580815555424	-0.018170561435	0.022613666993	0.0131949866033	-0.0229796043466	0.0208600007468	-0.024571084156	0.0530174255027	-0.0824301993838	-0.0190314059089	-0.0199711214925	0.0058184426908	-0.0157270095146	-0.0376328842843	-0.0152218602986	0.000289360250807	-0.0167166990152	-0.00595792378254	0.0224873548791	-0.000430600470575	-0.0532011935215	-0.00809053810688	0.0122246959137
k__Bacteria;p__Firmicutes;c__Clostridia;o__Clostridiales;f__Oscillospiraceae;g__Oscillibacter;s__Oscillibacter_sp._KLE_1745	0.0190600426159	-0.00120720876193	0.0167841126117	-0.0253825052923	0.0112420594059	0.0180246781718	0.0136863825027	-0.00118839491874	-0.00917870035625	-0.0316642051046	0.019738294944	-0.0621041246872	-0.00155871068024	-0.0456413065071	-0.0476490997648	-0.0770349236735	0.0206959757183	0.00212587334219	-0.0674281668321	-0.0423190177793	0.0067524482433	-0.0227270397144	0.0662499431217	0.0224899624391	1.0	0.00323307389008	-0.0606689542218	-0.0574235599418	0.00192401277779	-0.00123043106083	-0.0118106994209	0.0626503011766	-0.0129316916664	0.0090853328848	-0.0121228215732	-0.0365727206128	0.0110771382946	0.0091017900172	0.0286236429921	0.0217419640577	0.0219000047356	-0.0385553474294	0.00380095550924	0.043901012304	0.0293951505004	0.0161327749131	-0.0546225318668	-0.00288956544252	-0.0208713775164	-0.0174018368968	-0.0677061440446	0.0553457456996	0.0451404420786	-0.0138692147666	-0.00933422865885	-0.0172705235536	-0.0654708510474	0.00603043370349	0.0231713487585
k__Bacteria;p__Bacteroidetes;c__Bacteroidia;o__Bacteroidales;f__Bacteroidaceae;g__Bacteroides;s__Bacteroides_coprophilus	0.00103165173211	0.0388621921398	-0.0183092702668	-0.0318673770293	-0.0534630559613	0.00943970313002	-0.0288467644655	-0.0854852738013	0.00707254192788	-0.04412764861	-0.0126918878416	-0.0389818427369	0.0518796530797	-0.0530232430612	0.0539333709347	0.0115648472651	-0.0333038781511	0.0324613733187	-0.0156256407987	-0.0636685838485	-0.0359412443471	0.0145655301232	0.00597873790671	0.0324240945494	0.00323307389008	1.0	0.00069313961894	0.00565501100967	-0.0203943648351	-0.0117962654096	0.0247711570923	-0.0318081838236	-0.00526149118395	0.0106614309998	0.041445280491	-0.00164649856306	-0.0140827231556	0.0293209544505	0.00608617380704	-0.0485975150304	-0.0145274634863	-0.0660751166028	-0.0270504851633	-0.00529168936895	0.0368769700654	0.0182128159232	0.0352073966364	0.0293928846354	-0.00719934723319	0.0601305436764	0.0521794605082	-0.0520870665634	0.000574522805852	-0.0538672869419	0.0209750502486	-0.0450169066755	0.0174400463243	-0.0275051369807	0.0201749408486
k__Bacteria;p__Firmicutes;c__Clostridia;o__Clostridiales;f__Lachnospiraceae;g__Roseburia;s__Roseburia_intestinalis	-0.0188166418449	-0.0121976868255	-0.0119864398807	-0.0239531529094	-0.0277033045591	-0.034527350934	0.0688870283345	-0.00630076943606	0.0445498062971	0.00158648918755	0.0027606222396	0.0192381123425	0.00280527325312	-0.0381187442441	-0.0562049101141	0.0391798554724	-0.0955943078127	0.00570699672829	0.00938179056963	-0.0101243870636	-0.00928591880038	-0.00862932598443	0.0338905146498	-0.00501714670311	-0.0606689542218	0.00069313961894	1.0	-0.0861401641208	0.0285160503016	0.00660577559293	-0.0245481637414	0.0254730739107	0.0204249834901	0.0248938782556	-0.0338563142195	0.0304114733747	-0.0541532156082	-0.026278502291	-0.000540416212204	-0.000308408764277	-0.00937965121649	0.00496161301007	-0.0114883570928	-0.0463510732278	0.00251274103799	0.0155245028506	-0.0385396982999	-0.0924804995088	-0.016400314024	0.0606627230213	-0.0003935191317	0.0153202921014	-0.0393873762175	-0.0267037359698	-0.0690443620133	0.0395894002861	0.0174331151895	-0.00638740714972	-0.0010593738856
k__Bacteria;p__Firmicutes;c__Clostridia;o__Clostridiales;f__Lachnospiraceae;g__Roseburia;s__Roseburia_hominis	-0.00434618437781	0.0185741743775	0.0379051216082	0.040081640199	0.019978378808	0.00970054209487	0.0244270552707	0.043762051505	-0.0412301386681	-0.003737762728	-0.0242368905681	0.00878440718648	-0.0202757405771	0.0229962251142	-0.0366345585008	0.073035926671	-0.0294593552906	-0.0191255002673	0.0114089393338	-0.0658439363354	-0.0173994279513	0.0228257782462	-0.0684273961908	-0.0193238212109	-0.0574235599418	0.00565501100967	-0.0861401641208	1.0	-0.0133254073837	0.0492976279078	0.0322544483775	0.016263176458	-0.000269279279499	0.00770722435604	-0.0253423758809	0.0150980176357	-0.0182530072091	0.00325706850254	-0.0333692498222	0.0177584696327	-0.019842232802	-0.0015809325187	0.0124301384052	-0.0162404213458	0.0169227278008	0.00494967581786	0.0135614151642	-0.0670284340833	-0.0145009301847	-0.042685588009	-0.0727659422328	-0.059555595208	-0.00996473808947	-0.0277928640865	-0.0407983232484	-0.0183361277577	0.0302919535383	-0.0142071574956	0.0021787985514
k__Bacteria;p__Bacteroidetes;c__Bacteroidia;o__Bacteroidales;f__Porphyromonadaceae;g__Parabacteroides;s__Parabacteroides_johnsonii	-0.0222680824839	0.0815692010178	0.0105085277446	-0.0257703680077	0.0387796084672	0.0175754639135	-0.0176514690344	-0.0170098884364	0.0683358992862	-0.0309377673659	-0.0517251332903	0.00401757726945	-0.0515739491711	-0.0182106494036	-0.00623054313627	0.0059324699066	-0.0631600272273	-0.0205098421009	-0.0468878550084	0.015539557168	-0.0313194043877	-0.0361724023841	-0.02168044054	0.00322551480637	0.00192401277779	-0.0203943648351	0.0285160503016	-0.0133254073837	1.0	0.04544626385	-0.0127262067967	0.0114338425607	-0.0413915528616	-0.00861177033524	-0.0356691884021	0.0360808003092	0.0252132650091	-0.0266424644909	-0.00134673468782	0.0284592431197	0.0327278197942	0.0403145164994	-0.0103825096506	-0.0261778254686	-0.0117907126219	-0.0201169668836	-0.00385793491101	0.00640875352784	0.00994972412029	0.00712427310184	-0.0639332130886	0.00726061737261	-0.0323410493803	-0.0228796175495	-0.0267420723049	-0.00583439416565	-0.0129613833583	-0.0613765405299	-0.0653004096033
k__Bacteria;p__Actinobacteria;c__Actinobacteria;o__Bifidobacteriales;f__Bifidobacteriaceae;g__Bifidobacterium;s__Bifidobacterium_longum	0.0119127374662	-0.0510040646579	0.016399662009	0.0032249901988	-0.0456930266127	0.01355968565	0.0178507594582	0.0448148351041	-0.0036394518918	-0.0498137192657	0.00336042874722	-0.0052464189998	-0.0319536819435	-0.00490513816954	0.0510854467671	0.0258002895713	-0.000665574785182	-0.0437072955374	-0.0205142869223	-0.0745654821465	-0.0714632147568	-0.028729257399	0.0138812203048	-0.029575921354	-0.00123043106083	-0.0117962654096	0.00660577559293	0.0492976279078	0.04544626385	1.0	-0.00970182456175	0.00804568987843	-0.0666794575686	-0.0411878039368	-0.0170343288989	-0.000738189438125	0.0137482688872	-0.0393856106778	-0.0020534105988	0.0215372076368	-0.036283740368	-0.0121895240805	-0.00269751494897	-0.0704994013246	-0.0117744627033	0.0471554945287	0.0233573309199	-0.0138228292725	0.00331776905215	-0.0767756414066	-0.0356627681759	0.0706539856173	-0.0228200826294	-0.0197164850924	-0.0482710725048	-0.0414715234319	-0.0391110278589	0.00283376017161	-0.0169433845936
