#taxonomy	k__Bacteria;p__Bacteroidetes;c__Bacteroidia;o__Bacteroidales;f__Bacteroidaceae;g__Bacteroides;s__Bacteroides_vulgatus	k__Bacteria;p__Bacteroidetes;c__Bacteroidia;o__Bacteroidales;f__Bacteroidaceae;g__Bacteroides;s__Bacteroides_uniformis	k__Bacteria;p__Bacteroidetes;c__Bacteroidia;o__Bacteroidales;f__Rikenellaceae;g__Alistipes;s__Alistipes_putredinis	k__Bacteria;p__Bacteroidetes;c__Bacteroidia;o__Bacteroidales;f__Prevotellaceae;g__Prevotella;s__Prevotella_copri	k__Bacteria;p__Bacteroidetes;c__Bacteroidia;o__Bacteroidales;f__Bacteroidaceae;g__Bacteroides;s__Bacteroides_stercoris	k__Bacteria;p__Bacteroidetes;c__Bacteroidia;o__Bacteroidales;f__Bacteroidaceae;g__Bacteroides;s__Bacteroides_ovatus	k__Bacteria;p__Bacteroidetes;c__Bacteroidia;o__Bacteroidales;f__Rikenellaceae;g__Alistipes;s__Alistipes_shahii	k__Bacteria;p__Firmicutes;c__Clostridia;o__Clostridiales;f__Ruminococcaceae;g__Faecalibacterium;s__Faecalibacterium_prausnitzii	k__Bacteria;p__Bacteroidetes;c__Bacteroidia;o__Bacteroidales;f__Rikenellaceae;g__Alistipes;s__Alistipes_finegoldii	k__Bacteria;p__Bacteroidetes;c__Bacteroidia;o__Bacteroidales;f__Porphyromonadaceae;g__Parabacteroides;s__Parabacteroides_distasonis	k__Bacteria;p__Bacteroidetes;c__Bacteroidia;o__Bacteroidales;f__Bacteroidaceae;g__Bacteroides;s__Bacteroides_thetaiotaomicron	k__Bacteria;p__Bacteroidetes;c__Bacteroidia;o__Bacteroidales;f__Bacteroidaceae;g__Bacteroides;s__Bacteroides_coprocola	k__Bacteria;p__Bacteroidetes;c__Bacteroidia;o__Bacteroidales;f__Bacteroidaceae;g__Bacteroides;s__Bacteroides_cellulosilyticus	k__Bacteria;p__Bacteroidetes;c__Bacteroidia;o__Bacteroidales;f__Rikenellaceae;g__Alistipes;s__Alistipes_obesi	k__Bacteria;p__Firmicutes;c__Clostridia;o__Clostridiales;f__Lachnospiraceae;g__;s__[Eubacterium]_rectale	k__Bacteria;p__Bacteroidetes;c__Bacteroidia;o__Bacteroidales;f__Bacteroidaceae;g__Bacteroides;s__Bacteroides_plebeius	k__Bacteria;p__Bacteroidetes;c__Bacteroidia;o__Bacteroidales;f__Bacteroidaceae;g__Bacteroides;s__Bacteroides_fragilis	k__Bacteria;p__Proteobacteria;c__Betaproteobacteria;o__Burkholderiales;f__Sutterellaceae;g__Sutterella;s__Sutterella_wadsworthensis	k__Bacteria;p__Bacteroidetes;c__Bacteroidia;o__Bacteroidales;f__Porphyromonadaceae;g__Barnesiella;s__Barnesiella_intestinihominis	k__Bacteria;p__Bacteroidetes;c__Bacteroidia;o__Bacteroidales;f__Odoribacteraceae;g__Odoribacter;s__Odoribacter_splanchnicus	k__Bacteria;p__Bacteroidetes;c__Bacteroidia;o__Bacteroidales;f__Bacteroidaceae;g__Bacteroides;s__Bacteroides_salyersiae	k__Bacteria;p__Firmicutes;c__Clostridia;o__Clostridiales;f__Ruminococcaceae;g__Ruminiclostridium;s__[Eubacterium]_siraeum	k__Bacteria;p__Proteobacteria;c__Betaproteobacteria;o__Burkholderiales;f__Sutterellaceae;g__Parasutterella;s__Parasutterella_excrementihominis	k__Bacteria;p__Actinobacteria;c__Actinobacteria;o__Bifidobacteriales;f__Bifidobacteriaceae;g__Bifidobacterium;s__Bifidobacterium_adolescentis	k__Bacteria;p__Firmicutes;c__Clostridia;o__Clostridiales;f__Oscillospiraceae;g__Oscillibacter;s__Oscillibacter_sp._KLE_1745	k__Bacteria;p__Bacteroidetes;c__Bacteroidia;o__Bacteroidales;f__Bacteroidaceae;g__Bacteroides;s__Bacteroides_coprophilus	k__Bacteria;p__Firmicutes;c__Clostridia;o__Clostridiales;f__Lachnospiraceae;g__Roseburia;s__Roseburia_intestinalis	k__Bacteria;p__Firmicutes;c__Clostridia;o__Clostridiales;f__Lachnospiraceae;g__Roseburia;s__Roseburia_hominis	k__Bacteria;p__Bacteroidetes;c__Bacteroidia;o__Bacteroidales;f__Porphyromonadaceae;g__Parabacteroides;s__Parabacteroides_johnsonii	k__Bacteria;p__Actinobacteria;c__Actinobacteria;o__Bifidobacteriales;f__Bifidobacteriaceae;g__Bifidobacterium;s__Bifidobacterium_longum	k__Bacteria;p__Firmicutes;c__Clostridia;o__Clostridiales;f__;g__Flavonifractor;s__Flavonifractor_plautii	k__Bacteria;p__Firmicutes;c__Clostridia;o__Clostridiales;f__Clostridiaceae;g__Clostridium;s__Clostridium_phoceensis	k__Bacteria;p__Verrucomicrobia;c__Verrucomicrobiae;o__Verrucomicrobiales;f__Akkermansiaceae;g__Akkermansia;s__Akkermansia_muciniphila	k__Bacteria;p__Bacteroidetes;c__Bacteroidia;o__Bacteroidales;f__Prevotellaceae;g__Paraprevotella;s__Paraprevotella_xylaniphila	k__Bacteria;p__Firmicutes;c__Clostridia;o__Clostridiales;f__Ruminococcaceae;g__Ruminococcus;s__Ruminococcus_callidus	k__Bacteria;p__Bacteroidetes;c__Bacteroidia;o__Bacteroidales;f__Rikenellaceae;g__Alistipes;s__Alistipes_senegalensis	k__Bacteria;p__Firmicutes;c__Clostridia;o__Clostridiales;f__Lachnospiraceae;g__Blautia;s__Blautia_sp._KLE_1732	k__Bacteria;p__Bacteroidetes;c__Bacteroidia;o__Bacteroidales;f__Bacteroidaceae;g__Bacteroides;s__Bacteroides_oleiciplenus	k__Bacteria;p__Firmicutes;c__Clostridia;o__Clostridiales;f__Ruminococcaceae;g__Ruminococcus;s__Ruminococcus_bicirculans	k__Bacteria;p__Bacteroidetes;c__Bacteroidia;o__Bacteroidales;f__Bacteroidaceae;g__Bacteroides;s__Bacteroides_fluxus	k__Bacteria;p__Bacteroidetes;c__Bacteroidia;o__Bacteroidales;f__Prevotellaceae;g__Prevotella;s__Prevotella_stercorea	k__Bacteria;p__Firmicutes;c__Clostridia;o__Clostridiales;f__Lachnospiraceae;g__Dorea;s__Dorea_longicatena	k__Bacteria;p__Firmicutes;c__Clostridia;o__Clostridiales;f__Eubacteriaceae;g__Eubacterium;s__[Eubacterium]_eligens	k__Bacteria;p__Firmicutes;c__Clostridia;o__Clostridiales;f__Ruminococcaceae;g__;s__Ruminococcaceae_bacterium_D16	k__Bacteria;p__Firmicutes;c__Clostridia;o__Clostridiales;f__Lachnospiraceae;g__Coprococcus;s__Coprococcus_comes	k__Bacteria;p__Proteobacteria;c__Gammaproteobacteria;o__Enterobacterales;f__Enterobacteriaceae;g__Escherichia;s__Escherichia_coli	k__Bacteria;p__Firmicutes;c__Clostridia;o__Clostridiales;f__Ruminococcaceae;g__Anaerotruncus;s__Anaerotruncus_colihominis	k__Bacteria;p__Firmicutes;c__Clostridia;o__Clostridiales;f__Lachnospiraceae;g__Blautia;s__Blautia_obeum	k__Bacteria;p__Bacteroidetes;c__Bacteroidia;o__Bacteroidales;f__Odoribacteraceae;g__Odoribacter;s__Odoribacter_laneus	k__Bacteria;p__Firmicutes;c__Clostridia;o__Clostridiales;f__Ruminococcaceae;g__Ruminiclostridium;s__[Clostridium]_leptum	k__Bacteria;p__Bacteroidetes;c__Bacteroidia;o__Bacteroidales;f__Porphyromonadaceae;g__Parabacteroides;s__Parabacteroides_goldsteinii	k__Bacteria;p__Firmicutes;c__Clostridia;o__Clostridiales;f__Lachnospiraceae;g__Anaerostipes;s__Anaerostipes_hadrus	k__Bacteria;p__Firmicutes;c__Clostridia;o__Clostridiales;f__Ruminococcaceae;g__Ruminococcus;s__Ruminococcus_lactaris	k__Bacteria;p__Firmicutes;c__Clostridia;o__Clostridiales;f__Clostridiaceae;g__Clostridium;s__Clostridium_sp._L2-50	k__Bacteria;p__Firmicutes;c__Clostridia;o__Clostridiales;f__Clostridiaceae;g__Clostridium;s__Clostridium_sp._M62/1	k__Bacteria;p__Firmicutes;c__Clostridia;o__Clostridiales;f__;g__Intestinimonas;s__Intestinimonas_butyriciproducens	k__Bacteria;p__Actinobacteria;c__Actinobacteria;o__Bifidobacteriales;f__Bifidobacteriaceae;g__Bifidobacterium;s__Bifidobacterium_bifidum	k__Bacteria;p__Firmicutes;c__Negativicutes;o__Veillonellales;f__Veillonellaceae;g__Dialister;s__Dialister_invisus	k__Bacteria;p__Bacteroidetes;c__Bacteroidia;o__Bacteroidales;f__Bacteroidaceae;g__Bacteroides;s__Bacteroides_salanitronis
k__Bacteria;p__Bacteroidetes;c__Bacteroidia;o__Bacteroidales;f__Bacteroidaceae;g__Bacteroides;s__Bacteroides_vulgatus	1.0	0.0233602283482	-0.00881584738241	-0.0329841303145	0.0464388726692	0.0846456048541	0.00631237756882	0.0606045254717	-0.0267426061569	0.0453759752041	-0.0840582477264	-0.0651863453042	-0.0218421696176	0.0247608858296	0.00236387311491	0.0623600136792	0.00521709520861	0.0214435812943	-0.0325227215463	-0.0218620977509	-0.00330595067455	0.0377268698382	-0.0155936630192	-0.0378992334809	-0.0283310812727	0.00769436819483	0.0401102059553	0.0129580175344	-0.0192910402696	-0.00178380598407	-0.0240822645079	-0.0201166701376	-0.0156174725746	-0.00952769145502	0.00137398225691	0.0739432469028	0.000772206539858	-0.00523101288398	-0.00808986303929	-0.0257017252263	-0.0371615740916	-0.016971543192	-0.0423660516414	0.0186779363304	-0.00510044834339	-0.0397896249279	-0.0731874590717	-0.0268340055696	0.0159473340278	0.0035783445488	-0.014152629984	-0.0304215665116	-0.000885175799485	-0.0622866042103	-0.0233645868403	-0.0173526834736	0.0202421165491	-0.00693659283669	-0.0518372503877
k__Bacteria;p__Bacteroidetes;c__Bacteroidia;o__Bacteroidales;f__Bacteroidaceae;g__Bacteroides;s__Bacteroides_uniformis	0.0233602283482	1.0	0.0482404345907	0.00678876446396	-0.0340926468023	-0.0169673207023	-0.0269274392239	0.0623241470354	-0.000360004656477	-0.0107813514203	-0.0305038043533	0.0303014320812	0.0505520386111	-0.0073715964816	0.0252877465003	0.0355511077236	-9.7310939148e-05	-0.0250643576762	-0.0310123056677	0.00931050265599	-0.0374033219102	-0.0501909088106	0.00521789096679	0.0387849728206	0.0108338442501	0.0268670445559	0.0117552979925	-0.0122425347072	-0.0435716800112	-0.0499305896733	-0.0448812168228	-0.0122798638409	0.0433123008726	-0.0992498742938	-0.0105000441298	-0.0202333689436	-0.0285398580738	-0.0090592790802	-0.000261090852348	-0.0289439311034	0.0591732016469	-0.00206742741965	-0.0351455452416	0.0562762741381	-0.0484644067768	-0.0127831908309	0.0246711175994	-0.0214837065667	-0.0601842959932	-0.0101670968699	-0.00100379535117	0.0300935830353	-0.0199558320912	-0.00599964168791	0.039430437124	-0.0218475968266	-0.0246063501264	-0.0227193571593	-0.00680490469438
k__Bacteria;p__Bacteroidetes;c__Bacteroidia;o__Bacteroidales;f__Rikenellaceae;g__Alistipes;s__Alistipes_putredinis	-0.00881584738241	0.0482404345907	1.0	-0.0725471674273	-0.0159447814267	0.0795971189355	-0.0464692289305	-0.0192019532939	0.0142022121169	0.00786121067965	0.00277091169773	0.0171264361877	-0.0317089513572	0.0282110294225	0.013301898544	-0.00715612400726	-0.0293674869924	0.00885372785812	0.0116139331324	-0.0250128616611	-0.0557267238672	0.0404282189452	-0.0313206118819	-0.0124514485205	-0.0166279018218	0.0248669546018	0.00327156808405	-0.0171452368448	0.0141876090189	0.0171084101076	0.0608390962065	-0.0409459329816	0.0443459261226	0.00315398517363	-0.07059882993	0.0432640258237	-0.015120302705	-0.0218884971717	0.0558243763487	-0.0258162228326	0.00188066966772	0.0113659101444	-0.0494942420256	-0.0297619920566	-0.0228116530032	0.0247711884762	-0.0316429392034	-0.0516946621367	0.0084723574012	-0.0486464735302	0.0268086055263	0.0220302982285	-0.0516822571697	0.0242997305667	-0.0481958862634	0.0321311693797	0.0214360341384	-0.0404918469326	-0.0674068948614
k__Bacteria;p__Bacteroidetes;c__Bacteroidia;o__Bacteroidales;f__Prevotellaceae;g__Prevotella;s__Prevotella_copri	-0.0329841303145	0.00678876446396	-0.0725471674273	1.0	0.0678855675942	0.0333271884757	0.000438769966272	-0.0547050477816	-0.033512441159	0.0236733411839	-0.016807950789	-0.0335816735443	-0.0331846303194	-7.625236883e-05	0.0685757791104	0.00668772528298	0.0231991018163	0.0644966046	-0.0331715013543	-0.0204736441971	0.0112673999549	-0.00209911177206	-0.0367893769214	0.0198567228481	-0.0351989190873	-0.01230971859	0.0114552390317	-0.0610420685034	-0.0828514107845	-0.0557764035639	0.000749600683789	-0.0584499407882	-0.0514555599604	0.0350548414749	0.00038851367743	-0.00972952789862	-0.0218134608744	0.0242207924344	-0.00882916127038	0.00592391603436	-0.0151484499611	-0.0107377055665	-0.029533086153	-0.00808144724843	0.0408379531476	-0.016296662821	0.0171989919248	0.0383508061009	-0.0231096893806	-0.0469456251986	-0.0256147984486	0.00257559615781	0.00264007236466	0.0273670639295	-0.0317003627999	0.0191781633906	-0.0453594948673	-0.0462651277772	-0.0237320155844
k__Bacteria;p__Bacteroidetes;c__Bacteroidia;o__Bacteroidales;f__Bacteroidaceae;g__Bacteroides;s__Bacteroides_stercoris	0.0464388726692	-0.0340926468023	-0.0159447814267	0.0678855675942	1.0	-0.0157098815993	-0.0395889857672	-0.0546588328305	0.00886892458863	-0.0682092484282	-0.0169878562462	-0.0556533782782	-0.0657974092373	0.0254058085969	-0.00140889460333	0.009925656057	0.0733928410468	-0.0381932044909	-0.0348336659674	-0.0132416203428	-0.0233419887554	-0.0410810761838	-0.0058466638687	-0.0470544616872	-0.0118188060982	0.018362671395	-0.0359347171526	-0.0221676105293	0.0154456937872	0.0365249104882	0.0492520961204	-0.0175920675651	-0.00759437955462	0.0349927648491	0.0190806008267	0.0272563533521	-0.000858643811567	0.0404598057741	-0.0356993143316	-0.0729052311879	-0.0357283671449	0.0183781112954	-0.0793148162855	-0.00722787048074	0.0361173590264	-0.000972983844393	0.0262616073824	-0.0038974729491	-0.0347895318629	0.0616659178839	-0.0428992234526	-0.0524631000486	-0.0519653480288	-0.028449410696	-0.0507564935452	-0.0181345329273	-0.00773636548722	0.0472313130269	-0.011838939109
k__Bacteria;p__Bacteroidetes;c__Bacteroidia;o__Bacteroidales;f__Bacteroidaceae;g__Bacteroides;s__Bacteroides_ovatus	0.0846456048541	-0.0169673207023	0.0795971189355	0.0333271884757	-0.0157098815993	1.0	-0.0455567008459	-0.0478485201299	0.0723166367964	-0.0273248323334	0.039755014396	-0.0699002436936	-0.0199854746278	-0.0367605104048	-0.0251836264789	0.0300565768266	-0.00435782788153	-0.0249556269276	-0.000943551589429	-0.0109977759525	0.0189003739405	0.0110332348555	-0.00488713989846	-0.017202129709	-0.000271561492929	0.0569102368397	-0.00782479844731	0.00176048271054	0.0325251802043	0.0594399154944	-0.0109732853455	-0.0395427065684	0.04487848391	0.00321115234756	0.000324832698341	0.0210227912362	0.0364039286656	-0.0237200688242	-0.0134726380496	0.00615871105187	-0.0353907621549	-0.0721686383683	-0.0250183553759	-0.0212399214695	0.034455959735	-0.0401427592407	0.0428333153442	-0.000224544499977	-0.0226359651924	0.0103854083002	-0.0709116552931	-0.0367824586238	0.0159998966927	-0.0624194480625	-0.0490903557038	0.0255428421881	-0.036872956197	0.022988707673	-0.018987507711
k__Bacteria;p__Bacteroidetes;c__Bacteroidia;o__Bacteroidales;f__Rikenellaceae;g__Alistipes;s__Alistipes_shahii	0.00631237756882	-0.0269274392239	-0.0464692289305	0.000438769966272	-0.0395889857672	-0.0455567008459	1.0	-0.0153609527023	-0.0202139594541	0.00310220699714	-0.00220748763113	0.0370396656362	-0.0403438448498	-0.0393480389756	-0.0471888002394	-0.0510205243693	-0.0153466419296	-0.027109515446	-0.0492778396051	0.0440051804875	0.00366891128238	0.00536963181644	-0.0354139594636	-0.0194269997476	-0.0546766761995	-0.0309363620245	0.000892910884537	-0.0444387882726	0.0122975695593	-0.000682325619908	-0.0146123229026	-0.023860337241	0.00319047388287	-0.00951474985725	0.0112902691226	-0.056263646977	-0.0374388056431	0.00131906511956	-0.0447877221798	0.0141981600699	-0.0354623457244	-0.00826400244282	0.0298190963027	0.0150496881643	-0.0631946394126	-0.0245317990277	-0.00586439274531	0.0154177350268	0.0382507551371	-0.0211784349393	-0.0757993325071	-0.0364922365388	0.0333714223445	0.0313627683729	0.0428468502402	-0.0141494792269	0.040265487691	0.0375062231014	0.00335562979231
k__Bacteria;p__Firmicutes;c__Clostridia;o__Clostridiales;f__Ruminococcaceae;g__Faecalibacterium;s__Faecalibacterium_prausnitzii	0.0606045254717	0.0623241470354	-0.0192019532939	-0.0547050477816	-0.0546588328305	-0.0478485201299	-0.0153609527023	1.0	-0.0158344324091	-0.0308316090272	0.0372522046323	-0.031903683527	0.0239733380403	-0.0435109880547	0.0167690273232	-0.00137360658241	-0.0166614513527	-0.0310371124365	0.0918688438179	-0.0456639582236	-0.0333339087078	-0.00263826905837	0.0721091032765	-0.0154174248651	0.00174047250696	0.019813583234	-0.0226091903838	0.0341157989158	0.0215880995221	0.0410297103569	-0.0138549570828	-0.066591027233	-0.0518184628639	-0.0441444865316	0.0812189494047	-0.0101381568292	-0.00803511398446	0.0234861842034	-0.00940238663741	0.0371906382829	0.0014780125071	0.0130860840168	-0.0856007820552	-0.0063619427331	0.0142725573122	0.0494199712894	-0.0533717545417	-0.0329488274748	0.0537055290728	-0.0396740119894	0.0301591507579	-0.0616723043843	-3.7785778957e-05	-0.0211369247215	0.0228754090772	0.0057074512524	-0.0490721465664	0.000431964626193	-0.0936330209044
k__Bacteria;p__Bacteroidetes;c__Bacteroidia;o__Bacteroidales;f__Rikenellaceae;g__Alistipes;s__Alistipes_finegoldii	-0.0267426061569	-0.000360004656477	0.0142022121169	-0.033512441159	0.00886892458863	0.0723166367964	-0.0202139594541	-0.0158344324091	1.0	0.00401001553353	0.0033215049061	-0.0106926026428	0.00692119532334	0.0252964307419	0.0721302389638	0.0694375264958	0.00987806210427	-0.044781369775	0.00416447853501	-0.0617490642046	-0.0225890924519	-0.0158277594038	-0.0323502207594	-0.0909393041036	0.00670841353235	-0.00916924776005	-0.0288958568815	0.00641554023555	0.00928409459923	0.000766221230133	-0.0248174359571	0.0254496112979	0.00749330174923	0.0181885137179	-0.0376179688997	-0.0352469170534	-0.0624481369895	0.02838347171	0.0280824750582	0.00905438736868	-0.0046647382671	-0.0484472318703	-0.025287788541	-0.0170379625709	0.0142385008873	-0.0193676459702	0.0480235866561	-0.0593126825347	-0.017285744947	-0.0507885849946	0.0166544113578	-0.00745422872009	0.0428929060531	-0.0650627403099	-0.0559374819962	-0.00854253779032	-0.00748691062383	-0.0223747281784	0.0291855542908
k__Bacteria;p__Bacteroidetes;c__Bacteroidia;o__Bacteroidales;f__Porphyromonadaceae;g__Parabacteroides;s__Parabacteroides_distasonis	0.0453759752041	-0.0107813514203	0.00786121067965	0.0236733411839	-0.0682092484282	-0.0273248323334	0.00310220699714	-0.0308316090272	0.00401001553353	1.0	-0.0166129812868	0.00617479996943	-0.0210712436161	0.0258118622921	-0.0479450820164	-0.00475719026166	-0.0177977707131	0.0107884177228	-0.00754354872699	-0.00506254694934	-0.00635347933927	-0.0324605916453	0.0282634800966	0.0261752164076	0.0214157475269	-0.0338963895259	0.0141351415792	-0.0162243256985	0.0320999312547	-0.0924082425531	0.00487111943655	-0.00633005876197	0.0144688175116	0.0132355731984	-0.0118458001306	-0.00101062386426	0.0159257031527	-0.0612294488184	0.0403108937678	-0.0258050558884	0.0150501981077	-0.000411802545609	-0.0163764286213	-0.0324778806744	-0.0232883451751	0.000738131721386	0.0213137817429	0.0337235536033	0.0137605578981	0.0451865623985	-0.0140687755819	0.00574820176902	-0.0516518744955	-0.0111323599428	0.00236919085129	0.0201485273776	-0.0151778133653	0.0266026141817	-0.0314202025929
k__Bacteria;p__Bacteroidetes;c__Bacteroidia;o__Bacteroidales;f__Bacteroidaceae;g__Bacteroides;s__Bacteroides_thetaiotaomicron	-0.0840582477264	-0.0305038043533	0.00277091169773	-0.016807950789	-0.0169878562462	0.039755014396	-0.00220748763113	0.0372522046323	0.0033215049061	-0.0166129812868	1.0	-0.00819704596622	0.0111398398889	0.033002660064	-0.00652247687084	0.0291945696824	0.020161653579	-0.00593656596863	-0.0316315092936	-0.0152772894444	-0.0752433354656	-0.0659588258712	-0.0157846276629	-0.0236025062382	-0.000504460680012	-0.0165060404015	-0.0227893270338	0.033272250253	-0.0128945035376	-0.02028580899	-0.0576595075698	0.0116026902574	0.0165743298576	-0.0376857064417	-0.0158226030599	0.0144966763459	-0.0425765530126	-0.0195472887491	0.00103413210603	-0.025603503149	-0.010738548265	-0.0577685110058	0.013181770974	-0.0117046510091	0.0727366155693	0.0487278274466	-0.0522993608301	-0.00130891828011	-0.0152482861346	-0.0404005494878	0.0169322522066	-0.0493005215889	-0.0344039181651	-0.0728419844611	-0.0187277804793	-0.0594813903164	-0.0149187833871	-0.00290394621377	0.00297525329929
k__Bacteria;p__Bacteroidetes;c__Bacteroidia;o__Bacteroidales;f__Bacteroidaceae;g__Bacteroides;s__Bacteroides_coprocola	-0.0651863453042	0.0303014320812	0.0171264361877	-0.0335816735443	-0.0556533782782	-0.0699002436936	0.0370396656362	-0.031903683527	-0.0106926026428	0.00617479996943	-0.00819704596622	1.0	0.00989673829813	-0.0193751004597	-0.027260270457	-0.0372884875723	-0.0170910780128	0.0174598537217	0.0334718490923	0.0606541585335	0.0233453086928	0.0110405285472	0.0284800463057	0.0109165721328	0.037510633482	-0.0547870438065	-0.0569472488554	0.0195246384293	0.00623390340928	-0.050782185416	-0.0355581286466	0.00548825672469	-0.017955291438	-0.00711559055306	-0.0338088808844	0.0415964557566	-0.0394887143542	0.0137532710199	0.00238446840271	-0.00795030721827	0.0439802290824	0.0486037371391	-0.0339370469685	-0.0389050311448	-0.0326567259785	-0.0390701414868	0.0851664810092	-0.034824837806	-0.0192758272018	0.0331690649136	0.0604594946058	-0.0532394173727	-0.0600320393594	-0.0433787673864	-0.0295113695346	-0.0183363539827	0.0286482393521	-0.0448507150417	0.0157544452772
k__Bacteria;p__Bacteroidetes;c__Bacteroidia;o__Bacteroidales;f__Bacteroidaceae;g__Bacteroides;s__Bacteroides_cellulosilyticus	-0.0218421696176	0.0505520386111	-0.0317089513572	-0.0331846303194	-0.0657974092373	-0.0199854746278	-0.0403438448498	0.0239733380403	0.00692119532334	-0.0210712436161	0.0111398398889	0.00989673829813	1.0	0.0295451774184	0.0215370421038	-0.0110943363467	-0.0144794335827	-0.0767800674691	-0.0349070891427	0.0095619293547	-0.0715749456682	-0.0188417471382	-0.00801327171435	-0.0308429808679	0.0520935007612	-0.0736685740045	0.0466935818669	-0.0520533182785	-0.0305960978704	0.0658831847961	-0.0154889411414	-0.0304694395326	0.0115565577697	-0.0314373502045	-0.0481335577229	-0.0119085828957	-0.0364718304805	0.0316373630133	-0.00678520299046	-0.00526563111503	-0.00227505193298	-0.0250338025424	0.0343557239552	-0.0848423709571	-0.0327194499726	0.000423125673194	-0.0290172897552	-0.0526494656614	-0.0143314888648	-0.0091017771318	0.00209170960378	0.0362425543565	-0.0517008798845	0.0118779447126	-0.0627308889286	-0.0331337417227	-0.00057909046651	0.00269356498786	-0.0471329855493
k__Bacteria;p__Bacteroidetes;c__Bacteroidia;o__Bacteroidales;f__Rikenellaceae;g__Alistipes;s__Alistipes_obesi	0.0247608858296	-0.0073715964816	0.0282110294225	-7.625236883e-05	0.0254058085969	-0.0367605104048	-0.0393480389756	-0.0435109880547	0.0252964307419	0.0258118622921	0.033002660064	-0.0193751004597	0.0295451774184	1.0	-0.0244934000327	0.0244476922226	0.0111740476602	-0.00162275760803	-0.0091039718293	0.0195095138139	-0.0224618677996	0.052141751839	0.00963797144437	-0.0350594923569	0.042167191739	-0.0623982179537	-0.0694089070453	-0.0106951101281	-0.0193908928661	-0.00208311076437	-0.0409196848105	-0.0185150239318	0.0458136470408	-0.0618871744667	0.0210720257878	0.0123517892882	0.0295353539672	-0.0301746249415	0.00518605608913	0.0199269121326	-0.0682908610912	-0.0630518660426	-0.0429528933807	-0.0232850918685	0.0182025801528	-0.0485728547374	0.0239628974729	0.0616249099915	0.0467823670428	-0.0184401784417	-0.0325204214603	0.0362332851289	0.0255203839218	-0.0236021626231	-0.0781493532092	0.0609344229578	0.00820785627721	-0.000491450605385	-0.0479744137053
k__Bacteria;p__Firmicutes;c__Clostridia;o__Clostridiales;f__Lachnospiraceae;g__;s__[Eubacterium]_rectale	0.00236387311491	0.0252877465003	0.013301898544	0.0685757791104	-0.00140889460333	-0.0251836264789	-0.0471888002394	0.0167690273232	0.0721302389638	-0.0479450820164	-0.00652247687084	-0.027260270457	0.0215370421038	-0.0244934000327	1.0	-0.00867845528183	-0.0145276415494	-0.0532071462158	0.0274706675781	-0.0220557775859	0.0440612809643	0.0206299999164	0.0700536288298	-0.0449177314532	-0.037163233619	-0.0248183133117	-0.0328036404398	-0.0102278924157	-0.0714509708838	-0.0457856912907	-0.0109659171867	0.0213539973706	-0.0191122771041	-0.015844807957	-0.0300281336769	-0.0288635325046	0.0226816209649	0.00348785509235	-0.0664108213335	-0.0213784528542	-0.0178160337726	0.00220703404327	-0.00131515393944	0.024879769599	-0.0487292153769	0.0280637638842	-0.0272973710641	0.0368352404042	-0.00868371137134	-0.0244389369981	0.00498831601376	0.0172673108328	-0.00544430768329	-0.0186989088575	0.0336450651708	-0.0170679749737	0.0289059985502	0.00870947012864	-0.0366551672302
k__Bacteria;p__Bacteroidetes;c__Bacteroidia;o__Bacteroidales;f__Bacteroidaceae;g__Bacteroides;s__Bacteroides_plebeius	0.0623600136792	0.0355511077236	-0.00715612400726	0.00668772528298	0.009925656057	0.0300565768266	-0.0510205243693	-0.00137360658241	0.0694375264958	-0.00475719026166	0.0291945696824	-0.0372884875723	-0.0110943363467	0.0244476922226	-0.00867845528183	1.0	-0.0398871718616	0.0104178946108	-0.0253791367361	0.0382571426975	-0.0389773109938	0.0464343454025	-0.0168145549188	6.3882032434e-05	-0.00634263702483	-0.0603273310569	-0.00537141702804	-0.0242194493868	-0.0438498974055	0.0245178337703	-0.0426962302183	-0.0367570511472	-0.0613182841826	0.0488317985455	0.00710238861394	0.00139901925707	0.0491378852164	-0.0749760104965	-0.0579983412693	0.00351371730011	-0.0100705945535	0.00886584165564	-0.0112189875951	-0.00589189016351	-0.00630624455268	-0.0230836267221	-0.032330949003	-0.029576113422	-0.00263255581495	-0.0779738217123	0.0153146664507	-0.0568062126648	0.0278550520225	-0.00997845753936	-0.063143168551	0.0187040398379	0.000407163312661	-0.00708999539492	-0.00781108842756
k__Bacteria;p__Bacteroidetes;c__Bacteroidia;o__Bacteroidales;f__Bacteroidaceae;g__Bacteroides;s__Bacteroides_fragilis	0.00521709520861	-9.7310939148e-05	-0.0293674869924	0.0231991018163	0.0733928410468	-0.00435782788153	-0.0153466419296	-0.0166614513527	0.00987806210427	-0.0177977707131	0.020161653579	-0.0170910780128	-0.0144794335827	0.0111740476602	-0.0145276415494	-0.0398871718616	1.0	-0.0820853151633	0.0232676462701	-0.0128243177615	-0.0517902157618	0.00949711569054	-0.0373204457127	0.0184864900031	-0.0108657795572	-0.0348931249231	-0.021465645619	0.00546269960836	-0.0187875346778	0.0325481642243	-0.0378330711874	0.0228531041212	-0.0744138779313	-0.0148187772566	-0.0557545171931	0.0269341539005	-0.0172575599928	0.00365774013654	-0.0224362670329	0.0478933609332	-0.0346015352845	0.043307405336	-0.0376524637367	0.013157896379	-0.00112577225774	-0.0926409273694	-0.0542358437216	0.0147654776915	-0.0271810544833	0.047541247606	0.00292745911726	0.0191084841766	0.0149953737887	0.0279178015722	0.0691149425237	-0.00861462377238	-0.00803131341925	-0.0410495836906	0.0807589985045
k__Bacteria;p__Proteobacteria;c__Betaproteobacteria;o__Burkholderiales;f__Sutterellaceae;g__Sutterella;s__Sutterella_wadsworthensis	0.0214435812943	-0.0250643576762	0.00885372785812	0.0644966046	-0.0381932044909	-0.0249556269276	-0.027109515446	-0.0310371124365	-0.044781369775	0.0107884177228	-0.00593656596863	0.0174598537217	-0.0767800674691	-0.00162275760803	-0.0532071462158	0.0104178946108	-0.0820853151633	1.0	-0.0556696405753	-0.0602001962947	-0.04529896783	-0.0274367723413	-0.0334757614904	0.0396584724874	-0.0592181250622	0.00211987332294	0.00643808204284	-0.0678274656329	-0.0171062250767	-0.0116949250838	0.0623234118109	0.0482039160478	0.0692187207872	-0.0248904669693	0.00580267732536	-0.0189673554773	-0.101696047892	0.0547095551349	-0.0248122157812	-0.0382992895931	-0.0442223246005	-0.0453344488566	0.0344532328815	-0.0464486618499	0.00774568613265	-0.0404781275827	0.0457174630631	0.0455832448906	0.0143810357052	0.0162782490826	-0.0679758576124	0.0458407345903	-0.0145741444044	0.00671364518069	0.00754913603145	-0.0346633481531	-0.0294611546537	0.0404868010669	-0.0452777298188
k__Bacteria;p__Bacteroidetes;c__Bacteroidia;o__Bacteroidales;f__Porphyromonadaceae;g__Barnesiella;s__Barnesiella_intestinihominis	-0.0325227215463	-0.0310123056677	0.0116139331324	-0.0331715013543	-0.0348336659674	-0.000943551589429	-0.0492778396051	0.0918688438179	0.00416447853501	-0.00754354872699	-0.0316315092936	0.0334718490923	-0.0349070891427	-0.0091039718293	0.0274706675781	-0.0253791367361	0.0232676462701	-0.0556696405753	1.0	-0.0219147554342	0.0387111815166	0.0047129712232	-0.0364526263593	0.0123441304914	-0.0158091977592	-0.0479533451682	-0.0150236668966	0.00681474151969	0.0275328430078	0.0120032794783	-0.00613044957359	-0.0572902090358	-0.0175090341684	-0.0403733499427	0.0431152743725	0.0174998494714	0.00453814188777	-0.0137126297987	-0.0251542615792	0.0592735426698	0.00472705953468	0.0543467406857	-0.0541306455049	0.0153226387683	-0.0447821565062	0.0409687364975	-0.0256378918357	-0.0363441588557	-0.0534178412382	-0.065621367801	0.0330740342994	-0.0356089262139	0.0485482667779	-0.0416026040427	-0.024736380535	0.0470279539364	-0.0132178894227	-0.0115883424274	-0.0175775588841
k__Bacteria;p__Bacteroidetes;c__Bacteroidia;o__Bacteroidales;f__Odoribacteraceae;g__Odoribacter;s__Odoribacter_splanchnicus	-0.0218620977509	0.00931050265599	-0.0250128616611	-0.0204736441971	-0.0132416203428	-0.0109977759525	0.0440051804875	-0.0456639582236	-0.0617490642046	-0.00506254694934	-0.0152772894444	0.0606541585335	0.0095619293547	0.0195095138139	-0.0220557775859	0.0382571426975	-0.0128243177615	-0.0602001962947	-0.0219147554342	1.0	0.0029496385167	0.0124870821162	-0.0324366890815	0.0397255977411	0.0344261695007	-0.0305441679625	-0.0364689360358	-0.0585123466805	-0.0114600875693	-0.0250214578799	-0.0403862508322	-0.0172726243837	-0.0159219124571	-0.0184127583747	-0.0290763272931	-0.0340134036658	-0.0203394082669	-0.00673971454385	0.00587881817898	-0.0356864241309	-0.0123149081285	-0.058813977813	0.0111050520692	0.00751956020684	0.0550184262807	-0.0840278107694	-0.00741763401297	-0.0309447183069	0.0105408500568	-0.00348496648214	-0.0151089118303	0.00873907605336	-0.0160346331037	-0.0151985249661	0.0808197864472	0.0109340261289	-0.0449192864612	0.0196566866056	-0.010799243983
k__Bacteria;p__Bacteroidetes;c__Bacteroidia;o__Bacteroidales;f__Bacteroidaceae;g__Bacteroides;s__Bacteroides_salyersiae	-0.00330595067455	-0.0374033219102	-0.0557267238672	0.0112673999549	-0.0233419887554	0.0189003739405	0.00366891128238	-0.0333339087078	-0.0225890924519	-0.00635347933927	-0.0752433354656	0.0233453086928	-0.0715749456682	-0.0224618677996	0.0440612809643	-0.0389773109938	-0.0517902157618	-0.04529896783	0.0387111815166	0.0029496385167	1.0	-0.0567449108709	-0.0303737064507	0.0103873213461	0.0228081779152	-0.0556446431086	-0.027954358593	0.046708497711	-0.0618252384042	-0.0109923650923	0.0428402489993	-0.0741914571514	0.0338565246297	-0.0383730062346	-0.0117677607096	0.0166189406843	-0.030609284228	-0.0188960049399	-0.0325419417989	0.0153507894855	-0.0180114644183	-0.00804520387821	-0.0613548817902	-0.0272733557034	-0.0367314180794	-0.0275035360428	0.00479293718338	-0.0104724875963	-0.0221828504352	0.0168142103682	0.0457617125788	0.0787644687435	-0.00585123982801	-0.050183934027	-0.0213114020155	-0.0418150470071	-0.0336709186824	-0.066468761171	0.0203612450856
k__Bacteria;p__Firmicutes;c__Clostridia;o__Clostridiales;f__Ruminococcaceae;g__Ruminiclostridium;s__[Eubacterium]_siraeum	0.0377268698382	-0.0501909088106	0.0404282189452	-0.00209911177206	-0.0410810761838	0.0110332348555	0.00536963181644	-0.00263826905837	-0.0158277594038	-0.0324605916453	-0.0659588258712	0.0110405285472	-0.0188417471382	0.052141751839	0.0206299999164	0.0464343454025	0.00949711569054	-0.0274367723413	0.0047129712232	0.0124870821162	-0.0567449108709	1.0	0.0175673458277	-0.0232766282542	-0.00457347986568	0.0271006467827	0.0636402515959	-0.0686914299062	0.020836919491	0.031918406274	-0.0428614782439	0.00821740434205	-0.00893101260917	0.0179528902374	0.0264506177241	0.016751473212	-0.0123205552246	-0.0652645197441	-0.0451352010872	-0.0566947933437	0.0414616005649	0.0188243884624	-0.0259765919694	-0.000965990464974	-0.0241175437883	0.0435789480679	0.0283912862511	-0.0743967101779	-0.0492702940002	-0.0135677757166	0.00406919620726	-0.013915273853	-0.0625359949758	0.0373374530651	-0.0331049402142	0.0102393958937	-0.0265855135215	0.00786363940609	-0.0613447896985
k__Bacteria;p__Proteobacteria;c__Betaproteobacteria;o__Burkholderiales;f__Sutterellaceae;g__Parasutterella;s__Parasutterella_excrementihominis	-0.0155936630192	0.00521789096679	-0.0313206118819	-0.0367893769214	-0.0058466638687	-0.00488713989846	-0.0354139594636	0.0721091032765	-0.0323502207594	0.0282634800966	-0.0157846276629	0.0284800463057	-0.00801327171435	0.00963797144437	0.0700536288298	-0.0168145549188	-0.0373204457127	-0.0334757614904	-0.0364526263593	-0.0324366890815	-0.0303737064507	0.0175673458277	1.0	-0.0964612570414	0.0247449602323	-0.010826664163	-0.0657519595499	-0.06372891619	0.0888759275785	0.000547055193635	0.00243895239591	0.0250464646831	0.0238187470469	0.0302898952702	-0.0187984757526	-0.00666134149371	-0.00684327773507	-0.0463672093697	0.0386472589633	0.0072951864475	0.0059852703921	-0.000240081105911	-0.0974712569122	-0.0447793205464	-0.0463302633251	0.0618637645467	-0.0234824569134	-0.00245370614844	-0.0799760198003	0.0764559495656	-0.0182874689649	-0.0348570419211	-0.00394312976168	0.0201555947601	0.00474738089653	-0.0380840447695	0.0505538902204	-0.0341893494654	-0.00879082673506
k__Bacteria;p__Actinobacteria;c__Actinobacteria;o__Bifidobacteriales;f__Bifidobacteriaceae;g__Bifidobacterium;s__Bifidobacterium_adolescentis	-0.0378992334809	0.0387849728206	-0.0124514485205	0.0198567228481	-0.0470544616872	-0.017202129709	-0.0194269997476	-0.0154174248651	-0.0909393041036	0.0261752164076	-0.0236025062382	0.0109165721328	-0.0308429808679	-0.0350594923569	-0.0449177314532	6.38820324338e-05	0.0184864900031	0.0396584724874	0.0123441304914	0.0397255977411	0.0103873213461	-0.0232766282542	-0.0964612570414	1.0	-0.0111228054122	0.0191578561252	0.0426963871106	-0.00100695941058	0.0109301221709	-0.0253863762472	-0.0171927938245	-0.0241661843017	0.000496828955649	0.0168655810905	-0.102118820928	-0.0293140800038	0.012040378212	0.0676210606826	-0.00579249986305	-0.0175539871673	-0.0352155265661	0.0126255962713	0.0221324952146	-0.0145870419828	0.0234735740382	-0.065853535322	-0.0451600133387	-0.000792401453971	-0.0329267445732	0.003813324675	-0.0123093646698	0.0522772379971	-0.0172972144032	0.0153445070736	0.0149475995839	-0.0339303464712	0.0249072283297	0.00275415473785	-0.0115502107592
k__Bacteria;p__Firmicutes;c__Clostridia;o__Clostridiales;f__Oscillospiraceae;g__Oscillibacter;s__Oscillibacter_sp._KLE_1745	-0.0283310812727	0.0108338442501	-0.0166279018218	-0.0351989190873	-0.0118188060982	-0.000271561492929	-0.0546766761995	0.00174047250696	0.00670841353235	0.0214157475269	-0.000504460680012	0.037510633482	0.0520935007612	0.042167191739	-0.037163233619	-0.00634263702483	-0.0108657795572	-0.0592181250622	-0.0158091977592	0.0344261695007	0.0228081779152	-0.00457347986568	0.0247449602323	-0.0111228054122	1.0	0.0133249991563	0.069766142705	-0.0493161075301	-0.00251150770157	0.0152612960014	-0.00322392029054	-0.0611954545688	0.00895982492553	0.0538460299275	0.0046565584245	-0.00158110470607	0.0482314846569	-0.107623863753	-0.00554437245585	0.0185979878182	0.0246722575717	0.0493151683013	0.0527086950754	-0.0292214898741	-0.0554592680082	-0.0176202002256	-0.0126698430269	-0.0212527205193	0.0141802612204	-0.0352269872564	0.0692862990814	-0.0960576902876	-0.047746560467	-0.00308247367628	-0.026197001932	0.030710433421	-0.0416259125489	-0.0229474942772	-0.0428738861899
k__Bacteria;p__Bacteroidetes;c__Bacteroidia;o__Bacteroidales;f__Bacteroidaceae;g__Bacteroides;s__Bacteroides_coprophilus	0.00769436819483	0.0268670445559	0.0248669546018	-0.01230971859	0.018362671395	0.0569102368397	-0.0309363620245	0.019813583234	-0.00916924776005	-0.0338963895259	-0.0165060404015	-0.0547870438065	-0.0736685740045	-0.0623982179537	-0.0248183133117	-0.0603273310569	-0.0348931249231	0.00211987332294	-0.0479533451682	-0.0305441679625	-0.0556446431086	0.0271006467827	-0.010826664163	0.0191578561252	0.0133249991563	1.0	0.0389348320123	0.0180170510306	-0.0336431177206	-0.0516773531731	0.0441497621272	-0.0138424522466	-0.0560908757634	0.0665508627101	0.0473363882743	-0.000394047323415	-0.0336197192156	-0.017437885307	0.0273017333533	-0.00928968666739	-0.0350460580353	-0.00365983368628	0.0414862399064	0.0329978969086	-0.00899906039599	-0.0104803431078	-0.0280264855761	0.028092362645	0.0127884779722	-0.0136217143339	-0.00228805985725	-0.0288827817674	-0.0148531560146	-0.0687087918778	-0.0370115237218	0.049995423224	0.0111723520461	0.0399615719457	-0.0358233028508
k__Bacteria;p__Firmicutes;c__Clostridia;o__Clostridiales;f__Lachnospiraceae;g__Roseburia;s__Roseburia_intestinalis	0.0401102059553	0.0117552979925	0.00327156808405	0.0114552390317	-0.0359347171526	-0.00782479844731	0.000892910884537	-0.0226091903838	-0.0288958568815	0.0141351415792	-0.0227893270338	-0.0569472488554	0.0466935818669	-0.0694089070453	-0.0328036404398	-0.00537141702804	-0.021465645619	0.00643808204284	-0.0150236668966	-0.0364689360358	-0.027954358593	0.0636402515959	-0.0657519595499	0.0426963871106	0.069766142705	0.0389348320123	1.0	-0.0639847235115	-0.0752278530366	0.010950436869	0.028841512007	-0.0426198675743	-0.030041473765	0.00735898324836	-0.0762726866205	-0.0920524739527	-0.00546371350125	-0.0337596874948	0.0200330012743	0.035906448048	-0.00838805531328	-0.048876659586	0.0286002107336	-0.0072262085843	0.0374905269578	0.0410704828985	0.0138489439415	-0.0440149511698	0.0230833450328	-0.0305025083479	-0.0291094342907	-0.0191438911027	-0.0410267370563	-0.0694955959701	-0.00342671886952	0.00412599239398	-0.00450848373808	0.0431814200535	-0.012786353975
k__Bacteria;p__Firmicutes;c__Clostridia;o__Clostridiales;f__Lachnospiraceae;g__Roseburia;s__Roseburia_hominis	0.0129580175344	-0.0122425347072	-0.0171452368448	-0.0610420685034	-0.0221676105293	0.00176048271054	-0.0444387882726	0.0341157989158	0.00641554023555	-0.0162243256985	0.033272250253	0.0195246384293	-0.0520533182785	-0.0106951101281	-0.0102278924157	-0.0242194493868	0.00546269960836	-0.0678274656329	0.00681474151969	-0.0585123466805	0.046708497711	-0.0686914299062	-0.06372891619	-0.00100695941058	-0.0493161075301	0.0180170510306	-0.0639847235115	1.0	0.0279829806257	-0.0442796368285	0.00280991920144	-0.0376471706518	-0.0224934180625	-9.74154097878e-05	0.0215994554369	-0.0400055405571	-0.0149087232828	0.0266014884714	-0.0240596275192	-0.00492637603721	-0.0569997493298	-0.00395530253338	-0.0629029088334	-0.0164263108334	0.0558256216205	0.0182290570237	-0.0670667548993	0.00943085256841	0.0235304343507	0.0130925604679	-0.038436167962	0.00536784471929	-0.0521393557436	-0.0215552729812	-0.0634144535402	-0.0335778227159	-0.0296803063814	0.0256117458498	0.0135530170445
k__Bacteria;p__Bacteroidetes;c__Bacteroidia;o__Bacteroidales;f__Porphyromonadaceae;g__Parabacteroides;s__Parabacteroides_johnsonii	-0.0192910402696	-0.0435716800112	0.0141876090189	-0.0828514107845	0.0154456937872	0.0325251802043	0.0122975695593	0.0215880995221	0.00928409459923	0.0320999312547	-0.0128945035376	0.00623390340928	-0.0305960978704	-0.0193908928661	-0.0714509708838	-0.0438498974055	-0.0187875346778	-0.0171062250767	0.0275328430078	-0.0114600875693	-0.0618252384042	0.020836919491	0.0888759275785	0.0109301221709	-0.00251150770157	-0.0336431177206	-0.0752278530366	0.0279829806257	1.0	0.0644432888076	0.00642187463221	0.0281635480412	0.0420225401486	-0.00753408530744	-0.0527964020231	-0.0234223027982	0.0491103168404	-0.0587351057124	0.047404184316	-0.0515780495324	-0.00585940277631	-0.0136037726706	-0.0417603776346	0.0215058557261	-0.0656281049665	-0.00451312580207	0.00293748525857	-0.0300910717266	0.0127424169608	-0.006913406848	-0.0223083824166	-0.0180720502707	-0.0875725136818	-0.0374907644168	-0.011273387929	-0.0128172073388	-0.0285788217528	-0.0239596046719	-0.0263205067315
k__Bacteria;p__Actinobacteria;c__Actinobacteria;o__Bifidobacteriales;f__Bifidobacteriaceae;g__Bifidobacterium;s__Bifidobacterium_longum	-0.00178380598407	-0.0499305896733	0.0171084101076	-0.0557764035639	0.0365249104882	0.0594399154944	-0.000682325619908	0.0410297103569	0.000766221230133	-0.0924082425531	-0.02028580899	-0.050782185416	0.0658831847961	-0.00208311076437	-0.0457856912907	0.0245178337703	0.0325481642243	-0.0116949250838	0.0120032794783	-0.0250214578799	-0.0109923650923	0.031918406274	0.000547055193635	-0.0253863762472	0.0152612960014	-0.0516773531731	0.010950436869	-0.0442796368285	0.0644432888076	1.0	-0.03640531213	0.0116112761015	0.0161372073557	-0.00809649936566	0.0433729731358	-0.053481356613	0.0753562108099	0.0563350735959	0.0815139491405	-0.0499585101866	-0.0488763784014	-0.0267356645879	0.00867273789453	0.0364782650178	0.0185238386028	0.0305752757093	-0.0323680086941	-0.0167864379745	0.0335869201783	-0.00075997852194	-0.0252326154901	0.00813116853344	-0.0518307074249	-0.0626070194457	-0.0395351007464	-0.00743433845751	-0.0171776938921	-0.0218004074078	0.0168625749244
