#taxonomy	k__Bacteria;p__Bacteroidetes;c__Bacteroidia;o__Bacteroidales;f__Bacteroidaceae;g__Bacteroides;s__Bacteroides_vulgatus	k__Bacteria;p__Bacteroidetes;c__Bacteroidia;o__Bacteroidales;f__Bacteroidaceae;g__Bacteroides;s__Bacteroides_uniformis	k__Bacteria;p__Bacteroidetes;c__Bacteroidia;o__Bacteroidales;f__Rikenellaceae;g__Alistipes;s__Alistipes_putredinis	k__Bacteria;p__Bacteroidetes;c__Bacteroidia;o__Bacteroidales;f__Prevotellaceae;g__Prevotella;s__Prevotella_copri	k__Bacteria;p__Bacteroidetes;c__Bacteroidia;o__Bacteroidales;f__Bacteroidaceae;g__Bacteroides;s__Bacteroides_stercoris	k__Bacteria;p__Bacteroidetes;c__Bacteroidia;o__Bacteroidales;f__Bacteroidaceae;g__Bacteroides;s__Bacteroides_ovatus	k__Bacteria;p__Bacteroidetes;c__Bacteroidia;o__Bacteroidales;f__Rikenellaceae;g__Alistipes;s__Alistipes_shahii	k__Bacteria;p__Firmicutes;c__Clostridia;o__Clostridiales;f__Ruminococcaceae;g__Faecalibacterium;s__Faecalibacterium_prausnitzii	k__Bacteria;p__Bacteroidetes;c__Bacteroidia;o__Bacteroidales;f__Rikenellaceae;g__Alistipes;s__Alistipes_finegoldii	k__Bacteria;p__Bacteroidetes;c__Bacteroidia;o__Bacteroidales;f__Porphyromonadaceae;g__Parabacteroides;s__Parabacteroides_distasonis	k__Bacteria;p__Bacteroidetes;c__Bacteroidia;o__Bacteroidales;f__Bacteroidaceae;g__Bacteroides;s__Bacteroides_thetaiotaomicron	k__Bacteria;p__Bacteroidetes;c__Bacteroidia;o__Bacteroidales;f__Bacteroidaceae;g__Bacteroides;s__Bacteroides_coprocola	k__Bacteria;p__Bacteroidetes;c__Bacteroidia;o__Bacteroidales;f__Bacteroidaceae;g__Bacteroides;s__Bacteroides_cellulosilyticus	k__Bacteria;p__Bacteroidetes;c__Bacteroidia;o__Bacteroidales;f__Rikenellaceae;g__Alistipes;s__Alistipes_obesi	k__Bacteria;p__Firmicutes;c__Clostridia;o__Clostridiales;f__Lachnospiraceae;g__;s__[Eubacterium]_rectale	k__Bacteria;p__Bacteroidetes;c__Bacteroidia;o__Bacteroidales;f__Bacteroidaceae;g__Bacteroides;s__Bacteroides_plebeius	k__Bacteria;p__Bacteroidetes;c__Bacteroidia;o__Bacteroidales;f__Bacteroidaceae;g__Bacteroides;s__Bacteroides_fragilis	k__Bacteria;p__Proteobacteria;c__Betaproteobacteria;o__Burkholderiales;f__Sutterellaceae;g__Sutterella;s__Sutterella_wadsworthensis	k__Bacteria;p__Bacteroidetes;c__Bacteroidia;o__Bacteroidales;f__Porphyromonadaceae;g__Barnesiella;s__Barnesiella_intestinihominis	k__Bacteria;p__Bacteroidetes;c__Bacteroidia;o__Bacteroidales;f__Odoribacteraceae;g__Odoribacter;s__Odoribacter_splanchnicus	k__Bacteria;p__Bacteroidetes;c__Bacteroidia;o__Bacteroidales;f__Bacteroidaceae;g__Bacteroides;s__Bacteroides_salyersiae	k__Bacteria;p__Firmicutes;c__Clostridia;o__Clostridiales;f__Ruminococcaceae;g__Ruminiclostridium;s__[Eubacterium]_siraeum	k__Bacteria;p__Proteobacteria;c__Betaproteobacteria;o__Burkholderiales;f__Sutterellaceae;g__Parasutterella;s__Parasutterella_excrementihominis	k__Bacteria;p__Actinobacteria;c__Actinobacteria;o__Bifidobacteriales;f__Bifidobacteriaceae;g__Bifidobacterium;s__Bifidobacterium_adolescentis	k__Bacteria;p__Firmicutes;c__Clostridia;o__Clostridiales;f__Oscillospiraceae;g__Oscillibacter;s__Oscillibacter_sp._KLE_1745	k__Bacteria;p__Bacteroidetes;c__Bacteroidia;o__Bacteroidales;f__Bacteroidaceae;g__Bacteroides;s__Bacteroides_coprophilus	k__Bacteria;p__Firmicutes;c__Clostridia;o__Clostridiales;f__Lachnospiraceae;g__Roseburia;s__Roseburia_intestinalis	k__Bacteria;p__Firmicutes;c__Clostridia;o__Clostridiales;f__Lachnospiraceae;g__Roseburia;s__Roseburia_hominis	k__Bacteria;p__Bacteroidetes;c__Bacteroidia;o__Bacteroidales;f__Porphyromonadaceae;g__Parabacteroides;s__Parabacteroides_johnsonii	k__Bacteria;p__Actinobacteria;c__Actinobacteria;o__Bifidobacteriales;f__Bifidobacteriaceae;g__Bifidobacterium;s__Bifidobacterium_longum	k__Bacteria;p__Firmicutes;c__Clostridia;o__Clostridiales;f__;g__Flavonifractor;s__Flavonifractor_plautii	k__Bacteria;p__Firmicutes;c__Clostridia;o__Clostridiales;f__Clostridiaceae;g__Clostridium;s__Clostridium_phoceensis	k__Bacteria;p__Verrucomicrobia;c__Verrucomicrobiae;o__Verrucomicrobiales;f__Akkermansiaceae;g__Akkermansia;s__Akkermansia_muciniphila	k__Bacteria;p__Bacteroidetes;c__Bacteroidia;o__Bacteroidales;f__Prevotellaceae;g__Paraprevotella;s__Paraprevotella_xylaniphila	k__Bacteria;p__Firmicutes;c__Clostridia;o__Clostridiales;f__Ruminococcaceae;g__Ruminococcus;s__Ruminococcus_callidus	k__Bacteria;p__Bacteroidetes;c__Bacteroidia;o__Bacteroidales;f__Rikenellaceae;g__Alistipes;s__Alistipes_senegalensis	k__Bacteria;p__Firmicutes;c__Clostridia;o__Clostridiales;f__Lachnospiraceae;g__Blautia;s__Blautia_sp._KLE_1732	k__Bacteria;p__Bacteroidetes;c__Bacteroidia;o__Bacteroidales;f__Bacteroidaceae;g__Bacteroides;s__Bacteroides_oleiciplenus	k__Bacteria;p__Firmicutes;c__Clostridia;o__Clostridiales;f__Ruminococcaceae;g__Ruminococcus;s__Ruminococcus_bicirculans	k__Bacteria;p__Bacteroidetes;c__Bacteroidia;o__Bacteroidales;f__Bacteroidaceae;g__Bacteroides;s__Bacteroides_fluxus	k__Bacteria;p__Bacteroidetes;c__Bacteroidia;o__Bacteroidales;f__Prevotellaceae;g__Prevotella;s__Prevotella_stercorea	k__Bacteria;p__Firmicutes;c__Clostridia;o__Clostridiales;f__Lachnospiraceae;g__Dorea;s__Dorea_longicatena	k__Bacteria;p__Firmicutes;c__Clostridia;o__Clostridiales;f__Eubacteriaceae;g__Eubacterium;s__[Eubacterium]_eligens	k__Bacteria;p__Firmicutes;c__Clostridia;o__Clostridiales;f__Ruminococcaceae;g__;s__Ruminococcaceae_bacterium_D16	k__Bacteria;p__Firmicutes;c__Clostridia;o__Clostridiales;f__Lachnospiraceae;g__Coprococcus;s__Coprococcus_comes	k__Bacteria;p__Proteobacteria;c__Gammaproteobacteria;o__Enterobacterales;f__Enterobacteriaceae;g__Escherichia;s__Escherichia_coli	k__Bacteria;p__Firmicutes;c__Clostridia;o__Clostridiales;f__Ruminococcaceae;g__Anaerotruncus;s__Anaerotruncus_colihominis	k__Bacteria;p__Firmicutes;c__Clostridia;o__Clostridiales;f__Lachnospiraceae;g__Blautia;s__Blautia_obeum	k__Bacteria;p__Bacteroidetes;c__Bacteroidia;o__Bacteroidales;f__Odoribacteraceae;g__Odoribacter;s__Odoribacter_laneus	k__Bacteria;p__Firmicutes;c__Clostridia;o__Clostridiales;f__Ruminococcaceae;g__Ruminiclostridium;s__[Clostridium]_leptum	k__Bacteria;p__Bacteroidetes;c__Bacteroidia;o__Bacteroidales;f__Porphyromonadaceae;g__Parabacteroides;s__Parabacteroides_goldsteinii	k__Bacteria;p__Firmicutes;c__Clostridia;o__Clostridiales;f__Lachnospiraceae;g__Anaerostipes;s__Anaerostipes_hadrus	k__Bacteria;p__Firmicutes;c__Clostridia;o__Clostridiales;f__Ruminococcaceae;g__Ruminococcus;s__Ruminococcus_lactaris	k__Bacteria;p__Firmicutes;c__Clostridia;o__Clostridiales;f__Clostridiaceae;g__Clostridium;s__Clostridium_sp._L2-50	k__Bacteria;p__Firmicutes;c__Clostridia;o__Clostridiales;f__Clostridiaceae;g__Clostridium;s__Clostridium_sp._M62/1	k__Bacteria;p__Firmicutes;c__Clostridia;o__Clostridiales;f__;g__Intestinimonas;s__Intestinimonas_butyriciproducens	k__Bacteria;p__Actinobacteria;c__Actinobacteria;o__Bifidobacteriales;f__Bifidobacteriaceae;g__Bifidobacterium;s__Bifidobacterium_bifidum	k__Bacteria;p__Firmicutes;c__Negativicutes;o__Veillonellales;f__Veillonellaceae;g__Dialister;s__Dialister_invisus	k__Bacteria;p__Bacteroidetes;c__Bacteroidia;o__Bacteroidales;f__Bacteroidaceae;g__Bacteroides;s__Bacteroides_salanitronis
k__Bacteria;p__Bacteroidetes;c__Bacteroidia;o__Bacteroidales;f__Bacteroidaceae;g__Bacteroides;s__Bacteroides_vulgatus	1.0	-0.0685368332323	-0.0368989856509	-0.0113967697078	0.019393897107	0.0631313623787	-0.0162308354566	0.00771752945755	-0.0448138221707	-0.0355164448359	-0.0737738318834	0.0153881782581	0.0014724209512	-0.00530440279342	-0.090297859562	0.00163626876736	-0.0316904274996	0.000990702472309	0.00764261458717	-0.0369143806484	-0.00843639250458	0.0101768495368	-0.00177998741596	-0.0366979458481	0.0523437882342	0.00251302727176	-0.00494915401307	-0.00463596483808	0.00889663467464	0.0120570649025	0.0828098330011	-0.0477152880594	0.0215408737209	0.0324175091596	-0.0648904165337	-0.0053409950296	0.00913640850428	-0.000614193547528	-0.00785061557448	0.0236722219841	-0.0333005508575	-0.039796219184	-0.0267550073937	0.0199468488482	0.00994639300069	0.0218060222129	0.0164608769026	-0.00574472672394	-0.000742117332944	0.0239474722229	0.00478835931821	-0.00649633126913	-0.0678982369892	0.0105308221203	0.109391971459	-0.0364774450632	-0.0219968641935	0.0069837692737	-0.0595398617856
k__Bacteria;p__Bacteroidetes;c__Bacteroidia;o__Bacteroidales;f__Bacteroidaceae;g__Bacteroides;s__Bacteroides_uniformis	-0.0685368332323	1.0	0.00287047237799	0.0435079810242	0.00343841334109	-0.059553752777	0.00454670884945	-0.00784674718643	-0.0640342940479	0.00783278923611	0.0116525598781	-0.00116399692103	0.0510822523089	-0.00505282716654	-0.00653195154484	-0.060086487319	-0.0258837046538	0.000688322348631	-0.036936627931	0.0365090816683	0.00742360424983	0.00226495230877	0.00685825479772	-0.0841957416586	0.0623153458613	-0.0657778165534	0.0245171209385	0.0102589977911	-0.00172274138105	-0.031765530151	0.0199829330804	0.0290389700057	-0.0199974240041	0.0244649131084	-0.0919878605635	-0.00628273118825	0.00068824529375	-0.0622408048395	-0.00262252688217	0.0417499212726	0.00159292881788	0.0400523872443	0.0182894293632	-0.0270165119567	-0.0295875660693	0.0569907622632	-0.00707250443143	0.0526591132413	-0.0145982844258	-0.0196356860437	0.0445164939751	-0.0192286698383	-0.0325280191199	-0.0779660371757	-0.0945729928182	-0.00626400767479	-0.0135428801614	0.013707503217	-0.0037164982867
k__Bacteria;p__Bacteroidetes;c__Bacteroidia;o__Bacteroidales;f__Rikenellaceae;g__Alistipes;s__Alistipes_putredinis	-0.0368989856509	0.00287047237799	1.0	0.0228950841432	0.0207992559617	-0.0511288613849	0.0395627001995	-0.0109757731632	-0.00277459274545	-0.0324098291967	-0.000828893763918	-0.0320306857014	-0.0572707381185	-0.00478388916785	-0.00206536244549	-0.0347334571302	0.0111789340614	0.0163475575609	0.0426202852116	-0.0026232170514	0.0462212430638	-0.0525141943815	0.0167597274338	-0.0389577574077	-0.0101431099098	-0.0614897094224	-0.0135710747755	-0.0925062699903	-0.00893945377069	0.0714864342839	-0.0196107181137	0.039763350968	-0.0079903385176	0.0308940084444	-0.00811404657326	-0.0036396670307	0.00341727881292	-0.0601428614046	-0.0530669325436	-0.0194981216596	0.0643627599438	0.0265461576367	-0.0579369502122	-0.00370383163129	0.0503809428346	-0.0220898545181	0.00592136367232	0.0165280732669	0.00924571055116	0.0251224000744	-0.111222541465	-0.0445320822435	-0.0582485372574	-0.0276215027564	0.0164607215704	0.0375273927433	0.01378059244	0.0391019036088	0.0613011411062
k__Bacteria;p__Bacteroidetes;c__Bacteroidia;o__Bacteroidales;f__Prevotellaceae;g__Prevotella;s__Prevotella_copri	-0.0113967697078	0.0435079810242	0.0228950841432	1.0	0.00523019552736	0.041237835472	-0.00193254609324	-0.0291576928758	-0.0219400712142	-0.0510349603403	0.0680652347518	-0.0461779889218	0.0128776876957	0.0129753533901	-0.025534509389	0.00095279543459	-0.0648484251629	0.0635154059517	-0.0238389044689	0.00227645418155	-0.00667533399099	-0.0375271437836	-0.0718892451675	-0.0252620918044	-0.00440536327181	-0.0222828776004	-0.00191026079353	-0.0211972752141	0.0485725702528	0.0639676822354	-0.0112030372035	0.0609259892935	-0.0652088531923	-0.0498400333879	-0.0459816368883	0.0149785855377	-0.044474748527	0.0269009882697	0.0776894755837	-0.0477705187975	0.0324231733817	-0.00336847396519	0.0268863491983	0.0481032626688	-0.0239080385722	0.0165259770311	-0.0258972386453	0.0625515540335	-0.00653540404548	0.0212194877658	-0.0179369071571	0.0398279482688	-0.0540128473518	-0.0803224108373	-0.0521829783481	-0.0327914640655	-0.0402670002477	-0.0176026136375	-0.0297229067923
k__Bacteria;p__Bacteroidetes;c__Bacteroidia;o__Bacteroidales;f__Bacteroidaceae;g__Bacteroides;s__Bacteroides_stercoris	0.019393897107	0.00343841334109	0.0207992559617	0.00523019552736	1.0	0.00200699936238	-0.0113456176344	0.0123505380808	-0.00170901680971	0.0362315703598	0.0226869028304	0.0206481979861	0.0371440950729	-0.0592523316095	-0.00516968416659	-0.0251031358994	-0.0235472744727	-0.0547493056383	-0.0133200358144	0.018764379542	-0.053486489381	-0.0626537311968	-0.0479666336165	0.00596443535358	-0.0382409406238	-0.0270050278251	0.024978072958	-0.00998730506375	-0.00951120019838	0.0730183630205	0.00605839751919	0.0259552410731	-0.0205597456462	-0.0965226189135	0.0206304954976	0.00449703950536	-0.0776803064936	0.0212749287166	0.0685026335557	-0.0320765949177	0.0592308077857	-0.0364406609875	0.0427756569738	0.034287830151	-0.00725668773678	-0.00837089853159	-0.0170319112544	0.062025078827	-0.0239144445011	0.0261735965822	-0.0240585772056	-0.0180541544273	-7.67681146025e-07	0.0436598821156	0.0192258798771	-0.0140408158227	0.00403981300085	0.00710496099668	-0.0183181684205
k__Bacteria;p__Bacteroidetes;c__Bacteroidia;o__Bacteroidales;f__Bacteroidaceae;g__Bacteroides;s__Bacteroides_ovatus	0.0631313623787	-0.059553752777	-0.0511288613849	0.041237835472	0.00200699936238	1.0	-0.045250924292	-0.0126067634358	-0.00619418850213	0.00478607333172	-0.0260658545087	-0.0288236512869	0.017190152349	-0.0163401582591	-0.0148688838643	0.00926585166297	-0.0473450160247	0.00173822685707	0.0305830884252	0.0551778483876	0.00742940635831	0.0217004520393	-0.00461542118273	-0.0179678115944	0.0137250474883	-0.00959375936897	0.0435098567653	-0.0127446933025	0.0460869023468	-0.00890737063608	-0.0416352417298	0.00234750954027	-0.0224873949294	-0.0145711583878	0.0242030052259	-0.00903126846529	0.0435566466405	-0.0453658865354	-0.0327336585347	-0.0862159330534	0.0632288288125	0.0274483353783	-0.0753501849795	-0.0398680812632	-0.00794225450437	0.0223190629786	-0.036384136027	0.0406436867677	0.0172604219887	-0.0213852345679	-0.00179114016803	-0.0586140520819	0.0148068856943	-0.00208466013589	-0.01161067273	0.0448228557767	0.0488839263364	-0.0314625460764	-0.0147387239414
k__Bacteria;p__Bacteroidetes;c__Bacteroidia;o__Bacteroidales;f__Rikenellaceae;g__Alistipes;s__Alistipes_shahii	-0.0162308354566	0.00454670884945	0.0395627001995	-0.00193254609324	-0.0113456176344	-0.045250924292	1.0	-0.0548790625928	0.0361843057546	-0.00939598604509	0.00641481675517	-0.0113783566046	0.0153352654288	0.02965863474	-0.0590720507659	-0.00400291393242	-0.0470878033592	-0.00178656265968	0.00751525846116	-0.0224714046452	-0.0124329050199	-0.0545784673402	-0.00685905159554	0.0530905353793	-0.00945251605872	-0.0109028063787	0.018331153814	-0.0144514203154	-0.00812689257174	-0.0278423007487	0.0803378942694	0.00421039912189	0.0599767671779	-0.0308645720994	-0.0110716169645	-0.0506988001133	0.037885537004	0.022516559965	-0.0283060215248	-0.011431787921	0.00787600757082	0.0187071183782	-0.00893641698124	-0.0313047970384	-0.00212188412919	-0.0476895242911	-0.0820437504554	0.0552280003846	0.0106871023551	0.00338274090111	0.0103314619479	0.0537323799054	0.0191749311376	-0.00700598527632	-0.0158802924021	0.000129112563306	-0.085973562983	-0.0643960477017	0.0301223281458
k__Bacteria;p__Firmicutes;c__Clostridia;o__Clostridiales;f__Ruminococcaceae;g__Faecalibacterium;s__Faecalibacterium_prausnitzii	0.00771752945755	-0.00784674718643	-0.0109757731632	-0.0291576928758	0.0123505380808	-0.0126067634358	-0.0548790625928	1.0	-0.0347459716368	0.033099769156	0.105733426813	-0.0227732516169	-0.0653903600977	-0.0678443121868	0.0479188016334	0.00902561793441	0.0250362598857	-0.0110753946053	0.0363206103518	0.0267131334244	0.0594250621997	-0.0622176973608	0.0520344000485	0.0365744696182	0.0158995521083	0.0104147432641	-0.0230435426075	0.0410093969226	0.0909127708389	0.054175796697	-0.0124952030734	0.0453129969248	-0.0526517592026	0.0187973519029	0.00357461859506	-0.0332922440584	0.00312806496708	0.0100204959614	0.0223862385362	-0.0150797823563	-0.00226302270042	-0.0400872206764	-0.0752007377901	0.0128956121532	-0.0510078173782	-0.0433338911135	0.024031010291	-0.021788463733	-0.0353572468644	-0.0256898470703	0.0470446238585	-0.0481444729925	0.00256500211477	-0.0204771303378	-0.000479139800718	-0.0210831354252	-0.0337718277407	-0.0428168462408	-0.037035800197
k__Bacteria;p__Bacteroidetes;c__Bacteroidia;o__Bacteroidales;f__Rikenellaceae;g__Alistipes;s__Alistipes_finegoldii	-0.0448138221707	-0.0640342940479	-0.00277459274545	-0.0219400712142	-0.00170901680971	-0.00619418850213	0.0361843057546	-0.0347459716368	1.0	-0.00484602176533	-0.0573001843244	-0.0591748798105	0.0837327346783	-0.00545970169595	-0.00898533269458	0.0354512932113	-0.0472847995531	0.0106291059655	0.00618652383142	0.0183191566497	0.01272306889	0.0257878759021	-0.0637369047335	-0.00236082496188	-0.0285903695219	0.00492878215034	-0.0214559150797	0.0155453479809	0.0172033951687	-0.00527111191451	-0.0478336118795	-0.00416010898084	0.00395062726865	-0.0204068358929	-0.00362142761848	-0.0301106048203	-0.0514826178484	-0.0241059896906	0.0221272488592	-0.0142685412834	-0.0220851124201	-0.00129314422885	0.0569798285534	-0.0439374597359	-0.0548936415707	-0.0711141803323	-0.0234856479694	0.00800020282794	0.040187400463	0.028644430561	-0.0478572300559	0.032711836793	0.00174896013455	0.0187153600729	0.0127043139711	0.00551981601475	-0.0249284095776	-0.00927296844262	-0.0356685265425
k__Bacteria;p__Bacteroidetes;c__Bacteroidia;o__Bacteroidales;f__Porphyromonadaceae;g__Parabacteroides;s__Parabacteroides_distasonis	-0.0355164448359	0.00783278923611	-0.0324098291967	-0.0510349603403	0.0362315703598	0.00478607333172	-0.00939598604509	0.033099769156	-0.00484602176533	1.0	0.00229501205136	-0.0126314688474	0.00524662499041	-0.00152584681343	-0.0502780515346	-0.0702244179919	0.0256145524514	-0.0470904431337	0.0025340095391	0.0106475230413	-0.00398308147093	0.022015668613	0.03508930889	-0.0222841850411	-0.0242708840098	-0.036517784288	-0.00450247363038	-0.0636943134945	0.0505159997907	0.0501448537997	-0.0639614906896	-6.82312821199e-05	-0.0308313533311	-0.0953629941672	0.0356005674131	-0.0151184303607	0.00608902361167	-0.0269342294092	-0.0204777317701	0.0162975666925	0.0171907940017	-0.075618247328	0.00816470410241	-0.0363708700039	0.0258410151097	-0.00238502144499	0.00635143731125	0.0390830172503	-0.0338786323779	0.0447851124243	0.017262589984	-0.0154088282254	-0.00583395961348	-0.00295096967011	0.00228126452062	-0.00633144575467	-0.0277677041925	-0.0348544145612	0.0436042930174
k__Bacteria;p__Bacteroidetes;c__Bacteroidia;o__Bacteroidales;f__Bacteroidaceae;g__Bacteroides;s__Bacteroides_thetaiotaomicron	-0.0737738318834	0.0116525598781	-0.000828893763918	0.0680652347518	0.0226869028304	-0.0260658545087	0.00641481675517	0.105733426813	-0.0573001843244	0.00229501205136	1.0	0.0908229940151	0.00640559987061	0.0418956481058	-0.0633995758157	0.00377287912982	0.0582239460782	-0.00672334754464	0.0275028813292	0.0283656624981	0.0397407648999	0.0647727452738	-0.0630794671962	-0.0279128374927	-0.0350595919613	-0.0337515431654	0.0310853264133	-0.0151611122626	-0.0299632648568	-0.0996717042953	-0.0649206420429	0.0726789965172	-0.102050911043	-0.0179667369904	0.0497973316117	-0.0116686206362	0.0454033489448	-0.0145087043993	-0.0596447301202	-0.0436206108987	-0.057053691269	0.00531169283586	0.0303281320696	-0.0871648305942	0.0589798093852	-0.0190217608742	-0.024533595127	-0.0182491227234	-0.0817210014812	-0.0741950217614	0.0185343049778	-0.0469565167782	-0.0489915402181	0.0216028751369	-0.0255556803251	-0.0158170950508	0.0028278838544	-0.00819420348032	0.00430090708598
k__Bacteria;p__Bacteroidetes;c__Bacteroidia;o__Bacteroidales;f__Bacteroidaceae;g__Bacteroides;s__Bacteroides_coprocola	0.0153881782581	-0.00116399692103	-0.0320306857014	-0.0461779889218	0.0206481979861	-0.0288236512869	-0.0113783566046	-0.0227732516169	-0.0591748798105	-0.0126314688474	0.0908229940151	1.0	-0.0814145419662	0.0234499950619	-0.0140915681663	-0.0516448308269	0.0163054504845	0.00576179480515	0.0332050018198	0.0095893365268	0.0799943437553	-0.00427730659576	-0.010153315696	0.00786879895283	-0.0411605168206	-0.0855023177007	0.0272305987163	0.0135087413975	-0.0109199061191	-0.0274532749177	0.00161395936268	0.00393485290572	-0.0405083827697	-0.0332932781791	0.0109248988867	-0.0802872948176	0.0308652725621	-0.0158156123439	0.0023596891267	0.006804992714	0.00227469465418	0.011806745533	0.0204823929432	-0.00985108421102	0.0110654637696	-0.0150419153373	-0.0766862974653	0.0199702693526	0.00328394513506	0.0205394697169	-0.0834431689082	-0.00431336660664	0.0747786319644	-0.00407464539907	-0.0294864023364	-0.0606581588608	-0.0718667351352	0.0606296338866	-0.0566767321719
k__Bacteria;p__Bacteroidetes;c__Bacteroidia;o__Bacteroidales;f__Bacteroidaceae;g__Bacteroides;s__Bacteroides_cellulosilyticus	0.0014724209512	0.0510822523089	-0.0572707381185	0.0128776876957	0.0371440950729	0.017190152349	0.0153352654288	-0.0653903600977	0.0837327346783	0.00524662499041	0.00640559987061	-0.0814145419662	1.0	0.077460834738	0.00710160646089	-0.0555033408891	-0.0785062683235	-0.0098077705781	0.067598748194	0.00810390965795	-0.0129120155292	0.00896945867108	-0.00849612571053	0.0731062906425	-0.0482616916915	-0.00579920178852	0.0566080681213	0.00539180171009	0.0124977709935	0.0259982063231	-0.064537030444	0.00959417532705	-0.0282734476052	0.0295723083159	0.0118649971275	0.0480914128371	-0.0681380860943	-0.0552638288147	-0.0171808839271	-0.00302171932114	0.0133012892625	-0.0148935153306	0.06661722088	-0.0247553536649	0.00377454598292	0.0611385257313	-0.0106339385081	-0.0618363504065	-0.028938641035	0.00151066176917	-0.0498642456474	0.00834763204253	0.0345043449702	-0.00181739717669	0.013029878092	0.00148441886361	-0.0866085939844	-0.11389099721	-0.0549090309384
k__Bacteria;p__Bacteroidetes;c__Bacteroidia;o__Bacteroidales;f__Rikenellaceae;g__Alistipes;s__Alistipes_obesi	-0.00530440279342	-0.00505282716654	-0.00478388916785	0.0129753533901	-0.0592523316095	-0.0163401582591	0.02965863474	-0.0678443121868	-0.00545970169595	-0.00152584681343	0.0418956481058	0.0234499950619	0.077460834738	1.0	0.0615458237414	0.0786267485099	-0.0673728869853	-0.00587800048544	0.0414172419314	-0.0206016901271	-0.0380057850384	0.0457408038673	-0.0537991016511	0.0394652081483	-0.0359725933182	-0.00860803477991	-0.00103625006847	0.030216785718	-0.022080679032	-0.0821606589839	-0.0359958069854	-0.0413802599896	0.011731945269	0.00258081821966	0.00181859994515	-0.0126456153748	0.0622309444093	-0.0962594724607	0.0018929424917	0.00932398646657	-0.04203256596	0.0248658116415	-0.0124901035371	-0.00164393776787	0.00105992430763	-0.0317589089615	-0.00917194339976	-0.00896836114439	-0.0808634840326	0.0518579235781	-0.0222118561089	0.00676330868218	0.0464833838375	-0.0485848155704	-0.0113761197346	-0.0167035682996	0.0300555538286	0.00724078154597	0.0273046547366
k__Bacteria;p__Firmicutes;c__Clostridia;o__Clostridiales;f__Lachnospiraceae;g__;s__[Eubacterium]_rectale	-0.090297859562	-0.00653195154484	-0.00206536244549	-0.025534509389	-0.00516968416659	-0.0148688838643	-0.0590720507659	0.0479188016334	-0.00898533269458	-0.0502780515346	-0.0633995758157	-0.0140915681663	0.00710160646089	0.0615458237414	1.0	-0.0656670953379	-0.0180180944968	0.00655178265434	-0.0606155965893	0.00878181883539	0.00234549441137	-0.000794944659933	0.0639951016808	-0.0336599044063	0.00882939766935	-0.0314726608154	-0.0367154538599	-0.0278098355229	0.00157127339217	-0.000296400979578	-0.0604973493544	-0.0341753896006	-0.00250089637174	0.048001529251	0.0678834202896	-0.0575331136471	0.026578931445	-0.127739049314	0.00837875457648	-0.00369192532057	-0.0203435929239	0.00913195963859	-0.0221244607935	-0.0114698388449	-0.0253830235345	-0.0158836035032	-0.0609418714185	0.0450101934121	-0.0109449925645	-0.0135311708798	0.0322689936489	0.082156824075	0.00404835221127	0.0272130434747	-0.0601775841964	0.049134093992	0.00728620955144	-0.017151372131	-0.0678654510644
k__Bacteria;p__Bacteroidetes;c__Bacteroidia;o__Bacteroidales;f__Bacteroidaceae;g__Bacteroides;s__Bacteroides_plebeius	0.00163626876736	-0.060086487319	-0.0347334571302	0.00095279543459	-0.0251031358994	0.00926585166297	-0.00400291393242	0.00902561793441	0.0354512932113	-0.0702244179919	0.00377287912982	-0.0516448308269	-0.0555033408891	0.0786267485099	-0.0656670953379	1.0	0.0238694373129	0.0536907422532	-0.0552353064146	-0.0296860869804	-0.0410826976618	-0.0269344600591	-0.0122805042971	-0.0189955251064	-0.0275905347939	-0.0127072287111	0.0111115942552	-0.0360198273665	-0.0572582632266	0.0525034536008	0.0123776158442	-0.0535948846828	0.0310147172269	-0.0195081474169	0.0117933214438	0.096812749168	-0.0243670918681	0.0198198753345	0.00712474773574	-0.00518124211054	-0.0254647547531	-0.00707607059101	-0.0241725233802	0.00696188349231	0.0165475812013	-0.0126238837277	-0.0295598930814	-0.0360531855907	0.0235198395814	0.0091778962751	0.0022149199939	0.00573024162863	-0.0662463159632	-0.0352786541329	0.0475942653923	-0.0570009776061	-0.0427950987246	-0.0297398750204	0.0893361566414
k__Bacteria;p__Bacteroidetes;c__Bacteroidia;o__Bacteroidales;f__Bacteroidaceae;g__Bacteroides;s__Bacteroides_fragilis	-0.0316904274996	-0.0258837046538	0.0111789340614	-0.0648484251629	-0.0235472744727	-0.0473450160247	-0.0470878033592	0.0250362598857	-0.0472847995531	0.0256145524514	0.0582239460782	0.0163054504845	-0.0785062683235	-0.0673728869853	-0.0180180944968	0.0238694373129	1.0	-0.0357110354268	-0.0110598675173	-0.0358354544983	0.00516175266001	0.00111139464251	0.026239010158	0.0133351098524	-0.0398957033142	0.0104414026706	-0.0582173125604	-0.0588279465719	0.0573727351336	0.0401746865604	0.000252925343066	0.0017987746567	-0.0103404695056	0.0415610989256	0.0501204069745	-0.00826262187576	-0.00707304839223	0.0347988045844	0.0274156828232	0.0297179410561	0.0433570125882	0.0239323337439	-0.0222013053149	-0.0442837652885	-0.00568482506329	-0.00626888706771	-0.0459448902818	-0.0168387154982	-0.0150825279734	-0.0533311014436	0.00949335741232	0.00908528498936	-0.0107603163496	0.00476636037031	-0.005767493057	-0.0457784760601	-0.0164934704636	0.0132400268402	0.0058432782419
k__Bacteria;p__Proteobacteria;c__Betaproteobacteria;o__Burkholderiales;f__Sutterellaceae;g__Sutterella;s__Sutterella_wadsworthensis	0.000990702472309	0.000688322348631	0.0163475575609	0.0635154059517	-0.0547493056383	0.00173822685707	-0.00178656265968	-0.0110753946053	0.0106291059655	-0.0470904431337	-0.00672334754464	0.00576179480515	-0.0098077705781	-0.00587800048544	0.00655178265434	0.0536907422532	-0.0357110354268	1.0	0.0166189713737	-0.0554796307513	-0.00116240999203	0.0445827434629	0.0278213354849	0.0225832292006	-0.0206254677223	-0.0387927677279	-0.056932926342	0.00846829394748	0.0284280718033	0.00390570788358	-0.0264539927659	0.0423084724743	0.0430853930562	-0.0300486178819	0.0153975367494	-0.0250697921347	0.0703618889311	-0.0109119901246	-0.0143642109589	-0.00435223468557	-0.0397236726391	-0.0232740706246	0.0152145802244	0.00593338850022	-0.0459344925618	-0.058694013061	0.025063083936	-0.0591259708841	-0.049297876245	-0.0349955394428	-0.0980592291426	-0.00807232759808	-0.0090265200093	0.0240217514968	-0.045489460549	0.0553300627934	-0.0253939402556	-0.0165101953586	-0.0635483152395
k__Bacteria;p__Bacteroidetes;c__Bacteroidia;o__Bacteroidales;f__Porphyromonadaceae;g__Barnesiella;s__Barnesiella_intestinihominis	0.00764261458717	-0.036936627931	0.0426202852116	-0.0238389044689	-0.0133200358144	0.0305830884252	0.00751525846116	0.0363206103518	0.00618652383142	0.0025340095391	0.0275028813292	0.0332050018198	0.067598748194	0.0414172419314	-0.0606155965893	-0.0552353064146	-0.0110598675173	0.0166189713737	1.0	0.0303232320273	-0.0626512519043	-0.0515685526179	-0.0306457756819	0.0378332303367	0.0119143855374	0.0535919599018	-0.0796465775357	-0.0291280880231	-0.0328727978994	0.0137088402531	0.0273549471957	0.0323590657704	-0.029729093681	-0.0702025814177	0.00681350219263	-0.0388869831379	-0.0120259768638	0.0024812099157	0.0676448913951	-0.0463875076397	-0.0721817299644	0.0456131977658	-0.0387927567458	0.0428260110819	-0.0187358317109	-0.00600395559736	0.0973886658569	-0.0798398750732	-0.105208640555	-0.0248000690951	0.0179684408028	-0.00336420637578	0.0221664226332	-0.0529025276901	-0.028532048761	-0.0220558523386	0.00901122064075	-0.0380408455682	-0.0503527323602
k__Bacteria;p__Bacteroidetes;c__Bacteroidia;o__Bacteroidales;f__Odoribacteraceae;g__Odoribacter;s__Odoribacter_splanchnicus	-0.0369143806484	0.0365090816683	-0.0026232170514	0.00227645418155	0.018764379542	0.0551778483876	-0.0224714046452	0.0267131334244	0.0183191566497	0.0106475230413	0.0283656624981	0.0095893365268	0.00810390965795	-0.0206016901271	0.00878181883539	-0.0296860869804	-0.0358354544983	-0.0554796307513	0.0303232320273	1.0	0.0497491385236	-0.00261510193817	-0.0316930682627	0.0201022073395	-0.031791666379	0.0400433477103	0.0857703172625	-0.00709861562556	-0.0260190265138	0.0460675223356	0.0312976097728	0.0295603711978	-0.135314259312	0.0131767510448	0.00114934235924	0.0441981361537	0.0230490078644	0.0312771601447	-0.00256191085496	-0.0205426181272	-0.011238916522	-0.0615113391462	-0.0371213468596	-0.000236196662937	0.0113452988551	-0.00706280489355	-0.018403433056	-0.0126859757915	-0.0682246001858	-0.0102172933435	-0.0203341450406	-0.0430341149949	0.0210645188076	0.0140300182018	-0.00939262905165	-0.0235408011852	-0.0229617931617	-0.016591853084	-0.0115349348847
k__Bacteria;p__Bacteroidetes;c__Bacteroidia;o__Bacteroidales;f__Bacteroidaceae;g__Bacteroides;s__Bacteroides_salyersiae	-0.00843639250458	0.00742360424983	0.0462212430638	-0.00667533399099	-0.053486489381	0.00742940635831	-0.0124329050199	0.0594250621997	0.01272306889	-0.00398308147093	0.0397407648999	0.0799943437553	-0.0129120155292	-0.0380057850384	0.00234549441137	-0.0410826976618	0.00516175266001	-0.00116240999203	-0.0626512519043	0.0497491385236	1.0	0.000832151651191	-0.00996544524183	0.0137494719901	-0.0235165147802	-0.0378289549308	0.0233748030151	-0.0399732162813	-0.041913816566	-0.00788173269866	-0.0862876513744	0.0362672808805	-0.0566371242963	-0.0701490892005	-0.029361167989	-0.0263547567449	-0.00930413306806	-0.0421026456781	0.036324031055	0.0266666937942	0.0046456567434	-0.0958020877652	0.0498732311923	-0.0270242414707	-0.0365230418618	-0.0547948174262	-0.00768256811601	0.0167507222158	-0.0189057509482	0.00101879688131	0.0554442344058	0.0441941306782	0.0171517776979	-0.0234474916567	-0.0591941981686	-0.000254794598041	-0.0330450552236	-0.00920798019659	-0.0137336161188
k__Bacteria;p__Firmicutes;c__Clostridia;o__Clostridiales;f__Ruminococcaceae;g__Ruminiclostridium;s__[Eubacterium]_siraeum	0.0101768495368	0.00226495230877	-0.0525141943815	-0.0375271437836	-0.0626537311968	0.0217004520393	-0.0545784673402	-0.0622176973608	0.0257878759021	0.022015668613	0.0647727452738	-0.00427730659576	0.00896945867108	0.0457408038673	-0.000794944659933	-0.0269344600591	0.00111139464251	0.0445827434629	-0.0515685526179	-0.00261510193817	0.000832151651191	1.0	0.000790757259076	0.0348785294596	0.0305467663298	-0.0146846576114	-0.0861715212058	-0.00823269956424	-0.0218118609763	0.0157033822365	-0.0203855650699	0.0224183286643	-0.00224316452013	-0.0115594437671	0.00387234964808	0.0444696581758	0.00390660177185	0.05745187849	-0.0489875469983	0.102251910334	-0.026090015783	-0.00735163925638	-0.0690622086952	-0.0147131034259	0.00953934679099	-0.0212794308251	-0.0301706908488	-0.0329829976261	0.0167015273825	0.0136031947184	0.0079868802127	-0.00538968107089	-0.000824495727309	-0.0434095348502	-0.0644581295918	-0.08514715128	-0.00943649016072	-0.0341936024572	-0.0209314562866
k__Bacteria;p__Proteobacteria;c__Betaproteobacteria;o__Burkholderiales;f__Sutterellaceae;g__Parasutterella;s__Parasutterella_excrementihominis	-0.00177998741596	0.00685825479772	0.0167597274338	-0.0718892451675	-0.0479666336165	-0.00461542118273	-0.00685905159554	0.0520344000485	-0.0637369047335	0.03508930889	-0.0630794671962	-0.010153315696	-0.00849612571053	-0.0537991016511	0.0639951016808	-0.0122805042971	0.026239010158	0.0278213354849	-0.0306457756819	-0.0316930682627	-0.00996544524183	0.000790757259076	1.0	-0.0633101472654	-0.0244388706643	0.0148460142454	-0.0222381746128	0.00522800395988	-0.03308956369	-0.0728341061693	0.0232599922894	0.00343235322769	0.0606888642025	0.0357694849656	-0.0216908207227	0.0102500158243	0.0221942223825	0.0131274949467	0.0144644298363	-0.0382763818538	-0.00441004353248	-0.0277269655847	-0.0262534042464	0.0270753188966	0.0223788755098	-0.00382760579204	0.0406080913608	-0.0485468288113	0.0132825015839	-0.010144660114	0.0645571695041	-0.0694337684436	-0.0127325236953	-0.0209500192318	0.0650746292643	0.0741494564288	-0.0214393806808	-0.0122311719438	-0.0211590943402
k__Bacteria;p__Actinobacteria;c__Actinobacteria;o__Bifidobacteriales;f__Bifidobacteriaceae;g__Bifidobacterium;s__Bifidobacterium_adolescentis	-0.0366979458481	-0.0841957416586	-0.0389577574077	-0.0252620918044	0.00596443535358	-0.0179678115944	0.0530905353793	0.0365744696182	-0.00236082496188	-0.0222841850411	-0.0279128374927	0.00786879895283	0.0731062906425	0.0394652081483	-0.0336599044063	-0.0189955251064	0.0133351098524	0.0225832292006	0.0378332303367	0.0201022073395	0.0137494719901	0.0348785294596	-0.0633101472654	1.0	-0.00427663825008	0.0501389331841	-0.0322169510797	-0.00775746944463	-0.00654474460689	0.04064075064	-0.0245359081974	0.0506259749825	0.0237445685787	0.00189841086587	-0.00355395162449	-0.00325534119269	0.000123527298653	0.00775265922926	0.00129234080978	-0.0294871761045	-0.0608882253643	0.00759457108177	-0.00677516209977	0.0141156805497	0.0417292706051	0.017589694606	-0.0588800786552	-0.0174353275197	-0.0537475960121	-0.0378588335706	-0.0243395466273	0.0780657145522	0.0614899848203	-0.0331771887569	-0.00652342174189	-0.0510805170112	0.00576807185779	-0.0754593286607	0.00685049462696
k__Bacteria;p__Firmicutes;c__Clostridia;o__Clostridiales;f__Oscillospiraceae;g__Oscillibacter;s__Oscillibacter_sp._KLE_1745	0.0523437882342	0.0623153458613	-0.0101431099098	-0.00440536327181	-0.0382409406238	0.0137250474883	-0.00945251605872	0.0158995521083	-0.0285903695219	-0.0242708840098	-0.0350595919613	-0.0411605168206	-0.0482616916915	-0.0359725933182	0.00882939766935	-0.0275905347939	-0.0398957033142	-0.0206254677223	0.0119143855374	-0.031791666379	-0.0235165147802	0.0305467663298	-0.0244388706643	-0.00427663825008	1.0	-0.0223553903766	-0.0671722620478	-0.0432046195002	-0.0228749623784	0.016266682462	-0.0778910278952	-0.0129006968162	0.0364227333881	-0.0291207277741	-0.035641225969	-0.0227843805484	0.0768129947175	-0.0183760179602	-0.0316306459463	-0.0772995725142	-0.0776552497887	0.0167084283336	0.00235756397311	0.056745678101	0.0612238325821	0.0589482591193	0.0147643766815	-0.00280334460738	-0.0151285595194	-0.0326311966893	-0.0428970789361	0.00665487804228	-0.0231746996633	0.0548420143299	-0.0479998043202	-0.0152432324328	0.0113493180354	0.00282781754076	0.00106946692756
k__Bacteria;p__Bacteroidetes;c__Bacteroidia;o__Bacteroidales;f__Bacteroidaceae;g__Bacteroides;s__Bacteroides_coprophilus	0.00251302727176	-0.0657778165534	-0.0614897094224	-0.0222828776004	-0.0270050278251	-0.00959375936897	-0.0109028063787	0.0104147432641	0.00492878215034	-0.036517784288	-0.0337515431654	-0.0855023177007	-0.00579920178852	-0.00860803477991	-0.0314726608154	-0.0127072287111	0.0104414026706	-0.0387927677279	0.0535919599018	0.0400433477103	-0.0378289549308	-0.0146846576114	0.0148460142454	0.0501389331841	-0.0223553903766	1.0	-0.0413348036092	0.0290690611384	0.012313250619	-0.0362695070196	-0.0197533731703	-0.0031849292175	0.0379548305695	0.0550536251292	0.00536763185284	0.0257261434	-0.0527462047775	-0.00941527344453	-0.0282158844565	-0.031907250795	-0.00930155375706	0.000496778582938	-0.0402426523512	-0.0504178706335	0.0198429286965	-0.000101360058673	-0.0117322452329	0.016814216448	-0.033475624577	0.00767537987961	0.0437993392099	0.0564550376881	-0.0101016906603	0.019008435879	0.0596154151246	0.012575684274	0.0641175164966	-0.00693475826911	0.0153691467503
k__Bacteria;p__Firmicutes;c__Clostridia;o__Clostridiales;f__Lachnospiraceae;g__Roseburia;s__Roseburia_intestinalis	-0.00494915401307	0.0245171209385	-0.0135710747755	-0.00191026079353	0.024978072958	0.0435098567653	0.018331153814	-0.0230435426075	-0.0214559150797	-0.00450247363038	0.0310853264133	0.0272305987163	0.0566080681213	-0.00103625006847	-0.0367154538599	0.0111115942552	-0.0582173125604	-0.056932926342	-0.0796465775357	0.0857703172625	0.0233748030151	-0.0861715212058	-0.0222381746128	-0.0322169510797	-0.0671722620478	-0.0413348036092	1.0	-0.0437136607729	-0.0373511730191	-0.0217029424296	-0.000609009524477	-0.035954012348	0.00447222396569	-0.0199935786	-0.00691267232801	-0.0549150083962	-0.0225793068319	0.00372426409866	0.0129409853591	0.000795469174711	-0.0481127976487	0.0698430632982	0.0446935306722	0.00850396315453	0.0126365891493	-0.0310728229861	-0.033042121498	-0.034230472642	-0.00372802124154	0.0118919652582	-0.034949749208	-0.018684473554	0.0468009977357	-0.0256696936348	0.0230678690059	-0.0177934430735	0.0129924101472	-0.0663068821132	0.111322011442
k__Bacteria;p__Firmicutes;c__Clostridia;o__Clostridiales;f__Lachnospiraceae;g__Roseburia;s__Roseburia_hominis	-0.00463596483808	0.0102589977911	-0.0925062699903	-0.0211972752141	-0.00998730506375	-0.0127446933025	-0.0144514203154	0.0410093969226	0.0155453479809	-0.0636943134945	-0.0151611122626	0.0135087413975	0.00539180171009	0.030216785718	-0.0278098355229	-0.0360198273665	-0.0588279465719	0.00846829394748	-0.0291280880231	-0.00709861562556	-0.0399732162813	-0.00823269956424	0.00522800395988	-0.00775746944463	-0.0432046195002	0.0290690611384	-0.0437136607729	1.0	-0.0203026846933	-0.016370312519	0.061225388104	-0.0672665984629	-0.00176942126514	-0.0246934746264	-0.0108636651067	0.0402479093199	0.0468230160756	-0.0190846569217	0.00298316718452	0.0139287929081	0.0344649804992	-0.0794453782212	0.0155767019721	-0.0193762755395	0.00470039996056	0.0223460229629	-0.0125651834336	0.0116048809193	-0.0359541547228	0.00808435484531	-0.00163070192196	-0.0202889921141	0.0255123362813	0.0156537026239	-0.0462709367658	0.0131520019798	-0.0186694969303	0.0158370855819	-0.0410339838234
k__Bacteria;p__Bacteroidetes;c__Bacteroidia;o__Bacteroidales;f__Porphyromonadaceae;g__Parabacteroides;s__Parabacteroides_johnsonii	0.00889663467464	-0.00172274138105	-0.00893945377069	0.0485725702528	-0.00951120019838	0.0460869023468	-0.00812689257174	0.0909127708389	0.0172033951687	0.0505159997907	-0.0299632648568	-0.0109199061191	0.0124977709935	-0.022080679032	0.00157127339217	-0.0572582632266	0.0573727351336	0.0284280718033	-0.0328727978994	-0.0260190265138	-0.041913816566	-0.0218118609763	-0.03308956369	-0.00654474460689	-0.0228749623784	0.012313250619	-0.0373511730191	-0.0203026846933	1.0	0.0361177896523	-0.0350500809047	-0.00270332091051	-0.0435867232062	-0.0243671213159	-0.0226322341468	0.00469989296806	-0.0393141030097	-0.0512395876074	-0.00378500569657	0.0185032231456	-0.0487921792953	-0.0128265790824	0.0334062290863	-0.0360744646055	-0.00268500517022	-0.0190740590687	0.0217433676038	0.0467841732083	0.020675948702	0.0413768980845	0.0142432414197	-0.00389000460268	-0.0622087347201	-0.0910453072102	-0.0353426853197	-0.0399420630568	0.00937360683855	0.0303445645393	-0.000825625457234
k__Bacteria;p__Actinobacteria;c__Actinobacteria;o__Bifidobacteriales;f__Bifidobacteriaceae;g__Bifidobacterium;s__Bifidobacterium_longum	0.0120570649025	-0.031765530151	0.0714864342839	0.0639676822354	0.0730183630205	-0.00890737063608	-0.0278423007487	0.054175796697	-0.00527111191451	0.0501448537997	-0.0996717042953	-0.0274532749177	0.0259982063231	-0.0821606589839	-0.000296400979578	0.0525034536008	0.0401746865604	0.00390570788358	0.0137088402531	0.0460675223356	-0.00788173269866	0.0157033822365	-0.0728341061693	0.04064075064	0.016266682462	-0.0362695070196	-0.0217029424296	-0.016370312519	0.0361177896523	1.0	-0.0135454673854	-0.0546997323007	-0.0135419614706	-0.0193985684884	0.0448432904144	-0.0413415383375	-0.0916051143187	-0.00176520263379	0.0243538813358	0.0970710538605	0.047044699636	-0.0705309642726	0.0265357474462	-0.0166361956518	-0.0702067123204	0.0140698990236	-0.0238061727663	-0.0259216858455	0.00169128447994	-0.0297125879571	-0.0276838846944	-0.0245348878635	-0.0402365278021	-0.0317173465582	0.00598875195613	0.0411411956796	0.062117552252	-0.0280382873982	-0.0427624649065
