#taxonomy	k__Bacteria;p__Bacteroidetes;c__Bacteroidia;o__Bacteroidales;f__Bacteroidaceae;g__Bacteroides;s__Bacteroides_vulgatus	k__Bacteria;p__Bacteroidetes;c__Bacteroidia;o__Bacteroidales;f__Bacteroidaceae;g__Bacteroides;s__Bacteroides_uniformis	k__Bacteria;p__Bacteroidetes;c__Bacteroidia;o__Bacteroidales;f__Rikenellaceae;g__Alistipes;s__Alistipes_putredinis	k__Bacteria;p__Bacteroidetes;c__Bacteroidia;o__Bacteroidales;f__Prevotellaceae;g__Prevotella;s__Prevotella_copri	k__Bacteria;p__Bacteroidetes;c__Bacteroidia;o__Bacteroidales;f__Bacteroidaceae;g__Bacteroides;s__Bacteroides_stercoris	k__Bacteria;p__Bacteroidetes;c__Bacteroidia;o__Bacteroidales;f__Bacteroidaceae;g__Bacteroides;s__Bacteroides_ovatus	k__Bacteria;p__Bacteroidetes;c__Bacteroidia;o__Bacteroidales;f__Rikenellaceae;g__Alistipes;s__Alistipes_shahii	k__Bacteria;p__Firmicutes;c__Clostridia;o__Clostridiales;f__Ruminococcaceae;g__Faecalibacterium;s__Faecalibacterium_prausnitzii	k__Bacteria;p__Bacteroidetes;c__Bacteroidia;o__Bacteroidales;f__Rikenellaceae;g__Alistipes;s__Alistipes_finegoldii	k__Bacteria;p__Bacteroidetes;c__Bacteroidia;o__Bacteroidales;f__Porphyromonadaceae;g__Parabacteroides;s__Parabacteroides_distasonis	k__Bacteria;p__Bacteroidetes;c__Bacteroidia;o__Bacteroidales;f__Bacteroidaceae;g__Bacteroides;s__Bacteroides_thetaiotaomicron	k__Bacteria;p__Bacteroidetes;c__Bacteroidia;o__Bacteroidales;f__Bacteroidaceae;g__Bacteroides;s__Bacteroides_coprocola	k__Bacteria;p__Bacteroidetes;c__Bacteroidia;o__Bacteroidales;f__Bacteroidaceae;g__Bacteroides;s__Bacteroides_cellulosilyticus	k__Bacteria;p__Bacteroidetes;c__Bacteroidia;o__Bacteroidales;f__Rikenellaceae;g__Alistipes;s__Alistipes_obesi	k__Bacteria;p__Firmicutes;c__Clostridia;o__Clostridiales;f__Lachnospiraceae;g__;s__[Eubacterium]_rectale	k__Bacteria;p__Bacteroidetes;c__Bacteroidia;o__Bacteroidales;f__Bacteroidaceae;g__Bacteroides;s__Bacteroides_plebeius	k__Bacteria;p__Bacteroidetes;c__Bacteroidia;o__Bacteroidales;f__Bacteroidaceae;g__Bacteroides;s__Bacteroides_fragilis	k__Bacteria;p__Proteobacteria;c__Betaproteobacteria;o__Burkholderiales;f__Sutterellaceae;g__Sutterella;s__Sutterella_wadsworthensis	k__Bacteria;p__Bacteroidetes;c__Bacteroidia;o__Bacteroidales;f__Porphyromonadaceae;g__Barnesiella;s__Barnesiella_intestinihominis	k__Bacteria;p__Bacteroidetes;c__Bacteroidia;o__Bacteroidales;f__Odoribacteraceae;g__Odoribacter;s__Odoribacter_splanchnicus	k__Bacteria;p__Bacteroidetes;c__Bacteroidia;o__Bacteroidales;f__Bacteroidaceae;g__Bacteroides;s__Bacteroides_salyersiae	k__Bacteria;p__Firmicutes;c__Clostridia;o__Clostridiales;f__Ruminococcaceae;g__Ruminiclostridium;s__[Eubacterium]_siraeum	k__Bacteria;p__Proteobacteria;c__Betaproteobacteria;o__Burkholderiales;f__Sutterellaceae;g__Parasutterella;s__Parasutterella_excrementihominis	k__Bacteria;p__Actinobacteria;c__Actinobacteria;o__Bifidobacteriales;f__Bifidobacteriaceae;g__Bifidobacterium;s__Bifidobacterium_adolescentis	k__Bacteria;p__Firmicutes;c__Clostridia;o__Clostridiales;f__Oscillospiraceae;g__Oscillibacter;s__Oscillibacter_sp._KLE_1745	k__Bacteria;p__Bacteroidetes;c__Bacteroidia;o__Bacteroidales;f__Bacteroidaceae;g__Bacteroides;s__Bacteroides_coprophilus	k__Bacteria;p__Firmicutes;c__Clostridia;o__Clostridiales;f__Lachnospiraceae;g__Roseburia;s__Roseburia_intestinalis	k__Bacteria;p__Firmicutes;c__Clostridia;o__Clostridiales;f__Lachnospiraceae;g__Roseburia;s__Roseburia_hominis	k__Bacteria;p__Bacteroidetes;c__Bacteroidia;o__Bacteroidales;f__Porphyromonadaceae;g__Parabacteroides;s__Parabacteroides_johnsonii	k__Bacteria;p__Actinobacteria;c__Actinobacteria;o__Bifidobacteriales;f__Bifidobacteriaceae;g__Bifidobacterium;s__Bifidobacterium_longum	k__Bacteria;p__Firmicutes;c__Clostridia;o__Clostridiales;f__;g__Flavonifractor;s__Flavonifractor_plautii	k__Bacteria;p__Firmicutes;c__Clostridia;o__Clostridiales;f__Clostridiaceae;g__Clostridium;s__Clostridium_phoceensis	k__Bacteria;p__Verrucomicrobia;c__Verrucomicrobiae;o__Verrucomicrobiales;f__Akkermansiaceae;g__Akkermansia;s__Akkermansia_muciniphila	k__Bacteria;p__Bacteroidetes;c__Bacteroidia;o__Bacteroidales;f__Prevotellaceae;g__Paraprevotella;s__Paraprevotella_xylaniphila	k__Bacteria;p__Firmicutes;c__Clostridia;o__Clostridiales;f__Ruminococcaceae;g__Ruminococcus;s__Ruminococcus_callidus	k__Bacteria;p__Bacteroidetes;c__Bacteroidia;o__Bacteroidales;f__Rikenellaceae;g__Alistipes;s__Alistipes_senegalensis	k__Bacteria;p__Firmicutes;c__Clostridia;o__Clostridiales;f__Lachnospiraceae;g__Blautia;s__Blautia_sp._KLE_1732	k__Bacteria;p__Bacteroidetes;c__Bacteroidia;o__Bacteroidales;f__Bacteroidaceae;g__Bacteroides;s__Bacteroides_oleiciplenus	k__Bacteria;p__Firmicutes;c__Clostridia;o__Clostridiales;f__Ruminococcaceae;g__Ruminococcus;s__Ruminococcus_bicirculans	k__Bacteria;p__Bacteroidetes;c__Bacteroidia;o__Bacteroidales;f__Bacteroidaceae;g__Bacteroides;s__Bacteroides_fluxus	k__Bacteria;p__Bacteroidetes;c__Bacteroidia;o__Bacteroidales;f__Prevotellaceae;g__Prevotella;s__Prevotella_stercorea	k__Bacteria;p__Firmicutes;c__Clostridia;o__Clostridiales;f__Lachnospiraceae;g__Dorea;s__Dorea_longicatena	k__Bacteria;p__Firmicutes;c__Clostridia;o__Clostridiales;f__Eubacteriaceae;g__Eubacterium;s__[Eubacterium]_eligens	k__Bacteria;p__Firmicutes;c__Clostridia;o__Clostridiales;f__Ruminococcaceae;g__;s__Ruminococcaceae_bacterium_D16	k__Bacteria;p__Firmicutes;c__Clostridia;o__Clostridiales;f__Lachnospiraceae;g__Coprococcus;s__Coprococcus_comes	k__Bacteria;p__Proteobacteria;c__Gammaproteobacteria;o__Enterobacterales;f__Enterobacteriaceae;g__Escherichia;s__Escherichia_coli	k__Bacteria;p__Firmicutes;c__Clostridia;o__Clostridiales;f__Ruminococcaceae;g__Anaerotruncus;s__Anaerotruncus_colihominis	k__Bacteria;p__Firmicutes;c__Clostridia;o__Clostridiales;f__Lachnospiraceae;g__Blautia;s__Blautia_obeum	k__Bacteria;p__Bacteroidetes;c__Bacteroidia;o__Bacteroidales;f__Odoribacteraceae;g__Odoribacter;s__Odoribacter_laneus	k__Bacteria;p__Firmicutes;c__Clostridia;o__Clostridiales;f__Ruminococcaceae;g__Ruminiclostridium;s__[Clostridium]_leptum	k__Bacteria;p__Bacteroidetes;c__Bacteroidia;o__Bacteroidales;f__Porphyromonadaceae;g__Parabacteroides;s__Parabacteroides_goldsteinii	k__Bacteria;p__Firmicutes;c__Clostridia;o__Clostridiales;f__Lachnospiraceae;g__Anaerostipes;s__Anaerostipes_hadrus	k__Bacteria;p__Firmicutes;c__Clostridia;o__Clostridiales;f__Ruminococcaceae;g__Ruminococcus;s__Ruminococcus_lactaris	k__Bacteria;p__Firmicutes;c__Clostridia;o__Clostridiales;f__Clostridiaceae;g__Clostridium;s__Clostridium_sp._L2-50	k__Bacteria;p__Firmicutes;c__Clostridia;o__Clostridiales;f__Clostridiaceae;g__Clostridium;s__Clostridium_sp._M62/1	k__Bacteria;p__Firmicutes;c__Clostridia;o__Clostridiales;f__;g__Intestinimonas;s__Intestinimonas_butyriciproducens	k__Bacteria;p__Actinobacteria;c__Actinobacteria;o__Bifidobacteriales;f__Bifidobacteriaceae;g__Bifidobacterium;s__Bifidobacterium_bifidum	k__Bacteria;p__Firmicutes;c__Negativicutes;o__Veillonellales;f__Veillonellaceae;g__Dialister;s__Dialister_invisus	k__Bacteria;p__Bacteroidetes;c__Bacteroidia;o__Bacteroidales;f__Bacteroidaceae;g__Bacteroides;s__Bacteroides_salanitronis
k__Bacteria;p__Bacteroidetes;c__Bacteroidia;o__Bacteroidales;f__Bacteroidaceae;g__Bacteroides;s__Bacteroides_vulgatus	1.0	0.0216257165213	-0.00396655138985	0.0715100756659	0.0119312983563	-0.0167880330932	-0.0216191945918	0.0180488790283	0.00143877095228	-0.0277105251522	-0.0363985386252	-0.0196095881482	-0.0233480667916	-0.0281803682178	0.0415595753635	0.000196700807182	-0.0329520198274	-0.0514854625168	-0.00509806894983	-0.101117411231	0.0722700511431	-0.038528529999	-0.0592021318627	-0.0143560755206	0.0947176051116	-0.0644096033682	-0.0241996453914	-0.0163289698974	0.0108940526883	-0.0298418517791	-0.00266081052683	0.0305417515579	-0.0160291472848	0.0217558603986	0.0206151613404	0.0680876504683	-0.0407713889143	-0.014867647681	0.0461929736175	-0.0448696687278	-0.0251148916059	-0.0113328067833	-0.0177537580455	0.0221361893121	0.0131915057274	0.0122246193044	-0.0418953621794	-0.0336063088947	-0.0433100626807	-0.0191464797305	0.0461046676542	-0.0466823996397	-0.0338791729131	-0.0900218421659	0.000349825428296	-0.0699405406337	-0.0674076877863	-0.0286792582369	-0.062449082165
k__Bacteria;p__Bacteroidetes;c__Bacteroidia;o__Bacteroidales;f__Bacteroidaceae;g__Bacteroides;s__Bacteroides_uniformis	0.0216257165213	1.0	-0.0527087716697	0.0341551240735	-0.0785947672525	0.0521613224235	-0.00680721012509	-0.00113356260374	-0.0372386605804	0.0427703765921	-0.0161924767887	-0.00794648972831	0.00319669550532	0.017089465297	-0.0180657420639	-0.0017856712369	0.0105569137479	-0.0253532158834	0.0480261399217	-0.0184617529992	0.0059785680637	0.0714338849842	0.0475236390611	-0.0515666453263	-0.0861047687639	0.050076353963	-0.0946127673947	-0.0533535169555	-0.026911543711	0.0202372039644	-0.0434874250865	0.0228629954842	-0.0334584204504	-0.0140987568076	0.0240058175135	0.0212345159567	-0.0137846379008	-0.0691739926926	0.00830152808124	-0.0230997428644	-0.0274635992224	-0.0319682628398	0.0534460892684	-0.00140997034702	0.0440194489754	-0.00363057814815	0.0120981592515	-0.000165247855403	-0.0171879049501	-0.0198052166894	-0.0411898791489	0.0369575569686	-0.0269688341946	0.0125264849596	-0.0640420262787	-0.0301647193884	-0.0304375952154	0.0161900288526	-0.00150181868606
k__Bacteria;p__Bacteroidetes;c__Bacteroidia;o__Bacteroidales;f__Rikenellaceae;g__Alistipes;s__Alistipes_putredinis	-0.00396655138985	-0.0527087716697	1.0	0.000935949343511	-0.0406702109805	0.0216975646727	0.0403631363165	0.0389238422295	-0.00472203984858	-0.0555815826703	0.0192632252252	-0.0124400670626	-0.0760298576981	0.0248331953538	0.0926150297807	0.00645230628055	-0.0275694086647	-0.0392340398446	-0.0205426079349	0.000336528823442	-0.0377984957704	-0.0106236483641	0.00234508609061	-0.028843598452	0.021544220833	-0.0586703164166	-0.0451591924053	-0.0127545974908	-0.0410912572051	-0.00552959499335	0.0437037749598	-0.0248268549803	-0.0476894655669	0.0422218857163	-0.0703093023529	-0.00272009315952	-0.0105968128356	0.0634239292753	-0.00495348345581	-0.0456164951538	-0.0359556611128	-0.0332317683149	-0.0575016509092	-0.0365878856208	-0.012779852627	-0.0346883092842	-0.0336240516292	0.0179670376308	-0.0210853905038	0.00231997739593	-0.0379578946201	0.0267616716329	0.0432740339691	-0.0755780344857	-0.00772020597964	-0.0314915445587	-0.0154057197361	-0.00190442747781	-0.045777922856
k__Bacteria;p__Bacteroidetes;c__Bacteroidia;o__Bacteroidales;f__Prevotellaceae;g__Prevotella;s__Prevotella_copri	0.0715100756659	0.0341551240735	0.000935949343512	1.0	0.0135491046099	0.0429209860364	-0.000505368355264	-0.0228375087904	-0.0197071413988	0.0327745145261	-0.0402796239021	-0.0415441535941	-0.0182214447234	-0.0728771752482	-0.00490181128839	-0.110692820923	-0.0388653386633	-0.00295080657185	0.0448971902368	-0.0644795869185	-0.0428967000939	0.0353734823111	-0.00763111102555	-0.0209651097418	0.0183218219616	0.0236090352117	-0.109043843371	0.037065224291	-0.0352579792813	-0.0453541649303	0.0303243864744	-0.0194466192694	-0.0358118404465	-0.0135570790252	0.0521731380026	0.027526410132	-0.0555938515417	-0.0199970678378	-0.0280137515086	-0.0697460855079	0.041053943696	-0.00834705619159	0.0418175827593	0.0102530692754	0.0282808090329	0.0455843796771	-0.0473134920393	-0.052830414797	-0.0391366919366	-0.000508845485087	0.0247877489947	-0.0238919264863	-0.00630276620082	0.0324661422251	-0.0539599823129	0.015705351828	0.0138268526947	0.0359389602139	-0.0765389274459
k__Bacteria;p__Bacteroidetes;c__Bacteroidia;o__Bacteroidales;f__Bacteroidaceae;g__Bacteroides;s__Bacteroides_stercoris	0.0119312983563	-0.0785947672525	-0.0406702109805	0.0135491046099	1.0	-0.0545179331292	-0.00218442593825	-0.0712267979296	-0.0622749484554	-0.0986718751608	0.00170121079558	-0.0258141555011	-0.0355626667963	0.0429748388699	-0.0206932376521	-0.00375286601799	-0.0246116379261	-0.0616497310418	-0.0044695438391	-0.0514585382006	-0.0131366244702	0.0968977233188	0.0239488948313	0.0558051592387	-0.00668834978587	-0.0528547352656	0.0511140293587	-0.0527873219653	0.0247271101586	-0.0163773862635	0.0128232765215	0.0267267018222	-0.0626121120699	-0.0276243955981	-0.0713291376678	-0.0483997973434	-0.000765198721533	-0.00716036029155	0.00738503515645	0.0831013441013	-0.00771921285598	0.0264360065128	-0.0388452348589	-0.0203722059667	0.0332459623328	0.00227399872407	-0.0153988059575	0.000309509736845	0.0202226643177	0.0744129195155	0.00240892136075	-0.0622725666814	0.0218598314797	-0.0214149225589	-0.0465733247487	0.0326163874672	-0.0377153856592	-0.0687745457139	0.0309728993673
k__Bacteria;p__Bacteroidetes;c__Bacteroidia;o__Bacteroidales;f__Bacteroidaceae;g__Bacteroides;s__Bacteroides_ovatus	-0.0167880330932	0.0521613224235	0.0216975646727	0.0429209860364	-0.0545179331292	1.0	-0.031952255861	0.00600982037579	-0.0204037730168	-0.0472779283967	0.000763529177239	-0.0474091881945	-0.00654813297853	-0.00737001664145	-0.0354486935125	-0.0244098983327	-0.0414986627873	-0.046577798417	-0.0288899157945	-0.00108389957639	0.000943549168019	-0.00853260527102	0.0424720378304	-0.0369922439541	0.00629148725867	-0.011921848739	0.0413772884853	-0.0355303647805	-0.0201251402337	-0.0275272838338	-0.0571444784657	-0.0532085483677	-0.0821381537419	-0.0707035106996	-0.00204202133788	0.020093243347	0.0854863505524	-0.036048450046	-0.0179407538385	-0.00226533787941	-0.0466996621648	0.0251653583417	-0.000804821463068	0.02987400037	-0.0580643033345	-0.0545211736288	-0.0140449848949	0.0126313430703	-0.0089055693748	0.0783485943651	0.0143213150183	0.00513082875675	0.0691353773571	-0.0127045240915	-0.0282252492288	-0.0179859374731	0.0213415899382	-0.00909198193724	-0.0684629762659
k__Bacteria;p__Bacteroidetes;c__Bacteroidia;o__Bacteroidales;f__Rikenellaceae;g__Alistipes;s__Alistipes_shahii	-0.0216191945918	-0.00680721012509	0.0403631363165	-0.000505368355264	-0.00218442593825	-0.031952255861	1.0	-0.0558293766298	-0.00570544484808	0.0116266917545	-0.0461730576182	0.0309558345952	0.0354102986365	0.0109011804684	-0.040487367303	0.0420140989189	-0.0125226660034	0.0150636126547	-0.0147282513802	-0.019487462197	0.00265039108608	0.0155018699457	-0.047385448158	-0.00713248621215	-0.0471666372179	0.0118984524629	0.0121544395035	-0.0461503305013	0.0629820344336	-0.0379560031341	-0.0425324986071	-0.0196016566869	-0.0222910826236	-0.0149139320312	0.0143429515529	0.0272156862905	-0.0469875504017	0.00967892862864	0.0223480103944	-0.0116229958047	0.0227786570194	0.00550023052095	-0.0288927762674	0.00704304384384	-0.0394936593632	-0.0126536688213	-0.0198880275412	0.00608617576875	0.0103751302655	-0.000645590683281	-0.0367751057077	-0.0114660686089	-0.0171108063175	0.0683270314648	-0.0367102131406	0.0092327859291	-0.0434943352733	-0.0080082683726	-0.00855565185787
k__Bacteria;p__Firmicutes;c__Clostridia;o__Clostridiales;f__Ruminococcaceae;g__Faecalibacterium;s__Faecalibacterium_prausnitzii	0.0180488790283	-0.00113356260374	0.0389238422295	-0.0228375087904	-0.0712267979296	0.00600982037579	-0.0558293766298	1.0	0.0424122094933	-0.0276809764403	-0.0144543001782	-0.00194175684019	-0.031743481124	-0.0122178270098	-0.00914988294771	0.0114895388562	-0.017160682645	-0.0203059769732	-0.0217921097535	-0.0977944484855	-0.0285114573699	-0.0452030366721	0.0938806516376	-0.0347869449206	0.00281602839438	0.0290944729319	-0.0245492949329	-0.0194526379398	0.0355372118426	-0.0199195224056	-0.02449419566	-0.0483437350932	-0.0704382618288	-0.0583541285049	0.00498549363967	0.0531151147969	-0.0200918192666	0.00182499237452	-0.00643370065372	-0.0336943333385	0.00866516756395	-0.0371289080773	-0.000819835353558	-0.0132259004497	0.0281401336309	0.000384395112678	0.0313354502627	0.0185583694089	0.0137656364446	0.0703110854411	0.00178777845515	-0.0150322826007	0.0134079862976	-0.0561807254918	-0.0282530884839	-0.0231398954347	-0.0347673496312	-0.0290774767224	-0.00181037498236
k__Bacteria;p__Bacteroidetes;c__Bacteroidia;o__Bacteroidales;f__Rikenellaceae;g__Alistipes;s__Alistipes_finegoldii	0.00143877095228	-0.0372386605804	-0.00472203984858	-0.0197071413988	-0.0622749484554	-0.0204037730168	-0.00570544484808	0.0424122094933	1.0	0.0131301388786	-0.0146664073707	-0.0478726088472	0.0224528361365	0.00261313009016	0.0251480563264	-0.0336483785834	-0.0283518843205	-0.0210550518117	-0.084738774688	0.0223886048846	-0.012812356532	-0.066678784909	0.019170042754	0.00102554339287	0.075170235499	-0.0347915471691	-0.046437366366	0.0229004675997	-0.0446199285611	0.0313572791731	0.0236586588596	-0.0515356042528	-0.00489219901648	0.11514126104	-0.0302921862433	-0.0181758850702	0.0346346066329	-0.0174388231556	0.0118046049546	-0.0392902474175	0.0666306719528	0.0127828418622	0.0278065267094	-0.0614125966784	-0.0097747482755	-0.0205416532846	-0.0445093474225	0.00536850319861	-0.00746333726426	-0.030623225039	0.013043376247	-0.00447599538475	-0.0602509462528	-0.0258896367993	0.0857559544185	-0.06039380554	-0.00490958577305	0.00866111388893	0.0123642963022
k__Bacteria;p__Bacteroidetes;c__Bacteroidia;o__Bacteroidales;f__Porphyromonadaceae;g__Parabacteroides;s__Parabacteroides_distasonis	-0.0277105251522	0.0427703765921	-0.0555815826703	0.0327745145261	-0.0986718751608	-0.0472779283967	0.0116266917545	-0.0276809764403	0.0131301388786	1.0	0.00202235027105	-0.0095928400337	-0.022658205876	-0.027696840656	0.0244461681498	0.0188047278895	-0.0102417178526	0.0571490842415	-0.0818553070988	-0.0251466905562	-0.0477239107594	0.0239744719433	-0.0461306440235	0.0243608746498	0.0111021314409	-0.0242115699439	-0.0216571782665	0.0369083121184	-0.0420025483337	0.00258986818195	0.00625742687285	0.0365451809094	0.00669575728347	-0.0235826908562	-0.00513898902188	-0.017857571867	0.0730728582819	-0.00865505576694	0.0811622000537	-0.121435909538	0.0447055300145	0.0149925868634	0.0377217430915	-0.0157748490866	-0.0270738293852	0.0283499062333	-0.00552987731783	-0.0495710922958	0.0375177173265	-0.0329104072969	-0.0493763228494	-0.00697036245845	0.0600757888945	-0.0486026622934	0.0102464212977	-0.0499224662512	0.0034398092439	-0.00710487721958	-0.0343969438255
k__Bacteria;p__Bacteroidetes;c__Bacteroidia;o__Bacteroidales;f__Bacteroidaceae;g__Bacteroides;s__Bacteroides_thetaiotaomicron	-0.0363985386252	-0.0161924767887	0.0192632252252	-0.0402796239021	0.00170121079558	0.000763529177239	-0.0461730576182	-0.0144543001782	-0.0146664073707	0.00202235027105	1.0	-0.106568067	-0.0340425283983	-0.0302907485584	0.000520825974277	-0.0378106443401	0.049902683343	0.0207970605286	0.0260577689633	0.0176419843745	0.00696411887251	-0.0382031344746	0.0231652033355	-0.0424959235394	0.0099463139918	-0.0256525396763	0.0412454773016	-0.00591502082065	0.0146206472457	-0.0837268256515	0.00671680540854	0.0680407036981	0.0162108054782	0.0110705167433	-0.00706272500466	-0.0525140417268	0.0310278040481	0.0635601374209	0.0395908347976	-0.0706423778292	0.000799933229569	0.00262754250509	0.0015159634897	-0.00529808891221	-0.0456476099543	-0.00618937905442	0.0454975583564	-0.00134680687694	0.0264455535227	-0.0337469400222	-0.0693638985384	-0.0315685324836	-0.012083304321	0.0211021116069	0.0366644645715	-0.0510175751642	0.0479086680674	-0.0325494727958	0.0565820701782
k__Bacteria;p__Bacteroidetes;c__Bacteroidia;o__Bacteroidales;f__Bacteroidaceae;g__Bacteroides;s__Bacteroides_coprocola	-0.0196095881482	-0.00794648972831	-0.0124400670626	-0.0415441535941	-0.0258141555011	-0.0474091881945	0.0309558345952	-0.00194175684019	-0.0478726088472	-0.0095928400337	-0.106568067	1.0	-0.0267865100165	-0.0572672624274	0.00150506663499	0.0331559632243	0.0672248923523	-0.0705736548208	-0.0100932679226	0.0210569038049	-0.0180063537479	0.00228486552739	0.00549409992211	0.0050318318886	0.0524669907857	0.01995846872	0.0424203859315	-0.0350937683101	-0.0195312525406	0.00265149589649	-0.0326997317316	-0.0151508815126	-0.0230578306618	-0.00390131747193	0.0181917801269	-0.00273313708172	-0.0419281620849	0.0543311889909	-0.00725734042588	0.00804803215534	0.0270118438503	0.00526537624699	-0.056252962577	0.000644912808231	0.0180415731081	-0.0115542586916	0.0221808366713	-0.016915264456	-0.0512940518354	0.0285608308462	0.0158557293203	0.0268747594849	-0.00128362402326	-0.0494624356153	-0.019897046703	0.0289876682266	0.0489735764994	-0.0310586442215	-0.0493274207493
k__Bacteria;p__Bacteroidetes;c__Bacteroidia;o__Bacteroidales;f__Bacteroidaceae;g__Bacteroides;s__Bacteroides_cellulosilyticus	-0.0233480667916	0.00319669550532	-0.0760298576981	-0.0182214447234	-0.0355626667963	-0.00654813297853	0.0354102986365	-0.031743481124	0.0224528361365	-0.022658205876	-0.0340425283983	-0.0267865100165	1.0	-0.0328805801116	-0.0172783185444	-0.0189346396794	0.0274594029507	0.00700359792456	0.00922050099845	-0.0214164363025	0.00609697344471	0.0167466705201	0.0126725888315	-0.016080310118	0.0115168436996	0.0139316064821	-0.0161711904639	-0.0645048827088	-0.0018323816465	-0.0593467958522	-0.0310730389676	-0.00866789544442	-0.0697227786212	-0.0122660264238	-0.0865553513537	0.0768462065109	0.0764680012836	-0.0407494699151	0.0125979185049	-0.0192045275076	-0.0238901628693	-0.040271711131	-0.0448695956808	0.0274985565045	-0.000355596919434	0.0208256593025	0.0227745069431	0.0511835640402	-0.0300005349445	0.035345196479	-0.0195379264809	0.016235116412	-0.0240133806945	0.0138957331934	0.0260246060558	-0.00430384757177	-0.0547100460551	-0.0239952569039	-0.0457475398436
k__Bacteria;p__Bacteroidetes;c__Bacteroidia;o__Bacteroidales;f__Rikenellaceae;g__Alistipes;s__Alistipes_obesi	-0.0281803682178	0.017089465297	0.0248331953538	-0.0728771752482	0.0429748388699	-0.00737001664145	0.0109011804684	-0.0122178270098	0.00261313009016	-0.027696840656	-0.0302907485584	-0.0572672624274	-0.0328805801116	1.0	0.0347826512087	-0.0557466942029	-0.020053717384	0.0172305466149	-0.00981692984715	0.0756163984467	-0.0487649034391	-0.000667757715056	-0.0207954005731	-0.0893022712423	0.0192864630442	-0.0188525055164	0.0329837340143	0.000155948477496	0.0407535956132	-0.00176027493614	-0.0322429974769	-0.0186382753036	-0.0838629376573	0.00981914443473	0.0161394003075	-0.0418656910415	0.00199844177667	0.0155713982882	0.00321867832886	0.00126419474441	-0.00497908921396	-0.0627235764211	0.0309229056182	-0.0180332168603	0.0452464622469	0.00724263768765	-0.0410770815678	-0.0326141062026	-0.0101796144797	-0.0418954441485	-0.0784931950825	0.0364840605637	0.0211891888439	-0.0147096654356	-0.0150029087677	-0.0303858716441	0.0355761241667	-0.0120345892791	0.0190123165199
k__Bacteria;p__Firmicutes;c__Clostridia;o__Clostridiales;f__Lachnospiraceae;g__;s__[Eubacterium]_rectale	0.0415595753635	-0.0180657420639	0.0926150297807	-0.00490181128839	-0.0206932376521	-0.0354486935125	-0.040487367303	-0.00914988294771	0.0251480563264	0.0244461681498	0.000520825974277	0.00150506663499	-0.0172783185444	0.0347826512087	1.0	0.0532463832512	0.0330028973743	-0.0364310713466	-0.0173687872353	-0.00944884545072	-0.000172073599711	0.0506276957027	-0.00660512572077	-0.0416182621732	0.0300673537991	-0.0333672078037	-0.0831945399655	-0.0252255502788	0.013527296314	0.00850248911746	-0.0905255453582	-0.0212872412955	-0.0131426219073	-0.0193137432175	0.0791615886662	0.0633019727253	0.0465125749837	0.038406374292	-0.0419497154185	-0.0590122617456	-0.0143298409596	0.0234319800842	-0.0172240394092	-0.0425836285814	0.034307859096	0.00908010419017	-0.00629390983432	0.0189789228227	0.0305993717674	-0.0378636065124	-0.045883662946	-0.0271764141712	-0.014689207419	-0.0611910244678	-0.0202136361974	-0.022918156376	-0.00704620749357	-0.0151763488984	0.0201730445308
k__Bacteria;p__Bacteroidetes;c__Bacteroidia;o__Bacteroidales;f__Bacteroidaceae;g__Bacteroides;s__Bacteroides_plebeius	0.000196700807182	-0.0017856712369	0.00645230628055	-0.110692820923	-0.00375286601799	-0.0244098983327	0.0420140989189	0.0114895388562	-0.0336483785834	0.0188047278895	-0.0378106443401	0.0331559632243	-0.0189346396794	-0.0557466942029	0.0532463832512	1.0	0.0128510262832	-0.0256645256559	-0.0202927834976	-0.00652934587059	-0.0480208418672	-0.0438677467218	-0.0026917707788	0.0352744543502	-0.0348776859418	-0.0182855982669	0.0405088840093	-0.0336756620959	-0.0190612703928	0.0561980100284	-0.065674833374	-0.0101851375065	0.0115565912189	0.0553356928641	-0.0256923647912	0.0283364656702	-0.0285372851189	0.00653059411558	-0.0214201244208	0.00350086680881	-0.00682227927999	0.0403216778689	-0.00979581646017	-0.0258714076776	-0.0217068186366	-0.0319897552692	-0.0510781442418	0.0628502853218	-0.0116547935895	-0.0498416454719	-0.0486741590572	-0.0223954607616	0.0364329794975	-0.0336938950564	-0.024800850437	0.0362129870153	0.0103760900239	-0.0425918337368	0.0835711217886
k__Bacteria;p__Bacteroidetes;c__Bacteroidia;o__Bacteroidales;f__Bacteroidaceae;g__Bacteroides;s__Bacteroides_fragilis	-0.0329520198274	0.0105569137479	-0.0275694086647	-0.0388653386633	-0.0246116379261	-0.0414986627873	-0.0125226660034	-0.017160682645	-0.0283518843205	-0.0102417178526	0.049902683343	0.0672248923523	0.0274594029507	-0.020053717384	0.0330028973743	0.0128510262832	1.0	0.00751246903016	0.0383108755685	-0.027804460924	-0.0308993355316	-0.0361979474117	-0.00605722316101	-0.0249539302895	-0.0388177445637	-0.0854154504887	-0.03308331665	-0.0261267383211	-0.082151418897	0.034150441048	0.0333621474027	0.00432998142107	0.0008810139142	-0.00164120344249	-0.0125747277725	0.0368744977057	-0.0467293897593	0.0202749430994	0.00850205961928	-0.0589992950642	0.00843784914142	-0.0502854623867	-0.0445094770384	-0.0532818302854	-0.0374757969477	-0.00751610747187	0.00960767668135	0.0420335129041	-0.0710584316119	-0.005868364803	0.027313980653	-0.0113198342548	0.00811338218225	-0.0652306560208	-0.0197498904309	-0.00606659679918	0.0134997005309	-0.0226531779102	-0.0286313224255
k__Bacteria;p__Proteobacteria;c__Betaproteobacteria;o__Burkholderiales;f__Sutterellaceae;g__Sutterella;s__Sutterella_wadsworthensis	-0.0514854625168	-0.0253532158834	-0.0392340398446	-0.00295080657185	-0.0616497310418	-0.046577798417	0.0150636126547	-0.0203059769732	-0.0210550518117	0.0571490842415	0.0207970605286	-0.0705736548208	0.00700359792456	0.0172305466149	-0.0364310713466	-0.0256645256559	0.00751246903016	1.0	0.000501111143418	0.00419244286484	-0.050401836401	0.00725373581142	0.0369388111534	0.00100785408585	-0.0212688461344	0.0187122347228	-0.0106838460299	0.0557599928311	0.0522217555956	-0.0274431610368	-0.0504562951219	0.0337104435969	0.0871499877161	0.00855470195014	-0.0271917895285	0.0164458046432	-0.0264806312565	-0.0287929102859	-0.00414494959365	0.0137377826881	0.0109134771202	0.0121372276384	-0.00882787087037	-0.0243050469282	-0.0487423216733	0.0335851786061	-0.0380388898837	-0.0272333020756	-0.00316881606019	-0.0115435011703	0.0278328126882	-0.00966399846449	0.00739977361611	-0.0756425388823	-0.0273854845235	-0.022559411361	-0.0198803057392	-0.0126847379585	0.00222168827872
k__Bacteria;p__Bacteroidetes;c__Bacteroidia;o__Bacteroidales;f__Porphyromonadaceae;g__Barnesiella;s__Barnesiella_intestinihominis	-0.00509806894983	0.0480261399217	-0.0205426079349	0.0448971902368	-0.0044695438391	-0.0288899157945	-0.0147282513802	-0.0217921097535	-0.084738774688	-0.0818553070988	0.0260577689633	-0.0100932679226	0.00922050099845	-0.00981692984715	-0.0173687872353	-0.0202927834976	0.0383108755685	0.000501111143418	1.0	-0.0555382026502	-0.0416402148097	0.00929293012121	-0.012852575929	0.027789221243	-0.0381970137288	-0.0390388142953	0.000356318877983	0.0142697806767	0.0110270962358	0.0379559702612	0.0207427546361	-0.104338933261	0.0619215748292	0.00255799898417	0.0409793369219	0.0481425445754	0.0341642402281	0.0124860334884	-0.0527824550178	-0.0145764957073	0.0289787907283	-0.00339176522309	0.0247454025385	-0.0155985882751	0.0885582918106	-0.0711304512405	0.00542715561871	-0.060232140572	-0.0222540782409	0.011438036423	-0.0421199307767	-0.0667451215373	-0.0353649251104	-0.0228561479213	-0.0241938979385	-0.0192297678546	-0.0251322903103	0.0325007145269	0.00715122588807
k__Bacteria;p__Bacteroidetes;c__Bacteroidia;o__Bacteroidales;f__Odoribacteraceae;g__Odoribacter;s__Odoribacter_splanchnicus	-0.101117411231	-0.0184617529992	0.000336528823442	-0.0644795869185	-0.0514585382006	-0.00108389957639	-0.019487462197	-0.0977944484855	0.0223886048846	-0.0251466905562	0.0176419843745	0.0210569038049	-0.0214164363025	0.0756163984467	-0.00944884545072	-0.00652934587059	-0.027804460924	0.00419244286484	-0.0555382026502	1.0	-0.0608707830101	-0.0176590316073	0.000142449671604	0.0107897846551	-0.0290712145408	0.0296480458394	0.00737617126332	0.0591441256828	0.0181753810912	0.091966378865	-0.0123085070274	0.00514967438122	-0.014885954232	-0.0683814356316	-0.0147503245224	-0.0516117315081	0.012172931469	0.0190593380015	0.00705196245344	-0.0043091498378	-0.0255437237002	0.0260849115892	0.0101998094186	-0.0181538552215	-0.027365847041	-0.0497889840899	0.0707227462118	-0.0356075301578	0.0090400623038	-0.00560665615905	-0.042925711582	0.00145561209954	0.0592584667537	0.108899738286	0.0216177436643	0.011916263462	-0.0252971509877	-0.0106197733929	-0.0384380598375
k__Bacteria;p__Bacteroidetes;c__Bacteroidia;o__Bacteroidales;f__Bacteroidaceae;g__Bacteroides;s__Bacteroides_salyersiae	0.0722700511431	0.0059785680637	-0.0377984957704	-0.0428967000939	-0.0131366244702	0.000943549168019	0.00265039108608	-0.0285114573699	-0.012812356532	-0.0477239107594	0.00696411887251	-0.0180063537479	0.00609697344471	-0.0487649034391	-0.000172073599711	-0.0480208418672	-0.0308993355316	-0.050401836401	-0.0416402148097	-0.0608707830101	1.0	0.0030334053505	0.00430654949563	0.0504494608292	0.00800423263682	-0.0382997913657	-3.58343068955e-05	-0.0496289932481	0.000825377857526	-0.00504336946174	0.0450393761481	-0.01221486622	-0.032157267943	0.0293795504308	-0.0675513191359	-0.01931656364	0.0179486266742	0.0308569903461	0.0319237750298	0.0181972572782	0.0220877771803	-0.0164889043375	-0.031923761675	-0.0409740222091	0.00413704290832	-0.00787265840938	0.0323827521664	-0.0534557148006	0.02831797974	0.00173346977457	0.0394501538098	-0.0715255957021	-0.0195581920675	-0.0280504653708	-0.0553149111783	-0.0479546694157	-0.0798725544954	0.00820689624858	0.00968710600572
k__Bacteria;p__Firmicutes;c__Clostridia;o__Clostridiales;f__Ruminococcaceae;g__Ruminiclostridium;s__[Eubacterium]_siraeum	-0.038528529999	0.0714338849842	-0.0106236483641	0.0353734823111	0.0968977233188	-0.00853260527102	0.0155018699457	-0.0452030366721	-0.066678784909	0.0239744719433	-0.0382031344746	0.00228486552739	0.0167466705201	-0.000667757715056	0.0506276957027	-0.0438677467218	-0.0361979474117	0.00725373581142	0.00929293012121	-0.0176590316073	0.0030334053505	1.0	-0.0727374853544	0.0363513954377	-0.0230407111659	-0.0111103556383	-0.017623852286	0.0191839731703	0.013145944683	0.0112837380941	-0.00885359930051	-0.0425236035763	-0.0396739183662	-0.00424471961015	0.00952391023779	0.0357007157344	-0.0311582202101	0.0106282848433	-0.00205998300283	0.0392883479515	-0.0237343857018	0.0164349110993	-0.0378031416013	0.0446454059466	0.00756144762807	0.0403335568767	-0.00582795910181	-0.0239159793055	0.0104548220876	0.0349422448873	-0.0616743779158	0.00786895123745	-0.127457304317	-0.019888795697	0.0183066059799	-0.0284583878321	-0.0158407128431	-0.0120568325913	0.02255940109
k__Bacteria;p__Proteobacteria;c__Betaproteobacteria;o__Burkholderiales;f__Sutterellaceae;g__Parasutterella;s__Parasutterella_excrementihominis	-0.0592021318627	0.0475236390611	0.00234508609061	-0.00763111102555	0.0239488948313	0.0424720378304	-0.047385448158	0.0938806516376	0.019170042754	-0.0461306440235	0.0231652033355	0.00549409992211	0.0126725888315	-0.0207954005731	-0.00660512572077	-0.0026917707788	-0.00605722316101	0.0369388111534	-0.012852575929	0.000142449671604	0.00430654949563	-0.0727374853544	1.0	0.0443083222815	0.0175699839423	0.0126239664552	0.0287758899885	0.0189258488427	-0.0421717797254	-0.0290473108325	0.0162081791923	-0.0319915975426	-0.0387455909392	-0.0659061838475	0.00206335018821	-0.00216036281221	-0.0736318143283	0.00787305711827	-0.0106359197173	-0.00525064916675	-0.0159855195767	-0.0336137894175	-0.0278107458791	0.0162574557783	-0.0935048671408	-0.0221191038327	0.0263504857803	0.0541226669164	-0.0358744727179	-0.0313984501643	0.00459423998297	0.0193957551018	0.0646042796527	-0.0617584936768	-0.0808190563698	-0.00831506831233	-0.0452068788434	-0.0288823055116	0.0389187818525
k__Bacteria;p__Actinobacteria;c__Actinobacteria;o__Bifidobacteriales;f__Bifidobacteriaceae;g__Bifidobacterium;s__Bifidobacterium_adolescentis	-0.0143560755206	-0.0515666453263	-0.028843598452	-0.0209651097418	0.0558051592387	-0.0369922439541	-0.00713248621215	-0.0347869449206	0.00102554339287	0.0243608746498	-0.0424959235394	0.0050318318886	-0.016080310118	-0.0893022712423	-0.0416182621732	0.0352744543502	-0.0249539302895	0.00100785408585	0.027789221243	0.0107897846551	0.0504494608292	0.0363513954377	0.0443083222815	1.0	-0.0568287295839	-0.0527329670998	0.0548381800107	-0.0223245471923	0.0491579141364	-0.0147443869737	-0.0536196932897	-0.0169227820421	-0.0453579924882	-0.0167743125935	0.00380009903839	0.0166391187929	-0.0101539274436	-0.0726287967798	-0.0647269701735	0.0160370918777	0.00982318564417	0.0147798930793	-0.00865137973869	-0.0676614883458	0.0169853209263	-0.085399550891	-0.00715827102061	0.0148097166137	0.0515921421585	-0.00454958103576	0.065094925974	0.0351845544495	-0.0455881169785	-0.000180462215627	0.0116669196871	-0.0641208519368	0.0186910529774	0.0114042505948	-0.0177678302376
k__Bacteria;p__Firmicutes;c__Clostridia;o__Clostridiales;f__Oscillospiraceae;g__Oscillibacter;s__Oscillibacter_sp._KLE_1745	0.0947176051116	-0.0861047687639	0.021544220833	0.0183218219616	-0.00668834978587	0.00629148725867	-0.0471666372179	0.00281602839438	0.075170235499	0.0111021314409	0.0099463139918	0.0524669907857	0.0115168436996	0.0192864630442	0.0300673537991	-0.0348776859418	-0.0388177445637	-0.0212688461344	-0.0381970137288	-0.0290712145408	0.00800423263682	-0.0230407111659	0.0175699839423	-0.0568287295839	1.0	-0.0202594985714	-0.0188442406908	-0.013408844122	-0.0110575675343	-0.0297828111378	0.014416672146	0.0674212602014	-0.00830508683027	-0.00409387812271	0.0124814251276	-0.0527528086343	-0.0166646817705	-0.0246392859108	-0.0399658758077	-0.0353626874787	0.0172571825903	-0.0400179537826	0.0138449464774	0.0288389806174	0.00796345928803	-0.0353393736266	0.0218563419206	0.00747331973949	-0.0178903576205	-0.0732885491211	-0.00414681295508	-0.0176229990921	0.0278954647561	-0.0237934711557	-0.0308994925557	0.0233420870229	0.00702397321388	-0.00622077827067	-0.033076998406
k__Bacteria;p__Bacteroidetes;c__Bacteroidia;o__Bacteroidales;f__Bacteroidaceae;g__Bacteroides;s__Bacteroides_coprophilus	-0.0644096033682	0.050076353963	-0.0586703164166	0.0236090352117	-0.0528547352656	-0.011921848739	0.0118984524629	0.0290944729319	-0.0347915471691	-0.0242115699439	-0.0256525396763	0.01995846872	0.0139316064821	-0.0188525055164	-0.0333672078037	-0.0182855982669	-0.0854154504887	0.0187122347228	-0.0390388142953	0.0296480458394	-0.0382997913657	-0.0111103556383	0.0126239664552	-0.0527329670998	-0.0202594985714	1.0	-0.0208190779052	-0.0313390141356	0.00654752640797	0.000821631320178	0.0631573980481	0.0205191578997	-0.068012414874	-0.0632411358712	-0.0602079272704	-0.0490381858162	-0.0369935201103	0.00770228053642	0.0400977515112	0.0358274500973	0.00383089485836	-0.0453833996544	0.01459905898	-0.0132120440546	0.0153363965195	-0.0330248763452	-0.000139683222083	0.0289386826826	-0.0309325422914	0.0445392290193	0.0050414149256	0.0047361414863	0.0369424469278	0.00134589148595	-0.0678963605288	-0.0366345346588	0.0289227201607	0.0316739286697	-0.0385621541905
k__Bacteria;p__Firmicutes;c__Clostridia;o__Clostridiales;f__Lachnospiraceae;g__Roseburia;s__Roseburia_intestinalis	-0.0241996453914	-0.0946127673947	-0.0451591924053	-0.109043843371	0.0511140293587	0.0413772884853	0.0121544395035	-0.0245492949329	-0.046437366366	-0.0216571782665	0.0412454773016	0.0424203859315	-0.0161711904639	0.0329837340143	-0.0831945399655	0.0405088840093	-0.03308331665	-0.0106838460299	0.000356318877983	0.00737617126332	-3.58343068955e-05	-0.017623852286	0.0287758899885	0.0548381800107	-0.0188442406908	-0.0208190779052	1.0	-0.0328247896101	-0.0401998130627	0.0266532735305	-0.0207889380269	0.0493319669319	0.0067220860919	-0.0265875528996	-0.0435077358644	-0.104663469264	0.00184803058166	-0.0532361118389	-0.0568023271975	0.0397191182596	-0.0716180182203	0.00521644048043	0.0128046394239	0.00588759850776	0.0322007899553	0.0342408201569	-0.0492043951294	0.0278582861376	-0.0680069925568	0.0644156769006	0.0230632128369	0.0572363665464	-0.0609493903176	-0.0444994880417	0.00585405578386	0.0211655252838	-0.00534964158331	0.00675907018796	-0.0109864090954
k__Bacteria;p__Firmicutes;c__Clostridia;o__Clostridiales;f__Lachnospiraceae;g__Roseburia;s__Roseburia_hominis	-0.0163289698974	-0.0533535169555	-0.0127545974908	0.037065224291	-0.0527873219653	-0.0355303647805	-0.0461503305013	-0.0194526379398	0.0229004675997	0.0369083121184	-0.00591502082065	-0.0350937683101	-0.0645048827088	0.000155948477496	-0.0252255502788	-0.0336756620959	-0.0261267383211	0.0557599928311	0.0142697806767	0.0591441256828	-0.0496289932481	0.0191839731703	0.0189258488427	-0.0223245471923	-0.013408844122	-0.0313390141356	-0.0328247896101	1.0	-0.0133932961393	0.00275601099188	-0.0325695545399	0.0358314965794	0.0167450540425	-0.0107629607781	-0.0790532844976	0.0200290064074	-0.0438924669379	0.0198217442813	-0.0488304920561	-0.000104707716379	-0.102359122305	-0.0325981750941	0.00449670170123	-0.0328998917613	-0.030878399013	-0.0326426799573	0.0157095309958	-0.0035808320514	-0.00577612248729	0.055729989322	0.0638521402186	-0.0308541433957	-0.0567227255145	0.030597291051	0.0631840945674	0.080232118809	0.0184425757786	-0.00973753189319	0.00363207435972
k__Bacteria;p__Bacteroidetes;c__Bacteroidia;o__Bacteroidales;f__Porphyromonadaceae;g__Parabacteroides;s__Parabacteroides_johnsonii	0.0108940526883	-0.026911543711	-0.0410912572051	-0.0352579792813	0.0247271101586	-0.0201251402337	0.0629820344336	0.0355372118426	-0.0446199285611	-0.0420025483337	0.0146206472457	-0.0195312525406	-0.0018323816465	0.0407535956132	0.013527296314	-0.0190612703928	-0.082151418897	0.0522217555956	0.0110270962358	0.0181753810912	0.000825377857526	0.013145944683	-0.0421717797254	0.0491579141364	-0.0110575675343	0.00654752640797	-0.0401998130627	-0.0133932961393	1.0	0.00791504094406	-0.0477097085912	-0.104521585991	-0.0434390772945	-0.0472899516568	-0.0489601537888	0.00633784105909	-0.013911213408	-0.0222559621824	-0.00594370535579	-0.0187879159096	0.0337015075119	-0.0203710913989	0.00957016702108	0.0211061010805	-0.00833449202535	0.00353395619447	-0.0201720351491	-0.0218782431201	0.00712293038445	-0.0528968548814	0.0203190409469	0.016554372035	-0.0128717626397	0.0201561523492	-0.0568514786651	-0.0308710288265	0.0710240861701	0.0426995348003	-0.0275785869968
k__Bacteria;p__Actinobacteria;c__Actinobacteria;o__Bifidobacteriales;f__Bifidobacteriaceae;g__Bifidobacterium;s__Bifidobacterium_longum	-0.0298418517791	0.0202372039644	-0.00552959499335	-0.0453541649303	-0.0163773862635	-0.0275272838338	-0.0379560031341	-0.0199195224056	0.0313572791731	0.00258986818195	-0.0837268256515	0.00265149589649	-0.0593467958522	-0.00176027493614	0.00850248911746	0.0561980100284	0.034150441048	-0.0274431610368	0.0379559702612	0.091966378865	-0.00504336946174	0.0112837380941	-0.0290473108325	-0.0147443869737	-0.0297828111378	0.000821631320178	0.0266532735305	0.00275601099188	0.00791504094406	1.0	-0.000542702369766	0.0152344455062	0.0172164038576	-0.0198514245252	0.0240645011576	-0.0757057657992	-0.0048355950304	-0.0217812682929	-0.00334690294857	0.0303998757666	-0.00331545594964	-0.0137731602463	-0.0644784075483	0.0260219905863	0.00610316308467	-0.0165582951586	-0.0904340720778	-0.0482292753928	-0.0322122298581	-0.0486189296371	0.0248736362847	-0.0476011651742	0.0460701408427	0.0666557339131	0.0136513911164	-0.00956818900277	0.00523856326794	-0.033344115182	-0.00709581854556
