#taxonomy	k__Bacteria;p__Bacteroidetes;c__Bacteroidia;o__Bacteroidales;f__Bacteroidaceae;g__Bacteroides;s__Bacteroides_vulgatus	k__Bacteria;p__Bacteroidetes;c__Bacteroidia;o__Bacteroidales;f__Bacteroidaceae;g__Bacteroides;s__Bacteroides_uniformis	k__Bacteria;p__Bacteroidetes;c__Bacteroidia;o__Bacteroidales;f__Rikenellaceae;g__Alistipes;s__Alistipes_putredinis	k__Bacteria;p__Bacteroidetes;c__Bacteroidia;o__Bacteroidales;f__Prevotellaceae;g__Prevotella;s__Prevotella_copri	k__Bacteria;p__Bacteroidetes;c__Bacteroidia;o__Bacteroidales;f__Bacteroidaceae;g__Bacteroides;s__Bacteroides_stercoris	k__Bacteria;p__Bacteroidetes;c__Bacteroidia;o__Bacteroidales;f__Bacteroidaceae;g__Bacteroides;s__Bacteroides_ovatus	k__Bacteria;p__Bacteroidetes;c__Bacteroidia;o__Bacteroidales;f__Rikenellaceae;g__Alistipes;s__Alistipes_shahii	k__Bacteria;p__Firmicutes;c__Clostridia;o__Clostridiales;f__Ruminococcaceae;g__Faecalibacterium;s__Faecalibacterium_prausnitzii	k__Bacteria;p__Bacteroidetes;c__Bacteroidia;o__Bacteroidales;f__Rikenellaceae;g__Alistipes;s__Alistipes_finegoldii	k__Bacteria;p__Bacteroidetes;c__Bacteroidia;o__Bacteroidales;f__Porphyromonadaceae;g__Parabacteroides;s__Parabacteroides_distasonis	k__Bacteria;p__Bacteroidetes;c__Bacteroidia;o__Bacteroidales;f__Bacteroidaceae;g__Bacteroides;s__Bacteroides_thetaiotaomicron	k__Bacteria;p__Bacteroidetes;c__Bacteroidia;o__Bacteroidales;f__Bacteroidaceae;g__Bacteroides;s__Bacteroides_coprocola	k__Bacteria;p__Bacteroidetes;c__Bacteroidia;o__Bacteroidales;f__Bacteroidaceae;g__Bacteroides;s__Bacteroides_cellulosilyticus	k__Bacteria;p__Bacteroidetes;c__Bacteroidia;o__Bacteroidales;f__Rikenellaceae;g__Alistipes;s__Alistipes_obesi	k__Bacteria;p__Firmicutes;c__Clostridia;o__Clostridiales;f__Lachnospiraceae;g__;s__[Eubacterium]_rectale	k__Bacteria;p__Bacteroidetes;c__Bacteroidia;o__Bacteroidales;f__Bacteroidaceae;g__Bacteroides;s__Bacteroides_plebeius	k__Bacteria;p__Bacteroidetes;c__Bacteroidia;o__Bacteroidales;f__Bacteroidaceae;g__Bacteroides;s__Bacteroides_fragilis	k__Bacteria;p__Proteobacteria;c__Betaproteobacteria;o__Burkholderiales;f__Sutterellaceae;g__Sutterella;s__Sutterella_wadsworthensis	k__Bacteria;p__Bacteroidetes;c__Bacteroidia;o__Bacteroidales;f__Porphyromonadaceae;g__Barnesiella;s__Barnesiella_intestinihominis	k__Bacteria;p__Bacteroidetes;c__Bacteroidia;o__Bacteroidales;f__Odoribacteraceae;g__Odoribacter;s__Odoribacter_splanchnicus	k__Bacteria;p__Bacteroidetes;c__Bacteroidia;o__Bacteroidales;f__Bacteroidaceae;g__Bacteroides;s__Bacteroides_salyersiae	k__Bacteria;p__Firmicutes;c__Clostridia;o__Clostridiales;f__Ruminococcaceae;g__Ruminiclostridium;s__[Eubacterium]_siraeum	k__Bacteria;p__Proteobacteria;c__Betaproteobacteria;o__Burkholderiales;f__Sutterellaceae;g__Parasutterella;s__Parasutterella_excrementihominis	k__Bacteria;p__Actinobacteria;c__Actinobacteria;o__Bifidobacteriales;f__Bifidobacteriaceae;g__Bifidobacterium;s__Bifidobacterium_adolescentis	k__Bacteria;p__Firmicutes;c__Clostridia;o__Clostridiales;f__Oscillospiraceae;g__Oscillibacter;s__Oscillibacter_sp._KLE_1745	k__Bacteria;p__Bacteroidetes;c__Bacteroidia;o__Bacteroidales;f__Bacteroidaceae;g__Bacteroides;s__Bacteroides_coprophilus	k__Bacteria;p__Firmicutes;c__Clostridia;o__Clostridiales;f__Lachnospiraceae;g__Roseburia;s__Roseburia_intestinalis	k__Bacteria;p__Firmicutes;c__Clostridia;o__Clostridiales;f__Lachnospiraceae;g__Roseburia;s__Roseburia_hominis	k__Bacteria;p__Bacteroidetes;c__Bacteroidia;o__Bacteroidales;f__Porphyromonadaceae;g__Parabacteroides;s__Parabacteroides_johnsonii	k__Bacteria;p__Actinobacteria;c__Actinobacteria;o__Bifidobacteriales;f__Bifidobacteriaceae;g__Bifidobacterium;s__Bifidobacterium_longum	k__Bacteria;p__Firmicutes;c__Clostridia;o__Clostridiales;f__;g__Flavonifractor;s__Flavonifractor_plautii	k__Bacteria;p__Firmicutes;c__Clostridia;o__Clostridiales;f__Clostridiaceae;g__Clostridium;s__Clostridium_phoceensis	k__Bacteria;p__Verrucomicrobia;c__Verrucomicrobiae;o__Verrucomicrobiales;f__Akkermansiaceae;g__Akkermansia;s__Akkermansia_muciniphila	k__Bacteria;p__Bacteroidetes;c__Bacteroidia;o__Bacteroidales;f__Prevotellaceae;g__Paraprevotella;s__Paraprevotella_xylaniphila	k__Bacteria;p__Firmicutes;c__Clostridia;o__Clostridiales;f__Ruminococcaceae;g__Ruminococcus;s__Ruminococcus_callidus	k__Bacteria;p__Bacteroidetes;c__Bacteroidia;o__Bacteroidales;f__Rikenellaceae;g__Alistipes;s__Alistipes_senegalensis	k__Bacteria;p__Firmicutes;c__Clostridia;o__Clostridiales;f__Lachnospiraceae;g__Blautia;s__Blautia_sp._KLE_1732	k__Bacteria;p__Bacteroidetes;c__Bacteroidia;o__Bacteroidales;f__Bacteroidaceae;g__Bacteroides;s__Bacteroides_oleiciplenus	k__Bacteria;p__Firmicutes;c__Clostridia;o__Clostridiales;f__Ruminococcaceae;g__Ruminococcus;s__Ruminococcus_bicirculans	k__Bacteria;p__Bacteroidetes;c__Bacteroidia;o__Bacteroidales;f__Bacteroidaceae;g__Bacteroides;s__Bacteroides_fluxus	k__Bacteria;p__Bacteroidetes;c__Bacteroidia;o__Bacteroidales;f__Prevotellaceae;g__Prevotella;s__Prevotella_stercorea	k__Bacteria;p__Firmicutes;c__Clostridia;o__Clostridiales;f__Lachnospiraceae;g__Dorea;s__Dorea_longicatena	k__Bacteria;p__Firmicutes;c__Clostridia;o__Clostridiales;f__Eubacteriaceae;g__Eubacterium;s__[Eubacterium]_eligens	k__Bacteria;p__Firmicutes;c__Clostridia;o__Clostridiales;f__Ruminococcaceae;g__;s__Ruminococcaceae_bacterium_D16	k__Bacteria;p__Firmicutes;c__Clostridia;o__Clostridiales;f__Lachnospiraceae;g__Coprococcus;s__Coprococcus_comes	k__Bacteria;p__Proteobacteria;c__Gammaproteobacteria;o__Enterobacterales;f__Enterobacteriaceae;g__Escherichia;s__Escherichia_coli	k__Bacteria;p__Firmicutes;c__Clostridia;o__Clostridiales;f__Ruminococcaceae;g__Anaerotruncus;s__Anaerotruncus_colihominis	k__Bacteria;p__Firmicutes;c__Clostridia;o__Clostridiales;f__Lachnospiraceae;g__Blautia;s__Blautia_obeum	k__Bacteria;p__Bacteroidetes;c__Bacteroidia;o__Bacteroidales;f__Odoribacteraceae;g__Odoribacter;s__Odoribacter_laneus	k__Bacteria;p__Firmicutes;c__Clostridia;o__Clostridiales;f__Ruminococcaceae;g__Ruminiclostridium;s__[Clostridium]_leptum	k__Bacteria;p__Bacteroidetes;c__Bacteroidia;o__Bacteroidales;f__Porphyromonadaceae;g__Parabacteroides;s__Parabacteroides_goldsteinii	k__Bacteria;p__Firmicutes;c__Clostridia;o__Clostridiales;f__Lachnospiraceae;g__Anaerostipes;s__Anaerostipes_hadrus	k__Bacteria;p__Firmicutes;c__Clostridia;o__Clostridiales;f__Ruminococcaceae;g__Ruminococcus;s__Ruminococcus_lactaris	k__Bacteria;p__Firmicutes;c__Clostridia;o__Clostridiales;f__Clostridiaceae;g__Clostridium;s__Clostridium_sp._L2-50	k__Bacteria;p__Firmicutes;c__Clostridia;o__Clostridiales;f__Clostridiaceae;g__Clostridium;s__Clostridium_sp._M62/1	k__Bacteria;p__Firmicutes;c__Clostridia;o__Clostridiales;f__;g__Intestinimonas;s__Intestinimonas_butyriciproducens	k__Bacteria;p__Actinobacteria;c__Actinobacteria;o__Bifidobacteriales;f__Bifidobacteriaceae;g__Bifidobacterium;s__Bifidobacterium_bifidum	k__Bacteria;p__Firmicutes;c__Negativicutes;o__Veillonellales;f__Veillonellaceae;g__Dialister;s__Dialister_invisus	k__Bacteria;p__Bacteroidetes;c__Bacteroidia;o__Bacteroidales;f__Bacteroidaceae;g__Bacteroides;s__Bacteroides_salanitronis
k__Bacteria;p__Bacteroidetes;c__Bacteroidia;o__Bacteroidales;f__Bacteroidaceae;g__Bacteroides;s__Bacteroides_vulgatus	1.0	-0.0706370019946	0.0454742261512	0.0329315205359	-0.0121858860882	-0.00625135748935	0.0211795446935	0.0169219010654	-0.0263381300643	-0.0183482947572	0.0012847412713	-0.0467911513635	0.00439841234324	0.0454423159453	-0.0265261135392	-0.00342345062828	-0.0711333981751	-0.0230221080642	-0.0372959747438	0.0101146305579	0.0183210165883	-7.77819557326e-05	0.00247310833544	-0.0434463315518	-0.0143855086694	-0.0252650725408	0.0610614029731	-0.00385585068259	-0.0347972025026	-0.0321806322261	-0.0322949777987	-0.0195972024391	-0.0310265350099	-0.0618473010054	0.00541943453146	0.0690740244107	-0.00355622862494	0.00606358870342	-0.017515095454	0.0414989388313	-0.025271704642	0.0115879865957	-0.0422886776374	0.0191576823678	-0.00771732667687	-0.0698890034824	-0.0356257258473	-0.0472746069464	0.0314937573166	-0.00676661449599	0.00701821267174	0.0364555814213	-0.0445025079221	-0.0637305507874	0.00138948947066	-0.0538278090395	-0.0290648147043	-0.0318219082041	0.00733891172897
k__Bacteria;p__Bacteroidetes;c__Bacteroidia;o__Bacteroidales;f__Bacteroidaceae;g__Bacteroides;s__Bacteroides_uniformis	-0.0706370019946	1.0	-0.0332563517022	-0.00379519948527	-0.00964019321856	-0.0352730869326	-0.0614824727797	-0.0718423201031	0.0726107391464	0.00182022624036	0.0522547216969	-0.0289333999379	-0.0350371698508	-0.0515218573476	-0.0073419580614	-0.0431078816463	0.0330828745911	-0.0248287883721	0.0212334073309	0.124726752929	-0.056321744079	0.0305347282025	0.0212739165111	-0.026552451329	-0.0122265581338	-0.0803875092221	0.0224403701399	-0.0609445985255	0.0520831984254	-0.0143296829474	-0.00421679609004	0.087142265541	0.0511438369153	-0.0363349045081	-0.0301716798989	0.0356782755264	-0.0295497224906	-0.0306112706129	-0.0135709584146	0.00739898485275	0.00239027800452	0.00336485273522	0.0255153420128	-0.0171250132875	-0.0133711761931	0.0367737841422	0.00902525166471	-0.0155121347162	-0.0570899591297	-0.0382022107228	0.0107569667253	0.0216034864211	0.0181840634885	-0.0761331226193	-0.0104837677733	0.0452586024376	0.0175868617555	-0.0017357315334	-0.00723951424474
k__Bacteria;p__Bacteroidetes;c__Bacteroidia;o__Bacteroidales;f__Rikenellaceae;g__Alistipes;s__Alistipes_putredinis	0.0454742261512	-0.0332563517022	1.0	0.00716404959839	-0.0406499017316	-0.0612082229025	0.0845157280898	-0.0308350906699	0.0031153816381	0.0636144902426	0.0529011101512	-0.0497921356189	-0.00200018954353	0.0506028616807	-0.0374270082872	-0.0809862025083	-0.0955823089331	-0.0218273583101	-0.0812599166481	-0.0886329732804	0.0057815666795	-0.00945557151357	-0.00514288358203	0.0357299201878	-0.0176719355116	-0.0308836134694	-0.0439560468825	0.0243541479191	-0.0289434445099	-0.00671671454138	0.0247055342351	-0.0364583645225	0.0505857755843	-0.040268726117	-0.0311845581686	0.00886975856059	-0.00432379730063	-0.0282740590625	0.0344699216306	-0.0466020656179	-0.0362122806507	0.0335985895371	0.0840273708706	-0.0234605756195	-0.00780965426764	-0.0213002063915	0.0317726145693	-0.0348985023054	-0.0513722464017	0.0426518699133	0.00133433354384	0.012760309046	-0.0569661963662	-0.0231237439439	0.0413756905104	0.0329935910109	0.00121240062878	0.0506451478752	0.0462563721757
k__Bacteria;p__Bacteroidetes;c__Bacteroidia;o__Bacteroidales;f__Prevotellaceae;g__Prevotella;s__Prevotella_copri	0.0329315205359	-0.00379519948527	0.00716404959839	1.0	-0.0240524758702	-0.0150903205006	-0.0148727392247	-0.016914273275	0.0161654548048	-0.00581841899543	-0.000898203116302	-0.0419605642649	0.0373024084364	-0.0396132282145	-0.0125723830921	0.00689346868369	-0.0135487590759	-0.0160646311195	-0.0052833820811	-0.0310711408482	-0.0574914070744	-0.0508553790772	-0.0463263721038	-0.0325683948295	0.00747998049587	-0.00211301186092	-0.00111151031652	-0.0228022358828	0.0358591221769	0.0124534943411	0.0308606903156	0.0485244932395	-0.0520629930236	0.0289205904584	-0.0440004532602	0.0624557508946	-0.0340578881641	-0.0237035908167	-0.0411302958488	0.0287677514336	0.000842782563857	0.0084426837069	0.0133131428608	-0.00252457002489	-0.0512689797774	-0.0170945299137	-0.0498212271128	-0.0338388397171	-0.0334852373016	0.00129690879579	-0.0200189439602	0.0259334417846	-0.00842883827541	-0.0336573433923	-0.0116102878111	-0.00989214546847	0.0300600470988	-0.0171987068898	-0.0260361565856
k__Bacteria;p__Bacteroidetes;c__Bacteroidia;o__Bacteroidales;f__Bacteroidaceae;g__Bacteroides;s__Bacteroides_stercoris	-0.0121858860882	-0.00964019321856	-0.0406499017316	-0.0240524758702	1.0	0.0150203591789	-0.00673383709289	-0.0243123963735	0.0893966851994	-0.0522284964016	-0.0304153844874	-0.0802532326602	0.036497242295	-0.0202952479439	0.0404047991679	0.0321465301158	-0.0155864644266	-0.00342533303848	-0.0301634437389	-0.00163620927142	-0.0137809806701	0.0072419271724	0.0265880005986	-0.0368819667917	0.0204876606237	0.0299583544085	-0.00446634642215	-0.0407725848205	-0.021574284843	0.0510308088286	0.0214007400897	-0.037089821592	-0.00809577520684	-0.0155170832193	0.0118991687916	0.0289694724807	-0.0277578259597	0.042960456658	-0.0226620578176	-0.0322186083446	0.0205458035471	-0.0194729829097	0.0372451282331	-0.0369732109369	0.0148248039988	-0.0494452323429	-0.00648850116194	-0.0214142533265	-0.0762788147663	-0.0281957956241	0.0303168413852	-0.0054831233197	-0.0592059532892	-0.0295391440506	-0.0115531672835	-0.0579246671834	-0.0152591889519	-0.0684625514869	0.00508618629548
k__Bacteria;p__Bacteroidetes;c__Bacteroidia;o__Bacteroidales;f__Bacteroidaceae;g__Bacteroides;s__Bacteroides_ovatus	-0.00625135748935	-0.0352730869326	-0.0612082229025	-0.0150903205006	0.0150203591789	1.0	-0.0217009946734	0.0616616708094	0.0580171986982	-0.0762401729368	0.0437871186482	-0.0235652803963	-0.0760418250629	-0.0455750155713	0.0722018404821	0.00117069379751	-0.0847471948695	-0.03079201203	-0.0726752110559	-0.0134670679731	0.0123642986521	-0.0626248187285	-0.0106061436766	-0.0253683551065	0.0298003943576	-0.00364792573914	0.0340989999223	-0.0258774386471	0.020052639756	-0.0429318514322	0.00857690071539	-0.0239475485373	-0.0244909750086	0.0185956354326	0.0631116467012	-0.0346899545761	0.00117494921559	-0.0601630853596	-0.00355534916488	-0.026033471272	-0.032604047324	-0.0400967428713	-0.020875550842	-0.044402791687	-0.0574314683609	0.0135660731749	-0.0244747787939	-0.00764104954279	0.0174380410231	-0.00507136561491	-0.011428182439	-0.00423640882315	0.0411548517348	0.0132255022742	0.0492920876175	0.0167229464882	-0.0431428162141	0.0221564364409	0.0518616140834
k__Bacteria;p__Bacteroidetes;c__Bacteroidia;o__Bacteroidales;f__Rikenellaceae;g__Alistipes;s__Alistipes_shahii	0.0211795446935	-0.0614824727797	0.0845157280898	-0.0148727392247	-0.00673383709289	-0.0217009946734	1.0	-0.0622682649317	-0.00964630010096	0.018972917505	0.0279089443068	-0.0642483809729	0.0587018962394	0.0339223268857	-0.0210410455226	-0.00862000643117	-0.0195920112792	0.0296602356632	0.00720541741735	-0.0568831035313	-0.0134650850744	0.015164742253	-0.0340201841821	-0.0888374123755	-0.0417766272245	0.00766920111779	-0.0141486769968	-0.0139753828454	0.0194756897697	-0.027308230719	0.0414576590939	-0.0262288316084	-0.00130829255454	-0.0317103789705	0.00787811951311	-0.100249281105	-0.128826874085	0.0647858367158	-0.0198327441436	0.0324261038478	0.0133909506366	0.0109527496268	-0.0467799286738	-0.0164179425847	0.00331065192556	-0.077429009004	-0.0358234574136	-0.00811604190773	-0.0126384591999	-0.000149705540896	0.0229159021142	-0.0365170486393	-0.0182441725578	0.0800384391116	-0.0326478459671	-0.00819386482015	0.0654995421022	-0.0208975241329	0.00108215829301
k__Bacteria;p__Firmicutes;c__Clostridia;o__Clostridiales;f__Ruminococcaceae;g__Faecalibacterium;s__Faecalibacterium_prausnitzii	0.0169219010654	-0.0718423201031	-0.0308350906699	-0.016914273275	-0.0243123963735	0.0616616708094	-0.0622682649317	1.0	-0.037894307991	-0.0189510070673	-0.0176016355404	0.0168186469417	0.00295391365894	-0.0568143780981	-0.0381542505845	-0.00351241437003	0.0591955475242	-0.0272155748805	0.058817650423	-0.0117754949764	0.0158608872627	-0.015198574078	-0.0201201547417	-0.080121141818	0.0429841649282	0.0122557869451	0.0764290030988	-0.0900224046374	-0.0773653983466	0.0212653007167	-0.00157378385919	-0.0157491191058	-0.0140947807809	-0.00126275223927	0.0441326378311	-0.0403801699723	0.0367766416706	-0.0173265006882	-0.0227508799862	0.0101332471779	-0.0292039598484	-0.0541975716256	0.0813660029992	0.00166762588714	0.00649228099974	-0.0117914242003	0.00771557138274	-0.00561708662245	0.0202683407643	-0.0614382114472	0.0132026249547	-0.0120380008236	-0.0631402508035	0.04063866309	-0.0538943574804	-0.0013877523104	-0.0310051379227	-0.0397461960296	-0.01558871226
k__Bacteria;p__Bacteroidetes;c__Bacteroidia;o__Bacteroidales;f__Rikenellaceae;g__Alistipes;s__Alistipes_finegoldii	-0.0263381300643	0.0726107391464	0.0031153816381	0.0161654548048	0.0893966851994	0.0580171986982	-0.00964630010096	-0.037894307991	1.0	-0.00774215836113	0.0149421255129	0.0164978206835	-0.0551518054584	-0.0526184576245	-0.0107859725336	-0.044970418966	-0.0358127594787	-0.0168410834913	-0.0181117628182	-0.0362151998008	0.0392959320264	-0.0578773717504	0.014344325565	-0.00267046591456	-0.033295139883	0.00341280939329	0.0087397612622	-0.0161228497055	-0.0379331913998	-0.0160795444753	0.0108984674584	0.0211865679629	-0.0214426814288	-0.0489865544554	0.0482325951363	-0.0156678035655	-0.0126213195403	-0.000292492488555	0.0013289299917	-0.0371161376848	-0.00698409642353	-0.0495398859928	0.00251444113881	0.0130874064243	0.0144710285996	0.00382863443208	0.0307417798887	0.0276189905387	-0.00612400944197	-0.0196032310995	-0.0111453805269	0.00369848280033	-0.0283424355739	0.0304229760049	0.00728564907093	-0.0448097861991	-0.0259971593275	-0.0336303230328	0.00888583544877
k__Bacteria;p__Bacteroidetes;c__Bacteroidia;o__Bacteroidales;f__Porphyromonadaceae;g__Parabacteroides;s__Parabacteroides_distasonis	-0.0183482947572	0.00182022624036	0.0636144902426	-0.00581841899543	-0.0522284964016	-0.0762401729368	0.018972917505	-0.0189510070673	-0.00774215836113	1.0	-0.00177357002247	-0.0461404091311	-0.0405622660913	0.0379700256538	0.015588066743	-0.0124726326112	0.0077801743916	-0.0440966510722	-0.00488990892156	-0.0277385686331	-0.025723801013	-0.00875248009302	0.0262750159047	0.00797496308966	-0.0478892524427	-0.00400224911485	-0.0706366253919	0.0460781983282	0.0201477731542	-0.0339970412735	0.00774283431631	-0.0600885161305	0.0128752026324	-0.0438801304208	-0.00951806144998	-0.0177352801441	-0.0161601788187	-0.00168594730178	-0.021853893981	-0.0344042859541	-0.0300219647531	0.00158317657401	-0.00304292329469	-0.0418065884449	0.00752440791813	0.0605785848134	0.0646858061584	-0.0248876441602	0.0180374266841	0.0178988372007	-0.037057515719	-0.0376256892695	-0.0465380476544	-0.0132135227997	0.0610491239356	0.0394027345727	0.047386120147	-0.0740871308839	-0.00865249984673
k__Bacteria;p__Bacteroidetes;c__Bacteroidia;o__Bacteroidales;f__Bacteroidaceae;g__Bacteroides;s__Bacteroides_thetaiotaomicron	0.0012847412713	0.0522547216969	0.0529011101512	-0.000898203116301	-0.0304153844874	0.0437871186482	0.0279089443068	-0.0176016355404	0.0149421255129	-0.00177357002247	1.0	-0.0351949420402	-0.0177396554236	0.0175331951369	-0.0119537858476	0.00682432101263	-0.0869370008395	0.000277635222488	0.0614729982148	0.0197721399485	0.0175805150546	-0.0149135016463	0.0114522409052	0.00104801780311	-0.0529193971014	-0.0637745248831	-0.0153539723814	0.0104763749244	-0.0471543228148	0.0768675378877	0.00365246154988	0.00632077659161	0.0331422748202	0.0486564213522	-0.0235951818079	-0.0641481732133	-0.00307875783291	-0.0714351136873	0.0398407430227	-0.0178236323038	-0.00744804316852	0.00189410451918	-0.030255220995	0.0798062990188	0.0240132255409	0.00944542641122	-0.0134659707019	-0.00957818652942	-0.00550714402213	-0.0644230228515	-0.016176290167	0.0337103076142	-0.0470601318686	-0.0369723857295	0.0224557000898	-0.00704025912714	-0.0156471622047	0.0106685009919	-0.0516854066417
k__Bacteria;p__Bacteroidetes;c__Bacteroidia;o__Bacteroidales;f__Bacteroidaceae;g__Bacteroides;s__Bacteroides_coprocola	-0.0467911513635	-0.0289333999379	-0.0497921356189	-0.0419605642649	-0.0802532326602	-0.0235652803963	-0.0642483809729	0.0168186469417	0.0164978206835	-0.0461404091311	-0.0351949420402	1.0	0.0341339330422	-0.0374195593944	0.0494159618667	0.00315510012052	0.0293375630608	0.00443693303942	-0.0466613551302	0.0653948239076	-0.0288091094257	-0.0140491958459	0.00950634779508	0.035549766901	0.0155202913401	-0.0340261907578	0.00966029723444	-0.0468613634061	0.0303259181404	0.0136301379685	0.0192654967345	-0.0374997132531	0.0218586061719	-0.0101336832234	0.00283389411822	-0.0518759871541	-0.00878585029339	-0.0201463579913	-0.0180256990911	-0.00240133792923	0.00511127490117	-0.0135493887742	-0.0259455457126	0.0101397260164	-0.0334467019188	-0.0192794195727	-0.0201153714339	0.0103879459083	0.0241462117244	0.0232168590827	-0.0355014379102	0.00499091122456	-0.00318549797731	-0.0350931899746	0.0183924975923	-0.0264822162426	-0.0789244414938	-0.0674399542316	0.0234383068607
k__Bacteria;p__Bacteroidetes;c__Bacteroidia;o__Bacteroidales;f__Bacteroidaceae;g__Bacteroides;s__Bacteroides_cellulosilyticus	0.00439841234324	-0.0350371698508	-0.00200018954353	0.0373024084364	0.036497242295	-0.0760418250629	0.0587018962394	0.00295391365894	-0.0551518054584	-0.0405622660913	-0.0177396554236	0.0341339330422	1.0	-0.0676052685137	-0.00994532426318	0.00683455804619	-0.0301571460029	0.0316849646541	0.0123662802102	-0.1069927965	-0.0901126886575	-0.0447461219313	-0.0579798035635	-0.0367013064106	0.0133867011635	0.00831071368868	-0.00490135897953	-0.0613747063537	0.0489126647459	0.00135720999123	0.0262179390907	-0.028078319224	-0.0319446404887	-0.0316288065564	-0.0332321957263	-0.0719621792469	-0.0224194274644	0.0251475376719	0.0479923113696	0.0511206048527	0.0149645445239	0.0329969987002	0.0187188759893	-0.063249682094	0.031394648754	-0.0166272680758	-0.0177278061626	0.00558233556196	-0.0229098430229	-0.0151487948212	0.00239294378972	-0.00893498690947	-0.0226380276785	0.0451868114529	-0.000679169557442	0.0261649810277	-0.0123713292501	0.00162161336241	0.0157765011004
k__Bacteria;p__Bacteroidetes;c__Bacteroidia;o__Bacteroidales;f__Rikenellaceae;g__Alistipes;s__Alistipes_obesi	0.0454423159453	-0.0515218573476	0.0506028616807	-0.0396132282145	-0.0202952479439	-0.0455750155713	0.0339223268857	-0.0568143780981	-0.0526184576245	0.0379700256538	0.0175331951369	-0.0374195593944	-0.0676052685137	1.0	-0.0150730080676	0.0611492089775	-0.0123483257004	0.00529785793108	0.0745182777381	-0.0233244162193	-0.00987765055739	-0.0542550768776	-0.0108307859008	0.0761402275399	-0.0288199855371	0.0249693909482	-0.0591392083067	-0.0466767451004	0.0703684182715	-0.0101049679471	-0.0139640315164	0.035379809433	-0.0628905349483	-0.0425580994107	-0.0613338922132	0.0140323132007	0.0131726535372	0.0352513539552	-0.0400834103447	-0.0544653965676	-0.0281249440129	-0.000538929591674	-0.0526694424646	0.0237859174478	-0.0978369009089	0.0370428041758	-0.0454645534585	0.0381941912549	-0.03133121758	0.00774552565176	-0.0122136040668	0.0136655519837	0.0592084839866	0.014070568932	0.0384166086346	-0.0549201722527	0.0198975119823	-0.0180444383366	0.0100355737755
k__Bacteria;p__Firmicutes;c__Clostridia;o__Clostridiales;f__Lachnospiraceae;g__;s__[Eubacterium]_rectale	-0.0265261135392	-0.0073419580614	-0.0374270082872	-0.0125723830921	0.0404047991679	0.0722018404821	-0.0210410455226	-0.0381542505845	-0.0107859725336	0.015588066743	-0.0119537858476	0.0494159618667	-0.00994532426318	-0.0150730080676	1.0	0.0194826385078	0.0691937940463	-0.0121081325887	0.0293963583709	-0.0338757180857	-0.0363976157676	0.0539587542729	-0.0542070888419	-0.0562667412349	-0.0330386426546	0.0309687266682	-0.0119345148813	-0.0153409241852	0.0217643615651	0.00561630975618	0.00791972136453	0.0257694419318	-0.0427142060788	0.0361482990897	0.0545899263354	0.0251781383926	0.0237663810209	0.0083015118951	-0.0431291175818	-0.0373999125318	-0.0567841667194	-0.0198986400813	0.0181856209735	0.0288389587864	0.030818254354	0.0465663100773	0.0308829601228	-0.0265560863158	0.0310904656126	0.04620362454	-0.0611351033969	-0.0593396798553	-0.0289962506788	-0.067856731173	-0.0790545705028	-0.0131562110031	0.00428261419321	0.0164521038104	0.0405240175212
k__Bacteria;p__Bacteroidetes;c__Bacteroidia;o__Bacteroidales;f__Bacteroidaceae;g__Bacteroides;s__Bacteroides_plebeius	-0.00342345062828	-0.0431078816463	-0.0809862025083	0.00689346868369	0.0321465301158	0.00117069379751	-0.00862000643117	-0.00351241437003	-0.044970418966	-0.0124726326112	0.00682432101263	0.00315510012052	0.00683455804619	0.0611492089775	0.0194826385078	1.0	0.0482575251901	0.00758176167329	0.0293295045351	-0.0439370427828	0.00391471210329	-0.105249344176	0.00120663112164	0.017433242995	0.000429495906068	-0.0311922132065	-0.0100241505121	0.00644362136922	0.0333175151137	-0.0124729828472	0.0396264787818	-0.0142749027981	0.034428069895	-0.0391655706926	0.0341685314005	-0.0105122992949	0.00525885818109	-0.0168354137518	-0.0627648582332	0.0051885975734	-0.0255842822498	0.00318295806127	0.0301292724549	-0.0363678866853	0.0287835991057	-0.0132259871724	-0.0338585241018	-0.0422684972167	-0.0604711137996	-0.0189261412629	-0.00189298093502	-0.0107935318332	0.028513786511	0.0594664289254	0.0169686988064	-0.00508966855866	0.053080458717	-0.0509160977971	-0.0427717207385
k__Bacteria;p__Bacteroidetes;c__Bacteroidia;o__Bacteroidales;f__Bacteroidaceae;g__Bacteroides;s__Bacteroides_fragilis	-0.0711333981751	0.0330828745911	-0.0955823089331	-0.0135487590759	-0.0155864644266	-0.0847471948695	-0.0195920112792	0.0591955475242	-0.0358127594787	0.0077801743916	-0.0869370008395	0.0293375630608	-0.0301571460029	-0.0123483257004	0.0691937940463	0.0482575251901	1.0	-0.0540600211845	-0.0228278228808	-0.0211751560737	0.035294047011	0.0483575411435	0.0777271687778	0.0129402540933	0.00955912876614	-0.0666092069737	0.00564083605871	0.0270395689174	0.0362346345526	-0.0382396483132	-0.0232569172352	0.0278158004143	-0.0659778392631	0.00026705751358	-0.000716837279377	0.0136200925875	-0.0101306375211	-0.00306142571962	0.0217382532332	0.0268833016815	0.0182214999511	-0.0405459246925	-0.0191499910302	0.0265875475108	-0.0712720346295	0.0468060419137	-0.0180118541547	-0.027337342852	0.0188746451928	0.0739570680005	-0.0480109963103	0.00845505270445	-0.056750539895	-0.00190277222966	0.0129244379022	0.03589242102	0.0182492352482	-0.00464364495454	-0.0322427952912
k__Bacteria;p__Proteobacteria;c__Betaproteobacteria;o__Burkholderiales;f__Sutterellaceae;g__Sutterella;s__Sutterella_wadsworthensis	-0.0230221080642	-0.0248287883721	-0.0218273583101	-0.0160646311195	-0.00342533303848	-0.03079201203	0.0296602356632	-0.0272155748805	-0.0168410834913	-0.0440966510722	0.000277635222488	0.00443693303942	0.0316849646541	0.00529785793108	-0.0121081325887	0.00758176167329	-0.0540600211845	1.0	-0.0602393376255	-0.029905677583	-0.0567875321479	-0.0735557755905	0.0218425340655	0.0466075056825	0.0712499593215	0.035235158985	-0.0250878231157	-0.0324963833952	0.00862600140304	-0.0546949490646	-0.00418883876453	-0.0426890030004	1.79849499495e-05	-0.0348338332123	0.00957118179627	-0.054151461039	-0.0113103748492	-0.02591715193	0.0348021918688	0.0528879938251	-0.00891653081993	-0.00333108502757	-0.0158249061523	-0.0251583624501	0.0526010780242	0.0399823380999	-0.0246630180387	0.0245713492765	0.00514165387272	-0.0274340130765	-0.00417726872816	0.0288951391217	0.0349010390285	0.00169052540469	-0.00500751779403	-0.00601332880664	0.0275750468058	-0.0384858749925	-0.0380847808345
k__Bacteria;p__Bacteroidetes;c__Bacteroidia;o__Bacteroidales;f__Porphyromonadaceae;g__Barnesiella;s__Barnesiella_intestinihominis	-0.0372959747438	0.0212334073309	-0.0812599166481	-0.0052833820811	-0.0301634437389	-0.0726752110559	0.00720541741735	0.058817650423	-0.0181117628182	-0.00488990892156	0.0614729982148	-0.0466613551302	0.0123662802102	0.0745182777381	0.0293963583709	0.0293295045351	-0.0228278228808	-0.0602393376255	1.0	0.039126187411	0.00168619827411	-0.00344817090777	-0.0692508272914	0.0594034090419	-0.00360042719739	-0.0367414929256	0.0349843691506	-0.0131718582928	-0.00912817019231	0.0571496736744	0.0589949777524	0.0177367982899	0.0404082648083	0.0284876353533	0.0474371219761	-0.00210048338674	-0.0468565519303	-0.0623138825367	-0.086461601246	-0.0504104089214	-0.0259127649496	-0.0236917398074	0.00783939127695	-0.0154050308971	-0.005819421736	-0.0738981179652	0.000741184975205	0.0618135445829	0.0116197152252	0.098859750152	0.0326215750354	-0.0324768967293	-0.0285370352606	-0.0187996333255	-0.0211532643678	0.025271519123	-0.044113323054	-0.0193545016668	-0.0351348037547
k__Bacteria;p__Bacteroidetes;c__Bacteroidia;o__Bacteroidales;f__Odoribacteraceae;g__Odoribacter;s__Odoribacter_splanchnicus	0.0101146305579	0.124726752929	-0.0886329732804	-0.0310711408482	-0.00163620927142	-0.0134670679731	-0.0568831035313	-0.0117754949764	-0.0362151998008	-0.0277385686331	0.0197721399485	0.0653948239076	-0.1069927965	-0.0233244162193	-0.0338757180857	-0.0439370427828	-0.0211751560737	-0.029905677583	0.039126187411	1.0	0.0424021992441	-0.0564543050625	-0.0240355652896	-0.0129894795173	-0.033026804532	0.0534878843784	-0.0238086387852	0.0284154310955	0.023698888903	0.0357887907767	0.00525738181031	-0.0160416050784	0.0392021204609	0.0355884466153	-0.0295045930676	-0.0458358122373	0.0183071980287	-0.0365560370196	0.063402179179	-0.0762256584941	0.0108592460456	0.0220692918343	-0.027195070509	0.00500945962787	-0.0324903475359	-0.0464808727025	-0.0284034191073	-0.0580572186717	-0.0126986750103	-0.0366791055577	-0.0460432790141	-0.0116576114765	0.0456280710458	0.0171760325934	0.0156133093052	0.000982815455083	-0.0330574887005	-0.0179779387577	-0.0394237011755
k__Bacteria;p__Bacteroidetes;c__Bacteroidia;o__Bacteroidales;f__Bacteroidaceae;g__Bacteroides;s__Bacteroides_salyersiae	0.0183210165883	-0.056321744079	0.0057815666795	-0.0574914070744	-0.0137809806701	0.0123642986521	-0.0134650850744	0.0158608872627	0.0392959320264	-0.025723801013	0.0175805150546	-0.0288091094257	-0.0901126886575	-0.00987765055739	-0.0363976157676	0.00391471210329	0.035294047011	-0.0567875321479	0.00168619827411	0.0424021992441	1.0	0.0377602735856	-0.0313740282965	-0.0402251678247	-0.00754419354222	-0.0175908772506	0.0158902064419	-0.00472380882915	-0.0400553955482	0.0156287086159	-0.0032652047013	-0.0551195162803	-0.0181673072525	0.0110758027153	0.0211113344496	0.019465570989	0.0260078367659	-0.0120108371813	0.0187519448065	-0.0597071797184	-0.0882406689223	0.10642054811	-0.0436729687994	-0.0908396190059	-0.0216952578514	-0.00788930174746	0.0156558023352	-0.0338376736769	0.0393850215103	0.0326721457353	-0.0365838154273	-0.0349701498128	-0.0210266679142	-0.043679344987	-0.0148898837389	-0.0427072081639	-0.0314193713077	0.0627571506269	-0.00151784835705
k__Bacteria;p__Firmicutes;c__Clostridia;o__Clostridiales;f__Ruminococcaceae;g__Ruminiclostridium;s__[Eubacterium]_siraeum	-7.77819557324e-05	0.0305347282025	-0.00945557151357	-0.0508553790772	0.0072419271724	-0.0626248187285	0.015164742253	-0.015198574078	-0.0578773717504	-0.00875248009302	-0.0149135016463	-0.0140491958459	-0.0447461219313	-0.0542550768776	0.0539587542729	-0.105249344176	0.0483575411435	-0.0735557755905	-0.00344817090777	-0.0564543050625	0.0377602735856	1.0	-0.0770775941208	0.000481933189908	-0.0256041311643	0.00456695920482	0.010716253726	0.00611340029328	0.0239680026347	0.0113627473736	-0.0154970557293	-0.0479118448463	0.0178699873534	0.0516098484834	0.00289836597131	-0.0528264220323	-0.010237245849	-0.0141883773295	-0.0358413229207	-0.0339816010877	-0.0135089836367	-0.0578189058038	-0.0593428889511	-0.0321373288897	0.0578324848041	0.000315031376613	-0.029258858653	0.0429226255528	-0.0217217707034	0.0536592905607	0.0218244025207	0.0176277827509	-0.0847127619029	-0.00430515476875	-0.0164055243277	0.0933143552502	0.0415548404831	-0.0910822383081	0.013994997695
k__Bacteria;p__Proteobacteria;c__Betaproteobacteria;o__Burkholderiales;f__Sutterellaceae;g__Parasutterella;s__Parasutterella_excrementihominis	0.00247310833544	0.0212739165111	-0.00514288358203	-0.0463263721038	0.0265880005986	-0.0106061436766	-0.0340201841821	-0.0201201547417	0.014344325565	0.0262750159047	0.0114522409052	0.00950634779508	-0.0579798035635	-0.0108307859008	-0.0542070888419	0.00120663112164	0.0777271687778	0.0218425340655	-0.0692508272914	-0.0240355652896	-0.0313740282965	-0.0770775941208	1.0	-0.0301665493191	-0.0380025153765	0.022124549226	-0.0899773578513	-0.0403207658167	0.0672944254068	-0.0082806357573	-0.00363112349561	-0.0451762211797	-0.0158701555303	-0.0362704775222	-0.0316718721104	-0.00299697411897	-0.065962958099	-0.038125504644	-0.0247906092129	-0.0430475769202	0.0484990772543	0.0527632043716	-0.0573505507631	0.01774000366	-0.042168797726	-0.00750332238736	-0.0206876921586	-0.0516641161351	-0.0012085160148	-0.0141909936937	-0.0270181002345	-0.00677757998979	-0.00641553046123	-0.0037623637083	-0.0591472192937	-0.0485470778577	0.0223966122959	-0.0287806591581	0.0419836172226
k__Bacteria;p__Actinobacteria;c__Actinobacteria;o__Bifidobacteriales;f__Bifidobacteriaceae;g__Bifidobacterium;s__Bifidobacterium_adolescentis	-0.0434463315518	-0.026552451329	0.0357299201878	-0.0325683948295	-0.0368819667917	-0.0253683551065	-0.0888374123755	-0.080121141818	-0.00267046591456	0.00797496308966	0.00104801780311	0.035549766901	-0.0367013064106	0.0761402275399	-0.0562667412349	0.017433242995	0.0129402540933	0.0466075056825	0.0594034090419	-0.0129894795173	-0.0402251678247	0.000481933189908	-0.0301665493191	1.0	-0.0364113123785	-0.0419190898289	-0.0716722338715	0.0273289838844	-0.010150145023	-0.0353251731867	-0.00957133189418	-0.0235705433136	0.0531558538784	-0.00560940499887	-0.0703954224109	0.0442521259416	-0.0235026105469	-0.00498820927216	-0.0567170618176	-0.0594219396365	0.0238343622027	0.0663391358875	0.00367519642167	0.0167193821782	0.000290301444867	-0.0277487876777	-0.0134892283067	-0.0193007935477	0.0357897492294	-0.0411762184242	-0.00582321180634	-0.0636592443801	-0.0224439294431	-0.0457107961651	0.056170439007	-0.0143316883237	0.0221327376884	0.00060029746316	-0.0140547552372
k__Bacteria;p__Firmicutes;c__Clostridia;o__Clostridiales;f__Oscillospiraceae;g__Oscillibacter;s__Oscillibacter_sp._KLE_1745	-0.0143855086694	-0.0122265581338	-0.0176719355116	0.00747998049587	0.0204876606237	0.0298003943576	-0.0417766272245	0.0429841649282	-0.033295139883	-0.0478892524427	-0.0529193971014	0.0155202913401	0.0133867011635	-0.0288199855371	-0.0330386426546	0.000429495906068	0.00955912876614	0.0712499593215	-0.00360042719739	-0.033026804532	-0.00754419354222	-0.0256041311643	-0.0380025153765	-0.0364113123785	1.0	-0.0546185249261	-0.0244730806369	-0.0352470062524	-0.0105012104637	0.0133043714313	-0.00580205635425	-0.0281307706786	0.0129431988907	0.00569033236853	-0.0252701798478	-0.00813488608903	0.0384478536445	-0.0156129045868	0.0358884396237	-0.0620619426121	-0.0210761363569	-0.029472418691	-0.052889595683	0.00880577229236	-0.0213215239811	0.0101664851639	-0.0289456329274	0.0105029285022	-0.0444086686427	0.00609515466314	-0.0250763029595	-0.0416859183092	0.022084089447	0.0194621731759	0.0281502144881	-0.0959171745412	-0.0309290562021	0.0526711973258	-0.00560787677272
k__Bacteria;p__Bacteroidetes;c__Bacteroidia;o__Bacteroidales;f__Bacteroidaceae;g__Bacteroides;s__Bacteroides_coprophilus	-0.0252650725408	-0.0803875092221	-0.0308836134694	-0.00211301186092	0.0299583544085	-0.00364792573914	0.00766920111779	0.0122557869451	0.00341280939329	-0.00400224911485	-0.0637745248831	-0.0340261907578	0.00831071368868	0.0249693909482	0.0309687266682	-0.0311922132065	-0.0666092069737	0.035235158985	-0.0367414929256	0.0534878843784	-0.0175908772506	0.00456695920482	0.022124549226	-0.0419190898289	-0.0546185249261	1.0	0.0221643230987	-0.0444703401264	-0.0374154122164	-0.0205176950211	-0.0240095582272	-0.00886083796412	-0.0244337317558	0.094721311661	0.0172971728039	0.0463552683469	0.0977543749279	-0.0399657942719	-0.0569309804059	0.0115719013724	0.026583347961	-0.00179387922057	-0.0461210480371	-0.0325995475368	0.018608891914	-0.00452285839723	0.0287799319218	0.00796854056014	0.033837197616	0.0570431091354	0.0226764510664	-0.0132346309588	-0.0331397603317	-0.0772751250011	-0.0805883215514	-0.014966476297	-0.00497655919022	0.0377578496232	0.0689873686091
k__Bacteria;p__Firmicutes;c__Clostridia;o__Clostridiales;f__Lachnospiraceae;g__Roseburia;s__Roseburia_intestinalis	0.0610614029731	0.0224403701399	-0.0439560468825	-0.00111151031652	-0.00446634642215	0.0340989999223	-0.0141486769968	0.0764290030988	0.0087397612622	-0.0706366253919	-0.0153539723814	0.00966029723444	-0.00490135897953	-0.0591392083067	-0.0119345148813	-0.0100241505121	0.00564083605871	-0.0250878231157	0.0349843691506	-0.0238086387852	0.0158902064419	0.010716253726	-0.0899773578513	-0.0716722338715	-0.0244730806369	0.0221643230987	1.0	-0.0244741102862	-0.0626469187685	0.0120792133178	-0.040890444141	0.0616187667505	-0.0552223665499	-0.0170256361097	-0.00840545558659	0.0235271445552	-0.0149962989131	-0.00248317000068	-0.00392784337754	-0.0114393974682	-0.000108764383368	-0.0700767598629	0.0635277451132	0.00511789602726	-0.0515540548907	-0.0212361930131	0.00340787767794	-0.025567574712	-0.0180326192901	0.0393356887218	0.00475245162703	-0.00565242646428	-0.047534849562	0.0338057035958	0.0131867674621	-0.0330920278902	-0.0572970385519	-0.00411633368063	-0.00541567592724
k__Bacteria;p__Firmicutes;c__Clostridia;o__Clostridiales;f__Lachnospiraceae;g__Roseburia;s__Roseburia_hominis	-0.00385585068259	-0.0609445985255	0.0243541479191	-0.0228022358828	-0.0407725848205	-0.0258774386471	-0.0139753828454	-0.0900224046374	-0.0161228497055	0.0460781983282	0.0104763749244	-0.0468613634061	-0.0613747063537	-0.0466767451004	-0.0153409241852	0.00644362136922	0.0270395689174	-0.0324963833952	-0.0131718582928	0.0284154310955	-0.00472380882915	0.00611340029328	-0.0403207658167	0.0273289838844	-0.0352470062524	-0.0444703401264	-0.0244741102862	1.0	0.0341772310316	0.022000879491	0.0276791381409	-0.00121394430505	0.00920973226485	-0.0212704152869	0.0352854365874	-0.00538296041565	-0.00760950775601	-0.00698003093031	0.0324834270636	-0.047690793719	0.0234241973822	0.0173678664293	-0.0562271254644	-0.019290878385	0.0472607451519	-0.0309638228296	-0.00500283182435	0.0145838319027	-0.0661185529602	-0.0198470639789	-0.0126836450306	-0.0906975350612	0.070538840651	-0.0334006521628	-0.0405476121394	0.0096935998259	-0.0389257158773	-0.0369184575499	0.026495698332
k__Bacteria;p__Bacteroidetes;c__Bacteroidia;o__Bacteroidales;f__Porphyromonadaceae;g__Parabacteroides;s__Parabacteroides_johnsonii	-0.0347972025026	0.0520831984254	-0.0289434445099	0.0358591221769	-0.021574284843	0.020052639756	0.0194756897697	-0.0773653983466	-0.0379331913998	0.0201477731542	-0.0471543228148	0.0303259181404	0.0489126647459	0.0703684182715	0.0217643615651	0.0333175151137	0.0362346345526	0.00862600140304	-0.00912817019231	0.023698888903	-0.0400553955482	0.0239680026347	0.0672944254068	-0.010150145023	-0.0105012104637	-0.0374154122164	-0.0626469187685	0.0341772310316	1.0	-0.006725462551	0.00391533355598	-0.00487180838106	0.0161372336759	-0.038089153402	-0.023546756686	-0.0803034598497	0.00546698332108	0.0142899024483	-0.00766756270186	0.0196075933434	0.0237697114352	0.0173067039529	-0.0642680134941	-0.0173181330188	0.0310986803936	0.0249584422523	0.028680142018	0.0657582975019	-0.0171239007	-0.0460415789808	-0.0160866584633	0.0185287551241	0.00663676112326	-0.05117101235	-0.0342905966535	-0.0131090046089	0.0117314701575	-0.047706075607	-0.0123232977306
k__Bacteria;p__Actinobacteria;c__Actinobacteria;o__Bifidobacteriales;f__Bifidobacteriaceae;g__Bifidobacterium;s__Bifidobacterium_longum	-0.0321806322261	-0.0143296829474	-0.00671671454138	0.0124534943411	0.0510308088286	-0.0429318514322	-0.027308230719	0.0212653007167	-0.0160795444753	-0.0339970412735	0.0768675378877	0.0136301379685	0.00135720999123	-0.0101049679471	0.00561630975618	-0.0124729828472	-0.0382396483132	-0.0546949490646	0.0571496736744	0.0357887907767	0.0156287086159	0.0113627473736	-0.0082806357573	-0.0353251731867	0.0133043714313	-0.0205176950211	0.0120792133178	0.022000879491	-0.006725462551	1.0	-0.0549368403729	-0.0357589603997	-0.0427679692314	0.00587380734664	-0.00031080750868	-0.0294589023439	-0.0211876898707	0.00693484349949	0.0383100763319	-0.0204130872718	-0.00980174426464	-0.0372067623585	2.68038327533e-05	-0.0163767777533	0.0266165487792	0.0270538175138	-0.0240086109218	-0.0536453651136	-0.0331033817066	0.0189842685021	-0.0307082354588	-0.000998898974666	0.0499361079187	-0.0153627888274	-0.0285534246744	-0.0158508181166	0.0543869185015	-0.00759736183545	-0.0527332504101
