#taxonomy	k__Bacteria;p__Bacteroidetes;c__Bacteroidia;o__Bacteroidales;f__Bacteroidaceae;g__Bacteroides;s__Bacteroides_vulgatus	k__Bacteria;p__Bacteroidetes;c__Bacteroidia;o__Bacteroidales;f__Bacteroidaceae;g__Bacteroides;s__Bacteroides_uniformis	k__Bacteria;p__Bacteroidetes;c__Bacteroidia;o__Bacteroidales;f__Rikenellaceae;g__Alistipes;s__Alistipes_putredinis	k__Bacteria;p__Bacteroidetes;c__Bacteroidia;o__Bacteroidales;f__Prevotellaceae;g__Prevotella;s__Prevotella_copri	k__Bacteria;p__Bacteroidetes;c__Bacteroidia;o__Bacteroidales;f__Bacteroidaceae;g__Bacteroides;s__Bacteroides_stercoris	k__Bacteria;p__Bacteroidetes;c__Bacteroidia;o__Bacteroidales;f__Bacteroidaceae;g__Bacteroides;s__Bacteroides_ovatus	k__Bacteria;p__Bacteroidetes;c__Bacteroidia;o__Bacteroidales;f__Rikenellaceae;g__Alistipes;s__Alistipes_shahii	k__Bacteria;p__Firmicutes;c__Clostridia;o__Clostridiales;f__Ruminococcaceae;g__Faecalibacterium;s__Faecalibacterium_prausnitzii	k__Bacteria;p__Bacteroidetes;c__Bacteroidia;o__Bacteroidales;f__Rikenellaceae;g__Alistipes;s__Alistipes_finegoldii	k__Bacteria;p__Bacteroidetes;c__Bacteroidia;o__Bacteroidales;f__Porphyromonadaceae;g__Parabacteroides;s__Parabacteroides_distasonis	k__Bacteria;p__Bacteroidetes;c__Bacteroidia;o__Bacteroidales;f__Bacteroidaceae;g__Bacteroides;s__Bacteroides_thetaiotaomicron	k__Bacteria;p__Bacteroidetes;c__Bacteroidia;o__Bacteroidales;f__Bacteroidaceae;g__Bacteroides;s__Bacteroides_coprocola	k__Bacteria;p__Bacteroidetes;c__Bacteroidia;o__Bacteroidales;f__Bacteroidaceae;g__Bacteroides;s__Bacteroides_cellulosilyticus	k__Bacteria;p__Bacteroidetes;c__Bacteroidia;o__Bacteroidales;f__Rikenellaceae;g__Alistipes;s__Alistipes_obesi	k__Bacteria;p__Firmicutes;c__Clostridia;o__Clostridiales;f__Lachnospiraceae;g__;s__[Eubacterium]_rectale	k__Bacteria;p__Bacteroidetes;c__Bacteroidia;o__Bacteroidales;f__Bacteroidaceae;g__Bacteroides;s__Bacteroides_plebeius	k__Bacteria;p__Bacteroidetes;c__Bacteroidia;o__Bacteroidales;f__Bacteroidaceae;g__Bacteroides;s__Bacteroides_fragilis	k__Bacteria;p__Proteobacteria;c__Betaproteobacteria;o__Burkholderiales;f__Sutterellaceae;g__Sutterella;s__Sutterella_wadsworthensis	k__Bacteria;p__Bacteroidetes;c__Bacteroidia;o__Bacteroidales;f__Porphyromonadaceae;g__Barnesiella;s__Barnesiella_intestinihominis	k__Bacteria;p__Bacteroidetes;c__Bacteroidia;o__Bacteroidales;f__Odoribacteraceae;g__Odoribacter;s__Odoribacter_splanchnicus	k__Bacteria;p__Bacteroidetes;c__Bacteroidia;o__Bacteroidales;f__Bacteroidaceae;g__Bacteroides;s__Bacteroides_salyersiae	k__Bacteria;p__Firmicutes;c__Clostridia;o__Clostridiales;f__Ruminococcaceae;g__Ruminiclostridium;s__[Eubacterium]_siraeum	k__Bacteria;p__Proteobacteria;c__Betaproteobacteria;o__Burkholderiales;f__Sutterellaceae;g__Parasutterella;s__Parasutterella_excrementihominis	k__Bacteria;p__Actinobacteria;c__Actinobacteria;o__Bifidobacteriales;f__Bifidobacteriaceae;g__Bifidobacterium;s__Bifidobacterium_adolescentis	k__Bacteria;p__Firmicutes;c__Clostridia;o__Clostridiales;f__Oscillospiraceae;g__Oscillibacter;s__Oscillibacter_sp._KLE_1745	k__Bacteria;p__Bacteroidetes;c__Bacteroidia;o__Bacteroidales;f__Bacteroidaceae;g__Bacteroides;s__Bacteroides_coprophilus	k__Bacteria;p__Firmicutes;c__Clostridia;o__Clostridiales;f__Lachnospiraceae;g__Roseburia;s__Roseburia_intestinalis	k__Bacteria;p__Firmicutes;c__Clostridia;o__Clostridiales;f__Lachnospiraceae;g__Roseburia;s__Roseburia_hominis	k__Bacteria;p__Bacteroidetes;c__Bacteroidia;o__Bacteroidales;f__Porphyromonadaceae;g__Parabacteroides;s__Parabacteroides_johnsonii	k__Bacteria;p__Actinobacteria;c__Actinobacteria;o__Bifidobacteriales;f__Bifidobacteriaceae;g__Bifidobacterium;s__Bifidobacterium_longum	k__Bacteria;p__Firmicutes;c__Clostridia;o__Clostridiales;f__;g__Flavonifractor;s__Flavonifractor_plautii	k__Bacteria;p__Firmicutes;c__Clostridia;o__Clostridiales;f__Clostridiaceae;g__Clostridium;s__Clostridium_phoceensis	k__Bacteria;p__Verrucomicrobia;c__Verrucomicrobiae;o__Verrucomicrobiales;f__Akkermansiaceae;g__Akkermansia;s__Akkermansia_muciniphila	k__Bacteria;p__Bacteroidetes;c__Bacteroidia;o__Bacteroidales;f__Prevotellaceae;g__Paraprevotella;s__Paraprevotella_xylaniphila	k__Bacteria;p__Firmicutes;c__Clostridia;o__Clostridiales;f__Ruminococcaceae;g__Ruminococcus;s__Ruminococcus_callidus	k__Bacteria;p__Bacteroidetes;c__Bacteroidia;o__Bacteroidales;f__Rikenellaceae;g__Alistipes;s__Alistipes_senegalensis	k__Bacteria;p__Firmicutes;c__Clostridia;o__Clostridiales;f__Lachnospiraceae;g__Blautia;s__Blautia_sp._KLE_1732	k__Bacteria;p__Bacteroidetes;c__Bacteroidia;o__Bacteroidales;f__Bacteroidaceae;g__Bacteroides;s__Bacteroides_oleiciplenus	k__Bacteria;p__Firmicutes;c__Clostridia;o__Clostridiales;f__Ruminococcaceae;g__Ruminococcus;s__Ruminococcus_bicirculans	k__Bacteria;p__Bacteroidetes;c__Bacteroidia;o__Bacteroidales;f__Bacteroidaceae;g__Bacteroides;s__Bacteroides_fluxus	k__Bacteria;p__Bacteroidetes;c__Bacteroidia;o__Bacteroidales;f__Prevotellaceae;g__Prevotella;s__Prevotella_stercorea	k__Bacteria;p__Firmicutes;c__Clostridia;o__Clostridiales;f__Lachnospiraceae;g__Dorea;s__Dorea_longicatena	k__Bacteria;p__Firmicutes;c__Clostridia;o__Clostridiales;f__Eubacteriaceae;g__Eubacterium;s__[Eubacterium]_eligens	k__Bacteria;p__Firmicutes;c__Clostridia;o__Clostridiales;f__Ruminococcaceae;g__;s__Ruminococcaceae_bacterium_D16	k__Bacteria;p__Firmicutes;c__Clostridia;o__Clostridiales;f__Lachnospiraceae;g__Coprococcus;s__Coprococcus_comes	k__Bacteria;p__Proteobacteria;c__Gammaproteobacteria;o__Enterobacterales;f__Enterobacteriaceae;g__Escherichia;s__Escherichia_coli	k__Bacteria;p__Firmicutes;c__Clostridia;o__Clostridiales;f__Ruminococcaceae;g__Anaerotruncus;s__Anaerotruncus_colihominis	k__Bacteria;p__Firmicutes;c__Clostridia;o__Clostridiales;f__Lachnospiraceae;g__Blautia;s__Blautia_obeum	k__Bacteria;p__Bacteroidetes;c__Bacteroidia;o__Bacteroidales;f__Odoribacteraceae;g__Odoribacter;s__Odoribacter_laneus	k__Bacteria;p__Firmicutes;c__Clostridia;o__Clostridiales;f__Ruminococcaceae;g__Ruminiclostridium;s__[Clostridium]_leptum	k__Bacteria;p__Bacteroidetes;c__Bacteroidia;o__Bacteroidales;f__Porphyromonadaceae;g__Parabacteroides;s__Parabacteroides_goldsteinii	k__Bacteria;p__Firmicutes;c__Clostridia;o__Clostridiales;f__Lachnospiraceae;g__Anaerostipes;s__Anaerostipes_hadrus	k__Bacteria;p__Firmicutes;c__Clostridia;o__Clostridiales;f__Ruminococcaceae;g__Ruminococcus;s__Ruminococcus_lactaris	k__Bacteria;p__Firmicutes;c__Clostridia;o__Clostridiales;f__Clostridiaceae;g__Clostridium;s__Clostridium_sp._L2-50	k__Bacteria;p__Firmicutes;c__Clostridia;o__Clostridiales;f__Clostridiaceae;g__Clostridium;s__Clostridium_sp._M62/1	k__Bacteria;p__Firmicutes;c__Clostridia;o__Clostridiales;f__;g__Intestinimonas;s__Intestinimonas_butyriciproducens	k__Bacteria;p__Actinobacteria;c__Actinobacteria;o__Bifidobacteriales;f__Bifidobacteriaceae;g__Bifidobacterium;s__Bifidobacterium_bifidum	k__Bacteria;p__Firmicutes;c__Negativicutes;o__Veillonellales;f__Veillonellaceae;g__Dialister;s__Dialister_invisus	k__Bacteria;p__Bacteroidetes;c__Bacteroidia;o__Bacteroidales;f__Bacteroidaceae;g__Bacteroides;s__Bacteroides_salanitronis
k__Bacteria;p__Bacteroidetes;c__Bacteroidia;o__Bacteroidales;f__Bacteroidaceae;g__Bacteroides;s__Bacteroides_vulgatus	1.0	0.0174041069447	-0.0705303855951	0.00303474599352	0.0340902979795	-0.0510835431669	-0.0335393704334	-0.0422798556529	-0.0159006929777	-0.00163801476028	-0.0266383276122	0.00736807987091	-0.0617928496611	0.0192478243564	-0.0297562111422	-0.0261329777091	-0.0882720277326	0.0316145440042	-0.0214107630628	0.0837031506177	-0.00976413116721	-0.0755852754954	-0.0515651520103	0.00726960798191	-0.019869941289	-0.060159225891	-0.0322151396559	-0.0243752367991	0.0104406826498	0.00236630164945	-0.0301870604858	-0.0109499044961	-0.00651476138025	-0.0269931987674	-0.0218506313074	-0.0344813941455	0.023648186905	-0.0370275380748	0.0278952625637	-0.00694653060944	0.00824257184355	-0.00425234977999	-0.0193419560375	0.00339342450744	-0.0226812934269	-0.0319539864805	-0.0429785350826	-0.041296497466	0.0639972991818	0.0456607922791	-0.039095745237	-0.035496841981	-0.000440797089561	0.0195492065433	-0.0179978829215	0.00766148203547	0.0337550627013	0.00790780508911	-0.0807360043617
k__Bacteria;p__Bacteroidetes;c__Bacteroidia;o__Bacteroidales;f__Bacteroidaceae;g__Bacteroides;s__Bacteroides_uniformis	0.0174041069447	1.0	-0.0209013156018	0.0481146457481	0.0415835140525	-0.0326509667345	0.0336452064354	0.0439780766652	-0.015838287661	-0.0166767998344	-0.031514553199	-0.0296568817506	0.000355906783244	-0.0410786754686	-0.0458640271091	-0.00929099599284	-0.0332883546848	-0.00969416973011	0.0383808781418	-0.0769963230957	0.00685401414957	0.050465144671	0.00167226846467	0.0296600232689	0.0377849449703	-0.0316345303464	-0.0172075489742	0.0124668621745	0.0127745939276	0.0197937467181	-0.00121923923545	-0.00122363436845	-0.0783036069247	-0.0778812364733	0.00638917404264	0.0014882409761	0.0495688193928	0.0597018666173	-0.0239795711057	0.00969437541962	-0.0787306085749	-0.00833390199704	-0.000582388457282	-0.00635979835465	-0.0536498849502	-0.0244095030634	-0.0498268607423	-0.00902010284493	-0.0421176295175	-0.0447077050755	0.0175964056945	0.0697936662638	0.023850293822	0.052797951426	-0.0463377972633	-0.012070737439	-0.0451200167639	-0.0307326167004	0.0161918605654
k__Bacteria;p__Bacteroidetes;c__Bacteroidia;o__Bacteroidales;f__Rikenellaceae;g__Alistipes;s__Alistipes_putredinis	-0.0705303855951	-0.0209013156018	1.0	-0.0114923208729	0.00197563559837	0.0278231836777	-0.0142977277975	0.0390050862693	-0.00591370227204	0.0100754475294	-0.0023534594171	0.053277001891	-0.00995654624903	-0.0123628902746	-0.0532374848485	-0.0983692743956	0.00474996986528	-0.0936720862116	-0.00581313228139	-0.0091439157537	-0.00696613375263	-0.0301152309182	-0.0127372438144	0.0195996445469	-0.0201110858204	0.0790823395081	0.0522521378827	0.0150182731713	-0.0312863534912	0.00823929609711	0.052274539443	-0.0016525804513	0.0708812615283	-0.0140752539409	-0.0128794125348	-0.0710029672388	0.0294671489527	-0.0105186326498	-0.021923062623	0.00610075528486	-0.04579672132	-0.0981247935225	-0.0235744010011	-0.0441018782232	0.034473845736	-0.0451648110554	-0.0280549087546	0.0117334699249	0.0164406325926	0.0657128812458	0.00758088685953	0.0354427882941	0.00477701069952	-0.0184849169745	0.0307413580513	0.0251362288086	0.0151658479222	0.0248613403058	-0.0291174445728
k__Bacteria;p__Bacteroidetes;c__Bacteroidia;o__Bacteroidales;f__Prevotellaceae;g__Prevotella;s__Prevotella_copri	0.00303474599352	0.0481146457481	-0.0114923208729	1.0	-0.0283343007986	0.0457624682584	0.00712054121701	-0.0106754066791	-0.0224141383159	-0.0521760632297	0.0268288043296	-0.00467954804933	-0.00405477125133	-0.00643101211736	0.0870233996959	-0.0250609514058	-0.0323177915584	0.00523792887244	-0.0316782991689	-0.015379106384	-0.045666149534	0.0211707462571	-0.100301447002	0.00795581020039	0.0183758637791	-0.0129100090269	0.0341156692019	0.0278319136167	-0.0184877169536	-0.0914467107629	-0.0260904810639	-0.0192237057123	-0.0501592670908	0.0412622040859	-0.0759938906927	0.0391899720162	-0.0179806245629	-0.0388211589657	-0.0115706346222	0.0416593712299	-0.0203403215396	-0.10307437996	0.0498776889295	-0.0270809378494	0.0663064410491	-0.021034203326	-0.0194017673388	0.02036129433	-0.00940965169273	-0.00583870396825	0.0270593129736	0.00692109104866	0.0408320037299	-0.000399719268248	-0.0262007712386	-0.0122986401049	-0.017232650697	0.00298374871767	-0.0328303028601
k__Bacteria;p__Bacteroidetes;c__Bacteroidia;o__Bacteroidales;f__Bacteroidaceae;g__Bacteroides;s__Bacteroides_stercoris	0.0340902979795	0.0415835140525	0.00197563559837	-0.0283343007986	1.0	0.00113460223416	0.0288510897782	-0.000577221009318	0.015728767297	-0.0156837962396	0.0157354115827	0.0647898884235	0.0327991502929	0.0219520300846	0.00370826004506	0.0103087458161	0.0188767082073	-0.010023679833	-0.0716813526291	-0.0246332948062	-0.0314743923277	0.0427006085948	-0.0293116202815	-0.00192556534671	0.0204603692539	0.0494907380891	0.0452597696	-0.0168023639397	-0.00390163519107	-0.0648361050119	0.032016750186	0.0678075946999	0.0247675586723	-0.00220718690959	-0.103352036012	-0.0170497363596	0.0317429306815	-0.0172049926185	0.0227588374359	-0.0635190007405	-0.0088772762743	-0.0344005719371	-0.00190970604893	-0.0351073771063	-0.00565861006753	-0.0482201891939	0.0697169135936	0.0530706674475	0.00585258759502	-0.0608143219432	-0.0276006303768	-0.0303624629933	-0.00913944710891	0.00693541502687	-0.031467569147	0.0354141678221	-0.0656452545412	0.00363915630321	0.0101120295444
k__Bacteria;p__Bacteroidetes;c__Bacteroidia;o__Bacteroidales;f__Bacteroidaceae;g__Bacteroides;s__Bacteroides_ovatus	-0.0510835431669	-0.0326509667345	0.0278231836777	0.0457624682584	0.00113460223416	1.0	-0.0908979094287	-0.0168822626939	-0.00175772667004	0.0548441314552	0.00698777325066	0.048441687469	0.00305724658424	0.00408053206979	-0.0460461980211	-0.0134048378369	-0.0249388176321	0.0109092609934	-0.0051405356707	-0.0168589629729	-0.00872858044794	0.00354818307868	-0.0557030414832	0.0334877128475	-0.0163228059445	-0.0236498314741	-0.0228472837225	-0.0446480204517	-0.0512957347503	0.0742323073872	-0.0125027720032	-0.00853024533229	-0.0577372804232	0.0181183047715	0.0104113368282	0.0142046753627	-0.0360479240056	-0.0496630626023	0.0252422650352	0.0245085196855	-0.0132024680397	-0.00728791079482	-0.0397241023038	0.037212105597	-0.0381547630508	-0.0305955813311	-0.0417068115233	-0.0117675151466	-0.00959813507774	-0.00838289865219	0.00420921716726	-0.0580421694216	0.0102531249171	-0.0809257766566	-0.0358647103351	0.0335369422271	-0.0500322046314	0.0360297891511	0.0111530442477
k__Bacteria;p__Bacteroidetes;c__Bacteroidia;o__Bacteroidales;f__Rikenellaceae;g__Alistipes;s__Alistipes_shahii	-0.0335393704334	0.0336452064354	-0.0142977277975	0.00712054121701	0.0288510897782	-0.0908979094287	1.0	0.0729673969881	0.0181511171206	0.00154258671146	-0.0490895362874	-0.00900601832789	-0.0397313205152	-0.0542747244232	-7.40379201689e-05	-0.0614419742627	-0.01397345065	-0.0286481835706	0.0196790950215	0.0146039354639	-0.0137825480418	0.0376778419829	-0.0251525835188	-0.0766987417775	0.0473782724382	0.0961090411368	-0.0303939452158	0.00672076605135	0.0238042118218	-0.0153010556189	0.0398585667278	-0.0401598855842	0.0248590646963	0.0212925827803	0.0422397695857	-0.0235492775938	-0.0151710620176	-0.100403755642	-0.0126438595562	-0.0367599401687	0.0581774246914	-0.031274042731	0.0236321594033	-0.0529156467311	0.0183004881005	0.0349727869037	0.0273229278333	0.0271106409893	0.0272334153042	0.0270393016854	0.036334957649	-0.0212086906439	-0.0251225944636	-0.0405290380288	0.0198597523967	-0.050622218756	-0.0580712973672	-0.00551255777776	-0.0437396609949
k__Bacteria;p__Firmicutes;c__Clostridia;o__Clostridiales;f__Ruminococcaceae;g__Faecalibacterium;s__Faecalibacterium_prausnitzii	-0.0422798556529	0.0439780766652	0.0390050862693	-0.0106754066791	-0.000577221009318	-0.0168822626939	0.0729673969881	1.0	-0.0317441035548	-0.0388314839204	-0.0397068231104	-0.0317190086055	0.0171500343528	0.050201090532	-0.00103059066474	-0.0583165666973	0.0579858465313	0.00986579378277	-0.020134001369	0.0116003105578	0.0122136696896	-0.0134441452504	-0.0229544186372	-0.0354934860603	-0.043532955872	0.0172106808796	-0.0194487814797	-0.058432745256	-0.0277277564505	0.03861464461	-0.0100907660108	0.0209838064312	0.0375578784594	0.0427661244768	-0.00318403985992	-0.0845653649716	0.00173253048689	-0.00940490086731	0.0488854393905	-0.00229258946147	-0.000479509176036	-0.0194948450298	0.00220537423948	-0.0371395315853	0.0301569412466	-0.0261372911358	0.0208978618821	0.00617009784669	-0.0526776258547	-0.0323598785526	-0.030768228735	0.0567812446259	-0.0251945815216	0.0457396130598	0.0481051609035	0.000436459689076	0.00862730991178	-0.0281842398789	-0.0159663701108
k__Bacteria;p__Bacteroidetes;c__Bacteroidia;o__Bacteroidales;f__Rikenellaceae;g__Alistipes;s__Alistipes_finegoldii	-0.0159006929777	-0.015838287661	-0.00591370227204	-0.0224141383159	0.015728767297	-0.00175772667004	0.0181511171206	-0.0317441035548	1.0	-0.0153898425788	0.00635145788286	-0.00316367344956	0.0299995240004	0.0719398402152	-0.0258680610522	-0.0326368044572	0.0190313206367	0.0466669705753	-0.0625707259903	-0.0727890803884	-0.011185893086	-0.022872740685	0.0303891572484	-0.00559397747258	-0.0542759602847	0.0216410609964	0.0184674306348	-0.0269040123654	-0.0147907693452	-0.00087866425319	0.0422883436651	0.0544156688329	-0.0361267755379	0.0163442123164	-0.0273506618859	0.0387591716269	0.0151583201866	-0.0374752165619	-0.0310449732908	0.00897976365112	-0.0209984307635	-0.0121979270457	-0.0590165232954	-0.0200100585236	0.0113877640133	0.0072257924616	-0.031203007769	0.00702024314995	-0.0133898531722	0.0248980841152	-0.0249705276545	0.0386980878577	0.00784922013564	0.0575232472385	0.00607598108242	-0.0245083946094	-0.0101047413891	-0.015763693374	3.46502618867e-05
k__Bacteria;p__Bacteroidetes;c__Bacteroidia;o__Bacteroidales;f__Porphyromonadaceae;g__Parabacteroides;s__Parabacteroides_distasonis	-0.00163801476028	-0.0166767998344	0.0100754475294	-0.0521760632297	-0.0156837962396	0.0548441314552	0.00154258671146	-0.0388314839204	-0.0153898425788	1.0	0.0117476452369	0.0228514710103	-0.0239588528279	0.0189875168536	-0.0508109187304	-0.0253136055608	-0.035781812703	-0.00798925423897	0.0938359645638	0.0291536242302	-0.00796647402159	0.00115471699895	-0.00896032670847	-0.0410355963667	0.00171248016149	0.0364400664151	-0.064429112431	-0.0170185763845	-0.0295519039749	0.0183145593743	-0.000259185663625	0.00509202039061	-0.0673585784373	0.00736351885658	0.0217565956432	-0.0516569749848	-0.0415415950698	-0.02515264637	0.00706961209822	0.044156357269	0.0196561452488	0.028544601744	0.0228081214556	0.0181972177532	-0.0234152231465	0.0191257942933	-0.0295863800257	-0.0698949013805	0.00258502521526	-0.0165761641124	-0.0498535837589	0.0329050310395	0.0189475243512	-0.0402518503604	0.0515345732936	-0.00323657669316	0.0293659664146	0.0324835889977	0.00903648114899
k__Bacteria;p__Bacteroidetes;c__Bacteroidia;o__Bacteroidales;f__Bacteroidaceae;g__Bacteroides;s__Bacteroides_thetaiotaomicron	-0.0266383276122	-0.031514553199	-0.0023534594171	0.0268288043296	0.0157354115827	0.00698777325066	-0.0490895362874	-0.0397068231104	0.00635145788286	0.0117476452369	1.0	-0.0263494504642	-0.0910233998882	0.0583245483256	0.0357017312736	-0.0028069196167	-0.0638042475379	-0.0690335613949	-0.00413999950754	0.005748128833	0.00367117599335	0.00577133823956	0.0187411653918	0.0327615230233	0.0284035102401	-0.0859559000995	-0.0112486516193	0.0339674654418	0.034014771697	0.0275207896376	0.00314808459877	-0.0049416011301	-0.0272215803871	-0.0140670145678	-0.0595062756222	0.0599393296476	-0.0222902999939	0.0785285421009	-0.0357220678998	-0.0455833926033	-0.0416386158076	0.00886946461948	-0.0340559444046	0.0528989272579	-0.025841439453	-0.0403496902146	-0.043851897838	-0.0519363566819	-0.00488938360674	0.0498034393423	-0.0376730314897	0.00466854206666	-0.0385935647271	-0.0104227606274	0.0365239390211	-0.000606388574363	0.0339093899777	-0.0225147979418	0.00311412291179
k__Bacteria;p__Bacteroidetes;c__Bacteroidia;o__Bacteroidales;f__Bacteroidaceae;g__Bacteroides;s__Bacteroides_coprocola	0.00736807987091	-0.0296568817506	0.053277001891	-0.00467954804933	0.0647898884235	0.048441687469	-0.00900601832789	-0.0317190086055	-0.00316367344956	0.0228514710103	-0.0263494504642	1.0	-0.0435237212281	-0.0146057156462	0.0208454563693	0.0323171192722	0.0640838950975	-0.02565397863	-0.00771845016212	0.0196201208401	0.0212711152772	0.0268622849122	-0.0208571165869	-0.0239424470762	-0.0303317310562	-0.0195039427424	0.0188987286375	0.0068912906352	-0.0158504097676	-0.0129974609152	-0.0555375985426	0.00801607127425	-0.00169793618338	0.0292996459922	0.0215596435585	-0.0487419549476	-6.31678025579e-05	0.0375330248652	-0.0454193390342	-0.0373505445355	0.0130367668186	-0.0846416154844	0.021646407713	-0.00538154163583	-0.00687482265477	0.0054471459352	0.0286798220108	-0.00206660477899	-0.047660754045	-0.0249459049521	0.00941760520417	-0.0349236365016	-0.0804581497084	0.00082869794025	-0.0412926856765	-0.0366962921704	0.00902739069055	0.0298470656404	-0.032027878568
k__Bacteria;p__Bacteroidetes;c__Bacteroidia;o__Bacteroidales;f__Bacteroidaceae;g__Bacteroides;s__Bacteroides_cellulosilyticus	-0.0617928496611	0.000355906783244	-0.00995654624903	-0.00405477125133	0.0327991502929	0.00305724658424	-0.0397313205152	0.0171500343528	0.0299995240004	-0.0239588528279	-0.0910233998882	-0.0435237212281	1.0	-0.0397858289784	-0.0196090039843	-0.0767210557666	-0.00986113793872	-0.0262824906848	0.0318034597772	-0.0247710825919	-0.0111445182292	-0.03920013073	0.0412404274114	0.0625229177015	0.025532927811	0.033380338115	0.029695625971	-0.0453216450539	-0.0323062542158	-0.0818288321461	-0.0402566822095	-0.00102970061279	-0.0292300728719	-0.00487737246339	-0.0359329669253	0.0116118384768	-0.00827540390266	0.0261138435975	0.0634542416949	0.0513168296658	-0.0359801637995	-0.0526499743523	-0.0296368749286	0.0328176515314	0.00472148377503	-0.00834075222171	0.0400675607865	0.0160642619701	0.00121715744734	-0.0332842884796	0.0369404506576	-0.0550796353154	-0.057008001897	0.0102445408316	-0.0310797004844	0.0338861925656	0.00642711827199	0.0429121345263	0.0120328280218
k__Bacteria;p__Bacteroidetes;c__Bacteroidia;o__Bacteroidales;f__Rikenellaceae;g__Alistipes;s__Alistipes_obesi	0.0192478243564	-0.0410786754686	-0.0123628902746	-0.00643101211736	0.0219520300846	0.00408053206979	-0.0542747244232	0.050201090532	0.0719398402152	0.0189875168536	0.0583245483256	-0.0146057156462	-0.0397858289784	1.0	-0.0766631389678	0.0105101110392	-0.034014007063	0.028307964269	0.050661387434	-0.0506503321466	-0.0339854492418	0.0899752356741	-0.0120831856928	-0.0140453784182	-0.0439333393689	-0.0481713191286	-0.0299612042561	0.0569843662633	-0.0177226382627	-0.00934102535752	-0.048574400822	0.00396181951027	-0.0102994839122	0.0647357008143	-0.0193613709357	0.0227510472377	0.0155775401207	-0.0334029425773	0.0233892912493	-0.0101220216986	-0.0267810282287	-0.035682893137	-0.0172833556002	-0.0457167582128	0.0325516521397	-0.0243913849207	-0.051287699372	-0.00519201421131	0.0465571333945	-0.0339115385932	0.0483505343589	0.0416621968188	0.00396904011234	-0.0308556340852	-0.0362450464197	-0.00506232028886	-0.0364714527385	0.0219885881962	-0.0820664684527
k__Bacteria;p__Firmicutes;c__Clostridia;o__Clostridiales;f__Lachnospiraceae;g__;s__[Eubacterium]_rectale	-0.0297562111422	-0.0458640271091	-0.0532374848485	0.0870233996959	0.00370826004506	-0.0460461980211	-7.40379201691e-05	-0.00103059066474	-0.0258680610522	-0.0508109187304	0.0357017312736	0.0208454563693	-0.0196090039843	-0.0766631389678	1.0	-0.020574404836	0.0322467164049	0.0599632976211	0.0186040698397	0.0360173108155	0.0240072684628	-0.0142232864473	0.00307914177647	0.0201436649428	-0.0432382626693	0.0353711090133	-0.00927167876159	-0.0403610971883	0.00311808602185	0.00790011228565	0.00489674155672	-0.0358453341585	-0.0357091967179	-0.00113614838006	-0.0602685425566	-0.0410364406633	0.00951809323718	0.0146903627187	-0.0220351870102	-0.099670862665	-0.00505664269291	-0.0498908616699	-0.0351092238835	-0.00840590296638	-0.00319401285939	0.0423960870409	0.0150852606105	-0.0368458805641	0.0389725955596	0.0169490513123	0.0229939896354	-0.0112433562146	-0.0780515538787	0.0531586995748	-0.00966229593432	0.0113309700135	0.0482913537958	0.00128113697332	0.0167688292525
k__Bacteria;p__Bacteroidetes;c__Bacteroidia;o__Bacteroidales;f__Bacteroidaceae;g__Bacteroides;s__Bacteroides_plebeius	-0.0261329777091	-0.00929099599284	-0.0983692743956	-0.0250609514058	0.0103087458161	-0.0134048378369	-0.0614419742627	-0.0583165666973	-0.0326368044572	-0.0253136055608	-0.0028069196167	0.0323171192722	-0.0767210557666	0.0105101110392	-0.020574404836	1.0	0.0306654139458	0.000929170533026	0.00874408092626	-0.020856412952	0.00511988595219	-0.0158033994234	0.0318219527423	0.00477767978876	-0.0555884526744	-0.0807051702294	-0.0483235101713	-0.059440566189	0.0142154427822	0.0165574008853	-0.030640559163	0.0222545851145	-0.00861561008735	-0.000280768066018	0.0214308093399	0.0199560565971	-0.0265628270078	0.0243571858039	0.0072364796202	-0.00545691478929	-0.0278415411551	0.0669934593178	0.000480824697008	-0.0142025645078	0.0531791718714	-0.0283087287851	-0.00621914625068	-0.0141832882548	0.0137416687284	-0.0407006022371	0.00306151144227	-0.0505653814778	0.0253764624358	-0.0640539809208	-0.03127740215	-0.0144407226185	-0.0232279177033	-0.0252695931565	-0.0217915236152
k__Bacteria;p__Bacteroidetes;c__Bacteroidia;o__Bacteroidales;f__Bacteroidaceae;g__Bacteroides;s__Bacteroides_fragilis	-0.0882720277326	-0.0332883546848	0.00474996986528	-0.0323177915584	0.0188767082073	-0.0249388176321	-0.01397345065	0.0579858465313	0.0190313206367	-0.035781812703	-0.0638042475379	0.0640838950975	-0.00986113793872	-0.034014007063	0.0322467164049	0.0306654139458	1.0	0.00424704476762	0.017061569638	-0.0155804238991	-0.00883974584151	-0.0709551697887	-0.0161465698698	0.0131373313334	-0.032345087085	0.00918887943628	-0.0480936991768	-0.0550236681377	0.0414382517418	-0.0331719390412	0.0256815960627	0.00410274597103	0.0229770939686	0.0209118080461	0.011726773068	0.00645361801722	-0.0373753236781	0.0611551607034	-0.0754741060663	-0.0187615457366	0.0260967899291	-0.0100271474625	-0.0281573605886	0.0214716828577	0.0241570656143	0.00456915426707	0.011620710528	0.0170778979334	0.00679022228406	-0.0790219196299	0.00637312063846	-0.0251417950948	-0.00363214156633	-0.0600349237766	0.032139382238	-0.0179237305049	-0.000714180619276	-0.0264574591387	0.0172715021519
k__Bacteria;p__Proteobacteria;c__Betaproteobacteria;o__Burkholderiales;f__Sutterellaceae;g__Sutterella;s__Sutterella_wadsworthensis	0.0316145440042	-0.00969416973011	-0.0936720862116	0.00523792887244	-0.010023679833	0.0109092609934	-0.0286481835706	0.00986579378277	0.0466669705753	-0.00798925423897	-0.0690335613949	-0.02565397863	-0.0262824906848	0.028307964269	0.0599632976211	0.000929170533026	0.00424704476762	1.0	0.034424899077	0.0390625678092	0.012895227829	-0.0319584473196	0.0468006322559	-0.0111265089808	0.000659682606825	0.00192605802063	-0.0573199535363	-0.0127320111926	-0.0238524783394	0.0353882462707	-0.0133526469489	-0.059214624852	-0.00445308679219	0.00957450432612	0.00831282111885	-0.00461505722178	0.0230323139652	0.00842250879789	-0.0390144848801	0.0305413037024	-0.0199289072849	-0.0501613982846	0.0124189855263	0.0429016532748	-0.00483858354412	-0.0396113318231	-0.0378861763425	0.00151968545433	0.0201885314979	0.0364775724408	-0.0575969450145	-0.0348374089105	-0.0581662224278	-0.00237098627035	-0.0353398658499	-0.000341931541079	0.0564827831853	-0.0806113751385	0.0387951125852
k__Bacteria;p__Bacteroidetes;c__Bacteroidia;o__Bacteroidales;f__Porphyromonadaceae;g__Barnesiella;s__Barnesiella_intestinihominis	-0.0214107630628	0.0383808781418	-0.00581313228139	-0.0316782991689	-0.0716813526291	-0.0051405356707	0.0196790950215	-0.020134001369	-0.0625707259903	0.0938359645638	-0.00413999950754	-0.00771845016212	0.0318034597772	0.050661387434	0.0186040698397	0.00874408092626	0.017061569638	0.034424899077	1.0	-0.034554142477	0.000302554687737	0.0505590242625	0.00612616620841	-0.0278634253751	-0.0227602381867	0.00892936486439	-0.00619525377133	-0.0123860420812	-0.0484666975988	-0.0184071598641	0.0448223552401	0.00143235242738	-0.0375920431002	-0.0460110489881	-0.0353292269397	-0.0281832953305	-0.0513703306828	-0.0605659525966	0.0479005660145	-0.0384505294101	-0.0157467141445	0.0187402990751	0.00452924886214	-0.00438703450004	-0.0183739786084	0.0159894129379	-0.0796030214283	-0.0264244372474	-0.0676432716147	0.0388327456489	-0.0436562465914	0.0224941024518	0.122091890343	0.00640767823152	-0.00540513529793	0.0235949612324	-0.0813524178378	0.00970402237199	0.00460433013415
k__Bacteria;p__Bacteroidetes;c__Bacteroidia;o__Bacteroidales;f__Odoribacteraceae;g__Odoribacter;s__Odoribacter_splanchnicus	0.0837031506177	-0.0769963230957	-0.0091439157537	-0.015379106384	-0.0246332948062	-0.0168589629729	0.0146039354639	0.0116003105578	-0.0727890803884	0.0291536242302	0.005748128833	0.0196201208401	-0.0247710825919	-0.0506503321466	0.0360173108155	-0.020856412952	-0.0155804238991	0.0390625678092	-0.034554142477	1.0	-0.0102518469578	0.0242174760914	0.00857338009453	-0.0557384784663	-0.0464829195055	0.0181001561478	-0.0223935592154	-0.0365876312809	0.0111739539283	0.0177886699215	-0.0105442679769	-0.0395643643073	-0.0213362945468	-0.065974316438	0.00836916007188	-0.0817414184667	0.0278861546517	-0.0341627447302	0.060711100568	-0.0464041373207	0.0403190143574	0.0165797975193	0.00794558552097	-0.000466720681747	0.0280792625858	0.0541419187286	-0.0180111269759	0.0320806730467	-0.0825193131122	0.00469823393691	-0.0602853962389	-0.0589235055756	-0.0399343575824	-0.0179576856538	-0.00364085049952	-0.0193589496229	-0.0322241482846	-0.0529634469661	0.00855039966229
k__Bacteria;p__Bacteroidetes;c__Bacteroidia;o__Bacteroidales;f__Bacteroidaceae;g__Bacteroides;s__Bacteroides_salyersiae	-0.00976413116721	0.00685401414957	-0.00696613375263	-0.045666149534	-0.0314743923277	-0.00872858044794	-0.0137825480418	0.0122136696896	-0.011185893086	-0.00796647402159	0.00367117599335	0.0212711152772	-0.0111445182292	-0.0339854492418	0.0240072684628	0.00511988595219	-0.00883974584151	0.012895227829	0.000302554687737	-0.0102518469578	1.0	0.029745785756	-0.00863098629941	-0.038609116869	0.0622311745077	0.00582190352348	0.0310420996053	-0.0187773096037	0.00390794690849	0.00538143778196	-0.0586097896647	0.00523534136083	-0.021968478157	0.0251270265636	0.0965479826441	-0.0479046126931	-0.0342101706232	-0.00437836429198	-0.0224057409764	-0.034054612553	-0.0392024628435	0.0555506739057	-0.0181333693409	0.00147314529853	-0.00388529252797	-0.057489061316	0.079543780132	0.0163214993161	-0.0349071097974	-0.0488624338544	-0.00527368095646	-0.0241814214025	-0.038144890775	-0.00310464115234	0.0581055599674	-0.0641273738856	-0.0410641144682	-0.0201128430675	-0.0137022376685
k__Bacteria;p__Firmicutes;c__Clostridia;o__Clostridiales;f__Ruminococcaceae;g__Ruminiclostridium;s__[Eubacterium]_siraeum	-0.0755852754954	0.050465144671	-0.0301152309182	0.0211707462571	0.0427006085948	0.00354818307868	0.0376778419829	-0.0134441452504	-0.022872740685	0.00115471699895	0.00577133823956	0.0268622849122	-0.03920013073	0.0899752356741	-0.0142232864473	-0.0158033994234	-0.0709551697887	-0.0319584473196	0.0505590242625	0.0242174760914	0.029745785756	1.0	-0.0164429204227	0.0496302250134	-0.00703399637091	-0.0343371337776	0.0571558318076	0.0150444750294	0.00488777552119	-0.0326584988738	-0.0934588241848	-0.0637038803018	0.0144096799305	0.00844800096626	-0.0190575491097	-0.0540669753521	0.0342039136949	0.0176594710504	0.0170022782231	0.0291264430032	0.0262658682435	0.00680730036144	-0.000632614248403	-0.0445339031526	0.0193758296002	-0.00106649239928	-0.0282062695676	0.00663004404322	-0.0388787481825	-0.105516304173	-0.0492881494027	-0.00746513701187	0.00312955719712	0.0302117788956	0.0209433013788	0.0106970810469	-0.101671312359	-0.0142649975218	-0.0125393878466
k__Bacteria;p__Proteobacteria;c__Betaproteobacteria;o__Burkholderiales;f__Sutterellaceae;g__Parasutterella;s__Parasutterella_excrementihominis	-0.0515651520103	0.00167226846467	-0.0127372438144	-0.100301447002	-0.0293116202815	-0.0557030414832	-0.0251525835188	-0.0229544186372	0.0303891572484	-0.00896032670847	0.0187411653918	-0.0208571165869	0.0412404274114	-0.0120831856928	0.00307914177647	0.0318219527423	-0.0161465698698	0.0468006322559	0.00612616620841	0.00857338009452	-0.00863098629941	-0.0164429204227	1.0	-0.0226044953734	-0.0421210885523	0.016898787119	-0.0827641551113	-0.00976907971633	-0.0414322898252	0.0147131151845	0.0203052682251	-0.036045676656	-0.00201057025748	-0.0351409775793	-0.00406504432748	0.0514199747404	-0.0193688952829	-0.0231025906932	-0.00351581846661	-0.0365880539417	0.00982477800196	0.0321827824513	-0.0113451991929	0.0270943162349	-0.0541910713584	-0.0358666149873	0.0208788586398	0.0277269246178	-0.0403381546067	-0.0264446372676	-0.0253275808692	-0.0434189990236	-0.0042404378031	0.0389103224604	-0.0556119596582	-0.0156737822758	-0.079985448275	0.0112998319595	0.0358056645221
k__Bacteria;p__Actinobacteria;c__Actinobacteria;o__Bifidobacteriales;f__Bifidobacteriaceae;g__Bifidobacterium;s__Bifidobacterium_adolescentis	0.00726960798191	0.0296600232689	0.0195996445469	0.00795581020039	-0.00192556534671	0.0334877128475	-0.0766987417775	-0.0354934860603	-0.00559397747258	-0.0410355963667	0.0327615230233	-0.0239424470762	0.0625229177015	-0.0140453784182	0.0201436649428	0.00477767978876	0.0131373313334	-0.0111265089808	-0.0278634253751	-0.0557384784663	-0.038609116869	0.0496302250134	-0.0226044953734	1.0	-0.0259419812684	0.00793405655477	0.0816159070819	-0.0219841725093	0.0393166794124	-0.0333453508521	-0.0702143315708	0.0203781659658	-0.0196088279935	0.0302009790931	-0.0552200196427	-0.000912953863754	0.00441133950028	-0.0127824706884	-0.0119806226208	-0.0288359775211	0.000491785102898	-0.0379649804384	-0.0510088889698	0.0153690977982	-0.010591252324	-0.00180406863974	-0.0557265197369	-0.0150471032412	0.0180813684191	-0.00677186035187	0.0321781620456	0.00298589117771	0.0312318805944	0.0105232983291	-0.027356423721	-0.0173842655523	-0.015389927295	-0.0664479269376	-0.0272681344877
k__Bacteria;p__Firmicutes;c__Clostridia;o__Clostridiales;f__Oscillospiraceae;g__Oscillibacter;s__Oscillibacter_sp._KLE_1745	-0.019869941289	0.0377849449703	-0.0201110858204	0.0183758637791	0.0204603692539	-0.0163228059445	0.0473782724382	-0.043532955872	-0.0542759602847	0.00171248016149	0.0284035102401	-0.0303317310562	0.025532927811	-0.0439333393689	-0.0432382626693	-0.0555884526744	-0.032345087085	0.000659682606825	-0.0227602381867	-0.0464829195055	0.0622311745077	-0.00703399637091	-0.0421210885523	-0.0259419812684	1.0	0.0168474805427	0.0130715584255	-0.0059356621547	0.0158639002308	-0.000735103521017	-0.046636240865	-0.0124118404256	0.0195682863485	-0.0170785450627	-0.0115142202006	-0.0073977244799	-0.0299151423781	0.0598763722686	0.0124730900768	0.00926517402006	0.0235388863177	0.0204358197966	0.000126380606509	0.0211035410664	-0.01164776555	0.0342425223418	-0.0187620324571	0.00574613728265	0.0194962603859	0.0264353359459	-0.0991310241599	-0.0654498855863	0.0274548875969	0.0179057891946	0.100836748164	-0.0438362175308	-0.0191387357261	-0.0341710720605	-0.000821555021135
k__Bacteria;p__Bacteroidetes;c__Bacteroidia;o__Bacteroidales;f__Bacteroidaceae;g__Bacteroides;s__Bacteroides_coprophilus	-0.060159225891	-0.0316345303464	0.0790823395081	-0.0129100090269	0.0494907380891	-0.0236498314741	0.0961090411368	0.0172106808796	0.0216410609964	0.0364400664151	-0.0859559000995	-0.0195039427424	0.033380338115	-0.0481713191286	0.0353711090133	-0.0807051702294	0.00918887943628	0.00192605802063	0.00892936486439	0.0181001561478	0.00582190352348	-0.0343371337776	0.016898787119	0.00793405655477	0.0168474805427	1.0	0.0127227487457	-0.0274641006057	-0.046397157806	0.0105804191789	0.0194984453806	0.0768678553242	-0.0249626643493	0.0335978413113	-0.00348971361097	0.00681682703481	-0.0291881548191	0.00693319834885	-0.00155881069139	0.0273775984486	0.0620235436017	-0.0186091812548	0.0829446726747	0.033956418491	-0.0304829505347	-0.0204807281634	-0.0101927110177	-0.0193807211571	-0.0204886777444	-0.0286144439538	-0.11201513468	-0.00172633967283	0.0124537136703	-0.0422889841178	0.0332758153105	-0.0611862764476	-0.00143490770165	0.0497320096823	0.0379260969272
k__Bacteria;p__Firmicutes;c__Clostridia;o__Clostridiales;f__Lachnospiraceae;g__Roseburia;s__Roseburia_intestinalis	-0.0322151396559	-0.0172075489742	0.0522521378827	0.0341156692019	0.0452597696	-0.0228472837225	-0.0303939452158	-0.0194487814797	0.0184674306348	-0.064429112431	-0.0112486516193	0.0188987286375	0.029695625971	-0.0299612042561	-0.00927167876159	-0.0483235101713	-0.0480936991768	-0.0573199535363	-0.00619525377133	-0.0223935592154	0.0310420996053	0.0571558318076	-0.0827641551113	0.0816159070819	0.0130715584255	0.0127227487457	1.0	0.00890403572559	0.00656435030631	-0.0947979036432	0.0286210877928	0.0478015812734	0.0121565195169	0.0196136920977	0.0326330511272	-0.0824047541895	-0.0231669308907	-0.0167857064317	-0.0621248974396	-0.00275687406155	-0.00668888221126	-0.0192402372982	0.028615091543	-0.0466445565485	0.00325174345755	-0.0611375340128	-0.040980060961	0.0120818865171	-0.0228599485401	0.00479687816682	0.00993829269891	0.00676992779974	0.0138407123738	-0.0234941099427	-0.0230328501883	-0.065874922144	0.0100723201045	0.0506968363353	-0.0504575995994
k__Bacteria;p__Firmicutes;c__Clostridia;o__Clostridiales;f__Lachnospiraceae;g__Roseburia;s__Roseburia_hominis	-0.0243752367991	0.0124668621745	0.0150182731713	0.0278319136167	-0.0168023639397	-0.0446480204517	0.00672076605135	-0.058432745256	-0.0269040123654	-0.0170185763845	0.0339674654418	0.0068912906352	-0.0453216450539	0.0569843662633	-0.0403610971883	-0.059440566189	-0.0550236681377	-0.0127320111926	-0.0123860420812	-0.0365876312809	-0.0187773096037	0.0150444750294	-0.00976907971633	-0.0219841725093	-0.0059356621547	-0.0274641006057	0.00890403572559	1.0	0.02353359537	-0.0168770495861	-0.0272903705039	-0.0256221315768	-0.0725244148225	-0.0161610309704	0.0173611536021	-0.0323257052718	0.0340651325447	0.0406252539974	-0.0217172950367	0.025012458974	0.047748803405	0.0112465229716	-0.00584894858194	-0.0243966964058	-0.00480102870787	-0.078491339238	-0.0586400261012	-0.00625441329958	-0.0136771528547	0.0194659538395	0.0450121245396	-0.00663805880072	-0.0600557214467	0.00744025263033	0.0539939031702	-0.0177084796135	0.0426758521762	-0.0348625496465	0.00354430449746
k__Bacteria;p__Bacteroidetes;c__Bacteroidia;o__Bacteroidales;f__Porphyromonadaceae;g__Parabacteroides;s__Parabacteroides_johnsonii	0.0104406826498	0.0127745939276	-0.0312863534912	-0.0184877169536	-0.00390163519107	-0.0512957347503	0.0238042118218	-0.0277277564505	-0.0147907693452	-0.0295519039749	0.034014771697	-0.0158504097676	-0.0323062542158	-0.0177226382627	0.00311808602185	0.0142154427822	0.0414382517418	-0.0238524783394	-0.0484666975988	0.0111739539283	0.00390794690849	0.00488777552119	-0.0414322898252	0.0393166794124	0.0158639002308	-0.046397157806	0.00656435030631	0.02353359537	1.0	-0.065263793465	-0.0155611290336	0.00911817692362	-0.0658274144461	0.00441858880158	0.0344569517414	-0.0338089365308	0.0318837221255	0.0146258400026	-0.0475855865376	0.00673179784011	-0.0355068318522	-0.00068027732682	-0.0590139364811	-0.0285405320467	0.00477978648187	-0.00596907571214	0.0235562346058	0.0105679587922	-0.0253003696968	-0.073320068759	-0.0395435680057	0.066713611278	-0.0294425047755	-0.028347253102	-0.0465171221625	0.0301893832968	-0.0122019809448	0.042012576836	-0.0311295319372
k__Bacteria;p__Actinobacteria;c__Actinobacteria;o__Bifidobacteriales;f__Bifidobacteriaceae;g__Bifidobacterium;s__Bifidobacterium_longum	0.00236630164945	0.0197937467181	0.00823929609711	-0.0914467107629	-0.0648361050119	0.0742323073872	-0.0153010556189	0.03861464461	-0.00087866425319	0.0183145593743	0.0275207896376	-0.0129974609152	-0.0818288321461	-0.00934102535752	0.00790011228565	0.0165574008853	-0.0331719390412	0.0353882462707	-0.0184071598641	0.0177886699215	0.00538143778196	-0.0326584988738	0.0147131151845	-0.0333453508521	-0.000735103521017	0.0105804191789	-0.0947979036432	-0.0168770495861	-0.065263793465	1.0	-0.0277739348066	0.0202056483831	-0.0767964597938	-0.00641396132095	-0.0358627358178	-0.049657841328	0.013885859616	-0.0880162943662	0.0207377903659	0.0527023114111	-0.0308689333399	0.0235781144303	0.0209526031086	-0.014935035982	0.0385844826197	-0.0188205303347	0.067348454877	-0.0486610616448	-0.00947065155228	-0.0133198259824	0.00944924403228	0.0114392807015	-0.00424319924289	-0.0481518635176	0.0329171955704	0.017479274751	-0.00345992525038	0.0448746969029	-0.0134126044914
