#taxonomy	k__Bacteria;p__Bacteroidetes;c__Bacteroidia;o__Bacteroidales;f__Bacteroidaceae;g__Bacteroides;s__Bacteroides_vulgatus	k__Bacteria;p__Bacteroidetes;c__Bacteroidia;o__Bacteroidales;f__Bacteroidaceae;g__Bacteroides;s__Bacteroides_uniformis	k__Bacteria;p__Bacteroidetes;c__Bacteroidia;o__Bacteroidales;f__Rikenellaceae;g__Alistipes;s__Alistipes_putredinis	k__Bacteria;p__Bacteroidetes;c__Bacteroidia;o__Bacteroidales;f__Prevotellaceae;g__Prevotella;s__Prevotella_copri	k__Bacteria;p__Bacteroidetes;c__Bacteroidia;o__Bacteroidales;f__Bacteroidaceae;g__Bacteroides;s__Bacteroides_stercoris	k__Bacteria;p__Bacteroidetes;c__Bacteroidia;o__Bacteroidales;f__Bacteroidaceae;g__Bacteroides;s__Bacteroides_ovatus	k__Bacteria;p__Bacteroidetes;c__Bacteroidia;o__Bacteroidales;f__Rikenellaceae;g__Alistipes;s__Alistipes_shahii	k__Bacteria;p__Firmicutes;c__Clostridia;o__Clostridiales;f__Ruminococcaceae;g__Faecalibacterium;s__Faecalibacterium_prausnitzii	k__Bacteria;p__Bacteroidetes;c__Bacteroidia;o__Bacteroidales;f__Rikenellaceae;g__Alistipes;s__Alistipes_finegoldii	k__Bacteria;p__Bacteroidetes;c__Bacteroidia;o__Bacteroidales;f__Porphyromonadaceae;g__Parabacteroides;s__Parabacteroides_distasonis	k__Bacteria;p__Bacteroidetes;c__Bacteroidia;o__Bacteroidales;f__Bacteroidaceae;g__Bacteroides;s__Bacteroides_thetaiotaomicron	k__Bacteria;p__Bacteroidetes;c__Bacteroidia;o__Bacteroidales;f__Bacteroidaceae;g__Bacteroides;s__Bacteroides_coprocola	k__Bacteria;p__Bacteroidetes;c__Bacteroidia;o__Bacteroidales;f__Bacteroidaceae;g__Bacteroides;s__Bacteroides_cellulosilyticus	k__Bacteria;p__Bacteroidetes;c__Bacteroidia;o__Bacteroidales;f__Rikenellaceae;g__Alistipes;s__Alistipes_obesi	k__Bacteria;p__Firmicutes;c__Clostridia;o__Clostridiales;f__Lachnospiraceae;g__;s__[Eubacterium]_rectale	k__Bacteria;p__Bacteroidetes;c__Bacteroidia;o__Bacteroidales;f__Bacteroidaceae;g__Bacteroides;s__Bacteroides_plebeius	k__Bacteria;p__Bacteroidetes;c__Bacteroidia;o__Bacteroidales;f__Bacteroidaceae;g__Bacteroides;s__Bacteroides_fragilis	k__Bacteria;p__Proteobacteria;c__Betaproteobacteria;o__Burkholderiales;f__Sutterellaceae;g__Sutterella;s__Sutterella_wadsworthensis	k__Bacteria;p__Bacteroidetes;c__Bacteroidia;o__Bacteroidales;f__Porphyromonadaceae;g__Barnesiella;s__Barnesiella_intestinihominis	k__Bacteria;p__Bacteroidetes;c__Bacteroidia;o__Bacteroidales;f__Odoribacteraceae;g__Odoribacter;s__Odoribacter_splanchnicus	k__Bacteria;p__Bacteroidetes;c__Bacteroidia;o__Bacteroidales;f__Bacteroidaceae;g__Bacteroides;s__Bacteroides_salyersiae	k__Bacteria;p__Firmicutes;c__Clostridia;o__Clostridiales;f__Ruminococcaceae;g__Ruminiclostridium;s__[Eubacterium]_siraeum	k__Bacteria;p__Proteobacteria;c__Betaproteobacteria;o__Burkholderiales;f__Sutterellaceae;g__Parasutterella;s__Parasutterella_excrementihominis	k__Bacteria;p__Actinobacteria;c__Actinobacteria;o__Bifidobacteriales;f__Bifidobacteriaceae;g__Bifidobacterium;s__Bifidobacterium_adolescentis	k__Bacteria;p__Firmicutes;c__Clostridia;o__Clostridiales;f__Oscillospiraceae;g__Oscillibacter;s__Oscillibacter_sp._KLE_1745	k__Bacteria;p__Bacteroidetes;c__Bacteroidia;o__Bacteroidales;f__Bacteroidaceae;g__Bacteroides;s__Bacteroides_coprophilus	k__Bacteria;p__Firmicutes;c__Clostridia;o__Clostridiales;f__Lachnospiraceae;g__Roseburia;s__Roseburia_intestinalis	k__Bacteria;p__Firmicutes;c__Clostridia;o__Clostridiales;f__Lachnospiraceae;g__Roseburia;s__Roseburia_hominis	k__Bacteria;p__Bacteroidetes;c__Bacteroidia;o__Bacteroidales;f__Porphyromonadaceae;g__Parabacteroides;s__Parabacteroides_johnsonii	k__Bacteria;p__Actinobacteria;c__Actinobacteria;o__Bifidobacteriales;f__Bifidobacteriaceae;g__Bifidobacterium;s__Bifidobacterium_longum	k__Bacteria;p__Firmicutes;c__Clostridia;o__Clostridiales;f__;g__Flavonifractor;s__Flavonifractor_plautii	k__Bacteria;p__Firmicutes;c__Clostridia;o__Clostridiales;f__Clostridiaceae;g__Clostridium;s__Clostridium_phoceensis	k__Bacteria;p__Verrucomicrobia;c__Verrucomicrobiae;o__Verrucomicrobiales;f__Akkermansiaceae;g__Akkermansia;s__Akkermansia_muciniphila	k__Bacteria;p__Bacteroidetes;c__Bacteroidia;o__Bacteroidales;f__Prevotellaceae;g__Paraprevotella;s__Paraprevotella_xylaniphila	k__Bacteria;p__Firmicutes;c__Clostridia;o__Clostridiales;f__Ruminococcaceae;g__Ruminococcus;s__Ruminococcus_callidus	k__Bacteria;p__Bacteroidetes;c__Bacteroidia;o__Bacteroidales;f__Rikenellaceae;g__Alistipes;s__Alistipes_senegalensis	k__Bacteria;p__Firmicutes;c__Clostridia;o__Clostridiales;f__Lachnospiraceae;g__Blautia;s__Blautia_sp._KLE_1732	k__Bacteria;p__Bacteroidetes;c__Bacteroidia;o__Bacteroidales;f__Bacteroidaceae;g__Bacteroides;s__Bacteroides_oleiciplenus	k__Bacteria;p__Firmicutes;c__Clostridia;o__Clostridiales;f__Ruminococcaceae;g__Ruminococcus;s__Ruminococcus_bicirculans	k__Bacteria;p__Bacteroidetes;c__Bacteroidia;o__Bacteroidales;f__Bacteroidaceae;g__Bacteroides;s__Bacteroides_fluxus	k__Bacteria;p__Bacteroidetes;c__Bacteroidia;o__Bacteroidales;f__Prevotellaceae;g__Prevotella;s__Prevotella_stercorea	k__Bacteria;p__Firmicutes;c__Clostridia;o__Clostridiales;f__Lachnospiraceae;g__Dorea;s__Dorea_longicatena	k__Bacteria;p__Firmicutes;c__Clostridia;o__Clostridiales;f__Eubacteriaceae;g__Eubacterium;s__[Eubacterium]_eligens	k__Bacteria;p__Firmicutes;c__Clostridia;o__Clostridiales;f__Ruminococcaceae;g__;s__Ruminococcaceae_bacterium_D16	k__Bacteria;p__Firmicutes;c__Clostridia;o__Clostridiales;f__Lachnospiraceae;g__Coprococcus;s__Coprococcus_comes	k__Bacteria;p__Proteobacteria;c__Gammaproteobacteria;o__Enterobacterales;f__Enterobacteriaceae;g__Escherichia;s__Escherichia_coli	k__Bacteria;p__Firmicutes;c__Clostridia;o__Clostridiales;f__Ruminococcaceae;g__Anaerotruncus;s__Anaerotruncus_colihominis	k__Bacteria;p__Firmicutes;c__Clostridia;o__Clostridiales;f__Lachnospiraceae;g__Blautia;s__Blautia_obeum	k__Bacteria;p__Bacteroidetes;c__Bacteroidia;o__Bacteroidales;f__Odoribacteraceae;g__Odoribacter;s__Odoribacter_laneus	k__Bacteria;p__Firmicutes;c__Clostridia;o__Clostridiales;f__Ruminococcaceae;g__Ruminiclostridium;s__[Clostridium]_leptum	k__Bacteria;p__Bacteroidetes;c__Bacteroidia;o__Bacteroidales;f__Porphyromonadaceae;g__Parabacteroides;s__Parabacteroides_goldsteinii	k__Bacteria;p__Firmicutes;c__Clostridia;o__Clostridiales;f__Lachnospiraceae;g__Anaerostipes;s__Anaerostipes_hadrus	k__Bacteria;p__Firmicutes;c__Clostridia;o__Clostridiales;f__Ruminococcaceae;g__Ruminococcus;s__Ruminococcus_lactaris	k__Bacteria;p__Firmicutes;c__Clostridia;o__Clostridiales;f__Clostridiaceae;g__Clostridium;s__Clostridium_sp._L2-50	k__Bacteria;p__Firmicutes;c__Clostridia;o__Clostridiales;f__Clostridiaceae;g__Clostridium;s__Clostridium_sp._M62/1	k__Bacteria;p__Firmicutes;c__Clostridia;o__Clostridiales;f__;g__Intestinimonas;s__Intestinimonas_butyriciproducens	k__Bacteria;p__Actinobacteria;c__Actinobacteria;o__Bifidobacteriales;f__Bifidobacteriaceae;g__Bifidobacterium;s__Bifidobacterium_bifidum	k__Bacteria;p__Firmicutes;c__Negativicutes;o__Veillonellales;f__Veillonellaceae;g__Dialister;s__Dialister_invisus	k__Bacteria;p__Bacteroidetes;c__Bacteroidia;o__Bacteroidales;f__Bacteroidaceae;g__Bacteroides;s__Bacteroides_salanitronis
k__Bacteria;p__Bacteroidetes;c__Bacteroidia;o__Bacteroidales;f__Bacteroidaceae;g__Bacteroides;s__Bacteroides_vulgatus	1.0	0.00373121230806	-0.0221852459234	-0.0674199371278	-0.00263784547087	0.0445023035285	-0.0265470874995	0.00174436638786	-0.0299753258105	-0.0178925717347	0.018944417274	-0.0622851437082	-0.0090667607726	0.0517968190663	-0.00674153636717	0.027000094006	0.0188226769063	-0.039464046928	0.0181078496366	-0.0440931313953	-0.0330532161435	-0.107430521817	-0.0402142573526	-0.00272928599246	-0.0495560986868	-0.00219889952031	-0.00362661532973	0.0135004316675	-0.0342000703158	-0.0306739068249	-0.0874830863377	-0.0466438096099	0.0559907807773	-0.0347998330628	0.017363322917	0.0948494938624	0.0587752756908	0.0362586880476	0.00931884040779	-0.0593720996594	-0.0379530233797	0.0498135366937	-0.0602928842015	0.0023194902405	-0.0154947399507	-0.0661863917184	0.0150761824839	-0.0109194302094	0.0101175991395	-0.0339007130547	0.00536797424499	-0.0424963546069	-0.00105386680994	0.0204252027284	0.0421253621344	0.00271216323638	-0.0563495001791	-0.0130770797125	0.0333342587346
k__Bacteria;p__Bacteroidetes;c__Bacteroidia;o__Bacteroidales;f__Bacteroidaceae;g__Bacteroides;s__Bacteroides_uniformis	0.00373121230806	1.0	0.0061783054099	-0.0284044481781	0.0184949428155	-0.00973544545547	0.0236542682808	-0.000624809332299	0.0531527491504	0.0470938724915	0.0155230137224	0.0180202252567	-0.0188479579637	0.00708865434059	0.0389039545261	-0.0456253831939	-0.0217355864328	0.0377074675814	-0.0291019307601	0.0003753087908	-0.078730119998	-0.0479406613024	-0.014862589043	0.0147679517209	0.0212156018031	0.0212321904575	-0.00388153909468	0.00588627945083	-0.0226084991436	-0.0610960004541	-0.0499443414353	-0.0103762257974	0.0429128423765	-0.0620859315252	0.0343754651848	0.0419823484928	0.050760269906	0.0338128400339	-0.0897977264573	-0.0454929107078	-0.0553602564974	0.0905475741945	-0.00762291314	-0.0239299538577	-0.000168190393221	0.0044869468136	-0.00479424291235	-0.0354056721519	-0.00841019497667	0.0126524575439	-0.0361229476487	0.00149984984509	0.0147280792719	0.0200190124681	-0.0037663919004	0.0456489555523	-0.000966726036428	-0.0259551202058	0.00381961000621
k__Bacteria;p__Bacteroidetes;c__Bacteroidia;o__Bacteroidales;f__Rikenellaceae;g__Alistipes;s__Alistipes_putredinis	-0.0221852459234	0.0061783054099	1.0	-0.0144625510385	0.00836787764126	-0.0659782792124	0.0842239285757	0.0611972849716	0.0420386384202	-0.00285935218857	-0.0650795192989	0.0522105390898	0.0271858767342	-0.0695316654843	-0.0323787366032	-0.0574421920237	0.0190226704148	-0.00590016614067	-0.0229814022948	-0.0516366189099	0.00334942385609	-0.0499532740575	0.0143857311078	-0.0522968483502	-0.00752830338102	-0.0251303325875	0.0388956251309	-0.0272172964199	0.039120080219	-0.0420406582147	-0.0179144260292	0.0013199591846	-0.00556783900298	0.014747254769	-0.0300408508797	-0.00816541920039	-0.0278585394431	-0.0432416581267	0.0134548487687	-0.00437906435428	-0.0070417901313	0.0757483713799	0.0253773542081	-0.0454756669869	0.0431589643288	-0.0359147424965	-0.0354838364843	-0.0265444583972	0.0392259385587	-0.0683078489849	0.0283606848851	0.00158984498018	-0.0167331599207	0.0103966439736	0.0415343027648	0.0105478922431	-0.0286463903763	0.0192050985934	-0.0475097439814
k__Bacteria;p__Bacteroidetes;c__Bacteroidia;o__Bacteroidales;f__Prevotellaceae;g__Prevotella;s__Prevotella_copri	-0.0674199371278	-0.0284044481781	-0.0144625510385	1.0	0.00190498644275	-0.0633026437784	-0.0293735903671	-0.000373206633416	-0.036370312971	-0.0365827630319	0.0263120612367	-0.00964102208377	-0.0285639536148	0.0145475195158	-0.00107092860585	0.000462016636621	0.00269049913579	-0.057933694599	-0.0187274891289	0.00421864426252	0.0567439403711	-0.0191510563797	0.00346826646252	-0.0060493321886	-0.00563881444642	-0.0265271439164	0.0394903309516	-0.0347323625776	-0.00546907997108	0.0313070760905	0.0387862045802	0.00942780835875	-0.0409077068277	-0.0138889231359	0.0084845605887	-0.0278654464743	0.0389405205878	0.0631565011378	0.0200242461193	-0.00348039297766	-0.0409199439204	-0.0200413171764	0.0197707475435	-0.0472035071682	0.0133963898562	-0.0118196759631	-0.00213305355731	0.0270264917681	0.0209577478846	0.00601742173758	-0.051645880822	-0.0142162134255	-0.0242079171981	-0.0426271813064	-0.0335686790403	-0.0159274664368	-0.0552878488327	-0.0353609072112	-0.041330745956
k__Bacteria;p__Bacteroidetes;c__Bacteroidia;o__Bacteroidales;f__Bacteroidaceae;g__Bacteroides;s__Bacteroides_stercoris	-0.00263784547087	0.0184949428155	0.00836787764126	0.00190498644275	1.0	-0.0199305499499	-0.0114568097308	0.0554489151154	0.0467963707833	-0.0753926552174	-0.0909489486381	8.47592414923e-06	-0.026846337498	0.00184987463358	0.0046791040866	0.0531282431051	-0.00458895195214	-0.0196342643388	0.0424331528823	0.0549152353857	-0.00451912230977	0.0367852165043	-0.0135295226425	-0.00740497143692	0.0305187985156	-0.135700689157	-0.00857170160658	0.0187991920116	-0.0279629125178	-0.038116547947	0.0260610556855	-0.0206270617503	-0.00401077639029	-0.0108527579819	-0.0632925760254	-0.0905643766009	-0.0400037099606	-0.0776587208914	0.0135683561179	0.0131598173103	0.0356216803196	0.0141949167637	0.0394714674836	0.0142532307623	-0.00599291274833	0.000711253533195	-0.00292255767754	-0.034094051608	-0.0475185528435	0.00959696501668	0.0464377274267	-0.0145723818186	-0.0470780640872	-0.0577535886623	-0.0836527004961	-0.0236081004264	-0.0491832269652	0.00114742660655	-0.0727832577337
k__Bacteria;p__Bacteroidetes;c__Bacteroidia;o__Bacteroidales;f__Bacteroidaceae;g__Bacteroides;s__Bacteroides_ovatus	0.0445023035285	-0.00973544545547	-0.0659782792124	-0.0633026437784	-0.0199305499499	1.0	-0.0219219410468	-0.0437648214757	-0.0135384911691	0.0169318748339	-0.0390049140333	-0.0240020724633	0.0314704425344	0.0176134761654	-0.0651097876871	0.0384624039644	-0.00615826453386	-0.0353791304293	0.0104968289626	-0.035539202387	-0.0135611899454	-0.0138176798549	-0.0373452594499	0.0497215807565	-0.0890038413546	0.0378230927776	0.0126091326079	0.0189602930706	0.00810280212755	-0.0196556228925	0.0219117879462	0.0167548527186	0.0189625038259	-0.0795200293167	-0.0386884573138	-0.035788017429	0.00558141107425	0.0208652950844	0.0510805272271	-0.0579513710688	-0.047185034225	-0.0241926214311	-0.0255358320042	-0.0293914770399	0.0402362365081	-0.00684334992184	0.0215682588282	-0.0303673001011	0.00593222568474	-0.0466791305115	0.0351988579077	0.0105503064228	0.053033600094	0.0156138117882	-0.0332480913292	-0.0325713334431	0.0255848173088	0.0104958016501	0.00816591602066
k__Bacteria;p__Bacteroidetes;c__Bacteroidia;o__Bacteroidales;f__Rikenellaceae;g__Alistipes;s__Alistipes_shahii	-0.0265470874995	0.0236542682808	0.0842239285757	-0.0293735903671	-0.0114568097308	-0.0219219410468	1.0	0.0084155765758	-0.0422406030491	-0.0271704404736	-0.0230719328508	0.0182098457072	-0.0646353050754	-0.00265522718118	-0.0412123806935	-0.046217190125	-0.0721849733915	-0.0638511085922	0.0197150865066	-0.000783083264741	0.0169923624528	-0.021183731441	-0.065182210632	-0.0373134738171	0.0152602167384	0.0171354536878	0.0504028267173	-0.0151715971937	0.00499615120624	-0.0168013042302	-0.0130111604688	-0.000625387871484	0.0216737930976	-0.0364748297736	0.00267113796561	-0.00640738123254	-0.0370204086222	-0.0528158704596	-0.0411366942608	-0.017091094088	0.0097458474623	-0.0611752286279	-0.019017962877	-0.00940848463511	-0.0402489807882	0.0105844543349	0.000352320401353	0.0795431605822	-0.0301201106573	0.000141423779787	0.00109871498832	0.0348770207534	0.000423337897089	0.0544014814577	-0.0642498061501	-0.0330854665339	0.0290410228092	0.0119734577656	-0.0286855958596
k__Bacteria;p__Firmicutes;c__Clostridia;o__Clostridiales;f__Ruminococcaceae;g__Faecalibacterium;s__Faecalibacterium_prausnitzii	0.00174436638786	-0.000624809332299	0.0611972849716	-0.000373206633416	0.0554489151154	-0.0437648214757	0.0084155765758	1.0	0.0246531325284	0.00881476215319	0.00982219134099	-0.0515752027756	0.0048336522673	-0.00244948767428	-0.0394627410181	0.00869595605041	-0.0021158020319	-0.0236044338925	0.0150790406149	-0.0595968051273	-0.0130750187362	-0.0496006070393	-0.0376625742329	0.0199161679608	-0.049709586288	-0.0163634849782	-0.0150128728262	0.101168496868	-0.00606940142921	-0.0252093001002	-0.0163400616717	0.0468723610357	0.0262619225444	-0.0527555003491	-0.0868709556123	-0.037474931205	-0.0150248816127	-0.00540051154552	-0.0302488505445	-0.0185115740655	0.0201808301646	-0.0182096519626	0.0033786364426	0.00449175686971	-0.0120528659117	-0.0239491461712	0.0163015240252	0.00868823034007	0.0783444072145	-0.110448770842	-0.00108225430583	-0.0180825170778	0.0312591867739	-0.0433371424444	-0.0456903620355	-0.0397376142215	-0.0593951843829	0.0310971560234	-0.0265152753242
k__Bacteria;p__Bacteroidetes;c__Bacteroidia;o__Bacteroidales;f__Rikenellaceae;g__Alistipes;s__Alistipes_finegoldii	-0.0299753258105	0.0531527491504	0.0420386384202	-0.036370312971	0.0467963707833	-0.0135384911691	-0.0422406030491	0.0246531325284	1.0	-0.0220955444536	-0.0100666681404	-0.032150149866	-0.0336454755922	-0.00742770949308	0.0179359024085	-0.0531436556189	-0.0159483779317	0.00377499635577	0.0440068405505	0.00982793420492	-0.0850973927168	0.0135698772668	0.0129054402129	-0.0104030426318	-0.11418976511	-0.012289922215	0.0232805045594	0.0288052764172	0.0210082895468	-0.0234280830806	-0.0119260517164	-0.0870186999227	0.0317423868721	-0.0266736132184	-0.017890841295	0.0199683674998	0.0389602969881	-0.0308286178236	-0.0274965663378	-0.0148769363986	0.0510723298058	-0.0142195972912	-0.00798324603644	-0.0129281578438	-0.00961580735309	-0.0540980311939	-0.041389635808	-0.0160985446002	-0.0358839294011	-0.0115606753861	-0.0673189976162	-0.00997631446962	-0.0711814550329	0.0324119804577	-0.0219811446545	-0.0211390683858	-0.00905075783416	0.0203448324389	0.0303212543434
k__Bacteria;p__Bacteroidetes;c__Bacteroidia;o__Bacteroidales;f__Porphyromonadaceae;g__Parabacteroides;s__Parabacteroides_distasonis	-0.0178925717347	0.0470938724915	-0.00285935218857	-0.0365827630319	-0.0753926552174	0.0169318748339	-0.0271704404736	0.00881476215319	-0.0220955444536	1.0	0.0264542009473	-0.125645601393	-0.0757461781158	-0.0286975802764	0.0346455287861	0.0112186347132	0.00432048383023	0.0316314283495	-0.0502101613218	0.0454256116061	0.0206384601117	-0.0176051787841	-0.0362622009674	-0.0177914731682	-0.0537569229954	-0.0916038599333	-0.0154372846392	0.0434130730519	0.07973071721	-0.0200222772062	-0.00298051462428	-0.00738845481212	0.0519138216234	-0.0544310742671	-0.0177276534244	-0.0346747770714	0.0174563279379	-0.0682211359743	-0.0239790316662	0.0272565063107	-0.0684856051836	0.00948499904083	0.0260072381743	-0.00561512535543	-0.0604826733578	0.0141156420219	0.0128378526092	0.0169848056142	-0.0385606857069	-0.00102626648372	0.0208202778048	0.0236742296747	0.0259541532569	0.0677984476356	-0.00727086884396	-0.0545055168292	-0.0117508484217	0.0743233873449	0.0348474256759
k__Bacteria;p__Bacteroidetes;c__Bacteroidia;o__Bacteroidales;f__Bacteroidaceae;g__Bacteroides;s__Bacteroides_thetaiotaomicron	0.018944417274	0.0155230137224	-0.0650795192989	0.0263120612367	-0.0909489486381	-0.0390049140333	-0.0230719328508	0.00982219134099	-0.0100666681404	0.0264542009473	1.0	-0.0106367452773	-0.0385129674887	0.00830464799947	0.0115432666199	0.0275897228122	0.0440879990987	-0.0693541158731	-0.0402851928996	-0.0792158380476	0.013576678758	0.0112504347776	-0.0383886099802	0.00321440374617	-0.0257774584471	-0.0257754311178	-0.0402025034795	0.0285232362177	0.0394024793619	-0.0459742807551	0.002371025504	0.0035295788686	0.00452410716592	0.00933664988392	0.0650682620526	0.0150650203404	-0.0133431555844	-0.0365937474151	-0.112613737798	0.00411514174728	-0.0217694591368	-0.0321349682034	-0.0245807184529	-0.022232760272	0.0335616674382	-0.0147733087197	-0.030330340446	-0.0143018155583	-0.00997370902365	-0.00534347210379	0.0150428147106	-0.000621847582777	-0.0346008695036	-0.00453194363973	0.0445835397105	0.0870350344101	-0.0377884985647	-0.0188838886023	0.0247874923067
k__Bacteria;p__Bacteroidetes;c__Bacteroidia;o__Bacteroidales;f__Bacteroidaceae;g__Bacteroides;s__Bacteroides_coprocola	-0.0622851437082	0.0180202252567	0.0522105390898	-0.00964102208377	8.47592414923e-06	-0.0240020724633	0.0182098457072	-0.0515752027756	-0.032150149866	-0.125645601393	-0.0106367452773	1.0	-0.0188650235603	-0.0369715969751	-0.026237628711	-0.0187355814043	0.00233836092526	0.0257553414203	0.0425670629885	0.0208652630554	0.000693131409836	-0.0104491780345	-0.013222610075	0.0392575631312	-0.0429144049112	-0.0315818362319	-0.0291178074016	-0.0201183972635	-0.0615519286663	-0.00257285692664	-0.0176054829119	0.0541908562065	-0.0175034596401	-0.00947255366083	0.0044329272961	0.0258209873897	-0.00816577865564	-0.0577065405823	0.0271945251436	0.00401113117759	0.0584132221801	-0.016112522784	0.0122228738056	-0.0437563684592	-0.0252975398225	-0.0197459269313	0.045634262088	0.0517990059766	0.0236584385703	-0.0205458828195	0.0695498840095	-0.0805937812348	0.00963093974593	-0.0293309942927	0.000990097269631	-0.00164830378051	0.0481398469079	-0.0457129282457	-0.0575531060099
k__Bacteria;p__Bacteroidetes;c__Bacteroidia;o__Bacteroidales;f__Bacteroidaceae;g__Bacteroides;s__Bacteroides_cellulosilyticus	-0.0090667607726	-0.0188479579637	0.0271858767342	-0.0285639536148	-0.026846337498	0.0314704425344	-0.0646353050754	0.0048336522673	-0.0336454755922	-0.0757461781158	-0.0385129674887	-0.0188650235603	1.0	-0.0149385521945	0.00035000056313	-0.0179123920034	-0.0124635655759	0.0265005805865	0.00140837305126	-0.0269422993259	-0.00938118852214	-0.0743908491723	0.0378916612912	-0.060344871952	-0.0251087611242	0.0326795621238	-0.00559495075376	0.0274843628171	-0.0464776630693	-0.075746011711	-0.0212431129151	0.0262105212082	-0.00160526938939	0.0480771876434	-0.0601892640515	-0.00203436250868	-0.0398256144785	-0.0737897756995	0.00238358438271	0.052903303935	0.00513574631032	-0.0059196664309	0.0410725457501	0.0017868098809	0.0466603339073	0.00937843042601	-0.0673467618428	-0.0664531780997	0.0335920628384	-0.00607211261846	0.0332179194459	0.0605348218157	-0.0257382407797	-0.0530915280914	-0.0176924691785	-0.0637716089002	-0.0188525308637	-0.0222150439332	0.0361733029419
k__Bacteria;p__Bacteroidetes;c__Bacteroidia;o__Bacteroidales;f__Rikenellaceae;g__Alistipes;s__Alistipes_obesi	0.0517968190663	0.00708865434059	-0.0695316654843	0.0145475195158	0.00184987463358	0.0176134761654	-0.00265522718118	-0.00244948767428	-0.00742770949308	-0.0286975802764	0.00830464799947	-0.0369715969751	-0.0149385521945	1.0	-0.0545414684757	-0.0327764104627	0.0401615756396	-0.0368812343404	0.0402204132689	-0.0336111945075	-0.0565899596724	0.0617927598472	-0.0237412582455	0.0381468615259	0.0243703625242	0.00551288353087	-0.00102243530046	0.0200391232937	0.0155081926289	0.00502584509457	-0.00538250105991	-0.0284891344893	-0.0520985229917	-0.058579184714	-0.0328800671515	0.0162807862294	-0.0278665436395	-0.00470423393548	-0.0132002751493	-0.0449566133197	-0.00425936868206	-0.037925340828	0.0404158118882	0.00760974161932	0.0380099547783	0.0644541029599	-0.0227807334426	0.0199490915779	-0.0117637719367	-0.0268311285019	0.0420513491438	0.0579111660553	0.0176553829184	-0.0471337725108	0.00530088030739	-0.0529050579669	-0.0107841367734	-0.0622790815048	-0.015941691815
k__Bacteria;p__Firmicutes;c__Clostridia;o__Clostridiales;f__Lachnospiraceae;g__;s__[Eubacterium]_rectale	-0.00674153636717	0.0389039545261	-0.0323787366032	-0.00107092860585	0.0046791040866	-0.0651097876871	-0.0412123806935	-0.0394627410181	0.0179359024085	0.0346455287861	0.0115432666199	-0.026237628711	0.00035000056313	-0.0545414684757	1.0	-0.023175787365	0.0119947073563	0.0693195918444	0.00326377488381	-0.0695019503879	0.0139181126478	-0.00563101479628	0.0284097053559	-0.0589607315667	-0.0631939038161	-0.0125378231732	0.00280020721253	-0.0371917422126	0.000886871073671	-0.0214368611849	-0.0308155715691	0.0618535967685	0.0705479716476	-0.0169037858093	-0.0108631470859	0.011452034652	0.00395222716399	-0.0374924089523	-0.00717969771529	0.010365798153	0.00445278436989	0.00885941276446	-0.000566216751844	0.00112073474327	0.0110969244587	-0.01866500919	-0.0351228283316	0.0535986794925	-0.037573003717	-0.037276531413	-0.0295657488758	0.0158006163035	-0.0324838963072	-0.0393758429527	-0.0760915780047	0.0159499040677	0.00271413731548	0.026519767243	0.0190413852124
k__Bacteria;p__Bacteroidetes;c__Bacteroidia;o__Bacteroidales;f__Bacteroidaceae;g__Bacteroides;s__Bacteroides_plebeius	0.027000094006	-0.0456253831939	-0.0574421920237	0.000462016636621	0.0531282431051	0.0384624039644	-0.046217190125	0.00869595605041	-0.0531436556189	0.0112186347132	0.0275897228122	-0.0187355814043	-0.0179123920034	-0.0327764104627	-0.023175787365	1.0	-0.0896441426894	0.000725141147569	0.00188496206767	-0.0304470736415	0.015656225454	-0.00215992133372	-0.0241276163743	-0.0651933247715	-0.0314554526396	0.0279111384615	-0.0228833941864	0.00938621143137	0.0350731100193	-0.0400101810284	-0.0179745985253	-0.0199424750343	0.0154765478402	0.0388161276149	-0.0621456458111	-0.0353103818328	-0.0186309122528	0.0412718233205	-0.0391373737331	-0.100096696995	-0.0122823286709	-0.00817772279096	0.0615368257461	0.0162720063677	0.0179074223011	-0.0145453454043	-0.0314990203754	0.0817864916097	0.0295675055801	-0.0099380385203	0.076904926693	-0.0396686386819	0.00571390718402	0.00588407314322	0.019205445479	-0.0395724228234	-0.0139568111484	-0.0666457889451	-0.011078255225
k__Bacteria;p__Bacteroidetes;c__Bacteroidia;o__Bacteroidales;f__Bacteroidaceae;g__Bacteroides;s__Bacteroides_fragilis	0.0188226769063	-0.0217355864328	0.0190226704148	0.00269049913579	-0.00458895195214	-0.00615826453386	-0.0721849733915	-0.0021158020319	-0.0159483779317	0.00432048383023	0.0440879990987	0.00233836092526	-0.0124635655759	0.0401615756396	0.0119947073563	-0.0896441426894	1.0	0.00833370183962	0.0166430356633	-0.018626461615	-0.0736866131554	-0.0404778587255	0.0104816294573	-0.0894443910449	0.0581883391043	-0.0739590196474	-0.0767479667643	-0.0332748292734	0.0486714612686	-0.0141428531799	0.0394001264975	-0.0526029471908	0.110035009134	0.0241124314035	-0.03072687331	0.0244601252093	-0.00620423337698	-0.0616132348507	0.0139540016322	0.0135602749187	0.0234503463701	-0.0530323525053	-0.0137850201642	0.0505008437353	-0.00139388019402	0.0473049469851	-0.0196192579394	-0.0133796591406	-0.00707746019197	-0.0024140711291	0.00757501853538	-0.0386453381158	-0.0806529933648	-0.0604646267449	0.0989006869011	0.0140154960649	-0.0612556089997	0.0720942846965	-0.0395015511813
k__Bacteria;p__Proteobacteria;c__Betaproteobacteria;o__Burkholderiales;f__Sutterellaceae;g__Sutterella;s__Sutterella_wadsworthensis	-0.039464046928	0.0377074675814	-0.00590016614067	-0.057933694599	-0.0196342643388	-0.0353791304293	-0.0638511085922	-0.0236044338925	0.00377499635577	0.0316314283495	-0.0693541158731	0.0257553414203	0.0265005805865	-0.0368812343404	0.0693195918444	0.000725141147569	0.00833370183962	1.0	-0.00806853704006	-0.00359961436814	0.0348799188243	0.0202549496077	-0.0198575307568	0.0265527126159	-0.0605243371721	-0.0265770313654	-0.00319251087265	-0.040394358112	-0.0310944983078	0.0619850671867	-0.0788690097878	-0.04157496618	-0.0407300186611	-0.0349368508964	-0.00300749212829	-0.0142403593281	0.0145071464324	-0.0356862836546	0.00363429734229	0.0207788069487	0.00603911522603	-0.0388001687836	0.000778469954537	0.089332201125	-0.0312731067898	-0.0271491997522	0.00435793370515	0.00530782115861	0.0404148277956	0.0103772437036	-0.0370483366574	0.0325314657883	0.0316303978188	0.0133302309026	-0.0299719377594	-0.00355471114765	-0.0259965938208	0.0253379843143	0.0425742926062
k__Bacteria;p__Bacteroidetes;c__Bacteroidia;o__Bacteroidales;f__Porphyromonadaceae;g__Barnesiella;s__Barnesiella_intestinihominis	0.0181078496366	-0.0291019307601	-0.0229814022948	-0.0187274891289	0.0424331528823	0.0104968289626	0.0197150865066	0.0150790406149	0.0440068405505	-0.0502101613218	-0.0402851928996	0.0425670629885	0.00140837305126	0.0402204132689	0.00326377488381	0.00188496206767	0.0166430356633	-0.00806853704006	1.0	0.0366407479218	-0.0377111031041	0.0230688144597	0.00912737491049	0.0116452073213	-0.00771665529873	0.0470040230524	-0.0493933599291	-0.00639219735061	0.0691193915429	-0.021415994854	-0.0124100444312	-0.00585797971879	-0.0174803792184	0.0822337134553	0.0294430246954	-0.0499473277054	-0.0318229837213	-0.0270233562414	0.0155261399925	-0.0279325843805	-0.0474573319962	-0.0190413337708	0.00220404793091	-0.0169249232215	-0.0120048495551	-0.0363057294185	0.0092904956249	-2.46762263477e-05	0.023310402842	-0.0889158898784	-0.0641954687889	-0.0871757379844	0.0301522002122	0.0178656410482	-0.0301745022127	0.00168418783682	0.0406445141811	-0.0656867469109	-0.0187320049831
k__Bacteria;p__Bacteroidetes;c__Bacteroidia;o__Bacteroidales;f__Odoribacteraceae;g__Odoribacter;s__Odoribacter_splanchnicus	-0.0440931313953	0.0003753087908	-0.0516366189099	0.00421864426252	0.0549152353857	-0.035539202387	-0.000783083264741	-0.0595968051273	0.00982793420492	0.0454256116061	-0.0792158380476	0.0208652630554	-0.0269422993259	-0.0336111945075	-0.0695019503879	-0.0304470736415	-0.018626461615	-0.00359961436814	0.0366407479218	1.0	0.0305700720534	-0.0219437908522	0.0451687808698	-0.00352786785292	0.0591322263774	-0.0614881888347	0.0355702539216	0.0557302536832	-0.0307149560029	-0.0288846548909	-0.0319052888442	0.0322710756532	0.00557325645776	0.0328016220491	0.0495936511808	-0.0263544813428	-0.0679512296937	-0.0116696413205	0.0292391184263	-0.0416952383468	-0.0187320082538	-0.00292666116779	-0.00106601783172	0.0114754378457	0.0390210634027	-0.0693389983507	-0.0141491259115	-0.0215135380999	0.00776961565266	0.0166177618401	0.00668174592093	-0.0241277466154	-0.0126920465026	0.0381757177085	-0.0097315122214	-0.0481934376003	0.0181354049658	-0.0318894677316	-0.0101932142043
k__Bacteria;p__Bacteroidetes;c__Bacteroidia;o__Bacteroidales;f__Bacteroidaceae;g__Bacteroides;s__Bacteroides_salyersiae	-0.0330532161435	-0.078730119998	0.00334942385609	0.0567439403711	-0.00451912230977	-0.0135611899454	0.0169923624528	-0.0130750187362	-0.0850973927168	0.0206384601117	0.013576678758	0.000693131409837	-0.00938118852214	-0.0565899596724	0.0139181126478	0.015656225454	-0.0736866131554	0.0348799188243	-0.0377111031041	0.0305700720534	1.0	-0.0528307453162	0.0383796187698	-0.0491981864948	0.0316936144193	0.016634365551	-0.000706106418761	-0.0250933012634	0.0377107933925	-0.032027089816	-0.0399711274881	-0.0371917413105	-0.00526448286594	-0.00600932429555	-0.0717003725675	0.00870403705595	0.0345196058806	0.00566051636958	0.0551449564089	-0.0162315712779	-0.0222084519857	-0.0345119715467	-0.0732189088179	0.0146636424653	-0.0264356904475	0.0208068981101	0.0531074527321	-0.0557151126203	-0.0444321370808	0.0470479446224	-0.0126990808936	-0.0925555719762	-0.0294972882466	-0.00960203567789	0.0056301213659	-0.0176908180816	0.0545057574663	0.0180229828548	-0.0294435225588
k__Bacteria;p__Firmicutes;c__Clostridia;o__Clostridiales;f__Ruminococcaceae;g__Ruminiclostridium;s__[Eubacterium]_siraeum	-0.107430521817	-0.0479406613024	-0.0499532740575	-0.0191510563797	0.0367852165043	-0.0138176798549	-0.021183731441	-0.0496006070393	0.0135698772668	-0.0176051787841	0.0112504347776	-0.0104491780345	-0.0743908491723	0.0617927598472	-0.00563101479628	-0.00215992133372	-0.0404778587255	0.0202549496077	0.0230688144597	-0.0219437908522	-0.0528307453162	1.0	0.00251672424843	0.0495682002051	-0.0102165111517	-0.0063164055739	0.0419850234365	-0.0155703895341	0.0334268024288	0.0541284813836	0.00361429515981	-0.0651981629267	-0.0344035573986	0.00156809204019	0.0510371112597	-0.0205504925493	-0.0203146401745	-0.0680097920046	-0.00664273259756	-0.00646664112126	-0.0144961930309	-0.00570979693614	0.00984797195459	0.0332485388242	-0.0403292372483	-0.0157954892702	-0.0295326746916	0.0393600917297	-0.00989770770489	-0.0335444404235	0.0138207017163	0.0308234752705	-0.0192393445091	-0.0597531749336	-0.0251810225126	-0.0122642663942	0.0128320383556	-0.0112300767918	-0.0377235184845
k__Bacteria;p__Proteobacteria;c__Betaproteobacteria;o__Burkholderiales;f__Sutterellaceae;g__Parasutterella;s__Parasutterella_excrementihominis	-0.0402142573526	-0.014862589043	0.0143857311078	0.00346826646252	-0.0135295226425	-0.0373452594499	-0.065182210632	-0.0376625742329	0.0129054402129	-0.0362622009674	-0.0383886099802	-0.013222610075	0.0378916612912	-0.0237412582455	0.0284097053559	-0.0241276163743	0.0104816294573	-0.0198575307568	0.00912737491049	0.0451687808698	0.0383796187698	0.00251672424843	1.0	0.0595234107237	-0.0188504803304	0.0417335296684	-0.00125789129723	0.0447660803451	-0.00604301192454	-0.00856564133934	0.0378441568706	0.0515986910055	0.00639261111671	0.0860627174267	-0.0239957314864	0.00307281615277	0.0231664865847	0.00748223064666	-0.0270423811063	-0.0243763578693	0.024861623608	-0.0351984316086	-0.117556920408	-0.0202400941956	-0.0101455563918	0.0305573316997	-0.0312140437432	-0.0663645050541	0.00786316176763	-0.0146911928223	0.0079504637323	0.018564636479	-0.0100393250562	0.020951792506	0.0164704789643	-0.0208806361789	-0.0256702102776	0.0208957225899	-0.04374126167
k__Bacteria;p__Actinobacteria;c__Actinobacteria;o__Bifidobacteriales;f__Bifidobacteriaceae;g__Bifidobacterium;s__Bifidobacterium_adolescentis	-0.00272928599246	0.0147679517209	-0.0522968483502	-0.0060493321886	-0.00740497143692	0.0497215807565	-0.0373134738171	0.0199161679608	-0.0104030426318	-0.0177914731682	0.00321440374617	0.0392575631312	-0.060344871952	0.0381468615259	-0.0589607315667	-0.0651933247715	-0.0894443910449	0.0265527126159	0.0116452073213	-0.00352786785292	-0.0491981864948	0.0495682002051	0.0595234107237	1.0	-0.035187081914	-0.00083688048514	-0.0248080279584	0.0162152439172	0.0186719062886	-0.0728442576081	-0.0184425177099	-0.0119219919391	-0.0724781753971	-0.022429167367	0.0268769272267	-0.00350046071893	0.0220103868574	-0.00179490538124	-0.0615328052578	-0.0246266618775	-0.0496715556582	0.0334769425991	-0.029390893308	-0.0355435834871	-0.000985373182847	0.00367982359254	0.0225245467669	-0.0441945398905	0.0132215877308	0.000887794791343	-0.0088537635297	0.0052637126309	-0.0234532028299	-0.00157323619901	-0.0415825319126	-0.0477843718788	0.0187481562043	0.0336455725403	-0.0218684579873
k__Bacteria;p__Firmicutes;c__Clostridia;o__Clostridiales;f__Oscillospiraceae;g__Oscillibacter;s__Oscillibacter_sp._KLE_1745	-0.0495560986868	0.0212156018031	-0.00752830338102	-0.00563881444642	0.0305187985156	-0.0890038413546	0.0152602167384	-0.049709586288	-0.11418976511	-0.0537569229954	-0.0257774584471	-0.0429144049112	-0.0251087611242	0.0243703625242	-0.0631939038161	-0.0314554526396	0.0581883391043	-0.0605243371721	-0.00771665529873	0.0591322263774	0.0316936144193	-0.0102165111517	-0.0188504803304	-0.035187081914	1.0	-0.0456662015471	-0.00981813504253	-0.0047939335817	-0.00196542169313	-0.0120277783432	0.0951885228194	-0.00608152775459	-0.0506865180341	-0.021056031208	-0.0297532796295	0.0224586274881	-0.0203576727262	0.00443971634997	0.028018913878	-0.00746691624541	-0.0434944020809	0.0163495442409	0.00197123563246	0.00271334939641	0.032416592652	0.019283911141	-0.0297159500953	-0.0149856291928	-0.0034416235268	0.0517246468497	0.0123202292225	-0.0150070591755	0.00982203828589	-0.0278069663408	-0.036156798743	0.00924876007594	-0.00137224615879	0.0277886928027	0.0102367652276
k__Bacteria;p__Bacteroidetes;c__Bacteroidia;o__Bacteroidales;f__Bacteroidaceae;g__Bacteroides;s__Bacteroides_coprophilus	-0.00219889952031	0.0212321904575	-0.0251303325875	-0.0265271439164	-0.135700689157	0.0378230927776	0.0171354536878	-0.0163634849782	-0.012289922215	-0.0916038599333	-0.0257754311178	-0.0315818362319	0.0326795621238	0.00551288353087	-0.0125378231732	0.0279111384615	-0.0739590196474	-0.0265770313654	0.0470040230524	-0.0614881888347	0.016634365551	-0.0063164055739	0.0417335296684	-0.00083688048514	-0.0456662015471	1.0	-0.0250590069865	-0.00119327638057	0.0260801377778	0.0299508790577	0.0315109665828	-0.00560677910349	-0.00803450912371	-0.0462933637791	0.00708955302683	-0.0356251259066	-0.0302826822825	0.0011228470202	-0.0481089046287	-0.0120972321381	0.0156906248068	-0.0234798030296	-0.0580854951465	0.0383483867711	0.0418267501011	-0.0486721786915	-0.0264718292855	-0.0181336251381	0.0230780558571	0.00811952791694	-0.00964548023852	0.00649082262851	-0.0206768094818	-0.00512887688713	-0.0359987148346	-0.0619629771062	0.0178729295067	0.021425175887	0.0848029135413
k__Bacteria;p__Firmicutes;c__Clostridia;o__Clostridiales;f__Lachnospiraceae;g__Roseburia;s__Roseburia_intestinalis	-0.00362661532973	-0.00388153909468	0.0388956251309	0.0394903309516	-0.00857170160658	0.0126091326079	0.0504028267173	-0.0150128728262	0.0232805045594	-0.0154372846392	-0.0402025034795	-0.0291178074016	-0.00559495075376	-0.00102243530046	0.00280020721253	-0.0228833941864	-0.0767479667643	-0.00319251087265	-0.0493933599291	0.0355702539216	-0.000706106418761	0.0419850234365	-0.00125789129723	-0.0248080279584	-0.00981813504253	-0.0250590069865	1.0	-0.0565911174015	0.00801928166067	0.00871541476893	-0.0224826983626	-0.0229983429074	-0.0822992612425	-0.0324101342235	-0.0112425669295	0.0134878596854	-0.0345268340974	-0.0561075196085	-0.00518188189299	-0.0273007347374	0.0131085145096	0.031590720307	0.0188808249529	-0.051932475271	-0.00595085877498	0.0311823743279	0.0187309126569	0.000812284470774	0.0174595122516	0.00203510156436	0.0270427896404	0.0157324636861	-0.0652434732978	0.044798400361	-0.0175093072502	-0.00882864010484	-0.0496944689911	-0.00692637048339	-0.0255462535621
k__Bacteria;p__Firmicutes;c__Clostridia;o__Clostridiales;f__Lachnospiraceae;g__Roseburia;s__Roseburia_hominis	0.0135004316675	0.00588627945083	-0.0272172964199	-0.0347323625776	0.0187991920116	0.0189602930706	-0.0151715971937	0.101168496868	0.0288052764172	0.0434130730519	0.0285232362177	-0.0201183972635	0.0274843628171	0.0200391232937	-0.0371917422126	0.00938621143137	-0.0332748292734	-0.040394358112	-0.00639219735061	0.0557302536832	-0.0250933012634	-0.0155703895341	0.0447660803451	0.0162152439172	-0.0047939335817	-0.00119327638057	-0.0565911174015	1.0	-0.0497185228854	-0.0475584423158	-0.0442464420539	-0.0408296685253	-0.014592425874	0.0652841143717	-0.052683096599	-0.0271180668854	-0.0286645802634	0.0341892595593	-0.0551418290344	-0.000356338926681	0.000974349310708	0.0785485318365	-0.0148269796738	-0.00503105397509	-0.0779985542126	0.071081018124	-0.02916466814	-0.0407358832289	-0.0254930501189	0.00776634961553	-0.0141478597111	-0.0169923611862	0.00182727762313	-0.0463404429453	0.0246679096114	-0.0153485017294	-0.0387689823674	0.016392980941	-0.00186502491126
k__Bacteria;p__Bacteroidetes;c__Bacteroidia;o__Bacteroidales;f__Porphyromonadaceae;g__Parabacteroides;s__Parabacteroides_johnsonii	-0.0342000703158	-0.0226084991436	0.039120080219	-0.00546907997108	-0.0279629125178	0.00810280212755	0.00499615120624	-0.00606940142921	0.0210082895468	0.07973071721	0.0394024793619	-0.0615519286663	-0.0464776630693	0.0155081926289	0.000886871073671	0.0350731100193	0.0486714612686	-0.0310944983078	0.0691193915429	-0.0307149560029	0.0377107933925	0.0334268024288	-0.00604301192454	0.0186719062886	-0.00196542169313	0.0260801377778	0.00801928166067	-0.0497185228854	1.0	0.0329949849032	0.000663111842947	-0.0161533565658	-0.0272408518897	-0.0265711755044	0.020436879134	-0.065737461417	0.0590689854602	0.0073291671496	-0.0360449814783	-0.0217998145285	-0.0722715478956	0.0169015988708	-0.0563137741508	-0.0282638780015	-0.0608467109445	-0.0320371042831	-0.0416079066786	0.000683200094848	-0.00260225566262	-0.0332886594157	-0.0119313021702	0.0564688067171	0.0301335477887	-0.0171675260685	-0.0319021637547	0.0369636390174	-0.0331529427268	0.0415343628955	-0.00768577123117
k__Bacteria;p__Actinobacteria;c__Actinobacteria;o__Bifidobacteriales;f__Bifidobacteriaceae;g__Bifidobacterium;s__Bifidobacterium_longum	-0.0306739068249	-0.0610960004541	-0.0420406582147	0.0313070760905	-0.038116547947	-0.0196556228925	-0.0168013042302	-0.0252093001002	-0.0234280830806	-0.0200222772062	-0.0459742807551	-0.00257285692664	-0.075746011711	0.00502584509457	-0.0214368611849	-0.0400101810284	-0.0141428531799	0.0619850671867	-0.021415994854	-0.0288846548909	-0.032027089816	0.0541284813836	-0.00856564133934	-0.0728442576081	-0.0120277783432	0.0299508790577	0.00871541476893	-0.0475584423158	0.0329949849032	1.0	0.0514490753223	0.0028396067311	0.0898827300517	-0.0503813725937	0.00935906694219	-0.0546702463006	0.0107725149277	-0.00321058428704	0.00445808143873	0.0412909919355	0.0235072024425	-0.0371943698561	0.0688800742137	-0.0298655310093	0.0101342837106	0.00397903912401	-0.0280956727944	-0.0112143262399	-0.00645501232426	-0.064302162757	-0.062470481732	0.0170947518138	0.0457682164541	-0.0290731520687	0.0336687746509	0.0259876960171	-0.00501769118574	0.0301675705355	-0.0274814125816
