#taxonomy	k__Bacteria;p__Bacteroidetes;c__Bacteroidia;o__Bacteroidales;f__Bacteroidaceae;g__Bacteroides;s__Bacteroides_vulgatus	k__Bacteria;p__Bacteroidetes;c__Bacteroidia;o__Bacteroidales;f__Bacteroidaceae;g__Bacteroides;s__Bacteroides_uniformis	k__Bacteria;p__Bacteroidetes;c__Bacteroidia;o__Bacteroidales;f__Rikenellaceae;g__Alistipes;s__Alistipes_putredinis	k__Bacteria;p__Bacteroidetes;c__Bacteroidia;o__Bacteroidales;f__Prevotellaceae;g__Prevotella;s__Prevotella_copri	k__Bacteria;p__Bacteroidetes;c__Bacteroidia;o__Bacteroidales;f__Bacteroidaceae;g__Bacteroides;s__Bacteroides_stercoris	k__Bacteria;p__Bacteroidetes;c__Bacteroidia;o__Bacteroidales;f__Bacteroidaceae;g__Bacteroides;s__Bacteroides_ovatus	k__Bacteria;p__Bacteroidetes;c__Bacteroidia;o__Bacteroidales;f__Rikenellaceae;g__Alistipes;s__Alistipes_shahii	k__Bacteria;p__Firmicutes;c__Clostridia;o__Clostridiales;f__Ruminococcaceae;g__Faecalibacterium;s__Faecalibacterium_prausnitzii	k__Bacteria;p__Bacteroidetes;c__Bacteroidia;o__Bacteroidales;f__Rikenellaceae;g__Alistipes;s__Alistipes_finegoldii	k__Bacteria;p__Bacteroidetes;c__Bacteroidia;o__Bacteroidales;f__Porphyromonadaceae;g__Parabacteroides;s__Parabacteroides_distasonis	k__Bacteria;p__Bacteroidetes;c__Bacteroidia;o__Bacteroidales;f__Bacteroidaceae;g__Bacteroides;s__Bacteroides_thetaiotaomicron	k__Bacteria;p__Bacteroidetes;c__Bacteroidia;o__Bacteroidales;f__Bacteroidaceae;g__Bacteroides;s__Bacteroides_coprocola	k__Bacteria;p__Bacteroidetes;c__Bacteroidia;o__Bacteroidales;f__Bacteroidaceae;g__Bacteroides;s__Bacteroides_cellulosilyticus	k__Bacteria;p__Bacteroidetes;c__Bacteroidia;o__Bacteroidales;f__Rikenellaceae;g__Alistipes;s__Alistipes_obesi	k__Bacteria;p__Firmicutes;c__Clostridia;o__Clostridiales;f__Lachnospiraceae;g__;s__[Eubacterium]_rectale	k__Bacteria;p__Bacteroidetes;c__Bacteroidia;o__Bacteroidales;f__Bacteroidaceae;g__Bacteroides;s__Bacteroides_plebeius	k__Bacteria;p__Bacteroidetes;c__Bacteroidia;o__Bacteroidales;f__Bacteroidaceae;g__Bacteroides;s__Bacteroides_fragilis	k__Bacteria;p__Proteobacteria;c__Betaproteobacteria;o__Burkholderiales;f__Sutterellaceae;g__Sutterella;s__Sutterella_wadsworthensis	k__Bacteria;p__Bacteroidetes;c__Bacteroidia;o__Bacteroidales;f__Porphyromonadaceae;g__Barnesiella;s__Barnesiella_intestinihominis	k__Bacteria;p__Bacteroidetes;c__Bacteroidia;o__Bacteroidales;f__Odoribacteraceae;g__Odoribacter;s__Odoribacter_splanchnicus	k__Bacteria;p__Bacteroidetes;c__Bacteroidia;o__Bacteroidales;f__Bacteroidaceae;g__Bacteroides;s__Bacteroides_salyersiae	k__Bacteria;p__Firmicutes;c__Clostridia;o__Clostridiales;f__Ruminococcaceae;g__Ruminiclostridium;s__[Eubacterium]_siraeum	k__Bacteria;p__Proteobacteria;c__Betaproteobacteria;o__Burkholderiales;f__Sutterellaceae;g__Parasutterella;s__Parasutterella_excrementihominis	k__Bacteria;p__Actinobacteria;c__Actinobacteria;o__Bifidobacteriales;f__Bifidobacteriaceae;g__Bifidobacterium;s__Bifidobacterium_adolescentis	k__Bacteria;p__Firmicutes;c__Clostridia;o__Clostridiales;f__Oscillospiraceae;g__Oscillibacter;s__Oscillibacter_sp._KLE_1745	k__Bacteria;p__Bacteroidetes;c__Bacteroidia;o__Bacteroidales;f__Bacteroidaceae;g__Bacteroides;s__Bacteroides_coprophilus	k__Bacteria;p__Firmicutes;c__Clostridia;o__Clostridiales;f__Lachnospiraceae;g__Roseburia;s__Roseburia_intestinalis	k__Bacteria;p__Firmicutes;c__Clostridia;o__Clostridiales;f__Lachnospiraceae;g__Roseburia;s__Roseburia_hominis	k__Bacteria;p__Bacteroidetes;c__Bacteroidia;o__Bacteroidales;f__Porphyromonadaceae;g__Parabacteroides;s__Parabacteroides_johnsonii	k__Bacteria;p__Actinobacteria;c__Actinobacteria;o__Bifidobacteriales;f__Bifidobacteriaceae;g__Bifidobacterium;s__Bifidobacterium_longum	k__Bacteria;p__Firmicutes;c__Clostridia;o__Clostridiales;f__;g__Flavonifractor;s__Flavonifractor_plautii	k__Bacteria;p__Firmicutes;c__Clostridia;o__Clostridiales;f__Clostridiaceae;g__Clostridium;s__Clostridium_phoceensis	k__Bacteria;p__Verrucomicrobia;c__Verrucomicrobiae;o__Verrucomicrobiales;f__Akkermansiaceae;g__Akkermansia;s__Akkermansia_muciniphila	k__Bacteria;p__Bacteroidetes;c__Bacteroidia;o__Bacteroidales;f__Prevotellaceae;g__Paraprevotella;s__Paraprevotella_xylaniphila	k__Bacteria;p__Firmicutes;c__Clostridia;o__Clostridiales;f__Ruminococcaceae;g__Ruminococcus;s__Ruminococcus_callidus	k__Bacteria;p__Bacteroidetes;c__Bacteroidia;o__Bacteroidales;f__Rikenellaceae;g__Alistipes;s__Alistipes_senegalensis	k__Bacteria;p__Firmicutes;c__Clostridia;o__Clostridiales;f__Lachnospiraceae;g__Blautia;s__Blautia_sp._KLE_1732	k__Bacteria;p__Bacteroidetes;c__Bacteroidia;o__Bacteroidales;f__Bacteroidaceae;g__Bacteroides;s__Bacteroides_oleiciplenus	k__Bacteria;p__Firmicutes;c__Clostridia;o__Clostridiales;f__Ruminococcaceae;g__Ruminococcus;s__Ruminococcus_bicirculans	k__Bacteria;p__Bacteroidetes;c__Bacteroidia;o__Bacteroidales;f__Bacteroidaceae;g__Bacteroides;s__Bacteroides_fluxus	k__Bacteria;p__Bacteroidetes;c__Bacteroidia;o__Bacteroidales;f__Prevotellaceae;g__Prevotella;s__Prevotella_stercorea	k__Bacteria;p__Firmicutes;c__Clostridia;o__Clostridiales;f__Lachnospiraceae;g__Dorea;s__Dorea_longicatena	k__Bacteria;p__Firmicutes;c__Clostridia;o__Clostridiales;f__Eubacteriaceae;g__Eubacterium;s__[Eubacterium]_eligens	k__Bacteria;p__Firmicutes;c__Clostridia;o__Clostridiales;f__Ruminococcaceae;g__;s__Ruminococcaceae_bacterium_D16	k__Bacteria;p__Firmicutes;c__Clostridia;o__Clostridiales;f__Lachnospiraceae;g__Coprococcus;s__Coprococcus_comes	k__Bacteria;p__Proteobacteria;c__Gammaproteobacteria;o__Enterobacterales;f__Enterobacteriaceae;g__Escherichia;s__Escherichia_coli	k__Bacteria;p__Firmicutes;c__Clostridia;o__Clostridiales;f__Ruminococcaceae;g__Anaerotruncus;s__Anaerotruncus_colihominis	k__Bacteria;p__Firmicutes;c__Clostridia;o__Clostridiales;f__Lachnospiraceae;g__Blautia;s__Blautia_obeum	k__Bacteria;p__Bacteroidetes;c__Bacteroidia;o__Bacteroidales;f__Odoribacteraceae;g__Odoribacter;s__Odoribacter_laneus	k__Bacteria;p__Firmicutes;c__Clostridia;o__Clostridiales;f__Ruminococcaceae;g__Ruminiclostridium;s__[Clostridium]_leptum	k__Bacteria;p__Bacteroidetes;c__Bacteroidia;o__Bacteroidales;f__Porphyromonadaceae;g__Parabacteroides;s__Parabacteroides_goldsteinii	k__Bacteria;p__Firmicutes;c__Clostridia;o__Clostridiales;f__Lachnospiraceae;g__Anaerostipes;s__Anaerostipes_hadrus	k__Bacteria;p__Firmicutes;c__Clostridia;o__Clostridiales;f__Ruminococcaceae;g__Ruminococcus;s__Ruminococcus_lactaris	k__Bacteria;p__Firmicutes;c__Clostridia;o__Clostridiales;f__Clostridiaceae;g__Clostridium;s__Clostridium_sp._L2-50	k__Bacteria;p__Firmicutes;c__Clostridia;o__Clostridiales;f__Clostridiaceae;g__Clostridium;s__Clostridium_sp._M62/1	k__Bacteria;p__Firmicutes;c__Clostridia;o__Clostridiales;f__;g__Intestinimonas;s__Intestinimonas_butyriciproducens	k__Bacteria;p__Actinobacteria;c__Actinobacteria;o__Bifidobacteriales;f__Bifidobacteriaceae;g__Bifidobacterium;s__Bifidobacterium_bifidum	k__Bacteria;p__Firmicutes;c__Negativicutes;o__Veillonellales;f__Veillonellaceae;g__Dialister;s__Dialister_invisus	k__Bacteria;p__Bacteroidetes;c__Bacteroidia;o__Bacteroidales;f__Bacteroidaceae;g__Bacteroides;s__Bacteroides_salanitronis
k__Bacteria;p__Bacteroidetes;c__Bacteroidia;o__Bacteroidales;f__Bacteroidaceae;g__Bacteroides;s__Bacteroides_vulgatus	1.0	0.0415675841305	-0.0298519524311	-0.0418199614511	0.0195736955399	0.0666963512724	-0.0192913836136	-0.00731727211238	-0.0450706313814	-0.0231577938543	0.010169728801	-0.0686011244795	0.0376876708778	0.00902495494577	-0.0158041825262	-0.0181894104865	0.0381520556625	-0.00756666611056	0.0153458504235	-0.0155749623982	0.0573311175165	0.0385408923019	-0.02779398577	-0.0580966527746	-0.00716658110019	0.0630251160063	0.0259113084714	0.0315774358439	0.0180091903531	-0.0229642987996	0.0330904414296	-0.0407765180683	-0.0451964551002	-0.0578864332183	-0.044082721654	-0.0191981999895	0.0249834130031	0.03377230063	-0.0300636351388	-0.0342409301967	0.0457486745943	0.00702867952036	0.0043236065661	-0.0293104770026	-0.021314337807	-0.0422711380004	-0.0328446309449	-0.0192370673497	0.0464069743136	-0.0224820306064	-0.0697972714193	0.0517597231018	-0.0434534532356	0.0109390909552	0.0440742234964	0.0192576959915	-0.126498922862	0.0247094012989	-0.0210405850891
k__Bacteria;p__Bacteroidetes;c__Bacteroidia;o__Bacteroidales;f__Bacteroidaceae;g__Bacteroides;s__Bacteroides_uniformis	0.0415675841305	1.0	-0.0295500854985	0.0209251714201	-0.0559735599098	-0.0370346983339	0.036701025593	-0.0306354834843	0.0124373106803	-0.00686445397986	0.0821868747088	-0.0363380202552	-0.0151300102133	-0.00157093080831	-0.0488912532259	-0.0728218595062	0.00924262916856	0.0230222323035	-0.0401614265206	-0.00301257934906	-0.0344376683344	-0.0323856897592	-0.027920482283	0.0153025055361	-0.0180532769769	-0.028323713576	0.00532541072388	-0.00147517989426	-0.00252590952388	-0.0691546025724	0.0304841160207	-0.0488527527545	-0.0333068346471	0.0694836245043	0.0110309006779	0.00567632365082	0.00738120995724	-0.00991379618535	0.0528430944883	-0.0454018182985	0.0749440770341	-0.0220948603493	-0.0597033700681	0.0188213253589	0.0574183681932	-0.0595702919849	0.0143406198968	-0.00131157982662	-0.00731920808611	-0.0112272263696	-0.00401490420738	0.0665310140238	-0.0192563717671	0.0502114284028	-0.0363814511826	-0.0495575059411	-0.0195399445018	-0.0207820106844	-0.00894453742506
k__Bacteria;p__Bacteroidetes;c__Bacteroidia;o__Bacteroidales;f__Rikenellaceae;g__Alistipes;s__Alistipes_putredinis	-0.0298519524311	-0.0295500854985	1.0	-0.0392618745426	0.0484630602717	0.00172559647227	-0.00912906945347	-0.0195608156741	-0.00719239769265	-0.0490617447272	-0.0300080174757	0.00795698324603	0.0334804230404	-0.0180474302029	-0.0191319235436	-0.0611241802391	-0.00536977766803	-0.0342958409083	-0.00547747161358	0.000253945390902	0.0173486483253	0.0150603758886	-0.0495099036212	0.0119785232572	0.0436101578584	-0.0501098364052	0.00787457823843	-0.043678195625	-0.0330982403807	-0.0171507391244	-0.0315657406287	0.00252615099282	-0.00289476428458	0.0308327686713	-0.000432447066268	-0.0175652316387	0.0856402757071	0.0178511791021	-0.053015121027	0.0358473156762	0.0357058707942	-0.0242321312341	-0.0184938696719	-0.019583225812	0.0232459894728	-0.0153926343921	-0.0378113938023	0.0132739685717	-0.00175003600003	-0.0158615479897	0.0734917801986	-0.0359841999235	-0.00426297995403	-0.0612481209596	0.0140955139518	-0.00304242034332	-0.0489313397343	-0.026037227009	-0.00410276041819
k__Bacteria;p__Bacteroidetes;c__Bacteroidia;o__Bacteroidales;f__Prevotellaceae;g__Prevotella;s__Prevotella_copri	-0.0418199614511	0.0209251714201	-0.0392618745426	1.0	0.0186066783876	0.0475853884068	-0.0134771239132	0.014427204597	0.0220660849418	-0.0511468165142	0.00235674934077	-0.022586407129	-0.0499142839583	-0.0600748209673	-0.0723086746558	0.0137805684662	0.0412344617542	-0.00455775988163	-0.000161356940001	-0.0104181752976	0.016467497897	0.0418248441598	0.0182953689562	-0.0697238169716	0.0131531562056	-0.0122703711785	-0.0269325960693	-0.01393052671	-0.0574995772968	-0.0146440147527	-0.0370009898485	-0.0214314473673	-0.0428394991276	-0.00095673435588	-0.0196614841364	-0.0376010105243	0.0592525453241	0.0238186871853	-0.0438558541047	-0.0420759073165	-0.00525369952568	-0.0359277349649	0.00101450228572	0.02210956149	0.00641288240289	0.00775261765162	0.0904706478807	0.0451823158217	-0.0332516661015	-0.0484697736393	-0.0369054641669	0.0176394845579	-0.0117430534634	-0.0331470563289	-0.0218600558326	0.0230728004554	-0.00528357745487	0.0687269675761	-0.0388573697487
k__Bacteria;p__Bacteroidetes;c__Bacteroidia;o__Bacteroidales;f__Bacteroidaceae;g__Bacteroides;s__Bacteroides_stercoris	0.0195736955399	-0.0559735599098	0.0484630602717	0.0186066783876	1.0	-2.65657013651e-05	0.0272660893215	-0.00596311670912	-0.020377326994	-0.0627717899457	-0.0106977076438	-0.0340170452285	0.00460539728195	0.0642043702797	-0.0469918103361	0.00324588396301	0.0103174697441	0.00732591244037	-0.0136809026908	-0.0277797032648	-0.00620611621724	-0.00875423752053	0.0200809913826	0.0286423989012	0.0152515611773	-0.00391217061566	-0.0663723812287	-0.0376632614696	0.00977595392824	-0.00112397927254	-0.00179984841742	-0.049059016144	-0.00643048913447	-0.0379988606796	0.00644140170016	-0.0163121427879	-0.0751510681417	0.0356311404886	-0.0715374840516	0.000265859907421	-0.031332252049	0.0359629310493	0.0373930290485	-0.00852245026449	0.0054855817875	-0.0526972488579	-0.0545925975766	-0.0333220858446	0.0223817554257	-0.0365003339362	0.0584581217151	-0.0683412275114	-0.0779649878367	-0.059589778848	-0.0102681112599	-0.0107804887556	-0.0228565918249	-0.080363252899	0.00993547024536
k__Bacteria;p__Bacteroidetes;c__Bacteroidia;o__Bacteroidales;f__Bacteroidaceae;g__Bacteroides;s__Bacteroides_ovatus	0.0666963512724	-0.0370346983339	0.00172559647227	0.0475853884068	-2.65657013651e-05	1.0	-0.0171913729972	-0.0351278571264	0.0235795050495	-0.0138447868014	-0.0624276994453	-0.0138481592082	0.0371328769512	0.00606240608139	-0.0335365290221	-0.00907810983064	-0.0138851936872	-0.0632710961831	0.023225577496	-0.0156297244621	-0.00422752974943	0.0436128870947	-0.00252639740159	0.0291330323506	0.0390337765517	-0.0266622765477	0.0710624618115	-0.00505912922152	-0.0156282060549	0.0176225517817	-0.0779293911139	0.0150854872814	-0.0464407439467	-0.0219841217624	-0.0242163785361	0.00509582501273	0.00553210343055	-8.17726813621e-05	-0.00388187273578	0.0390461469502	-0.00315485782556	-0.0197683582861	-0.0342778898645	0.020289157129	0.00949969569322	-0.00289980221067	-0.0163445470513	-0.0799587638871	-0.0516639776813	-0.015823098389	-0.0636929167588	-0.0540459437966	0.0988612633691	0.0249130407879	0.032211556583	0.0259494800756	0.0106265927462	-0.0911275255734	0.0333362056222
k__Bacteria;p__Bacteroidetes;c__Bacteroidia;o__Bacteroidales;f__Rikenellaceae;g__Alistipes;s__Alistipes_shahii	-0.0192913836136	0.036701025593	-0.00912906945347	-0.0134771239132	0.0272660893215	-0.0171913729972	1.0	0.0275510014094	-0.017307414451	-0.0383994052787	-0.0104413224499	0.0274398749881	0.0237266874296	-0.0486536119666	0.00790440081957	-0.0392701807691	0.0301045716011	0.0602435307769	-0.0413445693328	0.00190870575699	-0.0494047309488	-0.00676076033881	-0.00512427778392	-0.0616104354792	-0.00846290951236	-0.0271995674292	0.0153903537876	0.00414882450465	-0.01211597626	-0.0486811407494	0.0313023436334	-0.00900533762164	0.00464951214293	0.0275587096921	0.0235035276923	-0.0193529207364	-0.0868967211908	-0.022001152384	0.00453967947902	-0.00186130392182	-0.0545900059859	-0.0377841747172	0.057991420835	0.0166606783394	0.0377645153373	0.0680733624492	0.0190991202418	-0.00499255103128	0.00574948270951	-0.0784799480301	-0.0442502462558	0.00545528983932	-0.0764219849059	0.0181309164624	-0.0269364572832	0.0127135021886	0.049470287997	-0.0322256878203	0.00610175066215
k__Bacteria;p__Firmicutes;c__Clostridia;o__Clostridiales;f__Ruminococcaceae;g__Faecalibacterium;s__Faecalibacterium_prausnitzii	-0.00731727211238	-0.0306354834843	-0.0195608156741	0.014427204597	-0.00596311670912	-0.0351278571264	0.0275510014094	1.0	-0.0401255200105	-0.0191025873817	0.054122679404	-0.0575967477025	-0.0111157964155	-0.0238588468063	0.00469789947419	0.00458358697783	0.0337596454436	0.00495921813588	0.0671519706447	-0.0131912708648	-0.0474647387269	0.0189181467158	0.023498076401	-0.0481479989307	-0.0827649482313	0.0121317663918	-0.0202240647932	-0.0579371542447	0.00978209755384	-0.012812853106	0.0104779168239	0.013607389031	-0.0374617931112	-0.00610382650697	0.00631495620793	-0.0636556456829	-0.00375911610292	0.0106119849671	-0.0280184995839	0.00688865523101	0.0177249679311	-0.0223869727795	-0.0256033055869	-0.00390885115241	0.0209397957985	-0.0626399287321	-0.0141392653133	-0.0235013020706	0.0475152633966	-0.0538647822346	-0.0102489878977	0.054346846391	-0.0170657145527	0.0138884839687	-0.0378853473478	-0.0363172322443	-0.0340393751231	-0.0383433656875	0.0240587761118
k__Bacteria;p__Bacteroidetes;c__Bacteroidia;o__Bacteroidales;f__Rikenellaceae;g__Alistipes;s__Alistipes_finegoldii	-0.0450706313814	0.0124373106803	-0.00719239769265	0.0220660849418	-0.020377326994	0.0235795050495	-0.017307414451	-0.0401255200105	1.0	0.0166858118539	0.0126688574411	0.0287559966639	-0.0237335312022	0.0652387807601	-0.0220311877727	-0.0513382215378	0.00965896684855	0.0181798972606	0.039886673363	0.0187268280273	-0.0186026891675	-0.0443927379668	-0.0353999423999	-0.0204847285113	0.0347650996021	-0.0122596325079	0.0221606955221	-0.0273843668272	-0.0623166231854	-0.00882593648056	0.00766284193108	0.09210790575	-0.0265901341085	0.0322782549904	-0.0142951284585	-0.0432084795734	0.0166103529775	0.0176631248613	0.0012214403095	0.0128919043927	0.022636525485	0.00552377220617	-0.0367771647957	-0.0366069854731	-0.00677939188099	0.0164721708208	-0.0139777312552	0.00553164402444	-0.0683375896478	0.0234061316196	0.0567369574503	-0.00503868755657	-0.0607674211985	-0.0430913831574	-0.02266895764	-0.0385261793241	0.0304475229481	-0.0306976189437	-0.0119388033063
k__Bacteria;p__Bacteroidetes;c__Bacteroidia;o__Bacteroidales;f__Porphyromonadaceae;g__Parabacteroides;s__Parabacteroides_distasonis	-0.0231577938543	-0.00686445397986	-0.0490617447272	-0.0511468165142	-0.0627717899457	-0.0138447868014	-0.0383994052787	-0.0191025873817	0.0166858118539	1.0	-0.0451909093157	-0.00430660585255	-0.00490182782458	0.051790197569	-0.012718173885	-0.0203386844596	-0.00647720394638	0.0233747270903	0.0335621619807	-0.0106770980214	0.0262395743238	-0.0441078850517	0.0108775062628	0.00102180986386	-0.0159735486972	-0.0287571102469	-0.0122399387199	0.0191327672738	-0.0420724336326	-0.0225106660552	-0.0270568760536	0.0132246729436	0.0270806305289	-0.0714455811885	-0.0412648419195	-0.0438762396214	-0.00226027317376	-0.0727998145675	-0.0267210110052	-0.00919315003844	-0.0375204237487	-0.0141422231394	-0.0193020966804	-0.0284545724093	-0.0346852607748	-0.00242733872375	-0.00513925340531	-0.0846627345425	0.0213919368293	0.0307797049593	0.0191242376335	-0.0669960219455	-0.00698673304194	0.0197579661704	-0.0115798629361	0.0146503870315	-0.0225145776264	0.0415764483867	-0.053795426505
k__Bacteria;p__Bacteroidetes;c__Bacteroidia;o__Bacteroidales;f__Bacteroidaceae;g__Bacteroides;s__Bacteroides_thetaiotaomicron	0.010169728801	0.0821868747088	-0.0300080174757	0.00235674934077	-0.0106977076438	-0.0624276994453	-0.0104413224499	0.054122679404	0.0126688574411	-0.0451909093157	1.0	-0.0243283925682	0.0458832962704	0.03436349141	0.0377394005534	0.0105170935758	-0.0226059799312	0.0100797888251	-0.0279124530833	-0.0286988596166	0.0180131315228	-0.0279146268434	0.0326578733216	-0.00351486689373	0.0578395809311	-0.0434451164799	-0.0131813830368	-0.0424617538177	-0.0292423158647	-0.0491262069918	0.00015994779839	-0.00918229511962	-0.0302090909403	-0.0421342975415	0.0917199464934	-0.00669319678608	0.00823594569842	-0.0209677899761	-0.0635677297317	-0.0416976776263	0.0376307728074	-0.0503557551285	-0.0238825099919	-0.0221659693943	-0.0484573815036	-0.0362153199877	0.0606482035247	0.0242517878574	0.00121146240007	-0.013827333415	-0.0601083365127	-0.0367808463899	0.0545076302508	-0.0601284789025	-0.0439819822103	-0.0373876199886	-0.00995305199698	-0.0153748565822	0.0245218768012
k__Bacteria;p__Bacteroidetes;c__Bacteroidia;o__Bacteroidales;f__Bacteroidaceae;g__Bacteroides;s__Bacteroides_coprocola	-0.0686011244795	-0.0363380202552	0.00795698324603	-0.022586407129	-0.0340170452285	-0.0138481592082	0.0274398749881	-0.0575967477025	0.0287559966639	-0.00430660585255	-0.0243283925682	1.0	-0.0328160945356	-0.0259524418607	-0.00788618472533	-0.0222576424325	-0.0313998155983	0.0327674044466	0.0541629136539	0.00244360537023	0.0151993761565	0.0295791243682	0.0557069065295	0.0025056107436	-0.0238450033407	-0.0243113439291	-0.00593946015864	-0.0119573125172	0.0296821405597	-0.0306728021139	0.0271192839538	-0.0320839296577	-0.0632333202139	0.0233750974145	-0.00822125017303	0.0265140107969	-0.080678213159	-0.0121377005763	0.000102591629993	0.0249737815619	0.035372607359	0.0658962038693	0.0168885268996	-0.0895730414072	0.0539469494502	-0.000746858653634	-0.0216041477168	0.0103928432405	0.0138200287732	-0.0141161192846	0.000752578307752	-0.0158298687254	-0.031775986775	0.00775000197353	-0.0766363615243	-0.00406734224316	-0.0272174296023	-0.0466988742302	0.0211905722516
k__Bacteria;p__Bacteroidetes;c__Bacteroidia;o__Bacteroidales;f__Bacteroidaceae;g__Bacteroides;s__Bacteroides_cellulosilyticus	0.0376876708778	-0.0151300102133	0.0334804230404	-0.0499142839583	0.00460539728195	0.0371328769512	0.0237266874296	-0.0111157964155	-0.0237335312022	-0.00490182782458	0.0458832962704	-0.0328160945356	1.0	-0.00435671413988	-0.0566696553929	0.0247383216115	0.0269851857388	-0.0415541316265	-0.000915841910772	0.0573404217512	-0.0364611677238	-0.043766449608	0.0546075435697	-0.0867271281048	0.0569640397772	0.00269336116425	0.014655293156	0.070547300665	-0.00129646487569	-0.0131911712953	0.034683371135	-0.0174521915968	0.0380872136895	-0.0313640126274	0.0199376370008	-0.0502652168663	-0.0256267194001	-0.0182025318738	-0.0444184077055	0.0170712636565	0.0130426053049	-0.0115836564211	-0.0513865677155	-0.0686103138395	-0.0417865239453	-0.0308474813198	-0.040835098662	-0.00670678200579	-0.00325964448449	-0.0311894524245	-0.0304508818243	-0.0243640107698	0.031035342701	-0.0648011678408	-0.0267769591234	-0.00430845762601	0.0290471431065	0.0175785217586	-0.0202131392878
k__Bacteria;p__Bacteroidetes;c__Bacteroidia;o__Bacteroidales;f__Rikenellaceae;g__Alistipes;s__Alistipes_obesi	0.00902495494577	-0.00157093080831	-0.0180474302029	-0.0600748209673	0.0642043702797	0.00606240608139	-0.0486536119666	-0.0238588468063	0.0652387807601	0.051790197569	0.03436349141	-0.0259524418607	-0.00435671413988	1.0	0.0175557148638	0.00774501536627	-0.0207524726777	-0.0230625828692	-0.0625117668018	0.0638682220848	0.0106553640942	0.0141844369949	-0.0148177100557	0.0440067010281	-0.0329991950839	-0.0160262216479	0.0635187876099	-0.000344289902235	-0.000228853285898	0.0320554900087	-0.0382527917719	-0.0543721066568	-0.0791223755246	-6.92195825066e-05	-0.0413063662909	-0.0587247396263	-0.0152290704184	0.0782842055147	0.0795904443775	0.0174914012619	-0.0196263949378	-0.0199174559333	0.0277513440875	0.00135889737903	0.00462840556278	0.0150276881556	-0.0571790767883	-0.0436190056177	-0.0156252974486	0.00181806401357	0.0274624615939	-0.0710066809825	-0.0453885006721	-0.0231016723082	-0.0663906494739	0.0293321184084	-0.0643962471883	-0.0560300547395	-0.035949923359
k__Bacteria;p__Firmicutes;c__Clostridia;o__Clostridiales;f__Lachnospiraceae;g__;s__[Eubacterium]_rectale	-0.0158041825262	-0.0488912532259	-0.0191319235436	-0.0723086746558	-0.0469918103361	-0.0335365290221	0.00790440081957	0.00469789947419	-0.0220311877727	-0.012718173885	0.0377394005534	-0.00788618472533	-0.0566696553929	0.0175557148638	1.0	-0.033392843032	-0.0545635796838	-0.0696245733663	0.0301478032146	0.0191867916559	0.0252924366846	-0.00765740959507	0.0136975338243	-0.03496120817	0.00160657489989	0.00439236997965	0.035031042107	0.0266668654804	-0.0652164102111	0.0244513059761	0.010205293759	-0.0451550077076	0.00646109179076	0.0240114742875	-0.0951643123814	-0.0127494098081	0.0263619462666	0.0396632238717	-0.0343175981085	-0.0570153893436	0.0191844351478	-0.0190808686303	0.0192137896133	-0.0305188831481	-0.0655635390162	-0.0123959289181	0.00295414267725	0.0347768592172	-0.0401604801888	0.00395178822285	0.0344747892613	-0.0198945459473	0.0083430592558	0.0349741140108	-0.0163188559774	-0.00163704940883	0.00525629978555	-0.0362046247616	0.0199310159793
k__Bacteria;p__Bacteroidetes;c__Bacteroidia;o__Bacteroidales;f__Bacteroidaceae;g__Bacteroides;s__Bacteroides_plebeius	-0.0181894104865	-0.0728218595062	-0.0611241802391	0.0137805684662	0.00324588396301	-0.00907810983064	-0.0392701807691	0.00458358697783	-0.0513382215378	-0.0203386844596	0.0105170935758	-0.0222576424325	0.0247383216115	0.00774501536627	-0.033392843032	1.0	0.011522815484	0.0174266019602	-0.0724479810448	0.0177430042479	-0.0163756807569	-0.00712050302392	-0.0232104688992	-0.0615779368265	0.0387534825846	0.0693209931576	0.0242544219846	0.0278441873429	-0.0787731530981	0.00336761525548	-0.0414513697771	0.0175893791381	-0.00222034400685	-0.0661636348419	-0.00581433673466	-0.0731525502757	-0.0392778509341	0.0487862537657	-0.0291310228085	-0.0318036806758	-0.0143117989501	-0.0131891232429	-0.00705256293492	0.0155173515856	0.0138714074427	-0.00690012112874	-0.00672209852913	-0.0624892489806	-0.0553684070532	0.0318509985586	-0.0374291644672	-0.00708365835583	0.00464915060445	-0.069229839859	0.00527551809535	-0.0126971225524	0.0338547082112	-0.021199594795	0.058099258376
k__Bacteria;p__Bacteroidetes;c__Bacteroidia;o__Bacteroidales;f__Bacteroidaceae;g__Bacteroides;s__Bacteroides_fragilis	0.0381520556625	0.00924262916856	-0.00536977766803	0.0412344617542	0.0103174697441	-0.0138851936872	0.0301045716011	0.0337596454436	0.00965896684855	-0.00647720394638	-0.0226059799312	-0.0313998155983	0.0269851857388	-0.0207524726777	-0.0545635796838	0.011522815484	1.0	0.0365593193506	0.0364639965493	-0.0011899418196	-0.0222155793974	-0.0253506785348	-0.0250441576961	-0.0729762495469	0.0228355865028	-0.00578136205176	-0.0736767572504	-0.0546956849379	-0.00926760334516	0.0024226640902	0.0170346867664	-0.0245322562672	0.00496559883914	-0.0527889483543	0.0226430534423	0.0385509316463	0.026029496359	0.0168581320864	-0.0622841386704	0.0133305504901	-0.0228110852135	-0.0263706436848	-0.0137984992606	-0.00983189813001	-0.06323542974	-0.0231885829288	-0.0124816835377	-0.0211314456888	-0.0282021742886	0.054607788405	-0.00502610856321	0.0559764373319	-0.0368238293363	-0.0553877202818	0.00172001407899	0.031636283089	0.0760887953864	-0.0195061525487	0.0406227810182
k__Bacteria;p__Proteobacteria;c__Betaproteobacteria;o__Burkholderiales;f__Sutterellaceae;g__Sutterella;s__Sutterella_wadsworthensis	-0.00756666611056	0.0230222323035	-0.0342958409083	-0.00455775988163	0.00732591244037	-0.0632710961831	0.0602435307769	0.00495921813588	0.0181798972606	0.0233747270903	0.0100797888251	0.0327674044466	-0.0415541316265	-0.0230625828692	-0.0696245733663	0.0174266019602	0.0365593193506	1.0	0.0805176314846	0.000987290696615	0.00784647942085	-0.0599879314626	0.000293517113787	0.0183208530268	0.00662850589787	0.0502789246245	-0.0312357478289	-0.0245097455011	-0.00677404283107	-0.046930967301	0.00723612112338	-0.0111833628453	0.0222550416526	0.0243514518427	0.0217304592822	-0.0761185464892	-0.00193631480273	-0.0343063838998	-0.0988830354534	-0.0181299459544	0.0248280251532	0.00584537474209	0.0138816844703	-0.0390744836442	0.0168100656708	0.0179016430355	-0.0791049206175	-0.0102593732399	0.046568898204	0.0524402491589	-0.0500633455103	-0.0400585646149	-0.0718819962429	-0.0644461921608	-0.0423401128645	0.039412772344	0.0244530240902	0.02626855014	-0.0665423924366
k__Bacteria;p__Bacteroidetes;c__Bacteroidia;o__Bacteroidales;f__Porphyromonadaceae;g__Barnesiella;s__Barnesiella_intestinihominis	0.0153458504235	-0.0401614265206	-0.00547747161358	-0.000161356940001	-0.0136809026908	0.023225577496	-0.0413445693328	0.0671519706447	0.039886673363	0.0335621619807	-0.0279124530833	0.0541629136539	-0.000915841910772	-0.0625117668018	0.0301478032146	-0.0724479810448	0.0364639965493	0.0805176314846	1.0	0.0134630370613	-0.0114091265348	0.0142229229916	0.0165668801197	-0.0218960188881	-0.0313868070731	-0.0316822271379	0.0132955646648	-0.00224477431715	-0.0395433643063	-0.0569858084028	-0.0131045093512	-0.014135377775	-0.0135507822196	0.0696842925687	0.0548240369906	-0.0382143725867	0.0694359014289	-0.0562305159552	-0.0229226245578	-0.0761614954063	0.026864114068	-0.0401603406535	-0.0157536545565	-0.00751593361162	-0.0120783941865	-0.0133671460568	-0.0900350850854	0.0019082280503	0.000768447874607	-4.09591210156e-05	-0.0282233645615	0.0328737244383	-0.00633041281473	0.0128052184848	-0.00549305708654	-0.0587009577185	-0.032010263975	0.0119786521298	0.000764706471182
k__Bacteria;p__Bacteroidetes;c__Bacteroidia;o__Bacteroidales;f__Odoribacteraceae;g__Odoribacter;s__Odoribacter_splanchnicus	-0.0155749623982	-0.00301257934906	0.000253945390903	-0.0104181752976	-0.0277797032648	-0.0156297244621	0.00190870575699	-0.0131912708648	0.0187268280273	-0.0106770980214	-0.0286988596166	0.00244360537023	0.0573404217512	0.0638682220848	0.0191867916559	0.0177430042479	-0.0011899418196	0.000987290696615	0.0134630370613	1.0	-0.00639304904757	0.00945014984277	-0.0641307850801	-0.021796714526	-0.0638701635503	-0.0218105960062	0.00092086646574	0.0283389473196	-0.00754703454768	-0.0607633660475	-0.00820306687147	-0.0269468987027	0.0179710375006	-0.0402927108043	-0.0536359735132	-0.0553621433135	0.00574792856784	-0.00849230670706	0.0150769300598	-0.0746957939775	-0.000530515950344	0.0352795995157	-0.0863622436724	-0.0323008271519	-0.0107723839848	-0.0445752876418	0.00244572254894	-0.00393500196628	-0.0557477678652	0.0642573404308	-0.00731174549991	-0.00610912416781	-0.0216028220278	-0.00669458426033	-0.0265365107497	0.0495128287166	-0.0323880862127	0.00095831051842	-0.030497691166
k__Bacteria;p__Bacteroidetes;c__Bacteroidia;o__Bacteroidales;f__Bacteroidaceae;g__Bacteroides;s__Bacteroides_salyersiae	0.0573311175165	-0.0344376683344	0.0173486483253	0.016467497897	-0.00620611621724	-0.00422752974943	-0.0494047309488	-0.0474647387269	-0.0186026891675	0.0262395743238	0.0180131315228	0.0151993761565	-0.0364611677238	0.0106553640942	0.0252924366846	-0.0163756807569	-0.0222155793974	0.00784647942085	-0.0114091265348	-0.00639304904757	1.0	-0.037187792017	-0.00414830755645	-0.0467371442651	-0.0273223029853	-0.0243293040298	0.0063221047627	0.0130793099183	-0.00164418601571	-0.0235911913912	-0.0528795506502	0.00562401824322	-0.0263103714881	-0.0175221419496	0.00805764580118	0.00363312456336	0.0549612610289	-0.0627810230234	0.0352133141035	-0.0177145508453	-0.0146440243473	-0.05470390524	-0.0278510451692	0.0119522759963	-0.0396516571517	-0.0689042451951	-0.0134927409195	0.0098516336573	-0.00914125631214	0.0433522411183	-0.0114817532174	0.0445877223401	-0.0588110450912	-0.0594424190308	-0.0421120576805	0.102679459407	-0.010918899223	0.057638496544	0.0114672413935
k__Bacteria;p__Firmicutes;c__Clostridia;o__Clostridiales;f__Ruminococcaceae;g__Ruminiclostridium;s__[Eubacterium]_siraeum	0.0385408923019	-0.0323856897592	0.0150603758886	0.0418248441598	-0.00875423752053	0.0436128870947	-0.00676076033881	0.0189181467158	-0.0443927379668	-0.0441078850517	-0.0279146268434	0.0295791243682	-0.043766449608	0.0141844369949	-0.00765740959507	-0.00712050302392	-0.0253506785348	-0.0599879314626	0.0142229229916	0.00945014984277	-0.037187792017	1.0	0.00167630145408	-0.0926552721645	0.0770841409325	-0.0038711872738	0.00417982746744	-0.00112944748661	0.00480274845333	-0.0557282293549	-0.0497906133441	0.00978187499624	0.004241785297	-0.0451652300133	-0.0307400198341	-0.0145858947027	0.0076296474557	0.0339369313377	-0.0123955815369	0.00431776605934	0.00729004992028	0.0694441989016	0.0367710187156	-0.0597299349946	0.0234264566677	-0.0144217732885	0.01319451536	0.0629716400495	-0.0255641408592	-0.0410457383903	0.0162098430477	-0.0367668064242	0.0490719480725	-0.0345236642357	0.000942202306087	0.0214643280117	0.0170109070341	0.0119124904068	-0.0565026097787
k__Bacteria;p__Proteobacteria;c__Betaproteobacteria;o__Burkholderiales;f__Sutterellaceae;g__Parasutterella;s__Parasutterella_excrementihominis	-0.02779398577	-0.027920482283	-0.0495099036212	0.0182953689562	0.0200809913826	-0.00252639740159	-0.00512427778392	0.023498076401	-0.0353999423999	0.0108775062628	0.0326578733216	0.0557069065295	0.0546075435697	-0.0148177100557	0.0136975338243	-0.0232104688992	-0.0250441576961	0.000293517113787	0.0165668801197	-0.0641307850801	-0.00414830755645	0.00167630145408	1.0	-0.0298956551254	0.00514216338051	-0.0558172558726	-0.00633698244175	-0.0385290283027	0.0247953579027	0.0492238583257	0.0238182301456	-0.00107901572802	-0.0807382383427	-0.0323014945089	0.00779384002329	0.0368884875829	0.000949256005785	-0.0671215931344	-0.0327778045443	-0.0419052597421	-0.00613399490384	0.0540625556451	0.00129780307741	0.00932571643596	0.0312409745216	0.0778264851393	-0.0398563078742	-0.0414902018497	0.0344050127833	-0.0145298251645	0.00278335008627	0.0455920918835	0.0127434722202	-0.010676352313	-0.070769071555	0.0208556927668	-0.0284648040926	-0.0327114001039	-0.0498964356768
k__Bacteria;p__Actinobacteria;c__Actinobacteria;o__Bifidobacteriales;f__Bifidobacteriaceae;g__Bifidobacterium;s__Bifidobacterium_adolescentis	-0.0580966527746	0.0153025055361	0.0119785232572	-0.0697238169716	0.0286423989012	0.0291330323506	-0.0616104354792	-0.0481479989307	-0.0204847285113	0.00102180986386	-0.00351486689373	0.0025056107436	-0.0867271281048	0.0440067010281	-0.03496120817	-0.0615779368265	-0.0729762495469	0.0183208530268	-0.0218960188881	-0.021796714526	-0.0467371442651	-0.0926552721645	-0.0298956551254	1.0	-0.00841513448427	-0.0143044462527	-0.0158213021527	-0.012992199206	0.0225758478297	-0.076561251291	0.0118336464421	0.0445560250968	0.0459801516992	-0.0272575720515	-0.0347657042462	-0.0441342359707	-0.0141674186894	0.00867719711929	0.0412201987525	-0.0186371618676	-0.00392975114038	0.0552579857728	0.0511348128162	0.00864311099673	-0.0192040954612	-0.0221430331583	0.0409357271049	-0.041894823997	-0.0148855056527	-0.0789400395919	0.000937981534645	0.00240098297067	-0.00909700441486	-0.0154525477871	0.0048250981722	-0.0328858734653	-0.00106272489399	-0.0259407844157	0.0535708081417
k__Bacteria;p__Firmicutes;c__Clostridia;o__Clostridiales;f__Oscillospiraceae;g__Oscillibacter;s__Oscillibacter_sp._KLE_1745	-0.00716658110019	-0.0180532769769	0.0436101578584	0.0131531562056	0.0152515611773	0.0390337765517	-0.00846290951236	-0.0827649482313	0.0347650996021	-0.0159735486972	0.0578395809311	-0.0238450033407	0.0569640397772	-0.0329991950839	0.00160657489989	0.0387534825846	0.0228355865028	0.00662850589787	-0.0313868070731	-0.0638701635503	-0.0273223029853	0.0770841409325	0.00514216338051	-0.00841513448427	1.0	-0.00528308734229	0.00411843178735	-0.0570739436443	-0.00590299821046	-0.0113414426632	-0.0289547322962	0.0747974612219	-0.0501357526139	-0.064588256043	0.00739256363893	-0.00501847651949	-0.00296601127127	-0.0510271409022	-0.0356653631028	-0.0289481096867	-0.0265748605224	0.0435401185571	0.00571074378714	-0.00785058624844	-0.0618377434598	-0.0105500983617	-0.0246450018209	0.0445412003139	-0.0567447956577	-0.00600643744917	-0.0435251410205	-0.0310213647933	-0.107793265819	0.00609773615613	-0.00167824535109	0.0133505211701	-0.0241391986258	-0.0582582792249	-0.0335780376631
k__Bacteria;p__Bacteroidetes;c__Bacteroidia;o__Bacteroidales;f__Bacteroidaceae;g__Bacteroides;s__Bacteroides_coprophilus	0.0630251160063	-0.028323713576	-0.0501098364052	-0.0122703711785	-0.00391217061566	-0.0266622765477	-0.0271995674292	0.0121317663918	-0.0122596325079	-0.0287571102469	-0.0434451164799	-0.0243113439291	0.00269336116425	-0.0160262216479	0.00439236997965	0.0693209931576	-0.00578136205176	0.0502789246245	-0.0316822271379	-0.0218105960062	-0.0243293040298	-0.0038711872738	-0.0558172558726	-0.0143044462527	-0.00528308734229	1.0	-0.0138906553491	0.0641585672051	-0.0140769850203	0.0362807413274	-0.0049185852684	0.01505345992	0.00224701180458	-0.071713468044	-0.088031729441	-0.0364771582634	-0.0288206534427	-0.0555497354151	0.0375890969831	0.0543972837465	-0.0862707834353	0.054621073447	0.0417697864738	-0.00344163846537	0.0238499787219	-0.000936223253782	0.0487672414665	-0.0846624759718	0.0322945492463	-0.0403630841798	-0.0495720583394	0.0185867431116	-0.0107016658885	0.0308317843153	0.0293584968187	-0.0529699222504	0.0430195507607	0.0306756682351	0.0601259195065
k__Bacteria;p__Firmicutes;c__Clostridia;o__Clostridiales;f__Lachnospiraceae;g__Roseburia;s__Roseburia_intestinalis	0.0259113084714	0.00532541072388	0.00787457823843	-0.0269325960693	-0.0663723812287	0.0710624618115	0.0153903537876	-0.0202240647932	0.0221606955221	-0.0122399387199	-0.0131813830368	-0.00593946015864	0.014655293156	0.0635187876099	0.035031042107	0.0242544219846	-0.0736767572504	-0.0312357478289	0.0132955646648	0.00092086646574	0.0063221047627	0.00417982746744	-0.00633698244175	-0.0158213021527	0.00411843178735	-0.0138906553491	1.0	-0.00517683340845	-0.0290696499434	-0.0330940312739	0.0160456303698	0.00925659570534	0.00813938456601	-0.0198098103295	-0.0373897337955	-0.0316677719284	0.000928825628237	0.0817062577909	-0.00996023243619	-0.0456486553872	-0.0516938668919	0.0184900168569	-0.0542376500849	0.0483389823329	-0.0369544233273	-0.0591247100591	0.00744507155578	-0.017205765542	-0.0499812344479	-0.0556534142006	-0.0425619513358	0.0564134267404	0.0648835063194	0.00881165784407	0.0440330046745	-0.0153759821619	0.00617540834639	0.0520581564535	-0.00575276062459
k__Bacteria;p__Firmicutes;c__Clostridia;o__Clostridiales;f__Lachnospiraceae;g__Roseburia;s__Roseburia_hominis	0.0315774358439	-0.00147517989426	-0.043678195625	-0.01393052671	-0.0376632614696	-0.00505912922152	0.00414882450465	-0.0579371542447	-0.0273843668272	0.0191327672738	-0.0424617538177	-0.0119573125172	0.070547300665	-0.000344289902235	0.0266668654804	0.0278441873429	-0.0546956849379	-0.0245097455011	-0.00224477431715	0.0283389473196	0.0130793099183	-0.00112944748661	-0.0385290283027	-0.012992199206	-0.0570739436443	0.0641585672051	-0.00517683340845	1.0	-0.0177380288752	-0.00940472312451	-0.00038931249289	0.0186442220409	0.00326551062282	0.00483568859247	0.0249701787651	-0.0220080516803	0.0399476677453	-0.00708645771988	0.0105686576985	-0.0474750265222	0.0820483225317	0.00642418251023	-0.000221098931679	-0.0667706810501	-0.0675906734458	0.0146693818188	-0.00414284704598	-0.0176984539584	0.0248411601757	-0.0185642866763	-0.0459109344032	-0.00183528580132	-0.0552765247824	-0.0228537306765	-0.0243984197043	-0.0177189945036	0.0322608328477	-0.0563119667074	-0.0499826980329
k__Bacteria;p__Bacteroidetes;c__Bacteroidia;o__Bacteroidales;f__Porphyromonadaceae;g__Parabacteroides;s__Parabacteroides_johnsonii	0.0180091903531	-0.00252590952388	-0.0330982403807	-0.0574995772968	0.00977595392824	-0.0156282060549	-0.01211597626	0.00978209755384	-0.0623166231854	-0.0420724336326	-0.0292423158647	0.0296821405597	-0.00129646487569	-0.000228853285898	-0.0652164102111	-0.0787731530981	-0.00926760334516	-0.00677404283107	-0.0395433643063	-0.00754703454768	-0.00164418601571	0.00480274845333	0.0247953579027	0.0225758478297	-0.00590299821046	-0.0140769850203	-0.0290696499434	-0.0177380288752	1.0	-0.00812930263473	-0.0409152160496	-0.0150473232947	-0.0216815095446	-0.0155091799563	0.0674152441466	0.0200168972856	-0.0340504781444	-0.000290105995831	-0.0247449024564	-0.0687294654143	-0.0537898416435	-0.0411054664841	-0.026271841259	-0.0622446970776	-0.0261680893995	-0.0518275494737	0.00446381185561	0.000151766875235	0.0297378587555	0.0421070405455	0.0351557372346	-0.0210449253654	-0.0145532598509	0.0240831803545	-0.00662996880445	-0.0805388059347	0.0150243327529	0.00462930783748	0.0222401790149
k__Bacteria;p__Actinobacteria;c__Actinobacteria;o__Bifidobacteriales;f__Bifidobacteriaceae;g__Bifidobacterium;s__Bifidobacterium_longum	-0.0229642987996	-0.0691546025724	-0.0171507391244	-0.0146440147527	-0.00112397927254	0.0176225517817	-0.0486811407494	-0.012812853106	-0.00882593648056	-0.0225106660552	-0.0491262069918	-0.0306728021139	-0.0131911712953	0.0320554900087	0.0244513059761	0.00336761525548	0.0024226640902	-0.046930967301	-0.0569858084028	-0.0607633660475	-0.0235911913912	-0.0557282293549	0.0492238583257	-0.076561251291	-0.0113414426632	0.0362807413274	-0.0330940312739	-0.00940472312451	-0.00812930263473	1.0	-0.0171713724374	-0.0412252703101	0.0184425574871	0.00451844071742	-0.0236409604813	-0.0237292508826	0.0273519293604	-0.0168681011505	-0.0253467504109	0.00250576471514	0.0114102768794	-0.04623562145	-0.00435348961336	-0.0336847885837	-0.0123948574968	0.0153109896434	-0.0291353078127	-0.0258083645312	-0.0213959598015	-0.0414496183116	0.0509813075757	-0.0738381000535	0.0360262186637	0.0191786052804	0.000300496758856	-0.0461982708693	-0.0422479586111	-0.0023517694764	-0.0707248372255
