#taxonomy	k__Bacteria;p__Bacteroidetes;c__Bacteroidia;o__Bacteroidales;f__Bacteroidaceae;g__Bacteroides;s__Bacteroides_vulgatus	k__Bacteria;p__Bacteroidetes;c__Bacteroidia;o__Bacteroidales;f__Bacteroidaceae;g__Bacteroides;s__Bacteroides_uniformis	k__Bacteria;p__Bacteroidetes;c__Bacteroidia;o__Bacteroidales;f__Rikenellaceae;g__Alistipes;s__Alistipes_putredinis	k__Bacteria;p__Bacteroidetes;c__Bacteroidia;o__Bacteroidales;f__Prevotellaceae;g__Prevotella;s__Prevotella_copri	k__Bacteria;p__Bacteroidetes;c__Bacteroidia;o__Bacteroidales;f__Bacteroidaceae;g__Bacteroides;s__Bacteroides_stercoris	k__Bacteria;p__Bacteroidetes;c__Bacteroidia;o__Bacteroidales;f__Bacteroidaceae;g__Bacteroides;s__Bacteroides_ovatus	k__Bacteria;p__Bacteroidetes;c__Bacteroidia;o__Bacteroidales;f__Rikenellaceae;g__Alistipes;s__Alistipes_shahii	k__Bacteria;p__Firmicutes;c__Clostridia;o__Clostridiales;f__Ruminococcaceae;g__Faecalibacterium;s__Faecalibacterium_prausnitzii	k__Bacteria;p__Bacteroidetes;c__Bacteroidia;o__Bacteroidales;f__Rikenellaceae;g__Alistipes;s__Alistipes_finegoldii	k__Bacteria;p__Bacteroidetes;c__Bacteroidia;o__Bacteroidales;f__Porphyromonadaceae;g__Parabacteroides;s__Parabacteroides_distasonis	k__Bacteria;p__Bacteroidetes;c__Bacteroidia;o__Bacteroidales;f__Bacteroidaceae;g__Bacteroides;s__Bacteroides_thetaiotaomicron	k__Bacteria;p__Bacteroidetes;c__Bacteroidia;o__Bacteroidales;f__Bacteroidaceae;g__Bacteroides;s__Bacteroides_coprocola	k__Bacteria;p__Bacteroidetes;c__Bacteroidia;o__Bacteroidales;f__Bacteroidaceae;g__Bacteroides;s__Bacteroides_cellulosilyticus	k__Bacteria;p__Bacteroidetes;c__Bacteroidia;o__Bacteroidales;f__Rikenellaceae;g__Alistipes;s__Alistipes_obesi	k__Bacteria;p__Firmicutes;c__Clostridia;o__Clostridiales;f__Lachnospiraceae;g__;s__[Eubacterium]_rectale	k__Bacteria;p__Bacteroidetes;c__Bacteroidia;o__Bacteroidales;f__Bacteroidaceae;g__Bacteroides;s__Bacteroides_plebeius	k__Bacteria;p__Bacteroidetes;c__Bacteroidia;o__Bacteroidales;f__Bacteroidaceae;g__Bacteroides;s__Bacteroides_fragilis	k__Bacteria;p__Proteobacteria;c__Betaproteobacteria;o__Burkholderiales;f__Sutterellaceae;g__Sutterella;s__Sutterella_wadsworthensis	k__Bacteria;p__Bacteroidetes;c__Bacteroidia;o__Bacteroidales;f__Porphyromonadaceae;g__Barnesiella;s__Barnesiella_intestinihominis	k__Bacteria;p__Bacteroidetes;c__Bacteroidia;o__Bacteroidales;f__Odoribacteraceae;g__Odoribacter;s__Odoribacter_splanchnicus	k__Bacteria;p__Bacteroidetes;c__Bacteroidia;o__Bacteroidales;f__Bacteroidaceae;g__Bacteroides;s__Bacteroides_salyersiae	k__Bacteria;p__Firmicutes;c__Clostridia;o__Clostridiales;f__Ruminococcaceae;g__Ruminiclostridium;s__[Eubacterium]_siraeum	k__Bacteria;p__Proteobacteria;c__Betaproteobacteria;o__Burkholderiales;f__Sutterellaceae;g__Parasutterella;s__Parasutterella_excrementihominis	k__Bacteria;p__Actinobacteria;c__Actinobacteria;o__Bifidobacteriales;f__Bifidobacteriaceae;g__Bifidobacterium;s__Bifidobacterium_adolescentis	k__Bacteria;p__Firmicutes;c__Clostridia;o__Clostridiales;f__Oscillospiraceae;g__Oscillibacter;s__Oscillibacter_sp._KLE_1745	k__Bacteria;p__Bacteroidetes;c__Bacteroidia;o__Bacteroidales;f__Bacteroidaceae;g__Bacteroides;s__Bacteroides_coprophilus	k__Bacteria;p__Firmicutes;c__Clostridia;o__Clostridiales;f__Lachnospiraceae;g__Roseburia;s__Roseburia_intestinalis	k__Bacteria;p__Firmicutes;c__Clostridia;o__Clostridiales;f__Lachnospiraceae;g__Roseburia;s__Roseburia_hominis	k__Bacteria;p__Bacteroidetes;c__Bacteroidia;o__Bacteroidales;f__Porphyromonadaceae;g__Parabacteroides;s__Parabacteroides_johnsonii	k__Bacteria;p__Actinobacteria;c__Actinobacteria;o__Bifidobacteriales;f__Bifidobacteriaceae;g__Bifidobacterium;s__Bifidobacterium_longum	k__Bacteria;p__Firmicutes;c__Clostridia;o__Clostridiales;f__;g__Flavonifractor;s__Flavonifractor_plautii	k__Bacteria;p__Firmicutes;c__Clostridia;o__Clostridiales;f__Clostridiaceae;g__Clostridium;s__Clostridium_phoceensis	k__Bacteria;p__Verrucomicrobia;c__Verrucomicrobiae;o__Verrucomicrobiales;f__Akkermansiaceae;g__Akkermansia;s__Akkermansia_muciniphila	k__Bacteria;p__Bacteroidetes;c__Bacteroidia;o__Bacteroidales;f__Prevotellaceae;g__Paraprevotella;s__Paraprevotella_xylaniphila	k__Bacteria;p__Firmicutes;c__Clostridia;o__Clostridiales;f__Ruminococcaceae;g__Ruminococcus;s__Ruminococcus_callidus	k__Bacteria;p__Bacteroidetes;c__Bacteroidia;o__Bacteroidales;f__Rikenellaceae;g__Alistipes;s__Alistipes_senegalensis	k__Bacteria;p__Firmicutes;c__Clostridia;o__Clostridiales;f__Lachnospiraceae;g__Blautia;s__Blautia_sp._KLE_1732	k__Bacteria;p__Bacteroidetes;c__Bacteroidia;o__Bacteroidales;f__Bacteroidaceae;g__Bacteroides;s__Bacteroides_oleiciplenus	k__Bacteria;p__Firmicutes;c__Clostridia;o__Clostridiales;f__Ruminococcaceae;g__Ruminococcus;s__Ruminococcus_bicirculans	k__Bacteria;p__Bacteroidetes;c__Bacteroidia;o__Bacteroidales;f__Bacteroidaceae;g__Bacteroides;s__Bacteroides_fluxus	k__Bacteria;p__Bacteroidetes;c__Bacteroidia;o__Bacteroidales;f__Prevotellaceae;g__Prevotella;s__Prevotella_stercorea	k__Bacteria;p__Firmicutes;c__Clostridia;o__Clostridiales;f__Lachnospiraceae;g__Dorea;s__Dorea_longicatena	k__Bacteria;p__Firmicutes;c__Clostridia;o__Clostridiales;f__Eubacteriaceae;g__Eubacterium;s__[Eubacterium]_eligens	k__Bacteria;p__Firmicutes;c__Clostridia;o__Clostridiales;f__Ruminococcaceae;g__;s__Ruminococcaceae_bacterium_D16	k__Bacteria;p__Firmicutes;c__Clostridia;o__Clostridiales;f__Lachnospiraceae;g__Coprococcus;s__Coprococcus_comes	k__Bacteria;p__Proteobacteria;c__Gammaproteobacteria;o__Enterobacterales;f__Enterobacteriaceae;g__Escherichia;s__Escherichia_coli	k__Bacteria;p__Firmicutes;c__Clostridia;o__Clostridiales;f__Ruminococcaceae;g__Anaerotruncus;s__Anaerotruncus_colihominis	k__Bacteria;p__Firmicutes;c__Clostridia;o__Clostridiales;f__Lachnospiraceae;g__Blautia;s__Blautia_obeum	k__Bacteria;p__Bacteroidetes;c__Bacteroidia;o__Bacteroidales;f__Odoribacteraceae;g__Odoribacter;s__Odoribacter_laneus	k__Bacteria;p__Firmicutes;c__Clostridia;o__Clostridiales;f__Ruminococcaceae;g__Ruminiclostridium;s__[Clostridium]_leptum	k__Bacteria;p__Bacteroidetes;c__Bacteroidia;o__Bacteroidales;f__Porphyromonadaceae;g__Parabacteroides;s__Parabacteroides_goldsteinii	k__Bacteria;p__Firmicutes;c__Clostridia;o__Clostridiales;f__Lachnospiraceae;g__Anaerostipes;s__Anaerostipes_hadrus	k__Bacteria;p__Firmicutes;c__Clostridia;o__Clostridiales;f__Ruminococcaceae;g__Ruminococcus;s__Ruminococcus_lactaris	k__Bacteria;p__Firmicutes;c__Clostridia;o__Clostridiales;f__Clostridiaceae;g__Clostridium;s__Clostridium_sp._L2-50	k__Bacteria;p__Firmicutes;c__Clostridia;o__Clostridiales;f__Clostridiaceae;g__Clostridium;s__Clostridium_sp._M62/1	k__Bacteria;p__Firmicutes;c__Clostridia;o__Clostridiales;f__;g__Intestinimonas;s__Intestinimonas_butyriciproducens	k__Bacteria;p__Actinobacteria;c__Actinobacteria;o__Bifidobacteriales;f__Bifidobacteriaceae;g__Bifidobacterium;s__Bifidobacterium_bifidum	k__Bacteria;p__Firmicutes;c__Negativicutes;o__Veillonellales;f__Veillonellaceae;g__Dialister;s__Dialister_invisus	k__Bacteria;p__Bacteroidetes;c__Bacteroidia;o__Bacteroidales;f__Bacteroidaceae;g__Bacteroides;s__Bacteroides_salanitronis
k__Bacteria;p__Bacteroidetes;c__Bacteroidia;o__Bacteroidales;f__Bacteroidaceae;g__Bacteroides;s__Bacteroides_vulgatus	1.0	0.0419054834641	0.00497137525859	-0.046182768977	-0.0297836502022	0.0127305488655	0.00863433869863	-0.0283316451003	0.0424192996617	0.000177839770392	-0.0515819162176	-0.105222230194	0.0221611824614	-0.0424654116496	-0.00494375925302	0.00570908664508	-0.0551566866726	-0.025531003329	-0.0501836336275	0.0135060055863	0.0186025030719	-0.0847185189379	-0.0239460786607	-0.00376062051938	-0.0338582313214	-0.0257777160616	-0.0263134777041	-0.040178407132	-0.0108104249858	-0.0371435701212	0.00440809325495	0.0264169815298	-0.0144963748373	-0.0186986932516	-0.0255695821717	-0.012199963644	-0.0675834446619	0.0111488445521	0.0394105585004	-0.00129786889344	-0.0578892497238	0.0379333450006	-0.000898656278146	-0.0437448250313	-0.0295879602665	0.00169559641215	0.0383860657903	-0.0561831637829	-0.0106154529803	-0.0579751412148	-0.0295978775945	-0.0226108863085	-0.047204483464	0.00578508422108	0.0246650752897	0.0196427318787	-0.0295349100801	0.00126456779351	-0.0201645023021
k__Bacteria;p__Bacteroidetes;c__Bacteroidia;o__Bacteroidales;f__Bacteroidaceae;g__Bacteroides;s__Bacteroides_uniformis	0.0419054834641	1.0	0.0669614744456	0.00452986663921	0.00471025442554	0.0201499514909	0.0237474155565	-0.0184649003206	-0.0106082816825	0.0276294454362	-0.0159122861701	0.000714329066907	-0.0532443095286	-0.0452614611604	-0.0186281065124	-0.0178109707995	-0.00513643970605	-0.000560499008696	0.0164523879387	-0.0174545351745	-0.0423900218167	-0.020840704203	0.0395330345117	-0.0857039349855	-0.00422924991319	-0.0196980204102	-0.0555129086473	-0.0370691482013	-0.0105372445965	-0.0166569719879	0.0142096435231	-0.012379138318	-0.0140403980962	-0.0433315791397	0.069894834625	-0.019918474644	-0.0153181563747	-0.124135981979	0.0235801320642	0.00434960258938	0.0108609358311	0.0181969348834	0.0459643783858	-0.0852746954705	-0.0277454025249	-0.0356139682876	0.0149252580699	-0.0328355416955	-0.053071274243	0.0463225839173	-0.043471108178	0.0375585257232	-0.0419097606423	-0.0294345407505	0.00964210398778	-0.0200894426785	-0.0218946242072	0.0336638194225	-0.0229359104616
k__Bacteria;p__Bacteroidetes;c__Bacteroidia;o__Bacteroidales;f__Rikenellaceae;g__Alistipes;s__Alistipes_putredinis	0.00497137525859	0.0669614744456	1.0	0.0170503499412	0.0422494184151	0.0122914892254	-0.0258842899333	-0.025508890147	-0.0429205786775	-0.0554908462839	-0.0268591498161	-0.00783189054788	0.0271631917118	0.00985267116792	-0.0248454377004	-0.0772073083476	-0.00568777443912	0.00799047271974	0.00769644974027	-0.0743262799418	-0.0162061402041	-0.0562018887783	-0.0121824621134	0.0283320875927	0.0114840593889	0.0430447738785	-0.0205466438545	-0.0385130749875	0.00213348981457	-0.0393065146195	-0.0551854725363	-0.00458835893103	-0.0698391778328	0.0251696851238	0.0365259893121	0.0848668566762	-0.00395398958383	0.0170634149229	0.0110701883476	0.0281204995005	-0.0340823444027	-0.0399856813655	-0.0164882073119	0.0213657618428	-0.0498482379268	0.0180591987764	0.0171675858046	0.00712201202928	-0.027232053574	0.0258622045399	-0.0271181464329	-0.055092904983	0.0179386599221	-0.0184606921117	0.0129514350797	-0.0177026255503	0.0336649182758	-0.0174801543867	-0.0156692013798
k__Bacteria;p__Bacteroidetes;c__Bacteroidia;o__Bacteroidales;f__Prevotellaceae;g__Prevotella;s__Prevotella_copri	-0.046182768977	0.00452986663921	0.0170503499412	1.0	-0.0257208473956	-0.057280570874	-0.0467300513326	-0.0149832869412	-0.0150333652052	-0.00124414420184	-0.0266107631559	0.00249433701271	0.0427194959797	-0.0219116037967	0.00946916549114	0.0024230786776	0.0111176097612	-0.00302489673074	0.00546805216036	-0.00125247246584	0.00581385046975	-0.0248697872415	-0.0124264337817	-0.0740795568754	-0.019094265407	0.0729775226759	-0.0213607330021	-0.00830036888472	-0.0195672498149	-0.0519810184613	0.0072138810125	0.00805885079482	-0.00932524840676	-0.0135793025561	0.0678812219577	-0.0102930351451	-0.0108361549836	-0.0184653721738	-0.0180491687762	0.0491222975416	0.00618148518291	0.0296587428254	-0.020834590614	-0.00233703918216	-0.0155338646174	-0.0462023222555	-0.0101957609989	0.0582050803474	-0.0259938920126	-0.0673244432114	-0.0260287064397	-0.0338031208263	-0.0169341586357	0.0068781887831	-0.0122283332217	-0.00433506574938	-0.0261213437904	-0.067132446809	-0.0197885696125
k__Bacteria;p__Bacteroidetes;c__Bacteroidia;o__Bacteroidales;f__Bacteroidaceae;g__Bacteroides;s__Bacteroides_stercoris	-0.0297836502022	0.00471025442554	0.0422494184151	-0.0257208473956	1.0	-0.0184373945966	-0.0189085951714	0.0017233052434	0.0553087754697	-0.0175817080824	-0.0341049769599	0.0239094753534	0.0445613293865	0.036310217274	0.0373870667482	-0.0327681579535	-0.0179305869002	-0.0335625338308	-0.0401592022429	0.0318334052493	-0.0575758139496	0.0198352020293	-0.0421577635523	0.0412204675164	0.0541940695983	-0.0451945733904	-0.0601835419484	-0.0774559761362	-0.00527342621779	-0.0377418270344	-0.0386799530621	-0.0432850053965	-0.00778041605957	-0.00600366190403	0.0631240904221	-0.0723256727475	0.00309434516956	-0.0127061975385	-0.00145420845428	-0.00211645362166	-0.0285999947966	0.024352705158	-0.0723397600391	-0.0815995929006	-0.00317336132641	0.0470479212758	-0.0117248315207	0.00268825010899	-0.0044342533067	-0.0318920232357	0.0281209958218	0.0287006148747	-0.0463994940698	-0.0639948569145	-0.023417313488	0.0417261874136	0.00844198664683	0.0083038288373	0.0241649072287
k__Bacteria;p__Bacteroidetes;c__Bacteroidia;o__Bacteroidales;f__Bacteroidaceae;g__Bacteroides;s__Bacteroides_ovatus	0.0127305488655	0.0201499514909	0.0122914892254	-0.057280570874	-0.0184373945966	1.0	-0.0163025753605	0.0284097519482	-0.0359949886037	-0.0289140372083	0.00311594003378	0.0485434100672	-0.0292428922868	0.0281010252988	0.00338791653485	-0.0539796915363	-0.0488454998967	0.0350097172269	-0.00259696811374	-0.0393477640024	-0.020707679211	-0.0285265160577	-0.0678780745947	-0.0208198564768	-0.0319895567876	-0.0144177197378	0.00595911753194	-0.0138492826215	0.0241546075826	0.00719058800741	-0.132147665684	0.00153514705138	0.0397017581024	0.00175744638152	-0.0185434971213	0.0197765283931	-0.0206623470726	-0.00363753571269	-0.0609797408385	-0.0394840093789	-0.020970968041	-0.0060435419083	-0.061531987351	-0.0443917696083	0.0139395120294	0.00877563829411	-0.0183824804609	0.00457518913625	0.0542076529389	0.024248117799	-0.0305258021677	0.00209184799096	-0.024412699881	-0.00913557009242	6.26892706091e-05	-0.00113291267812	-0.0234049261094	0.0244008470615	0.0435138542299
k__Bacteria;p__Bacteroidetes;c__Bacteroidia;o__Bacteroidales;f__Rikenellaceae;g__Alistipes;s__Alistipes_shahii	0.00863433869863	0.0237474155565	-0.0258842899333	-0.0467300513326	-0.0189085951714	-0.0163025753605	1.0	-0.00359615119196	0.01882536724	-0.0192844584899	-0.0825275539234	-0.067565414166	-0.083168346065	0.00494790440129	0.0356431797946	-0.00834224222029	0.00792352575626	-0.0440166671638	0.0152476482163	0.00242402281134	-0.0734234221187	0.0110314708749	-0.0113695899374	-0.0503075321097	0.00592533091748	0.0138378876057	0.0609293339683	0.0269354376683	-0.0258396453542	0.041253263434	0.0138600346875	0.0563720141477	-0.05153368077	-0.0257885972163	0.0049792149858	0.0180856360793	0.0109974243614	-0.0792836735358	0.0149458741927	-0.0100211137716	-0.0726169826314	-0.00225346296725	-0.0473804598616	-0.0240940091356	0.0339856386647	-0.0108289906141	0.0173263617991	-0.0289264140187	0.0174260630628	-0.0400107891267	0.03012118461	0.0256277281446	0.0135755659124	0.0527250082359	0.0135948296476	-0.0681175684608	-0.0186077699412	-0.0343473354063	0.01166947241
k__Bacteria;p__Firmicutes;c__Clostridia;o__Clostridiales;f__Ruminococcaceae;g__Faecalibacterium;s__Faecalibacterium_prausnitzii	-0.0283316451003	-0.0184649003206	-0.025508890147	-0.0149832869412	0.0017233052434	0.0284097519482	-0.00359615119196	1.0	-0.0258614193746	0.00867043727139	-0.00686947714576	-0.0652965198773	0.0512817933928	0.0278923047692	0.00343288644389	0.0184309880882	0.021739268186	-0.0332110817144	-0.117300737395	-0.0560495867438	0.0231444174868	-0.0158335851361	-0.0370171891951	0.0213741290065	0.0372586402602	-0.0443120469211	0.0361862569836	-0.0431205760005	-0.0383945600431	0.010913259001	0.0215141354753	0.0232555027472	0.00492115334385	-0.00384891636059	0.0303635831853	-0.0057561027149	0.0019305792931	0.00810438173485	-0.0647946496528	0.00317189850863	0.0220904819209	-0.0120868843087	-0.0198244692479	-0.00757413979427	-0.0241123664342	-0.0132949921244	0.00719298783742	0.00807023113824	-0.00636291457638	-0.00797912674687	0.0183015103042	-0.00885213556515	-0.0217233297714	0.0236569026889	0.0239132807952	0.0272188676502	0.0303362061974	0.00347614657996	0.00735569366199
k__Bacteria;p__Bacteroidetes;c__Bacteroidia;o__Bacteroidales;f__Rikenellaceae;g__Alistipes;s__Alistipes_finegoldii	0.0424192996617	-0.0106082816825	-0.0429205786775	-0.0150333652052	0.0553087754697	-0.0359949886037	0.01882536724	-0.0258614193746	1.0	-0.0152321986511	-0.0566188216995	0.0220612506729	0.0733016323706	-0.0319688633799	0.00960638239366	-0.0174814272275	-0.0412101832368	-0.0527975805476	-0.0272395044586	-0.0590205337469	-0.0458574762764	0.0711398388269	-0.0137785171747	0.0131917405266	-0.00296926103594	0.00626777015844	0.00644369575607	-0.0144028940895	0.00279589619016	0.0839877173343	0.00671110388757	-0.0171852371797	-0.0814024743166	-0.0512734724698	-0.00821534888753	-0.0289945406075	0.00267105036801	0.0222769101448	-0.0313894399953	-0.0157619029873	-0.00101761298873	0.0173732173154	0.0141506703254	0.0286630185627	-0.0305698620405	-0.0209620985782	-0.0242277417946	-0.0219488011198	0.0435956632431	-0.0126504280084	-0.0245902738349	-0.0422233481301	-0.0355387686941	-0.0327017134803	-0.00326931142437	-0.0305146468112	-0.0171567928434	-0.0612625154237	0.0196647126578
k__Bacteria;p__Bacteroidetes;c__Bacteroidia;o__Bacteroidales;f__Porphyromonadaceae;g__Parabacteroides;s__Parabacteroides_distasonis	0.000177839770392	0.0276294454362	-0.0554908462839	-0.00124414420184	-0.0175817080824	-0.0289140372083	-0.0192844584899	0.00867043727139	-0.0152321986511	1.0	-0.0503929395344	0.0105882737022	0.00145962634062	-0.0582298023814	0.037272508756	0.0153122697075	0.0207748150841	-0.0217929936923	0.0176958619917	0.0243607607606	-0.0105503574713	-0.00654923717126	-0.00447248215659	-0.000531144484663	-0.0130930269141	0.0154413668143	-0.0412640209968	-0.0420507184374	-0.0126365482673	0.051068309291	0.00132628751351	0.0276017127159	-0.0133008069259	-0.0519969764935	0.0264278959235	-0.000493375707151	-0.0779695234919	-0.0335065737841	0.0388166472981	-0.0359308148223	0.0222086118034	-0.0566667938241	-0.0451603726579	0.00342271876394	0.0247021737436	-0.0585492393957	0.00981639260525	-0.0199275556319	0.00728175714287	-0.0450104504166	0.0177841391517	0.0109958110279	-0.0215551982953	-0.0156795676963	-0.0831627911664	0.00237735129143	0.0118265496725	-0.0107478529067	-0.0567188754563
k__Bacteria;p__Bacteroidetes;c__Bacteroidia;o__Bacteroidales;f__Bacteroidaceae;g__Bacteroides;s__Bacteroides_thetaiotaomicron	-0.0515819162176	-0.0159122861701	-0.0268591498161	-0.0266107631559	-0.0341049769599	0.00311594003378	-0.0825275539234	-0.00686947714576	-0.0566188216995	-0.0503929395344	1.0	0.0172050469779	-0.0606707944548	0.0382205407707	0.012905090352	0.0276624800395	0.0270722390803	0.0164663089797	-0.00171985713369	0.0478716309792	-0.0484656617893	-0.0322010500806	0.0264947042367	-0.0574771491867	-0.00211385008156	-0.00738613676104	0.0814588695392	-0.0480505761627	-0.0614053208375	-0.0380284097173	0.040399340162	-0.0593274666893	-0.0223042981237	-0.00510938993552	0.0189861423771	0.020993400288	0.0898442435944	0.048307374675	0.0272511580433	-0.0213807195618	0.0212753987794	-0.0294798956477	-0.047029399947	-0.00798328578649	-0.00829714994885	0.0106982176712	-0.00297819767806	-0.0404866057868	-0.0382200569748	-0.0579151373817	0.0304205718586	0.0235788727883	0.00628058856089	-0.0246594532789	-0.0498838168291	0.0217780657668	0.0546322137265	0.0319243548731	0.0562785817525
k__Bacteria;p__Bacteroidetes;c__Bacteroidia;o__Bacteroidales;f__Bacteroidaceae;g__Bacteroides;s__Bacteroides_coprocola	-0.105222230194	0.000714329066907	-0.00783189054788	0.00249433701271	0.0239094753534	0.0485434100672	-0.067565414166	-0.0652965198773	0.0220612506729	0.0105882737022	0.0172050469779	1.0	-0.0649396069137	-0.0152519205822	0.00030258196474	-0.0273436464744	0.0103331612521	0.033077785178	-0.075931233175	0.0357973926262	0.0457052380259	-0.0116333381755	-0.0308173154758	-0.0374727487227	-0.0797866580561	0.0338932515082	-0.0329384622609	-0.064401293991	0.0595969851	0.0331703002991	0.00763389607497	0.0148633382527	-0.0854556494784	0.0549269058115	-0.023742818025	0.0373751149575	0.011206087483	-0.0207686624825	-0.018844124885	-0.0957460680476	0.0217717674328	0.0349986830632	0.013465604838	0.0127554067991	0.00811783669822	0.055305764063	-0.022378689699	0.0428549851803	0.0548372616687	-0.0575076532872	0.0132418436269	-0.0364449754906	-0.0260083157148	0.0273334818635	-0.0427315160821	-0.0961609290942	0.0121255378676	0.0199465447495	-0.0371271439967
k__Bacteria;p__Bacteroidetes;c__Bacteroidia;o__Bacteroidales;f__Bacteroidaceae;g__Bacteroides;s__Bacteroides_cellulosilyticus	0.0221611824614	-0.0532443095286	0.0271631917118	0.0427194959797	0.0445613293865	-0.0292428922868	-0.083168346065	0.0512817933928	0.0733016323706	0.00145962634062	-0.0606707944548	-0.0649396069137	1.0	-0.024659975096	-0.0207866435009	-0.0582492255204	-0.0231963738146	-0.0564769139402	-0.0154163158299	0.00869982493496	0.0147889544333	0.0601074537526	-0.01485589028	-0.0392259644771	-0.0133261154363	-0.0749847555445	-0.0380904984246	-0.0249922525337	-0.0105135277567	0.0773548233802	0.0209777791018	0.01156090186	0.00607807856771	0.000567921910171	-0.00325399071719	-0.0219970133733	-0.0557556689606	0.0256259317873	-0.0115156121966	0.00934049753275	-0.0234552086923	0.0363501926054	-0.0802017134834	-0.020908993689	0.00112523053495	0.028472874201	0.0500890509433	-0.0290288816918	-0.043029578007	-0.0245966501015	0.0338175111342	0.051256911597	0.00849001229038	0.0155623973421	0.0133315191582	0.0315426551514	0.0127360808843	-0.0193589444663	0.010665435796
k__Bacteria;p__Bacteroidetes;c__Bacteroidia;o__Bacteroidales;f__Rikenellaceae;g__Alistipes;s__Alistipes_obesi	-0.0424654116496	-0.0452614611604	0.00985267116792	-0.0219116037967	0.036310217274	0.0281010252988	0.00494790440129	0.0278923047692	-0.0319688633799	-0.0582298023814	0.0382205407707	-0.0152519205822	-0.024659975096	1.0	-0.0701425910671	-0.0243844687314	0.0609005751136	-0.0770522996298	-0.0423451650172	-0.0107156463632	-0.0101004145641	0.0496799274462	0.0119203545123	-0.0402906403118	-0.0104008152295	0.00569348893314	-0.0205165868627	-0.0362427221883	-0.0479116475456	-0.0324062757896	-0.0471138726381	-0.0285285662389	-0.0106244202822	0.0135089774835	0.0229149711203	-0.011179407073	0.0104968081226	-0.0526932977337	-0.043165839916	0.0281000724409	0.0327242502323	0.0905953178434	-0.0147433569961	0.0383125957693	0.0247952344219	0.0382403327265	-0.000857525210737	0.00818049192149	-0.00517599696525	-0.0423027052183	0.0277884559167	0.0163553767795	-0.0465234298648	-0.0136737001788	0.0340475396193	0.0339230445107	-0.00364455431073	-0.000239419349905	0.0224910258971
k__Bacteria;p__Firmicutes;c__Clostridia;o__Clostridiales;f__Lachnospiraceae;g__;s__[Eubacterium]_rectale	-0.00494375925302	-0.0186281065124	-0.0248454377004	0.00946916549114	0.0373870667482	0.00338791653485	0.0356431797946	0.00343288644389	0.00960638239366	0.037272508756	0.012905090352	0.00030258196474	-0.0207866435009	-0.0701425910671	1.0	0.0455608897199	0.00229698697809	0.041070858138	-0.00690958654333	-0.0427934877511	0.0161198425025	-0.043192860151	-0.00503805988547	0.0748922070993	-0.00818102577907	-0.0653142612839	0.0161556567215	-0.024717950145	-0.0190210030519	0.00376375534688	-0.0234958328031	0.0548618859974	0.00826148090312	-0.0215976161395	-0.0371930997791	-0.0124401709266	0.014786123346	-0.030435474651	0.0797257273424	-0.0157850204417	-0.0327173223007	-0.0232441913831	-0.0502315592154	-0.0422734647403	-0.00227202259107	-0.0170789660586	0.00969267061853	0.022189791557	-0.0435366472225	-0.0483971131542	-0.0274915482428	-0.0279034627078	0.0732199306121	0.0301998885542	-0.0168684039514	-0.0311690397929	-0.00740992472597	-0.0192060096924	-0.00697606804996
k__Bacteria;p__Bacteroidetes;c__Bacteroidia;o__Bacteroidales;f__Bacteroidaceae;g__Bacteroides;s__Bacteroides_plebeius	0.00570908664508	-0.0178109707995	-0.0772073083476	0.0024230786776	-0.0327681579535	-0.0539796915363	-0.00834224222029	0.0184309880882	-0.0174814272275	0.0153122697075	0.0276624800395	-0.0273436464744	-0.0582492255204	-0.0243844687314	0.0455608897199	1.0	0.00760589894796	0.00595275891663	-0.0620803564904	0.0049297582717	0.0611591878127	-0.0112701661356	0.0642057730175	-0.00520835084389	0.0100918033059	0.0527193518199	0.0378094864275	0.0560951875485	-0.0551199238954	-0.0161404083989	0.00106622366523	0.0113004404435	-0.0391849403528	-0.0127959317517	-0.0206572948652	-0.0725563652311	0.00129894096797	0.0244054532087	0.0366126735074	-0.015547815536	-0.0194877648363	-0.0792852601707	-0.022106166809	-0.0508785845392	-0.0121276248396	-0.0287039378763	0.0268402206335	0.032198299885	-0.0208476031476	0.00351443450348	0.0241956143389	-0.0442483627083	-0.0383611185299	-0.0404091281236	0.0346840775276	0.0185291817788	0.00103524931783	-0.035447709699	2.46881784872e-05
k__Bacteria;p__Bacteroidetes;c__Bacteroidia;o__Bacteroidales;f__Bacteroidaceae;g__Bacteroides;s__Bacteroides_fragilis	-0.0551566866726	-0.00513643970605	-0.00568777443912	0.0111176097612	-0.0179305869002	-0.0488454998967	0.00792352575626	0.021739268186	-0.0412101832368	0.0207748150841	0.0270722390803	0.0103331612521	-0.0231963738146	0.0609005751136	0.00229698697809	0.00760589894796	1.0	-0.0443224026545	-0.00497229402726	-0.0229670418518	-0.0462191848231	0.0199197108817	-0.0203099382408	-0.0465408001873	-0.0424622373466	0.000706589085494	-0.0697049221288	0.0100445491075	-0.0257756781909	-0.0264996702652	-0.0624395059065	0.0201345140215	0.0634627550902	0.056234553723	0.0220275280355	-0.0173346841923	0.0512616113305	0.0374881858808	0.0474961021175	-0.0104457992046	-0.00379230738126	-0.0494041453888	0.0186488186136	-0.0192438319622	0.0309056522099	-0.0483602220501	-0.0336166242918	0.0166663769559	-0.0222991981324	-0.033891096085	-0.0417594087586	0.0175582043661	-0.0578842599561	0.0049465423969	-0.0138079056939	-0.0351543171209	-0.0589386451631	-0.0173873571528	0.033390931332
k__Bacteria;p__Proteobacteria;c__Betaproteobacteria;o__Burkholderiales;f__Sutterellaceae;g__Sutterella;s__Sutterella_wadsworthensis	-0.025531003329	-0.000560499008696	0.00799047271974	-0.00302489673074	-0.0335625338308	0.0350097172269	-0.0440166671638	-0.0332110817144	-0.0527975805476	-0.0217929936923	0.0164663089797	0.033077785178	-0.0564769139402	-0.0770522996298	0.041070858138	0.00595275891663	-0.0443224026545	1.0	-0.00482088969042	-0.0209224581431	-0.0133340193801	-0.0894334151027	-0.0390875153265	-0.0467010817975	-0.0363479715022	-0.0103418188261	-0.0181673941393	0.0145283575544	0.050691379344	-0.0678086662976	-0.0785513370229	0.0240122892255	0.00317827773128	-0.0348097993809	-0.0594600588612	0.0399671861572	0.0205035261085	0.037883062987	-0.0164774883821	-0.0519070476209	-0.0557156808742	0.0441851944221	0.0345235124676	-0.021347148955	-0.0408142633564	-0.0444193240283	0.00340944289552	0.0560587146842	-0.0461702923332	0.0164227230956	-0.0747795870726	0.00555349878063	-0.00939549265794	0.000934321632287	-0.0436507217645	0.00100591359969	-0.0137445595118	-0.0174775956407	0.0295289382793
k__Bacteria;p__Bacteroidetes;c__Bacteroidia;o__Bacteroidales;f__Porphyromonadaceae;g__Barnesiella;s__Barnesiella_intestinihominis	-0.0501836336275	0.0164523879387	0.00769644974027	0.00546805216036	-0.0401592022429	-0.00259696811374	0.0152476482163	-0.117300737395	-0.0272395044586	0.0176958619917	-0.00171985713369	-0.075931233175	-0.0154163158299	-0.0423451650172	-0.00690958654333	-0.0620803564904	-0.00497229402726	-0.00482088969042	1.0	-0.0503977250698	0.0253030736602	-0.059189719081	0.0253932022544	0.0582769222859	0.0207306071795	0.0450343486964	0.0130706252904	0.00582094763873	0.0205457436857	-0.0352939233107	-0.0417911274231	0.0385999038158	0.0150425345107	-0.0327512405902	0.00972923029389	-0.0468540073241	-0.0214953730193	-0.0357946477712	-0.0385694788198	0.0463409809003	-0.00967605885596	0.0149203727799	0.0329326873564	0.00318856179024	0.0260228151311	0.00179472560083	-0.0182998684878	-0.0229361962073	-0.0495447599931	-0.00816736689297	0.020912900263	-0.0032135398238	0.0129985335982	-0.0417149940324	-0.0982881304672	-0.0215634103151	-0.033674342499	0.0143100588409	-0.0015716509536
k__Bacteria;p__Bacteroidetes;c__Bacteroidia;o__Bacteroidales;f__Odoribacteraceae;g__Odoribacter;s__Odoribacter_splanchnicus	0.0135060055863	-0.0174545351745	-0.0743262799418	-0.00125247246584	0.0318334052493	-0.0393477640024	0.00242402281134	-0.0560495867438	-0.0590205337469	0.0243607607606	0.0478716309792	0.0357973926262	0.00869982493496	-0.0107156463632	-0.0427934877511	0.0049297582717	-0.0229670418518	-0.0209224581431	-0.0503977250698	1.0	0.00024731943819	-0.0754617497576	-0.0179930921123	-0.0429089351939	0.0784241320156	-0.0220637027215	0.0300991939488	-0.0346341732217	0.018183402806	-0.0630217854987	-0.0356391706191	-0.0366808687234	0.044720005339	-0.057996917314	0.00632981456925	0.000437897354697	0.0616895853185	0.0138978935408	-0.0695101653979	-0.0148710881714	0.0434251096631	-0.0408953631354	-0.0418847237568	0.0253577401808	0.030085646268	-0.00520174993329	0.0567159923129	-0.0389362595007	-0.00224942167679	0.0206026363114	-0.00141431434315	-0.00107084704252	-0.00762922788041	0.0170492136429	-0.0616149187921	0.0148966562542	-0.0559917597896	0.0477144020411	0.04335546649
k__Bacteria;p__Bacteroidetes;c__Bacteroidia;o__Bacteroidales;f__Bacteroidaceae;g__Bacteroides;s__Bacteroides_salyersiae	0.0186025030719	-0.0423900218167	-0.0162061402041	0.00581385046975	-0.0575758139496	-0.020707679211	-0.0734234221187	0.0231444174868	-0.0458574762764	-0.0105503574713	-0.0484656617893	0.0457052380259	0.0147889544333	-0.0101004145641	0.0161198425025	0.0611591878127	-0.0462191848231	-0.0133340193801	0.0253030736602	0.00024731943819	1.0	-0.0105263728253	-0.0168561868316	0.014230992954	0.0277712012551	0.0158891737805	-0.089182444274	-0.00362246127652	0.000547100959837	-0.0830402969783	-0.0351212300096	-0.0185507633914	-0.0459280270758	0.0537961257619	-0.0275951440479	0.00337718510906	-0.050685881139	0.106517299803	0.0136377250302	-0.0145282739722	0.0285555610967	0.0353721883484	-0.0502956655219	-0.0785952117647	0.0374926208986	-0.0126131315524	-0.054717064336	0.0194272785468	-0.00620924773765	0.00676370127607	-0.0542124663291	0.0716547549619	-0.00037229491835	0.00315232079793	-0.0218617244974	0.0476555202705	0.00111312072753	-0.0395646631318	-0.00801584555702
k__Bacteria;p__Firmicutes;c__Clostridia;o__Clostridiales;f__Ruminococcaceae;g__Ruminiclostridium;s__[Eubacterium]_siraeum	-0.0847185189379	-0.020840704203	-0.0562018887783	-0.0248697872415	0.0198352020293	-0.0285265160577	0.0110314708749	-0.0158335851361	0.0711398388269	-0.00654923717126	-0.0322010500806	-0.0116333381755	0.0601074537526	0.0496799274462	-0.043192860151	-0.0112701661356	0.0199197108817	-0.0894334151027	-0.059189719081	-0.0754617497576	-0.0105263728253	1.0	-0.0549434921845	-0.0307486850456	-0.0220491112113	-0.043529666084	0.00924853505492	-0.00349066851351	0.0235744839438	-0.0211777402751	0.0327233177439	0.0700355997581	-0.0129283326469	-0.0085542298374	-0.024232215641	-0.00708774411612	-0.0128031949679	0.0166870463588	-0.00369016788136	-0.0407875061818	-0.0211647582252	-0.000320361029745	0.0264336220282	-0.00464369605443	-0.0207854821258	-0.0549797505914	-0.0254585359831	-0.00323161256282	-0.0124978034845	0.0135130704148	0.0127855796019	0.0357945923161	-0.0233150530976	-0.0613034390005	0.0934185214137	0.0442356269624	-0.0513987094285	-0.0485575198214	-0.0294629335294
k__Bacteria;p__Proteobacteria;c__Betaproteobacteria;o__Burkholderiales;f__Sutterellaceae;g__Parasutterella;s__Parasutterella_excrementihominis	-0.0239460786607	0.0395330345117	-0.0121824621134	-0.0124264337817	-0.0421577635523	-0.0678780745947	-0.0113695899374	-0.0370171891951	-0.0137785171747	-0.00447248215659	0.0264947042367	-0.0308173154758	-0.01485589028	0.0119203545123	-0.00503805988547	0.0642057730175	-0.0203099382408	-0.0390875153265	0.0253932022544	-0.0179930921123	-0.0168561868316	-0.0549434921845	1.0	0.0376395291508	0.016988517431	0.00670939716068	0.0157846531207	-0.0553839240397	-0.0175830766811	0.0181566243676	0.0285297187228	-0.0141966328006	-0.0648783110607	0.0218341060535	-0.065272490495	-0.0351449617923	0.0354688501676	0.0780842258741	0.040326580509	-0.0608535839355	-0.0391421513577	-0.0262666084793	-0.00378394217003	0.0600631909136	-0.0619870578425	-0.0562438012088	-0.0776251477658	-0.0306017115573	0.0147115848105	-0.042142428625	-0.0300218807808	-0.121372630626	0.0158343016741	0.0225319086187	0.0176013137893	0.0454586465243	0.0172066760994	-0.00125694585302	-0.0578031787436
k__Bacteria;p__Actinobacteria;c__Actinobacteria;o__Bifidobacteriales;f__Bifidobacteriaceae;g__Bifidobacterium;s__Bifidobacterium_adolescentis	-0.00376062051938	-0.0857039349855	0.0283320875927	-0.0740795568754	0.0412204675164	-0.0208198564768	-0.0503075321097	0.0213741290065	0.0131917405266	-0.000531144484663	-0.0574771491867	-0.0374727487227	-0.0392259644771	-0.0402906403118	0.0748922070993	-0.00520835084389	-0.0465408001873	-0.0467010817975	0.0582769222859	-0.0429089351939	0.014230992954	-0.0307486850456	0.0376395291508	1.0	-0.0310778584925	-0.00892485827621	0.00103410283733	0.0284508969723	-0.0192395361342	-0.00113012713392	-0.00898250360729	0.0265793432627	-0.0204231884832	-0.0011185528663	0.0222053889554	0.077577766994	-0.00611118865162	-0.0116021442161	-0.0162096935591	-0.0774314518301	0.0586325672551	-0.0310657450001	-0.0238959036914	-0.0554179260477	-0.0350578854903	0.0216017941268	-0.0571240759062	0.00830319891324	-0.0181048965545	0.0206229977835	-0.0150911126624	0.0112615389907	-0.0282218847785	-0.0377734832444	-0.014614348386	-0.0384065944267	-0.0400436540691	-0.00496519888413	-0.0702898423787
k__Bacteria;p__Firmicutes;c__Clostridia;o__Clostridiales;f__Oscillospiraceae;g__Oscillibacter;s__Oscillibacter_sp._KLE_1745	-0.0338582313214	-0.00422924991319	0.0114840593889	-0.019094265407	0.0541940695983	-0.0319895567876	0.00592533091748	0.0372586402602	-0.00296926103594	-0.0130930269141	-0.00211385008156	-0.0797866580561	-0.0133261154363	-0.0104008152295	-0.00818102577907	0.0100918033059	-0.0424622373466	-0.0363479715022	0.0207306071795	0.0784241320156	0.0277712012551	-0.0220491112113	0.016988517431	-0.0310778584925	1.0	0.0660402816277	-0.00688252652848	-0.051062922788	-0.0460678113786	-0.00562517664372	-0.0396607818573	0.0128340929747	-0.0395860293576	-0.0539153579087	-0.0365525057421	-0.093181899369	-0.0401479890419	-3.47973255092e-05	-0.0701051652902	-0.049620089295	-0.0734581044214	0.0163992425023	0.00256884308833	0.0342546008326	0.0324544900291	0.0325879739449	-0.0569585630684	-0.0630116554792	-0.00184567330958	0.029961616649	0.0648463713473	0.0262094624646	-0.0326212341206	-0.0564569978384	0.0282843051046	0.00520594327351	0.0307669547811	0.0182423274022	0.0249568960821
k__Bacteria;p__Bacteroidetes;c__Bacteroidia;o__Bacteroidales;f__Bacteroidaceae;g__Bacteroides;s__Bacteroides_coprophilus	-0.0257777160616	-0.0196980204102	0.0430447738785	0.0729775226759	-0.0451945733904	-0.0144177197378	0.0138378876057	-0.0443120469211	0.00626777015844	0.0154413668143	-0.00738613676104	0.0338932515082	-0.0749847555445	0.00569348893314	-0.0653142612839	0.0527193518199	0.000706589085494	-0.0103418188261	0.0450343486964	-0.0220637027215	0.0158891737805	-0.043529666084	0.00670939716068	-0.00892485827621	0.0660402816277	1.0	-0.0317367266026	-0.0203371082926	-0.00512169567841	0.0548198813475	-0.0141718759101	0.0349996730992	-0.0156539717461	0.00145003894448	0.00767679110665	-0.0116011768901	-0.016230255389	0.0130821482313	-0.0435926983317	-0.0402160340388	-0.0455926905723	-0.0141824746109	-0.0495933016319	0.00258540652052	-0.0829288115935	-0.0377841308919	0.0795608182648	-0.00349954841	-0.0340932913479	-0.0544735591266	-0.0673102144438	-0.000678804482656	0.0226995833892	0.04686376823	0.00135839188137	-0.0712236590052	0.0280049979207	-0.0134136174591	-0.0370621373302
k__Bacteria;p__Firmicutes;c__Clostridia;o__Clostridiales;f__Lachnospiraceae;g__Roseburia;s__Roseburia_intestinalis	-0.0263134777041	-0.0555129086473	-0.0205466438545	-0.0213607330021	-0.0601835419484	0.00595911753194	0.0609293339683	0.0361862569836	0.00644369575607	-0.0412640209968	0.0814588695392	-0.0329384622609	-0.0380904984246	-0.0205165868627	0.0161556567215	0.0378094864275	-0.0697049221288	-0.0181673941393	0.0130706252904	0.0300991939488	-0.089182444274	0.00924853505493	0.0157846531207	0.00103410283733	-0.00688252652848	-0.0317367266026	1.0	-0.0240997057855	-0.0154330462984	-0.0663894780091	0.0128037665222	0.0520374473128	0.0504990923041	0.0373002425879	0.000602362096399	-0.0286495449035	0.00143393540012	-0.0518808954385	-0.0702763636286	-0.00344078993564	-0.0773491185329	0.0392285577411	-0.00121535965844	0.0253738970484	-0.0373175844817	-0.00152980177455	0.0314351600311	-0.0187934968969	-0.042012143985	-0.0217408331698	0.082784126242	0.0150911671635	0.0117020769129	0.0185858950875	-0.00480168897657	-0.0031263388049	0.00881245164772	-0.0260562501971	-0.0178000855084
k__Bacteria;p__Firmicutes;c__Clostridia;o__Clostridiales;f__Lachnospiraceae;g__Roseburia;s__Roseburia_hominis	-0.040178407132	-0.0370691482013	-0.0385130749875	-0.00830036888472	-0.0774559761362	-0.0138492826215	0.0269354376683	-0.0431205760005	-0.0144028940895	-0.0420507184374	-0.0480505761627	-0.064401293991	-0.0249922525337	-0.0362427221883	-0.024717950145	0.0560951875485	0.0100445491075	0.0145283575544	0.00582094763873	-0.0346341732217	-0.00362246127652	-0.00349066851351	-0.0553839240397	0.0284508969723	-0.051062922788	-0.0203371082926	-0.0240997057855	1.0	0.0265811195702	0.0253147247582	0.0162844407739	0.0440860759503	-0.092365787537	-0.0354239589605	-0.00589265028887	0.0297232006298	0.00517626709435	0.0548802919931	0.0026873009622	0.0197585707229	0.0369014985215	-0.0136649111847	0.0264509701347	-0.034248524566	0.0386458878924	-0.031088635845	0.0307645434215	-0.019975914583	0.00699660906615	0.071491439002	0.0245026386519	0.0164338421121	0.0339600022868	0.00940767897975	0.00963117329261	-0.00854019210034	0.0358650589186	-0.0105328185434	-0.0413275708865
k__Bacteria;p__Bacteroidetes;c__Bacteroidia;o__Bacteroidales;f__Porphyromonadaceae;g__Parabacteroides;s__Parabacteroides_johnsonii	-0.0108104249858	-0.0105372445965	0.00213348981457	-0.0195672498149	-0.00527342621779	0.0241546075826	-0.0258396453542	-0.0383945600431	0.00279589619016	-0.0126365482673	-0.0614053208375	0.0595969851	-0.0105135277567	-0.0479116475456	-0.0190210030519	-0.0551199238954	-0.0257756781909	0.050691379344	0.0205457436857	0.018183402806	0.000547100959837	0.0235744839438	-0.0175830766811	-0.0192395361342	-0.0460678113786	-0.00512169567841	-0.0154330462984	0.0265811195702	1.0	-0.0365733716367	-0.0379171894012	0.0148367077823	0.0361214108027	-0.00348741145921	0.00930993267103	0.0269154343521	-0.0625966737329	0.0191556335367	-0.045133585037	-0.0493334839598	0.00148567174598	0.0476544600432	0.00405326761685	-0.0523741766942	0.0224984627274	-0.0375418643454	-0.0195644477894	-0.000526501099877	0.0055771778211	0.0419942156742	-0.00323870719962	0.00820427817246	0.0169115651062	-0.000133949740476	0.0197108978593	-0.0804811230005	0.02720175534	-0.0471101264142	-0.017888477262
k__Bacteria;p__Actinobacteria;c__Actinobacteria;o__Bifidobacteriales;f__Bifidobacteriaceae;g__Bifidobacterium;s__Bifidobacterium_longum	-0.0371435701212	-0.0166569719879	-0.0393065146195	-0.0519810184613	-0.0377418270344	0.00719058800741	0.041253263434	0.010913259001	0.0839877173343	0.051068309291	-0.0380284097173	0.0331703002991	0.0773548233802	-0.0324062757896	0.00376375534688	-0.0161404083989	-0.0264996702652	-0.0678086662976	-0.0352939233107	-0.0630217854987	-0.0830402969783	-0.0211777402751	0.0181566243676	-0.00113012713392	-0.00562517664372	0.0548198813475	-0.0663894780091	0.0253147247582	-0.0365733716367	1.0	0.0144797862797	-0.0227556570759	0.059757390513	-2.85400956076e-06	-0.01117170642	0.0225689233225	-0.0572398152701	-0.0323048597926	0.0068904321601	0.00546679586453	-0.0476201337567	0.0137254849286	0.0254560388864	0.0417998895559	-0.00640950815284	0.0128726690858	-0.0204671832955	-0.0879165080573	-0.0505789035624	0.0241624646928	-0.0296191392539	-0.0550445294656	-0.0203247093321	-0.00181180518925	-0.0511628070477	0.0226194859409	-0.0185203442013	-0.0140477837747	0.0547282853296
