#taxonomy	k__Bacteria;p__Bacteroidetes;c__Bacteroidia;o__Bacteroidales;f__Bacteroidaceae;g__Bacteroides;s__Bacteroides_vulgatus	k__Bacteria;p__Bacteroidetes;c__Bacteroidia;o__Bacteroidales;f__Bacteroidaceae;g__Bacteroides;s__Bacteroides_uniformis	k__Bacteria;p__Bacteroidetes;c__Bacteroidia;o__Bacteroidales;f__Rikenellaceae;g__Alistipes;s__Alistipes_putredinis	k__Bacteria;p__Bacteroidetes;c__Bacteroidia;o__Bacteroidales;f__Prevotellaceae;g__Prevotella;s__Prevotella_copri	k__Bacteria;p__Bacteroidetes;c__Bacteroidia;o__Bacteroidales;f__Bacteroidaceae;g__Bacteroides;s__Bacteroides_stercoris	k__Bacteria;p__Bacteroidetes;c__Bacteroidia;o__Bacteroidales;f__Bacteroidaceae;g__Bacteroides;s__Bacteroides_ovatus	k__Bacteria;p__Bacteroidetes;c__Bacteroidia;o__Bacteroidales;f__Rikenellaceae;g__Alistipes;s__Alistipes_shahii	k__Bacteria;p__Firmicutes;c__Clostridia;o__Clostridiales;f__Ruminococcaceae;g__Faecalibacterium;s__Faecalibacterium_prausnitzii	k__Bacteria;p__Bacteroidetes;c__Bacteroidia;o__Bacteroidales;f__Rikenellaceae;g__Alistipes;s__Alistipes_finegoldii	k__Bacteria;p__Bacteroidetes;c__Bacteroidia;o__Bacteroidales;f__Porphyromonadaceae;g__Parabacteroides;s__Parabacteroides_distasonis	k__Bacteria;p__Bacteroidetes;c__Bacteroidia;o__Bacteroidales;f__Bacteroidaceae;g__Bacteroides;s__Bacteroides_thetaiotaomicron	k__Bacteria;p__Bacteroidetes;c__Bacteroidia;o__Bacteroidales;f__Bacteroidaceae;g__Bacteroides;s__Bacteroides_coprocola	k__Bacteria;p__Bacteroidetes;c__Bacteroidia;o__Bacteroidales;f__Bacteroidaceae;g__Bacteroides;s__Bacteroides_cellulosilyticus	k__Bacteria;p__Bacteroidetes;c__Bacteroidia;o__Bacteroidales;f__Rikenellaceae;g__Alistipes;s__Alistipes_obesi	k__Bacteria;p__Firmicutes;c__Clostridia;o__Clostridiales;f__Lachnospiraceae;g__;s__[Eubacterium]_rectale	k__Bacteria;p__Bacteroidetes;c__Bacteroidia;o__Bacteroidales;f__Bacteroidaceae;g__Bacteroides;s__Bacteroides_plebeius	k__Bacteria;p__Bacteroidetes;c__Bacteroidia;o__Bacteroidales;f__Bacteroidaceae;g__Bacteroides;s__Bacteroides_fragilis	k__Bacteria;p__Proteobacteria;c__Betaproteobacteria;o__Burkholderiales;f__Sutterellaceae;g__Sutterella;s__Sutterella_wadsworthensis	k__Bacteria;p__Bacteroidetes;c__Bacteroidia;o__Bacteroidales;f__Porphyromonadaceae;g__Barnesiella;s__Barnesiella_intestinihominis	k__Bacteria;p__Bacteroidetes;c__Bacteroidia;o__Bacteroidales;f__Odoribacteraceae;g__Odoribacter;s__Odoribacter_splanchnicus	k__Bacteria;p__Bacteroidetes;c__Bacteroidia;o__Bacteroidales;f__Bacteroidaceae;g__Bacteroides;s__Bacteroides_salyersiae	k__Bacteria;p__Firmicutes;c__Clostridia;o__Clostridiales;f__Ruminococcaceae;g__Ruminiclostridium;s__[Eubacterium]_siraeum	k__Bacteria;p__Proteobacteria;c__Betaproteobacteria;o__Burkholderiales;f__Sutterellaceae;g__Parasutterella;s__Parasutterella_excrementihominis	k__Bacteria;p__Actinobacteria;c__Actinobacteria;o__Bifidobacteriales;f__Bifidobacteriaceae;g__Bifidobacterium;s__Bifidobacterium_adolescentis	k__Bacteria;p__Firmicutes;c__Clostridia;o__Clostridiales;f__Oscillospiraceae;g__Oscillibacter;s__Oscillibacter_sp._KLE_1745	k__Bacteria;p__Bacteroidetes;c__Bacteroidia;o__Bacteroidales;f__Bacteroidaceae;g__Bacteroides;s__Bacteroides_coprophilus	k__Bacteria;p__Firmicutes;c__Clostridia;o__Clostridiales;f__Lachnospiraceae;g__Roseburia;s__Roseburia_intestinalis	k__Bacteria;p__Firmicutes;c__Clostridia;o__Clostridiales;f__Lachnospiraceae;g__Roseburia;s__Roseburia_hominis	k__Bacteria;p__Bacteroidetes;c__Bacteroidia;o__Bacteroidales;f__Porphyromonadaceae;g__Parabacteroides;s__Parabacteroides_johnsonii	k__Bacteria;p__Actinobacteria;c__Actinobacteria;o__Bifidobacteriales;f__Bifidobacteriaceae;g__Bifidobacterium;s__Bifidobacterium_longum	k__Bacteria;p__Firmicutes;c__Clostridia;o__Clostridiales;f__;g__Flavonifractor;s__Flavonifractor_plautii	k__Bacteria;p__Firmicutes;c__Clostridia;o__Clostridiales;f__Clostridiaceae;g__Clostridium;s__Clostridium_phoceensis	k__Bacteria;p__Verrucomicrobia;c__Verrucomicrobiae;o__Verrucomicrobiales;f__Akkermansiaceae;g__Akkermansia;s__Akkermansia_muciniphila	k__Bacteria;p__Bacteroidetes;c__Bacteroidia;o__Bacteroidales;f__Prevotellaceae;g__Paraprevotella;s__Paraprevotella_xylaniphila	k__Bacteria;p__Firmicutes;c__Clostridia;o__Clostridiales;f__Ruminococcaceae;g__Ruminococcus;s__Ruminococcus_callidus	k__Bacteria;p__Bacteroidetes;c__Bacteroidia;o__Bacteroidales;f__Rikenellaceae;g__Alistipes;s__Alistipes_senegalensis	k__Bacteria;p__Firmicutes;c__Clostridia;o__Clostridiales;f__Lachnospiraceae;g__Blautia;s__Blautia_sp._KLE_1732	k__Bacteria;p__Bacteroidetes;c__Bacteroidia;o__Bacteroidales;f__Bacteroidaceae;g__Bacteroides;s__Bacteroides_oleiciplenus	k__Bacteria;p__Firmicutes;c__Clostridia;o__Clostridiales;f__Ruminococcaceae;g__Ruminococcus;s__Ruminococcus_bicirculans	k__Bacteria;p__Bacteroidetes;c__Bacteroidia;o__Bacteroidales;f__Bacteroidaceae;g__Bacteroides;s__Bacteroides_fluxus	k__Bacteria;p__Bacteroidetes;c__Bacteroidia;o__Bacteroidales;f__Prevotellaceae;g__Prevotella;s__Prevotella_stercorea	k__Bacteria;p__Firmicutes;c__Clostridia;o__Clostridiales;f__Lachnospiraceae;g__Dorea;s__Dorea_longicatena	k__Bacteria;p__Firmicutes;c__Clostridia;o__Clostridiales;f__Eubacteriaceae;g__Eubacterium;s__[Eubacterium]_eligens	k__Bacteria;p__Firmicutes;c__Clostridia;o__Clostridiales;f__Ruminococcaceae;g__;s__Ruminococcaceae_bacterium_D16	k__Bacteria;p__Firmicutes;c__Clostridia;o__Clostridiales;f__Lachnospiraceae;g__Coprococcus;s__Coprococcus_comes	k__Bacteria;p__Proteobacteria;c__Gammaproteobacteria;o__Enterobacterales;f__Enterobacteriaceae;g__Escherichia;s__Escherichia_coli	k__Bacteria;p__Firmicutes;c__Clostridia;o__Clostridiales;f__Ruminococcaceae;g__Anaerotruncus;s__Anaerotruncus_colihominis	k__Bacteria;p__Firmicutes;c__Clostridia;o__Clostridiales;f__Lachnospiraceae;g__Blautia;s__Blautia_obeum	k__Bacteria;p__Bacteroidetes;c__Bacteroidia;o__Bacteroidales;f__Odoribacteraceae;g__Odoribacter;s__Odoribacter_laneus	k__Bacteria;p__Firmicutes;c__Clostridia;o__Clostridiales;f__Ruminococcaceae;g__Ruminiclostridium;s__[Clostridium]_leptum	k__Bacteria;p__Bacteroidetes;c__Bacteroidia;o__Bacteroidales;f__Porphyromonadaceae;g__Parabacteroides;s__Parabacteroides_goldsteinii	k__Bacteria;p__Firmicutes;c__Clostridia;o__Clostridiales;f__Lachnospiraceae;g__Anaerostipes;s__Anaerostipes_hadrus	k__Bacteria;p__Firmicutes;c__Clostridia;o__Clostridiales;f__Ruminococcaceae;g__Ruminococcus;s__Ruminococcus_lactaris	k__Bacteria;p__Firmicutes;c__Clostridia;o__Clostridiales;f__Clostridiaceae;g__Clostridium;s__Clostridium_sp._L2-50	k__Bacteria;p__Firmicutes;c__Clostridia;o__Clostridiales;f__Clostridiaceae;g__Clostridium;s__Clostridium_sp._M62/1	k__Bacteria;p__Firmicutes;c__Clostridia;o__Clostridiales;f__;g__Intestinimonas;s__Intestinimonas_butyriciproducens	k__Bacteria;p__Actinobacteria;c__Actinobacteria;o__Bifidobacteriales;f__Bifidobacteriaceae;g__Bifidobacterium;s__Bifidobacterium_bifidum	k__Bacteria;p__Firmicutes;c__Negativicutes;o__Veillonellales;f__Veillonellaceae;g__Dialister;s__Dialister_invisus	k__Bacteria;p__Bacteroidetes;c__Bacteroidia;o__Bacteroidales;f__Bacteroidaceae;g__Bacteroides;s__Bacteroides_salanitronis
k__Bacteria;p__Bacteroidetes;c__Bacteroidia;o__Bacteroidales;f__Bacteroidaceae;g__Bacteroides;s__Bacteroides_vulgatus	1.0	0.0279815306086	-0.038282267827	-0.0139629803929	-0.0224717629537	-0.0424403420663	-0.00300571492275	-0.0447090236186	0.0225392859924	0.0653508195098	0.017444766906	-0.00815511489904	0.0263763758926	0.00705868502019	-0.000432943226096	-0.00338286865135	-0.0478372303217	0.00371855864342	-0.00609431274072	-0.0294412542475	-0.0689965768364	0.0105206868104	-0.0208991697745	0.0140193673093	0.0116414891955	0.0596863118394	0.0446598368271	-0.0111650725099	0.0130459874269	-0.00109444266114	0.0137382500392	0.0507868728988	0.060186229902	-0.0307503804065	-0.0137790134058	-0.0480942779072	-0.0484968696707	-0.0358487141923	-0.0474762044622	-0.0433514536554	0.00960243581979	-0.0617964671785	-0.0653052998945	0.063103882355	-0.048640222374	0.0135471464951	0.0584264477676	-0.0398081087109	-0.0421378802852	-0.042618326475	0.0331986273921	-0.0197044806617	-0.0772378942068	-0.0256976907269	0.0130641290533	0.0177778913041	0.0336090508322	-0.0675721302866	-0.0797317546938
k__Bacteria;p__Bacteroidetes;c__Bacteroidia;o__Bacteroidales;f__Bacteroidaceae;g__Bacteroides;s__Bacteroides_uniformis	0.0279815306086	1.0	0.01811199722	-0.0599946078867	-0.0234724052567	-0.0521270324855	-0.0532182780765	0.000401245203524	0.01648572172	0.0278095141761	-0.0351590360158	0.0226879500652	0.0906212116022	0.000573644146765	-0.00807282551844	0.024279926083	0.0365411946833	-0.0073621712422	-0.0148048251088	0.00788902522365	-0.0156301031342	-0.0731973610635	0.0357261957302	0.0270378321732	0.0616761207944	-0.0508164313349	0.0334274416223	-0.0164354255855	-0.0290942209493	-0.0815515339206	0.0195049457863	0.0113541785268	-0.0684070559929	0.0212417633075	0.0179079062257	-0.0725040881377	-0.0577571850331	-0.0352997689077	-0.0401582843185	-0.074144392841	0.0612043188472	0.0113386761872	-0.0598364903032	-0.0305325070694	-0.00796040982452	-0.0363750896351	-0.00369335761276	-0.0412036290726	0.0229672666771	-0.0171439418509	-0.0499244909568	-0.0317155343991	0.00098496580377	-0.0471784154676	-0.0286157669621	0.00381413613187	-0.0239137791078	-0.0101030649669	0.0184810700843
k__Bacteria;p__Bacteroidetes;c__Bacteroidia;o__Bacteroidales;f__Rikenellaceae;g__Alistipes;s__Alistipes_putredinis	-0.038282267827	0.01811199722	1.0	-0.0198526143108	0.00920131431195	-0.0364405852245	6.68968588117e-05	0.0140935323255	-0.00968372941721	-0.00577883216483	0.00679888438968	0.0063079906356	0.00937371363983	0.00418320970323	0.0108463576175	0.0100105302315	-0.0108752471844	-0.0637618949621	-0.0426870762273	0.00464615477778	-0.056907085026	0.0269724119183	-0.0068763920213	0.046881005055	-0.0458805514094	-0.00553440732355	0.0442644662303	-0.0691317628022	0.0339572282362	0.0292486703088	-0.00865492527795	-0.0182885400421	-0.0648164313081	0.00216328527488	-0.0525250861134	0.00464189334333	-0.0159099231856	-0.0771239652463	-0.0435564688378	0.0255100686429	0.00476837048005	0.00980924208084	0.077709942933	-0.00715084670844	0.00301550557904	-0.0463105560952	-0.0339471584868	-0.0159888568791	-0.0257729628009	0.0398991497272	0.00614914857041	-0.055085230439	0.00827608214655	-0.0623860764415	0.0198514331064	0.00879725677387	-0.0878134961886	-0.0240185513635	0.0329919406328
k__Bacteria;p__Bacteroidetes;c__Bacteroidia;o__Bacteroidales;f__Prevotellaceae;g__Prevotella;s__Prevotella_copri	-0.0139629803929	-0.0599946078867	-0.0198526143108	1.0	0.0141955662691	-0.00579965662859	-0.0218926725263	0.00984073241821	-0.031919286206	-0.0132975945367	0.0520186323293	0.00557081474056	0.0305338067327	-0.0330773484567	-0.0417017484752	-0.0709153266833	-0.0530411158422	0.0106524406114	-0.010145681742	0.0114003856116	-0.055703524235	-0.0187997129895	-0.0293319359665	0.0194403688587	0.00632807352606	-0.00518968619974	-0.057146917129	0.0213503490485	-0.0132474540067	0.0123622391808	0.056629641861	-0.034299416717	-0.00654385267471	-0.016277587892	-0.0105055286776	-0.0184625803869	-0.0466863672593	-0.00401048965068	-0.0573492452897	-0.012390891118	0.0469688067496	0.00848255421369	-0.00737902989682	0.00311722586239	0.00978331565929	-0.0768125092705	-0.0663943184991	0.04505725902	-0.006781061302	-0.0564608627654	-0.00257355545818	-0.0210087595009	0.0345939963046	0.00313125140588	-0.0183015910909	-0.00890153509566	-0.0357675220077	0.0638772049312	0.0339118130725
k__Bacteria;p__Bacteroidetes;c__Bacteroidia;o__Bacteroidales;f__Bacteroidaceae;g__Bacteroides;s__Bacteroides_stercoris	-0.0224717629537	-0.0234724052567	0.00920131431195	0.0141955662691	1.0	-0.00522744428424	-0.0116172309957	0.000641306291085	0.0194960450879	-0.0354904380338	0.0064308078282	-0.0123673961544	-0.0151106869392	0.0357853636008	-0.00870192748058	-0.039815379312	-0.0367312037194	0.0100305004205	-0.0273318294786	-0.0207521799375	-0.0377051994683	0.00792673122573	-0.0186992785622	0.00121319167266	-0.0566682195009	0.0771545215783	-0.0605595201374	0.00234768979767	0.0560328163922	-0.0769215337019	-0.0370476538698	0.0390889904025	0.0169409484354	-0.0120121241297	-0.05476601834	0.068657454798	-0.0169811868243	-0.0265266516056	-0.0585661048977	-0.0393356845816	-0.120468242575	0.0227712145846	-0.0851672863306	0.0166366482594	0.0215700856242	-0.016141205687	-0.0880434383626	0.059678212603	0.00688482956943	-0.0249218132983	0.0679039218971	-0.027909123556	-0.00754300421124	-0.0485528131115	0.0358674206597	0.00998865022404	-0.0199924855815	0.0816103272932	-0.0449769951601
k__Bacteria;p__Bacteroidetes;c__Bacteroidia;o__Bacteroidales;f__Bacteroidaceae;g__Bacteroides;s__Bacteroides_ovatus	-0.0424403420663	-0.0521270324855	-0.0364405852245	-0.00579965662859	-0.00522744428424	1.0	-0.0187591611502	0.0256896350075	-0.00710038252158	0.060426666246	0.0618405050541	-0.0748660540399	-0.0169016368192	0.0688960778223	-0.0039163068485	-0.00795715698786	-0.039548034021	0.0424966461177	0.00518776475517	-0.0257211841074	-0.0208884480549	0.0466900934975	-0.000643286747319	-0.0172537995598	0.00173500976659	-0.00304234304919	-0.00077105552864	-0.00705219615964	-0.0498134754288	-0.0160611936234	-0.0569708906332	0.00622347867925	-0.0111635925715	-0.0159777079512	-0.0550343661207	-0.00268642850097	-0.0345388530293	-0.11622244482	-0.0208433492325	-0.0756112208994	-0.0248327468441	-0.0271649838171	0.0102480614415	-0.00262284944705	0.0490401545255	-0.00791576241633	-0.0227213615379	-0.071110106339	0.0531092935308	0.00908006001729	0.0439152645352	-0.000536200857338	0.000137893230076	-0.015124949116	-0.0471477107447	-0.00193146227293	0.00838793997351	-0.0341296730278	0.0353567050472
k__Bacteria;p__Bacteroidetes;c__Bacteroidia;o__Bacteroidales;f__Rikenellaceae;g__Alistipes;s__Alistipes_shahii	-0.00300571492275	-0.0532182780765	6.68968588119e-05	-0.0218926725263	-0.0116172309957	-0.0187591611502	1.0	0.045498691201	0.00582879160566	0.0345071316955	-0.0259259025425	0.0134347775218	-0.0430602607189	-0.0450170263489	0.0219218263742	0.0123762861457	0.04265698962	-0.0447521693665	0.0380930283947	0.0121236803216	-0.0143270727593	0.00432671047925	-0.0170247520181	-0.0319141605855	-0.0139192860698	-0.0613591961859	-0.0563190962972	-0.05995902847	0.0287615266688	0.000413783957223	-0.00143357488744	-0.0158839171146	0.0461484697153	-0.00564562355114	0.0333907878528	-0.00337939648484	-0.0400818073793	-0.020318069019	0.00583255710021	0.0464509901261	-0.00430341727497	0.0932971878921	0.110715174935	0.0356160139873	-0.04460930243	-0.0275899542864	-0.0311103719132	-0.0146769783207	0.017448855056	0.0313798325477	-0.0279285428713	-0.097143286993	-0.0454810327957	-0.0495294004187	-0.0682428950687	0.109785214398	0.0141250545217	0.00248434456208	-0.00293927600054
k__Bacteria;p__Firmicutes;c__Clostridia;o__Clostridiales;f__Ruminococcaceae;g__Faecalibacterium;s__Faecalibacterium_prausnitzii	-0.0447090236186	0.000401245203524	0.0140935323255	0.00984073241821	0.000641306291085	0.0256896350075	0.045498691201	1.0	0.0115991707632	0.00696270212157	0.0557685208205	-0.0168652918546	0.0129314679332	0.0136930550202	-0.0193799591208	-0.0174096930517	-0.0200193835881	-0.032164328804	0.0355191162219	0.083892290561	0.00993804571791	0.00459029399126	-0.015832700807	-0.0206282312514	-0.00171952838241	-0.0448448319456	-0.00961748775508	-0.0521720908458	0.00520722390229	-0.0519723690369	0.0231470106835	-0.0380379547315	-0.0127651451116	-0.0495321103917	-0.0331237701624	-0.0434530095938	0.0596756304961	-0.0260956276086	0.0409586132991	-0.0323660290488	-0.00546132474237	-0.017333738259	0.000645094254166	-0.00848143211068	0.0656820661073	-0.0162900248305	-0.0702932320432	0.0180523567544	-0.0131603384699	0.0113669314238	0.0540342395739	0.0303771948725	0.0303095905027	-0.0231690163316	-0.00208315877648	-0.00839494418568	-0.0435732045449	-0.0220472247926	-0.039593703745
k__Bacteria;p__Bacteroidetes;c__Bacteroidia;o__Bacteroidales;f__Rikenellaceae;g__Alistipes;s__Alistipes_finegoldii	0.0225392859924	0.01648572172	-0.00968372941721	-0.031919286206	0.0194960450879	-0.00710038252158	0.00582879160566	0.0115991707632	1.0	-0.00587801421512	0.00322565760635	0.0151033337683	-0.0266888883016	-0.0296354374227	-0.0546355091818	-0.0367749267612	0.00646745945994	0.0189558559733	0.0420791160481	0.00176017757027	0.0119978160794	-0.0313817923094	0.0410645880624	-0.0810329034529	-0.0682899712849	-9.18484146905e-05	-0.0242590329412	0.0426614833184	0.0218302290394	-0.0104347976271	0.0416320691236	-0.0301854109227	0.026824879468	-0.0776999561249	0.00851852308792	0.00640191739008	-0.0665751083013	-0.0539473784631	-0.00727105708275	-0.0443163219548	0.0114433723954	-0.0255428547202	0.0572576423198	0.0108820261939	-0.0422303212548	-0.0394280775317	-0.0243151746542	0.00402629573289	-0.014763989138	0.0457238297627	-0.0304858712167	-0.0415393050152	0.0103296755286	-0.0133654424487	-0.0298917188805	0.0360848923156	0.00202037592862	0.0257268074359	-0.100013025788
k__Bacteria;p__Bacteroidetes;c__Bacteroidia;o__Bacteroidales;f__Porphyromonadaceae;g__Parabacteroides;s__Parabacteroides_distasonis	0.0653508195098	0.0278095141761	-0.00577883216483	-0.0132975945367	-0.0354904380338	0.060426666246	0.0345071316955	0.00696270212157	-0.00587801421512	1.0	-0.0623968796517	-0.0093633772505	-0.00847621250636	-0.0441831548189	-0.0926149534295	0.0307168414086	-0.0242345156202	0.0222994784624	-0.0747572217911	-0.00264268728095	-0.0101555802162	-0.0469330301993	0.032780125145	0.0174202224713	-0.0303028023274	-0.0229800436707	-0.0334166729209	-0.0458879812579	0.000759359349018	0.0313178137764	0.0705070453079	-0.00287421608502	0.0700341952179	0.0104646112195	0.00418709607323	-0.0601469361769	-0.0389460554299	-0.0275725977073	0.00730919995664	0.0249879379468	-0.0483418971568	0.0107967104293	-0.0263653989978	-0.0264241636868	-0.00048610968964	-0.0562246339713	-0.00760161460938	0.0118367862158	-0.0450705180837	-0.0128215898833	-0.0432093524274	-0.106989076314	0.00231851703573	0.0379868074834	-0.0444841443749	0.0015143630821	0.0352540733673	0.00764772708138	-0.00684410708563
k__Bacteria;p__Bacteroidetes;c__Bacteroidia;o__Bacteroidales;f__Bacteroidaceae;g__Bacteroides;s__Bacteroides_thetaiotaomicron	0.017444766906	-0.0351590360158	0.00679888438968	0.0520186323293	0.0064308078282	0.0618405050541	-0.0259259025425	0.0557685208205	0.00322565760635	-0.0623968796517	1.0	-0.0120754201394	0.026166250151	-0.00759558426693	0.0280378980789	-0.0206948507909	0.0192503274337	-0.0202069149669	0.00501075154513	0.0223434539388	-0.0271312740021	-0.024231129881	-0.0348139773668	-0.00472897156898	-0.0620242226621	0.0284541772354	-0.101934298884	-0.0594482158385	0.0314873569472	-0.00913448495321	-0.0272986206569	-0.0627076823368	0.0135645826841	0.0307945538951	0.0338634080136	0.0375766427569	0.0294102223249	-0.0212486599589	0.0175059567895	0.00157349972699	-0.0130779974182	-0.03146704495	-0.0491300288355	0.000983648309954	0.0185554192976	0.00691730226494	-0.0331645903878	-0.024997708465	-0.0302798221345	-0.116217456238	0.0264477826736	0.0355418991349	0.0745701725136	0.0259695906636	-0.0206861009333	0.00593707705297	-0.0584202287591	0.0346471059172	0.0537344706477
k__Bacteria;p__Bacteroidetes;c__Bacteroidia;o__Bacteroidales;f__Bacteroidaceae;g__Bacteroides;s__Bacteroides_coprocola	-0.00815511489904	0.0226879500652	0.0063079906356	0.00557081474056	-0.0123673961544	-0.0748660540399	0.0134347775218	-0.0168652918546	0.0151033337683	-0.0093633772505	-0.0120754201394	1.0	-0.00725442096748	0.0467058720234	0.0510490568436	-0.0521095971608	0.0153364405051	-0.0635407694694	-0.0585040556415	-0.0340790489556	0.0274490082323	0.0420315315028	-0.0312248157771	0.0141008506146	-0.0188559828145	0.0450197273282	-0.0358717298456	0.00466408045613	0.0378509978227	0.000855860473713	-0.0547690658549	-0.0345330573968	-0.0106977300107	-0.0181673202891	0.00487114518993	-0.0129252118209	0.00774128856086	0.0898799829807	-0.00583391925869	-0.0259894497496	0.0375637631985	-0.00983899213507	-0.0752836181779	-0.00351959470196	-0.00505451152837	-0.00593181291286	-0.0478330521006	-0.0249679081754	-0.0118116838797	0.0412294418527	-0.0373311233405	0.0293381609006	0.042419966544	0.0550395416625	0.00613209376389	0.0136649839642	-0.0528963912524	-0.0139225493629	-0.0221144231353
k__Bacteria;p__Bacteroidetes;c__Bacteroidia;o__Bacteroidales;f__Bacteroidaceae;g__Bacteroides;s__Bacteroides_cellulosilyticus	0.0263763758926	0.0906212116022	0.00937371363983	0.0305338067327	-0.0151106869392	-0.0169016368192	-0.0430602607189	0.0129314679332	-0.0266888883016	-0.00847621250636	0.026166250151	-0.00725442096748	1.0	0.0363417106112	0.0534720348733	-0.0486609870158	-0.0701007348093	0.0514740454614	0.00537168404901	0.00526440420832	-0.0936130805903	-0.0283773042097	-0.010333827979	0.0172998543612	0.0284346960177	0.034554321088	-0.023455710051	0.00550255958158	-0.014536268827	-0.0176926011888	-0.0889972925151	0.0424384613285	-0.0515263903753	0.051010105366	0.0180999892436	-0.0342703260227	-0.0215435278728	0.0198123662417	-0.0640750291847	-0.0406535205682	-0.00871133857176	0.0305049608529	0.0224255829313	0.00306094596512	-0.0147976667688	-0.017712305603	-0.0685131853405	-0.0325174492036	0.0403146985997	-0.012913045355	0.0397810677617	-0.0304090154924	-0.0179405370641	-0.074885279372	0.028265001725	-0.0177623471889	0.0119782461364	0.018528371593	-0.00823641480362
k__Bacteria;p__Bacteroidetes;c__Bacteroidia;o__Bacteroidales;f__Rikenellaceae;g__Alistipes;s__Alistipes_obesi	0.00705868502019	0.000573644146765	0.00418320970323	-0.0330773484567	0.0357853636008	0.0688960778223	-0.0450170263489	0.0136930550202	-0.0296354374227	-0.0441831548189	-0.00759558426693	0.0467058720234	0.0363417106112	1.0	-0.0247155572703	-0.0164686635036	0.0616982698111	-0.00473820151574	-0.0380519784957	0.0232271977743	-0.0605082777694	-0.0591787015776	-0.0125230277464	0.0591970715234	0.0239772372573	-0.00659625943504	0.0562171931471	0.00223527870379	-0.033019810181	0.00181836264607	-0.00599144996468	0.0146866829567	0.0125678496807	-0.107388773565	-0.0198632391137	-0.0531758162384	-0.0566967916318	-0.0279315898518	-0.00329461815111	0.016953578524	-0.0158763125091	0.0156401878451	-0.0297964072899	-0.0209393387816	-0.00809503130418	-0.00490893615881	-0.0214289627607	0.0354587571941	0.0179111828354	0.0108030340228	0.0140412863562	-0.00137802537856	0.0227799845983	0.0455810014971	-0.0564845840591	0.0610572195034	-0.0406128098998	-0.0133728225741	-0.019439277166
k__Bacteria;p__Firmicutes;c__Clostridia;o__Clostridiales;f__Lachnospiraceae;g__;s__[Eubacterium]_rectale	-0.000432943226096	-0.00807282551844	0.0108463576175	-0.0417017484752	-0.00870192748058	-0.0039163068485	0.0219218263742	-0.0193799591208	-0.0546355091818	-0.0926149534295	0.0280378980789	0.0510490568436	0.0534720348733	-0.0247155572703	1.0	0.0695223769195	-0.0326193625583	0.051261412743	-0.0383468320095	-0.0870083236354	-0.026770885882	0.0122734875263	0.00114474034351	0.012075671996	-0.104991480877	0.0213035728507	0.0257362835417	-0.00827386794823	-0.0390571160487	-0.0375983361775	-0.0341806899743	3.73138373166e-05	-0.00320609894692	0.00588110914451	-0.0523031182087	0.0456737326499	-0.0141744632428	0.00799394339292	-0.0273333494624	0.0228829312158	-0.0655429884099	0.0154421077563	-0.060811383338	0.0237669898396	0.0699063178862	0.0263774260226	0.080429019336	-0.0064827638678	-0.00218597185815	0.0114773290998	0.0026762050074	-0.0630220677995	-0.0461908796422	-0.0182029182224	-0.018207592913	0.0495897881124	0.0193937227664	0.0152136838953	0.0150718636656
k__Bacteria;p__Bacteroidetes;c__Bacteroidia;o__Bacteroidales;f__Bacteroidaceae;g__Bacteroides;s__Bacteroides_plebeius	-0.00338286865135	0.024279926083	0.0100105302315	-0.0709153266833	-0.039815379312	-0.00795715698786	0.0123762861457	-0.0174096930517	-0.0367749267612	0.0307168414086	-0.0206948507909	-0.0521095971608	-0.0486609870158	-0.0164686635036	0.0695223769195	1.0	-0.0698439392519	-0.0167846484319	0.0731882717687	-0.0452907784598	-0.0698615923535	-0.0503597503271	0.0110024598525	0.026383806199	0.0197206188368	-0.0329726980507	-0.000710862392048	-0.0867031864049	-0.0312855653235	0.0230912530898	0.0326806208324	-0.0377668510813	0.0192224675093	0.00127136668986	-0.00582083234184	-0.0697995825184	-0.0457333135515	0.0267219155906	0.0202479081799	0.0136645009357	-0.0139412099835	-0.016705796616	0.0267473052687	-0.0876378733843	0.0261979785621	-0.0383782451828	0.0139637482841	0.0654971753884	-0.0704520525001	-0.0238377530582	0.0333343131077	0.0670017310305	-0.0536273718171	0.031286139264	-0.0112222323825	-0.0285566638654	-0.00953132514305	0.00219762043682	-0.00330293418428
k__Bacteria;p__Bacteroidetes;c__Bacteroidia;o__Bacteroidales;f__Bacteroidaceae;g__Bacteroides;s__Bacteroides_fragilis	-0.0478372303217	0.0365411946833	-0.0108752471844	-0.0530411158422	-0.0367312037194	-0.039548034021	0.04265698962	-0.0200193835881	0.00646745945994	-0.0242345156202	0.0192503274337	0.0153364405051	-0.0701007348093	0.0616982698111	-0.0326193625583	-0.0698439392519	1.0	0.0317687429445	0.00132031429888	-0.0372013322099	-0.0497945353301	-0.0637283181635	-0.0450464189945	0.0561738229618	0.0108259986566	-0.0374657498376	-0.0400502541181	-0.0193276245962	-0.0115719315732	-0.0726910991332	-0.00504127454963	-0.019682173871	-0.0128865497876	0.0252354905863	0.0071384730426	0.0399675315361	-0.0264383220371	-0.00659965363995	0.0329725019491	0.00387774906544	-0.0102617260927	-0.0362658162582	0.00768640779003	0.0175580080553	0.00995758147473	-0.0290027357212	0.00383161902399	0.0311841383697	0.0470602195964	-0.0159858321536	-0.0411812572214	0.011442689116	0.0526355161734	0.0132984564183	-0.0330430809778	0.00456738189908	-0.0351250517892	-0.000849105793172	0.0198845110401
k__Bacteria;p__Proteobacteria;c__Betaproteobacteria;o__Burkholderiales;f__Sutterellaceae;g__Sutterella;s__Sutterella_wadsworthensis	0.00371855864342	-0.0073621712422	-0.0637618949621	0.0106524406114	0.0100305004205	0.0424966461177	-0.0447521693665	-0.032164328804	0.0189558559733	0.0222994784624	-0.0202069149669	-0.0635407694694	0.0514740454614	-0.00473820151574	0.051261412743	-0.0167846484319	0.0317687429445	1.0	0.0148893069321	-0.0131628793666	-0.0013941325905	-0.0719566604931	0.00340040063212	-0.00359417019238	0.0482471288194	0.0249353191292	0.0458040011414	-0.0251682202726	-0.0268095028307	0.0163993296592	-0.0280322698752	-0.0332250660875	-0.00969057245096	-0.00512580821068	-0.0773144593768	-0.01783341647	0.0188220327025	-0.0299478667706	-0.0493433116531	0.0129972467468	0.0103012347032	0.00369475783093	-0.0134518676739	-0.0328978087431	-0.0350423286286	-0.0726911586933	0.0551373415553	-0.0295220878221	-0.0231014596958	-0.00920039918042	-0.00573823236618	-0.0589913518786	-0.0566296797947	0.0196482362994	0.0084900492397	-0.0387333641727	-0.00583594785375	-0.0200107819581	0.0229894429552
k__Bacteria;p__Bacteroidetes;c__Bacteroidia;o__Bacteroidales;f__Porphyromonadaceae;g__Barnesiella;s__Barnesiella_intestinihominis	-0.00609431274072	-0.0148048251088	-0.0426870762273	-0.010145681742	-0.0273318294786	0.00518776475517	0.0380930283947	0.0355191162219	0.0420791160481	-0.0747572217911	0.00501075154513	-0.0585040556415	0.00537168404901	-0.0380519784957	-0.0383468320095	0.0731882717687	0.00132031429888	0.0148893069321	1.0	-0.00455003224863	-0.0612822502996	-0.0129581711615	-0.0236979446339	-0.0695058518328	0.0617044294076	0.0421506620315	0.073966293208	-0.0147995439044	0.0102895321371	-0.0399052449308	-0.027040916963	-0.00764816326025	-0.0110944572864	0.0101219318183	0.0305934672325	-0.0160952315888	-0.012177421435	0.0359661881979	0.0478050488056	0.00412169507227	-0.00952033292773	-0.0624001365733	-0.0671738225337	0.0388452080259	-0.0441671171575	-0.0654540297495	-0.0192999788439	-0.00552807894537	0.0227721940995	0.0187590733197	-0.0370027148101	-0.0111524704172	-0.0441273255427	-0.00885404793475	-0.0282133618983	0.00778207983752	-0.0168615611589	0.00840135492129	-0.00786900618706
k__Bacteria;p__Bacteroidetes;c__Bacteroidia;o__Bacteroidales;f__Odoribacteraceae;g__Odoribacter;s__Odoribacter_splanchnicus	-0.0294412542475	0.00788902522365	0.00464615477778	0.0114003856116	-0.0207521799375	-0.0257211841074	0.0121236803216	0.083892290561	0.00176017757027	-0.00264268728095	0.0223434539388	-0.0340790489556	0.00526440420832	0.0232271977743	-0.0870083236354	-0.0452907784598	-0.0372013322099	-0.0131628793666	-0.00455003224863	1.0	-0.0856695034847	-0.0375894180555	0.0294359977624	-0.0278717785174	0.0506276409748	-0.0170496930238	0.0127318639234	-0.060860014286	0.0322339202564	-0.0364616778054	0.0246229784691	0.0205716574794	-0.00328044214994	-0.0473715124767	0.00170071634664	-0.0762237684135	0.0541258354411	-0.0151260969326	0.0275351278619	0.0112369286152	-0.0268416986615	-0.0382846171621	0.0399756247229	-0.016991371955	-0.00686408288426	0.0259259171398	-0.0385356122459	-0.042315587275	-0.0455703188256	-0.000456246715527	-0.0295007964728	-0.00866970540131	0.00995850059398	-0.00549155509368	0.0624862511091	-0.0341833423543	0.0191646412971	-0.0342224156549	0.00388923714648
k__Bacteria;p__Bacteroidetes;c__Bacteroidia;o__Bacteroidales;f__Bacteroidaceae;g__Bacteroides;s__Bacteroides_salyersiae	-0.0689965768364	-0.0156301031342	-0.056907085026	-0.055703524235	-0.0377051994683	-0.0208884480549	-0.0143270727593	0.00993804571791	0.0119978160794	-0.0101555802162	-0.0271312740021	0.0274490082323	-0.0936130805903	-0.0605082777694	-0.026770885882	-0.0698615923535	-0.0497945353301	-0.0013941325905	-0.0612822502996	-0.0856695034847	1.0	0.0144404189471	0.0197113476228	-0.0847322930363	0.014213010188	-0.011312896196	0.0477876574033	0.0222494936129	-0.0881948525062	-0.00452412872274	0.000811501353962	-0.0165435413528	0.0503035025348	-0.0101243447148	-0.000114261008158	0.000348130666573	0.0237004679558	-0.0238592854365	0.0820743713437	0.0400958417268	-0.0237649282399	-0.0123197844431	-0.0053612077462	-0.0180256757696	0.0551069182983	-0.0251543408016	-0.00639651557252	-0.0157040719513	-0.0211338692076	-0.0579313700437	0.00839832236296	0.0393402624899	-0.0386034009069	0.0563498096798	0.00212720364425	-0.0767827820839	0.0331669300221	0.0658773181337	-0.038226638826
k__Bacteria;p__Firmicutes;c__Clostridia;o__Clostridiales;f__Ruminococcaceae;g__Ruminiclostridium;s__[Eubacterium]_siraeum	0.0105206868104	-0.0731973610635	0.0269724119183	-0.0187997129895	0.00792673122573	0.0466900934975	0.00432671047925	0.00459029399126	-0.0313817923094	-0.0469330301993	-0.024231129881	0.0420315315028	-0.0283773042097	-0.0591787015776	0.0122734875263	-0.0503597503271	-0.0637283181635	-0.0719566604931	-0.0129581711615	-0.0375894180555	0.0144404189471	1.0	-0.00129069821213	0.0170921747031	0.0184758175026	0.0536650032981	-0.0302578131708	-0.0871061055466	0.0153842579763	-0.027311389328	-0.0553702354644	0.0447676139885	0.0217165215907	-0.0105312677858	-0.00847156092979	-0.02637671909	-0.00411540237811	-0.0378891883224	-0.0226416831282	0.0156380971389	-0.0235460514445	0.0392524333916	-0.0146879553799	0.0797203985448	0.04220704482	-0.00361778119451	-0.00466201808506	0.0211753750641	-0.00686786763831	0.0318056399387	-0.00973414320024	0.0553276270456	-0.0826534318333	0.00606815283401	-0.0497631699971	-0.0532378516261	-0.0525255481109	-0.0308085306512	-0.0115468971949
k__Bacteria;p__Proteobacteria;c__Betaproteobacteria;o__Burkholderiales;f__Sutterellaceae;g__Parasutterella;s__Parasutterella_excrementihominis	-0.0208991697745	0.0357261957302	-0.0068763920213	-0.0293319359665	-0.0186992785622	-0.000643286747319	-0.0170247520181	-0.015832700807	0.0410645880624	0.032780125145	-0.0348139773668	-0.0312248157771	-0.010333827979	-0.0125230277464	0.00114474034351	0.0110024598525	-0.0450464189945	0.00340040063212	-0.0236979446339	0.0294359977624	0.0197113476228	-0.00129069821213	1.0	-0.0483280039509	0.0232869419543	-0.0531329813443	-0.012340453542	-0.0111895875682	-0.0184347797113	-0.0318821580246	0.0171141994755	-0.0115945352334	-0.0435748669431	-0.0348365570828	-0.033283701017	-0.014284157581	-0.0484719402998	-0.0427900805757	-0.00296076283462	-0.0410158932673	0.0177969787187	-0.014321481942	0.0721397768052	0.00739321418668	-0.0770329231776	0.0421914809712	-0.0304346928332	-0.0644063403175	-0.0484908758745	0.00887782953134	0.0222410518492	-0.0100019356264	0.00866581187031	-0.0718298948568	-0.00271768678657	0.00169156033787	-0.0107949162089	-0.00983492035601	-0.054878109784
k__Bacteria;p__Actinobacteria;c__Actinobacteria;o__Bifidobacteriales;f__Bifidobacteriaceae;g__Bifidobacterium;s__Bifidobacterium_adolescentis	0.0140193673093	0.0270378321732	0.046881005055	0.0194403688587	0.00121319167266	-0.0172537995598	-0.0319141605855	-0.0206282312514	-0.0810329034529	0.0174202224713	-0.00472897156898	0.0141008506146	0.0172998543612	0.0591970715234	0.012075671996	0.026383806199	0.0561738229618	-0.00359417019238	-0.0695058518328	-0.0278717785174	-0.0847322930363	0.0170921747031	-0.0483280039509	1.0	0.00367802390857	0.0100107966299	-0.0349815443354	0.0044777473698	0.0120396511612	0.00943513087716	-0.0140379528512	0.0140320315706	0.0260627485832	-0.067118577549	-0.0788711380503	-0.0402246599315	0.0181600639781	-0.053840543161	-0.0257606541991	0.0384024622898	-0.0621079690533	-0.0306529899938	-0.00705753498596	0.0154264920811	-0.0625905636947	-0.0257433461144	-0.0189553307601	0.0657157629944	0.0457589043684	0.00863797602091	-0.0819149008356	-0.0681501326263	-0.0155556709371	0.0292005945793	0.035618653219	-0.0823392300317	-0.0577862569369	0.0485197897567	0.063754943203
k__Bacteria;p__Firmicutes;c__Clostridia;o__Clostridiales;f__Oscillospiraceae;g__Oscillibacter;s__Oscillibacter_sp._KLE_1745	0.0116414891955	0.0616761207944	-0.0458805514094	0.00632807352606	-0.0566682195009	0.00173500976659	-0.0139192860698	-0.00171952838241	-0.0682899712849	-0.0303028023274	-0.0620242226621	-0.0188559828145	0.0284346960177	0.0239772372573	-0.104991480877	0.0197206188368	0.0108259986566	0.0482471288194	0.0617044294076	0.0506276409748	0.014213010188	0.0184758175026	0.0232869419543	0.00367802390857	1.0	-0.0355613855941	-0.0305197614477	0.0180090715127	-0.0296733979003	-0.00481940430698	-0.00748710020908	-0.0356561488639	0.0553986236646	0.0793489800295	-0.0145909987668	0.0176257148829	0.0019150548892	0.0170662930951	-0.0073918744485	0.0232304564137	0.00609531161317	-0.0294800179719	0.00950695110611	-0.0766257385437	-0.0494996116573	0.0600316590154	-0.0166778600485	-0.00379443670027	-0.0648417473787	-0.0205835977703	0.033019666573	-0.038006579486	-0.052579253078	-0.0178440378191	-0.0894827075665	-0.0204806442508	-0.0134069584031	-0.0355726545907	-0.0170218210686
k__Bacteria;p__Bacteroidetes;c__Bacteroidia;o__Bacteroidales;f__Bacteroidaceae;g__Bacteroides;s__Bacteroides_coprophilus	0.0596863118394	-0.0508164313349	-0.00553440732355	-0.00518968619974	0.0771545215783	-0.00304234304919	-0.0613591961859	-0.0448448319456	-9.18484146905e-05	-0.0229800436707	0.0284541772354	0.0450197273282	0.034554321088	-0.00659625943504	0.0213035728507	-0.0329726980507	-0.0374657498376	0.0249353191292	0.0421506620315	-0.0170496930238	-0.011312896196	0.0536650032981	-0.0531329813443	0.0100107966299	-0.0355613855941	1.0	-0.000869165921962	-0.0490068052706	0.0126933880135	0.0404309815787	-0.0173828103589	0.0445237763356	0.0103786222149	0.00904829269364	0.0123449136531	-0.0179904388456	0.0308245698383	0.00493946169173	-0.0288319153104	-0.0369310137672	0.0070390902237	-0.0595742540094	-0.0102319473733	-0.0251937298867	0.00517067943618	-0.0457279972291	-0.0216284899149	-0.044624792347	0.036227790409	0.0215270714924	-0.0349579633062	0.0564503489515	0.0355194521121	-0.0241381606803	-0.0176159485915	-0.00267620696783	0.0142274490195	0.047405527503	-0.0600190922897
k__Bacteria;p__Firmicutes;c__Clostridia;o__Clostridiales;f__Lachnospiraceae;g__Roseburia;s__Roseburia_intestinalis	0.0446598368271	0.0334274416223	0.0442644662303	-0.057146917129	-0.0605595201374	-0.00077105552864	-0.0563190962972	-0.00961748775508	-0.0242590329412	-0.0334166729209	-0.101934298884	-0.0358717298456	-0.023455710051	0.0562171931471	0.0257362835417	-0.000710862392048	-0.0400502541181	0.0458040011414	0.073966293208	0.0127318639234	0.0477876574033	-0.0302578131708	-0.012340453542	-0.0349815443354	-0.0305197614477	-0.000869165921962	1.0	0.00498069513103	-0.0453131943385	-0.0720733844755	-0.0041153082625	-0.0295450287788	-0.00391501266817	-0.00390978196848	-0.0393622884878	0.00220466937842	-0.0190769362806	0.0225485969563	0.0168155234995	-0.0998063058937	0.0150961612157	0.0111110539888	0.0366152248294	-0.0625242211948	-0.0282985305054	0.0104097617125	0.00612225892203	0.01027682335	0.00864672264546	0.00764473253051	0.00705480120502	0.0371210793113	-0.0972689804648	0.0472308095667	-0.0209812415985	-0.0282123402047	-0.0409547821519	-0.0305534615604	-0.0406619084675
k__Bacteria;p__Firmicutes;c__Clostridia;o__Clostridiales;f__Lachnospiraceae;g__Roseburia;s__Roseburia_hominis	-0.0111650725099	-0.0164354255855	-0.0691317628022	0.0213503490485	0.00234768979767	-0.00705219615964	-0.05995902847	-0.0521720908458	0.0426614833184	-0.0458879812579	-0.0594482158385	0.00466408045613	0.00550255958158	0.00223527870379	-0.00827386794823	-0.0867031864049	-0.0193276245962	-0.0251682202726	-0.0147995439044	-0.060860014286	0.0222494936129	-0.0871061055466	-0.0111895875682	0.0044777473698	0.0180090715127	-0.0490068052706	0.00498069513103	1.0	-0.00725234414761	-0.0645056648327	0.0146523016466	-0.0620129397499	-0.0388177506743	-0.0715931075172	-0.00141893564551	0.047821812162	0.0227017548379	0.0534393842361	-0.0524011958484	0.0387241672537	0.068178715409	-0.0698296230667	-0.0142659169869	-0.0034279576595	0.0405871434915	0.0483972738213	-0.0252005573699	-0.00308504030523	-0.0478624098803	-0.0224053677734	-0.0300350273649	0.0200492616517	-0.0475316866645	0.0225843290934	-0.0286064981218	-0.0220382145939	-0.0256811884689	0.0347273163198	0.0192883076157
k__Bacteria;p__Bacteroidetes;c__Bacteroidia;o__Bacteroidales;f__Porphyromonadaceae;g__Parabacteroides;s__Parabacteroides_johnsonii	0.0130459874269	-0.0290942209493	0.0339572282362	-0.0132474540067	0.0560328163922	-0.0498134754288	0.0287615266688	0.00520722390229	0.0218302290394	0.000759359349018	0.0314873569472	0.0378509978227	-0.014536268827	-0.033019810181	-0.0390571160487	-0.0312855653235	-0.0115719315732	-0.0268095028307	0.0102895321371	0.0322339202564	-0.0881948525062	0.0153842579763	-0.0184347797113	0.0120396511612	-0.0296733979003	0.0126933880135	-0.0453131943385	-0.00725234414761	1.0	-0.0452307932761	0.0672485323361	-0.0312183003877	-0.0351098956331	-0.00533792616244	0.0141340505675	0.00875591386452	0.0348650734503	0.0147771692309	-0.0340122673327	-0.00761891785546	0.0402454011177	0.00109200527783	-0.0537754502666	0.0502630173578	0.00402788258228	-0.0460705670153	-0.012273251798	0.00516196129088	-0.0181462872381	-0.0176873930778	0.00481873988954	-0.0384971557147	-0.0493730788891	-0.0602483391543	0.0218716367952	-0.0326682149992	-0.0224749373361	0.0101034027105	-0.0381357062702
k__Bacteria;p__Actinobacteria;c__Actinobacteria;o__Bifidobacteriales;f__Bifidobacteriaceae;g__Bifidobacterium;s__Bifidobacterium_longum	-0.00109444266114	-0.0815515339206	0.0292486703088	0.0123622391808	-0.0769215337019	-0.0160611936234	0.000413783957223	-0.0519723690369	-0.0104347976271	0.0313178137764	-0.00913448495321	0.000855860473713	-0.0176926011888	0.00181836264607	-0.0375983361775	0.0230912530898	-0.0726910991332	0.0163993296592	-0.0399052449308	-0.0364616778054	-0.00452412872274	-0.027311389328	-0.0318821580246	0.00943513087716	-0.00481940430698	0.0404309815787	-0.0720733844755	-0.0645056648327	-0.0452307932761	1.0	0.0423700350893	0.0166268385277	-0.0127027344841	-0.0420600006661	0.00854095950959	-0.0156855548421	0.057438293139	0.0407917684888	-0.00348660258543	-0.0756688065636	-0.00181095975054	0.0419433158248	0.0443590733373	0.0548846010568	0.00975342326405	0.00926289964606	-0.0680198386159	-0.0153344319123	-0.0111909876865	0.0113140135848	0.0460524181366	-0.0113535362948	0.00318874775887	0.00583840960853	-0.00144523527101	-0.00399297794815	0.0221699013691	0.007886880337	-0.0227376912711
