#taxonomy	k__Bacteria;p__Bacteroidetes;c__Bacteroidia;o__Bacteroidales;f__Bacteroidaceae;g__Bacteroides;s__Bacteroides_vulgatus	k__Bacteria;p__Bacteroidetes;c__Bacteroidia;o__Bacteroidales;f__Bacteroidaceae;g__Bacteroides;s__Bacteroides_uniformis	k__Bacteria;p__Bacteroidetes;c__Bacteroidia;o__Bacteroidales;f__Rikenellaceae;g__Alistipes;s__Alistipes_putredinis	k__Bacteria;p__Bacteroidetes;c__Bacteroidia;o__Bacteroidales;f__Prevotellaceae;g__Prevotella;s__Prevotella_copri	k__Bacteria;p__Bacteroidetes;c__Bacteroidia;o__Bacteroidales;f__Bacteroidaceae;g__Bacteroides;s__Bacteroides_stercoris	k__Bacteria;p__Bacteroidetes;c__Bacteroidia;o__Bacteroidales;f__Bacteroidaceae;g__Bacteroides;s__Bacteroides_ovatus	k__Bacteria;p__Bacteroidetes;c__Bacteroidia;o__Bacteroidales;f__Rikenellaceae;g__Alistipes;s__Alistipes_shahii	k__Bacteria;p__Firmicutes;c__Clostridia;o__Clostridiales;f__Ruminococcaceae;g__Faecalibacterium;s__Faecalibacterium_prausnitzii	k__Bacteria;p__Bacteroidetes;c__Bacteroidia;o__Bacteroidales;f__Rikenellaceae;g__Alistipes;s__Alistipes_finegoldii	k__Bacteria;p__Bacteroidetes;c__Bacteroidia;o__Bacteroidales;f__Porphyromonadaceae;g__Parabacteroides;s__Parabacteroides_distasonis	k__Bacteria;p__Bacteroidetes;c__Bacteroidia;o__Bacteroidales;f__Bacteroidaceae;g__Bacteroides;s__Bacteroides_thetaiotaomicron	k__Bacteria;p__Bacteroidetes;c__Bacteroidia;o__Bacteroidales;f__Bacteroidaceae;g__Bacteroides;s__Bacteroides_coprocola	k__Bacteria;p__Bacteroidetes;c__Bacteroidia;o__Bacteroidales;f__Bacteroidaceae;g__Bacteroides;s__Bacteroides_cellulosilyticus	k__Bacteria;p__Bacteroidetes;c__Bacteroidia;o__Bacteroidales;f__Rikenellaceae;g__Alistipes;s__Alistipes_obesi	k__Bacteria;p__Firmicutes;c__Clostridia;o__Clostridiales;f__Lachnospiraceae;g__;s__[Eubacterium]_rectale	k__Bacteria;p__Bacteroidetes;c__Bacteroidia;o__Bacteroidales;f__Bacteroidaceae;g__Bacteroides;s__Bacteroides_plebeius	k__Bacteria;p__Bacteroidetes;c__Bacteroidia;o__Bacteroidales;f__Bacteroidaceae;g__Bacteroides;s__Bacteroides_fragilis	k__Bacteria;p__Proteobacteria;c__Betaproteobacteria;o__Burkholderiales;f__Sutterellaceae;g__Sutterella;s__Sutterella_wadsworthensis	k__Bacteria;p__Bacteroidetes;c__Bacteroidia;o__Bacteroidales;f__Porphyromonadaceae;g__Barnesiella;s__Barnesiella_intestinihominis	k__Bacteria;p__Bacteroidetes;c__Bacteroidia;o__Bacteroidales;f__Odoribacteraceae;g__Odoribacter;s__Odoribacter_splanchnicus	k__Bacteria;p__Bacteroidetes;c__Bacteroidia;o__Bacteroidales;f__Bacteroidaceae;g__Bacteroides;s__Bacteroides_salyersiae	k__Bacteria;p__Firmicutes;c__Clostridia;o__Clostridiales;f__Ruminococcaceae;g__Ruminiclostridium;s__[Eubacterium]_siraeum	k__Bacteria;p__Proteobacteria;c__Betaproteobacteria;o__Burkholderiales;f__Sutterellaceae;g__Parasutterella;s__Parasutterella_excrementihominis	k__Bacteria;p__Actinobacteria;c__Actinobacteria;o__Bifidobacteriales;f__Bifidobacteriaceae;g__Bifidobacterium;s__Bifidobacterium_adolescentis	k__Bacteria;p__Firmicutes;c__Clostridia;o__Clostridiales;f__Oscillospiraceae;g__Oscillibacter;s__Oscillibacter_sp._KLE_1745	k__Bacteria;p__Bacteroidetes;c__Bacteroidia;o__Bacteroidales;f__Bacteroidaceae;g__Bacteroides;s__Bacteroides_coprophilus	k__Bacteria;p__Firmicutes;c__Clostridia;o__Clostridiales;f__Lachnospiraceae;g__Roseburia;s__Roseburia_intestinalis	k__Bacteria;p__Firmicutes;c__Clostridia;o__Clostridiales;f__Lachnospiraceae;g__Roseburia;s__Roseburia_hominis	k__Bacteria;p__Bacteroidetes;c__Bacteroidia;o__Bacteroidales;f__Porphyromonadaceae;g__Parabacteroides;s__Parabacteroides_johnsonii	k__Bacteria;p__Actinobacteria;c__Actinobacteria;o__Bifidobacteriales;f__Bifidobacteriaceae;g__Bifidobacterium;s__Bifidobacterium_longum	k__Bacteria;p__Firmicutes;c__Clostridia;o__Clostridiales;f__;g__Flavonifractor;s__Flavonifractor_plautii	k__Bacteria;p__Firmicutes;c__Clostridia;o__Clostridiales;f__Clostridiaceae;g__Clostridium;s__Clostridium_phoceensis	k__Bacteria;p__Verrucomicrobia;c__Verrucomicrobiae;o__Verrucomicrobiales;f__Akkermansiaceae;g__Akkermansia;s__Akkermansia_muciniphila	k__Bacteria;p__Bacteroidetes;c__Bacteroidia;o__Bacteroidales;f__Prevotellaceae;g__Paraprevotella;s__Paraprevotella_xylaniphila	k__Bacteria;p__Firmicutes;c__Clostridia;o__Clostridiales;f__Ruminococcaceae;g__Ruminococcus;s__Ruminococcus_callidus	k__Bacteria;p__Bacteroidetes;c__Bacteroidia;o__Bacteroidales;f__Rikenellaceae;g__Alistipes;s__Alistipes_senegalensis	k__Bacteria;p__Firmicutes;c__Clostridia;o__Clostridiales;f__Lachnospiraceae;g__Blautia;s__Blautia_sp._KLE_1732	k__Bacteria;p__Bacteroidetes;c__Bacteroidia;o__Bacteroidales;f__Bacteroidaceae;g__Bacteroides;s__Bacteroides_oleiciplenus	k__Bacteria;p__Firmicutes;c__Clostridia;o__Clostridiales;f__Ruminococcaceae;g__Ruminococcus;s__Ruminococcus_bicirculans	k__Bacteria;p__Bacteroidetes;c__Bacteroidia;o__Bacteroidales;f__Bacteroidaceae;g__Bacteroides;s__Bacteroides_fluxus	k__Bacteria;p__Bacteroidetes;c__Bacteroidia;o__Bacteroidales;f__Prevotellaceae;g__Prevotella;s__Prevotella_stercorea	k__Bacteria;p__Firmicutes;c__Clostridia;o__Clostridiales;f__Lachnospiraceae;g__Dorea;s__Dorea_longicatena	k__Bacteria;p__Firmicutes;c__Clostridia;o__Clostridiales;f__Eubacteriaceae;g__Eubacterium;s__[Eubacterium]_eligens	k__Bacteria;p__Firmicutes;c__Clostridia;o__Clostridiales;f__Ruminococcaceae;g__;s__Ruminococcaceae_bacterium_D16	k__Bacteria;p__Firmicutes;c__Clostridia;o__Clostridiales;f__Lachnospiraceae;g__Coprococcus;s__Coprococcus_comes	k__Bacteria;p__Proteobacteria;c__Gammaproteobacteria;o__Enterobacterales;f__Enterobacteriaceae;g__Escherichia;s__Escherichia_coli	k__Bacteria;p__Firmicutes;c__Clostridia;o__Clostridiales;f__Ruminococcaceae;g__Anaerotruncus;s__Anaerotruncus_colihominis	k__Bacteria;p__Firmicutes;c__Clostridia;o__Clostridiales;f__Lachnospiraceae;g__Blautia;s__Blautia_obeum	k__Bacteria;p__Bacteroidetes;c__Bacteroidia;o__Bacteroidales;f__Odoribacteraceae;g__Odoribacter;s__Odoribacter_laneus	k__Bacteria;p__Firmicutes;c__Clostridia;o__Clostridiales;f__Ruminococcaceae;g__Ruminiclostridium;s__[Clostridium]_leptum	k__Bacteria;p__Bacteroidetes;c__Bacteroidia;o__Bacteroidales;f__Porphyromonadaceae;g__Parabacteroides;s__Parabacteroides_goldsteinii	k__Bacteria;p__Firmicutes;c__Clostridia;o__Clostridiales;f__Lachnospiraceae;g__Anaerostipes;s__Anaerostipes_hadrus	k__Bacteria;p__Firmicutes;c__Clostridia;o__Clostridiales;f__Ruminococcaceae;g__Ruminococcus;s__Ruminococcus_lactaris	k__Bacteria;p__Firmicutes;c__Clostridia;o__Clostridiales;f__Clostridiaceae;g__Clostridium;s__Clostridium_sp._L2-50	k__Bacteria;p__Firmicutes;c__Clostridia;o__Clostridiales;f__Clostridiaceae;g__Clostridium;s__Clostridium_sp._M62/1	k__Bacteria;p__Firmicutes;c__Clostridia;o__Clostridiales;f__;g__Intestinimonas;s__Intestinimonas_butyriciproducens	k__Bacteria;p__Actinobacteria;c__Actinobacteria;o__Bifidobacteriales;f__Bifidobacteriaceae;g__Bifidobacterium;s__Bifidobacterium_bifidum	k__Bacteria;p__Firmicutes;c__Negativicutes;o__Veillonellales;f__Veillonellaceae;g__Dialister;s__Dialister_invisus	k__Bacteria;p__Bacteroidetes;c__Bacteroidia;o__Bacteroidales;f__Bacteroidaceae;g__Bacteroides;s__Bacteroides_salanitronis
k__Bacteria;p__Bacteroidetes;c__Bacteroidia;o__Bacteroidales;f__Bacteroidaceae;g__Bacteroides;s__Bacteroides_vulgatus	1.0	0.0689212845641	0.00802536233572	-0.00551024717718	0.0122149923018	0.0386793033032	0.0028345537594	0.033754735802	-0.0276232045385	-0.0963823366206	-0.0167018155855	-0.0419861056637	-0.000143678280126	-0.085571486226	0.0160925827525	0.0565808675808	-0.00180301474382	-0.0417104930951	0.0136069825818	-0.0198735324161	-0.0252525970478	0.0355441576979	-0.0336246149861	-0.0167957930833	-0.0700982416776	-0.0299388037525	0.00262520896814	0.0498589614063	0.0211112290335	-0.0205107127654	0.0221410202184	0.0136532606742	-0.0209144886223	-0.052604363921	0.0035428909061	-0.0130757755802	-0.0509898571449	-0.030145454125	-0.00995533437298	-0.022532199358	0.0406439494866	0.00935912581387	-0.00636305142382	0.00215875949441	0.00993402977642	0.0630651388933	-0.0332084151353	9.27841590212e-05	0.00129703195267	0.0493739034568	-0.069271025333	-0.0185973654155	-0.0213069704298	0.0270904472766	0.0371026085206	0.00899877912193	-0.00923794607407	0.00210489137671	-0.0172742549624
k__Bacteria;p__Bacteroidetes;c__Bacteroidia;o__Bacteroidales;f__Bacteroidaceae;g__Bacteroides;s__Bacteroides_uniformis	0.0689212845641	1.0	-0.0435036390123	0.0404202631477	0.00283804822488	-0.0577650776751	0.0685560175907	-0.0103308183631	-0.0220601953551	0.0265754102135	-0.0114437289616	-0.0207654411267	-0.0319307411721	0.045322706454	0.0425448961194	-0.0555666809242	-0.034046689252	-0.0793058963505	0.0237869812685	-0.105509796909	-0.00399894965499	-0.0191885320188	0.00659887574007	0.0525676978007	-0.0624180486444	-0.0557550503762	-0.0591725777312	0.00411731393177	-0.000695814338661	-0.11532625969	-0.000908581134057	0.0252700381067	-0.0230575278905	0.00264722168713	0.00488111874235	0.0194955548045	0.00172451505541	-0.00656401880825	-0.00899859332791	0.0342906126592	-0.00872731389147	-0.00564135835583	0.0296773051118	-0.000660004452222	0.00453805697995	0.00517552379398	-0.0688010179414	0.00888721207135	0.0461243318896	-0.0308741262108	0.0226920869851	-0.0353307017752	0.0247778533056	0.0185644889396	-0.0426422794012	-0.0102382869469	-0.0639552684247	0.0623784411086	0.024965788403
k__Bacteria;p__Bacteroidetes;c__Bacteroidia;o__Bacteroidales;f__Rikenellaceae;g__Alistipes;s__Alistipes_putredinis	0.00802536233572	-0.0435036390123	1.0	0.0309017600226	-0.0590032835488	-0.0530116346035	-0.0627973536513	-0.0383559089011	-0.00451954057772	-0.0494255214131	0.0266373425884	-0.0360664339167	-0.0237662644326	-0.0399796410556	-0.000983046229542	-0.0846835865046	-0.0353093464254	0.0043281299051	-0.0124437751781	0.00444862953611	-0.0694863765326	-0.00843544505399	-0.0100485477405	-0.0615650734649	-0.0197602693675	0.0173072383955	0.0657547211682	0.0399084567805	-0.0524358898821	0.00601763960504	0.00063306800569	-0.0917286940519	0.0115492546549	-0.011929435169	0.0234318373161	0.0703218477347	-0.0236032680831	0.0455834681863	0.00212611042891	0.0170550392883	0.024248365379	-0.010088016151	-0.0116238600773	0.0201556237955	-0.0538244971605	0.0203730597879	0.00251867464145	0.0312362739622	0.0330433381115	-0.0684114236267	0.0204895776055	-0.0391520653441	0.0877008319595	-0.0470570577074	0.0372647898325	-0.0581079995787	-0.033660804837	-0.0160511549437	-0.0141954981876
k__Bacteria;p__Bacteroidetes;c__Bacteroidia;o__Bacteroidales;f__Prevotellaceae;g__Prevotella;s__Prevotella_copri	-0.00551024717718	0.0404202631477	0.0309017600226	1.0	0.0175540885827	-0.0306511128967	-0.01981979749	-0.0497287283515	-0.0858894792582	0.00455582020614	0.0332083957341	0.0130398909315	-0.00136056689204	-0.055144722454	-0.0388537499373	0.0253089684417	0.0528464767864	0.00817705852347	0.00546482617739	5.60066939577e-05	-0.0266796416629	-0.0226138251689	-0.0154434442426	-0.0644678763693	-0.0292727128119	-0.00975006144356	-0.0162620729089	0.0514071180409	-0.0153236727625	-0.0236644861996	0.0144616615028	-0.00356103293365	0.0233782825951	-0.0212207434502	-0.0566833178899	-0.0162360095482	0.0430562627858	0.0201159647169	-0.00876896503193	-0.0421628846786	-0.0381436587184	-0.0333498011642	-0.0220853283011	-0.0468750451688	-0.0304015385453	-0.0349296371062	0.0257495642891	0.065234213163	-0.0533546855717	0.0127602528878	-0.0629476444351	0.0377666003017	0.0645632478503	-0.0269916919198	-0.0188669582836	0.0363932911922	-0.00445058828488	0.0106378494313	-0.0447052732882
k__Bacteria;p__Bacteroidetes;c__Bacteroidia;o__Bacteroidales;f__Bacteroidaceae;g__Bacteroides;s__Bacteroides_stercoris	0.0122149923018	0.00283804822488	-0.0590032835488	0.0175540885827	1.0	-0.0316231073589	-0.0104087362151	0.0414266316674	0.0312496284852	0.0212819712144	0.0459068377577	-0.00950787704715	0.0503375914942	-0.0424909443406	0.0202839993073	-0.00436215911875	0.00445303868631	-0.0495453409523	-0.0214403223716	-0.0187593434113	-0.102074393101	-0.0185377111734	-0.00796885281644	-0.0653915649314	-0.018528571191	-0.0298336266529	0.0570425235025	-0.0118887986581	0.00335166446465	0.0167676828868	-0.0176050862793	-0.00895208667944	-0.0506652202485	-0.0258688447494	0.0264118863901	-0.0318957248813	0.0482521401296	-0.00363079341897	-0.00580084807051	-0.0380875515352	-0.037432124112	0.0117410648456	-0.0501143533707	-0.0224214249668	-0.0594776529189	-0.0195699251907	0.0204875877705	-0.0512911985553	-0.0241965360427	-0.00043584077608	0.00443875941806	-0.0339224928538	-0.0124272628818	-0.0107328600224	-0.0177043434172	0.0157095840659	-0.00849856132586	0.0185468512959	-0.00347109500506
k__Bacteria;p__Bacteroidetes;c__Bacteroidia;o__Bacteroidales;f__Bacteroidaceae;g__Bacteroides;s__Bacteroides_ovatus	0.0386793033032	-0.0577650776751	-0.0530116346035	-0.0306511128967	-0.0316231073589	1.0	-0.060611840855	-0.0463941440246	-0.00496885331315	0.0155733758706	-0.0498612652211	0.0276057176274	-0.0367218821339	0.0201124343885	0.0364743817248	0.0341703658557	-0.0173893935088	-0.0437408507979	-0.0207458578898	0.0896974892737	-0.0270771685501	-0.0317609200813	-0.0838121933579	0.0471992683418	-0.0473819573364	0.0207361921269	-0.0104873502996	0.0319409257065	-0.0306172867207	0.028503052495	0.0183438346292	-0.00445927016727	-0.0275834124211	0.00181045865636	-0.0299417800822	-0.00501463854133	0.0529674075095	-0.0461912526822	0.0280586895456	-0.0622214698267	0.00418366198719	0.00940353648004	-0.0519202010671	-7.12523361772e-05	0.0122775894338	0.0112677016489	0.0146466946459	-0.06527126357	0.0414925180005	0.0218565294785	-0.0269092983587	0.067757199086	-0.00563420700878	0.0403025984245	0.0426693591809	-0.0310509262178	0.0172894195056	-0.0707165037821	-0.00763750480254
k__Bacteria;p__Bacteroidetes;c__Bacteroidia;o__Bacteroidales;f__Rikenellaceae;g__Alistipes;s__Alistipes_shahii	0.0028345537594	0.0685560175907	-0.0627973536513	-0.01981979749	-0.0104087362151	-0.060611840855	1.0	-0.0497111083446	0.00694860297526	-0.00458121676455	-0.0631980488775	-0.0420453300051	-0.00143966822319	0.0169937099983	-0.0362742074489	-0.0487691608945	-0.0402488488195	0.026541000916	-0.00594465108631	0.0459404919077	-0.0555423239556	0.0114738861038	-0.0778510338283	0.00438231920882	0.0500717867671	0.0332672136562	0.00464986648906	0.0374248968306	-0.0337777903033	0.0330000100957	-0.00388574656499	0.0665682322151	0.0189872195358	0.0202216656509	-0.0643133232963	-0.0259041652008	0.00102234752778	0.00977114249407	0.0353093556414	-0.0266701624565	-0.040822831066	-0.0320394012694	-0.0387524667472	-0.0243903983509	-0.0528274240499	-0.030843248242	0.0341113336326	-0.0105944606694	-0.0203776248929	0.00678921514887	0.0583762424165	0.0139010738073	-0.0046472175572	-0.0468864206421	-0.0180531134944	-0.0199125201882	0.0720864251217	-0.0482080711195	-0.038183714133
k__Bacteria;p__Firmicutes;c__Clostridia;o__Clostridiales;f__Ruminococcaceae;g__Faecalibacterium;s__Faecalibacterium_prausnitzii	0.033754735802	-0.0103308183631	-0.0383559089011	-0.0497287283515	0.0414266316674	-0.0463941440246	-0.0497111083446	1.0	0.0185016043473	-0.0181321578912	0.0288920775791	-0.0416817156396	-0.00832265183674	0.044914571132	-0.0113788533035	0.0196844081898	-0.0378686432108	0.00721206297093	0.0126941576721	0.0501241453115	-0.0894969626691	-0.0233608519059	-0.0395478476133	0.0499897008088	0.0083955097574	0.0071937660361	0.0185024795655	-0.00800293251117	0.0391692126718	0.00375784233421	-0.0144537589563	0.0200666323422	-0.0261523999389	-0.0173995970603	-0.0138631758255	0.0372224285291	-0.0381168848584	-0.0504775300782	-0.043624330311	0.0178513263259	0.0300486828209	-0.0258570518409	-0.0226198015274	0.0110229579349	0.0491019235113	0.00678541821724	-0.0262829924709	-0.0591217737062	0.0116635021143	0.0324657655696	0.0298982337729	-0.0547168726363	-0.0487463856638	-0.00369911153813	0.02877086147	0.0191986081214	0.0464478988205	-0.0296949028692	-0.00849370678586
k__Bacteria;p__Bacteroidetes;c__Bacteroidia;o__Bacteroidales;f__Rikenellaceae;g__Alistipes;s__Alistipes_finegoldii	-0.0276232045385	-0.0220601953551	-0.00451954057772	-0.0858894792582	0.0312496284852	-0.00496885331315	0.00694860297526	0.0185016043473	1.0	-0.0588058626294	0.0201261607438	0.0121845601515	0.0299056282156	-0.0401073430931	-0.0176652115335	-0.00705156016363	0.0361576135697	-0.00998513227702	-0.0115664019102	-0.00705696970029	-0.00930379009126	-0.0381968214293	0.0304482463065	-0.0123779684686	-0.00612694443621	-0.0276219823505	0.00967808193328	0.0289724855344	-0.000920125023514	0.00811166175905	-0.00285708297749	0.0190122039183	-0.0432684632232	-0.0315299718744	0.0490437530486	-0.0540394722531	-0.0368836983346	-0.0294374576768	-0.00901881213172	-0.0174717691805	-0.0125527904172	0.0167140078654	-0.000114900241636	-0.0297324142086	-0.00526730887768	-0.048978144698	0.0499018659605	-0.0323109240388	-0.000208459925218	-0.0440952141849	0.0173818822862	0.0588238375515	0.0301083953611	-0.0203739267679	-0.0392635188577	0.0296667455654	-0.0207705332705	-0.0855986682258	0.00531276452706
k__Bacteria;p__Bacteroidetes;c__Bacteroidia;o__Bacteroidales;f__Porphyromonadaceae;g__Parabacteroides;s__Parabacteroides_distasonis	-0.0963823366206	0.0265754102135	-0.0494255214131	0.00455582020614	0.0212819712144	0.0155733758706	-0.00458121676455	-0.0181321578912	-0.0588058626294	1.0	-0.0263207566346	-0.0136769637056	-0.0131714656309	0.0904353480036	-0.0205861265947	0.00929295396142	-0.000749713888278	-0.0301791981097	0.0654733486012	0.00168249508798	-0.0230353087004	-0.0126745421015	-0.0307883365945	-0.0158649394801	-0.0514807077763	0.000115177879785	-0.00344021993944	0.0243631334014	0.115522046689	-0.0356886796872	0.0658212253979	-0.0394012996311	-0.0353779704855	-0.0372314201848	0.0085144206561	0.0127803912593	-0.00316365811153	0.00187473651948	0.01922823995	-0.0150511452584	0.0820398987154	-0.0667913296134	0.0187019415791	-0.0224208450102	-0.0330323383258	-0.00116997828876	-0.0416320560012	-0.00398119724127	-0.0698418551413	0.00478921943012	-0.0472163407435	0.0494383559575	-0.0340846711356	-0.0416675022193	-0.0239534683591	0.0173545454257	-0.00356510056058	-0.00935093541331	0.00421813508036
k__Bacteria;p__Bacteroidetes;c__Bacteroidia;o__Bacteroidales;f__Bacteroidaceae;g__Bacteroides;s__Bacteroides_thetaiotaomicron	-0.0167018155855	-0.0114437289616	0.0266373425884	0.0332083957341	0.0459068377577	-0.0498612652211	-0.0631980488775	0.0288920775791	0.0201261607438	-0.0263207566346	1.0	0.00243047718215	0.00906263919123	-0.00672013476021	-0.00676050312602	-0.033872596241	-0.00930233384388	0.0148954029181	0.0243564886554	-0.0212685864083	-0.087046298307	0.0392891140659	0.0597243060074	-0.00740267098659	-0.0738481226153	0.00463013656795	0.0172504737029	0.0200786868333	0.0814029987909	-0.0145596094333	0.00464382113216	-0.0343745895691	-0.0469713649266	0.0315525354607	0.0501830641014	-0.0530354829743	0.0509198579986	0.00537760920724	0.0778039849253	0.0225257907365	0.0187395516543	-0.0294512146399	0.0165045257517	0.0340031064137	-0.0587194218712	0.0325479838888	-0.0355745217633	-0.0502648238141	-0.0440507377233	0.0202016121117	0.0196817465387	-0.0122000632725	0.0509042373074	-0.0713595956002	-0.0744983394969	-0.0744165259878	-0.0174309559286	-0.00514338890155	-0.024769331135
k__Bacteria;p__Bacteroidetes;c__Bacteroidia;o__Bacteroidales;f__Bacteroidaceae;g__Bacteroides;s__Bacteroides_coprocola	-0.0419861056637	-0.0207654411267	-0.0360664339167	0.0130398909315	-0.00950787704715	0.0276057176274	-0.0420453300051	-0.0416817156396	0.0121845601515	-0.0136769637056	0.00243047718215	1.0	0.0392754421917	-0.0108587660677	-0.00147924013804	-0.0637876832643	0.0514865889855	0.013005169323	-0.00971233058007	-0.0157202862706	0.0122577782288	0.0476977999288	-0.0344191092041	-0.0423738425395	-0.0761795311606	-0.0548002829872	-0.0259443566706	0.03319027705	-0.0111242118275	-0.0215929730757	-0.0137734868261	-0.0489964273108	0.0252138403398	-0.0376112218586	-0.00404695508341	-0.0184066715376	0.0304575721171	0.00222359356242	0.0234951460225	-0.0561065775252	-0.0204237044335	0.0245285946326	-0.0157802556166	-0.0244236572854	-0.0122458873044	0.00111358876125	0.0366633068215	-0.00535442216394	0.0542513183581	-0.0600530733942	0.0306597542201	-0.0172099129782	-0.0497936024107	-0.0680884337737	-0.0886032908746	0.0145079550978	-0.0290834737947	0.0275826494382	0.0116217153666
k__Bacteria;p__Bacteroidetes;c__Bacteroidia;o__Bacteroidales;f__Bacteroidaceae;g__Bacteroides;s__Bacteroides_cellulosilyticus	-0.000143678280126	-0.0319307411721	-0.0237662644326	-0.00136056689204	0.0503375914942	-0.0367218821339	-0.00143966822319	-0.00832265183674	0.0299056282156	-0.0131714656309	0.00906263919123	0.0392754421917	1.0	-0.0446983721618	0.00816272247108	0.0395141356659	-0.00381572840627	0.106979471411	-0.0246662471816	0.00775503488072	-0.0906651523777	-0.0224724325454	0.00817071703227	-0.0213523846932	-0.0572691945399	-0.0464370505142	0.0221127947472	-0.0392327610749	-0.0165761604442	-0.0184558151242	-0.0365115685417	-0.0295303377655	0.018940794279	-0.023527479142	0.012144490369	-0.0557510614407	-0.0213005518618	0.0290139042171	0.000229025525679	-0.0744033206649	-0.0376066252377	-0.041763935387	-0.0241991189166	0.0311515090995	-0.00279904930742	-0.0279533635854	0.0112320143732	0.0454332549185	0.00875891194252	0.00286701041823	-0.00471858385472	-0.0406592541488	-0.0254688620175	0.0335655050284	-0.054109061707	-0.0585028322613	-0.021959206987	-0.0149050226285	0.0106464584374
k__Bacteria;p__Bacteroidetes;c__Bacteroidia;o__Bacteroidales;f__Rikenellaceae;g__Alistipes;s__Alistipes_obesi	-0.085571486226	0.045322706454	-0.0399796410556	-0.055144722454	-0.0424909443406	0.0201124343885	0.0169937099983	0.044914571132	-0.0401073430931	0.0904353480036	-0.00672013476021	-0.0108587660677	-0.0446983721618	1.0	-0.0107377331095	0.0222744914214	0.0235180538122	-0.0459628638149	-0.105983330626	0.000819634643783	0.00266268392218	0.0359998261525	0.00425021835123	0.0448107339267	-0.0372005783162	-0.0339013658751	-0.0634801442459	-0.0423862055469	0.0603656270228	-0.0592857833041	0.0495829871868	0.0534666116967	0.032867382195	-0.0474496052626	0.00178324438796	0.0321256908578	0.0315205575048	0.00969607994842	-0.0181698300168	-0.0396871341852	-0.0542409470259	-0.0447272146674	0.0246775546455	-0.0246160189018	0.00571010032053	-0.0574571017865	-0.0745230723299	-0.0170745657808	0.0441519891641	-0.0544629502747	-0.0481665509207	-0.00143397473899	-0.00485178610669	-0.0256039062872	-0.0910925818956	-0.0372735989394	-0.0634027353282	-0.017216773893	-0.00806251179281
k__Bacteria;p__Firmicutes;c__Clostridia;o__Clostridiales;f__Lachnospiraceae;g__;s__[Eubacterium]_rectale	0.0160925827525	0.0425448961194	-0.000983046229542	-0.0388537499373	0.0202839993073	0.0364743817248	-0.0362742074489	-0.0113788533035	-0.0176652115335	-0.0205861265947	-0.00676050312602	-0.00147924013804	0.00816272247108	-0.0107377331095	1.0	0.00349153392005	0.0286724685361	0.0323165654722	-0.0231982402494	0.0263592612408	-0.0380635995441	0.0157002472167	-0.00766094699632	0.0341624323092	-0.0254993555747	0.0146274066521	-0.0261118210589	-0.0677935237069	0.0164731090194	0.0606300026479	-0.0532859893225	0.0125315354971	-0.076447833208	0.00524261533055	-0.0123796608074	-0.0431257195833	0.00364458895646	-0.0336962034094	0.0405772140313	-0.0308193407887	0.0138511701934	-0.0527789369072	-0.0205335166453	-0.055945089607	-0.0859944860096	0.0314630503518	-0.0247113239435	-0.0358393068794	-0.0215212807532	-0.0129371463212	-0.0690594587411	0.0469250734672	-0.0808764603914	0.0457936866539	-0.0676541234177	0.0279059494932	-0.00505363747302	-0.0424974844352	0.00824241578153
k__Bacteria;p__Bacteroidetes;c__Bacteroidia;o__Bacteroidales;f__Bacteroidaceae;g__Bacteroides;s__Bacteroides_plebeius	0.0565808675808	-0.0555666809242	-0.0846835865046	0.0253089684417	-0.00436215911875	0.0341703658557	-0.0487691608945	0.0196844081898	-0.00705156016363	0.00929295396142	-0.033872596241	-0.0637876832643	0.0395141356659	0.0222744914214	0.00349153392005	1.0	-0.0385985060378	-0.00825920233431	-0.0448500529984	0.0615519398789	0.0177536447053	0.0305860544607	-0.0350550948421	-0.045086996711	-0.0232488601365	0.00122790611548	0.0443004672325	0.0720503185256	-0.036802107843	0.0119255632012	-0.0540853258014	-0.0691287172486	-0.0238719126328	-0.0221801533702	-0.00111167686086	0.0168709146292	-0.0375202712195	-0.00910454800239	-0.00390073254882	-0.0245933929186	-0.0407140657695	-0.00369680266351	-0.0212074453827	0.0211160135908	0.0321451574431	0.0546389482435	-0.0640461987067	-0.0506694633892	-0.0478252150823	-0.0467350737333	0.00290819430921	0.0136280223461	0.00373606761423	0.0142058928559	-0.0468961926486	0.0134042748743	0.0628303084589	-0.010330502864	-0.0193542961796
k__Bacteria;p__Bacteroidetes;c__Bacteroidia;o__Bacteroidales;f__Bacteroidaceae;g__Bacteroides;s__Bacteroides_fragilis	-0.00180301474382	-0.034046689252	-0.0353093464254	0.0528464767864	0.00445303868631	-0.0173893935088	-0.0402488488195	-0.0378686432108	0.0361576135697	-0.000749713888278	-0.00930233384388	0.0514865889855	-0.00381572840627	0.0235180538122	0.0286724685361	-0.0385985060378	1.0	-0.0287215353672	-0.00183061014659	-0.0401794214597	0.000681359488809	-0.0797333594507	-0.0270639360243	-0.00840649354446	0.0169894159041	-0.02350756359	-0.0033216884486	-0.0198872070563	0.0611447455659	-0.0346354985271	0.0278251300838	-0.0498407904334	-0.000504221949269	0.0169817101749	0.00312387797176	0.0163340685576	-0.0192453856357	0.0304133026905	0.00983125474342	0.0568622220266	-0.0217003246056	-0.0087736185659	-0.104495005658	-0.0583770515574	0.0357646459372	0.0560609378919	-0.031771283842	0.0166417923604	-0.0152638223272	0.0475213781597	-0.0498995026347	-0.0306984343436	-0.0501253631562	-0.00388870966415	-0.0269264067779	-0.014481380129	0.0699922644079	0.00226695544038	-0.00301224591252
k__Bacteria;p__Proteobacteria;c__Betaproteobacteria;o__Burkholderiales;f__Sutterellaceae;g__Sutterella;s__Sutterella_wadsworthensis	-0.0417104930951	-0.0793058963505	0.0043281299051	0.00817705852347	-0.0495453409523	-0.0437408507979	0.026541000916	0.00721206297093	-0.00998513227702	-0.0301791981097	0.0148954029181	0.013005169323	0.106979471411	-0.0459628638149	0.0323165654722	-0.00825920233431	-0.0287215353672	1.0	-0.00664952067436	-0.0321308501163	0.0453518142861	0.0759141413989	0.0178675033627	0.0304349389185	-0.031127442048	0.00180431148601	-0.0313439061298	-0.0274945039828	-0.0172836476574	-0.0334639012834	0.00447998032448	-0.0543588975776	0.0207777213864	-0.00402496899917	-0.0309733867906	-0.0474667766131	0.083826284016	-0.00730116014367	-0.0403686667311	0.000165526696901	-0.00114171700048	-0.0441313552385	-0.0139114261865	-0.0238059132584	-0.0198876563821	0.0331586197442	-0.0270163117236	0.000963222802112	-0.00309184963426	0.0350727061938	0.0221788512414	-0.021776628518	0.0509311683719	-0.0252126079449	-0.0223505739303	-0.0109143131607	-0.0259462802204	-0.0178800446804	0.0295849180084
k__Bacteria;p__Bacteroidetes;c__Bacteroidia;o__Bacteroidales;f__Porphyromonadaceae;g__Barnesiella;s__Barnesiella_intestinihominis	0.0136069825818	0.0237869812685	-0.0124437751781	0.00546482617739	-0.0214403223716	-0.0207458578898	-0.00594465108631	0.0126941576721	-0.0115664019102	0.0654733486012	0.0243564886554	-0.00971233058007	-0.0246662471816	-0.105983330626	-0.0231982402494	-0.0448500529984	-0.00183061014659	-0.00664952067436	1.0	-0.00639681571362	-0.0237878419728	-0.0196004842532	-0.0497262743647	-0.0081775759563	0.0643131711009	-0.048784845357	0.0267565700804	0.00299439692566	-0.0337851681385	0.0255410088248	0.0826997075406	0.0361503484442	-0.00792439890683	0.0202295095307	0.0115421169352	-0.0540566770798	-0.0419124957583	-0.0744984097438	0.00143984020113	0.033113145201	-0.0108188913365	-0.0664002867058	0.0427444695364	0.012259867141	0.0220666038467	-0.0107713142388	0.0036271946094	0.0783186259797	-0.0908553083232	0.0339021256737	-0.0395606682019	-0.0277405907544	-0.0227200412049	0.055355503578	0.0546907629983	-0.0221987959388	-0.0787995852832	-0.0461566443858	0.0666446450063
k__Bacteria;p__Bacteroidetes;c__Bacteroidia;o__Bacteroidales;f__Odoribacteraceae;g__Odoribacter;s__Odoribacter_splanchnicus	-0.0198735324161	-0.105509796909	0.00444862953611	5.60066939579e-05	-0.0187593434113	0.0896974892737	0.0459404919077	0.0501241453115	-0.00705696970029	0.00168249508798	-0.0212685864083	-0.0157202862706	0.00775503488072	0.000819634643783	0.0263592612408	0.0615519398789	-0.0401794214597	-0.0321308501163	-0.00639681571362	1.0	-0.00369221412412	0.0396143005646	-0.0710183707135	-0.0809174994942	-0.0594118238725	-0.0538709777043	0.0376364287265	0.0285005047248	-0.0588512924937	0.000319559187759	-0.0347569365115	-0.0141059452454	-0.0180301731496	-0.00810895979108	-0.0600671464713	0.0404871874929	0.0287037750002	-0.00618785000174	-0.0663771671329	-0.0361341616209	-0.00577073372158	-0.0787338037683	-0.0336512553317	0.0136209324034	0.0375478841958	0.0111785600489	-0.0441517449587	-0.0357773602943	0.0512130770042	-0.0468039207567	0.0149324038255	0.0115708478004	0.0443046199027	0.0152907369639	-0.0171402558702	-0.0235948624945	-0.0531112737199	-0.0172570580938	0.00599080846767
k__Bacteria;p__Bacteroidetes;c__Bacteroidia;o__Bacteroidales;f__Bacteroidaceae;g__Bacteroides;s__Bacteroides_salyersiae	-0.0252525970478	-0.00399894965499	-0.0694863765326	-0.0266796416629	-0.102074393101	-0.0270771685501	-0.0555423239556	-0.0894969626691	-0.00930379009126	-0.0230353087004	-0.087046298307	0.0122577782288	-0.0906651523777	0.00266268392218	-0.0380635995441	0.0177536447053	0.000681359488809	0.0453518142861	-0.0237878419728	-0.00369221412412	1.0	-0.00911413074903	-0.0107130018769	0.0438597536136	-0.0176209330416	0.0207092325518	-0.00644743234945	-0.00986144577539	0.012220480533	0.0343799397409	-0.0359000615782	0.011285500555	-0.019048199618	0.0484631005463	-0.0119105723816	-0.0616073223726	-0.0267141865426	-0.0287371452174	-0.0620325548743	0.00748230195297	-0.0442726140388	-0.0458094032448	0.0238802715484	0.0404310419289	0.0325758230581	0.00020390991595	-0.0278555814895	0.0208367924259	0.0180561778741	0.0264327752887	0.066571512298	-0.00680249295484	-0.00627888705034	-0.0194021968928	-0.00332873687209	0.0353366025589	0.0297260634471	-0.052300951838	0.00190659764366
k__Bacteria;p__Firmicutes;c__Clostridia;o__Clostridiales;f__Ruminococcaceae;g__Ruminiclostridium;s__[Eubacterium]_siraeum	0.0355441576979	-0.0191885320188	-0.00843544505399	-0.0226138251689	-0.0185377111734	-0.0317609200813	0.0114738861038	-0.0233608519059	-0.0381968214293	-0.0126745421015	0.0392891140659	0.0476977999288	-0.0224724325454	0.0359998261525	0.0157002472167	0.0305860544607	-0.0797333594507	0.0759141413989	-0.0196004842532	0.0396143005646	-0.00911413074903	1.0	0.0228910580478	-0.0355693398666	-0.0259793339033	0.00253550995158	-0.0927761667733	0.0219790276026	-0.0185866773089	0.0144834601309	-0.0317480744745	0.00281858837658	-0.0264320707389	-0.0352300624507	0.0165201233607	-0.0327854409717	-0.0341710880158	-0.0239723383912	-0.0147098634856	0.0375899358128	0.0191393812924	0.0288247721833	0.0257692945181	0.0754464197225	0.00395310500418	-0.0157910695941	-0.0228368611396	-0.0749495993606	-0.0669892699987	-0.0284020109123	0.0164320770366	-0.0070572907294	-0.0257121492995	-0.0060966932319	0.00422250715512	0.0880703154801	-0.0126494993248	-0.0198446275774	-0.0684089952909
k__Bacteria;p__Proteobacteria;c__Betaproteobacteria;o__Burkholderiales;f__Sutterellaceae;g__Parasutterella;s__Parasutterella_excrementihominis	-0.0336246149861	0.00659887574007	-0.0100485477405	-0.0154434442426	-0.00796885281644	-0.0838121933579	-0.0778510338283	-0.0395478476133	0.0304482463065	-0.0307883365945	0.0597243060074	-0.0344191092041	0.00817071703227	0.00425021835123	-0.00766094699632	-0.0350550948421	-0.0270639360243	0.0178675033627	-0.0497262743647	-0.0710183707135	-0.0107130018769	0.0228910580478	1.0	0.000696875061372	-0.00787522944266	0.0636560524235	-0.0222658575716	0.000333683050525	-0.02540606745	-0.0595802023469	0.0298080669626	-0.0540704319305	0.0232987747348	0.0648669397471	-0.0250072523259	-0.0173604724753	-0.04227587062	0.0268690847143	-0.0203973580893	0.0367974800689	-0.0194178922723	0.0595531176557	0.0167406253751	0.0165132717957	-0.0377748722175	0.00452610812244	-0.0157053073005	-0.00855093373297	-0.00886620838653	0.00739080724054	0.0141459901966	-0.0297859546564	-0.0544127123485	-0.0625596217748	-0.0415867605571	0.00831381369081	0.00547162781993	-0.0582795970493	0.00420016517771
k__Bacteria;p__Actinobacteria;c__Actinobacteria;o__Bifidobacteriales;f__Bifidobacteriaceae;g__Bifidobacterium;s__Bifidobacterium_adolescentis	-0.0167957930833	0.0525676978007	-0.0615650734649	-0.0644678763693	-0.0653915649314	0.0471992683418	0.00438231920882	0.0499897008088	-0.0123779684686	-0.0158649394801	-0.00740267098659	-0.0423738425395	-0.0213523846932	0.0448107339267	0.0341624323092	-0.045086996711	-0.00840649354446	0.0304349389185	-0.0081775759563	-0.0809174994942	0.0438597536136	-0.0355693398666	0.000696875061372	1.0	-0.0710029475381	0.0304621063861	-0.0194876978252	0.0035529350818	0.00995185582704	-0.00284353887072	-0.000362012992296	0.0326737255501	0.0118917329954	0.0398411517562	-0.0287279516159	-0.0658147260975	0.0246958184221	0.0178531350294	0.0147350796032	-0.107111275355	0.00409876961721	-0.0266408501913	-0.00300450405819	0.0423122912707	-0.0382017270306	-0.0194368030746	-0.00174140661065	-0.0468375774833	-0.0174705846982	-0.0389746700113	0.016604686584	0.0459452344772	-0.057258756814	-0.0349150590001	-0.0746008126377	-0.00470543217069	0.0584945905862	-0.0133189749645	0.0479541795575
k__Bacteria;p__Firmicutes;c__Clostridia;o__Clostridiales;f__Oscillospiraceae;g__Oscillibacter;s__Oscillibacter_sp._KLE_1745	-0.0700982416776	-0.0624180486444	-0.0197602693675	-0.0292727128119	-0.018528571191	-0.0473819573364	0.0500717867671	0.0083955097574	-0.00612694443621	-0.0514807077763	-0.0738481226153	-0.0761795311606	-0.0572691945399	-0.0372005783162	-0.0254993555747	-0.0232488601365	0.0169894159041	-0.031127442048	0.0643131711009	-0.0594118238725	-0.0176209330416	-0.0259793339033	-0.00787522944266	-0.0710029475381	1.0	0.00135321266803	0.0171321465854	-0.0121894114919	-0.0462470302503	-0.0322224761248	-0.00534692444946	-0.0129304626898	-0.0209771082406	0.000613598595691	0.00969638897794	-0.0154537539091	0.0103230038835	0.0152928046281	0.0497175170107	-0.00774432888315	0.0718820912229	-0.0351054564829	0.0313477499449	-0.0463870054912	-0.00222009887471	-0.0380958657125	0.043996403947	-0.00738679442725	-0.0845069556913	-0.035133135127	-0.02075546302	-0.0095527913535	0.0320903042475	0.0192894292084	0.0780913648117	0.0166674696798	0.0360180492043	0.0353213023385	0.00158570655952
k__Bacteria;p__Bacteroidetes;c__Bacteroidia;o__Bacteroidales;f__Bacteroidaceae;g__Bacteroides;s__Bacteroides_coprophilus	-0.0299388037525	-0.0557550503762	0.0173072383955	-0.00975006144357	-0.0298336266529	0.0207361921269	0.0332672136562	0.0071937660361	-0.0276219823505	0.000115177879785	0.00463013656795	-0.0548002829872	-0.0464370505142	-0.0339013658751	0.0146274066521	0.00122790611548	-0.02350756359	0.00180431148601	-0.048784845357	-0.0538709777043	0.0207092325518	0.00253550995158	0.0636560524235	0.0304621063861	0.00135321266803	1.0	0.0914520488446	-0.0372175136502	0.014420758553	-0.000585475496173	-0.015282854961	-0.0408465325452	-0.00667054582365	0.0156588892028	0.000292300747779	0.00568857849708	0.00883119257011	-0.0329538014734	-0.0198299863233	-0.0369486792039	0.000725486622437	-0.0541496419773	-0.00591059793616	0.0385002910671	0.0129897721505	-0.0229444662913	-0.0365153695588	-0.0115419499608	-0.0287462868677	0.00923096345858	-0.0436173309759	-0.0542140106465	-0.0476753284398	-0.00180198471371	-0.00190063204184	0.0510930336579	-0.00457785981341	-0.0362436170683	-0.0274256137891
k__Bacteria;p__Firmicutes;c__Clostridia;o__Clostridiales;f__Lachnospiraceae;g__Roseburia;s__Roseburia_intestinalis	0.00262520896814	-0.0591725777312	0.0657547211682	-0.0162620729089	0.0570425235025	-0.0104873502996	0.00464986648906	0.0185024795655	0.00967808193328	-0.00344021993944	0.0172504737029	-0.0259443566706	0.0221127947472	-0.0634801442459	-0.0261118210589	0.0443004672325	-0.0033216884486	-0.0313439061298	0.0267565700804	0.0376364287265	-0.00644743234945	-0.0927761667733	-0.0222658575716	-0.0194876978252	0.0171321465854	0.0914520488446	1.0	-0.0403449298624	-0.0483135498701	-0.0847236997227	-0.000438909979582	-0.064539112313	-0.0209890508323	-0.0485890435663	-0.0163990041218	0.0405204187622	0.0297323527802	-0.0024254763868	0.0147730416385	0.053923222781	-0.0832363999349	-0.0284152338496	-0.00672372703266	0.00734375921913	-0.034622907362	-0.0969483195585	-0.00800634220492	-0.0037160640231	-0.0388389998544	-0.0644765253372	-0.0088313583668	0.0197045500403	-0.00749952578982	-0.00710475455932	-0.0267589497691	-0.03583771934	0.0732021940984	0.0100154315271	0.0144313426264
k__Bacteria;p__Firmicutes;c__Clostridia;o__Clostridiales;f__Lachnospiraceae;g__Roseburia;s__Roseburia_hominis	0.0498589614063	0.00411731393177	0.0399084567805	0.0514071180409	-0.0118887986581	0.0319409257065	0.0374248968306	-0.00800293251117	0.0289724855344	0.0243631334014	0.0200786868333	0.03319027705	-0.0392327610749	-0.0423862055469	-0.0677935237069	0.0720503185256	-0.0198872070563	-0.0274945039828	0.00299439692566	0.0285005047248	-0.00986144577539	0.0219790276026	0.000333683050525	0.0035529350818	-0.0121894114919	-0.0372175136502	-0.0403449298624	1.0	-0.0480226260881	-0.0277840112971	-0.0227170220106	0.0285524585002	-0.0141150482317	0.0237209233384	-0.0387206863032	-0.0821669286198	-0.00128063157153	0.0128261255364	-0.0206540100406	0.0181201420231	-0.00627784249155	0.0267323585045	-0.00143838935218	-0.0445123151542	-0.0136046152874	-0.01951683104	0.0228955547404	-0.00201631929919	-0.00388057809059	-0.0630398372212	-0.0424402267137	0.0246744868128	-0.0598133458343	-0.0098992201964	-0.0432621854351	0.00492094457048	0.0262523015207	0.0201546951497	-0.045203150473
k__Bacteria;p__Bacteroidetes;c__Bacteroidia;o__Bacteroidales;f__Porphyromonadaceae;g__Parabacteroides;s__Parabacteroides_johnsonii	0.0211112290335	-0.000695814338661	-0.0524358898821	-0.0153236727625	0.00335166446465	-0.0306172867207	-0.0337777903033	0.0391692126718	-0.000920125023514	0.115522046689	0.0814029987909	-0.0111242118275	-0.0165761604442	0.0603656270228	0.0164731090194	-0.036802107843	0.0611447455659	-0.0172836476574	-0.0337851681385	-0.0588512924937	0.012220480533	-0.0185866773089	-0.02540606745	0.00995185582704	-0.0462470302503	0.014420758553	-0.0483135498701	-0.0480226260881	1.0	-0.0453779638136	0.0187526269007	0.0211944318635	-0.069936951813	0.00758686451687	-0.0153439986377	-0.0451016212573	0.035593244457	-0.00715017831102	-0.0499460963974	-0.00765392955371	0.0231620671677	-0.027091333584	-0.030750355328	-0.0033553365439	-0.0405587709503	0.0444779157906	-0.0458700118764	-0.028182580393	0.0283217713006	-0.0668289897738	0.0249264417701	-0.0203211706718	-0.0738865280603	-0.0269693895499	0.00691179111565	-0.00459792447726	-0.0677852670623	-0.0111254424958	-0.0417095010051
k__Bacteria;p__Actinobacteria;c__Actinobacteria;o__Bifidobacteriales;f__Bifidobacteriaceae;g__Bifidobacterium;s__Bifidobacterium_longum	-0.0205107127654	-0.11532625969	0.00601763960504	-0.0236644861996	0.0167676828868	0.028503052495	0.0330000100957	0.00375784233421	0.00811166175905	-0.0356886796872	-0.0145596094333	-0.0215929730757	-0.0184558151242	-0.0592857833041	0.0606300026479	0.0119255632012	-0.0346354985271	-0.0334639012834	0.0255410088248	0.000319559187759	0.0343799397409	0.0144834601309	-0.0595802023469	-0.00284353887072	-0.0322224761248	-0.000585475496172	-0.0847236997227	-0.0277840112971	-0.0453779638136	1.0	-0.0442093787672	-0.00742207056117	-0.0246493309491	-0.0743644054863	0.0430344541396	0.000547073973911	-0.0398546734489	-0.0246117055287	0.0374446668133	0.00940576665532	0.0217514013976	0.0116808918825	0.027583246574	0.0551313136886	0.0197785274475	0.00403475175269	-0.0321723599848	-0.0090286738402	-0.00352327923336	0.0530057182106	0.0270120247316	-0.0644907165967	-0.0170385498063	-0.0179921620504	0.0354361810133	-0.0274607281851	-0.00768405616047	0.00230581294983	0.0371011181368
