#taxonomy	k__Bacteria;p__Bacteroidetes;c__Bacteroidia;o__Bacteroidales;f__Bacteroidaceae;g__Bacteroides;s__Bacteroides_vulgatus	k__Bacteria;p__Bacteroidetes;c__Bacteroidia;o__Bacteroidales;f__Bacteroidaceae;g__Bacteroides;s__Bacteroides_uniformis	k__Bacteria;p__Bacteroidetes;c__Bacteroidia;o__Bacteroidales;f__Rikenellaceae;g__Alistipes;s__Alistipes_putredinis	k__Bacteria;p__Bacteroidetes;c__Bacteroidia;o__Bacteroidales;f__Prevotellaceae;g__Prevotella;s__Prevotella_copri	k__Bacteria;p__Bacteroidetes;c__Bacteroidia;o__Bacteroidales;f__Bacteroidaceae;g__Bacteroides;s__Bacteroides_stercoris	k__Bacteria;p__Bacteroidetes;c__Bacteroidia;o__Bacteroidales;f__Bacteroidaceae;g__Bacteroides;s__Bacteroides_ovatus	k__Bacteria;p__Bacteroidetes;c__Bacteroidia;o__Bacteroidales;f__Rikenellaceae;g__Alistipes;s__Alistipes_shahii	k__Bacteria;p__Firmicutes;c__Clostridia;o__Clostridiales;f__Ruminococcaceae;g__Faecalibacterium;s__Faecalibacterium_prausnitzii	k__Bacteria;p__Bacteroidetes;c__Bacteroidia;o__Bacteroidales;f__Rikenellaceae;g__Alistipes;s__Alistipes_finegoldii	k__Bacteria;p__Bacteroidetes;c__Bacteroidia;o__Bacteroidales;f__Porphyromonadaceae;g__Parabacteroides;s__Parabacteroides_distasonis	k__Bacteria;p__Bacteroidetes;c__Bacteroidia;o__Bacteroidales;f__Bacteroidaceae;g__Bacteroides;s__Bacteroides_thetaiotaomicron	k__Bacteria;p__Bacteroidetes;c__Bacteroidia;o__Bacteroidales;f__Bacteroidaceae;g__Bacteroides;s__Bacteroides_coprocola	k__Bacteria;p__Bacteroidetes;c__Bacteroidia;o__Bacteroidales;f__Bacteroidaceae;g__Bacteroides;s__Bacteroides_cellulosilyticus	k__Bacteria;p__Bacteroidetes;c__Bacteroidia;o__Bacteroidales;f__Rikenellaceae;g__Alistipes;s__Alistipes_obesi	k__Bacteria;p__Firmicutes;c__Clostridia;o__Clostridiales;f__Lachnospiraceae;g__;s__[Eubacterium]_rectale	k__Bacteria;p__Bacteroidetes;c__Bacteroidia;o__Bacteroidales;f__Bacteroidaceae;g__Bacteroides;s__Bacteroides_plebeius	k__Bacteria;p__Bacteroidetes;c__Bacteroidia;o__Bacteroidales;f__Bacteroidaceae;g__Bacteroides;s__Bacteroides_fragilis	k__Bacteria;p__Proteobacteria;c__Betaproteobacteria;o__Burkholderiales;f__Sutterellaceae;g__Sutterella;s__Sutterella_wadsworthensis	k__Bacteria;p__Bacteroidetes;c__Bacteroidia;o__Bacteroidales;f__Porphyromonadaceae;g__Barnesiella;s__Barnesiella_intestinihominis	k__Bacteria;p__Bacteroidetes;c__Bacteroidia;o__Bacteroidales;f__Odoribacteraceae;g__Odoribacter;s__Odoribacter_splanchnicus	k__Bacteria;p__Bacteroidetes;c__Bacteroidia;o__Bacteroidales;f__Bacteroidaceae;g__Bacteroides;s__Bacteroides_salyersiae	k__Bacteria;p__Firmicutes;c__Clostridia;o__Clostridiales;f__Ruminococcaceae;g__Ruminiclostridium;s__[Eubacterium]_siraeum	k__Bacteria;p__Proteobacteria;c__Betaproteobacteria;o__Burkholderiales;f__Sutterellaceae;g__Parasutterella;s__Parasutterella_excrementihominis	k__Bacteria;p__Actinobacteria;c__Actinobacteria;o__Bifidobacteriales;f__Bifidobacteriaceae;g__Bifidobacterium;s__Bifidobacterium_adolescentis	k__Bacteria;p__Firmicutes;c__Clostridia;o__Clostridiales;f__Oscillospiraceae;g__Oscillibacter;s__Oscillibacter_sp._KLE_1745	k__Bacteria;p__Bacteroidetes;c__Bacteroidia;o__Bacteroidales;f__Bacteroidaceae;g__Bacteroides;s__Bacteroides_coprophilus	k__Bacteria;p__Firmicutes;c__Clostridia;o__Clostridiales;f__Lachnospiraceae;g__Roseburia;s__Roseburia_intestinalis	k__Bacteria;p__Firmicutes;c__Clostridia;o__Clostridiales;f__Lachnospiraceae;g__Roseburia;s__Roseburia_hominis	k__Bacteria;p__Bacteroidetes;c__Bacteroidia;o__Bacteroidales;f__Porphyromonadaceae;g__Parabacteroides;s__Parabacteroides_johnsonii	k__Bacteria;p__Actinobacteria;c__Actinobacteria;o__Bifidobacteriales;f__Bifidobacteriaceae;g__Bifidobacterium;s__Bifidobacterium_longum	k__Bacteria;p__Firmicutes;c__Clostridia;o__Clostridiales;f__;g__Flavonifractor;s__Flavonifractor_plautii	k__Bacteria;p__Firmicutes;c__Clostridia;o__Clostridiales;f__Clostridiaceae;g__Clostridium;s__Clostridium_phoceensis	k__Bacteria;p__Verrucomicrobia;c__Verrucomicrobiae;o__Verrucomicrobiales;f__Akkermansiaceae;g__Akkermansia;s__Akkermansia_muciniphila	k__Bacteria;p__Bacteroidetes;c__Bacteroidia;o__Bacteroidales;f__Prevotellaceae;g__Paraprevotella;s__Paraprevotella_xylaniphila	k__Bacteria;p__Firmicutes;c__Clostridia;o__Clostridiales;f__Ruminococcaceae;g__Ruminococcus;s__Ruminococcus_callidus	k__Bacteria;p__Bacteroidetes;c__Bacteroidia;o__Bacteroidales;f__Rikenellaceae;g__Alistipes;s__Alistipes_senegalensis	k__Bacteria;p__Firmicutes;c__Clostridia;o__Clostridiales;f__Lachnospiraceae;g__Blautia;s__Blautia_sp._KLE_1732	k__Bacteria;p__Bacteroidetes;c__Bacteroidia;o__Bacteroidales;f__Bacteroidaceae;g__Bacteroides;s__Bacteroides_oleiciplenus	k__Bacteria;p__Firmicutes;c__Clostridia;o__Clostridiales;f__Ruminococcaceae;g__Ruminococcus;s__Ruminococcus_bicirculans	k__Bacteria;p__Bacteroidetes;c__Bacteroidia;o__Bacteroidales;f__Bacteroidaceae;g__Bacteroides;s__Bacteroides_fluxus	k__Bacteria;p__Bacteroidetes;c__Bacteroidia;o__Bacteroidales;f__Prevotellaceae;g__Prevotella;s__Prevotella_stercorea	k__Bacteria;p__Firmicutes;c__Clostridia;o__Clostridiales;f__Lachnospiraceae;g__Dorea;s__Dorea_longicatena	k__Bacteria;p__Firmicutes;c__Clostridia;o__Clostridiales;f__Eubacteriaceae;g__Eubacterium;s__[Eubacterium]_eligens	k__Bacteria;p__Firmicutes;c__Clostridia;o__Clostridiales;f__Ruminococcaceae;g__;s__Ruminococcaceae_bacterium_D16	k__Bacteria;p__Firmicutes;c__Clostridia;o__Clostridiales;f__Lachnospiraceae;g__Coprococcus;s__Coprococcus_comes	k__Bacteria;p__Proteobacteria;c__Gammaproteobacteria;o__Enterobacterales;f__Enterobacteriaceae;g__Escherichia;s__Escherichia_coli	k__Bacteria;p__Firmicutes;c__Clostridia;o__Clostridiales;f__Ruminococcaceae;g__Anaerotruncus;s__Anaerotruncus_colihominis	k__Bacteria;p__Firmicutes;c__Clostridia;o__Clostridiales;f__Lachnospiraceae;g__Blautia;s__Blautia_obeum	k__Bacteria;p__Bacteroidetes;c__Bacteroidia;o__Bacteroidales;f__Odoribacteraceae;g__Odoribacter;s__Odoribacter_laneus	k__Bacteria;p__Firmicutes;c__Clostridia;o__Clostridiales;f__Ruminococcaceae;g__Ruminiclostridium;s__[Clostridium]_leptum	k__Bacteria;p__Bacteroidetes;c__Bacteroidia;o__Bacteroidales;f__Porphyromonadaceae;g__Parabacteroides;s__Parabacteroides_goldsteinii	k__Bacteria;p__Firmicutes;c__Clostridia;o__Clostridiales;f__Lachnospiraceae;g__Anaerostipes;s__Anaerostipes_hadrus	k__Bacteria;p__Firmicutes;c__Clostridia;o__Clostridiales;f__Ruminococcaceae;g__Ruminococcus;s__Ruminococcus_lactaris	k__Bacteria;p__Firmicutes;c__Clostridia;o__Clostridiales;f__Clostridiaceae;g__Clostridium;s__Clostridium_sp._L2-50	k__Bacteria;p__Firmicutes;c__Clostridia;o__Clostridiales;f__Clostridiaceae;g__Clostridium;s__Clostridium_sp._M62/1	k__Bacteria;p__Firmicutes;c__Clostridia;o__Clostridiales;f__;g__Intestinimonas;s__Intestinimonas_butyriciproducens	k__Bacteria;p__Actinobacteria;c__Actinobacteria;o__Bifidobacteriales;f__Bifidobacteriaceae;g__Bifidobacterium;s__Bifidobacterium_bifidum	k__Bacteria;p__Firmicutes;c__Negativicutes;o__Veillonellales;f__Veillonellaceae;g__Dialister;s__Dialister_invisus	k__Bacteria;p__Bacteroidetes;c__Bacteroidia;o__Bacteroidales;f__Bacteroidaceae;g__Bacteroides;s__Bacteroides_salanitronis
k__Bacteria;p__Bacteroidetes;c__Bacteroidia;o__Bacteroidales;f__Bacteroidaceae;g__Bacteroides;s__Bacteroides_vulgatus	1.0	0.00299574816377	-0.102634773253	-0.0614055000468	-0.015369206862	-0.107104161689	0.0497206419161	-0.0104312359903	-0.0536853937318	-0.0401114457085	0.0407227222075	0.0294735503526	0.010011379195	-0.0488495868019	-0.0465718339988	-0.000421980959132	-0.0702583934221	-0.0251580688053	0.011306503959	-0.00914368328154	-0.0462767595918	0.030784901927	-0.00425537049991	-0.0262155119042	-0.0318979122491	-0.00277309865887	0.0573209488666	0.0138577133002	0.0566581789692	0.0232458058031	-0.057352066848	-0.00796729126753	-0.0310229625435	-0.0386298179907	0.0545058970784	0.00656344904611	0.0204396374167	-0.00574834825598	0.00674389038122	0.068472784083	0.00396976328564	-0.0109230231973	-0.00341840367081	0.00687670466379	-0.0313511321036	-0.016695560331	-0.0393399373787	-0.0653157396386	-0.00045978565959	0.0245907056418	-0.0651987776343	-0.0442228875016	0.0023942772161	-0.0365473502697	-0.0870227988795	0.0599400325152	-0.0429474758021	0.0114661411353	-0.0589464580968
k__Bacteria;p__Bacteroidetes;c__Bacteroidia;o__Bacteroidales;f__Bacteroidaceae;g__Bacteroides;s__Bacteroides_uniformis	0.00299574816377	1.0	0.0240980066113	-0.0284709379791	0.0136491044223	-0.0333176015122	-0.0902086517699	0.04865649164	0.0082295493743	-0.0689577022994	-0.0201820926507	-0.000620105125809	-0.0692063897065	0.0075950093276	-0.0366514897993	-0.0479921246776	-0.0305114914653	-0.00473939332313	-0.0618188850109	0.0516962927091	0.0150846123614	-0.0479758657505	0.0151229254288	0.0353293005718	-0.0156462278896	-0.00731695806876	-0.00909979946461	-0.00117667094036	0.0384569765904	-0.0913939645722	-0.0580218226469	0.0665478543059	-0.0546789339705	0.0894499618444	0.00689514411057	0.0565830733585	0.0118805771629	-0.0325645251983	-0.0489302109007	0.0394408131984	0.0179116089212	-0.058979749571	-0.0303657916745	-0.0405430826003	0.0112776120706	-0.0238891619622	-0.0467435675019	-0.0205301950575	0.00559604163363	-0.0092615200049	-0.0401456383179	-0.01884734525	-0.0414124959679	-0.0168013166294	0.0531148424383	0.0546917439846	0.0252268789942	0.0336159217954	0.0348926543063
k__Bacteria;p__Bacteroidetes;c__Bacteroidia;o__Bacteroidales;f__Rikenellaceae;g__Alistipes;s__Alistipes_putredinis	-0.102634773253	0.0240980066113	1.0	0.0159339459223	-0.0534795464603	-0.000162935244408	-0.00667775102423	0.0250972052432	0.0400995813713	0.00652021435876	-0.0219637967858	0.0175598551666	0.0158809889895	-0.0337842019443	0.0498204987745	0.0631175760184	-0.00310137366751	-0.0501030569057	0.0267235368971	0.00364153187073	-0.00848622701676	0.0014620815772	0.016020078331	-0.0411572618997	-0.0122440455967	-0.016726890391	-0.0539180449835	-0.0244062080116	0.0192503484942	-0.00882296111723	0.00782199461376	0.0239534978919	-0.0375567827555	-0.022959068515	-0.00895655702361	0.031670180929	-0.0173939046295	0.000702283062195	0.0375506808134	-0.032508042005	-0.0174037869996	-0.00524480154581	0.00429644309442	0.0336370263327	0.0210451940183	-0.0182944878019	-0.0198774026764	-0.0642607980078	-0.047831304285	-0.00792896359908	-0.0127826326649	-0.000610204838275	0.058174306382	-0.00619382712948	0.00295727597226	-0.013212232807	-0.0188933595238	0.00391662352483	-0.0651742243502
k__Bacteria;p__Bacteroidetes;c__Bacteroidia;o__Bacteroidales;f__Prevotellaceae;g__Prevotella;s__Prevotella_copri	-0.0614055000468	-0.0284709379791	0.0159339459223	1.0	0.0123852882816	-0.0276684012111	-0.0182645945355	-0.040315293961	-0.00587817045085	-0.00725108697116	0.0260016635982	-0.022829450831	0.0765199277376	0.029227935874	-0.00562027686157	-0.0537507643246	0.0184995597699	-0.0367578298783	-0.0142991426601	-0.0620007881565	0.0228911455419	-0.013143328062	-0.0864807709836	-0.0121237969092	-0.0349774245088	0.0618203990316	-0.00274515112725	0.0595511664514	0.0171784429481	-0.00842976762491	-0.0767551740709	-0.032988681607	-0.000506643724884	0.000387980590774	-0.0507475613392	0.00387846248827	-0.0498000452725	-0.0242541780978	-0.0269882222943	0.0210919213737	-0.00806873110493	-0.0304805631624	0.000979945190602	-0.0404897239311	-0.0137828198725	-0.056301858882	0.0154021129078	0.0324570823346	0.0240956345271	-0.0433272385703	0.0395874970314	-0.048039129736	-0.0293037874433	-0.0185564258245	-0.0356503685042	-0.0220994972804	-0.0257199176677	0.00688785454163	0.00451089965572
k__Bacteria;p__Bacteroidetes;c__Bacteroidia;o__Bacteroidales;f__Bacteroidaceae;g__Bacteroides;s__Bacteroides_stercoris	-0.015369206862	0.0136491044223	-0.0534795464603	0.0123852882816	1.0	-0.00645391000701	-0.00540227202099	0.0416447162437	-0.0369042984648	-0.0113815919224	-0.0433189167389	0.0207072371066	-0.0128649631277	-0.00402473991378	-0.0457589769232	0.0348063629405	-0.075105355475	0.0246479607227	0.0616285840282	0.0061309885625	-0.0566493956088	0.0248518566747	-0.0427053778561	-0.0258880571879	-0.0267340830268	-0.0375424862675	0.0526841155423	-0.0213655326572	0.0114788339216	0.00937068572448	-0.0535596331227	-0.0297291214194	-0.0110118090896	0.0519078777536	0.0234642467946	-0.0625916319198	0.0368876457085	0.0807772654228	-0.0134219690693	-0.0249243371171	0.0207045869496	-0.00655470543363	-0.000783413201706	0.0365750401132	-0.0225743063247	-0.0418254043492	0.0596443195457	-0.0259560529594	0.00760512412776	-0.0974440728813	0.0260256172497	-0.00104103223059	-0.0466507091112	-0.00645875509333	-0.0283329250904	-0.00774623536931	-0.0315373523941	0.0321813282691	-0.00870201040611
k__Bacteria;p__Bacteroidetes;c__Bacteroidia;o__Bacteroidales;f__Bacteroidaceae;g__Bacteroides;s__Bacteroides_ovatus	-0.107104161689	-0.0333176015122	-0.000162935244408	-0.0276684012111	-0.00645391000701	1.0	0.0102822658957	-0.021627599112	-0.0359686138401	0.054551772114	0.0315519314368	0.000155465354903	-0.0655068476907	0.000384299203026	-0.022562114058	-0.0224597482212	-0.0104083512745	0.0453595136251	0.00772184252287	0.00245624180954	0.0320096837423	-0.0111445042219	-0.00149781283059	-0.0424906364679	0.0302779677993	0.00613105448101	-0.0435061138031	0.0123053050407	0.0240940654028	-0.0458083849989	0.0113842378314	-0.018640142863	0.0305124208199	-0.00585561074288	0.0265673950342	-0.0302209950144	-0.0226486957945	-0.104102378033	-0.0214799495062	-0.0317260716794	-0.0128406961015	0.00532308474692	0.0374382152644	-0.0304975255438	-0.0244756718543	0.0213005376412	-0.0114806251388	0.00124747262919	-0.0189228299524	-0.0725371220592	0.0219229365037	0.0172033140169	-0.0495259951197	0.000635601990101	0.0101318567405	0.00483963508954	-0.0228240149794	-0.047557604331	-0.0333861502079
k__Bacteria;p__Bacteroidetes;c__Bacteroidia;o__Bacteroidales;f__Rikenellaceae;g__Alistipes;s__Alistipes_shahii	0.0497206419161	-0.0902086517699	-0.00667775102423	-0.0182645945355	-0.00540227202099	0.0102822658957	1.0	-0.0664720117355	0.00127675739684	-0.0817595659163	-0.0361273964589	-0.0749653913934	0.0539487098634	0.0608025751515	-0.0527611702639	0.00438213101899	0.0639606465746	-0.0218396810946	0.000285969059421	-0.0303382698799	-0.0873288782963	0.0467203376647	-0.0215260700494	-0.0728234319144	0.0618361763283	-0.0146770573845	-0.0301402969544	0.049714109514	0.0337186617169	-0.0310556287975	0.0506506224028	-0.0679231530708	0.0182444105888	-0.0282124269371	0.00640462023995	0.057581592355	-0.0245989588135	-0.0402742663633	-0.0050568936926	0.024596466157	0.0174522644588	-0.037160397968	-0.0464845234979	0.030866668418	-0.0330685885736	-0.0373351405856	0.0104295405804	-0.0322076683102	-0.0424198958849	0.0378601984847	-0.0170103963816	0.00683224375203	-0.0222822961354	0.0500964129637	-0.0127324170445	-0.0269262314779	0.0226987723224	-0.0289195251591	-0.047704818776
k__Bacteria;p__Firmicutes;c__Clostridia;o__Clostridiales;f__Ruminococcaceae;g__Faecalibacterium;s__Faecalibacterium_prausnitzii	-0.0104312359903	0.04865649164	0.0250972052432	-0.040315293961	0.0416447162437	-0.021627599112	-0.0664720117355	1.0	0.0040470988511	-0.0794634161142	-0.0101465014815	-0.0155108485326	3.42782903481e-06	-0.0284367171804	-0.0172905286052	-0.00575076650997	-0.0103002092147	0.00520726571774	-0.0443809548417	-0.0484846103703	0.0395649990107	0.00160009264839	0.0326143699241	-0.0256109317646	0.0275103255969	-0.0232833006227	-0.0238362456294	-0.0151321466616	-0.0636112361998	-0.0796827783931	-0.0173932356547	0.00809962981207	-0.00546635148588	0.0369892186487	-0.0309255050049	-0.00510510460049	0.0401291808635	-0.00790466962634	-0.0457547690629	0.0270651666978	-0.017864422874	0.0212741175388	-0.0145764609819	0.00397598589543	-0.00253023198543	-0.0193649314513	-0.0152278770345	0.0254798341567	0.002380670639	0.00628195098916	0.00767240995599	-0.0467974377662	0.0401978815494	-0.00906264747786	0.0730373955566	-0.0178964404718	0.0111569504958	-0.0169641096042	-0.00113639117033
k__Bacteria;p__Bacteroidetes;c__Bacteroidia;o__Bacteroidales;f__Rikenellaceae;g__Alistipes;s__Alistipes_finegoldii	-0.0536853937318	0.0082295493743	0.0400995813713	-0.00587817045085	-0.0369042984648	-0.0359686138401	0.00127675739684	0.0040470988511	1.0	-0.0101408465828	-0.0233123610097	-0.000722175851465	-0.0150804340249	-0.0105282664188	-0.00404403826795	0.0161438570424	0.0630136758852	-0.0259406152937	-0.0213897930756	0.00879378556769	-0.0270431701267	0.0242431863495	-0.0141480854922	0.0552887476382	-0.0352812348165	-0.0105942778067	0.0555317945383	0.0193852075301	-0.0164203345196	-0.0288878675906	-0.0306521044309	0.0295629029173	-0.0234377965992	0.00633165466834	-0.0381729198512	0.0331542842716	0.00650493993673	-0.0106831045701	0.014935759182	-0.0266004251458	0.0133815352463	-0.0229961119311	-0.0274864402496	-0.0282843881711	0.00110580958471	-0.0315277161431	-0.0339287301231	-0.0757527015081	-0.00402318998665	-0.0261046099449	0.0213610440486	-0.0592330082439	0.0252863301514	0.00749745906858	-0.0241218354207	0.0137477538465	-0.0156367662058	0.0502657859824	-0.0207925649872
k__Bacteria;p__Bacteroidetes;c__Bacteroidia;o__Bacteroidales;f__Porphyromonadaceae;g__Parabacteroides;s__Parabacteroides_distasonis	-0.0401114457085	-0.0689577022994	0.00652021435876	-0.00725108697116	-0.0113815919224	0.054551772114	-0.0817595659163	-0.0794634161142	-0.0101408465828	1.0	0.00430578086867	-0.0196962504882	0.021745792069	0.029185961542	0.0324219742252	-0.0360372102609	-0.00188084813475	-0.0041906710045	-0.00362502045606	0.00922473462719	0.0109706689332	0.00674478981194	-0.0575107810235	0.0449438109941	-0.065929746788	-0.015462398294	-0.0553251225539	-0.0197730384742	-0.0558181297787	-0.0219333746783	-0.0599273234421	0.0567270364532	-0.0178560222791	-0.0290164316851	-0.0173778207695	-0.00166834316156	0.0174033589962	0.0197937770007	-0.0117368368931	-0.0478479932219	-0.00106476588234	0.0325110157809	0.0235472567288	0.00878909403853	-0.0373195546633	0.0299433436181	-0.0346283390017	-0.0380401998605	0.0281905493118	0.0137858355583	-0.0175166580208	-0.0227643660503	-0.0361087006643	-0.0220281273995	0.0291572686762	-0.0128467955984	-0.0574835944517	-0.0173488412319	-0.0165075132639
k__Bacteria;p__Bacteroidetes;c__Bacteroidia;o__Bacteroidales;f__Bacteroidaceae;g__Bacteroides;s__Bacteroides_thetaiotaomicron	0.0407227222075	-0.0201820926507	-0.0219637967858	0.0260016635982	-0.0433189167389	0.0315519314368	-0.0361273964589	-0.0101465014815	-0.0233123610097	0.00430578086867	1.0	-0.00789312207637	-0.00258134157903	0.0167757306993	-0.0711016310372	-0.03741511816	-0.0608901003858	0.00368405715983	-0.0792702247908	0.0118830226834	-0.0375470555451	-0.0338308234303	-0.0210035080044	0.0462572005114	-0.023850614714	0.0138944541798	0.00574985870484	0.0248662598647	-0.0236697554089	-0.049705191048	-0.00373271543344	0.0266671212912	-0.0250544850552	-0.0821982331648	-0.034609995793	-0.046268998646	0.021872081537	-0.0827857104576	0.00371036290037	0.0549209197863	-0.0194659725745	0.0873262793661	-0.0648775990755	-0.037400963272	-0.0278762042025	-0.009813039177	0.0429966749165	-0.0334854962045	-0.0413718486954	-0.0518505037654	0.0186435200344	-0.0418829874861	-0.0422527224841	-0.0277723294234	0.00652473527749	0.00365463305676	0.0262125652469	-0.0138717335901	0.0127981155044
k__Bacteria;p__Bacteroidetes;c__Bacteroidia;o__Bacteroidales;f__Bacteroidaceae;g__Bacteroides;s__Bacteroides_coprocola	0.0294735503526	-0.000620105125809	0.0175598551666	-0.022829450831	0.0207072371066	0.000155465354903	-0.0749653913934	-0.0155108485326	-0.000722175851465	-0.0196962504882	-0.00789312207637	1.0	-0.0638102107162	-0.0444645036683	0.0502173543345	0.0596414411572	0.00525629299003	0.0377952576863	0.00911848931991	-0.0507652072058	0.010313634125	-0.00834723331183	0.000382118656517	0.0155375793285	-0.0465832680136	-0.00638019172911	0.0476181082028	0.0279531594604	-0.0116480201304	0.0278569617513	0.0442007096119	0.00179682197461	-0.00212466582352	-0.0398990643391	0.0673963142199	-0.005596686751	-0.0145362236214	-0.114027150942	0.00595717993474	-0.00184585528758	-0.0293705563884	-0.00136852049231	0.0226851336331	-0.0254110673508	-0.0120207193473	-0.000477762829773	0.00879941858549	0.0310523251311	0.0105771721388	0.0229710731783	-0.0280129685229	-0.012453664937	-0.00823044647821	0.0204583065959	0.00550094689486	-0.0306986280652	0.00600573372493	0.0611345056057	0.0401311133356
k__Bacteria;p__Bacteroidetes;c__Bacteroidia;o__Bacteroidales;f__Bacteroidaceae;g__Bacteroides;s__Bacteroides_cellulosilyticus	0.010011379195	-0.0692063897065	0.0158809889895	0.0765199277376	-0.0128649631277	-0.0655068476907	0.0539487098634	3.42782903496e-06	-0.0150804340249	0.021745792069	-0.00258134157903	-0.0638102107162	1.0	0.00601245123357	0.0286083137148	-0.0178020767902	0.00675367918412	-0.0343601657704	-0.0325033860627	-0.0224161206975	-0.0467972199057	-0.0464980658073	-0.0576316794657	0.0432750457626	0.0629435768114	-0.0409243627462	-0.0250304021045	-0.0157633271216	-0.0193080698538	0.029255154348	-0.098604346055	-0.00574705037452	-0.000550464393605	0.0294265092404	-0.0607039689991	-0.0294084085958	-0.046241790978	0.0281259220353	0.0569427106524	0.0276673560022	-0.0317842072869	-0.0178456784003	0.059294078494	-0.0402377632692	0.0182862098614	0.00705277256019	0.0868252911023	-0.0044517144243	0.00702056420888	0.0722495046205	-0.051163846952	-0.0318514576457	-0.0264077059055	-0.0202930513737	-0.062843018418	-0.014778730257	-0.0354726334095	-0.0503568818419	-0.0242514393821
k__Bacteria;p__Bacteroidetes;c__Bacteroidia;o__Bacteroidales;f__Rikenellaceae;g__Alistipes;s__Alistipes_obesi	-0.0488495868019	0.0075950093276	-0.0337842019443	0.029227935874	-0.00402473991378	0.000384299203026	0.0608025751515	-0.0284367171804	-0.0105282664188	0.029185961542	0.0167757306993	-0.0444645036683	0.00601245123357	1.0	-0.0330241481247	0.0192167392546	-0.00026262578282	0.00225783238376	0.00189087918857	-0.0621882933056	-0.0173409395969	0.00584868360404	0.00437439233721	0.0788341976066	-0.00690698767093	0.047258899493	-0.0253179436819	-0.00490165928623	0.00126840736378	-0.013319430577	0.013507216926	0.0190701242817	-0.00278189693005	-0.0781482552186	0.0227607204725	-0.00485962361563	-0.0131656243225	-0.0355580159205	-0.01256111525	-0.0239260805234	-0.0964484827495	-0.0256955878608	-0.0225891859745	-0.0379478952393	0.0110661407977	0.00497821816684	0.00746031623054	0.0397522708339	-0.0352255473789	-0.0192188739359	-0.0255365058799	-0.0280700367914	-0.0337622051959	-0.0302929827725	-0.0416187282783	0.0113221339441	0.0117209871142	0.0454231758538	0.00132168239474
k__Bacteria;p__Firmicutes;c__Clostridia;o__Clostridiales;f__Lachnospiraceae;g__;s__[Eubacterium]_rectale	-0.0465718339988	-0.0366514897993	0.0498204987745	-0.00562027686157	-0.0457589769232	-0.022562114058	-0.0527611702639	-0.0172905286052	-0.00404403826795	0.0324219742252	-0.0711016310372	0.0502173543345	0.0286083137148	-0.0330241481247	1.0	-0.00224177938647	-0.0236319696473	-0.0140688144132	0.0116950408783	-0.0451499767364	-0.0665200143661	-0.00591823107009	-0.0648757194735	-0.0330332165239	-0.0282644712473	0.0232096359982	-0.0136927522677	0.0695483529942	-0.0404464389062	-0.0754606184552	0.0174973332533	-0.0127454630264	0.0220268118884	-0.0379319107058	0.033257625186	-0.00619641586312	-0.0158821073558	0.00350020351895	-0.0594936723963	-0.00542039440919	-0.0105239786822	0.0574428352682	0.0103455429128	-0.120079036729	0.0352055481745	-0.0288236825095	0.0561968036577	-0.0336121745807	-0.0143025028456	0.0483882217911	0.0345373683087	0.0169788987703	0.0393800713667	-0.0448607518205	0.0198492909476	-0.0085163265966	0.0699478721664	0.000241845510373	-0.00710948581201
k__Bacteria;p__Bacteroidetes;c__Bacteroidia;o__Bacteroidales;f__Bacteroidaceae;g__Bacteroides;s__Bacteroides_plebeius	-0.000421980959132	-0.0479921246776	0.0631175760184	-0.0537507643246	0.0348063629405	-0.0224597482212	0.00438213101899	-0.00575076650997	0.0161438570424	-0.0360372102609	-0.03741511816	0.0596414411572	-0.0178020767902	0.0192167392546	-0.00224177938647	1.0	-0.0239491246529	-0.00102688174529	0.0120523549996	0.000513834926632	-0.0147437377569	-0.0309632374085	-0.064820614427	-0.0832366489962	0.00728691599546	0.00338320219078	0.00487239162981	-0.0297306012361	-0.0260247492294	-0.0120373191841	-0.0693611869533	-0.00195706207715	0.0196964012078	0.0034141407831	-0.00912222882758	0.020331525118	-0.04524182883	0.0147356627921	-0.0479556070339	0.0359838167453	-0.0179497581953	-0.0148084642983	-0.106247958655	-0.0543453877021	0.0021374631566	-0.0568271184611	-0.0435176011128	0.0150621144837	0.00437918182131	-0.0389278790437	0.0127881383412	-0.0103742361794	-0.00538263064275	-0.0200948834945	-0.0470952409046	0.0198426651242	0.056111212202	-0.0682548851764	0.0060475095656
k__Bacteria;p__Bacteroidetes;c__Bacteroidia;o__Bacteroidales;f__Bacteroidaceae;g__Bacteroides;s__Bacteroides_fragilis	-0.0702583934221	-0.0305114914653	-0.00310137366751	0.0184995597699	-0.075105355475	-0.0104083512745	0.0639606465746	-0.0103002092147	0.0630136758852	-0.00188084813475	-0.0608901003858	0.00525629299003	0.00675367918412	-0.00026262578282	-0.0236319696473	-0.0239491246529	1.0	-0.0320197712061	-0.0191470295694	-0.0206074835278	0.00282074027253	-0.043583232279	-0.0449074648538	-0.0292283979966	-0.000765894669309	0.0204485830858	0.0256338740853	-0.00751962543839	-0.0320742423275	-0.0129681103391	-0.0359070962634	-0.0536663758949	0.00635388589931	-0.00758770382118	-0.047111812229	0.0485262567046	0.0323874295637	-0.0325693518449	-0.051676418736	0.0181250312638	-0.0349269324829	0.027769316909	-0.0424235643328	0.0668502274679	-0.00451061556116	0.00669468170643	-0.0292497138875	0.00821083632542	0.0073151738347	0.000630389690351	-0.010239284288	-0.0293245503218	-0.0584589244058	0.00915899563698	0.00177404251302	-0.0274841368878	-0.0450653664095	0.00543027096349	0.0217617081739
k__Bacteria;p__Proteobacteria;c__Betaproteobacteria;o__Burkholderiales;f__Sutterellaceae;g__Sutterella;s__Sutterella_wadsworthensis	-0.0251580688053	-0.00473939332313	-0.0501030569057	-0.0367578298783	0.0246479607227	0.0453595136251	-0.0218396810946	0.00520726571774	-0.0259406152937	-0.0041906710045	0.00368405715983	0.0377952576863	-0.0343601657704	0.00225783238376	-0.0140688144132	-0.00102688174529	-0.0320197712061	1.0	-0.0067631361316	0.00608803783902	-0.0114888317819	0.0130405647953	-0.03088858575	0.00419258973013	0.0231401099673	0.0122819981237	-0.0554506084909	-0.0510433216608	-0.0457790320095	-0.0100797283495	-0.0139425578926	-0.0196493307864	-0.0310493723558	-0.0295442515466	0.0137985002229	0.0133760766624	0.0226634652734	0.0352789145891	-0.019228986459	0.023206380575	0.00491697791923	0.020162868378	0.046097013477	-0.0153896687596	0.0138507045455	-0.0774041429687	-0.0416562981979	-0.0384802533568	0.0339992593411	0.00639084210994	0.0506142672662	0.0138863255739	-0.0258478176262	0.00814210255918	-0.0419497572093	-0.00350962177194	0.0425795349236	-0.0345413517669	-0.0338415045929
k__Bacteria;p__Bacteroidetes;c__Bacteroidia;o__Bacteroidales;f__Porphyromonadaceae;g__Barnesiella;s__Barnesiella_intestinihominis	0.011306503959	-0.0618188850109	0.0267235368971	-0.0142991426601	0.0616285840282	0.00772184252287	0.000285969059421	-0.0443809548417	-0.0213897930756	-0.00362502045606	-0.0792702247908	0.00911848931991	-0.0325033860627	0.00189087918857	0.0116950408783	0.0120523549996	-0.0191470295694	-0.0067631361316	1.0	0.0261786522766	0.0363931806505	-0.00124391453812	0.0517659431621	-0.00212278928985	0.01236079778	0.0486774356748	-0.0514310960149	-0.0127896124626	-0.034064503838	-0.000667338863615	-0.0189990851574	-0.0470768826549	-0.00225697048031	-0.0488024726309	-0.0323319368704	0.00720318542376	-0.0598301461028	-0.00201213692707	-0.0390402706092	-0.0132129468459	-0.0164796969819	-0.0152597781723	0.0116531142274	-0.0330533916582	0.0272155624546	-0.0268422694661	0.026367774026	0.0196500081052	-0.0124236639735	0.0264490933416	-0.0253377656409	-0.0149519313017	0.0387768993475	0.00462783468325	0.014386578048	-0.0305059157423	-0.0198804166699	-0.0251218049958	0.0377365752046
k__Bacteria;p__Bacteroidetes;c__Bacteroidia;o__Bacteroidales;f__Odoribacteraceae;g__Odoribacter;s__Odoribacter_splanchnicus	-0.00914368328154	0.0516962927091	0.00364153187073	-0.0620007881565	0.0061309885625	0.00245624180954	-0.0303382698799	-0.0484846103703	0.00879378556769	0.00922473462719	0.0118830226834	-0.0507652072058	-0.0224161206975	-0.0621882933056	-0.0451499767364	0.000513834926632	-0.0206074835278	0.00608803783902	0.0261786522766	1.0	-0.0269881318991	-0.00883357458931	0.0199506078393	-0.0329488073235	0.0017608333967	0.0326086452328	-0.00177269983835	-0.0534118166959	-0.0218866077024	-0.0113145550313	-0.00225376999455	0.0374846847639	-0.00888920669767	-0.0418108835437	0.0283400802704	-0.058364253386	0.024000678535	-0.00151263261159	-0.024416052106	-0.0436431615944	0.0211922025933	-0.0789928622646	-0.0217205760874	-0.00521904359947	0.0406999020647	-0.0317973109624	-4.38098416968e-05	0.0180785977084	-0.032789360813	-0.0390322764474	-0.0506134386098	0.0156457262079	0.00166762326101	-0.0957954850231	0.0349032391194	0.0293302609557	-0.0181028874386	0.0366089229205	0.0443724109384
k__Bacteria;p__Bacteroidetes;c__Bacteroidia;o__Bacteroidales;f__Bacteroidaceae;g__Bacteroides;s__Bacteroides_salyersiae	-0.0462767595918	0.0150846123614	-0.00848622701676	0.0228911455419	-0.0566493956088	0.0320096837423	-0.0873288782963	0.0395649990107	-0.0270431701267	0.0109706689332	-0.0375470555451	0.010313634125	-0.0467972199057	-0.0173409395969	-0.0665200143661	-0.0147437377569	0.00282074027253	-0.0114888317819	0.0363931806505	-0.0269881318991	1.0	0.0425996788102	0.0331677555367	-0.0298995529622	-0.0232322852154	-0.010194007735	-0.00811872533088	-0.00757925532129	-0.0273824641754	-0.0301055146926	-0.0164940939415	-0.109600271188	0.0457908340066	0.0434368548555	0.0403976617775	-0.0659365857387	0.0142852941156	0.0509988320276	0.0223920007985	-0.0245769553897	0.123924382056	-0.0309528893686	-0.0572035700527	-0.0421376108449	-0.0456435162492	0.00963338305379	-0.0175895955921	-0.018836668223	0.0438961762454	-0.0692610722988	-0.00663844102652	0.0469951834302	-0.00772529054643	0.0481564411298	-0.00653909517039	0.0294136360097	0.0422702788997	0.0284555718737	-0.0065692125393
k__Bacteria;p__Firmicutes;c__Clostridia;o__Clostridiales;f__Ruminococcaceae;g__Ruminiclostridium;s__[Eubacterium]_siraeum	0.030784901927	-0.0479758657505	0.0014620815772	-0.013143328062	0.0248518566747	-0.0111445042219	0.0467203376647	0.00160009264839	0.0242431863495	0.00674478981194	-0.0338308234303	-0.00834723331183	-0.0464980658073	0.00584868360404	-0.00591823107009	-0.0309632374085	-0.043583232279	0.0130405647953	-0.00124391453812	-0.00883357458931	0.0425996788102	1.0	0.0340535715345	-0.0168885966778	-0.0272348995276	-0.0362078744273	-0.0687182632959	-0.0109339771965	-0.0673013910852	0.0243317857473	-0.0438918384764	0.0295504672358	0.0126823194917	0.0145588754898	-0.0141334127358	0.0849203928939	-0.0323790817145	-0.0454562900832	-0.00480135668213	-0.0122262940745	0.00113803476584	-0.0316916689658	0.0322611895541	-0.0495678332039	0.00249766633302	0.016416669918	0.0237510086052	0.0370142017499	-0.0277200024337	-0.0308936256863	-0.0189965176512	-0.0300324601715	-0.00750528842949	-0.0196690004961	-0.027349433943	-0.027922792462	-0.0926209917078	0.0507969705061	-0.0125318055626
k__Bacteria;p__Proteobacteria;c__Betaproteobacteria;o__Burkholderiales;f__Sutterellaceae;g__Parasutterella;s__Parasutterella_excrementihominis	-0.00425537049991	0.0151229254288	0.016020078331	-0.0864807709836	-0.0427053778561	-0.00149781283059	-0.0215260700494	0.0326143699241	-0.0141480854922	-0.0575107810235	-0.0210035080044	0.000382118656517	-0.0576316794657	0.00437439233721	-0.0648757194735	-0.064820614427	-0.0449074648538	-0.03088858575	0.0517659431621	0.0199506078393	0.0331677555367	0.0340535715345	1.0	0.00467719775247	0.0180782308418	-0.0392894842352	0.059977600361	-0.0228720981033	-0.0405455309775	-0.00014150392031	-0.0396900514652	-0.0240493900927	-0.0342310365569	-0.0591480855374	-0.0140193515168	-0.0368512072261	0.0384341326644	0.0505662415777	-0.00510013189369	0.00174078246841	-0.0566389475007	-0.00786579889645	0.0226966341693	-0.0267767988381	0.0588993409604	-0.00736850441416	0.0103085510109	-0.0473564136781	0.0234702861161	-0.0386754993618	0.00776527413961	0.0294211637654	-0.0268487208806	0.085716470561	-0.0529244320845	-0.0200775941905	-0.0050653999232	-0.0251229754107	-0.0133426515804
k__Bacteria;p__Actinobacteria;c__Actinobacteria;o__Bifidobacteriales;f__Bifidobacteriaceae;g__Bifidobacterium;s__Bifidobacterium_adolescentis	-0.0262155119042	0.0353293005718	-0.0411572618997	-0.0121237969092	-0.0258880571879	-0.0424906364679	-0.0728234319144	-0.0256109317646	0.0552887476382	0.0449438109941	0.0462572005114	0.0155375793285	0.0432750457626	0.0788341976066	-0.0330332165239	-0.0832366489962	-0.0292283979966	0.00419258973013	-0.00212278928985	-0.0329488073235	-0.0298995529622	-0.0168885966778	0.00467719775247	1.0	-0.00882838909748	-0.0199848010798	0.044804085612	-0.0108299614415	-0.0421636822314	0.0233998299554	-0.00704314856188	0.0484410917501	-0.0553901759155	0.00478911129152	-0.00140029495859	-0.0333742081211	-0.0165928808622	0.000926930539172	-0.0604913648025	-0.0103587162767	-0.0587523462387	-0.0673256235803	0.0425232121866	0.00225898153299	0.0806641375612	-0.0482072270165	-0.0770324759716	0.00136213926561	0.00456972028779	-0.0267452654835	-0.0732330395221	0.00312869610164	-0.00764313182985	-0.0562480733152	0.00179007812242	-0.0493668229723	-0.000547993919141	-0.0210419397052	-0.0509311412929
k__Bacteria;p__Firmicutes;c__Clostridia;o__Clostridiales;f__Oscillospiraceae;g__Oscillibacter;s__Oscillibacter_sp._KLE_1745	-0.0318979122491	-0.0156462278896	-0.0122440455967	-0.0349774245088	-0.0267340830268	0.0302779677993	0.0618361763283	0.0275103255969	-0.0352812348165	-0.065929746788	-0.023850614714	-0.0465832680136	0.0629435768114	-0.00690698767093	-0.0282644712473	0.00728691599546	-0.00076589466931	0.0231401099673	0.01236079778	0.0017608333967	-0.0232322852154	-0.0272348995276	0.0180782308418	-0.00882838909748	1.0	-0.0148412836431	0.0243589404241	-0.0208491938306	0.0167029432961	-0.0062705859334	-0.0551732299184	-0.0539751426123	0.00993206265725	0.0468385859622	0.0194307603731	-0.00294457770989	-0.0272521432695	0.0190082736121	-0.0454340398575	-0.0388205348507	-0.0314907834389	0.000888261664346	-0.0441817588097	-0.0158628671792	-0.0566311156229	-0.0150597383106	0.0227473565616	0.0200812184063	-0.0450926108192	-0.0132185009553	-0.0419039958572	0.0195752184681	0.04172708176	-0.0458015971941	0.0415062100602	0.00213634663986	0.0127807549575	-0.00567728024275	0.0341377079591
k__Bacteria;p__Bacteroidetes;c__Bacteroidia;o__Bacteroidales;f__Bacteroidaceae;g__Bacteroides;s__Bacteroides_coprophilus	-0.00277309865887	-0.00731695806876	-0.016726890391	0.0618203990316	-0.0375424862675	0.00613105448101	-0.0146770573845	-0.0232833006227	-0.0105942778067	-0.015462398294	0.0138944541798	-0.00638019172911	-0.0409243627462	0.047258899493	0.0232096359982	0.00338320219078	0.0204485830858	0.0122819981237	0.0486774356748	0.0326086452328	-0.010194007735	-0.0362078744273	-0.0392894842352	-0.0199848010798	-0.0148412836431	1.0	0.0034180826865	-0.0356637297499	0.0336145526986	-0.0748627638737	0.112275066423	-0.0582122457217	-0.0546008627704	-0.0175884932161	-0.00680048938883	0.0551663994266	0.00551613295833	0.0481535702789	0.0199293876478	-0.0136107826231	-0.0333718720842	-0.00766201650394	0.0622573871162	0.0260789774056	0.0115257994996	0.0541975228236	-0.0224926620539	-0.0136299882889	-0.00521864134434	-0.0384803901107	-0.0614227828569	-0.0540763502688	-0.0297806789266	-0.000698393503819	0.0290434826236	-0.0086989481582	-0.00284920842046	-0.0121587806917	-0.0240414901643
k__Bacteria;p__Firmicutes;c__Clostridia;o__Clostridiales;f__Lachnospiraceae;g__Roseburia;s__Roseburia_intestinalis	0.0573209488666	-0.00909979946461	-0.0539180449835	-0.00274515112725	0.0526841155423	-0.0435061138031	-0.0301402969544	-0.0238362456294	0.0555317945383	-0.0553251225539	0.00574985870484	0.0476181082028	-0.0250304021045	-0.0253179436819	-0.0136927522677	0.00487239162981	0.0256338740853	-0.0554506084909	-0.0514310960149	-0.00177269983835	-0.00811872533088	-0.0687182632959	0.059977600361	0.044804085612	0.0243589404241	0.0034180826865	1.0	-0.00163203107023	-0.0281147498885	-0.0451857042584	-0.0106750068801	0.0164236233175	-0.0162613085661	0.03513359386	0.0421394199552	0.0207276027823	0.0317164204335	-0.000797358561175	-0.00429373030591	-0.0158461440221	-0.00595883769931	-0.0176633977415	-0.00305667565556	-0.0107671488489	0.0419254454658	0.0163722287031	0.000987519778452	-0.00520873232666	-0.0113372986317	0.026425720527	0.00244474422594	-0.0265775684505	-0.00945676871466	0.0393489069818	-0.013773248496	-0.0147310302875	-0.0165130209629	-0.0482180537129	-0.0147789447496
k__Bacteria;p__Firmicutes;c__Clostridia;o__Clostridiales;f__Lachnospiraceae;g__Roseburia;s__Roseburia_hominis	0.0138577133002	-0.00117667094036	-0.0244062080116	0.0595511664514	-0.0213655326572	0.0123053050407	0.049714109514	-0.0151321466616	0.0193852075301	-0.0197730384742	0.0248662598647	0.0279531594604	-0.0157633271216	-0.00490165928623	0.0695483529942	-0.0297306012361	-0.00751962543839	-0.0510433216608	-0.0127896124626	-0.0534118166959	-0.00757925532129	-0.0109339771965	-0.0228720981033	-0.0108299614415	-0.0208491938306	-0.0356637297499	-0.00163203107023	1.0	0.0635770870192	-0.0275178001309	0.0109721967778	-0.0463109557771	-0.0615038699228	-0.014271823966	-0.00850993817054	0.0071796691187	-0.0263262812686	-0.0193700368356	-0.0031238815863	-0.00497572355149	-0.0419413083302	0.00271350999675	-0.00366556982174	-0.0500910233183	0.052024745396	0.019897789108	-0.0542763797779	0.0120134459557	0.0388682187545	-0.0128607558184	-0.0240952336111	-0.0529618263205	-0.0159817890264	0.00532248526584	0.00184400946275	-0.0189874487459	0.0371882246926	-0.00603223549231	0.00770701848044
k__Bacteria;p__Bacteroidetes;c__Bacteroidia;o__Bacteroidales;f__Porphyromonadaceae;g__Parabacteroides;s__Parabacteroides_johnsonii	0.0566581789692	0.0384569765904	0.0192503484942	0.0171784429481	0.0114788339216	0.0240940654028	0.0337186617169	-0.0636112361998	-0.0164203345196	-0.0558181297787	-0.0236697554089	-0.0116480201304	-0.0193080698538	0.00126840736378	-0.0404464389062	-0.0260247492294	-0.0320742423275	-0.0457790320095	-0.034064503838	-0.0218866077024	-0.0273824641754	-0.0673013910852	-0.0405455309775	-0.0421636822314	0.0167029432961	0.0336145526986	-0.0281147498885	0.0635770870192	1.0	0.00766583767887	-0.0242816584604	-0.0569992655285	0.0129584205297	-0.035121815866	0.0194324700166	-0.0309652845179	-0.0632051101011	0.0241427201945	-0.00636523738077	0.00617452447304	-0.011127073398	-0.0238235724049	-0.00622212671054	-0.0656170291661	-0.0541470008835	0.0316966215284	-0.0230032947688	-0.0654952721079	0.0137403049348	-0.0174386311405	-0.00867039580867	0.0616996765672	-0.0116879262161	-0.0328636217716	0.00950614446421	-0.0342590765465	0.00463797016217	-0.0578779395944	-0.00422732477028
k__Bacteria;p__Actinobacteria;c__Actinobacteria;o__Bifidobacteriales;f__Bifidobacteriaceae;g__Bifidobacterium;s__Bifidobacterium_longum	0.0232458058031	-0.0913939645722	-0.00882296111723	-0.00842976762491	0.00937068572448	-0.0458083849989	-0.0310556287975	-0.0796827783931	-0.0288878675906	-0.0219333746783	-0.049705191048	0.0278569617513	0.029255154348	-0.013319430577	-0.0754606184552	-0.0120373191841	-0.0129681103391	-0.0100797283495	-0.000667338863615	-0.0113145550313	-0.0301055146926	0.0243317857473	-0.00014150392031	0.0233998299554	-0.0062705859334	-0.0748627638737	-0.0451857042584	-0.0275178001309	0.00766583767887	1.0	0.0463146340058	-0.0179763370088	-0.09579481148	-0.0344333902231	-0.00548866642759	-0.00389846774135	0.00687702133709	0.0334873939552	0.00795097361894	0.0142856353489	0.00496739356605	-0.0304327560557	-0.0224613852906	0.0878747169257	-0.0139187683562	-0.0301953081957	0.0152286312455	-0.0336448021032	-0.0189678284377	-0.00928789403782	0.018197897818	-0.0147154550864	0.02430809444	0.0182257803413	-0.00475355419538	0.0347990373806	0.0489999097501	0.0278800135058	-0.000675336930197
