#taxonomy	k__Bacteria;p__Bacteroidetes;c__Bacteroidia;o__Bacteroidales;f__Bacteroidaceae;g__Bacteroides;s__Bacteroides_vulgatus	k__Bacteria;p__Bacteroidetes;c__Bacteroidia;o__Bacteroidales;f__Bacteroidaceae;g__Bacteroides;s__Bacteroides_uniformis	k__Bacteria;p__Bacteroidetes;c__Bacteroidia;o__Bacteroidales;f__Rikenellaceae;g__Alistipes;s__Alistipes_putredinis	k__Bacteria;p__Bacteroidetes;c__Bacteroidia;o__Bacteroidales;f__Prevotellaceae;g__Prevotella;s__Prevotella_copri	k__Bacteria;p__Bacteroidetes;c__Bacteroidia;o__Bacteroidales;f__Bacteroidaceae;g__Bacteroides;s__Bacteroides_stercoris	k__Bacteria;p__Bacteroidetes;c__Bacteroidia;o__Bacteroidales;f__Bacteroidaceae;g__Bacteroides;s__Bacteroides_ovatus	k__Bacteria;p__Bacteroidetes;c__Bacteroidia;o__Bacteroidales;f__Rikenellaceae;g__Alistipes;s__Alistipes_shahii	k__Bacteria;p__Firmicutes;c__Clostridia;o__Clostridiales;f__Ruminococcaceae;g__Faecalibacterium;s__Faecalibacterium_prausnitzii	k__Bacteria;p__Bacteroidetes;c__Bacteroidia;o__Bacteroidales;f__Rikenellaceae;g__Alistipes;s__Alistipes_finegoldii	k__Bacteria;p__Bacteroidetes;c__Bacteroidia;o__Bacteroidales;f__Porphyromonadaceae;g__Parabacteroides;s__Parabacteroides_distasonis	k__Bacteria;p__Bacteroidetes;c__Bacteroidia;o__Bacteroidales;f__Bacteroidaceae;g__Bacteroides;s__Bacteroides_thetaiotaomicron	k__Bacteria;p__Bacteroidetes;c__Bacteroidia;o__Bacteroidales;f__Bacteroidaceae;g__Bacteroides;s__Bacteroides_coprocola	k__Bacteria;p__Bacteroidetes;c__Bacteroidia;o__Bacteroidales;f__Bacteroidaceae;g__Bacteroides;s__Bacteroides_cellulosilyticus	k__Bacteria;p__Bacteroidetes;c__Bacteroidia;o__Bacteroidales;f__Rikenellaceae;g__Alistipes;s__Alistipes_obesi	k__Bacteria;p__Firmicutes;c__Clostridia;o__Clostridiales;f__Lachnospiraceae;g__;s__[Eubacterium]_rectale	k__Bacteria;p__Bacteroidetes;c__Bacteroidia;o__Bacteroidales;f__Bacteroidaceae;g__Bacteroides;s__Bacteroides_plebeius	k__Bacteria;p__Bacteroidetes;c__Bacteroidia;o__Bacteroidales;f__Bacteroidaceae;g__Bacteroides;s__Bacteroides_fragilis	k__Bacteria;p__Proteobacteria;c__Betaproteobacteria;o__Burkholderiales;f__Sutterellaceae;g__Sutterella;s__Sutterella_wadsworthensis	k__Bacteria;p__Bacteroidetes;c__Bacteroidia;o__Bacteroidales;f__Porphyromonadaceae;g__Barnesiella;s__Barnesiella_intestinihominis	k__Bacteria;p__Bacteroidetes;c__Bacteroidia;o__Bacteroidales;f__Odoribacteraceae;g__Odoribacter;s__Odoribacter_splanchnicus	k__Bacteria;p__Bacteroidetes;c__Bacteroidia;o__Bacteroidales;f__Bacteroidaceae;g__Bacteroides;s__Bacteroides_salyersiae	k__Bacteria;p__Firmicutes;c__Clostridia;o__Clostridiales;f__Ruminococcaceae;g__Ruminiclostridium;s__[Eubacterium]_siraeum	k__Bacteria;p__Proteobacteria;c__Betaproteobacteria;o__Burkholderiales;f__Sutterellaceae;g__Parasutterella;s__Parasutterella_excrementihominis	k__Bacteria;p__Actinobacteria;c__Actinobacteria;o__Bifidobacteriales;f__Bifidobacteriaceae;g__Bifidobacterium;s__Bifidobacterium_adolescentis	k__Bacteria;p__Firmicutes;c__Clostridia;o__Clostridiales;f__Oscillospiraceae;g__Oscillibacter;s__Oscillibacter_sp._KLE_1745	k__Bacteria;p__Bacteroidetes;c__Bacteroidia;o__Bacteroidales;f__Bacteroidaceae;g__Bacteroides;s__Bacteroides_coprophilus	k__Bacteria;p__Firmicutes;c__Clostridia;o__Clostridiales;f__Lachnospiraceae;g__Roseburia;s__Roseburia_intestinalis	k__Bacteria;p__Firmicutes;c__Clostridia;o__Clostridiales;f__Lachnospiraceae;g__Roseburia;s__Roseburia_hominis	k__Bacteria;p__Bacteroidetes;c__Bacteroidia;o__Bacteroidales;f__Porphyromonadaceae;g__Parabacteroides;s__Parabacteroides_johnsonii	k__Bacteria;p__Actinobacteria;c__Actinobacteria;o__Bifidobacteriales;f__Bifidobacteriaceae;g__Bifidobacterium;s__Bifidobacterium_longum	k__Bacteria;p__Firmicutes;c__Clostridia;o__Clostridiales;f__;g__Flavonifractor;s__Flavonifractor_plautii	k__Bacteria;p__Firmicutes;c__Clostridia;o__Clostridiales;f__Clostridiaceae;g__Clostridium;s__Clostridium_phoceensis	k__Bacteria;p__Verrucomicrobia;c__Verrucomicrobiae;o__Verrucomicrobiales;f__Akkermansiaceae;g__Akkermansia;s__Akkermansia_muciniphila	k__Bacteria;p__Bacteroidetes;c__Bacteroidia;o__Bacteroidales;f__Prevotellaceae;g__Paraprevotella;s__Paraprevotella_xylaniphila	k__Bacteria;p__Firmicutes;c__Clostridia;o__Clostridiales;f__Ruminococcaceae;g__Ruminococcus;s__Ruminococcus_callidus	k__Bacteria;p__Bacteroidetes;c__Bacteroidia;o__Bacteroidales;f__Rikenellaceae;g__Alistipes;s__Alistipes_senegalensis	k__Bacteria;p__Firmicutes;c__Clostridia;o__Clostridiales;f__Lachnospiraceae;g__Blautia;s__Blautia_sp._KLE_1732	k__Bacteria;p__Bacteroidetes;c__Bacteroidia;o__Bacteroidales;f__Bacteroidaceae;g__Bacteroides;s__Bacteroides_oleiciplenus	k__Bacteria;p__Firmicutes;c__Clostridia;o__Clostridiales;f__Ruminococcaceae;g__Ruminococcus;s__Ruminococcus_bicirculans	k__Bacteria;p__Bacteroidetes;c__Bacteroidia;o__Bacteroidales;f__Bacteroidaceae;g__Bacteroides;s__Bacteroides_fluxus	k__Bacteria;p__Bacteroidetes;c__Bacteroidia;o__Bacteroidales;f__Prevotellaceae;g__Prevotella;s__Prevotella_stercorea	k__Bacteria;p__Firmicutes;c__Clostridia;o__Clostridiales;f__Lachnospiraceae;g__Dorea;s__Dorea_longicatena	k__Bacteria;p__Firmicutes;c__Clostridia;o__Clostridiales;f__Eubacteriaceae;g__Eubacterium;s__[Eubacterium]_eligens	k__Bacteria;p__Firmicutes;c__Clostridia;o__Clostridiales;f__Ruminococcaceae;g__;s__Ruminococcaceae_bacterium_D16	k__Bacteria;p__Firmicutes;c__Clostridia;o__Clostridiales;f__Lachnospiraceae;g__Coprococcus;s__Coprococcus_comes	k__Bacteria;p__Proteobacteria;c__Gammaproteobacteria;o__Enterobacterales;f__Enterobacteriaceae;g__Escherichia;s__Escherichia_coli	k__Bacteria;p__Firmicutes;c__Clostridia;o__Clostridiales;f__Ruminococcaceae;g__Anaerotruncus;s__Anaerotruncus_colihominis	k__Bacteria;p__Firmicutes;c__Clostridia;o__Clostridiales;f__Lachnospiraceae;g__Blautia;s__Blautia_obeum	k__Bacteria;p__Bacteroidetes;c__Bacteroidia;o__Bacteroidales;f__Odoribacteraceae;g__Odoribacter;s__Odoribacter_laneus	k__Bacteria;p__Firmicutes;c__Clostridia;o__Clostridiales;f__Ruminococcaceae;g__Ruminiclostridium;s__[Clostridium]_leptum	k__Bacteria;p__Bacteroidetes;c__Bacteroidia;o__Bacteroidales;f__Porphyromonadaceae;g__Parabacteroides;s__Parabacteroides_goldsteinii	k__Bacteria;p__Firmicutes;c__Clostridia;o__Clostridiales;f__Lachnospiraceae;g__Anaerostipes;s__Anaerostipes_hadrus	k__Bacteria;p__Firmicutes;c__Clostridia;o__Clostridiales;f__Ruminococcaceae;g__Ruminococcus;s__Ruminococcus_lactaris	k__Bacteria;p__Firmicutes;c__Clostridia;o__Clostridiales;f__Clostridiaceae;g__Clostridium;s__Clostridium_sp._L2-50	k__Bacteria;p__Firmicutes;c__Clostridia;o__Clostridiales;f__Clostridiaceae;g__Clostridium;s__Clostridium_sp._M62/1	k__Bacteria;p__Firmicutes;c__Clostridia;o__Clostridiales;f__;g__Intestinimonas;s__Intestinimonas_butyriciproducens	k__Bacteria;p__Actinobacteria;c__Actinobacteria;o__Bifidobacteriales;f__Bifidobacteriaceae;g__Bifidobacterium;s__Bifidobacterium_bifidum	k__Bacteria;p__Firmicutes;c__Negativicutes;o__Veillonellales;f__Veillonellaceae;g__Dialister;s__Dialister_invisus	k__Bacteria;p__Bacteroidetes;c__Bacteroidia;o__Bacteroidales;f__Bacteroidaceae;g__Bacteroides;s__Bacteroides_salanitronis
k__Bacteria;p__Bacteroidetes;c__Bacteroidia;o__Bacteroidales;f__Bacteroidaceae;g__Bacteroides;s__Bacteroides_vulgatus	1.0	-0.0413540722501	-0.0326903455621	-0.0358868927594	-0.0240716745955	-0.0255363307233	-0.00826895916254	0.0694246966545	-0.00411598283459	-0.00565226624524	0.0439104530223	-0.0738450508128	-0.0259879777383	-0.00672182538291	-0.0444749444495	0.0461117141053	0.0210827153657	0.010186081619	-0.0201270817866	-0.0572614452824	0.0143993937821	-0.0471273889213	-0.0395705293563	-0.037699232252	0.0166621298883	0.0116704225353	-0.00590453324699	0.000168320050724	-0.011796920179	-0.0493867488829	0.0326462498904	-0.0175748746691	0.00313201019751	0.0263467984113	0.0323622053519	0.0221096015607	0.0300812440326	-0.0187340450311	0.0815205095288	-0.0374911247414	0.00210464535313	-0.0247665853323	0.00994422884399	-0.0283945886933	0.0183380275724	-0.0225741062479	-0.0417313514583	0.0130276264957	-0.0170034403217	0.0360568477869	-0.0250997004158	0.0217290616951	-0.0537330043001	0.0173674363072	0.0357451510016	0.0202372709248	-0.0680548559236	0.025034615217	-0.00300540994223
k__Bacteria;p__Bacteroidetes;c__Bacteroidia;o__Bacteroidales;f__Bacteroidaceae;g__Bacteroides;s__Bacteroides_uniformis	-0.0413540722501	1.0	-0.0269023237311	-0.0598294340387	-0.00294566626548	-0.00241872157597	-0.0351509529226	0.0387705811929	0.0386056910663	0.0243405041398	-0.0875738324502	-0.0443010166021	0.0191580096103	-0.0148855583527	-0.0191674589837	0.0122856505228	0.062126048305	0.0632927651942	0.0140920668941	0.01593752845	-0.0598478583722	0.0143787212601	-0.00654954798699	-0.00448878434054	0.0411057778414	-0.0190668708504	-0.0238953848634	0.017524726847	0.0173941808739	0.00491812759596	-0.0135972519152	-0.0845983381659	0.067925518134	-0.0228464224394	0.0241209754007	-0.0193563233106	0.0199506358047	0.00912337239674	-0.042802720852	0.0168945802661	0.0155926434972	0.00980348194808	-0.0171607196219	-0.0649604640045	0.00840434009543	0.0129618633397	-0.033610517024	-0.0575191392623	0.0374340087367	-0.0114703869696	0.023280300861	-0.0145505601828	0.0116304547168	-0.00757932233997	-0.0576313969958	-0.0163601615117	-0.00070654349693	0.00288581514793	0.0155561466181
k__Bacteria;p__Bacteroidetes;c__Bacteroidia;o__Bacteroidales;f__Rikenellaceae;g__Alistipes;s__Alistipes_putredinis	-0.0326903455621	-0.0269023237311	1.0	0.0196857532985	0.0203115187623	-0.0336147346095	0.000929045462586	0.0356455834985	0.0556164192913	-0.0327891384719	-0.073777679456	0.0517648887965	-0.0497591428803	0.00976232923532	-0.00876825051091	-0.0310428943993	0.0212605086122	-0.0422879405972	-0.00254100765241	-0.0405558055125	-0.0259764694458	-0.0468042387776	-0.00706502663642	-0.07544169484	0.00870299547214	-0.0403630246496	-0.0106952266261	-0.0146211047883	-0.0212469075994	0.0430936798729	-0.0600655716486	-0.000808828832782	-0.0527817152346	-0.0105026888742	-0.0107396040217	-0.00116844163917	0.0312149124715	0.00277866392384	-0.057064620113	-0.0526926026389	0.0150850465874	0.0232083833089	0.0402839821502	0.0596928884014	-0.0177289574657	0.0427092128013	-0.0342661477507	0.0294626383695	-0.0439412671712	0.0101745117337	-0.0440502324229	0.0423675816369	0.00939490355863	-0.0309537412873	-0.0686892718107	-0.0223767567171	0.0535017286923	0.102763243054	-0.0457209996254
k__Bacteria;p__Bacteroidetes;c__Bacteroidia;o__Bacteroidales;f__Prevotellaceae;g__Prevotella;s__Prevotella_copri	-0.0358868927594	-0.0598294340387	0.0196857532985	1.0	-0.0234620996701	0.0663722018876	0.0545337908176	0.0422020691369	0.041604223376	-0.0559914517915	-0.00569968944892	-0.0104096507295	-0.0472013528429	-0.0572495081136	0.0105362801613	-0.0149411002548	-0.0509386390663	0.00585415552073	0.0496214095801	0.0322210112052	0.0206770562179	-0.00737710716358	-0.0225137750433	-0.0359455862621	-0.0716870198414	-0.0387158575763	0.00174093565959	-0.0158738434253	-0.0505385284836	-0.0261028245434	0.00739312327631	-0.0716064179108	-0.0261111464823	0.0121687073406	0.0272127678908	0.0627103704461	-0.017460056719	0.074754621271	0.0379648789613	0.0259504445795	-0.0265013423733	-0.0384886177399	0.0282220390038	-0.0406839917826	-0.0450798444748	0.0137307107788	0.0170846767291	-0.0229716240546	0.0199706378437	-0.00118310848922	0.0145398911661	0.0199444075706	-0.0104856488746	0.0112937558332	-0.0349722147787	-0.0346341509586	-0.0664282852116	0.045979960677	-0.0557431459418
k__Bacteria;p__Bacteroidetes;c__Bacteroidia;o__Bacteroidales;f__Bacteroidaceae;g__Bacteroides;s__Bacteroides_stercoris	-0.0240716745955	-0.00294566626548	0.0203115187623	-0.0234620996701	1.0	-0.0650994641234	-0.0683936189041	-0.04219265278	-0.0416700898069	0.0308561548498	0.0157798544904	0.0215506055746	0.00791353638301	-0.00293030600745	-0.0388172306395	0.000194234078921	-0.000176822556434	0.0449785369498	0.0543922759728	0.0178328385867	0.0100556944081	-0.0145706268336	0.0126281165372	-0.0678580829384	0.0104203772081	-0.0610312021755	0.00273714470365	-0.0111193813483	-0.0764672344511	-0.0327103043694	0.0043296359149	0.0190877830776	0.0283019601464	0.0285170450674	-0.00987503265041	-0.0576468737925	-0.0252098597095	0.0389960183951	0.0406636508643	-0.0450390775885	0.0606130075398	-0.0295107139196	0.0199717230205	-0.0581752158305	0.0298939847464	0.0137944645783	0.00741974375749	0.0115081608846	-0.00464849965559	-0.0195559900137	-0.0329980914132	-0.0765916623517	-0.112716645806	-0.0122190235854	0.0516213299941	0.0300314533269	0.0605854233637	0.0992766056174	0.0205797671147
k__Bacteria;p__Bacteroidetes;c__Bacteroidia;o__Bacteroidales;f__Bacteroidaceae;g__Bacteroides;s__Bacteroides_ovatus	-0.0255363307233	-0.00241872157597	-0.0336147346095	0.0663722018876	-0.0650994641234	1.0	-0.0183444378399	0.00101907467423	-0.0221365361281	-0.0156447997932	-0.0191508146636	-0.0212923384054	0.0236176799805	-0.0256511426183	-0.0244040887027	-0.0398640119903	-0.0237992905125	0.0275762286979	-0.0131940011594	-0.0050207204583	-0.00344704397448	-0.0718931399196	-0.0314934277074	-0.0215090794738	0.0541714663289	-0.0515433159514	-0.0570490984792	-0.0245111021917	0.0492615430801	-0.0660130809238	0.0443046717606	-0.0590219595819	0.0317553083382	-0.0438769505198	-0.0175235177281	-0.0104502008768	-0.00483749617257	-0.0253538630608	0.0188668239524	-0.0486755337819	-0.0441294975469	-0.0244412317516	0.008193625491	-0.0426525787001	0.00325376661235	0.0189317796469	-0.00272277618846	-0.0287693868326	0.032722713802	0.0682621613349	-0.0140445784163	-0.0171465754255	-0.00608953215558	0.0419858516245	0.0242750776911	-0.0234000937181	0.0352228761086	0.0125371153138	0.029208789001
k__Bacteria;p__Bacteroidetes;c__Bacteroidia;o__Bacteroidales;f__Rikenellaceae;g__Alistipes;s__Alistipes_shahii	-0.00826895916254	-0.0351509529226	0.000929045462585	0.0545337908176	-0.0683936189041	-0.0183444378399	1.0	-0.0428091634222	0.0265750576681	-0.0260796875863	0.00715979708186	0.0249842246897	0.0390028147535	-0.0138398790409	-0.0598920965526	0.00565484455614	-0.0423871011772	0.0171346968326	0.068808722127	-0.04662596754	-0.049773642659	-0.0213601786504	0.0110163244071	-0.0482560179546	0.047928841073	-0.00745924616693	-0.0354507651291	-0.0446056417622	0.00105758626458	0.00254748210205	0.0357118070304	-0.0110622942076	0.0368804895129	0.0399760969471	0.00309347360952	-0.0184223572613	-0.0285354920448	-0.0202117029622	-0.009983282793	0.0156885546793	-0.13046667632	-0.0864580419116	0.0201725629532	-0.00355316055127	0.0313884806553	0.0151591441131	0.0288658599169	-0.0549042639355	0.023383628126	-0.0112121857842	0.0303230019196	-0.0192211931422	-0.0135295623819	0.0437352578823	-0.00516309988219	0.0451658198642	-0.00285424782301	0.00305254286921	0.0302364986648
k__Bacteria;p__Firmicutes;c__Clostridia;o__Clostridiales;f__Ruminococcaceae;g__Faecalibacterium;s__Faecalibacterium_prausnitzii	0.0694246966545	0.0387705811929	0.0356455834985	0.0422020691369	-0.04219265278	0.00101907467423	-0.0428091634222	1.0	-0.0635593872565	-0.0102645607875	0.0206566439939	-0.037592174024	-0.0154050066184	0.0423030963092	0.0473259775261	-0.0312700581206	0.03835694972	0.0154416688738	0.00992656745959	-0.0125716780704	0.0364876811387	0.0118818202167	0.00128239013289	-0.0235693714551	-0.00446239728061	-0.000584233716115	-0.0463970545656	0.0196104080585	-0.0323297583839	0.0518812350539	-0.0306266897464	-0.00347800589334	-0.0419196860757	-0.0464402100296	0.00600100260046	0.0268554631244	-0.0512373947282	0.0265925072291	-0.0615241609531	-0.00422185478441	0.0593245895516	-0.0298628093747	-0.0631821180778	-0.0281334459059	-0.0121809666348	-0.0265614456552	0.0303975262464	-0.0573722736919	0.0314481180199	-0.0751790600938	0.0186432731851	-0.0304779030585	0.0298701428407	-0.020266259757	-0.0980008771596	-0.0651810282562	-0.0582110749059	-0.00672727173637	-0.00571297779128
k__Bacteria;p__Bacteroidetes;c__Bacteroidia;o__Bacteroidales;f__Rikenellaceae;g__Alistipes;s__Alistipes_finegoldii	-0.00411598283459	0.0386056910663	0.0556164192913	0.041604223376	-0.0416700898069	-0.0221365361281	0.0265750576681	-0.0635593872565	1.0	-0.008750706976	0.0207576194684	-0.0661176712708	-0.035820488202	0.0731095274654	-0.0561621070276	0.0564944143349	0.0297674611146	-0.00608246869099	0.00345514832631	0.043765111168	0.00369903162073	-0.0553801861275	-0.0365374328516	0.0421943067506	-0.0817540878993	-0.00937317225857	-0.0860196802252	-0.062165888634	-0.00578501864651	-0.0226867922594	-0.0279628558854	-0.0774013329925	-0.0325848745521	0.0311183412303	-0.0467667595226	0.0271559146763	0.0154485547504	-0.00213534188087	-0.0284798555361	0.0298407148711	0.00879692843399	0.0674495201052	-0.0721254299702	-0.0555082981826	-0.0336852955924	-0.063859182761	-0.0118435918962	-0.00326997926484	-0.0498396870957	-0.0589538122223	0.0321702466152	0.0273257941356	0.0338095396155	0.00709792061276	-0.0274640155593	0.0150607650989	-0.00318279445747	-0.0516306208199	0.0163657735406
k__Bacteria;p__Bacteroidetes;c__Bacteroidia;o__Bacteroidales;f__Porphyromonadaceae;g__Parabacteroides;s__Parabacteroides_distasonis	-0.00565226624524	0.0243405041398	-0.0327891384719	-0.0559914517915	0.0308561548498	-0.0156447997932	-0.0260796875863	-0.0102645607875	-0.008750706976	1.0	-0.026277489173	-0.00772777074664	-0.0561241355376	-0.0509161471439	0.0937056316329	-0.0220152954088	-0.0585981472712	-0.0311920950786	0.0195281502089	-0.0020733069373	0.0340485207892	0.0103836258147	-0.00160679163713	-0.0288129410664	0.0215785553301	-0.0552515270676	-0.00195581473039	-0.0264700720361	-0.00325793952069	-0.0251792526584	-0.0493943070068	-0.0413780423202	0.00778494834802	-0.015567720986	0.0209220527342	-0.014363109018	-0.0145773612879	-0.0591218041451	-0.00277000732022	0.0323237873773	-0.00606862990081	-0.0115149656285	-0.0668274054313	0.0027449602577	-0.0186024959964	0.0297038898235	-0.0263618905064	-0.0175548503852	0.0360755993374	-0.0273049864335	-0.0651608339251	-0.0223662397305	0.0100209109664	-0.0487691554316	0.00655616142851	-0.0184748781242	-0.0234737386653	-0.0442453674395	-0.0539276167715
k__Bacteria;p__Bacteroidetes;c__Bacteroidia;o__Bacteroidales;f__Bacteroidaceae;g__Bacteroides;s__Bacteroides_thetaiotaomicron	0.0439104530223	-0.0875738324502	-0.073777679456	-0.00569968944892	0.0157798544904	-0.0191508146636	0.00715979708186	0.0206566439939	0.0207576194684	-0.026277489173	1.0	0.0615110460826	0.0361514875211	0.0555998951108	-0.0305509634613	0.0268496945785	-0.0597897274933	0.00163893073596	0.00509375070465	-0.0161251821839	0.00312945624117	-0.0440082553689	0.0253633669867	-0.00898830177587	-0.00898297110995	0.0687903544276	0.0285777498329	-0.0395905900972	-0.0249825074783	-0.0457646655377	-0.0185904907664	0.0681653174738	-0.0205831336536	-0.0123491364986	-0.0380832812653	-0.0300103716418	-0.00720686906516	-0.0591386917507	-0.0191656936382	-0.00974154371166	-0.0159262671356	0.0335750460934	0.0124999546823	0.00358811261132	0.0612864695154	0.000274507307106	-0.0478477372653	0.0545614599692	0.0514199428671	-0.0718675012518	0.00505974639661	0.0160194427032	-0.00331883530778	0.00117675415994	0.00634453826434	-0.0590012757859	-0.0479926628824	-0.0455151634056	-0.00757871790804
k__Bacteria;p__Bacteroidetes;c__Bacteroidia;o__Bacteroidales;f__Bacteroidaceae;g__Bacteroides;s__Bacteroides_coprocola	-0.0738450508128	-0.0443010166021	0.0517648887965	-0.0104096507295	0.0215506055746	-0.0212923384054	0.0249842246897	-0.037592174024	-0.0661176712708	-0.00772777074664	0.0615110460826	1.0	0.000394034407543	-0.036073562587	-0.0822567402989	-0.00649180590957	0.0119351204425	0.0207732845328	-0.0171607871309	-0.0489178198298	0.0329018811582	-0.0330252016378	-0.021659911978	-0.00954807338843	-0.0313140751099	-0.0550921649193	-0.0125369390957	-0.00247464457317	0.0131149392314	-0.0506744467087	-0.0596125481394	0.0134197372837	0.0307132433656	-0.0460984530431	-0.0449366482581	-0.022928983204	-0.0421937441796	-0.00346049457592	0.0150453257007	-0.054243417495	-0.0135468317782	0.040755739662	-0.0410054885871	0.00211615474468	0.00581192686841	0.049348707932	0.0035137705655	-0.00253258393524	-0.00344784560771	0.0594423221129	0.0397840668687	-0.032398958971	-0.00669144182742	0.00192906226747	-0.00123731593335	-0.0118695142286	-0.022152244472	0.0229824996907	0.00419960775715
k__Bacteria;p__Bacteroidetes;c__Bacteroidia;o__Bacteroidales;f__Bacteroidaceae;g__Bacteroides;s__Bacteroides_cellulosilyticus	-0.0259879777383	0.0191580096103	-0.0497591428803	-0.0472013528429	0.00791353638301	0.0236176799805	0.0390028147535	-0.0154050066184	-0.035820488202	-0.0561241355376	0.0361514875211	0.000394034407543	1.0	0.0431359235429	0.00593291411299	-0.00937525920091	0.00957485822672	-0.0459267802838	0.00155824618208	0.0172331642221	0.0145908619403	-0.0262533624973	0.00641447867944	-0.00133626543611	-0.0067528218377	0.017613445801	0.00442839062112	0.00210381898841	-0.0451037711946	-0.0109812269557	-0.0260130884888	0.0488573469609	-0.0769352064771	-0.017046409731	-0.00542186228034	0.00413848005701	-0.00747142916143	-0.00518271353263	-0.0100907734543	-0.0651939932841	-0.00639005821032	0.0600887502142	-0.00167437337839	-0.0269442923829	-0.0336201959069	-0.0547179797595	-0.0677160805996	-0.0221206846662	-0.0215957573454	0.0234666005145	0.0281598834954	-0.0294638831719	-0.000379241848731	-0.0229066927928	-0.0141872588727	-0.0162111867521	0.0374346191982	0.00273760143252	0.0150918038227
k__Bacteria;p__Bacteroidetes;c__Bacteroidia;o__Bacteroidales;f__Rikenellaceae;g__Alistipes;s__Alistipes_obesi	-0.00672182538291	-0.0148855583527	0.00976232923532	-0.0572495081136	-0.00293030600745	-0.0256511426183	-0.0138398790409	0.0423030963092	0.0731095274654	-0.0509161471439	0.0555998951108	-0.036073562587	0.0431359235429	1.0	-0.0195258229861	-0.00120475462062	-0.0348912473516	0.0365862015436	0.0692444346435	-0.0158382652153	-0.0232113687575	-0.0213965704081	0.0016702534347	0.0323552859001	0.0422727347628	-0.0217829263038	-0.0129085819395	-0.0140213241206	-0.0149341676872	-0.039279117513	-0.0172765407003	-0.0383283404659	-0.030307057973	-0.0342613381454	0.0401830537618	-0.00185328191723	0.0288627071344	-0.0441642892642	-0.040846522487	-0.0218887142434	-0.0175992813577	0.0255151626688	-0.0391278527218	-0.0153167364531	-0.0311985999705	-0.0411021948165	-0.0199796577376	-0.00216199108374	-0.0324351496355	-0.0444896019991	0.0245934426114	-0.0255223189127	0.0729099182457	-0.0354717044942	-0.00842434477456	-0.00406953047393	0.0097176378682	-0.00101953822148	0.041186730089
k__Bacteria;p__Firmicutes;c__Clostridia;o__Clostridiales;f__Lachnospiraceae;g__;s__[Eubacterium]_rectale	-0.0444749444495	-0.0191674589837	-0.00876825051091	0.0105362801613	-0.0388172306395	-0.0244040887027	-0.0598920965526	0.0473259775261	-0.0561621070276	0.0937056316329	-0.0305509634613	-0.0822567402989	0.00593291411299	-0.0195258229861	1.0	0.0420126137919	-0.0157016737743	-0.0658351714707	0.00722809989616	-0.00187511453333	-0.0295563900844	0.010402014248	-0.00794669087865	0.00607295857706	-0.00458820041625	-0.0175826298589	0.0283332435233	-0.02184155866	-0.00393722669401	-0.0244441606005	0.00552138760389	0.0158142159539	-0.00209501411454	-0.000124524386825	-0.0343170220213	-0.0669556272487	-0.0742753365212	0.00841324374589	0.04881787127	-0.0418245640302	-0.0360217623542	0.0193298434088	-0.00886055379382	0.068246819464	0.0346640082602	0.0178858621991	-0.0259592964122	0.0363924893601	-0.071574465589	-0.0211120127964	-0.0242981539127	-0.00967193402039	-0.0431026277556	0.037185033031	0.00479969934025	0.0728464380604	-0.0314997563151	-0.00746765305782	-0.0527235874505
k__Bacteria;p__Bacteroidetes;c__Bacteroidia;o__Bacteroidales;f__Bacteroidaceae;g__Bacteroides;s__Bacteroides_plebeius	0.0461117141053	0.0122856505228	-0.0310428943993	-0.0149411002548	0.000194234078921	-0.0398640119903	0.00565484455614	-0.0312700581206	0.0564944143349	-0.0220152954088	0.0268496945785	-0.00649180590957	-0.00937525920091	-0.00120475462062	0.0420126137919	1.0	-0.0559895305544	-0.0955140482753	-0.0441754558178	-0.0130819434637	0.00445307314975	0.0374563800378	0.0255767241883	0.00142463857446	0.0174453630838	-0.0258638110689	0.0243037056332	-0.00511156529188	-0.00645279672459	-0.0512714367211	0.0193603194295	0.0125491868731	-0.0236455028966	0.0178500304505	0.0158804590195	-0.00510218731182	-0.00959024910494	0.00608711413156	-0.0313141536356	-0.0186704564913	-0.00166614843092	-0.0284830726856	0.0154578827384	0.0582641295475	-0.0471416319289	-0.0513364275558	0.0405698758743	0.0132926225855	-0.0492385296922	0.0314643391001	-0.0306367701137	0.027648475287	-0.000241872362232	-0.0483845678328	-0.0485456315235	-0.0463356516189	0.032367485893	-0.0205701474024	0.0222024447172
k__Bacteria;p__Bacteroidetes;c__Bacteroidia;o__Bacteroidales;f__Bacteroidaceae;g__Bacteroides;s__Bacteroides_fragilis	0.0210827153657	0.062126048305	0.0212605086122	-0.0509386390663	-0.000176822556434	-0.0237992905125	-0.0423871011772	0.03835694972	0.0297674611146	-0.0585981472712	-0.0597897274933	0.0119351204425	0.00957485822672	-0.0348912473516	-0.0157016737743	-0.0559895305544	1.0	0.0113809986235	-0.0771985681369	0.0305257567807	-0.000201904518781	0.054299960277	0.0373888813481	-0.0679971904276	-0.00523869481183	0.0145320812928	0.0245808629581	-0.0645709361863	-0.0260678020662	0.0356119265739	-0.0102630464697	0.048749329656	0.0312165178599	-0.0161033932359	0.041114777904	0.0478240893627	-0.0198480332716	-0.0270974391544	-0.0257404644297	0.0142122918018	-0.0260507098337	-0.0175097566805	-0.0424265922216	-0.0394323741116	0.0775615271337	-0.0226508349338	-0.0254418292483	-0.101679679682	-0.0190841808173	-0.0145481078405	-0.0861607236386	-0.000725096148239	-0.0122240035791	0.0490144499164	-0.00816871712298	-0.00489840824598	0.0565869084266	-0.0254273807509	0.00787546054518
k__Bacteria;p__Proteobacteria;c__Betaproteobacteria;o__Burkholderiales;f__Sutterellaceae;g__Sutterella;s__Sutterella_wadsworthensis	0.010186081619	0.0632927651942	-0.0422879405972	0.00585415552073	0.0449785369498	0.0275762286979	0.0171346968326	0.0154416688738	-0.00608246869099	-0.0311920950786	0.00163893073596	0.0207732845328	-0.0459267802838	0.0365862015436	-0.0658351714707	-0.0955140482753	0.0113809986235	1.0	-0.0691242120915	0.0125194177032	0.00047951514717	0.0183255106178	-0.0178459517	-0.0559280828129	0.0544552722418	-0.0279659909768	-0.0232127799865	-0.0450018920759	-0.00710443068343	0.00738234006812	0.0272971124911	-0.0199367826525	-0.0300995607135	0.0394748739887	-0.00209559785832	-0.025019166532	0.0354132114687	-0.00836729235555	-0.0211749323475	0.021964874316	0.0229683634532	-0.0305926636582	0.0098303936529	-0.0151751907527	0.0186463563958	-0.0124830211707	-0.0237678773432	-0.0186538103574	-0.0309577265374	-0.0183405471138	-0.0737321623039	0.0955003746147	0.0654856633513	-0.0124657486423	-0.0373722623662	-0.0718058504577	-0.0346901581522	-0.0270096336976	0.059104786772
k__Bacteria;p__Bacteroidetes;c__Bacteroidia;o__Bacteroidales;f__Porphyromonadaceae;g__Barnesiella;s__Barnesiella_intestinihominis	-0.0201270817866	0.0140920668941	-0.00254100765241	0.0496214095801	0.0543922759728	-0.0131940011594	0.068808722127	0.00992656745958	0.00345514832631	0.0195281502089	0.00509375070465	-0.0171607871309	0.00155824618208	0.0692444346435	0.00722809989616	-0.0441754558178	-0.0771985681369	-0.0691242120915	1.0	0.0305018832369	0.0148540631498	0.0272675129421	-0.0378113245282	-0.0299788378056	-0.00622519918926	-0.0119769261122	0.0148071865761	0.0244049132294	0.0420047592449	0.0811369883595	0.0319137752678	-0.0208383119905	0.0238697584428	-0.0530005110417	0.0665881039749	-0.0431534128343	0.0163064276763	0.0336357711259	-0.025517168355	-0.034518184846	0.0471915474133	-0.00661565880429	-0.07029747335	-0.0289397306515	0.070103330455	0.029589920202	-0.0521684552194	-0.0331788837724	0.0150650934693	-0.0282945728682	0.0131688411219	0.00374390808798	-0.0408048957976	0.00499753853753	0.0258536645029	-0.0337002079193	0.0214448220903	0.0531788766637	-0.0148487842847
k__Bacteria;p__Bacteroidetes;c__Bacteroidia;o__Bacteroidales;f__Odoribacteraceae;g__Odoribacter;s__Odoribacter_splanchnicus	-0.0572614452824	0.01593752845	-0.0405558055125	0.0322210112052	0.0178328385867	-0.0050207204583	-0.04662596754	-0.0125716780704	0.043765111168	-0.0020733069373	-0.0161251821839	-0.0489178198298	0.0172331642221	-0.0158382652153	-0.00187511453333	-0.0130819434637	0.0305257567807	0.0125194177032	0.0305018832369	1.0	0.00795333182084	0.0361970606057	0.0409302676787	-0.0651763638053	-0.0602210006045	0.00221645131688	-0.0784032921233	0.00588830688214	-0.00625698993552	-0.0771230575421	-0.00957703545371	0.0282645782538	-0.0731118568854	-0.074272731462	0.0274541745117	-0.0126065622373	-0.00749879386048	-0.0307946638349	-0.0356471470697	-0.116938006989	-0.0265060302356	-0.00253071919244	-0.0065437782336	-0.023164596805	-0.0120924567352	-0.0353335938366	-0.017501166962	0.0164700101857	-0.0612818987956	-0.05011412809	-0.0191746777533	0.0592287608042	0.00720292604544	0.0129193651866	0.00033743657978	-0.00429764479209	-0.000835472009104	0.0411333910311	-0.0315105484966
k__Bacteria;p__Bacteroidetes;c__Bacteroidia;o__Bacteroidales;f__Bacteroidaceae;g__Bacteroides;s__Bacteroides_salyersiae	0.0143993937821	-0.0598478583722	-0.0259764694458	0.0206770562179	0.0100556944081	-0.00344704397448	-0.049773642659	0.0364876811387	0.00369903162073	0.0340485207892	0.00312945624117	0.0329018811582	0.0145908619403	-0.0232113687575	-0.0295563900844	0.00445307314975	-0.000201904518781	0.00047951514717	0.0148540631498	0.00795333182084	1.0	0.00241079810423	-0.0130904827356	-0.00543863124649	-0.034560516482	0.00826782607154	-0.0678968513845	0.0248434155801	0.0240117612	0.0278498261228	0.0156272699203	0.00858858094343	0.0313703245108	0.0384458450676	-0.0336561967258	-0.0452489634596	-0.0232300580635	-0.00407942778283	-0.0189655045196	0.000178546754523	-0.0698765335677	-0.0278172663094	-0.0299599833618	-0.021166726988	-0.0426842347264	-0.0266461726455	0.0234837646362	-0.0312322507	0.0257260114012	0.00148858439254	-0.0320255433518	0.027394166314	-0.0408023954623	-0.0164537755388	0.0549151308368	0.00849742635799	-0.0457117344279	-0.0369676766779	-0.0693674062408
k__Bacteria;p__Firmicutes;c__Clostridia;o__Clostridiales;f__Ruminococcaceae;g__Ruminiclostridium;s__[Eubacterium]_siraeum	-0.0471273889213	0.0143787212601	-0.0468042387776	-0.00737710716358	-0.0145706268336	-0.0718931399196	-0.0213601786504	0.0118818202167	-0.0553801861275	0.0103836258147	-0.0440082553689	-0.0330252016378	-0.0262533624973	-0.0213965704081	0.010402014248	0.0374563800378	0.054299960277	0.0183255106178	0.0272675129421	0.0361970606057	0.00241079810423	1.0	0.0582899115167	-0.0327462579094	0.0470917845939	-0.0364880215238	0.0281274377649	0.00313368095022	0.0102973684317	-0.0379598745458	0.0570438704589	0.0151583296219	0.0120860528365	-0.0507485121793	-0.0637531494017	-0.0750272554708	-0.0373858881562	0.00457723832584	0.0083994625105	0.0464984575689	0.0333966600254	-0.0101354392388	-0.0176330209402	-0.000679794900667	-0.0530709487096	0.0419564379266	-0.0286181717083	0.010590622966	-0.0433020767367	0.0524818777262	0.00429989527859	0.070891342187	-0.00808912536451	-0.0532423486569	-0.040570036234	-0.0748884190306	0.0339551808975	0.0202352479633	0.016764221642
k__Bacteria;p__Proteobacteria;c__Betaproteobacteria;o__Burkholderiales;f__Sutterellaceae;g__Parasutterella;s__Parasutterella_excrementihominis	-0.0395705293563	-0.00654954798699	-0.00706502663642	-0.0225137750433	0.0126281165372	-0.0314934277074	0.0110163244071	0.00128239013289	-0.0365374328516	-0.00160679163713	0.0253633669867	-0.021659911978	0.00641447867944	0.0016702534347	-0.00794669087865	0.0255767241883	0.0373888813481	-0.0178459517	-0.0378113245282	0.0409302676787	-0.0130904827356	0.0582899115167	1.0	0.0321386939106	0.0550035132301	0.0451395833072	-0.0214457730283	0.00862706535656	-0.0488366110351	0.0450336550976	-0.0165762580748	0.00672807088886	-0.0461953855341	-0.0112113240071	-0.0604223336991	-0.0533019146101	-0.0132414623911	-0.0376687175412	0.0217147054452	-0.00850224520927	-0.0526967569997	-0.0206656934049	0.00641008988157	-0.0147037242663	-0.0231948869152	-0.0193486473495	-0.0275447456332	0.00990798585592	-0.0384475276427	0.0166922451439	-0.0604764228694	0.0192980216561	0.00671751149697	-0.0405831562112	-0.0200053096297	-0.0116976815184	-0.0278317619603	-0.0247187762779	-0.0623219302687
k__Bacteria;p__Actinobacteria;c__Actinobacteria;o__Bifidobacteriales;f__Bifidobacteriaceae;g__Bifidobacterium;s__Bifidobacterium_adolescentis	-0.037699232252	-0.00448878434054	-0.07544169484	-0.0359455862621	-0.0678580829384	-0.0215090794738	-0.0482560179546	-0.0235693714551	0.0421943067506	-0.0288129410664	-0.00898830177587	-0.00954807338843	-0.00133626543611	0.0323552859001	0.00607295857706	0.00142463857446	-0.0679971904276	-0.0559280828129	-0.0299788378056	-0.0651763638053	-0.00543863124649	-0.0327462579094	0.0321386939106	1.0	0.0592343795135	0.0294016597569	-0.00716954018229	0.0424916704485	0.0333524641474	0.0202077393476	0.0075692697992	-0.118218417255	-0.00450156672275	0.0271247002199	0.0257715793377	-0.0299446265151	0.00440167117361	-0.065898969155	-0.0338918165907	0.0454837560455	-0.0302552581614	0.000365058124906	-0.0467072259237	0.0115377511922	-0.0239984758525	0.0214782580292	0.0419228220155	0.0174696291078	0.0161834793117	-0.0186438875821	0.000804988739867	-0.0170829231704	-0.00578414679886	0.0271193580617	0.0261966374001	-0.0698296817295	-0.0328918993127	-0.00974582823554	0.0710336011494
k__Bacteria;p__Firmicutes;c__Clostridia;o__Clostridiales;f__Oscillospiraceae;g__Oscillibacter;s__Oscillibacter_sp._KLE_1745	0.0166621298883	0.0411057778414	0.00870299547214	-0.0716870198414	0.0104203772081	0.0541714663289	0.047928841073	-0.00446239728061	-0.0817540878993	0.0215785553301	-0.00898297110995	-0.0313140751099	-0.0067528218377	0.0422727347628	-0.00458820041625	0.0174453630838	-0.00523869481183	0.0544552722418	-0.00622519918926	-0.0602210006045	-0.034560516482	0.0470917845939	0.0550035132301	0.0592343795135	1.0	-0.0565248641145	-0.00527296861702	-0.0237689486036	-0.0333035794968	0.019887722717	-0.0390721652322	-0.0137099576207	-0.0475830321771	-0.0115444176793	-0.0706702512348	-0.0247640425305	-0.0890258155455	-0.0391605701241	-0.0673797087459	0.049902189552	-0.0475025951421	0.0171898874722	-0.0181396979651	0.0059926868918	0.0193365726035	0.0232522034611	-0.0437517741155	-0.0164589241606	0.0292771812104	-0.0577645966505	0.014704333001	0.0176252925901	-0.00846930288724	-0.00464251780554	0.00470896820633	-0.079748932564	0.0118624828903	0.0247158397488	-0.0447039562842
k__Bacteria;p__Bacteroidetes;c__Bacteroidia;o__Bacteroidales;f__Bacteroidaceae;g__Bacteroides;s__Bacteroides_coprophilus	0.0116704225353	-0.0190668708504	-0.0403630246496	-0.0387158575763	-0.0610312021755	-0.0515433159514	-0.00745924616693	-0.000584233716115	-0.00937317225857	-0.0552515270676	0.0687903544276	-0.0550921649193	0.017613445801	-0.0217829263038	-0.0175826298589	-0.0258638110689	0.0145320812928	-0.0279659909768	-0.0119769261122	0.00221645131688	0.00826782607154	-0.0364880215238	0.0451395833072	0.0294016597569	-0.0565248641145	1.0	0.00895099171151	-0.040296560938	-0.00682916383657	-0.0269701377325	0.0266293427542	0.0422985070965	0.027366813211	-0.0663282989063	-0.0433744581753	0.0698749621604	-0.016109134149	-0.00928798030773	0.0181569682512	0.0171921105477	-0.0842029857863	-0.0311669879646	0.0646870762233	0.0430300165221	-0.0445848583605	-0.0184700124502	0.01320827124	-0.018994088691	-0.038885331834	0.00520369193892	-0.0144556799706	-0.00506994599054	0.0140950753862	0.0436640954322	0.0333946524636	-0.00883365696752	-0.0243688461567	-0.0334644751871	-0.0388123635545
k__Bacteria;p__Firmicutes;c__Clostridia;o__Clostridiales;f__Lachnospiraceae;g__Roseburia;s__Roseburia_intestinalis	-0.00590453324699	-0.0238953848634	-0.0106952266261	0.00174093565959	0.00273714470365	-0.0570490984792	-0.0354507651291	-0.0463970545656	-0.0860196802252	-0.00195581473039	0.0285777498329	-0.0125369390957	0.00442839062112	-0.0129085819395	0.0283332435233	0.0243037056332	0.0245808629581	-0.0232127799865	0.0148071865761	-0.0784032921233	-0.0678968513845	0.0281274377649	-0.0214457730283	-0.00716954018229	-0.00527296861702	0.00895099171151	1.0	-0.0283034003841	-0.0351401516094	0.00815081602615	0.00913172384881	0.0144757275333	0.00205999327765	0.0499474315602	0.0266386255879	-0.000935855617954	-0.0203217908834	-0.0807330037929	0.0446662433274	-0.0201331268751	-0.0071654248357	-0.0195665099113	0.024104539853	-0.0101282630116	0.00913156655699	-0.060391114276	0.0208502351689	0.0401052141406	-0.0488299245491	-0.00573871976849	0.0225143339726	-0.0278596701943	-0.0432916018276	-0.0310664982931	-0.0130708789495	-0.0557767969685	-0.0146899115886	0.0557461061034	-0.0207757987068
k__Bacteria;p__Firmicutes;c__Clostridia;o__Clostridiales;f__Lachnospiraceae;g__Roseburia;s__Roseburia_hominis	0.000168320050724	0.017524726847	-0.0146211047883	-0.0158738434253	-0.0111193813483	-0.0245111021917	-0.0446056417622	0.0196104080585	-0.062165888634	-0.0264700720361	-0.0395905900972	-0.00247464457317	0.00210381898841	-0.0140213241206	-0.02184155866	-0.00511156529188	-0.0645709361863	-0.0450018920759	0.0244049132294	0.00588830688214	0.0248434155801	0.00313368095022	0.00862706535656	0.0424916704485	-0.0237689486036	-0.040296560938	-0.0283034003841	1.0	0.0095805655832	0.00936527743625	-0.0745772393426	0.0401154251518	-0.0255558548123	-0.0224714265906	0.023327483791	-0.0249979704142	-0.0578139440857	-0.0261387332138	0.0261827007457	0.0156333064221	0.0309587384617	0.00141130274398	0.0174765594007	0.0242832347449	0.0230021456999	-0.0456507717968	-0.0339011635916	0.037813040156	0.00414419883509	0.0136075378458	-0.0129372517005	-0.0495442995721	-0.0307291147591	-0.0271804803203	0.0573480368675	0.013402257987	0.0538045112052	-0.0694973271696	-0.021422402634
k__Bacteria;p__Bacteroidetes;c__Bacteroidia;o__Bacteroidales;f__Porphyromonadaceae;g__Parabacteroides;s__Parabacteroides_johnsonii	-0.011796920179	0.0173941808739	-0.0212469075994	-0.0505385284836	-0.0764672344511	0.0492615430801	0.00105758626458	-0.0323297583839	-0.00578501864651	-0.00325793952069	-0.0249825074783	0.0131149392314	-0.0451037711946	-0.0149341676872	-0.00393722669401	-0.00645279672459	-0.0260678020662	-0.00710443068343	0.0420047592449	-0.00625698993552	0.0240117612	0.0102973684317	-0.0488366110351	0.0333524641474	-0.0333035794968	-0.00682916383657	-0.0351401516094	0.0095805655832	1.0	-0.0442155510616	0.00820544060234	-0.0250069255324	-0.00755546705784	-0.032551150737	0.0083091775985	-0.00947935328815	0.0341586627765	-0.0158044571653	-0.0321626734565	0.0323949088027	0.0105914887737	0.0429998541677	-0.00685278149737	0.0793849471265	-0.0224423572326	0.031209940624	0.0441096366725	-0.00284300596509	0.0135995380716	-0.0270236170392	-0.0291337721006	-0.025679402657	-0.0143929641472	-0.00521799125211	0.00131654466025	0.010704702314	-0.0900365392812	-0.0562950241842	-0.0325512916344
k__Bacteria;p__Actinobacteria;c__Actinobacteria;o__Bifidobacteriales;f__Bifidobacteriaceae;g__Bifidobacterium;s__Bifidobacterium_longum	-0.0493867488829	0.00491812759596	0.0430936798729	-0.0261028245434	-0.0327103043694	-0.0660130809238	0.00254748210205	0.0518812350539	-0.0226867922594	-0.0251792526584	-0.0457646655377	-0.0506744467087	-0.0109812269557	-0.039279117513	-0.0244441606005	-0.0512714367211	0.0356119265739	0.00738234006812	0.0811369883595	-0.0771230575421	0.0278498261228	-0.0379598745458	0.0450336550976	0.0202077393476	0.019887722717	-0.0269701377325	0.00815081602615	0.00936527743625	-0.0442155510616	1.0	-0.0380234460836	-0.00737863863449	0.0336818056353	-0.0253615165778	-0.0168102248986	-0.0159194680842	-0.066500186881	0.0475616448569	-0.0643302219008	-0.0160616182098	-0.0406898467155	0.0458526802962	-0.0271894765835	-0.0521471653334	-0.0175092688715	0.0538982003899	-0.0619362080674	0.0421247886884	-0.0306177068289	-0.00165696668397	0.00844175876257	-0.0705235733767	0.00901951116389	-0.0561078393469	0.0155145171438	-0.0189017845473	-0.0521080691939	-0.0498971273005	-0.0223108605266
