#taxonomy	k__Bacteria;p__Bacteroidetes;c__Bacteroidia;o__Bacteroidales;f__Bacteroidaceae;g__Bacteroides;s__Bacteroides_vulgatus	k__Bacteria;p__Bacteroidetes;c__Bacteroidia;o__Bacteroidales;f__Bacteroidaceae;g__Bacteroides;s__Bacteroides_uniformis	k__Bacteria;p__Bacteroidetes;c__Bacteroidia;o__Bacteroidales;f__Rikenellaceae;g__Alistipes;s__Alistipes_putredinis	k__Bacteria;p__Bacteroidetes;c__Bacteroidia;o__Bacteroidales;f__Prevotellaceae;g__Prevotella;s__Prevotella_copri	k__Bacteria;p__Bacteroidetes;c__Bacteroidia;o__Bacteroidales;f__Bacteroidaceae;g__Bacteroides;s__Bacteroides_stercoris	k__Bacteria;p__Bacteroidetes;c__Bacteroidia;o__Bacteroidales;f__Bacteroidaceae;g__Bacteroides;s__Bacteroides_ovatus	k__Bacteria;p__Bacteroidetes;c__Bacteroidia;o__Bacteroidales;f__Rikenellaceae;g__Alistipes;s__Alistipes_shahii	k__Bacteria;p__Firmicutes;c__Clostridia;o__Clostridiales;f__Ruminococcaceae;g__Faecalibacterium;s__Faecalibacterium_prausnitzii	k__Bacteria;p__Bacteroidetes;c__Bacteroidia;o__Bacteroidales;f__Rikenellaceae;g__Alistipes;s__Alistipes_finegoldii	k__Bacteria;p__Bacteroidetes;c__Bacteroidia;o__Bacteroidales;f__Porphyromonadaceae;g__Parabacteroides;s__Parabacteroides_distasonis	k__Bacteria;p__Bacteroidetes;c__Bacteroidia;o__Bacteroidales;f__Bacteroidaceae;g__Bacteroides;s__Bacteroides_thetaiotaomicron	k__Bacteria;p__Bacteroidetes;c__Bacteroidia;o__Bacteroidales;f__Bacteroidaceae;g__Bacteroides;s__Bacteroides_coprocola	k__Bacteria;p__Bacteroidetes;c__Bacteroidia;o__Bacteroidales;f__Bacteroidaceae;g__Bacteroides;s__Bacteroides_cellulosilyticus	k__Bacteria;p__Bacteroidetes;c__Bacteroidia;o__Bacteroidales;f__Rikenellaceae;g__Alistipes;s__Alistipes_obesi	k__Bacteria;p__Firmicutes;c__Clostridia;o__Clostridiales;f__Lachnospiraceae;g__;s__[Eubacterium]_rectale	k__Bacteria;p__Bacteroidetes;c__Bacteroidia;o__Bacteroidales;f__Bacteroidaceae;g__Bacteroides;s__Bacteroides_plebeius	k__Bacteria;p__Bacteroidetes;c__Bacteroidia;o__Bacteroidales;f__Bacteroidaceae;g__Bacteroides;s__Bacteroides_fragilis	k__Bacteria;p__Proteobacteria;c__Betaproteobacteria;o__Burkholderiales;f__Sutterellaceae;g__Sutterella;s__Sutterella_wadsworthensis	k__Bacteria;p__Bacteroidetes;c__Bacteroidia;o__Bacteroidales;f__Porphyromonadaceae;g__Barnesiella;s__Barnesiella_intestinihominis	k__Bacteria;p__Bacteroidetes;c__Bacteroidia;o__Bacteroidales;f__Odoribacteraceae;g__Odoribacter;s__Odoribacter_splanchnicus	k__Bacteria;p__Bacteroidetes;c__Bacteroidia;o__Bacteroidales;f__Bacteroidaceae;g__Bacteroides;s__Bacteroides_salyersiae	k__Bacteria;p__Firmicutes;c__Clostridia;o__Clostridiales;f__Ruminococcaceae;g__Ruminiclostridium;s__[Eubacterium]_siraeum	k__Bacteria;p__Proteobacteria;c__Betaproteobacteria;o__Burkholderiales;f__Sutterellaceae;g__Parasutterella;s__Parasutterella_excrementihominis	k__Bacteria;p__Actinobacteria;c__Actinobacteria;o__Bifidobacteriales;f__Bifidobacteriaceae;g__Bifidobacterium;s__Bifidobacterium_adolescentis	k__Bacteria;p__Firmicutes;c__Clostridia;o__Clostridiales;f__Oscillospiraceae;g__Oscillibacter;s__Oscillibacter_sp._KLE_1745	k__Bacteria;p__Bacteroidetes;c__Bacteroidia;o__Bacteroidales;f__Bacteroidaceae;g__Bacteroides;s__Bacteroides_coprophilus	k__Bacteria;p__Firmicutes;c__Clostridia;o__Clostridiales;f__Lachnospiraceae;g__Roseburia;s__Roseburia_intestinalis	k__Bacteria;p__Firmicutes;c__Clostridia;o__Clostridiales;f__Lachnospiraceae;g__Roseburia;s__Roseburia_hominis	k__Bacteria;p__Bacteroidetes;c__Bacteroidia;o__Bacteroidales;f__Porphyromonadaceae;g__Parabacteroides;s__Parabacteroides_johnsonii	k__Bacteria;p__Actinobacteria;c__Actinobacteria;o__Bifidobacteriales;f__Bifidobacteriaceae;g__Bifidobacterium;s__Bifidobacterium_longum	k__Bacteria;p__Firmicutes;c__Clostridia;o__Clostridiales;f__;g__Flavonifractor;s__Flavonifractor_plautii	k__Bacteria;p__Firmicutes;c__Clostridia;o__Clostridiales;f__Clostridiaceae;g__Clostridium;s__Clostridium_phoceensis	k__Bacteria;p__Verrucomicrobia;c__Verrucomicrobiae;o__Verrucomicrobiales;f__Akkermansiaceae;g__Akkermansia;s__Akkermansia_muciniphila	k__Bacteria;p__Bacteroidetes;c__Bacteroidia;o__Bacteroidales;f__Prevotellaceae;g__Paraprevotella;s__Paraprevotella_xylaniphila	k__Bacteria;p__Firmicutes;c__Clostridia;o__Clostridiales;f__Ruminococcaceae;g__Ruminococcus;s__Ruminococcus_callidus	k__Bacteria;p__Bacteroidetes;c__Bacteroidia;o__Bacteroidales;f__Rikenellaceae;g__Alistipes;s__Alistipes_senegalensis	k__Bacteria;p__Firmicutes;c__Clostridia;o__Clostridiales;f__Lachnospiraceae;g__Blautia;s__Blautia_sp._KLE_1732	k__Bacteria;p__Bacteroidetes;c__Bacteroidia;o__Bacteroidales;f__Bacteroidaceae;g__Bacteroides;s__Bacteroides_oleiciplenus	k__Bacteria;p__Firmicutes;c__Clostridia;o__Clostridiales;f__Ruminococcaceae;g__Ruminococcus;s__Ruminococcus_bicirculans	k__Bacteria;p__Bacteroidetes;c__Bacteroidia;o__Bacteroidales;f__Bacteroidaceae;g__Bacteroides;s__Bacteroides_fluxus	k__Bacteria;p__Bacteroidetes;c__Bacteroidia;o__Bacteroidales;f__Prevotellaceae;g__Prevotella;s__Prevotella_stercorea	k__Bacteria;p__Firmicutes;c__Clostridia;o__Clostridiales;f__Lachnospiraceae;g__Dorea;s__Dorea_longicatena	k__Bacteria;p__Firmicutes;c__Clostridia;o__Clostridiales;f__Eubacteriaceae;g__Eubacterium;s__[Eubacterium]_eligens	k__Bacteria;p__Firmicutes;c__Clostridia;o__Clostridiales;f__Ruminococcaceae;g__;s__Ruminococcaceae_bacterium_D16	k__Bacteria;p__Firmicutes;c__Clostridia;o__Clostridiales;f__Lachnospiraceae;g__Coprococcus;s__Coprococcus_comes	k__Bacteria;p__Proteobacteria;c__Gammaproteobacteria;o__Enterobacterales;f__Enterobacteriaceae;g__Escherichia;s__Escherichia_coli	k__Bacteria;p__Firmicutes;c__Clostridia;o__Clostridiales;f__Ruminococcaceae;g__Anaerotruncus;s__Anaerotruncus_colihominis	k__Bacteria;p__Firmicutes;c__Clostridia;o__Clostridiales;f__Lachnospiraceae;g__Blautia;s__Blautia_obeum	k__Bacteria;p__Bacteroidetes;c__Bacteroidia;o__Bacteroidales;f__Odoribacteraceae;g__Odoribacter;s__Odoribacter_laneus	k__Bacteria;p__Firmicutes;c__Clostridia;o__Clostridiales;f__Ruminococcaceae;g__Ruminiclostridium;s__[Clostridium]_leptum	k__Bacteria;p__Bacteroidetes;c__Bacteroidia;o__Bacteroidales;f__Porphyromonadaceae;g__Parabacteroides;s__Parabacteroides_goldsteinii	k__Bacteria;p__Firmicutes;c__Clostridia;o__Clostridiales;f__Lachnospiraceae;g__Anaerostipes;s__Anaerostipes_hadrus	k__Bacteria;p__Firmicutes;c__Clostridia;o__Clostridiales;f__Ruminococcaceae;g__Ruminococcus;s__Ruminococcus_lactaris	k__Bacteria;p__Firmicutes;c__Clostridia;o__Clostridiales;f__Clostridiaceae;g__Clostridium;s__Clostridium_sp._L2-50	k__Bacteria;p__Firmicutes;c__Clostridia;o__Clostridiales;f__Clostridiaceae;g__Clostridium;s__Clostridium_sp._M62/1	k__Bacteria;p__Firmicutes;c__Clostridia;o__Clostridiales;f__;g__Intestinimonas;s__Intestinimonas_butyriciproducens	k__Bacteria;p__Actinobacteria;c__Actinobacteria;o__Bifidobacteriales;f__Bifidobacteriaceae;g__Bifidobacterium;s__Bifidobacterium_bifidum	k__Bacteria;p__Firmicutes;c__Negativicutes;o__Veillonellales;f__Veillonellaceae;g__Dialister;s__Dialister_invisus	k__Bacteria;p__Bacteroidetes;c__Bacteroidia;o__Bacteroidales;f__Bacteroidaceae;g__Bacteroides;s__Bacteroides_salanitronis
k__Bacteria;p__Bacteroidetes;c__Bacteroidia;o__Bacteroidales;f__Bacteroidaceae;g__Bacteroides;s__Bacteroides_vulgatus	1.0	-0.0494052768254	0.0225221512855	0.039383876651	0.0501850877514	-0.0203985696905	-0.000952144978671	-0.0483261356603	0.0175293400799	-0.0515983531372	-0.0189212861448	-0.042054459139	0.0411564069572	-0.0188200484917	-0.0415033593739	0.0175021744279	0.0158569132194	-0.067962175417	-0.042351531858	0.039233399322	-0.0146349663812	-0.0945663793303	-0.0305908021534	-0.0103532478726	-0.044284410383	0.0758996256038	-0.0506564830457	0.0233740563533	0.0710534567807	0.0531596318383	-0.0677094630692	0.0100141498512	0.0767694010442	0.0164151450221	-0.00194178151699	0.0187833873802	-0.00928321763243	-0.0193603789475	-0.0351925715109	0.0163012777611	-0.00987570983814	-0.0295070908781	-0.0227346401625	-0.00101140985173	-0.00163632323607	0.0588505089169	-0.0550886972022	-0.0482544821909	-0.028367467359	-0.0254055286231	-0.0379998129391	0.0503264289368	-0.0803819361677	-0.0606750893362	0.00422544713513	0.0515902480645	0.0146891212382	0.016909730489	-0.0121579419981
k__Bacteria;p__Bacteroidetes;c__Bacteroidia;o__Bacteroidales;f__Bacteroidaceae;g__Bacteroides;s__Bacteroides_uniformis	-0.0494052768254	1.0	-0.00496501053465	-0.0625872513192	-0.0248460331249	0.0374707524381	-0.0433137866962	-0.0249989822886	0.0457839597095	0.0320156388897	0.0201785086884	-0.0168162992183	0.0424008175024	-0.0280645329401	-0.0482953832422	-0.00993462101942	-0.0191606988423	-0.0323506232298	-0.036879617068	-0.0335642528208	0.0224278553137	-0.00643342237848	-0.0278339281407	-0.0390851336938	0.00391419866904	-0.0104871786067	-0.00578073220054	-0.0494460306143	0.00792697623545	-0.0634374134339	0.0374132800829	0.0236440392087	-0.0072451349132	0.0111811134171	-0.0244075034091	0.00201956330847	-0.0370998423806	0.000229444887392	0.000114373261248	-0.079021862899	0.042195093917	0.0040965865058	0.0464988723331	-0.0232075985959	0.0363596305934	0.0184948881232	-0.0563672118298	-0.0076998615097	0.0326772607301	-0.0598961216518	-0.0205895815545	-0.00448600714407	-0.0165097469287	-0.0491023422969	0.00927357676545	-0.0662018108529	-0.0419415062732	-0.0258862082429	-0.0891122906112
k__Bacteria;p__Bacteroidetes;c__Bacteroidia;o__Bacteroidales;f__Rikenellaceae;g__Alistipes;s__Alistipes_putredinis	0.0225221512855	-0.00496501053465	1.0	0.0316560505127	0.0502461665269	0.0344203463638	0.0319233272118	0.0164059741438	-0.0157233945578	-0.0468735218544	0.0195607729161	-0.0519631274387	0.0350283461276	0.0267117700905	-0.0568973305022	0.0510747998511	0.00377150068882	0.0820752579483	0.00577114944562	0.0204008500467	-0.0741444070735	-0.027827440059	-0.0416259501553	0.0428208311204	0.00319141779634	0.0429880436532	-0.02354234482	0.00248446561263	-0.0833659397994	-0.0243459382841	-0.0417679350094	-0.0222451542093	-0.0336694356498	0.00706333971796	-0.0198789024492	-0.0129371195515	-0.0323828292231	-0.00537130027143	0.0156724921025	0.0170968746415	-0.04134459105	0.0238194803137	-0.0024660133527	-0.0131586245008	-0.051995318772	0.00374181122628	0.0057099500653	-0.0108085965318	-0.050151777066	0.0173527763908	0.00784534422715	0.0256637410325	0.0177631149008	-0.0469568865762	0.00623577113747	0.0388100486323	0.0607713247148	-0.0214946191479	-0.0616324160048
k__Bacteria;p__Bacteroidetes;c__Bacteroidia;o__Bacteroidales;f__Prevotellaceae;g__Prevotella;s__Prevotella_copri	0.039383876651	-0.0625872513192	0.0316560505127	1.0	-0.0214361423515	-0.0354863189096	-0.00307443729913	-0.0668895931836	0.071218495846	-0.00516319627509	-0.019457478388	-0.000259958795532	0.0058346505146	9.58119281936e-05	-0.0910335894895	0.0249806362336	-0.0120766288165	-0.0334023779824	0.0235481456679	0.0659805439524	-0.0301556944505	0.00952563541805	-0.00932754009876	-0.0218392589777	-0.0304916824429	0.0119313912898	-0.0204892246173	0.00144750990393	-0.0162216440642	-0.00509703487128	-0.0208361304701	-0.0336356129623	-0.0394903119011	-0.0356375951293	-0.00217020640572	-0.0174916633607	0.00317354883901	0.0215233210991	0.0437349214785	-0.0273703249917	-0.0342566927392	0.00955499236893	0.0542398721437	-0.0331701557406	-0.0375345692101	0.0388088181868	-0.0218662171488	-0.0116673870634	-0.00140120848051	-0.026119727867	0.0070746987186	0.0140922825691	-0.0120369723876	0.0221912774502	0.039830673172	-0.0417504000748	-0.0190895812467	0.0246493405936	-0.0218319085664
k__Bacteria;p__Bacteroidetes;c__Bacteroidia;o__Bacteroidales;f__Bacteroidaceae;g__Bacteroides;s__Bacteroides_stercoris	0.0501850877514	-0.0248460331249	0.0502461665269	-0.0214361423515	1.0	-0.0764353971899	-0.0663980375956	-0.00853071985938	-0.0426725646069	-0.0380224342251	0.00344507394292	-0.0145641715792	0.0214367548925	0.0218692034515	-0.00513375262356	-0.00382631993932	0.0714214879456	-0.00717989477544	0.016240981671	-0.0193344313665	0.0607578862023	-0.0330525894804	0.0118538800646	0.00108646231857	-0.017837943363	-0.0228576874585	-0.0471380507287	-0.00885002957095	-0.0132911301202	0.00272306077362	-0.0092042519633	0.0185119728741	-0.0224086794546	-0.0645009161216	-0.0234058243659	0.0492070347466	-0.0274296020434	-0.00695732340014	0.0245264406532	0.0206944127668	0.032385830863	-0.0872911567692	-0.0411637821617	-0.0378339225822	-0.0261747363906	0.000696064244882	0.0398436104951	-0.00556977703691	0.0272644157011	-0.0511123110672	0.0407084880289	-0.0181032885779	-0.0421519733993	0.0292066167062	0.0104814501963	-0.0380916754487	-0.069288715557	0.0376603281986	-0.0326816745116
k__Bacteria;p__Bacteroidetes;c__Bacteroidia;o__Bacteroidales;f__Bacteroidaceae;g__Bacteroides;s__Bacteroides_ovatus	-0.0203985696905	0.0374707524381	0.0344203463638	-0.0354863189096	-0.0764353971899	1.0	0.0187939899812	0.00367847703752	0.0103384253162	0.0449620964951	-0.0205288984486	-0.0101718745171	0.10028100825	0.0158454603502	-0.0775889977934	-0.00292578045035	-0.00455082967944	-0.0303030335488	-0.0263754739336	0.00350687959021	-0.0646440029451	-0.0105388562951	0.0245274645388	0.0115668162948	-0.0306408582406	-0.0127227233747	-0.0426416796014	-0.0535205297653	-0.020135202331	-0.0575831733723	-0.00655875459784	0.00534354212751	0.00496862338801	0.0222347584086	-0.0177860938857	-0.0171242676591	-0.0128738183109	0.0555102698241	0.00751700057969	-0.0120516610758	0.0174205257458	0.00383241087096	-0.0139075139809	-0.0317632685376	0.0155735589026	-0.0126562597539	-0.0159612736954	-0.0340995620167	-0.0149600107392	0.008447950406	0.0273399977595	0.0329002521122	0.0067000320971	-0.0166235551422	0.0198424754128	-0.0463918807109	0.0776655694959	-0.0110721695601	-0.0124686329411
k__Bacteria;p__Bacteroidetes;c__Bacteroidia;o__Bacteroidales;f__Rikenellaceae;g__Alistipes;s__Alistipes_shahii	-0.000952144978671	-0.0433137866962	0.0319233272118	-0.00307443729913	-0.0663980375956	0.0187939899812	1.0	0.0742187338461	-0.0594415238569	0.028220597435	0.0230570787981	0.0415915915589	-0.0383999218259	0.0290244929066	-0.0706360906389	-0.0244408579934	0.0054760936877	-0.0782731054223	-0.030546879343	-0.0228857968189	-0.0700624620953	0.000766239118019	-0.0155130774769	-0.00285130797614	-0.0271602823782	-0.0493892424804	-0.062787337888	-0.00361665031052	-0.0385649344379	-0.00459829378168	-0.0446019150292	-0.01040694723	-0.0368009448438	0.0189865076758	-0.0365425168308	-0.0198038800436	0.0239765966095	-0.0828246841281	0.0461312745871	0.0340296654237	-0.0399834285532	-0.0372546580117	-0.0336928233017	0.00858980024628	-0.0284148038591	-0.0110439245358	-0.0257042124258	0.0165262009892	0.05075351008	-0.016610608246	-0.0682269179775	0.0453375605746	-0.0221579201896	0.0115792464159	-0.0084017313345	-0.0128653457645	0.0101277358247	0.0492616922313	-0.0167142333397
k__Bacteria;p__Firmicutes;c__Clostridia;o__Clostridiales;f__Ruminococcaceae;g__Faecalibacterium;s__Faecalibacterium_prausnitzii	-0.0483261356603	-0.0249989822886	0.0164059741438	-0.0668895931836	-0.00853071985938	0.00367847703752	0.0742187338461	1.0	-0.0543450230175	-0.0472063444313	0.0718737903659	0.0884957631621	-0.00725215457141	-0.0613175728584	0.00995673478816	0.0239653195812	-0.00726109840755	0.0228899153919	-0.0192617295503	-0.0186432267186	-0.0312656343263	-0.0174555693133	-0.0327874934447	-0.0811907160742	-0.0109606185914	-0.031095930849	-0.00333797738962	0.0113178700385	0.0800518015676	0.000367657921014	-0.0354091563514	0.0126323396845	-0.02829589573	0.0313932665063	0.0643634309057	0.0113099344201	-0.0266886699812	0.0278675957019	-0.0141138963614	-0.00482354913742	-0.0479839406174	-0.0355093704149	-0.0299513472547	-0.0491953700726	0.0137619665572	-0.0402935561382	-0.042018636606	0.0168196598854	-0.0905723004251	-0.0185396296886	0.0286538334452	-0.0489417871199	0.0161726687347	-0.0916438661708	0.0513634857791	-0.0516833752423	-0.050714479379	-0.0487732590438	0.0415111731042
k__Bacteria;p__Bacteroidetes;c__Bacteroidia;o__Bacteroidales;f__Rikenellaceae;g__Alistipes;s__Alistipes_finegoldii	0.0175293400799	0.0457839597095	-0.0157233945578	0.071218495846	-0.0426725646069	0.0103384253162	-0.0594415238569	-0.0543450230175	1.0	0.0451370761771	0.0105530020852	-0.0292167855942	0.00994435766418	-0.077905569892	-0.0372151178971	-0.0133949043412	0.0103987836551	0.0119196546698	0.0277102944799	0.0328624618129	-0.00379348577699	-0.0350848347893	-0.0323842110834	-0.013288128738	-0.00922463403722	-0.0577250521171	0.0621957760218	-0.0069405362523	-0.0834998783684	0.00762972067811	-0.0305094051092	-0.0351499072501	0.054901900599	-0.0315878230516	0.00500758270753	-0.00564208529845	-0.0414612811058	0.0122503863671	0.0122761673131	-0.000607406358423	-0.0109653738095	0.00567822487715	-0.0186941155718	-0.00249404528802	0.0157466109374	-0.0188436985949	0.019188672529	-0.0125311635146	-0.0204874129298	0.00795218295223	-0.0226331378269	-0.0994261842494	0.0535658743077	-0.0182562977403	-0.016546048391	-0.0157167226057	0.0362093622032	0.0225906337054	0.0485572264203
k__Bacteria;p__Bacteroidetes;c__Bacteroidia;o__Bacteroidales;f__Porphyromonadaceae;g__Parabacteroides;s__Parabacteroides_distasonis	-0.0515983531372	0.0320156388897	-0.0468735218544	-0.00516319627509	-0.0380224342251	0.0449620964951	0.028220597435	-0.0472063444313	0.0451370761771	1.0	-0.0484704833196	0.00850290580476	-0.0589776573686	0.037119094012	-0.0221648601543	-0.0336499972509	-0.000166203771359	-0.0842743217258	-0.0120652489742	0.00790239747697	-0.0347141532019	0.0101847227277	0.00050496382407	-0.0325631143695	0.0146412030899	-0.0282174797171	0.0372618020268	0.00753241458767	-0.0069995966456	-0.0059703493974	-0.0463227723873	0.00387071163915	0.00878200845601	0.0770461517784	0.00284194599345	-0.000364211374436	-0.0432405912438	-0.0331442022605	0.0275532568402	-0.0701691871874	-0.030473604481	-0.0322734364217	0.0647288561098	-0.0193701724671	-0.00791511055686	-0.016705430846	0.00277039851704	-0.0334078236245	-0.00837614527206	-0.00200181054794	0.0404294419649	-0.0227736026138	0.0277906295706	-0.0320877277979	-0.0156170886725	-0.0106369491834	0.0483410599566	-0.0208510024392	-0.000531852124638
k__Bacteria;p__Bacteroidetes;c__Bacteroidia;o__Bacteroidales;f__Bacteroidaceae;g__Bacteroides;s__Bacteroides_thetaiotaomicron	-0.0189212861448	0.0201785086884	0.0195607729161	-0.019457478388	0.00344507394292	-0.0205288984486	0.0230570787981	0.0718737903659	0.0105530020852	-0.0484704833196	1.0	0.0205705215986	-0.0369139480703	-0.0104040675481	-0.0351692277456	0.000494787975842	-0.0666001806004	-0.0116364432604	0.0450576303964	-0.00178459158748	0.0273597092708	-0.0641240164572	-0.00751827605296	0.0638502470569	0.00804961499568	0.0365978713157	-0.045740347223	-0.0338610819277	-0.0741553750785	-0.00780642702166	0.00711516275932	0.0228565841339	-0.0197141520225	-0.00221953875999	0.00278690844647	-0.0506786492371	-0.0314772246871	-0.0302877905147	-0.0145680222539	-0.00466358508806	-0.00865553090729	0.012551555741	-0.015762117058	-0.0215356975415	0.023049503995	-0.0523566009659	0.0119889270579	0.039319670082	-0.00484269148208	-0.0282824530435	-0.00101675685146	-0.0750374876767	-0.080942229007	1.86281931417e-06	0.0203938913431	-0.0265585503975	0.0345532240246	-0.0244308327236	0.0602320771234
k__Bacteria;p__Bacteroidetes;c__Bacteroidia;o__Bacteroidales;f__Bacteroidaceae;g__Bacteroides;s__Bacteroides_coprocola	-0.042054459139	-0.0168162992183	-0.0519631274387	-0.000259958795532	-0.0145641715792	-0.0101718745171	0.0415915915589	0.0884957631621	-0.0292167855942	0.00850290580476	0.0205705215986	1.0	-0.00669903831136	0.0112354616821	-0.00614280798677	-0.0361437196152	-0.0167117480606	-0.0162823849077	-0.0238941132915	0.0274351455719	0.00443189371526	0.0164308552421	-0.0538927984279	0.0123967689756	0.0020159804525	-0.0299204746704	-0.0349099538594	-0.036799397682	-0.0164188239575	-0.0459136053004	-0.0651102929271	-0.0299058452372	-0.0544719621722	-0.00501886233738	0.0930363955617	-0.0283286743294	0.0278939034584	0.0244911495245	0.0278529876379	-0.0507688068712	0.0135068040947	-0.0546945338261	-0.0411863021165	-0.0325495343755	-0.0251633957066	-0.0537101056987	-0.0310952138945	-0.0317148003845	-0.0254439158691	-0.00304133534464	0.0582667884247	0.0121056396719	-0.0189191502234	-0.0787802897805	0.0173043313402	-0.00914621642003	-0.032851216869	-0.0180752195012	0.0607399667685
k__Bacteria;p__Bacteroidetes;c__Bacteroidia;o__Bacteroidales;f__Bacteroidaceae;g__Bacteroides;s__Bacteroides_cellulosilyticus	0.0411564069572	0.0424008175024	0.0350283461276	0.0058346505146	0.0214367548925	0.10028100825	-0.0383999218259	-0.00725215457141	0.00994435766418	-0.0589776573686	-0.0369139480703	-0.00669903831136	1.0	0.00280432070474	-0.0616526760422	-0.00700874612842	0.0395039230955	-0.0116222983073	-0.021065028943	0.0306949070328	-0.0134735372817	0.00804951290115	0.0109353136791	-0.0280431884583	-0.039615620798	0.0132959819728	-0.0138831355799	0.0104572648744	-0.041537192985	-0.036252794333	0.0134056819554	-0.0779902236592	0.0298172545515	-0.00351275462973	-0.0427273700326	0.0132551236172	0.0943514908524	0.0896240844266	-0.0409164523088	-0.0149814817111	0.0196861969747	-0.0418159916011	0.0241476535151	0.0129499781396	-0.0196523118861	-0.042574881743	-0.0380166418214	-0.0223826872526	-0.0282228394454	0.018171926499	0.042819518389	-0.0212729787221	0.0190569698454	-0.0185398038967	0.00860640694138	-0.0257436340704	-0.0379596973593	0.0533421533516	-0.0878062694434
k__Bacteria;p__Bacteroidetes;c__Bacteroidia;o__Bacteroidales;f__Rikenellaceae;g__Alistipes;s__Alistipes_obesi	-0.0188200484917	-0.0280645329401	0.0267117700905	9.58119281938e-05	0.0218692034515	0.0158454603502	0.0290244929066	-0.0613175728584	-0.077905569892	0.037119094012	-0.0104040675481	0.0112354616821	0.00280432070474	1.0	0.0557408535373	0.0422966903178	-0.0213169736119	-0.0296682259906	0.110618329753	-0.0359127229627	-0.023063128556	0.0349964289321	0.0222315800819	0.0415948344192	-0.0423399097686	-0.0102404342626	-0.0263839055692	0.0198220521109	0.00786364822027	0.019402328684	-0.0527120689555	-0.0614280450885	0.0497839178065	0.0361273579336	-0.0166434569013	-0.0527731540939	0.00654302973653	-0.0420975439224	0.0204574803177	0.0572517782266	0.0303282175745	-0.0480307817458	-0.0466956633475	-0.0363924720283	0.0450914953518	0.0188447706417	-0.0392511247924	0.0307187872958	0.0672121644717	0.0749260297205	-0.0199937829723	0.015551694185	-0.0698235429516	-0.00996797127218	-0.0613098003044	-0.0211994235656	-0.00691350082647	-0.06601024076	0.0293381300154
k__Bacteria;p__Firmicutes;c__Clostridia;o__Clostridiales;f__Lachnospiraceae;g__;s__[Eubacterium]_rectale	-0.0415033593739	-0.0482953832422	-0.0568973305022	-0.0910335894895	-0.00513375262356	-0.0775889977934	-0.0706360906389	0.00995673478816	-0.0372151178971	-0.0221648601543	-0.0351692277456	-0.00614280798677	-0.0616526760422	0.0557408535373	1.0	0.00982065864981	0.0070873811598	-0.00528254353197	-0.0914666794495	0.0403496900209	0.00367806414132	-0.0485186941017	0.0348445163056	0.00288271597317	0.0900799123188	0.0211022509256	-0.022544525422	0.0284793176096	-0.023393849393	0.00709397549335	-0.00616571608854	0.094299343159	0.0412537139672	0.0043857757106	0.00907515897499	-0.032432858533	-0.030383202481	-0.0958076267665	-0.00816735276091	-0.031328377414	0.010063104923	0.0460892514817	-0.0132294221558	0.0153541676841	0.00737070527637	-0.0409610692725	0.0302796819101	-0.0208335283998	-0.045773823171	0.0192456257292	-0.0301269329826	-0.0204683788023	0.00827075990831	-0.0108643916412	0.019453118134	0.0600768184527	-0.0376577112735	-0.0277948714256	0.0249072894333
k__Bacteria;p__Bacteroidetes;c__Bacteroidia;o__Bacteroidales;f__Bacteroidaceae;g__Bacteroides;s__Bacteroides_plebeius	0.0175021744279	-0.00993462101942	0.0510747998511	0.0249806362336	-0.00382631993932	-0.00292578045035	-0.0244408579934	0.0239653195812	-0.0133949043412	-0.0336499972509	0.000494787975842	-0.0361437196152	-0.00700874612842	0.0422966903178	0.00982065864981	1.0	-0.0375883055581	-0.00989726548186	-0.0898975191135	-0.101821920249	0.0150067438209	-0.0592061764379	0.045313762727	0.0336396313705	0.0269588573515	-0.0087565310646	-0.0613443630553	0.000294003089053	-0.0220485478723	-0.0268187371261	0.0483509274926	0.0129642054932	-0.0369770026074	0.0142561974172	0.0206104900147	-0.0117225563306	-0.0519163711063	-0.00817323765586	0.0323406928153	-0.0240491910297	-0.0573907085207	0.00825205784829	-0.013774087692	-0.0137495071469	0.0461430558693	-0.0318854634463	-0.0207994165248	-0.020443733971	-0.0426954909208	-0.0517002513376	-0.051289152281	0.0209306344112	0.0522346937586	-0.0136952261591	0.0478748650778	0.0045539067812	0.0411618573006	-0.0112393107131	-0.0232565995826
k__Bacteria;p__Bacteroidetes;c__Bacteroidia;o__Bacteroidales;f__Bacteroidaceae;g__Bacteroides;s__Bacteroides_fragilis	0.0158569132194	-0.0191606988423	0.00377150068882	-0.0120766288165	0.0714214879456	-0.00455082967944	0.0054760936877	-0.00726109840755	0.0103987836551	-0.000166203771359	-0.0666001806004	-0.0167117480606	0.0395039230955	-0.0213169736119	0.0070873811598	-0.0375883055581	1.0	-0.0716519551924	-0.0571230228255	-0.00736218048463	-0.0117759943157	-0.00717656022734	-0.0343527940043	-0.0734716072932	-0.0283712501033	-0.0340297253565	0.0281195787331	-0.0331429248296	-0.0547657520013	0.00772829395649	-0.0151664157873	0.0393955688853	0.0158627611484	0.0139345017643	0.0573155638002	0.0443789186998	0.0148240192592	6.68718082697e-05	-0.0258385137913	-0.0186620326724	0.0184187779284	0.0413979416956	-0.0474622315924	-0.0541105058327	0.043945106358	-0.0507360630962	0.0101717255486	-0.0238207401066	-0.0328416847943	-0.00657650353118	-0.0128440391557	-0.0367204258859	-0.0518575039854	-0.0255742117609	-0.0595299070592	0.0400998325225	0.0470055092257	-0.0998019898737	-0.0319708584245
k__Bacteria;p__Proteobacteria;c__Betaproteobacteria;o__Burkholderiales;f__Sutterellaceae;g__Sutterella;s__Sutterella_wadsworthensis	-0.067962175417	-0.0323506232298	0.0820752579483	-0.0334023779824	-0.00717989477544	-0.0303030335488	-0.0782731054223	0.0228899153919	0.0119196546698	-0.0842743217258	-0.0116364432604	-0.0162823849077	-0.0116222983073	-0.0296682259906	-0.00528254353197	-0.00989726548186	-0.0716519551924	1.0	0.00889990274089	-0.0947508187413	-0.00447489452117	0.0410735861761	0.00236973018902	0.00856328574907	0.0209280609954	0.0055068087148	0.00768931901299	0.0738316569317	-0.0213508482144	0.000104489415832	0.00245894339511	-0.0123691345795	0.0811768378632	0.00608104589466	0.0252824042869	0.000544419660266	-0.0397187639196	-0.0383486953765	0.0146244993274	-0.0452129568248	-0.0368136176089	-0.0265989907182	0.0036485332057	0.0486041129291	0.0075376753285	-0.0223652790059	0.0177316963587	-0.00811021318879	0.0199512978721	0.00836380281055	-0.00677401451628	-0.0982414429915	-0.0116862831923	0.0704635918911	-0.0428770339764	-0.0351472870722	0.0194588813086	0.00837596378638	0.0160778159352
k__Bacteria;p__Bacteroidetes;c__Bacteroidia;o__Bacteroidales;f__Porphyromonadaceae;g__Barnesiella;s__Barnesiella_intestinihominis	-0.042351531858	-0.036879617068	0.00577114944562	0.0235481456679	0.016240981671	-0.0263754739336	-0.030546879343	-0.0192617295503	0.0277102944799	-0.0120652489742	0.0450576303964	-0.0238941132915	-0.021065028943	0.110618329753	-0.0914666794495	-0.0898975191135	-0.0571230228255	0.00889990274089	1.0	-0.0160550715978	0.00105968122538	-0.0132735644096	-0.0896585784891	0.0326752596459	-0.0240695262052	-0.0627262029212	-0.0182967585576	-0.0246737781619	0.0224353671002	0.0326360774363	0.0237944083833	-0.0689843540519	-0.057642733286	-0.0432628142487	-0.057615546921	0.0120591259856	0.000457540125766	-0.0112000452503	0.00752387781162	-0.00294177084336	-0.0190289834392	-0.0403432435472	0.00950312278857	0.0297952551006	0.0280996169973	0.00768134336358	-0.0322136995769	-0.0308436437798	0.018630144188	0.0399976665129	-0.00660136365969	-0.011404520667	-0.0442187496469	0.0022815856487	-0.0995260167752	0.0201181483517	0.00370168238613	0.0160263930532	0.0889386541383
k__Bacteria;p__Bacteroidetes;c__Bacteroidia;o__Bacteroidales;f__Odoribacteraceae;g__Odoribacter;s__Odoribacter_splanchnicus	0.039233399322	-0.0335642528208	0.0204008500467	0.0659805439524	-0.0193344313665	0.00350687959021	-0.0228857968189	-0.0186432267186	0.0328624618129	0.00790239747697	-0.00178459158748	0.0274351455719	0.0306949070328	-0.0359127229627	0.0403496900209	-0.101821920249	-0.00736218048463	-0.0947508187413	-0.0160550715978	1.0	0.00793949476675	0.00294731994192	-0.0278743361981	0.027910694394	0.0105454458262	-0.00730494174383	-0.0983794648841	-0.0229915368891	0.000461987047829	0.0618300942076	-0.0149782140976	0.0493852299116	0.0404859803663	0.0365849576357	-0.0409627299297	-0.0212108423425	-0.0575805328719	-0.0710996042926	-0.0391213264205	-0.0326678235912	0.0152242118834	-0.0305500778363	-0.015763501174	0.0310483392521	0.016403750053	-0.0225930859804	-0.0870676006022	-0.0258266211392	0.0142913891102	-0.0125601777081	0.0599073570985	-0.0549820873899	-0.0327054821526	0.0405674028307	0.0377914086909	-0.0495596535357	-0.0179073626661	-0.0368524697153	-0.032648917814
k__Bacteria;p__Bacteroidetes;c__Bacteroidia;o__Bacteroidales;f__Bacteroidaceae;g__Bacteroides;s__Bacteroides_salyersiae	-0.0146349663812	0.0224278553137	-0.0741444070735	-0.0301556944505	0.0607578862023	-0.0646440029451	-0.0700624620953	-0.0312656343263	-0.00379348577699	-0.0347141532019	0.0273597092708	0.00443189371526	-0.0134735372817	-0.023063128556	0.00367806414132	0.0150067438209	-0.0117759943157	-0.00447489452117	0.00105968122538	0.00793949476675	1.0	0.0161891412866	-0.0490991087504	0.0146134601985	0.00524433948335	-0.0526659545193	-0.0263895654921	-0.0378466708672	-0.057717446858	-0.0145747323006	0.000991669240258	-0.061657914188	0.0110119733896	0.00490525146966	0.0138250866166	0.00259910418751	-0.0118381336105	0.0249429096353	-0.0506758189256	-0.0465234091658	0.0148872921163	-0.0593223473449	0.0444858143252	0.0476544581589	0.0028886491607	0.0434913116091	-0.0226363289711	-0.0402261063539	0.0191971767689	-0.0201125337676	0.0244363072261	-0.0502680525994	-0.00206292467296	-0.0826077365221	0.0366654866953	-0.0876184452738	0.0338044271929	-0.0650144799956	0.0277227080265
k__Bacteria;p__Firmicutes;c__Clostridia;o__Clostridiales;f__Ruminococcaceae;g__Ruminiclostridium;s__[Eubacterium]_siraeum	-0.0945663793303	-0.00643342237848	-0.027827440059	0.00952563541805	-0.0330525894804	-0.0105388562951	0.000766239118019	-0.0174555693133	-0.0350848347893	0.0101847227277	-0.0641240164572	0.0164308552421	0.00804951290115	0.0349964289321	-0.0485186941017	-0.0592061764379	-0.00717656022734	0.0410735861761	-0.0132735644096	0.00294731994192	0.0161891412866	1.0	-0.0127845430348	-0.0243077542899	0.00362409038053	-0.0168872433184	-0.0752555271402	0.0542574552757	0.0209735711422	-0.00793455063901	-0.00278008985718	-0.0560873807521	-0.0373102170621	0.0175862935625	0.0412787412859	-0.0301717965756	0.0547426086179	0.0311194117283	-0.0315253489599	0.0163247835934	-0.012234943153	0.0219934692494	-0.0483351376571	0.0434004630487	-0.0706592448246	0.0194269984571	-0.0401931590817	-0.0133691956355	0.028221245776	-0.0183079812967	-0.0222389698622	0.0718773673638	-0.0334421833944	0.0125692943351	0.00141231131082	0.00903849797247	-0.0195339098596	-0.0334592844147	0.0282420030283
k__Bacteria;p__Proteobacteria;c__Betaproteobacteria;o__Burkholderiales;f__Sutterellaceae;g__Parasutterella;s__Parasutterella_excrementihominis	-0.0305908021534	-0.0278339281407	-0.0416259501553	-0.00932754009876	0.0118538800646	0.0245274645388	-0.0155130774769	-0.0327874934447	-0.0323842110834	0.00050496382407	-0.00751827605296	-0.0538927984279	0.0109353136791	0.0222315800819	0.0348445163056	0.045313762727	-0.0343527940043	0.00236973018902	-0.0896585784891	-0.0278743361981	-0.0490991087504	-0.0127845430348	1.0	0.0156458220367	0.0195259242313	-0.0832695281888	-0.0509634947269	-0.00453934958716	-0.0303793009972	-0.0479452364566	0.0156795488775	-0.000562821184162	0.0169291900491	-0.0142733988495	-0.0713751541493	-0.0516690696187	-0.00240908415391	0.0340682169186	-0.0435487426839	0.0549245656988	-0.0152038948412	0.0621661211055	-0.0127423701307	0.0293455265683	0.0760551293321	0.0290984014777	-0.0244891984804	0.0380464197073	-0.0772205976263	-0.0554528481982	-0.0852459640078	-0.0195655290201	-0.0144916772593	-0.0148302339049	-0.126864075847	0.0560350314709	0.0238952740697	-0.00911648353346	0.021802338771
k__Bacteria;p__Actinobacteria;c__Actinobacteria;o__Bifidobacteriales;f__Bifidobacteriaceae;g__Bifidobacterium;s__Bifidobacterium_adolescentis	-0.0103532478726	-0.0390851336938	0.0428208311204	-0.0218392589777	0.00108646231857	0.0115668162948	-0.00285130797614	-0.0811907160742	-0.013288128738	-0.0325631143695	0.0638502470569	0.0123967689756	-0.0280431884583	0.0415948344192	0.00288271597317	0.0336396313705	-0.0734716072932	0.00856328574907	0.0326752596459	0.027910694394	0.0146134601985	-0.0243077542899	0.0156458220367	1.0	-0.00796506646428	-0.0174629706632	0.0181510252494	0.00908983954472	0.00428159598138	-0.0436891744651	-0.00772130311139	-0.00731020368243	-0.0544196606247	-0.0189478712024	-0.0626767784728	-0.0285074346426	-0.0129312595189	-0.0286102327135	-0.0168286820222	-0.0182961490128	-0.0317286918104	0.0145009583817	-0.0386914730599	0.0250714418554	-0.0165011421101	0.00111435583559	0.0215306495041	-0.0678318859249	-0.0233202284324	0.0313841197657	0.0109341183813	-0.11978977619	0.0467504466077	-0.0199456311322	0.0132237779547	0.0258557095446	0.00957080230613	-0.00273400235249	-0.0204436484551
k__Bacteria;p__Firmicutes;c__Clostridia;o__Clostridiales;f__Oscillospiraceae;g__Oscillibacter;s__Oscillibacter_sp._KLE_1745	-0.044284410383	0.00391419866904	0.00319141779634	-0.0304916824429	-0.017837943363	-0.0306408582406	-0.0271602823782	-0.0109606185914	-0.00922463403722	0.0146412030899	0.00804961499568	0.0020159804525	-0.039615620798	-0.0423399097686	0.0900799123188	0.0269588573515	-0.0283712501033	0.0209280609954	-0.0240695262052	0.0105454458262	0.00524433948335	0.00362409038053	0.0195259242313	-0.00796506646428	1.0	0.00792120900218	-0.040286950593	0.000935953113184	-0.0271716793036	0.0133560769554	-0.0504691709112	-0.00779765168648	-0.0199724808347	-0.0365405349915	-0.0316343271021	0.0406200223305	-0.00464529678468	-0.0630044319059	0.015015193231	-0.0157156993738	-0.015276697557	0.0606637597259	0.0150439820378	0.0188774970091	-0.0387604483074	0.00943393339074	-0.0260206276334	0.0102977421949	-0.0491801353184	0.0448997868446	-0.007684013739	0.0134895891247	-0.00209405143824	-0.00138222800412	-0.0596621370523	-0.0352215939845	-0.0303926724704	-0.0451261147597	-0.0291744673419
k__Bacteria;p__Bacteroidetes;c__Bacteroidia;o__Bacteroidales;f__Bacteroidaceae;g__Bacteroides;s__Bacteroides_coprophilus	0.0758996256038	-0.0104871786067	0.0429880436532	0.0119313912898	-0.0228576874585	-0.0127227233747	-0.0493892424804	-0.031095930849	-0.0577250521171	-0.0282174797171	0.0365978713157	-0.0299204746704	0.0132959819728	-0.0102404342626	0.0211022509256	-0.0087565310646	-0.0340297253565	0.0055068087148	-0.0627262029212	-0.00730494174383	-0.0526659545193	-0.0168872433184	-0.0832695281888	-0.0174629706632	0.00792120900218	1.0	-0.0219984711218	-0.0435241904829	-0.0354748257486	-0.00785627995046	0.0116676346041	0.00456509943405	0.000555048113998	0.0354719985106	0.0754845556943	-0.0213557235793	0.0049459169301	0.0241340594881	0.0339428447054	-0.0478140021538	-0.00895749819078	-0.0157365917237	-0.030966033052	-0.0342282114475	-0.00598420009556	0.0349962823772	-0.0278337546195	0.0322275506155	-0.0251230975947	-0.0589683304631	0.00825971761292	0.0530918418622	-0.0292617438877	-0.0115863920978	0.00930258576382	0.0182481243598	0.00778823251829	-0.0229460896665	-0.0162053824892
k__Bacteria;p__Firmicutes;c__Clostridia;o__Clostridiales;f__Lachnospiraceae;g__Roseburia;s__Roseburia_intestinalis	-0.0506564830457	-0.00578073220054	-0.02354234482	-0.0204892246173	-0.0471380507287	-0.0426416796014	-0.062787337888	-0.00333797738962	0.0621957760218	0.0372618020268	-0.045740347223	-0.0349099538594	-0.0138831355799	-0.0263839055692	-0.022544525422	-0.0613443630553	0.0281195787331	0.00768931901299	-0.0182967585576	-0.0983794648841	-0.0263895654921	-0.0752555271402	-0.0509634947269	0.0181510252494	-0.040286950593	-0.0219984711218	1.0	-0.0370194266433	0.0720642562866	-0.0538270299673	-0.0330395145473	0.0269160707686	-0.0317781645581	-0.0252542000589	-0.0321818627575	-0.0498366065068	-0.0204607958294	0.00330190280293	0.0193386942356	-0.0310367550826	0.0365202161665	-0.0333329114635	0.00911413803623	-0.00325934276554	0.0106139015663	0.0078497175339	0.0229352390991	-0.00832547778574	0.11076778912	0.0186956255919	-0.0172824100448	0.0151845900886	0.0111231066758	-0.0142468681734	0.0141015810648	0.012164309623	-0.0722660747387	-0.0279635873939	0.0715219791665
k__Bacteria;p__Firmicutes;c__Clostridia;o__Clostridiales;f__Lachnospiraceae;g__Roseburia;s__Roseburia_hominis	0.0233740563533	-0.0494460306143	0.00248446561263	0.00144750990393	-0.00885002957095	-0.0535205297653	-0.00361665031052	0.0113178700385	-0.0069405362523	0.00753241458767	-0.0338610819277	-0.036799397682	0.0104572648744	0.0198220521109	0.0284793176096	0.000294003089053	-0.0331429248296	0.0738316569317	-0.0246737781619	-0.0229915368891	-0.0378466708672	0.0542574552757	-0.00453934958716	0.00908983954472	0.000935953113184	-0.0435241904829	-0.0370194266433	1.0	-0.0765695865297	-0.0508195474249	-0.0300498822481	-0.0125358365864	0.074430627768	0.017250946938	0.0309670831201	0.00883679348022	-0.0085468163987	-0.0396063458427	0.0116104877429	-0.00577663703793	0.0358993202852	-0.0594706431111	0.0148743770008	0.0271566835624	-0.0222507992885	-0.0597171709545	-0.00587527764523	0.0673841428373	-0.022281498203	0.0183801368956	-0.047725293741	-0.0757862829489	-0.0368388291489	0.0133074696269	-0.0582657263103	-0.0398033526899	0.0355038397214	-0.0496125886077	0.0342841199724
k__Bacteria;p__Bacteroidetes;c__Bacteroidia;o__Bacteroidales;f__Porphyromonadaceae;g__Parabacteroides;s__Parabacteroides_johnsonii	0.0710534567807	0.00792697623545	-0.0833659397994	-0.0162216440642	-0.0132911301202	-0.020135202331	-0.0385649344379	0.0800518015676	-0.0834998783684	-0.0069995966456	-0.0741553750785	-0.0164188239575	-0.041537192985	0.00786364822027	-0.023393849393	-0.0220485478723	-0.0547657520013	-0.0213508482144	0.0224353671002	0.000461987047829	-0.057717446858	0.0209735711422	-0.0303793009972	0.00428159598138	-0.0271716793036	-0.0354748257486	0.0720642562866	-0.0765695865297	1.0	-0.00398661415957	0.037505377405	-0.00444574609037	-0.0607568680015	0.022567324713	-0.0259499562617	0.00752698704441	-0.0516233058681	0.0404468648772	0.0449884006148	0.0474236475593	0.0031073005707	-0.0166031072192	0.00481652084978	-0.0617537204366	0.00987395592923	-0.0461110573381	0.002121731463	0.00871172135905	0.0313954903384	0.000711783436097	-0.0337979186654	0.0362728307654	-0.00452927481001	-0.0259984171409	0.0142573837919	-0.00937803352808	0.0464011279079	0.0337470955506	0.002477059541
k__Bacteria;p__Actinobacteria;c__Actinobacteria;o__Bifidobacteriales;f__Bifidobacteriaceae;g__Bifidobacterium;s__Bifidobacterium_longum	0.0531596318383	-0.0634374134339	-0.0243459382841	-0.00509703487128	0.00272306077362	-0.0575831733723	-0.00459829378168	0.000367657921014	0.00762972067811	-0.0059703493974	-0.00780642702166	-0.0459136053004	-0.036252794333	0.019402328684	0.00709397549335	-0.0268187371261	0.00772829395649	0.000104489415832	0.0326360774363	0.0618300942076	-0.0145747323006	-0.00793455063901	-0.0479452364566	-0.0436891744651	0.0133560769554	-0.00785627995046	-0.0538270299673	-0.0508195474249	-0.00398661415957	1.0	0.027191324538	-0.0825412617967	-0.0518670792722	0.00983352684706	-0.0231980874586	-0.043749801881	-0.00778873565489	0.000649028055639	0.0133669494663	-0.0482831582879	-0.00871499813497	0.0615646940556	0.00974371314674	-0.0383535750636	-0.0396446126062	-0.0636507120697	0.0259165909482	0.00511174273671	0.0153052804198	-0.0558851137972	-0.0379861658653	0.0540853210498	-0.0801651652573	0.00427228881271	-0.0546348763485	0.0374394351027	-0.0528780661204	-0.0158989483544	0.0396308262647
