#taxonomy	k__Bacteria;p__Bacteroidetes;c__Bacteroidia;o__Bacteroidales;f__Bacteroidaceae;g__Bacteroides;s__Bacteroides_vulgatus	k__Bacteria;p__Bacteroidetes;c__Bacteroidia;o__Bacteroidales;f__Bacteroidaceae;g__Bacteroides;s__Bacteroides_uniformis	k__Bacteria;p__Bacteroidetes;c__Bacteroidia;o__Bacteroidales;f__Rikenellaceae;g__Alistipes;s__Alistipes_putredinis	k__Bacteria;p__Bacteroidetes;c__Bacteroidia;o__Bacteroidales;f__Prevotellaceae;g__Prevotella;s__Prevotella_copri	k__Bacteria;p__Bacteroidetes;c__Bacteroidia;o__Bacteroidales;f__Bacteroidaceae;g__Bacteroides;s__Bacteroides_stercoris	k__Bacteria;p__Bacteroidetes;c__Bacteroidia;o__Bacteroidales;f__Bacteroidaceae;g__Bacteroides;s__Bacteroides_ovatus	k__Bacteria;p__Bacteroidetes;c__Bacteroidia;o__Bacteroidales;f__Rikenellaceae;g__Alistipes;s__Alistipes_shahii	k__Bacteria;p__Firmicutes;c__Clostridia;o__Clostridiales;f__Ruminococcaceae;g__Faecalibacterium;s__Faecalibacterium_prausnitzii	k__Bacteria;p__Bacteroidetes;c__Bacteroidia;o__Bacteroidales;f__Rikenellaceae;g__Alistipes;s__Alistipes_finegoldii	k__Bacteria;p__Bacteroidetes;c__Bacteroidia;o__Bacteroidales;f__Porphyromonadaceae;g__Parabacteroides;s__Parabacteroides_distasonis	k__Bacteria;p__Bacteroidetes;c__Bacteroidia;o__Bacteroidales;f__Bacteroidaceae;g__Bacteroides;s__Bacteroides_thetaiotaomicron	k__Bacteria;p__Bacteroidetes;c__Bacteroidia;o__Bacteroidales;f__Bacteroidaceae;g__Bacteroides;s__Bacteroides_coprocola	k__Bacteria;p__Bacteroidetes;c__Bacteroidia;o__Bacteroidales;f__Bacteroidaceae;g__Bacteroides;s__Bacteroides_cellulosilyticus	k__Bacteria;p__Bacteroidetes;c__Bacteroidia;o__Bacteroidales;f__Rikenellaceae;g__Alistipes;s__Alistipes_obesi	k__Bacteria;p__Firmicutes;c__Clostridia;o__Clostridiales;f__Lachnospiraceae;g__;s__[Eubacterium]_rectale	k__Bacteria;p__Bacteroidetes;c__Bacteroidia;o__Bacteroidales;f__Bacteroidaceae;g__Bacteroides;s__Bacteroides_plebeius	k__Bacteria;p__Bacteroidetes;c__Bacteroidia;o__Bacteroidales;f__Bacteroidaceae;g__Bacteroides;s__Bacteroides_fragilis	k__Bacteria;p__Proteobacteria;c__Betaproteobacteria;o__Burkholderiales;f__Sutterellaceae;g__Sutterella;s__Sutterella_wadsworthensis	k__Bacteria;p__Bacteroidetes;c__Bacteroidia;o__Bacteroidales;f__Porphyromonadaceae;g__Barnesiella;s__Barnesiella_intestinihominis	k__Bacteria;p__Bacteroidetes;c__Bacteroidia;o__Bacteroidales;f__Odoribacteraceae;g__Odoribacter;s__Odoribacter_splanchnicus	k__Bacteria;p__Bacteroidetes;c__Bacteroidia;o__Bacteroidales;f__Bacteroidaceae;g__Bacteroides;s__Bacteroides_salyersiae	k__Bacteria;p__Firmicutes;c__Clostridia;o__Clostridiales;f__Ruminococcaceae;g__Ruminiclostridium;s__[Eubacterium]_siraeum	k__Bacteria;p__Proteobacteria;c__Betaproteobacteria;o__Burkholderiales;f__Sutterellaceae;g__Parasutterella;s__Parasutterella_excrementihominis	k__Bacteria;p__Actinobacteria;c__Actinobacteria;o__Bifidobacteriales;f__Bifidobacteriaceae;g__Bifidobacterium;s__Bifidobacterium_adolescentis	k__Bacteria;p__Firmicutes;c__Clostridia;o__Clostridiales;f__Oscillospiraceae;g__Oscillibacter;s__Oscillibacter_sp._KLE_1745	k__Bacteria;p__Bacteroidetes;c__Bacteroidia;o__Bacteroidales;f__Bacteroidaceae;g__Bacteroides;s__Bacteroides_coprophilus	k__Bacteria;p__Firmicutes;c__Clostridia;o__Clostridiales;f__Lachnospiraceae;g__Roseburia;s__Roseburia_intestinalis	k__Bacteria;p__Firmicutes;c__Clostridia;o__Clostridiales;f__Lachnospiraceae;g__Roseburia;s__Roseburia_hominis	k__Bacteria;p__Bacteroidetes;c__Bacteroidia;o__Bacteroidales;f__Porphyromonadaceae;g__Parabacteroides;s__Parabacteroides_johnsonii	k__Bacteria;p__Actinobacteria;c__Actinobacteria;o__Bifidobacteriales;f__Bifidobacteriaceae;g__Bifidobacterium;s__Bifidobacterium_longum	k__Bacteria;p__Firmicutes;c__Clostridia;o__Clostridiales;f__;g__Flavonifractor;s__Flavonifractor_plautii	k__Bacteria;p__Firmicutes;c__Clostridia;o__Clostridiales;f__Clostridiaceae;g__Clostridium;s__Clostridium_phoceensis	k__Bacteria;p__Verrucomicrobia;c__Verrucomicrobiae;o__Verrucomicrobiales;f__Akkermansiaceae;g__Akkermansia;s__Akkermansia_muciniphila	k__Bacteria;p__Bacteroidetes;c__Bacteroidia;o__Bacteroidales;f__Prevotellaceae;g__Paraprevotella;s__Paraprevotella_xylaniphila	k__Bacteria;p__Firmicutes;c__Clostridia;o__Clostridiales;f__Ruminococcaceae;g__Ruminococcus;s__Ruminococcus_callidus	k__Bacteria;p__Bacteroidetes;c__Bacteroidia;o__Bacteroidales;f__Rikenellaceae;g__Alistipes;s__Alistipes_senegalensis	k__Bacteria;p__Firmicutes;c__Clostridia;o__Clostridiales;f__Lachnospiraceae;g__Blautia;s__Blautia_sp._KLE_1732	k__Bacteria;p__Bacteroidetes;c__Bacteroidia;o__Bacteroidales;f__Bacteroidaceae;g__Bacteroides;s__Bacteroides_oleiciplenus	k__Bacteria;p__Firmicutes;c__Clostridia;o__Clostridiales;f__Ruminococcaceae;g__Ruminococcus;s__Ruminococcus_bicirculans	k__Bacteria;p__Bacteroidetes;c__Bacteroidia;o__Bacteroidales;f__Bacteroidaceae;g__Bacteroides;s__Bacteroides_fluxus	k__Bacteria;p__Bacteroidetes;c__Bacteroidia;o__Bacteroidales;f__Prevotellaceae;g__Prevotella;s__Prevotella_stercorea	k__Bacteria;p__Firmicutes;c__Clostridia;o__Clostridiales;f__Lachnospiraceae;g__Dorea;s__Dorea_longicatena	k__Bacteria;p__Firmicutes;c__Clostridia;o__Clostridiales;f__Eubacteriaceae;g__Eubacterium;s__[Eubacterium]_eligens	k__Bacteria;p__Firmicutes;c__Clostridia;o__Clostridiales;f__Ruminococcaceae;g__;s__Ruminococcaceae_bacterium_D16	k__Bacteria;p__Firmicutes;c__Clostridia;o__Clostridiales;f__Lachnospiraceae;g__Coprococcus;s__Coprococcus_comes	k__Bacteria;p__Proteobacteria;c__Gammaproteobacteria;o__Enterobacterales;f__Enterobacteriaceae;g__Escherichia;s__Escherichia_coli	k__Bacteria;p__Firmicutes;c__Clostridia;o__Clostridiales;f__Ruminococcaceae;g__Anaerotruncus;s__Anaerotruncus_colihominis	k__Bacteria;p__Firmicutes;c__Clostridia;o__Clostridiales;f__Lachnospiraceae;g__Blautia;s__Blautia_obeum	k__Bacteria;p__Bacteroidetes;c__Bacteroidia;o__Bacteroidales;f__Odoribacteraceae;g__Odoribacter;s__Odoribacter_laneus	k__Bacteria;p__Firmicutes;c__Clostridia;o__Clostridiales;f__Ruminococcaceae;g__Ruminiclostridium;s__[Clostridium]_leptum	k__Bacteria;p__Bacteroidetes;c__Bacteroidia;o__Bacteroidales;f__Porphyromonadaceae;g__Parabacteroides;s__Parabacteroides_goldsteinii	k__Bacteria;p__Firmicutes;c__Clostridia;o__Clostridiales;f__Lachnospiraceae;g__Anaerostipes;s__Anaerostipes_hadrus	k__Bacteria;p__Firmicutes;c__Clostridia;o__Clostridiales;f__Ruminococcaceae;g__Ruminococcus;s__Ruminococcus_lactaris	k__Bacteria;p__Firmicutes;c__Clostridia;o__Clostridiales;f__Clostridiaceae;g__Clostridium;s__Clostridium_sp._L2-50	k__Bacteria;p__Firmicutes;c__Clostridia;o__Clostridiales;f__Clostridiaceae;g__Clostridium;s__Clostridium_sp._M62/1	k__Bacteria;p__Firmicutes;c__Clostridia;o__Clostridiales;f__;g__Intestinimonas;s__Intestinimonas_butyriciproducens	k__Bacteria;p__Actinobacteria;c__Actinobacteria;o__Bifidobacteriales;f__Bifidobacteriaceae;g__Bifidobacterium;s__Bifidobacterium_bifidum	k__Bacteria;p__Firmicutes;c__Negativicutes;o__Veillonellales;f__Veillonellaceae;g__Dialister;s__Dialister_invisus	k__Bacteria;p__Bacteroidetes;c__Bacteroidia;o__Bacteroidales;f__Bacteroidaceae;g__Bacteroides;s__Bacteroides_salanitronis
k__Bacteria;p__Bacteroidetes;c__Bacteroidia;o__Bacteroidales;f__Bacteroidaceae;g__Bacteroides;s__Bacteroides_vulgatus	1.0	-0.0414721003261	0.000481248986168	-0.0294579984589	-0.0413807603032	0.0253691548825	-0.058233732859	-0.000474437240024	0.0167220535082	-0.022108256771	-0.0643187770794	0.0292341115447	0.00567080104504	-0.0119573864739	0.0276098003305	-0.0359068757375	-0.0243869227913	0.0343833718658	-0.0252514005128	0.0671369909058	-0.082160771673	-0.0238982095149	0.0213609994858	-0.00373588352561	-0.00318338075641	-0.0169940853713	-0.0158524927089	-0.0402027063928	0.0054049011011	0.00452216939161	-0.020131502079	0.0566112453289	0.0234003681975	-0.0221001949903	-0.0178641338845	-0.045747162832	-0.0237276784777	-0.0332622891351	-0.0257140117873	-0.0359761107904	-0.0690584583038	-0.016994161918	-0.0471068017699	0.0608330410978	0.0224231627327	-0.0424991454431	-0.0177910659022	-0.0304363035269	0.068678429403	0.016733648866	0.0175103664241	0.027353011853	-0.0236302753053	-0.00692138531548	-0.0276929480434	-0.0165047191602	-0.00220782601078	0.0185632340303	-0.0662114332978
k__Bacteria;p__Bacteroidetes;c__Bacteroidia;o__Bacteroidales;f__Bacteroidaceae;g__Bacteroides;s__Bacteroides_uniformis	-0.0414721003261	1.0	-0.028566584165	0.0456893097757	-0.02643883045	-0.0292770796288	-0.0268738210697	0.024525393795	-0.0365149730153	-0.0153277109005	0.0654205823703	-0.0867114666844	-0.0428901847363	-0.043780005723	-0.0442609680232	-0.043242992522	-0.0479095652106	0.0664887259402	0.00428546037056	0.0136358962656	0.00229752877028	-0.0170825973206	-0.0193798040577	-0.0408133467395	-0.0204248059806	-0.00829148910285	-0.0254711134635	0.0110041623244	-0.0256228537637	0.00387425202465	-0.0269510061456	-0.00926596736091	-0.0234425387051	-0.0166910094272	0.0228164665162	-0.00045251815825	-0.000981439569208	0.00189229693153	0.0178955900891	0.0454917767879	0.0226162294455	0.00497169105701	0.0570309749637	-0.0328762798033	0.0128932404545	-0.0169035691772	0.0776923817962	0.0238377459412	0.0164056926737	0.0201035301836	-0.0562179546369	-0.0322184578734	0.0275014048335	0.0508788020426	-0.0345281902373	0.0248901214709	0.0225068955455	0.00860876648273	0.0367767342201
k__Bacteria;p__Bacteroidetes;c__Bacteroidia;o__Bacteroidales;f__Rikenellaceae;g__Alistipes;s__Alistipes_putredinis	0.000481248986168	-0.028566584165	1.0	-0.00364018404988	0.027149866784	-0.0322385436274	0.0161917163851	-0.0236550798998	-0.000444605704233	-0.0142690778579	-0.0143587859905	-0.0106255738974	0.0296303128129	-0.0250209573551	-0.0188880823973	-0.0377814311903	0.00182952572947	-0.0335151221046	-0.0288929303608	-0.00801782052684	0.0105243469351	-0.0150361546843	-0.0437311962548	-0.0221372633803	-0.0394965860307	0.00520189518064	-0.0940629416104	0.0215717039053	-0.0200961069085	-0.0253528957516	0.0213260575481	0.0132529210757	-0.023697213871	-0.00936118211797	0.0108760557987	-0.0212574087729	-0.0205476035379	-0.00376152917469	0.0359646671611	-0.0562440950356	-0.0401691525367	-0.0224846628303	0.0314279587838	-0.014069170859	0.00427544886375	0.0408742511443	-0.00483559894158	-0.00947880140872	0.0267968650029	0.00585453675352	0.0452948559264	-0.0179304202196	-0.0736361168332	0.032080152187	-0.085818951552	-0.000157777090234	0.00509996773194	-0.0203488612377	0.00812177213855
k__Bacteria;p__Bacteroidetes;c__Bacteroidia;o__Bacteroidales;f__Prevotellaceae;g__Prevotella;s__Prevotella_copri	-0.0294579984589	0.0456893097757	-0.00364018404988	1.0	-0.0444916310121	0.0163286135705	-0.0231114696413	0.0126483869785	-0.0408813723175	-0.0297329841537	-0.0264062200626	0.0153685784377	0.0126201766222	0.0379224736346	-0.126095300238	0.00343871565465	0.0315664796914	-0.051319122855	-0.000912074795543	-0.0333032203193	0.00740042728989	0.0315994240812	0.029828163886	-0.00936464207276	0.028619986469	0.0147944485064	0.015756422276	0.0509292712483	-0.0163230398078	0.0403343613481	-0.0249474820512	-0.00253871022845	-0.00848784460341	-0.0306987738684	-0.0146389791392	0.0281812839112	0.0232895744609	-0.0308987772305	-0.0355884199517	-0.000129845556365	-0.021160776273	0.00163107310725	0.00848378402745	-0.00442656768967	-0.0469958440275	-0.00981598091115	0.0285390566577	-0.00313399590058	0.0120156908636	-0.020280025872	-0.0576339903896	0.0284493229766	0.0194066079741	-0.000697440136589	-0.0310924036567	-0.0453347206637	-0.00863557129527	-0.0734706501807	-0.024851057525
k__Bacteria;p__Bacteroidetes;c__Bacteroidia;o__Bacteroidales;f__Bacteroidaceae;g__Bacteroides;s__Bacteroides_stercoris	-0.0413807603032	-0.02643883045	0.027149866784	-0.0444916310121	1.0	-0.0494166680401	0.0497941159849	0.0250010348643	-0.0203540587059	0.00154680464939	-0.0291235731447	-0.00729366991382	0.0309638839556	-0.0157569971299	0.0399854693804	0.0170720546151	0.0304088940048	-0.0115695814587	-0.0081041106523	0.00101793754836	-0.0198842315698	0.0566651632289	0.0190460499939	-0.0331636316299	-0.0648826585781	-0.00644419966324	-0.0719754714766	0.008624336868	-0.0504080924701	-0.0281222103588	0.0354337615164	-8.03319006353e-05	-0.0430313567838	0.0064892048137	0.00793310581236	0.0180913513815	-0.0702869060037	0.0435229991727	0.0293029620391	-0.0513544994122	-0.019102792999	-0.0568256351067	-0.0143738232694	-0.0392497828078	-0.00967415816884	-0.0492494626803	-0.0382263085902	-0.0795111463601	-0.0694729148992	0.0155037479584	0.00268345151029	-0.00787297895493	0.0171892396032	0.000308449688725	0.0445051951576	0.0324613275228	-0.0596800262451	0.00216433594779	-0.0190343424229
k__Bacteria;p__Bacteroidetes;c__Bacteroidia;o__Bacteroidales;f__Bacteroidaceae;g__Bacteroides;s__Bacteroides_ovatus	0.0253691548825	-0.0292770796288	-0.0322385436274	0.0163286135705	-0.0494166680401	1.0	-0.0137819210169	-0.0588973393856	0.0408592090032	0.00198758846211	0.0608869029653	0.0270836352887	0.0119069993577	-0.0573670631994	-0.043009662005	-0.0108662294046	-0.00208882142903	-0.0120176283959	-0.0272649883469	0.0434862060649	-0.00303189786054	-0.0410258362647	0.00834764375156	0.00272845440883	0.0274881401319	-0.0832215398919	0.0517655436623	-0.00638569651502	0.0432581511627	-0.0947082149777	-0.0391539414452	-0.0172942327934	0.00401236777132	0.0128216338737	0.052807776929	0.0577082417488	0.0204868603112	-0.124063655823	-0.0683322075706	0.00655452609017	-0.03291864415	0.0190386666326	-0.0456234521224	0.00667632947588	0.0026617910197	-0.0376222107712	-0.0263546692525	0.048141618278	0.0286270043889	-0.0272070574435	0.0490746843354	-0.0234567308235	0.0333290744011	-0.0198977384479	0.0322446327738	0.00850829817637	-0.0629364030063	-0.0694550803975	-0.0844798482963
k__Bacteria;p__Bacteroidetes;c__Bacteroidia;o__Bacteroidales;f__Rikenellaceae;g__Alistipes;s__Alistipes_shahii	-0.058233732859	-0.0268738210697	0.0161917163851	-0.0231114696413	0.0497941159849	-0.0137819210169	1.0	0.0240335995668	0.0449297531133	0.039462206159	0.0423727559536	0.0306752098396	-0.00973751711786	0.011036830543	-0.0384171444235	-0.0304950441937	-0.0387245506409	0.00873981806726	-0.0107757381711	-0.0462736933636	0.0460231268153	0.0108932648831	0.0150666613503	-0.00882299719665	0.017224959083	0.0010718158246	0.0165901048271	0.0604478880823	-0.0173786622284	-0.0466539760452	0.0671404508547	0.00207491662057	-0.044645319587	-0.00714567079763	-0.0810099989429	-0.0390462650105	0.0288621303776	-0.0501477825505	-0.0100143862036	0.000696632314185	-0.0665348773389	-0.0456458860957	0.00209784391414	-0.0998694728491	-0.0195672581907	-0.0971807948067	0.0307313524091	-0.00431194117879	-0.0109916280013	0.0119609133395	0.00253427662746	-0.081381123359	0.0392372357918	-0.0082482875781	-0.0276166007173	-0.000395584065381	-0.0113106285782	0.00788247470731	-0.0404941625634
k__Bacteria;p__Firmicutes;c__Clostridia;o__Clostridiales;f__Ruminococcaceae;g__Faecalibacterium;s__Faecalibacterium_prausnitzii	-0.000474437240024	0.024525393795	-0.0236550798998	0.0126483869785	0.0250010348643	-0.0588973393856	0.0240335995668	1.0	0.0400245830268	-0.0804389400486	-0.0475110967947	-0.0106708601207	0.0424943999821	0.00447869873088	0.00406313732798	0.026564484427	-0.0500141758796	-0.00730215771806	0.0193798448734	-0.0329128229939	-0.00298030655193	-0.0376507153087	0.0140748151665	0.0265708631861	-0.0372703309177	0.0321941135515	-0.00357961692271	-0.0232241376334	-0.0215405724215	-0.0376339260832	-0.00946224744186	0.00121722030514	-0.0378189301264	-0.0021954340339	-0.034446678621	-0.0212703398298	-0.0219086211189	-0.019153753034	-0.0128196295762	0.0147733899187	-0.0423509960419	-0.0105442546412	0.0228136702982	0.0347846191227	-0.0524974200799	0.0184851788438	0.00441000863038	0.0471524745309	-0.0080674735569	0.0348038962934	0.00629023004765	0.0542061158673	-0.055497575527	-0.0546530263191	0.0192612657199	0.0216512052142	0.0358613962106	-0.0383895762181	0.0185949661231
k__Bacteria;p__Bacteroidetes;c__Bacteroidia;o__Bacteroidales;f__Rikenellaceae;g__Alistipes;s__Alistipes_finegoldii	0.0167220535082	-0.0365149730153	-0.000444605704233	-0.0408813723175	-0.0203540587059	0.0408592090032	0.0449297531133	0.0400245830268	1.0	0.0413095906742	-0.00109344049259	0.0164725559112	-0.0123963111259	0.0959189461108	-0.0880470471584	-0.00493300946064	0.0246976948969	-0.0258684645869	-0.0226795820508	0.0104781514852	-0.0373873702484	0.00113885244517	0.0695550186509	-0.0570001293871	0.0301255720077	0.0178829159773	0.0504900445496	-0.0260778349288	0.000208324808099	-0.0572218825838	-0.0118840142425	0.0218262941217	-0.01039757886	0.0239646513487	0.0560462967977	-0.00783804993581	0.00646828282914	-0.0642113762133	-0.0280011478891	0.00643013772664	-0.0327651462538	0.0180968246566	-0.0183578395966	-0.0474094022752	0.0289763376413	-0.0446403500995	0.037449564033	-0.041436358082	-0.0290474137933	-0.0410249854044	-0.0253557252822	-0.0306240291593	-0.0564435176075	-0.0567663858896	-0.00668753007754	0.0221113826342	-0.0445985730208	0.00851953496763	0.00551225132475
k__Bacteria;p__Bacteroidetes;c__Bacteroidia;o__Bacteroidales;f__Porphyromonadaceae;g__Parabacteroides;s__Parabacteroides_distasonis	-0.022108256771	-0.0153277109005	-0.0142690778579	-0.0297329841537	0.00154680464939	0.00198758846211	0.039462206159	-0.0804389400486	0.0413095906742	1.0	0.0018943920631	-0.00304272264908	-0.010571389725	-0.074023984511	-0.0103538381728	-0.0634722848449	0.0263462394757	0.0630032360249	-0.0604930660253	-0.0425671336498	-0.0506902970691	0.0107744693756	0.0311750670052	-0.030008991255	-0.00385836700588	0.0258192400381	-0.0139831017394	-0.0454283691096	0.0262497418759	-0.00549858864377	0.0670868396807	0.0123022632601	-0.0279152667848	0.00574001946499	-0.0708938430173	0.0300501692674	-0.0645562365486	-0.00746031110232	0.0425202212806	0.0347646185435	-0.0095175863196	-0.0312806092982	-0.0420206748219	-0.0185193856041	-0.00629993000781	-0.00516698883744	-0.092450672639	0.0241078238776	-0.018731448693	-0.0216071756382	0.0277201060456	0.0180227817201	0.0230510161696	-0.021426939998	-0.0179960830249	-0.0120849306265	-0.0246569503404	-0.0286894200841	0.00477910349868
k__Bacteria;p__Bacteroidetes;c__Bacteroidia;o__Bacteroidales;f__Bacteroidaceae;g__Bacteroides;s__Bacteroides_thetaiotaomicron	-0.0643187770794	0.0654205823703	-0.0143587859905	-0.0264062200626	-0.0291235731447	0.0608869029653	0.0423727559536	-0.0475110967947	-0.00109344049259	0.0018943920631	1.0	0.000302089741401	-0.00878278162828	0.066858562378	0.0659976506156	0.04790087217	-0.00328322691685	-0.00348659744886	-0.00498313183046	0.0159574351944	0.0270658840426	-0.0391168409893	0.0251783216042	-0.0247919239539	0.0176766305827	-0.0872592214068	0.0840160808763	-0.030325592086	0.0142931276634	-0.00875320322809	-0.00534748502569	0.00688462146313	0.0278911675525	-0.0484866424695	0.0317182759374	-0.067138047223	-0.0464939236062	-0.0708639244635	0.0298137182054	-0.0493868501153	-0.0563496854099	-0.0631358646037	-0.00127449793207	-0.0319508769841	-0.00952046503939	0.0017462159189	0.0182818418695	-0.0371882913454	0.0559737889444	-0.015044551659	0.0308306925345	0.0284541152532	0.0436751391711	-0.0769040074762	-0.0377826135285	0.00550297551717	-0.0966439048722	-0.0185716660479	-0.00147938973982
k__Bacteria;p__Bacteroidetes;c__Bacteroidia;o__Bacteroidales;f__Bacteroidaceae;g__Bacteroides;s__Bacteroides_coprocola	0.0292341115447	-0.0867114666844	-0.0106255738974	0.0153685784377	-0.00729366991382	0.0270836352887	0.0306752098396	-0.0106708601207	0.0164725559112	-0.00304272264908	0.000302089741401	1.0	0.0290305161092	-0.040214625785	0.0113630776845	0.0121589661093	-0.0471917177107	-0.0185998747216	-0.00778554706406	0.00316138965466	0.00182967686953	0.000964095656644	0.0224732365302	0.0141828821816	-0.0234002836165	-0.112914800456	-0.0412332656361	0.0244838769372	-0.0313377645296	-0.0109028395979	0.0315922014439	0.0443904327933	0.000551565603431	0.00414531171604	0.056519157809	-0.00687476007017	-0.0110832614781	-0.0218055041455	0.0103521305598	0.0624876009691	0.0294575918998	-0.0122796878051	-0.0564867755149	-0.0490442563187	-0.0358124359569	-0.0245324944488	0.0779874362931	0.0184910092464	0.0402591267354	-0.0590622962511	0.00166051818422	-0.00257199476076	0.00901536020438	-0.0124478066561	0.0153832793887	-0.0449320213485	-0.00972548034149	-0.0521980621321	-0.0255622545861
k__Bacteria;p__Bacteroidetes;c__Bacteroidia;o__Bacteroidales;f__Bacteroidaceae;g__Bacteroides;s__Bacteroides_cellulosilyticus	0.00567080104504	-0.0428901847363	0.0296303128129	0.0126201766222	0.0309638839556	0.0119069993577	-0.00973751711786	0.0424943999821	-0.0123963111259	-0.010571389725	-0.00878278162828	0.0290305161092	1.0	-0.0266452194893	-0.000292815359954	0.0092052480763	-0.0563433933979	0.0351706984825	0.0239386253575	-0.0150430692909	-0.0150570042767	-0.00487315881471	0.00781927233297	-0.021678532235	-0.0319457991172	-0.04048015073	0.0207508917522	-0.0197689681666	-0.0680763564396	0.022119393724	0.0548506055103	-0.0345478408237	0.0419540860296	-0.0146215589332	0.0396718876691	-0.0261001381393	-0.00335500995311	-0.0445686486304	0.0321836564696	0.0464973463359	-0.00573695840613	-0.089197518409	-0.0387104228063	0.0464463862619	-0.00301311580612	-0.0515439900995	-0.036439456844	0.0190107022189	0.01474325561	0.0823266020927	-0.0141317832748	0.0416394605511	0.0365725480546	0.0238651814909	-0.0428349459997	-0.0497714936051	-0.0356595195846	0.0334188246198	0.0194087319723
k__Bacteria;p__Bacteroidetes;c__Bacteroidia;o__Bacteroidales;f__Rikenellaceae;g__Alistipes;s__Alistipes_obesi	-0.0119573864739	-0.043780005723	-0.0250209573551	0.0379224736346	-0.0157569971299	-0.0573670631994	0.011036830543	0.00447869873088	0.0959189461108	-0.074023984511	0.066858562378	-0.040214625785	-0.0266452194893	1.0	-0.0210731328014	-0.0674826032757	0.0254660515816	0.00465706684785	0.0180436312073	0.0105394039479	0.000951540894099	0.00167587823883	6.4238553171e-05	0.0343217854039	-0.0167956077711	-0.00675944742873	-0.0359827193639	-0.0163967682493	-0.0203481765833	0.0197945755858	-0.0358343745446	-0.0153145156683	-0.0173635200085	-0.0395017948668	-0.0419935915673	-0.0823884667609	-0.0432480964574	-0.0336878256709	0.000919623048522	0.00564470076605	0.0109158859421	-0.0333482778682	0.0299519035004	0.0877764038191	-0.00682292564383	-0.0272860227266	0.0609657298185	-0.00752564945525	-0.0380643979973	0.0268702318941	-0.0341247513846	0.0201516336663	-0.0418684892114	-0.000802835117521	0.0119725879355	0.0676355603938	-0.104284976168	0.0215447547631	0.0161158840619
k__Bacteria;p__Firmicutes;c__Clostridia;o__Clostridiales;f__Lachnospiraceae;g__;s__[Eubacterium]_rectale	0.0276098003305	-0.0442609680232	-0.0188880823973	-0.126095300238	0.0399854693804	-0.043009662005	-0.0384171444235	0.00406313732798	-0.0880470471584	-0.0103538381728	0.0659976506156	0.0113630776845	-0.000292815359954	-0.0210731328014	1.0	0.0683424434638	-0.00760776963801	0.00281738923764	-0.0597692434384	-0.00341038562395	0.0124938224795	-0.00882699894418	-0.000163231915433	-0.0455253363952	0.0169609810127	0.0106490928563	-0.0687993389314	-0.0634984474245	3.17654546915e-05	-0.0271457749917	-0.0246960456932	0.0428416910271	-0.0630012786053	-0.00818968888063	-0.025579717071	-0.030689259026	-0.0316498254918	0.00626161638374	-0.071226381933	-0.0478012232239	-0.0233331038107	-0.0128084341598	0.0145756545407	-0.00458328193722	0.0332044812169	-0.0241703265624	0.0228598647994	-0.0368542844231	0.0179488736547	0.0491911091808	-0.0159885252978	-0.0131448318132	0.00149352072219	-0.000867909625818	0.0862315240073	-0.0217703476692	0.00963532412059	0.0329510147852	0.0217686384545
k__Bacteria;p__Bacteroidetes;c__Bacteroidia;o__Bacteroidales;f__Bacteroidaceae;g__Bacteroides;s__Bacteroides_plebeius	-0.0359068757375	-0.043242992522	-0.0377814311903	0.00343871565465	0.0170720546151	-0.0108662294046	-0.0304950441937	0.026564484427	-0.00493300946064	-0.0634722848449	0.04790087217	0.0121589661093	0.0092052480763	-0.0674826032757	0.0683424434638	1.0	0.00907940058128	-0.0433090078428	0.0724131171782	-0.0392539867052	0.0512447556342	-0.0257683262918	-0.00667885038378	-0.0457666340076	0.0097174232906	0.0387968432911	-0.00369096494453	-0.00344602018303	-0.0119536165578	0.0105268900339	0.055215248626	0.052452756704	-0.00835739556473	-0.00438741089709	-0.0136625017924	-0.00904296764271	-0.0350206275483	-0.00508757126232	-0.00967765435561	-0.0050605337809	-0.00539499347455	-0.0271248835378	-0.0193831054527	-0.00459683673614	-0.0289107452933	0.00886288953022	-0.0122761112126	-0.0400582575186	0.0742398823424	-0.0209628956401	0.0334067671025	-0.0419423859905	-0.0400481817343	-0.0257403306753	0.0414799300808	0.0252416870312	-0.0750853734844	0.0084653423709	-0.0208096397783
k__Bacteria;p__Bacteroidetes;c__Bacteroidia;o__Bacteroidales;f__Bacteroidaceae;g__Bacteroides;s__Bacteroides_fragilis	-0.0243869227913	-0.0479095652106	0.00182952572947	0.0315664796914	0.0304088940048	-0.00208882142903	-0.0387245506409	-0.0500141758796	0.0246976948969	0.0263462394757	-0.00328322691685	-0.0471917177107	-0.0563433933979	0.0254660515816	-0.00760776963801	0.00907940058128	1.0	0.0089207750032	0.0262719074261	0.0259461384619	-0.051771861113	0.0380913182598	0.062515614275	0.039547681469	0.0447204722504	-0.0388444423332	-0.0538597332056	0.0540801646746	0.0153451801173	0.0251091229314	-0.0497173182874	-0.0293616617804	0.0340464885544	-0.0280992045595	-0.0210584448239	0.0185933535909	-0.0426062580209	0.0111262318685	-0.0603469434534	-0.0119188985386	-0.0113743669313	0.0201434677083	0.00525480976273	-0.0266187896888	-0.00891021307796	0.0618395670874	0.0438486824937	-0.111335082549	-0.0694038447319	-0.0448466056636	-0.0251659518555	0.0419221039041	-0.0113344539442	0.0334217758432	-0.0341587325937	-0.067845880067	0.0016929375221	0.00196161896223	-0.0382448411327
k__Bacteria;p__Proteobacteria;c__Betaproteobacteria;o__Burkholderiales;f__Sutterellaceae;g__Sutterella;s__Sutterella_wadsworthensis	0.0343833718658	0.0664887259402	-0.0335151221046	-0.051319122855	-0.0115695814587	-0.0120176283959	0.00873981806726	-0.00730215771806	-0.0258684645869	0.0630032360249	-0.00348659744886	-0.0185998747216	0.0351706984825	0.00465706684785	0.00281738923764	-0.0433090078428	0.0089207750032	1.0	-0.0051031679829	0.0153581029236	0.0176135691126	0.00872374739906	-0.0433772006326	-0.0290597990547	-0.00163124983636	0.0032473320113	-0.000772929511419	-0.00928296543544	-0.117178374956	-0.0198566421443	0.0513984908781	-0.0861287883516	-0.0173424528375	-0.0180280012992	0.0387578121997	-0.0233806843275	0.0173175465579	0.0238923107282	-0.00846761138525	0.0075768806781	0.0139413567065	-0.0111036983703	0.038710856791	-0.022690158711	0.034659556454	-0.00182713650583	-0.0118026108183	-0.0139301840507	-0.0125581614317	0.00348241854453	-0.0379772470561	-0.025672959697	0.0248551120351	-0.00669031849143	0.0356402248802	-0.0539740191802	0.00959980765885	0.00494871207665	0.0507677065812
k__Bacteria;p__Bacteroidetes;c__Bacteroidia;o__Bacteroidales;f__Porphyromonadaceae;g__Barnesiella;s__Barnesiella_intestinihominis	-0.0252514005128	0.00428546037056	-0.0288929303608	-0.000912074795543	-0.0081041106523	-0.0272649883469	-0.0107757381711	0.0193798448734	-0.0226795820508	-0.0604930660253	-0.00498313183046	-0.00778554706406	0.0239386253575	0.0180436312073	-0.0597692434384	0.0724131171782	0.0262719074261	-0.0051031679829	1.0	-0.039487407189	0.00671457570139	0.048773981777	-0.0303272573279	0.0261738457634	0.0251266294985	-0.041738470379	-0.0453534368488	0.00314663880419	-0.0664984417812	-0.0247034386176	0.0231726361487	-0.0244309831613	-0.0473826472993	0.0722132973662	0.0558882914576	0.0293267462889	-0.0494910293577	0.00125149861929	0.0314000577776	-0.0858772709439	-0.000203948307373	0.00601727224136	0.00888987181765	0.013244152958	0.04170854035	0.0360866073202	0.00387368911242	-0.00957305431535	0.006041028038	0.0094572026927	-0.0521859905536	-0.01353828596	-0.0506360235546	0.0328664655533	-0.0345234673717	-0.0264104476833	0.0417906764352	-0.0347524529315	0.0166271815156
k__Bacteria;p__Bacteroidetes;c__Bacteroidia;o__Bacteroidales;f__Odoribacteraceae;g__Odoribacter;s__Odoribacter_splanchnicus	0.0671369909058	0.0136358962656	-0.00801782052684	-0.0333032203193	0.00101793754836	0.0434862060649	-0.0462736933636	-0.0329128229939	0.0104781514852	-0.0425671336498	0.0159574351944	0.00316138965466	-0.0150430692909	0.0105394039479	-0.00341038562395	-0.0392539867052	0.0259461384619	0.0153581029236	-0.039487407189	1.0	-0.00783078114856	-0.0445220081676	0.0105691741916	-0.0540638523096	0.0870817620113	-0.00275588901357	-0.00810042954504	-0.0568057500332	0.0517791885284	0.057076342183	-0.0392976273763	-0.0664511006513	-0.0481754891515	0.00367477343465	0.0188126730489	-0.0094800689577	0.0212452310417	-0.00433264967216	-0.0589200004855	-0.0443511322577	0.036957679791	0.021604895566	-0.0732334548165	-0.0412146797533	0.0198534399276	0.0309206457472	-0.00400712120246	-0.0330721744327	-0.0184322894024	-0.011273222554	-0.0342192237045	-0.0360078409161	0.069036669894	-0.068430341453	0.00247300256039	-0.0265169869362	-0.0241455316309	-0.00570822309824	-0.0603070465601
k__Bacteria;p__Bacteroidetes;c__Bacteroidia;o__Bacteroidales;f__Bacteroidaceae;g__Bacteroides;s__Bacteroides_salyersiae	-0.082160771673	0.00229752877028	0.0105243469351	0.00740042728989	-0.0198842315698	-0.00303189786054	0.0460231268153	-0.00298030655193	-0.0373873702484	-0.0506902970691	0.0270658840426	0.00182967686953	-0.0150570042767	0.000951540894099	0.0124938224795	0.0512447556342	-0.051771861113	0.0176135691126	0.00671457570139	-0.00783078114857	1.0	0.00574378553297	0.054048529208	0.0186290036586	-0.0213184050272	-0.0127063600351	-0.0682919738834	-0.0839474880766	0.00180421062508	0.0345604840798	-0.0758452067914	0.0391824398922	0.0315120709463	0.0386873623005	0.0100820061233	-0.0087019496689	-0.0325460120821	0.0571551368199	-0.00473616495036	-0.0173632092167	0.000240447194855	-0.00911729061742	0.0320474509831	-0.048210959011	0.014545458783	0.0381159551485	0.0178947594248	0.00645696369937	0.0416280389685	-0.0564792613543	-0.0519575526531	0.00387434388922	0.0123932421218	-0.011461184196	0.0252576613209	-0.0725637955966	-0.0408939180793	-0.00323041062203	-0.0271131382868
k__Bacteria;p__Firmicutes;c__Clostridia;o__Clostridiales;f__Ruminococcaceae;g__Ruminiclostridium;s__[Eubacterium]_siraeum	-0.0238982095149	-0.0170825973206	-0.0150361546843	0.0315994240812	0.0566651632289	-0.0410258362647	0.0108932648831	-0.0376507153087	0.00113885244517	0.0107744693756	-0.0391168409893	0.000964095656644	-0.00487315881471	0.00167587823883	-0.00882699894418	-0.0257683262918	0.0380913182598	0.00872374739906	0.048773981777	-0.0445220081676	0.00574378553297	1.0	0.0157721006199	-0.0151453168373	-0.0276252760236	-0.032399108317	-0.0444384031425	0.0258247363367	-0.128579144309	-0.0317951042896	-0.0536922899931	0.0625359462123	-0.013851635186	-0.0748216215549	-0.0381675958045	-0.0447627687565	0.0343993636405	-0.0112917538301	-0.0525925235683	-0.00232285780289	0.0360991820696	-0.0410205413585	0.0390323164075	-0.0423884329722	0.0515306629067	-0.00561852862008	0.0113991619413	0.0675854154797	-0.0886375060727	0.00482002322655	-0.0317670442092	0.0490659939881	0.0144195591286	-0.0176674423148	-0.0307901821488	0.0358801481466	-0.0608974817389	-0.00265131534759	-0.0204255676082
k__Bacteria;p__Proteobacteria;c__Betaproteobacteria;o__Burkholderiales;f__Sutterellaceae;g__Parasutterella;s__Parasutterella_excrementihominis	0.0213609994858	-0.0193798040577	-0.0437311962548	0.029828163886	0.0190460499939	0.00834764375156	0.0150666613503	0.0140748151665	0.0695550186509	0.0311750670052	0.0251783216042	0.0224732365302	0.00781927233297	6.4238553171e-05	-0.000163231915433	-0.00667885038378	0.062515614275	-0.0433772006326	-0.0303272573279	0.0105691741916	0.054048529208	0.0157721006199	1.0	-0.0046679831486	-0.0653507021459	0.00137964924735	-0.0387019271137	0.0207128876585	-0.0538966419345	-0.0551890769429	-0.0540740501822	0.00476877434622	-0.0173358023564	0.0329541786301	-0.0658538204263	-0.0252427604739	-0.00565088834519	-0.0333958149801	-0.106659101403	-0.0118758262263	0.0432850444504	-0.00399988050748	-0.0303414141841	-0.0565474573219	0.0111450627521	-0.0500487891275	-0.00908988495015	-0.036143666163	0.028109261552	-0.0620385871451	-0.0282652004538	-0.0643205315518	-0.0312994992342	0.0320626730523	-0.0193029894697	0.00539233305945	0.00913667009531	0.0467748515791	-0.0433964068802
k__Bacteria;p__Actinobacteria;c__Actinobacteria;o__Bifidobacteriales;f__Bifidobacteriaceae;g__Bifidobacterium;s__Bifidobacterium_adolescentis	-0.00373588352561	-0.0408133467395	-0.0221372633803	-0.00936464207276	-0.0331636316299	0.00272845440883	-0.00882299719665	0.0265708631861	-0.0570001293871	-0.030008991255	-0.0247919239539	0.0141828821816	-0.021678532235	0.0343217854039	-0.0455253363952	-0.0457666340076	0.039547681469	-0.0290597990547	0.0261738457634	-0.0540638523096	0.0186290036586	-0.0151453168373	-0.0046679831486	1.0	-0.0456926833794	-0.0301436711026	0.0308223178285	-0.046332821644	0.0168571928238	-0.00465914949212	-0.0664960292259	-0.0287369841058	0.059326453114	-0.0139424181236	-0.0197644688925	0.0184336553511	-0.016062131319	0.0188224505277	-0.0561306721944	-0.0303437627861	-0.023098402237	-0.0276268729808	0.0107482593516	0.0491753628581	0.0385269346641	-0.0392832871834	-0.0355717450846	-0.0035777032248	0.0574766086744	-0.047554286292	0.0143401842222	0.00720462707068	-0.0176789894397	-0.0393092550195	-0.0160644860756	0.0413410392925	-0.0196100877642	-0.0169895030026	-0.0391084975089
k__Bacteria;p__Firmicutes;c__Clostridia;o__Clostridiales;f__Oscillospiraceae;g__Oscillibacter;s__Oscillibacter_sp._KLE_1745	-0.00318338075641	-0.0204248059806	-0.0394965860307	0.028619986469	-0.0648826585781	0.0274881401319	0.017224959083	-0.0372703309177	0.0301255720077	-0.00385836700588	0.0176766305827	-0.0234002836165	-0.0319457991172	-0.0167956077711	0.0169609810127	0.0097174232906	0.0447204722504	-0.00163124983636	0.0251266294985	0.0870817620113	-0.0213184050272	-0.0276252760236	-0.0653507021459	-0.0456926833794	1.0	0.0244296953449	0.00897327496572	0.0114226778749	-0.0432894283354	-0.00867948057037	0.0015392979253	0.00252519443685	-0.00874258776139	-0.0793676978401	-0.0305893324665	0.0162757297247	-0.0174192556553	-0.00612247518386	0.0532771873101	0.0248852767769	-0.037615430313	0.0359908285442	0.0026928531631	0.0448347978962	0.0222637560093	-0.0159430439404	0.03035733881	-0.0132951519223	0.0280565291829	-0.00914763914518	-0.0110825558167	-0.0066449761302	-0.0136416587425	-0.0351487776645	-0.0794047256731	0.0366486809348	0.0241502472097	-0.0271535856635	-0.10363897487
k__Bacteria;p__Bacteroidetes;c__Bacteroidia;o__Bacteroidales;f__Bacteroidaceae;g__Bacteroides;s__Bacteroides_coprophilus	-0.0169940853713	-0.00829148910285	0.00520189518064	0.0147944485064	-0.00644419966324	-0.0832215398919	0.0010718158246	0.0321941135515	0.0178829159773	0.0258192400381	-0.0872592214068	-0.112914800456	-0.04048015073	-0.00675944742873	0.0106490928563	0.0387968432911	-0.0388444423332	0.0032473320113	-0.041738470379	-0.00275588901357	-0.0127063600351	-0.032399108317	0.00137964924735	-0.0301436711026	0.0244296953449	1.0	-0.0373039444392	0.0588275996556	0.00903055967886	-0.0463660246596	0.0384979575087	-0.0687699737257	0.0247170349087	-0.00721713493202	-0.0923714088451	0.0432018508761	0.0270774572201	-0.00139929868813	-0.0170453143163	0.0353130271409	0.0403324188395	0.000724535313446	-0.0117566443412	-0.0276948469164	-0.0472771278118	-0.0444281124641	-0.0344502983683	-0.0337441337198	-0.0341405794218	-0.0344728044958	-0.125954485436	0.0263945950774	-0.0389339281516	0.00167268362989	-0.00645648678916	-0.0396798919238	0.0358794450129	-0.00305773158127	-0.0165558064736
k__Bacteria;p__Firmicutes;c__Clostridia;o__Clostridiales;f__Lachnospiraceae;g__Roseburia;s__Roseburia_intestinalis	-0.0158524927089	-0.0254711134635	-0.0940629416104	0.015756422276	-0.0719754714766	0.0517655436623	0.0165901048271	-0.00357961692271	0.0504900445496	-0.0139831017394	0.0840160808763	-0.0412332656361	0.0207508917522	-0.0359827193639	-0.0687993389314	-0.00369096494453	-0.0538597332056	-0.00077292951142	-0.0453534368488	-0.00810042954504	-0.0682919738834	-0.0444384031425	-0.0387019271137	0.0308223178285	0.00897327496572	-0.0373039444392	1.0	0.00165586246698	0.00274961935563	0.0636964595485	-0.0870569204663	0.0119000512763	0.00738946422296	0.0352072601696	-0.0777165554441	-0.0140219225827	0.0090753555158	-0.0197419810566	0.0450786254742	-0.0206417865051	0.0313494702466	0.04775553865	0.0185377414766	-0.0420012886355	0.0180285894788	-0.00806264676512	-0.0878983808459	0.0251748388111	-0.0469048209927	-0.0106300867336	0.00183219230834	-0.0662006442463	0.00896908321416	-0.00305414423406	0.017934548333	0.00334044503517	0.00481003516863	-0.00299752455615	0.00589844397056
k__Bacteria;p__Firmicutes;c__Clostridia;o__Clostridiales;f__Lachnospiraceae;g__Roseburia;s__Roseburia_hominis	-0.0402027063928	0.0110041623244	0.0215717039053	0.0509292712483	0.008624336868	-0.00638569651502	0.0604478880823	-0.0232241376334	-0.0260778349288	-0.0454283691096	-0.030325592086	0.0244838769372	-0.0197689681666	-0.0163967682493	-0.0634984474245	-0.00344602018303	0.0540801646746	-0.00928296543544	0.00314663880419	-0.0568057500332	-0.0839474880766	0.0258247363367	0.0207128876585	-0.046332821644	0.0114226778749	0.0588275996556	0.00165586246698	1.0	-0.0594796845889	-0.0353953296005	0.0104847266413	-0.00323374654768	0.0143591288885	-0.0289332343428	-0.0162160824168	-0.0761624456997	0.0549280801681	0.015742131816	-0.0308778814466	0.0224254748036	0.0296276291673	-0.0495176298392	-0.00894075415348	0.0465207355753	0.0128098995052	0.0389553225578	0.00802141348416	0.00292950216592	0.00714291279996	-0.00217915634814	-0.00425578062362	-0.0809502096823	-0.0352877655527	-0.0315057965016	-0.0338351051346	-0.0744446146028	-0.0472123883607	-0.0821709426525	-0.00473129660994
k__Bacteria;p__Bacteroidetes;c__Bacteroidia;o__Bacteroidales;f__Porphyromonadaceae;g__Parabacteroides;s__Parabacteroides_johnsonii	0.0054049011011	-0.0256228537637	-0.0200961069085	-0.0163230398078	-0.0504080924701	0.0432581511627	-0.0173786622284	-0.0215405724215	0.000208324808099	0.0262497418759	0.0142931276634	-0.0313377645296	-0.0680763564396	-0.0203481765833	3.17654546915e-05	-0.0119536165578	0.0153451801173	-0.117178374956	-0.0664984417812	0.0517791885284	0.00180421062508	-0.128579144309	-0.0538966419345	0.0168571928238	-0.0432894283354	0.00903055967886	0.00274961935563	-0.0594796845889	1.0	0.010645181693	0.0330999886603	-0.0552284502327	0.0133823220413	0.0417379335044	-0.00901729772204	-0.0213081079693	0.0301960254576	-0.00493383050232	0.0844855685062	0.0301369377259	0.039709636699	-0.0617274730096	2.78393743113e-05	0.0337819289202	0.00653642206554	0.0216799700142	0.069534337194	0.00422391159601	-0.000784959051694	0.00609568508878	0.0268869841381	0.0191017197116	0.00407163196421	-0.0082943910054	-0.0205313020129	-0.043011272248	0.0314132959258	-0.0294469365143	-0.0581406110925
k__Bacteria;p__Actinobacteria;c__Actinobacteria;o__Bifidobacteriales;f__Bifidobacteriaceae;g__Bifidobacterium;s__Bifidobacterium_longum	0.00452216939161	0.00387425202465	-0.0253528957516	0.0403343613481	-0.0281222103588	-0.0947082149777	-0.0466539760452	-0.0376339260832	-0.0572218825838	-0.00549858864377	-0.00875320322809	-0.0109028395979	0.022119393724	0.0197945755858	-0.0271457749917	0.0105268900339	0.0251091229314	-0.0198566421443	-0.0247034386176	0.057076342183	0.0345604840798	-0.0317951042896	-0.0551890769429	-0.00465914949212	-0.00867948057037	-0.0463660246596	0.0636964595485	-0.0353953296005	0.010645181693	1.0	-0.0435857188439	-0.0140705070619	0.00391983040715	-0.0022750810117	-0.0187381304023	-0.0415002315517	-0.05875436535	0.0271937258233	-0.0367553351106	0.0801493194017	0.0207480985006	-0.106082251273	0.0390982581183	-0.00151721071661	-0.0321381107678	0.0179971089958	0.0140567917733	-0.00745574990365	0.0345618719167	0.0618941556451	0.0246400198084	-0.0437113077372	-0.0754761828253	-0.032878481057	0.024660739916	-0.0270575157335	0.00841625600741	-0.0793523911299	0.045646192338
