#taxonomy	k__Bacteria;p__Bacteroidetes;c__Bacteroidia;o__Bacteroidales;f__Bacteroidaceae;g__Bacteroides;s__Bacteroides_vulgatus	k__Bacteria;p__Bacteroidetes;c__Bacteroidia;o__Bacteroidales;f__Bacteroidaceae;g__Bacteroides;s__Bacteroides_uniformis	k__Bacteria;p__Bacteroidetes;c__Bacteroidia;o__Bacteroidales;f__Rikenellaceae;g__Alistipes;s__Alistipes_putredinis	k__Bacteria;p__Bacteroidetes;c__Bacteroidia;o__Bacteroidales;f__Prevotellaceae;g__Prevotella;s__Prevotella_copri	k__Bacteria;p__Bacteroidetes;c__Bacteroidia;o__Bacteroidales;f__Bacteroidaceae;g__Bacteroides;s__Bacteroides_stercoris	k__Bacteria;p__Bacteroidetes;c__Bacteroidia;o__Bacteroidales;f__Bacteroidaceae;g__Bacteroides;s__Bacteroides_ovatus	k__Bacteria;p__Bacteroidetes;c__Bacteroidia;o__Bacteroidales;f__Rikenellaceae;g__Alistipes;s__Alistipes_shahii	k__Bacteria;p__Firmicutes;c__Clostridia;o__Clostridiales;f__Ruminococcaceae;g__Faecalibacterium;s__Faecalibacterium_prausnitzii	k__Bacteria;p__Bacteroidetes;c__Bacteroidia;o__Bacteroidales;f__Rikenellaceae;g__Alistipes;s__Alistipes_finegoldii	k__Bacteria;p__Bacteroidetes;c__Bacteroidia;o__Bacteroidales;f__Porphyromonadaceae;g__Parabacteroides;s__Parabacteroides_distasonis	k__Bacteria;p__Bacteroidetes;c__Bacteroidia;o__Bacteroidales;f__Bacteroidaceae;g__Bacteroides;s__Bacteroides_thetaiotaomicron	k__Bacteria;p__Bacteroidetes;c__Bacteroidia;o__Bacteroidales;f__Bacteroidaceae;g__Bacteroides;s__Bacteroides_coprocola	k__Bacteria;p__Bacteroidetes;c__Bacteroidia;o__Bacteroidales;f__Bacteroidaceae;g__Bacteroides;s__Bacteroides_cellulosilyticus	k__Bacteria;p__Bacteroidetes;c__Bacteroidia;o__Bacteroidales;f__Rikenellaceae;g__Alistipes;s__Alistipes_obesi	k__Bacteria;p__Firmicutes;c__Clostridia;o__Clostridiales;f__Lachnospiraceae;g__;s__[Eubacterium]_rectale	k__Bacteria;p__Bacteroidetes;c__Bacteroidia;o__Bacteroidales;f__Bacteroidaceae;g__Bacteroides;s__Bacteroides_plebeius	k__Bacteria;p__Bacteroidetes;c__Bacteroidia;o__Bacteroidales;f__Bacteroidaceae;g__Bacteroides;s__Bacteroides_fragilis	k__Bacteria;p__Proteobacteria;c__Betaproteobacteria;o__Burkholderiales;f__Sutterellaceae;g__Sutterella;s__Sutterella_wadsworthensis	k__Bacteria;p__Bacteroidetes;c__Bacteroidia;o__Bacteroidales;f__Porphyromonadaceae;g__Barnesiella;s__Barnesiella_intestinihominis	k__Bacteria;p__Bacteroidetes;c__Bacteroidia;o__Bacteroidales;f__Odoribacteraceae;g__Odoribacter;s__Odoribacter_splanchnicus	k__Bacteria;p__Bacteroidetes;c__Bacteroidia;o__Bacteroidales;f__Bacteroidaceae;g__Bacteroides;s__Bacteroides_salyersiae	k__Bacteria;p__Firmicutes;c__Clostridia;o__Clostridiales;f__Ruminococcaceae;g__Ruminiclostridium;s__[Eubacterium]_siraeum	k__Bacteria;p__Proteobacteria;c__Betaproteobacteria;o__Burkholderiales;f__Sutterellaceae;g__Parasutterella;s__Parasutterella_excrementihominis	k__Bacteria;p__Actinobacteria;c__Actinobacteria;o__Bifidobacteriales;f__Bifidobacteriaceae;g__Bifidobacterium;s__Bifidobacterium_adolescentis	k__Bacteria;p__Firmicutes;c__Clostridia;o__Clostridiales;f__Oscillospiraceae;g__Oscillibacter;s__Oscillibacter_sp._KLE_1745	k__Bacteria;p__Bacteroidetes;c__Bacteroidia;o__Bacteroidales;f__Bacteroidaceae;g__Bacteroides;s__Bacteroides_coprophilus	k__Bacteria;p__Firmicutes;c__Clostridia;o__Clostridiales;f__Lachnospiraceae;g__Roseburia;s__Roseburia_intestinalis	k__Bacteria;p__Firmicutes;c__Clostridia;o__Clostridiales;f__Lachnospiraceae;g__Roseburia;s__Roseburia_hominis	k__Bacteria;p__Bacteroidetes;c__Bacteroidia;o__Bacteroidales;f__Porphyromonadaceae;g__Parabacteroides;s__Parabacteroides_johnsonii	k__Bacteria;p__Actinobacteria;c__Actinobacteria;o__Bifidobacteriales;f__Bifidobacteriaceae;g__Bifidobacterium;s__Bifidobacterium_longum	k__Bacteria;p__Firmicutes;c__Clostridia;o__Clostridiales;f__;g__Flavonifractor;s__Flavonifractor_plautii	k__Bacteria;p__Firmicutes;c__Clostridia;o__Clostridiales;f__Clostridiaceae;g__Clostridium;s__Clostridium_phoceensis	k__Bacteria;p__Verrucomicrobia;c__Verrucomicrobiae;o__Verrucomicrobiales;f__Akkermansiaceae;g__Akkermansia;s__Akkermansia_muciniphila	k__Bacteria;p__Bacteroidetes;c__Bacteroidia;o__Bacteroidales;f__Prevotellaceae;g__Paraprevotella;s__Paraprevotella_xylaniphila	k__Bacteria;p__Firmicutes;c__Clostridia;o__Clostridiales;f__Ruminococcaceae;g__Ruminococcus;s__Ruminococcus_callidus	k__Bacteria;p__Bacteroidetes;c__Bacteroidia;o__Bacteroidales;f__Rikenellaceae;g__Alistipes;s__Alistipes_senegalensis	k__Bacteria;p__Firmicutes;c__Clostridia;o__Clostridiales;f__Lachnospiraceae;g__Blautia;s__Blautia_sp._KLE_1732	k__Bacteria;p__Bacteroidetes;c__Bacteroidia;o__Bacteroidales;f__Bacteroidaceae;g__Bacteroides;s__Bacteroides_oleiciplenus	k__Bacteria;p__Firmicutes;c__Clostridia;o__Clostridiales;f__Ruminococcaceae;g__Ruminococcus;s__Ruminococcus_bicirculans	k__Bacteria;p__Bacteroidetes;c__Bacteroidia;o__Bacteroidales;f__Bacteroidaceae;g__Bacteroides;s__Bacteroides_fluxus	k__Bacteria;p__Bacteroidetes;c__Bacteroidia;o__Bacteroidales;f__Prevotellaceae;g__Prevotella;s__Prevotella_stercorea	k__Bacteria;p__Firmicutes;c__Clostridia;o__Clostridiales;f__Lachnospiraceae;g__Dorea;s__Dorea_longicatena	k__Bacteria;p__Firmicutes;c__Clostridia;o__Clostridiales;f__Eubacteriaceae;g__Eubacterium;s__[Eubacterium]_eligens	k__Bacteria;p__Firmicutes;c__Clostridia;o__Clostridiales;f__Ruminococcaceae;g__;s__Ruminococcaceae_bacterium_D16	k__Bacteria;p__Firmicutes;c__Clostridia;o__Clostridiales;f__Lachnospiraceae;g__Coprococcus;s__Coprococcus_comes	k__Bacteria;p__Proteobacteria;c__Gammaproteobacteria;o__Enterobacterales;f__Enterobacteriaceae;g__Escherichia;s__Escherichia_coli	k__Bacteria;p__Firmicutes;c__Clostridia;o__Clostridiales;f__Ruminococcaceae;g__Anaerotruncus;s__Anaerotruncus_colihominis	k__Bacteria;p__Firmicutes;c__Clostridia;o__Clostridiales;f__Lachnospiraceae;g__Blautia;s__Blautia_obeum	k__Bacteria;p__Bacteroidetes;c__Bacteroidia;o__Bacteroidales;f__Odoribacteraceae;g__Odoribacter;s__Odoribacter_laneus	k__Bacteria;p__Firmicutes;c__Clostridia;o__Clostridiales;f__Ruminococcaceae;g__Ruminiclostridium;s__[Clostridium]_leptum	k__Bacteria;p__Bacteroidetes;c__Bacteroidia;o__Bacteroidales;f__Porphyromonadaceae;g__Parabacteroides;s__Parabacteroides_goldsteinii	k__Bacteria;p__Firmicutes;c__Clostridia;o__Clostridiales;f__Lachnospiraceae;g__Anaerostipes;s__Anaerostipes_hadrus	k__Bacteria;p__Firmicutes;c__Clostridia;o__Clostridiales;f__Ruminococcaceae;g__Ruminococcus;s__Ruminococcus_lactaris	k__Bacteria;p__Firmicutes;c__Clostridia;o__Clostridiales;f__Clostridiaceae;g__Clostridium;s__Clostridium_sp._L2-50	k__Bacteria;p__Firmicutes;c__Clostridia;o__Clostridiales;f__Clostridiaceae;g__Clostridium;s__Clostridium_sp._M62/1	k__Bacteria;p__Firmicutes;c__Clostridia;o__Clostridiales;f__;g__Intestinimonas;s__Intestinimonas_butyriciproducens	k__Bacteria;p__Actinobacteria;c__Actinobacteria;o__Bifidobacteriales;f__Bifidobacteriaceae;g__Bifidobacterium;s__Bifidobacterium_bifidum	k__Bacteria;p__Firmicutes;c__Negativicutes;o__Veillonellales;f__Veillonellaceae;g__Dialister;s__Dialister_invisus	k__Bacteria;p__Bacteroidetes;c__Bacteroidia;o__Bacteroidales;f__Bacteroidaceae;g__Bacteroides;s__Bacteroides_salanitronis
k__Bacteria;p__Bacteroidetes;c__Bacteroidia;o__Bacteroidales;f__Bacteroidaceae;g__Bacteroides;s__Bacteroides_vulgatus	1.0	-0.0492775168757	0.0224053379707	-0.0351715730982	-0.0409504817483	0.0171590559048	0.00349028973642	-0.0616460960729	-0.0204281116142	-0.0178705860646	0.0702647199597	0.0115124472462	-0.0478175369629	-0.000131074544744	0.00999927944737	-0.0439346667872	0.0699967674225	-0.0655583553293	-0.00425584014099	-0.00487314006374	-0.0519812128928	0.000747929597703	-0.00588563713481	-0.0409122189529	8.09627150359e-05	0.0118940139934	0.021279061624	0.0348930934551	-0.018772988186	-0.00391619373853	-0.0653813433423	0.00899259228332	0.0217181270735	0.000833583977436	0.0262360254633	0.00543926950963	-0.0695324367374	-0.0275810251121	0.00957959767379	-0.051757689277	0.0153273497379	-0.00354390633916	0.0239889259532	-0.052053889896	-0.0411137246695	0.0113173014154	-0.0389030225634	-0.0203695372513	0.0350584685026	-0.0187855632844	-0.025901724723	0.056019922324	0.0282395574102	0.0707335685056	0.0301204634915	-0.00810863618854	-0.0268642468102	0.0963279418303	0.00951319962795
k__Bacteria;p__Bacteroidetes;c__Bacteroidia;o__Bacteroidales;f__Bacteroidaceae;g__Bacteroides;s__Bacteroides_uniformis	-0.0492775168757	1.0	0.0642455599924	0.0527961604177	-0.0243544424362	0.0355354536164	-0.0068227045421	-0.0489198930925	-0.0193321118659	-0.00598228366087	0.0128605990279	-0.0344250920255	0.00997532998526	-0.0176441931006	0.0163518047331	-0.0276995502161	-0.0584586781319	0.0051976935414	-0.0237018280692	0.0126012529352	0.021766590957	0.0433275286779	-0.0223818436769	0.0520392562371	0.000318019731169	-0.0147875293478	-0.019522301102	0.0564349942611	-0.0822209314293	0.0209952393509	0.00984668016782	-0.118768603739	0.021291394406	-0.0430308776743	-0.00992695582098	-0.0773265182677	0.00841510249954	0.0366054281813	0.0325006202374	0.0325241993104	-0.0189712727344	-0.0486346404702	0.00296805581028	-0.0315823073549	0.0290558994469	0.0366951067651	-0.0307922594085	-0.0287796573009	-0.0171558560447	0.0131647235976	-0.0116375272859	-0.029947264009	0.00222610742076	0.0256384348849	-0.00676012396921	-0.0256148467144	-0.0471143736986	-0.0475925756296	-0.00654135353134
k__Bacteria;p__Bacteroidetes;c__Bacteroidia;o__Bacteroidales;f__Rikenellaceae;g__Alistipes;s__Alistipes_putredinis	0.0224053379707	0.0642455599924	1.0	0.0247657286156	-0.0298810166921	0.000122582806678	-0.0462889612994	0.00197017911443	0.0143438534044	0.0364059788361	-0.0154648498203	0.00925967752918	-0.0480021810722	0.00322662939531	-0.0576781515444	0.0204267626337	0.00323274375991	-0.0252077081258	-0.016541448638	0.0134521128082	0.028481568258	-0.0419731481166	0.0113464568972	-0.0454770126213	-0.0400521334982	-0.0604299524059	-0.00115670857356	-0.0588605193886	0.00622376294361	0.0354595142963	-0.0506942049841	0.0185265343738	-0.0222633367951	-0.0519511787381	-0.0130882214455	-0.00541452595282	0.00338857142139	-0.0289633331868	0.0386528323951	0.0699434684738	-0.00815845830185	-0.0252677328968	-0.0807982448219	0.063052573121	-0.0272666019571	0.0374406000821	-0.00599063362629	-0.036396149819	0.047680167099	-0.0108523170116	-0.0166629953669	-0.0467574218508	-0.0369556183048	0.0083034921658	-0.0794305429699	0.00409415127898	-0.0213202246421	-0.0219035581037	0.0227251285544
k__Bacteria;p__Bacteroidetes;c__Bacteroidia;o__Bacteroidales;f__Prevotellaceae;g__Prevotella;s__Prevotella_copri	-0.0351715730982	0.0527961604177	0.0247657286156	1.0	-0.01957243944	0.0857459535087	-0.03083313439	0.0387407542393	0.0375339635333	-0.0331574031657	0.0539317496742	0.0238293419831	-0.0196039127629	0.0160858257246	0.00772203424961	-0.0221834580353	-0.0223329617405	-0.041149047892	-0.0317480707484	-0.0460518816063	0.0414457942256	-0.0277817604333	-0.0481653159466	0.0238474992483	-0.0110695489713	0.0394216872839	-0.0208362524708	-0.03209923301	-0.0106086374058	-0.0209243614363	-0.00749989166548	0.0472982529314	-0.0511705358985	-0.0453803473308	-0.0242089626788	-0.0294776620584	0.0199773598537	0.00669568715117	-0.0438632147568	-0.0109916595372	0.0056063413156	-0.0245712987855	-0.0426086979166	-0.00711569683247	-0.0144507744388	0.121676608226	0.0289645313504	-0.0113178065855	-0.0302868998584	-0.00250591685038	-0.0139180954204	0.037479056974	-0.0306371585539	0.00330172920482	-0.0179831287678	-0.026820555125	0.0159836676402	-0.0430490304822	-0.0307696289148
k__Bacteria;p__Bacteroidetes;c__Bacteroidia;o__Bacteroidales;f__Bacteroidaceae;g__Bacteroides;s__Bacteroides_stercoris	-0.0409504817483	-0.0243544424362	-0.0298810166921	-0.01957243944	1.0	-0.0185835247685	-0.0170172233164	-0.0707427259922	-0.0179346954861	-0.0232595928989	-0.096716455416	-0.0138034837093	0.000921716838288	-0.0193460146093	0.0131043420894	-0.0378898503254	-0.00178038639449	0.015221061024	-0.00438109868723	0.00914690052021	-0.0159073370723	0.0190378667638	-0.00614445140133	0.0688220080995	0.0266517851571	-0.0510529845017	-0.0496384698745	0.032084901548	-0.0270366312751	-0.0209321015711	0.0337185858846	0.0442565832208	-0.0401397405747	0.00332797906016	-0.0187218797831	-0.00512343260564	-0.0475334359081	-0.0208016763924	0.0270498151784	-0.0235968323209	0.0794960766934	0.0284488094262	-0.0621209417143	-0.00512682362404	-0.00292690843321	-0.0222621354154	-0.0193385823132	-0.0150641673377	0.0430217879004	0.00767501598353	-0.0445470744316	0.0310181791002	0.0055063280867	0.0289297419061	-0.0406456397053	-0.0240270412076	-0.0631231314025	0.0857313631736	-0.0426505464902
k__Bacteria;p__Bacteroidetes;c__Bacteroidia;o__Bacteroidales;f__Bacteroidaceae;g__Bacteroides;s__Bacteroides_ovatus	0.0171590559048	0.0355354536164	0.000122582806678	0.0857459535087	-0.0185835247685	1.0	-0.0504406799831	-0.0261599774025	-0.0283237097248	-0.0638617386139	-0.000531495769525	-0.081172622636	0.0493689599551	-0.00879980829514	0.00182818108602	-0.0499195369099	-0.0124135710052	-0.0179332559467	-0.0238861530722	-0.0970253021362	0.00581082308855	0.00743010823096	0.0447597278327	-0.00480213945348	-0.032105031006	-0.0145793633738	-0.0272825641071	-0.016178136782	-0.0288323076051	-0.0119814125003	0.00475932564278	0.0440154569057	-0.0303820128175	0.0102156860682	-0.0273008230403	0.00467336478049	0.0627933647948	-0.0506094683857	0.0337777295356	-0.100700358231	-0.0260261110856	0.00215011222683	0.00731116365041	0.0340675293665	0.00256757222722	-0.0126874305142	-0.00500261512783	0.0205759913059	-0.00642884790875	0.0216386252454	0.0041976400878	0.0621873846225	-0.0334592771824	0.0534813238485	0.0292665117567	-0.0255300795998	0.03402087808	-0.0801222711661	0.0301841022126
k__Bacteria;p__Bacteroidetes;c__Bacteroidia;o__Bacteroidales;f__Rikenellaceae;g__Alistipes;s__Alistipes_shahii	0.00349028973642	-0.0068227045421	-0.0462889612994	-0.03083313439	-0.0170172233164	-0.0504406799831	1.0	-0.0134405479507	-0.0642762238102	-0.0237495794259	-0.0185515381887	0.00440233942568	0.0170183022067	-0.00781781463931	-0.0222707182446	-0.0776503094523	-0.0472408412719	-0.0400090978739	0.054643615359	0.00614745539778	-0.023486984613	0.00309499375968	-0.0497187232044	-0.0830338047649	-0.0218792157579	-0.00828352620231	-0.0314253853853	-0.0369342711622	-0.0142708846586	-0.0369977690277	0.00885307800548	0.0330818826153	0.0173055921679	-0.0206599661366	0.00187139088541	0.0309182586363	-0.0701368988573	0.0496131251347	-0.00967550945102	0.0283301227174	-0.016544071437	0.0193088618421	0.0446464421637	0.0153383622764	0.00728252380341	0.0230449379086	0.0209653269836	0.0125446181566	-0.0724218639958	-0.0321089633082	0.0527702618005	-0.0204920234547	-0.0400826375212	-0.0607636062664	0.0691063869312	0.0203549728719	-0.0200732104068	-0.023307885253	0.0150099146401
k__Bacteria;p__Firmicutes;c__Clostridia;o__Clostridiales;f__Ruminococcaceae;g__Faecalibacterium;s__Faecalibacterium_prausnitzii	-0.0616460960729	-0.0489198930925	0.00197017911443	0.0387407542393	-0.0707427259922	-0.0261599774025	-0.0134405479507	1.0	0.0296366062807	0.00396341716201	0.0318937568881	-0.0195260938541	-0.0339823528098	-0.0182345110772	0.0566853326622	-0.0236632433724	0.0185187008355	-0.00243883724082	0.0361088239362	0.0341282431896	0.00897438377311	-0.025465787891	-0.013206879561	0.0338238075874	-0.0574241724865	-0.0420446918158	-0.048752673813	0.0809766209647	0.0482059895599	-0.00824504107925	0.0208460579684	-0.0499136460787	-0.0561163132481	0.0584345479246	0.0010658483816	0.035945023899	0.011225801414	-0.00810106204933	-0.0497919900015	-0.00852525875927	0.0176909297237	-0.0382144658335	0.0546008102422	-0.0103001098468	0.0116507104863	0.0419145187675	-0.0662533602948	0.00416010964628	0.0375385997582	0.00942765463537	-0.0325583374772	0.0745128727129	-0.0155855390368	-0.0602702721301	-0.00632690505408	-0.0164352515248	0.0137998861201	0.0637735100426	-0.00202765704816
k__Bacteria;p__Bacteroidetes;c__Bacteroidia;o__Bacteroidales;f__Rikenellaceae;g__Alistipes;s__Alistipes_finegoldii	-0.0204281116142	-0.0193321118659	0.0143438534044	0.0375339635333	-0.0179346954861	-0.0283237097248	-0.0642762238102	0.0296366062807	1.0	-0.0131078623758	0.00658887996374	0.0178773454875	-0.00433481188835	-0.0151003772197	0.0461864162162	-0.00757311160003	0.0483136425905	-0.0138929414954	0.0153621734831	0.0227487995499	-0.00260147344578	0.0087300671248	-0.0769119080775	-0.0300926421677	-0.0609045315686	-0.0453922240671	0.000948927681296	0.00760326684932	0.043678548482	-0.0129273600922	-0.0138778915498	-0.055020292246	-0.0403162258528	0.0731378600137	-0.0297224686107	0.05007565526	-0.00927241454703	-0.0265214326499	0.0140849992114	-0.0184861163266	-0.0338540240403	-0.0177066706077	0.0441125514553	-0.0222073263109	-0.0334199864763	0.00108314577019	0.002104361052	-0.0215105129366	8.18571907188e-05	-0.0125231397247	-0.0344709862979	-0.0682125606887	-0.0452788121042	-0.0397753068212	0.00514079902904	0.0305222594482	-0.0594293444909	0.0325077816432	-0.00269718252261
k__Bacteria;p__Bacteroidetes;c__Bacteroidia;o__Bacteroidales;f__Porphyromonadaceae;g__Parabacteroides;s__Parabacteroides_distasonis	-0.0178705860646	-0.00598228366087	0.0364059788361	-0.0331574031657	-0.0232595928989	-0.0638617386139	-0.0237495794259	0.00396341716201	-0.0131078623758	1.0	-0.00643919081166	-0.0259834146366	-0.015521339919	-0.0409173629963	-0.0203027643399	0.0378247689394	-0.00920927653507	-0.0131250148783	0.0609397026971	0.0252036527882	0.0242811234982	0.00137102929625	0.00361785016226	0.0338581982713	-0.0216390519436	-0.0496528055742	-0.00477405191051	-0.0476260043049	-0.0131044450718	0.0426727527323	0.0254096208799	-0.0331910831132	0.0222139541487	-0.0531791959923	0.0308185541439	-0.0215686923819	-0.0189799194743	-0.0190616933665	-0.0337505690277	0.00416561400701	-0.0207207989392	-0.0632576593907	0.0477890961143	0.0495513920734	0.0193359152779	0.0365940366926	0.0250664966209	0.0110063670187	-0.0164911086491	0.0361176897903	-0.00562570356138	-0.0491431446797	0.00469932145159	0.0070012785014	-0.0351610163468	-0.0208237935813	0.0128700118882	0.0113636002539	-0.00953520072684
k__Bacteria;p__Bacteroidetes;c__Bacteroidia;o__Bacteroidales;f__Bacteroidaceae;g__Bacteroides;s__Bacteroides_thetaiotaomicron	0.0702647199597	0.0128605990279	-0.0154648498203	0.0539317496742	-0.096716455416	-0.000531495769525	-0.0185515381887	0.0318937568881	0.00658887996374	-0.00643919081166	1.0	0.00738899932055	0.075953341682	-0.015732283566	-0.0141349556083	0.0543343676968	0.046937002146	-0.0405442866535	-0.0110255052682	-0.0596169791255	0.0301438440483	0.0127802384956	-0.03074976948	-0.0324015171434	-0.0291889015042	-0.0265554321256	-0.0680496047369	-0.0190655186699	-0.00574072009341	0.0217569523172	0.0180118857883	-0.0288721536448	-0.014980149996	0.0131650888208	-0.0023526276716	-0.0777153599676	0.0307575004213	-0.0359047569967	-0.0348943371352	0.0299765055152	-0.0267022860628	-0.0829665764307	-0.0192346328737	0.00664546308537	-0.060285336802	0.0261777577359	0.0254507989989	-0.0447901330646	0.00393814304602	-0.0184968773748	-0.0681699583787	0.0409284503001	-0.0352839397375	0.0305127529677	0.0237908812273	0.0103489354967	0.0552019857989	0.0161005168912	-0.0423773794594
k__Bacteria;p__Bacteroidetes;c__Bacteroidia;o__Bacteroidales;f__Bacteroidaceae;g__Bacteroides;s__Bacteroides_coprocola	0.0115124472462	-0.0344250920255	0.00925967752918	0.0238293419831	-0.0138034837093	-0.081172622636	0.00440233942568	-0.0195260938541	0.0178773454875	-0.0259834146366	0.00738899932055	1.0	0.00165724227171	-0.0204711566022	0.00689092814154	-0.0206904508458	-0.0320174937291	-0.0149328929764	-0.0265032677534	-0.0152260424678	0.0216298724485	0.0671826247899	-0.0857509061289	-0.0561140874897	0.0357272152451	-0.0117934483997	0.00103877356526	0.023437436648	0.0107593317083	-0.0133845469457	0.0398387422933	-0.0274160459927	0.0157217136843	-0.0525043991509	0.0115262903032	-0.0294473942419	-0.100607668911	0.027694093645	-0.00610998295277	0.0214669922587	-0.0453766060219	0.0555013330759	-0.0170444440488	0.0231721271253	-0.0050608544818	-0.0886658464699	0.0436079895953	0.00641152440523	-0.00948603487737	0.00406310488748	-0.0111996570318	-0.0140521928055	0.0146433344946	-0.0375739416647	-0.0382815254107	0.00420943764001	0.0134057657221	-0.0297777319837	0.00603394953266
k__Bacteria;p__Bacteroidetes;c__Bacteroidia;o__Bacteroidales;f__Bacteroidaceae;g__Bacteroides;s__Bacteroides_cellulosilyticus	-0.0478175369629	0.00997532998526	-0.0480021810722	-0.0196039127629	0.000921716838288	0.0493689599551	0.0170183022067	-0.0339823528098	-0.00433481188835	-0.015521339919	0.075953341682	0.00165724227171	1.0	0.00485004026902	-0.0390147084956	-0.0298783616619	-0.0397898161907	0.0052270878077	-0.00524515345066	-0.0120141506297	-0.0175962228442	0.0284288608979	-0.046173483259	-0.0209828468662	-0.00570963430079	-0.000297995626145	-0.0405302878214	0.0817755215954	-0.0448107963306	0.0112674604686	-0.0271354117614	0.0132129823536	-0.0264028644431	-0.00979001863896	-0.0173332887543	-0.050849359184	0.050290434988	0.0261187219274	-0.0010090889943	-0.0108343614359	0.0554359157232	-0.0769862139941	0.0487656703255	-0.0146188088042	-0.00352446372933	-0.0308423303266	0.0449974426717	-0.0406682407854	-0.00371982760469	-0.045066279772	-0.0190947853192	0.0117145938591	-0.011444197286	-0.0238531027498	0.0386905303607	-0.0307483823326	0.0118147565026	0.0152815530831	0.0418136431223
k__Bacteria;p__Bacteroidetes;c__Bacteroidia;o__Bacteroidales;f__Rikenellaceae;g__Alistipes;s__Alistipes_obesi	-0.000131074544744	-0.0176441931006	0.00322662939531	0.0160858257246	-0.0193460146093	-0.00879980829514	-0.00781781463931	-0.0182345110772	-0.0151003772197	-0.0409173629963	-0.015732283566	-0.0204711566022	0.00485004026902	1.0	-0.0158800723666	-0.002157894713	-0.0884037249834	0.0902082359429	0.012086332745	-0.0184469036821	-0.0363241744634	-0.0479102127165	-0.0339321910108	-0.0161631540676	-0.06824757889	-0.0499834238259	-0.0446087903433	-0.0152912906326	-0.0344103109305	-0.0545970178545	0.0274988684937	-0.0339288742182	-0.0338384258087	0.0231046815872	0.0544835186163	-0.0215816995236	-0.0556217644154	-0.0720183085854	-0.0112407872845	0.00652952026146	-0.0181422506793	-0.0187247109699	-0.0311686123233	-0.0420641966558	-0.0177499497844	-0.0195723146432	0.0238239377911	0.00427317710036	0.03639426503	0.048521817456	-0.0145035366755	0.0236177833304	0.0394485276361	0.0229650047218	0.00744585499005	0.0115416954341	0.0454668300742	0.0175677671924	0.011256152393
k__Bacteria;p__Firmicutes;c__Clostridia;o__Clostridiales;f__Lachnospiraceae;g__;s__[Eubacterium]_rectale	0.00999927944737	0.0163518047331	-0.0576781515444	0.00772203424961	0.0131043420894	0.00182818108602	-0.0222707182446	0.0566853326622	0.0461864162162	-0.0203027643399	-0.0141349556083	0.00689092814154	-0.0390147084956	-0.0158800723666	1.0	-0.00196886569704	0.0794181158353	0.00285141268438	-0.0434200060053	0.032715446988	0.027218746371	-0.054040470173	-0.0276637715372	0.0409804120199	0.000122471295959	0.0371948329852	0.0189701755244	-0.0789804881171	0.0106895105187	-0.0383092798361	-0.0192442765802	-0.00394440267396	-0.0124605513957	-0.00680964580098	-0.000767449196783	-0.00649242082018	-0.0339425609506	-0.0141422432818	-0.0252593666058	0.0106934454954	-0.04857899086	-0.00642464636523	0.039589056172	-0.0160207040435	0.0287716321225	0.0274747086837	-0.0388625228181	-0.0295486113007	0.0560984932669	0.0232840228315	0.00167295496422	-0.00393593162041	-0.00401293512572	-0.0314984704069	-0.0678831839087	0.0599567338121	-0.0421665402117	-0.0468093487342	-0.0841726426136
k__Bacteria;p__Bacteroidetes;c__Bacteroidia;o__Bacteroidales;f__Bacteroidaceae;g__Bacteroides;s__Bacteroides_plebeius	-0.0439346667872	-0.0276995502161	0.0204267626337	-0.0221834580353	-0.0378898503254	-0.0499195369099	-0.0776503094523	-0.0236632433724	-0.00757311160003	0.0378247689394	0.0543343676968	-0.0206904508458	-0.0298783616619	-0.002157894713	-0.00196886569704	1.0	0.0258985418688	0.0413051344079	-0.00653157951916	0.0148625295879	-0.0633317522636	-0.00428347209053	0.0252166458293	-0.0222792877107	-0.0272767276704	-0.0151163491794	0.00119225754842	0.0309240688563	0.0445158786095	-0.0290409147097	-0.0127142949399	-0.0160518606475	0.027454151115	-0.027143387161	-0.0217634372059	-0.0121439715685	-0.0490696948823	0.0295235664919	0.00873294794668	0.0194235009882	-0.0253930545033	-0.0365163558472	0.000313525925008	-0.0461076799559	0.0509695102285	0.0151811210671	-0.0578860889872	-0.00216381469804	-0.00264157064721	-0.0305410317571	0.0188416241014	-0.0574776012457	0.00603017351287	-0.00560868244522	-0.0171396178199	0.066197229622	-0.00212689710375	-0.0154325759041	-0.0553860692906
k__Bacteria;p__Bacteroidetes;c__Bacteroidia;o__Bacteroidales;f__Bacteroidaceae;g__Bacteroides;s__Bacteroides_fragilis	0.0699967674225	-0.0584586781319	0.00323274375991	-0.0223329617405	-0.00178038639449	-0.0124135710052	-0.0472408412719	0.0185187008355	0.0483136425905	-0.00920927653507	0.046937002146	-0.0320174937291	-0.0397898161907	-0.0884037249834	0.0794181158353	0.0258985418688	1.0	0.0307794609776	0.0217079930781	-0.0202746678379	0.0493583375024	0.0160351559855	-0.0239480711562	0.0114021400314	-0.0336895001561	0.0113864770077	-0.00517105742629	-0.00479568382856	-0.0315998259003	0.00580412135521	-0.0601403693255	-0.0369984168306	-0.0788433495292	-0.0370078910688	-0.000142719984583	-0.0146763731084	-0.0237239865895	0.0183823132603	0.0303428398084	-0.0525253320964	0.0136713963254	-0.0167373138983	-0.0163526908775	-0.0366555359439	-0.00476858248333	0.0304488003051	-0.0650886314111	-0.000703817082354	0.0437475925037	-0.0287279033346	-0.00255139125625	0.0320477161977	-0.0282965719583	0.0554864938154	-0.0399797657182	0.010770185563	-0.0317180289647	-0.0409368255626	-0.0357979503428
k__Bacteria;p__Proteobacteria;c__Betaproteobacteria;o__Burkholderiales;f__Sutterellaceae;g__Sutterella;s__Sutterella_wadsworthensis	-0.0655583553293	0.0051976935414	-0.0252077081258	-0.041149047892	0.015221061024	-0.0179332559467	-0.0400090978739	-0.00243883724082	-0.0138929414954	-0.0131250148783	-0.0405442866535	-0.0149328929764	0.0052270878077	0.0902082359429	0.00285141268438	0.0413051344079	0.0307794609776	1.0	-0.0480185941477	0.0365087549231	0.0736381742078	-0.00669821453301	0.00862011722202	-0.0181612119409	-0.045457813381	-0.0268115227177	0.02243723275	-0.0159544259675	-0.0188644929703	0.0643670029245	0.037827844374	-0.052249216046	-0.0443386534913	-0.0173703594742	-0.0498537509392	-0.0909138547686	-0.0115619751634	0.0105340917036	-0.0208900757271	-0.0330211477055	-0.009535911995	-0.00500392265052	0.00971517748282	0.00391536714564	-0.0436411877554	0.0202786762154	0.0279159747497	0.00945779033603	-0.085053875548	0.00854391725219	0.00577777682254	-0.00110560106858	0.0621738960937	-0.00965489119299	0.0028673303104	0.00812908217692	-0.0102271406569	-0.0400554294972	0.0396634858182
k__Bacteria;p__Bacteroidetes;c__Bacteroidia;o__Bacteroidales;f__Porphyromonadaceae;g__Barnesiella;s__Barnesiella_intestinihominis	-0.00425584014099	-0.0237018280692	-0.016541448638	-0.0317480707484	-0.00438109868723	-0.0238861530722	0.054643615359	0.0361088239362	0.0153621734831	0.0609397026971	-0.0110255052682	-0.0265032677534	-0.00524515345066	0.012086332745	-0.0434200060053	-0.00653157951916	0.0217079930781	-0.0480185941477	1.0	-0.0017325904768	-0.0124680035391	-0.0655803113865	0.0233854098919	0.0133167180893	-0.0908358086488	0.0119204160653	-0.0193526071642	0.00294647740103	0.00478925273506	-0.0521149799261	0.00897079289474	0.00591340914906	0.0362127906456	-0.0126024046597	0.0309415310485	-0.00478412054061	0.00626207951381	-0.0254028651328	-0.0659708671647	-0.00510086623782	-0.0311180134946	0.0254514704576	-0.0522218367604	0.0172620675709	-0.0275883416098	-0.00908017024852	0.0267592321274	0.0320360692338	-0.0131827353994	-0.0520851784942	-0.0532481163939	0.0514032407538	0.0274788246266	-0.0246970025463	0.054139008599	0.0328565275657	0.0117757014894	-0.0117314100341	0.0197032407516
k__Bacteria;p__Bacteroidetes;c__Bacteroidia;o__Bacteroidales;f__Odoribacteraceae;g__Odoribacter;s__Odoribacter_splanchnicus	-0.00487314006374	0.0126012529352	0.0134521128082	-0.0460518816063	0.00914690052022	-0.0970253021362	0.00614745539778	0.0341282431896	0.0227487995499	0.0252036527882	-0.0596169791255	-0.0152260424678	-0.0120141506297	-0.0184469036821	0.032715446988	0.0148625295879	-0.0202746678379	0.0365087549231	-0.0017325904768	1.0	-0.0124691640792	-0.036848809255	0.0116720358548	0.0111129511509	-0.0318703274892	-0.0715579004431	0.0416209140726	-0.0644288400656	-0.0391146390749	-0.0192464718954	-0.0356652941162	-0.0333509756894	-0.0273744376135	0.0183436186901	-0.0474833997395	-0.00289942621274	0.0292252392704	-0.0633573482365	0.00710918896164	-0.0124591420297	-0.0443659669677	0.0155038695214	-0.0630862491183	0.0305214533349	-0.0385017831275	0.00348856633323	-0.0686923693106	0.00587456613691	-0.0125110441696	0.0103058111639	0.0204405637463	-0.0229153149458	-0.0649934721431	-0.0384383355879	-0.0597860555581	-0.00918425469243	0.0246763641864	0.0321264107264	0.000679981393876
k__Bacteria;p__Bacteroidetes;c__Bacteroidia;o__Bacteroidales;f__Bacteroidaceae;g__Bacteroides;s__Bacteroides_salyersiae	-0.0519812128928	0.021766590957	0.028481568258	0.0414457942256	-0.0159073370723	0.00581082308855	-0.023486984613	0.00897438377311	-0.00260147344578	0.0242811234982	0.0301438440483	0.0216298724485	-0.0175962228442	-0.0363241744634	0.027218746371	-0.0633317522636	0.0493583375024	0.0736381742078	-0.0124680035391	-0.0124691640792	1.0	-0.0780375422622	-0.0292225603964	-0.00600480104442	-0.00853614672249	0.0315360763067	-0.0396654325961	-0.026309786096	-0.0260616694545	-0.0311429988369	-0.0101346473161	-0.0114198917318	-0.0410569348219	-0.00541368271397	-0.0586114563907	-0.0545028884412	-0.0195845267159	-0.0482758853577	-0.0346968828007	-0.039740697807	-0.0526066249141	0.0206472229998	-0.0104095502366	0.0776674379175	-0.03683418661	-0.00322013716722	-0.00498821244665	-0.0172233633625	-0.0117385932249	0.0406921422752	0.0571173913047	-0.0534012568412	-0.0215609724349	-0.0226384343821	-0.0228377332459	-0.0171497951494	0.0232726543194	0.0327889407388	-0.0271719089508
k__Bacteria;p__Firmicutes;c__Clostridia;o__Clostridiales;f__Ruminococcaceae;g__Ruminiclostridium;s__[Eubacterium]_siraeum	0.000747929597703	0.0433275286779	-0.0419731481166	-0.0277817604333	0.0190378667638	0.00743010823096	0.00309499375968	-0.025465787891	0.0087300671248	0.00137102929625	0.0127802384956	0.0671826247899	0.0284288608979	-0.0479102127165	-0.054040470173	-0.00428347209053	0.0160351559855	-0.00669821453301	-0.0655803113865	-0.036848809255	-0.0780375422622	1.0	0.0293678820973	-0.0230056433871	-0.0140615600245	0.0149059209701	-0.062539884748	0.0131241908124	0.0222286884139	-0.0775960855432	-0.0670658407383	0.00494815276484	-0.0357094296882	0.0365009812926	-0.0296032426174	-0.0203804703886	0.012227500605	-0.00210553780348	-0.0328596382457	0.0747089494405	0.0410650064129	0.0246052693777	0.0228357048391	0.0612224985637	0.0321115898801	-0.0660736376021	-0.0454589799664	0.0300124150887	-0.0175124824568	-0.0384296708255	0.0226891733648	0.00590556274294	-0.0935531624845	0.0261862188954	-0.0424393287195	-0.0244519015401	0.0176433691846	-0.0087034009246	0.0685385847409
k__Bacteria;p__Proteobacteria;c__Betaproteobacteria;o__Burkholderiales;f__Sutterellaceae;g__Parasutterella;s__Parasutterella_excrementihominis	-0.00588563713481	-0.0223818436769	0.0113464568972	-0.0481653159466	-0.00614445140133	0.0447597278327	-0.0497187232044	-0.013206879561	-0.0769119080775	0.00361785016226	-0.03074976948	-0.0857509061289	-0.046173483259	-0.0339321910108	-0.0276637715372	0.0252166458293	-0.0239480711562	0.00862011722202	0.0233854098919	0.0116720358548	-0.0292225603964	0.0293678820973	1.0	-0.00988960379032	-0.000405747996437	-0.014339461211	0.00512353935284	-0.00837405023568	0.00398167045848	0.0369679065655	0.0769206165508	0.020763799934	0.0223394576537	-0.0332635006336	0.0141047850502	0.0601924815458	0.0304893573961	0.02797079403	-0.0131419965688	-0.0518130163239	-0.0679068157577	0.0514768073098	-0.0491461749559	-0.0557786974229	0.0612049501793	0.0174561504199	-0.0516268653527	-0.0404937098071	-0.0714521637984	0.0248164263005	-0.0152031403304	0.0186204238784	0.0331045491122	0.0402059628135	0.02344961149	-0.0412032625528	0.0273391450517	0.0617319722778	-0.00232404966829
k__Bacteria;p__Actinobacteria;c__Actinobacteria;o__Bifidobacteriales;f__Bifidobacteriaceae;g__Bifidobacterium;s__Bifidobacterium_adolescentis	-0.0409122189529	0.0520392562371	-0.0454770126213	0.0238474992483	0.0688220080995	-0.00480213945348	-0.0830338047649	0.0338238075874	-0.0300926421677	0.0338581982713	-0.0324015171434	-0.0561140874897	-0.0209828468662	-0.0161631540676	0.0409804120199	-0.0222792877107	0.0114021400314	-0.0181612119409	0.0133167180893	0.0111129511509	-0.00600480104442	-0.0230056433871	-0.00988960379032	1.0	-0.0415520179687	-0.0642755093688	0.0515592488975	0.00959589047244	-0.0117067610305	-0.022263844319	-0.0209608797429	-0.00515805153383	0.0104316080564	-0.0227855279021	0.00725778734581	0.0250176459558	0.0267254156384	0.0377312997062	-0.00580338796568	0.022777961058	-0.00234674069339	-0.0778517511306	0.0536052520631	0.00109809817648	-0.0043383055717	0.0302184701682	0.00787121963563	-0.0148007994948	0.036620695319	-0.057163404453	0.0252461633887	0.0637715033747	-0.0326337919916	-0.0135899457942	-0.0210751251711	-0.0336437380732	-0.0352128678852	-0.0510982281459	-0.0900286018628
k__Bacteria;p__Firmicutes;c__Clostridia;o__Clostridiales;f__Oscillospiraceae;g__Oscillibacter;s__Oscillibacter_sp._KLE_1745	8.09627150359e-05	0.000318019731169	-0.0400521334982	-0.0110695489713	0.0266517851571	-0.032105031006	-0.0218792157579	-0.0574241724865	-0.0609045315686	-0.0216390519436	-0.0291889015042	0.0357272152451	-0.00570963430079	-0.06824757889	0.000122471295959	-0.0272767276704	-0.0336895001561	-0.045457813381	-0.0908358086488	-0.0318703274892	-0.00853614672249	-0.0140615600245	-0.000405747996437	-0.0415520179687	1.0	-0.00695773056016	-0.0117537321887	0.00456748113761	0.0857618824054	0.044652397799	-0.0129065414867	0.00586640411113	0.0268263672401	0.0177484572613	0.0269521629369	0.00284170907879	0.015998624292	-0.00903798865743	0.0606289267002	0.020700998653	0.0373465941424	-0.0213748514124	-0.0889415242115	0.0382050439878	-0.0182523375498	-0.017968411036	0.0485732269897	-0.0619806642713	0.00344715202198	-0.0443000369512	0.0793237917946	-0.0471935509152	0.0172877124595	-0.0279745799471	-0.0179530149966	0.000830573938302	-0.0318418768086	0.0176467193757	0.00458126797917
k__Bacteria;p__Bacteroidetes;c__Bacteroidia;o__Bacteroidales;f__Bacteroidaceae;g__Bacteroides;s__Bacteroides_coprophilus	0.0118940139934	-0.0147875293478	-0.0604299524059	0.0394216872839	-0.0510529845017	-0.0145793633738	-0.00828352620231	-0.0420446918158	-0.0453922240671	-0.0496528055742	-0.0265554321256	-0.0117934483997	-0.000297995626145	-0.0499834238259	0.0371948329852	-0.0151163491794	0.0113864770077	-0.0268115227177	0.0119204160653	-0.0715579004431	0.0315360763067	0.0149059209701	-0.014339461211	-0.0642755093688	-0.00695773056016	1.0	-0.00725107403689	-0.0244486568308	0.0338309723553	-0.00297675322645	-0.05426927289	-0.0206040893769	-0.00130151471082	0.0219289276782	0.00315695239401	-0.0544963718097	0.00155104740672	-0.0248231201675	-0.00061358055229	-0.0787183836361	-0.011995679032	-0.000511602710352	0.0696153109856	0.0187824233472	0.00619551153313	0.0321926015496	0.00463559265428	-0.0486565711188	-0.0347665876655	0.0388986536784	-0.0138479966751	-0.0857856783506	0.0170179210701	0.0141005384598	0.0211746409051	-0.00803855809811	-0.0298083019682	0.02755015828	0.0229739214046
k__Bacteria;p__Firmicutes;c__Clostridia;o__Clostridiales;f__Lachnospiraceae;g__Roseburia;s__Roseburia_intestinalis	0.021279061624	-0.019522301102	-0.00115670857356	-0.0208362524708	-0.0496384698745	-0.0272825641071	-0.0314253853853	-0.048752673813	0.000948927681296	-0.00477405191051	-0.0680496047369	0.00103877356526	-0.0405302878214	-0.0446087903433	0.0189701755244	0.00119225754842	-0.00517105742629	0.02243723275	-0.0193526071642	0.0416209140726	-0.0396654325961	-0.062539884748	0.00512353935284	0.0515592488975	-0.0117537321887	-0.00725107403689	1.0	0.00871610855688	-0.0280647312852	0.0228415797684	0.0353114811523	0.00097089056112	-0.0513019295007	-0.0387471582611	-0.0311203340483	-0.00683809979226	0.00702704919999	-0.0707677769895	0.00309034021642	0.00316574160975	-0.00754924974044	-0.0346220935816	-0.0618979035216	-0.00985589607115	-0.0141922455546	0.0333469699915	0.0174326484583	-0.00392809196383	-0.0167845107386	-0.0171354541593	-0.0133302828453	-0.0459119839808	0.0248882871411	-0.0774569492859	-0.013816731543	0.00536276363747	-0.0360740445901	0.0554566758732	0.0111917993426
k__Bacteria;p__Firmicutes;c__Clostridia;o__Clostridiales;f__Lachnospiraceae;g__Roseburia;s__Roseburia_hominis	0.0348930934551	0.0564349942611	-0.0588605193886	-0.03209923301	0.032084901548	-0.016178136782	-0.0369342711622	0.0809766209647	0.00760326684932	-0.0476260043049	-0.0190655186699	0.023437436648	0.0817755215954	-0.0152912906326	-0.0789804881171	0.0309240688563	-0.00479568382856	-0.0159544259675	0.00294647740103	-0.0644288400656	-0.026309786096	0.0131241908124	-0.00837405023568	0.00959589047244	0.00456748113761	-0.0244486568308	0.00871610855688	1.0	0.0231056806967	0.0437792886915	0.0109043961334	-0.0145447445895	0.0189418246245	0.0766743333716	-0.00271023716052	-0.00777760352679	-0.0748700350724	0.0434628735102	-0.0226260883293	-0.0200869255932	0.039793683683	-0.0609070748017	-0.0323155774093	-0.0605309209735	-0.0305307659022	0.0302514967319	-0.0144162822597	-0.0572249310642	-0.0116656487456	-0.0658313644933	-0.0962178554859	0.0170802976602	0.0413088836369	0.0408057052999	0.0652638643749	-0.0173149687946	-0.00459585511803	-0.0075881659771	-0.0183915798491
k__Bacteria;p__Bacteroidetes;c__Bacteroidia;o__Bacteroidales;f__Porphyromonadaceae;g__Parabacteroides;s__Parabacteroides_johnsonii	-0.018772988186	-0.0822209314293	0.00622376294361	-0.0106086374058	-0.0270366312751	-0.0288323076051	-0.0142708846586	0.0482059895599	0.043678548482	-0.0131044450718	-0.00574072009341	0.0107593317083	-0.0448107963306	-0.0344103109305	0.0106895105187	0.0445158786095	-0.0315998259003	-0.0188644929703	0.00478925273506	-0.0391146390749	-0.0260616694545	0.0222286884139	0.00398167045848	-0.0117067610305	0.0857618824054	0.0338309723553	-0.0280647312852	0.0231056806967	1.0	-0.00982970145286	-0.0086688130845	-0.00542645247314	-0.0863684808483	0.0367485970863	0.0687522236893	-0.0125756349904	0.0858233815435	-0.052332161629	-0.0215975505893	-0.015026101219	0.0700165247718	0.00923162699162	-0.00734195842662	-0.0493601833179	-0.0491091125542	-0.0593085624621	-0.0212240321719	-0.084393219508	0.0079948032325	0.00317960598896	0.0130622242152	0.0271123241925	-0.0241338075068	0.0444385774128	-0.0267399967954	0.00371582753102	-0.021358471312	-0.0353631993309	-0.0215619658789
k__Bacteria;p__Actinobacteria;c__Actinobacteria;o__Bifidobacteriales;f__Bifidobacteriaceae;g__Bifidobacterium;s__Bifidobacterium_longum	-0.00391619373853	0.0209952393509	0.0354595142963	-0.0209243614363	-0.0209321015711	-0.0119814125003	-0.0369977690277	-0.00824504107925	-0.0129273600922	0.0426727527323	0.0217569523172	-0.0133845469457	0.0112674604686	-0.0545970178545	-0.0383092798361	-0.0290409147097	0.00580412135521	0.0643670029245	-0.0521149799261	-0.0192464718954	-0.0311429988369	-0.0775960855432	0.0369679065655	-0.022263844319	0.044652397799	-0.00297675322645	0.0228415797684	0.0437792886915	-0.00982970145286	1.0	-0.0195152623607	-0.0282005329471	-0.0212477449162	0.0498685912085	0.00346448252417	0.0374785863326	0.0033123406486	0.0246156282347	-0.0128281850697	-0.0587083107772	0.0112979022616	-0.0400271674583	0.0178410646748	-0.0531575684725	-0.0105292905966	0.0160188737522	0.00767943754938	-0.0333528719699	0.01541394049	-0.06146048612	0.0416447960948	-0.0820814867443	-0.0301513337299	-0.0211505724212	0.0306705650964	-0.0128459519212	-0.0351818603046	0.00280736705792	0.0130427492929
