#taxonomy	k__Bacteria;p__Bacteroidetes;c__Bacteroidia;o__Bacteroidales;f__Bacteroidaceae;g__Bacteroides;s__Bacteroides_vulgatus	k__Bacteria;p__Bacteroidetes;c__Bacteroidia;o__Bacteroidales;f__Bacteroidaceae;g__Bacteroides;s__Bacteroides_uniformis	k__Bacteria;p__Bacteroidetes;c__Bacteroidia;o__Bacteroidales;f__Rikenellaceae;g__Alistipes;s__Alistipes_putredinis	k__Bacteria;p__Bacteroidetes;c__Bacteroidia;o__Bacteroidales;f__Prevotellaceae;g__Prevotella;s__Prevotella_copri	k__Bacteria;p__Bacteroidetes;c__Bacteroidia;o__Bacteroidales;f__Bacteroidaceae;g__Bacteroides;s__Bacteroides_stercoris	k__Bacteria;p__Bacteroidetes;c__Bacteroidia;o__Bacteroidales;f__Bacteroidaceae;g__Bacteroides;s__Bacteroides_ovatus	k__Bacteria;p__Bacteroidetes;c__Bacteroidia;o__Bacteroidales;f__Rikenellaceae;g__Alistipes;s__Alistipes_shahii	k__Bacteria;p__Firmicutes;c__Clostridia;o__Clostridiales;f__Ruminococcaceae;g__Faecalibacterium;s__Faecalibacterium_prausnitzii	k__Bacteria;p__Bacteroidetes;c__Bacteroidia;o__Bacteroidales;f__Rikenellaceae;g__Alistipes;s__Alistipes_finegoldii	k__Bacteria;p__Bacteroidetes;c__Bacteroidia;o__Bacteroidales;f__Porphyromonadaceae;g__Parabacteroides;s__Parabacteroides_distasonis	k__Bacteria;p__Bacteroidetes;c__Bacteroidia;o__Bacteroidales;f__Bacteroidaceae;g__Bacteroides;s__Bacteroides_thetaiotaomicron	k__Bacteria;p__Bacteroidetes;c__Bacteroidia;o__Bacteroidales;f__Bacteroidaceae;g__Bacteroides;s__Bacteroides_coprocola	k__Bacteria;p__Bacteroidetes;c__Bacteroidia;o__Bacteroidales;f__Bacteroidaceae;g__Bacteroides;s__Bacteroides_cellulosilyticus	k__Bacteria;p__Bacteroidetes;c__Bacteroidia;o__Bacteroidales;f__Rikenellaceae;g__Alistipes;s__Alistipes_obesi	k__Bacteria;p__Firmicutes;c__Clostridia;o__Clostridiales;f__Lachnospiraceae;g__;s__[Eubacterium]_rectale	k__Bacteria;p__Bacteroidetes;c__Bacteroidia;o__Bacteroidales;f__Bacteroidaceae;g__Bacteroides;s__Bacteroides_plebeius	k__Bacteria;p__Bacteroidetes;c__Bacteroidia;o__Bacteroidales;f__Bacteroidaceae;g__Bacteroides;s__Bacteroides_fragilis	k__Bacteria;p__Proteobacteria;c__Betaproteobacteria;o__Burkholderiales;f__Sutterellaceae;g__Sutterella;s__Sutterella_wadsworthensis	k__Bacteria;p__Bacteroidetes;c__Bacteroidia;o__Bacteroidales;f__Porphyromonadaceae;g__Barnesiella;s__Barnesiella_intestinihominis	k__Bacteria;p__Bacteroidetes;c__Bacteroidia;o__Bacteroidales;f__Odoribacteraceae;g__Odoribacter;s__Odoribacter_splanchnicus	k__Bacteria;p__Bacteroidetes;c__Bacteroidia;o__Bacteroidales;f__Bacteroidaceae;g__Bacteroides;s__Bacteroides_salyersiae	k__Bacteria;p__Firmicutes;c__Clostridia;o__Clostridiales;f__Ruminococcaceae;g__Ruminiclostridium;s__[Eubacterium]_siraeum	k__Bacteria;p__Proteobacteria;c__Betaproteobacteria;o__Burkholderiales;f__Sutterellaceae;g__Parasutterella;s__Parasutterella_excrementihominis	k__Bacteria;p__Actinobacteria;c__Actinobacteria;o__Bifidobacteriales;f__Bifidobacteriaceae;g__Bifidobacterium;s__Bifidobacterium_adolescentis	k__Bacteria;p__Firmicutes;c__Clostridia;o__Clostridiales;f__Oscillospiraceae;g__Oscillibacter;s__Oscillibacter_sp._KLE_1745	k__Bacteria;p__Bacteroidetes;c__Bacteroidia;o__Bacteroidales;f__Bacteroidaceae;g__Bacteroides;s__Bacteroides_coprophilus	k__Bacteria;p__Firmicutes;c__Clostridia;o__Clostridiales;f__Lachnospiraceae;g__Roseburia;s__Roseburia_intestinalis	k__Bacteria;p__Firmicutes;c__Clostridia;o__Clostridiales;f__Lachnospiraceae;g__Roseburia;s__Roseburia_hominis	k__Bacteria;p__Bacteroidetes;c__Bacteroidia;o__Bacteroidales;f__Porphyromonadaceae;g__Parabacteroides;s__Parabacteroides_johnsonii	k__Bacteria;p__Actinobacteria;c__Actinobacteria;o__Bifidobacteriales;f__Bifidobacteriaceae;g__Bifidobacterium;s__Bifidobacterium_longum	k__Bacteria;p__Firmicutes;c__Clostridia;o__Clostridiales;f__;g__Flavonifractor;s__Flavonifractor_plautii	k__Bacteria;p__Firmicutes;c__Clostridia;o__Clostridiales;f__Clostridiaceae;g__Clostridium;s__Clostridium_phoceensis	k__Bacteria;p__Verrucomicrobia;c__Verrucomicrobiae;o__Verrucomicrobiales;f__Akkermansiaceae;g__Akkermansia;s__Akkermansia_muciniphila	k__Bacteria;p__Bacteroidetes;c__Bacteroidia;o__Bacteroidales;f__Prevotellaceae;g__Paraprevotella;s__Paraprevotella_xylaniphila	k__Bacteria;p__Firmicutes;c__Clostridia;o__Clostridiales;f__Ruminococcaceae;g__Ruminococcus;s__Ruminococcus_callidus	k__Bacteria;p__Bacteroidetes;c__Bacteroidia;o__Bacteroidales;f__Rikenellaceae;g__Alistipes;s__Alistipes_senegalensis	k__Bacteria;p__Firmicutes;c__Clostridia;o__Clostridiales;f__Lachnospiraceae;g__Blautia;s__Blautia_sp._KLE_1732	k__Bacteria;p__Bacteroidetes;c__Bacteroidia;o__Bacteroidales;f__Bacteroidaceae;g__Bacteroides;s__Bacteroides_oleiciplenus	k__Bacteria;p__Firmicutes;c__Clostridia;o__Clostridiales;f__Ruminococcaceae;g__Ruminococcus;s__Ruminococcus_bicirculans	k__Bacteria;p__Bacteroidetes;c__Bacteroidia;o__Bacteroidales;f__Bacteroidaceae;g__Bacteroides;s__Bacteroides_fluxus	k__Bacteria;p__Bacteroidetes;c__Bacteroidia;o__Bacteroidales;f__Prevotellaceae;g__Prevotella;s__Prevotella_stercorea	k__Bacteria;p__Firmicutes;c__Clostridia;o__Clostridiales;f__Lachnospiraceae;g__Dorea;s__Dorea_longicatena	k__Bacteria;p__Firmicutes;c__Clostridia;o__Clostridiales;f__Eubacteriaceae;g__Eubacterium;s__[Eubacterium]_eligens	k__Bacteria;p__Firmicutes;c__Clostridia;o__Clostridiales;f__Ruminococcaceae;g__;s__Ruminococcaceae_bacterium_D16	k__Bacteria;p__Firmicutes;c__Clostridia;o__Clostridiales;f__Lachnospiraceae;g__Coprococcus;s__Coprococcus_comes	k__Bacteria;p__Proteobacteria;c__Gammaproteobacteria;o__Enterobacterales;f__Enterobacteriaceae;g__Escherichia;s__Escherichia_coli	k__Bacteria;p__Firmicutes;c__Clostridia;o__Clostridiales;f__Ruminococcaceae;g__Anaerotruncus;s__Anaerotruncus_colihominis	k__Bacteria;p__Firmicutes;c__Clostridia;o__Clostridiales;f__Lachnospiraceae;g__Blautia;s__Blautia_obeum	k__Bacteria;p__Bacteroidetes;c__Bacteroidia;o__Bacteroidales;f__Odoribacteraceae;g__Odoribacter;s__Odoribacter_laneus	k__Bacteria;p__Firmicutes;c__Clostridia;o__Clostridiales;f__Ruminococcaceae;g__Ruminiclostridium;s__[Clostridium]_leptum	k__Bacteria;p__Bacteroidetes;c__Bacteroidia;o__Bacteroidales;f__Porphyromonadaceae;g__Parabacteroides;s__Parabacteroides_goldsteinii	k__Bacteria;p__Firmicutes;c__Clostridia;o__Clostridiales;f__Lachnospiraceae;g__Anaerostipes;s__Anaerostipes_hadrus	k__Bacteria;p__Firmicutes;c__Clostridia;o__Clostridiales;f__Ruminococcaceae;g__Ruminococcus;s__Ruminococcus_lactaris	k__Bacteria;p__Firmicutes;c__Clostridia;o__Clostridiales;f__Clostridiaceae;g__Clostridium;s__Clostridium_sp._L2-50	k__Bacteria;p__Firmicutes;c__Clostridia;o__Clostridiales;f__Clostridiaceae;g__Clostridium;s__Clostridium_sp._M62/1	k__Bacteria;p__Firmicutes;c__Clostridia;o__Clostridiales;f__;g__Intestinimonas;s__Intestinimonas_butyriciproducens	k__Bacteria;p__Actinobacteria;c__Actinobacteria;o__Bifidobacteriales;f__Bifidobacteriaceae;g__Bifidobacterium;s__Bifidobacterium_bifidum	k__Bacteria;p__Firmicutes;c__Negativicutes;o__Veillonellales;f__Veillonellaceae;g__Dialister;s__Dialister_invisus	k__Bacteria;p__Bacteroidetes;c__Bacteroidia;o__Bacteroidales;f__Bacteroidaceae;g__Bacteroides;s__Bacteroides_salanitronis
k__Bacteria;p__Bacteroidetes;c__Bacteroidia;o__Bacteroidales;f__Bacteroidaceae;g__Bacteroides;s__Bacteroides_vulgatus	1.0	0.000560143028172	0.00365785828687	-0.0690920149429	0.0666206939085	-0.00504747250016	-0.0385396819086	-0.0226070312821	-0.0180533655694	0.0120944596988	-0.0174961591314	0.00258177496603	-0.0879668668358	-0.0273445000439	-0.009701910107	-0.0100489901268	-0.0211848511703	0.0276062592468	0.00476630033317	-0.0107877091442	0.0160046517107	0.0198960372605	-0.0509913737866	-0.0316680743567	-0.0414034005149	-0.00418332754095	0.0442292010827	-0.0429012106691	-0.0148649680645	-0.0121735615005	0.00273343066193	-0.0228739150808	0.0181532906275	-0.00319439390335	-0.0343187761755	0.0155590989475	-0.0148134385917	-0.0489169086	-0.0294318435437	0.0217347455197	-0.0399798654599	0.0234562620453	0.0661935909993	-0.0325589901176	-0.0112192445823	-0.0175222465258	0.0173838320478	-0.0142722570678	-0.00571266141308	-0.073106837167	-0.00231732002707	-0.00838617141626	0.0584871231554	0.0229238156593	-0.024810790441	0.00780791137533	-0.0220384341326	-0.0634074747957	0.0137840173892
k__Bacteria;p__Bacteroidetes;c__Bacteroidia;o__Bacteroidales;f__Bacteroidaceae;g__Bacteroides;s__Bacteroides_uniformis	0.000560143028171	1.0	-0.0231112500547	-0.0262198576885	0.0239068506423	-0.0334178537399	-0.0569048912836	-0.046393788706	0.0441029031239	-0.0227570625799	-0.0147914386868	-0.0188537846897	4.25442116353e-05	-0.0258902489586	-0.000799224848215	-0.0203345967056	0.011860176249	0.0188577960129	-0.0890736496167	0.036991054674	-0.0361724277624	0.0161413311008	-0.0442996429601	0.0200134202023	0.00685676202921	0.000469855442788	0.0205088252629	0.0910636002395	-0.0142152765291	0.00278830227674	-0.0517708769604	0.00927546383716	-0.0552786056617	-0.0424848441468	-0.0376260769043	-0.00612917121825	-0.0327553105935	0.0435129788132	0.0104897615966	-0.0248122232688	-0.0308268818813	-0.0408492341408	-0.0659497428183	0.0142016693961	0.0111768914039	-0.0427442073327	-0.0582149007984	0.0131664802381	0.0131450911289	0.00551033162885	0.00117510637824	-0.011578251615	-0.113802226509	0.0186785595425	0.0313598221144	0.0371216569394	0.0531971269318	-0.072221049818	0.0400270121546
k__Bacteria;p__Bacteroidetes;c__Bacteroidia;o__Bacteroidales;f__Rikenellaceae;g__Alistipes;s__Alistipes_putredinis	0.00365785828687	-0.0231112500547	1.0	0.0144988023109	-0.0376484526621	-0.00239666768672	-0.0140212197802	-0.046327851414	-0.0555656717912	-0.0106411641569	-3.65897394468e-05	-0.0329493994375	0.0146314416767	-0.0181511845955	-0.0833655166303	-0.0133066121613	-0.0868836396652	-0.0207570234903	0.0338921516194	0.0247441273663	-0.0454402264088	-0.0431909480994	0.0473844225365	-0.0282067175801	-0.0508836234491	0.0287256132175	-0.00132341360637	0.016685909121	-0.0140011437388	0.0236432121019	0.0754362367482	-0.0108447457133	0.0248157900808	-0.013580096941	-0.0218240266843	-0.0446241615465	0.00929318717827	-0.00655947515974	-0.0603073354066	-0.011503191063	-0.000600962248308	-0.0595517690783	0.00434405657117	-0.030166907372	-0.0189064453286	0.0157897890718	0.0219338606353	-0.0427081129419	0.00666003110631	0.0145312172325	0.0192225835924	-0.0104798722454	-0.00581010660158	-0.0253289458178	0.0201923230964	-0.00201293917315	0.00790069476227	-0.0173542019863	0.0355027410557
k__Bacteria;p__Bacteroidetes;c__Bacteroidia;o__Bacteroidales;f__Prevotellaceae;g__Prevotella;s__Prevotella_copri	-0.0690920149429	-0.0262198576885	0.0144988023109	1.0	0.0327159058074	-0.0302188046349	0.00462341712306	-0.0146824159328	0.0272498948952	0.00334269337823	0.0289689392246	-0.0135319487781	0.0487564111443	0.00305178881542	0.0114101566122	0.0632069476141	0.0288464511416	-0.015312930272	0.00367938340507	0.0270355118238	0.0204473554751	-0.0413596343852	-0.0588208256781	0.0180809154528	-0.0257742748359	0.00238634737621	-0.0493279974075	-0.0266996833735	-0.0314301157127	-0.0232395277382	0.0232832060226	-0.0589230066683	-0.0374857315749	-0.0235628114492	-0.0479102237172	0.00537779772475	-0.0711106491435	0.0392405497942	0.0128082010952	0.0253014962064	0.0149120627158	-0.00874520504192	-0.0516707197696	-0.0194774677504	-0.069227501056	0.0213071173855	0.0144948969585	-0.0434454922617	0.0779454672035	0.0339351830722	0.0232686427585	-0.00255374625497	0.0212905604736	-0.0052168133571	-0.0251027004792	-0.0217950532261	0.030621789397	0.0396211147609	-0.0775252253295
k__Bacteria;p__Bacteroidetes;c__Bacteroidia;o__Bacteroidales;f__Bacteroidaceae;g__Bacteroides;s__Bacteroides_stercoris	0.0666206939085	0.0239068506423	-0.0376484526621	0.0327159058074	1.0	0.0130648441241	-0.0487467458701	-0.0486237610154	-0.00847411595146	-0.0169152518977	0.0540164715117	-0.0265653423567	0.0242116796067	-0.046303612831	-0.0516124912135	0.0237801695578	-0.0227203577054	-0.0209926001372	-0.00177208034557	0.0246538975434	-0.0428748153443	-0.0681137849033	0.0329258629902	0.0182635925579	0.0624747319763	-0.00144090179814	-0.0191014651771	0.00799313183	-0.0292383223922	0.0120384380131	0.010591408461	0.00879460317164	-0.0546563451782	0.0116868667366	0.0625297977263	0.0259078427799	-0.0117199676954	-0.0959296555367	0.0364343444234	0.0438088817403	-0.0332242915555	-0.0326762709614	-0.0537147767836	0.0302077294001	-0.0371809531159	-0.0666407712894	0.0807566201915	-0.00800690734847	-0.0227493279109	-0.0650979032043	-0.0256777940172	-0.00203395643079	-0.0189752605075	-0.0857107458037	-0.0171557178566	-0.0185702593442	-0.00628984720263	-0.0046094488843	0.0426222127857
k__Bacteria;p__Bacteroidetes;c__Bacteroidia;o__Bacteroidales;f__Bacteroidaceae;g__Bacteroides;s__Bacteroides_ovatus	-0.00504747250016	-0.0334178537399	-0.00239666768672	-0.0302188046349	0.0130648441241	1.0	-0.0539908513475	-0.0224080553437	0.0130627096997	-0.0259573637941	-0.000601131827029	0.00767290550434	-0.0371537036564	0.0309865722093	0.00504767350692	-0.0661541607309	-0.0187110052672	0.0245163673535	-0.00228298499047	-0.00824666086923	-0.00992271938129	0.0140262451373	-0.0964815297007	0.0978966976988	0.0291291368515	-0.0117783004368	-0.0553734947532	0.0315063998316	0.0156053033968	0.0421390514402	-0.0300130479962	0.0337521949824	0.0676356881282	0.0226568529182	0.0202292173285	-0.0654769942142	0.0366368712097	-0.0263045304259	-0.0302867739305	0.0537443678593	-0.0361270514351	-0.00867178203073	-0.015744826514	-0.0162030631564	-0.0378890906553	-0.0256036416956	-0.0313589862191	-0.0814940331683	0.0110945267391	-0.00573465170542	-0.0546176949981	0.0274038120106	-0.0651137586445	0.0267817090618	-0.00829784066881	0.0417386167768	0.0102749555985	-0.0485098787369	-0.0285818118011
k__Bacteria;p__Bacteroidetes;c__Bacteroidia;o__Bacteroidales;f__Rikenellaceae;g__Alistipes;s__Alistipes_shahii	-0.0385396819086	-0.0569048912836	-0.0140212197802	0.00462341712306	-0.0487467458701	-0.0539908513475	1.0	-0.0371384235575	-0.0373439710418	0.0180990858505	0.024500370255	-0.0124475407667	0.035727045344	0.013073745376	-0.0455537536288	-0.0103233928042	0.05709292137	-0.0184033190154	0.0563161348057	-0.0103896364586	0.00849897327368	-0.0607556407888	0.0147864607465	-0.00952040420089	-0.0784919004478	-0.0627944244673	0.0218806383321	-0.0323797785876	0.0369147627662	-0.0101717440846	0.0242649600375	-0.0118085505032	-0.0524913572143	0.0207300041799	-0.0349027667272	-0.0580310232326	-0.0490849712555	0.0115039303364	-0.0101364547557	-0.0153264345677	-0.0276895351344	-0.0048318015402	0.0590075981419	-0.0352762512108	-0.0156784952531	-0.0378001712811	0.0555292222601	0.021176120123	-0.0191236912653	-0.0281042715011	0.0234474019524	-0.0117260858067	-0.00326840178266	0.0448703658226	-0.0578191242731	-0.0230501637847	-0.032511375234	-0.0741523959606	0.0103098722113
k__Bacteria;p__Firmicutes;c__Clostridia;o__Clostridiales;f__Ruminococcaceae;g__Faecalibacterium;s__Faecalibacterium_prausnitzii	-0.0226070312821	-0.046393788706	-0.046327851414	-0.0146824159328	-0.0486237610154	-0.0224080553437	-0.0371384235575	1.0	0.0194151931706	-0.0200022235704	0.00850534403929	-0.0107979874548	-0.00651834041497	0.0182080534923	0.0220841280653	-0.0123937182655	0.0127047129518	-0.0469694682605	-0.0395242695328	-0.0116701357197	-0.0246218297803	0.00127177621877	-0.0581018997605	-0.00416977114624	0.0146389375093	0.0213470811285	0.0224284208686	0.0897823569133	0.0408213164951	0.0454615258297	0.0587967365848	0.0120844683862	-0.0061500323623	-0.0253466734375	-0.00754917808474	-0.0121441588817	-0.00883627760197	-0.0148214662353	-0.00451314591477	-0.0263408510739	0.0160450824636	-0.0158431007375	0.00519012327224	-0.0421984558612	-0.0173083900237	0.0372353137909	-0.00935869094992	0.0403360266833	-0.00774109299664	0.000129942018297	-0.0131689518009	0.00822953455191	-0.00305339518974	-0.0404749121065	-0.0228202499112	-0.0495524491184	-0.00906053805123	-0.0581969104302	-0.00838358985451
k__Bacteria;p__Bacteroidetes;c__Bacteroidia;o__Bacteroidales;f__Rikenellaceae;g__Alistipes;s__Alistipes_finegoldii	-0.0180533655694	0.0441029031239	-0.0555656717912	0.0272498948952	-0.00847411595146	0.0130627096997	-0.0373439710418	0.0194151931706	1.0	-0.0145429112768	0.0282094743058	0.0434669727388	0.0150504335484	0.0275110216024	-0.0485324173509	-0.0067109385931	-0.021722759705	0.00434375299384	0.00417589804608	-0.000767684915336	-0.0870134963634	-0.0263422834887	-0.0278763785478	0.0751101379874	0.00416809921489	-0.0270143710058	0.00967204067326	-0.0629865775554	-0.0387270484223	-0.0659339856562	-0.0256234703419	-0.0195220421125	0.0592136047053	0.0107460724113	-0.0475327849165	-0.0528104527995	0.0129607229725	-0.0258689575518	-0.0159127206603	0.0104193759238	0.00761955442533	0.00224515696267	0.030292169966	0.0368834628994	-0.00167727928021	0.041993302014	-0.0837501787648	-0.0595925290259	0.0583747441516	0.0218765617794	-0.000483394226101	0.0236661712966	-0.0528699933823	0.011393786237	-0.00521254623256	-0.0487481501152	-0.0183765264678	-0.046872601644	-0.0311689301967
k__Bacteria;p__Bacteroidetes;c__Bacteroidia;o__Bacteroidales;f__Porphyromonadaceae;g__Parabacteroides;s__Parabacteroides_distasonis	0.0120944596988	-0.0227570625799	-0.0106411641569	0.00334269337823	-0.0169152518977	-0.0259573637941	0.0180990858505	-0.0200022235704	-0.0145429112768	1.0	-0.00242302560763	-0.00173218557836	-0.0111988709097	-0.0494070460887	-0.00153399912037	-0.00631149964471	-0.0301831560509	-0.0500244724693	0.0114576956719	0.0294717990337	-0.0153890222926	-0.017785147157	0.047076463115	-0.0354970825683	-0.0155519517046	-0.011189374406	-0.0481139942573	-0.017037327796	-0.0408174512485	0.0149427958191	-0.0634776248338	0.0218284021382	0.0037028786777	0.0696261404245	-0.0224671452665	-0.00362679031829	-0.01423943042	-0.00396428596098	-0.0527115677737	-0.0110550402195	0.0404730938563	-0.0495601425728	-0.0440851612141	-0.0136736354052	-0.0440688338826	-0.0100157901073	-0.0298813594728	-0.0385928397278	0.0206524642197	0.00748449169461	0.0120509028877	-0.0172588211621	-0.00621287651829	0.0037248262601	0.0345917386802	0.0525718342745	-0.0323163580351	0.00508801553293	0.0570396615878
k__Bacteria;p__Bacteroidetes;c__Bacteroidia;o__Bacteroidales;f__Bacteroidaceae;g__Bacteroides;s__Bacteroides_thetaiotaomicron	-0.0174961591314	-0.0147914386868	-3.65897394468e-05	0.0289689392246	0.0540164715117	-0.000601131827029	0.024500370255	0.00850534403929	0.0282094743058	-0.00242302560763	1.0	-0.0302718238067	-0.00874902244527	-0.00157775100212	-0.00966701906098	-0.00864936452689	-0.0291072221523	-0.0235450618557	-0.0122284879967	-0.095480571801	0.013001698784	0.00323254174137	0.0749386639759	0.00713686101172	-0.0645796861863	-0.00297625574357	-0.0290753009104	-0.0281175766597	-0.0232913616133	0.00674075002619	0.0122248815321	-0.0319151493355	0.023661189195	0.00271470502607	-0.0375127009387	-0.0162396846461	-0.0874538443972	0.0138124641918	-0.00922656345202	0.026900292224	0.00976565885707	-0.00734341349488	-0.0575607928878	-0.0433066142832	-0.0332879265906	0.0128958089193	-0.00631622855311	0.0460304954657	-0.00803304780374	-0.00734474129972	-0.0267901137791	0.00760768340752	0.00732136559746	-0.00767483814843	-0.000468074648923	-0.0515476355005	-0.0226181471307	-0.0128940638785	0.0302898828907
k__Bacteria;p__Bacteroidetes;c__Bacteroidia;o__Bacteroidales;f__Bacteroidaceae;g__Bacteroides;s__Bacteroides_coprocola	0.00258177496603	-0.0188537846897	-0.0329493994375	-0.0135319487781	-0.0265653423567	0.00767290550434	-0.0124475407667	-0.0107979874548	0.0434669727388	-0.00173218557836	-0.0302718238067	1.0	0.0079926349805	-0.0908978661824	0.0021538084874	0.0530382447752	-0.0382643712935	-0.0548866554067	-0.0972854910765	-0.0490558934169	-0.0328944675499	0.0555332427346	-0.00524656196587	0.0386968495321	-0.0277480806614	-0.0368067563396	0.0237243861913	-0.065509982063	0.0217195826573	-0.0427844455767	-0.0335211358257	0.00582225908193	-0.0640703421492	0.000298330663057	0.0688282631255	0.00234167600921	0.00389435586238	0.0173593827832	-0.045065744938	0.0145284252579	-0.0176458411405	0.00226439360709	-0.0262869147012	-0.0259088925905	-0.020920693577	0.00461356066641	0.020273833294	0.0208261048331	-0.051193661723	-0.0344591064248	0.0126926700044	0.0131326048067	0.0114491941998	-0.0577639086268	-0.0472627336103	-0.00442885746728	-0.011187570836	-0.00325369045175	-0.00139045213565
k__Bacteria;p__Bacteroidetes;c__Bacteroidia;o__Bacteroidales;f__Bacteroidaceae;g__Bacteroides;s__Bacteroides_cellulosilyticus	-0.0879668668358	4.25442116353e-05	0.0146314416767	0.0487564111443	0.0242116796067	-0.0371537036564	0.035727045344	-0.00651834041497	0.0150504335484	-0.0111988709097	-0.00874902244527	0.0079926349805	1.0	-0.0379199673278	-0.0511061792703	0.0029847124846	0.0335133626724	-0.0379058626627	0.0210089525613	0.0206722323969	0.00689559456482	-0.061829800884	0.0477505201137	-0.0552736641218	-0.0435532503107	-0.0257946736797	-0.00993473239154	0.0106771775036	-0.0217187966563	-0.0394961337979	-0.0393525301408	-0.0243077526562	-0.0350965175723	-0.056043312831	-0.0100809769898	0.00999367905645	-0.027634788738	-0.00977342076917	-0.0786922069937	0.00194750974582	-0.0753898935673	-0.0673976325211	-0.00169043468776	0.0419017244366	0.00775396630577	-0.0322659751879	0.0560584275961	-0.00108200695098	0.00114832569208	-0.0365059958088	0.0546837585	0.0040206924048	0.002398646299	-0.0599727465916	0.0244548852441	-0.0184763148496	0.0385932362032	0.0200544913022	-0.0261768625547
k__Bacteria;p__Bacteroidetes;c__Bacteroidia;o__Bacteroidales;f__Rikenellaceae;g__Alistipes;s__Alistipes_obesi	-0.0273445000439	-0.0258902489586	-0.0181511845955	0.00305178881542	-0.046303612831	0.0309865722093	0.013073745376	0.0182080534923	0.0275110216024	-0.0494070460887	-0.00157775100212	-0.0908978661824	-0.0379199673278	1.0	-0.0404966105461	-0.0129728565527	-0.0032724528164	-0.0264968409432	0.0305641710136	-0.0114535640515	-0.0477000932302	0.0669515005924	-0.00608811366685	-0.075079237444	0.00907556466719	0.017239492725	0.0188796184899	-0.0386388253614	0.0115960788388	-0.0137187933785	0.054021456884	0.0735141345795	-0.0264508946584	-0.0584123196952	0.0178876783529	-0.0791669342647	-0.0541883783699	-0.026705911784	0.0154320320904	0.0525829880063	-0.086541865185	-0.0494508220659	-0.0507811222827	0.0414957420906	-0.0409537662618	-0.0159153313098	-0.00304303755794	-0.00653745249511	-0.0503795599018	-0.0203660698751	0.0141494480234	0.00383088436	-0.0548909535785	0.0569380028275	-0.0139459897787	-0.0156074727662	0.0131215459186	-0.0854341708183	0.0248373967769
k__Bacteria;p__Firmicutes;c__Clostridia;o__Clostridiales;f__Lachnospiraceae;g__;s__[Eubacterium]_rectale	-0.00970191010701	-0.000799224848215	-0.0833655166303	0.0114101566122	-0.0516124912135	0.00504767350692	-0.0455537536288	0.0220841280653	-0.0485324173509	-0.00153399912037	-0.00966701906098	0.0021538084874	-0.0511061792703	-0.0404966105461	1.0	-0.0374428897475	-0.0921409405584	0.00875287851447	0.027506005257	0.0410561672428	-0.00689656546173	0.0360450145499	-0.0610847516095	-0.015531652066	0.0127487476157	-0.0231763433948	-0.0203710451894	-0.00183958290031	0.015214987384	-0.029809198043	0.0140814674398	0.0148518294655	0.0409403743437	0.0157703165895	0.0266083727734	0.00540803542675	-0.026529291871	-0.0484711877998	0.0645036207013	-0.029510785513	0.0166024307822	0.0667932471986	-0.0179123091839	-0.00764733492647	-0.0375303080326	-0.0200698065035	-0.0689908839956	0.0161510909312	-0.0301289551664	-0.0153380829002	-0.0491766821353	-0.000130922186774	0.00365422345492	-0.0532263496583	0.004657157177	-0.0228696305844	-0.0280315626235	0.000719870070941	-0.0149370599739
k__Bacteria;p__Bacteroidetes;c__Bacteroidia;o__Bacteroidales;f__Bacteroidaceae;g__Bacteroides;s__Bacteroides_plebeius	-0.0100489901268	-0.0203345967056	-0.0133066121613	0.0632069476141	0.0237801695578	-0.0661541607309	-0.0103233928042	-0.0123937182655	-0.00671093859311	-0.00631149964471	-0.00864936452689	0.0530382447752	0.0029847124846	-0.0129728565527	-0.0374428897475	1.0	-0.00286625232122	-0.00237804288197	-0.0490284735608	0.0199995227972	0.00951066791473	0.00264094241002	-0.0805729762635	-0.00858959156353	-0.000424154773786	-0.0279006574757	-0.0354582240524	0.0143131009671	0.00393518989197	-0.0440849452566	-0.00943581603653	-0.0376103699625	-0.0159192654163	-0.00827221611677	-0.0223941810775	-0.0705929657517	-0.0910769850827	0.0572634198097	0.0350206534962	-0.0235748273488	-0.0148390883849	-0.0373665836888	0.0220596298381	0.00830048233878	-0.00463839061334	-0.0699836538182	0.0335177771795	0.0169206243888	-0.0509119475331	0.0113373165392	-0.0331178954091	0.0282936875442	0.0457933617454	0.0082017797904	-0.125910349656	0.117576079237	-0.0133515699713	0.0235979689787	-0.0337000713447
k__Bacteria;p__Bacteroidetes;c__Bacteroidia;o__Bacteroidales;f__Bacteroidaceae;g__Bacteroides;s__Bacteroides_fragilis	-0.0211848511703	0.011860176249	-0.0868836396652	0.0288464511416	-0.0227203577054	-0.0187110052672	0.05709292137	0.0127047129518	-0.021722759705	-0.0301831560509	-0.0291072221523	-0.0382643712935	0.0335133626724	-0.0032724528164	-0.0921409405584	-0.00286625232122	1.0	-0.033565511974	-0.0475825583606	-0.0132252628471	-8.38297352876e-05	-0.0296776620618	-0.0385145073493	0.0128161079581	-0.0397277630983	0.0401699500343	-0.00650986285391	0.00217034032228	-0.0183540591528	0.0308766925382	0.0228122052438	-0.0489124357658	0.0234732379066	0.00588961609164	0.0318721249663	0.0178673748269	-0.0326984073272	-0.0189117158979	0.00450883413456	-0.00275197331928	8.81468455515e-06	-0.0241496871053	-0.0698414972177	-0.00821430903563	0.00979469125422	-0.0408194052027	-0.0293602668254	-0.0242522359606	0.0227863879064	-0.0728272655759	0.0442638036503	0.0524556458087	-0.0265796741159	0.00224540140392	-0.0193261089784	0.00852166780772	-0.0261540809745	0.0055704301719	-0.0293308070216
k__Bacteria;p__Proteobacteria;c__Betaproteobacteria;o__Burkholderiales;f__Sutterellaceae;g__Sutterella;s__Sutterella_wadsworthensis	0.0276062592468	0.0188577960129	-0.0207570234903	-0.015312930272	-0.0209926001372	0.0245163673535	-0.0184033190154	-0.0469694682605	0.00434375299384	-0.0500244724693	-0.0235450618557	-0.0548866554067	-0.0379058626627	-0.0264968409432	0.00875287851447	-0.00237804288197	-0.033565511974	1.0	0.00966612556698	-0.0324180662728	0.0285149054151	0.022596277766	0.0206415711011	-0.00697534762868	0.0903837262963	0.000858747227832	-0.0134467053301	-0.0197419500205	0.00471004980177	-0.042298897201	-0.00509295444283	0.00346434246981	0.0165783797984	-0.0235821321411	-0.0126784111399	0.0134844079583	-0.0574835919935	0.0120825121058	-0.00559772765448	0.00467671470382	-0.00851256563412	0.0358592614266	-0.0072904410414	-0.0436327990651	-0.0294304769409	-0.0393302802701	-0.00966618876018	0.0531773525267	-0.0239550500089	0.0129205942196	0.0102672821529	0.0197144395466	0.0418977029307	-0.0436601903418	-0.031193160941	-0.00290336746489	-0.0815151883746	0.0235891752228	-0.0722444661989
k__Bacteria;p__Bacteroidetes;c__Bacteroidia;o__Bacteroidales;f__Porphyromonadaceae;g__Barnesiella;s__Barnesiella_intestinihominis	0.00476630033317	-0.0890736496167	0.0338921516194	0.00367938340507	-0.00177208034557	-0.00228298499047	0.0563161348057	-0.0395242695328	0.00417589804608	0.0114576956719	-0.0122284879967	-0.0972854910765	0.0210089525613	0.0305641710136	0.027506005257	-0.0490284735608	-0.0475825583606	0.00966612556698	1.0	-0.0193876710789	-0.00643143157424	0.0126437384933	-0.0282911823685	0.0204654338673	0.025947829368	-0.0218888038722	0.024392938068	-0.000694284123042	-0.0339284260384	-0.0809443613617	-0.0418784202403	0.0136833349236	-0.00903060964791	-0.0243908090407	-0.0421621804342	-0.0345834471288	0.0266362097771	-0.031996823447	-0.0719721324339	-0.0189687215321	-0.0127254810911	-0.0437778262227	-0.0493085474688	0.0398008656347	0.018347974534	0.0057030109255	0.0651422108334	0.0100234659715	-0.0572149403649	-0.0295637163871	-0.0614301619181	-0.109823931394	-0.0576276088852	-0.012973324447	0.0409621250958	0.00861167889137	0.00347482169838	-0.0208189695068	0.0069374587494
k__Bacteria;p__Bacteroidetes;c__Bacteroidia;o__Bacteroidales;f__Odoribacteraceae;g__Odoribacter;s__Odoribacter_splanchnicus	-0.0107877091442	0.036991054674	0.0247441273663	0.0270355118238	0.0246538975434	-0.00824666086923	-0.0103896364586	-0.0116701357197	-0.000767684915336	0.0294717990337	-0.095480571801	-0.0490558934169	0.0206722323969	-0.0114535640515	0.0410561672428	0.0199995227972	-0.0132252628471	-0.0324180662728	-0.0193876710789	1.0	-0.0177990164267	-0.0647488011609	-0.0408980958601	0.00460348898543	-0.00357182498166	0.00877479182529	0.0290971124479	0.0132929653228	-0.0515623044403	0.00392065667806	-0.0341015701617	0.000795076049165	-0.000977050113729	-0.00910134039516	-0.00103610437709	-0.0109595847098	-0.0545273611412	-0.0959548360183	-0.0330450758845	-0.0173391308298	-0.0501851254398	7.39743077808e-05	-0.0236961227696	0.00224789878617	0.00407820388358	-0.0219258095592	-0.0156035331317	0.0305915021909	0.00171877723081	-0.0562146430184	0.0491353031576	-0.0188341499429	-0.0189515538247	-0.0259716190972	-0.0278048928684	-0.0209699529491	0.00611684394714	-0.00526625281939	-0.00677697055298
k__Bacteria;p__Bacteroidetes;c__Bacteroidia;o__Bacteroidales;f__Bacteroidaceae;g__Bacteroides;s__Bacteroides_salyersiae	0.0160046517107	-0.0361724277624	-0.0454402264088	0.0204473554751	-0.0428748153443	-0.00992271938129	0.00849897327368	-0.0246218297803	-0.0870134963634	-0.0153890222926	0.013001698784	-0.0328944675499	0.00689559456482	-0.0477000932302	-0.00689656546173	0.00951066791473	-8.38297352876e-05	0.0285149054151	-0.00643143157424	-0.0177990164267	1.0	-0.100426125565	0.0468553587584	-0.0372440700233	-0.0356277979882	-0.0338394956015	0.00633132213553	-0.0310396729365	-0.0380645607657	-0.0127379101559	-0.0220913896253	-0.0346984528933	-0.0269701957214	-0.024594334649	-0.0234676988105	-0.0183505850489	-0.0112283356591	-0.00405021231771	-0.0387731529756	0.0471526626237	0.0359307503165	-0.018272051315	-0.0666551025151	-0.042540454391	0.0528509942627	-0.0275557390275	-0.00647976344271	0.0433579297184	0.0261255277225	0.0354247912966	-0.0141290561988	-0.0277125727808	-0.0143356915581	-0.00812698342387	-0.0554149060952	-0.00549847030658	-0.0334389314982	0.0336244120464	-0.00473807231193
k__Bacteria;p__Firmicutes;c__Clostridia;o__Clostridiales;f__Ruminococcaceae;g__Ruminiclostridium;s__[Eubacterium]_siraeum	0.0198960372605	0.0161413311008	-0.0431909480994	-0.0413596343852	-0.0681137849033	0.0140262451373	-0.0607556407888	0.00127177621877	-0.0263422834887	-0.017785147157	0.00323254174137	0.0555332427346	-0.061829800884	0.0669515005924	0.0360450145499	0.00264094241002	-0.0296776620618	0.022596277766	0.0126437384933	-0.0647488011609	-0.100426125565	1.0	-0.0152276162897	-0.0308581257226	0.00167692538727	-0.00735618063736	-0.00484050375884	0.0096924312447	-0.030792523802	0.0192080589074	-0.0337228918473	-0.0430099834556	-0.0137256656799	0.00374580635602	-0.0420390649515	-0.0210214752002	0.0639106223666	-0.0172710804978	-0.000661376721185	-0.0214757480592	-0.0811740341117	0.0219580564489	-0.0389247439457	-0.00299297641206	0.0314015715499	-0.0259694213725	-0.00143112783715	0.0101928781027	-0.0598206496093	-0.0134446724032	0.0444719293142	-0.025101586356	0.0575582061634	-0.0202501183121	0.0105757909663	0.00289411084359	-0.0149571829306	0.0346818821783	0.00054991114014
k__Bacteria;p__Proteobacteria;c__Betaproteobacteria;o__Burkholderiales;f__Sutterellaceae;g__Parasutterella;s__Parasutterella_excrementihominis	-0.0509913737866	-0.0442996429601	0.0473844225365	-0.0588208256781	0.0329258629902	-0.0964815297007	0.0147864607465	-0.0581018997605	-0.0278763785478	0.047076463115	0.0749386639759	-0.00524656196587	0.0477505201137	-0.00608811366685	-0.0610847516095	-0.0805729762635	-0.0385145073493	0.0206415711011	-0.0282911823685	-0.0408980958601	0.0468553587584	-0.0152276162897	1.0	-0.0113084279952	-0.00440003621159	0.0211000105678	-0.0288306992921	-0.0494567437691	0.0373080630732	0.00952432347031	-0.0414186215733	-0.0269030468419	-0.0770462859746	-0.0336651215378	0.0125409629051	0.00158718721982	0.00866504812313	0.0410091519761	-0.00670137771721	0.0520867497689	0.0168572173295	-0.00739091637245	0.0406366665339	-0.0103793705731	-0.0799616029133	0.0204375800312	0.0425562370564	-0.0103456949202	-0.0403933576892	-0.0254175287587	-0.0228647237968	-0.00998735402884	0.00375908483047	-0.088492973316	0.0998685280191	-0.0170266412164	-0.0558375377222	-0.0340985671484	0.000617211399542
k__Bacteria;p__Actinobacteria;c__Actinobacteria;o__Bifidobacteriales;f__Bifidobacteriaceae;g__Bifidobacterium;s__Bifidobacterium_adolescentis	-0.0316680743567	0.0200134202023	-0.0282067175801	0.0180809154528	0.0182635925579	0.0978966976988	-0.00952040420089	-0.00416977114624	0.0751101379874	-0.0354970825683	0.00713686101172	0.0386968495321	-0.0552736641218	-0.075079237444	-0.015531652066	-0.00858959156353	0.0128161079581	-0.00697534762868	0.0204654338673	0.00460348898543	-0.0372440700233	-0.0308581257226	-0.0113084279952	1.0	-0.0337184905933	-0.0118158100402	0.00132299237744	-0.00681448201009	0.0485290522716	-0.0370196852714	0.00809332444666	-0.0127405842844	0.0294687359897	-0.0169938709816	0.0328276251703	0.0302863930061	-0.0227911067303	0.0391627031306	-0.0350978732686	0.0107638189112	-0.029366740143	0.0338964931346	-0.132691704234	0.00579465634019	-0.0960369450578	0.00391649297888	0.0363829849733	-0.0452665477878	-0.021969249922	-0.0171641205418	-0.0532123254017	-0.0412549540778	-0.0446980300376	-0.0339775426298	0.0225659791409	-0.0253500581999	-0.02969635342	-0.0185738316307	-0.0426890806542
k__Bacteria;p__Firmicutes;c__Clostridia;o__Clostridiales;f__Oscillospiraceae;g__Oscillibacter;s__Oscillibacter_sp._KLE_1745	-0.0414034005149	0.00685676202921	-0.0508836234491	-0.0257742748359	0.0624747319763	0.0291291368515	-0.0784919004478	0.0146389375093	0.00416809921489	-0.0155519517046	-0.0645796861863	-0.0277480806614	-0.0435532503107	0.00907556466718	0.0127487476157	-0.000424154773786	-0.0397277630983	0.0903837262963	0.025947829368	-0.00357182498166	-0.0356277979882	0.00167692538727	-0.00440003621159	-0.0337184905933	1.0	0.00911325334545	-0.0717641618937	-0.0496196708764	-0.0372715174375	0.0159445019417	-0.0188503933357	-0.0311868618837	0.0267540038099	0.0941694853849	-0.0165125679527	0.0382837511014	-0.0130741392607	-0.0701735710113	-0.0344742750305	-0.0232725651481	0.0438632560228	-0.0856063164383	-0.0346275813303	-0.044215182108	0.0600627019899	0.0450717922074	-0.0257341987542	-0.00896095523853	-0.00325519370844	-0.00175040870263	-0.025380866865	0.0149028209028	0.0349859477771	-0.0313772068402	-0.0428623495047	0.0256536749643	0.0303345754366	0.0146586379845	0.00993476458037
k__Bacteria;p__Bacteroidetes;c__Bacteroidia;o__Bacteroidales;f__Bacteroidaceae;g__Bacteroides;s__Bacteroides_coprophilus	-0.00418332754095	0.000469855442788	0.0287256132175	0.00238634737621	-0.00144090179814	-0.0117783004368	-0.0627944244673	0.0213470811285	-0.0270143710058	-0.011189374406	-0.00297625574357	-0.0368067563396	-0.0257946736797	0.017239492725	-0.0231763433948	-0.0279006574757	0.0401699500343	0.000858747227832	-0.0218888038722	0.00877479182529	-0.0338394956015	-0.00735618063736	0.0211000105678	-0.0118158100402	0.00911325334545	1.0	0.0372491939118	0.0253437851041	-0.00668651875713	0.00381241729207	-0.063221487168	-0.0507491335258	-0.0356427591918	-0.00160715304952	0.0359857868552	0.0456345770467	-0.000542536301637	-0.0339755836897	-0.00903309075073	-0.0022789689661	0.0310090657596	-0.0160016362647	0.000481247583999	0.0189561150207	0.0218482535775	0.000936954551099	-0.0134597910216	-0.0232330633617	-0.00122551644656	-0.00779636418038	-0.0255135490918	0.0261177591631	-0.0183117377293	-0.0165134420136	0.0730303253442	0.0539143606909	0.0195822586319	-0.114037586447	-0.0551163340497
k__Bacteria;p__Firmicutes;c__Clostridia;o__Clostridiales;f__Lachnospiraceae;g__Roseburia;s__Roseburia_intestinalis	0.0442292010827	0.0205088252629	-0.00132341360637	-0.0493279974075	-0.0191014651771	-0.0553734947532	0.0218806383321	0.0224284208686	0.00967204067326	-0.0481139942573	-0.0290753009104	0.0237243861913	-0.00993473239154	0.0188796184899	-0.0203710451894	-0.0354582240524	-0.00650986285391	-0.0134467053301	0.024392938068	0.0290971124479	0.00633132213553	-0.00484050375884	-0.0288306992921	0.00132299237744	-0.0717641618937	0.0372491939118	1.0	0.0402411486794	-0.0307939798694	0.00291586116829	-0.0155488310269	0.0112564310255	-0.0245435751355	-0.0627503319631	0.0339476297582	-0.0590104275273	0.0570880139699	-0.0429278492678	-0.00480512094711	-0.00989020134377	-0.00262594663586	0.0108504843554	-0.0370044407134	0.016440977598	0.038232145152	-0.0430288371867	-0.0121891039528	-0.00284704833414	-0.0105232912016	-0.00574807959373	-0.00252560468209	0.0185751625553	0.0519236827362	-0.000765558347037	0.00317012826792	0.0750747188268	-0.0187542693142	-0.0138014123084	0.0176286112668
k__Bacteria;p__Firmicutes;c__Clostridia;o__Clostridiales;f__Lachnospiraceae;g__Roseburia;s__Roseburia_hominis	-0.0429012106691	0.0910636002395	0.016685909121	-0.0266996833735	0.00799313183	0.0315063998316	-0.0323797785876	0.0897823569133	-0.0629865775554	-0.017037327796	-0.0281175766597	-0.065509982063	0.0106771775036	-0.0386388253614	-0.00183958290031	0.0143131009671	0.00217034032228	-0.0197419500205	-0.000694284123042	0.0132929653228	-0.0310396729365	0.0096924312447	-0.0494567437691	-0.00681448201009	-0.0496196708764	0.0253437851041	0.0402411486794	1.0	-0.0505040429338	-0.0550617521276	0.0328734540481	-0.0286822417139	-0.0268941845675	-0.0669552298472	-0.0287578770894	-0.0150646988068	0.00134141912035	0.0330879742724	-0.0449861628542	0.041435747829	0.0416497522823	-0.00202080903237	-0.0266186019577	0.0342024080795	0.00986394329535	0.0389524093444	-0.00360585199954	-0.0574707251909	0.0215920904351	-0.0213756165727	-0.00926785413377	-0.0306935448157	-0.0290724834475	-0.0659575699505	0.0290827317886	0.0651584514548	0.016449999156	0.0352629101914	-0.0475996069474
k__Bacteria;p__Bacteroidetes;c__Bacteroidia;o__Bacteroidales;f__Porphyromonadaceae;g__Parabacteroides;s__Parabacteroides_johnsonii	-0.0148649680645	-0.0142152765291	-0.0140011437388	-0.0314301157127	-0.0292383223922	0.0156053033968	0.0369147627662	0.0408213164951	-0.0387270484223	-0.0408174512485	-0.0232913616133	0.0217195826573	-0.0217187966563	0.0115960788388	0.015214987384	0.00393518989197	-0.0183540591528	0.00471004980177	-0.0339284260384	-0.0515623044403	-0.0380645607657	-0.030792523802	0.0373080630732	0.0485290522716	-0.0372715174375	-0.00668651875713	-0.0307939798694	-0.0505040429338	1.0	0.00629821635414	0.0468470587828	-0.00681439994279	0.0168908925092	-0.0441468020742	-0.0280817537929	0.0441898882445	0.0656391033666	-0.0145425758264	-0.0266914646795	-0.0298296385713	0.025443375287	-0.00703869255659	-0.0272753990512	-0.0504130303195	0.000111329851067	0.0203532742318	0.0160320316056	0.0154799156682	0.0109473776274	-0.0221792737562	-0.0375392918976	0.050051735063	0.00684447780444	0.0627974258737	-0.0189184239744	-0.0666406759523	-0.0281178449279	0.03347676569	-0.0433959781419
