#taxonomy	k__Bacteria;p__Bacteroidetes;c__Bacteroidia;o__Bacteroidales;f__Bacteroidaceae;g__Bacteroides;s__Bacteroides_vulgatus	k__Bacteria;p__Bacteroidetes;c__Bacteroidia;o__Bacteroidales;f__Bacteroidaceae;g__Bacteroides;s__Bacteroides_uniformis	k__Bacteria;p__Bacteroidetes;c__Bacteroidia;o__Bacteroidales;f__Rikenellaceae;g__Alistipes;s__Alistipes_putredinis	k__Bacteria;p__Bacteroidetes;c__Bacteroidia;o__Bacteroidales;f__Prevotellaceae;g__Prevotella;s__Prevotella_copri	k__Bacteria;p__Bacteroidetes;c__Bacteroidia;o__Bacteroidales;f__Bacteroidaceae;g__Bacteroides;s__Bacteroides_stercoris	k__Bacteria;p__Bacteroidetes;c__Bacteroidia;o__Bacteroidales;f__Bacteroidaceae;g__Bacteroides;s__Bacteroides_ovatus	k__Bacteria;p__Bacteroidetes;c__Bacteroidia;o__Bacteroidales;f__Rikenellaceae;g__Alistipes;s__Alistipes_shahii	k__Bacteria;p__Firmicutes;c__Clostridia;o__Clostridiales;f__Ruminococcaceae;g__Faecalibacterium;s__Faecalibacterium_prausnitzii	k__Bacteria;p__Bacteroidetes;c__Bacteroidia;o__Bacteroidales;f__Rikenellaceae;g__Alistipes;s__Alistipes_finegoldii	k__Bacteria;p__Bacteroidetes;c__Bacteroidia;o__Bacteroidales;f__Porphyromonadaceae;g__Parabacteroides;s__Parabacteroides_distasonis	k__Bacteria;p__Bacteroidetes;c__Bacteroidia;o__Bacteroidales;f__Bacteroidaceae;g__Bacteroides;s__Bacteroides_thetaiotaomicron	k__Bacteria;p__Bacteroidetes;c__Bacteroidia;o__Bacteroidales;f__Bacteroidaceae;g__Bacteroides;s__Bacteroides_coprocola	k__Bacteria;p__Bacteroidetes;c__Bacteroidia;o__Bacteroidales;f__Bacteroidaceae;g__Bacteroides;s__Bacteroides_cellulosilyticus	k__Bacteria;p__Bacteroidetes;c__Bacteroidia;o__Bacteroidales;f__Rikenellaceae;g__Alistipes;s__Alistipes_obesi	k__Bacteria;p__Firmicutes;c__Clostridia;o__Clostridiales;f__Lachnospiraceae;g__;s__[Eubacterium]_rectale	k__Bacteria;p__Bacteroidetes;c__Bacteroidia;o__Bacteroidales;f__Bacteroidaceae;g__Bacteroides;s__Bacteroides_plebeius	k__Bacteria;p__Bacteroidetes;c__Bacteroidia;o__Bacteroidales;f__Bacteroidaceae;g__Bacteroides;s__Bacteroides_fragilis	k__Bacteria;p__Proteobacteria;c__Betaproteobacteria;o__Burkholderiales;f__Sutterellaceae;g__Sutterella;s__Sutterella_wadsworthensis	k__Bacteria;p__Bacteroidetes;c__Bacteroidia;o__Bacteroidales;f__Porphyromonadaceae;g__Barnesiella;s__Barnesiella_intestinihominis	k__Bacteria;p__Bacteroidetes;c__Bacteroidia;o__Bacteroidales;f__Odoribacteraceae;g__Odoribacter;s__Odoribacter_splanchnicus	k__Bacteria;p__Bacteroidetes;c__Bacteroidia;o__Bacteroidales;f__Bacteroidaceae;g__Bacteroides;s__Bacteroides_salyersiae	k__Bacteria;p__Firmicutes;c__Clostridia;o__Clostridiales;f__Ruminococcaceae;g__Ruminiclostridium;s__[Eubacterium]_siraeum	k__Bacteria;p__Proteobacteria;c__Betaproteobacteria;o__Burkholderiales;f__Sutterellaceae;g__Parasutterella;s__Parasutterella_excrementihominis	k__Bacteria;p__Actinobacteria;c__Actinobacteria;o__Bifidobacteriales;f__Bifidobacteriaceae;g__Bifidobacterium;s__Bifidobacterium_adolescentis	k__Bacteria;p__Firmicutes;c__Clostridia;o__Clostridiales;f__Oscillospiraceae;g__Oscillibacter;s__Oscillibacter_sp._KLE_1745	k__Bacteria;p__Bacteroidetes;c__Bacteroidia;o__Bacteroidales;f__Bacteroidaceae;g__Bacteroides;s__Bacteroides_coprophilus	k__Bacteria;p__Firmicutes;c__Clostridia;o__Clostridiales;f__Lachnospiraceae;g__Roseburia;s__Roseburia_intestinalis	k__Bacteria;p__Firmicutes;c__Clostridia;o__Clostridiales;f__Lachnospiraceae;g__Roseburia;s__Roseburia_hominis	k__Bacteria;p__Bacteroidetes;c__Bacteroidia;o__Bacteroidales;f__Porphyromonadaceae;g__Parabacteroides;s__Parabacteroides_johnsonii	k__Bacteria;p__Actinobacteria;c__Actinobacteria;o__Bifidobacteriales;f__Bifidobacteriaceae;g__Bifidobacterium;s__Bifidobacterium_longum	k__Bacteria;p__Firmicutes;c__Clostridia;o__Clostridiales;f__;g__Flavonifractor;s__Flavonifractor_plautii	k__Bacteria;p__Firmicutes;c__Clostridia;o__Clostridiales;f__Clostridiaceae;g__Clostridium;s__Clostridium_phoceensis	k__Bacteria;p__Verrucomicrobia;c__Verrucomicrobiae;o__Verrucomicrobiales;f__Akkermansiaceae;g__Akkermansia;s__Akkermansia_muciniphila	k__Bacteria;p__Bacteroidetes;c__Bacteroidia;o__Bacteroidales;f__Prevotellaceae;g__Paraprevotella;s__Paraprevotella_xylaniphila	k__Bacteria;p__Firmicutes;c__Clostridia;o__Clostridiales;f__Ruminococcaceae;g__Ruminococcus;s__Ruminococcus_callidus	k__Bacteria;p__Bacteroidetes;c__Bacteroidia;o__Bacteroidales;f__Rikenellaceae;g__Alistipes;s__Alistipes_senegalensis	k__Bacteria;p__Firmicutes;c__Clostridia;o__Clostridiales;f__Lachnospiraceae;g__Blautia;s__Blautia_sp._KLE_1732	k__Bacteria;p__Bacteroidetes;c__Bacteroidia;o__Bacteroidales;f__Bacteroidaceae;g__Bacteroides;s__Bacteroides_oleiciplenus	k__Bacteria;p__Firmicutes;c__Clostridia;o__Clostridiales;f__Ruminococcaceae;g__Ruminococcus;s__Ruminococcus_bicirculans	k__Bacteria;p__Bacteroidetes;c__Bacteroidia;o__Bacteroidales;f__Bacteroidaceae;g__Bacteroides;s__Bacteroides_fluxus	k__Bacteria;p__Bacteroidetes;c__Bacteroidia;o__Bacteroidales;f__Prevotellaceae;g__Prevotella;s__Prevotella_stercorea	k__Bacteria;p__Firmicutes;c__Clostridia;o__Clostridiales;f__Lachnospiraceae;g__Dorea;s__Dorea_longicatena	k__Bacteria;p__Firmicutes;c__Clostridia;o__Clostridiales;f__Eubacteriaceae;g__Eubacterium;s__[Eubacterium]_eligens	k__Bacteria;p__Firmicutes;c__Clostridia;o__Clostridiales;f__Ruminococcaceae;g__;s__Ruminococcaceae_bacterium_D16	k__Bacteria;p__Firmicutes;c__Clostridia;o__Clostridiales;f__Lachnospiraceae;g__Coprococcus;s__Coprococcus_comes	k__Bacteria;p__Proteobacteria;c__Gammaproteobacteria;o__Enterobacterales;f__Enterobacteriaceae;g__Escherichia;s__Escherichia_coli	k__Bacteria;p__Firmicutes;c__Clostridia;o__Clostridiales;f__Ruminococcaceae;g__Anaerotruncus;s__Anaerotruncus_colihominis	k__Bacteria;p__Firmicutes;c__Clostridia;o__Clostridiales;f__Lachnospiraceae;g__Blautia;s__Blautia_obeum	k__Bacteria;p__Bacteroidetes;c__Bacteroidia;o__Bacteroidales;f__Odoribacteraceae;g__Odoribacter;s__Odoribacter_laneus	k__Bacteria;p__Firmicutes;c__Clostridia;o__Clostridiales;f__Ruminococcaceae;g__Ruminiclostridium;s__[Clostridium]_leptum	k__Bacteria;p__Bacteroidetes;c__Bacteroidia;o__Bacteroidales;f__Porphyromonadaceae;g__Parabacteroides;s__Parabacteroides_goldsteinii	k__Bacteria;p__Firmicutes;c__Clostridia;o__Clostridiales;f__Lachnospiraceae;g__Anaerostipes;s__Anaerostipes_hadrus	k__Bacteria;p__Firmicutes;c__Clostridia;o__Clostridiales;f__Ruminococcaceae;g__Ruminococcus;s__Ruminococcus_lactaris	k__Bacteria;p__Firmicutes;c__Clostridia;o__Clostridiales;f__Clostridiaceae;g__Clostridium;s__Clostridium_sp._L2-50	k__Bacteria;p__Firmicutes;c__Clostridia;o__Clostridiales;f__Clostridiaceae;g__Clostridium;s__Clostridium_sp._M62/1	k__Bacteria;p__Firmicutes;c__Clostridia;o__Clostridiales;f__;g__Intestinimonas;s__Intestinimonas_butyriciproducens	k__Bacteria;p__Actinobacteria;c__Actinobacteria;o__Bifidobacteriales;f__Bifidobacteriaceae;g__Bifidobacterium;s__Bifidobacterium_bifidum	k__Bacteria;p__Firmicutes;c__Negativicutes;o__Veillonellales;f__Veillonellaceae;g__Dialister;s__Dialister_invisus	k__Bacteria;p__Bacteroidetes;c__Bacteroidia;o__Bacteroidales;f__Bacteroidaceae;g__Bacteroides;s__Bacteroides_salanitronis
k__Bacteria;p__Bacteroidetes;c__Bacteroidia;o__Bacteroidales;f__Bacteroidaceae;g__Bacteroides;s__Bacteroides_vulgatus	1.0	-0.040351588905	-0.00970337483384	-0.0699985573607	0.011539091798	-0.0215096665954	0.0125198888092	-0.00796173012277	0.0285217783794	-0.0156356800591	0.0432797007716	-0.00669877175056	-0.00945841651983	0.00776823305589	-0.0183369654081	0.0105973835786	-0.0595740083942	0.0266786628152	0.00451661687579	0.0584176792235	0.0166890259822	-0.032455053812	-0.0166640211654	0.0373135584479	0.0127195359913	-0.0104224586525	-0.035994385844	-0.0282803797951	0.0188021290812	0.0396294821678	-0.0407684952667	-0.0651883819073	0.0228347000444	0.00750917489091	0.00753957792767	-0.00246215994416	0.0134594344927	0.00327692242481	-0.00504741084412	-0.00516170832898	-0.0868443539001	-0.0273439182255	0.00941019812894	-0.0337247228893	-0.06562021543	-0.00529413048543	-0.0467569387435	0.0028649877563	-0.00648509809693	0.0255629618351	0.0383001548472	0.0526886189548	-0.00964829634761	-0.0463332330799	0.0461110322879	0.0922839922006	0.0066597308246	0.0116357600956	-0.0436033826071
k__Bacteria;p__Bacteroidetes;c__Bacteroidia;o__Bacteroidales;f__Bacteroidaceae;g__Bacteroides;s__Bacteroides_uniformis	-0.040351588905	1.0	-0.00466718937257	-0.0109965636752	0.0479210369678	-0.0120059335525	-0.0340314214789	-0.0344570334351	-0.00888733619061	-0.00412829528609	-0.0236136433993	-0.0246932315933	0.0593456165057	0.0247153274423	-0.0635737572267	-0.00534351610345	-0.0259598365648	0.0233812226614	-0.0459445943037	0.0617043906896	0.0394524206299	0.0862137648454	-0.0177499947991	0.0102291379456	0.00911566531503	-0.0120050348434	0.0292737169188	0.0151946967342	0.0386585345382	-0.0454873209271	-0.0313560383167	-0.0106876623313	-0.0400075948535	0.00628429752492	0.0460396071036	0.012216979076	-0.0589462265756	0.0236672646886	0.0669700008579	0.00386428097415	-0.00648370946979	0.0374954734089	-0.015338721218	0.0245463059571	0.0156353529177	-0.0112201103059	-0.0173744698429	-0.0375815757965	-0.0215577587504	-0.00585655827138	-0.0495167800158	0.00726227072165	-0.0509908580497	-0.0103570377755	-0.0322259588723	-0.0380456308081	-0.0327789113108	-0.00381592938737	0.0279029301168
k__Bacteria;p__Bacteroidetes;c__Bacteroidia;o__Bacteroidales;f__Rikenellaceae;g__Alistipes;s__Alistipes_putredinis	-0.00970337483384	-0.00466718937257	1.0	-0.0235546548259	-0.00596994952029	-0.0388121798924	-0.03185184842	-0.0223775827555	-0.0311644964763	-0.0349507589052	-0.0694882541084	-0.0904157356526	-0.00637863887338	-0.0171256403721	-0.0036069883	-0.036558094843	-0.00627352737413	-0.00923858318569	0.0448822919055	0.0588525060058	-0.00477962186328	-0.0338229136477	-0.0615002875916	0.00892126397157	-0.0185008928735	0.0216186418969	-0.0501972764832	-0.0427460148585	-0.0324147427532	0.0317770316858	0.0375892939675	-0.0308831508746	-0.0244798270963	-0.0245949164547	0.0134880935616	-0.0207049405483	0.00998772916335	0.0136967543163	-0.0577629130743	-0.000334839580159	-0.0270921688655	-0.00322412243654	-0.0255514638102	0.0102279754691	-0.04792838294	-0.0498709509823	0.0213771857324	0.0607769546402	0.00796846381964	-0.0290470339516	0.0476550756696	-0.0290465811946	-0.0220859386627	-0.034390693505	0.0187345979839	-0.00259980111419	-0.0312302676651	0.0379178887687	-0.00507302948871
k__Bacteria;p__Bacteroidetes;c__Bacteroidia;o__Bacteroidales;f__Prevotellaceae;g__Prevotella;s__Prevotella_copri	-0.0699985573607	-0.0109965636752	-0.0235546548259	1.0	0.0496979941386	-0.00825646091692	0.0317221947333	0.0377838396822	-0.0395381796101	-0.0406280258712	0.0473191476698	0.0336861897678	-0.00123506152298	-0.0205346213451	-0.023815911415	0.0658912003807	-0.0370194563105	-0.0184771048068	0.0220190692209	0.0245085680409	-0.048533915955	0.016135935984	-0.0258356313555	0.0109515362912	0.0624113662202	0.0623611691299	-0.0124717585452	-0.0178053773266	0.0161016309834	-0.0729129318008	-0.014395044286	0.0509034389193	0.00173089754312	-0.0213079042229	-0.0751645169447	-0.00747633478232	-0.0524375135402	-0.00448541574742	-0.0343799195734	0.0375695479814	-0.0685703242271	0.0280302464419	-0.108553413686	0.0140455323657	0.0884933181412	-0.0422398832782	0.0189101477136	0.036731669793	-0.0401903439898	0.0229059182646	-0.00588920893756	-0.0387734198278	-0.00952655119702	-0.0555331789344	-0.0247146819613	-0.0129912994469	-0.0814908059612	-0.0189603720326	-0.0171218788226
k__Bacteria;p__Bacteroidetes;c__Bacteroidia;o__Bacteroidales;f__Bacteroidaceae;g__Bacteroides;s__Bacteroides_stercoris	0.011539091798	0.0479210369678	-0.00596994952029	0.0496979941386	1.0	-0.0110289786454	-0.0164041875406	0.0400900451854	0.0889561212297	-0.0256451378439	-0.0442827694252	0.00569234782046	-0.0235839119564	-0.0632794350294	-0.0834885263973	0.00652685816849	0.00691560815802	-0.0154618897286	0.00624047689876	-0.0112642726833	-0.0186268180043	0.0402138466773	-0.00602090931853	-0.0408064558805	-0.0727147922457	-0.0518977733377	-0.0249743666046	0.00479628181487	-0.0348083042667	0.046347785904	0.013203224932	-0.0486557582452	0.0194714025848	0.0365084574675	0.0383494418161	-0.0247999411731	-0.00646312681592	-0.00931280129193	0.0553211038805	-0.00949083665044	-0.0150023398432	-0.0114911162796	1.80126312046e-05	-0.00607380577381	-0.0549778328196	0.0409347715875	0.0134246406107	-0.0122580187018	-0.00243738732963	-0.0262170219463	-0.0171543466386	-0.0254206820443	-0.0237678396754	-0.0126427485994	-0.0922101806507	0.0383860352181	0.0371705509657	-0.0239432667837	-0.0390238587759
k__Bacteria;p__Bacteroidetes;c__Bacteroidia;o__Bacteroidales;f__Bacteroidaceae;g__Bacteroides;s__Bacteroides_ovatus	-0.0215096665954	-0.0120059335525	-0.0388121798924	-0.00825646091692	-0.0110289786454	1.0	0.00995278994375	0.00452992882513	-0.0468729684837	0.0374208692646	0.00807635099492	-0.00274322555689	-0.108835013416	-0.0134904344647	0.00112093799574	-0.0215041244877	-0.0232762888955	-0.0585421064653	-0.00290680651172	0.00709262775397	-0.0174523576527	0.0270742443427	0.0226089744322	0.0042586948507	0.00597178701374	0.0563248009243	-0.060864808151	-0.0163089829859	-0.0645656851086	0.0182556040916	0.0204632830483	0.0667112365515	-0.0110377758215	0.0324645156095	0.0128055577694	-0.0400615364881	-0.0171157249747	-0.0314312559926	-0.035114498318	0.0294114166771	0.0382577648742	-0.045560936044	0.0428782767274	-0.0304187039218	0.0684431875619	0.0238511503759	-0.0756943331227	0.0346398037085	-0.0242895489639	0.0524895893723	-0.0238275816537	-0.0545305678816	-0.0796057392664	0.0181162693027	-0.00564856408021	-0.0295494329247	-0.0196580978859	-0.0462922114339	-0.0427072834427
k__Bacteria;p__Bacteroidetes;c__Bacteroidia;o__Bacteroidales;f__Rikenellaceae;g__Alistipes;s__Alistipes_shahii	0.0125198888092	-0.0340314214789	-0.03185184842	0.0317221947333	-0.0164041875406	0.00995278994375	1.0	-0.00280012287273	-0.0119157273883	-0.0336584843812	0.0204270720347	-0.0700722546922	-0.0295590572635	0.0317874235521	-0.0122065357622	0.0588260603782	-0.0553427514762	-0.0144979307273	-0.011375337684	0.00679803737282	-0.0580364695924	0.0582896075723	-0.0251528120735	0.0431111115278	-0.0207252948132	-0.0221723839254	-0.0133809622879	-0.023004209973	-0.00198156247546	-0.000616815509299	-0.045613895608	0.0483448368138	-0.00741128040748	-0.00428066751067	-0.0735166367096	0.0686834372926	0.0545624920606	0.013089538507	-0.0180321801683	-0.104569537178	0.00361655957172	-0.0379047275825	-0.048904414725	0.00787901197387	0.0461426759809	0.0279598749445	-0.0273483963117	0.0029242380807	0.0212303489874	0.0185741210372	-0.0279885212273	-0.0349813001308	-0.00407759772428	0.0185457771012	-0.0277542940373	-0.0324670850756	0.0217077330697	-0.01271713526	-0.0160740362953
k__Bacteria;p__Firmicutes;c__Clostridia;o__Clostridiales;f__Ruminococcaceae;g__Faecalibacterium;s__Faecalibacterium_prausnitzii	-0.00796173012277	-0.0344570334351	-0.0223775827555	0.0377838396822	0.0400900451854	0.00452992882513	-0.00280012287273	1.0	-0.0140082090031	-0.0473609078607	-0.0130823612226	0.0395955998534	-0.0222131037642	-0.0233780437889	-0.00792387465887	-0.0166415912675	-0.00261231435248	-0.0251585536537	-0.0109103498572	-0.00207887428365	0.0191352887705	0.0433745458852	0.0239552345813	-0.0281721205525	-0.0427887114587	0.0315622183463	0.0565873914844	-0.0598826718312	0.0173334366292	-0.0370651988032	-0.00895393657942	-0.0223903270847	0.00456493773893	-0.0460993429693	0.0426700868688	-0.0513778373003	-0.0199046980529	-0.0514661525795	0.0221502584719	0.0225289382743	-0.0265457959012	-0.00670672197116	0.00195120408026	-0.00833499939384	0.0277837364719	0.0213556808394	-0.00328693729546	-0.0127986732893	-0.0296003435836	-0.00697913396146	-0.0364565686082	0.0434665163901	-0.0216960076709	-0.0825556914677	0.0756196465804	-0.0269727920055	-0.0548115883354	-0.00402103869967	0.00314027304559
k__Bacteria;p__Bacteroidetes;c__Bacteroidia;o__Bacteroidales;f__Rikenellaceae;g__Alistipes;s__Alistipes_finegoldii	0.0285217783794	-0.00888733619061	-0.0311644964763	-0.0395381796101	0.0889561212297	-0.0468729684837	-0.0119157273883	-0.0140082090031	1.0	0.0085738177357	-0.0123054554305	-0.00223588882053	0.00401343744418	-0.0109081081668	0.0176184125128	-0.0472464694017	-0.0279022572626	0.0229628826944	0.0355284778636	-0.000208874380226	0.0346920469147	0.0243255658304	-0.0267361466768	-0.035863795835	-0.00172373181459	-0.0455349770643	-0.0162613152099	0.0174140905052	-0.0321888399095	0.0215622198337	-0.00634206142829	-0.10208576764	0.00313196606786	-0.0959605281733	-0.023333613235	0.01716749697	0.00244711850838	0.0141851447053	0.00591843727865	-0.0292622799867	-0.0235816086773	0.0300704732544	0.0190136642649	-0.018643237845	-0.0106508905629	0.0352050054487	-0.0196522907997	-0.0238302351007	-0.0329805562874	0.00185101186004	-0.0185499180469	-0.086869985679	0.00946973909007	-0.00400307086063	-0.0243252263181	-0.0340809585254	-0.0222271429401	-0.0145585544628	-0.0318822327056
k__Bacteria;p__Bacteroidetes;c__Bacteroidia;o__Bacteroidales;f__Porphyromonadaceae;g__Parabacteroides;s__Parabacteroides_distasonis	-0.0156356800591	-0.00412829528609	-0.0349507589052	-0.0406280258712	-0.0256451378439	0.0374208692646	-0.0336584843812	-0.0473609078607	0.0085738177357	1.0	-0.052471784666	-0.0244874108367	-0.0619590616136	0.0210940554772	-0.0615526816101	0.00745194033956	-0.0163103206816	0.0169458697602	-0.0155033872553	0.00818453960877	0.0042811018012	-0.00876393071547	0.0626207722975	0.0488106067912	-0.0564804770747	0.0108515415667	0.0798464177602	0.0283975727599	0.0600169394285	-0.0242643211518	-0.0217331128976	-0.0111970384245	0.00431952005892	-0.0671282408035	-0.0181964769783	-0.0415196966881	-0.00705462445661	-0.0206117362809	0.0063747660821	0.0516353208588	-0.00463203850251	-0.0155146674657	0.00371824331071	0.0451520516644	0.02867097225	-0.0137731446037	-0.0402822849653	-0.0496212653954	-0.0867556129019	0.005419733486	0.019174653914	-0.0157883467941	0.00309972491888	0.0367927767739	0.0189322417808	-0.0212795348544	-0.010255347251	-0.0595137140073	0.020132077374
k__Bacteria;p__Bacteroidetes;c__Bacteroidia;o__Bacteroidales;f__Bacteroidaceae;g__Bacteroides;s__Bacteroides_thetaiotaomicron	0.0432797007716	-0.0236136433993	-0.0694882541084	0.0473191476698	-0.0442827694252	0.00807635099492	0.0204270720347	-0.0130823612226	-0.0123054554305	-0.052471784666	1.0	-0.00713451298317	-0.0162426784949	-0.0203442678798	0.0182107404162	-0.0357178353507	0.0284860640792	0.0309599620869	-0.0477607098357	-0.0121094694181	-0.0130627761583	0.0349240305737	0.0616010896453	0.028612297855	-0.0397003890885	-0.0164898807486	-0.0361881072215	-0.0361280381783	0.0193424456114	-0.00739392965587	0.00820520292931	0.0267926969795	-0.0484070753859	-0.00994495974958	-0.0171359887863	-0.0431399610919	-0.00238815236953	0.0425336834647	-0.0327917912049	0.00860874341767	0.0136119732397	0.0235188849423	0.061710456606	0.044842164431	-0.00117720695911	-0.0528475779781	-0.0567517727556	-0.0675153992202	-0.00574656097738	0.0248316462472	-0.0493436956507	-0.0573368823437	0.0135522119155	-0.0206899147043	0.0107475609478	-0.0436224535532	-0.0415103828528	-0.00123559911513	-0.0500039775793
k__Bacteria;p__Bacteroidetes;c__Bacteroidia;o__Bacteroidales;f__Bacteroidaceae;g__Bacteroides;s__Bacteroides_coprocola	-0.00669877175056	-0.0246932315933	-0.0904157356526	0.0336861897678	0.00569234782046	-0.00274322555689	-0.0700722546922	0.0395955998534	-0.00223588882053	-0.0244874108367	-0.00713451298317	1.0	-0.0135413289157	-0.0443856793458	-0.0534579304471	-0.0359001590339	-0.0578718158834	-0.0192113434103	-0.00605090781553	-0.0335968378284	0.0606218357049	-0.0720522552989	-0.00962467243645	-0.0449256206766	0.00550634803191	0.00474928509899	-0.0792701607863	0.0342361363949	0.0495962374426	0.0637367418064	-0.0517816977298	-0.0374874126619	0.0329426874796	0.00276893440178	-0.0117612266545	0.0276883974358	-0.0119413986716	-0.0378754940619	-0.0188521347819	-0.0603855855009	-0.0380806466354	0.0616542283912	-0.0491317655683	0.00528557418945	0.0687332108159	0.033539815064	0.0225502643865	-0.0901468771454	0.0276191654716	-0.066866054153	-0.00448947000028	-0.0149705397242	0.0243042196905	-0.0500985688409	-0.00222173327382	-0.0026913619185	0.0652354018047	-0.00061939915583	0.0165426626198
k__Bacteria;p__Bacteroidetes;c__Bacteroidia;o__Bacteroidales;f__Bacteroidaceae;g__Bacteroides;s__Bacteroides_cellulosilyticus	-0.00945841651983	0.0593456165057	-0.00637863887338	-0.00123506152298	-0.0235839119564	-0.108835013416	-0.0295590572635	-0.0222131037642	0.00401343744418	-0.0619590616136	-0.0162426784949	-0.0135413289157	1.0	0.0184213893466	0.00528053397787	0.0186101251973	-0.0242714518583	0.0693808617987	-0.0593559237632	0.0468551765755	0.0315173852204	-0.0994328273147	-0.0433294773357	-0.0243334771511	-0.0604770621478	0.022018936664	-0.0140868096046	-0.0603297117347	-0.0100939960499	-0.0231870712408	-0.0740348137535	0.0563012472869	-0.0221873772239	0.0313014898199	0.0188895755229	0.0101223252247	0.029117030902	-0.0357808471784	0.0165405522019	-0.0699912178982	-0.0391152763484	0.0238830987586	-0.0344839023599	-0.0340523232977	-0.0931456118048	0.0404136116901	-0.0204919694164	0.0264498230992	0.00271567187669	-0.056882068725	0.0635820267731	0.000555958597564	0.0489338186307	-0.0628994375842	-0.0322067537865	0.0672655585773	-0.0416419832321	0.0538072981945	-0.0722100153885
k__Bacteria;p__Bacteroidetes;c__Bacteroidia;o__Bacteroidales;f__Rikenellaceae;g__Alistipes;s__Alistipes_obesi	0.00776823305589	0.0247153274423	-0.0171256403721	-0.0205346213451	-0.0632794350294	-0.0134904344647	0.0317874235521	-0.0233780437889	-0.0109081081668	0.0210940554772	-0.0203442678798	-0.0443856793458	0.0184213893466	1.0	0.0564553538676	0.103229289339	-0.0340999576274	0.0360823729806	-0.0305322325878	-0.00097497237206	-0.0091894053923	0.0173194358783	0.0360384968075	-0.0559120899977	-0.0288524528779	-0.0736778882569	0.00489033436888	-0.0152969375388	0.0319618191702	-0.023957232488	-0.032458732993	-0.0436361871178	0.0347875606972	-0.0449852754467	-0.0263410112005	0.0350172644118	-0.0273100371349	-0.041673132298	-0.0211358942109	0.0215274796848	-0.0256220410125	-0.069357020067	-0.0056905886929	0.031031791206	-0.0424959613053	-0.0516466957929	-0.0298742783222	0.00105688118527	-0.0564713478309	0.00482710480368	-0.0420805733641	0.0174533675859	0.012346470547	-0.000711221852305	-0.0327453312767	0.0273043698867	-0.0224196712037	-0.00519071990614	-0.0594853030948
k__Bacteria;p__Firmicutes;c__Clostridia;o__Clostridiales;f__Lachnospiraceae;g__;s__[Eubacterium]_rectale	-0.0183369654081	-0.0635737572267	-0.0036069883	-0.023815911415	-0.0834885263973	0.00112093799574	-0.0122065357622	-0.00792387465887	0.0176184125128	-0.0615526816101	0.0182107404162	-0.0534579304471	0.00528053397787	0.0564553538676	1.0	0.0233341460409	0.0277326948884	-0.0265334184193	-0.0188136403435	0.0266604998049	-0.00104384267363	0.0104972600791	-0.0219927027032	-0.0307737286233	-0.0225625696585	0.0180871816321	-0.0727634195434	-0.0853264626819	0.00823458368847	-0.0244691452608	0.0513058988186	-0.0340637952241	-0.0429261336092	-0.0532938069831	-0.00170842618564	-0.0504022263581	0.0117803290215	-0.0113744771094	-0.080372042663	0.00454390731672	-0.0351350784146	-0.00187953163724	0.00495547563761	-0.0220318975943	0.0486809781581	0.000216697553751	-0.00612137680043	0.0234992194576	0.007466512505	0.0658884369947	0.00642624978848	-0.0189612362752	-0.0685486295713	-0.0228490116828	-0.000223251571166	0.0135044472538	-0.00514225902308	0.0503446260643	-0.0781319553211
k__Bacteria;p__Bacteroidetes;c__Bacteroidia;o__Bacteroidales;f__Bacteroidaceae;g__Bacteroides;s__Bacteroides_plebeius	0.0105973835786	-0.00534351610345	-0.036558094843	0.0658912003807	0.00652685816849	-0.0215041244877	0.0588260603782	-0.0166415912675	-0.0472464694017	0.00745194033956	-0.0357178353507	-0.0359001590339	0.0186101251973	0.103229289339	0.0233341460409	1.0	-0.0142241994658	0.0205125673771	-0.0200570741722	-0.0948883406581	-0.0182106394741	-0.0364938719669	0.0469549654663	-0.0561667959745	0.0214394587908	0.0542716361386	0.011529115704	0.0185253201039	-0.00762647562969	-0.00393524409613	-0.0230458431807	0.0244598877152	-0.0641823243297	-0.0294942246267	-0.00841658196781	-0.0387790805725	-0.0166578751772	0.045112640528	-0.0376706263862	-0.043654423592	0.0540447759494	0.00198817124747	-0.0181184052302	-0.0321765036372	-0.00328050303321	-0.0466391823025	-0.0179361609654	0.0298272283294	-0.0110327619785	-0.0348959786316	0.0477647522913	0.00414043869396	-0.0170031854711	-0.0762964308403	-0.048088851959	-0.0331389937114	-0.0275227370274	0.0379559740747	-0.0143443789596
k__Bacteria;p__Bacteroidetes;c__Bacteroidia;o__Bacteroidales;f__Bacteroidaceae;g__Bacteroides;s__Bacteroides_fragilis	-0.0595740083942	-0.0259598365648	-0.00627352737413	-0.0370194563105	0.00691560815802	-0.0232762888955	-0.0553427514762	-0.00261231435248	-0.0279022572626	-0.0163103206816	0.0284860640792	-0.0578718158834	-0.0242714518583	-0.0340999576274	0.0277326948884	-0.0142241994658	1.0	0.0177450637883	0.00488402597126	-0.0306699942392	0.0355958698964	-0.0299993312988	0.0186119716153	0.0221985797562	0.00138795233606	0.0202280503373	-0.00923666231962	-0.0349435618998	-0.0172645229707	-0.0281266312214	-0.0238631682679	0.0073158739679	-0.0375627575075	-0.013583756771	-0.0459854138476	-0.0577435649888	-0.0175602844303	-0.0135825232497	0.0552941134478	0.0237787758014	-0.0191219697126	-0.0498560603931	0.028138947638	0.0513570381345	-0.0118769565162	0.0166879350062	-0.00711254888426	0.00226145249836	-0.0291489516763	-0.00962853402779	0.0421809090882	-0.020685424963	0.0492101833913	-0.0252466011191	0.0077580233148	-0.0630455325734	0.0555672055882	-0.0328440300091	0.0808226790117
k__Bacteria;p__Proteobacteria;c__Betaproteobacteria;o__Burkholderiales;f__Sutterellaceae;g__Sutterella;s__Sutterella_wadsworthensis	0.0266786628152	0.0233812226614	-0.00923858318569	-0.0184771048068	-0.0154618897286	-0.0585421064653	-0.0144979307273	-0.0251585536537	0.0229628826944	0.0169458697602	0.0309599620869	-0.0192113434103	0.0693808617987	0.0360823729806	-0.0265334184193	0.0205125673771	0.0177450637883	1.0	-0.0288587437719	0.00903077159311	-0.0305622689554	-0.0222911060099	-0.032298418096	0.0199231485648	-0.00888162708168	-0.0306572143442	-0.082541800887	-0.0472199264518	-0.00644437662816	-0.0490834471313	0.0271197385893	-0.0357955630566	0.00908631603862	-0.000870069548002	-0.00965312091669	0.00490845583484	-0.0142539649675	-0.0105397035069	0.00119365033407	0.0566063687318	-0.0816260499245	0.014730436808	-0.00670306308392	0.0654675923887	-0.039517225371	-0.0325629753429	0.00566048003131	-0.0645116868927	0.0418237362595	0.0829456191261	0.00108339847679	0.0158430758932	0.0164120417268	0.00172251709317	-0.0310166736389	-0.0697370200583	0.00749893284418	0.00760907300435	-0.0509833445281
k__Bacteria;p__Bacteroidetes;c__Bacteroidia;o__Bacteroidales;f__Porphyromonadaceae;g__Barnesiella;s__Barnesiella_intestinihominis	0.00451661687579	-0.0459445943037	0.0448822919055	0.0220190692209	0.00624047689876	-0.00290680651172	-0.011375337684	-0.0109103498572	0.0355284778636	-0.0155033872553	-0.0477607098357	-0.00605090781553	-0.0593559237632	-0.0305322325878	-0.0188136403435	-0.0200570741722	0.00488402597126	-0.0288587437719	1.0	-0.0308176146903	0.0171670824135	-0.0123109628003	-0.0857788781506	0.0170495764756	-0.0566001169353	-0.0114042047287	0.0591974842318	0.0552291453899	-0.0529143786771	0.0167592048995	-0.0396022759024	-0.0169244598007	0.0395598615089	-0.021646641608	-0.00988155843476	0.0641439503284	0.00892804697563	0.020709381334	0.0175991059433	0.0334885454275	0.061145683583	-0.0369934231062	0.100517599371	-0.0108539228388	-0.0430052638292	-0.0112040554228	-0.0645852104866	0.0987375592859	0.027060807148	-0.0168077668111	0.0270721982	-0.0561835831437	-0.0378303056636	-0.0601029092818	-0.0054706322667	0.0178259906971	-0.0719112206139	0.0277306518431	0.0870490080697
k__Bacteria;p__Bacteroidetes;c__Bacteroidia;o__Bacteroidales;f__Odoribacteraceae;g__Odoribacter;s__Odoribacter_splanchnicus	0.0584176792235	0.0617043906896	0.0588525060058	0.0245085680409	-0.0112642726833	0.00709262775397	0.00679803737282	-0.00207887428365	-0.000208874380226	0.00818453960877	-0.0121094694181	-0.0335968378284	0.0468551765755	-0.00097497237206	0.0266604998049	-0.0948883406581	-0.0306699942392	0.00903077159311	-0.0308176146903	1.0	0.0239388388896	0.0233148952474	-0.0172835907308	-0.0158767699641	0.000874028793838	-0.0291141189776	0.025963144517	0.0834126647815	-0.00975249793743	-0.0353733521361	0.0458325639397	0.0211152773732	-0.00200432298093	0.0133582415305	0.0205841750937	-0.0125175988831	-0.0422513585277	-0.0638585514455	-0.0415860863253	-0.0109707333321	0.0111181313603	0.00832849435503	-0.0318835592605	0.0745346132462	-0.0274208851341	0.0181488265357	0.0129645341591	0.0230844585172	0.0240427351291	0.0783523800835	-0.0162950539503	-0.0721646653944	-0.0184445749265	0.000286518745334	-0.0111273468825	-0.00874006975703	-0.0200776398119	-0.0223551324315	0.032416083912
k__Bacteria;p__Bacteroidetes;c__Bacteroidia;o__Bacteroidales;f__Bacteroidaceae;g__Bacteroides;s__Bacteroides_salyersiae	0.0166890259822	0.0394524206299	-0.00477962186328	-0.048533915955	-0.0186268180043	-0.0174523576527	-0.0580364695924	0.0191352887705	0.0346920469147	0.0042811018012	-0.0130627761583	0.0606218357049	0.0315173852204	-0.0091894053923	-0.00104384267363	-0.0182106394741	0.0355958698964	-0.0305622689554	0.0171670824135	0.0239388388896	1.0	-0.0152628439928	-0.0013819014797	0.00940863593702	-0.0980184893636	-0.0244056603737	-0.0181412798107	0.00225445522681	-0.0818761804756	-0.0324278080925	-0.0277741041484	-0.0968998335338	0.0798796989935	-0.0447281855768	-0.0272199185652	-0.0226003587737	-0.0357351471687	0.00637199594508	0.0106754142646	-0.0381388415997	0.0255385897014	0.0425915338308	0.00912589418277	0.00426449782221	0.00897827509788	0.0169051516616	0.0253815056127	-0.0372655480786	0.00945942803422	0.0330672398816	-0.0398386221438	0.0192535745897	-0.0123121576835	0.0376662364958	-0.00322417231638	-0.02468980816	-0.0221367678011	-0.0384697540692	-0.0119107960119
k__Bacteria;p__Firmicutes;c__Clostridia;o__Clostridiales;f__Ruminococcaceae;g__Ruminiclostridium;s__[Eubacterium]_siraeum	-0.032455053812	0.0862137648454	-0.0338229136477	0.016135935984	0.0402138466773	0.0270742443427	0.0582896075723	0.0433745458852	0.0243255658304	-0.00876393071547	0.0349240305737	-0.0720522552989	-0.0994328273147	0.0173194358783	0.0104972600791	-0.0364938719669	-0.0299993312988	-0.0222911060099	-0.0123109628003	0.0233148952474	-0.0152628439928	1.0	0.000410693514313	-0.0699340731963	-0.00896154294028	0.00961749119014	0.0219250903963	-0.0155035393509	-0.0137002958892	-0.081770910301	0.0147863604589	-0.0829273042188	-0.0295894923935	-0.008336361563	0.0364249722412	-0.00287441153429	-0.0314392872026	0.0331483909989	-0.0328573800308	0.0825410953878	0.0100966604312	-0.0291353172468	-0.0644090533671	0.0134449826942	-0.0426339955715	0.0166566516134	-0.00107643100732	-0.026142108213	-0.0634181379184	-0.0698533488759	-0.00293744165897	-0.0230476365482	-0.00230657375167	-0.0441940252569	-0.00551421259108	0.0159287631572	-0.00271820780774	0.00253865217262	0.0112509616949
k__Bacteria;p__Proteobacteria;c__Betaproteobacteria;o__Burkholderiales;f__Sutterellaceae;g__Parasutterella;s__Parasutterella_excrementihominis	-0.0166640211654	-0.0177499947991	-0.0615002875916	-0.0258356313555	-0.00602090931853	0.0226089744322	-0.0251528120735	0.0239552345813	-0.0267361466768	0.0626207722975	0.0616010896453	-0.00962467243645	-0.0433294773357	0.0360384968075	-0.0219927027032	0.0469549654663	0.0186119716153	-0.032298418096	-0.0857788781506	-0.0172835907308	-0.0013819014797	0.000410693514313	1.0	0.0137203226571	0.052935253544	0.0325298626003	-0.0166865240007	0.00471973147893	-0.0130825028492	0.0054994740999	-0.0665759721641	0.074433455433	0.0436252675214	-0.00153879487917	-0.0407699836467	-0.0211360076703	0.0329826004856	-0.0193739192443	-0.0116385610763	0.037084245088	0.0488566069729	-0.0305164315019	-0.0166643119254	-0.0349378277753	-0.0406175583463	-0.00528486455326	-0.0210374101519	-0.0693856718073	-0.0613255106894	-0.0118900492199	0.0155792704216	0.0113480997573	-0.0567799711267	-0.0400976638666	-0.0407424916623	-0.0180897278368	0.0195800292168	0.0189527750856	0.0361309542796
k__Bacteria;p__Actinobacteria;c__Actinobacteria;o__Bifidobacteriales;f__Bifidobacteriaceae;g__Bifidobacterium;s__Bifidobacterium_adolescentis	0.0373135584479	0.0102291379456	0.00892126397157	0.0109515362912	-0.0408064558805	0.0042586948507	0.0431111115278	-0.0281721205525	-0.035863795835	0.0488106067912	0.028612297855	-0.0449256206766	-0.0243334771511	-0.0559120899977	-0.0307737286233	-0.0561667959745	0.0221985797562	0.0199231485648	0.0170495764756	-0.0158767699641	0.00940863593702	-0.0699340731963	0.0137203226571	1.0	-0.0030975966947	0.00437970417818	-0.0188894443844	-0.0365610365669	-0.0467482503988	-0.0382048888062	0.00742867433147	0.00329742689865	-0.0841601382508	0.0148294321379	-0.0959676036266	-0.019344792183	0.0775786992246	-0.0496302082274	-0.0156435501958	-0.0489376807566	0.0567804052789	7.95441269774e-05	-0.00508435016964	0.0394673197398	-0.01657351758	0.00603351222036	0.0353321384302	0.0924041874109	-0.029979842718	-0.0704338665877	0.0265551649836	-0.0242026382062	0.0563293850141	-0.0176837294665	-0.0418492621164	0.00512596758258	-0.0489842627901	-0.0262278689122	-0.0743938549447
k__Bacteria;p__Firmicutes;c__Clostridia;o__Clostridiales;f__Oscillospiraceae;g__Oscillibacter;s__Oscillibacter_sp._KLE_1745	0.0127195359913	0.00911566531503	-0.0185008928735	0.0624113662202	-0.0727147922457	0.00597178701374	-0.0207252948132	-0.0427887114587	-0.00172373181459	-0.0564804770747	-0.0397003890885	0.00550634803191	-0.0604770621478	-0.0288524528779	-0.0225625696585	0.0214394587908	0.00138795233606	-0.00888162708168	-0.0566001169353	0.000874028793838	-0.0980184893636	-0.00896154294028	0.052935253544	-0.0030975966947	1.0	-0.0253609915817	-0.00699497990775	-0.00232134374275	0.0138014828624	0.0244386422042	0.0198234145811	-0.0153925596668	0.036772876193	-0.0339239080102	-0.101630388441	0.0248323976032	0.0916273874453	0.0186100939961	-0.0487575427713	-0.00109213800655	0.0310072106224	-0.000297680855171	-0.0443376093675	-0.0519597282281	-0.0510796504747	0.0389795517612	0.0108100739452	-0.0551754871403	0.00727027480877	0.0427333841926	-0.100981022737	0.074815363067	0.01964219789	0.0473956670995	-0.0761928902805	-0.0150085124738	-0.023042586616	0.0294289842709	-0.0707524310363
k__Bacteria;p__Bacteroidetes;c__Bacteroidia;o__Bacteroidales;f__Bacteroidaceae;g__Bacteroides;s__Bacteroides_coprophilus	-0.0104224586525	-0.0120050348434	0.0216186418969	0.0623611691299	-0.0518977733377	0.0563248009243	-0.0221723839254	0.0315622183463	-0.0455349770643	0.0108515415667	-0.0164898807486	0.00474928509899	0.022018936664	-0.0736778882569	0.0180871816321	0.0542716361386	0.0202280503373	-0.0306572143442	-0.0114042047287	-0.0291141189776	-0.0244056603737	0.00961749119014	0.0325298626003	0.00437970417818	-0.0253609915817	1.0	0.0647839940345	-0.0179127941225	-0.0615790012714	-0.0284031609656	-0.00776911331935	-0.0548163692048	-0.0647141954675	-0.02977518592	-0.0392430095564	0.0696803650917	-0.0471212328372	0.0313535506589	-0.00230308047239	0.0638211014433	0.0227994893137	0.0102579277294	-0.0203858462444	0.039098391498	-0.0168940102896	0.00247956694821	-0.0477094500746	-0.0287289110427	0.0161511645962	-0.0234017481877	0.00757405481432	-0.00440217310467	-0.0614560186265	-0.0354954674881	-0.0173150591574	0.0782913463105	0.0150296657482	-0.0158067109802	-0.0218618391968
k__Bacteria;p__Firmicutes;c__Clostridia;o__Clostridiales;f__Lachnospiraceae;g__Roseburia;s__Roseburia_intestinalis	-0.035994385844	0.0292737169188	-0.0501972764832	-0.0124717585452	-0.0249743666046	-0.060864808151	-0.0133809622879	0.0565873914844	-0.0162613152099	0.0798464177602	-0.0361881072215	-0.0792701607863	-0.0140868096046	0.00489033436888	-0.0727634195434	0.011529115704	-0.00923666231962	-0.082541800887	0.0591974842318	0.025963144517	-0.0181412798107	0.0219250903963	-0.0166865240007	-0.0188894443844	-0.00699497990775	0.0647839940345	1.0	-0.0336032207993	0.00369548110498	-0.00220605648405	0.0540650219435	0.00419083969118	0.0347287661014	-0.0423953029812	0.0394557486053	-0.00873085531748	0.0581013417121	0.010174288261	-0.0144506590462	0.0311217232289	-0.0533289372175	0.0128201192913	0.000268094939383	0.00180044977161	0.0104272796514	-0.013890631068	-0.0286888747557	0.0369337958443	0.0426284726254	0.0456774190147	0.0584627768325	-0.0182496594566	-0.108320028854	-0.0794400223672	-0.0271088677344	0.00206798238735	0.0297214814812	-0.00204021595236	-0.0612764538442
k__Bacteria;p__Firmicutes;c__Clostridia;o__Clostridiales;f__Lachnospiraceae;g__Roseburia;s__Roseburia_hominis	-0.0282803797951	0.0151946967342	-0.0427460148585	-0.0178053773266	0.00479628181487	-0.0163089829859	-0.023004209973	-0.0598826718312	0.0174140905052	0.0283975727599	-0.0361280381783	0.0342361363949	-0.0603297117347	-0.0152969375388	-0.0853264626819	0.0185253201039	-0.0349435618998	-0.0472199264518	0.0552291453899	0.0834126647815	0.00225445522681	-0.0155035393509	0.00471973147893	-0.0365610365669	-0.00232134374275	-0.0179127941225	-0.0336032207993	1.0	-0.0166168908166	-0.00838136187215	0.0231960889595	-0.0255617065998	-0.0672929038677	0.0181682299214	-0.03659311015	-0.0137960159625	0.0159563463491	0.0163590704856	-0.0614307604212	-0.00305683091263	0.0643877848735	-0.041150405168	-0.0660204395051	-0.0875463377512	0.00337072641739	0.0190757808779	0.0422242060914	-0.023616124054	-0.0621173837642	-0.0192097025736	-0.0116909289352	-0.0489674365219	0.0100945342917	0.0249625534483	0.0143396822575	-0.0494021331262	0.00994675210262	0.0199211247024	-0.0564366972177
k__Bacteria;p__Bacteroidetes;c__Bacteroidia;o__Bacteroidales;f__Porphyromonadaceae;g__Parabacteroides;s__Parabacteroides_johnsonii	0.0188021290812	0.0386585345382	-0.0324147427532	0.0161016309834	-0.0348083042667	-0.0645656851086	-0.00198156247546	0.0173334366292	-0.0321888399095	0.0600169394285	0.0193424456114	0.0495962374426	-0.0100939960499	0.0319618191702	0.00823458368847	-0.00762647562969	-0.0172645229707	-0.00644437662816	-0.0529143786771	-0.00975249793743	-0.0818761804756	-0.0137002958892	-0.0130825028492	-0.0467482503988	0.0138014828624	-0.0615790012714	0.00369548110498	-0.0166168908166	1.0	-0.0836523830113	-0.00384461542248	0.0177813026754	-0.00551762485013	0.0372388521752	-0.0253219743184	0.00331900945803	-0.0308277405612	-0.023501549087	0.0147673763564	0.00446245028425	0.0135539356578	-0.0478980325015	0.0464810293629	-0.0229280874574	0.00694764044381	-0.00802748348596	0.00825048091191	-0.024418336386	-0.10350655882	0.0104745805906	0.00684079721756	0.00301334242661	0.0109659695249	0.00443183030144	0.00793788130625	0.0213506599978	-0.0422137054288	-0.0491382045293	-0.0725083521108
k__Bacteria;p__Actinobacteria;c__Actinobacteria;o__Bifidobacteriales;f__Bifidobacteriaceae;g__Bifidobacterium;s__Bifidobacterium_longum	0.0396294821678	-0.0454873209271	0.0317770316858	-0.0729129318008	0.046347785904	0.0182556040916	-0.000616815509299	-0.0370651988032	0.0215622198337	-0.0242643211518	-0.00739392965587	0.0637367418064	-0.0231870712408	-0.023957232488	-0.0244691452608	-0.00393524409613	-0.0281266312214	-0.0490834471313	0.0167592048995	-0.0353733521361	-0.0324278080925	-0.081770910301	0.0054994740999	-0.0382048888062	0.0244386422042	-0.0284031609656	-0.00220605648405	-0.00838136187215	-0.0836523830113	1.0	0.019209458579	0.0172521034388	-0.0368036919285	0.00356656898784	-0.0215366600308	-0.0202660749353	0.0102706831548	-0.018124946441	0.0233383672747	0.0180414231349	0.00547953421487	-0.00817417918347	-0.00308112041734	0.00351031383194	-0.0125487961808	-0.0367190470447	-0.0322094820659	0.0147676671524	0.000481518934914	-0.037754570826	-0.0284074976583	-0.0116792693311	-0.020095300515	0.0758975276295	-0.00760920911927	0.0110053526754	0.00263873178656	-0.0346329446504	0.0344587062903
