#taxonomy	k__Bacteria;p__Bacteroidetes;c__Bacteroidia;o__Bacteroidales;f__Bacteroidaceae;g__Bacteroides;s__Bacteroides_vulgatus	k__Bacteria;p__Bacteroidetes;c__Bacteroidia;o__Bacteroidales;f__Bacteroidaceae;g__Bacteroides;s__Bacteroides_uniformis	k__Bacteria;p__Bacteroidetes;c__Bacteroidia;o__Bacteroidales;f__Rikenellaceae;g__Alistipes;s__Alistipes_putredinis	k__Bacteria;p__Bacteroidetes;c__Bacteroidia;o__Bacteroidales;f__Prevotellaceae;g__Prevotella;s__Prevotella_copri	k__Bacteria;p__Bacteroidetes;c__Bacteroidia;o__Bacteroidales;f__Bacteroidaceae;g__Bacteroides;s__Bacteroides_stercoris	k__Bacteria;p__Bacteroidetes;c__Bacteroidia;o__Bacteroidales;f__Bacteroidaceae;g__Bacteroides;s__Bacteroides_ovatus	k__Bacteria;p__Bacteroidetes;c__Bacteroidia;o__Bacteroidales;f__Rikenellaceae;g__Alistipes;s__Alistipes_shahii	k__Bacteria;p__Firmicutes;c__Clostridia;o__Clostridiales;f__Ruminococcaceae;g__Faecalibacterium;s__Faecalibacterium_prausnitzii	k__Bacteria;p__Bacteroidetes;c__Bacteroidia;o__Bacteroidales;f__Rikenellaceae;g__Alistipes;s__Alistipes_finegoldii	k__Bacteria;p__Bacteroidetes;c__Bacteroidia;o__Bacteroidales;f__Porphyromonadaceae;g__Parabacteroides;s__Parabacteroides_distasonis	k__Bacteria;p__Bacteroidetes;c__Bacteroidia;o__Bacteroidales;f__Bacteroidaceae;g__Bacteroides;s__Bacteroides_thetaiotaomicron	k__Bacteria;p__Bacteroidetes;c__Bacteroidia;o__Bacteroidales;f__Bacteroidaceae;g__Bacteroides;s__Bacteroides_coprocola	k__Bacteria;p__Bacteroidetes;c__Bacteroidia;o__Bacteroidales;f__Bacteroidaceae;g__Bacteroides;s__Bacteroides_cellulosilyticus	k__Bacteria;p__Bacteroidetes;c__Bacteroidia;o__Bacteroidales;f__Rikenellaceae;g__Alistipes;s__Alistipes_obesi	k__Bacteria;p__Firmicutes;c__Clostridia;o__Clostridiales;f__Lachnospiraceae;g__;s__[Eubacterium]_rectale	k__Bacteria;p__Bacteroidetes;c__Bacteroidia;o__Bacteroidales;f__Bacteroidaceae;g__Bacteroides;s__Bacteroides_plebeius	k__Bacteria;p__Bacteroidetes;c__Bacteroidia;o__Bacteroidales;f__Bacteroidaceae;g__Bacteroides;s__Bacteroides_fragilis	k__Bacteria;p__Proteobacteria;c__Betaproteobacteria;o__Burkholderiales;f__Sutterellaceae;g__Sutterella;s__Sutterella_wadsworthensis	k__Bacteria;p__Bacteroidetes;c__Bacteroidia;o__Bacteroidales;f__Porphyromonadaceae;g__Barnesiella;s__Barnesiella_intestinihominis	k__Bacteria;p__Bacteroidetes;c__Bacteroidia;o__Bacteroidales;f__Odoribacteraceae;g__Odoribacter;s__Odoribacter_splanchnicus	k__Bacteria;p__Bacteroidetes;c__Bacteroidia;o__Bacteroidales;f__Bacteroidaceae;g__Bacteroides;s__Bacteroides_salyersiae	k__Bacteria;p__Firmicutes;c__Clostridia;o__Clostridiales;f__Ruminococcaceae;g__Ruminiclostridium;s__[Eubacterium]_siraeum	k__Bacteria;p__Proteobacteria;c__Betaproteobacteria;o__Burkholderiales;f__Sutterellaceae;g__Parasutterella;s__Parasutterella_excrementihominis	k__Bacteria;p__Actinobacteria;c__Actinobacteria;o__Bifidobacteriales;f__Bifidobacteriaceae;g__Bifidobacterium;s__Bifidobacterium_adolescentis	k__Bacteria;p__Firmicutes;c__Clostridia;o__Clostridiales;f__Oscillospiraceae;g__Oscillibacter;s__Oscillibacter_sp._KLE_1745	k__Bacteria;p__Bacteroidetes;c__Bacteroidia;o__Bacteroidales;f__Bacteroidaceae;g__Bacteroides;s__Bacteroides_coprophilus	k__Bacteria;p__Firmicutes;c__Clostridia;o__Clostridiales;f__Lachnospiraceae;g__Roseburia;s__Roseburia_intestinalis	k__Bacteria;p__Firmicutes;c__Clostridia;o__Clostridiales;f__Lachnospiraceae;g__Roseburia;s__Roseburia_hominis	k__Bacteria;p__Bacteroidetes;c__Bacteroidia;o__Bacteroidales;f__Porphyromonadaceae;g__Parabacteroides;s__Parabacteroides_johnsonii	k__Bacteria;p__Actinobacteria;c__Actinobacteria;o__Bifidobacteriales;f__Bifidobacteriaceae;g__Bifidobacterium;s__Bifidobacterium_longum	k__Bacteria;p__Firmicutes;c__Clostridia;o__Clostridiales;f__;g__Flavonifractor;s__Flavonifractor_plautii	k__Bacteria;p__Firmicutes;c__Clostridia;o__Clostridiales;f__Clostridiaceae;g__Clostridium;s__Clostridium_phoceensis	k__Bacteria;p__Verrucomicrobia;c__Verrucomicrobiae;o__Verrucomicrobiales;f__Akkermansiaceae;g__Akkermansia;s__Akkermansia_muciniphila	k__Bacteria;p__Bacteroidetes;c__Bacteroidia;o__Bacteroidales;f__Prevotellaceae;g__Paraprevotella;s__Paraprevotella_xylaniphila	k__Bacteria;p__Firmicutes;c__Clostridia;o__Clostridiales;f__Ruminococcaceae;g__Ruminococcus;s__Ruminococcus_callidus	k__Bacteria;p__Bacteroidetes;c__Bacteroidia;o__Bacteroidales;f__Rikenellaceae;g__Alistipes;s__Alistipes_senegalensis	k__Bacteria;p__Firmicutes;c__Clostridia;o__Clostridiales;f__Lachnospiraceae;g__Blautia;s__Blautia_sp._KLE_1732	k__Bacteria;p__Bacteroidetes;c__Bacteroidia;o__Bacteroidales;f__Bacteroidaceae;g__Bacteroides;s__Bacteroides_oleiciplenus	k__Bacteria;p__Firmicutes;c__Clostridia;o__Clostridiales;f__Ruminococcaceae;g__Ruminococcus;s__Ruminococcus_bicirculans	k__Bacteria;p__Bacteroidetes;c__Bacteroidia;o__Bacteroidales;f__Bacteroidaceae;g__Bacteroides;s__Bacteroides_fluxus	k__Bacteria;p__Bacteroidetes;c__Bacteroidia;o__Bacteroidales;f__Prevotellaceae;g__Prevotella;s__Prevotella_stercorea	k__Bacteria;p__Firmicutes;c__Clostridia;o__Clostridiales;f__Lachnospiraceae;g__Dorea;s__Dorea_longicatena	k__Bacteria;p__Firmicutes;c__Clostridia;o__Clostridiales;f__Eubacteriaceae;g__Eubacterium;s__[Eubacterium]_eligens	k__Bacteria;p__Firmicutes;c__Clostridia;o__Clostridiales;f__Ruminococcaceae;g__;s__Ruminococcaceae_bacterium_D16	k__Bacteria;p__Firmicutes;c__Clostridia;o__Clostridiales;f__Lachnospiraceae;g__Coprococcus;s__Coprococcus_comes	k__Bacteria;p__Proteobacteria;c__Gammaproteobacteria;o__Enterobacterales;f__Enterobacteriaceae;g__Escherichia;s__Escherichia_coli	k__Bacteria;p__Firmicutes;c__Clostridia;o__Clostridiales;f__Ruminococcaceae;g__Anaerotruncus;s__Anaerotruncus_colihominis	k__Bacteria;p__Firmicutes;c__Clostridia;o__Clostridiales;f__Lachnospiraceae;g__Blautia;s__Blautia_obeum	k__Bacteria;p__Bacteroidetes;c__Bacteroidia;o__Bacteroidales;f__Odoribacteraceae;g__Odoribacter;s__Odoribacter_laneus	k__Bacteria;p__Firmicutes;c__Clostridia;o__Clostridiales;f__Ruminococcaceae;g__Ruminiclostridium;s__[Clostridium]_leptum	k__Bacteria;p__Bacteroidetes;c__Bacteroidia;o__Bacteroidales;f__Porphyromonadaceae;g__Parabacteroides;s__Parabacteroides_goldsteinii	k__Bacteria;p__Firmicutes;c__Clostridia;o__Clostridiales;f__Lachnospiraceae;g__Anaerostipes;s__Anaerostipes_hadrus	k__Bacteria;p__Firmicutes;c__Clostridia;o__Clostridiales;f__Ruminococcaceae;g__Ruminococcus;s__Ruminococcus_lactaris	k__Bacteria;p__Firmicutes;c__Clostridia;o__Clostridiales;f__Clostridiaceae;g__Clostridium;s__Clostridium_sp._L2-50	k__Bacteria;p__Firmicutes;c__Clostridia;o__Clostridiales;f__Clostridiaceae;g__Clostridium;s__Clostridium_sp._M62/1	k__Bacteria;p__Firmicutes;c__Clostridia;o__Clostridiales;f__;g__Intestinimonas;s__Intestinimonas_butyriciproducens	k__Bacteria;p__Actinobacteria;c__Actinobacteria;o__Bifidobacteriales;f__Bifidobacteriaceae;g__Bifidobacterium;s__Bifidobacterium_bifidum	k__Bacteria;p__Firmicutes;c__Negativicutes;o__Veillonellales;f__Veillonellaceae;g__Dialister;s__Dialister_invisus	k__Bacteria;p__Bacteroidetes;c__Bacteroidia;o__Bacteroidales;f__Bacteroidaceae;g__Bacteroides;s__Bacteroides_salanitronis
k__Bacteria;p__Bacteroidetes;c__Bacteroidia;o__Bacteroidales;f__Bacteroidaceae;g__Bacteroides;s__Bacteroides_vulgatus	1.0	-0.0338617957614	0.0381800147235	-0.00984522526361	-0.0133116093272	0.0224510556905	0.00884336765898	0.0315588924873	-0.055222014468	-0.000534728383522	0.031178461622	0.0669835075572	-0.019228106375	-0.0330483969017	0.000119830537695	-0.0172404483786	-0.0058502885189	-0.063558672302	0.0484889725949	-0.057502558289	-0.00532844666316	0.0160151159498	-0.0228909010314	-0.0347583898465	-0.0387292193053	-0.042938467328	-0.00547773832056	-0.0484180069461	-0.0198482411535	-0.0106601378457	-0.00199462817505	-0.00631339638375	0.000160142128478	0.0651091000984	-0.00740116240453	-0.0164588975197	-0.00163223015717	-0.0572121791343	-0.0331240525703	-0.0300870958831	0.0177723972725	0.0171724724507	-0.00835549378531	0.00526378677028	0.128352964567	0.0224735432705	-0.0122116233662	-0.00557913149954	-0.0121324071814	0.0444084811786	-0.0332721867808	0.0771389241771	-0.0410622942049	-0.0225078657303	-0.091267711962	0.00562207083894	0.0426557947389	0.0313058833618	-0.0158709962064
k__Bacteria;p__Bacteroidetes;c__Bacteroidia;o__Bacteroidales;f__Bacteroidaceae;g__Bacteroides;s__Bacteroides_uniformis	-0.0338617957614	1.0	0.0063814533483	-0.00764693777932	-0.0408195921054	-0.0684179073367	0.0251742117178	-0.00939442166867	0.0333144018856	-0.0343003331762	-0.00454716557326	-0.00788352414745	-0.0293642801154	0.0499826672404	-0.090840823464	0.0113664064762	-0.0278924053231	0.00771648212371	0.028688721198	-0.0156325595432	-0.0605300469375	-0.0138867202299	-0.0205530021357	0.0134386002231	-0.0580247867498	-0.0320991281691	-0.0341808622179	-0.0201984978045	-0.0234333693085	0.0925419849614	-0.00192474553488	-0.0124085358011	0.0888695194012	-0.051335712081	0.0186608364554	0.00913440912616	0.0372158845334	-0.0308696357478	0.00835369457346	-0.00970395380157	-0.0511779683202	0.0153524408764	-0.011467896709	0.00380838196028	0.0231581406071	0.0110197796584	0.00134032949672	-0.0332094451806	0.0342790476916	0.0399441043053	-0.0147484641558	0.00139121203565	-0.0286814303039	-0.00414261071731	0.00823944225657	-0.0356409032561	0.0692879358401	-0.0463707665082	0.00930310310375
k__Bacteria;p__Bacteroidetes;c__Bacteroidia;o__Bacteroidales;f__Rikenellaceae;g__Alistipes;s__Alistipes_putredinis	0.0381800147235	0.0063814533483	1.0	-0.0260460713996	-0.0161621834834	0.0140756134898	-0.0145200533853	-0.0374221010557	-0.0132569618094	-0.0591283958889	-0.0470341120109	0.0255634187782	0.0225653315221	0.0262954596483	0.0109319317047	-0.0167142964779	-0.00513574088959	-0.0312208362803	-0.0351918938845	-0.060765896772	-0.00409661314194	-0.00999989780121	0.00213238627549	0.0171110300995	0.00653224927804	-0.0310151607021	0.00793649447014	0.0154994763029	0.0348237166023	0.0379920719865	-0.0371812983104	0.0673408169934	-0.0260156408544	0.00992231953507	0.0157945081895	0.0590436446215	-0.0449124864675	-0.0525650492899	0.0151070450776	-0.0118860527723	-0.0130635280089	-0.0379105346472	0.00858536678102	-0.030215327044	-0.0204640015925	-0.0590221123079	-0.0455938621789	0.0398865375748	-0.0270159020433	-0.00840346080557	-0.0203710114819	-0.0441332321054	-0.00657380808774	0.0306876095359	-0.0114375624619	-0.0132472033204	-0.028543939429	-0.0732483506204	-0.0826261874813
k__Bacteria;p__Bacteroidetes;c__Bacteroidia;o__Bacteroidales;f__Prevotellaceae;g__Prevotella;s__Prevotella_copri	-0.00984522526361	-0.00764693777932	-0.0260460713996	1.0	-0.0316247231084	-0.00653775196321	0.0244431762413	-0.125161044157	-0.0531498057543	0.068872787587	-0.00993669492708	0.0604875581681	-0.00441256979656	0.0433976545391	-0.00427767477172	-0.0943879815017	0.022429188343	-0.00735395067729	0.0238317802349	-0.0371254744082	-0.0489720400067	-0.0403208877661	-0.0261694634643	0.0180429586975	-0.0176941098092	-0.0386525518543	0.0294359765577	-0.0661931864549	-0.0239678787918	0.0091626939455	-0.0321232816283	-0.0553045776368	-0.0217595429454	0.0691428867556	0.035526641367	0.0389283926552	0.018170092681	-0.00553494527931	-0.0275195089228	0.0300765391149	-0.00577309138991	-5.40127903387e-05	0.00715787965887	-0.026808999387	0.0387725678223	-0.0228367351236	-0.0227858944149	0.025921159913	-0.0575887067179	-0.064893978464	0.00898508650408	-0.0444255213531	0.0373153932658	-0.0455591915294	0.00690214532352	-0.0418536732668	0.0167968375374	-0.033328282383	-0.0115332869194
k__Bacteria;p__Bacteroidetes;c__Bacteroidia;o__Bacteroidales;f__Bacteroidaceae;g__Bacteroides;s__Bacteroides_stercoris	-0.0133116093272	-0.0408195921054	-0.0161621834834	-0.0316247231084	1.0	-0.0655136286665	-0.00268160803156	-0.0572064232125	-0.0340948638104	-0.0711348900365	-0.00562717340245	0.00499366216409	0.0142854745131	-0.0379891324639	0.00678917110807	0.0714762487454	0.00348027753397	-0.0198124532063	-0.0236410009756	0.0132542701467	-0.0302105717206	0.0275254372289	0.0389993228195	-0.0164524968253	0.00502666847347	0.0333021326579	-0.0174305801914	0.0193233897148	0.0281499683995	-0.0493029613419	-0.0627196556069	-0.0230151876165	-0.00017369890755	0.0107823707699	0.0438937712829	-0.0580397888815	-0.00471434101542	-0.0433873222471	-0.00823273006864	0.0457435863139	-0.0336250621352	0.0533585586397	-0.0419369047018	0.00915654864986	-0.0154277271865	-0.0208904446798	0.0019471060817	-0.0598705948935	-0.0308271160642	0.0295314011832	-0.000782189649245	-0.00761379987388	-0.0291404062199	-0.0209444454532	-0.0355791234652	0.0388948708128	-0.0224305987321	0.0098983601503	-0.0348774754503
k__Bacteria;p__Bacteroidetes;c__Bacteroidia;o__Bacteroidales;f__Bacteroidaceae;g__Bacteroides;s__Bacteroides_ovatus	0.0224510556905	-0.0684179073367	0.0140756134898	-0.00653775196321	-0.0655136286665	1.0	-0.0506820706181	-0.0249689203714	-0.0111455838755	0.0262460880481	0.00609428009924	0.0229281844192	-0.0280592221669	0.0386387803331	-0.012973390606	-0.0542691177119	0.00214738713401	-0.021401843533	0.0259275991532	-0.042954039139	0.00857743437473	0.0710457858146	0.0114456206069	-0.0374561966302	-0.10844706811	0.0141039232986	-0.0247398238087	-0.037019200297	-0.0703034158946	-0.0361967120124	-0.0408842233717	-0.0377833032223	0.0208901766363	-0.0239654860989	0.0092459966714	-0.00495533526395	0.0690260844043	0.000105495088988	-0.0103047311467	0.0032625297176	-0.019788734606	0.00140342699122	-0.00260010276188	0.0458530185135	0.0394060039869	0.023386998361	-0.0245161922846	-0.0386435443851	-0.0605326838469	-0.0305865813418	0.0340086586136	-0.0163825672277	-0.00886002702906	0.0351588224242	-0.00437890831571	-0.0291177881932	-0.0141079444982	-0.032256925758	-0.014508931021
k__Bacteria;p__Bacteroidetes;c__Bacteroidia;o__Bacteroidales;f__Rikenellaceae;g__Alistipes;s__Alistipes_shahii	0.00884336765898	0.0251742117178	-0.0145200533853	0.0244431762413	-0.00268160803156	-0.0506820706181	1.0	-0.033368897759	-0.00587182110228	-0.0319980777745	-0.0219868481702	-0.0561426259256	0.0119007147505	0.0183370012066	-0.0457409990234	-0.00689697663682	0.00800500429795	0.0528619852568	-0.0538561552438	-0.011737908847	-0.0131108406913	0.042668632355	-0.0518451328045	-0.0888699617884	0.00162310302254	0.0317777826616	0.0391172483893	-0.00793549588134	0.0430302767025	-0.0609426144825	-0.0084958008211	0.0538808687353	-0.00489114527138	-0.0502543878217	0.0152700537071	0.0165387126113	0.0222080148461	-0.0178310453036	-0.0145932106133	0.116908025366	-0.0112776191453	-0.0338924191142	0.039207700468	0.0168416524501	-0.0303520386609	0.0153011376297	0.0406684421586	0.0134380021519	0.0153542939798	-0.00732633037664	-0.0247017388834	-0.00828602933973	-0.0155358648751	0.0535164272336	-0.0456064101338	-0.0458741940588	0.00172685648992	-0.0141480741372	0.0570704152662
k__Bacteria;p__Firmicutes;c__Clostridia;o__Clostridiales;f__Ruminococcaceae;g__Faecalibacterium;s__Faecalibacterium_prausnitzii	0.0315588924873	-0.00939442166867	-0.0374221010557	-0.125161044157	-0.0572064232125	-0.0249689203714	-0.033368897759	1.0	-0.018060839271	0.0271190137383	0.0277561166675	-0.0753443067231	0.0372294866454	0.0202703087454	0.00132016985258	-0.0205473857853	-0.0455280671912	0.00352013704659	-0.0464091535997	0.0423529479962	0.00110813708214	-0.0861234460409	-0.0720326682211	0.0405271471027	0.0323830410077	-0.0258370883869	-0.0237542614109	-0.0301578525831	-0.0497038649611	-0.0608072372064	0.0453376695231	-0.0623500975045	0.0279076760659	0.0188163363615	-0.0110973121956	0.0123736303281	0.0218368839204	0.0332241514706	-0.0346117374204	-0.0042125447773	-0.00239024748976	-0.0078118639803	-0.0076496369016	0.0154246471686	-0.00470217399676	0.00777311258798	0.0100280423663	-0.0470658093429	0.0662866627773	-0.0413853723131	-0.0402217887376	-0.0300695914299	0.0629295410757	0.0456667040581	0.0102216005717	0.0340949783333	0.0241881061858	-0.0361737643373	-0.0271652001581
k__Bacteria;p__Bacteroidetes;c__Bacteroidia;o__Bacteroidales;f__Rikenellaceae;g__Alistipes;s__Alistipes_finegoldii	-0.055222014468	0.0333144018856	-0.0132569618094	-0.0531498057543	-0.0340948638104	-0.0111455838755	-0.00587182110228	-0.018060839271	1.0	-0.0420267384342	-0.00225353214485	-0.0475896780468	-0.0248088757568	0.0193477320393	0.0114364938951	-0.0232986774742	0.0142612344723	0.0148105220099	0.0569808175598	-0.0220075222385	-0.0165071507235	-0.0155039075507	-0.0106839565075	0.0323214589457	0.0340619231374	0.0302142587225	-0.0425794755693	-0.0135302365909	-0.0147269416287	0.0223247236382	-0.00744540354576	-0.0135230878249	0.0688617316681	0.00320645001938	-0.07405619562	-0.000224596166784	-0.0165026761117	0.0277578130662	0.0595612980278	0.0136925049945	-0.00734994723163	0.0552761887365	0.0191431466121	-0.0179122924356	0.0676082793054	0.0214477482423	-0.0138199629348	-0.0343968296357	0.0511587154347	-0.0454075822282	-0.0251174465846	-0.0281059639205	-0.0147187275696	-0.0443543393127	0.0303366740344	-0.00322775579404	-0.00757863712867	-0.0263128794586	-0.0601663431026
k__Bacteria;p__Bacteroidetes;c__Bacteroidia;o__Bacteroidales;f__Porphyromonadaceae;g__Parabacteroides;s__Parabacteroides_distasonis	-0.000534728383522	-0.0343003331762	-0.0591283958889	0.068872787587	-0.0711348900365	0.0262460880481	-0.0319980777745	0.0271190137383	-0.0420267384342	1.0	0.00297906270722	-0.0300040432312	0.00402187785223	-0.0101254131027	-0.000387792964535	-0.00791697642538	0.0328146670587	-0.0593189198833	-0.00392064622539	0.0056620381749	-0.0703573555731	-0.0406718026584	0.0298875991126	-0.0071868451348	-0.0258874993002	0.00292308599947	0.0311914580242	0.0101659962515	0.052731327611	-0.0788765474619	-0.0127263887753	0.018630598852	-0.00770631403262	0.0286123464485	-0.0864379369221	-0.0611188061905	0.0120089923822	0.00972041234413	0.0141938800506	-0.0607288572238	0.019139293796	-0.0104556210356	0.0133370646064	-0.0105615450209	0.0479299307448	0.0157612554974	-0.0569948598369	-0.0354752114846	0.0443440166387	0.00282386151138	0.0455912018528	-0.0172916127721	0.0689027856922	0.00987140492176	-0.0549329947832	0.0310216795561	0.00423881228096	-0.0631958418266	-0.0425567616012
k__Bacteria;p__Bacteroidetes;c__Bacteroidia;o__Bacteroidales;f__Bacteroidaceae;g__Bacteroides;s__Bacteroides_thetaiotaomicron	0.031178461622	-0.00454716557326	-0.0470341120109	-0.00993669492708	-0.00562717340245	0.00609428009924	-0.0219868481702	0.0277561166675	-0.00225353214485	0.00297906270722	1.0	-0.0432336910038	0.0401556162698	0.0224156236865	0.000940007335114	0.0520241637426	-0.00616946401905	-0.0829767629413	0.00637046927762	0.0223513723715	0.00413485530289	0.0477243923533	-0.0420952420046	-0.0207509276191	0.0811840692364	0.0174953688027	-0.0168608311155	-0.0116506973499	0.0465309928095	-0.000226146979295	-0.00247004088413	-0.006904994799	-0.0392678653314	-0.00651984463086	-0.0435552489276	-0.0467256785465	-0.0444823497924	0.0106375854875	-0.00668116937132	0.0120371964159	0.0151855079824	-0.0337389992199	0.0261284604312	-0.00730273663827	-0.0225345172475	0.060353960475	-0.0277145294852	0.00454949832901	0.00497202614443	-0.0736438669368	0.0244024602142	-0.0191276242845	-0.0494349000036	0.0527193933625	-0.0116707861453	-0.0649477687423	-0.078614979354	-0.0428581546916	-0.0219447516639
k__Bacteria;p__Bacteroidetes;c__Bacteroidia;o__Bacteroidales;f__Bacteroidaceae;g__Bacteroides;s__Bacteroides_coprocola	0.0669835075572	-0.00788352414745	0.0255634187782	0.0604875581681	0.00499366216409	0.0229281844192	-0.0561426259256	-0.0753443067231	-0.0475896780468	-0.0300040432312	-0.0432336910038	1.0	-0.00964914312482	0.000706228069088	0.048081942805	0.0338326988278	-0.0612738603939	-0.00419248297409	-0.0317932848392	0.0021059548084	-0.0541529748615	0.030883799859	0.0188849630845	-0.0411238143267	-0.00151851291365	-0.050410682174	-0.056100504851	-0.0349680390521	0.00869667869922	0.0186035044172	0.0198535457425	-0.0567271586958	0.04221972021	-0.0270211196343	-0.00844366083477	-0.0346406756189	0.00853092758963	0.00230151495978	-0.0349990076734	-0.00679708040021	0.0182919957663	-0.00210020627876	0.0192459567317	-0.00787485302967	-0.0231844642575	0.0279768589417	-0.0297501120626	0.0214843552768	-0.0528640817193	-0.0336753654867	-0.0623917908215	-0.0352728157934	0.0724943109665	0.0024223596322	-0.0539301768572	0.00560677188065	0.00300371616642	-0.000309858298966	-0.0788900439701
k__Bacteria;p__Bacteroidetes;c__Bacteroidia;o__Bacteroidales;f__Bacteroidaceae;g__Bacteroides;s__Bacteroides_cellulosilyticus	-0.019228106375	-0.0293642801154	0.0225653315221	-0.00441256979656	0.0142854745131	-0.0280592221669	0.0119007147505	0.0372294866454	-0.0248088757568	0.00402187785223	0.0401556162698	-0.00964914312482	1.0	0.0708820478254	0.0157145849567	-0.0485337286839	0.017920180227	-0.0686095166356	-0.0129602154957	0.0208316454546	-0.0310398394923	-0.0500879629012	-0.0362581296107	-0.0186113079991	0.0397332307176	0.0416977472336	-0.052574114965	0.0482897919504	-0.0141513545892	-0.0179868836373	-0.0483098673567	0.0381304147448	-0.0943200004399	-0.0304012548079	-0.0568314060398	0.0207380286612	-0.0683885440719	0.00312808185999	0.00526534032572	-0.0696737493429	0.0505164197838	-0.0547556415957	-0.0298731204948	0.00849915016064	-0.0131584469975	-0.0149272428565	0.0476207386961	0.0341920842092	0.0166825193831	0.0245936118951	-0.0540772236794	-0.010126561159	0.0126444927244	0.0411973012413	0.0464557270965	-0.0155527959111	0.0693074707112	-0.0111876575429	0.0449264532504
k__Bacteria;p__Bacteroidetes;c__Bacteroidia;o__Bacteroidales;f__Rikenellaceae;g__Alistipes;s__Alistipes_obesi	-0.0330483969017	0.0499826672404	0.0262954596483	0.0433976545391	-0.0379891324639	0.0386387803331	0.0183370012066	0.0202703087454	0.0193477320393	-0.0101254131027	0.0224156236865	0.000706228069088	0.0708820478254	1.0	0.0228599913851	-0.0910092120497	-0.0538330651705	0.00978969464621	-0.026399733173	0.0109369385648	-0.0124977601521	-0.0652610107556	0.0135801368683	-0.00393266013224	-0.00268335042881	-0.0434201223532	-0.0122931646605	-0.00395963165378	-0.0446441259543	-0.0301736537872	-0.0131357068717	-0.052317774057	0.0109244094896	-0.00334612204145	0.0270866608443	-0.0196138681532	0.0101164530313	0.0022923339079	-0.0354503329155	-0.0228882862557	-0.00889171226455	-0.0148999353528	0.0430088176057	-0.041442957495	-0.00994541054542	-0.0234862470206	-0.0519154005098	-0.0685042369529	-0.00133577552326	-0.0265602153032	0.0073404806525	-0.00639992061386	-0.0244698131718	0.0312327250357	0.0107821899266	0.00841662760396	-0.0509597371318	-0.0439291804097	-0.00851512774538
k__Bacteria;p__Firmicutes;c__Clostridia;o__Clostridiales;f__Lachnospiraceae;g__;s__[Eubacterium]_rectale	0.000119830537695	-0.090840823464	0.0109319317047	-0.00427767477172	0.00678917110807	-0.012973390606	-0.0457409990234	0.00132016985258	0.0114364938951	-0.000387792964535	0.000940007335114	0.048081942805	0.0157145849567	0.0228599913851	1.0	0.0266601812702	-0.0389585725768	-0.00813753399487	0.00514634417418	-0.0297293977975	0.00658219813007	-0.0394640856973	-0.038483988287	-0.0643543562298	-0.0515398167886	-0.00611497519875	-0.0406170661788	0.0322888441035	-0.0111477947119	0.00605560679837	-0.0260453196615	0.00960525855611	-0.0219118530066	0.019452754503	0.00245102506437	-0.0856833026973	-0.00409217070933	0.000784848143163	-0.00265706492036	-0.000946931595527	0.00308643355797	0.0739434499157	-0.0128639520135	0.0284095295077	0.016752158659	-0.00689219948751	-0.0582930153625	0.0136890290141	-0.0361785129871	-0.0521370059275	-0.00796272778455	0.0554149594571	-0.00910792271112	0.0119277100338	0.0184246522512	0.0585314113354	-0.0989346300369	0.0394469389782	-0.0501317479172
k__Bacteria;p__Bacteroidetes;c__Bacteroidia;o__Bacteroidales;f__Bacteroidaceae;g__Bacteroides;s__Bacteroides_plebeius	-0.0172404483786	0.0113664064762	-0.0167142964779	-0.0943879815017	0.0714762487454	-0.0542691177119	-0.00689697663682	-0.0205473857853	-0.0232986774742	-0.00791697642538	0.0520241637426	0.0338326988278	-0.0485337286839	-0.0910092120497	0.0266601812702	1.0	0.00603886122037	-0.0583111529463	0.0734419557723	0.0373193587197	0.00753270308276	-0.0396268947837	0.0140860376559	0.055771922965	0.018809877736	-0.062199437638	-0.00959849880443	-0.0447240247224	-0.0277409671183	-0.0102978533913	-0.0215933246506	-0.03732860722	0.0183853633489	-0.026229136039	-0.010969381193	-0.0197032426436	-0.00616989608521	0.00523927138183	0.0558703019266	0.0150530901565	-0.0284193344721	-0.0653673445851	0.0403966925573	0.0288389138526	0.0159929427697	-0.0334991414127	0.0144230208505	0.0444860521333	0.0622414769004	-0.00205942193839	-0.0826234010965	-0.0247767603648	0.0350268710262	0.0124603965189	0.0201285402164	0.000322212168724	-0.0428478224	-0.0487030639682	0.0508459179578
k__Bacteria;p__Bacteroidetes;c__Bacteroidia;o__Bacteroidales;f__Bacteroidaceae;g__Bacteroides;s__Bacteroides_fragilis	-0.0058502885189	-0.0278924053231	-0.00513574088959	0.022429188343	0.00348027753397	0.00214738713401	0.00800500429795	-0.0455280671912	0.0142612344723	0.0328146670587	-0.00616946401905	-0.0612738603939	0.017920180227	-0.0538330651705	-0.0389585725768	0.00603886122037	1.0	0.0265911981617	-0.0643016775762	0.0716716579743	-0.0624190742899	-0.0438187370999	-0.0367373087504	0.0124713607117	0.0182667085506	-0.0319877683676	-0.0132190541001	0.0352071758127	-0.0115845598321	-0.0301118088372	0.00907880321883	0.0416234300188	-0.0154355000821	-0.0200264457531	-0.0507680519143	-0.052255946071	0.00571677612395	0.0100823168012	-0.0117028887617	0.0415516532795	0.00531599727061	-0.0234780687141	-0.0428706342209	0.0530066606198	-0.027002389722	-0.0238158892924	0.00506159725753	-0.0294599664085	-0.0208801300445	-0.013935746805	0.0103086738254	-0.0158054369581	-0.0230637117746	-0.0321068403318	0.00615634183056	-0.0136041927944	0.0503994845983	-0.0125525265512	-0.0393211315658
k__Bacteria;p__Proteobacteria;c__Betaproteobacteria;o__Burkholderiales;f__Sutterellaceae;g__Sutterella;s__Sutterella_wadsworthensis	-0.063558672302	0.0077164821237	-0.0312208362803	-0.00735395067729	-0.0198124532063	-0.021401843533	0.0528619852568	0.00352013704659	0.0148105220099	-0.0593189198833	-0.0829767629413	-0.00419248297409	-0.0686095166356	0.00978969464621	-0.00813753399487	-0.0583111529463	0.0265911981617	1.0	0.0193482352011	0.032086978344	0.0210418184309	0.0133941341	-0.0319004528449	-0.00735563563266	0.023152931526	-0.00927054789652	-0.016362807493	0.0754635308704	-0.0830157604722	-0.0115158022327	-0.0565216867668	-0.00881660067372	0.0850896776217	-0.0429140393447	-0.0258763959242	0.0286571403312	-0.0194205226528	0.0523309250759	0.0593860055199	0.0623643202721	-0.0270721938213	-0.00162538753721	0.023469417514	0.0479196411094	-0.0693509207725	-0.0739426011215	-0.0216329724158	-0.0464441050553	-0.0141815478349	0.0116244666253	-0.0787593635665	-0.00525642599408	-0.0697916092766	-0.0047689558346	-0.029438945863	0.0378869732234	-0.0581988077148	0.00325369532358	0.0238707733199
k__Bacteria;p__Bacteroidetes;c__Bacteroidia;o__Bacteroidales;f__Porphyromonadaceae;g__Barnesiella;s__Barnesiella_intestinihominis	0.0484889725949	0.028688721198	-0.0351918938845	0.0238317802349	-0.0236410009756	0.0259275991532	-0.0538561552438	-0.0464091535997	0.0569808175598	-0.00392064622539	0.00637046927762	-0.0317932848392	-0.0129602154957	-0.026399733173	0.00514634417418	0.0734419557723	-0.0643016775762	0.0193482352011	1.0	0.0563452296873	-0.00749923434378	-0.00443341615441	-0.0175610961422	-0.0404032441667	-0.0715234386474	-0.014948612548	0.0458320532703	-0.0508191309322	0.00524044302788	0.0398876047525	0.0301671067824	0.0383469803017	-0.00871693055792	-0.0216437291962	-0.0762107624751	-0.0190901584027	0.0578459950755	-0.0031592191621	0.0410570280483	-0.0179132154747	-0.0671235424696	-0.0156316111252	0.0128904900062	-0.0183332872971	0.0205567993214	-0.0457847532101	0.006578322394	-0.00820835748622	0.0571985070961	-0.0128116120509	0.0142537450584	-0.0986812720057	-0.00638716781494	-0.0484593288924	-0.0731623885828	0.0386887156191	-0.0790985134448	0.0176172973459	-0.056400862797
k__Bacteria;p__Bacteroidetes;c__Bacteroidia;o__Bacteroidales;f__Odoribacteraceae;g__Odoribacter;s__Odoribacter_splanchnicus	-0.057502558289	-0.0156325595432	-0.060765896772	-0.0371254744082	0.0132542701467	-0.042954039139	-0.011737908847	0.0423529479962	-0.0220075222385	0.0056620381749	0.0223513723715	0.0021059548084	0.0208316454546	0.0109369385648	-0.0297293977975	0.0373193587197	0.0716716579743	0.032086978344	0.0563452296873	1.0	0.00262884502168	0.0183368675633	-0.0556050952629	-0.042877780813	-0.0102451108909	-0.0601561234888	0.0213962534281	0.014984854341	0.0337687917218	-0.0651618182963	-0.0434626530285	0.00350085613378	-0.0325867552169	-0.0134097667002	-0.0317470725955	-0.0381380969412	0.0787992128839	-0.0250370331271	-0.0469152588779	-0.0543116449403	-0.00248405414165	0.0311388651121	-0.00454295765871	-0.0282026833134	-0.0193459380517	0.0298392270185	-0.0522981717852	-0.0170408392693	-0.0475054673098	0.000588381339757	0.0497732461554	-0.0423701115396	-0.0105329006615	-0.0226037224464	-0.0429597488631	0.0157361246915	0.0403294464351	0.0564657730241	0.00477349142972
k__Bacteria;p__Bacteroidetes;c__Bacteroidia;o__Bacteroidales;f__Bacteroidaceae;g__Bacteroides;s__Bacteroides_salyersiae	-0.00532844666316	-0.0605300469375	-0.00409661314194	-0.0489720400067	-0.0302105717206	0.00857743437473	-0.0131108406913	0.00110813708214	-0.0165071507235	-0.0703573555731	0.00413485530289	-0.0541529748615	-0.0310398394923	-0.0124977601521	0.00658219813007	0.00753270308276	-0.0624190742899	0.0210418184309	-0.00749923434378	0.00262884502168	1.0	0.020409202354	0.00166442357254	0.0238968918318	0.000846296282942	0.00458223381131	0.0269607474339	0.0384699699445	-0.00197225333214	-0.0301873298542	-0.0258778415715	-0.0491993755161	-0.0345720722978	-0.0651645449242	0.0269745126489	-0.0159763590974	0.0275774178562	0.0260363483099	-0.0181929597046	0.0391528664315	-0.035933887589	0.0262861435308	0.0201204655027	-0.0331476844976	0.0109194665343	-0.0649949689308	0.0375634767055	-0.0138957052736	0.000302823868167	-0.0281160165044	-0.0157945038647	-0.0124490009207	0.0180956425048	0.0470609800399	0.0297410664713	-0.0189567272823	-0.0126991097053	-0.0291997745984	-0.00452775036616
k__Bacteria;p__Firmicutes;c__Clostridia;o__Clostridiales;f__Ruminococcaceae;g__Ruminiclostridium;s__[Eubacterium]_siraeum	0.0160151159498	-0.0138867202299	-0.00999989780121	-0.0403208877661	0.0275254372289	0.0710457858146	0.042668632355	-0.0861234460409	-0.0155039075507	-0.0406718026584	0.0477243923533	0.030883799859	-0.0500879629012	-0.0652610107556	-0.0394640856973	-0.0396268947837	-0.0438187370999	0.0133941341	-0.00443341615441	0.0183368675633	0.020409202354	1.0	0.063438400402	-0.0729515297863	0.0170268497133	-0.0766245380331	-0.00576682418845	0.0422894001489	0.027088070698	0.00940245506899	-0.0647478173491	-0.00988991208041	-0.0579842851379	-0.0201539390371	0.0226143319133	-0.010075627643	0.0410170362277	-0.0143355679394	-0.0891617485699	-0.0200980974882	-0.00219491625147	-0.0867497411234	0.0617622918583	0.000526696182566	-0.0159897509677	-0.0560917024628	-0.00684728890277	-0.00208488582695	-0.0220739674955	-0.0293138855254	-0.0267108991295	0.0045497496965	-0.00692011209312	0.0438000897106	-0.0222446075321	-0.0452990344367	-0.0374176978839	0.0225145199157	0.0533312933589
k__Bacteria;p__Proteobacteria;c__Betaproteobacteria;o__Burkholderiales;f__Sutterellaceae;g__Parasutterella;s__Parasutterella_excrementihominis	-0.0228909010314	-0.0205530021357	0.00213238627549	-0.0261694634643	0.0389993228195	0.0114456206069	-0.0518451328045	-0.0720326682211	-0.0106839565075	0.0298875991126	-0.0420952420046	0.0188849630845	-0.0362581296107	0.0135801368683	-0.038483988287	0.0140860376559	-0.0367373087504	-0.0319004528449	-0.0175610961422	-0.0556050952629	0.00166442357254	0.063438400402	1.0	-0.0380349568643	-0.00679410477309	0.0233290230764	0.013643292257	-0.066805668336	-0.0191268114191	-0.00859348632352	-0.0305522233864	0.015704228321	0.0158168127295	0.00267696884473	-0.00285830973757	0.0478818389643	0.0391845232086	0.0287219270655	0.00296427121889	-0.0665106243012	0.01177918336	-0.00680485890647	-0.0447970975685	-0.011858688371	-0.0116822373395	-0.0270329565306	-0.00931890970982	0.0587379637292	-0.0266220617244	-0.015308693608	-0.0432505486006	-0.069658675215	-0.0579595887895	0.0155277403629	-0.0370953570888	-0.0139947384086	0.0472057524037	0.0112471086145	-0.00504539744465
k__Bacteria;p__Actinobacteria;c__Actinobacteria;o__Bifidobacteriales;f__Bifidobacteriaceae;g__Bifidobacterium;s__Bifidobacterium_adolescentis	-0.0347583898465	0.0134386002231	0.0171110300995	0.0180429586975	-0.0164524968253	-0.0374561966302	-0.0888699617884	0.0405271471027	0.0323214589457	-0.0071868451348	-0.0207509276191	-0.0411238143267	-0.0186113079991	-0.00393266013224	-0.0643543562298	0.055771922965	0.0124713607117	-0.00735563563266	-0.0404032441667	-0.042877780813	0.0238968918318	-0.0729515297863	-0.0380349568643	1.0	-0.0269258736909	-0.0323121220334	-0.0290331762086	-0.0744149150787	0.00969462870154	0.0860029828815	-0.0324562644586	-0.012323686191	0.024287150338	0.037867880363	-0.0197711033476	-0.0872547148534	-0.0597896190227	-0.01478232844	0.0225043134443	-0.00371761256569	0.0362547922761	0.01128251607	-0.016812895883	0.00655886245905	-0.0455636206092	0.0594830940801	-0.0474456606341	-0.0398512458293	0.0100048485935	-0.038197978264	-0.0333571701912	-0.0261068788082	-0.011899062782	-0.0266336237525	0.00334330229183	-0.00167495186569	-0.0367557089356	0.054737966266	-0.00120176596247
k__Bacteria;p__Firmicutes;c__Clostridia;o__Clostridiales;f__Oscillospiraceae;g__Oscillibacter;s__Oscillibacter_sp._KLE_1745	-0.0387292193053	-0.0580247867498	0.00653224927804	-0.0176941098092	0.00502666847347	-0.10844706811	0.00162310302254	0.0323830410077	0.0340619231374	-0.0258874993002	0.0811840692364	-0.00151851291365	0.0397332307176	-0.00268335042881	-0.0515398167886	0.018809877736	0.0182667085506	0.023152931526	-0.0715234386474	-0.0102451108909	0.000846296282942	0.0170268497133	-0.00679410477309	-0.0269258736909	1.0	0.0410489494862	-0.00507407137245	-0.00753007973064	0.005670856302	-0.0269589724632	0.0101334516847	0.00546421248538	0.00865908303773	0.00115312494418	0.00887444393739	0.00678086313085	0.0391535832001	-0.0436836000858	-0.0430228810792	0.0299238434588	-0.0212584886692	0.010713940393	-0.0204299672488	-0.0695634549756	0.0245718955831	0.0185267858669	-0.0289792049188	-0.0024033681194	-0.0160481732958	-0.0454714255752	-0.00287066668565	0.033404560634	-0.0264610863429	0.0251229758858	-0.0485658800365	-0.0817685626939	-0.0319039179425	0.0381161872776	-0.0600425021369
k__Bacteria;p__Bacteroidetes;c__Bacteroidia;o__Bacteroidales;f__Bacteroidaceae;g__Bacteroides;s__Bacteroides_coprophilus	-0.042938467328	-0.0320991281691	-0.0310151607021	-0.0386525518543	0.0333021326579	0.0141039232986	0.0317777826616	-0.0258370883869	0.0302142587225	0.00292308599947	0.0174953688027	-0.050410682174	0.0416977472336	-0.0434201223532	-0.00611497519875	-0.062199437638	-0.0319877683676	-0.00927054789652	-0.014948612548	-0.0601561234888	0.00458223381131	-0.0766245380331	0.0233290230764	-0.0323121220334	0.0410489494862	1.0	-0.0698530002314	-0.0308314997879	-0.0170398679004	-0.0079081412229	0.0213439719142	0.0215799793256	-0.098012433499	-0.00465360381228	0.0110747277307	-0.0155906326663	-0.0300059231165	0.0981695238369	-0.00982827240148	0.0430903510018	-0.00928013418144	-0.00405560080767	-0.0355126631821	-0.0674640402822	-0.0146867615806	0.00462238587329	-0.0178898518399	0.0121193707731	-0.0401167566162	0.024943447005	0.0138208062671	0.0334428022891	-0.0459927758587	0.00674714542123	-0.00300848073055	-0.0491709213773	0.0314235599117	-0.0237192067604	-0.0177757526029
k__Bacteria;p__Firmicutes;c__Clostridia;o__Clostridiales;f__Lachnospiraceae;g__Roseburia;s__Roseburia_intestinalis	-0.00547773832056	-0.0341808622179	0.00793649447014	0.0294359765577	-0.0174305801914	-0.0247398238087	0.0391172483893	-0.0237542614109	-0.0425794755693	0.0311914580242	-0.0168608311155	-0.056100504851	-0.052574114965	-0.0122931646605	-0.0406170661788	-0.00959849880443	-0.0132190541001	-0.016362807493	0.0458320532703	0.0213962534281	0.0269607474339	-0.00576682418845	0.013643292257	-0.0290331762086	-0.00507407137245	-0.0698530002314	1.0	0.00238340183265	0.0148798493915	-0.00898654661067	0.00902436194778	-0.0460266692093	-0.0164259302938	-0.00119979045178	-0.0350501452406	0.0095152606837	-0.03086976197	0.0167175887272	0.0392854225644	-0.0325678963764	-0.0556698699949	0.0334089252793	0.00917918677952	0.0518876317998	-0.0247366833313	0.00930638045396	0.0489777577197	-0.00704824193215	-0.023575247095	-0.0476657103553	-0.0248852013311	-0.0765527583076	0.0286991578203	-0.0324676162106	-0.0317059992786	0.0937593469821	-0.0332927055757	0.00645988236131	-0.0121143767798
k__Bacteria;p__Firmicutes;c__Clostridia;o__Clostridiales;f__Lachnospiraceae;g__Roseburia;s__Roseburia_hominis	-0.0484180069461	-0.0201984978045	0.0154994763029	-0.0661931864549	0.0193233897148	-0.037019200297	-0.00793549588134	-0.0301578525831	-0.0135302365909	0.0101659962515	-0.0116506973499	-0.0349680390521	0.0482897919504	-0.00395963165378	0.0322888441035	-0.0447240247224	0.0352071758127	0.0754635308704	-0.0508191309322	0.014984854341	0.0384699699445	0.0422894001489	-0.066805668336	-0.0744149150787	-0.00753007973064	-0.0308314997879	0.00238340183265	1.0	-0.0338895260056	-0.0519096438456	-0.00195697432236	0.0228025387614	-0.0331531960958	-0.0812855638659	0.0454933806898	0.00313626645094	-0.0216688835317	0.000868304080678	-0.0282330997067	0.00182409849376	-0.06253383428	0.0281606785077	0.0558159741229	0.0518042702927	-0.0374203520332	-0.00787530114572	0.0228357807013	0.0183588759628	0.00501729980133	-0.0246743578967	-0.0232345749606	0.0306275732761	0.00521057078833	0.00941581217123	0.021595891921	-0.0550575516118	-0.102887065546	-0.023900373464	-0.00122063875682
k__Bacteria;p__Bacteroidetes;c__Bacteroidia;o__Bacteroidales;f__Porphyromonadaceae;g__Parabacteroides;s__Parabacteroides_johnsonii	-0.0198482411535	-0.0234333693085	0.0348237166023	-0.0239678787918	0.0281499683995	-0.0703034158946	0.0430302767025	-0.0497038649611	-0.0147269416287	0.052731327611	0.0465309928095	0.00869667869922	-0.0141513545892	-0.0446441259543	-0.0111477947119	-0.0277409671183	-0.0115845598321	-0.0830157604722	0.00524044302788	0.0337687917218	-0.00197225333214	0.027088070698	-0.0191268114191	0.00969462870154	0.005670856302	-0.0170398679004	0.0148798493915	-0.0338895260056	1.0	-0.00443243274836	-0.0519752556554	-0.0084522470132	-0.00168084824773	-0.022137220279	0.00361632118129	-0.0224946907208	0.0107927815187	-0.0012737361964	-0.0159559313773	-0.0208215671325	0.0122001018742	0.0349274530537	-0.0190321064203	0.00451874145436	-0.0187171619967	-0.00511571771571	0.0399279846176	-0.0500913198286	0.00743983567818	0.105055503967	-0.00804896528683	-0.0494273722864	-0.0241848070566	-0.0523654387188	-0.0517950151889	0.05328408159	-0.0407550519286	-0.0483466328444	0.0103699514127
k__Bacteria;p__Actinobacteria;c__Actinobacteria;o__Bifidobacteriales;f__Bifidobacteriaceae;g__Bifidobacterium;s__Bifidobacterium_longum	-0.0106601378457	0.0925419849614	0.0379920719865	0.0091626939455	-0.0493029613419	-0.0361967120124	-0.0609426144825	-0.0608072372064	0.0223247236382	-0.0788765474619	-0.000226146979295	0.0186035044172	-0.0179868836373	-0.0301736537872	0.00605560679837	-0.0102978533913	-0.0301118088372	-0.0115158022327	0.0398876047525	-0.0651618182963	-0.0301873298542	0.00940245506899	-0.00859348632352	0.0860029828815	-0.0269589724632	-0.0079081412229	-0.00898654661067	-0.0519096438456	-0.00443243274836	1.0	0.0587571119831	-0.0386102398798	0.0206662615981	0.0151970856822	0.048525460305	0.0682326645601	0.0151293119455	-0.0267004513209	0.0613177045514	-0.00314431943904	-0.0434755357327	0.0275358843921	0.00336940707139	-0.031935543047	-0.0167019882012	-0.0246369716852	-0.0502406871012	-0.0622265616744	-0.041216257296	0.00866884232429	-0.0490476766631	-0.0266443873222	0.0259500399154	-0.0182579583899	-0.00684782215215	-0.0352195739646	-0.0721953607759	0.0104843119311	-0.0399526126394
