#taxonomy	k__Bacteria;p__Bacteroidetes;c__Bacteroidia;o__Bacteroidales;f__Bacteroidaceae;g__Bacteroides;s__Bacteroides_vulgatus	k__Bacteria;p__Bacteroidetes;c__Bacteroidia;o__Bacteroidales;f__Bacteroidaceae;g__Bacteroides;s__Bacteroides_uniformis	k__Bacteria;p__Bacteroidetes;c__Bacteroidia;o__Bacteroidales;f__Rikenellaceae;g__Alistipes;s__Alistipes_putredinis	k__Bacteria;p__Bacteroidetes;c__Bacteroidia;o__Bacteroidales;f__Prevotellaceae;g__Prevotella;s__Prevotella_copri	k__Bacteria;p__Bacteroidetes;c__Bacteroidia;o__Bacteroidales;f__Bacteroidaceae;g__Bacteroides;s__Bacteroides_stercoris	k__Bacteria;p__Bacteroidetes;c__Bacteroidia;o__Bacteroidales;f__Bacteroidaceae;g__Bacteroides;s__Bacteroides_ovatus	k__Bacteria;p__Bacteroidetes;c__Bacteroidia;o__Bacteroidales;f__Rikenellaceae;g__Alistipes;s__Alistipes_shahii	k__Bacteria;p__Firmicutes;c__Clostridia;o__Clostridiales;f__Ruminococcaceae;g__Faecalibacterium;s__Faecalibacterium_prausnitzii	k__Bacteria;p__Bacteroidetes;c__Bacteroidia;o__Bacteroidales;f__Rikenellaceae;g__Alistipes;s__Alistipes_finegoldii	k__Bacteria;p__Bacteroidetes;c__Bacteroidia;o__Bacteroidales;f__Porphyromonadaceae;g__Parabacteroides;s__Parabacteroides_distasonis	k__Bacteria;p__Bacteroidetes;c__Bacteroidia;o__Bacteroidales;f__Bacteroidaceae;g__Bacteroides;s__Bacteroides_thetaiotaomicron	k__Bacteria;p__Bacteroidetes;c__Bacteroidia;o__Bacteroidales;f__Bacteroidaceae;g__Bacteroides;s__Bacteroides_coprocola	k__Bacteria;p__Bacteroidetes;c__Bacteroidia;o__Bacteroidales;f__Bacteroidaceae;g__Bacteroides;s__Bacteroides_cellulosilyticus	k__Bacteria;p__Bacteroidetes;c__Bacteroidia;o__Bacteroidales;f__Rikenellaceae;g__Alistipes;s__Alistipes_obesi	k__Bacteria;p__Firmicutes;c__Clostridia;o__Clostridiales;f__Lachnospiraceae;g__;s__[Eubacterium]_rectale	k__Bacteria;p__Bacteroidetes;c__Bacteroidia;o__Bacteroidales;f__Bacteroidaceae;g__Bacteroides;s__Bacteroides_plebeius	k__Bacteria;p__Bacteroidetes;c__Bacteroidia;o__Bacteroidales;f__Bacteroidaceae;g__Bacteroides;s__Bacteroides_fragilis	k__Bacteria;p__Proteobacteria;c__Betaproteobacteria;o__Burkholderiales;f__Sutterellaceae;g__Sutterella;s__Sutterella_wadsworthensis	k__Bacteria;p__Bacteroidetes;c__Bacteroidia;o__Bacteroidales;f__Porphyromonadaceae;g__Barnesiella;s__Barnesiella_intestinihominis	k__Bacteria;p__Bacteroidetes;c__Bacteroidia;o__Bacteroidales;f__Odoribacteraceae;g__Odoribacter;s__Odoribacter_splanchnicus	k__Bacteria;p__Bacteroidetes;c__Bacteroidia;o__Bacteroidales;f__Bacteroidaceae;g__Bacteroides;s__Bacteroides_salyersiae	k__Bacteria;p__Firmicutes;c__Clostridia;o__Clostridiales;f__Ruminococcaceae;g__Ruminiclostridium;s__[Eubacterium]_siraeum	k__Bacteria;p__Proteobacteria;c__Betaproteobacteria;o__Burkholderiales;f__Sutterellaceae;g__Parasutterella;s__Parasutterella_excrementihominis	k__Bacteria;p__Actinobacteria;c__Actinobacteria;o__Bifidobacteriales;f__Bifidobacteriaceae;g__Bifidobacterium;s__Bifidobacterium_adolescentis	k__Bacteria;p__Firmicutes;c__Clostridia;o__Clostridiales;f__Oscillospiraceae;g__Oscillibacter;s__Oscillibacter_sp._KLE_1745	k__Bacteria;p__Bacteroidetes;c__Bacteroidia;o__Bacteroidales;f__Bacteroidaceae;g__Bacteroides;s__Bacteroides_coprophilus	k__Bacteria;p__Firmicutes;c__Clostridia;o__Clostridiales;f__Lachnospiraceae;g__Roseburia;s__Roseburia_intestinalis	k__Bacteria;p__Firmicutes;c__Clostridia;o__Clostridiales;f__Lachnospiraceae;g__Roseburia;s__Roseburia_hominis	k__Bacteria;p__Bacteroidetes;c__Bacteroidia;o__Bacteroidales;f__Porphyromonadaceae;g__Parabacteroides;s__Parabacteroides_johnsonii	k__Bacteria;p__Actinobacteria;c__Actinobacteria;o__Bifidobacteriales;f__Bifidobacteriaceae;g__Bifidobacterium;s__Bifidobacterium_longum	k__Bacteria;p__Firmicutes;c__Clostridia;o__Clostridiales;f__;g__Flavonifractor;s__Flavonifractor_plautii	k__Bacteria;p__Firmicutes;c__Clostridia;o__Clostridiales;f__Clostridiaceae;g__Clostridium;s__Clostridium_phoceensis	k__Bacteria;p__Verrucomicrobia;c__Verrucomicrobiae;o__Verrucomicrobiales;f__Akkermansiaceae;g__Akkermansia;s__Akkermansia_muciniphila	k__Bacteria;p__Bacteroidetes;c__Bacteroidia;o__Bacteroidales;f__Prevotellaceae;g__Paraprevotella;s__Paraprevotella_xylaniphila	k__Bacteria;p__Firmicutes;c__Clostridia;o__Clostridiales;f__Ruminococcaceae;g__Ruminococcus;s__Ruminococcus_callidus	k__Bacteria;p__Bacteroidetes;c__Bacteroidia;o__Bacteroidales;f__Rikenellaceae;g__Alistipes;s__Alistipes_senegalensis	k__Bacteria;p__Firmicutes;c__Clostridia;o__Clostridiales;f__Lachnospiraceae;g__Blautia;s__Blautia_sp._KLE_1732	k__Bacteria;p__Bacteroidetes;c__Bacteroidia;o__Bacteroidales;f__Bacteroidaceae;g__Bacteroides;s__Bacteroides_oleiciplenus	k__Bacteria;p__Firmicutes;c__Clostridia;o__Clostridiales;f__Ruminococcaceae;g__Ruminococcus;s__Ruminococcus_bicirculans	k__Bacteria;p__Bacteroidetes;c__Bacteroidia;o__Bacteroidales;f__Bacteroidaceae;g__Bacteroides;s__Bacteroides_fluxus	k__Bacteria;p__Bacteroidetes;c__Bacteroidia;o__Bacteroidales;f__Prevotellaceae;g__Prevotella;s__Prevotella_stercorea	k__Bacteria;p__Firmicutes;c__Clostridia;o__Clostridiales;f__Lachnospiraceae;g__Dorea;s__Dorea_longicatena	k__Bacteria;p__Firmicutes;c__Clostridia;o__Clostridiales;f__Eubacteriaceae;g__Eubacterium;s__[Eubacterium]_eligens	k__Bacteria;p__Firmicutes;c__Clostridia;o__Clostridiales;f__Ruminococcaceae;g__;s__Ruminococcaceae_bacterium_D16	k__Bacteria;p__Firmicutes;c__Clostridia;o__Clostridiales;f__Lachnospiraceae;g__Coprococcus;s__Coprococcus_comes	k__Bacteria;p__Proteobacteria;c__Gammaproteobacteria;o__Enterobacterales;f__Enterobacteriaceae;g__Escherichia;s__Escherichia_coli	k__Bacteria;p__Firmicutes;c__Clostridia;o__Clostridiales;f__Ruminococcaceae;g__Anaerotruncus;s__Anaerotruncus_colihominis	k__Bacteria;p__Firmicutes;c__Clostridia;o__Clostridiales;f__Lachnospiraceae;g__Blautia;s__Blautia_obeum	k__Bacteria;p__Bacteroidetes;c__Bacteroidia;o__Bacteroidales;f__Odoribacteraceae;g__Odoribacter;s__Odoribacter_laneus	k__Bacteria;p__Firmicutes;c__Clostridia;o__Clostridiales;f__Ruminococcaceae;g__Ruminiclostridium;s__[Clostridium]_leptum	k__Bacteria;p__Bacteroidetes;c__Bacteroidia;o__Bacteroidales;f__Porphyromonadaceae;g__Parabacteroides;s__Parabacteroides_goldsteinii	k__Bacteria;p__Firmicutes;c__Clostridia;o__Clostridiales;f__Lachnospiraceae;g__Anaerostipes;s__Anaerostipes_hadrus	k__Bacteria;p__Firmicutes;c__Clostridia;o__Clostridiales;f__Ruminococcaceae;g__Ruminococcus;s__Ruminococcus_lactaris	k__Bacteria;p__Firmicutes;c__Clostridia;o__Clostridiales;f__Clostridiaceae;g__Clostridium;s__Clostridium_sp._L2-50	k__Bacteria;p__Firmicutes;c__Clostridia;o__Clostridiales;f__Clostridiaceae;g__Clostridium;s__Clostridium_sp._M62/1	k__Bacteria;p__Firmicutes;c__Clostridia;o__Clostridiales;f__;g__Intestinimonas;s__Intestinimonas_butyriciproducens	k__Bacteria;p__Actinobacteria;c__Actinobacteria;o__Bifidobacteriales;f__Bifidobacteriaceae;g__Bifidobacterium;s__Bifidobacterium_bifidum	k__Bacteria;p__Firmicutes;c__Negativicutes;o__Veillonellales;f__Veillonellaceae;g__Dialister;s__Dialister_invisus	k__Bacteria;p__Bacteroidetes;c__Bacteroidia;o__Bacteroidales;f__Bacteroidaceae;g__Bacteroides;s__Bacteroides_salanitronis
k__Bacteria;p__Bacteroidetes;c__Bacteroidia;o__Bacteroidales;f__Bacteroidaceae;g__Bacteroides;s__Bacteroides_vulgatus	1.0	-0.0605997571222	0.107946563695	-0.0229167929954	-0.0380044768728	0.0156204158289	-0.0128379765117	0.0119884711675	-0.0230409373422	0.0307886347761	-0.00748192070376	-0.028171620532	-0.0333276060201	-0.0113380504891	0.00897829425272	-0.0211091533177	-0.0273819180202	-0.000514957966915	0.000180366754649	0.045995494521	0.0250550934642	-0.00602088066392	-0.0368851587122	-0.0255742548852	-0.0262898389675	-0.0106303765526	-0.0385293300779	-0.044151081374	0.00281496785284	-0.00455554644632	0.00747356546128	-0.0395927320746	-0.061528010483	-0.0186880426139	-0.0137299121793	-0.0182582310177	-0.00551617633944	-0.0121371299219	0.0158688242173	0.0452798045638	0.0463602834014	0.00229313031715	0.0348287932118	-0.0590465256399	-0.00203511650757	0.00564605099489	-0.0518562721472	-0.00435329570891	-0.0237543172461	-0.025456907735	-0.0454059836162	0.0132588702552	-0.0427036470132	-0.0214776276031	-0.0263549256181	0.044805994075	0.0260043091605	-0.0213476949285	-0.0251990351159
k__Bacteria;p__Bacteroidetes;c__Bacteroidia;o__Bacteroidales;f__Bacteroidaceae;g__Bacteroides;s__Bacteroides_uniformis	-0.0605997571222	1.0	0.0203597592502	-0.0426393068371	-0.00707182388277	-0.0493824644012	-0.0526221821931	0.0512409041148	-0.0207599825924	-0.00824841420524	-0.0180390906238	0.00479780070424	0.0660819942555	0.00451576781604	-0.0212773717616	0.0185045995083	-0.0518336702914	-0.039256278308	0.0250332294595	-0.0511926012692	-0.00486750926788	0.0379999734526	0.0144435291643	0.0308572144474	0.0566138666321	0.0148556180238	-0.0116570575652	0.0622868946039	0.0355000763283	0.0758470626105	-0.0468450462519	-0.0233583439523	0.0312279710595	0.0237373833664	-0.025412483047	-0.0079065581091	-0.0242202013565	-0.0270330303861	-0.0331177749987	-0.0322935054284	-0.0189007328064	-0.0462841533211	0.0389400822539	-0.0207764104093	0.0119467015471	0.00269832101952	-0.0449575497501	-0.0487354875889	0.0385436688819	-0.0376887025397	-0.00262358465934	-0.0269564008092	-0.0292483714175	0.0200546808561	0.00852986754359	0.00469587536075	0.0217810475913	-0.0422500143823	-0.056444190099
k__Bacteria;p__Bacteroidetes;c__Bacteroidia;o__Bacteroidales;f__Rikenellaceae;g__Alistipes;s__Alistipes_putredinis	0.107946563695	0.0203597592502	1.0	-0.00625100984387	-0.00459642265165	0.0233115268648	-0.0160394478378	-0.0722496875794	-0.0139841646381	-0.0108246366805	-0.0191997518795	-0.0378561262365	-0.0391863996979	-0.0125275945381	-0.0469282581959	-0.0167650802581	0.00248704543252	-0.0110780591807	-0.00800149569072	-0.0380613676653	0.027278351759	0.0609764517604	-0.0242993050192	0.0193175459051	-0.0156765040812	0.00017918633684	0.0284912299544	0.0420399652708	-0.000333617147872	-0.0171306684397	0.0361587182309	-0.0125446928209	-0.0457304245943	0.00170941884203	-0.0209675974369	0.0708763816514	-0.0639128953462	-0.0272439085166	-0.0096458955742	-0.0127232244788	0.0462810095133	0.00336911908567	-0.0659351749251	-0.0693053092551	0.0539261988212	0.000300198364547	0.020538188102	-0.040358018582	0.0101397273892	-0.0321546919263	-0.0353186697273	0.00552272970566	0.00504787791307	0.0303469263403	0.00938152819583	-0.0103224424688	-0.00208361383143	-0.0493844172877	-0.0030571380813
k__Bacteria;p__Bacteroidetes;c__Bacteroidia;o__Bacteroidales;f__Prevotellaceae;g__Prevotella;s__Prevotella_copri	-0.0229167929954	-0.0426393068371	-0.00625100984387	1.0	-0.00974166902274	-0.0253746468502	-0.0525686694911	-0.00971430065706	0.0457172731556	0.0287273381999	0.00743750140696	0.0297368747513	-0.0104959685537	0.0255611229755	-0.0803685067851	-0.0418501475709	0.0300654789918	-0.0169960425765	-0.0270311069145	-0.0161812011264	-0.0236856593497	-0.026734051176	-0.0334757567315	-0.0528168473716	0.0215648664038	-0.0193657350277	0.0819456600381	-0.0161719154115	-0.00291079071143	0.0367984617287	-0.0652720751239	-0.029146977367	-0.00880745017265	-0.00771782119623	0.0008614587927	-0.0404562902531	-0.0140137022474	0.0434448122063	-0.0400717472383	-0.0371371191961	-0.0178342246427	0.0516130045598	-0.0245094434329	0.0202789374085	-0.0376693313275	0.0233700080106	0.00191033786088	-0.0161885684221	-0.00704040741278	0.0237043791084	-0.013794291907	-0.0299498271401	0.0206915132833	0.00892963020306	-0.00437089942188	-0.0447384935399	0.0497387029835	-0.010291804673	0.0228150199319
k__Bacteria;p__Bacteroidetes;c__Bacteroidia;o__Bacteroidales;f__Bacteroidaceae;g__Bacteroides;s__Bacteroides_stercoris	-0.0380044768728	-0.00707182388277	-0.00459642265165	-0.00974166902274	1.0	0.0247712771295	0.0216976928626	-0.013509344697	-0.0157516810537	0.0192068316231	-0.0393977216455	-0.0456704856337	-0.0566981914474	-0.0749005029435	-0.00154736909585	0.0559777534225	0.0808398830122	0.0191921337014	-0.0257296141323	-0.0225106225367	-0.0412755188414	-0.0482940103767	-0.00523900325606	-0.0307466414225	0.0157883998471	-0.00759438287324	0.014521055894	-0.0323416235349	0.0697680366011	-0.0104331325757	-0.00101623756854	-0.00213448104012	0.0121519714097	0.0353017517532	-0.0107666018812	-0.0140157893149	0.0164499837882	0.0233305707315	0.0469775734578	-0.0371966581315	0.0461803003919	-0.0558295330305	-0.0748555996298	-0.0384860961945	-0.0414699517407	-0.0108873684047	-0.020471857418	-0.080366253037	0.0114596896783	0.00700168982899	-0.0146298986985	-0.0348920057292	0.083138176538	-0.0196169097765	0.0270505363102	0.0524149392868	-0.0487027789419	-0.0195946974924	-0.0770931361087
k__Bacteria;p__Bacteroidetes;c__Bacteroidia;o__Bacteroidales;f__Bacteroidaceae;g__Bacteroides;s__Bacteroides_ovatus	0.0156204158289	-0.0493824644012	0.0233115268648	-0.0253746468502	0.0247712771295	1.0	0.0759300033138	-0.0531548029884	-0.0340332021842	0.0547128903458	0.0311813826909	-0.0467881104231	-0.00538413867607	-0.0118407834829	-0.0293539001367	0.0359132454932	-0.00258359664882	0.0155905522515	-0.0202960322136	-0.0335702200723	-0.0260431561785	0.0457327056527	-0.0377091278397	-0.0186626229581	0.00557272792032	-0.0125912515051	-0.0223848040027	-0.0041405223873	0.0215482715362	0.037753403298	-0.0276276590381	0.00704300004402	0.00310734146046	-0.0638492335163	-0.036502462605	0.0403610708049	0.0172915558471	-0.00420771521536	0.0264277731679	0.0529895760171	0.0531070918412	-0.0762359552326	-0.0303801545785	-0.0093152476492	-0.00277520272771	-0.0234827650692	-0.0904350969663	-0.062717254863	-0.007335994769	-0.00709245318105	0.016560084299	-0.000876331649037	-0.0014739885651	-0.0371369630415	-0.00151536660838	-0.0370797455133	-0.0375092715349	-0.0308662716406	-0.0219236020793
k__Bacteria;p__Bacteroidetes;c__Bacteroidia;o__Bacteroidales;f__Rikenellaceae;g__Alistipes;s__Alistipes_shahii	-0.0128379765117	-0.0526221821931	-0.0160394478378	-0.0525686694911	0.0216976928626	0.0759300033138	1.0	-0.0500996149557	0.0383052593711	-0.0713699485782	-0.0334635819306	-0.0328501129972	0.0115911211111	0.0734741637452	0.0461266928329	-0.0163720098559	0.002911293932	-0.00681215209987	-0.0613840783866	-0.0399971521078	0.0102887179224	0.0107343939446	-0.0309674496633	-0.0422237950564	0.0141541971568	0.0209550177879	0.0628198814455	-0.016304767615	-0.0527551427806	-0.0341243955768	0.0436639536886	-0.00707253081104	-0.0848976346077	-0.037585556872	0.0160629896921	-0.0537868528796	0.038514806453	0.0269417738858	0.0689635552952	-0.04781894369	0.0141710105003	-0.0330528282322	0.0730000206655	-0.00111449710032	-0.00365299761064	0.0454897415501	0.00704269418421	0.0278708709913	-0.0443328618363	0.0568908849938	-0.0688623291662	0.0245273420249	-0.00685641520898	-0.0562935830351	-0.000790978641958	-0.0331799865536	-0.00678885681813	-0.058414356998	-0.0305947206161
k__Bacteria;p__Firmicutes;c__Clostridia;o__Clostridiales;f__Ruminococcaceae;g__Faecalibacterium;s__Faecalibacterium_prausnitzii	0.0119884711675	0.0512409041148	-0.0722496875794	-0.00971430065706	-0.013509344697	-0.0531548029884	-0.0500996149557	1.0	-0.0535738008751	-0.00921179761629	-0.0283402473575	0.0051448514152	-0.0515229268343	-0.0158538094788	0.0292877701908	0.051783300415	0.0288180934319	0.0361176645614	0.0490897178558	-0.0162691149844	-0.00901362664445	-0.0154260599175	-0.0199498128348	-0.0125554223291	-0.0105382817557	0.0169776845697	0.0801851797624	0.0458166667311	-0.0284086258533	0.0511049442132	0.00770907791398	-0.0356957490996	0.0105252911629	-0.062220236162	-0.0186398243912	0.0246101243891	-0.000517810667023	-0.016377847015	-0.013461494064	-0.0239193969303	0.0513545570588	0.00327705003649	-0.0275627933328	0.0191582432872	0.0239367668903	-0.0139647893074	-0.0454691840253	0.0255637575399	-0.0680932648794	0.0241632183939	0.0315935341731	0.0131214361826	-0.07799262933	-0.00828016350981	-0.0267945385332	0.0159550113871	-0.0566232964305	-0.0627657415322	-0.0351290809724
k__Bacteria;p__Bacteroidetes;c__Bacteroidia;o__Bacteroidales;f__Rikenellaceae;g__Alistipes;s__Alistipes_finegoldii	-0.0230409373422	-0.0207599825924	-0.0139841646381	0.0457172731556	-0.0157516810537	-0.0340332021842	0.0383052593711	-0.0535738008751	1.0	-0.0241969720731	-0.0235114791249	-0.0214344360394	-0.00509698740093	0.0191175238045	-0.0348519223802	-0.0466184720988	0.0334691373513	-0.0171456906378	-0.0387554112528	-0.0622129247355	-0.0506003921196	-0.028241501778	0.00465098516113	-0.0731058732933	0.015587562123	0.0383281747403	-0.0376464944682	0.0465019391481	-0.0542915988002	0.018710821631	-0.0760659851342	-0.0259370120184	0.0260947541985	-0.0241392153401	0.0314547581735	-0.0688619299294	0.0184614533972	-0.0142136214256	-0.00122916622988	-0.0238515281602	-0.0523094589075	-0.0539714670135	0.00656117409915	0.090335325433	0.00128747912737	0.00430291873154	-0.0502173364135	-0.0184401871633	0.0186161771144	0.000847455809125	-0.0117496428622	-0.0282468273824	0.0230391455381	-0.0487560352505	0.0211323025916	0.0360075815007	0.0266184121765	0.000890601245628	0.012492058075
k__Bacteria;p__Bacteroidetes;c__Bacteroidia;o__Bacteroidales;f__Porphyromonadaceae;g__Parabacteroides;s__Parabacteroides_distasonis	0.0307886347761	-0.00824841420524	-0.0108246366805	0.0287273381999	0.0192068316231	0.0547128903458	-0.0713699485782	-0.00921179761629	-0.0241969720731	1.0	0.0367019627859	-0.0263043407154	-0.00743150864648	-0.037147674928	0.0403807362652	0.0219824998483	0.0674040436151	-0.0149786539636	-0.00499873154235	-0.0255478299321	0.0483291254121	-0.0216424740696	0.00584983770828	0.00403671780938	0.0227332390866	-0.0188935979157	0.0500358743403	0.0112149766144	0.0357774103832	0.00932277148695	-0.0335870346728	0.0128617809953	0.0361493411323	-0.0180554545312	-0.00998452433781	-0.043888422642	-0.0975990631678	0.00619007725419	0.017057286567	-0.010503396979	-0.00409027025573	0.0560369041547	-0.0298114242407	-0.0907444672658	-0.00858469500338	-0.0189027103786	-0.070154787531	-0.0178335495772	0.0357850153117	-0.00440003725559	0.030562469755	-0.029504874036	-0.0164253224678	-0.0339893850299	0.039004448108	0.0384547233812	-0.0676557427301	-0.0522450233028	-0.0419750049488
k__Bacteria;p__Bacteroidetes;c__Bacteroidia;o__Bacteroidales;f__Bacteroidaceae;g__Bacteroides;s__Bacteroides_thetaiotaomicron	-0.00748192070376	-0.0180390906238	-0.0191997518795	0.00743750140696	-0.0393977216455	0.0311813826909	-0.0334635819306	-0.0283402473575	-0.0235114791249	0.0367019627859	1.0	-0.0567788337578	-0.0304564140422	0.0119415182743	-0.0478453672307	-0.0157878121137	0.0178595532903	-0.0109581619649	-0.0212809184995	-0.0357851029503	0.0536683843275	0.0366956237028	0.0589135172634	-0.0500475326351	-0.0826161070355	-0.0508332136692	-0.00487685483396	-0.0378533678219	-0.0253177124337	0.0127163058412	-0.063728629282	-0.0225055437981	-0.000357061906707	-0.00779571123485	-0.0130324918102	0.00385368192654	-0.0447929202091	-0.062835308206	-0.000748258938013	0.0274418988941	0.0241151652875	0.0355377025321	-0.0736835003797	0.0465930368728	-0.0102523925725	-0.0247929852779	0.0113624135327	0.0203490969965	0.0781953113632	0.0274391098879	-0.0899682650119	0.0200010973453	-0.0239665847108	-0.0500229286913	-0.0241526415861	0.00318984321598	-0.026284142072	0.0546830917119	-0.033684492878
k__Bacteria;p__Bacteroidetes;c__Bacteroidia;o__Bacteroidales;f__Bacteroidaceae;g__Bacteroides;s__Bacteroides_coprocola	-0.028171620532	0.00479780070424	-0.0378561262365	0.0297368747513	-0.0456704856337	-0.0467881104231	-0.0328501129972	0.0051448514152	-0.0214344360394	-0.0263043407154	-0.0567788337578	1.0	0.0073716652351	-0.0632725191857	-0.0298634546356	0.00353488644372	-0.0480134409101	-0.0439964382981	-0.00790178327705	-0.0505495110486	0.016800495733	0.00918824938666	0.0260413856579	-0.0343262558511	0.00282578811904	-0.0425789532362	-0.0136999052065	0.0409371465793	0.0832012615929	-0.0312249956078	-0.0346595104913	0.0234567435928	0.00274514510918	0.0328880403384	-0.0551608573736	0.0556619773507	-0.0751487027027	-0.078531213888	-0.00482775389733	-0.0288826322843	-0.00225777945222	0.00197462066294	0.00765275141118	-0.0858480109358	-0.0287302041565	0.00428437382165	0.0304274830623	-0.00242829498781	-0.0434148579951	0.103574327645	0.0072377154607	-0.00660013189508	0.0144358316424	0.0152464782846	0.00963076908795	-0.0628675677138	0.0243570625145	0.0352095341562	0.0385941132247
k__Bacteria;p__Bacteroidetes;c__Bacteroidia;o__Bacteroidales;f__Bacteroidaceae;g__Bacteroides;s__Bacteroides_cellulosilyticus	-0.0333276060201	0.0660819942555	-0.0391863996979	-0.0104959685537	-0.0566981914474	-0.00538413867607	0.0115911211111	-0.0515229268343	-0.00509698740093	-0.00743150864648	-0.0304564140422	0.0073716652351	1.0	0.0257662193763	-0.0422450719653	-0.051407755681	0.0164122429665	-0.0390190031825	-0.0889107194768	-0.0173938262017	-0.00996799047884	0.0349291990884	-0.0391186045176	0.00245244664627	0.000650601649549	0.0176930291351	-0.0388919423972	-0.0185303392269	-0.028207951564	-0.0443901182106	-0.0280195409347	-0.0537518239119	0.0301845755164	-0.0442995259289	0.0347326247361	0.00880882792153	0.00749335794059	-0.00607555879775	-0.0184305896994	0.0634614909893	0.0231777288292	-0.0130473439994	0.016514302191	0.0238220957582	0.0239807064976	0.00429033607216	0.0210145226102	0.00188277168123	-0.00115566270203	0.0362508820518	-0.0348287403185	0.0304433009278	0.038962323772	-0.0357261438541	-0.00678363106785	-0.0149253617366	-0.0433071035284	-0.0625590917923	0.0387097154975
k__Bacteria;p__Bacteroidetes;c__Bacteroidia;o__Bacteroidales;f__Rikenellaceae;g__Alistipes;s__Alistipes_obesi	-0.0113380504891	0.00451576781604	-0.0125275945381	0.0255611229755	-0.0749005029435	-0.0118407834829	0.0734741637452	-0.0158538094788	0.0191175238045	-0.037147674928	0.0119415182743	-0.0632725191857	0.0257662193763	1.0	0.0107791055951	0.0647667784864	-0.00528707285818	-0.0733492469954	-0.0434323324006	-0.0485651177894	-0.00166221448565	0.00370748151647	-0.0696494712766	0.0239094105366	-0.00607801070166	-0.0484787486502	0.025285375073	-0.0535228927156	-0.0117479786441	0.0132298326749	-0.00619292724121	-0.0683831851044	-0.033136215561	0.0203116296366	0.0168140322973	-0.0190529107501	-0.0538529941658	-0.00263518373235	-0.0274406791614	-0.0178643922145	-0.00315706884092	0.0121359014218	0.00855230491973	-0.0242739529818	-0.0158470390483	-0.0294328287117	-0.000400150904491	0.000684540992295	0.0395150400142	0.00553163152402	-0.0674125422952	-0.0714623875119	0.0452656140949	-0.0214659257099	0.0365566745178	0.0256609466778	0.0391136237274	0.0454457375809	-0.0453241396279
k__Bacteria;p__Firmicutes;c__Clostridia;o__Clostridiales;f__Lachnospiraceae;g__;s__[Eubacterium]_rectale	0.00897829425272	-0.0212773717616	-0.0469282581959	-0.0803685067851	-0.00154736909585	-0.0293539001367	0.0461266928329	0.0292877701908	-0.0348519223802	0.0403807362652	-0.0478453672307	-0.0298634546356	-0.0422450719653	0.0107791055951	1.0	0.0181541573726	-0.0344294088868	-0.0208712578777	-0.00734714415337	-0.0480105133514	0.00393725069282	-0.0376546157916	-0.0365363872497	0.0276166172206	-0.0354122798986	-0.037349584392	0.00863745200174	-0.00427476069065	0.0532527910722	-0.0541388374461	0.0206567440984	0.0078421250911	0.0120212339897	0.0247794813491	0.0313469584986	0.0646918297847	-0.0229359307218	-0.0390583387934	0.044432236199	0.0276391906675	0.0782856031095	0.00337425159908	0.00655954099096	-0.0658495136767	-0.040887044469	-0.0115397654869	0.0188245888521	-0.0558337065247	0.0862273134136	-0.0658253799167	-0.015009687646	-0.0111500903814	0.0149824261143	-0.0820005681707	-0.0755152966582	-0.0935632989065	0.010991522797	0.00837764288519	-0.0113548951405
k__Bacteria;p__Bacteroidetes;c__Bacteroidia;o__Bacteroidales;f__Bacteroidaceae;g__Bacteroides;s__Bacteroides_plebeius	-0.0211091533177	0.0185045995083	-0.0167650802581	-0.0418501475709	0.0559777534225	0.0359132454932	-0.0163720098559	0.051783300415	-0.0466184720988	0.0219824998483	-0.0157878121137	0.00353488644372	-0.051407755681	0.0647667784864	0.0181541573726	1.0	0.04568554887	-0.0387521959015	0.0248199611182	0.0049793240829	-0.0208851968282	-0.0224784577345	0.00710769693363	0.0790780916444	0.0457817302212	-0.0268225482675	-0.0565385511225	-0.012373293052	0.0264127611918	-0.0760730026048	0.00291261064345	0.0550365310765	-0.00441578906508	-0.0341602245092	-0.0140093699059	0.0187280980543	-0.0189023303332	0.00542982697894	-7.80860143669e-05	0.0279187640759	-0.0224373876193	-0.0351159331116	0.0847507298789	-0.0499152216617	0.0431131920345	-0.0444520108673	-0.0322228476929	0.0311196110417	-0.0346188620742	-0.0598120415763	-0.0119914962036	-0.0497833072362	-0.0109424888332	-0.00707844682665	-0.0513221339216	0.0377640689642	-0.0216956104529	-0.0137538389787	0.013302467175
k__Bacteria;p__Bacteroidetes;c__Bacteroidia;o__Bacteroidales;f__Bacteroidaceae;g__Bacteroides;s__Bacteroides_fragilis	-0.0273819180202	-0.0518336702914	0.00248704543252	0.0300654789918	0.0808398830122	-0.00258359664882	0.002911293932	0.0288180934319	0.0334691373513	0.0674040436151	0.0178595532903	-0.0480134409101	0.0164122429665	-0.00528707285818	-0.0344294088868	0.04568554887	1.0	0.0114816128661	0.00326818819276	0.00197166097412	0.0521618125212	0.0224733344228	0.0310085119955	-0.00566726394911	-0.0235768890713	0.0149322782854	-0.0478543645827	0.00389407532094	-0.0624622819778	-0.0250239496579	-0.0315187704339	-0.00356873698513	0.0743686189716	0.00583129829948	-0.0227888933901	-0.00482782502753	-0.066868998978	0.0134169084448	0.00301905391002	0.000375356715846	-0.0505218078698	-0.0165571890278	-0.0390378817184	-0.00338138042639	-0.0688970821183	-0.0491619014969	-0.011539538365	-0.0441822072531	-0.0345307796613	-0.050119823955	-0.0390164262651	-0.0386337448909	-0.0376416419275	0.0353252863039	0.000657930748341	0.0167270966714	-0.035108772989	-0.00292341933949	0.0206070603404
k__Bacteria;p__Proteobacteria;c__Betaproteobacteria;o__Burkholderiales;f__Sutterellaceae;g__Sutterella;s__Sutterella_wadsworthensis	-0.000514957966915	-0.039256278308	-0.0110780591807	-0.0169960425765	0.0191921337014	0.0155905522515	-0.00681215209987	0.0361176645614	-0.0171456906378	-0.0149786539636	-0.0109581619649	-0.0439964382981	-0.0390190031825	-0.0733492469954	-0.0208712578777	-0.0387521959015	0.0114816128661	1.0	0.000383294050718	-0.0398338347194	0.00813224557305	-0.0102907937854	-0.00044926640211	-0.0311826674444	-0.0482526532448	-0.0377643386153	-0.0326128538005	0.00139365112818	-0.0604402747542	-0.117274482491	0.00977530381366	-0.0981870676527	-0.0408567368466	0.0839686237814	0.0417751871017	-0.0272316867095	0.0229846902778	-0.044007539065	-0.0153684192132	0.0508084796214	0.0205060973984	-0.0549627440577	-0.0628747734001	0.0270455894734	-0.0829535845182	-0.0148539347238	-0.0125578412323	-0.0308116344345	0.0500371483955	0.0177923056803	0.0348834351204	0.00949841193633	0.00958808092738	-0.103227366307	-0.0544645080144	-0.0248406417051	0.00655336759705	0.00795099379405	-0.00835492030881
k__Bacteria;p__Bacteroidetes;c__Bacteroidia;o__Bacteroidales;f__Porphyromonadaceae;g__Barnesiella;s__Barnesiella_intestinihominis	0.000180366754649	0.0250332294595	-0.00800149569072	-0.0270311069145	-0.0257296141323	-0.0202960322136	-0.0613840783866	0.0490897178558	-0.0387554112528	-0.00499873154235	-0.0212809184995	-0.00790178327705	-0.0889107194768	-0.0434323324006	-0.00734714415337	0.0248199611182	0.00326818819276	0.000383294050718	1.0	0.00696166577305	0.0586960475673	-0.0350307240034	0.00141516834915	-0.018047260474	-0.0193396487863	0.0202404720809	0.0894634097498	-0.0591682628139	-0.103552024652	-0.00327810073463	-0.0208694982279	-0.0402163500175	0.025515699857	0.0193079364789	0.0505289448225	-0.0508358900202	0.00877421467929	-0.0414363126662	-0.0135820024006	-0.0391166852078	-0.123843039071	-1.19818121914e-06	0.0283369258308	0.013303987836	0.0214340669389	-0.00119641904	0.0244348703966	-0.0111616437037	-0.0426819081914	0.0269858661981	-0.00151676401874	-0.0579124786317	-0.00484212755053	0.0500722373999	0.0216016690267	-0.035856078705	-0.0116571610953	-0.0345319547679	0.00965344195113
k__Bacteria;p__Bacteroidetes;c__Bacteroidia;o__Bacteroidales;f__Odoribacteraceae;g__Odoribacter;s__Odoribacter_splanchnicus	0.045995494521	-0.0511926012692	-0.0380613676653	-0.0161812011264	-0.0225106225367	-0.0335702200723	-0.0399971521078	-0.0162691149844	-0.0622129247355	-0.0255478299321	-0.0357851029503	-0.0505495110486	-0.0173938262017	-0.0485651177894	-0.0480105133514	0.0049793240829	0.00197166097412	-0.0398338347194	0.00696166577305	1.0	-0.0365239296528	-0.0147781259895	-0.0452256739399	0.0157590365751	0.00610527767161	0.0202732265688	0.0680186578255	-0.00652799117005	-0.0501555062383	0.0257936454467	0.00486176753299	0.0104085193687	-0.0528552609933	-0.07803777132	0.0194945100959	0.0263365051377	0.0325603425245	-0.0186352180428	-0.000451864818187	0.0253539485485	-0.000417659205058	0.0182237429538	0.00647781653698	-0.0284820712978	0.0198787876403	0.0308563064492	-0.022243343195	-0.00721392318601	-0.0243929283805	0.00213811492434	-0.0418417358817	0.0372035400248	0.119555543883	0.0616213641836	0.0263006878782	-0.0150812596832	-0.026118764078	-0.0202438020187	-0.0130765032777
k__Bacteria;p__Bacteroidetes;c__Bacteroidia;o__Bacteroidales;f__Bacteroidaceae;g__Bacteroides;s__Bacteroides_salyersiae	0.0250550934642	-0.00486750926788	0.027278351759	-0.0236856593497	-0.0412755188414	-0.0260431561785	0.0102887179224	-0.00901362664445	-0.0506003921196	0.0483291254121	0.0536683843275	0.016800495733	-0.00996799047884	-0.00166221448565	0.00393725069282	-0.0208851968282	0.0521618125212	0.00813224557305	0.0586960475673	-0.0365239296528	1.0	-3.4889963125e-06	-0.0525761845651	-0.0416276775533	-0.0258626335862	0.00944514193749	0.0414280468916	0.0103735598652	-0.0522942890592	-0.004925705233	0.0440635189088	0.0567737645116	-0.0534721557603	0.0178736616248	-0.0494501551069	-0.0276492861776	-0.0126511743119	0.047444714494	-0.0342574477821	0.0529434683461	0.00290465058217	-0.0148488378064	-0.0479950186899	-0.0235817855649	-0.0200226848477	-0.0520583684338	-0.0272270308289	0.0231301385629	0.0135765946267	0.0234639395417	0.00913936338351	-0.0104565717419	-0.0366559847459	-0.0514741816409	0.0142958540051	-0.0721250193967	-0.0426405866151	0.0346568752548	-0.0271330891669
k__Bacteria;p__Firmicutes;c__Clostridia;o__Clostridiales;f__Ruminococcaceae;g__Ruminiclostridium;s__[Eubacterium]_siraeum	-0.00602088066392	0.0379999734526	0.0609764517604	-0.026734051176	-0.0482940103767	0.0457327056527	0.0107343939446	-0.0154260599175	-0.028241501778	-0.0216424740696	0.0366956237028	0.00918824938666	0.0349291990884	0.00370748151647	-0.0376546157916	-0.0224784577345	0.0224733344228	-0.0102907937854	-0.0350307240034	-0.0147781259895	-3.4889963125e-06	1.0	-0.0601527448398	0.0322775202676	0.0838852594434	0.0171961237159	-0.0709483789244	0.0628679148663	0.0421264894234	0.0784726984633	-0.0539153816274	0.00870900702179	-0.0389908727828	-0.0129424654838	-0.106082622763	0.0310643628555	-0.0138634228498	-0.0196133970299	-0.0131605517516	-0.00510750587558	0.020793300879	0.0187059360313	0.0198285495317	0.0125662866543	-0.00110655310421	-0.0446636627076	0.008501402152	0.0415646065412	-0.034037719316	-0.041070361098	-0.00783523084246	0.0298934007293	0.0278850672921	-0.0796520535301	-0.0310046428088	-0.021233701783	-0.0296057887903	-0.0271993130949	0.0078593519936
k__Bacteria;p__Proteobacteria;c__Betaproteobacteria;o__Burkholderiales;f__Sutterellaceae;g__Parasutterella;s__Parasutterella_excrementihominis	-0.0368851587122	0.0144435291643	-0.0242993050192	-0.0334757567315	-0.00523900325606	-0.0377091278397	-0.0309674496633	-0.0199498128348	0.00465098516113	0.00584983770828	0.0589135172634	0.0260413856579	-0.0391186045176	-0.0696494712766	-0.0365363872497	0.00710769693363	0.0310085119955	-0.00044926640211	0.00141516834915	-0.0452256739399	-0.0525761845651	-0.0601527448398	1.0	-0.0701254780938	-0.0245843073666	-0.0238917641589	-0.0475826294856	0.00226021511878	-0.0362382438889	-0.0174992780643	0.0352494528698	0.0534200727931	0.0609367498398	0.0080211989977	-0.00274482440739	0.0338484150899	0.00800266392072	0.0291053530375	-0.0515393650193	0.0325740989156	-0.0238713272528	-0.0510656080278	0.0444665332589	0.0255221220264	0.0198313798909	-0.0309641797706	-0.0491097788576	0.0448063232364	0.0223408228668	-0.0806880699724	0.0343789181754	-0.0482218656978	-0.00439541662451	0.00956331480558	-0.0117818050216	-0.0748012697512	-0.059620944502	0.0670663803082	-0.000623381305469
k__Bacteria;p__Actinobacteria;c__Actinobacteria;o__Bifidobacteriales;f__Bifidobacteriaceae;g__Bifidobacterium;s__Bifidobacterium_adolescentis	-0.0255742548852	0.0308572144474	0.0193175459051	-0.0528168473716	-0.0307466414225	-0.0186626229581	-0.0422237950564	-0.0125554223291	-0.0731058732933	0.00403671780938	-0.0500475326351	-0.0343262558511	0.00245244664627	0.0239094105366	0.0276166172206	0.0790780916444	-0.00566726394911	-0.0311826674444	-0.018047260474	0.0157590365751	-0.0416276775533	0.0322775202676	-0.0701254780938	1.0	0.0322311001458	0.0212434881885	-0.0305296898725	-0.0106133046527	-0.0529889610241	0.0117884843318	-0.0405111640634	0.0380050306479	0.032319425467	0.0539370288295	-0.00276107075499	-0.0177391203938	-0.0177264188975	0.0350505489378	0.00766122763347	-0.0293462019452	-0.0677350426816	-0.0402903148112	-0.0165307453201	-0.00183332516178	-0.0384957852975	-0.00262635538727	0.0115270387836	-0.0287012219699	-0.0249057189002	0.0280086773423	-0.0352579503479	-0.0146253646554	0.00303045220345	0.053374311794	0.0364985704663	-0.0848218987451	-0.00111974860293	0.0112570917444	0.0784685456129
k__Bacteria;p__Firmicutes;c__Clostridia;o__Clostridiales;f__Oscillospiraceae;g__Oscillibacter;s__Oscillibacter_sp._KLE_1745	-0.0262898389675	0.0566138666321	-0.0156765040812	0.0215648664038	0.0157883998471	0.00557272792032	0.0141541971568	-0.0105382817557	0.015587562123	0.0227332390866	-0.0826161070355	0.00282578811904	0.000650601649549	-0.00607801070166	-0.0354122798986	0.0457817302212	-0.0235768890713	-0.0482526532448	-0.0193396487863	0.00610527767161	-0.0258626335862	0.0838852594434	-0.0245843073666	0.0322311001458	1.0	0.0229747319545	-0.0265166111084	0.00247009586143	-0.060848439012	0.0285768666223	-0.00393175828428	0.00624828641167	-0.0544398844252	0.0366170833733	-0.00163845600012	0.032176743792	0.0149663616184	-0.00351264461653	0.0159110410047	-0.0118858224669	-0.00250103038706	0.0548199218499	-0.00933879191167	-0.016392740614	0.0222186873295	-0.0223270618642	-0.0511301999662	-1.41005664511e-05	0.0202936296542	-0.0302235832027	-0.0202537333007	0.00177495256065	-0.0428078527479	-0.051839828387	0.0729981686075	-0.0733302973521	-0.00664051936472	-0.0803703081122	-0.0761862926674
k__Bacteria;p__Bacteroidetes;c__Bacteroidia;o__Bacteroidales;f__Bacteroidaceae;g__Bacteroides;s__Bacteroides_coprophilus	-0.0106303765526	0.0148556180238	0.00017918633684	-0.0193657350277	-0.00759438287324	-0.0125912515051	0.0209550177879	0.0169776845697	0.0383281747403	-0.0188935979157	-0.0508332136692	-0.0425789532362	0.0176930291351	-0.0484787486502	-0.037349584392	-0.0268225482675	0.0149322782854	-0.0377643386153	0.0202404720809	0.0202732265688	0.00944514193749	0.0171961237159	-0.0238917641589	0.0212434881885	0.0229747319545	1.0	-0.0714595173006	-0.0342906972165	-0.0496737134545	0.0578463354425	-0.00128965527828	0.0600350967999	-0.0176041087045	0.0183063334383	-0.0121590631363	-0.0340518654812	-0.0887530653717	-0.0354296446749	0.018016205327	-0.122737541993	-0.0420556771223	-0.0262750350017	0.030074656836	0.058917817238	-0.0343839081012	-0.031594890056	-0.0603036654305	-0.0348742840682	0.0170603015738	0.0431764757343	-0.00808933755304	-0.0277104984734	-0.0732882578655	0.00540938121106	-0.0272876280083	0.0513198472325	0.0195505353974	0.00944470888926	0.0189861950675
k__Bacteria;p__Firmicutes;c__Clostridia;o__Clostridiales;f__Lachnospiraceae;g__Roseburia;s__Roseburia_intestinalis	-0.0385293300779	-0.0116570575652	0.0284912299544	0.0819456600381	0.014521055894	-0.0223848040027	0.0628198814455	0.0801851797624	-0.0376464944682	0.0500358743403	-0.00487685483396	-0.0136999052065	-0.0388919423972	0.025285375073	0.00863745200174	-0.0565385511225	-0.0478543645827	-0.0326128538005	0.0894634097498	0.0680186578255	0.0414280468916	-0.0709483789244	-0.0475826294856	-0.0305296898725	-0.0265166111084	-0.0714595173006	1.0	-0.0259489202747	0.00975248277022	-0.0165373264986	5.93866870803e-05	-0.0271516311742	-2.47037572745e-05	0.0539249317425	-0.0395446330973	-0.0614525833693	-0.062090551915	-0.0610355055853	-0.0379214303538	-0.0913865703914	-0.0270078196703	-0.0036994335653	-0.0167592802213	0.0394076475565	0.0389815182967	-0.0150451342442	0.0130211063611	0.107278541169	0.0138710491888	0.00771984815112	-0.0334839998801	-0.0573636890903	-0.00242731010814	-0.0174394010643	0.0276138531004	-0.0345116098951	-0.0419762411206	-0.0510334432359	-0.00996522584908
k__Bacteria;p__Firmicutes;c__Clostridia;o__Clostridiales;f__Lachnospiraceae;g__Roseburia;s__Roseburia_hominis	-0.044151081374	0.0622868946039	0.0420399652708	-0.0161719154115	-0.0323416235349	-0.0041405223873	-0.016304767615	0.0458166667311	0.0465019391481	0.0112149766144	-0.0378533678219	0.0409371465793	-0.0185303392269	-0.0535228927156	-0.00427476069065	-0.012373293052	0.00389407532094	0.00139365112819	-0.0591682628139	-0.00652799117005	0.0103735598652	0.0628679148663	0.00226021511878	-0.0106133046527	0.00247009586143	-0.0342906972165	-0.0259489202747	1.0	0.0431064346191	-0.0166505915572	-0.0352440933944	-0.0194875295205	0.0237564907885	-0.00485284703766	-0.0282648063782	-0.027346569743	0.00293947604378	0.00616161536265	-0.0136477421269	-0.0196343320716	-0.0432603239083	-0.0393988630835	-0.109880086197	-0.0339455983205	-0.0646921622227	0.0120343052758	0.0123441614198	-0.0111746604559	0.0269204661314	-0.0463174498328	0.0288811357711	0.0189120876502	-0.0184919777874	-0.0395952720188	-0.0455657315827	-0.0568891961437	0.0284049078486	-0.0314404855468	-0.0282347216493
k__Bacteria;p__Bacteroidetes;c__Bacteroidia;o__Bacteroidales;f__Porphyromonadaceae;g__Parabacteroides;s__Parabacteroides_johnsonii	0.00281496785284	0.0355000763283	-0.000333617147872	-0.00291079071143	0.0697680366011	0.0215482715362	-0.0527551427806	-0.0284086258533	-0.0542915988002	0.0357774103832	-0.0253177124337	0.0832012615929	-0.028207951564	-0.0117479786441	0.0532527910722	0.0264127611918	-0.0624622819778	-0.0604402747542	-0.103552024652	-0.0501555062383	-0.0522942890592	0.0421264894234	-0.0362382438889	-0.0529889610241	-0.060848439012	-0.0496737134545	0.00975248277022	0.0431064346191	1.0	0.0188073580484	-0.0102438850243	0.0533431970321	0.0797816813967	-0.00255052182643	-0.0184227279358	0.0223972009516	-0.122376265831	0.00357450648577	0.0225606131552	-0.010335156309	-0.0124402892826	0.0179997744658	-0.0657880815445	-0.0732456531615	-0.0519435972729	-0.028949546869	0.00316793175113	-0.0472293136722	0.0343057488984	-0.0818021297365	-0.0213292105747	-0.00606246995359	-0.035637049068	-0.0172918426563	-0.0148297851996	0.0501000676936	0.00472033066868	-0.0010521245223	-0.0256987474788
k__Bacteria;p__Actinobacteria;c__Actinobacteria;o__Bifidobacteriales;f__Bifidobacteriaceae;g__Bifidobacterium;s__Bifidobacterium_longum	-0.00455554644632	0.0758470626105	-0.0171306684397	0.0367984617287	-0.0104331325757	0.037753403298	-0.0341243955768	0.0511049442132	0.018710821631	0.00932277148695	0.0127163058412	-0.0312249956078	-0.0443901182106	0.0132298326749	-0.0541388374461	-0.0760730026048	-0.0250239496579	-0.117274482491	-0.00327810073463	0.0257936454467	-0.004925705233	0.0784726984633	-0.0174992780643	0.0117884843318	0.0285768666223	0.0578463354425	-0.0165373264986	-0.0166505915572	0.0188073580484	1.0	0.034125336692	-0.0217644733915	-0.0389663377796	-0.0342331420122	-0.0741210502766	-0.0419155756307	-0.0279654274524	0.0150157786637	-0.0245268195793	-0.00898242575885	-0.0405504845658	0.0457651655885	-0.0345409999914	-0.00430613274885	0.0143935725116	-0.025937744954	-0.0466729752085	-0.000320757559193	-0.0210646994141	0.0151519554676	-0.00784367664165	-0.00307559892865	-0.0381335646444	-0.017572948995	-0.0450466529842	-0.0070845259452	-0.0140364410104	-0.0249238977614	-0.000707494375861
