#taxonomy	k__Bacteria;p__Bacteroidetes;c__Bacteroidia;o__Bacteroidales;f__Bacteroidaceae;g__Bacteroides;s__Bacteroides_vulgatus	k__Bacteria;p__Bacteroidetes;c__Bacteroidia;o__Bacteroidales;f__Bacteroidaceae;g__Bacteroides;s__Bacteroides_uniformis	k__Bacteria;p__Bacteroidetes;c__Bacteroidia;o__Bacteroidales;f__Rikenellaceae;g__Alistipes;s__Alistipes_putredinis	k__Bacteria;p__Bacteroidetes;c__Bacteroidia;o__Bacteroidales;f__Prevotellaceae;g__Prevotella;s__Prevotella_copri	k__Bacteria;p__Bacteroidetes;c__Bacteroidia;o__Bacteroidales;f__Bacteroidaceae;g__Bacteroides;s__Bacteroides_stercoris	k__Bacteria;p__Bacteroidetes;c__Bacteroidia;o__Bacteroidales;f__Bacteroidaceae;g__Bacteroides;s__Bacteroides_ovatus	k__Bacteria;p__Bacteroidetes;c__Bacteroidia;o__Bacteroidales;f__Rikenellaceae;g__Alistipes;s__Alistipes_shahii	k__Bacteria;p__Firmicutes;c__Clostridia;o__Clostridiales;f__Ruminococcaceae;g__Faecalibacterium;s__Faecalibacterium_prausnitzii	k__Bacteria;p__Bacteroidetes;c__Bacteroidia;o__Bacteroidales;f__Rikenellaceae;g__Alistipes;s__Alistipes_finegoldii	k__Bacteria;p__Bacteroidetes;c__Bacteroidia;o__Bacteroidales;f__Porphyromonadaceae;g__Parabacteroides;s__Parabacteroides_distasonis	k__Bacteria;p__Bacteroidetes;c__Bacteroidia;o__Bacteroidales;f__Bacteroidaceae;g__Bacteroides;s__Bacteroides_thetaiotaomicron	k__Bacteria;p__Bacteroidetes;c__Bacteroidia;o__Bacteroidales;f__Bacteroidaceae;g__Bacteroides;s__Bacteroides_coprocola	k__Bacteria;p__Bacteroidetes;c__Bacteroidia;o__Bacteroidales;f__Bacteroidaceae;g__Bacteroides;s__Bacteroides_cellulosilyticus	k__Bacteria;p__Bacteroidetes;c__Bacteroidia;o__Bacteroidales;f__Rikenellaceae;g__Alistipes;s__Alistipes_obesi	k__Bacteria;p__Firmicutes;c__Clostridia;o__Clostridiales;f__Lachnospiraceae;g__;s__[Eubacterium]_rectale	k__Bacteria;p__Bacteroidetes;c__Bacteroidia;o__Bacteroidales;f__Bacteroidaceae;g__Bacteroides;s__Bacteroides_plebeius	k__Bacteria;p__Bacteroidetes;c__Bacteroidia;o__Bacteroidales;f__Bacteroidaceae;g__Bacteroides;s__Bacteroides_fragilis	k__Bacteria;p__Proteobacteria;c__Betaproteobacteria;o__Burkholderiales;f__Sutterellaceae;g__Sutterella;s__Sutterella_wadsworthensis	k__Bacteria;p__Bacteroidetes;c__Bacteroidia;o__Bacteroidales;f__Porphyromonadaceae;g__Barnesiella;s__Barnesiella_intestinihominis	k__Bacteria;p__Bacteroidetes;c__Bacteroidia;o__Bacteroidales;f__Odoribacteraceae;g__Odoribacter;s__Odoribacter_splanchnicus	k__Bacteria;p__Bacteroidetes;c__Bacteroidia;o__Bacteroidales;f__Bacteroidaceae;g__Bacteroides;s__Bacteroides_salyersiae	k__Bacteria;p__Firmicutes;c__Clostridia;o__Clostridiales;f__Ruminococcaceae;g__Ruminiclostridium;s__[Eubacterium]_siraeum	k__Bacteria;p__Proteobacteria;c__Betaproteobacteria;o__Burkholderiales;f__Sutterellaceae;g__Parasutterella;s__Parasutterella_excrementihominis	k__Bacteria;p__Actinobacteria;c__Actinobacteria;o__Bifidobacteriales;f__Bifidobacteriaceae;g__Bifidobacterium;s__Bifidobacterium_adolescentis	k__Bacteria;p__Firmicutes;c__Clostridia;o__Clostridiales;f__Oscillospiraceae;g__Oscillibacter;s__Oscillibacter_sp._KLE_1745	k__Bacteria;p__Bacteroidetes;c__Bacteroidia;o__Bacteroidales;f__Bacteroidaceae;g__Bacteroides;s__Bacteroides_coprophilus	k__Bacteria;p__Firmicutes;c__Clostridia;o__Clostridiales;f__Lachnospiraceae;g__Roseburia;s__Roseburia_intestinalis	k__Bacteria;p__Firmicutes;c__Clostridia;o__Clostridiales;f__Lachnospiraceae;g__Roseburia;s__Roseburia_hominis	k__Bacteria;p__Bacteroidetes;c__Bacteroidia;o__Bacteroidales;f__Porphyromonadaceae;g__Parabacteroides;s__Parabacteroides_johnsonii	k__Bacteria;p__Actinobacteria;c__Actinobacteria;o__Bifidobacteriales;f__Bifidobacteriaceae;g__Bifidobacterium;s__Bifidobacterium_longum	k__Bacteria;p__Firmicutes;c__Clostridia;o__Clostridiales;f__;g__Flavonifractor;s__Flavonifractor_plautii	k__Bacteria;p__Firmicutes;c__Clostridia;o__Clostridiales;f__Clostridiaceae;g__Clostridium;s__Clostridium_phoceensis	k__Bacteria;p__Verrucomicrobia;c__Verrucomicrobiae;o__Verrucomicrobiales;f__Akkermansiaceae;g__Akkermansia;s__Akkermansia_muciniphila	k__Bacteria;p__Bacteroidetes;c__Bacteroidia;o__Bacteroidales;f__Prevotellaceae;g__Paraprevotella;s__Paraprevotella_xylaniphila	k__Bacteria;p__Firmicutes;c__Clostridia;o__Clostridiales;f__Ruminococcaceae;g__Ruminococcus;s__Ruminococcus_callidus	k__Bacteria;p__Bacteroidetes;c__Bacteroidia;o__Bacteroidales;f__Rikenellaceae;g__Alistipes;s__Alistipes_senegalensis	k__Bacteria;p__Firmicutes;c__Clostridia;o__Clostridiales;f__Lachnospiraceae;g__Blautia;s__Blautia_sp._KLE_1732	k__Bacteria;p__Bacteroidetes;c__Bacteroidia;o__Bacteroidales;f__Bacteroidaceae;g__Bacteroides;s__Bacteroides_oleiciplenus	k__Bacteria;p__Firmicutes;c__Clostridia;o__Clostridiales;f__Ruminococcaceae;g__Ruminococcus;s__Ruminococcus_bicirculans	k__Bacteria;p__Bacteroidetes;c__Bacteroidia;o__Bacteroidales;f__Bacteroidaceae;g__Bacteroides;s__Bacteroides_fluxus	k__Bacteria;p__Bacteroidetes;c__Bacteroidia;o__Bacteroidales;f__Prevotellaceae;g__Prevotella;s__Prevotella_stercorea	k__Bacteria;p__Firmicutes;c__Clostridia;o__Clostridiales;f__Lachnospiraceae;g__Dorea;s__Dorea_longicatena	k__Bacteria;p__Firmicutes;c__Clostridia;o__Clostridiales;f__Eubacteriaceae;g__Eubacterium;s__[Eubacterium]_eligens	k__Bacteria;p__Firmicutes;c__Clostridia;o__Clostridiales;f__Ruminococcaceae;g__;s__Ruminococcaceae_bacterium_D16	k__Bacteria;p__Firmicutes;c__Clostridia;o__Clostridiales;f__Lachnospiraceae;g__Coprococcus;s__Coprococcus_comes	k__Bacteria;p__Proteobacteria;c__Gammaproteobacteria;o__Enterobacterales;f__Enterobacteriaceae;g__Escherichia;s__Escherichia_coli	k__Bacteria;p__Firmicutes;c__Clostridia;o__Clostridiales;f__Ruminococcaceae;g__Anaerotruncus;s__Anaerotruncus_colihominis	k__Bacteria;p__Firmicutes;c__Clostridia;o__Clostridiales;f__Lachnospiraceae;g__Blautia;s__Blautia_obeum	k__Bacteria;p__Bacteroidetes;c__Bacteroidia;o__Bacteroidales;f__Odoribacteraceae;g__Odoribacter;s__Odoribacter_laneus	k__Bacteria;p__Firmicutes;c__Clostridia;o__Clostridiales;f__Ruminococcaceae;g__Ruminiclostridium;s__[Clostridium]_leptum	k__Bacteria;p__Bacteroidetes;c__Bacteroidia;o__Bacteroidales;f__Porphyromonadaceae;g__Parabacteroides;s__Parabacteroides_goldsteinii	k__Bacteria;p__Firmicutes;c__Clostridia;o__Clostridiales;f__Lachnospiraceae;g__Anaerostipes;s__Anaerostipes_hadrus	k__Bacteria;p__Firmicutes;c__Clostridia;o__Clostridiales;f__Ruminococcaceae;g__Ruminococcus;s__Ruminococcus_lactaris	k__Bacteria;p__Firmicutes;c__Clostridia;o__Clostridiales;f__Clostridiaceae;g__Clostridium;s__Clostridium_sp._L2-50	k__Bacteria;p__Firmicutes;c__Clostridia;o__Clostridiales;f__Clostridiaceae;g__Clostridium;s__Clostridium_sp._M62/1	k__Bacteria;p__Firmicutes;c__Clostridia;o__Clostridiales;f__;g__Intestinimonas;s__Intestinimonas_butyriciproducens	k__Bacteria;p__Actinobacteria;c__Actinobacteria;o__Bifidobacteriales;f__Bifidobacteriaceae;g__Bifidobacterium;s__Bifidobacterium_bifidum	k__Bacteria;p__Firmicutes;c__Negativicutes;o__Veillonellales;f__Veillonellaceae;g__Dialister;s__Dialister_invisus	k__Bacteria;p__Bacteroidetes;c__Bacteroidia;o__Bacteroidales;f__Bacteroidaceae;g__Bacteroides;s__Bacteroides_salanitronis
k__Bacteria;p__Bacteroidetes;c__Bacteroidia;o__Bacteroidales;f__Bacteroidaceae;g__Bacteroides;s__Bacteroides_vulgatus	1.0	0.0352853489134	0.00128472270261	-0.0265862017604	-0.0467805180509	0.0285289497558	-0.000659360191041	-0.0107617415256	-0.0416378619704	0.0910357720332	-0.0172474023367	-0.0268580261755	-0.0131194402465	0.0137811251573	-0.020744127274	0.0231188324514	-0.0511150153712	-0.0641604562399	-0.0509885346052	-0.0446146538643	-0.0144856763404	0.0567970822676	-0.027843042036	0.00887054643389	0.0219250980751	0.020521251049	-0.0363825201512	-0.0143511435474	-0.0300359234975	-0.0629250552873	-0.00252155492829	0.0384801849826	0.00575192510239	-0.0111877297123	0.0446836833018	-0.0119539948358	0.0923027403848	0.0246398295508	-0.000181869341479	-0.0716956070629	0.0283438984385	-0.0129974900475	-0.0461767979369	-0.0710600884914	0.0280631432049	-0.0607567758683	0.0393229894078	-0.100789089599	0.0599595477452	-0.00679728230103	-0.0828664919371	-0.018685037317	-0.0199457107143	0.00220311373382	0.016808921681	-0.0210004035657	-0.00898648152647	-0.0708447004604	0.0116792849862
k__Bacteria;p__Bacteroidetes;c__Bacteroidia;o__Bacteroidales;f__Bacteroidaceae;g__Bacteroides;s__Bacteroides_uniformis	0.0352853489134	1.0	0.00737465533339	-0.0255343663948	0.0269702533712	-0.0243377324825	0.0118798687011	-0.0444268736874	-0.0372122941563	-0.0299924841933	-0.00626544170305	0.0475311814678	-0.00765374504697	-0.0159201593574	-0.0862178977609	-0.0264877960218	-0.0262363457621	-0.010773784308	-0.0619867159133	-0.0144299249848	0.0345091628855	0.0357894267293	-0.0362795964411	0.00784316428004	-0.00282695297616	0.02663010997	-0.00824084698741	0.100301247985	0.0417060017526	-0.0313041145644	0.0399651851481	-0.0242793391753	-0.0281456393736	-0.00282739408075	0.0190152502052	-0.0606930433486	0.000820250673924	-0.00561222092915	-0.0594859331663	-0.0116995883619	-0.00591702345672	-0.0201915331896	-0.0262080577625	-0.0122392040106	0.0273441055609	0.0232102343133	0.0498382897794	0.0393950408637	0.0012900348268	0.0163371585844	0.0400151487025	-0.0278793369362	-0.0410604802733	-0.0737269819542	-0.0322512332401	0.015072085889	-0.00141618153261	0.0108259863427	0.0178633901721
k__Bacteria;p__Bacteroidetes;c__Bacteroidia;o__Bacteroidales;f__Rikenellaceae;g__Alistipes;s__Alistipes_putredinis	0.00128472270261	0.00737465533339	1.0	0.0313492501637	0.0583596520241	-0.036311457953	-0.0777237949109	0.0392097427007	-0.0659681221345	-0.0151399952864	-0.0395735333583	0.0123128314042	0.00646200757883	-0.0473423391871	-0.0445452619022	0.0982986520651	-0.014087899078	0.0167818715445	-0.0561278456128	0.0312163588245	-0.0107994733568	-0.0253394612826	-0.0104020934774	-0.0400344675652	-0.0584383576914	-0.0213503123917	-0.0219232524615	-0.0373637575503	-0.0180648035569	-0.0110518915704	-0.0565899091113	0.0295456840784	0.0631090887854	-0.0204825152879	-0.0493614654414	-0.04017163861	-0.0533051835844	-0.033246235453	0.0358880165064	-0.056675544485	0.00811195208836	0.0101805359757	-0.0402804278645	-0.0067850204705	0.00885862078431	0.0814968718678	-0.0116259707436	-0.0644365223308	0.00550939983536	-0.0065420549023	-0.060964054789	0.0258380208641	0.0191386446151	-0.075726767328	-0.0467308074561	-0.013070037462	-0.0176652834025	-0.0185636513803	0.0158204815922
k__Bacteria;p__Bacteroidetes;c__Bacteroidia;o__Bacteroidales;f__Prevotellaceae;g__Prevotella;s__Prevotella_copri	-0.0265862017604	-0.0255343663948	0.0313492501637	1.0	0.0396555692338	-0.00242717315928	-0.0666454309876	-0.0047568100425	0.0142636915875	0.0205231560606	0.0205687896718	-0.016185252748	0.00396062824108	-0.103356587804	0.0248978211715	-0.0277634356527	0.00821168094525	0.0846600379906	-0.012623941036	0.0270404592032	-0.0145849134422	-0.00473452080749	0.0411724517391	-0.0162286318956	-0.0313585733854	-0.0259193046271	0.00480318794781	0.0253247548356	0.0311503449293	0.0130064894859	0.000685913885586	0.0543243021809	0.0412756196011	-0.0628622590949	-0.0218176248415	-0.014937749885	-0.0184003005062	0.031550482825	-0.0319050299595	0.0306467932752	-0.0674004819101	-0.0745933719951	0.0152783806039	-0.026116764999	-0.0571219576435	-0.0327291775346	0.0511135533662	-0.0317219728738	0.0489283034329	0.0162506575833	0.0172023664429	0.0504621871383	-0.0496121019363	-0.00421784437443	0.0579763535711	-0.0638563650532	0.0672316054091	0.00710171360082	-0.0221764926345
k__Bacteria;p__Bacteroidetes;c__Bacteroidia;o__Bacteroidales;f__Bacteroidaceae;g__Bacteroides;s__Bacteroides_stercoris	-0.0467805180509	0.0269702533712	0.0583596520241	0.0396555692338	1.0	0.0140798762102	0.00600412506448	-0.0411600151455	-0.00549919843831	0.080545350505	-0.0365331031105	0.0184659729982	0.0136257042575	-0.00220997744439	-0.0493698558003	-0.07575879893	-0.011729918983	-0.0566962895291	-0.0313445393705	-0.0170354754452	0.0195912600991	-0.0224421902844	0.0369513354182	-0.00848506528057	-0.0622089435688	-0.0162433402921	-0.0116286845688	0.0893650215671	-0.0418468136581	-0.0238397712606	0.0475401822344	-0.0349204001069	-0.0601060602126	-0.0242524233911	0.0499347003996	-0.0119227099325	-0.0596123503033	-0.00337071316811	0.0326483638793	-0.026587765714	-0.0183986668183	-0.00212622684274	0.063416842227	0.0128301378033	0.0570332456716	-0.0347143678255	-0.0339160617117	0.0535490462197	-0.00237873914933	-0.0345349456261	-0.0173518470748	-0.0328449073924	-0.0276215221199	0.033798754735	-0.00759816601604	0.0338647953211	0.000708677554281	0.00286603374037	0.0208065055873
k__Bacteria;p__Bacteroidetes;c__Bacteroidia;o__Bacteroidales;f__Bacteroidaceae;g__Bacteroides;s__Bacteroides_ovatus	0.0285289497558	-0.0243377324825	-0.036311457953	-0.00242717315928	0.0140798762102	1.0	-0.0010601995132	-0.0782466783197	-0.0562978130643	0.0140594804741	0.0171079925271	-0.0182415316193	0.0449455886578	0.0324530123622	-0.0156314961724	-0.00809497899878	-0.037897103972	0.063408884934	-0.00189722284769	-0.0678878860741	0.078712325172	0.013934481301	-0.0128051298513	0.0692242761944	-0.0748306813562	0.0111267403103	-0.00380567355743	0.0529007676883	-0.0112357395766	-0.0237974132899	-0.0186698606333	-0.0273816886288	-0.00855682719884	-0.0437623264127	0.0159616337089	0.0540453171094	-0.00509267614291	0.0523846113765	-0.0042866570949	-0.0594433885523	-0.0608114836956	-0.0153028197526	-0.02699606875	0.0224646516816	0.0186256813279	-0.00187508709627	0.0270263772112	-0.0635158185783	0.0408349234476	0.00937666143479	-0.0175554202056	0.0041567443516	-0.00880209579915	-0.00515412040028	-0.000212481380546	-0.00314719769516	0.0022372558125	-0.0491739227874	-0.0468750561429
k__Bacteria;p__Bacteroidetes;c__Bacteroidia;o__Bacteroidales;f__Rikenellaceae;g__Alistipes;s__Alistipes_shahii	-0.000659360191041	0.0118798687011	-0.0777237949109	-0.0666454309876	0.00600412506448	-0.0010601995132	1.0	-0.0353154675564	0.0647644162614	-0.050630258684	-0.00645180968973	0.0338192986885	-0.0205160457038	-0.0298726780328	0.0498218075636	-0.0195686567985	-0.0506859221456	-0.0409656101822	-0.00181918783863	0.00430354899252	-0.00025599632642	0.0446634417664	0.000316706789931	0.0196384950945	0.0395480609551	-0.0278402308545	-0.0523044825318	0.0204789737654	-0.0145219498764	-0.0623573416831	0.0435696437846	0.0219447768167	0.00774999891758	0.0620436991024	-0.0265788221467	-0.0172945161125	0.0356600779688	0.0118211895134	-0.0200866315314	-0.0505263752995	-0.0302264953223	0.0118655765575	-0.0835146881781	0.104935474548	0.0210441040478	-0.0093722168742	-0.0719380661783	-0.0651141753406	-0.0173528037159	-0.0663148728273	0.0408629642077	-0.0429258598898	0.0885968394737	-0.10329244116	0.0123230028229	-0.0152886059217	0.016355730616	0.00523459491473	0.00157664778191
k__Bacteria;p__Firmicutes;c__Clostridia;o__Clostridiales;f__Ruminococcaceae;g__Faecalibacterium;s__Faecalibacterium_prausnitzii	-0.0107617415256	-0.0444268736874	0.0392097427007	-0.0047568100425	-0.0411600151455	-0.0782466783197	-0.0353154675564	1.0	-0.0424569477774	-0.0270376743932	-0.0187110761275	-0.0713070056574	-0.0249536496816	0.0036019524853	-0.00476164892865	0.0848934063447	-0.0381405393187	0.0176673733303	-0.0129127068796	0.0106555899723	-0.0240087375719	-0.00344086266812	0.0445689576499	0.0294718551958	0.0488282959893	-0.0147323596475	-0.0582576875889	-0.00461986690145	-0.0166001530912	0.0171504411136	-0.0370887176324	-0.0463521592957	0.0800740436139	-0.0383085889173	0.0108556131507	0.000986562876066	0.0375269073032	-0.0119730919718	0.0632686150901	-0.00841516159969	0.0913163459804	-0.000680657479489	0.00112299061908	-0.0147090802103	-0.040046571738	-0.0425049830879	-0.0131183281136	-0.0289361840308	-0.0355712753817	-0.00699716994437	-0.0361648898894	-0.0736264634131	-0.016394666832	0.0259198284763	0.0149524163628	-0.0258058987627	-0.0241173794434	-0.0251132729102	-0.0208028626905
k__Bacteria;p__Bacteroidetes;c__Bacteroidia;o__Bacteroidales;f__Rikenellaceae;g__Alistipes;s__Alistipes_finegoldii	-0.0416378619704	-0.0372122941563	-0.0659681221345	0.0142636915875	-0.00549919843831	-0.0562978130643	0.0647644162614	-0.0424569477774	1.0	0.0110014056956	-0.0206901217535	-0.0589974174788	0.0794019948752	-0.000366149205425	-0.0204749646657	-0.0393573980359	-0.0144831124848	-0.0747137765709	0.0440537137197	0.051436105094	-0.0232431247774	0.0147689613551	0.0346006269507	-0.0325884925712	0.00601863370655	0.0353741177174	-0.0261775610591	0.061594399034	0.000230139368543	-0.0130044105606	-0.0509544848624	-0.053195877932	-0.0141866507879	-0.0185830907237	-0.0323532103916	0.0150215739933	-0.00721639981736	0.0201384390157	-0.0332978156906	-0.0100446840067	-0.049123148065	0.00990064001763	-0.018884589312	0.00343142769023	0.0234674612496	0.0657243085417	-0.0152219163626	-0.0315739323452	-0.0474991286777	0.0401470098478	0.0444447945737	-0.003772599698	0.0308449723003	-0.0732532920469	0.049612252145	-0.0141095693881	0.0987268680202	-0.0223722879221	-0.049882131096
k__Bacteria;p__Bacteroidetes;c__Bacteroidia;o__Bacteroidales;f__Porphyromonadaceae;g__Parabacteroides;s__Parabacteroides_distasonis	0.0910357720332	-0.0299924841933	-0.0151399952864	0.0205231560606	0.080545350505	0.0140594804741	-0.050630258684	-0.0270376743932	0.0110014056956	1.0	-0.0130120559103	0.00508776364321	0.0192266231895	-0.00747917493089	0.0268061493676	-0.0798049312239	-0.00503406105617	-0.0843453498376	-0.0502889137352	-0.00776986969827	0.0550595048484	-0.0287794638808	0.072624721276	0.0107784541796	0.00567831699571	-0.0134831444012	0.0564279434204	0.0652017081162	0.0396308837991	0.00413069501716	-0.0234522505117	-0.0441137921278	-0.0206206457339	-0.0158798834629	-0.0109885068487	0.00408561905858	0.00106257230065	0.058479585639	-0.000584717065363	-0.00869787978842	-0.0425247721881	-0.00355031799123	0.0206184552647	-0.0736319013985	-0.0860016915589	-0.0711375619849	0.0173429300922	0.00407302934755	0.0806616305785	0.00379280113363	-0.0221556939482	-0.0206969932919	0.00974501748551	0.0251751238977	0.00173054245049	-0.0223962646905	0.0584432298256	0.0352903870081	-0.054474188956
k__Bacteria;p__Bacteroidetes;c__Bacteroidia;o__Bacteroidales;f__Bacteroidaceae;g__Bacteroides;s__Bacteroides_thetaiotaomicron	-0.0172474023367	-0.00626544170305	-0.0395735333583	0.0205687896718	-0.0365331031105	0.0171079925271	-0.00645180968973	-0.0187110761275	-0.0206901217535	-0.0130120559103	1.0	0.0323383484279	0.00177030788829	0.0105954024089	0.0238252690593	-0.0431024042352	0.00466673626066	0.00902570349457	-0.0589832150505	-0.0173679598372	0.0124028482567	-0.0455283353501	-0.0858849244094	0.0165620412594	0.0276534628196	-0.0222915019637	-0.0212044046688	-0.00966769146041	-0.0571399818626	0.0427290470601	-0.0638019136824	-0.015003405736	-0.0255519597088	-0.0431223969858	-0.0358341956446	0.0594593726358	-0.0650697490887	-0.0506104736578	-0.0289092901357	-0.0055121496583	8.81732543175e-06	0.00423364335652	0.00075354655097	-0.00527610688465	-0.0254147388896	-0.00417948041122	-0.0186551523749	-0.0181818600694	-0.0106203747162	-0.0280507962396	0.0180636372795	-0.000951707572186	-0.0335590752612	-0.00379356118211	-0.000440675471797	-0.0268379523486	-0.0374437364332	0.036156755219	-0.0309551586342
k__Bacteria;p__Bacteroidetes;c__Bacteroidia;o__Bacteroidales;f__Bacteroidaceae;g__Bacteroides;s__Bacteroides_coprocola	-0.0268580261755	0.0475311814678	0.0123128314042	-0.016185252748	0.0184659729982	-0.0182415316193	0.0338192986885	-0.0713070056574	-0.0589974174788	0.00508776364321	0.0323383484279	1.0	0.05777446636	0.0011924481966	0.0309010164563	-0.030583183707	0.0266891739239	-0.0494918122838	0.0439796889752	-0.0190766579507	0.0575001369237	-0.0289963353535	0.0057154829501	0.0456482684127	0.0152804203716	-0.0285727339228	-0.0195988520776	0.00143802214986	-0.0197407765987	0.0167129890691	0.0305399154904	0.0466918267036	0.00415347556167	-0.0180837089379	0.0155741297358	-0.028198177111	-0.0114297262038	-0.0442465139691	-0.0222326175335	0.0139460322685	0.0515492515739	0.0704000427838	0.00522073026009	-0.0103726267254	-0.0167529768105	-0.00540303073036	-0.0226281794871	0.0164217377489	0.0379616787634	-0.0119002301584	-0.0371369376257	0.00941414676459	-0.002045090052	-0.0541723834234	-0.0422229823662	-0.0606268944651	0.0120894385199	-0.0255934900702	-0.0512118824088
k__Bacteria;p__Bacteroidetes;c__Bacteroidia;o__Bacteroidales;f__Bacteroidaceae;g__Bacteroides;s__Bacteroides_cellulosilyticus	-0.0131194402465	-0.00765374504697	0.00646200757883	0.00396062824108	0.0136257042575	0.0449455886578	-0.0205160457038	-0.0249536496816	0.0794019948752	0.0192266231895	0.00177030788829	0.05777446636	1.0	-0.0497332437196	0.0592410983234	-0.0699466182241	-0.0213950311697	0.0233712655169	-0.0206100038436	0.0903592693497	0.0177984217889	0.0462550121605	-0.0175042181821	-0.058783969293	-0.011460624097	-0.0282857144686	0.045097892255	0.010658127721	0.00279671933778	-0.00473452595836	-0.0166762516974	-0.102528125145	-0.0360160836203	-0.0525421438648	-0.0304762128651	-0.000835992386755	0.0148240299553	0.0891706613318	-0.0195127421043	0.00233150888666	-0.022850910004	-0.0147913721512	-0.0556353225633	0.0157039019423	-0.0377453868223	-0.027142500738	0.00817545481553	-0.040611322667	0.0113357583638	-0.0329157507209	-0.0198908170513	-0.0157956598017	0.0410599448283	-0.0449305525136	-0.0063952599897	0.0030493191591	-0.0447829111936	-0.0166732853063	-0.0185527633317
k__Bacteria;p__Bacteroidetes;c__Bacteroidia;o__Bacteroidales;f__Rikenellaceae;g__Alistipes;s__Alistipes_obesi	0.0137811251573	-0.0159201593574	-0.0473423391871	-0.103356587804	-0.00220997744439	0.0324530123622	-0.0298726780328	0.0036019524853	-0.000366149205425	-0.00747917493089	0.0105954024089	0.0011924481966	-0.0497332437196	1.0	-0.0074725078853	0.0127473261927	-0.00440451483547	0.000580776122309	-0.00805114642688	-0.0490785326574	-0.0129513221975	0.0055764253014	0.0445888998109	0.0391659473797	-0.0196227293846	-0.0183266121872	-0.0229603341365	-0.0544988237003	0.0455786175062	-0.0535668551191	0.00137943882202	-0.0434773984448	-0.0456336300175	-0.0101714842895	-0.0618583276045	0.00507484017445	0.00313627519865	-0.0611090227014	0.00459662950443	-0.0243068104663	0.0411122116405	0.0709988751381	0.0312981537409	-0.0354305751288	-0.0563429404248	0.0157890559208	-0.0152241892171	0.022518981951	0.0484214550191	0.0348318517013	0.0429024622803	0.0561476068846	-0.000824991121457	-0.00744003446915	0.0237071209019	-0.00976592523736	0.0212270350979	-0.038042201785	-0.0227185029042
k__Bacteria;p__Firmicutes;c__Clostridia;o__Clostridiales;f__Lachnospiraceae;g__;s__[Eubacterium]_rectale	-0.020744127274	-0.0862178977609	-0.0445452619022	0.0248978211715	-0.0493698558003	-0.0156314961724	0.0498218075636	-0.00476164892865	-0.0204749646657	0.0268061493676	0.0238252690593	0.0309010164563	0.0592410983234	-0.0074725078853	1.0	-0.0443966151308	-0.00467974432077	-0.0143404019513	-0.0623183061562	-0.0333203670479	-0.0334439446011	-0.0299582596616	0.0178389016375	0.0307800196054	0.00630505530274	-0.0187839289319	0.0202109706396	-0.0600058487537	0.00879096835501	-0.0262045622987	-0.000505389881126	-0.0387682584139	0.0334948451223	0.0468963098581	0.00180346968178	-0.0469841927741	0.0533966377273	-0.00312796051055	0.0398636395997	0.0192722401383	0.025120356906	0.00698563173131	0.0105207328804	-0.082849899487	0.0195565374964	-0.0134441245437	-0.0194844550003	0.0138877950858	0.0474253252314	0.00294671801506	-0.00172910781637	-0.0259370095703	-0.0104504059872	0.00908864677443	-0.0619209730892	0.0321455038533	-0.0668924781778	-0.0483860121124	0.00599570611573
k__Bacteria;p__Bacteroidetes;c__Bacteroidia;o__Bacteroidales;f__Bacteroidaceae;g__Bacteroides;s__Bacteroides_plebeius	0.0231188324514	-0.0264877960218	0.0982986520651	-0.0277634356527	-0.07575879893	-0.00809497899878	-0.0195686567985	0.0848934063447	-0.0393573980359	-0.0798049312239	-0.0431024042352	-0.030583183707	-0.0699466182241	0.0127473261927	-0.0443966151308	1.0	-0.0261222043525	0.0326759274479	-0.0454997610318	0.0114439120518	-0.0129493510653	-0.0505370442921	0.0375032316931	-0.0295933312183	-0.00697365384121	0.0464689999461	0.0113818346462	-0.0873215207692	-0.0259882593807	-0.0233747512097	-0.0123655216091	0.00686228528111	0.0133080496807	-0.0506180286558	-0.0725447406851	0.0564833843046	0.00361100528478	0.0352786704562	-0.00151704010783	-0.00524809814066	0.00976396916105	0.0274427661452	-0.0690312128587	-0.00416592623981	0.0405051856384	-0.000258149166732	0.00207596114697	0.0392511009947	-0.00344249870475	-0.0119593497759	-0.0783274769413	-0.0423109666272	0.0177579545076	-0.0403587509651	0.00778948269272	-0.0265497667774	-0.0111799413811	0.0123058640451	-0.00970259415446
k__Bacteria;p__Bacteroidetes;c__Bacteroidia;o__Bacteroidales;f__Bacteroidaceae;g__Bacteroides;s__Bacteroides_fragilis	-0.0511150153712	-0.0262363457621	-0.014087899078	0.00821168094525	-0.011729918983	-0.037897103972	-0.0506859221456	-0.0381405393187	-0.0144831124848	-0.00503406105617	0.00466673626066	0.0266891739239	-0.0213950311697	-0.00440451483547	-0.00467974432077	-0.0261222043525	1.0	-0.0260564990189	0.0257065449611	0.033732209915	-0.0711202597198	-0.0185446290775	-0.0886935258981	0.0300686568938	-0.0288878288039	0.00191076019898	0.0159116792038	-0.049726441843	-0.0137726963564	-0.0245729674915	-0.01183347229	-0.0336007531115	-0.111097979922	-0.0327458116356	0.0171578638847	0.0831163628819	0.0329352610948	-0.0152501972865	0.00602260078653	0.0647108155246	-0.01243500652	-0.00856890567455	0.0347588362549	-0.00493883917366	-0.0495807184757	-0.0315010163373	-0.055305089814	-0.0200823802321	-0.00452766313336	-0.0166474457242	0.0579127931537	0.0123025943711	-0.006481044598	0.0326325051854	-0.0260898917	-0.0108011002895	0.0441285933787	0.0096390602478	-0.0255352460217
k__Bacteria;p__Proteobacteria;c__Betaproteobacteria;o__Burkholderiales;f__Sutterellaceae;g__Sutterella;s__Sutterella_wadsworthensis	-0.0641604562399	-0.010773784308	0.0167818715445	0.0846600379906	-0.0566962895291	0.063408884934	-0.0409656101822	0.0176673733303	-0.0747137765709	-0.0843453498376	0.00902570349457	-0.0494918122838	0.0233712655169	0.000580776122309	-0.0143404019513	0.0326759274479	-0.0260564990189	1.0	-0.0316573243437	-0.0428402070363	-0.049247807495	-0.0516864818585	-0.0201216796025	0.0351899487754	0.0186695205913	-0.0220295712893	-0.0606049735555	-0.0300902617363	-0.0682713538491	-0.0222014028073	0.0479169902875	-0.0529874513689	0.0423657092343	-0.0344105376213	0.0075894044425	-0.0202274623702	0.0663491039009	0.0629590779692	-0.0707314947404	-0.0121889359068	-0.0523629588401	-0.0506673863538	0.0214211960772	0.0478722197022	0.0399016166965	0.0153305893045	-0.00490833967438	0.0508170082194	0.0213396370506	-0.00560381520381	0.00775688705651	-0.0346047554147	0.00961838274355	-0.0521355068741	0.0347345451853	0.0518817920817	0.0263173603714	0.0489288762613	0.019903802176
k__Bacteria;p__Bacteroidetes;c__Bacteroidia;o__Bacteroidales;f__Porphyromonadaceae;g__Barnesiella;s__Barnesiella_intestinihominis	-0.0509885346052	-0.0619867159133	-0.0561278456128	-0.012623941036	-0.0313445393705	-0.00189722284769	-0.00181918783863	-0.0129127068796	0.0440537137197	-0.0502889137352	-0.0589832150505	0.0439796889752	-0.0206100038436	-0.00805114642688	-0.0623183061562	-0.0454997610318	0.0257065449611	-0.0316573243437	1.0	-0.0462379017827	0.0595960957667	0.0667990993275	-0.0191977183238	-0.0320324919474	-0.0401945318084	0.0113702939002	-0.0382245264049	0.0208322451862	-0.0239165250175	0.00266915203243	0.0231136382384	-0.0006247838466	-0.0103004103235	-0.0258716616962	-0.0518388215224	0.0654971244188	-0.0215874249187	0.0222530136207	-0.0442887784421	0.039526244028	-0.0198279608445	-0.0216232600911	0.0167442029355	0.0120955398056	-0.0133811967855	0.0144808249166	-0.047462815258	0.0083209783655	0.052406891211	-0.035056416016	-0.0316813129748	0.0103134532906	-0.0745997913689	-0.0250426160299	-0.0470703334602	-0.0112781071254	-0.0459990230709	0.0394977257788	-0.0263626423393
k__Bacteria;p__Bacteroidetes;c__Bacteroidia;o__Bacteroidales;f__Odoribacteraceae;g__Odoribacter;s__Odoribacter_splanchnicus	-0.0446146538643	-0.0144299249848	0.0312163588245	0.0270404592032	-0.0170354754452	-0.0678878860741	0.00430354899252	0.0106555899723	0.051436105094	-0.00776986969827	-0.0173679598372	-0.0190766579507	0.0903592693497	-0.0490785326574	-0.0333203670479	0.0114439120518	0.033732209915	-0.0428402070363	-0.0462379017827	1.0	0.00132176179579	-0.0771047093612	-0.00956585769098	0.0741751322711	-0.00963932800485	-0.0190257719726	-0.0144196409091	-0.0433094904794	0.0286511507485	-0.0159874186916	-0.0578302263042	-0.0837984884842	-0.00061689250676	0.0271050228067	0.0366005236455	0.0081658169815	-0.0189773204913	-0.0622837031732	-0.0224911416315	-0.02856693677	-0.0465878139558	0.02616301237	-0.0346922676525	-0.0511934076591	0.0635697820686	0.017212145264	0.0241898021835	-0.0265445578608	-0.0274623048623	0.000393453624511	-0.00144404590332	0.0589902140862	-0.0280519618462	-0.0108069273568	-0.0447680900525	-0.048303329085	-0.0480354189611	0.0245320410532	0.00720361074695
k__Bacteria;p__Bacteroidetes;c__Bacteroidia;o__Bacteroidales;f__Bacteroidaceae;g__Bacteroides;s__Bacteroides_salyersiae	-0.0144856763404	0.0345091628855	-0.0107994733568	-0.0145849134422	0.0195912600991	0.078712325172	-0.00025599632642	-0.0240087375719	-0.0232431247774	0.0550595048484	0.0124028482567	0.0575001369237	0.0177984217889	-0.0129513221975	-0.0334439446011	-0.0129493510653	-0.0711202597198	-0.049247807495	0.0595960957667	0.00132176179579	1.0	0.0137450975221	0.000904926322673	-0.0217801337659	-0.0208429926139	0.0591573214903	-0.0486405037507	0.0155554438532	-0.0413146458895	0.0209356238842	0.0675144718444	0.0401993256471	0.0260049268132	-0.0115532174071	0.0282997574424	0.0485590327166	-0.0493727115116	-0.0593138185292	-0.0595179497317	-0.0134389030178	0.00518606035536	-0.116185066211	-0.0159282539957	0.0102783094782	-0.0549748399155	-0.0468469307573	0.0226485898526	-0.00971795594697	-0.0664443569864	-0.0527830597436	-0.032663410418	0.0196420446682	0.0157579282419	-0.0183147092761	0.0190409932509	-0.0137723467204	-0.0135244478021	0.0494650491716	-0.00781391925259
k__Bacteria;p__Firmicutes;c__Clostridia;o__Clostridiales;f__Ruminococcaceae;g__Ruminiclostridium;s__[Eubacterium]_siraeum	0.0567970822676	0.0357894267293	-0.0253394612826	-0.00473452080749	-0.0224421902844	0.013934481301	0.0446634417664	-0.00344086266812	0.0147689613551	-0.0287794638808	-0.0455283353501	-0.0289963353535	0.0462550121605	0.0055764253014	-0.0299582596616	-0.0505370442921	-0.0185446290775	-0.0516864818585	0.0667990993275	-0.0771047093612	0.0137450975221	1.0	-0.0470634601957	0.0266889573358	-0.00294562558798	0.0515312134109	0.017940983483	-0.0211556104535	-0.0449646119321	0.0226799261253	0.0280763102543	-0.0807719809038	-0.0132581570699	0.0353749656653	-0.0191316319498	0.00646965484716	-0.0117917538761	-0.0581025077833	-0.0496385992002	-0.0623530319449	0.0108705740338	0.0185895692844	0.000334535476786	0.0105760680158	-0.0400652809201	-0.00112163226668	0.0113606336887	0.034968703106	-0.0159231890862	-0.00985867800877	-0.0517980389391	-0.078593714637	0.0052349790872	0.0116482379521	0.000372112327135	-0.0233702472046	-0.0813840602434	-0.00530443241879	0.00694767760717
k__Bacteria;p__Proteobacteria;c__Betaproteobacteria;o__Burkholderiales;f__Sutterellaceae;g__Parasutterella;s__Parasutterella_excrementihominis	-0.027843042036	-0.0362795964411	-0.0104020934774	0.0411724517391	0.0369513354182	-0.0128051298513	0.000316706789931	0.0445689576499	0.0346006269507	0.072624721276	-0.0858849244094	0.0057154829501	-0.0175042181821	0.0445888998109	0.0178389016375	0.0375032316931	-0.0886935258981	-0.0201216796025	-0.0191977183238	-0.00956585769098	0.000904926322673	-0.0470634601957	1.0	-0.0493513683246	-0.0218748604571	0.0122391976648	-0.0108154381136	-0.00291170507939	-0.0299671422971	-0.0248401215442	0.0237820356258	-0.0602137916467	0.0101376824643	0.0058304091834	-0.00214675094569	-0.0157001625144	-0.0815357613189	-0.0288161489252	0.0213851064112	0.0379487810119	0.00162907035193	0.0194111177074	-0.0151907809665	-0.0191751853483	-0.0617128489342	-0.0843723238615	0.00808795873261	0.0146486450771	-0.00578963008139	-0.0619539384012	-0.0499050459897	-0.0248314947483	0.0532581731022	-0.0173849775065	0.0316850559729	0.0747989275068	0.0256990933155	-0.00560718100254	0.095959045102
k__Bacteria;p__Actinobacteria;c__Actinobacteria;o__Bifidobacteriales;f__Bifidobacteriaceae;g__Bifidobacterium;s__Bifidobacterium_adolescentis	0.00887054643389	0.00784316428004	-0.0400344675652	-0.0162286318956	-0.00848506528057	0.0692242761944	0.0196384950945	0.0294718551958	-0.0325884925712	0.0107784541796	0.0165620412594	0.0456482684127	-0.058783969293	0.0391659473797	0.0307800196054	-0.0295933312183	0.0300686568938	0.0351899487754	-0.0320324919474	0.0741751322711	-0.0217801337659	0.0266889573358	-0.0493513683246	1.0	-0.00958725147172	-0.0225033328609	0.0149383513711	0.0212284790963	-0.0165702228769	-0.0238731240168	-0.0251311840525	0.0382516174721	0.0203145352486	0.0230845404362	-0.0437040526173	0.0248432527591	-0.0158662783633	-0.0556114368978	-0.0296879515565	-0.0100309147216	0.018089956588	-0.0316841968727	0.0137689160231	-0.0800152565116	0.0273173551177	-0.0269472850852	-0.015927464741	0.0434401059734	-0.030052426572	-0.0119302069164	-0.00310149911169	-0.102363018877	-0.0830952385551	0.0178027819182	0.0222784855876	0.00941690098973	-0.0356761326442	0.026855590898	0.0144046090203
k__Bacteria;p__Firmicutes;c__Clostridia;o__Clostridiales;f__Oscillospiraceae;g__Oscillibacter;s__Oscillibacter_sp._KLE_1745	0.0219250980751	-0.00282695297616	-0.0584383576914	-0.0313585733854	-0.0622089435688	-0.0748306813562	0.0395480609551	0.0488282959893	0.00601863370655	0.00567831699571	0.0276534628196	0.0152804203716	-0.011460624097	-0.0196227293846	0.00630505530274	-0.00697365384121	-0.0288878288039	0.0186695205913	-0.0401945318084	-0.00963932800485	-0.0208429926139	-0.00294562558798	-0.0218748604571	-0.00958725147172	1.0	-0.00451219953373	-0.0676326806025	0.0894262006387	-0.0674913205708	0.0253082547229	-0.0235275992279	0.0577158759448	-0.0076337199257	0.0321335861049	-0.0290858408615	0.024544651317	0.082205971205	0.0180748575929	-0.0461903833982	0.00104497520901	-0.0134398125731	-0.0130382485969	0.00631561681631	-0.00906455359138	-0.010848107205	-0.00138145391999	0.0659065177177	-0.0248547255612	-0.057368971674	-0.0876676139634	0.0303728050812	-0.0224522496327	-0.016538330157	-0.0290442719396	-0.0351074320904	-0.00299743841199	-0.0355604867615	-0.0206825988496	0.0703789549586
k__Bacteria;p__Bacteroidetes;c__Bacteroidia;o__Bacteroidales;f__Bacteroidaceae;g__Bacteroides;s__Bacteroides_coprophilus	0.020521251049	0.02663010997	-0.0213503123917	-0.0259193046271	-0.0162433402921	0.0111267403103	-0.0278402308545	-0.0147323596475	0.0353741177174	-0.0134831444012	-0.0222915019637	-0.0285727339228	-0.0282857144686	-0.0183266121872	-0.0187839289319	0.0464689999461	0.00191076019898	-0.0220295712893	0.0113702939002	-0.0190257719726	0.0591573214903	0.0515312134109	0.0122391976648	-0.0225033328609	-0.00451219953373	1.0	0.00993946270076	-0.0368555747121	-0.055278458553	0.0110703611798	-0.0248738318752	0.00643176005028	-0.0164465317654	-0.0105054068663	-0.0424342956549	0.00632525092078	-0.0391903226236	-0.0197917936729	0.0176810821906	0.034804597552	-0.0278074537429	-0.0384218186348	-0.0158627643886	-0.0224943594479	0.0118593783831	0.024919146028	-0.0776923170495	0.000464796253027	0.0584033654736	0.0835524721737	0.0582674049311	0.00523710052861	-0.052285180556	0.0292437198167	0.0101290496524	-0.0889503351513	-0.0228962653797	-0.0876955432756	0.0707514792151
k__Bacteria;p__Firmicutes;c__Clostridia;o__Clostridiales;f__Lachnospiraceae;g__Roseburia;s__Roseburia_intestinalis	-0.0363825201512	-0.00824084698741	-0.0219232524615	0.00480318794781	-0.0116286845688	-0.00380567355743	-0.0523044825318	-0.0582576875889	-0.0261775610591	0.0564279434204	-0.0212044046688	-0.0195988520776	0.045097892255	-0.0229603341365	0.0202109706396	0.0113818346462	0.0159116792038	-0.0606049735555	-0.0382245264049	-0.0144196409091	-0.0486405037507	0.017940983483	-0.0108154381136	0.0149383513711	-0.0676326806025	0.00993946270076	1.0	0.00432974167502	0.0196540383716	0.0138371468198	-0.0775350111341	-0.0263229065904	0.00585184785307	-0.0024939615482	0.00572780684014	-0.0120772213298	0.0213460977235	0.0573314765882	0.0127519323579	0.0098454347711	-0.0138316277356	-0.0160551221418	0.00881516325753	-0.0404561520498	-0.0643374723667	-0.0710892273777	-0.0460206053034	0.0285381690827	-0.0416207159093	0.0179966734543	0.00165060597167	-0.00928038797849	0.0121108731733	-0.0364632479558	-0.0413006490508	0.00614619793304	-0.00668776533133	-0.03656911917	0.0111330101581
k__Bacteria;p__Firmicutes;c__Clostridia;o__Clostridiales;f__Lachnospiraceae;g__Roseburia;s__Roseburia_hominis	-0.0143511435474	0.100301247985	-0.0373637575503	0.0253247548356	0.0893650215671	0.0529007676883	0.0204789737654	-0.00461986690145	0.061594399034	0.0652017081162	-0.00966769146041	0.00143802214986	0.010658127721	-0.0544988237003	-0.0600058487537	-0.0873215207692	-0.049726441843	-0.0300902617363	0.0208322451862	-0.0433094904794	0.0155554438532	-0.0211556104535	-0.00291170507939	0.0212284790963	0.0894262006387	-0.0368555747121	0.00432974167502	1.0	0.101147813185	-0.0137857730291	-0.0298516651003	0.0138443842147	-0.0253355103767	0.0408057014398	-0.00089917539543	0.0823269509179	-0.0255033659552	-0.0590331528855	-0.00181445061328	-0.0130391072291	-0.126743598744	-0.0156703587352	-0.00467852685989	0.0103229776128	-0.0632317734206	-0.0850621138066	0.0177783653402	-0.0797178373602	0.0248852443499	-0.00453823686412	-0.0705510187658	-0.00586036582247	-0.0053606197592	-0.0195432328772	-0.000916729674584	0.0968047287649	-0.04334897782	0.0374148785446	-0.0231692391272
k__Bacteria;p__Bacteroidetes;c__Bacteroidia;o__Bacteroidales;f__Porphyromonadaceae;g__Parabacteroides;s__Parabacteroides_johnsonii	-0.0300359234975	0.0417060017526	-0.0180648035569	0.0311503449293	-0.0418468136581	-0.0112357395766	-0.0145219498764	-0.0166001530912	0.000230139368543	0.0396308837991	-0.0571399818626	-0.0197407765987	0.00279671933778	0.0455786175062	0.00879096835501	-0.0259882593807	-0.0137726963564	-0.0682713538491	-0.0239165250175	0.0286511507485	-0.0413146458895	-0.0449646119321	-0.0299671422971	-0.0165702228769	-0.0674913205708	-0.055278458553	0.0196540383716	0.101147813185	1.0	-0.0700719365076	0.0322837544862	-0.00873412405659	0.00564010380983	0.00740802456598	0.0536280620487	-0.0526570653273	-0.0107440457439	-0.0325358269212	-0.0346138723915	-0.022308874707	-0.00961017074583	0.0453570889869	-0.0604054025542	0.0084560305516	0.0246858589339	-0.0158370290235	-0.0422487380385	0.0461572304372	-0.0236189591173	0.0383944141615	-0.0374379181664	-0.014754600832	0.0162978139653	0.0443302782677	-0.0466327241529	0.00606570768119	-0.0124658826982	-0.0101865360013	-0.0677947727079
k__Bacteria;p__Actinobacteria;c__Actinobacteria;o__Bifidobacteriales;f__Bifidobacteriaceae;g__Bifidobacterium;s__Bifidobacterium_longum	-0.0629250552873	-0.0313041145644	-0.0110518915704	0.0130064894859	-0.0238397712606	-0.0237974132899	-0.0623573416831	0.0171504411136	-0.0130044105606	0.00413069501716	0.0427290470601	0.0167129890691	-0.00473452595836	-0.0535668551191	-0.0262045622987	-0.0233747512097	-0.0245729674915	-0.0222014028073	0.00266915203243	-0.0159874186916	0.0209356238842	0.0226799261253	-0.0248401215442	-0.0238731240168	0.0253082547229	0.0110703611798	0.0138371468198	-0.0137857730291	-0.0700719365076	1.0	-0.0197428670877	-0.00929489419588	-0.0190087312497	-0.0251448048018	0.0184189933015	0.0579099596882	-0.018451967785	-0.0845763567183	0.0202327800817	-0.0385247266277	-0.0258149609963	-0.0472964225582	-0.00529371662009	-0.0206397990349	0.00318724703401	0.00488280764905	0.023195838905	0.0986562694948	0.0338930102167	0.0027880227217	0.0738790662519	-0.0362390303402	-0.0280500188712	0.0543762777728	-0.00356740902606	0.0210894970924	-0.116790580402	-0.0223474984109	-0.036393153969
