#taxonomy	k__Bacteria;p__Bacteroidetes;c__Bacteroidia;o__Bacteroidales;f__Bacteroidaceae;g__Bacteroides;s__Bacteroides_vulgatus	k__Bacteria;p__Bacteroidetes;c__Bacteroidia;o__Bacteroidales;f__Bacteroidaceae;g__Bacteroides;s__Bacteroides_uniformis	k__Bacteria;p__Bacteroidetes;c__Bacteroidia;o__Bacteroidales;f__Rikenellaceae;g__Alistipes;s__Alistipes_putredinis	k__Bacteria;p__Bacteroidetes;c__Bacteroidia;o__Bacteroidales;f__Prevotellaceae;g__Prevotella;s__Prevotella_copri	k__Bacteria;p__Bacteroidetes;c__Bacteroidia;o__Bacteroidales;f__Bacteroidaceae;g__Bacteroides;s__Bacteroides_stercoris	k__Bacteria;p__Bacteroidetes;c__Bacteroidia;o__Bacteroidales;f__Bacteroidaceae;g__Bacteroides;s__Bacteroides_ovatus	k__Bacteria;p__Bacteroidetes;c__Bacteroidia;o__Bacteroidales;f__Rikenellaceae;g__Alistipes;s__Alistipes_shahii	k__Bacteria;p__Firmicutes;c__Clostridia;o__Clostridiales;f__Ruminococcaceae;g__Faecalibacterium;s__Faecalibacterium_prausnitzii	k__Bacteria;p__Bacteroidetes;c__Bacteroidia;o__Bacteroidales;f__Rikenellaceae;g__Alistipes;s__Alistipes_finegoldii	k__Bacteria;p__Bacteroidetes;c__Bacteroidia;o__Bacteroidales;f__Porphyromonadaceae;g__Parabacteroides;s__Parabacteroides_distasonis	k__Bacteria;p__Bacteroidetes;c__Bacteroidia;o__Bacteroidales;f__Bacteroidaceae;g__Bacteroides;s__Bacteroides_thetaiotaomicron	k__Bacteria;p__Bacteroidetes;c__Bacteroidia;o__Bacteroidales;f__Bacteroidaceae;g__Bacteroides;s__Bacteroides_coprocola	k__Bacteria;p__Bacteroidetes;c__Bacteroidia;o__Bacteroidales;f__Bacteroidaceae;g__Bacteroides;s__Bacteroides_cellulosilyticus	k__Bacteria;p__Bacteroidetes;c__Bacteroidia;o__Bacteroidales;f__Rikenellaceae;g__Alistipes;s__Alistipes_obesi	k__Bacteria;p__Firmicutes;c__Clostridia;o__Clostridiales;f__Lachnospiraceae;g__;s__[Eubacterium]_rectale	k__Bacteria;p__Bacteroidetes;c__Bacteroidia;o__Bacteroidales;f__Bacteroidaceae;g__Bacteroides;s__Bacteroides_plebeius	k__Bacteria;p__Bacteroidetes;c__Bacteroidia;o__Bacteroidales;f__Bacteroidaceae;g__Bacteroides;s__Bacteroides_fragilis	k__Bacteria;p__Proteobacteria;c__Betaproteobacteria;o__Burkholderiales;f__Sutterellaceae;g__Sutterella;s__Sutterella_wadsworthensis	k__Bacteria;p__Bacteroidetes;c__Bacteroidia;o__Bacteroidales;f__Porphyromonadaceae;g__Barnesiella;s__Barnesiella_intestinihominis	k__Bacteria;p__Bacteroidetes;c__Bacteroidia;o__Bacteroidales;f__Odoribacteraceae;g__Odoribacter;s__Odoribacter_splanchnicus	k__Bacteria;p__Bacteroidetes;c__Bacteroidia;o__Bacteroidales;f__Bacteroidaceae;g__Bacteroides;s__Bacteroides_salyersiae	k__Bacteria;p__Firmicutes;c__Clostridia;o__Clostridiales;f__Ruminococcaceae;g__Ruminiclostridium;s__[Eubacterium]_siraeum	k__Bacteria;p__Proteobacteria;c__Betaproteobacteria;o__Burkholderiales;f__Sutterellaceae;g__Parasutterella;s__Parasutterella_excrementihominis	k__Bacteria;p__Actinobacteria;c__Actinobacteria;o__Bifidobacteriales;f__Bifidobacteriaceae;g__Bifidobacterium;s__Bifidobacterium_adolescentis	k__Bacteria;p__Firmicutes;c__Clostridia;o__Clostridiales;f__Oscillospiraceae;g__Oscillibacter;s__Oscillibacter_sp._KLE_1745	k__Bacteria;p__Bacteroidetes;c__Bacteroidia;o__Bacteroidales;f__Bacteroidaceae;g__Bacteroides;s__Bacteroides_coprophilus	k__Bacteria;p__Firmicutes;c__Clostridia;o__Clostridiales;f__Lachnospiraceae;g__Roseburia;s__Roseburia_intestinalis	k__Bacteria;p__Firmicutes;c__Clostridia;o__Clostridiales;f__Lachnospiraceae;g__Roseburia;s__Roseburia_hominis	k__Bacteria;p__Bacteroidetes;c__Bacteroidia;o__Bacteroidales;f__Porphyromonadaceae;g__Parabacteroides;s__Parabacteroides_johnsonii	k__Bacteria;p__Actinobacteria;c__Actinobacteria;o__Bifidobacteriales;f__Bifidobacteriaceae;g__Bifidobacterium;s__Bifidobacterium_longum	k__Bacteria;p__Firmicutes;c__Clostridia;o__Clostridiales;f__;g__Flavonifractor;s__Flavonifractor_plautii	k__Bacteria;p__Firmicutes;c__Clostridia;o__Clostridiales;f__Clostridiaceae;g__Clostridium;s__Clostridium_phoceensis	k__Bacteria;p__Verrucomicrobia;c__Verrucomicrobiae;o__Verrucomicrobiales;f__Akkermansiaceae;g__Akkermansia;s__Akkermansia_muciniphila	k__Bacteria;p__Bacteroidetes;c__Bacteroidia;o__Bacteroidales;f__Prevotellaceae;g__Paraprevotella;s__Paraprevotella_xylaniphila	k__Bacteria;p__Firmicutes;c__Clostridia;o__Clostridiales;f__Ruminococcaceae;g__Ruminococcus;s__Ruminococcus_callidus	k__Bacteria;p__Bacteroidetes;c__Bacteroidia;o__Bacteroidales;f__Rikenellaceae;g__Alistipes;s__Alistipes_senegalensis	k__Bacteria;p__Firmicutes;c__Clostridia;o__Clostridiales;f__Lachnospiraceae;g__Blautia;s__Blautia_sp._KLE_1732	k__Bacteria;p__Bacteroidetes;c__Bacteroidia;o__Bacteroidales;f__Bacteroidaceae;g__Bacteroides;s__Bacteroides_oleiciplenus	k__Bacteria;p__Firmicutes;c__Clostridia;o__Clostridiales;f__Ruminococcaceae;g__Ruminococcus;s__Ruminococcus_bicirculans	k__Bacteria;p__Bacteroidetes;c__Bacteroidia;o__Bacteroidales;f__Bacteroidaceae;g__Bacteroides;s__Bacteroides_fluxus	k__Bacteria;p__Bacteroidetes;c__Bacteroidia;o__Bacteroidales;f__Prevotellaceae;g__Prevotella;s__Prevotella_stercorea	k__Bacteria;p__Firmicutes;c__Clostridia;o__Clostridiales;f__Lachnospiraceae;g__Dorea;s__Dorea_longicatena	k__Bacteria;p__Firmicutes;c__Clostridia;o__Clostridiales;f__Eubacteriaceae;g__Eubacterium;s__[Eubacterium]_eligens	k__Bacteria;p__Firmicutes;c__Clostridia;o__Clostridiales;f__Ruminococcaceae;g__;s__Ruminococcaceae_bacterium_D16	k__Bacteria;p__Firmicutes;c__Clostridia;o__Clostridiales;f__Lachnospiraceae;g__Coprococcus;s__Coprococcus_comes	k__Bacteria;p__Proteobacteria;c__Gammaproteobacteria;o__Enterobacterales;f__Enterobacteriaceae;g__Escherichia;s__Escherichia_coli	k__Bacteria;p__Firmicutes;c__Clostridia;o__Clostridiales;f__Ruminococcaceae;g__Anaerotruncus;s__Anaerotruncus_colihominis	k__Bacteria;p__Firmicutes;c__Clostridia;o__Clostridiales;f__Lachnospiraceae;g__Blautia;s__Blautia_obeum	k__Bacteria;p__Bacteroidetes;c__Bacteroidia;o__Bacteroidales;f__Odoribacteraceae;g__Odoribacter;s__Odoribacter_laneus	k__Bacteria;p__Firmicutes;c__Clostridia;o__Clostridiales;f__Ruminococcaceae;g__Ruminiclostridium;s__[Clostridium]_leptum	k__Bacteria;p__Bacteroidetes;c__Bacteroidia;o__Bacteroidales;f__Porphyromonadaceae;g__Parabacteroides;s__Parabacteroides_goldsteinii	k__Bacteria;p__Firmicutes;c__Clostridia;o__Clostridiales;f__Lachnospiraceae;g__Anaerostipes;s__Anaerostipes_hadrus	k__Bacteria;p__Firmicutes;c__Clostridia;o__Clostridiales;f__Ruminococcaceae;g__Ruminococcus;s__Ruminococcus_lactaris	k__Bacteria;p__Firmicutes;c__Clostridia;o__Clostridiales;f__Clostridiaceae;g__Clostridium;s__Clostridium_sp._L2-50	k__Bacteria;p__Firmicutes;c__Clostridia;o__Clostridiales;f__Clostridiaceae;g__Clostridium;s__Clostridium_sp._M62/1	k__Bacteria;p__Firmicutes;c__Clostridia;o__Clostridiales;f__;g__Intestinimonas;s__Intestinimonas_butyriciproducens	k__Bacteria;p__Actinobacteria;c__Actinobacteria;o__Bifidobacteriales;f__Bifidobacteriaceae;g__Bifidobacterium;s__Bifidobacterium_bifidum	k__Bacteria;p__Firmicutes;c__Negativicutes;o__Veillonellales;f__Veillonellaceae;g__Dialister;s__Dialister_invisus	k__Bacteria;p__Bacteroidetes;c__Bacteroidia;o__Bacteroidales;f__Bacteroidaceae;g__Bacteroides;s__Bacteroides_salanitronis
k__Bacteria;p__Bacteroidetes;c__Bacteroidia;o__Bacteroidales;f__Bacteroidaceae;g__Bacteroides;s__Bacteroides_vulgatus	1.0	0.0234684349057	0.059785685065	0.0350297626787	0.0164504971669	-0.00180952730402	0.00742696339944	-0.00811180080478	-0.0166478032543	0.014435486065	-0.120361158157	0.0122779810817	0.0738279262326	-0.0746021015702	0.00718475946224	-0.00988879915778	-0.0328727375216	-0.0118718780719	0.00406494524799	0.0264500993114	-0.0424428807363	-0.0456573342117	0.00323239547354	0.00272823784267	-0.0240603441772	0.0159288101018	-0.0224592756192	0.0110806505941	-0.0323016922632	0.00928721935848	-0.023759326845	0.0270119178616	-0.0217876132043	-0.0464875960258	-0.0240197622146	-0.0203303764377	-0.0939543842806	-0.0352205151054	0.00252273727223	-0.00712002217912	-0.0544872898834	0.0375043827093	-0.0260193233606	-0.030642334781	0.00117567172916	-0.0294839303225	-0.000869727684809	-0.00507347839848	-0.0765591955974	0.0310631629131	-0.030259795627	0.00966080171349	0.00702546515031	0.0408769484068	0.0333997096907	0.00682919911155	0.00458905814041	-0.0202609570191	0.00993075453638
k__Bacteria;p__Bacteroidetes;c__Bacteroidia;o__Bacteroidales;f__Bacteroidaceae;g__Bacteroides;s__Bacteroides_uniformis	0.0234684349056	1.0	0.00900833150659	-0.039275361361	-0.0229344720616	0.0119226407877	-0.0500085392475	-0.0726969434462	0.0131504865279	-0.00621350757281	0.0253701814241	-0.0284205236112	-0.00126338981183	-0.0405409663688	0.0715417195612	-0.00209169552071	0.00238124502624	-0.0416542090772	-0.0234740809099	-0.0133508778126	-0.0260731788846	0.00225634433893	-0.00706577144268	0.0157630508094	0.0134345542757	-0.0362272164186	-0.0115153993947	0.0325397051226	-0.0102380643515	0.0189157134556	0.0185251195456	0.0297712334054	-0.016341938468	-0.0359304910344	-0.00902023039624	0.0258059583991	-0.0164906378161	0.00495025616164	0.0121259968091	0.0174652202466	0.0116739108613	-0.0566580660054	-0.0201749658474	0.0405639595645	0.00193311988187	-0.00168580894206	-0.02704182632	0.0217119047945	-0.0732470831156	-0.0775813968299	-0.0241112821531	0.0224685687065	0.0294826724978	0.0260643247483	0.0262850746108	-0.00752762935639	-0.0568087835264	0.016694909678	-0.0321790302661
k__Bacteria;p__Bacteroidetes;c__Bacteroidia;o__Bacteroidales;f__Rikenellaceae;g__Alistipes;s__Alistipes_putredinis	0.059785685065	0.00900833150659	1.0	-0.0646143349793	0.00193298515458	0.0217292946483	-0.00686495863319	0.0136132738347	-0.0291769230165	0.00595672572255	0.0424570084298	0.023687123613	0.00176509936736	-0.0116277325495	0.018791149429	0.0744791795232	-0.0623835466016	0.0488270110391	-0.0778967876068	-0.0338647378341	0.00150702726775	-0.0290056622207	0.0735225869723	-0.0515178856931	-0.0229192064906	-0.012392943684	-0.0378057103707	0.0306528248694	0.022714568663	-0.0282690746247	0.0230333593776	-0.0318347404312	-0.0244126143155	-0.00490387606987	0.0237428537358	0.0106305542161	-0.0461047087772	-0.102558873035	0.00722318876801	0.00893380681189	0.0148722644183	-0.0596479095185	0.0142740174936	0.00351361778376	-0.0068929770448	0.00156118823098	-0.00245492821486	0.0308098357664	-0.0411118570032	0.0313211549639	-0.0309299767364	0.0157215420077	0.00795772479148	-0.0625570800916	0.0184786191481	-0.0489978874822	0.0708213891183	0.0048134409748	-0.0255044157512
k__Bacteria;p__Bacteroidetes;c__Bacteroidia;o__Bacteroidales;f__Prevotellaceae;g__Prevotella;s__Prevotella_copri	0.0350297626787	-0.039275361361	-0.0646143349793	1.0	0.0284193179755	-0.0327808246808	-0.0224006116669	-0.0409328906974	0.048036280127	0.00778493725986	-0.0390551485172	0.000685624696811	-0.00503800147568	0.00464436285667	0.0410304586334	0.00524639848754	-0.104835962519	-0.00369922742884	-0.0120472721023	0.0149194380678	0.0031865128702	-0.026654085868	0.017510557681	0.0389530841412	-0.0554426644965	-0.0321755634435	-0.0565108097976	0.0249981110528	0.0069068466001	-0.00256846644763	-0.00214222785621	0.00157864285082	0.041712508667	0.0107231608949	0.0331721442157	-0.0294559881063	0.00387337863827	0.035123629206	0.026136395502	-0.0727175161399	-0.000352402395318	0.0424082246536	0.00500350709189	0.081344798098	0.0100416176806	-0.0847135315326	-0.0726700106715	3.17412436762e-06	-0.0145842052322	-0.0222965627567	0.012765907186	-0.0172602151888	-0.00106689259962	-0.00172849700273	-0.00755276694638	-0.0109908127994	-0.015089136821	-0.0288878652483	-0.0360228419108
k__Bacteria;p__Bacteroidetes;c__Bacteroidia;o__Bacteroidales;f__Bacteroidaceae;g__Bacteroides;s__Bacteroides_stercoris	0.0164504971669	-0.0229344720616	0.00193298515458	0.0284193179755	1.0	-0.0158639594375	0.0152934377612	0.00977773249193	0.0317607520658	-0.0163415644546	0.00181783071342	-0.0187151090327	-0.00522140874349	-0.0413969609721	-0.0257043399231	-0.00390444189146	0.016016361552	0.0133336742207	0.00773227999536	-0.0350197497706	-0.0404286625388	0.0470912669059	0.0278897219492	-0.0963927193676	-0.0138328289038	-0.0561158395362	0.0990488095129	-0.0746808877287	0.0129337704146	-0.00693928315815	0.0278046688752	-0.0013816881871	0.00288915025669	-0.0129697775102	-0.0477524161116	-0.037636950674	0.00385550077145	0.0295315173309	-0.0836307980321	0.0203521924115	0.0415100544363	0.0175084499797	-0.014437321027	-0.0361639927912	0.00248508743573	-0.0106867126662	0.0246505767812	-0.0396354156992	0.00887265888126	-0.00566103506771	0.0130190491282	-0.0165071754546	-0.0102324736917	-0.0171909699401	-0.0102001533652	0.0478695411586	-0.0378086953983	-0.041864961602	0.0657921159479
k__Bacteria;p__Bacteroidetes;c__Bacteroidia;o__Bacteroidales;f__Bacteroidaceae;g__Bacteroides;s__Bacteroides_ovatus	-0.00180952730402	0.0119226407877	0.0217292946483	-0.0327808246808	-0.0158639594375	1.0	-0.0216190982838	-0.0310979539444	0.014826579473	-0.0103269048518	0.0297958437608	-0.067704352685	-0.0217612867179	-0.0421095848585	0.0326608159205	0.00938501675138	-0.0134908371794	-0.0569142485458	0.0325838160752	-0.00359996601174	0.021717434546	0.0152900690001	-0.00581126623084	-0.0446995522923	-0.0125088907018	-0.015753220748	0.0328519081976	-0.0333546356469	0.0293469459647	-0.0135459310246	0.0152607597795	0.0251389245795	0.00444441314322	0.0130489882087	0.0179019527798	0.00945302578138	0.00364681526269	-0.0311242071172	-0.063555652882	0.0248260661571	-0.0351812723268	0.0187178549335	-0.00167322280319	-0.0199788967509	-0.0212305181426	0.0233551170217	0.0295299083772	-0.0348426272983	-0.0650705423151	0.0160087030387	-0.0434564023822	-0.0374521766191	-0.00417114677907	0.00686664955339	-0.0397929474562	0.0640126751718	-0.0130965061168	-0.0452516922262	-0.0286450370622
k__Bacteria;p__Bacteroidetes;c__Bacteroidia;o__Bacteroidales;f__Rikenellaceae;g__Alistipes;s__Alistipes_shahii	0.00742696339944	-0.0500085392475	-0.00686495863319	-0.0224006116669	0.0152934377612	-0.0216190982838	1.0	-0.0623385756043	0.0289413271652	-0.046235855037	-0.0268531394223	-0.0442736028359	-0.0712510957871	0.0390330742693	-0.0237148665679	0.0508822590657	-0.0724357163752	0.00817676481954	-0.0325692072798	0.0254618939699	-0.0094077377186	0.0107668753163	-0.0276947474795	-0.00726945361116	0.0204573974847	-0.00945994925316	0.00621027877216	0.00883281399409	0.0122363614551	0.025854635987	-0.0449413599346	-0.021251212835	-0.0860978702381	-0.0648854701443	-0.0468802157005	0.0163681505922	-0.0380274084981	0.0318635038544	0.0110844101474	-0.0189160380182	-0.0377814599264	0.040610295672	0.0489018991062	0.0100632154484	-0.0187666923501	-0.0152442836745	0.0284989324963	-0.0262787498077	-0.0407744386758	-0.021592111668	-0.0387864094453	0.0938386315397	0.00794220755653	-0.0471377659031	0.00666675563404	-0.0169796110912	0.0547290336884	0.00972930078996	0.00878361448091
k__Bacteria;p__Firmicutes;c__Clostridia;o__Clostridiales;f__Ruminococcaceae;g__Faecalibacterium;s__Faecalibacterium_prausnitzii	-0.00811180080478	-0.0726969434462	0.0136132738347	-0.0409328906974	0.00977773249193	-0.0310979539444	-0.0623385756043	1.0	-0.0171806697021	0.0468573718146	-0.0847350524343	-0.0499549860576	-0.0496662995789	0.00257335433202	-0.0383112624176	-0.0251692988593	-0.0823359957256	-0.0255661318447	0.0582418602431	0.0314532863054	0.0168839304154	-0.00046943542321	-0.0460008710045	0.0433960372394	-0.0460593608504	-0.0333181323999	-0.0189813300335	-0.0337416226	-0.0552693792913	0.0380928744226	-0.0859867845753	0.00903556257813	-0.00154975865629	-0.0106009941734	-0.0355044926652	0.0598765228443	0.0114387808539	-0.036302204768	0.0273362671418	0.0369069603602	-0.0601568078136	-0.00762309700217	0.0378509990456	-0.0173963353493	0.0079446760541	-0.0307556999829	0.0170649807779	-0.0308613277337	-0.00685146766897	-0.0520135895916	-0.0385570296103	0.00432415955197	0.00519700296621	0.00784524805323	-0.0295386461011	-0.00593863324118	-0.0424832451172	0.0594104220994	0.0245066961448
k__Bacteria;p__Bacteroidetes;c__Bacteroidia;o__Bacteroidales;f__Rikenellaceae;g__Alistipes;s__Alistipes_finegoldii	-0.0166478032543	0.0131504865279	-0.0291769230165	0.048036280127	0.0317607520658	0.014826579473	0.0289413271652	-0.0171806697021	1.0	-0.0110204032489	-3.3620236148e-05	-0.011441903004	-0.00142802123594	-0.00184217918159	-0.0299336632579	-0.0591150479575	-0.0320434147197	-0.0376121622388	0.0511573657089	-0.0511748639501	0.0473692112855	-0.0159091915619	-0.0326440912164	-0.0188494927092	0.00253732685866	0.0471780580592	0.0442683472411	-0.0321498643156	-0.00398690043468	-0.00914467836943	-0.00668684613815	0.0441345799023	-0.024215754226	-0.0113462046357	-0.0646802056097	-0.0362275112325	-0.0516425197005	-0.0308298108043	-0.0206940936705	-0.0309187918335	-0.0864025030378	-0.00843695856429	0.0598456008107	-0.0674861808678	-0.0127250978315	-0.0126932027313	0.0600196526413	-0.000441712629074	0.0487167584085	0.0127190564693	0.0210949727762	-0.0037167991355	0.000772366212676	0.0414925630219	0.0471656161874	-0.00246219602155	-0.00916705336844	-0.0388427197338	-0.011071917573
k__Bacteria;p__Bacteroidetes;c__Bacteroidia;o__Bacteroidales;f__Porphyromonadaceae;g__Parabacteroides;s__Parabacteroides_distasonis	0.014435486065	-0.00621350757281	0.00595672572255	0.00778493725986	-0.0163415644546	-0.0103269048518	-0.046235855037	0.0468573718146	-0.0110204032489	1.0	0.0459320001826	-0.0266569650165	-0.0536802036344	0.0514726949672	0.0910491065132	0.0296362062202	-0.00129639427163	-0.00227579920982	-0.0419572138732	0.0297193423049	0.0351924703294	-0.0223311321919	0.0276189638117	-0.0020563054944	0.0261746900029	-0.00779795255452	0.011867273528	-0.0296140827677	-0.0207487946141	0.0133361724868	0.0282584426429	-0.060201926992	-0.00679470773685	-0.0314176511555	-0.0073570491203	-0.0814939746951	0.0031328254407	-0.0121125033612	0.0499562253037	-0.0549021779073	-0.00561526818465	0.0174600574866	-0.0993904722499	-0.011463299458	-0.0653326409134	0.0105072968357	-0.0608903385923	0.00147057381451	-0.0350842458505	0.00477839625024	-0.012607287516	-0.0230420843235	0.0313154964476	-0.0280785143433	-0.0322867357256	-0.0772645870136	0.00831573924439	0.0120559361662	0.0552688401855
k__Bacteria;p__Bacteroidetes;c__Bacteroidia;o__Bacteroidales;f__Bacteroidaceae;g__Bacteroides;s__Bacteroides_thetaiotaomicron	-0.120361158157	0.0253701814241	0.0424570084298	-0.0390551485172	0.00181783071342	0.0297958437608	-0.0268531394223	-0.0847350524343	-3.3620236148e-05	0.0459320001826	1.0	-0.01731223888	0.053663272857	-0.0460086646494	-0.0467654631234	-0.0853736203025	-0.0202594008494	-0.0258605159365	-0.0117777315509	0.00320677668813	0.0260664125439	0.0236923863785	-0.0168625492023	0.0158379158423	0.0606867364502	0.0440720897827	-0.0338732576826	-0.0613417672112	0.0331253433878	0.049618115988	0.00246941035079	-0.0172648673776	-0.0394594483543	-0.00892098581366	0.000263527984555	-0.0303736254835	-0.0223777039292	-0.0171247688899	0.0365575153465	0.0460370486395	0.061014022641	-0.0227764106133	0.0238857449008	-0.0385684972878	-0.00520459712778	-0.0527309453587	0.0283582266941	-0.00645560218291	0.0495015242835	-0.0373790606698	0.0151383137104	-0.0105195842485	0.0376055141598	-0.0344340010558	0.0449803237978	-0.0675806317389	-0.0410915168399	-0.0502390861068	0.0529206891898
k__Bacteria;p__Bacteroidetes;c__Bacteroidia;o__Bacteroidales;f__Bacteroidaceae;g__Bacteroides;s__Bacteroides_coprocola	0.0122779810817	-0.0284205236112	0.023687123613	0.000685624696811	-0.0187151090327	-0.067704352685	-0.0442736028359	-0.0499549860576	-0.011441903004	-0.0266569650165	-0.01731223888	1.0	-0.0400040382037	-0.0431247256746	-0.000133630533109	0.00802855585776	-0.0930452467427	-0.00960806176991	0.0817388492004	0.0190537322677	0.067249384931	-0.0328087889416	-0.00125318310522	-0.0363008022702	0.0303780848029	-0.0140319937439	-0.086767691883	-0.025652630298	0.0581870853764	-0.0447742739509	-0.0425390674659	-0.00612171873296	-0.0424217764899	-0.0526165206631	-0.028538552045	0.00883784875182	-0.0189667914263	-0.00628507777463	-0.0463163652544	-0.0472375535627	-0.0541846889643	-0.0653473832625	-0.00306521395246	0.0382166002687	0.0858710543249	-0.0230642588277	0.000618583935879	-0.033394299325	-0.0360368314641	-0.0368848351304	-0.0413598988631	-0.0618585116314	0.025958520004	-0.0122349196504	-0.00407604807815	0.00626396664047	0.0291085112915	0.0432997322453	-0.0167858066803
k__Bacteria;p__Bacteroidetes;c__Bacteroidia;o__Bacteroidales;f__Bacteroidaceae;g__Bacteroides;s__Bacteroides_cellulosilyticus	0.0738279262326	-0.00126338981183	0.00176509936736	-0.00503800147568	-0.00522140874349	-0.0217612867179	-0.0712510957871	-0.0496662995789	-0.00142802123594	-0.0536802036344	0.053663272857	-0.0400040382037	1.0	-0.0888952267801	-0.0176135236625	0.0469697131634	0.00794875169774	-0.00872857194297	-0.0632840822569	-0.0191072872903	-0.000937065637029	-0.101770327471	-0.039475290832	-0.0155385066247	-0.0350344485096	-0.0024842169249	-0.0134702295669	0.0186751953341	0.0268363741139	0.00319362881854	-0.0855439504505	-0.025135631026	0.00422867119732	0.0117222325029	-0.022799156164	-0.034312389492	0.0733626580661	-0.0873275929225	-0.0483772659904	-0.0257658641382	-0.0180422807301	-0.00622033285497	0.0189407622685	0.0117314445537	-0.0275310763313	-0.0183505135562	0.025266634188	0.0576695010358	-0.0683128321903	0.0242670265173	-0.0285156166805	-0.020128442533	-0.0484791277757	0.0471037244503	0.0350913085828	0.0291668981857	0.0370559845972	-0.0336977310899	0.0633909452793
k__Bacteria;p__Bacteroidetes;c__Bacteroidia;o__Bacteroidales;f__Rikenellaceae;g__Alistipes;s__Alistipes_obesi	-0.0746021015702	-0.0405409663688	-0.0116277325495	0.00464436285667	-0.0413969609721	-0.0421095848585	0.0390330742693	0.00257335433202	-0.00184217918159	0.0514726949672	-0.0460086646494	-0.0431247256746	-0.0888952267801	1.0	0.0133072326703	0.0213523598703	-0.0319610691096	0.0468180185525	0.0195739091124	-0.00609042877182	0.0486198505785	-0.04090323577	-0.0451124103578	0.0700372346395	-0.0216378053915	0.0631285504596	-0.0105477316497	-0.0465008222858	-0.0509363919497	-0.0349262461682	0.0188292428338	0.0128083596274	-0.0572658448275	-0.0145090413945	0.00624456241753	0.0123681476554	0.0638092838388	0.0888767636676	-0.0501841450896	0.0445386017281	0.0210723758271	0.0155553156356	0.0545868095283	0.0663486901077	-0.0129143427624	-0.0774057354042	-0.0212494653534	-0.0226557357082	0.0195841160708	-0.0418441224952	-0.0387519309891	-0.0192107074016	0.00394439159722	-0.11897658981	0.00262409254348	0.0375680915926	0.0240280643168	0.0167944469894	-0.0645451276985
k__Bacteria;p__Firmicutes;c__Clostridia;o__Clostridiales;f__Lachnospiraceae;g__;s__[Eubacterium]_rectale	0.00718475946224	0.0715417195612	0.018791149429	0.0410304586334	-0.0257043399231	0.0326608159205	-0.0237148665679	-0.0383112624176	-0.0299336632579	0.0910491065132	-0.0467654631234	-0.000133630533109	-0.0176135236625	0.0133072326703	1.0	0.0322421837753	-0.0284317631376	-0.0542072685585	-0.0706989907802	-0.0431226154895	0.0246332442691	0.0206171020126	-0.0681108153225	-0.0146721343517	0.0210309628259	-0.0447208042771	0.0068426576536	0.033202498977	-0.0389488435989	0.0173763065117	-0.00912134634438	-0.0424781206375	-0.0314965415607	-0.0493368033018	0.0253455692652	-0.00164855480016	-0.042411697232	0.0535014351541	-0.00140495634199	-0.0453082170907	0.050702276714	-0.062091318657	0.00676835190467	-0.00348125982467	0.0528989491531	-0.0228125847928	-0.0564531693228	-0.0537212575605	-0.0418541598147	0.0278645948693	-0.0249942636447	0.0293545039153	-0.0468881007637	-0.00102469303301	-3.08924669461e-05	0.0104085186867	-0.0279698161708	-0.052537166998	0.0181206172082
k__Bacteria;p__Bacteroidetes;c__Bacteroidia;o__Bacteroidales;f__Bacteroidaceae;g__Bacteroides;s__Bacteroides_plebeius	-0.00988879915778	-0.00209169552071	0.0744791795232	0.00524639848754	-0.00390444189146	0.00938501675138	0.0508822590657	-0.0251692988593	-0.0591150479575	0.0296362062202	-0.0853736203025	0.00802855585776	0.0469697131634	0.0213523598703	0.0322421837753	1.0	-0.0782430566486	-0.0108495975715	-0.0299716989505	0.0425322381018	-0.0598944449797	0.0379138092873	-0.00729016064584	0.00082242234655	0.0179714988973	0.015409245458	0.0257323684114	-0.0340904833921	-0.0120848103611	-0.0494867409889	-0.00370202681947	0.0356206373391	0.0263127842644	-0.0396129249061	-0.0205274667196	0.0307421685266	0.0249191531968	0.0113415764522	-0.032711817527	0.0159957662991	0.012417797473	-0.0499394856026	0.0390543901811	0.0314151589791	-0.0483088158376	0.0348216142722	0.00496456500341	-0.00619830947606	-0.0510014675063	-0.0464286144298	-0.073252907534	0.0586995857585	-0.0391246890063	0.0328050703231	-0.0297221794651	0.00628000628033	0.0292750104257	-0.0244208130576	-0.0509395981227
k__Bacteria;p__Bacteroidetes;c__Bacteroidia;o__Bacteroidales;f__Bacteroidaceae;g__Bacteroides;s__Bacteroides_fragilis	-0.0328727375216	0.00238124502624	-0.0623835466016	-0.104835962519	0.016016361552	-0.0134908371794	-0.0724357163752	-0.0823359957256	-0.0320434147197	-0.00129639427163	-0.0202594008494	-0.0930452467427	0.00794875169774	-0.0319610691096	-0.0284317631376	-0.0782430566486	1.0	0.0180251130824	0.00307724318898	-0.0597837274576	-0.0204101406299	-0.0564621892351	0.0522792776719	-0.0434008563716	0.00439275572131	-0.00267221364854	-0.0483451759878	0.00646459232189	-0.00686382723732	0.00860307212644	-0.00201077395776	0.0137441816882	0.032336800968	0.0856892994751	-0.0219621999174	0.0248744360479	0.0231895912195	0.0395766819053	0.0217525237819	0.0451091999485	-0.0292713087002	-0.00820610378723	0.0730188098416	-0.0337164115448	-0.0168515548483	0.0576608497767	-0.0803097351485	-0.0412601343644	-0.0430420773591	0.0220519679198	-0.0300573682128	0.0560578995392	-0.0203851985754	-0.00233954789383	0.0341648107636	0.00854824733474	-0.0410502276094	-1.13283145237e-06	0.034266737315
k__Bacteria;p__Proteobacteria;c__Betaproteobacteria;o__Burkholderiales;f__Sutterellaceae;g__Sutterella;s__Sutterella_wadsworthensis	-0.0118718780719	-0.0416542090772	0.0488270110391	-0.00369922742884	0.0133336742207	-0.0569142485458	0.00817676481954	-0.0255661318447	-0.0376121622388	-0.00227579920982	-0.0258605159365	-0.00960806176991	-0.00872857194297	0.0468180185525	-0.0542072685585	-0.0108495975715	0.0180251130824	1.0	-0.0335560681809	-0.0101819993278	0.00926849093551	0.0383599658602	-0.0192725796735	-0.00420356945625	-0.00101348223587	-0.0464688482209	0.0399833077539	-0.0415648316896	-0.0744829763967	-0.0423463117721	0.0469884544963	-0.0537753299423	-0.0390336820422	0.0166893391	-0.0569868147726	-0.0674358185926	-0.00286050774122	0.0423474459017	0.0667593889702	-0.0184124263469	-0.0534707518914	-0.0426516375377	0.00830400359057	-0.0318716786558	0.010603607982	0.0377435588798	0.0211769872122	-0.0064804764896	-0.0183224815257	-0.00754120286581	-0.0428602590071	0.0320364312035	-0.00692904013278	-0.0164802656513	0.0118471481383	-0.0115444846163	-0.0170278364505	-0.0297087910012	-0.0186885629941
k__Bacteria;p__Bacteroidetes;c__Bacteroidia;o__Bacteroidales;f__Porphyromonadaceae;g__Barnesiella;s__Barnesiella_intestinihominis	0.00406494524799	-0.0234740809099	-0.0778967876068	-0.0120472721023	0.00773227999536	0.0325838160752	-0.0325692072798	0.0582418602431	0.0511573657089	-0.0419572138732	-0.0117777315509	0.0817388492004	-0.0632840822569	0.0195739091124	-0.0706989907802	-0.0299716989505	0.00307724318898	-0.0335560681809	1.0	-0.0578660332622	0.0442774063553	-0.0222721402567	-0.0261078982484	0.0398062383132	0.00181115963679	0.00209030616775	0.00219474663658	0.0251265340634	-0.0134005985531	0.0763725567423	-0.0351551474355	0.00692437539236	-0.0372017577011	-0.0181472584033	0.0213566282118	-0.00991413684113	0.0135285981534	0.0115657505652	0.0356371316114	-0.0124223763278	-0.0262948002039	-0.0816598591091	-0.0228369625662	-0.0201607499462	0.000341358435841	-0.0197826064102	0.0202100775831	-0.0587062150723	0.00759203127657	-0.0176892192983	0.0271949592244	-0.0124409121419	0.0558743315084	-0.0287468728238	0.00259286611136	-0.00874024334113	0.043702242669	-0.0401927702211	-0.0254260535616
k__Bacteria;p__Bacteroidetes;c__Bacteroidia;o__Bacteroidales;f__Odoribacteraceae;g__Odoribacter;s__Odoribacter_splanchnicus	0.0264500993114	-0.0133508778126	-0.0338647378341	0.0149194380678	-0.0350197497706	-0.00359996601174	0.0254618939699	0.0314532863054	-0.0511748639501	0.0297193423049	0.00320677668813	0.0190537322677	-0.0191072872903	-0.00609042877182	-0.0431226154895	0.0425322381018	-0.0597837274576	-0.0101819993278	-0.0578660332622	1.0	-0.0432400483611	-0.0304163159153	0.0725176123962	-0.0100160233746	0.0360663096842	0.0306449548441	-0.0765944287714	-0.0112399841322	0.00147309974833	-0.0570031411529	-0.046887222104	-0.0664236888782	-0.0195182361699	0.0370527453984	-0.0520857190008	0.0134608643903	-0.0491644486706	-0.043813116242	-0.0572212313313	-0.0121341618276	0.00431320799167	-0.027177644911	-0.0198666088692	0.00567373319933	-0.027027744034	-0.0322398292059	-0.0454541878508	0.0281234259642	0.0390918737994	0.012684621635	-0.0360244863383	-0.00690176426597	0.028352270657	-0.0338497182851	0.00531075109242	-0.0264679899222	0.000142114243342	-0.0858174043691	0.0399549218341
k__Bacteria;p__Bacteroidetes;c__Bacteroidia;o__Bacteroidales;f__Bacteroidaceae;g__Bacteroides;s__Bacteroides_salyersiae	-0.0424428807363	-0.0260731788846	0.00150702726775	0.0031865128702	-0.0404286625388	0.021717434546	-0.0094077377186	0.0168839304154	0.0473692112855	0.0351924703294	0.0260664125439	0.067249384931	-0.000937065637029	0.0486198505785	0.0246332442691	-0.0598944449797	-0.0204101406299	0.00926849093551	0.0442774063553	-0.0432400483611	1.0	-0.00847499975348	-0.00143667443484	-0.0210039308357	-0.0386051317334	0.0259731084369	-0.0707448661369	-0.0227892644934	0.0358228221614	-0.0481445855108	-0.0171123824068	-0.00525590323274	-0.0373336087912	0.00951450408783	0.0408543805215	0.027550578895	-0.0311319394911	-0.00244181047405	-0.0333850939815	-0.0128239217366	0.00289556037599	0.0380666412276	0.0241722920797	0.047431671925	0.0601641366359	-0.122833826961	-0.0552651782253	-0.0294606836815	-0.051927328476	-0.00729404688461	-0.0198652938792	-0.0492242773658	0.034518652979	-0.049279814888	0.0304919653327	0.0603761145029	-0.0730488764625	-0.0152631004571	-0.0351529285063
k__Bacteria;p__Firmicutes;c__Clostridia;o__Clostridiales;f__Ruminococcaceae;g__Ruminiclostridium;s__[Eubacterium]_siraeum	-0.0456573342117	0.00225634433893	-0.0290056622207	-0.026654085868	0.0470912669059	0.0152900690001	0.0107668753163	-0.00046943542321	-0.0159091915619	-0.0223311321919	0.0236923863785	-0.0328087889416	-0.101770327471	-0.04090323577	0.0206171020126	0.0379138092873	-0.0564621892351	0.0383599658602	-0.0222721402567	-0.0304163159153	-0.00847499975348	1.0	-0.0693183433546	-0.0160011734554	-0.00892659017589	-0.00114873305641	-0.00211817689526	-0.0151675774389	0.033319142188	0.0111988645103	0.0933059361099	0.00926403367597	-0.0147045223952	-0.0288462590584	-0.00635004348607	0.00193106745755	-0.00912841464448	-0.0619953307572	0.00546826253904	0.0534377933801	0.0295117226119	0.0269545081878	-0.0662991223995	-0.0227401517218	-0.00287229613382	-0.000954068602244	0.0259250236159	-0.0206776656421	0.00670517132811	-0.0588328565315	-0.0636494496575	-0.00703380441309	-0.00931129574956	0.00252452207741	0.0444610391696	0.018597664999	0.0321185019447	-0.106756976408	-0.0177778499018
k__Bacteria;p__Proteobacteria;c__Betaproteobacteria;o__Burkholderiales;f__Sutterellaceae;g__Parasutterella;s__Parasutterella_excrementihominis	0.00323239547354	-0.00706577144268	0.0735225869723	0.017510557681	0.0278897219492	-0.00581126623084	-0.0276947474795	-0.0460008710045	-0.0326440912164	0.0276189638117	-0.0168625492023	-0.00125318310522	-0.039475290832	-0.0451124103578	-0.0681108153225	-0.00729016064584	0.0522792776719	-0.0192725796735	-0.0261078982484	0.0725176123962	-0.00143667443484	-0.0693183433546	1.0	-0.0136140602501	0.00119589167347	-0.000678728933941	0.00554598480586	0.00308070938738	0.0163580341605	-0.0531161516341	-0.0179098484329	0.00982282771831	-0.0271315303527	-0.0171118330806	-0.0517244386695	0.0359623221783	0.0407406207003	0.00342380261784	0.0104460423156	-0.000336454230174	0.00138242521299	-0.0885877012316	-0.00574633097765	0.0337898169599	-0.0565945100684	0.00537933518338	0.0196686357297	0.0256373968478	0.00331592710077	0.0347297374258	-0.0296956914648	-0.0505974391955	-0.0292773561576	-0.0423551311019	-0.0281039180086	-0.0204289539788	-0.040411628117	-0.0112289231298	0.0250346523943
k__Bacteria;p__Actinobacteria;c__Actinobacteria;o__Bifidobacteriales;f__Bifidobacteriaceae;g__Bifidobacterium;s__Bifidobacterium_adolescentis	0.00272823784267	0.0157630508094	-0.0515178856931	0.0389530841412	-0.0963927193676	-0.0446995522923	-0.00726945361116	0.0433960372394	-0.0188494927092	-0.0020563054944	0.0158379158423	-0.0363008022702	-0.0155385066247	0.0700372346395	-0.0146721343517	0.000822422346549	-0.0434008563717	-0.00420356945625	0.0398062383132	-0.0100160233746	-0.0210039308357	-0.0160011734554	-0.0136140602501	1.0	-0.0742557516825	-0.0559085017825	-0.0237513951883	0.0253719009787	0.0201066651195	-0.0268874639985	0.0140194869351	0.0151787284556	-0.0602182619542	-0.0458856821525	-0.0456026201524	0.0254811515742	0.00361264083944	-0.00637766335659	0.00569220107104	0.0650887612027	-0.0390965430596	-0.000384948549563	-0.0360915629232	-0.0199321128424	-0.0278737427134	1.24740448146e-05	-0.0146403224728	0.00209409869393	-0.00136170238613	0.0290439139358	-0.00244469014578	-0.0311321699208	-0.00981817602254	-0.0168882545252	0.0270827550107	0.000588015945425	-0.0061431056253	-0.0436087904858	-0.0619852007472
k__Bacteria;p__Firmicutes;c__Clostridia;o__Clostridiales;f__Oscillospiraceae;g__Oscillibacter;s__Oscillibacter_sp._KLE_1745	-0.0240603441772	0.0134345542757	-0.0229192064906	-0.0554426644965	-0.0138328289038	-0.0125088907018	0.0204573974847	-0.0460593608504	0.00253732685866	0.0261746900029	0.0606867364502	0.0303780848029	-0.0350344485096	-0.0216378053915	0.0210309628259	0.0179714988973	0.00439275572131	-0.00101348223587	0.00181115963679	0.0360663096842	-0.0386051317334	-0.00892659017589	0.00119589167347	-0.0742557516825	1.0	0.0199019404888	-0.044124446402	-0.00447942692771	-0.00448222650669	-0.0401708902794	0.0373055410481	0.00715292638134	-0.021166102244	-0.00376356079693	-0.0687102018641	0.0197828652656	0.0277249620776	0.0109231604994	-0.00150691511908	-0.0546065331651	-0.0324057480864	0.0276460566468	-0.0269581403101	0.0401407149846	0.00188557007684	0.0893676600135	-0.0631157944359	-0.0501165110435	-0.110290985063	-0.0599858508333	0.0745431991557	-0.0109418268213	0.0436773849911	-0.0280232166269	-0.0419596613054	0.00643596384095	-0.00593203072985	-0.010192832419	0.0454617412836
k__Bacteria;p__Bacteroidetes;c__Bacteroidia;o__Bacteroidales;f__Bacteroidaceae;g__Bacteroides;s__Bacteroides_coprophilus	0.0159288101018	-0.0362272164186	-0.012392943684	-0.0321755634435	-0.0561158395362	-0.015753220748	-0.00945994925316	-0.0333181323999	0.0471780580592	-0.00779795255452	0.0440720897827	-0.0140319937439	-0.0024842169249	0.0631285504596	-0.0447208042771	0.015409245458	-0.00267221364854	-0.0464688482209	0.00209030616775	0.0306449548441	0.0259731084369	-0.00114873305641	-0.000678728933941	-0.0559085017825	0.0199019404888	1.0	0.0260894719444	0.00709623009469	-0.0291546041738	0.0359631689719	0.00241409928962	-0.0573938035473	-0.00339710851674	0.0141056894106	-0.0221203878347	-0.000181169422702	0.0492770125931	-0.00670695011907	-0.0429337849582	-0.0428405081205	0.000519226973105	0.0553576189988	0.0039839558685	-0.0917832275712	0.0376456951175	-0.0556776973425	0.00573457083353	0.0481418211281	0.00129478848126	-0.045583395221	-0.00210491029539	-0.0281177622428	-0.0214373014145	-0.00650815969482	0.0402578319428	-0.0453796957013	-0.0314101779517	-0.00541696576842	-0.0143527238318
k__Bacteria;p__Firmicutes;c__Clostridia;o__Clostridiales;f__Lachnospiraceae;g__Roseburia;s__Roseburia_intestinalis	-0.0224592756192	-0.0115153993947	-0.0378057103707	-0.0565108097976	0.0990488095129	0.0328519081976	0.00621027877216	-0.0189813300335	0.0442683472411	0.011867273528	-0.0338732576826	-0.086767691883	-0.0134702295669	-0.0105477316497	0.0068426576536	0.0257323684114	-0.0483451759878	0.0399833077539	0.00219474663658	-0.0765944287714	-0.0707448661369	-0.00211817689526	0.00554598480586	-0.0237513951883	-0.044124446402	0.0260894719444	1.0	-0.00333001978742	0.00921065773589	0.00953086149659	0.0344801824547	-0.00989851757424	0.0382286409048	-0.0257201023709	-0.04965758437	0.0346605254659	-0.012306481494	-0.0459749604102	-0.034830888582	0.0192966557475	-0.0273897492076	-0.0768253726106	-0.031395764882	-0.0146853674861	0.0142603612563	-0.0133849416735	0.0444115078722	-0.0577368941071	0.00817684305094	0.00750669904887	0.00729516727506	0.00460410062189	0.0483042232646	0.0146409528021	0.0575055948854	0.0624925057568	-0.0266007201257	-0.0171058565875	-0.0431489169675
k__Bacteria;p__Firmicutes;c__Clostridia;o__Clostridiales;f__Lachnospiraceae;g__Roseburia;s__Roseburia_hominis	0.0110806505941	0.0325397051226	0.0306528248694	0.0249981110528	-0.0746808877287	-0.0333546356469	0.00883281399409	-0.0337416226	-0.0321498643156	-0.0296140827677	-0.0613417672112	-0.025652630298	0.0186751953341	-0.0465008222858	0.033202498977	-0.0340904833921	0.00646459232189	-0.0415648316896	0.0251265340634	-0.0112399841322	-0.0227892644934	-0.0151675774389	0.00308070938738	0.0253719009787	-0.00447942692771	0.00709623009469	-0.00333001978742	1.0	0.0310540044103	-0.0709252436311	0.0270580337899	0.00669958905827	-0.0218162840938	0.0294655074023	0.0202888455029	-0.000712994978921	-0.0456933404553	0.00338441188347	0.0175191034685	0.0138795320446	-0.0035441574	0.0127436348147	0.00316438454199	-0.0082105124263	-0.01580608157	-0.0405006447315	0.00910302731071	0.0411872011853	-0.0397420911371	0.0206932815112	0.0274995046053	-0.0109164816412	-0.023068313971	-0.0385628227684	-0.0381163493259	0.0280088879699	-0.0399945530163	-0.00693040651197	-0.0137406444469
k__Bacteria;p__Bacteroidetes;c__Bacteroidia;o__Bacteroidales;f__Porphyromonadaceae;g__Parabacteroides;s__Parabacteroides_johnsonii	-0.0323016922632	-0.0102380643515	0.022714568663	0.0069068466001	0.0129337704146	0.0293469459647	0.0122363614551	-0.0552693792913	-0.00398690043468	-0.0207487946141	0.0331253433878	0.0581870853764	0.0268363741139	-0.0509363919497	-0.0389488435989	-0.0120848103611	-0.00686382723732	-0.0744829763967	-0.0134005985531	0.00147309974833	0.0358228221614	0.033319142188	0.0163580341605	0.0201066651195	-0.00448222650669	-0.0291546041738	0.00921065773589	0.0310540044103	1.0	-0.0220561018428	-0.0913696928406	0.0279738077373	-0.0212945909467	-0.0183415645589	0.00156105582405	0.0398275532516	-0.0538329325034	-0.0400041423145	-0.0395629576688	0.0147666332866	0.0534559984344	0.0108019769847	-0.00121643916351	-0.0170094725414	-0.0211103053795	0.0569598828413	-0.0282513131419	0.0131701195047	-0.0220577913742	0.0412722150563	-0.0797991003772	-0.026860771534	-0.0054249865126	-0.0300848075034	0.0234822256458	-0.0522494660704	-0.0101244772786	0.00230815201251	-0.0260933669191
k__Bacteria;p__Actinobacteria;c__Actinobacteria;o__Bifidobacteriales;f__Bifidobacteriaceae;g__Bifidobacterium;s__Bifidobacterium_longum	0.00928721935848	0.0189157134556	-0.0282690746247	-0.00256846644763	-0.00693928315815	-0.0135459310246	0.025854635987	0.0380928744226	-0.00914467836943	0.0133361724868	0.049618115988	-0.0447742739509	0.00319362881854	-0.0349262461682	0.0173763065117	-0.0494867409889	0.00860307212644	-0.0423463117721	0.0763725567423	-0.0570031411529	-0.0481445855108	0.0111988645103	-0.0531161516341	-0.0268874639985	-0.0401708902794	0.0359631689719	0.00953086149659	-0.0709252436311	-0.0220561018428	1.0	0.0260183920816	-0.00639041478101	0.036149783633	-0.0269078870732	-0.0308099266594	-0.0255158493533	0.0689555163658	-0.0242263260189	0.0192029854793	0.0144617720438	-0.0253147729609	-0.0183683745283	-0.0374880726666	-0.0194808860986	-0.00838539138368	0.0717482764876	0.0150569144246	-0.0498592466917	-0.00402954876003	0.0293044995012	-0.046845168197	0.0130651385617	-0.0242778451788	0.0733734309959	0.0222643708496	-0.0737017189061	-0.0303089710073	0.0047896539719	-0.0319987917679
