#taxonomy	k__Bacteria;p__Bacteroidetes;c__Bacteroidia;o__Bacteroidales;f__Bacteroidaceae;g__Bacteroides;s__Bacteroides_vulgatus	k__Bacteria;p__Bacteroidetes;c__Bacteroidia;o__Bacteroidales;f__Bacteroidaceae;g__Bacteroides;s__Bacteroides_uniformis	k__Bacteria;p__Bacteroidetes;c__Bacteroidia;o__Bacteroidales;f__Rikenellaceae;g__Alistipes;s__Alistipes_putredinis	k__Bacteria;p__Bacteroidetes;c__Bacteroidia;o__Bacteroidales;f__Prevotellaceae;g__Prevotella;s__Prevotella_copri	k__Bacteria;p__Bacteroidetes;c__Bacteroidia;o__Bacteroidales;f__Bacteroidaceae;g__Bacteroides;s__Bacteroides_stercoris	k__Bacteria;p__Bacteroidetes;c__Bacteroidia;o__Bacteroidales;f__Bacteroidaceae;g__Bacteroides;s__Bacteroides_ovatus	k__Bacteria;p__Bacteroidetes;c__Bacteroidia;o__Bacteroidales;f__Rikenellaceae;g__Alistipes;s__Alistipes_shahii	k__Bacteria;p__Firmicutes;c__Clostridia;o__Clostridiales;f__Ruminococcaceae;g__Faecalibacterium;s__Faecalibacterium_prausnitzii	k__Bacteria;p__Bacteroidetes;c__Bacteroidia;o__Bacteroidales;f__Rikenellaceae;g__Alistipes;s__Alistipes_finegoldii	k__Bacteria;p__Bacteroidetes;c__Bacteroidia;o__Bacteroidales;f__Porphyromonadaceae;g__Parabacteroides;s__Parabacteroides_distasonis	k__Bacteria;p__Bacteroidetes;c__Bacteroidia;o__Bacteroidales;f__Bacteroidaceae;g__Bacteroides;s__Bacteroides_thetaiotaomicron	k__Bacteria;p__Bacteroidetes;c__Bacteroidia;o__Bacteroidales;f__Bacteroidaceae;g__Bacteroides;s__Bacteroides_coprocola	k__Bacteria;p__Bacteroidetes;c__Bacteroidia;o__Bacteroidales;f__Bacteroidaceae;g__Bacteroides;s__Bacteroides_cellulosilyticus	k__Bacteria;p__Bacteroidetes;c__Bacteroidia;o__Bacteroidales;f__Rikenellaceae;g__Alistipes;s__Alistipes_obesi	k__Bacteria;p__Firmicutes;c__Clostridia;o__Clostridiales;f__Lachnospiraceae;g__;s__[Eubacterium]_rectale	k__Bacteria;p__Bacteroidetes;c__Bacteroidia;o__Bacteroidales;f__Bacteroidaceae;g__Bacteroides;s__Bacteroides_plebeius	k__Bacteria;p__Bacteroidetes;c__Bacteroidia;o__Bacteroidales;f__Bacteroidaceae;g__Bacteroides;s__Bacteroides_fragilis	k__Bacteria;p__Proteobacteria;c__Betaproteobacteria;o__Burkholderiales;f__Sutterellaceae;g__Sutterella;s__Sutterella_wadsworthensis	k__Bacteria;p__Bacteroidetes;c__Bacteroidia;o__Bacteroidales;f__Porphyromonadaceae;g__Barnesiella;s__Barnesiella_intestinihominis	k__Bacteria;p__Bacteroidetes;c__Bacteroidia;o__Bacteroidales;f__Odoribacteraceae;g__Odoribacter;s__Odoribacter_splanchnicus	k__Bacteria;p__Bacteroidetes;c__Bacteroidia;o__Bacteroidales;f__Bacteroidaceae;g__Bacteroides;s__Bacteroides_salyersiae	k__Bacteria;p__Firmicutes;c__Clostridia;o__Clostridiales;f__Ruminococcaceae;g__Ruminiclostridium;s__[Eubacterium]_siraeum	k__Bacteria;p__Proteobacteria;c__Betaproteobacteria;o__Burkholderiales;f__Sutterellaceae;g__Parasutterella;s__Parasutterella_excrementihominis	k__Bacteria;p__Actinobacteria;c__Actinobacteria;o__Bifidobacteriales;f__Bifidobacteriaceae;g__Bifidobacterium;s__Bifidobacterium_adolescentis	k__Bacteria;p__Firmicutes;c__Clostridia;o__Clostridiales;f__Oscillospiraceae;g__Oscillibacter;s__Oscillibacter_sp._KLE_1745	k__Bacteria;p__Bacteroidetes;c__Bacteroidia;o__Bacteroidales;f__Bacteroidaceae;g__Bacteroides;s__Bacteroides_coprophilus	k__Bacteria;p__Firmicutes;c__Clostridia;o__Clostridiales;f__Lachnospiraceae;g__Roseburia;s__Roseburia_intestinalis	k__Bacteria;p__Firmicutes;c__Clostridia;o__Clostridiales;f__Lachnospiraceae;g__Roseburia;s__Roseburia_hominis	k__Bacteria;p__Bacteroidetes;c__Bacteroidia;o__Bacteroidales;f__Porphyromonadaceae;g__Parabacteroides;s__Parabacteroides_johnsonii	k__Bacteria;p__Actinobacteria;c__Actinobacteria;o__Bifidobacteriales;f__Bifidobacteriaceae;g__Bifidobacterium;s__Bifidobacterium_longum	k__Bacteria;p__Firmicutes;c__Clostridia;o__Clostridiales;f__;g__Flavonifractor;s__Flavonifractor_plautii	k__Bacteria;p__Firmicutes;c__Clostridia;o__Clostridiales;f__Clostridiaceae;g__Clostridium;s__Clostridium_phoceensis	k__Bacteria;p__Verrucomicrobia;c__Verrucomicrobiae;o__Verrucomicrobiales;f__Akkermansiaceae;g__Akkermansia;s__Akkermansia_muciniphila	k__Bacteria;p__Bacteroidetes;c__Bacteroidia;o__Bacteroidales;f__Prevotellaceae;g__Paraprevotella;s__Paraprevotella_xylaniphila	k__Bacteria;p__Firmicutes;c__Clostridia;o__Clostridiales;f__Ruminococcaceae;g__Ruminococcus;s__Ruminococcus_callidus	k__Bacteria;p__Bacteroidetes;c__Bacteroidia;o__Bacteroidales;f__Rikenellaceae;g__Alistipes;s__Alistipes_senegalensis	k__Bacteria;p__Firmicutes;c__Clostridia;o__Clostridiales;f__Lachnospiraceae;g__Blautia;s__Blautia_sp._KLE_1732	k__Bacteria;p__Bacteroidetes;c__Bacteroidia;o__Bacteroidales;f__Bacteroidaceae;g__Bacteroides;s__Bacteroides_oleiciplenus	k__Bacteria;p__Firmicutes;c__Clostridia;o__Clostridiales;f__Ruminococcaceae;g__Ruminococcus;s__Ruminococcus_bicirculans	k__Bacteria;p__Bacteroidetes;c__Bacteroidia;o__Bacteroidales;f__Bacteroidaceae;g__Bacteroides;s__Bacteroides_fluxus	k__Bacteria;p__Bacteroidetes;c__Bacteroidia;o__Bacteroidales;f__Prevotellaceae;g__Prevotella;s__Prevotella_stercorea	k__Bacteria;p__Firmicutes;c__Clostridia;o__Clostridiales;f__Lachnospiraceae;g__Dorea;s__Dorea_longicatena	k__Bacteria;p__Firmicutes;c__Clostridia;o__Clostridiales;f__Eubacteriaceae;g__Eubacterium;s__[Eubacterium]_eligens	k__Bacteria;p__Firmicutes;c__Clostridia;o__Clostridiales;f__Ruminococcaceae;g__;s__Ruminococcaceae_bacterium_D16	k__Bacteria;p__Firmicutes;c__Clostridia;o__Clostridiales;f__Lachnospiraceae;g__Coprococcus;s__Coprococcus_comes	k__Bacteria;p__Proteobacteria;c__Gammaproteobacteria;o__Enterobacterales;f__Enterobacteriaceae;g__Escherichia;s__Escherichia_coli	k__Bacteria;p__Firmicutes;c__Clostridia;o__Clostridiales;f__Ruminococcaceae;g__Anaerotruncus;s__Anaerotruncus_colihominis	k__Bacteria;p__Firmicutes;c__Clostridia;o__Clostridiales;f__Lachnospiraceae;g__Blautia;s__Blautia_obeum	k__Bacteria;p__Bacteroidetes;c__Bacteroidia;o__Bacteroidales;f__Odoribacteraceae;g__Odoribacter;s__Odoribacter_laneus	k__Bacteria;p__Firmicutes;c__Clostridia;o__Clostridiales;f__Ruminococcaceae;g__Ruminiclostridium;s__[Clostridium]_leptum	k__Bacteria;p__Bacteroidetes;c__Bacteroidia;o__Bacteroidales;f__Porphyromonadaceae;g__Parabacteroides;s__Parabacteroides_goldsteinii	k__Bacteria;p__Firmicutes;c__Clostridia;o__Clostridiales;f__Lachnospiraceae;g__Anaerostipes;s__Anaerostipes_hadrus	k__Bacteria;p__Firmicutes;c__Clostridia;o__Clostridiales;f__Ruminococcaceae;g__Ruminococcus;s__Ruminococcus_lactaris	k__Bacteria;p__Firmicutes;c__Clostridia;o__Clostridiales;f__Clostridiaceae;g__Clostridium;s__Clostridium_sp._L2-50	k__Bacteria;p__Firmicutes;c__Clostridia;o__Clostridiales;f__Clostridiaceae;g__Clostridium;s__Clostridium_sp._M62/1	k__Bacteria;p__Firmicutes;c__Clostridia;o__Clostridiales;f__;g__Intestinimonas;s__Intestinimonas_butyriciproducens	k__Bacteria;p__Actinobacteria;c__Actinobacteria;o__Bifidobacteriales;f__Bifidobacteriaceae;g__Bifidobacterium;s__Bifidobacterium_bifidum	k__Bacteria;p__Firmicutes;c__Negativicutes;o__Veillonellales;f__Veillonellaceae;g__Dialister;s__Dialister_invisus	k__Bacteria;p__Bacteroidetes;c__Bacteroidia;o__Bacteroidales;f__Bacteroidaceae;g__Bacteroides;s__Bacteroides_salanitronis
k__Bacteria;p__Bacteroidetes;c__Bacteroidia;o__Bacteroidales;f__Bacteroidaceae;g__Bacteroides;s__Bacteroides_vulgatus	1.0	-0.033024543472	-0.0213983985668	0.0119935921119	0.000901600076909	0.03053087883	-0.0174131431431	0.11066459093	-0.0529417393032	-0.0714443088812	0.0514882743306	-0.0103637821755	-0.0215744341328	-0.00337132714958	-0.00126827969094	-0.0746121795509	0.0284579618504	0.0218604432381	0.0426380125165	-0.0461287028299	0.0066974574321	-0.0247963143493	-0.0415384277637	0.00748369291665	-0.0723748560323	-0.0240789888168	0.0210704253192	0.0407704762666	-0.0281895821796	-0.0390853180641	0.0218676117713	0.00841075208715	0.000538422836015	0.00873395406946	-0.0245754321605	-0.038188448901	0.0760220542387	0.0260191111348	-0.0550972020897	0.0109848737594	-0.0210539227836	0.0189128016431	-0.0198597500775	-0.0658384968292	-0.0107429887849	-0.135179847688	-0.0168007096054	-0.00753066974865	-0.0193291595385	0.0549018669536	0.0172061588899	-0.0632344132591	-0.04354093627	-0.027718985612	-0.0243901383141	0.016865888614	0.0213490680315	-0.077239225439	-0.00958820974465
k__Bacteria;p__Bacteroidetes;c__Bacteroidia;o__Bacteroidales;f__Bacteroidaceae;g__Bacteroides;s__Bacteroides_uniformis	-0.033024543472	1.0	0.0341721334666	0.00843025986742	-0.0652652592393	0.0278521030699	-0.0364381213474	0.00224448515495	0.00311084293717	-0.0593099011949	0.0170965170872	-0.043186192341	-0.00475863819266	0.0193870779069	0.0028810988372	-0.0431023616069	0.0547066774075	0.0597246105861	0.0193838180745	0.0301103641578	0.0274064401168	0.000976802930499	0.0235884200451	-0.00665678578104	0.0289410252193	-0.0254842983579	-0.0464207615406	-0.0568850349406	0.0364119277924	0.0320208222356	-0.0320600881353	0.0229078462047	-0.0572811375591	0.0376626628736	0.0339131693959	-0.0552924953126	0.00320825673647	0.0372370583097	-0.0408307375718	0.00628214775828	0.00702777614466	0.00991915425828	-0.0873184617087	0.000264693310773	-0.0153463312313	0.0153109479359	0.0235933001442	-0.0231239599314	0.0174017553124	-0.0297152943843	0.0309238146903	0.0266722302432	0.0663778636999	-0.0244392537158	-0.0638559706601	-0.0173796538329	0.00233268466722	-0.0614157372325	-0.0372815738209
k__Bacteria;p__Bacteroidetes;c__Bacteroidia;o__Bacteroidales;f__Rikenellaceae;g__Alistipes;s__Alistipes_putredinis	-0.0213983985668	0.0341721334666	1.0	-0.0221135553931	0.0107681861521	0.0714929500749	0.00984662726946	-0.0238879763046	-0.0566214760893	0.0201701181369	-0.0171267467278	0.0138770752283	-0.0258827090883	-0.0582858650113	-0.0425696513059	-0.000478702192173	0.0133987313093	-0.0353151072037	-0.0378828777652	0.0105509890833	-0.0113014947489	-0.00742629247924	0.00756195913311	0.0115108308303	-0.0215027432235	0.0117669194992	-0.0390657469933	-0.0228428558581	-0.00474270704175	0.0456102691504	-0.0392502213028	0.0508613226938	0.0250481003139	-0.0314433022348	-0.0305044515671	-0.00534694443628	-0.00930741277667	-0.0150054726428	0.0894754224942	-0.0571326311998	0.0427321483272	-0.00254448055578	0.0243439756722	-0.0435278760965	-0.0251170321023	0.0338422492552	0.0688651499389	0.0692138890497	-0.0173948111235	-0.000872390584682	-0.0383147257541	-0.0271274196705	0.0009775320344	0.021629692257	0.0121966589038	-0.0483855412091	-0.0314098962636	-0.0561940119314	0.00293935983347
k__Bacteria;p__Bacteroidetes;c__Bacteroidia;o__Bacteroidales;f__Prevotellaceae;g__Prevotella;s__Prevotella_copri	0.0119935921119	0.00843025986742	-0.0221135553931	1.0	0.00695227262398	-0.0210538557263	-0.0126239205931	-0.0333940993592	0.0481648842695	-0.0435761913555	-0.0337096732405	-0.0109680826611	-0.00451970872403	-0.0448773413781	-0.0178171957324	-0.0166791314994	0.0565642631595	-0.0111957074691	0.0157717822313	-0.00746545961528	-0.0106039252435	-0.0483149618493	-0.0364451550952	0.02145482853	0.0199579859362	0.00283085352387	0.00195273092881	0.00242167100179	0.0196945197628	0.0101926456542	0.0792460470778	-0.0627466300648	-0.0703266370603	-0.0472033850315	0.0233318336108	0.0247214504791	-0.0825541339008	0.0559330225842	-0.0357775135783	-0.0115008422937	-0.0325906073894	-0.0199443900736	-0.0253216049671	-0.0933332978784	0.0206577885357	-0.0447797182658	0.0542594827918	-0.0252309672283	-0.0179876517247	0.0277597147366	0.0414467715353	0.0566475203776	0.027121226775	0.0166917647088	-0.0322874479792	0.0139367972535	0.0380497668617	-0.0206768847905	-0.0152293141192
k__Bacteria;p__Bacteroidetes;c__Bacteroidia;o__Bacteroidales;f__Bacteroidaceae;g__Bacteroides;s__Bacteroides_stercoris	0.000901600076909	-0.0652652592393	0.0107681861521	0.00695227262398	1.0	-0.0213510264501	0.0532880000186	0.00303029066266	-0.0908273950003	-0.00968463625361	-0.0247479088237	0.00346511024187	0.0187736239311	-0.00143154979689	0.0392278455742	-0.00574304277343	0.0313689827146	0.0568198467548	-0.0558822815656	-0.0564293873998	-0.0647407247536	0.00187018613343	0.00741256389097	-0.0431248431365	0.0241273380714	-0.0132124355539	0.0350005215154	-0.0318764361187	-0.0688817279125	-0.0294573324759	0.013563428931	-0.0160908715693	0.00762067832297	0.045289846274	0.0254830803018	0.0192221043126	-0.0369831821928	0.0020648250037	-0.0784448581328	0.0684572542826	-0.0186199243523	-0.0375265719021	-0.0608657752347	-0.0681806933917	-0.00120447735312	0.0619783012844	-0.00771109951772	-0.00329723754882	-0.0414188627977	0.020244998902	-0.0329470757937	0.0834963658874	0.0168879791447	-0.0351039259741	0.0176963471528	-0.0515476138638	-0.0477483020795	-0.0186980503471	-0.0548962019297
k__Bacteria;p__Bacteroidetes;c__Bacteroidia;o__Bacteroidales;f__Bacteroidaceae;g__Bacteroides;s__Bacteroides_ovatus	0.03053087883	0.0278521030699	0.0714929500749	-0.0210538557263	-0.0213510264501	1.0	-0.0524631970791	-0.0109700982215	0.0156368060386	-0.000684210394481	0.00301834418558	0.0361192570866	-0.0299519364738	0.00311712699459	0.000397942541531	0.0357729354579	0.00519191655196	-0.0919733468663	-0.0059599551425	-0.0248814889707	-0.00555248891229	0.0212473107536	-0.0469311695237	-0.110442370196	0.0375735659621	0.0170172435749	-0.0369564615761	-0.0370325872658	0.0442546846817	-0.0835160408038	-0.00286284272284	0.00745686175041	-0.0160881671159	-0.0593767627063	-0.000324017425223	0.0125656481854	0.040363006441	-0.0232919139061	-0.038841240556	-0.0254986308149	0.0640526186809	-0.0155922468329	0.00817162443874	-0.0297630859184	0.0151229959815	0.019788937141	-0.0792765035483	-0.0491517606387	0.00454443409926	0.0300534929893	-0.0441567696533	-0.000331483114179	-0.0530370417491	0.0438219864179	0.0573456778279	0.0355207220533	-0.0440954862536	0.0355894752102	0.0274849671185
k__Bacteria;p__Bacteroidetes;c__Bacteroidia;o__Bacteroidales;f__Rikenellaceae;g__Alistipes;s__Alistipes_shahii	-0.0174131431431	-0.0364381213474	0.00984662726946	-0.0126239205931	0.0532880000186	-0.0524631970791	1.0	-0.00811420710573	-0.0296630860735	-0.00984319690023	0.0227226726727	0.0391419368386	0.060460735405	-0.0242995472273	-0.0316790800886	-0.00524957393585	-0.0011085824799	0.0398781985303	-0.0091460971817	-0.0165774578198	0.0396142141057	-0.0565392601971	-0.00918068542881	0.0256143052206	0.0250760568447	0.00706910318661	-0.0215817646348	-0.035449039668	0.00515440941772	0.00577965810775	-0.0461168948042	0.0529598638731	-0.0313928567963	-0.0164930758481	0.0137638285196	-0.0151353865062	-0.0908996857947	-0.10538267989	0.0128724136901	0.0114210088391	-0.00281198779324	-0.0306427001659	-0.0011422175115	-0.0783689410256	-0.0369645040958	0.0426665876785	0.00251655652263	0.0678395951166	0.000437117682443	-0.0765078841031	-0.12630831067	-0.0274142142488	-0.0157622372213	0.0560205235318	-0.0397879732619	-0.0344849436734	-0.0182472537438	0.0089203253467	-0.0349057493352
k__Bacteria;p__Firmicutes;c__Clostridia;o__Clostridiales;f__Ruminococcaceae;g__Faecalibacterium;s__Faecalibacterium_prausnitzii	0.11066459093	0.00224448515495	-0.0238879763046	-0.0333940993592	0.00303029066266	-0.0109700982215	-0.00811420710573	1.0	-0.0545793041307	0.0684574904998	-0.019549103945	-0.0219182817545	-0.0176532003591	0.0147275243245	-0.0265034699888	-0.00222022806093	-0.0200496035041	-0.0300317690998	-0.045061667357	0.0645300095401	0.0306245623335	-0.00764698592049	-0.122558293157	-0.0699089492308	0.00196660549495	-0.0328221028393	0.00797672289922	-0.0475453570264	0.0513312827818	0.0395544630337	-0.00404435169509	0.0596163452318	-0.011061517566	0.00659647221511	-0.0680505826257	0.0259467505837	0.0645976882626	0.0784196645972	0.0288602056586	-0.0189485165177	-0.0238891514567	-0.0357724982985	-0.0666826535076	-0.00940480787922	-0.102364378458	-0.050596758182	0.0322482133814	0.0453874132771	0.0205869936541	0.0215185359929	0.0338947626512	0.00835260278076	-0.0156641101191	-0.00599064097394	-0.0396854391114	-0.0112725738943	-0.025630945736	-0.0379340842865	-0.00939506120351
k__Bacteria;p__Bacteroidetes;c__Bacteroidia;o__Bacteroidales;f__Rikenellaceae;g__Alistipes;s__Alistipes_finegoldii	-0.0529417393032	0.00311084293717	-0.0566214760893	0.0481648842695	-0.0908273950003	0.0156368060386	-0.0296630860735	-0.0545793041307	1.0	-0.00393365305354	0.031178208514	-0.0119709874943	0.0151929987011	-0.0447752278188	-0.000277729255014	0.0253648509846	0.0492015221537	-0.0515979006798	-0.0808497414896	-0.0788615416013	-0.00518148297091	0.0695095020185	-0.018325421879	-0.0356874119855	0.000936243409004	-0.00646780310812	0.00172213071141	0.00716801457173	0.0329279755404	0.00505848928061	-0.0316256647078	-0.0479240255883	0.0972428888577	-0.0254778030067	0.000536038767837	-0.0140681946701	0.0246619327151	-0.0133793393584	0.0629933692789	-0.0133404399411	-0.0230840721591	-0.00610299522715	0.0160786564593	-0.0121293106259	0.055850045617	-0.056239605839	0.0095201794657	0.0400618441705	-0.00336368725755	0.015101794524	-0.0268296859971	0.0398640532459	-0.0932527736246	-0.0314073942402	-0.0242710513551	-0.0888594556266	0.0133754366949	-0.0233516617672	0.0188643626668
k__Bacteria;p__Bacteroidetes;c__Bacteroidia;o__Bacteroidales;f__Porphyromonadaceae;g__Parabacteroides;s__Parabacteroides_distasonis	-0.0714443088812	-0.0593099011949	0.0201701181369	-0.0435761913555	-0.00968463625361	-0.000684210394481	-0.00984319690023	0.0684574904998	-0.00393365305354	1.0	-0.00633656140582	0.0128314130192	-0.0182634440197	0.016934584219	0.0321797135996	-0.0167136837865	-0.021126739707	0.0135395163166	-0.021516596487	-0.0218212932238	0.0685581663275	-0.0237373860824	0.0167208040352	-0.00170607897976	-0.0455702005592	0.0388017654268	-0.0161732326075	-0.0519481054775	-0.0422400224919	-0.0240431374965	-0.0252701151773	-0.0265240948316	0.00179803706612	-0.023913404794	-0.00289131211035	-0.0221733729775	-0.0165219103357	0.00782382416628	-0.0209996854561	-0.0180349426595	0.0324303378172	-0.0232565705318	-0.00559429331739	0.0321988753737	-0.0198015967172	0.0513844084111	0.0124806849721	-0.0786360124783	0.00551004351405	-0.0196401600245	0.00277177918866	-0.00630935520702	-0.0654407948474	-0.0466087967255	0.00253805124819	0.00128757452721	-0.0708381334924	-0.0556201038052	0.0156253526376
k__Bacteria;p__Bacteroidetes;c__Bacteroidia;o__Bacteroidales;f__Bacteroidaceae;g__Bacteroides;s__Bacteroides_thetaiotaomicron	0.0514882743306	0.0170965170872	-0.0171267467278	-0.0337096732405	-0.0247479088237	0.00301834418558	0.0227226726727	-0.019549103945	0.031178208514	-0.00633656140582	1.0	0.0506534977518	0.00966737385469	-0.0575333435651	-0.0472737763688	-0.0917139352435	0.0179536939619	-0.0509479400018	-0.0109573866889	-0.0097973480339	0.0211275111344	0.0166280938171	-0.0430820050903	0.0123402938868	-0.020934795576	-0.00669997824941	-0.0332515416489	0.0551037933196	-0.0683390397586	-0.0164029195277	-0.0378619173969	-0.0629361287359	-0.00894891527692	0.0939339960264	-0.00629506706948	0.0277489518652	-0.00242060935991	0.00986067812405	0.0324124747855	-0.0694483651941	0.00348059947329	-0.0650639097149	0.0543034362755	0.018411879688	-0.028975291531	-0.0258597046611	-0.0275682731069	-0.000571820661538	-0.0243763947612	0.0155149919254	-0.00586093401488	0.0272141602363	-0.0620453506454	-0.0653302111429	0.0666423916898	-0.0633441199225	0.0117809512515	-0.0296566181497	-0.0119684783403
k__Bacteria;p__Bacteroidetes;c__Bacteroidia;o__Bacteroidales;f__Bacteroidaceae;g__Bacteroides;s__Bacteroides_coprocola	-0.0103637821755	-0.043186192341	0.0138770752283	-0.0109680826611	0.00346511024187	0.0361192570866	0.0391419368386	-0.0219182817545	-0.0119709874943	0.0128314130192	0.0506534977518	1.0	0.011856487919	-0.0101695000039	-0.0547414229684	-0.0361825879224	0.00514526505648	0.0257584522827	-0.034569032743	0.0112779861289	-0.0194320787334	-0.0541817570585	-0.0384294145359	0.00658069067027	-0.0577606578304	0.0106765096824	-0.0869678001775	-0.055675114156	-0.0203359257251	-0.0846201672013	-0.020520411258	-0.0159592794808	0.00899222980894	-0.0454104191936	-0.00833314877743	-0.00172872392343	0.0284806239056	0.0501133688144	0.00268811197269	-0.00602669860934	-0.0227716455817	-0.044466453304	-0.0282663791417	-0.0564843039996	0.0185813377144	-0.0311208243479	-0.00792415913605	0.0132838330142	-0.0115783540964	0.00825145972819	-0.00512987319568	0.0416732340743	0.0069428391418	-0.0859443944693	0.00262122945976	-0.0358507004866	-0.0598870881321	-0.0565431625104	0.0313926038352
k__Bacteria;p__Bacteroidetes;c__Bacteroidia;o__Bacteroidales;f__Bacteroidaceae;g__Bacteroides;s__Bacteroides_cellulosilyticus	-0.0215744341328	-0.00475863819266	-0.0258827090883	-0.00451970872403	0.0187736239311	-0.0299519364738	0.060460735405	-0.0176532003591	0.0151929987011	-0.0182634440197	0.00966737385469	0.011856487919	1.0	0.0219163749236	-0.0242791958909	-0.0187958981887	0.00415050015059	-0.0146128549754	-0.070867207751	-0.0617648212896	2.72023154063e-05	-0.00748960685332	-0.000805775508602	0.0444491729692	0.008266845046	0.0143338446515	0.0206480084601	-0.0233484382252	-0.0424361311868	-0.0172866221843	0.00904274226312	-0.043404729752	0.0272652878908	0.0350928933377	-0.0910776076405	-0.0615695808147	0.00339867655907	0.0123951215633	-0.0742319761298	0.0397966268242	-0.0513286215491	0.0957854163096	-0.0160123800314	0.0021888562698	-0.0326936199799	0.0355403733039	0.022209589627	-0.0929855594792	-0.0102734608599	-0.0305652062695	0.0601207658897	-0.0533380624241	0.0704887577905	0.00625585332026	-0.0357053202627	0.0702026396269	0.0241311780605	-0.0261774661428	-0.0234409770289
k__Bacteria;p__Bacteroidetes;c__Bacteroidia;o__Bacteroidales;f__Rikenellaceae;g__Alistipes;s__Alistipes_obesi	-0.00337132714958	0.0193870779069	-0.0582858650113	-0.0448773413781	-0.00143154979689	0.00311712699459	-0.0242995472273	0.0147275243245	-0.0447752278188	0.016934584219	-0.0575333435651	-0.0101695000039	0.0219163749236	1.0	-0.0021704032024	-0.0489261646652	0.0605276521696	0.0244345679536	0.00737175895471	-0.0750324422655	0.00706241155779	-0.000847797276164	0.0418107238054	0.0364463337675	-0.0275285081361	-0.0299362330205	0.0350667440361	-0.023164711923	-0.0231184024668	-0.00558489304029	-0.016540145616	-0.0336555195091	0.0466271698837	0.0303944242471	0.00855081607086	-0.0193788540579	0.00644116899902	-0.0314760837507	0.0503280848948	-0.00816913936906	-0.0763652885631	-0.0167135321632	-0.0638334553596	0.000683087187425	0.041086775731	-0.00243755837137	-0.0288115285709	-0.00165356814416	0.0250179924803	-0.0657802137159	-0.0443069106861	-0.00401393031472	-0.0289285909608	0.0700748629711	-0.000764160391945	0.0134450434349	0.00530358101694	-0.0324234498858	0.0286631152114
k__Bacteria;p__Firmicutes;c__Clostridia;o__Clostridiales;f__Lachnospiraceae;g__;s__[Eubacterium]_rectale	-0.00126827969094	0.0028810988372	-0.0425696513059	-0.0178171957324	0.0392278455742	0.000397942541531	-0.0316790800886	-0.0265034699888	-0.000277729255014	0.0321797135996	-0.0472737763688	-0.0547414229684	-0.0242791958909	-0.0021704032024	1.0	0.0513625469458	-0.033895795081	0.0172929497394	-0.0644589310586	-0.0376789825801	-0.0217761876402	-0.000947593983991	0.0217939948366	-0.0720592150609	-0.0592890923451	0.00634949621129	0.0163274999436	-0.0520526553855	0.0122805951967	-0.081829339158	-0.0197973001907	-0.0207070057134	-0.024687449991	-0.0438581881293	0.012034166925	0.0244851230059	-0.0280195477769	0.0471163245609	-0.0111159100981	-0.00725574698548	0.0191704558319	-0.0117024530704	0.0195239982399	-0.0664674882945	-0.00613322008896	-0.0170922996853	0.0111617478161	-0.0032119642686	0.0102384504285	0.0688902698561	-0.0153547239742	-0.0135576845887	0.00841778905874	0.0193865050942	-0.0449665350131	0.0050329063379	-0.00959177001348	0.00114044758423	0.0190770366459
k__Bacteria;p__Bacteroidetes;c__Bacteroidia;o__Bacteroidales;f__Bacteroidaceae;g__Bacteroides;s__Bacteroides_plebeius	-0.0746121795509	-0.0431023616069	-0.000478702192173	-0.0166791314994	-0.00574304277343	0.0357729354579	-0.00524957393585	-0.00222022806093	0.0253648509846	-0.0167136837865	-0.0917139352435	-0.0361825879224	-0.0187958981887	-0.0489261646652	0.0513625469458	1.0	-0.0290824406063	0.016014314124	-0.0213442858135	-0.00457989112336	-0.0137426441221	-0.0411334894984	0.0114034299667	-0.029498367501	-0.00865369535216	0.0162672001577	-0.00298970405193	0.0199916320768	0.0322629197488	0.0410651293613	0.00228693038498	0.06823751412	-0.0362886603123	-0.0364713514712	0.02309589787	-0.0351813920458	-0.035342697458	0.0515595584886	0.0339869076327	0.00638291371216	0.0379301468428	0.00906998623232	0.0423730016429	0.00948411503713	0.0454108129762	-0.00714543673387	-0.0267445470372	-0.05157351262	-0.0176725737708	0.0366456607441	-0.0235806735747	-0.0335781902837	-0.0341708360829	0.00492693699392	0.0308705872515	-0.00444921111591	-0.022254072401	-0.0718643748285	-0.0153110619022
k__Bacteria;p__Bacteroidetes;c__Bacteroidia;o__Bacteroidales;f__Bacteroidaceae;g__Bacteroides;s__Bacteroides_fragilis	0.0284579618504	0.0547066774075	0.0133987313093	0.0565642631595	0.0313689827146	0.00519191655196	-0.0011085824799	-0.0200496035041	0.0492015221537	-0.021126739707	0.0179536939619	0.00514526505648	0.00415050015059	0.0605276521696	-0.033895795081	-0.0290824406063	1.0	-0.0313270916786	0.0213862690152	-0.0261412131796	-0.0278186017262	0.0300532557516	-0.0634938636921	-0.00110576209278	0.0125350846676	-0.0718571131193	0.0331950839809	-0.0128533647057	0.0576665213034	0.0438587471893	-0.0170682699585	-0.00207924214026	-0.0145594357715	-0.0246696427866	-0.0179788384692	0.00297693317416	-0.0198850842502	-0.029050697981	-0.0609517043359	0.0431731687531	-0.0425578143253	-0.0330938961612	-0.000955859935957	0.0606216093002	-0.0267035053357	0.0278939222494	0.0299899402138	-0.0251290258242	-0.0522571707202	0.0254692200951	0.0422705125536	-0.0302261608749	-0.0450440379797	-0.0144106774446	-0.000263720032893	-0.0122995861939	-0.0381360402479	0.0367729769927	0.0339241084407
k__Bacteria;p__Proteobacteria;c__Betaproteobacteria;o__Burkholderiales;f__Sutterellaceae;g__Sutterella;s__Sutterella_wadsworthensis	0.0218604432381	0.0597246105861	-0.0353151072037	-0.0111957074691	0.0568198467548	-0.0919733468663	0.0398781985303	-0.0300317690998	-0.0515979006798	0.0135395163166	-0.0509479400018	0.0257584522827	-0.0146128549754	0.0244345679536	0.0172929497394	0.016014314124	-0.0313270916786	1.0	0.0551717470668	-0.0504812823382	-0.020393818628	-0.043315233826	0.0321988305014	0.0169953383626	0.00786834521023	0.0387898549075	0.00438599345986	0.0113375536801	0.00234336543598	-0.0307272342666	0.0377019563002	0.0131067450931	0.0392727458269	0.0279768232621	0.00804963136964	-0.00314855302071	-0.0135831098174	-0.0410864094858	-0.0273978380878	-0.00992333219626	-0.0644987075756	0.00750920263466	-0.0101720448814	-0.0410491603003	0.0450503777647	-0.00864131779525	-0.0201263590659	-0.0263902017995	-0.0318902282448	0.000657148475734	-0.0310943050491	-0.0883252952173	0.0288041633723	-0.0245354508658	0.0358642583617	0.0358671448414	-0.0443524020009	-0.00173496989112	0.0336727156785
k__Bacteria;p__Bacteroidetes;c__Bacteroidia;o__Bacteroidales;f__Porphyromonadaceae;g__Barnesiella;s__Barnesiella_intestinihominis	0.0426380125165	0.0193838180745	-0.0378828777652	0.0157717822313	-0.0558822815656	-0.0059599551425	-0.0091460971817	-0.045061667357	-0.0808497414896	-0.021516596487	-0.0109573866889	-0.034569032743	-0.070867207751	0.00737175895471	-0.0644589310586	-0.0213442858135	0.0213862690152	0.0551717470668	1.0	-0.0211366222695	0.0530763014172	0.0441112260395	0.0101125544956	-0.0137978591263	-0.0445918431164	0.0164289937872	-0.0335868896904	0.070766584214	-0.0289687877503	-0.0354678896281	0.0238184246049	-0.00970236960031	-0.024683905244	-0.0300437698592	0.0133736663373	-0.0761220813154	0.0134346169361	-0.0178195311922	-0.015051138076	-0.0208812004262	-0.0431773598921	5.17042119977e-05	-0.0118354676619	-0.0274214082624	0.0169990936592	-0.0759532375125	0.00238722083136	0.0174871284629	0.0122528013777	-0.0494816850413	0.00685402058656	0.00973050645342	0.00142108364156	0.0344241152962	-0.0196289874193	-0.00737631017837	-0.0489075148543	-0.0173614947707	-0.0307104430035
k__Bacteria;p__Bacteroidetes;c__Bacteroidia;o__Bacteroidales;f__Odoribacteraceae;g__Odoribacter;s__Odoribacter_splanchnicus	-0.0461287028299	0.0301103641578	0.0105509890833	-0.00746545961528	-0.0564293873998	-0.0248814889707	-0.0165774578198	0.0645300095401	-0.0788615416013	-0.0218212932238	-0.0097973480339	0.0112779861289	-0.0617648212896	-0.0750324422655	-0.0376789825801	-0.00457989112336	-0.0261412131796	-0.0504812823382	-0.0211366222695	1.0	-0.0509490085035	-0.0736209776628	0.0324479705229	-0.0187343333692	0.0751682433635	-0.0465258883629	-0.000406479009325	0.00830855744004	0.00686624767801	-0.0182825225142	-0.00609202849207	-0.0768042916199	0.00564641757981	-0.0124094837139	0.0207516534892	0.0108783949342	-0.0287501870043	-0.0295217583447	0.0506354591459	0.0180861498062	0.00476053042796	0.037765541604	0.0154312257634	0.0390676705523	0.0167737905405	-0.0500227014231	0.0196463879811	-0.019544914139	0.00192061371392	0.0100062424778	0.000506214979693	0.00649362894983	-0.00982626605266	-0.0497951185692	-0.0285437101717	0.0104487376424	-0.0739675248107	-4.98764200974e-05	-0.00631366493956
k__Bacteria;p__Bacteroidetes;c__Bacteroidia;o__Bacteroidales;f__Bacteroidaceae;g__Bacteroides;s__Bacteroides_salyersiae	0.0066974574321	0.0274064401168	-0.0113014947489	-0.0106039252435	-0.0647407247536	-0.00555248891229	0.0396142141057	0.0306245623335	-0.00518148297091	0.0685581663275	0.0211275111344	-0.0194320787334	2.72023154064e-05	0.00706241155779	-0.0217761876402	-0.0137426441221	-0.0278186017262	-0.020393818628	0.0530763014172	-0.0509490085035	1.0	-0.0527590282795	-0.0620875341954	-0.0801633984765	-0.0322339069227	-0.0435101721831	0.0124343487948	0.0181744377604	-0.0406948836518	-0.0128417425531	0.0673470438497	-0.0869074966018	-0.00401409874867	-0.0153216006058	0.062080598351	-0.0646162947946	0.0497514835183	0.0280864781582	-0.0307860651819	0.0393771352446	-0.0449526732641	0.0390120196942	-0.0772809363321	-0.0801770070734	0.0148749939887	-0.0108176319002	-0.0121962006259	0.0316742386398	0.0273139511627	0.0201972248916	-0.0303723346295	-0.0249247367103	-0.0369481928082	-0.0187939925323	-0.0102827445496	-0.0213741784768	-0.0395932897635	-0.0287852441164	-0.00477397836016
k__Bacteria;p__Firmicutes;c__Clostridia;o__Clostridiales;f__Ruminococcaceae;g__Ruminiclostridium;s__[Eubacterium]_siraeum	-0.0247963143493	0.000976802930499	-0.00742629247924	-0.0483149618493	0.00187018613343	0.0212473107536	-0.0565392601971	-0.00764698592049	0.0695095020185	-0.0237373860824	0.0166280938171	-0.0541817570585	-0.00748960685332	-0.000847797276164	-0.000947593983991	-0.0411334894984	0.0300532557516	-0.043315233826	0.0441112260395	-0.0736209776628	-0.0527590282795	1.0	0.00449743478199	-0.0393977715537	-0.052529980828	-0.00929342912066	-0.0351681734396	-0.0321432956257	-0.0330547801864	-0.0326230762775	-0.0187057978676	-0.109288980077	-0.0756609187172	0.0016387550205	0.0127158485499	-0.000896642915333	0.0017367016788	-0.0519521986022	0.0472857085078	0.0342053550788	-0.0932519638934	0.0123092725777	0.00602547199366	-0.0444869760333	-0.00202265969313	0.00259145692879	-0.00710681161934	0.0232160872318	0.0225349693863	0.00557780434476	0.0401211642617	-0.000936162517989	-0.0157621055398	-0.0346116828837	0.019285511598	0.0166206855714	0.0287863108777	-0.0558813018383	-0.0206899193252
k__Bacteria;p__Proteobacteria;c__Betaproteobacteria;o__Burkholderiales;f__Sutterellaceae;g__Parasutterella;s__Parasutterella_excrementihominis	-0.0415384277637	0.0235884200451	0.00756195913311	-0.0364451550952	0.00741256389097	-0.0469311695237	-0.00918068542881	-0.122558293157	-0.018325421879	0.0167208040352	-0.0430820050903	-0.0384294145359	-0.000805775508602	0.0418107238054	0.0217939948366	0.0114034299667	-0.0634938636921	0.0321988305014	0.0101125544956	0.0324479705229	-0.0620875341954	0.00449743478199	1.0	-0.056623148569	0.0197803221995	-0.0796596670116	0.0214121870613	-0.0198186114311	-0.0607043542284	-0.0418486530333	0.0165379798832	0.0272071091433	0.00283111675507	-0.0252645446217	-0.043572971846	0.0691645659578	-0.0208287304973	-0.0211055318668	0.01096239726	0.014751353486	-0.00298903142807	-0.0153498056344	-0.0232417774456	0.00810763226998	-0.0552025812085	0.00123063801817	0.0642849626175	0.0391281761512	0.0435799475605	-0.0313748380246	-0.0991959475371	-0.0106569596909	0.0390321370626	0.0393095680862	0.0222307643421	0.0387861020251	0.0438441786176	-0.0447726590848	-0.0339354963871
k__Bacteria;p__Actinobacteria;c__Actinobacteria;o__Bifidobacteriales;f__Bifidobacteriaceae;g__Bifidobacterium;s__Bifidobacterium_adolescentis	0.00748369291665	-0.00665678578104	0.0115108308303	0.02145482853	-0.0431248431365	-0.110442370196	0.0256143052206	-0.0699089492308	-0.0356874119855	-0.00170607897976	0.0123402938868	0.00658069067027	0.0444491729692	0.0364463337675	-0.0720592150609	-0.029498367501	-0.00110576209278	0.0169953383626	-0.0137978591263	-0.0187343333692	-0.0801633984765	-0.0393977715537	-0.056623148569	1.0	0.00907618615003	0.019220616993	-0.0971707684632	0.0127001078576	0.0435831376725	-0.0404227026373	-0.0462655890779	0.0281817451186	0.037082187088	-0.0116153250254	-0.0182147321526	0.0307491450442	-0.0363406088665	-0.00843907250564	0.00121888404756	-0.0795458345594	0.00996421646534	0.0459221136529	-0.0337812434924	-0.0106778790135	-0.0283477933879	-0.0240764007275	-0.0388824637832	-0.0562436914413	-0.0293311640842	-0.0108218652419	0.026470523175	0.0156892213446	-0.0310188429254	-0.0281341954228	-0.0406538086787	0.0517010603591	-0.0415443441641	0.00876650814829	-0.0129472187413
k__Bacteria;p__Firmicutes;c__Clostridia;o__Clostridiales;f__Oscillospiraceae;g__Oscillibacter;s__Oscillibacter_sp._KLE_1745	-0.0723748560323	0.0289410252193	-0.0215027432235	0.0199579859362	0.0241273380714	0.0375735659621	0.0250760568447	0.00196660549495	0.000936243409004	-0.0455702005592	-0.020934795576	-0.0577606578304	0.008266845046	-0.0275285081361	-0.0592890923451	-0.00865369535216	0.0125350846676	0.00786834521023	-0.0445918431164	0.0751682433635	-0.0322339069227	-0.052529980828	0.0197803221995	0.00907618615003	1.0	-0.010218726088	-0.0165570455619	0.0614960119527	-0.0793058217227	0.0446167444648	-0.00541580682989	0.0273637723152	-0.0181166520725	0.0646451156065	0.0526841108707	-0.0294677791348	0.0502410610123	-0.000739992659156	0.00391031754896	0.0282542396425	-0.0134422872866	-0.0509000192426	0.0208040739351	0.0157858631189	-0.048840268587	-0.000532820237966	-0.0487094702829	-0.0720794156609	-0.0115476826484	-0.0167872756011	-0.0294155766832	-0.0303584759471	-0.0169609691318	-0.033272195269	-0.0736343189779	0.027332060602	-0.0214980145037	-0.0224351215049	0.0715867844855
k__Bacteria;p__Bacteroidetes;c__Bacteroidia;o__Bacteroidales;f__Bacteroidaceae;g__Bacteroides;s__Bacteroides_coprophilus	-0.0240789888168	-0.0254842983579	0.0117669194992	0.00283085352387	-0.0132124355539	0.0170172435749	0.00706910318661	-0.0328221028393	-0.00646780310812	0.0388017654268	-0.00669997824941	0.0106765096824	0.0143338446515	-0.0299362330205	0.00634949621129	0.0162672001577	-0.0718571131193	0.0387898549075	0.0164289937872	-0.0465258883629	-0.0435101721831	-0.00929342912066	-0.0796596670116	0.019220616993	-0.010218726088	1.0	-0.0158568468611	0.0636405257032	-0.00106788606499	-0.0311436369019	-0.0288237877774	-0.00490784640636	0.0110844484984	-0.015459843431	-8.08926278438e-05	-0.00169624354429	-0.00242381874055	0.0487836349533	-0.0439152400508	-0.079153712968	-0.00250567024271	0.0239268112798	0.00636885100688	0.0200038378332	0.0228153196273	0.0228746893555	-0.0482051416935	0.0384629004178	-0.0374007004762	-0.0310004216014	-0.0281693170848	-0.0100083564011	0.0317780212848	-0.0177290890225	0.00553754450072	-0.0609665447409	-0.0539098383263	0.0426855403729	-0.0269624192977
k__Bacteria;p__Firmicutes;c__Clostridia;o__Clostridiales;f__Lachnospiraceae;g__Roseburia;s__Roseburia_intestinalis	0.0210704253192	-0.0464207615406	-0.0390657469933	0.00195273092881	0.0350005215154	-0.0369564615761	-0.0215817646348	0.00797672289922	0.00172213071141	-0.0161732326075	-0.0332515416489	-0.0869678001775	0.0206480084601	0.0350667440361	0.0163274999436	-0.00298970405193	0.0331950839809	0.00438599345986	-0.0335868896904	-0.000406479009324	0.0124343487948	-0.0351681734396	0.0214121870613	-0.0971707684632	-0.0165570455619	-0.0158568468611	1.0	-0.0402931239461	0.015989031758	0.0332678224989	-0.0117742643279	-0.0163524107008	0.0670347789241	0.0331398378335	0.0123230806784	-0.0314494571579	-0.057618224805	-0.0273907695408	-0.0704998204747	-0.00102200325046	-0.0605151963188	0.00314932343813	-0.00252632676369	0.0104572870539	-0.0336539431903	0.0113091163478	0.0518458436034	-0.0164666714344	-0.0584740554257	0.0173930864862	-0.00302215047187	-0.0354403599426	-0.0209501504817	-0.016728670566	0.0101136211193	-0.0277173727762	0.013221804699	0.0499051292896	-0.0272810238555
k__Bacteria;p__Firmicutes;c__Clostridia;o__Clostridiales;f__Lachnospiraceae;g__Roseburia;s__Roseburia_hominis	0.0407704762666	-0.0568850349406	-0.0228428558581	0.00242167100179	-0.0318764361187	-0.0370325872658	-0.035449039668	-0.0475453570264	0.00716801457173	-0.0519481054775	0.0551037933196	-0.055675114156	-0.0233484382252	-0.023164711923	-0.0520526553855	0.0199916320768	-0.0128533647057	0.0113375536801	0.070766584214	0.00830855744004	0.0181744377604	-0.0321432956257	-0.0198186114311	0.0127001078576	0.0614960119527	0.0636405257032	-0.0402931239461	1.0	-0.0896587618854	0.0112639047609	-0.0711249736767	-0.089357332367	-0.0612475617033	-0.123590285986	0.0582451380063	0.00356406615389	0.0501088686178	0.0967474927533	-0.0675014135298	0.0177771390973	-0.00163235844919	0.0259856725036	0.0411665082346	-0.0421745438248	0.0574851612742	0.0576478679579	-0.00513266756256	-0.00477537544318	-0.0422690261674	0.00637779503859	0.00700414263837	-0.00502022013304	0.073370733253	0.0265320252526	-0.0537184583315	-0.0259868245053	-0.0178997166116	0.0378704375726	-0.0679976181274
k__Bacteria;p__Bacteroidetes;c__Bacteroidia;o__Bacteroidales;f__Porphyromonadaceae;g__Parabacteroides;s__Parabacteroides_johnsonii	-0.0281895821796	0.0364119277924	-0.00474270704175	0.0196945197628	-0.0688817279125	0.0442546846817	0.00515440941772	0.0513312827818	0.0329279755404	-0.0422400224919	-0.0683390397586	-0.0203359257251	-0.0424361311868	-0.0231184024668	0.0122805951967	0.0322629197488	0.0576665213034	0.00234336543598	-0.0289687877503	0.00686624767801	-0.0406948836518	-0.0330547801864	-0.0607043542284	0.0435831376725	-0.0793058217227	-0.00106788606499	0.015989031758	-0.0896587618854	1.0	0.0749251743044	-0.0254396988222	-0.035493400844	-0.0236796978315	0.0154037935251	0.0136427508309	-0.0141670359909	-0.00107911990186	0.0139542958125	-0.0298787654002	-0.0504458092885	0.0397042215117	-0.0675705882175	-0.0352054745759	-0.0326613585557	0.000432481784082	0.0449338882281	0.0343874248533	-0.0334241680866	-0.0586827540188	-0.00714094172917	-0.00308101174297	0.0310062199872	0.0193101007866	0.0240961897885	-0.0423833290785	0.0108500687961	0.0177229124953	0.0194669325368	0.0218117567038
k__Bacteria;p__Actinobacteria;c__Actinobacteria;o__Bifidobacteriales;f__Bifidobacteriaceae;g__Bifidobacterium;s__Bifidobacterium_longum	-0.0390853180641	0.0320208222356	0.0456102691504	0.0101926456542	-0.0294573324759	-0.0835160408038	0.00577965810775	0.0395544630337	0.00505848928061	-0.0240431374965	-0.0164029195277	-0.0846201672013	-0.0172866221843	-0.00558489304029	-0.081829339158	0.0410651293613	0.0438587471893	-0.0307272342666	-0.0354678896281	-0.0182825225142	-0.0128417425531	-0.0326230762775	-0.0418486530333	-0.0404227026373	0.0446167444648	-0.0311436369019	0.0332678224989	0.0112639047609	0.0749251743044	1.0	-0.0380636250232	-0.0246571198363	-0.0464066540817	-0.0334608973611	0.00941062420465	-0.064944673451	-0.00148245236847	-0.00488622443528	-0.0927556684898	0.00801670751109	-0.0503655719195	0.0196980403923	-0.0278360173964	-0.0602098002083	0.0895881499551	-0.0557591788689	0.0184620273066	0.0187799062837	-0.0253896223602	-0.0137413964037	0.00539685673414	0.0499266884575	0.0110821748468	0.0108449515263	0.0202086674157	-0.0658468251728	0.0438021762321	0.0512173566474	0.0366921792246
