#taxonomy	k__Bacteria;p__Bacteroidetes;c__Bacteroidia;o__Bacteroidales;f__Bacteroidaceae;g__Bacteroides;s__Bacteroides_vulgatus	k__Bacteria;p__Bacteroidetes;c__Bacteroidia;o__Bacteroidales;f__Bacteroidaceae;g__Bacteroides;s__Bacteroides_uniformis	k__Bacteria;p__Bacteroidetes;c__Bacteroidia;o__Bacteroidales;f__Rikenellaceae;g__Alistipes;s__Alistipes_putredinis	k__Bacteria;p__Bacteroidetes;c__Bacteroidia;o__Bacteroidales;f__Prevotellaceae;g__Prevotella;s__Prevotella_copri	k__Bacteria;p__Bacteroidetes;c__Bacteroidia;o__Bacteroidales;f__Bacteroidaceae;g__Bacteroides;s__Bacteroides_stercoris	k__Bacteria;p__Bacteroidetes;c__Bacteroidia;o__Bacteroidales;f__Bacteroidaceae;g__Bacteroides;s__Bacteroides_ovatus	k__Bacteria;p__Bacteroidetes;c__Bacteroidia;o__Bacteroidales;f__Rikenellaceae;g__Alistipes;s__Alistipes_shahii	k__Bacteria;p__Firmicutes;c__Clostridia;o__Clostridiales;f__Ruminococcaceae;g__Faecalibacterium;s__Faecalibacterium_prausnitzii	k__Bacteria;p__Bacteroidetes;c__Bacteroidia;o__Bacteroidales;f__Rikenellaceae;g__Alistipes;s__Alistipes_finegoldii	k__Bacteria;p__Bacteroidetes;c__Bacteroidia;o__Bacteroidales;f__Porphyromonadaceae;g__Parabacteroides;s__Parabacteroides_distasonis	k__Bacteria;p__Bacteroidetes;c__Bacteroidia;o__Bacteroidales;f__Bacteroidaceae;g__Bacteroides;s__Bacteroides_thetaiotaomicron	k__Bacteria;p__Bacteroidetes;c__Bacteroidia;o__Bacteroidales;f__Bacteroidaceae;g__Bacteroides;s__Bacteroides_coprocola	k__Bacteria;p__Bacteroidetes;c__Bacteroidia;o__Bacteroidales;f__Bacteroidaceae;g__Bacteroides;s__Bacteroides_cellulosilyticus	k__Bacteria;p__Bacteroidetes;c__Bacteroidia;o__Bacteroidales;f__Rikenellaceae;g__Alistipes;s__Alistipes_obesi	k__Bacteria;p__Firmicutes;c__Clostridia;o__Clostridiales;f__Lachnospiraceae;g__;s__[Eubacterium]_rectale	k__Bacteria;p__Bacteroidetes;c__Bacteroidia;o__Bacteroidales;f__Bacteroidaceae;g__Bacteroides;s__Bacteroides_plebeius	k__Bacteria;p__Bacteroidetes;c__Bacteroidia;o__Bacteroidales;f__Bacteroidaceae;g__Bacteroides;s__Bacteroides_fragilis	k__Bacteria;p__Proteobacteria;c__Betaproteobacteria;o__Burkholderiales;f__Sutterellaceae;g__Sutterella;s__Sutterella_wadsworthensis	k__Bacteria;p__Bacteroidetes;c__Bacteroidia;o__Bacteroidales;f__Porphyromonadaceae;g__Barnesiella;s__Barnesiella_intestinihominis	k__Bacteria;p__Bacteroidetes;c__Bacteroidia;o__Bacteroidales;f__Odoribacteraceae;g__Odoribacter;s__Odoribacter_splanchnicus	k__Bacteria;p__Bacteroidetes;c__Bacteroidia;o__Bacteroidales;f__Bacteroidaceae;g__Bacteroides;s__Bacteroides_salyersiae	k__Bacteria;p__Firmicutes;c__Clostridia;o__Clostridiales;f__Ruminococcaceae;g__Ruminiclostridium;s__[Eubacterium]_siraeum	k__Bacteria;p__Proteobacteria;c__Betaproteobacteria;o__Burkholderiales;f__Sutterellaceae;g__Parasutterella;s__Parasutterella_excrementihominis	k__Bacteria;p__Actinobacteria;c__Actinobacteria;o__Bifidobacteriales;f__Bifidobacteriaceae;g__Bifidobacterium;s__Bifidobacterium_adolescentis	k__Bacteria;p__Firmicutes;c__Clostridia;o__Clostridiales;f__Oscillospiraceae;g__Oscillibacter;s__Oscillibacter_sp._KLE_1745	k__Bacteria;p__Bacteroidetes;c__Bacteroidia;o__Bacteroidales;f__Bacteroidaceae;g__Bacteroides;s__Bacteroides_coprophilus	k__Bacteria;p__Firmicutes;c__Clostridia;o__Clostridiales;f__Lachnospiraceae;g__Roseburia;s__Roseburia_intestinalis	k__Bacteria;p__Firmicutes;c__Clostridia;o__Clostridiales;f__Lachnospiraceae;g__Roseburia;s__Roseburia_hominis	k__Bacteria;p__Bacteroidetes;c__Bacteroidia;o__Bacteroidales;f__Porphyromonadaceae;g__Parabacteroides;s__Parabacteroides_johnsonii	k__Bacteria;p__Actinobacteria;c__Actinobacteria;o__Bifidobacteriales;f__Bifidobacteriaceae;g__Bifidobacterium;s__Bifidobacterium_longum	k__Bacteria;p__Firmicutes;c__Clostridia;o__Clostridiales;f__;g__Flavonifractor;s__Flavonifractor_plautii	k__Bacteria;p__Firmicutes;c__Clostridia;o__Clostridiales;f__Clostridiaceae;g__Clostridium;s__Clostridium_phoceensis	k__Bacteria;p__Verrucomicrobia;c__Verrucomicrobiae;o__Verrucomicrobiales;f__Akkermansiaceae;g__Akkermansia;s__Akkermansia_muciniphila	k__Bacteria;p__Bacteroidetes;c__Bacteroidia;o__Bacteroidales;f__Prevotellaceae;g__Paraprevotella;s__Paraprevotella_xylaniphila	k__Bacteria;p__Firmicutes;c__Clostridia;o__Clostridiales;f__Ruminococcaceae;g__Ruminococcus;s__Ruminococcus_callidus	k__Bacteria;p__Bacteroidetes;c__Bacteroidia;o__Bacteroidales;f__Rikenellaceae;g__Alistipes;s__Alistipes_senegalensis	k__Bacteria;p__Firmicutes;c__Clostridia;o__Clostridiales;f__Lachnospiraceae;g__Blautia;s__Blautia_sp._KLE_1732	k__Bacteria;p__Bacteroidetes;c__Bacteroidia;o__Bacteroidales;f__Bacteroidaceae;g__Bacteroides;s__Bacteroides_oleiciplenus	k__Bacteria;p__Firmicutes;c__Clostridia;o__Clostridiales;f__Ruminococcaceae;g__Ruminococcus;s__Ruminococcus_bicirculans	k__Bacteria;p__Bacteroidetes;c__Bacteroidia;o__Bacteroidales;f__Bacteroidaceae;g__Bacteroides;s__Bacteroides_fluxus	k__Bacteria;p__Bacteroidetes;c__Bacteroidia;o__Bacteroidales;f__Prevotellaceae;g__Prevotella;s__Prevotella_stercorea	k__Bacteria;p__Firmicutes;c__Clostridia;o__Clostridiales;f__Lachnospiraceae;g__Dorea;s__Dorea_longicatena	k__Bacteria;p__Firmicutes;c__Clostridia;o__Clostridiales;f__Eubacteriaceae;g__Eubacterium;s__[Eubacterium]_eligens	k__Bacteria;p__Firmicutes;c__Clostridia;o__Clostridiales;f__Ruminococcaceae;g__;s__Ruminococcaceae_bacterium_D16	k__Bacteria;p__Firmicutes;c__Clostridia;o__Clostridiales;f__Lachnospiraceae;g__Coprococcus;s__Coprococcus_comes	k__Bacteria;p__Proteobacteria;c__Gammaproteobacteria;o__Enterobacterales;f__Enterobacteriaceae;g__Escherichia;s__Escherichia_coli	k__Bacteria;p__Firmicutes;c__Clostridia;o__Clostridiales;f__Ruminococcaceae;g__Anaerotruncus;s__Anaerotruncus_colihominis	k__Bacteria;p__Firmicutes;c__Clostridia;o__Clostridiales;f__Lachnospiraceae;g__Blautia;s__Blautia_obeum	k__Bacteria;p__Bacteroidetes;c__Bacteroidia;o__Bacteroidales;f__Odoribacteraceae;g__Odoribacter;s__Odoribacter_laneus	k__Bacteria;p__Firmicutes;c__Clostridia;o__Clostridiales;f__Ruminococcaceae;g__Ruminiclostridium;s__[Clostridium]_leptum	k__Bacteria;p__Bacteroidetes;c__Bacteroidia;o__Bacteroidales;f__Porphyromonadaceae;g__Parabacteroides;s__Parabacteroides_goldsteinii	k__Bacteria;p__Firmicutes;c__Clostridia;o__Clostridiales;f__Lachnospiraceae;g__Anaerostipes;s__Anaerostipes_hadrus	k__Bacteria;p__Firmicutes;c__Clostridia;o__Clostridiales;f__Ruminococcaceae;g__Ruminococcus;s__Ruminococcus_lactaris	k__Bacteria;p__Firmicutes;c__Clostridia;o__Clostridiales;f__Clostridiaceae;g__Clostridium;s__Clostridium_sp._L2-50	k__Bacteria;p__Firmicutes;c__Clostridia;o__Clostridiales;f__Clostridiaceae;g__Clostridium;s__Clostridium_sp._M62/1	k__Bacteria;p__Firmicutes;c__Clostridia;o__Clostridiales;f__;g__Intestinimonas;s__Intestinimonas_butyriciproducens	k__Bacteria;p__Actinobacteria;c__Actinobacteria;o__Bifidobacteriales;f__Bifidobacteriaceae;g__Bifidobacterium;s__Bifidobacterium_bifidum	k__Bacteria;p__Firmicutes;c__Negativicutes;o__Veillonellales;f__Veillonellaceae;g__Dialister;s__Dialister_invisus	k__Bacteria;p__Bacteroidetes;c__Bacteroidia;o__Bacteroidales;f__Bacteroidaceae;g__Bacteroides;s__Bacteroides_salanitronis
k__Bacteria;p__Bacteroidetes;c__Bacteroidia;o__Bacteroidales;f__Bacteroidaceae;g__Bacteroides;s__Bacteroides_vulgatus	1.0	-0.0518351544681	-0.00431136715987	-0.0255695270094	0.00357912542118	0.000642711097149	-0.0746355769406	0.0227718905345	0.0262202545043	-0.00723024562789	0.0311453916133	-0.0321560903477	-0.0300490154313	-0.00853984690561	-0.0350850000647	-0.0110787385071	-0.0174808952014	-0.0144778110616	-0.0501182860518	0.0221593506055	0.00946523303973	0.0181506931737	0.014988113145	0.0418020236125	0.026067423711	-0.00914188824368	-0.0343535699568	0.0518034831612	-0.0391072617391	0.000411883968263	-0.0431943293155	-0.0721318099868	0.0183045676564	0.0301858036156	-0.0230090132467	-0.0234725433202	0.0210982669537	-0.105341521707	-0.00803292603605	0.0156418018213	-0.0199078897629	-0.0515025131925	-0.078049601035	0.00317160235476	0.022748643906	0.0266278815826	-0.018735805253	0.0323765844864	-0.00151011962955	-0.0114974471036	-0.016638164747	0.038877788769	0.00531336081079	-0.00069786341737	0.0409405599126	0.00355907166809	-0.00767750240136	-0.00557741953442	0.0514474855961
k__Bacteria;p__Bacteroidetes;c__Bacteroidia;o__Bacteroidales;f__Bacteroidaceae;g__Bacteroides;s__Bacteroides_uniformis	-0.0518351544681	1.0	-0.104699354615	-0.0136919066788	0.0627188277507	0.0201100552038	-0.0099507092773	-0.051877722446	0.00694758256416	0.0157041982267	-0.0425787744155	-0.00421814413462	0.00372862174238	-0.0830990069538	-0.0522976731973	-0.0330893587261	-0.0324104228804	-0.00643372918032	-0.00661978460431	-0.0535332383869	-0.0285365566376	0.00185144650752	0.0271454812857	-0.014202831864	-0.00333424101396	0.00878591685203	0.0265311995379	0.0297984036577	0.00186397125373	-0.053172680994	-0.0734312389502	0.0106880348609	-0.0618865600038	-0.0293334779521	0.00792516201848	0.0360067068385	0.0277090020426	0.0136960437725	0.00981744226914	-0.0446901620484	-0.0475120003548	0.0736893804321	0.124759292443	0.00159310943005	0.04071848222	-0.00839377101592	-0.000980748323325	-0.0359839254652	0.0764046972574	-0.0241525780202	0.00951090335746	-0.000449211469917	0.0858607572918	0.0193337261094	-0.0518371299413	0.00781580701616	0.0755137214618	-0.0684330193303	-0.0432359215365
k__Bacteria;p__Bacteroidetes;c__Bacteroidia;o__Bacteroidales;f__Rikenellaceae;g__Alistipes;s__Alistipes_putredinis	-0.00431136715987	-0.104699354615	1.0	0.0228646973588	0.0183298566638	0.00839954549405	0.0247647667305	-0.0355629504142	0.0317221768777	-0.0319107552456	-0.0350702998656	0.0375275273315	-0.00540662808687	0.035960984378	-0.0315371130867	0.0204044235588	-0.0124776781907	0.00552980641367	-0.0353254866189	-0.0678234246351	-0.0154527242808	0.00090800304609	0.0727520550468	0.00166696460338	-0.0179817141034	-0.0179534630134	-0.0365862093516	0.0230811191015	-0.00519010038568	0.036539664096	-0.00276761203862	-0.0458696393632	-0.00459405641424	-0.00774167216321	-0.0195063718827	-0.028631512177	0.00571704834168	0.0124101086063	-0.0107589187072	-0.0160791877876	-0.0399608720906	-0.0107369066756	-0.00922096925527	0.0328131195754	-0.0343077057114	0.033952440063	-0.0464891546011	-0.00625688586692	-0.0229142788886	0.0280328507484	-0.0450342659423	-0.0024450236084	-0.0378857154856	0.0245649972225	-0.0218080849073	-0.0140413353115	0.0124294349744	0.0157033424185	0.0112167013464
k__Bacteria;p__Bacteroidetes;c__Bacteroidia;o__Bacteroidales;f__Prevotellaceae;g__Prevotella;s__Prevotella_copri	-0.0255695270094	-0.0136919066788	0.0228646973588	1.0	0.00741051850434	-0.0620817788423	-0.0468309614444	0.00427511556495	0.0151356327544	-0.0528970739458	0.0299261900658	0.0876410974559	0.0289938176096	0.0373986090563	-0.00818022629773	0.0389862055432	-0.0624502953072	-0.0518531487383	-0.0241615309136	0.00133140127171	-0.0772605732891	-0.0460152237077	0.0251944987509	0.0373379220832	-0.0102195227213	-0.0637272398521	-0.0552921312869	0.0211922601822	0.0389668600624	-0.0149260103742	0.0451708013168	-0.0142970620894	-0.0112102165244	-0.0456547546567	-0.00953401885208	0.0273840546461	0.00362235103384	-0.0269306760544	-0.072255098059	-0.0782386415097	0.0151341479869	-0.0117078025736	-0.0199444741662	-0.0473396707997	-0.0299973710758	0.0017163310978	-0.0185610677614	0.0333235917207	0.00609873892691	-0.00191528648643	-0.0443545594691	-0.0553529841007	0.00607932446783	-0.0176129867462	-0.0488193220357	-0.0683196995124	-0.0192816426717	-0.0161579082192	-0.00470543133372
k__Bacteria;p__Bacteroidetes;c__Bacteroidia;o__Bacteroidales;f__Bacteroidaceae;g__Bacteroides;s__Bacteroides_stercoris	0.00357912542118	0.0627188277507	0.0183298566638	0.00741051850434	1.0	-0.0603177751398	-0.00875286543706	-0.0439892203808	-0.0065412408112	-0.035796712653	-0.050022699688	-0.0716397150731	0.035577056245	0.0460278116001	0.00162580262022	0.0166089594824	-0.0752604823766	-0.0582257993718	-0.0481198754005	0.00369361895273	-0.0475390698026	-0.0215714800991	-0.0596996238455	0.0181343367631	0.0183352755506	-0.0018554608596	0.0200245523181	0.0159400623759	0.0217969354446	-0.0196049312772	0.00459613871022	0.022426186684	0.0520237146874	0.0481967338811	-0.017303771292	0.0173614199665	-0.0113076129156	0.00133853679495	0.063047483611	0.0513976997505	-0.0439633205891	0.0157383886879	0.0108290441859	-0.0172423014646	-0.103562581236	-0.0497547920005	-0.0473436104222	0.0562982098414	-0.0391625076757	-2.21178807082e-05	-0.0500964940139	-0.0123487168922	0.00318647930944	0.00177147350551	-0.0477200503686	0.00851659236245	-0.016682301429	0.0232299182079	0.0127876319287
k__Bacteria;p__Bacteroidetes;c__Bacteroidia;o__Bacteroidales;f__Bacteroidaceae;g__Bacteroides;s__Bacteroides_ovatus	0.000642711097149	0.0201100552038	0.00839954549405	-0.0620817788423	-0.0603177751398	1.0	-0.00955580630732	-0.00964534394053	0.00727918287935	0.0640247545771	0.00475523231101	-0.00526852525078	0.0620949849486	-0.0607378818761	0.0121640110397	-0.0267538107194	-0.00177702777999	-0.0168428807514	0.0281188689136	0.00958426967056	-0.0517796004218	0.01697336602	-0.0210049617454	0.0176486804717	0.0107390975404	-0.0699127241636	-0.00183437752723	-0.0108711460879	-0.058298815668	-0.0418321438716	-0.016982053174	0.0103142909305	-0.00228424568775	0.00152411698408	0.00285131227665	0.0144179559299	-0.0123911003788	0.0520800188054	-0.00531067596679	-0.0326332753187	-0.0400654198323	-0.0567876484034	-0.0276719133533	0.0117930145212	-0.0507961885282	-0.00238944337258	0.000491543966384	-0.00343277024217	0.0523940250698	-0.0418469528107	0.00466794727367	0.0290079911423	-0.0220562067136	0.0485166282842	-0.033719951154	-0.0272404443179	0.00760924095147	0.00321860239074	0.00530939810345
k__Bacteria;p__Bacteroidetes;c__Bacteroidia;o__Bacteroidales;f__Rikenellaceae;g__Alistipes;s__Alistipes_shahii	-0.0746355769406	-0.0099507092773	0.0247647667305	-0.0468309614444	-0.00875286543706	-0.00955580630732	1.0	-0.0470028414762	0.00611881742731	0.00747693988209	0.00977832892162	-0.0487687426634	-0.0211650163585	-0.0251142374992	0.0136598578512	-0.0434978202814	-0.0308895476936	0.0338071026615	-0.0293606323485	0.00576054591741	-0.00822558350129	-0.0620483633488	0.0414762897244	0.0488897049952	-0.00715749680882	0.0139412301849	-0.0234627954038	-0.0772324225829	-0.0464192016433	0.0574943328369	0.0331127891749	0.0088853222123	0.00143997128848	0.00402047031114	-0.0156728598329	0.0748205599836	-0.0306868863687	0.0303870812224	-0.0384207338115	0.0355454900082	-0.0357277308244	-0.0232510874868	0.0333422785062	0.00679962056281	-0.00332305665331	-0.0510863020161	-0.0617318881484	0.0104076373875	-0.0348014685357	0.0182539675296	-0.0124890988102	-0.028381374315	-0.030533900053	-0.0157883602983	-0.0520442354245	-0.0376776868261	-0.0411103417744	-0.00429607013657	0.00262104230668
k__Bacteria;p__Firmicutes;c__Clostridia;o__Clostridiales;f__Ruminococcaceae;g__Faecalibacterium;s__Faecalibacterium_prausnitzii	0.0227718905345	-0.051877722446	-0.0355629504142	0.00427511556495	-0.0439892203808	-0.00964534394053	-0.0470028414762	1.0	0.0122488578082	0.00201676104432	0.0188214917213	-0.00518056985297	-0.0315872186795	-0.0260258932236	0.0393750439912	0.0381142195863	0.0108289814607	-0.0792078586511	-0.00919065732395	-0.0273735149004	-0.0418635501794	0.00178714886164	0.00595158148616	0.0152271870062	-0.0158702673834	0.0154828773535	-0.0480029960201	-0.0391298308995	-0.0436707408769	-0.0270547877767	-0.0300348396846	-0.0615269473134	0.00251220643021	-0.0309709309114	-0.0378412323859	0.046986553267	-0.00415574934165	-0.0137069816775	0.0159499819952	0.0167276021345	0.0191612584404	-0.0701459285799	0.00233340032954	-0.00194840748056	-0.0360731717908	-0.00656841736687	0.0501652724623	0.0258684990451	-0.025911258074	0.0864195563362	-0.0229019161498	0.00599906115403	-0.0116379318731	0.0400261253168	0.0415023837276	-0.025495431476	0.0246322961805	0.00687319260889	-0.0539886881269
k__Bacteria;p__Bacteroidetes;c__Bacteroidia;o__Bacteroidales;f__Rikenellaceae;g__Alistipes;s__Alistipes_finegoldii	0.0262202545043	0.00694758256416	0.0317221768777	0.0151356327544	-0.0065412408112	0.00727918287935	0.00611881742731	0.0122488578082	1.0	-0.0238291856391	-0.023272439423	-0.0300785067864	-0.0186634632201	-0.0184005374786	-0.046964213565	0.025724834974	-0.0469291543219	-0.0300096109419	-1.66732892839e-05	-0.0569852782424	-0.040126759992	-0.111697139929	0.0197101539693	-0.0350031315684	-0.04123127077	-0.00490523328196	-0.0451841339688	0.0513253215664	-0.0120842298911	-0.0418207916279	-0.0114470322756	-0.0668269165905	0.0270708138642	-0.00493072130946	0.034431560684	-0.00792659175676	0.0311229830973	-0.00924187235494	0.0671649333494	0.00900109443741	-0.0174456233098	-0.0367071093086	-0.0137695991591	0.0337226092379	0.0441926894854	0.0770014244148	0.0351776738658	-0.0886661975343	0.0151040821389	-0.0263561304051	-0.00247182070926	0.0155128751143	-0.0166835519464	0.0282389792847	0.0203919816249	-0.0268442769439	-0.0415455651649	-0.00391794963694	-0.0237774620073
k__Bacteria;p__Bacteroidetes;c__Bacteroidia;o__Bacteroidales;f__Porphyromonadaceae;g__Parabacteroides;s__Parabacteroides_distasonis	-0.00723024562789	0.0157041982267	-0.0319107552456	-0.0528970739458	-0.035796712653	0.0640247545771	0.00747693988209	0.00201676104432	-0.0238291856391	1.0	-0.00402595630503	0.0110535802147	-0.0341836570502	-0.0614787808447	-0.00488820090689	0.0425732786851	-0.00919461927383	-0.0295328595657	0.0251134475485	0.00760088072455	-0.0271151829558	-0.0294434311244	-0.0326194620436	0.0704984926119	0.0669792552828	0.0434405001726	0.00620304804448	0.0156144572249	-0.140684783958	-0.0314724464247	0.00321715201821	0.0916613419497	-0.0198115362998	-0.0390783520972	-0.0363377274162	-0.0291192451334	-0.0411777639959	-0.0381245785542	-0.0350004351442	-0.0538225245664	-0.0431191578652	-0.0136820878596	0.0414443083228	0.0133869794757	-0.0788962523958	-0.0195177764353	-0.0344013928573	-0.0061299194398	0.0191893859087	-0.00178765125848	-0.0612166281697	0.0615041636975	-0.0172534855843	-0.0620618776621	0.0203103332586	0.0459986940367	-0.000421069226357	0.057618282735	-0.0453695196865
k__Bacteria;p__Bacteroidetes;c__Bacteroidia;o__Bacteroidales;f__Bacteroidaceae;g__Bacteroides;s__Bacteroides_thetaiotaomicron	0.0311453916133	-0.0425787744155	-0.0350702998656	0.0299261900658	-0.050022699688	0.00475523231101	0.00977832892162	0.0188214917213	-0.023272439423	-0.00402595630503	1.0	-0.0206623187483	0.0169637522072	-0.0248129113511	0.069837346599	-0.0615464227118	0.0133879010396	0.00898062295735	-0.0352284048112	0.0569776289282	0.0829260257433	-0.0636474251056	-0.0644177541975	0.0136311786478	-0.010424442186	0.015224323037	0.0275428233009	-0.0377687933066	-0.0159300545859	-0.0363983490409	-0.0917032296338	0.0619988976887	-0.0522048030102	-0.0513527196146	0.021834648114	-0.000734173569697	0.0300533993553	-0.0610812514456	0.00407824587204	-0.00498531296618	-0.0509625903053	-0.0268988122168	0.0344207069403	-0.00646049852101	-0.0604285964078	-0.000204141739612	-0.00264579703907	-0.00354533217962	-0.0341222453032	-0.00015694806148	0.0320917429529	0.0174585653312	0.00136828918437	0.000328368270074	-0.0220739393634	-0.0174196694436	0.0504355760571	-0.0360084687489	-0.0312136058561
k__Bacteria;p__Bacteroidetes;c__Bacteroidia;o__Bacteroidales;f__Bacteroidaceae;g__Bacteroides;s__Bacteroides_coprocola	-0.0321560903477	-0.00421814413462	0.0375275273315	0.0876410974559	-0.0716397150731	-0.00526852525078	-0.0487687426634	-0.00518056985297	-0.0300785067864	0.0110535802147	-0.0206623187483	1.0	-0.0248052779874	-0.0149917386255	0.038219237899	-0.0242825802706	0.00243027747124	-0.0132830244423	0.0299001623806	-0.0288350575786	-0.0492248086878	-0.0512765230992	0.0404202656541	0.000452340328202	-0.00571129404191	0.0486974347766	0.0403017781706	-0.0332176345285	-0.0227309187575	0.008147577931	0.0842184778538	-0.0852663877075	-0.0847864802964	-0.0229782836264	0.0309534057786	-0.0131177378327	-0.0396457541864	0.000845866980991	0.0348715605634	0.00678919797665	-0.00154149550877	-0.0368099114241	-0.0399349559222	0.00472858129399	0.0094079594436	-0.0301899902138	-0.00478229406838	0.0167676558127	0.033714309152	0.0353629184493	0.00202475724295	-0.0294830291778	-0.0156767627931	0.0577269177469	-0.0403427397793	0.000982312236967	-0.0551504529476	0.0403511541651	-0.00849318173181
k__Bacteria;p__Bacteroidetes;c__Bacteroidia;o__Bacteroidales;f__Bacteroidaceae;g__Bacteroides;s__Bacteroides_cellulosilyticus	-0.0300490154313	0.00372862174238	-0.00540662808687	0.0289938176096	0.035577056245	0.0620949849486	-0.0211650163585	-0.0315872186795	-0.0186634632201	-0.0341836570502	0.0169637522072	-0.0248052779874	1.0	-0.00107934925525	0.0224614297835	0.0228666848336	0.00284290740677	0.0172934927065	-0.0481443905012	0.00370960946597	-0.0388001167226	0.0348932205473	-0.0013819155929	-0.0190800011076	0.0767522004703	0.0144350558841	0.0294692525656	0.0268574416655	0.0723768428437	0.0191806024744	-0.0176963114206	0.0316641665577	-0.00546420543827	-0.0109582234268	0.0546861975791	0.0395816969986	0.0231942849897	0.0195166616225	0.0128155134227	0.0147046819758	-0.0545265846459	0.0159350894197	-0.00762429838576	-0.00179719833334	0.0568563108361	0.0133664254352	-0.0508895160706	-0.0449735865751	-0.0288520633739	-0.0346654522538	-0.0375971023234	0.00237890944366	-0.00933802382882	-0.0282208201817	-0.059824329824	-0.0288290011661	-0.0663808795958	-0.0469595371519	-0.0203740923628
k__Bacteria;p__Bacteroidetes;c__Bacteroidia;o__Bacteroidales;f__Rikenellaceae;g__Alistipes;s__Alistipes_obesi	-0.00853984690561	-0.0830990069538	0.035960984378	0.0373986090563	0.0460278116001	-0.0607378818761	-0.0251142374992	-0.0260258932236	-0.0184005374786	-0.0614787808447	-0.0248129113511	-0.0149917386255	-0.00107934925525	1.0	-0.0722384992426	-0.0219622148091	-0.0366369483875	-0.0032390212808	0.017226842542	-0.0307494438044	-0.0206861476963	-0.0433521710779	0.0192310828089	-0.0408162321106	-0.0390000256912	-0.0112867495641	0.0129655653139	-0.00392841210417	-0.00190189460338	0.0226122677868	0.0292241997212	-0.0728612465993	0.0164835906606	0.00218548138057	-0.0180915465914	0.00925727952222	-0.0209743474348	-0.00979622677999	0.0253584334717	0.0618329687806	-0.0113418556297	0.0530928172123	-0.0860544349168	-0.050909035951	-0.0809670079838	-0.0300264571791	-0.00137016742072	0.0331136695664	0.0291104712342	0.11420838125	0.0209986929534	-0.0822637966617	-0.00518399745402	-0.0404567170027	0.0728038863441	0.0416733781564	-0.0481553071441	0.0298673900434	0.0443218706404
k__Bacteria;p__Firmicutes;c__Clostridia;o__Clostridiales;f__Lachnospiraceae;g__;s__[Eubacterium]_rectale	-0.0350850000647	-0.0522976731973	-0.0315371130867	-0.00818022629773	0.00162580262022	0.0121640110397	0.0136598578512	0.0393750439912	-0.046964213565	-0.00488820090689	0.069837346599	0.038219237899	0.0224614297835	-0.0722384992426	1.0	0.040309633345	0.0214865116884	0.0104791260766	-0.0134372299921	0.010087455796	-0.0310731846217	0.0900327290996	0.0138555349572	0.0401255951134	0.00395284240862	-0.041786732381	-0.0695502963769	-0.0913110752033	-0.0648678467108	0.0129979231168	0.0315450337013	-0.00452995646951	0.02210472312	-0.0441503532762	0.0198909701284	-0.0126928716045	0.0339901117145	-0.0185659780507	0.00252649277995	0.0319853235789	0.00709815250286	0.0412455404168	-0.0386637238973	0.00712717038319	-0.047258789734	-0.00555528889283	-0.0539349599033	-0.0610009642886	-0.066444417141	-0.0284743440126	0.00469886206059	-0.0322536529875	-0.00440155312002	-0.00296665295925	-0.0544211415766	0.0692690906654	0.0277368981708	0.0394736264852	0.018458791106
k__Bacteria;p__Bacteroidetes;c__Bacteroidia;o__Bacteroidales;f__Bacteroidaceae;g__Bacteroides;s__Bacteroides_plebeius	-0.0110787385071	-0.0330893587261	0.0204044235588	0.0389862055432	0.0166089594824	-0.0267538107194	-0.0434978202814	0.0381142195863	0.025724834974	0.0425732786851	-0.0615464227118	-0.0242825802706	0.0228666848336	-0.0219622148091	0.040309633345	1.0	-0.00457743475312	-0.00813906602841	3.7471755684e-05	-0.0510039721826	0.0528490907793	-0.000943209120423	-0.0466254157119	0.010340737568	-0.0353619427062	-0.0355037889962	0.0085317270115	-0.0896226558171	-0.0371683189231	-0.0331558555038	0.0688974837226	-0.0120903823866	-0.02405620639	-0.0107343825316	-0.0534170146394	-0.0634333834962	-0.0746580121763	-0.0185778091502	0.063159578631	-0.0370296421355	0.0312160650868	-0.0119461271679	-0.0388918050941	-0.0293357682061	-0.0585361511114	0.040345731502	-0.0748929592338	0.0533821822816	0.0166752329867	-0.00102958106429	-0.0516115884447	-0.0223300389777	0.0811846147313	-0.0249277262685	0.00676768123952	0.04673794881	0.0172859958808	0.0167104495729	0.02386197938
k__Bacteria;p__Bacteroidetes;c__Bacteroidia;o__Bacteroidales;f__Bacteroidaceae;g__Bacteroides;s__Bacteroides_fragilis	-0.0174808952014	-0.0324104228804	-0.0124776781907	-0.0624502953072	-0.0752604823766	-0.00177702777999	-0.0308895476936	0.0108289814607	-0.0469291543219	-0.00919461927383	0.0133879010396	0.00243027747124	0.00284290740677	-0.0366369483875	0.0214865116884	-0.00457743475312	1.0	0.0237009445201	-0.0295100632853	0.00813430055513	-0.0617167730897	-0.0146197699765	0.0280064765907	0.0326294722264	0.0228567952228	0.0104409743	-0.0235902750081	-0.0542293417305	0.0141637917102	-0.0160633719748	-0.068601922701	0.019604766747	-0.0453333131014	0.0782100085861	0.0310151880974	-0.0294977442238	-0.0248725377523	0.000119181182401	0.00456354998783	-0.0183527402932	0.00552790789251	0.0349753386929	0.0350120288304	-0.0124371137909	-0.016331057152	0.00779869223522	0.0459482752515	-0.0304581276931	-0.0218951512544	-0.0452287395886	-0.0212534540861	-0.0178475801911	-0.0680241522369	0.00185191614379	0.0661373130147	-0.029468815664	-0.0541557674628	-0.015610438307	0.00783353018315
k__Bacteria;p__Proteobacteria;c__Betaproteobacteria;o__Burkholderiales;f__Sutterellaceae;g__Sutterella;s__Sutterella_wadsworthensis	-0.0144778110616	-0.00643372918032	0.00552980641367	-0.0518531487383	-0.0582257993718	-0.0168428807514	0.0338071026615	-0.0792078586511	-0.0300096109419	-0.0295328595657	0.00898062295735	-0.0132830244423	0.0172934927065	-0.0032390212808	0.0104791260766	-0.00813906602841	0.0237009445201	1.0	0.0449989249157	0.0561559134608	-0.0115223426177	0.044010576501	0.0201175891005	-0.036595003775	-0.0463003785044	-0.000288260204624	0.00324146881553	0.00689615060201	0.0618500389032	0.0206012930951	-0.018585636487	0.0117821253732	-0.0811360556595	0.0341301277501	-0.0231222263208	0.0213038425608	0.047878493089	0.0110432490993	-0.0120780373956	-0.0212781435229	0.00149826248628	-0.0384926482625	0.0240877395714	-0.0141520023671	-0.0181800813423	-0.0666089515377	-0.0439511130038	0.00459338558072	0.0573667069128	-0.0147639657228	-0.0357326892902	0.00464334207068	-0.0301747713039	0.022139450335	-0.0553209048069	-0.0267689675095	0.00433394985894	0.00377282383379	-0.0273691376184
k__Bacteria;p__Bacteroidetes;c__Bacteroidia;o__Bacteroidales;f__Porphyromonadaceae;g__Barnesiella;s__Barnesiella_intestinihominis	-0.0501182860518	-0.00661978460431	-0.0353254866189	-0.0241615309136	-0.0481198754005	0.0281188689136	-0.0293606323485	-0.00919065732395	-1.66732892839e-05	0.0251134475485	-0.0352284048112	0.0299001623806	-0.0481443905012	0.017226842542	-0.0134372299921	3.7471755684e-05	-0.0295100632853	0.0449989249157	1.0	-0.010492614783	-0.0176994351779	0.0278867344188	-0.0293175755817	-0.0303635890797	-0.0264363255348	-0.0129150175776	0.0237492417515	0.0440771138038	0.0110465209705	-0.0251583040977	-0.0269306398426	-0.0114627594618	-0.00405478728227	0.0517052954828	-0.0339153793884	-0.0395677912532	-0.00931447576966	-0.00437061861101	-0.0313819550706	-0.00288509932939	-0.0239418225199	-0.0346213968798	0.00453384114108	-0.0240410115517	0.020402906057	-0.00530633414345	-0.0343257736995	-0.0419139974688	-0.0435296668785	0.0330858283628	-0.0577735699658	-0.0424515134921	0.0129778335527	0.0388965076298	0.0595959748036	-0.0118848360704	0.00826273684996	-0.012438664614	-0.0212981430421
k__Bacteria;p__Bacteroidetes;c__Bacteroidia;o__Bacteroidales;f__Odoribacteraceae;g__Odoribacter;s__Odoribacter_splanchnicus	0.0221593506055	-0.0535332383869	-0.0678234246351	0.00133140127171	0.00369361895273	0.00958426967056	0.00576054591741	-0.0273735149004	-0.0569852782424	0.00760088072455	0.0569776289282	-0.0288350575786	0.00370960946597	-0.0307494438044	0.010087455796	-0.0510039721826	0.00813430055513	0.0561559134608	-0.010492614783	1.0	0.0744866492499	-0.0146553381992	-0.0506063234607	0.0353828438526	0.00173892748898	-0.0155316894814	-0.00592540279275	0.00156472921097	0.0267270557559	0.0321915029094	0.0289877860263	0.0139442288935	0.00782615582705	-0.0266928183684	-0.000670297077666	0.0300057437799	-0.0067662693021	0.0216874210575	0.0230405468898	-0.0775712162016	0.00360209923984	0.00706919230878	0.0256151878058	-0.0156871147156	-0.0174065497978	0.0119682114384	-0.00517120540489	-0.0608455928314	-0.0144397442184	-0.0816002089495	-0.0312294234828	-0.00375430890097	-0.029753906547	-0.0401023494501	0.00212100134296	-0.0492429012974	-0.0203089261097	0.00237253129565	-0.0288630146462
k__Bacteria;p__Bacteroidetes;c__Bacteroidia;o__Bacteroidales;f__Bacteroidaceae;g__Bacteroides;s__Bacteroides_salyersiae	0.00946523303973	-0.0285365566376	-0.0154527242808	-0.0772605732891	-0.0475390698026	-0.0517796004218	-0.00822558350129	-0.0418635501794	-0.040126759992	-0.0271151829558	0.0829260257433	-0.0492248086878	-0.0388001167226	-0.0206861476963	-0.0310731846217	0.0528490907793	-0.0617167730897	-0.0115223426177	-0.0176994351779	0.0744866492499	1.0	-0.000384384507318	-0.028659095576	0.00779854904958	0.0199422555578	0.00603739662082	-0.0095062698114	0.0201669339166	-0.0357227221223	-0.0230717145171	-0.0171776539533	0.0108687996858	0.0367445255467	-0.0775692052398	-0.0352210657607	-0.0628108924658	0.0480380830949	0.0772501170559	-0.00460173328135	-0.00389527438288	-0.00214090767686	-0.0121579610383	0.0326308470059	-0.0737409625935	-0.0307566983762	-0.032194546679	0.0287858556276	-0.020245258534	0.0646064503899	0.0312175936109	0.056461999647	0.0103756823936	-0.0766327346472	0.0383265931104	0.0446459476756	-0.0232633413543	-0.0696383773714	0.0239209412571	0.0189277484449
k__Bacteria;p__Firmicutes;c__Clostridia;o__Clostridiales;f__Ruminococcaceae;g__Ruminiclostridium;s__[Eubacterium]_siraeum	0.0181506931737	0.00185144650752	0.00090800304609	-0.0460152237077	-0.0215714800991	0.01697336602	-0.0620483633488	0.00178714886164	-0.111697139929	-0.0294434311244	-0.0636474251056	-0.0512765230992	0.0348932205473	-0.0433521710779	0.0900327290996	-0.000943209120423	-0.0146197699765	0.044010576501	0.0278867344188	-0.0146553381992	-0.000384384507318	1.0	-0.0262811474794	0.0539657083228	0.0314080909786	0.00674048971358	0.000457897755945	-0.0179613119527	0.00212209714098	-0.015813673944	0.0807806918106	-0.0291296036518	0.0168797751431	-0.0872567517921	-0.0048910345774	0.0195536715326	-0.0500060573513	0.0772293158637	-0.0168219562196	0.00891252814744	0.00978764829806	-0.0180777354022	0.0331587993449	0.00257806473415	-0.00675596026917	-0.0213365249333	-0.036434605544	-0.02153886308	-0.0314033343762	-0.0130866440253	-0.0203227658671	0.0100709490369	0.0416993261446	0.0149441464836	-0.0157019175185	0.00949349483201	-0.0405208359354	0.0073258631884	-0.0418385062427
k__Bacteria;p__Proteobacteria;c__Betaproteobacteria;o__Burkholderiales;f__Sutterellaceae;g__Parasutterella;s__Parasutterella_excrementihominis	0.014988113145	0.0271454812857	0.0727520550468	0.0251944987509	-0.0596996238455	-0.0210049617454	0.0414762897244	0.00595158148616	0.0197101539693	-0.0326194620436	-0.0644177541975	0.0404202656541	-0.0013819155929	0.0192310828089	0.0138555349572	-0.0466254157119	0.0280064765907	0.0201175891005	-0.0293175755817	-0.0506063234607	-0.028659095576	-0.0262811474794	1.0	0.00329389358277	-0.0108671392177	-0.011126703355	0.0530326988617	0.00667205232387	0.0517378485732	0.0234861857224	-0.0699400675834	-0.035346456362	-0.0607680340938	0.00958664156855	-0.0208392049418	0.0165448645133	0.00974111667345	-0.0575879737261	-0.00231535602055	0.00454387575903	0.00880884111922	0.0522199185567	-0.0925874277432	0.016842840531	-0.019870229753	0.0231735131275	-0.0219961261887	-0.0180194941451	-0.0215627537629	0.0363676254989	0.0334010532672	-0.0123410998752	0.00218413097216	-0.0627773102224	0.0436193825558	-0.011104014663	-0.0814957416694	0.0106396154131	-0.015842848257
k__Bacteria;p__Actinobacteria;c__Actinobacteria;o__Bifidobacteriales;f__Bifidobacteriaceae;g__Bifidobacterium;s__Bifidobacterium_adolescentis	0.0418020236125	-0.014202831864	0.00166696460338	0.0373379220832	0.0181343367631	0.0176486804717	0.0488897049952	0.0152271870062	-0.0350031315684	0.0704984926119	0.0136311786478	0.000452340328202	-0.0190800011076	-0.0408162321106	0.0401255951134	0.010340737568	0.0326294722264	-0.036595003775	-0.0303635890797	0.0353828438526	0.00779854904958	0.0539657083228	0.00329389358277	1.0	-0.0107170850742	-0.0440181772447	-0.0437561910751	-0.0302312259937	-0.0372148889094	-0.0478079410557	0.0313516888326	-0.0199391866826	0.04340412058	0.0043830257895	-0.0689052557774	0.0417246769561	-0.0347459994273	0.017139040914	-0.073047628425	-0.0079125664211	0.0258692412677	-0.0900614405856	-0.0593553812518	-0.029153351869	-0.015823853015	-0.055281629362	-0.0643885281861	-0.0169428653711	-0.0408218076711	0.0239771525982	0.0378447484927	0.0295203065882	-0.0516426338072	0.00926840645294	0.0209263174256	-0.0578433748486	0.0411480837593	-0.0702952858624	-0.0373540929792
k__Bacteria;p__Firmicutes;c__Clostridia;o__Clostridiales;f__Oscillospiraceae;g__Oscillibacter;s__Oscillibacter_sp._KLE_1745	0.026067423711	-0.00333424101396	-0.0179817141034	-0.0102195227213	0.0183352755506	0.0107390975404	-0.00715749680882	-0.0158702673834	-0.04123127077	0.0669792552828	-0.010424442186	-0.00571129404191	0.0767522004703	-0.0390000256912	0.00395284240862	-0.0353619427062	0.0228567952228	-0.0463003785044	-0.0264363255348	0.00173892748898	0.0199422555578	0.0314080909786	-0.0108671392177	-0.0107170850742	1.0	-0.0549455584565	0.0119761978347	0.0244367988903	-0.0289321038322	-0.018634467481	-0.0250881148796	0.00389822650742	0.0826606096914	0.0145734460731	0.0244818615553	-0.0487615932903	-0.033403704059	0.0244282524063	0.031658038909	-0.0151745789932	0.0374267258475	0.0317694567189	0.0142774702389	0.00447870236862	-0.0526553721553	0.00345031359798	0.00377317869242	-0.0327227245978	-0.0133288562703	-0.0531165611698	0.0132304250019	-0.0114690391178	0.013285120013	0.0291714741178	-0.0559520794536	-0.0312142265892	0.0466985107442	-0.0253754642352	-0.0285972116644
k__Bacteria;p__Bacteroidetes;c__Bacteroidia;o__Bacteroidales;f__Bacteroidaceae;g__Bacteroides;s__Bacteroides_coprophilus	-0.00914188824368	0.00878591685203	-0.0179534630134	-0.0637272398521	-0.0018554608596	-0.0699127241636	0.0139412301849	0.0154828773535	-0.00490523328196	0.0434405001726	0.015224323037	0.0486974347766	0.0144350558841	-0.0112867495641	-0.041786732381	-0.0355037889962	0.0104409743	-0.000288260204624	-0.0129150175776	-0.0155316894814	0.00603739662082	0.00674048971358	-0.011126703355	-0.0440181772447	-0.0549455584565	1.0	-0.0187851304222	-0.0157925513288	-0.0116297208028	-0.0384692749795	0.0854599589769	0.019461858486	-0.0357627530453	0.0269162786731	0.000162285265776	0.0179112919311	0.00483879154406	-0.0258009225038	0.0150158675587	0.00420100880188	-0.0532240831598	0.0141200712001	0.021963745108	-0.00717989446772	0.0136046651921	-0.0208110385788	0.000200378703422	0.043146784429	-0.00420932526858	0.00867695287279	0.00147016155541	-0.0464679151331	0.00173859986911	-0.0601047354328	-0.0129989460993	0.0548318846955	0.00254376424956	0.0660860064818	-0.0262512840375
k__Bacteria;p__Firmicutes;c__Clostridia;o__Clostridiales;f__Lachnospiraceae;g__Roseburia;s__Roseburia_intestinalis	-0.0343535699568	0.0265311995379	-0.0365862093516	-0.0552921312869	0.0200245523181	-0.00183437752723	-0.0234627954038	-0.0480029960201	-0.0451841339688	0.00620304804448	0.0275428233009	0.0403017781706	0.0294692525656	0.0129655653139	-0.0695502963769	0.0085317270115	-0.0235902750081	0.00324146881553	0.0237492417515	-0.00592540279275	-0.0095062698114	0.000457897755945	0.0530326988617	-0.0437561910751	0.0119761978347	-0.0187851304222	1.0	0.0235082222635	-0.0579359745022	0.00228625682406	0.0134810567088	-0.0129395150351	0.0318446601178	-0.083325112019	-0.0234937229986	0.0468155540461	0.0270141853412	-0.0295849077133	0.0788904597619	0.0185010709392	0.0323412896405	-0.0479673903324	-0.0257950864914	-0.0331190751361	-0.0122498710017	-0.0472158351155	0.0651396981433	-0.0692063747342	-0.0197415239006	-0.0379954914117	-0.00814476605074	-0.00350543170528	-0.0763615295312	-0.0332985136314	-0.00513628643719	-0.026790246402	-0.033406580588	-0.0260153525436	0.00195354454319
k__Bacteria;p__Firmicutes;c__Clostridia;o__Clostridiales;f__Lachnospiraceae;g__Roseburia;s__Roseburia_hominis	0.0518034831612	0.0297984036577	0.0230811191015	0.0211922601822	0.0159400623759	-0.0108711460879	-0.0772324225829	-0.0391298308995	0.0513253215664	0.0156144572249	-0.0377687933066	-0.0332176345285	0.0268574416655	-0.00392841210417	-0.0913110752033	-0.0896226558171	-0.0542293417305	0.00689615060201	0.0440771138038	0.00156472921097	0.0201669339166	-0.0179613119527	0.00667205232387	-0.0302312259937	0.0244367988903	-0.0157925513288	0.0235082222635	1.0	-0.0148213519163	-0.0308319913246	0.0210330979262	0.0198675678897	0.0153384485679	-0.002129003457	-0.059161013603	-0.0465228596511	-0.0270781433331	-0.0448340098371	-0.00524723186751	-0.0590162350363	0.0193635864599	-0.0113448154588	-0.0239996332833	0.0458346362427	0.0246704973725	-0.0393425756933	-0.012771594705	-0.0314415179517	0.0172918264312	0.00616160297223	-0.0350462162394	0.0239029777232	-0.0621807701931	0.0108813652681	0.0149131435657	-0.0280459782952	-0.0685615414292	-0.0886906826004	0.0462200256018
k__Bacteria;p__Bacteroidetes;c__Bacteroidia;o__Bacteroidales;f__Porphyromonadaceae;g__Parabacteroides;s__Parabacteroides_johnsonii	-0.0391072617391	0.00186397125373	-0.00519010038568	0.0389668600624	0.0217969354446	-0.058298815668	-0.0464192016433	-0.0436707408769	-0.0120842298911	-0.140684783958	-0.0159300545859	-0.0227309187575	0.0723768428437	-0.00190189460338	-0.0648678467108	-0.0371683189231	0.0141637917102	0.0618500389032	0.0110465209705	0.0267270557559	-0.0357227221223	0.00212209714098	0.0517378485732	-0.0372148889094	-0.0289321038322	-0.0116297208028	-0.0579359745022	-0.0148213519163	1.0	0.0315843719335	-0.0884537738152	-0.0609309284953	0.0271541496503	-0.0328448415614	0.0161186342625	-0.0056778680575	-0.011983981638	0.0292280354565	-0.0102106787376	0.00817859918894	-0.0130079708956	0.0205420395314	0.0132273868467	0.0359135955578	-0.106969122887	0.00333621183014	-0.0194838078818	-0.048758212278	0.00594083856457	-0.0320093856563	0.0378727006858	0.00251473175512	0.0412566650103	0.0488257729084	-0.0457566593643	-0.0772894410554	0.0194262436873	-0.0401451970411	0.00935405698667
k__Bacteria;p__Actinobacteria;c__Actinobacteria;o__Bifidobacteriales;f__Bifidobacteriaceae;g__Bifidobacterium;s__Bifidobacterium_longum	0.000411883968263	-0.053172680994	0.036539664096	-0.0149260103742	-0.0196049312772	-0.0418321438716	0.0574943328369	-0.0270547877767	-0.0418207916279	-0.0314724464247	-0.0363983490409	0.008147577931	0.0191806024744	0.0226122677868	0.0129979231168	-0.0331558555038	-0.0160633719748	0.0206012930951	-0.0251583040977	0.0321915029094	-0.0230717145171	-0.015813673944	0.0234861857224	-0.0478079410557	-0.018634467481	-0.0384692749795	0.00228625682406	-0.0308319913246	0.0315843719335	1.0	-0.035418185755	-0.00469213504184	-0.0578937004392	0.00700516097463	0.00443370115804	-0.00823758927283	-0.0379022762284	-0.00854572353474	-0.0812058942623	0.0604375218822	-0.00761976309664	0.0139540370151	-0.0565160193352	0.0217795841438	0.00563597245988	-0.0186167601215	-0.0534485539594	-0.0896919191043	-0.0279919574264	0.0223631661083	-0.0162144305083	0.0725901509078	0.0244603686598	0.0272624983306	-0.0232547906785	0.0165867676048	0.0116033875776	-0.00764543336714	0.056003587086
