#taxonomy	k__Bacteria;p__Bacteroidetes;c__Bacteroidia;o__Bacteroidales;f__Bacteroidaceae;g__Bacteroides;s__Bacteroides_vulgatus	k__Bacteria;p__Bacteroidetes;c__Bacteroidia;o__Bacteroidales;f__Bacteroidaceae;g__Bacteroides;s__Bacteroides_uniformis	k__Bacteria;p__Bacteroidetes;c__Bacteroidia;o__Bacteroidales;f__Rikenellaceae;g__Alistipes;s__Alistipes_putredinis	k__Bacteria;p__Bacteroidetes;c__Bacteroidia;o__Bacteroidales;f__Prevotellaceae;g__Prevotella;s__Prevotella_copri	k__Bacteria;p__Bacteroidetes;c__Bacteroidia;o__Bacteroidales;f__Bacteroidaceae;g__Bacteroides;s__Bacteroides_stercoris	k__Bacteria;p__Bacteroidetes;c__Bacteroidia;o__Bacteroidales;f__Bacteroidaceae;g__Bacteroides;s__Bacteroides_ovatus	k__Bacteria;p__Bacteroidetes;c__Bacteroidia;o__Bacteroidales;f__Rikenellaceae;g__Alistipes;s__Alistipes_shahii	k__Bacteria;p__Firmicutes;c__Clostridia;o__Clostridiales;f__Ruminococcaceae;g__Faecalibacterium;s__Faecalibacterium_prausnitzii	k__Bacteria;p__Bacteroidetes;c__Bacteroidia;o__Bacteroidales;f__Rikenellaceae;g__Alistipes;s__Alistipes_finegoldii	k__Bacteria;p__Bacteroidetes;c__Bacteroidia;o__Bacteroidales;f__Porphyromonadaceae;g__Parabacteroides;s__Parabacteroides_distasonis	k__Bacteria;p__Bacteroidetes;c__Bacteroidia;o__Bacteroidales;f__Bacteroidaceae;g__Bacteroides;s__Bacteroides_thetaiotaomicron	k__Bacteria;p__Bacteroidetes;c__Bacteroidia;o__Bacteroidales;f__Bacteroidaceae;g__Bacteroides;s__Bacteroides_coprocola	k__Bacteria;p__Bacteroidetes;c__Bacteroidia;o__Bacteroidales;f__Bacteroidaceae;g__Bacteroides;s__Bacteroides_cellulosilyticus	k__Bacteria;p__Bacteroidetes;c__Bacteroidia;o__Bacteroidales;f__Rikenellaceae;g__Alistipes;s__Alistipes_obesi	k__Bacteria;p__Firmicutes;c__Clostridia;o__Clostridiales;f__Lachnospiraceae;g__;s__[Eubacterium]_rectale	k__Bacteria;p__Bacteroidetes;c__Bacteroidia;o__Bacteroidales;f__Bacteroidaceae;g__Bacteroides;s__Bacteroides_plebeius	k__Bacteria;p__Bacteroidetes;c__Bacteroidia;o__Bacteroidales;f__Bacteroidaceae;g__Bacteroides;s__Bacteroides_fragilis	k__Bacteria;p__Proteobacteria;c__Betaproteobacteria;o__Burkholderiales;f__Sutterellaceae;g__Sutterella;s__Sutterella_wadsworthensis	k__Bacteria;p__Bacteroidetes;c__Bacteroidia;o__Bacteroidales;f__Porphyromonadaceae;g__Barnesiella;s__Barnesiella_intestinihominis	k__Bacteria;p__Bacteroidetes;c__Bacteroidia;o__Bacteroidales;f__Odoribacteraceae;g__Odoribacter;s__Odoribacter_splanchnicus	k__Bacteria;p__Bacteroidetes;c__Bacteroidia;o__Bacteroidales;f__Bacteroidaceae;g__Bacteroides;s__Bacteroides_salyersiae	k__Bacteria;p__Firmicutes;c__Clostridia;o__Clostridiales;f__Ruminococcaceae;g__Ruminiclostridium;s__[Eubacterium]_siraeum	k__Bacteria;p__Proteobacteria;c__Betaproteobacteria;o__Burkholderiales;f__Sutterellaceae;g__Parasutterella;s__Parasutterella_excrementihominis	k__Bacteria;p__Actinobacteria;c__Actinobacteria;o__Bifidobacteriales;f__Bifidobacteriaceae;g__Bifidobacterium;s__Bifidobacterium_adolescentis	k__Bacteria;p__Firmicutes;c__Clostridia;o__Clostridiales;f__Oscillospiraceae;g__Oscillibacter;s__Oscillibacter_sp._KLE_1745	k__Bacteria;p__Bacteroidetes;c__Bacteroidia;o__Bacteroidales;f__Bacteroidaceae;g__Bacteroides;s__Bacteroides_coprophilus	k__Bacteria;p__Firmicutes;c__Clostridia;o__Clostridiales;f__Lachnospiraceae;g__Roseburia;s__Roseburia_intestinalis	k__Bacteria;p__Firmicutes;c__Clostridia;o__Clostridiales;f__Lachnospiraceae;g__Roseburia;s__Roseburia_hominis	k__Bacteria;p__Bacteroidetes;c__Bacteroidia;o__Bacteroidales;f__Porphyromonadaceae;g__Parabacteroides;s__Parabacteroides_johnsonii	k__Bacteria;p__Actinobacteria;c__Actinobacteria;o__Bifidobacteriales;f__Bifidobacteriaceae;g__Bifidobacterium;s__Bifidobacterium_longum	k__Bacteria;p__Firmicutes;c__Clostridia;o__Clostridiales;f__;g__Flavonifractor;s__Flavonifractor_plautii	k__Bacteria;p__Firmicutes;c__Clostridia;o__Clostridiales;f__Clostridiaceae;g__Clostridium;s__Clostridium_phoceensis	k__Bacteria;p__Verrucomicrobia;c__Verrucomicrobiae;o__Verrucomicrobiales;f__Akkermansiaceae;g__Akkermansia;s__Akkermansia_muciniphila	k__Bacteria;p__Bacteroidetes;c__Bacteroidia;o__Bacteroidales;f__Prevotellaceae;g__Paraprevotella;s__Paraprevotella_xylaniphila	k__Bacteria;p__Firmicutes;c__Clostridia;o__Clostridiales;f__Ruminococcaceae;g__Ruminococcus;s__Ruminococcus_callidus	k__Bacteria;p__Bacteroidetes;c__Bacteroidia;o__Bacteroidales;f__Rikenellaceae;g__Alistipes;s__Alistipes_senegalensis	k__Bacteria;p__Firmicutes;c__Clostridia;o__Clostridiales;f__Lachnospiraceae;g__Blautia;s__Blautia_sp._KLE_1732	k__Bacteria;p__Bacteroidetes;c__Bacteroidia;o__Bacteroidales;f__Bacteroidaceae;g__Bacteroides;s__Bacteroides_oleiciplenus	k__Bacteria;p__Firmicutes;c__Clostridia;o__Clostridiales;f__Ruminococcaceae;g__Ruminococcus;s__Ruminococcus_bicirculans	k__Bacteria;p__Bacteroidetes;c__Bacteroidia;o__Bacteroidales;f__Bacteroidaceae;g__Bacteroides;s__Bacteroides_fluxus	k__Bacteria;p__Bacteroidetes;c__Bacteroidia;o__Bacteroidales;f__Prevotellaceae;g__Prevotella;s__Prevotella_stercorea	k__Bacteria;p__Firmicutes;c__Clostridia;o__Clostridiales;f__Lachnospiraceae;g__Dorea;s__Dorea_longicatena	k__Bacteria;p__Firmicutes;c__Clostridia;o__Clostridiales;f__Eubacteriaceae;g__Eubacterium;s__[Eubacterium]_eligens	k__Bacteria;p__Firmicutes;c__Clostridia;o__Clostridiales;f__Ruminococcaceae;g__;s__Ruminococcaceae_bacterium_D16	k__Bacteria;p__Firmicutes;c__Clostridia;o__Clostridiales;f__Lachnospiraceae;g__Coprococcus;s__Coprococcus_comes	k__Bacteria;p__Proteobacteria;c__Gammaproteobacteria;o__Enterobacterales;f__Enterobacteriaceae;g__Escherichia;s__Escherichia_coli	k__Bacteria;p__Firmicutes;c__Clostridia;o__Clostridiales;f__Ruminococcaceae;g__Anaerotruncus;s__Anaerotruncus_colihominis	k__Bacteria;p__Firmicutes;c__Clostridia;o__Clostridiales;f__Lachnospiraceae;g__Blautia;s__Blautia_obeum	k__Bacteria;p__Bacteroidetes;c__Bacteroidia;o__Bacteroidales;f__Odoribacteraceae;g__Odoribacter;s__Odoribacter_laneus	k__Bacteria;p__Firmicutes;c__Clostridia;o__Clostridiales;f__Ruminococcaceae;g__Ruminiclostridium;s__[Clostridium]_leptum	k__Bacteria;p__Bacteroidetes;c__Bacteroidia;o__Bacteroidales;f__Porphyromonadaceae;g__Parabacteroides;s__Parabacteroides_goldsteinii	k__Bacteria;p__Firmicutes;c__Clostridia;o__Clostridiales;f__Lachnospiraceae;g__Anaerostipes;s__Anaerostipes_hadrus	k__Bacteria;p__Firmicutes;c__Clostridia;o__Clostridiales;f__Ruminococcaceae;g__Ruminococcus;s__Ruminococcus_lactaris	k__Bacteria;p__Firmicutes;c__Clostridia;o__Clostridiales;f__Clostridiaceae;g__Clostridium;s__Clostridium_sp._L2-50	k__Bacteria;p__Firmicutes;c__Clostridia;o__Clostridiales;f__Clostridiaceae;g__Clostridium;s__Clostridium_sp._M62/1	k__Bacteria;p__Firmicutes;c__Clostridia;o__Clostridiales;f__;g__Intestinimonas;s__Intestinimonas_butyriciproducens	k__Bacteria;p__Actinobacteria;c__Actinobacteria;o__Bifidobacteriales;f__Bifidobacteriaceae;g__Bifidobacterium;s__Bifidobacterium_bifidum	k__Bacteria;p__Firmicutes;c__Negativicutes;o__Veillonellales;f__Veillonellaceae;g__Dialister;s__Dialister_invisus	k__Bacteria;p__Bacteroidetes;c__Bacteroidia;o__Bacteroidales;f__Bacteroidaceae;g__Bacteroides;s__Bacteroides_salanitronis
k__Bacteria;p__Bacteroidetes;c__Bacteroidia;o__Bacteroidales;f__Bacteroidaceae;g__Bacteroides;s__Bacteroides_vulgatus	1.0	0.0531918593764	0.0569802601038	-0.0241637803113	-0.0456438884141	-0.0476717178031	-0.0164870987265	-0.0144641855094	-0.0830992779111	-0.0264977291118	-0.0657955928311	-0.00392738891283	-0.0108037795949	0.0740158695324	-0.047194221217	-0.0152600431914	-0.0160292075991	-0.0523228443574	0.0210930716858	-0.0689129820418	-0.0104083856706	-0.0711974194151	0.0593924179076	0.0215106152622	-0.0114107056146	-0.00785019987041	-0.0440235979458	-0.0583954030461	0.026435258049	-0.0529963405575	-0.0138806785631	-0.0179605475511	0.0411645632054	-0.0177162019438	-0.00183822662715	-0.0128497096282	0.0108513005828	-0.0435663319996	-0.0563626377659	0.0140476956547	0.0268868005023	0.0377790320998	0.0453686975893	0.0378478064095	0.0205780997259	-0.0238323496235	0.0259274105309	0.0692345607949	0.0346262306457	0.01145038383	0.0358060243817	0.0364896092935	-0.0437271111096	-0.0149890191253	-0.0864120567367	-0.0658000536443	0.00993591418619	-0.0851208212085	0.00488390738148
k__Bacteria;p__Bacteroidetes;c__Bacteroidia;o__Bacteroidales;f__Bacteroidaceae;g__Bacteroides;s__Bacteroides_uniformis	0.0531918593764	1.0	0.0180381163777	-0.0938163414841	0.0406060628181	0.0433887657452	-0.029845025771	0.00732315146403	-0.00879026744392	0.0924711824284	-0.0808025304654	-0.041230022946	-0.013184486056	-0.0220144114428	-0.0911313601035	-0.0448292402581	0.0377421927888	-0.00425909673393	-0.0309668126132	0.0431595560895	0.059067701257	-0.069629325964	-0.024434833318	-0.0101688077993	0.0420702145702	-0.0346258845209	0.0225532687818	-0.0518308049028	0.0246333646832	0.00260364259917	0.00886248930846	-0.0215694047887	-0.0570939282751	0.0331719002102	-0.0123306798339	-0.040502311265	0.0344719768547	0.0169573922601	-0.0353866753523	-0.0147004785114	-0.0230308951735	-0.0154501548323	-0.0345233589482	0.0221147047261	0.0104525021692	-0.00223430942885	0.0298311811111	0.0486678454111	-0.0183393658779	-0.0156610691514	0.00867585733495	-0.00889825265381	-0.0148273691619	-0.0250807356863	0.0119031709734	0.0218759614425	-0.0396407121623	-0.0106759003345	-0.00646340084845
k__Bacteria;p__Bacteroidetes;c__Bacteroidia;o__Bacteroidales;f__Rikenellaceae;g__Alistipes;s__Alistipes_putredinis	0.0569802601038	0.0180381163777	1.0	0.00610937100389	-0.0329149441612	-0.0469248657903	-0.0113576460425	-0.0180788932811	-0.0030635254227	0.0069292658134	0.0137874849835	0.0420829806062	-0.00585014589568	-0.00594313549295	-0.0276629428321	0.00369489913575	-0.00999880848271	-0.047943820999	0.0343391362464	0.0248318958623	0.0208874661022	-0.0627451049016	0.0467524137176	-0.0205400350925	0.0231227041045	-0.00431229703891	0.0328301805947	0.00604492247185	-0.013970316523	-0.0456486661144	-0.00621959790101	-0.0505734456411	-0.0102435866531	0.00191222233378	0.0125024882491	-0.00329724407029	0.0124212472135	-0.0509620794937	0.042890137004	-0.0390091379623	0.0147966135414	-0.00702289522814	0.0161559747766	0.0023013272134	-0.0357435313855	-0.0530366906781	0.0155034650848	0.0624398384706	-0.015189714427	0.034625253218	-0.0212787281351	0.00519916709287	0.0177712148685	0.0313903942917	-0.0678691906288	-0.0113804395595	-0.0426219732369	-0.00344832638744	0.0205600865083
k__Bacteria;p__Bacteroidetes;c__Bacteroidia;o__Bacteroidales;f__Prevotellaceae;g__Prevotella;s__Prevotella_copri	-0.0241637803113	-0.0938163414841	0.00610937100389	1.0	-0.0356550885489	-0.00659656706152	-0.0479555564479	-0.024022352527	-0.0333234945606	-0.0317132126889	-0.0183100728038	-0.0242003531253	0.0112136780689	-0.000915940257176	-0.0439984126207	-0.0152471315932	-0.0216434808056	-0.0486382303619	-0.031887861219	-0.0367556538387	-0.0137527310223	0.0332692776569	0.00411378221412	0.0347533890558	-0.038847070857	-0.0208774914998	0.00805149224646	-0.0465336901441	0.03682777651	-0.0562623777662	-0.00953895100444	0.0222200175695	-0.0187240388518	-0.0093651190191	0.0344313704714	0.00957650077801	-0.0456904918744	0.0406553902347	0.0127143312982	0.00770427159554	-0.0492206433876	0.0173757646614	0.0657684081181	-0.0840374704877	-0.0564548640419	-0.0587738565769	-0.0273857131499	-0.0793980244732	0.0116101094299	0.0450786343505	0.0290133972509	0.0334930525364	0.015291834276	0.00639764012643	0.0144079191184	0.0153302567943	0.0100254366158	-0.00246939229216	0.00965142202214
k__Bacteria;p__Bacteroidetes;c__Bacteroidia;o__Bacteroidales;f__Bacteroidaceae;g__Bacteroides;s__Bacteroides_stercoris	-0.0456438884141	0.0406060628181	-0.0329149441612	-0.0356550885489	1.0	-0.0216738645369	-0.0344937611261	0.0288706661369	0.0340478495911	-0.0521114112253	-0.0680831816939	0.0479992972531	0.0443564207448	-0.0108286249224	0.0132453505886	-0.0113484901668	-0.0253368010814	-0.0316871405657	0.0339824318473	-0.0385106403527	-0.016911946025	-0.0061413758132	0.00349281586847	0.0267573617632	0.0610670767644	-0.0176476191645	-0.0549929893958	0.0545312144877	-0.0107639437538	-0.0367009650857	-0.0278724607438	0.086817424002	-0.0506274899124	-0.0343476462638	-0.012133717972	-0.0500493611071	0.0495917018817	-0.0187365525332	-0.0518366893275	-0.0426499974481	-0.0245601446734	-0.0245877967839	-0.0633249696919	0.0141723474583	0.0580328924026	0.00193052966499	-0.0392717871082	-0.0626831523876	0.0254172052864	-0.0624392415283	0.0301314937751	-0.0401197331555	-0.0427607874577	0.0503464137403	-0.0434502073072	0.00264841293076	-0.0301298045411	0.0293645652494	-0.0761947592991
k__Bacteria;p__Bacteroidetes;c__Bacteroidia;o__Bacteroidales;f__Bacteroidaceae;g__Bacteroides;s__Bacteroides_ovatus	-0.0476717178031	0.0433887657452	-0.0469248657903	-0.00659656706152	-0.0216738645369	1.0	-0.00901218621299	0.0288581404612	-0.00113029498087	-0.0720848259072	0.0028440970336	0.00289101153742	-0.0138396454894	0.0185357616239	0.0223589607825	-0.0654331273817	-0.0141382946814	0.0275612936458	-0.0228820428403	0.00463223791936	0.0442686004473	0.0362851361767	0.0131395322179	-0.0273871029508	0.0222143214618	-0.0305595065693	0.00600792513601	-0.00835293485432	-0.0534010536721	0.0175220829329	0.0248761136633	-0.0243722314693	0.0152624792883	-0.0315857296691	0.0136700840722	-0.0150492743808	-0.0259892668955	-0.0328286999018	-0.0481576754821	-0.0036486884371	0.00481481927433	-0.00173728835119	0.00841198279987	0.0622485984502	-0.00916677587545	0.0103444706742	0.00799252642556	-0.0167601424866	0.0361874357018	-0.0158653789381	-0.017978747818	-0.00375955394743	-0.0491828905995	0.0191088237639	-0.0436045448943	0.0207593616818	-0.00456177307626	0.0592825099666	-0.048877595685
k__Bacteria;p__Bacteroidetes;c__Bacteroidia;o__Bacteroidales;f__Rikenellaceae;g__Alistipes;s__Alistipes_shahii	-0.0164870987265	-0.029845025771	-0.0113576460425	-0.0479555564479	-0.0344937611261	-0.00901218621299	1.0	-0.0487334077099	0.0132129062358	-0.0453772110209	0.0259603750544	0.0148616552194	0.0226638902077	-0.0476753123965	0.0312221624621	0.0544079491424	0.0233984763171	-0.00631884107764	0.043406254825	-0.0278203085696	0.0170878405834	-0.0211879142198	-0.0306326534417	-0.0189655066382	-0.0527919882095	-0.0331025145357	-0.0279262923232	0.0599347463774	0.0598819230616	-0.036676135217	-0.00151773971979	-0.000980950680173	-0.0244179992019	-0.0121897768628	0.00988536092564	-0.0499191921303	-0.0325690217488	-0.0528322943414	0.0621254772926	0.0296699450539	0.0156317954513	0.0208040809571	0.0440850389181	-0.0662843801004	0.0465401467958	0.0478834868477	-0.015227170152	0.0381619239611	-0.00812830346553	0.00880356192324	0.00420214509647	-0.0533709454841	0.018066286299	0.0140663221378	-0.0234234593988	0.043671254977	0.0528634439655	-0.0286297681138	-0.0103569252351
k__Bacteria;p__Firmicutes;c__Clostridia;o__Clostridiales;f__Ruminococcaceae;g__Faecalibacterium;s__Faecalibacterium_prausnitzii	-0.0144641855094	0.00732315146403	-0.0180788932811	-0.024022352527	0.0288706661369	0.0288581404612	-0.0487334077099	1.0	-0.0102312898388	-0.011212820114	0.00264276032529	-0.0529380132457	-0.0182694630035	0.0223712882307	0.0375089394261	-0.0524187079919	-0.0958310679807	0.0447899332534	-0.0243977451415	0.0215819455043	0.00702371026736	0.0134153937699	0.0146678069788	-0.0301635112107	0.0361408142817	-0.0417561232496	0.0416986948196	0.0130323846375	-0.022646435469	-0.0476906147782	0.0182757107098	-0.0531828046201	-0.0182094227458	-0.0290644502185	-0.0146226031564	-0.0241468062879	0.0285566981586	0.040062346558	0.0185719978795	0.0357960686269	0.00765951402623	-0.0241575063395	0.0227874627065	0.0101473124174	0.0347836679241	-0.0393903398813	0.0162065769429	-0.0043140893124	-0.0414563775196	0.0175597017255	-0.0272906432817	0.0423194639679	0.0370997684051	-0.0243673394084	-0.0089126388247	-0.0127412983139	-0.0549140680614	-0.0203934220185	-0.0425697888493
k__Bacteria;p__Bacteroidetes;c__Bacteroidia;o__Bacteroidales;f__Rikenellaceae;g__Alistipes;s__Alistipes_finegoldii	-0.0830992779111	-0.00879026744392	-0.0030635254227	-0.0333234945606	0.0340478495911	-0.00113029498087	0.0132129062358	-0.0102312898388	1.0	-0.0394384150544	0.00449968999297	0.00566129423712	0.030643357717	-0.04627242796	-0.0476392315636	0.00530349910399	0.0330390368161	-0.0674947435291	0.0533151575192	-0.00416108951557	0.0439282826789	-0.0589500892866	-0.0380996861933	-0.0480132413147	0.0178933456967	0.00258767633052	-0.042930541362	0.00531976544219	0.0242970694409	0.0403605915291	0.00644175914919	-0.0635688702701	-0.0463427468809	0.0187966103915	-0.0186763351685	-0.0143931574294	0.0068175178135	-0.0306456838998	-0.057086091017	0.0202840268836	0.0298951435484	-0.0428636321713	-0.0287459061033	-0.0207725307596	0.0107690704609	0.0045046946726	0.0331736654081	0.0261872797826	-0.0417545046339	-0.0210064624116	0.00684466440739	0.00288737687896	-0.00932206334966	-0.000271362071684	0.0240100210196	-0.0564471216226	0.0390951609016	0.00936471468925	0.0199410486807
k__Bacteria;p__Bacteroidetes;c__Bacteroidia;o__Bacteroidales;f__Porphyromonadaceae;g__Parabacteroides;s__Parabacteroides_distasonis	-0.0264977291118	0.0924711824284	0.0069292658134	-0.0317132126889	-0.0521114112253	-0.0720848259072	-0.0453772110209	-0.011212820114	-0.0394384150544	1.0	0.0318361628162	-0.0467240625274	-0.0110934668414	0.0354295473506	0.00779151078039	-0.0118028623844	0.0467818897034	-0.000584118024667	-0.0426583562528	-0.055940142873	-0.0204026628942	-0.00897081288592	-0.072935839003	-0.000252714908264	0.035493591069	0.0318330816026	0.019670217474	-0.0559362849538	0.0352502850512	-0.0188704182357	0.0568455878108	-0.0200671262515	-0.0119108767228	-0.00336145477843	0.0627895110085	-0.0320640926408	0.0113241352915	-0.0429915537656	-0.0261274009964	0.0497389940961	-0.0674356973166	-0.0605756741289	-0.0659188023546	-0.0134345362374	-0.00756358968183	-0.00937673592373	0.0320407302158	-0.0388215758329	-0.00460854908348	0.012037683177	0.034183523324	-0.020888860948	-0.0187898237178	-0.0330089436725	-0.0375071887715	-0.0857165952482	0.0136184300282	-0.0105975603723	0.0341081655185
k__Bacteria;p__Bacteroidetes;c__Bacteroidia;o__Bacteroidales;f__Bacteroidaceae;g__Bacteroides;s__Bacteroides_thetaiotaomicron	-0.0657955928311	-0.0808025304654	0.0137874849835	-0.0183100728038	-0.0680831816939	0.0028440970336	0.0259603750544	0.00264276032529	0.00449968999297	0.0318361628162	1.0	-0.0369649498933	-0.0153199847905	-0.0133637747994	0.0128032540726	0.0411986620037	0.0248150175611	-0.0191936003137	0.00655744943668	-0.0363905340579	-0.0854924374603	0.0221422535925	-0.0669414755542	-0.0183127473806	0.120242798054	-0.064331588399	0.0154782842314	0.0458698759902	-0.0445336827644	-0.00982802642689	-0.00248277339154	0.00404090642397	-0.02579551501	-0.0354742247064	0.0336082820304	-0.0138581039298	-0.00420117192168	0.0125802951708	0.0455630131378	0.0051776943383	-0.0560194305068	0.0496862765765	0.0141131790401	0.0315850887699	-0.0243152194418	-0.0125786516824	-0.00473475008251	0.0235187406076	-0.0381928125251	-0.0173229838519	-0.0131822720792	-0.115367744099	-0.036222051521	0.0336432167872	-0.00763795350688	-0.0652464021666	-0.0375409643654	0.0191748156201	-0.0268246553145
k__Bacteria;p__Bacteroidetes;c__Bacteroidia;o__Bacteroidales;f__Bacteroidaceae;g__Bacteroides;s__Bacteroides_coprocola	-0.00392738891283	-0.041230022946	0.0420829806062	-0.0242003531253	0.0479992972531	0.00289101153742	0.0148616552194	-0.0529380132457	0.00566129423712	-0.0467240625274	-0.0369649498933	1.0	0.0131179728752	0.0232170607539	-0.0420007583036	0.030362670284	-0.00889518098654	0.0869631985261	0.0040312258241	0.00358894214696	0.0135868856176	-0.015505372392	0.0211173587013	0.0415083981383	0.014256245142	-0.0623463826721	-0.0398153745181	-0.0173737138555	0.0337026327129	-0.0139971029081	-0.00965333079247	0.00533323694246	0.0378947362565	0.00434533969628	-0.0299205591083	-0.000507695837682	-0.0313656094071	-0.00938059784183	-0.053640697038	0.041182978426	-0.0151179298214	0.0707967539794	-0.0688148529433	-0.0330497679109	-2.58382955643e-05	-0.0588937161487	0.00755149085208	0.0141024092046	0.0485158110307	0.0331829952616	-0.0182125320097	-0.0481469406278	0.00561162220582	0.0148441614968	0.00415493676702	0.00653328768309	-0.0162734482811	-0.030784817148	-0.0458136958
k__Bacteria;p__Bacteroidetes;c__Bacteroidia;o__Bacteroidales;f__Bacteroidaceae;g__Bacteroides;s__Bacteroides_cellulosilyticus	-0.0108037795949	-0.013184486056	-0.00585014589568	0.0112136780689	0.0443564207448	-0.0138396454894	0.0226638902077	-0.0182694630035	0.030643357717	-0.0110934668414	-0.0153199847905	0.0131179728752	1.0	-0.05750331198	0.0141186328627	0.0228811935774	-0.013883520928	-0.0149894933314	0.0334251188599	0.022207548928	0.0266803539002	0.0259912788087	0.0523783446977	-0.0741841733645	0.00128799897678	-0.00118249350322	0.102122174664	-0.0590725066536	-0.0990691841159	0.0282467364949	-0.0703517101415	-0.00179013815687	-0.00819221239067	0.00916834562344	0.0375726272387	-0.0133288205921	-0.0493489010976	-0.00478941183857	0.022769806544	0.0226490094516	0.0174510706199	-0.0548212908815	-0.00461833094602	-0.0044903346236	0.035992793624	0.00145691611682	-0.0218825917578	0.0554559948636	0.0320174631527	-0.0764896126743	-0.0302605486729	-0.0232469189999	-0.0846953375055	-0.0305805545771	-0.0235381686437	0.0132295794606	-0.0390784599848	-0.0141010770258	0.0272479747424
k__Bacteria;p__Bacteroidetes;c__Bacteroidia;o__Bacteroidales;f__Rikenellaceae;g__Alistipes;s__Alistipes_obesi	0.0740158695324	-0.0220144114428	-0.00594313549295	-0.000915940257176	-0.0108286249224	0.0185357616239	-0.0476753123965	0.0223712882307	-0.04627242796	0.0354295473506	-0.0133637747994	0.0232170607539	-0.05750331198	1.0	-0.00164403670788	0.0691039144245	-0.073337612448	0.0158303483026	-0.0768865801926	0.0388023103851	0.0029503556208	0.0235595427029	0.038232552717	-0.0437102255806	-0.0438762783484	-0.0192372082922	-0.0168776457695	-0.0285208912019	0.0367392975329	-0.0388017380679	-0.0198544599429	-0.00373633957941	-0.0507047649535	-0.0416589860425	0.0730888885334	0.00871948497984	0.0475739584211	0.0438499695541	-0.0548257545097	-0.00882230605965	0.0211457393274	-0.0218995639663	0.0223242020088	0.0464639430243	-0.122233320836	-0.027406197145	-0.0195680250705	-0.00211835410554	-0.0203049490291	-0.0162198492622	0.0382282049365	0.0463418262157	0.0038255704652	-0.0957334540509	0.0501985293789	-0.063093806562	-0.0209138907296	-0.0142084258669	-0.0443146996794
k__Bacteria;p__Firmicutes;c__Clostridia;o__Clostridiales;f__Lachnospiraceae;g__;s__[Eubacterium]_rectale	-0.047194221217	-0.0911313601035	-0.0276629428321	-0.0439984126207	0.0132453505886	0.0223589607825	0.0312221624621	0.0375089394261	-0.0476392315636	0.00779151078039	0.0128032540726	-0.0420007583036	0.0141186328627	-0.00164403670788	1.0	0.00921915165791	-0.0175872254732	-0.0191369024551	-0.0010934031361	-0.00261745317231	-0.00434154594754	-0.0203168564231	-0.0636861155025	-0.0131103770381	-0.0201374181826	0.0189307667382	-0.0186402346336	0.0234722800704	-0.0204591288509	-0.0102161838237	-0.00430974539548	0.0028057819027	-0.0110673801591	0.0205790093613	0.0218513535223	-0.0624576130573	-0.0263522213684	-0.0388316646005	-0.00472336207806	0.00177428759217	-0.0548662139336	-0.0078692967253	-0.0211329444597	-0.00400448469345	-0.0768334417748	-0.00939349124504	-0.0214047417307	0.0451033224074	-0.0179070958777	-0.0249681030129	0.00697681408872	-0.0088036299069	0.00748553417695	-0.0167733252187	0.0151515782141	0.0144015632514	0.0272596915669	0.0461842373712	-0.0236455566761
k__Bacteria;p__Bacteroidetes;c__Bacteroidia;o__Bacteroidales;f__Bacteroidaceae;g__Bacteroides;s__Bacteroides_plebeius	-0.0152600431914	-0.0448292402581	0.00369489913575	-0.0152471315932	-0.0113484901668	-0.0654331273817	0.0544079491424	-0.0524187079919	0.00530349910399	-0.0118028623844	0.0411986620037	0.030362670284	0.0228811935774	0.0691039144245	0.00921915165791	1.0	-0.0178903514642	-0.0198709321023	-0.000362075885634	0.0243725053478	0.0148915632804	0.000975083624241	0.00746049734729	-0.00552852368951	-0.0605479055297	-0.021299051314	0.000980885040877	-0.0608041851511	0.00672695858295	-0.0547081895321	-0.0306346892758	0.000655119193824	0.00177857961131	0.00814878938715	-0.0472192479034	0.0198366519682	-0.0226866608939	-0.0225114837903	0.0856493454271	-0.0147228588281	-0.029629548065	-0.0503700675328	0.0121978994905	-0.0521002804198	0.00830382391486	-0.0271879194188	-0.0147072087579	-0.050782359645	-0.00385454822127	-0.103298140314	0.0404933468818	0.0231736071908	-0.00415685088409	-0.00972692728157	0.0274925807146	0.0250150009589	0.0603714677023	-0.0120028928361	-0.0096142917675
k__Bacteria;p__Bacteroidetes;c__Bacteroidia;o__Bacteroidales;f__Bacteroidaceae;g__Bacteroides;s__Bacteroides_fragilis	-0.0160292075991	0.0377421927888	-0.00999880848271	-0.0216434808056	-0.0253368010814	-0.0141382946814	0.0233984763171	-0.0958310679807	0.0330390368161	0.0467818897034	0.0248150175611	-0.00889518098654	-0.013883520928	-0.073337612448	-0.0175872254732	-0.0178903514642	1.0	0.0184760936005	-0.0375525091505	-0.00598836081134	0.0441773359608	-0.0375196140255	-0.0301079075973	-0.0129798755724	0.061169852566	-0.027513611441	0.00409949537461	-0.0176945749894	-0.00599677021209	0.0190384123831	-0.0251586201422	-0.0321748083883	-0.0300148581396	0.0747342079906	-0.0587616985127	0.0279587480211	0.00699646164015	-0.0225836276418	-0.0138173478394	-0.0264662960827	-0.0655001563332	0.00635579225614	-0.00357681208967	-0.0675637342623	-0.0111125480707	-0.0276581825938	-0.0338409711029	0.0330742068483	-0.0185635841659	0.00691045353548	0.0517474511014	-0.0502709497588	-0.0938194476675	0.0297569196799	-0.0452254585551	-0.00794402855326	-0.0134771271605	0.033208135372	0.0237727222541
k__Bacteria;p__Proteobacteria;c__Betaproteobacteria;o__Burkholderiales;f__Sutterellaceae;g__Sutterella;s__Sutterella_wadsworthensis	-0.0523228443574	-0.00425909673393	-0.047943820999	-0.0486382303619	-0.0316871405657	0.0275612936458	-0.00631884107764	0.0447899332534	-0.0674947435291	-0.000584118024666	-0.0191936003137	0.0869631985261	-0.0149894933314	0.0158303483026	-0.0191369024551	-0.0198709321023	0.0184760936005	1.0	0.0617678413669	0.0101970015944	-0.000539861446428	0.000965201284379	-0.0206176924352	-0.0638938097448	-0.0328504527248	0.0278522960427	0.0856680477201	-0.025910465952	-0.00177857889483	0.0181387528621	-0.029337430073	0.0689372411873	-0.0488498277956	-0.00470732561413	-0.00151865728724	0.0475548709608	-0.0138230222548	0.00289036135365	-0.0195584081932	-0.00353065316947	0.0171488603796	-0.047525564035	-0.00245489525457	0.0463700648458	0.0105368143211	-0.0545771741872	0.0397024197761	-0.0509538192495	-0.0751777888286	-0.0645846495287	-0.0189659574747	-0.0813101609874	0.0129618466864	-0.0422236016933	0.0428195342054	-0.0550862029144	0.0119453635521	0.00126473777831	-0.00317889259178
k__Bacteria;p__Bacteroidetes;c__Bacteroidia;o__Bacteroidales;f__Porphyromonadaceae;g__Barnesiella;s__Barnesiella_intestinihominis	0.0210930716858	-0.0309668126132	0.0343391362464	-0.031887861219	0.0339824318473	-0.0228820428403	0.043406254825	-0.0243977451415	0.0533151575192	-0.0426583562528	0.00655744943668	0.0040312258241	0.0334251188599	-0.0768865801926	-0.0010934031361	-0.000362075885634	-0.0375525091505	0.0617678413669	1.0	-0.0267164959389	-0.00185927210848	-0.00685261027472	0.044824861003	0.00429712545229	-0.00215936354689	-0.0224086686926	0.0382248013073	-0.0255576169485	-0.073717085444	-0.025475983501	-0.00582214893694	-0.0336138986294	0.0175438147676	-0.0685287598375	-0.0425804910482	-0.0386288908372	-0.0192127484009	-0.016114459437	0.0418698991959	-0.045847969903	-0.000197563508275	-0.0367561065288	-0.0738321868823	-0.0397304473561	0.0490723919992	-0.0152088256964	-0.0117095052319	-0.0469633435487	-0.0395357535666	0.000702823464268	0.0351741745143	-0.0218926585349	0.0401554473048	-0.0241018278829	0.038498181141	0.0183092279156	-0.0249866769892	0.0235835752876	0.0638928637774
k__Bacteria;p__Bacteroidetes;c__Bacteroidia;o__Bacteroidales;f__Odoribacteraceae;g__Odoribacter;s__Odoribacter_splanchnicus	-0.0689129820418	0.0431595560895	0.0248318958623	-0.0367556538387	-0.0385106403527	0.00463223791936	-0.0278203085696	0.0215819455043	-0.00416108951557	-0.055940142873	-0.0363905340579	0.00358894214696	0.022207548928	0.0388023103851	-0.00261745317231	0.0243725053478	-0.00598836081134	0.0101970015944	-0.0267164959389	1.0	-0.0377534454054	0.087313227487	0.0138872176964	-0.047178564888	-0.018036986555	0.00546689437664	-0.0428043451037	0.00503672445362	0.00990734375535	-0.0043679386109	0.0398391068819	0.0265706495398	-0.00847271830627	-0.00173023135659	-0.0223209665658	0.0503898551776	-0.0751611883335	0.00320346560167	0.00395468175295	0.034004380482	0.00311899137303	-0.00215277365655	0.0265368907744	0.0303953086712	0.0909312845451	-0.0200554269604	-0.0578766368997	-0.0891023855804	0.0329567814215	0.00325293268652	-0.062451198479	-0.0733022033248	0.0105714790266	0.0114172844545	0.0438249296778	-0.0730654665677	-0.0600488380011	-0.00016623233884	-0.0171810118956
k__Bacteria;p__Bacteroidetes;c__Bacteroidia;o__Bacteroidales;f__Bacteroidaceae;g__Bacteroides;s__Bacteroides_salyersiae	-0.0104083856706	0.059067701257	0.0208874661022	-0.0137527310223	-0.016911946025	0.0442686004473	0.0170878405834	0.00702371026736	0.0439282826789	-0.0204026628942	-0.0854924374603	0.0135868856176	0.0266803539002	0.0029503556208	-0.00434154594754	0.0148915632804	0.0441773359608	-0.000539861446428	-0.00185927210848	-0.0377534454054	1.0	-0.0181443643669	-0.030382242481	-0.00182241827454	-0.027320520406	-0.0261229781952	-0.0223266469069	0.0183038456389	-0.0295100656295	0.0139719178313	0.00599140891759	-0.0612161895048	-0.086924020383	0.0312007133707	0.0165041669133	-0.0511232272462	-0.061629922637	-0.0301517268946	-0.0494083038868	-0.0668705712677	-0.00301808432014	-0.00258974912046	-0.0392818449626	-0.00909255795983	0.0140792904033	-0.0287279073849	-0.0492236675523	-0.0309953922707	-0.032529138173	0.0024357146088	-0.0598435203901	0.0190915220619	-0.0467957456699	0.0233616967358	0.0117542724595	0.0424979443333	-0.00387831263958	0.0488763143819	-0.0609841417111
k__Bacteria;p__Firmicutes;c__Clostridia;o__Clostridiales;f__Ruminococcaceae;g__Ruminiclostridium;s__[Eubacterium]_siraeum	-0.0711974194151	-0.069629325964	-0.0627451049016	0.0332692776569	-0.0061413758132	0.0362851361767	-0.0211879142198	0.0134153937699	-0.0589500892866	-0.00897081288592	0.0221422535925	-0.015505372392	0.0259912788087	0.0235595427029	-0.0203168564231	0.000975083624241	-0.0375196140255	0.000965201284379	-0.00685261027472	0.087313227487	-0.0181443643669	1.0	-0.00772647296971	-0.0395993818954	0.0152805081498	-0.0106032165329	0.0251417108169	-0.0214882651095	0.0177374950068	-0.0246178563417	0.0342031861576	-0.0437204907292	-0.030406494375	-0.058694666363	-0.0613595232616	-0.0414225493709	-0.00725321595447	-0.0824177899129	-0.00568498534481	-0.0392003316025	-0.0037158249172	0.0477591231437	0.0137091355047	0.0134406010515	0.000250724845788	0.00142363993437	0.0431691072888	0.00816781163686	-0.0800028925193	-0.0122471796427	0.0244304251481	0.0499299026183	-0.0253789163432	-0.0169197305177	-0.0013368772281	-0.0289829662655	-0.0311432195217	0.027818865948	0.00139092724744
k__Bacteria;p__Proteobacteria;c__Betaproteobacteria;o__Burkholderiales;f__Sutterellaceae;g__Parasutterella;s__Parasutterella_excrementihominis	0.0593924179076	-0.024434833318	0.0467524137176	0.00411378221412	0.00349281586847	0.0131395322179	-0.0306326534417	0.0146678069788	-0.0380996861933	-0.072935839003	-0.0669414755542	0.0211173587013	0.0523783446977	0.038232552717	-0.0636861155025	0.00746049734729	-0.0301079075973	-0.0206176924352	0.044824861003	0.0138872176964	-0.030382242481	-0.00772647296971	1.0	-0.0478446097837	0.000385392634373	0.00820080045351	-0.0186093292406	-0.0393934807156	-0.0260229241162	0.0434475383626	-0.00105456412728	0.0217705534719	-0.000583987800651	-0.073909568599	-0.0520638003354	-0.0276008684621	0.052613338552	-0.0312744172131	-0.0235531542567	0.0366920212846	-0.0171242973318	-0.0649598822871	-0.021815165067	-0.0153398596492	-0.0129926896616	-0.0346212990994	-0.0246286986258	-0.0603243759472	0.019377710411	0.0400313043186	-0.0268099934227	-0.0302298354153	0.0189056523904	-0.0218699479163	-0.00292967180831	-0.0795626228537	8.37706757334e-06	-0.0120246068698	0.0337858061946
k__Bacteria;p__Actinobacteria;c__Actinobacteria;o__Bifidobacteriales;f__Bifidobacteriaceae;g__Bifidobacterium;s__Bifidobacterium_adolescentis	0.0215106152622	-0.0101688077993	-0.0205400350925	0.0347533890558	0.0267573617632	-0.0273871029508	-0.0189655066382	-0.0301635112107	-0.0480132413147	-0.000252714908264	-0.0183127473806	0.0415083981383	-0.0741841733645	-0.0437102255806	-0.0131103770381	-0.00552852368951	-0.0129798755724	-0.0638938097448	0.00429712545229	-0.047178564888	-0.00182241827454	-0.0395993818954	-0.0478446097837	1.0	-0.0173815072826	0.0233663336121	0.0286312343391	0.00313797232886	0.029450899102	-0.0177261515041	-0.001094123968	-0.020204527888	0.00811427098692	0.0476707222594	-0.0732395123911	-0.00361942960804	-0.0290779415896	-0.0172840706439	0.0135326098786	-0.00644622234421	0.0138514344852	0.00912995461606	0.0213766054008	0.00129026630578	-0.0374121980805	0.0418897436402	-0.0478585956968	-0.0124856098884	-0.053614804007	-0.00767173184704	0.0478195402183	0.00413548176106	0.0298956357415	-0.0218733545768	-0.022414669114	0.0454334364703	-0.0286135068953	-0.0061105993414	-0.025404632926
k__Bacteria;p__Firmicutes;c__Clostridia;o__Clostridiales;f__Oscillospiraceae;g__Oscillibacter;s__Oscillibacter_sp._KLE_1745	-0.0114107056146	0.0420702145702	0.0231227041045	-0.038847070857	0.0610670767644	0.0222143214618	-0.0527919882095	0.0361408142817	0.0178933456967	0.035493591069	0.120242798054	0.014256245142	0.00128799897678	-0.0438762783484	-0.0201374181826	-0.0605479055297	0.061169852566	-0.0328504527248	-0.00215936354689	-0.018036986555	-0.027320520406	0.0152805081498	0.000385392634373	-0.0173815072826	1.0	-0.0489171810289	-0.0481770074027	0.000115674564818	-0.0175464716057	0.0244393430244	0.0311934650425	0.0539834908467	0.0522917872251	0.0422837019949	-0.0585772245715	0.0105021912915	-0.0412588927714	0.0352559211932	0.0160856357889	-0.00721387853268	-0.033929652463	0.0229986948797	0.00343920920292	-0.0501535687256	-0.00859494326138	0.0424211438236	0.00555973772246	-0.00983714723208	0.0431423085221	-0.0334784103225	0.00976986077836	0.0215969199021	-0.0271734281534	-0.0627460353226	-0.0115473437731	-0.04096944515	-0.0504539381157	-0.00623682720547	0.00321985049342
k__Bacteria;p__Bacteroidetes;c__Bacteroidia;o__Bacteroidales;f__Bacteroidaceae;g__Bacteroides;s__Bacteroides_coprophilus	-0.00785019987041	-0.0346258845209	-0.00431229703891	-0.0208774914998	-0.0176476191645	-0.0305595065693	-0.0331025145357	-0.0417561232496	0.00258767633052	0.0318330816026	-0.064331588399	-0.0623463826721	-0.00118249350322	-0.0192372082922	0.0189307667382	-0.021299051314	-0.027513611441	0.0278522960427	-0.0224086686926	0.00546689437664	-0.0261229781952	-0.0106032165329	0.00820080045351	0.0233663336121	-0.0489171810289	1.0	-0.00535211544858	0.0152316774305	-0.0220047849204	-0.0361042165141	0.0350628175349	-0.0295207580496	-0.041016622923	-0.0391350307016	0.0145515718634	0.0062867372741	-0.0200900663819	0.0541994344845	0.0250001042331	0.0523253816543	-0.0398106006282	0.0230255608532	0.0170812970134	-0.0145962215423	-0.0215011625246	0.0849541827895	-0.0286266374133	-0.0180265496739	0.000333304011408	0.0135071983838	0.0193881702989	-0.0793497074133	0.0515367650074	-0.0192153775666	-0.0305755933115	0.0193050291249	0.0118988447657	-0.00303982547412	0.0273591294237
k__Bacteria;p__Firmicutes;c__Clostridia;o__Clostridiales;f__Lachnospiraceae;g__Roseburia;s__Roseburia_intestinalis	-0.0440235979458	0.0225532687818	0.0328301805947	0.00805149224646	-0.0549929893958	0.00600792513601	-0.0279262923232	0.0416986948196	-0.042930541362	0.019670217474	0.0154782842314	-0.0398153745181	0.102122174664	-0.0168776457695	-0.0186402346336	0.000980885040877	0.00409949537461	0.0856680477201	0.0382248013073	-0.0428043451037	-0.0223266469069	0.0251417108169	-0.0186093292406	0.0286312343391	-0.0481770074027	-0.00535211544858	1.0	-0.0161440705971	-0.0396593532805	0.0377572847665	-0.0212593482018	-0.061975132736	-0.0249041704899	0.00628994520718	-0.0641730558748	-0.00493585731009	-0.00258472404992	0.0349854244814	-0.0136420522622	-0.0717072456527	-0.00135997250565	-0.0413201405621	0.00479129775243	0.0477255395658	-0.0542191994626	0.0588507797115	0.0127617054525	-0.049548979121	0.00116408991314	-0.0462446533248	0.0197350757513	-0.044140825611	-0.0115035751832	-0.0395232313165	0.0117605671635	-0.0420094582468	0.00197475190745	-0.0213493307461	-0.0676271971842
k__Bacteria;p__Firmicutes;c__Clostridia;o__Clostridiales;f__Lachnospiraceae;g__Roseburia;s__Roseburia_hominis	-0.0583954030461	-0.0518308049028	0.00604492247185	-0.0465336901441	0.0545312144877	-0.00835293485432	0.0599347463774	0.0130323846375	0.00531976544219	-0.0559362849538	0.0458698759902	-0.0173737138555	-0.0590725066536	-0.0285208912019	0.0234722800704	-0.0608041851511	-0.0176945749894	-0.025910465952	-0.0255576169485	0.00503672445362	0.0183038456389	-0.0214882651095	-0.0393934807156	0.00313797232887	0.000115674564818	0.0152316774305	-0.0161440705971	1.0	0.00516216453446	0.0142284724508	0.0326619116504	-0.0764693619921	-0.00843086945114	-0.00534867433633	-0.0327840554447	0.0231349028137	0.0383215472893	-0.0169314427249	0.0359231861362	0.0298766614025	-0.0435382356298	-0.0156589572755	-0.00228425619285	0.0571104963939	-0.00208615027193	0.0701668007881	-0.00789533469832	-0.0119371004498	0.0165729595677	-0.0727303297223	-0.0278152483625	0.019038480157	-0.035480030969	-0.00204932918056	-0.00163016463929	0.0321080477012	-0.0236064140352	-0.025809079882	-0.00519195727583
k__Bacteria;p__Bacteroidetes;c__Bacteroidia;o__Bacteroidales;f__Porphyromonadaceae;g__Parabacteroides;s__Parabacteroides_johnsonii	0.026435258049	0.0246333646832	-0.013970316523	0.03682777651	-0.0107639437538	-0.0534010536721	0.0598819230616	-0.022646435469	0.0242970694409	0.0352502850512	-0.0445336827644	0.0337026327129	-0.0990691841159	0.0367392975329	-0.0204591288509	0.00672695858295	-0.00599677021209	-0.00177857889483	-0.073717085444	0.00990734375535	-0.0295100656295	0.0177374950068	-0.0260229241162	0.029450899102	-0.0175464716057	-0.0220047849204	-0.0396593532805	0.00516216453446	1.0	-0.0434601325443	-0.0173300945163	0.0288615540358	-0.045716209901	-0.00280402600226	-0.0356801616582	0.0271396126137	-0.0518860897336	-0.0229952493983	-0.0609112615813	0.0822638660624	0.0127493912937	-0.0189776421484	-0.0126165708744	-0.0294965650609	-0.0901890340654	0.0307835351277	-0.0258663691304	0.0367317242269	0.0379616841137	-0.0362644883866	-0.0025022811118	-0.0579197906315	0.0523618398954	0.00597542536623	0.0117744611639	0.0449228363265	-0.0542518836039	-0.00225913059236	-0.0233960945646
k__Bacteria;p__Actinobacteria;c__Actinobacteria;o__Bifidobacteriales;f__Bifidobacteriaceae;g__Bifidobacterium;s__Bifidobacterium_longum	-0.0529963405575	0.00260364259917	-0.0456486661144	-0.0562623777662	-0.0367009650857	0.0175220829329	-0.036676135217	-0.0476906147782	0.0403605915291	-0.0188704182357	-0.00982802642689	-0.0139971029081	0.0282467364949	-0.0388017380679	-0.0102161838237	-0.0547081895321	0.0190384123831	0.0181387528621	-0.025475983501	-0.0043679386109	0.0139719178313	-0.0246178563417	0.0434475383626	-0.0177261515041	0.0244393430244	-0.0361042165141	0.0377572847665	0.0142284724508	-0.0434601325443	1.0	0.066373591155	0.0233885614371	0.00803125328878	-0.00189532350608	0.03603640045	-0.0537088001486	-0.070316101169	0.0327853188034	0.0235797762396	-0.00267588665117	0.017755052643	-0.0274088337908	0.0830545830698	0.015592837901	-0.0208738122917	0.0138251566822	-0.00816393303286	-0.0257345628528	0.0322772305279	-0.0275553505863	-0.0461888075884	-0.0686666776811	-0.0197384915837	-0.0805062056607	-0.0178085298871	-0.0186162491519	0.0106191143043	0.0131026909906	0.0270809448245
