#taxonomy	k__Bacteria;p__Bacteroidetes;c__Bacteroidia;o__Bacteroidales;f__Bacteroidaceae;g__Bacteroides;s__Bacteroides_vulgatus	k__Bacteria;p__Bacteroidetes;c__Bacteroidia;o__Bacteroidales;f__Bacteroidaceae;g__Bacteroides;s__Bacteroides_uniformis	k__Bacteria;p__Bacteroidetes;c__Bacteroidia;o__Bacteroidales;f__Rikenellaceae;g__Alistipes;s__Alistipes_putredinis	k__Bacteria;p__Bacteroidetes;c__Bacteroidia;o__Bacteroidales;f__Prevotellaceae;g__Prevotella;s__Prevotella_copri	k__Bacteria;p__Bacteroidetes;c__Bacteroidia;o__Bacteroidales;f__Bacteroidaceae;g__Bacteroides;s__Bacteroides_stercoris	k__Bacteria;p__Bacteroidetes;c__Bacteroidia;o__Bacteroidales;f__Bacteroidaceae;g__Bacteroides;s__Bacteroides_ovatus	k__Bacteria;p__Bacteroidetes;c__Bacteroidia;o__Bacteroidales;f__Rikenellaceae;g__Alistipes;s__Alistipes_shahii	k__Bacteria;p__Firmicutes;c__Clostridia;o__Clostridiales;f__Ruminococcaceae;g__Faecalibacterium;s__Faecalibacterium_prausnitzii	k__Bacteria;p__Bacteroidetes;c__Bacteroidia;o__Bacteroidales;f__Rikenellaceae;g__Alistipes;s__Alistipes_finegoldii	k__Bacteria;p__Bacteroidetes;c__Bacteroidia;o__Bacteroidales;f__Porphyromonadaceae;g__Parabacteroides;s__Parabacteroides_distasonis	k__Bacteria;p__Bacteroidetes;c__Bacteroidia;o__Bacteroidales;f__Bacteroidaceae;g__Bacteroides;s__Bacteroides_thetaiotaomicron	k__Bacteria;p__Bacteroidetes;c__Bacteroidia;o__Bacteroidales;f__Bacteroidaceae;g__Bacteroides;s__Bacteroides_coprocola	k__Bacteria;p__Bacteroidetes;c__Bacteroidia;o__Bacteroidales;f__Bacteroidaceae;g__Bacteroides;s__Bacteroides_cellulosilyticus	k__Bacteria;p__Bacteroidetes;c__Bacteroidia;o__Bacteroidales;f__Rikenellaceae;g__Alistipes;s__Alistipes_obesi	k__Bacteria;p__Firmicutes;c__Clostridia;o__Clostridiales;f__Lachnospiraceae;g__;s__[Eubacterium]_rectale	k__Bacteria;p__Bacteroidetes;c__Bacteroidia;o__Bacteroidales;f__Bacteroidaceae;g__Bacteroides;s__Bacteroides_plebeius	k__Bacteria;p__Bacteroidetes;c__Bacteroidia;o__Bacteroidales;f__Bacteroidaceae;g__Bacteroides;s__Bacteroides_fragilis	k__Bacteria;p__Proteobacteria;c__Betaproteobacteria;o__Burkholderiales;f__Sutterellaceae;g__Sutterella;s__Sutterella_wadsworthensis	k__Bacteria;p__Bacteroidetes;c__Bacteroidia;o__Bacteroidales;f__Porphyromonadaceae;g__Barnesiella;s__Barnesiella_intestinihominis	k__Bacteria;p__Bacteroidetes;c__Bacteroidia;o__Bacteroidales;f__Odoribacteraceae;g__Odoribacter;s__Odoribacter_splanchnicus	k__Bacteria;p__Bacteroidetes;c__Bacteroidia;o__Bacteroidales;f__Bacteroidaceae;g__Bacteroides;s__Bacteroides_salyersiae	k__Bacteria;p__Firmicutes;c__Clostridia;o__Clostridiales;f__Ruminococcaceae;g__Ruminiclostridium;s__[Eubacterium]_siraeum	k__Bacteria;p__Proteobacteria;c__Betaproteobacteria;o__Burkholderiales;f__Sutterellaceae;g__Parasutterella;s__Parasutterella_excrementihominis	k__Bacteria;p__Actinobacteria;c__Actinobacteria;o__Bifidobacteriales;f__Bifidobacteriaceae;g__Bifidobacterium;s__Bifidobacterium_adolescentis	k__Bacteria;p__Firmicutes;c__Clostridia;o__Clostridiales;f__Oscillospiraceae;g__Oscillibacter;s__Oscillibacter_sp._KLE_1745	k__Bacteria;p__Bacteroidetes;c__Bacteroidia;o__Bacteroidales;f__Bacteroidaceae;g__Bacteroides;s__Bacteroides_coprophilus	k__Bacteria;p__Firmicutes;c__Clostridia;o__Clostridiales;f__Lachnospiraceae;g__Roseburia;s__Roseburia_intestinalis	k__Bacteria;p__Firmicutes;c__Clostridia;o__Clostridiales;f__Lachnospiraceae;g__Roseburia;s__Roseburia_hominis	k__Bacteria;p__Bacteroidetes;c__Bacteroidia;o__Bacteroidales;f__Porphyromonadaceae;g__Parabacteroides;s__Parabacteroides_johnsonii	k__Bacteria;p__Actinobacteria;c__Actinobacteria;o__Bifidobacteriales;f__Bifidobacteriaceae;g__Bifidobacterium;s__Bifidobacterium_longum	k__Bacteria;p__Firmicutes;c__Clostridia;o__Clostridiales;f__;g__Flavonifractor;s__Flavonifractor_plautii	k__Bacteria;p__Firmicutes;c__Clostridia;o__Clostridiales;f__Clostridiaceae;g__Clostridium;s__Clostridium_phoceensis	k__Bacteria;p__Verrucomicrobia;c__Verrucomicrobiae;o__Verrucomicrobiales;f__Akkermansiaceae;g__Akkermansia;s__Akkermansia_muciniphila	k__Bacteria;p__Bacteroidetes;c__Bacteroidia;o__Bacteroidales;f__Prevotellaceae;g__Paraprevotella;s__Paraprevotella_xylaniphila	k__Bacteria;p__Firmicutes;c__Clostridia;o__Clostridiales;f__Ruminococcaceae;g__Ruminococcus;s__Ruminococcus_callidus	k__Bacteria;p__Bacteroidetes;c__Bacteroidia;o__Bacteroidales;f__Rikenellaceae;g__Alistipes;s__Alistipes_senegalensis	k__Bacteria;p__Firmicutes;c__Clostridia;o__Clostridiales;f__Lachnospiraceae;g__Blautia;s__Blautia_sp._KLE_1732	k__Bacteria;p__Bacteroidetes;c__Bacteroidia;o__Bacteroidales;f__Bacteroidaceae;g__Bacteroides;s__Bacteroides_oleiciplenus	k__Bacteria;p__Firmicutes;c__Clostridia;o__Clostridiales;f__Ruminococcaceae;g__Ruminococcus;s__Ruminococcus_bicirculans	k__Bacteria;p__Bacteroidetes;c__Bacteroidia;o__Bacteroidales;f__Bacteroidaceae;g__Bacteroides;s__Bacteroides_fluxus	k__Bacteria;p__Bacteroidetes;c__Bacteroidia;o__Bacteroidales;f__Prevotellaceae;g__Prevotella;s__Prevotella_stercorea	k__Bacteria;p__Firmicutes;c__Clostridia;o__Clostridiales;f__Lachnospiraceae;g__Dorea;s__Dorea_longicatena	k__Bacteria;p__Firmicutes;c__Clostridia;o__Clostridiales;f__Eubacteriaceae;g__Eubacterium;s__[Eubacterium]_eligens	k__Bacteria;p__Firmicutes;c__Clostridia;o__Clostridiales;f__Ruminococcaceae;g__;s__Ruminococcaceae_bacterium_D16	k__Bacteria;p__Firmicutes;c__Clostridia;o__Clostridiales;f__Lachnospiraceae;g__Coprococcus;s__Coprococcus_comes	k__Bacteria;p__Proteobacteria;c__Gammaproteobacteria;o__Enterobacterales;f__Enterobacteriaceae;g__Escherichia;s__Escherichia_coli	k__Bacteria;p__Firmicutes;c__Clostridia;o__Clostridiales;f__Ruminococcaceae;g__Anaerotruncus;s__Anaerotruncus_colihominis	k__Bacteria;p__Firmicutes;c__Clostridia;o__Clostridiales;f__Lachnospiraceae;g__Blautia;s__Blautia_obeum	k__Bacteria;p__Bacteroidetes;c__Bacteroidia;o__Bacteroidales;f__Odoribacteraceae;g__Odoribacter;s__Odoribacter_laneus	k__Bacteria;p__Firmicutes;c__Clostridia;o__Clostridiales;f__Ruminococcaceae;g__Ruminiclostridium;s__[Clostridium]_leptum	k__Bacteria;p__Bacteroidetes;c__Bacteroidia;o__Bacteroidales;f__Porphyromonadaceae;g__Parabacteroides;s__Parabacteroides_goldsteinii	k__Bacteria;p__Firmicutes;c__Clostridia;o__Clostridiales;f__Lachnospiraceae;g__Anaerostipes;s__Anaerostipes_hadrus	k__Bacteria;p__Firmicutes;c__Clostridia;o__Clostridiales;f__Ruminococcaceae;g__Ruminococcus;s__Ruminococcus_lactaris	k__Bacteria;p__Firmicutes;c__Clostridia;o__Clostridiales;f__Clostridiaceae;g__Clostridium;s__Clostridium_sp._L2-50	k__Bacteria;p__Firmicutes;c__Clostridia;o__Clostridiales;f__Clostridiaceae;g__Clostridium;s__Clostridium_sp._M62/1	k__Bacteria;p__Firmicutes;c__Clostridia;o__Clostridiales;f__;g__Intestinimonas;s__Intestinimonas_butyriciproducens	k__Bacteria;p__Actinobacteria;c__Actinobacteria;o__Bifidobacteriales;f__Bifidobacteriaceae;g__Bifidobacterium;s__Bifidobacterium_bifidum	k__Bacteria;p__Firmicutes;c__Negativicutes;o__Veillonellales;f__Veillonellaceae;g__Dialister;s__Dialister_invisus	k__Bacteria;p__Bacteroidetes;c__Bacteroidia;o__Bacteroidales;f__Bacteroidaceae;g__Bacteroides;s__Bacteroides_salanitronis
k__Bacteria;p__Bacteroidetes;c__Bacteroidia;o__Bacteroidales;f__Bacteroidaceae;g__Bacteroides;s__Bacteroides_vulgatus	1.0	0.0486642272158	-0.0306876453866	0.0487066161571	0.0834656103763	-0.0177346368918	-0.0278407055792	0.0354216408845	-0.00864521974449	0.022680681825	-0.0418483414951	0.0203171762269	-0.0431229677197	0.0111705703997	0.123680566723	-0.0127677756881	0.0335446603649	-0.0186821512536	-0.00499517636935	-0.0156430791413	0.0312655422859	-0.0248412026514	-0.0277082850089	-0.0240381657844	-0.0323240574465	-0.0174469683255	-0.0409367764438	-0.0161191424208	0.00190543033736	0.019446958948	-0.0800115946575	-0.0229980268872	-0.0206231492561	0.0351695872455	-0.0332980500535	-0.0237881836856	-0.0363812834793	-0.0575103757723	-0.0277389209168	-0.025413515678	-0.0476393582397	-0.0532943975581	-0.0152809764601	0.0426476344698	-0.00919145916373	-0.0602994894767	0.0515031243297	-0.00609641969937	-0.030218213267	0.0680718539316	-0.0109524019559	0.0381307703608	0.0549773905979	-0.065452125639	-0.0294533305984	0.0275150835073	-0.012986527421	-0.0215405970848	0.0259282169745
k__Bacteria;p__Bacteroidetes;c__Bacteroidia;o__Bacteroidales;f__Bacteroidaceae;g__Bacteroides;s__Bacteroides_uniformis	0.0486642272158	1.0	0.018505333315	-0.0900659740284	-0.0256940731667	-0.0658276103388	-0.0169294136449	0.0348645496614	0.0319511268743	-0.0252433665339	-0.0824324335425	0.0166521389974	-0.0615805308687	-0.0151286498062	0.0004352151171	-0.0212139509491	-0.0261447049889	0.00543423180014	-0.0434523608493	-0.0209531278648	-0.0230910191976	-0.0130055548659	0.0232157419366	-0.0130917230581	-0.0158465421327	0.0562420791471	-0.0769748238613	-0.00276324470003	0.00607700652104	-0.0162738005763	0.000660951390977	0.00834861916966	0.0164652845274	-0.0271761779066	-0.0154163328057	0.0226694677485	-0.0130937506245	-0.0445975427115	0.00732315452201	-0.0242610838748	0.0450401451239	0.0514804926534	-0.0398805073657	0.0211828861791	-0.0267474963975	-0.0434284006033	-0.0017375908645	-0.0528327911018	0.00242525295887	0.0157871535281	0.0297481076713	0.0181816640298	-0.10256161658	-0.004526664193	-0.0204821646214	-0.0192752041135	-0.0115670875235	-0.0349209445436	-0.0216555586117
k__Bacteria;p__Bacteroidetes;c__Bacteroidia;o__Bacteroidales;f__Rikenellaceae;g__Alistipes;s__Alistipes_putredinis	-0.0306876453866	0.018505333315	1.0	-0.0214553187976	0.0282665410608	-0.0179913283025	0.0484581206506	0.00332972965367	0.0295382314888	0.0383510163076	0.0278200727196	-0.0814709721545	0.0628789464114	0.0399767117348	0.0235155734216	-0.0628027639714	-0.0225634320462	0.00329481761489	-0.0481914721175	0.0244899184083	0.038738230211	-0.0416621736561	0.0565745296764	-0.00975623317911	-0.012470835335	-0.00734919427324	-0.0602814910507	0.0142684914772	-0.0353230204631	0.0272564534274	0.054783148584	-0.051758886158	0.0102256516183	-0.000542759286607	0.00993027223763	-0.00107538487222	0.0248990131329	-0.0236005276625	-0.0781836769966	-0.0262042606128	-0.0742499976233	-0.0382793826756	-0.0147600177499	-0.00586285300018	-0.00864655398955	-0.0367905397854	0.0318500150747	0.0208562956695	0.0259054166681	-0.0113548750991	0.0318575365714	0.00108977491591	0.029864364695	-0.101532137281	-0.0782231783128	-0.00362703622468	0.00960344127815	0.0441421523559	-0.0903831436387
k__Bacteria;p__Bacteroidetes;c__Bacteroidia;o__Bacteroidales;f__Prevotellaceae;g__Prevotella;s__Prevotella_copri	0.0487066161571	-0.0900659740284	-0.0214553187976	1.0	-0.00764045800031	-0.0229519137189	0.00136560080184	-0.0237087694331	-0.0262036574981	-0.068023637545	-0.0102420194185	0.0465742927663	0.0158534920908	0.0214287909013	-0.0423253684724	-0.0224626834262	0.00178449219697	-0.0123288411467	0.000661234247688	0.0138590338036	0.00465233563451	-0.00251152457018	0.0118954573797	-0.0219479774472	-0.00339845562758	-0.0443226708243	-0.0612071213388	-0.046606008346	0.0283507876169	0.0202022539399	0.0320653965682	0.00904365789531	0.010035566646	0.0185960172674	-0.017050005453	0.00831833087845	-0.0164083518807	-0.00391740083335	0.0128067892187	-0.0677922400511	-0.047635435352	-0.0477676555468	-0.0184293554836	-0.0494220049626	0.0537635909284	0.026354150207	0.0649364238332	-0.020975898707	0.018000772106	0.0758881844232	-0.0381615069429	0.0353708985169	-0.0356263522131	0.0389035805438	-0.0106572910002	-0.0446240377047	-0.0633826270576	-0.0330075386277	-0.0366755635308
k__Bacteria;p__Bacteroidetes;c__Bacteroidia;o__Bacteroidales;f__Bacteroidaceae;g__Bacteroides;s__Bacteroides_stercoris	0.0834656103763	-0.0256940731667	0.0282665410608	-0.00764045800031	1.0	-0.00968672217104	-0.0340257629567	0.0195894613257	0.0315389983191	0.0191224859597	0.0289205733281	0.0291152665584	-0.0522097908371	-0.00373316815109	-0.0233302198216	-0.107471305068	-0.00757845738162	-0.00372863224835	-0.0159341299759	0.00685449247756	0.0217595882955	0.0549342007556	-0.0231339849904	-0.0236959600942	-0.0141662375512	-0.0476975040943	0.0140920217266	0.0131068852543	-0.00845741410409	0.0194867924476	0.0617390103673	0.0263644496343	-0.0357839613811	-0.015644189865	0.0269243015708	0.0112319705238	0.0139703337865	-1.54079285341e-05	0.0360500660878	0.0309421855978	-0.00669538605438	-0.0909470885726	-0.0109324053162	-0.0149360611875	0.0447255335065	0.0119459164111	0.0253118534705	0.00182788245143	-0.0563011662654	-0.00944305157773	0.00752519663202	-0.0271236590629	0.00234335034869	-0.0234792592869	-0.0458407593607	-0.14611969382	-0.055514307764	0.0193769739038	-0.002223201916
k__Bacteria;p__Bacteroidetes;c__Bacteroidia;o__Bacteroidales;f__Bacteroidaceae;g__Bacteroides;s__Bacteroides_ovatus	-0.0177346368918	-0.0658276103388	-0.0179913283025	-0.0229519137189	-0.00968672217104	1.0	0.00663924172834	-0.0450781700063	0.0182919229161	0.00805200732314	0.0323033967146	-0.0543578883507	0.062044481712	0.0465396070135	-0.0100256841445	-0.0683745562915	0.00690109665553	-0.045217944664	0.0505236621624	0.00866102848361	-0.00457479843896	-0.01318563296	-0.00075562422904	-0.0241194806184	-0.0277268106453	-0.0201669377722	-0.00650617816348	-0.0204658306064	-0.071166462457	0.0220289703883	-0.040828169654	-0.0146004586063	0.00517899514487	0.00699128121504	-0.0291624809296	0.00269081078662	-0.0155392749658	0.0221333154343	0.0579194198023	-0.0446769153441	0.0380614372233	-0.0837925424832	-0.0303596676909	-0.00631267426351	-0.00815812166152	-0.0180789593034	0.0229949901667	0.0546250634814	0.00795093135081	-0.0278707477102	-0.0111141052888	-0.016757151916	-0.00697161201808	-0.0163381978832	0.0449263291796	-0.0384989008552	-0.0342593089119	-0.0303129217542	0.0338852312851
k__Bacteria;p__Bacteroidetes;c__Bacteroidia;o__Bacteroidales;f__Rikenellaceae;g__Alistipes;s__Alistipes_shahii	-0.0278407055792	-0.0169294136449	0.0484581206506	0.00136560080184	-0.0340257629567	0.00663924172834	1.0	-0.0149383515605	-0.0184962206169	-0.0247994249415	0.0148974777025	0.0251232079892	-0.0439572153122	-0.0764772221391	-0.0127184624604	0.0367477291498	-0.0205341023735	-0.0221276289056	-0.0286953117662	0.05691058821	-0.0256869073915	-0.0717439249633	0.03405084112	0.0298184690588	0.03693406336	0.0208930611375	0.021368584387	-0.0362069450549	-0.0401307042072	-0.00371044659901	0.0198216092801	0.0121380163401	-0.000988782522704	-0.0228641997123	0.0220522171026	0.00449160253259	-0.00114513439521	-0.00708845722345	0.0507113687702	-0.0189715937956	-0.0360179167482	0.0410292124764	-0.0153616155493	-0.0173582046114	-0.0266081265233	0.0397166590743	-0.0253203212631	-0.0270793965763	-0.0939480770651	0.0045177032066	-0.00840324619598	0.0472814265586	0.0199336136682	0.013684164036	-0.0712202467704	0.0033499842598	0.00805578210106	-0.00672920191544	-0.0132603283722
k__Bacteria;p__Firmicutes;c__Clostridia;o__Clostridiales;f__Ruminococcaceae;g__Faecalibacterium;s__Faecalibacterium_prausnitzii	0.0354216408845	0.0348645496614	0.00332972965367	-0.0237087694331	0.0195894613257	-0.0450781700063	-0.0149383515605	1.0	0.0536364556638	-0.0405709521132	-0.00340257789845	-0.0174818206799	-0.0721391458824	-0.0437154117653	-0.00482149720611	0.0131772598719	-0.0456387551431	-0.0658599571359	-0.0258610364938	0.00411251885231	0.00450855106588	-0.0344665529749	0.0215338720757	-0.00735414155557	-0.00386275924259	0.0291166208926	-0.00596977536683	-0.0317270289197	-0.0259313072748	0.0315319623449	-0.0436831487341	0.0287950602384	0.00428062970261	-0.0286513341595	0.0139854181327	-0.00221266035319	0.00307294142052	-0.0107063909831	-0.0653554232188	-0.047927446026	-0.040140896939	-0.0580849944091	0.0259702738101	-0.0417987899613	-0.0455545929898	0.0181863105992	-0.0121436340451	-0.0181104687263	0.0578049600934	-0.0332352833091	-0.0511701332412	-0.0068550944181	-0.00796027395341	0.00973203709655	-0.0286638526838	0.0169302970803	-0.00875431851725	-0.0306846536	0.014482416563
k__Bacteria;p__Bacteroidetes;c__Bacteroidia;o__Bacteroidales;f__Rikenellaceae;g__Alistipes;s__Alistipes_finegoldii	-0.00864521974449	0.0319511268743	0.0295382314888	-0.0262036574981	0.0315389983191	0.0182919229161	-0.0184962206169	0.0536364556638	1.0	0.0206151021766	0.015715143389	-0.0654713825754	-0.0272115200692	-0.00634821628729	-0.0449338657258	-0.0772841116556	-0.0563256042126	0.0447825270366	-0.0320458748014	0.0256484099059	-0.0531741984616	-0.0223959094253	-0.0169836995871	-0.0348560230503	-0.0208917211633	-0.00174745331709	-0.0147208441548	0.00258822829488	-0.00840120316983	0.00963005552902	-0.0134986896732	0.00606601385877	0.040614080383	-0.0342386097455	0.00373731861934	0.0491678138867	0.00831192954767	-0.0360680929898	0.0169821064893	-0.0509677151754	-0.0306799543803	-0.0558266868348	-0.0223595046974	-0.0133852591074	-0.00267332949275	0.0434117151552	-0.0558667677677	-0.00631271585573	-0.0440060085295	-0.0764414286503	-0.033513136311	0.0190512035657	-0.0453164952264	-0.0284816820397	0.0869561201287	-0.00804354209824	0.00501324799516	-0.0489286514102	-0.0742433421932
k__Bacteria;p__Bacteroidetes;c__Bacteroidia;o__Bacteroidales;f__Porphyromonadaceae;g__Parabacteroides;s__Parabacteroides_distasonis	0.022680681825	-0.0252433665339	0.0383510163076	-0.068023637545	0.0191224859597	0.00805200732314	-0.0247994249415	-0.0405709521132	0.0206151021766	1.0	-0.0205075110112	0.0478533749364	-0.0165896255977	0.0548183554505	0.0186283583656	-0.0175022446397	0.0152786848877	-0.00859091676307	0.0453248129753	-0.0182272400125	0.0589795968232	0.0211088438098	-0.0183806562365	-0.0535773735261	-0.0436920067198	-0.0668202524837	-0.0149103984131	0.00117255703225	0.0185737019319	-0.0227677864258	-0.0058169286758	0.0126362070808	-0.0230381412202	-0.0401270787934	0.00910405827599	-0.0318319949703	0.0320151436572	-0.0107625852318	-0.0637930839945	0.00313419130542	0.0139326034248	0.00294719687086	0.0268373309109	-0.0646511027828	-0.0337932790828	0.0103669953957	-0.0276881429867	-0.0324378898821	-0.0197653960625	-0.0186126854005	0.0145222185566	-0.0683748366099	0.0384703492728	0.0203773152056	-0.0148436955077	-0.0717138093921	0.0556199683364	0.0106758801228	0.0123635253408
k__Bacteria;p__Bacteroidetes;c__Bacteroidia;o__Bacteroidales;f__Bacteroidaceae;g__Bacteroides;s__Bacteroides_thetaiotaomicron	-0.0418483414951	-0.0824324335425	0.0278200727196	-0.0102420194185	0.0289205733281	0.0323033967146	0.0148974777025	-0.00340257789845	0.015715143389	-0.0205075110112	1.0	0.0276903103201	-0.0214980766635	0.0392086354004	-0.0481614222534	-0.0566989499037	0.0126106083446	-0.0273815564892	-0.0329531277047	0.000744078737532	-0.0424631987755	-0.0398841738694	-0.018213639794	-0.0594653850724	-0.0240803208956	-0.0412194809855	0.0282640996003	0.0297121352276	-0.0634973476565	-0.0194501569125	0.0322568876425	0.0614228969588	-0.0158593368783	0.0854234758962	0.0106175186436	-0.00875382046672	-0.0253820801603	0.00566712711898	0.016044131636	-0.0598161518339	-0.0330206050171	0.0237938471168	0.0230404085758	-0.0728226665301	-0.0122906002133	0.0628703311689	0.0514746423596	-0.0569904050327	0.0612230618339	-0.007525665984	-0.00944504537163	-0.00677913320151	-0.0652756180943	-0.0288861073876	-0.00425107833308	0.0272321281316	-0.00895079196909	0.0543056987346	0.0121045398497
k__Bacteria;p__Bacteroidetes;c__Bacteroidia;o__Bacteroidales;f__Bacteroidaceae;g__Bacteroides;s__Bacteroides_coprocola	0.0203171762269	0.0166521389974	-0.0814709721545	0.0465742927663	0.0291152665584	-0.0543578883507	0.0251232079892	-0.0174818206799	-0.0654713825754	0.0478533749364	0.0276903103201	1.0	0.0156941856467	-0.0300384905469	-0.038184680826	-0.0509171914853	0.0151275032467	0.0386486061721	0.023952814791	-0.00331671809672	-0.04713077888	-0.0021092368718	-0.0117430958931	-0.0058022186223	-0.0436650339069	-0.0163682714717	-0.0741567098768	0.0355182106294	-0.0432420890218	-0.0656111623415	-0.00340364634577	-0.0383946786857	-0.00531596846204	-0.0522395017778	-0.0446315580957	-0.0225848227329	-0.0462972709408	0.0295032503679	0.0176851878432	0.0443038383973	0.0388488641706	0.0162437445582	-0.0261168010822	-0.0472123830045	0.0750493168166	0.0222264094725	-0.0797674848635	0.0355860570254	0.00887835998953	-0.000154376911429	-0.0316654932066	0.00654909146229	-0.032430540246	0.021626470787	0.0118301022923	-0.0471230365985	0.0225090574755	0.0218131040686	-0.00966547784497
k__Bacteria;p__Bacteroidetes;c__Bacteroidia;o__Bacteroidales;f__Bacteroidaceae;g__Bacteroides;s__Bacteroides_cellulosilyticus	-0.0431229677197	-0.0615805308687	0.0628789464114	0.0158534920908	-0.0522097908371	0.062044481712	-0.0439572153122	-0.0721391458824	-0.0272115200692	-0.0165896255977	-0.0214980766635	0.0156941856467	1.0	0.0128204289626	0.0163618200107	0.0216947793629	-0.0512888504599	-0.0194580487976	0.0216510437739	-0.0824115589098	-0.000177537539557	-0.0029006343625	0.0394890967274	-0.0235962846928	-0.0612079727028	-0.00463954515641	0.0391497075859	-0.0175220050819	-0.0469179207553	0.00736889387586	0.0174765635533	-0.0330227807903	0.0303580546424	0.0253934481194	0.012075558456	-0.00896270738766	-0.00605122042944	0.00500388521316	0.0405984466685	0.0113526254	0.0102070686884	-0.0269473129658	-0.0830819642618	-0.0632460300223	-0.0346890997366	-0.0583104226064	0.0569729923289	-0.0228759521295	0.00898978702832	-0.0203894198639	0.0712530629105	-0.0255838387767	0.0462489647657	0.0329874557137	0.00627566094802	-0.0256291486476	0.0010427218376	-0.0465562627619	-0.0512567239048
k__Bacteria;p__Bacteroidetes;c__Bacteroidia;o__Bacteroidales;f__Rikenellaceae;g__Alistipes;s__Alistipes_obesi	0.0111705703997	-0.0151286498062	0.0399767117348	0.0214287909013	-0.00373316815109	0.0465396070135	-0.0764772221391	-0.0437154117653	-0.00634821628729	0.0548183554505	0.0392086354004	-0.0300384905469	0.0128204289626	1.0	-0.00854790302932	-0.000133122126548	-0.0159414650271	-0.0021461282943	-0.0377171612013	0.00877435726528	0.000424274310948	-0.0171123338069	0.0234920281221	0.0123552577362	-0.0604341965563	-0.0102809986758	0.0198423181935	-0.0481341995534	-0.0666988730531	-0.0233385097383	-0.00409180823081	-0.0421697373555	-0.045288242962	0.0255035438681	-0.021475015548	-0.0342641353297	-0.0358042008776	-0.0361885323961	0.00187932843452	-0.0323624560111	-0.0440784057068	0.0204776722749	0.0219322400112	-0.00443207802908	0.061529485829	0.0277829424949	-0.000930114434454	-0.0380346532961	0.0453121958497	0.00239164967815	0.0273063972602	-0.0368622248662	-0.0280777707495	-0.0570660846305	-0.0535693704394	0.0187998562268	-0.0876887166701	-0.0583208201308	-0.0227627721019
k__Bacteria;p__Firmicutes;c__Clostridia;o__Clostridiales;f__Lachnospiraceae;g__;s__[Eubacterium]_rectale	0.123680566723	0.0004352151171	0.0235155734216	-0.0423253684724	-0.0233302198216	-0.0100256841445	-0.0127184624604	-0.00482149720611	-0.0449338657258	0.0186283583656	-0.0481614222534	-0.038184680826	0.0163618200107	-0.00854790302932	1.0	-0.0449757248513	-0.0115731780288	-0.0195936435423	-0.0194898734309	-0.0205323010849	-0.0314257519383	0.00908224772186	0.0348046704587	-0.086469727591	0.0297420386288	0.0186308836072	-0.0166031935034	-0.0012345685583	0.0237340148508	-0.0231200228279	-0.0378466616258	-0.0156107245303	0.0180288572	0.0617211143462	-0.0475394419387	-0.00944708996073	0.0147714252936	-0.0561618322116	-0.0132839427304	0.0330227232192	-0.0491961483018	0.0400455032438	-0.0065988376726	-0.0282177229205	-0.0266199377669	-0.0186801684608	-0.0247625785808	-0.066284056692	-0.00305377851754	-0.0280642273987	-0.0566343647775	0.0980410618116	-0.0175770814796	0.0164374518034	-0.0303370463756	0.00777453995211	0.00300628050792	-0.00448989622919	0.00782222211754
k__Bacteria;p__Bacteroidetes;c__Bacteroidia;o__Bacteroidales;f__Bacteroidaceae;g__Bacteroides;s__Bacteroides_plebeius	-0.0127677756881	-0.0212139509491	-0.0628027639714	-0.0224626834262	-0.107471305068	-0.0683745562915	0.0367477291498	0.0131772598719	-0.0772841116556	-0.0175022446397	-0.0566989499037	-0.0509171914853	0.0216947793629	-0.000133122126548	-0.0449757248513	1.0	-0.0081302438541	0.0344411431106	-0.00142038896095	-0.0381130650966	0.0140922371013	0.0319652188497	-0.0168223485438	-0.021967239868	0.0112914996725	-0.0965997658545	0.0812012206118	-0.0512262430866	0.0308064719864	0.00613450988778	-0.00866778383233	0.00991175208428	-0.0117730039026	-0.0378746709356	-0.00721534008595	-0.0774955609596	-0.032971054458	0.00155982861144	0.0284955518913	0.0300400393568	0.0242509695542	0.000695776336301	0.0100311925123	-0.0117729634631	0.0607544474412	0.00157453815086	-0.0306627618052	0.0483219897164	0.0434846176212	-0.021493240087	0.00214547658544	-0.0363451974301	-0.00795425950564	-0.0542247077693	-0.0167184475838	0.0179372058439	0.0152161997628	-0.0105886058043	0.0770238266441
k__Bacteria;p__Bacteroidetes;c__Bacteroidia;o__Bacteroidales;f__Bacteroidaceae;g__Bacteroides;s__Bacteroides_fragilis	0.0335446603649	-0.0261447049889	-0.0225634320462	0.00178449219697	-0.00757845738162	0.00690109665553	-0.0205341023735	-0.0456387551431	-0.0563256042126	0.0152786848877	0.0126106083446	0.0151275032467	-0.0512888504599	-0.0159414650271	-0.0115731780288	-0.0081302438541	1.0	0.0373393436031	-0.0442293909449	0.0351609399463	-0.0321116290412	0.000281408920252	0.0104282147176	0.070611961112	0.0332015466202	0.00285236939803	-0.0288520877568	-0.0991042532958	-0.00462493089453	-0.0416729429706	-0.00102243907941	-0.0686154946079	-0.0575876682081	-0.0263434491223	-0.0371231417459	-0.0194761720163	0.00545917957573	-0.0642255158778	-0.00818870896187	0.0114779862093	0.034236475098	0.0278112337994	-0.029373573185	0.0178498061784	0.00701598484876	0.0322876480663	-0.0451276716609	-0.0462702815706	0.0580826045088	0.00582175227882	-0.0251788739405	0.00160337469998	0.0111461776939	-0.0583052147152	0.0254276591734	-0.00558347910079	0.0503598881348	-5.59496153834e-05	0.00962205161227
k__Bacteria;p__Proteobacteria;c__Betaproteobacteria;o__Burkholderiales;f__Sutterellaceae;g__Sutterella;s__Sutterella_wadsworthensis	-0.0186821512536	0.00543423180014	0.00329481761489	-0.0123288411467	-0.00372863224835	-0.045217944664	-0.0221276289056	-0.0658599571359	0.0447825270366	-0.00859091676307	-0.0273815564892	0.0386486061721	-0.0194580487976	-0.0021461282943	-0.0195936435423	0.0344411431106	0.0373393436031	1.0	0.0083627659612	-0.0153036073951	-0.0610167987388	-0.00016429021287	0.0391529301269	-0.00294374475535	-0.0171578009847	-0.026094809294	0.062220025398	-0.0658965811527	-0.0202337142578	0.0176067827143	-0.02749270295	0.049299441015	0.0605921814629	-0.0234724891537	-0.0473383324783	-0.0415778058955	0.0266765180611	-0.023190489785	-0.0353775727374	-0.0140868803037	0.0065332697634	-0.00791655043722	0.0219487984176	0.0124915477807	-0.0747323797008	-0.0387547809098	0.0120245404075	-0.0605507193644	-0.0352029695523	-0.0490758804438	0.0354893963605	-0.0157167994288	-0.015045193015	0.0270819725514	-0.00153109452157	0.00359970869889	-0.00577125819891	-0.0275364647706	-0.0014492309158
k__Bacteria;p__Bacteroidetes;c__Bacteroidia;o__Bacteroidales;f__Porphyromonadaceae;g__Barnesiella;s__Barnesiella_intestinihominis	-0.00499517636935	-0.0434523608493	-0.0481914721175	0.000661234247688	-0.0159341299759	0.0505236621624	-0.0286953117662	-0.0258610364938	-0.0320458748014	0.0453248129753	-0.0329531277047	0.023952814791	0.0216510437739	-0.0377171612013	-0.0194898734309	-0.00142038896095	-0.0442293909449	0.0083627659612	1.0	-0.0279940896758	-0.0366902079508	-0.0193602525173	0.0931555415664	-0.0383040454105	0.0256099753338	-0.00602446825469	0.0149133212181	0.0108556353873	-0.00942698286388	0.00790682588883	-0.123737783143	0.0217383738071	0.0329883933392	-0.00488892008015	0.0404312672108	-0.00508112454071	-0.014450460209	0.00184048029776	0.0448603511365	-0.032251854003	-0.087823500539	-0.0492310338805	-0.0402942227404	-0.028605493378	-0.0113233795073	-0.00259809945355	-0.0199514337587	-0.00569752005071	-0.00979495697746	-0.00867145371354	0.000595796016565	-0.0472847793688	-0.0306754271975	0.0155950889747	-0.0406315016933	0.00606380575063	-0.00977867460974	0.00504704984199	0.0622887761199
k__Bacteria;p__Bacteroidetes;c__Bacteroidia;o__Bacteroidales;f__Odoribacteraceae;g__Odoribacter;s__Odoribacter_splanchnicus	-0.0156430791413	-0.0209531278648	0.0244899184083	0.0138590338036	0.00685449247756	0.00866102848361	0.05691058821	0.00411251885231	0.0256484099059	-0.0182272400125	0.000744078737532	-0.00331671809672	-0.0824115589098	0.00877435726528	-0.0205323010849	-0.0381130650966	0.0351609399462	-0.0153036073951	-0.0279940896758	1.0	-0.00830298771472	0.0225523150847	-0.0308872031273	0.0148737422116	-0.0439631096655	0.0257336384157	0.00736309466348	0.025670056479	0.024055816458	0.0110484136818	-0.0588755803702	-0.0709965213328	-0.0235561129337	-0.068681100725	0.00447512453677	0.00314012782945	-0.00545599044609	0.00989343789794	0.0285572288761	0.0221006447363	0.0243060906384	0.0408953318625	-0.0327151792657	-0.0488084672772	-0.0580551982428	0.0599430624657	0.0182430287627	0.0372467233039	0.0453377722804	-0.0340901955549	0.0322196915613	0.00979899639013	-0.0387501470715	0.00534213257738	-0.0443855713156	0.0569002201393	-0.0533490272336	-0.0189085473729	-0.0172709958488
k__Bacteria;p__Bacteroidetes;c__Bacteroidia;o__Bacteroidales;f__Bacteroidaceae;g__Bacteroides;s__Bacteroides_salyersiae	0.0312655422859	-0.0230910191976	0.038738230211	0.00465233563451	0.0217595882955	-0.00457479843896	-0.0256869073915	0.00450855106588	-0.0531741984616	0.0589795968232	-0.0424631987755	-0.04713077888	-0.000177537539557	0.000424274310948	-0.0314257519383	0.0140922371013	-0.0321116290412	-0.0610167987388	-0.0366902079508	-0.00830298771472	1.0	0.0114258820742	-0.0664543657535	0.00278312793514	0.0592505601351	-0.00294847623323	0.0272914930567	-0.0570924606425	0.00628386076559	-0.0185683916125	-0.0082891536953	-0.00740186253205	-0.0076436633184	-0.0550116891954	-0.0423574067171	0.0293222938501	0.00994706239797	0.03075078158	-0.0635058047904	-0.0249128911442	-0.00589364962559	-0.0241191002737	0.0704013589114	0.0128413234304	-0.0559022941459	0.0508538841761	0.0530139157531	-0.0233542223437	0.0346382233048	-0.0634140438825	0.0137491298354	0.0851731870854	-0.036154494917	-0.0373033423151	-0.0919644493007	-0.0367939590604	0.0111720411605	-0.00818863655636	-0.00750330765116
k__Bacteria;p__Firmicutes;c__Clostridia;o__Clostridiales;f__Ruminococcaceae;g__Ruminiclostridium;s__[Eubacterium]_siraeum	-0.0248412026514	-0.0130055548659	-0.0416621736561	-0.00251152457018	0.0549342007556	-0.01318563296	-0.0717439249633	-0.0344665529749	-0.0223959094253	0.0211088438098	-0.0398841738694	-0.0021092368718	-0.0029006343625	-0.0171123338069	0.00908224772186	0.0319652188497	0.000281408920252	-0.00016429021287	-0.0193602525173	0.0225523150847	0.0114258820742	1.0	-0.0114341440012	0.034088323313	0.0130766700118	0.0315847983193	-0.0299502172693	0.0137939644325	-0.0415431611076	-0.0846099555809	-0.0457227894279	-0.0153173001067	-0.0565803645222	-0.0653874321062	-0.0964612574327	-0.0385873150622	0.0458330026472	0.00923633579513	0.0509017434987	-0.0157761217089	-0.036335607038	-0.039443669784	0.0494796939922	0.0216365659455	-0.0546208045588	0.0172803020665	-0.0270661483029	-0.0243942507874	0.0088138968906	-0.0321064424754	0.0645160641935	0.00639104799612	-0.0132427340951	-0.0104431978253	0.0311890352161	0.0226863513202	0.0132761272788	0.0119438549017	-0.0320541761232
k__Bacteria;p__Proteobacteria;c__Betaproteobacteria;o__Burkholderiales;f__Sutterellaceae;g__Parasutterella;s__Parasutterella_excrementihominis	-0.0277082850089	0.0232157419366	0.0565745296764	0.0118954573797	-0.0231339849904	-0.00075562422904	0.03405084112	0.0215338720757	-0.0169836995871	-0.0183806562365	-0.018213639794	-0.0117430958931	0.0394890967274	0.0234920281221	0.0348046704587	-0.0168223485438	0.0104282147176	0.0391529301269	0.0931555415664	-0.0308872031273	-0.0664543657535	-0.0114341440012	1.0	-0.0305855868961	0.00846415888279	0.0303310376365	-0.00550022783386	-0.0664934470211	-0.0742039641628	-0.0267041854835	0.0207971669697	0.0155669909764	-0.0377600728355	-0.0138645966659	-0.0287021190025	0.0459109628399	-0.031847245806	0.0157385907167	0.0724332093815	-0.0311810464523	-0.0988760102036	-0.0455422328882	0.0163264531588	-0.00702639069999	-0.00503636421663	-0.01669467838	-0.0515298426125	0.0213131681538	0.00990056105512	0.00200453220187	-0.0440495273406	-0.035041064248	-0.0337585220467	0.0068908889652	-0.0342601537689	0.0873768015292	-0.0822077853416	0.0360381381687	-0.00771532777152
k__Bacteria;p__Actinobacteria;c__Actinobacteria;o__Bifidobacteriales;f__Bifidobacteriaceae;g__Bifidobacterium;s__Bifidobacterium_adolescentis	-0.0240381657844	-0.0130917230581	-0.00975623317911	-0.0219479774472	-0.0236959600942	-0.0241194806184	0.0298184690588	-0.00735414155557	-0.0348560230503	-0.0535773735261	-0.0594653850724	-0.0058022186223	-0.0235962846928	0.0123552577362	-0.086469727591	-0.021967239868	0.070611961112	-0.00294374475535	-0.0383040454105	0.0148737422116	0.00278312793514	0.034088323313	-0.0305855868961	1.0	-0.0347303510959	-0.00640518855228	-0.00368696664118	-0.0785121378919	-0.0188897637991	0.064904185591	0.0553860194605	-0.0405196533873	-0.00555820171602	-0.0101789369373	-0.0176762499849	-0.0136793922301	-0.0624226352131	0.0651162250479	-0.0526709300026	-0.0140776568122	-0.0170853189105	-0.0204114725127	0.031279187843	0.0200239301077	-0.00213697245274	-0.0322473164591	-0.00492112759209	0.0116825293003	0.0128779137174	-0.0416235821861	0.0168309513534	-0.0427118285938	-0.0336241484052	0.0183320617515	0.00862684912337	0.0850337557088	-0.0725428292074	0.00586328396579	-0.00138335779697
k__Bacteria;p__Firmicutes;c__Clostridia;o__Clostridiales;f__Oscillospiraceae;g__Oscillibacter;s__Oscillibacter_sp._KLE_1745	-0.0323240574465	-0.0158465421327	-0.012470835335	-0.00339845562758	-0.0141662375512	-0.0277268106453	0.03693406336	-0.00386275924259	-0.0208917211633	-0.0436920067198	-0.0240803208956	-0.0436650339069	-0.0612079727028	-0.0604341965563	0.0297420386288	0.0112914996725	0.0332015466202	-0.0171578009847	0.0256099753338	-0.0439631096655	0.0592505601351	0.0130766700118	0.00846415888279	-0.0347303510959	1.0	0.040507530576	-0.121307385518	-0.0359802390825	-0.0266698396002	0.0518889980562	0.0260203289293	-0.0261825673768	0.0126233879084	0.0213573482258	-0.0370754462472	-0.0221565824311	0.0103209338427	-0.0572434633269	0.0367246878784	-0.0584228128674	-0.0127734694107	0.0708177364002	0.0331227803942	-0.0123305253511	-0.0114829823477	0.0998084454407	0.0168766176587	-0.011457099303	-0.0314164904343	-0.00810898707762	-0.0627669536638	0.0129828650872	0.0400182967092	-0.00261799314303	-0.0589351308084	0.0137922036733	0.0296054394581	0.0733754676791	-0.0435036726101
k__Bacteria;p__Bacteroidetes;c__Bacteroidia;o__Bacteroidales;f__Bacteroidaceae;g__Bacteroides;s__Bacteroides_coprophilus	-0.0174469683255	0.0562420791471	-0.00734919427324	-0.0443226708243	-0.0476975040943	-0.0201669377722	0.0208930611375	0.0291166208926	-0.0017474533171	-0.0668202524837	-0.0412194809855	-0.0163682714717	-0.00463954515641	-0.0102809986758	0.0186308836072	-0.0965997658545	0.00285236939803	-0.026094809294	-0.00602446825469	0.0257336384157	-0.00294847623323	0.0315847983193	0.0303310376365	-0.00640518855228	0.040507530576	1.0	0.0081035665259	0.0338924145721	-0.0289036970593	-0.0551491306755	0.0423990962564	0.00621126732595	0.01989618692	-0.00761443386514	-0.0190174098711	-0.0655489898308	-0.00753236105877	-0.00493241943721	-0.0423144197107	-0.0217643237744	0.00638954849948	0.00843941023053	0.0651509101983	0.0756512482278	0.00173208844088	0.0171960546028	-0.0267861107384	0.0223594042447	-0.0402997734463	-0.00668921189507	0.0761030722872	0.0174980031239	-0.0354644881556	0.000223752236781	-0.0106665418256	-0.0328430073524	0.0231571100029	-0.0121572665645	-0.0483433177484
k__Bacteria;p__Firmicutes;c__Clostridia;o__Clostridiales;f__Lachnospiraceae;g__Roseburia;s__Roseburia_intestinalis	-0.0409367764438	-0.0769748238613	-0.0602814910507	-0.0612071213388	0.0140920217266	-0.00650617816348	0.021368584387	-0.00596977536683	-0.0147208441548	-0.0149103984131	0.0282640996003	-0.0741567098768	0.0391497075859	0.0198423181935	-0.0166031935034	0.0812012206118	-0.0288520877568	0.062220025398	0.0149133212181	0.00736309466348	0.0272914930567	-0.0299502172693	-0.00550022783386	-0.00368696664118	-0.121307385518	0.0081035665259	1.0	0.0362417057159	0.0124998403343	-0.0387354721254	-0.0213333640448	-0.022559879065	-0.0175677033027	-0.0392026054566	0.0484611801429	0.0155522499745	0.0796942531428	0.0278625895141	0.0229177767423	-0.0123301357565	0.0405754560966	-0.00342949902187	-0.0310783144869	0.0120094230837	0.0278373636274	0.0655490542979	-0.0209869857001	-0.00709425980093	-0.0402972942062	0.0343483801122	-0.0534908143576	-0.0769301237158	0.020271691762	0.00621176197181	0.00854474934993	0.0376731355642	-0.0832633909233	-0.0833813001488	-0.0587670951153
k__Bacteria;p__Firmicutes;c__Clostridia;o__Clostridiales;f__Lachnospiraceae;g__Roseburia;s__Roseburia_hominis	-0.0161191424208	-0.00276324470003	0.0142684914772	-0.046606008346	0.0131068852543	-0.0204658306064	-0.0362069450549	-0.0317270289197	0.00258822829488	0.00117255703225	0.0297121352276	0.0355182106294	-0.0175220050819	-0.0481341995534	-0.0012345685583	-0.0512262430866	-0.0991042532958	-0.0658965811527	0.0108556353873	0.025670056479	-0.0570924606425	0.0137939644325	-0.0664934470211	-0.0785121378919	-0.0359802390825	0.0338924145721	0.0362417057159	1.0	-0.0387076080381	-0.0523613935348	0.00913230631599	-0.0591894161137	0.0183530476913	0.0161979810071	-0.00617392023864	-0.0262383554315	-0.0338937078993	-0.0308090849499	0.0370424184091	0.00485728166557	-0.0388040522846	0.0019618554139	-0.046391153787	0.0460871345039	-0.017515457313	-0.022264820237	-0.0233451440518	0.0358053639366	-0.0322317050811	-0.0169544644708	0.0277200706149	0.0675133469827	0.0218094765754	0.0363131574787	-0.0421570507211	-0.0612834965402	0.02584991967	-0.0543925574819	-0.0749916843068
k__Bacteria;p__Bacteroidetes;c__Bacteroidia;o__Bacteroidales;f__Porphyromonadaceae;g__Parabacteroides;s__Parabacteroides_johnsonii	0.00190543033736	0.00607700652104	-0.0353230204631	0.0283507876169	-0.00845741410409	-0.071166462457	-0.0401307042072	-0.0259313072748	-0.00840120316983	0.0185737019319	-0.0634973476565	-0.0432420890218	-0.0469179207553	-0.0666988730531	0.0237340148508	0.0308064719864	-0.00462493089453	-0.0202337142578	-0.00942698286388	0.024055816458	0.00628386076559	-0.0415431611076	-0.0742039641628	-0.0188897637991	-0.0266698396002	-0.0289036970593	0.0124998403343	-0.0387076080381	1.0	-0.00533150284554	-0.0240323017883	-0.0629990118171	0.0119168583195	0.0287716153091	0.0642970802323	-0.0019514262425	-0.0302654734157	-0.0241541441788	0.0395026899055	-0.0211355503069	-0.0508371262061	-0.0440499906842	0.0132272401768	0.0365062943217	0.00234635152623	-0.0131537063924	0.05854733835	0.010881616004	-0.00247940758746	-0.0587247710447	-0.00808406245955	-0.0068295762392	0.0506911132904	-0.0011090779199	0.0770010745749	-0.052900798626	0.00491159219802	-0.0418323254691	0.0132589854427
k__Bacteria;p__Actinobacteria;c__Actinobacteria;o__Bifidobacteriales;f__Bifidobacteriaceae;g__Bifidobacterium;s__Bifidobacterium_longum	0.019446958948	-0.0162738005763	0.0272564534274	0.0202022539399	0.0194867924476	0.0220289703883	-0.00371044659901	0.0315319623449	0.00963005552902	-0.0227677864258	-0.0194501569125	-0.0656111623415	0.00736889387586	-0.0233385097383	-0.0231200228279	0.00613450988778	-0.0416729429706	0.0176067827143	0.00790682588883	0.0110484136818	-0.0185683916125	-0.0846099555809	-0.0267041854835	0.064904185591	0.0518889980562	-0.0551491306755	-0.0387354721254	-0.0523613935348	-0.00533150284554	1.0	0.000285200589746	0.0795861643949	0.0196997417009	0.0426841929007	-0.0185969132472	-0.0624032920088	0.00227127069494	-0.0482700124447	-0.0401870952428	-0.0525963501437	0.0163569051242	-0.0179158597353	-0.0215176773595	0.021314383597	-0.0543003500977	-0.0510439025547	-0.0518300381128	-0.048866277254	0.0164550059194	0.017042759161	-0.00492738223259	0.0483321041962	0.0202323951203	0.0884869522503	0.00585092751626	-6.22167519389e-05	0.0852777810624	0.0351031561409	-0.062530917464
