#taxonomy	k__Bacteria;p__Bacteroidetes;c__Bacteroidia;o__Bacteroidales;f__Bacteroidaceae;g__Bacteroides;s__Bacteroides_vulgatus	k__Bacteria;p__Bacteroidetes;c__Bacteroidia;o__Bacteroidales;f__Bacteroidaceae;g__Bacteroides;s__Bacteroides_uniformis	k__Bacteria;p__Bacteroidetes;c__Bacteroidia;o__Bacteroidales;f__Rikenellaceae;g__Alistipes;s__Alistipes_putredinis	k__Bacteria;p__Bacteroidetes;c__Bacteroidia;o__Bacteroidales;f__Prevotellaceae;g__Prevotella;s__Prevotella_copri	k__Bacteria;p__Bacteroidetes;c__Bacteroidia;o__Bacteroidales;f__Bacteroidaceae;g__Bacteroides;s__Bacteroides_stercoris	k__Bacteria;p__Bacteroidetes;c__Bacteroidia;o__Bacteroidales;f__Bacteroidaceae;g__Bacteroides;s__Bacteroides_ovatus	k__Bacteria;p__Bacteroidetes;c__Bacteroidia;o__Bacteroidales;f__Rikenellaceae;g__Alistipes;s__Alistipes_shahii	k__Bacteria;p__Firmicutes;c__Clostridia;o__Clostridiales;f__Ruminococcaceae;g__Faecalibacterium;s__Faecalibacterium_prausnitzii	k__Bacteria;p__Bacteroidetes;c__Bacteroidia;o__Bacteroidales;f__Rikenellaceae;g__Alistipes;s__Alistipes_finegoldii	k__Bacteria;p__Bacteroidetes;c__Bacteroidia;o__Bacteroidales;f__Porphyromonadaceae;g__Parabacteroides;s__Parabacteroides_distasonis	k__Bacteria;p__Bacteroidetes;c__Bacteroidia;o__Bacteroidales;f__Bacteroidaceae;g__Bacteroides;s__Bacteroides_thetaiotaomicron	k__Bacteria;p__Bacteroidetes;c__Bacteroidia;o__Bacteroidales;f__Bacteroidaceae;g__Bacteroides;s__Bacteroides_coprocola	k__Bacteria;p__Bacteroidetes;c__Bacteroidia;o__Bacteroidales;f__Bacteroidaceae;g__Bacteroides;s__Bacteroides_cellulosilyticus	k__Bacteria;p__Bacteroidetes;c__Bacteroidia;o__Bacteroidales;f__Rikenellaceae;g__Alistipes;s__Alistipes_obesi	k__Bacteria;p__Firmicutes;c__Clostridia;o__Clostridiales;f__Lachnospiraceae;g__;s__[Eubacterium]_rectale	k__Bacteria;p__Bacteroidetes;c__Bacteroidia;o__Bacteroidales;f__Bacteroidaceae;g__Bacteroides;s__Bacteroides_plebeius	k__Bacteria;p__Bacteroidetes;c__Bacteroidia;o__Bacteroidales;f__Bacteroidaceae;g__Bacteroides;s__Bacteroides_fragilis	k__Bacteria;p__Proteobacteria;c__Betaproteobacteria;o__Burkholderiales;f__Sutterellaceae;g__Sutterella;s__Sutterella_wadsworthensis	k__Bacteria;p__Bacteroidetes;c__Bacteroidia;o__Bacteroidales;f__Porphyromonadaceae;g__Barnesiella;s__Barnesiella_intestinihominis	k__Bacteria;p__Bacteroidetes;c__Bacteroidia;o__Bacteroidales;f__Odoribacteraceae;g__Odoribacter;s__Odoribacter_splanchnicus	k__Bacteria;p__Bacteroidetes;c__Bacteroidia;o__Bacteroidales;f__Bacteroidaceae;g__Bacteroides;s__Bacteroides_salyersiae	k__Bacteria;p__Firmicutes;c__Clostridia;o__Clostridiales;f__Ruminococcaceae;g__Ruminiclostridium;s__[Eubacterium]_siraeum	k__Bacteria;p__Proteobacteria;c__Betaproteobacteria;o__Burkholderiales;f__Sutterellaceae;g__Parasutterella;s__Parasutterella_excrementihominis	k__Bacteria;p__Actinobacteria;c__Actinobacteria;o__Bifidobacteriales;f__Bifidobacteriaceae;g__Bifidobacterium;s__Bifidobacterium_adolescentis	k__Bacteria;p__Firmicutes;c__Clostridia;o__Clostridiales;f__Oscillospiraceae;g__Oscillibacter;s__Oscillibacter_sp._KLE_1745	k__Bacteria;p__Bacteroidetes;c__Bacteroidia;o__Bacteroidales;f__Bacteroidaceae;g__Bacteroides;s__Bacteroides_coprophilus	k__Bacteria;p__Firmicutes;c__Clostridia;o__Clostridiales;f__Lachnospiraceae;g__Roseburia;s__Roseburia_intestinalis	k__Bacteria;p__Firmicutes;c__Clostridia;o__Clostridiales;f__Lachnospiraceae;g__Roseburia;s__Roseburia_hominis	k__Bacteria;p__Bacteroidetes;c__Bacteroidia;o__Bacteroidales;f__Porphyromonadaceae;g__Parabacteroides;s__Parabacteroides_johnsonii	k__Bacteria;p__Actinobacteria;c__Actinobacteria;o__Bifidobacteriales;f__Bifidobacteriaceae;g__Bifidobacterium;s__Bifidobacterium_longum	k__Bacteria;p__Firmicutes;c__Clostridia;o__Clostridiales;f__;g__Flavonifractor;s__Flavonifractor_plautii	k__Bacteria;p__Firmicutes;c__Clostridia;o__Clostridiales;f__Clostridiaceae;g__Clostridium;s__Clostridium_phoceensis	k__Bacteria;p__Verrucomicrobia;c__Verrucomicrobiae;o__Verrucomicrobiales;f__Akkermansiaceae;g__Akkermansia;s__Akkermansia_muciniphila	k__Bacteria;p__Bacteroidetes;c__Bacteroidia;o__Bacteroidales;f__Prevotellaceae;g__Paraprevotella;s__Paraprevotella_xylaniphila	k__Bacteria;p__Firmicutes;c__Clostridia;o__Clostridiales;f__Ruminococcaceae;g__Ruminococcus;s__Ruminococcus_callidus	k__Bacteria;p__Bacteroidetes;c__Bacteroidia;o__Bacteroidales;f__Rikenellaceae;g__Alistipes;s__Alistipes_senegalensis	k__Bacteria;p__Firmicutes;c__Clostridia;o__Clostridiales;f__Lachnospiraceae;g__Blautia;s__Blautia_sp._KLE_1732	k__Bacteria;p__Bacteroidetes;c__Bacteroidia;o__Bacteroidales;f__Bacteroidaceae;g__Bacteroides;s__Bacteroides_oleiciplenus	k__Bacteria;p__Firmicutes;c__Clostridia;o__Clostridiales;f__Ruminococcaceae;g__Ruminococcus;s__Ruminococcus_bicirculans	k__Bacteria;p__Bacteroidetes;c__Bacteroidia;o__Bacteroidales;f__Bacteroidaceae;g__Bacteroides;s__Bacteroides_fluxus	k__Bacteria;p__Bacteroidetes;c__Bacteroidia;o__Bacteroidales;f__Prevotellaceae;g__Prevotella;s__Prevotella_stercorea	k__Bacteria;p__Firmicutes;c__Clostridia;o__Clostridiales;f__Lachnospiraceae;g__Dorea;s__Dorea_longicatena	k__Bacteria;p__Firmicutes;c__Clostridia;o__Clostridiales;f__Eubacteriaceae;g__Eubacterium;s__[Eubacterium]_eligens	k__Bacteria;p__Firmicutes;c__Clostridia;o__Clostridiales;f__Ruminococcaceae;g__;s__Ruminococcaceae_bacterium_D16	k__Bacteria;p__Firmicutes;c__Clostridia;o__Clostridiales;f__Lachnospiraceae;g__Coprococcus;s__Coprococcus_comes	k__Bacteria;p__Proteobacteria;c__Gammaproteobacteria;o__Enterobacterales;f__Enterobacteriaceae;g__Escherichia;s__Escherichia_coli	k__Bacteria;p__Firmicutes;c__Clostridia;o__Clostridiales;f__Ruminococcaceae;g__Anaerotruncus;s__Anaerotruncus_colihominis	k__Bacteria;p__Firmicutes;c__Clostridia;o__Clostridiales;f__Lachnospiraceae;g__Blautia;s__Blautia_obeum	k__Bacteria;p__Bacteroidetes;c__Bacteroidia;o__Bacteroidales;f__Odoribacteraceae;g__Odoribacter;s__Odoribacter_laneus	k__Bacteria;p__Firmicutes;c__Clostridia;o__Clostridiales;f__Ruminococcaceae;g__Ruminiclostridium;s__[Clostridium]_leptum	k__Bacteria;p__Bacteroidetes;c__Bacteroidia;o__Bacteroidales;f__Porphyromonadaceae;g__Parabacteroides;s__Parabacteroides_goldsteinii	k__Bacteria;p__Firmicutes;c__Clostridia;o__Clostridiales;f__Lachnospiraceae;g__Anaerostipes;s__Anaerostipes_hadrus	k__Bacteria;p__Firmicutes;c__Clostridia;o__Clostridiales;f__Ruminococcaceae;g__Ruminococcus;s__Ruminococcus_lactaris	k__Bacteria;p__Firmicutes;c__Clostridia;o__Clostridiales;f__Clostridiaceae;g__Clostridium;s__Clostridium_sp._L2-50	k__Bacteria;p__Firmicutes;c__Clostridia;o__Clostridiales;f__Clostridiaceae;g__Clostridium;s__Clostridium_sp._M62/1	k__Bacteria;p__Firmicutes;c__Clostridia;o__Clostridiales;f__;g__Intestinimonas;s__Intestinimonas_butyriciproducens	k__Bacteria;p__Actinobacteria;c__Actinobacteria;o__Bifidobacteriales;f__Bifidobacteriaceae;g__Bifidobacterium;s__Bifidobacterium_bifidum	k__Bacteria;p__Firmicutes;c__Negativicutes;o__Veillonellales;f__Veillonellaceae;g__Dialister;s__Dialister_invisus	k__Bacteria;p__Bacteroidetes;c__Bacteroidia;o__Bacteroidales;f__Bacteroidaceae;g__Bacteroides;s__Bacteroides_salanitronis
k__Bacteria;p__Bacteroidetes;c__Bacteroidia;o__Bacteroidales;f__Bacteroidaceae;g__Bacteroides;s__Bacteroides_vulgatus	1.0	-0.00542772016554	-0.0223749097805	0.00836594373799	0.0147634677228	0.0164105386142	-0.0415114377587	0.0088817585313	-0.0208143234683	0.0079706764849	0.00441815613287	-0.0209070130817	-0.0570750074741	-0.0891319443219	0.0402115076556	-0.0167248775975	0.00428298666314	-0.0337134874315	0.0031204793341	0.00333482182543	-0.0271165615266	-0.0091991319767	-0.00502649358672	0.0396268491754	0.0230767520099	-0.0387699503385	-0.0686422052631	-0.0247511472347	-0.0250542132079	-0.00699358758013	-0.0170967496377	0.0261927817306	0.00413461555676	-0.0187912612017	0.00779791301356	-0.0433445509525	0.0231637323024	-0.00167304449507	0.0247541173751	0.0157267337577	0.0305580174448	0.0141573460222	0.0231588273542	0.0216880310785	0.0194047754307	-0.0112403958759	0.0135675226305	-0.0795796857853	-0.033337441785	-0.0382193134416	0.0388847223689	0.00961974525468	-0.0105340415521	0.00301750199955	-0.0479768053987	-0.0298023587968	-0.0322983623226	0.00717647301136	0.0196398814963
k__Bacteria;p__Bacteroidetes;c__Bacteroidia;o__Bacteroidales;f__Bacteroidaceae;g__Bacteroides;s__Bacteroides_uniformis	-0.00542772016554	1.0	-0.0530665234668	-0.0267475868626	-0.0277961947944	0.0363396190497	0.00985149055432	0.0170057151332	-0.0138354323117	0.0147298785108	-0.0168380938635	-0.0328684295084	-0.0230979872471	0.0660679268123	0.0336259184094	-0.0328377640667	-0.0121777908197	-0.00155497261908	-0.0448999181971	0.0290923293572	-0.0373478934837	0.00093225204645	0.00405409685158	-0.0653221662243	-0.0323804751264	-0.0134260579135	-0.0353277537672	8.90884666381e-05	-0.00911088046239	-0.0307671041743	0.026043294321	-0.0276717172271	0.0411008531979	-0.0211447487946	0.016227314546	-0.0383184383423	-0.0181410644415	-0.022270671893	0.0444658570249	-0.00759029423024	-0.00846762433952	0.0172254544556	-0.0687694738311	0.0646853879916	0.0208244535802	0.0263768503631	0.00295819826655	0.00174265573095	-0.0815809928745	0.0314151106561	-0.0374645392113	-0.0111010630376	0.00560873153266	-0.00623223742893	-0.00110943446589	-0.0293601924004	0.0299299270758	-0.0443535501593	0.0334400525289
k__Bacteria;p__Bacteroidetes;c__Bacteroidia;o__Bacteroidales;f__Rikenellaceae;g__Alistipes;s__Alistipes_putredinis	-0.0223749097805	-0.0530665234668	1.0	0.0476071189379	0.0250891294288	0.015607716902	-0.00664736089224	0.00700306769994	-0.0250448650504	0.0480475816485	-0.0195419827559	-0.0306478561219	0.0105171703295	-0.0237743605904	0.00452733186433	0.0130702785653	0.0120594248705	-0.0126984245637	-0.024021368774	0.0292481027718	-0.0329355229108	0.00744596970357	0.0120436118995	-0.00605211631189	0.00729876291249	-0.0238543550589	-0.0463596336663	-0.00445135474103	-0.00513725077056	0.00508934699153	0.0224745967867	0.00772792220712	-0.0086747639834	-0.0302822622095	-0.0453498389008	0.00716492729961	-0.0333024120072	-0.0494620906983	-0.0381666078772	-0.0938839460915	-0.0112434454646	0.0203282128157	0.0827920244011	-0.0277307543635	0.0116382022017	0.00613791087967	-0.0313053901089	0.0496896466816	0.0359620011333	0.0491824993765	-0.016065105415	-0.0353033050144	0.0461350423173	-0.069943592646	-0.00628425231855	-0.0112736385779	-0.0313469238975	-0.0236121022383	0.00340846555415
k__Bacteria;p__Bacteroidetes;c__Bacteroidia;o__Bacteroidales;f__Prevotellaceae;g__Prevotella;s__Prevotella_copri	0.00836594373799	-0.0267475868626	0.0476071189379	1.0	-0.0419500917421	0.0320034884116	-0.0241523327965	0.0679000215798	-0.0300084503708	-0.00108415055025	-0.0701537360271	-0.0136756915908	0.0427681618909	-0.0716199349713	0.0109195366726	-0.0179272170314	0.0137172610604	-0.0072722311625	-0.0142089339519	0.0296178595498	0.0468312051469	0.0094875658171	-0.0362096965826	-0.0460293603052	-0.0253958618835	-0.0350226945883	-0.0395464969765	-0.0241036457462	0.00275014480301	-0.0254523514337	-0.0186231669658	-0.018473203664	-0.00662533002784	0.048598378228	-0.0517457553636	0.0192198110281	0.0146013058294	-0.0381859324286	-0.0387489535856	-0.0556510413846	0.0510320567858	-0.0028345788574	0.00667512138302	-0.0464312883402	-0.00345354981959	-0.0216441512178	-0.026248941596	-0.00677917428818	-0.0245944151988	-0.0179775867214	0.0160220526979	-0.0421271362693	-0.0499517043308	-0.0390752725509	-0.0277178942311	-0.0290751617762	-0.0699831553637	0.0259212205482	-0.0389132694754
k__Bacteria;p__Bacteroidetes;c__Bacteroidia;o__Bacteroidales;f__Bacteroidaceae;g__Bacteroides;s__Bacteroides_stercoris	0.0147634677228	-0.0277961947944	0.0250891294288	-0.0419500917421	1.0	-0.0531313162176	0.00138766312776	0.0144405364181	-0.00216108515303	0.00146796854244	-0.0160402745482	0.0137905455431	-0.033470331385	-0.0250576627923	-0.027588777521	-0.0329762049902	-0.0300558471364	-0.0105609580515	0.00595048004808	0.0322514453103	0.0498783712158	-0.0373875769131	0.0121263224246	0.0194177179697	-0.0495074932174	0.0341314602102	0.0157274916233	-0.0556416730049	-0.0520863341162	-0.0168278423716	-0.0690264106671	0.00764157821571	-0.0175083980826	-0.00734816711456	-0.00105477129323	-0.0574804153793	0.000347631580634	0.0313324136554	-0.0387972267471	0.0172492980338	-0.0307564030392	0.0137046928392	-0.0204411141537	-0.0612450571043	-0.0650144962236	-0.00641929548861	-0.0683201161489	0.0502979703037	-0.00544438610328	0.0521449801584	0.00646944702367	0.0406194308063	0.0170190426396	-0.0429541384951	-0.00921360540365	-0.0163295587171	-0.00873617000304	0.0370174084219	-0.00468397121038
k__Bacteria;p__Bacteroidetes;c__Bacteroidia;o__Bacteroidales;f__Bacteroidaceae;g__Bacteroides;s__Bacteroides_ovatus	0.0164105386142	0.0363396190497	0.015607716902	0.0320034884116	-0.0531313162176	1.0	-0.00756609774216	-0.0142034686794	-0.0403766087809	-0.0323655604215	-0.0522402024549	0.0378538278066	0.0145603121771	-0.00490913092963	-0.0155311980023	0.0610797826895	-0.0168977837091	0.0377521191739	-0.00105705981196	-0.0118490010717	0.0103591517696	-0.0155878719827	0.0172595500718	0.0384773807745	0.0252720028455	-0.0221478880818	-0.0249009281443	0.0196910749287	-0.0116734486645	0.00800879278121	0.00137373088305	0.01107083666	0.00928965825159	-0.057133830064	-0.0437004500203	-0.0721164582357	-0.0505111435706	0.0107429031773	-0.0827324860713	-0.0919975470535	0.0247599280114	0.0112412677863	0.00320156938527	-0.00523292513483	-0.0774239526389	-0.064509923244	-0.0097206446528	0.0235084577482	0.033496157275	0.0287483132739	-0.0238535739991	0.0118130938739	-0.00640915637369	0.0226034412728	-0.0126158885915	0.0317314685178	-0.00493462406479	0.00612426140961	0.0282480483863
k__Bacteria;p__Bacteroidetes;c__Bacteroidia;o__Bacteroidales;f__Rikenellaceae;g__Alistipes;s__Alistipes_shahii	-0.0415114377587	0.00985149055432	-0.00664736089224	-0.0241523327965	0.00138766312776	-0.00756609774216	1.0	-0.0482325079489	-0.0174553851717	0.0159486508915	0.0151694213118	0.011554094235	0.0372967370197	0.028820221677	0.0251153850567	-0.00928788400051	0.0380319179612	-0.0339635193544	0.0381907462755	0.0149844350092	-0.0701362305183	0.0545813476405	0.0274334441583	-0.0195716323724	-0.0398549989707	0.0360788881302	-0.0168835922127	-0.0161107836501	-0.0520343353789	-0.0165242245508	0.0179791081975	0.0383379602031	0.0629477999606	-0.00297501340836	-0.0117177444493	-0.0503774365217	0.00854637237226	0.00506663379974	-0.027919865899	0.00802824700251	-0.0803573204825	-0.0558113251057	-0.0439263749137	-0.0325458036472	-0.0722671679962	0.0285585383579	0.00397452789281	0.0303431926569	0.035178488877	0.00674132318232	0.0108522361696	-0.0633786184812	-0.00459460566457	0.00709487170582	0.0372562282993	-0.0254626881217	0.0130185314367	-0.0351880823247	-0.0365648108181
k__Bacteria;p__Firmicutes;c__Clostridia;o__Clostridiales;f__Ruminococcaceae;g__Faecalibacterium;s__Faecalibacterium_prausnitzii	0.0088817585313	0.0170057151332	0.00700306769994	0.0679000215798	0.0144405364181	-0.0142034686794	-0.0482325079489	1.0	-0.00783869283713	-0.0182530202878	-0.0159974130239	0.00139418985716	-0.00132708600518	-0.0252531252778	-0.0205147290775	0.0386069459177	-0.0462252094545	-0.0177108137387	-0.0118007200195	-0.0111585745723	-0.0341864382503	0.0110587869029	0.0474377020692	0.0145838923513	-0.0223802485186	-0.0139632353326	0.00984732890234	-0.0214476382751	-0.0467495816364	-0.00178252610516	-0.0575531007205	-0.0492248509998	-0.024873440265	-0.023778812263	0.0153570213615	0.0507811938587	-0.00934072984054	-0.0278966916069	-0.0516267840832	0.0806280071607	0.000480125895337	-0.0448031396678	0.0529855819773	-0.0412534776673	-0.0340327043388	-0.00336157052789	-0.00856731405416	-0.0174877141044	0.0177169929805	-0.0280969596531	0.0266176110799	-0.0412694459002	0.033341525913	-0.0685032812795	0.0147746316235	0.0214471789538	-0.00683967195517	-0.0808083653088	0.0196273989365
k__Bacteria;p__Bacteroidetes;c__Bacteroidia;o__Bacteroidales;f__Rikenellaceae;g__Alistipes;s__Alistipes_finegoldii	-0.0208143234683	-0.0138354323117	-0.0250448650504	-0.0300084503708	-0.00216108515303	-0.0403766087809	-0.0174553851717	-0.00783869283713	1.0	0.0339541563819	-0.0337956190109	-0.0173943969268	-0.0472626399007	-0.0735600169152	-0.0189316058189	0.00630082153595	-0.0698035351776	-0.00842549633437	-0.00450151310954	-0.0750703429528	-0.0316971698757	0.0618807870899	-0.0218121195555	-0.0145567480258	-0.0106461238834	-0.0117376643169	0.0179950308646	-0.00553989779117	-0.00384184011679	0.00190563908655	-0.00981988460778	0.0382938431838	0.00701822059847	-0.000617343948006	0.0206752963207	0.0608278506601	0.00165024003879	-0.0163342173935	0.0166335714826	-0.0297740391266	-0.0293172097999	0.00691893581763	-0.0149144304812	0.056781107961	-0.0372951935952	-0.0233521249347	0.000640955996216	0.0612386056446	0.0125572504965	0.0525862147781	-0.0122421741216	-0.0160187736774	-0.0553671604097	-0.0157378624861	-0.0500852227507	0.0112831745173	-0.0208788295999	-0.00652497912461	0.0391397164898
k__Bacteria;p__Bacteroidetes;c__Bacteroidia;o__Bacteroidales;f__Porphyromonadaceae;g__Parabacteroides;s__Parabacteroides_distasonis	0.0079706764849	0.0147298785108	0.0480475816485	-0.00108415055025	0.00146796854244	-0.0323655604215	0.0159486508915	-0.0182530202878	0.0339541563819	1.0	0.0136307456187	0.000692849520427	-0.0230524002183	-0.0187006583986	0.0346603185745	-0.0235929312668	0.0346404920936	0.0178857993265	-0.00822189065524	-0.0254141379991	-0.0785437946109	-0.011800317604	-0.0349305267678	-0.011747161618	0.059911459107	0.0429500716818	-0.019077896169	-0.0127088906273	-0.0474518847972	-0.00345281937691	-0.0215661068983	0.0152902004381	-0.0116163895288	-0.0269092721904	0.0511029054089	-0.023649743615	-0.0495788369776	-0.0164337469466	3.27582592603e-05	0.00837551999566	-0.079981317408	-0.00623323069576	-0.0604114197539	-0.050212406763	0.024628158603	-0.078980952435	-0.0260772190267	0.0377170798508	-0.0165531505405	0.0140308412722	0.00912134320301	-0.0199733713389	0.0609568522379	-0.0367700697207	-0.054571828201	0.0399490124451	-0.0368232449987	-0.0249246268542	0.0424042553562
k__Bacteria;p__Bacteroidetes;c__Bacteroidia;o__Bacteroidales;f__Bacteroidaceae;g__Bacteroides;s__Bacteroides_thetaiotaomicron	0.00441815613287	-0.0168380938635	-0.0195419827559	-0.0701537360271	-0.0160402745482	-0.0522402024549	0.0151694213118	-0.0159974130239	-0.0337956190109	0.0136307456187	1.0	-0.0163259245659	-0.0267392382929	-0.0349400015156	-0.0385759778583	0.0168672818786	0.0341122922818	0.0364007222966	-0.0112330908576	-0.0325408815292	-0.0376086925262	0.0439468208396	-0.0253785207536	-0.0222733168541	-0.0188099924913	0.0157719388154	-0.0233031315522	-0.0823732682936	0.0305373779229	-0.046831887855	-0.0102263705097	-0.03239549781	-0.0555174891095	0.0491759634617	-0.000496288543629	0.00496280890274	-0.00335550869731	-0.0363109580737	-0.00423824806361	0.0063684515303	-0.0249145179061	0.0140388854354	-0.0549766848653	0.00327312021625	-0.0214645667578	0.130026795811	-0.00717413303195	0.0355492253827	-0.0355771353384	-0.000527265447618	-0.0167935794046	0.00669987522564	-0.0502594682894	0.00161896581533	-0.0276854910558	0.0101374462002	0.00694081168743	-0.0657431954809	-0.0598193826315
k__Bacteria;p__Bacteroidetes;c__Bacteroidia;o__Bacteroidales;f__Bacteroidaceae;g__Bacteroides;s__Bacteroides_coprocola	-0.0209070130817	-0.0328684295084	-0.0306478561219	-0.0136756915908	0.0137905455431	0.0378538278066	0.011554094235	0.00139418985716	-0.0173943969268	0.000692849520427	-0.0163259245659	1.0	0.000745716584638	-0.0147688473311	-0.0196828481383	-0.00760287735275	-0.0499199464726	0.0258360909893	0.000370045209235	-0.0287953406178	-0.0505134578214	0.0225802745735	-0.0292139857384	0.0442208361822	0.0129853924458	-0.0506800383152	-0.0141754368315	0.0404423559113	0.0255546651737	-0.0141426317919	0.0325416750637	-0.0228347870459	0.0317001670253	-0.00968104523921	-0.0194847478579	0.00525583876818	-0.0375872466337	-0.0332726628647	-0.0122105538241	0.0146594937979	-0.0470526196644	0.0316287211127	0.00209278091721	-0.0295800963992	0.000232384530118	0.0508297804856	-0.0877530488561	-0.0628631336132	0.00506488049661	-0.0182446193952	0.00292817367913	-0.0258750172801	0.00541128114015	0.0277903895403	-0.024423529703	0.0337256545843	-0.0515599359416	-0.0435282787314	0.00132317049785
k__Bacteria;p__Bacteroidetes;c__Bacteroidia;o__Bacteroidales;f__Bacteroidaceae;g__Bacteroides;s__Bacteroides_cellulosilyticus	-0.0570750074741	-0.0230979872471	0.0105171703295	0.0427681618909	-0.033470331385	0.0145603121771	0.0372967370197	-0.00132708600518	-0.0472626399007	-0.0230524002183	-0.0267392382929	0.000745716584638	1.0	-0.0430635058317	0.000138081407234	-0.00524177879554	-0.00186316459337	-0.00884823813053	-0.0248081360304	0.083495732959	0.00676427876028	-0.000541335573623	0.0674218481636	-0.0219886491014	0.0616144590719	0.0430270801749	0.019599450081	0.0784035959288	-0.0432836995983	0.0101693760931	-0.00512359052668	0.0030280613622	0.0467908110109	-0.0253536404259	-0.085385561104	0.0310511210586	-0.0576581941712	0.0365634282135	-0.0289783159112	-0.0123229680177	-0.0174744668277	-0.0428683774261	0.0489473118846	0.00523968176401	0.0170270785671	-0.0689871511422	-0.00783122588457	0.0365972139771	-0.0298012597992	-0.0182339483045	-0.0219829417822	0.0419125691371	0.0192692431761	-0.0298272054305	0.0149601798298	-0.008562877342	-0.023700434108	-0.0218422004562	-0.00417877988168
k__Bacteria;p__Bacteroidetes;c__Bacteroidia;o__Bacteroidales;f__Rikenellaceae;g__Alistipes;s__Alistipes_obesi	-0.0891319443219	0.0660679268123	-0.0237743605904	-0.0716199349713	-0.0250576627923	-0.00490913092963	0.028820221677	-0.0252531252778	-0.0735600169152	-0.0187006583986	-0.0349400015156	-0.0147688473311	-0.0430635058317	1.0	-0.0240721361424	0.0211419307535	-0.0281437155764	0.0103911599382	-0.0195230032029	-0.0197898447781	0.0316224761173	0.0254914750433	-0.0779584504747	-0.0168163334847	-0.00528144746058	-0.0354882612564	-0.00660000113586	0.01585572708	-0.0411431925267	0.00896499704315	-0.0557344083489	-0.010982324528	-0.0208064507947	0.00677162667366	-0.0412613867152	0.0615971255846	-0.00470712512158	-0.0316827292128	-0.0479985959287	0.0221991472009	-0.0145642402763	0.0124082726704	0.0170159093385	0.0166282760341	-0.00707633024664	0.0560109957896	0.0522599592004	-0.0168779108006	0.00917831902049	-0.0264689472581	-0.0188150747102	-0.0110412485572	0.139771717121	0.0185844393137	0.00487109286309	0.0226207757575	-0.0100962924019	0.000477095148476	-0.000961792825823
k__Bacteria;p__Firmicutes;c__Clostridia;o__Clostridiales;f__Lachnospiraceae;g__;s__[Eubacterium]_rectale	0.0402115076556	0.0336259184094	0.00452733186433	0.0109195366726	-0.027588777521	-0.0155311980023	0.0251153850567	-0.0205147290775	-0.0189316058189	0.0346603185745	-0.0385759778583	-0.0196828481383	0.000138081407234	-0.0240721361424	1.0	0.0648142172358	0.00982171808427	-0.0646220590327	-0.00778819594375	-0.0114681223073	-0.0232203462377	0.00339309187495	0.0043652123677	0.0547836788887	-0.00617796602259	-0.0115523087631	0.0364912645463	-0.00157190154467	0.0345656412801	-0.0768866494378	-0.0735604220319	-0.0372551068562	0.0155593448668	-0.032364549805	-0.00386408306876	-0.0470199695756	0.0361952480308	-0.0504724579947	-0.0161654969866	-0.0469620462042	-0.0132207238448	0.00239187945672	0.0466603416688	-0.0154327046274	0.0184130029327	-0.0129418305372	-0.0142576940891	-0.0800617061427	-0.00454216890324	-0.0942377529774	0.0197032779216	-0.057524750814	0.0384848987715	0.0328984433538	0.00409477322138	0.0520615909445	0.0508862803925	-0.00734134707207	-0.0294869427296
k__Bacteria;p__Bacteroidetes;c__Bacteroidia;o__Bacteroidales;f__Bacteroidaceae;g__Bacteroides;s__Bacteroides_plebeius	-0.0167248775975	-0.0328377640667	0.0130702785653	-0.0179272170314	-0.0329762049902	0.0610797826895	-0.00928788400051	0.0386069459177	0.00630082153595	-0.0235929312668	0.0168672818786	-0.00760287735275	-0.00524177879554	0.0211419307535	0.0648142172358	1.0	0.0138295023224	-0.0170828319689	-0.0823700282092	0.0290995905288	0.00152116463957	0.00486737008861	-0.0100403107606	-0.0115349829225	-0.0648906098009	0.0029564439564	0.00294998010515	-0.00453799555853	0.0434874877874	-0.0232096398714	-0.0300082925623	-0.028795846402	0.0283346008412	0.0275648538459	-0.0366503877381	-0.0163919284885	0.0044718542561	-0.0411660074442	-0.0148562578221	0.000217776477724	0.0224035050977	0.0142648922898	0.00645952129031	-0.0510337969282	-0.0157368203116	-0.0198300983464	0.0055052870401	-0.0847656450636	-0.0322018771091	-0.0631529025255	0.0443188773665	0.0239028377541	-0.0417235184195	-0.00369958936967	-0.0456883901832	0.0127496251198	0.0283358883103	0.017018065863	-0.0222238826134
k__Bacteria;p__Bacteroidetes;c__Bacteroidia;o__Bacteroidales;f__Bacteroidaceae;g__Bacteroides;s__Bacteroides_fragilis	0.00428298666314	-0.0121777908197	0.0120594248705	0.0137172610604	-0.0300558471364	-0.0168977837091	0.0380319179612	-0.0462252094545	-0.0698035351776	0.0346404920936	0.0341122922818	-0.0499199464726	-0.00186316459337	-0.0281437155764	0.00982171808427	0.0138295023224	1.0	-0.0329061175871	-0.0796601187391	-0.0379155814502	0.0199446896942	-0.0416819778691	0.0123458951035	-0.0225745616691	0.0263119520241	-0.0550127307792	-0.0199126725349	0.019602510604	-0.026073513903	0.0121932811321	0.00392644029839	-0.0641904242394	-0.0318125968138	0.014389047233	-0.0118443475798	-0.0543350432118	-0.00295205516433	0.0290010517354	0.0520318900163	-0.022734895702	0.0535017347071	0.0204557399064	-0.0262036837075	-0.0130076765629	-0.00716531527907	-0.0532129957015	0.0079879375566	0.00280505868252	0.0214495573805	0.0720335629435	0.0096731767794	0.0168293231708	-0.0157821674192	-0.01281099684	0.0344433408278	-0.0401531274889	0.0147182439806	-0.00397918580793	-0.0295390797992
k__Bacteria;p__Proteobacteria;c__Betaproteobacteria;o__Burkholderiales;f__Sutterellaceae;g__Sutterella;s__Sutterella_wadsworthensis	-0.0337134874315	-0.00155497261908	-0.0126984245637	-0.0072722311625	-0.0105609580515	0.0377521191739	-0.0339635193544	-0.0177108137387	-0.00842549633437	0.0178857993265	0.0364007222966	0.0258360909893	-0.00884823813053	0.0103911599382	-0.0646220590327	-0.0170828319689	-0.0329061175871	1.0	0.0117894470174	-0.00661884537201	-0.0171822604857	-0.00926481977958	-0.0839803824651	0.000512207190944	-0.00671327534068	0.0294499818088	-0.00307081791004	0.0101427332092	0.00351870239189	0.0107637305642	-0.0382144588814	0.0171511741687	0.0131180817166	-0.0344787196128	-0.0561168286907	-0.0186323336172	0.0544417996077	-0.0595851633163	-0.00172121861841	-0.0287425587577	0.011748548987	-0.00220606978974	-0.0291936612556	-0.0206961607696	0.044991866108	0.019614877159	-0.0318954089263	-0.0479077420588	0.0458817422486	0.0232523569057	-0.0260648234376	0.0618892862966	-0.0262164845969	0.0055987053048	0.000680122424671	-0.0338247790276	0.000883104026127	-0.0102239762577	-0.0779065286296
k__Bacteria;p__Bacteroidetes;c__Bacteroidia;o__Bacteroidales;f__Porphyromonadaceae;g__Barnesiella;s__Barnesiella_intestinihominis	0.0031204793341	-0.0448999181971	-0.024021368774	-0.0142089339519	0.00595048004808	-0.00105705981196	0.0381907462755	-0.0118007200195	-0.00450151310954	-0.00822189065524	-0.0112330908576	0.000370045209235	-0.0248081360304	-0.0195230032029	-0.00778819594375	-0.0823700282092	-0.0796601187391	0.0117894470174	1.0	-0.0179055122426	0.0527241023999	-0.0719752645526	-0.078522967002	-0.0152081327281	0.061337494999	0.00679920196515	-0.00514562647224	-0.0642930601492	0.0318737353378	-0.00157711901043	0.0509643613183	-0.0308658025703	-0.0246425288619	-0.00268104881501	-0.0182934738361	-0.00161853171555	-0.0223615438228	0.0017931024266	-0.00980009175222	0.0264067026274	-0.0136010682522	-0.0453517368427	-0.00618141743491	0.00499685872478	0.0167523659053	0.0428385756262	-0.0134882155157	0.0324422203726	-0.0615709381042	-0.0170477811591	0.0350383000089	-0.0297543841389	0.0221444367545	-0.0330997655114	-0.0640231747212	-0.0132826560188	0.00716694612881	0.0345975944702	0.018062695576
k__Bacteria;p__Bacteroidetes;c__Bacteroidia;o__Bacteroidales;f__Odoribacteraceae;g__Odoribacter;s__Odoribacter_splanchnicus	0.00333482182543	0.0290923293572	0.0292481027718	0.0296178595498	0.0322514453103	-0.0118490010717	0.0149844350092	-0.0111585745723	-0.0750703429528	-0.0254141379991	-0.0325408815292	-0.0287953406178	0.083495732959	-0.0197898447781	-0.0114681223073	0.0290995905288	-0.0379155814502	-0.00661884537201	-0.0179055122426	1.0	0.0575784698972	-0.0264385159767	-0.0315248989111	-0.016739117645	-0.00928917933686	-0.0382866449597	0.0521189472823	-0.00260459842696	-0.00522185624071	-0.0201932085131	-0.0247860170749	0.0461392027438	0.000392089757189	-0.0115137253603	-0.0182486984305	-0.00612009348131	-0.0604550407525	0.00162638697442	-0.0538127508226	-0.00417929567099	-0.0404383109241	-0.0182861661957	0.0339147802803	-0.00886000837723	0.0273725386409	0.00245318894172	0.00692029346236	-0.0272262508058	-0.0668270549899	-0.0418201997284	-0.0288381658808	0.0462001484931	0.00890155006284	0.05815125932	-0.00327327405541	0.0574221493602	0.00716999415586	-0.0402604711456	-0.0156972341418
k__Bacteria;p__Bacteroidetes;c__Bacteroidia;o__Bacteroidales;f__Bacteroidaceae;g__Bacteroides;s__Bacteroides_salyersiae	-0.0271165615266	-0.0373478934837	-0.0329355229108	0.0468312051469	0.0498783712158	0.0103591517696	-0.0701362305183	-0.0341864382503	-0.0316971698757	-0.0785437946109	-0.0376086925262	-0.0505134578214	0.00676427876028	0.0316224761173	-0.0232203462377	0.00152116463957	0.0199446896942	-0.0171822604857	0.0527241023999	0.0575784698972	1.0	0.0247299756279	-0.0417027726285	-0.0597340882414	-0.0213352949186	0.0372240308349	0.0250964936467	0.00219867010702	-0.0111884599567	-0.0205421245338	0.0100979836967	-0.0588598649645	0.02404883895	-0.00760282653469	-0.0238509351785	-0.0133031793516	-0.0238105617561	-0.000785065392401	-0.0621670033588	0.0182923951848	0.0419249209215	0.0577021211204	0.0131565305674	-0.0326429698673	-0.0211500672008	-0.0866415939302	-0.0254825281346	-0.0433586415279	-0.00843519007487	0.0892014431246	-0.0435961272417	-0.0260973388033	0.00297624554894	-0.00418469324871	-0.0391048321918	0.0443239944702	-0.0271552404358	-0.0296530256096	-0.0238147467285
k__Bacteria;p__Firmicutes;c__Clostridia;o__Clostridiales;f__Ruminococcaceae;g__Ruminiclostridium;s__[Eubacterium]_siraeum	-0.0091991319767	0.00093225204645	0.00744596970357	0.0094875658171	-0.0373875769131	-0.0155878719827	0.0545813476405	0.0110587869029	0.0618807870899	-0.011800317604	0.0439468208396	0.0225802745735	-0.000541335573623	0.0254914750433	0.00339309187495	0.00486737008861	-0.0416819778691	-0.00926481977958	-0.0719752645526	-0.0264385159767	0.0247299756279	1.0	0.00559371858119	-0.0666211382403	-0.0328658560913	0.0190697751881	0.0107748589539	0.0170965118009	-0.0197383287245	0.0285075263753	-0.0517709680035	-0.00939189895307	-0.0086516839793	-0.0308496078389	0.0843158913059	0.0113730395516	-0.00995340209102	0.00429624193738	-0.0319651734212	-0.0280139129081	0.0278143750124	0.031933176409	-0.0119546684009	-0.0202163200198	-0.0173585399434	0.00833230927218	0.0365600226777	-0.0396417279951	0.02839492988	-0.0567239651492	-0.0535111089514	0.0182037632419	-0.0473490575805	0.0658794268014	0.0196585392732	-0.0281860749088	-0.062834568206	-0.0197991251236	-0.0347082113368
k__Bacteria;p__Proteobacteria;c__Betaproteobacteria;o__Burkholderiales;f__Sutterellaceae;g__Parasutterella;s__Parasutterella_excrementihominis	-0.00502649358672	0.00405409685158	0.0120436118995	-0.0362096965826	0.0121263224246	0.0172595500718	0.0274334441583	0.0474377020692	-0.0218121195555	-0.0349305267678	-0.0253785207536	-0.0292139857384	0.0674218481636	-0.0779584504747	0.0043652123677	-0.0100403107606	0.0123458951035	-0.0839803824651	-0.078522967002	-0.0315248989111	-0.0417027726285	0.00559371858119	1.0	0.0995925360234	0.00115078370064	-0.00628511419165	-0.0149709573593	-0.0468808331562	-0.0303436298801	-0.00492230187392	-0.00327660021258	-0.0336043130205	0.0256344209706	0.0291798489633	0.0548497041805	-0.0406645491258	0.00487249013882	-0.0216677911231	-0.0381581611714	0.0451814773499	-0.0232989606701	0.0024347113095	-0.00863838654652	0.00981848164467	-0.0805007333953	0.0256961689324	-0.0401988737947	-0.00737500917793	0.0605614732345	-0.0304957723319	-0.0253574171595	-0.0409730232145	0.041056863018	0.0146001598279	0.0256671959671	-0.0265811568739	-0.0229561269153	-0.0665532877262	-0.0167226592807
k__Bacteria;p__Actinobacteria;c__Actinobacteria;o__Bifidobacteriales;f__Bifidobacteriaceae;g__Bifidobacterium;s__Bifidobacterium_adolescentis	0.0396268491754	-0.0653221662243	-0.00605211631189	-0.0460293603052	0.0194177179697	0.0384773807745	-0.0195716323724	0.0145838923513	-0.0145567480258	-0.011747161618	-0.0222733168541	0.0442208361822	-0.0219886491014	-0.0168163334847	0.0547836788887	-0.0115349829225	-0.0225745616691	0.000512207190944	-0.0152081327281	-0.016739117645	-0.0597340882414	-0.0666211382403	0.0995925360234	1.0	0.00653800369985	0.00442606440768	0.00557892039175	-0.00326471220309	-0.00255377681372	-0.026363733738	0.0945484921493	0.00922463622443	-0.00692811416712	-0.0382108316544	0.0270801747637	-0.0369000482444	0.0136828905053	-0.0871144721131	0.019640013067	-0.0200143504943	-0.0971092568835	0.00896782066229	0.00870415738521	0.00136240333095	0.00810463668686	0.054946259789	-0.0376847098099	-0.0180127503143	0.032968579177	0.051427935903	-0.0557663676305	-0.0240615920609	-0.0485567900684	0.0627347814011	-0.0286143774322	-0.0439616362269	0.0280864532589	-0.0544532639934	0.0216177580297
k__Bacteria;p__Firmicutes;c__Clostridia;o__Clostridiales;f__Oscillospiraceae;g__Oscillibacter;s__Oscillibacter_sp._KLE_1745	0.0230767520099	-0.0323804751264	0.00729876291249	-0.0253958618835	-0.0495074932174	0.0252720028455	-0.0398549989707	-0.0223802485186	-0.0106461238834	0.059911459107	-0.0188099924913	0.0129853924458	0.0616144590719	-0.00528144746058	-0.00617796602259	-0.0648906098009	0.0263119520241	-0.00671327534068	0.061337494999	-0.00928917933686	-0.0213352949186	-0.0328658560913	0.00115078370064	0.00653800369985	1.0	-0.0605121459703	-0.0360822076416	-0.085123394566	0.0464098585197	0.00470071666486	-0.0305046959318	0.031178484601	-0.0226788068939	-0.0542652537656	-0.0486709748855	0.0237658026974	-0.0551331964177	0.0303461829718	0.0125256366742	-0.0197894517612	0.0133216460467	-0.00302530423568	0.0545232753276	0.0019091922501	0.0329059912037	-0.00854614877822	-0.00929713449664	-0.0342514181934	0.0236016650766	-0.0163734886915	-0.0335004461716	-0.0227993179231	-0.00791023626588	-0.000293608006207	-0.00296206276172	0.0107034040107	0.0198845853857	-0.00363672930201	0.0227386659263
k__Bacteria;p__Bacteroidetes;c__Bacteroidia;o__Bacteroidales;f__Bacteroidaceae;g__Bacteroides;s__Bacteroides_coprophilus	-0.0387699503385	-0.0134260579135	-0.0238543550589	-0.0350226945883	0.0341314602102	-0.0221478880818	0.0360788881302	-0.0139632353326	-0.0117376643169	0.0429500716818	0.0157719388154	-0.0506800383152	0.0430270801749	-0.0354882612564	-0.0115523087631	0.0029564439564	-0.0550127307792	0.0294499818088	0.00679920196515	-0.0382866449597	0.0372240308349	0.0190697751881	-0.00628511419165	0.00442606440768	-0.0605121459703	1.0	-0.0347481899198	0.0389269629528	-0.0520882921103	-0.00516410153168	-0.00771291835029	-0.00948596057706	-0.0147077239742	0.0172978368442	0.00710175274912	0.029021738029	-0.0198255386308	-0.0182357912355	-0.0240345242278	-0.0119222561722	-0.0578385500723	-0.0157131684779	-0.054951274647	0.0155079641975	-0.0197890283934	-0.0530395329808	0.0236471987135	-0.0459511459949	-0.0783229400303	-0.0151912181291	0.0235138523951	0.0215638446713	-0.0182912911556	0.00764276944856	-0.0208722726339	-0.0135188407945	-0.0667776169928	-0.0147611337879	0.0175924891771
k__Bacteria;p__Firmicutes;c__Clostridia;o__Clostridiales;f__Lachnospiraceae;g__Roseburia;s__Roseburia_intestinalis	-0.0686422052631	-0.0353277537672	-0.0463596336663	-0.0395464969765	0.0157274916233	-0.0249009281443	-0.0168835922127	0.00984732890234	0.0179950308646	-0.019077896169	-0.0233031315522	-0.0141754368315	0.019599450081	-0.00660000113586	0.0364912645463	0.00294998010515	-0.0199126725349	-0.00307081791004	-0.00514562647224	0.0521189472823	0.0250964936467	0.0107748589539	-0.0149709573593	0.00557892039175	-0.0360822076416	-0.0347481899198	1.0	-0.0337882697717	-0.00500593605132	0.00387990191759	0.0057801310651	-0.0176903116125	-0.0415151903231	0.0164948744184	-0.058731021112	0.0790263672144	-0.0148502482942	-0.00975970079596	-0.030915703523	0.0193525841602	-0.0300536973359	-0.070042857797	-0.0292819130015	0.0349466458914	-0.0189121967915	-0.0119963585683	-0.0237419880636	-0.0306162887197	0.0344351524175	0.0519622938791	0.0233723516387	0.0612990523758	-0.0393459585953	-0.00225228660879	-0.014523564646	-0.0217456666655	0.0311343789145	0.0261226480609	-0.0168479552343
k__Bacteria;p__Firmicutes;c__Clostridia;o__Clostridiales;f__Lachnospiraceae;g__Roseburia;s__Roseburia_hominis	-0.0247511472347	8.90884666379e-05	-0.00445135474103	-0.0241036457462	-0.0556416730049	0.0196910749287	-0.0161107836501	-0.0214476382751	-0.00553989779117	-0.0127088906273	-0.0823732682936	0.0404423559113	0.0784035959288	0.01585572708	-0.00157190154467	-0.00453799555853	0.019602510604	0.0101427332092	-0.0642930601492	-0.00260459842696	0.00219867010702	0.0170965118009	-0.0468808331562	-0.00326471220309	-0.085123394566	0.0389269629528	-0.0337882697717	1.0	-0.0299989997388	-0.0092963415095	-0.0218142245263	-0.0295088091042	0.0883874288695	0.0329268575904	-0.0235970453423	-0.0061873879183	-0.00833856851719	0.000899688514164	0.04314468921	0.0303739969829	0.0220404312494	-0.0218084416996	-0.0178690481993	-0.0429376723519	0.0957865736584	-0.123065985662	-0.0119836101169	-0.0284816172063	-0.00316558945269	-0.0234548877661	-0.00329094053406	-0.00977810348246	0.0280346716959	0.00378276516854	0.0333018010483	-0.0552050743999	-0.00616737091212	-0.0257452125703	-0.0181119710272
k__Bacteria;p__Bacteroidetes;c__Bacteroidia;o__Bacteroidales;f__Porphyromonadaceae;g__Parabacteroides;s__Parabacteroides_johnsonii	-0.0250542132079	-0.00911088046239	-0.00513725077056	0.00275014480301	-0.0520863341162	-0.0116734486645	-0.0520343353789	-0.0467495816364	-0.00384184011679	-0.0474518847972	0.0305373779229	0.0255546651737	-0.0432836995983	-0.0411431925267	0.0345656412801	0.0434874877874	-0.026073513903	0.00351870239189	0.0318737353378	-0.00522185624071	-0.0111884599567	-0.0197383287245	-0.0303436298801	-0.00255377681372	0.0464098585197	-0.0520882921103	-0.00500593605132	-0.0299989997388	1.0	-0.0470792286761	-0.0295952369269	0.0340565559728	-0.0515966116384	0.00874309866497	0.0653204320347	0.0241044269422	-0.0315726481118	-0.00584995624642	-0.0604783027838	0.0607862320474	-0.0269838739312	-0.0299984386951	0.0148909999848	-0.00725408983264	-0.0488356056414	0.0332937365804	-0.0378566224435	-0.0487618323687	-0.0189779369917	0.0551119550444	-0.0273992365737	-0.00539495973181	-0.0920848438463	0.0490880917642	0.000984686657356	-0.012764859665	0.0345213106719	0.0431501647628	-0.00103770285023
