#taxonomy	k__Bacteria;p__Bacteroidetes;c__Bacteroidia;o__Bacteroidales;f__Bacteroidaceae;g__Bacteroides;s__Bacteroides_vulgatus	k__Bacteria;p__Bacteroidetes;c__Bacteroidia;o__Bacteroidales;f__Bacteroidaceae;g__Bacteroides;s__Bacteroides_uniformis	k__Bacteria;p__Bacteroidetes;c__Bacteroidia;o__Bacteroidales;f__Rikenellaceae;g__Alistipes;s__Alistipes_putredinis	k__Bacteria;p__Bacteroidetes;c__Bacteroidia;o__Bacteroidales;f__Prevotellaceae;g__Prevotella;s__Prevotella_copri	k__Bacteria;p__Bacteroidetes;c__Bacteroidia;o__Bacteroidales;f__Bacteroidaceae;g__Bacteroides;s__Bacteroides_stercoris	k__Bacteria;p__Bacteroidetes;c__Bacteroidia;o__Bacteroidales;f__Bacteroidaceae;g__Bacteroides;s__Bacteroides_ovatus	k__Bacteria;p__Bacteroidetes;c__Bacteroidia;o__Bacteroidales;f__Rikenellaceae;g__Alistipes;s__Alistipes_shahii	k__Bacteria;p__Firmicutes;c__Clostridia;o__Clostridiales;f__Ruminococcaceae;g__Faecalibacterium;s__Faecalibacterium_prausnitzii	k__Bacteria;p__Bacteroidetes;c__Bacteroidia;o__Bacteroidales;f__Rikenellaceae;g__Alistipes;s__Alistipes_finegoldii	k__Bacteria;p__Bacteroidetes;c__Bacteroidia;o__Bacteroidales;f__Porphyromonadaceae;g__Parabacteroides;s__Parabacteroides_distasonis	k__Bacteria;p__Bacteroidetes;c__Bacteroidia;o__Bacteroidales;f__Bacteroidaceae;g__Bacteroides;s__Bacteroides_thetaiotaomicron	k__Bacteria;p__Bacteroidetes;c__Bacteroidia;o__Bacteroidales;f__Bacteroidaceae;g__Bacteroides;s__Bacteroides_coprocola	k__Bacteria;p__Bacteroidetes;c__Bacteroidia;o__Bacteroidales;f__Bacteroidaceae;g__Bacteroides;s__Bacteroides_cellulosilyticus	k__Bacteria;p__Bacteroidetes;c__Bacteroidia;o__Bacteroidales;f__Rikenellaceae;g__Alistipes;s__Alistipes_obesi	k__Bacteria;p__Firmicutes;c__Clostridia;o__Clostridiales;f__Lachnospiraceae;g__;s__[Eubacterium]_rectale	k__Bacteria;p__Bacteroidetes;c__Bacteroidia;o__Bacteroidales;f__Bacteroidaceae;g__Bacteroides;s__Bacteroides_plebeius	k__Bacteria;p__Bacteroidetes;c__Bacteroidia;o__Bacteroidales;f__Bacteroidaceae;g__Bacteroides;s__Bacteroides_fragilis	k__Bacteria;p__Proteobacteria;c__Betaproteobacteria;o__Burkholderiales;f__Sutterellaceae;g__Sutterella;s__Sutterella_wadsworthensis	k__Bacteria;p__Bacteroidetes;c__Bacteroidia;o__Bacteroidales;f__Porphyromonadaceae;g__Barnesiella;s__Barnesiella_intestinihominis	k__Bacteria;p__Bacteroidetes;c__Bacteroidia;o__Bacteroidales;f__Odoribacteraceae;g__Odoribacter;s__Odoribacter_splanchnicus	k__Bacteria;p__Bacteroidetes;c__Bacteroidia;o__Bacteroidales;f__Bacteroidaceae;g__Bacteroides;s__Bacteroides_salyersiae	k__Bacteria;p__Firmicutes;c__Clostridia;o__Clostridiales;f__Ruminococcaceae;g__Ruminiclostridium;s__[Eubacterium]_siraeum	k__Bacteria;p__Proteobacteria;c__Betaproteobacteria;o__Burkholderiales;f__Sutterellaceae;g__Parasutterella;s__Parasutterella_excrementihominis	k__Bacteria;p__Actinobacteria;c__Actinobacteria;o__Bifidobacteriales;f__Bifidobacteriaceae;g__Bifidobacterium;s__Bifidobacterium_adolescentis	k__Bacteria;p__Firmicutes;c__Clostridia;o__Clostridiales;f__Oscillospiraceae;g__Oscillibacter;s__Oscillibacter_sp._KLE_1745	k__Bacteria;p__Bacteroidetes;c__Bacteroidia;o__Bacteroidales;f__Bacteroidaceae;g__Bacteroides;s__Bacteroides_coprophilus	k__Bacteria;p__Firmicutes;c__Clostridia;o__Clostridiales;f__Lachnospiraceae;g__Roseburia;s__Roseburia_intestinalis	k__Bacteria;p__Firmicutes;c__Clostridia;o__Clostridiales;f__Lachnospiraceae;g__Roseburia;s__Roseburia_hominis	k__Bacteria;p__Bacteroidetes;c__Bacteroidia;o__Bacteroidales;f__Porphyromonadaceae;g__Parabacteroides;s__Parabacteroides_johnsonii	k__Bacteria;p__Actinobacteria;c__Actinobacteria;o__Bifidobacteriales;f__Bifidobacteriaceae;g__Bifidobacterium;s__Bifidobacterium_longum	k__Bacteria;p__Firmicutes;c__Clostridia;o__Clostridiales;f__;g__Flavonifractor;s__Flavonifractor_plautii	k__Bacteria;p__Firmicutes;c__Clostridia;o__Clostridiales;f__Clostridiaceae;g__Clostridium;s__Clostridium_phoceensis	k__Bacteria;p__Verrucomicrobia;c__Verrucomicrobiae;o__Verrucomicrobiales;f__Akkermansiaceae;g__Akkermansia;s__Akkermansia_muciniphila	k__Bacteria;p__Bacteroidetes;c__Bacteroidia;o__Bacteroidales;f__Prevotellaceae;g__Paraprevotella;s__Paraprevotella_xylaniphila	k__Bacteria;p__Firmicutes;c__Clostridia;o__Clostridiales;f__Ruminococcaceae;g__Ruminococcus;s__Ruminococcus_callidus	k__Bacteria;p__Bacteroidetes;c__Bacteroidia;o__Bacteroidales;f__Rikenellaceae;g__Alistipes;s__Alistipes_senegalensis	k__Bacteria;p__Firmicutes;c__Clostridia;o__Clostridiales;f__Lachnospiraceae;g__Blautia;s__Blautia_sp._KLE_1732	k__Bacteria;p__Bacteroidetes;c__Bacteroidia;o__Bacteroidales;f__Bacteroidaceae;g__Bacteroides;s__Bacteroides_oleiciplenus	k__Bacteria;p__Firmicutes;c__Clostridia;o__Clostridiales;f__Ruminococcaceae;g__Ruminococcus;s__Ruminococcus_bicirculans	k__Bacteria;p__Bacteroidetes;c__Bacteroidia;o__Bacteroidales;f__Bacteroidaceae;g__Bacteroides;s__Bacteroides_fluxus	k__Bacteria;p__Bacteroidetes;c__Bacteroidia;o__Bacteroidales;f__Prevotellaceae;g__Prevotella;s__Prevotella_stercorea	k__Bacteria;p__Firmicutes;c__Clostridia;o__Clostridiales;f__Lachnospiraceae;g__Dorea;s__Dorea_longicatena	k__Bacteria;p__Firmicutes;c__Clostridia;o__Clostridiales;f__Eubacteriaceae;g__Eubacterium;s__[Eubacterium]_eligens	k__Bacteria;p__Firmicutes;c__Clostridia;o__Clostridiales;f__Ruminococcaceae;g__;s__Ruminococcaceae_bacterium_D16	k__Bacteria;p__Firmicutes;c__Clostridia;o__Clostridiales;f__Lachnospiraceae;g__Coprococcus;s__Coprococcus_comes	k__Bacteria;p__Proteobacteria;c__Gammaproteobacteria;o__Enterobacterales;f__Enterobacteriaceae;g__Escherichia;s__Escherichia_coli	k__Bacteria;p__Firmicutes;c__Clostridia;o__Clostridiales;f__Ruminococcaceae;g__Anaerotruncus;s__Anaerotruncus_colihominis	k__Bacteria;p__Firmicutes;c__Clostridia;o__Clostridiales;f__Lachnospiraceae;g__Blautia;s__Blautia_obeum	k__Bacteria;p__Bacteroidetes;c__Bacteroidia;o__Bacteroidales;f__Odoribacteraceae;g__Odoribacter;s__Odoribacter_laneus	k__Bacteria;p__Firmicutes;c__Clostridia;o__Clostridiales;f__Ruminococcaceae;g__Ruminiclostridium;s__[Clostridium]_leptum	k__Bacteria;p__Bacteroidetes;c__Bacteroidia;o__Bacteroidales;f__Porphyromonadaceae;g__Parabacteroides;s__Parabacteroides_goldsteinii	k__Bacteria;p__Firmicutes;c__Clostridia;o__Clostridiales;f__Lachnospiraceae;g__Anaerostipes;s__Anaerostipes_hadrus	k__Bacteria;p__Firmicutes;c__Clostridia;o__Clostridiales;f__Ruminococcaceae;g__Ruminococcus;s__Ruminococcus_lactaris	k__Bacteria;p__Firmicutes;c__Clostridia;o__Clostridiales;f__Clostridiaceae;g__Clostridium;s__Clostridium_sp._L2-50	k__Bacteria;p__Firmicutes;c__Clostridia;o__Clostridiales;f__Clostridiaceae;g__Clostridium;s__Clostridium_sp._M62/1	k__Bacteria;p__Firmicutes;c__Clostridia;o__Clostridiales;f__;g__Intestinimonas;s__Intestinimonas_butyriciproducens	k__Bacteria;p__Actinobacteria;c__Actinobacteria;o__Bifidobacteriales;f__Bifidobacteriaceae;g__Bifidobacterium;s__Bifidobacterium_bifidum	k__Bacteria;p__Firmicutes;c__Negativicutes;o__Veillonellales;f__Veillonellaceae;g__Dialister;s__Dialister_invisus	k__Bacteria;p__Bacteroidetes;c__Bacteroidia;o__Bacteroidales;f__Bacteroidaceae;g__Bacteroides;s__Bacteroides_salanitronis
k__Bacteria;p__Bacteroidetes;c__Bacteroidia;o__Bacteroidales;f__Bacteroidaceae;g__Bacteroides;s__Bacteroides_vulgatus	1.0	-0.0319491065239	-0.026815489366	0.0368587187417	-0.0454570960765	-0.031485552428	-0.0406367229246	0.0063494101685	0.0180917800612	-0.0268012680191	-0.0266915646327	0.0042520633319	-0.0297975609382	-0.037741497609	-0.0557533807407	-0.0472408255207	0.0272186400519	-0.0440915390109	-0.0117785296695	-0.00437164948873	-0.0335420312544	-0.0111904473255	0.00552304079644	-0.026672845787	0.049114592829	-0.0274024806198	-0.0179270372154	0.0295831565295	-0.0291517379966	0.0171670636869	-0.0650875567139	0.024927437991	-0.0168076639362	-0.0569962528008	-0.00774362806631	0.0238201588157	0.0142828796216	0.020045497822	0.0350685778418	0.00961748483631	-0.031566921189	-0.0834620872823	0.0542258478442	-0.0189608426383	0.0491398430487	-0.0330451608046	-0.014629280131	-0.0201076624869	0.0205134481728	-0.0158949803417	0.0129916804785	-0.0290177239737	-0.036125984833	-0.00272316175593	0.0181095279543	-0.040068146744	0.0176494386172	0.0170047681331	0.0513103689338
k__Bacteria;p__Bacteroidetes;c__Bacteroidia;o__Bacteroidales;f__Bacteroidaceae;g__Bacteroides;s__Bacteroides_uniformis	-0.0319491065239	1.0	-0.046467560252	-0.0264710663636	0.00413550470173	-0.00852879556107	0.041583107716	0.0177208785659	-0.00813541484489	0.0334045121326	0.0246773468333	-0.0391812400945	0.0369706948914	0.0241752056976	-0.010108059175	-0.0277306658687	0.0158771524669	0.0648091670996	0.0182616793859	-0.00210836935245	0.0203251244719	-0.00878964154954	-0.0106860334415	0.0155517461472	-0.0138530158037	-0.0340006681895	-0.0470539731786	-0.0515806829383	-0.00912571047728	-0.0102179143214	-0.00702403946631	-0.00931824052193	-0.0329669378775	-0.0273162361968	0.0068843976672	0.0411172830279	0.0089985722773	0.0253900487217	-0.0455563316617	-0.00869509858826	0.0391247182126	0.0126148225802	0.0222058522864	-0.0396103408383	-0.0295897408759	0.0105449893453	0.00370877710607	0.00507654696094	0.0526023909881	0.00904552437617	-0.0524195157507	-0.0333504236138	-0.019772514966	0.0183081328932	0.0262737433402	0.0367480773918	-0.0504418655444	-0.00197307559172	0.000483918893286
k__Bacteria;p__Bacteroidetes;c__Bacteroidia;o__Bacteroidales;f__Rikenellaceae;g__Alistipes;s__Alistipes_putredinis	-0.026815489366	-0.046467560252	1.0	0.0165203078302	-0.0241696769203	-0.0225615460256	-0.00362045414872	-0.0149998500047	0.0384168332482	0.0159272527663	-0.069458945755	-0.0332328243705	-0.0491622608243	-0.0467172132433	0.0241947767166	-0.0568044504785	0.00377806134199	0.0401568038382	-0.0116320024986	0.0499877403251	-0.0460637145454	-0.0634667441182	-0.00414397985447	0.0425603160135	-0.00754696178289	0.0128077718834	0.000269453827693	-0.0403719106637	-0.0512246173163	-0.00793274120278	0.023298419591	-0.016008184554	-0.0122730634722	-0.0405736318246	-0.0321339007982	-0.0274602551816	0.00119180236012	0.0166853635353	0.0211387493941	-0.034893962271	-0.0276020206636	-0.00451084388469	0.0315852350572	0.0401482350989	-0.00535520699207	-0.00834131467474	-0.0208507356589	0.0537733633539	0.0255221670273	0.035070211686	0.0629913336497	-0.0675997968723	0.0519841117872	0.0208947384968	0.0150132569469	-0.0420289504887	-0.0493050537	0.0413510041431	-0.024856431093
k__Bacteria;p__Bacteroidetes;c__Bacteroidia;o__Bacteroidales;f__Prevotellaceae;g__Prevotella;s__Prevotella_copri	0.0368587187417	-0.0264710663636	0.0165203078302	1.0	-0.0561844413326	-0.025568642996	0.0349943805844	-0.0164630621822	-0.000320708073319	-0.0170162147813	-0.0288629894095	-0.0184429157846	0.00141864827909	-0.0154129803499	-0.0552430299946	-0.0198633405686	0.0291011444513	0.00332747567535	-0.0556778265046	0.0270464947397	0.0310516788569	-0.00483179646262	-0.0261906485354	-0.0724474221286	-0.0135413320456	-0.0332853033848	-0.0422690255081	0.0141337447909	0.0209827686543	0.0227093046308	-0.0220700500387	-0.0456411374551	-0.00360465904812	-0.0484633934423	0.0360992515533	-0.0263331149088	-0.0326267115045	-0.00450327132568	-0.0174973285901	-0.0243329360004	-0.0628210141582	0.0625947636104	-0.0347531415323	0.0143205115114	0.00710854988788	-0.0301681992439	-0.0270687063213	0.0367916379649	-0.0218587901453	0.0135007992826	-0.0580369104286	-0.033487135344	-0.0681803769394	0.000563331885818	-0.0124926756879	-0.0390166525326	0.0480067222414	-0.00384944035669	0.0535355834599
k__Bacteria;p__Bacteroidetes;c__Bacteroidia;o__Bacteroidales;f__Bacteroidaceae;g__Bacteroides;s__Bacteroides_stercoris	-0.0454570960765	0.00413550470173	-0.0241696769203	-0.0561844413326	1.0	-0.0429126679406	-0.0204012778519	-0.00221540610561	0.0251468817225	0.0338384276043	0.00251036573198	-0.0416785204879	0.0418114290487	0.0121215283816	0.00978371482552	-0.0595121790506	-0.0124623696277	0.00633618763412	-0.038984201172	0.00521248852026	-0.019344367959	-0.0159317414602	0.0261435829875	0.0708950184416	-0.0169409678677	-0.00454782571558	0.062841988916	-0.0140724111018	-0.0394361093077	-0.0587992870548	0.00031294923641	-0.0137519388738	0.0208527853009	-0.0126722106727	0.0237405623902	-0.0168351594912	0.025510197809	0.0194143863778	0.0287805517608	-0.045005425698	-0.00549031040703	0.0489334709661	-0.0234856960095	0.0186958569348	-0.0200073726497	-0.00280576619702	0.00288108851395	0.0093399928135	0.0403658883875	-0.0237374546151	-0.0161700376826	-0.0269436730195	-0.0096547914504	-0.000299764493799	0.0173059679416	-0.0208398382972	-0.00647688025558	-0.0207897314387	-0.0498585129224
k__Bacteria;p__Bacteroidetes;c__Bacteroidia;o__Bacteroidales;f__Bacteroidaceae;g__Bacteroides;s__Bacteroides_ovatus	-0.031485552428	-0.00852879556107	-0.0225615460256	-0.025568642996	-0.0429126679406	1.0	-0.0291821322489	0.0190117254521	-0.0538250494545	0.00774064139436	-0.0164921548448	-0.0427824637832	-0.0190875102625	0.0469044782471	0.0198148480988	-0.0866195172859	-0.072363672851	0.0568766674201	-0.00304810073432	0.0331435067097	-0.00198417443357	0.00658968792069	-0.0617591634048	0.00575170480488	-0.0219235789956	0.0103744514361	0.00974715593564	0.0227459860489	0.0168656423512	-0.0217619309128	-0.0482043663921	0.00644069914899	0.000889142228483	0.0406118978966	-0.0165211849935	-0.0531019770704	-0.0670836139103	0.00802317196053	-0.0386951666191	-0.00451168297058	0.00604274051868	0.00333022166819	0.011081517359	-0.0141551163203	-0.00382385322927	0.0298631206422	0.00613019697049	0.0518712585612	0.0672312373834	0.028569220413	-0.0224781523195	0.0128235048615	-0.0336543623937	-0.00105637014969	-0.0151135594373	0.0242740892367	0.0109757282343	-0.00653560630585	-0.0409650746062
k__Bacteria;p__Bacteroidetes;c__Bacteroidia;o__Bacteroidales;f__Rikenellaceae;g__Alistipes;s__Alistipes_shahii	-0.0406367229246	0.041583107716	-0.00362045414872	0.0349943805844	-0.0204012778519	-0.0291821322489	1.0	-0.0186320024999	-0.0163141217331	-0.0319086480773	-0.00620618497891	-0.0292784940416	0.0582164436934	0.0377749454698	-0.0164782421162	-0.00489214393123	-0.0246977443137	-0.0224005112831	0.00366498292931	0.0563207106449	0.00447803065654	0.0136250217506	-0.0451859088609	-0.0330279480858	-0.00911165397724	0.0141489580888	-0.0297263258816	-0.00991927596672	-0.0384070398477	-0.0488778210327	-0.0470505339703	-0.00963417393119	-0.0619439418065	-0.0079243430751	-0.0347447434395	0.0160818595739	0.00614754734945	-0.0141143820359	-0.0134994758975	0.0317803647732	-0.0285833247852	-0.00163832731612	0.0237133685596	-0.0243004109792	-0.00784738243647	0.0244750163823	0.0468614570098	0.00839095557824	-0.0603850267102	-0.0475083983318	-0.0363810754347	0.0153804381074	0.0168200949838	0.0143891602215	0.0205036717673	-0.0279138567358	0.0040319090828	0.0480464447656	-0.00318023276346
k__Bacteria;p__Firmicutes;c__Clostridia;o__Clostridiales;f__Ruminococcaceae;g__Faecalibacterium;s__Faecalibacterium_prausnitzii	0.0063494101685	0.0177208785659	-0.0149998500047	-0.0164630621822	-0.00221540610561	0.0190117254521	-0.0186320024999	1.0	-0.022395503005	0.00740674671024	0.0371023929348	0.0617979544836	0.00921860138257	-0.0394923380326	-0.036491956661	0.0147795737778	-0.0375123619494	0.00648709523958	0.0482926672418	0.0681145338503	-0.0257793113768	-0.0613297743827	-0.00761715100385	-0.107666910967	-0.0115497130011	-0.03235874724	-0.00978698285506	-0.0814021196737	-0.00646482662947	-0.0381751666794	0.00174019446671	-0.00345029182509	-0.00577603333582	-0.0150380740202	-0.00411980621926	0.017272175049	-0.0236722019976	-0.00154449399517	-0.0170997432434	-0.00416733273563	-0.0123437514348	-0.0602458182877	0.0339471824281	-0.0539912174503	0.0646232324268	0.0396968065478	-0.054912475822	-0.0186208262066	-0.02490294922	0.00203163310163	-0.0272907963931	-0.00748086509596	-0.0223459857953	0.0156799480679	0.0175587907117	0.0124985360704	-0.0517675506354	0.0259557036174	-0.0861001392471
k__Bacteria;p__Bacteroidetes;c__Bacteroidia;o__Bacteroidales;f__Rikenellaceae;g__Alistipes;s__Alistipes_finegoldii	0.0180917800612	-0.00813541484489	0.0384168332482	-0.000320708073319	0.0251468817225	-0.0538250494545	-0.0163141217331	-0.022395503005	1.0	-0.0195751037345	-0.00302525427889	-0.0524535221622	-0.0163583035581	-0.0204532722048	0.00857648723452	0.00927051191763	0.0143257305762	0.0276620391077	-0.00309500018778	0.0087746650377	-0.0451581247388	-0.0477753088067	0.00846217700477	-0.0271761157591	-0.0360825672438	-0.0318825491127	0.0288600748544	-0.0212045904315	0.040824237309	0.0229294431167	-0.00797327676262	0.0432224309386	-0.00423472995991	-0.0245176352957	-0.0247849082608	0.0522117886237	0.0103678061542	0.0377383709161	0.0201561713599	-0.0177537864537	0.0069722363002	0.0423269918201	0.00577352227739	-0.0509860609537	0.00311318844633	-0.0206898721617	-0.062061535764	0.0415924011475	-0.0285352093422	0.0260191503569	-0.00278406179603	-0.0144641426059	0.049572337738	-0.0146584715927	-0.00152222280115	0.0287916154108	-0.0649687354334	-0.0568616825769	0.0305862465331
k__Bacteria;p__Bacteroidetes;c__Bacteroidia;o__Bacteroidales;f__Porphyromonadaceae;g__Parabacteroides;s__Parabacteroides_distasonis	-0.0268012680191	0.0334045121326	0.0159272527663	-0.0170162147813	0.0338384276043	0.00774064139436	-0.0319086480773	0.00740674671024	-0.0195751037345	1.0	0.0320988078128	-0.00628206880408	-0.0373300307234	-0.0216730504021	-0.0222413220024	-0.016436574095	0.108210069656	-0.0026845563286	-0.000207094956693	-0.035273180592	-0.0360979383404	-0.0420698760112	-0.0164234528543	-0.0134190927783	-0.0499601782387	0.0210580241033	-0.0234080232573	0.0410433748442	0.00741809631005	-0.0173918000613	0.00941470087213	0.0534501142753	0.028201393138	0.0151497163793	-0.0382172047061	-0.00838854698887	0.00293263166819	-0.00620936849328	0.0625032731321	0.0714007856188	-0.020019925675	0.00512832134995	-0.0695386386987	-0.00579535633585	0.0449981963912	0.0181314162327	0.00756410027147	-0.0223481252371	-0.0466496526861	0.0198733511794	-0.0744342281581	-0.00408781613027	0.0140203628748	-0.0302393780319	-0.0172570610913	-0.0197206663987	-0.048990821249	0.00787593021613	-0.0217429250591
k__Bacteria;p__Bacteroidetes;c__Bacteroidia;o__Bacteroidales;f__Bacteroidaceae;g__Bacteroides;s__Bacteroides_thetaiotaomicron	-0.0266915646327	0.0246773468333	-0.069458945755	-0.0288629894095	0.00251036573198	-0.0164921548448	-0.00620618497891	0.0371023929348	-0.00302525427889	0.0320988078128	1.0	-0.00433090537264	0.0191505366552	-0.0011430585308	-0.0171057393131	0.0428043965252	0.0174559199622	0.0720187135086	-0.027278952262	0.00647782333309	0.0424542883537	0.00525021450026	-0.011672954505	0.00882830521474	-0.00966776890603	-0.0104753912899	-0.0995360524471	-0.064560231789	-0.017400145713	-0.00168596906654	0.027098775384	-0.0281670344034	0.00879673557399	-0.00784962654402	-0.0322391992792	0.0205318891446	0.00865989536371	-0.00693818968525	0.0138068480339	-0.0163629101985	-0.0335752854749	-0.0130656219999	0.020087671929	-0.0438592072802	0.00487262808457	-0.00718155314781	-0.0321057260542	-0.0632031925884	-0.038917538777	0.0224631284245	-0.0427435839015	0.0379099566076	0.0532741491085	0.00939239169147	-0.0264228314283	0.0310428984684	-0.0114303115919	-0.0235423702028	-0.0962480044342
k__Bacteria;p__Bacteroidetes;c__Bacteroidia;o__Bacteroidales;f__Bacteroidaceae;g__Bacteroides;s__Bacteroides_coprocola	0.0042520633319	-0.0391812400945	-0.0332328243705	-0.0184429157846	-0.0416785204879	-0.0427824637832	-0.0292784940416	0.0617979544836	-0.0524535221622	-0.00628206880408	-0.00433090537264	1.0	0.0170023387205	0.0188233269218	-0.00776414979786	0.0535778709047	-0.00136898827455	0.00417429246085	-0.000624970430391	0.0335134112273	-0.00970781349819	0.0156638466751	-0.0585388576393	0.000196352961385	-0.0362382292559	-0.0859789113685	0.0548532767238	0.00294974143191	0.0247142214285	-0.0474163718049	-0.0664834739703	0.0536121215188	-0.0417270520205	0.0250758481049	0.00587218385559	-0.00160722710341	0.0464164323823	0.0343412214967	-0.0529378427139	0.00852933144721	-0.0216502886047	-0.0272525298408	-0.0586185416867	-0.0169432424534	-0.0494257123135	-0.0889623865434	-0.00900148516199	0.0198188927665	0.0200389507348	0.0154231893911	-0.00355216932794	-0.0122072544143	-0.0974981031691	-0.0223703781536	-0.0345412908381	0.0146095138082	-0.0100474193234	0.0218581283353	-0.0150994536516
k__Bacteria;p__Bacteroidetes;c__Bacteroidia;o__Bacteroidales;f__Bacteroidaceae;g__Bacteroides;s__Bacteroides_cellulosilyticus	-0.0297975609382	0.0369706948914	-0.0491622608243	0.00141864827909	0.0418114290487	-0.0190875102625	0.0582164436934	0.00921860138257	-0.0163583035581	-0.0373300307234	0.0191505366552	0.0170023387205	1.0	0.0488366274787	0.0103111219328	-0.00664672203334	-0.026551752043	0.0465737600062	0.0296542104532	-0.0825846941774	0.00573220112042	-0.0126205512004	-0.0489215486912	-0.0833166799345	-0.0282406543126	0.0153061646387	0.00018095189599	0.0273306562267	-0.047870527793	-0.0210542835731	-0.0103818739091	-0.00290635867516	0.0182743956221	0.00382833806717	-0.0496183606616	0.0269186284363	-0.00553642793355	0.0178582575251	0.00434326364703	0.00787495104161	0.0136082151174	-0.0559153254892	-0.079284275865	0.0151819169185	0.0248594528419	-0.0559048218278	-0.0120882884738	0.0143110541564	0.0709658262066	-0.00844061416801	-0.0165747001565	0.0140767461111	-0.0320829583276	-0.00184601124975	0.0100186065356	-0.0484265378182	-0.0330820716024	-0.00429726013825	0.029044167581
k__Bacteria;p__Bacteroidetes;c__Bacteroidia;o__Bacteroidales;f__Rikenellaceae;g__Alistipes;s__Alistipes_obesi	-0.037741497609	0.0241752056976	-0.0467172132433	-0.0154129803499	0.0121215283816	0.0469044782471	0.0377749454698	-0.0394923380326	-0.0204532722048	-0.0216730504021	-0.0011430585308	0.0188233269218	0.0488366274787	1.0	-0.037068787287	-0.0432509621316	-0.00885273846012	0.0180536371081	-0.0619229113342	-0.0179320838154	0.016308998436	-0.0494097396197	-0.000963541733737	0.00952843561777	-0.00344040402207	-0.0233281595678	0.043100049684	0.0558361192619	0.00885791848123	0.0413725930639	-0.0194344113727	-0.0341130373965	-0.0406023477355	-0.0329712487977	-0.0359199164923	0.00100431767726	0.0356770456207	0.0602335999637	-0.0687968069509	0.00588285424035	0.00831326951162	0.0298773550944	-0.020485221515	0.0235172434518	-0.0467958863954	0.0177002932655	0.0412344434204	0.00364778252207	-0.0513169605922	0.0390485194321	-0.015387891207	-0.0601724635809	-0.108985213218	-0.0115989735635	-0.0310022423557	-0.00463706678234	-0.00137242646659	0.0329438488228	-0.00747670653363
k__Bacteria;p__Firmicutes;c__Clostridia;o__Clostridiales;f__Lachnospiraceae;g__;s__[Eubacterium]_rectale	-0.0557533807407	-0.010108059175	0.0241947767166	-0.0552430299946	0.00978371482552	0.0198148480988	-0.0164782421162	-0.036491956661	0.00857648723452	-0.0222413220024	-0.0171057393131	-0.00776414979786	0.0103111219328	-0.037068787287	1.0	0.0456813156883	0.0390785785049	-0.0236466435136	-0.00601523508619	-0.0116930141578	0.0202733366792	-0.00515108739722	-0.0607114738618	0.00918482594758	-0.0100448638771	0.0880061087375	0.0253875017828	0.038640364056	0.0140845991049	0.0229058913436	-6.48749510471e-05	-0.00637363709439	-0.0446950848282	-0.0123454762824	-0.000406903155092	-0.00841852353323	0.00109758531869	-0.0372322758281	0.013598716839	0.000399908699195	-0.0435534047226	-0.0278719730571	-0.0261789610014	0.00703076581462	-0.0141150864539	-0.0184234068801	-0.0266925231494	0.0627070074705	-0.0358430947845	-0.0175505562486	0.00541134439243	-0.0431334941967	0.0574248176772	-0.023953291062	-0.0695972514665	0.0320048853039	-0.0444572347207	0.00845807919626	-0.0177553877306
k__Bacteria;p__Bacteroidetes;c__Bacteroidia;o__Bacteroidales;f__Bacteroidaceae;g__Bacteroides;s__Bacteroides_plebeius	-0.0472408255207	-0.0277306658687	-0.0568044504785	-0.0198633405686	-0.0595121790506	-0.0866195172859	-0.00489214393123	0.0147795737778	0.00927051191763	-0.016436574095	0.0428043965252	0.0535778709047	-0.00664672203334	-0.0432509621316	0.0456813156883	1.0	-0.0315078812301	0.0265215643651	-0.00930742093401	0.00466530104156	-0.016686085628	0.00719464724113	-0.0321281053445	-0.072481601502	-0.00603620445605	-0.0361814838832	-0.0231244058259	0.0160079219643	-0.0697787330779	-0.0263935479843	0.0194557714791	0.033275647167	0.0378943394425	-0.00169976096255	0.0511514795923	0.0104069162518	-0.000441796783889	-0.0210843918249	-0.0501336612383	0.00745351597961	0.00657341629168	-0.0479193779969	-0.0157468468316	-0.036510468101	0.0145627860682	-0.0364236462342	-0.0152887654252	-0.00820363234987	-0.0704467637587	0.00196355459655	-0.0373407853988	0.0744677458923	-0.00224853289078	-0.050972634175	0.0246345286481	-0.0302549435584	0.01596772336	-0.0623497818394	0.0206441026515
k__Bacteria;p__Bacteroidetes;c__Bacteroidia;o__Bacteroidales;f__Bacteroidaceae;g__Bacteroides;s__Bacteroides_fragilis	0.0272186400519	0.0158771524669	0.00377806134199	0.0291011444513	-0.0124623696277	-0.072363672851	-0.0246977443137	-0.0375123619494	0.0143257305762	0.108210069656	0.0174559199622	-0.00136898827455	-0.026551752043	-0.00885273846012	0.0390785785049	-0.0315078812301	1.0	-0.0517951472682	-0.0870843895343	-0.0314696429325	-0.0396348971158	-0.0710345712445	0.00741680863624	0.0226671949599	-0.0397376360433	-0.0132478560502	0.00462081300709	0.00413380074296	0.0270921711093	0.0396405591077	0.0485253292057	-0.0100186541017	0.00344684318134	-0.00532305079329	-0.0348337539238	0.0222291784087	-0.0153610842548	-0.0003744163528	-0.0120461717773	0.0257646376403	-0.00802798049513	-0.0225447834353	0.046092953939	-0.0359584711296	-0.0300716405823	0.0705657915384	0.0181193416332	0.00526878487957	-0.018124442995	-0.0183402459902	0.0228181764328	-0.0271409384535	-0.0293985652926	-0.00571267774387	-0.015695091339	-0.0464292147578	-0.0038460932455	0.0607094138508	-0.0568946501601
k__Bacteria;p__Proteobacteria;c__Betaproteobacteria;o__Burkholderiales;f__Sutterellaceae;g__Sutterella;s__Sutterella_wadsworthensis	-0.0440915390109	0.0648091670996	0.0401568038382	0.00332747567535	0.00633618763412	0.0568766674201	-0.0224005112831	0.00648709523958	0.0276620391077	-0.0026845563286	0.0720187135086	0.00417429246085	0.0465737600062	0.0180536371081	-0.0236466435136	0.0265215643651	-0.0517951472682	1.0	-0.0341724081908	0.0328704312571	0.0128032895784	-0.0491077052476	0.00381448773789	-0.046600270758	0.06346313062	-0.0223390429626	0.0248369513429	-0.0125171973781	-0.0313285968908	0.000268195922849	-0.0314199389885	-0.0900085121193	0.0314523026528	-0.0526685579661	0.00708935630332	0.0408805049396	-0.0129796935713	-0.00259336406447	0.0204290101585	0.0465827219544	-0.0507108466466	-0.00109100964293	-0.053858038864	-0.0421454306542	0.0242786931097	-0.00176779668503	-0.0253284736493	-0.0571309051337	-0.00498330747993	-0.00499936787987	-0.0188512862047	0.00805803929997	0.042275473055	-0.000203476722906	0.0117478620944	0.0583405381023	0.00165762148059	-0.014028126841	0.0268638385912
k__Bacteria;p__Bacteroidetes;c__Bacteroidia;o__Bacteroidales;f__Porphyromonadaceae;g__Barnesiella;s__Barnesiella_intestinihominis	-0.0117785296695	0.0182616793859	-0.0116320024986	-0.0556778265046	-0.038984201172	-0.00304810073432	0.00366498292931	0.0482926672418	-0.00309500018778	-0.000207094956693	-0.027278952262	-0.000624970430391	0.0296542104532	-0.0619229113342	-0.00601523508619	-0.00930742093401	-0.0870843895343	-0.0341724081908	1.0	-0.0686859178074	-0.0406873113496	0.0222201763105	-0.0324508839478	-0.0752969842814	-0.0466131083587	0.0329518953769	-0.0373570774989	0.00562735944107	0.00752159698678	-0.031684100209	0.0422359333457	0.00827479494876	0.0361992639131	0.0120765140785	0.0272614857445	-0.0238789759113	0.0346482752632	-0.0488384866008	-0.0101026761101	0.0129858395483	0.00644187005707	-0.0919234281916	-0.0161252659004	-0.00262306205469	0.0270584128362	0.0458440114732	0.0357508125462	-0.0152997505294	-0.0417397389808	-0.00572366605815	0.0329803032278	0.0732099764614	-0.0164682768337	-0.0111893089481	-0.0255096230099	-0.0250829558315	-0.0408005342898	0.0516485746763	-0.0256132403135
k__Bacteria;p__Bacteroidetes;c__Bacteroidia;o__Bacteroidales;f__Odoribacteraceae;g__Odoribacter;s__Odoribacter_splanchnicus	-0.00437164948873	-0.00210836935245	0.0499877403251	0.0270464947397	0.00521248852026	0.0331435067097	0.0563207106449	0.0681145338503	0.0087746650377	-0.035273180592	0.00647782333309	0.0335134112273	-0.0825846941774	-0.0179320838154	-0.0116930141578	0.00466530104156	-0.0314696429325	0.0328704312571	-0.0686859178074	1.0	-0.0305690773381	-0.000144430251003	-0.0476222097709	0.0417992308122	0.0393861115679	-0.0258858081156	-0.0383016492545	-0.0912372210888	0.0301311307917	-0.0376720245636	-0.0226877603765	-0.0263348682912	-0.0189941871662	0.0149084399934	-0.00297347121903	0.0227649335158	-0.0717279230925	-0.0366334841887	0.0227138290858	-0.0194744042107	-0.0188551026883	-0.0427981540939	0.0653449938603	-0.0208122677559	-0.0238671094018	0.00144752851849	-0.0141776359087	-0.0580777916878	-0.0169285933074	0.0188950537014	0.00731388276395	-0.0456169113271	-0.0582573660331	0.0208095566873	-0.00158168342206	0.0224387265894	0.00663090920582	0.0449277040099	0.0123184818102
k__Bacteria;p__Bacteroidetes;c__Bacteroidia;o__Bacteroidales;f__Bacteroidaceae;g__Bacteroides;s__Bacteroides_salyersiae	-0.0335420312544	0.0203251244719	-0.0460637145454	0.0310516788569	-0.019344367959	-0.00198417443357	0.00447803065654	-0.0257793113768	-0.0451581247388	-0.0360979383404	0.0424542883537	-0.00970781349819	0.00573220112042	0.016308998436	0.0202733366792	-0.016686085628	-0.0396348971158	0.0128032895784	-0.0406873113496	-0.0305690773381	1.0	0.0641453967676	-0.016187213073	0.00480703354283	0.0118777454421	0.0492693886796	0.0025181966721	-0.0312136045264	-0.0186159009038	-0.0254379732844	0.00713374474444	-0.0831485927972	0.000413432808061	0.00996860464459	0.0291409962521	0.00818607568294	0.0465291117669	0.0149655699485	-0.0166717765124	-0.00216797795445	0.0159130048817	-0.00171090539007	0.00513052669718	0.0719218286517	-0.0122262714821	-0.0306665527131	0.0190665338208	-0.00216619562512	-0.0156279419516	-0.0347121026432	-0.0231345564707	-0.121347038192	-0.0329538794976	-0.00129636977122	0.0106674113594	-0.00921958367015	-0.0391839326311	0.0585547186561	-0.0357934592675
k__Bacteria;p__Firmicutes;c__Clostridia;o__Clostridiales;f__Ruminococcaceae;g__Ruminiclostridium;s__[Eubacterium]_siraeum	-0.0111904473255	-0.00878964154954	-0.0634667441182	-0.00483179646262	-0.0159317414602	0.00658968792069	0.0136250217506	-0.0613297743827	-0.0477753088067	-0.0420698760112	0.00525021450026	0.0156638466751	-0.0126205512004	-0.0494097396197	-0.00515108739722	0.00719464724113	-0.0710345712445	-0.0491077052476	0.0222201763105	-0.000144430251003	0.0641453967676	1.0	0.0203264148631	0.0115887781058	-0.0271792821827	0.00456141027228	-0.081428748097	0.0131946175924	-0.00516902319937	-0.0225094537445	0.00127477431067	0.0355883073114	-0.0145889327473	-0.0225807582848	0.00651697355572	-0.0415111485974	0.0264051988471	-0.00373993887892	0.0291544211164	0.0399939778155	-0.0219314793926	0.019323986939	-0.0316723062088	0.0180215977395	0.00601371803573	0.0133888376732	0.00564922845402	0.0387771634019	-0.0283868995127	0.00823928606796	-0.0146640516274	0.0163286486876	0.000854150988732	0.0194938645069	0.0345195010149	-0.00715002662443	0.0388028323263	-0.020899030038	-0.0631819336342
k__Bacteria;p__Proteobacteria;c__Betaproteobacteria;o__Burkholderiales;f__Sutterellaceae;g__Parasutterella;s__Parasutterella_excrementihominis	0.00552304079644	-0.0106860334415	-0.00414397985447	-0.0261906485354	0.0261435829875	-0.0617591634048	-0.0451859088609	-0.00761715100385	0.00846217700477	-0.0164234528543	-0.011672954505	-0.0585388576393	-0.0489215486912	-0.000963541733737	-0.0607114738618	-0.0321281053445	0.00741680863624	0.00381448773789	-0.0324508839478	-0.0476222097709	-0.016187213073	0.0203264148631	1.0	0.00653809798401	0.0176027083737	-0.0157533867578	-0.0237763839797	0.00481822509983	0.0495040559134	-0.101055618198	-0.00147024518819	-0.0298867991841	0.0118348559568	-0.00173212363494	0.0308250801856	0.0355456126803	0.0465199143532	-0.0246516205179	-0.0719339900116	-0.0664184238556	-0.0156520066047	0.013828256071	-0.0234849051733	0.00210303154458	-0.0203537287052	0.0212877391364	-0.00207165139477	0.0182467776025	-0.00376534240574	0.00656560977412	0.00180954612669	-0.00248922050749	-0.0476028494387	0.00981461947451	0.0248603481664	-0.011216012225	-0.0507419798129	-0.0329283421498	0.0346516719515
k__Bacteria;p__Actinobacteria;c__Actinobacteria;o__Bifidobacteriales;f__Bifidobacteriaceae;g__Bifidobacterium;s__Bifidobacterium_adolescentis	-0.026672845787	0.0155517461472	0.0425603160135	-0.0724474221286	0.0708950184416	0.00575170480488	-0.0330279480858	-0.107666910967	-0.0271761157591	-0.0134190927783	0.00882830521474	0.000196352961385	-0.0833166799345	0.00952843561777	0.00918482594758	-0.072481601502	0.0226671949599	-0.046600270758	-0.0752969842814	0.0417992308122	0.00480703354283	0.0115887781058	0.00653809798401	1.0	0.0344119515526	-0.068348058671	-0.00642445308935	-0.0136705764813	0.0170773600234	-0.010093650459	0.0102516516194	-0.031438036895	0.00639018957803	0.018065055436	0.0299705940603	-0.013593841982	-0.0230698592118	0.0293350849785	-0.0546822272575	-0.0195263481122	-0.00114904570593	0.0267060127738	-0.0276790733531	-0.000174146231869	0.0594897697972	-0.00947640514664	0.0438661919607	0.00765124571654	0.0160139223723	-0.0124498754524	0.0280581743535	-0.0172906719823	0.00543104016323	-0.0390071948791	-0.0956447187514	0.0166524744057	-0.0137940338455	-0.0163751905126	0.00398330222654
k__Bacteria;p__Firmicutes;c__Clostridia;o__Clostridiales;f__Oscillospiraceae;g__Oscillibacter;s__Oscillibacter_sp._KLE_1745	0.049114592829	-0.0138530158037	-0.00754696178289	-0.0135413320456	-0.0169409678677	-0.0219235789956	-0.00911165397724	-0.0115497130011	-0.0360825672438	-0.0499601782387	-0.00966776890603	-0.0362382292559	-0.0282406543126	-0.00344040402207	-0.0100448638771	-0.00603620445605	-0.0397376360433	0.06346313062	-0.0466131083587	0.0393861115679	0.0118777454421	-0.0271792821827	0.0176027083737	0.0344119515526	1.0	-0.00476167057643	-0.011553011881	0.0703739258046	0.0484671472506	-0.0509125686106	-0.0223637642748	-0.00876193289764	0.015425811833	-0.0135390775875	-0.0184301535332	-0.0132517654988	0.0771755282932	0.0202588415784	-0.0171424913457	0.0351922257575	-0.0146557881852	-0.000439121549255	-0.00176707582792	-0.0275379788096	0.00523866248987	-0.0353963341111	-0.0129167176417	-0.0366870075616	0.0179976986188	0.021683385866	-0.0508566612109	-0.0215700398169	-0.0441203659266	0.0134149622922	-0.0188586287045	-0.00307499555216	-0.00520556736516	0.000516194109828	0.0209038771055
k__Bacteria;p__Bacteroidetes;c__Bacteroidia;o__Bacteroidales;f__Bacteroidaceae;g__Bacteroides;s__Bacteroides_coprophilus	-0.0274024806198	-0.0340006681895	0.0128077718834	-0.0332853033848	-0.00454782571558	0.0103744514361	0.0141489580888	-0.03235874724	-0.0318825491127	0.0210580241033	-0.0104753912899	-0.0859789113685	0.0153061646387	-0.0233281595678	0.0880061087375	-0.0361814838832	-0.0132478560502	-0.0223390429626	0.0329518953769	-0.0258858081156	0.0492693886796	0.00456141027228	-0.0157533867578	-0.068348058671	-0.00476167057643	1.0	-0.0282333472479	-0.0527057487108	0.0543913465192	-0.0258515858997	0.0487912095814	-0.00838773725642	-0.0361340763698	0.0306271235497	0.00761174027745	0.0102151611269	0.0178447465689	-0.00355062893942	-0.0325485839137	0.0310947669072	0.0108243285875	-0.024203602392	-0.0160152300411	0.0192366710652	0.0363763814819	-0.0241646005136	-0.00778092865988	-0.059191862654	0.0138362062344	0.00859608352842	-0.0634934230359	-0.0168047097989	-0.0261770418176	-0.0153370618329	0.0320049018686	-0.0152745072127	-0.0070697349097	0.00106794638065	0.0124906268449
k__Bacteria;p__Firmicutes;c__Clostridia;o__Clostridiales;f__Lachnospiraceae;g__Roseburia;s__Roseburia_intestinalis	-0.0179270372154	-0.0470539731786	0.000269453827692	-0.0422690255081	0.062841988916	0.00974715593564	-0.0297263258816	-0.00978698285506	0.0288600748544	-0.0234080232573	-0.0995360524471	0.0548532767238	0.00018095189599	0.043100049684	0.0253875017828	-0.0231244058259	0.00462081300709	0.0248369513429	-0.0373570774989	-0.0383016492545	0.0025181966721	-0.081428748097	-0.0237763839797	-0.00642445308935	-0.011553011881	-0.0282333472479	1.0	0.00138343868641	-0.00125207592095	-0.0124172665352	0.0691631508093	-0.0169288593279	-0.038267513719	-0.0249046789449	-0.0271214566584	0.00769044970311	-0.00687115797074	-0.0231739072556	-0.0439364211244	-0.0258597613046	-0.0280407689463	0.0981483109625	-0.0534113659686	-0.0428991786544	0.00593412095797	-0.0566564916608	0.0072409331219	0.00821051617531	0.00821015843445	-0.0213462488761	0.0304427206634	-0.00080050616199	0.0105308990058	-0.007651824973	0.0203515150179	-0.0177188599977	-0.0121379618323	-0.0564717865453	-0.022294686977
k__Bacteria;p__Firmicutes;c__Clostridia;o__Clostridiales;f__Lachnospiraceae;g__Roseburia;s__Roseburia_hominis	0.0295831565295	-0.0515806829383	-0.0403719106637	0.0141337447909	-0.0140724111018	0.0227459860489	-0.00991927596672	-0.0814021196737	-0.0212045904315	0.0410433748442	-0.064560231789	0.00294974143191	0.0273306562267	0.0558361192619	0.038640364056	0.0160079219643	0.00413380074296	-0.0125171973781	0.00562735944107	-0.0912372210888	-0.0312136045264	0.0131946175924	0.00481822509983	-0.0136705764813	0.0703739258046	-0.0527057487108	0.00138343868641	1.0	-0.0759301971699	-0.0355609268204	0.0196639367767	-0.0259097182241	0.0365352160484	-0.0152760704294	0.0131402668219	-0.0157192646786	0.0392081666118	0.0143606893984	-0.014721386228	-0.00756073566772	-0.039706042194	0.0105852874199	-0.0665698969969	0.00355043913522	-0.0108935920765	-0.0234443503909	0.014129726081	0.0533447213719	0.0535478705804	-0.0241343175619	-0.00379063167594	-0.0561637730515	0.0207738054497	-0.0346109192944	0.019145322719	-0.0452240304006	-0.0204870804774	-0.0679554190749	0.00233356758689
k__Bacteria;p__Bacteroidetes;c__Bacteroidia;o__Bacteroidales;f__Porphyromonadaceae;g__Parabacteroides;s__Parabacteroides_johnsonii	-0.0291517379966	-0.00912571047728	-0.0512246173163	0.0209827686543	-0.0394361093077	0.0168656423512	-0.0384070398477	-0.00646482662947	0.040824237309	0.00741809631005	-0.017400145713	0.0247142214285	-0.047870527793	0.00885791848123	0.0140845991049	-0.0697787330779	0.0270921711093	-0.0313285968908	0.00752159698678	0.0301311307917	-0.0186159009038	-0.00516902319937	0.0495040559134	0.0170773600234	0.0484671472506	0.0543913465192	-0.00125207592095	-0.0759301971699	1.0	-0.0487448726744	0.0161534925885	0.0268632160543	-0.0343949670118	0.0355477343416	-0.041713038001	-0.0114953419153	0.0305511758392	0.0451107672115	0.0326001255296	-0.0304301735912	0.0142482486803	-0.0177720467998	-0.0511214906323	-0.0145983629525	0.0459749758011	-0.0601825235119	-0.0262548923923	0.00300654987926	-0.0216463177876	-0.041804251471	-0.00185338296157	-0.0165254486403	-0.0273345121089	-0.023029910463	0.00955151332668	-0.0154850104586	-0.00885373765739	-0.0492545881187	0.000646370811496
k__Bacteria;p__Actinobacteria;c__Actinobacteria;o__Bifidobacteriales;f__Bifidobacteriaceae;g__Bifidobacterium;s__Bifidobacterium_longum	0.0171670636869	-0.0102179143214	-0.00793274120278	0.0227093046308	-0.0587992870548	-0.0217619309128	-0.0488778210327	-0.0381751666794	0.0229294431167	-0.0173918000613	-0.00168596906654	-0.0474163718049	-0.0210542835731	0.0413725930639	0.0229058913436	-0.0263935479843	0.0396405591077	0.000268195922849	-0.031684100209	-0.0376720245636	-0.0254379732844	-0.0225094537445	-0.101055618198	-0.010093650459	-0.0509125686106	-0.0258515858997	-0.0124172665352	-0.0355609268204	-0.0487448726744	1.0	-0.0282754186178	-0.0637941397469	-0.0155327517088	-0.0228059466803	0.00239019878897	0.0165392425215	0.0300713235707	-0.0591528928743	-0.0059101142519	-0.0251121876203	0.0027096302525	0.0242465247351	0.0270013924067	-0.0461031272299	0.0657814682067	-0.0494141556334	-0.0379379025037	-0.0660592032539	0.0306444435514	0.000243804197004	-0.0268032849901	-0.0130880087856	0.029851132346	-0.0107347370615	-0.0479679685432	0.00712183186459	0.0623635782176	-0.0260650328427	0.0477332403509
