#taxonomy	k__Bacteria;p__Bacteroidetes;c__Bacteroidia;o__Bacteroidales;f__Bacteroidaceae;g__Bacteroides;s__Bacteroides_vulgatus	k__Bacteria;p__Bacteroidetes;c__Bacteroidia;o__Bacteroidales;f__Bacteroidaceae;g__Bacteroides;s__Bacteroides_uniformis	k__Bacteria;p__Bacteroidetes;c__Bacteroidia;o__Bacteroidales;f__Rikenellaceae;g__Alistipes;s__Alistipes_putredinis	k__Bacteria;p__Bacteroidetes;c__Bacteroidia;o__Bacteroidales;f__Prevotellaceae;g__Prevotella;s__Prevotella_copri	k__Bacteria;p__Bacteroidetes;c__Bacteroidia;o__Bacteroidales;f__Bacteroidaceae;g__Bacteroides;s__Bacteroides_stercoris	k__Bacteria;p__Bacteroidetes;c__Bacteroidia;o__Bacteroidales;f__Bacteroidaceae;g__Bacteroides;s__Bacteroides_ovatus	k__Bacteria;p__Bacteroidetes;c__Bacteroidia;o__Bacteroidales;f__Rikenellaceae;g__Alistipes;s__Alistipes_shahii	k__Bacteria;p__Firmicutes;c__Clostridia;o__Clostridiales;f__Ruminococcaceae;g__Faecalibacterium;s__Faecalibacterium_prausnitzii	k__Bacteria;p__Bacteroidetes;c__Bacteroidia;o__Bacteroidales;f__Rikenellaceae;g__Alistipes;s__Alistipes_finegoldii	k__Bacteria;p__Bacteroidetes;c__Bacteroidia;o__Bacteroidales;f__Porphyromonadaceae;g__Parabacteroides;s__Parabacteroides_distasonis	k__Bacteria;p__Bacteroidetes;c__Bacteroidia;o__Bacteroidales;f__Bacteroidaceae;g__Bacteroides;s__Bacteroides_thetaiotaomicron	k__Bacteria;p__Bacteroidetes;c__Bacteroidia;o__Bacteroidales;f__Bacteroidaceae;g__Bacteroides;s__Bacteroides_coprocola	k__Bacteria;p__Bacteroidetes;c__Bacteroidia;o__Bacteroidales;f__Bacteroidaceae;g__Bacteroides;s__Bacteroides_cellulosilyticus	k__Bacteria;p__Bacteroidetes;c__Bacteroidia;o__Bacteroidales;f__Rikenellaceae;g__Alistipes;s__Alistipes_obesi	k__Bacteria;p__Firmicutes;c__Clostridia;o__Clostridiales;f__Lachnospiraceae;g__;s__[Eubacterium]_rectale	k__Bacteria;p__Bacteroidetes;c__Bacteroidia;o__Bacteroidales;f__Bacteroidaceae;g__Bacteroides;s__Bacteroides_plebeius	k__Bacteria;p__Bacteroidetes;c__Bacteroidia;o__Bacteroidales;f__Bacteroidaceae;g__Bacteroides;s__Bacteroides_fragilis	k__Bacteria;p__Proteobacteria;c__Betaproteobacteria;o__Burkholderiales;f__Sutterellaceae;g__Sutterella;s__Sutterella_wadsworthensis	k__Bacteria;p__Bacteroidetes;c__Bacteroidia;o__Bacteroidales;f__Porphyromonadaceae;g__Barnesiella;s__Barnesiella_intestinihominis	k__Bacteria;p__Bacteroidetes;c__Bacteroidia;o__Bacteroidales;f__Odoribacteraceae;g__Odoribacter;s__Odoribacter_splanchnicus	k__Bacteria;p__Bacteroidetes;c__Bacteroidia;o__Bacteroidales;f__Bacteroidaceae;g__Bacteroides;s__Bacteroides_salyersiae	k__Bacteria;p__Firmicutes;c__Clostridia;o__Clostridiales;f__Ruminococcaceae;g__Ruminiclostridium;s__[Eubacterium]_siraeum	k__Bacteria;p__Proteobacteria;c__Betaproteobacteria;o__Burkholderiales;f__Sutterellaceae;g__Parasutterella;s__Parasutterella_excrementihominis	k__Bacteria;p__Actinobacteria;c__Actinobacteria;o__Bifidobacteriales;f__Bifidobacteriaceae;g__Bifidobacterium;s__Bifidobacterium_adolescentis	k__Bacteria;p__Firmicutes;c__Clostridia;o__Clostridiales;f__Oscillospiraceae;g__Oscillibacter;s__Oscillibacter_sp._KLE_1745	k__Bacteria;p__Bacteroidetes;c__Bacteroidia;o__Bacteroidales;f__Bacteroidaceae;g__Bacteroides;s__Bacteroides_coprophilus	k__Bacteria;p__Firmicutes;c__Clostridia;o__Clostridiales;f__Lachnospiraceae;g__Roseburia;s__Roseburia_intestinalis	k__Bacteria;p__Firmicutes;c__Clostridia;o__Clostridiales;f__Lachnospiraceae;g__Roseburia;s__Roseburia_hominis	k__Bacteria;p__Bacteroidetes;c__Bacteroidia;o__Bacteroidales;f__Porphyromonadaceae;g__Parabacteroides;s__Parabacteroides_johnsonii	k__Bacteria;p__Actinobacteria;c__Actinobacteria;o__Bifidobacteriales;f__Bifidobacteriaceae;g__Bifidobacterium;s__Bifidobacterium_longum	k__Bacteria;p__Firmicutes;c__Clostridia;o__Clostridiales;f__;g__Flavonifractor;s__Flavonifractor_plautii	k__Bacteria;p__Firmicutes;c__Clostridia;o__Clostridiales;f__Clostridiaceae;g__Clostridium;s__Clostridium_phoceensis	k__Bacteria;p__Verrucomicrobia;c__Verrucomicrobiae;o__Verrucomicrobiales;f__Akkermansiaceae;g__Akkermansia;s__Akkermansia_muciniphila	k__Bacteria;p__Bacteroidetes;c__Bacteroidia;o__Bacteroidales;f__Prevotellaceae;g__Paraprevotella;s__Paraprevotella_xylaniphila	k__Bacteria;p__Firmicutes;c__Clostridia;o__Clostridiales;f__Ruminococcaceae;g__Ruminococcus;s__Ruminococcus_callidus	k__Bacteria;p__Bacteroidetes;c__Bacteroidia;o__Bacteroidales;f__Rikenellaceae;g__Alistipes;s__Alistipes_senegalensis	k__Bacteria;p__Firmicutes;c__Clostridia;o__Clostridiales;f__Lachnospiraceae;g__Blautia;s__Blautia_sp._KLE_1732	k__Bacteria;p__Bacteroidetes;c__Bacteroidia;o__Bacteroidales;f__Bacteroidaceae;g__Bacteroides;s__Bacteroides_oleiciplenus	k__Bacteria;p__Firmicutes;c__Clostridia;o__Clostridiales;f__Ruminococcaceae;g__Ruminococcus;s__Ruminococcus_bicirculans	k__Bacteria;p__Bacteroidetes;c__Bacteroidia;o__Bacteroidales;f__Bacteroidaceae;g__Bacteroides;s__Bacteroides_fluxus	k__Bacteria;p__Bacteroidetes;c__Bacteroidia;o__Bacteroidales;f__Prevotellaceae;g__Prevotella;s__Prevotella_stercorea	k__Bacteria;p__Firmicutes;c__Clostridia;o__Clostridiales;f__Lachnospiraceae;g__Dorea;s__Dorea_longicatena	k__Bacteria;p__Firmicutes;c__Clostridia;o__Clostridiales;f__Eubacteriaceae;g__Eubacterium;s__[Eubacterium]_eligens	k__Bacteria;p__Firmicutes;c__Clostridia;o__Clostridiales;f__Ruminococcaceae;g__;s__Ruminococcaceae_bacterium_D16	k__Bacteria;p__Firmicutes;c__Clostridia;o__Clostridiales;f__Lachnospiraceae;g__Coprococcus;s__Coprococcus_comes	k__Bacteria;p__Proteobacteria;c__Gammaproteobacteria;o__Enterobacterales;f__Enterobacteriaceae;g__Escherichia;s__Escherichia_coli	k__Bacteria;p__Firmicutes;c__Clostridia;o__Clostridiales;f__Ruminococcaceae;g__Anaerotruncus;s__Anaerotruncus_colihominis	k__Bacteria;p__Firmicutes;c__Clostridia;o__Clostridiales;f__Lachnospiraceae;g__Blautia;s__Blautia_obeum	k__Bacteria;p__Bacteroidetes;c__Bacteroidia;o__Bacteroidales;f__Odoribacteraceae;g__Odoribacter;s__Odoribacter_laneus	k__Bacteria;p__Firmicutes;c__Clostridia;o__Clostridiales;f__Ruminococcaceae;g__Ruminiclostridium;s__[Clostridium]_leptum	k__Bacteria;p__Bacteroidetes;c__Bacteroidia;o__Bacteroidales;f__Porphyromonadaceae;g__Parabacteroides;s__Parabacteroides_goldsteinii	k__Bacteria;p__Firmicutes;c__Clostridia;o__Clostridiales;f__Lachnospiraceae;g__Anaerostipes;s__Anaerostipes_hadrus	k__Bacteria;p__Firmicutes;c__Clostridia;o__Clostridiales;f__Ruminococcaceae;g__Ruminococcus;s__Ruminococcus_lactaris	k__Bacteria;p__Firmicutes;c__Clostridia;o__Clostridiales;f__Clostridiaceae;g__Clostridium;s__Clostridium_sp._L2-50	k__Bacteria;p__Firmicutes;c__Clostridia;o__Clostridiales;f__Clostridiaceae;g__Clostridium;s__Clostridium_sp._M62/1	k__Bacteria;p__Firmicutes;c__Clostridia;o__Clostridiales;f__;g__Intestinimonas;s__Intestinimonas_butyriciproducens	k__Bacteria;p__Actinobacteria;c__Actinobacteria;o__Bifidobacteriales;f__Bifidobacteriaceae;g__Bifidobacterium;s__Bifidobacterium_bifidum	k__Bacteria;p__Firmicutes;c__Negativicutes;o__Veillonellales;f__Veillonellaceae;g__Dialister;s__Dialister_invisus	k__Bacteria;p__Bacteroidetes;c__Bacteroidia;o__Bacteroidales;f__Bacteroidaceae;g__Bacteroides;s__Bacteroides_salanitronis
k__Bacteria;p__Bacteroidetes;c__Bacteroidia;o__Bacteroidales;f__Bacteroidaceae;g__Bacteroides;s__Bacteroides_vulgatus	1.0	-0.0474497693963	-0.0426542947694	0.00415247867793	-0.0860302853733	0.0174998566064	0.00871449740383	3.85291526625e-06	0.0312067157571	0.002857117664	0.0125031638335	0.0186485105393	0.0416185466167	-0.00593100699692	-0.0753085458035	0.00148973461764	0.00684630295075	-0.076648730572	0.00777288197614	0.00166969235352	0.00189975171868	0.0238352686297	-0.0302226936411	0.0385969395343	-0.0263014563014	-0.00629942269222	-0.0257565393866	-0.0375781430955	-0.062064503672	0.0138125556865	-0.000973125825904	0.0251412025662	0.0288493380977	0.00139669730842	0.0339600309617	-0.0197398412429	0.00682528192534	0.0247952394097	0.0375795328172	-0.0306955753486	0.0413976238873	0.0559570532215	-0.0174650087149	-0.0528852402798	-0.0166468564715	-0.00525626623352	-0.0166324146053	-0.00549737385704	0.0470202570894	-0.0489687500828	-0.0260483803506	-0.0541054077188	0.0342345000458	-0.000178062872285	-0.0374461957258	-0.0178398418196	-0.035746796426	-0.0494912663161	0.0405252172366
k__Bacteria;p__Bacteroidetes;c__Bacteroidia;o__Bacteroidales;f__Bacteroidaceae;g__Bacteroides;s__Bacteroides_uniformis	-0.0474497693963	1.0	-0.0407940547299	-0.0627887525232	0.0574835748439	0.033266475265	-0.000481741458192	-0.0322048148639	0.0280032477593	-0.0389057352359	0.0617675960605	-0.0422398476008	-0.00208599965477	0.0326461455154	-0.00199206506223	-0.0229904687313	0.000268271641348	0.0597100781729	-0.0285375103382	-0.0133052790627	0.0008819586011	6.76674458223e-05	-0.0267960709366	-0.0046080901063	-0.00605334659809	0.00570502602912	0.022549716475	-0.0578024492053	0.0389308257983	-0.0857190172546	0.0221008934881	-0.0354033571295	-0.023767625458	-0.0133338449388	0.00908770556371	-0.0644990411372	0.00957655626687	-0.0308059436191	-0.0440824780959	0.0209192338208	0.0285249082697	-0.0114720309166	0.0340655797811	-0.00473839443948	-0.0205591506382	-0.00635422325286	0.00329117957675	-0.0132501806098	-0.000925065513183	0.0380503327363	-0.0275038368886	0.0531979309874	-0.0113756200065	-0.0169225300543	-0.0113618885465	-0.00733038676102	0.033320968676	-0.0462525929821	0.0377626984782
k__Bacteria;p__Bacteroidetes;c__Bacteroidia;o__Bacteroidales;f__Rikenellaceae;g__Alistipes;s__Alistipes_putredinis	-0.0426542947694	-0.0407940547299	1.0	-0.000235745413249	0.032533413455	-0.0606944811038	-0.018346159962	-0.00982683211468	0.0229670152855	0.0202875857626	-0.0586003182049	-0.0119312552958	0.0569470654875	0.0249349978136	-0.0630728837965	0.0214720825907	-0.0199596235434	0.00914859155722	-0.0490977691443	-0.00537716273088	-0.0646684358072	-0.00957250701067	-0.0166234593146	-0.0126480314061	0.0231656146357	-0.0462892977628	-0.0191452141995	-0.0405092908383	-0.0133367073129	0.0177250819874	-0.0115592349617	0.028939964674	-0.000397921982676	-0.0352057583674	-0.0384207923267	-0.032892448022	-0.0312834503441	-0.0161353775623	0.00116533523504	-0.0544923567125	0.0633922330363	-0.00290365626361	0.0158143097834	0.0261500989388	-0.0216005703238	-0.0019991795757	-0.0260559711116	-0.0446219501811	0.00056615978391	-0.02912252366	-0.0641704838959	-0.0356425412232	0.0519404704956	0.0308253326451	-0.0297162005176	0.0216402014029	0.0178183348219	0.0655510516179	-0.017781948706
k__Bacteria;p__Bacteroidetes;c__Bacteroidia;o__Bacteroidales;f__Prevotellaceae;g__Prevotella;s__Prevotella_copri	0.00415247867793	-0.0627887525232	-0.000235745413249	1.0	-0.0175800512258	-0.0277958397304	-0.00259993419783	-0.0338213045519	0.0357662699529	-0.0174847942981	-0.00377678322888	-0.0249798371942	-0.0707451016029	-0.0484905778285	0.026037212553	0.0339638461669	-0.0364736274	-0.00784248053702	-0.023871912741	-0.0283110507968	-0.0132683058609	0.0314691650824	-0.0357709811164	-0.00901592127847	-0.0190310374795	0.0221087008378	-0.0356902696391	0.00118932223387	-0.0256286904292	-0.000976458314268	-0.0189643753499	0.0104603696676	-0.0370361506617	-0.0551947769204	-0.0420547507435	0.0573133812734	0.0425310758323	0.0113331292749	0.0227211347097	0.0438469267713	0.0139530170914	-0.0349138647456	-0.0663948123015	-0.0364306021974	0.0208095686743	0.00846946939638	0.0662285555967	-0.0324743463961	0.0179410683125	-0.0123344943823	-0.0189489846103	-0.0346677490228	-0.0245384980542	0.0456393114267	0.00452767026964	0.0337350165053	0.022892732894	-0.000988622538668	-0.0151226778204
k__Bacteria;p__Bacteroidetes;c__Bacteroidia;o__Bacteroidales;f__Bacteroidaceae;g__Bacteroides;s__Bacteroides_stercoris	-0.0860302853733	0.0574835748439	0.032533413455	-0.0175800512258	1.0	-0.0923369187868	-0.00801783946316	-0.0553644012698	0.00973843493197	-0.0438287779467	-0.0376039226275	-0.0110820704667	-0.0376571650675	-0.0194102805908	0.0309004397097	0.0541574588435	0.0569070381644	-0.0242081598743	-0.0149636459376	0.00937516170634	-0.0220669535133	-0.0447552438471	0.028817253794	0.0361984341384	-0.0112438931267	0.0135865989077	0.0649524430678	0.0153469590567	-0.0163695653041	0.00797377491426	-0.00302556419053	0.0359098086846	-0.0599869347167	-0.0446421423394	-0.0373079053821	0.0132155400378	0.00120524889507	-0.0180879610382	-0.0771209574518	0.0171147510069	0.0368086291632	-0.0780546668353	-0.0993241603779	0.0174667731355	-0.037019765529	-0.0287651094701	0.0210982265834	0.00799565438586	-0.00430182769098	0.0441551965565	-0.00982917773353	-0.00179404641079	0.0151612405213	0.00544469968683	0.0237244282114	-0.0237129011544	-0.015969781413	-0.00272988490656	-0.0390767117672
k__Bacteria;p__Bacteroidetes;c__Bacteroidia;o__Bacteroidales;f__Bacteroidaceae;g__Bacteroides;s__Bacteroides_ovatus	0.0174998566064	0.033266475265	-0.0606944811038	-0.0277958397304	-0.0923369187868	1.0	0.0609018728811	0.0147119096812	0.0128100788006	0.0389714590395	0.026531097608	0.0053212312609	0.0280911382815	-0.0496015114641	9.84226673658e-05	-0.0293572026338	-0.00496405848715	0.0453628001202	-0.0365843666473	-0.0499776742961	-0.0212914654079	0.0248567122352	-0.0330233719872	-0.0316582637104	-0.0495690574236	-0.0807767540265	-0.0169766303381	-0.0634176655037	0.0224270595924	-0.0286846711787	-0.0291105028533	0.0739202354738	0.000192003938103	-0.0290167393508	0.0747294112878	0.0159675893457	0.0206413257825	0.040559711644	-0.0448984527059	0.00590624009547	0.00204341302171	-0.0249189734668	0.00771076211385	0.022377205666	-0.0143804436633	-0.0482088443814	-0.0478973897713	0.071281092895	-0.00365434907996	0.0208447021626	0.00662257997641	-0.00819901587773	0.0542051972968	-0.0201144039182	-0.0258634250378	-0.047820399887	-0.0226258583672	-0.0123921505231	0.0225251012493
k__Bacteria;p__Bacteroidetes;c__Bacteroidia;o__Bacteroidales;f__Rikenellaceae;g__Alistipes;s__Alistipes_shahii	0.00871449740383	-0.000481741458192	-0.018346159962	-0.00259993419783	-0.00801783946316	0.0609018728811	1.0	-0.0403747678278	-0.00993196717412	-0.0565650064927	0.0613642363475	0.0155599417738	-0.00812749825906	-0.0684500694981	-0.0256522209599	-0.0650875528321	0.0113679299002	-0.00524801642691	0.08449114668	-0.00318352610763	0.034305777976	0.0177306125229	0.0286594839602	-0.0365450858611	-0.0606158393987	-0.00734242288678	0.0333463329955	0.020697435523	-0.0376659316119	-0.0108031163614	0.0214571169647	0.00602284283859	0.0322446165041	-0.0205137650329	0.0277555846253	-0.020780536933	-0.0356381967652	-0.0153991010467	0.00369730103852	-0.0402489951033	0.000295311113749	-0.0621575206568	-0.023829303153	-0.0253934090374	0.0686369336119	-0.0672998334632	-0.0750732819611	-0.0472117423946	-0.0253128856329	0.00729706013478	-0.0155304728817	-0.0136364100775	-0.0226948295662	0.0300559920921	-0.0157635737583	0.00608560613231	0.0442539123532	-0.0425752355761	0.00480657510798
k__Bacteria;p__Firmicutes;c__Clostridia;o__Clostridiales;f__Ruminococcaceae;g__Faecalibacterium;s__Faecalibacterium_prausnitzii	3.85291526625e-06	-0.0322048148639	-0.00982683211468	-0.0338213045519	-0.0553644012698	0.0147119096812	-0.0403747678278	1.0	0.0120242800105	0.0362233610123	-0.0108458221043	-0.049257103951	-0.0248205381839	0.0391228095544	0.0178670565652	0.0197291635394	-0.0464764468794	-0.0104175584375	-0.0124449077969	-0.00368146955844	0.023798620164	0.0135295781746	0.00117273942796	-0.0285101047783	0.0470303879941	0.0183203836859	0.0206431726691	0.0302761897219	0.0128508139136	0.044654315614	-0.03697266803	0.00800938643916	0.0160215769429	0.0134839351385	0.0256096614256	0.00311155018511	0.0163821187764	0.00247590974437	0.002711709874	0.00990127214799	0.0503442122803	-0.000424787005477	-0.0538177188128	-0.0866642534642	-0.00890032517263	0.028194687919	-0.0301650683652	-0.0427273764485	-0.0133089555362	0.0665073398931	0.0325114684688	-0.00680972155053	-0.00812931056088	-0.028661683402	-0.0341900456345	0.0343853084561	-0.0609674663896	-0.0176700231562	-0.0031060199306
k__Bacteria;p__Bacteroidetes;c__Bacteroidia;o__Bacteroidales;f__Rikenellaceae;g__Alistipes;s__Alistipes_finegoldii	0.0312067157571	0.0280032477593	0.0229670152855	0.0357662699529	0.00973843493197	0.0128100788006	-0.00993196717412	0.0120242800105	1.0	-0.0227218683958	-0.0108249413672	-0.0266221453788	-0.0241636804244	-0.0112454073614	-0.00274942195824	-0.063867720509	0.00129290443989	-0.0140915033762	-0.016286141321	-0.0153633292365	-0.0423393027278	-0.0484548896645	-0.0201115315648	0.0100486744401	0.000637049332516	0.0343816193348	-0.00925259588113	0.024282393286	0.0127496889699	0.00229703653256	0.00931332335624	0.0476453918335	-0.0287598045926	-0.0350879210219	-0.011150520014	-0.067892522573	-0.0863640463808	-0.0114071971801	-0.069633158947	-0.0138535792229	-0.00641214437279	0.0503398057049	-0.0519860363679	-0.0134973231364	0.00674624650733	0.0692874313861	0.0347784878286	-0.00121346716697	-0.0346992580865	0.00147763830116	0.013543317262	0.0669954997209	0.028600158703	0.00873794967943	-0.0466072854006	0.0113046760632	0.0587332007257	0.0372704003271	-0.0414252399718
k__Bacteria;p__Bacteroidetes;c__Bacteroidia;o__Bacteroidales;f__Porphyromonadaceae;g__Parabacteroides;s__Parabacteroides_distasonis	0.002857117664	-0.0389057352359	0.0202875857626	-0.0174847942981	-0.0438287779467	0.0389714590395	-0.0565650064927	0.0362233610123	-0.0227218683958	1.0	0.0200650273682	-0.0381869394631	-0.0379557838202	0.0464800781406	-0.0162188046462	-0.0698405238656	0.0538816741211	-0.017745693195	-0.0444052505325	0.0282964405958	0.0122036060045	0.0171503715819	-0.0337479903358	-0.00525578214414	-0.0029123069989	0.00293192911486	-0.00463208983735	-0.0184701273419	-0.0182528559118	0.0097477484817	-0.0398196781984	0.0327212414815	0.021919060334	0.0183519945602	-0.00252578301783	-0.0644289855734	0.0283925848388	0.0240544171444	-0.0177574880121	0.011997977854	-0.0262495598022	0.0150682303042	0.0437884839694	-0.0467734933758	-0.0120656340738	-0.0285068713292	-0.0366629358629	0.0368058433287	0.0267376519629	0.0175154545161	-0.0819238798181	-0.0245111703084	0.019458496251	-0.0293356265347	0.0258092288525	-0.0556581871583	0.0841497581671	-0.0330268079714	-0.0446536470078
k__Bacteria;p__Bacteroidetes;c__Bacteroidia;o__Bacteroidales;f__Bacteroidaceae;g__Bacteroides;s__Bacteroides_thetaiotaomicron	0.0125031638335	0.0617675960605	-0.0586003182049	-0.00377678322888	-0.0376039226275	0.026531097608	0.0613642363475	-0.0108458221043	-0.0108249413672	0.0200650273682	1.0	-0.0129229348832	0.00695662867683	-0.00462403552061	-0.0598005308808	-0.0266195505279	0.00680998535436	-0.00698710405624	-0.0281265435414	-0.0353637634614	-0.0197381037646	0.00985326909478	0.0106650813409	-0.0562467061001	0.0271682514657	0.00604201493107	-0.0221791890646	-0.00893243063166	0.0247059338528	0.024334936116	-0.0506674405857	0.0141428100161	0.0531611891275	-0.00386958639903	0.0181270633891	-0.00579006633529	-0.0228939796457	-0.0477215092026	0.0432947389643	-0.0327395465086	-0.0269742497232	-0.039571667328	-0.0530917581696	0.000978895398225	-0.00229257426604	-0.0355251636462	-0.000319505578473	-0.0520003573485	-0.0348453658427	0.0227194901415	-0.00031543880102	-0.0135800727349	-0.0401398114733	0.042779766076	-0.00400748906246	0.0261142697981	0.0496116812586	-0.00682728340541	0.0139020124533
k__Bacteria;p__Bacteroidetes;c__Bacteroidia;o__Bacteroidales;f__Bacteroidaceae;g__Bacteroides;s__Bacteroides_coprocola	0.0186485105393	-0.0422398476008	-0.0119312552958	-0.0249798371942	-0.0110820704667	0.0053212312609	0.0155599417738	-0.049257103951	-0.0266221453788	-0.0381869394631	-0.0129229348832	1.0	0.0288278870568	0.00485467541163	0.000121393903673	-0.0156135219703	-0.0297781446754	-0.0394180862109	-0.0474833847148	0.0702778946196	0.0356671388563	0.00243494026736	-0.0390450163455	-0.0196386175838	-0.0546742722292	0.0278427504762	-0.0211741683711	-0.0192652540803	0.0673024367005	0.0235632863611	0.0468779264464	0.0860528630925	0.0365987310526	0.003487978489	-0.0426916166505	-0.0328235405996	0.0130222038351	0.0347437139822	0.0446888592095	0.0144230934077	-0.0229010617276	0.0225406598288	0.0659416039125	-0.0631634027768	0.0109676716777	0.0196657374719	-0.0129979162683	-0.0664986988704	-0.0253892275671	0.00357364365966	-0.0188217886222	0.00124872230401	-0.0462774652189	-0.0600659877688	-0.0211439211902	-0.0108079320552	-0.0578405876378	-0.0146302776094	-0.0202266120967
k__Bacteria;p__Bacteroidetes;c__Bacteroidia;o__Bacteroidales;f__Bacteroidaceae;g__Bacteroides;s__Bacteroides_cellulosilyticus	0.0416185466167	-0.00208599965477	0.0569470654875	-0.0707451016029	-0.0376571650675	0.0280911382815	-0.00812749825906	-0.0248205381839	-0.0241636804244	-0.0379557838202	0.00695662867683	0.0288278870568	1.0	0.00581517875081	-0.026553595022	-0.0239798016147	-0.00971571376658	-0.0463541800793	-0.0251139623972	-0.0322185267102	0.00259445784369	-0.0457036383069	0.0413186476319	-0.00790481678341	-0.0108570862698	-0.00603938266022	-0.02869606609	-0.0276321442372	0.00688280299367	-0.0290524225404	0.00933938265568	-0.00623965688724	-0.00236363577241	-0.0142298881309	-0.0328350982855	0.016021298831	-0.0687040006713	-0.0846668528061	-0.010703612552	-0.0257773575429	-0.0329795736442	0.00450574452027	0.0530653120365	-0.0386136260418	0.00137856211053	0.0143733319869	-0.0176107457931	-0.00326556183239	0.0543781226399	0.00426568838573	-0.00631019638807	-0.0356257999912	-0.00732778737439	0.0168191547401	-0.0194360497259	0.0256237364448	-0.0216128592758	0.0208485803617	-0.0150140505143
k__Bacteria;p__Bacteroidetes;c__Bacteroidia;o__Bacteroidales;f__Rikenellaceae;g__Alistipes;s__Alistipes_obesi	-0.00593100699692	0.0326461455154	0.0249349978136	-0.0484905778285	-0.0194102805908	-0.0496015114641	-0.0684500694981	0.0391228095544	-0.0112454073614	0.0464800781406	-0.00462403552061	0.00485467541163	0.00581517875081	1.0	-0.0627354726768	0.0229091081347	-0.0153032377339	-0.0135853996173	-0.0102508291912	-0.0403125412241	-0.0334528014981	0.0936361125525	0.0359578324187	-0.000710031153535	-0.0155921219524	-0.0275977749153	-0.0461347847857	-0.00949461288689	0.0312225339389	0.0179627569306	0.0126470458016	0.0459338519837	0.0414854340169	0.0044967864442	-0.027981651872	0.0229443331413	0.0216526076361	-0.0141551561302	-0.0256014024394	0.0228133228447	-0.0125906970191	0.0217892774403	-0.062576828034	-0.0195273558704	0.0243829583254	-0.0192622041736	0.03043484346	0.0255759016279	-0.0326966762843	-0.0207988343648	-0.02512960854	0.00688779516108	-0.0322979274236	-0.0628783146586	0.0866083616664	-0.00982999785433	0.0517956286169	-0.0347333142337	-0.0396813513951
k__Bacteria;p__Firmicutes;c__Clostridia;o__Clostridiales;f__Lachnospiraceae;g__;s__[Eubacterium]_rectale	-0.0753085458035	-0.00199206506223	-0.0630728837965	0.026037212553	0.0309004397097	9.84226673658e-05	-0.0256522209599	0.0178670565652	-0.00274942195824	-0.0162188046462	-0.0598005308808	0.000121393903673	-0.026553595022	-0.0627354726768	1.0	0.0227723811608	0.00386696829998	-0.0157943974753	0.0657440302554	-0.0204658697165	-0.0389119411786	-0.0186089615367	0.00250584600831	-0.0469299466713	0.0207633060734	-0.0503252835003	0.0338398663132	0.0434226669903	0.0219915830524	-0.0331433468383	0.0118990949951	-0.0663025952305	-0.0450209745813	0.0249766338699	-0.0386938140004	0.0293364187526	-0.0501739152791	-0.0689423731645	-0.0376343039931	0.0467096533965	0.0169004344717	-0.0587056510767	-0.00262573473415	0.0135546743291	-0.0148241230507	0.04955569253	-0.0406458923499	0.0316931429398	-0.076855759115	-0.0805125304404	-0.079334767614	-0.0169714588552	-0.00994886233833	0.0409149397348	-0.0184926147662	-0.00409719756491	0.0394770730495	0.0288647354162	-0.0115314671343
k__Bacteria;p__Bacteroidetes;c__Bacteroidia;o__Bacteroidales;f__Bacteroidaceae;g__Bacteroides;s__Bacteroides_plebeius	0.00148973461764	-0.0229904687313	0.0214720825907	0.0339638461669	0.0541574588435	-0.0293572026338	-0.0650875528321	0.0197291635394	-0.063867720509	-0.0698405238656	-0.0266195505279	-0.0156135219703	-0.0239798016147	0.0229091081347	0.0227723811608	1.0	-0.012670585836	-0.0235514574602	-0.00957519688059	0.00334158377774	-0.0618459576938	-0.0232052025366	-0.0568072004385	-0.0363623815087	0.0232266661326	0.0400722489	0.00213579171348	0.000133825073226	0.0164796408513	-0.0404116087347	0.0339420319376	-0.0397647414484	-0.0542941311882	-0.0327533831698	0.00587425227065	-0.0170450963855	0.0544875993102	0.0661296292431	-0.0363577250215	0.0301569793343	-0.0237230010219	-0.0275303066628	0.0168986510139	-0.0358243747665	-0.0353199749531	0.045319438364	0.034191001766	-0.0236579721556	-0.0430729910872	0.0232905194811	-0.00651795619711	-0.0306838654581	-0.00496814524224	0.00456791832774	0.0631750026602	0.0194645685053	0.0369278576366	-0.00993973360618	-0.0342563339591
k__Bacteria;p__Bacteroidetes;c__Bacteroidia;o__Bacteroidales;f__Bacteroidaceae;g__Bacteroides;s__Bacteroides_fragilis	0.00684630295075	0.000268271641348	-0.0199596235434	-0.0364736274	0.0569070381644	-0.00496405848715	0.0113679299002	-0.0464764468794	0.00129290443989	0.0538816741211	0.00680998535436	-0.0297781446754	-0.00971571376658	-0.0153032377339	0.00386696829998	-0.012670585836	1.0	-0.0126415767552	0.0246615686428	0.0761638136563	-0.0108955545545	-0.0720464250141	0.00411974788323	0.0400595554825	-0.0607390428873	-0.047224447909	0.00897354414209	0.0108745984412	-0.0412908515847	-0.0240439961037	-0.0296446755948	-0.01913381403	-0.0328912990954	0.00601392910066	0.0849527065004	-0.0527361321255	-0.0790807859029	0.00278155861407	-0.0225756584248	0.00327670824456	-0.035862027907	-0.0271109851883	-0.029820520935	-0.0468849085055	-0.0695093470248	-0.0663605896972	0.0108790827727	0.0222030834804	0.0123615162149	-0.00225244413679	0.0127017869818	-0.00587833245209	0.0632797138552	0.037685327079	0.0686825009911	-0.0188302651226	0.0513321201461	-0.0411376103331	0.00835237078924
k__Bacteria;p__Proteobacteria;c__Betaproteobacteria;o__Burkholderiales;f__Sutterellaceae;g__Sutterella;s__Sutterella_wadsworthensis	-0.076648730572	0.0597100781729	0.00914859155722	-0.00784248053702	-0.0242081598743	0.0453628001202	-0.00524801642691	-0.0104175584375	-0.0140915033762	-0.017745693195	-0.00698710405624	-0.0394180862109	-0.0463541800793	-0.0135853996173	-0.0157943974753	-0.0235514574602	-0.0126415767552	1.0	0.00738370049232	-0.0385998163749	0.032933594292	-0.00107426220694	-0.0718696566121	-0.0048307001789	-0.00910471658933	-0.0301534526708	0.0213835159222	-0.00951478306676	-0.0127514003995	0.0388903799627	-0.0193092668478	-0.0142876639408	-0.00481340765529	-0.014308353528	-0.0807436022498	-0.00636299504343	0.0154575376416	-0.0232047778431	0.0192451883467	0.050056505492	-0.0197806916214	-0.0327182338254	0.0056012026697	0.0187401901738	-0.0305901916434	0.0256262935575	-0.000194453383143	-0.0218894306085	-0.0737868540286	-0.0167724313264	0.00737437452496	-0.0104041694816	0.0320658920646	-0.0316600908355	0.00942926627423	0.00907499767264	-0.0889503377953	-0.0155745309365	0.00796239625581
k__Bacteria;p__Bacteroidetes;c__Bacteroidia;o__Bacteroidales;f__Porphyromonadaceae;g__Barnesiella;s__Barnesiella_intestinihominis	0.00777288197614	-0.0285375103382	-0.0490977691443	-0.023871912741	-0.0149636459376	-0.0365843666473	0.08449114668	-0.0124449077969	-0.016286141321	-0.0444052505325	-0.0281265435414	-0.0474833847148	-0.0251139623972	-0.0102508291912	0.0657440302554	-0.00957519688059	0.0246615686428	0.00738370049232	1.0	-0.0179676392345	0.0540669114013	-0.0428932193179	0.0374812924142	0.0130627140275	0.0658977018097	-0.000502425139947	-0.0339684336655	0.016028767701	-0.0190199488108	0.00300294067147	0.017403847486	-0.0563861847893	-0.0641600528826	0.0583445354069	0.00698821526401	-0.043392518375	-0.0340012597713	-0.0493532758627	0.0173437257021	-0.0393519577903	0.00827578949602	-0.0342567059212	-0.037227315491	-0.0137126363492	-0.038151266556	-0.00040188102907	0.0558557797535	0.00135363276378	-0.0266243918064	-0.0624683930296	0.0229865772177	0.0472361696346	-0.0176993164132	0.0494600943045	-0.0333644897485	0.00183900542649	0.0299132572182	0.0649557554778	-0.0201537084721
k__Bacteria;p__Bacteroidetes;c__Bacteroidia;o__Bacteroidales;f__Odoribacteraceae;g__Odoribacter;s__Odoribacter_splanchnicus	0.00166969235352	-0.0133052790627	-0.00537716273088	-0.0283110507968	0.00937516170634	-0.0499776742961	-0.00318352610763	-0.00368146955844	-0.0153633292365	0.0282964405958	-0.0353637634614	0.0702778946196	-0.0322185267102	-0.0403125412241	-0.0204658697165	0.00334158377774	0.0761638136563	-0.0385998163749	-0.0179676392345	1.0	0.00955650618634	-0.0304472117654	-0.0377292605927	-0.0020254698448	-0.0314595837191	-0.000717120091945	-0.0523587749996	0.0249621059041	-0.0445418973492	-0.00490546323766	-0.0216886195264	-0.00879877334871	-0.0492753871655	0.0385190520924	-0.0279995195641	0.0187155132352	-0.0409323209104	-0.0291862892531	-0.00266513442865	-0.0197883567886	0.00861263166668	0.0634952747313	0.0349061768334	-0.0415543133088	0.00536185784682	-0.0758306680503	-0.0467788469245	0.00264764906295	0.0105350942924	0.00404180801102	0.00243010882535	-0.0157695628648	0.0505338992442	-0.00893546599307	0.0633152752154	-0.00638603402305	-0.0186100162217	-0.0437075239399	0.00587385991902
k__Bacteria;p__Bacteroidetes;c__Bacteroidia;o__Bacteroidales;f__Bacteroidaceae;g__Bacteroides;s__Bacteroides_salyersiae	0.00189975171868	0.0008819586011	-0.0646684358072	-0.0132683058609	-0.0220669535133	-0.0212914654079	0.034305777976	0.023798620164	-0.0423393027278	0.0122036060045	-0.0197381037646	0.0356671388563	0.00259445784369	-0.0334528014981	-0.0389119411786	-0.0618459576938	-0.0108955545545	0.032933594292	0.0540669114013	0.00955650618634	1.0	-0.0310058142337	0.0272952918255	-0.0266286913273	-0.0146222138512	0.0128648593489	-0.0148633829629	-0.0357703959438	0.00276068454171	-0.00852529423633	-0.00429825395334	-0.0767023576802	-0.00419641185758	-0.0201996072986	-0.00544122619814	0.017414395449	0.0971891241215	-0.00814740087773	-0.00423124729311	-0.0345476256519	-0.0121577510418	0.000415888429482	0.0516686598057	-0.0274036282012	0.0554690345845	-0.0743347151352	-0.0281903094572	0.00126750391789	0.0132584647582	-0.0116612575532	0.0139758365139	-0.0310685165877	0.0295465050406	-0.010764645699	-0.0115806463452	-0.0343609120609	0.0135811854437	0.0236304194483	0.0274896430048
k__Bacteria;p__Firmicutes;c__Clostridia;o__Clostridiales;f__Ruminococcaceae;g__Ruminiclostridium;s__[Eubacterium]_siraeum	0.0238352686297	6.76674458222e-05	-0.00957250701067	0.0314691650824	-0.0447552438471	0.0248567122352	0.0177306125229	0.0135295781746	-0.0484548896645	0.0171503715819	0.00985326909478	0.00243494026736	-0.0457036383069	0.0936361125525	-0.0186089615367	-0.0232052025366	-0.0720464250141	-0.00107426220694	-0.0428932193179	-0.0304472117654	-0.0310058142337	1.0	0.0529809960073	-0.00348674297364	-0.0261226628158	-0.00953186665686	0.00808085165572	-0.003136294074	-0.0311152252261	-0.00971837728194	-0.0167108989668	-0.0329060020513	0.0612151927803	-0.00683421509225	-0.0291938973305	0.00290095685246	0.00967729398141	-0.0572140370582	-0.0144451579593	-0.0204573967618	-0.00384782238508	0.0219314444532	-0.0261429839102	-0.0221035878951	-0.0289316352987	0.00951868623089	0.0297307239578	-0.00493786886474	0.0201881505851	-0.0588461003831	-0.0369226756006	-0.0558212545726	-0.0447083312599	0.00754820050908	0.0406510183246	0.00778652302876	0.00129485227307	-0.0339270167054	-0.0162691053933
k__Bacteria;p__Proteobacteria;c__Betaproteobacteria;o__Burkholderiales;f__Sutterellaceae;g__Parasutterella;s__Parasutterella_excrementihominis	-0.0302226936411	-0.0267960709366	-0.0166234593146	-0.0357709811164	0.028817253794	-0.0330233719872	0.0286594839602	0.00117273942796	-0.0201115315648	-0.0337479903358	0.0106650813409	-0.0390450163455	0.0413186476319	0.0359578324187	0.00250584600831	-0.0568072004385	0.00411974788323	-0.0718696566121	0.0374812924142	-0.0377292605927	0.0272952918255	0.0529809960073	1.0	-0.0742543631839	-0.0199652763551	0.00496322995985	0.00479237835527	0.0200278026397	-0.0166534014661	0.0354852352573	0.0109297285611	-0.0227949494126	-0.00183563444857	-0.0216564244173	-0.0647556522131	-0.0030339622184	0.00466395452952	-0.0314336472579	0.00894939721183	-0.0265385502179	-0.0568025224104	-0.00222133023452	0.0153596117434	-0.0367493678579	-0.0435089031846	-0.0465100819225	0.00918967600415	-0.0484225858432	-0.0180021428345	-0.0349488512418	0.00988193672488	0.0164226803822	-0.0325537292051	-0.0207272404672	0.0364365977678	-0.0417684474295	-0.0301240641503	-0.0428567364772	0.00450782026165
k__Bacteria;p__Actinobacteria;c__Actinobacteria;o__Bifidobacteriales;f__Bifidobacteriaceae;g__Bifidobacterium;s__Bifidobacterium_adolescentis	0.0385969395343	-0.0046080901063	-0.0126480314061	-0.00901592127847	0.0361984341384	-0.0316582637104	-0.0365450858611	-0.0285101047783	0.0100486744401	-0.00525578214414	-0.0562467061001	-0.0196386175838	-0.00790481678341	-0.000710031153535	-0.0469299466713	-0.0363623815087	0.0400595554825	-0.0048307001789	0.0130627140275	-0.0020254698448	-0.0266286913273	-0.00348674297364	-0.0742543631839	1.0	0.0203513742829	-0.0291668903895	-0.0268756640227	-0.00624035466364	0.00234870897335	0.0202430752519	-0.0910473370663	0.00220451284172	0.0342177357923	0.0423836436706	0.0165567573358	-0.0307523651467	-0.0656012965863	0.000969590523581	-0.025797482116	-0.00380131725215	-0.0285335072367	-0.0638047195707	0.0630606428261	0.0111532781776	0.0830841898816	-0.0341990748082	0.0232946413339	-0.044555091782	0.0333568100294	-0.00150572905083	0.0242636828541	0.000623375931153	0.000479678372106	-0.0180469108236	-0.04463113815	0.0202458918794	-0.00512100132621	-0.013728898989	-0.0507947804727
k__Bacteria;p__Firmicutes;c__Clostridia;o__Clostridiales;f__Oscillospiraceae;g__Oscillibacter;s__Oscillibacter_sp._KLE_1745	-0.0263014563014	-0.00605334659809	0.0231656146357	-0.0190310374795	-0.0112438931267	-0.0495690574236	-0.0606158393987	0.0470303879941	0.000637049332516	-0.0029123069989	0.0271682514657	-0.0546742722292	-0.0108570862698	-0.0155921219524	0.0207633060734	0.0232266661326	-0.0607390428873	-0.00910471658933	0.0658977018097	-0.0314595837191	-0.0146222138512	-0.0261226628158	-0.0199652763551	0.0203513742829	1.0	0.0195871596685	0.037287459284	0.019552142561	0.0376684431494	0.0180411654615	0.0433529678041	0.00928140441071	-0.0508790419046	-0.000423504589469	0.00362652707778	-0.0158425588237	-0.0549524525007	0.0205820975042	-0.0776105746807	0.0587630176306	0.0297068106619	-0.0506192658261	-0.0305381038662	-0.0392118676863	0.0283668823083	-0.0057416566779	-0.0245240135714	-0.0416549604561	-0.0217718359038	-0.0344235429132	-0.0283126542136	0.0367484406233	0.0470862798716	0.00497843980818	-0.0523694193834	0.00963109085328	0.0277759583373	0.046993959955	0.000344471783837
k__Bacteria;p__Bacteroidetes;c__Bacteroidia;o__Bacteroidales;f__Bacteroidaceae;g__Bacteroides;s__Bacteroides_coprophilus	-0.00629942269222	0.00570502602912	-0.0462892977628	0.0221087008378	0.0135865989077	-0.0807767540265	-0.00734242288678	0.0183203836859	0.0343816193348	0.00293192911486	0.00604201493107	0.0278427504762	-0.00603938266022	-0.0275977749153	-0.0503252835003	0.0400722489	-0.047224447909	-0.0301534526708	-0.000502425139947	-0.000717120091945	0.0128648593489	-0.00953186665686	0.00496322995985	-0.0291668903895	0.0195871596685	1.0	0.0300010868236	-0.00210056141874	-0.0163230532781	-0.0392392730091	0.0205015545397	0.00665850544773	-0.00801632011445	-0.0235636355748	-0.031833072483	0.00487738572439	-0.0205648041957	0.0470710435283	0.0376286249807	-0.0622756631123	0.0140538865055	-0.0151165132259	-0.0600259290299	0.0116850669664	0.0269491261832	0.00235961390006	-0.00528400701221	-0.0417002249396	-0.0365078898703	0.0211671820303	-0.036495469497	0.00227858640959	-0.0151150848882	-0.00830230516481	-0.0179778455538	-0.0321726275627	-0.0203025516276	-0.0653037747308	-0.0153012045369
k__Bacteria;p__Firmicutes;c__Clostridia;o__Clostridiales;f__Lachnospiraceae;g__Roseburia;s__Roseburia_intestinalis	-0.0257565393866	0.022549716475	-0.0191452141995	-0.0356902696391	0.0649524430678	-0.0169766303381	0.0333463329955	0.0206431726691	-0.00925259588113	-0.00463208983735	-0.0221791890646	-0.0211741683711	-0.02869606609	-0.0461347847857	0.0338398663132	0.00213579171348	0.00897354414209	0.0213835159222	-0.0339684336655	-0.0523587749996	-0.0148633829629	0.00808085165572	0.00479237835527	-0.0268756640227	0.037287459284	0.0300010868236	1.0	-0.0375443547128	-0.0601359932092	0.0282622498268	-0.016028959045	0.037075251457	0.0131847669471	0.0192530097332	0.0324053060597	-0.00285170873927	-0.00273171672922	-0.00691713130563	-0.0769909136084	0.04374461342	0.0154938172378	0.0202767463681	-0.02800078722	0.00961501410898	-0.01205510967	-0.0287039897327	0.0261714389046	0.0051173952214	0.0127191163273	0.0408112456446	-0.0350556299514	-0.0316734203318	0.00293053454685	-0.0523967549514	-0.0104991102412	0.0350069264192	-0.041466868181	6.56771367984e-05	-0.0646485584945
k__Bacteria;p__Firmicutes;c__Clostridia;o__Clostridiales;f__Lachnospiraceae;g__Roseburia;s__Roseburia_hominis	-0.0375781430955	-0.0578024492053	-0.0405092908383	0.00118932223387	0.0153469590567	-0.0634176655037	0.020697435523	0.0302761897219	0.024282393286	-0.0184701273419	-0.00893243063166	-0.0192652540803	-0.0276321442372	-0.00949461288689	0.0434226669903	0.000133825073226	0.0108745984412	-0.00951478306676	0.016028767701	0.0249621059041	-0.0357703959438	-0.003136294074	0.0200278026397	-0.00624035466364	0.019552142561	-0.00210056141874	-0.0375443547128	1.0	-0.0108235254	0.0334062952021	0.00622628467898	-0.0599558742287	-0.0605475833393	0.0152443841073	-0.0449146705476	0.0516729420979	0.00615207196194	0.0324223564838	-0.0116881252928	-0.0231971775764	0.0341739228387	-0.0424444517376	-0.00413166447263	0.00160182549551	-0.0166464709772	-0.00496001290259	-0.00143938901545	-0.0324085664049	0.0156870720607	0.0228302536005	0.0033215453926	-0.0376206268185	-0.0597799466431	-0.00559377451209	-0.0116666488814	-0.0182880379604	0.0302594537748	-0.0665294239889	-0.0171918213745
k__Bacteria;p__Bacteroidetes;c__Bacteroidia;o__Bacteroidales;f__Porphyromonadaceae;g__Parabacteroides;s__Parabacteroides_johnsonii	-0.062064503672	0.0389308257983	-0.0133367073129	-0.0256286904292	-0.0163695653041	0.0224270595924	-0.0376659316119	0.0128508139136	0.0127496889699	-0.0182528559118	0.0247059338528	0.0673024367005	0.00688280299367	0.0312225339389	0.0219915830524	0.0164796408513	-0.0412908515847	-0.0127514003995	-0.0190199488108	-0.0445418973492	0.00276068454171	-0.0311152252261	-0.0166534014661	0.00234870897335	0.0376684431494	-0.0163230532781	-0.0601359932092	-0.0108235254	1.0	0.0414903758619	0.00614373434743	-0.0407095873572	-0.0134901341308	-0.0127642661511	0.00838608058371	-0.00290952774936	0.00837530163289	-0.0141071272025	-0.015841099598	-0.0142361707378	-0.0575593206632	0.0285544283483	-0.0293355951884	0.0115783296356	0.02330952062	0.0119008996527	-0.0188533745349	-0.0817267663163	0.0219407918246	0.0187050963337	0.0376479400041	-0.0358900204198	0.0188973730635	-0.0454892286155	0.0220488603789	0.0345295118135	-0.0136317381558	-0.105815051693	-0.0627353723129
k__Bacteria;p__Actinobacteria;c__Actinobacteria;o__Bifidobacteriales;f__Bifidobacteriaceae;g__Bifidobacterium;s__Bifidobacterium_longum	0.0138125556865	-0.0857190172546	0.0177250819874	-0.000976458314268	0.00797377491426	-0.0286846711787	-0.0108031163614	0.044654315614	0.00229703653256	0.0097477484817	0.024334936116	0.0235632863611	-0.0290524225404	0.0179627569306	-0.0331433468383	-0.0404116087347	-0.0240439961037	0.0388903799627	0.00300294067147	-0.00490546323766	-0.00852529423633	-0.00971837728194	0.0354852352573	0.0202430752519	0.0180411654615	-0.0392392730091	0.0282622498268	0.0334062952021	0.0414903758619	1.0	-0.0303695205742	0.0241792004629	0.0194644685881	0.0204695281755	-0.0233321862217	0.0279820536943	-0.0290789418896	0.0615171156585	0.0125415412091	-0.0558497488548	-0.0535246843492	0.00890547520525	-0.00514561192352	-0.0037592383767	0.00239251962442	-0.0389938803622	-0.00977363913565	0.00647261397618	-0.0110383534672	-0.0272879483713	-0.0172619971015	0.0151943505676	-0.0625681735249	-0.0271757536772	-0.00318250235329	-0.0110337548338	-0.0797067472183	0.0114757419763	0.00366599692335
