#taxonomy	k__Bacteria;p__Bacteroidetes;c__Bacteroidia;o__Bacteroidales;f__Bacteroidaceae;g__Bacteroides;s__Bacteroides_vulgatus	k__Bacteria;p__Bacteroidetes;c__Bacteroidia;o__Bacteroidales;f__Bacteroidaceae;g__Bacteroides;s__Bacteroides_uniformis	k__Bacteria;p__Bacteroidetes;c__Bacteroidia;o__Bacteroidales;f__Rikenellaceae;g__Alistipes;s__Alistipes_putredinis	k__Bacteria;p__Bacteroidetes;c__Bacteroidia;o__Bacteroidales;f__Prevotellaceae;g__Prevotella;s__Prevotella_copri	k__Bacteria;p__Bacteroidetes;c__Bacteroidia;o__Bacteroidales;f__Bacteroidaceae;g__Bacteroides;s__Bacteroides_stercoris	k__Bacteria;p__Bacteroidetes;c__Bacteroidia;o__Bacteroidales;f__Bacteroidaceae;g__Bacteroides;s__Bacteroides_ovatus	k__Bacteria;p__Bacteroidetes;c__Bacteroidia;o__Bacteroidales;f__Rikenellaceae;g__Alistipes;s__Alistipes_shahii	k__Bacteria;p__Firmicutes;c__Clostridia;o__Clostridiales;f__Ruminococcaceae;g__Faecalibacterium;s__Faecalibacterium_prausnitzii	k__Bacteria;p__Bacteroidetes;c__Bacteroidia;o__Bacteroidales;f__Rikenellaceae;g__Alistipes;s__Alistipes_finegoldii	k__Bacteria;p__Bacteroidetes;c__Bacteroidia;o__Bacteroidales;f__Porphyromonadaceae;g__Parabacteroides;s__Parabacteroides_distasonis	k__Bacteria;p__Bacteroidetes;c__Bacteroidia;o__Bacteroidales;f__Bacteroidaceae;g__Bacteroides;s__Bacteroides_thetaiotaomicron	k__Bacteria;p__Bacteroidetes;c__Bacteroidia;o__Bacteroidales;f__Bacteroidaceae;g__Bacteroides;s__Bacteroides_coprocola	k__Bacteria;p__Bacteroidetes;c__Bacteroidia;o__Bacteroidales;f__Bacteroidaceae;g__Bacteroides;s__Bacteroides_cellulosilyticus	k__Bacteria;p__Bacteroidetes;c__Bacteroidia;o__Bacteroidales;f__Rikenellaceae;g__Alistipes;s__Alistipes_obesi	k__Bacteria;p__Firmicutes;c__Clostridia;o__Clostridiales;f__Lachnospiraceae;g__;s__[Eubacterium]_rectale	k__Bacteria;p__Bacteroidetes;c__Bacteroidia;o__Bacteroidales;f__Bacteroidaceae;g__Bacteroides;s__Bacteroides_plebeius	k__Bacteria;p__Bacteroidetes;c__Bacteroidia;o__Bacteroidales;f__Bacteroidaceae;g__Bacteroides;s__Bacteroides_fragilis	k__Bacteria;p__Proteobacteria;c__Betaproteobacteria;o__Burkholderiales;f__Sutterellaceae;g__Sutterella;s__Sutterella_wadsworthensis	k__Bacteria;p__Bacteroidetes;c__Bacteroidia;o__Bacteroidales;f__Porphyromonadaceae;g__Barnesiella;s__Barnesiella_intestinihominis	k__Bacteria;p__Bacteroidetes;c__Bacteroidia;o__Bacteroidales;f__Odoribacteraceae;g__Odoribacter;s__Odoribacter_splanchnicus	k__Bacteria;p__Bacteroidetes;c__Bacteroidia;o__Bacteroidales;f__Bacteroidaceae;g__Bacteroides;s__Bacteroides_salyersiae	k__Bacteria;p__Firmicutes;c__Clostridia;o__Clostridiales;f__Ruminococcaceae;g__Ruminiclostridium;s__[Eubacterium]_siraeum	k__Bacteria;p__Proteobacteria;c__Betaproteobacteria;o__Burkholderiales;f__Sutterellaceae;g__Parasutterella;s__Parasutterella_excrementihominis	k__Bacteria;p__Actinobacteria;c__Actinobacteria;o__Bifidobacteriales;f__Bifidobacteriaceae;g__Bifidobacterium;s__Bifidobacterium_adolescentis	k__Bacteria;p__Firmicutes;c__Clostridia;o__Clostridiales;f__Oscillospiraceae;g__Oscillibacter;s__Oscillibacter_sp._KLE_1745	k__Bacteria;p__Bacteroidetes;c__Bacteroidia;o__Bacteroidales;f__Bacteroidaceae;g__Bacteroides;s__Bacteroides_coprophilus	k__Bacteria;p__Firmicutes;c__Clostridia;o__Clostridiales;f__Lachnospiraceae;g__Roseburia;s__Roseburia_intestinalis	k__Bacteria;p__Firmicutes;c__Clostridia;o__Clostridiales;f__Lachnospiraceae;g__Roseburia;s__Roseburia_hominis	k__Bacteria;p__Bacteroidetes;c__Bacteroidia;o__Bacteroidales;f__Porphyromonadaceae;g__Parabacteroides;s__Parabacteroides_johnsonii	k__Bacteria;p__Actinobacteria;c__Actinobacteria;o__Bifidobacteriales;f__Bifidobacteriaceae;g__Bifidobacterium;s__Bifidobacterium_longum	k__Bacteria;p__Firmicutes;c__Clostridia;o__Clostridiales;f__;g__Flavonifractor;s__Flavonifractor_plautii	k__Bacteria;p__Firmicutes;c__Clostridia;o__Clostridiales;f__Clostridiaceae;g__Clostridium;s__Clostridium_phoceensis	k__Bacteria;p__Verrucomicrobia;c__Verrucomicrobiae;o__Verrucomicrobiales;f__Akkermansiaceae;g__Akkermansia;s__Akkermansia_muciniphila	k__Bacteria;p__Bacteroidetes;c__Bacteroidia;o__Bacteroidales;f__Prevotellaceae;g__Paraprevotella;s__Paraprevotella_xylaniphila	k__Bacteria;p__Firmicutes;c__Clostridia;o__Clostridiales;f__Ruminococcaceae;g__Ruminococcus;s__Ruminococcus_callidus	k__Bacteria;p__Bacteroidetes;c__Bacteroidia;o__Bacteroidales;f__Rikenellaceae;g__Alistipes;s__Alistipes_senegalensis	k__Bacteria;p__Firmicutes;c__Clostridia;o__Clostridiales;f__Lachnospiraceae;g__Blautia;s__Blautia_sp._KLE_1732	k__Bacteria;p__Bacteroidetes;c__Bacteroidia;o__Bacteroidales;f__Bacteroidaceae;g__Bacteroides;s__Bacteroides_oleiciplenus	k__Bacteria;p__Firmicutes;c__Clostridia;o__Clostridiales;f__Ruminococcaceae;g__Ruminococcus;s__Ruminococcus_bicirculans	k__Bacteria;p__Bacteroidetes;c__Bacteroidia;o__Bacteroidales;f__Bacteroidaceae;g__Bacteroides;s__Bacteroides_fluxus	k__Bacteria;p__Bacteroidetes;c__Bacteroidia;o__Bacteroidales;f__Prevotellaceae;g__Prevotella;s__Prevotella_stercorea	k__Bacteria;p__Firmicutes;c__Clostridia;o__Clostridiales;f__Lachnospiraceae;g__Dorea;s__Dorea_longicatena	k__Bacteria;p__Firmicutes;c__Clostridia;o__Clostridiales;f__Eubacteriaceae;g__Eubacterium;s__[Eubacterium]_eligens	k__Bacteria;p__Firmicutes;c__Clostridia;o__Clostridiales;f__Ruminococcaceae;g__;s__Ruminococcaceae_bacterium_D16	k__Bacteria;p__Firmicutes;c__Clostridia;o__Clostridiales;f__Lachnospiraceae;g__Coprococcus;s__Coprococcus_comes	k__Bacteria;p__Proteobacteria;c__Gammaproteobacteria;o__Enterobacterales;f__Enterobacteriaceae;g__Escherichia;s__Escherichia_coli	k__Bacteria;p__Firmicutes;c__Clostridia;o__Clostridiales;f__Ruminococcaceae;g__Anaerotruncus;s__Anaerotruncus_colihominis	k__Bacteria;p__Firmicutes;c__Clostridia;o__Clostridiales;f__Lachnospiraceae;g__Blautia;s__Blautia_obeum	k__Bacteria;p__Bacteroidetes;c__Bacteroidia;o__Bacteroidales;f__Odoribacteraceae;g__Odoribacter;s__Odoribacter_laneus	k__Bacteria;p__Firmicutes;c__Clostridia;o__Clostridiales;f__Ruminococcaceae;g__Ruminiclostridium;s__[Clostridium]_leptum	k__Bacteria;p__Bacteroidetes;c__Bacteroidia;o__Bacteroidales;f__Porphyromonadaceae;g__Parabacteroides;s__Parabacteroides_goldsteinii	k__Bacteria;p__Firmicutes;c__Clostridia;o__Clostridiales;f__Lachnospiraceae;g__Anaerostipes;s__Anaerostipes_hadrus	k__Bacteria;p__Firmicutes;c__Clostridia;o__Clostridiales;f__Ruminococcaceae;g__Ruminococcus;s__Ruminococcus_lactaris	k__Bacteria;p__Firmicutes;c__Clostridia;o__Clostridiales;f__Clostridiaceae;g__Clostridium;s__Clostridium_sp._L2-50	k__Bacteria;p__Firmicutes;c__Clostridia;o__Clostridiales;f__Clostridiaceae;g__Clostridium;s__Clostridium_sp._M62/1	k__Bacteria;p__Firmicutes;c__Clostridia;o__Clostridiales;f__;g__Intestinimonas;s__Intestinimonas_butyriciproducens	k__Bacteria;p__Actinobacteria;c__Actinobacteria;o__Bifidobacteriales;f__Bifidobacteriaceae;g__Bifidobacterium;s__Bifidobacterium_bifidum	k__Bacteria;p__Firmicutes;c__Negativicutes;o__Veillonellales;f__Veillonellaceae;g__Dialister;s__Dialister_invisus	k__Bacteria;p__Bacteroidetes;c__Bacteroidia;o__Bacteroidales;f__Bacteroidaceae;g__Bacteroides;s__Bacteroides_salanitronis
k__Bacteria;p__Bacteroidetes;c__Bacteroidia;o__Bacteroidales;f__Bacteroidaceae;g__Bacteroides;s__Bacteroides_vulgatus	1.0	-0.00564779420715	0.0261785126627	-0.0123733351331	-0.0384267953754	-0.0292144250939	-0.0125905780577	0.0194415909077	0.0614253864037	0.000823646978637	-0.0337319898771	-0.00701655613587	-0.0321612056663	0.0419599992168	0.0345420207405	-0.0148289148887	-0.025321576254	-0.0850491865431	-0.0490520738982	-0.00975674492917	-0.141267883945	-0.0414850611534	-0.0278824472084	0.00878255560201	-0.0079560687026	0.0223448425018	-0.0261277024842	0.0138276015898	-0.000571770999698	-0.0343988778779	0.003699808505	-0.0109892055064	0.0190300420164	-0.0497105518334	-0.0213639105517	0.0179296703454	-0.0559052861465	0.0284348724448	-0.0143805077378	-0.0414785751243	0.00305595119207	-0.0506768825081	-0.034320596943	0.00384398020241	0.0304421451003	0.00697155322099	0.00981465107235	0.0202816800452	-0.0273280577808	-0.00897918321439	-0.0185591876398	0.000140015627871	-0.00788817478706	-0.0154532810949	-0.0182792260054	-0.0139700679687	-0.00431363500376	0.0338413572859	-0.0102502590629
k__Bacteria;p__Bacteroidetes;c__Bacteroidia;o__Bacteroidales;f__Bacteroidaceae;g__Bacteroides;s__Bacteroides_uniformis	-0.00564779420715	1.0	0.0475784498731	-0.0128392758113	0.010321431762	0.00904103591838	0.0325538890083	-0.0449852436373	0.0415144791915	-0.0377638026569	0.0265257254864	-0.0261732854923	0.000195665493337	-0.0487398276994	-0.0210988738524	-0.0679546021525	0.0248843493621	-0.036432259197	-0.0419411461471	-0.0207830616539	-0.0301256029502	-0.00265855174158	-0.00306046909964	0.0148876593503	0.00649157745398	-0.0315398347926	-0.00452546538276	0.000908071664003	0.0186829653968	-0.0745276898589	-0.0565807606602	-0.00714560050521	-0.0119553814444	0.0217607456576	-0.0120131369477	-0.0210035386387	0.01501581517	0.0136672028611	-0.0676353255822	0.0122619922103	-0.0123002926567	-0.0228603275326	-0.0365266744554	0.00881571672933	0.0494688272382	-0.00549168211568	-0.0413063987958	-0.00851792796741	0.02101608196	-0.00969466383281	0.0645400952484	0.0046955876649	-0.0220146023158	-0.011677249608	-0.00435359598237	0.0305441356853	-0.0165452433248	0.00988369683451	0.0115693232083
k__Bacteria;p__Bacteroidetes;c__Bacteroidia;o__Bacteroidales;f__Rikenellaceae;g__Alistipes;s__Alistipes_putredinis	0.0261785126627	0.0475784498731	1.0	-0.0145412064477	0.0253504928753	0.0090516673444	-0.00384618864133	0.00230118609014	0.0314307137851	-0.0326172993703	-0.0263421143271	0.000173189038809	-0.0659543362709	-0.0492596441747	-0.0180296488511	-0.00586328239434	-0.00883039521073	0.00378899827146	-0.0902277037249	0.019820375185	-0.0209169898889	-0.0734659945891	-0.00653191889805	-0.0442185741395	-0.00963687442786	0.0563718216793	-0.0158842817304	-0.0277716906829	-0.0212076927157	0.0416252050697	-0.0303898439333	-0.0565527131762	-0.00577306010714	0.0220102991762	-0.00595982134951	0.00926236722512	-0.00250501852334	0.0646142123183	-0.0250684274655	0.0263058346368	-0.0204889058809	0.0823335724859	0.0328391023886	0.0110401688913	-0.0388282197637	0.034248255445	-0.0864606524913	0.0165730628852	-0.0124842682743	0.0066416227579	0.0123902801768	-0.00960599307187	-0.0253843005134	-0.00147185342735	-0.0410055863655	0.00981137687964	-0.00553223301893	-0.0544121992918	-0.0197266469292
k__Bacteria;p__Bacteroidetes;c__Bacteroidia;o__Bacteroidales;f__Prevotellaceae;g__Prevotella;s__Prevotella_copri	-0.0123733351331	-0.0128392758113	-0.0145412064477	1.0	-0.0472610843657	-0.0407063483348	-0.0245424057546	-0.0379761192211	-0.0235762218734	0.00977035195365	0.0347898890561	-0.0575353782251	-0.00663747542858	0.0298441771406	-0.0013622582107	-0.0302945726807	-0.0627258112207	-0.0421757014987	-0.0330820329112	0.0189214576248	0.041921970386	0.00418466238391	-0.0104974751749	0.0163416536739	-0.0366278941708	-0.0505574165009	0.00786930688195	0.0152444410432	0.0441782344562	0.00627546294533	0.000984083708004	0.0430380002967	0.020321995133	-0.0181212045118	-0.0104137616148	-0.0559548254111	-0.000881830656922	-0.0422229246101	-0.0142962054662	-0.0138565988367	-0.0293562227554	0.0529115925652	-0.00694812951764	-0.0333996121697	0.0131305630287	-0.012517821456	-0.0243391675837	-0.0823225604808	-0.00830210813196	-0.0146016116087	-0.0391213186046	-0.0323304311916	0.0207413480136	0.0243312356186	0.0256656344421	-0.0136758864378	-0.0104220380013	-0.0397026186302	0.0154978643655
k__Bacteria;p__Bacteroidetes;c__Bacteroidia;o__Bacteroidales;f__Bacteroidaceae;g__Bacteroides;s__Bacteroides_stercoris	-0.0384267953754	0.010321431762	0.0253504928753	-0.0472610843657	1.0	0.00624315268116	0.0122480275855	0.0160474291167	0.0176724479891	-0.000709602849956	0.0220298117606	-0.0380313763949	-0.0578410121331	-0.0297473085685	0.00474916609785	0.0019646968269	0.0124037734437	0.0625143398148	0.014878079784	0.0179314663059	0.032931906885	-0.0138124896178	0.0435543784483	-0.00571293224521	-0.0289913198545	-0.0035326448615	0.00275052347829	-0.0316545928723	-0.0356598989852	-0.0400096513386	-0.0221979098603	-0.00528983515994	-0.0584827165125	-0.0235662635577	-0.0354133409108	-0.0372091668121	0.00828784557811	-0.0387447407908	-0.0019321541465	-0.00473060674105	-0.0702449672254	0.0214514126442	-0.00218963247159	-0.0394231770937	-0.00750178834974	-0.0514212557661	-0.0463982399291	-0.00761801590098	0.0160126225693	-0.0217626423067	-0.0417515252345	-0.0697936377253	0.00185666089675	-0.0171061453963	-0.001335694534	-0.00602599738949	-0.0199540452452	0.0225548554557	-0.0617229551043
k__Bacteria;p__Bacteroidetes;c__Bacteroidia;o__Bacteroidales;f__Bacteroidaceae;g__Bacteroides;s__Bacteroides_ovatus	-0.0292144250939	0.00904103591838	0.0090516673444	-0.0407063483348	0.00624315268116	1.0	0.0372861072003	0.0737843916366	-0.0298061525362	-0.010182643327	-0.00792031337145	0.00279473570067	-0.00780531801124	-0.033058056647	0.00230596337012	0.00151175218119	-0.0245610576585	-0.00842304637414	-0.0247533565436	-0.0521531209484	0.024740609521	0.0157667342304	-0.00249490216116	-0.0248659456149	-0.0305800068593	-0.00836840912584	0.0183498297804	0.0310435173788	0.00187528851267	0.0239220632539	-0.0597135511179	-0.0242873438229	-0.0297433624887	-0.0149644144338	-0.0280936966727	0.0152800286495	-0.0742105215304	0.0471211962149	-0.0548836702006	-0.0826672873454	-0.0288964079788	-0.00333268906269	0.0125663424404	0.00617757780237	-0.061840431574	0.024825420325	0.0285339323867	0.0291321580819	0.0604105539141	-0.00881926811802	-0.0108369918416	-0.0457635587485	0.00028030573437	-0.0188532878474	-0.022139190595	-0.0320651247144	-0.0373896340014	-0.00473488563556	-0.00383507656543
k__Bacteria;p__Bacteroidetes;c__Bacteroidia;o__Bacteroidales;f__Rikenellaceae;g__Alistipes;s__Alistipes_shahii	-0.0125905780577	0.0325538890083	-0.00384618864133	-0.0245424057546	0.0122480275855	0.0372861072003	1.0	0.0583092587572	-0.000873218245047	-0.0277278825768	0.0159367849999	0.00406678423651	-0.0620062461048	-0.0117454800827	0.0224756142937	0.00713341152259	-0.00896956956255	0.0444603584993	-0.049192602616	0.0427756112209	0.0118748458392	0.00678220746554	0.000551989816862	-0.0382293445901	-0.00630747982607	0.00499757766282	-0.00530683964549	0.00373761267223	0.0513125678685	-0.0306107287941	-0.0298353070398	0.00144850250332	0.0617287478931	-0.00641489168628	-0.00871341005871	0.0241898421471	-0.00672336009542	-0.0726835429436	-0.0425494860874	-0.0440925197398	-0.0531989309776	-0.0222260693237	-0.026722134493	-0.00118956379094	-0.0522570245151	-0.0103902831888	-0.00377906963714	-0.0274910618546	0.0121804491599	0.0219152195514	0.0279710620536	-0.0564397295265	-0.0244408198601	0.0197478516405	-0.086118898319	-0.0578276471057	0.0143061097077	-0.0111183690742	0.0388055763302
k__Bacteria;p__Firmicutes;c__Clostridia;o__Clostridiales;f__Ruminococcaceae;g__Faecalibacterium;s__Faecalibacterium_prausnitzii	0.0194415909077	-0.0449852436373	0.00230118609014	-0.0379761192211	0.0160474291167	0.0737843916366	0.0583092587572	1.0	-0.000349494790695	0.00540165516669	-0.0363888238592	-0.0310624519284	-0.0356931743276	0.0143461923319	0.070502941223	-0.00738155061813	0.0871567138826	-0.00573038267627	-0.0181554382288	0.0341218887972	0.0299050775129	0.0422525612681	-0.066247059748	0.0212998475067	-0.0252441551788	0.00159732275341	-0.0602558440352	-0.0181759285391	-0.0485921547002	-0.0217277216716	0.00508676891371	-0.044617719444	-0.0605028709015	0.00983332447817	0.0170178462049	-0.0178910547238	0.0523098943384	-0.0471704992037	-0.0738182501727	-0.0595377439288	-0.0847033838599	-0.0316225822824	-0.0212729223624	-0.0335793687063	-0.0133076481096	-0.0081359030421	-0.0206058871983	0.0149640277102	-0.0111370412481	-0.068363492855	-0.0243793425655	0.069945051279	0.0304636291577	-0.00104225157256	0.0385155933472	-0.0490942689912	-0.0134316089185	-0.0571147514211	0.0386400358531
k__Bacteria;p__Bacteroidetes;c__Bacteroidia;o__Bacteroidales;f__Rikenellaceae;g__Alistipes;s__Alistipes_finegoldii	0.0614253864037	0.0415144791915	0.0314307137851	-0.0235762218734	0.0176724479891	-0.0298061525362	-0.000873218245047	-0.000349494790695	1.0	-0.0203948070622	-0.0631159099521	-0.00460237049107	0.0104895475442	-0.0418265475297	-0.0228733106989	-0.048102136555	-0.0134471754034	-0.026064075676	-0.00187216781259	-0.00387170866197	-0.0146924751175	-4.56789304671e-05	-0.0105028109921	-0.0213335158083	-0.011576522607	-0.0886828720832	0.00800148997473	0.0114124394109	0.0239788183222	-0.0181429378941	-0.0463687255692	-0.00792296658834	-0.0434360059675	0.0594740513809	-0.0342047182979	0.0266198716826	0.0122699393639	0.00262797310196	4.36803403866e-05	0.0246663653193	-0.0227792270038	-0.0174412306916	-0.0609950049987	0.0471933458404	-0.043335666792	0.0283472268502	-0.0654660939814	0.0326845460322	0.00434246781122	-0.0665379361848	-0.0334772373949	0.0400363856306	-0.0173111387526	-0.0202058182525	-0.0462340679633	0.0319651804061	0.0169866970556	0.0198705966173	-0.0403735228817
k__Bacteria;p__Bacteroidetes;c__Bacteroidia;o__Bacteroidales;f__Porphyromonadaceae;g__Parabacteroides;s__Parabacteroides_distasonis	0.000823646978637	-0.0377638026569	-0.0326172993703	0.00977035195365	-0.000709602849956	-0.010182643327	-0.0277278825768	0.00540165516669	-0.0203948070622	1.0	-0.0376890269337	0.0027048925581	-0.0742972490385	-0.0126637660392	-0.0473080488413	-0.0594661800039	0.00255120427026	-0.0214318486556	-0.0472986758518	0.00582812144664	-0.0203001169516	-0.0114510801753	0.0635878751501	-0.064251887974	0.00128056322826	-0.0613809944355	-0.0229886156885	0.00689123142075	-0.0581513242429	0.0232846265145	0.0467620086963	0.0105642507878	0.014664096657	-0.0297087814756	0.00169774780304	0.0302262122668	-0.0179377820933	0.0066043379129	0.0421902174964	0.00685328577435	0.0527802961034	-0.0514223899028	0.0569345264847	0.0289770876985	0.0244945938712	-0.00443332327293	-0.0594155882205	-0.0349339477064	0.00383576413975	0.0465021343909	0.0176244052709	-0.0328456158631	-0.00399668476405	-0.00213846500848	0.0393422994968	-0.00978020179439	0.0429100863296	0.0137916685483	-0.0211713231744
k__Bacteria;p__Bacteroidetes;c__Bacteroidia;o__Bacteroidales;f__Bacteroidaceae;g__Bacteroides;s__Bacteroides_thetaiotaomicron	-0.0337319898771	0.0265257254864	-0.0263421143271	0.0347898890561	0.0220298117606	-0.00792031337145	0.0159367849999	-0.0363888238592	-0.0631159099521	-0.0376890269337	1.0	0.035796809104	-0.0351160196852	0.0136302552294	-0.00188336092561	0.00477764358472	0.0457324537366	-0.0799509948526	-0.0499975655351	0.0067408143515	-0.0385099789315	0.0400091285571	0.0434226352736	0.0326315574282	-0.022546250818	0.00190462885424	-0.0168262868727	0.0425342364343	-0.097572932689	0.0869337121775	-0.0391042966977	-0.0586715482447	-0.0607183395302	-0.000222777311142	-0.00966768546883	0.00217742249608	0.0246002138434	-0.0387084417336	-0.0453897543857	0.0365812558324	-0.0232310527358	0.00470148466783	0.0252400533159	-0.0626433561024	-0.0180201564307	-0.0427646237079	0.00333617654082	0.00098900958979	0.0996672593564	0.00257654519526	-0.073659995218	-0.00148392120155	0.0284852732842	-0.0351662357857	0.0286803012906	-0.0452142521828	-0.0453728265102	-0.0363960911992	-0.055163645827
k__Bacteria;p__Bacteroidetes;c__Bacteroidia;o__Bacteroidales;f__Bacteroidaceae;g__Bacteroides;s__Bacteroides_coprocola	-0.00701655613588	-0.0261732854923	0.000173189038809	-0.0575353782251	-0.0380313763949	0.00279473570067	0.00406678423651	-0.0310624519284	-0.00460237049107	0.00270489255809	0.035796809104	1.0	-0.0474977024604	-0.0293764535923	-0.00240441184462	0.0459680387009	-0.0306260584109	-0.0215032175886	-0.0346566216752	-0.0212853688265	-0.0281087575748	-0.00923909422598	0.0332145576304	-0.0305899747599	0.0564122436269	0.044200643736	-0.00474267731052	0.0135159996405	-0.0323958479177	-0.0102014882146	-0.0132885985577	-0.0173829957986	0.0872943466495	-0.0325270353205	-0.0347930297313	0.0285944395093	0.0185670198521	0.0110353695413	0.0154287089527	0.015033778729	0.020099173938	-0.0613534217266	-0.00980212092633	-0.0197768958128	-0.0346862746104	-0.00840705261197	0.0406186615509	-0.015315065814	-0.0152360015546	0.00410696974668	-0.0550481569597	0.0146923397571	0.0148142227535	-0.0471990193802	-0.0045653879396	0.0201936958326	-0.0770890459014	0.0692667963821	-0.0315655956113
k__Bacteria;p__Bacteroidetes;c__Bacteroidia;o__Bacteroidales;f__Bacteroidaceae;g__Bacteroides;s__Bacteroides_cellulosilyticus	-0.0321612056663	0.000195665493337	-0.0659543362709	-0.00663747542858	-0.0578410121331	-0.00780531801124	-0.0620062461048	-0.0356931743276	0.0104895475442	-0.0742972490385	-0.0351160196852	-0.0474977024604	1.0	-0.0331073488195	0.0445682087609	-0.0308166003162	-0.0583275407388	0.0366947971675	0.0229876463982	-0.0324075129392	0.0612344099447	-0.0287104255645	-0.037969452334	0.0143796479652	0.0305331690883	0.0210517508823	-0.0334486314273	-0.0364884862832	0.00677660143606	-0.0143257121383	0.0424327477216	-9.29541850764e-05	0.00623505087213	0.0175982582961	-0.0587933327577	0.093988726674	0.0324569519826	0.0422386608318	0.0152379541009	-0.044151280853	-0.049885629429	0.0168910762147	0.0538935523036	-0.0449341457799	0.0529641764279	0.105819375003	-0.0200478358078	-0.000355350235282	-0.00385922976952	-0.00277811623778	-0.0387689611411	-0.013810794378	0.018923184895	0.0800216999459	-0.00321954757623	-0.0570795768933	-0.013552293781	-0.0693737078922	-0.00905708831083
k__Bacteria;p__Bacteroidetes;c__Bacteroidia;o__Bacteroidales;f__Rikenellaceae;g__Alistipes;s__Alistipes_obesi	0.0419599992168	-0.0487398276994	-0.0492596441747	0.0298441771406	-0.0297473085685	-0.033058056647	-0.0117454800827	0.0143461923319	-0.0418265475297	-0.0126637660392	0.0136302552294	-0.0293764535923	-0.0331073488195	1.0	-0.0116052727036	0.000195943798446	0.00947698822628	0.0236320192377	-0.0132639074436	0.0767824996921	0.0275759382225	-0.0422438063459	0.0359164176729	0.00547891381376	0.0304194940071	-0.0890340767066	0.006240940249	-0.0296665806731	-0.0152908976776	-0.0299719058611	-0.0567915858289	-0.040859950881	0.00568542158247	-0.0990772760193	0.0238451738746	-0.00766016257007	0.0092095509928	-0.0804875141468	0.0185085824679	0.00554465305448	0.000523459035986	-0.0045367542599	0.0107319282565	0.0278579027102	0.013673095345	-0.0641663165595	-6.63473170472e-05	-0.0451870056207	0.00690353518401	0.0262325970418	-0.00587933135562	0.0822067981595	0.0456877717008	-0.0104851065694	-0.0182222284008	-0.0316444219609	0.00669609125289	0.00461707687564	-0.0272417503367
k__Bacteria;p__Firmicutes;c__Clostridia;o__Clostridiales;f__Lachnospiraceae;g__;s__[Eubacterium]_rectale	0.0345420207405	-0.0210988738524	-0.0180296488511	-0.0013622582107	0.00474916609785	0.00230596337012	0.0224756142937	0.070502941223	-0.0228733106989	-0.0473080488413	-0.00188336092561	-0.00240441184462	0.0445682087609	-0.0116052727036	1.0	-0.0526434319243	0.0377668141784	0.0101602287523	-0.00546872549598	-0.0198648034386	-0.0284361770956	-0.050707349745	0.0053097196084	0.0409799318935	0.0085093129083	-0.0637016144731	0.0943716525193	-0.0204280162212	-0.0048840299739	-0.0232059328581	-0.0253571590815	-0.0118427029251	-0.0382867088249	0.0343912617529	0.035373351302	0.0757489189347	0.060655021279	-0.0625561935027	-0.0307947696733	0.00636970615085	-0.0509119267039	-0.0270949950577	-0.016069946275	-0.0321721192857	-0.017534809144	-0.0490580440717	0.0231399237787	-0.0178917523343	-0.0255459311784	-0.00438287677608	-0.0478295806736	0.0214874253723	0.0117546345973	-0.0694500545519	-0.0323844966704	-0.0404402181958	-0.0045754393535	-0.0297559274987	0.0179738986258
k__Bacteria;p__Bacteroidetes;c__Bacteroidia;o__Bacteroidales;f__Bacteroidaceae;g__Bacteroides;s__Bacteroides_plebeius	-0.0148289148887	-0.0679546021525	-0.00586328239434	-0.0302945726807	0.0019646968269	0.00151175218119	0.00713341152259	-0.00738155061813	-0.048102136555	-0.0594661800039	0.00477764358472	0.0459680387009	-0.0308166003162	0.000195943798446	-0.0526434319243	1.0	-0.068925946784	-0.0494762554823	-0.035426413158	0.0216849319108	0.0270581462309	0.0105101204969	0.0860408011636	-0.0474005887829	0.0201629350924	-0.0275491067873	-0.00115874087068	0.00617626879363	0.0232347265754	0.103761185793	0.00648386854857	0.00856658901069	-0.0106731369803	0.00762984716864	-0.0114848174291	0.0111869226581	-0.0052585141172	-0.0584305105723	-0.0350047801498	0.00455677743126	-0.0566440277455	-0.0382346984924	-0.0418972029575	-0.0275820233757	-0.0381905896871	0.023832748059	-0.0371518598139	-0.0270244345858	-0.00463111236994	0.0571682109141	-0.0520926889219	-0.0250379541653	-0.034649349755	-0.039049710722	-0.0279504738609	0.0420351359007	-0.0412565207098	0.00927343001979	0.0235525196877
k__Bacteria;p__Bacteroidetes;c__Bacteroidia;o__Bacteroidales;f__Bacteroidaceae;g__Bacteroides;s__Bacteroides_fragilis	-0.025321576254	0.0248843493621	-0.00883039521073	-0.0627258112207	0.0124037734437	-0.0245610576585	-0.00896956956255	0.0871567138826	-0.0134471754034	0.00255120427026	0.0457324537366	-0.0306260584109	-0.0583275407388	0.00947698822628	0.0377668141784	-0.068925946784	1.0	0.00454007487058	0.0406929081667	0.0283357190507	-0.050246235547	-7.18122167284e-05	-0.0232401974493	0.00747070446736	0.0219453314771	0.0389769517138	0.0564682209967	-0.0515540765524	-0.0225429123898	0.00682456302793	-0.0743281515721	-0.00714805269721	-0.0413738049114	0.0210988510855	-0.00879549702102	-0.0342863333196	-0.0125451318369	-0.0269350130319	-0.0157157358706	-0.00976906629593	-0.010755340812	0.0565218316431	-0.0225046797045	-0.0083394230355	0.00337477567971	-0.0378643371712	0.0169009657123	-0.0469888846174	-0.00219516260611	-0.0110738420392	0.00944111031725	-0.00538176905179	-0.044544443499	-0.0372460217222	0.0544615974	0.00465025767758	0.0302173483235	-0.00374578199648	0.0260893086256
k__Bacteria;p__Proteobacteria;c__Betaproteobacteria;o__Burkholderiales;f__Sutterellaceae;g__Sutterella;s__Sutterella_wadsworthensis	-0.0850491865431	-0.036432259197	0.00378899827146	-0.0421757014987	0.0625143398148	-0.00842304637414	0.0444603584993	-0.00573038267627	-0.026064075676	-0.0214318486556	-0.0799509948526	-0.0215032175886	0.0366947971675	0.0236320192377	0.0101602287523	-0.0494762554823	0.00454007487058	1.0	0.00262751789501	0.0385216524425	0.00761770145509	-0.0227239877216	-0.0191409119681	0.0241888265473	0.00352260013633	0.0049114614212	0.00149445765448	0.0407263209211	0.0361705266612	-0.0195117169717	-0.0582106008342	-0.0178102184932	-0.0395070951021	-0.0122195898052	-0.0390469208643	-0.0482285068217	-0.0226489026666	-0.00761326299569	-0.0751378829829	-0.00647638747436	0.011755130863	0.00391140334687	-0.0218501966797	-0.0161239225568	-0.0160637929022	0.0402599778217	0.0159876197822	0.0285122945429	-0.0530246366741	-0.0442234389058	0.0100241597373	0.00165815895409	-0.0377909784736	0.0059948378494	-0.0193947089138	-0.0233215603956	0.0748846546059	0.00252180733962	-0.0428223339376
k__Bacteria;p__Bacteroidetes;c__Bacteroidia;o__Bacteroidales;f__Porphyromonadaceae;g__Barnesiella;s__Barnesiella_intestinihominis	-0.0490520738982	-0.0419411461471	-0.0902277037249	-0.0330820329112	0.014878079784	-0.0247533565436	-0.049192602616	-0.0181554382288	-0.00187216781259	-0.0472986758518	-0.0499975655351	-0.0346566216752	0.0229876463982	-0.0132639074436	-0.00546872549598	-0.035426413158	0.0406929081667	0.00262751789501	1.0	0.00982832687715	-0.0145627626671	0.0551870769771	0.0212156726087	-0.0118982228524	-0.0230676153417	0.00930548287119	-0.0241597304704	0.0167656836906	-0.00495178023352	0.0141798140093	-0.0314282715289	-0.0480100469182	-0.0203222113718	-0.0173698987103	0.0746367771513	-0.00853449270948	0.0437667940939	-0.0189036186877	-0.0464793948328	-0.0135620711085	-0.0333492431608	0.0414621478469	-0.00438387775642	-0.0121947000603	0.0193512803649	-0.00800293444726	-0.0226845217501	0.0217025590444	-0.0797366460278	-0.00985976580172	0.00156868729226	-0.0357816907021	-0.0298650269138	0.0456260273244	-0.00849627104738	0.028906951586	0.024871084413	0.051872913709	-0.0038255193431
k__Bacteria;p__Bacteroidetes;c__Bacteroidia;o__Bacteroidales;f__Odoribacteraceae;g__Odoribacter;s__Odoribacter_splanchnicus	-0.00975674492917	-0.0207830616539	0.019820375185	0.0189214576248	0.0179314663059	-0.0521531209484	0.0427756112209	0.0341218887972	-0.00387170866197	0.00582812144664	0.0067408143515	-0.0212853688265	-0.0324075129392	0.0767824996921	-0.0198648034386	0.0216849319108	0.0283357190507	0.0385216524425	0.00982832687715	1.0	-0.0464210318809	-0.0488722131726	-0.0808262601576	-0.00523823410582	0.0442685997464	0.0101806961737	0.0364770977858	-0.0243456092414	0.0437757893318	-0.061289269582	0.0212367218626	0.0067033575269	-0.065120097393	-0.000710663581238	-0.0136150827618	0.00800269823251	0.0286635058916	0.0154765983861	-0.0360602476013	-0.00433559699474	-0.00585982076995	-0.00404153875158	0.00553180059221	0.0428484631888	-0.0135313344204	-0.0673903643699	-0.0230970881161	-0.0563662159044	0.0335354654867	-0.0536188076777	-0.0275449562624	-0.0598448175191	0.0725496138882	-0.0656459924429	-0.0173533865448	-0.0818710637861	0.0109358990049	0.00668164890037	0.0225466124634
k__Bacteria;p__Bacteroidetes;c__Bacteroidia;o__Bacteroidales;f__Bacteroidaceae;g__Bacteroides;s__Bacteroides_salyersiae	-0.141267883945	-0.0301256029502	-0.0209169898889	0.041921970386	0.032931906885	0.024740609521	0.0118748458392	0.0299050775129	-0.0146924751175	-0.0203001169516	-0.0385099789315	-0.0281087575748	0.0612344099447	0.0275759382225	-0.0284361770956	0.0270581462309	-0.050246235547	0.00761770145509	-0.0145627626671	-0.0464210318809	1.0	0.026895666484	-0.0534499589324	0.000441503821332	0.0429063346498	-0.0410202995416	-0.0454501010938	-0.0359039885125	-0.0218583259962	0.0335756556992	-0.042439034429	0.030424716586	0.0163420407376	-0.0127054665289	-0.0428147022373	-0.00926737051988	-0.0128236077868	0.000819789898044	-0.0452746547071	-0.00145525440595	-0.0230494923903	-0.0356963032577	-0.0093881148808	0.072139886561	0.0497675092311	-0.00612964142545	-0.0423132373799	-0.0589324531268	-0.0700980424834	0.0025928015206	-0.00516835366615	-0.0191530943966	0.0784906734357	-0.0173124518895	0.0169310012675	-0.0485129019623	0.0128725224478	-0.0405941010936	-0.0399715462785
k__Bacteria;p__Firmicutes;c__Clostridia;o__Clostridiales;f__Ruminococcaceae;g__Ruminiclostridium;s__[Eubacterium]_siraeum	-0.0414850611534	-0.00265855174158	-0.0734659945891	0.00418466238391	-0.0138124896178	0.0157667342304	0.00678220746554	0.0422525612681	-4.5678930467e-05	-0.0114510801753	0.0400091285571	-0.00923909422598	-0.0287104255645	-0.0422438063459	-0.050707349745	0.0105101204969	-7.18122167285e-05	-0.0227239877216	0.0551870769771	-0.0488722131726	0.026895666484	1.0	0.0434120183249	0.0281729012963	-0.0475314159451	0.0091700818371	0.0292907529595	0.0546286433725	-0.0106618109897	-0.000720023199119	-0.0426074739432	-0.0434460030345	0.00834734153675	-0.0181680723701	0.00545316309142	-0.0320306777749	-0.0464673931897	0.0463038284173	-0.00376230481835	0.0198413171459	0.0178486591777	-0.0472329300423	-0.0330781251221	0.000733729533985	-0.0298787491843	-0.0508231273558	-0.0169999357764	0.0104596437191	0.0478973042298	-0.0298885708751	0.0216591385699	0.0288535878447	-0.0661580346565	0.024539036021	0.0369615721172	-0.00168942874591	-0.0139310342102	-0.0674104329036	0.00360345386785
k__Bacteria;p__Proteobacteria;c__Betaproteobacteria;o__Burkholderiales;f__Sutterellaceae;g__Parasutterella;s__Parasutterella_excrementihominis	-0.0278824472084	-0.00306046909964	-0.00653191889805	-0.0104974751749	0.0435543784483	-0.00249490216116	0.000551989816862	-0.066247059748	-0.0105028109921	0.0635878751501	0.0434226352736	0.0332145576304	-0.037969452334	0.0359164176729	0.0053097196084	0.0860408011636	-0.0232401974493	-0.0191409119681	0.0212156726087	-0.0808262601576	-0.0534499589324	0.0434120183249	1.0	0.0167604703276	-0.0146031315584	0.0125321216725	0.0554244189868	-0.0131438677515	-0.0402462552566	-0.00225711469852	0.0112728278389	-0.0270444796071	-0.0101526399415	-0.0298043506465	-0.00101027152591	0.0153004015503	-0.0400138471511	-0.0129482633288	-0.00883619199857	0.0407757013978	-0.0456049020011	0.0432980594901	-0.0148449578904	-0.0631266389192	-0.0265631741982	-0.0178207733577	-0.00894588042401	0.0731662118495	0.0031704471911	0.00224307890894	0.00556625508856	-0.0533472011522	-0.00113094923785	0.0128060511711	-0.030122664386	-0.0419823899329	-0.0154499933414	-0.0404222198408	0.0160146659534
k__Bacteria;p__Actinobacteria;c__Actinobacteria;o__Bifidobacteriales;f__Bifidobacteriaceae;g__Bifidobacterium;s__Bifidobacterium_adolescentis	0.00878255560201	0.0148876593503	-0.0442185741395	0.0163416536739	-0.00571293224521	-0.0248659456149	-0.0382293445901	0.0212998475067	-0.0213335158083	-0.064251887974	0.0326315574282	-0.0305899747599	0.0143796479652	0.00547891381376	0.0409799318935	-0.0474005887829	0.00747070446736	0.0241888265473	-0.0118982228524	-0.00523823410582	0.000441503821332	0.0281729012963	0.0167604703276	1.0	0.0396900278752	-0.0180765005817	-0.0604296487618	0.0209295891166	0.00548049043438	-0.0311022725939	-0.0300186563926	-0.0282315092673	0.000200752942955	-0.0123491186678	0.0287170923358	-0.0326984047237	0.0388466370688	0.0206120665084	-0.0428521657489	-0.0264635066911	-0.0365342347926	0.0384189473914	0.0233331302869	-0.0397901353391	-0.00209880246278	0.0346648823087	-0.0215319138184	-0.0640585307791	0.00775370624664	-0.0191593946113	0.0256107137404	0.0151842813383	0.0219390384648	0.0106548958937	-0.0416499472336	-0.0685488047759	-0.00655129827255	0.00831946612329	0.00211373988191
k__Bacteria;p__Firmicutes;c__Clostridia;o__Clostridiales;f__Oscillospiraceae;g__Oscillibacter;s__Oscillibacter_sp._KLE_1745	-0.0079560687026	0.00649157745398	-0.00963687442786	-0.0366278941708	-0.0289913198545	-0.0305800068593	-0.00630747982607	-0.0252441551788	-0.011576522607	0.00128056322826	-0.022546250818	0.0564122436269	0.0305331690883	0.0304194940071	0.0085093129083	0.0201629350924	0.0219453314771	0.00352260013633	-0.0230676153417	0.0442685997464	0.0429063346498	-0.0475314159451	-0.0146031315584	0.0396900278752	1.0	-0.041732327759	-0.0520623768892	-0.0414709105089	-0.0574043177186	-0.0235459712028	-0.0410129518728	-0.0142958654823	0.0316610900136	-0.0359469675353	0.0309521529784	0.0473759114984	-0.0431105957073	-0.0282384098824	-0.00815967545904	0.0173731341267	-0.0653845387276	-0.024532487559	-0.000222943226143	0.0577180860919	-0.0158472606268	0.0322292455572	-0.0292324169755	-0.0240866857753	-0.0287070152047	0.0632297451846	0.0422728538599	0.00773828140494	-0.00722631533625	-0.0744383784568	-0.00636453083607	0.00815161700536	-0.0370561348262	-0.0155144207232	-0.00325837468466
k__Bacteria;p__Bacteroidetes;c__Bacteroidia;o__Bacteroidales;f__Bacteroidaceae;g__Bacteroides;s__Bacteroides_coprophilus	0.0223448425018	-0.0315398347926	0.0563718216793	-0.0505574165009	-0.0035326448615	-0.00836840912584	0.00499757766282	0.00159732275341	-0.0886828720832	-0.0613809944355	0.00190462885424	0.044200643736	0.0210517508823	-0.0890340767066	-0.0637016144731	-0.0275491067873	0.0389769517138	0.0049114614212	0.00930548287119	0.0101806961737	-0.0410202995416	0.0091700818371	0.0125321216725	-0.0180765005817	-0.041732327759	1.0	-0.0372503944831	0.026294583665	0.0285924559017	0.023656757033	0.0360103915649	0.0214794112218	0.00237874062591	-0.00765323537104	-0.00141248830302	0.0255458217437	-0.00962131543059	-0.0696550571547	0.039530790787	-0.0688467975235	-0.062671507711	-0.0179255985649	-0.000671874054036	0.0141747949395	0.0156970882033	-0.0361287775066	0.0192935431588	-0.0127757296529	0.0287046905938	-0.0179883651346	0.0250655010281	-0.0217941725113	-0.0478750640177	0.0071596272372	-0.0134050844623	-0.0645966262268	-0.00731318871599	-0.0216214560045	0.0363640890801
k__Bacteria;p__Firmicutes;c__Clostridia;o__Clostridiales;f__Lachnospiraceae;g__Roseburia;s__Roseburia_intestinalis	-0.0261277024842	-0.00452546538276	-0.0158842817304	0.00786930688195	0.00275052347829	0.0183498297804	-0.00530683964549	-0.0602558440352	0.00800148997473	-0.0229886156885	-0.0168262868727	-0.00474267731052	-0.0334486314273	0.006240940249	0.0943716525193	-0.00115874087068	0.0564682209967	0.00149445765448	-0.0241597304704	0.0364770977858	-0.0454501010938	0.0292907529595	0.0554244189868	-0.0604296487618	-0.0520623768892	-0.0372503944831	1.0	-0.0222347772163	0.0222157550171	-0.00981205508263	0.00667260212127	0.0264333750179	0.00742225041361	-0.0346288288639	-0.0341487361189	-0.0164017899423	-0.0114966902577	-0.0584961956739	0.0538523864559	-0.02599463812	-0.0326235397052	-0.0305723632569	0.00823212145154	0.00864474287899	0.000511512240157	0.0165671557874	-0.00853195890271	-0.0136789084971	-0.0261559877552	-0.0253842608811	-0.0626927747009	0.0349751160025	-0.103692179442	-0.0070983683634	0.0201062340898	0.00638128076987	-0.0196127821059	0.0534448308345	0.0109967995224
k__Bacteria;p__Firmicutes;c__Clostridia;o__Clostridiales;f__Lachnospiraceae;g__Roseburia;s__Roseburia_hominis	0.0138276015898	0.000908071664003	-0.0277716906829	0.0152444410432	-0.0316545928723	0.0310435173788	0.00373761267223	-0.0181759285391	0.0114124394109	0.00689123142075	0.0425342364343	0.0135159996405	-0.0364884862832	-0.0296665806731	-0.0204280162212	0.00617626879363	-0.0515540765524	0.0407263209211	0.0167656836906	-0.0243456092414	-0.0359039885125	0.0546286433725	-0.0131438677515	0.0209295891166	-0.0414709105089	0.026294583665	-0.0222347772163	1.0	0.0223890162695	-0.0684786669752	0.00184993458734	-0.0664695464616	-0.0125679930078	-0.0298669816715	-0.00494509295286	-0.0372023403186	-0.0798026739826	0.0774923581059	-0.00311698112255	-0.0382543906521	0.0489956427031	0.00848399907182	-0.0102588876654	0.0203509767733	0.0091775170567	-0.0559076329573	-0.0172357577932	0.0473872769297	-0.0169624160719	-0.0042336236193	-0.0282963701658	0.00623721414629	-0.0927276187326	-0.00795770646996	0.00778224700062	0.0383223021829	0.024317678643	0.000657815227094	0.0028271450929
k__Bacteria;p__Bacteroidetes;c__Bacteroidia;o__Bacteroidales;f__Porphyromonadaceae;g__Parabacteroides;s__Parabacteroides_johnsonii	-0.000571770999698	0.0186829653968	-0.0212076927157	0.0441782344562	-0.0356598989852	0.00187528851267	0.0513125678685	-0.0485921547002	0.0239788183222	-0.0581513242429	-0.097572932689	-0.0323958479177	0.00677660143606	-0.0152908976776	-0.0048840299739	0.0232347265754	-0.0225429123898	0.0361705266612	-0.00495178023352	0.0437757893318	-0.0218583259962	-0.0106618109897	-0.0402462552566	0.00548049043438	-0.0574043177186	0.0285924559017	0.0222157550171	0.0223890162695	1.0	0.00219077907459	-0.0142667130242	-0.0615172422098	0.0214940714639	-0.0187305499849	0.0339330793829	-0.0231540121119	-0.0477346652143	-0.0187442177273	0.0241609679834	-0.0711331642347	-0.00941380657898	-0.0402026096755	0.00312155877749	-0.0325537598931	0.00550990938255	-0.0569703843863	-0.0300323217584	-0.0399343752025	-0.0147120515892	0.00320375341179	-0.0256620430624	-0.00580693528515	-0.0257596013903	0.0129221994596	-0.0160661450128	-0.0548428580066	0.000558967249513	0.0393894544045	0.0347988954803
