#taxonomy	k__Bacteria;p__Bacteroidetes;c__Bacteroidia;o__Bacteroidales;f__Bacteroidaceae;g__Bacteroides;s__Bacteroides_vulgatus	k__Bacteria;p__Bacteroidetes;c__Bacteroidia;o__Bacteroidales;f__Bacteroidaceae;g__Bacteroides;s__Bacteroides_uniformis	k__Bacteria;p__Bacteroidetes;c__Bacteroidia;o__Bacteroidales;f__Rikenellaceae;g__Alistipes;s__Alistipes_putredinis	k__Bacteria;p__Bacteroidetes;c__Bacteroidia;o__Bacteroidales;f__Prevotellaceae;g__Prevotella;s__Prevotella_copri	k__Bacteria;p__Bacteroidetes;c__Bacteroidia;o__Bacteroidales;f__Bacteroidaceae;g__Bacteroides;s__Bacteroides_stercoris	k__Bacteria;p__Bacteroidetes;c__Bacteroidia;o__Bacteroidales;f__Bacteroidaceae;g__Bacteroides;s__Bacteroides_ovatus	k__Bacteria;p__Bacteroidetes;c__Bacteroidia;o__Bacteroidales;f__Rikenellaceae;g__Alistipes;s__Alistipes_shahii	k__Bacteria;p__Firmicutes;c__Clostridia;o__Clostridiales;f__Ruminococcaceae;g__Faecalibacterium;s__Faecalibacterium_prausnitzii	k__Bacteria;p__Bacteroidetes;c__Bacteroidia;o__Bacteroidales;f__Rikenellaceae;g__Alistipes;s__Alistipes_finegoldii	k__Bacteria;p__Bacteroidetes;c__Bacteroidia;o__Bacteroidales;f__Porphyromonadaceae;g__Parabacteroides;s__Parabacteroides_distasonis	k__Bacteria;p__Bacteroidetes;c__Bacteroidia;o__Bacteroidales;f__Bacteroidaceae;g__Bacteroides;s__Bacteroides_thetaiotaomicron	k__Bacteria;p__Bacteroidetes;c__Bacteroidia;o__Bacteroidales;f__Bacteroidaceae;g__Bacteroides;s__Bacteroides_coprocola	k__Bacteria;p__Bacteroidetes;c__Bacteroidia;o__Bacteroidales;f__Bacteroidaceae;g__Bacteroides;s__Bacteroides_cellulosilyticus	k__Bacteria;p__Bacteroidetes;c__Bacteroidia;o__Bacteroidales;f__Rikenellaceae;g__Alistipes;s__Alistipes_obesi	k__Bacteria;p__Firmicutes;c__Clostridia;o__Clostridiales;f__Lachnospiraceae;g__;s__[Eubacterium]_rectale	k__Bacteria;p__Bacteroidetes;c__Bacteroidia;o__Bacteroidales;f__Bacteroidaceae;g__Bacteroides;s__Bacteroides_plebeius	k__Bacteria;p__Bacteroidetes;c__Bacteroidia;o__Bacteroidales;f__Bacteroidaceae;g__Bacteroides;s__Bacteroides_fragilis	k__Bacteria;p__Proteobacteria;c__Betaproteobacteria;o__Burkholderiales;f__Sutterellaceae;g__Sutterella;s__Sutterella_wadsworthensis	k__Bacteria;p__Bacteroidetes;c__Bacteroidia;o__Bacteroidales;f__Porphyromonadaceae;g__Barnesiella;s__Barnesiella_intestinihominis	k__Bacteria;p__Bacteroidetes;c__Bacteroidia;o__Bacteroidales;f__Odoribacteraceae;g__Odoribacter;s__Odoribacter_splanchnicus	k__Bacteria;p__Bacteroidetes;c__Bacteroidia;o__Bacteroidales;f__Bacteroidaceae;g__Bacteroides;s__Bacteroides_salyersiae	k__Bacteria;p__Firmicutes;c__Clostridia;o__Clostridiales;f__Ruminococcaceae;g__Ruminiclostridium;s__[Eubacterium]_siraeum	k__Bacteria;p__Proteobacteria;c__Betaproteobacteria;o__Burkholderiales;f__Sutterellaceae;g__Parasutterella;s__Parasutterella_excrementihominis	k__Bacteria;p__Actinobacteria;c__Actinobacteria;o__Bifidobacteriales;f__Bifidobacteriaceae;g__Bifidobacterium;s__Bifidobacterium_adolescentis	k__Bacteria;p__Firmicutes;c__Clostridia;o__Clostridiales;f__Oscillospiraceae;g__Oscillibacter;s__Oscillibacter_sp._KLE_1745	k__Bacteria;p__Bacteroidetes;c__Bacteroidia;o__Bacteroidales;f__Bacteroidaceae;g__Bacteroides;s__Bacteroides_coprophilus	k__Bacteria;p__Firmicutes;c__Clostridia;o__Clostridiales;f__Lachnospiraceae;g__Roseburia;s__Roseburia_intestinalis	k__Bacteria;p__Firmicutes;c__Clostridia;o__Clostridiales;f__Lachnospiraceae;g__Roseburia;s__Roseburia_hominis	k__Bacteria;p__Bacteroidetes;c__Bacteroidia;o__Bacteroidales;f__Porphyromonadaceae;g__Parabacteroides;s__Parabacteroides_johnsonii	k__Bacteria;p__Actinobacteria;c__Actinobacteria;o__Bifidobacteriales;f__Bifidobacteriaceae;g__Bifidobacterium;s__Bifidobacterium_longum	k__Bacteria;p__Firmicutes;c__Clostridia;o__Clostridiales;f__;g__Flavonifractor;s__Flavonifractor_plautii	k__Bacteria;p__Firmicutes;c__Clostridia;o__Clostridiales;f__Clostridiaceae;g__Clostridium;s__Clostridium_phoceensis	k__Bacteria;p__Verrucomicrobia;c__Verrucomicrobiae;o__Verrucomicrobiales;f__Akkermansiaceae;g__Akkermansia;s__Akkermansia_muciniphila	k__Bacteria;p__Bacteroidetes;c__Bacteroidia;o__Bacteroidales;f__Prevotellaceae;g__Paraprevotella;s__Paraprevotella_xylaniphila	k__Bacteria;p__Firmicutes;c__Clostridia;o__Clostridiales;f__Ruminococcaceae;g__Ruminococcus;s__Ruminococcus_callidus	k__Bacteria;p__Bacteroidetes;c__Bacteroidia;o__Bacteroidales;f__Rikenellaceae;g__Alistipes;s__Alistipes_senegalensis	k__Bacteria;p__Firmicutes;c__Clostridia;o__Clostridiales;f__Lachnospiraceae;g__Blautia;s__Blautia_sp._KLE_1732	k__Bacteria;p__Bacteroidetes;c__Bacteroidia;o__Bacteroidales;f__Bacteroidaceae;g__Bacteroides;s__Bacteroides_oleiciplenus	k__Bacteria;p__Firmicutes;c__Clostridia;o__Clostridiales;f__Ruminococcaceae;g__Ruminococcus;s__Ruminococcus_bicirculans	k__Bacteria;p__Bacteroidetes;c__Bacteroidia;o__Bacteroidales;f__Bacteroidaceae;g__Bacteroides;s__Bacteroides_fluxus	k__Bacteria;p__Bacteroidetes;c__Bacteroidia;o__Bacteroidales;f__Prevotellaceae;g__Prevotella;s__Prevotella_stercorea	k__Bacteria;p__Firmicutes;c__Clostridia;o__Clostridiales;f__Lachnospiraceae;g__Dorea;s__Dorea_longicatena	k__Bacteria;p__Firmicutes;c__Clostridia;o__Clostridiales;f__Eubacteriaceae;g__Eubacterium;s__[Eubacterium]_eligens	k__Bacteria;p__Firmicutes;c__Clostridia;o__Clostridiales;f__Ruminococcaceae;g__;s__Ruminococcaceae_bacterium_D16	k__Bacteria;p__Firmicutes;c__Clostridia;o__Clostridiales;f__Lachnospiraceae;g__Coprococcus;s__Coprococcus_comes	k__Bacteria;p__Proteobacteria;c__Gammaproteobacteria;o__Enterobacterales;f__Enterobacteriaceae;g__Escherichia;s__Escherichia_coli	k__Bacteria;p__Firmicutes;c__Clostridia;o__Clostridiales;f__Ruminococcaceae;g__Anaerotruncus;s__Anaerotruncus_colihominis	k__Bacteria;p__Firmicutes;c__Clostridia;o__Clostridiales;f__Lachnospiraceae;g__Blautia;s__Blautia_obeum	k__Bacteria;p__Bacteroidetes;c__Bacteroidia;o__Bacteroidales;f__Odoribacteraceae;g__Odoribacter;s__Odoribacter_laneus	k__Bacteria;p__Firmicutes;c__Clostridia;o__Clostridiales;f__Ruminococcaceae;g__Ruminiclostridium;s__[Clostridium]_leptum	k__Bacteria;p__Bacteroidetes;c__Bacteroidia;o__Bacteroidales;f__Porphyromonadaceae;g__Parabacteroides;s__Parabacteroides_goldsteinii	k__Bacteria;p__Firmicutes;c__Clostridia;o__Clostridiales;f__Lachnospiraceae;g__Anaerostipes;s__Anaerostipes_hadrus	k__Bacteria;p__Firmicutes;c__Clostridia;o__Clostridiales;f__Ruminococcaceae;g__Ruminococcus;s__Ruminococcus_lactaris	k__Bacteria;p__Firmicutes;c__Clostridia;o__Clostridiales;f__Clostridiaceae;g__Clostridium;s__Clostridium_sp._L2-50	k__Bacteria;p__Firmicutes;c__Clostridia;o__Clostridiales;f__Clostridiaceae;g__Clostridium;s__Clostridium_sp._M62/1	k__Bacteria;p__Firmicutes;c__Clostridia;o__Clostridiales;f__;g__Intestinimonas;s__Intestinimonas_butyriciproducens	k__Bacteria;p__Actinobacteria;c__Actinobacteria;o__Bifidobacteriales;f__Bifidobacteriaceae;g__Bifidobacterium;s__Bifidobacterium_bifidum	k__Bacteria;p__Firmicutes;c__Negativicutes;o__Veillonellales;f__Veillonellaceae;g__Dialister;s__Dialister_invisus	k__Bacteria;p__Bacteroidetes;c__Bacteroidia;o__Bacteroidales;f__Bacteroidaceae;g__Bacteroides;s__Bacteroides_salanitronis
k__Bacteria;p__Bacteroidetes;c__Bacteroidia;o__Bacteroidales;f__Bacteroidaceae;g__Bacteroides;s__Bacteroides_vulgatus	1.0	0.0267922108169	-0.0157739336155	-0.0204454714578	-0.0243682879687	0.0529029075656	0.0227015911524	0.0273183692526	-0.043558449661	0.0255123175543	-0.0794624363373	0.020778238663	0.00150201041867	0.00555158850175	-0.0280980933137	0.00821871766932	0.0142716184657	-0.0348407423091	0.0246716988657	-0.0528586204971	0.0195430323393	-0.00508901913139	-0.00373076192311	0.0320530129516	-0.056974710718	0.038689390896	-0.0700531460275	0.0156124247692	-0.0161551994359	0.0435738616485	-0.00310754865324	0.0205385241674	-0.0312766641726	-0.0123867969272	-0.0074024961468	-0.0141850292378	-0.0327364289325	-0.0260242278504	-0.0489978855037	0.0316747276332	0.00416555293402	-0.0503041011927	0.0358608889498	-0.0237815159596	-0.0562205439607	0.0478140252673	0.0018621986288	0.00149790876709	0.0177911711772	-0.00653317852731	-0.0131641650945	-0.0369400745983	-0.0289198863828	-0.00266149127428	-0.000761520161284	-0.0453440727442	-0.0102770984476	-0.0116079903256	-0.00164553723708
k__Bacteria;p__Bacteroidetes;c__Bacteroidia;o__Bacteroidales;f__Bacteroidaceae;g__Bacteroides;s__Bacteroides_uniformis	0.0267922108169	1.0	0.0327206524943	0.0181253785477	-0.0412500466983	-0.0314000105785	-0.0392799164173	-0.0291282756371	0.0305131514994	0.0202530151622	0.0527339727528	-0.0324918439701	0.0576450714779	0.00964924993455	0.0123700872259	0.0401247693636	-0.0210601907997	0.0231653988186	0.0437432610683	0.0243841114673	0.0299559347812	0.0411039590203	-0.0468717574325	0.0649893034553	0.01471553313	-0.0776475687306	-0.0298456437378	-0.100936743901	-0.0516326250374	-0.0216772679111	0.0521085868644	0.0340467707541	-0.0260195825124	0.0155831531959	-0.0307232757132	0.0370317886203	-0.0272415119677	-0.00354798726783	0.0441273700099	0.0246623223663	0.0127250041606	-0.0631621629562	-0.0305282313464	-0.0344194288269	0.0125198654853	-0.00851634442667	-0.0391203783303	-0.0123677347806	-0.0263114112808	0.00677411865801	-0.0380912498141	-0.0707466546146	-0.0593931482513	0.0356093771537	-0.0075084719656	0.0548142957584	-0.0098393006206	-0.0682553875336	0.015740452499
k__Bacteria;p__Bacteroidetes;c__Bacteroidia;o__Bacteroidales;f__Rikenellaceae;g__Alistipes;s__Alistipes_putredinis	-0.0157739336155	0.0327206524943	1.0	-0.0218271004505	-0.0225529280557	-0.00469228179051	-0.0609081616503	0.015432783322	-0.0431138175021	-0.0436394855542	-0.0421489071567	-0.0395084957021	-0.0269379652577	0.032657042549	-0.0376845097893	-0.0634214300016	0.0537872918755	0.0197587540319	-0.0918367238926	-0.00219805351746	-0.0414262860898	0.0091565124432	0.0419120356052	-0.0576833704296	-0.0508130573235	0.0610270503283	-0.0142423912415	-0.00788372047439	0.0061252814683	-0.0657739578985	0.0432940207972	-0.0657834235265	-0.0193214955826	0.0239414345006	-0.0173278496172	-0.0303534699597	0.0125547735549	0.0284539927895	0.0241472928901	-0.00987640201021	-0.011589521854	-0.0762890675869	0.0588044379962	0.0129543409627	-0.0817949939716	0.0418599032801	-0.0495396599333	-0.0675798139891	-0.000424575513862	0.0354692773236	-0.0298086556927	0.016091680314	-0.0307027208131	0.0117224364246	0.00292918566054	-0.0711174846122	-0.00275862911043	-0.0122488308127	-0.0308593030714
k__Bacteria;p__Bacteroidetes;c__Bacteroidia;o__Bacteroidales;f__Prevotellaceae;g__Prevotella;s__Prevotella_copri	-0.0204454714578	0.0181253785477	-0.0218271004505	1.0	-0.0563911990859	-0.0201861951609	-0.00680110245628	0.0463503679474	0.00227386756636	-0.108323380777	0.0210502439976	-0.0275315996729	0.0348702321119	-0.0498733300579	0.00864450845081	0.0260823110946	0.0343372482335	0.0136009018093	-0.0284253437865	0.0463708429515	-0.0121463059926	0.0409975560323	-0.0412209843487	-0.00725760933961	-0.0023167582581	0.0277414780391	-0.0461033784218	0.000917205769153	0.00957323088879	-0.043100927332	-0.0730300721574	-0.00896574608499	-0.0562535285687	0.0247168428469	-0.0261658745406	0.0229479256479	-0.00715852390838	-0.0490217948897	0.0140159316616	0.0218924084929	0.0131680614368	-0.0145097387543	-0.0259004775097	-0.0386801739363	-0.0117824668377	0.0296624421943	-0.000114352867678	-0.0566804659302	-0.00301538922164	-0.00184520958659	-0.00043467350487	-0.0239806057612	-0.00740884722185	-0.0193280409672	0.0278667886685	0.00634383065756	-0.0259794268494	0.00588440248534	-0.0288434148711
k__Bacteria;p__Bacteroidetes;c__Bacteroidia;o__Bacteroidales;f__Bacteroidaceae;g__Bacteroides;s__Bacteroides_stercoris	-0.0243682879687	-0.0412500466983	-0.0225529280557	-0.0563911990859	1.0	0.0308676567815	0.035875650359	-0.0341132780957	-0.0285820508911	-0.0643806753634	5.33931433686e-05	-0.00643574529629	0.0137639318487	-0.00321136821057	-0.00737027343673	0.0381113603345	-0.00422999762612	-0.00590553605644	0.0214795516942	-0.0422165492132	0.00941539868306	-0.0213226766706	0.0191140250221	0.084644963522	-0.0531722261217	0.00651014775591	0.0366895317887	-0.00764184433677	-0.0700448531362	0.0109246508739	-0.0125960836808	-0.0189502736017	0.0269902947699	-0.0214158599612	0.000670012774279	-0.0106174227431	-0.0121182550671	-0.112438679355	0.0136305056867	-0.00574601873995	-0.0631466272645	0.00414014103639	0.028455832142	-0.0190339447313	-0.0140233231887	-0.0455619080125	-0.0286875428919	0.0220052047048	-0.00444512765075	-0.0467524217077	-0.0191348721888	-0.0374432819554	0.00108799977154	0.035880137897	-0.0326482272027	0.0239131149447	0.0309570313781	-0.030545515418	0.0310750590305
k__Bacteria;p__Bacteroidetes;c__Bacteroidia;o__Bacteroidales;f__Bacteroidaceae;g__Bacteroides;s__Bacteroides_ovatus	0.0529029075656	-0.0314000105785	-0.00469228179051	-0.0201861951609	0.0308676567815	1.0	0.0141822427706	-0.0455950341279	-0.015519245792	0.0232541310798	-0.0223197777099	-0.0049195114108	-0.0104498487341	-0.0471110004548	-0.0506196908521	-0.0186530472928	0.0195577468933	-0.0508023409288	-0.00714624621164	0.00799582325672	-0.0154765053594	0.0143754162124	0.0403409006522	0.033847021884	0.0107903616583	-0.00677638565001	-0.00440201244173	-0.0250087812481	0.011299152269	-0.0446166135254	0.0213176611114	0.0187181500671	0.0487384100928	-0.0655992945441	-0.0120783179045	0.0452010647884	-0.00991585783989	-0.0191611465387	0.0275516444701	-0.084587594515	0.0242813892888	0.0173071853836	-0.042203186567	-0.00509961431961	-0.0154933990483	-0.0156624291235	0.0225095514822	-0.0153191041717	0.0186367460799	0.0494953789773	0.0114195726877	-0.00545115918813	-0.0114353918097	0.0170929122354	-0.0841767250517	0.00968420303967	-0.000254681802365	-0.0247278059598	-0.0158820967803
k__Bacteria;p__Bacteroidetes;c__Bacteroidia;o__Bacteroidales;f__Rikenellaceae;g__Alistipes;s__Alistipes_shahii	0.0227015911524	-0.0392799164173	-0.0609081616503	-0.00680110245628	0.035875650359	0.0141822427706	1.0	0.00536653213038	0.0158581069669	0.0245264875798	-0.00981821268257	-0.0352710422511	0.0020089791219	-0.0279540661622	-0.0150864918913	-0.0314803084087	0.00826769699762	-0.0736053662649	-0.0186536206816	-0.00393474685448	-0.0334303404253	-0.0155252582569	0.0593233538399	0.00826262541936	-0.00501814404146	-0.0386344119736	-0.00865673878153	0.0524674481041	0.0185757554824	0.0356301872261	-0.0169514225488	0.077015717489	-0.0192145067024	-0.0175919775901	-0.000514422597589	-0.0526110115718	-0.0372881110459	0.0145177222275	-0.0331649489261	-0.000405147479522	-0.0208139847521	-0.0579011442785	-0.000756585105974	0.0203394584502	-0.00660140309688	-0.0325277734105	0.0605212816355	-0.0263061185389	-0.0350151688774	-0.0163897394889	-0.0262406894523	0.0352437898167	-0.0460249471579	-0.06392123286	-0.0225488213935	-0.0304675226266	-0.0187523743884	0.0334631862717	0.0262584381013
k__Bacteria;p__Firmicutes;c__Clostridia;o__Clostridiales;f__Ruminococcaceae;g__Faecalibacterium;s__Faecalibacterium_prausnitzii	0.0273183692526	-0.0291282756371	0.015432783322	0.0463503679474	-0.0341132780957	-0.0455950341279	0.00536653213038	1.0	-0.010504174159	-0.00882567666588	0.0180747218766	0.0233536979874	-0.0911317264869	0.0343665405797	-0.0226061772979	-0.0244769873135	-0.0341239130499	0.0162241951648	-0.0115121748555	-0.0373882775314	0.0367624635678	-0.0116069862245	-0.0501559597547	-0.0371718580991	0.0140160402701	0.0200034636047	-0.0556183361092	0.0177962042081	-0.0282480948138	-0.0109145503403	0.00193147467226	-0.00469176053256	0.0486155405196	0.00216066389004	-0.0137881665903	0.00562686185655	-0.0289468912096	0.0357999020802	0.0196397434223	0.0222801263122	-0.0091667676292	-0.0111270271666	-0.047401833378	-0.0186686621087	-0.0348830304943	0.0369234894169	-0.0574611463503	0.0849183370147	0.0177492486707	-0.0777946729773	-0.00576065200717	-0.0167505079251	0.0053144913701	-0.0138497093051	-0.00661866249001	0.000925283265103	-0.0185668300356	0.00142130821349	-0.02792707385
k__Bacteria;p__Bacteroidetes;c__Bacteroidia;o__Bacteroidales;f__Rikenellaceae;g__Alistipes;s__Alistipes_finegoldii	-0.043558449661	0.0305131514994	-0.0431138175021	0.00227386756635	-0.0285820508911	-0.015519245792	0.0158581069669	-0.010504174159	1.0	-0.034891616957	0.00941964361007	-0.00585600536958	-0.0323100400925	-0.0882348280177	-0.0602204575546	-0.07305955981	-0.0179009843043	-0.0124891945049	-0.000883544958061	-0.062571712674	0.0118250073941	-0.0090056778035	-0.0430162920292	-0.0508412958823	-0.0148361455363	0.0315785861511	0.0261918619496	0.00863026350116	-0.00630934584198	-0.0942305629231	0.0122360322599	-0.0288339651632	-0.0594442473616	-0.0194461476716	0.0152441159667	0.0340892272436	0.0302213623444	0.0340235272907	0.0478909813649	-0.0324818236223	-0.0409320748878	-0.0405695541044	-0.0258945472769	-0.0381836809566	0.0124539116505	0.0135925401979	0.0227264233906	-0.0379640357793	0.0762398708624	-0.0261036960017	0.0299129846911	-0.0370701326036	-0.0352833897716	-0.0376763156664	-0.00526662908264	-0.0876021135674	0.0423530384489	0.0448982944531	0.0543982274725
k__Bacteria;p__Bacteroidetes;c__Bacteroidia;o__Bacteroidales;f__Porphyromonadaceae;g__Parabacteroides;s__Parabacteroides_distasonis	0.0255123175543	0.0202530151622	-0.0436394855542	-0.108323380777	-0.0643806753634	0.0232541310798	0.0245264875798	-0.00882567666588	-0.034891616957	1.0	-0.0121317672546	-0.0717354945978	-0.0399540980266	-6.26231331936e-06	-0.0233806917707	0.0255718206154	-0.0195639724754	-0.0512856876991	0.0324542722477	-0.0233123522959	0.028979332718	0.0418904215742	-0.047069572767	0.128272736154	-0.0373805392777	-0.0104548167867	-0.0707083377942	-0.0266068640495	-0.0533644229199	-0.0666294131433	-0.0993763858519	-0.0410535185037	0.0936443069115	0.107892222341	0.0153735618811	-0.0100540864772	-0.0890794127726	0.0189291313565	-0.00533431538808	-0.00371096408935	-0.0220968957167	-0.004897841677	-0.03049162887	0.0383597604934	-0.0136750438283	-0.00201625998265	-0.00344003408292	0.00827661992388	0.0590576175671	0.0297881867682	0.0147587985708	0.0463016549538	-0.0410986291025	0.0303446839215	-0.0174408755767	0.0529969142216	-0.0222503717597	-0.0041538361326	-0.00269497225788
k__Bacteria;p__Bacteroidetes;c__Bacteroidia;o__Bacteroidales;f__Bacteroidaceae;g__Bacteroides;s__Bacteroides_thetaiotaomicron	-0.0794624363373	0.0527339727528	-0.0421489071567	0.0210502439976	5.33931433684e-05	-0.0223197777099	-0.00981821268257	0.0180747218766	0.00941964361007	-0.0121317672546	1.0	-0.0103062201578	0.0220864090549	-0.00694889732347	0.0248999992145	0.0278620890699	0.0601666044982	0.0431149967127	0.00863444298399	-0.0546197322189	-0.0488400356142	-0.0206367350833	-0.0163313860056	-0.00411411821861	-0.046892864398	-0.0580236075328	-0.00860110798143	-0.0210794100612	-0.0181263459249	-0.0236704550844	-0.00318833446777	0.00582961475927	-0.0208254414886	0.00983751476112	0.0259396781512	-0.0525447632838	0.00387505662237	-0.0363015424087	-0.0194252520428	-0.0435663021847	0.0205822039391	-0.0197459506059	-0.0358023652135	-0.0114873365232	0.0189823437662	0.0579087094816	-0.0477593410947	-0.0130740932029	0.0534978013279	-0.015591650953	-0.00378847646751	0.0148279244932	0.00299544412676	0.0195322434115	0.0260402944756	-0.0507713707399	0.0216360589693	0.0197889617832	-0.0577734293524
k__Bacteria;p__Bacteroidetes;c__Bacteroidia;o__Bacteroidales;f__Bacteroidaceae;g__Bacteroides;s__Bacteroides_coprocola	0.020778238663	-0.0324918439701	-0.0395084957021	-0.0275315996729	-0.00643574529629	-0.0049195114108	-0.0352710422511	0.0233536979874	-0.00585600536958	-0.0717354945978	-0.0103062201578	1.0	-0.0303922930267	-0.00636194361109	-0.0459849149875	-0.0272407413262	0.0380527695132	-0.0408238086153	0.0202274842131	0.0425425904924	0.0104387314314	-0.0180175803957	-0.0122334594976	-0.080700801525	0.032522873614	-0.0107893123566	-0.045773004412	0.0334092748322	-0.0414936540559	-0.0452023815612	0.00584971519458	-0.019037977407	0.0303950301456	0.0217060658631	-0.0334194476439	-0.0466593268121	0.0188265263895	0.0338469869115	0.0420308386657	0.0185401689041	-0.0305801005448	0.0292823889444	-0.00773394913384	0.000105267606807	0.0378538432616	0.00260077146172	-0.00958368824416	-0.0111413532844	-0.0715503528044	0.0116981413677	0.0131151335547	-0.0055891526987	0.00279313583005	0.0743928000215	-0.0435615146253	-0.0674922430734	-0.0131609123102	-0.0515212447588	-0.00958635493907
k__Bacteria;p__Bacteroidetes;c__Bacteroidia;o__Bacteroidales;f__Bacteroidaceae;g__Bacteroides;s__Bacteroides_cellulosilyticus	0.00150201041867	0.0576450714779	-0.0269379652577	0.0348702321119	0.0137639318487	-0.0104498487341	0.0020089791219	-0.0911317264869	-0.0323100400925	-0.0399540980266	0.0220864090549	-0.0303922930267	1.0	-0.0243149586921	-0.00625349126773	0.0128092951734	-0.0784001305668	-0.0483177703656	0.0233904381738	0.0816833640421	-0.0161502822503	0.0284756891251	-0.0466222870658	-0.00653856320831	0.0161633934434	-0.0484060497376	-0.0221814471505	-0.07158061351	-0.0497304065271	-0.027817865336	0.00837110026846	0.00948663058272	0.018458722787	-0.0204462812081	-0.0219607223678	-7.78584192109e-05	-0.0234581727608	-0.00663515681814	-0.020326445804	-0.0472943799018	-0.013672852015	-0.0298729381395	0.0503480654647	0.0293589908512	-0.000133665767803	0.0129915827694	-0.00136612043738	-0.04320150046	0.0134925194831	0.0425668847125	-0.0186368743976	0.0459381564484	0.00491125814648	0.00353142208136	-0.0509403581849	0.0111952513648	-0.000118247763844	-0.0756348679354	0.0180377777259
k__Bacteria;p__Bacteroidetes;c__Bacteroidia;o__Bacteroidales;f__Rikenellaceae;g__Alistipes;s__Alistipes_obesi	0.00555158850175	0.00964924993455	0.032657042549	-0.0498733300579	-0.00321136821057	-0.0471110004548	-0.0279540661622	0.0343665405797	-0.0882348280177	-6.26231331936e-06	-0.00694889732347	-0.00636194361109	-0.0243149586921	1.0	0.0191525824344	0.00937930825242	0.0426778061769	0.00736500429209	-0.0747198353949	-0.0492686068231	0.00369907055277	-0.0139686825056	-0.0207206559287	-0.0195686326415	-0.00692149899642	0.0535380416579	-0.018652838057	-0.0378980050463	-0.0378632008202	-0.0664636090587	-0.0312928067918	-0.00282017205439	-0.0338982070582	0.000152599952996	0.00309057614117	-0.0633090646417	0.00400445888394	0.0116210780402	-0.0244962647451	0.018918484729	-0.0142911088876	-0.0358055567994	0.00331988551285	-0.051661268805	-0.0157945213057	0.0518897164838	0.0101571701502	0.0323758422289	-0.0557106981553	0.046975016967	0.0176427269224	0.0485064221367	0.0389785503578	0.0240404763868	0.0276258305653	0.0320427260182	0.0499265411836	0.0156697416294	0.0556658065424
k__Bacteria;p__Firmicutes;c__Clostridia;o__Clostridiales;f__Lachnospiraceae;g__;s__[Eubacterium]_rectale	-0.0280980933137	0.0123700872259	-0.0376845097893	0.00864450845081	-0.00737027343673	-0.0506196908521	-0.0150864918913	-0.0226061772979	-0.0602204575546	-0.0233806917707	0.0248999992145	-0.0459849149875	-0.00625349126773	0.0191525824344	1.0	-0.0081317347531	-0.0292555567626	0.00171121089008	0.044008522581	0.000365030324737	-0.0306538332494	0.0194044772453	-0.0146145464895	-0.008070845341	-0.0661332662016	-0.0284103124812	-0.00153119206507	0.0154718622537	-0.047289331072	0.0382380283598	0.00512422563006	-0.020014048075	-0.00521154092155	0.0325764293456	0.00182831059346	-0.00175720352886	-0.0429688090602	0.0209779690762	-0.0380153622288	0.0259571398197	0.0170504316211	-0.00115553120639	-0.0372321064013	-0.0556270579231	-0.00885110720893	-0.0236096439919	-0.0146889225239	-0.00865473152994	-0.0183045236062	0.0319776980303	-0.020762394601	0.0347992758476	0.0264148627427	0.0786003493259	0.0325181508709	0.00670853115182	0.0218882189385	-0.0305188164399	-0.00868096832675
k__Bacteria;p__Bacteroidetes;c__Bacteroidia;o__Bacteroidales;f__Bacteroidaceae;g__Bacteroides;s__Bacteroides_plebeius	0.00821871766932	0.0401247693636	-0.0634214300016	0.0260823110946	0.0381113603345	-0.0186530472928	-0.0314803084087	-0.0244769873135	-0.07305955981	0.0255718206154	0.0278620890699	-0.0272407413262	0.0128092951734	0.00937930825242	-0.0081317347531	1.0	-0.0808714189857	-0.0192294457509	-0.000175857065141	-0.00166190755956	0.00276719963715	-0.0175258920217	-0.0164591519671	-0.0234807609589	-0.018009736674	0.0149295131143	-0.0836783830748	-0.0217106234895	-0.0260258022458	0.027877055398	0.0269178623939	0.00948907786885	-0.0705735231052	0.00998481019221	-0.0330369400235	0.0129049807656	-0.0301473161365	-0.0429364392041	0.0264469584037	-0.027349095046	0.00197679267609	-0.0220721279305	-0.0206574433746	0.00335983375048	0.0804237420855	-0.0849132392432	0.0294896328701	-0.0309424442861	-0.0415297828379	0.0388945805478	0.0217429773889	-0.010049143485	0.0548760966639	-0.0168579300709	0.0406395520464	0.034438883426	-0.00867390631329	-0.00299478618504	-0.0144142152841
k__Bacteria;p__Bacteroidetes;c__Bacteroidia;o__Bacteroidales;f__Bacteroidaceae;g__Bacteroides;s__Bacteroides_fragilis	0.0142716184657	-0.0210601907997	0.0537872918755	0.0343372482335	-0.00422999762612	0.0195577468933	0.00826769699762	-0.0341239130499	-0.0179009843043	-0.0195639724754	0.0601666044982	0.0380527695132	-0.0784001305668	0.0426778061769	-0.0292555567626	-0.0808714189857	1.0	-0.038855164593	-0.0116840411085	-0.00787776212014	-0.0198176862169	-0.039642003469	-0.034094696283	0.0170175118078	-0.00795614082963	-0.0658635937323	-0.0300675888024	0.00235371726677	-0.0333574691982	0.0132771609357	-0.036050376389	0.0152261094127	0.00138611533514	-0.060193534176	0.0178886986528	-0.0517593538838	0.085239853436	-0.0506633108184	-0.00770916014495	0.0125622574606	-0.0197894538512	-0.0384594582802	0.0110416581526	-0.0633931765569	-0.0228137679226	0.04147845599	-0.0129833751699	-0.0249349799743	0.0163476306291	0.0147929264577	0.0363084955309	-0.028534980338	0.0105211171379	-0.0755918454932	0.0143382353172	-0.025016126513	-0.01823673127	0.012957863242	0.0092963933916
k__Bacteria;p__Proteobacteria;c__Betaproteobacteria;o__Burkholderiales;f__Sutterellaceae;g__Sutterella;s__Sutterella_wadsworthensis	-0.0348407423091	0.0231653988186	0.0197587540319	0.0136009018093	-0.00590553605644	-0.0508023409288	-0.0736053662649	0.0162241951648	-0.0124891945049	-0.0512856876991	0.0431149967127	-0.0408238086153	-0.0483177703656	0.00736500429209	0.00171121089008	-0.0192294457509	-0.038855164593	1.0	0.0651500170265	0.0102594167503	-0.0497270289277	0.0551348318809	-0.0141661712381	-0.00300035784762	-0.0303437508133	-0.0150357032345	0.00468570674161	0.007443038713	0.00606230392903	-0.028285491417	0.0357441822676	-0.029284243277	-0.0281151527582	0.038780783239	0.000501614221011	0.0700839100335	-0.026586245034	-0.0429683815759	0.0124634766144	-0.0209256326317	0.0250897646171	-0.0686743282597	0.0271761414748	-0.0495257821691	-0.0114120391704	0.0373933831211	-0.036785604426	0.00130796509503	0.00712244751206	-0.0314865741505	-0.0164462325278	0.00924518722808	-0.0243109710206	-0.0145309734097	0.000439202489264	-0.0721954530897	0.0294841228265	0.0260366095232	-0.0106450717355
k__Bacteria;p__Bacteroidetes;c__Bacteroidia;o__Bacteroidales;f__Porphyromonadaceae;g__Barnesiella;s__Barnesiella_intestinihominis	0.0246716988657	0.0437432610683	-0.0918367238926	-0.0284253437865	0.0214795516942	-0.00714624621164	-0.0186536206816	-0.0115121748555	-0.000883544958061	0.0324542722477	0.00863444298399	0.0202274842131	0.0233904381738	-0.0747198353949	0.044008522581	-0.000175857065141	-0.0116840411085	0.0651500170265	1.0	-0.0479299969652	0.00190097854937	-0.0406183482874	0.0223458427739	-0.0449626862234	-0.0187502915141	-0.00724879698614	0.00730836798447	0.0542529251529	-0.0361960803562	0.0164374608427	-0.0394048442818	-0.0502047537352	0.0264778901008	-0.0221792655437	-0.0488926525149	-0.0374422787674	-0.0114099425457	-0.067597184739	-0.00380606640913	-0.0469211197912	-0.0347624859379	-0.00406230523535	-0.0151671054148	-0.00337695907637	-0.0213479096179	-0.011039143917	0.0450343232382	-0.0266028781173	0.0416467220892	-0.0459357430083	0.00235321535553	-0.00681149967611	-0.0339235541378	-0.0105945724365	0.0418808359339	-0.00992928921813	0.0220400371847	0.0650440803522	-0.0593514387998
k__Bacteria;p__Bacteroidetes;c__Bacteroidia;o__Bacteroidales;f__Odoribacteraceae;g__Odoribacter;s__Odoribacter_splanchnicus	-0.0528586204971	0.0243841114673	-0.00219805351746	0.0463708429515	-0.0422165492132	0.00799582325672	-0.00393474685448	-0.0373882775314	-0.062571712674	-0.0233123522959	-0.0546197322189	0.0425425904924	0.0816833640421	-0.0492686068231	0.000365030324737	-0.00166190755956	-0.00787776212014	0.0102594167503	-0.0479299969652	1.0	-0.0101058645164	0.0099804255663	-0.0556751410684	0.0250086818308	-0.0615446532389	-0.0272523380272	-0.00415063088442	0.0206825070744	0.04769009782	0.00855005209878	-0.00110323532833	-0.0397132149384	0.00474237660714	-0.0566907665459	0.0301146604362	-0.012852832264	0.0357441643203	0.0485684965084	-0.014657769369	0.0242096759447	-0.0394904557564	0.0237660921296	-0.0284371177162	0.00683195582277	0.00901929765507	0.0870673675694	-0.00952464002631	0.0429469641065	-0.0139588270791	-0.0508630210688	-0.0574060131375	0.0318782584103	-0.0537020258242	-0.0335547804984	0.0222963285147	0.0475394677871	-0.00614744636846	-0.0717613581177	-0.0295212870772
k__Bacteria;p__Bacteroidetes;c__Bacteroidia;o__Bacteroidales;f__Bacteroidaceae;g__Bacteroides;s__Bacteroides_salyersiae	0.0195430323393	0.0299559347812	-0.0414262860898	-0.0121463059926	0.00941539868306	-0.0154765053594	-0.0334303404253	0.0367624635678	0.0118250073941	0.028979332718	-0.0488400356142	0.0104387314314	-0.0161502822503	0.00369907055277	-0.0306538332494	0.00276719963715	-0.0198176862169	-0.0497270289277	0.00190097854937	-0.0101058645164	1.0	-0.0380469389069	0.00520976916392	0.0170694560766	0.00625161646252	-0.000948506809593	0.0506226559256	-0.0338822474727	0.00395286516967	0.0105883113119	0.0215485800474	-0.0047778722344	-0.0322194921167	-0.0347028188954	0.0185067904648	9.43020252785e-05	0.00743603587473	-0.0300641024272	0.0399370901786	-0.0155632167544	-0.00873142711472	-0.0286046260261	-0.05246077849	0.0134952771879	0.0707673282382	0.0350790996088	-0.0650235586795	0.0160293447602	-0.0162203853409	-0.0369688569686	-0.00973462780757	-0.0345357743071	0.0378889215061	-0.0588782704115	-0.0228089332494	-0.00600959957087	-0.0496032664869	0.0115114001558	-0.0486261008732
k__Bacteria;p__Firmicutes;c__Clostridia;o__Clostridiales;f__Ruminococcaceae;g__Ruminiclostridium;s__[Eubacterium]_siraeum	-0.00508901913139	0.0411039590203	0.0091565124432	0.0409975560323	-0.0213226766706	0.0143754162124	-0.0155252582569	-0.0116069862245	-0.0090056778035	0.0418904215742	-0.0206367350833	-0.0180175803957	0.0284756891251	-0.0139686825056	0.0194044772453	-0.0175258920217	-0.039642003469	0.0551348318809	-0.0406183482874	0.0099804255663	-0.0380469389069	1.0	-0.00225718330868	0.0371077629948	0.095793976506	0.0225244170062	-0.0483790245511	-0.0593337529591	0.079237864166	-0.00333941398795	-0.0424757481798	-0.0233638726079	-0.0310576878275	-0.0027259858803	-0.0346001345797	0.0236080040298	0.0442785797658	0.030826101837	-0.0462247949334	0.0040635924535	0.0075182580939	-0.0550168278037	0.0502069123805	0.00239881692173	0.0491699349221	0.00361945365358	-0.0690633634838	-0.0436355375666	-0.0644948988413	-0.00138562004269	-0.0473070923316	-0.0425220317649	-0.0327562046731	-0.0111370018537	-0.00478432299581	0.00848543808552	-0.00681045080939	0.00998633270045	-0.0317642991974
k__Bacteria;p__Proteobacteria;c__Betaproteobacteria;o__Burkholderiales;f__Sutterellaceae;g__Parasutterella;s__Parasutterella_excrementihominis	-0.00373076192311	-0.0468717574325	0.0419120356052	-0.0412209843487	0.0191140250221	0.0403409006522	0.0593233538399	-0.0501559597547	-0.0430162920292	-0.047069572767	-0.0163313860056	-0.0122334594976	-0.0466222870658	-0.0207206559287	-0.0146145464895	-0.0164591519671	-0.034094696283	-0.0141661712381	0.0223458427739	-0.0556751410684	0.00520976916392	-0.00225718330868	1.0	0.0133659129826	0.0376685280829	-0.0207144748015	-0.00513324192698	-0.0501229828939	0.040539232711	-0.0454853226322	-0.0136323382283	-0.0277466618164	-0.0251724332921	0.00653555472962	0.0332873039674	0.0472805074908	0.0280500077838	0.0186715139168	-0.0125971336188	-0.0324970961883	-0.0503567595524	-0.034894913726	-0.0232210433118	-0.00373667589173	-0.0251083669414	-0.0430467760512	0.0562661105725	-0.00602510317193	-0.0345691778518	-0.0333394513742	-0.0522193788065	0.0290150050728	-0.00986701564086	0.0713125596047	0.00261302535601	-0.0221038750125	-0.0241202610598	-0.0728071045309	-0.027917094547
k__Bacteria;p__Actinobacteria;c__Actinobacteria;o__Bifidobacteriales;f__Bifidobacteriaceae;g__Bifidobacterium;s__Bifidobacterium_adolescentis	0.0320530129516	0.0649893034553	-0.0576833704296	-0.00725760933961	0.084644963522	0.033847021884	0.00826262541936	-0.0371718580991	-0.0508412958823	0.128272736154	-0.00411411821861	-0.080700801525	-0.00653856320831	-0.0195686326415	-0.008070845341	-0.0234807609589	0.0170175118078	-0.00300035784762	-0.0449626862234	0.0250086818308	0.0170694560766	0.0371077629948	0.0133659129826	1.0	-0.0200236161361	0.0213800257602	-0.0629304959721	-0.0126484233339	-0.0156652846669	0.00269563790663	-0.0338457313155	0.0198112104347	0.0205684030142	-0.051133366257	-0.00621676035835	0.0208971961523	-0.0562852290925	-0.0212029881649	0.0159995137024	-0.0250548604725	-0.0275995741027	-0.00669946001847	-0.0183460067585	0.00372092959469	0.0733747593085	-0.0253018356705	-0.0355569921677	-0.0568899062577	-0.0598616498674	-0.0421246961264	0.0147810313948	-0.0169144332953	-0.0180673245384	-0.0374061200969	-0.0290189995618	0.00223505885396	-0.0569578179184	-0.0420454862657	0.00755517508443
k__Bacteria;p__Firmicutes;c__Clostridia;o__Clostridiales;f__Oscillospiraceae;g__Oscillibacter;s__Oscillibacter_sp._KLE_1745	-0.056974710718	0.01471553313	-0.0508130573235	-0.0023167582581	-0.0531722261217	0.0107903616583	-0.00501814404146	0.0140160402701	-0.0148361455363	-0.0373805392777	-0.046892864398	0.032522873614	0.0161633934434	-0.00692149899642	-0.0661332662016	-0.018009736674	-0.00795614082963	-0.0303437508133	-0.0187502915141	-0.0615446532389	0.00625161646252	0.095793976506	0.0376685280829	-0.0200236161361	1.0	0.0128305839961	0.0121611187025	0.014180707981	-0.00949393246588	0.025281198897	-0.0351311767792	0.00254579615742	0.0203517143824	-0.0110659351732	0.00604268906709	-0.0141145456401	0.0183331941894	0.0127244863211	-0.049289327422	-0.100980727407	0.00881111805705	0.0204000735877	0.0447592524847	0.00108435514488	-0.0530124858168	0.0317305245382	0.0163359188629	-0.0295696703734	-0.0324888947365	0.00979354468468	0.0455735129401	0.0153221281363	-0.0216726952398	-0.020515195588	-0.0357194243215	-0.00367044346132	0.00242149730871	0.001592774324	-0.0365720453351
k__Bacteria;p__Bacteroidetes;c__Bacteroidia;o__Bacteroidales;f__Bacteroidaceae;g__Bacteroides;s__Bacteroides_coprophilus	0.038689390896	-0.0776475687306	0.0610270503283	0.0277414780391	0.00651014775591	-0.00677638565001	-0.0386344119736	0.0200034636047	0.0315785861511	-0.0104548167867	-0.0580236075328	-0.0107893123566	-0.0484060497376	0.0535380416579	-0.0284103124812	0.0149295131143	-0.0658635937323	-0.0150357032345	-0.00724879698614	-0.0272523380272	-0.000948506809593	0.0225244170062	-0.0207144748015	0.0213800257602	0.0128305839961	1.0	-0.0225157410471	0.00842767470995	-1.26436947387e-05	-0.0111167778895	-0.0312616593652	-0.024877944025	-0.0195290963783	-0.0800615822839	0.025375618352	0.0337633359999	-0.0140814038876	0.0133210064885	-0.0267904050797	-0.00226455728564	0.0226765978101	-0.0271817924883	0.0119312269184	-0.0214319734066	-0.00217682071972	-0.0404770734674	0.00707475235395	-0.0108164018966	-0.0536632566709	-0.0113335276011	-0.051480663417	-0.00244891975441	0.0378049363106	0.0631532062467	-0.00869299982562	-0.0362946838191	-0.0284963125232	-0.00236393955042	0.00644631842669
k__Bacteria;p__Firmicutes;c__Clostridia;o__Clostridiales;f__Lachnospiraceae;g__Roseburia;s__Roseburia_intestinalis	-0.0700531460275	-0.0298456437378	-0.0142423912415	-0.0461033784218	0.0366895317887	-0.00440201244173	-0.00865673878153	-0.0556183361092	0.0261918619496	-0.0707083377942	-0.00860110798143	-0.045773004412	-0.0221814471505	-0.018652838057	-0.00153119206507	-0.0836783830748	-0.0300675888024	0.00468570674161	0.00730836798447	-0.00415063088442	0.0506226559256	-0.0483790245511	-0.00513324192698	-0.0629304959721	0.0121611187025	-0.0225157410471	1.0	-0.0426886582327	0.0315758061632	-0.0190412951216	-0.0126221291677	0.0828329181124	0.0430063063204	0.082588883541	0.0427098281844	-0.0239090901042	-0.0153451964694	0.070420681761	-0.0591856515651	-0.041412045147	-0.0273076962434	-0.0526401584993	0.0171657325915	-0.00361256115918	0.0189035095451	0.0239099868375	-0.0123090188377	0.0523664894225	0.0062904708307	0.00785598504617	-0.0235976324431	-0.0422296161179	-0.00705839812362	-0.000722792760479	-0.0341429134612	-0.0145297701446	0.0221856364915	0.00287549333016	0.0607650683165
k__Bacteria;p__Firmicutes;c__Clostridia;o__Clostridiales;f__Lachnospiraceae;g__Roseburia;s__Roseburia_hominis	0.0156124247692	-0.100936743901	-0.00788372047439	0.000917205769153	-0.00764184433677	-0.0250087812481	0.0524674481041	0.0177962042081	0.00863026350116	-0.0266068640495	-0.0210794100612	0.0334092748322	-0.07158061351	-0.0378980050463	0.0154718622537	-0.0217106234895	0.00235371726677	0.007443038713	0.0542529251529	0.0206825070744	-0.0338822474727	-0.0593337529591	-0.0501229828939	-0.0126484233339	0.014180707981	0.00842767470995	-0.0426886582327	1.0	0.00151902898261	0.00825613124733	-0.0510288405251	0.0217626471503	0.0259831653397	-0.00375711262095	-0.0383720172806	0.0128093923403	0.00808913737305	-0.0209281927091	-0.0498863083512	0.00563228879131	0.0174858464583	0.0114566556464	-0.0301234414034	0.00876668740105	0.00797451726076	-0.0136458337859	-0.0248666183945	-0.00692761827835	0.0144932691737	-0.0697251611535	0.0661936804934	0.0267639179659	-0.0421556316774	-0.0180257006518	0.0221583525132	0.00101750125787	-0.0708565548178	0.00133892145	-0.0265965551316
k__Bacteria;p__Bacteroidetes;c__Bacteroidia;o__Bacteroidales;f__Porphyromonadaceae;g__Parabacteroides;s__Parabacteroides_johnsonii	-0.0161551994359	-0.0516326250374	0.0061252814683	0.00957323088879	-0.0700448531362	0.011299152269	0.0185757554824	-0.0282480948138	-0.00630934584198	-0.0533644229199	-0.0181263459249	-0.0414936540559	-0.0497304065271	-0.0378632008202	-0.047289331072	-0.0260258022458	-0.0333574691982	0.00606230392903	-0.0361960803562	0.04769009782	0.00395286516967	0.079237864166	0.040539232711	-0.0156652846669	-0.00949393246588	-1.26436947386e-05	0.0315758061632	0.00151902898261	1.0	-0.0511029050646	-0.00206734925702	0.0131857130877	-0.0163998439786	-0.0340889508213	-0.0267656292723	0.0241818753626	-0.000334349762411	-0.0103498785207	0.0295327696979	-0.0112483083128	-0.00190142824007	0.000443664943702	0.0314592299567	0.0382292541473	-0.0323367296046	-0.00482282606653	0.00877612044799	0.00150906764719	-0.0467461057746	-0.0251297009229	-0.0443861178825	0.0219020193023	0.0508726678385	-0.0182915914241	-0.0193632864472	-0.0367064053438	0.0309613347249	0.00389418597347	0.0184430976042
k__Bacteria;p__Actinobacteria;c__Actinobacteria;o__Bifidobacteriales;f__Bifidobacteriaceae;g__Bifidobacterium;s__Bifidobacterium_longum	0.0435738616485	-0.0216772679111	-0.0657739578985	-0.043100927332	0.0109246508739	-0.0446166135254	0.0356301872261	-0.0109145503403	-0.0942305629231	-0.0666294131433	-0.0236704550844	-0.0452023815612	-0.027817865336	-0.0664636090587	0.0382380283598	0.027877055398	0.0132771609357	-0.028285491417	0.0164374608427	0.00855005209878	0.0105883113119	-0.00333941398795	-0.0454853226322	0.00269563790663	0.025281198897	-0.0111167778895	-0.0190412951216	0.00825613124733	-0.0511029050646	1.0	-0.0679681559702	0.0426365566806	0.0574472241116	0.00436892988108	-0.0131069300215	0.00313475746966	0.0133776564701	-0.0763266023989	0.0124444655912	-0.0120109906099	-0.0170322706365	-0.0255115106637	0.028727889977	-0.0128719129322	0.0720341243033	-0.0386429193872	0.00597756369244	-0.0280059958638	-0.0515370553665	0.0383360228854	-0.021792857535	-0.0287630328998	-0.00350962823023	0.0894564396449	0.0438687981844	-0.0562527506752	-0.00753149817541	-0.0639999553634	-0.0331572444347
