#taxonomy	k__Bacteria;p__Bacteroidetes;c__Bacteroidia;o__Bacteroidales;f__Bacteroidaceae;g__Bacteroides;s__Bacteroides_vulgatus	k__Bacteria;p__Bacteroidetes;c__Bacteroidia;o__Bacteroidales;f__Bacteroidaceae;g__Bacteroides;s__Bacteroides_uniformis	k__Bacteria;p__Bacteroidetes;c__Bacteroidia;o__Bacteroidales;f__Rikenellaceae;g__Alistipes;s__Alistipes_putredinis	k__Bacteria;p__Bacteroidetes;c__Bacteroidia;o__Bacteroidales;f__Prevotellaceae;g__Prevotella;s__Prevotella_copri	k__Bacteria;p__Bacteroidetes;c__Bacteroidia;o__Bacteroidales;f__Bacteroidaceae;g__Bacteroides;s__Bacteroides_stercoris	k__Bacteria;p__Bacteroidetes;c__Bacteroidia;o__Bacteroidales;f__Bacteroidaceae;g__Bacteroides;s__Bacteroides_ovatus	k__Bacteria;p__Bacteroidetes;c__Bacteroidia;o__Bacteroidales;f__Rikenellaceae;g__Alistipes;s__Alistipes_shahii	k__Bacteria;p__Firmicutes;c__Clostridia;o__Clostridiales;f__Ruminococcaceae;g__Faecalibacterium;s__Faecalibacterium_prausnitzii	k__Bacteria;p__Bacteroidetes;c__Bacteroidia;o__Bacteroidales;f__Rikenellaceae;g__Alistipes;s__Alistipes_finegoldii	k__Bacteria;p__Bacteroidetes;c__Bacteroidia;o__Bacteroidales;f__Porphyromonadaceae;g__Parabacteroides;s__Parabacteroides_distasonis	k__Bacteria;p__Bacteroidetes;c__Bacteroidia;o__Bacteroidales;f__Bacteroidaceae;g__Bacteroides;s__Bacteroides_thetaiotaomicron	k__Bacteria;p__Bacteroidetes;c__Bacteroidia;o__Bacteroidales;f__Bacteroidaceae;g__Bacteroides;s__Bacteroides_coprocola	k__Bacteria;p__Bacteroidetes;c__Bacteroidia;o__Bacteroidales;f__Bacteroidaceae;g__Bacteroides;s__Bacteroides_cellulosilyticus	k__Bacteria;p__Bacteroidetes;c__Bacteroidia;o__Bacteroidales;f__Rikenellaceae;g__Alistipes;s__Alistipes_obesi	k__Bacteria;p__Firmicutes;c__Clostridia;o__Clostridiales;f__Lachnospiraceae;g__;s__[Eubacterium]_rectale	k__Bacteria;p__Bacteroidetes;c__Bacteroidia;o__Bacteroidales;f__Bacteroidaceae;g__Bacteroides;s__Bacteroides_plebeius	k__Bacteria;p__Bacteroidetes;c__Bacteroidia;o__Bacteroidales;f__Bacteroidaceae;g__Bacteroides;s__Bacteroides_fragilis	k__Bacteria;p__Proteobacteria;c__Betaproteobacteria;o__Burkholderiales;f__Sutterellaceae;g__Sutterella;s__Sutterella_wadsworthensis	k__Bacteria;p__Bacteroidetes;c__Bacteroidia;o__Bacteroidales;f__Porphyromonadaceae;g__Barnesiella;s__Barnesiella_intestinihominis	k__Bacteria;p__Bacteroidetes;c__Bacteroidia;o__Bacteroidales;f__Odoribacteraceae;g__Odoribacter;s__Odoribacter_splanchnicus	k__Bacteria;p__Bacteroidetes;c__Bacteroidia;o__Bacteroidales;f__Bacteroidaceae;g__Bacteroides;s__Bacteroides_salyersiae	k__Bacteria;p__Firmicutes;c__Clostridia;o__Clostridiales;f__Ruminococcaceae;g__Ruminiclostridium;s__[Eubacterium]_siraeum	k__Bacteria;p__Proteobacteria;c__Betaproteobacteria;o__Burkholderiales;f__Sutterellaceae;g__Parasutterella;s__Parasutterella_excrementihominis	k__Bacteria;p__Actinobacteria;c__Actinobacteria;o__Bifidobacteriales;f__Bifidobacteriaceae;g__Bifidobacterium;s__Bifidobacterium_adolescentis	k__Bacteria;p__Firmicutes;c__Clostridia;o__Clostridiales;f__Oscillospiraceae;g__Oscillibacter;s__Oscillibacter_sp._KLE_1745	k__Bacteria;p__Bacteroidetes;c__Bacteroidia;o__Bacteroidales;f__Bacteroidaceae;g__Bacteroides;s__Bacteroides_coprophilus	k__Bacteria;p__Firmicutes;c__Clostridia;o__Clostridiales;f__Lachnospiraceae;g__Roseburia;s__Roseburia_intestinalis	k__Bacteria;p__Firmicutes;c__Clostridia;o__Clostridiales;f__Lachnospiraceae;g__Roseburia;s__Roseburia_hominis	k__Bacteria;p__Bacteroidetes;c__Bacteroidia;o__Bacteroidales;f__Porphyromonadaceae;g__Parabacteroides;s__Parabacteroides_johnsonii	k__Bacteria;p__Actinobacteria;c__Actinobacteria;o__Bifidobacteriales;f__Bifidobacteriaceae;g__Bifidobacterium;s__Bifidobacterium_longum	k__Bacteria;p__Firmicutes;c__Clostridia;o__Clostridiales;f__;g__Flavonifractor;s__Flavonifractor_plautii	k__Bacteria;p__Firmicutes;c__Clostridia;o__Clostridiales;f__Clostridiaceae;g__Clostridium;s__Clostridium_phoceensis	k__Bacteria;p__Verrucomicrobia;c__Verrucomicrobiae;o__Verrucomicrobiales;f__Akkermansiaceae;g__Akkermansia;s__Akkermansia_muciniphila	k__Bacteria;p__Bacteroidetes;c__Bacteroidia;o__Bacteroidales;f__Prevotellaceae;g__Paraprevotella;s__Paraprevotella_xylaniphila	k__Bacteria;p__Firmicutes;c__Clostridia;o__Clostridiales;f__Ruminococcaceae;g__Ruminococcus;s__Ruminococcus_callidus	k__Bacteria;p__Bacteroidetes;c__Bacteroidia;o__Bacteroidales;f__Rikenellaceae;g__Alistipes;s__Alistipes_senegalensis	k__Bacteria;p__Firmicutes;c__Clostridia;o__Clostridiales;f__Lachnospiraceae;g__Blautia;s__Blautia_sp._KLE_1732	k__Bacteria;p__Bacteroidetes;c__Bacteroidia;o__Bacteroidales;f__Bacteroidaceae;g__Bacteroides;s__Bacteroides_oleiciplenus	k__Bacteria;p__Firmicutes;c__Clostridia;o__Clostridiales;f__Ruminococcaceae;g__Ruminococcus;s__Ruminococcus_bicirculans	k__Bacteria;p__Bacteroidetes;c__Bacteroidia;o__Bacteroidales;f__Bacteroidaceae;g__Bacteroides;s__Bacteroides_fluxus	k__Bacteria;p__Bacteroidetes;c__Bacteroidia;o__Bacteroidales;f__Prevotellaceae;g__Prevotella;s__Prevotella_stercorea	k__Bacteria;p__Firmicutes;c__Clostridia;o__Clostridiales;f__Lachnospiraceae;g__Dorea;s__Dorea_longicatena	k__Bacteria;p__Firmicutes;c__Clostridia;o__Clostridiales;f__Eubacteriaceae;g__Eubacterium;s__[Eubacterium]_eligens	k__Bacteria;p__Firmicutes;c__Clostridia;o__Clostridiales;f__Ruminococcaceae;g__;s__Ruminococcaceae_bacterium_D16	k__Bacteria;p__Firmicutes;c__Clostridia;o__Clostridiales;f__Lachnospiraceae;g__Coprococcus;s__Coprococcus_comes	k__Bacteria;p__Proteobacteria;c__Gammaproteobacteria;o__Enterobacterales;f__Enterobacteriaceae;g__Escherichia;s__Escherichia_coli	k__Bacteria;p__Firmicutes;c__Clostridia;o__Clostridiales;f__Ruminococcaceae;g__Anaerotruncus;s__Anaerotruncus_colihominis	k__Bacteria;p__Firmicutes;c__Clostridia;o__Clostridiales;f__Lachnospiraceae;g__Blautia;s__Blautia_obeum	k__Bacteria;p__Bacteroidetes;c__Bacteroidia;o__Bacteroidales;f__Odoribacteraceae;g__Odoribacter;s__Odoribacter_laneus	k__Bacteria;p__Firmicutes;c__Clostridia;o__Clostridiales;f__Ruminococcaceae;g__Ruminiclostridium;s__[Clostridium]_leptum	k__Bacteria;p__Bacteroidetes;c__Bacteroidia;o__Bacteroidales;f__Porphyromonadaceae;g__Parabacteroides;s__Parabacteroides_goldsteinii	k__Bacteria;p__Firmicutes;c__Clostridia;o__Clostridiales;f__Lachnospiraceae;g__Anaerostipes;s__Anaerostipes_hadrus	k__Bacteria;p__Firmicutes;c__Clostridia;o__Clostridiales;f__Ruminococcaceae;g__Ruminococcus;s__Ruminococcus_lactaris	k__Bacteria;p__Firmicutes;c__Clostridia;o__Clostridiales;f__Clostridiaceae;g__Clostridium;s__Clostridium_sp._L2-50	k__Bacteria;p__Firmicutes;c__Clostridia;o__Clostridiales;f__Clostridiaceae;g__Clostridium;s__Clostridium_sp._M62/1	k__Bacteria;p__Firmicutes;c__Clostridia;o__Clostridiales;f__;g__Intestinimonas;s__Intestinimonas_butyriciproducens	k__Bacteria;p__Actinobacteria;c__Actinobacteria;o__Bifidobacteriales;f__Bifidobacteriaceae;g__Bifidobacterium;s__Bifidobacterium_bifidum	k__Bacteria;p__Firmicutes;c__Negativicutes;o__Veillonellales;f__Veillonellaceae;g__Dialister;s__Dialister_invisus	k__Bacteria;p__Bacteroidetes;c__Bacteroidia;o__Bacteroidales;f__Bacteroidaceae;g__Bacteroides;s__Bacteroides_salanitronis
k__Bacteria;p__Bacteroidetes;c__Bacteroidia;o__Bacteroidales;f__Bacteroidaceae;g__Bacteroides;s__Bacteroides_vulgatus	1.0	0.000171251082443	-0.0258438469165	0.0143116736112	-0.0479021528794	0.0141165698301	-0.0422494085159	-0.0221137712485	0.0169016276504	0.0111199104415	-0.0404731557879	-0.0664967867142	0.0148302241783	0.0442573237658	0.0284000454024	-0.0330988413542	-0.0695438241649	-0.0223110042604	-0.0188079546538	0.00228287282071	0.0251223958264	-0.0257144983918	-0.00750411988312	0.0208040963745	-0.0501286577277	-0.0588956270215	0.0287582860091	-0.0273172856523	0.0505888980592	-0.0141355694103	-0.00355269684441	0.00269357171276	-0.0603831753537	-0.010297712531	0.0176723836086	0.0318520017387	0.0101435673932	0.00942989955878	0.0614482827985	-0.0268608354072	0.0307751912178	-0.0433767306489	0.00707431025069	-0.0507874033217	0.0340642396604	-0.015125194402	-0.017376885084	-0.0218218999524	-0.119235444091	-0.0185456682248	0.0150347269582	-0.0344076144652	0.00232726841335	0.00783098372932	0.0372146525566	0.0199494492294	0.0107928993996	0.0183049073963	0.0171547208996
k__Bacteria;p__Bacteroidetes;c__Bacteroidia;o__Bacteroidales;f__Bacteroidaceae;g__Bacteroides;s__Bacteroides_uniformis	0.000171251082443	1.0	-0.0606919584855	-0.000414400885577	-0.00787502941892	0.0177027620615	0.0198837143575	0.0290371123087	-0.0580891826059	-0.0349431589549	-0.0403895725956	-0.0291507675365	-0.017443778654	-0.0537015808797	-0.0510785710366	-0.0149603036157	0.00940051708525	0.0335485439312	0.0694115651394	-0.00756665249902	0.019930051208	0.00599231159262	-0.00312506879386	0.0254722454748	-0.0540454657091	-0.0594369210341	-0.0497410461615	-0.0277169631296	-0.033892126749	-0.0409631974336	-0.0442640868971	-0.0141773225124	0.0332194189622	0.0188009005697	-0.00034926362815	0.0295602126268	-0.022097726508	0.0847857984829	0.0923246583202	0.0260665204295	0.0324731080123	0.0135445390504	0.0558891800448	-0.0261297317213	-0.0902155950848	-0.0121778618169	0.0496606165537	-0.0739778317181	0.0298210306664	-0.0504475323086	-0.0267132063721	-0.0517387668438	-0.000351625024073	0.00121792189619	-0.0577373091993	0.0101735604033	-0.00407615697885	-0.00588086996743	-0.0578743915142
k__Bacteria;p__Bacteroidetes;c__Bacteroidia;o__Bacteroidales;f__Rikenellaceae;g__Alistipes;s__Alistipes_putredinis	-0.0258438469165	-0.0606919584855	1.0	-0.0145445113101	0.0259255674706	-0.0558008796656	-0.0263465956083	0.0468735141007	0.00931882707228	0.0326463731411	0.0120146068719	0.0337368172815	0.0267309264665	-0.0492926477058	-0.00336470693893	-0.00128074649152	-0.0310456341125	-0.000979686447825	-0.0600032729498	-0.0051809590086	0.0104671846132	0.0716027399283	0.00532150782325	0.00988946750481	-0.00835986419524	0.0306655406787	0.00502585211585	-0.0254869887665	0.0123907948635	-0.00890009740437	-0.0791153841956	-0.0382975749953	0.0466742343263	-0.0187394381046	0.0231731645211	-0.00841343327946	-0.00600243070072	-0.0671631391804	-0.0199772706598	-0.0444140349975	-0.0222799703017	0.0120571403586	-0.0195908090429	-0.0106312027068	0.0384267094494	-0.0115165285374	0.000761604773069	0.0078452410334	0.00742711332467	0.00679123806657	-0.0112696118969	0.063346742417	0.057149803668	-0.0288044683001	0.024034442791	-0.0276913917633	-0.0057550372278	0.0285359126579	0.052479222448
k__Bacteria;p__Bacteroidetes;c__Bacteroidia;o__Bacteroidales;f__Prevotellaceae;g__Prevotella;s__Prevotella_copri	0.0143116736112	-0.000414400885577	-0.0145445113101	1.0	0.0159330217051	-0.0216399588952	0.00683799482543	-0.00715401375062	0.0244135093171	0.105488994658	-0.00548745309018	0.0117557454969	-0.0123223781376	0.0227068330309	0.0265630407764	0.00629223265484	-0.0297728215888	0.0154068651337	-0.0515922137599	-0.0157740916006	-0.0771693301326	0.00586352880547	0.00372505294408	-0.00783228154707	0.0530783059567	-0.0841282916564	0.0367752476171	0.0701290139368	-0.0484928605723	-0.0895608995813	0.011763030095	0.00256538301888	0.0281896529563	0.00747090481858	-0.039418217247	-0.0357493769166	0.0272916501337	-0.00445799254284	0.0887652212898	-0.0853702172535	0.022722388407	-0.0596050362883	-0.0129966149067	-0.0400470356816	0.0210029436494	0.0469014810058	-0.0819170030582	-0.0160155730253	-0.0112678242818	-0.0604697261502	0.067016600332	-0.0219122690575	0.0709384986532	0.0483113648373	0.00230674030137	-0.0290056148461	0.00498038601413	-0.0364985361116	0.0782422377902
k__Bacteria;p__Bacteroidetes;c__Bacteroidia;o__Bacteroidales;f__Bacteroidaceae;g__Bacteroides;s__Bacteroides_stercoris	-0.0479021528794	-0.00787502941892	0.0259255674706	0.0159330217051	1.0	-0.0216570366621	-0.0188830967341	-5.84387312737e-05	-0.0125976172594	0.0130678416924	-0.0199886857155	-0.032016438447	0.0601152164254	-0.0513605233358	-0.0104629250633	-0.011366866974	0.0145442775818	0.00508646737106	0.0351965158233	-0.0389349151051	0.00945069476307	0.00119589480095	-0.00236014067919	-0.0128364286345	-0.0246358719085	-0.00158330291309	-0.0245171419692	-0.0197360741512	-0.0445982717549	-0.0269637496776	0.0676372687998	-0.0472734999402	-0.00747770277188	-0.0111239255681	0.00671882390815	-0.01879904073	0.00458351347784	-0.0143609685737	-0.0181107652478	-0.0224296916147	0.050253024183	-0.0263613894184	-0.0142619926572	-0.0317337288113	1.81036139482e-05	-0.0166972493348	-0.00914441021588	-0.0936808055056	0.0276151516764	0.0078326637131	0.034136965057	0.00088487601151	-0.0284266179877	-0.0835889510455	0.0286704101193	-0.0350704863346	0.025600860338	-0.00186157639875	-0.0212820002458
k__Bacteria;p__Bacteroidetes;c__Bacteroidia;o__Bacteroidales;f__Bacteroidaceae;g__Bacteroides;s__Bacteroides_ovatus	0.0141165698301	0.0177027620615	-0.0558008796656	-0.0216399588952	-0.0216570366621	1.0	-0.00094331043604	-0.0375337333925	-0.000351263429198	-0.0287392535555	-0.0320830966135	-0.00640935339686	0.00727901547256	-0.02065296344	0.077977121358	-0.0298135318937	-0.0509855875801	-0.0759352654711	0.0181652312831	-0.018020169117	0.0177545721718	-0.0228166113038	0.00503260927909	0.0148997218659	-0.00960562590683	-0.00935247239207	0.0241337187126	0.00905960731364	0.0101421459169	0.0209590097481	0.0458427579958	-0.0139451613023	0.0295062050959	0.0268363852601	0.0040898986949	0.0302320825529	-0.00952935521595	-0.077298763471	-0.0319351792965	0.0346099688138	-0.0674588021318	0.0205954679736	0.0214944030959	0.0435800138336	0.0386405436748	-0.0417273565404	-0.00512998389032	0.0212433656656	0.0155540048809	-0.00117281431774	-0.0759781734777	-0.0912435428362	0.00208914798035	-0.014749191875	0.00988199072378	-0.0504805072235	-0.0296969914372	-0.0342859893455	0.0147976929057
k__Bacteria;p__Bacteroidetes;c__Bacteroidia;o__Bacteroidales;f__Rikenellaceae;g__Alistipes;s__Alistipes_shahii	-0.0422494085159	0.0198837143575	-0.0263465956083	0.00683799482543	-0.0188830967341	-0.00094331043604	1.0	-0.00345541089114	-0.000751418103414	0.0239028898569	-0.0414474025431	-0.0139328349334	-0.0549283949101	0.00809477589227	-0.00761064469516	-0.011983082261	-0.00812808712479	-0.0325771663045	0.0693139849491	0.0344791370118	-0.0140520572594	0.00133093253316	-0.0549426234447	-0.0522030325752	0.000688517096401	-0.054019717618	0.0425488472646	0.0600827943045	0.000261728452273	0.00340863339667	-0.0111127691176	0.0225346641706	0.0284831671358	0.036694441568	-0.10836340813	0.00781618148172	0.0844146365335	-0.0245440024624	-0.011123632396	0.00633625606713	0.0168805757541	-0.0194148106845	0.00886898698465	-0.00446627199831	-0.00273602548211	-0.0466372089828	0.00374696616627	-0.0671329638114	0.00484267992858	0.0663192928416	0.00542045971103	-0.0719613468354	0.0492153762197	0.0479275584146	0.00346303249596	0.0129289332456	0.0164865044631	-0.0322930758317	-0.0121280423282
k__Bacteria;p__Firmicutes;c__Clostridia;o__Clostridiales;f__Ruminococcaceae;g__Faecalibacterium;s__Faecalibacterium_prausnitzii	-0.0221137712485	0.0290371123087	0.0468735141007	-0.00715401375062	-5.84387312737e-05	-0.0375337333925	-0.00345541089114	1.0	0.0215457276209	0.0395777118649	0.022257959906	-0.00947163747612	-0.0275910162822	-0.0664455339936	0.0019493817509	-0.00551539709975	-0.0396166001275	0.0267416340086	-0.0991165746309	0.0193759368712	-0.0618219035124	-0.0340506247392	0.0629186333107	0.00695610278479	-0.0112877459437	-0.0766900004359	0.00645395616077	-0.0146767500311	-0.0331756647332	0.00783255648827	-0.0103991223991	-0.0224594777339	-0.00110156523825	0.0118158987467	-0.0504948748526	-0.0398072910666	0.0384635024718	-0.00589399023169	0.0194127854415	-0.0133706003891	0.0413940507923	-0.00464208318006	-0.0642973663443	-0.0514591844068	-0.0041254265339	0.0502031252753	-0.00778875493438	-0.00757735117565	0.0272898440648	-0.026274287148	-0.00656283216336	-0.0461270000117	0.0467787636131	-0.04373554852	0.0413431214055	-0.053649372282	-0.0402704718939	0.0169278814144	-0.0408654680286
k__Bacteria;p__Bacteroidetes;c__Bacteroidia;o__Bacteroidales;f__Rikenellaceae;g__Alistipes;s__Alistipes_finegoldii	0.0169016276504	-0.0580891826059	0.00931882707228	0.0244135093171	-0.0125976172594	-0.000351263429198	-0.000751418103414	0.0215457276209	1.0	0.0489169552925	-0.0174233696562	-0.0362723743245	0.0341376703052	-0.0391740370903	-0.0699487942299	-0.0512113292642	0.0741862338916	0.0107650571467	0.00383719219417	-0.0343101773667	-0.0106483619314	-0.0245100458551	-0.0855624963938	0.0223771617656	-0.0131492231604	0.0277968784801	0.00819787734532	-0.0161274060085	-0.0372578400822	0.027564715672	-0.0376497931085	-0.0164223732881	-0.019277398003	0.00897602060655	0.016619699824	-0.0348092036429	0.0318148814317	-0.0129869356516	-0.0507290453983	-0.0146422358456	0.0137625823732	0.0068074152536	-0.0117624765981	0.00658414393539	-0.0392768038556	-0.0685424733889	0.0326183930229	-0.0389994407798	9.17041722872e-05	0.0545771046084	-0.0340137541203	0.0691505127499	-0.015777631024	-0.0365873184218	0.0510090406823	-0.000425014603075	-0.0092871165506	0.0149010977503	-0.00516495546434
k__Bacteria;p__Bacteroidetes;c__Bacteroidia;o__Bacteroidales;f__Porphyromonadaceae;g__Parabacteroides;s__Parabacteroides_distasonis	0.0111199104415	-0.0349431589549	0.0326463731411	0.105488994658	0.0130678416924	-0.0287392535555	0.0239028898569	0.0395777118649	0.0489169552925	1.0	0.0157722841868	-0.010466958592	-0.0477387798692	-0.04410894151	0.0110370835621	-0.0424951361361	-0.0180508606273	-0.02814064141	-0.0221269762852	-0.0254870193032	-0.0203025628903	0.00268423936621	-0.0539996300416	-0.0376375426587	0.0223931438966	0.0145977582584	-0.0295315052103	-0.0167811580884	0.0323832730894	-0.00528021424069	0.0610094605538	0.0189592759306	0.0364410784326	-0.0510482290465	-0.0235402049307	-0.0273726186385	-0.0552235693515	-0.0434187504914	-0.051994174846	0.056391809119	-0.00134148222174	-0.0437851700852	-0.016227483266	-0.0589615521918	0.0225514973751	-0.0251819989559	0.0401413004011	0.0132893947088	-0.0330896395087	-0.0461199900555	0.00995085414549	0.0307595854122	-0.0221611180216	0.0812766045906	-0.0739406676697	0.0719875022394	0.0326731934949	-0.0175253765597	0.0360510585307
k__Bacteria;p__Bacteroidetes;c__Bacteroidia;o__Bacteroidales;f__Bacteroidaceae;g__Bacteroides;s__Bacteroides_thetaiotaomicron	-0.0404731557879	-0.0403895725956	0.0120146068719	-0.00548745309018	-0.0199886857155	-0.0320830966135	-0.0414474025431	0.022257959906	-0.0174233696562	0.0157722841868	1.0	0.0823620812469	-0.0263965919935	-0.0244718277826	0.0245247436234	-0.0071056018767	-0.0498193023568	-0.0263092918366	-0.0269724018556	-0.0472037863561	0.0542895085424	-0.0214405496396	0.0212477369061	0.0183105854803	-0.0361855834119	0.0164520514855	-0.0271334193115	0.0165554623101	-0.0118519847684	-0.0450595610899	-0.0132414672498	-0.0268901386956	0.00621069700732	-0.0386491200586	0.0915487273992	-0.0518264834645	0.0267581349754	-0.0468113217435	-0.0368854023336	0.0445913260119	-0.0549402374051	-0.0175699369157	0.0255239252379	-0.0277816966767	-0.0255614938622	-0.0107974496187	0.00449157436219	0.0172893641119	0.0212660171039	-0.0702180567242	0.0114334912964	-0.0204468864206	-0.0143886969446	0.0472431514532	-0.0188164912009	0.0390105932671	-0.0364235896165	-0.0158736028865	-0.0120348113328
k__Bacteria;p__Bacteroidetes;c__Bacteroidia;o__Bacteroidales;f__Bacteroidaceae;g__Bacteroides;s__Bacteroides_coprocola	-0.0664967867142	-0.0291507675365	0.0337368172815	0.0117557454969	-0.032016438447	-0.00640935339686	-0.0139328349334	-0.00947163747612	-0.0362723743245	-0.010466958592	0.0823620812469	1.0	0.0362395394652	0.00879280129189	-0.0423018783874	-0.0662564442232	-0.0110433678125	-0.0456910544594	0.00349793473539	-0.00939083094367	-0.0207348539148	-0.0362283395883	-0.0201168911745	-0.0221244997471	-0.00205229745048	-0.0434855427225	-0.0108776972303	-0.0654028496067	-0.00935947704218	-0.0189677729241	-0.0400574334572	0.0274332440363	-0.000976369448886	-0.0610003079413	0.0137898540476	6.29043954547e-05	-0.0376880399314	0.0495009182612	-0.0362298256988	-0.0137228568746	-0.00288804730723	-0.0643093857089	-0.053382195494	-0.0236521556365	0.00435029249027	-0.0227446959042	-0.0214884189585	0.0278319416073	-0.0115289801792	0.0507267774788	-0.000131944176909	-0.0543983246711	0.0497943338242	-0.0886108094938	-0.0457163839981	0.00635367671694	0.0494927402119	0.0471837298617	0.0378077834009
k__Bacteria;p__Bacteroidetes;c__Bacteroidia;o__Bacteroidales;f__Bacteroidaceae;g__Bacteroides;s__Bacteroides_cellulosilyticus	0.0148302241783	-0.017443778654	0.0267309264665	-0.0123223781376	0.0601152164254	0.00727901547256	-0.0549283949101	-0.0275910162822	0.0341376703052	-0.0477387798692	-0.0263965919935	0.0362395394652	1.0	0.00771138595102	0.0331682229822	-0.00275062269219	-0.0183293010424	0.00901380353776	-0.00298749752716	0.00993614456974	-0.0181016369401	0.062001900878	0.0294192682661	0.039680186524	0.085911841607	-0.0574416816122	0.0399356947893	0.00230751415346	-0.0318087492856	0.000272415103032	0.00834279920121	0.0188398926628	0.0238438070902	-0.0237242813461	0.0780163649838	-0.00343463466784	0.0293641885899	-0.00421275923734	-0.0758393458817	-0.0217959305036	0.0207115204497	-0.0475813806064	-0.0230560176678	-0.0212788153953	-0.0260137592393	-0.087844938528	-0.043308010505	-0.0170170427546	-0.0385349685213	-0.000906474091294	-0.0735779335578	-0.0244905202603	-0.0101686308698	-0.0383582458833	0.0141226500225	-0.0979985126363	-0.0258752162557	0.0239173815376	0.023353293266
k__Bacteria;p__Bacteroidetes;c__Bacteroidia;o__Bacteroidales;f__Rikenellaceae;g__Alistipes;s__Alistipes_obesi	0.0442573237658	-0.0537015808797	-0.0492926477058	0.0227068330309	-0.0513605233358	-0.02065296344	0.00809477589227	-0.0664455339936	-0.0391740370903	-0.04410894151	-0.0244718277826	0.00879280129189	0.00771138595102	1.0	-0.0665452908469	0.0381845929867	0.0393850778964	-0.0201019748952	-0.0613107224774	-0.0187952684609	-0.0380913754083	0.00743867267006	-0.0382538571111	-0.0510096060001	0.0257775387537	-0.0124946436191	-0.000843029035882	-0.000568103031323	-0.0125380351619	0.0384073378115	0.0535688987182	-0.0323256954288	-0.0353477436004	0.00970799753424	-0.035348244828	-0.00944298251375	-0.0360916752648	0.0162938705339	-0.00817220294545	-0.018755624257	0.0182366238484	-0.0393301667391	-0.0171056613799	0.00785960013582	0.0217668380383	-0.00187789522373	-0.0117645537613	-0.0161565838332	0.0173260878856	-0.0254342878291	0.0152532420458	-0.0526677498576	0.0226591268251	0.0205981389246	-0.0021148411635	0.0258617827161	-0.00670068068869	0.0131604675846	-0.0280938162144
k__Bacteria;p__Firmicutes;c__Clostridia;o__Clostridiales;f__Lachnospiraceae;g__;s__[Eubacterium]_rectale	0.0284000454024	-0.0510785710366	-0.00336470693893	0.0265630407764	-0.0104629250633	0.077977121358	-0.00761064469516	0.0019493817509	-0.0699487942299	0.0110370835621	0.0245247436234	-0.0423018783874	0.0331682229822	-0.0665452908469	1.0	0.0588872925236	0.0425298849961	0.000469802377358	-0.0639624007778	-0.0196948893013	0.0166195882604	-0.0311652239563	0.0250901693615	-0.00975876954116	0.0170513457532	-0.0490621934001	-0.0125976951734	0.0095631193717	-0.0121969614857	0.0124217892723	0.0150509417445	-0.0200635760485	-0.0165027430474	0.0509785158959	-0.000295875648354	0.01896509697	-0.0261163940964	-0.0147764652849	-0.0544976326151	0.00208796243898	0.00520906345687	-0.00108808894089	-0.0283244054474	0.0249679315621	-0.000172232011755	-0.0098947811191	-0.0747330469132	-0.0463795454245	-0.0202305102597	-0.0404293863213	-0.0719579639682	0.0100898529835	0.067671248475	0.0395277626291	0.0113401185615	-0.060567260401	-0.00335251156338	-0.0374065239917	-0.00195854405326
k__Bacteria;p__Bacteroidetes;c__Bacteroidia;o__Bacteroidales;f__Bacteroidaceae;g__Bacteroides;s__Bacteroides_plebeius	-0.0330988413542	-0.0149603036157	-0.00128074649152	0.00629223265484	-0.011366866974	-0.0298135318937	-0.011983082261	-0.00551539709975	-0.0512113292642	-0.0424951361361	-0.0071056018767	-0.0662564442232	-0.00275062269219	0.0381845929867	0.0588872925236	1.0	-0.00614075389459	-0.0248416604519	0.00360024377557	-0.00766367994895	0.00455708176723	0.0518777200094	-0.0179287693781	-0.0183060341395	0.0512892793385	-0.0736165834065	-0.00877485938421	-0.0298418296096	0.0668155862611	-0.00204609961461	-0.0311222705506	-0.0056446922508	-0.0498789039784	-0.0386472522785	-0.04246386972	-0.0627070521611	-0.0328217637045	-0.0161464091319	0.00398992346921	-0.0146142389479	0.0397972456807	-0.00908711240597	0.00242313177843	-0.0140662021257	-0.00911179329679	-0.00592357425506	-0.0105230629718	-0.0110468469939	-0.128312950438	-0.0302878997995	-0.0288124734459	-0.000594951402544	0.046829920466	0.0447340580348	-0.00137901965302	0.0135745794209	0.0185316271928	-0.0532486335772	0.0245564508967
k__Bacteria;p__Bacteroidetes;c__Bacteroidia;o__Bacteroidales;f__Bacteroidaceae;g__Bacteroides;s__Bacteroides_fragilis	-0.0695438241649	0.00940051708525	-0.0310456341125	-0.0297728215888	0.0145442775818	-0.0509855875801	-0.00812808712479	-0.0396166001275	0.0741862338916	-0.0180508606273	-0.0498193023568	-0.0110433678125	-0.0183293010424	0.0393850778964	0.0425298849961	-0.00614075389459	1.0	0.0267301923467	-0.0298018062273	-0.0130050936542	0.064735595811	0.000929099144114	-0.0298493550571	0.0281676021471	-0.0835485548166	-0.037673636212	0.0240144506763	-0.0275417292196	0.00937380817884	0.0160478036937	-0.0349450400679	-0.046074358347	0.0830345304538	-0.07540310112	-0.0404820590615	0.0330487048841	0.0167130195188	-0.0665045858285	0.0197431931502	-0.0429877144117	0.0664858585885	-0.0574988442079	-0.00773964972962	-0.018295880255	-0.0262448185751	0.0487559132865	0.0138797950949	-0.0198625009202	0.0123519634177	-0.0473057731645	0.0032139772291	-0.0383439788719	0.026831529084	0.0104565228193	-0.0387961574956	-0.0178016975032	-0.00451507901603	0.0176325576767	-0.00635966862767
k__Bacteria;p__Proteobacteria;c__Betaproteobacteria;o__Burkholderiales;f__Sutterellaceae;g__Sutterella;s__Sutterella_wadsworthensis	-0.0223110042604	0.0335485439312	-0.000979686447825	0.0154068651337	0.00508646737106	-0.0759352654711	-0.0325771663045	0.0267416340086	0.0107650571467	-0.02814064141	-0.0263092918366	-0.0456910544594	0.00901380353776	-0.0201019748952	0.000469802377358	-0.0248416604519	0.0267301923467	1.0	-0.0169424174551	-0.0153502250505	0.0412346755179	0.0101029599886	-0.015591041835	-0.0143427205357	-0.000772328942022	0.014412090384	0.0888031763558	0.0214834071925	0.0572375235555	-0.0201512778236	-0.0674212801104	0.0344509979111	0.00124184024086	0.000190985680122	0.0198416307907	0.0630177844269	-0.0404020532844	0.0314124760578	-0.0195507088394	-0.0303122958274	-0.0123157270726	-0.0346538649137	-0.0954700382023	0.00117723064144	-0.00218862549293	-0.0615632315529	-0.0198654798041	-0.0504305875745	0.0156724044775	-0.00679259388342	-0.0207497056223	-0.0140983718185	-0.0537015340379	0.0368471677687	-0.00597115053511	0.0279804948119	0.0253041889172	-0.00825552875845	0.0186567912745
k__Bacteria;p__Bacteroidetes;c__Bacteroidia;o__Bacteroidales;f__Porphyromonadaceae;g__Barnesiella;s__Barnesiella_intestinihominis	-0.0188079546538	0.0694115651394	-0.0600032729498	-0.0515922137599	0.0351965158233	0.0181652312831	0.0693139849491	-0.0991165746309	0.00383719219417	-0.0221269762852	-0.0269724018556	0.00349793473539	-0.00298749752716	-0.0613107224774	-0.0639624007778	0.00360024377557	-0.0298018062273	-0.0169424174551	1.0	-0.0634722819083	0.070881608442	-0.0500927698767	0.00803300870417	-0.0146329351237	-0.0382405515103	-0.0510828093456	0.0700420109115	0.0214435736103	-0.0435469735443	0.0242287639393	-0.0289166763784	-0.0134484809319	0.0660431753358	0.00973243812314	-0.00336398877388	-0.029001000911	-0.0203866024653	-0.0285008668217	-0.0123640978645	-0.0132752450099	-0.00717323736194	0.0117284985525	-0.00680059877933	0.0111072470398	-0.0732022972159	0.0436028081916	-0.0253964932539	-0.0287343447699	-0.0231952497344	-0.0417411379407	-0.0314462757307	-0.0165015535215	-0.0645853723503	0.00495596312699	0.0136496485193	-0.0302066726186	-0.0570504432398	0.00464589839738	0.000849800620831
k__Bacteria;p__Bacteroidetes;c__Bacteroidia;o__Bacteroidales;f__Odoribacteraceae;g__Odoribacter;s__Odoribacter_splanchnicus	0.00228287282071	-0.00756665249902	-0.0051809590086	-0.0157740916006	-0.0389349151051	-0.018020169117	0.0344791370118	0.0193759368712	-0.0343101773667	-0.0254870193032	-0.0472037863561	-0.00939083094367	0.00993614456974	-0.0187952684609	-0.0196948893013	-0.00766367994895	-0.0130050936542	-0.0153502250505	-0.0634722819083	1.0	-0.00503626173398	-0.00706845014989	0.000357279641893	-0.0336015315452	0.00511431431543	0.00848766760729	-0.0718491349787	0.0439698966786	0.00381070413256	0.0260502513944	-0.0494422266448	-0.00310741490998	0.010993428597	0.0219297757733	-0.0377288392905	0.083339585388	0.0931762019857	-0.040716380073	0.0348212151419	0.00922348131478	-0.0594156307989	-0.0371140880448	-0.0113988362759	-0.00454631983115	0.0301600811177	-0.00808024857511	-0.0653593643059	-0.019717824387	-0.00311321234161	0.0288554603217	-0.0168055199658	0.0133512066182	-0.000717306247153	-0.0269551785419	0.00352863855429	-0.00733679075328	0.0424331950357	-0.000326091922171	-0.0157224704647
k__Bacteria;p__Bacteroidetes;c__Bacteroidia;o__Bacteroidales;f__Bacteroidaceae;g__Bacteroides;s__Bacteroides_salyersiae	0.0251223958264	0.019930051208	0.0104671846132	-0.0771693301326	0.00945069476307	0.0177545721718	-0.0140520572594	-0.0618219035124	-0.0106483619314	-0.0203025628903	0.0542895085424	-0.0207348539148	-0.0181016369401	-0.0380913754083	0.0166195882604	0.00455708176723	0.064735595811	0.0412346755179	0.070881608442	-0.00503626173398	1.0	-0.0432002670087	-0.000943197824083	-0.0191443864583	-0.0230442094603	-0.0108400861969	0.0358721477376	-0.0340341513848	0.0127294271625	0.0445873098316	-0.0136818004596	0.000486595461075	-0.00734800304104	-0.0335360110278	0.0268742582154	-0.0235392733147	-0.0326923575428	-0.0520877418858	-0.0200695232729	0.0482924436597	0.0495573095101	0.00477241215696	-0.00706398469219	-0.0234295484317	-0.0428359404313	0.0785649942223	-0.0653535085548	0.00541039506853	0.0389402060072	-0.0503645600707	-0.00473719890603	-0.0335298024283	-0.075832854498	-0.00266058283039	-0.0168472957423	0.00744729096198	0.0120637144802	-0.0467668154856	-0.0130957960745
k__Bacteria;p__Firmicutes;c__Clostridia;o__Clostridiales;f__Ruminococcaceae;g__Ruminiclostridium;s__[Eubacterium]_siraeum	-0.0257144983918	0.00599231159262	0.0716027399283	0.00586352880547	0.00119589480095	-0.0228166113038	0.00133093253316	-0.0340506247392	-0.0245100458551	0.00268423936621	-0.0214405496396	-0.0362283395883	0.062001900878	0.00743867267006	-0.0311652239563	0.0518777200094	0.000929099144114	0.0101029599886	-0.0500927698767	-0.00706845014989	-0.0432002670087	1.0	0.0138615229308	-0.0397828060589	-0.0179445593084	0.0171062726066	-0.0148389183594	-0.0119573298982	-0.00297078796753	0.0249005852035	-0.0213719836022	-0.0229148866105	-0.00510028420141	-0.0456296236751	0.0318742185249	-0.0425491240596	0.0091211288712	0.0222094615145	-0.0641340103478	-0.0320113453813	-0.0510745374698	-0.0883531085065	-0.0292591709915	-0.0252922124922	0.00531049728063	0.0139558001652	-0.0313557594684	0.00775424589198	-0.0250380825775	-0.019864084851	-0.031518019812	-0.035278900504	0.0460596137097	-0.124196487374	0.0128973560518	-0.0409514456617	0.00450377391136	0.000592590980762	-0.0343219946784
k__Bacteria;p__Proteobacteria;c__Betaproteobacteria;o__Burkholderiales;f__Sutterellaceae;g__Parasutterella;s__Parasutterella_excrementihominis	-0.00750411988312	-0.00312506879386	0.00532150782325	0.00372505294408	-0.00236014067919	0.00503260927909	-0.0549426234447	0.0629186333107	-0.0855624963938	-0.0539996300416	0.0212477369061	-0.0201168911745	0.0294192682661	-0.0382538571111	0.0250901693615	-0.0179287693781	-0.0298493550571	-0.015591041835	0.00803300870417	0.000357279641893	-0.000943197824083	0.0138615229308	1.0	-0.0268497948388	-0.0179350605009	0.0581782363507	0.0370714107149	0.0320036259206	0.0247634316294	-0.0357031655085	-0.0128640059271	0.00763313377982	-0.0325687986297	0.00481294246997	0.0237201213021	0.00882450015747	-0.0175988078127	-0.000786256934396	0.00525398747492	-0.00106853342934	-0.0430900576542	-0.00945489778115	-0.0468522055804	0.0118572348062	-0.00941302703759	0.0182734618197	-0.0720528784289	0.0650894130416	-0.0986749147802	-0.0219466485202	-0.00553394717491	0.0411515435855	0.0492784383365	-0.0591783437677	-0.0195363902079	-0.00515483517667	0.0345158389404	0.0277755100984	0.0186861880381
k__Bacteria;p__Actinobacteria;c__Actinobacteria;o__Bifidobacteriales;f__Bifidobacteriaceae;g__Bifidobacterium;s__Bifidobacterium_adolescentis	0.0208040963745	0.0254722454748	0.00988946750481	-0.00783228154707	-0.0128364286345	0.0148997218659	-0.0522030325752	0.00695610278479	0.0223771617656	-0.0376375426587	0.0183105854803	-0.0221244997471	0.039680186524	-0.0510096060001	-0.00975876954116	-0.0183060341395	0.0281676021471	-0.0143427205357	-0.0146329351237	-0.0336015315452	-0.0191443864583	-0.0397828060589	-0.0268497948388	1.0	-0.101300407916	-0.00602744270824	0.00641130800375	-0.00225434395107	0.0338306728245	0.077144988186	0.0206875590444	0.0434763344733	-0.0414287606009	0.0203871385322	-0.0153953892773	0.0477875960295	-0.0260379656025	-0.042322903981	-0.0262900792246	-0.034821350596	0.0202235134871	0.00339516296338	-0.0354338425048	-0.00836054851446	0.0141358910228	-0.0957800057193	0.0412059602854	-0.0567928108794	0.00330231520966	0.0227083345228	0.0357839732354	-0.023298989879	-0.0222775625703	-0.0135592279945	0.0413749063224	0.00936341848132	0.0157462667179	-0.0293952518892	0.0129554003833
k__Bacteria;p__Firmicutes;c__Clostridia;o__Clostridiales;f__Oscillospiraceae;g__Oscillibacter;s__Oscillibacter_sp._KLE_1745	-0.0501286577277	-0.0540454657091	-0.00835986419524	0.0530783059567	-0.0246358719085	-0.00960562590683	0.000688517096401	-0.0112877459437	-0.0131492231604	0.0223931438966	-0.0361855834119	-0.00205229745048	0.085911841607	0.0257775387537	0.0170513457532	0.0512892793385	-0.0835485548166	-0.000772328942022	-0.0382405515103	0.00511431431543	-0.0230442094603	-0.0179445593084	-0.0179350605009	-0.101300407916	1.0	-0.0562725082071	0.0301770923007	-0.0222937539131	-0.0495355033489	0.00773970851589	-0.0461042539697	0.0318159372406	-0.0258826330673	-0.0405454434983	-0.0236799890871	-0.0160870469667	-0.0131721648184	-0.0184763762592	-0.0144222537293	-0.06509458992	-0.0544717470487	0.0135492056461	0.0276447826349	0.0826311596491	0.0116779343972	-0.043777923557	-0.0298001760228	0.00649701154967	-0.0155061126035	-0.014502472892	-0.0254044695596	0.0536195162001	0.0460986182281	-0.00555319377297	-0.00485461165702	0.0346488781559	-0.0177853365355	-0.0225738824864	-0.0240122138064
k__Bacteria;p__Bacteroidetes;c__Bacteroidia;o__Bacteroidales;f__Bacteroidaceae;g__Bacteroides;s__Bacteroides_coprophilus	-0.0588956270215	-0.0594369210341	0.0306655406787	-0.0841282916564	-0.00158330291309	-0.00935247239207	-0.054019717618	-0.0766900004359	0.0277968784801	0.0145977582584	0.0164520514855	-0.0434855427225	-0.0574416816122	-0.0124946436191	-0.0490621934001	-0.0736165834065	-0.037673636212	0.014412090384	-0.0510828093456	0.00848766760729	-0.0108400861969	0.0171062726066	0.0581782363507	-0.00602744270824	-0.0562725082071	1.0	0.0387680985497	-0.00520502031293	0.0475418329067	-0.00968616948456	0.0255619351597	-0.0436966864313	0.00783604673083	-0.0539086857367	-0.0279640322575	-0.0145811428839	0.0130794011774	-0.00776923758805	0.0210711223044	-0.0359107395283	-0.00106302488173	-0.0367413717915	0.0184211523694	0.0313674726802	0.00176102373977	-0.0285962874429	0.0548725811145	-0.0285947684917	0.0269374866456	0.0473123051282	0.0503478131002	0.014186362015	-0.0324176653287	-0.0580368152559	-0.0553299543411	0.0313183047565	-0.0161113789568	0.00599410214295	0.0516533469333
k__Bacteria;p__Firmicutes;c__Clostridia;o__Clostridiales;f__Lachnospiraceae;g__Roseburia;s__Roseburia_intestinalis	0.0287582860091	-0.0497410461615	0.00502585211585	0.0367752476171	-0.0245171419692	0.0241337187126	0.0425488472646	0.00645395616077	0.00819787734532	-0.0295315052103	-0.0271334193115	-0.0108776972303	0.0399356947893	-0.000843029035882	-0.0125976951734	-0.00877485938421	0.0240144506763	0.0888031763558	0.0700420109115	-0.0718491349787	0.0358721477376	-0.0148389183594	0.0370714107149	0.00641130800375	0.0301770923007	0.0387680985497	1.0	0.0290491280984	-0.0312620947661	0.0172383340089	-0.0348257961263	-0.0460219019324	-0.0186008434914	-0.00233855233559	-0.054830270862	0.0351987564454	0.0684020201502	-0.0145664455514	0.00273726592147	-0.0391669151871	-0.0427488733425	-0.0630515362295	-0.07859555996	0.0212163978033	0.01580372979	0.0411016207703	-0.0637074417487	-0.0313142504668	-0.00327126479895	0.0104121679606	0.01308597333	-0.0461842822028	-0.0365112177979	-0.037180775772	0.0308076170582	0.00413509371626	-0.028725739794	-0.00654429898204	-0.0216863626891
k__Bacteria;p__Firmicutes;c__Clostridia;o__Clostridiales;f__Lachnospiraceae;g__Roseburia;s__Roseburia_hominis	-0.0273172856523	-0.0277169631296	-0.0254869887665	0.0701290139368	-0.0197360741512	0.00905960731364	0.0600827943045	-0.0146767500311	-0.0161274060085	-0.0167811580884	0.0165554623101	-0.0654028496067	0.00230751415346	-0.000568103031323	0.0095631193717	-0.0298418296096	-0.0275417292196	0.0214834071925	0.0214435736103	0.0439698966786	-0.0340341513848	-0.0119573298982	0.0320036259206	-0.00225434395107	-0.0222937539131	-0.00520502031293	0.0290491280984	1.0	-0.0039379905868	0.0179459210733	-0.0405567926544	0.0534595412757	-0.0115332233949	0.0176128305881	0.0458491612304	0.0320049578229	-0.0284359627881	-0.0109880903458	0.0251264143605	-0.0428426671437	-0.0551822378167	0.0453228099738	0.00809110498157	-0.0182466812163	-0.0568689996444	0.0426142180485	-0.0354834462786	-0.016695943167	-0.0334769962956	0.0229792404662	-0.00523562923904	-0.0508547209262	-0.0200651567258	0.00707319778502	-0.056911670193	-0.0138819661718	-0.0620866555612	0.0189777282561	-0.0185527791648
k__Bacteria;p__Bacteroidetes;c__Bacteroidia;o__Bacteroidales;f__Porphyromonadaceae;g__Parabacteroides;s__Parabacteroides_johnsonii	0.0505888980592	-0.033892126749	0.0123907948635	-0.0484928605723	-0.0445982717549	0.0101421459169	0.000261728452273	-0.0331756647332	-0.0372578400822	0.0323832730894	-0.0118519847684	-0.00935947704218	-0.0318087492856	-0.0125380351619	-0.0121969614857	0.0668155862611	0.00937380817884	0.0572375235555	-0.0435469735443	0.00381070413256	0.0127294271625	-0.00297078796753	0.0247634316294	0.0338306728245	-0.0495355033489	0.0475418329067	-0.0312620947661	-0.0039379905868	1.0	-0.00660686971076	-0.0301879038934	0.0547547334317	0.00657613556761	0.0151185574026	-0.132418977874	-0.114256715975	-0.0116538720013	-0.038820519936	0.0362034013978	0.0504345804473	-0.0259554087136	-0.0066381215633	0.0103058150501	0.0138847642251	-0.0279690740802	-0.0290281981023	-0.0224387209204	-0.0145976410153	-0.0225291822219	0.0488660643622	0.00281590440154	0.0325473792703	-0.0180889800126	-0.0105462807177	-0.0479950398578	-0.0267228738423	-0.0557430741063	0.00900972977881	-0.0340181697375
k__Bacteria;p__Actinobacteria;c__Actinobacteria;o__Bifidobacteriales;f__Bifidobacteriaceae;g__Bifidobacterium;s__Bifidobacterium_longum	-0.0141355694103	-0.0409631974336	-0.00890009740437	-0.0895608995813	-0.0269637496776	0.0209590097481	0.00340863339667	0.00783255648827	0.027564715672	-0.00528021424069	-0.0450595610899	-0.0189677729241	0.000272415103032	0.0384073378115	0.0124217892723	-0.00204609961461	0.0160478036937	-0.0201512778236	0.0242287639393	0.0260502513944	0.0445873098316	0.0249005852035	-0.0357031655085	0.077144988186	0.00773970851589	-0.00968616948456	0.0172383340089	0.0179459210733	-0.00660686971076	1.0	-0.00343170131481	0.0190741953784	-0.0181327875148	0.0150457706771	0.0220647413583	-0.0689300510816	-0.0545270037019	0.0234137386434	-0.00267786129832	0.0481302769924	-0.0548824420023	0.0121120392366	0.0442338782839	-0.0251392400735	-0.042314501561	-0.0635856944216	-0.00705284928669	-0.0186521898211	-0.0285397907099	-0.0184921963499	-0.0548653959169	0.0543185250342	-0.047898281285	0.00848059469626	0.0338781277243	-0.0172140058696	-0.0517401324501	0.0165099945785	-0.0193217676573
