#taxonomy	k__Bacteria;p__Bacteroidetes;c__Bacteroidia;o__Bacteroidales;f__Bacteroidaceae;g__Bacteroides;s__Bacteroides_vulgatus	k__Bacteria;p__Bacteroidetes;c__Bacteroidia;o__Bacteroidales;f__Bacteroidaceae;g__Bacteroides;s__Bacteroides_uniformis	k__Bacteria;p__Bacteroidetes;c__Bacteroidia;o__Bacteroidales;f__Rikenellaceae;g__Alistipes;s__Alistipes_putredinis	k__Bacteria;p__Bacteroidetes;c__Bacteroidia;o__Bacteroidales;f__Prevotellaceae;g__Prevotella;s__Prevotella_copri	k__Bacteria;p__Bacteroidetes;c__Bacteroidia;o__Bacteroidales;f__Bacteroidaceae;g__Bacteroides;s__Bacteroides_stercoris	k__Bacteria;p__Bacteroidetes;c__Bacteroidia;o__Bacteroidales;f__Bacteroidaceae;g__Bacteroides;s__Bacteroides_ovatus	k__Bacteria;p__Bacteroidetes;c__Bacteroidia;o__Bacteroidales;f__Rikenellaceae;g__Alistipes;s__Alistipes_shahii	k__Bacteria;p__Firmicutes;c__Clostridia;o__Clostridiales;f__Ruminococcaceae;g__Faecalibacterium;s__Faecalibacterium_prausnitzii	k__Bacteria;p__Bacteroidetes;c__Bacteroidia;o__Bacteroidales;f__Rikenellaceae;g__Alistipes;s__Alistipes_finegoldii	k__Bacteria;p__Bacteroidetes;c__Bacteroidia;o__Bacteroidales;f__Porphyromonadaceae;g__Parabacteroides;s__Parabacteroides_distasonis	k__Bacteria;p__Bacteroidetes;c__Bacteroidia;o__Bacteroidales;f__Bacteroidaceae;g__Bacteroides;s__Bacteroides_thetaiotaomicron	k__Bacteria;p__Bacteroidetes;c__Bacteroidia;o__Bacteroidales;f__Bacteroidaceae;g__Bacteroides;s__Bacteroides_coprocola	k__Bacteria;p__Bacteroidetes;c__Bacteroidia;o__Bacteroidales;f__Bacteroidaceae;g__Bacteroides;s__Bacteroides_cellulosilyticus	k__Bacteria;p__Bacteroidetes;c__Bacteroidia;o__Bacteroidales;f__Rikenellaceae;g__Alistipes;s__Alistipes_obesi	k__Bacteria;p__Firmicutes;c__Clostridia;o__Clostridiales;f__Lachnospiraceae;g__;s__[Eubacterium]_rectale	k__Bacteria;p__Bacteroidetes;c__Bacteroidia;o__Bacteroidales;f__Bacteroidaceae;g__Bacteroides;s__Bacteroides_plebeius	k__Bacteria;p__Bacteroidetes;c__Bacteroidia;o__Bacteroidales;f__Bacteroidaceae;g__Bacteroides;s__Bacteroides_fragilis	k__Bacteria;p__Proteobacteria;c__Betaproteobacteria;o__Burkholderiales;f__Sutterellaceae;g__Sutterella;s__Sutterella_wadsworthensis	k__Bacteria;p__Bacteroidetes;c__Bacteroidia;o__Bacteroidales;f__Porphyromonadaceae;g__Barnesiella;s__Barnesiella_intestinihominis	k__Bacteria;p__Bacteroidetes;c__Bacteroidia;o__Bacteroidales;f__Odoribacteraceae;g__Odoribacter;s__Odoribacter_splanchnicus	k__Bacteria;p__Bacteroidetes;c__Bacteroidia;o__Bacteroidales;f__Bacteroidaceae;g__Bacteroides;s__Bacteroides_salyersiae	k__Bacteria;p__Firmicutes;c__Clostridia;o__Clostridiales;f__Ruminococcaceae;g__Ruminiclostridium;s__[Eubacterium]_siraeum	k__Bacteria;p__Proteobacteria;c__Betaproteobacteria;o__Burkholderiales;f__Sutterellaceae;g__Parasutterella;s__Parasutterella_excrementihominis	k__Bacteria;p__Actinobacteria;c__Actinobacteria;o__Bifidobacteriales;f__Bifidobacteriaceae;g__Bifidobacterium;s__Bifidobacterium_adolescentis	k__Bacteria;p__Firmicutes;c__Clostridia;o__Clostridiales;f__Oscillospiraceae;g__Oscillibacter;s__Oscillibacter_sp._KLE_1745	k__Bacteria;p__Bacteroidetes;c__Bacteroidia;o__Bacteroidales;f__Bacteroidaceae;g__Bacteroides;s__Bacteroides_coprophilus	k__Bacteria;p__Firmicutes;c__Clostridia;o__Clostridiales;f__Lachnospiraceae;g__Roseburia;s__Roseburia_intestinalis	k__Bacteria;p__Firmicutes;c__Clostridia;o__Clostridiales;f__Lachnospiraceae;g__Roseburia;s__Roseburia_hominis	k__Bacteria;p__Bacteroidetes;c__Bacteroidia;o__Bacteroidales;f__Porphyromonadaceae;g__Parabacteroides;s__Parabacteroides_johnsonii	k__Bacteria;p__Actinobacteria;c__Actinobacteria;o__Bifidobacteriales;f__Bifidobacteriaceae;g__Bifidobacterium;s__Bifidobacterium_longum	k__Bacteria;p__Firmicutes;c__Clostridia;o__Clostridiales;f__;g__Flavonifractor;s__Flavonifractor_plautii	k__Bacteria;p__Firmicutes;c__Clostridia;o__Clostridiales;f__Clostridiaceae;g__Clostridium;s__Clostridium_phoceensis	k__Bacteria;p__Verrucomicrobia;c__Verrucomicrobiae;o__Verrucomicrobiales;f__Akkermansiaceae;g__Akkermansia;s__Akkermansia_muciniphila	k__Bacteria;p__Bacteroidetes;c__Bacteroidia;o__Bacteroidales;f__Prevotellaceae;g__Paraprevotella;s__Paraprevotella_xylaniphila	k__Bacteria;p__Firmicutes;c__Clostridia;o__Clostridiales;f__Ruminococcaceae;g__Ruminococcus;s__Ruminococcus_callidus	k__Bacteria;p__Bacteroidetes;c__Bacteroidia;o__Bacteroidales;f__Rikenellaceae;g__Alistipes;s__Alistipes_senegalensis	k__Bacteria;p__Firmicutes;c__Clostridia;o__Clostridiales;f__Lachnospiraceae;g__Blautia;s__Blautia_sp._KLE_1732	k__Bacteria;p__Bacteroidetes;c__Bacteroidia;o__Bacteroidales;f__Bacteroidaceae;g__Bacteroides;s__Bacteroides_oleiciplenus	k__Bacteria;p__Firmicutes;c__Clostridia;o__Clostridiales;f__Ruminococcaceae;g__Ruminococcus;s__Ruminococcus_bicirculans	k__Bacteria;p__Bacteroidetes;c__Bacteroidia;o__Bacteroidales;f__Bacteroidaceae;g__Bacteroides;s__Bacteroides_fluxus	k__Bacteria;p__Bacteroidetes;c__Bacteroidia;o__Bacteroidales;f__Prevotellaceae;g__Prevotella;s__Prevotella_stercorea	k__Bacteria;p__Firmicutes;c__Clostridia;o__Clostridiales;f__Lachnospiraceae;g__Dorea;s__Dorea_longicatena	k__Bacteria;p__Firmicutes;c__Clostridia;o__Clostridiales;f__Eubacteriaceae;g__Eubacterium;s__[Eubacterium]_eligens	k__Bacteria;p__Firmicutes;c__Clostridia;o__Clostridiales;f__Ruminococcaceae;g__;s__Ruminococcaceae_bacterium_D16	k__Bacteria;p__Firmicutes;c__Clostridia;o__Clostridiales;f__Lachnospiraceae;g__Coprococcus;s__Coprococcus_comes	k__Bacteria;p__Proteobacteria;c__Gammaproteobacteria;o__Enterobacterales;f__Enterobacteriaceae;g__Escherichia;s__Escherichia_coli	k__Bacteria;p__Firmicutes;c__Clostridia;o__Clostridiales;f__Ruminococcaceae;g__Anaerotruncus;s__Anaerotruncus_colihominis	k__Bacteria;p__Firmicutes;c__Clostridia;o__Clostridiales;f__Lachnospiraceae;g__Blautia;s__Blautia_obeum	k__Bacteria;p__Bacteroidetes;c__Bacteroidia;o__Bacteroidales;f__Odoribacteraceae;g__Odoribacter;s__Odoribacter_laneus	k__Bacteria;p__Firmicutes;c__Clostridia;o__Clostridiales;f__Ruminococcaceae;g__Ruminiclostridium;s__[Clostridium]_leptum	k__Bacteria;p__Bacteroidetes;c__Bacteroidia;o__Bacteroidales;f__Porphyromonadaceae;g__Parabacteroides;s__Parabacteroides_goldsteinii	k__Bacteria;p__Firmicutes;c__Clostridia;o__Clostridiales;f__Lachnospiraceae;g__Anaerostipes;s__Anaerostipes_hadrus	k__Bacteria;p__Firmicutes;c__Clostridia;o__Clostridiales;f__Ruminococcaceae;g__Ruminococcus;s__Ruminococcus_lactaris	k__Bacteria;p__Firmicutes;c__Clostridia;o__Clostridiales;f__Clostridiaceae;g__Clostridium;s__Clostridium_sp._L2-50	k__Bacteria;p__Firmicutes;c__Clostridia;o__Clostridiales;f__Clostridiaceae;g__Clostridium;s__Clostridium_sp._M62/1	k__Bacteria;p__Firmicutes;c__Clostridia;o__Clostridiales;f__;g__Intestinimonas;s__Intestinimonas_butyriciproducens	k__Bacteria;p__Actinobacteria;c__Actinobacteria;o__Bifidobacteriales;f__Bifidobacteriaceae;g__Bifidobacterium;s__Bifidobacterium_bifidum	k__Bacteria;p__Firmicutes;c__Negativicutes;o__Veillonellales;f__Veillonellaceae;g__Dialister;s__Dialister_invisus	k__Bacteria;p__Bacteroidetes;c__Bacteroidia;o__Bacteroidales;f__Bacteroidaceae;g__Bacteroides;s__Bacteroides_salanitronis
k__Bacteria;p__Bacteroidetes;c__Bacteroidia;o__Bacteroidales;f__Bacteroidaceae;g__Bacteroides;s__Bacteroides_vulgatus	1.0	-0.0502847827686	0.0179358177792	-0.0752952613319	-0.0180514701515	0.0226985432734	0.0133466844329	0.00136551810205	0.00224006211428	-0.000200953061055	-0.0331246598087	-0.0602524062504	0.00563318813868	-0.0475167616274	0.0443185966975	-0.0214873451096	-0.00786938994169	-0.0244015557054	0.0305925168088	-0.0665797093566	0.00192256844761	-0.0679895765193	0.0432389283757	0.0272711309351	-0.041642289097	6.95058338698e-05	-0.0262839845514	-0.00420327291923	-0.00422421103517	-0.00520142341375	0.0182961056779	0.0411074378491	-0.00526410335267	-0.0341397400428	-0.0392075919806	-0.00163838371516	-0.0265727990851	0.0292966926399	0.00748714979252	0.0254977689789	0.0417534373046	0.0438502921156	-0.0802578959169	0.0163941461637	-0.0304405159557	0.0435413027821	0.00597376663544	-0.0457680452097	-0.0252490073838	0.000604009804501	0.0162973633209	-0.0245304042118	-0.0899586493437	-0.0547886774193	0.0809871546066	0.0176548847521	0.0165096885024	0.00559887123932	-0.0234856724813
k__Bacteria;p__Bacteroidetes;c__Bacteroidia;o__Bacteroidales;f__Bacteroidaceae;g__Bacteroides;s__Bacteroides_uniformis	-0.0502847827686	1.0	-0.0392304040869	-0.00780436727271	-0.0124986098424	0.0457378993883	0.0540115351816	-0.0288271654308	-0.0361831668446	0.0174992708409	0.0176795878811	0.0323978534757	-0.00821268710408	0.023109812866	0.00827145049466	0.0217669452673	-0.00527099690592	-0.00425822499373	0.0258334330092	-0.028931699976	-0.0236944528058	-0.0102302079948	0.0513445847334	-0.013285009652	0.023362445764	0.0446090589709	-0.120626855947	-0.0680096125377	0.0771697412698	-0.0903057312805	-0.0181533886326	0.00146563586138	0.0201235048058	-0.0262830925345	-0.00948859566203	-0.00975867725079	0.0103179385156	-0.0346238903622	0.00588690981589	0.000596422969079	-0.0288593798998	0.00511478934136	-0.0475465962655	0.00054410915901	0.000109925997396	0.0633101226025	-0.0282629984064	-0.0660119162651	-0.00467497206731	-0.0378993706048	-0.0260854823617	0.0279537623848	-0.0493228147515	0.0187631217492	0.0482126228371	0.0409040130869	-0.00143232398864	0.0600452464728	0.0475483799848
k__Bacteria;p__Bacteroidetes;c__Bacteroidia;o__Bacteroidales;f__Rikenellaceae;g__Alistipes;s__Alistipes_putredinis	0.0179358177792	-0.0392304040869	1.0	-0.039859685926	-0.0138589662123	0.00469497156752	0.00349275582605	0.00205061858448	-0.0402712496585	-0.0642519027158	-0.00754495795368	-0.0407603270308	-0.027454817217	0.0202511827982	-0.06417971556	-0.00162380398648	-0.0165793493835	-0.0440203134251	0.00996460074988	-0.0420239575893	0.0498711108348	0.00382632698662	-0.0250200187963	-0.0350877088608	-0.0424463495851	-0.0682339979586	0.0376307162035	-0.0119286602881	-0.027506942134	0.0422576290484	-0.0425594020318	-0.0454502733915	0.0146244438383	-0.0301844475749	-0.0025218402333	0.0328181515496	3.25283810624e-05	-0.0316049336493	0.0122398617709	-0.0410586150218	-0.0239660947396	-0.0143986832452	-0.0620825812754	-0.0112556677327	-0.0168667269793	0.0581997529735	0.0101662709348	0.0172757483662	-0.00153801832026	0.0244029811402	-0.0153781568461	-0.0018055035998	-0.0347439279396	0.0443902594173	-0.00879445375538	0.0182692508247	0.0030168397371	0.0293104704583	-0.0124658537878
k__Bacteria;p__Bacteroidetes;c__Bacteroidia;o__Bacteroidales;f__Prevotellaceae;g__Prevotella;s__Prevotella_copri	-0.0752952613319	-0.00780436727271	-0.039859685926	1.0	0.00699584387945	-0.0433540728162	-0.0370800423586	-0.0330380666209	-0.0245574045273	0.00174625956112	-0.0195422285687	0.0132084588727	0.0130787381609	0.00692845848343	-0.02054978359	-0.00501672055869	-0.0616127063776	-0.0183642905157	-0.0190575366016	-0.0367987056541	-0.0183474009277	0.0415051867906	0.000274474302874	-0.0380283548689	0.0258703862748	-0.02109565757	0.0495270266317	-0.0164409038315	0.00482406428409	0.00703589590593	0.0396980416827	0.00467211608386	-0.0136050931942	0.0148864581353	0.0183276020048	0.0286565410401	0.00560013708094	-0.00405301192906	0.0072295880775	-0.0644611144609	0.0265395338606	-0.0164910930691	0.0628692958789	-0.0140603481987	0.0431728127346	-0.0548254967689	-0.00192616651475	-0.0295039066417	-0.0192071775505	-0.020726974233	-0.0358140435863	0.0319544264492	-0.0104802753385	-0.0342545760951	0.105265787235	0.0302883543409	-0.00100271695452	-0.0401510006309	0.023689969829
k__Bacteria;p__Bacteroidetes;c__Bacteroidia;o__Bacteroidales;f__Bacteroidaceae;g__Bacteroides;s__Bacteroides_stercoris	-0.0180514701515	-0.0124986098424	-0.0138589662123	0.00699584387945	1.0	0.01882899715	0.0531651858302	-0.0365227370895	0.0315837066532	-0.00323583019287	0.0160768216594	-0.00019725792739	-0.00409425863435	0.00994844675758	-0.0040185153507	-0.0305715993667	-0.0419083279985	0.00538020009654	0.0282761051742	0.0195319199344	0.0183128544457	0.0139961292282	0.0174243173189	0.0251531703613	-0.0163579294233	0.0090346930231	0.00222889945026	-0.0245729938709	0.0217337055401	-0.0096350603281	-0.0123321887837	0.0221730576229	0.028816890988	-0.0300142018298	0.0290377717903	-0.00158534334945	-0.0708221144716	-0.035540419994	0.0257983650023	0.011214733511	0.00863580124751	-0.0393543991233	-0.0711881313886	-0.0441781835332	-0.029044518188	-0.0458067190607	0.00664265039758	-0.0244630371238	-0.0886950981065	-0.0442155066789	0.0194939521159	0.0474243470672	0.068858326784	-0.0189277709885	0.00572947117743	0.0338217827186	-0.031379687783	0.0716355889809	-0.0137282968883
k__Bacteria;p__Bacteroidetes;c__Bacteroidia;o__Bacteroidales;f__Bacteroidaceae;g__Bacteroides;s__Bacteroides_ovatus	0.0226985432734	0.0457378993883	0.00469497156752	-0.0433540728162	0.01882899715	1.0	-0.0110292814546	-0.0100239720416	0.0794158760699	-0.0567344629094	-0.00876494576295	-0.0281587300249	0.00685887785705	0.00418884608594	0.00143175657075	-0.0109422422148	-0.020722701042	-0.0182261197317	0.0618829034425	0.0239715671881	-0.00666177996131	-0.0702898694897	-0.0167335061459	-0.0493053295591	0.000778330738781	0.00267013609739	-0.0465705337621	-0.0149978506346	-0.00194304611267	-0.0564476799295	-0.0777509007695	0.026887675301	-0.0116255276563	0.0576734462032	0.0231195700642	-0.0383513288994	-0.0292670313395	0.0206682688396	0.00134436325558	0.00433653585532	-0.0314786908041	-0.0038108791395	0.00928445840745	-0.0446779386274	-0.0102356180467	-0.0320605895936	-0.0231744228974	0.0325226744219	0.043567112297	0.00566500144611	0.0579729153071	-0.00927619950062	0.0328401215428	-0.0201295456874	-0.0543174992541	-0.0310404274189	0.0289417336895	-0.0216504758953	-0.050331224262
k__Bacteria;p__Bacteroidetes;c__Bacteroidia;o__Bacteroidales;f__Rikenellaceae;g__Alistipes;s__Alistipes_shahii	0.0133466844329	0.0540115351816	0.00349275582605	-0.0370800423586	0.0531651858302	-0.0110292814546	1.0	0.0428889678971	-0.00293799777857	-0.0266131836534	0.0509123400554	-0.0309603632854	-0.0139133165659	-0.0434010162026	0.00576839840092	-0.0569900566446	-0.0102535523346	-0.00464702744656	0.0320325968137	0.0421774474586	-0.0578774463644	0.0218323948358	-0.0242363366901	-0.0293605061191	0.0239563007788	-0.0283712493149	0.0392488030717	0.0273562051527	-0.0436270867738	-0.0295709090361	-0.0662375044231	-0.0533514604608	0.0261385580016	0.034685702891	0.00546144626976	0.0371560644344	0.00784158339948	-0.0831197880467	-0.0504423430028	0.0234208700884	0.0318305116138	0.0471366802964	-0.0127972326928	-0.0142837675507	-0.0109005981292	-0.036643236492	-0.0237940807259	0.00373061365127	-0.0851116338967	0.0789709697996	0.0103809310099	-0.00646709579829	-0.0447751410327	-0.00377331798622	-0.0497661020131	-0.0324493865625	0.0126490035778	0.0274762953905	0.00692871058704
k__Bacteria;p__Firmicutes;c__Clostridia;o__Clostridiales;f__Ruminococcaceae;g__Faecalibacterium;s__Faecalibacterium_prausnitzii	0.00136551810205	-0.0288271654308	0.00205061858448	-0.0330380666209	-0.0365227370895	-0.0100239720416	0.0428889678971	1.0	0.0163582149403	-0.032685324315	-0.016713365545	0.0437426987624	-0.0327270570454	-0.0241697870902	0.00695985634822	-0.0428729004722	-0.0151028148036	-0.047473314835	-0.00853932548748	0.0100018666465	-0.0602589812694	0.0350151054621	-0.0221494304724	0.0280223779094	0.0171981003543	0.00424079105334	-0.00146507893676	0.0404659052285	0.0129681060862	-0.00942062763285	0.0316477140687	-0.0600499670606	0.0363942160243	-0.017872007954	-0.0330084264215	-0.0332287551612	-0.063221293934	-0.051649340741	0.0123046227175	-0.00172106404837	0.0565856581218	-0.0178404495822	0.0236188341999	0.00314105203952	-0.00522782318723	0.015071332032	0.0136820126054	0.00388349963977	0.00459633137184	0.042018252365	0.019884437585	-0.0168815990838	-0.0329195541428	-0.0155432970833	0.0108871433652	-0.0477080039636	0.0681982321004	-0.0107670215389	0.0319785165823
k__Bacteria;p__Bacteroidetes;c__Bacteroidia;o__Bacteroidales;f__Rikenellaceae;g__Alistipes;s__Alistipes_finegoldii	0.00224006211428	-0.0361831668446	-0.0402712496585	-0.0245574045273	0.0315837066532	0.0794158760699	-0.00293799777857	0.0163582149403	1.0	0.0201496317919	-0.00847784304343	0.0193216893709	-0.0169600050243	-0.0511168054505	0.00528198698333	-0.0643733620609	-0.00593130263755	-0.0705496237389	-0.0332131240347	-0.027751713208	0.00697159672615	-0.0100665162155	-0.0538504718866	-0.0265885879605	0.0321571806639	0.0171463858039	-0.0154359282178	0.0120470796538	-0.0240754103455	-0.0327563308232	0.086273759594	-0.0186214129099	0.0247823355811	-0.0569060167403	0.00675176782436	-0.0109248371434	-0.00130411217767	-0.00501305773939	0.0201995481733	0.0378210907252	-0.107301931154	0.0153007327313	0.000519460765655	0.067870321204	-0.0454183742243	-0.0475079875007	-0.035796459445	0.00249911421611	-0.030652592127	0.0309969248457	0.0192682553466	-0.0182971422719	-0.00401371665634	-0.00813918938095	-0.00113511217443	-0.0472587746431	0.0208851797115	0.000873940298388	0.00059125196599
k__Bacteria;p__Bacteroidetes;c__Bacteroidia;o__Bacteroidales;f__Porphyromonadaceae;g__Parabacteroides;s__Parabacteroides_distasonis	-0.000200953061055	0.0174992708409	-0.0642519027158	0.00174625956112	-0.00323583019287	-0.0567344629094	-0.0266131836534	-0.032685324315	0.0201496317919	1.0	-0.0420827935426	0.0149719463021	-0.0173786676237	-0.019235857189	-0.00946644734159	0.00402537740717	0.0331237034305	0.00639504933831	-0.0441689645429	-0.0138614391385	0.0168840025277	0.00625568533674	-0.00484534231851	0.0162678190272	0.0195951073031	0.0154272403259	-0.0273859750279	0.0283220097857	-0.0173173776606	-0.0062898617508	-0.0251845557817	-0.0363139450317	-0.0644975605726	-0.0377536857021	-0.00462858408292	-0.047295253147	0.0688449537673	0.01949338625	-0.0262721156057	-0.0492518809994	-0.0806727437302	-0.00281896516723	0.0184981329975	-0.0109518501701	0.0698241348945	-0.0660152767212	-0.0317524619759	-0.0054421824173	0.0109315159102	-0.0776455234679	0.0305958664585	-0.0028170872799	-0.0363398529186	0.00551908339161	-0.0362639869935	0.0150732598269	0.00526595475696	-0.0699231000248	0.0425245725179
k__Bacteria;p__Bacteroidetes;c__Bacteroidia;o__Bacteroidales;f__Bacteroidaceae;g__Bacteroides;s__Bacteroides_thetaiotaomicron	-0.0331246598087	0.0176795878811	-0.00754495795368	-0.0195422285687	0.0160768216594	-0.00876494576295	0.0509123400554	-0.016713365545	-0.00847784304343	-0.0420827935426	1.0	-0.0481623475981	-0.0153429435163	0.0125492797931	-0.0176602961007	-0.0131581844411	-0.0267791087443	-0.0294449289439	0.0467989635659	0.0072101503473	0.00243892815636	-0.00487252491293	0.0311978957291	0.0138252072756	-0.0310225395918	0.0443965728468	-0.0197179114221	-0.0288391344581	-0.0215618545711	0.0205052008241	-0.0368983913279	0.0176384279814	-0.0389323160572	-0.00183247902462	0.00154238674205	-0.0301896498712	-0.0437796539381	0.0240045021361	-0.00106637075205	0.0356161850392	-0.0223158381074	0.0290016382134	0.0457115697955	0.0300813814122	0.028616300088	-0.00149036514286	-0.0769939668357	0.00400893381036	-0.0209045116944	-0.0517111380897	-0.0786502589888	0.00578974030944	0.0496673976828	0.0208416773428	-0.0487276613177	0.0266044513796	-0.0168386074398	-0.0140544141209	0.0027998768587
k__Bacteria;p__Bacteroidetes;c__Bacteroidia;o__Bacteroidales;f__Bacteroidaceae;g__Bacteroides;s__Bacteroides_coprocola	-0.0602524062504	0.0323978534757	-0.0407603270308	0.0132084588727	-0.00019725792739	-0.0281587300249	-0.0309603632854	0.0437426987624	0.0193216893709	0.0149719463021	-0.0481623475981	1.0	0.0135992114014	-0.0067989405634	0.0210333484459	0.0561845078078	-0.0210943392554	0.0082260377628	0.0159182478667	0.0283337852228	-0.0173013930139	0.0397241435416	0.0328662001691	-0.0621458484592	0.00236092743492	-0.0391160830319	-0.054263365823	-0.0023641969202	-0.0273320821629	-0.00838342177608	0.0528928453297	-0.0098736405983	-0.0682652299981	0.0429276123012	0.00387958957246	-0.00228068898559	-0.012537710935	0.0583319126345	-0.0219985417177	-0.0331181396969	0.0381109365471	-0.0120516507265	-0.0020910213685	0.0163405206103	-0.0404038797365	-0.00940527423939	-0.0786510787111	-0.0237516921684	-0.0138087649694	0.00315427153148	0.0129076683977	-0.0519120937665	0.0198934201406	-0.00189762008046	-0.0376896330906	-0.0548386993118	0.026086009358	-0.0256260880074	-0.0414665624831
k__Bacteria;p__Bacteroidetes;c__Bacteroidia;o__Bacteroidales;f__Bacteroidaceae;g__Bacteroides;s__Bacteroides_cellulosilyticus	0.00563318813868	-0.00821268710408	-0.027454817217	0.0130787381609	-0.00409425863435	0.00685887785705	-0.0139133165659	-0.0327270570454	-0.0169600050243	-0.0173786676237	-0.0153429435163	0.0135992114014	1.0	-0.0617782862656	0.00399719291453	-0.085373140798	0.0548883057388	0.0161433874119	0.00134385887495	-0.00897028089769	0.00540306288118	0.0127140175772	-0.00592609222095	0.0166990866361	0.0145886161702	0.0288822062025	0.0213983296626	0.019067114393	-0.015234413826	0.033251783679	-0.0271352022596	-0.0291236536991	-0.0454543546924	0.0246383060762	-0.0044241192888	-0.0369086204691	0.00400870160769	0.00627114770782	-0.036445679576	-0.00888437722233	0.000480067143996	-0.0579654438902	-0.0213399109113	0.0939002376827	0.0296379107703	0.0183106530602	-0.0249414346204	-0.0555847952294	0.0354051111827	0.0228989069887	-0.0729254373523	-0.0438591252009	-0.0777873621104	0.0132573948772	0.0143122602916	-0.00823449519002	-0.10471286009	-0.00868497447453	-0.0261868884728
k__Bacteria;p__Bacteroidetes;c__Bacteroidia;o__Bacteroidales;f__Rikenellaceae;g__Alistipes;s__Alistipes_obesi	-0.0475167616274	0.023109812866	0.0202511827982	0.00692845848343	0.00994844675758	0.00418884608594	-0.0434010162026	-0.0241697870902	-0.0511168054505	-0.019235857189	0.0125492797931	-0.0067989405634	-0.0617782862656	1.0	-0.00785973068507	-0.0436465793697	-0.0163927547408	0.0612470914815	0.0572546750528	-0.01771752937	-0.0195755474238	-0.00659861700153	0.0185292658441	-0.0057009322883	-0.000101081203998	-0.0123460923837	0.00804654998858	-0.0400199939054	-0.00226687352044	-0.0532172885868	-0.00187237499093	0.0163120798698	0.0239004945301	-0.00277785300285	-0.015746625608	-0.0105676930476	0.00776165414053	-0.00820744479383	-0.0508788720169	-0.00382418149094	0.0751572139683	-0.0554245135522	-0.020042183539	-0.0391691377743	-0.0287189063397	0.0653827930549	0.0212527431444	-0.0039425874642	-0.0647674997706	-0.0213643337943	0.0284612637105	-0.0759784473387	0.0401514854851	-0.0705856942067	0.0133712689661	-0.0204887134865	0.0269242129317	-0.115260347851	0.0141416941165
k__Bacteria;p__Firmicutes;c__Clostridia;o__Clostridiales;f__Lachnospiraceae;g__;s__[Eubacterium]_rectale	0.0443185966975	0.00827145049466	-0.06417971556	-0.02054978359	-0.0040185153507	0.00143175657075	0.00576839840092	0.00695985634822	0.00528198698333	-0.00946644734159	-0.0176602961007	0.0210333484459	0.00399719291453	-0.00785973068507	1.0	-0.0350981044013	0.00935698779341	0.0261525156991	-0.040049721553	-0.0510542093781	-0.00918425191429	0.0338728243546	0.0090527149894	-0.0314143557942	0.0297834650506	-0.050640806276	0.0552308563981	0.0130564704009	-0.0415682539784	-0.00866618756251	-0.0118256715563	0.0695363475211	-0.0695867667562	-0.0676835248809	0.00295447041624	-0.0260467342536	-0.0310315739058	-0.0167133689402	0.0182374529185	0.0021230053145	0.0122421622992	-0.0195197948895	0.0397090833011	-0.0198944902469	-0.0407659156939	-0.0715711356548	0.0723410719384	-0.050615524318	0.0104438667657	-0.0297981538217	-0.0202351985205	0.0288063336992	0.0332379120998	0.0164333187056	-0.031981549019	-0.0443071679152	-0.0360863534256	0.0310162693783	-0.00676399639137
k__Bacteria;p__Bacteroidetes;c__Bacteroidia;o__Bacteroidales;f__Bacteroidaceae;g__Bacteroides;s__Bacteroides_plebeius	-0.0214873451096	0.0217669452673	-0.00162380398648	-0.00501672055869	-0.0305715993667	-0.0109422422148	-0.0569900566446	-0.0428729004722	-0.0643733620609	0.00402537740717	-0.0131581844411	0.0561845078078	-0.085373140798	-0.0436465793697	-0.0350981044013	1.0	-0.0229090960367	0.00403923041235	-0.033163251783	0.0483239524373	0.0843186705968	0.00896778551072	0.0506714512719	-0.0239770256451	-0.0205337798666	-0.0031520826314	-0.000967322560458	-0.0310294138826	-0.00911994950838	-0.00888466383497	0.0315925795357	-0.027739133159	-0.0297221802897	-0.00791055761957	-0.050722223369	-0.0197743468704	0.0270110487241	-0.00885174116641	0.00202139625681	-0.00955473049534	0.0558160479159	0.00328383851466	-0.0272269515402	0.0553578186811	-0.0116362364363	-0.0351452744454	-0.0096789119285	0.0310558265883	0.03579858169	-0.0403814221622	-0.00575849191957	0.0258245911737	0.02335798189	-0.012764754972	-0.0172573738764	0.0683205251851	-0.0262318763368	-0.00464255641479	0.0493780156584
k__Bacteria;p__Bacteroidetes;c__Bacteroidia;o__Bacteroidales;f__Bacteroidaceae;g__Bacteroides;s__Bacteroides_fragilis	-0.00786938994169	-0.00527099690592	-0.0165793493835	-0.0616127063776	-0.0419083279985	-0.020722701042	-0.0102535523346	-0.0151028148036	-0.00593130263755	0.0331237034305	-0.0267791087443	-0.0210943392554	0.0548883057388	-0.0163927547408	0.00935698779341	-0.0229090960367	1.0	-0.0245149734321	-0.000910821461955	-0.0146097557278	-0.0211250083663	0.0214394223328	0.0491784378117	0.03143262965	0.0834972401463	-0.0387146425316	0.000357646569514	-0.037857298402	-0.0139535916254	0.00866470918818	0.0480170496043	-0.0182729947996	0.0255199423869	-0.0337445659032	-0.00457128984389	-0.0451870200865	0.029384617747	-0.0331686806281	0.0322312203321	0.037231879354	-0.0753285095393	0.011990226567	-0.0178362713957	-0.0714352671242	0.0126953314354	-0.0162824226849	-0.0477879645906	0.0164680261941	0.023303871199	-0.0515625508011	0.037406013853	-0.0435763494711	0.0794454776364	-0.0283767473615	-0.0416861644291	-0.00733531390257	0.0838534017121	0.0168459651955	-0.0202190585107
k__Bacteria;p__Proteobacteria;c__Betaproteobacteria;o__Burkholderiales;f__Sutterellaceae;g__Sutterella;s__Sutterella_wadsworthensis	-0.0244015557054	-0.00425822499373	-0.0440203134251	-0.0183642905157	0.00538020009654	-0.0182261197317	-0.00464702744656	-0.047473314835	-0.0705496237389	0.00639504933831	-0.0294449289439	0.0082260377628	0.0161433874119	0.0612470914815	0.0261525156991	0.00403923041235	-0.0245149734321	1.0	-0.013098307768	-0.0154243610159	-0.0113491740155	0.0393608907427	0.0241740622153	-0.0247716746561	0.0170713006553	-0.078544852187	0.0102201994633	-0.00496413290582	0.00851789330981	0.0709610951192	-0.0314755451036	0.0741524436206	-0.0351821481314	0.0519849646459	0.0339276997246	0.0124669678141	-0.0396684267949	-0.000646786710292	-0.0737888781315	-0.0293106280001	-0.0284661814733	-0.000607195543109	0.0252604537265	0.00352048425638	-0.0503509429536	0.0308389013045	-0.0544402413781	0.0582874631359	0.000891344236225	0.0297583439915	-0.0346881753757	-0.0145470600761	-0.000691527592448	0.0232899195808	-0.0503007088935	-0.0450770103506	-0.013955083707	-0.00430045246136	-0.0265109765136
k__Bacteria;p__Bacteroidetes;c__Bacteroidia;o__Bacteroidales;f__Porphyromonadaceae;g__Barnesiella;s__Barnesiella_intestinihominis	0.0305925168088	0.0258334330092	0.00996460074988	-0.0190575366016	0.0282761051742	0.0618829034425	0.0320325968137	-0.00853932548748	-0.0332131240347	-0.0441689645429	0.0467989635659	0.0159182478667	0.00134385887495	0.0572546750528	-0.040049721553	-0.033163251783	-0.000910821461955	-0.013098307768	1.0	-0.0407462158134	0.012719024738	-0.0600744669817	0.00572693867624	-0.000507343858987	0.00711224788217	-0.0727330384185	-0.0621158756041	-0.0828706651817	-0.028136521915	-0.0444775585763	0.0170518167853	-0.0131386734553	0.0165629371141	0.0246716636806	0.0616505222327	0.126111098592	0.0378033034522	-0.100347598049	-0.0721867542759	-0.0923845516267	-0.0414462060598	0.0122861651018	-0.0157587142213	0.0541272759052	-0.0156096772391	0.0746186197657	-0.0201986060926	0.00987822946573	0.0550809543413	-0.0043465420828	0.0108939360234	-0.07932093377	-0.0306702303967	0.0126667884259	0.0269027983948	-0.027504805598	0.0285909943698	-0.0317042994677	0.0104728596423
k__Bacteria;p__Bacteroidetes;c__Bacteroidia;o__Bacteroidales;f__Odoribacteraceae;g__Odoribacter;s__Odoribacter_splanchnicus	-0.0665797093566	-0.028931699976	-0.0420239575893	-0.0367987056541	0.0195319199344	0.0239715671881	0.0421774474586	0.0100018666465	-0.027751713208	-0.0138614391385	0.0072101503473	0.0283337852228	-0.00897028089769	-0.01771752937	-0.0510542093781	0.0483239524373	-0.0146097557278	-0.0154243610159	-0.0407462158134	1.0	-0.016802791905	-0.0302039450682	-0.0137463262501	-0.0188695353512	-0.0312656918538	-0.0282595411012	0.0468906060533	-0.0451646249102	-0.0193911096856	-0.00699891297301	-0.0136628400933	-0.0245966013546	0.052983364152	0.0115657328189	-0.0364266744883	-0.0232788862882	-0.00765412204831	0.0224452737553	-0.0032014534226	0.0669760911853	-0.0157579939402	-0.0309925121563	0.0605716288129	0.00446271375105	-0.0574223788269	-0.0309014567753	-0.0396911015408	0.0144650068808	-0.0575134676739	0.054974779638	-0.0701020650155	-0.00222333572692	0.0403340234164	-0.0281668010708	-0.0204405315661	0.000625167192653	0.0231113046456	0.022536709643	-0.0131517631233
k__Bacteria;p__Bacteroidetes;c__Bacteroidia;o__Bacteroidales;f__Bacteroidaceae;g__Bacteroides;s__Bacteroides_salyersiae	0.00192256844761	-0.0236944528058	0.0498711108348	-0.0183474009277	0.0183128544457	-0.00666177996131	-0.0578774463644	-0.0602589812694	0.00697159672615	0.0168840025277	0.00243892815636	-0.0173013930139	0.00540306288118	-0.0195755474238	-0.00918425191429	0.0843186705968	-0.0211250083663	-0.0113491740155	0.012719024738	-0.016802791905	1.0	-0.0365141311651	0.0337023547835	-0.00736466997209	-0.0490120072919	-0.0371826010768	-0.0200852087726	-0.0141878048111	-0.0391804115724	-0.0690086571184	0.0159482419694	0.014251302062	0.0459988970316	-0.03609961638	0.0536196043245	0.0304094649174	0.0878199305476	0.0103771579443	0.0124107616031	-0.0187472023239	-0.0701938696714	-0.0456943524881	-0.0515745419723	-0.002121507585	-8.54675535784e-06	-0.0389845180006	-0.0332449081925	0.00563786070337	0.0215116031274	-0.06760013605	-0.0194496979731	-0.00419803471264	-0.0469623903727	-0.0023400608504	0.0899006357599	-0.0650877125148	-0.0459580130347	0.0352885063355	-0.00138877515366
k__Bacteria;p__Firmicutes;c__Clostridia;o__Clostridiales;f__Ruminococcaceae;g__Ruminiclostridium;s__[Eubacterium]_siraeum	-0.0679895765193	-0.0102302079948	0.00382632698662	0.0415051867906	0.0139961292282	-0.0702898694897	0.0218323948358	0.0350151054621	-0.0100665162155	0.00625568533674	-0.00487252491293	0.0397241435416	0.0127140175772	-0.00659861700153	0.0338728243546	0.00896778551072	0.0214394223328	0.0393608907427	-0.0600744669817	-0.0302039450682	-0.0365141311651	1.0	-0.00420592533032	-0.0112597656436	0.0400253664227	0.0279251880123	-0.0474461206139	-0.00918177202633	-0.00618504780157	0.019444913391	-0.00133549596575	0.04058835323	0.00774777260084	-0.0254558236063	-0.0688921604539	0.0404461021323	-0.0161521685894	0.0031508470564	-0.00849201848973	0.0153218907505	-0.0104486773026	0.0182555549954	0.0191043818882	-0.0140442078778	-0.00201072643272	0.00830107917899	-0.0395458101132	-0.00583808521692	-0.0613569402552	-0.0323336483088	0.0252900944818	-0.0580281270577	-0.011524910247	-0.0437841958607	-0.00241934664476	-0.025922233275	0.0107879896924	0.0311688693483	0.0142402221078
k__Bacteria;p__Proteobacteria;c__Betaproteobacteria;o__Burkholderiales;f__Sutterellaceae;g__Parasutterella;s__Parasutterella_excrementihominis	0.0432389283757	0.0513445847334	-0.0250200187963	0.000274474302874	0.0174243173189	-0.0167335061459	-0.0242363366901	-0.0221494304724	-0.0538504718866	-0.00484534231851	0.0311978957291	0.0328662001691	-0.00592609222095	0.0185292658441	0.0090527149894	0.0506714512719	0.0491784378117	0.0241740622153	0.00572693867624	-0.0137463262501	0.0337023547835	-0.00420592533032	1.0	0.0100066052244	0.0114242533093	0.00679039357241	-0.0200705007326	0.0339830576453	0.0147630139478	-0.031958198101	-0.0561148148485	-0.0156217675349	0.0504980060167	-0.0782889095128	0.0442971149858	-0.0541221396016	-0.0142660128357	0.0126699120543	-0.0219196994653	0.0395429513408	-9.96771207008e-05	-0.0726909668363	-0.0700804470148	0.00809316416081	0.0254696335869	-0.00751736082593	-0.00651142334496	0.0092001281857	-0.0163722151691	-0.0556522318509	-0.0503014441579	0.0430411505761	0.0301115905383	-0.0304581985724	-0.0748880707115	-0.0361368052138	-0.0296549626686	0.030541902129	0.00268657385253
k__Bacteria;p__Actinobacteria;c__Actinobacteria;o__Bifidobacteriales;f__Bifidobacteriaceae;g__Bifidobacterium;s__Bifidobacterium_adolescentis	0.0272711309351	-0.013285009652	-0.0350877088608	-0.0380283548689	0.0251531703613	-0.0493053295591	-0.0293605061191	0.0280223779094	-0.0265885879605	0.0162678190272	0.0138252072756	-0.0621458484592	0.0166990866361	-0.0057009322883	-0.0314143557942	-0.0239770256451	0.03143262965	-0.0247716746561	-0.000507343858987	-0.0188695353512	-0.00736466997209	-0.0112597656436	0.0100066052244	1.0	0.00729478840675	0.0149388558501	-0.0413392385479	0.0199695435335	-0.0485993724711	-0.0217440432883	-0.0322795186671	0.065976967083	0.00283806928923	0.0156357112558	0.0154033603015	-0.031701197095	-0.0198528402914	0.0345512089418	-0.0199632306881	-0.0403792678887	-0.0365262999804	0.00650240935015	0.0533965268543	-0.0201341296756	-0.0178431579239	0.000532827217624	-0.0453556093989	-0.0227355400132	-0.0102512534984	0.061112174962	-0.0151747667879	0.084607389371	-0.0366091488494	0.00985285808504	-0.0417751376828	-0.00574976702556	0.0142274251551	0.0241942555796	-0.010992412929
k__Bacteria;p__Firmicutes;c__Clostridia;o__Clostridiales;f__Oscillospiraceae;g__Oscillibacter;s__Oscillibacter_sp._KLE_1745	-0.041642289097	0.023362445764	-0.0424463495851	0.0258703862748	-0.0163579294233	0.000778330738781	0.0239563007788	0.0171981003543	0.0321571806639	0.0195951073031	-0.0310225395918	0.00236092743492	0.0145886161702	-0.000101081203998	0.0297834650506	-0.0205337798666	0.0834972401463	0.0170713006553	0.00711224788217	-0.0312656918538	-0.0490120072919	0.0400253664227	0.0114242533093	0.00729478840675	1.0	-0.0131623216576	0.0118781801864	-0.0103991942547	0.0521124294586	0.00283174625783	-0.00749490501718	0.00240212817036	0.0036272744337	0.0301352544906	0.0284208737332	-0.0140602456303	-0.0203965910362	-0.00785264600391	-0.0369623806427	-0.019733774304	-0.0465759083793	0.00500348151146	-0.0231682310146	0.00137067099271	-0.0304241508264	-0.0678328517991	-0.0252851664209	-0.0295652324531	-0.0462579873001	0.0104002012244	-0.0181595463866	-0.0690569542607	0.0115300824227	-0.0396387255851	0.0067362037733	-0.0092742535394	-0.0525848725694	0.0128262073709	0.0362353225271
k__Bacteria;p__Bacteroidetes;c__Bacteroidia;o__Bacteroidales;f__Bacteroidaceae;g__Bacteroides;s__Bacteroides_coprophilus	6.95058338698e-05	0.0446090589709	-0.0682339979586	-0.02109565757	0.0090346930231	0.00267013609739	-0.0283712493149	0.00424079105334	0.0171463858039	0.0154272403259	0.0443965728468	-0.0391160830319	0.0288822062025	-0.0123460923837	-0.050640806276	-0.0031520826314	-0.0387146425316	-0.078544852187	-0.0727330384185	-0.0282595411012	-0.0371826010768	0.0279251880123	0.00679039357241	0.0149388558501	-0.0131623216576	1.0	-0.0321328524838	0.00858068577404	0.0173347101588	-0.0368087665383	-0.0233776652362	-0.0274691379402	-0.0571482943004	-0.0114406258327	-0.0347293679406	-0.0477262771275	-0.0557520125093	0.0061092643308	0.0415498662576	0.0206228808563	-0.0116121239935	-0.0454954841701	0.0271488726038	-0.0174854703919	-0.0497228549356	-0.0314651080868	0.0114300222863	0.015416689827	0.0528777399986	0.069166097545	-0.0266878278249	-0.0126135721795	0.038190199028	-0.0517199617009	-0.0410010357448	-0.0144337963227	0.00883388259161	0.0495878080942	-0.0302197686264
k__Bacteria;p__Firmicutes;c__Clostridia;o__Clostridiales;f__Lachnospiraceae;g__Roseburia;s__Roseburia_intestinalis	-0.0262839845514	-0.120626855947	0.0376307162035	0.0495270266317	0.00222889945026	-0.0465705337621	0.0392488030717	-0.00146507893676	-0.0154359282178	-0.0273859750279	-0.0197179114221	-0.054263365823	0.0213983296626	0.00804654998858	0.0552308563981	-0.000967322560458	0.000357646569514	0.0102201994633	-0.0621158756041	0.0468906060533	-0.0200852087726	-0.0474461206139	-0.0200705007326	-0.0413392385479	0.0118781801864	-0.0321328524838	1.0	0.00455414627041	0.00277569238155	0.0154481469544	-0.0229600916982	-0.0135802327729	-0.00679887552328	0.0778644485883	-0.0183359162788	0.0111565383759	0.0317286456499	0.0016423648427	-0.0491347994451	0.0143020146103	0.0504687488206	-0.0603378052828	0.0287854699315	-0.0743962041145	-0.0467516750292	-0.0244511441896	0.0272845521448	-0.0249011604398	-0.058651547384	0.0493007521109	-0.0270153614387	-0.033636195422	-0.032130973083	0.0240900453924	-0.0519484818773	-0.00683659699898	-0.0327253791544	-0.0333746115544	-0.0292414234638
k__Bacteria;p__Firmicutes;c__Clostridia;o__Clostridiales;f__Lachnospiraceae;g__Roseburia;s__Roseburia_hominis	-0.00420327291923	-0.0680096125377	-0.0119286602881	-0.0164409038315	-0.0245729938709	-0.0149978506346	0.0273562051527	0.0404659052285	0.0120470796538	0.0283220097857	-0.0288391344581	-0.0023641969202	0.019067114393	-0.0400199939054	0.0130564704009	-0.0310294138826	-0.037857298402	-0.00496413290582	-0.0828706651817	-0.0451646249102	-0.0141878048111	-0.00918177202633	0.0339830576453	0.0199695435335	-0.0103991942547	0.00858068577404	0.00455414627041	1.0	-0.00910466723157	0.0600702808967	-0.0162427042158	-0.00949087820589	-0.0481616104541	-0.022338958438	-0.0242034419822	0.0109413675225	-0.0168403509847	0.0139497999551	0.0410866460035	-0.0161433737892	-0.00685958674713	-0.0213014736499	0.00761384108588	-0.0501631146193	0.0224610991911	-0.0710348097046	0.00767771508898	-0.0319018799824	0.00545053963303	0.019650450731	-0.0217021842115	0.00434341048009	-0.00937197787192	-0.0376142711827	-0.0305230602123	-0.0366565714777	-0.0167760677719	-0.0448925560456	-0.0161386152989
k__Bacteria;p__Bacteroidetes;c__Bacteroidia;o__Bacteroidales;f__Porphyromonadaceae;g__Parabacteroides;s__Parabacteroides_johnsonii	-0.00422421103517	0.0771697412698	-0.027506942134	0.00482406428409	0.0217337055401	-0.00194304611267	-0.0436270867738	0.0129681060862	-0.0240754103455	-0.0173173776606	-0.0215618545711	-0.0273320821629	-0.015234413826	-0.00226687352044	-0.0415682539784	-0.00911994950838	-0.0139535916254	0.00851789330981	-0.028136521915	-0.0193911096856	-0.0391804115724	-0.00618504780157	0.0147630139478	-0.0485993724711	0.0521124294586	0.0173347101588	0.00277569238155	-0.00910466723157	1.0	-0.0411348858916	0.0102544167968	0.0238509513132	-0.00995722729006	-0.00587975322164	-0.0152752232813	-0.00619875570948	0.0217617919163	-0.00571846341009	-0.0768557916893	0.0141645329269	-0.0181126729337	0.0208989924244	-0.0793323441778	-0.0730151696458	-0.00337478877406	0.0048081675711	0.0225696582669	0.0132524278594	-0.0254956096842	-0.0802439636108	0.0239617374045	0.00435973154738	-0.0459007921129	0.0398939545822	0.0527644087418	0.0250135152041	0.0183070277747	0.0134148644441	-0.0444029848201
k__Bacteria;p__Actinobacteria;c__Actinobacteria;o__Bifidobacteriales;f__Bifidobacteriaceae;g__Bifidobacterium;s__Bifidobacterium_longum	-0.00520142341375	-0.0903057312805	0.0422576290484	0.00703589590593	-0.0096350603281	-0.0564476799295	-0.0295709090361	-0.00942062763285	-0.0327563308232	-0.0062898617508	0.0205052008241	-0.00838342177608	0.033251783679	-0.0532172885868	-0.00866618756251	-0.00888466383497	0.00866470918818	0.0709610951192	-0.0444775585763	-0.00699891297301	-0.0690086571184	0.019444913391	-0.031958198101	-0.0217440432883	0.00283174625783	-0.0368087665383	0.0154481469544	0.0600702808967	-0.0411348858916	1.0	-0.0627032214697	0.00640386995057	-0.0503689070278	0.0503767758203	0.047236650988	-0.0426104496909	-0.00130424967734	-0.0168334404998	0.0352721487543	0.025128049004	0.0496756204089	0.0617412333209	-0.0647204160697	0.0165697553973	-0.043669814958	-0.00852823962885	-0.0401218416967	0.00392546417768	0.0108918484076	0.0251797524042	-0.0262108459014	0.0562315803679	0.0237060714921	-0.0205623037654	-0.0187759727541	-0.0401858547197	-0.0057954204467	-0.0261033509083	0.014874861315
