#taxonomy	k__Bacteria;p__Bacteroidetes;c__Bacteroidia;o__Bacteroidales;f__Bacteroidaceae;g__Bacteroides;s__Bacteroides_vulgatus	k__Bacteria;p__Bacteroidetes;c__Bacteroidia;o__Bacteroidales;f__Bacteroidaceae;g__Bacteroides;s__Bacteroides_uniformis	k__Bacteria;p__Bacteroidetes;c__Bacteroidia;o__Bacteroidales;f__Rikenellaceae;g__Alistipes;s__Alistipes_putredinis	k__Bacteria;p__Bacteroidetes;c__Bacteroidia;o__Bacteroidales;f__Prevotellaceae;g__Prevotella;s__Prevotella_copri	k__Bacteria;p__Bacteroidetes;c__Bacteroidia;o__Bacteroidales;f__Bacteroidaceae;g__Bacteroides;s__Bacteroides_stercoris	k__Bacteria;p__Bacteroidetes;c__Bacteroidia;o__Bacteroidales;f__Bacteroidaceae;g__Bacteroides;s__Bacteroides_ovatus	k__Bacteria;p__Bacteroidetes;c__Bacteroidia;o__Bacteroidales;f__Rikenellaceae;g__Alistipes;s__Alistipes_shahii	k__Bacteria;p__Firmicutes;c__Clostridia;o__Clostridiales;f__Ruminococcaceae;g__Faecalibacterium;s__Faecalibacterium_prausnitzii	k__Bacteria;p__Bacteroidetes;c__Bacteroidia;o__Bacteroidales;f__Rikenellaceae;g__Alistipes;s__Alistipes_finegoldii	k__Bacteria;p__Bacteroidetes;c__Bacteroidia;o__Bacteroidales;f__Porphyromonadaceae;g__Parabacteroides;s__Parabacteroides_distasonis	k__Bacteria;p__Bacteroidetes;c__Bacteroidia;o__Bacteroidales;f__Bacteroidaceae;g__Bacteroides;s__Bacteroides_thetaiotaomicron	k__Bacteria;p__Bacteroidetes;c__Bacteroidia;o__Bacteroidales;f__Bacteroidaceae;g__Bacteroides;s__Bacteroides_coprocola	k__Bacteria;p__Bacteroidetes;c__Bacteroidia;o__Bacteroidales;f__Bacteroidaceae;g__Bacteroides;s__Bacteroides_cellulosilyticus	k__Bacteria;p__Bacteroidetes;c__Bacteroidia;o__Bacteroidales;f__Rikenellaceae;g__Alistipes;s__Alistipes_obesi	k__Bacteria;p__Firmicutes;c__Clostridia;o__Clostridiales;f__Lachnospiraceae;g__;s__[Eubacterium]_rectale	k__Bacteria;p__Bacteroidetes;c__Bacteroidia;o__Bacteroidales;f__Bacteroidaceae;g__Bacteroides;s__Bacteroides_plebeius	k__Bacteria;p__Bacteroidetes;c__Bacteroidia;o__Bacteroidales;f__Bacteroidaceae;g__Bacteroides;s__Bacteroides_fragilis	k__Bacteria;p__Proteobacteria;c__Betaproteobacteria;o__Burkholderiales;f__Sutterellaceae;g__Sutterella;s__Sutterella_wadsworthensis	k__Bacteria;p__Bacteroidetes;c__Bacteroidia;o__Bacteroidales;f__Porphyromonadaceae;g__Barnesiella;s__Barnesiella_intestinihominis	k__Bacteria;p__Bacteroidetes;c__Bacteroidia;o__Bacteroidales;f__Odoribacteraceae;g__Odoribacter;s__Odoribacter_splanchnicus	k__Bacteria;p__Bacteroidetes;c__Bacteroidia;o__Bacteroidales;f__Bacteroidaceae;g__Bacteroides;s__Bacteroides_salyersiae	k__Bacteria;p__Firmicutes;c__Clostridia;o__Clostridiales;f__Ruminococcaceae;g__Ruminiclostridium;s__[Eubacterium]_siraeum	k__Bacteria;p__Proteobacteria;c__Betaproteobacteria;o__Burkholderiales;f__Sutterellaceae;g__Parasutterella;s__Parasutterella_excrementihominis	k__Bacteria;p__Actinobacteria;c__Actinobacteria;o__Bifidobacteriales;f__Bifidobacteriaceae;g__Bifidobacterium;s__Bifidobacterium_adolescentis	k__Bacteria;p__Firmicutes;c__Clostridia;o__Clostridiales;f__Oscillospiraceae;g__Oscillibacter;s__Oscillibacter_sp._KLE_1745	k__Bacteria;p__Bacteroidetes;c__Bacteroidia;o__Bacteroidales;f__Bacteroidaceae;g__Bacteroides;s__Bacteroides_coprophilus	k__Bacteria;p__Firmicutes;c__Clostridia;o__Clostridiales;f__Lachnospiraceae;g__Roseburia;s__Roseburia_intestinalis	k__Bacteria;p__Firmicutes;c__Clostridia;o__Clostridiales;f__Lachnospiraceae;g__Roseburia;s__Roseburia_hominis	k__Bacteria;p__Bacteroidetes;c__Bacteroidia;o__Bacteroidales;f__Porphyromonadaceae;g__Parabacteroides;s__Parabacteroides_johnsonii	k__Bacteria;p__Actinobacteria;c__Actinobacteria;o__Bifidobacteriales;f__Bifidobacteriaceae;g__Bifidobacterium;s__Bifidobacterium_longum	k__Bacteria;p__Firmicutes;c__Clostridia;o__Clostridiales;f__;g__Flavonifractor;s__Flavonifractor_plautii	k__Bacteria;p__Firmicutes;c__Clostridia;o__Clostridiales;f__Clostridiaceae;g__Clostridium;s__Clostridium_phoceensis	k__Bacteria;p__Verrucomicrobia;c__Verrucomicrobiae;o__Verrucomicrobiales;f__Akkermansiaceae;g__Akkermansia;s__Akkermansia_muciniphila	k__Bacteria;p__Bacteroidetes;c__Bacteroidia;o__Bacteroidales;f__Prevotellaceae;g__Paraprevotella;s__Paraprevotella_xylaniphila	k__Bacteria;p__Firmicutes;c__Clostridia;o__Clostridiales;f__Ruminococcaceae;g__Ruminococcus;s__Ruminococcus_callidus	k__Bacteria;p__Bacteroidetes;c__Bacteroidia;o__Bacteroidales;f__Rikenellaceae;g__Alistipes;s__Alistipes_senegalensis	k__Bacteria;p__Firmicutes;c__Clostridia;o__Clostridiales;f__Lachnospiraceae;g__Blautia;s__Blautia_sp._KLE_1732	k__Bacteria;p__Bacteroidetes;c__Bacteroidia;o__Bacteroidales;f__Bacteroidaceae;g__Bacteroides;s__Bacteroides_oleiciplenus	k__Bacteria;p__Firmicutes;c__Clostridia;o__Clostridiales;f__Ruminococcaceae;g__Ruminococcus;s__Ruminococcus_bicirculans	k__Bacteria;p__Bacteroidetes;c__Bacteroidia;o__Bacteroidales;f__Bacteroidaceae;g__Bacteroides;s__Bacteroides_fluxus	k__Bacteria;p__Bacteroidetes;c__Bacteroidia;o__Bacteroidales;f__Prevotellaceae;g__Prevotella;s__Prevotella_stercorea	k__Bacteria;p__Firmicutes;c__Clostridia;o__Clostridiales;f__Lachnospiraceae;g__Dorea;s__Dorea_longicatena	k__Bacteria;p__Firmicutes;c__Clostridia;o__Clostridiales;f__Eubacteriaceae;g__Eubacterium;s__[Eubacterium]_eligens	k__Bacteria;p__Firmicutes;c__Clostridia;o__Clostridiales;f__Ruminococcaceae;g__;s__Ruminococcaceae_bacterium_D16	k__Bacteria;p__Firmicutes;c__Clostridia;o__Clostridiales;f__Lachnospiraceae;g__Coprococcus;s__Coprococcus_comes	k__Bacteria;p__Proteobacteria;c__Gammaproteobacteria;o__Enterobacterales;f__Enterobacteriaceae;g__Escherichia;s__Escherichia_coli	k__Bacteria;p__Firmicutes;c__Clostridia;o__Clostridiales;f__Ruminococcaceae;g__Anaerotruncus;s__Anaerotruncus_colihominis	k__Bacteria;p__Firmicutes;c__Clostridia;o__Clostridiales;f__Lachnospiraceae;g__Blautia;s__Blautia_obeum	k__Bacteria;p__Bacteroidetes;c__Bacteroidia;o__Bacteroidales;f__Odoribacteraceae;g__Odoribacter;s__Odoribacter_laneus	k__Bacteria;p__Firmicutes;c__Clostridia;o__Clostridiales;f__Ruminococcaceae;g__Ruminiclostridium;s__[Clostridium]_leptum	k__Bacteria;p__Bacteroidetes;c__Bacteroidia;o__Bacteroidales;f__Porphyromonadaceae;g__Parabacteroides;s__Parabacteroides_goldsteinii	k__Bacteria;p__Firmicutes;c__Clostridia;o__Clostridiales;f__Lachnospiraceae;g__Anaerostipes;s__Anaerostipes_hadrus	k__Bacteria;p__Firmicutes;c__Clostridia;o__Clostridiales;f__Ruminococcaceae;g__Ruminococcus;s__Ruminococcus_lactaris	k__Bacteria;p__Firmicutes;c__Clostridia;o__Clostridiales;f__Clostridiaceae;g__Clostridium;s__Clostridium_sp._L2-50	k__Bacteria;p__Firmicutes;c__Clostridia;o__Clostridiales;f__Clostridiaceae;g__Clostridium;s__Clostridium_sp._M62/1	k__Bacteria;p__Firmicutes;c__Clostridia;o__Clostridiales;f__;g__Intestinimonas;s__Intestinimonas_butyriciproducens	k__Bacteria;p__Actinobacteria;c__Actinobacteria;o__Bifidobacteriales;f__Bifidobacteriaceae;g__Bifidobacterium;s__Bifidobacterium_bifidum	k__Bacteria;p__Firmicutes;c__Negativicutes;o__Veillonellales;f__Veillonellaceae;g__Dialister;s__Dialister_invisus	k__Bacteria;p__Bacteroidetes;c__Bacteroidia;o__Bacteroidales;f__Bacteroidaceae;g__Bacteroides;s__Bacteroides_salanitronis
k__Bacteria;p__Bacteroidetes;c__Bacteroidia;o__Bacteroidales;f__Bacteroidaceae;g__Bacteroides;s__Bacteroides_vulgatus	1.0	-0.0697059601811	0.0195315474152	0.0516105973176	-0.0555862655437	0.00515716687955	-0.000774434729701	0.0189036554275	0.0315941607444	-0.0671644091678	0.0071525349257	0.032084168352	-0.00111779689361	-0.0405848047937	-0.0149051600559	0.00209101741567	0.0147663711104	-0.0576352575865	0.0319064339836	-0.0312596490552	0.00935756278871	-0.0318232414594	0.0129557673306	0.0102126713713	0.0138631395396	-0.0190051459222	-0.0333291799615	-0.0289496392013	0.0352671122796	-0.0227373315328	0.0300689449867	0.00378517722213	0.0361537037333	-0.0112870877967	-0.00433765381364	-0.0405203322228	0.0254728243884	-0.00490285332619	-0.0155530314683	-0.0201048696635	-0.0387252121447	0.029111332858	0.00243589887686	-0.0342816882638	0.0128537195568	-0.0591142560587	-0.0532640732781	-0.0288856359904	0.0566696262079	0.0207069021799	-0.00693029989554	-0.0259882489322	0.0233386723861	0.0106099178789	-0.0124204834634	0.0125107964026	-0.0405977149699	-0.0053646099873	-0.0314725556127
k__Bacteria;p__Bacteroidetes;c__Bacteroidia;o__Bacteroidales;f__Bacteroidaceae;g__Bacteroides;s__Bacteroides_uniformis	-0.0697059601811	1.0	-0.0283245822753	-0.00335817427618	-0.000979761180667	-0.010298430717	-0.0155867649596	-0.029552870034	0.0212964267477	-0.0486673117321	-0.017591126682	0.0170745611711	-0.0284846083767	-0.0493417036474	-0.0454381682715	0.017510822375	0.00485200494609	0.0407832806552	0.0199224142119	-0.0433064856409	0.0383686583826	0.0270945651134	-0.039842487997	-0.0186222929233	-0.0953548573561	-0.0132984547905	-0.0424060492966	0.0229865141306	0.0354673047534	-0.0104959383603	-0.0111494495412	0.0394398181304	0.0331596086456	0.00725311809295	0.0107119747348	0.0861513736398	-0.0219452184916	0.00705377074902	-0.0774021373771	0.0506503869668	-0.00829040074866	-0.0132376249934	-0.0643996815485	-0.0229155876188	0.0127728048204	-0.0192048177124	-0.016151993206	-0.0438383664623	0.0456164751052	-0.0013836502326	-0.0174479638229	0.042147901634	-0.00640094205455	-0.0650244327606	-0.0173763986899	-0.0657559897595	0.0296810049598	-0.00505162698177	-0.019751211883
k__Bacteria;p__Bacteroidetes;c__Bacteroidia;o__Bacteroidales;f__Rikenellaceae;g__Alistipes;s__Alistipes_putredinis	0.0195315474152	-0.0283245822753	1.0	-0.0629678546676	0.0381445764444	0.0404186513057	-0.0322504365837	-0.0125950060839	-0.0512877138633	-0.0483264156866	0.019625120107	-0.013513658616	-0.0224467653517	-0.0149573451615	0.00730843595258	-0.00408077728096	-0.0610912937183	-0.00288645562164	-0.00677633866826	0.0243430969033	-0.0417136205463	-0.0233850238095	0.0113972119893	-0.00663999477269	0.00464415189202	0.00347718126885	-0.00308922266721	-0.0066616216037	-0.0110191910375	-0.0572244320574	0.0160418213037	0.0323593668457	-0.013008787701	0.0351941225798	0.0236051962827	-0.0372730775061	0.00179998422247	-0.0305794416365	0.0461817267164	-0.00104679691184	-0.00571999110032	-0.0132767707967	-0.0307787948957	-0.0120272445952	-0.00450436938821	-0.0209319260424	-0.0423679682675	0.0312668827963	-0.0457102500573	-0.0281448433041	0.0227640932419	0.012014419789	0.00212320027917	0.0530195910908	0.00287904226009	-0.0347433806752	-0.0100629736357	0.0577833907137	-0.0510759011093
k__Bacteria;p__Bacteroidetes;c__Bacteroidia;o__Bacteroidales;f__Prevotellaceae;g__Prevotella;s__Prevotella_copri	0.0516105973176	-0.00335817427618	-0.0629678546676	1.0	0.0540934834523	-0.0331747237375	-0.0263950473271	0.0195795877485	0.0107796256086	-0.0313229030843	-0.0307568351813	0.00860597339168	-0.00343345513279	0.0125577034933	0.0088024961195	-0.0028570330421	0.0192368656933	0.000932948312711	-0.0682720811866	-0.0189124549186	-0.0173136972147	-0.00701240471759	-0.0517430727597	-0.00134932056477	-0.03870598759	0.0759056576908	0.00219857265649	-0.0516033663281	-0.0345890174839	-0.00890933744201	-0.0223043249518	0.0361374634181	0.0141129572102	0.0524462825884	-0.0311244403931	0.0136939897086	-0.059681307989	0.0584913221702	-0.0694591776081	0.00442055975044	-0.00146193119396	-0.00445037430192	-0.0205036697938	0.0229046475607	-0.0046534961836	0.0308325867865	-0.0317478631357	-0.0300852930542	0.0199644205273	-0.0172512769808	-0.053169697954	-0.0331942860042	0.022047000012	0.0616565560505	-0.00744437683983	-0.00553102709238	0.0630413282177	0.0379069987976	-0.038362142576
k__Bacteria;p__Bacteroidetes;c__Bacteroidia;o__Bacteroidales;f__Bacteroidaceae;g__Bacteroides;s__Bacteroides_stercoris	-0.0555862655437	-0.000979761180667	0.0381445764444	0.0540934834523	1.0	-0.0961533870563	-0.0461797308964	-0.0451173963379	-0.0637867269992	-0.00608352523212	-0.0820334051747	-0.00373353139588	-0.00425235811437	0.100662939859	-0.103817612874	0.020859501418	-0.0162475024041	0.0305548454569	0.010817338935	-0.000962032556251	-0.000515893293056	-0.00651362695611	-0.0796150891379	0.0276487149027	-0.00309354247623	0.0637922197415	-0.0646176102576	-0.036497182346	0.0124644612995	-0.00212751382179	-0.0373362887041	0.0639778295372	-0.00663775261394	-0.00122287287483	0.0576892817434	-0.0289705111943	-0.00951190066071	-0.0156237721515	-0.00192982079836	0.036091751045	0.0431363448473	0.0490909566959	-0.0215178052557	0.0451302964115	-0.0325300262915	0.0145453944594	-0.0310405963398	0.00336473290692	-0.0733101167324	0.0145294269645	-0.0215317878924	0.0111912709536	0.0307983579874	-0.0436635908888	-0.0244129664902	0.0363481100228	-0.0139478828758	-0.0265075795283	0.00437249548814
k__Bacteria;p__Bacteroidetes;c__Bacteroidia;o__Bacteroidales;f__Bacteroidaceae;g__Bacteroides;s__Bacteroides_ovatus	0.00515716687955	-0.010298430717	0.0404186513057	-0.0331747237375	-0.0961533870563	1.0	0.0105953069221	0.0117478757036	-0.0197561139198	0.0334433134763	-0.0268458278855	-0.0222955087169	-0.0466035431324	0.0267950704425	0.0151176127424	-0.0233111101498	0.0353317566832	-0.0439380204976	-0.0125857002509	-0.0118894375549	-0.0283124855609	-0.0277887218848	0.0403235881212	-0.00166918026434	-0.0411828583066	-0.00935234224307	0.0377846721405	0.0741341580844	0.00235739022154	0.00973523347555	-0.0488754613942	-0.0247520903782	-0.0282574978582	0.00329584783131	0.0587156495515	0.0144868652209	0.0356157102499	-0.0280502817338	-0.0299584266303	-0.038408943161	0.0161991380648	-0.00542908253007	-0.019236523621	-0.0492532062148	-0.000259101743032	-0.00179703330563	-0.000791341756317	0.0128686178174	-0.000946098082914	-0.00807185682196	-0.0390393361363	-0.0350400557668	0.0119795813713	0.0116436664494	-0.0155027394735	-0.0138621204977	-0.00864000469724	-0.0241902858031	0.00730658834207
k__Bacteria;p__Bacteroidetes;c__Bacteroidia;o__Bacteroidales;f__Rikenellaceae;g__Alistipes;s__Alistipes_shahii	-0.000774434729701	-0.0155867649596	-0.0322504365837	-0.0263950473271	-0.0461797308964	0.0105953069221	1.0	0.0384692076069	0.00617208271824	-0.0304757188216	0.0699397863207	-0.0345885767158	-0.0257229416583	0.0236881330181	-0.0217799400232	-0.0373649507768	-0.0426252596265	0.0216828838704	-0.03600408551	0.0504982569136	0.0408323932128	-0.0610668117403	0.0106101582174	0.0381547635564	0.00492083847399	-0.0119191849825	0.0346197145863	-0.0201034791862	-0.0602652221984	0.0186661445768	-0.0213710136684	-0.0396475563871	-0.0393322987439	-0.0427162285688	-0.0404471372636	-0.0492564238442	0.0319915608932	0.0782411788052	0.0171245157773	-0.100842383293	0.00119445929215	-0.00875014677005	0.0623251770792	-0.00202196688475	-0.0688171659544	-0.0536300880304	0.0531046945425	-0.0251879460965	-0.0387217088322	0.025249936763	0.0121276506305	0.038722958834	-0.00274315448767	0.0255481824572	-0.0487821073434	-0.0240710118395	0.00644688054037	0.00166229888671	0.0627606650025
k__Bacteria;p__Firmicutes;c__Clostridia;o__Clostridiales;f__Ruminococcaceae;g__Faecalibacterium;s__Faecalibacterium_prausnitzii	0.0189036554275	-0.029552870034	-0.0125950060839	0.0195795877485	-0.0451173963379	0.0117478757036	0.0384692076069	1.0	-0.0065771976179	0.0339969124892	-0.00807086238206	-0.000659777526456	0.0305604301061	0.00185926466511	-0.0874265546166	0.0211424577537	-0.0393429462566	0.00119163260886	-0.0510823643468	0.0515257688635	0.0137984868375	-0.0538321031572	-0.0215260025451	-0.0316830721291	0.0459933444334	-0.0801246695868	-0.0130023742439	-0.00971284971841	0.0248925781087	0.00164177044228	-0.0187088515378	0.0330539471631	0.0130631423781	-0.00797877569961	0.0431940176868	-0.0305481077491	0.000971497113697	-0.00986415067532	0.00603911889712	-0.00338065398045	-0.0428965442963	0.0419701251789	0.0230731017866	0.038016761634	-0.0531352790123	-0.0520370388274	-0.0151016560145	-0.0480450487656	-0.0931014620832	0.0210627861919	-0.0314866849626	-0.0530125544916	-0.0135943936146	-0.0307587313681	0.0166178873896	-0.0708117635053	-0.0875406420383	-0.0157863273751	0.00563115305458
k__Bacteria;p__Bacteroidetes;c__Bacteroidia;o__Bacteroidales;f__Rikenellaceae;g__Alistipes;s__Alistipes_finegoldii	0.0315941607444	0.0212964267477	-0.0512877138633	0.0107796256086	-0.0637867269992	-0.0197561139198	0.00617208271824	-0.0065771976179	1.0	-0.0125619340549	0.0740792711989	-0.0750213842908	0.0185116999127	0.0286008885722	0.0220366763921	-0.0430326350381	-0.0148897805768	0.00165668386696	0.0155209339123	-0.0292364285931	0.0107799493142	0.0247772701237	0.000924119260139	-0.0359153432583	-0.0188136604832	-0.0552967172468	0.0449428990243	0.0515629508253	-0.0520699528799	-0.0258200160742	-0.0169211782747	-0.0458106798126	-0.04737251336	-0.0351484356804	0.00422480213398	-0.0355591698822	-0.045006483087	-0.00597166603383	-0.048811190267	0.0142052718211	0.00584330564229	0.00530363452013	0.0343605038256	-0.0186327689898	-0.0327789730801	-0.0171789844043	-0.00345342947449	0.0262095046657	0.0365168738223	0.0172393031492	0.0407998195916	0.00261529470549	0.0294917214671	-0.030034279836	-0.0203412844164	-0.0437175459007	0.000370998984767	-0.0520005334957	0.0110395087485
k__Bacteria;p__Bacteroidetes;c__Bacteroidia;o__Bacteroidales;f__Porphyromonadaceae;g__Parabacteroides;s__Parabacteroides_distasonis	-0.0671644091678	-0.0486673117321	-0.0483264156866	-0.0313229030843	-0.00608352523212	0.0334433134763	-0.0304757188216	0.0339969124892	-0.0125619340549	1.0	0.0143569807576	-0.0890464862004	-0.0285754697334	-0.0478283592497	-0.00731616619232	-0.0139831913266	0.0544215503195	-0.0256090350323	0.0933349569549	-0.0359293315111	0.0141009422213	0.0335261341586	0.0357274435593	-0.0501169239807	0.0352063386634	-0.0383963052625	-0.0122221841165	0.0354073278016	0.0204396927183	-0.0295555737656	-0.071535355554	-0.0478685556711	0.0189707577162	-0.0237091219292	-0.0615167482816	-0.0227849106577	5.96390895207e-05	0.0150628030435	0.00813238127426	0.0358793384881	-0.0501011513749	0.00827980633768	-0.0110560108637	0.0207780422341	0.0457477400499	-0.00616383126775	0.0118610390615	0.0312524160025	-0.0119801528474	-0.0856161413281	-0.04098416869	0.0105547863716	0.028470788379	0.0144124316218	-0.00214555006506	0.0451155380472	0.000682290424562	0.0233804095896	0.0181297806096
k__Bacteria;p__Bacteroidetes;c__Bacteroidia;o__Bacteroidales;f__Bacteroidaceae;g__Bacteroides;s__Bacteroides_thetaiotaomicron	0.0071525349257	-0.017591126682	0.019625120107	-0.0307568351813	-0.0820334051747	-0.0268458278855	0.0699397863207	-0.00807086238206	0.0740792711989	0.0143569807576	1.0	-0.0124265054542	-0.0458968007934	-0.046620596092	-0.0227380759856	-0.0754824215868	-0.0566254360042	0.0682341191842	0.0534485174465	-0.00235113509547	0.0180826757727	0.0155063635343	0.0257973626414	0.0125683215083	-0.0575094889497	-0.00487697168091	-0.00228875421589	0.00730349504797	-0.0211263761192	-0.0190162077706	0.0184273165657	-0.0557371152683	-0.0362401367516	-0.021647722928	0.0252473451955	-0.0105620525312	-0.0406062341791	-0.0279396404351	0.000614968232274	0.0111895152582	-0.0518908558356	-0.059655659881	0.0517229161091	-0.0314957556803	-0.00851244447389	0.0062441565361	-0.0361039822829	0.0503597932855	-0.0162764489098	-0.0468571144668	-0.00642341810038	0.0944288167259	0.0324936369342	0.0135015350791	-0.0123749380917	-0.0565022227583	-0.0638395452045	0.00670084481064	-0.0755808147949
k__Bacteria;p__Bacteroidetes;c__Bacteroidia;o__Bacteroidales;f__Bacteroidaceae;g__Bacteroides;s__Bacteroides_coprocola	0.032084168352	0.0170745611711	-0.013513658616	0.00860597339168	-0.00373353139588	-0.0222955087169	-0.0345885767158	-0.000659777526456	-0.0750213842908	-0.0890464862004	-0.0124265054542	1.0	0.0525716033426	-0.00199806654646	0.00954239064965	0.00141913597945	0.0127725960044	-0.0509794279767	-0.0181672157576	-0.0176383868273	0.0287032199129	0.0485474324973	0.0417417277046	-0.0364676308218	-0.0269674696217	0.0490166231658	0.00195412954186	-0.0131203910111	-0.0124328227274	0.015566481004	0.0510800783971	-0.00804665981128	0.0274088721723	-0.0153910855933	0.0182398626676	0.0185593957203	0.0688649482949	-0.00337814819062	-0.0488941937973	-0.0505783797772	0.052220430576	0.0342313243986	0.0253876111153	0.0260861363754	-0.0539320884528	0.000630416626189	-0.0348633259639	0.0166504166654	-0.0228103656558	-0.0668197729088	-0.0329173536461	-0.0682341482607	0.030781711455	-0.0543550874278	0.0113384953988	-0.00484899071091	0.0428500763444	-0.022887694997	-0.0556775048388
k__Bacteria;p__Bacteroidetes;c__Bacteroidia;o__Bacteroidales;f__Bacteroidaceae;g__Bacteroides;s__Bacteroides_cellulosilyticus	-0.00111779689361	-0.0284846083767	-0.0224467653517	-0.00343345513279	-0.00425235811437	-0.0466035431324	-0.0257229416583	0.0305604301061	0.0185116999127	-0.0285754697334	-0.0458968007934	0.0525716033426	1.0	-0.00552414934694	-0.00195097325852	-0.0232568151189	0.0833617721407	-0.030339020879	-0.0531869359625	-0.0116121853913	0.0339014062542	-0.0031569834421	0.00299846028716	0.00387897998389	0.0142112497566	0.0121500451596	-0.0190503741139	-0.0183796807159	-0.00917525309575	-0.00980691801174	0.0469060528797	0.0695671994752	0.0294692310922	-0.00866632125583	-0.0400448891687	-0.045248534312	-0.0916477316414	-0.0255206259744	0.0270491560701	-0.0381938413804	-0.0227090502965	0.0214364841895	0.0176720980958	0.0573691646163	0.046314702406	-0.0437433360526	-0.111271766591	-0.0346014784399	-0.0364077320558	-0.0332290010314	0.0391179899568	0.0419074039682	-0.00779228852751	-0.00162908475716	-0.00520387500879	-0.0381049281487	-0.0422737314762	-0.0741335623022	-0.0176944648103
k__Bacteria;p__Bacteroidetes;c__Bacteroidia;o__Bacteroidales;f__Rikenellaceae;g__Alistipes;s__Alistipes_obesi	-0.0405848047937	-0.0493417036474	-0.0149573451615	0.0125577034933	0.100662939859	0.0267950704425	0.0236881330181	0.00185926466511	0.0286008885722	-0.0478283592497	-0.046620596092	-0.00199806654646	-0.00552414934694	1.0	-0.00697316801536	0.0262776560865	-0.0235512916789	-0.0279304122387	-0.0297304801222	-0.0410048078896	-0.033412041534	-0.0416151311435	-0.00860514094094	0.0199030211299	-0.0404197775737	0.0114680056373	-0.00393258965122	0.0220849022098	-0.0204486060471	-0.00326653090268	-0.0150612377132	-0.071349572059	0.00104887734588	-0.00695175666953	-0.00424776120453	0.0198726274785	-0.00979554796321	-0.00383701744925	0.0220081006747	0.00920669972946	0.00820395270079	0.0714575033606	0.0102825596788	-1.29003002653e-05	-0.0711371743293	-0.0575531959373	-0.0135579907177	-0.04035939058	-0.0244323853471	0.0210598348693	-0.0360044930165	0.00283713456606	-0.00465651223465	-0.00397301869101	0.0755279130823	-0.00901380703842	-0.0111417685812	-0.00803127633332	0.0677004377231
k__Bacteria;p__Firmicutes;c__Clostridia;o__Clostridiales;f__Lachnospiraceae;g__;s__[Eubacterium]_rectale	-0.0149051600559	-0.0454381682715	0.00730843595258	0.0088024961195	-0.103817612874	0.0151176127424	-0.0217799400232	-0.0874265546166	0.0220366763921	-0.00731616619232	-0.0227380759856	0.00954239064965	-0.00195097325852	-0.00697316801536	1.0	0.0191675146268	-0.0174388250342	-0.0430490069247	0.0145116342883	-0.0283505536963	-0.0674618798814	-0.00475999109671	0.0218018462471	-0.00250315938935	0.010491229357	0.00675785583313	-0.0267428490704	-0.0526488645185	0.0515992947381	-0.0186702551402	-0.0477687630815	0.00311680672511	0.0165273921685	0.0248860079951	-0.0305109597306	-0.059073021629	0.00215475810852	0.0181047342445	-0.0375419041413	-0.0233453860742	0.0181440739092	-0.00492544557207	0.0371296969737	0.0118955219834	0.00597318064576	0.0351711940108	0.014478537376	-0.0362454815691	0.011922403747	0.00378269103605	-0.0305448464108	0.0121635372554	-0.0715522944836	0.00116661304259	-0.0199873758795	-0.00827828357431	0.0190496562545	0.0762583135162	0.0244374483889
k__Bacteria;p__Bacteroidetes;c__Bacteroidia;o__Bacteroidales;f__Bacteroidaceae;g__Bacteroides;s__Bacteroides_plebeius	0.00209101741567	0.017510822375	-0.00408077728096	-0.0028570330421	0.020859501418	-0.0233111101498	-0.0373649507768	0.0211424577537	-0.0430326350381	-0.0139831913266	-0.0754824215868	0.00141913597945	-0.0232568151189	0.0262776560865	0.0191675146268	1.0	-0.0288460910789	-0.0162828236999	-0.038553170091	-0.0583986116597	-0.0176221222313	-0.0256136677967	0.000276242317425	-0.0419506332872	-0.055825718706	-0.0382081145839	-0.023978736987	0.0201479394205	0.0201043143366	0.0294432888645	0.0119897901329	-0.0584997956142	-0.0223294456869	0.0170047161402	-0.0205253349742	0.00658258238258	-0.02362674037	-0.063382265127	0.0611854281126	0.0199789495953	-0.0456253419476	0.0163624792136	0.0104943077641	-0.00969614155613	0.0451441045115	-0.0252502262597	0.00516633081629	0.00233127225793	-0.0200263278197	0.0575214619608	0.0562536078647	0.00885019960547	-0.00473825877386	-0.0255409760597	0.00313690338329	-0.0135534738652	-0.056573374958	-0.0528520669391	-0.0272955254404
k__Bacteria;p__Bacteroidetes;c__Bacteroidia;o__Bacteroidales;f__Bacteroidaceae;g__Bacteroides;s__Bacteroides_fragilis	0.0147663711104	0.00485200494609	-0.0610912937183	0.0192368656933	-0.0162475024041	0.0353317566832	-0.0426252596265	-0.0393429462566	-0.0148897805768	0.0544215503195	-0.0566254360042	0.0127725960044	0.0833617721407	-0.0235512916789	-0.0174388250342	-0.0288460910789	1.0	-0.0369438254011	0.0681176785778	-0.0039214649002	0.0286489391141	-0.0341400396587	-0.0498030230181	-0.0457971345369	0.0493131400951	-0.0572770711392	-0.00073504360561	0.0384470461141	-0.013458073404	0.00169110158663	-0.0660190197792	-0.00668902310384	0.008741244411	-0.0437595006731	0.0286504374517	0.00213195610866	-0.0186862118247	0.0550555169891	-0.0148078989146	-0.0591778573752	-0.0511737446689	-0.0792957570292	0.00782657390073	-0.0292991682194	0.0159995682451	-0.0150304537886	-0.0604899101767	0.0019817688708	-0.0463610960835	0.0352105430415	-0.0660417997005	-0.00340025655385	0.0866245024923	0.0107393275108	-0.00698209818107	0.0432654018797	0.018220999515	0.0153983066482	-0.0203351283378
k__Bacteria;p__Proteobacteria;c__Betaproteobacteria;o__Burkholderiales;f__Sutterellaceae;g__Sutterella;s__Sutterella_wadsworthensis	-0.0576352575865	0.0407832806552	-0.00288645562164	0.000932948312711	0.0305548454569	-0.0439380204976	0.0216828838704	0.00119163260886	0.00165668386696	-0.0256090350323	0.0682341191842	-0.0509794279767	-0.030339020879	-0.0279304122387	-0.0430490069247	-0.0162828236999	-0.0369438254011	1.0	-0.0100598218888	-0.0206338059399	0.0178280945873	0.0133571779842	0.0296918973981	-0.00692305725383	0.0298619667053	-0.0533807863849	-0.0130049480454	-0.00090527009366	-0.0179329853143	-0.00509341530986	0.00156075744199	-0.00970218915327	0.0185241232911	0.0382003533398	-0.00205694746043	-0.0741655080816	-0.0636046191063	-0.0161529394265	-0.0857419570779	0.0756006636113	-0.0157654136106	-0.0329881164793	0.0128427678631	0.00416096635247	0.0862313103227	-0.0477427395922	0.011381189854	0.0578217301519	0.0142828687075	-0.0178608984855	0.00258051266651	-0.0702684429334	-0.032446187631	0.056898210624	0.00767977170196	-0.0361654056763	0.0142211607849	0.0398767963154	0.0266533037954
k__Bacteria;p__Bacteroidetes;c__Bacteroidia;o__Bacteroidales;f__Porphyromonadaceae;g__Barnesiella;s__Barnesiella_intestinihominis	0.0319064339836	0.0199224142119	-0.00677633866826	-0.0682720811866	0.010817338935	-0.0125857002509	-0.03600408551	-0.0510823643468	0.0155209339123	0.0933349569549	0.0534485174465	-0.0181672157576	-0.0531869359625	-0.0297304801222	0.0145116342883	-0.038553170091	0.0681176785778	-0.0100598218888	1.0	-0.0323662882354	0.00894707206009	0.0164947902928	0.076334839232	-0.00781300217894	0.0679529789981	-0.0489043384265	0.0703355693137	-0.0274972425416	-0.0230304828562	-0.0757330411516	-0.036011750775	0.014100903518	0.0314456058224	-0.0292587930943	-0.0430049749954	0.0260703175411	-0.052155147551	-0.00164050272651	-0.0311055704347	-0.0346799413228	0.0470899096922	-0.0413601315368	-0.0470550049751	-0.0336983596876	-0.0498116140303	-0.0162944865061	0.00272221068087	-0.0224323852583	-0.00902749683459	-0.0400274380887	-0.0154826877965	-0.00316764358735	-0.0331353156032	0.0521690538113	-0.0675661358948	-0.00852260907764	-0.0229932155015	0.0279258253202	0.0154317699219
k__Bacteria;p__Bacteroidetes;c__Bacteroidia;o__Bacteroidales;f__Odoribacteraceae;g__Odoribacter;s__Odoribacter_splanchnicus	-0.0312596490552	-0.0433064856409	0.0243430969033	-0.0189124549186	-0.000962032556251	-0.0118894375549	0.0504982569136	0.0515257688635	-0.0292364285931	-0.0359293315111	-0.00235113509547	-0.0176383868273	-0.0116121853913	-0.0410048078896	-0.0283505536963	-0.0583986116597	-0.0039214649002	-0.0206338059399	-0.0323662882354	1.0	0.00599773460155	0.0330382976797	0.0383281590037	0.0212632839412	0.0194982657072	-0.0577041944505	0.0150726593611	0.000443432400722	-0.0389718465667	-0.0521083169285	0.0271976289677	-0.0340322773225	-0.0907505354446	-0.0208955269854	0.0281099694317	-0.0247131683742	0.0271677373334	0.0198685497978	0.00859841762557	0.0347086577531	-0.019528116591	-0.00603471880461	-0.0485222557898	0.0304633288973	-0.0178391793447	-0.0136527526374	0.0674384606061	-0.00323563003467	0.0085175029961	0.0685587768531	0.0404794481034	-0.0614967496965	0.0410220027946	-0.0666553009623	-0.022957899006	-0.0172211212179	-0.00793638010387	-0.00518442180122	0.0439723515679
k__Bacteria;p__Bacteroidetes;c__Bacteroidia;o__Bacteroidales;f__Bacteroidaceae;g__Bacteroides;s__Bacteroides_salyersiae	0.00935756278871	0.0383686583826	-0.0417136205463	-0.0173136972147	-0.000515893293056	-0.0283124855609	0.0408323932128	0.0137984868375	0.0107799493142	0.0141009422213	0.0180826757727	0.0287032199129	0.0339014062542	-0.033412041534	-0.0674618798814	-0.0176221222313	0.0286489391141	0.0178280945873	0.00894707206009	0.00599773460155	1.0	-0.0293379814587	-0.0892514485792	0.022916179539	-0.0629247609209	-0.0426206140271	-0.00484405910106	-0.0380772121499	0.0664301714708	-0.0071042120813	0.018824016744	0.00121624947315	0.00580204217041	0.0245536815132	-0.0481666343233	-0.0134954867876	0.0316605171267	0.00346641811946	-0.0220066683426	0.0562121636108	0.060660317667	-0.0135181791681	-0.0289254686907	-0.0323932356872	0.0170740313689	-0.024670595066	-0.0374227359693	-0.0361327059396	-0.0824700226906	0.0114145055002	-0.0233954277182	-0.0536545181009	0.0169571366475	0.0122205932458	-0.0618459057492	-0.0201521985405	-0.0146195501519	0.000636678071388	-0.0198524827192
k__Bacteria;p__Firmicutes;c__Clostridia;o__Clostridiales;f__Ruminococcaceae;g__Ruminiclostridium;s__[Eubacterium]_siraeum	-0.0318232414594	0.0270945651134	-0.0233850238095	-0.00701240471759	-0.00651362695611	-0.0277887218848	-0.0610668117403	-0.0538321031572	0.0247772701237	0.0335261341586	0.0155063635343	0.0485474324973	-0.0031569834421	-0.0416151311435	-0.00475999109671	-0.0256136677967	-0.0341400396587	0.0133571779842	0.0164947902928	0.0330382976797	-0.0293379814587	1.0	-0.0686008756019	0.0479247528754	0.0257704793169	-0.0443803850969	0.00280114850457	0.05276854212	-0.0214895792542	-0.0583304532458	-0.0589494186647	0.0119246788903	-0.0308526742626	-0.0121659450234	0.00197970841453	-0.0217638134065	-0.00920737951593	-0.0202045161384	0.018480136285	-0.0101204246557	0.0696861714225	0.0207498560083	0.0552046354302	-0.00819933088732	0.013997620644	0.032118382032	-0.0779635018516	-0.0363111987303	-0.0516023381828	0.0117657599975	0.00363165537325	0.00778266132157	0.0359440771939	0.0433124173006	-0.0390439776056	-0.0437018771103	-0.0417297357799	-0.0267470135528	0.00440379872543
k__Bacteria;p__Proteobacteria;c__Betaproteobacteria;o__Burkholderiales;f__Sutterellaceae;g__Parasutterella;s__Parasutterella_excrementihominis	0.0129557673306	-0.039842487997	0.0113972119893	-0.0517430727597	-0.0796150891379	0.0403235881212	0.0106101582174	-0.0215260025451	0.000924119260139	0.0357274435593	0.0257973626414	0.0417417277046	0.00299846028716	-0.00860514094094	0.0218018462471	0.000276242317425	-0.0498030230181	0.0296918973981	0.076334839232	0.0383281590037	-0.0892514485792	-0.0686008756019	1.0	0.00296009863208	0.0156331514116	-0.0607900080315	-0.000336676446277	-0.00455807126209	-0.0168471696166	-0.0248769331909	0.0369171385946	0.00328955708937	-0.0347615436895	-0.0338640730761	0.00892457985677	0.00332311946033	0.0077894149969	-0.0193005725482	0.032961783498	0.00113423247358	-0.0136801948727	0.0033924864766	0.0219156251291	-0.044160076615	-0.0195156153327	-0.0502155437576	-0.0279150039658	-0.00244991408846	0.0474502531118	-0.0227979423507	-0.00291511554926	-0.0519230379471	-0.0264416953577	-0.0237802884556	0.0241683006358	-0.0700690982205	-0.00147567271367	-0.000625589993629	0.0386530721777
k__Bacteria;p__Actinobacteria;c__Actinobacteria;o__Bifidobacteriales;f__Bifidobacteriaceae;g__Bifidobacterium;s__Bifidobacterium_adolescentis	0.0102126713713	-0.0186222929233	-0.00663999477269	-0.00134932056477	0.0276487149027	-0.00166918026434	0.0381547635564	-0.0316830721291	-0.0359153432583	-0.0501169239807	0.0125683215083	-0.0364676308218	0.00387897998389	0.0199030211299	-0.00250315938935	-0.0419506332872	-0.0457971345369	-0.00692305725383	-0.00781300217894	0.0212632839412	0.022916179539	0.0479247528754	0.00296009863208	1.0	0.0327997260739	-0.019772503732	-0.00457852593338	-0.0253561338089	0.00159288671713	0.00398253219129	0.0143864345815	-0.0332908423802	-0.0186405494854	0.00791683047659	-0.0102479932656	-0.0761788508432	0.0118725090324	-0.0176495785223	0.024484581392	-0.00731659407302	-0.0445159995028	0.0228268500057	-0.0122428806998	-0.0113581623294	-0.0117985140264	-0.0110730917989	0.0192761387029	-0.0152601503617	-0.0139389499858	0.0231426398783	0.017641307195	-0.0152312978308	0.0168495294598	-0.0499367253707	0.0236377660959	-0.0167156285931	0.0106189194722	-0.0380782744475	-0.0445928663649
k__Bacteria;p__Firmicutes;c__Clostridia;o__Clostridiales;f__Oscillospiraceae;g__Oscillibacter;s__Oscillibacter_sp._KLE_1745	0.0138631395396	-0.0953548573561	0.00464415189202	-0.03870598759	-0.00309354247623	-0.0411828583066	0.00492083847399	0.0459933444334	-0.0188136604832	0.0352063386634	-0.0575094889497	-0.0269674696217	0.0142112497566	-0.0404197775737	0.010491229357	-0.055825718706	0.0493131400951	0.0298619667053	0.0679529789981	0.0194982657072	-0.0629247609209	0.0257704793169	0.0156331514116	0.0327997260739	1.0	-0.0172690173861	-0.0575199158694	-0.0619551355642	0.0210376312246	-0.0598185130226	-0.0222279882445	-0.0515300749496	0.0440708779294	-0.0116412820175	-0.0041064822369	0.00345790498373	-0.0271863031095	0.00340465678914	0.0364125012507	-0.0193677337448	-0.0161015163438	-0.0319924524071	-0.0150079473036	-0.00147570740869	-0.0338359431851	-0.0212547279029	-0.0656225980199	-0.0235404544638	0.0217177149358	0.0590883181288	0.004474343663	-0.0825823609284	-0.0067981485948	-0.0222712731218	-0.00813599555389	0.0372941209627	0.0108423922389	-0.0536960001086	-0.0456908483076
k__Bacteria;p__Bacteroidetes;c__Bacteroidia;o__Bacteroidales;f__Bacteroidaceae;g__Bacteroides;s__Bacteroides_coprophilus	-0.0190051459222	-0.0132984547905	0.00347718126885	0.0759056576908	0.0637922197415	-0.00935234224307	-0.0119191849825	-0.0801246695868	-0.0552967172468	-0.0383963052625	-0.00487697168091	0.0490166231658	0.0121500451596	0.0114680056373	0.00675785583313	-0.0382081145839	-0.0572770711392	-0.0533807863849	-0.0489043384265	-0.0577041944505	-0.0426206140271	-0.0443803850969	-0.0607900080315	-0.019772503732	-0.0172690173861	1.0	-0.0457416767292	-0.0361062341703	0.0073967095803	-0.0147112195204	-0.056659476232	0.018850625561	0.0400828742486	0.0496066770707	-0.0867910242555	-0.0041897359828	-0.0200949094487	0.0178580702708	0.0536749021174	0.0639276424614	-0.0587991456232	-0.030894415964	0.00740857318446	-0.0100271627569	-0.000736560260424	-0.00896010632731	0.0534239501226	0.0219934915102	-0.016522000857	-0.0380627402033	0.0191945934359	-0.0428038140322	0.00684704165445	0.00492767259935	0.019150627691	-0.00996201225501	0.025213012053	-0.010706343781	0.00640797513645
k__Bacteria;p__Firmicutes;c__Clostridia;o__Clostridiales;f__Lachnospiraceae;g__Roseburia;s__Roseburia_intestinalis	-0.0333291799615	-0.0424060492966	-0.00308922266721	0.00219857265649	-0.0646176102576	0.0377846721405	0.0346197145863	-0.0130023742439	0.0449428990243	-0.0122221841165	-0.00228875421589	0.00195412954186	-0.0190503741139	-0.00393258965122	-0.0267428490704	-0.023978736987	-0.00073504360561	-0.0130049480454	0.0703355693137	0.0150726593611	-0.00484405910106	0.00280114850457	-0.000336676446278	-0.00457852593338	-0.0575199158694	-0.0457416767292	1.0	-0.00119494159863	0.00148870367562	0.000187894190583	-0.0601047020565	-0.00192716152647	-0.0573037590196	-0.0431623851125	0.0491348971346	0.0509149961291	-0.0280198553743	-0.0443133031204	0.0421353671525	-0.0466547621866	0.00746849708163	-0.0147587888655	-0.0530715275623	0.0744168084494	0.0144593147366	-0.011759923151	-0.0279058368854	-0.00530287470759	-0.0582021756711	0.0415165843498	-0.0140089507451	0.0358446071361	-0.0746401674309	-0.031895017919	-0.00332312647018	0.0566162898618	0.0199320646328	-0.0562799433352	0.0444856900071
k__Bacteria;p__Firmicutes;c__Clostridia;o__Clostridiales;f__Lachnospiraceae;g__Roseburia;s__Roseburia_hominis	-0.0289496392013	0.0229865141306	-0.0066616216037	-0.0516033663281	-0.036497182346	0.0741341580844	-0.0201034791862	-0.00971284971841	0.0515629508253	0.0354073278016	0.00730349504797	-0.0131203910111	-0.0183796807159	0.0220849022098	-0.0526488645185	0.0201479394205	0.0384470461141	-0.00090527009366	-0.0274972425416	0.000443432400722	-0.0380772121499	0.05276854212	-0.00455807126209	-0.0253561338089	-0.0619551355642	-0.0361062341703	-0.00119494159863	1.0	-0.0043286101547	-0.00120418082056	0.0255186115232	-0.00442407869251	-0.0187111551025	-0.0111481032487	0.0252611545628	0.0386227792853	-0.0184717648596	-0.0385267402377	0.0164351967228	-0.0996815267847	0.00967868596777	0.0223913857777	-0.0214141516418	0.0424010531409	-0.0123175905168	-0.0260929555678	-0.00233460545293	-0.0883676969207	0.00703941742872	0.0139692714057	0.0146893880763	-0.0728184603361	-0.0207577146437	0.0251819565555	-0.0317979633081	0.0128234413247	-0.0343760338161	0.0225554670011	-0.0264186659913
k__Bacteria;p__Bacteroidetes;c__Bacteroidia;o__Bacteroidales;f__Porphyromonadaceae;g__Parabacteroides;s__Parabacteroides_johnsonii	0.0352671122796	0.0354673047534	-0.0110191910375	-0.0345890174839	0.0124644612995	0.00235739022154	-0.0602652221984	0.0248925781087	-0.0520699528799	0.0204396927183	-0.0211263761192	-0.0124328227274	-0.00917525309575	-0.0204486060471	0.0515992947381	0.0201043143366	-0.013458073404	-0.0179329853143	-0.0230304828562	-0.0389718465667	0.0664301714708	-0.0214895792542	-0.0168471696166	0.00159288671713	0.0210376312246	0.0073967095803	0.00148870367562	-0.0043286101547	1.0	0.0214557662662	0.0306583483698	-0.0350509397088	-0.014020461668	0.00210397353358	-0.005086117813	-0.00747008460697	-0.0546857601666	0.0106977256793	-0.00222950705444	-0.0338333892264	-0.012319564504	-0.0487119589209	-0.0125546095577	-0.0169592877733	-0.00955079052117	0.0458679626977	-0.0113965326145	-0.0243040628796	0.0444904054896	-0.0207775338993	-0.0670536072148	-0.0273977475241	0.00997790400094	0.00459124183012	-0.0532700411681	0.0389397297655	-0.0517320152901	-0.0187734800588	-0.0340417061021
k__Bacteria;p__Actinobacteria;c__Actinobacteria;o__Bifidobacteriales;f__Bifidobacteriaceae;g__Bifidobacterium;s__Bifidobacterium_longum	-0.0227373315328	-0.0104959383603	-0.0572244320574	-0.00890933744201	-0.00212751382179	0.00973523347555	0.0186661445768	0.00164177044228	-0.0258200160742	-0.0295555737656	-0.0190162077706	0.015566481004	-0.00980691801174	-0.00326653090268	-0.0186702551402	0.0294432888645	0.00169110158663	-0.00509341530986	-0.0757330411516	-0.0521083169285	-0.0071042120813	-0.0583304532458	-0.0248769331909	0.00398253219129	-0.0598185130226	-0.0147112195204	0.000187894190583	-0.00120418082056	0.0214557662662	1.0	-0.0331440568414	-0.0151536548389	0.0339625396403	0.0291715170389	-0.0401339026474	0.0216055428296	0.0196766817115	-0.0323462450865	-0.00587123506838	0.00696202152423	-0.0267820091922	0.03662503099	0.0114011043754	0.0107170684613	-0.0439486441421	0.00819367269863	-0.0335976318404	-0.0324538873299	-0.0143903016941	0.0455606036036	-0.0346053393304	0.0295386863851	0.0488220915301	0.0133517156347	0.034422204809	-0.0234381254643	-0.033683138938	-0.00079854774883	-0.022061274597
