#taxonomy	k__Bacteria;p__Bacteroidetes;c__Bacteroidia;o__Bacteroidales;f__Bacteroidaceae;g__Bacteroides;s__Bacteroides_vulgatus	k__Bacteria;p__Bacteroidetes;c__Bacteroidia;o__Bacteroidales;f__Bacteroidaceae;g__Bacteroides;s__Bacteroides_uniformis	k__Bacteria;p__Bacteroidetes;c__Bacteroidia;o__Bacteroidales;f__Rikenellaceae;g__Alistipes;s__Alistipes_putredinis	k__Bacteria;p__Bacteroidetes;c__Bacteroidia;o__Bacteroidales;f__Prevotellaceae;g__Prevotella;s__Prevotella_copri	k__Bacteria;p__Bacteroidetes;c__Bacteroidia;o__Bacteroidales;f__Bacteroidaceae;g__Bacteroides;s__Bacteroides_stercoris	k__Bacteria;p__Bacteroidetes;c__Bacteroidia;o__Bacteroidales;f__Bacteroidaceae;g__Bacteroides;s__Bacteroides_ovatus	k__Bacteria;p__Bacteroidetes;c__Bacteroidia;o__Bacteroidales;f__Rikenellaceae;g__Alistipes;s__Alistipes_shahii	k__Bacteria;p__Firmicutes;c__Clostridia;o__Clostridiales;f__Ruminococcaceae;g__Faecalibacterium;s__Faecalibacterium_prausnitzii	k__Bacteria;p__Bacteroidetes;c__Bacteroidia;o__Bacteroidales;f__Rikenellaceae;g__Alistipes;s__Alistipes_finegoldii	k__Bacteria;p__Bacteroidetes;c__Bacteroidia;o__Bacteroidales;f__Porphyromonadaceae;g__Parabacteroides;s__Parabacteroides_distasonis	k__Bacteria;p__Bacteroidetes;c__Bacteroidia;o__Bacteroidales;f__Bacteroidaceae;g__Bacteroides;s__Bacteroides_thetaiotaomicron	k__Bacteria;p__Bacteroidetes;c__Bacteroidia;o__Bacteroidales;f__Bacteroidaceae;g__Bacteroides;s__Bacteroides_coprocola	k__Bacteria;p__Bacteroidetes;c__Bacteroidia;o__Bacteroidales;f__Bacteroidaceae;g__Bacteroides;s__Bacteroides_cellulosilyticus	k__Bacteria;p__Bacteroidetes;c__Bacteroidia;o__Bacteroidales;f__Rikenellaceae;g__Alistipes;s__Alistipes_obesi	k__Bacteria;p__Firmicutes;c__Clostridia;o__Clostridiales;f__Lachnospiraceae;g__;s__[Eubacterium]_rectale	k__Bacteria;p__Bacteroidetes;c__Bacteroidia;o__Bacteroidales;f__Bacteroidaceae;g__Bacteroides;s__Bacteroides_plebeius	k__Bacteria;p__Bacteroidetes;c__Bacteroidia;o__Bacteroidales;f__Bacteroidaceae;g__Bacteroides;s__Bacteroides_fragilis	k__Bacteria;p__Proteobacteria;c__Betaproteobacteria;o__Burkholderiales;f__Sutterellaceae;g__Sutterella;s__Sutterella_wadsworthensis	k__Bacteria;p__Bacteroidetes;c__Bacteroidia;o__Bacteroidales;f__Porphyromonadaceae;g__Barnesiella;s__Barnesiella_intestinihominis	k__Bacteria;p__Bacteroidetes;c__Bacteroidia;o__Bacteroidales;f__Odoribacteraceae;g__Odoribacter;s__Odoribacter_splanchnicus	k__Bacteria;p__Bacteroidetes;c__Bacteroidia;o__Bacteroidales;f__Bacteroidaceae;g__Bacteroides;s__Bacteroides_salyersiae	k__Bacteria;p__Firmicutes;c__Clostridia;o__Clostridiales;f__Ruminococcaceae;g__Ruminiclostridium;s__[Eubacterium]_siraeum	k__Bacteria;p__Proteobacteria;c__Betaproteobacteria;o__Burkholderiales;f__Sutterellaceae;g__Parasutterella;s__Parasutterella_excrementihominis	k__Bacteria;p__Actinobacteria;c__Actinobacteria;o__Bifidobacteriales;f__Bifidobacteriaceae;g__Bifidobacterium;s__Bifidobacterium_adolescentis	k__Bacteria;p__Firmicutes;c__Clostridia;o__Clostridiales;f__Oscillospiraceae;g__Oscillibacter;s__Oscillibacter_sp._KLE_1745	k__Bacteria;p__Bacteroidetes;c__Bacteroidia;o__Bacteroidales;f__Bacteroidaceae;g__Bacteroides;s__Bacteroides_coprophilus	k__Bacteria;p__Firmicutes;c__Clostridia;o__Clostridiales;f__Lachnospiraceae;g__Roseburia;s__Roseburia_intestinalis	k__Bacteria;p__Firmicutes;c__Clostridia;o__Clostridiales;f__Lachnospiraceae;g__Roseburia;s__Roseburia_hominis	k__Bacteria;p__Bacteroidetes;c__Bacteroidia;o__Bacteroidales;f__Porphyromonadaceae;g__Parabacteroides;s__Parabacteroides_johnsonii	k__Bacteria;p__Actinobacteria;c__Actinobacteria;o__Bifidobacteriales;f__Bifidobacteriaceae;g__Bifidobacterium;s__Bifidobacterium_longum	k__Bacteria;p__Firmicutes;c__Clostridia;o__Clostridiales;f__;g__Flavonifractor;s__Flavonifractor_plautii	k__Bacteria;p__Firmicutes;c__Clostridia;o__Clostridiales;f__Clostridiaceae;g__Clostridium;s__Clostridium_phoceensis	k__Bacteria;p__Verrucomicrobia;c__Verrucomicrobiae;o__Verrucomicrobiales;f__Akkermansiaceae;g__Akkermansia;s__Akkermansia_muciniphila	k__Bacteria;p__Bacteroidetes;c__Bacteroidia;o__Bacteroidales;f__Prevotellaceae;g__Paraprevotella;s__Paraprevotella_xylaniphila	k__Bacteria;p__Firmicutes;c__Clostridia;o__Clostridiales;f__Ruminococcaceae;g__Ruminococcus;s__Ruminococcus_callidus	k__Bacteria;p__Bacteroidetes;c__Bacteroidia;o__Bacteroidales;f__Rikenellaceae;g__Alistipes;s__Alistipes_senegalensis	k__Bacteria;p__Firmicutes;c__Clostridia;o__Clostridiales;f__Lachnospiraceae;g__Blautia;s__Blautia_sp._KLE_1732	k__Bacteria;p__Bacteroidetes;c__Bacteroidia;o__Bacteroidales;f__Bacteroidaceae;g__Bacteroides;s__Bacteroides_oleiciplenus	k__Bacteria;p__Firmicutes;c__Clostridia;o__Clostridiales;f__Ruminococcaceae;g__Ruminococcus;s__Ruminococcus_bicirculans	k__Bacteria;p__Bacteroidetes;c__Bacteroidia;o__Bacteroidales;f__Bacteroidaceae;g__Bacteroides;s__Bacteroides_fluxus	k__Bacteria;p__Bacteroidetes;c__Bacteroidia;o__Bacteroidales;f__Prevotellaceae;g__Prevotella;s__Prevotella_stercorea	k__Bacteria;p__Firmicutes;c__Clostridia;o__Clostridiales;f__Lachnospiraceae;g__Dorea;s__Dorea_longicatena	k__Bacteria;p__Firmicutes;c__Clostridia;o__Clostridiales;f__Eubacteriaceae;g__Eubacterium;s__[Eubacterium]_eligens	k__Bacteria;p__Firmicutes;c__Clostridia;o__Clostridiales;f__Ruminococcaceae;g__;s__Ruminococcaceae_bacterium_D16	k__Bacteria;p__Firmicutes;c__Clostridia;o__Clostridiales;f__Lachnospiraceae;g__Coprococcus;s__Coprococcus_comes	k__Bacteria;p__Proteobacteria;c__Gammaproteobacteria;o__Enterobacterales;f__Enterobacteriaceae;g__Escherichia;s__Escherichia_coli	k__Bacteria;p__Firmicutes;c__Clostridia;o__Clostridiales;f__Ruminococcaceae;g__Anaerotruncus;s__Anaerotruncus_colihominis	k__Bacteria;p__Firmicutes;c__Clostridia;o__Clostridiales;f__Lachnospiraceae;g__Blautia;s__Blautia_obeum	k__Bacteria;p__Bacteroidetes;c__Bacteroidia;o__Bacteroidales;f__Odoribacteraceae;g__Odoribacter;s__Odoribacter_laneus	k__Bacteria;p__Firmicutes;c__Clostridia;o__Clostridiales;f__Ruminococcaceae;g__Ruminiclostridium;s__[Clostridium]_leptum	k__Bacteria;p__Bacteroidetes;c__Bacteroidia;o__Bacteroidales;f__Porphyromonadaceae;g__Parabacteroides;s__Parabacteroides_goldsteinii	k__Bacteria;p__Firmicutes;c__Clostridia;o__Clostridiales;f__Lachnospiraceae;g__Anaerostipes;s__Anaerostipes_hadrus	k__Bacteria;p__Firmicutes;c__Clostridia;o__Clostridiales;f__Ruminococcaceae;g__Ruminococcus;s__Ruminococcus_lactaris	k__Bacteria;p__Firmicutes;c__Clostridia;o__Clostridiales;f__Clostridiaceae;g__Clostridium;s__Clostridium_sp._L2-50	k__Bacteria;p__Firmicutes;c__Clostridia;o__Clostridiales;f__Clostridiaceae;g__Clostridium;s__Clostridium_sp._M62/1	k__Bacteria;p__Firmicutes;c__Clostridia;o__Clostridiales;f__;g__Intestinimonas;s__Intestinimonas_butyriciproducens	k__Bacteria;p__Actinobacteria;c__Actinobacteria;o__Bifidobacteriales;f__Bifidobacteriaceae;g__Bifidobacterium;s__Bifidobacterium_bifidum	k__Bacteria;p__Firmicutes;c__Negativicutes;o__Veillonellales;f__Veillonellaceae;g__Dialister;s__Dialister_invisus	k__Bacteria;p__Bacteroidetes;c__Bacteroidia;o__Bacteroidales;f__Bacteroidaceae;g__Bacteroides;s__Bacteroides_salanitronis
k__Bacteria;p__Bacteroidetes;c__Bacteroidia;o__Bacteroidales;f__Bacteroidaceae;g__Bacteroides;s__Bacteroides_vulgatus	1.0	0.0729840775921	-0.00333866140511	-0.0768000240484	-0.0732216979164	0.00538380415366	-0.0169751305017	0.0223582106018	0.0498229301841	-0.0776582503981	-0.00635856845407	-0.0138725270116	-0.0178926344103	-0.0396179846025	-0.000838704328064	-0.0833952449247	0.0261013566299	0.0559709407137	0.0219110845971	0.0173826343119	-0.0203909260427	-0.0278361199827	0.0527503330559	0.00569774770633	0.0195516038905	-0.0785423792952	-0.0455704586816	-0.0773000872557	-0.0220398518686	0.00736071412584	0.043061197577	-0.0643932918751	0.0356767830743	0.0293318617475	-0.0496593553163	0.00149129540143	-0.00241085636194	-0.00367887886897	-0.0333177788992	-0.0277197552457	-0.0117840695505	0.0164367469492	-0.0584362084439	-0.0662270377699	-0.01098634504	0.00416254432697	0.0107486770211	0.0162445971376	0.025946921288	0.0638907344341	0.0209921845706	0.0380269703844	0.0173828351668	-0.00517397881266	-0.0277682638454	-0.0793969685374	-0.0609600145941	0.0403217757625	0.0328022413102
k__Bacteria;p__Bacteroidetes;c__Bacteroidia;o__Bacteroidales;f__Bacteroidaceae;g__Bacteroides;s__Bacteroides_uniformis	0.0729840775921	1.0	-0.0471542546354	0.0125334299153	0.0723647918094	-0.038254344548	0.0117935389925	0.0119717982503	-0.0333328040891	-0.00118086847556	0.0300330924587	-0.00824115953498	0.0556689962707	-0.0352052166843	-0.0105185421492	-0.0214495000725	-0.0188851361706	0.00819087443366	0.055139361102	0.0261205837582	-0.0228256544355	0.00181567574471	-0.0082212667818	-0.00322651286552	0.0154337410914	-0.0339538612533	-0.0329756207298	-0.0330670266843	-0.0107051058721	-0.0240629283792	-0.0114589769381	-0.00706984040041	-0.0643531420456	-0.0601995919337	0.00405393136785	0.0112522657361	0.00567921193442	0.0342951800689	-0.0268248136323	-0.0481702916245	-0.0326338354207	-0.0225170877207	-0.0299440232647	0.0201647516102	-0.0300362852522	-0.0401774088433	-0.0141852645341	-0.0188908805396	-0.023655206902	0.0250126282717	0.0469339130871	0.00621567005248	0.0208325401079	-0.0342594023236	-0.0146774384707	-0.0336200708936	-0.0228337209343	0.0343437709006	-0.0143563105985
k__Bacteria;p__Bacteroidetes;c__Bacteroidia;o__Bacteroidales;f__Rikenellaceae;g__Alistipes;s__Alistipes_putredinis	-0.00333866140511	-0.0471542546354	1.0	-0.0255891482226	0.00045706577519	-0.0310581606945	0.0122819493875	-0.00850025276203	0.0372513277619	0.0194070680348	-0.0335059134584	-0.03088600592	-0.0530185042506	0.00362112778163	0.0276965684538	0.0205397477092	-0.0546919699838	0.0330541445884	-0.013766325219	-0.0564431669142	0.0479643424616	0.0179880490464	0.0346968179626	-0.0058503400172	0.0577273319324	0.00333007613066	0.0194167902595	-0.0552241121914	0.0134930353057	0.00290158842223	-0.00412428574746	0.0194742327898	-0.0105270109602	-0.0313774194645	-0.0268439241267	-0.0143700699048	-0.00723189367001	0.0662376403988	0.0275134632754	0.0198321228532	-0.0175204063999	-0.0254418929341	0.000558744383742	-0.0445252173598	0.0393071377522	0.029922893868	-0.0460958255294	0.000254321268756	0.00516914436066	0.0620235245922	0.0530129539698	-0.0444828105313	-0.0534002649858	0.00234660899347	-0.0397057233133	-0.0450956656585	0.0365505637173	0.00438747159066	-0.055735321477
k__Bacteria;p__Bacteroidetes;c__Bacteroidia;o__Bacteroidales;f__Prevotellaceae;g__Prevotella;s__Prevotella_copri	-0.0768000240484	0.0125334299153	-0.0255891482226	1.0	0.00925511160817	0.0047224770942	0.00125587720464	0.00555199869901	0.00569882886717	0.00260084778234	-0.0463289731417	-0.0194973859571	0.0237649804209	-0.035500549042	0.0212812472419	0.00138838376615	0.092055259819	-0.0955634719199	-0.0677020129062	-0.0287070082367	-0.0324211830832	0.00306229748908	-0.000617678136338	-0.0798971424075	0.0499697438956	-0.0135318547011	-0.105013642618	0.051211527862	-0.0365552407682	-0.0178758533317	0.0150200956729	-0.00857995466445	0.0683306001079	0.000479260330755	0.0114914449976	0.0138224380075	0.0276203277034	0.0235018821778	-0.0466910842952	0.0397466877119	-0.00244662094616	0.0128165697138	-0.0404375060665	-0.00481328063472	-0.0201637085616	-0.0867371742277	-0.0192064349853	-0.0593534992194	-0.0641938768773	0.0278017824191	0.0373361373192	0.012377190403	-0.00486595461579	-0.00600032087946	0.0167948094093	0.0315476664334	-0.0056454589942	-0.0292386957718	-0.0364616138607
k__Bacteria;p__Bacteroidetes;c__Bacteroidia;o__Bacteroidales;f__Bacteroidaceae;g__Bacteroides;s__Bacteroides_stercoris	-0.0732216979164	0.0723647918094	0.00045706577519	0.00925511160817	1.0	0.0374244042443	-0.000101374092612	-0.0335808374942	0.00433348542737	0.0121818928506	-0.00227262341967	-0.0409826538273	-0.0266381434796	-0.00167146322492	-0.0464788444359	0.0066993683454	-0.0587529849702	0.0503586975834	-0.0148982590932	-0.0204806560884	-0.0120542361555	-0.0186273952729	-0.00402807734893	0.0323093754707	-0.0457125264229	0.0133761185599	-0.0344680157035	0.056441488448	-0.0717399161902	0.005727866209	-0.00395325345391	0.0016942302288	-0.0201194223231	0.016376509077	0.013084518995	0.00762988730716	0.005423645056	0.0378600501396	-0.0059813210332	0.015805176572	-0.0222915303633	-0.0136796209142	0.00419550623549	0.00466182258435	-0.0205347976204	-0.0503104638385	-0.0103140378105	-0.0206597701779	0.0136845406297	-0.00257614340627	-0.0359701345032	-0.0543806644144	-0.0110919879904	-0.0480312505025	-0.0376413631642	-0.0488465336758	0.0242879916008	0.0328185311888	0.0063286826382
k__Bacteria;p__Bacteroidetes;c__Bacteroidia;o__Bacteroidales;f__Bacteroidaceae;g__Bacteroides;s__Bacteroides_ovatus	0.00538380415366	-0.038254344548	-0.0310581606945	0.0047224770942	0.0374244042443	1.0	-0.0291077888298	0.0129791992904	-0.0775926575837	0.042068428254	-0.00591433525468	0.0402855503677	-0.07547353395	-0.0306516899868	0.0170455038806	0.0568009400317	-0.0512577654098	0.00614972211194	0.0187396710026	-0.0164165198605	-0.0776158067916	-0.000219336698936	0.00130889392445	0.00353662157078	-0.0532588499619	-0.0280347959004	-0.0322127330602	0.00478621757458	-0.0651972450426	0.0205193172296	-0.0356972786677	-0.017341285041	-0.00121340798345	-0.0236602005062	0.0012735021526	7.53669640645e-05	-0.0583370290486	0.0310056684071	-0.00417215583265	0.0151740164203	-0.0159405791321	-0.0261376974496	-0.0112149599489	0.0183482119729	-0.0391488347651	-0.0367769801209	-0.0268730533138	-0.0150290350403	-0.0212094557443	-0.00120123385466	0.0582587484749	-0.014912441794	-0.0436572671243	0.0378438259027	-0.00557240950858	-0.00175414414035	0.0352355487922	-0.0112044948077	-0.0912441493733
k__Bacteria;p__Bacteroidetes;c__Bacteroidia;o__Bacteroidales;f__Rikenellaceae;g__Alistipes;s__Alistipes_shahii	-0.0169751305017	0.0117935389925	0.0122819493875	0.00125587720464	-0.000101374092612	-0.0291077888298	1.0	-0.0137890999627	0.0186406761175	-0.0218083899123	-0.0508963376677	0.0258615841315	-0.0432219399484	-0.0324321255667	-0.0489828166919	-0.0350536591564	0.0421606430154	-0.0416341796467	-0.016507082341	-0.000231610248641	-0.0728384438932	0.025998265194	0.0272901384831	0.0299367286545	0.00773983568941	0.0546266471477	-0.0225676154506	0.0211384002249	0.0121690322364	0.00124337138966	0.00535364299968	-0.080399587618	-0.0159138175322	-0.0329864690725	0.0141822769628	-0.0259619009827	-0.0122902055168	-0.0141015300465	-0.0120339851871	-0.0670509423554	0.0169904319386	0.0555011375763	0.00396748435385	-0.021768907672	0.0474266064891	0.0423191815001	-0.0170416611826	-0.0128479654305	0.0274515398258	-0.00532864531325	-0.056084259526	0.044067505215	-0.0394293478593	0.00610044172897	-0.070430790707	0.0321269527924	0.0128241743103	-0.00329862236613	-0.0193567236058
k__Bacteria;p__Firmicutes;c__Clostridia;o__Clostridiales;f__Ruminococcaceae;g__Faecalibacterium;s__Faecalibacterium_prausnitzii	0.0223582106018	0.0119717982503	-0.00850025276203	0.00555199869901	-0.0335808374942	0.0129791992904	-0.0137890999627	1.0	-0.0666810001145	-0.0105123519526	0.028588667239	0.0751678564578	-0.0298536643374	0.00792359327835	-0.0801181579207	0.0150229092526	-0.0252401799948	0.0863652974386	-0.013991958869	-0.016498164939	-0.0110222365963	-0.0296139209813	0.0291850765585	-0.0207161463928	-0.0711323182565	0.0100959138439	0.00960955486736	-0.0282509354244	0.0311226873842	0.00363198621012	0.0057672825654	-0.0255882056563	0.0509305476386	0.00872970909641	0.052062950837	-0.0301509974121	-0.0572628910987	-0.0236386138247	0.0489880225755	-0.075884699056	-0.0113503776158	-0.0561718298576	0.0307973954262	0.0133746465783	-0.0176150617339	0.0267738241131	-0.0191549703812	-0.0432375770542	-0.0446165120336	-0.012964653371	-0.00800090135179	-0.0414913993121	0.0233770144427	-0.0442633201854	-0.0478550218589	-0.010539449998	-0.0656875139017	0.083666556799	0.0178192093314
k__Bacteria;p__Bacteroidetes;c__Bacteroidia;o__Bacteroidales;f__Rikenellaceae;g__Alistipes;s__Alistipes_finegoldii	0.0498229301841	-0.0333328040891	0.0372513277619	0.00569882886717	0.00433348542737	-0.0775926575837	0.0186406761175	-0.0666810001145	1.0	-0.0124707165064	0.0209474703032	0.0230606522586	-0.0703111495516	-0.0455206822973	-0.0649044480117	-0.0216390801973	-0.0524966063735	0.0132250915121	-0.00200589402365	-0.0430620812031	-0.0529073347231	0.0163329603216	0.041250130681	0.032670490848	0.0189025489078	0.0459354663857	0.000375519734258	-0.0940018361621	0.00878031222978	0.00469646180897	0.0129397059138	-0.0749977494514	0.0357705937402	-0.0123084745512	0.030650842312	0.00606349412128	0.0248066663561	0.0365759163664	-0.0325253617001	-0.0131204511363	0.0306680683888	-0.0908448494742	0.000496773049803	-0.00431078771378	0.00464673798388	-0.0161706869028	-0.0237429487051	-0.0249096666306	-0.0929446808675	-0.0325756937386	-0.018768555338	0.0209508295179	-0.0224319639639	0.00570807114634	-0.0228210757499	0.0222738059024	0.0257120074774	0.00562167648421	-0.0013653001325
k__Bacteria;p__Bacteroidetes;c__Bacteroidia;o__Bacteroidales;f__Porphyromonadaceae;g__Parabacteroides;s__Parabacteroides_distasonis	-0.0776582503981	-0.00118086847556	0.0194070680348	0.00260084778234	0.0121818928506	0.042068428254	-0.0218083899123	-0.0105123519526	-0.0124707165064	1.0	-0.0402694270988	-0.0359710135368	-0.00119355457824	-0.0309681544978	-0.0261988722146	0.00787515149254	-0.0505240517416	0.0459196439442	0.0130157903765	-0.0527772531657	-0.0376759827737	-0.00344387287409	0.0208131341124	-0.0741244637745	0.0442573440938	0.00435403614142	-0.0199563995438	0.0320606661334	-0.0195818304247	-0.0180142555467	-0.0144273545399	0.0237241177963	-0.021692526919	0.00235750165703	-0.0266103935991	-0.0552935249127	-0.0368318779159	0.0102055995083	0.0206820853522	0.061449930646	-0.0332949177753	-0.0115780851021	-0.0172776778141	-0.00194111348703	0.00985401620436	0.0414082487646	0.0468533016144	0.00570052456783	-0.0131353300649	0.0325151825879	-0.0116452303224	-0.0426930630775	-0.0683864064434	0.0132896367443	0.011260223656	-0.0271499275767	0.0195781866661	-0.0191630965354	0.018872641367
k__Bacteria;p__Bacteroidetes;c__Bacteroidia;o__Bacteroidales;f__Bacteroidaceae;g__Bacteroides;s__Bacteroides_thetaiotaomicron	-0.00635856845407	0.0300330924587	-0.0335059134584	-0.0463289731417	-0.00227262341967	-0.00591433525468	-0.0508963376677	0.028588667239	0.0209474703032	-0.0402694270988	1.0	-0.00161600334287	0.0155056720172	-0.00709445306431	-0.00526656356391	0.0116294196263	-0.0130116766155	0.0179924241709	-0.0358525220724	-0.0119493958262	-0.0680621550271	0.0113283000786	-0.0307448244655	-0.0172344475431	0.00271990640187	-0.0120675335526	0.0418829243373	0.0501262457606	0.0542188051566	0.0338669491957	-0.0219600992695	-0.0366396513665	0.0104205366092	-0.0272469314398	0.00283898143838	-0.0343137314838	-0.0073936020162	0.00676971351034	0.0519608198176	0.00210792321686	-0.0213870610805	0.0151093223405	-0.0474019820262	0.0213746716002	-0.00518610215694	-0.0669945081774	-0.0337411655147	-0.00255084806192	-0.0504765426563	-0.0562199493398	0.0436912401223	0.0437134156291	-0.0608542650986	-0.0270745295401	0.0194764454839	0.0137447378816	0.0221790523896	0.00720243694243	0.00291401884994
k__Bacteria;p__Bacteroidetes;c__Bacteroidia;o__Bacteroidales;f__Bacteroidaceae;g__Bacteroides;s__Bacteroides_coprocola	-0.0138725270116	-0.00824115953498	-0.03088600592	-0.0194973859571	-0.0409826538273	0.0402855503677	0.0258615841315	0.0751678564578	0.0230606522586	-0.0359710135368	-0.00161600334287	1.0	-0.000982861402878	-0.0533785027831	0.0354980726559	0.0264133233457	-0.020013114775	-0.0135117021727	0.0174128898911	0.00445718011644	-0.00690292016742	0.0235804317413	-0.0477864519659	-0.028049845083	0.0306027282309	0.0143811577064	0.0167927005523	0.065048291103	0.00140489760031	-0.0980580121942	-0.0399658390775	-0.0134555681317	0.0100262027946	-0.0064411564072	-0.0837207841417	-0.0148366763294	-0.0159597656962	-0.0140659607132	0.0156940073976	-0.0202874241783	-0.0560607046833	-0.0437306049066	-0.0292395337656	0.0442191318961	-0.0396935666267	-0.0515567803398	0.0292036662937	-0.00308922978798	0.0255512936576	-0.0106814534457	-0.0708469031115	-0.0384592294673	-0.00813242991892	0.0261956427081	-0.017835785813	0.00133459194292	-0.0215321855252	-0.0474573846089	-0.0494239037985
k__Bacteria;p__Bacteroidetes;c__Bacteroidia;o__Bacteroidales;f__Bacteroidaceae;g__Bacteroides;s__Bacteroides_cellulosilyticus	-0.0178926344103	0.0556689962707	-0.0530185042506	0.0237649804209	-0.0266381434796	-0.07547353395	-0.0432219399484	-0.0298536643374	-0.0703111495516	-0.00119355457824	0.0155056720172	-0.000982861402878	1.0	-0.0924665626708	0.0655118437729	0.0278468055711	0.0276261757217	-0.0260713427942	0.00895435273202	0.0180051641205	-0.0269314862867	0.0240777359742	0.017208039606	0.0160762984107	0.0406672474597	-0.0194463821764	0.0203068957078	-0.0401418566993	0.0126610172191	-0.00189067569701	-0.0257056292612	0.0149282256477	-0.0216397612135	-0.0618900526927	0.0537501737844	0.0036731988648	0.0356034675759	-0.0311631658664	0.0130370372224	0.0137238684748	-0.0342612635175	0.0159437593525	-0.0116554920268	-0.00397288968606	-0.10331659594	0.0246602271792	0.0459622236755	-0.0613189608662	-0.000809098716083	-0.0783587024555	-0.0111929927497	0.0235324947821	0.00976640060866	0.00815538073746	-0.00463117165252	0.0137040731654	-0.0565659086083	-0.0352087108275	0.011725622716
k__Bacteria;p__Bacteroidetes;c__Bacteroidia;o__Bacteroidales;f__Rikenellaceae;g__Alistipes;s__Alistipes_obesi	-0.0396179846025	-0.0352052166843	0.00362112778163	-0.035500549042	-0.00167146322492	-0.0306516899868	-0.0324321255667	0.00792359327835	-0.0455206822973	-0.0309681544978	-0.00709445306431	-0.0533785027831	-0.0924665626708	1.0	0.00533593670708	0.00366242344562	-0.0153724838529	0.0424423313555	-0.0839285548249	-0.0680560180565	0.00399050692718	0.0352685419698	-0.0317255266211	-0.0209352589611	-0.0290482028253	-0.0243964684672	0.00993638525289	0.0199324015833	-0.0481591687003	-0.0361607310106	-0.0395789336456	-0.0179212391126	-0.0108917962959	0.0243144711053	-0.054952836903	0.0335928089524	0.0241172450301	-0.000927881829594	-0.0297504480224	0.00287575595804	0.00590829027829	-0.0023637108621	0.0249955179913	-0.062040296429	0.00891113568471	-0.0435494749323	-0.00334781215691	-0.0414024962978	0.0151336525426	-0.00317594230548	0.00727177283879	-0.00767723908896	0.0767155887948	-0.0327335815093	-0.0493678465236	-0.0313089115835	0.00693533994781	0.00609826941572	0.0124110266117
k__Bacteria;p__Firmicutes;c__Clostridia;o__Clostridiales;f__Lachnospiraceae;g__;s__[Eubacterium]_rectale	-0.000838704328063	-0.0105185421492	0.0276965684538	0.0212812472419	-0.0464788444359	0.0170455038806	-0.0489828166919	-0.0801181579207	-0.0649044480117	-0.0261988722146	-0.00526656356391	0.0354980726559	0.0655118437729	0.00533593670708	1.0	0.0543861499026	0.0538517741382	-0.0603514448738	-0.0107863662194	-0.0695048663454	-0.00127527875229	0.0350597157407	-0.0103533239041	-0.0259774310392	0.000866303544639	-0.003730348816	-0.0502664066794	-0.0731518722473	0.069329995172	-0.0156985145288	0.0128287096529	-0.00156187754911	0.00506540927136	0.0020418906689	0.0199118299593	-0.0159426818331	0.0131933605186	-0.0232298779455	0.0443105883055	0.0331500403973	-0.0615329022399	-0.0102925022664	0.0417851099326	-0.0406954292337	-0.0146014987495	0.0302029166529	0.0351459838702	-0.0017868333005	0.0514240611613	-0.0262112103123	0.000599579086756	-0.0402665661399	-0.0059194907915	0.0179629160401	0.0148919009747	-0.00458671655688	-0.0803571332107	0.027482361131	0.0102600123233
k__Bacteria;p__Bacteroidetes;c__Bacteroidia;o__Bacteroidales;f__Bacteroidaceae;g__Bacteroides;s__Bacteroides_plebeius	-0.0833952449247	-0.0214495000725	0.0205397477092	0.00138838376615	0.0066993683454	0.0568009400317	-0.0350536591564	0.0150229092526	-0.0216390801973	0.00787515149254	0.0116294196263	0.0264133233457	0.0278468055711	0.00366242344562	0.0543861499026	1.0	-0.0514377627274	-0.00979717814526	-0.012317971246	0.0120202086214	-0.0287331603604	0.0113134144824	0.00182404316433	0.0278556379101	0.00334237769797	-0.00924471886484	-0.0813010553115	-0.0462625006994	-0.00355171732118	-0.0142077289009	-0.0366763853507	-0.0257290464159	-0.012675489883	-0.00897805591622	0.00806766894272	-0.0165990415618	0.0250211989437	0.00245459772506	0.0408900306331	0.000129125052318	-0.0322701542969	-0.0239813623487	-0.00375147802468	-0.00493027828592	0.00119491656615	-0.0694468102108	-0.0490925110001	-0.00537203394963	-0.00784646849891	0.0152475008231	0.0131464056621	0.0128182382982	-0.0101947949135	0.0348619658769	0.00162434842462	-0.0370935382264	-0.0159517738242	0.0020051985443	0.0237062789454
k__Bacteria;p__Bacteroidetes;c__Bacteroidia;o__Bacteroidales;f__Bacteroidaceae;g__Bacteroides;s__Bacteroides_fragilis	0.0261013566299	-0.0188851361706	-0.0546919699838	0.092055259819	-0.0587529849702	-0.0512577654098	0.0421606430154	-0.0252401799948	-0.0524966063735	-0.0505240517416	-0.0130116766155	-0.020013114775	0.0276261757217	-0.0153724838529	0.0538517741382	-0.0514377627274	1.0	-0.0123614693904	-0.0209601403015	-0.0346678708109	-0.0287007815049	0.0379864408508	-0.0471836004181	0.0663635761288	-0.0107503393185	0.0308364498638	0.0254394692413	-0.00784745180552	0.0116787563925	-0.0606510872456	-0.00527987932689	-0.0238674900391	0.0126466952105	-0.0575437707617	0.023592116248	-0.0296701462624	0.0139743296796	-0.0803084764127	0.0232019985191	-0.00227953248286	0.00181927132311	-0.000193806844717	0.0104413188157	-0.0542622767791	-0.0479826574377	-0.0135537428395	0.0500565901323	-0.0441821477482	0.0346431959118	-0.0258944240705	-0.0313224853399	-0.0174517910052	0.0944138910462	-0.0131660670639	-0.0451195959524	0.112953282016	0.00529983890886	-0.00981272580228	-0.0249480232812
k__Bacteria;p__Proteobacteria;c__Betaproteobacteria;o__Burkholderiales;f__Sutterellaceae;g__Sutterella;s__Sutterella_wadsworthensis	0.0559709407137	0.00819087443366	0.0330541445884	-0.0955634719199	0.0503586975834	0.00614972211194	-0.0416341796467	0.0863652974386	0.0132250915121	0.0459196439442	0.0179924241709	-0.0135117021727	-0.0260713427942	0.0424423313555	-0.0603514448738	-0.00979717814526	-0.0123614693904	1.0	-0.0480382989335	0.0329091710185	0.0736405223964	0.0099376432851	0.0119807848136	0.0270430705272	-0.0272705154634	-0.0182577016826	-0.0596547842039	-0.0303370246063	0.0219340491229	0.0670163950908	-0.056136649339	0.0205676307988	-0.0288736859056	0.0613951081491	-0.00900480879124	-0.069815274122	0.0235932904745	-0.00393762529699	-0.0249425176438	-0.0312414140651	0.0195783818189	-0.0286057283795	0.0308838424676	-0.0146104650382	-0.0584660360472	-0.0702543346882	0.0018670470409	-0.0196403136393	-0.0413874234682	0.033974036299	-0.00349317173916	-0.0402372739724	0.0188748082406	0.0273462189364	-0.0734250100767	0.00492344737972	-0.073957544355	0.022539315508	-0.0206039464053
k__Bacteria;p__Bacteroidetes;c__Bacteroidia;o__Bacteroidales;f__Porphyromonadaceae;g__Barnesiella;s__Barnesiella_intestinihominis	0.0219110845971	0.055139361102	-0.013766325219	-0.0677020129062	-0.0148982590932	0.0187396710026	-0.016507082341	-0.013991958869	-0.00200589402365	0.0130157903765	-0.0358525220724	0.0174128898911	0.00895435273202	-0.0839285548249	-0.0107863662194	-0.012317971246	-0.0209601403015	-0.0480382989335	1.0	0.0436904524847	0.0142184541611	-0.0682105843082	-0.0370021702539	-0.0283607293799	-0.0286888610588	0.00839139761878	-0.0488441701612	-0.00324478309469	-0.0159701868756	-0.0136075579915	-0.0282698596722	-0.010104676736	-0.00614333013671	0.0104689228538	-0.00733974362294	0.00374295763027	-0.0469495400957	0.00462454808258	0.0747494580111	0.0381515514327	0.00665397391743	-0.0131215079042	0.00187763429906	0.00348876551331	-0.00292906283336	-0.0217570283288	0.0719706041115	-0.0123462680063	-0.0303259276234	-0.051889721846	-0.0222215546375	-0.0199806471316	-0.0529858113429	-0.0521509820516	0.0255639257397	0.0128884214779	0.00582685000725	-0.0296410478871	0.0798482150733
k__Bacteria;p__Bacteroidetes;c__Bacteroidia;o__Bacteroidales;f__Odoribacteraceae;g__Odoribacter;s__Odoribacter_splanchnicus	0.0173826343119	0.0261205837582	-0.0564431669142	-0.0287070082367	-0.0204806560884	-0.0164165198605	-0.000231610248641	-0.016498164939	-0.0430620812031	-0.0527772531657	-0.0119493958262	0.00445718011644	0.0180051641205	-0.0680560180565	-0.0695048663454	0.0120202086214	-0.0346678708109	0.0329091710185	0.0436904524847	1.0	0.00586687287358	-0.061184774831	-0.0180906237222	0.0181764890013	-0.0503899122981	0.0195391876693	0.0161469367413	-0.0305018593463	0.0662050394205	-0.0160613976275	0.00101567818022	-0.0751297231047	0.0211698248641	-0.0664050320305	-0.000953665596773	-0.0379681487769	-0.0295996680355	-0.0389476658307	0.0212766095978	-0.0112388021809	-0.0625615301904	0.0237625136282	0.00193039197056	0.0112154134296	-0.0213762381529	0.0168580424233	-0.0603875750977	0.0252474186858	-0.0319292522548	-0.0416684157791	0.00995711631476	0.0101154711851	-0.0545013018929	-0.0278029908209	0.03062345267	0.0368122699674	0.035406732444	-0.0310041443149	-0.0341622946181
k__Bacteria;p__Bacteroidetes;c__Bacteroidia;o__Bacteroidales;f__Bacteroidaceae;g__Bacteroides;s__Bacteroides_salyersiae	-0.0203909260427	-0.0228256544355	0.0479643424616	-0.0324211830832	-0.0120542361555	-0.0776158067916	-0.0728384438932	-0.0110222365963	-0.0529073347231	-0.0376759827737	-0.0680621550271	-0.00690292016742	-0.0269314862867	0.00399050692718	-0.00127527875229	-0.0287331603604	-0.0287007815049	0.0736405223964	0.0142184541611	0.00586687287358	1.0	-0.0134270496241	-0.00360982899598	0.0246311301444	0.0205005686003	0.0365340239929	-0.000760922109033	-0.0227756146759	0.0430527905439	0.0256746356104	-0.00610604638958	0.0251481424452	-0.0699965290381	-0.00990039581036	-0.00516690268448	-0.0036956658607	-0.000223810509417	-0.00174444218282	-0.00311527951251	0.0128494988765	-0.0267877022635	0.0124359886674	-0.00467395162767	0.0522552583191	0.0340661012866	-0.0694601984958	-0.000392790162524	-0.0389002229257	0.0521555928343	0.0137260968812	-0.0511581468548	-0.00604821240297	0.0415803623201	-0.0659730528747	-0.0103907666374	-0.00673357980781	-0.019104327908	-0.018264650883	0.0224161735046
k__Bacteria;p__Firmicutes;c__Clostridia;o__Clostridiales;f__Ruminococcaceae;g__Ruminiclostridium;s__[Eubacterium]_siraeum	-0.0278361199827	0.00181567574471	0.0179880490464	0.00306229748908	-0.0186273952729	-0.000219336698936	0.025998265194	-0.0296139209813	0.0163329603216	-0.00344387287409	0.0113283000786	0.0235804317413	0.0240777359742	0.0352685419698	0.0350597157407	0.0113134144824	0.0379864408508	0.0099376432851	-0.0682105843082	-0.061184774831	-0.0134270496241	1.0	0.0410455694244	-0.0254733013209	-0.0419685980962	-0.0501118481986	0.089510651717	0.0249118298362	-0.0150499727939	0.0200683507155	0.0279541456786	-0.0507440692821	-0.00827818279047	0.0689510713453	0.0553472987	-0.0760750860954	-0.0363509805162	-0.0107971665996	-0.0476663779357	0.020799699209	-0.0014175219569	-0.0334415694235	-0.0360102537894	-0.0170989374389	0.00806792993197	0.0253468627745	-0.0109048312501	0.0292403275781	0.000945870518145	-0.00818354882791	-0.0698317778622	-0.065864246632	0.0156865372341	-0.0414246290008	0.0325118721687	0.0489670607379	-0.0101042949513	0.00297916122563	-0.0209263263169
k__Bacteria;p__Proteobacteria;c__Betaproteobacteria;o__Burkholderiales;f__Sutterellaceae;g__Parasutterella;s__Parasutterella_excrementihominis	0.0527503330559	-0.0082212667818	0.0346968179626	-0.000617678136338	-0.00402807734893	0.00130889392445	0.0272901384831	0.0291850765585	0.041250130681	0.0208131341124	-0.0307448244655	-0.0477864519659	0.017208039606	-0.0317255266211	-0.0103533239041	0.00182404316433	-0.0471836004181	0.0119807848136	-0.0370021702539	-0.0180906237222	-0.00360982899598	0.0410455694244	1.0	0.0202717162282	-0.0513007600856	-0.0320038738063	-0.0634732588849	0.0193560412801	-0.0653995824639	-0.0373843134396	0.0556229352586	-0.0346211388037	-0.045977260825	-0.032091656593	-0.0236514208387	0.0285672557289	-0.0174145682859	0.0271955221264	-0.000691874936507	-0.107672904073	0.0386282397349	-0.0339818852005	-0.00987900013854	-0.00280087526614	0.0379909658323	0.0137703726769	-0.0336789172206	-0.0205206192224	-0.015674143125	0.0178497527155	0.0861462380212	0.0124072038049	0.0485727670775	-0.0407963349738	0.0106439245938	-0.00893735074186	-0.0344571308159	0.00763503476045	-0.00199632636848
k__Bacteria;p__Actinobacteria;c__Actinobacteria;o__Bifidobacteriales;f__Bifidobacteriaceae;g__Bifidobacterium;s__Bifidobacterium_adolescentis	0.00569774770633	-0.00322651286552	-0.0058503400172	-0.0798971424075	0.0323093754707	0.00353662157078	0.0299367286545	-0.0207161463928	0.032670490848	-0.0741244637745	-0.0172344475431	-0.028049845083	0.0160762984107	-0.0209352589611	-0.0259774310392	0.0278556379101	0.0663635761288	0.0270430705272	-0.0283607293799	0.0181764890013	0.0246311301444	-0.0254733013209	0.0202717162282	1.0	-0.0196689242459	0.0273629921844	-0.011012864552	0.00445314236299	0.0145899184777	-0.0318139619123	-0.0392814958918	-0.0182805199559	-0.0586014147409	-0.0109010967982	-0.0552521111303	0.0416567962736	-0.0424862012625	-0.0118661439982	-0.0102408354607	-0.038550943848	-0.0549884058951	-0.0569037516491	-0.0258991942801	0.0270435944296	0.0639250527859	0.0576289532523	-0.0753458490304	-0.0125961547414	0.00964913750953	-0.00160534688423	-0.0561564426795	-0.00837741086627	0.00380161368689	0.00184870282422	0.0216360065125	0.0894599130472	0.00133038945109	-0.0766784406511	0.0438374494842
k__Bacteria;p__Firmicutes;c__Clostridia;o__Clostridiales;f__Oscillospiraceae;g__Oscillibacter;s__Oscillibacter_sp._KLE_1745	0.0195516038905	0.0154337410914	0.0577273319324	0.0499697438956	-0.0457125264229	-0.0532588499619	0.00773983568941	-0.0711323182565	0.0189025489078	0.0442573440938	0.00271990640187	0.0306027282309	0.0406672474597	-0.0290482028253	0.00086630354464	0.00334237769797	-0.0107503393185	-0.0272705154634	-0.0286888610588	-0.0503899122981	0.0205005686003	-0.0419685980962	-0.0513007600856	-0.0196689242459	1.0	-0.00489055997287	0.00386413819623	-0.0466479411255	-0.0344678428556	0.0210585761504	-0.0772644346837	0.0243494742968	0.0272927088335	0.0462682176416	0.027033035942	0.0435021342236	-0.0336625690054	-0.0657626740751	-0.031781527317	0.0261224092932	-0.00595635232702	0.0219938016743	-0.0162841882152	-0.0297831871077	0.000701365471101	0.00189540986753	-0.00754705865859	-0.00491152082475	-0.0167724234143	0.0240145691624	0.0376739306285	0.00752441078962	-0.0367472321735	-0.038013691439	-0.0493228717698	-0.0213605905067	-0.0459997554284	-0.089662752528	0.0148074556615
k__Bacteria;p__Bacteroidetes;c__Bacteroidia;o__Bacteroidales;f__Bacteroidaceae;g__Bacteroides;s__Bacteroides_coprophilus	-0.0785423792952	-0.0339538612533	0.00333007613066	-0.0135318547011	0.0133761185599	-0.0280347959004	0.0546266471477	0.0100959138439	0.0459354663857	0.00435403614142	-0.0120675335526	0.0143811577064	-0.0194463821764	-0.0243964684672	-0.003730348816	-0.00924471886484	0.0308364498638	-0.0182577016826	0.00839139761878	0.0195391876693	0.0365340239929	-0.0501118481986	-0.0320038738063	0.0273629921844	-0.00489055997287	1.0	0.0133061596198	0.000325214238453	0.0282391384727	-0.0566678146329	0.0482325285072	-0.0260942165368	0.031644359978	-0.0548474173903	-0.045165763874	0.0141389598776	-0.0106293017451	-0.0703416998115	-0.059076023295	-0.0368111621348	-0.00439429286318	0.019123890251	0.00538720948895	-0.00949835272747	0.00527944027163	-0.0054276463474	-0.00264464682387	-0.034732180878	-0.0186261694956	-0.0302909987009	0.01035576402	-0.0233682220526	-0.0220516783099	-0.0498429839972	-0.0266157119954	-0.0125054187594	-0.0647642511318	-0.00530922420667	0.0619822671684
k__Bacteria;p__Firmicutes;c__Clostridia;o__Clostridiales;f__Lachnospiraceae;g__Roseburia;s__Roseburia_intestinalis	-0.0455704586816	-0.0329756207298	0.0194167902595	-0.105013642618	-0.0344680157035	-0.0322127330602	-0.0225676154506	0.00960955486736	0.000375519734258	-0.0199563995438	0.0418829243373	0.0167927005523	0.0203068957078	0.00993638525289	-0.0502664066794	-0.0813010553115	0.0254394692413	-0.0596547842039	-0.0488441701612	0.0161469367413	-0.000760922109033	0.089510651717	-0.0634732588849	-0.011012864552	0.00386413819623	0.0133061596198	1.0	-0.0289614272276	-0.0216951973632	-0.0581388682514	-0.0322014952916	-0.0229772053096	0.0463835223272	0.0228168108115	0.0577335168	0.0131395082697	-0.00492043710938	-0.0546752312303	0.0350573088323	-0.00895803375179	-0.0151059635257	-0.0344283040526	-0.0292631341704	-0.0383218896841	-0.0149051085595	-0.00245417741403	-0.0509470274741	-0.0679114193132	0.0315296797692	-0.00650533760406	0.0165990448161	0.0279323424662	-0.00814672956659	-0.0269162555099	-0.0448018069926	-0.0091573870123	-0.0278079690306	0.0500331845709	-0.0166007560788
k__Bacteria;p__Firmicutes;c__Clostridia;o__Clostridiales;f__Lachnospiraceae;g__Roseburia;s__Roseburia_hominis	-0.0773000872557	-0.0330670266843	-0.0552241121914	0.051211527862	0.056441488448	0.00478621757458	0.0211384002249	-0.0282509354244	-0.0940018361621	0.0320606661334	0.0501262457606	0.065048291103	-0.0401418566993	0.0199324015833	-0.0731518722473	-0.0462625006994	-0.00784745180552	-0.0303370246063	-0.00324478309469	-0.0305018593463	-0.0227756146759	0.0249118298362	0.0193560412801	0.00445314236298	-0.0466479411255	0.000325214238453	-0.0289614272276	1.0	-0.0100919371933	-0.0449164760244	-0.0315919831211	-0.0213697765025	-0.0429513177286	-0.0134353639813	0.00997290103704	-0.0204256804594	-0.0021847971274	-0.034329250764	-0.0175803193875	-0.0158782294069	-0.0580179136457	-0.063146016343	0.0186295246065	0.0165566452788	-0.0115063579629	0.0462814673754	-0.0459673021714	-0.0650027825399	-0.0587874619322	-0.0682176850788	-0.00230589353625	0.0612761099622	0.0142994575055	-0.0212258596342	0.0575460338677	0.0281458178598	-0.0131840246595	-0.00851618524911	-0.0533129379949
k__Bacteria;p__Bacteroidetes;c__Bacteroidia;o__Bacteroidales;f__Porphyromonadaceae;g__Parabacteroides;s__Parabacteroides_johnsonii	-0.0220398518686	-0.0107051058721	0.0134930353057	-0.0365552407682	-0.0717399161902	-0.0651972450426	0.0121690322364	0.0311226873842	0.00878031222978	-0.0195818304247	0.0542188051566	0.00140489760031	0.0126610172191	-0.0481591687003	0.069329995172	-0.00355171732118	0.0116787563925	0.0219340491229	-0.0159701868756	0.0662050394205	0.0430527905439	-0.0150499727939	-0.0653995824639	0.0145899184777	-0.0344678428556	0.0282391384727	-0.0216951973632	-0.0100919371933	1.0	-0.0596590560143	0.00192727780824	-0.0219834810921	-0.0301010642631	0.000193090445023	0.0377925715625	0.0464685411828	-0.0678153084017	0.0253732463194	-0.00298363072018	-0.00419391692091	-0.0215485809257	-0.0141649465238	0.0204746488457	-0.0364456999273	0.0369317700061	-0.0212018227578	-0.0153980841884	0.0104899242694	-0.0204942167005	-0.0449507852815	0.0387703443568	0.0102312038937	-0.000550380747525	0.00657208683998	-0.0313013491445	-0.00544614421144	-0.00744639469714	0.0148160603902	-0.0524777101602
k__Bacteria;p__Actinobacteria;c__Actinobacteria;o__Bifidobacteriales;f__Bifidobacteriaceae;g__Bifidobacterium;s__Bifidobacterium_longum	0.00736071412584	-0.0240629283792	0.00290158842223	-0.0178758533317	0.005727866209	0.0205193172296	0.00124337138966	0.00363198621012	0.00469646180897	-0.0180142555467	0.0338669491957	-0.0980580121942	-0.00189067569701	-0.0361607310106	-0.0156985145288	-0.0142077289009	-0.0606510872456	0.0670163950908	-0.0136075579915	-0.0160613976275	0.0256746356104	0.0200683507155	-0.0373843134396	-0.0318139619123	0.0210585761504	-0.0566678146329	-0.0581388682514	-0.0449164760244	-0.0596590560143	1.0	-0.0178207804095	0.0665588490961	-0.0513486614235	-0.0401685547856	-0.0486810059936	-0.0163646814977	-0.0372949164429	0.0385991295145	-0.0329872855659	-0.00527954318416	0.00603267857811	0.00413910339654	-0.0149367327653	0.0839606467475	0.0281461966787	0.0330955575311	-0.0445400694151	0.0115716120304	0.0224504387754	0.0204252556056	0.0225087333245	-0.0144107036577	-0.0398259655584	-0.0236225139048	-0.0235365216543	-0.0108394613283	0.0716082941036	-0.024197686144	0.0176250706879
