#taxonomy	k__Bacteria;p__Bacteroidetes;c__Bacteroidia;o__Bacteroidales;f__Bacteroidaceae;g__Bacteroides;s__Bacteroides_vulgatus	k__Bacteria;p__Bacteroidetes;c__Bacteroidia;o__Bacteroidales;f__Bacteroidaceae;g__Bacteroides;s__Bacteroides_uniformis	k__Bacteria;p__Bacteroidetes;c__Bacteroidia;o__Bacteroidales;f__Rikenellaceae;g__Alistipes;s__Alistipes_putredinis	k__Bacteria;p__Bacteroidetes;c__Bacteroidia;o__Bacteroidales;f__Prevotellaceae;g__Prevotella;s__Prevotella_copri	k__Bacteria;p__Bacteroidetes;c__Bacteroidia;o__Bacteroidales;f__Bacteroidaceae;g__Bacteroides;s__Bacteroides_stercoris	k__Bacteria;p__Bacteroidetes;c__Bacteroidia;o__Bacteroidales;f__Bacteroidaceae;g__Bacteroides;s__Bacteroides_ovatus	k__Bacteria;p__Bacteroidetes;c__Bacteroidia;o__Bacteroidales;f__Rikenellaceae;g__Alistipes;s__Alistipes_shahii	k__Bacteria;p__Firmicutes;c__Clostridia;o__Clostridiales;f__Ruminococcaceae;g__Faecalibacterium;s__Faecalibacterium_prausnitzii	k__Bacteria;p__Bacteroidetes;c__Bacteroidia;o__Bacteroidales;f__Rikenellaceae;g__Alistipes;s__Alistipes_finegoldii	k__Bacteria;p__Bacteroidetes;c__Bacteroidia;o__Bacteroidales;f__Porphyromonadaceae;g__Parabacteroides;s__Parabacteroides_distasonis	k__Bacteria;p__Bacteroidetes;c__Bacteroidia;o__Bacteroidales;f__Bacteroidaceae;g__Bacteroides;s__Bacteroides_thetaiotaomicron	k__Bacteria;p__Bacteroidetes;c__Bacteroidia;o__Bacteroidales;f__Bacteroidaceae;g__Bacteroides;s__Bacteroides_coprocola	k__Bacteria;p__Bacteroidetes;c__Bacteroidia;o__Bacteroidales;f__Bacteroidaceae;g__Bacteroides;s__Bacteroides_cellulosilyticus	k__Bacteria;p__Bacteroidetes;c__Bacteroidia;o__Bacteroidales;f__Rikenellaceae;g__Alistipes;s__Alistipes_obesi	k__Bacteria;p__Firmicutes;c__Clostridia;o__Clostridiales;f__Lachnospiraceae;g__;s__[Eubacterium]_rectale	k__Bacteria;p__Bacteroidetes;c__Bacteroidia;o__Bacteroidales;f__Bacteroidaceae;g__Bacteroides;s__Bacteroides_plebeius	k__Bacteria;p__Bacteroidetes;c__Bacteroidia;o__Bacteroidales;f__Bacteroidaceae;g__Bacteroides;s__Bacteroides_fragilis	k__Bacteria;p__Proteobacteria;c__Betaproteobacteria;o__Burkholderiales;f__Sutterellaceae;g__Sutterella;s__Sutterella_wadsworthensis	k__Bacteria;p__Bacteroidetes;c__Bacteroidia;o__Bacteroidales;f__Porphyromonadaceae;g__Barnesiella;s__Barnesiella_intestinihominis	k__Bacteria;p__Bacteroidetes;c__Bacteroidia;o__Bacteroidales;f__Odoribacteraceae;g__Odoribacter;s__Odoribacter_splanchnicus	k__Bacteria;p__Bacteroidetes;c__Bacteroidia;o__Bacteroidales;f__Bacteroidaceae;g__Bacteroides;s__Bacteroides_salyersiae	k__Bacteria;p__Firmicutes;c__Clostridia;o__Clostridiales;f__Ruminococcaceae;g__Ruminiclostridium;s__[Eubacterium]_siraeum	k__Bacteria;p__Proteobacteria;c__Betaproteobacteria;o__Burkholderiales;f__Sutterellaceae;g__Parasutterella;s__Parasutterella_excrementihominis	k__Bacteria;p__Actinobacteria;c__Actinobacteria;o__Bifidobacteriales;f__Bifidobacteriaceae;g__Bifidobacterium;s__Bifidobacterium_adolescentis	k__Bacteria;p__Firmicutes;c__Clostridia;o__Clostridiales;f__Oscillospiraceae;g__Oscillibacter;s__Oscillibacter_sp._KLE_1745	k__Bacteria;p__Bacteroidetes;c__Bacteroidia;o__Bacteroidales;f__Bacteroidaceae;g__Bacteroides;s__Bacteroides_coprophilus	k__Bacteria;p__Firmicutes;c__Clostridia;o__Clostridiales;f__Lachnospiraceae;g__Roseburia;s__Roseburia_intestinalis	k__Bacteria;p__Firmicutes;c__Clostridia;o__Clostridiales;f__Lachnospiraceae;g__Roseburia;s__Roseburia_hominis	k__Bacteria;p__Bacteroidetes;c__Bacteroidia;o__Bacteroidales;f__Porphyromonadaceae;g__Parabacteroides;s__Parabacteroides_johnsonii	k__Bacteria;p__Actinobacteria;c__Actinobacteria;o__Bifidobacteriales;f__Bifidobacteriaceae;g__Bifidobacterium;s__Bifidobacterium_longum	k__Bacteria;p__Firmicutes;c__Clostridia;o__Clostridiales;f__;g__Flavonifractor;s__Flavonifractor_plautii	k__Bacteria;p__Firmicutes;c__Clostridia;o__Clostridiales;f__Clostridiaceae;g__Clostridium;s__Clostridium_phoceensis	k__Bacteria;p__Verrucomicrobia;c__Verrucomicrobiae;o__Verrucomicrobiales;f__Akkermansiaceae;g__Akkermansia;s__Akkermansia_muciniphila	k__Bacteria;p__Bacteroidetes;c__Bacteroidia;o__Bacteroidales;f__Prevotellaceae;g__Paraprevotella;s__Paraprevotella_xylaniphila	k__Bacteria;p__Firmicutes;c__Clostridia;o__Clostridiales;f__Ruminococcaceae;g__Ruminococcus;s__Ruminococcus_callidus	k__Bacteria;p__Bacteroidetes;c__Bacteroidia;o__Bacteroidales;f__Rikenellaceae;g__Alistipes;s__Alistipes_senegalensis	k__Bacteria;p__Firmicutes;c__Clostridia;o__Clostridiales;f__Lachnospiraceae;g__Blautia;s__Blautia_sp._KLE_1732	k__Bacteria;p__Bacteroidetes;c__Bacteroidia;o__Bacteroidales;f__Bacteroidaceae;g__Bacteroides;s__Bacteroides_oleiciplenus	k__Bacteria;p__Firmicutes;c__Clostridia;o__Clostridiales;f__Ruminococcaceae;g__Ruminococcus;s__Ruminococcus_bicirculans	k__Bacteria;p__Bacteroidetes;c__Bacteroidia;o__Bacteroidales;f__Bacteroidaceae;g__Bacteroides;s__Bacteroides_fluxus	k__Bacteria;p__Bacteroidetes;c__Bacteroidia;o__Bacteroidales;f__Prevotellaceae;g__Prevotella;s__Prevotella_stercorea	k__Bacteria;p__Firmicutes;c__Clostridia;o__Clostridiales;f__Lachnospiraceae;g__Dorea;s__Dorea_longicatena	k__Bacteria;p__Firmicutes;c__Clostridia;o__Clostridiales;f__Eubacteriaceae;g__Eubacterium;s__[Eubacterium]_eligens	k__Bacteria;p__Firmicutes;c__Clostridia;o__Clostridiales;f__Ruminococcaceae;g__;s__Ruminococcaceae_bacterium_D16	k__Bacteria;p__Firmicutes;c__Clostridia;o__Clostridiales;f__Lachnospiraceae;g__Coprococcus;s__Coprococcus_comes	k__Bacteria;p__Proteobacteria;c__Gammaproteobacteria;o__Enterobacterales;f__Enterobacteriaceae;g__Escherichia;s__Escherichia_coli	k__Bacteria;p__Firmicutes;c__Clostridia;o__Clostridiales;f__Ruminococcaceae;g__Anaerotruncus;s__Anaerotruncus_colihominis	k__Bacteria;p__Firmicutes;c__Clostridia;o__Clostridiales;f__Lachnospiraceae;g__Blautia;s__Blautia_obeum	k__Bacteria;p__Bacteroidetes;c__Bacteroidia;o__Bacteroidales;f__Odoribacteraceae;g__Odoribacter;s__Odoribacter_laneus	k__Bacteria;p__Firmicutes;c__Clostridia;o__Clostridiales;f__Ruminococcaceae;g__Ruminiclostridium;s__[Clostridium]_leptum	k__Bacteria;p__Bacteroidetes;c__Bacteroidia;o__Bacteroidales;f__Porphyromonadaceae;g__Parabacteroides;s__Parabacteroides_goldsteinii	k__Bacteria;p__Firmicutes;c__Clostridia;o__Clostridiales;f__Lachnospiraceae;g__Anaerostipes;s__Anaerostipes_hadrus	k__Bacteria;p__Firmicutes;c__Clostridia;o__Clostridiales;f__Ruminococcaceae;g__Ruminococcus;s__Ruminococcus_lactaris	k__Bacteria;p__Firmicutes;c__Clostridia;o__Clostridiales;f__Clostridiaceae;g__Clostridium;s__Clostridium_sp._L2-50	k__Bacteria;p__Firmicutes;c__Clostridia;o__Clostridiales;f__Clostridiaceae;g__Clostridium;s__Clostridium_sp._M62/1	k__Bacteria;p__Firmicutes;c__Clostridia;o__Clostridiales;f__;g__Intestinimonas;s__Intestinimonas_butyriciproducens	k__Bacteria;p__Actinobacteria;c__Actinobacteria;o__Bifidobacteriales;f__Bifidobacteriaceae;g__Bifidobacterium;s__Bifidobacterium_bifidum	k__Bacteria;p__Firmicutes;c__Negativicutes;o__Veillonellales;f__Veillonellaceae;g__Dialister;s__Dialister_invisus	k__Bacteria;p__Bacteroidetes;c__Bacteroidia;o__Bacteroidales;f__Bacteroidaceae;g__Bacteroides;s__Bacteroides_salanitronis
k__Bacteria;p__Bacteroidetes;c__Bacteroidia;o__Bacteroidales;f__Bacteroidaceae;g__Bacteroides;s__Bacteroides_vulgatus	1.0	-0.00777506301361	-0.0125580344183	-0.0055099591424	-0.0465164561879	-0.022767538072	0.0631578922972	-0.0148945081181	0.00994141734331	-0.0504178210122	0.0516894811895	0.0272140880502	0.0236435718081	3.36884934942e-05	-0.00163267052349	0.0162746232956	-0.0434644756585	-0.0202666403398	-0.0532288290479	-0.0162404812803	0.0212178258364	-0.0340691829669	-0.0095317280414	0.0129319959306	-0.0161699773799	0.0170947540598	0.0182863223567	-0.0382105717092	-0.0575825226287	-0.0338390595081	-0.00433670635362	-0.0261993275185	0.0150833182065	-0.0316493674328	-0.0376420912191	-0.0195664678473	-0.00794776368718	-0.0381325788299	0.0075452581555	-0.00650878481414	-0.0469694134484	-0.0144506934661	-0.0659544643819	0.0227215319546	-0.00235505931963	0.00405545459885	-0.0368272882555	-0.0459541013906	0.0395275676311	0.0281470959788	0.00216333801368	0.0112747119362	0.00320316607655	-0.0103283142908	0.0316490461586	-0.019621867493	-0.0487654234136	0.0157029772306	0.0165123119772
k__Bacteria;p__Bacteroidetes;c__Bacteroidia;o__Bacteroidales;f__Bacteroidaceae;g__Bacteroides;s__Bacteroides_uniformis	-0.00777506301361	1.0	-0.0031638160053	0.0263518784618	0.0494547042668	0.00320421445448	0.0331540973627	0.0350164250993	-0.0486639895748	-0.0167564238084	0.0250867836088	0.0144386760387	-0.027561004301	0.00825891332225	-0.00893649102268	0.0394399248501	-0.0355225652017	-0.00856586004294	-0.0536127554982	0.0422664619008	0.000363639957984	-0.0576855187919	0.0595109538323	-0.0404307214978	0.0740243320387	0.0102098040544	0.00567174984496	-0.0647383878435	-0.0649119186442	0.0126749425951	-0.0172726437499	-0.00576555064242	-0.030059429382	0.0490103974795	-0.0545946669869	0.00268252483475	-0.0236540885868	0.059080666066	-0.0310257220345	0.03857563832	0.0121553001544	-0.0137163675765	0.00568128956935	-0.0124563933535	0.00466052791643	0.0165558423962	-0.0093868314175	0.0582918346291	-0.023257224569	-0.00213547622681	-0.049573729004	-0.0478333796757	0.0143575030373	0.0457588105099	-0.0296467985852	-0.04136844283	-0.0193851855243	-0.0796866630749	0.0123322556169
k__Bacteria;p__Bacteroidetes;c__Bacteroidia;o__Bacteroidales;f__Rikenellaceae;g__Alistipes;s__Alistipes_putredinis	-0.0125580344183	-0.0031638160053	1.0	-0.0582496555377	0.0182282540134	-0.0307614181525	0.0027336749452	-0.0121505213517	-0.0244118891084	-0.0285210081725	-0.0236644051811	-0.00431476906863	0.0266746984757	0.0265145013873	0.00763897190494	-0.04266014163	-0.00463177743502	0.0107205079112	-0.00376275309014	-0.0232973590295	0.0413413571561	-0.0224965093292	-0.00365972232317	-0.0782185405413	0.0102336665714	0.0293553836126	-0.0236226241292	0.0138530987218	0.0462558847774	0.0275517953437	-0.0169927687651	-0.0152881863262	-0.0404914446727	0.00875913053233	0.0188305111422	-0.0307972459921	-0.000880098064693	-0.035348748814	0.0238870992401	0.0167577969738	-0.0162360399936	0.0498286726108	-0.0656462791919	0.0214844241007	-0.00595540687567	-0.0837189589547	0.0237532655773	0.00393675573274	0.0473705187809	-0.0335411148212	0.0307765685231	0.0169550869341	-0.0311116311641	-0.0406553474072	0.0306250615957	-0.0587018905688	-0.0665564492322	-0.002421659059	0.0180049370052
k__Bacteria;p__Bacteroidetes;c__Bacteroidia;o__Bacteroidales;f__Prevotellaceae;g__Prevotella;s__Prevotella_copri	-0.00550995914241	0.0263518784618	-0.0582496555377	1.0	-0.0395450170563	-0.00132916018008	-0.0377847420784	0.048223748646	-0.0486367099346	-0.000933421203124	-0.0316287248486	0.0489863220112	0.0670652813432	0.00852160481916	-0.0247304484068	-0.00763004480496	0.0259347105583	-0.0317438929634	-0.0174517986989	0.0132808744984	8.94200749909e-05	-0.0275254439229	0.000715720316386	0.0577378250299	0.0195336402807	-0.0180884486203	-0.00293810188983	-0.0138308113888	0.0109345661471	0.0127540387994	0.0427665688468	-0.0437632915239	0.0337643354255	0.0173398870478	-0.0290587685225	-0.0361147624309	-0.0153301909887	0.061798468249	-0.0453450862306	-0.00789803032361	-0.0381045320448	-0.0371685900465	0.0022712790043	-0.0333240905995	-0.0166132828885	0.00959280906885	0.0147610018069	-0.0263887391141	0.00157900456154	-0.0158818320753	0.0950283702541	-0.0323140729886	0.0136948692774	-0.00904840423641	0.0236916040636	0.0114551652747	-0.0680643998797	0.0111344299253	-0.0233272043329
k__Bacteria;p__Bacteroidetes;c__Bacteroidia;o__Bacteroidales;f__Bacteroidaceae;g__Bacteroides;s__Bacteroides_stercoris	-0.0465164561879	0.0494547042668	0.0182282540134	-0.0395450170563	1.0	0.039172556928	0.00909127021368	-0.0504022020354	-0.023820186552	-0.0208925287998	0.0538889605548	-0.0222376451958	-0.0650545323005	-0.00802843001648	0.0604263040643	-0.0295963754433	-0.0581128624183	-0.0255102928703	0.0164563485123	-0.00711190662481	0.0306085947789	0.0829363876792	-0.0313503525099	-0.0618720326616	-0.0416438808391	0.0259124943822	-0.0240250037235	-0.0351286801101	0.0227174178413	0.0140866738766	-0.0457717059223	0.0465469527675	0.00687189086778	-0.0071274275755	-0.0135662927638	-0.0474157735875	0.0191369612958	0.0512261440079	-0.0568346962485	0.0440582712386	-0.00855444305548	-0.0134668277202	0.00828570469863	0.0176684330272	0.0169250508615	-0.0127946360729	-0.00555892036064	-0.0657936648745	-0.0212789698904	-0.00866489833533	0.00544436941074	0.0212094020145	-0.0357348543134	-0.0192517007055	0.0256724733234	0.0124150761121	-0.0230205605697	-0.0208896457574	0.00594739877937
k__Bacteria;p__Bacteroidetes;c__Bacteroidia;o__Bacteroidales;f__Bacteroidaceae;g__Bacteroides;s__Bacteroides_ovatus	-0.022767538072	0.00320421445448	-0.0307614181525	-0.00132916018008	0.039172556928	1.0	-0.0925203457859	-0.0418343549594	-0.00457260848695	0.0179588605222	-0.0239733896957	-0.0153058129843	0.0173399650281	-0.0231046773182	0.0119995003838	0.0138991039238	-0.0110407015577	-0.036732679076	0.0271383591183	0.0392542732932	0.0147460345136	-0.0374251102313	-0.0182613009757	-0.0328919248038	0.0161020169181	-0.0514705849071	-0.0176204430521	0.0524652275292	0.0396408382237	0.00606778668862	0.000109052167714	0.00848955542165	-0.034991475068	0.00672122160642	0.0623334185209	-0.0489392028647	-0.00257037782878	0.030438167454	0.0732651523178	-0.00197801432516	0.0372007701657	-0.0278407056928	-0.0518767178741	-0.0238430502055	-0.0182664518242	-0.00509673057088	-0.0240461314045	0.026098244667	-0.0185356855673	-0.0205340526151	-0.00809659788862	-0.0624185211716	-0.00738223931037	-0.0340780653998	-0.0494325264025	0.0174345419074	-0.00199422307029	-0.0439691100161	0.00751601000284
k__Bacteria;p__Bacteroidetes;c__Bacteroidia;o__Bacteroidales;f__Rikenellaceae;g__Alistipes;s__Alistipes_shahii	0.0631578922972	0.0331540973627	0.0027336749452	-0.0377847420784	0.00909127021368	-0.0925203457859	1.0	0.0227959976662	-0.0419071558275	-0.0507734431408	0.000752194469633	0.0175685499298	-0.00468165678745	-0.00469208647347	-0.0633988750693	-0.0434254585052	-0.022666858041	-0.0172847117322	0.00029630377582	0.00548077566145	-0.0212439548868	-0.022584277218	-0.0308305504698	0.0195829321898	-0.00360655911201	-0.0171250640561	-0.0169273219196	-0.00632092563746	0.0175483652963	-0.0300000304485	-0.0323980461428	0.000286200494185	0.0189921674836	0.0194527072017	-0.0715695617567	0.0258379249853	-0.0753973065553	0.0398444545431	-0.00515048588736	-0.0278785063105	-0.0305932306813	0.0536851186931	0.040168844517	0.0138883566927	-0.0050453183784	0.0604949821367	0.0642358645752	-0.027400963831	-0.0391494450438	-0.0056396490004	-0.0840090351124	-0.030912918508	-0.0454793794724	0.0045129851963	-0.0207538306479	0.0123071500521	0.0373056532154	-0.0538804223844	0.00588081068276
k__Bacteria;p__Firmicutes;c__Clostridia;o__Clostridiales;f__Ruminococcaceae;g__Faecalibacterium;s__Faecalibacterium_prausnitzii	-0.0148945081181	0.0350164250993	-0.0121505213517	0.048223748646	-0.0504022020354	-0.0418343549594	0.0227959976662	1.0	-0.0351756017819	-0.0517543394267	-0.0381995619396	0.0302682125817	0.0246714017748	-0.0528378651115	-0.00588923626671	-0.00553180759905	0.0195757943029	0.00844046479849	0.0232467872862	-0.0203259415949	0.0202635075443	-0.023960207301	-0.0319598806024	0.00080827098336	-0.0213656341021	-0.0153491877934	0.00584992267476	-0.0027701447018	0.00260972115756	0.0384261309287	0.011451721484	-0.0519658877253	0.0153900347622	0.053722939261	0.0523643288983	-0.00683474679703	-0.00597649952194	0.0383629300974	0.0146221364799	-0.039455424401	-0.0450382418442	0.0106213293087	-0.0312606596656	-0.0185614609126	0.00799333512518	-0.00141853003549	-0.0811484884059	-0.0287967402337	0.0471871480382	-0.051435785295	-0.0170796737226	-0.0518615035218	0.0263169838733	0.0553797122482	0.0398173375886	-0.075191042026	-0.0116022525789	-0.0391511699598	-0.0197439369244
k__Bacteria;p__Bacteroidetes;c__Bacteroidia;o__Bacteroidales;f__Rikenellaceae;g__Alistipes;s__Alistipes_finegoldii	0.00994141734331	-0.0486639895748	-0.0244118891084	-0.0486367099346	-0.023820186552	-0.00457260848695	-0.0419071558275	-0.0351756017819	1.0	-0.034458163764	-0.0127673652682	-0.0208653291599	0.0358319224117	-0.0525340763976	0.0350086933709	-0.0483582084359	0.0316741920317	0.019156343763	-0.0177576968743	-0.0360957224722	-0.00245300009932	0.0378244169433	-0.0125096205253	0.0135528206457	-0.0584241011406	0.0238791973854	-0.0261268108143	-0.0220155178783	-0.000942636812293	-0.00145207710477	-0.0480474247384	0.0254237168327	-0.0670865858821	-0.0348351350967	-0.0281092527264	0.0397097632383	-0.0114139053254	-0.00708162181806	0.013298595993	0.00448434518981	0.0259456775903	-0.02120025826	0.0389816933364	0.0249519631051	0.0466735280576	-0.0122637087338	0.0579523889338	0.00708205254532	-0.0453449820745	0.0388389540388	0.0160997707882	-0.0647476636139	-0.0557821238562	-0.023377151644	0.0162425940989	0.0112552248381	0.0410446212403	-0.0176453368422	0.0243873931177
k__Bacteria;p__Bacteroidetes;c__Bacteroidia;o__Bacteroidales;f__Porphyromonadaceae;g__Parabacteroides;s__Parabacteroides_distasonis	-0.0504178210122	-0.0167564238084	-0.0285210081725	-0.000933421203123	-0.0208925287998	0.0179588605222	-0.0507734431408	-0.0517543394267	-0.034458163764	1.0	-0.0179814105481	-0.0165959914876	0.0387938271079	0.0202930826702	-0.0324202608868	0.0325975114346	0.0735544742653	-0.0660309804637	0.0248968564203	0.0376423443486	-0.0197626203012	-0.0435875555949	-0.0242778796471	0.024250258832	0.0130392034948	-0.0644543519357	0.0283479880472	0.00729509430922	0.0186050538158	-0.0249183411703	-0.0382653899015	-0.0794431484266	-0.0496459216214	-0.0356325257839	0.00976685981089	-0.0523375153614	0.0180148989353	-0.00226931139681	-0.0415347540683	-0.0200048743666	0.0439222373041	0.0405084354334	-0.0507719224078	-0.0142844704135	-0.0128572798421	-0.029114137794	-0.0160594901642	-0.0651022753034	0.0194223391268	0.0199961855614	-0.0035531396969	0.0483320575486	-0.0139880862987	0.063994422132	-0.0251162802861	-0.0178191375278	-0.0305025522065	-0.00532717377923	-0.0200122859683
k__Bacteria;p__Bacteroidetes;c__Bacteroidia;o__Bacteroidales;f__Bacteroidaceae;g__Bacteroides;s__Bacteroides_thetaiotaomicron	0.0516894811895	0.0250867836088	-0.0236644051811	-0.0316287248486	0.0538889605548	-0.0239733896957	0.000752194469633	-0.0381995619396	-0.0127673652682	-0.0179814105481	1.0	-0.0422352865325	-0.103514303115	0.0230242288927	-0.0307958194713	-0.0503672527755	0.0026125802285	-0.00164227001633	-0.0413740216565	0.0122442323743	-0.0516953938306	-0.0398167643857	-0.00630486416785	-0.0402309212826	-0.0423644290961	0.05319183775	0.0400339441653	0.0167720084956	0.0131638211059	0.0402688672044	0.00157454398604	0.051733535957	0.00731611472969	-0.0610273541447	-0.00579102827439	0.0113264106736	-0.0433830400704	-0.0601942896344	0.012122171489	-0.0259238805179	0.0213342465337	-0.0071484870205	-0.0434685906264	-0.0154277184828	-0.0401534422136	-0.0176205795974	-0.0172003333519	-0.0170587451414	0.04198661605	-0.0480426999165	0.00992860192933	-0.0451191838764	-0.0314647683228	-0.0134555799342	-0.0446179406977	0.0423573750708	-0.0251643821618	0.0280104420863	-0.00368668588571
k__Bacteria;p__Bacteroidetes;c__Bacteroidia;o__Bacteroidales;f__Bacteroidaceae;g__Bacteroides;s__Bacteroides_coprocola	0.0272140880502	0.0144386760387	-0.00431476906863	0.0489863220112	-0.0222376451958	-0.0153058129843	0.0175685499298	0.0302682125817	-0.0208653291599	-0.0165959914876	-0.0422352865325	1.0	0.0191502555305	-0.00517875237374	0.0244346718225	-0.0107573119542	-0.0487601496	-0.00652786052918	0.0181493788233	-0.0120047633213	-0.0222503902809	0.00796242512941	-0.0440597791999	-0.0447406795983	0.0564883073717	-0.0788419909389	-0.0226728757329	-0.00828582268034	0.0497341008935	-0.0140570406041	-0.0689053918877	0.0423923423489	-0.0144512617021	0.0128556789718	0.0687778333722	-0.0261558844918	-0.0286934569095	-0.0165199094344	-0.031172381761	0.00926877018585	-0.0433281040735	-0.0141806664784	-0.044204473909	-0.0129998592512	-0.0122279884481	0.0196381072579	-0.0429417892832	-0.0436055424555	-0.0272352671301	0.0475339388688	-0.0479887353213	-0.042236284699	0.0332762743617	-0.0539031121487	-0.0284296538407	-0.0768646246263	0.0509535207181	-0.0695123886409	-0.0118693429147
k__Bacteria;p__Bacteroidetes;c__Bacteroidia;o__Bacteroidales;f__Bacteroidaceae;g__Bacteroides;s__Bacteroides_cellulosilyticus	0.0236435718081	-0.027561004301	0.0266746984757	0.0670652813432	-0.0650545323005	0.0173399650281	-0.00468165678745	0.0246714017748	0.0358319224117	0.0387938271079	-0.103514303115	0.0191502555305	1.0	0.0495557170726	-0.0140310987086	-0.0695671386579	-0.0364280605569	-0.00686464016009	0.0360934243228	-0.0643846405353	-0.00520896739063	-0.03086287717	-0.0043737000678	-0.0137777185134	-0.0224813514291	-0.033284167116	-0.0352036101108	-0.0146894450771	0.0135957922262	-0.0184750505304	-0.00337060865781	-0.0661011684589	0.00455966525553	0.00256234336101	0.0240251456882	-0.0335415277295	-0.0120914576764	0.0213361446872	0.00686254711306	-0.0309081394735	-0.0213929742645	-0.00524616201976	0.0114704385993	-0.00343517194963	-0.0451695612349	0.0190227029162	-0.0549876945708	0.00279147894306	-0.0239617741994	-0.00842646110418	0.00302636866281	-0.0421516838714	1.1489060137e-05	-0.0631899512265	-0.0461911331516	-0.0923637774868	0.0370841384189	0.0249886670317	0.0214699396859
k__Bacteria;p__Bacteroidetes;c__Bacteroidia;o__Bacteroidales;f__Rikenellaceae;g__Alistipes;s__Alistipes_obesi	3.36884934942e-05	0.00825891332225	0.0265145013873	0.00852160481916	-0.00802843001648	-0.0231046773182	-0.00469208647347	-0.0528378651115	-0.0525340763976	0.0202930826702	0.0230242288927	-0.00517875237374	0.0495557170726	1.0	-0.00927537926457	-0.0202020567756	0.0350025258958	0.00920328999186	-0.0557950715821	-0.0213324697558	-0.0116320554858	-0.0539216634815	-0.0529074801201	-0.0527028500267	-0.00149762249283	0.0270169026035	0.0144773979116	-0.0300669153138	-0.0186501744331	-0.00274424823462	-0.0496174544519	0.0635581262074	0.0368477946205	-0.0639818519913	-0.0540177263178	-0.00405165760976	-0.103973204934	-0.0192671740727	0.0295905143702	-0.0141094952534	0.0709603615013	0.0351779124687	-0.0324620636942	-0.0322716029559	0.00613398805826	-0.0137100870979	-0.0446731826862	-0.11445990173	0.0142992435248	-0.0129401251321	-0.00879764836316	-0.0116610060124	-0.05098451132	0.0296322559989	-0.0491084881187	-0.00981202179641	0.00584131932649	-0.0261799652087	0.0464110225292
k__Bacteria;p__Firmicutes;c__Clostridia;o__Clostridiales;f__Lachnospiraceae;g__;s__[Eubacterium]_rectale	-0.00163267052349	-0.00893649102268	0.00763897190494	-0.0247304484068	0.0604263040643	0.0119995003838	-0.0633988750693	-0.00588923626671	0.0350086933709	-0.0324202608868	-0.0307958194713	0.0244346718225	-0.0140310987086	-0.00927537926457	1.0	-0.0491554289664	0.00025578673549	-0.0754698538052	-0.0367294880284	0.0127410335288	0.0134634746708	-0.0839724217517	-0.0175545797588	-0.0107150849479	0.0392014135935	0.0589634122038	-0.0152590012155	-0.0380247138287	0.000585616537809	-0.0313366093516	0.00129114153605	-0.00400086299562	-0.0136557485919	0.0106740444393	0.0496878313099	0.0246764142865	0.0307840703317	-0.0155145347799	0.0647828857561	0.0315674320419	0.0149224827574	-0.0184621995118	-0.0542366658193	0.000897369382605	-0.0395688659728	-0.0490144096404	-0.0239657032751	0.0239519220801	0.0148246172597	0.0363739772756	0.00596577827664	0.0330735077157	-0.0418046093739	-0.00348245270389	-0.00254637606909	-0.0109736183864	0.0428599684193	-0.00474287669903	-0.0165026770329
k__Bacteria;p__Bacteroidetes;c__Bacteroidia;o__Bacteroidales;f__Bacteroidaceae;g__Bacteroides;s__Bacteroides_plebeius	0.0162746232956	0.0394399248501	-0.04266014163	-0.00763004480496	-0.0295963754433	0.0138991039238	-0.0434254585052	-0.00553180759905	-0.0483582084359	0.0325975114346	-0.0503672527755	-0.0107573119542	-0.0695671386579	-0.0202020567756	-0.0491554289664	1.0	0.0324283206415	-0.0141469542823	-0.0302312608952	-0.0156922372417	-0.0215103777478	0.0546357933268	-0.0193062109278	-0.0256926371764	-0.0417510054048	0.0114323449094	-0.00467226371769	0.0417720047857	-0.0218323280279	0.00375835864958	0.00250863202011	-0.000959991768579	0.00428229796286	0.0202237748825	-0.0495289179276	-0.039050849801	0.0788199158842	-0.0329431212158	0.0162330829007	-0.0362697405422	0.00934696403107	-0.0079677922082	-0.00388553911086	-0.00560554611055	-0.032243530353	-0.0517533198324	0.00566221541124	0.0236473117224	0.0251012652698	-0.047041250994	-0.0195710974786	0.0192304711805	0.00246158053206	0.0492669132246	-0.0181156058728	0.0536349076629	-0.0465483459972	-0.047639518166	-0.0659069303955
k__Bacteria;p__Bacteroidetes;c__Bacteroidia;o__Bacteroidales;f__Bacteroidaceae;g__Bacteroides;s__Bacteroides_fragilis	-0.0434644756585	-0.0355225652017	-0.00463177743502	0.0259347105583	-0.0581128624183	-0.0110407015577	-0.022666858041	0.0195757943029	0.0316741920317	0.0735544742653	0.0026125802285	-0.0487601496	-0.0364280605569	0.0350025258958	0.00025578673549	0.0324283206415	1.0	0.00287091843885	-0.0170267034246	-0.0217100672124	-0.0172600374986	0.0433446278302	-0.0752693352657	0.0665228073345	0.00129437633913	-0.0605054614279	-0.0272468093692	0.0344647954001	-0.0552524840676	0.0612282084168	0.0337531095942	-0.0220703517711	-0.00943608791178	0.0410675727686	-0.0419449402352	-0.058098477075	-0.0254480065746	-0.00140357182487	-0.0591961819249	0.0025890610405	0.0245413812474	-0.00632651270698	0.0112489051206	-0.0371403744325	-0.0167045040978	-0.000783097641805	0.0510627368936	-0.00730564991812	-0.0344413054694	0.00359737606278	-0.00967810734322	-0.0288149718459	-0.0578087976342	-0.0738387532851	-0.057685859031	-0.036359896478	-0.0261688288957	-0.0370761743054	-0.0333717801917
k__Bacteria;p__Proteobacteria;c__Betaproteobacteria;o__Burkholderiales;f__Sutterellaceae;g__Sutterella;s__Sutterella_wadsworthensis	-0.0202666403398	-0.00856586004294	0.0107205079112	-0.0317438929634	-0.0255102928703	-0.036732679076	-0.0172847117322	0.00844046479849	0.019156343763	-0.0660309804637	-0.00164227001633	-0.00652786052918	-0.00686464016009	0.00920328999186	-0.0754698538052	-0.0141469542823	0.00287091843885	1.0	0.0209678488398	0.0244698242821	0.04319935168	-0.035970218629	-0.0662881123177	0.00768287172952	-0.00432879236015	0.0156087878707	0.022269002195	0.0203600607543	0.0369498808247	0.0342988391604	0.021244981969	-0.00718237602453	-0.0664666282696	-0.00901842047331	0.000416953171487	0.0503678443511	-0.0979468788177	0.00505097249562	0.00759686564723	-0.0103287610925	-0.00651866664461	-0.035448556089	-0.0436461935382	0.070161217756	-0.0110158260859	0.0672649363454	-0.037877961308	0.0119488133192	-0.019015513017	-0.0115718637155	-0.00684217742079	-0.0368983788474	-0.0117487078303	0.00422269247506	-0.0330021937276	-0.0135846708461	-0.0122375583317	-0.0588791847968	-0.032393984862
k__Bacteria;p__Bacteroidetes;c__Bacteroidia;o__Bacteroidales;f__Porphyromonadaceae;g__Barnesiella;s__Barnesiella_intestinihominis	-0.0532288290479	-0.0536127554982	-0.00376275309014	-0.0174517986989	0.0164563485123	0.0271383591183	0.00029630377582	0.0232467872862	-0.0177576968743	0.0248968564203	-0.0413740216565	0.0181493788233	0.0360934243228	-0.0557950715821	-0.0367294880284	-0.0302312608952	-0.0170267034246	0.0209678488398	1.0	-0.0203637395182	0.0483414120176	-0.00779734876507	0.00973692429928	0.0212903337359	-0.0511583648999	0.0103886721452	-0.0185005107658	-0.00348123284717	-0.0128748318113	-0.0702625107467	-0.0245119808983	0.0147297207943	-0.0308799452348	0.0260394384191	0.000798734274886	0.0143746910935	0.0272650523902	-0.0134682023303	-0.0297590082556	-0.0259504402545	-0.055538772771	-0.0351491421945	0.00476904244519	-0.0303851854165	0.0121174982322	-0.0305658043063	0.00229960239783	0.045155099789	-0.015554531662	0.0381283924811	0.0349424634849	0.00562342344204	0.00224022201607	0.0249678606437	0.0304479097139	-0.0120929399239	-0.0276965769211	-0.0776097467354	0.0195965855231
k__Bacteria;p__Bacteroidetes;c__Bacteroidia;o__Bacteroidales;f__Odoribacteraceae;g__Odoribacter;s__Odoribacter_splanchnicus	-0.0162404812803	0.0422664619008	-0.0232973590295	0.0132808744984	-0.00711190662481	0.0392542732932	0.00548077566145	-0.0203259415949	-0.0360957224722	0.0376423443486	0.0122442323743	-0.0120047633213	-0.0643846405353	-0.0213324697558	0.0127410335288	-0.0156922372417	-0.0217100672124	0.0244698242821	-0.0203637395182	1.0	0.0301374427464	-0.0573841402807	0.0191389866392	-0.0105594779034	0.0612396204622	-0.0569836075988	0.0182320082862	0.0153333234314	-0.045856947949	-0.0168458684006	0.0167326789479	-0.0684250383711	0.0177269155345	0.0145612747052	0.0225399749303	-0.0343574879268	0.0401580028293	-0.0290723895935	-0.000129247706212	-0.0536812464387	-0.0140112334376	0.00566574157249	-0.0134503667435	0.00838124003279	0.0634628939338	-0.0052898778528	-0.00878479440051	-0.0539060049188	-0.0557224329985	-0.0482257830249	-0.0422487379535	-0.00168161298548	0.00751932991804	0.0581616039049	-0.00979604432072	-0.0103478657489	-0.015522648736	-0.0111128458295	0.0220951951826
k__Bacteria;p__Bacteroidetes;c__Bacteroidia;o__Bacteroidales;f__Bacteroidaceae;g__Bacteroides;s__Bacteroides_salyersiae	0.0212178258364	0.000363639957984	0.0413413571561	8.94200749909e-05	0.0306085947789	0.0147460345136	-0.0212439548868	0.0202635075443	-0.00245300009932	-0.0197626203012	-0.0516953938306	-0.0222503902809	-0.00520896739063	-0.0116320554858	0.0134634746708	-0.0215103777478	-0.0172600374986	0.04319935168	0.0483414120176	0.0301374427464	1.0	-0.0521260176123	0.0104668564176	0.034327968686	-0.00156196862523	0.0119597601265	0.0301136764068	-0.0135928279823	0.0348953883011	0.0146054397758	-0.00625336636166	-0.00941029290335	0.0200427667822	0.00908219454151	0.00968423713707	-0.0377579517798	-0.00636893313059	0.0330649117557	-0.0899168277042	-0.0128673535725	-0.00695330773838	-0.0142311173587	-0.023099542549	-0.0300958673748	0.0287295555523	-0.0198470779537	-0.0724687687451	0.00796729303919	-0.00960629627186	-0.00290841283543	-0.0604989395297	0.0114362999057	-0.0099924404457	-0.00783086730309	0.0385613923707	-0.0231954526656	0.0425685147991	-0.0200211098121	-0.00758349402492
k__Bacteria;p__Firmicutes;c__Clostridia;o__Clostridiales;f__Ruminococcaceae;g__Ruminiclostridium;s__[Eubacterium]_siraeum	-0.0340691829669	-0.0576855187919	-0.0224965093292	-0.0275254439229	0.0829363876792	-0.0374251102313	-0.022584277218	-0.023960207301	0.0378244169433	-0.0435875555949	-0.0398167643857	0.00796242512941	-0.03086287717	-0.0539216634815	-0.0839724217517	0.0546357933268	0.0433446278302	-0.035970218629	-0.00779734876507	-0.0573841402807	-0.0521260176123	1.0	0.000778513348054	-0.0738719069923	0.0263738202111	-0.0585564435851	-0.0150141534827	-0.0344665071299	-0.00252056063184	0.00375374499271	-0.0676990039475	-0.00161692267218	-0.00561839473683	-0.0140817326243	0.0106292367972	0.000817954121333	0.0410911966903	0.0374096297899	0.0340792380997	-0.0118536160457	-0.0158420342501	-0.00486189183162	0.00964150674091	-0.0237075778803	0.00731021378467	-0.01588080253	-0.00443143588073	0.0201280633682	-0.0122338443411	0.0319372327228	0.0381791339154	0.0669632404022	0.0151799888164	-0.0154156271689	-0.01733567168	0.0235681691335	-0.00643772587096	0.0440789217579	0.0184330951696
k__Bacteria;p__Proteobacteria;c__Betaproteobacteria;o__Burkholderiales;f__Sutterellaceae;g__Parasutterella;s__Parasutterella_excrementihominis	-0.0095317280414	0.0595109538323	-0.00365972232317	0.000715720316386	-0.0313503525099	-0.0182613009757	-0.0308305504698	-0.0319598806024	-0.0125096205253	-0.0242778796471	-0.00630486416785	-0.0440597791999	-0.0043737000678	-0.0529074801201	-0.0175545797588	-0.0193062109278	-0.0752693352657	-0.0662881123177	0.00973692429928	0.0191389866392	0.0104668564176	0.000778513348054	1.0	0.0215996588413	0.00590631532357	-0.0319629770944	0.0623617047995	0.0270593915145	-0.0362352859909	0.00410187156057	-0.0309856738283	-0.0157902868474	-0.00278454978476	0.0335982531192	0.0411170260532	-0.0418751408649	-0.0433044450667	-0.039180053526	0.0559125956054	-0.0378776374952	-0.0420548661794	0.0656297566898	-0.0404958451792	-0.0408803034691	-0.0511115162575	0.0172993774234	-0.0201999238938	-0.0186914359718	-0.0314231289592	0.0148723868688	0.037593725354	0.0143718025093	-0.00283748311253	-0.0327613675701	-0.0524803999307	0.0151753620564	-0.0321009228421	0.0211488776669	-0.028497932424
k__Bacteria;p__Actinobacteria;c__Actinobacteria;o__Bifidobacteriales;f__Bifidobacteriaceae;g__Bifidobacterium;s__Bifidobacterium_adolescentis	0.0129319959306	-0.0404307214978	-0.0782185405413	0.0577378250299	-0.0618720326616	-0.0328919248038	0.0195829321898	0.00080827098336	0.0135528206457	0.024250258832	-0.0402309212826	-0.0447406795983	-0.0137777185134	-0.0527028500267	-0.0107150849479	-0.0256926371764	0.0665228073345	0.00768287172952	0.0212903337359	-0.0105594779034	0.034327968686	-0.0738719069923	0.0215996588413	1.0	0.00470065801631	-0.0118917588385	-0.0260100865473	-0.028220591649	-0.00457723334907	-0.0586372793348	-0.00873470789123	-0.0140768528307	0.0211963288712	0.00328847717888	-0.031172007996	0.0268290468792	0.0209674506577	-0.0123265847254	-0.014758384017	-0.0169664267358	-0.0246220204208	-0.0558793887716	-0.0394328366243	-0.0253610116946	-0.00763996846752	0.0437798879809	0.0112436565596	0.00460352172461	-0.036936934977	-0.0573177434593	-0.0157974320503	0.0906939934419	-0.0426660925474	0.00458857151813	0.0172401977341	-0.00369309197472	0.0123220579085	0.043631272019	0.00751885690436
k__Bacteria;p__Firmicutes;c__Clostridia;o__Clostridiales;f__Oscillospiraceae;g__Oscillibacter;s__Oscillibacter_sp._KLE_1745	-0.0161699773799	0.0740243320387	0.0102336665714	0.0195336402807	-0.0416438808391	0.0161020169181	-0.00360655911201	-0.0213656341021	-0.0584241011406	0.0130392034948	-0.0423644290961	0.0564883073717	-0.0224813514291	-0.00149762249283	0.0392014135935	-0.0417510054048	0.00129437633913	-0.00432879236015	-0.0511583648999	0.0612396204622	-0.00156196862523	0.0263738202111	0.00590631532357	0.00470065801631	1.0	-0.026652338038	0.00861950510141	-0.00849888417661	0.02934223126	0.00146247535655	0.0317210739163	-0.0192606168892	-0.00543099713924	0.0397167291851	-0.0647229454764	-0.0436578767612	-0.0159409497233	-0.0276471295865	-0.048592953537	0.00516878750741	-0.00466229039168	0.0172482417175	-0.0258093132913	-0.0705835606749	-0.0628296706331	-0.062665547794	-0.0707751459041	0.0226598989759	-0.0371665751824	0.0517579733726	0.0131898703136	0.0440636445415	0.0120838285118	0.0208046251064	-0.052766128771	0.0610609790434	0.0244433713457	-0.00747776449259	-0.000937941553245
k__Bacteria;p__Bacteroidetes;c__Bacteroidia;o__Bacteroidales;f__Bacteroidaceae;g__Bacteroides;s__Bacteroides_coprophilus	0.0170947540598	0.0102098040544	0.0293553836126	-0.0180884486203	0.0259124943822	-0.0514705849071	-0.0171250640561	-0.0153491877934	0.0238791973854	-0.0644543519357	0.05319183775	-0.0788419909389	-0.033284167116	0.0270169026035	0.0589634122038	0.0114323449094	-0.0605054614279	0.0156087878707	0.0103886721452	-0.0569836075988	0.0119597601265	-0.0585564435851	-0.0319629770944	-0.0118917588385	-0.026652338038	1.0	-0.0421088631506	-0.0648841825607	-0.0214082457665	-0.0267396397369	0.0599411645436	0.0773323497502	0.00283239980914	-0.0249358048814	-0.00406366427479	-0.0127421530416	-0.0524010163624	-0.0355536332418	-0.00754507011837	0.0235654200975	-0.019214805741	-0.00676134984155	0.0489408562724	0.00877061747925	-0.0113388981756	-0.0267964534885	0.0440262108391	0.0254135291781	-0.0371444315118	-0.0194655814242	0.0257367485931	-0.0404835176715	0.0106933984242	-0.0188168833169	-0.0277761071249	-0.047315247713	0.028962570306	0.0291549887578	0.00922072182926
k__Bacteria;p__Firmicutes;c__Clostridia;o__Clostridiales;f__Lachnospiraceae;g__Roseburia;s__Roseburia_intestinalis	0.0182863223567	0.00567174984496	-0.0236226241292	-0.00293810188983	-0.0240250037235	-0.0176204430521	-0.0169273219196	0.00584992267476	-0.0261268108143	0.0283479880472	0.0400339441653	-0.0226728757329	-0.0352036101108	0.0144773979116	-0.0152590012155	-0.00467226371769	-0.0272468093692	0.022269002195	-0.0185005107658	0.0182320082862	0.0301136764068	-0.0150141534827	0.0623617047995	-0.0260100865473	0.00861950510141	-0.0421088631506	1.0	-0.0197034895654	0.0362783302254	0.00783617952777	0.00957939930121	-0.0662715040894	-0.00751877915601	-0.0152511026419	0.0123215945831	0.0158052634727	-0.00160023623244	-0.0547957522729	-0.0720468473469	-0.0151190094507	-0.0488069811169	0.00302168942572	0.0209762024557	0.0488747304995	-0.0369710954503	0.00145031110012	0.00598975689294	0.0236300031412	0.0172365528461	-0.0225644173273	-0.00814696202786	0.0251810282435	-0.00301527535078	-0.0105983640528	-0.0157493909755	-0.0270458128676	0.0148637549119	0.0509708869099	0.00621414977207
k__Bacteria;p__Firmicutes;c__Clostridia;o__Clostridiales;f__Lachnospiraceae;g__Roseburia;s__Roseburia_hominis	-0.0382105717092	-0.0647383878435	0.0138530987218	-0.0138308113888	-0.0351286801101	0.0524652275292	-0.00632092563746	-0.0027701447018	-0.0220155178783	0.00729509430922	0.0167720084956	-0.00828582268034	-0.0146894450771	-0.0300669153138	-0.0380247138287	0.0417720047857	0.0344647954001	0.0203600607543	-0.00348123284717	0.0153333234314	-0.0135928279823	-0.0344665071299	0.0270593915145	-0.028220591649	-0.00849888417661	-0.0648841825607	-0.0197034895654	1.0	0.0201780485283	-0.0128845591806	-0.0133926226418	-0.0227338235361	0.0215183934606	0.0105818769658	0.00973938265697	0.00288359782507	0.0007718644848	0.0201088282992	-0.047290345402	-0.00810409077561	-0.0427395905961	-0.0675243854815	0.0237517468979	0.0126486954263	-0.0955158246172	-0.00274410075256	-0.0960034437097	-0.0582460461454	-0.0279104706314	0.0142505075887	-0.0722339163392	-0.051471944758	0.0405740635239	-0.0318329722001	-0.025132746566	-0.00363947373855	0.0238718575241	0.00690991758239	-0.0393967257691
k__Bacteria;p__Bacteroidetes;c__Bacteroidia;o__Bacteroidales;f__Porphyromonadaceae;g__Parabacteroides;s__Parabacteroides_johnsonii	-0.0575825226287	-0.0649119186442	0.0462558847774	0.0109345661471	0.0227174178413	0.0396408382237	0.0175483652963	0.00260972115756	-0.000942636812293	0.0186050538158	0.0131638211059	0.0497341008935	0.0135957922262	-0.0186501744331	0.000585616537809	-0.0218323280279	-0.0552524840676	0.0369498808247	-0.0128748318113	-0.045856947949	0.0348953883011	-0.00252056063184	-0.0362352859909	-0.00457723334907	0.02934223126	-0.0214082457665	0.0362783302254	0.0201780485283	1.0	-0.0114282149784	-0.0676404254432	0.0161687580724	0.0101624012292	-0.0480759906133	-0.00526211881216	-0.0312486905466	0.025676327588	-0.0180424796619	-0.0165929197211	-0.0230852891818	0.0530597355779	-0.011105462814	0.0094402889972	-0.0383302436162	0.00466643846007	-0.0544150754471	-0.0457719889388	-0.07393469039	-0.0134843974973	-0.0519946369688	-0.0667555438701	-0.0986403810042	0.0837939858866	-0.0537845671388	0.00537742584386	0.0544187983746	-0.0362320188996	-0.00985171352591	-0.0165961010464
k__Bacteria;p__Actinobacteria;c__Actinobacteria;o__Bifidobacteriales;f__Bifidobacteriaceae;g__Bifidobacterium;s__Bifidobacterium_longum	-0.0338390595081	0.0126749425951	0.0275517953437	0.0127540387994	0.0140866738766	0.00606778668862	-0.0300000304485	0.0384261309287	-0.00145207710477	-0.0249183411703	0.0402688672044	-0.0140570406041	-0.0184750505304	-0.00274424823462	-0.0313366093516	0.00375835864958	0.0612282084168	0.0342988391604	-0.0702625107467	-0.0168458684006	0.0146054397758	0.00375374499271	0.00410187156057	-0.0586372793348	0.00146247535655	-0.0267396397369	0.00783617952777	-0.0128845591806	-0.0114282149784	1.0	0.00119634359256	-0.0127841632444	0.0028756521261	-0.0178334238137	0.0204363883326	0.0209958348531	0.0228119267577	-0.0231156814141	-0.0696960432364	-0.043806251367	-0.0404998491368	-0.0681960526265	-0.00844521787968	-0.00676693998532	0.0514169937331	0.0255664425277	-0.0206033874104	0.0218801267821	0.0608013082435	0.0214441144721	-0.0380311758318	-0.0740800953354	-0.00481375043133	0.0296052219055	0.0313410985211	0.0264041489673	-0.0228395911989	-0.0233458708244	0.00732919662839
