#taxonomy	k__Bacteria;p__Bacteroidetes;c__Bacteroidia;o__Bacteroidales;f__Bacteroidaceae;g__Bacteroides;s__Bacteroides_vulgatus	k__Bacteria;p__Bacteroidetes;c__Bacteroidia;o__Bacteroidales;f__Bacteroidaceae;g__Bacteroides;s__Bacteroides_uniformis	k__Bacteria;p__Bacteroidetes;c__Bacteroidia;o__Bacteroidales;f__Rikenellaceae;g__Alistipes;s__Alistipes_putredinis	k__Bacteria;p__Bacteroidetes;c__Bacteroidia;o__Bacteroidales;f__Prevotellaceae;g__Prevotella;s__Prevotella_copri	k__Bacteria;p__Bacteroidetes;c__Bacteroidia;o__Bacteroidales;f__Bacteroidaceae;g__Bacteroides;s__Bacteroides_stercoris	k__Bacteria;p__Bacteroidetes;c__Bacteroidia;o__Bacteroidales;f__Bacteroidaceae;g__Bacteroides;s__Bacteroides_ovatus	k__Bacteria;p__Bacteroidetes;c__Bacteroidia;o__Bacteroidales;f__Rikenellaceae;g__Alistipes;s__Alistipes_shahii	k__Bacteria;p__Firmicutes;c__Clostridia;o__Clostridiales;f__Ruminococcaceae;g__Faecalibacterium;s__Faecalibacterium_prausnitzii	k__Bacteria;p__Bacteroidetes;c__Bacteroidia;o__Bacteroidales;f__Rikenellaceae;g__Alistipes;s__Alistipes_finegoldii	k__Bacteria;p__Bacteroidetes;c__Bacteroidia;o__Bacteroidales;f__Porphyromonadaceae;g__Parabacteroides;s__Parabacteroides_distasonis	k__Bacteria;p__Bacteroidetes;c__Bacteroidia;o__Bacteroidales;f__Bacteroidaceae;g__Bacteroides;s__Bacteroides_thetaiotaomicron	k__Bacteria;p__Bacteroidetes;c__Bacteroidia;o__Bacteroidales;f__Bacteroidaceae;g__Bacteroides;s__Bacteroides_coprocola	k__Bacteria;p__Bacteroidetes;c__Bacteroidia;o__Bacteroidales;f__Bacteroidaceae;g__Bacteroides;s__Bacteroides_cellulosilyticus	k__Bacteria;p__Bacteroidetes;c__Bacteroidia;o__Bacteroidales;f__Rikenellaceae;g__Alistipes;s__Alistipes_obesi	k__Bacteria;p__Firmicutes;c__Clostridia;o__Clostridiales;f__Lachnospiraceae;g__;s__[Eubacterium]_rectale	k__Bacteria;p__Bacteroidetes;c__Bacteroidia;o__Bacteroidales;f__Bacteroidaceae;g__Bacteroides;s__Bacteroides_plebeius	k__Bacteria;p__Bacteroidetes;c__Bacteroidia;o__Bacteroidales;f__Bacteroidaceae;g__Bacteroides;s__Bacteroides_fragilis	k__Bacteria;p__Proteobacteria;c__Betaproteobacteria;o__Burkholderiales;f__Sutterellaceae;g__Sutterella;s__Sutterella_wadsworthensis	k__Bacteria;p__Bacteroidetes;c__Bacteroidia;o__Bacteroidales;f__Porphyromonadaceae;g__Barnesiella;s__Barnesiella_intestinihominis	k__Bacteria;p__Bacteroidetes;c__Bacteroidia;o__Bacteroidales;f__Odoribacteraceae;g__Odoribacter;s__Odoribacter_splanchnicus	k__Bacteria;p__Bacteroidetes;c__Bacteroidia;o__Bacteroidales;f__Bacteroidaceae;g__Bacteroides;s__Bacteroides_salyersiae	k__Bacteria;p__Firmicutes;c__Clostridia;o__Clostridiales;f__Ruminococcaceae;g__Ruminiclostridium;s__[Eubacterium]_siraeum	k__Bacteria;p__Proteobacteria;c__Betaproteobacteria;o__Burkholderiales;f__Sutterellaceae;g__Parasutterella;s__Parasutterella_excrementihominis	k__Bacteria;p__Actinobacteria;c__Actinobacteria;o__Bifidobacteriales;f__Bifidobacteriaceae;g__Bifidobacterium;s__Bifidobacterium_adolescentis	k__Bacteria;p__Firmicutes;c__Clostridia;o__Clostridiales;f__Oscillospiraceae;g__Oscillibacter;s__Oscillibacter_sp._KLE_1745	k__Bacteria;p__Bacteroidetes;c__Bacteroidia;o__Bacteroidales;f__Bacteroidaceae;g__Bacteroides;s__Bacteroides_coprophilus	k__Bacteria;p__Firmicutes;c__Clostridia;o__Clostridiales;f__Lachnospiraceae;g__Roseburia;s__Roseburia_intestinalis	k__Bacteria;p__Firmicutes;c__Clostridia;o__Clostridiales;f__Lachnospiraceae;g__Roseburia;s__Roseburia_hominis	k__Bacteria;p__Bacteroidetes;c__Bacteroidia;o__Bacteroidales;f__Porphyromonadaceae;g__Parabacteroides;s__Parabacteroides_johnsonii	k__Bacteria;p__Actinobacteria;c__Actinobacteria;o__Bifidobacteriales;f__Bifidobacteriaceae;g__Bifidobacterium;s__Bifidobacterium_longum	k__Bacteria;p__Firmicutes;c__Clostridia;o__Clostridiales;f__;g__Flavonifractor;s__Flavonifractor_plautii	k__Bacteria;p__Firmicutes;c__Clostridia;o__Clostridiales;f__Clostridiaceae;g__Clostridium;s__Clostridium_phoceensis	k__Bacteria;p__Verrucomicrobia;c__Verrucomicrobiae;o__Verrucomicrobiales;f__Akkermansiaceae;g__Akkermansia;s__Akkermansia_muciniphila	k__Bacteria;p__Bacteroidetes;c__Bacteroidia;o__Bacteroidales;f__Prevotellaceae;g__Paraprevotella;s__Paraprevotella_xylaniphila	k__Bacteria;p__Firmicutes;c__Clostridia;o__Clostridiales;f__Ruminococcaceae;g__Ruminococcus;s__Ruminococcus_callidus	k__Bacteria;p__Bacteroidetes;c__Bacteroidia;o__Bacteroidales;f__Rikenellaceae;g__Alistipes;s__Alistipes_senegalensis	k__Bacteria;p__Firmicutes;c__Clostridia;o__Clostridiales;f__Lachnospiraceae;g__Blautia;s__Blautia_sp._KLE_1732	k__Bacteria;p__Bacteroidetes;c__Bacteroidia;o__Bacteroidales;f__Bacteroidaceae;g__Bacteroides;s__Bacteroides_oleiciplenus	k__Bacteria;p__Firmicutes;c__Clostridia;o__Clostridiales;f__Ruminococcaceae;g__Ruminococcus;s__Ruminococcus_bicirculans	k__Bacteria;p__Bacteroidetes;c__Bacteroidia;o__Bacteroidales;f__Bacteroidaceae;g__Bacteroides;s__Bacteroides_fluxus	k__Bacteria;p__Bacteroidetes;c__Bacteroidia;o__Bacteroidales;f__Prevotellaceae;g__Prevotella;s__Prevotella_stercorea	k__Bacteria;p__Firmicutes;c__Clostridia;o__Clostridiales;f__Lachnospiraceae;g__Dorea;s__Dorea_longicatena	k__Bacteria;p__Firmicutes;c__Clostridia;o__Clostridiales;f__Eubacteriaceae;g__Eubacterium;s__[Eubacterium]_eligens	k__Bacteria;p__Firmicutes;c__Clostridia;o__Clostridiales;f__Ruminococcaceae;g__;s__Ruminococcaceae_bacterium_D16	k__Bacteria;p__Firmicutes;c__Clostridia;o__Clostridiales;f__Lachnospiraceae;g__Coprococcus;s__Coprococcus_comes	k__Bacteria;p__Proteobacteria;c__Gammaproteobacteria;o__Enterobacterales;f__Enterobacteriaceae;g__Escherichia;s__Escherichia_coli	k__Bacteria;p__Firmicutes;c__Clostridia;o__Clostridiales;f__Ruminococcaceae;g__Anaerotruncus;s__Anaerotruncus_colihominis	k__Bacteria;p__Firmicutes;c__Clostridia;o__Clostridiales;f__Lachnospiraceae;g__Blautia;s__Blautia_obeum	k__Bacteria;p__Bacteroidetes;c__Bacteroidia;o__Bacteroidales;f__Odoribacteraceae;g__Odoribacter;s__Odoribacter_laneus	k__Bacteria;p__Firmicutes;c__Clostridia;o__Clostridiales;f__Ruminococcaceae;g__Ruminiclostridium;s__[Clostridium]_leptum	k__Bacteria;p__Bacteroidetes;c__Bacteroidia;o__Bacteroidales;f__Porphyromonadaceae;g__Parabacteroides;s__Parabacteroides_goldsteinii	k__Bacteria;p__Firmicutes;c__Clostridia;o__Clostridiales;f__Lachnospiraceae;g__Anaerostipes;s__Anaerostipes_hadrus	k__Bacteria;p__Firmicutes;c__Clostridia;o__Clostridiales;f__Ruminococcaceae;g__Ruminococcus;s__Ruminococcus_lactaris	k__Bacteria;p__Firmicutes;c__Clostridia;o__Clostridiales;f__Clostridiaceae;g__Clostridium;s__Clostridium_sp._L2-50	k__Bacteria;p__Firmicutes;c__Clostridia;o__Clostridiales;f__Clostridiaceae;g__Clostridium;s__Clostridium_sp._M62/1	k__Bacteria;p__Firmicutes;c__Clostridia;o__Clostridiales;f__;g__Intestinimonas;s__Intestinimonas_butyriciproducens	k__Bacteria;p__Actinobacteria;c__Actinobacteria;o__Bifidobacteriales;f__Bifidobacteriaceae;g__Bifidobacterium;s__Bifidobacterium_bifidum	k__Bacteria;p__Firmicutes;c__Negativicutes;o__Veillonellales;f__Veillonellaceae;g__Dialister;s__Dialister_invisus	k__Bacteria;p__Bacteroidetes;c__Bacteroidia;o__Bacteroidales;f__Bacteroidaceae;g__Bacteroides;s__Bacteroides_salanitronis
k__Bacteria;p__Bacteroidetes;c__Bacteroidia;o__Bacteroidales;f__Bacteroidaceae;g__Bacteroides;s__Bacteroides_vulgatus	1.0	0.00834393182857	-0.00571346081259	-0.0578762717852	-0.0324213799323	-0.0337668838554	-0.0298026521201	-0.05632720875	-0.0336047671708	0.0224015405841	-0.0168588260346	0.0396287617045	0.00529428313701	-0.0297165466579	0.0189870827886	0.0438749755363	0.0249164862185	-0.0272069410173	0.0153063479823	0.0259746436597	0.0900827167979	-0.0510104850455	0.0202216891643	-0.0306238581784	0.0157179894329	-0.0101204980566	0.00422019379203	-0.0134332978806	-0.00323533333619	-0.0097490062089	0.0602607360026	-0.00185784508356	-0.0305602613984	-0.0127782768525	-0.0348204476412	-0.0588687043489	-0.0420350048271	0.00741184158224	0.00913229430777	-0.00520989317853	-0.0218677670754	0.0270115562686	-0.0236210099378	-0.0369806946567	-0.0406240630192	0.0415992605969	0.0469969932739	-0.02743368849	0.0519980025888	-0.0293061341271	0.0508225245179	-0.00561569319691	0.00613689605933	0.0605907670029	0.0439025453496	-0.0197836284528	0.0236996745231	-0.0275907748404	-0.031093908694
k__Bacteria;p__Bacteroidetes;c__Bacteroidia;o__Bacteroidales;f__Bacteroidaceae;g__Bacteroides;s__Bacteroides_uniformis	0.00834393182857	1.0	-0.00353064249519	0.0221572750783	-0.00623593853613	0.0147751660494	0.0175442788619	0.000344557330576	-0.0223840372812	0.00463407869286	-0.0552972950261	-0.000784376741839	-0.0392225706037	-0.00490213216661	-0.0570019492056	-0.0169359204127	-0.061147766104	-0.0579932276403	-0.0304492285303	-0.072814015315	-0.0484811385614	0.0346346497587	-0.0242142034451	0.0603575266839	0.0924570019175	0.044811349723	-0.00772081853243	-0.0157999451256	0.0177263437336	0.0105314363272	-0.000671730452366	0.00474636896701	-0.0667662715888	-0.0930979217465	-0.0024618976478	0.0323655860023	0.00361465718421	-0.0471877141587	0.0320771839766	0.0873019094325	-0.000706308398327	-0.0424347258637	0.015638691884	-0.0358158425548	0.061360413912	-0.037832735018	0.0740445508732	0.00243923156294	-0.0329387245865	-0.00786728684022	-0.0598943993012	0.00115070036162	-0.0346954212364	0.00131145551183	-0.0211350736086	-0.0531928444655	0.00287355438692	-0.0125053668307	-0.00486915171166
k__Bacteria;p__Bacteroidetes;c__Bacteroidia;o__Bacteroidales;f__Rikenellaceae;g__Alistipes;s__Alistipes_putredinis	-0.00571346081259	-0.00353064249519	1.0	-0.0254563331219	-0.037670805584	0.007665188065	0.0434485931817	-0.0182035907473	-0.00423058477209	-0.0293513569067	-0.0593489867393	-0.00444310782338	-0.0145294733139	0.0169510783553	0.0454473700507	-0.00705801406	-0.0268998837397	-0.084428046815	0.0337772052516	-0.042247749805	0.0119450133982	0.023401341741	-0.00886491953282	-0.00412484844996	-0.00983885434851	-0.0384976439356	-0.0397391808061	-0.0021866980615	0.0121778737442	0.0135089449511	-0.00695997868521	0.00978848802216	-0.00974339311427	-0.0183595113623	-0.0300512112672	0.0326764661279	0.00120846995229	-0.0457712712744	-0.0407207232649	0.00538883473833	-0.0308961777414	-0.0255260797705	0.0338559028763	0.0168934720616	-0.00223599691533	0.0326377922674	0.025370619495	-0.0573700363912	-0.02580786989	0.0298988224977	-0.051933300284	0.0238539162447	-0.00550003357416	0.00816046131277	0.00472573826672	0.0246883452969	-0.00297507860303	0.0404490944529	0.0149410222704
k__Bacteria;p__Bacteroidetes;c__Bacteroidia;o__Bacteroidales;f__Prevotellaceae;g__Prevotella;s__Prevotella_copri	-0.0578762717852	0.0221572750783	-0.0254563331219	1.0	-0.0185319759533	-0.00638151317082	-0.0188018733107	-0.0220329698115	0.0558437244452	-0.0510846339535	-0.0587260171312	-0.00641199448744	0.0609819530228	-0.0184723402679	-0.0425229147225	0.0459384318249	0.0557941181588	-0.053328782359	-0.0162995685685	0.071549620634	-0.0549481818692	-0.00423998296432	-0.0706760558272	0.0139447359744	0.0185098882348	0.0239231330637	-0.0257949848312	-0.0274198084317	-0.0828732749081	-0.0364448465621	0.0347317205531	-0.0234933027141	-0.0149731075437	-0.0178542086801	0.032477912783	-0.0196816969964	0.0203898068512	0.0288376630693	0.024834169101	0.0401976138186	-0.0448901380764	-0.0423056202837	-0.0053491684357	-0.00664501362161	-0.00643340666023	-0.00241549800912	0.0140690739681	-0.0765826204923	-0.00581592021043	-0.00561872749834	-0.0412778129577	0.0408948649995	-0.00689087495265	-0.0233305537169	-0.0266874941272	0.0367978162233	-0.0290181127949	-0.0162691604728	-0.00429550341426
k__Bacteria;p__Bacteroidetes;c__Bacteroidia;o__Bacteroidales;f__Bacteroidaceae;g__Bacteroides;s__Bacteroides_stercoris	-0.0324213799323	-0.00623593853613	-0.037670805584	-0.0185319759533	1.0	0.0519881201427	0.0430221448777	0.0251028701635	0.0126601960671	0.0148946008279	0.0106968457156	-0.0294447317895	-0.0469591708965	-0.0218560474523	0.0172645556229	-0.0330206822389	-0.0138616770357	0.0134028280721	0.0298859018546	0.045396490207	0.00755735514294	-0.0685323329	0.00944306610669	-0.0589203594069	0.0190911225546	-0.0537871887851	-0.0421289853267	-0.00970679283526	-0.0511735626971	-0.038312774427	0.0251003995261	-0.0323796644618	0.00693979681422	-0.0228517621109	0.0270049233348	-0.0156088956682	-0.0371851274687	-0.0388661241052	-0.0825763505676	0.00957397791176	0.0507871458609	-0.0342306695878	0.00775192008798	0.00346349197912	-0.00410990525202	-0.00852071272858	0.0537788615496	0.0267316930555	-0.0539155124036	0.0314269018647	-0.0370885974873	0.0586695724131	-0.00596686332282	-0.00794642581574	0.018865174602	-0.0181837395291	-0.00914873479938	-0.0581345594435	-0.00728434880636
k__Bacteria;p__Bacteroidetes;c__Bacteroidia;o__Bacteroidales;f__Bacteroidaceae;g__Bacteroides;s__Bacteroides_ovatus	-0.0337668838554	0.0147751660494	0.007665188065	-0.00638151317082	0.0519881201427	1.0	0.0504471917264	0.0247271507792	0.00163110618037	0.0283398347564	-0.02476031267	0.0159060409129	-0.0366180022621	-0.0338006831615	-0.038696224311	-0.0370568815701	-0.0247032055074	-0.00692914238005	-0.0673092168302	-0.00229581897862	-0.0208636440368	0.0365055769984	-0.0220364514236	-0.0346444389271	-0.0228840701335	0.0120073772044	-0.0280952258781	0.0362238478761	-0.0240215339799	-0.0191811830311	0.0181782957854	-0.017619794058	0.0282922436661	-0.00147585056652	0.042542766961	-0.0299983250266	0.00170959052964	0.00908396809701	-0.0224615647793	-0.0244515122603	0.0245006231685	0.00696868299963	-0.0162188806536	-0.00180884700417	-0.00751968436963	-0.0144801324821	-0.0290614800512	0.010483073905	-0.0111721022159	-0.0710536815931	0.0238992249558	0.0148687057666	0.023969599474	-0.00245018908224	-0.00261890249336	-0.00523355594429	0.0188854816758	0.0251631977233	-0.0104365797758
k__Bacteria;p__Bacteroidetes;c__Bacteroidia;o__Bacteroidales;f__Rikenellaceae;g__Alistipes;s__Alistipes_shahii	-0.0298026521201	0.0175442788619	0.0434485931817	-0.0188018733107	0.0430221448777	0.0504471917264	1.0	0.0762937018824	-0.0395415712163	-0.0254736282548	-0.0163642436584	0.0139765335072	-0.0193042265263	0.020073105043	-0.0677335477664	0.0331443742501	-0.00975964135421	-0.00616688509876	0.0159188113806	0.0148555152731	-0.0519953796641	0.0108825119266	-0.00142677415331	-0.0374434721218	-0.00517720178951	0.0245320511366	-0.0296892796229	0.0352749232548	0.00233089127749	-0.0255127121429	-0.0674406104528	-0.0271952805536	-0.0487193793405	0.0375610295759	-0.0492600250003	0.0710499664012	0.0410538113445	-0.0212594794901	-0.0224105583709	0.0567674881544	0.0237472888396	-0.00482523857691	6.43763059827e-05	-0.0477662785387	0.0420574545868	0.0311291822373	-0.0214633393159	-0.0169384416794	0.00427037203732	0.0133090385116	-0.0309724577223	0.00023005449324	2.12004637948e-05	-0.00147618965862	-0.0183707813887	-0.0164927097282	0.0011256019951	0.0259223578518	0.0394016856051
k__Bacteria;p__Firmicutes;c__Clostridia;o__Clostridiales;f__Ruminococcaceae;g__Faecalibacterium;s__Faecalibacterium_prausnitzii	-0.05632720875	0.000344557330576	-0.0182035907473	-0.0220329698115	0.0251028701635	0.0247271507792	0.0762937018824	1.0	0.0674560277825	0.00525052093582	-0.0144264963336	0.0396756179809	-0.0856989280136	0.0476009753648	-0.00710635013908	0.0472242866401	0.00200126683437	0.0280489311731	-0.0423001974011	0.0379329497155	-0.0508320467101	0.014158231496	-0.0239312325645	0.0395484305293	-0.0563790046336	0.00931548491854	0.0193485054153	-0.0118951677676	-0.0569186628256	-0.104150034028	-0.0238686268572	0.00764165190794	0.0122711344101	-0.048647074113	-0.0102725533596	0.049896334466	-0.0171196852509	-0.0457496455352	0.00488870490988	-0.0570514283258	-0.0155745255335	-0.0628355436209	-0.0641138404258	0.0336817596525	-0.0434488841807	0.00615003309066	0.0772087980308	-0.0457715583371	-0.0255202194338	-0.00794712789238	-0.0361945710861	0.0025524056571	-0.0562134475728	-0.0321704481399	0.0326996825937	0.0502651413436	-0.00451207545082	-0.0563907145671	-0.0257062353637
k__Bacteria;p__Bacteroidetes;c__Bacteroidia;o__Bacteroidales;f__Rikenellaceae;g__Alistipes;s__Alistipes_finegoldii	-0.0336047671708	-0.0223840372812	-0.00423058477209	0.0558437244452	0.0126601960671	0.00163110618037	-0.0395415712163	0.0674560277825	1.0	0.00465735558442	-0.0203986178453	0.00922137394866	0.0268924282746	-0.0452581393991	-0.0118079473338	-0.00193840697653	0.0552004960684	-0.0433285817912	-0.0271513137595	-0.0190375380142	0.0466129473752	0.0403608590806	-0.0421226366228	0.023708213846	-0.0353303305044	-0.0398852948838	-0.0785142184566	0.0271717255704	0.00266268829508	-0.0422383759513	-0.0382529965721	0.0434766352775	0.0211050077003	-0.0299565909635	0.014142042302	-0.0259598706103	-0.00960664443572	-0.00336054775307	0.0299983891257	-0.0381476599944	0.0458619165293	-0.0402458643228	0.0208329529584	0.0169329538377	0.0368276416788	0.00306250157457	0.00932710094808	-0.0193262686831	-0.0141835001291	0.0436182364965	0.00857361503551	0.00989186652811	-0.0234514247307	-0.00331101554259	0.016498966966	-0.0315897327421	-0.0320482553253	0.0331064772617	-0.0552937107849
k__Bacteria;p__Bacteroidetes;c__Bacteroidia;o__Bacteroidales;f__Porphyromonadaceae;g__Parabacteroides;s__Parabacteroides_distasonis	0.0224015405841	0.00463407869286	-0.0293513569067	-0.0510846339535	0.0148946008279	0.0283398347564	-0.0254736282548	0.00525052093582	0.00465735558442	1.0	0.0028951358531	-0.0369872462603	0.0554026030881	-0.0263143617096	0.00750002822908	0.0126417620959	0.00839042895704	0.0286310102903	-0.0403127788773	-0.00893768841202	-0.00693290487214	-0.0420250030968	-0.0378213465922	-0.0573380703587	-0.00584287203246	-0.0329849863873	0.0112679062724	-0.0496460026965	-0.0408280694882	-0.00603291833138	-0.00398253075567	0.0691953192744	-0.00205384572993	0.0113038246044	0.0192099161286	0.00107467779849	-0.0410234412943	-0.0235529977507	0.0176858781002	-0.0290129156191	-0.0115380918859	-0.0283129658364	-0.0131593317049	-0.0183984418893	0.0263171769013	-0.0285922092542	-0.0264648494905	-0.0371476801039	-0.0621137164211	0.0120490974229	-0.00628199905636	-0.0421037447065	-0.0251673444796	-0.018627550403	-0.0427608797013	0.0105870795556	-0.0080683783054	-0.0405842103761	0.0257614284258
k__Bacteria;p__Bacteroidetes;c__Bacteroidia;o__Bacteroidales;f__Bacteroidaceae;g__Bacteroides;s__Bacteroides_thetaiotaomicron	-0.0168588260346	-0.0552972950261	-0.0593489867393	-0.0587260171312	0.0106968457156	-0.02476031267	-0.0163642436584	-0.0144264963336	-0.0203986178453	0.0028951358531	1.0	-0.0814071595557	0.00880594523595	-0.0571137842523	-0.0388280610446	-0.0187660403107	0.0187479396026	-0.0306768819432	-0.00116210894269	-0.0177521571146	0.0050728410176	0.00753232015712	-0.082504854441	0.0207078279107	0.0429937991653	-0.00162681295566	-0.0537060933181	0.0212702832889	-0.0309963609481	-0.00598983835126	-0.0364654775672	-0.0184049274218	-0.0678815019646	0.0145049577471	-0.0283702581054	-0.0226692051707	-0.0162853841389	0.0583866843859	-0.0393929627572	-0.0430126760831	-0.0372752965802	0.000283962416215	0.0300117003202	0.0385607971916	0.0305520450957	0.0397085307934	-0.040847334736	0.0266912768628	-0.0295879468133	-0.0226740229466	0.028746764635	0.0138458183416	-0.00665677236035	-0.0288444484239	-0.0403279330916	0.0238204456841	-3.67592436414e-05	0.0504495333522	-0.017325557221
k__Bacteria;p__Bacteroidetes;c__Bacteroidia;o__Bacteroidales;f__Bacteroidaceae;g__Bacteroides;s__Bacteroides_coprocola	0.0396287617045	-0.000784376741839	-0.00444310782338	-0.00641199448744	-0.0294447317895	0.0159060409129	0.0139765335072	0.0396756179809	0.00922137394866	-0.0369872462603	-0.0814071595557	1.0	-0.0174029230137	-0.0147562893037	-0.0233579488514	-0.00135819428102	-0.0687360801154	-0.0518578435042	-0.0515223259725	-0.0616841789507	0.0205214674289	-0.045384844029	-0.0126986882971	0.00865469011643	-0.0153623503365	0.010767380566	0.051618367293	-0.0153043401572	-0.00762061389498	0.0159852201652	-0.0511325250251	-0.0875434562681	-0.0395802342524	0.00791410051254	0.0889757734231	-0.0176836144159	0.0157402974338	0.0253434462448	-0.0925693167623	0.0499298568914	0.0284028639381	0.00977415346279	-0.0185825455273	0.00573938475349	0.0324735373581	-0.0510062490852	-0.0069273531635	0.000381907469944	-0.00795341907964	-0.0506736532932	0.032123068885	-0.0724553939471	0.0221317045451	-0.00195344121192	-0.00112566809115	0.0435292808378	0.028117482701	0.0282581997404	-0.0846786333126
k__Bacteria;p__Bacteroidetes;c__Bacteroidia;o__Bacteroidales;f__Bacteroidaceae;g__Bacteroides;s__Bacteroides_cellulosilyticus	0.00529428313701	-0.0392225706037	-0.0145294733139	0.0609819530228	-0.0469591708965	-0.0366180022621	-0.0193042265263	-0.0856989280136	0.0268924282746	0.0554026030881	0.00880594523595	-0.0174029230137	1.0	-0.00874110417488	-0.0396081655988	0.0296786743302	0.0493297049941	-0.0218365920041	-0.0118417814318	-0.0334842469544	-0.00268627203482	0.060574949644	0.034969187123	0.0471899774489	-0.0374948800086	-0.0248624468874	-0.0281486286549	-0.0356189121534	0.0820681143113	0.0297389359207	-0.012592178906	0.0251771313037	-0.0184146833322	0.0094753520786	-0.028301388555	-0.0195609183716	-0.0157497002174	0.0228850096523	0.0165457285296	0.0513763798554	0.00794451301207	0.00467706699542	-0.0515332654776	0.0491592634107	-0.0203108704222	0.0828190700739	-0.00767342858346	-0.0525463962841	0.0206899674908	-0.0395604011118	-0.0482644043051	0.00126008740691	-0.0478778358741	0.0124689946975	-0.0298735327539	0.00218489430458	0.00583370913424	0.0368773513705	-0.0570127836111
k__Bacteria;p__Bacteroidetes;c__Bacteroidia;o__Bacteroidales;f__Rikenellaceae;g__Alistipes;s__Alistipes_obesi	-0.0297165466579	-0.00490213216661	0.0169510783553	-0.0184723402679	-0.0218560474523	-0.0338006831615	0.020073105043	0.0476009753648	-0.0452581393991	-0.0263143617096	-0.0571137842523	-0.0147562893037	-0.00874110417488	1.0	-0.0439361587729	-0.0411986830081	-0.0196035429539	0.0364826095761	-0.0521857723513	0.0300814654795	-0.0713128806316	-0.017292834863	-0.0122174505016	0.0581505438249	-0.04570124076	-0.000174760941726	0.048147278368	-0.0486595540732	0.00630732999494	-0.0390139431558	-0.0153437595241	-0.0203647813603	0.0508873318062	0.0231520733161	-0.0333919153222	0.0142519232324	0.0122435033968	0.00964810767338	-0.0105549609814	0.0505000205992	0.00248488237686	-0.0135639802187	0.0186727072744	-0.0427272763569	0.00437487505718	0.00540854306301	0.057527108211	0.0293173475829	0.0224870377247	-0.0483603624938	-0.0361176895916	0.0641800909636	0.0131622799955	0.0756318301703	0.0312087003129	0.00370524071275	-0.0574681830534	-0.00731109402272	-0.0162279200316
k__Bacteria;p__Firmicutes;c__Clostridia;o__Clostridiales;f__Lachnospiraceae;g__;s__[Eubacterium]_rectale	0.0189870827886	-0.0570019492056	0.0454473700507	-0.0425229147225	0.0172645556229	-0.038696224311	-0.0677335477664	-0.00710635013908	-0.0118079473338	0.00750002822908	-0.0388280610446	-0.0233579488514	-0.0396081655988	-0.0439361587729	1.0	0.000887899444472	-0.0498651385232	-0.0282877793284	-0.0322816145248	-0.00242526505246	-0.0105201424113	0.0195322410283	-0.0154928015206	0.013686738723	-0.0166962505548	-0.0558214294154	-0.083650844101	0.0326603823332	0.0285454480252	-0.0185950614261	-0.0388753322333	0.00900080216707	-0.0698992513162	0.0485626999031	-0.0282887773418	0.0196810407618	-0.0215931413427	-0.00475181693056	-0.0307019439336	0.039890068872	-0.0151925385122	0.0262629709839	-0.0793797178188	-0.0246697305151	-0.056188217565	-0.0327410993755	-0.0121326091547	-0.0250448252718	-0.0112631990338	-0.0228625880841	0.0339063330638	0.042254336336	-0.012587257326	-0.027812054331	0.0384481419341	0.0064337367474	-0.0216799052731	0.00693472733349	0.0321797277519
k__Bacteria;p__Bacteroidetes;c__Bacteroidia;o__Bacteroidales;f__Bacteroidaceae;g__Bacteroides;s__Bacteroides_plebeius	0.0438749755363	-0.0169359204127	-0.00705801406	0.0459384318249	-0.0330206822389	-0.0370568815701	0.0331443742501	0.0472242866401	-0.00193840697653	0.0126417620959	-0.0187660403107	-0.00135819428102	0.0296786743302	-0.0411986830081	0.000887899444472	1.0	0.00179380866447	0.00954020222278	-0.0414400961849	-0.048415981122	-0.0201162203441	-0.021519046621	0.00255594872614	0.0175499282052	-0.0123507099066	0.0451646618309	0.0103339078448	0.0542234352893	-0.0281613530395	-0.00657738122345	-0.010761221353	0.0186210978483	-0.0313870431103	-0.01861011578	0.0162491804483	-0.00656154578525	0.0145723874519	-0.00050066338672	-0.0558271698955	-0.0115848105454	-0.00905651823355	0.00453233735286	-0.077212627804	0.0180664565574	-0.00586303429806	-0.0129806077637	-0.0291669304653	0.0156981831107	-0.0281367415328	0.0435589012329	0.0611425483643	-0.0561067042397	0.00560571750513	-0.0308929508062	-0.0195600542339	0.0110020026387	-0.0310909855586	-0.0700751283613	-0.0335065595007
k__Bacteria;p__Bacteroidetes;c__Bacteroidia;o__Bacteroidales;f__Bacteroidaceae;g__Bacteroides;s__Bacteroides_fragilis	0.0249164862185	-0.061147766104	-0.0268998837397	0.0557941181588	-0.0138616770357	-0.0247032055074	-0.00975964135421	0.00200126683437	0.0552004960684	0.00839042895704	0.0187479396026	-0.0687360801154	0.0493297049941	-0.0196035429539	-0.0498651385232	0.00179380866447	1.0	-0.0324047042871	-0.003685180244	0.0139060217447	-0.00035298827892	0.028681889868	-0.0116676926982	-0.00453272744072	-0.0239413740606	-0.033726554569	-0.0261257896015	-0.00753820432639	-0.000390438065509	-0.00271771585906	0.0242956749437	0.0359306605275	-0.0107482405787	-0.0216146028659	-0.0139663515367	-0.0493062670951	-0.0322336103288	-0.0165960996661	0.0344560147428	0.0138629777462	0.0292086127164	0.0160239658249	-0.00256706323261	0.0083821185362	0.0146493677591	0.00159227431581	-0.0174598805477	0.0270051871238	0.0241006953466	0.00975066103278	-0.0106986572328	-0.016216647514	0.00739007340982	-0.0206859520906	0.00119523428817	0.0330887217723	0.0541230796146	-0.00681943764163	0.0142059314073
k__Bacteria;p__Proteobacteria;c__Betaproteobacteria;o__Burkholderiales;f__Sutterellaceae;g__Sutterella;s__Sutterella_wadsworthensis	-0.0272069410173	-0.0579932276403	-0.084428046815	-0.053328782359	0.0134028280721	-0.00692914238005	-0.00616688509876	0.0280489311731	-0.0433285817912	0.0286310102903	-0.0306768819432	-0.0518578435042	-0.0218365920041	0.0364826095761	-0.0282877793284	0.00954020222278	-0.0324047042871	1.0	0.00612798662827	-0.0218081955591	-0.048965867291	-0.0295975820712	0.0110676044555	-0.0528778527678	-0.0419122139684	0.00702834844145	0.014656974825	-0.0118695654619	0.0356515321157	0.0572490905788	-0.0183432710612	-0.00402084367519	0.0545222024726	-0.0104719841157	-0.00925712628905	-0.0648953375463	0.0247110075928	-0.0118005663163	-0.0428448106356	-0.00381722784228	0.0185981101517	0.0217731430781	-0.00873164524054	-0.0249698591278	-0.016416701863	0.0726852840037	0.0114968643487	-0.0261738103895	0.00464698675215	0.0644594184778	0.0207412065107	0.0271119817767	-0.0205636881389	-0.0399763508044	0.0350074033228	-0.00459594144132	-0.0306980118268	-0.0313258532565	0.0102516037999
k__Bacteria;p__Bacteroidetes;c__Bacteroidia;o__Bacteroidales;f__Porphyromonadaceae;g__Barnesiella;s__Barnesiella_intestinihominis	0.0153063479823	-0.0304492285303	0.0337772052516	-0.0162995685685	0.0298859018546	-0.0673092168302	0.0159188113806	-0.0423001974011	-0.0271513137595	-0.0403127788773	-0.00116210894269	-0.0515223259725	-0.0118417814318	-0.0521857723513	-0.0322816145248	-0.0414400961849	-0.003685180244	0.00612798662827	1.0	0.0164208468852	0.0259913037146	0.0142877887637	-0.0551062277349	-0.00453209633346	-0.029751613653	0.0569081420893	-0.0197142525623	0.103548773737	-0.0157599012335	0.0643570421416	-0.0541174158068	-0.0222487100831	0.0198916915947	0.029207426191	0.0466370901087	-0.0574708792682	0.0290585620826	-0.020601995616	0.0173110478184	-0.0212292936694	-0.0104153867842	0.0616910325351	0.0143374356761	0.0282168486875	-0.0363000688741	0.0260516091163	-0.0499825713382	-0.02681093082	0.000671651271924	0.0429763991491	0.0510553351044	0.0358557395366	0.0588102068103	0.014082014895	-0.0229994831931	-0.0417405524889	-0.0205659358974	0.0219355201898	-0.0270670470709
k__Bacteria;p__Bacteroidetes;c__Bacteroidia;o__Bacteroidales;f__Odoribacteraceae;g__Odoribacter;s__Odoribacter_splanchnicus	0.0259746436597	-0.072814015315	-0.042247749805	0.071549620634	0.045396490207	-0.00229581897862	0.0148555152731	0.0379329497155	-0.0190375380142	-0.00893768841202	-0.0177521571146	-0.0616841789507	-0.0334842469544	0.0300814654795	-0.00242526505246	-0.048415981122	0.0139060217447	-0.0218081955591	0.0164208468852	1.0	0.0621123775394	0.0155332397301	-0.0292616131548	-0.0303564924933	-0.0744374119196	0.00855591409212	-0.0639252441108	0.0221765751286	-0.0221214617425	-0.0120228984821	-0.0155547164169	0.0156557660909	0.0218756939175	0.0483863048309	-0.026577619244	-0.0447575084208	-0.00525997117131	0.0259217319274	0.0393180914842	0.0272897338207	-0.0630028620436	0.0161515377214	-0.0115952192428	-0.0643566375727	0.0302810238781	-0.0344887664317	-0.00150154693829	0.013157989887	-0.0404848602054	-0.0236636634674	-0.0348212779355	-0.0545248501319	0.0126715891133	-0.0157393238033	0.0101719347961	0.0159911168978	0.0445819965574	-0.00127813387773	-0.054940998143
k__Bacteria;p__Bacteroidetes;c__Bacteroidia;o__Bacteroidales;f__Bacteroidaceae;g__Bacteroides;s__Bacteroides_salyersiae	0.0900827167979	-0.0484811385614	0.0119450133982	-0.0549481818692	0.00755735514294	-0.0208636440368	-0.0519953796641	-0.0508320467101	0.0466129473752	-0.00693290487214	0.0050728410176	0.0205214674289	-0.00268627203482	-0.0713128806316	-0.0105201424113	-0.0201162203441	-0.00035298827892	-0.048965867291	0.0259913037146	0.0621123775394	1.0	0.0329784056782	0.0324236897094	0.0367502436226	0.00954600266239	0.0119618495637	0.00893007834201	-0.0594667858775	0.0124215850842	-0.0118079888417	0.041283273891	-0.00383766923378	-0.0482859474483	-0.00270322412315	-0.072630650849	-0.0322993926955	-0.0195468335674	-0.0317000750664	-0.0300835703503	-0.000530182205268	-0.0542221663412	0.0985688671471	0.0945625367221	-0.0278227448619	-0.0587277643298	-0.0489077543038	0.0475168648545	0.0282768464199	0.0179821481593	-0.010609490541	-0.00709694680137	0.00813802058085	-0.00996093075401	-0.0320383477089	-0.024204394248	-0.0107327572759	-0.0210101595823	-0.0251523599542	0.00316298834861
k__Bacteria;p__Firmicutes;c__Clostridia;o__Clostridiales;f__Ruminococcaceae;g__Ruminiclostridium;s__[Eubacterium]_siraeum	-0.0510104850455	0.0346346497587	0.023401341741	-0.00423998296432	-0.0685323329	0.0365055769984	0.0108825119266	0.014158231496	0.0403608590806	-0.0420250030968	0.00753232015712	-0.045384844029	0.060574949644	-0.017292834863	0.0195322410283	-0.021519046621	0.028681889868	-0.0295975820712	0.0142877887637	0.0155332397301	0.0329784056782	1.0	-0.0287944751261	-0.0767742535893	-0.0583174923896	-0.0459410192441	0.00622567341245	0.0165514831236	-0.0202640876079	-0.00873609198595	-0.00657482555505	0.0315792894024	-0.00779333202734	-0.0495705647106	0.0163332112455	-0.00224162822	-0.066720633173	-0.0291881173968	-0.0250322111616	0.0203778957716	-0.0290702945878	0.00672364191151	-0.0375503015936	0.0167245500346	0.0511723554758	-0.057074104084	-0.0468498709784	-0.0420714880009	0.0332531272248	0.00703248456965	-0.0148522218417	-0.00891139760601	0.0272142243001	-0.0288566640896	0.001945994354	-0.0291619633029	0.00197944400606	0.0373860605265	-0.0392304233266
k__Bacteria;p__Proteobacteria;c__Betaproteobacteria;o__Burkholderiales;f__Sutterellaceae;g__Parasutterella;s__Parasutterella_excrementihominis	0.0202216891643	-0.0242142034451	-0.00886491953282	-0.0706760558272	0.00944306610669	-0.0220364514236	-0.00142677415331	-0.0239312325645	-0.0421226366228	-0.0378213465922	-0.082504854441	-0.0126986882971	0.034969187123	-0.0122174505016	-0.0154928015206	0.00255594872614	-0.0116676926982	0.0110676044555	-0.0551062277349	-0.0292616131548	0.0324236897094	-0.0287944751261	1.0	0.048445617006	0.0491718995466	-0.0179354650832	0.0396288653196	-0.0781304540334	-0.0287586813439	0.0160190402549	0.00408971410494	0.00943764755651	-0.00749856629803	-0.00367539656766	0.00759264829446	-0.0545747870808	0.0280390460359	-0.0396358844192	0.0296635317439	-0.0183409169098	0.0459950316202	-0.0116962027735	-0.0303255774174	0.0480231650815	-0.0393102598676	-0.0309995072099	0.0381729233214	-0.00566601223465	-0.0118984234084	0.0196418772928	-0.0180773821607	0.0434739580578	-0.0384718044494	-0.0186150532946	-0.0144155218977	-0.0119961617417	0.0138592127034	0.0260184863591	0.00334702875717
k__Bacteria;p__Actinobacteria;c__Actinobacteria;o__Bifidobacteriales;f__Bifidobacteriaceae;g__Bifidobacterium;s__Bifidobacterium_adolescentis	-0.0306238581784	0.0603575266839	-0.00412484844996	0.0139447359744	-0.0589203594069	-0.0346444389271	-0.0374434721218	0.0395484305293	0.023708213846	-0.0573380703587	0.0207078279107	0.00865469011643	0.0471899774489	0.0581505438249	0.013686738723	0.0175499282052	-0.00453272744072	-0.0528778527678	-0.00453209633346	-0.0303564924933	0.0367502436226	-0.0767742535893	0.048445617006	1.0	-0.0395492455109	-0.0485615920995	-0.00073252475553	-0.0545932497605	-0.109300116595	0.0774705180791	0.0336846979673	0.0045106724208	-0.06333557717	-0.00754305661659	-0.0345649571036	-0.0272618574099	0.00904662493928	-0.0181504672347	-0.0417826350305	-0.0539647298921	0.045740256487	0.0194018455269	-0.0335374530037	0.034479238196	0.00851101590305	-0.0233365651308	-0.0365581155192	-0.00115240203102	0.00806551511942	0.00647308664252	0.031524294628	0.0313964628605	0.000623468773737	-0.0265529703563	-0.0655393331864	-0.0393185858981	-0.065288060385	0.0144360419731	-0.0189210808945
k__Bacteria;p__Firmicutes;c__Clostridia;o__Clostridiales;f__Oscillospiraceae;g__Oscillibacter;s__Oscillibacter_sp._KLE_1745	0.0157179894329	0.0924570019175	-0.00983885434851	0.0185098882348	0.0190911225546	-0.0228840701335	-0.00517720178951	-0.0563790046336	-0.0353303305044	-0.00584287203246	0.0429937991653	-0.0153623503365	-0.0374948800086	-0.04570124076	-0.0166962505548	-0.0123507099066	-0.0239413740606	-0.0419122139684	-0.029751613653	-0.0744374119196	0.00954600266239	-0.0583174923896	0.0491718995466	-0.0395492455109	1.0	-0.0215102322351	-0.0459222215756	-0.000773439370203	0.0121263196489	-0.0158525279853	-0.0266471945635	0.0375436998948	0.0316511731173	-0.042933211705	-0.0133008440762	-0.0447151833743	0.0150557986374	-0.0210027968929	-0.0460831619051	0.000406252502431	-0.00525530766913	-0.0431664818804	0.00848311300832	0.0401147886208	-0.0199358735167	0.0324727638056	-0.0256724075474	-0.0393465513072	0.00130635101745	-0.0287219733399	0.0538345001098	-0.00709244522794	0.00425505543052	0.0148956663134	0.0180366643119	0.00481484472803	0.0701672788836	-0.0728459127846	-0.0117810103475
k__Bacteria;p__Bacteroidetes;c__Bacteroidia;o__Bacteroidales;f__Bacteroidaceae;g__Bacteroides;s__Bacteroides_coprophilus	-0.0101204980566	0.044811349723	-0.0384976439356	0.0239231330637	-0.0537871887851	0.0120073772044	0.0245320511366	0.00931548491854	-0.0398852948838	-0.0329849863873	-0.00162681295566	0.010767380566	-0.0248624468874	-0.000174760941726	-0.0558214294154	0.0451646618309	-0.033726554569	0.00702834844145	0.0569081420893	0.00855591409212	0.0119618495637	-0.0459410192441	-0.0179354650832	-0.0485615920995	-0.0215102322351	1.0	-0.0180354636198	-0.00686932101636	0.0342854702319	0.0050340121382	0.0244044362394	0.0227655206063	-0.0692879784699	0.00646961480426	0.103451082736	0.067568226825	-0.0255722845674	-0.0346537088638	-0.0205386562917	-0.0170330097905	0.0143498897868	0.0626034105765	0.0278688062853	0.0154491931627	-0.0553774234219	-0.0546198489891	0.0606735718108	0.0216975166653	-0.044984370722	0.00598822306806	-0.0143342905089	-0.0475489852677	-0.0242759967979	-0.0544980882752	0.0288773826398	0.00412782352665	-0.025394842495	-0.0573297413721	-0.000607494880812
k__Bacteria;p__Firmicutes;c__Clostridia;o__Clostridiales;f__Lachnospiraceae;g__Roseburia;s__Roseburia_intestinalis	0.00422019379203	-0.00772081853243	-0.0397391808061	-0.0257949848312	-0.0421289853267	-0.0280952258781	-0.0296892796229	0.0193485054153	-0.0785142184566	0.0112679062724	-0.0537060933181	0.051618367293	-0.0281486286549	0.048147278368	-0.083650844101	0.0103339078448	-0.0261257896015	0.014656974825	-0.0197142525623	-0.0639252441108	0.00893007834201	0.00622567341245	0.0396288653196	-0.00073252475553	-0.0459222215756	-0.0180354636198	1.0	-0.0159464491278	-0.0025630817239	-0.0371079350245	-0.00794753802458	-0.057398660662	0.0037442271417	0.0278813080456	-0.0695553267662	0.00911676198937	-0.0101360815128	-0.0411274340903	-0.0471908137658	-0.00550920706862	-0.038191465643	-0.00419543602332	0.0530812347738	0.114237834982	-0.0317746603733	-0.00461184777987	0.0487045767104	0.0222214252231	-0.0554999678394	-0.00851444995655	-0.0209390511868	-0.0259671227197	0.00110264592878	0.0421247065806	0.0171200426351	-0.0174292709605	0.00388152452309	-0.027828548377	-0.000629943609551
k__Bacteria;p__Firmicutes;c__Clostridia;o__Clostridiales;f__Lachnospiraceae;g__Roseburia;s__Roseburia_hominis	-0.0134332978806	-0.0157999451256	-0.0021866980615	-0.0274198084317	-0.00970679283526	0.0362238478761	0.0352749232548	-0.0118951677676	0.0271717255704	-0.0496460026965	0.0212702832889	-0.0153043401572	-0.0356189121534	-0.0486595540732	0.0326603823332	0.0542234352893	-0.00753820432639	-0.0118695654619	0.103548773737	0.0221765751286	-0.0594667858775	0.0165514831236	-0.0781304540334	-0.0545932497605	-0.000773439370203	-0.00686932101636	-0.0159464491278	1.0	0.00348209394922	-0.0139179064781	-0.0230748118719	-0.0125787632437	-0.033125740926	0.044620384555	0.0165059711542	-0.042182562235	0.00355915310058	-0.0245718562948	0.0118673088681	0.0196078183115	0.00328327734685	-0.0320097941426	-0.0237748352126	-0.0111517543999	0.00759385996623	0.0300879947971	0.00673777486938	-0.00780777750594	-0.0551944152735	0.0296437025602	0.0141019203011	0.0387132318581	-0.112015821476	-0.00272622274368	0.0423339142037	0.0356886847003	-0.0345950285204	-0.042031283567	0.00366584373164
k__Bacteria;p__Bacteroidetes;c__Bacteroidia;o__Bacteroidales;f__Porphyromonadaceae;g__Parabacteroides;s__Parabacteroides_johnsonii	-0.00323533333619	0.0177263437336	0.0121778737442	-0.0828732749081	-0.0511735626971	-0.0240215339799	0.00233089127749	-0.0569186628256	0.00266268829508	-0.0408280694882	-0.0309963609481	-0.00762061389498	0.0820681143113	0.00630732999494	0.0285454480252	-0.0281613530395	-0.000390438065509	0.0356515321157	-0.0157599012335	-0.0221214617425	0.0124215850842	-0.0202640876079	-0.0287586813439	-0.109300116595	0.0121263196489	0.0342854702319	-0.0025630817239	0.00348209394922	1.0	0.000674016894416	-0.0408219229708	-0.0715129668309	-0.0409695380689	0.0564100239777	0.0193572326687	0.0788142949363	-0.0503358812641	-0.0254453942397	-0.0161752568428	0.0234405469939	-0.0240009975207	-0.0825095548305	0.0177648896893	0.0321504530443	-0.0204155179268	0.000359527277895	-0.00911782063483	-0.00937622474369	-0.00626880552369	-0.0882252264066	-0.0292491161032	-0.0473901981223	0.0127007998651	0.0499555313116	-0.0354289633103	-0.0784268245182	0.0315163155667	-0.0122924616573	0.0390709454908
k__Bacteria;p__Actinobacteria;c__Actinobacteria;o__Bifidobacteriales;f__Bifidobacteriaceae;g__Bifidobacterium;s__Bifidobacterium_longum	-0.0097490062089	0.0105314363272	0.0135089449511	-0.0364448465621	-0.038312774427	-0.0191811830311	-0.0255127121429	-0.104150034028	-0.0422383759513	-0.00603291833138	-0.00598983835126	0.0159852201652	0.0297389359207	-0.0390139431558	-0.0185950614261	-0.00657738122345	-0.00271771585906	0.0572490905788	0.0643570421416	-0.0120228984821	-0.0118079888417	-0.00873609198595	0.0160190402549	0.0774705180791	-0.0158525279853	0.0050340121382	-0.0371079350245	-0.0139179064781	0.000674016894416	1.0	-0.0190026409994	-0.0612591719128	-0.0312470415341	-0.0166541796288	-0.00147070186487	-0.0212307651359	0.00365302976114	-0.00805774801415	-0.0213016075213	0.0973117658686	0.0122304085735	0.0184071466987	7.40647175232e-05	-0.0080968303775	-0.0445276960148	-0.0585335668009	-0.0936074722179	-0.0100490586806	-0.00817278759643	0.0111916271628	0.0787479666726	0.00247623702121	-0.0420200629215	0.0190387400464	0.0120417868409	-0.0328522501433	0.0130068994022	-0.00413922940285	0.00331346872294
