#taxonomy	k__Bacteria;p__Bacteroidetes;c__Bacteroidia;o__Bacteroidales;f__Bacteroidaceae;g__Bacteroides;s__Bacteroides_vulgatus	k__Bacteria;p__Bacteroidetes;c__Bacteroidia;o__Bacteroidales;f__Bacteroidaceae;g__Bacteroides;s__Bacteroides_uniformis	k__Bacteria;p__Bacteroidetes;c__Bacteroidia;o__Bacteroidales;f__Rikenellaceae;g__Alistipes;s__Alistipes_putredinis	k__Bacteria;p__Bacteroidetes;c__Bacteroidia;o__Bacteroidales;f__Prevotellaceae;g__Prevotella;s__Prevotella_copri	k__Bacteria;p__Bacteroidetes;c__Bacteroidia;o__Bacteroidales;f__Bacteroidaceae;g__Bacteroides;s__Bacteroides_stercoris	k__Bacteria;p__Bacteroidetes;c__Bacteroidia;o__Bacteroidales;f__Bacteroidaceae;g__Bacteroides;s__Bacteroides_ovatus	k__Bacteria;p__Bacteroidetes;c__Bacteroidia;o__Bacteroidales;f__Rikenellaceae;g__Alistipes;s__Alistipes_shahii	k__Bacteria;p__Firmicutes;c__Clostridia;o__Clostridiales;f__Ruminococcaceae;g__Faecalibacterium;s__Faecalibacterium_prausnitzii	k__Bacteria;p__Bacteroidetes;c__Bacteroidia;o__Bacteroidales;f__Rikenellaceae;g__Alistipes;s__Alistipes_finegoldii	k__Bacteria;p__Bacteroidetes;c__Bacteroidia;o__Bacteroidales;f__Porphyromonadaceae;g__Parabacteroides;s__Parabacteroides_distasonis	k__Bacteria;p__Bacteroidetes;c__Bacteroidia;o__Bacteroidales;f__Bacteroidaceae;g__Bacteroides;s__Bacteroides_thetaiotaomicron	k__Bacteria;p__Bacteroidetes;c__Bacteroidia;o__Bacteroidales;f__Bacteroidaceae;g__Bacteroides;s__Bacteroides_coprocola	k__Bacteria;p__Bacteroidetes;c__Bacteroidia;o__Bacteroidales;f__Bacteroidaceae;g__Bacteroides;s__Bacteroides_cellulosilyticus	k__Bacteria;p__Bacteroidetes;c__Bacteroidia;o__Bacteroidales;f__Rikenellaceae;g__Alistipes;s__Alistipes_obesi	k__Bacteria;p__Firmicutes;c__Clostridia;o__Clostridiales;f__Lachnospiraceae;g__;s__[Eubacterium]_rectale	k__Bacteria;p__Bacteroidetes;c__Bacteroidia;o__Bacteroidales;f__Bacteroidaceae;g__Bacteroides;s__Bacteroides_plebeius	k__Bacteria;p__Bacteroidetes;c__Bacteroidia;o__Bacteroidales;f__Bacteroidaceae;g__Bacteroides;s__Bacteroides_fragilis	k__Bacteria;p__Proteobacteria;c__Betaproteobacteria;o__Burkholderiales;f__Sutterellaceae;g__Sutterella;s__Sutterella_wadsworthensis	k__Bacteria;p__Bacteroidetes;c__Bacteroidia;o__Bacteroidales;f__Porphyromonadaceae;g__Barnesiella;s__Barnesiella_intestinihominis	k__Bacteria;p__Bacteroidetes;c__Bacteroidia;o__Bacteroidales;f__Odoribacteraceae;g__Odoribacter;s__Odoribacter_splanchnicus	k__Bacteria;p__Bacteroidetes;c__Bacteroidia;o__Bacteroidales;f__Bacteroidaceae;g__Bacteroides;s__Bacteroides_salyersiae	k__Bacteria;p__Firmicutes;c__Clostridia;o__Clostridiales;f__Ruminococcaceae;g__Ruminiclostridium;s__[Eubacterium]_siraeum	k__Bacteria;p__Proteobacteria;c__Betaproteobacteria;o__Burkholderiales;f__Sutterellaceae;g__Parasutterella;s__Parasutterella_excrementihominis	k__Bacteria;p__Actinobacteria;c__Actinobacteria;o__Bifidobacteriales;f__Bifidobacteriaceae;g__Bifidobacterium;s__Bifidobacterium_adolescentis	k__Bacteria;p__Firmicutes;c__Clostridia;o__Clostridiales;f__Oscillospiraceae;g__Oscillibacter;s__Oscillibacter_sp._KLE_1745	k__Bacteria;p__Bacteroidetes;c__Bacteroidia;o__Bacteroidales;f__Bacteroidaceae;g__Bacteroides;s__Bacteroides_coprophilus	k__Bacteria;p__Firmicutes;c__Clostridia;o__Clostridiales;f__Lachnospiraceae;g__Roseburia;s__Roseburia_intestinalis	k__Bacteria;p__Firmicutes;c__Clostridia;o__Clostridiales;f__Lachnospiraceae;g__Roseburia;s__Roseburia_hominis	k__Bacteria;p__Bacteroidetes;c__Bacteroidia;o__Bacteroidales;f__Porphyromonadaceae;g__Parabacteroides;s__Parabacteroides_johnsonii	k__Bacteria;p__Actinobacteria;c__Actinobacteria;o__Bifidobacteriales;f__Bifidobacteriaceae;g__Bifidobacterium;s__Bifidobacterium_longum	k__Bacteria;p__Firmicutes;c__Clostridia;o__Clostridiales;f__;g__Flavonifractor;s__Flavonifractor_plautii	k__Bacteria;p__Firmicutes;c__Clostridia;o__Clostridiales;f__Clostridiaceae;g__Clostridium;s__Clostridium_phoceensis	k__Bacteria;p__Verrucomicrobia;c__Verrucomicrobiae;o__Verrucomicrobiales;f__Akkermansiaceae;g__Akkermansia;s__Akkermansia_muciniphila	k__Bacteria;p__Bacteroidetes;c__Bacteroidia;o__Bacteroidales;f__Prevotellaceae;g__Paraprevotella;s__Paraprevotella_xylaniphila	k__Bacteria;p__Firmicutes;c__Clostridia;o__Clostridiales;f__Ruminococcaceae;g__Ruminococcus;s__Ruminococcus_callidus	k__Bacteria;p__Bacteroidetes;c__Bacteroidia;o__Bacteroidales;f__Rikenellaceae;g__Alistipes;s__Alistipes_senegalensis	k__Bacteria;p__Firmicutes;c__Clostridia;o__Clostridiales;f__Lachnospiraceae;g__Blautia;s__Blautia_sp._KLE_1732	k__Bacteria;p__Bacteroidetes;c__Bacteroidia;o__Bacteroidales;f__Bacteroidaceae;g__Bacteroides;s__Bacteroides_oleiciplenus	k__Bacteria;p__Firmicutes;c__Clostridia;o__Clostridiales;f__Ruminococcaceae;g__Ruminococcus;s__Ruminococcus_bicirculans	k__Bacteria;p__Bacteroidetes;c__Bacteroidia;o__Bacteroidales;f__Bacteroidaceae;g__Bacteroides;s__Bacteroides_fluxus	k__Bacteria;p__Bacteroidetes;c__Bacteroidia;o__Bacteroidales;f__Prevotellaceae;g__Prevotella;s__Prevotella_stercorea	k__Bacteria;p__Firmicutes;c__Clostridia;o__Clostridiales;f__Lachnospiraceae;g__Dorea;s__Dorea_longicatena	k__Bacteria;p__Firmicutes;c__Clostridia;o__Clostridiales;f__Eubacteriaceae;g__Eubacterium;s__[Eubacterium]_eligens	k__Bacteria;p__Firmicutes;c__Clostridia;o__Clostridiales;f__Ruminococcaceae;g__;s__Ruminococcaceae_bacterium_D16	k__Bacteria;p__Firmicutes;c__Clostridia;o__Clostridiales;f__Lachnospiraceae;g__Coprococcus;s__Coprococcus_comes	k__Bacteria;p__Proteobacteria;c__Gammaproteobacteria;o__Enterobacterales;f__Enterobacteriaceae;g__Escherichia;s__Escherichia_coli	k__Bacteria;p__Firmicutes;c__Clostridia;o__Clostridiales;f__Ruminococcaceae;g__Anaerotruncus;s__Anaerotruncus_colihominis	k__Bacteria;p__Firmicutes;c__Clostridia;o__Clostridiales;f__Lachnospiraceae;g__Blautia;s__Blautia_obeum	k__Bacteria;p__Bacteroidetes;c__Bacteroidia;o__Bacteroidales;f__Odoribacteraceae;g__Odoribacter;s__Odoribacter_laneus	k__Bacteria;p__Firmicutes;c__Clostridia;o__Clostridiales;f__Ruminococcaceae;g__Ruminiclostridium;s__[Clostridium]_leptum	k__Bacteria;p__Bacteroidetes;c__Bacteroidia;o__Bacteroidales;f__Porphyromonadaceae;g__Parabacteroides;s__Parabacteroides_goldsteinii	k__Bacteria;p__Firmicutes;c__Clostridia;o__Clostridiales;f__Lachnospiraceae;g__Anaerostipes;s__Anaerostipes_hadrus	k__Bacteria;p__Firmicutes;c__Clostridia;o__Clostridiales;f__Ruminococcaceae;g__Ruminococcus;s__Ruminococcus_lactaris	k__Bacteria;p__Firmicutes;c__Clostridia;o__Clostridiales;f__Clostridiaceae;g__Clostridium;s__Clostridium_sp._L2-50	k__Bacteria;p__Firmicutes;c__Clostridia;o__Clostridiales;f__Clostridiaceae;g__Clostridium;s__Clostridium_sp._M62/1	k__Bacteria;p__Firmicutes;c__Clostridia;o__Clostridiales;f__;g__Intestinimonas;s__Intestinimonas_butyriciproducens	k__Bacteria;p__Actinobacteria;c__Actinobacteria;o__Bifidobacteriales;f__Bifidobacteriaceae;g__Bifidobacterium;s__Bifidobacterium_bifidum	k__Bacteria;p__Firmicutes;c__Negativicutes;o__Veillonellales;f__Veillonellaceae;g__Dialister;s__Dialister_invisus	k__Bacteria;p__Bacteroidetes;c__Bacteroidia;o__Bacteroidales;f__Bacteroidaceae;g__Bacteroides;s__Bacteroides_salanitronis
k__Bacteria;p__Bacteroidetes;c__Bacteroidia;o__Bacteroidales;f__Bacteroidaceae;g__Bacteroides;s__Bacteroides_vulgatus	1.0	0.0145261132018	0.0131034500593	-0.0472980105224	0.0296705250012	0.00781634806988	-0.018351417701	-0.028491819646	-0.00514699538523	-0.00913916931128	-0.014064564915	0.0349840522604	-0.030209094869	-0.00398644946536	0.0165901993169	0.0239545619454	0.0267995030242	-0.0033955882481	0.00954764474956	-0.0750377382912	-0.0180106086126	-0.0155496281272	-0.0554543418779	-0.0150967432087	-0.0338701942843	0.00202705889123	0.0213541568514	-0.0652544595199	-0.00362144668482	-0.0216437782776	-0.0407769256669	-0.00437357861828	-0.0653691003083	0.0128080935048	0.00619654481042	0.0149438422567	0.0090818767763	0.026299591465	0.0838215328146	0.0365637174609	0.0153925623791	0.0329780008098	-0.0373255484386	0.0329507525494	-0.0276037305721	-0.0500553224909	-0.0453606606856	0.0351856751438	-0.0594872127412	0.0472638951719	-0.00273857703427	0.0397308493275	0.0156740796901	0.022506882052	-0.0301318271469	-0.0257088814047	0.0171717596885	0.0731018680593	0.0115354942463
k__Bacteria;p__Bacteroidetes;c__Bacteroidia;o__Bacteroidales;f__Bacteroidaceae;g__Bacteroides;s__Bacteroides_uniformis	0.0145261132018	1.0	-0.00837349034804	0.0349161582962	-0.0182273034208	0.0224691937277	0.00474156879498	-0.0543161000881	-0.0818964888553	-0.0511342637276	-0.0168195246403	-0.0210248441398	0.0019462583605	0.00339061075246	-0.0630837892776	0.0184707199723	0.00552076425656	0.0278461347157	0.00946601228247	0.0221524384099	0.0314216191297	-0.0231990797257	0.00260497686293	-0.0271694464445	0.0282753557246	-0.00820389886748	-0.00874243670305	0.0194214625451	-0.015470398684	-0.0074180566062	0.0295802158363	-0.0817401480065	-0.0531182228989	-0.028488947405	0.00584994811452	0.0524939217253	-0.0812947737758	-0.00974904059645	0.0231936182794	-0.0142880080726	-0.0281850407722	-0.0103500043628	-0.0390830350716	-0.0106256001975	-0.0386255661376	0.0390119247464	0.0289083568369	0.00571506466732	-0.00544770317799	-0.00472875895754	-0.0230550709122	0.0247563569517	0.0140430837957	0.0282236821161	0.0246064937516	0.0298387644085	-0.0476777687287	0.0117108548336	0.029417292427
k__Bacteria;p__Bacteroidetes;c__Bacteroidia;o__Bacteroidales;f__Rikenellaceae;g__Alistipes;s__Alistipes_putredinis	0.0131034500593	-0.00837349034804	1.0	0.0488332910619	-0.0324067316799	-0.00135754495657	-0.0168201068232	0.0295292698393	-0.0516697764422	-0.01569920748	-0.0268186317077	0.0403859896504	-0.00779649084773	-0.0453290621683	0.0348435540439	0.0036084097775	-0.0390320589124	-0.0157788611936	0.00769741680272	0.00538459586009	-0.0634365264254	-0.0162299524849	0.0227057439059	0.0191852688219	0.0182037580272	-0.0451431479501	-0.00645765079562	-0.0102110849392	-0.0398705335067	-0.0247671297973	0.0187847477147	-0.00395890989009	-0.0286405390587	0.0128842186205	-0.036768732028	0.0248698742349	0.00436845602808	-0.036825733577	-0.053437112142	-0.0173431348758	-0.0266556873076	-0.00175429994395	0.0150622973115	-0.0586772221135	0.0537739535879	0.0265605680669	0.0116214367133	0.00926571665944	-0.0028124652745	0.0459072989036	-0.02999240785	-0.00528699545249	-0.0377549457834	0.0040181836473	0.0370859926942	-0.0179557323672	-0.00801222937366	0.00679315330215	0.0342029395814
k__Bacteria;p__Bacteroidetes;c__Bacteroidia;o__Bacteroidales;f__Prevotellaceae;g__Prevotella;s__Prevotella_copri	-0.0472980105224	0.0349161582962	0.0488332910619	1.0	-0.0662531719556	0.00167258933504	-0.0490951939172	-0.0714207937277	-0.0438271988049	-0.0892134163038	0.0217293615614	-0.0337769574375	-0.000853921517158	0.0404285929452	0.0038934145302	0.0570062146959	-0.0217497479566	1.51527471695e-05	-0.00684982946975	-0.0126372237494	-0.0343259874878	-0.00479815480651	-0.0473080571259	0.035648451784	0.0544040965151	-0.000267349346626	0.024930878861	0.0460164343716	-0.0220757026521	0.0298011982707	-0.000205608754341	0.00919830681678	-0.0449561340818	-0.0128662503699	0.00614255842163	-0.012282486095	0.0213436361132	-0.0117829098276	-0.0113924960597	-0.0264686888071	-0.0283734485472	-0.0553113133891	0.0421091754865	-0.0680746116619	-0.0472936808773	-0.0691403195409	0.00398743294979	-0.0458113142953	0.00856773184803	-0.0242042509	-0.031113215806	0.0119889168025	-0.0178101717545	0.0183494848714	0.0393627309201	-0.0204632197643	0.0116360113549	-0.0106886178638	0.0202009640648
k__Bacteria;p__Bacteroidetes;c__Bacteroidia;o__Bacteroidales;f__Bacteroidaceae;g__Bacteroides;s__Bacteroides_stercoris	0.0296705250012	-0.0182273034208	-0.0324067316799	-0.0662531719556	1.0	-0.0423363160585	0.00130291546019	-0.0434810496769	-0.0901947369803	0.0403616213933	-0.0386312393345	0.00872941654649	-0.0107452014952	-0.00325418249572	-0.0387644149142	0.0494713676183	0.011818507039	0.0144386823952	0.0133663123133	0.0566230126271	0.00663086102587	-0.0179574845601	0.0237295106373	0.0249464256354	-0.0111592128712	0.0232137627873	-0.00480488861715	0.028655551528	-0.0436292900891	-0.0219456684126	-0.029273802796	0.0671419050952	0.0139970761339	0.0585238792136	0.0455855703133	-0.0087308315597	-0.0117127884735	0.0353378399865	0.031398973128	0.028934358306	-0.0417249491888	0.000461936866593	-0.0171498156788	-0.0136410797577	-0.0608824169287	0.0581098560963	-0.0460941716843	-0.0227443427838	-0.00817762971366	-0.0253755291916	0.053764147884	0.0275958294824	-0.0434782641436	-0.0343160120407	-0.00377830208416	-0.00761303436306	-0.0106256697626	-0.0565158540524	-0.012755355094
k__Bacteria;p__Bacteroidetes;c__Bacteroidia;o__Bacteroidales;f__Bacteroidaceae;g__Bacteroides;s__Bacteroides_ovatus	0.00781634806988	0.0224691937277	-0.00135754495657	0.00167258933504	-0.0423363160585	1.0	-0.0549651164893	0.0121693106858	-0.0451535297459	-0.0023549656794	-0.0383425416741	-0.0455137086481	-0.0203054153797	0.0422647332747	-0.0666759749294	-0.0544883789582	-0.00612160891333	0.0110511646642	0.0344225779679	-0.00547137836134	0.0916812720374	-0.00511824374499	-0.0542388313836	-0.0568044771845	-0.0248356024618	-0.00169873390647	0.0649145261015	-0.0508017705163	0.0211266141084	-0.0297467675441	-0.0305539824588	0.0287333849694	-0.0176662035057	-0.006300104638	-0.0478714122157	-0.0162151141815	-0.0301876061893	0.011250297285	0.0496850745476	-0.00925711726381	-0.0570802592045	0.051087936997	-0.0177284657137	0.0566203168636	-0.0534663001301	-0.0170578842324	0.0132385640818	0.0917144196381	0.0183590330002	0.0323615384096	-0.0273064590855	-0.001574634432	-0.0482986585146	-0.0109894870107	-0.0166155598748	-0.00969971735859	-0.0221659688796	-0.0151978058494	-0.00734695216447
k__Bacteria;p__Bacteroidetes;c__Bacteroidia;o__Bacteroidales;f__Rikenellaceae;g__Alistipes;s__Alistipes_shahii	-0.018351417701	0.00474156879498	-0.0168201068232	-0.0490951939172	0.00130291546019	-0.0549651164893	1.0	0.0100810307698	0.0212745314316	0.04188737902	-0.0144406355968	-0.00874639957312	0.0074004995375	-0.0647582936668	-0.0310447135664	0.017836679563	-0.0429717213795	0.0106727376421	-0.0349216037572	0.0300742589005	0.00184106161881	0.0499355191699	0.025388311537	-0.030157073571	0.0317461275197	-0.00910650984763	-0.00128252230408	0.00177261527243	0.0109279944149	0.000736332812666	0.0421522536015	-0.0197588501186	0.0443168965299	0.00769321218931	-0.000617510425311	-0.00175063720277	0.0311236908822	0.0476921351247	-0.0156793912817	-0.0482527972473	-0.0200208938946	-0.0123900914575	0.0574087791531	0.0331459221524	-0.0255838574828	-0.0299709352389	-0.0501966844152	0.00259208257723	0.00155206661138	-0.00488870435852	-0.0644508230996	-0.00500298965989	-0.00173055568056	-0.00857064532413	-0.0122492619271	-0.0406449707918	-0.0296969608229	0.00683958625798	-0.0224846430121
k__Bacteria;p__Firmicutes;c__Clostridia;o__Clostridiales;f__Ruminococcaceae;g__Faecalibacterium;s__Faecalibacterium_prausnitzii	-0.028491819646	-0.0543161000881	0.0295292698393	-0.0714207937277	-0.0434810496769	0.0121693106858	0.0100810307698	1.0	-0.0408254533561	0.0501098665468	0.0281728271185	-0.0458393762849	-0.0212347598382	-0.00810264341685	0.00225148705727	-0.037709756663	-0.0236282263439	0.0119839479273	-0.00777063656316	-0.0282741119655	-0.0358172856425	-0.00014472622264	-0.0141203570606	-0.0493573198608	-0.0558637825208	-0.0198494326848	-0.00200250389285	0.0136364340048	-0.0548914179278	-0.00676614487442	-0.0519954732078	-0.0326811671022	0.014611390155	-0.0230250693981	0.0483035293161	0.0133524995691	-0.0343769527338	0.0312874575317	-0.0128750398785	0.0235865039623	-0.0579909082737	0.0391867014013	0.0100960341121	-0.0261061035866	-0.0314741446302	0.00768452595294	0.00908009395967	-0.00489895072069	0.0317172140354	-0.00237932424415	-0.00127968995514	-0.0519696189686	-0.0557924303811	-0.0286916364592	0.0125757117115	-0.0262594232122	-0.014483803123	0.0765081298761	0.0184348821057
k__Bacteria;p__Bacteroidetes;c__Bacteroidia;o__Bacteroidales;f__Rikenellaceae;g__Alistipes;s__Alistipes_finegoldii	-0.00514699538523	-0.0818964888553	-0.0516697764422	-0.0438271988049	-0.0901947369803	-0.0451535297459	0.0212745314316	-0.0408254533561	1.0	-0.0549294538368	-0.0303002472323	-0.0568619080253	-0.000224846316994	-0.0419461391207	-0.0098833313112	0.0404158531597	0.000638165166493	0.0101638658433	0.0539119225803	0.0173482043782	-0.0544822873044	-0.0704971572578	-0.087282191184	-0.00669459710246	-0.0364230170591	-0.0648180782927	-0.0413483874835	-0.000220122767545	-0.000738260598568	0.00179173482054	-0.000601251021081	-0.0157122603329	-0.0280867392809	0.00643632676383	0.0223481743076	0.0406178067903	-0.0146548699704	0.0781450022211	0.0508055562831	-0.0166845416077	-0.00695302132274	0.0572202428196	0.0249180612309	0.0384663341392	0.035811776525	-0.00772076134384	0.00201386836622	-0.00568460486174	0.000482188875801	0.000167090126558	-0.00432615154859	-0.0138059875219	-0.0065171178137	0.0515444956666	0.000914662113086	-0.00457630060972	0.00910518566247	-0.0324961567119	-0.0641552123965
k__Bacteria;p__Bacteroidetes;c__Bacteroidia;o__Bacteroidales;f__Porphyromonadaceae;g__Parabacteroides;s__Parabacteroides_distasonis	-0.00913916931128	-0.0511342637276	-0.01569920748	-0.0892134163038	0.0403616213933	-0.0023549656794	0.04188737902	0.0501098665468	-0.0549294538368	1.0	-0.0371469539504	0.0212495329423	-0.0409141144046	-0.0205111769641	-0.00811510689632	-0.0350899723316	0.0348243854575	-0.00855780121053	0.0468539700354	-0.0353530415235	-0.0516199332721	0.035004105437	0.0193933389438	-0.0798845188459	0.111030656154	0.0430996015757	-0.0204287884618	-0.0308244381665	-0.0298726949192	-0.0338506872476	-0.0228563726696	-0.00926094544804	0.0414834502935	-0.00312264931719	-0.0259236576692	-0.0442131122954	0.0200071032497	-0.0456183053884	-0.0271705285511	0.0261668080955	0.0190353170923	-0.0101097833715	0.0319862706097	-0.00290137251544	-0.0425192095687	0.0172515860715	-0.0397688977116	0.0109815175134	-0.026237733235	0.00554032138004	-0.0127857344984	0.0153210874011	0.0481856801868	-0.0372536093033	0.00907315546683	0.0471661206849	0.0413403357802	0.00788814288089	-0.0218127317523
k__Bacteria;p__Bacteroidetes;c__Bacteroidia;o__Bacteroidales;f__Bacteroidaceae;g__Bacteroides;s__Bacteroides_thetaiotaomicron	-0.014064564915	-0.0168195246403	-0.0268186317077	0.0217293615614	-0.0386312393345	-0.0383425416741	-0.0144406355968	0.0281728271185	-0.0303002472323	-0.0371469539504	1.0	-0.00908398285404	-0.0354156499963	0.00264166242326	0.0240321302967	0.0609106688715	0.0303896802431	-0.0231166025961	0.0350932755252	-0.0400983132478	-0.0514136523857	-0.0524833329447	-0.00995494829578	-0.0457309555352	-0.0230010007789	1.87154456218e-05	-0.0209023764916	0.0747269773235	-0.053852002024	0.0236613910305	0.0169404782201	-0.00335419577175	-0.0393378901859	0.0388713395581	0.0127115573965	-0.0139299668653	0.0120313511071	-0.0184549786579	0.000610265388865	-0.0274575753933	-0.017811321013	0.00236678151304	-0.0623563082888	0.0331793869395	-0.000138960038829	0.007911335731	-0.0323009349381	0.0284305075703	-0.0341272106882	-0.023982666037	0.00604985412936	0.0198186175724	-0.0256462794279	0.00659696450527	-0.0288277943668	-0.0496029763441	0.0522400315454	-0.0619111007011	0.00873875674661
k__Bacteria;p__Bacteroidetes;c__Bacteroidia;o__Bacteroidales;f__Bacteroidaceae;g__Bacteroides;s__Bacteroides_coprocola	0.0349840522604	-0.0210248441398	0.0403859896504	-0.0337769574375	0.00872941654649	-0.0455137086481	-0.00874639957312	-0.0458393762849	-0.0568619080253	0.0212495329423	-0.00908398285404	1.0	-0.0196067319326	-0.017724641925	0.0490117250603	0.0206572635166	-0.00104263675915	-0.00882295509024	-0.0242930712293	-0.0544051332852	-0.00860539262075	0.0248979159868	0.0181093712621	0.0430139875246	-0.0174262152093	0.00447656625245	-0.0302528519225	0.00234659235235	0.0212295169798	-0.0280423701469	-0.0576234762054	0.00411407802678	0.0476585983369	0.00845292170943	-0.0249630135483	-0.0156744024311	-0.0308375021806	-0.0148836496164	-0.0256852854045	0.00316952923457	0.0263863484267	-0.0498721686755	-0.0481335192988	0.0492798767046	-0.0441852745574	0.0307505204216	-0.0171350241595	-0.0576141066441	-0.00891996263969	0.0516929960482	0.00161892471189	0.0346222313612	-0.00560316070379	0.000304146767176	-0.0164123662331	-0.0462668031279	-0.0213405301116	-0.0420895085139	-0.0264024452765
k__Bacteria;p__Bacteroidetes;c__Bacteroidia;o__Bacteroidales;f__Bacteroidaceae;g__Bacteroides;s__Bacteroides_cellulosilyticus	-0.030209094869	0.0019462583605	-0.00779649084773	-0.000853921517158	-0.0107452014952	-0.0203054153797	0.0074004995375	-0.0212347598382	-0.000224846316994	-0.0409141144046	-0.0354156499963	-0.0196067319326	1.0	-0.0505980176917	0.018226591457	-0.00252251835878	0.0383733968428	0.0446036830443	-0.0176506953605	-0.0331437552847	-0.0104144858594	-0.000904367590085	0.095774460345	0.000130063458969	-0.00423321987962	-0.0113998301342	-0.0380186735665	0.0312758135737	-0.07060181304	-8.24531399819e-05	-0.00397352955688	0.0370550266539	-6.26266227585e-05	0.0234986370825	0.0356109525877	-0.0567497049164	-0.00762694951046	-0.0152405253859	-0.00143580174233	-0.0580769688078	-0.0216825864862	-0.00679803331947	0.0417390147178	0.0156219498062	0.0288908991691	-0.0248054222155	0.0324394252534	0.00954384284804	-0.012298310886	-0.00306730682375	-0.022419685064	0.0110295525007	-0.0191526878756	-0.033685625384	0.00250362623591	-0.00745150286201	-0.0565198023815	0.00716048052322	0.058304552737
k__Bacteria;p__Bacteroidetes;c__Bacteroidia;o__Bacteroidales;f__Rikenellaceae;g__Alistipes;s__Alistipes_obesi	-0.00398644946536	0.00339061075246	-0.0453290621683	0.0404285929452	-0.00325418249572	0.0422647332747	-0.0647582936668	-0.00810264341685	-0.0419461391207	-0.0205111769641	0.00264166242326	-0.017724641925	-0.0505980176917	1.0	-0.051164476752	-0.0683011591903	0.00308694381748	-0.0194520083037	-0.0189115220608	-0.0155659048532	-0.0689870544152	0.0484520390153	-0.0188531774167	0.0367614458195	-0.0175265178557	0.0484254490776	-0.00427952098365	0.0208549445474	-0.01889423886	-0.0429476014574	-0.0624455315857	-0.0637959421766	-0.0185150477391	-0.0607556273931	0.0339617158191	0.0414558193342	-0.019201983599	-0.034085903763	-0.0323465299648	0.0261795948029	-0.065732566445	0.000211784077216	0.00238738474145	0.0414958689434	0.0175586315128	-0.00756483087869	0.00714986889833	0.0308759862325	-0.00135331176943	-0.0480159901507	0.00282396170163	-0.0489319264956	-0.0139317052891	-0.0446729414024	0.00689255133038	-0.0111221283171	-0.0590161882892	0.00692994907084	0.00194335662019
k__Bacteria;p__Firmicutes;c__Clostridia;o__Clostridiales;f__Lachnospiraceae;g__;s__[Eubacterium]_rectale	0.0165901993169	-0.0630837892776	0.0348435540439	0.0038934145302	-0.0387644149142	-0.0666759749294	-0.0310447135664	0.00225148705727	-0.0098833313112	-0.00811510689632	0.0240321302967	0.0490117250603	0.018226591457	-0.051164476752	1.0	-0.0132168077255	-0.0365333330982	-0.000694539165519	-0.0424984152801	0.0320421761231	0.0794460377962	0.0410963367613	-0.019645534136	-0.0697023205438	0.0104853829664	-0.0209535836924	-0.0224564473334	-0.0315453211477	0.00820602931055	-0.0233555799408	0.0445362933001	0.00855239085033	0.0140601505775	0.0225263636548	-0.00738165696248	0.00428031014219	-0.0176174777018	-0.00192175790704	-0.033254337886	0.00534009521278	-0.0482306546377	-0.0200123518391	-0.0238184702381	-0.0086578251332	0.0331873362062	-0.0318272987974	0.0069852561403	-0.00271581582691	0.0191241592479	-0.0465537137288	0.0190754346158	-0.055362727611	-0.00702352951575	0.00250903899995	0.00898658669007	0.00926395794916	0.019920046187	-0.0367801350312	0.00337335143741
k__Bacteria;p__Bacteroidetes;c__Bacteroidia;o__Bacteroidales;f__Bacteroidaceae;g__Bacteroides;s__Bacteroides_plebeius	0.0239545619454	0.0184707199723	0.0036084097775	0.0570062146959	0.0494713676183	-0.0544883789582	0.017836679563	-0.037709756663	0.0404158531597	-0.0350899723316	0.0609106688715	0.0206572635166	-0.00252251835878	-0.0683011591903	-0.0132168077255	1.0	-0.022266669859	0.0183185128154	-0.0161065491577	-0.0204736775733	0.0454786096248	-0.0375662392664	0.0115177675491	-0.0226507895418	-0.0379287660018	-0.0297904496922	-0.00322502304009	0.0230394036874	0.00999971703086	-0.0866034662493	-0.0283716512577	0.0688031683563	-0.0133761029437	0.00172487078173	0.0679474309298	-0.0660736716259	0.0564782624939	-0.0248259395455	0.0710563161586	0.0050625707445	-0.016083383236	-0.00899997368191	0.0137126149575	-0.018671363462	-0.0363093387194	-0.0236635522297	-0.0422415808141	0.0155001001349	-0.0533270471852	-0.00929204706475	-0.107782482477	-0.00845548962879	-0.0437072485886	-0.014830859034	-0.0711063421797	-0.0173865115772	-0.0640956794902	-0.00694260929154	-0.0403049352095
k__Bacteria;p__Bacteroidetes;c__Bacteroidia;o__Bacteroidales;f__Bacteroidaceae;g__Bacteroides;s__Bacteroides_fragilis	0.0267995030242	0.00552076425656	-0.0390320589124	-0.0217497479566	0.011818507039	-0.00612160891333	-0.0429717213795	-0.0236282263439	0.000638165166493	0.0348243854575	0.0303896802431	-0.00104263675915	0.0383733968428	0.00308694381748	-0.0365333330982	-0.022266669859	1.0	0.0540790951663	-0.0369934708923	-0.0414491744338	-0.0728254838073	0.0687836482456	-0.0490821883974	-0.0474367526767	-0.0168807340757	0.0431872544902	0.0111842380736	-0.0230468419717	-0.0606254150192	0.0107879518922	-0.0621659916194	0.00571422245012	-0.0589448783872	0.0368181806053	-0.0846140159315	0.00254575838992	-0.00984939522263	0.0325739345839	-0.0111364784302	0.078639229248	0.0485469721413	-0.0296394267915	-0.0456649243798	-0.0785876369926	-0.0514741675692	-0.0390729825165	0.0314246104545	0.00996341944125	-0.0228110709862	-0.0112868700987	-0.0342766873532	-0.0372974900901	0.0569441204274	-0.05100335871	-0.0334560287076	0.0271952543696	0.00227045614739	0.0473548289859	-0.0421613102375
k__Bacteria;p__Proteobacteria;c__Betaproteobacteria;o__Burkholderiales;f__Sutterellaceae;g__Sutterella;s__Sutterella_wadsworthensis	-0.0033955882481	0.0278461347157	-0.0157788611936	1.51527471695e-05	0.0144386823952	0.0110511646642	0.0106727376421	0.0119839479273	0.0101638658433	-0.00855780121053	-0.0231166025961	-0.00882295509024	0.0446036830443	-0.0194520083037	-0.000694539165519	0.0183185128154	0.0540790951663	1.0	-0.0266478087783	0.00468876546056	0.0811568684847	-0.0691649378777	-0.00552202915272	-0.0676335317701	-0.0755082760501	2.40112678079e-05	-0.00661658911908	-0.0065268539492	0.072832626002	0.00869092415748	-0.040933325758	-0.074902030092	-0.0437782312352	-0.0206681743585	-0.0169505807083	0.0678198066978	0.00396382970106	0.00412143883032	-7.67473781662e-05	0.0279928412512	-0.0402792022444	0.050028821959	-0.0195123803464	-0.0326384576417	-0.0158829725343	0.0577280754444	0.000877451776699	-0.0237378339677	-0.0363521541553	0.0869299398309	-0.03390876399	-0.0108063881032	-0.0895826725709	-0.0492117804305	0.0197484709898	-0.0427636252185	0.0319165674792	0.032937875307	-0.0629755580586
k__Bacteria;p__Bacteroidetes;c__Bacteroidia;o__Bacteroidales;f__Porphyromonadaceae;g__Barnesiella;s__Barnesiella_intestinihominis	0.00954764474957	0.00946601228247	0.00769741680272	-0.00684982946975	0.0133663123133	0.0344225779679	-0.0349216037572	-0.00777063656316	0.0539119225803	0.0468539700354	0.0350932755252	-0.0242930712293	-0.0176506953605	-0.0189115220608	-0.0424984152801	-0.0161065491577	-0.0369934708923	-0.0266478087783	1.0	-0.0656070205675	-0.0146979672152	-0.027818721039	-0.0386512389335	0.00888902914394	-0.00167687266862	-0.0204331603765	0.0221334542165	-0.00851734221988	0.0397600000591	0.0339695687695	0.00647543049173	-0.0518300059011	0.0260323815506	0.013829535129	0.0601044640189	-0.0494904730543	-0.0579098436844	0.0133868365192	0.0305418052948	-0.0158147902606	-0.00644363487684	0.00152744450364	0.0199280864568	-0.0337751877161	-0.0442725354852	-0.0147398491661	-0.0222664276958	0.00197448930113	-0.0865608637902	-0.0238275710648	0.0175005640506	-0.0168198750646	-0.0800470653507	-0.0194174417311	0.0239972990976	-0.00859368632651	-0.00399248740593	0.011890184801	0.0122045928826
k__Bacteria;p__Bacteroidetes;c__Bacteroidia;o__Bacteroidales;f__Odoribacteraceae;g__Odoribacter;s__Odoribacter_splanchnicus	-0.0750377382912	0.0221524384099	0.00538459586009	-0.0126372237494	0.0566230126271	-0.00547137836134	0.0300742589005	-0.0282741119655	0.0173482043782	-0.0353530415235	-0.0400983132478	-0.0544051332852	-0.0331437552847	-0.0155659048532	0.0320421761231	-0.0204736775733	-0.0414491744338	0.00468876546056	-0.0656070205675	1.0	-0.0307958937785	-0.0132326199674	0.000380233500042	0.0264524270253	-0.00882711873293	0.00503098912867	0.054512570462	-0.0279517989145	-6.90655825292e-05	-0.0592321672302	-0.0185506708602	0.0293650857712	-0.0234679879529	-0.0107941441087	-0.0359039896905	0.00411049590189	-0.0056619258051	-0.0288346219612	0.0409773804472	-0.0257214012896	-0.0308080490451	-0.0947177088146	0.00923829572207	0.0502342908996	0.013879859466	0.0729148692886	0.0299485535671	-0.01519275828	-0.0297121072693	-0.0450991501602	-0.0532489179157	0.0569663052893	-0.0283914089913	-0.00890462195984	-0.0254135453509	-0.0506986128467	0.0346984886691	0.00251651716741	0.0182455180778
k__Bacteria;p__Bacteroidetes;c__Bacteroidia;o__Bacteroidales;f__Bacteroidaceae;g__Bacteroides;s__Bacteroides_salyersiae	-0.0180106086126	0.0314216191297	-0.0634365264254	-0.0343259874878	0.00663086102587	0.0916812720374	0.00184106161881	-0.0358172856425	-0.0544822873044	-0.0516199332721	-0.0514136523857	-0.00860539262075	-0.0104144858594	-0.0689870544152	0.0794460377962	0.0454786096248	-0.0728254838073	0.0811568684847	-0.0146979672152	-0.0307958937785	1.0	-0.00517143281534	-0.0206561173265	-0.047700886923	-0.0615429677976	-0.0363473091567	0.0253886235322	0.0425123795887	-0.0142940592642	-0.0557738796587	0.00684122868611	0.0437536248775	-0.0214056190302	0.0164717109349	0.0161796711498	0.035258581364	-0.0494482929584	-0.0675624398895	-0.00862262624405	-0.0324456505685	-0.0557429442716	0.00512987732978	-0.0323579638615	0.00171272813935	-0.0099775400741	-0.0240989644102	-0.00382388698271	0.0226726838151	-0.011021624351	-0.0741694645338	0.00267773642035	0.00532547150532	-0.0287364846079	-0.0215016520132	0.0314055079837	0.00406617923571	-0.00967993997447	0.00753487147114	-0.0105880277995
k__Bacteria;p__Firmicutes;c__Clostridia;o__Clostridiales;f__Ruminococcaceae;g__Ruminiclostridium;s__[Eubacterium]_siraeum	-0.0155496281272	-0.0231990797257	-0.0162299524849	-0.00479815480651	-0.0179574845601	-0.00511824374499	0.0499355191699	-0.00014472622264	-0.0704971572578	0.035004105437	-0.0524833329447	0.0248979159868	-0.000904367590086	0.0484520390153	0.0410963367613	-0.0375662392664	0.0687836482456	-0.0691649378777	-0.027818721039	-0.0132326199674	-0.00517143281534	1.0	0.015758338382	-0.00133918042981	0.0404043201912	-0.0102431013616	-0.0485757211664	-0.0622176483836	-0.00842185818629	0.0294582382835	-0.00981601688843	0.0187078732028	-0.0232100566168	0.0190717785914	-0.00148633949972	0.0251925695824	0.0215056828993	0.0383512842322	0.0194647951273	0.0995804590011	0.0053370399953	-0.014068216729	-0.0424895060685	-0.0100179414647	0.00863740784016	-0.042005897701	0.00886129519885	-0.0182347737747	0.0421013018728	0.0219400372366	-0.0848912433244	-0.0696521117851	-0.0383514652165	-0.0373197128141	-0.0353082034968	0.00777201547371	-0.0208018009587	-0.0376011079788	-0.0110233783564
k__Bacteria;p__Proteobacteria;c__Betaproteobacteria;o__Burkholderiales;f__Sutterellaceae;g__Parasutterella;s__Parasutterella_excrementihominis	-0.0554543418779	0.00260497686293	0.0227057439059	-0.0473080571259	0.0237295106373	-0.0542388313836	0.025388311537	-0.0141203570606	-0.087282191184	0.0193933389438	-0.00995494829578	0.0181093712621	0.095774460345	-0.0188531774167	-0.019645534136	0.0115177675491	-0.0490821883974	-0.00552202915272	-0.0386512389335	0.000380233500042	-0.0206561173265	0.015758338382	1.0	0.0328738508085	0.0228049023268	0.0355064454776	0.00046726760233	-0.058482329011	0.0356248371304	-0.0284615456417	0.0144893791649	-0.0297845690756	0.0101468002678	-0.0273444518174	0.0225161811897	-0.0467892700165	0.00294935006833	0.0180064697757	-0.0363658375524	-0.0740400171998	-0.0217777737329	0.0385864538857	-0.00253486487148	-0.00853060545685	0.0427838987034	-0.0118407155728	0.0187432281706	-0.00724736454101	0.0134682172085	-0.00371028426467	0.0402849223785	-0.018079953959	0.0117560691876	0.033221669335	-0.014323828177	0.0105777323584	0.0243593708089	-0.00261262642869	-0.046008905656
k__Bacteria;p__Actinobacteria;c__Actinobacteria;o__Bifidobacteriales;f__Bifidobacteriaceae;g__Bifidobacterium;s__Bifidobacterium_adolescentis	-0.0150967432087	-0.0271694464445	0.0191852688219	0.035648451784	0.0249464256354	-0.0568044771845	-0.030157073571	-0.0493573198608	-0.00669459710246	-0.0798845188459	-0.0457309555352	0.0430139875246	0.000130063458969	0.0367614458195	-0.0697023205438	-0.0226507895418	-0.0474367526767	-0.0676335317701	0.00888902914394	0.0264524270253	-0.047700886923	-0.00133918042981	0.0328738508085	1.0	0.0339748198408	0.0487344584608	0.00730361648989	0.0627406574679	-0.0229775660893	0.00731419369449	-0.0607164672637	-0.000766825278386	-0.0486769184415	0.0344544362484	0.00967816528149	-0.0263568063599	-0.040818233003	0.00782933084904	0.00243707790031	-0.0111730639018	-0.0520788076165	0.000410400432789	0.0163599384004	0.0507620444778	-0.000881337747658	0.0643463905396	-0.0133921719948	-0.031901290746	0.0397785076752	0.000887180499463	-0.0401614308948	-0.00452906749815	-0.00371419690324	0.00325784742746	-0.0318279962312	0.0365007930094	-0.00485633295112	-0.0550004288065	-0.0313206699826
k__Bacteria;p__Firmicutes;c__Clostridia;o__Clostridiales;f__Oscillospiraceae;g__Oscillibacter;s__Oscillibacter_sp._KLE_1745	-0.0338701942843	0.0282753557246	0.0182037580272	0.0544040965151	-0.0111592128712	-0.0248356024618	0.0317461275197	-0.0558637825208	-0.0364230170591	0.111030656154	-0.0230010007789	-0.0174262152093	-0.00423321987962	-0.0175265178557	0.0104853829664	-0.0379287660018	-0.0168807340757	-0.0755082760501	-0.00167687266862	-0.00882711873293	-0.0615429677976	0.0404043201912	0.0228049023268	0.0339748198408	1.0	-0.0217987398239	-0.0382628946928	-0.00802459613539	-0.107601254161	-0.0433504454189	0.0185398036207	-0.0184624585333	0.0121286242776	-0.00306799390635	-0.0342019190977	-0.0185076433204	-0.0318446531233	-0.0251056922671	-0.0480211878623	-0.0196046358573	-0.0738578577873	-0.0175859077014	-0.00888394598803	-0.00240542466251	-0.0301908260531	-0.0638535890591	0.0256941561522	0.00922428866778	0.00105095923861	-0.0107669458111	-0.0101099514213	-0.0240377528174	0.0859508088117	-0.00506702287696	-0.00215773437414	-0.0413410158119	0.0362232588086	0.0360408127704	-0.0232571783154
k__Bacteria;p__Bacteroidetes;c__Bacteroidia;o__Bacteroidales;f__Bacteroidaceae;g__Bacteroides;s__Bacteroides_coprophilus	0.00202705889123	-0.00820389886748	-0.0451431479501	-0.000267349346626	0.0232137627873	-0.00169873390647	-0.00910650984763	-0.0198494326848	-0.0648180782927	0.0430996015757	1.87154456218e-05	0.00447656625245	-0.0113998301342	0.0484254490776	-0.0209535836924	-0.0297904496922	0.0431872544902	2.40112678078e-05	-0.0204331603765	0.00503098912867	-0.0363473091567	-0.0102431013616	0.0355064454776	0.0487344584608	-0.0217987398239	1.0	0.0868553743549	-0.0467503076902	0.0441466905333	0.0213210612216	-0.000296405559273	-0.00182548931585	-0.0362453802612	-0.0220593082665	-0.0263017953611	-0.000344272658441	0.0143068849735	-0.0438736713885	-0.0910322016727	0.0304866123335	0.00533793256158	-0.0515403164194	0.0259064166693	0.0259757321478	-0.0246205402504	-0.0319060231736	-0.0503942550305	0.0090140542176	-0.00525334970204	0.00749924594509	0.0128659492002	0.0115521486127	-0.0185072561033	-0.0331705399318	0.0344397376772	0.0605998746507	-0.0405474947559	-0.0895436885198	-0.00113087521405
k__Bacteria;p__Firmicutes;c__Clostridia;o__Clostridiales;f__Lachnospiraceae;g__Roseburia;s__Roseburia_intestinalis	0.0213541568514	-0.00874243670305	-0.00645765079562	0.024930878861	-0.00480488861715	0.0649145261015	-0.00128252230408	-0.00200250389285	-0.0413483874835	-0.0204287884618	-0.0209023764916	-0.0302528519225	-0.0380186735665	-0.00427952098365	-0.0224564473334	-0.00322502304009	0.0111842380736	-0.00661658911908	0.0221334542165	0.054512570462	0.0253886235322	-0.0485757211664	0.00046726760233	0.00730361648989	-0.0382628946928	0.0868553743549	1.0	0.00577112111405	0.0141308020091	-0.0166337909446	0.0109879866561	-0.0500629020876	-0.00704208335869	-0.00975103934478	-0.0508135090316	0.0301749421722	-0.0229954125905	-0.0651283422711	-0.0534299896988	-0.0305286223541	-0.0448456681123	-0.0592681843406	0.0233056843247	0.0225875997499	-0.018556203443	-0.0401760141214	0.00149045166993	0.0201628164922	0.0161600403414	0.0154726524311	-0.0176464443233	0.030270090039	-0.0100509024099	-0.071403247422	-0.12420231597	0.0189821556364	-0.021647062899	-0.00378218265395	-0.0330103975936
k__Bacteria;p__Firmicutes;c__Clostridia;o__Clostridiales;f__Lachnospiraceae;g__Roseburia;s__Roseburia_hominis	-0.0652544595199	0.0194214625451	-0.0102110849392	0.0460164343716	0.028655551528	-0.0508017705163	0.00177261527243	0.0136364340048	-0.000220122767545	-0.0308244381665	0.0747269773235	0.00234659235235	0.0312758135737	0.0208549445474	-0.0315453211477	0.0230394036874	-0.0230468419717	-0.0065268539492	-0.00851734221988	-0.0279517989145	0.0425123795887	-0.0622176483836	-0.058482329011	0.0627406574679	-0.00802459613539	-0.0467503076902	0.00577112111405	1.0	0.00693641085856	-0.0343734563292	-0.0133497265025	0.0368195366836	-0.0439527410645	-0.0183560210856	0.0384264273351	-0.0310221762425	0.0157029100951	0.0282601677216	0.0141779649138	0.0253972450507	0.00283334476412	-0.0256270409712	0.0727743474508	-0.0453626509351	-0.0522314727177	0.043043733897	-0.00395526845136	-0.00958559691787	-0.0198669473776	0.0259661900112	0.0411803870949	-0.0272162394033	0.0580370252363	-0.00376136168299	-0.032748772105	-0.0538838612515	-0.000578612538454	-0.059776329947	-0.0417746020073
k__Bacteria;p__Bacteroidetes;c__Bacteroidia;o__Bacteroidales;f__Porphyromonadaceae;g__Parabacteroides;s__Parabacteroides_johnsonii	-0.00362144668482	-0.015470398684	-0.0398705335067	-0.0220757026521	-0.0436292900891	0.0211266141084	0.0109279944149	-0.0548914179278	-0.000738260598568	-0.0298726949192	-0.053852002024	0.0212295169798	-0.07060181304	-0.01889423886	0.00820602931055	0.00999971703086	-0.0606254150192	0.072832626002	0.0397600000591	-6.90655825293e-05	-0.0142940592642	-0.00842185818629	0.0356248371304	-0.0229775660893	-0.107601254161	0.0441466905333	0.0141308020091	0.00693641085856	1.0	-0.0276489846457	0.0194130717012	-0.0438869687707	-0.0120386054889	-0.00246797737413	0.0180536521736	0.0408250570389	-0.0294347965358	-0.0567102327061	0.0102629402465	-0.00325884925527	0.0443129331899	-0.0256945294081	0.0174011508655	0.0308832076661	0.0351109814896	-0.0702876650467	-0.0202180076286	0.0101904656767	-0.00506387130854	-0.0290136950103	-0.0333784408493	-0.0332264864695	0.00952885541712	-0.0361382845384	0.0646994793637	-0.0201804116076	-0.0454347984224	0.0598560336899	-0.0269278582911
