#taxonomy	k__Bacteria;p__Bacteroidetes;c__Bacteroidia;o__Bacteroidales;f__Bacteroidaceae;g__Bacteroides;s__Bacteroides_vulgatus	k__Bacteria;p__Bacteroidetes;c__Bacteroidia;o__Bacteroidales;f__Bacteroidaceae;g__Bacteroides;s__Bacteroides_uniformis	k__Bacteria;p__Bacteroidetes;c__Bacteroidia;o__Bacteroidales;f__Rikenellaceae;g__Alistipes;s__Alistipes_putredinis	k__Bacteria;p__Bacteroidetes;c__Bacteroidia;o__Bacteroidales;f__Prevotellaceae;g__Prevotella;s__Prevotella_copri	k__Bacteria;p__Bacteroidetes;c__Bacteroidia;o__Bacteroidales;f__Bacteroidaceae;g__Bacteroides;s__Bacteroides_stercoris	k__Bacteria;p__Bacteroidetes;c__Bacteroidia;o__Bacteroidales;f__Bacteroidaceae;g__Bacteroides;s__Bacteroides_ovatus	k__Bacteria;p__Bacteroidetes;c__Bacteroidia;o__Bacteroidales;f__Rikenellaceae;g__Alistipes;s__Alistipes_shahii	k__Bacteria;p__Firmicutes;c__Clostridia;o__Clostridiales;f__Ruminococcaceae;g__Faecalibacterium;s__Faecalibacterium_prausnitzii	k__Bacteria;p__Bacteroidetes;c__Bacteroidia;o__Bacteroidales;f__Rikenellaceae;g__Alistipes;s__Alistipes_finegoldii	k__Bacteria;p__Bacteroidetes;c__Bacteroidia;o__Bacteroidales;f__Porphyromonadaceae;g__Parabacteroides;s__Parabacteroides_distasonis	k__Bacteria;p__Bacteroidetes;c__Bacteroidia;o__Bacteroidales;f__Bacteroidaceae;g__Bacteroides;s__Bacteroides_thetaiotaomicron	k__Bacteria;p__Bacteroidetes;c__Bacteroidia;o__Bacteroidales;f__Bacteroidaceae;g__Bacteroides;s__Bacteroides_coprocola	k__Bacteria;p__Bacteroidetes;c__Bacteroidia;o__Bacteroidales;f__Bacteroidaceae;g__Bacteroides;s__Bacteroides_cellulosilyticus	k__Bacteria;p__Bacteroidetes;c__Bacteroidia;o__Bacteroidales;f__Rikenellaceae;g__Alistipes;s__Alistipes_obesi	k__Bacteria;p__Firmicutes;c__Clostridia;o__Clostridiales;f__Lachnospiraceae;g__;s__[Eubacterium]_rectale	k__Bacteria;p__Bacteroidetes;c__Bacteroidia;o__Bacteroidales;f__Bacteroidaceae;g__Bacteroides;s__Bacteroides_plebeius	k__Bacteria;p__Bacteroidetes;c__Bacteroidia;o__Bacteroidales;f__Bacteroidaceae;g__Bacteroides;s__Bacteroides_fragilis	k__Bacteria;p__Proteobacteria;c__Betaproteobacteria;o__Burkholderiales;f__Sutterellaceae;g__Sutterella;s__Sutterella_wadsworthensis	k__Bacteria;p__Bacteroidetes;c__Bacteroidia;o__Bacteroidales;f__Porphyromonadaceae;g__Barnesiella;s__Barnesiella_intestinihominis	k__Bacteria;p__Bacteroidetes;c__Bacteroidia;o__Bacteroidales;f__Odoribacteraceae;g__Odoribacter;s__Odoribacter_splanchnicus	k__Bacteria;p__Bacteroidetes;c__Bacteroidia;o__Bacteroidales;f__Bacteroidaceae;g__Bacteroides;s__Bacteroides_salyersiae	k__Bacteria;p__Firmicutes;c__Clostridia;o__Clostridiales;f__Ruminococcaceae;g__Ruminiclostridium;s__[Eubacterium]_siraeum	k__Bacteria;p__Proteobacteria;c__Betaproteobacteria;o__Burkholderiales;f__Sutterellaceae;g__Parasutterella;s__Parasutterella_excrementihominis	k__Bacteria;p__Actinobacteria;c__Actinobacteria;o__Bifidobacteriales;f__Bifidobacteriaceae;g__Bifidobacterium;s__Bifidobacterium_adolescentis	k__Bacteria;p__Firmicutes;c__Clostridia;o__Clostridiales;f__Oscillospiraceae;g__Oscillibacter;s__Oscillibacter_sp._KLE_1745	k__Bacteria;p__Bacteroidetes;c__Bacteroidia;o__Bacteroidales;f__Bacteroidaceae;g__Bacteroides;s__Bacteroides_coprophilus	k__Bacteria;p__Firmicutes;c__Clostridia;o__Clostridiales;f__Lachnospiraceae;g__Roseburia;s__Roseburia_intestinalis	k__Bacteria;p__Firmicutes;c__Clostridia;o__Clostridiales;f__Lachnospiraceae;g__Roseburia;s__Roseburia_hominis	k__Bacteria;p__Bacteroidetes;c__Bacteroidia;o__Bacteroidales;f__Porphyromonadaceae;g__Parabacteroides;s__Parabacteroides_johnsonii	k__Bacteria;p__Actinobacteria;c__Actinobacteria;o__Bifidobacteriales;f__Bifidobacteriaceae;g__Bifidobacterium;s__Bifidobacterium_longum	k__Bacteria;p__Firmicutes;c__Clostridia;o__Clostridiales;f__;g__Flavonifractor;s__Flavonifractor_plautii	k__Bacteria;p__Firmicutes;c__Clostridia;o__Clostridiales;f__Clostridiaceae;g__Clostridium;s__Clostridium_phoceensis	k__Bacteria;p__Verrucomicrobia;c__Verrucomicrobiae;o__Verrucomicrobiales;f__Akkermansiaceae;g__Akkermansia;s__Akkermansia_muciniphila	k__Bacteria;p__Bacteroidetes;c__Bacteroidia;o__Bacteroidales;f__Prevotellaceae;g__Paraprevotella;s__Paraprevotella_xylaniphila	k__Bacteria;p__Firmicutes;c__Clostridia;o__Clostridiales;f__Ruminococcaceae;g__Ruminococcus;s__Ruminococcus_callidus	k__Bacteria;p__Bacteroidetes;c__Bacteroidia;o__Bacteroidales;f__Rikenellaceae;g__Alistipes;s__Alistipes_senegalensis	k__Bacteria;p__Firmicutes;c__Clostridia;o__Clostridiales;f__Lachnospiraceae;g__Blautia;s__Blautia_sp._KLE_1732	k__Bacteria;p__Bacteroidetes;c__Bacteroidia;o__Bacteroidales;f__Bacteroidaceae;g__Bacteroides;s__Bacteroides_oleiciplenus	k__Bacteria;p__Firmicutes;c__Clostridia;o__Clostridiales;f__Ruminococcaceae;g__Ruminococcus;s__Ruminococcus_bicirculans	k__Bacteria;p__Bacteroidetes;c__Bacteroidia;o__Bacteroidales;f__Bacteroidaceae;g__Bacteroides;s__Bacteroides_fluxus	k__Bacteria;p__Bacteroidetes;c__Bacteroidia;o__Bacteroidales;f__Prevotellaceae;g__Prevotella;s__Prevotella_stercorea	k__Bacteria;p__Firmicutes;c__Clostridia;o__Clostridiales;f__Lachnospiraceae;g__Dorea;s__Dorea_longicatena	k__Bacteria;p__Firmicutes;c__Clostridia;o__Clostridiales;f__Eubacteriaceae;g__Eubacterium;s__[Eubacterium]_eligens	k__Bacteria;p__Firmicutes;c__Clostridia;o__Clostridiales;f__Ruminococcaceae;g__;s__Ruminococcaceae_bacterium_D16	k__Bacteria;p__Firmicutes;c__Clostridia;o__Clostridiales;f__Lachnospiraceae;g__Coprococcus;s__Coprococcus_comes	k__Bacteria;p__Proteobacteria;c__Gammaproteobacteria;o__Enterobacterales;f__Enterobacteriaceae;g__Escherichia;s__Escherichia_coli	k__Bacteria;p__Firmicutes;c__Clostridia;o__Clostridiales;f__Ruminococcaceae;g__Anaerotruncus;s__Anaerotruncus_colihominis	k__Bacteria;p__Firmicutes;c__Clostridia;o__Clostridiales;f__Lachnospiraceae;g__Blautia;s__Blautia_obeum	k__Bacteria;p__Bacteroidetes;c__Bacteroidia;o__Bacteroidales;f__Odoribacteraceae;g__Odoribacter;s__Odoribacter_laneus	k__Bacteria;p__Firmicutes;c__Clostridia;o__Clostridiales;f__Ruminococcaceae;g__Ruminiclostridium;s__[Clostridium]_leptum	k__Bacteria;p__Bacteroidetes;c__Bacteroidia;o__Bacteroidales;f__Porphyromonadaceae;g__Parabacteroides;s__Parabacteroides_goldsteinii	k__Bacteria;p__Firmicutes;c__Clostridia;o__Clostridiales;f__Lachnospiraceae;g__Anaerostipes;s__Anaerostipes_hadrus	k__Bacteria;p__Firmicutes;c__Clostridia;o__Clostridiales;f__Ruminococcaceae;g__Ruminococcus;s__Ruminococcus_lactaris	k__Bacteria;p__Firmicutes;c__Clostridia;o__Clostridiales;f__Clostridiaceae;g__Clostridium;s__Clostridium_sp._L2-50	k__Bacteria;p__Firmicutes;c__Clostridia;o__Clostridiales;f__Clostridiaceae;g__Clostridium;s__Clostridium_sp._M62/1	k__Bacteria;p__Firmicutes;c__Clostridia;o__Clostridiales;f__;g__Intestinimonas;s__Intestinimonas_butyriciproducens	k__Bacteria;p__Actinobacteria;c__Actinobacteria;o__Bifidobacteriales;f__Bifidobacteriaceae;g__Bifidobacterium;s__Bifidobacterium_bifidum	k__Bacteria;p__Firmicutes;c__Negativicutes;o__Veillonellales;f__Veillonellaceae;g__Dialister;s__Dialister_invisus	k__Bacteria;p__Bacteroidetes;c__Bacteroidia;o__Bacteroidales;f__Bacteroidaceae;g__Bacteroides;s__Bacteroides_salanitronis
k__Bacteria;p__Bacteroidetes;c__Bacteroidia;o__Bacteroidales;f__Bacteroidaceae;g__Bacteroides;s__Bacteroides_vulgatus	1.0	0.0459729488767	-0.0885724995395	0.0185818235548	-0.0294366393682	-0.0316980334987	0.0497651713805	0.0412786611622	0.000227931346397	0.00456209504891	-0.0138446187034	-0.0212789297199	-0.0172205679978	0.0257313987548	-0.00862833658236	-0.0372820444676	0.021445289276	0.000191745950799	0.0438319749086	0.016179174587	-0.0470887643884	0.0130609580511	-0.0291039239974	-0.0100379413386	-0.0216277663694	-0.0632103544391	0.0186060676483	-0.0214292032093	0.0139269952897	0.0648657119466	-0.0725684868018	-0.0521341847281	0.00395293972013	0.040535972348	-0.0252889516063	-0.0304806252055	0.0244715772968	-0.0521583011793	-0.000167752407625	0.0519030704656	0.0454252023343	-0.00261597961315	-0.021398216084	-0.0162110312967	-0.0117592551415	0.0443426541353	-0.0203015633275	-0.0504978939366	-0.0555875797847	-0.0155156029019	-0.00995016361003	0.00839734032149	-0.0852091424593	-0.0832244927805	-0.0140275190104	-0.00724541726193	-0.0122671776959	0.0142967656623	0.0586624371572
k__Bacteria;p__Bacteroidetes;c__Bacteroidia;o__Bacteroidales;f__Bacteroidaceae;g__Bacteroides;s__Bacteroides_uniformis	0.0459729488767	1.0	0.0636015476631	-0.0132235833284	-0.00744685236906	0.0502009547338	-0.0175048374533	0.0593527031218	-0.0104629755088	-0.0335271762428	0.0287945937958	-0.0283487980691	-0.0203891931822	-0.00797137579718	-0.0724319436621	0.0558626463519	0.00641360556108	-0.00244276517818	-0.0433504675739	-0.0337963929842	-0.0296081024457	-0.0467822773118	-0.00580847667543	-0.0303797126467	-0.0364011136135	-0.0240233890603	-0.00478708416626	-0.0326538463552	-0.0219910572613	0.0386781331195	0.0519276572876	0.0175270941814	-0.00572507689155	0.0330809320782	0.0108354653556	-0.0181373249876	0.0292600634667	-0.00121132289817	0.00349613327946	-0.0161073474107	-0.046629777979	0.0544996078055	0.00291174376351	0.00912782144299	-0.0247487052793	-0.0141023271519	0.0125503256563	-0.025698200999	-0.0741862661753	-0.0447397263005	-0.0105546598772	0.0323864888397	0.00784011826651	0.00395749723681	0.00126780338284	-0.0556917018596	0.0320093641483	-0.0593250936411	0.0426283858002
k__Bacteria;p__Bacteroidetes;c__Bacteroidia;o__Bacteroidales;f__Rikenellaceae;g__Alistipes;s__Alistipes_putredinis	-0.0885724995395	0.0636015476631	1.0	0.0432799109052	0.00173183933274	0.0548488531487	-7.64521181158e-05	-0.0514523334169	0.0399192067621	-0.0424151604218	-0.00744538678311	0.0241372782136	-0.0121485283935	-0.0198278614573	0.0286834865946	0.0178900346472	0.0128211144699	-0.00208779850889	0.0238239059226	-0.0643047583782	0.012022671565	-0.00659902444323	-0.0389187897266	0.0222433355226	0.00838200848022	0.0632123843283	-0.0552809099537	-0.0388397578015	-0.0237540383659	-0.0434468701994	-0.0599007800523	0.0208674479934	0.00985028194638	-0.0338332608286	-0.0260860236635	-0.0365195072158	-0.0210474250617	-0.0227502472853	0.0557673052465	0.00173877181472	-0.00580615629102	-0.0213290953678	-0.0559538498807	0.00702519793955	-0.0188012636278	-0.0380559447121	0.0307774214096	0.00495967197951	0.0873532770905	0.0163315751768	-0.0259732544589	-0.00761674618416	-0.0417361412914	0.0716787872597	-0.0197551782368	0.0145275311364	-0.0039197957987	0.0241774723978	-0.0828812906006
k__Bacteria;p__Bacteroidetes;c__Bacteroidia;o__Bacteroidales;f__Prevotellaceae;g__Prevotella;s__Prevotella_copri	0.0185818235548	-0.0132235833284	0.0432799109052	1.0	-0.0760705601393	-0.0300437455344	-0.0389073080337	-0.011095659268	0.06727201123	0.00328778931366	-0.057650222228	-0.0771534768575	0.0393257752159	0.0154056516517	-0.0337062021295	0.064602708531	-0.00790091035027	-0.0281745968119	-0.0171496178127	-0.0686700579197	0.0252888905754	0.0214068769353	-0.0365857682451	-0.0294237662466	-0.0267180265209	0.0424533188005	0.0156075483841	0.0196846325152	-0.0249774144433	-0.053305302592	0.002341260969	-0.00296563103798	-0.0195887242408	-0.0104258639926	-0.0093331467233	0.000443800181299	-0.0158315483038	0.016344160814	-0.0287180150082	0.0181361076308	-0.0270199709435	0.0270487208248	0.0452192431479	0.000225074565127	-0.00362329012584	-0.012693203127	0.0122606406823	0.00168121489631	-0.0360658159601	0.00969287506611	0.00800607455019	0.0103930426997	0.0547057699634	0.0101389302052	-0.055006237942	-0.0637291359557	-0.0297880218604	0.0125836170123	0.0390139638909
k__Bacteria;p__Bacteroidetes;c__Bacteroidia;o__Bacteroidales;f__Bacteroidaceae;g__Bacteroides;s__Bacteroides_stercoris	-0.0294366393682	-0.00744685236906	0.00173183933274	-0.0760705601393	1.0	0.0242886866693	-0.00520027461446	-0.0244999931007	0.0330560778264	0.00886672751361	-0.0185095322307	0.0116626048851	-0.0258287752528	0.00313447094	0.0401706771154	-0.0342570735395	0.0324357211934	-0.0867088477932	-0.0235049772486	0.000803209063196	-0.0165077196366	0.042160713954	0.0344108873019	0.00956070873882	0.00771048904385	-0.0549916746079	0.00999848278825	0.0358049245776	0.00751299174041	-0.00657818203002	-0.0257989262522	-0.105193154103	-0.0635597932904	-0.0891844350421	-0.0477491527146	0.0549963187942	-0.0167551968583	-0.0121905845663	0.00577483719144	0.0468330312588	-0.0528453390882	0.0373408631796	-0.0327320630791	0.00790988673502	0.0324658485154	-0.021660560357	-0.0194537220368	-0.0132944956796	-0.0142063146328	0.0305485720927	0.0161860083334	-0.0647929433334	-0.0181371628249	-0.0337800317344	0.0085425037896	0.015748098922	-0.0487253330871	0.0311481050161	0.0228546905749
k__Bacteria;p__Bacteroidetes;c__Bacteroidia;o__Bacteroidales;f__Bacteroidaceae;g__Bacteroides;s__Bacteroides_ovatus	-0.0316980334987	0.0502009547338	0.0548488531487	-0.0300437455344	0.0242886866693	1.0	-0.0310218893382	-0.0500482613369	0.0295985669112	0.0188545997738	0.00109752354071	-0.0402544323377	0.0170142147019	-0.010519418034	-0.0219211518823	-0.0215787182485	-0.0111601554367	0.0534617688074	0.003523329079	-0.033543221396	0.0361890181775	0.0138444818534	-0.0410346244574	-0.0155093611024	-0.0336092416689	-0.00266687872915	0.0063973803248	0.0576736410531	0.0246035007645	-0.0458701827692	0.0150228003158	-0.0145255996652	0.0495093080852	-0.0203500880392	0.00264920758695	0.0286798560051	0.027726440688	0.0434954657565	0.0029196984699	-0.0324312136582	-0.0726165562608	0.0222313667839	0.0454764075766	-0.0252638343309	0.0224943617733	0.0340752656339	-0.0251840432037	0.042661292412	-0.00647215331924	0.00979739480726	-0.0252861450723	-0.00888413675394	-0.0482506000161	-0.0115794940129	0.0405529942182	-0.0363038436504	0.00527973044345	-0.00702393952349	-0.0355270855852
k__Bacteria;p__Bacteroidetes;c__Bacteroidia;o__Bacteroidales;f__Rikenellaceae;g__Alistipes;s__Alistipes_shahii	0.0497651713805	-0.0175048374533	-7.64521181158e-05	-0.0389073080337	-0.00520027461446	-0.0310218893382	1.0	0.0107256981053	0.0119932232106	0.025455819498	-0.00333895826342	-0.0390615856763	-0.0161058161882	-0.0222524064345	-0.00155107135206	-0.00382757554557	0.04650369794	-0.00810650128226	-0.0688934686628	0.00875248560928	-0.0254132876819	0.0496598631583	0.00483359998206	0.0403159364001	-0.0340052644569	0.0400529136395	-0.0408506750802	-0.0283601339985	0.00539180914437	0.0487382454544	0.0456094213491	-0.0877933292688	-0.0479826590876	-0.0176729359384	-0.0274844824824	-0.0323931509456	-0.00445347735693	-0.0276201781414	-0.0216314434721	-0.0173805182004	-0.0130082704135	-0.0192096659009	-0.0693867919338	0.00722461179736	-0.0242925454958	0.0263956825916	0.0167894149255	-0.0366876716572	0.0146525683325	0.0227224883366	-0.0631111516306	-0.0234486671994	0.0338684734361	-0.0280118526127	0.00934274569309	0.0365844709492	0.013177851693	-0.0559179511765	-0.038783962124
k__Bacteria;p__Firmicutes;c__Clostridia;o__Clostridiales;f__Ruminococcaceae;g__Faecalibacterium;s__Faecalibacterium_prausnitzii	0.0412786611622	0.0593527031218	-0.0514523334169	-0.011095659268	-0.0244999931007	-0.0500482613369	0.0107256981053	1.0	0.038767042309	-0.0515850374008	0.0474586276375	-0.0908434175597	-0.0473212761228	-0.0513092989613	0.031356261431	0.0785260530636	-0.0150340246668	-0.0172947651074	0.0419054811603	-0.0251571226142	-0.0160600764407	-0.0111106715996	0.0282220599997	0.0292589733103	0.0497789345444	-0.0166774315667	-0.0267326067895	-0.0414757846446	-0.0396744604434	-0.0675053285891	-0.0356136420941	0.0583776593088	-0.0298403618154	-0.0107721714067	-0.0266833249439	0.0349116495169	0.00412211486073	0.0375437058615	0.0168592903275	0.0102235435914	0.0202957915182	0.00278913680695	-0.0138853266231	-0.00885452317289	-0.0472134173968	0.0319674802191	0.00335937340845	-0.00836662714873	-0.0403891226963	-0.0414958317148	-0.0299796339827	-0.0468866166286	-0.0232036993613	-0.0201846210338	-0.0530027615298	0.044220850064	0.0753072951808	-0.00937959870987	-0.0618225508606
k__Bacteria;p__Bacteroidetes;c__Bacteroidia;o__Bacteroidales;f__Rikenellaceae;g__Alistipes;s__Alistipes_finegoldii	0.000227931346396	-0.0104629755088	0.0399192067621	0.06727201123	0.0330560778264	0.0295985669112	0.0119932232106	0.038767042309	1.0	-0.00704332359017	0.020088512719	-0.0461831242519	0.0108585840833	-0.00509320874635	0.0519798290719	-0.0112112858482	-0.00788336363425	0.0324089320867	-0.0116773669282	-0.0113172516039	-0.00974605137691	-0.00395217012003	-0.0696339364992	-0.0302719989729	0.0512523177156	0.0144433904193	-0.0173114875927	0.0219837309616	0.00368403090727	0.0223687143501	0.0314691938241	-0.0547645278678	-0.0152991850846	-0.0232655375644	-0.0100187304544	-0.0561029786519	-0.0531092552651	-0.039809253164	0.0042276294814	-0.00434296256431	-0.0379948140887	0.0026355028144	-0.0166864487841	0.00140384456347	-0.00633486952924	0.00768929425725	0.00463035997294	0.0347138323731	-0.00388753865863	-0.0156051704948	0.00324362491274	-0.0437397931683	0.0235412382826	0.0138836639052	0.052987389718	-0.0341008086838	-0.039927112945	-0.00150903897594	-0.0834796725777
k__Bacteria;p__Bacteroidetes;c__Bacteroidia;o__Bacteroidales;f__Porphyromonadaceae;g__Parabacteroides;s__Parabacteroides_distasonis	0.00456209504891	-0.0335271762428	-0.0424151604218	0.00328778931366	0.00886672751361	0.0188545997738	0.025455819498	-0.0515850374008	-0.00704332359017	1.0	-0.0152977469401	0.0272642181548	0.0104662960368	0.0300045129885	-0.0123235405044	-0.0544110911173	0.00567774716791	-0.0509514300926	0.00325867293908	0.0344970390401	-0.00956162303595	0.0531188659303	-0.0759610436636	-0.0246620792571	-0.0464236364035	-0.0242833403564	0.0596850235422	0.0301191088882	-0.0497226827018	-0.0190663940265	-0.0176207547563	-0.00840977702626	0.0168469178643	-0.0017159790638	-0.0146072373567	0.0101336510348	-0.0354483867656	0.0232546498953	0.0450311484112	-0.0387425199827	0.0412063453766	0.000559342090356	-0.0139046531454	-0.0466044138639	-0.0469765141986	-0.0409609775392	0.00417164154333	0.0359668575141	0.0048608529272	0.0459194757237	-0.0195987439817	0.012679000396	-0.0350085596564	-0.0332565283779	-0.00316292167989	0.0275648045241	-0.00582569502409	0.0194618454504	-0.0504966266755
k__Bacteria;p__Bacteroidetes;c__Bacteroidia;o__Bacteroidales;f__Bacteroidaceae;g__Bacteroides;s__Bacteroides_thetaiotaomicron	-0.0138446187034	0.0287945937958	-0.00744538678311	-0.057650222228	-0.0185095322307	0.00109752354071	-0.00333895826342	0.0474586276375	0.020088512719	-0.0152977469401	1.0	0.0255361779451	0.0208677900256	-0.016250752679	0.0338480285663	-0.0186213240922	-0.0561087238662	0.00268157084632	-0.0298567706853	-0.0284334555769	-0.0246438134745	-0.00550409483211	-0.00650002468396	-0.0117436313718	0.00922214931256	-0.0406160687209	-0.00326397660265	0.0270043832821	0.0217166677316	-0.0122900845314	-0.012422613465	0.0111937998558	-0.0332954023655	-0.0200942449355	0.0159696307589	0.0496578485082	-5.80905948759e-05	-0.0102524212837	-0.0472897861451	-0.0115853339244	-0.050781496454	-0.00560482821457	0.0870086459581	-0.006385336332	0.0132472054424	0.0230593389833	0.0243622478439	-0.0371061628776	-0.0407503702259	-0.0457734767968	-0.024419030209	-0.0758567006898	0.0176123471051	-0.0413589336652	0.0176525916203	-0.029012122309	0.0233264691667	-5.05628003131e-05	-0.000296305481883
k__Bacteria;p__Bacteroidetes;c__Bacteroidia;o__Bacteroidales;f__Bacteroidaceae;g__Bacteroides;s__Bacteroides_coprocola	-0.0212789297199	-0.0283487980691	0.0241372782136	-0.0771534768575	0.0116626048851	-0.0402544323377	-0.0390615856763	-0.0908434175597	-0.0461831242519	0.0272642181548	0.0255361779451	1.0	0.0284672684868	0.0813625722965	-0.00386736487225	-0.0201336731355	-0.0301310910009	0.00959818356664	-0.0606918200291	-0.0118083426912	-0.0384282995745	-0.0503435399213	0.056269696331	-0.00243206585671	-0.0277635521393	-0.0662857566921	-0.000915855140689	-0.022246972042	0.0487718223382	-0.00501079738163	0.0354247555441	-0.0252514468362	0.0139958423667	0.0225221618831	0.0152324174108	-0.0199862783146	-0.0205414877427	-0.0108268887637	-0.0400262807997	-0.0101594036999	-0.0491803543231	-0.0193316942153	0.0146341763911	-0.0211799468741	0.0125823924554	-0.0184750550775	0.025924335856	-0.0382173776336	-0.00365832732125	-0.0404204562904	-0.0178299161138	-0.0510900339694	0.00495765879877	0.0252366172918	-0.0548618157679	0.0571345785856	-0.0445810975774	-0.0095279070173	-0.0610702868539
k__Bacteria;p__Bacteroidetes;c__Bacteroidia;o__Bacteroidales;f__Bacteroidaceae;g__Bacteroides;s__Bacteroides_cellulosilyticus	-0.0172205679978	-0.0203891931822	-0.0121485283935	0.0393257752159	-0.0258287752528	0.0170142147019	-0.0161058161882	-0.0473212761228	0.0108585840833	0.0104662960368	0.0208677900256	0.0284672684868	1.0	0.0127753751951	-0.0112747147453	-0.0196633133969	-0.0415403416032	0.00963913643286	-0.0326216785031	0.00456202498243	0.0732324874554	-0.0269042274692	0.0149644340938	-0.0319786514758	0.04366863083	-0.0769158662241	-0.0268574943823	-0.00860860622348	0.0609703600983	-0.00402221871403	-0.00671313778123	0.00418417048205	0.040031192977	-0.00154938608355	0.0436102805717	-0.0165460697704	-0.0335770659447	0.0672570730843	-0.0409006864155	-0.0242582412538	0.00402055402254	-0.0230159319673	-0.0442020758197	0.0581711348549	0.0543102933637	-0.0041144625421	0.00150978531759	0.00659944295129	0.0102645465264	-0.0673535220067	-0.0414283218904	-0.0204346442536	-0.0411481585338	-0.0444968396726	0.049483975482	0.000423813179122	0.00734103472576	-0.0534106103882	-0.00630447191406
k__Bacteria;p__Bacteroidetes;c__Bacteroidia;o__Bacteroidales;f__Rikenellaceae;g__Alistipes;s__Alistipes_obesi	0.0257313987548	-0.00797137579718	-0.0198278614573	0.0154056516517	0.00313447094	-0.010519418034	-0.0222524064345	-0.0513092989613	-0.00509320874635	0.0300045129885	-0.016250752679	0.0813625722965	0.0127753751951	1.0	-0.023136949989	-0.0374446662188	-0.0484363750231	-0.0551472669773	-0.0498497860658	-0.0199270551048	0.010960151611	0.0272509794212	-0.00181894699116	-0.0141756867342	-0.0747439530702	0.0139204817031	-0.053629485433	-0.0348813120868	-0.0729352937687	0.0382737774593	0.0141907529945	-0.00452348524056	-0.0166759128733	0.0243308749212	-0.0090855878812	0.0322893101992	-0.0158552729046	0.0170892687316	0.0301484302705	-0.0314672812642	-0.0134517106652	0.0414642445654	-0.0208607829557	-0.0288718522242	-0.00467137212508	-0.00944677802213	0.0323834713756	-0.00329582648584	0.0335655724042	0.0395941276705	-0.065372235926	-0.00544766523375	-0.036932107648	0.0112317457221	0.0305080431033	0.0537335664563	0.0409735975776	-0.00802177173665	0.0444503279291
k__Bacteria;p__Firmicutes;c__Clostridia;o__Clostridiales;f__Lachnospiraceae;g__;s__[Eubacterium]_rectale	-0.00862833658236	-0.0724319436621	0.0286834865946	-0.0337062021295	0.0401706771154	-0.0219211518823	-0.00155107135206	0.031356261431	0.0519798290719	-0.0123235405044	0.0338480285663	-0.00386736487225	-0.0112747147453	-0.023136949989	1.0	-0.0137986810181	0.00336679155091	-0.019482482133	0.022045704941	0.0467114171346	-0.00331351263192	-0.0196356994218	0.0081503796118	-0.00159295802218	-0.0296644455209	0.00950761506631	0.019815105176	-0.0205144074478	0.0284348283673	-0.0655011744753	-0.0382582136114	-0.0896995965136	0.0112230835225	0.0112536016831	-0.000206290606794	0.0289888035787	-0.0794115967137	0.0307634445438	0.00610996622916	-0.0650576190002	-0.0235195319418	-0.058161501305	0.020632136034	0.0196686227011	0.000338665641668	-0.0359336353986	-0.0214738910792	0.04152239093	-0.0495330332133	-0.0165996964648	0.0648631697233	-0.00469370400145	-0.0144604875111	0.0256253481555	-0.0249345007518	0.0532372013765	-0.0242453525318	-0.00465389272254	-0.0330720118024
k__Bacteria;p__Bacteroidetes;c__Bacteroidia;o__Bacteroidales;f__Bacteroidaceae;g__Bacteroides;s__Bacteroides_plebeius	-0.0372820444676	0.0558626463519	0.0178900346472	0.064602708531	-0.0342570735395	-0.0215787182485	-0.00382757554557	0.0785260530636	-0.0112112858482	-0.0544110911173	-0.0186213240922	-0.0201336731355	-0.0196633133969	-0.0374446662188	-0.0137986810181	1.0	-0.0328199659116	-0.0183882142821	0.0150564175438	-0.0516263036427	-0.0389242013133	-0.0677976910895	0.0145860015753	0.033875697667	0.00536159523792	-0.0243226433496	-0.0480497267821	0.0606416007916	-0.0578439005834	0.0234373459166	-0.0900069117743	-0.0294248446963	0.0231383294083	0.0249149684986	-0.016134159673	-0.0206333500481	0.0230869866422	0.00361259646278	-0.0456260968862	0.030233787896	-0.0306899546497	0.0189617479885	0.0237114056308	0.0829134730807	-0.0452820380753	-0.0336874868962	-0.0302055440553	-0.0261690074688	-0.0164853494978	-0.014874159081	0.0453833518913	-0.0264155240634	0.031128291588	0.0435799613472	-0.034528661373	0.0172225490091	-0.00670748937493	-0.0538564747585	-0.00728312839767
k__Bacteria;p__Bacteroidetes;c__Bacteroidia;o__Bacteroidales;f__Bacteroidaceae;g__Bacteroides;s__Bacteroides_fragilis	0.021445289276	0.00641360556108	0.0128211144699	-0.00790091035027	0.0324357211934	-0.0111601554367	0.04650369794	-0.0150340246668	-0.00788336363425	0.00567774716791	-0.0561087238662	-0.0301310910009	-0.0415403416032	-0.0484363750231	0.00336679155091	-0.0328199659116	1.0	-0.0606500544427	-0.0285805986218	0.0205708155584	0.0169333162907	0.015239647522	0.0153802177035	-0.0205309483031	-0.0417370101628	0.026401831732	-0.0133249646041	0.0119995869402	0.0383075343439	0.0296094851973	-0.0634660866065	0.00377360106779	-0.0118514919256	-0.00234581667175	-0.00970541841458	-0.0152651999875	-0.0220190353797	0.0182079296179	-0.0805036815324	0.021859666431	-0.00934890738419	0.043503238093	0.0053645733154	0.0623246746283	-0.00641109534294	-0.019946791583	0.00517020898437	-0.052171752472	0.0250100313461	-0.0357999479154	-0.00374165956722	0.0364661860472	0.0312262237403	-0.00271446865933	-0.0211217069053	0.0073305347028	-0.0390286776735	-0.0371609645889	-0.0160121001232
k__Bacteria;p__Proteobacteria;c__Betaproteobacteria;o__Burkholderiales;f__Sutterellaceae;g__Sutterella;s__Sutterella_wadsworthensis	0.000191745950799	-0.00244276517818	-0.00208779850889	-0.0281745968119	-0.0867088477932	0.0534617688074	-0.00810650128226	-0.0172947651074	0.0324089320867	-0.0509514300926	0.00268157084632	0.00959818356664	0.00963913643286	-0.0551472669773	-0.019482482133	-0.0183882142821	-0.0606500544427	1.0	-0.046531298637	-0.024864565619	0.0298447845036	-0.0352446760388	-0.0475251580966	-0.0357256918343	0.0614876279486	-0.00186176805888	0.0111443807092	0.036305329035	-0.0390388929448	-0.00802917713585	0.00468623858858	0.0222828403613	-0.0282071525931	-0.0116937488394	0.00172102036831	0.0238569418715	-0.0178746488622	-0.0333341506049	0.0515837397403	-0.0258593742085	-0.0190361934933	-0.0373644986642	-0.0164687459851	0.0261426347585	-0.0607828226659	0.0189466772005	-0.00295677982736	0.0378709968979	-0.0214024716836	-0.0519361481096	0.0126433097454	0.00950600683075	0.0839361384268	0.00579692800013	-0.00550750602799	0.0261387406815	0.0116682269101	0.0256085570283	0.0495559616353
k__Bacteria;p__Bacteroidetes;c__Bacteroidia;o__Bacteroidales;f__Porphyromonadaceae;g__Barnesiella;s__Barnesiella_intestinihominis	0.0438319749086	-0.0433504675739	0.0238239059226	-0.0171496178127	-0.0235049772486	0.003523329079	-0.0688934686628	0.0419054811603	-0.0116773669282	0.00325867293908	-0.0298567706853	-0.0606918200291	-0.0326216785031	-0.0498497860658	0.022045704941	0.0150564175438	-0.0285805986218	-0.046531298637	1.0	-0.0519963425993	-0.0479488222733	-0.0127855583224	0.0255250543398	-0.00137658516654	-0.0314747009921	0.00383812954222	-0.00824296023747	-0.00682689940575	-0.039603160585	0.0317550694016	-0.0101730043975	0.0778504513279	0.0131626171051	0.0141842106844	0.029497903848	-0.00632688883203	0.00520853541562	0.0331866076864	-0.0313524160689	-0.010372033808	0.0107882361767	-0.0976723748305	-0.0162922095065	-0.0611703018608	-0.0399835603368	0.00120210801024	0.00784587093555	-0.0278573008999	-0.0218049502543	-0.00528209792962	-0.0372474996149	0.00729514431627	-0.0332811775746	0.00549514854174	0.0316128251606	0.00467890753806	-0.0672725173558	0.000237518084582	-0.0469719634899
k__Bacteria;p__Bacteroidetes;c__Bacteroidia;o__Bacteroidales;f__Odoribacteraceae;g__Odoribacter;s__Odoribacter_splanchnicus	0.016179174587	-0.0337963929842	-0.0643047583782	-0.0686700579197	0.000803209063196	-0.033543221396	0.00875248560928	-0.0251571226142	-0.0113172516039	0.0344970390401	-0.0284334555769	-0.0118083426912	0.00456202498243	-0.0199270551048	0.0467114171346	-0.0516263036427	0.0205708155584	-0.024864565619	-0.0519963425993	1.0	0.0572446901208	0.0173886372979	-0.0215050754544	-0.0200483524889	-0.0322160311243	0.0172080280099	0.0161907248918	-0.00168575014769	0.0126859635437	0.0183826990076	-0.0597865873976	0.0248106802854	-0.0439933799324	-0.00217996742094	0.0369875683605	0.000772570831386	0.0309509501882	-0.0101011791597	0.00807920273349	-0.0191332384554	-0.0114575843647	-0.0444424705242	-0.06179472846	-0.0660991961515	0.0368517029139	0.0581737061093	-0.0348587145241	-0.0098177485134	-0.0169621791425	0.0258602102121	0.037041237449	-0.014959575879	0.0399129336305	0.044499266917	-0.0102397703062	-0.0317897100485	-0.0624016870625	0.0446041912237	-0.00238434292452
k__Bacteria;p__Bacteroidetes;c__Bacteroidia;o__Bacteroidales;f__Bacteroidaceae;g__Bacteroides;s__Bacteroides_salyersiae	-0.0470887643884	-0.0296081024457	0.012022671565	0.0252888905754	-0.0165077196366	0.0361890181775	-0.0254132876819	-0.0160600764407	-0.00974605137691	-0.00956162303595	-0.0246438134745	-0.0384282995745	0.0732324874554	0.010960151611	-0.00331351263192	-0.0389242013133	0.0169333162907	0.0298447845036	-0.0479488222733	0.0572446901208	1.0	-0.00285606390185	-0.0345290618645	-0.0331067461	-0.00627029115498	-0.0168015246409	0.00108102865074	0.0144322379806	-0.000523035366292	0.0143435870213	-0.000892685330356	-0.0556491651219	0.00473407774672	-0.0359611312746	0.0195374300467	0.0415627439813	-0.0365837060764	0.00198799535477	0.0635367937177	-0.0223458257344	-0.0137960183102	-0.036084572663	-0.0118280763449	-0.0411562918148	0.0207938097407	0.0469618315977	-0.0451104334324	0.00973822235086	0.0461916581502	-0.0531481228016	0.0355867594054	-0.00238582799393	0.00995565581122	-0.0777724908096	0.0327566824785	-0.0200628077685	0.00246215854609	0.00935770045584	0.00725200094722
k__Bacteria;p__Firmicutes;c__Clostridia;o__Clostridiales;f__Ruminococcaceae;g__Ruminiclostridium;s__[Eubacterium]_siraeum	0.0130609580511	-0.0467822773118	-0.00659902444323	0.0214068769353	0.042160713954	0.0138444818534	0.0496598631583	-0.0111106715996	-0.00395217012003	0.0531188659303	-0.00550409483211	-0.0503435399213	-0.0269042274692	0.0272509794212	-0.0196356994218	-0.0677976910895	0.015239647522	-0.0352446760388	-0.0127855583224	0.0173886372979	-0.00285606390185	1.0	0.0134083152778	0.0328116196131	-0.0499252592362	-0.0111354110589	0.0652487175206	0.0359347694269	-0.0415305761824	-0.0672951169574	0.0123933529607	-0.0100842734045	0.0319976761585	0.0296072444861	-0.0262212064785	-0.0408292858601	0.0124235653803	-0.033492011713	0.018555220028	-0.0874954488669	-0.0157199328666	0.0207080649262	-0.0574796829792	-0.0773153766977	0.0404340357225	-0.0683714482643	0.0104805531602	-0.0891006665485	-0.0205807423146	-0.0328804510079	-0.0297158003247	-0.0511147834888	0.00893354141073	-0.0234700825994	0.00173584917541	0.0623203143412	0.0171890369908	-0.0288889993718	0.00186870973752
k__Bacteria;p__Proteobacteria;c__Betaproteobacteria;o__Burkholderiales;f__Sutterellaceae;g__Parasutterella;s__Parasutterella_excrementihominis	-0.0291039239974	-0.00580847667543	-0.0389187897266	-0.0365857682451	0.0344108873019	-0.0410346244574	0.00483359998206	0.0282220599997	-0.0696339364992	-0.0759610436636	-0.00650002468396	0.056269696331	0.0149644340938	-0.00181894699116	0.0081503796118	0.0145860015753	0.0153802177035	-0.0475251580966	0.0255250543398	-0.0215050754544	-0.0345290618645	0.0134083152778	1.0	-0.0284698739917	0.0536978489402	0.0166283946334	0.0219319933109	0.00788528601486	0.0142139610488	0.00634645237311	0.0186379324721	0.0201961005204	-0.00205657431733	0.00126339980464	0.0245907511445	0.00484832115554	-0.0136340852708	0.0148559026074	0.0137888386215	0.0266138968025	-0.020115584938	-0.0546733643662	-0.0445536864199	-0.111360403678	-0.00536055461102	0.00753177439996	-0.019857847652	0.0743567319834	0.0183163962556	0.0276639301207	-0.0380865592117	-0.00257411486667	0.000903654120092	0.0491594141326	-0.0778676844505	-0.0116963066992	-0.0475607822088	-0.0620899831505	0.0199129587704
k__Bacteria;p__Actinobacteria;c__Actinobacteria;o__Bifidobacteriales;f__Bifidobacteriaceae;g__Bifidobacterium;s__Bifidobacterium_adolescentis	-0.0100379413386	-0.0303797126467	0.0222433355226	-0.0294237662466	0.00956070873882	-0.0155093611024	0.0403159364001	0.0292589733103	-0.0302719989729	-0.0246620792571	-0.0117436313718	-0.00243206585671	-0.0319786514758	-0.0141756867342	-0.00159295802218	0.033875697667	-0.0205309483031	-0.0357256918343	-0.00137658516654	-0.0200483524889	-0.0331067461	0.0328116196131	-0.0284698739917	1.0	0.00090388681893	0.0255705933407	0.0442363982604	-0.0576306714741	-0.0483941882165	-0.0193456100327	0.0576076002727	0.0090650636457	0.0121215213347	0.0271088148314	-0.0308686370185	-0.0524111252017	-0.0323854460741	-0.0526698152102	-0.0292271444186	-0.0311661477146	0.0446582704524	-0.00911854120121	-0.0184673255897	0.00295643730296	-0.00727197245205	-0.041472727765	-0.00883347771335	0.0882330747438	-0.0256483138864	-0.0448237051955	-0.0633095668815	0.0781754367426	-0.0233819229966	-0.0062187254769	0.00380875578176	-0.0164566116774	0.00207052734235	0.0730272175622	-0.00389347125701
k__Bacteria;p__Firmicutes;c__Clostridia;o__Clostridiales;f__Oscillospiraceae;g__Oscillibacter;s__Oscillibacter_sp._KLE_1745	-0.0216277663694	-0.0364011136135	0.00838200848022	-0.0267180265209	0.00771048904385	-0.0336092416689	-0.0340052644569	0.0497789345444	0.0512523177156	-0.0464236364035	0.00922214931256	-0.0277635521393	0.04366863083	-0.0747439530702	-0.0296644455209	0.00536159523792	-0.0417370101628	0.0614876279486	-0.0314747009921	-0.0322160311243	-0.00627029115498	-0.0499252592362	0.0536978489402	0.00090388681893	1.0	0.025545194172	0.0102532166911	-0.0281037641312	0.0234212968306	0.0182903638884	-0.00702408071607	-0.0219880518597	-0.0271726543669	0.0159701483022	-0.00588361001023	0.0201355059724	-0.0637856572775	-0.0349953058185	-0.0229775753262	-0.0367941755471	0.00146292841858	0.00723763806384	0.0288570752507	0.0211951153658	-0.00896544429899	0.034431663493	0.0657281092686	-0.0528024600681	-0.0607339794431	0.0258357083661	-0.0565856795976	0.0416607328	-0.0149217016767	0.0148541009489	0.0320989264935	-0.0904764013608	0.0550870767536	-0.00359295892176	-0.0475743603322
k__Bacteria;p__Bacteroidetes;c__Bacteroidia;o__Bacteroidales;f__Bacteroidaceae;g__Bacteroides;s__Bacteroides_coprophilus	-0.0632103544391	-0.0240233890603	0.0632123843283	0.0424533188005	-0.0549916746079	-0.00266687872915	0.0400529136395	-0.0166774315667	0.0144433904193	-0.0242833403564	-0.0406160687209	-0.0662857566921	-0.0769158662241	0.0139204817031	0.00950761506631	-0.0243226433496	0.026401831732	-0.00186176805888	0.00383812954222	0.0172080280099	-0.0168015246409	-0.0111354110589	0.0166283946334	0.0255705933407	0.025545194172	1.0	0.0220155242314	-0.0503080716158	-0.00862757735377	-0.0343334598771	-0.0488883584237	-0.020482975398	-0.0273496428187	0.0201723295695	0.0117420468851	0.0425081431328	0.011024110324	-0.0226603540776	0.0250045853337	0.0288473149355	0.0433402965104	-0.0313933908179	-0.00595839820147	-0.000845337014651	0.0187469352689	-0.0162551847736	-0.0601871987065	-0.000748381601378	-0.000138510759555	0.0173293355529	0.0582103131312	0.0118713115664	0.0362263387847	0.0346900600373	0.0158048070919	-0.0324876234188	-0.0584042721735	-0.00759774124139	-0.0167153657566
k__Bacteria;p__Firmicutes;c__Clostridia;o__Clostridiales;f__Lachnospiraceae;g__Roseburia;s__Roseburia_intestinalis	0.0186060676483	-0.00478708416626	-0.0552809099537	0.0156075483841	0.00999848278825	0.0063973803248	-0.0408506750802	-0.0267326067895	-0.0173114875927	0.0596850235422	-0.00326397660265	-0.000915855140689	-0.0268574943823	-0.053629485433	0.019815105176	-0.0480497267821	-0.0133249646041	0.0111443807092	-0.00824296023747	0.0161907248918	0.00108102865074	0.0652487175206	0.0219319933109	0.0442363982604	0.0102532166911	0.0220155242314	1.0	-0.0352216705108	0.0363194203724	-0.0172889108214	0.0186746064497	-0.0169576366527	-0.0579349875375	0.0259020518039	-0.00216307567731	0.0514019046546	-0.0305452985987	0.0222213551392	-0.0426648165865	-0.011564122716	-0.0327425321875	-0.0590170426969	-0.0503499152637	-0.0192571786694	-0.0488131519675	0.0191639666718	-0.0498361323163	0.0371812173768	-0.0141531275446	-0.0494085141988	-0.0048156931282	0.00361952217622	0.0134320344523	0.0442036054251	-0.0336146816588	-0.00678752708901	0.0363849619134	-0.019844953687	-0.0205777230543
k__Bacteria;p__Firmicutes;c__Clostridia;o__Clostridiales;f__Lachnospiraceae;g__Roseburia;s__Roseburia_hominis	-0.0214292032093	-0.0326538463552	-0.0388397578015	0.0196846325152	0.0358049245776	0.0576736410531	-0.0283601339985	-0.0414757846446	0.0219837309616	0.0301191088882	0.0270043832821	-0.022246972042	-0.00860860622348	-0.0348813120868	-0.0205144074478	0.0606416007916	0.0119995869402	0.036305329035	-0.00682689940575	-0.00168575014769	0.0144322379806	0.0359347694269	0.00788528601486	-0.0576306714741	-0.0281037641312	-0.0503080716158	-0.0352216705108	1.0	0.0430904961491	0.0142857682011	0.0663896364528	0.023916332085	0.0228895333896	0.0267332492357	0.0157123904221	-0.0333676593752	-0.0302639066285	0.0302999466493	-0.036937829567	0.0451958272382	0.0444641070744	-0.0373974387193	-0.00410766247539	0.0166987109215	0.0224053478702	-0.0689805894627	-0.0584671069693	0.0400860132986	-0.018909303417	-0.0157993125883	0.0182037513904	-0.030723939876	-0.0350740519681	0.02198091686	-0.0013861105059	0.0217936331485	0.0476644034197	-0.00222715526399	-0.00672829237749
k__Bacteria;p__Bacteroidetes;c__Bacteroidia;o__Bacteroidales;f__Porphyromonadaceae;g__Parabacteroides;s__Parabacteroides_johnsonii	0.0139269952897	-0.0219910572613	-0.0237540383659	-0.0249774144433	0.00751299174041	0.0246035007645	0.00539180914437	-0.0396744604434	0.00368403090727	-0.0497226827018	0.0217166677316	0.0487718223382	0.0609703600983	-0.0729352937687	0.0284348283673	-0.0578439005834	0.0383075343439	-0.0390388929448	-0.039603160585	0.0126859635437	-0.000523035366292	-0.0415305761824	0.0142139610488	-0.0483941882165	0.0234212968306	-0.00862757735377	0.0363194203724	0.0430904961491	1.0	-0.0340489887705	-0.016672685537	0.0267869497764	-0.0612026593367	-0.0536580186941	-0.0253859653025	-0.0182030498202	-0.0363434807157	-0.0368590987011	-0.0228716625193	-0.003387746172	0.0341221353979	-0.0185697724264	-0.0339922289408	0.0531357403208	0.043659189006	-0.013543198129	-0.0466920607556	-0.00825310321884	0.00216309694994	0.038405879594	0.0271863139528	-0.0240304170175	0.0101866932756	-0.0107410821109	0.0102038964201	-0.0420905930633	-0.00117256403983	0.0549492219453	-0.0699289779235
k__Bacteria;p__Actinobacteria;c__Actinobacteria;o__Bifidobacteriales;f__Bifidobacteriaceae;g__Bifidobacterium;s__Bifidobacterium_longum	0.0648657119466	0.0386781331195	-0.0434468701994	-0.053305302592	-0.00657818203002	-0.0458701827692	0.0487382454544	-0.0675053285891	0.0223687143501	-0.0190663940265	-0.0122900845314	-0.00501079738163	-0.00402221871403	0.0382737774593	-0.0655011744753	0.0234373459166	0.0296094851973	-0.00802917713585	0.0317550694016	0.0183826990076	0.0143435870213	-0.0672951169574	0.00634645237311	-0.0193456100327	0.0182903638884	-0.0343334598771	-0.0172889108214	0.0142857682011	-0.0340489887705	1.0	0.0524890897966	-0.0366701880105	0.0508065753236	0.0188791990239	-0.0252284061605	-0.000205017370419	0.0344937436964	-0.033167533094	-0.0394169024486	0.02390134488	-0.0488827953896	-0.0402451267676	0.0133703396455	-0.0231659047577	0.0145418125097	0.00503126814255	0.0274009510336	0.00148153495134	-0.0139894937023	-0.0306982052345	-0.00180715237301	-0.0169583346446	-0.0635244714229	-0.0242362840684	0.00408525743331	-0.0481648729659	-0.00664517688153	0.0108374660285	-0.0958187877028
