#taxonomy	k__Bacteria;p__Bacteroidetes;c__Bacteroidia;o__Bacteroidales;f__Bacteroidaceae;g__Bacteroides;s__Bacteroides_vulgatus	k__Bacteria;p__Bacteroidetes;c__Bacteroidia;o__Bacteroidales;f__Bacteroidaceae;g__Bacteroides;s__Bacteroides_uniformis	k__Bacteria;p__Bacteroidetes;c__Bacteroidia;o__Bacteroidales;f__Rikenellaceae;g__Alistipes;s__Alistipes_putredinis	k__Bacteria;p__Bacteroidetes;c__Bacteroidia;o__Bacteroidales;f__Prevotellaceae;g__Prevotella;s__Prevotella_copri	k__Bacteria;p__Bacteroidetes;c__Bacteroidia;o__Bacteroidales;f__Bacteroidaceae;g__Bacteroides;s__Bacteroides_stercoris	k__Bacteria;p__Bacteroidetes;c__Bacteroidia;o__Bacteroidales;f__Bacteroidaceae;g__Bacteroides;s__Bacteroides_ovatus	k__Bacteria;p__Bacteroidetes;c__Bacteroidia;o__Bacteroidales;f__Rikenellaceae;g__Alistipes;s__Alistipes_shahii	k__Bacteria;p__Firmicutes;c__Clostridia;o__Clostridiales;f__Ruminococcaceae;g__Faecalibacterium;s__Faecalibacterium_prausnitzii	k__Bacteria;p__Bacteroidetes;c__Bacteroidia;o__Bacteroidales;f__Rikenellaceae;g__Alistipes;s__Alistipes_finegoldii	k__Bacteria;p__Bacteroidetes;c__Bacteroidia;o__Bacteroidales;f__Porphyromonadaceae;g__Parabacteroides;s__Parabacteroides_distasonis	k__Bacteria;p__Bacteroidetes;c__Bacteroidia;o__Bacteroidales;f__Bacteroidaceae;g__Bacteroides;s__Bacteroides_thetaiotaomicron	k__Bacteria;p__Bacteroidetes;c__Bacteroidia;o__Bacteroidales;f__Bacteroidaceae;g__Bacteroides;s__Bacteroides_coprocola	k__Bacteria;p__Bacteroidetes;c__Bacteroidia;o__Bacteroidales;f__Bacteroidaceae;g__Bacteroides;s__Bacteroides_cellulosilyticus	k__Bacteria;p__Bacteroidetes;c__Bacteroidia;o__Bacteroidales;f__Rikenellaceae;g__Alistipes;s__Alistipes_obesi	k__Bacteria;p__Firmicutes;c__Clostridia;o__Clostridiales;f__Lachnospiraceae;g__;s__[Eubacterium]_rectale	k__Bacteria;p__Bacteroidetes;c__Bacteroidia;o__Bacteroidales;f__Bacteroidaceae;g__Bacteroides;s__Bacteroides_plebeius	k__Bacteria;p__Bacteroidetes;c__Bacteroidia;o__Bacteroidales;f__Bacteroidaceae;g__Bacteroides;s__Bacteroides_fragilis	k__Bacteria;p__Proteobacteria;c__Betaproteobacteria;o__Burkholderiales;f__Sutterellaceae;g__Sutterella;s__Sutterella_wadsworthensis	k__Bacteria;p__Bacteroidetes;c__Bacteroidia;o__Bacteroidales;f__Porphyromonadaceae;g__Barnesiella;s__Barnesiella_intestinihominis	k__Bacteria;p__Bacteroidetes;c__Bacteroidia;o__Bacteroidales;f__Odoribacteraceae;g__Odoribacter;s__Odoribacter_splanchnicus	k__Bacteria;p__Bacteroidetes;c__Bacteroidia;o__Bacteroidales;f__Bacteroidaceae;g__Bacteroides;s__Bacteroides_salyersiae	k__Bacteria;p__Firmicutes;c__Clostridia;o__Clostridiales;f__Ruminococcaceae;g__Ruminiclostridium;s__[Eubacterium]_siraeum	k__Bacteria;p__Proteobacteria;c__Betaproteobacteria;o__Burkholderiales;f__Sutterellaceae;g__Parasutterella;s__Parasutterella_excrementihominis	k__Bacteria;p__Actinobacteria;c__Actinobacteria;o__Bifidobacteriales;f__Bifidobacteriaceae;g__Bifidobacterium;s__Bifidobacterium_adolescentis	k__Bacteria;p__Firmicutes;c__Clostridia;o__Clostridiales;f__Oscillospiraceae;g__Oscillibacter;s__Oscillibacter_sp._KLE_1745	k__Bacteria;p__Bacteroidetes;c__Bacteroidia;o__Bacteroidales;f__Bacteroidaceae;g__Bacteroides;s__Bacteroides_coprophilus	k__Bacteria;p__Firmicutes;c__Clostridia;o__Clostridiales;f__Lachnospiraceae;g__Roseburia;s__Roseburia_intestinalis	k__Bacteria;p__Firmicutes;c__Clostridia;o__Clostridiales;f__Lachnospiraceae;g__Roseburia;s__Roseburia_hominis	k__Bacteria;p__Bacteroidetes;c__Bacteroidia;o__Bacteroidales;f__Porphyromonadaceae;g__Parabacteroides;s__Parabacteroides_johnsonii	k__Bacteria;p__Actinobacteria;c__Actinobacteria;o__Bifidobacteriales;f__Bifidobacteriaceae;g__Bifidobacterium;s__Bifidobacterium_longum	k__Bacteria;p__Firmicutes;c__Clostridia;o__Clostridiales;f__;g__Flavonifractor;s__Flavonifractor_plautii	k__Bacteria;p__Firmicutes;c__Clostridia;o__Clostridiales;f__Clostridiaceae;g__Clostridium;s__Clostridium_phoceensis	k__Bacteria;p__Verrucomicrobia;c__Verrucomicrobiae;o__Verrucomicrobiales;f__Akkermansiaceae;g__Akkermansia;s__Akkermansia_muciniphila	k__Bacteria;p__Bacteroidetes;c__Bacteroidia;o__Bacteroidales;f__Prevotellaceae;g__Paraprevotella;s__Paraprevotella_xylaniphila	k__Bacteria;p__Firmicutes;c__Clostridia;o__Clostridiales;f__Ruminococcaceae;g__Ruminococcus;s__Ruminococcus_callidus	k__Bacteria;p__Bacteroidetes;c__Bacteroidia;o__Bacteroidales;f__Rikenellaceae;g__Alistipes;s__Alistipes_senegalensis	k__Bacteria;p__Firmicutes;c__Clostridia;o__Clostridiales;f__Lachnospiraceae;g__Blautia;s__Blautia_sp._KLE_1732	k__Bacteria;p__Bacteroidetes;c__Bacteroidia;o__Bacteroidales;f__Bacteroidaceae;g__Bacteroides;s__Bacteroides_oleiciplenus	k__Bacteria;p__Firmicutes;c__Clostridia;o__Clostridiales;f__Ruminococcaceae;g__Ruminococcus;s__Ruminococcus_bicirculans	k__Bacteria;p__Bacteroidetes;c__Bacteroidia;o__Bacteroidales;f__Bacteroidaceae;g__Bacteroides;s__Bacteroides_fluxus	k__Bacteria;p__Bacteroidetes;c__Bacteroidia;o__Bacteroidales;f__Prevotellaceae;g__Prevotella;s__Prevotella_stercorea	k__Bacteria;p__Firmicutes;c__Clostridia;o__Clostridiales;f__Lachnospiraceae;g__Dorea;s__Dorea_longicatena	k__Bacteria;p__Firmicutes;c__Clostridia;o__Clostridiales;f__Eubacteriaceae;g__Eubacterium;s__[Eubacterium]_eligens	k__Bacteria;p__Firmicutes;c__Clostridia;o__Clostridiales;f__Ruminococcaceae;g__;s__Ruminococcaceae_bacterium_D16	k__Bacteria;p__Firmicutes;c__Clostridia;o__Clostridiales;f__Lachnospiraceae;g__Coprococcus;s__Coprococcus_comes	k__Bacteria;p__Proteobacteria;c__Gammaproteobacteria;o__Enterobacterales;f__Enterobacteriaceae;g__Escherichia;s__Escherichia_coli	k__Bacteria;p__Firmicutes;c__Clostridia;o__Clostridiales;f__Ruminococcaceae;g__Anaerotruncus;s__Anaerotruncus_colihominis	k__Bacteria;p__Firmicutes;c__Clostridia;o__Clostridiales;f__Lachnospiraceae;g__Blautia;s__Blautia_obeum	k__Bacteria;p__Bacteroidetes;c__Bacteroidia;o__Bacteroidales;f__Odoribacteraceae;g__Odoribacter;s__Odoribacter_laneus	k__Bacteria;p__Firmicutes;c__Clostridia;o__Clostridiales;f__Ruminococcaceae;g__Ruminiclostridium;s__[Clostridium]_leptum	k__Bacteria;p__Bacteroidetes;c__Bacteroidia;o__Bacteroidales;f__Porphyromonadaceae;g__Parabacteroides;s__Parabacteroides_goldsteinii	k__Bacteria;p__Firmicutes;c__Clostridia;o__Clostridiales;f__Lachnospiraceae;g__Anaerostipes;s__Anaerostipes_hadrus	k__Bacteria;p__Firmicutes;c__Clostridia;o__Clostridiales;f__Ruminococcaceae;g__Ruminococcus;s__Ruminococcus_lactaris	k__Bacteria;p__Firmicutes;c__Clostridia;o__Clostridiales;f__Clostridiaceae;g__Clostridium;s__Clostridium_sp._L2-50	k__Bacteria;p__Firmicutes;c__Clostridia;o__Clostridiales;f__Clostridiaceae;g__Clostridium;s__Clostridium_sp._M62/1	k__Bacteria;p__Firmicutes;c__Clostridia;o__Clostridiales;f__;g__Intestinimonas;s__Intestinimonas_butyriciproducens	k__Bacteria;p__Actinobacteria;c__Actinobacteria;o__Bifidobacteriales;f__Bifidobacteriaceae;g__Bifidobacterium;s__Bifidobacterium_bifidum	k__Bacteria;p__Firmicutes;c__Negativicutes;o__Veillonellales;f__Veillonellaceae;g__Dialister;s__Dialister_invisus	k__Bacteria;p__Bacteroidetes;c__Bacteroidia;o__Bacteroidales;f__Bacteroidaceae;g__Bacteroides;s__Bacteroides_salanitronis
k__Bacteria;p__Bacteroidetes;c__Bacteroidia;o__Bacteroidales;f__Bacteroidaceae;g__Bacteroides;s__Bacteroides_vulgatus	1.0	-0.0434202805632	0.0235094900109	0.0597710392384	-0.0377840997048	0.0529345754644	-0.00186310153722	0.0127650138073	0.0171341369579	0.0242487670816	-0.0240543001091	-0.0642181042797	-0.0055575706317	-0.0122140923524	0.00744720427715	-0.0772789239258	-0.0324731786863	-0.074305855301	0.0084245607521	-0.027808199923	-0.0141169617876	0.0247516708321	-0.0149923869023	-0.0109955203743	-0.00527786933449	0.046549542969	-0.028738370775	0.00323234933145	0.0272596133288	-0.0166506065155	0.0145095652592	0.0111714726783	0.00472516951764	0.0379377042083	-0.00815911134604	0.00354167027972	0.017276177497	0.0335639607198	-0.0389397927296	0.0204989139621	0.0270908342531	-0.0500835791945	-0.00151988240747	0.0348284535421	0.0389404709243	-0.0222215885045	-0.0213703304544	-0.0194306707725	-0.0679611742788	-0.00993994381572	0.0269462927519	-0.0102414395586	-0.0517020716256	-0.0248520250689	-0.0557454102624	0.0566589589729	-0.0530424892608	-0.0498732130971	-0.0190423011228
k__Bacteria;p__Bacteroidetes;c__Bacteroidia;o__Bacteroidales;f__Bacteroidaceae;g__Bacteroides;s__Bacteroides_uniformis	-0.0434202805632	1.0	0.00908812253136	0.0384548083264	0.00266462067972	-0.0126396212905	-0.00315182912165	-0.0284786881562	0.0405632547174	-0.0348076637929	0.0229180778133	-0.0270734238417	-0.0406519497486	-0.00370901290761	-0.0375922537991	0.0343373444796	0.00735668724792	0.024610950264	-0.0323652887807	-0.0231530705153	-0.00383339852625	0.0422114519446	-0.0309607540399	0.0188837604527	-0.00433670440639	0.00646553079496	-0.00722393023403	0.00877432058039	0.0714996783606	-0.00465945048613	-0.0487691457881	-0.0175046425298	0.0255437447657	-0.0673706175088	0.00279404415405	0.0235438369969	0.0275954098505	-0.0487259383852	0.0401888960319	0.0181261363604	0.00704332317622	0.00940423924168	0.0164922854772	0.0258105228369	-0.0588289126232	0.0021460119572	-0.0113633724722	0.00748065643822	-0.0150235520994	-0.00147213025421	-0.0191799812495	0.0393440546734	-0.0732207226658	-0.0318037751669	-0.0140114859649	-0.0807438658531	-0.00340477586753	-0.0838608282035	-0.0802224275149
k__Bacteria;p__Bacteroidetes;c__Bacteroidia;o__Bacteroidales;f__Rikenellaceae;g__Alistipes;s__Alistipes_putredinis	0.0235094900109	0.00908812253136	1.0	-0.0367029406024	-0.00743865655135	-0.0513601074437	-0.0283144244728	0.00594059056342	-0.00711876490064	-0.0375773478978	-0.0269515500951	-0.0487057355768	0.00257560233844	0.00698870443664	0.0437544399879	0.0506432080072	0.0136005301984	-0.0665834439504	0.00839848413535	0.0145671991589	-0.0893836772891	0.0501756353095	-0.0240561834054	-0.0327169105981	0.00500977877267	-0.0327121252332	-0.00452570882916	0.0569013947886	-0.00608979560154	-0.0543562625506	-0.0393767726312	-0.00704662561413	-0.0296942287664	0.0352025270108	-0.00871480669608	-0.0681195698593	0.00714739979556	-0.0832146706788	-0.0162929282889	0.0120993605639	-0.0909944546692	0.0216770487222	0.00493150353523	-0.0217288678742	0.0184370127919	0.0526371355166	-0.0285580257554	-0.00323395842999	-0.00258604623136	-0.0492560651061	0.0458710522132	-0.00128098295605	0.0420901591829	-0.00992818253399	0.00935793955892	-0.0254653113728	-0.0200796983611	-0.0270536818907	0.0527029152644
k__Bacteria;p__Bacteroidetes;c__Bacteroidia;o__Bacteroidales;f__Prevotellaceae;g__Prevotella;s__Prevotella_copri	0.0597710392384	0.0384548083264	-0.0367029406024	1.0	0.034098393632	0.0583306074725	0.0680917295337	-0.0238682274537	-0.0118541945878	0.0191292710713	-0.0471705211979	-0.023261783266	-0.00487007967938	-0.053481542465	-0.00136309399124	-0.00301560298314	0.0111092966735	-0.00613215949347	-0.00497726003255	-8.73643661124e-05	-0.0520169733462	-0.0219878615346	-0.0401089625918	-0.0408997560143	-0.0204697089618	-0.0255083820906	-0.0389599385374	-0.0408658266104	-0.0282602971243	-0.0341732190458	0.0330305086972	-0.0112940518496	-0.0226152886213	0.0268547272831	-0.0216606355279	0.0169785937118	-0.033635376605	0.0519344431351	-0.0265471686951	-0.0163442804779	-0.0595300257932	-0.0481302351221	0.0686025195715	0.0463206159437	-0.0113594806903	0.040210241406	-0.0370219986291	-0.0541242133258	-0.0131996374289	-0.0369721228988	0.00101145685497	0.0423681677225	-0.0455730048188	-0.0230031239506	0.00206038601965	0.0662992433104	-0.032331365184	-0.00346883638578	-0.0683020606227
k__Bacteria;p__Bacteroidetes;c__Bacteroidia;o__Bacteroidales;f__Bacteroidaceae;g__Bacteroides;s__Bacteroides_stercoris	-0.0377840997048	0.00266462067972	-0.00743865655135	0.034098393632	1.0	-0.00418315583186	-0.0159124209975	-0.0190260268547	-0.00565179053899	0.00409019822224	-0.00683282627876	0.00172191576149	0.0312900047567	-0.0372138071376	0.0257941695335	-0.036175164094	-0.0864817833146	-0.0409527888851	-0.0378799265399	-0.046015811888	-0.0110381520755	-0.0342541960663	-0.0379733771695	-0.00747065921154	-0.00189348966875	-0.0260738162933	0.00915992791801	-0.0839831667335	0.00279731531666	-0.0118667201653	0.0199652335927	0.00362867877137	-0.0415483424975	0.0278397987797	-0.0385672339055	-0.0247194964328	0.0543165371489	-0.0251995541738	0.0626342344663	-0.049019797601	-0.0531068170163	-0.00922642205096	-0.0140578982921	-0.0336422586255	0.0509887824213	-0.0530334139207	-0.00287553092136	0.0417219637687	0.0273699236879	-0.0332368285995	-0.0186576259766	0.073630922159	-0.0648900066332	0.0377451340181	0.0410659887924	0.0263479105673	-0.0736018673671	0.031078025213	-0.0275559288128
k__Bacteria;p__Bacteroidetes;c__Bacteroidia;o__Bacteroidales;f__Bacteroidaceae;g__Bacteroides;s__Bacteroides_ovatus	0.0529345754644	-0.0126396212905	-0.0513601074437	0.0583306074725	-0.00418315583186	1.0	0.0451225091171	-0.0571202968716	-0.0278760740352	-0.0438688141894	-0.00157600736222	0.00990860601381	0.0112440346671	0.021940814274	-0.0180677930564	-0.0434300310628	0.0138298464281	0.00223035902349	0.00430913446037	0.0163970304888	0.0592569989685	0.0190581104266	-0.0140078391351	0.0671431034291	0.0373330100566	0.0372886641358	-0.0343613435553	-0.0483889851588	-0.00670613545533	-0.016048853543	-0.0830188484031	-0.0195848408296	-0.0163164333815	0.0102911527217	-0.0215258652428	-0.0263762691037	0.028043411927	-0.0665840256446	-0.0214524384811	0.0227573320455	0.0149072657869	0.0548091364419	0.0223449808036	0.00935721027454	-0.022758847311	0.0198545828074	-0.0199702102426	0.0385002548805	-0.0342447872706	0.0104272266755	0.0332329237714	-0.0317182503327	0.0140520514118	-0.0349322222263	-0.0322704698597	-0.00434589251975	-0.0238976910672	-0.00566895462046	-0.0175103463597
k__Bacteria;p__Bacteroidetes;c__Bacteroidia;o__Bacteroidales;f__Rikenellaceae;g__Alistipes;s__Alistipes_shahii	-0.00186310153722	-0.00315182912165	-0.0283144244728	0.0680917295337	-0.0159124209975	0.0451225091171	1.0	0.0105075485322	-0.0439732185098	-0.0418200985845	-0.0107522821411	0.0192530899028	-0.037830449506	-0.0360378689512	0.0322359113912	-0.000531256671092	-0.00691955124727	0.015126717953	-0.0848836293883	0.0213710026252	0.0111493709266	0.0442967675524	-0.0256465756258	-0.0234941521703	-0.0090482845976	0.0391977402698	-0.0160964384227	-0.0515067761513	-0.0401602502191	-0.0121349617924	-0.0190188843292	-0.0067087655092	0.0309037713924	-0.0216894788131	0.0251162575739	-0.0385775895542	0.0151228399051	0.0223775095095	-0.0192162470433	0.00158053578869	0.0038984661169	-0.0399561777441	0.00222785333372	-0.0344421118214	0.0160121645106	-0.017726632317	0.0433383249727	-0.0127104772843	0.017071865306	-0.0432947238628	0.0240713705604	-0.0153054024968	0.032447838671	-0.0629398572576	0.0121421600566	-0.00806455774517	-0.0010530984758	0.00731086156347	-0.0247718406755
k__Bacteria;p__Firmicutes;c__Clostridia;o__Clostridiales;f__Ruminococcaceae;g__Faecalibacterium;s__Faecalibacterium_prausnitzii	0.0127650138073	-0.0284786881562	0.00594059056342	-0.0238682274537	-0.0190260268547	-0.0571202968716	0.0105075485322	1.0	-0.0178824270147	-0.0379299031862	0.026514741658	-0.0596339568118	0.0268155252234	-0.0206990047095	-0.0275547358929	0.016682612292	0.00665083365104	-0.0397446736771	-0.038213153875	-0.0167506550098	0.0492559416265	-0.0336931627636	0.00660447844637	-0.00966413290985	-0.0122449993893	-0.0224186705176	-0.0142471077806	0.0419104381667	0.00977190111142	0.0833274712345	-0.0269368117976	-0.0432396557369	0.0432530240791	-0.00633306890355	0.00647577505093	0.00702644154202	0.0581632835539	0.00610270499299	-0.0185127471766	0.0421743249131	0.008409776094	-0.0290606945043	0.023809524936	-0.05613714864	-0.0709432119994	0.0114992524325	-0.0103275847694	-0.0312385452545	-0.0658213934919	-0.0686752036746	-0.0464567192897	0.0124573737884	0.014204069422	-0.0171807097652	-0.0103944612322	-0.00421143723059	0.0228755424016	-0.00542705121541	0.0183362345742
k__Bacteria;p__Bacteroidetes;c__Bacteroidia;o__Bacteroidales;f__Rikenellaceae;g__Alistipes;s__Alistipes_finegoldii	0.0171341369579	0.0405632547174	-0.00711876490064	-0.0118541945878	-0.00565179053899	-0.0278760740352	-0.0439732185098	-0.0178824270147	1.0	0.0163996201756	0.00629349908457	-0.0127985644504	-0.0530033702511	0.0363345072714	-0.00490021509066	-0.0238686939668	-0.0853212185572	-0.0417061060983	-0.0500720593708	0.00840482410001	0.0844659463727	-0.013629300441	0.000439859003859	0.00843894540551	-0.0252734036771	-0.0883715457987	0.0194155891521	-0.00539677127197	-0.0248032386213	-0.0501721582409	-0.0367516141776	-0.0482705418254	0.0260055978219	0.000119400171208	-0.0124124195489	0.03112450942	-0.0166465997407	-0.000156490232105	-0.00632967811389	0.0134113798558	-0.00596421270416	-0.018201194669	0.0138170489197	-0.0413341805066	-0.0410810152553	-0.0407670630253	0.0427702556871	0.0123868507611	-0.0302525023167	-0.0395960642746	-0.017108830674	0.0304475483932	-0.0902687568157	-0.086657993266	0.0276962236538	0.0132299682058	0.00642392363744	0.0214173629527	-0.0264726184473
k__Bacteria;p__Bacteroidetes;c__Bacteroidia;o__Bacteroidales;f__Porphyromonadaceae;g__Parabacteroides;s__Parabacteroides_distasonis	0.0242487670816	-0.0348076637929	-0.0375773478978	0.0191292710713	0.00409019822224	-0.0438688141894	-0.0418200985845	-0.0379299031862	0.0163996201756	1.0	-0.0248321864537	-0.00833178543416	0.0071076658655	-0.0326748027312	-0.0488323394855	0.0301687796131	-0.00945719221301	-0.0134021316088	-0.004936077849	-0.00444919603102	-0.0112615577643	-0.0417627684354	0.0425602131258	0.011823237272	0.0639219984381	0.00887578386157	-0.0311360521774	-0.0194596780504	-0.0425268464998	0.00448919587614	0.0205110847334	-0.0219277820272	-0.0593980190953	0.00834847582571	-0.00278355911541	-0.0442329910789	-0.0415869508528	-0.0454408028718	-0.0105727028702	0.0225556868851	-0.0214190805195	0.0968333386332	0.0316534560275	0.025137434657	0.0330240873696	0.0234604610944	-0.0418252057027	0.0131582448432	0.00204171294201	-0.0849962921975	-0.0114616233543	0.0195157554778	-0.0180637345399	-0.00896788699834	0.0056251673584	0.000937538939277	0.0254277671115	0.0224706010527	0.0183846895665
k__Bacteria;p__Bacteroidetes;c__Bacteroidia;o__Bacteroidales;f__Bacteroidaceae;g__Bacteroides;s__Bacteroides_thetaiotaomicron	-0.0240543001091	0.0229180778133	-0.0269515500951	-0.0471705211979	-0.00683282627876	-0.00157600736222	-0.0107522821411	0.026514741658	0.00629349908457	-0.0248321864537	1.0	0.0107254296383	0.0112503125434	-0.0171134904757	0.0138163118073	0.0141710355905	-0.00850897766214	0.0537836537412	-0.0433170562254	0.0292331382298	0.0381866862126	-0.030722364504	0.0317397922968	0.0226218599577	0.00369220078263	-0.0551841176234	-0.0222129921706	-0.00361040147398	0.00612584899389	0.0207286078317	0.00830617380667	0.0345274405873	-0.0250277958576	-0.00056392878715	-0.0018603308682	-0.000463562135316	-0.0390012823076	-0.0094370055681	0.0273890095294	-0.00856419217239	-0.000169086777922	-0.0226184975092	0.000574282088474	-0.0023863912056	-0.0616678536752	-0.00477858807741	-0.0354988269981	-0.0229811594498	-0.044575997576	-0.0470397520547	-0.000223863119063	-0.065602833375	-0.0517219100124	-0.0096402935485	-0.0669577828698	-0.0354692881657	0.00668174301024	0.0231574802295	0.01472153736
k__Bacteria;p__Bacteroidetes;c__Bacteroidia;o__Bacteroidales;f__Bacteroidaceae;g__Bacteroides;s__Bacteroides_coprocola	-0.0642181042797	-0.0270734238417	-0.0487057355768	-0.023261783266	0.00172191576149	0.00990860601381	0.0192530899028	-0.0596339568118	-0.0127985644504	-0.00833178543416	0.0107254296383	1.0	0.0118203450749	-0.0180310517643	-0.0185107306396	-0.0367755058574	0.0309071120265	0.00512109487909	0.0409252302919	0.015761660039	-0.00769063332046	-0.0265854660774	-0.0672134066547	-0.0123141043289	0.0664607813316	-0.0452008283772	0.00393127492186	-0.0578748349624	-0.031190769916	-0.0281619517967	-0.0375984995024	-0.0414475351248	0.00620754972942	0.0395886959307	0.035232832721	-0.04530297909	-0.0343170014279	-0.0191168085632	-0.0222937050082	-0.00439026018501	-0.0577192690076	-0.0228487377795	-0.0538311622432	-0.0319877140551	0.0445004130077	-0.0419588209284	0.0141539561134	-0.0208922601603	0.000620315794471	0.0403475751387	0.03933479344	0.0237834758469	-0.0420293369319	0.0205993437474	-0.00586058578747	0.0112620507587	0.0181324266455	0.0350994342765	-0.000422822224397
k__Bacteria;p__Bacteroidetes;c__Bacteroidia;o__Bacteroidales;f__Bacteroidaceae;g__Bacteroides;s__Bacteroides_cellulosilyticus	-0.0055575706317	-0.0406519497486	0.00257560233844	-0.00487007967938	0.0312900047567	0.0112440346671	-0.037830449506	0.0268155252234	-0.0530033702511	0.0071076658655	0.0112503125434	0.0118203450749	1.0	0.0222543125866	-0.0101931603722	-0.00764947579983	-0.0296275843941	-0.0365066076542	-0.0722425170383	0.0173101595981	0.000985684818562	-0.0231397474188	0.00632965609192	0.0179851655579	-0.0831325558879	-0.0367448737916	-0.036149253511	-0.0862256947715	0.0274304176372	0.0304007489694	0.0520765014987	0.035624019512	0.0134978950184	0.052536919295	-0.0334480978714	0.0104069246145	-0.0491682275524	0.020833617751	-0.0226579717021	0.0487900616991	0.00159819823177	-0.0202410500073	-0.0391259039882	-0.0206345877646	0.00483447051828	0.015820465089	0.00198987525023	-0.0662564316385	0.00817528783217	0.0594464292483	0.0233516726063	-0.0135327422759	0.023732741275	0.0214346831781	0.0789667752959	-0.0443567478387	0.00756084910038	-0.0193705156368	-0.0628495061838
k__Bacteria;p__Bacteroidetes;c__Bacteroidia;o__Bacteroidales;f__Rikenellaceae;g__Alistipes;s__Alistipes_obesi	-0.0122140923524	-0.00370901290761	0.00698870443664	-0.053481542465	-0.0372138071376	0.021940814274	-0.0360378689512	-0.0206990047095	0.0363345072714	-0.0326748027312	-0.0171134904757	-0.0180310517643	0.0222543125866	1.0	-0.0276702325217	-0.0102272743023	-0.0562068286836	0.00427820842841	-0.0217331939385	-0.0765506322464	-0.0821615046028	-0.0304483904839	0.0206906573388	0.00516853079698	-0.00772637363896	-0.0151451804326	-0.0235553634031	-0.0424094494673	0.0206273078655	0.00703185447771	-0.0587633008614	-0.0365853917642	-0.0571868579852	-0.0108008100686	-0.0635082146967	0.00256298445139	0.030374168451	0.0509632879382	-0.0472299804529	-0.00549092199754	-0.0167203895944	-0.0208114972951	-0.018624815881	-0.053092658701	-0.00303154645816	-0.0213773931885	0.00482535222199	0.00417740976996	-0.0351949356305	-0.0315603671691	0.0246745886976	0.0284616110803	-0.0454405650788	-0.0457406791793	-0.0434345678773	-0.0270001801966	0.0113574405858	0.00623543081708	0.0203966149796
k__Bacteria;p__Firmicutes;c__Clostridia;o__Clostridiales;f__Lachnospiraceae;g__;s__[Eubacterium]_rectale	0.00744720427715	-0.0375922537991	0.0437544399879	-0.00136309399124	0.0257941695335	-0.0180677930564	0.0322359113912	-0.0275547358929	-0.00490021509066	-0.0488323394855	0.0138163118073	-0.0185107306396	-0.0101931603722	-0.0276702325217	1.0	0.00429269371842	0.0412333214054	-0.0113517138477	-0.0760212059081	0.057517557289	0.0493320362071	-0.00365176273587	-0.0771707217779	0.0165127591466	-0.0180941515456	0.0267460893513	-0.00981142983723	-0.0290870190587	-0.0188300082931	-0.0449189250757	-0.0124059251787	0.0336266755766	-0.0325252995115	-0.0452264581486	-0.0085522349302	-0.00711073152265	-0.0314461908451	0.00195621929165	0.00233002506063	-0.0403602919528	0.0223318836923	-0.0776154603497	-0.0200894076846	0.00779970687604	-0.0144361252957	-0.0192892422299	0.0306313486645	-0.050217276428	0.0212386977816	0.0131838417522	-0.0128015345732	-0.00139586340191	-0.0106129867643	-0.00669145850843	0.010838790922	-0.0276331365149	-0.0230848542581	-0.00470842406302	-0.0500655988269
k__Bacteria;p__Bacteroidetes;c__Bacteroidia;o__Bacteroidales;f__Bacteroidaceae;g__Bacteroides;s__Bacteroides_plebeius	-0.0772789239258	0.0343373444796	0.0506432080072	-0.00301560298314	-0.036175164094	-0.0434300310628	-0.000531256671092	0.016682612292	-0.0238686939668	0.0301687796131	0.0141710355905	-0.0367755058574	-0.00764947579983	-0.0102272743023	0.00429269371842	1.0	-0.00238955086702	-0.0312319777411	0.00390106775417	-0.0412091675413	-0.0026915598777	-0.0866210691538	-0.0270969431118	0.0237546363973	-0.0316237649324	-0.00992032779381	-0.014355792198	-0.029398127797	0.0106908052155	0.0312607170135	0.0278494763587	0.0357266815092	-0.048807280907	-0.0589647571361	0.0842061759544	-0.0111943591089	0.0353866327564	0.00852942705075	0.0140865291517	0.0609230470403	-0.000817293184546	0.016460254922	0.0653639557485	0.045353559547	0.0112807902054	-0.0212435949296	0.0409343338129	-0.000518295104718	-0.017347101316	0.0239770047222	0.0161119106992	-0.0140918523813	-0.0405873885629	-0.0467107286941	-0.0145159052837	-0.0569330872933	0.0102527588327	0.0188517128605	-0.0219587451985
k__Bacteria;p__Bacteroidetes;c__Bacteroidia;o__Bacteroidales;f__Bacteroidaceae;g__Bacteroides;s__Bacteroides_fragilis	-0.0324731786863	0.00735668724792	0.0136005301984	0.0111092966735	-0.0864817833146	0.0138298464281	-0.00691955124727	0.00665083365104	-0.0853212185572	-0.00945719221301	-0.00850897766214	0.0309071120265	-0.0296275843941	-0.0562068286836	0.0412333214054	-0.00238955086702	1.0	-0.0040597418421	-0.0302771483789	-0.0118101698535	-0.0385471034941	0.0174920741731	-0.0185442011191	0.00793047279308	0.00908255957587	0.00317414406032	-0.0421441792836	-0.0405059395782	0.00870499936823	0.0173121551165	0.0183800852296	-0.0412388864413	-0.0347346007672	-0.00299676012856	0.0790061427534	0.0575569885143	-0.00287157761006	-0.0128317892846	-0.060028296081	-0.0192073741471	-0.013139571469	0.0351974698456	-0.0175787881497	-0.0711596444251	0.0139666614577	0.0580644273251	-0.0586474524935	-0.0319856003485	-0.022653924521	0.00274835594055	-0.0287117542541	0.0186597258828	0.0164849587183	0.00374784558581	-0.0526118914349	0.00407201470722	-0.00902907942083	0.0144444553656	0.0348878343111
k__Bacteria;p__Proteobacteria;c__Betaproteobacteria;o__Burkholderiales;f__Sutterellaceae;g__Sutterella;s__Sutterella_wadsworthensis	-0.074305855301	0.024610950264	-0.0665834439504	-0.00613215949347	-0.0409527888851	0.00223035902349	0.015126717953	-0.0397446736771	-0.0417061060983	-0.0134021316088	0.0537836537412	0.00512109487909	-0.0365066076542	0.00427820842841	-0.0113517138477	-0.0312319777411	-0.0040597418421	1.0	0.0195081591129	0.000117182103862	-0.0427440434452	0.00761293853797	0.00651742418825	-0.0536866258479	-0.0748189783628	-0.0095188998306	0.037245808916	-0.0139762975278	-0.0217750527592	-0.0205827111171	0.012477917513	-0.0753549627893	0.0496401383602	-0.0528803576486	0.00114652905926	0.0198993755134	0.0222269970789	-0.000177979503853	0.0642863962717	-0.00843430632763	-0.0121428084693	-0.00386057101521	0.0171831255911	-0.0203992605384	-0.0032301790228	-0.0701912427052	-0.0171144354126	-0.0338378800934	0.0339741659059	0.0867224487299	-0.0432062453967	-0.023560041981	-0.0334657019778	0.0617231038591	-0.0284475273431	-0.0326308519978	0.0358356444783	-0.00488013907377	-0.018443120204
k__Bacteria;p__Bacteroidetes;c__Bacteroidia;o__Bacteroidales;f__Porphyromonadaceae;g__Barnesiella;s__Barnesiella_intestinihominis	0.0084245607521	-0.0323652887807	0.00839848413535	-0.00497726003255	-0.0378799265399	0.00430913446037	-0.0848836293883	-0.038213153875	-0.0500720593708	-0.004936077849	-0.0433170562254	0.0409252302919	-0.0722425170383	-0.0217331939385	-0.0760212059081	0.00390106775417	-0.0302771483789	0.0195081591129	1.0	-0.0174393485224	0.0277754006542	-0.0387489863994	-0.0343985767737	-0.040121927093	0.0151953527675	0.0593735339308	0.0285710193067	0.00184930015498	-0.0444570312047	0.0338204893168	-0.0358448309975	0.04729849694	0.0116354970948	0.0452012375942	-0.0119869043488	-0.0653383767216	-0.0168019211761	-0.029159346083	0.00740654189922	-0.032435291042	-0.0452725297123	-0.00436235159634	-0.00222417036494	0.0196813101757	-0.00183636250086	0.00750399577336	0.00559219031253	0.0114996239172	-0.0107562375883	0.0225850114992	0.0131190309187	-0.0283607670242	-0.0393572248206	-0.021092698782	-0.00874739969311	0.00872574937506	0.0450964744168	-0.0391105874146	-0.0474402815963
k__Bacteria;p__Bacteroidetes;c__Bacteroidia;o__Bacteroidales;f__Odoribacteraceae;g__Odoribacter;s__Odoribacter_splanchnicus	-0.027808199923	-0.0231530705153	0.0145671991589	-8.73643661124e-05	-0.046015811888	0.0163970304888	0.0213710026252	-0.0167506550098	0.00840482410001	-0.00444919603102	0.0292331382298	0.015761660039	0.0173101595981	-0.0765506322464	0.057517557289	-0.0412091675413	-0.0118101698535	0.000117182103862	-0.0174393485224	1.0	0.0159642224436	-0.0136381355474	0.00173867615947	0.031991179967	-0.0285833985588	0.0256541103251	-0.0123332144668	-0.0307034289435	0.00773932411908	-0.0315661927777	0.0435496668469	-0.00344465327496	0.0147364294754	0.0544031467996	-0.0747362541047	-0.0189918233419	0.0334735116427	0.0125183366628	-0.00782857345688	0.0408680721295	-0.00276981746606	-0.0107005619712	-0.0174069381089	0.0422536806302	-0.0348955231153	-0.0701134296405	-0.00867630198121	-0.00855808639979	-0.0060088942454	-0.0011632427739	0.0502057963946	-0.0184951921129	-0.023840518731	-0.0351230280501	-0.0276906978659	0.0314217538624	-0.0314962382048	-0.00374302580075	-0.0087990568208
k__Bacteria;p__Bacteroidetes;c__Bacteroidia;o__Bacteroidales;f__Bacteroidaceae;g__Bacteroides;s__Bacteroides_salyersiae	-0.0141169617876	-0.00383339852625	-0.0893836772891	-0.0520169733462	-0.0110381520755	0.0592569989685	0.0111493709266	0.0492559416265	0.0844659463727	-0.0112615577643	0.0381866862126	-0.00769063332046	0.000985684818562	-0.0821615046028	0.0493320362071	-0.0026915598777	-0.0385471034941	-0.0427440434452	0.0277754006542	0.0159642224436	1.0	-0.0530645814621	-0.0170791301848	-0.000644927429484	0.0234103050534	-0.0438341629896	-0.0634699726233	-0.0240582412023	0.0115842804509	0.0256097994221	0.00116459866378	0.0223670157989	-0.0124323384392	-0.018146001627	-0.00572039652288	-0.0398383047227	-0.0245967008199	0.00426145973261	0.0107263664286	-0.0140887702948	-0.0389068383508	0.00519547890158	0.0401618414962	0.0203086566629	-0.0014811719684	-0.0240962268241	-0.0481319668383	0.0205316160027	0.00656828508406	-0.0531910606286	0.00143421971729	-0.00283969151753	0.00535656509428	-0.0981781946041	-0.0392200392101	0.0216470222781	0.0447645406522	-0.00889430320692	0.0331445960214
k__Bacteria;p__Firmicutes;c__Clostridia;o__Clostridiales;f__Ruminococcaceae;g__Ruminiclostridium;s__[Eubacterium]_siraeum	0.0247516708321	0.0422114519446	0.0501756353095	-0.0219878615346	-0.0342541960663	0.0190581104266	0.0442967675524	-0.0336931627636	-0.013629300441	-0.0417627684354	-0.030722364504	-0.0265854660774	-0.0231397474188	-0.0304483904839	-0.00365176273587	-0.0866210691538	0.0174920741731	0.00761293853797	-0.0387489863994	-0.0136381355474	-0.0530645814621	1.0	-0.0158102172312	-0.101015282453	-0.014166519875	0.0150654282012	0.0144801198604	-0.0114286297522	0.00398728278563	-0.00944444688584	0.0236653614853	-0.0525648599441	-0.0158548808094	-0.0130685198881	-0.0398294910434	-0.0337104478177	-0.021794653326	0.0101059754772	0.0109498734769	-0.0252181169292	0.0463881554343	0.0285279662738	-0.0427687377969	0.037044022679	-0.0301835809999	0.0414713217646	0.00896584720715	-0.0316865045358	-0.0470446613954	0.090505616518	-0.0280038343977	-0.0472773678072	0.0166573289965	0.0209454934183	-0.0237556427278	-0.0284198886662	-0.0251282497636	0.0277925031714	0.0531476498324
k__Bacteria;p__Proteobacteria;c__Betaproteobacteria;o__Burkholderiales;f__Sutterellaceae;g__Parasutterella;s__Parasutterella_excrementihominis	-0.0149923869023	-0.0309607540399	-0.0240561834054	-0.0401089625918	-0.0379733771695	-0.0140078391351	-0.0256465756258	0.00660447844637	0.000439859003859	0.0425602131258	0.0317397922968	-0.0672134066547	0.00632965609192	0.0206906573388	-0.0771707217779	-0.0270969431118	-0.0185442011191	0.00651742418825	-0.0343985767737	0.00173867615947	-0.0170791301848	-0.0158102172312	1.0	0.0236637392292	0.0286953271067	-0.028886180391	-0.0456239545988	-0.0609022404819	0.0572689916373	-0.00818936148752	0.0254645090443	0.0277313943365	0.0719262086691	-0.0367437949094	0.00495248839575	-0.0241184100793	0.036356600546	0.0350592004275	-0.0278401058289	-0.0625122286615	0.0295885099206	-0.0225059353101	-0.000206803181173	0.0297919152192	-0.0588679121101	-0.0201206275718	-0.00726744650516	-0.0333044021908	-0.00650964695645	-0.0750161093863	0.0131953980043	-0.0350053180949	-0.00585300584516	0.0125267004769	0.00605774693751	-0.0427449079906	-0.0292394823978	0.0082603133406	-0.00892104848558
k__Bacteria;p__Actinobacteria;c__Actinobacteria;o__Bifidobacteriales;f__Bifidobacteriaceae;g__Bifidobacterium;s__Bifidobacterium_adolescentis	-0.0109955203743	0.0188837604527	-0.0327169105981	-0.0408997560143	-0.00747065921154	0.0671431034291	-0.0234941521703	-0.00966413290985	0.00843894540551	0.011823237272	0.0226218599577	-0.0123141043289	0.0179851655579	0.00516853079698	0.0165127591466	0.0237546363973	0.00793047279308	-0.0536866258479	-0.040121927093	0.031991179967	-0.000644927429484	-0.101015282453	0.0236637392292	1.0	-0.0869518892581	0.0180197688881	0.00010875437766	0.0571991809584	0.0350203484241	-0.0177474778372	-0.0556784611086	0.0152312714499	0.0274865560944	-0.0133837029456	0.069007087316	0.082645187101	-0.0120711402838	-0.0336537563753	0.0139107943363	0.0383739649506	0.0214062219602	-0.0812689209529	0.00187168620791	-0.0334684357223	-0.0446499474538	-0.0113868280266	-0.0121194362483	-0.061366073167	-0.0343789419702	-0.0503301787087	0.0132435959445	-0.00977341067037	-0.0276651423158	-0.0566235091208	0.0166872663366	0.0145486017923	0.0194252454283	-0.0502080222468	-0.0353368500665
k__Bacteria;p__Firmicutes;c__Clostridia;o__Clostridiales;f__Oscillospiraceae;g__Oscillibacter;s__Oscillibacter_sp._KLE_1745	-0.00527786933449	-0.00433670440639	0.00500977877267	-0.0204697089618	-0.00189348966875	0.0373330100566	-0.0090482845976	-0.0122449993893	-0.0252734036771	0.0639219984381	0.00369220078263	0.0664607813316	-0.0831325558879	-0.00772637363896	-0.0180941515456	-0.0316237649324	0.00908255957587	-0.0748189783628	0.0151953527675	-0.0285833985588	0.0234103050534	-0.014166519875	0.0286953271067	-0.0869518892581	1.0	0.00167525012706	-0.043289575009	0.0583807755068	-0.0519879881457	0.0087113787485	0.0182124666908	-0.0267732121006	-0.0119685661474	-0.00170324471694	0.0331748342985	-0.0254580787515	-0.00565882586657	0.042067911214	-0.0299213354383	-0.0207986596408	-0.0509679484573	0.0247311097744	-0.0232803342545	-0.0280289246923	-0.0088663882862	-0.00193596908044	0.0550347884664	-0.0543683703342	0.00474442757174	-0.029076277124	-0.0621818241464	-0.000536659783065	-0.0314687486805	0.0796179940722	-0.000242569815017	-0.0150556906719	0.00192060202561	0.0130646745676	0.00539888133265
k__Bacteria;p__Bacteroidetes;c__Bacteroidia;o__Bacteroidales;f__Bacteroidaceae;g__Bacteroides;s__Bacteroides_coprophilus	0.046549542969	0.00646553079496	-0.0327121252332	-0.0255083820906	-0.0260738162933	0.0372886641358	0.0391977402698	-0.0224186705176	-0.0883715457987	0.00887578386157	-0.0551841176234	-0.0452008283772	-0.0367448737916	-0.0151451804326	0.0267460893513	-0.00992032779381	0.00317414406032	-0.0095188998306	0.0593735339308	0.0256541103251	-0.0438341629896	0.0150654282012	-0.028886180391	0.0180197688881	0.00167525012706	1.0	0.00775350476162	0.00167911923621	-0.0316627445527	-0.107707135533	-0.0720032468243	-0.0129775958713	-0.0180462465465	-0.0077438319733	-0.0332537489824	-0.0032659435594	-0.00516180593151	0.0190805003791	-0.0298960550821	-0.0442010146857	-0.0892458558008	0.0251113063786	-0.0137222973914	0.0584446660546	-0.0115801841991	0.0124899131105	-0.0451748850296	0.0457665967879	-0.0363611967031	-0.0186696765642	-0.0415530082465	-0.0248680645473	-0.0189462473781	0.0508837958657	0.0148302968269	-0.104548157829	-0.0213200326045	0.00174334284864	0.000402179550777
k__Bacteria;p__Firmicutes;c__Clostridia;o__Clostridiales;f__Lachnospiraceae;g__Roseburia;s__Roseburia_intestinalis	-0.028738370775	-0.00722393023403	-0.00452570882916	-0.0389599385374	0.00915992791801	-0.0343613435553	-0.0160964384227	-0.0142471077806	0.0194155891521	-0.0311360521774	-0.0222129921706	0.00393127492186	-0.036149253511	-0.0235553634031	-0.00981142983723	-0.014355792198	-0.0421441792836	0.037245808916	0.0285710193067	-0.0123332144668	-0.0634699726233	0.0144801198604	-0.0456239545988	0.00010875437766	-0.043289575009	0.00775350476162	1.0	-0.000456526684441	0.00650822614117	0.0416846607544	-0.0899449671259	-0.014165599353	0.0330980273529	0.00107328345507	-0.0222460015231	0.0371838765226	-0.0153764409097	-0.0339926922285	-0.0286524427753	-0.0012050128823	-0.0110883893085	-0.047457843364	-0.000723251843418	-0.0752977228475	0.0135889821492	0.0107688477513	0.0364634117991	-0.0192451126033	0.0240144387761	-0.00118949202378	-0.0294505488112	-0.029735771725	-0.0719192617548	-0.00644007195156	0.0249651393914	0.00208376215941	-0.0306804512714	-0.0364659491323	0.00209194562116
k__Bacteria;p__Firmicutes;c__Clostridia;o__Clostridiales;f__Lachnospiraceae;g__Roseburia;s__Roseburia_hominis	0.00323234933145	0.00877432058039	0.0569013947886	-0.0408658266104	-0.0839831667335	-0.0483889851588	-0.0515067761513	0.0419104381667	-0.00539677127197	-0.0194596780504	-0.00361040147398	-0.0578748349624	-0.0862256947715	-0.0424094494673	-0.0290870190587	-0.029398127797	-0.0405059395782	-0.0139762975278	0.00184930015498	-0.0307034289435	-0.0240582412023	-0.0114286297522	-0.0609022404819	0.0571991809584	0.0583807755068	0.00167911923621	-0.000456526684441	1.0	0.0259349350397	0.0320466141057	0.0250017523357	0.0234204280274	-0.0353090453682	-0.00251400504449	0.00249019905374	0.0163024291757	-0.00865891538148	-0.0135590069515	0.00645629910615	-0.00018290520805	0.0105149279414	0.00325108489229	-0.0468234607097	0.020617857506	-0.0221629606843	0.0191171504646	-0.00265642429555	0.0221064622287	0.0202051743017	-0.0438682828921	0.000340951956674	-0.0233947775754	0.021386290694	-0.003401335283	-0.0416050126002	0.0273426153632	0.00404859677623	0.0186213310433	-0.0280232017629
k__Bacteria;p__Bacteroidetes;c__Bacteroidia;o__Bacteroidales;f__Porphyromonadaceae;g__Parabacteroides;s__Parabacteroides_johnsonii	0.0272596133288	0.0714996783606	-0.00608979560154	-0.0282602971243	0.00279731531666	-0.00670613545533	-0.0401602502191	0.00977190111142	-0.0248032386213	-0.0425268464998	0.00612584899389	-0.031190769916	0.0274304176372	0.0206273078655	-0.0188300082931	0.0106908052155	0.00870499936823	-0.0217750527592	-0.0444570312047	0.00773932411908	0.0115842804509	0.00398728278563	0.0572689916373	0.0350203484241	-0.0519879881457	-0.0316627445527	0.00650822614117	0.0259349350397	1.0	-0.0208601156506	-0.0222499381677	0.0350517854448	0.0330779309415	-0.0485702125968	0.0219911250896	-0.0155213868932	0.0154334808122	-0.0195744427244	-0.00669460211789	0.00220442779585	-0.0835150112528	-0.01858161265	-0.022832438758	0.00341095074502	-0.0124851866817	0.0180310364346	-0.0215192740271	-0.057196810854	-0.00143546791648	-0.00861936759918	-0.0107639081392	0.00699916784416	0.00133623063916	0.016855111095	0.0275077815747	0.0134656739624	0.0120626185401	-0.00772806738202	0.00780978144483
k__Bacteria;p__Actinobacteria;c__Actinobacteria;o__Bifidobacteriales;f__Bifidobacteriaceae;g__Bifidobacterium;s__Bifidobacterium_longum	-0.0166506065155	-0.00465945048613	-0.0543562625506	-0.0341732190458	-0.0118667201653	-0.016048853543	-0.0121349617924	0.0833274712345	-0.0501721582409	0.00448919587614	0.0207286078317	-0.0281619517967	0.0304007489694	0.00703185447771	-0.0449189250757	0.0312607170135	0.0173121551165	-0.0205827111171	0.0338204893168	-0.0315661927777	0.0256097994221	-0.00944444688584	-0.00818936148752	-0.0177474778372	0.0087113787485	-0.107707135533	0.0416846607544	0.0320466141057	-0.0208601156506	1.0	-0.014567020763	0.0357159311496	-0.0481232052251	-0.00328431313615	-0.00854183796459	0.0442674258186	0.00887986095997	-0.027509203018	-0.0374315688215	0.0377977369712	0.00733401661362	-0.00940913485851	-0.0139359541224	-0.0407981243635	-0.0921796068624	0.00741552666667	-0.0317897241715	0.0277718610202	-0.0706724762796	0.00494936752783	-0.033036251056	-0.0147173304527	-0.0109965737278	-0.0235585424392	-0.0206001154061	0.0347235514856	0.0612433781351	-0.0747639224815	-0.0239755177843
