#taxonomy	k__Bacteria;p__Bacteroidetes;c__Bacteroidia;o__Bacteroidales;f__Bacteroidaceae;g__Bacteroides;s__Bacteroides_vulgatus	k__Bacteria;p__Bacteroidetes;c__Bacteroidia;o__Bacteroidales;f__Bacteroidaceae;g__Bacteroides;s__Bacteroides_uniformis	k__Bacteria;p__Bacteroidetes;c__Bacteroidia;o__Bacteroidales;f__Rikenellaceae;g__Alistipes;s__Alistipes_putredinis	k__Bacteria;p__Bacteroidetes;c__Bacteroidia;o__Bacteroidales;f__Prevotellaceae;g__Prevotella;s__Prevotella_copri	k__Bacteria;p__Bacteroidetes;c__Bacteroidia;o__Bacteroidales;f__Bacteroidaceae;g__Bacteroides;s__Bacteroides_stercoris	k__Bacteria;p__Bacteroidetes;c__Bacteroidia;o__Bacteroidales;f__Bacteroidaceae;g__Bacteroides;s__Bacteroides_ovatus	k__Bacteria;p__Bacteroidetes;c__Bacteroidia;o__Bacteroidales;f__Rikenellaceae;g__Alistipes;s__Alistipes_shahii	k__Bacteria;p__Firmicutes;c__Clostridia;o__Clostridiales;f__Ruminococcaceae;g__Faecalibacterium;s__Faecalibacterium_prausnitzii	k__Bacteria;p__Bacteroidetes;c__Bacteroidia;o__Bacteroidales;f__Rikenellaceae;g__Alistipes;s__Alistipes_finegoldii	k__Bacteria;p__Bacteroidetes;c__Bacteroidia;o__Bacteroidales;f__Porphyromonadaceae;g__Parabacteroides;s__Parabacteroides_distasonis	k__Bacteria;p__Bacteroidetes;c__Bacteroidia;o__Bacteroidales;f__Bacteroidaceae;g__Bacteroides;s__Bacteroides_thetaiotaomicron	k__Bacteria;p__Bacteroidetes;c__Bacteroidia;o__Bacteroidales;f__Bacteroidaceae;g__Bacteroides;s__Bacteroides_coprocola	k__Bacteria;p__Bacteroidetes;c__Bacteroidia;o__Bacteroidales;f__Bacteroidaceae;g__Bacteroides;s__Bacteroides_cellulosilyticus	k__Bacteria;p__Bacteroidetes;c__Bacteroidia;o__Bacteroidales;f__Rikenellaceae;g__Alistipes;s__Alistipes_obesi	k__Bacteria;p__Firmicutes;c__Clostridia;o__Clostridiales;f__Lachnospiraceae;g__;s__[Eubacterium]_rectale	k__Bacteria;p__Bacteroidetes;c__Bacteroidia;o__Bacteroidales;f__Bacteroidaceae;g__Bacteroides;s__Bacteroides_plebeius	k__Bacteria;p__Bacteroidetes;c__Bacteroidia;o__Bacteroidales;f__Bacteroidaceae;g__Bacteroides;s__Bacteroides_fragilis	k__Bacteria;p__Proteobacteria;c__Betaproteobacteria;o__Burkholderiales;f__Sutterellaceae;g__Sutterella;s__Sutterella_wadsworthensis	k__Bacteria;p__Bacteroidetes;c__Bacteroidia;o__Bacteroidales;f__Porphyromonadaceae;g__Barnesiella;s__Barnesiella_intestinihominis	k__Bacteria;p__Bacteroidetes;c__Bacteroidia;o__Bacteroidales;f__Odoribacteraceae;g__Odoribacter;s__Odoribacter_splanchnicus	k__Bacteria;p__Bacteroidetes;c__Bacteroidia;o__Bacteroidales;f__Bacteroidaceae;g__Bacteroides;s__Bacteroides_salyersiae	k__Bacteria;p__Firmicutes;c__Clostridia;o__Clostridiales;f__Ruminococcaceae;g__Ruminiclostridium;s__[Eubacterium]_siraeum	k__Bacteria;p__Proteobacteria;c__Betaproteobacteria;o__Burkholderiales;f__Sutterellaceae;g__Parasutterella;s__Parasutterella_excrementihominis	k__Bacteria;p__Actinobacteria;c__Actinobacteria;o__Bifidobacteriales;f__Bifidobacteriaceae;g__Bifidobacterium;s__Bifidobacterium_adolescentis	k__Bacteria;p__Firmicutes;c__Clostridia;o__Clostridiales;f__Oscillospiraceae;g__Oscillibacter;s__Oscillibacter_sp._KLE_1745	k__Bacteria;p__Bacteroidetes;c__Bacteroidia;o__Bacteroidales;f__Bacteroidaceae;g__Bacteroides;s__Bacteroides_coprophilus	k__Bacteria;p__Firmicutes;c__Clostridia;o__Clostridiales;f__Lachnospiraceae;g__Roseburia;s__Roseburia_intestinalis	k__Bacteria;p__Firmicutes;c__Clostridia;o__Clostridiales;f__Lachnospiraceae;g__Roseburia;s__Roseburia_hominis	k__Bacteria;p__Bacteroidetes;c__Bacteroidia;o__Bacteroidales;f__Porphyromonadaceae;g__Parabacteroides;s__Parabacteroides_johnsonii	k__Bacteria;p__Actinobacteria;c__Actinobacteria;o__Bifidobacteriales;f__Bifidobacteriaceae;g__Bifidobacterium;s__Bifidobacterium_longum	k__Bacteria;p__Firmicutes;c__Clostridia;o__Clostridiales;f__;g__Flavonifractor;s__Flavonifractor_plautii	k__Bacteria;p__Firmicutes;c__Clostridia;o__Clostridiales;f__Clostridiaceae;g__Clostridium;s__Clostridium_phoceensis	k__Bacteria;p__Verrucomicrobia;c__Verrucomicrobiae;o__Verrucomicrobiales;f__Akkermansiaceae;g__Akkermansia;s__Akkermansia_muciniphila	k__Bacteria;p__Bacteroidetes;c__Bacteroidia;o__Bacteroidales;f__Prevotellaceae;g__Paraprevotella;s__Paraprevotella_xylaniphila	k__Bacteria;p__Firmicutes;c__Clostridia;o__Clostridiales;f__Ruminococcaceae;g__Ruminococcus;s__Ruminococcus_callidus	k__Bacteria;p__Bacteroidetes;c__Bacteroidia;o__Bacteroidales;f__Rikenellaceae;g__Alistipes;s__Alistipes_senegalensis	k__Bacteria;p__Firmicutes;c__Clostridia;o__Clostridiales;f__Lachnospiraceae;g__Blautia;s__Blautia_sp._KLE_1732	k__Bacteria;p__Bacteroidetes;c__Bacteroidia;o__Bacteroidales;f__Bacteroidaceae;g__Bacteroides;s__Bacteroides_oleiciplenus	k__Bacteria;p__Firmicutes;c__Clostridia;o__Clostridiales;f__Ruminococcaceae;g__Ruminococcus;s__Ruminococcus_bicirculans	k__Bacteria;p__Bacteroidetes;c__Bacteroidia;o__Bacteroidales;f__Bacteroidaceae;g__Bacteroides;s__Bacteroides_fluxus	k__Bacteria;p__Bacteroidetes;c__Bacteroidia;o__Bacteroidales;f__Prevotellaceae;g__Prevotella;s__Prevotella_stercorea	k__Bacteria;p__Firmicutes;c__Clostridia;o__Clostridiales;f__Lachnospiraceae;g__Dorea;s__Dorea_longicatena	k__Bacteria;p__Firmicutes;c__Clostridia;o__Clostridiales;f__Eubacteriaceae;g__Eubacterium;s__[Eubacterium]_eligens	k__Bacteria;p__Firmicutes;c__Clostridia;o__Clostridiales;f__Ruminococcaceae;g__;s__Ruminococcaceae_bacterium_D16	k__Bacteria;p__Firmicutes;c__Clostridia;o__Clostridiales;f__Lachnospiraceae;g__Coprococcus;s__Coprococcus_comes	k__Bacteria;p__Proteobacteria;c__Gammaproteobacteria;o__Enterobacterales;f__Enterobacteriaceae;g__Escherichia;s__Escherichia_coli	k__Bacteria;p__Firmicutes;c__Clostridia;o__Clostridiales;f__Ruminococcaceae;g__Anaerotruncus;s__Anaerotruncus_colihominis	k__Bacteria;p__Firmicutes;c__Clostridia;o__Clostridiales;f__Lachnospiraceae;g__Blautia;s__Blautia_obeum	k__Bacteria;p__Bacteroidetes;c__Bacteroidia;o__Bacteroidales;f__Odoribacteraceae;g__Odoribacter;s__Odoribacter_laneus	k__Bacteria;p__Firmicutes;c__Clostridia;o__Clostridiales;f__Ruminococcaceae;g__Ruminiclostridium;s__[Clostridium]_leptum	k__Bacteria;p__Bacteroidetes;c__Bacteroidia;o__Bacteroidales;f__Porphyromonadaceae;g__Parabacteroides;s__Parabacteroides_goldsteinii	k__Bacteria;p__Firmicutes;c__Clostridia;o__Clostridiales;f__Lachnospiraceae;g__Anaerostipes;s__Anaerostipes_hadrus	k__Bacteria;p__Firmicutes;c__Clostridia;o__Clostridiales;f__Ruminococcaceae;g__Ruminococcus;s__Ruminococcus_lactaris	k__Bacteria;p__Firmicutes;c__Clostridia;o__Clostridiales;f__Clostridiaceae;g__Clostridium;s__Clostridium_sp._L2-50	k__Bacteria;p__Firmicutes;c__Clostridia;o__Clostridiales;f__Clostridiaceae;g__Clostridium;s__Clostridium_sp._M62/1	k__Bacteria;p__Firmicutes;c__Clostridia;o__Clostridiales;f__;g__Intestinimonas;s__Intestinimonas_butyriciproducens	k__Bacteria;p__Actinobacteria;c__Actinobacteria;o__Bifidobacteriales;f__Bifidobacteriaceae;g__Bifidobacterium;s__Bifidobacterium_bifidum	k__Bacteria;p__Firmicutes;c__Negativicutes;o__Veillonellales;f__Veillonellaceae;g__Dialister;s__Dialister_invisus	k__Bacteria;p__Bacteroidetes;c__Bacteroidia;o__Bacteroidales;f__Bacteroidaceae;g__Bacteroides;s__Bacteroides_salanitronis
k__Bacteria;p__Bacteroidetes;c__Bacteroidia;o__Bacteroidales;f__Bacteroidaceae;g__Bacteroides;s__Bacteroides_vulgatus	1.0	-0.0246339167219	-0.0253274725623	0.0472094686723	-0.0551025492231	-0.00208629633709	0.00910810144959	-0.0144034983121	-0.00430732492037	-0.00497809546578	0.00990479215564	0.0700574049787	-0.02380961169	-0.0147854687898	0.0143420016695	0.00142647600095	-0.00278720411929	-0.00975518983441	0.00567767299012	0.00361557035951	-0.0282393504067	-0.0253358500254	0.0124862855933	-0.0297714807693	0.0365419150465	0.0480441219629	0.0435795442892	-0.0221286486769	-0.0111590478627	-0.0725739968377	-0.0123109764681	-0.0184140758988	0.0432763211239	0.0180144865306	0.0109909410989	-0.0158930975077	-0.0389648454924	-0.0491136806899	-0.0205375577002	-0.00175449586051	0.0476507581321	0.008809436	0.0261267546989	-0.0141988937929	-0.0601719111491	-0.0380488786597	-0.0293080334053	0.0290221462291	0.000116562664912	0.0170201335889	0.0267138933832	-0.0191378248622	0.00802534021885	-0.0502004217927	-0.0346013338657	0.040784034891	-0.0419450441899	-0.0232667763273	0.0195316744199
k__Bacteria;p__Bacteroidetes;c__Bacteroidia;o__Bacteroidales;f__Bacteroidaceae;g__Bacteroides;s__Bacteroides_uniformis	-0.0246339167219	1.0	-0.0293837414806	-0.00888430225223	-0.00190149651037	-0.0711461246116	0.0478795974857	0.0384673826653	0.0265690569636	-0.0118756442814	-0.0544522030816	-0.0262106360768	0.00177179831256	0.0515020146439	-0.0163229738159	-0.034431341237	-0.0014395429588	0.0533288512833	-0.0350370469269	0.0117547176035	0.00572882857496	-0.0360755800922	0.0419052436597	0.0322066763648	-0.00629753811862	0.013570038955	0.045522141718	0.0309651967723	-0.0722369093879	-0.0232039063193	-0.0027619013035	-0.0167615873713	0.0262486836099	-0.0379459046771	-0.0379647923775	0.0206735876783	-0.0180366813276	0.000684837908426	-0.011880027395	-0.0955822575473	-0.0764004392608	0.0598345130738	0.000813881434979	0.0210921316158	-0.0278287226195	0.007265151778	0.000249309277895	0.0214404305356	0.0263537970631	-0.0105629769415	-0.00949453925096	-0.0277661687036	-0.00501032403934	-0.0216061966554	-0.0681018420084	-0.0569031127956	0.00229860363807	-0.0104998279609	-0.0307783561153
k__Bacteria;p__Bacteroidetes;c__Bacteroidia;o__Bacteroidales;f__Rikenellaceae;g__Alistipes;s__Alistipes_putredinis	-0.0253274725623	-0.0293837414806	1.0	-0.0375423038704	0.0853223395955	0.0357803875151	-0.0275842086787	-0.019069549139	-0.0169451672881	0.00207869027546	-0.0230454279847	0.0410966981982	-0.0290069385056	0.00564077844911	0.0624992150384	0.042338276997	-0.00950607819643	-0.00801342849516	-0.0155027629941	-0.0147466244481	0.0289402898874	-0.0667084975977	-0.0103887794103	-0.0185739336088	-0.0322097258415	-0.0211513336772	-0.0676861955513	0.0451191081037	0.0357857841497	0.02459362045	-0.0184333737396	-0.0198427782752	-0.0246195439078	0.0380821736322	-0.0151186762687	-0.00397832573757	-0.0176738678941	-0.0521069751171	0.0190494665216	0.0190621180325	0.0506194639264	0.0301186369479	0.0115401574987	0.021923024	-0.00994601685684	-0.0113381500841	-0.0214473189376	-0.00612761782196	0.0138733623807	0.0536131193765	0.00982552229618	-0.0210231851408	0.00461888865808	-0.0165460702311	-0.0483186009332	0.00571352303412	-0.0635479379385	0.0189456717596	0.00989237611082
k__Bacteria;p__Bacteroidetes;c__Bacteroidia;o__Bacteroidales;f__Prevotellaceae;g__Prevotella;s__Prevotella_copri	0.0472094686723	-0.00888430225223	-0.0375423038704	1.0	-0.0199670461539	0.00512663021498	0.00306071372836	0.00406426832262	-0.0249044077057	-0.0360499167288	-0.0338539946018	0.0043572331179	0.0757151841786	-0.0225693034145	-0.0132644868159	-0.00889019646065	-0.0273411596622	-0.0270946486304	-0.0410042612959	-0.0800607202285	0.00714331171584	-0.0243398464716	-0.0538818930049	-0.00349606359034	0.0458590946488	-0.0608242422794	-0.0175757745347	0.0273606156787	0.0258109194393	0.0274274992108	0.0684195964511	-0.0668701621999	0.036142074873	0.0471041953444	0.0433099288707	2.80632497848e-05	0.000350379387923	0.015032218799	-0.0613070982121	-0.0484043929838	0.0240426237199	-0.0565515827775	0.0702660966579	0.0356631431765	-0.00615659066274	0.034229892206	0.0382250873439	-0.0051519294835	-0.00793656619473	0.0555952301189	-0.0362822821585	-0.00861412175163	0.0846987782645	0.00587705386015	-0.00804262664962	-0.00164588783448	0.00105341716815	-0.0252963144975	0.00928806786532
k__Bacteria;p__Bacteroidetes;c__Bacteroidia;o__Bacteroidales;f__Bacteroidaceae;g__Bacteroides;s__Bacteroides_stercoris	-0.0551025492231	-0.00190149651037	0.0853223395955	-0.0199670461539	1.0	0.0182336353874	-0.00974390069498	-0.0278851549415	0.0156612495103	0.0635390415985	0.0128958684431	-0.0404054875222	-0.0443286964253	0.0163609111426	-0.0269059524947	0.020239366084	-0.0233506830656	0.0559179610275	-0.0550209868315	0.0872335062292	0.00993144322756	-0.045300932803	0.036017695319	-0.0133895242518	-0.0049117807859	0.00365783982573	-0.00874090422051	0.0349731339757	-0.0822123575626	-0.0354626258111	-0.0528251915062	-0.0129520392789	0.025473693465	-0.00805584203582	-0.0386099576402	-0.00175223733386	-0.0213338416474	0.0326717582398	0.0378229809972	-0.0427239211147	-0.0277712349768	0.010833746747	-0.0310466896346	0.0250079199214	-0.0313029966795	-0.045569863687	-0.0195477458073	0.0474259981494	0.0738885341481	-0.0197101730319	-0.000160400410893	-0.0341245912555	-0.000363925999476	0.0355185485761	-0.0160194078044	0.0526800478122	-0.0266881673109	0.108976378385	-0.0435564966148
k__Bacteria;p__Bacteroidetes;c__Bacteroidia;o__Bacteroidales;f__Bacteroidaceae;g__Bacteroides;s__Bacteroides_ovatus	-0.00208629633709	-0.0711461246116	0.0357803875151	0.00512663021498	0.0182336353874	1.0	-0.0546210206185	-0.0185953071775	-0.120988350804	-0.0280426409688	0.0207025719521	0.0450501276676	0.0120279081286	-0.00890027098322	-0.00726316509035	-0.0467085870377	0.0419680593014	0.0280237061256	-0.0528749970537	-0.0198860684541	-0.0512950357156	0.016513119149	-0.0482453817891	0.0223806356867	-0.0177540927547	0.0761069590428	-0.042401105354	0.00645054417724	-0.0368726304802	0.00534282540198	-0.0365814971892	-0.00400940017952	-0.00303512354152	0.0153072109524	-0.0352550625136	-0.0121721328936	0.0100784283444	-0.0251346773988	-0.0389614139982	-0.00899153095805	-0.00499804175511	-0.056956844741	-0.0100850027563	0.0816490187583	0.0268481215214	0.00568603975023	0.00101409377896	-0.00115895346102	0.0567576901773	-0.0136995964011	-0.0173256035808	-0.0185971856318	-0.0527325587446	-0.021737504948	-0.0493971881648	0.0605825270018	-0.016818889036	-0.0438618903873	0.0589707147061
k__Bacteria;p__Bacteroidetes;c__Bacteroidia;o__Bacteroidales;f__Rikenellaceae;g__Alistipes;s__Alistipes_shahii	0.00910810144959	0.0478795974857	-0.0275842086787	0.00306071372836	-0.00974390069498	-0.0546210206185	1.0	-0.0701355983048	-0.0138222753174	0.0200651441755	-0.0562940718627	-0.0301513253448	-0.00598988421976	-0.0483699412289	-0.0601497568243	0.0375440145463	0.043680898412	0.0185715601494	-0.0130003380734	0.0133331714057	0.000579334746506	-0.0123359135945	0.0316000507041	0.0934387186844	-0.0153377527403	-0.0324692793051	-0.00116114107163	0.0152770234364	-0.0118153203815	-0.0267641514349	-0.0121070788833	-0.0371889334554	0.0115768769401	-0.0185046350293	-0.00889887894259	0.00249948263703	-0.0816587482504	-0.0286761749759	0.0136520583349	0.000979382805151	-0.0126627763221	0.033391971624	0.0109245222178	-0.0445241031492	0.00869665918161	0.01176041331	0.0168881762971	-0.0728666274526	-0.000223994359327	-0.0345396701234	0.0334292673104	0.0352196264092	-0.0245062856522	-0.0631499788876	0.0583970936064	-0.0378418460455	-0.0238821237194	-0.0279843247355	0.0176470772001
k__Bacteria;p__Firmicutes;c__Clostridia;o__Clostridiales;f__Ruminococcaceae;g__Faecalibacterium;s__Faecalibacterium_prausnitzii	-0.0144034983121	0.0384673826653	-0.019069549139	0.00406426832262	-0.0278851549415	-0.0185953071775	-0.0701355983048	1.0	0.00253058967942	-0.0706133754423	-0.0196949542687	-0.0409175856359	-0.0143755153922	-0.0792202699797	-0.000177529324009	0.0193570122795	0.0332164146357	-0.0444244226403	-0.0187897012898	0.038079258685	0.043020568019	-0.040330611697	0.0439951342333	0.0209161370529	0.0547946091524	-0.0177429247997	0.00900755837124	-0.0392725447274	-0.0356365151239	0.00521942154603	0.0107322024892	0.0143963226668	-0.0143319825926	0.0393098878651	-0.00295291859089	0.0119466820815	-0.0543266643602	0.000177854978354	-0.0100617334779	-0.0721340571978	0.0313693423619	-0.0494476553014	-0.0045231648235	-0.0600229700993	0.0409359465979	0.00476435926692	-0.00562080889603	-0.0196211980757	-0.0328900077038	-0.0576210223976	0.0216320188489	-0.00659061302788	0.0434456479082	0.0456581989375	-0.0257516815177	-0.0117605137582	-0.039178742556	-0.0487803266111	0.0170159187274
k__Bacteria;p__Bacteroidetes;c__Bacteroidia;o__Bacteroidales;f__Rikenellaceae;g__Alistipes;s__Alistipes_finegoldii	-0.00430732492037	0.0265690569636	-0.0169451672881	-0.0249044077057	0.0156612495103	-0.120988350804	-0.0138222753174	0.00253058967942	1.0	-0.0570830426436	0.0321844846814	0.0602443431604	-0.0179338913561	-0.0192079889663	-0.0403885576477	-0.00842488932475	-0.00417924904446	0.0369466265867	0.0185413377194	-0.0303775275818	0.00435187043845	0.005525382953	-0.0396570986453	0.0241769165652	0.033373006289	-0.00971516522932	0.032560328569	-0.04752690623	-0.0631637919126	-0.0948410431132	0.0127435094662	-0.0092701812578	-0.0770271062045	-0.00788738723808	0.0172941667043	-0.0644516947591	-0.00545070544409	-0.0126667326026	0.015119335733	-0.0525470387792	-0.00907096262585	-0.0116139221017	-0.040148123535	0.00882875871012	-0.00466045160665	-0.0494703745745	0.0257711237027	0.0163992464839	-0.0142763668488	-0.0272933949944	0.00898427113767	-0.01238527333	0.00359439927471	-0.0317759054917	-0.0203432874007	0.0556994952832	0.0610687438822	-0.0073374052714	0.0103055826228
k__Bacteria;p__Bacteroidetes;c__Bacteroidia;o__Bacteroidales;f__Porphyromonadaceae;g__Parabacteroides;s__Parabacteroides_distasonis	-0.00497809546578	-0.0118756442814	0.00207869027546	-0.0360499167288	0.0635390415985	-0.0280426409688	0.0200651441755	-0.0706133754423	-0.0570830426436	1.0	-0.0252089030559	-0.0129186555781	-0.00218952008119	0.0261359164285	-0.0381257372575	-0.0506444711402	-0.0111913901979	-0.0142565939343	-0.0442493886725	0.0661956117067	-0.0711033344673	0.0326279268127	0.00497418517739	-0.0801279324698	-0.0219054405641	-0.0442110772386	0.026302684195	-0.0159255352171	-0.0627430311833	-0.00493816726746	0.0340871342078	0.0165269447581	-0.0462898283284	0.0348384246666	0.0430288360589	0.024325994562	-0.0681596578018	0.00555075436803	0.00586894120588	-0.0505213458795	0.000609487319773	0.00537209590974	-0.0193459074458	-0.0172824022888	-0.0455969015562	-0.00122425443331	-0.00953991208164	0.0258252925762	-0.0129153887863	-0.00100194850596	-0.0179425880318	0.0114958483049	-0.0513171854137	-0.0710870809651	0.0416515380789	-0.0150487073736	-0.00301402609724	0.0124914624515	-0.00514793907905
k__Bacteria;p__Bacteroidetes;c__Bacteroidia;o__Bacteroidales;f__Bacteroidaceae;g__Bacteroides;s__Bacteroides_thetaiotaomicron	0.00990479215564	-0.0544522030816	-0.0230454279847	-0.0338539946018	0.0128958684431	0.0207025719521	-0.0562940718627	-0.0196949542687	0.0321844846814	-0.0252089030559	1.0	-0.013810189643	0.0134584009807	0.0631411192875	-0.0830155316035	-0.0363035038616	-0.0284023344502	-0.0239029914436	-0.0095602369123	-0.048008241017	0.025257914688	-0.00947223802937	-0.0135586528622	-0.00896245118523	0.0123231742992	0.0523153159853	-0.029493474906	-0.0166125322259	0.0508222393376	-0.0295937101329	-0.0181959384059	-0.0360250975422	-0.017808991678	0.024059662368	-0.0172441220845	0.0291400809956	0.0122795464326	-0.0396463495299	0.0255524339867	-0.0263885100246	-0.030074842199	-0.0344769798503	0.0349697818161	-0.0150040351434	0.0154480602698	-0.0123875837799	-0.047511452267	-0.00482417430797	-0.00417145015555	-0.0315453158449	0.022497872958	-0.0295388970401	0.0139258112709	0.0188584739128	-0.0451625858919	-0.0025923519322	-0.0400111941749	0.0117885620606	-0.0198809910452
k__Bacteria;p__Bacteroidetes;c__Bacteroidia;o__Bacteroidales;f__Bacteroidaceae;g__Bacteroides;s__Bacteroides_coprocola	0.0700574049787	-0.0262106360768	0.0410966981982	0.0043572331179	-0.0404054875222	0.0450501276676	-0.0301513253448	-0.0409175856359	0.0602443431604	-0.0129186555781	-0.013810189643	1.0	-0.030823268906	-0.0375057613522	0.0354820400848	-0.0293844926976	-0.0288260093914	0.0198838295025	-0.0103721823966	-0.0214627514075	-0.0109352630245	-0.0594559788844	-0.0337202538994	-0.00393304168018	-0.0634922121896	-0.0435181670844	0.0316054983751	-2.74682731465e-05	0.00824650804787	0.0137374988027	-0.0147603987339	0.0238885914116	-0.0084973852226	0.00856950618128	0.0635147738463	-0.0181640353854	-0.0299853038206	-0.0404971555449	0.00252952881157	-0.0188107920204	-0.0454034156648	-0.0399667421165	-0.0170646272889	-0.00688905261582	-0.050609835559	-0.0361281680539	-0.0743573988336	-0.00856672094953	-0.0419789622737	0.0131761217197	-0.0275876523911	-0.0469983644049	-0.0492083744731	0.0163164674224	-0.029339670337	0.00731728653434	-0.00395060427409	-0.0659944464032	-9.76300324822e-05
k__Bacteria;p__Bacteroidetes;c__Bacteroidia;o__Bacteroidales;f__Bacteroidaceae;g__Bacteroides;s__Bacteroides_cellulosilyticus	-0.02380961169	0.00177179831256	-0.0290069385056	0.0757151841786	-0.0443286964253	0.0120279081286	-0.00598988421976	-0.0143755153922	-0.0179338913561	-0.00218952008119	0.0134584009807	-0.030823268906	1.0	0.0472302856677	-0.0247926873736	-0.0129653055798	-0.0160282631733	0.0204068265934	-0.0521797788529	-0.0834361069291	-0.00278696443502	-0.0172058463009	-0.0300668017726	-0.039870403741	-0.0486437266044	-0.0806683556122	0.0136978235995	0.0148179973078	0.0103839949327	-0.0237007808113	0.023140053772	0.01328174732	0.0113695474805	-0.014873476224	-0.0253265581088	0.0209673044119	0.00668476608441	0.0316937191943	-0.0228748382839	0.045987653809	-0.0273630697005	-0.0201385632563	0.00334249239459	-0.122590294468	0.0304298843947	-0.0029796910528	-0.0352569864095	-0.0749001393613	0.048000170355	-0.0411703664961	0.00804239572708	0.0493954177432	0.0184349457132	-0.00276734883388	0.0155440906239	0.0189071834719	-0.022307727258	-0.0292427778999	0.00572747451054
k__Bacteria;p__Bacteroidetes;c__Bacteroidia;o__Bacteroidales;f__Rikenellaceae;g__Alistipes;s__Alistipes_obesi	-0.0147854687898	0.0515020146439	0.00564077844911	-0.0225693034145	0.0163609111426	-0.00890027098322	-0.0483699412289	-0.0792202699797	-0.0192079889663	0.0261359164285	0.0631411192875	-0.0375057613522	0.0472302856677	1.0	-0.0451161707418	-0.0604858491806	-0.0535698011487	0.0255647624722	-0.0536828766878	0.0475234017467	-0.0129105999877	-0.0241974196027	0.01963171062	-0.0185638107889	-0.0150729305278	-0.00961172770401	-0.0296597302517	-0.0153638549039	-0.00883920721116	-0.00845385938199	-0.0270676530783	-0.013492875887	-0.0443330114703	-0.0193967326558	0.00389614445287	-0.0378360364851	-0.0113332799177	-0.0223713358694	0.00966143083948	0.00831684428721	0.0358248437172	-0.0145584020637	-0.0189255121104	-0.00727112042664	0.0202883383169	-0.0166975497592	-0.0474148336193	0.0360771263625	0.0454548030786	0.0259611940927	0.00983389091073	-0.0659306396007	-0.0288745814353	-0.0391429176189	-0.039012241432	-0.030620596865	-0.0287280093962	-0.0359551968341	-0.0155062567716
k__Bacteria;p__Firmicutes;c__Clostridia;o__Clostridiales;f__Lachnospiraceae;g__;s__[Eubacterium]_rectale	0.0143420016695	-0.0163229738159	0.0624992150384	-0.0132644868159	-0.0269059524947	-0.00726316509035	-0.0601497568243	-0.000177529324009	-0.0403885576477	-0.0381257372575	-0.0830155316035	0.0354820400848	-0.0247926873736	-0.0451161707418	1.0	-0.0371689272041	-0.0309353708015	0.0264523748155	0.0380826347851	0.0300984234081	-0.0201953453164	0.0944639371329	-0.0481931369941	-0.0364027924293	-0.0527080273994	-0.0894043944002	-0.0410732927573	-0.0195140935136	-0.00505420157018	0.0158849735683	-0.0519605662874	-0.000782814375997	0.0183468948189	-0.0125411643971	-0.0410835014241	0.0308885472762	-0.0679319093004	-0.00708444524801	-0.0633177322372	-0.00491895202632	0.0351331330614	0.00249122961985	-0.0223608192878	0.000696796961232	-0.0429121970121	-0.0892322098021	-0.00829500745586	0.0283979381714	0.0199669063454	0.00267003391154	0.0507587137389	-0.00895179060309	0.0302878206251	0.0423743727356	0.00249562982792	-0.0280727601378	-0.0484001782206	0.0480657880684	-0.0208128669461
k__Bacteria;p__Bacteroidetes;c__Bacteroidia;o__Bacteroidales;f__Bacteroidaceae;g__Bacteroides;s__Bacteroides_plebeius	0.00142647600095	-0.034431341237	0.042338276997	-0.00889019646065	0.020239366084	-0.0467085870377	0.0375440145463	0.0193570122795	-0.00842488932475	-0.0506444711402	-0.0363035038616	-0.0293844926976	-0.0129653055798	-0.0604858491806	-0.0371689272041	1.0	-0.0328539787436	-0.00488554006782	0.0626880302468	0.017002939289	0.00900497190173	-0.0100311291784	-0.0521820813311	0.00407691881811	0.00965966225814	0.0416490588958	-0.0574354135088	-0.0712862050768	0.0296228496131	-0.0959732017616	-0.0404247976224	0.00334439975484	-0.0272920285571	-0.0205266935736	-0.0273317797337	-0.0389388301399	0.00974809723013	0.00242898648603	-0.00780480563498	0.041780521566	0.00779029762281	0.0179901481506	0.00459042767164	0.00454170922795	-0.0374208141977	0.00962647705273	0.00873379201854	-0.0244683804472	0.0066529323504	0.0422867815078	0.0475982280599	-0.0148407387287	-0.0208092502076	0.0029703923363	0.0481365139039	0.00464084705759	-0.0281205679627	0.00375008872368	-0.022674395901
k__Bacteria;p__Bacteroidetes;c__Bacteroidia;o__Bacteroidales;f__Bacteroidaceae;g__Bacteroides;s__Bacteroides_fragilis	-0.00278720411928	-0.0014395429588	-0.00950607819643	-0.0273411596622	-0.0233506830656	0.0419680593014	0.043680898412	0.0332164146357	-0.00417924904446	-0.0111913901979	-0.0284023344502	-0.0288260093914	-0.0160282631733	-0.0535698011487	-0.0309353708015	-0.0328539787436	1.0	0.0824983832024	0.0130332397567	-0.00999296761553	-0.0807431845985	0.0164567031047	0.06655182881	0.0138580176283	0.0113461920862	-0.00756813521672	0.0225730143671	0.00162761221955	0.0171978081665	-0.0242725254515	0.0197677414213	-0.0485096116404	0.0283025725386	-0.0207377216001	-0.0442502069045	0.023770821818	0.0042896924504	0.00640027344358	-0.017335314913	-0.0253860862423	0.0278482912622	-0.0627084193893	0.0106794849301	0.0462846373807	-0.018438870374	0.0255092328778	-0.0156884668813	0.0290444103446	0.0271443524769	-0.011004525967	-0.0084055659739	-0.0568958180321	-0.0194985652102	0.00677435234887	0.0216880804357	0.0169626664497	-0.0332388509372	0.00447156153341	0.0173506044179
k__Bacteria;p__Proteobacteria;c__Betaproteobacteria;o__Burkholderiales;f__Sutterellaceae;g__Sutterella;s__Sutterella_wadsworthensis	-0.00975518983441	0.0533288512833	-0.00801342849516	-0.0270946486304	0.0559179610275	0.0280237061256	0.0185715601494	-0.0444244226403	0.0369466265867	-0.0142565939343	-0.0239029914436	0.0198838295025	0.0204068265934	0.0255647624722	0.0264523748155	-0.00488554006782	0.0824983832024	1.0	0.00973115650716	0.00182638129852	-0.104859494415	0.0142052826991	0.0175182219273	-0.021679818808	0.011911467772	-0.0210459789564	0.0319193764102	-0.0257982822528	-0.00209103750646	-0.135770989043	0.0399826243379	0.0297191974776	-0.0225781795226	-0.0502435034614	-0.0412700447264	-0.0210016114014	-0.0492446276985	0.0213003947244	0.000621669630972	0.0314106393247	0.0124902902373	-0.0773622927979	0.0304447242503	0.000521019650212	-0.000647472122895	0.0259325907441	-0.0122208849936	-0.0323976554652	-0.0217864420782	0.0197553187264	-0.00952348602135	-0.0182298951394	-0.000941625397701	-0.0553706755967	0.0287356187844	0.0264556704258	-0.0267181969668	0.0224826287372	-0.0626746193309
k__Bacteria;p__Bacteroidetes;c__Bacteroidia;o__Bacteroidales;f__Porphyromonadaceae;g__Barnesiella;s__Barnesiella_intestinihominis	0.00567767299012	-0.0350370469269	-0.0155027629941	-0.0410042612959	-0.0550209868315	-0.0528749970537	-0.0130003380734	-0.0187897012898	0.0185413377194	-0.0442493886725	-0.0095602369123	-0.0103721823966	-0.0521797788529	-0.0536828766878	0.0380826347851	0.0626880302468	0.0130332397567	0.00973115650716	1.0	0.00753399361185	-0.0518877380153	0.0156719383503	-0.0224008717342	-0.0212834830742	0.0110801285143	0.0718672082035	-0.0200169192929	-0.010849392029	0.0163222611373	-0.050908872553	-0.0272240518257	0.0490631562318	-0.0272054376854	-0.00933797337894	0.0617699505842	0.012233313337	-0.0283658113399	-0.0182710296812	0.0437318135673	0.0120884613547	-0.0467413002605	-0.0719074263703	-0.00882086183324	-0.0235815332251	-0.021080694898	0.0285887215845	0.0749414747413	0.0694248203263	-0.0158563177059	0.0090881343549	-0.0131164086498	0.0351882595704	-0.0332144690259	-0.0204014310736	0.00246637057241	-0.0444501347158	0.0217469442516	0.0130186323143	-0.127346543446
k__Bacteria;p__Bacteroidetes;c__Bacteroidia;o__Bacteroidales;f__Odoribacteraceae;g__Odoribacter;s__Odoribacter_splanchnicus	0.00361557035951	0.0117547176035	-0.0147466244481	-0.0800607202285	0.0872335062292	-0.0198860684541	0.0133331714057	0.038079258685	-0.0303775275818	0.0661956117067	-0.048008241017	-0.0214627514075	-0.0834361069291	0.0475234017467	0.0300984234081	0.017002939289	-0.00999296761553	0.00182638129852	0.00753399361185	1.0	0.0342493942319	0.00661368565772	-0.0445256452386	0.048098992945	-0.0475789601745	-0.0278238265462	-0.00987589688292	-0.0507785529449	-0.051184415125	0.0115288269015	-0.0299203587883	0.00973423808964	-0.0341586367561	0.0270941238411	-0.00598006143632	-0.00994537189708	-0.0457985948397	-0.0745277880023	-0.0189502911542	0.00970990992536	0.0122312538531	0.0524126910826	-0.0698891564891	0.0198549961002	-0.0575573204498	0.016413129	0.0102760592225	-0.0164734180902	-0.00805098935417	-0.00273069958569	0.0202408567671	0.0616881673443	-0.0273910936204	-0.0333495381133	0.0244650821583	-0.0121990781746	0.00143675100845	-0.00525667964721	0.016266556194
k__Bacteria;p__Bacteroidetes;c__Bacteroidia;o__Bacteroidales;f__Bacteroidaceae;g__Bacteroides;s__Bacteroides_salyersiae	-0.0282393504067	0.00572882857496	0.0289402898874	0.00714331171584	0.00993144322756	-0.0512950357156	0.000579334746506	0.043020568019	0.00435187043845	-0.0711033344673	0.025257914688	-0.0109352630245	-0.00278696443502	-0.0129105999877	-0.0201953453164	0.00900497190173	-0.0807431845985	-0.104859494415	-0.0518877380153	0.0342493942319	1.0	0.0260606957447	-0.00115578261689	0.0299813892107	0.00366412510018	0.0408718763439	-0.0602060141602	0.0296655645254	0.00731270806031	0.0560267813426	0.0176134961468	0.010291315761	-0.0225364848055	0.00344902986686	-0.055752419985	-0.077600333976	-0.0582639471075	-0.0707041083917	-0.0222425193664	-0.0344535322767	-0.0266978499192	0.0275215685565	-0.0146600653256	0.0148552886646	-0.0225618269305	-0.0127244620844	0.0503640757686	0.00860110829105	-0.0024447169329	0.0371823519674	-0.0138643368351	0.0265575521281	-0.00380410892123	-0.0329481892363	0.0751963501258	0.0494789200911	-0.0215172923726	-0.0272690290232	-0.012073490898
k__Bacteria;p__Firmicutes;c__Clostridia;o__Clostridiales;f__Ruminococcaceae;g__Ruminiclostridium;s__[Eubacterium]_siraeum	-0.0253358500254	-0.0360755800922	-0.0667084975977	-0.0243398464716	-0.045300932803	0.016513119149	-0.0123359135945	-0.040330611697	0.005525382953	0.0326279268127	-0.00947223802937	-0.0594559788844	-0.0172058463009	-0.0241974196027	0.0944639371329	-0.0100311291784	0.0164567031047	0.0142052826991	0.0156719383503	0.00661368565772	0.0260606957447	1.0	-0.00953868020726	-0.0350209711942	-0.0485077689569	-0.0618706687654	-0.0336267268868	-0.0743720765922	0.0270868108718	-0.00393892957078	-0.0304720269763	0.00606062253026	0.0220886835923	0.00424649359356	-0.0324757464944	-0.0139292828561	0.0621996693923	-0.0382914196133	0.0158241092878	0.0582433640261	0.0114062690332	0.0106706033206	-0.0415646878179	-0.0193840099693	0.0346644366868	0.0311734489111	-0.0163338470689	-0.0620023668223	0.0153123452476	-0.00943529515318	0.00148944698311	0.0298639568494	0.00906270178573	0.0203234047395	0.0108349647636	-0.0507852817484	0.022160116172	0.0104390322333	0.00754922558938
k__Bacteria;p__Proteobacteria;c__Betaproteobacteria;o__Burkholderiales;f__Sutterellaceae;g__Parasutterella;s__Parasutterella_excrementihominis	0.0124862855933	0.0419052436597	-0.0103887794103	-0.0538818930049	0.036017695319	-0.0482453817891	0.0316000507041	0.0439951342333	-0.0396570986453	0.00497418517739	-0.0135586528622	-0.0337202538994	-0.0300668017726	0.01963171062	-0.0481931369941	-0.0521820813311	0.06655182881	0.0175182219273	-0.0224008717342	-0.0445256452386	-0.00115578261689	-0.00953868020726	1.0	0.00230063482326	0.0167892764077	0.0443557821254	-0.0555454182418	-0.0585452537131	-0.0248527477244	0.0101577508038	-0.0428258174201	-0.0341931510175	0.0314508364563	0.0167493280057	0.0120230819966	-0.0129195168261	-0.0253921812463	0.0337540033064	-0.0106476808787	0.00610843207527	-0.0450044285941	-0.048706286011	-0.0457026938561	-0.000551465297189	-0.0436241953778	0.00183844056967	-0.0378719045083	0.0485299483684	-0.00185996697253	0.0468588909174	-0.0205498359399	-0.0196174665172	0.00233610650089	-0.016280537685	-0.0627199993506	-0.00874550949736	0.0453384060781	-0.00389864541632	0.0121974517493
k__Bacteria;p__Actinobacteria;c__Actinobacteria;o__Bifidobacteriales;f__Bifidobacteriaceae;g__Bifidobacterium;s__Bifidobacterium_adolescentis	-0.0297714807693	0.0322066763648	-0.0185739336088	-0.00349606359034	-0.0133895242518	0.0223806356867	0.0934387186844	0.0209161370529	0.0241769165652	-0.0801279324698	-0.00896245118523	-0.00393304168018	-0.039870403741	-0.0185638107889	-0.0364027924293	0.00407691881811	0.0138580176283	-0.021679818808	-0.0212834830742	0.048098992945	0.0299813892107	-0.0350209711942	0.00230063482326	1.0	-0.0645642040576	-0.0211223968064	-0.0411339911691	0.0375199802539	-0.113025200829	-0.0293202719317	-0.0574754010609	-0.0479457771107	-0.0250736314329	-0.0229080861098	-0.0150500619917	-0.0306236498361	0.00988669359343	-0.00638310344982	-0.0575565315624	-0.0453984871603	0.0126833584608	0.0228939385873	0.0242596499562	0.0145888860177	-0.0204744853357	-0.0129259804373	0.0596815701996	-0.0105201367636	-0.00967071563751	-0.0406315866657	-0.0772908705112	0.0230644051531	0.0659270510687	0.00653734207847	-0.0362675161998	-0.0127677858909	-0.000348081075036	0.0532144592864	-0.0176987418126
k__Bacteria;p__Firmicutes;c__Clostridia;o__Clostridiales;f__Oscillospiraceae;g__Oscillibacter;s__Oscillibacter_sp._KLE_1745	0.0365419150465	-0.00629753811862	-0.0322097258415	0.0458590946488	-0.0049117807859	-0.0177540927547	-0.0153377527403	0.0547946091524	0.033373006289	-0.0219054405641	0.0123231742992	-0.0634922121896	-0.0486437266044	-0.0150729305278	-0.0527080273994	0.00965966225814	0.0113461920862	0.011911467772	0.0110801285143	-0.0475789601745	0.00366412510018	-0.0485077689569	0.0167892764077	-0.0645642040576	1.0	0.0195824746855	0.0289263194152	-0.065732021299	-0.0357084285101	0.0464542430875	-0.00348913559931	0.0454314975483	0.0260089607007	-0.0503388092733	-0.0534265018368	0.0536967864032	-0.0230471943001	-0.0265480857045	-0.00313903487194	0.0819124531951	-0.0257777326679	-0.0323728495232	0.0505887433414	0.0626062460094	-0.0194591350117	0.00658933294145	0.0400700038527	-0.00340482436316	-0.0281859087066	-0.00404788886251	-0.0164084926326	0.0180344214344	-0.0245148680931	-0.0279060435451	-0.0625991562593	-0.0232814213753	-0.0340139601383	-0.018798241983	-0.0253972988619
k__Bacteria;p__Bacteroidetes;c__Bacteroidia;o__Bacteroidales;f__Bacteroidaceae;g__Bacteroides;s__Bacteroides_coprophilus	0.0480441219629	0.013570038955	-0.0211513336772	-0.0608242422794	0.00365783982573	0.0761069590428	-0.0324692793051	-0.0177429247997	-0.00971516522932	-0.0442110772386	0.0523153159853	-0.0435181670844	-0.0806683556122	-0.009611727704	-0.0894043944002	0.0416490588958	-0.00756813521672	-0.0210459789564	0.0718672082035	-0.0278238265462	0.0408718763439	-0.0618706687654	0.0443557821254	-0.0211223968064	0.0195824746855	1.0	-0.0115206731766	-0.0370632857275	-0.101064017275	-0.00373945955097	0.0116400899918	-0.0524230773397	0.00577290598368	-0.0256894228111	0.0329055122132	-0.116296496936	-0.0149316364766	0.00663415403223	-0.0445361715847	-0.00350534159365	0.0276815812358	-0.0468915743844	-0.0421266301224	-0.0370087753245	0.0330406200436	0.000561562081702	0.0228739301298	-0.00691116071943	0.0149211685515	-0.0408464033214	-0.00653934674137	0.00407082956376	-0.0208706434694	-0.0718912725793	-0.0258415819596	0.0468887650548	-0.0685930521198	0.0442474165459	-0.0557032917031
k__Bacteria;p__Firmicutes;c__Clostridia;o__Clostridiales;f__Lachnospiraceae;g__Roseburia;s__Roseburia_intestinalis	0.0435795442892	0.045522141718	-0.0676861955513	-0.0175757745347	-0.00874090422051	-0.042401105354	-0.00116114107163	0.00900755837124	0.032560328569	0.026302684195	-0.029493474906	0.0316054983751	0.0136978235995	-0.0296597302517	-0.0410732927573	-0.0574354135088	0.0225730143671	0.0319193764102	-0.0200169192929	-0.00987589688292	-0.0602060141602	-0.0336267268868	-0.0555454182418	-0.0411339911691	0.0289263194152	-0.0115206731766	1.0	0.00978359592889	-0.0350231197515	-0.00244260273152	-0.0174012354516	0.0353261434855	0.0112136845809	-0.00683129357733	0.01111977491	-0.00399285990585	-0.0149782746925	0.00505330074375	0.0389090840719	0.00356946408298	0.0263603079763	0.0731206035136	-0.0445037248591	-0.0697074163874	0.0254482713643	-0.0642310532807	0.0269521980268	0.0149282719576	-0.0381400368982	-0.0517300720027	0.0317176977717	0.0250492442771	-0.079260178413	-0.0157510444482	0.038745557619	-0.0517358322365	-0.00836362539407	0.00243391899198	-0.0240345567483
k__Bacteria;p__Firmicutes;c__Clostridia;o__Clostridiales;f__Lachnospiraceae;g__Roseburia;s__Roseburia_hominis	-0.0221286486769	0.0309651967723	0.0451191081037	0.0273606156787	0.0349731339757	0.00645054417724	0.0152770234364	-0.0392725447274	-0.04752690623	-0.0159255352171	-0.0166125322259	-2.74682731465e-05	0.0148179973078	-0.0153638549039	-0.0195140935136	-0.0712862050768	0.00162761221955	-0.0257982822528	-0.010849392029	-0.0507785529449	0.0296655645254	-0.0743720765922	-0.0585452537131	0.0375199802539	-0.065732021299	-0.0370632857275	0.00978359592889	1.0	-0.00203806095019	0.0377201406842	0.0386907952849	-0.0113544452193	0.0475262841778	0.0396429080247	-0.0545407913166	0.0311832613395	0.0333829209576	-0.0101346374826	0.0324521375531	-0.0171871811141	0.0211739720261	0.0222810784737	-0.0169919050218	0.0438392765373	-0.0418510839792	0.005639950906	0.0414528588184	-0.00763338799726	-0.0438378123219	0.00750071772749	-0.00388618102323	-0.0329911766365	-0.0482074421133	0.00974965637713	-0.0199384394019	-0.0328888793075	0.0264300230488	0.013635911571	-0.00070008686511
k__Bacteria;p__Bacteroidetes;c__Bacteroidia;o__Bacteroidales;f__Porphyromonadaceae;g__Parabacteroides;s__Parabacteroides_johnsonii	-0.0111590478627	-0.0722369093879	0.0357857841497	0.0258109194393	-0.0822123575626	-0.0368726304802	-0.0118153203815	-0.0356365151239	-0.0631637919126	-0.0627430311833	0.0508222393376	0.00824650804787	0.0103839949327	-0.00883920721116	-0.00505420157018	0.0296228496131	0.0171978081665	-0.00209103750646	0.0163222611373	-0.051184415125	0.00731270806031	0.0270868108718	-0.0248527477244	-0.113025200829	-0.0357084285101	-0.101064017275	-0.0350231197515	-0.00203806095019	1.0	0.0109453594609	-0.0151223730665	0.0773632220831	-0.0269382801461	0.0271029632917	-0.0514403694742	-0.0165408786607	0.00603203000193	0.0776343160166	-0.0466562325418	-0.0199199146985	-0.0109159688347	-0.0162251642275	0.0254006627211	-0.00923637565324	-0.00307995016077	0.00037634165976	-0.0203964538535	0.00165131258057	-0.0431878210845	0.00744266305609	0.0312200849555	-0.0315836161792	0.0294160365625	0.0090155292354	-0.0460012556309	-0.00625709337173	0.00865421625994	-0.000940549641839	-0.00326776175691
k__Bacteria;p__Actinobacteria;c__Actinobacteria;o__Bifidobacteriales;f__Bifidobacteriaceae;g__Bifidobacterium;s__Bifidobacterium_longum	-0.0725739968377	-0.0232039063193	0.02459362045	0.0274274992108	-0.0354626258111	0.00534282540198	-0.0267641514349	0.00521942154603	-0.0948410431132	-0.00493816726746	-0.0295937101329	0.0137374988027	-0.0237007808113	-0.00845385938199	0.0158849735683	-0.0959732017616	-0.0242725254515	-0.135770989043	-0.050908872553	0.0115288269015	0.0560267813426	-0.00393892957078	0.0101577508038	-0.0293202719317	0.0464542430875	-0.00373945955097	-0.00244260273152	0.0377201406842	0.0109453594609	1.0	-0.00586620790605	-0.0208057913307	-0.0487777871144	0.0111226218663	-0.0234639855244	0.0265351921789	-0.0276983103441	0.00868542177435	0.0328154549084	0.00193870921351	-0.0283667439488	-0.0131125275359	0.0149448538704	0.0112312753226	0.0284219573299	-0.00672124884995	-0.021127477475	-0.00868760185776	-0.0278551369533	0.0198339938076	-0.0359936064507	-0.0407277826351	-0.0411591529219	0.0187242855605	-0.00241414139575	-0.00309137661217	0.0306771470701	-0.0393171516943	0.0277813926581
