#taxonomy	k__Bacteria;p__Bacteroidetes;c__Bacteroidia;o__Bacteroidales;f__Bacteroidaceae;g__Bacteroides;s__Bacteroides_vulgatus	k__Bacteria;p__Bacteroidetes;c__Bacteroidia;o__Bacteroidales;f__Bacteroidaceae;g__Bacteroides;s__Bacteroides_uniformis	k__Bacteria;p__Bacteroidetes;c__Bacteroidia;o__Bacteroidales;f__Rikenellaceae;g__Alistipes;s__Alistipes_putredinis	k__Bacteria;p__Bacteroidetes;c__Bacteroidia;o__Bacteroidales;f__Prevotellaceae;g__Prevotella;s__Prevotella_copri	k__Bacteria;p__Bacteroidetes;c__Bacteroidia;o__Bacteroidales;f__Bacteroidaceae;g__Bacteroides;s__Bacteroides_stercoris	k__Bacteria;p__Bacteroidetes;c__Bacteroidia;o__Bacteroidales;f__Bacteroidaceae;g__Bacteroides;s__Bacteroides_ovatus	k__Bacteria;p__Bacteroidetes;c__Bacteroidia;o__Bacteroidales;f__Rikenellaceae;g__Alistipes;s__Alistipes_shahii	k__Bacteria;p__Firmicutes;c__Clostridia;o__Clostridiales;f__Ruminococcaceae;g__Faecalibacterium;s__Faecalibacterium_prausnitzii	k__Bacteria;p__Bacteroidetes;c__Bacteroidia;o__Bacteroidales;f__Rikenellaceae;g__Alistipes;s__Alistipes_finegoldii	k__Bacteria;p__Bacteroidetes;c__Bacteroidia;o__Bacteroidales;f__Porphyromonadaceae;g__Parabacteroides;s__Parabacteroides_distasonis	k__Bacteria;p__Bacteroidetes;c__Bacteroidia;o__Bacteroidales;f__Bacteroidaceae;g__Bacteroides;s__Bacteroides_thetaiotaomicron	k__Bacteria;p__Bacteroidetes;c__Bacteroidia;o__Bacteroidales;f__Bacteroidaceae;g__Bacteroides;s__Bacteroides_coprocola	k__Bacteria;p__Bacteroidetes;c__Bacteroidia;o__Bacteroidales;f__Bacteroidaceae;g__Bacteroides;s__Bacteroides_cellulosilyticus	k__Bacteria;p__Bacteroidetes;c__Bacteroidia;o__Bacteroidales;f__Rikenellaceae;g__Alistipes;s__Alistipes_obesi	k__Bacteria;p__Firmicutes;c__Clostridia;o__Clostridiales;f__Lachnospiraceae;g__;s__[Eubacterium]_rectale	k__Bacteria;p__Bacteroidetes;c__Bacteroidia;o__Bacteroidales;f__Bacteroidaceae;g__Bacteroides;s__Bacteroides_plebeius	k__Bacteria;p__Bacteroidetes;c__Bacteroidia;o__Bacteroidales;f__Bacteroidaceae;g__Bacteroides;s__Bacteroides_fragilis	k__Bacteria;p__Proteobacteria;c__Betaproteobacteria;o__Burkholderiales;f__Sutterellaceae;g__Sutterella;s__Sutterella_wadsworthensis	k__Bacteria;p__Bacteroidetes;c__Bacteroidia;o__Bacteroidales;f__Porphyromonadaceae;g__Barnesiella;s__Barnesiella_intestinihominis	k__Bacteria;p__Bacteroidetes;c__Bacteroidia;o__Bacteroidales;f__Odoribacteraceae;g__Odoribacter;s__Odoribacter_splanchnicus	k__Bacteria;p__Bacteroidetes;c__Bacteroidia;o__Bacteroidales;f__Bacteroidaceae;g__Bacteroides;s__Bacteroides_salyersiae	k__Bacteria;p__Firmicutes;c__Clostridia;o__Clostridiales;f__Ruminococcaceae;g__Ruminiclostridium;s__[Eubacterium]_siraeum	k__Bacteria;p__Proteobacteria;c__Betaproteobacteria;o__Burkholderiales;f__Sutterellaceae;g__Parasutterella;s__Parasutterella_excrementihominis	k__Bacteria;p__Actinobacteria;c__Actinobacteria;o__Bifidobacteriales;f__Bifidobacteriaceae;g__Bifidobacterium;s__Bifidobacterium_adolescentis	k__Bacteria;p__Firmicutes;c__Clostridia;o__Clostridiales;f__Oscillospiraceae;g__Oscillibacter;s__Oscillibacter_sp._KLE_1745	k__Bacteria;p__Bacteroidetes;c__Bacteroidia;o__Bacteroidales;f__Bacteroidaceae;g__Bacteroides;s__Bacteroides_coprophilus	k__Bacteria;p__Firmicutes;c__Clostridia;o__Clostridiales;f__Lachnospiraceae;g__Roseburia;s__Roseburia_intestinalis	k__Bacteria;p__Firmicutes;c__Clostridia;o__Clostridiales;f__Lachnospiraceae;g__Roseburia;s__Roseburia_hominis	k__Bacteria;p__Bacteroidetes;c__Bacteroidia;o__Bacteroidales;f__Porphyromonadaceae;g__Parabacteroides;s__Parabacteroides_johnsonii	k__Bacteria;p__Actinobacteria;c__Actinobacteria;o__Bifidobacteriales;f__Bifidobacteriaceae;g__Bifidobacterium;s__Bifidobacterium_longum	k__Bacteria;p__Firmicutes;c__Clostridia;o__Clostridiales;f__;g__Flavonifractor;s__Flavonifractor_plautii	k__Bacteria;p__Firmicutes;c__Clostridia;o__Clostridiales;f__Clostridiaceae;g__Clostridium;s__Clostridium_phoceensis	k__Bacteria;p__Verrucomicrobia;c__Verrucomicrobiae;o__Verrucomicrobiales;f__Akkermansiaceae;g__Akkermansia;s__Akkermansia_muciniphila	k__Bacteria;p__Bacteroidetes;c__Bacteroidia;o__Bacteroidales;f__Prevotellaceae;g__Paraprevotella;s__Paraprevotella_xylaniphila	k__Bacteria;p__Firmicutes;c__Clostridia;o__Clostridiales;f__Ruminococcaceae;g__Ruminococcus;s__Ruminococcus_callidus	k__Bacteria;p__Bacteroidetes;c__Bacteroidia;o__Bacteroidales;f__Rikenellaceae;g__Alistipes;s__Alistipes_senegalensis	k__Bacteria;p__Firmicutes;c__Clostridia;o__Clostridiales;f__Lachnospiraceae;g__Blautia;s__Blautia_sp._KLE_1732	k__Bacteria;p__Bacteroidetes;c__Bacteroidia;o__Bacteroidales;f__Bacteroidaceae;g__Bacteroides;s__Bacteroides_oleiciplenus	k__Bacteria;p__Firmicutes;c__Clostridia;o__Clostridiales;f__Ruminococcaceae;g__Ruminococcus;s__Ruminococcus_bicirculans	k__Bacteria;p__Bacteroidetes;c__Bacteroidia;o__Bacteroidales;f__Bacteroidaceae;g__Bacteroides;s__Bacteroides_fluxus	k__Bacteria;p__Bacteroidetes;c__Bacteroidia;o__Bacteroidales;f__Prevotellaceae;g__Prevotella;s__Prevotella_stercorea	k__Bacteria;p__Firmicutes;c__Clostridia;o__Clostridiales;f__Lachnospiraceae;g__Dorea;s__Dorea_longicatena	k__Bacteria;p__Firmicutes;c__Clostridia;o__Clostridiales;f__Eubacteriaceae;g__Eubacterium;s__[Eubacterium]_eligens	k__Bacteria;p__Firmicutes;c__Clostridia;o__Clostridiales;f__Ruminococcaceae;g__;s__Ruminococcaceae_bacterium_D16	k__Bacteria;p__Firmicutes;c__Clostridia;o__Clostridiales;f__Lachnospiraceae;g__Coprococcus;s__Coprococcus_comes	k__Bacteria;p__Proteobacteria;c__Gammaproteobacteria;o__Enterobacterales;f__Enterobacteriaceae;g__Escherichia;s__Escherichia_coli	k__Bacteria;p__Firmicutes;c__Clostridia;o__Clostridiales;f__Ruminococcaceae;g__Anaerotruncus;s__Anaerotruncus_colihominis	k__Bacteria;p__Firmicutes;c__Clostridia;o__Clostridiales;f__Lachnospiraceae;g__Blautia;s__Blautia_obeum	k__Bacteria;p__Bacteroidetes;c__Bacteroidia;o__Bacteroidales;f__Odoribacteraceae;g__Odoribacter;s__Odoribacter_laneus	k__Bacteria;p__Firmicutes;c__Clostridia;o__Clostridiales;f__Ruminococcaceae;g__Ruminiclostridium;s__[Clostridium]_leptum	k__Bacteria;p__Bacteroidetes;c__Bacteroidia;o__Bacteroidales;f__Porphyromonadaceae;g__Parabacteroides;s__Parabacteroides_goldsteinii	k__Bacteria;p__Firmicutes;c__Clostridia;o__Clostridiales;f__Lachnospiraceae;g__Anaerostipes;s__Anaerostipes_hadrus	k__Bacteria;p__Firmicutes;c__Clostridia;o__Clostridiales;f__Ruminococcaceae;g__Ruminococcus;s__Ruminococcus_lactaris	k__Bacteria;p__Firmicutes;c__Clostridia;o__Clostridiales;f__Clostridiaceae;g__Clostridium;s__Clostridium_sp._L2-50	k__Bacteria;p__Firmicutes;c__Clostridia;o__Clostridiales;f__Clostridiaceae;g__Clostridium;s__Clostridium_sp._M62/1	k__Bacteria;p__Firmicutes;c__Clostridia;o__Clostridiales;f__;g__Intestinimonas;s__Intestinimonas_butyriciproducens	k__Bacteria;p__Actinobacteria;c__Actinobacteria;o__Bifidobacteriales;f__Bifidobacteriaceae;g__Bifidobacterium;s__Bifidobacterium_bifidum	k__Bacteria;p__Firmicutes;c__Negativicutes;o__Veillonellales;f__Veillonellaceae;g__Dialister;s__Dialister_invisus	k__Bacteria;p__Bacteroidetes;c__Bacteroidia;o__Bacteroidales;f__Bacteroidaceae;g__Bacteroides;s__Bacteroides_salanitronis
k__Bacteria;p__Bacteroidetes;c__Bacteroidia;o__Bacteroidales;f__Bacteroidaceae;g__Bacteroides;s__Bacteroides_vulgatus	1.0	-0.0113857063347	0.0335639934442	-0.00258388983708	-0.0515071180449	-0.00997486158051	-0.00444103185366	0.0259304617042	-0.0378864952902	-0.0274707104581	0.0573336639365	-0.000681063650733	0.0190266657747	0.00543352824429	0.0147196165899	-0.00241081664847	0.00818558827576	0.00247729790331	-0.0323048973903	0.0198056136781	-0.02513198857	0.0021354590328	-0.0337604280816	-0.0107369020249	0.00854834591859	-0.0363935214714	0.000467676763921	-0.028214677269	0.0457910607955	-0.0479361574917	-0.0240287633772	-0.0436038567566	0.00538796616975	0.00412005076015	0.0160288257559	0.00297156889823	-0.0126681884344	-0.00712880922487	0.0218530693001	0.00298958259921	0.0349311922501	0.0119623547513	0.00963842106341	-0.0455447913192	-0.0502917559512	0.0149745493944	0.0718410694533	0.0315418415091	0.0127411519035	-0.0161508078475	-0.0254948936038	-0.0258447672992	-0.0230864213039	-0.0386391760173	0.0144662979674	0.0434830563602	0.0180080618585	0.025602013973	0.0169725370103
k__Bacteria;p__Bacteroidetes;c__Bacteroidia;o__Bacteroidales;f__Bacteroidaceae;g__Bacteroides;s__Bacteroides_uniformis	-0.0113857063347	1.0	0.000244594907966	-0.0497123384914	-0.069573090456	0.0249170279201	0.0133004347977	0.0349960622741	0.0470549444672	0.00348077445325	-0.0252097732243	-0.0231413598382	0.0104468878175	-0.000686336541484	-0.0436602823751	0.0197979382945	-0.0450961561436	-0.0299611050492	-0.0652642838585	-0.0069270067144	0.0502721239922	-0.0238839688033	0.0525984624534	-0.0207881682292	-0.0843713970982	-0.0337857533503	-0.0358531597914	-0.0166363628977	-0.0164440104268	-0.00263885133154	0.0143829553497	0.00265667698371	0.0460799459987	-0.0255589437594	0.066126279682	-0.00619526549559	0.024506831747	-0.0158056532524	-0.0101109039571	-0.00815637486393	0.0261922134677	-0.0242216697286	-0.0479446244449	0.0034028116184	0.0288027700752	0.0169666634395	0.0373757876772	-0.015758982637	0.00542346881756	-0.053625518931	0.0260439683023	0.0303343834692	0.0399708810737	0.0371845189972	0.00570285381056	0.0559822437041	0.0265416586187	-0.0703029701201	-0.00731366198713
k__Bacteria;p__Bacteroidetes;c__Bacteroidia;o__Bacteroidales;f__Rikenellaceae;g__Alistipes;s__Alistipes_putredinis	0.0335639934442	0.000244594907966	1.0	-0.0116755778088	0.0121228484025	-0.0225312660203	-0.0451322452473	-0.0108426287245	0.0327343810225	-0.0113504139026	0.00492922614204	-0.0929048057428	0.0176599206649	-0.0232615514144	-0.0476660417587	-0.00834212602252	0.00272009907843	0.0110734271853	-0.035109272191	-0.0484869225146	-0.0165312793629	0.0377670358209	-0.0461488737129	0.00192409962314	0.00494034652517	-0.075263546994	-0.0128459809147	-0.0164373746642	-0.0303442315976	0.0038017686856	0.0198684926105	0.0101451545227	-0.0451789947842	0.0107505123376	-0.019928223075	-0.0285204588951	-0.0251651813	0.0327995088892	0.0199824270999	-0.0406454485334	0.017568383023	0.0545299042741	0.0115993705602	-0.0393776825516	0.0555372123177	0.0147766425334	0.00296226384146	0.00948834687705	0.0200426754262	-0.0619742093657	0.00382496930188	0.00184724222156	-0.00208336733581	-0.071028179804	-0.0836408408395	-0.00567143689446	0.00854377412807	0.0162441383962	-0.0675081400485
k__Bacteria;p__Bacteroidetes;c__Bacteroidia;o__Bacteroidales;f__Prevotellaceae;g__Prevotella;s__Prevotella_copri	-0.00258388983708	-0.0497123384914	-0.0116755778088	1.0	-0.0557683069644	-0.036777721023	0.0293167068712	0.00612110903756	-0.00594627105569	-0.0509235822126	-0.0189234430991	-0.0571220526753	0.0687493553779	0.00993210296331	0.0435419356286	0.00164915103229	-0.0580133420035	-0.0562255279742	0.0300124078985	-0.0414891313915	-0.0420530515213	0.058881291478	-0.00825412784831	-0.0445507624889	0.0460857976263	0.0337356193591	0.0179157064644	-0.00565788175653	-0.0168216374352	0.0116414514949	-0.0201228079636	-0.00378019314596	-0.0278729409809	0.0180125404955	0.00870563850961	-0.0265276151902	-0.0287870549754	-0.0535078913262	0.0572428596174	-0.00209776852778	0.0263776511147	0.0621009356739	0.00563786439013	0.0621132054456	-0.087177430368	-0.0593112442596	-0.12523877345	-0.0255340244768	0.0270451070931	0.0011571811785	0.020949841061	0.00939386633711	-0.00615228906538	0.0388099110887	0.00576572887908	-0.0331649467886	-0.0279548316483	-0.0144155049892	-0.0222136336408
k__Bacteria;p__Bacteroidetes;c__Bacteroidia;o__Bacteroidales;f__Bacteroidaceae;g__Bacteroides;s__Bacteroides_stercoris	-0.0515071180449	-0.069573090456	0.0121228484025	-0.0557683069644	1.0	-0.0705507585988	-0.0198203907424	-0.0212504464818	0.00568038890604	-0.0793958446722	-0.0393716067519	-0.0273795126653	0.00758005435373	-0.0272156003135	-0.0922800593494	-0.0940858483479	-0.01912054622	-0.019634729938	-0.0197794117225	0.00553081971173	0.0451232912715	-0.0452342390493	-0.0345284493853	0.0250735006985	0.0440200864264	-0.0381258347941	-0.00144078695697	0.036063120104	-0.0630220710927	0.0228920111892	0.00405118579088	-0.0538754472153	0.00434449109313	-0.00912694978897	-0.0189007642985	0.00417537864886	0.00360364439181	0.0176333767836	0.00949470884932	-0.00934288681338	0.0202636638907	-0.001129161365	-0.005515904996	-0.0405808307895	-0.0310757238616	0.0474049973754	-0.03196442579	-0.0241918587809	-0.0355808472988	-0.0283889323526	0.00882398429028	-0.0351183715782	-0.0186721001646	-0.0268459973863	-0.0976942678928	0.0200071701737	-0.000215100850137	0.0178388166925	0.0347078410784
k__Bacteria;p__Bacteroidetes;c__Bacteroidia;o__Bacteroidales;f__Bacteroidaceae;g__Bacteroides;s__Bacteroides_ovatus	-0.00997486158051	0.0249170279201	-0.0225312660203	-0.036777721023	-0.0705507585988	1.0	0.0292223362491	0.00492974627745	0.066008950076	-0.00866385224734	0.000179179254527	0.0568118534204	-0.0288519796194	-0.068943876636	0.0267111610494	-0.0179537908388	0.00532345142815	-0.0068936855529	-0.037354026839	0.0148455641279	0.0305552522323	-0.0173919505697	-0.0238530828867	-0.00205356364293	-0.0331824500205	-0.0238648870459	-0.0361066337928	0.0774997839434	0.0563855750435	-0.00878503048854	-0.00687904000067	-0.0676577399766	-0.0345653011728	0.0111196586423	0.0085668111117	0.0506180850191	0.0216409907156	-0.00767162594713	0.00897083384436	-0.0230198033474	-0.0271575927006	0.0146531954848	-0.0501536420776	-0.0538435258105	-0.0185672839402	0.0219293563001	0.00967964474449	0.0332711632709	-0.018562659464	0.00924645736953	-0.077590987213	0.000360875823533	-0.0186003709147	-0.0647888911747	-0.0486880403047	0.00229914420455	-0.0389495318232	-0.0486937866388	-0.00848471995693
k__Bacteria;p__Bacteroidetes;c__Bacteroidia;o__Bacteroidales;f__Rikenellaceae;g__Alistipes;s__Alistipes_shahii	-0.00444103185366	0.0133004347977	-0.0451322452473	0.0293167068712	-0.0198203907424	0.0292223362491	1.0	0.00716323738004	-0.0183965001336	-0.0389973546791	-0.0259534109481	0.0255846774312	-0.048632322219	-0.081790389571	-0.00754808503764	0.0174689676179	-0.0524028448768	-0.0242744907271	-0.0168301603679	0.00695436396105	0.0105681046436	-0.0210255939362	-0.0419566081761	0.00680968330692	0.0388265705675	0.00936608916265	-0.0727171400386	-0.00765107093802	-0.0231451262568	0.0160629353597	0.043138485764	-0.0395819132896	0.0336591920559	0.0239241689936	0.00821144310943	0.0376062861472	-0.0584715957527	-0.0134857985824	0.00106394550745	0.0430781897257	-0.000200825962063	0.00231773392925	-0.00496477010034	-0.0883324167107	0.00930408086544	-0.0508102060256	0.00328870899966	-0.00156199922382	-0.00410628664166	-0.0459573263445	0.0162158398042	-0.0013986596356	-0.0268669884866	-0.0208660711787	0.00883173443141	0.04114860156	-0.0041338385393	0.0123662543096	-0.0037183869642
k__Bacteria;p__Firmicutes;c__Clostridia;o__Clostridiales;f__Ruminococcaceae;g__Faecalibacterium;s__Faecalibacterium_prausnitzii	0.0259304617042	0.0349960622741	-0.0108426287245	0.00612110903756	-0.0212504464818	0.00492974627745	0.00716323738004	1.0	-0.0247717281551	0.018900707002	0.0118019612232	0.0450650650274	-0.0334945578265	-0.0410454988529	-0.00608716893328	-0.0211325101865	-0.00824394557962	0.0262159714301	-0.0678905370829	0.0181082685368	0.0137755099395	0.0277562216203	-0.049434462959	-0.00724539975817	-0.0326452795128	-0.0542757244734	0.0267734010626	-0.021208810534	0.0146067232526	-0.0174928122228	-0.0217090794492	-0.029423378999	-0.0080874252412	0.0138321644303	-0.0209315569137	-0.0694162674935	-0.021303196448	0.0417918999073	-0.0834692598377	0.0259558416193	0.0440879704252	-0.00717344409865	-0.00212481540297	-0.0193566047067	0.0485884216107	0.00478877631744	0.00841474372521	0.00168890076123	-0.0289504095537	0.0033698255959	-0.0239356244005	-0.0486655882539	0.0117349329043	-0.0111534024205	-0.0233517537781	-0.0336703149467	0.0103461149491	-0.0250072993894	-0.0542933955496
k__Bacteria;p__Bacteroidetes;c__Bacteroidia;o__Bacteroidales;f__Rikenellaceae;g__Alistipes;s__Alistipes_finegoldii	-0.0378864952902	0.0470549444672	0.0327343810225	-0.00594627105569	0.00568038890604	0.066008950076	-0.0183965001336	-0.0247717281551	1.0	-0.0625821170329	-0.0163374400484	-0.0306066723511	-0.0298319578427	0.00772044134002	-0.0182426139256	0.00179630899888	0.00289833117214	-0.0504898958764	-0.00130459884272	-0.0370470578968	0.0210668595302	-0.00896248251198	0.0398476354391	0.0113492050935	-0.0805645945944	0.00496617529764	0.00507610385799	-0.0189369854604	0.0870831840997	0.0495205191736	-0.0151213717469	-0.00425980539036	-0.0422024829759	0.0465934030085	-0.0711759924841	-0.017741746771	-0.016797260109	-0.00066948732224	-0.0209441452235	-0.066496291519	-0.0446989647807	-0.0442761079149	-0.00225523415133	-0.00550080471568	-0.0243914197155	0.0503907977797	-0.0259733131207	0.0193958569162	-0.0400566760757	0.000577395538981	0.014440195132	-0.0162797813231	0.0110177059407	-0.0167011126703	-0.0126276377835	0.0070812749473	-0.00187301625649	-0.0103505566934	-0.0270803682621
k__Bacteria;p__Bacteroidetes;c__Bacteroidia;o__Bacteroidales;f__Porphyromonadaceae;g__Parabacteroides;s__Parabacteroides_distasonis	-0.0274707104581	0.00348077445325	-0.0113504139026	-0.0509235822126	-0.0793958446722	-0.00866385224734	-0.0389973546791	0.018900707002	-0.0625821170329	1.0	-0.0104887074428	0.0538704252487	-0.0198723853919	-0.0261593599	-0.02503978297	-0.00192938316714	0.00678705977683	-0.110590444084	-0.0280479595852	-0.0057240070198	-0.00736119647752	0.00432537938364	-0.00375690311191	-0.00731465598411	-0.00203090370765	-0.00229972802057	-0.0270526626154	-0.00471913329634	0.0265240539686	-0.0241988064235	-0.0593929296109	0.0422014205198	0.0242227476059	-0.0285358691763	0.0171353857942	-0.024155443354	-0.00640954380515	-0.0126485934303	0.0756744303101	-0.0161126456797	-0.0438491440081	-0.00518663302962	-0.0370920407773	-0.0207717169561	-0.0261869570277	-0.00901366631541	0.0107573037527	0.0261647429537	-0.0231217528983	-0.0228118011891	-0.0318418091546	0.00648379495858	0.0041523989176	0.00740234042473	-0.0284103412334	-0.0917210943659	0.0159679478727	-0.0564223129057	0.0262081304814
k__Bacteria;p__Bacteroidetes;c__Bacteroidia;o__Bacteroidales;f__Bacteroidaceae;g__Bacteroides;s__Bacteroides_thetaiotaomicron	0.0573336639365	-0.0252097732243	0.00492922614204	-0.0189234430991	-0.0393716067519	0.000179179254527	-0.0259534109481	0.0118019612232	-0.0163374400484	-0.0104887074428	1.0	0.00479476738405	0.00731752748736	0.0149930580297	0.0276349752813	0.0566385165588	-0.0725106638466	0.0555444847296	-0.0456550435646	0.0531863499416	0.0129466441029	-0.0248044552427	0.00559476080798	0.0205134680541	0.0121041393161	-0.110100821661	0.000229266134266	-0.0550654645934	0.0302972712819	-0.0144858561561	-0.0481663309308	0.0128007112888	-0.0575713731566	-0.0216269024026	-0.00785116393965	0.0050688558762	-0.0166635693542	-0.0256845437486	-0.0191972988565	-0.0540133393835	-0.0359457149943	0.0719108293748	0.0328802522315	0.0340142817773	0.0200056379452	-0.0237873340214	0.00926834628212	-0.0239932985154	-0.0152395525747	0.0505730509719	-0.0245153419396	0.00144158125632	0.00406940358704	-0.0738500182471	0.0426165579972	-0.0830093123438	0.0513963027006	0.0532791361204	-0.0179173776664
k__Bacteria;p__Bacteroidetes;c__Bacteroidia;o__Bacteroidales;f__Bacteroidaceae;g__Bacteroides;s__Bacteroides_coprocola	-0.000681063650733	-0.0231413598382	-0.0929048057428	-0.0571220526753	-0.0273795126653	0.0568118534204	0.0255846774312	0.0450650650274	-0.0306066723511	0.0538704252487	0.00479476738405	1.0	0.00783153543527	-0.0346436948002	0.000251144330065	-0.00780565373436	-0.00280303556401	-0.0379886234347	0.0293138683363	-0.0624183879337	0.00515233177355	0.0292700966773	0.0036367729983	-0.104971392307	-0.0463096069849	0.00301195009401	-0.0502873972704	0.00704511072225	-0.0654361586556	0.00135545935432	0.00733426320763	-0.00767639773635	-0.0471590231735	0.0559667805211	-0.044201769835	-0.037926837854	-0.00419170888038	-0.0193986826912	0.0100058914628	-0.0369678259119	-0.0391564521324	0.00319386071131	-0.0098500962016	0.0547824089965	-0.0306664801159	0.0535138475757	-0.0187877657046	0.0167373926901	-0.0511790955808	0.000673881735589	-0.0371686312559	0.0323531703523	0.0438641958141	0.0446145918255	-0.0280892064656	0.0260324215772	0.038831500229	0.0042996796784	-0.0106809905777
k__Bacteria;p__Bacteroidetes;c__Bacteroidia;o__Bacteroidales;f__Bacteroidaceae;g__Bacteroides;s__Bacteroides_cellulosilyticus	0.0190266657747	0.0104468878175	0.0176599206649	0.0687493553779	0.00758005435373	-0.0288519796194	-0.048632322219	-0.0334945578265	-0.0298319578427	-0.0198723853919	0.00731752748736	0.00783153543527	1.0	-0.0250282598993	0.00731746668192	-0.00061729985803	-0.0494222653731	0.00707769259101	-0.00320498656753	0.00343483192083	-0.046524961515	-0.0249543085659	-0.0237148315937	0.00988525238285	0.0121134016817	-0.00763142444266	-0.0259073072979	-0.0111104251228	-0.0721616645074	0.0232295029606	0.0162765639048	0.0171240866715	-0.0230439301765	-0.0919647564676	0.0160446497624	-0.00286702226943	0.0136125969727	-0.00336771755529	-0.0520194368537	-0.0400623235427	-0.00403291758308	0.0308433556766	-0.0191815766535	-0.0595353983205	0.00547328791214	-0.0084177575649	0.0450321204761	-0.0279358952122	-0.0328503489297	-0.0180146586077	0.0660857067578	-0.0390070716893	0.0323799274581	0.00438141590249	-0.0018225099337	-0.0429841690714	0.0109465527908	0.022220441337	-0.0158326326592
k__Bacteria;p__Bacteroidetes;c__Bacteroidia;o__Bacteroidales;f__Rikenellaceae;g__Alistipes;s__Alistipes_obesi	0.00543352824429	-0.000686336541483	-0.0232615514144	0.00993210296331	-0.0272156003135	-0.068943876636	-0.081790389571	-0.0410454988529	0.00772044134002	-0.0261593599	0.0149930580297	-0.0346436948002	-0.0250282598993	1.0	0.0164986737345	0.0123267704105	-0.0430204930449	-0.026395966522	-0.060582465279	-0.0478075648557	-0.00660170142675	0.0194133860648	0.00374997362117	-0.0261985397612	-0.044232372874	0.0344129215426	-0.0672327900256	0.064888950743	-0.0439878576401	0.0172778291515	-0.00605087718564	0.00932412514266	-0.0654939863703	-0.00876140767388	0.0302822055819	-0.00416401240861	-0.0267682297477	-0.00321185160079	-0.0267948710613	0.00884129727567	-0.00913403218819	-0.0084862267137	-0.0400611416778	0.0194362895186	0.00235929764751	-0.016846151293	0.0317061811915	-0.00364903719304	0.0250153590255	0.0166579082948	0.013241584527	0.0355790985176	-0.0198193059695	-0.00558076608976	-0.0165307655185	-0.0293937366218	-0.0391349829475	0.00207574814264	-0.0358378269547
k__Bacteria;p__Firmicutes;c__Clostridia;o__Clostridiales;f__Lachnospiraceae;g__;s__[Eubacterium]_rectale	0.0147196165899	-0.0436602823751	-0.0476660417587	0.0435419356286	-0.0922800593494	0.0267111610494	-0.00754808503764	-0.00608716893328	-0.0182426139256	-0.02503978297	0.0276349752813	0.000251144330065	0.00731746668192	0.0164986737345	1.0	0.0209731746409	-0.045922602096	-0.00139454021546	0.0397614226921	-0.0419638350833	0.0557898772039	0.0189182204774	-0.0390523052694	-0.0457375948069	-0.0370795167582	0.00141751019836	-0.0422216819965	-0.00786913098899	-0.0149243858467	0.011195986944	-0.0215836401801	-0.0802944424861	-0.0188266096059	-0.0235302316888	-0.0510497445992	0.00250409336689	-0.0278981142235	0.0280918006316	-0.010007516707	0.0242999189577	0.00202090302873	0.00641841335507	0.0398684676567	0.0425016750562	-0.0348337301761	-0.0164052675267	0.022625794541	-0.0245702816494	-0.014537762062	0.0521740011697	-0.0352068808675	-0.0403295483847	-0.0018689819625	0.016042615818	-0.0424049846364	-0.0292181705734	-0.067054321937	-0.0268564225455	0.0301974554871
k__Bacteria;p__Bacteroidetes;c__Bacteroidia;o__Bacteroidales;f__Bacteroidaceae;g__Bacteroides;s__Bacteroides_plebeius	-0.00241081664847	0.0197979382945	-0.00834212602252	0.00164915103229	-0.0940858483479	-0.0179537908388	0.0174689676179	-0.0211325101865	0.00179630899888	-0.00192938316714	0.0566385165588	-0.00780565373436	-0.00061729985803	0.0123267704105	0.0209731746409	1.0	-0.029045253325	0.0349727850453	-0.0214357278013	-0.0133490766737	-0.0278152987831	0.022481014752	-0.0208591157274	-0.060843760276	0.030516839127	0.0174803542945	-0.0159239659117	-0.0039438202422	-0.00377611124112	0.00890837347278	-0.0415764070103	0.0220907694991	-0.0348081437208	0.015883847884	-0.020958725733	-0.0361961403061	0.000200374911433	0.0517605595812	-0.0791196391047	-0.0378616684843	0.0626371411653	-0.0522419738409	0.0041383966596	0.0131288644907	-0.0383901240822	-0.0422663492085	0.0782580906633	0.00822318935314	0.040828421199	-0.0683741727256	-0.0290171389531	-0.0463571996985	-0.0249368840223	-0.021501425597	-0.0163318802985	0.0421703185774	0.023632774168	0.0354806681318	-0.0564232126839
k__Bacteria;p__Bacteroidetes;c__Bacteroidia;o__Bacteroidales;f__Bacteroidaceae;g__Bacteroides;s__Bacteroides_fragilis	0.00818558827576	-0.0450961561436	0.00272009907843	-0.0580133420035	-0.01912054622	0.00532345142815	-0.0524028448768	-0.00824394557962	0.00289833117214	0.00678705977683	-0.0725106638466	-0.00280303556401	-0.0494222653731	-0.0430204930449	-0.045922602096	-0.029045253325	1.0	-0.0405165139556	-0.0618090330152	-0.0246716027801	0.0183471330586	-0.0117437485877	-0.0184547968655	0.0157592967762	0.00139448092889	-0.0490449130176	0.00310183504696	-0.0493602207491	-0.0243513194185	-0.0271370466588	0.00175009118395	0.0124794878269	-0.0278089141662	-0.032306852406	0.0575578546273	0.0221359864382	0.00838908716566	-0.0022743501404	-0.0124817798786	-0.0243707400615	-0.00459962227928	-0.0478023707561	0.0295516069606	-0.0465872575927	0.0498726678533	0.0208309945574	-0.0110071233512	-0.0113428301178	0.0435691396291	-0.027531356917	-0.00502010146665	0.000789770276541	-0.00411389944659	0.0184560467306	0.0268558858751	0.0234494195946	-0.00100309734159	0.00276279022318	-0.0162711038691
k__Bacteria;p__Proteobacteria;c__Betaproteobacteria;o__Burkholderiales;f__Sutterellaceae;g__Sutterella;s__Sutterella_wadsworthensis	0.00247729790331	-0.0299611050492	0.0110734271853	-0.0562255279742	-0.019634729938	-0.0068936855529	-0.0242744907271	0.0262159714301	-0.0504898958764	-0.110590444084	0.0555444847296	-0.0379886234347	0.00707769259101	-0.026395966522	-0.00139454021546	0.0349727850453	-0.0405165139556	1.0	0.054396930789	-0.0126911417277	-0.014671567383	0.0131012548271	-0.0234466455653	0.0429810218127	0.0489518571463	-0.0146862492351	0.0139971758378	-0.0354484450242	-0.0537982872251	0.0345505711435	0.034795018494	-0.0161260374999	-0.0469917905524	0.00127209628345	-0.0409791498985	0.00897577600122	0.0289093771755	0.0202228205674	-0.06209913903	0.010608142518	-0.0671090553447	-0.0373173812556	-0.0163911133752	0.00159481295085	0.0350131764722	0.0401093411706	0.00383878822684	0.0197982105635	-0.0512018113438	0.00453378272569	0.00554525450402	-0.0605349418631	0.00718350121798	-0.0492167051353	-0.0137012452382	-0.000920656282594	-0.0595099429563	-0.00576677679488	0.0212972844972
k__Bacteria;p__Bacteroidetes;c__Bacteroidia;o__Bacteroidales;f__Porphyromonadaceae;g__Barnesiella;s__Barnesiella_intestinihominis	-0.0323048973903	-0.0652642838585	-0.035109272191	0.0300124078985	-0.0197794117225	-0.037354026839	-0.0168301603679	-0.0678905370829	-0.00130459884272	-0.0280479595852	-0.0456550435646	0.0293138683363	-0.00320498656753	-0.060582465279	0.0397614226921	-0.0214357278013	-0.0618090330152	0.054396930789	1.0	-0.0287577736016	-0.0344233154798	-0.0108657763369	0.0334496295579	-0.00844975840848	0.0177935965124	0.0462490542618	0.00914448928266	-0.0415343956516	0.0146505681189	-0.0634469575856	0.0705259633567	-0.0383413530476	-0.01938562883	0.0676129594944	0.0105871000489	-0.011117294736	-0.0178607715148	-0.00571678594001	-0.013256019756	-0.0633548521663	-0.0202998696168	0.050746858078	-0.0215806963036	0.0384710616391	-0.0132544653741	-0.00124750833882	-0.0379922009209	-0.0328235729538	-0.0414338983826	0.0255577039693	0.0204002464511	-0.00674549010196	0.0238172212043	-0.0227371253494	0.011582326101	-0.0229600469518	0.00234630939046	-0.0373688947649	-0.0493082604788
k__Bacteria;p__Bacteroidetes;c__Bacteroidia;o__Bacteroidales;f__Odoribacteraceae;g__Odoribacter;s__Odoribacter_splanchnicus	0.0198056136781	-0.0069270067144	-0.0484869225146	-0.0414891313915	0.00553081971173	0.0148455641279	0.00695436396105	0.0181082685368	-0.0370470578968	-0.0057240070198	0.0531863499416	-0.0624183879337	0.00343483192083	-0.0478075648557	-0.0419638350833	-0.0133490766737	-0.0246716027801	-0.0126911417277	-0.0287577736016	1.0	-0.0247323658889	-0.0151142403948	0.00349415973181	-0.0319911604577	0.034234494977	0.0159395269322	-0.0512965870026	0.0169096145912	0.0135922715523	0.0340080732049	-0.0764492847891	-0.0139047720705	-0.0332490252688	0.0424914985932	0.0155572593093	-0.0043109671698	-0.0367284646697	0.0366797393138	0.0280898673911	-0.00209842137972	0.0231969745854	-0.0133758273627	-0.0116307248713	0.0426867008588	-0.0477812579042	-0.0162444547953	-0.0326015485365	-0.051696852791	0.0319545276826	0.00125482112781	-0.0402522914963	-0.0264613266537	-0.0274589316849	0.0228077458846	-0.0143795428456	0.00711245431396	0.0053986408638	0.0246328300213	-0.0730806609094
k__Bacteria;p__Bacteroidetes;c__Bacteroidia;o__Bacteroidales;f__Bacteroidaceae;g__Bacteroides;s__Bacteroides_salyersiae	-0.02513198857	0.0502721239922	-0.0165312793629	-0.0420530515213	0.0451232912715	0.0305552522323	0.0105681046436	0.0137755099395	0.0210668595302	-0.00736119647752	0.0129466441029	0.00515233177355	-0.046524961515	-0.00660170142675	0.0557898772039	-0.0278152987831	0.0183471330586	-0.014671567383	-0.0344233154798	-0.0247323658889	1.0	0.00910207329812	-0.0136097739525	-0.0173863801515	-0.0532781251637	-0.0388235627572	0.0202126295894	-0.0717642630728	-0.0278793060156	0.00171711276488	0.0769857489063	0.0234553842382	-0.00279420674911	-0.0389502562102	-0.0291923437504	-0.0231921372454	-0.0394608994053	-0.0917664076046	0.00104289939926	-0.00135917488528	-0.0283064482399	-0.0456917893478	0.0122677376037	-0.0213560062867	-0.0331709381529	0.00454143035139	-0.0117192202394	-0.0181416430258	-0.034748496028	-0.0154170061701	-0.00329715974364	-0.0572335657773	-0.00374950520618	0.02313915218	-0.016583889535	-0.00913312503018	-0.0329274199051	0.0579970567838	0.00839857644719
k__Bacteria;p__Firmicutes;c__Clostridia;o__Clostridiales;f__Ruminococcaceae;g__Ruminiclostridium;s__[Eubacterium]_siraeum	0.0021354590328	-0.0238839688033	0.0377670358209	0.058881291478	-0.0452342390493	-0.0173919505697	-0.0210255939362	0.0277562216203	-0.00896248251198	0.00432537938364	-0.0248044552427	0.0292700966773	-0.0249543085659	0.0194133860648	0.0189182204774	0.022481014752	-0.0117437485877	0.0131012548271	-0.0108657763369	-0.0151142403948	0.00910207329812	1.0	-0.027630568121	0.0506924747988	-0.0251715011774	-0.0145995871331	-0.0187265100212	-0.00860009954379	0.00892405072865	-0.00125815450746	-0.0110859705446	-0.00191021338042	-0.0519809770965	-0.00452464351319	-0.117432235486	-0.0236557001375	-0.00984539312088	-0.0419601675536	-0.0266165646237	-0.061697636743	0.0524653976876	0.0306786480843	-0.0164233708221	1.29333083735e-05	-0.0663258758384	-0.0175740770215	-0.0631488476222	0.030317917267	-0.00638351026922	0.0128333728419	-0.0253083892723	-0.0639513901582	0.0289638632757	0.0464910790684	0.00310224185386	0.016023753248	-0.0201389477929	-0.0396282130224	0.0125367710304
k__Bacteria;p__Proteobacteria;c__Betaproteobacteria;o__Burkholderiales;f__Sutterellaceae;g__Parasutterella;s__Parasutterella_excrementihominis	-0.0337604280816	0.0525984624534	-0.0461488737129	-0.00825412784831	-0.0345284493853	-0.0238530828867	-0.0419566081761	-0.049434462959	0.0398476354391	-0.00375690311191	0.00559476080798	0.0036367729983	-0.0237148315937	0.00374997362117	-0.0390523052694	-0.0208591157274	-0.0184547968655	-0.0234466455653	0.0334496295579	0.00349415973181	-0.0136097739525	-0.027630568121	1.0	0.00671991318975	-0.0178679167604	0.00840387112424	0.0286591209282	0.0136653215885	-0.0604247256205	-0.0130479807743	-0.04338522978	0.0513494763347	0.01135437138	0.0364941167578	0.00325122018652	0.00406589398885	0.0394956878612	0.0231020798141	0.076861623308	-0.0187153417851	-0.0451661406977	0.0364322113929	-0.0680930635025	0.0226350211026	-0.0124922075192	-0.0113231913009	-0.000615266775304	0.016296606949	-0.0457921418355	-0.0601381561277	0.0213544695248	-0.0394974489753	-0.0689511716674	-0.00908149672537	0.0482528873744	-0.0674224025076	-0.00161726192782	0.0632821398637	0.0336579494766
k__Bacteria;p__Actinobacteria;c__Actinobacteria;o__Bifidobacteriales;f__Bifidobacteriaceae;g__Bifidobacterium;s__Bifidobacterium_adolescentis	-0.0107369020249	-0.0207881682292	0.00192409962314	-0.0445507624889	0.0250735006985	-0.00205356364293	0.00680968330692	-0.00724539975817	0.0113492050935	-0.00731465598411	0.0205134680541	-0.104971392307	0.00988525238285	-0.0261985397612	-0.0457375948069	-0.060843760276	0.0157592967762	0.0429810218127	-0.00844975840848	-0.0319911604577	-0.0173863801515	0.0506924747988	0.00671991318975	1.0	0.0198599124322	0.0338340996923	0.0100579513569	0.0550968827323	-0.0799978968323	-0.0160288848427	-0.0194720714179	0.0309620507969	-0.0238755006075	-0.0314338584685	-0.017663798821	0.0319110176574	-0.00220729064109	-0.0102423478151	0.00943232596477	-0.0103988067351	0.0199539651521	-0.0595088956213	0.0404872750956	0.00232857924443	0.0074906537235	-0.0210208237921	-0.0196197203129	0.0211437530669	-0.00985437432461	-0.0208334461326	-0.0713290161073	-0.0327892138418	0.0104717720817	-0.00602129112846	0.0400050631672	0.023291182885	-0.0115819467203	0.0592789033232	-0.0279870556231
k__Bacteria;p__Firmicutes;c__Clostridia;o__Clostridiales;f__Oscillospiraceae;g__Oscillibacter;s__Oscillibacter_sp._KLE_1745	0.00854834591859	-0.0843713970982	0.00494034652517	0.0460857976263	0.0440200864264	-0.0331824500205	0.0388265705675	-0.0326452795128	-0.0805645945944	-0.00203090370765	0.0121041393161	-0.0463096069849	0.0121134016817	-0.044232372874	-0.0370795167582	0.030516839127	0.00139448092889	0.0489518571463	0.0177935965124	0.034234494977	-0.0532781251637	-0.0251715011774	-0.0178679167604	0.0198599124322	1.0	-0.00117524619299	0.0321239556926	-0.0750035841478	0.0235495414505	-0.0168241185147	-0.0271330985008	-0.0126552960804	-0.00790017913832	0.00749021876559	0.0663936615149	0.00195927407609	-0.0464418831924	0.0364663030986	-0.0489825434242	-0.0103093646082	-0.0153663352175	0.0221053468178	-0.0341487987487	-0.0322271744809	-0.0310127308495	-0.00103351727942	-0.0133946113366	0.0273730248358	0.00151773956033	-0.0195479290936	-0.0227981480131	-0.015346233667	-0.0397148525817	0.0352597042358	-0.013369115596	-0.0453277102315	0.00101996448817	0.00180359522773	0.0105626907523
k__Bacteria;p__Bacteroidetes;c__Bacteroidia;o__Bacteroidales;f__Bacteroidaceae;g__Bacteroides;s__Bacteroides_coprophilus	-0.0363935214714	-0.0337857533503	-0.075263546994	0.0337356193591	-0.0381258347941	-0.0238648870459	0.00936608916265	-0.0542757244734	0.00496617529764	-0.00229972802057	-0.110100821661	0.00301195009401	-0.00763142444266	0.0344129215426	0.00141751019836	0.0174803542945	-0.0490449130176	-0.0146862492351	0.0462490542618	0.0159395269322	-0.0388235627572	-0.0145995871331	0.00840387112424	0.0338340996923	-0.00117524619299	1.0	0.0131217707239	-0.0385118140105	0.00815184187027	-0.0121921091916	-0.00609256638825	0.000566136191938	0.0172621169039	0.0513156072387	0.049919124744	-0.0272449384172	0.0466942390745	-0.0557654124134	-0.00869201134376	-0.0549232583891	0.0106907259084	0.00752547691701	-0.0355288148491	0.010867761656	-0.0396301524143	-0.00491943607251	0.0246520599839	0.0140674283419	-0.00673660816434	-0.0657318349065	0.0187335919526	0.0398479001533	0.056287633804	0.0209672942416	0.014245535118	-0.00402127730033	0.0126034167494	-0.0126657517984	-0.0595459469235
k__Bacteria;p__Firmicutes;c__Clostridia;o__Clostridiales;f__Lachnospiraceae;g__Roseburia;s__Roseburia_intestinalis	0.000467676763921	-0.0358531597914	-0.0128459809147	0.0179157064644	-0.00144078695697	-0.0361066337928	-0.0727171400386	0.0267734010626	0.00507610385799	-0.0270526626154	0.000229266134266	-0.0502873972704	-0.0259073072979	-0.0672327900256	-0.0422216819965	-0.0159239659117	0.00310183504696	0.0139971758378	0.00914448928266	-0.0512965870026	0.0202126295894	-0.0187265100212	0.0286591209282	0.0100579513569	0.0321239556926	0.0131217707239	1.0	-0.0484964259178	0.0262330994676	-0.0262264622318	0.0279573758369	-0.0283851532561	6.45130804902e-06	-0.0460402960355	-0.0320223785921	-0.00665650334887	0.0202507479543	-0.0925042915263	0.0139845853612	0.0142374109994	-0.0718534438009	-0.00676963553693	-0.00346306610935	0.0288473085902	-0.0021626965307	0.0216704359818	0.0164987551029	-0.0154567230538	0.0390123521272	-0.020442861452	-0.00717240941787	0.00974575272678	-0.00578063818372	-0.0609178792002	-0.00520097186501	-0.0406437728002	0.0102758578548	0.0299914393881	0.0381903742693
k__Bacteria;p__Firmicutes;c__Clostridia;o__Clostridiales;f__Lachnospiraceae;g__Roseburia;s__Roseburia_hominis	-0.028214677269	-0.0166363628977	-0.0164373746642	-0.00565788175653	0.036063120104	0.0774997839434	-0.00765107093802	-0.021208810534	-0.0189369854604	-0.00471913329634	-0.0550654645934	0.00704511072225	-0.0111104251228	0.064888950743	-0.00786913098899	-0.0039438202422	-0.0493602207491	-0.0354484450242	-0.0415343956516	0.0169096145912	-0.0717642630728	-0.00860009954379	0.0136653215885	0.0550968827323	-0.0750035841478	-0.0385118140105	-0.0484964259178	1.0	-0.0470469521351	0.00517701546482	0.0268383896489	-0.0237766214766	-0.0714589871329	0.0160768534038	0.0368501162818	0.00938806891304	-0.0690987662115	-0.00746100316455	0.0408494860492	0.0172869979322	0.0292972643439	-0.0354987710165	-0.0564965045651	-0.0374867918385	-0.0383751138492	-0.00869718267001	-0.0464945919789	-0.0704271862696	0.0516115129407	0.0113105347508	-0.030655851119	-0.00737352307398	-0.0173858103897	-0.0561148229354	0.0516418803877	0.00242831796856	0.0262861606564	-0.00473824357309	0.0300392275146
k__Bacteria;p__Bacteroidetes;c__Bacteroidia;o__Bacteroidales;f__Porphyromonadaceae;g__Parabacteroides;s__Parabacteroides_johnsonii	0.0457910607955	-0.0164440104268	-0.0303442315976	-0.0168216374352	-0.0630220710927	0.0563855750435	-0.0231451262568	0.0146067232526	0.0870831840997	0.0265240539686	0.0302972712819	-0.0654361586556	-0.0721616645074	-0.0439878576401	-0.0149243858467	-0.00377611124112	-0.0243513194185	-0.0537982872251	0.0146505681189	0.0135922715523	-0.0278793060156	0.00892405072865	-0.0604247256205	-0.0799978968323	0.0235495414505	0.00815184187027	0.0262330994676	-0.0470469521351	1.0	-0.00826866638556	0.00186905213252	-0.0412034255362	0.0367419135719	0.0458760764389	-0.0147966805819	-0.0209831729589	-0.0129821517059	0.015130313167	-0.0274182965173	0.0382857459953	0.0156209962873	-0.0330900053414	0.044136698613	-0.08665023653	-0.037803580758	0.0295894769928	-0.00885278665233	-0.0340731339765	0.0199615973389	-0.024812129351	-0.00251531392577	0.0137147799529	0.0227205313504	0.0271792327763	0.0247153455139	0.00808526025056	0.00717725119226	-0.028335098957	-0.0171777785154
k__Bacteria;p__Actinobacteria;c__Actinobacteria;o__Bifidobacteriales;f__Bifidobacteriaceae;g__Bifidobacterium;s__Bifidobacterium_longum	-0.0479361574917	-0.00263885133154	0.0038017686856	0.0116414514949	0.0228920111892	-0.00878503048854	0.0160629353597	-0.0174928122228	0.0495205191736	-0.0241988064235	-0.0144858561561	0.00135545935432	0.0232295029606	0.0172778291515	0.011195986944	0.00890837347278	-0.0271370466588	0.0345505711435	-0.0634469575856	0.0340080732049	0.00171711276488	-0.00125815450746	-0.0130479807743	-0.0160288848427	-0.0168241185147	-0.0121921091916	-0.0262264622318	0.00517701546482	-0.00826866638556	1.0	0.00387688680521	0.062223364324	-0.0440653830619	-0.00261379226669	-0.0346179819608	-0.0358095994648	0.00229860494927	0.00116968794251	-0.0357967697693	-0.0321826937898	-0.00241372645622	-0.00762145889488	0.0255010209771	0.0048181070294	-0.0151500141418	0.036106233837	-0.0451798239758	-0.0196515902404	0.00837699023818	-0.0897553215505	0.0564118594324	0.0128438618327	-0.0272054421878	-0.016039269095	-0.00230837426562	0.0320943059507	-0.0148742415392	-0.010459243547	0.0224631724883
