#taxonomy	k__Bacteria;p__Bacteroidetes;c__Bacteroidia;o__Bacteroidales;f__Bacteroidaceae;g__Bacteroides;s__Bacteroides_vulgatus	k__Bacteria;p__Bacteroidetes;c__Bacteroidia;o__Bacteroidales;f__Bacteroidaceae;g__Bacteroides;s__Bacteroides_uniformis	k__Bacteria;p__Bacteroidetes;c__Bacteroidia;o__Bacteroidales;f__Rikenellaceae;g__Alistipes;s__Alistipes_putredinis	k__Bacteria;p__Bacteroidetes;c__Bacteroidia;o__Bacteroidales;f__Prevotellaceae;g__Prevotella;s__Prevotella_copri	k__Bacteria;p__Bacteroidetes;c__Bacteroidia;o__Bacteroidales;f__Bacteroidaceae;g__Bacteroides;s__Bacteroides_stercoris	k__Bacteria;p__Bacteroidetes;c__Bacteroidia;o__Bacteroidales;f__Bacteroidaceae;g__Bacteroides;s__Bacteroides_ovatus	k__Bacteria;p__Bacteroidetes;c__Bacteroidia;o__Bacteroidales;f__Rikenellaceae;g__Alistipes;s__Alistipes_shahii	k__Bacteria;p__Firmicutes;c__Clostridia;o__Clostridiales;f__Ruminococcaceae;g__Faecalibacterium;s__Faecalibacterium_prausnitzii	k__Bacteria;p__Bacteroidetes;c__Bacteroidia;o__Bacteroidales;f__Rikenellaceae;g__Alistipes;s__Alistipes_finegoldii	k__Bacteria;p__Bacteroidetes;c__Bacteroidia;o__Bacteroidales;f__Porphyromonadaceae;g__Parabacteroides;s__Parabacteroides_distasonis	k__Bacteria;p__Bacteroidetes;c__Bacteroidia;o__Bacteroidales;f__Bacteroidaceae;g__Bacteroides;s__Bacteroides_thetaiotaomicron	k__Bacteria;p__Bacteroidetes;c__Bacteroidia;o__Bacteroidales;f__Bacteroidaceae;g__Bacteroides;s__Bacteroides_coprocola	k__Bacteria;p__Bacteroidetes;c__Bacteroidia;o__Bacteroidales;f__Bacteroidaceae;g__Bacteroides;s__Bacteroides_cellulosilyticus	k__Bacteria;p__Bacteroidetes;c__Bacteroidia;o__Bacteroidales;f__Rikenellaceae;g__Alistipes;s__Alistipes_obesi	k__Bacteria;p__Firmicutes;c__Clostridia;o__Clostridiales;f__Lachnospiraceae;g__;s__[Eubacterium]_rectale	k__Bacteria;p__Bacteroidetes;c__Bacteroidia;o__Bacteroidales;f__Bacteroidaceae;g__Bacteroides;s__Bacteroides_plebeius	k__Bacteria;p__Bacteroidetes;c__Bacteroidia;o__Bacteroidales;f__Bacteroidaceae;g__Bacteroides;s__Bacteroides_fragilis	k__Bacteria;p__Proteobacteria;c__Betaproteobacteria;o__Burkholderiales;f__Sutterellaceae;g__Sutterella;s__Sutterella_wadsworthensis	k__Bacteria;p__Bacteroidetes;c__Bacteroidia;o__Bacteroidales;f__Porphyromonadaceae;g__Barnesiella;s__Barnesiella_intestinihominis	k__Bacteria;p__Bacteroidetes;c__Bacteroidia;o__Bacteroidales;f__Odoribacteraceae;g__Odoribacter;s__Odoribacter_splanchnicus	k__Bacteria;p__Bacteroidetes;c__Bacteroidia;o__Bacteroidales;f__Bacteroidaceae;g__Bacteroides;s__Bacteroides_salyersiae	k__Bacteria;p__Firmicutes;c__Clostridia;o__Clostridiales;f__Ruminococcaceae;g__Ruminiclostridium;s__[Eubacterium]_siraeum	k__Bacteria;p__Proteobacteria;c__Betaproteobacteria;o__Burkholderiales;f__Sutterellaceae;g__Parasutterella;s__Parasutterella_excrementihominis	k__Bacteria;p__Actinobacteria;c__Actinobacteria;o__Bifidobacteriales;f__Bifidobacteriaceae;g__Bifidobacterium;s__Bifidobacterium_adolescentis	k__Bacteria;p__Firmicutes;c__Clostridia;o__Clostridiales;f__Oscillospiraceae;g__Oscillibacter;s__Oscillibacter_sp._KLE_1745	k__Bacteria;p__Bacteroidetes;c__Bacteroidia;o__Bacteroidales;f__Bacteroidaceae;g__Bacteroides;s__Bacteroides_coprophilus	k__Bacteria;p__Firmicutes;c__Clostridia;o__Clostridiales;f__Lachnospiraceae;g__Roseburia;s__Roseburia_intestinalis	k__Bacteria;p__Firmicutes;c__Clostridia;o__Clostridiales;f__Lachnospiraceae;g__Roseburia;s__Roseburia_hominis	k__Bacteria;p__Bacteroidetes;c__Bacteroidia;o__Bacteroidales;f__Porphyromonadaceae;g__Parabacteroides;s__Parabacteroides_johnsonii	k__Bacteria;p__Actinobacteria;c__Actinobacteria;o__Bifidobacteriales;f__Bifidobacteriaceae;g__Bifidobacterium;s__Bifidobacterium_longum	k__Bacteria;p__Firmicutes;c__Clostridia;o__Clostridiales;f__;g__Flavonifractor;s__Flavonifractor_plautii	k__Bacteria;p__Firmicutes;c__Clostridia;o__Clostridiales;f__Clostridiaceae;g__Clostridium;s__Clostridium_phoceensis	k__Bacteria;p__Verrucomicrobia;c__Verrucomicrobiae;o__Verrucomicrobiales;f__Akkermansiaceae;g__Akkermansia;s__Akkermansia_muciniphila	k__Bacteria;p__Bacteroidetes;c__Bacteroidia;o__Bacteroidales;f__Prevotellaceae;g__Paraprevotella;s__Paraprevotella_xylaniphila	k__Bacteria;p__Firmicutes;c__Clostridia;o__Clostridiales;f__Ruminococcaceae;g__Ruminococcus;s__Ruminococcus_callidus	k__Bacteria;p__Bacteroidetes;c__Bacteroidia;o__Bacteroidales;f__Rikenellaceae;g__Alistipes;s__Alistipes_senegalensis	k__Bacteria;p__Firmicutes;c__Clostridia;o__Clostridiales;f__Lachnospiraceae;g__Blautia;s__Blautia_sp._KLE_1732	k__Bacteria;p__Bacteroidetes;c__Bacteroidia;o__Bacteroidales;f__Bacteroidaceae;g__Bacteroides;s__Bacteroides_oleiciplenus	k__Bacteria;p__Firmicutes;c__Clostridia;o__Clostridiales;f__Ruminococcaceae;g__Ruminococcus;s__Ruminococcus_bicirculans	k__Bacteria;p__Bacteroidetes;c__Bacteroidia;o__Bacteroidales;f__Bacteroidaceae;g__Bacteroides;s__Bacteroides_fluxus	k__Bacteria;p__Bacteroidetes;c__Bacteroidia;o__Bacteroidales;f__Prevotellaceae;g__Prevotella;s__Prevotella_stercorea	k__Bacteria;p__Firmicutes;c__Clostridia;o__Clostridiales;f__Lachnospiraceae;g__Dorea;s__Dorea_longicatena	k__Bacteria;p__Firmicutes;c__Clostridia;o__Clostridiales;f__Eubacteriaceae;g__Eubacterium;s__[Eubacterium]_eligens	k__Bacteria;p__Firmicutes;c__Clostridia;o__Clostridiales;f__Ruminococcaceae;g__;s__Ruminococcaceae_bacterium_D16	k__Bacteria;p__Firmicutes;c__Clostridia;o__Clostridiales;f__Lachnospiraceae;g__Coprococcus;s__Coprococcus_comes	k__Bacteria;p__Proteobacteria;c__Gammaproteobacteria;o__Enterobacterales;f__Enterobacteriaceae;g__Escherichia;s__Escherichia_coli	k__Bacteria;p__Firmicutes;c__Clostridia;o__Clostridiales;f__Ruminococcaceae;g__Anaerotruncus;s__Anaerotruncus_colihominis	k__Bacteria;p__Firmicutes;c__Clostridia;o__Clostridiales;f__Lachnospiraceae;g__Blautia;s__Blautia_obeum	k__Bacteria;p__Bacteroidetes;c__Bacteroidia;o__Bacteroidales;f__Odoribacteraceae;g__Odoribacter;s__Odoribacter_laneus	k__Bacteria;p__Firmicutes;c__Clostridia;o__Clostridiales;f__Ruminococcaceae;g__Ruminiclostridium;s__[Clostridium]_leptum	k__Bacteria;p__Bacteroidetes;c__Bacteroidia;o__Bacteroidales;f__Porphyromonadaceae;g__Parabacteroides;s__Parabacteroides_goldsteinii	k__Bacteria;p__Firmicutes;c__Clostridia;o__Clostridiales;f__Lachnospiraceae;g__Anaerostipes;s__Anaerostipes_hadrus	k__Bacteria;p__Firmicutes;c__Clostridia;o__Clostridiales;f__Ruminococcaceae;g__Ruminococcus;s__Ruminococcus_lactaris	k__Bacteria;p__Firmicutes;c__Clostridia;o__Clostridiales;f__Clostridiaceae;g__Clostridium;s__Clostridium_sp._L2-50	k__Bacteria;p__Firmicutes;c__Clostridia;o__Clostridiales;f__Clostridiaceae;g__Clostridium;s__Clostridium_sp._M62/1	k__Bacteria;p__Firmicutes;c__Clostridia;o__Clostridiales;f__;g__Intestinimonas;s__Intestinimonas_butyriciproducens	k__Bacteria;p__Actinobacteria;c__Actinobacteria;o__Bifidobacteriales;f__Bifidobacteriaceae;g__Bifidobacterium;s__Bifidobacterium_bifidum	k__Bacteria;p__Firmicutes;c__Negativicutes;o__Veillonellales;f__Veillonellaceae;g__Dialister;s__Dialister_invisus	k__Bacteria;p__Bacteroidetes;c__Bacteroidia;o__Bacteroidales;f__Bacteroidaceae;g__Bacteroides;s__Bacteroides_salanitronis
k__Bacteria;p__Bacteroidetes;c__Bacteroidia;o__Bacteroidales;f__Bacteroidaceae;g__Bacteroides;s__Bacteroides_vulgatus	1.0	0.004477999136	-0.0324982866758	-0.040187816748	0.00509797220415	-0.0271935545984	-0.0227908541638	-0.0488130695171	0.0269535978829	0.0433530605485	-0.0226676183662	-0.0473898048526	0.0195394076598	0.00947006288518	-0.0396003574871	0.00357835858342	0.0305599879513	0.0200522722331	-0.0240291754201	0.0544388758068	0.00834339975261	0.0738293543114	-0.0355533862314	0.0190086840489	-0.00178294943799	-0.0199520589202	0.0148249866163	-0.00847084558733	0.00472284966698	-0.00857594891609	-0.0422812048665	-0.0558413409556	-0.00271180951929	0.0483415679732	-0.0546951624589	-0.00464129559417	0.0233165821716	-0.050575018328	0.00532900754634	-0.0441291914815	-0.0141782679541	-0.064452314395	0.000147880242147	-0.0210298105134	0.0218970297508	-0.027860181603	0.0293527389606	-0.085511946273	0.00514218468867	-0.0362428799346	-0.0160148943968	0.00622486389661	0.0257320546293	0.0402063600829	-0.00742762783013	-0.0277754850968	-0.0291098115801	-0.0774035672586	0.0129606179044
k__Bacteria;p__Bacteroidetes;c__Bacteroidia;o__Bacteroidales;f__Bacteroidaceae;g__Bacteroides;s__Bacteroides_uniformis	0.004477999136	1.0	-0.0675802511956	0.0264577956473	0.000218712882274	0.0287391278772	-0.0394552522708	-0.0185781625896	-0.0437783320202	-0.00606093977813	-0.0199115946987	0.00899729378408	0.0111391221581	-0.00407101937499	0.0437043384867	-0.0143957610433	-0.0599314873371	-0.0263666376431	0.0371495807278	0.0163945389612	-0.0562776367837	-0.0286210870103	0.00747276892752	-0.00370334886715	0.0544003628633	-0.0587110523394	0.0233168103327	-0.0407133870647	0.0200429000575	0.00445268457713	0.00563737189328	0.0566821893932	0.0209529917072	-0.0566795175726	-0.0399120721277	-0.0521756955261	0.0069004193666	-0.0400935471166	0.0483720337049	0.00538090256921	-0.00727194561405	-0.0192121595927	0.0244116410347	0.0342412184964	0.00606380315075	0.00684813324785	0.00544316051566	-0.0248780925744	0.0160868455804	-0.00530976907203	0.0210270293833	0.0670420350754	-0.0195592076464	0.0581590644156	-0.0187755873387	0.005399454031	-0.0546356261294	-0.0139369519333	0.00804677052815
k__Bacteria;p__Bacteroidetes;c__Bacteroidia;o__Bacteroidales;f__Rikenellaceae;g__Alistipes;s__Alistipes_putredinis	-0.0324982866758	-0.0675802511956	1.0	0.0163112388719	0.0357520980553	-0.00499200741884	0.0352438346483	-0.061120752821	-0.0175903475403	-0.017234496285	-0.0295397123883	0.0139427454942	0.00953304757292	-0.0477660851586	-0.0542891273891	0.0585143693058	-0.0291343661664	-0.0141425818285	0.00563801585885	-0.0366140789067	-0.0343341381372	-0.0251878093529	0.0342632733716	-0.0452367736271	-0.066026504277	0.0369842015736	-0.0273924037843	-0.0188283389697	-0.0958344625232	-0.0265021551935	-0.0224193294773	0.0476069857717	0.0321041056453	-0.0310450328899	-0.0237512288281	-0.029127804084	-0.0160237266956	-0.039490685889	-0.051024375471	0.0042615907583	-0.0022780973492	0.0193930784087	0.0457576888774	0.0300001326686	0.0001015115997	0.0436748579802	-0.0265595479363	0.0123693945993	0.0182431060708	-0.00652582879749	-0.0639819878817	-0.0612597641029	-0.0306259088684	0.0132118557065	0.041508938106	0.0119633228616	-0.0218909223319	0.0518715843431	-0.00491473824981
k__Bacteria;p__Bacteroidetes;c__Bacteroidia;o__Bacteroidales;f__Prevotellaceae;g__Prevotella;s__Prevotella_copri	-0.040187816748	0.0264577956473	0.0163112388719	1.0	-0.029557005441	-0.0484102024836	0.0086085097991	-0.0616435507807	-0.00269166189404	0.00920124510824	0.0737455893458	-0.0111568543159	0.0309651351195	-0.0209211050535	0.0315935487789	-0.00200920037571	0.018690256843	-0.0195389969325	-0.0362145645435	-0.0336859790804	0.0079270948718	0.000829629434669	-0.00910024232121	-0.0336278869777	-0.0243614620968	-0.0518633232692	-0.0369912640908	0.0511757363163	0.0310984749359	0.0305516225097	0.013552776866	-0.00255873595986	-0.0234039914283	-0.0292605730108	-0.000451195028754	0.0258081481868	0.00624117888168	-0.0444859272579	0.0198683680059	-0.0587261835464	-0.0435825562916	-0.0225099304537	-0.0269085636327	-0.0178597423953	0.00614700796201	-0.0294136575972	-0.0228948563779	-0.0884807001272	0.0702908682105	0.018149262581	-0.0279048965355	0.00430360688303	0.00384361502294	0.0427410460105	0.0449870349626	-0.0826116018716	-0.0194330445049	-0.0273253137915	0.00229594664814
k__Bacteria;p__Bacteroidetes;c__Bacteroidia;o__Bacteroidales;f__Bacteroidaceae;g__Bacteroides;s__Bacteroides_stercoris	0.00509797220415	0.000218712882274	0.0357520980553	-0.029557005441	1.0	-0.0185954225832	0.0783493327762	-0.0390958666982	-0.0761024505103	-0.00946688741331	0.0135137316581	0.0401267679854	-0.00859332259619	0.00748376529681	-0.0420472224808	-0.0547601180601	0.0628513072405	0.0235878400785	0.0257734005025	-0.0303936942183	0.00969980753541	-0.0179922525954	0.000642072510622	-0.00819028105356	0.0606990502652	0.00137994401047	-0.0171630189279	0.0304290270214	0.0118479393344	-0.00859437216271	-0.074680369512	-0.00120494384176	0.0641455419624	-0.0348963038587	-0.0519999005284	-0.0466362253769	-0.036871961058	0.0222127023385	0.00956330051128	-0.0616681795304	-0.00280547933189	-0.0275000146684	-0.0074680608897	0.021878851683	0.00902919761068	0.0316542930307	-0.0322126860205	0.039357006895	-0.0381165759785	-0.000372231936725	-0.0856705064239	-0.0891763532793	0.0111153523305	0.0263444188949	-0.0239849815007	-0.0195242973044	-0.0558135511403	-0.00332795515971	-0.0486762319681
k__Bacteria;p__Bacteroidetes;c__Bacteroidia;o__Bacteroidales;f__Bacteroidaceae;g__Bacteroides;s__Bacteroides_ovatus	-0.0271935545984	0.0287391278772	-0.00499200741884	-0.0484102024836	-0.0185954225832	1.0	0.00646519243414	0.0377923986699	-0.0116778693506	-0.0237530387177	-0.040549055836	0.0268535256715	-0.000437411303751	-0.0533582056806	0.0326124008832	-0.0105481703001	-0.0186063079785	0.00636733465699	0.0382491899727	0.0173920411305	0.0427075787152	-0.0047845858327	-0.0134372755729	-0.0255518432566	-0.0427589677933	-0.0466357021959	-0.0573910040349	0.0358929871855	-0.00463502629039	0.0105840848804	0.0117048449881	0.00289944436253	0.0493780891592	0.00988490555413	0.00560820184115	0.0243374581002	-0.0208674137841	-0.0145224279512	0.00439268696825	0.0186208694581	-0.0387160402875	-0.00470315331397	0.015516072497	0.0528012930319	-0.0204560000712	-0.00620884594631	0.0140601234463	-0.0366113886872	0.00502638451356	-0.0582157793216	0.0350234296805	-0.00628665203347	-0.022718001343	-0.00641615036371	0.0207075262756	-0.00163629154057	-0.00546072044692	0.0257625593651	-0.00689002308127
k__Bacteria;p__Bacteroidetes;c__Bacteroidia;o__Bacteroidales;f__Rikenellaceae;g__Alistipes;s__Alistipes_shahii	-0.0227908541638	-0.0394552522708	0.0352438346483	0.0086085097991	0.0783493327762	0.00646519243414	1.0	0.0332980025247	-0.0593359718583	0.0504741322807	0.0222938817996	-0.00953950263754	-0.00237331755223	-0.0192055802524	0.0645959793244	-0.0187737395969	-0.0294931830992	-0.0452309322125	0.0528080880594	-0.0430273097715	0.0217778162101	0.0216841584627	0.0204746771775	-0.0508378262332	-0.0359216692514	0.000854663410875	-0.0298613785032	-0.0263544221722	0.00943315211045	0.00294185634057	-0.0230930066374	-0.0267913515293	-0.0129809628151	-0.0312497822794	-0.0608129257288	-0.0525891219058	-0.0354579059192	-0.0417613411969	-0.0399903999745	0.0341618822934	-0.0478798466087	0.0204499778422	0.00276742554413	-0.0383655863991	-0.0148059447637	0.012834368661	0.00922638626929	0.0594036044435	-0.0584966996578	-0.00217875514565	-0.0462043352204	-0.0615601809171	-0.075871959072	-0.00394083318112	-0.0386901471509	-0.0284810213124	0.0793844302241	0.0145539079475	-0.0151671688127
k__Bacteria;p__Firmicutes;c__Clostridia;o__Clostridiales;f__Ruminococcaceae;g__Faecalibacterium;s__Faecalibacterium_prausnitzii	-0.0488130695171	-0.0185781625896	-0.061120752821	-0.0616435507807	-0.0390958666982	0.0377923986699	0.0332980025247	1.0	-0.0161223203808	0.0269233422954	-0.00213783065712	-0.0408271877945	-0.0551903652782	0.00483011838718	0.00581031246737	-0.0406453583508	-0.0101699663622	0.0119561172608	0.0011399045475	-0.00911463399952	-0.035183128621	-0.00530913419711	-0.0380286139483	-0.0501509283239	-0.0229187556064	0.0553052773477	-0.0435634681721	0.0377330711236	0.0173638728048	0.0200236298418	-0.0344565202433	-0.0709620687289	-0.00688957887785	0.0615006448516	-0.0448851733917	-0.014772242897	0.0339484853555	0.0520314014554	-0.00278277710413	-0.00842414378385	-0.0272780670469	0.0209934188192	0.0288453124476	0.0337165736016	-0.00404403341751	0.0637857389047	0.0238781060089	0.0247677186591	0.0298949744294	-0.0381618085829	-0.0423219080875	-0.0554490532694	-0.05064569585	0.0445643698933	0.000913845497505	0.0173945448309	-0.0320706565336	-0.00318547073571	-0.0197373465951
k__Bacteria;p__Bacteroidetes;c__Bacteroidia;o__Bacteroidales;f__Rikenellaceae;g__Alistipes;s__Alistipes_finegoldii	0.0269535978829	-0.0437783320202	-0.0175903475403	-0.00269166189404	-0.0761024505103	-0.0116778693506	-0.0593359718583	-0.0161223203808	1.0	-0.0115298513658	0.0422126778144	-0.0483236217233	-0.00306088606123	-0.00658511057238	-0.0105133752951	0.0178485101341	0.0448071333038	-0.0258752050856	-0.0182523033121	0.0442663009908	-0.0326272744323	-0.0130900402318	0.0247700445559	-0.024051416805	0.000768421913065	-0.0188901136464	0.0465707900946	-0.0249118763605	-0.0570655622033	-0.00581423118764	0.0510103092548	0.0294630997803	-0.0104229408777	0.0453146101736	0.0229733173853	-0.0121470975337	-0.00517772785054	0.0103266469629	-0.0266345260839	0.0261545692735	-0.0114844761165	-0.00998717489913	-0.0279868449793	-0.0295151754893	0.017633819072	-0.0568826205721	-0.00649823997858	0.0539369286754	-0.0404893321362	-0.00812039861847	0.0110931354797	0.0342935350984	-0.0162072932784	-0.0303072648059	-0.0426912969909	-0.0556182494556	-0.0424752315448	-0.0642244824947	-0.0342636762942
k__Bacteria;p__Bacteroidetes;c__Bacteroidia;o__Bacteroidales;f__Porphyromonadaceae;g__Parabacteroides;s__Parabacteroides_distasonis	0.0433530605485	-0.00606093977813	-0.017234496285	0.00920124510824	-0.00946688741331	-0.0237530387177	0.0504741322807	0.0269233422954	-0.0115298513658	1.0	0.0193764543635	-0.0408745865208	0.00213105959248	-0.0367697771722	0.000364599313639	0.0339095338608	0.010143531937	0.0295428695893	0.00808727286051	0.00307464627665	0.0357008854467	-0.00756244308374	0.0167557601021	-0.0387115757713	0.0397354964371	-0.036831192046	-0.0139822283948	-0.0598351732129	-0.00284812662654	-0.0288726087215	0.0272460489152	0.0108326331591	-0.0120909442299	0.0222226276378	0.0302164858338	0.0405889022941	-0.0546591802385	-0.00968578336549	-0.0148015503171	-0.0437474362593	-0.0309998043645	-0.000326103835636	0.0545028687921	0.0330872711756	-0.0147909479556	-0.0413155659774	0.00197110007776	-0.0910434300795	-0.0347298618342	-0.0936697270922	0.0472890492746	-0.0278053342185	-0.0322814464402	0.0168326240939	-0.0569496220012	0.0247227666411	-0.0138372403689	0.0130446028755	-0.0603584929423
k__Bacteria;p__Bacteroidetes;c__Bacteroidia;o__Bacteroidales;f__Bacteroidaceae;g__Bacteroides;s__Bacteroides_thetaiotaomicron	-0.0226676183662	-0.0199115946987	-0.0295397123883	0.0737455893458	0.0135137316581	-0.040549055836	0.0222938817996	-0.00213783065712	0.0422126778144	0.0193764543635	1.0	-0.0458873711692	-0.025750959036	-0.0200933746909	0.00838291320267	0.00338118200423	0.0277285143535	0.0321953630661	0.0163978574125	0.00104372090236	0.0162613854915	0.00759093110652	0.0186128735748	0.0157403348582	-0.0312758400069	0.0164232318349	0.0202173847563	-0.0317492450207	-0.0130279068771	0.0282644450636	-0.0316688540118	-0.0160566049501	-0.0232552257121	-0.0225950140331	-0.00262016480989	-0.0527901875619	0.0683576459047	0.0456174836622	-0.00986429608566	-0.039803450938	0.00810043226412	0.00477947984361	0.0123816967699	-0.0417572840259	-0.0126953838276	-0.0365958092887	0.00282122223879	0.00449147214518	-0.00976047918421	0.0291686061901	-0.0221846182717	0.00895849050091	0.056117682203	0.0337852552924	-0.0518101354208	-0.0119007628984	0.0248886932115	0.0339180582433	-0.0260406036934
k__Bacteria;p__Bacteroidetes;c__Bacteroidia;o__Bacteroidales;f__Bacteroidaceae;g__Bacteroides;s__Bacteroides_coprocola	-0.0473898048526	0.00899729378408	0.0139427454942	-0.0111568543159	0.0401267679854	0.0268535256715	-0.00953950263754	-0.0408271877945	-0.0483236217233	-0.0408745865208	-0.0458873711692	1.0	-0.00734288196372	0.0185295999826	0.00711255399742	0.036464372099	-0.0211238082988	-0.0239358035358	-0.0143352086849	-0.0211688338694	-0.0189691883702	-0.0510250307363	0.00307805244189	-0.0532032772552	0.0238501753955	0.0171340347404	-0.0506937839332	0.00075809145965	-0.057460226705	-0.0261604448157	0.0288208067411	-0.0650066629919	-0.00305729952821	-0.0411397575798	0.0645983194215	-0.0373795824084	0.0288394278873	0.0117352547478	-0.00271948689121	-0.0796643603797	-0.012129538483	-0.0339845315138	0.00210937008492	-0.00383568405176	0.00689358737122	0.0913288492394	0.020194005571	0.0245437750583	-0.0579655736939	-0.0380616766499	-0.02236074369	0.0243327567485	-0.00356483705183	-0.0220160163676	-0.0187092936157	-0.0308338373883	0.00706287620457	-0.0317580577713	0.0412723943761
k__Bacteria;p__Bacteroidetes;c__Bacteroidia;o__Bacteroidales;f__Bacteroidaceae;g__Bacteroides;s__Bacteroides_cellulosilyticus	0.0195394076598	0.0111391221581	0.00953304757292	0.0309651351195	-0.00859332259619	-0.000437411303751	-0.00237331755223	-0.0551903652782	-0.00306088606123	0.00213105959248	-0.025750959036	-0.00734288196372	1.0	-0.0364512711375	-0.0821328486005	-0.016337897791	0.00727995707616	-0.00369765493718	0.0391537157195	-0.0106025953135	-0.0439982052717	-0.0142532774013	0.0390428586701	-0.00886625738562	-0.0122469977726	-0.0211844159213	-6.4365902213e-05	0.011806169993	0.0126100557958	-0.0262045870966	-0.0338313111314	0.0337312518635	-0.00747444784004	-0.0191071599268	-0.00266250361419	0.0023910610674	-0.0119599412698	-0.00136345427875	0.0294178184829	0.0218115574563	-0.0260346456729	-0.0318552477605	-0.0500660994938	-0.0272687534713	-0.0292298374135	0.0463110493919	-0.03795903849	0.0259904957707	-0.0372568986478	0.0595621259631	0.010953261734	-0.0296900420915	-0.00579663831255	0.0136809448916	-0.0339537589499	-0.0214333118995	0.0148782461625	-0.011395727415	-0.0452554954968
k__Bacteria;p__Bacteroidetes;c__Bacteroidia;o__Bacteroidales;f__Rikenellaceae;g__Alistipes;s__Alistipes_obesi	0.00947006288518	-0.00407101937499	-0.0477660851586	-0.0209211050535	0.00748376529681	-0.0533582056806	-0.0192055802524	0.00483011838718	-0.00658511057238	-0.0367697771722	-0.0200933746909	0.0185295999826	-0.0364512711375	1.0	0.0213525721722	-0.00920284046714	0.0245014303525	-0.0269571036406	0.018468133883	-0.0246645970692	-0.0420236519298	0.0508634746263	0.0223919944862	-0.0147148624469	0.0113041678127	0.0417370787305	0.0275504347639	0.0108464250537	0.0112593267373	0.0105517656881	-0.0326320324812	-0.0160965912885	-0.0235325069651	-0.0162235473752	0.00306473263254	0.10060523773	0.017117031268	-0.0262940792229	-0.0312541227979	-0.00187277168257	-0.0113681439423	-0.00665266892342	-0.00401677092575	-0.0503762155862	-0.0460026396329	-0.055330389784	-0.0293836189999	-0.00315542023916	0.0457618199306	0.00767069886894	-0.00330143612416	-0.00896632476469	-0.0228211512656	-0.058674814681	-0.0140000877063	-0.0809841859863	0.0022718383542	-0.0282283741918	0.0268239197442
k__Bacteria;p__Firmicutes;c__Clostridia;o__Clostridiales;f__Lachnospiraceae;g__;s__[Eubacterium]_rectale	-0.0396003574871	0.0437043384867	-0.0542891273891	0.0315935487789	-0.0420472224808	0.0326124008832	0.0645959793244	0.00581031246737	-0.0105133752951	0.000364599313639	0.00838291320267	0.00711255399742	-0.0821328486005	0.0213525721722	1.0	0.00406563556079	0.00884841530254	0.0449635967982	-0.0291221102757	0.0112389507767	-0.0628712503217	0.0649318119314	-0.0444747549831	-0.0488103729712	0.0063156824284	0.0147138030669	0.0179265313795	-0.0492929208534	0.0035755339079	0.0114873264597	-0.0184026082587	-0.031050277675	0.0214321881635	-0.0531363112138	-0.0623724606363	-0.0241313012872	0.028951057875	-0.0502464262361	-0.030464155131	0.0446687479692	-0.0531897134661	-0.0389336338786	-0.0337412265842	-0.0766190002215	-0.0676276405606	0.0101117160281	0.013787961492	-0.0309926375835	-0.0315478148937	-0.033139432871	0.0210613898821	0.0605405006816	0.0330878489271	0.0266982019296	-0.0145947444282	0.0409529076419	-0.0475517248315	-0.0130162312313	-0.027599606168
k__Bacteria;p__Bacteroidetes;c__Bacteroidia;o__Bacteroidales;f__Bacteroidaceae;g__Bacteroides;s__Bacteroides_plebeius	0.00357835858342	-0.0143957610433	0.0585143693058	-0.00200920037571	-0.0547601180601	-0.0105481703001	-0.0187737395969	-0.0406453583508	0.0178485101341	0.0339095338608	0.00338118200423	0.036464372099	-0.016337897791	-0.00920284046714	0.00406563556079	1.0	-0.0671474369186	0.0167600536286	-0.0321037131131	-0.0259077072556	-0.0325264993271	-0.011577858064	-0.00419917834029	0.00920351943235	-0.060246406232	-0.0116893504057	-0.0513376777645	-0.0301252868098	-0.014657787213	-0.0256318869341	-0.0523548249389	-0.0408801597331	0.0392576427221	-0.0298196490003	0.035048375257	0.00923872346226	-0.0660584503947	-0.0613514957683	-0.0120608220047	-0.00168644225871	0.00998999618271	0.0166890106656	-0.00090965719283	-0.0588071574372	0.0151986276041	0.00117440864416	0.0443319905331	-0.0175507875518	0.0447163184259	-0.0106483842163	0.0496244493221	-0.0129048600274	-0.0315531399359	0.0154434526799	-0.0244953466345	-0.00474912616594	-0.0109979998739	-0.0108911524495	0.029635550211
k__Bacteria;p__Bacteroidetes;c__Bacteroidia;o__Bacteroidales;f__Bacteroidaceae;g__Bacteroides;s__Bacteroides_fragilis	0.0305599879513	-0.0599314873371	-0.0291343661664	0.018690256843	0.0628513072405	-0.0186063079785	-0.0294931830992	-0.0101699663622	0.0448071333038	0.010143531937	0.0277285143535	-0.0211238082988	0.00727995707616	0.0245014303525	0.00884841530254	-0.0671474369186	1.0	-0.038839634086	-0.0109050654675	-0.0214733619569	-0.0381822153538	-0.019316752348	-0.00472917310167	0.0678378482996	-0.0177644652205	-0.0233995555224	0.0144090409346	0.00936897716213	-0.0228118941652	-0.0244955672506	-0.009814369302	0.0320344203193	-0.0676663867072	-0.0111000071585	0.000366034097304	-0.00573812395148	0.00766766623899	0.0193776279012	0.0508216547438	-0.0322290361038	-0.00808517805851	0.0314129908986	-0.0501511170284	-0.0439046027656	-0.0609175631723	-0.0494454377671	0.00777957880407	-0.0101376208243	0.0301273538416	0.0380229117129	-0.0542127351421	0.0465911022059	-0.0610815060669	-0.0332070839286	-0.0270931026436	-0.0720336439437	-0.0378269020691	0.0208011091839	0.00413622766272
k__Bacteria;p__Proteobacteria;c__Betaproteobacteria;o__Burkholderiales;f__Sutterellaceae;g__Sutterella;s__Sutterella_wadsworthensis	0.0200522722331	-0.0263666376431	-0.0141425818285	-0.0195389969325	0.0235878400785	0.00636733465699	-0.0452309322125	0.0119561172608	-0.0258752050856	0.0295428695893	0.0321953630661	-0.0239358035358	-0.00369765493718	-0.0269571036406	0.0449635967982	0.0167600536286	-0.038839634086	1.0	0.0257409348286	-0.0168515363871	-0.0341549000247	-0.0440094180885	-0.0136548523306	-0.00595856864413	0.0636235310441	-0.00305247975834	0.0298763586531	0.00703582435702	-0.0656623114802	0.000700572876331	0.020403279181	-0.01094660544	0.0150207708297	-0.0275374980149	-0.00637559539509	0.0251107819069	-0.00109232685679	-0.0551439578948	-0.000766812508283	-0.0477848345637	-0.0647979589447	0.0354198459108	0.0384708697263	0.00162726216493	-0.0177967846263	0.0441088664649	-0.0194118368553	-0.036622286303	0.00738425354768	-0.0372158968299	-0.00131830947412	-0.0326830533704	-0.0117605880931	0.00903992791715	0.0236030179883	-0.028381433497	0.0267515974111	0.0366255485655	0.0303116120985
k__Bacteria;p__Bacteroidetes;c__Bacteroidia;o__Bacteroidales;f__Porphyromonadaceae;g__Barnesiella;s__Barnesiella_intestinihominis	-0.0240291754201	0.0371495807278	0.00563801585885	-0.0362145645435	0.0257734005025	0.0382491899727	0.0528080880594	0.0011399045475	-0.0182523033121	0.00808727286051	0.0163978574125	-0.0143352086849	0.0391537157195	0.018468133883	-0.0291221102757	-0.0321037131131	-0.0109050654675	0.0257409348286	1.0	-0.0119590720732	-0.00235821825944	-0.0395903215953	-0.0218178804719	-0.018372482277	-0.00773283352095	0.0240009203235	-0.0300814850321	-0.00502887904526	0.025775370358	-0.0270012261133	0.0405024963103	0.0403070429353	0.0396786485797	0.0523733909069	-0.0301845051849	0.0280606065816	0.0202001627573	-0.0428364571578	-0.0465403682988	-0.0387403374318	-0.0422609694598	-0.0517709195131	-0.0239450609426	-0.0235462228694	-0.0132428133467	0.0252931343569	-0.0469067513753	-0.0286938643203	-0.0453916677783	0.038332370015	-0.0257936450233	-0.011623282832	0.0338280097508	-0.00196027225887	-0.0529941121474	0.0217924257996	-0.0104091767638	0.0394245444624	0.0150167285319
k__Bacteria;p__Bacteroidetes;c__Bacteroidia;o__Bacteroidales;f__Odoribacteraceae;g__Odoribacter;s__Odoribacter_splanchnicus	0.0544388758068	0.0163945389612	-0.0366140789067	-0.0336859790804	-0.0303936942183	0.0173920411305	-0.0430273097715	-0.00911463399952	0.0442663009908	0.00307464627665	0.00104372090236	-0.0211688338694	-0.0106025953135	-0.0246645970692	0.0112389507767	-0.0259077072556	-0.0214733619569	-0.0168515363871	-0.0119590720732	1.0	-0.0392870357864	0.0605119923411	-0.0287709535658	0.047361012443	-0.0543235113885	-0.0326983212528	-0.069706504519	-0.0249268642985	0.0239170684607	0.0220542245666	-0.0481620174574	-0.0114305093762	-0.0233939523503	-0.0140495423623	-0.0313876856728	-0.00742821550161	-0.0325101794017	0.0321487824731	-0.0664318561286	-0.0333927895769	-0.0546942250501	0.0678704050522	-0.0583408347979	0.00670932334494	0.0408978401152	0.0121456502375	0.0307680552353	-0.0785182534453	0.036490068945	0.00674948967743	0.0349273830169	0.0311165093482	-0.0318974125433	-0.0733007917361	-0.00444235345928	-0.0472571107067	-0.0119087529035	0.0290484847546	-0.0131200201765
k__Bacteria;p__Bacteroidetes;c__Bacteroidia;o__Bacteroidales;f__Bacteroidaceae;g__Bacteroides;s__Bacteroides_salyersiae	0.00834339975261	-0.0562776367837	-0.0343341381372	0.0079270948718	0.00969980753541	0.0427075787151	0.0217778162101	-0.035183128621	-0.0326272744323	0.0357008854467	0.0162613854915	-0.0189691883702	-0.0439982052717	-0.0420236519298	-0.0628712503217	-0.0325264993271	-0.0381822153538	-0.0341549000247	-0.00235821825944	-0.0392870357864	1.0	0.00864602352027	-0.0347934099942	0.0135397522316	0.0162426068027	-0.044372801045	0.0454182215655	-0.00833313510303	-0.00942817719555	0.00182171192789	-0.00892373164848	-0.0265099733393	0.00274845754894	0.0545409216579	0.039811043015	-0.0111115145324	-0.0045970993436	0.01932648596	-0.0484258601736	-0.0296292677944	-0.00966387002583	-0.0727439611448	-0.0233909470169	0.0303106755514	-0.0672935592049	-0.0400020338182	-0.0138241521233	-0.0552516859266	-0.0157045219808	0.0563151353391	-0.0309058839683	-0.0574061226068	0.000761440494052	0.018521488612	0.0236509539463	0.0411020950258	0.00412024254526	-0.0403161542004	-0.0729699369697
k__Bacteria;p__Firmicutes;c__Clostridia;o__Clostridiales;f__Ruminococcaceae;g__Ruminiclostridium;s__[Eubacterium]_siraeum	0.0738293543114	-0.0286210870103	-0.0251878093529	0.000829629434669	-0.0179922525954	-0.0047845858327	0.0216841584627	-0.00530913419711	-0.0130900402318	-0.00756244308374	0.00759093110652	-0.0510250307363	-0.0142532774013	0.0508634746263	0.0649318119314	-0.011577858064	-0.019316752348	-0.0440094180885	-0.0395903215953	0.0605119923411	0.00864602352027	1.0	0.0461489298415	0.00585990421853	0.00221151287788	0.0119859062424	0.0189960784116	-0.0236211976588	-0.00978950974918	0.0136009548057	0.0060775674225	0.0212241649636	-0.0502278803246	-0.060704130311	-0.0287247330433	-0.00959329673255	-0.0219630142905	0.0124172150274	-0.0187224094972	-0.0776715624566	0.0604073651164	-0.0547551286716	0.0172003325381	0.0370203782041	-0.0130620795649	-0.0382603298152	0.0241823609875	-0.0407799363262	0.0181335759676	-0.00499105233157	-0.0478151234336	-0.00471289821387	-0.0305096804629	0.0396594669666	0.0664389900661	0.0346050907803	-0.0090923385037	-0.0355290536351	-0.0590691161107
k__Bacteria;p__Proteobacteria;c__Betaproteobacteria;o__Burkholderiales;f__Sutterellaceae;g__Parasutterella;s__Parasutterella_excrementihominis	-0.0355533862314	0.00747276892752	0.0342632733716	-0.00910024232121	0.000642072510622	-0.0134372755729	0.0204746771775	-0.0380286139483	0.0247700445559	0.0167557601021	0.0186128735748	0.00307805244189	0.0390428586701	0.0223919944862	-0.0444747549831	-0.00419917834029	-0.00472917310167	-0.0136548523306	-0.0218178804719	-0.0287709535658	-0.0347934099942	0.0461489298415	1.0	-0.0326566048127	-0.0312565046946	0.018456184746	-0.00773445553931	-0.0366483004941	-0.0243197359607	-0.084887931752	-0.0168481795762	-0.0142092104045	0.0691378192601	0.0223903605337	0.00084700485281	-0.0135714346148	-0.0144191798898	-0.0133059286331	-0.0496215540078	-0.0945503196772	-0.0838091043717	-0.0100572384637	0.0253744194676	0.018448997984	-0.0280842353168	0.0480282173482	0.0293657726103	-0.0306876208873	-0.0321090148068	-0.00800415366522	-0.0432425691429	-0.000174079164551	-0.0122254970662	-0.0554006640303	-0.0209660204286	0.0217976191234	0.0249057463982	0.00752983941704	-0.0169927516695
k__Bacteria;p__Actinobacteria;c__Actinobacteria;o__Bifidobacteriales;f__Bifidobacteriaceae;g__Bifidobacterium;s__Bifidobacterium_adolescentis	0.0190086840489	-0.00370334886715	-0.0452367736271	-0.0336278869777	-0.00819028105356	-0.0255518432566	-0.0508378262332	-0.0501509283239	-0.024051416805	-0.0387115757713	0.0157403348582	-0.0532032772552	-0.00886625738562	-0.0147148624469	-0.0488103729712	0.00920351943235	0.0678378482996	-0.00595856864413	-0.018372482277	0.047361012443	0.0135397522316	0.00585990421853	-0.0326566048127	1.0	-0.00786272360522	-0.039496358882	-0.00797884428469	0.00982144744424	0.00413042387285	-0.00772822971567	-0.0550811299398	-0.0633425228776	0.0547251643752	0.017320592537	-0.0035132314811	-0.0477838202529	-0.0299837773435	-0.0259520074677	0.000431759788247	-0.0155602722243	-0.0415362705674	-0.0287218592953	-0.0469806072113	0.0307501502127	0.00120666820201	-0.0250448907793	-0.0284466819904	-0.00492920534651	0.0318332607983	0.0375847969806	0.0301695225596	-0.05462348894	-0.0160286437645	-0.0405088229244	-0.00110373234499	0.00197164042208	0.0635828196224	-0.0309186193783	0.0213964490296
k__Bacteria;p__Firmicutes;c__Clostridia;o__Clostridiales;f__Oscillospiraceae;g__Oscillibacter;s__Oscillibacter_sp._KLE_1745	-0.00178294943799	0.0544003628633	-0.066026504277	-0.0243614620968	0.0606990502652	-0.0427589677933	-0.0359216692514	-0.0229187556064	0.000768421913065	0.0397354964371	-0.0312758400069	0.0238501753955	-0.0122469977726	0.0113041678127	0.0063156824284	-0.060246406232	-0.0177644652205	0.0636235310441	-0.00773283352095	-0.0543235113885	0.0162426068027	0.00221151287788	-0.0312565046946	-0.00786272360522	1.0	0.00877778547031	0.0852957721113	-0.0258350938099	-0.00397274136603	-0.0370911951134	-0.0101139952622	0.00437450721259	0.0121761981529	-0.0314407278239	-0.028197132976	-0.0547005957263	0.0277270863215	-0.0341943673918	-0.0297376705079	0.0152336090873	-0.0349149977337	-0.0272230112618	0.00739933413852	0.0170808903789	0.00642528789285	-0.0622102566455	0.0224447786355	-0.00326218961527	-0.0103546377376	-0.0225552700932	0.000564002145962	-0.0476954924219	-0.0405726031077	-0.0115100333299	-0.0373221833129	0.0027256654894	-0.0563276850291	-0.0586117564006	0.0166562438298
k__Bacteria;p__Bacteroidetes;c__Bacteroidia;o__Bacteroidales;f__Bacteroidaceae;g__Bacteroides;s__Bacteroides_coprophilus	-0.0199520589202	-0.0587110523394	0.0369842015736	-0.0518633232692	0.00137994401047	-0.0466357021959	0.000854663410875	0.0553052773477	-0.0188901136464	-0.036831192046	0.0164232318349	0.0171340347404	-0.0211844159213	0.0417370787305	0.0147138030669	-0.0116893504057	-0.0233995555224	-0.00305247975834	0.0240009203235	-0.0326983212528	-0.044372801045	0.0119859062424	0.018456184746	-0.039496358882	0.00877778547031	1.0	-0.0197411275521	-0.0380308284162	-0.0502819972697	-0.0269761265264	0.0132808529929	-0.0284309928177	-0.036699835342	-0.0376991090842	-0.0433564274488	0.0525937299256	0.0291472778848	-0.0392416241399	0.0667166418505	-0.0477071990223	-0.0126646743175	0.00026701125036	0.0302754299507	-0.00462892282112	0.00141919143072	0.0545394998331	-0.0291717260537	0.0285484243032	-0.0103408047732	0.0421064208129	0.0250452454317	-0.0211849654524	-0.027388480914	-0.0164034722462	0.0281159614636	-0.0281655422438	-0.0752619354151	-0.000493108751373	-0.00475949447537
k__Bacteria;p__Firmicutes;c__Clostridia;o__Clostridiales;f__Lachnospiraceae;g__Roseburia;s__Roseburia_intestinalis	0.0148249866163	0.0233168103327	-0.0273924037843	-0.0369912640908	-0.0171630189279	-0.0573910040349	-0.0298613785032	-0.0435634681721	0.0465707900946	-0.0139822283948	0.0202173847563	-0.0506937839332	-6.43659022128e-05	0.0275504347639	0.0179265313795	-0.0513376777645	0.0144090409346	0.0298763586531	-0.0300814850321	-0.069706504519	0.0454182215655	0.0189960784116	-0.00773445553931	-0.00797884428469	0.0852957721113	-0.0197411275521	1.0	-0.0357850407495	0.00363221797638	-0.0465510603313	-0.0344945250152	0.029820295105	0.0320732966859	-0.0395601630601	-0.0304968747889	0.0159074868198	-0.0427347013816	-0.0379485143231	0.0153220699462	0.0359587187944	-0.00152001612433	0.0503864130985	0.00374026579599	0.0217352689257	0.000765307835011	-0.0237572455542	-0.0870451277426	-0.0724713141364	-0.0192526743224	-0.0202056529631	0.00030745515745	0.0018778395697	0.0069444542742	-0.0238937451046	0.00341057442604	0.0221421469662	-0.0291548030868	0.017153521276	-0.02344663714
k__Bacteria;p__Firmicutes;c__Clostridia;o__Clostridiales;f__Lachnospiraceae;g__Roseburia;s__Roseburia_hominis	-0.00847084558733	-0.0407133870647	-0.0188283389697	0.0511757363163	0.0304290270214	0.0358929871855	-0.0263544221722	0.0377330711236	-0.0249118763605	-0.0598351732129	-0.0317492450207	0.00075809145965	0.011806169993	0.0108464250537	-0.0492929208534	-0.0301252868098	0.00936897716213	0.00703582435702	-0.00502887904526	-0.0249268642985	-0.00833313510303	-0.0236211976588	-0.0366483004941	0.00982144744424	-0.0258350938099	-0.0380308284162	-0.0357850407495	1.0	-0.0162120683015	-0.0691300922015	-0.0514466612655	0.000374400597011	0.0169343013941	-0.019671380933	0.00577263933833	-0.0615370550858	0.0591452033247	-0.0116313091092	0.0465635880082	0.019395624119	-0.0333876998959	-0.0158841124582	-0.0145086507634	0.0146776298308	-0.00588275798419	-0.003797503577	0.0399952345308	0.0180981593547	-0.0429703280019	0.0136993621645	-0.0740709375415	0.0158371278322	-0.00897759466846	0.00351544935897	-0.0351024371418	-0.0356853570217	-0.0885262799043	-0.0056999494127	-0.0176873760599
k__Bacteria;p__Bacteroidetes;c__Bacteroidia;o__Bacteroidales;f__Porphyromonadaceae;g__Parabacteroides;s__Parabacteroides_johnsonii	0.00472284966698	0.0200429000575	-0.0958344625232	0.0310984749359	0.0118479393344	-0.00463502629039	0.00943315211045	0.0173638728048	-0.0570655622033	-0.00284812662654	-0.0130279068771	-0.057460226705	0.0126100557958	0.0112593267373	0.0035755339079	-0.014657787213	-0.0228118941652	-0.0656623114802	0.025775370358	0.0239170684607	-0.00942817719555	-0.00978950974918	-0.0243197359607	0.00413042387285	-0.00397274136603	-0.0502819972697	0.00363221797638	-0.0162120683015	1.0	0.00983482708994	0.0270535120483	0.023553119706	-0.0181812496842	0.0372099309935	-0.033149843959	0.0125122743848	-0.0219213946268	-0.00289090910508	0.00205857586817	-0.00926752155517	-0.059930605242	-0.00573822222202	0.0207903128775	0.065042345651	0.0288447455181	-0.0520828027897	0.0206812780272	-0.0464939580963	-0.0179231145771	-0.0144158171014	-0.0375510998337	-0.0404542144863	-0.0195752134701	-0.0206287831383	0.0378722276895	-0.0168086612231	-0.0972656177293	0.0349553590696	-0.0246542339576
k__Bacteria;p__Actinobacteria;c__Actinobacteria;o__Bifidobacteriales;f__Bifidobacteriaceae;g__Bifidobacterium;s__Bifidobacterium_longum	-0.00857594891609	0.00445268457713	-0.0265021551935	0.0305516225097	-0.00859437216271	0.0105840848804	0.00294185634057	0.0200236298418	-0.00581423118764	-0.0288726087215	0.0282644450636	-0.0261604448157	-0.0262045870966	0.0105517656881	0.0114873264597	-0.0256318869341	-0.0244955672506	0.000700572876331	-0.0270012261133	0.0220542245666	0.00182171192789	0.0136009548057	-0.084887931752	-0.00772822971567	-0.0370911951134	-0.0269761265264	-0.0465510603313	-0.0691300922015	0.00983482708994	1.0	-0.0289160393054	-0.0271084810611	-0.0275975284369	0.00619662139061	0.0299162746655	-0.0541678944578	0.0198038883256	0.0499012792829	-0.053826819038	-0.00514471793718	0.0112084538674	0.0324064117776	0.0146910153579	0.0698832675517	-0.0330017606085	-0.020607283953	-0.0482637369301	0.0248446992946	0.00485673295482	0.0166352436165	0.0391741299078	-0.00554106931251	0.00319510733768	-0.029786457319	-0.011627611573	-0.0477986645068	-0.0175721112063	-0.0747387588105	0.0717239645215
