#taxonomy	k__Bacteria;p__Bacteroidetes;c__Bacteroidia;o__Bacteroidales;f__Bacteroidaceae;g__Bacteroides;s__Bacteroides_vulgatus	k__Bacteria;p__Bacteroidetes;c__Bacteroidia;o__Bacteroidales;f__Bacteroidaceae;g__Bacteroides;s__Bacteroides_uniformis	k__Bacteria;p__Bacteroidetes;c__Bacteroidia;o__Bacteroidales;f__Rikenellaceae;g__Alistipes;s__Alistipes_putredinis	k__Bacteria;p__Bacteroidetes;c__Bacteroidia;o__Bacteroidales;f__Prevotellaceae;g__Prevotella;s__Prevotella_copri	k__Bacteria;p__Bacteroidetes;c__Bacteroidia;o__Bacteroidales;f__Bacteroidaceae;g__Bacteroides;s__Bacteroides_stercoris	k__Bacteria;p__Bacteroidetes;c__Bacteroidia;o__Bacteroidales;f__Bacteroidaceae;g__Bacteroides;s__Bacteroides_ovatus	k__Bacteria;p__Bacteroidetes;c__Bacteroidia;o__Bacteroidales;f__Rikenellaceae;g__Alistipes;s__Alistipes_shahii	k__Bacteria;p__Firmicutes;c__Clostridia;o__Clostridiales;f__Ruminococcaceae;g__Faecalibacterium;s__Faecalibacterium_prausnitzii	k__Bacteria;p__Bacteroidetes;c__Bacteroidia;o__Bacteroidales;f__Rikenellaceae;g__Alistipes;s__Alistipes_finegoldii	k__Bacteria;p__Bacteroidetes;c__Bacteroidia;o__Bacteroidales;f__Porphyromonadaceae;g__Parabacteroides;s__Parabacteroides_distasonis	k__Bacteria;p__Bacteroidetes;c__Bacteroidia;o__Bacteroidales;f__Bacteroidaceae;g__Bacteroides;s__Bacteroides_thetaiotaomicron	k__Bacteria;p__Bacteroidetes;c__Bacteroidia;o__Bacteroidales;f__Bacteroidaceae;g__Bacteroides;s__Bacteroides_coprocola	k__Bacteria;p__Bacteroidetes;c__Bacteroidia;o__Bacteroidales;f__Bacteroidaceae;g__Bacteroides;s__Bacteroides_cellulosilyticus	k__Bacteria;p__Bacteroidetes;c__Bacteroidia;o__Bacteroidales;f__Rikenellaceae;g__Alistipes;s__Alistipes_obesi	k__Bacteria;p__Firmicutes;c__Clostridia;o__Clostridiales;f__Lachnospiraceae;g__;s__[Eubacterium]_rectale	k__Bacteria;p__Bacteroidetes;c__Bacteroidia;o__Bacteroidales;f__Bacteroidaceae;g__Bacteroides;s__Bacteroides_plebeius	k__Bacteria;p__Bacteroidetes;c__Bacteroidia;o__Bacteroidales;f__Bacteroidaceae;g__Bacteroides;s__Bacteroides_fragilis	k__Bacteria;p__Proteobacteria;c__Betaproteobacteria;o__Burkholderiales;f__Sutterellaceae;g__Sutterella;s__Sutterella_wadsworthensis	k__Bacteria;p__Bacteroidetes;c__Bacteroidia;o__Bacteroidales;f__Porphyromonadaceae;g__Barnesiella;s__Barnesiella_intestinihominis	k__Bacteria;p__Bacteroidetes;c__Bacteroidia;o__Bacteroidales;f__Odoribacteraceae;g__Odoribacter;s__Odoribacter_splanchnicus	k__Bacteria;p__Bacteroidetes;c__Bacteroidia;o__Bacteroidales;f__Bacteroidaceae;g__Bacteroides;s__Bacteroides_salyersiae	k__Bacteria;p__Firmicutes;c__Clostridia;o__Clostridiales;f__Ruminococcaceae;g__Ruminiclostridium;s__[Eubacterium]_siraeum	k__Bacteria;p__Proteobacteria;c__Betaproteobacteria;o__Burkholderiales;f__Sutterellaceae;g__Parasutterella;s__Parasutterella_excrementihominis	k__Bacteria;p__Actinobacteria;c__Actinobacteria;o__Bifidobacteriales;f__Bifidobacteriaceae;g__Bifidobacterium;s__Bifidobacterium_adolescentis	k__Bacteria;p__Firmicutes;c__Clostridia;o__Clostridiales;f__Oscillospiraceae;g__Oscillibacter;s__Oscillibacter_sp._KLE_1745	k__Bacteria;p__Bacteroidetes;c__Bacteroidia;o__Bacteroidales;f__Bacteroidaceae;g__Bacteroides;s__Bacteroides_coprophilus	k__Bacteria;p__Firmicutes;c__Clostridia;o__Clostridiales;f__Lachnospiraceae;g__Roseburia;s__Roseburia_intestinalis	k__Bacteria;p__Firmicutes;c__Clostridia;o__Clostridiales;f__Lachnospiraceae;g__Roseburia;s__Roseburia_hominis	k__Bacteria;p__Bacteroidetes;c__Bacteroidia;o__Bacteroidales;f__Porphyromonadaceae;g__Parabacteroides;s__Parabacteroides_johnsonii	k__Bacteria;p__Actinobacteria;c__Actinobacteria;o__Bifidobacteriales;f__Bifidobacteriaceae;g__Bifidobacterium;s__Bifidobacterium_longum	k__Bacteria;p__Firmicutes;c__Clostridia;o__Clostridiales;f__;g__Flavonifractor;s__Flavonifractor_plautii	k__Bacteria;p__Firmicutes;c__Clostridia;o__Clostridiales;f__Clostridiaceae;g__Clostridium;s__Clostridium_phoceensis	k__Bacteria;p__Verrucomicrobia;c__Verrucomicrobiae;o__Verrucomicrobiales;f__Akkermansiaceae;g__Akkermansia;s__Akkermansia_muciniphila	k__Bacteria;p__Bacteroidetes;c__Bacteroidia;o__Bacteroidales;f__Prevotellaceae;g__Paraprevotella;s__Paraprevotella_xylaniphila	k__Bacteria;p__Firmicutes;c__Clostridia;o__Clostridiales;f__Ruminococcaceae;g__Ruminococcus;s__Ruminococcus_callidus	k__Bacteria;p__Bacteroidetes;c__Bacteroidia;o__Bacteroidales;f__Rikenellaceae;g__Alistipes;s__Alistipes_senegalensis	k__Bacteria;p__Firmicutes;c__Clostridia;o__Clostridiales;f__Lachnospiraceae;g__Blautia;s__Blautia_sp._KLE_1732	k__Bacteria;p__Bacteroidetes;c__Bacteroidia;o__Bacteroidales;f__Bacteroidaceae;g__Bacteroides;s__Bacteroides_oleiciplenus	k__Bacteria;p__Firmicutes;c__Clostridia;o__Clostridiales;f__Ruminococcaceae;g__Ruminococcus;s__Ruminococcus_bicirculans	k__Bacteria;p__Bacteroidetes;c__Bacteroidia;o__Bacteroidales;f__Bacteroidaceae;g__Bacteroides;s__Bacteroides_fluxus	k__Bacteria;p__Bacteroidetes;c__Bacteroidia;o__Bacteroidales;f__Prevotellaceae;g__Prevotella;s__Prevotella_stercorea	k__Bacteria;p__Firmicutes;c__Clostridia;o__Clostridiales;f__Lachnospiraceae;g__Dorea;s__Dorea_longicatena	k__Bacteria;p__Firmicutes;c__Clostridia;o__Clostridiales;f__Eubacteriaceae;g__Eubacterium;s__[Eubacterium]_eligens	k__Bacteria;p__Firmicutes;c__Clostridia;o__Clostridiales;f__Ruminococcaceae;g__;s__Ruminococcaceae_bacterium_D16	k__Bacteria;p__Firmicutes;c__Clostridia;o__Clostridiales;f__Lachnospiraceae;g__Coprococcus;s__Coprococcus_comes	k__Bacteria;p__Proteobacteria;c__Gammaproteobacteria;o__Enterobacterales;f__Enterobacteriaceae;g__Escherichia;s__Escherichia_coli	k__Bacteria;p__Firmicutes;c__Clostridia;o__Clostridiales;f__Ruminococcaceae;g__Anaerotruncus;s__Anaerotruncus_colihominis	k__Bacteria;p__Firmicutes;c__Clostridia;o__Clostridiales;f__Lachnospiraceae;g__Blautia;s__Blautia_obeum	k__Bacteria;p__Bacteroidetes;c__Bacteroidia;o__Bacteroidales;f__Odoribacteraceae;g__Odoribacter;s__Odoribacter_laneus	k__Bacteria;p__Firmicutes;c__Clostridia;o__Clostridiales;f__Ruminococcaceae;g__Ruminiclostridium;s__[Clostridium]_leptum	k__Bacteria;p__Bacteroidetes;c__Bacteroidia;o__Bacteroidales;f__Porphyromonadaceae;g__Parabacteroides;s__Parabacteroides_goldsteinii	k__Bacteria;p__Firmicutes;c__Clostridia;o__Clostridiales;f__Lachnospiraceae;g__Anaerostipes;s__Anaerostipes_hadrus	k__Bacteria;p__Firmicutes;c__Clostridia;o__Clostridiales;f__Ruminococcaceae;g__Ruminococcus;s__Ruminococcus_lactaris	k__Bacteria;p__Firmicutes;c__Clostridia;o__Clostridiales;f__Clostridiaceae;g__Clostridium;s__Clostridium_sp._L2-50	k__Bacteria;p__Firmicutes;c__Clostridia;o__Clostridiales;f__Clostridiaceae;g__Clostridium;s__Clostridium_sp._M62/1	k__Bacteria;p__Firmicutes;c__Clostridia;o__Clostridiales;f__;g__Intestinimonas;s__Intestinimonas_butyriciproducens	k__Bacteria;p__Actinobacteria;c__Actinobacteria;o__Bifidobacteriales;f__Bifidobacteriaceae;g__Bifidobacterium;s__Bifidobacterium_bifidum	k__Bacteria;p__Firmicutes;c__Negativicutes;o__Veillonellales;f__Veillonellaceae;g__Dialister;s__Dialister_invisus	k__Bacteria;p__Bacteroidetes;c__Bacteroidia;o__Bacteroidales;f__Bacteroidaceae;g__Bacteroides;s__Bacteroides_salanitronis
k__Bacteria;p__Bacteroidetes;c__Bacteroidia;o__Bacteroidales;f__Bacteroidaceae;g__Bacteroides;s__Bacteroides_vulgatus	1.0	0.0254157731341	-0.0163388252506	0.0577164296799	-0.00593603937083	0.0318401753759	0.0281989925144	0.0365403618439	-0.060055013142	0.0147825033142	-0.0743197048711	-0.0479851701038	0.0168690013774	-0.0379788470411	0.0509978465596	-0.00529097871536	0.00280114818823	-0.002458335632	-0.0648253493128	-0.0666029982983	0.0139711784879	0.017137638417	-0.0100200457809	-0.00974557193843	-0.0436409846394	0.00347895273762	0.0615288008758	0.00809100642855	0.020662522601	0.0246140991418	0.00817736396083	-0.0255194828053	-0.0575589982785	-0.0595346851527	-0.0214050552665	0.0148998441559	-0.0391758454	-0.0242054664729	0.00185163305084	-0.0214838607321	0.0167843259481	-0.0449326793565	0.0020410294784	0.0115371163142	-0.0662458653282	0.0100461294936	-0.0475201015421	-0.0286059276023	0.0667032766468	0.036104609928	-0.01908442384	-0.10223113817	0.0434645953544	0.0258521501848	-0.0319467180217	-0.0174186430052	-0.0264370485922	-0.0449765532733	0.0394470700453
k__Bacteria;p__Bacteroidetes;c__Bacteroidia;o__Bacteroidales;f__Bacteroidaceae;g__Bacteroides;s__Bacteroides_uniformis	0.0254157731341	1.0	-0.0161240944827	0.0313809309844	-0.0156352227468	0.00977775217684	0.0596029822131	-0.00472075515115	0.0459119957235	-0.0278254297764	-0.0151109563393	0.0208762987267	0.0403245895099	-0.00490335186351	-0.0555382173891	-0.0212636791961	-0.0333162369151	0.00309544881823	0.0108891340555	-0.00649360862031	-0.0219730339985	0.0203832693923	-0.0152858072239	0.0241218953266	-0.0232124740791	0.0149661241717	-0.0531124283715	-0.027639111381	0.0554136587916	-0.0165852074354	-0.00717454463988	-0.0240576202907	0.0380426678107	-0.000430498867473	-0.0262594524298	-0.00628917715549	-0.0249233911988	0.00385252422561	-0.0490381405136	0.0444712456144	-0.0149298833437	0.0463270163884	0.0313692446503	-0.05291388444	0.00239208246385	0.0088532540457	0.00561568563963	0.0209359074233	-0.0514793095193	-0.0195046445869	-0.0197156667111	-0.046723308592	-0.0354715457012	0.0469055970116	-0.0242498585405	0.0617322397094	-0.00385700848539	-0.0283977603614	-0.00717385850209
k__Bacteria;p__Bacteroidetes;c__Bacteroidia;o__Bacteroidales;f__Rikenellaceae;g__Alistipes;s__Alistipes_putredinis	-0.0163388252506	-0.0161240944827	1.0	0.00127471183622	0.0173343513449	0.0150332251507	-0.0635263380845	0.0253216220227	0.019225682906	0.0150555490658	0.0016197364446	-0.0115164602597	0.0647563009738	-0.0542088680873	-0.0112476821726	0.0307829664777	-0.0453462656888	0.0545926769915	-0.0091269662249	0.0185324121363	0.0349163188085	-0.00679698063217	-0.0316790448643	-0.0392242827487	0.0160786982865	-0.0320318882831	-0.00603455430589	0.0109953970009	-0.076888494215	-0.0228494250829	-0.0720550945444	0.00592492754549	-0.01114668416	-0.012410047743	0.0136414949387	-0.017367610589	-0.00143697715161	-0.0184778959023	-0.0361859672279	-0.00679842762957	0.0102883057959	-0.00236492832358	-0.0412741469134	0.0262857001698	-0.0315293790754	0.0299744964465	-0.0602472428124	-0.0330586590036	-0.00158661106667	-0.00915165221934	0.0437151885795	-0.00569566240549	0.00990651222046	-0.0559304342803	0.00476279623818	-0.0191949339874	-0.0160454068165	-0.0172836293232	-0.0247288756957
k__Bacteria;p__Bacteroidetes;c__Bacteroidia;o__Bacteroidales;f__Prevotellaceae;g__Prevotella;s__Prevotella_copri	0.0577164296799	0.0313809309844	0.00127471183622	1.0	0.0151749876361	0.0429656274039	-0.0384184263647	-0.0283501693762	0.019212270108	-0.00786660325908	0.0322892860692	0.0738794541352	-0.0296517467875	0.019176701043	0.00100791763301	0.0212355316073	-0.0503375034901	0.0219715828509	-0.021168835024	-0.04696895729	-0.0181945836428	-0.0460366060882	0.0178554282974	-0.0335253378131	-0.0984373007199	-0.00757378585588	0.00387883064222	0.0539086271038	-0.0335597828798	0.00291548466515	-0.0434998504817	-0.0374891395517	0.00847661407128	-0.0280066163901	0.0151208863936	-0.00759466298816	-0.0201816016345	0.0822676213068	0.0120278991313	-0.0339658945096	0.0294666068557	0.0214511610862	-0.0415067323339	-0.0295616590712	0.0317214086871	0.0127925564367	-0.0174663419287	-0.0294698011131	-0.0492734828146	-0.0320348668602	-0.00749850449508	-0.0331893695226	0.0300950124343	-0.0710076502677	0.0271793153017	0.016379125112	-0.00644690221064	0.00660233322308	0.0204790440269
k__Bacteria;p__Bacteroidetes;c__Bacteroidia;o__Bacteroidales;f__Bacteroidaceae;g__Bacteroides;s__Bacteroides_stercoris	-0.00593603937083	-0.0156352227468	0.0173343513449	0.0151749876361	1.0	0.0582100673105	0.0184551087733	-0.0121504313774	0.01530261189	-0.0477224125608	-0.0366746592744	0.00460916854099	0.0204391721085	-0.0373261981119	-0.00277761325813	-0.00924310950329	0.0201734001574	-0.00259177660891	-0.0742233549615	0.0159788850645	-0.0359188139033	-0.0143490711222	-0.0164899336391	-0.00574518715846	-0.0123225383655	-0.0105930090632	-0.0117889727852	-0.0364071981446	-0.0695304637992	0.00378765722175	-0.0781128730313	0.0111995688126	-0.0440089423347	-0.0232994016301	-0.00868451696478	0.000902803334382	0.0357664162064	-0.0148481235809	0.0312003230127	-0.00267290527933	-0.0312708100529	0.0229629086881	0.0188788295487	0.0111797139411	-0.0496642159728	0.0577946551881	-0.0170955760004	-0.0100664329753	-0.0306857917109	-0.0266282908466	-0.0216022269457	-0.0479809978536	0.024521025279	-0.0149265004862	-0.0200984356344	-0.0290951597438	-0.00064386016484	-0.0439664098774	-0.00382350762977
k__Bacteria;p__Bacteroidetes;c__Bacteroidia;o__Bacteroidales;f__Bacteroidaceae;g__Bacteroides;s__Bacteroides_ovatus	0.0318401753759	0.00977775217684	0.0150332251507	0.0429656274039	0.0582100673105	1.0	0.020069146515	-0.0219606379182	0.00924739668296	-0.0234146706374	-0.0130002529745	0.0399712739131	0.0221258776445	0.0407056454152	-0.0199775125934	0.033899760377	-0.00659740450965	0.0200506307953	-0.0421462555843	-0.046583844451	0.0103996509674	-0.0191120420152	-0.0194084806087	-0.0243568761863	-0.0361745026766	-0.0360705817177	-0.0116225248981	0.0301852305101	-0.0163459066869	0.0186753264308	0.0311268531532	-0.0415731659422	0.0325419659331	0.00359068949457	-0.103645450401	-0.064020100333	0.0276294591669	-0.0142053445636	0.0328227922765	-0.0216709043517	0.00135281274222	-0.0153070159162	0.0283214688004	-0.0522777316454	-0.0449797957062	0.0346205168381	-0.0178134977436	-0.0237835456797	-0.0195515876608	0.0148589342038	-0.0152625941595	-0.0272421718292	-0.0355644637278	-0.052989295715	-0.0650375333637	-0.0502584848108	0.0221733305047	0.0163060742375	0.0309010253975
k__Bacteria;p__Bacteroidetes;c__Bacteroidia;o__Bacteroidales;f__Rikenellaceae;g__Alistipes;s__Alistipes_shahii	0.0281989925144	0.0596029822131	-0.0635263380845	-0.0384184263647	0.0184551087733	0.020069146515	1.0	-0.0126201333998	-0.0324086823631	-0.0114260258382	-0.0272979944986	-0.00456702806385	-0.0168221708147	0.0452158152791	0.040933073019	0.0703816253993	-0.00323956952632	0.0151175042429	0.0219905288963	0.00233122927261	-0.0116315752652	0.0159520021009	-0.0304172632996	-0.0449272102578	-0.0142373331258	-0.0307478095462	-0.00437418615416	-0.0851987219132	-0.0330327660889	-0.0647446812541	-0.005669497702	-0.0701234461767	0.0252279994012	-0.0327064798713	-0.0467779497885	-0.0182696195332	0.0459756481937	0.0305527069585	-0.00745331092949	-0.00975274763786	0.0388489684288	0.00410266817726	0.0260015669771	-0.0354153908207	-0.0343655007116	-0.0160549512813	-0.0332699700378	-0.00473050467562	0.00333670139272	0.0281030847033	0.00663243815012	0.0312106710422	-0.0569782696288	0.0474643671894	0.0391932337023	0.0240358719121	0.0217574415082	-0.0920421989221	-0.0758478918021
k__Bacteria;p__Firmicutes;c__Clostridia;o__Clostridiales;f__Ruminococcaceae;g__Faecalibacterium;s__Faecalibacterium_prausnitzii	0.0365403618439	-0.00472075515115	0.0253216220227	-0.0283501693762	-0.0121504313774	-0.0219606379182	-0.0126201333998	1.0	-0.0102647439122	-0.00374977572819	0.00597488407208	-0.00994244289549	0.0280413202288	-0.0136621813974	-0.0868118616507	-0.0385660428964	-0.0530008143521	-0.0490035659078	-0.0177561823544	0.0223794165051	-0.00813407565487	0.082690237782	-0.0635744444506	0.0200135143503	0.0161918212516	-0.0323489678912	-0.0367570645391	-0.0584295052843	-0.0582717734702	-0.00328505117739	-0.00527447054514	-0.0213519758268	0.000623279215143	-0.0027589946289	-0.0259145999983	-0.0142760025994	-0.00351379470961	0.00242462580949	0.0336713157748	-0.0496738805099	0.016670457163	0.0208585343793	0.0353253615132	-0.0229732379659	-0.018922659094	-0.0313352711274	-0.0134269751964	-0.0073218268382	-0.00577575967323	0.060884558628	0.0103755192521	0.0153618695682	-0.0357022754628	0.0323265850663	-0.014792291003	0.00111111340533	-0.0284345685937	-0.054088761054	-0.00943313153992
k__Bacteria;p__Bacteroidetes;c__Bacteroidia;o__Bacteroidales;f__Rikenellaceae;g__Alistipes;s__Alistipes_finegoldii	-0.060055013142	0.0459119957235	0.019225682906	0.019212270108	0.01530261189	0.00924739668296	-0.0324086823631	-0.0102647439122	1.0	-0.0198295108138	0.00832838881557	0.0164576761742	-0.0130733652404	-0.0327812976725	0.0308841913694	-0.00167592609831	-0.0396184206282	0.0698708023456	-0.041559598609	0.00257277230458	-0.0332832651002	0.0500474704085	0.029462243768	-0.0494825444252	-0.046736234442	-0.00217168543238	-0.0687805149232	0.00292138080765	-0.0162745505232	-0.0463662672885	-0.0141087184198	-0.060018398723	0.0384722868384	-0.016894295104	-0.0145152342009	-0.016660016565	-0.0632223212756	-0.0367996543133	-0.0270204023896	0.0303484881529	0.0186469826177	0.019344548059	0.0543382588715	0.0212490095648	0.0465056872446	-0.0118399132513	-0.0374019740193	-0.0188967035489	-0.0283223080686	-0.0180010994357	-0.0303867960993	-0.00156860590768	-0.0558602787078	-0.00186300407429	0.0249588088828	0.0544298397536	0.010225558542	-0.024854261156	0.0130924597554
k__Bacteria;p__Bacteroidetes;c__Bacteroidia;o__Bacteroidales;f__Porphyromonadaceae;g__Parabacteroides;s__Parabacteroides_distasonis	0.0147825033142	-0.0278254297764	0.0150555490658	-0.00786660325908	-0.0477224125608	-0.0234146706374	-0.0114260258382	-0.00374977572819	-0.0198295108138	1.0	-0.0136353315138	-0.00482029531606	0.0195096602871	0.042568100841	-0.0385595917714	-0.0307426271597	-0.00618503585037	-0.00247669523283	-0.0288878104537	-0.0204064183252	0.0127619811557	-0.0351825522218	-0.0196641449003	0.0207252836126	-0.053906654092	0.0228843925489	-0.0472337875686	0.0706362790606	0.0112199575211	0.00539235904686	0.00757945977416	-0.0480464829551	-0.0173300045522	0.0651466715695	-0.0429716098521	0.0435576460713	0.0120894565885	0.0192203787786	0.00854386394101	0.0456643736121	0.0697136030192	0.0251534200707	-0.0591040965929	0.0264689735604	-0.0153260506585	-0.000144545980502	0.0241932717479	-0.0113325790654	0.0258606767963	-0.0247634234084	-0.0534472629269	-0.00212607552567	-0.060558625881	-0.00771068524414	0.0353714358607	0.0495389937778	-0.016279962449	-0.0091721465807	0.0190865316657
k__Bacteria;p__Bacteroidetes;c__Bacteroidia;o__Bacteroidales;f__Bacteroidaceae;g__Bacteroides;s__Bacteroides_thetaiotaomicron	-0.0743197048711	-0.0151109563393	0.0016197364446	0.0322892860692	-0.0366746592744	-0.0130002529745	-0.0272979944986	0.00597488407208	0.00832838881557	-0.0136353315138	1.0	0.0154974298158	-0.0203002067455	-0.112862127787	0.00595625850455	-0.00595049184443	-0.00129295237474	-0.0467009061496	-0.0200255448262	-0.0261071267465	-0.0680946340393	0.0253648570481	-0.00224076237635	-0.0143977966534	0.00133663575145	0.0532904569668	0.0310685670481	-0.0265077158841	0.0288668945459	-0.00177152291694	-0.0706770827835	0.0119040447854	-0.0311384146546	-0.0028022536474	-0.0269150194231	0.00409703728903	-0.0254588133967	-0.00589823747513	-0.000270570953879	-0.0222941933662	-0.0106567520389	-0.0607834081024	-0.0479441280929	0.0190495938816	0.0109887429691	-0.0111433226713	0.000779343458253	-0.0547666944735	0.00144995659931	0.0129515456271	-0.0290691839184	0.0452803561713	0.00974890070575	-0.0630459264006	0.0212476189929	0.0480877843328	0.0335775655641	-0.0064588237079	0.0367131370287
k__Bacteria;p__Bacteroidetes;c__Bacteroidia;o__Bacteroidales;f__Bacteroidaceae;g__Bacteroides;s__Bacteroides_coprocola	-0.0479851701038	0.0208762987267	-0.0115164602597	0.0738794541352	0.00460916854099	0.0399712739131	-0.00456702806385	-0.00994244289549	0.0164576761742	-0.00482029531606	0.0154974298158	1.0	-0.0379795631446	0.0239386594534	-0.0576911050217	0.0446377225535	-0.0278420253259	0.0137529897155	-0.0546085716135	0.0203625653661	-0.00538123879701	0.00954436176437	-0.02564957779	-0.112352104197	-0.00279127499015	0.0666064913678	0.0422310808658	0.0257786616877	-0.00789903996644	-0.0564067887355	0.0121738608259	0.0108769925578	-0.0206043129733	0.0421827185106	0.0208292846358	-0.053415265793	0.0577923559201	-0.0512561071352	-0.0374720906201	0.0125389362061	-0.0724319698738	-0.0254196911213	0.075975131053	0.00654315068818	0.00178689126894	-0.00839630286735	-0.0186730863093	-0.0196879293775	0.0617163078457	-0.0491104073148	-0.0170452100525	1.04417679556e-05	0.0233367161551	0.0310405849304	-2.37271981994e-06	-0.046618624876	0.00637615435481	-0.0273636161028	-0.00781731806921
k__Bacteria;p__Bacteroidetes;c__Bacteroidia;o__Bacteroidales;f__Bacteroidaceae;g__Bacteroides;s__Bacteroides_cellulosilyticus	0.0168690013774	0.0403245895099	0.0647563009738	-0.0296517467875	0.0204391721085	0.0221258776445	-0.0168221708147	0.0280413202288	-0.0130733652404	0.0195096602871	-0.0203002067455	-0.0379795631446	1.0	0.00922701618011	0.0440272846442	0.0248698059272	0.0645840404843	-0.00363357806077	0.0153703859686	0.0209834598951	-0.00840855009957	-0.0396092023189	-0.0210451811355	0.029746113684	-0.0462018415392	-0.0134396255371	-0.0549181310676	-0.0167511804692	0.00168743544293	0.00673174942512	0.0343922789111	0.0630023607803	0.0627137657123	-0.0100391402476	-0.0207365986989	0.0711381352069	-0.0143636812926	0.0081868184687	0.0421660851106	-0.066385143429	-0.00581901604593	-0.0185992833402	-0.00871380985853	-0.0601646526567	-0.0249644765063	0.0357904812727	-0.0490313151207	0.0160059483488	-0.0141995746951	0.0468775743779	-0.00811466237905	-0.0169866361517	-0.0237356711401	0.00252305328426	-0.0170610682299	-0.026074919436	-0.0217091530207	-0.0315188642851	-0.0379820928771
k__Bacteria;p__Bacteroidetes;c__Bacteroidia;o__Bacteroidales;f__Rikenellaceae;g__Alistipes;s__Alistipes_obesi	-0.0379788470411	-0.00490335186351	-0.0542088680873	0.019176701043	-0.0373261981119	0.0407056454152	0.0452158152791	-0.0136621813974	-0.0327812976725	0.042568100841	-0.112862127787	0.0239386594534	0.00922701618011	1.0	0.034694209678	-0.00634248889415	-0.00876281358526	0.0254632305371	-0.00173368152879	-0.048006390379	-0.0258696320876	0.0267574447741	-0.0477597749858	-0.0424850647226	0.00686588878474	-0.0232786071254	0.0280566088799	-0.0305825337502	-0.0218779599402	0.0230329333683	0.0595372680449	0.0181329844184	0.0571191984635	-0.0241770901807	-0.00601787993258	-0.0252873098186	-0.00745883432442	-0.0214531640812	-0.0217120919156	-0.0151074743214	0.0380250143234	-0.0104154598175	-0.0114714772545	-0.0502677805572	0.027602424365	-0.0237991373304	-0.0375075375606	-0.0173529441399	0.00143242286672	-0.0547494909149	-0.0352620282794	-0.0534953799847	0.0219225692676	-0.0263357980759	-0.0420527741637	0.00426531450046	-0.0142075536318	-0.041161720017	-0.0140799956657
k__Bacteria;p__Firmicutes;c__Clostridia;o__Clostridiales;f__Lachnospiraceae;g__;s__[Eubacterium]_rectale	0.0509978465596	-0.0555382173891	-0.0112476821726	0.00100791763301	-0.00277761325813	-0.0199775125934	0.040933073019	-0.0868118616507	0.0308841913694	-0.0385595917714	0.00595625850455	-0.0576911050217	0.0440272846442	0.034694209678	1.0	-0.0552421268912	-0.0473109418203	0.00334565931181	-0.0140073182662	-0.0101215180666	-0.0492135139173	-0.0281376162896	-0.0451723181148	0.0285488547996	-0.00800827943547	-0.0615853189457	-0.0282682791828	-0.0145438039474	0.00205367937858	0.00207517537766	0.040706980173	0.0122725813292	-0.00492921136541	-0.00418877706	-0.00219200561187	-0.0266531860032	-0.0341737377726	-0.0141438316839	0.0376604539886	-0.0159869102046	0.00378716815074	-0.0653107502264	-0.0105659052347	0.018307928561	0.0447812387816	0.00454649649518	-0.022723649476	-0.0201143658696	-0.0324925619763	0.00435232712512	0.017310125101	0.069294711694	0.0548888214289	-0.0468150040168	-0.062669800328	0.0422621524697	-0.032152230659	-0.023616091718	-0.0510060758644
k__Bacteria;p__Bacteroidetes;c__Bacteroidia;o__Bacteroidales;f__Bacteroidaceae;g__Bacteroides;s__Bacteroides_plebeius	-0.00529097871536	-0.0212636791961	0.0307829664777	0.0212355316073	-0.00924310950329	0.033899760377	0.0703816253993	-0.0385660428964	-0.00167592609831	-0.0307426271597	-0.00595049184443	0.0446377225535	0.0248698059272	-0.00634248889415	-0.0552421268912	1.0	0.043445265162	0.0484516133365	-0.00630269788374	-0.0499262404867	-0.00712041665969	-0.0653684201154	-0.00603568697697	-0.00465681635341	-0.0023830367552	0.034374328676	0.0568399572376	-0.024027331855	-0.0192086076127	-0.0040511170669	-0.0375989326077	0.00876062513662	-0.02718967085	0.0233918157072	-0.00958243394505	-0.00496523087539	-0.0330897226537	0.0439205015904	0.00221536807519	0.0403184451843	0.00255856375066	0.00767751854901	-0.065302016872	0.00488471444884	-0.0098613867384	0.00519228115753	-0.0333359830581	0.0306447762214	-0.0234209879023	0.00615290461218	-0.0209623583497	0.0215038711493	-0.0656460277163	-0.0391838924392	-0.0322358069352	0.0206356221037	-0.0498055484495	0.00169131801254	0.0244329403438
k__Bacteria;p__Bacteroidetes;c__Bacteroidia;o__Bacteroidales;f__Bacteroidaceae;g__Bacteroides;s__Bacteroides_fragilis	0.00280114818823	-0.0333162369151	-0.0453462656888	-0.0503375034901	0.0201734001574	-0.00659740450965	-0.00323956952632	-0.0530008143521	-0.0396184206282	-0.00618503585037	-0.00129295237474	-0.0278420253259	0.0645840404843	-0.00876281358526	-0.0473109418203	0.043445265162	1.0	-0.00347208940333	0.0417919725786	-0.039953136856	-0.00141011707923	-0.0307942860743	-0.00745014767833	-0.014079001539	-0.0221807095652	-0.0261995901417	-0.0478897187068	0.0230744180831	0.0392950045819	-0.00305332299085	-0.0480313653706	0.00791832909016	0.0155843502867	-0.00365601508681	-0.0260570046648	0.00917067734607	0.00985495877803	-0.0160855273511	-0.0626340587471	-0.0564091382186	-0.0278790168079	-0.0218412176345	0.0371638578116	0.0119674717722	0.042489847425	-0.0499154714222	-0.0175465188639	0.0250247895335	-0.0599181403749	0.00871700644835	-0.00735515694844	0.0139240159403	0.00856748666514	-0.046838483154	0.040748242081	-0.0672018880939	0.0456161637683	0.00590174594954	-0.0252032575365
k__Bacteria;p__Proteobacteria;c__Betaproteobacteria;o__Burkholderiales;f__Sutterellaceae;g__Sutterella;s__Sutterella_wadsworthensis	-0.002458335632	0.00309544881823	0.0545926769915	0.0219715828509	-0.00259177660891	0.0200506307953	0.0151175042429	-0.0490035659078	0.0698708023456	-0.00247669523283	-0.0467009061496	0.0137529897155	-0.00363357806077	0.0254632305371	0.00334565931181	0.0484516133365	-0.00347208940333	1.0	0.0236173538571	0.00736137861945	0.0134626011336	0.00825182567145	-0.032974340494	-0.0643812127947	0.0197340731287	-0.0374139941047	-0.0179697110056	-0.0561922271957	-0.0626168711448	0.0489591972676	0.006527100418	-0.0247204960606	-0.0239848379675	-0.0235440660334	-0.0664099497416	-0.0160056316801	0.00902354704203	-0.0229779129647	0.037040183896	0.00609603466266	0.0143725366628	0.0113991855057	-0.00939451265074	0.0295135251639	-0.0178391881545	-0.00308294938732	-0.0675727506481	-0.0214652286733	-0.00981368370143	-0.0318745340382	-0.0313853650331	0.0168137005553	0.000605432689898	-0.0281422647693	0.0353173908249	-0.0281842349524	-0.0397184053616	0.00686234089825	0.0571458827336
k__Bacteria;p__Bacteroidetes;c__Bacteroidia;o__Bacteroidales;f__Porphyromonadaceae;g__Barnesiella;s__Barnesiella_intestinihominis	-0.0648253493128	0.0108891340555	-0.0091269662249	-0.021168835024	-0.0742233549615	-0.0421462555843	0.0219905288963	-0.0177561823544	-0.041559598609	-0.0288878104537	-0.0200255448262	-0.0546085716135	0.0153703859686	-0.00173368152879	-0.0140073182662	-0.00630269788374	0.0417919725786	0.0236173538571	1.0	0.0518135799038	0.00422402664257	-0.0427730990806	-0.0338339674538	0.0117528673099	0.0198975466363	-0.00703812764243	-0.00610480332699	-0.0048161216941	-0.0489578883268	-0.0155424954269	-0.025509305186	-0.0338091199362	0.0152236612485	0.00360462505346	-0.0295699105132	-0.00868065787102	0.0257225527034	0.0301975405417	0.0594724005688	-0.0798069514259	0.0158835834949	-0.00897434454135	-0.0540180294556	0.0218361704671	0.034890619755	0.00690220094682	0.0719355769838	0.0217287072404	-0.00971158585579	0.0148939380099	-0.0196075854462	-0.00188591704771	-0.0530114086958	-0.0092689559482	0.00756621866562	0.0211765372845	0.00936259338696	0.0157558016968	-0.00245842929815
k__Bacteria;p__Bacteroidetes;c__Bacteroidia;o__Bacteroidales;f__Odoribacteraceae;g__Odoribacter;s__Odoribacter_splanchnicus	-0.0666029982983	-0.00649360862031	0.0185324121363	-0.04696895729	0.0159788850645	-0.046583844451	0.00233122927261	0.0223794165051	0.00257277230458	-0.0204064183252	-0.0261071267465	0.0203625653661	0.0209834598951	-0.048006390379	-0.0101215180666	-0.0499262404867	-0.039953136856	0.00736137861945	0.0518135799038	1.0	-0.0120508517592	-0.0401218026749	0.00369237347124	0.00666720969728	-0.0325030733648	-0.0323462641055	-0.0397799082546	-0.0413718039858	-0.0276540248746	-0.0357492525637	-0.0663181724528	-0.0363388893274	0.00428029169093	-0.027864429831	0.000316840280012	0.0513227663589	0.024470923417	0.00346701817249	-0.0335064287288	0.0105198709963	-0.0128465367274	0.0501731717678	0.0056976097745	-0.0881363918003	-0.0198555028979	0.0554891956683	0.0216666636762	0.0216094391024	-0.0517536016517	-0.020632773527	-0.00709247580025	-0.00317866169455	-0.0138257308234	0.0657672087228	-0.00991357387535	0.00584868856857	0.0429948772282	-0.0160536645694	-0.0189325091273
k__Bacteria;p__Bacteroidetes;c__Bacteroidia;o__Bacteroidales;f__Bacteroidaceae;g__Bacteroides;s__Bacteroides_salyersiae	0.0139711784879	-0.0219730339985	0.0349163188085	-0.0181945836428	-0.0359188139033	0.0103996509674	-0.0116315752652	-0.00813407565487	-0.0332832651002	0.0127619811557	-0.0680946340393	-0.00538123879701	-0.00840855009957	-0.0258696320876	-0.0492135139173	-0.00712041665969	-0.00141011707923	0.0134626011336	0.00422402664257	-0.0120508517592	1.0	-0.0128908035753	0.0129415043893	0.0366925662701	-0.0090882758139	0.0450375555109	-0.012725126377	-0.0277459089772	0.00206177091433	-0.0567233289953	-0.00511071052235	-0.017022746333	-0.0674469724362	-0.0205117065055	-0.00472885699804	0.0162936925002	0.00640958544736	-0.00559484178831	-0.0133276920383	0.0327744143073	0.0113975877549	-0.0190626461524	-0.0172560667194	0.0430459507603	-0.0329455648017	-0.0428439850354	-0.0598665068563	-0.0261647581331	-0.0496102850697	0.0490359029588	0.0358036839453	0.0246036618621	-0.0196315586733	-0.0170128722067	-0.0441666707425	0.00937754391324	0.0120765658257	0.0412871299919	0.0279135192527
k__Bacteria;p__Firmicutes;c__Clostridia;o__Clostridiales;f__Ruminococcaceae;g__Ruminiclostridium;s__[Eubacterium]_siraeum	0.017137638417	0.0203832693923	-0.00679698063217	-0.0460366060882	-0.0143490711222	-0.0191120420152	0.0159520021009	0.082690237782	0.0500474704085	-0.0351825522218	0.0253648570481	0.00954436176437	-0.0396092023189	0.0267574447741	-0.0281376162897	-0.0653684201154	-0.0307942860743	0.00825182567145	-0.0427730990806	-0.0401218026749	-0.0128908035753	1.0	-0.0227145881325	0.00190643845108	0.000389952901163	-7.29557894538e-05	-0.0334636225474	0.0184271814299	-0.0067722018389	-0.00518361203318	-0.0282491106396	-0.0403907504093	-0.0101438904929	0.0101441023842	-0.010523697903	-0.0285673955998	-0.0101553991397	-0.027072165048	-0.0228372403668	0.00531103541095	-0.00748162445005	-0.00675520390141	0.0139946364208	-0.0728131593701	-0.0418332852531	-0.00660338210414	-0.00338223845716	-0.0280548358707	-0.00258015464284	0.00727391371716	-0.0323151306478	0.0144113249152	-0.00392128532983	-0.00909515092556	0.0208016689792	0.0323158567388	-0.0105920113992	-0.0267645534681	-0.0135484769516
k__Bacteria;p__Proteobacteria;c__Betaproteobacteria;o__Burkholderiales;f__Sutterellaceae;g__Parasutterella;s__Parasutterella_excrementihominis	-0.0100200457809	-0.0152858072239	-0.0316790448643	0.0178554282974	-0.0164899336391	-0.0194084806087	-0.0304172632996	-0.0635744444506	0.029462243768	-0.0196641449003	-0.00224076237635	-0.02564957779	-0.0210451811355	-0.0477597749858	-0.0451723181148	-0.00603568697697	-0.00745014767833	-0.032974340494	-0.0338339674538	0.00369237347124	0.0129415043893	-0.0227145881325	1.0	0.0421867008413	0.022039737184	-0.00446072390918	-0.00384576255708	0.0447884980294	-0.00137764417846	-0.00800655993015	-0.0383712101594	-0.0242219448637	0.00497556528463	0.0504594082391	-0.0292136579228	-0.0334882757248	0.0527437695993	-0.0364111170995	-0.00979609996104	0.0241982877252	0.0916934836923	0.0185727349871	0.0052933298328	-0.0208920765168	0.0176977214645	-0.0305867569233	0.0165966778505	-0.0192073960448	-0.00350463813619	-0.0278074605408	0.0536210233256	-0.02673161013	0.0125854436701	0.0100669492229	-0.0539238358337	-0.0207417662151	0.0653838329244	-0.0340080804044	-0.0463065502335
k__Bacteria;p__Actinobacteria;c__Actinobacteria;o__Bifidobacteriales;f__Bifidobacteriaceae;g__Bifidobacterium;s__Bifidobacterium_adolescentis	-0.00974557193843	0.0241218953266	-0.0392242827487	-0.0335253378131	-0.00574518715846	-0.0243568761863	-0.0449272102578	0.0200135143503	-0.0494825444252	0.0207252836126	-0.0143977966534	-0.112352104197	0.029746113684	-0.0424850647226	0.0285488547996	-0.00465681635341	-0.014079001539	-0.0643812127947	0.0117528673099	0.00666720969728	0.0366925662701	0.00190643845108	0.0421867008413	1.0	0.0379693072726	0.0404974858605	0.0153464780646	0.0120085702426	-0.020217438222	0.00377975215503	0.050205346307	-0.0300245536617	0.011057823137	0.00429977761417	-0.0399559966317	0.0130907911587	-0.0599340798791	-0.0233861396827	0.0062298792	0.0128396922234	-0.0185045396754	-0.0378850269949	-0.00914971249015	0.0107847169844	-0.0877557820187	-0.0360907497829	-0.0524913939297	-0.0368953892191	0.0587354199287	0.0493572606967	0.007872897602	-0.0312269996836	-0.0321344371727	0.0281267202259	-0.0185290714518	0.0430510909917	-0.0101971064675	-0.0100082679965	-0.0563948587951
k__Bacteria;p__Firmicutes;c__Clostridia;o__Clostridiales;f__Oscillospiraceae;g__Oscillibacter;s__Oscillibacter_sp._KLE_1745	-0.0436409846394	-0.0232124740791	0.0160786982865	-0.0984373007199	-0.0123225383655	-0.0361745026766	-0.0142373331258	0.0161918212516	-0.046736234442	-0.053906654092	0.00133663575146	-0.00279127499015	-0.0462018415392	0.00686588878474	-0.00800827943547	-0.0023830367552	-0.0221807095652	0.0197340731287	0.0198975466363	-0.0325030733648	-0.0090882758139	0.000389952901163	0.022039737184	0.0379693072726	1.0	0.0296349784751	-0.0165007500114	0.000231548729052	0.0330434235851	-0.00465922289086	0.0423714436978	-0.0713991150389	0.0502615135417	0.00945669692335	-0.0276454409878	0.00576177230364	0.0456156688001	-0.0843825922532	0.00512846427175	0.0103654696615	-0.0271427734829	-0.0225752402164	-0.0355362528386	0.0377143356616	0.000742553357617	0.00937832013186	0.00168270778763	0.0221493658042	-0.0173084943415	-0.000102958562536	0.0533903686809	0.00816750616626	-0.0109943718495	0.0420303807703	-0.000766771770318	0.0489203094751	-0.0329920773321	-0.0232878339761	-0.0270283485447
k__Bacteria;p__Bacteroidetes;c__Bacteroidia;o__Bacteroidales;f__Bacteroidaceae;g__Bacteroides;s__Bacteroides_coprophilus	0.00347895273762	0.0149661241717	-0.0320318882831	-0.00757378585588	-0.0105930090632	-0.0360705817177	-0.0307478095462	-0.0323489678912	-0.00217168543238	0.0228843925489	0.0532904569668	0.0666064913678	-0.0134396255371	-0.0232786071254	-0.0615853189457	0.034374328676	-0.0261995901417	-0.0374139941047	-0.00703812764243	-0.0323462641055	0.0450375555109	-7.29557894539e-05	-0.00446072390918	0.0404974858605	0.0296349784751	1.0	0.0312734601462	-0.0028597043196	0.0054467893646	0.0187807247007	0.0711916418643	0.00656932143734	-0.0281017061282	0.000578343415994	-0.0253077516477	0.0369654308282	-0.00296345392202	-0.0533826826096	-0.0294583345656	-0.0436108146471	-0.0515242366676	-0.00868274345884	-0.0179297713126	0.0128058085384	-0.0144194498935	-0.0465266258349	0.00653833433197	0.0360210509989	0.0111820051124	-0.0306006151123	0.0247393702669	-0.0281903550675	0.0287140597539	-0.00197620531094	0.0223175891301	0.0481926818354	-0.0474886151321	0.0275811065443	0.0345005879523
k__Bacteria;p__Firmicutes;c__Clostridia;o__Clostridiales;f__Lachnospiraceae;g__Roseburia;s__Roseburia_intestinalis	0.0615288008758	-0.0531124283715	-0.00603455430589	0.00387883064222	-0.0117889727852	-0.0116225248981	-0.00437418615416	-0.0367570645391	-0.0687805149232	-0.0472337875686	0.0310685670481	0.0422310808658	-0.0549181310676	0.0280566088799	-0.0282682791828	0.0568399572376	-0.0478897187068	-0.0179697110056	-0.00610480332699	-0.0397799082546	-0.012725126377	-0.0334636225474	-0.00384576255708	0.0153464780646	-0.0165007500114	0.0312734601462	1.0	-0.0110362360239	-0.0454676284889	-0.00224677731227	-0.0984310056674	0.029876585199	0.00298044075494	0.00610329038453	-0.00310056739056	-0.0200560498738	-0.0604896383613	-0.00230836107637	-0.0528848664123	0.00615080273371	0.00685991518279	0.0075463460673	0.0264504438733	-0.0275595051303	-0.0144306192181	0.0014068752125	0.0867780021896	0.0238422975907	0.00982648226882	0.0410594278107	-0.0174453410711	-0.0728206576579	0.0519718524328	-0.00574872373412	-0.0452824593929	-0.0261256658396	-0.0133398808159	-0.0137524610768	-0.0697346643609
k__Bacteria;p__Firmicutes;c__Clostridia;o__Clostridiales;f__Lachnospiraceae;g__Roseburia;s__Roseburia_hominis	0.00809100642855	-0.027639111381	0.0109953970009	0.0539086271038	-0.0364071981446	0.0301852305101	-0.0851987219132	-0.0584295052843	0.00292138080765	0.0706362790606	-0.0265077158841	0.0257786616877	-0.0167511804692	-0.0305825337502	-0.0145438039474	-0.024027331855	0.0230744180831	-0.0561922271957	-0.0048161216941	-0.0413718039858	-0.0277459089772	0.0184271814299	0.0447884980294	0.0120085702426	0.000231548729052	-0.0028597043196	-0.0110362360239	1.0	0.0195411897134	0.0152553272822	-0.00252500489081	-0.0431761802553	-0.0125128854532	0.0365845496724	-0.00622356057996	-0.0395242400419	-0.0483109306417	-0.0205787111903	0.0553689934542	-0.0071827374489	-0.0355258481222	0.0351831495855	0.0159711340764	-0.048003926876	0.0225688678445	-0.000942663437268	0.0429079230124	-0.0479274166068	-0.0537196442483	0.0348270621468	-0.040598711861	-0.000903564353221	-0.0206674892769	0.051527926189	-0.00587619170083	-0.0346971654801	-0.0615136221684	-0.0192987605954	0.00492181601866
k__Bacteria;p__Bacteroidetes;c__Bacteroidia;o__Bacteroidales;f__Porphyromonadaceae;g__Parabacteroides;s__Parabacteroides_johnsonii	0.020662522601	0.0554136587916	-0.076888494215	-0.0335597828798	-0.0695304637992	-0.0163459066869	-0.0330327660889	-0.0582717734702	-0.0162745505232	0.0112199575211	0.0288668945459	-0.00789903996644	0.00168743544293	-0.0218779599402	0.00205367937858	-0.0192086076127	0.0392950045819	-0.0626168711448	-0.0489578883268	-0.0276540248746	0.00206177091433	-0.0067722018389	-0.00137764417846	-0.020217438222	0.0330434235851	0.0054467893646	-0.0454676284889	0.0195411897134	1.0	-0.0221570447664	-0.0437445559501	-0.025936377334	0.0383286853208	-0.0493245876258	-0.0533610903943	-0.0627241549978	-0.00324501757529	-0.00067511545716	-0.0311019615153	-0.0300962665882	-0.00500960124881	0.0458268875441	-0.0105669732802	0.016048306953	0.0305809654783	0.0230718845401	-0.00530756846062	-0.0361011347152	0.0562975067473	-0.0161060118309	-0.0167195240003	0.00313199314728	0.023813816123	-0.00410708442479	-0.0368161600779	0.0186824135588	-0.0256974492416	-0.00543625918147	-0.0636253755514
k__Bacteria;p__Actinobacteria;c__Actinobacteria;o__Bifidobacteriales;f__Bifidobacteriaceae;g__Bifidobacterium;s__Bifidobacterium_longum	0.0246140991418	-0.0165852074354	-0.0228494250829	0.00291548466515	0.00378765722175	0.0186753264308	-0.0647446812541	-0.00328505117739	-0.0463662672885	0.00539235904686	-0.00177152291694	-0.0564067887355	0.00673174942512	0.0230329333683	0.00207517537766	-0.0040511170669	-0.00305332299085	0.0489591972676	-0.0155424954269	-0.0357492525637	-0.0567233289953	-0.00518361203318	-0.00800655993015	0.00377975215503	-0.00465922289086	0.0187807247007	-0.00224677731227	0.0152553272822	-0.0221570447664	1.0	-0.0149836681205	-0.00804880438596	-0.0375622184716	-0.0126248563451	-0.0125323847744	-0.00735460945131	0.0650398068122	-0.0155963071406	-0.0278960217294	-0.0460058475625	0.030247624444	0.0437315547278	0.0134645649511	-0.0496933811306	-0.00276389352754	-0.0182915947883	-0.0126123297089	0.00236938156048	0.0177004546461	0.0094917191044	-0.0693282656926	0.0532209397256	-0.00209764144009	0.0487750002147	-0.0336826333373	-0.023214010969	0.01992924251	-0.0146854554198	-0.0222148720761
