#taxonomy	k__Bacteria;p__Bacteroidetes;c__Bacteroidia;o__Bacteroidales;f__Bacteroidaceae;g__Bacteroides;s__Bacteroides_vulgatus	k__Bacteria;p__Bacteroidetes;c__Bacteroidia;o__Bacteroidales;f__Bacteroidaceae;g__Bacteroides;s__Bacteroides_uniformis	k__Bacteria;p__Bacteroidetes;c__Bacteroidia;o__Bacteroidales;f__Rikenellaceae;g__Alistipes;s__Alistipes_putredinis	k__Bacteria;p__Bacteroidetes;c__Bacteroidia;o__Bacteroidales;f__Prevotellaceae;g__Prevotella;s__Prevotella_copri	k__Bacteria;p__Bacteroidetes;c__Bacteroidia;o__Bacteroidales;f__Bacteroidaceae;g__Bacteroides;s__Bacteroides_stercoris	k__Bacteria;p__Bacteroidetes;c__Bacteroidia;o__Bacteroidales;f__Bacteroidaceae;g__Bacteroides;s__Bacteroides_ovatus	k__Bacteria;p__Bacteroidetes;c__Bacteroidia;o__Bacteroidales;f__Rikenellaceae;g__Alistipes;s__Alistipes_shahii	k__Bacteria;p__Firmicutes;c__Clostridia;o__Clostridiales;f__Ruminococcaceae;g__Faecalibacterium;s__Faecalibacterium_prausnitzii	k__Bacteria;p__Bacteroidetes;c__Bacteroidia;o__Bacteroidales;f__Rikenellaceae;g__Alistipes;s__Alistipes_finegoldii	k__Bacteria;p__Bacteroidetes;c__Bacteroidia;o__Bacteroidales;f__Porphyromonadaceae;g__Parabacteroides;s__Parabacteroides_distasonis	k__Bacteria;p__Bacteroidetes;c__Bacteroidia;o__Bacteroidales;f__Bacteroidaceae;g__Bacteroides;s__Bacteroides_thetaiotaomicron	k__Bacteria;p__Bacteroidetes;c__Bacteroidia;o__Bacteroidales;f__Bacteroidaceae;g__Bacteroides;s__Bacteroides_coprocola	k__Bacteria;p__Bacteroidetes;c__Bacteroidia;o__Bacteroidales;f__Bacteroidaceae;g__Bacteroides;s__Bacteroides_cellulosilyticus	k__Bacteria;p__Bacteroidetes;c__Bacteroidia;o__Bacteroidales;f__Rikenellaceae;g__Alistipes;s__Alistipes_obesi	k__Bacteria;p__Firmicutes;c__Clostridia;o__Clostridiales;f__Lachnospiraceae;g__;s__[Eubacterium]_rectale	k__Bacteria;p__Bacteroidetes;c__Bacteroidia;o__Bacteroidales;f__Bacteroidaceae;g__Bacteroides;s__Bacteroides_plebeius	k__Bacteria;p__Bacteroidetes;c__Bacteroidia;o__Bacteroidales;f__Bacteroidaceae;g__Bacteroides;s__Bacteroides_fragilis	k__Bacteria;p__Proteobacteria;c__Betaproteobacteria;o__Burkholderiales;f__Sutterellaceae;g__Sutterella;s__Sutterella_wadsworthensis	k__Bacteria;p__Bacteroidetes;c__Bacteroidia;o__Bacteroidales;f__Porphyromonadaceae;g__Barnesiella;s__Barnesiella_intestinihominis	k__Bacteria;p__Bacteroidetes;c__Bacteroidia;o__Bacteroidales;f__Odoribacteraceae;g__Odoribacter;s__Odoribacter_splanchnicus	k__Bacteria;p__Bacteroidetes;c__Bacteroidia;o__Bacteroidales;f__Bacteroidaceae;g__Bacteroides;s__Bacteroides_salyersiae	k__Bacteria;p__Firmicutes;c__Clostridia;o__Clostridiales;f__Ruminococcaceae;g__Ruminiclostridium;s__[Eubacterium]_siraeum	k__Bacteria;p__Proteobacteria;c__Betaproteobacteria;o__Burkholderiales;f__Sutterellaceae;g__Parasutterella;s__Parasutterella_excrementihominis	k__Bacteria;p__Actinobacteria;c__Actinobacteria;o__Bifidobacteriales;f__Bifidobacteriaceae;g__Bifidobacterium;s__Bifidobacterium_adolescentis	k__Bacteria;p__Firmicutes;c__Clostridia;o__Clostridiales;f__Oscillospiraceae;g__Oscillibacter;s__Oscillibacter_sp._KLE_1745	k__Bacteria;p__Bacteroidetes;c__Bacteroidia;o__Bacteroidales;f__Bacteroidaceae;g__Bacteroides;s__Bacteroides_coprophilus	k__Bacteria;p__Firmicutes;c__Clostridia;o__Clostridiales;f__Lachnospiraceae;g__Roseburia;s__Roseburia_intestinalis	k__Bacteria;p__Firmicutes;c__Clostridia;o__Clostridiales;f__Lachnospiraceae;g__Roseburia;s__Roseburia_hominis	k__Bacteria;p__Bacteroidetes;c__Bacteroidia;o__Bacteroidales;f__Porphyromonadaceae;g__Parabacteroides;s__Parabacteroides_johnsonii	k__Bacteria;p__Actinobacteria;c__Actinobacteria;o__Bifidobacteriales;f__Bifidobacteriaceae;g__Bifidobacterium;s__Bifidobacterium_longum	k__Bacteria;p__Firmicutes;c__Clostridia;o__Clostridiales;f__;g__Flavonifractor;s__Flavonifractor_plautii	k__Bacteria;p__Firmicutes;c__Clostridia;o__Clostridiales;f__Clostridiaceae;g__Clostridium;s__Clostridium_phoceensis	k__Bacteria;p__Verrucomicrobia;c__Verrucomicrobiae;o__Verrucomicrobiales;f__Akkermansiaceae;g__Akkermansia;s__Akkermansia_muciniphila	k__Bacteria;p__Bacteroidetes;c__Bacteroidia;o__Bacteroidales;f__Prevotellaceae;g__Paraprevotella;s__Paraprevotella_xylaniphila	k__Bacteria;p__Firmicutes;c__Clostridia;o__Clostridiales;f__Ruminococcaceae;g__Ruminococcus;s__Ruminococcus_callidus	k__Bacteria;p__Bacteroidetes;c__Bacteroidia;o__Bacteroidales;f__Rikenellaceae;g__Alistipes;s__Alistipes_senegalensis	k__Bacteria;p__Firmicutes;c__Clostridia;o__Clostridiales;f__Lachnospiraceae;g__Blautia;s__Blautia_sp._KLE_1732	k__Bacteria;p__Bacteroidetes;c__Bacteroidia;o__Bacteroidales;f__Bacteroidaceae;g__Bacteroides;s__Bacteroides_oleiciplenus	k__Bacteria;p__Firmicutes;c__Clostridia;o__Clostridiales;f__Ruminococcaceae;g__Ruminococcus;s__Ruminococcus_bicirculans	k__Bacteria;p__Bacteroidetes;c__Bacteroidia;o__Bacteroidales;f__Bacteroidaceae;g__Bacteroides;s__Bacteroides_fluxus	k__Bacteria;p__Bacteroidetes;c__Bacteroidia;o__Bacteroidales;f__Prevotellaceae;g__Prevotella;s__Prevotella_stercorea	k__Bacteria;p__Firmicutes;c__Clostridia;o__Clostridiales;f__Lachnospiraceae;g__Dorea;s__Dorea_longicatena	k__Bacteria;p__Firmicutes;c__Clostridia;o__Clostridiales;f__Eubacteriaceae;g__Eubacterium;s__[Eubacterium]_eligens	k__Bacteria;p__Firmicutes;c__Clostridia;o__Clostridiales;f__Ruminococcaceae;g__;s__Ruminococcaceae_bacterium_D16	k__Bacteria;p__Firmicutes;c__Clostridia;o__Clostridiales;f__Lachnospiraceae;g__Coprococcus;s__Coprococcus_comes	k__Bacteria;p__Proteobacteria;c__Gammaproteobacteria;o__Enterobacterales;f__Enterobacteriaceae;g__Escherichia;s__Escherichia_coli	k__Bacteria;p__Firmicutes;c__Clostridia;o__Clostridiales;f__Ruminococcaceae;g__Anaerotruncus;s__Anaerotruncus_colihominis	k__Bacteria;p__Firmicutes;c__Clostridia;o__Clostridiales;f__Lachnospiraceae;g__Blautia;s__Blautia_obeum	k__Bacteria;p__Bacteroidetes;c__Bacteroidia;o__Bacteroidales;f__Odoribacteraceae;g__Odoribacter;s__Odoribacter_laneus	k__Bacteria;p__Firmicutes;c__Clostridia;o__Clostridiales;f__Ruminococcaceae;g__Ruminiclostridium;s__[Clostridium]_leptum	k__Bacteria;p__Bacteroidetes;c__Bacteroidia;o__Bacteroidales;f__Porphyromonadaceae;g__Parabacteroides;s__Parabacteroides_goldsteinii	k__Bacteria;p__Firmicutes;c__Clostridia;o__Clostridiales;f__Lachnospiraceae;g__Anaerostipes;s__Anaerostipes_hadrus	k__Bacteria;p__Firmicutes;c__Clostridia;o__Clostridiales;f__Ruminococcaceae;g__Ruminococcus;s__Ruminococcus_lactaris	k__Bacteria;p__Firmicutes;c__Clostridia;o__Clostridiales;f__Clostridiaceae;g__Clostridium;s__Clostridium_sp._L2-50	k__Bacteria;p__Firmicutes;c__Clostridia;o__Clostridiales;f__Clostridiaceae;g__Clostridium;s__Clostridium_sp._M62/1	k__Bacteria;p__Firmicutes;c__Clostridia;o__Clostridiales;f__;g__Intestinimonas;s__Intestinimonas_butyriciproducens	k__Bacteria;p__Actinobacteria;c__Actinobacteria;o__Bifidobacteriales;f__Bifidobacteriaceae;g__Bifidobacterium;s__Bifidobacterium_bifidum	k__Bacteria;p__Firmicutes;c__Negativicutes;o__Veillonellales;f__Veillonellaceae;g__Dialister;s__Dialister_invisus	k__Bacteria;p__Bacteroidetes;c__Bacteroidia;o__Bacteroidales;f__Bacteroidaceae;g__Bacteroides;s__Bacteroides_salanitronis
k__Bacteria;p__Bacteroidetes;c__Bacteroidia;o__Bacteroidales;f__Bacteroidaceae;g__Bacteroides;s__Bacteroides_vulgatus	1.0	0.0259598078837	-0.00742453488601	-0.0458159727294	-0.000177787259934	0.0174619353047	-0.0143182034672	-0.0594566110709	-0.0138686893235	-0.0818983624569	0.0390562951841	0.0217194376504	-0.05517647805	0.0155185399302	-0.0164598758707	0.0131100454085	-0.000458031221869	-0.00977044133637	-0.0124019486452	-0.0359225382185	-0.00263121545077	0.00982798450739	-0.00392200579761	-0.0149589097128	-0.0285028906102	-0.0169735523184	0.0228882791657	0.0182021517454	-0.0575341279584	0.0953986969071	0.00779689472798	0.0137879683639	-0.00967364580262	-0.0111400699866	0.00608911134357	0.0186935163356	-0.00999287095434	0.0135404379878	0.0026434847466	-0.0781330744821	-0.0584024729338	-0.0349759492872	-0.0232933389611	0.0195732040209	-0.0220096211986	-0.0316955931983	-0.0312236320962	-0.0077831856499	0.0236055918041	-0.0481067814498	-0.00271780565569	-0.00441930042224	-0.0533858784105	-0.0264352026157	-0.0507020291609	-0.0431718787421	-0.0687894984722	0.00375919402195	0.00408065262862
k__Bacteria;p__Bacteroidetes;c__Bacteroidia;o__Bacteroidales;f__Bacteroidaceae;g__Bacteroides;s__Bacteroides_uniformis	0.0259598078837	1.0	0.0434543370187	-0.00230144151509	-0.00441959945665	-0.0121556224968	0.0232750278305	-0.00721666310471	0.0179146149839	-0.0131739227501	0.0782030435094	0.0415455824872	-0.0551898694028	0.0257565715858	0.0567666300108	-0.0741383395807	-0.0288541445475	0.0421496791636	0.00190143250865	-0.0385737087767	0.0236558077665	0.0300766340925	-0.018479047755	-0.0191944575782	-0.0589982806199	-0.0567534458105	-0.00348087963962	-0.0153516642738	-0.0308464349045	-0.01943758841	-0.0223251920683	-0.0655418271485	-0.0116678143097	-0.0252852068743	0.0264245692026	-0.0217923113548	0.0172904299889	0.00512017270504	0.0264776580908	-0.00814822418453	-0.0215778167836	0.046865361763	-0.0262959779023	-0.0106489921212	-0.0451406383387	-0.0166753717428	-0.00743736492424	0.0522765909835	-0.0120696233214	-0.0321986637746	-0.0588138469198	-0.0147780300848	0.0213786999076	0.000105004594334	-0.0519709008221	-0.0030978082343	-0.0295723508102	0.0124249983577	-0.0256951958544
k__Bacteria;p__Bacteroidetes;c__Bacteroidia;o__Bacteroidales;f__Rikenellaceae;g__Alistipes;s__Alistipes_putredinis	-0.00742453488601	0.0434543370187	1.0	0.0343250979894	-0.00342481030545	0.0131506233691	-0.00348210484542	-0.00936161932843	-0.0323037012793	-0.0184539509169	-0.0185339558038	0.0256900856519	-0.0419688224972	-0.054265780591	-0.00826612196325	-0.0300092943218	0.0328656222287	0.00371015232732	-0.0259228699169	0.0159601140992	-0.0417940735473	-0.000127975109071	-0.0587310030148	-0.0453754725123	-0.00303227469156	0.0212814133619	0.0289035727698	-0.0612676012551	0.00605836346895	0.0278940450808	-0.0148434875755	0.00853403226541	-0.0308095119907	-0.0160019514526	-0.0244709101687	0.057659534955	-0.0319295341378	0.0233027138551	0.0456847690958	0.0270900242347	-0.0427334275333	0.0631496551336	-0.0389897355504	-0.0622328899069	-0.0579905385604	-0.0365344368461	-0.00930771868634	-0.0464283471236	0.022844336674	-0.0495125710819	-0.00212388654661	0.0242513136672	0.0700424447614	0.0504955578643	-0.114998612089	-0.00343478536669	-0.0571962470316	-0.012831709125	0.0293016192636
k__Bacteria;p__Bacteroidetes;c__Bacteroidia;o__Bacteroidales;f__Prevotellaceae;g__Prevotella;s__Prevotella_copri	-0.0458159727294	-0.00230144151509	0.0343250979894	1.0	0.0346008336287	0.0264471183432	-0.0235373136037	0.0689683884626	0.000727337991286	0.0078904155483	-0.015638513515	0.00381318231648	0.0117900757177	0.0112747449211	-0.0564247343493	0.0193088124497	-0.0317727294996	0.0154475124629	-0.0106800173534	-0.0265941360664	0.012376607003	-0.0812826183694	0.00612388330319	-0.0311894740363	-0.0683992328251	-0.0216319339984	-0.0141243242371	-0.0169038942912	-0.0434564756429	-0.0471917847051	-0.0188610415529	-0.0459211707592	-0.0304516626261	-0.0109982778751	-0.0384329217105	0.0169835947468	0.0120959465323	0.0515756444304	0.0141976769348	0.0255751934311	-0.0228561617952	-0.00600108888675	0.00975046704768	0.0736803051597	0.00234747310807	0.0205272459864	0.000249823744167	0.00990319609115	-0.0156220684097	-0.00964275246101	-0.0162930391887	0.0129185753523	-0.00101444750962	-0.0263124827994	0.00195632538928	-0.0201011820273	0.0358722294073	0.0415375540139	0.00956253554021
k__Bacteria;p__Bacteroidetes;c__Bacteroidia;o__Bacteroidales;f__Bacteroidaceae;g__Bacteroides;s__Bacteroides_stercoris	-0.000177787259934	-0.00441959945665	-0.00342481030545	0.0346008336287	1.0	-0.00220655603539	0.0061368509526	-0.0204978323871	-0.0404385284856	0.0089194666528	0.0175953514516	-0.0839942227125	0.0277417730135	-0.00317145758394	0.0396303832016	-0.0160492474509	-0.064245052302	0.0214177098999	-0.0875024809593	0.00441196106936	-0.0451340291398	-0.0389099882106	-0.0749531335382	0.0142202784741	0.0248656348364	-0.0216372403913	0.00143066504009	-0.010422853125	0.0138421589401	0.0433186272794	0.00710494816825	0.00119889406666	0.0168021272463	-0.0689629668102	0.0182952326357	0.0175189087746	0.0216231823274	-0.0692005949833	0.0640170124171	0.0146852980272	-0.0171540429892	-0.0290420878203	-0.011668173157	-0.0476043678535	0.0410918665018	0.0117750427708	-0.0156095922182	-0.00426577617681	-0.0378152244153	0.0136264499476	-0.00346812418486	0.0123083965323	-0.088569564437	0.0345055254163	0.00565410648465	0.0183684221189	0.0127174309013	-0.00574829218376	-0.0125943530995
k__Bacteria;p__Bacteroidetes;c__Bacteroidia;o__Bacteroidales;f__Bacteroidaceae;g__Bacteroides;s__Bacteroides_ovatus	0.0174619353047	-0.0121556224968	0.0131506233691	0.0264471183432	-0.00220655603539	1.0	0.0180175192254	0.00642721519176	0.0161988683678	0.0178907428511	0.0135085946754	-0.0267840815575	0.023932798059	-0.0498497102882	0.00457803531607	0.00229312734795	0.00656859125053	0.0249289157607	-0.0676060723535	0.0388975604942	0.0483959828861	-0.0148234006581	0.000835722486741	0.0276285940149	-0.0713020319787	-0.0224218032399	0.0375680393031	0.0409587211183	-0.0628670845436	-0.00258546027744	-0.0162423388203	-0.0660829235011	-0.0197496214887	0.0310632597747	0.0213034759636	-0.03766584694	-0.0343236002943	-0.00790103598711	-0.0107632484652	-0.0751657974987	-0.00144406663756	0.0271331214072	-0.0112379044339	0.028228938468	0.0172505278441	-0.00969109603749	-0.028738694952	0.00930350564652	-0.0286347094088	-0.015001446449	-0.0543638592389	-0.0340106188656	0.00522307515195	-0.00522733398048	0.0452511497762	-0.013653631442	0.0154958747594	-0.0097972735239	0.0168488024699
k__Bacteria;p__Bacteroidetes;c__Bacteroidia;o__Bacteroidales;f__Rikenellaceae;g__Alistipes;s__Alistipes_shahii	-0.0143182034672	0.0232750278305	-0.00348210484542	-0.0235373136037	0.00613685095259	0.0180175192254	1.0	0.0153792615703	-0.0413195318185	-0.019015308075	-0.0359302585538	-0.027904694969	0.042254339767	0.0048052112368	-0.0357946394795	0.0259408613833	0.00175991010972	-0.0454884017544	-0.00233064729672	0.0315445095318	-0.0702246799742	-0.0480572950659	-0.0273568414191	-0.0206392425539	0.0369090628094	0.0307148761366	-0.0179428735132	-0.0351160223308	0.014097425105	-0.0644018487753	0.00939770184984	-0.0443393363656	-0.0283920251354	-0.0290830697826	0.0113711249198	-0.0136482881857	0.0454792117876	0.0443925499244	0.00583724703918	0.0108888042027	0.0301200414967	0.00276249997302	-0.0446869666776	-0.012018844304	-0.0260871915954	-0.0786698180225	0.0150707784921	0.00280886055559	-0.0800862370139	0.0222895737734	-0.0135190642351	-0.0158997428103	0.0405041370374	0.0251077420337	-0.0263035270504	-0.0101169753355	-0.0481613473314	-0.00859501605816	0.0130177280225
k__Bacteria;p__Firmicutes;c__Clostridia;o__Clostridiales;f__Ruminococcaceae;g__Faecalibacterium;s__Faecalibacterium_prausnitzii	-0.0594566110709	-0.00721666310471	-0.00936161932843	0.0689683884626	-0.0204978323871	0.00642721519176	0.0153792615703	1.0	0.0203299149382	0.0129485510524	-0.00601300899418	-0.069910032957	-0.00834790725302	-0.00523581778577	-0.0163705854989	-0.0126179569145	0.0332761502694	-0.0257443464832	-0.013341541769	-0.0124967838085	-0.0583464123833	0.0212333099967	-0.00824275143915	0.0241961791984	0.0548217182869	0.0295723133991	-0.00697302727776	0.0449968611139	-0.0212981977739	-0.0253944400369	-0.0737014541589	0.00438036033692	0.0473846629768	-0.050626969077	-0.040407740143	-0.0228399130187	0.0164212790032	-0.0227211549274	-0.0489671563335	-0.0455421959066	0.00215857787177	-0.0247317649673	-0.0464507003559	0.022113402941	-0.0429412642135	-0.0155043285442	-0.0263882426948	0.0231456946377	0.0516403581554	-0.0199864677613	0.0568720380052	-0.0745848780697	-0.010810527702	-0.0572656191764	0.09399708075	0.0193653259184	0.0229618352773	-0.0943205131625	-0.0206870200747
k__Bacteria;p__Bacteroidetes;c__Bacteroidia;o__Bacteroidales;f__Rikenellaceae;g__Alistipes;s__Alistipes_finegoldii	-0.0138686893235	0.0179146149839	-0.0323037012793	0.000727337991286	-0.0404385284856	0.0161988683678	-0.0413195318185	0.0203299149382	1.0	0.0516771552481	-0.0426151586071	-0.0609924098556	0.0375408996034	-0.0121256429998	-0.0689014146751	0.0388202323295	0.0377009085948	0.0352649778139	-0.00437113652372	0.00654192479724	-0.0183978736719	0.00255769825566	0.01169525971	0.00918988902316	-0.0373611434751	0.00767747966513	0.00572100223138	0.0169868358828	0.000245153323608	-0.0377869390619	-0.0197305237673	-0.0177226249483	0.0270066406342	-2.79048661232e-05	-0.0413441856515	0.0193636366742	-0.0161535008398	-0.012431716526	-0.0366674043095	-0.0102556400121	0.0262006398606	-0.0137370800035	-0.00430260688175	0.00717929342729	-0.0243598498622	0.0335085286533	0.0311953426956	0.0199312243442	-0.032895768386	-0.0109584102733	-0.0454962625616	0.0642899968603	0.0273147283267	0.00356314501143	-0.00177962635358	0.0658737622499	-0.0120987662138	0.0065574575641	-0.0273102832889
k__Bacteria;p__Bacteroidetes;c__Bacteroidia;o__Bacteroidales;f__Porphyromonadaceae;g__Parabacteroides;s__Parabacteroides_distasonis	-0.0818983624569	-0.0131739227501	-0.0184539509169	0.0078904155483	0.0089194666528	0.0178907428511	-0.019015308075	0.0129485510524	0.0516771552481	1.0	-0.00922194787623	0.0121416022616	0.0413715333312	-0.0483940490382	0.0336444058457	0.034281262513	0.00547582592102	0.0331646778179	-0.0225674868077	0.0401145487164	-0.0453624663567	-0.0453492807315	-0.0306755387606	0.0183851861219	0.026076814854	-0.0691449126025	0.00384025625941	0.0021331513831	-0.0166413319112	-0.0292843187463	-0.0692872841936	-0.0194706195527	0.0188305843234	-0.00413275670175	-0.02221332943	-0.00482169123193	0.0387604396633	-0.00516914346355	-0.0401594904511	-0.00222820973317	-0.00591656881916	-0.00208661664269	-0.0290827604745	0.0365628636111	-0.0144458811812	-0.0148816941785	0.00679391594745	0.0552814981181	0.0155994419656	-0.0124695125364	-0.0206720791752	-0.043464550417	-0.0401535701125	-0.0222077320736	0.0624602553335	-0.0715001866292	-0.0176234302689	-0.0450325288857	0.0156435557454
k__Bacteria;p__Bacteroidetes;c__Bacteroidia;o__Bacteroidales;f__Bacteroidaceae;g__Bacteroides;s__Bacteroides_thetaiotaomicron	0.0390562951841	0.0782030435094	-0.0185339558038	-0.015638513515	0.0175953514516	0.0135085946754	-0.0359302585538	-0.00601300899418	-0.0426151586071	-0.00922194787623	1.0	-0.0381562149292	-0.00706694193799	-0.034039022106	-0.00675785887878	-0.0251804760889	-0.00139298191597	-0.0122090907309	0.0388959441381	-0.0445181328731	0.0156451718413	-0.0420039018574	0.0344996286367	0.0165775571926	-0.00723296458664	-0.0601032204575	0.0188422881652	-0.0221386409943	0.0201522026201	-0.032005702165	0.0348295398845	-0.0217108268758	-0.00807469545293	0.0202402799034	0.0685023199667	0.0474393657992	0.0506952892476	-0.00480066598482	0.0605390793332	-0.0574634429997	-0.0310923699455	0.0113302854968	-0.0156313251292	-0.0402331411404	-0.0324062398623	0.0184092712141	-0.0306472212359	-0.00158654227969	-0.012891133659	0.0032191991045	0.0101102109211	-0.0265417676556	-0.0355999259235	-0.0341393474963	0.0110176015578	-0.0201565071644	0.0019848132624	-0.0262594238838	-0.0489279138908
k__Bacteria;p__Bacteroidetes;c__Bacteroidia;o__Bacteroidales;f__Bacteroidaceae;g__Bacteroides;s__Bacteroides_coprocola	0.0217194376504	0.0415455824872	0.0256900856519	0.00381318231648	-0.0839942227125	-0.0267840815575	-0.027904694969	-0.069910032957	-0.0609924098556	0.0121416022616	-0.0381562149292	1.0	-0.0209289554956	0.0438015479932	0.0412530807179	0.0200968446057	0.00877751060421	0.0620659057536	0.0435988211974	-0.00498485973851	-0.0634014016779	0.00500911963806	0.0677135446297	0.0151007801727	0.0386331910165	0.0100277508071	0.0571290817699	-0.0395271965696	0.0130029821093	0.0377613120482	-0.0234003115621	-0.0500305816783	-0.0383728558874	-0.0145508869223	0.0641557112361	-0.0166680405342	0.0148263000987	0.0275042947519	0.00463708662589	-0.0112220172743	-0.0273901563828	0.00203311162997	0.0220686014775	-0.0265740296644	-0.0270902979218	-0.0109525690867	-0.00780851325982	-0.0227990782279	0.0109545221421	-0.0328481558786	0.0138496034845	-0.0163959477098	-0.00578305526367	0.0104674545628	0.00503108133212	-0.0393513609835	-0.0486828588419	-0.0198905058054	-0.0416974527933
k__Bacteria;p__Bacteroidetes;c__Bacteroidia;o__Bacteroidales;f__Bacteroidaceae;g__Bacteroides;s__Bacteroides_cellulosilyticus	-0.05517647805	-0.0551898694028	-0.0419688224972	0.0117900757177	0.0277417730135	0.023932798059	0.042254339767	-0.00834790725302	0.0375408996034	0.0413715333312	-0.00706694193799	-0.0209289554956	1.0	-0.0511530107944	0.0212240028727	-0.0471250339883	0.0109890181098	0.0379080512295	-0.0615918602397	0.0260558992089	-0.0328415090112	-0.0116047741716	-0.00164042747774	0.011703120662	0.00609775405607	-0.0408553404558	0.0228677752725	0.044588277185	0.0310354396732	0.0347174348212	-0.0173364342892	-0.0555230741818	-0.0402688872092	-0.0155263517691	-0.0337893534405	0.0232288509865	-0.0141220405926	0.0553601693208	0.0811334809342	-0.00198236002423	-0.00873849470785	-0.0301589954515	0.0264393076787	0.00840525795294	-0.00149295682603	0.00887513686421	-0.0579036268879	-0.059770027344	-0.0692542687303	0.0273395035856	0.0446215934898	0.0163626670014	0.00386235841246	-0.0154233735859	-0.0121390400052	-0.0162918437137	0.0521710415697	0.00409795867486	0.0358564696873
k__Bacteria;p__Bacteroidetes;c__Bacteroidia;o__Bacteroidales;f__Rikenellaceae;g__Alistipes;s__Alistipes_obesi	0.0155185399302	0.0257565715858	-0.054265780591	0.0112747449211	-0.00317145758394	-0.0498497102882	0.0048052112368	-0.00523581778577	-0.0121256429998	-0.0483940490382	-0.034039022106	0.0438015479932	-0.0511530107944	1.0	0.0156931846138	-0.0297105095232	0.015726835745	-0.0590442889979	0.024606505024	-0.00886161089533	-0.00441893546971	-0.0165183921008	0.0202453116003	-0.0164633713334	-0.0111164284616	0.0684253335785	-0.0451755462164	-0.0224055210607	0.0239054028548	0.01214098443	0.0173490407206	-0.0235118594987	-0.0670404307739	0.0152621422287	-0.0498239994177	-0.0173948967553	-0.0212536935181	-0.0750608877724	0.0162176909624	0.0248243690994	0.0615043995257	0.00887530286377	-0.0331942251461	0.0321016611393	0.0234650700365	-0.0316894360327	0.00225522638097	-0.0893544550185	0.0510183774742	0.0422673268755	-0.0222335406357	-0.000634320922069	0.0274725351119	-0.0862706110896	-0.015511963611	-0.0440942843956	0.00293631909903	0.00320586876851	-0.0210395562971
k__Bacteria;p__Firmicutes;c__Clostridia;o__Clostridiales;f__Lachnospiraceae;g__;s__[Eubacterium]_rectale	-0.0164598758707	0.0567666300108	-0.00826612196325	-0.0564247343493	0.0396303832016	0.00457803531607	-0.0357946394795	-0.0163705854989	-0.0689014146751	0.0336444058457	-0.00675785887878	0.0412530807179	0.0212240028727	0.0156931846138	1.0	-0.00866613647011	-0.00147584604287	-0.0307182813515	-0.0349223965815	-0.0412615479989	-0.0240925905582	0.0186951264451	0.0282507305011	-0.014446084676	-0.0143019102713	-0.0407302311146	0.00216444800186	-0.040392080481	0.0772111334208	0.0505545356446	0.0655619155616	-0.0124609459843	0.0231481028222	0.0113268282336	-0.0443883099853	0.0179261025887	0.0256532848884	0.0132123874967	-0.0141981061961	-0.0163236801599	-0.0199410032222	-0.0501511968815	-0.0948053298423	-0.0620175478462	0.00270883401949	0.00536009307662	-0.00983536104961	-0.0169020012984	0.0190281690103	0.00420747034321	0.0331592734502	-0.0367914683076	-0.0326283079859	-0.0339072928627	0.0229884912498	-0.0304677510209	-0.00765452669154	-0.038962726643	0.0162885794031
k__Bacteria;p__Bacteroidetes;c__Bacteroidia;o__Bacteroidales;f__Bacteroidaceae;g__Bacteroides;s__Bacteroides_plebeius	0.0131100454085	-0.0741383395807	-0.0300092943218	0.0193088124497	-0.0160492474509	0.00229312734795	0.0259408613833	-0.0126179569145	0.0388202323295	0.034281262513	-0.0251804760889	0.0200968446057	-0.0471250339883	-0.0297105095232	-0.00866613647011	1.0	0.0820590626403	-0.0209912151604	-0.0083714269918	-0.0276090818275	0.0316734925943	-0.00722303289987	-0.0239967016018	-0.01891476794	-0.0116014005591	0.0365857466393	-0.0100984333268	0.0537669196088	-0.0720472421978	-0.0629712532458	-0.0318777060055	-0.000563867473649	-0.0467125148587	-0.00620712557038	-0.000505504969244	-0.039118106632	0.0240619352851	0.0107670279492	-0.00447708729495	-0.0434988364894	-0.0287283359872	-0.0695713047057	0.0417552246515	-0.0626806787982	-0.0424867949416	-0.0438679586482	0.0490273057193	0.0299544975139	-0.0594019082037	0.0327141415694	-0.0139764563853	-0.0252800166711	-0.0247021429562	-0.0308357641584	0.0859816667327	-0.0427708204397	0.0385882207396	-0.000372490083916	-0.00283962646749
k__Bacteria;p__Bacteroidetes;c__Bacteroidia;o__Bacteroidales;f__Bacteroidaceae;g__Bacteroides;s__Bacteroides_fragilis	-0.000458031221869	-0.0288541445475	0.0328656222287	-0.0317727294996	-0.064245052302	0.00656859125053	0.00175991010972	0.0332761502694	0.0377009085948	0.00547582592102	-0.00139298191597	0.00877751060421	0.0109890181098	0.015726835745	-0.00147584604287	0.0820590626403	1.0	-0.0474965544929	-0.0214404143846	0.0253122148041	0.104270607938	0.0450444285183	0.00163447266782	-0.00687723297298	-0.0324234992121	-0.0358984331878	0.0242387128472	0.00330380706013	-0.0196927283628	0.00504730047569	0.0301603360171	0.00485750194838	-0.025136886707	-0.00699760751231	-0.0523425650561	-0.0131203399066	0.0332877241396	0.0163885888151	-0.0726586866885	0.0113054886023	-0.0897579523896	-0.044543497928	0.0224223545717	-0.0349941203011	-0.0295191624665	-0.0164485790368	-0.0278346720114	-0.0119434070005	-0.0160693275077	0.0113811817737	-0.00275438253552	0.00625213953692	-0.0438040550999	0.0336758523038	-0.029723768938	0.0363655187273	-0.0588525535848	-0.0424406355815	0.0219702805296
k__Bacteria;p__Proteobacteria;c__Betaproteobacteria;o__Burkholderiales;f__Sutterellaceae;g__Sutterella;s__Sutterella_wadsworthensis	-0.00977044133637	0.0421496791636	0.00371015232732	0.0154475124629	0.0214177098999	0.0249289157607	-0.0454884017544	-0.0257443464832	0.0352649778139	0.0331646778179	-0.0122090907309	0.0620659057536	0.0379080512295	-0.0590442889979	-0.0307182813515	-0.0209912151604	-0.0474965544929	1.0	0.042423514761	-0.00918890074962	-0.0202536765417	-0.00220109155667	0.0151928638218	-0.0171808893319	0.0291105019523	-0.0180189273737	-0.0273035373948	-0.0779423016718	-0.0557939589781	0.0144639697374	-0.017447879218	-0.0129004928427	-0.0519067290755	0.0178393220753	0.000530504676508	0.00385600789601	-0.0392775374275	-0.0572245744511	-0.020526252532	-0.0115984397763	-0.0286891734662	-0.00878276418561	-0.0181608967035	0.0243242830953	-0.0272029628188	0.0317506496434	-0.0547835370988	0.00444839042777	0.0117129398619	0.0185317324601	-0.047697496789	0.0269862112555	0.0136906638842	-0.031860041427	0.0117016584206	-0.000723496949688	0.00634975805082	0.0187654170129	-0.00765866051408
k__Bacteria;p__Bacteroidetes;c__Bacteroidia;o__Bacteroidales;f__Porphyromonadaceae;g__Barnesiella;s__Barnesiella_intestinihominis	-0.0124019486452	0.00190143250865	-0.0259228699169	-0.0106800173534	-0.0875024809593	-0.0676060723535	-0.00233064729672	-0.013341541769	-0.00437113652372	-0.0225674868077	0.0388959441381	0.0435988211974	-0.0615918602397	0.024606505024	-0.0349223965815	-0.0083714269918	-0.0214404143846	0.042423514761	1.0	-0.000170451317152	0.0127400869432	-0.0621694809681	-0.0663572358683	0.00113389268919	-0.0256652744234	-0.0523818392602	0.0346157609494	-0.0977392600702	-0.00979171474697	-0.0357249195127	-0.0482191523187	-0.0197114892288	-0.0345953571884	0.0183831660781	-0.0524392171208	-0.0478728891216	0.0153606564084	0.050980511205	-0.0132902246196	0.0490468759065	-0.00917269817262	0.059537338951	-0.0456096170877	0.031005473203	-0.0324679208735	-0.0593772253166	-0.030853788271	-0.0158045547292	0.0101195223906	0.0423874567189	0.0538532382328	0.0270530997731	0.0178284612251	-0.0255096770636	0.0138412516278	-0.0169704874588	0.00918776791573	0.0134461583243	0.00798539011382
k__Bacteria;p__Bacteroidetes;c__Bacteroidia;o__Bacteroidales;f__Odoribacteraceae;g__Odoribacter;s__Odoribacter_splanchnicus	-0.0359225382185	-0.0385737087767	0.0159601140992	-0.0265941360664	0.00441196106936	0.0388975604942	0.0315445095318	-0.0124967838085	0.00654192479724	0.0401145487164	-0.0445181328731	-0.00498485973851	0.0260558992089	-0.00886161089533	-0.0412615479989	-0.0276090818275	0.0253122148041	-0.00918890074962	-0.000170451317152	1.0	-0.0318001130151	-0.0293600404348	0.000183943251705	-0.0155453664935	0.0306281167022	-0.00468506128379	-0.0209323631255	0.0583763731384	-0.0138428448926	0.0195453267979	0.0308247791468	-0.0652792058454	0.0472006991441	-0.00577390953427	-0.0328487659456	-0.0167246961764	-0.0303339525065	0.0353612453136	0.0185197712796	-0.0727037831229	-0.0164796168991	-0.0194954730546	-0.00124334267396	-0.0073747282508	-0.000926652714302	-0.0175917261624	-0.00935355196653	-0.00597795505979	0.030069563215	0.00398810320793	-0.036106207644	-0.021768467221	-0.0760287532271	0.0443531816437	-0.00724863250377	0.0502501120506	0.0141011778359	-0.10466957609	-0.000156548654282
k__Bacteria;p__Bacteroidetes;c__Bacteroidia;o__Bacteroidales;f__Bacteroidaceae;g__Bacteroides;s__Bacteroides_salyersiae	-0.00263121545077	0.0236558077665	-0.0417940735473	0.012376607003	-0.0451340291398	0.0483959828861	-0.0702246799742	-0.0583464123833	-0.0183978736719	-0.0453624663567	0.0156451718413	-0.0634014016779	-0.0328415090112	-0.00441893546971	-0.0240925905582	0.0316734925943	0.104270607938	-0.0202536765417	0.0127400869432	-0.0318001130151	1.0	-0.0332738343279	0.0390265965049	0.0104159942699	0.0116318269201	-0.0502931622742	-0.0279659768776	-0.0440798330493	-0.0346479270668	0.027542674977	-0.0455645219886	-0.023311712095	0.0121469781582	0.0452707544489	0.01791357861	-0.031017902411	0.0203601086813	-0.0201485565818	-0.0183115222742	0.0393107430253	0.0213796110094	-0.037477021497	-0.0284163672287	0.0768572027943	0.0401010349342	0.0272676614967	-0.00435943629386	-0.027727296575	-0.00536964828132	-0.0429174027466	0.03439808893	0.0154336888156	-0.0218527403275	0.00637455462889	0.00823941175202	0.0500181478473	0.0154536649452	0.0416908783731	0.0114339752469
k__Bacteria;p__Firmicutes;c__Clostridia;o__Clostridiales;f__Ruminococcaceae;g__Ruminiclostridium;s__[Eubacterium]_siraeum	0.00982798450739	0.0300766340925	-0.000127975109071	-0.0812826183694	-0.0389099882106	-0.0148234006581	-0.0480572950659	0.0212333099967	0.00255769825566	-0.0453492807315	-0.0420039018574	0.00500911963806	-0.0116047741716	-0.0165183921008	0.0186951264451	-0.00722303289987	0.0450444285183	-0.00220109155667	-0.0621694809681	-0.0293600404348	-0.0332738343279	1.0	0.0303528740823	0.00702455833677	-0.0170003372433	-0.0383747326259	-0.023292813022	0.0159440346226	0.00574392055678	-0.013480091265	0.0189703939538	-0.0180398157051	-0.0372512168283	0.0527430911123	-0.0373447863439	-0.0658440652787	-0.0319494911256	-0.0447099262213	0.00772045407432	-0.0186618413765	-0.0408586802908	0.00795576054413	-0.0497300761066	0.0142311111949	-0.0141613711213	-0.0357570099946	-0.0309999854231	0.00405405710237	-0.00975250534067	0.0103703609479	0.00979868628404	0.0482150574168	-0.0169606447348	0.0241133419795	-0.0325426878878	0.0290050645917	0.044734535812	0.0427568498663	-0.0187458810001
k__Bacteria;p__Proteobacteria;c__Betaproteobacteria;o__Burkholderiales;f__Sutterellaceae;g__Parasutterella;s__Parasutterella_excrementihominis	-0.00392200579761	-0.018479047755	-0.0587310030148	0.00612388330319	-0.0749531335382	0.000835722486741	-0.0273568414191	-0.00824275143915	0.01169525971	-0.0306755387606	0.0344996286367	0.0677135446297	-0.00164042747774	0.0202453116003	0.0282507305011	-0.0239967016018	0.00163447266782	0.0151928638218	-0.0663572358683	0.000183943251705	0.0390265965049	0.0303528740823	1.0	0.0145098840645	-0.0525868989367	0.0238238936852	-0.0180903152794	0.0489080985059	-0.00675081142882	-0.0336640714959	-0.0714549141806	-0.00125459833687	-0.00288264127245	-0.0529645959449	-0.0603705506221	0.0880609156749	-0.0523995274158	-0.0207743723426	-0.0474643592527	0.00538210535619	-0.0561815956103	0.000213810495444	0.0397128928075	0.057721979069	-0.0141443056108	-0.0349733737827	-0.0496490631114	-0.0109014580995	-0.0326631103861	0.0140243222338	-0.0297590500022	0.0422636651023	-0.0226430462765	-0.0222407622275	-0.0546344555935	0.00183361819063	0.0153287694781	0.0576879818771	-0.0574832901759
k__Bacteria;p__Actinobacteria;c__Actinobacteria;o__Bifidobacteriales;f__Bifidobacteriaceae;g__Bifidobacterium;s__Bifidobacterium_adolescentis	-0.0149589097128	-0.0191944575782	-0.0453754725123	-0.0311894740363	0.0142202784741	0.0276285940149	-0.0206392425539	0.0241961791984	0.00918988902316	0.0183851861219	0.0165775571926	0.0151007801727	0.011703120662	-0.0164633713334	-0.014446084676	-0.01891476794	-0.00687723297298	-0.0171808893319	0.00113389268919	-0.0155453664935	0.0104159942699	0.00702455833677	0.0145098840645	1.0	-0.0334362489569	0.0441619917986	0.0272197890425	-0.0012280030119	0.00179464395186	0.0524583901861	-0.0900349827277	-0.0189785988007	0.00241987746352	0.0317425804403	-0.05061443563	0.00267020015049	-0.00825643333456	-0.0245081539328	0.0166527491317	-0.0463447826532	0.0328160454669	0.0146554567498	-0.0743908574183	-0.0101060615574	9.766212026e-05	-0.0511318112337	0.0153809831544	-0.00420524335075	-0.0476215165892	-0.0219965468471	0.0192463893596	-0.0351394004186	-0.0422218107013	0.0154205855991	-0.0319776715211	0.0280565575187	-0.0114570709693	0.013487393428	0.0120498977167
k__Bacteria;p__Firmicutes;c__Clostridia;o__Clostridiales;f__Oscillospiraceae;g__Oscillibacter;s__Oscillibacter_sp._KLE_1745	-0.0285028906102	-0.0589982806199	-0.00303227469156	-0.0683992328251	0.0248656348364	-0.0713020319787	0.0369090628094	0.0548217182869	-0.0373611434751	0.026076814854	-0.00723296458664	0.0386331910165	0.00609775405607	-0.0111164284616	-0.0143019102713	-0.0116014005591	-0.0324234992121	0.0291105019523	-0.0256652744234	0.0306281167022	0.0116318269201	-0.0170003372433	-0.0525868989367	-0.0334362489569	1.0	0.0322250574611	-0.0549198292063	0.013115868012	0.0132082043417	-0.0465535169098	-0.0277852073669	-0.00432995128904	-0.018428929855	-0.0265729557754	-0.0216011210436	-0.0331113221318	0.0139744578691	0.0252974695374	-0.0233487951615	0.00453656822727	0.0084279054267	0.0251851175948	-0.0402436972583	0.0373663899995	0.0537435730619	0.0410577326666	-0.0366967502178	0.00854260838982	0.00688957440263	0.00851712098796	-0.0139244812897	-0.0364969890624	-0.0341018981699	-0.0455088389129	0.0114584199613	0.0413702558499	-0.0277096211563	0.0339588950846	-0.0511287580653
k__Bacteria;p__Bacteroidetes;c__Bacteroidia;o__Bacteroidales;f__Bacteroidaceae;g__Bacteroides;s__Bacteroides_coprophilus	-0.0169735523184	-0.0567534458105	0.0212814133619	-0.0216319339984	-0.0216372403913	-0.0224218032399	0.0307148761366	0.0295723133991	0.00767747966513	-0.0691449126025	-0.0601032204575	0.0100277508071	-0.0408553404558	0.0684253335785	-0.0407302311146	0.0365857466393	-0.0358984331878	-0.0180189273737	-0.0523818392602	-0.00468506128379	-0.0502931622742	-0.0383747326259	0.0238238936852	0.0441619917986	0.0322250574611	1.0	0.0270392163833	-0.00700455121009	-0.0324787512918	-0.00962906153715	0.0267283045628	-0.00671603462715	0.0112683331198	-0.0373422462551	0.0515283318009	-0.0408557197495	-0.0224184536578	0.00891650376205	0.0113525844868	0.028355561475	0.0195472269386	-0.0087805617515	0.0323731263879	-0.012245455447	0.00267078642484	0.0150850417228	-0.0215983877386	-0.108303570296	-0.0160953648701	-0.0337569593832	-0.039872227818	-0.0721611421253	-0.00697749874045	0.0142229704946	0.031176282505	-0.0501788271569	-0.0585477332151	-0.0428689132365	-0.0570142750283
k__Bacteria;p__Firmicutes;c__Clostridia;o__Clostridiales;f__Lachnospiraceae;g__Roseburia;s__Roseburia_intestinalis	0.0228882791657	-0.00348087963962	0.0289035727698	-0.0141243242371	0.00143066504009	0.0375680393031	-0.0179428735132	-0.00697302727776	0.00572100223138	0.00384025625941	0.0188422881652	0.0571290817699	0.0228677752725	-0.0451755462164	0.00216444800186	-0.0100984333268	0.0242387128472	-0.0273035373948	0.0346157609494	-0.0209323631255	-0.0279659768776	-0.023292813022	-0.0180903152794	0.0272197890425	-0.0549198292063	0.0270392163833	1.0	-0.0136265571763	0.0242461013353	-0.025361419196	0.0289821019373	-0.0800860881007	0.0305406649269	-0.0355553806678	-0.0150171394912	0.0204434352914	0.0470044079846	-0.0110586237137	-0.0167310328596	-0.0593536070643	0.0123899318485	0.0564064305413	0.0429493761552	0.0237536923785	-0.0996983148739	-0.0206730442674	-0.017531624912	0.0238497365741	0.0151603075542	0.00857659867849	0.00590525816602	-0.0409798212955	-0.0793916176761	-0.0274634798716	-0.0334320441126	0.0181646076636	-0.0941300905291	0.0341115276511	-0.0262697212741
k__Bacteria;p__Firmicutes;c__Clostridia;o__Clostridiales;f__Lachnospiraceae;g__Roseburia;s__Roseburia_hominis	0.0182021517454	-0.0153516642738	-0.0612676012551	-0.0169038942912	-0.010422853125	0.0409587211183	-0.0351160223308	0.0449968611139	0.0169868358828	0.0021331513831	-0.0221386409943	-0.0395271965696	0.044588277185	-0.0224055210607	-0.040392080481	0.0537669196088	0.00330380706013	-0.0779423016718	-0.0977392600702	0.0583763731384	-0.0440798330493	0.0159440346226	0.0489080985059	-0.0012280030119	0.013115868012	-0.00700455121009	-0.0136265571763	1.0	-0.00837866310475	0.00690580795032	0.0192064980217	0.0477325232798	0.105177432534	0.00239111433192	-0.0386133118727	-0.00820097313514	-0.0467008856751	0.063994008996	-0.015936457321	0.00401848632217	-0.016429243459	-0.0305825147439	-0.0232554276336	-0.00925112996901	-0.00350199189153	0.0116995474877	-0.0212327863559	0.0366376991564	-0.0537928318409	0.0403524762954	-0.0125501986793	0.0200440565724	-0.0119232503971	-0.0180922761193	-0.0317904101586	0.00313324905577	-0.0243792235985	-0.0517631142006	-0.0497007975371
k__Bacteria;p__Bacteroidetes;c__Bacteroidia;o__Bacteroidales;f__Porphyromonadaceae;g__Parabacteroides;s__Parabacteroides_johnsonii	-0.0575341279584	-0.0308464349045	0.00605836346895	-0.0434564756429	0.0138421589401	-0.0628670845436	0.014097425105	-0.0212981977739	0.000245153323607	-0.0166413319112	0.0201522026201	0.0130029821093	0.0310354396732	0.0239054028548	0.0772111334208	-0.0720472421978	-0.0196927283628	-0.0557939589781	-0.00979171474697	-0.0138428448926	-0.0346479270668	0.00574392055678	-0.00675081142882	0.00179464395186	0.0132082043417	-0.0324787512918	0.0242461013353	-0.00837866310475	1.0	-0.00425803318285	-0.000111042578271	0.046440168705	0.0118572304947	0.00716813994858	-0.0188726208348	-0.0246841503728	0.0288584197598	-0.00948341961894	-0.0131655894365	0.0357548717706	0.0145244485821	0.0161042596393	0.0586978868118	-0.0485889133119	0.0233238639848	0.0307197880608	-0.0318290489296	-0.018079910675	-0.0159864059971	-0.00223306354262	-0.00836546847259	0.0289740086622	0.000227664623054	-4.09535128069e-05	-0.0471732087885	-0.078937183221	0.00212251687514	0.00733943321645	0.0301421524643
k__Bacteria;p__Actinobacteria;c__Actinobacteria;o__Bifidobacteriales;f__Bifidobacteriaceae;g__Bifidobacterium;s__Bifidobacterium_longum	0.0953986969071	-0.01943758841	0.0278940450808	-0.0471917847051	0.0433186272794	-0.00258546027744	-0.0644018487753	-0.0253944400369	-0.0377869390619	-0.0292843187463	-0.032005702165	0.0377613120482	0.0347174348212	0.01214098443	0.0505545356446	-0.0629712532458	0.00504730047569	0.0144639697374	-0.0357249195127	0.0195453267979	0.027542674977	-0.013480091265	-0.0336640714959	0.0524583901861	-0.0465535169098	-0.00962906153715	-0.025361419196	0.00690580795032	-0.00425803318285	1.0	-0.0157441158371	-0.000520720732928	-0.00540778854652	0.0385447573846	0.000901421858115	-0.019367160403	-0.00397843407776	-0.010889440997	0.0368862191239	0.0304433072414	0.0206136374747	-0.00463302530907	0.0218310382284	0.050462936003	-0.0319811769155	-0.0336723182282	-0.0472505771484	-0.0195971419929	0.00712533643817	-0.0250445183518	-0.0564775113162	-0.0395410936125	-0.0040077531319	0.0469938772053	0.0117518165568	0.00500822675233	0.0127098704244	0.0213875423308	-0.0174266941167
