#taxonomy	k__Bacteria;p__Bacteroidetes;c__Bacteroidia;o__Bacteroidales;f__Bacteroidaceae;g__Bacteroides;s__Bacteroides_vulgatus	k__Bacteria;p__Bacteroidetes;c__Bacteroidia;o__Bacteroidales;f__Bacteroidaceae;g__Bacteroides;s__Bacteroides_uniformis	k__Bacteria;p__Bacteroidetes;c__Bacteroidia;o__Bacteroidales;f__Rikenellaceae;g__Alistipes;s__Alistipes_putredinis	k__Bacteria;p__Bacteroidetes;c__Bacteroidia;o__Bacteroidales;f__Prevotellaceae;g__Prevotella;s__Prevotella_copri	k__Bacteria;p__Bacteroidetes;c__Bacteroidia;o__Bacteroidales;f__Bacteroidaceae;g__Bacteroides;s__Bacteroides_stercoris	k__Bacteria;p__Bacteroidetes;c__Bacteroidia;o__Bacteroidales;f__Bacteroidaceae;g__Bacteroides;s__Bacteroides_ovatus	k__Bacteria;p__Bacteroidetes;c__Bacteroidia;o__Bacteroidales;f__Rikenellaceae;g__Alistipes;s__Alistipes_shahii	k__Bacteria;p__Firmicutes;c__Clostridia;o__Clostridiales;f__Ruminococcaceae;g__Faecalibacterium;s__Faecalibacterium_prausnitzii	k__Bacteria;p__Bacteroidetes;c__Bacteroidia;o__Bacteroidales;f__Rikenellaceae;g__Alistipes;s__Alistipes_finegoldii	k__Bacteria;p__Bacteroidetes;c__Bacteroidia;o__Bacteroidales;f__Porphyromonadaceae;g__Parabacteroides;s__Parabacteroides_distasonis	k__Bacteria;p__Bacteroidetes;c__Bacteroidia;o__Bacteroidales;f__Bacteroidaceae;g__Bacteroides;s__Bacteroides_thetaiotaomicron	k__Bacteria;p__Bacteroidetes;c__Bacteroidia;o__Bacteroidales;f__Bacteroidaceae;g__Bacteroides;s__Bacteroides_coprocola	k__Bacteria;p__Bacteroidetes;c__Bacteroidia;o__Bacteroidales;f__Bacteroidaceae;g__Bacteroides;s__Bacteroides_cellulosilyticus	k__Bacteria;p__Bacteroidetes;c__Bacteroidia;o__Bacteroidales;f__Rikenellaceae;g__Alistipes;s__Alistipes_obesi	k__Bacteria;p__Firmicutes;c__Clostridia;o__Clostridiales;f__Lachnospiraceae;g__;s__[Eubacterium]_rectale	k__Bacteria;p__Bacteroidetes;c__Bacteroidia;o__Bacteroidales;f__Bacteroidaceae;g__Bacteroides;s__Bacteroides_plebeius	k__Bacteria;p__Bacteroidetes;c__Bacteroidia;o__Bacteroidales;f__Bacteroidaceae;g__Bacteroides;s__Bacteroides_fragilis	k__Bacteria;p__Proteobacteria;c__Betaproteobacteria;o__Burkholderiales;f__Sutterellaceae;g__Sutterella;s__Sutterella_wadsworthensis	k__Bacteria;p__Bacteroidetes;c__Bacteroidia;o__Bacteroidales;f__Porphyromonadaceae;g__Barnesiella;s__Barnesiella_intestinihominis	k__Bacteria;p__Bacteroidetes;c__Bacteroidia;o__Bacteroidales;f__Odoribacteraceae;g__Odoribacter;s__Odoribacter_splanchnicus	k__Bacteria;p__Bacteroidetes;c__Bacteroidia;o__Bacteroidales;f__Bacteroidaceae;g__Bacteroides;s__Bacteroides_salyersiae	k__Bacteria;p__Firmicutes;c__Clostridia;o__Clostridiales;f__Ruminococcaceae;g__Ruminiclostridium;s__[Eubacterium]_siraeum	k__Bacteria;p__Proteobacteria;c__Betaproteobacteria;o__Burkholderiales;f__Sutterellaceae;g__Parasutterella;s__Parasutterella_excrementihominis	k__Bacteria;p__Actinobacteria;c__Actinobacteria;o__Bifidobacteriales;f__Bifidobacteriaceae;g__Bifidobacterium;s__Bifidobacterium_adolescentis	k__Bacteria;p__Firmicutes;c__Clostridia;o__Clostridiales;f__Oscillospiraceae;g__Oscillibacter;s__Oscillibacter_sp._KLE_1745	k__Bacteria;p__Bacteroidetes;c__Bacteroidia;o__Bacteroidales;f__Bacteroidaceae;g__Bacteroides;s__Bacteroides_coprophilus	k__Bacteria;p__Firmicutes;c__Clostridia;o__Clostridiales;f__Lachnospiraceae;g__Roseburia;s__Roseburia_intestinalis	k__Bacteria;p__Firmicutes;c__Clostridia;o__Clostridiales;f__Lachnospiraceae;g__Roseburia;s__Roseburia_hominis	k__Bacteria;p__Bacteroidetes;c__Bacteroidia;o__Bacteroidales;f__Porphyromonadaceae;g__Parabacteroides;s__Parabacteroides_johnsonii	k__Bacteria;p__Actinobacteria;c__Actinobacteria;o__Bifidobacteriales;f__Bifidobacteriaceae;g__Bifidobacterium;s__Bifidobacterium_longum	k__Bacteria;p__Firmicutes;c__Clostridia;o__Clostridiales;f__;g__Flavonifractor;s__Flavonifractor_plautii	k__Bacteria;p__Firmicutes;c__Clostridia;o__Clostridiales;f__Clostridiaceae;g__Clostridium;s__Clostridium_phoceensis	k__Bacteria;p__Verrucomicrobia;c__Verrucomicrobiae;o__Verrucomicrobiales;f__Akkermansiaceae;g__Akkermansia;s__Akkermansia_muciniphila	k__Bacteria;p__Bacteroidetes;c__Bacteroidia;o__Bacteroidales;f__Prevotellaceae;g__Paraprevotella;s__Paraprevotella_xylaniphila	k__Bacteria;p__Firmicutes;c__Clostridia;o__Clostridiales;f__Ruminococcaceae;g__Ruminococcus;s__Ruminococcus_callidus	k__Bacteria;p__Bacteroidetes;c__Bacteroidia;o__Bacteroidales;f__Rikenellaceae;g__Alistipes;s__Alistipes_senegalensis	k__Bacteria;p__Firmicutes;c__Clostridia;o__Clostridiales;f__Lachnospiraceae;g__Blautia;s__Blautia_sp._KLE_1732	k__Bacteria;p__Bacteroidetes;c__Bacteroidia;o__Bacteroidales;f__Bacteroidaceae;g__Bacteroides;s__Bacteroides_oleiciplenus	k__Bacteria;p__Firmicutes;c__Clostridia;o__Clostridiales;f__Ruminococcaceae;g__Ruminococcus;s__Ruminococcus_bicirculans	k__Bacteria;p__Bacteroidetes;c__Bacteroidia;o__Bacteroidales;f__Bacteroidaceae;g__Bacteroides;s__Bacteroides_fluxus	k__Bacteria;p__Bacteroidetes;c__Bacteroidia;o__Bacteroidales;f__Prevotellaceae;g__Prevotella;s__Prevotella_stercorea	k__Bacteria;p__Firmicutes;c__Clostridia;o__Clostridiales;f__Lachnospiraceae;g__Dorea;s__Dorea_longicatena	k__Bacteria;p__Firmicutes;c__Clostridia;o__Clostridiales;f__Eubacteriaceae;g__Eubacterium;s__[Eubacterium]_eligens	k__Bacteria;p__Firmicutes;c__Clostridia;o__Clostridiales;f__Ruminococcaceae;g__;s__Ruminococcaceae_bacterium_D16	k__Bacteria;p__Firmicutes;c__Clostridia;o__Clostridiales;f__Lachnospiraceae;g__Coprococcus;s__Coprococcus_comes	k__Bacteria;p__Proteobacteria;c__Gammaproteobacteria;o__Enterobacterales;f__Enterobacteriaceae;g__Escherichia;s__Escherichia_coli	k__Bacteria;p__Firmicutes;c__Clostridia;o__Clostridiales;f__Ruminococcaceae;g__Anaerotruncus;s__Anaerotruncus_colihominis	k__Bacteria;p__Firmicutes;c__Clostridia;o__Clostridiales;f__Lachnospiraceae;g__Blautia;s__Blautia_obeum	k__Bacteria;p__Bacteroidetes;c__Bacteroidia;o__Bacteroidales;f__Odoribacteraceae;g__Odoribacter;s__Odoribacter_laneus	k__Bacteria;p__Firmicutes;c__Clostridia;o__Clostridiales;f__Ruminococcaceae;g__Ruminiclostridium;s__[Clostridium]_leptum	k__Bacteria;p__Bacteroidetes;c__Bacteroidia;o__Bacteroidales;f__Porphyromonadaceae;g__Parabacteroides;s__Parabacteroides_goldsteinii	k__Bacteria;p__Firmicutes;c__Clostridia;o__Clostridiales;f__Lachnospiraceae;g__Anaerostipes;s__Anaerostipes_hadrus	k__Bacteria;p__Firmicutes;c__Clostridia;o__Clostridiales;f__Ruminococcaceae;g__Ruminococcus;s__Ruminococcus_lactaris	k__Bacteria;p__Firmicutes;c__Clostridia;o__Clostridiales;f__Clostridiaceae;g__Clostridium;s__Clostridium_sp._L2-50	k__Bacteria;p__Firmicutes;c__Clostridia;o__Clostridiales;f__Clostridiaceae;g__Clostridium;s__Clostridium_sp._M62/1	k__Bacteria;p__Firmicutes;c__Clostridia;o__Clostridiales;f__;g__Intestinimonas;s__Intestinimonas_butyriciproducens	k__Bacteria;p__Actinobacteria;c__Actinobacteria;o__Bifidobacteriales;f__Bifidobacteriaceae;g__Bifidobacterium;s__Bifidobacterium_bifidum	k__Bacteria;p__Firmicutes;c__Negativicutes;o__Veillonellales;f__Veillonellaceae;g__Dialister;s__Dialister_invisus	k__Bacteria;p__Bacteroidetes;c__Bacteroidia;o__Bacteroidales;f__Bacteroidaceae;g__Bacteroides;s__Bacteroides_salanitronis
k__Bacteria;p__Bacteroidetes;c__Bacteroidia;o__Bacteroidales;f__Bacteroidaceae;g__Bacteroides;s__Bacteroides_vulgatus	1.0	0.0412461955687	-0.0679234730235	0.0050732787318	-0.011740260845	-0.0326047206471	0.000513174176982	-0.0396694554975	-0.042763654625	0.00247938968518	-0.0158344079482	-0.0100698129794	0.0760799418016	-0.00677203146816	-0.0128040232	-0.00660522037354	0.00107141897436	-0.0134364601722	-0.000207887494023	-0.0222627189121	-0.0193582075017	0.0225781512359	0.0220181132501	-0.0190445549463	0.00920324249607	-0.0228989169691	-0.0104390555317	0.00192853791868	-0.00516062365763	0.0194562850427	-0.00254652129876	0.0443727767819	-0.0237426169134	0.00519685085991	-0.0539919168779	0.0105026118591	0.00465758130934	0.0420582472656	0.0272756034191	-0.0321809230028	0.0528590575912	-0.00450003812196	-0.0519351028379	-0.0239606339716	0.010717057333	-0.00284485768177	-0.038631722219	-0.0447994771526	-0.0631218439966	-0.00526884720819	0.0490180176196	0.0238178776781	-0.0188855747078	-0.020027629712	0.0130812439383	-0.0100865249981	0.0421920173663	0.0365381383433	-0.0429734171624
k__Bacteria;p__Bacteroidetes;c__Bacteroidia;o__Bacteroidales;f__Bacteroidaceae;g__Bacteroides;s__Bacteroides_uniformis	0.0412461955687	1.0	-0.0244248799998	-0.0380014156349	-0.0239596409774	-0.0264991888429	-0.0647817500846	0.0210965026798	-0.0163886294601	-0.0446675126352	-0.00765590097945	0.0289156281849	0.0184697345265	-0.0526238642931	-0.0307599572724	-0.0517574641612	0.0204685681795	-0.039574280323	-0.0337649308206	-0.0248763793673	-0.0133152647696	-0.0231402572268	-0.0132415011706	-0.00412358224943	0.00746880183265	-0.0276947640896	0.00894544177656	0.0223696995968	-0.0259971372208	0.0517041708092	-0.0404268374253	-0.02060858172	0.00888321852342	0.0305118740201	0.0177751240714	-0.0090576931989	0.0136643340453	-0.00228406242507	-0.0224330738541	0.0268355986749	0.00255426981982	0.0362187117048	-0.0168593083886	-0.0638483091534	-0.0553881910297	0.00536076700979	0.00247680992223	-0.0363350421443	0.0285313723293	0.0261130461489	-0.0398823704548	0.0186231622921	0.00801027091657	-0.0374570233484	0.0184578740389	0.0324665332828	0.0334111296321	0.0177244742326	-0.0109286862969
k__Bacteria;p__Bacteroidetes;c__Bacteroidia;o__Bacteroidales;f__Rikenellaceae;g__Alistipes;s__Alistipes_putredinis	-0.0679234730235	-0.0244248799998	1.0	-0.0241111665515	-0.0352279126628	-0.0438740120195	-0.0173518634746	0.007743871593	-0.0109218379021	-0.022488355672	-0.0418343595337	0.0800156536211	-0.014522534033	0.0221686969528	0.0239970888998	0.02913193191	0.0382532692158	-0.00172006051813	0.0461361861482	-0.0340498138145	-0.00992170469038	-0.0705904169826	-0.0195213596727	-0.0419379540974	-0.0305240410239	0.0748847573335	-0.0217278685198	-0.0788563810405	-0.0591533622461	0.0622803962955	0.00844789757527	-0.00473048177941	0.0242807537651	-0.0395424949153	-0.000549262147939	-0.0368234262397	0.00344770438809	-0.0700011305214	-0.0014758563807	-0.0361957542033	-0.05461469546	-0.0401365494162	0.032541492769	0.0503604316104	-0.0191065856521	-0.050598821236	-0.0338292287098	0.00249769240884	0.0554590839826	0.012681315991	0.0257937734132	-0.0562713757548	-0.0696236870797	-0.00726352140254	0.00600223762836	-0.00587751888126	0.0581152195203	0.0307238002076	-0.0236521379923
k__Bacteria;p__Bacteroidetes;c__Bacteroidia;o__Bacteroidales;f__Prevotellaceae;g__Prevotella;s__Prevotella_copri	0.0050732787318	-0.0380014156349	-0.0241111665515	1.0	0.0613401399901	-0.00722160308567	0.0102027346044	0.0259925411127	-0.0468095829635	-0.0331349699031	-0.0645754018631	-0.0313209912055	-0.0188357295981	-0.0400355603193	-0.00369653947427	-0.0365793532476	-0.0158692019692	-0.0135069588408	-0.018383960879	0.00938092812025	0.0145639804794	0.0097203606274	-0.0091017648275	0.0187038298538	0.0312213450995	0.0121422970853	-0.0331673333042	-0.00177075489881	-0.0286662423665	-0.0489687783365	0.0118429902913	-0.0779288278103	0.0489244768226	-0.0134184941374	0.00232607484355	-0.0424311302663	0.00195244465737	-0.000836334579631	-0.00604278633946	-0.0361075479005	0.015887677451	0.0174825752884	0.035921951959	0.00730110129532	-0.0348045809988	0.0246390141032	-0.0219294291329	-0.00847796668897	-0.00770781701693	0.0549177077124	-0.0277248267562	0.011448939491	-0.0506421274991	0.0198352615626	0.00107038530718	-0.0738689709471	-0.00602887083559	-0.0331835724097	0.00161577325489
k__Bacteria;p__Bacteroidetes;c__Bacteroidia;o__Bacteroidales;f__Bacteroidaceae;g__Bacteroides;s__Bacteroides_stercoris	-0.011740260845	-0.0239596409774	-0.0352279126628	0.0613401399901	1.0	-0.0342529162738	-0.00695225512667	-0.0163226965502	-0.0275687275457	-0.0381712971762	-0.0210822017174	-0.00479334934922	-0.045600966469	0.0226955896277	-0.0404889861876	0.0359727590774	-0.055422893491	0.0613960783782	-0.0774638360562	-0.00345752446178	0.0293932937955	-0.00424606481646	0.00587179244045	0.0210433805544	0.0495454454128	-0.0265232471212	-0.0115867115201	-0.0833564125286	-0.00492175316541	-0.0286051617087	-0.0699279014649	0.0411504270446	-0.0217704961134	0.0424145823339	-0.00740909796187	0.0203340138923	0.012096993898	0.00995872446534	-0.0330767490435	0.0327492528869	-0.0254710051497	-0.00670765915418	-0.018804833868	-0.0170807384045	0.00464579557324	-0.00674374679305	-0.0203335518618	-0.0415377911768	0.0186576725431	0.0288404394484	0.020336212421	-0.000710289352351	0.00756709293708	0.0334173499376	-0.0368705362622	-0.0530899725516	-0.0165897207326	-0.019552481216	0.0407159238643
k__Bacteria;p__Bacteroidetes;c__Bacteroidia;o__Bacteroidales;f__Bacteroidaceae;g__Bacteroides;s__Bacteroides_ovatus	-0.0326047206471	-0.0264991888429	-0.0438740120195	-0.00722160308567	-0.0342529162738	1.0	-0.0568774518169	-0.0930814554588	0.0512297687213	-0.00248003767533	0.0143939608734	0.0344635839085	0.0104913220298	-0.0869694105491	0.02998603358	0.0110256198146	0.00951500980832	0.0177554126203	0.030613979808	-0.00803217334115	0.0574408324461	-0.030488982958	-0.00395261735699	0.0646458661897	0.0173798255497	-0.04305954305	0.0238096331426	0.0716945625004	0.00985563028785	0.0234431277901	0.0389959727484	-0.0348320950562	-0.00393093432067	-0.0388138253154	0.0141582530736	-0.0300666676227	0.000856932343121	0.0580329305723	-0.0666212292536	0.0874552734034	0.0223596977435	0.0159019055105	0.0590976332521	-0.0150217612789	-0.0367514568688	-0.0194795938647	-0.105882890116	-0.070910382589	-0.0568959682599	-0.0277252749086	-0.0642460899603	0.0440579594624	0.0146324686169	-0.0234450855784	-0.0661438143798	-0.0308833797262	0.0352146154802	-0.00953427851341	0.0108596861214
k__Bacteria;p__Bacteroidetes;c__Bacteroidia;o__Bacteroidales;f__Rikenellaceae;g__Alistipes;s__Alistipes_shahii	0.000513174176982	-0.0647817500846	-0.0173518634746	0.0102027346044	-0.00695225512667	-0.0568774518169	1.0	-0.0288403216906	-0.00561333308407	-0.0155610779407	-0.0447483338064	0.0612979714284	0.0296353905274	-0.00967137782683	0.0516829066628	0.0147077652551	0.0753474049139	-0.00419619681509	0.0473822396522	0.016685477844	0.0387824517403	-0.037341363004	-0.0188175498582	-0.0167038040325	-0.0122728130108	-0.00208915396465	-0.0166238068696	0.025527116535	0.030017311452	0.00681080792218	-0.0373543900014	0.0372709833003	0.0329452971836	0.0202203498679	-0.00889033255497	-0.00649369403475	0.0340588085343	0.0663907128103	0.0147319366363	0.0158775870678	-0.0728369017157	0.0122101075652	-0.0211665367463	-0.0384362089676	0.0445400792632	-0.0151567718244	-0.0368553524947	-0.000236195517641	0.0284451313183	-0.021945488864	0.00484415750064	-0.0131641691389	-0.0449797086542	0.0397062941585	-0.00776041311479	-0.00506123573082	-0.0428519602957	-0.0421677785078	0.0145360579015
k__Bacteria;p__Firmicutes;c__Clostridia;o__Clostridiales;f__Ruminococcaceae;g__Faecalibacterium;s__Faecalibacterium_prausnitzii	-0.0396694554975	0.0210965026798	0.007743871593	0.0259925411127	-0.0163226965502	-0.0930814554588	-0.0288403216906	1.0	-0.00824566976377	0.00465688675619	0.0259992805256	-0.0303719426172	-0.0374085028159	0.0468480925504	-0.00658566999922	-0.00250973346792	-0.0681174327473	-0.00379145747599	0.0108593985105	0.0156053407091	0.0173925430736	0.0115986571841	-0.0236632917746	0.0628502128479	-0.041155279237	-0.0501097169325	-0.0196065634916	-0.0417354548497	-0.0420127107369	0.0508542281254	0.0218646066136	0.00747165468493	-0.0262554066521	0.0764408237903	0.0163169571751	0.0158276047305	-0.0166457990144	-0.0156943692318	0.0431918635703	-0.0808702470693	0.056400864899	-0.00552018328677	-0.0497802587169	0.0627269874358	-0.051015353599	0.0179285728958	0.00529197429341	0.036885482243	-0.00300676801733	-0.00752023829015	0.00757529692393	-0.0239346531429	0.000879276262684	-0.0263012062189	-0.0702910744771	-0.0343176055269	0.0345471881308	-0.039664228625	-0.0110111220294
k__Bacteria;p__Bacteroidetes;c__Bacteroidia;o__Bacteroidales;f__Rikenellaceae;g__Alistipes;s__Alistipes_finegoldii	-0.042763654625	-0.0163886294601	-0.0109218379021	-0.0468095829635	-0.0275687275457	0.0512297687213	-0.00561333308407	-0.00824566976377	1.0	-0.00960887898378	0.000191270739143	0.0271768334548	-0.046094698621	0.00564023813287	-0.0548816307242	0.0227279209847	0.0103346724876	-0.0441294374277	0.0672400080991	-0.00644755758003	-0.06674686824	-0.0286487785447	0.0200043495404	-0.0438697090873	-0.0586272948773	-0.0184897238937	-0.00307341886692	-0.0194536602611	-0.0204600578121	0.0350595594512	0.0350678778635	-0.0293456329712	-0.0635638176757	0.00684096041015	0.00155813598898	0.0202254665474	-0.0626610315143	0.0571102054609	0.0270731823023	0.0450872743355	-0.0282095747148	0.0248494693305	-0.0608599615951	-0.00892355548128	-0.0129347651877	0.0588562552598	-0.0125418432067	0.00540283285926	0.0262780591459	0.0297766434201	0.0363799521527	0.0243238171825	-0.00181803994607	-0.00500430180832	-0.0028724860754	-0.0261569529748	-0.028454593364	-0.0262174224613	0.0181561089204
k__Bacteria;p__Bacteroidetes;c__Bacteroidia;o__Bacteroidales;f__Porphyromonadaceae;g__Parabacteroides;s__Parabacteroides_distasonis	0.00247938968518	-0.0446675126352	-0.022488355672	-0.0331349699031	-0.0381712971762	-0.00248003767533	-0.0155610779407	0.00465688675619	-0.00960887898378	1.0	-0.0355733428193	-0.0340605639277	0.00935367784806	-0.0445373604529	-0.0417476055161	-0.0284374472046	-0.0179420817863	-0.0750479865756	-0.0120568271159	-0.00505710187242	0.0300861590492	-0.00793996108418	0.0044047562995	-0.00250453828751	-0.00521454546869	0.00454290541794	-0.00969344108616	0.0555112711671	0.00152423959311	0.0589593655005	-0.0130153375045	-0.0168597663744	-0.00475370964539	0.0036430830975	0.0139524167217	-0.0598138182579	-0.0617456244817	0.0123974482237	-0.024649070064	0.0526127669327	-0.0217281521638	-0.0304734989041	0.0717153328634	0.00411637017317	0.0215089105729	0.0188157401654	-0.042090243523	-0.0507542930574	0.00900582449287	0.0337893696512	-0.0439998237208	-0.0211788280779	-0.018955050815	0.00337930035915	-0.0209691759862	-0.0496821371475	0.021636464437	-0.00875430583337	-0.0396697412765
k__Bacteria;p__Bacteroidetes;c__Bacteroidia;o__Bacteroidales;f__Bacteroidaceae;g__Bacteroides;s__Bacteroides_thetaiotaomicron	-0.0158344079482	-0.00765590097945	-0.0418343595337	-0.0645754018631	-0.0210822017174	0.0143939608734	-0.0447483338064	0.0259992805256	0.000191270739143	-0.0355733428193	1.0	-0.00976331917015	-0.0881311703637	-0.0193041816372	-0.01993140521	-0.0284600746672	-0.028333960123	0.0207517427508	-0.0112918634937	0.00133366258433	0.0130609268552	0.0335153627813	-0.0470287091192	-0.0175824963051	-0.0607857121453	0.00782534167589	-0.0168865939918	0.0397857455553	-0.0524581935963	-0.018328263741	-0.0386741626277	0.0176689855613	-0.0839738462282	-0.0286206068087	0.0267018439514	-0.00687766251279	0.00880908864745	0.00805043403176	-0.0302755857108	0.0332176735945	0.0456284315689	-0.00577336443738	-0.00156266494586	-0.0143036730104	-0.0641438519536	-0.0547839562421	0.0343967705233	-0.00886611766159	-0.00857947905032	0.00872977665459	-0.0113325202691	-0.0281171523332	-0.0170369759631	0.0381567542359	-0.0126585364694	0.0183488728077	-0.00433163865651	0.00338208334826	0.0222852233841
k__Bacteria;p__Bacteroidetes;c__Bacteroidia;o__Bacteroidales;f__Bacteroidaceae;g__Bacteroides;s__Bacteroides_coprocola	-0.0100698129794	0.0289156281849	0.0800156536211	-0.0313209912055	-0.00479334934922	0.0344635839085	0.0612979714284	-0.0303719426172	0.0271768334548	-0.0340605639277	-0.00976331917015	1.0	0.0677444893105	-0.0537694811816	-0.00663893074552	0.00709307554016	-0.0467397772827	-0.00869220217276	-0.00177237936576	-0.0573125752232	-0.0273716205659	-0.0341756737759	-0.00495898774836	-0.0285994926815	0.0429027402304	0.0429591623266	0.00510966974137	0.0455283938862	-0.019984916779	0.061376657826	-0.0455526118716	-0.00617703365224	-0.040561217479	-0.0184606709615	0.0361348186032	0.00585276141722	-0.0540657201239	-0.113516322789	0.00542989807345	-0.0277667313771	-0.0144651853684	-0.0176217717831	-0.0301493804099	0.0141957167551	-0.0297033726562	-0.0188354757674	-0.0700989464347	0.0523696466069	-0.00521324701505	-0.0227733625717	0.0544444161454	-0.0333058419109	-0.0316501568122	-0.00364184204725	-0.0128953309796	-0.07067945372	-0.0608909238214	0.03671298479	0.0431385632423
k__Bacteria;p__Bacteroidetes;c__Bacteroidia;o__Bacteroidales;f__Bacteroidaceae;g__Bacteroides;s__Bacteroides_cellulosilyticus	0.0760799418016	0.0184697345265	-0.014522534033	-0.0188357295981	-0.045600966469	0.0104913220298	0.0296353905274	-0.0374085028159	-0.046094698621	0.00935367784806	-0.0881311703637	0.0677444893105	1.0	-0.0494173225791	-0.012662818894	0.0313611203359	-0.0737173541099	-0.0311064005746	-0.0415868137176	0.0199348446098	0.00686958626944	0.0189780950204	0.0728049937841	-0.0462495496911	-0.0164839646098	0.0150885370629	-0.00642178246444	-0.00218860614604	0.016635094202	-0.0493678054725	-0.00894769860075	0.059913056158	0.0106193906149	-0.0478397740349	0.0383131684815	0.0234704942176	-0.0705695448476	-0.0169500749234	-0.0107739545214	0.0594109043235	-0.0401902637818	0.00985124200935	-0.0240448700692	-0.00856698651724	0.0930090921054	-0.0100369247271	-0.0297228093259	-0.0545590956289	0.0151850212944	-0.0108886181065	0.038781505997	0.0116991893203	0.00524399040612	-0.0489787291907	0.0378166615093	0.0145180466303	-0.0478454399213	-0.0712546613893	-0.00880828227235
k__Bacteria;p__Bacteroidetes;c__Bacteroidia;o__Bacteroidales;f__Rikenellaceae;g__Alistipes;s__Alistipes_obesi	-0.00677203146816	-0.0526238642931	0.0221686969528	-0.0400355603193	0.0226955896277	-0.0869694105491	-0.00967137782683	0.0468480925504	0.00564023813287	-0.0445373604529	-0.0193041816372	-0.0537694811816	-0.0494173225791	1.0	-0.0137261620906	-0.0037207867156	0.0184933033384	-0.00711279495942	0.0306456006001	-0.0173282695336	0.0932608917969	0.000285510422242	-0.043215112119	-0.0064999379681	-0.0242325435047	-0.0235976762995	0.0319775705193	0.0401689821153	-0.0101193184002	-0.0845910067065	-0.0140542511643	0.0232382226505	-0.00293373852484	-0.0260877727407	-0.0761234221262	-0.0107161565798	0.0130689149834	0.0303581601995	0.0109647300656	0.0122731083871	0.0116416012883	-0.00233306400618	-0.0841203583153	-0.0166855259272	0.025703319292	-0.0551932554525	0.0032489653525	0.00770542756323	-0.0646357003617	-0.00174814459167	-0.00870896026432	0.00069879881049	0.00601946301259	-0.0725666279714	0.0175031015967	0.0629532243162	-0.0270952733408	0.00905918385484	-0.0173309744121
k__Bacteria;p__Firmicutes;c__Clostridia;o__Clostridiales;f__Lachnospiraceae;g__;s__[Eubacterium]_rectale	-0.0128040232	-0.0307599572724	0.0239970888998	-0.00369653947427	-0.0404889861876	0.02998603358	0.0516829066628	-0.00658566999922	-0.0548816307242	-0.0417476055161	-0.01993140521	-0.00663893074552	-0.012662818894	-0.0137261620906	1.0	-0.0906325058872	-0.0399312644373	0.00731744630739	-0.0869304814854	0.00938122746398	-0.00492818480687	-0.0430238115144	0.00303224841688	-0.0180678161476	-0.0221680648113	0.00415448854137	-0.0166207605458	-0.0167107554789	-0.00762644230539	-0.047690802026	-0.024627615403	-0.0590018382343	-0.0122456100034	-0.00593240199643	0.028995241562	0.0172764343085	-0.0767019724977	0.0538359342384	-0.0283121223496	0.0468040608105	0.0269800890774	-0.00458264342236	0.0193442383625	-0.0184313770232	0.00234963147838	-0.0340747957936	-0.0513699953625	-0.039350902668	0.0157134340958	-0.0472013669029	0.000790229416524	0.0419361193494	0.0300304302696	0.00271776419471	0.000220807994801	0.0160761980487	-0.0375733301379	0.0199166656768	0.0920331226503
k__Bacteria;p__Bacteroidetes;c__Bacteroidia;o__Bacteroidales;f__Bacteroidaceae;g__Bacteroides;s__Bacteroides_plebeius	-0.00660522037354	-0.0517574641612	0.02913193191	-0.0365793532476	0.0359727590774	0.0110256198146	0.0147077652551	-0.00250973346792	0.0227279209847	-0.0284374472046	-0.0284600746672	0.00709307554016	0.0313611203359	-0.0037207867156	-0.0906325058872	1.0	0.0176435886845	0.0601092073653	0.0495551827281	-0.00613055634919	-0.00328025412115	-0.0349053327104	-0.0742314603548	0.0107275237576	-0.0141850867764	-0.0317007990012	-0.0250945370544	0.0170342503164	-0.0451261031157	-0.0409457745014	-0.000211718063622	0.00579626481587	-0.0114780884196	-0.0170796062793	0.0074561559272	-0.0137092598289	0.0106214077342	-0.0510607599329	0.0107177562621	-0.0132741215822	-0.00221351775565	-0.00712785918794	-0.00195387328269	0.0270012222908	0.0263956394134	-0.0407743738879	-0.0084428875034	0.00252818997188	-0.00762811976066	-0.0594474879474	-0.0516142320037	-0.0135456127814	-0.0264183533965	-0.0461703777737	-0.0257523491255	-0.0404663858096	-0.00174058657528	0.00183605333013	0.0266944081215
k__Bacteria;p__Bacteroidetes;c__Bacteroidia;o__Bacteroidales;f__Bacteroidaceae;g__Bacteroides;s__Bacteroides_fragilis	0.00107141897436	0.0204685681795	0.0382532692158	-0.0158692019692	-0.055422893491	0.00951500980832	0.0753474049139	-0.0681174327473	0.0103346724876	-0.0179420817863	-0.028333960123	-0.0467397772827	-0.0737173541099	0.0184933033384	-0.0399312644373	0.0176435886845	1.0	-0.0798558806687	0.0117223854278	-0.038172980375	-0.00548776600878	-0.0238291459435	0.0435690082541	0.0700135337685	-0.00219831617225	-0.0199333481658	-0.0200016140068	0.0362595261104	0.0273549412645	-0.048368665276	-0.0160380786318	0.00352374110144	0.0129156051547	0.0343092650781	-0.0216158175317	0.0128267150401	-0.0409272455336	0.0402438795511	0.0163525973188	-0.0284325348598	0.0250232497823	-0.0604340498698	0.0209639367773	-0.0258347079317	0.0167710381038	-0.0306520903417	-0.00438065253575	-0.0452842981312	-0.0193730852141	0.0127130989917	-0.0134822916071	-0.0277353772311	-0.0345545509322	-0.0132958614162	0.0330202228416	0.0371939257695	0.00467016794843	0.015422805942	-0.0928155130586
k__Bacteria;p__Proteobacteria;c__Betaproteobacteria;o__Burkholderiales;f__Sutterellaceae;g__Sutterella;s__Sutterella_wadsworthensis	-0.0134364601722	-0.039574280323	-0.00172006051813	-0.0135069588408	0.0613960783782	0.0177554126203	-0.00419619681509	-0.00379145747599	-0.0441294374277	-0.0750479865756	0.0207517427508	-0.00869220217276	-0.0311064005746	-0.00711279495942	0.00731744630739	0.0601092073653	-0.0798558806687	1.0	-0.0985778793047	-0.0511157257726	0.023778808808	-0.0303024228128	-0.000593013375045	-0.0332665497139	0.0456289003747	-0.00158397700704	0.0429624580082	-0.0214815779383	-0.00604963450277	-0.00369472581727	-0.0273732867656	0.0156088943319	-0.0219914940436	0.00685560089412	-0.00801451631899	-0.0634591046939	-0.0245737419569	-0.0491261134666	0.00120210493137	0.000335715055097	0.042227247947	-0.0249402203054	-0.0276186673609	-0.0826888618249	-0.0159126657527	0.0147109606076	0.0175448301202	-0.0651075342312	-0.081500096875	-0.0386686716143	0.0102315316618	-0.0432388796004	-0.0253715026192	0.0445649316869	0.0470507284723	-0.00311249614288	0.0155785148498	0.0423580254472	0.0365120459811
k__Bacteria;p__Bacteroidetes;c__Bacteroidia;o__Bacteroidales;f__Porphyromonadaceae;g__Barnesiella;s__Barnesiella_intestinihominis	-0.000207887494023	-0.0337649308206	0.0461361861482	-0.018383960879	-0.0774638360562	0.030613979808	0.0473822396522	0.0108593985105	0.0672400080991	-0.0120568271159	-0.0112918634937	-0.00177237936576	-0.0415868137176	0.0306456006001	-0.0869304814854	0.0495551827281	0.0117223854278	-0.0985778793047	1.0	0.078428023866	-0.0519630281084	-0.0119345738287	-0.00254776772426	-0.0366654056282	0.0418188509755	0.0529744768654	-0.0108613182664	-0.0437176554059	-0.0470709290252	-0.030987172536	-0.0369154079553	0.000846460101823	0.0234249121716	-0.0431482959096	0.0108504103375	0.0699842390316	-0.00661897182835	-0.0326637624799	-0.028886192774	0.0384291146667	-0.0177077589297	-0.0196315871982	-0.0614473919996	-0.0334715136968	0.0121039684889	-0.0584135099994	0.0184516678333	0.0309099662272	-0.0512943755364	-0.00433182929649	0.0315485051568	-0.0505192999628	0.00846693439529	-0.00136425360044	-0.00993852299958	0.00432712402753	-0.0127712566226	-0.044055240114	0.0241929727293
k__Bacteria;p__Bacteroidetes;c__Bacteroidia;o__Bacteroidales;f__Odoribacteraceae;g__Odoribacter;s__Odoribacter_splanchnicus	-0.0222627189121	-0.0248763793673	-0.0340498138145	0.00938092812025	-0.00345752446178	-0.00803217334115	0.016685477844	0.0156053407091	-0.00644755758003	-0.00505710187242	0.00133366258433	-0.0573125752232	0.0199348446098	-0.0173282695336	0.00938122746398	-0.00613055634919	-0.038172980375	-0.0511157257726	0.078428023866	1.0	0.0138190664329	-0.0451149088046	-0.0561848966236	0.0324302486533	0.0207856847693	-0.040678372104	0.0490617741965	0.0083311380878	0.0130828387903	-0.0231439089583	-0.0498429376252	0.00862449058659	-0.0243203273873	-0.0188799853879	-0.115481033129	-0.00925132786155	0.0351420900354	-0.0373506619572	0.0312365500534	-0.0849511396886	0.0479197294015	-0.010821694094	-0.0560528059899	-0.0243369316061	-0.000508236477206	0.00916444585083	-0.0313999331701	0.0011120876194	0.0215626983978	0.00573125781917	-0.0691307420684	0.00238932025309	0.0207824630381	-0.0218840825108	-0.00427478736809	0.0524828961199	-0.0371350215121	0.0123144991772	-0.00364654868811
k__Bacteria;p__Bacteroidetes;c__Bacteroidia;o__Bacteroidales;f__Bacteroidaceae;g__Bacteroides;s__Bacteroides_salyersiae	-0.0193582075017	-0.0133152647696	-0.00992170469038	0.0145639804794	0.0293932937955	0.0574408324461	0.0387824517403	0.0173925430736	-0.06674686824	0.0300861590492	0.0130609268552	-0.0273716205659	0.00686958626944	0.0932608917969	-0.00492818480687	-0.00328025412115	-0.00548776600878	0.023778808808	-0.0519630281084	0.0138190664329	1.0	0.0321071670946	0.0122346451201	-0.0499306226115	-0.0180232316818	-0.0553995123821	0.0160928753244	-0.0461980583349	-0.0427406759344	-0.00167495940709	-0.0458995999796	-0.0488334420964	-0.0292008229293	-0.064755051523	-0.0303166521776	0.00847240729291	-0.0124436346795	-0.0716717501414	0.031535297147	0.0642462372886	0.0246537958634	-0.00332788166946	-0.0563057650364	0.0357584221555	-0.0374161748642	0.018829055464	-0.0320853980438	0.00458904284737	0.0153568659304	-0.0344241227725	-0.0259643188859	0.031488090981	-0.00659179818717	0.0274595664275	-0.0922745664494	0.0270655326656	-0.00176031812315	-0.0605501344216	-0.00938819665743
k__Bacteria;p__Firmicutes;c__Clostridia;o__Clostridiales;f__Ruminococcaceae;g__Ruminiclostridium;s__[Eubacterium]_siraeum	0.0225781512359	-0.0231402572268	-0.0705904169826	0.0097203606274	-0.00424606481646	-0.030488982958	-0.037341363004	0.0115986571841	-0.0286487785447	-0.00793996108418	0.0335153627813	-0.0341756737759	0.0189780950204	0.000285510422242	-0.0430238115144	-0.0349053327104	-0.0238291459435	-0.0303024228128	-0.0119345738287	-0.0451149088046	0.0321071670946	1.0	-0.0806076864658	-0.0899306962724	0.0263209878943	0.0435656115685	0.0204113376026	-0.0227496516975	0.00125212105354	-0.0322111588435	-0.0260401306655	0.00957169713209	0.0230455312018	-0.0127476692165	0.0037874196388	-0.0631112489379	-0.0085414324882	-0.0311339399439	0.0475056395282	-0.0268456690562	-0.00278352389063	-0.00547851575917	-0.0308748523587	-0.0306620205519	0.000835753786207	0.0129129768233	0.0133425580474	-0.0373883394444	0.0115293769517	-0.0225347278011	0.0182557955188	-0.0959219384053	0.00959745502614	-2.76306589617e-06	-0.0114363824524	-0.0266951686354	0.0454851169496	0.00942603866148	-0.0496076713167
k__Bacteria;p__Proteobacteria;c__Betaproteobacteria;o__Burkholderiales;f__Sutterellaceae;g__Parasutterella;s__Parasutterella_excrementihominis	0.0220181132501	-0.0132415011706	-0.0195213596727	-0.0091017648275	0.00587179244045	-0.00395261735699	-0.0188175498582	-0.0236632917746	0.0200043495404	0.0044047562995	-0.0470287091192	-0.00495898774836	0.0728049937841	-0.043215112119	0.00303224841688	-0.0742314603548	0.0435690082541	-0.000593013375045	-0.00254776772426	-0.0561848966236	0.0122346451201	-0.0806076864658	1.0	-0.0462055371358	-0.00242111864518	-0.0121567502404	0.0272802720611	0.0387368140898	-0.00807886814181	-0.0245847960545	-0.0409566457801	0.0694357782021	0.00377103003811	-0.0292398739239	-0.0232975978157	-0.00210414753137	0.0650880747741	0.0153293942292	-0.0284963078009	-0.00418892795139	-0.00491360605659	-0.00441586860704	0.0436442531808	-0.0104626694034	-0.0235781282312	-0.0251539497743	-0.0335741286483	-0.0160842248802	0.0184018739832	0.0208326367854	-0.0184330551784	-0.0557315009348	0.0333659455554	0.0491073204601	0.0262664018262	-0.0393896812225	-0.0587014119732	-0.0112603918026	-0.0535132591171
k__Bacteria;p__Actinobacteria;c__Actinobacteria;o__Bifidobacteriales;f__Bifidobacteriaceae;g__Bifidobacterium;s__Bifidobacterium_adolescentis	-0.0190445549463	-0.00412358224943	-0.0419379540974	0.0187038298538	0.0210433805544	0.0646458661897	-0.0167038040325	0.0628502128479	-0.0438697090873	-0.00250453828751	-0.0175824963051	-0.0285994926815	-0.0462495496911	-0.0064999379681	-0.0180678161476	0.0107275237576	0.0700135337685	-0.0332665497139	-0.0366654056282	0.0324302486533	-0.0499306226115	-0.0899306962724	-0.0462055371358	1.0	-0.00173647492854	-0.0709589062847	0.0175738938195	1.77418205481e-05	-0.114019335455	-5.30097234589e-05	-0.017808447942	-0.0264459845829	0.0317342155296	-0.0130776237427	0.00772697583063	0.00322363023152	-0.0276070904892	-0.0430339679343	-0.0277541912569	-0.00943045560753	-0.0122833136428	-0.0330573715439	0.0112604366875	0.0584106094426	0.0405224476227	0.00719576872088	0.0245141770649	0.0171995279678	-0.00897240358953	-0.103362602353	0.000788204633194	0.00283458886424	-0.0295693400711	0.0603898270771	-0.00657223798897	0.0348836757527	-0.0131399815835	-0.00015649719458	-0.0433624374699
k__Bacteria;p__Firmicutes;c__Clostridia;o__Clostridiales;f__Oscillospiraceae;g__Oscillibacter;s__Oscillibacter_sp._KLE_1745	0.00920324249607	0.00746880183265	-0.0305240410239	0.0312213450995	0.0495454454128	0.0173798255497	-0.0122728130108	-0.041155279237	-0.0586272948773	-0.00521454546869	-0.0607857121453	0.0429027402304	-0.0164839646098	-0.0242325435047	-0.0221680648113	-0.0141850867764	-0.00219831617225	0.0456289003747	0.0418188509755	0.0207856847693	-0.0180232316818	0.0263209878943	-0.00242111864518	-0.00173647492854	1.0	-0.0132409630149	-0.0304764149312	-0.0790020924698	0.00968622483055	-0.062530900399	0.0291376545473	-0.0568670493647	-0.0172507285355	0.0583213623843	-0.0980545577773	0.0388340965933	0.00798056165005	-0.00291039086992	0.0681690577294	-0.0645131151246	-0.0155164311495	-0.0512949290907	-0.0856337661173	-0.0531750549332	-0.050840899534	0.0085290100914	-0.0534502107964	0.0114740775264	-0.0185125076294	0.0122418473897	0.0190386556239	-0.047615437688	-0.0494652733586	0.00566430904508	-0.00118036626442	-0.0358165385441	0.00545457669032	0.0146641974723	-0.0170094156763
k__Bacteria;p__Bacteroidetes;c__Bacteroidia;o__Bacteroidales;f__Bacteroidaceae;g__Bacteroides;s__Bacteroides_coprophilus	-0.0228989169691	-0.0276947640896	0.0748847573335	0.0121422970853	-0.0265232471212	-0.04305954305	-0.00208915396465	-0.0501097169325	-0.0184897238937	0.00454290541794	0.00782534167589	0.0429591623266	0.0150885370629	-0.0235976762995	0.00415448854137	-0.0317007990012	-0.0199333481658	-0.00158397700704	0.0529744768654	-0.040678372104	-0.0553995123821	0.0435656115685	-0.0121567502404	-0.0709589062847	-0.0132409630149	1.0	0.0450216520179	-0.00203085768174	0.0025675043035	0.0370019063045	-0.0226238417686	-0.00186656581675	0.0195172912186	-0.0694851273665	0.00207169089459	0.000219920026068	0.054792207582	-0.0317803245373	-0.00798928836653	-0.00775313978918	-0.0446523475258	-0.0273032581473	0.0210977573588	0.0383319964005	-0.00447053313702	-0.0290120574301	-0.0339693123727	0.0588858154086	0.032919325853	-0.0611687080616	0.0414343209213	-0.0266312064381	0.0107988658428	-0.0263370618549	0.0699360465557	0.0333533968511	-0.0770804205386	0.00226275094705	0.0737517507607
k__Bacteria;p__Firmicutes;c__Clostridia;o__Clostridiales;f__Lachnospiraceae;g__Roseburia;s__Roseburia_intestinalis	-0.0104390555317	0.00894544177656	-0.0217278685198	-0.0331673333042	-0.0115867115201	0.0238096331426	-0.0166238068696	-0.0196065634916	-0.00307341886692	-0.00969344108616	-0.0168865939918	0.00510966974137	-0.00642178246444	0.0319775705193	-0.0166207605458	-0.0250945370544	-0.0200016140068	0.0429624580082	-0.0108613182664	0.0490617741965	0.0160928753244	0.0204113376026	0.0272802720611	0.0175738938195	-0.0304764149312	0.0450216520179	1.0	0.0118918068253	-0.0290197622787	0.0503598679385	-0.0244312166383	0.0247187303716	-0.0468959255968	0.00831700360073	-0.0147596339473	0.0100625592513	0.0249051606513	0.0290078974657	-0.079080953391	0.0035516381809	0.00534950004165	-0.043067536257	-0.00305712836157	0.0282510209556	0.0256680188474	0.0455957062681	0.0191320840734	-0.00458690209628	-0.000335987662802	0.0189337399674	-0.0391752786694	-0.0238483080257	-0.0157272682658	-0.0239656137359	-0.0317064269018	-0.00661516356974	-0.0826872078064	-0.00822722473632	-0.0158350012121
k__Bacteria;p__Firmicutes;c__Clostridia;o__Clostridiales;f__Lachnospiraceae;g__Roseburia;s__Roseburia_hominis	0.00192853791868	0.0223696995968	-0.0788563810405	-0.00177075489881	-0.0833564125286	0.0716945625004	0.025527116535	-0.0417354548497	-0.0194536602611	0.0555112711671	0.0397857455553	0.0455283938862	-0.00218860614604	0.0401689821153	-0.0167107554789	0.0170342503164	0.0362595261104	-0.0214815779383	-0.0437176554059	0.0083311380878	-0.0461980583349	-0.0227496516975	0.0387368140898	1.77418205481e-05	-0.0790020924698	-0.00203085768174	0.0118918068253	1.0	-0.0634771842477	0.00681139299365	0.0126304467478	-0.0163636044835	0.00892038411886	-0.00211145119747	0.0279782824264	0.00412344394135	0.0548248004144	-0.0170516941679	0.00323496102513	-0.032778918509	0.00564463662476	-0.00766914627	0.0470004081335	-0.0577148049313	0.0268367697919	0.0191776871676	0.0616254110816	-0.022205414884	-0.031054744217	-0.0432621970664	-0.0165164386746	0.0686764044149	0.0246117915302	-0.0675234769879	-0.0335560195933	-0.033772210597	-0.00704858948933	-0.0871574405758	-0.020681701278
k__Bacteria;p__Bacteroidetes;c__Bacteroidia;o__Bacteroidales;f__Porphyromonadaceae;g__Parabacteroides;s__Parabacteroides_johnsonii	-0.00516062365763	-0.0259971372208	-0.0591533622461	-0.0286662423665	-0.00492175316541	0.00985563028785	0.030017311452	-0.0420127107369	-0.0204600578121	0.00152423959311	-0.0524581935963	-0.019984916779	0.016635094202	-0.0101193184002	-0.00762644230539	-0.0451261031157	0.0273549412645	-0.00604963450277	-0.0470709290252	0.0130828387903	-0.0427406759344	0.00125212105354	-0.00807886814181	-0.114019335455	0.00968622483055	0.0025675043035	-0.0290197622787	-0.0634771842477	1.0	0.00447887818995	0.025023262129	-0.0500994223267	0.0313299679271	-0.0275571508066	-0.0428279119838	-0.0559065799172	0.0290054590363	0.0127529734423	-0.0371191874137	-0.0141046889763	-0.0494787094322	0.0477789744131	0.00117406051471	-0.0105171717656	-0.0190304269504	0.0546777875047	-0.0550191551425	-0.0172537805549	0.0574065244619	-0.00827429663911	-0.0158724321083	-0.0363712897637	0.0384529794035	-0.0378260750803	0.00289878074221	0.0176463735088	0.0759340465353	0.00138164452659	-0.0198123590302
k__Bacteria;p__Actinobacteria;c__Actinobacteria;o__Bifidobacteriales;f__Bifidobacteriaceae;g__Bifidobacterium;s__Bifidobacterium_longum	0.0194562850427	0.0517041708092	0.0622803962955	-0.0489687783365	-0.0286051617087	0.0234431277901	0.00681080792218	0.0508542281254	0.0350595594512	0.0589593655005	-0.018328263741	0.061376657826	-0.0493678054725	-0.0845910067065	-0.047690802026	-0.0409457745014	-0.048368665276	-0.00369472581727	-0.030987172536	-0.0231439089583	-0.00167495940709	-0.0322111588435	-0.0245847960545	-5.30097234588e-05	-0.062530900399	0.0370019063045	0.0503598679385	0.00681139299365	0.00447887818995	1.0	-0.00665672434575	-0.0132344528003	-0.0898419164813	0.00166232233266	-0.0464323184399	-0.0419512460472	-0.0638965621776	-0.00694662766411	-0.0268769037183	0.0574323397851	-0.0604935109526	0.0672403995661	0.0120276378798	0.0540284923694	-0.027630425157	-0.0020184065768	0.0305092908429	-0.0696948534431	-0.0551928036746	-0.0357190738462	0.0627183644174	0.0089159152457	0.0243684052944	0.0400763397942	-0.0888109667369	-0.0304216576723	0.00925689539871	0.00683964645424	-0.0357804569173
