#taxonomy	k__Bacteria;p__Bacteroidetes;c__Bacteroidia;o__Bacteroidales;f__Bacteroidaceae;g__Bacteroides;s__Bacteroides_vulgatus	k__Bacteria;p__Bacteroidetes;c__Bacteroidia;o__Bacteroidales;f__Bacteroidaceae;g__Bacteroides;s__Bacteroides_uniformis	k__Bacteria;p__Bacteroidetes;c__Bacteroidia;o__Bacteroidales;f__Rikenellaceae;g__Alistipes;s__Alistipes_putredinis	k__Bacteria;p__Bacteroidetes;c__Bacteroidia;o__Bacteroidales;f__Prevotellaceae;g__Prevotella;s__Prevotella_copri	k__Bacteria;p__Bacteroidetes;c__Bacteroidia;o__Bacteroidales;f__Bacteroidaceae;g__Bacteroides;s__Bacteroides_stercoris	k__Bacteria;p__Bacteroidetes;c__Bacteroidia;o__Bacteroidales;f__Bacteroidaceae;g__Bacteroides;s__Bacteroides_ovatus	k__Bacteria;p__Bacteroidetes;c__Bacteroidia;o__Bacteroidales;f__Rikenellaceae;g__Alistipes;s__Alistipes_shahii	k__Bacteria;p__Firmicutes;c__Clostridia;o__Clostridiales;f__Ruminococcaceae;g__Faecalibacterium;s__Faecalibacterium_prausnitzii	k__Bacteria;p__Bacteroidetes;c__Bacteroidia;o__Bacteroidales;f__Rikenellaceae;g__Alistipes;s__Alistipes_finegoldii	k__Bacteria;p__Bacteroidetes;c__Bacteroidia;o__Bacteroidales;f__Porphyromonadaceae;g__Parabacteroides;s__Parabacteroides_distasonis	k__Bacteria;p__Bacteroidetes;c__Bacteroidia;o__Bacteroidales;f__Bacteroidaceae;g__Bacteroides;s__Bacteroides_thetaiotaomicron	k__Bacteria;p__Bacteroidetes;c__Bacteroidia;o__Bacteroidales;f__Bacteroidaceae;g__Bacteroides;s__Bacteroides_coprocola	k__Bacteria;p__Bacteroidetes;c__Bacteroidia;o__Bacteroidales;f__Bacteroidaceae;g__Bacteroides;s__Bacteroides_cellulosilyticus	k__Bacteria;p__Bacteroidetes;c__Bacteroidia;o__Bacteroidales;f__Rikenellaceae;g__Alistipes;s__Alistipes_obesi	k__Bacteria;p__Firmicutes;c__Clostridia;o__Clostridiales;f__Lachnospiraceae;g__;s__[Eubacterium]_rectale	k__Bacteria;p__Bacteroidetes;c__Bacteroidia;o__Bacteroidales;f__Bacteroidaceae;g__Bacteroides;s__Bacteroides_plebeius	k__Bacteria;p__Bacteroidetes;c__Bacteroidia;o__Bacteroidales;f__Bacteroidaceae;g__Bacteroides;s__Bacteroides_fragilis	k__Bacteria;p__Proteobacteria;c__Betaproteobacteria;o__Burkholderiales;f__Sutterellaceae;g__Sutterella;s__Sutterella_wadsworthensis	k__Bacteria;p__Bacteroidetes;c__Bacteroidia;o__Bacteroidales;f__Porphyromonadaceae;g__Barnesiella;s__Barnesiella_intestinihominis	k__Bacteria;p__Bacteroidetes;c__Bacteroidia;o__Bacteroidales;f__Odoribacteraceae;g__Odoribacter;s__Odoribacter_splanchnicus	k__Bacteria;p__Bacteroidetes;c__Bacteroidia;o__Bacteroidales;f__Bacteroidaceae;g__Bacteroides;s__Bacteroides_salyersiae	k__Bacteria;p__Firmicutes;c__Clostridia;o__Clostridiales;f__Ruminococcaceae;g__Ruminiclostridium;s__[Eubacterium]_siraeum	k__Bacteria;p__Proteobacteria;c__Betaproteobacteria;o__Burkholderiales;f__Sutterellaceae;g__Parasutterella;s__Parasutterella_excrementihominis	k__Bacteria;p__Actinobacteria;c__Actinobacteria;o__Bifidobacteriales;f__Bifidobacteriaceae;g__Bifidobacterium;s__Bifidobacterium_adolescentis	k__Bacteria;p__Firmicutes;c__Clostridia;o__Clostridiales;f__Oscillospiraceae;g__Oscillibacter;s__Oscillibacter_sp._KLE_1745	k__Bacteria;p__Bacteroidetes;c__Bacteroidia;o__Bacteroidales;f__Bacteroidaceae;g__Bacteroides;s__Bacteroides_coprophilus	k__Bacteria;p__Firmicutes;c__Clostridia;o__Clostridiales;f__Lachnospiraceae;g__Roseburia;s__Roseburia_intestinalis	k__Bacteria;p__Firmicutes;c__Clostridia;o__Clostridiales;f__Lachnospiraceae;g__Roseburia;s__Roseburia_hominis	k__Bacteria;p__Bacteroidetes;c__Bacteroidia;o__Bacteroidales;f__Porphyromonadaceae;g__Parabacteroides;s__Parabacteroides_johnsonii	k__Bacteria;p__Actinobacteria;c__Actinobacteria;o__Bifidobacteriales;f__Bifidobacteriaceae;g__Bifidobacterium;s__Bifidobacterium_longum	k__Bacteria;p__Firmicutes;c__Clostridia;o__Clostridiales;f__;g__Flavonifractor;s__Flavonifractor_plautii	k__Bacteria;p__Firmicutes;c__Clostridia;o__Clostridiales;f__Clostridiaceae;g__Clostridium;s__Clostridium_phoceensis	k__Bacteria;p__Verrucomicrobia;c__Verrucomicrobiae;o__Verrucomicrobiales;f__Akkermansiaceae;g__Akkermansia;s__Akkermansia_muciniphila	k__Bacteria;p__Bacteroidetes;c__Bacteroidia;o__Bacteroidales;f__Prevotellaceae;g__Paraprevotella;s__Paraprevotella_xylaniphila	k__Bacteria;p__Firmicutes;c__Clostridia;o__Clostridiales;f__Ruminococcaceae;g__Ruminococcus;s__Ruminococcus_callidus	k__Bacteria;p__Bacteroidetes;c__Bacteroidia;o__Bacteroidales;f__Rikenellaceae;g__Alistipes;s__Alistipes_senegalensis	k__Bacteria;p__Firmicutes;c__Clostridia;o__Clostridiales;f__Lachnospiraceae;g__Blautia;s__Blautia_sp._KLE_1732	k__Bacteria;p__Bacteroidetes;c__Bacteroidia;o__Bacteroidales;f__Bacteroidaceae;g__Bacteroides;s__Bacteroides_oleiciplenus	k__Bacteria;p__Firmicutes;c__Clostridia;o__Clostridiales;f__Ruminococcaceae;g__Ruminococcus;s__Ruminococcus_bicirculans	k__Bacteria;p__Bacteroidetes;c__Bacteroidia;o__Bacteroidales;f__Bacteroidaceae;g__Bacteroides;s__Bacteroides_fluxus	k__Bacteria;p__Bacteroidetes;c__Bacteroidia;o__Bacteroidales;f__Prevotellaceae;g__Prevotella;s__Prevotella_stercorea	k__Bacteria;p__Firmicutes;c__Clostridia;o__Clostridiales;f__Lachnospiraceae;g__Dorea;s__Dorea_longicatena	k__Bacteria;p__Firmicutes;c__Clostridia;o__Clostridiales;f__Eubacteriaceae;g__Eubacterium;s__[Eubacterium]_eligens	k__Bacteria;p__Firmicutes;c__Clostridia;o__Clostridiales;f__Ruminococcaceae;g__;s__Ruminococcaceae_bacterium_D16	k__Bacteria;p__Firmicutes;c__Clostridia;o__Clostridiales;f__Lachnospiraceae;g__Coprococcus;s__Coprococcus_comes	k__Bacteria;p__Proteobacteria;c__Gammaproteobacteria;o__Enterobacterales;f__Enterobacteriaceae;g__Escherichia;s__Escherichia_coli	k__Bacteria;p__Firmicutes;c__Clostridia;o__Clostridiales;f__Ruminococcaceae;g__Anaerotruncus;s__Anaerotruncus_colihominis	k__Bacteria;p__Firmicutes;c__Clostridia;o__Clostridiales;f__Lachnospiraceae;g__Blautia;s__Blautia_obeum	k__Bacteria;p__Bacteroidetes;c__Bacteroidia;o__Bacteroidales;f__Odoribacteraceae;g__Odoribacter;s__Odoribacter_laneus	k__Bacteria;p__Firmicutes;c__Clostridia;o__Clostridiales;f__Ruminococcaceae;g__Ruminiclostridium;s__[Clostridium]_leptum	k__Bacteria;p__Bacteroidetes;c__Bacteroidia;o__Bacteroidales;f__Porphyromonadaceae;g__Parabacteroides;s__Parabacteroides_goldsteinii	k__Bacteria;p__Firmicutes;c__Clostridia;o__Clostridiales;f__Lachnospiraceae;g__Anaerostipes;s__Anaerostipes_hadrus	k__Bacteria;p__Firmicutes;c__Clostridia;o__Clostridiales;f__Ruminococcaceae;g__Ruminococcus;s__Ruminococcus_lactaris	k__Bacteria;p__Firmicutes;c__Clostridia;o__Clostridiales;f__Clostridiaceae;g__Clostridium;s__Clostridium_sp._L2-50	k__Bacteria;p__Firmicutes;c__Clostridia;o__Clostridiales;f__Clostridiaceae;g__Clostridium;s__Clostridium_sp._M62/1	k__Bacteria;p__Firmicutes;c__Clostridia;o__Clostridiales;f__;g__Intestinimonas;s__Intestinimonas_butyriciproducens	k__Bacteria;p__Actinobacteria;c__Actinobacteria;o__Bifidobacteriales;f__Bifidobacteriaceae;g__Bifidobacterium;s__Bifidobacterium_bifidum	k__Bacteria;p__Firmicutes;c__Negativicutes;o__Veillonellales;f__Veillonellaceae;g__Dialister;s__Dialister_invisus	k__Bacteria;p__Bacteroidetes;c__Bacteroidia;o__Bacteroidales;f__Bacteroidaceae;g__Bacteroides;s__Bacteroides_salanitronis
k__Bacteria;p__Bacteroidetes;c__Bacteroidia;o__Bacteroidales;f__Bacteroidaceae;g__Bacteroides;s__Bacteroides_vulgatus	1.0	0.0353450807872	-0.0402140419498	0.00292122008735	-0.0369432955204	-0.0163481597195	0.0126406009426	0.0356140215396	0.0366962341742	0.00501670399328	0.00695263633942	-0.0255890960669	-0.0466252744365	-0.00913858713756	-0.00289892974804	-0.0522172004533	-0.0122370996702	-0.021372847768	-0.0294082908924	0.00221833631453	0.0161571272058	0.0156314345927	0.0115569839349	-0.051580783239	0.0122864647612	0.0146218071963	-0.00686305985558	0.00551365481926	0.0544622277924	-0.00537114292367	0.00289044563324	0.0277552254787	-0.0244127742826	-0.0645911910882	-0.0172898553655	-0.00368669309054	0.0550706814726	-0.0272866633034	-0.00100506740277	0.00973937250527	-0.034929340425	-0.027472090097	-0.0755564441441	-0.02829840294	-0.0165162870905	0.00162088189264	-0.0269552360396	-0.000231106121222	-0.0818323019362	-0.00503646291901	-0.0414298852251	-0.053062052453	0.0174815919308	-0.00861190510291	-0.0103837501873	0.0266971593526	-0.0205263591447	0.00568491794494	-0.0410966633076
k__Bacteria;p__Bacteroidetes;c__Bacteroidia;o__Bacteroidales;f__Bacteroidaceae;g__Bacteroides;s__Bacteroides_uniformis	0.0353450807872	1.0	-0.00418041697045	-0.0503174330284	0.0298102553006	-0.0162687084573	-0.0429395147221	0.0501013495042	0.021193300857	0.0194032265658	-0.00919588301487	0.0378842289803	-0.0423297801607	-0.0134834510112	-0.0427098907663	-0.00743740070783	0.0134612646328	-0.074546048176	0.0614042546286	-0.0459867483388	-0.00851711278113	0.0317984647275	0.0363194582982	-0.0608334692288	0.02249453046	0.0923012628397	0.0242138180752	-0.00344751278141	-0.0386471646632	0.0281142940743	-0.0680221349632	-0.0193400819265	0.00696678664342	-0.0254932162554	0.0471407203695	-0.00439571267006	-0.018982297253	-0.0162806675044	0.0426925816207	0.024126951442	0.0510009121775	-0.0290830553396	-0.0306431258679	-0.0614775349323	-0.0242580946367	0.0279310600573	-0.00296168627445	-0.0258791268951	-0.032433460359	0.0229342472298	-0.0242729513463	0.0049737641204	-0.0483634341611	-0.0463994936365	-0.0292091932028	-0.0261097743252	-0.0180517153935	-0.0270978329859	-0.0126595087635
k__Bacteria;p__Bacteroidetes;c__Bacteroidia;o__Bacteroidales;f__Rikenellaceae;g__Alistipes;s__Alistipes_putredinis	-0.0402140419498	-0.00418041697045	1.0	-0.0118620637654	0.00784272188683	-0.0748684302872	0.0130534636626	0.0266876736592	-0.0466174933129	0.0103236362688	-0.0505301961819	-0.0318987504731	0.00605226153563	-0.0489706250527	-0.0208646341974	-0.00121935993668	0.0108701867293	-0.0345755983673	0.0571080969869	-0.0461273387538	-0.0559310372919	-0.0112814454193	-0.00695419406102	0.0649218909188	-0.0743687314271	0.0164334650884	0.0394808334879	-0.0248465262144	-0.0131903346172	-0.0223397733483	-0.00832471565796	0.0188562853097	0.0357458574824	-0.0101796539531	-0.0776701083961	-0.0136635989714	0.0244970844222	-0.0313983916339	-0.0307593621824	-0.0135120793214	0.0798704730737	7.98110081062e-05	-0.0239124794079	-0.0169565599031	-0.0195751407659	-0.0374241541341	0.0492166585287	-0.00477100625551	0.0714718867857	-0.0043280789273	0.0240156608297	0.0153993254533	0.0371181911962	-0.0197940512934	-0.0947403791602	-0.0305806547536	-0.0656289252014	0.0182313795153	-0.0124140729245
k__Bacteria;p__Bacteroidetes;c__Bacteroidia;o__Bacteroidales;f__Prevotellaceae;g__Prevotella;s__Prevotella_copri	0.00292122008735	-0.0503174330284	-0.0118620637654	1.0	0.0264503991182	0.0362563169462	-0.0334483376551	-0.018837273447	-0.0116110298413	-0.00134129939879	0.0309168874423	0.0844412350113	0.0719052697094	0.0640996366859	-0.000470547456294	-0.0495356149651	0.0107597595417	-0.0268579639756	-0.0680828183935	-0.00249446862092	0.013527240716	-0.000953013590664	-0.0151902639738	-0.0107713957042	0.00437581244777	-0.0163116644942	-0.0254227373238	-0.0342535667448	0.0353430663121	-0.0088721579035	-0.0132269010303	-0.0937551706749	0.0598084406864	0.023037398889	0.0211419239935	0.0138747568499	-0.0558245347376	0.00480642797889	-0.0303695576065	-0.06211061247	-0.0716029542099	0.00456069670007	-0.03000527267	0.0183982406644	0.0492718896842	0.00839460742463	-0.0341964627392	-0.0206475017177	-0.00782815773385	0.0164439089385	-0.0246720902365	-0.0404413433557	-0.0597803244716	-0.00632813396933	0.0354097502493	0.0338926731659	-0.0286439412699	-0.0242354644472	-0.0581690056853
k__Bacteria;p__Bacteroidetes;c__Bacteroidia;o__Bacteroidales;f__Bacteroidaceae;g__Bacteroides;s__Bacteroides_stercoris	-0.0369432955204	0.0298102553006	0.00784272188683	0.0264503991182	1.0	-0.0174573595379	-0.0460835980873	-0.0128845876421	-0.00584212260251	-0.0337026316355	-0.080251883365	0.00913398239956	0.0283583850298	-0.0123503482103	-0.0267511732526	-0.0396914445232	-0.0170822522923	0.0234538828377	0.000985005541904	-0.0492334031903	-0.05018963066	0.0485608837035	-0.0396756612641	0.0419302843936	0.0234886058258	-0.0245769499771	-0.048904307083	0.00994878299348	-0.0372659321051	0.102286561856	-0.0428795318137	-0.0275575790598	0.0127980394051	-0.0448749578741	0.00288034318719	0.0162218620786	-0.0228443844101	-0.00139146154202	-0.0135935386698	-0.0256625020235	-0.0172235833583	0.0223903423709	0.0150503598328	0.0134505284569	0.0439437261632	0.0235410728535	-0.0340056575078	-0.00346343300461	-0.0474610705233	0.0287741595778	-0.0323141058205	-0.00846711114693	0.0108418195825	-0.017626856684	0.0358453693011	-0.0279792449502	-0.0520575516008	-0.0047704027161	-0.0570623296549
k__Bacteria;p__Bacteroidetes;c__Bacteroidia;o__Bacteroidales;f__Bacteroidaceae;g__Bacteroides;s__Bacteroides_ovatus	-0.0163481597195	-0.0162687084573	-0.0748684302872	0.0362563169462	-0.0174573595379	1.0	-0.0030971824685	-0.0125299973136	-0.0229893331365	-0.0441261574502	-0.0141599430715	0.0267208784646	-0.019760232397	0.0365882352701	0.00657675742492	-0.0130185198979	-0.0470603496946	0.000994862318151	0.0176432327459	-0.0182264756541	-0.030143899255	-0.0272420192492	-0.0020094145907	0.0526423491945	-0.0282111875508	-0.0466919836582	0.00235426110783	-0.0112243949609	-0.0499558273809	-0.0340871732725	0.00802989039944	-0.0656335011139	-0.0247203390806	-0.0428428856335	0.0355254462121	0.0101846032169	-0.00819935739518	-0.0125827763759	0.0294977874393	0.0676018071671	-0.0498612793258	0.0361639784494	-0.0328828766955	-0.0204872004173	-0.0305527111144	-0.0220444149231	-0.0428246512062	-0.031539775864	0.0212038995378	0.00334781979981	0.0131221894707	0.0246519348615	-0.0200520258877	0.00924846930686	-0.0349955976869	-0.0015599978984	-0.029316268985	0.0350038375839	-0.0158708205049
k__Bacteria;p__Bacteroidetes;c__Bacteroidia;o__Bacteroidales;f__Rikenellaceae;g__Alistipes;s__Alistipes_shahii	0.0126406009426	-0.0429395147221	0.0130534636626	-0.0334483376551	-0.0460835980873	-0.0030971824685	1.0	-0.0381605148611	-0.00152249584719	0.0236624435616	-0.0821608757273	-0.0103205472684	-0.0165693893678	-0.0479200325373	-0.0294147613012	-0.0489474929156	0.0804082517531	0.00103055545464	-0.0831894149884	0.00480025124161	-0.0184983845795	0.00554697681166	0.00756822407575	-0.00840893622545	-0.0480596588628	0.00997079367826	0.0113088652373	-0.0026353240915	-0.028905528171	-0.0132383122073	0.024684837518	0.068629585462	-0.0264993285775	0.0456655404922	-0.0256798068067	-0.00185289121014	0.0409675975734	0.0174202118401	-0.041614580738	-0.019762267332	0.039155341444	-0.0686407736482	-0.0373147486543	-0.00620845002782	-0.000770375887509	0.0383358117363	-0.0547526487516	0.0424831409148	0.0184484922911	-0.00445836267975	-0.000661865921569	-0.00588198728744	0.00765926224649	0.00667020917711	0.0679860534348	0.0236804762558	-0.0502924495425	-0.00902616052656	-0.00394107711697
k__Bacteria;p__Firmicutes;c__Clostridia;o__Clostridiales;f__Ruminococcaceae;g__Faecalibacterium;s__Faecalibacterium_prausnitzii	0.0356140215396	0.0501013495042	0.0266876736592	-0.018837273447	-0.0128845876421	-0.0125299973136	-0.0381605148611	1.0	-0.0417784200428	-0.0311179242583	-0.0228207187626	-0.00308431699541	0.0401536216018	-0.00143204046181	-0.000597771649021	-0.00109409952118	-0.0105325183907	0.00936768511571	-0.00609861022701	-0.00213372723377	-0.0278793037314	0.0320380122415	0.0292064942081	-0.0601653291236	-0.00505603783556	0.0381277733515	-0.0347442274862	0.0293117564426	0.0189847164479	-0.0427529815722	0.00826203375287	-0.0532123745719	-0.0178924018536	0.03146358145	-0.0490954364107	-0.0114898086222	0.0369939672712	0.0147710430557	0.00970773955918	-0.0169931012727	0.000216954306663	-0.0838320984212	0.0383380102221	-0.0317733388925	-0.0509036781605	0.00515717495785	0.00944638037719	-0.0570175428932	-0.0547066332258	0.0406599040869	-0.00881382969451	0.0446087059895	-0.00861634272875	-0.0322413281524	-0.00248471844479	-0.0183660207306	-0.0181210216687	-0.0212301532226	-0.0261853064462
k__Bacteria;p__Bacteroidetes;c__Bacteroidia;o__Bacteroidales;f__Rikenellaceae;g__Alistipes;s__Alistipes_finegoldii	0.0366962341742	0.021193300857	-0.0466174933129	-0.0116110298413	-0.00584212260251	-0.0229893331365	-0.00152249584719	-0.0417784200428	1.0	0.025073677481	-0.0413708715232	0.0124864368806	-0.00937283420857	0.00327878461352	-0.0371172009372	0.0512121235651	-0.0780261025816	-0.0618220343864	0.00655526861647	-0.0125674494594	-0.0210350104488	-0.00270277688274	-0.0330146083522	0.0144440419638	-0.0133399988619	-0.057977992113	-0.0149876225046	0.0355070193108	-0.00415152179761	0.00395032847645	0.0615655263393	0.0221080107018	0.0483680017898	0.034184682583	-0.0120307818741	-0.0466112679201	-0.0109521122099	-0.0384794824782	0.0201662221031	0.0220643824665	-0.030417075403	0.0239656728426	0.0495594085626	-0.0620043052486	0.0383496610152	-0.0361208566618	-0.013424011079	-0.0465441404044	-0.00101802825936	-0.0602605816061	-0.0483958689686	-0.0219801695595	-0.0147844653744	-0.0343006422472	-0.00367733164397	-0.00200606277415	0.0253621690359	-0.0478682300823	-0.026608041174
k__Bacteria;p__Bacteroidetes;c__Bacteroidia;o__Bacteroidales;f__Porphyromonadaceae;g__Parabacteroides;s__Parabacteroides_distasonis	0.00501670399328	0.0194032265658	0.0103236362688	-0.00134129939879	-0.0337026316355	-0.0441261574502	0.0236624435616	-0.0311179242583	0.025073677481	1.0	0.0478217494456	-0.0238743907156	-0.0206760474396	0.0239986166887	0.0623143943088	-0.0340657892624	0.0676821130905	0.0125544821217	-0.0535515129868	0.031006947224	-0.0180844838546	-0.0134860199968	0.0196446706567	0.00376799886083	-0.10046081684	0.00727216247483	0.0174856758858	-0.0231889096214	-0.060443595714	-0.062483079375	-0.00435928270536	0.0232639448815	0.0119221544193	-0.0277735684709	-0.0287897593277	0.0158584086893	0.00646744179555	0.0479378370111	0.00342601131643	-0.0245083795924	-0.0189600023348	-0.0246573881435	0.00793542914688	-0.0363596808594	0.0244435664593	0.0225382435525	0.0159046659808	-0.042462249652	-0.0119099128722	-0.0414817501319	-0.107666866141	-0.0467899931626	0.0101303439187	0.0417121544741	-0.00301420774132	0.0141832967121	0.0397982515947	0.0542682052475	0.00097952104217
k__Bacteria;p__Bacteroidetes;c__Bacteroidia;o__Bacteroidales;f__Bacteroidaceae;g__Bacteroides;s__Bacteroides_thetaiotaomicron	0.00695263633942	-0.00919588301487	-0.0505301961819	0.0309168874423	-0.080251883365	-0.0141599430715	-0.0821608757273	-0.0228207187626	-0.0413708715232	0.0478217494456	1.0	0.00536988858077	-0.00793747501514	-0.049366847427	0.0149650750454	-0.00188562496258	0.0672516945471	-0.0090003734011	-0.001838669118	-0.0557184633135	-0.0256842785647	0.0394199611022	0.0157715854134	0.024226955399	0.0306359076424	-0.0275847144856	-0.0228375450634	-0.0147545809003	-0.0346811449756	-0.0682133560365	0.0351650420377	-0.071524532684	0.0141116983312	0.0126346657667	-0.029968173619	0.00340973224221	0.0242996918478	-0.0240138424055	0.0338224299239	-0.0415873959111	-0.0349696386233	0.0254403260664	-0.0282392619131	-0.00634019902132	-0.0479217019332	-0.0110374534063	-0.0348635666397	-0.0197948405975	0.00590932084432	0.0174096659653	-0.0397043778745	0.0259696160665	-0.0520065919437	-0.0378352922747	0.0555390142066	0.0517136447773	-0.00963442952664	-0.0310066336055	-0.00151932600925
k__Bacteria;p__Bacteroidetes;c__Bacteroidia;o__Bacteroidales;f__Bacteroidaceae;g__Bacteroides;s__Bacteroides_coprocola	-0.0255890960669	0.0378842289803	-0.0318987504731	0.0844412350113	0.00913398239956	0.0267208784646	-0.0103205472684	-0.00308431699541	0.0124864368806	-0.0238743907156	0.00536988858077	1.0	0.00605018958297	0.0168184176484	0.0110118353741	-0.0146286412963	0.0229398720945	0.0547278235246	-0.0155736955337	-0.0537909846826	-0.0263059678166	0.00971830458578	0.0548138834613	-0.063173568994	0.00596633433621	-0.0494021061371	0.0173875500629	-0.0352945449625	0.0269761522665	-0.0308747399259	0.0485273561606	0.0194196026766	0.037646685588	0.0455562013142	0.0324886758761	-0.040309412895	-0.0630652412496	0.0462294186136	0.0259646434197	-0.050241515847	-0.021422811551	-0.0545363586944	-0.00566298749409	-0.0510876395242	-0.0110219561664	-0.0554963927675	0.039663790153	0.0317893395941	0.00741461271037	-0.0821229785398	-0.0400263127999	0.0406738380509	-0.0546301933421	-0.0148838709222	0.0282865077638	-0.0459623806363	-0.0104094403166	-0.0566181186122	0.02430990059
k__Bacteria;p__Bacteroidetes;c__Bacteroidia;o__Bacteroidales;f__Bacteroidaceae;g__Bacteroides;s__Bacteroides_cellulosilyticus	-0.0466252744365	-0.0423297801607	0.00605226153563	0.0719052697094	0.0283583850298	-0.019760232397	-0.0165693893678	0.0401536216018	-0.00937283420857	-0.0206760474396	-0.00793747501514	0.00605018958297	1.0	-0.0648815047175	-0.0210474503663	-0.00213518146383	-0.0808826952057	0.0717551083993	0.038480589885	-0.0105295427111	-0.00697983505496	-0.078881096325	0.0133807677276	0.00674424549314	-0.0461985483567	-0.0322255765718	0.000631058500116	0.0116983786115	0.00971600687096	0.0830859260053	0.0128852021856	-0.049098479614	0.00978977071515	-0.0138055718053	-0.0316394366609	-0.0172554327571	-0.0839812546428	0.00797368768981	-0.0200792505793	-0.0219428009635	-0.0228561503244	-0.0058314821709	0.00191697290366	-0.0621078155998	-0.00449654192146	0.0450389055989	-0.0199561656947	-0.0326557078355	-0.0474482054038	-0.057905638972	-0.0236952962919	0.0134339388249	0.0614884877943	0.0294250818589	0.0487381886697	-0.086727823061	-0.00723719389823	-0.0138061013903	-0.0116928225622
k__Bacteria;p__Bacteroidetes;c__Bacteroidia;o__Bacteroidales;f__Rikenellaceae;g__Alistipes;s__Alistipes_obesi	-0.00913858713756	-0.0134834510112	-0.0489706250527	0.0640996366859	-0.0123503482103	0.0365882352701	-0.0479200325373	-0.00143204046181	0.00327878461352	0.0239986166887	-0.049366847427	0.0168184176484	-0.0648815047175	1.0	0.0634164544932	0.0761164494908	0.033553228281	-0.0513187990114	0.00644479444337	-0.00540133473359	0.01662839297	0.040738326082	0.00177436854687	0.0243234798607	0.0214096689724	0.044031361348	0.0147512250876	0.0148526097891	-0.00179458057212	-0.0237865613058	-0.0451951053963	-0.0242076163093	-0.0134501699821	0.0425390636872	0.024078876776	0.00948261952913	0.0639816725706	0.00795533500185	-0.061658015015	0.0009474535809	-0.0329801620812	0.0167228112929	0.0129296186377	0.017704384668	0.012403677326	0.00889236780015	-0.0191733149183	-0.0519776078172	0.0144391015527	-0.0521371200473	0.0361853324588	0.0133769371401	-0.083982323182	0.0282132096394	0.0281275607526	-0.0286633787269	0.00530424957768	0.0388073074221	-0.000843845972222
k__Bacteria;p__Firmicutes;c__Clostridia;o__Clostridiales;f__Lachnospiraceae;g__;s__[Eubacterium]_rectale	-0.00289892974804	-0.0427098907663	-0.0208646341974	-0.000470547456294	-0.0267511732526	0.00657675742492	-0.0294147613012	-0.000597771649021	-0.0371172009372	0.0623143943088	0.0149650750454	0.0110118353741	-0.0210474503663	0.0634164544932	1.0	-0.000605826393586	0.054255379096	-0.0476123264295	-0.0452537258075	-0.0255931062124	0.054270434675	-0.0142502522406	-0.0520234867393	-0.0542979296278	-0.0142739095497	-0.01232889887	-0.0463089500277	0.00700618133832	-0.01594370013	-0.0184736556364	0.0101291582473	0.0336414351515	0.0203463440975	-0.0406074715577	0.0292000333823	0.00641598341544	-0.0135716466482	-0.0390370598798	-0.0215454276028	-0.0479211642186	0.00667112729617	0.0246150388456	-0.015447331293	0.0507723307996	-0.0165284897658	0.0183726852156	-0.00230509616014	0.0115919700244	0.0223624240561	-0.0846389969356	-0.0147210837608	0.0161968279175	-0.013097233453	0.0396662997905	-0.0276119141344	-0.0286063731434	-0.0368760434431	-0.00741002065416	-0.0473219019712
k__Bacteria;p__Bacteroidetes;c__Bacteroidia;o__Bacteroidales;f__Bacteroidaceae;g__Bacteroides;s__Bacteroides_plebeius	-0.0522172004533	-0.00743740070783	-0.00121935993668	-0.0495356149651	-0.0396914445232	-0.0130185198979	-0.0489474929156	-0.00109409952118	0.0512121235651	-0.0340657892624	-0.00188562496258	-0.0146286412963	-0.00213518146383	0.0761164494908	-0.000605826393586	1.0	0.00589596285379	-0.0271534148491	0.00752253490652	0.0222000696066	-0.073454719696	0.00286212841488	0.0508585577551	0.026462643337	-0.00126515159948	0.101868584221	-0.0111720397707	-0.00675793944505	-0.0437151625177	-0.0256564698403	0.0331703485321	-0.0611330612175	-0.00764410650143	0.00506335273137	-0.0339665842028	0.0397167570159	-0.0564682882584	-0.0805218700535	0.0189693576698	-0.0368166742151	-0.00238434293501	0.084316810264	0.0268054684659	0.0798111821498	-0.0300918626109	0.0701807943076	-0.00661743869054	0.012856488033	0.0373126556913	-0.0223935232433	-0.0593846437535	-0.0589536030876	-0.0300749969517	-0.00451112413099	-0.0368885663426	0.00309707921654	-0.0210665780448	-0.0102842874922	-0.0343982639234
k__Bacteria;p__Bacteroidetes;c__Bacteroidia;o__Bacteroidales;f__Bacteroidaceae;g__Bacteroides;s__Bacteroides_fragilis	-0.0122370996702	0.0134612646328	0.0108701867293	0.0107597595417	-0.0170822522923	-0.0470603496946	0.0804082517531	-0.0105325183907	-0.0780261025816	0.0676821130905	0.0672516945471	0.0229398720945	-0.0808826952057	0.033553228281	0.054255379096	0.00589596285379	1.0	0.00764440663708	-0.0374271071814	-0.0683751377591	0.0209911488934	0.00135092299818	-0.0151328539446	-0.0365616061405	0.0256787742779	-0.0251852397045	-0.0755039935538	0.0558902965626	0.0576154183067	-0.0285724766708	-0.0204917901094	-0.0507960165852	-0.035754259586	-0.0324285713187	0.0255367755582	0.0281949457777	-0.0549076557387	0.0901752683583	0.0143631577539	-0.0427662047489	-0.013113835667	-0.031745722687	-0.000529204896116	-0.00278195861863	-0.0438492328448	0.055313323499	-0.0468288356768	-0.0190191281971	0.0348452577971	-0.0593896969948	0.0333961954488	-0.0163542715292	-0.00414645300643	-0.0231086548242	-0.0309432423694	-0.0532069430537	-0.0162668618982	-0.0490855941444	0.0117091740586
k__Bacteria;p__Proteobacteria;c__Betaproteobacteria;o__Burkholderiales;f__Sutterellaceae;g__Sutterella;s__Sutterella_wadsworthensis	-0.021372847768	-0.074546048176	-0.0345755983673	-0.0268579639756	0.0234538828377	0.000994862318151	0.00103055545464	0.00936768511571	-0.0618220343864	0.0125544821217	-0.0090003734011	0.0547278235246	0.0717551083993	-0.0513187990114	-0.0476123264295	-0.0271534148491	0.00764440663708	1.0	0.0135271875383	-0.0353815264048	0.0119060388578	-0.0370052897254	0.00489926334465	-0.0273366902649	0.049671934934	-0.0436370833125	-0.0584103879337	0.000445340653343	0.0158741361891	-0.0427027795018	-0.0367818166275	-0.0410116216151	0.0106340652758	-0.0221742136592	0.0601848774138	-0.0656007624579	-0.0205020558947	-0.00535273464404	0.00713032213468	-0.0766460667247	-0.0207898102157	-0.0327055788389	0.0254151234015	-0.0627587149003	0.013789484501	0.03458439625	-0.072757361079	-0.0690678363269	-0.0115261403137	0.06231169591	0.00818477383536	-0.102700559235	-0.036694909626	-0.0222682547014	0.00584815045495	-0.0541589137838	-0.0159794503427	0.0155077368435	0.00337273180643
k__Bacteria;p__Bacteroidetes;c__Bacteroidia;o__Bacteroidales;f__Porphyromonadaceae;g__Barnesiella;s__Barnesiella_intestinihominis	-0.0294082908924	0.0614042546286	0.0571080969869	-0.0680828183935	0.000985005541904	0.0176432327459	-0.0831894149884	-0.00609861022701	0.00655526861647	-0.0535515129868	-0.001838669118	-0.0155736955337	0.038480589885	0.00644479444337	-0.0452537258075	0.00752253490652	-0.0374271071814	0.0135271875383	1.0	0.00758608345779	0.0181756410566	0.00303537648493	-0.056508589898	-0.0335839137068	0.0676684936672	-0.0128438048866	-0.0303468929269	0.00194904741818	-0.0685432687644	-0.0105416697226	-0.0300919380992	-0.0305311726128	-0.0391726162225	0.0403629719933	0.0422717652387	-0.0072899619232	0.00721456651143	0.0614716915585	0.0240150455099	0.0103107622435	-0.0325589453952	-0.0110034750947	-0.0321482716701	0.067965165181	-0.0154747024082	-0.0202864833867	0.00980228675551	-0.00544992613646	-0.0567317443814	0.00270982716161	0.0252600090931	0.0472725125358	-0.0513894752457	-0.0608758440551	-0.0169772441628	-0.0196884195382	0.0587786100685	-0.0237501744504	-0.0712483786584
k__Bacteria;p__Bacteroidetes;c__Bacteroidia;o__Bacteroidales;f__Odoribacteraceae;g__Odoribacter;s__Odoribacter_splanchnicus	0.00221833631453	-0.0459867483388	-0.0461273387538	-0.00249446862092	-0.0492334031903	-0.0182264756541	0.00480025124161	-0.00213372723377	-0.0125674494594	0.031006947224	-0.0557184633135	-0.0537909846826	-0.0105295427111	-0.00540133473359	-0.0255931062124	0.0222000696066	-0.0683751377591	-0.0353815264048	0.00758608345779	1.0	0.0337568867174	0.00428092490078	-0.0485342088869	-0.0299507635729	0.00841458716164	-0.0128048409295	-0.0134121732949	-0.0486321410769	-0.0122118044872	-0.0404649968561	-0.0341092724567	0.0113458719949	0.0117909033396	0.0666177366765	-0.00671259548046	-0.0452832632038	-0.00353496862317	0.0261502665196	-0.000719364923709	-0.0398320301959	0.00652951287393	-0.0378323186046	0.0150207101169	-0.0119308531344	-0.0494660234279	0.0404573662864	0.00861408544512	-0.00622200363365	-0.0516757192042	0.0101375091289	-0.0508413789363	0.00276229705026	0.0494859185713	0.00781356456605	0.0305652911435	0.0383131895415	0.0262629077701	-0.0446804820466	0.00412307050569
k__Bacteria;p__Bacteroidetes;c__Bacteroidia;o__Bacteroidales;f__Bacteroidaceae;g__Bacteroides;s__Bacteroides_salyersiae	0.0161571272058	-0.00851711278113	-0.0559310372919	0.013527240716	-0.05018963066	-0.030143899255	-0.0184983845795	-0.0278793037314	-0.0210350104488	-0.0180844838546	-0.0256842785647	-0.0263059678166	-0.00697983505496	0.01662839297	0.054270434675	-0.073454719696	0.0209911488934	0.0119060388578	0.0181756410566	0.0337568867174	1.0	0.0299084825549	-0.00438995511964	0.00350276455829	-0.022263614578	-0.048646627386	0.0194619723199	-0.0634615546868	-0.035184926112	-0.00335805668143	0.0271193251444	-0.00580216126797	-0.0595127285547	-0.0315435691584	0.0164594950405	-0.00918117428027	0.00343134642639	-0.010583069978	-0.0316639748372	-0.0192358924159	-0.0588262260489	-0.0657664675359	-0.08094128581	0.0788487895727	-0.0116977743349	-0.0523785654662	0.0100381875506	0.0169312860537	-0.00999335048518	-0.0164858294898	0.00896518058649	0.0793599772858	0.00837439142546	-0.00819844281165	0.075863974149	-0.028632479153	-0.0341272347884	-0.0248269564572	0.0340259002793
k__Bacteria;p__Firmicutes;c__Clostridia;o__Clostridiales;f__Ruminococcaceae;g__Ruminiclostridium;s__[Eubacterium]_siraeum	0.0156314345927	0.0317984647275	-0.0112814454193	-0.000953013590665	0.0485608837035	-0.0272420192492	0.00554697681166	0.0320380122415	-0.00270277688274	-0.0134860199968	0.0394199611022	0.00971830458578	-0.078881096325	0.040738326082	-0.0142502522406	0.00286212841488	0.00135092299818	-0.0370052897254	0.00303537648493	0.00428092490078	0.0299084825549	1.0	0.0163435700318	0.00140501462774	-0.00375883072141	0.0162092619621	-0.0216652138195	-0.076655463212	-0.0920965434997	-0.0427939575316	-0.0386710162082	-0.0174465151716	-0.0741360489126	0.0497732224549	0.010548604921	0.00360831446676	0.0356550673534	-0.0220408655013	0.0235845653687	-0.0543691394599	-0.0136330706987	0.0633810600154	-0.0273974964185	-0.0386920609786	-0.0106055197963	-0.0102992655552	0.00171741513549	0.00891303469464	-0.0245083188773	-0.0191281581663	-0.000639450827543	0.0589029177105	0.0612682888134	-0.0725417717158	-0.00391047257141	-0.0103992674294	-0.00950975409192	0.0455514221292	-0.041190507119
k__Bacteria;p__Proteobacteria;c__Betaproteobacteria;o__Burkholderiales;f__Sutterellaceae;g__Parasutterella;s__Parasutterella_excrementihominis	0.0115569839349	0.0363194582982	-0.00695419406102	-0.0151902639738	-0.0396756612641	-0.0020094145907	0.00756822407575	0.0292064942081	-0.0330146083522	0.0196446706567	0.0157715854134	0.0548138834613	0.0133807677276	0.00177436854687	-0.0520234867393	0.0508585577551	-0.0151328539446	0.00489926334465	-0.056508589898	-0.0485342088869	-0.00438995511964	0.0163435700318	1.0	-0.0467738627784	0.0448978904213	-0.0354314092029	0.0297515338366	0.0655932870022	-0.0622727833974	0.0257704664306	0.0721057900539	0.0344722227429	0.0284213849943	-0.0131796358959	0.0239764448114	-0.0033070057633	-0.0202470060391	-0.00711922490155	-0.0191802420718	-0.0803731236262	0.029613221806	0.00060713243187	-0.0869918118427	-0.0451519676911	-0.0439403422599	-0.0615579179583	-0.072572988035	0.0159732562371	0.0192245600137	-0.00328343333862	-0.0352284683698	-0.00360519170121	0.00101898310608	0.013110169465	0.00414231648448	-0.0494471389973	-0.0554833905459	-0.0166589897649	0.0308851816109
k__Bacteria;p__Actinobacteria;c__Actinobacteria;o__Bifidobacteriales;f__Bifidobacteriaceae;g__Bifidobacterium;s__Bifidobacterium_adolescentis	-0.051580783239	-0.0608334692288	0.0649218909188	-0.0107713957042	0.0419302843936	0.0526423491945	-0.00840893622545	-0.0601653291236	0.0144440419638	0.00376799886083	0.024226955399	-0.063173568994	0.00674424549314	0.0243234798607	-0.0542979296278	0.026462643337	-0.0365616061405	-0.0273366902649	-0.0335839137068	-0.0299507635729	0.00350276455829	0.00140501462774	-0.0467738627784	1.0	-0.0628388241791	-0.0114825720332	-0.0181238259451	0.0154894172046	0.00338713791536	-0.00463435619743	0.0323740225022	-0.0729509441244	0.00633505611544	0.00157718183944	0.0140980070737	-0.00449170590455	-0.00609004666066	-0.0165074307027	0.0204553284312	0.0170978366397	0.0198055718017	-0.0073256122737	-0.0163103131258	-0.0459112201837	0.0672073148965	0.0125733741001	-0.0477269850744	0.0552446772235	-0.00620797285211	-0.0255688581538	0.00179086364999	0.019029172176	-0.0127388379437	-0.0258350790887	0.0141947651566	0.0440759939384	-0.0297644364313	0.0478359671857	-0.079224912179
k__Bacteria;p__Firmicutes;c__Clostridia;o__Clostridiales;f__Oscillospiraceae;g__Oscillibacter;s__Oscillibacter_sp._KLE_1745	0.0122864647612	0.02249453046	-0.0743687314271	0.00437581244777	0.0234886058258	-0.0282111875508	-0.0480596588628	-0.00505603783556	-0.0133399988619	-0.10046081684	0.0306359076424	0.00596633433621	-0.0461985483567	0.0214096689724	-0.0142739095497	-0.00126515159948	0.0256787742779	0.049671934934	0.0676684936672	0.00841458716164	-0.022263614578	-0.00375883072141	0.0448978904213	-0.0628388241791	1.0	0.0210097707622	-0.0642862072534	0.031887656555	-0.00924248912691	0.000146852141379	0.0665153568093	0.010786317374	-0.00197567423287	-0.0310618621263	-0.0103152319684	-0.0112458188939	-0.0134236884106	-0.0612729546626	0.00646638718954	-0.0310765626954	0.0243143361192	0.0034332264658	-0.0355904220723	0.004647165369	0.0540953355973	0.0141456498332	-0.0221130366761	-0.0820238596803	-0.0224270964162	-0.0514377201219	-0.00419611945406	-0.00903040368922	-0.0246080793954	-0.044311577034	-0.0150971476901	-0.0652571057183	0.00483453883123	-0.03217284627	-0.0385177879799
k__Bacteria;p__Bacteroidetes;c__Bacteroidia;o__Bacteroidales;f__Bacteroidaceae;g__Bacteroides;s__Bacteroides_coprophilus	0.0146218071963	0.0923012628397	0.0164334650884	-0.0163116644942	-0.0245769499771	-0.0466919836582	0.00997079367826	0.0381277733515	-0.057977992113	0.00727216247483	-0.0275847144856	-0.0494021061371	-0.0322255765718	0.044031361348	-0.01232889887	0.101868584221	-0.0251852397045	-0.0436370833125	-0.0128438048866	-0.0128048409295	-0.048646627386	0.0162092619621	-0.0354314092029	-0.0114825720332	0.0210097707622	1.0	0.00668678133496	-0.00771099646343	-0.0712828900406	-0.0257858674106	-0.0211896333219	-0.0284328136037	-0.0310704435082	-0.0160769198312	-0.0207230570562	0.0191889194715	-0.0120731623638	-0.00309238463762	-0.0408106068161	0.00190367073412	0.0371923390887	0.0220612327092	-0.0680355763907	-0.025018473695	-0.0077329029803	0.0415349272111	-0.0242636264561	-0.0361009143595	-0.0795586366231	0.00898015076673	0.0475861946611	-0.020713697829	-0.0239691058152	0.0460873350116	0.0699233625463	0.0542295027481	-0.0770409267936	-0.0226796953382	0.00288326981855
k__Bacteria;p__Firmicutes;c__Clostridia;o__Clostridiales;f__Lachnospiraceae;g__Roseburia;s__Roseburia_intestinalis	-0.00686305985558	0.0242138180752	0.0394808334879	-0.0254227373238	-0.048904307083	0.00235426110783	0.0113088652373	-0.0347442274862	-0.0149876225046	0.0174856758858	-0.0228375450634	0.0173875500629	0.000631058500116	0.0147512250876	-0.0463089500277	-0.0111720397707	-0.0755039935538	-0.0584103879337	-0.0303468929269	-0.0134121732949	0.0194619723199	-0.0216652138195	0.0297515338366	-0.0181238259451	-0.0642862072534	0.00668678133496	1.0	-0.0410914660008	0.0622775033597	0.0292349243609	-0.0160014654756	-0.0562140234221	-0.00334541808577	-0.0296958748513	-0.0281456225376	-0.00100388715034	0.00688419047618	-0.0103058080987	0.00428559961539	-0.046945649077	-0.043061996757	0.0183211064084	0.0300557304336	0.0808271083526	0.00299369741394	-0.0212488289523	-0.0088922350791	-0.039293643043	-0.00792031276689	-0.0363456338947	-0.0265714196495	-0.0462679528532	0.0655715304788	0.0142491205107	0.0147396490474	-0.0721688124303	0.00242589270478	-0.00521074736472	0.0024752481517
k__Bacteria;p__Firmicutes;c__Clostridia;o__Clostridiales;f__Lachnospiraceae;g__Roseburia;s__Roseburia_hominis	0.00551365481926	-0.00344751278141	-0.0248465262144	-0.0342535667448	0.00994878299348	-0.0112243949609	-0.0026353240915	0.0293117564426	0.0355070193108	-0.0231889096214	-0.0147545809003	-0.0352945449625	0.0116983786115	0.0148526097891	0.00700618133832	-0.00675793944505	0.0558902965626	0.000445340653343	0.00194904741818	-0.0486321410769	-0.0634615546868	-0.076655463212	0.0655932870022	0.0154894172046	0.031887656555	-0.00771099646343	-0.0410914660008	1.0	-0.0214659821478	0.0161843764872	-0.0648212273638	0.0268700771831	0.0259585025046	-0.0271591567087	0.0199119779378	-0.0680843194258	0.0131378421907	0.0298671930327	-0.0165030381483	-0.036401774745	-0.0207395673085	0.0266574877919	-0.00649243535724	-0.045567081446	-0.012533008993	-0.029112402514	-0.0333785839196	-0.070670590112	0.020903425507	-0.021642986124	-0.0148627363054	-0.0360518900426	-0.0196867848508	-0.0337287492009	-0.000922052179248	-0.0501080240241	0.00902707228851	-0.0591222761721	0.0379268340252
k__Bacteria;p__Bacteroidetes;c__Bacteroidia;o__Bacteroidales;f__Porphyromonadaceae;g__Parabacteroides;s__Parabacteroides_johnsonii	0.0544622277924	-0.0386471646632	-0.0131903346172	0.0353430663121	-0.0372659321051	-0.0499558273809	-0.028905528171	0.0189847164479	-0.00415152179761	-0.060443595714	-0.0346811449756	0.0269761522665	0.00971600687096	-0.00179458057212	-0.01594370013	-0.0437151625177	0.0576154183067	0.0158741361891	-0.0685432687644	-0.0122118044872	-0.035184926112	-0.0920965434997	-0.0622727833974	0.00338713791536	-0.00924248912691	-0.0712828900406	0.0622775033597	-0.0214659821478	1.0	0.00719700982638	-0.0638248464322	0.00300413004588	-0.0340750235921	0.0132983995833	0.0229288299967	-0.00963877237663	-0.0177537230416	0.0248782014232	-0.0163274097033	-0.0264127311012	-0.0583858870873	-0.0154761310847	0.0059087602165	-0.00599943415421	0.0508166840834	0.00609192970566	-0.00733390150024	0.0482880015319	0.0178610949594	-0.0116354859753	0.038286912634	0.0306459942072	0.0199091272079	-0.0107298545867	-0.0231599389831	0.0594391101576	0.0163077850606	-0.0560263094537	-0.000791848159706
k__Bacteria;p__Actinobacteria;c__Actinobacteria;o__Bifidobacteriales;f__Bifidobacteriaceae;g__Bifidobacterium;s__Bifidobacterium_longum	-0.00537114292367	0.0281142940743	-0.0223397733483	-0.0088721579035	0.102286561856	-0.0340871732725	-0.0132383122073	-0.0427529815722	0.00395032847645	-0.062483079375	-0.0682133560365	-0.0308747399259	0.0830859260053	-0.0237865613058	-0.0184736556364	-0.0256564698403	-0.0285724766708	-0.0427027795018	-0.0105416697226	-0.0404649968561	-0.00335805668143	-0.0427939575316	0.0257704664306	-0.00463435619743	0.00014685214138	-0.0257858674106	0.0292349243609	0.0161843764872	0.00719700982638	1.0	0.00697674317138	-0.0275320580817	0.0153624470081	-0.0367895234786	-0.0209455290991	-0.0201730713595	0.0169530719413	-0.0341774552173	-0.0268715152247	-0.0338647570902	0.00442700637439	-0.0228912694323	-0.0260202090506	-0.0136188440461	-0.0176605634426	0.0240389646965	-0.0219435693013	-0.0533962925722	0.0283392899965	0.0120747552902	-0.0341700000952	-0.0172101572266	-0.0026633914088	-0.043774700815	0.00710099130712	0.0082521177246	-0.0284320645282	0.00865268927985	0.0283680873896
