#taxonomy	k__Bacteria;p__Bacteroidetes;c__Bacteroidia;o__Bacteroidales;f__Bacteroidaceae;g__Bacteroides;s__Bacteroides_vulgatus	k__Bacteria;p__Bacteroidetes;c__Bacteroidia;o__Bacteroidales;f__Bacteroidaceae;g__Bacteroides;s__Bacteroides_uniformis	k__Bacteria;p__Bacteroidetes;c__Bacteroidia;o__Bacteroidales;f__Rikenellaceae;g__Alistipes;s__Alistipes_putredinis	k__Bacteria;p__Bacteroidetes;c__Bacteroidia;o__Bacteroidales;f__Prevotellaceae;g__Prevotella;s__Prevotella_copri	k__Bacteria;p__Bacteroidetes;c__Bacteroidia;o__Bacteroidales;f__Bacteroidaceae;g__Bacteroides;s__Bacteroides_stercoris	k__Bacteria;p__Bacteroidetes;c__Bacteroidia;o__Bacteroidales;f__Bacteroidaceae;g__Bacteroides;s__Bacteroides_ovatus	k__Bacteria;p__Bacteroidetes;c__Bacteroidia;o__Bacteroidales;f__Rikenellaceae;g__Alistipes;s__Alistipes_shahii	k__Bacteria;p__Firmicutes;c__Clostridia;o__Clostridiales;f__Ruminococcaceae;g__Faecalibacterium;s__Faecalibacterium_prausnitzii	k__Bacteria;p__Bacteroidetes;c__Bacteroidia;o__Bacteroidales;f__Rikenellaceae;g__Alistipes;s__Alistipes_finegoldii	k__Bacteria;p__Bacteroidetes;c__Bacteroidia;o__Bacteroidales;f__Porphyromonadaceae;g__Parabacteroides;s__Parabacteroides_distasonis	k__Bacteria;p__Bacteroidetes;c__Bacteroidia;o__Bacteroidales;f__Bacteroidaceae;g__Bacteroides;s__Bacteroides_thetaiotaomicron	k__Bacteria;p__Bacteroidetes;c__Bacteroidia;o__Bacteroidales;f__Bacteroidaceae;g__Bacteroides;s__Bacteroides_coprocola	k__Bacteria;p__Bacteroidetes;c__Bacteroidia;o__Bacteroidales;f__Bacteroidaceae;g__Bacteroides;s__Bacteroides_cellulosilyticus	k__Bacteria;p__Bacteroidetes;c__Bacteroidia;o__Bacteroidales;f__Rikenellaceae;g__Alistipes;s__Alistipes_obesi	k__Bacteria;p__Firmicutes;c__Clostridia;o__Clostridiales;f__Lachnospiraceae;g__;s__[Eubacterium]_rectale	k__Bacteria;p__Bacteroidetes;c__Bacteroidia;o__Bacteroidales;f__Bacteroidaceae;g__Bacteroides;s__Bacteroides_plebeius	k__Bacteria;p__Bacteroidetes;c__Bacteroidia;o__Bacteroidales;f__Bacteroidaceae;g__Bacteroides;s__Bacteroides_fragilis	k__Bacteria;p__Proteobacteria;c__Betaproteobacteria;o__Burkholderiales;f__Sutterellaceae;g__Sutterella;s__Sutterella_wadsworthensis	k__Bacteria;p__Bacteroidetes;c__Bacteroidia;o__Bacteroidales;f__Porphyromonadaceae;g__Barnesiella;s__Barnesiella_intestinihominis	k__Bacteria;p__Bacteroidetes;c__Bacteroidia;o__Bacteroidales;f__Odoribacteraceae;g__Odoribacter;s__Odoribacter_splanchnicus	k__Bacteria;p__Bacteroidetes;c__Bacteroidia;o__Bacteroidales;f__Bacteroidaceae;g__Bacteroides;s__Bacteroides_salyersiae	k__Bacteria;p__Firmicutes;c__Clostridia;o__Clostridiales;f__Ruminococcaceae;g__Ruminiclostridium;s__[Eubacterium]_siraeum	k__Bacteria;p__Proteobacteria;c__Betaproteobacteria;o__Burkholderiales;f__Sutterellaceae;g__Parasutterella;s__Parasutterella_excrementihominis	k__Bacteria;p__Actinobacteria;c__Actinobacteria;o__Bifidobacteriales;f__Bifidobacteriaceae;g__Bifidobacterium;s__Bifidobacterium_adolescentis	k__Bacteria;p__Firmicutes;c__Clostridia;o__Clostridiales;f__Oscillospiraceae;g__Oscillibacter;s__Oscillibacter_sp._KLE_1745	k__Bacteria;p__Bacteroidetes;c__Bacteroidia;o__Bacteroidales;f__Bacteroidaceae;g__Bacteroides;s__Bacteroides_coprophilus	k__Bacteria;p__Firmicutes;c__Clostridia;o__Clostridiales;f__Lachnospiraceae;g__Roseburia;s__Roseburia_intestinalis	k__Bacteria;p__Firmicutes;c__Clostridia;o__Clostridiales;f__Lachnospiraceae;g__Roseburia;s__Roseburia_hominis	k__Bacteria;p__Bacteroidetes;c__Bacteroidia;o__Bacteroidales;f__Porphyromonadaceae;g__Parabacteroides;s__Parabacteroides_johnsonii	k__Bacteria;p__Actinobacteria;c__Actinobacteria;o__Bifidobacteriales;f__Bifidobacteriaceae;g__Bifidobacterium;s__Bifidobacterium_longum	k__Bacteria;p__Firmicutes;c__Clostridia;o__Clostridiales;f__;g__Flavonifractor;s__Flavonifractor_plautii	k__Bacteria;p__Firmicutes;c__Clostridia;o__Clostridiales;f__Clostridiaceae;g__Clostridium;s__Clostridium_phoceensis	k__Bacteria;p__Verrucomicrobia;c__Verrucomicrobiae;o__Verrucomicrobiales;f__Akkermansiaceae;g__Akkermansia;s__Akkermansia_muciniphila	k__Bacteria;p__Bacteroidetes;c__Bacteroidia;o__Bacteroidales;f__Prevotellaceae;g__Paraprevotella;s__Paraprevotella_xylaniphila	k__Bacteria;p__Firmicutes;c__Clostridia;o__Clostridiales;f__Ruminococcaceae;g__Ruminococcus;s__Ruminococcus_callidus	k__Bacteria;p__Bacteroidetes;c__Bacteroidia;o__Bacteroidales;f__Rikenellaceae;g__Alistipes;s__Alistipes_senegalensis	k__Bacteria;p__Firmicutes;c__Clostridia;o__Clostridiales;f__Lachnospiraceae;g__Blautia;s__Blautia_sp._KLE_1732	k__Bacteria;p__Bacteroidetes;c__Bacteroidia;o__Bacteroidales;f__Bacteroidaceae;g__Bacteroides;s__Bacteroides_oleiciplenus	k__Bacteria;p__Firmicutes;c__Clostridia;o__Clostridiales;f__Ruminococcaceae;g__Ruminococcus;s__Ruminococcus_bicirculans	k__Bacteria;p__Bacteroidetes;c__Bacteroidia;o__Bacteroidales;f__Bacteroidaceae;g__Bacteroides;s__Bacteroides_fluxus	k__Bacteria;p__Bacteroidetes;c__Bacteroidia;o__Bacteroidales;f__Prevotellaceae;g__Prevotella;s__Prevotella_stercorea	k__Bacteria;p__Firmicutes;c__Clostridia;o__Clostridiales;f__Lachnospiraceae;g__Dorea;s__Dorea_longicatena	k__Bacteria;p__Firmicutes;c__Clostridia;o__Clostridiales;f__Eubacteriaceae;g__Eubacterium;s__[Eubacterium]_eligens	k__Bacteria;p__Firmicutes;c__Clostridia;o__Clostridiales;f__Ruminococcaceae;g__;s__Ruminococcaceae_bacterium_D16	k__Bacteria;p__Firmicutes;c__Clostridia;o__Clostridiales;f__Lachnospiraceae;g__Coprococcus;s__Coprococcus_comes	k__Bacteria;p__Proteobacteria;c__Gammaproteobacteria;o__Enterobacterales;f__Enterobacteriaceae;g__Escherichia;s__Escherichia_coli	k__Bacteria;p__Firmicutes;c__Clostridia;o__Clostridiales;f__Ruminococcaceae;g__Anaerotruncus;s__Anaerotruncus_colihominis	k__Bacteria;p__Firmicutes;c__Clostridia;o__Clostridiales;f__Lachnospiraceae;g__Blautia;s__Blautia_obeum	k__Bacteria;p__Bacteroidetes;c__Bacteroidia;o__Bacteroidales;f__Odoribacteraceae;g__Odoribacter;s__Odoribacter_laneus	k__Bacteria;p__Firmicutes;c__Clostridia;o__Clostridiales;f__Ruminococcaceae;g__Ruminiclostridium;s__[Clostridium]_leptum	k__Bacteria;p__Bacteroidetes;c__Bacteroidia;o__Bacteroidales;f__Porphyromonadaceae;g__Parabacteroides;s__Parabacteroides_goldsteinii	k__Bacteria;p__Firmicutes;c__Clostridia;o__Clostridiales;f__Lachnospiraceae;g__Anaerostipes;s__Anaerostipes_hadrus	k__Bacteria;p__Firmicutes;c__Clostridia;o__Clostridiales;f__Ruminococcaceae;g__Ruminococcus;s__Ruminococcus_lactaris	k__Bacteria;p__Firmicutes;c__Clostridia;o__Clostridiales;f__Clostridiaceae;g__Clostridium;s__Clostridium_sp._L2-50	k__Bacteria;p__Firmicutes;c__Clostridia;o__Clostridiales;f__Clostridiaceae;g__Clostridium;s__Clostridium_sp._M62/1	k__Bacteria;p__Firmicutes;c__Clostridia;o__Clostridiales;f__;g__Intestinimonas;s__Intestinimonas_butyriciproducens	k__Bacteria;p__Actinobacteria;c__Actinobacteria;o__Bifidobacteriales;f__Bifidobacteriaceae;g__Bifidobacterium;s__Bifidobacterium_bifidum	k__Bacteria;p__Firmicutes;c__Negativicutes;o__Veillonellales;f__Veillonellaceae;g__Dialister;s__Dialister_invisus	k__Bacteria;p__Bacteroidetes;c__Bacteroidia;o__Bacteroidales;f__Bacteroidaceae;g__Bacteroides;s__Bacteroides_salanitronis
k__Bacteria;p__Bacteroidetes;c__Bacteroidia;o__Bacteroidales;f__Bacteroidaceae;g__Bacteroides;s__Bacteroides_vulgatus	1.0	-0.0368654532528	-0.0775556899837	0.04096144704	0.0228115128058	0.0708921591511	0.0195866213671	0.0176122378587	0.0270764939781	0.0349592823123	0.039694566661	-0.00353871037274	-0.0106527504542	0.00837557754743	0.000972050026857	0.0400897926947	-0.0527754524754	-0.0109948689069	0.0228998858909	0.0319245330764	0.0191645468668	-0.00373045991833	-0.0223984872053	-0.0637591348051	0.0500595014683	-0.000507624312447	-0.0487298719341	-0.0566153189366	0.0143393054609	-0.0631385146629	-0.0288908654932	-0.0382857526545	-0.020376752669	-0.0601710417599	-0.0164714596322	-0.0377094444007	0.00591276366036	0.0531397808142	-0.00285570325357	0.00936958134274	-0.0452190126823	0.0378324837352	-0.0363722998649	-0.028106471195	0.0131038846739	0.012969155771	0.0431686852032	0.0481572627725	-0.0754145946266	-0.0614885800022	-0.0202728338442	-0.025874480984	-0.0257509618881	-0.0877969725738	0.043135589117	0.00475961299501	0.03597494871	-0.0595313370582	0.0204922537511
k__Bacteria;p__Bacteroidetes;c__Bacteroidia;o__Bacteroidales;f__Bacteroidaceae;g__Bacteroides;s__Bacteroides_uniformis	-0.0368654532528	1.0	-0.0180714097126	0.00442183121628	-0.0391052300576	-0.0185495632404	0.047443887052	0.0286325626423	-0.0262735625708	0.0740722984564	-0.0365145624716	-0.0661553858389	-0.0199685195129	-0.0255615386208	0.0159128145496	-0.109790277878	0.024169648902	-0.0748870953064	0.036238029554	-0.0138985788218	0.0187600374778	0.0218324289516	-0.00796892373854	-0.018066041937	-0.0284702808888	0.027763370658	-0.0097982636177	-0.0125463328522	-0.0196727145194	-0.00573928464383	-0.000288858337953	-0.00811601474327	0.00436470100665	-0.0359206269652	-0.0633206138003	0.00836322705637	0.0424282774399	0.0259928991375	-0.058503538846	-0.0466895330345	0.0559933836506	-0.0769159935668	0.0128668123162	-0.0631391396428	0.0120300215994	0.0247978192536	-0.00962348140597	-0.0157528236185	0.0375966587758	0.00846574036306	-0.0427583647888	0.00772949667913	-0.0119221134702	0.0253857546362	-0.0287458931489	0.0027502444905	-0.025899519827	-0.052611471766	0.0242447472924
k__Bacteria;p__Bacteroidetes;c__Bacteroidia;o__Bacteroidales;f__Rikenellaceae;g__Alistipes;s__Alistipes_putredinis	-0.0775556899837	-0.0180714097126	1.0	0.0134970872144	-0.0416457073234	-0.0359437360429	-0.0110684436505	0.0311827930564	0.0292981606918	-0.0022589924367	0.0271729317894	-0.0607693414569	-0.0472801716855	-0.0238215164589	-0.066455041051	-0.0150964472118	0.0135369720855	0.00689998811749	-0.0409832411991	-0.0182393506901	-0.0178100012747	0.0420892141123	0.0115120059766	-0.0702263365438	0.0235647519996	0.00127627675447	-0.0216704151995	-0.0231683171183	-0.0109031029031	0.0224057926005	0.00652040837482	-0.0463384404532	0.00712593414728	-0.00142437719873	0.00596299969498	0.0109850089874	-0.0233728604076	-0.044316651686	-0.0432910239076	-0.0197667333291	-0.0222140369458	0.00843274251354	-0.00423809209381	0.0462387124515	0.0335095135399	-0.0673299014136	-0.00286039949904	-0.000329637782202	-0.0332463186964	0.00296443435293	0.0499194344763	0.0369369808665	-0.0134386108264	-0.0135522336514	0.00800094781659	0.0262726610957	-0.0330049625582	-0.0567765944742	-0.0758449436908
k__Bacteria;p__Bacteroidetes;c__Bacteroidia;o__Bacteroidales;f__Prevotellaceae;g__Prevotella;s__Prevotella_copri	0.04096144704	0.00442183121628	0.0134970872144	1.0	0.0254980252087	-0.0493055858606	0.0194599960703	0.0414978314907	-0.0378540419281	0.0232740424711	0.0578728440292	-0.0511814925075	0.0310100977752	-0.0439848955185	-0.0496184414434	-0.067325224574	0.020356940094	-0.0355679255237	0.0258579139116	0.0266608631565	-0.0243593759448	-0.0341833833456	-0.0104830986205	-0.0237627465746	-0.100654386677	-0.0341145043034	-0.0129799242054	0.0361868393722	-0.019599995047	-0.0223473423736	-0.0305028711907	-0.0124336239683	-0.00452420984285	0.0335296709187	-0.0589600781193	0.0134690729247	-0.0112992047208	-0.0178843242451	0.0243941306111	-0.0229554826773	-0.0322933369134	-0.0242926857946	0.0289575343441	-0.0333738611614	-0.0686343928198	-0.0259947353862	-0.0108303825094	-0.0511609639211	-0.0559982925409	0.0247771805937	-0.0386523541137	-0.0157967036156	0.0178197349847	-0.021473684897	-0.0610817635414	0.00455564269354	0.0874777822258	-0.044572569114	0.0184791180285
k__Bacteria;p__Bacteroidetes;c__Bacteroidia;o__Bacteroidales;f__Bacteroidaceae;g__Bacteroides;s__Bacteroides_stercoris	0.0228115128058	-0.0391052300576	-0.0416457073234	0.0254980252087	1.0	0.0322416583045	0.00663200029357	0.0251669821407	0.0179745751153	0.0270183950933	0.0335869747286	-0.0372206094892	0.00993987117015	-0.0552904829256	-0.0377780622974	0.00297669972916	-0.0203219773378	0.0317210883479	0.0295090260178	-0.00916954951411	0.0244844490123	-0.0506996973854	-0.00948513056788	-0.0343134492739	-0.0124375960535	0.0330766371613	-0.000552138242911	0.0478210219882	-0.0430150671058	0.00704435379583	-0.040171650672	0.0729384145391	0.0307902700642	0.0279222216267	0.0369248209984	0.00297128703759	0.0278839015399	-0.0274217436946	0.0327878943305	-0.0396202201187	0.0290453970007	0.0262901686751	0.00567217315007	-0.063280224152	-0.0347481155665	0.0017909495687	-0.017347703066	-0.0488430418715	-0.0550135902831	0.0229478560077	0.00971601669538	-0.00122081979335	-0.0305148883774	-0.0396181619427	0.0199485605035	0.0357861910237	-0.0158671587423	-0.0922302634853	-0.0352495067849
k__Bacteria;p__Bacteroidetes;c__Bacteroidia;o__Bacteroidales;f__Bacteroidaceae;g__Bacteroides;s__Bacteroides_ovatus	0.0708921591511	-0.0185495632404	-0.0359437360429	-0.0493055858606	0.0322416583045	1.0	-0.0562515951992	-0.0806161214893	-0.0113031889827	-0.0278936793276	-0.019668214794	-0.0143496171855	-0.037430860659	-0.0132987545914	-0.0284110041758	-0.0179258395139	-0.00729466886688	0.0149624024141	-0.0527485306524	-0.0297027323322	-0.0844571581313	-0.0443541838393	0.0544298556794	0.0303558756744	0.0157087603263	0.0172037805697	-0.00384361872149	-0.0305691363337	0.0448526495601	-0.0322245278097	-0.0877359285191	-0.0179374472409	-0.0348811159627	-0.0694241172197	-0.0393143772701	0.0590970105037	0.0512554677324	0.0562698748648	0.0448515397518	0.00156815837401	0.00193967844544	0.0250226617976	0.00813841161354	0.0349144797513	-0.0787441666055	0.00289687197242	-0.0433799508907	-0.00248143345828	-0.0170380686329	0.0326753889243	0.0401941101443	-0.0807648888703	-0.0323685817321	-0.0132069592395	-0.01517430755	0.0236651001414	0.0254104937533	-0.00247282856032	-0.0724529585884
k__Bacteria;p__Bacteroidetes;c__Bacteroidia;o__Bacteroidales;f__Rikenellaceae;g__Alistipes;s__Alistipes_shahii	0.0195866213671	0.047443887052	-0.0110684436505	0.0194599960703	0.00663200029357	-0.0562515951992	1.0	-0.0437665307293	0.0261572383744	-0.0186140942609	-0.0166429641877	0.0407875565022	-0.0664889581784	-0.0455490175948	0.0158366733059	-0.0316739943271	0.0230218874923	0.0259745846154	-0.0452696664651	0.0491361983522	0.0369835010722	0.00264391049262	-0.0355228066628	0.0494175238427	-0.00932093115121	0.0382274978889	-0.0462422287079	-0.0530866772366	-0.0310253136409	-0.0104642571833	-0.0295046967876	-0.0376445388006	-0.0241837817276	-0.0321589151755	0.0128043064942	-0.0512236809329	0.0657298248352	-0.0608990898727	0.0244562701975	0.00483167417289	-0.0112467602781	0.00947461101489	-0.0409782358932	0.0227352590025	-0.0120150288653	-0.0609645389436	-0.0271592240805	0.0717791537471	-0.061249267844	-0.0779594313021	0.0279365179836	-0.0299531713473	-0.0194429790371	-0.0324809359145	0.011497198951	-0.0523076696077	0.0409887348573	0.0651392305543	-0.00675727850401
k__Bacteria;p__Firmicutes;c__Clostridia;o__Clostridiales;f__Ruminococcaceae;g__Faecalibacterium;s__Faecalibacterium_prausnitzii	0.0176122378587	0.0286325626423	0.0311827930564	0.0414978314907	0.0251669821407	-0.0806161214893	-0.0437665307293	1.0	-0.0690488246198	-0.0336790848916	0.00248120911097	0.0293249842875	0.0202259393445	-0.0680935823287	0.00856039191681	-0.0193987889035	-0.00512019624406	0.0507932467167	-0.0474057165332	-0.0034406471181	0.0151538637693	-0.0311552397035	0.0987583612842	-0.0249038044297	-0.0599259801939	-0.0309171610303	0.0360266006732	-0.00492621926556	0.00748001510601	-0.00337483770001	-0.0128562493705	-0.0374840535213	-0.0350782751922	0.0402473937604	-0.059080967761	-0.0293303958299	-0.0527730673756	-0.0512292437939	0.0419998756365	0.0159243850919	-0.0236771264311	-0.0634784055283	-0.0649207220917	-0.0797201222477	0.0485037716387	0.00479315055534	-0.075382945108	0.0176640685959	-0.00906548375288	0.0579694920103	-0.0147572218296	-0.0121832488666	-0.0128622543157	0.027486237058	0.0344881819339	-0.0584951951922	0.0755849407067	0.0102527758837	-0.041019996836
k__Bacteria;p__Bacteroidetes;c__Bacteroidia;o__Bacteroidales;f__Rikenellaceae;g__Alistipes;s__Alistipes_finegoldii	0.0270764939781	-0.0262735625708	0.0292981606918	-0.0378540419281	0.0179745751153	-0.0113031889827	0.0261572383744	-0.0690488246198	1.0	0.0195678863642	-0.0428648436795	-0.0221458644959	-0.0151403950201	0.0188206465271	-0.00419459505564	-0.0121665273022	-0.00241860080257	-0.0184684771182	0.0148761616566	-0.0738953402307	-0.096961042273	0.0518491699027	0.0610766149983	-0.0177983550126	-0.0134457866936	-0.0476917336366	-0.0103524475614	-0.0255851741754	0.021168173107	-0.0309805741818	-0.0421497170756	-0.0283914378137	-0.0928944715418	0.016656855964	-0.0175891952332	-0.0123705424799	0.0327219908645	0.0187555566289	-0.0119647016981	-0.0481990093738	-0.0114056343145	-0.0409554982079	0.000965566965698	-0.00724178980872	0.0379268321125	0.0297384998121	-0.00125598340521	0.00664060338362	-0.00899511936574	0.013897074427	0.019651893765	0.0674581572121	0.0381155747666	0.0343553032683	-0.0316950896147	0.0232793445157	-0.0539703911085	0.0107494893906	-0.000871789462627
k__Bacteria;p__Bacteroidetes;c__Bacteroidia;o__Bacteroidales;f__Porphyromonadaceae;g__Parabacteroides;s__Parabacteroides_distasonis	0.0349592823123	0.0740722984564	-0.0022589924367	0.0232740424711	0.0270183950933	-0.0278936793276	-0.0186140942609	-0.0336790848916	0.0195678863642	1.0	-0.0118226685774	-0.013500587342	-0.0407918610981	-0.0375544035692	0.0391280883963	-0.0284206951713	-0.0664450350919	-0.0215882894623	0.0243085806871	0.00194458855125	0.0467660574047	-0.0514710287555	-0.068158492187	0.013481062914	0.023076165742	0.00832601237102	-0.00106039639708	0.0521676165876	0.00298795176206	-0.0136602825592	-0.0493331609526	0.0593619665368	-0.051373540985	0.0229719648804	-0.0355279133757	-0.0570477776525	0.0160990701011	0.0229785577281	0.0393507564738	-0.00626226126976	-0.0169519443032	-0.054594975102	-0.00651616928175	0.0121544361142	-0.055746362131	0.0440026144668	-0.0620056364691	-0.06792890175	-0.00761812330538	-0.0121414484073	-0.0265723771123	0.0423419489238	-0.0336534382552	-0.00446134257069	-0.0907327012714	-0.0338034930413	-0.0509547527796	0.00256878986528	0.0183200525767
k__Bacteria;p__Bacteroidetes;c__Bacteroidia;o__Bacteroidales;f__Bacteroidaceae;g__Bacteroides;s__Bacteroides_thetaiotaomicron	0.039694566661	-0.0365145624716	0.0271729317894	0.0578728440292	0.0335869747286	-0.019668214794	-0.0166429641877	0.00248120911097	-0.0428648436795	-0.0118226685774	1.0	-0.0215189616191	-0.00699266385672	-0.0637027831686	-0.040831548021	-0.0345047681047	-0.0559474238644	-0.0451738097551	-0.0665021881276	0.0103818724322	-0.0378273672045	-0.0652754381847	-0.00325615940194	-0.049929892586	0.0225622665743	-0.0103535257733	0.0397756541266	0.0244527304916	0.0338924174922	-0.0564926673706	0.0105930241539	0.0225577646296	0.00309657639007	-0.0174059251282	-0.0163599885273	-0.0738249175681	0.00740733945688	-0.032666530725	0.00136147030584	0.0275746196302	-0.0345075842643	0.00953347942493	-0.00787085103407	-0.0115644334909	-0.021252383549	-0.015861318901	0.0399814799395	0.00405160003957	-0.00794979322686	0.0206530425391	-0.016445654157	-0.0456899858098	-0.0633374096089	-0.0206652581123	0.0280975331076	0.0367403032675	-0.0485608907519	0.0289714826848	-0.0177979057967
k__Bacteria;p__Bacteroidetes;c__Bacteroidia;o__Bacteroidales;f__Bacteroidaceae;g__Bacteroides;s__Bacteroides_coprocola	-0.00353871037274	-0.0661553858389	-0.0607693414569	-0.0511814925075	-0.0372206094892	-0.0143496171855	0.0407875565022	0.0293249842875	-0.0221458644959	-0.013500587342	-0.0215189616191	1.0	0.0162515028619	-0.00023191030536	0.0633632348628	0.0129536295455	-0.040922251656	0.0346185430978	0.0350282589603	-0.0284723083211	0.0253641446323	0.0118479874029	-0.00246041749975	0.074998278205	0.0155380897812	-0.0395628760437	-0.0135459158204	0.0227895132553	-0.0149324421483	0.0314932660458	-0.0137998422043	-0.0413310100349	0.000940064462257	0.0579707375334	-0.0141687179756	0.0181829172699	-0.00327132987996	0.0420742888966	0.0565669988274	0.0265897924058	-0.0109247427817	-0.020471522861	-0.00685386085989	-0.0123380232942	-0.0170252586488	-0.00311523970669	0.0347858442372	0.0319728935898	-0.0699951518031	-0.0595333368535	-0.0513234816914	-0.0569733916887	-0.00172117745978	-0.0593531740705	0.00527833002872	-0.0387984591183	-0.00299755449292	-0.0251907894376	0.0588342851544
k__Bacteria;p__Bacteroidetes;c__Bacteroidia;o__Bacteroidales;f__Bacteroidaceae;g__Bacteroides;s__Bacteroides_cellulosilyticus	-0.0106527504542	-0.0199685195129	-0.0472801716855	0.0310100977752	0.00993987117015	-0.037430860659	-0.0664889581784	0.0202259393445	-0.0151403950201	-0.0407918610981	-0.00699266385672	0.0162515028619	1.0	0.00620598725937	-0.0439537016538	0.0258378762485	0.00924274871924	0.00643116502496	0.0129622656191	0.00452920785782	-0.0446957125864	0.0144934639255	-0.0580875765414	-0.0148531092072	0.0406911773592	0.0302036729683	-0.0359888869053	-0.0306266159638	-0.0523567038342	0.0262711093687	0.0689332674139	0.00782225535232	-0.0228038926828	0.0196589461654	0.0366865683919	-0.0200168251205	0.02042790622	-0.020566678406	0.0030617697855	0.023508462058	-0.0387976191026	-0.0341358190341	0.0112386417485	0.00440166351401	-0.00197728124781	-0.0475881104685	-0.000525754524194	-0.0196146547369	0.00473304879678	0.0105132271993	0.0347073399959	-0.0510639880344	-0.056510341274	-0.00972469345069	-0.0730047684062	0.0534409776973	-0.0175628477807	-0.0459788331246	-0.00559987133416
k__Bacteria;p__Bacteroidetes;c__Bacteroidia;o__Bacteroidales;f__Rikenellaceae;g__Alistipes;s__Alistipes_obesi	0.00837557754743	-0.0255615386208	-0.0238215164589	-0.0439848955185	-0.0552904829256	-0.0132987545914	-0.0455490175948	-0.0680935823287	0.0188206465271	-0.0375544035692	-0.0637027831686	-0.00023191030536	0.00620598725937	1.0	0.0144473980104	-0.028805981317	0.0374331345525	-0.0530375962907	0.00531151951643	0.0308328682317	-0.0117976477771	-0.0541938381662	0.0145998080703	0.0138111600797	-0.0354849542113	0.0203741020819	-0.0579450870575	0.0216286567576	0.0368584154051	0.0378476117194	0.0309563890806	-0.0213411902647	-0.0211117546833	-0.0233975643251	0.0419803369249	-0.00455463690091	-0.0265746760295	0.0315732477592	-0.0291998074017	0.0527765932035	0.0411247269383	-0.0126941847663	-0.0415253069176	0.0406361776967	0.0174025939969	-0.0021946643033	-0.0665970075035	0.0184486459243	0.0338887475787	-0.0527321109272	-0.0369309556457	0.0439219931171	-0.00483249251828	0.01834946213	0.0478897169036	-0.0142833487799	-0.0396748539042	0.0297398973429	0.0205190786103
k__Bacteria;p__Firmicutes;c__Clostridia;o__Clostridiales;f__Lachnospiraceae;g__;s__[Eubacterium]_rectale	0.000972050026856	0.0159128145496	-0.066455041051	-0.0496184414434	-0.0377780622974	-0.0284110041758	0.0158366733059	0.00856039191681	-0.00419459505564	0.0391280883963	-0.040831548021	0.0633632348628	-0.0439537016538	0.0144473980104	1.0	-0.0193318414176	-0.0166152846337	-0.033067005617	-0.0700092371636	-0.00786753803288	0.066949371838	-0.0215073136534	0.116849483035	0.00400640231541	0.0104723057917	-0.0408356643297	-0.0454984932291	0.0117369042219	0.0425587837979	0.0189927109919	0.0211498399943	-0.0350316089746	0.00892781022587	0.0261700069658	-0.0610177163143	0.0400411907668	-0.042147869868	-0.015746688071	-0.00462080438057	-0.0640297746804	0.0349395811149	-0.0552556314238	-0.0938069031907	-0.0121922439283	0.00378395880134	-0.0609778387621	0.011323772798	0.0497261889108	0.0190535376715	-0.0388194622403	-0.00948739655251	0.011770919272	0.0401473746972	-0.00581894615559	0.0310839280055	-0.058703146855	0.00946315709543	0.014651171017	-0.0260553294082
k__Bacteria;p__Bacteroidetes;c__Bacteroidia;o__Bacteroidales;f__Bacteroidaceae;g__Bacteroides;s__Bacteroides_plebeius	0.0400897926947	-0.109790277878	-0.0150964472118	-0.067325224574	0.00297669972916	-0.0179258395139	-0.0316739943271	-0.0193987889035	-0.0121665273022	-0.0284206951713	-0.0345047681047	0.0129536295455	0.0258378762485	-0.028805981317	-0.0193318414176	1.0	-0.0124523413839	-0.00881446059143	-0.061743463508	-0.0397104317206	0.0144238698879	-0.0139871711122	-0.00764481813193	-0.053964263352	0.0237554666494	0.0262223602617	0.0644315818604	-0.071057924246	-0.00913474907853	-0.0138001659316	-0.00987969645143	-0.0741678383677	-0.0418703333713	-0.0226029794489	0.0156196304241	0.0211148032057	-0.0215740130279	-0.0489877364278	0.0310030183665	0.00461008583284	0.0281034520562	0.0835162752099	-0.0267959260081	-0.00664285404576	-0.0437842607438	0.0494522549629	-0.0763566080932	0.0565371385621	0.0364423535768	0.00258107878353	-0.0149724354968	-0.038090049123	-0.00227588336248	0.0526191757641	0.04979218342	-0.0328401373881	0.00649717222217	-0.00235085339604	0.00699589332468
k__Bacteria;p__Bacteroidetes;c__Bacteroidia;o__Bacteroidales;f__Bacteroidaceae;g__Bacteroides;s__Bacteroides_fragilis	-0.0527754524754	0.024169648902	0.0135369720855	0.020356940094	-0.0203219773378	-0.00729466886688	0.0230218874923	-0.00512019624406	-0.00241860080257	-0.0664450350919	-0.0559474238644	-0.040922251656	0.00924274871924	0.0374331345525	-0.0166152846337	-0.0124523413839	1.0	-0.039180506642	0.0132719469673	-0.0013455951837	0.00619358564373	-0.0322536540739	0.0335968934666	0.00236584913893	-0.0228174431545	-0.0403257739374	-0.0201375077197	-0.0340989077611	0.0124851165406	0.050859126234	0.000799450699434	0.0469559286712	-0.00106724907414	-0.00905777620361	0.0126080983568	0.00184722860108	0.0376074787691	0.00838306444894	-0.0622398714247	-0.0767066530999	0.05074210764	-0.0185647215634	-0.0375261306947	-0.00121303287403	-0.0183035785282	-0.00168315513794	-0.0375862831102	0.0278615990731	0.0451201467393	0.0318938520624	-0.00320036719405	-0.0567828242428	0.0135099666412	0.039075043221	0.0147352080666	-0.0198588027927	-0.0235013258028	-0.0246846251207	-0.00376970473834
k__Bacteria;p__Proteobacteria;c__Betaproteobacteria;o__Burkholderiales;f__Sutterellaceae;g__Sutterella;s__Sutterella_wadsworthensis	-0.0109948689069	-0.0748870953064	0.00689998811749	-0.0355679255237	0.0317210883479	0.0149624024141	0.0259745846154	0.0507932467167	-0.0184684771182	-0.0215882894623	-0.0451738097551	0.0346185430978	0.00643116502496	-0.0530375962907	-0.033067005617	-0.00881446059143	-0.039180506642	1.0	-0.020370778314	0.0358413226339	0.0327601090169	0.0122429977816	-0.048350013619	-0.0764710877036	0.0193736635994	-0.0851868587901	0.00300438991348	-0.045471521147	0.0173729308927	0.0365996385503	-0.00615373067495	-0.0503246669027	0.0123173920192	-0.04764206326	-0.0207260000963	0.0021185036978	-0.00378698921019	-0.0538777053975	-0.0479759526384	0.0113346449472	-0.0328245410385	0.0342893445785	-0.0432576312125	0.00597564588629	0.0160085185569	0.0140388135882	-0.0115719428497	-0.037703823185	0.00747163251817	-0.032858280639	0.00119022157942	0.043209058446	0.0273677328234	0.00883335566229	0.016476402418	0.0353667758683	0.0338102749369	0.0236005845041	0.0092994957241
k__Bacteria;p__Bacteroidetes;c__Bacteroidia;o__Bacteroidales;f__Porphyromonadaceae;g__Barnesiella;s__Barnesiella_intestinihominis	0.0228998858909	0.036238029554	-0.0409832411991	0.0258579139116	0.0295090260178	-0.0527485306524	-0.0452696664651	-0.0474057165332	0.0148761616566	0.0243085806871	-0.0665021881276	0.0350282589603	0.0129622656191	0.00531151951643	-0.0700092371636	-0.061743463508	0.0132719469673	-0.020370778314	1.0	0.000343749207114	-0.00699940260469	0.0612176716315	0.00897121796684	0.0137501777015	-0.0160279506401	0.0282925287971	-0.0203708596956	0.00832179939792	0.00700028685969	0.0101900626411	-0.0793868807892	0.0289206802978	-0.0420539163113	-0.0115899962693	0.0194613049978	-0.0088409344014	0.0482593902894	-0.00997960646801	-0.0929720841891	0.0624632128603	0.0028666417175	-0.022875956944	0.0349916053032	0.00682255250206	-0.0345314182135	0.017030725822	-0.0296998519591	-0.0347168302781	-0.0380877901086	-0.0230542634015	0.0837831914288	-0.00925782206503	0.0738094822728	-0.038005118145	-0.066272897556	-0.0514962489494	0.0278093658783	-0.0116433229588	-0.00762044948374
k__Bacteria;p__Bacteroidetes;c__Bacteroidia;o__Bacteroidales;f__Odoribacteraceae;g__Odoribacter;s__Odoribacter_splanchnicus	0.0319245330764	-0.0138985788218	-0.0182393506901	0.0266608631565	-0.00916954951411	-0.0297027323322	0.0491361983522	-0.0034406471181	-0.0738953402307	0.00194458855125	0.0103818724322	-0.0284723083211	0.00452920785782	0.0308328682317	-0.00786753803288	-0.0397104317206	-0.0013455951837	0.0358413226339	0.000343749207114	1.0	-0.058977865028	-0.0047575940727	0.000998323388312	0.0473457450042	-0.031780960065	0.00254141235317	-0.0154844053786	-0.0352421628788	-0.0407589364559	0.0624385674284	-0.0159115477228	0.000466915134938	0.0185863888248	0.0559648897101	0.0311367472797	-0.031193036191	-0.0402957607966	-0.0617156720381	0.00965104694756	0.0265534655459	0.0226850068204	-0.00394349854171	-0.0264759481546	-0.035090724838	-0.0315499568012	-0.0198170428542	0.0274557098414	0.0216232864024	-0.0223791803142	-0.00155722117997	-0.0513250200728	0.0262974747109	-0.022573572748	-0.0333613099833	-0.00737257898278	0.0107504777551	0.010430262447	0.0492435080208	0.00324680303391
k__Bacteria;p__Bacteroidetes;c__Bacteroidia;o__Bacteroidales;f__Bacteroidaceae;g__Bacteroides;s__Bacteroides_salyersiae	0.0191645468668	0.0187600374778	-0.0178100012747	-0.0243593759448	0.0244844490123	-0.0844571581313	0.0369835010722	0.0151538637693	-0.096961042273	0.0467660574047	-0.0378273672045	0.0253641446323	-0.0446957125864	-0.0117976477771	0.066949371838	0.0144238698879	0.00619358564373	0.0327601090169	-0.00699940260469	-0.058977865028	1.0	-0.00163921740597	0.00645301681947	0.0377653473364	-0.00571743372029	-0.0136726780371	-0.0402796912763	0.00421047350037	-0.00269237070377	0.0288142876534	-0.0419303391689	-0.0186877036511	-0.0391650054098	0.0467990011142	0.0060443832082	-0.0226827427947	-0.057893151285	0.0219055984797	-0.0683638566581	0.0379595598427	-0.0237558402573	-0.044147847975	0.00894812902276	0.0180191924086	-0.0429680576124	0.033537674164	0.0115834551864	-0.0270377222131	-0.0221040232095	0.0203518845245	-0.00698295395737	0.0228915080173	-0.0426232745112	-0.0124393281267	-0.0274631290753	0.00864055873656	-0.0213450341064	-0.0348079613131	-0.071294699951
k__Bacteria;p__Firmicutes;c__Clostridia;o__Clostridiales;f__Ruminococcaceae;g__Ruminiclostridium;s__[Eubacterium]_siraeum	-0.00373045991833	0.0218324289516	0.0420892141123	-0.0341833833456	-0.0506996973854	-0.0443541838393	0.00264391049262	-0.0311552397035	0.0518491699027	-0.0514710287555	-0.0652754381847	0.0118479874029	0.0144934639255	-0.0541938381662	-0.0215073136534	-0.0139871711122	-0.0322536540739	0.0122429977816	0.0612176716315	-0.0047575940727	-0.00163921740597	1.0	0.0353561652504	0.0275185831271	-0.0593591453785	-0.0402546098886	0.0659680051101	0.0381824913268	-0.0240563473562	-2.17948390851e-05	-0.0102077748912	-0.00105479450814	-0.0352548149782	-0.0455329844216	-0.0418862206228	0.017049510576	0.035389563363	-0.0371666983076	-0.0232177546393	0.0160713350674	0.0418472942812	-0.00921307873949	0.0349713034259	0.01364903017	0.0283335453996	0.00505256814043	0.0527114352965	0.0241774309334	-0.0639894922472	-0.0557162200864	-0.00450246035821	-0.0319439294639	-0.017121554053	0.0120170003418	-0.0750234868926	0.0391606942347	0.0146034725737	-0.0116906013037	-0.0260180349467
k__Bacteria;p__Proteobacteria;c__Betaproteobacteria;o__Burkholderiales;f__Sutterellaceae;g__Parasutterella;s__Parasutterella_excrementihominis	-0.0223984872053	-0.00796892373854	0.0115120059766	-0.0104830986205	-0.00948513056788	0.0544298556794	-0.0355228066628	0.0987583612842	0.0610766149983	-0.068158492187	-0.00325615940194	-0.00246041749975	-0.0580875765414	0.0145998080703	0.116849483035	-0.00764481813193	0.0335968934666	-0.048350013619	0.00897121796684	0.000998323388312	0.00645301681947	0.0353561652504	1.0	0.0127363902348	-0.0162681658649	-0.0120337222384	0.00423103539307	-0.0543953283621	0.0360681897702	0.0340196909775	-0.0253548446334	0.00439799251024	-0.00714454895709	0.00367916334874	0.0336207304819	-0.0613865738332	-0.0499551568727	-0.0109861344285	0.0490988825117	-0.0629940188883	0.0367654938801	-0.0605019861841	-0.0459815409998	-0.0207027396686	-0.0136180891051	0.0212784699449	0.0253824018492	-0.0466996514465	0.0231237107011	-0.0580168904725	-0.038423483734	-0.0350892680427	-0.0485833929606	-0.0403252957861	0.0440019350475	-0.0195446947712	0.0352679006072	0.0457394224414	0.0429413773391
k__Bacteria;p__Actinobacteria;c__Actinobacteria;o__Bifidobacteriales;f__Bifidobacteriaceae;g__Bifidobacterium;s__Bifidobacterium_adolescentis	-0.0637591348051	-0.018066041937	-0.0702263365438	-0.0237627465746	-0.0343134492739	0.0303558756744	0.0494175238427	-0.0249038044297	-0.0177983550126	0.013481062914	-0.049929892586	0.074998278205	-0.0148531092072	0.0138111600797	0.00400640231541	-0.053964263352	0.00236584913893	-0.0764710877036	0.0137501777015	0.0473457450042	0.0377653473364	0.0275185831271	0.0127363902348	1.0	0.0100913728375	-0.0549222303033	-0.0421211540177	0.0377494506077	-0.0480093809157	0.0406630521291	0.0188246135056	-0.0164577327514	-0.0296752782661	-0.0506676290199	-0.0327860055519	0.00787294825845	0.0254392577515	0.000303518744622	0.0131248699012	-0.00456667981777	0.0144488825372	-0.0147811804042	-0.0112406597561	0.0223298447467	0.0405803802368	-0.00494938262595	-0.0339905248774	-0.0174115107228	-0.0391150880592	-0.00411601315411	-0.0366310115339	0.0100835294421	-0.0355144036078	-0.0461981971433	0.00605310239816	-0.00393877634334	-0.0242696475167	0.0786306728266	0.0135348279395
k__Bacteria;p__Firmicutes;c__Clostridia;o__Clostridiales;f__Oscillospiraceae;g__Oscillibacter;s__Oscillibacter_sp._KLE_1745	0.0500595014683	-0.0284702808888	0.0235647519996	-0.100654386677	-0.0124375960535	0.0157087603263	-0.00932093115121	-0.0599259801939	-0.0134457866936	0.023076165742	0.0225622665743	0.0155380897812	0.0406911773592	-0.0354849542113	0.0104723057917	0.0237554666494	-0.0228174431545	0.0193736635994	-0.0160279506401	-0.031780960065	-0.00571743372029	-0.0593591453785	-0.0162681658649	0.0100913728375	1.0	-0.0143963073729	0.034208748589	-0.0318721142367	-0.0578159902845	-0.0325231890316	-0.0300757064243	-0.0214609895203	0.0245242749911	0.0321747256647	0.0244254283473	0.0479823171	0.0152870672979	-0.0359497250129	0.0142665149798	-0.00669232948815	0.0116557031748	-0.0425911314788	-0.0178580565345	-0.0315632926127	-0.050806484642	-0.0803759377699	0.0270651724608	-0.0346608531313	-0.0221252627934	0.00878282917665	-0.0450767768781	0.0320211020197	-0.00983534411651	0.00376556884429	-0.00685153061894	-0.0063729865176	-0.0379368131583	0.00394059816941	0.0419680084555
k__Bacteria;p__Bacteroidetes;c__Bacteroidia;o__Bacteroidales;f__Bacteroidaceae;g__Bacteroides;s__Bacteroides_coprophilus	-0.000507624312447	0.027763370658	0.00127627675447	-0.0341145043034	0.0330766371613	0.0172037805697	0.0382274978889	-0.0309171610303	-0.0476917336366	0.00832601237102	-0.0103535257733	-0.0395628760437	0.0302036729683	0.0203741020819	-0.0408356643297	0.0262223602617	-0.0403257739374	-0.0851868587901	0.0282925287971	0.00254141235317	-0.0136726780371	-0.0402546098886	-0.0120337222384	-0.0549222303033	-0.0143963073729	1.0	-0.0142082830895	-0.0269205562994	0.00873205826931	-0.0689326213832	0.0130068619097	-0.0321546424927	-0.0174990125959	-0.0111812790731	-0.0056496511396	0.0182071159481	0.0002830066751	-0.00524505440145	-0.00162774912133	0.0350295983022	0.0297994255892	0.00979488848627	-0.0776925685195	-0.0166267110124	-0.0372694281109	0.0201871851609	0.0181429853107	-0.00921808282318	0.0100191301498	0.0193509544474	-0.00461459492063	-0.0441208251605	-0.0855179062647	0.00892829203631	-0.0338968185475	0.0369143962189	0.041957775277	0.00242357596312	-0.0389630366511
k__Bacteria;p__Firmicutes;c__Clostridia;o__Clostridiales;f__Lachnospiraceae;g__Roseburia;s__Roseburia_intestinalis	-0.0487298719341	-0.0097982636177	-0.0216704151995	-0.0129799242054	-0.000552138242911	-0.00384361872149	-0.0462422287079	0.0360266006732	-0.0103524475614	-0.00106039639708	0.0397756541266	-0.0135459158204	-0.0359888869053	-0.0579450870575	-0.0454984932291	0.0644315818604	-0.0201375077197	0.00300438991348	-0.0203708596956	-0.0154844053786	-0.0402796912763	0.0659680051101	0.00423103539307	-0.0421211540177	0.034208748589	-0.0142082830895	1.0	0.0370597159368	0.000479737722308	-0.0374942398389	0.00889198798121	0.0353573432107	-0.0225732443612	0.0441327140264	-0.0388902290269	0.0272129634108	-0.0215070561338	-0.0215973152956	0.00484213360308	-0.0590901578575	-0.00792158286261	-0.0645485984441	0.0577876467836	-0.00347325970879	0.02248285649	0.0408477661614	-0.00123800003339	-0.0185909320628	-0.0364403573513	-0.00219840272779	-0.0376218659874	-0.00638962614071	-0.0134742142936	-0.00542809214988	0.0367265634286	-0.0283286607899	-0.011645820358	-0.0128705954855	-0.0199585022861
k__Bacteria;p__Firmicutes;c__Clostridia;o__Clostridiales;f__Lachnospiraceae;g__Roseburia;s__Roseburia_hominis	-0.0566153189366	-0.0125463328522	-0.0231683171183	0.0361868393722	0.0478210219882	-0.0305691363337	-0.0530866772366	-0.00492621926556	-0.0255851741754	0.0521676165876	0.0244527304916	0.0227895132553	-0.0306266159638	0.0216286567576	0.0117369042219	-0.071057924246	-0.0340989077611	-0.045471521147	0.00832179939792	-0.0352421628788	0.00421047350037	0.0381824913268	-0.0543953283621	0.0377494506077	-0.0318721142367	-0.0269205562994	0.0370597159368	1.0	-0.0373964590927	0.00332893871342	0.0225741903456	0.00868880484634	-0.0101871150196	-0.0551101959459	0.076571938342	0.059998961546	-0.0513557798345	-0.00847395556682	-0.0339333557256	0.0234209509379	-0.0715178139498	0.003533588803	-0.0148125374635	-0.0405261007381	0.0483933768227	0.0268396514458	-0.0230402762245	0.00924034361691	-0.0100051612266	-0.00457301258562	-0.00645533487331	0.0423893851422	0.051675620762	-0.0941439254963	0.0186394762954	-0.0789531676891	-0.0758808826452	-0.0358243673866	0.0525938889874
k__Bacteria;p__Bacteroidetes;c__Bacteroidia;o__Bacteroidales;f__Porphyromonadaceae;g__Parabacteroides;s__Parabacteroides_johnsonii	0.0143393054609	-0.0196727145194	-0.0109031029031	-0.019599995047	-0.0430150671058	0.0448526495601	-0.0310253136409	0.00748001510601	0.021168173107	0.00298795176206	0.0338924174922	-0.0149324421483	-0.0523567038342	0.0368584154051	0.0425587837979	-0.00913474907853	0.0124851165406	0.0173729308927	0.00700028685969	-0.0407589364559	-0.00269237070377	-0.0240563473562	0.0360681897702	-0.0480093809157	-0.0578159902845	0.00873205826931	0.000479737722308	-0.0373964590927	1.0	-0.0647414720802	-0.047615425225	-0.0271587041821	-0.00642709460562	0.047060673776	-0.0484078764041	0.00208834121672	-0.0106611113254	0.00252280880756	0.00839861942678	-0.0206501716597	-0.00897957878375	0.000421311146508	0.0318182025632	-0.0170677318008	0.0351978534797	0.0297459007177	0.0250361115072	0.0340749942505	-0.0624868879419	-0.0333959890718	-0.0236319213242	-0.00336943333182	0.0135041057231	-0.00362812697311	-0.0500846079635	0.0452698469672	0.0602086781191	-0.0720258229705	-0.0108268494327
k__Bacteria;p__Actinobacteria;c__Actinobacteria;o__Bifidobacteriales;f__Bifidobacteriaceae;g__Bifidobacterium;s__Bifidobacterium_longum	-0.0631385146629	-0.00573928464383	0.0224057926005	-0.0223473423736	0.00704435379583	-0.0322245278097	-0.0104642571833	-0.00337483770001	-0.0309805741818	-0.0136602825592	-0.0564926673706	0.0314932660458	0.0262711093687	0.0378476117194	0.0189927109919	-0.0138001659316	0.050859126234	0.0365996385503	0.0101900626411	0.0624385674284	0.0288142876534	-2.17948390851e-05	0.0340196909775	0.0406630521291	-0.0325231890316	-0.0689326213832	-0.0374942398389	0.00332893871342	-0.0647414720802	1.0	-0.00742325026853	-0.0222802449335	-0.0207304078362	0.0231949636218	0.017733294624	-0.00166838814592	-0.0565460101266	-0.00341592773703	-0.0318956064347	-0.0258927960557	0.00610870349248	-0.00765497166889	-0.0144570792978	0.0153541640521	-0.0587980290646	-0.0141843628605	0.0313241765724	-0.0510536005188	0.034206832895	-0.0472389048084	-0.037216408411	-0.0073537425294	0.00693673988774	0.0250121547616	-0.0369250399807	0.0179285658552	-0.00768829141769	0.0396182314145	-0.0703051018018
