#taxonomy	k__Bacteria;p__Bacteroidetes;c__Bacteroidia;o__Bacteroidales;f__Bacteroidaceae;g__Bacteroides;s__Bacteroides_vulgatus	k__Bacteria;p__Bacteroidetes;c__Bacteroidia;o__Bacteroidales;f__Bacteroidaceae;g__Bacteroides;s__Bacteroides_uniformis	k__Bacteria;p__Bacteroidetes;c__Bacteroidia;o__Bacteroidales;f__Rikenellaceae;g__Alistipes;s__Alistipes_putredinis	k__Bacteria;p__Bacteroidetes;c__Bacteroidia;o__Bacteroidales;f__Prevotellaceae;g__Prevotella;s__Prevotella_copri	k__Bacteria;p__Bacteroidetes;c__Bacteroidia;o__Bacteroidales;f__Bacteroidaceae;g__Bacteroides;s__Bacteroides_stercoris	k__Bacteria;p__Bacteroidetes;c__Bacteroidia;o__Bacteroidales;f__Bacteroidaceae;g__Bacteroides;s__Bacteroides_ovatus	k__Bacteria;p__Bacteroidetes;c__Bacteroidia;o__Bacteroidales;f__Rikenellaceae;g__Alistipes;s__Alistipes_shahii	k__Bacteria;p__Firmicutes;c__Clostridia;o__Clostridiales;f__Ruminococcaceae;g__Faecalibacterium;s__Faecalibacterium_prausnitzii	k__Bacteria;p__Bacteroidetes;c__Bacteroidia;o__Bacteroidales;f__Rikenellaceae;g__Alistipes;s__Alistipes_finegoldii	k__Bacteria;p__Bacteroidetes;c__Bacteroidia;o__Bacteroidales;f__Porphyromonadaceae;g__Parabacteroides;s__Parabacteroides_distasonis	k__Bacteria;p__Bacteroidetes;c__Bacteroidia;o__Bacteroidales;f__Bacteroidaceae;g__Bacteroides;s__Bacteroides_thetaiotaomicron	k__Bacteria;p__Bacteroidetes;c__Bacteroidia;o__Bacteroidales;f__Bacteroidaceae;g__Bacteroides;s__Bacteroides_coprocola	k__Bacteria;p__Bacteroidetes;c__Bacteroidia;o__Bacteroidales;f__Bacteroidaceae;g__Bacteroides;s__Bacteroides_cellulosilyticus	k__Bacteria;p__Bacteroidetes;c__Bacteroidia;o__Bacteroidales;f__Rikenellaceae;g__Alistipes;s__Alistipes_obesi	k__Bacteria;p__Firmicutes;c__Clostridia;o__Clostridiales;f__Lachnospiraceae;g__;s__[Eubacterium]_rectale	k__Bacteria;p__Bacteroidetes;c__Bacteroidia;o__Bacteroidales;f__Bacteroidaceae;g__Bacteroides;s__Bacteroides_plebeius	k__Bacteria;p__Bacteroidetes;c__Bacteroidia;o__Bacteroidales;f__Bacteroidaceae;g__Bacteroides;s__Bacteroides_fragilis	k__Bacteria;p__Proteobacteria;c__Betaproteobacteria;o__Burkholderiales;f__Sutterellaceae;g__Sutterella;s__Sutterella_wadsworthensis	k__Bacteria;p__Bacteroidetes;c__Bacteroidia;o__Bacteroidales;f__Porphyromonadaceae;g__Barnesiella;s__Barnesiella_intestinihominis	k__Bacteria;p__Bacteroidetes;c__Bacteroidia;o__Bacteroidales;f__Odoribacteraceae;g__Odoribacter;s__Odoribacter_splanchnicus	k__Bacteria;p__Bacteroidetes;c__Bacteroidia;o__Bacteroidales;f__Bacteroidaceae;g__Bacteroides;s__Bacteroides_salyersiae	k__Bacteria;p__Firmicutes;c__Clostridia;o__Clostridiales;f__Ruminococcaceae;g__Ruminiclostridium;s__[Eubacterium]_siraeum	k__Bacteria;p__Proteobacteria;c__Betaproteobacteria;o__Burkholderiales;f__Sutterellaceae;g__Parasutterella;s__Parasutterella_excrementihominis	k__Bacteria;p__Actinobacteria;c__Actinobacteria;o__Bifidobacteriales;f__Bifidobacteriaceae;g__Bifidobacterium;s__Bifidobacterium_adolescentis	k__Bacteria;p__Firmicutes;c__Clostridia;o__Clostridiales;f__Oscillospiraceae;g__Oscillibacter;s__Oscillibacter_sp._KLE_1745	k__Bacteria;p__Bacteroidetes;c__Bacteroidia;o__Bacteroidales;f__Bacteroidaceae;g__Bacteroides;s__Bacteroides_coprophilus	k__Bacteria;p__Firmicutes;c__Clostridia;o__Clostridiales;f__Lachnospiraceae;g__Roseburia;s__Roseburia_intestinalis	k__Bacteria;p__Firmicutes;c__Clostridia;o__Clostridiales;f__Lachnospiraceae;g__Roseburia;s__Roseburia_hominis	k__Bacteria;p__Bacteroidetes;c__Bacteroidia;o__Bacteroidales;f__Porphyromonadaceae;g__Parabacteroides;s__Parabacteroides_johnsonii	k__Bacteria;p__Actinobacteria;c__Actinobacteria;o__Bifidobacteriales;f__Bifidobacteriaceae;g__Bifidobacterium;s__Bifidobacterium_longum	k__Bacteria;p__Firmicutes;c__Clostridia;o__Clostridiales;f__;g__Flavonifractor;s__Flavonifractor_plautii	k__Bacteria;p__Firmicutes;c__Clostridia;o__Clostridiales;f__Clostridiaceae;g__Clostridium;s__Clostridium_phoceensis	k__Bacteria;p__Verrucomicrobia;c__Verrucomicrobiae;o__Verrucomicrobiales;f__Akkermansiaceae;g__Akkermansia;s__Akkermansia_muciniphila	k__Bacteria;p__Bacteroidetes;c__Bacteroidia;o__Bacteroidales;f__Prevotellaceae;g__Paraprevotella;s__Paraprevotella_xylaniphila	k__Bacteria;p__Firmicutes;c__Clostridia;o__Clostridiales;f__Ruminococcaceae;g__Ruminococcus;s__Ruminococcus_callidus	k__Bacteria;p__Bacteroidetes;c__Bacteroidia;o__Bacteroidales;f__Rikenellaceae;g__Alistipes;s__Alistipes_senegalensis	k__Bacteria;p__Firmicutes;c__Clostridia;o__Clostridiales;f__Lachnospiraceae;g__Blautia;s__Blautia_sp._KLE_1732	k__Bacteria;p__Bacteroidetes;c__Bacteroidia;o__Bacteroidales;f__Bacteroidaceae;g__Bacteroides;s__Bacteroides_oleiciplenus	k__Bacteria;p__Firmicutes;c__Clostridia;o__Clostridiales;f__Ruminococcaceae;g__Ruminococcus;s__Ruminococcus_bicirculans	k__Bacteria;p__Bacteroidetes;c__Bacteroidia;o__Bacteroidales;f__Bacteroidaceae;g__Bacteroides;s__Bacteroides_fluxus	k__Bacteria;p__Bacteroidetes;c__Bacteroidia;o__Bacteroidales;f__Prevotellaceae;g__Prevotella;s__Prevotella_stercorea	k__Bacteria;p__Firmicutes;c__Clostridia;o__Clostridiales;f__Lachnospiraceae;g__Dorea;s__Dorea_longicatena	k__Bacteria;p__Firmicutes;c__Clostridia;o__Clostridiales;f__Eubacteriaceae;g__Eubacterium;s__[Eubacterium]_eligens	k__Bacteria;p__Firmicutes;c__Clostridia;o__Clostridiales;f__Ruminococcaceae;g__;s__Ruminococcaceae_bacterium_D16	k__Bacteria;p__Firmicutes;c__Clostridia;o__Clostridiales;f__Lachnospiraceae;g__Coprococcus;s__Coprococcus_comes	k__Bacteria;p__Proteobacteria;c__Gammaproteobacteria;o__Enterobacterales;f__Enterobacteriaceae;g__Escherichia;s__Escherichia_coli	k__Bacteria;p__Firmicutes;c__Clostridia;o__Clostridiales;f__Ruminococcaceae;g__Anaerotruncus;s__Anaerotruncus_colihominis	k__Bacteria;p__Firmicutes;c__Clostridia;o__Clostridiales;f__Lachnospiraceae;g__Blautia;s__Blautia_obeum	k__Bacteria;p__Bacteroidetes;c__Bacteroidia;o__Bacteroidales;f__Odoribacteraceae;g__Odoribacter;s__Odoribacter_laneus	k__Bacteria;p__Firmicutes;c__Clostridia;o__Clostridiales;f__Ruminococcaceae;g__Ruminiclostridium;s__[Clostridium]_leptum	k__Bacteria;p__Bacteroidetes;c__Bacteroidia;o__Bacteroidales;f__Porphyromonadaceae;g__Parabacteroides;s__Parabacteroides_goldsteinii	k__Bacteria;p__Firmicutes;c__Clostridia;o__Clostridiales;f__Lachnospiraceae;g__Anaerostipes;s__Anaerostipes_hadrus	k__Bacteria;p__Firmicutes;c__Clostridia;o__Clostridiales;f__Ruminococcaceae;g__Ruminococcus;s__Ruminococcus_lactaris	k__Bacteria;p__Firmicutes;c__Clostridia;o__Clostridiales;f__Clostridiaceae;g__Clostridium;s__Clostridium_sp._L2-50	k__Bacteria;p__Firmicutes;c__Clostridia;o__Clostridiales;f__Clostridiaceae;g__Clostridium;s__Clostridium_sp._M62/1	k__Bacteria;p__Firmicutes;c__Clostridia;o__Clostridiales;f__;g__Intestinimonas;s__Intestinimonas_butyriciproducens	k__Bacteria;p__Actinobacteria;c__Actinobacteria;o__Bifidobacteriales;f__Bifidobacteriaceae;g__Bifidobacterium;s__Bifidobacterium_bifidum	k__Bacteria;p__Firmicutes;c__Negativicutes;o__Veillonellales;f__Veillonellaceae;g__Dialister;s__Dialister_invisus	k__Bacteria;p__Bacteroidetes;c__Bacteroidia;o__Bacteroidales;f__Bacteroidaceae;g__Bacteroides;s__Bacteroides_salanitronis
k__Bacteria;p__Bacteroidetes;c__Bacteroidia;o__Bacteroidales;f__Bacteroidaceae;g__Bacteroides;s__Bacteroides_vulgatus	1.0	0.011895844005	-0.0387125165422	0.017236414754	-0.000235584029209	0.0142029511977	-0.0254698573395	0.00157047578908	-0.0366703467112	-0.0083570518583	-0.00432406843611	-0.0344706364413	-0.0391516070642	-0.00154571664723	0.00463726637132	-0.0234714006799	-0.0400702255595	0.0157734808573	0.0223896621378	0.0468408987107	-0.041956498879	-0.0208977982884	0.0743829632516	-0.00595904398129	0.0098797354053	0.0106678621674	-0.0347054400192	0.00150800910601	-0.0819534192987	-0.0158360586144	-0.0175691027556	-0.038552850822	0.028680964201	0.0127958558226	-0.0130428538572	0.00746580420779	-0.0638970301851	0.0266659654195	0.0322322069404	0.00740235218161	0.00920444265842	-0.0268170619072	-0.063556680653	-0.0183762246328	-0.0481859683164	0.0247808279119	-0.000471907640734	0.00828712430114	0.00733117888117	-0.00735788425319	-0.0469381489992	-0.0125564138381	0.000736012883348	-0.0234724370042	0.0117750007473	0.0115987807867	-0.0563569821849	-0.0670753122303	0.0243671770246
k__Bacteria;p__Bacteroidetes;c__Bacteroidia;o__Bacteroidales;f__Bacteroidaceae;g__Bacteroides;s__Bacteroides_uniformis	0.011895844005	1.0	-0.00612538094347	-0.0454781886767	-0.0452252289151	-0.0343805628245	0.0312829343305	0.0319290371339	0.026248121129	0.0191060355771	-0.0366305014942	-0.049616861026	-0.0253821792324	-0.0211626315301	0.0221082739603	-0.105423345862	0.0529520093197	0.025909454964	0.000184449659826	-0.0319232059307	0.102104897686	-0.00294156083186	-0.0479585491962	0.00240463631114	-0.0835832221281	-0.0468472902275	0.0589260250738	0.00414249940823	-0.00366300562162	-0.015244541967	0.00459667562008	-0.0106753036479	-0.0215067997409	-0.0346673410277	0.00947118456059	0.0081818942756	0.031188247773	0.0304258115303	-0.0191109578373	-0.000217569621255	0.0282875144894	-0.0474932727891	-0.045747155129	-0.0278100468019	-0.0578216506761	0.026504152657	-0.00983553778239	0.0151328965036	-0.0104884883268	-0.0621952121267	-0.00410223780044	-0.030468353176	0.0215705648905	0.00714925279726	-0.0356162482298	0.00987731275371	0.0443149852596	-0.0557842487814	-0.0283073310386
k__Bacteria;p__Bacteroidetes;c__Bacteroidia;o__Bacteroidales;f__Rikenellaceae;g__Alistipes;s__Alistipes_putredinis	-0.0387125165422	-0.00612538094347	1.0	0.0121068654603	-0.0493593745022	0.000592308332102	0.0105093368313	-0.00475777877341	-0.0131903662642	0.0173503396016	0.0129902221054	0.0400486672234	0.0376489827082	-0.020392957933	0.0299525658179	-0.0743896798546	0.0143763195622	-0.078283130882	-0.0448684899124	0.0199479957732	0.00531380819055	-0.0181332400287	-0.00134854125236	-0.0688426641865	0.00741165850083	-0.0391662436742	-0.00557780190143	0.0091801065472	-0.0113832630693	-0.031880349692	0.00602448455562	-0.0731751204579	-0.0450821197484	0.0545760556471	0.000827572254483	0.0643994102363	-0.0322912346799	0.0137413614497	-0.0157098491371	-0.0263179178872	0.0495055635882	-0.016634036622	-0.00205025576894	-0.0690941307634	0.0242311528791	-0.0166810833786	-0.037629708241	-0.0199568269335	0.0347043808145	-0.0311342294832	0.0302499153308	-0.0218613251793	-0.0493056465875	0.0201798488634	0.0343043064954	-0.00834716159158	0.140244464204	0.00564336960025	-0.0337531072675
k__Bacteria;p__Bacteroidetes;c__Bacteroidia;o__Bacteroidales;f__Prevotellaceae;g__Prevotella;s__Prevotella_copri	0.017236414754	-0.0454781886767	0.0121068654603	1.0	-0.0166022280308	-0.00919701306672	-0.00655605656308	0.0334057959797	-0.00163324622939	0.031103098179	0.0300913762518	0.00277593489311	-0.0433554580531	-0.00439847701736	0.000112945558823	-0.0382639247181	-0.0703560433483	-0.0440893843823	0.057861189153	-0.00576718580261	-0.014170018842	0.0450086912163	0.0347154877512	0.0442730377247	0.0541376720376	-0.0372911484737	-0.00817173734471	0.00116822442079	-0.0311516139271	-0.0106028912199	0.0050211878581	0.00990950532164	-0.0592234068963	-0.0148872600015	-0.0324990479061	-0.0108411571577	-0.0556969449031	0.0116742898628	-0.0393667498409	0.00982714258462	0.0465895384	-0.027464831729	-0.0225398572954	-0.0198365196516	-0.0169597796629	-0.00272628705057	-0.0583836127441	-0.0299634202181	-0.0523901898028	0.0223509528809	-0.0601009919625	-0.0386378182864	0.0209787161579	-0.017342433782	0.0173311688184	-0.00776365521849	0.0113250146913	-0.00639990485194	-0.00343410020568
k__Bacteria;p__Bacteroidetes;c__Bacteroidia;o__Bacteroidales;f__Bacteroidaceae;g__Bacteroides;s__Bacteroides_stercoris	-0.000235584029209	-0.0452252289151	-0.0493593745022	-0.0166022280308	1.0	0.0113791978597	0.0107612481399	-0.0129458788421	0.031232518457	0.0434363946453	0.0290827177449	-0.00198257056328	0.0498623203194	-0.00606517515381	0.0270771273688	0.0230764352525	-0.0683258738065	-0.0372945285415	-0.0031706532955	-0.0117829258925	-0.0338220713715	-0.0274443902072	-0.0160568410188	0.0634571712921	-0.0171890346785	-0.0123289567282	0.0367784930559	0.0194992454128	0.0521269995402	-0.0171664062535	0.00256934012849	-0.0277727448027	-0.0205695855552	-0.0216555679615	-0.00279149813878	-0.054945284593	-0.0016799755092	-0.0270222879793	-0.045479914301	-0.0137011320906	0.00855404125116	-0.0370574958735	-0.0468230726963	0.0364270035819	0.00121074338761	-0.0170387190275	-0.000955362091895	-0.00136287426647	0.00218443810846	-0.0110967522258	-0.0282564905221	-0.0197905812107	0.0208098232926	-0.00866183342433	-0.0254070634916	0.000100518517001	0.0135830036218	0.0806227788906	-0.0347662680874
k__Bacteria;p__Bacteroidetes;c__Bacteroidia;o__Bacteroidales;f__Bacteroidaceae;g__Bacteroides;s__Bacteroides_ovatus	0.0142029511977	-0.0343805628245	0.000592308332102	-0.00919701306672	0.0113791978597	1.0	0.00308409540331	0.0296584205057	0.00847718772493	-0.019213221841	-0.0219339082555	-0.0351550686702	0.0163460460798	0.0277590680273	-0.0172732287403	0.00928209067748	-0.0230802655964	-0.0682745973601	0.00301128246962	-0.00616515170984	0.00195251624265	0.0119708265058	-0.0248581739268	-0.0519346805506	0.0405148160555	-0.000239991647226	0.0459864275941	-0.0854166782971	-0.019375929873	-0.0310625855108	0.0313285181438	0.0617266152862	-0.0175510874992	-0.0551788526646	-0.055748121337	0.00807997637192	-0.0243944294257	-0.0318363880222	0.0176442079027	-0.0148379091587	-0.0445901852885	-0.0226490505741	-0.0195775012628	0.0119579029674	0.0397826411933	-0.00127728358992	-0.0108024428332	0.0160606198184	-0.0210234895402	0.00854571654772	0.0345999240365	0.00901355861087	0.00558369230801	0.00932185669292	0.0133869323997	0.0312633675646	0.0093407999128	-0.0484846084425	-0.0446118135163
k__Bacteria;p__Bacteroidetes;c__Bacteroidia;o__Bacteroidales;f__Rikenellaceae;g__Alistipes;s__Alistipes_shahii	-0.0254698573395	0.0312829343305	0.0105093368313	-0.00655605656308	0.0107612481399	0.00308409540331	1.0	-0.10438065654	-0.0189947589644	0.0154147999718	-0.00340796451747	0.024625289524	-0.0132629916877	-0.0202152578826	-0.010377192227	0.0222859596522	0.0230599793262	0.0144988522135	-0.0291469253053	-0.0245005756558	-0.034198625933	0.0201480243389	-0.0301198275048	-0.030181272897	-0.0930911383029	0.0112615493377	-0.0283972051072	-0.00691124185021	0.0201159979003	-0.0184884897232	-0.0130741789268	-0.0063486301309	0.0601020881083	-0.00580576651516	0.0350942989429	0.0199975095266	0.0436640526586	0.017443482096	-0.0243916076745	0.0181582881281	-0.0195806420985	-0.0255758927345	-0.0359585213211	0.00137161865686	-0.0608951442449	-0.0380280319999	-0.0127562597081	-0.086485542834	0.0286992310958	-0.0613885752611	-0.0776302495606	0.00331003589903	-0.077574290178	-0.00116185976273	0.00499643058511	0.00995849535976	-0.00421358510654	-0.0270705247481	-0.00148227774461
k__Bacteria;p__Firmicutes;c__Clostridia;o__Clostridiales;f__Ruminococcaceae;g__Faecalibacterium;s__Faecalibacterium_prausnitzii	0.00157047578908	0.0319290371339	-0.00475777877341	0.0334057959797	-0.0129458788421	0.0296584205057	-0.10438065654	1.0	-0.00230314847905	0.0202482432298	-0.049854092033	0.0637954881398	-0.0460870822257	-0.0102169304149	-0.0124519805354	-0.007760571574	0.0725052807925	-0.0626966032792	-0.0299766036066	-0.027411720976	-0.0154950564445	0.0770129047824	-0.023809008792	0.0138913614921	-0.014076537324	-0.0756957088912	-0.00325659250465	-0.0136989182672	-0.0428398463907	-0.0276099543157	-0.00492870888532	0.0390264636714	0.0112694940605	0.03713486048	-0.0222513551737	-0.0361751418765	0.0270693428452	-0.0262795770115	0.0384518854093	-0.0288974327866	-0.0375279190373	0.0448074215072	0.0390673459518	0.0205280748984	-0.0203663925191	-0.0230803828224	-0.0538085432277	-0.00235306997844	-0.038743160149	0.0554903811932	-0.014553508813	-0.0293935878247	0.0726263807064	0.00667685028136	-0.0365393578322	-0.0507731696849	0.0404039648001	-0.00933688566002	-0.00729929763108
k__Bacteria;p__Bacteroidetes;c__Bacteroidia;o__Bacteroidales;f__Rikenellaceae;g__Alistipes;s__Alistipes_finegoldii	-0.0366703467112	0.026248121129	-0.0131903662642	-0.00163324622939	0.031232518457	0.00847718772493	-0.0189947589644	-0.00230314847905	1.0	0.0296277312048	0.0182209198408	-0.0525455507271	-0.0158175335672	0.0274066926093	0.000377663492354	0.0426592462635	0.0149089880964	-0.0363288443248	0.0618891163824	0.0172646211751	-0.0120597072239	-0.013321205662	-0.00356485550457	0.00915100996302	0.0559021499149	-0.0293080776369	0.0321865079394	-0.0308990565621	0.00287509895282	0.0335451146267	0.0176039572363	-0.0558692269307	-0.0304558975876	-0.0314694010383	-0.00884697045864	-0.0134350227566	-0.057094957599	-0.0481968283838	0.0741912940157	-0.00807807749585	0.0575153118894	0.0178866385387	-0.0541757880821	0.0416713625915	0.00228511539034	-0.02139810916	-0.0470438969493	-0.0828073641141	0.0178264855569	-0.0593223559493	-0.0271801319437	0.0156748122148	0.0116245742092	-0.0212533828106	-0.0282963617357	0.05129473966	-0.0502749888008	0.0371951591396	0.0196307763115
k__Bacteria;p__Bacteroidetes;c__Bacteroidia;o__Bacteroidales;f__Porphyromonadaceae;g__Parabacteroides;s__Parabacteroides_distasonis	-0.0083570518583	0.0191060355771	0.0173503396016	0.031103098179	0.0434363946453	-0.019213221841	0.0154147999718	0.0202482432298	0.0296277312048	1.0	-0.02463524039	-0.0269751767142	0.023713523888	0.00979196120028	0.00390338679092	0.0548383986553	-0.0205182023952	-0.000994841796209	-0.00292626950023	-0.0348021388325	0.0305425670096	-0.0221379159792	0.0069130281539	0.00348634702263	0.0302422882169	-0.00234630749039	0.0254749553703	0.00683017002032	0.0448586218666	0.0278815117662	-0.0327157938665	0.0289455743775	-0.0464936212218	-0.0595743763815	-0.00403734043814	-0.011312701988	-0.0318445209266	0.00286629159088	0.0703912506979	0.0233448542747	-0.076782411732	0.0174685117562	0.00847878645244	0.0146886482794	-0.0190604610575	-0.0117750303293	-0.0273695355831	-0.0609668419722	-0.00674916502502	-0.00202469560587	0.0403863092664	-0.0132850986375	-0.0183238203194	-0.0678807809924	-0.0373519284321	-0.036491485788	-0.0179453987022	-0.0456915616095	-0.0445076319861
k__Bacteria;p__Bacteroidetes;c__Bacteroidia;o__Bacteroidales;f__Bacteroidaceae;g__Bacteroides;s__Bacteroides_thetaiotaomicron	-0.00432406843611	-0.0366305014942	0.0129902221054	0.0300913762518	0.0290827177449	-0.0219339082555	-0.00340796451747	-0.049854092033	0.0182209198408	-0.02463524039	1.0	-0.0549235969051	-0.0408147489222	-0.0399290396351	0.0165214896316	0.0428641938612	0.00109899540982	-0.0583453115567	-0.0269711323256	-0.0605043199795	-0.0688199723228	0.036873121063	-0.0207959274697	-0.00375466818741	-0.0126306567188	0.0122496533401	-0.00870349814412	0.00883795827067	-0.00589138397417	0.0454953714867	0.0236082533795	0.0213590452947	-0.0348475099655	-0.0892564817226	0.0377130531793	-0.0292276174157	0.0318977609728	0.0339567734659	-0.0672432061207	0.00137828709192	0.0345025364059	-0.000726952774275	-0.0484258134252	-0.093534467617	0.0158857514378	0.0030064746137	-0.0014024309652	-0.0296065067022	-0.0403241868519	0.0646812708258	-0.0325348458283	0.0480516013455	0.0210462953928	-0.0313102626767	-0.0325358091093	-0.0579320498833	0.013431289863	0.0259116407267	0.00671998825188
k__Bacteria;p__Bacteroidetes;c__Bacteroidia;o__Bacteroidales;f__Bacteroidaceae;g__Bacteroides;s__Bacteroides_coprocola	-0.0344706364413	-0.049616861026	0.0400486672234	0.00277593489311	-0.00198257056328	-0.0351550686702	0.024625289524	0.0637954881398	-0.0525455507271	-0.0269751767142	-0.0549235969051	1.0	-0.00947159914627	0.0142573576792	0.0202046250679	0.0148630845148	0.0466158105906	-0.0141444754324	-0.00302899813788	0.0314163230244	-0.00611245998722	-0.0420170169046	0.0347625524002	0.0143574345628	0.0179526944415	0.0394553900672	-0.0357097534369	0.00364667519388	0.0390307465749	-0.0101632605403	-0.0859153520363	-0.0515336250685	-0.0357806362132	0.026867365332	-0.00578904997569	0.0117523502081	-0.0503332102402	0.00663714673899	-0.0249392615562	0.0111294747133	-0.00239889135191	0.0287305838606	0.000302120010908	-0.0242812239254	-0.0217859278789	-0.0152865158151	0.0459299759516	-0.0189706078699	0.00140527451614	0.044397858162	0.0135282373764	-0.052784380076	0.0389546074005	-0.0606157215788	-0.0297447758899	0.0249662223851	-0.00681905949806	-0.0274596380986	-0.0242298659845
k__Bacteria;p__Bacteroidetes;c__Bacteroidia;o__Bacteroidales;f__Bacteroidaceae;g__Bacteroides;s__Bacteroides_cellulosilyticus	-0.0391516070642	-0.0253821792324	0.0376489827082	-0.0433554580531	0.0498623203194	0.0163460460798	-0.0132629916877	-0.0460870822257	-0.0158175335672	0.023713523888	-0.0408147489222	-0.00947159914627	1.0	0.0526006011121	-0.026999592172	-0.0459231891392	0.0357094347421	-0.0430570951748	-0.0221763551388	-0.018467137299	0.00381642259177	0.0373286736163	-0.0362347299251	-0.013438134581	-0.0489450247662	-0.0663993346629	0.00675180614955	-0.00832726822051	-0.0658598411396	0.0283530567454	0.000301754207197	0.00724462942464	0.0278222089892	0.0243032569075	-0.0234791274336	-0.00856263363873	0.0220739886952	0.0731165811781	-0.0172056068664	-0.0144969758202	0.0392404926378	-0.02958182391	0.0189359564225	0.0578514526917	-0.00325915666634	-0.00179416168212	-0.00853730997997	-0.0220447084242	-0.0143124856718	0.0146186787142	-0.0287183489531	-0.0408024986384	-0.0113129323793	-0.00581128630967	-0.0435725424444	0.0558233040002	0.0035896544945	-0.0518611897648	0.056529907402
k__Bacteria;p__Bacteroidetes;c__Bacteroidia;o__Bacteroidales;f__Rikenellaceae;g__Alistipes;s__Alistipes_obesi	-0.00154571664723	-0.0211626315301	-0.020392957933	-0.00439847701736	-0.00606517515381	0.0277590680273	-0.0202152578826	-0.0102169304149	0.0274066926093	0.00979196120028	-0.0399290396351	0.0142573576792	0.0526006011121	1.0	-0.0223814689627	-0.0537813828279	-0.0129548755743	0.0113638220324	0.0335378639823	-0.00853748883531	0.034928175045	-0.0378378996648	-0.00201742524945	0.0322862879616	0.0143383771601	-0.0199148215392	-0.0263994310612	0.00624506866284	0.0286753134065	-0.00603872842718	0.0142046195072	-0.0598407018944	-0.00379421066603	-0.0261523056859	-0.0105416081261	-0.00458094787645	0.0396790397727	0.0157163679465	-0.0815501117847	-0.0343083150265	0.0128351041653	0.00351234693534	0.0464861030852	0.0185261901139	-0.0148532319118	0.012823335223	-0.013337790475	0.0145318147049	0.00218987700399	0.0125333498361	-0.0562984799584	-0.043136168094	-0.0386065298009	0.0102004162218	-0.00909171039115	-0.0427508793527	-0.0837122095061	-0.0254721282631	-0.0105984935604
k__Bacteria;p__Firmicutes;c__Clostridia;o__Clostridiales;f__Lachnospiraceae;g__;s__[Eubacterium]_rectale	0.00463726637132	0.0221082739603	0.0299525658179	0.000112945558823	0.0270771273688	-0.0172732287403	-0.010377192227	-0.0124519805354	0.000377663492354	0.00390338679092	0.0165214896316	0.0202046250679	-0.026999592172	-0.0223814689627	1.0	0.00608983278763	-0.0190283186578	0.0239918841262	-0.0183799858264	0.0139438825204	-0.0373372631673	-0.034902243288	-0.00890977760102	-0.00489103197323	0.00710269298491	0.0277371032077	0.0106519148626	-0.0349803467858	-0.0168706566019	-0.0446445976157	0.0105966359326	-0.0477562808923	-0.0399488588833	0.0373370021977	-0.0308341738404	0.000868906827797	-0.0443234342882	-0.0416803508466	0.0207253219179	0.00461627845038	-0.0229525716594	0.0240609788271	0.00290496319837	-0.0576879882639	0.0101407344333	-0.0245329298911	0.0713532350741	0.0263126531606	-0.0249642659883	-0.0134916541849	-0.0108426387765	-0.0116480547172	0.0421946367119	-0.0107330878674	-0.0292523093089	-0.0416818910901	-0.029358101987	0.0539405815763	0.00755222975924
k__Bacteria;p__Bacteroidetes;c__Bacteroidia;o__Bacteroidales;f__Bacteroidaceae;g__Bacteroides;s__Bacteroides_plebeius	-0.0234714006799	-0.105423345862	-0.0743896798546	-0.0382639247181	0.0230764352525	0.00928209067748	0.0222859596522	-0.007760571574	0.0426592462635	0.0548383986553	0.0428641938612	0.0148630845148	-0.0459231891392	-0.0537813828279	0.00608983278763	1.0	0.0117371665147	-0.0667689567805	-0.0541733620072	-0.0682008614316	0.0327471808019	-0.0722181694954	0.0384346852749	-0.0221011942316	-0.0149523169273	0.0345261489032	-0.00362503901796	-0.00616315746142	-0.02055002987	-0.0301944569803	-0.0464578579085	0.00467569304278	0.0588201378508	-0.0579394270033	-0.00982200534936	-0.0650708727579	0.0420678182007	0.00790576652201	0.0110007832212	0.00355091539459	-0.0242727100357	0.0193909881986	0.0307721916131	0.00905730042127	0.00495179564389	0.00205345471964	0.0605067071598	-0.0724872634786	0.0222053046773	-0.0485360908526	0.0263524343157	0.0814090237986	-0.0377380517349	-0.0128624131751	-0.0185046213613	0.00830722904921	-0.0399629145286	0.0103704969518	-0.00613249656553
k__Bacteria;p__Bacteroidetes;c__Bacteroidia;o__Bacteroidales;f__Bacteroidaceae;g__Bacteroides;s__Bacteroides_fragilis	-0.0400702255595	0.0529520093197	0.0143763195622	-0.0703560433483	-0.0683258738065	-0.0230802655964	0.0230599793262	0.0725052807925	0.0149089880964	-0.0205182023952	0.00109899540982	0.0466158105906	0.0357094347421	-0.0129548755743	-0.0190283186578	0.0117371665147	1.0	0.0510023160381	-0.0378665292366	-3.83134358141e-05	-0.0462291482436	0.0151338394545	0.00677788247261	-0.0853803067125	0.00616907182916	-0.0336612886662	-0.0650581057061	-0.0571079489882	-0.00749163688774	0.0137325191665	-0.00228026156551	-0.0321065390138	-0.0110236880945	0.017194819169	0.00039600316283	-0.0397427352029	-0.0269806135942	-0.0543142412622	-0.028112792876	0.035500930861	-0.0597572578028	-0.0745893910187	0.0043459579419	0.031856165449	-0.0192110166025	0.0214319216948	-0.0210969784044	-0.0651385402675	-0.0381120817696	-0.0202880780556	-0.0103704750811	-0.0290814213618	0.0014809490675	-0.0403277815299	-0.0215402432746	-0.0285185057933	0.0335181779547	-0.0173044921529	0.0421262576598
k__Bacteria;p__Proteobacteria;c__Betaproteobacteria;o__Burkholderiales;f__Sutterellaceae;g__Sutterella;s__Sutterella_wadsworthensis	0.0157734808573	0.025909454964	-0.078283130882	-0.0440893843823	-0.0372945285415	-0.0682745973601	0.0144988522135	-0.0626966032792	-0.0363288443248	-0.000994841796209	-0.0583453115567	-0.0141444754324	-0.0430570951748	0.0113638220324	0.0239918841262	-0.0667689567805	0.0510023160381	1.0	0.0661957311535	0.0790751748788	0.0191469102483	-0.0282723079947	0.0287743829843	-0.0196554466206	0.010165036345	0.0603019033822	0.045374547018	0.0163286313813	0.0320234956478	0.031011689166	0.0128583659601	0.00456948155782	-0.0703810218364	0.0341166148834	0.0256027380682	0.00599528158458	-0.0163638825841	-0.0161990181487	0.00164656402519	-0.0334898556759	-0.0415554360319	-0.0323785270091	0.00734788395672	-0.0240897022149	0.0302830021286	-0.0862761128156	0.0159165780405	-0.0254755969738	0.0181628529297	-0.0553701257723	0.0329401534998	-0.0341621809198	0.0139610758666	-0.0481391189006	0.00307559059989	0.0294397979637	0.031879629088	-0.00561687602994	0.00479046948281
k__Bacteria;p__Bacteroidetes;c__Bacteroidia;o__Bacteroidales;f__Porphyromonadaceae;g__Barnesiella;s__Barnesiella_intestinihominis	0.0223896621378	0.000184449659826	-0.0448684899124	0.057861189153	-0.0031706532955	0.00301128246962	-0.0291469253053	-0.0299766036066	0.0618891163824	-0.00292626950023	-0.0269711323256	-0.00302899813788	-0.0221763551388	0.0335378639823	-0.0183799858264	-0.0541733620072	-0.0378665292366	0.0661957311535	1.0	-0.0110435425269	0.079505537649	-0.0206776877444	-0.00256531867982	-0.0555440935416	-0.0551750169002	0.0107951897101	-0.096172794613	-0.038893264308	0.0641011806974	0.0151027003525	0.00336754771662	-0.0381322461919	0.00669356863201	-0.0205314302082	0.0425606797424	0.0291819397094	0.100815331384	0.024001506568	0.0112342343051	0.0133345123423	-0.035922022252	-0.0243838383921	-0.058371038966	-0.0520306367377	-0.0113432049636	-0.0504072230166	-0.0290886252245	0.0267715532201	-0.0326282351445	-0.010138868324	-0.0413960232438	-0.0509988824731	-0.09421146744	0.0799697615326	0.0170699999494	-0.0263407242105	-0.0307353992015	0.0479652446553	0.00801143632239
k__Bacteria;p__Bacteroidetes;c__Bacteroidia;o__Bacteroidales;f__Odoribacteraceae;g__Odoribacter;s__Odoribacter_splanchnicus	0.0468408987107	-0.0319232059307	0.0199479957732	-0.00576718580261	-0.0117829258925	-0.00616515170984	-0.0245005756558	-0.027411720976	0.0172646211751	-0.0348021388325	-0.0605043199795	0.0314163230244	-0.018467137299	-0.00853748883531	0.0139438825204	-0.0682008614316	-3.8313435814e-05	0.0790751748788	-0.0110435425269	1.0	0.0200365538143	0.0239940458236	-0.00466289231662	-0.0127844518	0.0421476071968	-0.120146588161	-0.0496814811187	0.0177516099085	-0.010940957038	-0.0164789755294	0.0303276312707	0.0254452831856	0.037523830271	0.0175794978891	-0.023920312883	-0.0516653198734	0.0218459017756	-0.0184413263168	-0.0424458243378	-0.0259300366405	-0.0383997070762	-0.0429330264682	0.00232318721031	0.0420025550123	-0.0466807197322	-0.00712752724797	-0.0396258330164	0.0347339272403	-0.02409121984	-0.00398943416562	0.0518656475549	-0.00219356094154	-0.00962296038155	-0.00973988060798	0.0495806242369	0.0160583544387	0.0118227964371	0.0464555479584	-0.00802677036149
k__Bacteria;p__Bacteroidetes;c__Bacteroidia;o__Bacteroidales;f__Bacteroidaceae;g__Bacteroides;s__Bacteroides_salyersiae	-0.041956498879	0.102104897686	0.00531380819055	-0.014170018842	-0.0338220713715	0.00195251624265	-0.034198625933	-0.0154950564445	-0.0120597072239	0.0305425670096	-0.0688199723228	-0.00611245998722	0.00381642259177	0.034928175045	-0.0373372631673	0.0327471808019	-0.0462291482436	0.0191469102483	0.079505537649	0.0200365538143	1.0	-0.00739870521194	-0.0508579953727	0.0235519674582	-0.0272617420859	0.00430467636098	0.0218924647973	0.0621772773617	0.0129729743658	-0.0299946249395	0.0029574184387	-0.00306640162665	0.067159963951	-0.058641622955	-0.0348007027397	-0.0191944735148	0.0517311700903	-0.0241051143379	-0.0410565527932	-0.0492537193919	0.0455118226403	-0.0412424177132	-0.104578175938	-0.0223886854573	0.016576646997	0.0187773176062	-0.0551259009036	-0.010991465117	-0.0594894507795	-0.0175198925477	-0.00788890837753	-0.0755970836403	-0.014583326945	0.00139197048186	-0.00468374965632	0.0343906897444	-0.0672661819745	-0.0273188663968	-0.00954877062526
k__Bacteria;p__Firmicutes;c__Clostridia;o__Clostridiales;f__Ruminococcaceae;g__Ruminiclostridium;s__[Eubacterium]_siraeum	-0.0208977982884	-0.00294156083186	-0.0181332400287	0.0450086912163	-0.0274443902072	0.0119708265058	0.0201480243389	0.0770129047824	-0.013321205662	-0.0221379159792	0.036873121063	-0.0420170169046	0.0373286736163	-0.0378378996648	-0.034902243288	-0.0722181694954	0.0151338394545	-0.0282723079947	-0.0206776877444	0.0239940458236	-0.00739870521194	1.0	0.0343300572042	0.0096553466803	-0.0584302242658	-0.00477826195375	-0.0314847796416	0.056913145077	-0.0476278434822	-0.014655843165	0.0137447603521	-0.0438980264726	-0.0397168539877	-0.0238116282661	-0.00357117584005	-0.0549657185036	-0.0585789149877	-0.0115994653238	0.0667207233882	-0.097943268719	-0.0281943073489	0.0407597083608	-0.0750397322919	0.0825816884275	0.024165362382	-0.0371098896665	-0.0131085524809	0.00439649439908	-0.0245132589772	0.00413554494847	-0.06006875048	-0.0146846835966	-0.0194014465718	0.0437993464144	-0.00456354695431	0.0141010585804	0.0879020301917	0.0089759218844	0.021949458514
k__Bacteria;p__Proteobacteria;c__Betaproteobacteria;o__Burkholderiales;f__Sutterellaceae;g__Parasutterella;s__Parasutterella_excrementihominis	0.0743829632516	-0.0479585491962	-0.00134854125236	0.0347154877512	-0.0160568410188	-0.0248581739268	-0.0301198275048	-0.023809008792	-0.00356485550457	0.0069130281539	-0.0207959274697	0.0347625524002	-0.0362347299251	-0.00201742524945	-0.00890977760102	0.0384346852749	0.00677788247261	0.0287743829843	-0.00256531867982	-0.00466289231662	-0.0508579953727	0.0343300572042	1.0	-0.0334420597994	-0.0265608987037	0.0100649091131	-0.0210182790091	-0.0392243733062	0.0106905485084	-0.0257894998298	-0.0330412220955	0.00616271715483	-0.00629422242999	-0.00751338809957	-0.00791175390424	0.0162075039387	-0.0419750694072	-0.0691443448153	-0.0223995858985	-0.00052997570764	0.0252509179148	-0.0711152708871	0.00197113392131	-0.0127123750784	-0.0206153598529	-0.0325978527827	-0.0116430741504	0.00476073029719	-0.0167599587395	-0.0637731366575	-0.0102743333333	-0.023128823985	-0.0127460244391	0.0526632401231	0.00432114131508	0.00694446878543	-0.0180024180053	0.0371680768293	-0.025795942712
k__Bacteria;p__Actinobacteria;c__Actinobacteria;o__Bifidobacteriales;f__Bifidobacteriaceae;g__Bifidobacterium;s__Bifidobacterium_adolescentis	-0.00595904398129	0.00240463631114	-0.0688426641865	0.0442730377247	0.0634571712921	-0.0519346805506	-0.030181272897	0.0138913614921	0.00915100996302	0.00348634702263	-0.00375466818741	0.0143574345628	-0.013438134581	0.0322862879616	-0.00489103197323	-0.0221011942316	-0.0853803067125	-0.0196554466206	-0.0555440935416	-0.0127844518	0.0235519674582	0.0096553466803	-0.0334420597994	1.0	-0.0177394503388	0.00739459711075	-0.0413553392791	0.00714893576352	-0.0598782471346	0.00380588301443	0.00618896493805	0.0220202347615	0.0177730096844	0.00855682098224	-0.0427267580809	-0.0511785917508	0.00253844399473	0.00944937655312	3.23254913412e-05	0.00762219048877	-0.0718232754363	-0.0630407716962	-0.0161842601367	-0.0244917651542	0.040127948045	0.0538845871107	0.0291810265454	-0.0664527406509	-0.0587795894674	0.00644010074361	0.0212369399482	-0.0089490249804	0.0416243517134	0.0457088381072	0.0506887068815	0.0254211059152	-0.0568248819633	0.0268788390647	0.0851486887369
k__Bacteria;p__Firmicutes;c__Clostridia;o__Clostridiales;f__Oscillospiraceae;g__Oscillibacter;s__Oscillibacter_sp._KLE_1745	0.0098797354053	-0.0835832221281	0.00741165850083	0.0541376720376	-0.0171890346785	0.0405148160555	-0.0930911383029	-0.014076537324	0.0559021499149	0.0302422882169	-0.0126306567188	0.0179526944415	-0.0489450247662	0.0143383771601	0.00710269298491	-0.0149523169273	0.00616907182916	0.010165036345	-0.0551750169002	0.0421476071968	-0.0272617420859	-0.0584302242658	-0.0265608987037	-0.0177394503388	1.0	0.0209781132042	-0.0391965166156	0.00902035244116	-0.0452192394181	0.0445485525939	-0.0047272373799	0.0766757901735	0.030472425076	0.0842667758892	-0.0216115433165	0.0451855217528	0.0327158226876	-0.0129162551444	0.0253470922822	0.0322505493248	-0.0275871334633	-0.0342625971227	0.0197109670278	-0.0560951956167	0.00997718320863	-0.0251989874169	0.0192195190838	-0.023210558829	-0.00983234829703	-0.00810690004632	-0.0665665430324	0.00334342355895	-0.0325040406509	0.0576431189887	-0.0706770500511	-0.0185835252506	0.00710374017278	0.024765534494	0.024020569799
k__Bacteria;p__Bacteroidetes;c__Bacteroidia;o__Bacteroidales;f__Bacteroidaceae;g__Bacteroides;s__Bacteroides_coprophilus	0.0106678621674	-0.0468472902275	-0.0391662436742	-0.0372911484737	-0.0123289567282	-0.000239991647226	0.0112615493377	-0.0756957088912	-0.0293080776369	-0.00234630749039	0.0122496533401	0.0394553900672	-0.0663993346629	-0.0199148215392	0.0277371032077	0.0345261489032	-0.0336612886662	0.0603019033822	0.0107951897101	-0.120146588161	0.00430467636098	-0.00477826195375	0.0100649091131	0.00739459711075	0.0209781132042	1.0	-0.0131479637744	-0.011949883656	-0.0310071259218	-0.000573002390027	-0.0654837015846	-0.0787543498073	0.0347171998166	-0.0708904542447	0.0195175265552	0.0259024344458	-0.0462423743356	-0.043743369842	0.0375460232329	0.0119708963905	0.0148746517106	-0.0111692135354	0.00810521781127	-0.0165075166695	-0.0297295318067	-0.00795987529671	-0.0145268832572	0.0191199579208	-0.0158892902433	-0.00565754039122	-0.0323588040224	0.0582871491149	-0.0324189647029	0.018523012756	0.00667899576254	-0.0499330709122	0.00239056007802	0.0324622513908	0.0440063605885
k__Bacteria;p__Firmicutes;c__Clostridia;o__Clostridiales;f__Lachnospiraceae;g__Roseburia;s__Roseburia_intestinalis	-0.0347054400192	0.0589260250738	-0.00557780190143	-0.00817173734471	0.0367784930559	0.0459864275941	-0.0283972051072	-0.00325659250465	0.0321865079394	0.0254749553703	-0.00870349814412	-0.0357097534369	0.00675180614955	-0.0263994310612	0.0106519148626	-0.00362503901796	-0.0650581057061	0.045374547018	-0.096172794613	-0.0496814811187	0.0218924647973	-0.0314847796416	-0.0210182790091	-0.0413553392791	-0.0391965166156	-0.0131479637744	1.0	-0.015920953991	0.0118453924029	-0.0224694818134	-0.01031681359	-0.0224284932295	-0.0311934412885	0.0219193528541	-0.0273106717443	-0.0221357236658	-0.0348941423142	0.00666588572118	-0.00941997335705	0.0238275472128	-0.0778522104605	-0.0212959430337	-0.0216416788087	-0.00406911005952	-0.0736148953014	0.0230312203053	-0.0209976968661	-0.0161458975402	0.0444989377824	-0.00600722644395	0.0330954283585	0.00821703870554	0.0728423994496	-0.0116007448004	-0.0107002816492	-0.00344488729536	-0.0196082547612	0.00144525724446	-0.0265376375924
k__Bacteria;p__Firmicutes;c__Clostridia;o__Clostridiales;f__Lachnospiraceae;g__Roseburia;s__Roseburia_hominis	0.00150800910601	0.00414249940823	0.0091801065472	0.00116822442079	0.0194992454128	-0.0854166782971	-0.00691124185021	-0.0136989182672	-0.0308990565621	0.00683017002032	0.00883795827067	0.00364667519388	-0.00832726822051	0.00624506866284	-0.0349803467858	-0.00616315746142	-0.0571079489882	0.0163286313813	-0.038893264308	0.0177516099085	0.0621772773617	0.056913145077	-0.0392243733062	0.00714893576352	0.00902035244116	-0.011949883656	-0.015920953991	1.0	-0.0543068581013	-0.0532198502135	-0.0446245486096	-0.00110540185772	0.00706981425199	-0.105932438947	-0.00369976245604	0.0528496062422	-0.0106300335893	-0.0246768615741	0.00868064488977	-0.00819044461745	0.0518832414156	0.0235086377475	-0.00108831161638	-0.00605184959994	0.0449938079117	0.00615023947372	-0.00760808765514	-0.0040985320972	-0.00675307009049	-0.0298815055959	0.0315427832834	0.0241266352405	-0.0359167615693	0.0181797785957	-0.011404673914	-0.0404979994979	-0.0405113818085	0.0197136306716	-0.0108703060496
k__Bacteria;p__Bacteroidetes;c__Bacteroidia;o__Bacteroidales;f__Porphyromonadaceae;g__Parabacteroides;s__Parabacteroides_johnsonii	-0.0819534192987	-0.00366300562162	-0.0113832630693	-0.0311516139271	0.0521269995402	-0.019375929873	0.0201159979003	-0.0428398463907	0.00287509895282	0.0448586218666	-0.00589138397417	0.0390307465749	-0.0658598411396	0.0286753134065	-0.016870656602	-0.02055002987	-0.00749163688774	0.0320234956478	0.0641011806974	-0.010940957038	0.0129729743658	-0.0476278434822	0.0106905485084	-0.0598782471346	-0.0452192394181	-0.0310071259218	0.0118453924029	-0.0543068581013	1.0	-0.0519844079839	-0.0119939392788	0.0406804049417	-0.0199011988109	0.0267177315279	-0.0293312653312	-0.0319717617194	-0.00156421247182	0.0358694060909	-0.0390149189079	-0.012211403983	-0.0744729405605	-0.0226948662056	-0.0584514128919	0.0341682357394	-0.0153245353774	-0.0214470899819	0.0538247914421	0.0646899224018	0.00773307402005	0.0457421579701	0.00228075775295	0.0127416430344	-0.0680982442259	-0.0334573654742	4.10534615713e-05	-0.073576522378	0.0122343173997	0.023891089696	-0.0196870444902
k__Bacteria;p__Actinobacteria;c__Actinobacteria;o__Bifidobacteriales;f__Bifidobacteriaceae;g__Bifidobacterium;s__Bifidobacterium_longum	-0.0158360586144	-0.015244541967	-0.031880349692	-0.0106028912199	-0.0171664062535	-0.0310625855108	-0.0184884897232	-0.0276099543157	0.0335451146267	0.0278815117662	0.0454953714867	-0.0101632605403	0.0283530567454	-0.00603872842718	-0.0446445976157	-0.0301944569803	0.0137325191665	0.031011689166	0.0151027003525	-0.0164789755294	-0.0299946249395	-0.014655843165	-0.0257894998298	0.00380588301443	0.0445485525939	-0.000573002390027	-0.0224694818134	-0.0532198502135	-0.0519844079839	1.0	0.00351168357954	-0.0339893544343	0.0203347438423	0.00660639907011	0.0213508873077	0.0252052240725	-0.0615831479358	-0.00627398828857	0.00613750872263	-0.0406781543508	0.0199760143943	-0.0124563340624	0.0201279632289	-0.068449210087	-0.0407458960907	-0.0111515161259	-0.0399175694701	0.00578559330541	-0.0529246273934	-0.0890454620777	-0.0207926315646	-0.0117324804367	-0.0577860759589	-0.0199268126695	0.0100591659238	0.0177141011896	-0.0363321308676	-0.0155998278176	0.0177270747883
