#taxonomy	k__Bacteria;p__Bacteroidetes;c__Bacteroidia;o__Bacteroidales;f__Bacteroidaceae;g__Bacteroides;s__Bacteroides_vulgatus	k__Bacteria;p__Bacteroidetes;c__Bacteroidia;o__Bacteroidales;f__Bacteroidaceae;g__Bacteroides;s__Bacteroides_uniformis	k__Bacteria;p__Bacteroidetes;c__Bacteroidia;o__Bacteroidales;f__Rikenellaceae;g__Alistipes;s__Alistipes_putredinis	k__Bacteria;p__Bacteroidetes;c__Bacteroidia;o__Bacteroidales;f__Prevotellaceae;g__Prevotella;s__Prevotella_copri	k__Bacteria;p__Bacteroidetes;c__Bacteroidia;o__Bacteroidales;f__Bacteroidaceae;g__Bacteroides;s__Bacteroides_stercoris	k__Bacteria;p__Bacteroidetes;c__Bacteroidia;o__Bacteroidales;f__Bacteroidaceae;g__Bacteroides;s__Bacteroides_ovatus	k__Bacteria;p__Bacteroidetes;c__Bacteroidia;o__Bacteroidales;f__Rikenellaceae;g__Alistipes;s__Alistipes_shahii	k__Bacteria;p__Firmicutes;c__Clostridia;o__Clostridiales;f__Ruminococcaceae;g__Faecalibacterium;s__Faecalibacterium_prausnitzii	k__Bacteria;p__Bacteroidetes;c__Bacteroidia;o__Bacteroidales;f__Rikenellaceae;g__Alistipes;s__Alistipes_finegoldii	k__Bacteria;p__Bacteroidetes;c__Bacteroidia;o__Bacteroidales;f__Porphyromonadaceae;g__Parabacteroides;s__Parabacteroides_distasonis	k__Bacteria;p__Bacteroidetes;c__Bacteroidia;o__Bacteroidales;f__Bacteroidaceae;g__Bacteroides;s__Bacteroides_thetaiotaomicron	k__Bacteria;p__Bacteroidetes;c__Bacteroidia;o__Bacteroidales;f__Bacteroidaceae;g__Bacteroides;s__Bacteroides_coprocola	k__Bacteria;p__Bacteroidetes;c__Bacteroidia;o__Bacteroidales;f__Bacteroidaceae;g__Bacteroides;s__Bacteroides_cellulosilyticus	k__Bacteria;p__Bacteroidetes;c__Bacteroidia;o__Bacteroidales;f__Rikenellaceae;g__Alistipes;s__Alistipes_obesi	k__Bacteria;p__Firmicutes;c__Clostridia;o__Clostridiales;f__Lachnospiraceae;g__;s__[Eubacterium]_rectale	k__Bacteria;p__Bacteroidetes;c__Bacteroidia;o__Bacteroidales;f__Bacteroidaceae;g__Bacteroides;s__Bacteroides_plebeius	k__Bacteria;p__Bacteroidetes;c__Bacteroidia;o__Bacteroidales;f__Bacteroidaceae;g__Bacteroides;s__Bacteroides_fragilis	k__Bacteria;p__Proteobacteria;c__Betaproteobacteria;o__Burkholderiales;f__Sutterellaceae;g__Sutterella;s__Sutterella_wadsworthensis	k__Bacteria;p__Bacteroidetes;c__Bacteroidia;o__Bacteroidales;f__Porphyromonadaceae;g__Barnesiella;s__Barnesiella_intestinihominis	k__Bacteria;p__Bacteroidetes;c__Bacteroidia;o__Bacteroidales;f__Odoribacteraceae;g__Odoribacter;s__Odoribacter_splanchnicus	k__Bacteria;p__Bacteroidetes;c__Bacteroidia;o__Bacteroidales;f__Bacteroidaceae;g__Bacteroides;s__Bacteroides_salyersiae	k__Bacteria;p__Firmicutes;c__Clostridia;o__Clostridiales;f__Ruminococcaceae;g__Ruminiclostridium;s__[Eubacterium]_siraeum	k__Bacteria;p__Proteobacteria;c__Betaproteobacteria;o__Burkholderiales;f__Sutterellaceae;g__Parasutterella;s__Parasutterella_excrementihominis	k__Bacteria;p__Actinobacteria;c__Actinobacteria;o__Bifidobacteriales;f__Bifidobacteriaceae;g__Bifidobacterium;s__Bifidobacterium_adolescentis	k__Bacteria;p__Firmicutes;c__Clostridia;o__Clostridiales;f__Oscillospiraceae;g__Oscillibacter;s__Oscillibacter_sp._KLE_1745	k__Bacteria;p__Bacteroidetes;c__Bacteroidia;o__Bacteroidales;f__Bacteroidaceae;g__Bacteroides;s__Bacteroides_coprophilus	k__Bacteria;p__Firmicutes;c__Clostridia;o__Clostridiales;f__Lachnospiraceae;g__Roseburia;s__Roseburia_intestinalis	k__Bacteria;p__Firmicutes;c__Clostridia;o__Clostridiales;f__Lachnospiraceae;g__Roseburia;s__Roseburia_hominis	k__Bacteria;p__Bacteroidetes;c__Bacteroidia;o__Bacteroidales;f__Porphyromonadaceae;g__Parabacteroides;s__Parabacteroides_johnsonii	k__Bacteria;p__Actinobacteria;c__Actinobacteria;o__Bifidobacteriales;f__Bifidobacteriaceae;g__Bifidobacterium;s__Bifidobacterium_longum	k__Bacteria;p__Firmicutes;c__Clostridia;o__Clostridiales;f__;g__Flavonifractor;s__Flavonifractor_plautii	k__Bacteria;p__Firmicutes;c__Clostridia;o__Clostridiales;f__Clostridiaceae;g__Clostridium;s__Clostridium_phoceensis	k__Bacteria;p__Verrucomicrobia;c__Verrucomicrobiae;o__Verrucomicrobiales;f__Akkermansiaceae;g__Akkermansia;s__Akkermansia_muciniphila	k__Bacteria;p__Bacteroidetes;c__Bacteroidia;o__Bacteroidales;f__Prevotellaceae;g__Paraprevotella;s__Paraprevotella_xylaniphila	k__Bacteria;p__Firmicutes;c__Clostridia;o__Clostridiales;f__Ruminococcaceae;g__Ruminococcus;s__Ruminococcus_callidus	k__Bacteria;p__Bacteroidetes;c__Bacteroidia;o__Bacteroidales;f__Rikenellaceae;g__Alistipes;s__Alistipes_senegalensis	k__Bacteria;p__Firmicutes;c__Clostridia;o__Clostridiales;f__Lachnospiraceae;g__Blautia;s__Blautia_sp._KLE_1732	k__Bacteria;p__Bacteroidetes;c__Bacteroidia;o__Bacteroidales;f__Bacteroidaceae;g__Bacteroides;s__Bacteroides_oleiciplenus	k__Bacteria;p__Firmicutes;c__Clostridia;o__Clostridiales;f__Ruminococcaceae;g__Ruminococcus;s__Ruminococcus_bicirculans	k__Bacteria;p__Bacteroidetes;c__Bacteroidia;o__Bacteroidales;f__Bacteroidaceae;g__Bacteroides;s__Bacteroides_fluxus	k__Bacteria;p__Bacteroidetes;c__Bacteroidia;o__Bacteroidales;f__Prevotellaceae;g__Prevotella;s__Prevotella_stercorea	k__Bacteria;p__Firmicutes;c__Clostridia;o__Clostridiales;f__Lachnospiraceae;g__Dorea;s__Dorea_longicatena	k__Bacteria;p__Firmicutes;c__Clostridia;o__Clostridiales;f__Eubacteriaceae;g__Eubacterium;s__[Eubacterium]_eligens	k__Bacteria;p__Firmicutes;c__Clostridia;o__Clostridiales;f__Ruminococcaceae;g__;s__Ruminococcaceae_bacterium_D16	k__Bacteria;p__Firmicutes;c__Clostridia;o__Clostridiales;f__Lachnospiraceae;g__Coprococcus;s__Coprococcus_comes	k__Bacteria;p__Proteobacteria;c__Gammaproteobacteria;o__Enterobacterales;f__Enterobacteriaceae;g__Escherichia;s__Escherichia_coli	k__Bacteria;p__Firmicutes;c__Clostridia;o__Clostridiales;f__Ruminococcaceae;g__Anaerotruncus;s__Anaerotruncus_colihominis	k__Bacteria;p__Firmicutes;c__Clostridia;o__Clostridiales;f__Lachnospiraceae;g__Blautia;s__Blautia_obeum	k__Bacteria;p__Bacteroidetes;c__Bacteroidia;o__Bacteroidales;f__Odoribacteraceae;g__Odoribacter;s__Odoribacter_laneus	k__Bacteria;p__Firmicutes;c__Clostridia;o__Clostridiales;f__Ruminococcaceae;g__Ruminiclostridium;s__[Clostridium]_leptum	k__Bacteria;p__Bacteroidetes;c__Bacteroidia;o__Bacteroidales;f__Porphyromonadaceae;g__Parabacteroides;s__Parabacteroides_goldsteinii	k__Bacteria;p__Firmicutes;c__Clostridia;o__Clostridiales;f__Lachnospiraceae;g__Anaerostipes;s__Anaerostipes_hadrus	k__Bacteria;p__Firmicutes;c__Clostridia;o__Clostridiales;f__Ruminococcaceae;g__Ruminococcus;s__Ruminococcus_lactaris	k__Bacteria;p__Firmicutes;c__Clostridia;o__Clostridiales;f__Clostridiaceae;g__Clostridium;s__Clostridium_sp._L2-50	k__Bacteria;p__Firmicutes;c__Clostridia;o__Clostridiales;f__Clostridiaceae;g__Clostridium;s__Clostridium_sp._M62/1	k__Bacteria;p__Firmicutes;c__Clostridia;o__Clostridiales;f__;g__Intestinimonas;s__Intestinimonas_butyriciproducens	k__Bacteria;p__Actinobacteria;c__Actinobacteria;o__Bifidobacteriales;f__Bifidobacteriaceae;g__Bifidobacterium;s__Bifidobacterium_bifidum	k__Bacteria;p__Firmicutes;c__Negativicutes;o__Veillonellales;f__Veillonellaceae;g__Dialister;s__Dialister_invisus	k__Bacteria;p__Bacteroidetes;c__Bacteroidia;o__Bacteroidales;f__Bacteroidaceae;g__Bacteroides;s__Bacteroides_salanitronis
k__Bacteria;p__Bacteroidetes;c__Bacteroidia;o__Bacteroidales;f__Bacteroidaceae;g__Bacteroides;s__Bacteroides_vulgatus	1.0	0.0392766648773	0.00457034423205	-0.0997750566845	-0.0549068410901	0.00749651948635	0.0403769204947	0.0264733170679	-0.0131840376998	-0.0144501406998	-0.018138889747	0.0638868502601	0.0221641513673	0.0242948725145	-0.0100397471156	-0.0449066706775	-0.0439313195658	0.0628107959557	0.0167574716054	-0.0042221689304	-0.00341267085708	-0.0172812616199	-0.0167539043809	0.0145118855393	0.0190399730856	0.0293930760147	-0.0221871890556	0.0547720217249	-0.0655990363777	-0.0499964290039	0.0331156664165	-0.0169661584315	0.0141524794456	0.00189021681963	0.0513681613427	-0.0166990144285	-0.00431204930515	0.0132662470143	-0.0539750791307	0.00984942669575	-0.0585984191459	0.0196610193387	-0.00414388140335	-0.00640232141023	-0.0995754153774	0.0328112918698	-0.0168669479431	-0.0299299820556	-0.0447472732733	-0.0191292054116	-0.0760312493156	-0.0257856458905	0.0171703171154	-0.0522154065525	0.0242957775591	0.00721215182484	0.0429217682774	0.0390320550685	-0.0010091092741
k__Bacteria;p__Bacteroidetes;c__Bacteroidia;o__Bacteroidales;f__Bacteroidaceae;g__Bacteroides;s__Bacteroides_uniformis	0.0392766648773	1.0	-0.0250795974415	0.0113724621902	-0.0240935169994	-0.0461872294324	-0.0397503921475	-0.0119754536203	-0.0113646442766	-0.036387867368	-0.0168940734743	-0.0520790821274	0.0330556551615	-0.0484581457821	-0.00445496546961	-0.0125975523553	-0.0269231181756	-0.0681990238176	0.0279226231948	0.0207218971461	-0.0220375564024	0.0420701545735	0.0771534285142	-0.0365263347263	0.00298321574207	0.00175661066451	-0.0172018005244	0.000498937199253	-0.0215334786886	0.0739465376243	-0.00592514856114	0.0079069480244	-0.0336044258755	-0.0424429485085	0.000902429828151	-0.0137180676853	-0.0226660239849	-0.0347035382538	0.0319425308297	-0.0382412071712	0.0512973093039	-0.0249078404032	0.0541952015422	-0.00193747230613	-0.0361981427397	-0.0268893503533	0.0256621259015	-0.0300583460502	0.0176619360726	0.0286482174216	0.0127306210542	0.0332486451063	0.048421025361	-0.0333774885717	0.00330391467129	-0.0266344012845	-0.0567146797417	0.0142802923576	0.00803402767474
k__Bacteria;p__Bacteroidetes;c__Bacteroidia;o__Bacteroidales;f__Rikenellaceae;g__Alistipes;s__Alistipes_putredinis	0.00457034423205	-0.0250795974415	1.0	0.0113146245174	0.0149974952213	-0.0255396843345	-0.00854388759888	-0.0593725613295	0.0250573614037	-0.046155765511	-0.0206924545261	0.0983376893467	0.00454187170197	0.0274726069551	-0.0575798026472	-0.016073537435	-0.00506192269751	-0.0411356800153	0.0295293931268	-0.0172669712466	-0.0565252919533	-0.0108646016521	-0.0193981138369	0.0259613509826	-0.0169040463097	-0.00318311591697	-0.00495492693278	-0.0361604797769	0.0191639850097	-0.00628197813731	0.00694585807325	0.0393853905475	-0.0449432100517	-0.00888666187427	0.00962921686836	-0.0143781214687	0.0268009124324	0.0628459285192	-0.024868030305	0.000175627987493	0.00454767437639	0.0379497210571	-0.0345667618887	0.0305258291891	0.0174226765913	-0.0449787854066	-0.00340235139086	-0.000895900721066	-0.0186570693262	-0.0135257792184	0.00978871359628	0.0727520501629	-0.035365638432	-0.0918359410179	-0.0159540818468	-0.0243381545829	0.00519872832306	-0.0208083821057	-0.058978380135
k__Bacteria;p__Bacteroidetes;c__Bacteroidia;o__Bacteroidales;f__Prevotellaceae;g__Prevotella;s__Prevotella_copri	-0.0997750566845	0.0113724621902	0.0113146245174	1.0	0.00188231351525	-0.0270482862761	-0.00164218372011	0.0622823613792	0.0137410312686	-0.0210660204935	0.0114114163922	-0.0198741596515	-0.0254682580723	-0.0089189790011	-0.0608151134288	-0.00983710712633	0.0150556488759	-0.0271127128368	0.00618424375175	0.00125424429235	0.0129914029508	0.0307820004666	0.0179387540278	-0.0213677624342	-0.0610420002567	-0.0509095063978	-0.00141031192952	0.0208028702858	0.0476418208015	-0.0314861440739	-0.0623753231606	-0.0287638343826	0.023357403	0.000502968428333	-0.0187695871912	-0.0159638691531	-0.00841663407425	0.00785391255281	0.0247612246468	-0.0700062785518	0.00466982202738	0.0153629811056	0.0315541087568	-0.0689400359728	-0.00638894717705	0.00010994189425	-0.00450266766334	0.0596039095777	-0.0453086352619	0.0521205500531	0.006424560123	-0.0334432487301	-0.076758038827	-0.00750148528093	-0.0575865017962	0.0168827325783	-0.0740163205533	0.0517947444218	-0.0210076675251
k__Bacteria;p__Bacteroidetes;c__Bacteroidia;o__Bacteroidales;f__Bacteroidaceae;g__Bacteroides;s__Bacteroides_stercoris	-0.0549068410901	-0.0240935169994	0.0149974952213	0.00188231351525	1.0	0.0483341041971	0.00259136829045	-0.0275948112444	-0.0824437579325	-0.039295271662	-0.0115247129086	0.00750782745669	-0.00420343235907	-0.0284084809029	0.0458263022247	-0.040786672911	0.00831602756117	-0.0116456411081	-0.00470488423597	-0.0279901861321	-0.0344291244108	0.0150541490788	-0.0463996915678	-0.0337713035215	0.0262374145662	0.0186762181956	0.00473018681034	-0.0644335795775	0.0320308329281	-0.058860360917	-0.0564005774296	-0.0102304858126	-0.0522101321624	0.010283450354	-0.00931304428529	0.0063202775474	-0.000268621678457	-0.0103927238428	-0.0121926032262	0.0832969638881	0.00983351043807	-0.0378940241336	0.0554869097069	-0.0361416392609	0.0555761909388	0.0597539755321	-0.000449410298248	-0.000134419744309	0.0225164284883	-0.0344010551868	0.00338205293523	0.0428742475327	-0.0373727983681	0.0165432401318	0.00865524226493	-0.072448842397	0.0102326545967	-0.00119547199057	-0.022932880353
k__Bacteria;p__Bacteroidetes;c__Bacteroidia;o__Bacteroidales;f__Bacteroidaceae;g__Bacteroides;s__Bacteroides_ovatus	0.00749651948635	-0.0461872294324	-0.0255396843345	-0.0270482862761	0.0483341041971	1.0	-0.0160933571659	-0.0241151045878	-0.0393711208942	-0.000414446734919	0.0119166514065	-0.0340301777886	0.0300776960294	0.0193152697273	-0.0367213877121	-0.0209006269031	-0.0534466739669	0.0573111654924	-0.0379626046114	-0.0712153671197	-0.00775649563703	-0.0185351186444	-0.0243272862079	-0.028364866869	-0.0419102238304	0.0391209040767	0.0180008411681	0.00475232171195	0.0172521993653	0.00938727057589	-0.0978681979821	0.0244295717555	0.0333024045723	-0.0342543172646	-0.083745142035	-0.0226877905561	-0.0466773658797	0.0226171226469	-0.0133081300303	-0.00650323610777	-0.0601648560438	-0.015031570224	0.0358611169882	-0.0562026613353	-0.0449187708531	0.0598829797196	0.00518049835302	0.0248638100168	-0.0137505644062	-0.0341155039727	0.0429907113814	-0.0020920122916	-0.0339544477819	-0.0424216884216	-0.0057838514587	0.0588676880655	0.0388939176904	0.030559310361	-0.0160784824645
k__Bacteria;p__Bacteroidetes;c__Bacteroidia;o__Bacteroidales;f__Rikenellaceae;g__Alistipes;s__Alistipes_shahii	0.0403769204947	-0.0397503921475	-0.00854388759888	-0.00164218372011	0.00259136829045	-0.0160933571659	1.0	-0.0231858124998	-0.0517533813211	-0.0100131770555	-0.0118734526506	0.0526327159535	-0.0372810356917	0.0142263628176	-0.0737926152647	0.0272006549948	0.0262833473037	0.0122641928262	-0.0719986638501	-0.00625544822398	-0.0141907955722	0.00309272207168	0.0117908877232	-0.0683702936273	0.000167048582968	-0.0237190481218	-0.0220088561017	-0.00130368368139	-0.0492801351794	-0.0233236525937	-0.0446364362209	0.0091252580211	0.0622708338588	-0.0434217232657	-0.076517787787	-0.0167285000556	-0.0193560825278	-0.0139910723954	0.00718879036941	0.0344704108954	0.0135581550437	-0.0419606210667	-0.0430775796421	-0.00772609113335	0.013776659918	0.0341590624941	-0.0137286186825	0.0332619031039	-0.056104185323	-0.0882807691273	0.0424487808936	-0.0379873735008	0.01348185626	0.0638711269876	-0.019554670361	-0.0149797787209	0.0311220446577	-0.0184300018562	-0.0157403503126
k__Bacteria;p__Firmicutes;c__Clostridia;o__Clostridiales;f__Ruminococcaceae;g__Faecalibacterium;s__Faecalibacterium_prausnitzii	0.0264733170679	-0.0119754536203	-0.0593725613295	0.0622823613792	-0.0275948112444	-0.0241151045878	-0.0231858124998	1.0	-0.0866383548149	0.0270787783076	-0.0435593888692	0.0286438170291	-0.00628635800324	0.00477590121175	-0.0298321038095	-0.000765773929863	0.0295282601846	0.033129014757	0.0356091884388	-0.0175930198895	-0.032333467621	0.00970636742211	-0.0235752629666	-0.0214397276326	0.0262965556329	0.0104458122134	0.00602392198548	-0.00989711896706	0.00311318361191	0.00787273071529	0.019758912323	0.0145953576137	-0.000529689341246	0.0470529365926	-0.0147420530698	-0.046921418882	-0.0266267314397	0.0406588723287	0.0325585292436	-0.098541690769	-0.00367520886038	-0.0410913068966	0.0191551884007	0.0287641703344	0.0164174879258	-0.0133466304672	-0.0105021366597	-0.0794641772495	-0.0150713748457	-0.0200236080072	0.00438908957279	-0.0293676693847	0.0134415229506	0.0166809206041	-0.0353608399978	0.00436046608091	0.034373199049	-0.0387122275956	-0.0069627921211
k__Bacteria;p__Bacteroidetes;c__Bacteroidia;o__Bacteroidales;f__Rikenellaceae;g__Alistipes;s__Alistipes_finegoldii	-0.0131840376998	-0.0113646442766	0.0250573614037	0.0137410312686	-0.0824437579325	-0.0393711208942	-0.0517533813211	-0.0866383548149	1.0	0.000210156861733	-0.00626329836563	-0.0529502080231	0.0467571465172	-0.000167432690376	-0.00957485435655	-0.0443837541656	-0.00166203250405	0.00651128562342	-0.0173944013922	0.0369948177287	-0.0304497180841	0.0040595586424	0.0296032040728	-0.00017046737006	0.0295034701058	0.0296802449119	0.024891675678	0.0192306071532	0.0048516867989	0.0143425752307	0.000240999856964	-0.00322092431781	-0.0372662325752	-0.0302113707282	-0.0502006704109	-0.0116324934176	-0.0303068308541	0.0159491276242	-0.0223779195612	-0.0539899869128	-0.0624229351317	-0.00533388806031	-0.00163925958366	0.0111779273323	-0.070194553234	0.00429804294423	0.0514580040998	-0.00459069307466	0.0452538498611	-0.0312168594875	0.000430259589419	-0.0299624453487	0.0425598485709	-0.0492502981853	-0.0357927742477	0.00359175529864	-0.0133145086752	-0.0141968233968	-0.0764934100165
k__Bacteria;p__Bacteroidetes;c__Bacteroidia;o__Bacteroidales;f__Porphyromonadaceae;g__Parabacteroides;s__Parabacteroides_distasonis	-0.0144501406998	-0.036387867368	-0.046155765511	-0.0210660204935	-0.039295271662	-0.000414446734919	-0.0100131770555	0.0270787783076	0.000210156861733	1.0	-0.110078847498	-0.00507527683257	0.0125452248549	-0.00576471651241	-0.0201658469096	-0.0657901960449	-0.0378690520903	-0.0425910124151	-0.0192617720694	-0.0250726301597	0.00374412461793	0.0245688139903	0.0211475881111	0.0279702161392	-0.0262433559599	-0.0203625984969	-0.00350592615168	-0.0109692084807	-0.0847399311245	0.0367644993439	0.00156695452624	-0.0744675125895	-0.0521897480235	-0.0128877581752	-0.0374947290146	0.00378323335018	0.0317641736054	0.0387376779592	0.055505983475	0.0236775288595	0.0315665120676	-0.0130687490171	0.0308587595904	0.0291452712464	-0.0339436885021	0.0340006573551	-0.0389451162761	-0.0285479920595	0.0150543310549	0.0357656147698	0.0268598922524	0.0250054223233	-0.0274581488727	0.00420947458768	0.0157332584618	0.0489435859497	-0.00674085066361	-0.0769910490396	-0.029640892682
k__Bacteria;p__Bacteroidetes;c__Bacteroidia;o__Bacteroidales;f__Bacteroidaceae;g__Bacteroides;s__Bacteroides_thetaiotaomicron	-0.018138889747	-0.0168940734743	-0.0206924545261	0.0114114163922	-0.0115247129086	0.0119166514065	-0.0118734526506	-0.0435593888692	-0.00626329836563	-0.110078847498	1.0	0.000548390708036	-0.0450314622124	-0.0411463477483	0.0742547380205	-0.0521984232148	-0.00765725713044	0.0481147203511	0.0291434197052	0.0309293536075	-0.0182967416763	-0.0293173669623	-0.00106326202748	0.0106626001777	0.0153828633865	0.07323296594	-0.0962432109436	-0.00859473181502	-0.0541377142361	-0.00652480379774	-0.0184539489038	-0.0481997234864	0.0164119956425	0.0289315011282	-0.0104595807201	-0.0385991038447	0.0113790009657	-0.0115760214939	-0.0387271259605	0.0317284663182	-0.0598421863832	0.0266098608535	-0.0116110025949	-0.01486931781	-0.0312985945174	0.00136917909174	-0.0302384266599	0.0488917841052	-0.0773992631943	0.00526946117427	-0.0133277621745	0.00659403857217	-0.0135783955906	-0.0197772425033	0.052187169565	-0.0790696938068	0.00831209577548	-0.0287369816581	0.0264825289423
k__Bacteria;p__Bacteroidetes;c__Bacteroidia;o__Bacteroidales;f__Bacteroidaceae;g__Bacteroides;s__Bacteroides_coprocola	0.0638868502601	-0.0520790821274	0.0983376893467	-0.0198741596515	0.00750782745669	-0.0340301777886	0.0526327159535	0.0286438170291	-0.0529502080231	-0.00507527683257	0.000548390708036	1.0	0.0219234215301	-0.0221653429152	-0.0390570403597	-0.0483899643457	0.0488981222783	-0.00548214956973	0.0607068415282	-0.0197513525924	0.00280559696404	0.0403705035559	0.00261682248836	-0.0050604193236	0.0267872333961	-0.0441765118037	0.0234152751907	-0.0174804541239	-0.0196558259917	0.0597420156556	0.018505619721	-0.0441387478578	-0.0088115335671	-0.00396541902093	-0.0530664687156	-0.0343295143452	0.0100917493955	0.00357423429156	-0.0449040587356	0.000390036943776	0.0319025296616	0.0019573367686	-0.0130631296962	-0.0362049259836	-0.0363833102435	-0.00420197826984	0.0145783576886	0.00977722658482	-0.0452327094824	-0.0456058494431	-0.0456395596285	0.0155157711247	-0.00025621907441	0.0243348455081	-0.0041582223498	-0.0466430144239	-0.014908344103	-0.0542866420154	-0.0202064117163
k__Bacteria;p__Bacteroidetes;c__Bacteroidia;o__Bacteroidales;f__Bacteroidaceae;g__Bacteroides;s__Bacteroides_cellulosilyticus	0.0221641513673	0.0330556551615	0.00454187170197	-0.0254682580723	-0.00420343235907	0.0300776960294	-0.0372810356917	-0.00628635800324	0.0467571465172	0.0125452248549	-0.0450314622124	0.0219234215301	1.0	-0.0135443908925	-0.0590741670447	-0.0705698928902	0.0526386466992	0.00276171224019	0.0432274177668	-0.015278840506	0.0595282543637	-0.0205345448389	0.0761153092126	-0.031138621144	-0.0228185392459	-0.0239069909146	-0.0309455066693	0.00623769374894	-0.000687148205443	-0.0518204096728	0.00259614801034	-0.0179188162442	-0.0108868284386	-0.0376086640928	-0.0279230167647	0.0240884696158	0.0402875172514	0.0340141657551	0.0265903675224	0.0316554193441	0.00280577669047	0.00547082238712	0.0378607817783	0.0257548004943	-0.0177671767396	-0.0376958730674	0.0528403290379	-0.0369948401737	-0.0123921267524	-0.0494667089248	-0.0159485108159	-0.0652438655775	0.0153513623885	0.0204037189963	-0.0103479497643	-0.0336833541192	-0.00197924894881	-0.0302566772663	-0.0903399958644
k__Bacteria;p__Bacteroidetes;c__Bacteroidia;o__Bacteroidales;f__Rikenellaceae;g__Alistipes;s__Alistipes_obesi	0.0242948725145	-0.0484581457821	0.0274726069551	-0.0089189790011	-0.0284084809029	0.0193152697273	0.0142263628176	0.00477590121175	-0.000167432690376	-0.00576471651241	-0.0411463477483	-0.0221653429152	-0.0135443908925	1.0	0.00139777831032	-0.00079075597402	-0.0493029918528	-0.0634501964775	0.0155858247052	0.00455474039946	-0.0492330932613	0.0106275714779	0.0016659391533	0.0339798946087	0.00537522140792	-0.0372127508449	-0.055371704982	0.0323982334435	-0.0290769141886	0.0148011714527	-0.0220081632763	-0.0379443054294	0.0367967819606	-0.0335554303329	-0.0101628750586	0.00787456101327	0.0129970561511	-0.0448889906658	-0.00772610210188	-0.0530367767861	-0.000406693648782	0.022830937136	-0.000301062072249	-0.0281248312477	0.00642879993916	-0.0762487802705	0.036903803219	-0.0063152181869	-0.0313202000437	-0.0886328920151	-0.0412138016203	0.0157366246009	-0.048109545714	-0.00567593889181	-0.0144031729908	0.0139081657759	0.00182251848058	-0.0606255491846	-0.0595172313198
k__Bacteria;p__Firmicutes;c__Clostridia;o__Clostridiales;f__Lachnospiraceae;g__;s__[Eubacterium]_rectale	-0.0100397471156	-0.00445496546961	-0.0575798026472	-0.0608151134288	0.0458263022247	-0.0367213877121	-0.0737926152647	-0.0298321038095	-0.00957485435655	-0.0201658469096	0.0742547380205	-0.0390570403597	-0.0590741670447	0.00139777831032	1.0	0.0401637522723	-0.0327822136192	0.0112150623577	-0.0493768806483	0.0528356226925	-0.0349357849355	-0.00442235654251	0.0424639380549	0.033856202892	0.0108465475116	-0.0177432221892	0.0130652203083	-0.0366955387144	0.0258707407734	-0.0051188720303	-0.0123303951743	-0.0419072729165	-0.0290468882791	-0.0222920677515	0.00174540085706	0.000568878371114	-0.0121407446182	0.0256752538967	0.0414338829064	0.0445401479916	0.00247550983014	0.0106974236058	0.00735561091082	-0.0169699040492	0.0234867448748	-0.0340227828335	0.0549298856412	-0.00195810558991	-0.0750959822879	0.0163844110473	-0.00226807776876	-0.025946996282	-0.0519000131497	-0.0130928052709	-0.0321614174861	0.0142201246567	-0.0238593408191	0.0267685963266	0.0442817283033
k__Bacteria;p__Bacteroidetes;c__Bacteroidia;o__Bacteroidales;f__Bacteroidaceae;g__Bacteroides;s__Bacteroides_plebeius	-0.0449066706775	-0.0125975523553	-0.016073537435	-0.00983710712632	-0.040786672911	-0.0209006269031	0.0272006549948	-0.000765773929863	-0.0443837541656	-0.0657901960449	-0.0521984232148	-0.0483899643457	-0.0705698928902	-0.00079075597402	0.0401637522723	1.0	-0.000381754712314	-0.0380009385963	-0.006364999428	-0.00600982926936	0.0127003052949	-0.00964570186266	-0.0324276494797	0.0280600522811	-0.0089385633862	-0.0434747937825	0.01842664187	0.0219823841755	0.00881614266837	-0.0580397887756	-0.0113031193147	-0.00430633516695	0.0528291339376	0.0196388506459	0.0398013866044	-0.01566808713	-0.0264703029782	-0.0467464367891	-0.0188958449479	0.00949203118377	0.0132767377785	0.0290029540127	-0.019427034363	0.0077048498093	-0.014812441552	-0.0132955560299	0.039564708452	-0.0138372889312	-0.0213587907776	0.0191576661627	0.00926572084703	-0.0242704197466	0.0277718675765	-0.0409226501467	0.00210648352753	0.0108494659467	-0.0478001518407	-0.0195533289001	-0.0231194173035
k__Bacteria;p__Bacteroidetes;c__Bacteroidia;o__Bacteroidales;f__Bacteroidaceae;g__Bacteroides;s__Bacteroides_fragilis	-0.0439313195658	-0.0269231181756	-0.00506192269751	0.0150556488759	0.00831602756117	-0.0534466739669	0.0262833473037	0.0295282601846	-0.00166203250405	-0.0378690520903	-0.00765725713044	0.0488981222783	0.0526386466992	-0.0493029918528	-0.0327822136192	-0.000381754712314	1.0	0.0967231239823	-0.0540428122098	0.00754671956455	0.0374911684704	0.0253231438708	-0.0411872592685	-0.0253096705424	-0.061444444317	-0.0451389695545	-0.0219735691866	-0.0208556531472	0.00655949280386	-0.0400375957202	-0.0359527883006	-0.0043878159078	0.0367116203266	-0.0210064761574	0.046051129359	-0.00677852893436	-0.0730656808836	0.0352220504402	-0.0279618698584	-0.0115565178424	0.00436721788163	-0.0269404091814	-0.029090330171	-0.0262603984963	-0.033418850496	-0.037273372636	-0.038300482729	0.0383970704806	0.00838920988139	0.0129627103547	-0.00663896104686	-0.0364950624957	0.00540722863949	-0.0367129484942	0.00527889019707	-0.0212848316862	0.00360931595665	-0.0285173293014	0.00878581682728
k__Bacteria;p__Proteobacteria;c__Betaproteobacteria;o__Burkholderiales;f__Sutterellaceae;g__Sutterella;s__Sutterella_wadsworthensis	0.0628107959557	-0.0681990238176	-0.0411356800153	-0.0271127128368	-0.0116456411081	0.0573111654924	0.0122641928262	0.033129014757	0.00651128562342	-0.0425910124151	0.0481147203511	-0.00548214956973	0.00276171224019	-0.0634501964775	0.0112150623577	-0.0380009385963	0.0967231239823	1.0	0.0243830727646	-0.00324122838079	0.0427320182682	-0.00983588797563	-0.00221359073229	0.0226848994867	-0.00180665084642	-0.00161584525367	-0.0154414038463	-0.0944131911383	-0.00963714305148	-0.0123367678339	-0.0430438461667	0.0542167391104	-0.0312570232489	0.0509494011093	-0.00605412609536	0.0367408067353	-0.0114326540522	0.00580538305775	-0.0265209983667	0.0028940152183	-0.0572959696497	0.0150907750305	-0.00279395735227	0.0184707655164	0.0283275697188	0.0373690439978	-0.00961243474767	0.0303424049299	-0.0164649424872	-0.0434758481882	-0.0890794881613	-0.102716390416	-0.0548455351868	-0.0148420545478	0.00675776214042	0.0147412480767	0.019275653408	-0.0199080803201	0.0419259916475
k__Bacteria;p__Bacteroidetes;c__Bacteroidia;o__Bacteroidales;f__Porphyromonadaceae;g__Barnesiella;s__Barnesiella_intestinihominis	0.0167574716054	0.0279226231948	0.0295293931268	0.00618424375175	-0.00470488423597	-0.0379626046114	-0.0719986638501	0.0356091884388	-0.0173944013922	-0.0192617720694	0.0291434197052	0.0607068415282	0.0432274177668	0.0155858247052	-0.0493768806483	-0.006364999428	-0.0540428122098	0.0243830727646	1.0	0.0142102605145	0.0220149090063	0.00970187821632	-0.0610105527512	0.0403599980485	-0.0051036159404	0.0357340892912	0.0299150315539	-0.0184556059335	-0.0340950854999	-0.0200911837067	0.0102345726526	0.000153611069266	-0.00250307433413	-0.0352298456413	-0.0086348935454	-0.0166991327882	0.00378118120085	-0.0264289652557	0.00212606116931	-0.0156662596164	-0.0521413430825	-0.0313215765497	-0.0154989287991	-0.0181393140629	-0.0411283868228	-0.0492460933742	-0.00842614718163	-0.0244159065322	-0.0580876331051	0.012519512643	-0.0392742643911	-0.0711795757209	-0.0230161905324	-0.0015318864736	0.0594558315881	0.0390507725682	-0.0108397779422	-0.0059973669215	0.000874211771983
k__Bacteria;p__Bacteroidetes;c__Bacteroidia;o__Bacteroidales;f__Odoribacteraceae;g__Odoribacter;s__Odoribacter_splanchnicus	-0.0042221689304	0.0207218971461	-0.0172669712466	0.00125424429235	-0.0279901861321	-0.0712153671197	-0.00625544822398	-0.0175930198895	0.0369948177287	-0.0250726301597	0.0309293536075	-0.0197513525924	-0.015278840506	0.00455474039946	0.0528356226925	-0.00600982926936	0.00754671956455	-0.00324122838079	0.0142102605145	1.0	0.0025896368402	0.0832693153937	-0.0285271030028	0.0300280926621	0.0284481869347	0.0277133298976	0.0613449810266	-0.0150825710804	-0.0135984746994	0.0190962098139	-0.0304648933749	-0.00669456778762	-0.0654338145021	-0.0195141443578	-0.00716380793749	0.036112734504	-0.00985236545321	-0.0326603578042	-0.0240969289038	-0.0161552549715	0.102236710181	-0.0231427801097	-0.0490696816785	0.0561444130757	-0.027136105921	-0.0432320729647	-0.0439634048276	0.00773396197763	-0.00272499234779	-0.0331895905401	-0.0707555011333	-0.00856653550525	-0.08527665024	-0.0390966633621	0.0301454277928	-0.0191953479146	-0.050266049287	-0.00435336552007	0.00666947660095
k__Bacteria;p__Bacteroidetes;c__Bacteroidia;o__Bacteroidales;f__Bacteroidaceae;g__Bacteroides;s__Bacteroides_salyersiae	-0.00341267085708	-0.0220375564024	-0.0565252919533	0.0129914029508	-0.0344291244108	-0.00775649563703	-0.0141907955722	-0.032333467621	-0.0304497180841	0.00374412461793	-0.0182967416763	0.00280559696404	0.0595282543637	-0.0492330932613	-0.0349357849355	0.0127003052949	0.0374911684704	0.0427320182682	0.0220149090063	0.0025896368402	1.0	0.00968874533503	-0.0396071743778	0.0440253347963	0.0125575484411	0.0782242721101	0.0169670958311	-0.0904906496841	-0.0172906817997	0.0267145212356	-0.0135506381278	0.00987924262938	-0.0549918720636	0.038874733116	-0.0276060666472	0.0367795414827	-0.0481448584295	0.0520582175543	-0.0151335510582	0.00717862690221	-0.0200796874592	-0.0187184352046	0.00828279161356	-0.0313547502907	-0.0140332112427	0.0340311610668	-0.0124366249537	-0.116142352247	0.04903053072	0.0117767530732	-0.0103180043191	0.0198078552861	-0.00114921531116	-0.0244975857746	0.0585556220153	-0.0139719863841	-0.0115868657681	0.00141160053287	-0.0168275222401
k__Bacteria;p__Firmicutes;c__Clostridia;o__Clostridiales;f__Ruminococcaceae;g__Ruminiclostridium;s__[Eubacterium]_siraeum	-0.0172812616199	0.0420701545735	-0.0108646016521	0.0307820004666	0.0150541490788	-0.0185351186444	0.00309272207168	0.00970636742211	0.0040595586424	0.0245688139903	-0.0293173669623	0.0403705035559	-0.0205345448389	0.0106275714779	-0.00442235654251	-0.00964570186266	0.0253231438708	-0.00983588797563	0.00970187821632	0.0832693153937	0.00968874533503	1.0	-0.0187621830989	0.0429401873578	0.0138253466907	0.00169027994184	0.0339849339116	-0.0534823668143	-0.013867018186	-0.0440196165295	-0.041342942061	-0.0660005558819	-0.0127588747872	-0.0383651358248	-0.0585543068234	0.0434613258009	-0.0319703311475	-0.0190946601719	-0.00140552814296	-0.059761366059	-0.026686214098	-0.0283064569332	0.00694065240135	-0.00693914367841	0.0408755300116	-0.0253996878991	-0.0220489419185	-0.0400270501106	-0.000859655859053	0.00248174869762	-0.0282857267542	0.00700693038601	-0.0526280099325	-0.0189176398838	0.0708310542172	-0.0526353209021	-0.0327440169992	-0.0158284330344	0.0123320094837
k__Bacteria;p__Proteobacteria;c__Betaproteobacteria;o__Burkholderiales;f__Sutterellaceae;g__Parasutterella;s__Parasutterella_excrementihominis	-0.0167539043809	0.0771534285142	-0.0193981138369	0.0179387540278	-0.0463996915678	-0.0243272862079	0.0117908877232	-0.0235752629666	0.0296032040728	0.0211475881111	-0.00106326202748	0.00261682248836	0.0761153092126	0.0016659391533	0.0424639380549	-0.0324276494797	-0.0411872592685	-0.00221359073229	-0.0610105527512	-0.0285271030028	-0.0396071743778	-0.0187621830989	1.0	0.0119307071041	0.00299912131692	0.0501790823812	-0.0122304330124	0.0260800830641	-0.0244155734353	0.00113365325468	-0.00542525827113	-0.00973019368943	-0.0413472635866	0.00154274204075	-0.0633996381512	-0.0879175626239	-0.0215040223764	0.0382327961266	0.00411920318804	-0.00154831960924	-0.0241212660257	-0.00693667138044	0.00844217768406	0.0230403723122	0.015931229152	-0.0540458795561	-0.0135050864484	-0.0373932828957	0.000484896998525	0.00601504289915	0.00329161888664	0.0135213547959	-0.0474333367683	-0.0195433437379	-0.0213244248453	-0.0628701765661	-0.0340216370564	-0.0270309815288	0.0294336654358
k__Bacteria;p__Actinobacteria;c__Actinobacteria;o__Bifidobacteriales;f__Bifidobacteriaceae;g__Bifidobacterium;s__Bifidobacterium_adolescentis	0.0145118855393	-0.0365263347263	0.0259613509826	-0.0213677624342	-0.0337713035215	-0.028364866869	-0.0683702936273	-0.0214397276326	-0.00017046737006	0.0279702161392	0.0106626001777	-0.0050604193236	-0.031138621144	0.0339798946087	0.033856202892	0.0280600522811	-0.0253096705424	0.0226848994867	0.0403599980485	0.0300280926621	0.0440253347963	0.0429401873578	0.0119307071041	1.0	-0.0407105365942	-0.0575654927675	-0.0174845453909	0.0382191802775	-0.00636993531011	0.0336578488555	-0.0135393931744	-0.044933924573	-0.0194125261854	-0.022824558948	0.0077413534743	0.0489870753338	-0.0145843502726	-0.0100880029383	-0.00507249895048	-0.0023835164122	-0.0325560463922	-0.0366882710321	-0.0190023659035	0.0117082891204	-0.038152653528	-0.0160908699165	0.0260885149091	-0.0171782686594	-0.00426218894487	-0.0267337059083	0.0620668404278	-0.0218637201458	-0.0352101459998	-0.0682216680841	-0.0224313387388	-0.0404286362801	-0.0405861210456	-0.00986930637626	0.0654469954697
k__Bacteria;p__Firmicutes;c__Clostridia;o__Clostridiales;f__Oscillospiraceae;g__Oscillibacter;s__Oscillibacter_sp._KLE_1745	0.0190399730856	0.00298321574207	-0.0169040463097	-0.0610420002567	0.0262374145662	-0.0419102238304	0.000167048582968	0.0262965556329	0.0295034701058	-0.0262433559599	0.0153828633865	0.0267872333961	-0.0228185392459	0.00537522140792	0.0108465475116	-0.0089385633862	-0.061444444317	-0.00180665084642	-0.0051036159404	0.0284481869347	0.0125575484411	0.0138253466907	0.00299912131692	-0.0407105365942	1.0	-0.00350024107706	-0.061315134446	-0.072470804943	0.00968185836427	0.0322884986387	-0.0404010839909	-0.0296749782207	-0.0273848728061	0.00597605377103	0.0426124691983	-0.0554971037808	0.0482031082003	0.0319360631611	0.0223164593379	-0.0057469904132	0.0527654133483	-0.0313247360627	-0.0346700158123	-0.00217068076811	-0.0726423094168	-0.0214563532561	-0.0166248850795	0.0782570397601	-0.0533814045021	-0.0352111189558	-0.0173380246589	-0.0238577993049	0.0156729184392	0.000884410184131	0.0362750745253	0.0120613854292	-0.0256787823706	0.0185218709341	-0.0798925879655
k__Bacteria;p__Bacteroidetes;c__Bacteroidia;o__Bacteroidales;f__Bacteroidaceae;g__Bacteroides;s__Bacteroides_coprophilus	0.0293930760147	0.00175661066451	-0.00318311591697	-0.0509095063978	0.0186762181956	0.0391209040767	-0.0237190481218	0.0104458122134	0.0296802449119	-0.0203625984969	0.07323296594	-0.0441765118037	-0.0239069909146	-0.0372127508449	-0.0177432221892	-0.0434747937825	-0.0451389695545	-0.00161584525367	0.0357340892912	0.0277133298976	0.0782242721101	0.00169027994183	0.0501790823812	-0.0575654927675	-0.00350024107706	1.0	0.0505717487017	0.0103882351009	-0.0371504573844	0.0193579832648	0.0238288517254	-0.0165898847166	-0.022083964037	-0.0124309098991	-0.0247279433854	-0.0338747907835	-0.044495050355	-0.000869625175305	0.0072994880729	-0.0233047172169	0.000747809581557	0.0997513532406	-0.00832076259312	-0.0399112562155	-0.0238078488619	0.00782196042982	-0.0654178372377	-0.00146733896646	0.0485516298597	-0.0170441500315	0.0314313541773	-0.0363222452432	0.0570142712005	-0.0140951816376	-0.0195431279317	-0.0120435318184	-0.0543336894816	-0.0204223530772	0.00939371447808
k__Bacteria;p__Firmicutes;c__Clostridia;o__Clostridiales;f__Lachnospiraceae;g__Roseburia;s__Roseburia_intestinalis	-0.0221871890556	-0.0172018005244	-0.00495492693278	-0.00141031192952	0.00473018681034	0.0180008411681	-0.0220088561017	0.00602392198548	0.024891675678	-0.00350592615168	-0.0962432109436	0.0234152751907	-0.0309455066693	-0.055371704982	0.0130652203083	0.01842664187	-0.0219735691866	-0.0154414038463	0.0299150315539	0.0613449810266	0.0169670958311	0.0339849339116	-0.0122304330124	-0.0174845453909	-0.061315134446	0.0505717487017	1.0	-0.00362560479962	-0.0256495471708	-0.00247628078168	0.0164240628818	0.030934469883	0.023924952834	-0.0334739060111	-0.00220981888905	-0.00570449809791	-0.0225740476936	3.74440470478e-05	0.0477808119641	0.0463053296244	0.0190933617629	0.0389698633363	0.0747683477556	0.052271161192	0.0176026463368	-0.00600268087133	-0.0684329792399	-0.032001909155	0.0123022736957	0.00434375067533	-0.0181192414758	-0.000103836758133	0.028815485279	-0.0145455560523	0.0398208592245	-0.0936964564138	0.0419845661064	-0.0145550500833	-0.0456913142262
k__Bacteria;p__Firmicutes;c__Clostridia;o__Clostridiales;f__Lachnospiraceae;g__Roseburia;s__Roseburia_hominis	0.0547720217249	0.000498937199253	-0.0361604797769	0.0208028702858	-0.0644335795775	0.00475232171195	-0.00130368368139	-0.00989711896706	0.0192306071532	-0.0109692084807	-0.00859473181502	-0.0174804541239	0.00623769374894	0.0323982334435	-0.0366955387144	0.0219823841755	-0.0208556531472	-0.0944131911383	-0.0184556059335	-0.0150825710804	-0.0904906496841	-0.0534823668143	0.0260800830641	0.0382191802775	-0.072470804943	0.0103882351009	-0.00362560479962	1.0	0.00934079084482	-0.00104705617696	0.0687714858641	-0.0437969091943	0.0152105659471	0.0342739224571	-0.0514967821335	0.00276831554865	-0.0472707693726	0.00868066845368	-0.0795126318283	0.0586135695785	-0.0261601883499	0.00786384586663	0.0191296481924	-0.0423851329065	0.00419812330356	0.0269606774912	-0.00345413580738	-0.00266981139475	-0.0520893046824	-0.0426115092093	-0.00762825287031	-0.0229862519544	0.0077866083891	0.0135260126844	-3.9974186165e-05	-0.0297217675769	-0.009144949865	-0.0198087959086	0.0158399370996
k__Bacteria;p__Bacteroidetes;c__Bacteroidia;o__Bacteroidales;f__Porphyromonadaceae;g__Parabacteroides;s__Parabacteroides_johnsonii	-0.0655990363777	-0.0215334786886	0.0191639850097	0.0476418208015	0.0320308329281	0.0172521993653	-0.0492801351794	0.00311318361191	0.0048516867989	-0.0847399311245	-0.0541377142361	-0.0196558259917	-0.000687148205443	-0.0290769141886	0.0258707407734	0.00881614266837	0.00655949280386	-0.00963714305148	-0.0340950854999	-0.0135984746994	-0.0172906817997	-0.013867018186	-0.0244155734353	-0.00636993531011	0.00968185836427	-0.0371504573844	-0.0256495471708	0.00934079084482	1.0	-0.0130735184577	0.0539048380182	-0.0106314442997	0.0203649267042	-0.000902987772998	-0.0157620673179	-0.0233320514011	-0.060335681753	0.0201556203312	0.0190586352982	0.0684959317734	-0.0209738260943	-0.0499516619141	-0.00488197762508	0.0433301642741	0.0107228874378	0.00347799036659	0.0404072678269	0.0409199725096	-0.0292351716439	0.0272576159726	-0.0673822551361	0.0161951641885	0.00799037611409	-0.016963152034	-0.0158905042136	-0.0702176199538	-0.0625841789889	0.00037838065598	-0.0138490492572
k__Bacteria;p__Actinobacteria;c__Actinobacteria;o__Bifidobacteriales;f__Bifidobacteriaceae;g__Bifidobacterium;s__Bifidobacterium_longum	-0.0499964290039	0.0739465376243	-0.00628197813731	-0.0314861440739	-0.058860360917	0.00938727057589	-0.0233236525937	0.00787273071529	0.0143425752307	0.0367644993439	-0.00652480379774	0.0597420156556	-0.0518204096728	0.0148011714527	-0.0051188720303	-0.0580397887756	-0.0400375957202	-0.0123367678339	-0.0200911837067	0.0190962098139	0.0267145212356	-0.0440196165295	0.00113365325468	0.0336578488555	0.0322884986387	0.0193579832648	-0.00247628078168	-0.00104705617696	-0.0130735184577	1.0	-0.00384921198658	0.0445097692294	-0.000602594019197	-0.0778674444313	0.0329073410962	-0.0642303411165	-0.0173800854244	-0.0101615593705	0.0193864725794	0.0108709991071	-0.00310306501925	-0.0362642253475	-0.0243446816122	0.0416981500633	0.00965251238899	0.00354435482472	0.0105123625377	-0.0370896716587	0.00731640229056	0.0512138496819	-0.0451433973151	-0.058426816494	0.00609274297342	-0.0177877933154	0.00397917337326	0.041666186888	0.0844741844157	-0.00639922629791	-0.0119893795618
