#taxonomy	k__Bacteria;p__Bacteroidetes;c__Bacteroidia;o__Bacteroidales;f__Bacteroidaceae;g__Bacteroides;s__Bacteroides_vulgatus	k__Bacteria;p__Bacteroidetes;c__Bacteroidia;o__Bacteroidales;f__Bacteroidaceae;g__Bacteroides;s__Bacteroides_uniformis	k__Bacteria;p__Bacteroidetes;c__Bacteroidia;o__Bacteroidales;f__Rikenellaceae;g__Alistipes;s__Alistipes_putredinis	k__Bacteria;p__Bacteroidetes;c__Bacteroidia;o__Bacteroidales;f__Prevotellaceae;g__Prevotella;s__Prevotella_copri	k__Bacteria;p__Bacteroidetes;c__Bacteroidia;o__Bacteroidales;f__Bacteroidaceae;g__Bacteroides;s__Bacteroides_stercoris	k__Bacteria;p__Bacteroidetes;c__Bacteroidia;o__Bacteroidales;f__Bacteroidaceae;g__Bacteroides;s__Bacteroides_ovatus	k__Bacteria;p__Bacteroidetes;c__Bacteroidia;o__Bacteroidales;f__Rikenellaceae;g__Alistipes;s__Alistipes_shahii	k__Bacteria;p__Firmicutes;c__Clostridia;o__Clostridiales;f__Ruminococcaceae;g__Faecalibacterium;s__Faecalibacterium_prausnitzii	k__Bacteria;p__Bacteroidetes;c__Bacteroidia;o__Bacteroidales;f__Rikenellaceae;g__Alistipes;s__Alistipes_finegoldii	k__Bacteria;p__Bacteroidetes;c__Bacteroidia;o__Bacteroidales;f__Porphyromonadaceae;g__Parabacteroides;s__Parabacteroides_distasonis	k__Bacteria;p__Bacteroidetes;c__Bacteroidia;o__Bacteroidales;f__Bacteroidaceae;g__Bacteroides;s__Bacteroides_thetaiotaomicron	k__Bacteria;p__Bacteroidetes;c__Bacteroidia;o__Bacteroidales;f__Bacteroidaceae;g__Bacteroides;s__Bacteroides_coprocola	k__Bacteria;p__Bacteroidetes;c__Bacteroidia;o__Bacteroidales;f__Bacteroidaceae;g__Bacteroides;s__Bacteroides_cellulosilyticus	k__Bacteria;p__Bacteroidetes;c__Bacteroidia;o__Bacteroidales;f__Rikenellaceae;g__Alistipes;s__Alistipes_obesi	k__Bacteria;p__Firmicutes;c__Clostridia;o__Clostridiales;f__Lachnospiraceae;g__;s__[Eubacterium]_rectale	k__Bacteria;p__Bacteroidetes;c__Bacteroidia;o__Bacteroidales;f__Bacteroidaceae;g__Bacteroides;s__Bacteroides_plebeius	k__Bacteria;p__Bacteroidetes;c__Bacteroidia;o__Bacteroidales;f__Bacteroidaceae;g__Bacteroides;s__Bacteroides_fragilis	k__Bacteria;p__Proteobacteria;c__Betaproteobacteria;o__Burkholderiales;f__Sutterellaceae;g__Sutterella;s__Sutterella_wadsworthensis	k__Bacteria;p__Bacteroidetes;c__Bacteroidia;o__Bacteroidales;f__Porphyromonadaceae;g__Barnesiella;s__Barnesiella_intestinihominis	k__Bacteria;p__Bacteroidetes;c__Bacteroidia;o__Bacteroidales;f__Odoribacteraceae;g__Odoribacter;s__Odoribacter_splanchnicus	k__Bacteria;p__Bacteroidetes;c__Bacteroidia;o__Bacteroidales;f__Bacteroidaceae;g__Bacteroides;s__Bacteroides_salyersiae	k__Bacteria;p__Firmicutes;c__Clostridia;o__Clostridiales;f__Ruminococcaceae;g__Ruminiclostridium;s__[Eubacterium]_siraeum	k__Bacteria;p__Proteobacteria;c__Betaproteobacteria;o__Burkholderiales;f__Sutterellaceae;g__Parasutterella;s__Parasutterella_excrementihominis	k__Bacteria;p__Actinobacteria;c__Actinobacteria;o__Bifidobacteriales;f__Bifidobacteriaceae;g__Bifidobacterium;s__Bifidobacterium_adolescentis	k__Bacteria;p__Firmicutes;c__Clostridia;o__Clostridiales;f__Oscillospiraceae;g__Oscillibacter;s__Oscillibacter_sp._KLE_1745	k__Bacteria;p__Bacteroidetes;c__Bacteroidia;o__Bacteroidales;f__Bacteroidaceae;g__Bacteroides;s__Bacteroides_coprophilus	k__Bacteria;p__Firmicutes;c__Clostridia;o__Clostridiales;f__Lachnospiraceae;g__Roseburia;s__Roseburia_intestinalis	k__Bacteria;p__Firmicutes;c__Clostridia;o__Clostridiales;f__Lachnospiraceae;g__Roseburia;s__Roseburia_hominis	k__Bacteria;p__Bacteroidetes;c__Bacteroidia;o__Bacteroidales;f__Porphyromonadaceae;g__Parabacteroides;s__Parabacteroides_johnsonii	k__Bacteria;p__Actinobacteria;c__Actinobacteria;o__Bifidobacteriales;f__Bifidobacteriaceae;g__Bifidobacterium;s__Bifidobacterium_longum	k__Bacteria;p__Firmicutes;c__Clostridia;o__Clostridiales;f__;g__Flavonifractor;s__Flavonifractor_plautii	k__Bacteria;p__Firmicutes;c__Clostridia;o__Clostridiales;f__Clostridiaceae;g__Clostridium;s__Clostridium_phoceensis	k__Bacteria;p__Verrucomicrobia;c__Verrucomicrobiae;o__Verrucomicrobiales;f__Akkermansiaceae;g__Akkermansia;s__Akkermansia_muciniphila	k__Bacteria;p__Bacteroidetes;c__Bacteroidia;o__Bacteroidales;f__Prevotellaceae;g__Paraprevotella;s__Paraprevotella_xylaniphila	k__Bacteria;p__Firmicutes;c__Clostridia;o__Clostridiales;f__Ruminococcaceae;g__Ruminococcus;s__Ruminococcus_callidus	k__Bacteria;p__Bacteroidetes;c__Bacteroidia;o__Bacteroidales;f__Rikenellaceae;g__Alistipes;s__Alistipes_senegalensis	k__Bacteria;p__Firmicutes;c__Clostridia;o__Clostridiales;f__Lachnospiraceae;g__Blautia;s__Blautia_sp._KLE_1732	k__Bacteria;p__Bacteroidetes;c__Bacteroidia;o__Bacteroidales;f__Bacteroidaceae;g__Bacteroides;s__Bacteroides_oleiciplenus	k__Bacteria;p__Firmicutes;c__Clostridia;o__Clostridiales;f__Ruminococcaceae;g__Ruminococcus;s__Ruminococcus_bicirculans	k__Bacteria;p__Bacteroidetes;c__Bacteroidia;o__Bacteroidales;f__Bacteroidaceae;g__Bacteroides;s__Bacteroides_fluxus	k__Bacteria;p__Bacteroidetes;c__Bacteroidia;o__Bacteroidales;f__Prevotellaceae;g__Prevotella;s__Prevotella_stercorea	k__Bacteria;p__Firmicutes;c__Clostridia;o__Clostridiales;f__Lachnospiraceae;g__Dorea;s__Dorea_longicatena	k__Bacteria;p__Firmicutes;c__Clostridia;o__Clostridiales;f__Eubacteriaceae;g__Eubacterium;s__[Eubacterium]_eligens	k__Bacteria;p__Firmicutes;c__Clostridia;o__Clostridiales;f__Ruminococcaceae;g__;s__Ruminococcaceae_bacterium_D16	k__Bacteria;p__Firmicutes;c__Clostridia;o__Clostridiales;f__Lachnospiraceae;g__Coprococcus;s__Coprococcus_comes	k__Bacteria;p__Proteobacteria;c__Gammaproteobacteria;o__Enterobacterales;f__Enterobacteriaceae;g__Escherichia;s__Escherichia_coli	k__Bacteria;p__Firmicutes;c__Clostridia;o__Clostridiales;f__Ruminococcaceae;g__Anaerotruncus;s__Anaerotruncus_colihominis	k__Bacteria;p__Firmicutes;c__Clostridia;o__Clostridiales;f__Lachnospiraceae;g__Blautia;s__Blautia_obeum	k__Bacteria;p__Bacteroidetes;c__Bacteroidia;o__Bacteroidales;f__Odoribacteraceae;g__Odoribacter;s__Odoribacter_laneus	k__Bacteria;p__Firmicutes;c__Clostridia;o__Clostridiales;f__Ruminococcaceae;g__Ruminiclostridium;s__[Clostridium]_leptum	k__Bacteria;p__Bacteroidetes;c__Bacteroidia;o__Bacteroidales;f__Porphyromonadaceae;g__Parabacteroides;s__Parabacteroides_goldsteinii	k__Bacteria;p__Firmicutes;c__Clostridia;o__Clostridiales;f__Lachnospiraceae;g__Anaerostipes;s__Anaerostipes_hadrus	k__Bacteria;p__Firmicutes;c__Clostridia;o__Clostridiales;f__Ruminococcaceae;g__Ruminococcus;s__Ruminococcus_lactaris	k__Bacteria;p__Firmicutes;c__Clostridia;o__Clostridiales;f__Clostridiaceae;g__Clostridium;s__Clostridium_sp._L2-50	k__Bacteria;p__Firmicutes;c__Clostridia;o__Clostridiales;f__Clostridiaceae;g__Clostridium;s__Clostridium_sp._M62/1	k__Bacteria;p__Firmicutes;c__Clostridia;o__Clostridiales;f__;g__Intestinimonas;s__Intestinimonas_butyriciproducens	k__Bacteria;p__Actinobacteria;c__Actinobacteria;o__Bifidobacteriales;f__Bifidobacteriaceae;g__Bifidobacterium;s__Bifidobacterium_bifidum	k__Bacteria;p__Firmicutes;c__Negativicutes;o__Veillonellales;f__Veillonellaceae;g__Dialister;s__Dialister_invisus	k__Bacteria;p__Bacteroidetes;c__Bacteroidia;o__Bacteroidales;f__Bacteroidaceae;g__Bacteroides;s__Bacteroides_salanitronis
k__Bacteria;p__Bacteroidetes;c__Bacteroidia;o__Bacteroidales;f__Bacteroidaceae;g__Bacteroides;s__Bacteroides_vulgatus	1.0	0.0378896495347	-0.0440365542807	-0.0329072021324	-0.0194607117585	0.0394104463834	0.0378128972141	0.0224931929462	-0.027810838201	0.101135804346	-0.0321812426751	0.02935709466	-0.0197225126077	0.0034551034828	-0.00163116467396	-0.0492821351003	0.0250190533742	0.0548844042166	-0.0304313316891	-0.0474267588035	-0.0568189357551	-0.01242764014	-0.0298872000716	0.0137879923843	0.013605297509	-0.0394299061147	-0.0154228372586	0.00961723783625	-0.0134516003948	0.0396834550693	-0.00544219310541	-0.0169782932575	0.00106137067581	-0.0285347829608	-0.0794503965576	0.00135650153224	0.0586791295678	-0.00434057606521	-0.0694271625899	-0.0139598078134	-0.0391841607451	-0.0486303099526	0.00373062058277	-0.00400774904212	-0.0217687015578	0.0237217238259	-0.0303464593021	0.0339477663634	-0.0308123219549	0.0112160434377	0.0157175211673	0.0337714568715	0.0136118941868	0.00162371225007	0.0403973100971	-0.0397915122036	-0.0245042471151	0.00681368994297	-0.0104824746839
k__Bacteria;p__Bacteroidetes;c__Bacteroidia;o__Bacteroidales;f__Bacteroidaceae;g__Bacteroides;s__Bacteroides_uniformis	0.0378896495347	1.0	-0.0413136671132	-0.010460135514	0.00693003647632	-0.0231119832167	-0.0638756180532	-0.033975550106	-0.00511202774875	-0.00854368909545	0.00702244158509	-0.0591534504661	0.0180654459117	0.00110006717651	-0.0234966126074	0.0280364820029	0.0116538731972	-0.0373533576084	0.0277307084891	0.0117028697145	-0.0460953501648	0.0398356394928	-0.0149679807296	-0.037470004969	-0.0307389024102	-0.0178431090267	0.0697764494025	-0.0161215067996	-0.0444478255269	0.0109474004122	0.00318418226478	-0.0211415658225	-0.0567174967189	-0.0413490025783	-0.00477476146217	-0.0348037911648	0.0286229364393	-0.0445587793913	0.0371383926337	-0.0436721524654	-0.0503432470974	0.0307129280843	-0.00830321253921	-0.0259460647117	0.000864362872674	0.00180193280376	-0.00233417046317	0.0200869954202	-0.0581707507928	0.0110882676348	0.0325339877151	0.0230671999402	0.00965992347366	0.06012138803	0.0549204807006	0.00466079566529	-0.00966781424861	-0.00158095668004	0.0122218280273
k__Bacteria;p__Bacteroidetes;c__Bacteroidia;o__Bacteroidales;f__Rikenellaceae;g__Alistipes;s__Alistipes_putredinis	-0.0440365542807	-0.0413136671132	1.0	-0.0175878747446	-0.0304009917121	-0.0155180700547	0.0434939590758	-0.0272106705774	0.00543983266351	-0.0455568191476	0.0385434215085	0.0180545351688	-0.0249708497276	0.0291668770739	0.0195077237145	0.0544067435767	0.0264888624076	0.0627982432808	0.00743124308277	-0.042407514381	0.000228806454488	0.0359761962593	-0.00507353613714	-0.026210264918	0.000253371209827	0.0195908067533	0.0267935892003	-0.00696395585523	-0.0401418823323	0.0402401253369	-0.0698989679198	-0.0262977803631	-0.012881220785	0.0307154616412	-0.0478570959734	-0.0327865303347	0.0031753904171	0.0286508506483	0.00340270800388	0.00602079280171	0.0295092312401	0.00798244514045	-0.0168519396548	0.0365716280771	0.0192040256549	-0.0783083949603	0.0244951920697	0.015034699768	-0.00579838663635	0.016090678198	-0.0589675409707	-0.0148033570395	-0.0178200292929	-0.056244343139	-0.0588174145845	0.0111351550667	-0.0129033754292	0.0446190299766	0.0133799626507
k__Bacteria;p__Bacteroidetes;c__Bacteroidia;o__Bacteroidales;f__Prevotellaceae;g__Prevotella;s__Prevotella_copri	-0.0329072021324	-0.010460135514	-0.0175878747446	1.0	0.0596194534639	0.039957691728	-0.0420924390474	0.0108410045943	0.0182436257814	-0.00897255845726	0.012124263008	0.0225569579062	-0.0315895819881	-0.00365343177128	0.0320107148118	-0.0374505829826	-0.0125264761235	-0.0212614881732	0.0257556553017	-0.0221267840613	0.0327178266851	-0.0065847097591	0.0207998167091	0.0523073262284	-0.0296598964498	0.0136972322049	-0.0114844658655	-0.0211406474677	-0.0541726702833	-0.0407452217549	-0.0265583231339	-0.0547235946588	-0.0160229833926	-0.0176492773415	0.016594662552	-0.0367085759231	-0.030620932661	-0.0536449855359	-0.0499585036138	0.00493256288813	-0.0328147783429	-0.0606811755928	0.00144137199325	0.0181424014583	-0.0392068889072	0.0131330438871	-0.0192629522644	-0.0222890190076	0.0302830902792	0.0263460538546	0.0210180201074	-0.00331295054477	0.0445522864273	0.0074919122614	-0.0831744585922	-0.0679372704213	0.000866842845176	-0.000995667404022	0.00770087834257
k__Bacteria;p__Bacteroidetes;c__Bacteroidia;o__Bacteroidales;f__Bacteroidaceae;g__Bacteroides;s__Bacteroides_stercoris	-0.0194607117585	0.00693003647632	-0.0304009917121	0.0596194534639	1.0	0.0208705816541	-0.0110552922838	-0.0267326618768	-0.0573179908764	-0.0396007067245	-0.0570529030138	-0.0178635042649	0.0566575764453	-0.0103640744036	0.00286006495529	-0.0205249183463	0.000773759354874	0.0295593759719	-0.0302839743465	-0.00878679258869	-0.032634293127	0.0349899745331	-0.0184039895261	-0.00816687866865	-0.0350742272513	-0.00591642569049	-0.024940641733	-0.0295999889822	-0.000895358579601	-0.0189701167806	-0.0525593657494	-0.00652744734497	0.00621307632602	-0.0151265927489	-0.0335003289553	0.0415830692801	-0.022587717225	0.0534940319478	-0.0299161708427	-0.0260534803301	0.0336774866041	-0.00437335558174	-0.0369046287624	0.0277326102468	0.0609341021798	-0.046287797156	0.0101431343201	0.000102828732047	0.0103763619979	-0.0366146200662	-0.00817393491725	-0.0568119853311	0.00883634793067	-0.0394285782841	0.00421234762723	0.0545576904592	-0.0405883131036	-0.0163927136749	-0.0368264404408
k__Bacteria;p__Bacteroidetes;c__Bacteroidia;o__Bacteroidales;f__Bacteroidaceae;g__Bacteroides;s__Bacteroides_ovatus	0.0394104463834	-0.0231119832167	-0.0155180700547	0.039957691728	0.0208705816541	1.0	0.00142441485848	0.0197457322901	-0.00455592540163	0.0199209627304	0.0137125431216	0.0604438185649	-0.00148438791341	-0.0764885293496	0.0154648748214	0.0212625773915	-0.0522456259314	0.0583120546861	-0.0525761552341	-0.0143258323798	0.0486759422003	0.0406274058045	0.0277423226659	-0.00976891596956	0.00138369011007	-0.0416613391216	0.0418106011658	0.039174602468	-0.00963969948365	0.0163601668136	-0.0174553089279	-0.0309557786737	0.00452622682897	-0.00600543253238	-0.0110992633149	0.0176629025216	-0.0609612717151	0.00726848238539	-0.0320738419784	0.0479600615089	-0.00606867336552	-0.00412925687595	-0.00736136703948	-0.048224082021	0.036935014591	-0.0315963021635	-0.0495020562647	0.00653324218409	-0.0237288397035	0.0346829966351	0.0147321301766	-0.0103809983219	0.0298071351134	-0.0869550259768	0.0121056712507	-0.0608683105955	0.00732772676424	-0.0381231047209	0.0367750424389
k__Bacteria;p__Bacteroidetes;c__Bacteroidia;o__Bacteroidales;f__Rikenellaceae;g__Alistipes;s__Alistipes_shahii	0.0378128972141	-0.0638756180532	0.0434939590758	-0.0420924390474	-0.0110552922838	0.00142441485848	1.0	0.00459383880009	-0.0451120494336	0.00237799887683	0.0602424755157	0.069591405756	-0.0221197726738	-0.0553015645643	-0.0762065008365	0.0218108821518	-0.0360857950912	0.042993804246	-0.0219492570521	-0.0315545768518	0.00241364101151	-0.021530418657	-0.033313998847	0.00902883768305	0.0244755766281	0.0341584538878	-0.0351606412432	0.0355339957113	-0.00644559713394	-0.0336902838617	0.0464617685696	-0.0176947078784	0.0168943559012	-0.0179253289272	0.057001409128	0.0368707269111	-0.00597055957843	-0.0190828471634	-0.0363877273147	-0.0118893298816	0.00645057206281	0.0379343921712	0.00338539017946	-0.0410755879604	-0.0176237059737	-0.0363653763395	-0.0796574055614	0.0143633223095	0.0271021467447	-0.0121252133966	-0.035615573277	-0.0148388393974	-0.0577465746624	-0.0356091781513	-0.0334310698365	0.00151187969951	-0.0350830279634	0.0539888693898	0.0564495230485
k__Bacteria;p__Firmicutes;c__Clostridia;o__Clostridiales;f__Ruminococcaceae;g__Faecalibacterium;s__Faecalibacterium_prausnitzii	0.0224931929462	-0.033975550106	-0.0272106705774	0.0108410045943	-0.0267326618768	0.0197457322901	0.00459383880009	1.0	-0.0087156610692	-0.0153662580209	0.0314491660818	-0.0207943435627	0.0231679081379	-0.00240652507676	-0.0135613966173	0.0157691087427	-0.0124324640033	-0.0318465137299	0.000325878044103	-0.000376729402598	-0.0352261166212	0.0172578126535	-0.0360490442457	0.0518333596248	0.0682387643326	0.00431048686334	-0.000538775050528	0.011909675995	0.0441604487199	-0.0216504419498	0.0468613889269	0.00786995567954	0.0377002292489	0.0145955729982	-0.0137909287046	0.0157906194467	-0.00894764625503	-0.0104920746164	-0.0391283500815	0.0429296345575	-0.0322584783259	-0.0405982726291	-0.111169708482	-0.0286155310886	-0.00297836856523	-0.00997699864485	-0.0359903432652	0.0310561603343	-0.0188435987623	0.0025424123231	-0.00746970103398	0.0110635105239	-0.0163673076244	-0.00838605053684	0.00363124854136	-0.0250303471424	-0.0236747262142	0.0203122825743	-0.0110175204193
k__Bacteria;p__Bacteroidetes;c__Bacteroidia;o__Bacteroidales;f__Rikenellaceae;g__Alistipes;s__Alistipes_finegoldii	-0.027810838201	-0.00511202774875	0.00543983266351	0.0182436257814	-0.0573179908764	-0.00455592540163	-0.0451120494336	-0.0087156610692	1.0	0.0498967986527	-0.0282715625245	-0.0878387548462	-0.00929879809348	-0.0265986454509	0.0248584057482	0.0124394107245	0.000240411845742	0.0332443494585	0.019559647778	0.0608478025366	-0.0539077623142	0.00574853750776	0.0151110027663	-0.0285572084374	-0.0591407732665	0.018149408238	-0.0295584634051	-0.0184752789077	0.0269294431908	0.00526203002945	0.00287648310323	-0.0170374485254	-0.0182950819754	-0.00227805919934	-0.0254934477811	0.0356154869004	-0.00568448280487	0.00411644418634	-0.024505530695	-0.0281768743307	-0.0453260620077	-0.0370559083745	0.00358401526613	0.0247341370704	-0.0157150030722	0.027716242528	0.0878653568756	-0.00857533013423	-0.0111372506691	-0.0475426953044	0.0534482193231	-0.0724951673761	-0.0385262051394	0.0321211885693	-0.0272953246063	-0.0289023383014	-0.00974039448126	0.0375739952712	0.011221258509
k__Bacteria;p__Bacteroidetes;c__Bacteroidia;o__Bacteroidales;f__Porphyromonadaceae;g__Parabacteroides;s__Parabacteroides_distasonis	0.101135804346	-0.00854368909545	-0.0455568191476	-0.00897255845726	-0.0396007067245	0.0199209627304	0.00237799887683	-0.0153662580209	0.0498967986527	1.0	-0.00960584498013	-0.0203452449252	0.00333368469902	-0.0220760697076	-0.0116036063262	-0.0228448492535	-0.049065078217	0.0272655535635	0.0178163389888	-0.0985960679214	-0.0197193400842	-0.0507975663241	-0.0327862315235	-0.0164728898999	0.0158809150746	-0.00418222875886	-0.0783836061488	-0.0157085228472	-0.0302489787078	-0.00535827095691	0.00395976731283	0.0234839882798	-0.0120802937895	0.00443715850952	-0.0370808719945	0.000431452635654	0.0691246132541	-0.0831022575983	-0.031964845139	0.0189051816491	-0.0423555383786	0.0220520687476	-0.0151625989265	0.0469033334746	-0.0281479246177	0.0434600213815	-0.0308440611825	0.00844557032701	0.0594154332279	-0.0209691636144	-0.0515417869402	0.0384377936788	-0.00630388539148	-0.0425257275616	-0.0298262612059	0.023126807736	-0.0111309817501	-0.0331464920252	0.0382045994577
k__Bacteria;p__Bacteroidetes;c__Bacteroidia;o__Bacteroidales;f__Bacteroidaceae;g__Bacteroides;s__Bacteroides_thetaiotaomicron	-0.0321812426751	0.00702244158509	0.0385434215085	0.012124263008	-0.0570529030138	0.0137125431216	0.0602424755157	0.0314491660818	-0.0282715625245	-0.00960584498013	1.0	-0.00619773155126	-0.0293540034922	-0.0177954543282	0.0559621511631	0.0343373519771	0.0258357753848	0.0973943622599	0.0491151733479	-0.0330988514547	-0.00228164813547	-0.0385390470556	-0.0121754628903	-0.0698084664289	0.00145312636913	-0.120250753356	0.0400045507726	-0.0751266988405	0.0451803052109	0.0508889712573	-0.00862067249814	-0.022690332697	-0.0101427411006	0.0233715047053	-0.0146801812173	-0.0226142938692	0.0494257382818	-0.00283812578705	0.0397093724284	-0.0052039857744	0.0252067246635	-0.0354144839791	-0.0263928110124	0.0135290242377	-0.0254630394229	-0.0485640108109	-0.0274837926641	-0.00266065792537	-0.0351541259039	-0.0214074215106	-0.0306917066445	0.0426538724212	0.00105353797002	0.017836970031	-0.0104576936429	0.0506369517404	0.0171852099061	0.0373410765487	-0.00137251637948
k__Bacteria;p__Bacteroidetes;c__Bacteroidia;o__Bacteroidales;f__Bacteroidaceae;g__Bacteroides;s__Bacteroides_coprocola	0.02935709466	-0.0591534504661	0.0180545351688	0.0225569579062	-0.0178635042649	0.0604438185649	0.069591405756	-0.0207943435627	-0.0878387548462	-0.0203452449252	-0.00619773155126	1.0	0.0225542125898	-0.0201317793738	-0.0145557550705	-0.00297813926372	-0.0211266535036	-0.0117597374018	-0.039868562282	-0.02807949695	0.0460326824415	-0.0175372832538	-0.0198385617338	-0.0142670958272	0.00440965502393	-0.0260685017937	-0.0187901313798	-0.0392519984593	-0.0233223574785	-0.00587841083675	-0.0299483571212	0.0341083052959	0.0291226772194	-0.0417153941732	0.0684975631598	-0.0682066812841	-0.0311389616573	-0.00384563783778	-0.0185735758603	0.00587442165794	0.00178862946107	-0.0269154851338	-0.0280568138369	-0.00223001339521	-0.00603527601012	0.0203387128476	0.0507056092951	0.0866725537222	-0.0260696356701	0.00937976075906	0.0446086786686	0.00924978893191	-0.000177641267379	-0.0358817745824	-0.0131877038592	-0.0410078928866	-0.0816944493508	0.0116568811927	0.0238507900887
k__Bacteria;p__Bacteroidetes;c__Bacteroidia;o__Bacteroidales;f__Bacteroidaceae;g__Bacteroides;s__Bacteroides_cellulosilyticus	-0.0197225126077	0.0180654459117	-0.0249708497276	-0.0315895819881	0.0566575764453	-0.00148438791341	-0.0221197726738	0.0231679081379	-0.00929879809348	0.00333368469902	-0.0293540034922	0.0225542125898	1.0	0.0233898224587	0.061509199063	0.0768628837704	0.112266357951	0.0163829475108	-0.0330228507403	-0.0410355163902	-0.044774237398	-0.0125708929554	-0.0134126467114	0.00791123045374	-0.0247400015281	0.0536968166062	-0.0224374591691	0.0538278963125	0.0057444099029	-0.0474917110778	-0.0458100392684	-0.100035346906	0.031440401573	0.00589131096469	0.00849941183977	-0.02264628258	-0.0403794746608	-0.00385532661779	-0.00706438096194	-0.0547140569022	-0.011505474358	-0.0366079809442	0.0449642093383	-0.0167661046201	0.0185805009729	0.00245517678999	-0.021027782624	0.00178118828047	0.0351460522336	-0.0138405800017	0.0844152949267	-0.0339831972855	-0.0135345697584	-0.00125597741576	-0.0191672864962	-0.0389673726594	-0.0464881016939	-0.0625670379947	-0.0607435428017
k__Bacteria;p__Bacteroidetes;c__Bacteroidia;o__Bacteroidales;f__Rikenellaceae;g__Alistipes;s__Alistipes_obesi	0.0034551034828	0.00110006717651	0.0291668770739	-0.00365343177128	-0.0103640744036	-0.0764885293496	-0.0553015645643	-0.00240652507676	-0.0265986454509	-0.0220760697076	-0.0177954543282	-0.0201317793738	0.0233898224587	1.0	0.00145021102928	0.00774292445324	-0.0477233452439	-0.000508110724112	0.0178302182793	-0.0152744156767	-0.0429116151393	-0.0296927217888	-0.00135482750787	-0.0416552346387	0.0118010648897	-0.00353169106836	-0.0567660404844	0.00355785102154	-0.0773677807384	0.0195557217201	-0.0234399140395	-0.0158089526645	0.00619102567062	0.00778459995806	-0.0315000474965	0.0126705982443	-0.0471891686964	-0.0648597695653	0.0275539884875	-0.0248938015121	0.00091366517857	0.0334094960261	-0.0215612112938	-0.0317128560777	-0.0265332945257	-0.0240248940738	-0.00672394732982	-0.0419520463069	-0.0596255040746	-0.0116654095081	0.0487582925995	0.0531555162405	-0.0365174953569	0.0542502814437	-0.0029674934234	-0.0369320163828	0.00113089277895	0.000700175294619	0.0231797055572
k__Bacteria;p__Firmicutes;c__Clostridia;o__Clostridiales;f__Lachnospiraceae;g__;s__[Eubacterium]_rectale	-0.00163116467396	-0.0234966126074	0.0195077237145	0.0320107148118	0.00286006495529	0.0154648748214	-0.0762065008365	-0.0135613966173	0.0248584057482	-0.0116036063262	0.0559621511631	-0.0145557550705	0.061509199063	0.00145021102928	1.0	-0.0346528294339	-0.0202779291572	-0.0208830919085	-0.0821836496223	-0.0439970340673	0.0135832396598	-0.0188019195496	0.075415406662	-0.0172476871368	0.0230864471589	0.0320006549968	-0.0251312485497	0.00525291691151	0.0116461847644	-0.0378890224385	0.00276259714978	-0.00529743769106	-0.0233677882542	-0.0267098277112	0.0279710327005	-0.0567751042821	0.0388324922002	-0.0180849028225	-0.0572257849584	0.0417137887837	-0.00332500462664	0.026876526768	-0.0462076224853	-0.0536618372449	0.0149740474956	-0.00331358569888	-0.0260503343388	0.0225423032639	0.000413288523551	-0.0360350734241	0.0117821683995	0.0751926229913	0.0352174415355	0.0235326470895	-0.0241448787221	-0.00166383381081	-0.0975947116026	-0.0173991570893	0.0338098295059
k__Bacteria;p__Bacteroidetes;c__Bacteroidia;o__Bacteroidales;f__Bacteroidaceae;g__Bacteroides;s__Bacteroides_plebeius	-0.0492821351003	0.0280364820029	0.0544067435767	-0.0374505829826	-0.0205249183463	0.0212625773915	0.0218108821518	0.0157691087427	0.0124394107245	-0.0228448492535	0.0343373519771	-0.00297813926372	0.0768628837704	0.00774292445324	-0.0346528294339	1.0	-0.00768176643199	0.0163055501543	0.0415395754153	-0.0329380618435	0.0313507295073	-0.0179653026278	-0.058717567082	-0.0362091969489	0.00247545579084	-0.0699626404774	0.00623208809167	-0.0367284830266	0.00676118045492	-0.0120898028187	-0.0478093701851	-0.025125238931	0.00166625413917	0.0173887887569	-0.0517656100132	-0.0125336682908	0.0221903281126	-0.0242970846499	0.0938647279759	-0.0487178690628	-0.0160933449534	0.0348204962691	0.0257917886175	-0.0568279248275	-0.0171494638214	-0.069374467343	-0.045800006626	-0.0220077471329	-0.000634476525583	0.0382764362496	0.0203696252124	0.0202203814762	0.00873425237125	0.0264695945576	-0.0736837698365	0.0412713638824	0.0206316031858	-0.0181666862319	-0.0277386156498
k__Bacteria;p__Bacteroidetes;c__Bacteroidia;o__Bacteroidales;f__Bacteroidaceae;g__Bacteroides;s__Bacteroides_fragilis	0.0250190533742	0.0116538731972	0.0264888624076	-0.0125264761235	0.000773759354874	-0.0522456259314	-0.0360857950912	-0.0124324640033	0.000240411845742	-0.049065078217	0.0258357753848	-0.0211266535036	0.112266357951	-0.0477233452439	-0.0202779291572	-0.00768176643199	1.0	-0.0421293850876	0.00931057765108	-0.0337598642764	0.00675750579799	-0.0229732303954	0.0317821305064	-0.0103808724872	0.0235442833243	0.017374859724	-0.0161550949725	0.0131410507651	0.0106874931547	0.0746384594352	0.0191979339387	0.00946328455034	0.00434096346646	-0.0241160582878	-0.0196149623474	-0.0283863882897	-0.0560198345979	-0.0327220787823	0.0140890053634	-0.0314907350967	0.00738594526659	0.00236760260514	-0.0115194814173	-0.0674829396039	0.0196802121759	0.0411424293502	0.0640454273117	-0.0326042729324	-0.0678039329836	0.0033975531793	-0.0170624986698	-0.00697935531331	0.0287407854637	-0.00382563948106	-0.0436914840846	-0.06598670728	0.0202128715994	0.0286927338381	-0.0281763955414
k__Bacteria;p__Proteobacteria;c__Betaproteobacteria;o__Burkholderiales;f__Sutterellaceae;g__Sutterella;s__Sutterella_wadsworthensis	0.0548844042166	-0.0373533576084	0.0627982432808	-0.0212614881732	0.0295593759719	0.0583120546861	0.042993804246	-0.0318465137299	0.0332443494585	0.0272655535635	0.0973943622599	-0.0117597374018	0.0163829475108	-0.000508110724112	-0.0208830919085	0.0163055501543	-0.0421293850876	1.0	-0.0295385681831	-0.0323139323088	-0.0907994432065	-0.0105978690503	-0.00743234907502	-0.0285311437497	-0.0290382474651	2.24070356263e-05	0.0330860902243	-0.0375773686991	0.0664511423429	-0.0823159732785	-0.0035591027496	0.0145006396987	0.0120463654336	0.0437656100434	-0.00165428650909	-0.0133196746511	-0.0437093539856	-0.0295227914605	-0.0436908144277	-0.0084252754626	-0.00910760378551	0.00518364974686	-0.0254663895578	0.0295813185904	0.0148254614876	-0.012573916052	-0.0154604683715	-0.0487494482859	0.0589447421263	-0.00957838378002	0.0299434048033	0.0114559148355	-0.0134253264011	0.0152259913884	-0.00329768019667	-0.0641859681533	-0.0496243200052	-0.00286657345603	0.0056393029007
k__Bacteria;p__Bacteroidetes;c__Bacteroidia;o__Bacteroidales;f__Porphyromonadaceae;g__Barnesiella;s__Barnesiella_intestinihominis	-0.0304313316891	0.0277307084891	0.00743124308278	0.0257556553017	-0.0302839743465	-0.0525761552341	-0.0219492570521	0.000325878044103	0.019559647778	0.0178163389888	0.0491151733479	-0.039868562282	-0.0330228507403	0.0178302182793	-0.0821836496223	0.0415395754153	0.00931057765108	-0.0295385681831	1.0	-0.0557792254412	0.00701346182663	0.0303258550475	-0.0204237171213	-0.0165762709084	-0.0298207767469	0.025457442952	0.0312988408584	-0.0112354163832	-0.022133808811	-0.0605388629447	0.00415753761796	-0.0375246732783	-0.022972823114	-0.0746720437033	-0.0299951702251	-0.000160752519612	0.0215850624129	0.00148331780636	0.019256064073	-0.0260633805495	-0.028109393805	0.0829079026576	0.0116942724186	-0.00992908688366	0.00386125557593	-0.017099301824	0.00135637759936	0.0317638635864	-0.0628975723945	-0.0359616933852	-0.0414649677405	0.0201585314153	-0.0499440152529	0.0284273457261	-0.00816163507412	0.00682144719286	-0.0108467814687	-0.0386240680424	0.0197510207889
k__Bacteria;p__Bacteroidetes;c__Bacteroidia;o__Bacteroidales;f__Odoribacteraceae;g__Odoribacter;s__Odoribacter_splanchnicus	-0.0474267588035	0.0117028697145	-0.042407514381	-0.0221267840613	-0.00878679258869	-0.0143258323798	-0.0315545768518	-0.000376729402598	0.0608478025366	-0.0985960679214	-0.0330988514547	-0.02807949695	-0.0410355163902	-0.0152744156767	-0.0439970340673	-0.0329380618435	-0.0337598642764	-0.0323139323088	-0.0557792254412	1.0	-0.0128138597998	0.00691200707514	-0.0299455345375	-0.0128116492179	0.0363875863723	-0.00313169275789	-0.0623830396125	0.0102225060258	-0.0765272234966	-0.0371650538974	-0.0128424883814	-0.019506359861	-0.0115187432048	0.0134523124826	0.0232028554782	0.00348914736354	0.0536208796942	-0.00789130851812	0.0605941059426	-0.0706661164744	-0.0322488150253	0.0382241054104	0.0185086943727	0.0653875807572	-0.0448252164823	-0.0609984895989	-0.0149462735422	-0.0452799248791	0.0101772278984	-0.0218837501489	-0.0135183263849	-0.0102747056216	-0.020673656128	-0.0133732203286	-0.0430022601204	-0.0374769062878	-0.0164897563446	0.0522058027328	-0.0114687566197
k__Bacteria;p__Bacteroidetes;c__Bacteroidia;o__Bacteroidales;f__Bacteroidaceae;g__Bacteroides;s__Bacteroides_salyersiae	-0.0568189357551	-0.0460953501648	0.000228806454488	0.0327178266851	-0.032634293127	0.0486759422003	0.00241364101151	-0.0352261166212	-0.0539077623142	-0.0197193400842	-0.00228164813547	0.0460326824415	-0.044774237398	-0.0429116151393	0.0135832396598	0.0313507295073	0.00675750579799	-0.0907994432065	0.00701346182663	-0.0128138597998	1.0	-0.0378012470587	0.0352147044359	-0.0266131637569	-0.00648188227659	-0.0475568588348	0.0170300045447	-0.0279630782166	0.0187239938541	-0.00763834976281	-0.00865881739338	-0.00140912641579	0.00152606408942	-0.020623330805	-0.0770991460554	0.0107302022389	-0.0382674203152	-0.0587320121724	0.0147432584114	0.0755074482254	0.0243695780855	0.0405668204956	0.01693917059	-0.0204873454266	-0.0309609013459	-0.0897645992211	0.00845507352099	-0.00303539343556	0.0144633901842	-0.0231968604287	0.0316942099128	-0.0612880573081	0.0749098954783	-0.0380809623416	-0.0335298497787	-0.00284110253594	-0.00383696629042	0.0397358790918	-0.0186800218463
k__Bacteria;p__Firmicutes;c__Clostridia;o__Clostridiales;f__Ruminococcaceae;g__Ruminiclostridium;s__[Eubacterium]_siraeum	-0.01242764014	0.0398356394928	0.0359761962593	-0.0065847097591	0.0349899745331	0.0406274058045	-0.021530418657	0.0172578126535	0.00574853750776	-0.0507975663241	-0.0385390470556	-0.0175372832538	-0.0125708929554	-0.0296927217888	-0.0188019195496	-0.0179653026278	-0.0229732303954	-0.0105978690503	0.0303258550475	0.00691200707514	-0.0378012470587	1.0	-0.0295938821123	-0.0342790997401	0.00697567932761	-0.0210609038725	0.0326353334383	0.011405104194	-0.0263929022998	-0.0122532974567	-0.0762661842489	0.0237656277201	-0.0137910943373	-0.0292093442074	-0.0493943539491	-0.0446213073238	-0.0718757684844	-0.035298231105	-0.0382687293988	-0.00698569950493	0.0295188619892	-0.00643313625715	-0.0135218572865	0.00132538823204	0.0688245667487	0.0421417314311	-0.00236858548509	-0.0663442541056	-0.040408417114	-0.0015923183982	-0.0186846549134	0.0477519250787	0.0157972951421	0.0188498767769	-0.033456879747	0.00575010194581	-0.0176734672701	0.00791193121516	0.0507710447309
k__Bacteria;p__Proteobacteria;c__Betaproteobacteria;o__Burkholderiales;f__Sutterellaceae;g__Parasutterella;s__Parasutterella_excrementihominis	-0.0298872000716	-0.0149679807296	-0.00507353613714	0.0207998167091	-0.0184039895261	0.0277423226659	-0.033313998847	-0.0360490442457	0.0151110027663	-0.0327862315235	-0.0121754628903	-0.0198385617338	-0.0134126467114	-0.00135482750787	0.075415406662	-0.058717567082	0.0317821305064	-0.00743234907502	-0.0204237171213	-0.0299455345375	0.0352147044359	-0.0295938821123	1.0	-0.0361895004249	-0.00289807072051	-0.025096240553	0.0415689304115	-0.00397552544775	-0.034082070005	-0.0327525889175	-0.0500859412491	-0.0163142924902	-0.000210948108069	-0.0468515063893	0.0377822095399	0.00285666315904	0.0103357288498	0.0261223920312	-0.0172440481997	-0.00759881647381	-0.0597428126627	-0.00574858038187	-0.0608664266778	0.050347665203	-0.0413682171802	0.00977380639753	0.0596403640504	-0.0222629032015	0.0303396550015	-0.0483760332204	-0.0723646869363	-0.0359292107035	0.0625082353631	-0.0836383080568	0.0146633027592	-0.0207486011286	0.0574714211611	0.000735256191914	-0.0180364221019
k__Bacteria;p__Actinobacteria;c__Actinobacteria;o__Bifidobacteriales;f__Bifidobacteriaceae;g__Bifidobacterium;s__Bifidobacterium_adolescentis	0.0137879923843	-0.037470004969	-0.026210264918	0.0523073262284	-0.00816687866865	-0.00976891596956	0.00902883768305	0.0518333596248	-0.0285572084374	-0.0164728898999	-0.0698084664289	-0.0142670958272	0.00791123045374	-0.0416552346387	-0.0172476871368	-0.0362091969489	-0.0103808724872	-0.0285311437497	-0.0165762709084	-0.0128116492179	-0.0266131637569	-0.0342790997401	-0.0361895004249	1.0	-0.0484897010709	-0.0205713643231	-0.0173673836204	-0.0214957389118	0.0318861351189	-0.0632697334593	0.0377311092151	-0.01263742296	-0.00166827596125	-0.0221721172102	0.0143102278738	-0.0147873758063	0.00872206225849	0.0464778169376	-0.00952862644789	-0.0159949187159	0.0437415123597	-0.01684852337	-0.0280825676364	-0.0175503063363	0.0112270512677	0.0115792092198	0.0169100551942	0.0338302685827	0.0296113979129	-0.00132905552952	0.0266823882098	-0.0353691506553	-0.0178600048594	0.0230119170646	-0.0259657267876	0.0310781550012	-0.0647265711634	-0.0624307381113	-0.075793329962
k__Bacteria;p__Firmicutes;c__Clostridia;o__Clostridiales;f__Oscillospiraceae;g__Oscillibacter;s__Oscillibacter_sp._KLE_1745	0.013605297509	-0.0307389024102	0.000253371209827	-0.0296598964498	-0.0350742272513	0.00138369011007	0.0244755766281	0.0682387643326	-0.0591407732665	0.0158809150746	0.00145312636913	0.00440965502393	-0.0247400015281	0.0118010648897	0.0230864471589	0.00247545579084	0.0235442833243	-0.0290382474651	-0.0298207767469	0.0363875863723	-0.00648188227659	0.00697567932761	-0.00289807072051	-0.0484897010709	1.0	-0.0371670104486	-0.0276250863785	0.00628519177338	-0.00427800917491	-0.059532798501	-0.0132963935877	-0.00176256790717	-0.0812048756178	-0.0417027864969	-0.020725960374	-0.017025776917	0.0323542577336	-0.0431068412423	-0.0460276336824	0.0837858786143	0.0194735585124	0.00615923782809	-0.00791075827857	-0.00143809036692	0.00423323726329	0.0221159275201	-0.0234129666309	0.00267735570809	0.0273706899781	-0.0114437075502	-0.0374893363235	0.0459207782394	0.00852636059156	-0.0238754609367	0.0196469656653	0.028963608216	0.00896713397039	-0.0405619320202	-0.0259175788293
k__Bacteria;p__Bacteroidetes;c__Bacteroidia;o__Bacteroidales;f__Bacteroidaceae;g__Bacteroides;s__Bacteroides_coprophilus	-0.0394299061147	-0.0178431090267	0.0195908067533	0.0136972322049	-0.00591642569049	-0.0416613391216	0.0341584538878	0.00431048686334	0.018149408238	-0.00418222875886	-0.120250753356	-0.0260685017937	0.0536968166062	-0.00353169106836	0.0320006549968	-0.0699626404774	0.017374859724	2.24070356263e-05	0.025457442952	-0.00313169275789	-0.0475568588348	-0.0210609038725	-0.025096240553	-0.0205713643231	-0.0371670104486	1.0	-0.0109765651924	-0.0121128326775	-0.064564774838	-0.00687524480105	0.0470515827762	0.0193370427071	-0.0503266082414	-0.0439697886915	0.0136058133673	-0.0120891171471	0.0419046878461	-0.0264833437181	-0.014557210401	0.00993928114891	-0.03578309598	0.00511925151203	0.0785583666576	0.0109803038435	-0.00556113259966	0.00666508126231	-0.0125200637928	-0.0273018445768	0.0621392227979	-0.0241087162007	-0.0437177067814	-0.0109567395724	-0.0859380796566	0.027545800063	0.013946596932	0.00434616334862	-0.0160998856075	-0.00986688756852	-0.00296315836776
k__Bacteria;p__Firmicutes;c__Clostridia;o__Clostridiales;f__Lachnospiraceae;g__Roseburia;s__Roseburia_intestinalis	-0.0154228372586	0.0697764494025	0.0267935892003	-0.0114844658655	-0.024940641733	0.0418106011658	-0.0351606412432	-0.000538775050528	-0.0295584634051	-0.0783836061488	0.0400045507726	-0.0187901313798	-0.0224374591691	-0.0567660404844	-0.0251312485497	0.00623208809167	-0.0161550949725	0.0330860902243	0.0312988408584	-0.0623830396125	0.0170300045447	0.0326353334383	0.0415689304115	-0.0173673836204	-0.0276250863785	-0.0109765651924	1.0	-0.0293182963652	-0.0534384319216	-0.0523303653862	-0.0644560531245	0.0383641594913	0.0443068345708	0.00915589229978	-0.0274660282745	-0.0140425065707	-6.99545388863e-05	-0.0108290355713	-0.0338035230385	-0.0377965705857	0.000559156347772	-0.0185460305036	-0.0724860088105	0.00614170792174	-0.0473404127721	-0.0295254112873	-0.0393264057305	0.0105708792004	0.0602579737628	-0.0282832521604	-0.0057500202843	-0.0632473648996	-0.011916118624	-0.0262872764102	0.0179226832169	0.0634947494796	0.0244794221608	-0.0366504200297	-0.0233723443262
k__Bacteria;p__Firmicutes;c__Clostridia;o__Clostridiales;f__Lachnospiraceae;g__Roseburia;s__Roseburia_hominis	0.00961723783625	-0.0161215067996	-0.00696395585523	-0.0211406474677	-0.0295999889822	0.039174602468	0.0355339957113	0.011909675995	-0.0184752789077	-0.0157085228472	-0.0751266988405	-0.0392519984593	0.0538278963125	0.00355785102154	0.00525291691151	-0.0367284830266	0.0131410507651	-0.0375773686991	-0.0112354163832	0.0102225060258	-0.0279630782166	0.011405104194	-0.00397552544775	-0.0214957389118	0.00628519177338	-0.0121128326775	-0.0293182963652	1.0	0.0223207196571	-0.0113674210372	-0.00893208298145	0.0187280431923	0.0117922329198	-0.0755004107934	-0.0120364725758	0.0185797748083	-0.0319955448798	-0.00882846514724	-0.00348822658878	-0.0731725990672	-0.0133262300902	-0.0322197215353	0.0138400355079	0.0547298841986	0.0241742241183	-0.035885137566	-0.00507376727274	0.0158284371381	-0.011217071537	0.0194851503112	-0.0375499998504	0.0532183889738	-0.0143448299298	-0.00204838266386	-0.0608318183632	-0.0244323053798	-0.0151347206766	-0.00282296542356	0.0184344377
k__Bacteria;p__Bacteroidetes;c__Bacteroidia;o__Bacteroidales;f__Porphyromonadaceae;g__Parabacteroides;s__Parabacteroides_johnsonii	-0.0134516003948	-0.0444478255269	-0.0401418823323	-0.0541726702833	-0.000895358579601	-0.00963969948365	-0.00644559713394	0.0441604487199	0.0269294431908	-0.0302489787078	0.0451803052109	-0.0233223574785	0.0057444099029	-0.0773677807384	0.0116461847644	0.00676118045492	0.0106874931547	0.0664511423429	-0.022133808811	-0.0765272234966	0.0187239938541	-0.0263929022998	-0.034082070005	0.0318861351189	-0.00427800917491	-0.064564774838	-0.0534384319216	0.0223207196571	1.0	-0.0111579072236	-0.056381543331	0.00808549147871	0.00664231931383	0.0372137988805	0.0167756771483	-0.045250561227	-0.0463022752815	-0.00353186128625	0.00299062881377	-0.00839232618575	0.0150235069374	-0.0154700830156	-0.00722237199303	-0.084877750313	-0.00646508745398	-0.00821993414815	-0.0153046903395	-0.00477096199529	-0.0337554270574	-0.00530459183894	-0.00647439257958	-0.00983192939869	-0.0183202417538	-0.0509734600405	-0.00737246605489	0.0319527214592	0.0312427763627	0.0056243839104	-0.0325562331145
k__Bacteria;p__Actinobacteria;c__Actinobacteria;o__Bifidobacteriales;f__Bifidobacteriaceae;g__Bifidobacterium;s__Bifidobacterium_longum	0.0396834550693	0.0109474004122	0.0402401253369	-0.0407452217549	-0.0189701167806	0.0163601668136	-0.0336902838617	-0.0216504419498	0.00526203002945	-0.00535827095691	0.0508889712573	-0.00587841083675	-0.0474917110778	0.0195557217201	-0.0378890224385	-0.0120898028187	0.0746384594352	-0.0823159732785	-0.0605388629447	-0.0371650538974	-0.00763834976281	-0.0122532974567	-0.0327525889175	-0.0632697334593	-0.059532798501	-0.00687524480105	-0.0523303653862	-0.0113674210372	-0.0111579072236	1.0	-0.0142492825789	0.0114767959493	0.00162089913151	0.0400543671616	0.0461877311682	-0.0477388692425	-0.00854105026103	-0.015306380657	-0.0627604902083	0.0146088822036	-0.0428332128725	0.046324955367	0.0190401579371	0.00456975947073	0.01762357118	0.0664143902316	0.0587961528579	-0.0667909580747	-0.0700621623591	-0.0384474393874	-0.019121238407	0.0177203352409	0.0112022035052	0.0134080622796	0.0137946459859	-0.00782274728964	0.0479651465251	-0.0602704173878	-0.0145508664428
