#taxonomy	k__Bacteria;p__Bacteroidetes;c__Bacteroidia;o__Bacteroidales;f__Bacteroidaceae;g__Bacteroides;s__Bacteroides_vulgatus	k__Bacteria;p__Bacteroidetes;c__Bacteroidia;o__Bacteroidales;f__Bacteroidaceae;g__Bacteroides;s__Bacteroides_uniformis	k__Bacteria;p__Bacteroidetes;c__Bacteroidia;o__Bacteroidales;f__Rikenellaceae;g__Alistipes;s__Alistipes_putredinis	k__Bacteria;p__Bacteroidetes;c__Bacteroidia;o__Bacteroidales;f__Prevotellaceae;g__Prevotella;s__Prevotella_copri	k__Bacteria;p__Bacteroidetes;c__Bacteroidia;o__Bacteroidales;f__Bacteroidaceae;g__Bacteroides;s__Bacteroides_stercoris	k__Bacteria;p__Bacteroidetes;c__Bacteroidia;o__Bacteroidales;f__Bacteroidaceae;g__Bacteroides;s__Bacteroides_ovatus	k__Bacteria;p__Bacteroidetes;c__Bacteroidia;o__Bacteroidales;f__Rikenellaceae;g__Alistipes;s__Alistipes_shahii	k__Bacteria;p__Firmicutes;c__Clostridia;o__Clostridiales;f__Ruminococcaceae;g__Faecalibacterium;s__Faecalibacterium_prausnitzii	k__Bacteria;p__Bacteroidetes;c__Bacteroidia;o__Bacteroidales;f__Rikenellaceae;g__Alistipes;s__Alistipes_finegoldii	k__Bacteria;p__Bacteroidetes;c__Bacteroidia;o__Bacteroidales;f__Porphyromonadaceae;g__Parabacteroides;s__Parabacteroides_distasonis	k__Bacteria;p__Bacteroidetes;c__Bacteroidia;o__Bacteroidales;f__Bacteroidaceae;g__Bacteroides;s__Bacteroides_thetaiotaomicron	k__Bacteria;p__Bacteroidetes;c__Bacteroidia;o__Bacteroidales;f__Bacteroidaceae;g__Bacteroides;s__Bacteroides_coprocola	k__Bacteria;p__Bacteroidetes;c__Bacteroidia;o__Bacteroidales;f__Bacteroidaceae;g__Bacteroides;s__Bacteroides_cellulosilyticus	k__Bacteria;p__Bacteroidetes;c__Bacteroidia;o__Bacteroidales;f__Rikenellaceae;g__Alistipes;s__Alistipes_obesi	k__Bacteria;p__Firmicutes;c__Clostridia;o__Clostridiales;f__Lachnospiraceae;g__;s__[Eubacterium]_rectale	k__Bacteria;p__Bacteroidetes;c__Bacteroidia;o__Bacteroidales;f__Bacteroidaceae;g__Bacteroides;s__Bacteroides_plebeius	k__Bacteria;p__Bacteroidetes;c__Bacteroidia;o__Bacteroidales;f__Bacteroidaceae;g__Bacteroides;s__Bacteroides_fragilis	k__Bacteria;p__Proteobacteria;c__Betaproteobacteria;o__Burkholderiales;f__Sutterellaceae;g__Sutterella;s__Sutterella_wadsworthensis	k__Bacteria;p__Bacteroidetes;c__Bacteroidia;o__Bacteroidales;f__Porphyromonadaceae;g__Barnesiella;s__Barnesiella_intestinihominis	k__Bacteria;p__Bacteroidetes;c__Bacteroidia;o__Bacteroidales;f__Odoribacteraceae;g__Odoribacter;s__Odoribacter_splanchnicus	k__Bacteria;p__Bacteroidetes;c__Bacteroidia;o__Bacteroidales;f__Bacteroidaceae;g__Bacteroides;s__Bacteroides_salyersiae	k__Bacteria;p__Firmicutes;c__Clostridia;o__Clostridiales;f__Ruminococcaceae;g__Ruminiclostridium;s__[Eubacterium]_siraeum	k__Bacteria;p__Proteobacteria;c__Betaproteobacteria;o__Burkholderiales;f__Sutterellaceae;g__Parasutterella;s__Parasutterella_excrementihominis	k__Bacteria;p__Actinobacteria;c__Actinobacteria;o__Bifidobacteriales;f__Bifidobacteriaceae;g__Bifidobacterium;s__Bifidobacterium_adolescentis	k__Bacteria;p__Firmicutes;c__Clostridia;o__Clostridiales;f__Oscillospiraceae;g__Oscillibacter;s__Oscillibacter_sp._KLE_1745	k__Bacteria;p__Bacteroidetes;c__Bacteroidia;o__Bacteroidales;f__Bacteroidaceae;g__Bacteroides;s__Bacteroides_coprophilus	k__Bacteria;p__Firmicutes;c__Clostridia;o__Clostridiales;f__Lachnospiraceae;g__Roseburia;s__Roseburia_intestinalis	k__Bacteria;p__Firmicutes;c__Clostridia;o__Clostridiales;f__Lachnospiraceae;g__Roseburia;s__Roseburia_hominis	k__Bacteria;p__Bacteroidetes;c__Bacteroidia;o__Bacteroidales;f__Porphyromonadaceae;g__Parabacteroides;s__Parabacteroides_johnsonii	k__Bacteria;p__Actinobacteria;c__Actinobacteria;o__Bifidobacteriales;f__Bifidobacteriaceae;g__Bifidobacterium;s__Bifidobacterium_longum	k__Bacteria;p__Firmicutes;c__Clostridia;o__Clostridiales;f__;g__Flavonifractor;s__Flavonifractor_plautii	k__Bacteria;p__Firmicutes;c__Clostridia;o__Clostridiales;f__Clostridiaceae;g__Clostridium;s__Clostridium_phoceensis	k__Bacteria;p__Verrucomicrobia;c__Verrucomicrobiae;o__Verrucomicrobiales;f__Akkermansiaceae;g__Akkermansia;s__Akkermansia_muciniphila	k__Bacteria;p__Bacteroidetes;c__Bacteroidia;o__Bacteroidales;f__Prevotellaceae;g__Paraprevotella;s__Paraprevotella_xylaniphila	k__Bacteria;p__Firmicutes;c__Clostridia;o__Clostridiales;f__Ruminococcaceae;g__Ruminococcus;s__Ruminococcus_callidus	k__Bacteria;p__Bacteroidetes;c__Bacteroidia;o__Bacteroidales;f__Rikenellaceae;g__Alistipes;s__Alistipes_senegalensis	k__Bacteria;p__Firmicutes;c__Clostridia;o__Clostridiales;f__Lachnospiraceae;g__Blautia;s__Blautia_sp._KLE_1732	k__Bacteria;p__Bacteroidetes;c__Bacteroidia;o__Bacteroidales;f__Bacteroidaceae;g__Bacteroides;s__Bacteroides_oleiciplenus	k__Bacteria;p__Firmicutes;c__Clostridia;o__Clostridiales;f__Ruminococcaceae;g__Ruminococcus;s__Ruminococcus_bicirculans	k__Bacteria;p__Bacteroidetes;c__Bacteroidia;o__Bacteroidales;f__Bacteroidaceae;g__Bacteroides;s__Bacteroides_fluxus	k__Bacteria;p__Bacteroidetes;c__Bacteroidia;o__Bacteroidales;f__Prevotellaceae;g__Prevotella;s__Prevotella_stercorea	k__Bacteria;p__Firmicutes;c__Clostridia;o__Clostridiales;f__Lachnospiraceae;g__Dorea;s__Dorea_longicatena	k__Bacteria;p__Firmicutes;c__Clostridia;o__Clostridiales;f__Eubacteriaceae;g__Eubacterium;s__[Eubacterium]_eligens	k__Bacteria;p__Firmicutes;c__Clostridia;o__Clostridiales;f__Ruminococcaceae;g__;s__Ruminococcaceae_bacterium_D16	k__Bacteria;p__Firmicutes;c__Clostridia;o__Clostridiales;f__Lachnospiraceae;g__Coprococcus;s__Coprococcus_comes	k__Bacteria;p__Proteobacteria;c__Gammaproteobacteria;o__Enterobacterales;f__Enterobacteriaceae;g__Escherichia;s__Escherichia_coli	k__Bacteria;p__Firmicutes;c__Clostridia;o__Clostridiales;f__Ruminococcaceae;g__Anaerotruncus;s__Anaerotruncus_colihominis	k__Bacteria;p__Firmicutes;c__Clostridia;o__Clostridiales;f__Lachnospiraceae;g__Blautia;s__Blautia_obeum	k__Bacteria;p__Bacteroidetes;c__Bacteroidia;o__Bacteroidales;f__Odoribacteraceae;g__Odoribacter;s__Odoribacter_laneus	k__Bacteria;p__Firmicutes;c__Clostridia;o__Clostridiales;f__Ruminococcaceae;g__Ruminiclostridium;s__[Clostridium]_leptum	k__Bacteria;p__Bacteroidetes;c__Bacteroidia;o__Bacteroidales;f__Porphyromonadaceae;g__Parabacteroides;s__Parabacteroides_goldsteinii	k__Bacteria;p__Firmicutes;c__Clostridia;o__Clostridiales;f__Lachnospiraceae;g__Anaerostipes;s__Anaerostipes_hadrus	k__Bacteria;p__Firmicutes;c__Clostridia;o__Clostridiales;f__Ruminococcaceae;g__Ruminococcus;s__Ruminococcus_lactaris	k__Bacteria;p__Firmicutes;c__Clostridia;o__Clostridiales;f__Clostridiaceae;g__Clostridium;s__Clostridium_sp._L2-50	k__Bacteria;p__Firmicutes;c__Clostridia;o__Clostridiales;f__Clostridiaceae;g__Clostridium;s__Clostridium_sp._M62/1	k__Bacteria;p__Firmicutes;c__Clostridia;o__Clostridiales;f__;g__Intestinimonas;s__Intestinimonas_butyriciproducens	k__Bacteria;p__Actinobacteria;c__Actinobacteria;o__Bifidobacteriales;f__Bifidobacteriaceae;g__Bifidobacterium;s__Bifidobacterium_bifidum	k__Bacteria;p__Firmicutes;c__Negativicutes;o__Veillonellales;f__Veillonellaceae;g__Dialister;s__Dialister_invisus	k__Bacteria;p__Bacteroidetes;c__Bacteroidia;o__Bacteroidales;f__Bacteroidaceae;g__Bacteroides;s__Bacteroides_salanitronis
k__Bacteria;p__Bacteroidetes;c__Bacteroidia;o__Bacteroidales;f__Bacteroidaceae;g__Bacteroides;s__Bacteroides_vulgatus	1.0	-0.0213650644691	0.0180196258476	0.0425004633001	0.0511773878123	-0.0239587227576	0.0203190795614	-0.0474719870227	0.0506595497845	-0.00554131346402	-0.0159414090295	-0.00166113156048	-0.0723990376976	-0.0297126397814	-0.0549349505173	0.0395828152181	-0.0115605823079	0.00198103145106	0.0213421456696	0.00742526067622	-0.0124429275745	-0.00767259046483	0.0343836029691	-0.0353201180237	-0.0560040121715	0.00491007960857	-0.00702678696459	-0.0137841752969	-0.0370806028717	-0.0164851395552	-0.0877967556647	0.0322928604655	-0.0598826513931	-0.0169040623918	-0.0185004119308	-0.037583779105	-0.00860671487255	0.0182858182545	-0.0555567194291	0.023342213091	0.0188592657596	0.058947807012	-0.0440492941797	-0.0502977292247	-0.0567323769735	0.0311394276979	-0.0118555805173	-0.0118452369429	0.0318529291777	-0.0200292852089	-0.0711641172526	-0.0393293256767	0.0153899238845	-0.0290696536358	0.0854565272917	-0.087860864093	-0.0376277825994	-0.00519961586506	-0.00791530772195
k__Bacteria;p__Bacteroidetes;c__Bacteroidia;o__Bacteroidales;f__Bacteroidaceae;g__Bacteroides;s__Bacteroides_uniformis	-0.0213650644691	1.0	0.108119748644	0.0162009951169	-0.100651801989	0.00494391293598	0.0165269612437	-0.00644506449095	0.0175799354438	0.00855039565037	-0.00688402084778	-0.0334987553271	-0.0206330577538	0.0573679345363	0.0522695026498	-0.0863467713934	-0.0451372372822	-0.0254679849211	0.016854184419	-0.0178166134877	0.0128029898774	0.0546785113658	-0.0180788021208	0.00247353513885	-0.0248078867896	0.0608584697445	0.0411041504098	-0.00871085562072	0.0645005605481	-0.0263254942203	-0.0744373148743	0.00903328987544	0.0158009973316	0.0103385862341	-0.0189801276154	-0.0938667150477	-0.0228883133976	-0.0164796284212	0.028625158069	0.00309770267996	0.0138296821474	-0.0238888112299	-0.0630347165158	0.0285379176239	-0.0336720162558	0.000287481689926	-0.0845238309996	-0.00183734514862	0.0249597769925	-0.0240300630376	0.0349902066469	-0.0469277516122	0.0767349162793	0.00191889539227	-0.0338355465637	0.0357255187652	0.0306450247251	-0.0421276678604	0.0195540683109
k__Bacteria;p__Bacteroidetes;c__Bacteroidia;o__Bacteroidales;f__Rikenellaceae;g__Alistipes;s__Alistipes_putredinis	0.0180196258476	0.108119748644	1.0	-0.0330240876383	-0.0323670653964	-0.0205642745775	0.0323849417873	-0.0372109230476	0.0143521478844	-0.047332108777	0.056364764714	-0.0347931274699	-0.0264616103046	-0.00912790845817	-0.0192617593455	-0.0424855819612	0.00879649943036	-0.0555363083516	0.00507785679016	-0.0410400523108	0.0383516880742	0.0152974577908	0.00392628173901	0.0199046988219	-0.00569287677347	-0.0100906569129	-0.0141244226228	0.0175008473822	0.0203103297956	0.0307791297598	0.0245784954753	-0.0594873297084	0.0298021606111	-0.0447933703112	-0.0203228214218	-0.0833331717444	-0.0517296638038	-0.0393360164146	0.0014794568548	0.0110111443791	-0.0275043234318	-0.0627753558604	0.0330809260818	-0.0448156804125	-0.0242225791067	-0.0125779356003	-0.0317063284442	0.0104396333878	0.0406839484603	0.00944693983574	0.0323824288621	-0.0592284730466	-0.0439619526907	-0.0177134698534	0.0262327482816	-0.00626640738966	-0.00452304062465	-0.00362314415384	-0.0295449445034
k__Bacteria;p__Bacteroidetes;c__Bacteroidia;o__Bacteroidales;f__Prevotellaceae;g__Prevotella;s__Prevotella_copri	0.0425004633001	0.0162009951169	-0.0330240876383	1.0	-0.00618922746767	0.0156839743501	0.062175432214	0.046131332529	0.02601727415	0.00548194963468	-0.00866872985297	-0.00840696969416	0.0710070915727	0.000374438092203	-0.0101786886645	0.0628267222853	-0.0419061523019	-0.0790153806141	-0.0100746583352	-0.0379213620116	-0.0459748143748	-0.0337033429504	-0.0394041186444	0.0449299693469	-0.0270758168943	0.0167794234339	-0.0252512065356	0.0592287778388	0.0369728598714	0.0622308303564	0.00317267671563	-0.0405728030154	-0.0302356993141	-0.00721378048651	0.0161612834519	-0.053452735046	-0.034777833108	-0.00440738180145	0.0419273835231	0.0610491357618	0.010183053244	0.0212482469207	-0.0121884994616	-0.0281561681401	0.00924453847442	0.00728997037258	-0.049224040144	-0.00531552485312	-0.00842525050569	-0.00745910826073	0.0154524313537	-0.0183933750934	-0.0809420016292	-0.0699221680612	-0.0399078543896	-0.0430976690885	0.0203819212488	-0.0717524115417	0.00345292481173
k__Bacteria;p__Bacteroidetes;c__Bacteroidia;o__Bacteroidales;f__Bacteroidaceae;g__Bacteroides;s__Bacteroides_stercoris	0.0511773878123	-0.100651801989	-0.0323670653964	-0.00618922746767	1.0	-0.0136010665233	0.0277135199395	-0.0115638184161	-0.043219138133	0.0201430610441	-0.0387464905241	-0.036145834125	-0.00151441116262	0.00789153064401	0.00305556335915	-0.000803400104873	0.044753754909	-0.0157802518678	-0.0409623772671	-0.0195733194662	-0.00783547600496	-0.0209059075363	-0.0377846321997	-0.0217367848128	-0.0193764833213	-0.061472528335	-0.0466758885078	0.000313585914296	0.0253150179933	0.0114480669852	0.0129633035456	-0.0382999971784	-0.00707536292907	-0.034201378942	-0.00617761761002	-0.0212468643401	-0.0300884965518	0.0318266147961	-0.00349225089202	0.0685884810941	-0.0263089347963	0.0208695988549	0.0197647324507	0.0184267678971	0.00880612275173	0.0228752697101	-0.00172782802435	-0.00383644478618	-0.0321948013594	0.000966237727533	-0.0223462399052	0.0174576213863	0.0166282921235	-0.0299563075739	0.0138752717048	-0.0446989845372	-0.00632345896372	-0.0195164870638	0.0283655250172
k__Bacteria;p__Bacteroidetes;c__Bacteroidia;o__Bacteroidales;f__Bacteroidaceae;g__Bacteroides;s__Bacteroides_ovatus	-0.0239587227576	0.00494391293598	-0.0205642745775	0.0156839743501	-0.0136010665233	1.0	-0.0428729784102	0.0456936991093	-0.0461015233455	-0.0496992614138	0.0307318071904	0.0303391862344	-0.0352718430869	0.0174069902603	-0.0415941395786	0.0337856046434	-0.00115981633225	0.030153711957	0.0313801051285	-0.0177803932531	-0.0321929320055	0.0236354208899	-0.000238545470607	0.0569226948158	0.0327546776025	0.0337211700781	-0.0108112282942	0.0589682141126	-0.00381264682142	-0.042593448035	0.023964612979	-0.0435976805667	0.00797809857485	0.0234272275153	-0.0898218973237	-0.0435364701807	-0.0221420231678	0.0418470635642	-0.0172151548667	0.00639721563785	-0.00641684169237	-0.010358500831	-0.0821995815787	-0.0101389354953	-0.053980330619	0.00660669884155	-0.0575269173351	0.0255330877651	-0.0134365909731	-0.00557290607155	-0.0185950783483	0.0321881763653	-0.0331725177337	-0.0330170515387	0.00604539478735	0.0128011250299	-0.0303662151524	-0.0381703221786	0.00595498079074
k__Bacteria;p__Bacteroidetes;c__Bacteroidia;o__Bacteroidales;f__Rikenellaceae;g__Alistipes;s__Alistipes_shahii	0.0203190795614	0.0165269612437	0.0323849417873	0.062175432214	0.0277135199395	-0.0428729784102	1.0	0.00935641119225	-0.0928822976068	0.0509377860075	-0.0138527860658	-0.0369729740486	0.0545859421569	-0.00704120005818	-0.00837844119817	0.0289236210232	-0.0474258074942	0.000972494189341	-0.0300859914066	-0.0206673637025	0.0369847863932	0.0167039307088	0.0438584803303	0.0454270951192	-0.0142471666568	-0.0448231103386	-0.0319569753744	-0.0148383125497	-1.55765855797e-05	-0.0098132948706	-0.0337133332964	-0.033786311509	-0.0334404120657	-0.00965537765384	-0.0214846037038	0.030593933929	-0.0479259236695	-0.00539583760147	0.0524621419127	-0.020299138604	0.0298154778854	-0.0333878002395	0.032313677873	-0.0405329027416	-0.0538783087815	0.00106279826591	-0.0588433859227	0.0248777323988	-0.0139447653338	-0.032077583843	0.00999123076901	0.00954165594788	0.00810838339245	0.0579870605425	-0.00180757948748	-0.10294279818	0.0101829897766	-0.0618339301801	0.0493442736981
k__Bacteria;p__Firmicutes;c__Clostridia;o__Clostridiales;f__Ruminococcaceae;g__Faecalibacterium;s__Faecalibacterium_prausnitzii	-0.0474719870227	-0.00644506449095	-0.0372109230476	0.046131332529	-0.0115638184161	0.0456936991093	0.00935641119225	1.0	0.000246636128102	0.0128954837884	-0.0153584363828	-0.0100422549611	0.0374824777839	-0.0164162966627	-0.000843952350944	-0.0535013688916	-0.00524414698573	-0.0396456988321	-0.0195463722887	0.0485163202069	-0.00133013233066	-0.0350610253885	0.0349994689416	-0.00430934166517	0.0241919116418	-0.036193904435	0.0182782918363	0.0468553248544	0.0103587963995	0.0184403720221	-0.0599340908158	-0.026618375941	-0.0281674006877	-0.0197846527423	-0.0219385441084	0.00502844590015	0.0302459706898	0.0222604107254	-0.0551272984967	-0.058880474117	-0.0186014611488	0.011349510154	-0.0812539266057	0.0110279585575	-0.00508074473783	0.0698657621197	0.0125167354131	-0.041744769882	-0.0172934657497	-0.0764214150581	0.0572927183592	-0.0237469251839	-0.0387559196169	0.00556941687618	0.0301912672803	-0.00546994697987	0.000279174693445	-0.0140533732187	-0.010577491462
k__Bacteria;p__Bacteroidetes;c__Bacteroidia;o__Bacteroidales;f__Rikenellaceae;g__Alistipes;s__Alistipes_finegoldii	0.0506595497845	0.0175799354438	0.0143521478844	0.02601727415	-0.043219138133	-0.0461015233455	-0.0928822976068	0.000246636128102	1.0	-0.0174550272986	-0.0391108387063	-0.0462768366273	-0.0200105144038	-0.00661255558835	-0.0139136897202	0.0598270163063	0.00875092236751	0.0468803847082	0.0372637998529	-0.0315134566377	0.0106745923966	0.0152012413959	-0.00309540426823	-0.0167523090623	0.0719191973713	-0.0283003074547	-0.00214599820014	-0.0217497376345	-0.0273087999462	0.0251889842685	-0.051278876709	0.00973008043389	-0.0206274611887	-0.0175621653295	-0.0316765400675	-0.028702388894	-0.0346952449529	-0.0302816982487	-0.0126502475266	0.028776232874	-0.0163280402819	0.0167777546657	-0.00394398700468	0.0186030980585	-0.0272087880504	0.0700980453576	0.0512307483142	0.0460575441585	-0.0589617850252	-0.046488698542	-0.0191998949201	0.00487527214155	-0.00309578364614	-0.0336489606534	-0.101073234115	-0.0106504250192	-0.076044467164	-0.0163989653376	-0.00785664629701
k__Bacteria;p__Bacteroidetes;c__Bacteroidia;o__Bacteroidales;f__Porphyromonadaceae;g__Parabacteroides;s__Parabacteroides_distasonis	-0.00554131346402	0.00855039565037	-0.047332108777	0.00548194963468	0.0201430610441	-0.0496992614138	0.0509377860075	0.0128954837884	-0.0174550272986	1.0	0.0245923344552	-0.0603074949321	-0.00278917119324	0.00558592597743	0.0153067214234	-0.0245398070082	0.0237564432901	0.00476069618451	-0.0279017345625	0.0236764272968	-0.0697462103988	-0.0129646345764	-0.0715786627522	0.00138839894627	-0.0169694293534	-0.0666906337479	-0.0691552133393	0.0181546815665	0.0373940334314	0.0754510256174	0.0303136669586	-0.0465349031696	0.0125535028102	-0.0222772703326	0.00367587623587	0.0271061961815	-0.0161094320741	-0.0148381994558	-0.0301686491734	-0.0198854799596	0.0416480581578	-0.0339877180148	-0.0243840583453	-0.0420470949188	0.0159622829472	0.0864880960014	0.0207360466551	-0.0411389329334	0.0288700651302	-0.00444955283784	-0.0170351818047	-0.0475490902672	-0.0159406238835	-0.0350162139284	-0.0388152991769	0.0483981641908	0.0293379270638	-0.0231911183526	0.00275954123782
k__Bacteria;p__Bacteroidetes;c__Bacteroidia;o__Bacteroidales;f__Bacteroidaceae;g__Bacteroides;s__Bacteroides_thetaiotaomicron	-0.0159414090295	-0.00688402084778	0.056364764714	-0.00866872985297	-0.0387464905241	0.0307318071904	-0.0138527860658	-0.0153584363828	-0.0391108387063	0.0245923344552	1.0	0.00574167687653	-0.0713211704828	0.0277870361075	-0.00163910085538	-0.0620637131832	-0.0219319990506	-0.0156652833081	-0.00523695058549	0.0157059557737	-0.0520918969545	-0.000744551464118	0.00579224730279	-0.00470467416993	-0.00205846885169	0.00954996843987	-0.0173879213809	0.0500658774489	0.0225946819974	0.0309864584356	-0.0627252297751	-0.0202447931418	0.0190559301888	-0.0290737194623	0.0190810861235	-0.0329206949815	-0.0517745248728	-0.0523831317579	-0.0219296548452	-0.0214000589191	-0.0190403619949	-0.00948942057028	0.044125806751	0.0212612791014	-0.0572005825541	-0.0361676648928	0.000581434066638	0.0230794214346	0.0153399881197	0.00273761720898	-0.0693398885664	-0.0650772968804	-0.0299152586769	0.0602554197825	0.00994785091161	-0.024832508276	0.0220879220708	-0.00946330056406	-0.0454369175212
k__Bacteria;p__Bacteroidetes;c__Bacteroidia;o__Bacteroidales;f__Bacteroidaceae;g__Bacteroides;s__Bacteroides_coprocola	-0.00166113156048	-0.0334987553271	-0.0347931274699	-0.00840696969416	-0.036145834125	0.0303391862344	-0.0369729740486	-0.0100422549611	-0.0462768366273	-0.0603074949321	0.00574167687653	1.0	-0.0671123666085	-0.0081726422254	0.0580993412668	-0.0153009838513	0.000338464615412	0.0107601042193	-0.00425776104513	0.0125114437683	-0.0201596597942	-0.0232682966006	-0.00632060771273	-0.00430364005156	-0.0357516862607	-0.0350557953448	-0.00836075833102	-0.0552002076619	-0.0404322267722	0.0447029206865	0.0081177016803	0.0295855900255	-0.0486709627057	0.0355638011643	-0.0316173720652	0.0386010909985	0.0392180865607	0.0340130373557	-0.0389511921878	0.000313710550976	-0.0221319110605	-0.0203407999849	-0.01728175957	-0.0578381813859	-0.0272955310223	0.0224438818991	-0.00526931073768	0.0404011144688	-0.0236241647919	-0.0678613386767	-0.00449901796427	0.00779582586128	0.0408170774088	0.0144089960525	-0.00663325889481	0.00759675870996	0.0144588898868	-0.0754469977549	0.0415118795466
k__Bacteria;p__Bacteroidetes;c__Bacteroidia;o__Bacteroidales;f__Bacteroidaceae;g__Bacteroides;s__Bacteroides_cellulosilyticus	-0.0723990376976	-0.0206330577538	-0.0264616103046	0.0710070915727	-0.00151441116262	-0.0352718430869	0.0545859421569	0.0374824777839	-0.0200105144038	-0.00278917119324	-0.0713211704828	-0.0671123666085	1.0	-0.0072599473992	0.023252899435	-0.0166085870902	-0.0621438615276	0.0490259441254	-0.0347697324047	0.0276548800202	0.0235351829021	-0.0131324250274	-0.0181477479008	-0.0673285936599	0.0660286430827	-0.0371974419644	-0.0272049634133	-0.0250244721257	-0.0372884829076	0.0844669684305	-0.020317412819	0.0154813550672	-0.0384669431209	-0.0456688032849	0.00545708595669	-0.0521671094497	-0.0209844480528	0.00471806542757	0.019342401946	0.0422252988727	-0.0499270141152	-0.0318513959947	-0.0289797831264	-0.0188760758096	-0.00782052154967	0.038116910624	0.0196103188935	-0.0427880562149	-0.0508620687627	-0.0593485458563	0.00794499975533	0.00478669175468	-0.0332286053392	-0.0440095398468	-0.0252417342472	-0.0623722152569	0.0279241945621	0.021219366599	-0.00040636850753
k__Bacteria;p__Bacteroidetes;c__Bacteroidia;o__Bacteroidales;f__Rikenellaceae;g__Alistipes;s__Alistipes_obesi	-0.0297126397814	0.0573679345363	-0.00912790845817	0.000374438092203	0.00789153064401	0.0174069902603	-0.00704120005818	-0.0164162966627	-0.00661255558835	0.00558592597743	0.0277870361075	-0.0081726422254	-0.0072599473992	1.0	-0.0355145487175	-0.0345509624794	-0.0387261174298	-0.0304533677901	0.0611533665829	0.0104999740553	0.011302572292	0.00982065469331	-0.0600340350517	-0.0307440620332	0.0204784047797	-0.0182144715913	-0.0175194149788	0.0192416815317	0.0398643048031	-0.00693246734185	0.0527048714457	0.00788183822528	-0.0178003606119	0.0389355845031	0.0219970849676	-0.0314221891794	0.0196570291022	-0.0669711439914	0.0140413203055	-0.0415933449966	0.0248068611269	0.0229457617472	0.039285808412	-0.0207672429165	-0.0697196148802	-0.0408307274434	0.0193032866799	-0.0254103702309	-0.0214033903506	-0.0113489326873	0.00508860694251	0.0375241149466	-0.000996238642936	-0.0454726240855	-0.0195464192279	0.00208926090012	-0.049476913359	-0.00261203362465	-0.0193953849632
k__Bacteria;p__Firmicutes;c__Clostridia;o__Clostridiales;f__Lachnospiraceae;g__;s__[Eubacterium]_rectale	-0.0549349505173	0.0522695026498	-0.0192617593455	-0.0101786886645	0.00305556335915	-0.0415941395786	-0.00837844119817	-0.000843952350944	-0.0139136897202	0.0153067214234	-0.00163910085538	0.0580993412668	0.023252899435	-0.0355145487175	1.0	0.0261897032373	0.020818995321	-0.0562781199177	0.00910908718869	-0.0256468457024	0.0142967693545	0.00963420304961	0.0200990472666	-0.00917004763115	0.000805898035693	-0.0331495442619	0.00774874096044	-0.00426852447371	-0.0190528220794	-0.0303361572227	-0.100650176013	-0.0542820903807	-0.026427439015	0.0437078070464	0.0153929258485	-0.0253360702926	-0.0323137569125	-0.00122089197947	0.0320063868734	-0.055013382796	-0.0259580254712	-0.000414454804195	0.0352436229654	-0.00624174871998	-0.026414877869	0.0316242110909	-0.0193388794566	-0.0996094062274	-0.022420756368	0.00851932384897	-0.0388591318633	-0.0131752731669	-0.0353752468018	0.01322830542	-0.0223403254506	0.0429187560526	0.0184341200046	0.0279997538744	-0.00213875646426
k__Bacteria;p__Bacteroidetes;c__Bacteroidia;o__Bacteroidales;f__Bacteroidaceae;g__Bacteroides;s__Bacteroides_plebeius	0.0395828152181	-0.0863467713934	-0.0424855819612	0.0628267222853	-0.000803400104873	0.0337856046434	0.0289236210232	-0.0535013688916	0.0598270163063	-0.0245398070082	-0.0620637131832	-0.0153009838513	-0.0166085870902	-0.0345509624794	0.0261897032373	1.0	-0.0567757554788	0.0100695527647	-0.0529890095934	-0.0542261857156	-0.0295036944918	-0.0994971288767	0.017637238493	-0.0441018490186	0.0358727766621	0.0184481361531	-0.00775228737793	0.0254591987997	-0.0322247637718	0.0192734629758	-0.053682275565	-0.01226708699	0.0361691011495	-0.00233944031036	-0.0168359591684	0.00783637851963	-0.0041108894944	0.0283314982498	-0.0666778531965	0.0218179128109	-0.0305642351443	-0.00425566290598	-0.0212989958662	-0.0373284635829	-0.0100643347647	0.0156644462447	0.0153557746526	-0.0405405062875	-0.0155300811956	0.0241924004419	0.0498418101445	0.0408053644895	-0.00485015864341	-0.0338500473058	0.0579127769479	-0.00683765354018	-0.0495320362053	-0.0373433758445	-0.0165568154997
k__Bacteria;p__Bacteroidetes;c__Bacteroidia;o__Bacteroidales;f__Bacteroidaceae;g__Bacteroides;s__Bacteroides_fragilis	-0.0115605823079	-0.0451372372822	0.00879649943036	-0.0419061523019	0.044753754909	-0.00115981633225	-0.0474258074942	-0.00524414698573	0.00875092236751	0.0237564432901	-0.0219319990506	0.000338464615412	-0.0621438615276	-0.0387261174298	0.020818995321	-0.0567757554788	1.0	0.0187824265299	0.0281185765399	0.0337594886273	-0.0263446619071	-0.0674564211176	-0.0502601511886	0.0482112765648	-0.0298031486437	-0.0320964229442	-0.00631073750021	0.0104673758375	-0.0123401315721	0.00534600138885	0.0390965739714	0.00235756556442	-0.0120565826933	0.0303917805527	-0.0205834375292	-0.0367319088999	-0.0427146672429	0.0113730990365	0.0332938424645	0.0109047725498	0.0383066229432	0.0233621978494	-0.0167519641716	-0.015325415249	-0.0191875766742	-0.0323597207357	-0.00118097598861	-0.0511039953528	-0.0436572456009	-0.0662551700183	-0.000779151450831	0.0221750081804	0.00230395254191	-0.0306494079867	-0.000569525444714	0.034833636952	-0.0541458989411	-0.00564432387777	0.0234769268927
k__Bacteria;p__Proteobacteria;c__Betaproteobacteria;o__Burkholderiales;f__Sutterellaceae;g__Sutterella;s__Sutterella_wadsworthensis	0.00198103145106	-0.0254679849211	-0.0555363083516	-0.0790153806141	-0.0157802518678	0.030153711957	0.000972494189341	-0.0396456988321	0.0468803847082	0.00476069618451	-0.0156652833081	0.0107601042193	0.0490259441254	-0.0304533677901	-0.0562781199177	0.0100695527647	0.0187824265299	1.0	-0.0407305791838	-0.0550834883472	-0.0168724220514	0.00584364858049	0.0346838613488	0.000535570944022	-0.0246523916557	0.0489338956992	-0.0538135967092	0.00129740570486	-0.00672269844495	-0.0549434662316	0.0345428613124	-0.0560731889313	0.0499695911504	-0.0132538790446	0.00635175178638	0.0168454531179	-0.0436201255287	-0.0601760369904	-0.0311121415595	0.0112066194077	-0.0282725771639	0.0125479688414	-0.0175767521218	-0.0232323439793	-0.0501805571041	-0.0221242640094	0.0031898609335	-0.0266747145917	0.0387761665472	0.0114989024018	-0.0195773665338	0.00938322642981	-0.0303089461146	-0.00326524209383	0.035709125072	-0.00349466563967	-0.0190281728707	-0.0367492234218	-0.0306920127953
k__Bacteria;p__Bacteroidetes;c__Bacteroidia;o__Bacteroidales;f__Porphyromonadaceae;g__Barnesiella;s__Barnesiella_intestinihominis	0.0213421456696	0.016854184419	0.00507785679016	-0.0100746583352	-0.0409623772671	0.0313801051285	-0.0300859914066	-0.0195463722887	0.0372637998529	-0.0279017345625	-0.00523695058549	-0.00425776104513	-0.0347697324047	0.0611533665829	0.00910908718869	-0.0529890095934	0.0281185765399	-0.0407305791838	1.0	-0.0261849370483	0.0306160439148	-0.0442009527266	-0.0139314385015	-0.0542281398028	-0.0494770261875	-0.0575975463723	0.0079521484107	-0.0181596617251	0.0508254573778	-0.00494279555853	-0.0571078399197	-0.0400509803722	-0.00981937556232	0.0155737138657	0.00214970682174	-0.0656796744972	-0.0461491005261	0.0201397513962	-0.0360353239924	0.0414516723985	0.00591053808822	-0.00418334778537	-0.00829013850683	0.000583530191773	0.0133572741687	0.0136215595936	0.00135012485155	-0.0393124429327	0.013146168108	0.0143286342795	-0.0167100331371	0.0027357952926	-0.057291551175	0.0358423266077	-0.0195843788858	-0.0339277335465	-0.0660793203514	0.0217812643728	0.00364350218223
k__Bacteria;p__Bacteroidetes;c__Bacteroidia;o__Bacteroidales;f__Odoribacteraceae;g__Odoribacter;s__Odoribacter_splanchnicus	0.00742526067622	-0.0178166134877	-0.0410400523108	-0.0379213620116	-0.0195733194662	-0.0177803932531	-0.0206673637025	0.0485163202069	-0.0315134566377	0.0236764272968	0.0157059557737	0.0125114437683	0.0276548800202	0.0104999740553	-0.0256468457024	-0.0542261857156	0.0337594886273	-0.0550834883472	-0.0261849370483	1.0	-0.0285176849796	-0.00922644961975	0.0192861675304	-0.0236609604647	-0.00486792785314	-0.0342939665026	0.0242482010311	-0.105507453309	0.00474801092782	-0.00378015522469	0.0175744807674	-0.0136425127964	-0.0039837133719	0.0371005503709	-0.00355861615263	0.0792445300306	-0.161463691372	-0.00437122034959	-0.0497879056424	0.0139585443999	0.0491674651492	-0.0158592715175	0.0218124333594	0.0138585566523	0.0241047493062	0.0142342297318	-0.0164716055169	0.000903960082025	-0.0097645572443	0.00268024308711	0.0479910724557	-0.0365988295337	-0.00129895494062	0.0449094106488	-0.0738149633211	0.0209244005621	-0.0669518921234	0.0541644848273	0.0381862195037
k__Bacteria;p__Bacteroidetes;c__Bacteroidia;o__Bacteroidales;f__Bacteroidaceae;g__Bacteroides;s__Bacteroides_salyersiae	-0.0124429275745	0.0128029898774	0.0383516880742	-0.0459748143748	-0.00783547600496	-0.0321929320055	0.0369847863932	-0.00133013233066	0.0106745923966	-0.0697462103988	-0.0520918969545	-0.0201596597942	0.0235351829021	0.011302572292	0.0142967693545	-0.0295036944918	-0.0263446619071	-0.0168724220514	0.0306160439148	-0.0285176849796	1.0	-0.0356402157627	-0.039811585301	-0.106458844806	0.000791059572923	-0.0284260470405	-0.0167098657107	0.012444999719	-0.00256140113954	-0.0039671573108	0.00469959654427	-0.0231853409223	-0.0744382651791	0.00320496344928	-0.0424441588201	-0.0391758546825	-0.0378696509492	-0.018443301932	0.0472642418216	-0.0138152229156	-0.0425044834909	0.0266397828013	0.0205792697231	-0.00299567251068	-0.0311695866702	-0.0121334259218	0.0154206692297	0.0380005324033	-0.000430739158981	0.0170353938021	-0.050056071435	-0.000716747537757	-0.00225585033144	0.0239515530604	-0.0374980279971	0.0178671433118	0.108177642206	-0.0210536302974	0.0549398169497
k__Bacteria;p__Firmicutes;c__Clostridia;o__Clostridiales;f__Ruminococcaceae;g__Ruminiclostridium;s__[Eubacterium]_siraeum	-0.00767259046483	0.0546785113658	0.0152974577908	-0.0337033429504	-0.0209059075363	0.0236354208899	0.0167039307088	-0.0350610253885	0.0152012413959	-0.0129646345764	-0.000744551464119	-0.0232682966006	-0.0131324250274	0.00982065469331	0.00963420304961	-0.0994971288767	-0.0674564211176	0.00584364858049	-0.0442009527266	-0.00922644961975	-0.0356402157627	1.0	0.00229605407542	0.029720282022	0.0071077926339	-0.00602636479856	0.0272828643439	0.0426547638775	0.0108303891852	-0.00725172411106	0.0285170170839	-0.00687083647007	0.0299609345506	0.0174451927878	0.0275295389634	-0.0941337466301	0.0117430177608	-0.0275386079132	0.0206999633666	-0.0135827129632	-0.0541076641848	-0.0512652496676	0.0213558345435	-0.0508634820609	-0.0577906551695	-0.0339814050266	0.00716014301878	-0.0332549735229	-0.0248389932337	0.00954687184033	-0.00971771208915	-0.0221942357212	0.0267593717784	-0.0557762507243	-0.00175796817328	-0.044914392043	-0.00434865514224	-0.015727052923	-0.0635117572636
k__Bacteria;p__Proteobacteria;c__Betaproteobacteria;o__Burkholderiales;f__Sutterellaceae;g__Parasutterella;s__Parasutterella_excrementihominis	0.0343836029691	-0.0180788021208	0.00392628173901	-0.0394041186444	-0.0377846321997	-0.000238545470607	0.0438584803303	0.0349994689416	-0.00309540426823	-0.0715786627522	0.00579224730279	-0.00632060771273	-0.0181477479008	-0.0600340350517	0.0200990472666	0.017637238493	-0.0502601511886	0.0346838613488	-0.0139314385015	0.0192861675304	-0.039811585301	0.00229605407542	1.0	0.0273654889162	0.0452843416262	-0.00643398739869	-0.0712255759388	0.0267703270025	-0.00259247212174	-0.00780847635618	-0.0222783805895	0.00541064933707	-0.00333086007945	-0.0440177850536	0.0239570388398	-0.0586441310892	-0.0331613332432	0.00364215257668	-0.0971348969127	-0.0142502310728	-0.0560157956068	0.0845809750726	-0.0875828324783	0.0272874636509	0.0518570334453	0.0750388919273	0.0213080603437	0.00623160021334	-0.0314201315871	-0.0169880650054	0.0738583521331	0.0269297181723	0.00145494217588	-0.066577598383	0.0605608481445	0.0123583598033	0.00784935154869	0.00912571949971	-0.0848752672121
k__Bacteria;p__Actinobacteria;c__Actinobacteria;o__Bifidobacteriales;f__Bifidobacteriaceae;g__Bifidobacterium;s__Bifidobacterium_adolescentis	-0.0353201180237	0.00247353513885	0.0199046988219	0.0449299693469	-0.0217367848128	0.0569226948158	0.0454270951192	-0.00430934166517	-0.0167523090623	0.00138839894627	-0.00470467416993	-0.00430364005156	-0.0673285936599	-0.0307440620332	-0.00917004763115	-0.0441018490186	0.0482112765648	0.000535570944022	-0.0542281398028	-0.0236609604647	-0.106458844806	0.029720282022	0.0273654889162	1.0	0.0404831073633	0.0534589505714	0.0409150028934	-0.0520715012468	0.00510801255352	-0.0150388403142	-0.0530213088487	-0.00570942435244	-0.0249692208511	-0.0235526739977	-0.0778364537718	-0.000122946614829	-0.00989232714814	0.0130170321038	-0.000282474269316	-0.0337735570042	-0.0352769056227	0.0885531403073	-0.0539047260788	-0.0167626325523	0.00380248017716	-0.0247671127475	-0.0161264849858	-0.0382456387318	-0.020139843226	0.0397246577148	0.0506726362282	-0.0548966861766	-0.0307498731488	-0.0010612463137	-0.0069310495145	-0.0452413957748	-0.0111505320152	-0.0231314472613	0.0364270016097
k__Bacteria;p__Firmicutes;c__Clostridia;o__Clostridiales;f__Oscillospiraceae;g__Oscillibacter;s__Oscillibacter_sp._KLE_1745	-0.0560040121715	-0.0248078867896	-0.00569287677347	-0.0270758168943	-0.0193764833213	0.0327546776025	-0.0142471666568	0.0241919116418	0.0719191973713	-0.0169694293534	-0.00205846885169	-0.0357516862607	0.0660286430827	0.0204784047797	0.000805898035693	0.0358727766621	-0.0298031486437	-0.0246523916557	-0.0494770261875	-0.00486792785314	0.000791059572923	0.0071077926339	0.0452843416262	0.0404831073633	1.0	0.0266207646071	-0.0196861248072	-0.0515921410168	0.00845238606875	-0.00814690058366	0.0255185234318	-0.0325782970924	0.00968779207945	0.00160072439337	0.0201056351144	0.0603735720139	-0.0549788926131	0.0172144937825	-0.022644385114	-0.0326335942156	-0.0687234508851	0.0133797635267	0.00699971814023	-0.0146076819854	0.0119486122277	-0.0657243907429	-0.0250626462974	-0.0198694006077	-0.0438971612556	0.0149802890176	-0.0439333941193	-0.0508333290339	-0.0604058940693	-0.0379860570557	0.00398856012551	0.0193106400762	-0.0249773297579	0.0129704047963	-0.00374948063352
k__Bacteria;p__Bacteroidetes;c__Bacteroidia;o__Bacteroidales;f__Bacteroidaceae;g__Bacteroides;s__Bacteroides_coprophilus	0.00491007960857	0.0608584697445	-0.0100906569129	0.0167794234339	-0.061472528335	0.0337211700781	-0.0448231103386	-0.036193904435	-0.0283003074547	-0.0666906337479	0.00954996843987	-0.0350557953448	-0.0371974419644	-0.0182144715913	-0.0331495442619	0.0184481361531	-0.0320964229442	0.0489338956992	-0.0575975463723	-0.0342939665026	-0.0284260470405	-0.00602636479856	-0.00643398739869	0.0534589505714	0.0266207646071	1.0	0.0129387919691	0.0286009473828	-0.00100162724108	-0.00948456883049	-0.0185186740681	0.0155757498404	0.0320564658655	-0.0845275189913	-0.00836757104754	-0.0186245760726	-0.0392580292286	0.013756045318	0.00755513413981	0.0144277569055	-0.031922155785	0.0424417098558	-0.0577547043816	-0.0511399298506	-0.00316485633605	-0.0776356161205	0.0111394009748	0.062467198436	0.048324758591	0.00837746143037	-0.0121647086104	0.0275572671042	-0.023180977811	-0.00262969271452	-0.000139056609896	0.0148095001545	0.0366210157502	-0.0350746802881	-0.0101698234802
k__Bacteria;p__Firmicutes;c__Clostridia;o__Clostridiales;f__Lachnospiraceae;g__Roseburia;s__Roseburia_intestinalis	-0.00702678696459	0.0411041504098	-0.0141244226228	-0.0252512065356	-0.0466758885078	-0.0108112282942	-0.0319569753744	0.0182782918363	-0.00214599820014	-0.0691552133393	-0.0173879213809	-0.00836075833101	-0.0272049634133	-0.0175194149788	0.00774874096044	-0.00775228737793	-0.00631073750021	-0.0538135967092	0.0079521484107	0.0242482010311	-0.0167098657107	0.0272828643439	-0.0712255759388	0.0409150028934	-0.0196861248072	0.0129387919691	1.0	0.00792902023922	-0.0062426672513	0.0295328856791	-0.0524055205245	-0.0142224460324	-0.0221022551397	-0.0207584742016	-0.00364273896996	-0.01772105891	-0.0414032494959	0.0230318504638	-0.0153378072212	-0.0297605987247	-0.0491002981297	-0.0439571021737	0.0441251522402	0.0121048847635	-0.0418810549858	0.0272647687336	-0.0532657705287	-0.040089362979	0.0414856418158	0.0129796314059	0.0265037493679	-0.00544855202046	0.0429368730333	0.00389036835506	0.0025919735763	-0.0319533527323	-0.0460698315513	0.00715375944558	-0.0251514906604
k__Bacteria;p__Firmicutes;c__Clostridia;o__Clostridiales;f__Lachnospiraceae;g__Roseburia;s__Roseburia_hominis	-0.0137841752969	-0.00871085562072	0.0175008473822	0.0592287778388	0.000313585914296	0.0589682141126	-0.0148383125497	0.0468553248544	-0.0217497376345	0.0181546815665	0.0500658774489	-0.0552002076619	-0.0250244721257	0.0192416815317	-0.00426852447371	0.0254591987997	0.0104673758375	0.00129740570486	-0.0181596617251	-0.105507453309	0.012444999719	0.0426547638775	0.0267703270025	-0.0520715012468	-0.0515921410168	0.0286009473828	0.00792902023922	1.0	-0.00243445988412	-0.0708689778393	-0.0880157819712	-0.0282490045849	-0.0578458585199	-0.0543806999414	0.00898365329149	-0.0244293025227	-0.0191863170448	-0.00795680042954	-0.0302303960562	0.00099199672329	-0.0575420477598	-0.0595552149766	-0.0230286524919	-0.0491503830503	-0.0216683589821	-0.00725212343359	0.0108304378089	-0.00698062970561	0.00136627880565	-0.0285154501318	-0.0129573660898	0.0286959763899	-0.033486116969	0.00418826089897	-0.0217749700919	-0.0369194059596	-0.0041370596927	0.00802609798788	-0.036381810896
k__Bacteria;p__Bacteroidetes;c__Bacteroidia;o__Bacteroidales;f__Porphyromonadaceae;g__Parabacteroides;s__Parabacteroides_johnsonii	-0.0370806028717	0.0645005605481	0.0203103297956	0.0369728598714	0.0253150179933	-0.00381264682142	-1.55765855797e-05	0.0103587963995	-0.0273087999462	0.0373940334314	0.0225946819974	-0.0404322267722	-0.0372884829076	0.0398643048031	-0.0190528220794	-0.0322247637718	-0.0123401315721	-0.00672269844495	0.0508254573778	0.00474801092782	-0.00256140113954	0.0108303891852	-0.00259247212174	0.00510801255352	0.00845238606875	-0.00100162724108	-0.0062426672513	-0.00243445988412	1.0	0.00197176054748	-0.00620286372162	-0.00663519830597	-0.0336125752615	-0.0300501369836	0.0299203348338	-0.0232163079126	0.0137167151682	0.00126540518381	-0.0190992856112	0.00180849578236	0.00200760905808	-0.00131614651675	-0.0347229182	-0.0255685157221	0.00244688489267	-0.0281304157816	0.0225377403266	0.00602177620643	-0.0147346120056	-0.00900846241107	-0.010058330764	-0.0277893984756	-0.0887838265263	-0.00876118295253	-0.0210620848232	-0.00895827984268	0.0466922925493	0.0157990566479	0.0843362759521
