#taxonomy	k__Bacteria;p__Bacteroidetes;c__Bacteroidia;o__Bacteroidales;f__Bacteroidaceae;g__Bacteroides;s__Bacteroides_vulgatus	k__Bacteria;p__Bacteroidetes;c__Bacteroidia;o__Bacteroidales;f__Bacteroidaceae;g__Bacteroides;s__Bacteroides_uniformis	k__Bacteria;p__Bacteroidetes;c__Bacteroidia;o__Bacteroidales;f__Rikenellaceae;g__Alistipes;s__Alistipes_putredinis	k__Bacteria;p__Bacteroidetes;c__Bacteroidia;o__Bacteroidales;f__Prevotellaceae;g__Prevotella;s__Prevotella_copri	k__Bacteria;p__Bacteroidetes;c__Bacteroidia;o__Bacteroidales;f__Bacteroidaceae;g__Bacteroides;s__Bacteroides_stercoris	k__Bacteria;p__Bacteroidetes;c__Bacteroidia;o__Bacteroidales;f__Bacteroidaceae;g__Bacteroides;s__Bacteroides_ovatus	k__Bacteria;p__Bacteroidetes;c__Bacteroidia;o__Bacteroidales;f__Rikenellaceae;g__Alistipes;s__Alistipes_shahii	k__Bacteria;p__Firmicutes;c__Clostridia;o__Clostridiales;f__Ruminococcaceae;g__Faecalibacterium;s__Faecalibacterium_prausnitzii	k__Bacteria;p__Bacteroidetes;c__Bacteroidia;o__Bacteroidales;f__Rikenellaceae;g__Alistipes;s__Alistipes_finegoldii	k__Bacteria;p__Bacteroidetes;c__Bacteroidia;o__Bacteroidales;f__Porphyromonadaceae;g__Parabacteroides;s__Parabacteroides_distasonis	k__Bacteria;p__Bacteroidetes;c__Bacteroidia;o__Bacteroidales;f__Bacteroidaceae;g__Bacteroides;s__Bacteroides_thetaiotaomicron	k__Bacteria;p__Bacteroidetes;c__Bacteroidia;o__Bacteroidales;f__Bacteroidaceae;g__Bacteroides;s__Bacteroides_coprocola	k__Bacteria;p__Bacteroidetes;c__Bacteroidia;o__Bacteroidales;f__Bacteroidaceae;g__Bacteroides;s__Bacteroides_cellulosilyticus	k__Bacteria;p__Bacteroidetes;c__Bacteroidia;o__Bacteroidales;f__Rikenellaceae;g__Alistipes;s__Alistipes_obesi	k__Bacteria;p__Firmicutes;c__Clostridia;o__Clostridiales;f__Lachnospiraceae;g__;s__[Eubacterium]_rectale	k__Bacteria;p__Bacteroidetes;c__Bacteroidia;o__Bacteroidales;f__Bacteroidaceae;g__Bacteroides;s__Bacteroides_plebeius	k__Bacteria;p__Bacteroidetes;c__Bacteroidia;o__Bacteroidales;f__Bacteroidaceae;g__Bacteroides;s__Bacteroides_fragilis	k__Bacteria;p__Proteobacteria;c__Betaproteobacteria;o__Burkholderiales;f__Sutterellaceae;g__Sutterella;s__Sutterella_wadsworthensis	k__Bacteria;p__Bacteroidetes;c__Bacteroidia;o__Bacteroidales;f__Porphyromonadaceae;g__Barnesiella;s__Barnesiella_intestinihominis	k__Bacteria;p__Bacteroidetes;c__Bacteroidia;o__Bacteroidales;f__Odoribacteraceae;g__Odoribacter;s__Odoribacter_splanchnicus	k__Bacteria;p__Bacteroidetes;c__Bacteroidia;o__Bacteroidales;f__Bacteroidaceae;g__Bacteroides;s__Bacteroides_salyersiae	k__Bacteria;p__Firmicutes;c__Clostridia;o__Clostridiales;f__Ruminococcaceae;g__Ruminiclostridium;s__[Eubacterium]_siraeum	k__Bacteria;p__Proteobacteria;c__Betaproteobacteria;o__Burkholderiales;f__Sutterellaceae;g__Parasutterella;s__Parasutterella_excrementihominis	k__Bacteria;p__Actinobacteria;c__Actinobacteria;o__Bifidobacteriales;f__Bifidobacteriaceae;g__Bifidobacterium;s__Bifidobacterium_adolescentis	k__Bacteria;p__Firmicutes;c__Clostridia;o__Clostridiales;f__Oscillospiraceae;g__Oscillibacter;s__Oscillibacter_sp._KLE_1745	k__Bacteria;p__Bacteroidetes;c__Bacteroidia;o__Bacteroidales;f__Bacteroidaceae;g__Bacteroides;s__Bacteroides_coprophilus	k__Bacteria;p__Firmicutes;c__Clostridia;o__Clostridiales;f__Lachnospiraceae;g__Roseburia;s__Roseburia_intestinalis	k__Bacteria;p__Firmicutes;c__Clostridia;o__Clostridiales;f__Lachnospiraceae;g__Roseburia;s__Roseburia_hominis	k__Bacteria;p__Bacteroidetes;c__Bacteroidia;o__Bacteroidales;f__Porphyromonadaceae;g__Parabacteroides;s__Parabacteroides_johnsonii	k__Bacteria;p__Actinobacteria;c__Actinobacteria;o__Bifidobacteriales;f__Bifidobacteriaceae;g__Bifidobacterium;s__Bifidobacterium_longum	k__Bacteria;p__Firmicutes;c__Clostridia;o__Clostridiales;f__;g__Flavonifractor;s__Flavonifractor_plautii	k__Bacteria;p__Firmicutes;c__Clostridia;o__Clostridiales;f__Clostridiaceae;g__Clostridium;s__Clostridium_phoceensis	k__Bacteria;p__Verrucomicrobia;c__Verrucomicrobiae;o__Verrucomicrobiales;f__Akkermansiaceae;g__Akkermansia;s__Akkermansia_muciniphila	k__Bacteria;p__Bacteroidetes;c__Bacteroidia;o__Bacteroidales;f__Prevotellaceae;g__Paraprevotella;s__Paraprevotella_xylaniphila	k__Bacteria;p__Firmicutes;c__Clostridia;o__Clostridiales;f__Ruminococcaceae;g__Ruminococcus;s__Ruminococcus_callidus	k__Bacteria;p__Bacteroidetes;c__Bacteroidia;o__Bacteroidales;f__Rikenellaceae;g__Alistipes;s__Alistipes_senegalensis	k__Bacteria;p__Firmicutes;c__Clostridia;o__Clostridiales;f__Lachnospiraceae;g__Blautia;s__Blautia_sp._KLE_1732	k__Bacteria;p__Bacteroidetes;c__Bacteroidia;o__Bacteroidales;f__Bacteroidaceae;g__Bacteroides;s__Bacteroides_oleiciplenus	k__Bacteria;p__Firmicutes;c__Clostridia;o__Clostridiales;f__Ruminococcaceae;g__Ruminococcus;s__Ruminococcus_bicirculans	k__Bacteria;p__Bacteroidetes;c__Bacteroidia;o__Bacteroidales;f__Bacteroidaceae;g__Bacteroides;s__Bacteroides_fluxus	k__Bacteria;p__Bacteroidetes;c__Bacteroidia;o__Bacteroidales;f__Prevotellaceae;g__Prevotella;s__Prevotella_stercorea	k__Bacteria;p__Firmicutes;c__Clostridia;o__Clostridiales;f__Lachnospiraceae;g__Dorea;s__Dorea_longicatena	k__Bacteria;p__Firmicutes;c__Clostridia;o__Clostridiales;f__Eubacteriaceae;g__Eubacterium;s__[Eubacterium]_eligens	k__Bacteria;p__Firmicutes;c__Clostridia;o__Clostridiales;f__Ruminococcaceae;g__;s__Ruminococcaceae_bacterium_D16	k__Bacteria;p__Firmicutes;c__Clostridia;o__Clostridiales;f__Lachnospiraceae;g__Coprococcus;s__Coprococcus_comes	k__Bacteria;p__Proteobacteria;c__Gammaproteobacteria;o__Enterobacterales;f__Enterobacteriaceae;g__Escherichia;s__Escherichia_coli	k__Bacteria;p__Firmicutes;c__Clostridia;o__Clostridiales;f__Ruminococcaceae;g__Anaerotruncus;s__Anaerotruncus_colihominis	k__Bacteria;p__Firmicutes;c__Clostridia;o__Clostridiales;f__Lachnospiraceae;g__Blautia;s__Blautia_obeum	k__Bacteria;p__Bacteroidetes;c__Bacteroidia;o__Bacteroidales;f__Odoribacteraceae;g__Odoribacter;s__Odoribacter_laneus	k__Bacteria;p__Firmicutes;c__Clostridia;o__Clostridiales;f__Ruminococcaceae;g__Ruminiclostridium;s__[Clostridium]_leptum	k__Bacteria;p__Bacteroidetes;c__Bacteroidia;o__Bacteroidales;f__Porphyromonadaceae;g__Parabacteroides;s__Parabacteroides_goldsteinii	k__Bacteria;p__Firmicutes;c__Clostridia;o__Clostridiales;f__Lachnospiraceae;g__Anaerostipes;s__Anaerostipes_hadrus	k__Bacteria;p__Firmicutes;c__Clostridia;o__Clostridiales;f__Ruminococcaceae;g__Ruminococcus;s__Ruminococcus_lactaris	k__Bacteria;p__Firmicutes;c__Clostridia;o__Clostridiales;f__Clostridiaceae;g__Clostridium;s__Clostridium_sp._L2-50	k__Bacteria;p__Firmicutes;c__Clostridia;o__Clostridiales;f__Clostridiaceae;g__Clostridium;s__Clostridium_sp._M62/1	k__Bacteria;p__Firmicutes;c__Clostridia;o__Clostridiales;f__;g__Intestinimonas;s__Intestinimonas_butyriciproducens	k__Bacteria;p__Actinobacteria;c__Actinobacteria;o__Bifidobacteriales;f__Bifidobacteriaceae;g__Bifidobacterium;s__Bifidobacterium_bifidum	k__Bacteria;p__Firmicutes;c__Negativicutes;o__Veillonellales;f__Veillonellaceae;g__Dialister;s__Dialister_invisus	k__Bacteria;p__Bacteroidetes;c__Bacteroidia;o__Bacteroidales;f__Bacteroidaceae;g__Bacteroides;s__Bacteroides_salanitronis
k__Bacteria;p__Bacteroidetes;c__Bacteroidia;o__Bacteroidales;f__Bacteroidaceae;g__Bacteroides;s__Bacteroides_vulgatus	1.0	0.0145833813324	0.00795134047233	-0.0289600243283	-0.00108986571373	-0.0357173535478	0.00144953804788	-0.00613855665623	-0.0681461107418	0.0448664335974	-0.022874575698	-0.0282244792671	-0.00198534388584	-0.0307356336338	0.00999160474572	0.0124685796644	0.0176058669521	-0.031472450961	-0.0294448983941	0.0607050881328	-0.0612681824514	-0.0568688552668	0.0382478207045	-0.0119809673363	0.0018069317197	-0.0557702644955	-0.0501019474497	0.0293423774674	0.0274670852757	-0.0410925984254	0.0161803499152	-0.0361036692233	0.0338198980063	-0.0182256797342	0.0511526888336	-0.053032417515	-0.0150424155297	0.0261150400073	0.0408083748117	0.00220314639857	-0.0237390434365	-0.00899515190201	0.0181552657261	0.00801608551958	0.0334189550211	-0.0206334082207	-0.0839875176446	-0.0164684314559	-0.0182575257652	0.0385434534477	-0.0314289713326	-0.0104182554572	0.00621500088289	-0.0143599971878	0.0264215104958	0.0644348917458	0.00240941619304	0.042499141771	-0.0705260944842
k__Bacteria;p__Bacteroidetes;c__Bacteroidia;o__Bacteroidales;f__Bacteroidaceae;g__Bacteroides;s__Bacteroides_uniformis	0.0145833813324	1.0	-0.0404791054646	-0.00838045771277	-0.031112832905	-0.0382589743378	0.0141255811767	0.0138429417819	-0.00406173552694	0.00161180102131	0.00148281486308	-0.00591123880833	-0.0117704943808	-0.0185456027757	0.0229406976225	-0.00193871813105	0.0186785900086	-0.00873933044875	0.0296073432205	-0.0596272944542	-0.0020937375706	0.0148322395581	-0.0562704143291	0.0236626208991	0.00115437600602	-0.00772760439816	-0.0393317003974	0.00555203667032	-0.0120154603927	0.0397003668968	0.0465189909248	0.0444097700748	-0.0246076170969	-0.0124693909853	0.017083802353	0.0144156271968	-0.00537403131022	-0.0290102066339	-0.0051858414373	-0.0558463953075	-0.054940723499	-0.0156471453075	-0.00995664820009	-0.0484092733847	0.0283716466857	-0.0098650624137	0.0212495991842	0.0596454400992	-0.0424379386837	-0.00904943615602	0.0341091007187	0.0114391601977	-0.0187755659334	-0.00806613912025	-0.00619124924218	-0.0201009671546	-0.0688673405217	0.0234552921295	-0.0075196470923
k__Bacteria;p__Bacteroidetes;c__Bacteroidia;o__Bacteroidales;f__Rikenellaceae;g__Alistipes;s__Alistipes_putredinis	0.00795134047233	-0.0404791054646	1.0	-0.0247632641661	0.0411444772179	-0.0396199473072	-0.0341625861524	0.0164878222919	-0.0311439783844	0.0325185924087	-0.00969369572861	0.0587347513036	0.00174831273168	0.00797120903948	0.026651818613	0.0439998822811	-0.03967012864	0.00311186946761	-0.0209525057204	-0.00522281912989	0.0175609544307	-0.0202712975065	-0.00784585380429	-0.0324076121998	0.0477352848321	-0.00750818959041	-0.0771970450574	0.0146175709941	-0.0210769788188	0.0363748059373	-0.0108109407295	-0.0792045567149	0.0128783534875	0.00810895082118	0.00196914519566	0.0270023554308	-0.0103039231492	-0.0719400739703	0.00936551530976	-0.0261545546106	-0.0227113224673	0.0687270513743	-0.0607236726744	-0.046970443564	0.00712532439932	-0.0124936493162	0.0212722330806	0.0390743102943	-0.0249808919289	0.00200034131807	0.015577766523	-0.0642524284669	0.0328970308652	-0.00386378714787	-0.0581758383145	-0.0124159033555	-0.0651293699712	-0.00195672119522	0.0301714909336
k__Bacteria;p__Bacteroidetes;c__Bacteroidia;o__Bacteroidales;f__Prevotellaceae;g__Prevotella;s__Prevotella_copri	-0.0289600243283	-0.00838045771277	-0.0247632641661	1.0	-0.0297612435207	-0.0714103682706	-0.0243167970934	-0.0031986537425	-0.0582913210571	0.0279858979771	-0.0298741882669	0.0273975921835	-0.0426423274872	-0.00464609658203	-0.0412945542908	-0.0268201773893	0.0292933338268	-0.0799812672264	-0.0654320373922	0.00233188479441	-0.00512946765273	0.0112980526203	-0.0210330920157	-0.0364841804588	0.00481031493901	0.0132043181393	0.00309641016193	-0.000997601236842	0.01081004266	0.00475488352205	-0.0186546134805	-0.0535807854804	0.0380755311549	0.000704850445452	0.00524966803033	-0.0146394957333	-0.00546487829613	0.00764689680577	-0.0616276356043	-0.0251062198199	0.0566885533471	0.00574848302682	0.036245737873	-0.0642061378588	-0.000651289843471	0.0191072173796	0.0503856385843	-0.00601568044221	0.015553308243	-0.00668895633203	0.00732634917459	-0.0154749533549	0.0135163053555	0.00504318534632	-0.0802561180403	0.0124118708454	-0.0560090288685	-0.0661342213471	-0.00328043518583
k__Bacteria;p__Bacteroidetes;c__Bacteroidia;o__Bacteroidales;f__Bacteroidaceae;g__Bacteroides;s__Bacteroides_stercoris	-0.00108986571373	-0.031112832905	0.0411444772179	-0.0297612435207	1.0	-0.0264271800343	-0.0714940212482	-0.0607533431571	-0.0285356340039	-0.01452731686	-0.0453729742645	0.0100106741336	0.0365045407062	-0.00556614164645	-0.00573936782429	0.0643804661516	-0.00968799224482	0.0137534056743	0.014421451436	-0.0652269302831	0.00753114916868	0.00263345705747	0.0295315407434	-0.0320727591623	-0.0535564774289	-0.0436172006465	0.0645070850139	-0.0285858839832	-0.00214689437532	-0.0595492882661	-0.043482472868	-0.00873898966536	0.0140272913496	0.00756720242657	0.00253632296617	-0.0585344945355	0.011155048048	0.0499317573597	0.0139892191726	0.00856486349389	-0.00893230417337	0.044130183399	-0.0767882018827	-0.0155877566773	-0.027291570341	-0.0219880791361	0.0498587759881	-0.0160188680875	0.003203287734	0.0104282998108	0.0972406114395	0.0236972978652	-0.00714297984127	-0.0225621507003	0.019461533814	-0.0199096676789	0.0352676870465	0.0165229851036	0.0315267504107
k__Bacteria;p__Bacteroidetes;c__Bacteroidia;o__Bacteroidales;f__Bacteroidaceae;g__Bacteroides;s__Bacteroides_ovatus	-0.0357173535478	-0.0382589743378	-0.0396199473072	-0.0714103682706	-0.0264271800343	1.0	0.0393617867211	-0.0689607610534	-0.0565389625678	0.0261853493325	-0.0254989568217	0.0274597971187	-0.0605212305335	-0.0352906722716	-0.0298497115412	0.0208190402682	0.0231001492314	0.0095048015496	0.00174285483723	0.0245086184059	0.0258650584258	0.0224673349919	-0.0964890501103	-0.0336922089733	-0.0330156243948	0.000126213304822	0.00335825027394	0.00825105327595	0.00219568978124	-0.00891820751851	0.0399501144572	0.0529318889682	0.0250026454863	-0.0107310138947	0.0574052471886	-0.0214696596129	-0.0736541010546	-0.0227025728288	0.0241808413634	0.00388890442921	-0.00558178332706	0.00685494218323	0.0100936529693	-0.0180578091334	-0.0307847567398	-0.0639099692288	-0.0185033248815	0.0289531462775	0.00603355374366	-0.0105019055178	0.000942004176585	-0.017966340861	-0.0653948874391	0.0114225505529	0.0577613237813	0.0149500186793	0.0222886282072	-0.0107507450287	0.0367042567984
k__Bacteria;p__Bacteroidetes;c__Bacteroidia;o__Bacteroidales;f__Rikenellaceae;g__Alistipes;s__Alistipes_shahii	0.00144953804788	0.0141255811767	-0.0341625861524	-0.0243167970934	-0.0714940212482	0.0393617867211	1.0	-0.0368537124693	-0.0397726731751	-0.0252897391578	0.0170789357353	0.00173377228938	-0.0126842814947	-0.0557371206752	0.0555817925348	-0.106937028659	-0.00853561935689	0.00926088853417	-0.0105795559141	-0.0483799440648	-0.0289249608171	-0.0149061002966	0.0348160214782	-0.0315826942161	-0.0162090266876	0.0470669795317	0.0505352430721	-0.033626272687	0.0205285781121	-0.0119184311093	0.0296828975826	0.00502219637588	-0.0502876430468	-0.0346048289617	-0.0295603024863	-0.019753411746	-0.0055398658495	0.0246376146782	0.0397619610231	0.0546413485465	-0.0538484552803	0.0386770820848	-0.0242086026559	0.00468682144582	-0.0317509154789	-0.0222567841213	0.0507918023867	0.0381936311837	-0.0184543177157	-0.0344448108477	0.0452197920632	-0.0286242769024	0.00161243761415	-0.0353445785195	0.0633686100647	-0.0156848097217	0.0327827311945	0.0149716006711	-0.00803642922693
k__Bacteria;p__Firmicutes;c__Clostridia;o__Clostridiales;f__Ruminococcaceae;g__Faecalibacterium;s__Faecalibacterium_prausnitzii	-0.00613855665623	0.0138429417819	0.0164878222919	-0.0031986537425	-0.0607533431571	-0.0689607610534	-0.0368537124693	1.0	-0.000867035260771	-0.00890886310614	-0.0313799595392	-0.0202846716484	0.0771076635275	0.0364566585816	-0.0259408035711	-0.00877213598745	-0.000258611136174	0.00544041939562	-0.0240686464898	0.0100493497781	0.0405890902758	-0.0470557892681	0.0645590998984	-0.0169381653664	-0.00969804109032	0.041400721079	0.0127749784643	-0.0266776777512	0.00799329393079	0.0172149388947	-0.0391083425579	0.00556930006829	0.0388588915013	-0.0516172870582	-0.0460752227538	0.0921038754149	0.0333488332054	-0.0274721864607	-0.0221888427268	0.0390713257117	-0.0405680879086	0.0418876262858	-0.0467531649077	0.0150462775517	-0.0249206462296	-0.000283389675423	-0.00431749089284	-0.00808729647166	-0.022602899767	-0.0383637314074	0.0489103489515	-0.0504635843302	-0.0194009448573	0.00504356178978	-0.0651655724201	0.0847146234596	-0.00901961331523	-0.025843733921	-0.011320541453
k__Bacteria;p__Bacteroidetes;c__Bacteroidia;o__Bacteroidales;f__Rikenellaceae;g__Alistipes;s__Alistipes_finegoldii	-0.0681461107418	-0.00406173552694	-0.0311439783844	-0.0582913210571	-0.0285356340039	-0.0565389625678	-0.0397726731751	-0.000867035260771	1.0	0.0103070459874	-0.017643100082	0.0290346265087	-0.0503595319003	-0.0469806289074	0.00794784904456	-0.0207975324784	-0.0636784417778	0.0225590481681	0.0495688998575	-0.0536469026105	0.00888019774281	-0.0692870996755	0.0365494018166	0.00603638429278	-0.0300807232005	0.0352062741202	-0.00660190916436	0.0711993298466	-0.0265597166629	0.0695197231449	-0.0106002250728	-0.013140692905	0.0807189192682	0.0291648345664	0.0144206759749	-0.054861577215	-0.0147774076518	0.057831035596	-0.0652438900705	0.0183760550269	-0.0348742377736	-0.0232528010111	-0.00399036176527	-0.0246250722391	-0.0410431313602	0.0100148612323	-0.0305141520448	-0.0160175761955	0.00822959577948	0.0485707764096	-0.0841292214332	0.00831727741876	-0.0427126228553	0.00776816447814	-0.000858519259645	-0.00282749565862	-0.0169892429581	0.0557958563634	0.0102150750853
k__Bacteria;p__Bacteroidetes;c__Bacteroidia;o__Bacteroidales;f__Porphyromonadaceae;g__Parabacteroides;s__Parabacteroides_distasonis	0.0448664335974	0.00161180102131	0.0325185924087	0.0279858979771	-0.01452731686	0.0261853493325	-0.0252897391578	-0.00890886310614	0.0103070459874	1.0	0.0557976978438	0.00390960855659	0.0605388071854	0.00897805297206	0.0403946368232	-0.092480157105	0.072375000807	0.0212522987498	0.000314548613446	-0.046423623202	0.035565427164	0.000547676429324	-0.013020181192	0.0197922468042	-0.0588487453305	-0.0541479811575	-0.0584428600862	-0.0332761653471	-0.0534725747529	-0.0514399925418	-0.00401652666053	0.00624546175698	-0.0353251564037	-0.0124879272989	0.0345534311516	-0.00961321732594	-0.00526019638894	-0.00187020788304	-0.00137454526824	-0.0353498712381	0.0105957631375	0.0195561157031	0.0115373118301	-2.01617766744e-05	0.0501579299905	-0.034370094789	-0.0752667595537	-0.0177730832351	-0.0266091105613	0.0357173568642	-0.00606337539963	0.0126384368542	0.0233591221957	-0.00822092308431	-0.0356949567872	-0.0342056035197	-0.0128346001222	4.11790197901e-05	0.0398552419275
k__Bacteria;p__Bacteroidetes;c__Bacteroidia;o__Bacteroidales;f__Bacteroidaceae;g__Bacteroides;s__Bacteroides_thetaiotaomicron	-0.022874575698	0.00148281486308	-0.00969369572861	-0.0298741882669	-0.0453729742645	-0.0254989568217	0.0170789357353	-0.0313799595392	-0.017643100082	0.0557976978438	1.0	-0.0203984107545	-0.0331520318794	0.0255358034847	-0.0205561937688	0.0011530033127	-0.00911119165755	0.00737731470598	-0.058611765315	0.0128855108096	0.0139457174512	-0.00010468345333	0.0368935881753	-0.0651854450675	-0.0370629391878	0.0439826588818	-0.0440441773836	-0.0140060996279	0.00210415345051	-0.0999399662866	-0.0136451329231	-6.83107870567e-05	-0.0155418999867	0.0298482224175	-0.017682782558	0.00139297298837	-0.00973371291312	-0.0229339178923	0.0506234877436	-0.0142919966548	0.000933530253281	0.0149281283059	-0.032456871486	-0.0152834595731	-0.0032151578861	-0.00677873952217	-0.0397576024706	-0.00761612136734	-0.0613175095927	-0.0122186687626	-0.0487426325272	-0.0282000314202	-0.0169504279777	-0.0390492186426	-0.0481047170289	0.00540502678673	-0.00520102622176	0.0192635432596	0.00816949369591
k__Bacteria;p__Bacteroidetes;c__Bacteroidia;o__Bacteroidales;f__Bacteroidaceae;g__Bacteroides;s__Bacteroides_coprocola	-0.0282244792671	-0.00591123880833	0.0587347513036	0.0273975921835	0.0100106741336	0.0274597971187	0.00173377228938	-0.0202846716484	0.0290346265087	0.00390960855659	-0.0203984107545	1.0	-0.0112052873258	0.0198070401979	-0.0462309226312	0.0359326880801	0.00157756115156	0.00999024857423	-0.0448341762216	0.000475451880964	-0.0574279345134	0.0031935671992	-0.0644301425182	-0.038947392072	-0.00245817627643	-0.0142281270897	0.00988511093887	-0.0321812637289	-0.0183780401976	-0.00198488839563	0.0269080098806	-0.00450016814865	-0.00609502056628	-0.00447477229943	0.0121997194293	-0.0019365598483	-0.0378048576089	-0.0317874586438	-0.00741944738667	-0.0499393296468	0.0143820498804	-0.038521688737	0.00750661796793	-0.0129636320293	-0.00971867801737	-0.0162658128335	-0.00701041544406	0.00325530040952	-0.0439680684972	-0.0312207999213	0.010437783074	-0.0015150003158	-0.0222770877727	0.0287309705832	-0.0159376926544	0.011626513346	-0.00950941802608	0.0119143381957	-0.00705349299531
k__Bacteria;p__Bacteroidetes;c__Bacteroidia;o__Bacteroidales;f__Bacteroidaceae;g__Bacteroides;s__Bacteroides_cellulosilyticus	-0.00198534388584	-0.0117704943808	0.00174831273168	-0.0426423274872	0.0365045407062	-0.0605212305335	-0.0126842814947	0.0771076635275	-0.0503595319003	0.0605388071854	-0.0331520318794	-0.0112052873258	1.0	0.0307563518391	-0.0342404273293	-0.0455696085196	0.0137715691547	-0.0127512365363	0.00578143990718	-0.0282230703432	-0.0420681860308	0.0164216094867	-0.0403993968139	-0.0131995282011	0.0592404947989	-0.0224560126184	-0.0617634663166	-0.0118289263405	0.0287934024708	1.06816380251e-05	-0.00518795069924	-0.0209247789331	0.014365540141	0.0376658015455	-0.0130689944754	0.00366279017789	-0.0233202836879	0.029045461756	0.00697388090505	-0.00433221804662	-0.0564953987472	-0.0285207085167	0.013487669789	0.0455894073413	-0.0146659868466	0.0129168370253	-0.00643339614	0.0133479164262	-0.0115513159531	0.0351067922923	0.0148062349778	0.0244545280759	-0.0176700664643	0.00225562200385	-0.0150899709955	0.00100596294113	-0.0173188232023	-0.0451959706593	-0.00159469906987
k__Bacteria;p__Bacteroidetes;c__Bacteroidia;o__Bacteroidales;f__Rikenellaceae;g__Alistipes;s__Alistipes_obesi	-0.0307356336338	-0.0185456027757	0.00797120903948	-0.00464609658203	-0.00556614164645	-0.0352906722716	-0.0557371206752	0.0364566585816	-0.0469806289074	0.00897805297206	0.0255358034847	0.0198070401979	0.0307563518391	1.0	-0.0230548534109	0.0145198063972	-0.0188166902456	0.029540564407	-0.0398987522415	-0.014640407881	-0.00837732294331	0.0510673047213	-0.00605187821821	-0.0151520547504	-0.0424707370822	-0.0296410263391	-0.0275712922683	0.0412086134013	0.00192744003019	-0.0151244842897	-0.0424316095952	0.0060527103669	-0.0136355988142	0.0562629264978	-0.0213487743393	0.0174867055434	0.0194037340965	0.0146288429516	0.0179825063378	-0.0216173059714	-0.0296151583021	0.01266394032	-0.010246184654	-0.0450740042869	0.0572093426992	-0.0405964112806	-0.00742428700247	-0.0369311784634	-0.0134066555801	-0.0345344997094	-0.0266015772917	-0.0184022923226	0.0543125720297	-0.0451748288183	-0.0263835636419	0.0183806845695	0.0152594674742	0.0365873501056	-0.0113853659587
k__Bacteria;p__Firmicutes;c__Clostridia;o__Clostridiales;f__Lachnospiraceae;g__;s__[Eubacterium]_rectale	0.00999160474572	0.0229406976225	0.026651818613	-0.0412945542908	-0.00573936782429	-0.0298497115412	0.0555817925348	-0.0259408035711	0.00794784904456	0.0403946368232	-0.0205561937688	-0.0462309226312	-0.0342404273293	-0.0230548534109	1.0	-0.0295223435239	0.0267096912218	-0.0175124704857	-0.0353673693072	0.0136474708028	0.015939035619	0.00289464449345	0.0375372266321	0.0449334560146	0.0294821230299	-0.0376563708805	-0.073227558695	0.0267574251239	-0.0553432818797	-0.0857417096349	0.0537189381719	0.0189077344398	0.0271122932731	0.00218410209443	-0.00340258656585	0.0362045239278	-0.042575290448	0.00670385612115	-0.0295657318677	-0.024962921218	0.0115271196046	-0.0355882278873	0.00878856154211	0.000968446707641	0.00512211164875	-0.0487190714994	-0.000684004622243	-0.0444631980654	0.01514224629	-0.0471763674079	-0.0438331365098	0.0430645154912	0.0294599325066	-0.0280115682649	0.0347132272243	0.0151424496995	-0.0892472332956	-0.0151421344104	-0.0117341131633
k__Bacteria;p__Bacteroidetes;c__Bacteroidia;o__Bacteroidales;f__Bacteroidaceae;g__Bacteroides;s__Bacteroides_plebeius	0.0124685796644	-0.00193871813105	0.0439998822811	-0.0268201773893	0.0643804661516	0.0208190402682	-0.106937028659	-0.00877213598745	-0.0207975324784	-0.092480157105	0.0011530033127	0.0359326880801	-0.0455696085196	0.0145198063972	-0.0295223435239	1.0	-0.00851485578407	0.0238767143381	0.0287349153098	-0.0198080492481	0.0225102265363	-0.00702042706789	0.0639998477567	-0.0288147873728	0.0349898353863	0.031850128299	-0.00256678501522	-0.0254979362503	0.06013507792	-0.034981803945	-0.0376522059326	-0.0632890262207	-0.0144077246758	0.0188895686756	-0.00375529232543	-0.053626998833	-0.0286577468595	-0.00160680119882	-0.0213891980288	-0.0470870717706	-0.0173116121495	-0.0848440542391	-0.0187787494858	-0.00975512145472	-0.051801601115	0.014606422316	-0.032248820065	0.00848116178824	-0.0821599988459	0.00780349386922	0.0490893985463	-0.06869348787	0.0484002635842	-0.00347054095636	-0.0136637067477	-0.0464994333615	-0.00619338385926	-0.0126628628335	0.0574759920041
k__Bacteria;p__Bacteroidetes;c__Bacteroidia;o__Bacteroidales;f__Bacteroidaceae;g__Bacteroides;s__Bacteroides_fragilis	0.0176058669521	0.0186785900086	-0.03967012864	0.0292933338268	-0.00968799224482	0.0231001492314	-0.00853561935689	-0.000258611136174	-0.0636784417778	0.072375000807	-0.00911119165755	0.00157756115156	0.0137715691547	-0.0188166902456	0.0267096912218	-0.00851485578407	1.0	0.0090587718071	-0.0299719697832	-0.0402856747275	-0.0326521372255	0.0158263028222	0.00525746172853	0.0640442565883	-0.0624532858088	0.0100215370581	-0.0288933655897	0.0449529590295	-0.0356406496882	-0.0405452758421	0.00255981072634	-0.0106096727323	-0.0378121135331	-0.0344820693659	-0.0702218659285	0.00906779639055	0.0128571668291	0.00775144229495	-0.0166514254263	0.0174590136357	-0.015960224965	-0.0292724761403	-0.00219788149024	0.0212717296268	-0.0634728797861	0.0450155063367	-0.00532580643941	-0.0578853308759	0.0725132005951	0.0380682299708	-0.0143032461226	-0.0207314928714	-0.0213137273327	0.056221632714	0.00190270116705	-0.0415798187482	0.00118338277167	-0.000452059859273	0.0106558857809
k__Bacteria;p__Proteobacteria;c__Betaproteobacteria;o__Burkholderiales;f__Sutterellaceae;g__Sutterella;s__Sutterella_wadsworthensis	-0.031472450961	-0.00873933044875	0.00311186946761	-0.0799812672264	0.0137534056743	0.0095048015496	0.00926088853417	0.00544041939562	0.0225590481681	0.0212522987498	0.00737731470598	0.00999024857423	-0.0127512365363	0.029540564407	-0.0175124704857	0.0238767143381	0.0090587718071	1.0	-0.0035014550722	0.0119938539596	0.0626023042373	-0.0252023658746	-0.0581026336982	-0.0663855320241	0.0249461602415	0.0119431500424	-0.0633963158272	-0.00760911602907	-0.0279966770258	0.0514974180793	-0.0240258971811	-0.0364467438678	0.0155072556009	0.00124721800847	-0.0443299499435	-0.0239973093186	-0.0540287092331	-0.0293180639311	-0.0108158709691	0.0303785621173	0.0291466261003	0.0209465558506	-0.0177006745884	-0.0275497115546	-0.00617701768024	0.0201259547114	-0.0574017031052	-0.000661990084067	-0.0685326571773	0.0130067490785	-0.0217891479348	0.0114058100324	-0.057875872387	-0.0103128384456	0.0129037544398	-0.0379400809442	-0.0806171388774	0.00657111020846	0.0503164372681
k__Bacteria;p__Bacteroidetes;c__Bacteroidia;o__Bacteroidales;f__Porphyromonadaceae;g__Barnesiella;s__Barnesiella_intestinihominis	-0.0294448983941	0.0296073432205	-0.0209525057204	-0.0654320373922	0.014421451436	0.00174285483723	-0.0105795559141	-0.0240686464898	0.0495688998575	0.000314548613446	-0.058611765315	-0.0448341762216	0.00578143990718	-0.0398987522415	-0.0353673693072	0.0287349153098	-0.0299719697832	-0.0035014550722	1.0	0.00333918362631	-0.0275523172557	-0.00919516543289	0.012383714414	-0.0202207458858	0.00866504879076	-0.0192051244439	-0.0270132693023	0.0407341140704	0.0233211872866	0.023675315173	-0.0667483323352	-0.0409538884524	0.014909679928	-0.0197125729653	0.0271649782776	0.0467410494036	-0.00217146140148	-0.0235295459774	-0.0324659438985	0.0790064247949	-0.0210944367435	0.0114282206971	-0.00696086819607	0.0343858413634	-0.00176250876414	-0.00587900882186	-0.0890678321812	-0.00765614393998	-0.0514469326164	-0.00533639687678	-0.0041111276351	0.0130204717028	-0.0540335246985	0.0125087517859	-0.0572023266759	-0.0184986656777	-0.0102970012925	0.0108540998555	0.00105433942307
k__Bacteria;p__Bacteroidetes;c__Bacteroidia;o__Bacteroidales;f__Odoribacteraceae;g__Odoribacter;s__Odoribacter_splanchnicus	0.0607050881328	-0.0596272944542	-0.00522281912989	0.00233188479441	-0.0652269302831	0.0245086184059	-0.0483799440648	0.0100493497781	-0.0536469026105	-0.046423623202	0.0128855108096	0.000475451880964	-0.0282230703432	-0.014640407881	0.0136474708028	-0.0198080492481	-0.0402856747275	0.0119938539596	0.00333918362631	1.0	0.0273173457142	-0.0485766498211	-0.0363268469967	-0.0202761507374	0.0488332893752	-0.0112262109417	-0.0300777683269	0.0373330124808	0.0380559575107	-0.0228790542762	-0.0503796153643	-0.0177185737765	-0.0238570657252	-0.0384167228693	-0.00522987760524	-0.00264722410706	0.0316925312782	-0.00872170334217	-0.014825830927	-0.0401161971368	0.0339325428424	-0.00691432112606	0.00185357471042	-0.0137266444543	-0.0433998152038	0.0319697000352	-0.0521215696693	-0.00286880258008	0.0102361335005	0.0334057611181	0.0285882941893	-0.017543700336	-0.00257904874204	0.0158584012094	0.0469731420553	0.0301347420832	-0.000988278187682	0.041559344294	-0.0173213769178
k__Bacteria;p__Bacteroidetes;c__Bacteroidia;o__Bacteroidales;f__Bacteroidaceae;g__Bacteroides;s__Bacteroides_salyersiae	-0.0612681824514	-0.0020937375706	0.0175609544307	-0.00512946765273	0.00753114916868	0.0258650584258	-0.0289249608171	0.0405890902758	0.00888019774281	0.035565427164	0.0139457174512	-0.0574279345134	-0.0420681860308	-0.00837732294331	0.015939035619	0.0225102265363	-0.0326521372255	0.0626023042373	-0.0275523172557	0.0273173457142	1.0	-0.048668519757	-0.00082553584912	-0.0157512459759	-0.00207154453464	-0.102858726313	-0.0255093715777	-0.038581883311	-0.0388158888537	0.0308228109306	0.0381024783024	0.0694903472111	0.0214217937961	-0.0452034007423	0.0422831022242	-0.000805860172998	-0.0319618540386	-0.0400859248145	-0.0800612987693	0.055184587085	-0.0081307236924	-0.026656823716	0.00999121999339	-0.0120712503701	0.017002051164	0.0203073072792	-0.0302005018631	-0.0321111889193	-0.0150254273777	-0.01409473802	-0.0392800372922	0.00712873694016	0.0115059715189	-0.0704354969384	-0.0819384012509	-0.00287769224786	-0.00922363576937	0.0176185278492	0.00061158285288
k__Bacteria;p__Firmicutes;c__Clostridia;o__Clostridiales;f__Ruminococcaceae;g__Ruminiclostridium;s__[Eubacterium]_siraeum	-0.0568688552668	0.0148322395581	-0.0202712975065	0.0112980526203	0.00263345705747	0.0224673349919	-0.0149061002966	-0.0470557892681	-0.0692870996755	0.000547676429324	-0.00010468345333	0.0031935671992	0.0164216094867	0.0510673047213	0.00289464449345	-0.00702042706789	0.0158263028222	-0.0252023658746	-0.00919516543289	-0.0485766498211	-0.048668519757	1.0	0.0436786875017	0.0773002587811	-0.0159704528491	-0.0182302071289	-0.0579216984413	-0.0477685541869	-0.0347236267433	-0.0207724945371	0.0261927875379	0.00364609554419	-0.00588806484625	0.0468176705819	0.00862004389047	-0.00921894194319	-0.0566465185974	-0.0363151192364	0.0115153466088	0.0168751915053	0.0450174060128	0.0414269858637	0.0445270375534	-0.0629122106801	0.0158860632043	0.0351853183139	-0.0238106290785	-0.0353058826815	-0.0165591078474	-0.0418674911102	-0.0310628338049	-0.016297200578	-0.0361977041428	-0.00636306125098	-0.0895928048141	-0.00852959774036	0.0438347797732	0.0513887846799	0.0120217731395
k__Bacteria;p__Proteobacteria;c__Betaproteobacteria;o__Burkholderiales;f__Sutterellaceae;g__Parasutterella;s__Parasutterella_excrementihominis	0.0382478207045	-0.0562704143291	-0.00784585380429	-0.0210330920157	0.0295315407434	-0.0964890501103	0.0348160214782	0.0645590998984	0.0365494018166	-0.013020181192	0.0368935881753	-0.0644301425182	-0.0403993968139	-0.00605187821821	0.0375372266321	0.0639998477567	0.00525746172853	-0.0581026336982	0.012383714414	-0.0363268469967	-0.00082553584912	0.0436786875017	1.0	-0.0468615832135	0.0671093102124	-0.0311753126228	-0.0206401899871	-0.0533802558181	0.0262550805987	0.00446678917503	-0.0302684199756	-0.0353753979882	-0.014455410724	-0.036312702307	-0.042143777193	-0.0551222414699	0.013887672159	-0.0269093576599	0.046695619179	0.027053380942	-0.0428012629142	-0.00939052851984	-0.00315792280756	0.00756328598669	0.0139617409305	-0.0530135623762	0.0558894391624	-0.00695529144406	0.0630576239469	-0.0363482719818	-0.105167790177	-0.0374681024762	-0.039534728823	0.0502542324876	0.0224146637239	-0.00135997140774	-0.0188376666114	-0.00497143411766	-0.0101740618725
k__Bacteria;p__Actinobacteria;c__Actinobacteria;o__Bifidobacteriales;f__Bifidobacteriaceae;g__Bifidobacterium;s__Bifidobacterium_adolescentis	-0.0119809673363	0.0236626208991	-0.0324076121998	-0.0364841804588	-0.0320727591623	-0.0336922089733	-0.0315826942161	-0.0169381653664	0.00603638429278	0.0197922468042	-0.0651854450675	-0.038947392072	-0.0131995282011	-0.0151520547504	0.0449334560146	-0.0288147873728	0.0640442565883	-0.0663855320241	-0.0202207458858	-0.0202761507374	-0.0157512459759	0.0773002587811	-0.0468615832135	1.0	0.0395396127125	0.0332031126494	-0.0697940370432	0.0650891891157	-0.00585429542975	-0.0530596114486	0.0457843099429	-0.0398743946821	0.0395512264899	-0.0386554957579	-0.0375193441148	-0.0237472294692	0.0644276064227	-0.0323460568203	0.035599717298	-0.0281000190901	-0.0104550147851	-0.0017025847258	-0.0037404050706	0.058422793237	-0.0351832350564	-0.00999913269482	0.000452253000475	-0.0290993225562	-0.0127578827228	-0.0487938845466	0.0240840005853	-0.00631034835678	0.0215286055513	-0.00917531618852	-0.0182746588716	-0.0427671577688	-0.0168063534634	0.0130124707554	-0.0140324632385
k__Bacteria;p__Firmicutes;c__Clostridia;o__Clostridiales;f__Oscillospiraceae;g__Oscillibacter;s__Oscillibacter_sp._KLE_1745	0.0018069317197	0.00115437600602	0.0477352848321	0.00481031493901	-0.0535564774289	-0.0330156243948	-0.0162090266876	-0.00969804109032	-0.0300807232005	-0.0588487453305	-0.0370629391878	-0.00245817627643	0.0592404947989	-0.0424707370822	0.0294821230299	0.0349898353863	-0.0624532858088	0.0249461602415	0.00866504879076	0.0488332893752	-0.00207154453464	-0.0159704528491	0.0671093102124	0.0395396127125	1.0	-0.054088152495	0.00272058612202	-0.0220817213084	-0.0469318873204	0.0307407966845	-0.00267669568807	-0.045840265169	0.0608717603086	-0.0151378765226	0.00565558638738	0.0258412580642	0.0143332036876	0.00634844431525	0.0369925096838	-0.037255224673	-0.0142240164564	0.0593152144115	0.0203014959307	0.00962706735041	-0.0109768373999	0.0262085760697	0.0279955254071	-0.0300251316279	0.00180502146046	-0.00298588673872	0.0361128369155	-0.0580758898159	-0.0693948418988	-0.0114943749689	0.0181670786598	-0.0519703184965	-0.0265290608138	-0.0267782218539	0.000322132425411
k__Bacteria;p__Bacteroidetes;c__Bacteroidia;o__Bacteroidales;f__Bacteroidaceae;g__Bacteroides;s__Bacteroides_coprophilus	-0.0557702644955	-0.00772760439816	-0.00750818959041	0.0132043181393	-0.0436172006465	0.000126213304822	0.0470669795317	0.041400721079	0.0352062741202	-0.0541479811575	0.0439826588818	-0.0142281270897	-0.0224560126184	-0.0296410263391	-0.0376563708805	0.031850128299	0.0100215370581	0.0119431500424	-0.0192051244439	-0.0112262109417	-0.102858726313	-0.0182302071289	-0.0311753126228	0.0332031126494	-0.054088152495	1.0	0.0206568918897	-0.00411568909279	0.0420418905942	0.0184292324647	0.00654214079316	-0.0441943672074	-0.0572498932023	0.0705666849944	0.0229668830199	0.0639506892132	0.0157162687296	-0.0762844650178	-0.0309671650214	0.00348253531827	-0.0318298549544	0.0457707452561	-0.0232565489579	-0.0474361702843	0.0696170653248	-0.0155690606608	-0.00115175966974	0.00696174158113	0.0412239771828	0.0159916662295	0.113825119817	-0.0283104808993	-0.0298194903156	-0.0449242089792	-0.0268811959671	0.0441573643984	-0.032581051052	0.0327248649064	0.0196011009916
k__Bacteria;p__Firmicutes;c__Clostridia;o__Clostridiales;f__Lachnospiraceae;g__Roseburia;s__Roseburia_intestinalis	-0.0501019474497	-0.0393317003974	-0.0771970450574	0.00309641016193	0.0645070850139	0.00335825027394	0.0505352430721	0.0127749784643	-0.00660190916436	-0.0584428600862	-0.0440441773836	0.00988511093887	-0.0617634663166	-0.0275712922683	-0.073227558695	-0.00256678501522	-0.0288933655897	-0.0633963158272	-0.0270132693023	-0.0300777683269	-0.0255093715777	-0.0579216984413	-0.0206401899871	-0.0697940370432	0.00272058612202	0.0206568918897	1.0	0.0163433475508	0.0369660946105	0.0479287876655	0.0388198465731	-0.00289910240632	-0.0103853108232	-0.0930371474038	-0.107970973164	-0.000417805903026	-0.0414900586736	0.00869444230458	-0.060393377401	-0.00336139708357	0.0265263686986	-0.0419801819207	-0.0172741765879	0.0540170641446	0.0500097193928	-0.0111510335631	0.0310753315331	-0.0307434683496	-0.0364671783493	-0.0679787768688	0.00265433201973	0.0322196729756	0.0814095591492	-0.0358509576678	0.0022458456911	-0.0204533396671	0.0258187831789	-0.0689687124489	-0.0514912244507
k__Bacteria;p__Firmicutes;c__Clostridia;o__Clostridiales;f__Lachnospiraceae;g__Roseburia;s__Roseburia_hominis	0.0293423774674	0.00555203667032	0.0146175709941	-0.000997601236842	-0.0285858839832	0.00825105327595	-0.033626272687	-0.0266776777512	0.0711993298466	-0.0332761653471	-0.0140060996279	-0.0321812637289	-0.0118289263405	0.0412086134013	0.0267574251239	-0.0254979362503	0.0449529590295	-0.00760911602907	0.0407341140704	0.0373330124808	-0.038581883311	-0.0477685541869	-0.0533802558181	0.0650891891157	-0.0220817213084	-0.00411568909279	0.0163433475508	1.0	0.0161416085709	-0.02634004054	0.0080610244125	-0.0360114342826	-0.0491785419105	-0.0414400712398	-0.0376046371719	-0.0513341435649	0.00215913302528	-0.0362363600178	-0.0520048408434	-0.0152445752008	-0.0107431172524	0.0315145183482	-0.0628226269905	0.028944467849	-0.00967158677722	-0.0219686582959	-0.00875330973913	-0.0745132645624	-0.0297098635807	-0.107766013945	-0.0619867150663	0.0290961853728	-0.0197617212318	0.0880489285222	0.032248727005	0.00751163557175	0.00600840414016	-0.00375103775671	0.0589295847601
k__Bacteria;p__Bacteroidetes;c__Bacteroidia;o__Bacteroidales;f__Porphyromonadaceae;g__Parabacteroides;s__Parabacteroides_johnsonii	0.0274670852757	-0.0120154603927	-0.0210769788188	0.01081004266	-0.00214689437532	0.00219568978124	0.0205285781121	0.00799329393079	-0.0265597166629	-0.0534725747529	0.00210415345051	-0.0183780401976	0.0287934024708	0.00192744003019	-0.0553432818797	0.06013507792	-0.0356406496882	-0.0279966770258	0.0233211872866	0.0380559575107	-0.0388158888537	-0.0347236267433	0.0262550805987	-0.00585429542975	-0.0469318873204	0.0420418905942	0.0369660946105	0.0161416085709	1.0	-0.0133716696471	-0.0448996326006	-0.00997625430335	-0.0255668719535	-0.0314063677118	0.010649659944	-0.00552646963855	-0.0355695118638	0.0300555567384	0.0139265209896	-0.06844616876	0.0230160068093	-0.0194418156576	-0.0530845573757	0.0591952251454	0.048417904998	-0.0370334564289	-0.00537845567938	0.0225853076687	-0.0286336768158	-0.0348074492437	0.0225731034114	-0.00473573063167	-0.0160382540854	0.00678243904289	0.0433267492246	-0.00654961113715	-0.0350449313862	-0.0155788019891	-0.0297173188483
k__Bacteria;p__Actinobacteria;c__Actinobacteria;o__Bifidobacteriales;f__Bifidobacteriaceae;g__Bifidobacterium;s__Bifidobacterium_longum	-0.0410925984254	0.0397003668968	0.0363748059373	0.00475488352205	-0.0595492882661	-0.00891820751851	-0.0119184311093	0.0172149388947	0.0695197231449	-0.0514399925418	-0.0999399662866	-0.00198488839563	1.06816380251e-05	-0.0151244842897	-0.0857417096349	-0.034981803945	-0.0405452758421	0.0514974180793	0.023675315173	-0.0228790542762	0.0308228109306	-0.0207724945371	0.00446678917503	-0.0530596114486	0.0307407966845	0.0184292324647	0.0479287876655	-0.02634004054	-0.0133716696471	1.0	0.0633860471005	0.0387244039743	-0.0453840455577	0.00567343675372	0.0278561381075	-0.00331396105181	0.014359756751	-0.00515950005114	-0.0266079357956	-0.0140473817897	-0.0896337039673	0.0314083482988	0.0675082975511	-0.0136523529327	0.0215298687774	0.0638680425657	2.22467206573e-05	0.0244366429202	-0.0435731955741	-0.0124832246939	-0.0346987812982	0.0256802125878	-0.0197347985931	0.021688100736	-0.0313114610872	0.0141079684903	-0.0138870642546	0.0304867449226	-0.0642722273105
