#taxonomy	k__Bacteria;p__Bacteroidetes;c__Bacteroidia;o__Bacteroidales;f__Bacteroidaceae;g__Bacteroides;s__Bacteroides_vulgatus	k__Bacteria;p__Bacteroidetes;c__Bacteroidia;o__Bacteroidales;f__Bacteroidaceae;g__Bacteroides;s__Bacteroides_uniformis	k__Bacteria;p__Bacteroidetes;c__Bacteroidia;o__Bacteroidales;f__Rikenellaceae;g__Alistipes;s__Alistipes_putredinis	k__Bacteria;p__Bacteroidetes;c__Bacteroidia;o__Bacteroidales;f__Prevotellaceae;g__Prevotella;s__Prevotella_copri	k__Bacteria;p__Bacteroidetes;c__Bacteroidia;o__Bacteroidales;f__Bacteroidaceae;g__Bacteroides;s__Bacteroides_stercoris	k__Bacteria;p__Bacteroidetes;c__Bacteroidia;o__Bacteroidales;f__Bacteroidaceae;g__Bacteroides;s__Bacteroides_ovatus	k__Bacteria;p__Bacteroidetes;c__Bacteroidia;o__Bacteroidales;f__Rikenellaceae;g__Alistipes;s__Alistipes_shahii	k__Bacteria;p__Firmicutes;c__Clostridia;o__Clostridiales;f__Ruminococcaceae;g__Faecalibacterium;s__Faecalibacterium_prausnitzii	k__Bacteria;p__Bacteroidetes;c__Bacteroidia;o__Bacteroidales;f__Rikenellaceae;g__Alistipes;s__Alistipes_finegoldii	k__Bacteria;p__Bacteroidetes;c__Bacteroidia;o__Bacteroidales;f__Porphyromonadaceae;g__Parabacteroides;s__Parabacteroides_distasonis	k__Bacteria;p__Bacteroidetes;c__Bacteroidia;o__Bacteroidales;f__Bacteroidaceae;g__Bacteroides;s__Bacteroides_thetaiotaomicron	k__Bacteria;p__Bacteroidetes;c__Bacteroidia;o__Bacteroidales;f__Bacteroidaceae;g__Bacteroides;s__Bacteroides_coprocola	k__Bacteria;p__Bacteroidetes;c__Bacteroidia;o__Bacteroidales;f__Bacteroidaceae;g__Bacteroides;s__Bacteroides_cellulosilyticus	k__Bacteria;p__Bacteroidetes;c__Bacteroidia;o__Bacteroidales;f__Rikenellaceae;g__Alistipes;s__Alistipes_obesi	k__Bacteria;p__Firmicutes;c__Clostridia;o__Clostridiales;f__Lachnospiraceae;g__;s__[Eubacterium]_rectale	k__Bacteria;p__Bacteroidetes;c__Bacteroidia;o__Bacteroidales;f__Bacteroidaceae;g__Bacteroides;s__Bacteroides_plebeius	k__Bacteria;p__Bacteroidetes;c__Bacteroidia;o__Bacteroidales;f__Bacteroidaceae;g__Bacteroides;s__Bacteroides_fragilis	k__Bacteria;p__Proteobacteria;c__Betaproteobacteria;o__Burkholderiales;f__Sutterellaceae;g__Sutterella;s__Sutterella_wadsworthensis	k__Bacteria;p__Bacteroidetes;c__Bacteroidia;o__Bacteroidales;f__Porphyromonadaceae;g__Barnesiella;s__Barnesiella_intestinihominis	k__Bacteria;p__Bacteroidetes;c__Bacteroidia;o__Bacteroidales;f__Odoribacteraceae;g__Odoribacter;s__Odoribacter_splanchnicus	k__Bacteria;p__Bacteroidetes;c__Bacteroidia;o__Bacteroidales;f__Bacteroidaceae;g__Bacteroides;s__Bacteroides_salyersiae	k__Bacteria;p__Firmicutes;c__Clostridia;o__Clostridiales;f__Ruminococcaceae;g__Ruminiclostridium;s__[Eubacterium]_siraeum	k__Bacteria;p__Proteobacteria;c__Betaproteobacteria;o__Burkholderiales;f__Sutterellaceae;g__Parasutterella;s__Parasutterella_excrementihominis	k__Bacteria;p__Actinobacteria;c__Actinobacteria;o__Bifidobacteriales;f__Bifidobacteriaceae;g__Bifidobacterium;s__Bifidobacterium_adolescentis	k__Bacteria;p__Firmicutes;c__Clostridia;o__Clostridiales;f__Oscillospiraceae;g__Oscillibacter;s__Oscillibacter_sp._KLE_1745	k__Bacteria;p__Bacteroidetes;c__Bacteroidia;o__Bacteroidales;f__Bacteroidaceae;g__Bacteroides;s__Bacteroides_coprophilus	k__Bacteria;p__Firmicutes;c__Clostridia;o__Clostridiales;f__Lachnospiraceae;g__Roseburia;s__Roseburia_intestinalis	k__Bacteria;p__Firmicutes;c__Clostridia;o__Clostridiales;f__Lachnospiraceae;g__Roseburia;s__Roseburia_hominis	k__Bacteria;p__Bacteroidetes;c__Bacteroidia;o__Bacteroidales;f__Porphyromonadaceae;g__Parabacteroides;s__Parabacteroides_johnsonii	k__Bacteria;p__Actinobacteria;c__Actinobacteria;o__Bifidobacteriales;f__Bifidobacteriaceae;g__Bifidobacterium;s__Bifidobacterium_longum	k__Bacteria;p__Firmicutes;c__Clostridia;o__Clostridiales;f__;g__Flavonifractor;s__Flavonifractor_plautii	k__Bacteria;p__Firmicutes;c__Clostridia;o__Clostridiales;f__Clostridiaceae;g__Clostridium;s__Clostridium_phoceensis	k__Bacteria;p__Verrucomicrobia;c__Verrucomicrobiae;o__Verrucomicrobiales;f__Akkermansiaceae;g__Akkermansia;s__Akkermansia_muciniphila	k__Bacteria;p__Bacteroidetes;c__Bacteroidia;o__Bacteroidales;f__Prevotellaceae;g__Paraprevotella;s__Paraprevotella_xylaniphila	k__Bacteria;p__Firmicutes;c__Clostridia;o__Clostridiales;f__Ruminococcaceae;g__Ruminococcus;s__Ruminococcus_callidus	k__Bacteria;p__Bacteroidetes;c__Bacteroidia;o__Bacteroidales;f__Rikenellaceae;g__Alistipes;s__Alistipes_senegalensis	k__Bacteria;p__Firmicutes;c__Clostridia;o__Clostridiales;f__Lachnospiraceae;g__Blautia;s__Blautia_sp._KLE_1732	k__Bacteria;p__Bacteroidetes;c__Bacteroidia;o__Bacteroidales;f__Bacteroidaceae;g__Bacteroides;s__Bacteroides_oleiciplenus	k__Bacteria;p__Firmicutes;c__Clostridia;o__Clostridiales;f__Ruminococcaceae;g__Ruminococcus;s__Ruminococcus_bicirculans	k__Bacteria;p__Bacteroidetes;c__Bacteroidia;o__Bacteroidales;f__Bacteroidaceae;g__Bacteroides;s__Bacteroides_fluxus	k__Bacteria;p__Bacteroidetes;c__Bacteroidia;o__Bacteroidales;f__Prevotellaceae;g__Prevotella;s__Prevotella_stercorea	k__Bacteria;p__Firmicutes;c__Clostridia;o__Clostridiales;f__Lachnospiraceae;g__Dorea;s__Dorea_longicatena	k__Bacteria;p__Firmicutes;c__Clostridia;o__Clostridiales;f__Eubacteriaceae;g__Eubacterium;s__[Eubacterium]_eligens	k__Bacteria;p__Firmicutes;c__Clostridia;o__Clostridiales;f__Ruminococcaceae;g__;s__Ruminococcaceae_bacterium_D16	k__Bacteria;p__Firmicutes;c__Clostridia;o__Clostridiales;f__Lachnospiraceae;g__Coprococcus;s__Coprococcus_comes	k__Bacteria;p__Proteobacteria;c__Gammaproteobacteria;o__Enterobacterales;f__Enterobacteriaceae;g__Escherichia;s__Escherichia_coli	k__Bacteria;p__Firmicutes;c__Clostridia;o__Clostridiales;f__Ruminococcaceae;g__Anaerotruncus;s__Anaerotruncus_colihominis	k__Bacteria;p__Firmicutes;c__Clostridia;o__Clostridiales;f__Lachnospiraceae;g__Blautia;s__Blautia_obeum	k__Bacteria;p__Bacteroidetes;c__Bacteroidia;o__Bacteroidales;f__Odoribacteraceae;g__Odoribacter;s__Odoribacter_laneus	k__Bacteria;p__Firmicutes;c__Clostridia;o__Clostridiales;f__Ruminococcaceae;g__Ruminiclostridium;s__[Clostridium]_leptum	k__Bacteria;p__Bacteroidetes;c__Bacteroidia;o__Bacteroidales;f__Porphyromonadaceae;g__Parabacteroides;s__Parabacteroides_goldsteinii	k__Bacteria;p__Firmicutes;c__Clostridia;o__Clostridiales;f__Lachnospiraceae;g__Anaerostipes;s__Anaerostipes_hadrus	k__Bacteria;p__Firmicutes;c__Clostridia;o__Clostridiales;f__Ruminococcaceae;g__Ruminococcus;s__Ruminococcus_lactaris	k__Bacteria;p__Firmicutes;c__Clostridia;o__Clostridiales;f__Clostridiaceae;g__Clostridium;s__Clostridium_sp._L2-50	k__Bacteria;p__Firmicutes;c__Clostridia;o__Clostridiales;f__Clostridiaceae;g__Clostridium;s__Clostridium_sp._M62/1	k__Bacteria;p__Firmicutes;c__Clostridia;o__Clostridiales;f__;g__Intestinimonas;s__Intestinimonas_butyriciproducens	k__Bacteria;p__Actinobacteria;c__Actinobacteria;o__Bifidobacteriales;f__Bifidobacteriaceae;g__Bifidobacterium;s__Bifidobacterium_bifidum	k__Bacteria;p__Firmicutes;c__Negativicutes;o__Veillonellales;f__Veillonellaceae;g__Dialister;s__Dialister_invisus	k__Bacteria;p__Bacteroidetes;c__Bacteroidia;o__Bacteroidales;f__Bacteroidaceae;g__Bacteroides;s__Bacteroides_salanitronis
k__Bacteria;p__Bacteroidetes;c__Bacteroidia;o__Bacteroidales;f__Bacteroidaceae;g__Bacteroides;s__Bacteroides_vulgatus	1.0	0.0388271993101	-0.00259525541912	0.008578680695	0.0121561671637	-0.00677337587454	0.0168337084039	0.0365069621793	-0.0704851459398	-0.0211248769404	-0.0256700534479	-0.00737491964881	-0.0162880381717	0.00333166569341	-0.021443669847	0.0430287339876	0.00884578522401	0.00726045486126	-0.0244484519822	0.0166582067259	0.0111448340835	-0.0093808898511	-0.0579039074087	0.00661120307115	0.0184824398816	0.00421393577417	0.011673213983	0.0129672364517	-0.0486851305406	0.0107051222704	0.0109435547556	0.0409143362195	-0.00957342514607	-0.00245603034103	-0.0483305576125	0.0366967430355	0.0169089336254	0.000978796164749	-0.0151741849991	0.0277365493711	0.0306695437051	0.00619596877916	-0.0331484107667	-0.0221189323878	0.0164825382758	0.0135525358197	0.0117025371389	0.00715435280887	-0.00863181560711	-0.029274095138	-0.0272919993308	-0.0407432021683	-0.00179310122832	-0.00981496995898	0.00291640367653	-0.000904681637229	-0.0476534945611	-0.0376749481028	-0.0262993407619
k__Bacteria;p__Bacteroidetes;c__Bacteroidia;o__Bacteroidales;f__Bacteroidaceae;g__Bacteroides;s__Bacteroides_uniformis	0.0388271993101	1.0	0.0397691458576	0.000734692056842	-0.0700544516645	-0.0961860858568	0.0459896356616	-0.0170024608333	0.0142503600372	-0.0726041970522	-0.000671497089366	-0.00339089910161	0.00158300476042	-0.0686971300923	-0.0112383517059	-0.0410859654026	0.0027637924243	0.0153129486369	-0.00875106006214	0.0260760915384	-0.0362154074498	0.0413061679407	0.00698984831833	-0.00304259799522	0.021247698258	-0.0175090834637	-0.0461189752683	-0.0395333976643	0.0151563826944	-0.0336543900293	0.00769209460943	-0.0105237151944	-0.0122578097534	-0.00265280179429	0.0227548349693	0.0280889645446	-0.0380048166986	0.00537711911672	0.00585144957579	-0.043353508927	0.0644189670199	-0.0061838129066	0.0224399228098	0.0137249748385	0.0366310790397	-0.0225407314636	-0.0398309357586	0.00224273553491	-0.0677015295708	-0.0200350485799	0.00784559528251	-0.0518077127652	-0.000512419648255	-0.0435187211193	0.0091309785522	0.0131626638533	-0.00341493274146	-0.0703699115496	0.00306268292843
k__Bacteria;p__Bacteroidetes;c__Bacteroidia;o__Bacteroidales;f__Rikenellaceae;g__Alistipes;s__Alistipes_putredinis	-0.00259525541912	0.0397691458576	1.0	-0.000211912942749	-0.0110293653217	0.0448268366428	-0.00894177636711	-0.0226778491947	-0.0547066975471	0.0369111325861	0.0188116988772	-0.0142099317043	0.0532229777085	-0.0198655823913	-0.0309327253553	0.00433885458318	-0.0161576622046	-0.0191093050651	-0.0239938681391	-0.0441197486469	0.0559411512878	0.0583234989468	0.0436921235177	0.0346394207973	-0.0167599186015	-0.0105405698667	-0.0753173177756	0.0189080178964	-0.0244983529516	0.0235505721418	-0.0282439182453	0.00552625191501	-0.0457064741743	-0.0257988424973	-0.0673375729584	-0.00731550598307	-0.010424846812	0.00119993487986	-0.0216224786856	0.028736650514	-0.0309150692567	0.0117072194557	0.015194888767	-0.0206261712187	0.0540813121475	-0.0268249274077	-0.000941842619973	-0.00249483353769	-0.0103686773246	-0.0213196481662	0.077345843386	-0.0193101974526	-0.0350720877715	-0.0128082874799	-0.0208984495385	-0.00272765055936	-0.0471179621323	0.00713666143306	-0.0666620910173
k__Bacteria;p__Bacteroidetes;c__Bacteroidia;o__Bacteroidales;f__Prevotellaceae;g__Prevotella;s__Prevotella_copri	0.008578680695	0.000734692056842	-0.000211912942749	1.0	-0.00671941193002	-0.022622060355	0.0324425306193	-0.00906358295941	0.0136998958633	-0.0263238445772	-0.0321324162934	-0.0329034827118	-0.0298180067256	0.00844130397484	-0.068381724036	-0.0333859823093	0.0395145336083	-0.0438942002537	0.00249185998379	-0.0152715793057	0.00748254222709	-0.035332901653	0.014292822922	0.0422544664768	0.0137251235137	-0.000621879070811	0.0338115874687	-0.073096881811	0.0129693077459	-0.0292472697137	0.0278935856152	0.0271430650399	-0.0228212738977	0.0202964671882	0.0190796029897	-0.0245935654258	-0.0105432428997	-0.0372457634117	-0.00653096293546	-0.0355844583867	0.0029588257014	0.00898785245107	-0.00708668850313	0.0158908100695	0.0211668338902	-0.00331978850213	0.0354619634152	-0.102365948041	-0.0338192987256	-0.00144353723693	-0.0506030118245	0.0227957656136	0.0160509313805	0.0125805079325	-0.0359456130284	0.0678269420966	0.0152729123077	-0.0041867069139	0.00204359291335
k__Bacteria;p__Bacteroidetes;c__Bacteroidia;o__Bacteroidales;f__Bacteroidaceae;g__Bacteroides;s__Bacteroides_stercoris	0.0121561671637	-0.0700544516645	-0.0110293653217	-0.00671941193002	1.0	-0.04594124813	-0.00459308466178	-0.0700816464603	-0.0549465172029	-0.0411974012208	-0.0381845772667	-0.0274832711698	-0.0152931513041	-0.0597906822148	-0.0426770414024	0.016414887391	-0.0732660059595	0.00952215813701	-0.0173662737107	-0.0447822588286	-0.0178953348005	-0.0263541023208	-0.0515266774191	0.0077679510976	0.0669599635704	0.040060514717	0.00510639394735	0.0104135522131	-0.0248653652579	-0.0653167437401	-0.0900556529978	0.0154151911588	0.000192727937456	-0.0235691635659	0.00719976871997	-0.0136799423402	-0.0182643934943	-0.0255664323699	0.0255488893193	-0.0259510237217	0.0433964114781	-0.0211854233295	-0.0815361689829	-0.00552152926115	0.0278029094512	0.0219383600896	-0.0136053682571	0.0258444707026	-0.0144781381958	-0.0087866271189	-0.0389975570338	-0.02854596688	-0.00383027288237	0.0293948736939	0.0267185807767	-0.00484828778896	0.0543794774177	-0.00403882777565	0.0159218330995
k__Bacteria;p__Bacteroidetes;c__Bacteroidia;o__Bacteroidales;f__Bacteroidaceae;g__Bacteroides;s__Bacteroides_ovatus	-0.00677337587454	-0.0961860858568	0.0448268366428	-0.022622060355	-0.04594124813	1.0	0.0269416602941	-0.043525479888	-0.0333990014132	-0.0131481035092	0.0147419109883	-0.00156564397802	-0.0322582967775	0.0246022670184	0.0487239296549	-0.0447133653932	0.00142425118576	0.00854490866397	0.0334278393916	0.00128003577724	0.0221553253615	-0.0231022563245	-0.040890283762	0.00312233978652	0.0241592007629	0.00767177596352	-0.0508460065018	-0.0222186841166	-0.0803239137319	-0.010591208118	0.00543630022065	-0.0239839252371	-0.0337174938691	0.00575616691282	-0.0697649866397	0.030627128119	-0.0218074016634	-0.0283963054584	0.0296965274925	-0.0156706734619	-0.0650035179959	0.0062527842179	-0.0207409316556	0.0178460816849	-0.00368129193516	-0.0555030886574	0.0203515122907	-0.0382453906972	-0.063202957155	0.0332914794268	0.01957831306	0.0396771139456	-0.00864735753167	-0.0409609700533	0.0636070262084	-0.00351130423412	0.0637801553413	-0.0174232954435	0.034168226595
k__Bacteria;p__Bacteroidetes;c__Bacteroidia;o__Bacteroidales;f__Rikenellaceae;g__Alistipes;s__Alistipes_shahii	0.0168337084039	0.0459896356616	-0.00894177636711	0.0324425306193	-0.00459308466178	0.0269416602941	1.0	-0.0337454493787	-0.000539636054061	-0.0375911666678	-0.0287924739242	-0.0203635099446	0.0612450426516	-0.0389790886177	0.0262918609671	0.045771092512	0.0433621768676	-0.0111834121055	-0.0612485237927	-0.0807439210395	-0.00993836455463	-0.0328750690778	0.0174200214447	0.0671599426364	0.0249389266551	-0.0106180473367	0.017208837797	0.046431006892	-0.0338542999709	0.0160372406216	0.0413792047407	-0.0617823558486	-0.0140907365974	0.0665678746354	-0.00301211234392	0.0534326599528	0.0181493489899	-0.0285220216256	0.0555649216626	0.0197011965561	-0.0409125461843	-0.0632680462243	-0.0242003637363	-0.00175151174334	-0.0390144719544	-0.0534562975989	-0.00895916405772	0.0230725765985	0.0199872239947	-0.0570000314225	-0.0680574046216	-0.0320388947637	-0.0256073720639	0.0150786389101	-0.0554505068114	0.0284884704345	-0.0248157281421	-0.0140734054083	-0.0122430482694
k__Bacteria;p__Firmicutes;c__Clostridia;o__Clostridiales;f__Ruminococcaceae;g__Faecalibacterium;s__Faecalibacterium_prausnitzii	0.0365069621793	-0.0170024608333	-0.0226778491947	-0.00906358295941	-0.0700816464603	-0.043525479888	-0.0337454493787	1.0	0.00121584913077	-0.0242312331797	-0.045777366848	0.0162094347737	-0.0392415723841	-0.0128151269691	-0.0379146312111	0.0540216872987	0.0742632228605	-0.00270505703115	-0.0243419143169	0.0296484866758	-0.0465421907013	-0.0270145587701	0.0357898690539	0.00205297928259	-0.0180226539409	-0.0651282570818	0.00894085348217	-0.0265485200715	0.0372477344527	0.00528391526462	-0.0483243346845	-0.0141301267436	0.0583416956944	-0.0379322012897	-0.0378260640082	-0.0736267894776	-0.0372238197489	-0.00543764837861	0.00103492253582	-0.0105889160954	0.00116137809498	-0.000659625473576	0.0621343539387	0.0224216046802	-0.023748603995	-0.0207139540328	-0.0384430659939	-0.0234073602776	0.00675151259324	0.0354756891335	0.0178537509795	0.0234472911635	0.0155366952859	0.0427455408093	-0.0322703546801	-0.0752846663518	-0.00197899672597	0.0285675834994	0.00630128575644
k__Bacteria;p__Bacteroidetes;c__Bacteroidia;o__Bacteroidales;f__Rikenellaceae;g__Alistipes;s__Alistipes_finegoldii	-0.0704851459398	0.0142503600372	-0.0547066975471	0.0136998958633	-0.0549465172029	-0.0333990014132	-0.000539636054061	0.00121584913077	1.0	-0.0411579617847	-0.0201847075198	-0.0130328132547	-0.085144952522	-0.0154355683071	0.0444392726774	0.0237715850325	-0.0526693386569	0.0246103830542	0.01994088962	0.0754561460954	0.00289403396757	-0.0057467623856	-0.0834132316488	-0.0149445450917	0.039627802648	-0.0163755255789	-0.00153445147807	-0.0605706352567	0.0147577127516	-0.0131797689843	0.0608009868751	-0.0822488501363	0.0214768781683	0.0283044124735	-0.0382979704647	-0.0388610528579	-0.0292754585841	0.0612080597757	-0.0692715389052	0.0332853274498	0.00293349036973	-0.0190229590048	-0.0119658159159	-0.00906628853122	0.0131394776058	-0.0519522573071	0.0150433081232	-0.0354780730394	-0.0384033115347	0.0409636824627	-0.0280940799261	0.0859812275954	-0.0450030771386	0.0385914985644	-0.0140158906423	-0.0100120553534	0.00988206929379	-0.049896576181	0.00816139813674
k__Bacteria;p__Bacteroidetes;c__Bacteroidia;o__Bacteroidales;f__Porphyromonadaceae;g__Parabacteroides;s__Parabacteroides_distasonis	-0.0211248769404	-0.0726041970522	0.0369111325861	-0.0263238445772	-0.0411974012208	-0.0131481035092	-0.0375911666678	-0.0242312331797	-0.0411579617847	1.0	-0.0194094194113	0.0476241254812	0.0610368036741	0.0182867370405	-0.0543599983189	0.0266939268873	-0.0190775775146	-0.0389679986297	-0.00601465848583	-0.0388175780859	0.0286388573423	-0.0034337218054	0.0641974857562	-0.0050720037704	0.000487935856945	0.022359655287	0.0243943075599	-0.00794795708874	-0.0253054632505	-0.00729761411321	-0.0313515401187	0.0269524716177	0.027147910655	-0.027095436389	-0.0104980811696	0.0423065936632	-0.0499712824727	0.0804402768747	-0.00642189371154	-0.00277767267129	-0.0663992137674	-0.0294716718926	-0.00880664070103	-0.0147736329086	0.00881057881617	-0.00728209284177	0.00118404350845	0.00939390577719	0.0219876247863	0.00642353535496	0.0326685817503	-0.0545184721695	-0.0335338636187	-0.0553098348986	0.025068094738	0.00180489522943	0.00613220946639	0.00824576963928	-0.0103425716169
k__Bacteria;p__Bacteroidetes;c__Bacteroidia;o__Bacteroidales;f__Bacteroidaceae;g__Bacteroides;s__Bacteroides_thetaiotaomicron	-0.0256700534479	-0.000671497089366	0.0188116988772	-0.0321324162934	-0.0381845772667	0.0147419109883	-0.0287924739242	-0.045777366848	-0.0201847075198	-0.0194094194113	1.0	0.0143057778115	0.0100175006383	-0.0246952204553	0.0255422587354	0.025826059212	0.0566816224368	-0.0626465651716	0.00240235560188	-0.0605865104915	-0.000206315771316	-0.0492399000592	-0.0318058126352	-0.00225521292784	-0.00554492978415	-0.00359645620267	-0.00620530230438	-0.0292808654129	-0.0243974181538	-0.00907862097611	0.0277721440148	0.00108988925925	-0.0167265806186	-0.0046919174733	-0.0417050478371	-0.0425867437366	-0.0170409121163	-0.0245033770334	0.0390014526199	-0.0134123348489	0.0088958973223	-0.00561631968862	-0.0182145282329	0.00690577756255	-0.0188211233131	-0.00735190286203	0.0332306737431	0.0106143900853	0.0261869656647	0.00670036544241	-0.0332563737943	0.00416452451937	0.000138744080238	0.0178464492618	-0.0355676546749	0.00493314996362	0.0462022737969	0.0210535293623	-0.0173754930992
k__Bacteria;p__Bacteroidetes;c__Bacteroidia;o__Bacteroidales;f__Bacteroidaceae;g__Bacteroides;s__Bacteroides_coprocola	-0.00737491964881	-0.00339089910161	-0.0142099317043	-0.0329034827118	-0.0274832711698	-0.00156564397802	-0.0203635099446	0.0162094347737	-0.0130328132547	0.0476241254812	0.0143057778115	1.0	0.00128103106106	-0.00823246832677	-0.0491942372715	-0.0583872792119	-0.0709726251587	-0.00670177360338	-0.0226247031277	0.00712510611762	-0.0214957318021	0.0508811377089	-0.0204290320545	-0.00517195340528	-0.0240697563733	0.00443409600569	-0.0160282318596	-0.0145171979102	0.0585278391708	-0.00897352846758	-0.0185737336604	0.00532810343819	-0.00659929675223	-0.0384268610515	-0.00511019521532	-0.0316980925551	0.0178885868649	-0.00103022942816	0.0198946412126	-0.0266644437324	-0.00622272812689	-0.0338719415046	0.00928938087265	0.00144352889223	-0.0548194655439	-0.0276923253835	0.0303433438988	-0.035060268989	-0.0228048091208	-0.0401605595681	-0.0422376891535	0.011209405864	0.0923110235699	0.00559301519158	0.0401727167312	0.0525065329134	0.0118802498783	-0.0230616265679	-0.00654902141513
k__Bacteria;p__Bacteroidetes;c__Bacteroidia;o__Bacteroidales;f__Bacteroidaceae;g__Bacteroides;s__Bacteroides_cellulosilyticus	-0.0162880381717	0.00158300476042	0.0532229777085	-0.0298180067256	-0.0152931513041	-0.0322582967775	0.0612450426516	-0.0392415723841	-0.085144952522	0.0610368036741	0.0100175006383	0.00128103106106	1.0	-0.0235888578859	0.0438519779091	-0.0525321877171	0.0621671682083	0.00123520492118	0.0222352168183	0.0301113822934	-0.0317683558397	-0.0203797591608	-0.0311787607169	-0.023481896795	-0.0142558969861	-0.0229540206702	0.0118155333272	0.0250148271355	0.0515587946582	-0.0884250177687	0.0150862505617	0.00265783930714	0.0147524940421	0.0162245078083	0.0230146575456	0.0326932480423	-0.0547635419417	0.00180219396608	-0.0543361412379	-0.00705039385647	0.0536516792742	-0.0232619057389	0.0088768258137	0.00649554302546	-0.0272713059553	0.0230641129747	-0.0282748656518	0.03358979962	-0.0128741281208	-0.0468930379335	-0.016415489461	0.0235439781024	0.0081683851154	-0.0257472778747	-0.0172655044176	-0.00953877751514	-0.0305915075711	0.00397621112545	0.0489047179524
k__Bacteria;p__Bacteroidetes;c__Bacteroidia;o__Bacteroidales;f__Rikenellaceae;g__Alistipes;s__Alistipes_obesi	0.00333166569341	-0.0686971300923	-0.0198655823913	0.00844130397484	-0.0597906822147	0.0246022670184	-0.0389790886177	-0.0128151269691	-0.0154355683071	0.0182867370405	-0.0246952204553	-0.00823246832677	-0.0235888578859	1.0	-0.0101196048273	-0.0229768842693	0.0262099010752	-0.0408458866647	-0.06476437796	0.00977356877	-0.0393040964394	-0.0162027905125	0.0186890151973	0.0606002935413	-0.0271210675177	0.0197107280013	-0.0109293728867	-0.0491631985992	-0.0521356389953	-0.015391037852	0.0198686449404	-0.0401473995723	0.0278731974135	0.00766381217629	0.0217183604753	0.0227164686954	0.00347888418528	-0.00171210649022	0.0294891554208	0.0345219283795	-0.00618779957448	-0.0173588823309	-0.0095466953547	0.0488527026998	0.0129960398571	-0.0166254906777	0.0830924623616	0.0169166611457	-0.0146858084772	0.00982844184856	-0.00837669782932	-0.0201235309312	-0.0306415400102	-0.0319368945975	-0.0103926329521	0.0186988287627	-0.0357809346088	-0.0557436578943	0.000584998025701
k__Bacteria;p__Firmicutes;c__Clostridia;o__Clostridiales;f__Lachnospiraceae;g__;s__[Eubacterium]_rectale	-0.021443669847	-0.0112383517059	-0.0309327253553	-0.068381724036	-0.0426770414024	0.0487239296549	0.0262918609671	-0.0379146312111	0.0444392726774	-0.0543599983189	0.0255422587354	-0.0491942372715	0.0438519779091	-0.0101196048273	1.0	-0.10529413303	0.0112204635291	0.0781125026469	-0.00718703111211	0.0635247178845	0.0252363160904	-0.0362797363811	0.0162251435313	-0.0218266867656	-0.0309350368063	0.0171572178658	-0.0702086027036	-0.0190111666417	-0.0188474968902	-0.0195361684518	-0.00246672459545	-0.0302302656867	-0.0250952122535	0.0393482255234	-0.0123921040459	0.00911674759949	-0.0260595067174	-0.0172241642853	-0.0252585217958	-0.0325757795361	-0.0740648010793	0.0300149783907	-0.0265398965256	-0.0332468677558	-0.0437386386844	-0.00213524204692	0.0211065701343	-0.00882446689868	-0.0458666446655	-0.047596423153	0.0473018961655	0.00769436237577	-0.044152581553	-0.00187743311054	0.00173985119521	0.00251226175742	0.000902660638258	0.0160779036319	0.0658691595015
k__Bacteria;p__Bacteroidetes;c__Bacteroidia;o__Bacteroidales;f__Bacteroidaceae;g__Bacteroides;s__Bacteroides_plebeius	0.0430287339876	-0.0410859654026	0.00433885458318	-0.0333859823093	0.016414887391	-0.0447133653932	0.045771092512	0.0540216872987	0.0237715850325	0.0266939268873	0.025826059212	-0.0583872792119	-0.0525321877171	-0.0229768842693	-0.10529413303	1.0	0.00853872439164	-0.00926560107855	0.0188578081227	0.0206741565306	0.0340556731707	-0.03261261161	-0.0161811871844	-0.0625750448743	0.0202525427146	-0.0305578148976	0.00674572008104	-0.0223504277088	0.00987618139234	-0.00554696711107	-0.0296596478884	-0.00887607682995	-0.0232550792338	-0.00150957483986	-0.041398871527	0.00619928514904	-0.000864284135867	-0.0139538829683	-0.000426600610691	-0.0126959554221	0.0219676041481	-0.0185142130699	-0.0259836498935	-0.0280910679115	0.0109132324196	-0.00918174222367	0.0258337253452	-0.0384450219221	-0.0192600134401	-0.0100514719524	-0.0694892492986	0.00710485071011	-0.0495004236639	-0.00815442189532	-0.0184689701339	-0.0292034462469	-0.0534180272719	0.0283537359566	-0.0359923223588
k__Bacteria;p__Bacteroidetes;c__Bacteroidia;o__Bacteroidales;f__Bacteroidaceae;g__Bacteroides;s__Bacteroides_fragilis	0.00884578522401	0.0027637924243	-0.0161576622046	0.0395145336083	-0.0732660059595	0.00142425118576	0.0433621768676	0.0742632228605	-0.0526693386569	-0.0190775775146	0.0566816224368	-0.0709726251587	0.0621671682083	0.0262099010752	0.0112204635291	0.00853872439164	1.0	-0.0411432344321	0.017930917045	0.00486951928347	-0.0690376647064	0.00908196881671	-0.0249804629563	0.0199702601042	0.0147361131007	-0.070505215125	-0.0179749805519	0.0256952133297	-0.0148520258416	-0.0697556605045	-0.000526675494283	-0.0145940291305	0.0266180767165	-0.00555698467419	0.0300236961346	-0.0259730412305	0.0288397184861	0.0585631890985	-0.0432881755671	-0.0435124061864	-0.0531876274673	0.0028127501515	-0.0192804910188	-0.00240061683111	-0.0507234096359	-0.018313834716	-0.0370568870617	-0.0122715154819	-0.0406774721655	-0.0695909079697	0.00481346227041	-0.01475294035	0.026343868831	0.0322286751038	0.0369686559131	-0.0323180937653	-0.00490073475613	-0.00395284922031	-0.00819609279365
k__Bacteria;p__Proteobacteria;c__Betaproteobacteria;o__Burkholderiales;f__Sutterellaceae;g__Sutterella;s__Sutterella_wadsworthensis	0.00726045486126	0.0153129486369	-0.0191093050651	-0.0438942002537	0.00952215813701	0.00854490866397	-0.0111834121055	-0.00270505703115	0.0246103830542	-0.0389679986297	-0.0626465651716	-0.00670177360338	0.00123520492118	-0.0408458866647	0.0781125026469	-0.00926560107855	-0.0411432344321	1.0	-0.0300077660008	0.0695614051762	-0.0251219537945	-0.0297374833628	-0.0632494167949	-0.0527725681546	0.0232725319552	-0.00826084674474	0.0025241708418	0.0332384838684	0.0368606979815	0.0206933073301	0.0186480506705	0.00594553151981	-0.0687596414665	-0.0476344461158	-0.0835020359437	0.00447620365125	-0.0179098586568	-0.0441346253501	0.0126139954446	-0.0406964886761	0.000639539946331	-0.0246639614757	0.0277079576394	-0.06053701723	-0.0258882223575	0.0251069086625	-0.00912453223075	-0.0400196744026	-0.00651330326575	-0.0040792136147	-0.0185643734543	-0.0311762855273	0.000325087343407	-0.0166161693062	-0.0257768935866	0.0153459788548	-0.0776993413018	0.0189365292373	-0.00423097612294
k__Bacteria;p__Bacteroidetes;c__Bacteroidia;o__Bacteroidales;f__Porphyromonadaceae;g__Barnesiella;s__Barnesiella_intestinihominis	-0.0244484519822	-0.00875106006214	-0.0239938681391	0.00249185998379	-0.0173662737107	0.0334278393916	-0.0612485237927	-0.0243419143169	0.01994088962	-0.00601465848583	0.00240235560188	-0.0226247031277	0.0222352168183	-0.06476437796	-0.00718703111211	0.0188578081227	0.017930917045	-0.0300077660008	1.0	-0.0147115300265	-0.0374819067553	-0.00555300764006	0.00226883216041	0.0165366320657	0.0212164863094	0.00674975949176	-0.00679673988241	-0.0647860753092	-0.0169651554776	-0.0668944212215	-0.0179966189395	-0.0335472121889	-0.0269509369151	-0.0482874078842	0.013925593804	-0.00140980889614	-0.0180858083439	0.00977549550581	-0.0200538135266	-0.010592013527	-0.0121744927545	-0.0222856549566	-0.0142790854562	-0.048974070505	-0.0209894881418	0.061825709766	-0.0424680053063	-0.0414208512913	0.0451498366802	-0.00694390780583	-0.0147113606916	-0.0609995685857	0.0451556942212	-0.0564757978103	0.0653695572362	-0.0250028228933	-0.042987403741	0.00272115260877	0.0304040466855
k__Bacteria;p__Bacteroidetes;c__Bacteroidia;o__Bacteroidales;f__Odoribacteraceae;g__Odoribacter;s__Odoribacter_splanchnicus	0.0166582067259	0.0260760915384	-0.0441197486469	-0.0152715793057	-0.0447822588286	0.00128003577724	-0.0807439210395	0.0296484866758	0.0754561460954	-0.0388175780859	-0.0605865104915	0.00712510611762	0.0301113822934	0.00977356877	0.0635247178845	0.0206741565306	0.00486951928347	0.0695614051762	-0.0147115300265	1.0	0.0116593094018	-0.0160419437533	0.0124426285554	-0.010236545221	0.0671643224042	-0.0606576341963	0.0216135530384	-0.0586208350054	-0.0393201316776	0.0286785141693	0.00889704638728	-0.0404326199355	0.0166358471846	0.0515701815882	0.0192772334714	0.0183767728644	-0.0486391365194	-0.0385644327231	0.0200637818341	-0.0343375351449	-0.0271453497411	0.0162129465396	0.0391936586687	0.023785533364	-0.0754472766756	0.0145996301102	-0.0188112153844	0.0551250035183	-0.0309337182599	0.0266369056222	-0.0215391757353	-0.00340274058087	-0.061342539105	-0.0100951064908	-0.0632500719914	0.00462081120042	-0.00584278407224	-0.0454598398904	0.00329846858327
k__Bacteria;p__Bacteroidetes;c__Bacteroidia;o__Bacteroidales;f__Bacteroidaceae;g__Bacteroides;s__Bacteroides_salyersiae	0.0111448340835	-0.0362154074498	0.0559411512878	0.00748254222709	-0.0178953348005	0.0221553253615	-0.00993836455463	-0.0465421907013	0.00289403396757	0.0286388573423	-0.000206315771316	-0.0214957318021	-0.0317683558397	-0.0393040964394	0.0252363160904	0.0340556731707	-0.0690376647064	-0.0251219537945	-0.0374819067553	0.0116593094018	1.0	-0.0215782616297	0.0052900571596	0.0341113105587	0.0190321491932	0.0395144157716	-0.00524888166465	-0.0136746470132	-0.0109594352375	-0.0343305470652	-0.023122197048	0.0112264865108	-0.0295721321077	-0.069431212078	-0.0279722207358	-0.00613652776892	0.000399227340866	-0.0245632724614	-0.0691663566945	-0.023498587067	-0.0309584377109	0.0590833580596	0.0381379062185	-0.0385254098099	-0.000436930389954	-0.0539445346184	0.0643011152758	0.0192161014809	-0.0225119815789	-0.0464644257354	-0.0374250364835	-0.0106944965156	0.0098102727215	-0.0846792117786	0.00542592974655	0.00504631455444	-0.0375521683911	-0.0137680572597	0.0086065164991
k__Bacteria;p__Firmicutes;c__Clostridia;o__Clostridiales;f__Ruminococcaceae;g__Ruminiclostridium;s__[Eubacterium]_siraeum	-0.0093808898511	0.0413061679407	0.0583234989468	-0.035332901653	-0.0263541023208	-0.0231022563245	-0.0328750690778	-0.0270145587701	-0.0057467623856	-0.0034337218054	-0.0492399000592	0.0508811377089	-0.0203797591608	-0.0162027905125	-0.0362797363811	-0.03261261161	0.00908196881671	-0.0297374833628	-0.00555300764006	-0.0160419437533	-0.0215782616297	1.0	-0.0326823334037	-0.0371001935632	-0.0252184771193	0.0199049677715	-0.0166326326395	0.0210616298929	0.0923811641871	-0.0034158172694	-0.0373130946868	-0.013295738189	-0.00422966371485	-0.0118884783965	0.0362995365319	-0.0256731800098	-0.0141631925504	-0.0776243240022	0.000532106765926	-0.0103608584286	0.015428769938	0.0351587273226	0.0329216787641	-0.0593788626408	-0.0744070474329	0.0497712764158	-0.0239426402152	-0.0511318546744	0.026821169439	-0.0143455949045	0.0224794784405	0.00351892731047	-0.0404006839318	-0.0135505786609	-0.0242801283188	0.0110314528718	0.0166733225295	0.00375916867186	-0.0128874423719
k__Bacteria;p__Proteobacteria;c__Betaproteobacteria;o__Burkholderiales;f__Sutterellaceae;g__Parasutterella;s__Parasutterella_excrementihominis	-0.0579039074087	0.00698984831833	0.0436921235177	0.014292822922	-0.0515266774191	-0.040890283762	0.0174200214447	0.0357898690539	-0.0834132316488	0.0641974857562	-0.0318058126352	-0.0204290320545	-0.0311787607169	0.0186890151973	0.0162251435313	-0.0161811871844	-0.0249804629563	-0.0632494167949	0.00226883216041	0.0124426285554	0.0052900571596	-0.0326823334037	1.0	-0.0276985863386	-0.0535195234841	-0.0210493145485	-0.0171862284878	0.0175238895523	0.00410910169469	-0.0449280757269	0.0696645832308	-0.0474819192805	-0.022596730596	0.0109481260352	0.0275350065155	0.0119393352636	-0.0101765977536	-0.0344260209447	-0.057964090946	-0.0371468302251	0.0185161230423	-0.0216026179687	-0.0462214736331	-0.0268148303635	-0.0303600845654	-0.00437202560989	-0.00685544687137	0.0132228702681	0.0141194015413	0.035971667213	0.0114119532689	0.0419322934393	0.0621343925811	-0.0214111420207	0.00312043815388	-0.0115369546416	-0.0165903534034	-0.0193917860379	-0.00572144775934
k__Bacteria;p__Actinobacteria;c__Actinobacteria;o__Bifidobacteriales;f__Bifidobacteriaceae;g__Bifidobacterium;s__Bifidobacterium_adolescentis	0.00661120307115	-0.00304259799522	0.0346394207973	0.0422544664768	0.0077679510976	0.00312233978652	0.0671599426364	0.00205297928259	-0.0149445450917	-0.0050720037704	-0.00225521292784	-0.00517195340528	-0.023481896795	0.0606002935413	-0.0218266867656	-0.0625750448743	0.0199702601042	-0.0527725681546	0.0165366320657	-0.010236545221	0.0341113105587	-0.0371001935632	-0.0276985863386	1.0	-0.0260955981776	-0.0307544043906	-0.0784449302346	-0.00155844386743	-0.0461363241813	-0.00965430761945	0.00168291186153	-0.0340214869123	-0.0325202271349	-0.0558262847512	-0.0400457882982	0.0303621197545	-0.0238988067121	-0.0471552117184	0.0154672535125	0.0111609357054	-0.0192160565492	-0.0068615536586	0.0329381202153	-0.00512601538403	0.0234817668167	-0.0263378864752	-0.0204070960678	-0.0141467920007	0.0279962870712	0.00760320898043	-0.0150491211085	0.00240821213095	-0.0525597438792	0.0109409740024	0.00159939621162	0.0110661818776	-0.0603881074383	-0.0158885271695	-0.0144915393093
k__Bacteria;p__Firmicutes;c__Clostridia;o__Clostridiales;f__Oscillospiraceae;g__Oscillibacter;s__Oscillibacter_sp._KLE_1745	0.0184824398816	0.021247698258	-0.0167599186015	0.0137251235137	0.0669599635704	0.0241592007629	0.0249389266551	-0.0180226539409	0.039627802648	0.000487935856945	-0.00554492978415	-0.0240697563733	-0.0142558969861	-0.0271210675177	-0.0309350368063	0.0202525427146	0.0147361131007	0.0232725319552	0.0212164863094	0.0671643224042	0.0190321491932	-0.0252184771193	-0.0535195234841	-0.0260955981776	1.0	-0.0295864769937	-0.0235126490858	-0.0257955866727	-0.0271950446428	0.0380165214126	0.0246413475702	-0.0707844544913	-0.0254614232786	0.0960604158603	-0.0377008109853	-0.0225430006646	0.00514819105491	-0.0420680544	0.0110405291355	-0.0355143696837	0.0171978338185	-0.0142018249009	-0.0297882085481	0.0495787019679	-0.0248763673642	0.0245337171364	-0.0428496383524	-0.0012264799723	0.0265287705694	-0.0453723499119	-0.0524364354598	0.0107741332493	-0.0313288741355	-0.0310027956292	0.0557153950455	-0.0203518047036	0.0223293267255	-0.0491096824283	-0.0498812388668
k__Bacteria;p__Bacteroidetes;c__Bacteroidia;o__Bacteroidales;f__Bacteroidaceae;g__Bacteroides;s__Bacteroides_coprophilus	0.00421393577417	-0.0175090834637	-0.0105405698667	-0.000621879070811	0.040060514717	0.00767177596352	-0.0106180473367	-0.0651282570818	-0.0163755255789	0.022359655287	-0.00359645620267	0.00443409600569	-0.0229540206702	0.0197107280013	0.0171572178658	-0.0305578148976	-0.070505215125	-0.00826084674474	0.00674975949176	-0.0606576341963	0.0395144157716	0.0199049677715	-0.0210493145485	-0.0307544043906	-0.0295864769937	1.0	0.0285851116883	0.0284277024072	-0.0418366454973	0.0547049637007	0.00337910480895	0.00453418208499	-0.0339018003852	0.024172673071	0.0104808223315	0.0250429362071	0.00946149844081	-0.0678370881994	0.00233965453497	-0.0547786202407	0.0638007888593	-0.0589670990452	0.0312569344428	0.00757298949336	0.0443671878214	0.0152656816533	-0.0198106954461	-0.103254624868	-0.07194520481	-0.0314309155651	-0.032389728991	-0.0256141760634	0.00371522457258	-0.0528010751347	0.0043898074825	0.0336103825813	0.0374039844335	-0.0511014899402	0.0163971698221
k__Bacteria;p__Firmicutes;c__Clostridia;o__Clostridiales;f__Lachnospiraceae;g__Roseburia;s__Roseburia_intestinalis	0.011673213983	-0.0461189752683	-0.0753173177756	0.0338115874687	0.00510639394735	-0.0508460065018	0.017208837797	0.00894085348217	-0.00153445147807	0.0243943075599	-0.00620530230438	-0.0160282318596	0.0118155333272	-0.0109293728867	-0.0702086027036	0.00674572008104	-0.0179749805519	0.0025241708418	-0.00679673988241	0.0216135530384	-0.00524888166465	-0.0166326326395	-0.0171862284878	-0.0784449302346	-0.0235126490858	0.0285851116883	1.0	0.00364921231721	0.0553881495615	-0.0263450506959	-0.0126989848766	0.00766277407505	-0.0464497344663	0.0538343180649	0.00299008717412	0.00703129342535	-0.0478478023802	0.0401442631578	-0.0266677851687	0.0159352857726	-0.00670385768104	0.0306004848856	-0.0687900030041	-0.0266602263194	-0.0296653117507	-0.0472211423996	0.0326547697852	0.0335832663932	0.0352648849125	0.0316893863059	0.0170434980786	-0.0364282465178	0.0218568149064	-0.0533213484915	-0.0257482597837	0.00476349596435	-0.0214793231842	-0.0277216715473	-0.00129290424889
k__Bacteria;p__Firmicutes;c__Clostridia;o__Clostridiales;f__Lachnospiraceae;g__Roseburia;s__Roseburia_hominis	0.0129672364517	-0.0395333976643	0.0189080178964	-0.073096881811	0.0104135522131	-0.0222186841166	0.046431006892	-0.0265485200715	-0.0605706352567	-0.00794795708874	-0.0292808654129	-0.0145171979102	0.0250148271355	-0.0491631985992	-0.0190111666417	-0.0223504277088	0.0256952133297	0.0332384838684	-0.0647860753092	-0.0586208350054	-0.0136746470132	0.0210616298929	0.0175238895523	-0.00155844386743	-0.0257955866727	0.0284277024072	0.00364921231721	1.0	-0.0852203151596	0.00536811711825	0.0322569240408	0.00658843442517	-0.00794982713165	-0.025680260943	-0.032894154887	-0.0731343473748	-0.0243547672993	0.0314897220307	0.00798486832459	-0.0269508969058	0.0175508901429	0.000524623018695	-0.0333650280519	-0.00430424961434	0.038945960371	0.00201820524999	0.0422700660909	0.0208897770897	-0.00768353228038	-0.036765100286	0.0387620435872	0.0282327629844	-0.0157354308874	-0.0318052559435	-0.0509396421397	0.00380454461708	-0.00784796279011	-0.0128891273668	0.019065315763
k__Bacteria;p__Bacteroidetes;c__Bacteroidia;o__Bacteroidales;f__Porphyromonadaceae;g__Parabacteroides;s__Parabacteroides_johnsonii	-0.0486851305406	0.0151563826944	-0.0244983529516	0.0129693077459	-0.0248653652579	-0.0803239137319	-0.0338542999709	0.0372477344527	0.0147577127516	-0.0253054632505	-0.0243974181538	0.0585278391708	0.0515587946582	-0.0521356389953	-0.0188474968902	0.00987618139234	-0.0148520258416	0.0368606979815	-0.0169651554776	-0.0393201316776	-0.0109594352375	0.0923811641871	0.00410910169469	-0.0461363241813	-0.0271950446428	-0.0418366454973	0.0553881495615	-0.0852203151596	1.0	-0.0195791173527	-0.0122208473923	0.0324820078376	-0.026773615787	0.013012942139	-0.0246208246179	0.0325630794352	-0.0406029450286	0.0272071949656	0.013350114804	-0.0265877752365	0.0532208716671	-0.00591558772547	0.00741455118324	-0.0255063828841	-0.0389390362716	-0.0285776374967	-0.000634873250665	0.000820299599672	0.0057940470674	0.0291052209477	0.0147318334069	0.0525354162715	0.0411274644486	-0.0445722026024	-0.0258774161683	-0.0457597641448	0.013645256981	-0.0940849696543	0.0151612562126
k__Bacteria;p__Actinobacteria;c__Actinobacteria;o__Bifidobacteriales;f__Bifidobacteriaceae;g__Bifidobacterium;s__Bifidobacterium_longum	0.0107051222704	-0.0336543900293	0.0235505721418	-0.0292472697137	-0.0653167437401	-0.010591208118	0.0160372406216	0.00528391526462	-0.0131797689843	-0.00729761411321	-0.00907862097611	-0.00897352846758	-0.0884250177687	-0.015391037852	-0.0195361684518	-0.00554696711107	-0.0697556605045	0.0206933073301	-0.0668944212215	0.0286785141693	-0.0343305470652	-0.0034158172694	-0.0449280757269	-0.00965430761945	0.0380165214126	0.0547049637007	-0.0263450506959	0.00536811711825	-0.0195791173527	1.0	0.0190193835859	-0.0280530941022	0.0528874780336	0.00180020290995	-0.0311008751457	-0.0200800621059	-0.045865988643	4.3034689921e-05	0.019412674921	-0.038417937507	0.00915280242518	-0.0225516048097	0.0367871119547	0.0185617781579	0.0140547376053	-0.0565668155414	-0.0592450642961	-0.0562838278706	-0.0652479275018	-0.0152989844426	-0.0190114395082	0.0492735079322	-0.00757039345337	0.0308288787046	-0.0419644193936	0.00860047603984	-0.0388434575698	-0.00611765459587	0.00825520923169
