#taxonomy	k__Bacteria;p__Bacteroidetes;c__Bacteroidia;o__Bacteroidales;f__Bacteroidaceae;g__Bacteroides;s__Bacteroides_vulgatus	k__Bacteria;p__Bacteroidetes;c__Bacteroidia;o__Bacteroidales;f__Bacteroidaceae;g__Bacteroides;s__Bacteroides_uniformis	k__Bacteria;p__Bacteroidetes;c__Bacteroidia;o__Bacteroidales;f__Rikenellaceae;g__Alistipes;s__Alistipes_putredinis	k__Bacteria;p__Bacteroidetes;c__Bacteroidia;o__Bacteroidales;f__Prevotellaceae;g__Prevotella;s__Prevotella_copri	k__Bacteria;p__Bacteroidetes;c__Bacteroidia;o__Bacteroidales;f__Bacteroidaceae;g__Bacteroides;s__Bacteroides_stercoris	k__Bacteria;p__Bacteroidetes;c__Bacteroidia;o__Bacteroidales;f__Bacteroidaceae;g__Bacteroides;s__Bacteroides_ovatus	k__Bacteria;p__Bacteroidetes;c__Bacteroidia;o__Bacteroidales;f__Rikenellaceae;g__Alistipes;s__Alistipes_shahii	k__Bacteria;p__Firmicutes;c__Clostridia;o__Clostridiales;f__Ruminococcaceae;g__Faecalibacterium;s__Faecalibacterium_prausnitzii	k__Bacteria;p__Bacteroidetes;c__Bacteroidia;o__Bacteroidales;f__Rikenellaceae;g__Alistipes;s__Alistipes_finegoldii	k__Bacteria;p__Bacteroidetes;c__Bacteroidia;o__Bacteroidales;f__Porphyromonadaceae;g__Parabacteroides;s__Parabacteroides_distasonis	k__Bacteria;p__Bacteroidetes;c__Bacteroidia;o__Bacteroidales;f__Bacteroidaceae;g__Bacteroides;s__Bacteroides_thetaiotaomicron	k__Bacteria;p__Bacteroidetes;c__Bacteroidia;o__Bacteroidales;f__Bacteroidaceae;g__Bacteroides;s__Bacteroides_coprocola	k__Bacteria;p__Bacteroidetes;c__Bacteroidia;o__Bacteroidales;f__Bacteroidaceae;g__Bacteroides;s__Bacteroides_cellulosilyticus	k__Bacteria;p__Bacteroidetes;c__Bacteroidia;o__Bacteroidales;f__Rikenellaceae;g__Alistipes;s__Alistipes_obesi	k__Bacteria;p__Firmicutes;c__Clostridia;o__Clostridiales;f__Lachnospiraceae;g__;s__[Eubacterium]_rectale	k__Bacteria;p__Bacteroidetes;c__Bacteroidia;o__Bacteroidales;f__Bacteroidaceae;g__Bacteroides;s__Bacteroides_plebeius	k__Bacteria;p__Bacteroidetes;c__Bacteroidia;o__Bacteroidales;f__Bacteroidaceae;g__Bacteroides;s__Bacteroides_fragilis	k__Bacteria;p__Proteobacteria;c__Betaproteobacteria;o__Burkholderiales;f__Sutterellaceae;g__Sutterella;s__Sutterella_wadsworthensis	k__Bacteria;p__Bacteroidetes;c__Bacteroidia;o__Bacteroidales;f__Porphyromonadaceae;g__Barnesiella;s__Barnesiella_intestinihominis	k__Bacteria;p__Bacteroidetes;c__Bacteroidia;o__Bacteroidales;f__Odoribacteraceae;g__Odoribacter;s__Odoribacter_splanchnicus	k__Bacteria;p__Bacteroidetes;c__Bacteroidia;o__Bacteroidales;f__Bacteroidaceae;g__Bacteroides;s__Bacteroides_salyersiae	k__Bacteria;p__Firmicutes;c__Clostridia;o__Clostridiales;f__Ruminococcaceae;g__Ruminiclostridium;s__[Eubacterium]_siraeum	k__Bacteria;p__Proteobacteria;c__Betaproteobacteria;o__Burkholderiales;f__Sutterellaceae;g__Parasutterella;s__Parasutterella_excrementihominis	k__Bacteria;p__Actinobacteria;c__Actinobacteria;o__Bifidobacteriales;f__Bifidobacteriaceae;g__Bifidobacterium;s__Bifidobacterium_adolescentis	k__Bacteria;p__Firmicutes;c__Clostridia;o__Clostridiales;f__Oscillospiraceae;g__Oscillibacter;s__Oscillibacter_sp._KLE_1745	k__Bacteria;p__Bacteroidetes;c__Bacteroidia;o__Bacteroidales;f__Bacteroidaceae;g__Bacteroides;s__Bacteroides_coprophilus	k__Bacteria;p__Firmicutes;c__Clostridia;o__Clostridiales;f__Lachnospiraceae;g__Roseburia;s__Roseburia_intestinalis	k__Bacteria;p__Firmicutes;c__Clostridia;o__Clostridiales;f__Lachnospiraceae;g__Roseburia;s__Roseburia_hominis	k__Bacteria;p__Bacteroidetes;c__Bacteroidia;o__Bacteroidales;f__Porphyromonadaceae;g__Parabacteroides;s__Parabacteroides_johnsonii	k__Bacteria;p__Actinobacteria;c__Actinobacteria;o__Bifidobacteriales;f__Bifidobacteriaceae;g__Bifidobacterium;s__Bifidobacterium_longum	k__Bacteria;p__Firmicutes;c__Clostridia;o__Clostridiales;f__;g__Flavonifractor;s__Flavonifractor_plautii	k__Bacteria;p__Firmicutes;c__Clostridia;o__Clostridiales;f__Clostridiaceae;g__Clostridium;s__Clostridium_phoceensis	k__Bacteria;p__Verrucomicrobia;c__Verrucomicrobiae;o__Verrucomicrobiales;f__Akkermansiaceae;g__Akkermansia;s__Akkermansia_muciniphila	k__Bacteria;p__Bacteroidetes;c__Bacteroidia;o__Bacteroidales;f__Prevotellaceae;g__Paraprevotella;s__Paraprevotella_xylaniphila	k__Bacteria;p__Firmicutes;c__Clostridia;o__Clostridiales;f__Ruminococcaceae;g__Ruminococcus;s__Ruminococcus_callidus	k__Bacteria;p__Bacteroidetes;c__Bacteroidia;o__Bacteroidales;f__Rikenellaceae;g__Alistipes;s__Alistipes_senegalensis	k__Bacteria;p__Firmicutes;c__Clostridia;o__Clostridiales;f__Lachnospiraceae;g__Blautia;s__Blautia_sp._KLE_1732	k__Bacteria;p__Bacteroidetes;c__Bacteroidia;o__Bacteroidales;f__Bacteroidaceae;g__Bacteroides;s__Bacteroides_oleiciplenus	k__Bacteria;p__Firmicutes;c__Clostridia;o__Clostridiales;f__Ruminococcaceae;g__Ruminococcus;s__Ruminococcus_bicirculans	k__Bacteria;p__Bacteroidetes;c__Bacteroidia;o__Bacteroidales;f__Bacteroidaceae;g__Bacteroides;s__Bacteroides_fluxus	k__Bacteria;p__Bacteroidetes;c__Bacteroidia;o__Bacteroidales;f__Prevotellaceae;g__Prevotella;s__Prevotella_stercorea	k__Bacteria;p__Firmicutes;c__Clostridia;o__Clostridiales;f__Lachnospiraceae;g__Dorea;s__Dorea_longicatena	k__Bacteria;p__Firmicutes;c__Clostridia;o__Clostridiales;f__Eubacteriaceae;g__Eubacterium;s__[Eubacterium]_eligens	k__Bacteria;p__Firmicutes;c__Clostridia;o__Clostridiales;f__Ruminococcaceae;g__;s__Ruminococcaceae_bacterium_D16	k__Bacteria;p__Firmicutes;c__Clostridia;o__Clostridiales;f__Lachnospiraceae;g__Coprococcus;s__Coprococcus_comes	k__Bacteria;p__Proteobacteria;c__Gammaproteobacteria;o__Enterobacterales;f__Enterobacteriaceae;g__Escherichia;s__Escherichia_coli	k__Bacteria;p__Firmicutes;c__Clostridia;o__Clostridiales;f__Ruminococcaceae;g__Anaerotruncus;s__Anaerotruncus_colihominis	k__Bacteria;p__Firmicutes;c__Clostridia;o__Clostridiales;f__Lachnospiraceae;g__Blautia;s__Blautia_obeum	k__Bacteria;p__Bacteroidetes;c__Bacteroidia;o__Bacteroidales;f__Odoribacteraceae;g__Odoribacter;s__Odoribacter_laneus	k__Bacteria;p__Firmicutes;c__Clostridia;o__Clostridiales;f__Ruminococcaceae;g__Ruminiclostridium;s__[Clostridium]_leptum	k__Bacteria;p__Bacteroidetes;c__Bacteroidia;o__Bacteroidales;f__Porphyromonadaceae;g__Parabacteroides;s__Parabacteroides_goldsteinii	k__Bacteria;p__Firmicutes;c__Clostridia;o__Clostridiales;f__Lachnospiraceae;g__Anaerostipes;s__Anaerostipes_hadrus	k__Bacteria;p__Firmicutes;c__Clostridia;o__Clostridiales;f__Ruminococcaceae;g__Ruminococcus;s__Ruminococcus_lactaris	k__Bacteria;p__Firmicutes;c__Clostridia;o__Clostridiales;f__Clostridiaceae;g__Clostridium;s__Clostridium_sp._L2-50	k__Bacteria;p__Firmicutes;c__Clostridia;o__Clostridiales;f__Clostridiaceae;g__Clostridium;s__Clostridium_sp._M62/1	k__Bacteria;p__Firmicutes;c__Clostridia;o__Clostridiales;f__;g__Intestinimonas;s__Intestinimonas_butyriciproducens	k__Bacteria;p__Actinobacteria;c__Actinobacteria;o__Bifidobacteriales;f__Bifidobacteriaceae;g__Bifidobacterium;s__Bifidobacterium_bifidum	k__Bacteria;p__Firmicutes;c__Negativicutes;o__Veillonellales;f__Veillonellaceae;g__Dialister;s__Dialister_invisus	k__Bacteria;p__Bacteroidetes;c__Bacteroidia;o__Bacteroidales;f__Bacteroidaceae;g__Bacteroides;s__Bacteroides_salanitronis
k__Bacteria;p__Bacteroidetes;c__Bacteroidia;o__Bacteroidales;f__Bacteroidaceae;g__Bacteroides;s__Bacteroides_vulgatus	1.0	0.00771009167366	0.0238493858105	-0.0182087287923	-0.0239559751847	-0.00799141278382	-6.87451365172e-06	-0.0215748097439	0.0135015520264	-0.121609341067	-0.0233099793551	-0.00435310679712	0.011463464522	-0.0197730881452	-0.0254847901067	-0.00443289574289	0.00411822665207	0.0271015032782	-0.0222206560626	0.00590736940812	-0.0504645667977	0.0519404250657	-0.0103013861078	0.00702304275225	-0.069532546257	0.0221873091353	0.0483796180542	0.0116572338283	-0.0350974937843	0.00798520334579	0.0798538457646	-0.0205987571344	0.0911499895988	0.0118176675504	-0.0292409085192	-0.0483726948843	0.0233200179346	-0.0360912524008	-0.0151772545242	0.0106833686543	0.00859866078624	0.0335416819903	0.0293616412704	0.069997219873	0.0443288809929	-0.0616178036909	0.0240146728059	-0.0836347027425	-0.0146260649474	-0.0381436636428	0.0173708667702	-0.0218668075495	0.0264762747805	-0.0786491786061	0.0153566397066	-0.0270355822992	0.0167786069069	-0.0732544517186	0.0371290069695
k__Bacteria;p__Bacteroidetes;c__Bacteroidia;o__Bacteroidales;f__Bacteroidaceae;g__Bacteroides;s__Bacteroides_uniformis	0.00771009167366	1.0	0.0107816927857	0.0509253916494	0.0034878376301	0.0259404853765	0.0153614568951	-0.0196511922635	-0.033044259046	0.019947701499	-0.0620311907417	-0.0473264482916	-0.00725134949796	0.0383955900269	-0.018936631335	0.023614393096	0.0516535815902	-0.0238514401551	-0.0446309885843	0.0116899530748	0.0137176959669	-0.00968649857737	-0.00698220936284	-0.0631054239966	-0.0475374191204	0.00795254607113	0.00964840849561	0.0328104900345	0.0240895287664	-0.000986873014269	0.0284919501324	-0.017734257407	-0.00350378363377	-0.000348903668145	0.00537349423527	0.0240618637915	0.00192131311552	0.0364882662207	0.0455202107056	-0.0606641539718	0.0344737255523	-0.0643880803892	0.00683559924833	-0.00954121145455	-0.0169311048802	-0.0554153941106	-0.0205395769561	-0.0809920973319	-0.0174230899924	0.0354146094984	-0.00949486998882	0.00960280385012	0.0078788474094	-0.011523165092	-0.0223845005695	-0.060402036256	-0.0502721784028	0.00981054429388	-0.0441099856888
k__Bacteria;p__Bacteroidetes;c__Bacteroidia;o__Bacteroidales;f__Rikenellaceae;g__Alistipes;s__Alistipes_putredinis	0.0238493858105	0.0107816927857	1.0	0.012564779026	0.00158314286076	0.00354960462778	-0.0412158271882	-0.0236470960193	-0.03850081362	0.0128016128328	0.043835223694	0.00262453523264	-0.0292166986397	-0.0191433439973	-0.0368598739301	-0.0216413422377	-0.0509109974947	-0.026544095083	-0.122559421381	-0.0431680559172	-0.0299236448209	0.00678344777304	0.0342564815884	-0.0186585234464	-0.0357768943624	0.0232183650052	0.00609493913977	-0.0364993341996	0.0138493225629	-0.0175218425309	-0.000618602319867	0.0186179364026	-0.0331157099281	0.0159361347617	-0.0451870765982	-0.0328658466568	-0.0363938299054	-0.0849380089434	0.0233718444779	-0.0198602632081	0.00957598036632	0.0281925298526	-0.0167139484731	0.0421398325846	-0.0284808312013	-0.0234965481523	0.0367133999026	-0.0486793405481	-0.00838535939363	0.020367082751	-0.0297105060751	-0.0205092895474	-0.0872743121977	-0.0276427033018	0.011360689624	-0.023426737257	-0.00262502718257	-0.0312017424152	0.0391463064429
k__Bacteria;p__Bacteroidetes;c__Bacteroidia;o__Bacteroidales;f__Prevotellaceae;g__Prevotella;s__Prevotella_copri	-0.0182087287923	0.0509253916494	0.012564779026	1.0	0.00106806510999	0.00361764453902	0.0178108420482	-0.0238793417206	0.0127043769126	0.0268333092358	-0.0091396583421	-0.00599297243934	-0.0153744998541	0.0561465696165	-0.042868096047	-0.0420743936809	0.0246460973532	0.027193734626	-0.0506262951627	0.00332908771636	0.00908547288303	0.00325830906282	-2.50263110489e-05	-0.00186389879817	-0.00338639299096	0.0278491341791	0.0228620377753	-0.0264908936231	-0.00513445251145	-0.0397888123909	-0.00342554948022	-0.0302433590364	0.0658260527295	-0.0197444881426	-0.0243756929434	-0.0257110315889	0.0285648772259	-0.0122728280776	-0.012755380125	-0.0153578679096	-0.051533456525	0.0485265268728	-0.0289098152595	-0.0292938083202	0.00194099721771	-0.0419337622532	0.0274517707958	-0.000456500576665	-0.0295372276247	-0.0350920828794	-0.0452535009689	-0.0106617684542	0.0259285583196	-0.0301948690726	-0.0144386369212	-0.00300262314316	0.0218607543184	-0.0213834051667	-0.0638219705207
k__Bacteria;p__Bacteroidetes;c__Bacteroidia;o__Bacteroidales;f__Bacteroidaceae;g__Bacteroides;s__Bacteroides_stercoris	-0.0239559751847	0.0034878376301	0.00158314286076	0.00106806510999	1.0	0.00770842263697	0.0402364496868	0.0101999647224	0.027245189311	0.0547297317914	0.019190632926	-0.00952086738515	-0.0628130044313	-0.0278500474574	-0.00758456278352	-0.0212678105144	0.0413836787849	0.0103492969508	0.0223695985674	0.0126401233466	-0.00959353322899	-0.00087436560812	0.0020055797391	-0.022517008619	-0.0202697360793	-0.0638542697394	0.0484988194422	0.00505404073491	-0.0338476021452	-0.0080232696173	-0.000712125865212	0.0162005919937	-0.075225209216	-0.046174582043	-0.0462832166878	-0.0691268198941	0.00948696411665	-0.0240449663085	0.0199440146112	-0.0696752538715	0.00995194133012	0.00546236136812	-0.0288230469816	-0.0163864618475	-0.0899345283894	-0.0333798199229	-0.0183056577531	0.0145183726001	0.015930461941	-0.000135316927016	-0.0585512068534	-0.0126596286635	0.0523614081447	0.0454137215493	-0.0549199599065	0.0361345524211	-0.0175699469208	0.0356617413548	0.0515156000725
k__Bacteria;p__Bacteroidetes;c__Bacteroidia;o__Bacteroidales;f__Bacteroidaceae;g__Bacteroides;s__Bacteroides_ovatus	-0.00799141278382	0.0259404853765	0.00354960462778	0.00361764453902	0.00770842263697	1.0	0.0123301825755	-0.00279487323363	-0.00840719793994	0.0342252024387	-0.0230374256896	-0.0253850106695	-0.106589780284	0.0182002122609	-0.0203184372771	-0.00363875651491	-0.0028894157159	-0.0316315953635	0.00708117842082	-0.00247031646819	0.0126180791905	-0.0199312073513	0.0284641033254	-0.0171939563075	0.0388732873517	-0.0163320525454	0.00173660735016	0.0538173155707	-0.0150536749289	-0.0873570250552	0.00224652643896	0.00115822341642	0.0177251494939	0.0274573777417	-0.0295213099448	0.013541355866	0.0583376894777	-0.00371891709777	0.00596401167172	-0.018469784065	0.0161203023287	-0.00718689010543	0.0066370077338	-0.0224170137583	-0.0613931447597	-0.0262441809806	0.00125016585274	-0.0261031385636	-0.0116702728207	0.019942181554	-0.0262902010115	0.0249592081111	-0.0117976571259	0.00301421077679	0.0211978418466	-0.0304346677157	-0.0786506065049	-0.0487030018602	0.0105391279337
k__Bacteria;p__Bacteroidetes;c__Bacteroidia;o__Bacteroidales;f__Rikenellaceae;g__Alistipes;s__Alistipes_shahii	-6.87451365172e-06	0.0153614568951	-0.0412158271882	0.0178108420482	0.0402364496868	0.0123301825755	1.0	0.059094889309	-0.00695057257883	0.0506738931082	0.00604735762119	-0.00365384486481	0.0249287224496	-0.0834748178769	-0.00199709844611	-0.0069968919885	0.0173033437669	-0.0102695757203	-0.0540687580822	-0.0250217900611	0.0333552617883	-0.0524959595735	0.0105857611817	0.0104806171883	0.0258146838382	0.0158364784692	-0.0109669276608	-0.0255568168493	0.00340726582021	-0.0080069832243	-0.0165146240703	-0.0392343539617	0.000650319979665	0.0509142487989	0.01268512848	-0.043657405229	-0.0226891488234	-0.0117417478834	-0.0292575321296	0.0125083442086	-0.0210912285552	0.00747123036225	-0.0501224545243	-0.0672205327041	-0.00624703301005	0.0243801746093	0.0397665919665	-0.00414495569859	-0.0195214599324	0.0452655982907	-0.0535811358805	-0.0307543545831	-0.00343026721107	-0.0139012679301	0.004285254462	-0.0155339586894	0.0377853384997	-0.0646119177405	-0.0163723225503
k__Bacteria;p__Firmicutes;c__Clostridia;o__Clostridiales;f__Ruminococcaceae;g__Faecalibacterium;s__Faecalibacterium_prausnitzii	-0.0215748097439	-0.0196511922635	-0.0236470960193	-0.0238793417206	0.0101999647224	-0.00279487323363	0.059094889309	1.0	-0.0290132682371	-0.0348408760726	0.0756094146882	0.0377176160969	-0.0178503763321	-0.0611009364897	-0.00477578039392	0.0445602875807	0.00569349873862	-0.0172078943892	0.0516111066418	-0.0554739628051	-0.0831871893584	0.0277519874923	0.0102315597597	-0.00996631761436	-0.0381085140736	0.00197351189026	-0.0263698688324	-0.0357400413786	-0.0337138928999	0.00225563073958	-0.0282792513244	-0.0550967543467	0.0357212671671	-0.0216171305423	0.0189907152065	0.00753283189353	-0.000510527895324	-0.0294585551506	-0.00454172193568	-0.0293302113385	0.0535452050108	-0.000582431925038	-0.0384947863084	-0.0175111562319	-0.023402551659	-0.0656022875438	0.00277920518486	0.0128246192978	0.0444937452015	-0.0216240619919	-0.0254099611033	-0.0512333761136	0.0036941159799	0.00036561301562	-0.0339314224873	0.0232127326078	0.0141987054226	0.0110306132197	0.0659805736191
k__Bacteria;p__Bacteroidetes;c__Bacteroidia;o__Bacteroidales;f__Rikenellaceae;g__Alistipes;s__Alistipes_finegoldii	0.0135015520264	-0.033044259046	-0.03850081362	0.0127043769126	0.027245189311	-0.00840719793994	-0.00695057257883	-0.0290132682371	1.0	0.0215290696017	-0.0186769107584	0.0230889570291	-0.0195161625368	0.00312472293393	-0.0229523996771	-0.0659930186323	-0.0164567875837	-0.0269454846573	0.0209951248371	-0.011019186412	0.00976775073195	0.0151074560369	0.002460078942	-0.0588422260519	0.0518310140617	-0.0130614481075	0.0211329764694	-0.0784534242836	-0.0265897965823	0.00760418437184	-0.0348884076092	-0.0116306301495	0.0304776001509	-0.00433790242189	-0.0259072023353	-0.086773138868	-0.0165838392632	0.0085416194735	-0.0471928792161	0.0729013400034	0.0329100435228	-0.0552437801153	0.0298213209516	0.00773279640318	-0.0016160427122	-0.0284821381856	0.111212294376	-0.0165584688494	-0.0781653670763	0.0105335581236	-0.0617255258512	-0.0489627696818	0.0105625803116	0.000376369293889	-0.000648820769038	-0.0597873397062	-0.0545487321209	-0.0332185982195	0.0143911018446
k__Bacteria;p__Bacteroidetes;c__Bacteroidia;o__Bacteroidales;f__Porphyromonadaceae;g__Parabacteroides;s__Parabacteroides_distasonis	-0.121609341067	0.019947701499	0.0128016128328	0.0268333092358	0.0547297317914	0.0342252024387	0.0506738931082	-0.0348408760726	0.0215290696017	1.0	0.00274206376498	-0.0579711556148	-0.0237184629922	-0.0239426231623	0.00128195220203	-0.00619140582486	0.0728542029336	0.00708992464036	0.0296656431423	-0.0237783477072	-0.0187837703554	0.0183698610473	-0.0187539230964	-0.0620673343107	-0.0208826211916	-0.0895489373087	0.0576206822789	0.0912892990026	0.0267338538854	-0.0305107150398	-0.0488108044183	0.0486686431985	-0.00881719761793	-0.00524118065132	0.0219517212154	-0.0150822104064	0.0595257817199	0.00301253360509	0.0108628164142	-0.0767196930834	0.0129168736197	-0.0308829093016	0.00270680220875	-0.0865043123854	-0.00677320562327	-0.0535130497641	-0.0415633746481	-0.030994073849	-0.0496881476556	-0.000531919544396	-0.00846258158805	-0.0337235873346	0.00891137735729	0.0141322677151	-0.0175713865977	-0.00675989812985	0.0507981043605	0.0322054534438	-0.022996471422
k__Bacteria;p__Bacteroidetes;c__Bacteroidia;o__Bacteroidales;f__Bacteroidaceae;g__Bacteroides;s__Bacteroides_thetaiotaomicron	-0.0233099793551	-0.0620311907417	0.043835223694	-0.0091396583421	0.019190632926	-0.0230374256896	0.00604735762119	0.0756094146882	-0.0186769107584	0.00274206376498	1.0	0.0490735456484	-0.0408302001297	-0.0490887958265	-0.00832971355311	0.0278166889562	-0.0501469834791	0.0128290898174	0.0206036520027	-0.0117572675798	-0.0409319545843	-0.00969697822366	0.0121545789169	-0.0396332202261	-0.0171879992894	-0.051185578343	-0.020730265981	0.00126820867903	0.0113794754355	0.0033543146827	-0.0532564564061	-0.0352163384834	-0.0100196421911	-0.0232018348354	-0.0297505008782	-0.0391098648007	-0.0170290243841	-0.0451436056962	0.0275655976176	0.0266003585891	-0.022904204526	-0.00694985888669	-0.0299349590327	-0.0388344624288	-0.00064958859204	0.0259422072495	-0.0630160454038	0.0120970229663	0.018331275845	0.0606616636222	-0.00253650617604	-0.00546442955035	-0.0196317027144	0.0366501230948	-0.00100701617386	-0.0145811641628	0.00600944879653	0.0465267370633	-0.00426919742819
k__Bacteria;p__Bacteroidetes;c__Bacteroidia;o__Bacteroidales;f__Bacteroidaceae;g__Bacteroides;s__Bacteroides_coprocola	-0.00435310679712	-0.0473264482916	0.00262453523264	-0.00599297243934	-0.00952086738515	-0.0253850106695	-0.00365384486481	0.0377176160969	0.0230889570291	-0.0579711556148	0.0490735456484	1.0	0.0123562601795	-0.0153252087715	0.0193441857241	0.027518565983	-0.0173176494439	-0.0665030421745	0.0123110654356	0.0302948802455	0.0654699429354	0.0510364432784	-0.0309408429932	0.018984311148	0.017922922952	0.012024705441	-0.0527978369444	-0.0689150228482	-0.0196276745406	-0.0677712808609	-0.0439399248058	-0.0661396605645	0.00331930228107	-0.0264152260826	0.0183781846597	-0.0634094816815	-0.0556525100059	-0.0337515842322	0.0458371084456	0.0209261158408	0.0485104916397	0.0092300019492	0.0481620997556	0.00127342289916	0.0347971594221	-0.0610837453378	0.0112121614429	0.0309734945472	0.000382816389906	-0.051446981254	0.0361335993468	-0.0676521484459	-0.000903861615656	0.000940710929286	-0.0293559245897	-0.0253392260724	0.000164605327062	-0.0238410996339	0.0194518611061
k__Bacteria;p__Bacteroidetes;c__Bacteroidia;o__Bacteroidales;f__Bacteroidaceae;g__Bacteroides;s__Bacteroides_cellulosilyticus	0.011463464522	-0.00725134949796	-0.0292166986397	-0.0153744998541	-0.0628130044313	-0.106589780284	0.0249287224496	-0.0178503763321	-0.0195161625368	-0.0237184629922	-0.0408302001297	0.0123562601795	1.0	0.0256318690477	-0.0379691086028	-0.0117058604884	0.0303270248066	-0.017175996907	-0.00850517922547	-0.00357968156626	-0.0574818484974	-0.0412617795715	0.0400440293854	-0.00504451785619	-0.00613234975291	-0.0828955268548	-0.0214643008841	0.00263858390048	-0.0136903100608	-0.0202182773963	0.0463741607184	-0.0259070994802	-0.0469476935543	0.00381823165845	0.0443638806198	0.0342975422707	-0.0194668179402	0.032528321732	-0.0297671129828	-0.0504687386343	-0.0214666286304	0.0764745455136	0.0401002901965	-0.00634503116205	0.0102656013012	0.0305313098847	-0.0352226551746	-0.0342486623992	-0.00243245025616	-0.0372505286191	0.011080756596	0.0240967400937	-0.0286504397407	-0.0141648163188	0.00525452563297	-0.039475359232	0.000916457836326	0.00710117207328	-0.0360966702567
k__Bacteria;p__Bacteroidetes;c__Bacteroidia;o__Bacteroidales;f__Rikenellaceae;g__Alistipes;s__Alistipes_obesi	-0.0197730881452	0.0383955900269	-0.0191433439973	0.0561465696165	-0.0278500474574	0.0182002122609	-0.0834748178769	-0.0611009364897	0.00312472293393	-0.0239426231623	-0.0490887958265	-0.0153252087715	0.0256318690477	1.0	0.0221879813824	0.0147818221284	-0.0187328855156	-0.0155594155092	-0.0171936091035	-0.00452945538545	0.025611267937	-0.00342894382887	-0.0214182322944	-0.0767095853512	-0.00341612224424	0.00478023337998	-0.04601447784	0.0261680363173	0.0084407911502	0.0411139641528	0.000392826840365	-0.0332130089839	-0.00356959126814	-0.00069998479335	-0.00128852503792	0.0810247358028	0.0311205393928	-0.0106429193727	-0.0231467700305	-0.0429228647563	0.0821245358562	-0.0235223774859	-0.00799054481934	0.0193643000651	0.0223771378813	-0.0382579348965	0.0625927303103	-0.00853211074859	-0.0380558949763	-0.0658997957837	0.0123100966534	-0.0273044143099	-0.0206305758651	-0.0636074412481	0.026540519345	0.0481044825855	-0.0469531720747	0.0197362642801	-0.0747308015783
k__Bacteria;p__Firmicutes;c__Clostridia;o__Clostridiales;f__Lachnospiraceae;g__;s__[Eubacterium]_rectale	-0.0254847901067	-0.018936631335	-0.0368598739301	-0.042868096047	-0.00758456278352	-0.0203184372771	-0.00199709844611	-0.00477578039392	-0.0229523996771	0.00128195220203	-0.00832971355311	0.0193441857241	-0.0379691086028	0.0221879813824	1.0	-0.00964455563612	0.0438228886031	0.0164979885953	-0.0226614466811	-0.017494284832	-0.0929298078441	-0.0843461713535	0.0548105188931	-0.0421177490963	0.0243021686317	-0.0523467016479	-0.0211291288871	0.0387883006724	-0.0272939466748	0.0140086099498	-0.0197038976913	-0.0387348619566	-0.0313156595019	-0.06318579563	-0.0694486095331	-0.0300662580945	-0.00891129092559	0.02046970499	0.0756754999825	-0.0139674435151	-0.0348142163067	-0.0482105235287	-0.0465775515889	0.0341932623028	-0.0657660467765	-0.0271421262227	-0.0177331704302	0.00707900695045	-0.0425793742963	0.0670209994304	0.0306849542124	0.0360108283084	-0.0465032330236	-0.017409425786	-0.0379664044364	-0.0538770843833	0.0467390349072	0.00452327147195	0.0306914819591
k__Bacteria;p__Bacteroidetes;c__Bacteroidia;o__Bacteroidales;f__Bacteroidaceae;g__Bacteroides;s__Bacteroides_plebeius	-0.00443289574289	0.023614393096	-0.0216413422377	-0.0420743936808	-0.0212678105144	-0.00363875651491	-0.0069968919885	0.0445602875807	-0.0659930186323	-0.00619140582486	0.0278166889562	0.027518565983	-0.0117058604884	0.0147818221284	-0.00964455563612	1.0	-0.0163186326535	0.0116633522186	0.0117413094504	-0.00656085846676	0.0202725436434	0.0353491286581	0.0208478801176	0.0192576887152	0.0332457561108	0.0104487092042	-0.0260368574823	-0.0478565506994	0.0325468289899	0.0072102140699	-0.0237629832194	-0.0309700483632	-0.116380517578	-0.0199122359571	-0.0458379871026	0.0428618369276	-0.077899709776	0.0491019500538	0.0222672200828	-0.0270326676954	0.0054736732753	-0.000282109318107	-0.0455702716151	0.0388924557698	0.00301901327651	-0.0466331830267	-0.0624017662695	-0.0315674067701	0.00804095811694	-0.00368226438024	-0.00727198328514	0.00974525515682	-0.0396269569206	-0.0142671714012	-0.0071118316392	0.0357090554605	-0.0469610886585	0.0138872290835	-0.0074158867807
k__Bacteria;p__Bacteroidetes;c__Bacteroidia;o__Bacteroidales;f__Bacteroidaceae;g__Bacteroides;s__Bacteroides_fragilis	0.00411822665207	0.0516535815902	-0.0509109974947	0.0246460973532	0.0413836787849	-0.0028894157159	0.0173033437669	0.00569349873862	-0.0164567875837	0.0728542029336	-0.0501469834791	-0.0173176494439	0.0303270248066	-0.0187328855156	0.0438228886031	-0.0163186326535	1.0	0.0836120974199	-0.0119855225872	-0.0166555003835	-0.0131136172366	-0.0817399187626	-0.0367787021168	-0.0164115296107	-0.0293259602302	-0.00522107180723	-0.0180801116881	-0.00158489301311	-0.0251987713089	0.00453685743139	0.0291376411782	-0.0492644253603	-0.0294993940155	0.00856288481956	0.00195911726229	0.0122599949242	-0.0479203520907	-0.0443279952669	-0.0796046461766	0.01175222216	-0.033254428448	-0.0165645885665	0.00764503387207	-0.0373119706543	-0.0509948117889	0.0055480687309	-0.00554700889863	0.0051619251149	-0.0300566945489	-0.038671004194	-0.0197203876341	-0.0443934579302	0.0226974856798	-0.0338099311683	0.0231391398147	-0.00480881872888	0.00955324093553	0.0621866869691	-0.0202463168494
k__Bacteria;p__Proteobacteria;c__Betaproteobacteria;o__Burkholderiales;f__Sutterellaceae;g__Sutterella;s__Sutterella_wadsworthensis	0.0271015032782	-0.0238514401551	-0.026544095083	0.027193734626	0.0103492969508	-0.0316315953635	-0.0102695757203	-0.0172078943892	-0.0269454846573	0.00708992464036	0.0128290898174	-0.0665030421745	-0.017175996907	-0.0155594155092	0.0164979885953	0.0116633522186	0.0836120974199	1.0	-0.00319819792671	0.0587690506078	-0.000638656965368	-0.01006645666	-0.0156078651329	-0.109345202234	0.0324708615805	0.00969706701144	0.0311836559709	0.00609856205043	-0.0433999308129	-0.0911437885745	-0.0465692787713	0.057445523836	-0.0444382150161	0.0329588979206	0.0504763006918	0.0266529336942	0.0148190460362	-0.0179896299772	0.014467422994	0.00744130161177	0.0770849425625	0.0195231944477	-0.0206615645462	-0.0186207077438	0.0207560863811	0.0139949325533	-0.0411958073845	0.000653090576137	0.0122933396207	-0.0136039178701	-0.0492393728265	-0.033447383957	-0.0104057249906	0.0394879070749	0.00127772729291	-0.0215009912228	-0.00479422313639	0.0118824824113	-0.0353598689615
k__Bacteria;p__Bacteroidetes;c__Bacteroidia;o__Bacteroidales;f__Porphyromonadaceae;g__Barnesiella;s__Barnesiella_intestinihominis	-0.0222206560626	-0.0446309885843	-0.122559421381	-0.0506262951627	0.0223695985674	0.00708117842082	-0.0540687580822	0.0516111066418	0.0209951248371	0.0296656431423	0.0206036520027	0.0123110654356	-0.00850517922547	-0.0171936091035	-0.0226614466811	0.0117413094504	-0.0119855225872	-0.00319819792671	1.0	-0.0518006163013	0.0196475217724	-0.0146483720072	-0.0459697708979	0.0177718051225	-0.00790094448681	-0.0458594286595	-0.0432839954493	-0.00996836042692	-0.0260903137786	-0.0177471983203	-0.0216356487781	-0.0477667314533	0.0548053769695	0.0364163697024	-0.0831750078962	-0.0176787022579	0.00421359267422	0.0121876406588	-0.0038612280979	0.0422040995456	-0.0183935171587	-0.0109353514985	-0.0197834638489	-0.000470445377573	-0.045687934414	-0.0159545694128	-0.0429534970624	0.0158752331779	-0.0373845313585	-0.0166387048762	-0.0122572564508	0.0136529908104	-0.0155669187032	0.0194746529893	0.00844748604939	0.0257942001776	0.0023885722535	0.0150699622752	-0.0391200630832
k__Bacteria;p__Bacteroidetes;c__Bacteroidia;o__Bacteroidales;f__Odoribacteraceae;g__Odoribacter;s__Odoribacter_splanchnicus	0.00590736940812	0.0116899530748	-0.0431680559172	0.00332908771636	0.0126401233466	-0.00247031646819	-0.0250217900611	-0.0554739628051	-0.011019186412	-0.0237783477072	-0.0117572675798	0.0302948802455	-0.00357968156626	-0.00452945538545	-0.017494284832	-0.00656085846676	-0.0166555003835	0.0587690506078	-0.0518006163013	1.0	0.00823846650213	-0.0623608054956	-0.0167636158855	0.0730976504703	0.00806139820162	-0.0117052770178	0.00246842661241	0.0116562908661	0.0245398795998	0.0249042792767	-0.0753691707739	-0.0116149107261	-0.0258949805566	-0.019175181696	0.0776485456967	-0.0283092447748	-0.014135672149	0.0162395575396	-0.0167640172171	-0.0191543680278	0.0510703311613	-0.00316569910785	-0.0383424204485	-0.0193700113937	0.0256752895191	-0.00294788857753	-0.0590723540969	-0.0942012689452	-0.0520176667996	-0.0242725013294	-0.00294099309809	-0.0616084328181	0.0631659878785	0.0403658381906	0.0366847048698	0.0301712331242	0.0474034486082	-0.0245420791627	-0.034885010213
k__Bacteria;p__Bacteroidetes;c__Bacteroidia;o__Bacteroidales;f__Bacteroidaceae;g__Bacteroides;s__Bacteroides_salyersiae	-0.0504645667977	0.0137176959669	-0.0299236448209	0.00908547288303	-0.00959353322899	0.0126180791905	0.0333552617883	-0.0831871893584	0.00976775073195	-0.0187837703554	-0.0409319545843	0.0654699429354	-0.0574818484974	0.025611267937	-0.0929298078441	0.0202725436434	-0.0131136172366	-0.000638656965368	0.0196475217724	0.00823846650213	1.0	-0.0763634149443	-0.0620807625908	-0.0213956695945	-0.0262318616552	0.0160272071739	0.0226626806731	-0.0842777465264	0.00404795118813	0.0525342720244	-0.0280485625146	-0.00343246138625	-0.00351175513976	-0.0181165386918	-0.0748954061311	-0.000313365588235	0.00364105315288	-0.0563612572134	-0.0403701986664	0.0431392106309	0.0153202430863	-0.0439311923431	0.053728456694	-0.0110154964056	-0.0344130193083	-0.00523479619728	-0.00654133725981	-0.0438330974821	-0.046101146879	0.00855435843796	0.011682801107	-0.0263582859674	0.00665502417672	-0.0229158233684	-0.0210152544868	-0.015634219399	0.0225596454026	-0.0252119610417	-0.0409776571492
k__Bacteria;p__Firmicutes;c__Clostridia;o__Clostridiales;f__Ruminococcaceae;g__Ruminiclostridium;s__[Eubacterium]_siraeum	0.0519404250657	-0.00968649857737	0.00678344777304	0.00325830906282	-0.00087436560812	-0.0199312073513	-0.0524959595735	0.0277519874923	0.0151074560369	0.0183698610473	-0.00969697822366	0.0510364432784	-0.0412617795715	-0.00342894382887	-0.0843461713535	0.0353491286581	-0.0817399187626	-0.01006645666	-0.0146483720072	-0.0623608054956	-0.0763634149443	1.0	-0.0407977511294	0.0262164159401	-0.0578486041041	0.0507408792995	0.0281519576061	-0.028722722521	0.00231911351605	0.0395967841998	-0.0421386346483	0.0489063124383	-0.064297144067	-0.0390243942277	-0.0494352673058	0.0142924522082	-0.0078628226773	0.00886395913106	-0.00100125135043	0.0183432360412	-0.00520045919193	-0.0275714619846	-0.0294899441433	-0.0496409100472	0.0346157647129	0.00298716161484	-0.0191496512433	-0.0661057574219	0.0163151458315	0.0333947856948	0.0155994674445	-0.0530214541266	-0.0452664218009	-0.0218200417827	0.0169186109627	-0.0346420578043	0.0316539061441	0.000311647912655	0.0359077542869
k__Bacteria;p__Proteobacteria;c__Betaproteobacteria;o__Burkholderiales;f__Sutterellaceae;g__Parasutterella;s__Parasutterella_excrementihominis	-0.0103013861078	-0.00698220936284	0.0342564815884	-2.50263110489e-05	0.0020055797391	0.0284641033254	0.0105857611817	0.0102315597597	0.002460078942	-0.0187539230964	0.0121545789169	-0.0309408429932	0.0400440293854	-0.0214182322944	0.0548105188931	0.0208478801176	-0.0367787021168	-0.0156078651329	-0.0459697708979	-0.0167636158855	-0.0620807625908	-0.0407977511294	1.0	0.0359465625327	-0.0103071099352	-0.0781452435854	-0.0422226592355	0.0401929749503	0.0455300381667	-0.059583942621	-0.020342836088	-0.0373124475604	-0.00695865886179	0.0181544789669	0.0677189283124	-0.0432738192456	-0.0555426793104	-0.0408073390923	0.0611180709571	0.00401495139117	0.024318563018	-0.0126886259378	-0.044439625374	0.0319554146904	-0.0268382481816	0.0425743384888	-0.032736452931	-0.0567052322633	-0.0417282816072	0.0383004791387	0.0316087226931	0.0433793992628	-0.0972054199796	-0.0438387683973	0.0139577800974	-0.0630103710487	-0.0418353969735	-0.0318686095129	0.00450465013881
k__Bacteria;p__Actinobacteria;c__Actinobacteria;o__Bifidobacteriales;f__Bifidobacteriaceae;g__Bifidobacterium;s__Bifidobacterium_adolescentis	0.00702304275225	-0.0631054239966	-0.0186585234464	-0.00186389879817	-0.0225170086189	-0.0171939563075	0.0104806171883	-0.00996631761436	-0.0588422260519	-0.0620673343107	-0.0396332202261	0.018984311148	-0.00504451785619	-0.0767095853512	-0.0421177490963	0.0192576887152	-0.0164115296107	-0.109345202234	0.0177718051225	0.0730976504703	-0.0213956695945	0.0262164159401	0.0359465625327	1.0	0.00483230020729	0.0335562352099	-0.0120603856732	-0.0251911923798	0.0236149532957	0.0491899295067	0.0465204858751	-0.114908543724	-0.0150764863337	0.00707949409277	0.0286495672214	-0.0149312295252	-0.0749748349285	-0.0172669097834	-0.0419810420955	-0.00067953411064	-0.0220546000983	0.00176602872841	-0.0217776865107	-0.0205051627389	-0.0416604901357	-0.00131130313629	0.0521928385842	0.0761291766302	0.00705300357757	-0.0354111447897	-0.0112960620159	0.021599697758	-0.00276381463754	0.0126457933039	-0.0426733970806	0.000452523246425	-0.0189466329047	-0.0142750628567	0.0115410804619
k__Bacteria;p__Firmicutes;c__Clostridia;o__Clostridiales;f__Oscillospiraceae;g__Oscillibacter;s__Oscillibacter_sp._KLE_1745	-0.069532546257	-0.0475374191204	-0.0357768943624	-0.00338639299096	-0.0202697360793	0.0388732873517	0.0258146838382	-0.0381085140736	0.0518310140617	-0.0208826211916	-0.0171879992894	0.017922922952	-0.00613234975291	-0.00341612224424	0.0243021686317	0.0332457561108	-0.0293259602302	0.0324708615805	-0.00790094448681	0.00806139820162	-0.0262318616552	-0.0578486041041	-0.0103071099352	0.00483230020729	1.0	-0.0306233064931	-0.0804022758938	-0.00159506602991	0.020869854974	0.0371528719647	-0.073977717373	0.0324687825807	0.0629127642057	-0.0509636126816	0.0529834193422	-0.00850840479685	0.0362042229225	-0.0204717169637	-0.0438246338068	-0.00475413836799	-0.00207918787834	0.0480964912375	-0.0178651048197	-0.0114418958469	0.00232755445335	-0.0685441387215	-0.0149798022979	-0.00292349147418	0.0224150018477	-0.0164898822832	-0.0388796848373	-0.0570808546125	0.0195361093877	0.0265006210811	-0.0436132471895	0.0308353756582	-0.0298467113138	-0.0174172221318	-0.0349397720722
k__Bacteria;p__Bacteroidetes;c__Bacteroidia;o__Bacteroidales;f__Bacteroidaceae;g__Bacteroides;s__Bacteroides_coprophilus	0.0221873091353	0.00795254607113	0.0232183650052	0.0278491341791	-0.0638542697394	-0.0163320525454	0.0158364784692	0.00197351189026	-0.0130614481075	-0.0895489373087	-0.051185578343	0.012024705441	-0.0828955268548	0.00478023337998	-0.0523467016479	0.0104487092042	-0.00522107180723	0.00969706701144	-0.0458594286595	-0.0117052770178	0.0160272071739	0.0507408792995	-0.0781452435854	0.0335562352099	-0.0306233064931	1.0	0.0242041904953	0.0300642896813	-0.0747531734365	0.075062017926	0.0137316209221	-0.0588374366464	0.00822803124086	0.0376796519732	0.00336798547066	-0.030683493947	0.0144553401096	0.00938082807309	0.002880344818	-0.00677312779792	-0.0369431359551	0.018408175935	-0.0756561206017	-0.0121167319647	-0.0426123519799	-0.017499481715	0.0289939232021	-0.0347861680356	-0.0181758493259	-0.00825264109317	-0.0519019097735	0.0158129355769	-0.0308672879162	-0.0378830548625	0.0578643375779	-0.0595447993613	0.0139826604922	0.00355837350768	-0.0315901557724
k__Bacteria;p__Firmicutes;c__Clostridia;o__Clostridiales;f__Lachnospiraceae;g__Roseburia;s__Roseburia_intestinalis	0.0483796180542	0.00964840849561	0.00609493913977	0.0228620377753	0.0484988194422	0.00173660735016	-0.0109669276608	-0.0263698688324	0.0211329764694	0.0576206822789	-0.020730265981	-0.0527978369444	-0.0214643008841	-0.04601447784	-0.0211291288871	-0.0260368574823	-0.0180801116881	0.0311836559709	-0.0432839954493	0.00246842661241	0.0226626806731	0.0281519576061	-0.0422226592355	-0.0120603856732	-0.0804022758938	0.0242041904953	1.0	-0.0261060151432	-0.0843541078626	0.0386741367445	0.0316983404274	-0.037504605935	-0.0358955309973	0.00283864361699	0.0254438080767	-0.0143185215685	-0.0171904894575	-0.00967662067949	-0.011225701099	-0.0098238885726	-0.00681736523537	-0.0191981180389	-0.0324589697606	-0.0285508051702	-0.014158445222	0.0156932375205	0.00641855504074	-0.0646625322267	-0.0152609101556	0.0216362789709	-0.0556161777981	0.0128731901185	0.00199656102328	-0.0405006734228	-0.0452796293021	-0.0297689764625	-0.00130644194891	0.0123194702211	-0.0837504208433
k__Bacteria;p__Firmicutes;c__Clostridia;o__Clostridiales;f__Lachnospiraceae;g__Roseburia;s__Roseburia_hominis	0.0116572338283	0.0328104900345	-0.0364993341996	-0.0264908936231	0.00505404073491	0.0538173155707	-0.0255568168493	-0.0357400413786	-0.0784534242836	0.0912892990026	0.00126820867903	-0.0689150228482	0.00263858390048	0.0261680363173	0.0387883006724	-0.0478565506994	-0.00158489301311	0.00609856205043	-0.00996836042692	0.0116562908661	-0.0842777465264	-0.028722722521	0.0401929749503	-0.0251911923798	-0.00159506602991	0.0300642896813	-0.0261060151432	1.0	0.0442232769324	-0.0541877996496	-0.04597584497	0.0221598069921	-0.0285717780727	0.000685906531165	0.0416801249705	-0.0155660748246	-0.00405238100889	0.0444378144396	-0.0284281311423	-0.0242255601923	-0.0141361338502	0.0224519431255	0.00739765462133	-0.0165407866964	-0.0333962395449	-0.0404908541002	0.0173587336294	0.0532138388736	0.0465351074062	-0.0192079547216	-0.0049131959681	-0.00976449813084	0.0265512471195	0.0357440719537	0.0127847513546	-0.0015025376814	-0.0282848642112	0.00746566739026	-0.0592257468706
k__Bacteria;p__Bacteroidetes;c__Bacteroidia;o__Bacteroidales;f__Porphyromonadaceae;g__Parabacteroides;s__Parabacteroides_johnsonii	-0.0350974937843	0.0240895287664	0.0138493225629	-0.00513445251145	-0.0338476021452	-0.0150536749289	0.00340726582021	-0.0337138928999	-0.0265897965823	0.0267338538854	0.0113794754355	-0.0196276745406	-0.0136903100608	0.0084407911502	-0.0272939466748	0.0325468289899	-0.0251987713089	-0.0433999308129	-0.0260903137786	0.0245398795998	0.00404795118813	0.00231911351605	0.0455300381667	0.0236149532957	0.020869854974	-0.0747531734365	-0.0843541078626	0.0442232769324	1.0	-0.0275129160034	-0.0117436430106	0.00866211795408	0.0495507051154	-0.0365495943688	-0.000892011828163	-0.00208797147324	-0.0308284072593	0.0162811994912	0.0685506376329	0.014390978044	-0.0152737276665	-0.0195726492559	-0.00917693415818	0.00585270015476	-0.0110410636781	-0.0200153729048	0.0397241861957	0.0127105846614	-0.00364116523274	0.0195939129243	0.00563760258192	0.0238172667293	-0.00712990575852	0.00498065222961	0.0586745688373	-0.062660820674	-0.0165817568421	-0.119268113854	0.0450944266371
k__Bacteria;p__Actinobacteria;c__Actinobacteria;o__Bifidobacteriales;f__Bifidobacteriaceae;g__Bifidobacterium;s__Bifidobacterium_longum	0.00798520334579	-0.000986873014269	-0.0175218425309	-0.0397888123909	-0.0080232696173	-0.0873570250552	-0.0080069832243	0.00225563073958	0.00760418437184	-0.0305107150398	0.0033543146827	-0.0677712808609	-0.0202182773963	0.0411139641528	0.0140086099498	0.0072102140699	0.00453685743139	-0.0911437885745	-0.0177471983203	0.0249042792767	0.0525342720244	0.0395967841998	-0.059583942621	0.0491899295067	0.0371528719647	0.075062017926	0.0386741367445	-0.0541877996496	-0.0275129160034	1.0	0.0417072069513	-0.0427235288846	-0.00251198044315	-0.00384323076883	-0.0338034545503	-0.0271217779687	-0.0223077359762	-0.0328007608346	-0.0194334422045	-0.0300520829849	-0.0184804418175	-0.0787618234037	0.0302062897	-0.0195182079491	0.0190308291332	-0.0707723497152	0.00904856292252	0.0177181915074	0.00346765632836	-0.0565086253206	0.0198227399578	0.0253946887323	-0.0686786188424	-0.0315759209453	-0.0372560316016	-0.0113134566168	-0.0144171982702	0.0499427240507	-0.0195078587119
