#taxonomy	k__Bacteria;p__Bacteroidetes;c__Bacteroidia;o__Bacteroidales;f__Bacteroidaceae;g__Bacteroides;s__Bacteroides_vulgatus	k__Bacteria;p__Bacteroidetes;c__Bacteroidia;o__Bacteroidales;f__Bacteroidaceae;g__Bacteroides;s__Bacteroides_uniformis	k__Bacteria;p__Bacteroidetes;c__Bacteroidia;o__Bacteroidales;f__Rikenellaceae;g__Alistipes;s__Alistipes_putredinis	k__Bacteria;p__Bacteroidetes;c__Bacteroidia;o__Bacteroidales;f__Prevotellaceae;g__Prevotella;s__Prevotella_copri	k__Bacteria;p__Bacteroidetes;c__Bacteroidia;o__Bacteroidales;f__Bacteroidaceae;g__Bacteroides;s__Bacteroides_stercoris	k__Bacteria;p__Bacteroidetes;c__Bacteroidia;o__Bacteroidales;f__Bacteroidaceae;g__Bacteroides;s__Bacteroides_ovatus	k__Bacteria;p__Bacteroidetes;c__Bacteroidia;o__Bacteroidales;f__Rikenellaceae;g__Alistipes;s__Alistipes_shahii	k__Bacteria;p__Firmicutes;c__Clostridia;o__Clostridiales;f__Ruminococcaceae;g__Faecalibacterium;s__Faecalibacterium_prausnitzii	k__Bacteria;p__Bacteroidetes;c__Bacteroidia;o__Bacteroidales;f__Rikenellaceae;g__Alistipes;s__Alistipes_finegoldii	k__Bacteria;p__Bacteroidetes;c__Bacteroidia;o__Bacteroidales;f__Porphyromonadaceae;g__Parabacteroides;s__Parabacteroides_distasonis	k__Bacteria;p__Bacteroidetes;c__Bacteroidia;o__Bacteroidales;f__Bacteroidaceae;g__Bacteroides;s__Bacteroides_thetaiotaomicron	k__Bacteria;p__Bacteroidetes;c__Bacteroidia;o__Bacteroidales;f__Bacteroidaceae;g__Bacteroides;s__Bacteroides_coprocola	k__Bacteria;p__Bacteroidetes;c__Bacteroidia;o__Bacteroidales;f__Bacteroidaceae;g__Bacteroides;s__Bacteroides_cellulosilyticus	k__Bacteria;p__Bacteroidetes;c__Bacteroidia;o__Bacteroidales;f__Rikenellaceae;g__Alistipes;s__Alistipes_obesi	k__Bacteria;p__Firmicutes;c__Clostridia;o__Clostridiales;f__Lachnospiraceae;g__;s__[Eubacterium]_rectale	k__Bacteria;p__Bacteroidetes;c__Bacteroidia;o__Bacteroidales;f__Bacteroidaceae;g__Bacteroides;s__Bacteroides_plebeius	k__Bacteria;p__Bacteroidetes;c__Bacteroidia;o__Bacteroidales;f__Bacteroidaceae;g__Bacteroides;s__Bacteroides_fragilis	k__Bacteria;p__Proteobacteria;c__Betaproteobacteria;o__Burkholderiales;f__Sutterellaceae;g__Sutterella;s__Sutterella_wadsworthensis	k__Bacteria;p__Bacteroidetes;c__Bacteroidia;o__Bacteroidales;f__Porphyromonadaceae;g__Barnesiella;s__Barnesiella_intestinihominis	k__Bacteria;p__Bacteroidetes;c__Bacteroidia;o__Bacteroidales;f__Odoribacteraceae;g__Odoribacter;s__Odoribacter_splanchnicus	k__Bacteria;p__Bacteroidetes;c__Bacteroidia;o__Bacteroidales;f__Bacteroidaceae;g__Bacteroides;s__Bacteroides_salyersiae	k__Bacteria;p__Firmicutes;c__Clostridia;o__Clostridiales;f__Ruminococcaceae;g__Ruminiclostridium;s__[Eubacterium]_siraeum	k__Bacteria;p__Proteobacteria;c__Betaproteobacteria;o__Burkholderiales;f__Sutterellaceae;g__Parasutterella;s__Parasutterella_excrementihominis	k__Bacteria;p__Actinobacteria;c__Actinobacteria;o__Bifidobacteriales;f__Bifidobacteriaceae;g__Bifidobacterium;s__Bifidobacterium_adolescentis	k__Bacteria;p__Firmicutes;c__Clostridia;o__Clostridiales;f__Oscillospiraceae;g__Oscillibacter;s__Oscillibacter_sp._KLE_1745	k__Bacteria;p__Bacteroidetes;c__Bacteroidia;o__Bacteroidales;f__Bacteroidaceae;g__Bacteroides;s__Bacteroides_coprophilus	k__Bacteria;p__Firmicutes;c__Clostridia;o__Clostridiales;f__Lachnospiraceae;g__Roseburia;s__Roseburia_intestinalis	k__Bacteria;p__Firmicutes;c__Clostridia;o__Clostridiales;f__Lachnospiraceae;g__Roseburia;s__Roseburia_hominis	k__Bacteria;p__Bacteroidetes;c__Bacteroidia;o__Bacteroidales;f__Porphyromonadaceae;g__Parabacteroides;s__Parabacteroides_johnsonii	k__Bacteria;p__Actinobacteria;c__Actinobacteria;o__Bifidobacteriales;f__Bifidobacteriaceae;g__Bifidobacterium;s__Bifidobacterium_longum	k__Bacteria;p__Firmicutes;c__Clostridia;o__Clostridiales;f__;g__Flavonifractor;s__Flavonifractor_plautii	k__Bacteria;p__Firmicutes;c__Clostridia;o__Clostridiales;f__Clostridiaceae;g__Clostridium;s__Clostridium_phoceensis	k__Bacteria;p__Verrucomicrobia;c__Verrucomicrobiae;o__Verrucomicrobiales;f__Akkermansiaceae;g__Akkermansia;s__Akkermansia_muciniphila	k__Bacteria;p__Bacteroidetes;c__Bacteroidia;o__Bacteroidales;f__Prevotellaceae;g__Paraprevotella;s__Paraprevotella_xylaniphila	k__Bacteria;p__Firmicutes;c__Clostridia;o__Clostridiales;f__Ruminococcaceae;g__Ruminococcus;s__Ruminococcus_callidus	k__Bacteria;p__Bacteroidetes;c__Bacteroidia;o__Bacteroidales;f__Rikenellaceae;g__Alistipes;s__Alistipes_senegalensis	k__Bacteria;p__Firmicutes;c__Clostridia;o__Clostridiales;f__Lachnospiraceae;g__Blautia;s__Blautia_sp._KLE_1732	k__Bacteria;p__Bacteroidetes;c__Bacteroidia;o__Bacteroidales;f__Bacteroidaceae;g__Bacteroides;s__Bacteroides_oleiciplenus	k__Bacteria;p__Firmicutes;c__Clostridia;o__Clostridiales;f__Ruminococcaceae;g__Ruminococcus;s__Ruminococcus_bicirculans	k__Bacteria;p__Bacteroidetes;c__Bacteroidia;o__Bacteroidales;f__Bacteroidaceae;g__Bacteroides;s__Bacteroides_fluxus	k__Bacteria;p__Bacteroidetes;c__Bacteroidia;o__Bacteroidales;f__Prevotellaceae;g__Prevotella;s__Prevotella_stercorea	k__Bacteria;p__Firmicutes;c__Clostridia;o__Clostridiales;f__Lachnospiraceae;g__Dorea;s__Dorea_longicatena	k__Bacteria;p__Firmicutes;c__Clostridia;o__Clostridiales;f__Eubacteriaceae;g__Eubacterium;s__[Eubacterium]_eligens	k__Bacteria;p__Firmicutes;c__Clostridia;o__Clostridiales;f__Ruminococcaceae;g__;s__Ruminococcaceae_bacterium_D16	k__Bacteria;p__Firmicutes;c__Clostridia;o__Clostridiales;f__Lachnospiraceae;g__Coprococcus;s__Coprococcus_comes	k__Bacteria;p__Proteobacteria;c__Gammaproteobacteria;o__Enterobacterales;f__Enterobacteriaceae;g__Escherichia;s__Escherichia_coli	k__Bacteria;p__Firmicutes;c__Clostridia;o__Clostridiales;f__Ruminococcaceae;g__Anaerotruncus;s__Anaerotruncus_colihominis	k__Bacteria;p__Firmicutes;c__Clostridia;o__Clostridiales;f__Lachnospiraceae;g__Blautia;s__Blautia_obeum	k__Bacteria;p__Bacteroidetes;c__Bacteroidia;o__Bacteroidales;f__Odoribacteraceae;g__Odoribacter;s__Odoribacter_laneus	k__Bacteria;p__Firmicutes;c__Clostridia;o__Clostridiales;f__Ruminococcaceae;g__Ruminiclostridium;s__[Clostridium]_leptum	k__Bacteria;p__Bacteroidetes;c__Bacteroidia;o__Bacteroidales;f__Porphyromonadaceae;g__Parabacteroides;s__Parabacteroides_goldsteinii	k__Bacteria;p__Firmicutes;c__Clostridia;o__Clostridiales;f__Lachnospiraceae;g__Anaerostipes;s__Anaerostipes_hadrus	k__Bacteria;p__Firmicutes;c__Clostridia;o__Clostridiales;f__Ruminococcaceae;g__Ruminococcus;s__Ruminococcus_lactaris	k__Bacteria;p__Firmicutes;c__Clostridia;o__Clostridiales;f__Clostridiaceae;g__Clostridium;s__Clostridium_sp._L2-50	k__Bacteria;p__Firmicutes;c__Clostridia;o__Clostridiales;f__Clostridiaceae;g__Clostridium;s__Clostridium_sp._M62/1	k__Bacteria;p__Firmicutes;c__Clostridia;o__Clostridiales;f__;g__Intestinimonas;s__Intestinimonas_butyriciproducens	k__Bacteria;p__Actinobacteria;c__Actinobacteria;o__Bifidobacteriales;f__Bifidobacteriaceae;g__Bifidobacterium;s__Bifidobacterium_bifidum	k__Bacteria;p__Firmicutes;c__Negativicutes;o__Veillonellales;f__Veillonellaceae;g__Dialister;s__Dialister_invisus	k__Bacteria;p__Bacteroidetes;c__Bacteroidia;o__Bacteroidales;f__Bacteroidaceae;g__Bacteroides;s__Bacteroides_salanitronis
k__Bacteria;p__Bacteroidetes;c__Bacteroidia;o__Bacteroidales;f__Bacteroidaceae;g__Bacteroides;s__Bacteroides_vulgatus	1.0	-0.0010111117492	-0.0359929841391	-0.0693730037457	0.00201359191271	-0.00991457711534	0.0178585635918	0.0293333297163	0.0671468437033	-0.0201310951491	-0.0553036616006	0.0128906255765	-0.0537619989713	-0.0131763427011	0.0049186352822	0.0145904184359	0.0012320704961	-0.00843018829703	0.0108430002192	-0.019601628129	0.0710692702134	-0.021176674164	-0.00629223428725	-0.053651888593	-0.0191998432821	0.0252069070957	-0.0121401420434	-0.0475782591017	-0.034537706603	-0.00172643063933	-0.000978286779628	-0.0237869164614	-0.0569655722694	-0.000748191233608	-0.0452241151779	0.0405130121587	0.0139166954741	0.047963556592	-0.0233762459353	0.0499116512546	-0.0417248351801	-0.0370595114327	0.0228187581389	0.0195918537322	0.00870718145592	0.0231593498077	-0.0127477674289	-0.00759349096881	0.0594866633957	-0.0224333920232	0.00459940043756	-0.00124615715119	0.0432827949324	-0.0198974219383	0.0390908564788	0.0121819414936	-0.0445604205302	-0.0821278923881	-0.0201055691817
k__Bacteria;p__Bacteroidetes;c__Bacteroidia;o__Bacteroidales;f__Bacteroidaceae;g__Bacteroides;s__Bacteroides_uniformis	-0.0010111117492	1.0	0.0382191120607	0.0167004736294	-0.00353930088441	0.068193390002	0.00377991015963	0.00344165815801	-0.050682063069	0.0046194318348	-0.0359803867698	0.0101145512379	0.0665911678234	0.0465985187307	0.0516597106111	-0.0185469274204	-0.000485344932206	-0.052935286136	-0.00471370499434	-0.0159500093963	-0.00547884105191	0.00703823489317	-0.0273851088302	-0.0308752199436	-0.0228892550021	0.0128815523653	-0.0206766562938	-0.0264342899102	0.0115616805034	-0.0486135088451	-0.0320822197739	-0.0146800222584	-0.0391916572634	0.0423751193611	0.0100797581154	0.0220111426942	0.0387863698354	-0.0189375297467	-0.026351898405	-0.0197208423615	-0.0839614351741	-0.0533243845958	-0.0171701099572	-0.00815095365291	-0.0306229676449	0.0073832116912	-0.0256760907397	-0.041065793048	-0.0167107547579	0.00541221479834	-0.0343207486559	0.0551632904265	-0.0760981157013	0.00289326729417	-0.0272751488415	-0.00249808114071	-0.0135911162561	-0.0530344797815	-0.1106200344
k__Bacteria;p__Bacteroidetes;c__Bacteroidia;o__Bacteroidales;f__Rikenellaceae;g__Alistipes;s__Alistipes_putredinis	-0.0359929841391	0.0382191120607	1.0	0.0173642158886	-0.0191847874549	0.00170897643997	0.0595035591832	-0.013226110969	-0.0120010783746	0.0120394028051	-0.061750763302	-0.00307022704384	-0.00183746577499	-0.0136119562596	0.00610615253985	0.0132956807682	-0.0436337408978	0.00771303042847	-0.00867012199373	0.00805752237445	-0.0278053204758	0.0425577317133	0.00926500216206	0.0211303943134	-0.0459823577378	-0.0223151159973	-0.0345418373619	0.0296205724063	-0.0304006231536	-0.0233037340347	0.00301906673022	0.0124073233372	0.0515686645913	0.00295574360747	-0.0125233485198	-0.00225547661029	-0.0443247013645	0.0518024976196	0.0174744614022	0.0149360072881	0.0427445863543	0.00208875996608	-0.0319285707869	-0.0403189158948	0.00676466787612	-0.0285415935648	-0.0700857558788	-0.0163192517664	-0.0667117019684	0.00360903014607	-0.0191290876782	-0.0436499831852	-0.0936648843851	0.0203601566177	-0.104816582264	0.064578971966	-0.0199725539044	-0.00934822253567	0.0129180778131
k__Bacteria;p__Bacteroidetes;c__Bacteroidia;o__Bacteroidales;f__Prevotellaceae;g__Prevotella;s__Prevotella_copri	-0.0693730037457	0.0167004736294	0.0173642158886	1.0	0.029148862115	0.00999156781462	0.0462569149863	0.021827600415	-0.0437887937657	0.0388205746545	-0.12507595929	-0.0269744078062	-0.00624305058908	-0.0047880379188	-0.0304522412344	0.0395355820992	0.00379506773699	-0.0108550098446	-0.0180939348007	-0.0270914022513	0.00125600084847	-0.0414365708596	0.0180464045616	-0.0269773658175	0.0135451975995	-0.0711043722264	-0.0219467683455	-0.0623740339695	0.0168464975129	-0.013006570527	-0.0609310534139	-0.0488014848324	0.0390527949415	-0.0479018588828	0.0552155706757	-0.00761088362438	0.0744399240482	0.00853331166164	-0.0338017642566	-0.0131564125997	0.013915298501	-0.0103382122664	-0.0123789375864	-0.00886842853607	-0.0544017689963	-0.000981348868909	0.0334163973778	0.0232522591067	0.0773694767813	-0.00839224156538	-0.0454950158025	0.0361113718671	-0.0124376032093	-0.0168694616943	0.0160106069212	-0.00838919268158	0.0176632046827	-0.017431148315	-0.0514784949475
k__Bacteria;p__Bacteroidetes;c__Bacteroidia;o__Bacteroidales;f__Bacteroidaceae;g__Bacteroides;s__Bacteroides_stercoris	0.00201359191271	-0.00353930088441	-0.0191847874549	0.029148862115	1.0	-0.0556277970115	0.000116845768234	-0.0623129252633	0.0109482794905	-0.0353229595851	0.0502205800571	-0.0176593123688	0.0359926501892	-0.0260539109194	-0.00328687491786	0.00627546090544	-0.0514151921726	-0.0557996580819	-0.0284860158688	0.0277765459935	0.0131972591472	-0.0419816126868	-0.0825573261536	0.00593192022305	-0.0468054207923	-0.0186863976689	-0.00965464053741	0.0418508228166	-0.00605688302631	-0.0180853179739	-0.0216474869029	0.0267025842704	0.0171658648405	0.00644017191058	0.00655882398675	-0.059373946084	-0.0353380703938	-0.0313161704318	0.0140279272452	0.00353938519552	0.0230178054908	0.00321317402633	0.0451858153639	-0.0235676571081	0.0361735925267	-0.0773202567679	-0.00489817453069	-0.00687528435043	-0.0211122135142	0.0200573894551	0.0550292888919	-0.0401429595366	0.000572914509038	-0.00111090382146	-0.0127443849486	-0.0208760898405	0.0517570586661	-0.0162754475266	-0.00787267917601
k__Bacteria;p__Bacteroidetes;c__Bacteroidia;o__Bacteroidales;f__Bacteroidaceae;g__Bacteroides;s__Bacteroides_ovatus	-0.00991457711534	0.068193390002	0.00170897643997	0.00999156781462	-0.0556277970115	1.0	-0.00710682603953	-0.0137977652022	-0.0577916065041	0.0394283886198	-0.00420946469234	0.0261673434187	-0.0703477850011	-0.0116880011677	0.0502539896046	0.0244316851655	0.0414127945207	-0.0394839278094	-0.0392812077981	0.0481074971341	0.0288561283016	0.031029138294	0.00394573717708	-0.0423999315424	-0.0363695964128	-0.0339805941408	-0.0451335505218	0.0365000940195	-0.0291568978841	0.0159706164288	0.0214201917904	0.00415881837889	-0.0218772040315	-0.0140825454868	-0.0575312302661	-0.0558594781368	0.0683651114984	0.0162411725406	-0.0472506004108	-0.0151073878862	-0.0140426115843	0.00117408505836	-0.0299835816863	0.0324032377233	-0.0194822506916	-0.00447809436964	-0.0341632489797	-0.0363312738929	0.00287817214115	0.0183706529989	-0.0356583297758	-0.00622322811386	0.0424633723965	-0.0727842187346	-0.0468719508378	-0.032499246288	-0.0182001189882	-0.040548935732	0.0142214674978
k__Bacteria;p__Bacteroidetes;c__Bacteroidia;o__Bacteroidales;f__Rikenellaceae;g__Alistipes;s__Alistipes_shahii	0.0178585635918	0.00377991015963	0.0595035591832	0.0462569149863	0.000116845768233	-0.00710682603953	1.0	0.0237660777106	0.0673607188139	-0.0307292763765	-0.0298666300346	-0.0650836995887	0.0051941573343	-0.00389695141579	-0.030432215658	-0.0245746059774	-0.0217146491314	-0.0180975562229	0.0260783877939	-0.0397387400021	-0.0684147300294	-0.0249102489762	0.0520306222656	0.0436894946898	-0.0412562259663	0.0327650698259	-0.000747386117869	0.0136281337028	0.0380608339305	-0.03970645372	-0.0447729405613	-0.00308921546692	-0.0474623154956	0.0199021268645	0.00573439971547	-0.00128396338694	0.0192689532365	-0.037658563777	-0.0768980228011	0.00138667081001	-0.0476900158064	-0.026083162648	-0.0141391058735	-0.00859551108644	-0.0438584508274	-0.0608220793314	-0.019100959094	-0.0454594168927	0.0165007690168	-0.00367818151892	-0.0283294056151	-0.00122250906848	0.0275246100854	-0.0215471736349	-0.0183254110763	-0.0208211891408	-0.0109862261595	-0.023764879141	-0.0317355624128
k__Bacteria;p__Firmicutes;c__Clostridia;o__Clostridiales;f__Ruminococcaceae;g__Faecalibacterium;s__Faecalibacterium_prausnitzii	0.0293333297163	0.00344165815801	-0.013226110969	0.021827600415	-0.0623129252633	-0.0137977652022	0.0237660777106	1.0	0.0026118046748	-0.0330946270084	-0.0363747264352	0.00111066143095	-0.0345481454842	-0.0170131819634	0.00222058402663	-0.0376804899101	0.0113666610548	-0.0352085977486	0.00803222936333	-0.00134647937716	0.0778168964476	0.0219115537258	0.0478785214505	-0.00178005899745	0.00615300821056	-0.0221212704775	-0.072942367846	-0.00508428120002	-0.0152053548159	-0.00620111419727	0.0134282991801	0.0226447714949	0.012636295887	-0.0101893330273	0.0389329932803	-0.0604412762791	0.000615676701363	0.0258460635221	0.0390160202744	-0.0144714188931	0.00147656263229	-0.0444262363938	-0.0985849920076	0.0135120747762	-0.0316625620792	0.0160958406843	-0.102344697385	0.0762494416919	0.00059078579618	0.00422327182781	-0.0271115864635	0.0445257222674	-0.0555219084178	0.0505690874022	-0.0192180276835	0.0139247325852	-0.0172749543394	-0.0448884380385	0.037009867658
k__Bacteria;p__Bacteroidetes;c__Bacteroidia;o__Bacteroidales;f__Rikenellaceae;g__Alistipes;s__Alistipes_finegoldii	0.0671468437033	-0.050682063069	-0.0120010783746	-0.0437887937657	0.0109482794905	-0.0577916065041	0.0673607188139	0.0026118046748	1.0	-0.00661138955374	-0.00142885902827	0.016781108989	-0.0462623390831	-0.0625761680525	0.0228805187004	-0.0499506767732	-0.05953747925	-0.0720785857943	-0.0256496928662	-0.00553796474262	0.0136136530676	-0.0139094394542	0.0553787055895	-0.0496626159742	0.0205204009297	-0.0365008200779	0.00576442350304	0.0546004174615	-0.0251770522545	0.0128135181818	-0.0409795355038	0.0109732447957	-0.0420147481483	0.0398982255074	-0.0178596466941	0.0270196451419	-0.0139133153535	-0.0136098129611	-0.0945510074685	0.117121802089	0.00905662133812	0.0276060240597	-0.0663784005498	0.0186457241636	0.00422742078732	0.0153982845331	-0.0186052277818	0.0115466409659	-0.0231190399572	0.0306055094833	-0.00894482385975	-0.0279000753328	0.0401635739227	0.0108654707034	-0.0443698373424	-0.0178814762744	-0.0383506137316	0.00884099193089	-0.0200892114071
k__Bacteria;p__Bacteroidetes;c__Bacteroidia;o__Bacteroidales;f__Porphyromonadaceae;g__Parabacteroides;s__Parabacteroides_distasonis	-0.0201310951491	0.0046194318348	0.0120394028051	0.0388205746545	-0.0353229595851	0.0394283886198	-0.0307292763765	-0.0330946270084	-0.00661138955374	1.0	-0.0275288262062	-0.00402414160236	-0.0277959662406	-0.00946981921891	0.0646118632437	-0.0811660703847	0.00853123826637	-0.0447121696784	0.00476049611834	-0.0161775948156	-0.0207223045915	-0.0211282496088	-0.0249793857303	0.0250751550785	0.0193873027289	0.0354236840637	0.0340270338474	0.0282373899134	-0.0514545724133	-0.0485099074952	-0.0303413619737	-0.0485040747115	0.0311511314138	-0.0477508128048	-0.0259708622908	-0.00569240747265	-0.0711329058584	-0.0131516041997	-0.0316391579967	-0.00639804790059	0.0803847239534	0.023056866507	-0.0214035921185	0.0124324367974	-0.00121167695903	-0.0313611714215	0.00394194065212	0.0365317079486	-0.0144853469233	-0.0433288750043	-0.0343944034774	-0.0775633973865	0.047017249656	0.0210233844148	0.06886389052	-0.0315656453727	0.062202576471	0.0054081348305	-0.0175278914384
k__Bacteria;p__Bacteroidetes;c__Bacteroidia;o__Bacteroidales;f__Bacteroidaceae;g__Bacteroides;s__Bacteroides_thetaiotaomicron	-0.0553036616006	-0.0359803867698	-0.061750763302	-0.12507595929	0.0502205800571	-0.00420946469234	-0.0298666300346	-0.0363747264352	-0.00142885902827	-0.0275288262062	1.0	0.00440896183822	0.0349328569352	-0.0549901381016	-0.027576727301	-0.0166961292884	-0.0237265724713	-0.0025954010359	0.00469089837878	-0.076522190289	-0.0418782541863	-0.0189108498575	0.012265817513	0.023456312773	-0.0152332819824	0.0101977814966	-0.0278750613868	-0.0501429181146	0.0223206887102	0.00592964662466	0.0304517910887	0.0379969269147	-0.0230357606524	-0.00983655803159	-0.0451256138995	-0.033638656058	-0.0440671282528	-0.0375114572519	-0.000505529902362	0.00389015193478	-0.00866333928	-0.0356683747199	-0.0389243845612	0.0607908219819	0.0731726759269	0.0399308331428	0.0267989380372	-0.00387604141898	0.022363740495	0.0519688014762	0.05017328251	0.0308364060934	-0.00273428549782	0.00165530571805	0.0386146937643	-0.0255549022389	-0.00198515127536	-0.0435705536339	-0.055557794658
k__Bacteria;p__Bacteroidetes;c__Bacteroidia;o__Bacteroidales;f__Bacteroidaceae;g__Bacteroides;s__Bacteroides_coprocola	0.0128906255765	0.0101145512379	-0.00307022704384	-0.0269744078062	-0.0176593123688	0.0261673434187	-0.0650836995887	0.00111066143095	0.016781108989	-0.00402414160236	0.00440896183822	1.0	-0.0162058939783	-0.0135817329671	-0.0525030416765	0.054362669406	0.026240863435	0.00709172123504	0.00935437372143	-0.0767292493342	0.00222393690167	-0.0125789505197	0.0413855345772	-0.0268644824739	-0.0665381355391	-0.0157292145415	-0.0252470346351	-0.0729375228216	-0.0304509760986	0.0285146248256	-0.0177405960142	0.0325326636349	-0.00920712535853	0.0464924693694	0.013874425092	0.0170375715305	-0.0292645175818	-0.0149869194747	-0.0421982024972	0.00969972093689	-0.00979699120641	0.0240834662185	-0.0248609727483	0.0221273133223	-0.0505384311265	0.0350539941796	-0.0176797639096	-0.0100236154596	0.00610336649087	0.0243778931897	0.0946910306927	-0.000372041817454	0.0261098394837	-0.0184098925674	0.00926130628559	0.0163110782879	-0.0134362587573	0.0824707872301	-0.0380211096854
k__Bacteria;p__Bacteroidetes;c__Bacteroidia;o__Bacteroidales;f__Bacteroidaceae;g__Bacteroides;s__Bacteroides_cellulosilyticus	-0.0537619989713	0.0665911678234	-0.00183746577499	-0.00624305058908	0.0359926501892	-0.0703477850011	0.0051941573343	-0.0345481454842	-0.0462623390831	-0.0277959662406	0.0349328569352	-0.0162058939783	1.0	-0.0166010314368	-0.0598471460298	-0.0292959402788	0.0251447633669	0.00469720351248	0.0507926466864	-0.046889730757	-0.029534577584	-0.0307638049007	-0.0563089672287	-0.0054087425471	-0.0110394115791	-0.0627097184036	0.0239634687063	-0.0187954297528	-0.0170453172294	-0.0182355121239	-0.0449272026208	-0.0208019803509	-0.0180792047729	-0.0140657505488	-0.0189004876004	-0.0271971474919	-0.0118136708557	-0.0168019266798	0.00888893615229	-0.00515223228138	-0.0276849597481	-0.0162467417777	-0.0314806479262	-0.0438283140749	-0.00664305908236	-0.00673899229418	-0.0403088976168	-0.00163421890265	-0.00476014301137	0.00790196573156	-0.00631658962025	-0.0351904138258	0.0157039100666	-0.0488081888494	-0.0307307826489	0.0183941990178	0.0369657311835	0.015863722974	-0.023985492916
k__Bacteria;p__Bacteroidetes;c__Bacteroidia;o__Bacteroidales;f__Rikenellaceae;g__Alistipes;s__Alistipes_obesi	-0.0131763427011	0.0465985187307	-0.0136119562596	-0.0047880379188	-0.0260539109194	-0.0116880011677	-0.00389695141579	-0.0170131819634	-0.0625761680525	-0.00946981921891	-0.0549901381016	-0.0135817329671	-0.0166010314368	1.0	-0.0046597293091	0.00250043326852	-0.0200987673194	-0.0216118337766	0.0129526500762	-0.000623372159344	-0.0132817772301	-0.0209832105937	-0.0277198204849	-0.00276970517228	-0.0452239752717	0.0517309071541	-0.0293074353102	-0.0360582529088	0.0338613190805	-0.0868742484458	0.0636564611971	-0.0140077040216	-0.0785255869215	-0.0471099445977	-0.0152559906187	-0.0104236732916	0.0189591816798	-0.0150414704845	0.0282188743112	0.000675964436657	-0.00747827541084	0.00304711382341	0.0425240349437	0.00699630870498	-0.010356038556	-0.00706713855714	-0.0524338459515	0.00688308871042	-0.0422742569702	-0.0172640587429	0.0125406654903	0.00945447671909	-0.0233213589695	-0.0328608447914	-0.0302884267989	-0.0218472521456	-0.0134963751634	0.0235945769525	0.0589151945882
k__Bacteria;p__Firmicutes;c__Clostridia;o__Clostridiales;f__Lachnospiraceae;g__;s__[Eubacterium]_rectale	0.0049186352822	0.0516597106111	0.00610615253985	-0.0304522412344	-0.00328687491786	0.0502539896046	-0.030432215658	0.00222058402663	0.0228805187004	0.0646118632437	-0.027576727301	-0.0525030416765	-0.0598471460298	-0.0046597293091	1.0	-0.0142032676105	0.0245383230248	-0.0323588834105	-0.020523589944	0.0144833720184	-0.00139118430984	0.00310740741765	0.00553112949986	0.00475544817843	0.00745258257799	-0.0207757932716	-0.024867463061	0.023781437683	0.03061420615	-0.0405954491863	0.00598141456874	-0.0200919534108	0.0467377316496	-0.00852051479278	-0.00406721564964	0.00103612183359	0.017441519629	0.0399653937354	0.0568043813806	-0.0485537480462	0.0116352233352	0.00103885934147	0.0255183163912	-0.0200539850461	-0.0057501829997	0.022263883606	-0.0435114507132	0.013264702567	-0.00975571198421	0.00503346509245	-0.0666648886216	-0.0278032405494	0.0437703503271	0.0316618380809	-0.0306295534794	0.00958285476269	0.0167398893661	-0.0292446362126	0.0299706690719
k__Bacteria;p__Bacteroidetes;c__Bacteroidia;o__Bacteroidales;f__Bacteroidaceae;g__Bacteroides;s__Bacteroides_plebeius	0.0145904184359	-0.0185469274204	0.0132956807682	0.0395355820992	0.00627546090544	0.0244316851655	-0.0245746059774	-0.0376804899101	-0.0499506767732	-0.0811660703847	-0.0166961292884	0.054362669406	-0.0292959402788	0.00250043326852	-0.0142032676105	1.0	-0.087136690648	0.0363641064829	-0.0178417368546	0.0600575826052	0.0381646225183	-0.0368848103018	-0.00817739961794	0.00260625472598	0.00014722541461	0.0168798704824	0.00126230715732	0.0238031905849	-0.0453425326969	0.0498844832143	-0.00980191488326	0.0402751828366	0.0384673725727	0.013972726084	0.031333368101	-0.0397235705816	0.0477476534441	-0.0203083077531	0.00934508389642	-0.000798945923194	0.0470727997335	-0.0265157787849	-0.00453886612714	-0.0111220571473	-0.00193150766669	0.000379628204149	0.0150449959611	-0.0655503460169	-0.0516884582882	-0.0297025217823	0.018096322233	-0.055982587189	-0.0855516409616	-0.0114718328268	0.00140227737943	-0.00841653001499	-0.056625827419	-0.0485866210836	-0.0546485228745
k__Bacteria;p__Bacteroidetes;c__Bacteroidia;o__Bacteroidales;f__Bacteroidaceae;g__Bacteroides;s__Bacteroides_fragilis	0.0012320704961	-0.000485344932206	-0.0436337408978	0.00379506773699	-0.0514151921726	0.0414127945207	-0.0217146491314	0.0113666610548	-0.05953747925	0.00853123826637	-0.0237265724713	0.026240863435	0.0251447633669	-0.0200987673194	0.0245383230248	-0.087136690648	1.0	-0.0446815021573	0.021745335771	-0.0600838907413	-0.0352044055698	0.0716660194566	-0.0103466534092	-0.0186811186801	-0.00723560457328	-0.0323678724445	0.0624348439184	-0.00720674592002	0.000525020994891	0.00182965265736	-0.104817907427	-0.0844436750959	-0.00337629746151	-0.0223512551218	0.0764037957828	-0.016094474111	0.034548248547	-0.0298255370022	-0.0230842886746	-0.00170995497999	0.00249915754071	0.0256988231124	-0.0107070114209	0.0465433779718	-0.0170711195753	-0.0339025867745	-0.0234723405297	-0.0237622401079	0.0480655342537	-0.0213997969614	-0.0555393150148	0.0367676093725	0.0331547538095	-0.0230098082184	0.0231516480793	0.0238426623377	-0.0108822028217	0.0118872447626	0.0118563844873
k__Bacteria;p__Proteobacteria;c__Betaproteobacteria;o__Burkholderiales;f__Sutterellaceae;g__Sutterella;s__Sutterella_wadsworthensis	-0.00843018829703	-0.052935286136	0.00771303042847	-0.0108550098446	-0.0557996580819	-0.0394839278094	-0.0180975562229	-0.0352085977486	-0.0720785857943	-0.0447121696784	-0.0025954010359	0.00709172123504	0.00469720351248	-0.0216118337766	-0.0323588834105	0.0363641064829	-0.0446815021573	1.0	-0.00309913660691	-0.0212752729074	-0.017203157667	-0.0189739261494	-0.0250340814099	-0.0420582449778	-0.00430936151046	-0.0198570145933	0.0437723478345	-0.014198307473	-0.0806676659361	0.0101803193228	0.00739004809882	0.0138732532428	-0.0222222330754	0.0186332022798	-0.0150548882499	-0.00921003903974	0.00358109218843	0.000595300818123	-0.069748533709	0.0681778826768	-0.0211356028781	0.030829495059	-0.0197047915733	0.0163295337188	-0.0770080477629	-0.0560638208846	0.0203907987136	0.0302164854769	-0.10862759461	-0.0108461770645	0.0373697774792	0.00162520557539	-0.00711384328673	-0.0232888751365	0.0640727955474	0.0125088392317	-0.0499860338997	0.0154666457202	-0.0240924850081
k__Bacteria;p__Bacteroidetes;c__Bacteroidia;o__Bacteroidales;f__Porphyromonadaceae;g__Barnesiella;s__Barnesiella_intestinihominis	0.0108430002192	-0.00471370499434	-0.00867012199373	-0.0180939348007	-0.0284860158688	-0.0392812077981	0.0260783877939	0.00803222936333	-0.0256496928662	0.00476049611834	0.00469089837878	0.00935437372143	0.0507926466864	0.0129526500762	-0.020523589944	-0.0178417368546	0.021745335771	-0.00309913660691	1.0	-0.0135691454661	-0.0137334551971	0.0403281226713	-0.0399600308175	-0.0331086402665	-0.028735103704	0.0362623387353	-0.0256586363237	-0.0264350880234	-0.0486327676887	-0.0485585390589	-0.0584536183757	0.0331914981432	-0.0527082690382	-0.0181544412638	-0.0242986765928	0.0357808669834	-0.0255511077329	-0.0385178309986	0.00615470775156	-0.0397416670128	0.00905939037242	-0.0204896053824	-0.00120164045928	-0.0720290561579	0.0336764205516	0.0246142131796	0.023502935671	-0.045953867075	-0.0302121647932	-0.0405183463542	-0.0166170442203	-0.0259000557764	0.0119602460647	0.000470540279774	0.0643566544993	0.0136595210679	0.0151867463433	-0.00482306016237	-0.0440037382619
k__Bacteria;p__Bacteroidetes;c__Bacteroidia;o__Bacteroidales;f__Odoribacteraceae;g__Odoribacter;s__Odoribacter_splanchnicus	-0.019601628129	-0.0159500093963	0.00805752237445	-0.0270914022513	0.0277765459935	0.0481074971341	-0.0397387400021	-0.00134647937716	-0.00553796474262	-0.0161775948156	-0.076522190289	-0.0767292493342	-0.046889730757	-0.000623372159344	0.0144833720184	0.0600575826052	-0.0600838907413	-0.0212752729074	-0.0135691454661	1.0	0.0556425268591	0.0311355604198	-0.102656252443	-0.0250763175236	-0.00371380254067	-0.0518974573427	-0.0210549287126	-0.0246208461841	-0.0252946874012	0.0512301451872	0.0255400206532	0.000780093299866	0.0198616729946	0.0254636050333	0.0195575154191	0.00378035042687	-0.0334957891257	0.0038068779675	-0.027712286666	-0.0428354602273	-0.0303255563971	0.0472622978715	0.021796970374	0.0332269134494	0.0328627568496	-0.0120618466147	0.0228787876908	-0.00479258590142	0.0120922089755	-0.00182134681081	-0.0185734009636	-0.0171672132623	0.0161505000333	-0.0394449697861	0.0483633158926	0.00715739261137	-0.0344658091272	-0.0589785122411	0.0475866549095
k__Bacteria;p__Bacteroidetes;c__Bacteroidia;o__Bacteroidales;f__Bacteroidaceae;g__Bacteroides;s__Bacteroides_salyersiae	0.0710692702134	-0.00547884105191	-0.0278053204758	0.00125600084847	0.0131972591472	0.0288561283016	-0.0684147300294	0.0778168964476	0.0136136530676	-0.0207223045915	-0.0418782541863	0.00222393690167	-0.029534577584	-0.0132817772301	-0.00139118430984	0.0381646225183	-0.0352044055698	-0.017203157667	-0.0137334551971	0.0556425268591	1.0	-0.0151718851699	-0.0185651802095	-0.0426769259098	0.0315513385882	-0.0596448874218	-0.0317240180091	-0.0226227951466	-0.0672608153874	0.0628467971991	-0.0275235462214	-0.00584808487688	-0.0349675830123	0.0580872574675	-0.0273147630872	-0.0309362409159	-0.000294739645767	0.074228208073	-0.00729600242523	-0.0196868745166	0.0374937262824	0.0324977911553	-0.0291763686249	0.0134382178809	-0.00398426739345	-0.017424972142	-0.0667322164015	-0.0220577639035	-0.00625846206983	-0.0312872673399	-0.00144707516643	0.019827601273	-0.0251565102194	0.0192248882261	-0.0351315374414	0.0054213599179	-0.0261682750708	0.00999012608106	0.0132411912035
k__Bacteria;p__Firmicutes;c__Clostridia;o__Clostridiales;f__Ruminococcaceae;g__Ruminiclostridium;s__[Eubacterium]_siraeum	-0.021176674164	0.00703823489317	0.0425577317133	-0.0414365708596	-0.0419816126868	0.031029138294	-0.0249102489762	0.0219115537258	-0.0139094394542	-0.0211282496088	-0.0189108498575	-0.0125789505197	-0.0307638049007	-0.0209832105937	0.00310740741765	-0.0368848103018	0.0716660194566	-0.0189739261494	0.0403281226713	0.0311355604198	-0.0151718851699	1.0	0.0232775788126	0.0415299888215	-0.0584605932632	-0.0304847670241	0.0532479542135	-0.00841399083594	-0.0161684551906	-0.0218273555095	-0.0654823242101	-0.0204047792089	0.0359493039492	0.0654829717703	-0.0574076639336	-0.0465414273068	0.0343850575855	-0.0221008697141	0.0452798763854	-0.0280331494279	-0.00927274800727	-0.000685132883362	-0.0284051956844	0.0466475778096	0.0468861250816	-0.01059349405	0.0084978468795	-0.026305839504	-0.0159834379794	-0.0551895559185	-0.0092830816854	-0.00816543145452	0.0106838096289	-0.0625286030861	-0.00547525281367	-0.0409765424751	-0.00168598804988	0.00541808350302	0.0165782074451
k__Bacteria;p__Proteobacteria;c__Betaproteobacteria;o__Burkholderiales;f__Sutterellaceae;g__Parasutterella;s__Parasutterella_excrementihominis	-0.00629223428725	-0.0273851088302	0.00926500216206	0.0180464045616	-0.0825573261536	0.00394573717708	0.0520306222656	0.0478785214505	0.0553787055895	-0.0249793857303	0.012265817513	0.0413855345772	-0.0563089672287	-0.0277198204849	0.00553112949986	-0.00817739961794	-0.0103466534092	-0.0250340814099	-0.0399600308175	-0.102656252443	-0.0185651802095	0.0232775788126	1.0	-0.00972236492654	-0.0465945917785	-0.0152578312134	0.087954226035	-0.000947692539404	-0.0100277570524	-0.0397190175582	-0.00588070105707	-0.0138260598882	0.0180347022903	-0.0008944189937	0.0249348214417	0.0270858502311	-0.0201563701435	0.00749701224429	0.0235137303705	0.0228574532323	-0.057351625425	-0.0386485199882	-0.00231119542719	-0.00858731929933	-0.0589859953276	0.048319052948	0.0582869204549	0.0314498598499	-0.0414592369053	0.0360719646493	0.0772223561345	-0.00537244110716	-0.0367638492074	-0.0475686347086	-0.0709417010888	-0.0576652663629	-0.007523707837	-0.0245953917734	0.0210164925579
k__Bacteria;p__Actinobacteria;c__Actinobacteria;o__Bifidobacteriales;f__Bifidobacteriaceae;g__Bifidobacterium;s__Bifidobacterium_adolescentis	-0.053651888593	-0.0308752199436	0.0211303943134	-0.0269773658175	0.00593192022305	-0.0423999315424	0.0436894946898	-0.00178005899745	-0.0496626159742	0.0250751550785	0.023456312773	-0.0268644824739	-0.0054087425471	-0.00276970517228	0.00475544817843	0.00260625472598	-0.0186811186801	-0.0420582449778	-0.0331086402665	-0.0250763175236	-0.0426769259098	0.0415299888215	-0.00972236492654	1.0	-0.00548112401206	-0.0318366223374	-0.0620044976182	-0.0763616201486	0.00438384417813	-0.00863510138162	-0.0216034150505	-0.0580864904952	0.00824330042408	0.0131847478337	-0.0109858840214	0.0292195204065	-0.0451975475792	-0.00643938724546	0.00555149883353	0.0317892308778	-0.0354667071176	0.0291595471685	-0.0159822932788	-0.0148609646455	0.0176715762007	-0.0504472426057	-0.0350585165816	-0.00806169529365	-0.0317178231583	0.0745294680914	-0.0205328339444	-0.0355829439337	-0.0396826134698	-0.0283627262181	0.018407566043	0.0331321650755	-0.0245777020302	-0.00243035404491	-0.00347964566102
k__Bacteria;p__Firmicutes;c__Clostridia;o__Clostridiales;f__Oscillospiraceae;g__Oscillibacter;s__Oscillibacter_sp._KLE_1745	-0.0191998432821	-0.0228892550021	-0.0459823577378	0.0135451975995	-0.0468054207923	-0.0363695964128	-0.0412562259663	0.00615300821056	0.0205204009297	0.0193873027289	-0.0152332819824	-0.0665381355391	-0.0110394115791	-0.0452239752717	0.00745258257799	0.00014722541461	-0.00723560457328	-0.00430936151046	-0.028735103704	-0.00371380254067	0.0315513385882	-0.0584605932632	-0.0465945917785	-0.00548112401206	1.0	0.0203220145723	0.0450707096725	-0.058441155956	-0.033296693909	-0.0106618860526	0.0513719606002	-0.00482849141219	0.00747521336655	-0.0267801377209	-0.00129934886089	-0.0512847366755	0.0632637992816	-0.0386041790344	-0.0574498474513	0.0852226587229	0.0219218302074	-0.0203451192883	0.00606221959286	-0.0376962606224	-0.00125946152079	0.00076243441057	-0.000600135371439	0.00400914357635	-0.0158453287999	-0.0144549047761	-0.0319260897689	-0.00160533316823	-0.0260029917521	-0.0182158504205	0.0230916134977	0.0649147281084	-0.0121123716463	-0.0207675028259	0.025614193753
k__Bacteria;p__Bacteroidetes;c__Bacteroidia;o__Bacteroidales;f__Bacteroidaceae;g__Bacteroides;s__Bacteroides_coprophilus	0.0252069070957	0.0128815523653	-0.0223151159973	-0.0711043722264	-0.0186863976689	-0.0339805941408	0.0327650698259	-0.0221212704775	-0.0365008200779	0.0354236840637	0.0101977814966	-0.0157292145415	-0.0627097184036	0.0517309071541	-0.0207757932716	0.0168798704824	-0.0323678724445	-0.0198570145933	0.0362623387353	-0.0518974573427	-0.0596448874218	-0.0304847670241	-0.0152578312134	-0.0318366223374	0.0203220145723	1.0	-0.0292137334389	-0.0121895699219	-0.0209952759624	0.0104153904107	-0.0326566600449	0.0851481349897	-0.0248440018686	0.0492159436936	-0.0201646481855	-0.0558544918775	0.00426465152258	0.000462713700023	0.0068331473241	-0.024236978055	0.0468463151274	-0.0221589496692	0.0341845776077	-0.0238374473767	-0.0225848151408	0.0342184167312	-0.0149651253752	0.0110566393354	0.0373996826945	0.0625823940362	0.032460667031	-0.0193213079219	0.0232706809943	-0.0451441868657	-0.0202936152778	-0.0270692275323	0.0710426987624	0.0274212932444	-0.0281327403817
k__Bacteria;p__Firmicutes;c__Clostridia;o__Clostridiales;f__Lachnospiraceae;g__Roseburia;s__Roseburia_intestinalis	-0.0121401420434	-0.0206766562938	-0.0345418373619	-0.0219467683455	-0.00965464053741	-0.0451335505218	-0.000747386117869	-0.072942367846	0.00576442350304	0.0340270338474	-0.0278750613868	-0.0252470346351	0.0239634687063	-0.0293074353102	-0.024867463061	0.00126230715732	0.0624348439184	0.0437723478345	-0.0256586363237	-0.0210549287126	-0.0317240180091	0.0532479542135	0.087954226035	-0.0620044976182	0.0450707096725	-0.0292137334389	1.0	-0.0744282986651	0.0166365670501	-0.0394799833476	-0.0553132276483	-0.043131797689	-0.0220578283741	-0.0358401753673	0.001554711582	-0.0229587214282	-0.0325174968537	-0.0458930308761	-0.0830369128803	-0.0218054088896	-0.0394588191021	-0.0180026782284	-0.0311878898571	-0.0265002069154	-0.0123368730166	0.0352904823514	-0.0384097669549	0.0667228287785	0.0561478465795	0.0158583854214	-0.0694492973428	-0.000807595154612	0.0205211982726	0.000560665004126	-0.0418997486729	0.0227483121638	0.0214448351534	-0.0258161229251	-0.0299641588191
k__Bacteria;p__Firmicutes;c__Clostridia;o__Clostridiales;f__Lachnospiraceae;g__Roseburia;s__Roseburia_hominis	-0.0475782591017	-0.0264342899102	0.0296205724063	-0.0623740339695	0.0418508228166	0.0365000940195	0.0136281337028	-0.00508428120002	0.0546004174615	0.0282373899134	-0.0501429181146	-0.0729375228216	-0.0187954297528	-0.0360582529088	0.023781437683	0.0238031905849	-0.00720674592002	-0.014198307473	-0.0264350880234	-0.0246208461841	-0.0226227951466	-0.00841399083594	-0.000947692539404	-0.0763616201486	-0.058441155956	-0.0121895699219	-0.0744282986651	1.0	0.0208724440008	-0.0421150152106	-0.00365350458847	0.0274678234558	-0.0118688521711	-0.00820730246387	-0.0523676120136	0.0153851372546	-0.0248978654236	-0.0570543683296	-0.011485706811	-0.0385707589868	-0.0390358996249	-0.00574899973425	0.00636904769177	-0.00105482737558	-0.0394761802967	-0.018056640351	0.0477782878486	-0.0165234987142	-0.010857793037	-0.00796998682586	-0.0309152444041	0.0516347121619	-0.00501885809989	0.032124329396	0.0267463473711	0.0279586417046	0.0400749885551	0.0171613931675	0.0175720800744
k__Bacteria;p__Bacteroidetes;c__Bacteroidia;o__Bacteroidales;f__Porphyromonadaceae;g__Parabacteroides;s__Parabacteroides_johnsonii	-0.034537706603	0.0115616805034	-0.0304006231536	0.0168464975129	-0.00605688302631	-0.0291568978841	0.0380608339305	-0.0152053548159	-0.0251770522545	-0.0514545724133	0.0223206887102	-0.0304509760986	-0.0170453172294	0.0338613190805	0.03061420615	-0.0453425326969	0.000525020994891	-0.0806676659361	-0.0486327676887	-0.0252946874012	-0.0672608153874	-0.0161684551906	-0.0100277570524	0.00438384417813	-0.033296693909	-0.0209952759624	0.0166365670501	0.0208724440008	1.0	-0.0174284931379	-0.00858708134733	0.0326921226952	0.0304904393215	-0.0701055453602	-0.0541850312551	-0.00760250835241	-0.0139529425012	0.0190708859008	0.0527951064811	-0.00458904389444	-0.0289568940815	-0.00810699164975	-0.0299037581455	0.014187713843	-0.0104207818856	-0.0271966665365	0.0219742381404	0.00623187991049	0.0482066753058	0.0495770636285	0.0333577414509	-0.000988199266321	0.00327089211724	0.034871490921	-0.00615753566355	0.00373036643897	0.0264145135372	-0.0271570291279	-0.00475650939977
k__Bacteria;p__Actinobacteria;c__Actinobacteria;o__Bifidobacteriales;f__Bifidobacteriaceae;g__Bifidobacterium;s__Bifidobacterium_longum	-0.00172643063933	-0.0486135088451	-0.0233037340347	-0.013006570527	-0.0180853179739	0.0159706164288	-0.03970645372	-0.00620111419727	0.0128135181818	-0.0485099074952	0.00592964662466	0.0285146248256	-0.0182355121239	-0.0868742484458	-0.0405954491863	0.0498844832143	0.00182965265736	0.0101803193228	-0.0485585390589	0.0512301451872	0.0628467971991	-0.0218273555095	-0.0397190175582	-0.00863510138162	-0.0106618860526	0.0104153904107	-0.0394799833476	-0.0421150152106	-0.0174284931379	1.0	0.00667273332229	0.0112115345989	-0.0105234894915	-0.0170408212132	-0.0317855745841	-0.0536644364027	-0.000292584024399	-0.0266408621393	0.00643159884594	0.0380161464195	-0.00214405480315	0.0320465173871	0.0241272184357	-0.071954434901	-0.0376038457946	-0.0283490262952	-0.0245903067049	-0.0165617525042	-0.0064202705226	-0.0425356962362	-0.000832679504814	-0.00252913240416	-0.066084375356	-0.024776454366	0.0260477458014	0.0296981752564	-0.0131943294484	0.0328773890417	-0.000539491323835
