#taxonomy	k__Bacteria;p__Bacteroidetes;c__Bacteroidia;o__Bacteroidales;f__Bacteroidaceae;g__Bacteroides;s__Bacteroides_vulgatus	k__Bacteria;p__Bacteroidetes;c__Bacteroidia;o__Bacteroidales;f__Bacteroidaceae;g__Bacteroides;s__Bacteroides_uniformis	k__Bacteria;p__Bacteroidetes;c__Bacteroidia;o__Bacteroidales;f__Rikenellaceae;g__Alistipes;s__Alistipes_putredinis	k__Bacteria;p__Bacteroidetes;c__Bacteroidia;o__Bacteroidales;f__Prevotellaceae;g__Prevotella;s__Prevotella_copri	k__Bacteria;p__Bacteroidetes;c__Bacteroidia;o__Bacteroidales;f__Bacteroidaceae;g__Bacteroides;s__Bacteroides_stercoris	k__Bacteria;p__Bacteroidetes;c__Bacteroidia;o__Bacteroidales;f__Bacteroidaceae;g__Bacteroides;s__Bacteroides_ovatus	k__Bacteria;p__Bacteroidetes;c__Bacteroidia;o__Bacteroidales;f__Rikenellaceae;g__Alistipes;s__Alistipes_shahii	k__Bacteria;p__Firmicutes;c__Clostridia;o__Clostridiales;f__Ruminococcaceae;g__Faecalibacterium;s__Faecalibacterium_prausnitzii	k__Bacteria;p__Bacteroidetes;c__Bacteroidia;o__Bacteroidales;f__Rikenellaceae;g__Alistipes;s__Alistipes_finegoldii	k__Bacteria;p__Bacteroidetes;c__Bacteroidia;o__Bacteroidales;f__Porphyromonadaceae;g__Parabacteroides;s__Parabacteroides_distasonis	k__Bacteria;p__Bacteroidetes;c__Bacteroidia;o__Bacteroidales;f__Bacteroidaceae;g__Bacteroides;s__Bacteroides_thetaiotaomicron	k__Bacteria;p__Bacteroidetes;c__Bacteroidia;o__Bacteroidales;f__Bacteroidaceae;g__Bacteroides;s__Bacteroides_coprocola	k__Bacteria;p__Bacteroidetes;c__Bacteroidia;o__Bacteroidales;f__Bacteroidaceae;g__Bacteroides;s__Bacteroides_cellulosilyticus	k__Bacteria;p__Bacteroidetes;c__Bacteroidia;o__Bacteroidales;f__Rikenellaceae;g__Alistipes;s__Alistipes_obesi	k__Bacteria;p__Firmicutes;c__Clostridia;o__Clostridiales;f__Lachnospiraceae;g__;s__[Eubacterium]_rectale	k__Bacteria;p__Bacteroidetes;c__Bacteroidia;o__Bacteroidales;f__Bacteroidaceae;g__Bacteroides;s__Bacteroides_plebeius	k__Bacteria;p__Bacteroidetes;c__Bacteroidia;o__Bacteroidales;f__Bacteroidaceae;g__Bacteroides;s__Bacteroides_fragilis	k__Bacteria;p__Proteobacteria;c__Betaproteobacteria;o__Burkholderiales;f__Sutterellaceae;g__Sutterella;s__Sutterella_wadsworthensis	k__Bacteria;p__Bacteroidetes;c__Bacteroidia;o__Bacteroidales;f__Porphyromonadaceae;g__Barnesiella;s__Barnesiella_intestinihominis	k__Bacteria;p__Bacteroidetes;c__Bacteroidia;o__Bacteroidales;f__Odoribacteraceae;g__Odoribacter;s__Odoribacter_splanchnicus	k__Bacteria;p__Bacteroidetes;c__Bacteroidia;o__Bacteroidales;f__Bacteroidaceae;g__Bacteroides;s__Bacteroides_salyersiae	k__Bacteria;p__Firmicutes;c__Clostridia;o__Clostridiales;f__Ruminococcaceae;g__Ruminiclostridium;s__[Eubacterium]_siraeum	k__Bacteria;p__Proteobacteria;c__Betaproteobacteria;o__Burkholderiales;f__Sutterellaceae;g__Parasutterella;s__Parasutterella_excrementihominis	k__Bacteria;p__Actinobacteria;c__Actinobacteria;o__Bifidobacteriales;f__Bifidobacteriaceae;g__Bifidobacterium;s__Bifidobacterium_adolescentis	k__Bacteria;p__Firmicutes;c__Clostridia;o__Clostridiales;f__Oscillospiraceae;g__Oscillibacter;s__Oscillibacter_sp._KLE_1745	k__Bacteria;p__Bacteroidetes;c__Bacteroidia;o__Bacteroidales;f__Bacteroidaceae;g__Bacteroides;s__Bacteroides_coprophilus	k__Bacteria;p__Firmicutes;c__Clostridia;o__Clostridiales;f__Lachnospiraceae;g__Roseburia;s__Roseburia_intestinalis	k__Bacteria;p__Firmicutes;c__Clostridia;o__Clostridiales;f__Lachnospiraceae;g__Roseburia;s__Roseburia_hominis	k__Bacteria;p__Bacteroidetes;c__Bacteroidia;o__Bacteroidales;f__Porphyromonadaceae;g__Parabacteroides;s__Parabacteroides_johnsonii	k__Bacteria;p__Actinobacteria;c__Actinobacteria;o__Bifidobacteriales;f__Bifidobacteriaceae;g__Bifidobacterium;s__Bifidobacterium_longum	k__Bacteria;p__Firmicutes;c__Clostridia;o__Clostridiales;f__;g__Flavonifractor;s__Flavonifractor_plautii	k__Bacteria;p__Firmicutes;c__Clostridia;o__Clostridiales;f__Clostridiaceae;g__Clostridium;s__Clostridium_phoceensis	k__Bacteria;p__Verrucomicrobia;c__Verrucomicrobiae;o__Verrucomicrobiales;f__Akkermansiaceae;g__Akkermansia;s__Akkermansia_muciniphila	k__Bacteria;p__Bacteroidetes;c__Bacteroidia;o__Bacteroidales;f__Prevotellaceae;g__Paraprevotella;s__Paraprevotella_xylaniphila	k__Bacteria;p__Firmicutes;c__Clostridia;o__Clostridiales;f__Ruminococcaceae;g__Ruminococcus;s__Ruminococcus_callidus	k__Bacteria;p__Bacteroidetes;c__Bacteroidia;o__Bacteroidales;f__Rikenellaceae;g__Alistipes;s__Alistipes_senegalensis	k__Bacteria;p__Firmicutes;c__Clostridia;o__Clostridiales;f__Lachnospiraceae;g__Blautia;s__Blautia_sp._KLE_1732	k__Bacteria;p__Bacteroidetes;c__Bacteroidia;o__Bacteroidales;f__Bacteroidaceae;g__Bacteroides;s__Bacteroides_oleiciplenus	k__Bacteria;p__Firmicutes;c__Clostridia;o__Clostridiales;f__Ruminococcaceae;g__Ruminococcus;s__Ruminococcus_bicirculans	k__Bacteria;p__Bacteroidetes;c__Bacteroidia;o__Bacteroidales;f__Bacteroidaceae;g__Bacteroides;s__Bacteroides_fluxus	k__Bacteria;p__Bacteroidetes;c__Bacteroidia;o__Bacteroidales;f__Prevotellaceae;g__Prevotella;s__Prevotella_stercorea	k__Bacteria;p__Firmicutes;c__Clostridia;o__Clostridiales;f__Lachnospiraceae;g__Dorea;s__Dorea_longicatena	k__Bacteria;p__Firmicutes;c__Clostridia;o__Clostridiales;f__Eubacteriaceae;g__Eubacterium;s__[Eubacterium]_eligens	k__Bacteria;p__Firmicutes;c__Clostridia;o__Clostridiales;f__Ruminococcaceae;g__;s__Ruminococcaceae_bacterium_D16	k__Bacteria;p__Firmicutes;c__Clostridia;o__Clostridiales;f__Lachnospiraceae;g__Coprococcus;s__Coprococcus_comes	k__Bacteria;p__Proteobacteria;c__Gammaproteobacteria;o__Enterobacterales;f__Enterobacteriaceae;g__Escherichia;s__Escherichia_coli	k__Bacteria;p__Firmicutes;c__Clostridia;o__Clostridiales;f__Ruminococcaceae;g__Anaerotruncus;s__Anaerotruncus_colihominis	k__Bacteria;p__Firmicutes;c__Clostridia;o__Clostridiales;f__Lachnospiraceae;g__Blautia;s__Blautia_obeum	k__Bacteria;p__Bacteroidetes;c__Bacteroidia;o__Bacteroidales;f__Odoribacteraceae;g__Odoribacter;s__Odoribacter_laneus	k__Bacteria;p__Firmicutes;c__Clostridia;o__Clostridiales;f__Ruminococcaceae;g__Ruminiclostridium;s__[Clostridium]_leptum	k__Bacteria;p__Bacteroidetes;c__Bacteroidia;o__Bacteroidales;f__Porphyromonadaceae;g__Parabacteroides;s__Parabacteroides_goldsteinii	k__Bacteria;p__Firmicutes;c__Clostridia;o__Clostridiales;f__Lachnospiraceae;g__Anaerostipes;s__Anaerostipes_hadrus	k__Bacteria;p__Firmicutes;c__Clostridia;o__Clostridiales;f__Ruminococcaceae;g__Ruminococcus;s__Ruminococcus_lactaris	k__Bacteria;p__Firmicutes;c__Clostridia;o__Clostridiales;f__Clostridiaceae;g__Clostridium;s__Clostridium_sp._L2-50	k__Bacteria;p__Firmicutes;c__Clostridia;o__Clostridiales;f__Clostridiaceae;g__Clostridium;s__Clostridium_sp._M62/1	k__Bacteria;p__Firmicutes;c__Clostridia;o__Clostridiales;f__;g__Intestinimonas;s__Intestinimonas_butyriciproducens	k__Bacteria;p__Actinobacteria;c__Actinobacteria;o__Bifidobacteriales;f__Bifidobacteriaceae;g__Bifidobacterium;s__Bifidobacterium_bifidum	k__Bacteria;p__Firmicutes;c__Negativicutes;o__Veillonellales;f__Veillonellaceae;g__Dialister;s__Dialister_invisus	k__Bacteria;p__Bacteroidetes;c__Bacteroidia;o__Bacteroidales;f__Bacteroidaceae;g__Bacteroides;s__Bacteroides_salanitronis
k__Bacteria;p__Bacteroidetes;c__Bacteroidia;o__Bacteroidales;f__Bacteroidaceae;g__Bacteroides;s__Bacteroides_vulgatus	1.0	0.00016375140551	0.0306548420391	0.0127213998299	-0.0367148783705	0.0231246943932	-0.0297695718621	0.036973023512	-0.0719257414375	0.0349937304589	-0.0209066271533	-0.0270497525555	0.013902366495	-0.0641176197928	-0.0663678326102	-0.0127254096885	0.047000160437	-0.0159320175389	-0.0109703802072	0.0245184724956	0.0361981306794	0.00909596681409	-0.0167233311621	-0.0531567841647	-0.0228926591403	-0.0757619255065	-0.0383998278486	-0.0401106509821	-0.0189465754082	-0.0229681336794	0.024220234104	0.0397510392684	-0.0440847115699	-0.011906482013	-0.0321855613114	-0.0223179856866	0.0121143274744	0.0438803930655	0.0550900834004	-0.0394966092153	0.0178435661046	0.0136414177842	-0.0442144677847	-0.00674096081356	0.0049618978823	-0.0226953139335	-0.0528842616471	0.0462591545301	0.00568183874203	0.0195129613666	0.0311275318694	0.0381779042841	-0.0849138195248	0.0242542383029	0.0427682034857	-0.0325220583361	-0.0187282857227	0.0138175253931	0.0186817116974
k__Bacteria;p__Bacteroidetes;c__Bacteroidia;o__Bacteroidales;f__Bacteroidaceae;g__Bacteroides;s__Bacteroides_uniformis	0.00016375140551	1.0	-0.047459999427	-0.0288971831075	0.0155254934345	0.0400697993513	-0.0416434548096	-0.0369292258469	0.00637013255486	-0.0334274588565	-0.00130339422037	0.0190871036868	-0.000570525634083	0.0705856294651	0.00804551850484	0.0102656408263	-0.0470708228462	0.0152861364988	0.0309785613749	-0.00013608113791	-0.0197382099442	0.0443704519626	0.0261390015926	-0.0194556224939	-0.0142071907383	0.0038408793762	-0.0139875379162	0.00253362186444	0.0105412465078	-0.00781235274825	-0.0538197460741	0.0602925541992	-0.0203676844392	-0.00418144833185	0.0247710915158	-0.0327728775332	-0.014622149034	0.0157649120136	-0.00668862641875	-0.00359412016088	-0.0308413539434	-0.0595533191094	-0.0413372564862	-0.0535679151649	-0.0307214050935	0.00513904441951	-0.0059797714069	0.0111463635223	0.00596330642222	0.0253365790768	0.0450237528837	-0.0199048436798	-0.0465373792044	0.000394704383142	-0.0428012155303	0.0217169590952	0.000472072650428	0.000883939612527	0.005391739018
k__Bacteria;p__Bacteroidetes;c__Bacteroidia;o__Bacteroidales;f__Rikenellaceae;g__Alistipes;s__Alistipes_putredinis	0.0306548420391	-0.047459999427	1.0	-0.0333021970632	0.00747494320998	-0.0718850139016	-0.0430454618082	-0.00504323751304	0.0297883877026	0.00477924141864	-0.0275901751563	-0.031585323444	0.0752831146909	0.0459499763678	-0.0118378341137	0.0387140230674	-0.0346008603436	-0.00368171887565	-0.0179266522805	0.0551366558725	-0.0627198068966	-0.064476080724	-0.0216007131387	-0.0507634352297	0.0414435533667	0.0529227910951	-0.0247197920172	-0.0383122654808	0.0167780274366	-0.0153042090699	-0.0113593392836	0.00142857227879	-0.0543304136629	-0.000633255369513	-0.026312427938	0.00351353048032	-0.0417304708831	-0.0128657046811	0.0146035625582	-0.0172140869417	0.00373379942601	0.0189410737381	0.00290050317005	0.00362249072613	0.0264771727523	-0.073065697023	0.0200468597539	0.0227204908032	-0.00962287036384	0.0651663868824	-0.0579588384966	-0.0334023712877	-0.0349773522894	0.02303866099	0.0279029092705	-0.0453855582282	0.00474728427763	-0.0818337892763	0.0335673583677
k__Bacteria;p__Bacteroidetes;c__Bacteroidia;o__Bacteroidales;f__Prevotellaceae;g__Prevotella;s__Prevotella_copri	0.0127213998299	-0.0288971831075	-0.0333021970632	1.0	-0.0375945584986	0.0094062410281	-0.018360616257	0.00966468489187	-0.0667558282728	0.000867038938349	-0.0261738872051	0.0224579353814	-0.00576353464634	0.00875051125607	0.0750448405594	0.0723858878819	-0.000848033845367	-0.028090968114	0.00916745422236	-0.0159425385164	0.00165450903177	0.0663935411628	0.0236816324968	-0.00165090587006	0.0433131537539	-0.0189548995281	-0.0176583500457	0.0263771057454	0.024618286041	-0.0141312130998	-0.0173193881551	-0.0166017405522	0.0242929086018	0.00125217377756	0.00707429632835	-0.011326795439	0.00327299064262	-0.0461544688019	-0.0278867954641	0.0396918172313	0.0133255654629	0.0125936649158	-0.0236320723409	-0.00239867821723	0.00139441667572	0.0271595074335	-0.0501412417953	-0.00540954818989	-0.0332418926582	0.0137520240525	-0.0279769391366	-0.0668169799228	-0.0246464297573	-0.0207534179787	-0.0507226041307	-0.0367381230279	-0.0345770512849	-0.0199852939983	0.0249651798071
k__Bacteria;p__Bacteroidetes;c__Bacteroidia;o__Bacteroidales;f__Bacteroidaceae;g__Bacteroides;s__Bacteroides_stercoris	-0.0367148783705	0.0155254934345	0.00747494320998	-0.0375945584986	1.0	-0.0113629040087	-0.0313466508898	0.0134977957345	0.0102571007952	-0.0175806968825	0.014034611525	-0.0600985596727	-0.0435352971031	-0.0599614148317	0.0278714640687	0.0115331986167	-0.0139955294983	-0.00542770131857	-0.0503142095168	0.000300901945091	0.0296231178196	0.00401931095683	0.0153874488914	-0.00112623305596	-0.00596159802947	-0.0183756873634	0.00418245914965	0.00364178243665	0.0101146231961	0.0704838478594	0.0350952866112	-0.0241561673139	-0.0125642467275	-0.0421710313981	0.0389726677192	-0.0011803028059	-0.0165200874846	0.0181488307661	-0.00895400023158	0.0147523592693	-0.0246605626822	0.0082465127359	-0.0502960388399	0.00553039758361	-0.0630989262549	-0.0390779676224	0.0102248874852	0.00529978224464	-0.0236671256416	-0.0123414961532	0.0196483664111	-0.0256932878336	-0.0397007787945	0.013489275443	-0.0122139318193	0.0240441423069	0.064071889998	0.000885033302638	-0.0282667501194
k__Bacteria;p__Bacteroidetes;c__Bacteroidia;o__Bacteroidales;f__Bacteroidaceae;g__Bacteroides;s__Bacteroides_ovatus	0.0231246943932	0.0400697993513	-0.0718850139016	0.0094062410281	-0.0113629040087	1.0	-0.0309032425622	-0.0175681574825	-0.085423852025	0.0139387056211	0.0352274572156	0.0010309404506	-0.0339735070918	0.0265552907227	-0.00336715001272	-0.012368668016	0.0167229732415	0.00793011350332	-0.0310446187074	-0.00018350945688	-0.0276393526295	-0.0638891285261	0.0630198448094	-0.0473378191316	-0.031286227335	0.0138903128577	0.0129965593727	0.0188455201863	-0.0104069770085	-0.00572242760705	0.046107302272	-0.0486980047282	0.00990755353254	0.0288267391727	-0.0201677399444	0.00853636632914	0.0356558606612	-0.0224134227139	0.0206151804758	0.0711203146499	-0.0023865454194	0.0313271082568	0.00673679209475	-0.0492867715269	0.0276137056475	0.0109990291811	0.0163911328346	-0.0625272684879	0.0172158675045	-0.0191733160438	0.0419567639688	-0.0127383284505	-0.00533812403704	-0.071802763707	-0.0438948682319	-0.0398360414607	-0.00572374605317	-0.0190794905515	-0.0171062201408
k__Bacteria;p__Bacteroidetes;c__Bacteroidia;o__Bacteroidales;f__Rikenellaceae;g__Alistipes;s__Alistipes_shahii	-0.0297695718621	-0.0416434548096	-0.0430454618082	-0.018360616257	-0.0313466508898	-0.0309032425622	1.0	0.0316683664427	-0.000292929403412	-0.0652398985907	0.0223437346856	-0.00489256213272	-0.109973197341	-0.00921850118903	-0.054782593228	-0.0465441684655	0.0108970984406	0.0631281536003	0.0103619093634	0.0194057669567	0.000557459213587	-0.0334732997988	-0.0446482701897	0.0288608390504	0.00743081532073	-0.0074067894348	0.0115541111657	-0.00909928061555	-0.0497868765292	0.0397431280746	-0.0349020351442	-0.0429107940201	0.0288279533548	-0.0242075683866	0.0721589647763	0.0307808370823	0.0193518778073	0.00203183465821	-0.0326187956834	-0.0352844742307	-0.0501415406198	-0.0183134900755	0.0127818033683	-0.0378301530453	-0.0308306430055	0.00808259166785	0.0173030565329	-0.0368560938176	0.0155760636026	-0.0333581846641	-0.00575100641146	0.0551266601859	0.0316935777679	-0.00946686285953	0.0625358357438	0.00527351433876	0.0362871741079	0.0255136261732	0.00847197525114
k__Bacteria;p__Firmicutes;c__Clostridia;o__Clostridiales;f__Ruminococcaceae;g__Faecalibacterium;s__Faecalibacterium_prausnitzii	0.036973023512	-0.0369292258469	-0.00504323751304	0.00966468489187	0.0134977957345	-0.0175681574825	0.0316683664427	1.0	0.0019043810842	-0.0593363986054	-0.0340492733204	-0.0377642159149	-0.0565120842259	0.0518480783204	0.00878345692841	-0.0407437844112	-0.0636001847525	0.0287173654216	-0.0555187833586	0.00801992687676	-0.00353027254737	-0.014728138061	0.00107850893877	-0.0219385728063	0.0259380470789	0.0855929535791	-0.0132840477308	0.0070913684766	-0.0148053696032	-0.0592012962001	0.0182032658016	-0.0415505693847	-0.00699500888573	0.0440960514629	-0.0162383372185	0.00238038669928	0.0390078113895	0.0437638032449	0.0769651388851	-0.0147661535022	-0.0098326685631	0.066822347253	-0.0401639790372	-0.063725504066	-0.0179078713494	-0.0184881904346	-0.0520592863642	-0.0551596374286	-0.0348893537465	0.0271766692943	-0.000257723247335	0.0218595360398	0.0296053292856	0.0210737112428	-0.00485490352678	-0.0159094973807	-0.0124795418955	-0.033477935154	-0.0221545570653
k__Bacteria;p__Bacteroidetes;c__Bacteroidia;o__Bacteroidales;f__Rikenellaceae;g__Alistipes;s__Alistipes_finegoldii	-0.0719257414375	0.00637013255486	0.0297883877026	-0.0667558282728	0.0102571007952	-0.085423852025	-0.000292929403412	0.0019043810842	1.0	0.0338665950277	-0.0561672881175	0.0158602431962	0.0375792445855	0.0306397291154	-0.0649941327527	-0.0149390884963	0.0158256594219	-0.0533518299318	-0.0451342189476	-0.026308126129	-0.00689100308056	-0.0551288419111	0.0271818917641	-0.00712952178459	-0.00420520297565	-0.0239376471656	-0.0231021243032	0.00246543963114	-0.0198817478301	0.059165215204	0.00616250077806	0.0195893682074	-0.0198804193156	-0.0393084408626	-0.0104874658473	0.00392904726327	-0.00537200672957	-0.0333313101141	0.0106488619902	0.0163585537872	0.0331686572006	-0.0722612286577	0.0314758999661	0.0619574273264	-0.0053942458397	0.0215193004678	-0.0376375266594	-0.0190880826534	0.0316012671692	0.0101908757228	0.0452005423186	-0.0538026210198	-0.0418832084973	0.0467503471925	-0.0480093797633	-0.0380734726521	0.0452452775729	0.012428639103	-0.000992301645389
k__Bacteria;p__Bacteroidetes;c__Bacteroidia;o__Bacteroidales;f__Porphyromonadaceae;g__Parabacteroides;s__Parabacteroides_distasonis	0.0349937304589	-0.0334274588565	0.00477924141864	0.000867038938349	-0.0175806968825	0.0139387056211	-0.0652398985907	-0.0593363986054	0.0338665950277	1.0	-0.0547932036162	-0.0188269457651	-0.0431584302174	0.018955638237	-0.0548475200981	0.00106289210638	0.0143789136457	-0.0172929145082	-0.024691158255	0.00650562323229	-0.0563386633082	-0.0216835798846	-0.0279276543457	0.018565596529	-0.0494531450444	-0.0572722918966	-0.00391118611566	0.0123303411616	0.00899509372567	-0.0280788276825	-0.0302562241934	-0.0122937927119	-0.0461344115155	-0.0501066655214	0.0293418088173	0.0319083426915	-0.0857544525546	0.0118039157681	-0.0181921100104	-0.0238242681993	-0.0215245831137	0.0622279552562	0.013106186679	0.0156699343904	0.0310801421142	0.00784308748155	0.000280587723135	-0.00598428360237	0.0104812723073	0.0432165284335	-0.00105195461479	0.030418650192	-0.0341198407364	0.0124859384461	0.0209463263521	-0.0664636794575	-0.0321850983842	-0.0597463027687	-0.0397099438125
k__Bacteria;p__Bacteroidetes;c__Bacteroidia;o__Bacteroidales;f__Bacteroidaceae;g__Bacteroides;s__Bacteroides_thetaiotaomicron	-0.0209066271533	-0.00130339422037	-0.0275901751563	-0.0261738872051	0.014034611525	0.0352274572156	0.0223437346856	-0.0340492733204	-0.0561672881175	-0.0547932036162	1.0	-0.0351027666695	-0.0256197877336	-0.0525154827571	0.00483991314913	-0.0315616350203	-0.0599471558586	-0.0602296697591	0.0460937232959	-0.0200905829306	-0.0367318272092	-0.0314762221589	-0.0519558870069	-0.000415658188137	0.00656909175919	-0.00539246625273	-0.0410458605677	-0.0108321104645	-0.00106009785517	-0.0855694968743	0.0426537041202	0.00941535854918	0.0480054308705	-0.0015489570745	-0.00879194547886	-0.000159351149292	-0.0614104545483	0.00509832227339	0.0298618548651	-0.0123227311612	-0.0272877402147	-0.0100044607256	0.0498882736394	0.043209640196	0.0535845966168	-0.0367822197057	-0.0880297099111	0.00541116892408	-0.0203184385923	0.046780118938	0.0531771752718	-0.00819687247229	0.0272817721906	0.00742217052493	-0.0245662500594	0.0375591802428	0.0199463849905	-0.040042886582	0.0215549918226
k__Bacteria;p__Bacteroidetes;c__Bacteroidia;o__Bacteroidales;f__Bacteroidaceae;g__Bacteroides;s__Bacteroides_coprocola	-0.0270497525555	0.0190871036868	-0.031585323444	0.0224579353814	-0.0600985596727	0.0010309404506	-0.00489256213272	-0.0377642159149	0.0158602431962	-0.0188269457651	-0.0351027666695	1.0	-0.00259664287796	-0.027480460934	-0.0358836770496	-0.0425993380729	0.0765260841563	-0.0190322695061	0.0112896621926	-0.0259111830874	-0.00745893419368	-0.0188414261734	0.063620478116	0.0125955361553	-0.106952529524	0.0258481648436	0.00396804595838	0.0307994290522	-0.0306401485808	-0.0142278582906	0.0398930928798	-0.00629136471829	0.000159426716178	-0.013361157701	-0.0386337548207	0.0228530774834	-0.0114343105929	0.0317872194236	-0.0418244835644	0.019673802433	0.016612879587	0.0638297364018	-0.0167954334129	-0.034861188442	0.00390044386605	-0.0132012102622	-0.0293080670998	-0.0147433408093	-0.0129232526989	-0.00598586113751	0.0104601599283	-0.00423942974361	-0.000779210571632	-0.0346699872624	0.0249193825646	-0.000675073259438	0.0225134724657	0.0234490256633	-0.064873049428
k__Bacteria;p__Bacteroidetes;c__Bacteroidia;o__Bacteroidales;f__Bacteroidaceae;g__Bacteroides;s__Bacteroides_cellulosilyticus	0.013902366495	-0.000570525634083	0.0752831146909	-0.00576353464634	-0.0435352971031	-0.0339735070918	-0.109973197341	-0.0565120842259	0.0375792445855	-0.0431584302174	-0.0256197877336	-0.00259664287796	1.0	-0.0235702625299	-0.0195724708505	-0.0286589793533	-0.0695604136385	0.057681454968	0.016177225857	0.0432474190454	-0.0258712145226	-0.0327153329009	-0.0192124127927	-0.00346845955484	-0.018140942991	-0.0264836868671	-0.029520215574	0.0289447685476	-0.0500841244347	0.0258867742086	0.0450511404673	-0.00754130154514	-0.0156864538832	0.0249533055875	-0.0364913422531	-0.0429196603859	0.0205155636441	-0.0125917290346	0.0554342920917	-0.0141561511634	0.015110566407	0.0441035640539	0.0248412008268	0.0446069646553	-0.0370211306008	-0.0261252719021	0.0305879033035	0.0308886951333	-0.0097984073106	0.0498518990642	-0.0321192658066	-0.0568927999585	-0.020799601899	-0.0307678703563	-0.0750550441697	-0.0521597473234	0.0985422224027	0.0909300088893	0.0253950724296
k__Bacteria;p__Bacteroidetes;c__Bacteroidia;o__Bacteroidales;f__Rikenellaceae;g__Alistipes;s__Alistipes_obesi	-0.0641176197928	0.0705856294651	0.0459499763678	0.00875051125607	-0.0599614148317	0.0265552907227	-0.00921850118903	0.0518480783204	0.0306397291154	0.018955638237	-0.0525154827571	-0.027480460934	-0.0235702625299	1.0	-0.00484705389071	0.0206410171224	-0.0544758153621	-0.0046729547665	-0.0143662561047	0.0207805272423	0.0263349448407	0.0145707293948	-0.017207697647	-0.0704712466229	0.0236886873935	-0.00107699375706	-0.0580504355486	0.0709337903967	-0.0376657408805	-0.00847347262271	0.00736433295519	0.0519787081058	-0.0580457901168	-0.0297809469785	0.0507528634607	-0.0482631723458	-0.0450946851466	-0.00925140391496	0.0157308449548	-0.0207199231544	-0.0369193763324	-0.0357511782457	-0.00424478268906	-0.0485730669802	0.0098128902366	-0.0506462045428	0.00655213410497	-0.00660667545218	0.0307704922936	-0.0353559062757	-0.0952402522085	-0.0303807196451	-0.000945393598374	-0.0194438725782	0.00238375119555	-0.0119768366809	0.00986916807442	-0.0810816205708	-0.00729885821729
k__Bacteria;p__Firmicutes;c__Clostridia;o__Clostridiales;f__Lachnospiraceae;g__;s__[Eubacterium]_rectale	-0.0663678326102	0.00804551850484	-0.0118378341137	0.0750448405594	0.0278714640687	-0.00336715001272	-0.054782593228	0.00878345692841	-0.0649941327527	-0.0548475200981	0.00483991314913	-0.0358836770496	-0.0195724708505	-0.00484705389071	1.0	0.0291923618997	-0.0124257734128	-0.0434620171507	0.0586705379463	0.0703318069538	-0.0163887855364	-0.0292294251845	-0.0254330593984	0.000650472289977	-0.0721827640031	0.00290901549561	-0.0530588383147	-0.0284778533783	0.0463666549585	-0.0277113474877	-0.037901973873	-0.0295698135352	-0.0186507320567	0.0305258119665	-0.0271148769445	0.0247553825781	-0.000199029979919	0.0359430051787	-0.058880901166	0.0867242975648	0.00889103346032	0.00407999170254	0.0680008153894	0.0122810966619	0.0163585372691	-0.000872744352289	-0.00852447133185	-0.0346296943128	-0.000943586304578	0.044823775781	-0.0274356254912	-0.00403961078484	0.00995443213888	0.00711908493451	0.0394486721857	-0.00821602757245	-0.0124842838566	0.0160026530097	-0.04155210792
k__Bacteria;p__Bacteroidetes;c__Bacteroidia;o__Bacteroidales;f__Bacteroidaceae;g__Bacteroides;s__Bacteroides_plebeius	-0.0127254096885	0.0102656408263	0.0387140230674	0.0723858878819	0.0115331986167	-0.012368668016	-0.0465441684655	-0.0407437844112	-0.0149390884963	0.00106289210638	-0.0315616350203	-0.0425993380729	-0.0286589793533	0.0206410171224	0.0291923618997	1.0	-0.00781732895957	0.0145469337615	-0.0296122158768	-0.0499888519251	0.0467767360409	0.019739959083	0.0344761147234	0.000851959444489	0.0234413060625	0.00230159180401	-0.0687670384062	0.0447622394284	0.0267115014262	-0.00231497550699	0.00401792422032	0.0288516330679	0.00927890880497	0.0227446347442	0.0310559858251	0.0252818309327	-0.0626435002184	-0.0252425788511	-0.0507373117839	-0.0308346904313	0.0251860944994	0.00943393514974	-0.0186948358345	-0.00945152952941	-0.00115235856293	-0.0173496119498	-0.00718589548904	-0.01620354565	-0.0431051327594	-0.0479119833702	0.00445045971605	0.0644023281087	-0.0182798576605	0.0366457336024	0.0296150310672	-0.0127891342106	0.0153519120698	0.0278998983203	-0.00418368665338
k__Bacteria;p__Bacteroidetes;c__Bacteroidia;o__Bacteroidales;f__Bacteroidaceae;g__Bacteroides;s__Bacteroides_fragilis	0.047000160437	-0.0470708228462	-0.0346008603436	-0.000848033845367	-0.0139955294983	0.0167229732415	0.0108970984406	-0.0636001847525	0.0158256594219	0.0143789136457	-0.0599471558586	0.0765260841563	-0.0695604136385	-0.0544758153621	-0.0124257734128	-0.00781732895957	1.0	0.00679194707711	-0.0374958828633	-0.0240345974986	-0.0425203710663	-0.0466061627656	-0.0047517702088	0.0165827552975	0.00918286185681	-0.0305055495709	0.0749967090847	-0.0208741823817	-0.0487979270052	-0.0453252149633	-0.0368079080502	0.0293703727598	0.0512545193194	-0.0304622181455	0.059704322967	-0.000197702010028	-0.0142086840902	-0.00952987440557	-0.0538115399516	-0.0313813681955	-0.0266080548235	-0.0708897888882	-0.0138977466346	-0.0242587257571	0.032835640759	-0.0171649981467	-0.0243416657598	0.0679152512528	-0.0256749933523	-0.0901958899505	0.0315263362034	-0.0390524626922	-0.00577722837007	0.0368154833635	0.0136540358587	0.0232745064999	-0.0420218914342	0.0549926289639	-0.0211111330478
k__Bacteria;p__Proteobacteria;c__Betaproteobacteria;o__Burkholderiales;f__Sutterellaceae;g__Sutterella;s__Sutterella_wadsworthensis	-0.0159320175389	0.0152861364988	-0.00368171887565	-0.028090968114	-0.00542770131857	0.00793011350332	0.0631281536003	0.0287173654216	-0.0533518299318	-0.0172929145082	-0.0602296697591	-0.0190322695061	0.057681454968	-0.0046729547665	-0.0434620171507	0.0145469337615	0.00679194707711	1.0	-0.0229452810982	-0.0468586965276	0.0476949846579	0.0319265395105	-0.0501604349255	0.0232357560385	0.00502013572523	0.0151815325532	-0.0685312942863	-0.0279944390643	-0.0128278167782	0.0347037959556	0.0288572665655	-0.0285098132872	-0.0128843078549	0.00124823769326	0.0117916783261	-0.0250130897898	-0.00770037069979	0.0477109660566	0.0231811560833	-0.0384741177053	-0.030958661134	0.00976625681106	0.0494444856295	0.0068321142688	0.00716734230444	-0.00118893899016	0.0693575741622	-0.0638038901829	-0.0272169166196	0.0230934808596	-0.0663107235657	0.00572611505229	-0.0141672483843	0.00511297250586	0.0114227637421	-0.0226278814996	-0.0148707004675	0.0349000295873	0.0301120224441
k__Bacteria;p__Bacteroidetes;c__Bacteroidia;o__Bacteroidales;f__Porphyromonadaceae;g__Barnesiella;s__Barnesiella_intestinihominis	-0.0109703802072	0.0309785613749	-0.0179266522805	0.00916745422236	-0.0503142095168	-0.0310446187074	0.0103619093634	-0.0555187833586	-0.0451342189476	-0.024691158255	0.0460937232959	0.0112896621926	0.016177225857	-0.0143662561047	0.0586705379463	-0.0296122158768	-0.0374958828633	-0.0229452810982	1.0	0.013036593326	-0.000859679476829	0.00200941786291	-0.0454852136622	-0.0295348169251	-0.0290168805837	0.0171515225225	0.0133920101409	-0.0283501648868	-0.0154671657362	-0.0282476708653	-0.043659175012	0.0267790540835	-0.0434745374766	0.0212006458314	-0.0310388565417	-2.8677976171e-05	-0.0117964087925	-0.0473585443189	-0.0466070581061	-0.0620510594908	-0.0199315920241	0.0292096414081	-0.0312189591907	0.0677485057885	-0.027096892195	-0.0504949803406	0.037446633768	0.0320588474061	0.0105049035555	-0.0523719526778	-0.0163447411906	0.0184197354413	-0.0380112275904	0.0140182478077	0.00389001702686	-0.0239730594154	-0.000364356700606	0.0553223301447	0.0295436102337
k__Bacteria;p__Bacteroidetes;c__Bacteroidia;o__Bacteroidales;f__Odoribacteraceae;g__Odoribacter;s__Odoribacter_splanchnicus	0.0245184724956	-0.00013608113791	0.0551366558725	-0.0159425385164	0.000300901945091	-0.00018350945688	0.0194057669567	0.00801992687676	-0.026308126129	0.00650562323229	-0.0200905829306	-0.0259111830874	0.0432474190454	0.0207805272423	0.0703318069538	-0.0499888519251	-0.0240345974986	-0.0468586965276	0.013036593326	1.0	0.0533784754853	0.013401515119	-0.0457860993157	-0.000453976772754	0.0268364983558	-0.00963451770599	0.00744566878241	-0.0492569074008	-0.036721069222	-0.0901724944952	0.0238567161078	-0.0241153952519	-0.0243955748088	-0.0338668391566	-0.0800098848851	0.00837560124982	-0.0283802857427	-0.0120488592775	0.0299558550053	-0.00259269986225	0.0319515073657	-0.0226433014503	-0.0229108602713	-0.0240577688492	0.0161276469214	0.0397242288966	-0.0341063870571	0.0397240631109	0.0617511806028	-0.0222955259211	-0.0169431725434	0.00745829863662	-0.0241871601724	-0.00153695404805	-0.0460816006862	0.0269602974226	-0.0500393394137	-0.0128984922773	0.0061740801143
k__Bacteria;p__Bacteroidetes;c__Bacteroidia;o__Bacteroidales;f__Bacteroidaceae;g__Bacteroides;s__Bacteroides_salyersiae	0.0361981306794	-0.0197382099442	-0.0627198068966	0.00165450903177	0.0296231178196	-0.0276393526295	0.000557459213587	-0.00353027254737	-0.00689100308056	-0.0563386633082	-0.0367318272092	-0.00745893419368	-0.0258712145226	0.0263349448407	-0.0163887855364	0.0467767360409	-0.0425203710663	0.0476949846579	-0.000859679476829	0.0533784754853	1.0	0.0289073653149	-0.109393161238	-0.01322344075	0.016728083819	0.0401398941217	-0.00697432424494	-0.0808350527844	-0.0392264441088	-0.0243154112367	-0.0414864804637	-0.0150228703628	0.00836180360716	-0.0195466703085	0.0678036817694	-0.0424706969165	-0.0256345422187	-0.00236267402836	-0.0320819895311	0.0231642328832	0.0313073167641	-0.0356432282275	-0.0322735228787	-0.0170700664106	0.0162041947833	-0.074614699102	-0.0267521486521	0.0143001886697	-0.0483350877438	-0.00223220154513	0.0185114607397	-0.0233985794682	0.011549858295	-0.0553454961172	0.000153304993874	-0.0842068864668	0.0149557868763	0.00578637372557	-0.0338669912071
k__Bacteria;p__Firmicutes;c__Clostridia;o__Clostridiales;f__Ruminococcaceae;g__Ruminiclostridium;s__[Eubacterium]_siraeum	0.00909596681409	0.0443704519626	-0.064476080724	0.0663935411628	0.00401931095683	-0.0638891285261	-0.0334732997988	-0.014728138061	-0.0551288419111	-0.0216835798846	-0.0314762221589	-0.0188414261734	-0.0327153329009	0.0145707293948	-0.0292294251845	0.019739959083	-0.0466061627656	0.0319265395105	0.00200941786291	0.013401515119	0.0289073653149	1.0	-0.057761599981	0.0376427654289	-0.0141071591127	-0.0330256175996	-0.038760319894	-0.0414235923895	0.0197361998166	-0.0425784429924	-0.0561681025149	-0.000514697566147	0.00758687367845	0.0356757119303	0.00362647366017	0.0549159053024	-0.0419956649806	0.0120018902938	-0.0173112631206	0.0559824700987	0.0558273498991	-0.0113956858336	0.00395630922851	0.0262420667132	0.0412135669312	-0.0816573485549	-0.00450020376143	0.00599713576208	-0.0230905268468	-0.0283400415891	-0.054390995093	-0.0204145923903	-0.0279351809727	0.0200370793075	-0.00457763570966	-0.0326373008862	-0.0407197851872	-0.047782026982	-0.0382782349288
k__Bacteria;p__Proteobacteria;c__Betaproteobacteria;o__Burkholderiales;f__Sutterellaceae;g__Parasutterella;s__Parasutterella_excrementihominis	-0.0167233311621	0.0261390015926	-0.0216007131387	0.0236816324968	0.0153874488914	0.0630198448094	-0.0446482701897	0.00107850893877	0.0271818917641	-0.0279276543457	-0.0519558870069	0.063620478116	-0.0192124127927	-0.017207697647	-0.0254330593984	0.0344761147234	-0.0047517702088	-0.0501604349255	-0.0454852136622	-0.0457860993157	-0.109393161238	-0.057761599981	1.0	-0.0393212918763	0.0169849923969	-0.00750482316532	0.00196865354037	-0.0039045902014	-0.0205024717433	0.0320409128166	-0.0634086613212	0.0119855499421	-0.0276419297774	0.0170077856288	-0.0345656875207	-0.035007537711	-0.0181868460508	-0.00482000761088	-0.0200995992495	0.0374980686867	0.0243097618926	-0.0100321563205	0.0113393390294	-0.0598200296595	-0.0395668787158	0.0336370789331	0.0403101479962	-0.0154895030714	-0.0106758974338	-0.0549300608366	0.0160755188465	-0.0155231609759	0.00406925361479	0.0208129499351	0.0194269724189	0.0161331684766	-0.0640336847676	-0.0437017809637	-0.0449716305997
k__Bacteria;p__Actinobacteria;c__Actinobacteria;o__Bifidobacteriales;f__Bifidobacteriaceae;g__Bifidobacterium;s__Bifidobacterium_adolescentis	-0.0531567841647	-0.0194556224939	-0.0507634352297	-0.00165090587006	-0.00112623305596	-0.0473378191316	0.0288608390504	-0.0219385728063	-0.00712952178459	0.018565596529	-0.000415658188137	0.0125955361553	-0.00346845955484	-0.0704712466229	0.000650472289977	0.000851959444489	0.0165827552975	0.0232357560385	-0.0295348169251	-0.000453976772754	-0.01322344075	0.0376427654289	-0.0393212918763	1.0	0.0235323012979	-0.0734501205712	0.0294023661963	0.0292625249683	0.0211847824627	0.0273946015742	0.069091562171	0.0517162122965	-0.0200331419805	-0.0477766488536	0.00981602569482	0.0180417988093	-0.00926414617198	0.0260264205435	0.00144449172946	-0.00801641762607	-0.055697238723	-0.0252275440762	-0.0352215458482	-0.0328239998551	0.0649864575785	-0.00550453371793	-0.0413824470171	-0.0417221419701	0.00535219787974	-0.061087527198	-0.0390527180521	-0.0286121237881	-0.0156019514987	-0.0114170181998	0.051007186011	-0.0089662708414	-0.0367247388596	0.0113901654347	0.0264043052786
k__Bacteria;p__Firmicutes;c__Clostridia;o__Clostridiales;f__Oscillospiraceae;g__Oscillibacter;s__Oscillibacter_sp._KLE_1745	-0.0228926591403	-0.0142071907383	0.0414435533667	0.0433131537539	-0.00596159802947	-0.031286227335	0.00743081532073	0.0259380470789	-0.00420520297565	-0.0494531450444	0.00656909175919	-0.106952529524	-0.018140942991	0.0236886873935	-0.0721827640031	0.0234413060625	0.00918286185681	0.00502013572523	-0.0290168805837	0.0268364983558	0.016728083819	-0.0141071591127	0.0169849923969	0.0235323012979	1.0	0.0329063204399	0.0519798019362	0.0468471263852	-0.0592364753473	0.00850827378899	-0.000426194045645	-0.0178399249954	-0.0418724881537	0.012898658559	-0.0179554704582	-0.0396261403897	0.0181815515926	0.0447834932445	-0.0162891648736	0.0132459612023	-0.0421321815007	0.0377231619035	-0.0558216852806	-0.0641175230907	-0.0426942113752	0.056311675383	-0.0428194497939	0.018084355831	-0.0186717857815	-0.0598824453691	-0.0732036142409	-0.00719314105268	-0.00013900241793	-0.00603363607049	-0.0433297222111	0.0144763240805	0.0257453059451	0.0157178709863	-0.0375401572518
k__Bacteria;p__Bacteroidetes;c__Bacteroidia;o__Bacteroidales;f__Bacteroidaceae;g__Bacteroides;s__Bacteroides_coprophilus	-0.0757619255065	0.0038408793762	0.0529227910951	-0.0189548995281	-0.0183756873634	0.0138903128577	-0.0074067894348	0.0855929535791	-0.0239376471656	-0.0572722918966	-0.00539246625273	0.0258481648436	-0.0264836868671	-0.00107699375706	0.00290901549561	0.00230159180401	-0.0305055495709	0.0151815325532	0.0171515225225	-0.00963451770599	0.0401398941217	-0.0330256175996	-0.00750482316532	-0.0734501205712	0.0329063204399	1.0	0.00611351016503	-0.0429677715654	-0.0607987175725	-0.0625261260927	0.0103408106354	-0.0359698885489	-0.015548163232	-0.0296970331688	0.0530465829422	-0.0102375375634	0.0519712068695	0.0252004945222	0.018329377148	-0.0551456605024	0.00724979080082	-0.0207997041707	0.0457494502242	-0.0751352991408	-0.0141818893839	-0.0370561805397	0.0250370161992	-0.0428365944119	0.00468764759392	0.0200566480505	0.00322710956564	-0.0227968862799	-0.0109384705408	-0.016212633495	0.0743065915773	0.0448413857019	0.00647659422184	-0.0383069477051	-0.0181988376263
k__Bacteria;p__Firmicutes;c__Clostridia;o__Clostridiales;f__Lachnospiraceae;g__Roseburia;s__Roseburia_intestinalis	-0.0383998278486	-0.0139875379162	-0.0247197920172	-0.0176583500457	0.00418245914965	0.0129965593727	0.0115541111657	-0.0132840477308	-0.0231021243032	-0.00391118611566	-0.0410458605677	0.00396804595838	-0.029520215574	-0.0580504355486	-0.0530588383147	-0.0687670384062	0.0749967090847	-0.0685312942863	0.0133920101409	0.00744566878241	-0.00697432424494	-0.038760319894	0.00196865354037	0.0294023661963	0.0519798019362	0.00611351016503	1.0	0.0329636648781	0.0244628916089	-0.0609863922798	0.0114746299178	0.0359701324492	0.0782173203376	-0.00331134090466	-0.0394973702679	-0.0250671712421	-0.0246359570864	0.0035810792209	-0.00105345839151	-0.00420428837407	-0.0320209619291	-0.0324463585833	-0.0474727370314	0.0210734089426	-1.69089682298e-06	0.0425179635809	-0.0207836340863	-0.0548397087006	-0.00617293243728	0.0196114308256	-0.00789212564751	0.0166763601661	0.0144619903182	-0.00558612483774	-0.0313954575318	-0.0284707330058	-0.0413433420705	0.00988718881951	-0.0738808667543
k__Bacteria;p__Firmicutes;c__Clostridia;o__Clostridiales;f__Lachnospiraceae;g__Roseburia;s__Roseburia_hominis	-0.0401106509821	0.00253362186444	-0.0383122654808	0.0263771057454	0.00364178243665	0.0188455201863	-0.00909928061555	0.0070913684766	0.00246543963114	0.0123303411616	-0.0108321104645	0.0307994290522	0.0289447685476	0.0709337903967	-0.0284778533783	0.0447622394284	-0.0208741823817	-0.0279944390643	-0.0283501648868	-0.0492569074008	-0.0808350527844	-0.0414235923895	-0.0039045902014	0.0292625249683	0.0468471263852	-0.0429677715654	0.0329636648781	1.0	-0.0184138288769	0.074470614202	0.0440490122035	0.0132733538941	0.0120590946394	-0.011970234467	0.0360224833033	0.0160127731845	-0.0337961930496	-0.0456745276867	0.0575761645534	-0.0727728029235	-0.0214079708237	0.00577077646467	0.00228397687654	-0.00191325648582	0.0356631652544	0.0304441207174	-0.0393445378611	0.0205787397964	-0.0869731919717	-0.0644266357462	-0.0131469522806	0.00504190764981	0.0390956611651	-0.0430321673969	-0.0546881031169	0.0141602310103	0.0111081440665	-0.0136412570286	-0.0169497602151
k__Bacteria;p__Bacteroidetes;c__Bacteroidia;o__Bacteroidales;f__Porphyromonadaceae;g__Parabacteroides;s__Parabacteroides_johnsonii	-0.0189465754082	0.0105412465078	0.0167780274366	0.024618286041	0.0101146231961	-0.0104069770085	-0.0497868765292	-0.0148053696032	-0.0198817478301	0.00899509372567	-0.00106009785517	-0.0306401485808	-0.0500841244347	-0.0376657408805	0.0463666549585	0.0267115014262	-0.0487979270052	-0.0128278167782	-0.0154671657362	-0.036721069222	-0.0392264441088	0.0197361998166	-0.0205024717433	0.0211847824627	-0.0592364753473	-0.0607987175725	0.0244628916089	-0.0184138288769	1.0	0.0146300344426	-0.0195061326746	0.01175036644	-0.0822484752603	0.0213909193779	-0.0208235373918	-0.0119300017002	-0.0334344024824	-0.0318815662341	-0.0232433036384	-0.00308973241398	-0.0434362486369	-0.0486838300099	-0.0557360134565	-0.0256777468318	-0.0162249064421	-0.0284370267902	0.0230186078178	0.00155969175358	0.0529057575447	-0.0422848503487	-0.032846530558	0.0263022450575	-0.00399007118257	0.00874280699996	-0.019415617058	-0.021579623533	0.0124163306955	0.070597550279	0.00648347459041
k__Bacteria;p__Actinobacteria;c__Actinobacteria;o__Bifidobacteriales;f__Bifidobacteriaceae;g__Bifidobacterium;s__Bifidobacterium_longum	-0.0229681336794	-0.00781235274825	-0.0153042090699	-0.0141312130998	0.0704838478594	-0.00572242760705	0.0397431280746	-0.0592012962001	0.059165215204	-0.0280788276825	-0.0855694968743	-0.0142278582906	0.0258867742086	-0.00847347262271	-0.0277113474877	-0.00231497550699	-0.0453252149633	0.0347037959556	-0.0282476708653	-0.0901724944952	-0.0243154112367	-0.0425784429924	0.0320409128166	0.0273946015742	0.00850827378899	-0.0625261260927	-0.0609863922798	0.074470614202	0.0146300344426	1.0	0.000636320027724	-0.0382021883932	-0.0306197494946	-0.0021648694397	0.0346258206203	-0.0225206619447	0.0177802916775	-0.0246041602887	0.036538484198	-0.0573786128048	0.00541261663229	0.020104949303	-0.00335346375005	-0.00392002077213	0.056235241862	0.0527227917268	-0.0312409679771	-0.0336894193349	-0.0435782100406	-0.0697148317363	-0.0422535401072	-0.0337418678898	-0.0370635342106	-0.0322006783228	0.0255487029842	-0.0271329126381	0.0130384425388	0.0437164391144	0.0611381730042
