#taxonomy	k__Bacteria;p__Bacteroidetes;c__Bacteroidia;o__Bacteroidales;f__Bacteroidaceae;g__Bacteroides;s__Bacteroides_vulgatus	k__Bacteria;p__Bacteroidetes;c__Bacteroidia;o__Bacteroidales;f__Bacteroidaceae;g__Bacteroides;s__Bacteroides_uniformis	k__Bacteria;p__Bacteroidetes;c__Bacteroidia;o__Bacteroidales;f__Rikenellaceae;g__Alistipes;s__Alistipes_putredinis	k__Bacteria;p__Bacteroidetes;c__Bacteroidia;o__Bacteroidales;f__Prevotellaceae;g__Prevotella;s__Prevotella_copri	k__Bacteria;p__Bacteroidetes;c__Bacteroidia;o__Bacteroidales;f__Bacteroidaceae;g__Bacteroides;s__Bacteroides_stercoris	k__Bacteria;p__Bacteroidetes;c__Bacteroidia;o__Bacteroidales;f__Bacteroidaceae;g__Bacteroides;s__Bacteroides_ovatus	k__Bacteria;p__Bacteroidetes;c__Bacteroidia;o__Bacteroidales;f__Rikenellaceae;g__Alistipes;s__Alistipes_shahii	k__Bacteria;p__Firmicutes;c__Clostridia;o__Clostridiales;f__Ruminococcaceae;g__Faecalibacterium;s__Faecalibacterium_prausnitzii	k__Bacteria;p__Bacteroidetes;c__Bacteroidia;o__Bacteroidales;f__Rikenellaceae;g__Alistipes;s__Alistipes_finegoldii	k__Bacteria;p__Bacteroidetes;c__Bacteroidia;o__Bacteroidales;f__Porphyromonadaceae;g__Parabacteroides;s__Parabacteroides_distasonis	k__Bacteria;p__Bacteroidetes;c__Bacteroidia;o__Bacteroidales;f__Bacteroidaceae;g__Bacteroides;s__Bacteroides_thetaiotaomicron	k__Bacteria;p__Bacteroidetes;c__Bacteroidia;o__Bacteroidales;f__Bacteroidaceae;g__Bacteroides;s__Bacteroides_coprocola	k__Bacteria;p__Bacteroidetes;c__Bacteroidia;o__Bacteroidales;f__Bacteroidaceae;g__Bacteroides;s__Bacteroides_cellulosilyticus	k__Bacteria;p__Bacteroidetes;c__Bacteroidia;o__Bacteroidales;f__Rikenellaceae;g__Alistipes;s__Alistipes_obesi	k__Bacteria;p__Firmicutes;c__Clostridia;o__Clostridiales;f__Lachnospiraceae;g__;s__[Eubacterium]_rectale	k__Bacteria;p__Bacteroidetes;c__Bacteroidia;o__Bacteroidales;f__Bacteroidaceae;g__Bacteroides;s__Bacteroides_plebeius	k__Bacteria;p__Bacteroidetes;c__Bacteroidia;o__Bacteroidales;f__Bacteroidaceae;g__Bacteroides;s__Bacteroides_fragilis	k__Bacteria;p__Proteobacteria;c__Betaproteobacteria;o__Burkholderiales;f__Sutterellaceae;g__Sutterella;s__Sutterella_wadsworthensis	k__Bacteria;p__Bacteroidetes;c__Bacteroidia;o__Bacteroidales;f__Porphyromonadaceae;g__Barnesiella;s__Barnesiella_intestinihominis	k__Bacteria;p__Bacteroidetes;c__Bacteroidia;o__Bacteroidales;f__Odoribacteraceae;g__Odoribacter;s__Odoribacter_splanchnicus	k__Bacteria;p__Bacteroidetes;c__Bacteroidia;o__Bacteroidales;f__Bacteroidaceae;g__Bacteroides;s__Bacteroides_salyersiae	k__Bacteria;p__Firmicutes;c__Clostridia;o__Clostridiales;f__Ruminococcaceae;g__Ruminiclostridium;s__[Eubacterium]_siraeum	k__Bacteria;p__Proteobacteria;c__Betaproteobacteria;o__Burkholderiales;f__Sutterellaceae;g__Parasutterella;s__Parasutterella_excrementihominis	k__Bacteria;p__Actinobacteria;c__Actinobacteria;o__Bifidobacteriales;f__Bifidobacteriaceae;g__Bifidobacterium;s__Bifidobacterium_adolescentis	k__Bacteria;p__Firmicutes;c__Clostridia;o__Clostridiales;f__Oscillospiraceae;g__Oscillibacter;s__Oscillibacter_sp._KLE_1745	k__Bacteria;p__Bacteroidetes;c__Bacteroidia;o__Bacteroidales;f__Bacteroidaceae;g__Bacteroides;s__Bacteroides_coprophilus	k__Bacteria;p__Firmicutes;c__Clostridia;o__Clostridiales;f__Lachnospiraceae;g__Roseburia;s__Roseburia_intestinalis	k__Bacteria;p__Firmicutes;c__Clostridia;o__Clostridiales;f__Lachnospiraceae;g__Roseburia;s__Roseburia_hominis	k__Bacteria;p__Bacteroidetes;c__Bacteroidia;o__Bacteroidales;f__Porphyromonadaceae;g__Parabacteroides;s__Parabacteroides_johnsonii	k__Bacteria;p__Actinobacteria;c__Actinobacteria;o__Bifidobacteriales;f__Bifidobacteriaceae;g__Bifidobacterium;s__Bifidobacterium_longum	k__Bacteria;p__Firmicutes;c__Clostridia;o__Clostridiales;f__;g__Flavonifractor;s__Flavonifractor_plautii	k__Bacteria;p__Firmicutes;c__Clostridia;o__Clostridiales;f__Clostridiaceae;g__Clostridium;s__Clostridium_phoceensis	k__Bacteria;p__Verrucomicrobia;c__Verrucomicrobiae;o__Verrucomicrobiales;f__Akkermansiaceae;g__Akkermansia;s__Akkermansia_muciniphila	k__Bacteria;p__Bacteroidetes;c__Bacteroidia;o__Bacteroidales;f__Prevotellaceae;g__Paraprevotella;s__Paraprevotella_xylaniphila	k__Bacteria;p__Firmicutes;c__Clostridia;o__Clostridiales;f__Ruminococcaceae;g__Ruminococcus;s__Ruminococcus_callidus	k__Bacteria;p__Bacteroidetes;c__Bacteroidia;o__Bacteroidales;f__Rikenellaceae;g__Alistipes;s__Alistipes_senegalensis	k__Bacteria;p__Firmicutes;c__Clostridia;o__Clostridiales;f__Lachnospiraceae;g__Blautia;s__Blautia_sp._KLE_1732	k__Bacteria;p__Bacteroidetes;c__Bacteroidia;o__Bacteroidales;f__Bacteroidaceae;g__Bacteroides;s__Bacteroides_oleiciplenus	k__Bacteria;p__Firmicutes;c__Clostridia;o__Clostridiales;f__Ruminococcaceae;g__Ruminococcus;s__Ruminococcus_bicirculans	k__Bacteria;p__Bacteroidetes;c__Bacteroidia;o__Bacteroidales;f__Bacteroidaceae;g__Bacteroides;s__Bacteroides_fluxus	k__Bacteria;p__Bacteroidetes;c__Bacteroidia;o__Bacteroidales;f__Prevotellaceae;g__Prevotella;s__Prevotella_stercorea	k__Bacteria;p__Firmicutes;c__Clostridia;o__Clostridiales;f__Lachnospiraceae;g__Dorea;s__Dorea_longicatena	k__Bacteria;p__Firmicutes;c__Clostridia;o__Clostridiales;f__Eubacteriaceae;g__Eubacterium;s__[Eubacterium]_eligens	k__Bacteria;p__Firmicutes;c__Clostridia;o__Clostridiales;f__Ruminococcaceae;g__;s__Ruminococcaceae_bacterium_D16	k__Bacteria;p__Firmicutes;c__Clostridia;o__Clostridiales;f__Lachnospiraceae;g__Coprococcus;s__Coprococcus_comes	k__Bacteria;p__Proteobacteria;c__Gammaproteobacteria;o__Enterobacterales;f__Enterobacteriaceae;g__Escherichia;s__Escherichia_coli	k__Bacteria;p__Firmicutes;c__Clostridia;o__Clostridiales;f__Ruminococcaceae;g__Anaerotruncus;s__Anaerotruncus_colihominis	k__Bacteria;p__Firmicutes;c__Clostridia;o__Clostridiales;f__Lachnospiraceae;g__Blautia;s__Blautia_obeum	k__Bacteria;p__Bacteroidetes;c__Bacteroidia;o__Bacteroidales;f__Odoribacteraceae;g__Odoribacter;s__Odoribacter_laneus	k__Bacteria;p__Firmicutes;c__Clostridia;o__Clostridiales;f__Ruminococcaceae;g__Ruminiclostridium;s__[Clostridium]_leptum	k__Bacteria;p__Bacteroidetes;c__Bacteroidia;o__Bacteroidales;f__Porphyromonadaceae;g__Parabacteroides;s__Parabacteroides_goldsteinii	k__Bacteria;p__Firmicutes;c__Clostridia;o__Clostridiales;f__Lachnospiraceae;g__Anaerostipes;s__Anaerostipes_hadrus	k__Bacteria;p__Firmicutes;c__Clostridia;o__Clostridiales;f__Ruminococcaceae;g__Ruminococcus;s__Ruminococcus_lactaris	k__Bacteria;p__Firmicutes;c__Clostridia;o__Clostridiales;f__Clostridiaceae;g__Clostridium;s__Clostridium_sp._L2-50	k__Bacteria;p__Firmicutes;c__Clostridia;o__Clostridiales;f__Clostridiaceae;g__Clostridium;s__Clostridium_sp._M62/1	k__Bacteria;p__Firmicutes;c__Clostridia;o__Clostridiales;f__;g__Intestinimonas;s__Intestinimonas_butyriciproducens	k__Bacteria;p__Actinobacteria;c__Actinobacteria;o__Bifidobacteriales;f__Bifidobacteriaceae;g__Bifidobacterium;s__Bifidobacterium_bifidum	k__Bacteria;p__Firmicutes;c__Negativicutes;o__Veillonellales;f__Veillonellaceae;g__Dialister;s__Dialister_invisus	k__Bacteria;p__Bacteroidetes;c__Bacteroidia;o__Bacteroidales;f__Bacteroidaceae;g__Bacteroides;s__Bacteroides_salanitronis
k__Bacteria;p__Bacteroidetes;c__Bacteroidia;o__Bacteroidales;f__Bacteroidaceae;g__Bacteroides;s__Bacteroides_vulgatus	1.0	0.00555163968028	-0.0642719422025	-0.0475581692907	-0.0084751390551	0.0242780015234	0.0109445554872	-0.00204744873257	-0.0199356663905	0.0501445020611	0.0167801481575	0.00936105062396	-0.0491714868963	0.00709139743341	-0.0327225496501	-0.0398715983666	0.0200633333986	0.0438434433795	-0.0187651317001	-0.080169682419	-0.0469540480874	-0.0530274591094	-0.014433414936	-0.0518399968374	-0.000807308845319	0.0269308043078	-0.0407579697073	-0.00528405526421	-0.00467815166891	0.0056212132717	-0.0431368636984	0.0429971676238	-0.0571554981004	0.0311949632129	-0.0238761790054	-0.0260975281999	-0.00319312113127	-0.0261937784741	-0.0334093010704	-0.0195597071453	-0.00232792281598	0.00801911182207	0.0173510600523	0.0836527412204	0.0122632483701	0.0291053578541	0.0279196565285	-0.0399513903281	-0.049755347364	0.0222254509414	-0.0121674094743	-0.00137623145357	0.020957153028	-0.00782248465053	-0.0118669849849	0.025623465309	-0.0372781661606	0.000695599206954	-0.0555777087959
k__Bacteria;p__Bacteroidetes;c__Bacteroidia;o__Bacteroidales;f__Bacteroidaceae;g__Bacteroides;s__Bacteroides_uniformis	0.00555163968028	1.0	-0.0367372662653	-0.0569647073112	0.0384423123515	-0.049784554043	0.00549721644788	-0.0211293943172	0.00684842461996	-0.0323836441581	0.0380231758307	0.00314094728835	-0.044010094286	-0.0658394408415	0.104448849842	-0.0251945257411	0.00802407811022	0.000780320262153	-0.014793681749	0.0101470493132	-0.0203025349527	0.0148743362848	-0.0480408156314	-0.0485422184796	0.00384237946378	-0.055319522065	-0.0611459725098	0.0290613870888	0.0492185459921	0.0268918667215	-0.0274215194745	0.0149560934473	-0.0336885524259	0.00482535211108	-0.00229382677389	0.00260719414419	0.00595105209349	0.00874489899312	0.0542160469327	0.0347133699274	-0.0269842594447	-0.0626912085817	-0.0728313826805	-0.014239955096	-0.0484870355451	-0.00753897800162	-0.0498967198798	-0.00921510331386	-0.00197252915011	-0.0377931934918	-0.0941728160795	-0.0387894151216	-0.0415463778323	-0.0406547409826	-0.0155286910246	0.0274707789851	0.00734247308325	0.0389563659838	-0.0165483069206
k__Bacteria;p__Bacteroidetes;c__Bacteroidia;o__Bacteroidales;f__Rikenellaceae;g__Alistipes;s__Alistipes_putredinis	-0.0642719422025	-0.0367372662653	1.0	-0.0121775321458	0.0164597469682	-0.0433498013118	-0.00932319135403	0.0482959164665	-0.0451577894123	0.00944435810648	-0.030094776793	0.0427997681881	0.0284478516336	-0.0652632995297	-0.0561522723657	-0.0167117965054	0.00773976944223	-0.0110441283758	-0.0102277139072	0.0116508833805	-0.0511353989041	0.0265607968265	-0.0274370701428	0.0100242790682	0.0576393460023	-0.0642296793291	-0.0633217370648	-0.0319845946404	0.00342278101583	-0.0325512275753	-0.0230567333776	0.0181599344927	-0.00227519230883	-0.0102589743807	0.0275585788052	-0.0646215927772	0.0112612009011	-0.0243717505238	-0.00195862562161	0.00871800317704	-0.0487544567576	0.0300946280039	0.0522092138081	-0.0595058912967	-0.0599371195221	-0.020313878582	-0.0520410041663	0.010365218229	-0.00311926863289	0.0867515385259	-0.0296449354796	0.0808957193624	0.00720561706488	-0.0354195769418	-0.0156918430739	-0.0225395773724	0.0458785714158	-0.010947516859	-0.000531726938842
k__Bacteria;p__Bacteroidetes;c__Bacteroidia;o__Bacteroidales;f__Prevotellaceae;g__Prevotella;s__Prevotella_copri	-0.0475581692907	-0.0569647073112	-0.0121775321458	1.0	0.0310736218534	-0.0335252250588	-0.00559959140086	-0.0280331035683	-0.027543600427	-0.0165881849483	0.0153791478771	-0.0247255626706	-0.0338470902392	-0.0157123497048	-0.0333426890379	0.0234400906695	-0.000814837715799	-0.0178430875637	0.0302044776124	0.0551956652249	0.0080008759843	-0.0407264406937	-0.0181192035014	-0.0107608916702	0.0287326749523	-0.0112534639751	-0.0504448249146	-0.00132985542195	-0.00918408735494	-0.0016167138	-0.028963097295	0.0456398209175	0.0328125426504	-0.0474490316825	-0.0312462337377	-0.0613516949024	-0.0357806540148	-0.0203935332464	0.0109248999342	-0.0214407343971	0.0239489828485	0.0403718291031	0.0293197592164	-0.0329087245225	0.0191831305623	0.00189541803743	-0.0117149457051	0.0704007359114	-0.0519117395099	-0.042919814094	0.0419315097754	-0.0557467160567	-0.0413719517442	4.15488483509e-05	0.0109914857961	-0.0170533483241	0.00117353239799	0.0241751223238	0.0161353861715
k__Bacteria;p__Bacteroidetes;c__Bacteroidia;o__Bacteroidales;f__Bacteroidaceae;g__Bacteroides;s__Bacteroides_stercoris	-0.0084751390551	0.0384423123515	0.0164597469682	0.0310736218534	1.0	-0.0234893308209	0.00507886731398	-0.0613683767221	-0.0210150859413	-0.0418368860731	0.0362520396162	0.0298022674235	0.00649382563918	-0.0236294226989	0.0280913050874	-0.0117555398372	-0.0319320896003	-0.0141065114586	0.007594520488	0.0475373202195	-0.104563039219	0.00756305563546	0.00332613894201	-0.0281690596279	-0.0464529247367	0.00420219014989	-0.0124161206172	-0.00537405940292	0.00921783543017	0.0318661464003	0.00657019234848	0.0203425852511	0.050983159958	-0.00664741764519	-0.015574993975	-0.0173657403438	-0.0368417122852	-0.00127190852619	-0.0003673217418	-0.0653493312108	-0.000868560361734	-0.0547323124528	0.0511667675422	0.0224652766862	-0.0271464038764	0.0370211240619	0.00243136489017	-0.0188505912889	0.0443997770315	0.0168665683977	0.0126094812265	-0.0172692602547	-0.0313108729393	-0.06531940678	0.0360469002089	-0.01782952591	0.0777808646331	-0.0569158045879	-0.0312144928553
k__Bacteria;p__Bacteroidetes;c__Bacteroidia;o__Bacteroidales;f__Bacteroidaceae;g__Bacteroides;s__Bacteroides_ovatus	0.0242780015234	-0.049784554043	-0.0433498013118	-0.0335252250588	-0.0234893308209	1.0	-0.0142876340656	-0.026794406061	0.00472657020908	-0.0684124950911	-0.0217462848121	0.0525352639521	0.0121032595226	0.0308903807227	0.0442209977262	0.00625134773197	-0.0132339992043	0.0319504569093	-0.067183353513	0.0164656761539	-0.0295414729671	-0.0420289339246	-0.00593996676933	-0.0119698981136	0.0401142541248	-0.0216241690053	0.0309757211081	0.0259421242169	-0.036269910615	0.0165544407697	-0.00199083573414	0.0189493020609	0.0443122866258	-0.0382674653141	-0.0331391007664	0.0632385941705	0.0106706233928	0.0383847718144	-0.0628564964984	0.00144466538931	0.00788011779674	-0.0243049403083	-0.00594052286285	-0.0165313788502	0.00628175656566	0.0183649384207	-0.0389189227181	0.02366778005	-0.0334774801204	-0.0124257752335	0.0313927289306	-0.025739340097	-0.00886359983095	0.0391673801492	-0.00434400511129	0.000372867041761	0.0103174471061	-0.0192607012189	-0.0262185885035
k__Bacteria;p__Bacteroidetes;c__Bacteroidia;o__Bacteroidales;f__Rikenellaceae;g__Alistipes;s__Alistipes_shahii	0.0109445554872	0.00549721644788	-0.00932319135403	-0.00559959140086	0.00507886731398	-0.0142876340656	1.0	-0.0118844977679	-0.0412599559561	-0.00401164322434	-0.0213145337874	-0.00397088509775	0.00650275452302	-0.0144848003586	-0.0292153478544	0.0194623149568	0.00527295822809	0.00568003464215	0.0184580931567	0.0516960086236	0.0316189198358	0.0612969095466	0.0517136593385	-0.014710245407	-0.000673467597023	-0.0555880023772	0.0620792225275	-0.00405111643515	0.0152780442548	-0.0182458446077	0.00804179782332	-0.00420677809886	-0.0397675351318	-0.083015467861	0.003489635705	-0.0332291715549	0.0167614255663	-0.0303414608747	-0.027782849012	-0.00700568524741	0.00135627239541	-0.00400737326715	-0.0236641135419	0.0107188141885	-0.017408460307	-0.0218826920948	0.0500739961571	-0.034133752118	-0.0396429515603	-0.00920016296261	0.018077281968	0.00517758455518	0.0312878395495	-0.00242027018065	-0.00669529524582	-0.030095231182	-0.00821232542531	-0.00336109819297	-0.0810169598843
k__Bacteria;p__Firmicutes;c__Clostridia;o__Clostridiales;f__Ruminococcaceae;g__Faecalibacterium;s__Faecalibacterium_prausnitzii	-0.00204744873257	-0.0211293943172	0.0482959164665	-0.0280331035683	-0.0613683767221	-0.026794406061	-0.0118844977679	1.0	0.000976813818913	0.0108455636416	0.0284732708149	-0.0239987531013	-0.00288409145049	-0.0464337805961	0.0523293328626	-0.0103147232376	0.0209135987531	-0.00447593573952	-0.0283254365148	-0.0123297290262	0.0169882607076	0.0426502893644	-0.0609614599282	0.00673614291485	-0.0151254807688	-0.0323107606199	0.00119628346222	-0.00184207313358	-0.00334951236519	-0.00764537765027	0.0281419905965	-0.0296402370162	-0.011377401468	-0.0340625138988	-0.0113297220217	-0.000939630812749	-0.0192307778349	0.0296522127846	0.00279614558036	-0.0213845551184	0.0257384118613	-0.0057474278009	0.00535217312433	-0.0412463388641	-0.0283108415673	0.0509579877636	-0.0431505336484	0.0279526650297	-0.0327550452541	0.00456925116752	-0.0366401772415	-0.00958719620376	-0.0152328068392	0.00936090796811	-0.00307408944039	-0.00736551374865	0.0239163672012	0.0449995303082	-0.0116029623139
k__Bacteria;p__Bacteroidetes;c__Bacteroidia;o__Bacteroidales;f__Rikenellaceae;g__Alistipes;s__Alistipes_finegoldii	-0.0199356663905	0.00684842461996	-0.0451577894123	-0.027543600427	-0.0210150859413	0.00472657020908	-0.0412599559561	0.000976813818913	1.0	-0.0379650257294	-0.0329742673889	-0.05396997882	-0.0113249977028	0.0311504431554	-0.0100671220209	-0.0470770467827	0.000710795914004	-0.0226814448178	-0.0350840878912	-0.0532085426945	0.0380641218121	-0.0116774010946	-0.00840883656775	-0.0322070603402	0.0410373255762	-0.0182134486199	-0.00214697917142	-0.0533431551806	-0.0506073064063	-0.0158549504088	0.0781097145658	-0.0312623296266	0.0397549384101	0.0317487973383	-0.00824381322796	-0.0312792308161	-0.0230930201788	-0.0445198538304	-0.0327632358115	0.091735780846	0.0577507903991	-0.0349194873749	0.0608053700675	0.0284314682898	-0.0379587313112	-0.00939887259589	-0.0610734650543	0.0449125992901	0.0317147460953	-0.015854310431	0.0316194576123	0.0106783876725	0.0238339585276	-0.0250741670376	0.0411539606191	0.0283936257033	-0.0099362371621	0.0344593800407	0.0167228935116
k__Bacteria;p__Bacteroidetes;c__Bacteroidia;o__Bacteroidales;f__Porphyromonadaceae;g__Parabacteroides;s__Parabacteroides_distasonis	0.0501445020611	-0.0323836441581	0.00944435810648	-0.0165881849483	-0.0418368860731	-0.0684124950911	-0.00401164322434	0.0108455636416	-0.0379650257294	1.0	0.0120328993446	0.00908350152533	0.00172774799536	-0.0193749747434	0.00477971057893	0.0263816207	0.0271416038566	-0.0265659933797	0.0135988735098	0.0502398767417	0.0306968221284	0.0108353725322	-0.01263964516	0.0275484954718	0.0111330670598	0.0142882794687	0.00825216313864	-0.00420588232027	0.0412245329062	0.0549717567193	0.0317093983024	-0.00528567448404	-0.0504407322974	-0.0386754145687	0.0612452680042	-0.052837332898	-0.00441237802709	0.03822723525	-0.0216563687573	-0.0219431201446	-0.0284255236702	0.0563256287238	-0.0531953561389	-0.0618760415763	-0.022783429405	-0.0510074023823	-0.0295139882814	-0.0357840843498	0.0346844571197	-0.0189940374154	-0.0396717809455	-0.0459796272559	0.0297134101336	0.0508094525437	0.00966943883682	0.0324713518656	0.0295045581779	-0.00598496772158	-0.0237410974206
k__Bacteria;p__Bacteroidetes;c__Bacteroidia;o__Bacteroidales;f__Bacteroidaceae;g__Bacteroides;s__Bacteroides_thetaiotaomicron	0.0167801481575	0.0380231758307	-0.030094776793	0.0153791478771	0.0362520396162	-0.0217462848121	-0.0213145337874	0.0284732708149	-0.0329742673889	0.0120328993446	1.0	-0.0182236965808	0.0467645602492	0.0401291016274	-0.0513176999853	-0.0154237262271	-0.0177593636847	0.0190197072046	0.0115083927435	0.0183524113645	0.0716172475287	-0.024534263771	0.00628462912539	-0.0356812747339	0.013767741335	-0.0615391854297	-0.0155677179411	-0.00123482838505	-0.0456444379194	-0.0253560867068	-0.0210205416153	0.0821380696578	-0.0420057876433	0.0272485611794	-0.00653017339535	0.0211568453566	0.0386091227116	-0.0438456496326	0.0207759466393	-0.00354925463486	-0.0161966052867	-0.0282442871702	-0.0118439423966	0.0516626155098	-0.0330529408085	0.0148589281561	-0.000478988581918	-0.0271504404836	-0.0359988383442	0.0453706508594	0.00532144360898	-0.059144126188	-0.0504206528045	-0.00114160649293	0.00622295031747	-0.0193554146473	-0.0192285897048	0.0561621822049	-0.0215538303389
k__Bacteria;p__Bacteroidetes;c__Bacteroidia;o__Bacteroidales;f__Bacteroidaceae;g__Bacteroides;s__Bacteroides_coprocola	0.00936105062396	0.00314094728835	0.0427997681881	-0.0247255626706	0.0298022674235	0.0525352639521	-0.00397088509775	-0.0239987531013	-0.05396997882	0.00908350152533	-0.0182236965808	1.0	0.00827730773967	-0.00267858084672	0.0458795093548	0.0371937068542	-0.020809703492	-0.0508636692608	-0.0641384016605	0.00257606239602	-0.00524821301955	0.0062496930567	0.0260164260998	-0.0237192943185	-0.0163552076355	-0.0185595772349	-0.0193544386662	-0.00733540592092	-0.00447521536525	-0.0401719576039	-0.0121777215759	-0.00746329620122	-0.0164935446066	-0.0371883844753	0.00247659465977	-0.0641297709456	0.0263612005579	-0.00603858187451	0.00511561833625	0.0107459319218	-0.00604016707723	-0.000110830177679	0.0188786004343	-0.031322054017	-0.0155437673914	-0.041465703134	0.0200274524756	0.0226258639386	-0.0121093330561	-0.00458624053269	-0.0223726199127	-0.0361084113577	-0.0265721346888	-0.0232352480828	-0.0191182775836	-0.00753072529431	-0.0284385070591	-0.0274598896607	-0.0114033841289
k__Bacteria;p__Bacteroidetes;c__Bacteroidia;o__Bacteroidales;f__Bacteroidaceae;g__Bacteroides;s__Bacteroides_cellulosilyticus	-0.0491714868963	-0.044010094286	0.0284478516336	-0.0338470902392	0.00649382563918	0.0121032595226	0.00650275452302	-0.00288409145049	-0.0113249977028	0.00172774799536	0.0467645602492	0.00827730773967	1.0	-0.0201166352423	-0.0319951652987	-0.0253583040035	0.0347135329632	-0.00388208600466	-0.000297210932308	-0.0296256205091	-0.0633048317555	-0.0297466186854	-0.0435359651854	0.0191246030932	-0.00432750377376	0.00971346032222	-0.0620016696798	-0.0224014387424	-0.0424755107586	0.0382133414635	0.00818244251515	-0.0211995851672	-0.00179075436986	0.00188977442087	0.0184923616035	-0.0318865678062	-0.0395979736676	0.000925532658921	0.0441953395642	0.00937057263799	-0.00189332796892	0.00492931979527	0.0273568184667	-0.0427051942843	0.00559680389406	0.0486192852136	-0.0694233523257	-0.00322395343142	-0.042070054831	0.00723414191224	-0.0304717213049	-0.0569055912685	-0.02722194538	0.0321203820534	0.0555913403055	-0.0132952132936	-0.0607396571242	0.0257898104231	-0.0528792008169
k__Bacteria;p__Bacteroidetes;c__Bacteroidia;o__Bacteroidales;f__Rikenellaceae;g__Alistipes;s__Alistipes_obesi	0.00709139743341	-0.0658394408415	-0.0652632995297	-0.0157123497048	-0.0236294226989	0.0308903807227	-0.0144848003586	-0.0464337805961	0.0311504431554	-0.0193749747434	0.0401291016274	-0.00267858084672	-0.0201166352423	1.0	-0.038115691618	-0.0260747739035	-0.0222807378599	-0.0197999035186	-0.0106170754951	-0.105652595373	-0.0167816474064	-0.0238497147279	0.0389308423569	0.00833447908281	-0.042697755161	0.0156326837207	0.0311481596112	0.00862138691014	-0.0198754567656	-0.00171349765851	-0.0558770262963	0.0496684976358	0.0276258589109	-0.0348859627034	0.00309024138573	-0.0690418715063	0.00281067232055	0.0360128093128	-0.071863525429	0.026748715237	-0.0309866678621	0.0250870901101	-0.041247265915	0.0222057650442	-0.0281349610267	0.0190527934801	-0.00887628236455	-0.00885323533358	0.000927399843354	-0.0372437047692	0.0324003551001	-0.00439890290277	0.0148625480669	-0.0139104494146	0.0121236993766	0.0532856327082	-0.0469766487504	-0.0436764001229	0.0215208373147
k__Bacteria;p__Firmicutes;c__Clostridia;o__Clostridiales;f__Lachnospiraceae;g__;s__[Eubacterium]_rectale	-0.0327225496501	0.104448849842	-0.0561522723657	-0.0333426890379	0.0280913050874	0.0442209977262	-0.0292153478544	0.0523293328626	-0.0100671220209	0.00477971057893	-0.0513176999853	0.0458795093548	-0.0319951652987	-0.038115691618	1.0	0.0095414712333	0.0224900970455	-0.017790041873	-0.024052648243	0.0155950981113	-0.00773842475753	-0.081851142278	0.00615894822708	-0.0504506358247	-0.0570223186156	-0.0451213891516	0.00318956394569	-0.0414541220566	-0.0407645388122	0.0162963212146	-0.00576621709071	-0.00873900755014	0.0429747983031	-0.0745256962446	-0.0185025896163	0.0975263362785	-0.0323488730092	0.00486759442866	-0.0181211924779	0.00619500921858	0.0176581910466	-0.0366791108473	-0.0512172012044	-0.0219688771879	-0.0316148685667	-0.00378374944244	0.0151154713834	-0.00580262422747	-0.0368236607429	-0.0349065827683	-0.00699252620946	-0.0435943420449	0.0290740203898	0.0145584504687	-0.00792360483194	-0.000610193895936	0.0522519733893	-0.081414972944	-0.0182679202331
k__Bacteria;p__Bacteroidetes;c__Bacteroidia;o__Bacteroidales;f__Bacteroidaceae;g__Bacteroides;s__Bacteroides_plebeius	-0.0398715983666	-0.0251945257411	-0.0167117965054	0.0234400906695	-0.0117555398372	0.00625134773197	0.0194623149568	-0.0103147232376	-0.0470770467827	0.0263816207	-0.0154237262271	0.0371937068542	-0.0253583040035	-0.0260747739035	0.0095414712333	1.0	0.0265983760953	0.0267836325124	-0.029638154446	0.0366137734312	0.0107577014465	0.0267676996675	-0.00472337142795	-0.0585377224321	-0.01461550905	-0.0144925600356	-0.0211888135519	-0.0616242689332	0.00275325517153	-0.032724321358	-0.0546471239855	0.00920955070244	-0.0739376728788	-0.0315719368068	-0.0544329573605	-0.0438688386705	0.0122260542813	0.0273742214685	0.0422285336199	-0.0100189363852	0.000396965799622	-0.069247574976	-0.0491048311445	-0.0516795740953	-0.0265451147882	0.00464320481149	0.015776268146	0.0261663766335	0.0490772737628	-0.00644770539392	0.00642119429185	0.000456638866779	0.0521952673238	-0.0525013421359	-0.0423240546888	-0.0178206370193	0.000262346857382	0.0226996600386	0.0202726644332
k__Bacteria;p__Bacteroidetes;c__Bacteroidia;o__Bacteroidales;f__Bacteroidaceae;g__Bacteroides;s__Bacteroides_fragilis	0.0200633333986	0.00802407811022	0.00773976944223	-0.000814837715799	-0.0319320896003	-0.0132339992043	0.00527295822809	0.0209135987531	0.000710795914004	0.0271416038566	-0.0177593636847	-0.020809703492	0.0347135329632	-0.0222807378599	0.0224900970455	0.0265983760953	1.0	-0.00475846409909	-0.0203394909912	-0.0405769008955	0.0382261162418	-0.0299096478734	-0.0294610574096	0.0226699957191	-0.0362012719845	0.0315838737161	-0.0299749740223	-0.0312864445669	0.0325303151317	-0.0409051342638	0.0104671676888	-0.0521047673867	-0.0126789064171	0.0188787433742	0.0254451080106	-0.000312750621921	0.0077972071332	-0.0141841873524	0.0231033990738	-0.0138552746175	0.00689674895181	0.00987302830901	-0.0293094948749	-0.0373738217707	-0.0399363257683	-0.0478850421682	-0.011162608066	-0.0555822760561	-0.0236784217909	-0.0239916318185	-0.0816960921216	0.0281316509471	-0.0107326190345	0.0287307589845	-0.0328557560233	-0.0102214733889	0.0164878770858	-0.0553198218945	-0.0403973625168
k__Bacteria;p__Proteobacteria;c__Betaproteobacteria;o__Burkholderiales;f__Sutterellaceae;g__Sutterella;s__Sutterella_wadsworthensis	0.0438434433795	0.000780320262153	-0.0110441283758	-0.0178430875637	-0.0141065114586	0.0319504569093	0.00568003464215	-0.00447593573952	-0.0226814448178	-0.0265659933797	0.0190197072046	-0.0508636692608	-0.00388208600466	-0.0197999035186	-0.017790041873	0.0267836325124	-0.00475846409909	1.0	0.0418693567372	0.00462809121107	-0.0449255813123	-0.0581662043577	0.0283672033197	0.0595075014222	-0.0105142754976	0.067533021334	-0.00578849568745	-0.088470700692	0.0558354246232	-0.0233873825482	-0.035993172303	-0.0198722729868	-0.0184549854699	-0.00314762256064	-0.0375562410906	0.00844438218534	-0.0501153856083	0.0371198655333	-0.0241233783372	-0.0272969770997	0.0188899642463	-0.043446543431	0.0597269025651	0.0371140033667	0.00503889542785	-0.0389456960434	-0.0329301870717	-0.0198774985741	-0.00892434590826	-0.0236080755576	-0.0323777290792	-0.0015082849948	0.0106755840499	-0.0179976567924	-0.0079774530311	-0.000573166951212	-0.0620217374236	0.0507373306744	-0.00964486869323
k__Bacteria;p__Bacteroidetes;c__Bacteroidia;o__Bacteroidales;f__Porphyromonadaceae;g__Barnesiella;s__Barnesiella_intestinihominis	-0.0187651317001	-0.014793681749	-0.0102277139072	0.0302044776124	0.007594520488	-0.067183353513	0.0184580931567	-0.0283254365148	-0.0350840878912	0.0135988735098	0.0115083927435	-0.0641384016605	-0.000297210932308	-0.0106170754951	-0.024052648243	-0.029638154446	-0.0203394909912	0.0418693567372	1.0	0.0300574912681	-0.0314440214279	0.00138042730885	0.0350947534339	-0.0461867096594	-0.0258164580997	0.0142899169245	-0.0550741370259	-0.0186488750364	-0.06437899154	-0.018728229178	0.00820316829202	-0.0730465868981	-0.012709522889	-0.00456021510395	0.0402853437372	0.0134215735551	-0.0608823129197	0.0286826913434	0.0580181494836	0.0349383660957	-0.0415121156762	-0.0348553795246	0.0168312854026	0.00296686594749	0.0160032319349	-0.0340553093224	0.0304077023066	0.0377421292825	0.0249996530252	-0.0563723851726	0.0304467530615	0.0254710058442	-0.0397875348665	-0.0550820445778	0.00539995272625	-0.00328151378205	0.0195817807902	-0.0617353964929	0.0269002041421
k__Bacteria;p__Bacteroidetes;c__Bacteroidia;o__Bacteroidales;f__Odoribacteraceae;g__Odoribacter;s__Odoribacter_splanchnicus	-0.080169682419	0.0101470493132	0.0116508833805	0.0551956652249	0.0475373202195	0.0164656761539	0.0516960086236	-0.0123297290262	-0.0532085426945	0.0502398767417	0.0183524113645	0.00257606239602	-0.0296256205091	-0.105652595373	0.0155950981113	0.0366137734312	-0.0405769008955	0.00462809121107	0.0300574912681	1.0	-0.0579869509369	0.0132846511895	-0.000856462960025	-0.025585448682	-0.0230050685973	0.0257656011448	-0.0838312400888	0.00177282927053	-0.0490296668934	-0.050973632104	0.00817723282896	-0.0490218405847	-0.061576160545	-0.0335011008991	-0.0150772233141	-0.00172145349412	0.0237474067551	-0.0306457528174	0.0287604790169	0.0126788604412	-0.0445268740817	0.00281520093633	-0.000202417939534	-0.0299712943092	-0.0717201855874	0.0505305979832	0.0501225745985	-0.0138530484112	-0.0358680736739	0.0313275003356	-0.0216851676485	-0.026449963567	0.0160938093775	0.0389186167367	-0.0147611777226	-0.0550566569345	0.0132472153826	-0.00139043983236	0.0470027425163
k__Bacteria;p__Bacteroidetes;c__Bacteroidia;o__Bacteroidales;f__Bacteroidaceae;g__Bacteroides;s__Bacteroides_salyersiae	-0.0469540480874	-0.0203025349527	-0.0511353989041	0.0080008759843	-0.104563039219	-0.0295414729671	0.0316189198358	0.0169882607076	0.0380641218121	0.0306968221284	0.0716172475287	-0.00524821301955	-0.0633048317555	-0.0167816474064	-0.00773842475753	0.0107577014465	0.0382261162418	-0.0449255813123	-0.0314440214279	-0.0579869509369	1.0	0.00851837212064	0.0170114781789	0.0314950133069	-0.0166415984834	-0.00628417485357	-0.0105215907239	-0.0245487727112	0.0363698809051	-0.0504664844868	0.0625117173179	-0.0338021739616	-0.0931759758523	0.00372219479419	0.014801367066	-0.0403681552021	0.0465278612064	0.0165118333599	-0.0108264037957	0.022400817425	-0.0114980369814	0.0164676492262	-0.0314965209036	0.00887580616684	0.0373650279958	-0.0358971298667	0.0103229261583	-0.0183194418487	0.0471140361066	-0.0508999855512	0.0131767434034	0.0113016695689	-0.0138867588675	-0.0194727798296	-0.00164701140293	0.0198374521628	-0.0191949963163	0.00547887898295	-0.0524612065768
k__Bacteria;p__Firmicutes;c__Clostridia;o__Clostridiales;f__Ruminococcaceae;g__Ruminiclostridium;s__[Eubacterium]_siraeum	-0.0530274591094	0.0148743362848	0.0265607968265	-0.0407264406937	0.00756305563546	-0.0420289339246	0.0612969095466	0.0426502893644	-0.0116774010946	0.0108353725322	-0.024534263771	0.0062496930567	-0.0297466186854	-0.0238497147279	-0.081851142278	0.0267676996675	-0.0299096478734	-0.0581662043577	0.00138042730885	0.0132846511895	0.00851837212064	1.0	-0.0142769094383	-0.0339261542506	-0.00201792844268	-0.0376510623515	0.0120665371897	-0.0188285211125	0.0253080045566	-0.0403973271392	0.092496820996	-0.0558910192135	-0.0528708340769	0.0251883532722	0.00511185029966	0.0452474536138	0.00510580775079	0.0363013612971	-0.00680704665033	0.0283405028747	-0.0136176449282	-0.00418059781551	-0.0285979513825	-0.0223237843042	-0.00816810478282	0.0303092861174	-0.0191403188761	-0.00632030205077	0.00490724519006	0.0117572037748	-0.0206552571545	-0.042127286179	-0.0548621492948	-0.0164559971682	0.00555861172145	-0.0592936946246	0.00353730200971	0.0152171317066	0.0274390536583
k__Bacteria;p__Proteobacteria;c__Betaproteobacteria;o__Burkholderiales;f__Sutterellaceae;g__Parasutterella;s__Parasutterella_excrementihominis	-0.014433414936	-0.0480408156314	-0.0274370701428	-0.0181192035014	0.00332613894201	-0.00593996676933	0.0517136593385	-0.0609614599282	-0.00840883656775	-0.01263964516	0.00628462912539	0.0260164260998	-0.0435359651854	0.0389308423569	0.00615894822708	-0.00472337142795	-0.0294610574096	0.0283672033197	0.0350947534339	-0.000856462960025	0.0170114781789	-0.0142769094383	1.0	0.0113370140845	0.0203635781715	0.0122444216848	0.0249020902765	-0.0578793212203	-0.0204465914658	-0.0101499923996	-0.0187532174386	0.0287641698719	0.038319741709	0.0392082390838	-0.0257949337086	-0.0306223307921	-0.0615399268787	0.00141588385755	0.00607689396952	-0.0715193502473	0.00201678623077	-0.0445087253102	-0.0495705273094	-0.0243169389496	-0.000246260315584	-0.0311673274265	0.0189095125457	0.0233491384048	0.0324901556919	-0.0207219117393	0.00470409388966	0.00815356448716	-0.0487021853206	0.00514473460005	-0.00724651316657	-0.004191874099	0.015862172126	-0.0328095138797	-0.00617785847654
k__Bacteria;p__Actinobacteria;c__Actinobacteria;o__Bifidobacteriales;f__Bifidobacteriaceae;g__Bifidobacterium;s__Bifidobacterium_adolescentis	-0.0518399968374	-0.0485422184796	0.0100242790682	-0.0107608916702	-0.0281690596279	-0.0119698981136	-0.014710245407	0.00673614291485	-0.0322070603402	0.0275484954718	-0.0356812747339	-0.0237192943185	0.0191246030932	0.00833447908281	-0.0504506358247	-0.0585377224321	0.0226699957191	0.0595075014222	-0.0461867096594	-0.025585448682	0.0314950133069	-0.0339261542506	0.0113370140845	1.0	-0.0164446230317	-0.0497651505913	0.0205860928785	-0.0112801641548	-0.0108672391617	-0.0286035465952	-0.0187726344324	0.0594055737513	-0.0108598844913	0.0258245150473	0.00655925537611	-0.005944453086	0.0270343160483	-0.0225578611381	0.00180646392372	-0.0326995313219	-0.0555134790409	0.0332995216982	-0.00969959040498	0.0238824342821	-0.0357697812075	0.0658080294758	0.0850350577891	-0.0280534807834	0.0224158590686	-0.0405130011564	0.0343032905178	-0.0420968799293	-0.0163027282293	-0.00817217409118	0.0131282413246	-0.0030266191771	-0.0275414824495	-0.0247904004	-0.032480936446
k__Bacteria;p__Firmicutes;c__Clostridia;o__Clostridiales;f__Oscillospiraceae;g__Oscillibacter;s__Oscillibacter_sp._KLE_1745	-0.000807308845319	0.00384237946378	0.0576393460023	0.0287326749523	-0.0464529247367	0.0401142541248	-0.000673467597023	-0.0151254807688	0.0410373255762	0.0111330670598	0.013767741335	-0.0163552076355	-0.00432750377376	-0.042697755161	-0.0570223186156	-0.01461550905	-0.0362012719845	-0.0105142754976	-0.0258164580997	-0.0230050685973	-0.0166415984834	-0.00201792844268	0.0203635781715	-0.0164446230317	1.0	-0.0407755461965	0.00842036142857	0.0398686209433	-0.0330322303279	-0.0406055300818	-0.0143447724678	0.0362660111207	-0.0167812981639	-0.0516601638828	-0.0163871084411	-0.0610707892568	0.0209386409033	0.00123074963789	-0.0195292068841	-0.0232019720749	-0.0298117047808	0.0348310811157	-0.0513820327678	-0.0463252165677	0.0427415813325	0.00336037906352	-0.0231658506516	-0.00099575873615	0.0270615084288	-0.0331203539979	-0.00336716828941	-0.00345500361718	-0.045293181961	0.0131627787142	-0.00986548730415	0.00292396925615	-0.00874800758099	0.0468593184116	-0.000808601298319
k__Bacteria;p__Bacteroidetes;c__Bacteroidia;o__Bacteroidales;f__Bacteroidaceae;g__Bacteroides;s__Bacteroides_coprophilus	0.0269308043078	-0.055319522065	-0.0642296793291	-0.0112534639751	0.00420219014989	-0.0216241690053	-0.0555880023772	-0.0323107606199	-0.0182134486199	0.0142882794687	-0.0615391854297	-0.0185595772349	0.00971346032222	0.0156326837207	-0.0451213891516	-0.0144925600356	0.0315838737161	0.067533021334	0.0142899169245	0.0257656011448	-0.00628417485357	-0.0376510623515	0.0122444216848	-0.0497651505913	-0.0407755461965	1.0	0.0271855561017	-0.0319202159383	0.0184253605548	0.0266695064337	-0.010047206854	-0.00946279272123	-0.0253609053815	-0.0478871206834	-0.00828554860904	0.00627147997779	-0.0144766839047	-0.0389715688245	-0.0547835808739	-0.0815254776893	-0.0364360712408	0.0103925240292	-0.0663565049423	0.0612439219918	0.0132939373225	0.00159811983339	-0.0556457005528	-0.029757498236	-0.0225654694195	-0.0379995834712	-0.00807136239804	-0.0235413803872	0.0660012311355	0.00549325451801	-0.0278904540313	-0.000518748203677	-0.0637224392548	-0.014127881609	0.0375374212301
k__Bacteria;p__Firmicutes;c__Clostridia;o__Clostridiales;f__Lachnospiraceae;g__Roseburia;s__Roseburia_intestinalis	-0.0407579697073	-0.0611459725098	-0.0633217370648	-0.0504448249146	-0.0124161206172	0.0309757211081	0.0620792225275	0.00119628346222	-0.00214697917142	0.00825216313864	-0.0155677179411	-0.0193544386662	-0.0620016696798	0.0311481596112	0.00318956394569	-0.0211888135519	-0.0299749740223	-0.00578849568745	-0.0550741370259	-0.0838312400888	-0.0105215907239	0.0120665371897	0.0249020902765	0.0205860928785	0.00842036142857	0.0271855561017	1.0	-0.0137358846383	0.0234114698223	-0.0231433279194	-0.0636398722043	-0.00265042709797	-0.0314550531692	0.0172827650359	0.0169386820076	0.0371426006102	0.0309479718053	-0.0391554032472	0.0320248194316	0.00904788652059	0.0500242923352	0.0500544560589	-0.0150331161153	0.0432243278787	-0.0153515559602	-0.0166089410815	-0.0167663896991	0.0180250612176	0.00049783771929	0.0636979177514	-0.017191397201	-0.00795763998099	-0.0251041177621	-0.0171634927916	-0.0459812257182	0.0142973384695	0.0387331410168	-0.0213692846265	-0.0294817187876
k__Bacteria;p__Firmicutes;c__Clostridia;o__Clostridiales;f__Lachnospiraceae;g__Roseburia;s__Roseburia_hominis	-0.00528405526421	0.0290613870888	-0.0319845946404	-0.00132985542195	-0.00537405940292	0.0259421242169	-0.00405111643515	-0.00184207313358	-0.0533431551806	-0.00420588232027	-0.00123482838505	-0.00733540592092	-0.0224014387424	0.00862138691014	-0.0414541220566	-0.0616242689332	-0.0312864445669	-0.088470700692	-0.0186488750364	0.00177282927053	-0.0245487727112	-0.0188285211125	-0.0578793212203	-0.0112801641548	0.0398686209433	-0.0319202159383	-0.0137358846383	1.0	0.00599378664837	0.0497471684999	0.0036732700561	0.0210537895943	-0.0140776469717	0.00430856830809	-0.000568529204727	-0.0101723411537	-0.0734589140815	-0.0410531956492	-0.00884117841964	0.0109597305473	-0.0319214729665	0.0265714335414	-0.00744671800164	-0.045713568427	-0.026211617886	-0.0185175930753	-0.0114618804055	-0.0153675976022	0.0222108169175	-0.0527319646096	0.00923749614509	-0.0291401311755	-0.0198813452332	-0.0238983922472	0.0198680021429	0.0118268202838	-0.0231715183136	0.00208327781253	0.0206010006831
k__Bacteria;p__Bacteroidetes;c__Bacteroidia;o__Bacteroidales;f__Porphyromonadaceae;g__Parabacteroides;s__Parabacteroides_johnsonii	-0.00467815166891	0.0492185459921	0.00342278101583	-0.00918408735494	0.00921783543017	-0.036269910615	0.0152780442548	-0.00334951236519	-0.0506073064063	0.0412245329062	-0.0456444379194	-0.00447521536525	-0.0424755107586	-0.0198754567656	-0.0407645388122	0.00275325517153	0.0325303151317	0.0558354246232	-0.06437899154	-0.0490296668934	0.0363698809051	0.0253080045566	-0.0204465914658	-0.0108672391617	-0.0330322303279	0.0184253605548	0.0234114698223	0.00599378664837	1.0	-0.0138977572577	-0.0409686416289	0.0270267581966	0.0169488324548	-0.0575697396455	0.00847490853611	0.0201926607049	-0.0150320830619	0.028210820429	-0.0244005381792	0.0102776714002	-0.0360165646725	-0.00962017308704	-0.00504671369068	-0.0597985573378	-0.0658623794093	-0.00542782742408	0.0398952899224	0.00276069780556	0.00257916091674	0.00830410905468	0.0342233356184	0.00502487036619	-0.0132120134472	-0.00168820842437	-0.0132634314469	-0.0172269329225	0.00484681359838	0.0228958582415	-0.0150351721185
k__Bacteria;p__Actinobacteria;c__Actinobacteria;o__Bifidobacteriales;f__Bifidobacteriaceae;g__Bifidobacterium;s__Bifidobacterium_longum	0.0056212132717	0.0268918667215	-0.0325512275753	-0.0016167138	0.0318661464003	0.0165544407697	-0.0182458446077	-0.00764537765027	-0.0158549504088	0.0549717567193	-0.0253560867068	-0.0401719576039	0.0382133414635	-0.00171349765851	0.0162963212146	-0.032724321358	-0.0409051342638	-0.0233873825482	-0.018728229178	-0.050973632104	-0.0504664844868	-0.0403973271392	-0.0101499923996	-0.0286035465952	-0.0406055300818	0.0266695064337	-0.0231433279194	0.0497471684999	-0.0138977572577	1.0	0.00729132457589	-0.00209272016846	-0.0702196965078	-0.00539214139081	0.0151298610515	-0.0151867718203	-0.00445397938543	0.0112425152364	0.00521450551403	-0.0359969944266	0.0545803720586	-0.0489487879	-0.0241399615484	0.0520760715205	-0.0608710063285	-0.0312787962147	0.0498279395691	-0.0324598657174	-0.0262960716336	-0.0311973543299	-0.0321452870718	0.00149740886495	0.00562239911602	0.0229110786429	-0.012010882948	0.0172626898711	-0.00688045976285	0.0105636303038	-0.00172417250393
