#taxonomy	k__Bacteria;p__Bacteroidetes;c__Bacteroidia;o__Bacteroidales;f__Bacteroidaceae;g__Bacteroides;s__Bacteroides_vulgatus	k__Bacteria;p__Bacteroidetes;c__Bacteroidia;o__Bacteroidales;f__Bacteroidaceae;g__Bacteroides;s__Bacteroides_uniformis	k__Bacteria;p__Bacteroidetes;c__Bacteroidia;o__Bacteroidales;f__Rikenellaceae;g__Alistipes;s__Alistipes_putredinis	k__Bacteria;p__Bacteroidetes;c__Bacteroidia;o__Bacteroidales;f__Prevotellaceae;g__Prevotella;s__Prevotella_copri	k__Bacteria;p__Bacteroidetes;c__Bacteroidia;o__Bacteroidales;f__Bacteroidaceae;g__Bacteroides;s__Bacteroides_stercoris	k__Bacteria;p__Bacteroidetes;c__Bacteroidia;o__Bacteroidales;f__Bacteroidaceae;g__Bacteroides;s__Bacteroides_ovatus	k__Bacteria;p__Bacteroidetes;c__Bacteroidia;o__Bacteroidales;f__Rikenellaceae;g__Alistipes;s__Alistipes_shahii	k__Bacteria;p__Firmicutes;c__Clostridia;o__Clostridiales;f__Ruminococcaceae;g__Faecalibacterium;s__Faecalibacterium_prausnitzii	k__Bacteria;p__Bacteroidetes;c__Bacteroidia;o__Bacteroidales;f__Rikenellaceae;g__Alistipes;s__Alistipes_finegoldii	k__Bacteria;p__Bacteroidetes;c__Bacteroidia;o__Bacteroidales;f__Porphyromonadaceae;g__Parabacteroides;s__Parabacteroides_distasonis	k__Bacteria;p__Bacteroidetes;c__Bacteroidia;o__Bacteroidales;f__Bacteroidaceae;g__Bacteroides;s__Bacteroides_thetaiotaomicron	k__Bacteria;p__Bacteroidetes;c__Bacteroidia;o__Bacteroidales;f__Bacteroidaceae;g__Bacteroides;s__Bacteroides_coprocola	k__Bacteria;p__Bacteroidetes;c__Bacteroidia;o__Bacteroidales;f__Bacteroidaceae;g__Bacteroides;s__Bacteroides_cellulosilyticus	k__Bacteria;p__Bacteroidetes;c__Bacteroidia;o__Bacteroidales;f__Rikenellaceae;g__Alistipes;s__Alistipes_obesi	k__Bacteria;p__Firmicutes;c__Clostridia;o__Clostridiales;f__Lachnospiraceae;g__;s__[Eubacterium]_rectale	k__Bacteria;p__Bacteroidetes;c__Bacteroidia;o__Bacteroidales;f__Bacteroidaceae;g__Bacteroides;s__Bacteroides_plebeius	k__Bacteria;p__Bacteroidetes;c__Bacteroidia;o__Bacteroidales;f__Bacteroidaceae;g__Bacteroides;s__Bacteroides_fragilis	k__Bacteria;p__Proteobacteria;c__Betaproteobacteria;o__Burkholderiales;f__Sutterellaceae;g__Sutterella;s__Sutterella_wadsworthensis	k__Bacteria;p__Bacteroidetes;c__Bacteroidia;o__Bacteroidales;f__Porphyromonadaceae;g__Barnesiella;s__Barnesiella_intestinihominis	k__Bacteria;p__Bacteroidetes;c__Bacteroidia;o__Bacteroidales;f__Odoribacteraceae;g__Odoribacter;s__Odoribacter_splanchnicus	k__Bacteria;p__Bacteroidetes;c__Bacteroidia;o__Bacteroidales;f__Bacteroidaceae;g__Bacteroides;s__Bacteroides_salyersiae	k__Bacteria;p__Firmicutes;c__Clostridia;o__Clostridiales;f__Ruminococcaceae;g__Ruminiclostridium;s__[Eubacterium]_siraeum	k__Bacteria;p__Proteobacteria;c__Betaproteobacteria;o__Burkholderiales;f__Sutterellaceae;g__Parasutterella;s__Parasutterella_excrementihominis	k__Bacteria;p__Actinobacteria;c__Actinobacteria;o__Bifidobacteriales;f__Bifidobacteriaceae;g__Bifidobacterium;s__Bifidobacterium_adolescentis	k__Bacteria;p__Firmicutes;c__Clostridia;o__Clostridiales;f__Oscillospiraceae;g__Oscillibacter;s__Oscillibacter_sp._KLE_1745	k__Bacteria;p__Bacteroidetes;c__Bacteroidia;o__Bacteroidales;f__Bacteroidaceae;g__Bacteroides;s__Bacteroides_coprophilus	k__Bacteria;p__Firmicutes;c__Clostridia;o__Clostridiales;f__Lachnospiraceae;g__Roseburia;s__Roseburia_intestinalis	k__Bacteria;p__Firmicutes;c__Clostridia;o__Clostridiales;f__Lachnospiraceae;g__Roseburia;s__Roseburia_hominis	k__Bacteria;p__Bacteroidetes;c__Bacteroidia;o__Bacteroidales;f__Porphyromonadaceae;g__Parabacteroides;s__Parabacteroides_johnsonii	k__Bacteria;p__Actinobacteria;c__Actinobacteria;o__Bifidobacteriales;f__Bifidobacteriaceae;g__Bifidobacterium;s__Bifidobacterium_longum	k__Bacteria;p__Firmicutes;c__Clostridia;o__Clostridiales;f__;g__Flavonifractor;s__Flavonifractor_plautii	k__Bacteria;p__Firmicutes;c__Clostridia;o__Clostridiales;f__Clostridiaceae;g__Clostridium;s__Clostridium_phoceensis	k__Bacteria;p__Verrucomicrobia;c__Verrucomicrobiae;o__Verrucomicrobiales;f__Akkermansiaceae;g__Akkermansia;s__Akkermansia_muciniphila	k__Bacteria;p__Bacteroidetes;c__Bacteroidia;o__Bacteroidales;f__Prevotellaceae;g__Paraprevotella;s__Paraprevotella_xylaniphila	k__Bacteria;p__Firmicutes;c__Clostridia;o__Clostridiales;f__Ruminococcaceae;g__Ruminococcus;s__Ruminococcus_callidus	k__Bacteria;p__Bacteroidetes;c__Bacteroidia;o__Bacteroidales;f__Rikenellaceae;g__Alistipes;s__Alistipes_senegalensis	k__Bacteria;p__Firmicutes;c__Clostridia;o__Clostridiales;f__Lachnospiraceae;g__Blautia;s__Blautia_sp._KLE_1732	k__Bacteria;p__Bacteroidetes;c__Bacteroidia;o__Bacteroidales;f__Bacteroidaceae;g__Bacteroides;s__Bacteroides_oleiciplenus	k__Bacteria;p__Firmicutes;c__Clostridia;o__Clostridiales;f__Ruminococcaceae;g__Ruminococcus;s__Ruminococcus_bicirculans	k__Bacteria;p__Bacteroidetes;c__Bacteroidia;o__Bacteroidales;f__Bacteroidaceae;g__Bacteroides;s__Bacteroides_fluxus	k__Bacteria;p__Bacteroidetes;c__Bacteroidia;o__Bacteroidales;f__Prevotellaceae;g__Prevotella;s__Prevotella_stercorea	k__Bacteria;p__Firmicutes;c__Clostridia;o__Clostridiales;f__Lachnospiraceae;g__Dorea;s__Dorea_longicatena	k__Bacteria;p__Firmicutes;c__Clostridia;o__Clostridiales;f__Eubacteriaceae;g__Eubacterium;s__[Eubacterium]_eligens	k__Bacteria;p__Firmicutes;c__Clostridia;o__Clostridiales;f__Ruminococcaceae;g__;s__Ruminococcaceae_bacterium_D16	k__Bacteria;p__Firmicutes;c__Clostridia;o__Clostridiales;f__Lachnospiraceae;g__Coprococcus;s__Coprococcus_comes	k__Bacteria;p__Proteobacteria;c__Gammaproteobacteria;o__Enterobacterales;f__Enterobacteriaceae;g__Escherichia;s__Escherichia_coli	k__Bacteria;p__Firmicutes;c__Clostridia;o__Clostridiales;f__Ruminococcaceae;g__Anaerotruncus;s__Anaerotruncus_colihominis	k__Bacteria;p__Firmicutes;c__Clostridia;o__Clostridiales;f__Lachnospiraceae;g__Blautia;s__Blautia_obeum	k__Bacteria;p__Bacteroidetes;c__Bacteroidia;o__Bacteroidales;f__Odoribacteraceae;g__Odoribacter;s__Odoribacter_laneus	k__Bacteria;p__Firmicutes;c__Clostridia;o__Clostridiales;f__Ruminococcaceae;g__Ruminiclostridium;s__[Clostridium]_leptum	k__Bacteria;p__Bacteroidetes;c__Bacteroidia;o__Bacteroidales;f__Porphyromonadaceae;g__Parabacteroides;s__Parabacteroides_goldsteinii	k__Bacteria;p__Firmicutes;c__Clostridia;o__Clostridiales;f__Lachnospiraceae;g__Anaerostipes;s__Anaerostipes_hadrus	k__Bacteria;p__Firmicutes;c__Clostridia;o__Clostridiales;f__Ruminococcaceae;g__Ruminococcus;s__Ruminococcus_lactaris	k__Bacteria;p__Firmicutes;c__Clostridia;o__Clostridiales;f__Clostridiaceae;g__Clostridium;s__Clostridium_sp._L2-50	k__Bacteria;p__Firmicutes;c__Clostridia;o__Clostridiales;f__Clostridiaceae;g__Clostridium;s__Clostridium_sp._M62/1	k__Bacteria;p__Firmicutes;c__Clostridia;o__Clostridiales;f__;g__Intestinimonas;s__Intestinimonas_butyriciproducens	k__Bacteria;p__Actinobacteria;c__Actinobacteria;o__Bifidobacteriales;f__Bifidobacteriaceae;g__Bifidobacterium;s__Bifidobacterium_bifidum	k__Bacteria;p__Firmicutes;c__Negativicutes;o__Veillonellales;f__Veillonellaceae;g__Dialister;s__Dialister_invisus	k__Bacteria;p__Bacteroidetes;c__Bacteroidia;o__Bacteroidales;f__Bacteroidaceae;g__Bacteroides;s__Bacteroides_salanitronis
k__Bacteria;p__Bacteroidetes;c__Bacteroidia;o__Bacteroidales;f__Bacteroidaceae;g__Bacteroides;s__Bacteroides_vulgatus	1.0	0.00209548350623	0.00097935175266	0.0494090604473	0.034614711435	-0.00898527084672	-0.00138420376977	-0.0273303993075	-0.000585537267323	0.00905968576436	-0.0290293713788	0.0107341854816	-0.0411767732468	-0.015880946322	0.0274138471507	0.0059085423697	-0.0562244549895	0.0389614342103	-0.0146532351289	-0.0115006027899	-0.0246346744971	-0.00258458071949	0.0018501254306	-0.00517324588375	-0.0206277828937	-0.0476080596455	-0.0325455628446	0.0325092039744	-0.0218382497708	0.00257365770392	-0.0451311329721	-0.010948209503	0.0648167967009	-0.0384655113124	6.96082130165e-05	-0.0255820595886	-0.00383501175576	0.0463276195458	0.00539277339515	-0.0062718162276	0.00971301940458	-0.0505968954391	-0.0199600303949	-0.0239185815691	-0.024948911742	0.0416316283625	-0.00747589692548	0.00201347634507	-0.00990635914606	-0.00729544022223	0.0440432688094	0.0102711182579	-0.0276652820426	-0.0547338540728	0.0139083126557	-0.0280504113872	-0.010783967099	-0.0314833341486	-0.0263375796894
k__Bacteria;p__Bacteroidetes;c__Bacteroidia;o__Bacteroidales;f__Bacteroidaceae;g__Bacteroides;s__Bacteroides_uniformis	0.00209548350623	1.0	-0.0241896482303	0.000745293319962	0.0277090014632	-0.000456219434331	0.0149362678431	-0.017800286091	-0.0479140595527	0.0285099280279	-0.00500814072365	-0.0165880944629	-0.0316226688829	-0.0108427600694	-0.00837148864438	-0.00457430604178	-0.0546987927078	-0.0388213458426	0.00628619574818	-0.0217123744175	-0.0229863195098	-0.0137639819663	0.0253105219754	-0.0601701792866	0.0402969206684	0.0204349233168	-0.0424685267582	-0.054150086019	-0.0572002018729	-0.0332774943894	-0.0105310856375	0.0287636558093	0.00735786857885	-0.00680610115553	0.00405119489365	0.00685533303567	0.0283323690793	0.0280495481338	-0.00476101584856	-0.0589603418308	0.0319701725986	-0.0120210850594	-0.039759456337	-0.00684977072197	0.00924380381897	0.0239410874226	0.0358911019142	0.0507510556725	-0.0451488311283	0.000643821712635	-0.026574042897	-0.0682037675742	0.0102780786899	0.00277804442454	-0.000145547375699	-0.0263184709318	0.0301851677709	0.0518431436391	-0.0276790755884
k__Bacteria;p__Bacteroidetes;c__Bacteroidia;o__Bacteroidales;f__Rikenellaceae;g__Alistipes;s__Alistipes_putredinis	0.00097935175266	-0.0241896482303	1.0	0.0271429211868	0.0164907258666	-0.0408250570408	0.0391779842566	-0.0101505031871	-0.00125017021444	-0.0232731156658	-0.0190152536102	0.0585148546931	0.0829449142798	0.0402926870132	0.0240686766259	-0.0102024141022	-0.0259854031981	-0.0438066454048	0.061691284827	-0.0476771330676	-0.0572025013302	-0.00355758633052	0.0274492391995	-0.0129358501759	0.0717367884178	-0.0619601800386	0.0380763221763	-0.00334882424505	0.0677728752449	-0.0844808961369	0.0153815935532	-0.0058351053495	0.00125091388734	0.0135546726141	-0.0175302203934	0.00332635190454	-0.0878260264359	-0.0273720147839	-0.0292644815489	0.0331238414921	0.0689874009826	-0.0363806408494	0.026236249639	0.0100925526299	0.0203087001361	0.0130640680704	-0.00291494012131	0.0342881711964	-0.00768383768828	-0.0609214300589	-0.0341851806476	-0.0678439363753	-0.00623274999791	-0.0741805961736	-0.0033865655309	-0.0355307082536	-0.0214575392523	-0.00690037193619	-0.0176876534222
k__Bacteria;p__Bacteroidetes;c__Bacteroidia;o__Bacteroidales;f__Prevotellaceae;g__Prevotella;s__Prevotella_copri	0.0494090604473	0.000745293319962	0.0271429211868	1.0	-0.0462987320328	-0.0537999202957	-0.00490147846046	0.000924496302414	-0.0245309039693	-0.0135615480601	-0.0271577283626	0.0510798085102	-0.00499473813229	-0.0169693181217	0.0347326201799	-0.0429316917531	-0.0370134923768	-0.00166444958803	0.023676799287	-0.0556839850659	0.0518193070904	-0.015420288934	0.0104003386431	0.00854361229359	0.0110579874483	-0.00603898380453	-0.0306516021928	-0.00981058584928	-0.0023423558963	-0.0312725895309	0.0296716977289	-0.0380110009044	-0.0224783830753	-0.00379679874121	0.00190462921253	-0.00168990201864	0.0311740931272	-0.0233989233231	-0.00813485082272	-0.0155855668997	0.020410470533	-0.00185792211884	0.00373178177695	0.042401070314	-0.0606968382679	0.0166192431278	-0.0363350393533	-0.00600052822046	0.0656643528993	-0.0366833868987	-0.00345147905391	0.0116137335336	0.00304663085716	-0.0371313680489	-0.00492481443878	0.00102784959088	0.00924314211829	-0.0331670357232	-0.0677945618848
k__Bacteria;p__Bacteroidetes;c__Bacteroidia;o__Bacteroidales;f__Bacteroidaceae;g__Bacteroides;s__Bacteroides_stercoris	0.034614711435	0.0277090014632	0.0164907258666	-0.0462987320328	1.0	0.000207482897497	-0.0605030827513	0.0147513102412	0.00185788621827	-0.0556716409589	-0.0342683342145	0.00563902352865	-0.00348297175413	-0.00154911299236	0.0119169893079	-0.0146772240826	0.00820598000533	0.0682185320228	-0.00142283835783	0.0163344826022	0.0344418577482	0.00121337176843	-0.0572892016064	-0.00932972837703	-0.0413650911381	-0.0277572636148	-0.00984051012241	-0.0442304198823	0.00594194121084	-0.0284879550422	-0.0404828952896	0.0364264739617	-0.00449833758223	0.0265547788361	0.0438230058189	0.0118957324422	-0.0233334154637	-0.021222090059	0.0164810824575	0.0259940783562	-0.0108908070639	-0.042940486305	-0.013378246728	-0.071959106662	-0.0468916563389	-0.0587543023289	0.0416783626803	-0.0235552201253	-0.0173382306207	0.00431315744996	-0.0246975719043	0.0418262323089	0.00703574231611	0.0734297039969	-0.0253487730833	-0.00628990763333	-0.0278867961443	-0.001484522398	-0.0273481817194
k__Bacteria;p__Bacteroidetes;c__Bacteroidia;o__Bacteroidales;f__Bacteroidaceae;g__Bacteroides;s__Bacteroides_ovatus	-0.00898527084672	-0.000456219434331	-0.0408250570408	-0.0537999202957	0.000207482897497	1.0	-0.0561933638879	0.00414033422758	-0.0266300965723	-0.0117466516616	0.0194136154745	-0.0505070624368	0.0334343377361	-0.0434298621334	-0.0305600032316	0.0135585560326	0.0220506229425	-0.0305156279903	0.0160458834029	-0.00566894187241	0.0269605614474	0.0736786779831	0.0114862002763	-0.0124940910104	-0.0288286939079	-0.0345162719138	0.0678552492555	0.00862888427289	-0.0455748398851	-0.0634578188488	-0.00307863993121	-0.0211002862591	0.0316911691085	-0.0832063397704	-0.0309134842315	-0.0435894433346	0.0201769870148	-0.026668423107	-0.0124424027643	0.0504656797218	-0.0487219856942	0.0265453489551	6.18197090066e-05	-0.0371863297125	-0.0134038011397	-0.020623531455	0.0433254844511	-0.0199946498147	0.0304006922165	0.0182618023599	0.0727777661002	0.00461187196787	-0.0233065325287	-0.028557579682	-0.0012170038877	-0.00256335566254	0.0466889722175	0.0478310479404	-0.0563484027869
k__Bacteria;p__Bacteroidetes;c__Bacteroidia;o__Bacteroidales;f__Rikenellaceae;g__Alistipes;s__Alistipes_shahii	-0.00138420376977	0.0149362678431	0.0391779842566	-0.00490147846046	-0.0605030827513	-0.0561933638879	1.0	0.0324643997394	0.00524259387396	0.0499356593541	-0.0564746704628	-0.0367878014204	-0.0508020489502	0.0122792569274	0.0261341618395	-0.017361323926	-0.023047286308	-0.00454226272313	-0.00787512245343	0.0150579196925	-0.0643676963221	-0.0757406551471	0.0315758564001	0.0295387192629	-0.024220879443	-0.0163342149283	0.0179978986182	-0.0404832817391	0.082547712127	0.00560644128256	0.00765814485786	0.00734107910425	0.0416193787289	-0.000682168727676	-0.0205214251881	-0.0759180600237	-0.0353801587746	-0.00928961291913	0.0374550608203	-0.00850275896277	-0.0228849951684	-0.00549354902009	-0.0299629957488	-0.0249604874291	0.0246788349109	0.00136623069499	0.0167839775493	0.00370456892716	-0.0026787129977	-0.0429232495553	0.0122041407855	0.00356861776912	-0.0165984528357	-0.0794769062487	0.0117468399543	0.00837797589492	0.0204332043955	-0.0376717792734	-0.0408702952907
k__Bacteria;p__Firmicutes;c__Clostridia;o__Clostridiales;f__Ruminococcaceae;g__Faecalibacterium;s__Faecalibacterium_prausnitzii	-0.0273303993075	-0.017800286091	-0.0101505031871	0.000924496302414	0.0147513102412	0.00414033422758	0.0324643997394	1.0	-0.00645493253853	0.0135914892119	0.0119342483717	0.0284309605973	-0.0377845815171	-0.0721477507624	-0.0613522733988	-0.0605964048657	-0.00409405287073	0.0438589951949	0.0428885357525	-0.0187469321683	0.0126414289459	-0.0425364508791	0.0158662767737	-0.0381398691872	-0.0071464447875	0.0144125021452	-0.00173803773488	-0.00159109125766	0.000244024290444	0.0290445164429	0.00591679323017	0.0222565121974	-0.0269199721136	0.00424221859313	0.0155824308049	0.0302979769938	0.028195590523	0.0007553520779	0.0547257507435	-0.0454023190728	0.00390019581593	-0.0225040611526	-0.0418217145878	-0.038595714146	-0.0530282253404	-0.0752413472147	-0.0461046052221	0.0480277325921	-0.0470981805972	0.0139791249967	0.0332838755399	-0.000976161418704	-0.0462414461943	0.0136218857702	-0.00964013691054	-0.0191322514994	-0.0216707078543	0.0213041006408	-0.0649714077835
k__Bacteria;p__Bacteroidetes;c__Bacteroidia;o__Bacteroidales;f__Rikenellaceae;g__Alistipes;s__Alistipes_finegoldii	-0.000585537267323	-0.0479140595527	-0.00125017021444	-0.0245309039693	0.00185788621827	-0.0266300965723	0.00524259387396	-0.00645493253853	1.0	-0.00272751347677	-0.00804220567565	-0.0555840679483	-0.0373379390137	-0.0561578530802	0.0664160483234	0.0180995866331	-0.00635231027086	0.0196765466919	-0.0472059043112	-0.000939047494998	0.0375469813099	0.0298506827726	0.0139694304954	0.0375522761471	0.00694650320755	-0.0449918253531	-0.0222601069886	0.0502764440571	0.0256226279389	0.0700835870118	-0.0410604291183	-0.0175256665599	-0.0213106347644	-0.0230045607656	-0.01844598287	-0.0326844157104	-0.0314314118794	-0.0228563584121	-0.0121289765834	-0.00291795398269	0.048430382389	-0.00119589955878	0.024754799403	-0.0350865932992	-0.0595899087204	-0.0253371173598	-0.0589014856098	0.0348935353309	-0.0194528644655	-0.0160306085459	0.0299978078323	-0.018041362424	-0.0242863025978	0.0611139885913	-0.0502381448314	0.00507754937619	-0.0242945902062	0.00184846966946	0.00227582985559
k__Bacteria;p__Bacteroidetes;c__Bacteroidia;o__Bacteroidales;f__Porphyromonadaceae;g__Parabacteroides;s__Parabacteroides_distasonis	0.00905968576436	0.0285099280279	-0.0232731156658	-0.0135615480601	-0.0556716409589	-0.0117466516616	0.0499356593541	0.0135914892119	-0.00272751347677	1.0	-0.0103870711385	0.0285713587474	0.0078836235323	-0.0701339217098	0.0100795240467	0.00291548652841	0.0294035819832	-0.00172256587405	-0.022535378007	0.0546535135233	0.00436224701042	0.0194742106627	-0.0266860070514	0.0102824150555	3.78037850593e-05	-0.00680825507239	0.0222574784433	0.0263023220636	-0.0102263475297	0.00296862993738	-0.0406244130558	-0.0247218745012	0.0182418413207	0.00597562161497	-0.00630479893655	-0.011975383703	-0.00327983983416	0.000251976181815	-0.00657730800795	0.0160251433955	0.0224076021368	-0.00951937308365	-0.0185379117484	0.00932438695729	-0.0100789355282	-0.0290865758485	0.0196539730269	0.0384479295483	-0.00300051391009	-0.0303746484645	-0.0753528360218	-0.0565216268972	-0.0423080296721	-0.0122190968167	0.0357240319231	0.00571160450212	0.0179943170368	-0.0123933399548	-0.0239005631331
k__Bacteria;p__Bacteroidetes;c__Bacteroidia;o__Bacteroidales;f__Bacteroidaceae;g__Bacteroides;s__Bacteroides_thetaiotaomicron	-0.0290293713788	-0.00500814072365	-0.0190152536102	-0.0271577283626	-0.0342683342145	0.0194136154745	-0.0564746704628	0.0119342483717	-0.00804220567565	-0.0103870711385	1.0	-0.0192389440648	-0.0073254166717	-0.0770949036613	0.0089268743973	-0.0140069061033	-0.013565514627	-0.0892815074031	0.0435405393093	-0.000833770458847	-0.00838830710337	-0.0128163443142	-0.0215661808264	-0.0275199885055	-0.0301972251103	-0.0340157854008	-0.0264210676338	-0.0382710021751	-0.0046120798839	0.0602911933468	0.00939750649543	0.00675244463452	0.0364113189677	7.90754134823e-05	-0.0185569951006	-0.0255199767353	0.0166359013947	0.0444089782843	0.00980952151687	-0.0468292437375	-0.0477714190843	-0.0251850279754	-0.0512626182268	-0.0105876118782	0.0428498488285	0.0256024649255	0.00161345947689	-0.0235433823846	-0.0142369804803	0.0226555885841	0.039447997353	-0.0220872948826	-0.00544415589659	0.011276000732	0.0105848064322	-0.0210118326676	-0.0150655526243	-0.00549642877394	0.019497302955
k__Bacteria;p__Bacteroidetes;c__Bacteroidia;o__Bacteroidales;f__Bacteroidaceae;g__Bacteroides;s__Bacteroides_coprocola	0.0107341854816	-0.0165880944629	0.0585148546931	0.0510798085102	0.00563902352865	-0.0505070624368	-0.0367878014204	0.0284309605973	-0.0555840679483	0.0285713587474	-0.0192389440648	1.0	0.0140369659407	0.00804335111629	0.0290903261631	0.0256760101791	0.0270742224983	0.00849137307809	-0.0337125900024	-0.0270093247686	0.0281942154085	-0.00524895115067	0.0204662968271	-0.00503679710242	-0.0385065900798	-0.0294644767723	0.0138874986228	-0.0315906276573	0.00272422943352	-0.0105986060132	0.0635609886209	-0.0233273475765	-0.0442617337273	0.00295173801419	0.00563911166236	0.0321068139288	-0.0251361759105	0.0348949647944	0.0473666264491	-0.035551475536	-0.0114903940273	-0.035777824029	0.0184481016704	-0.0470157774267	0.0225312154404	-0.0221785841519	-0.106605152736	0.00690227025183	-0.0509786766524	-0.0315478214967	-0.0491581614442	-0.0532008835249	0.0327707088849	-0.0146368500819	-0.0215644840119	-0.016383412363	-0.0204766683571	-0.00768040759735	-0.0316176385087
k__Bacteria;p__Bacteroidetes;c__Bacteroidia;o__Bacteroidales;f__Bacteroidaceae;g__Bacteroides;s__Bacteroides_cellulosilyticus	-0.0411767732468	-0.0316226688829	0.0829449142798	-0.00499473813229	-0.00348297175413	0.0334343377361	-0.0508020489502	-0.0377845815171	-0.0373379390137	0.0078836235323	-0.00732541667171	0.0140369659407	1.0	-0.0493091275756	0.0119941398795	0.0348707258453	-0.067018198951	-0.0378066166459	-0.0271645793946	0.00470156262911	0.031655425104	-0.0256979201316	0.00644643288813	0.00112277027539	0.0248544076884	0.0906049255952	0.0305952523701	0.0117283959774	0.0137886485854	-0.0377883343528	0.0520233288847	-0.0527601767814	-0.0206833240775	-0.00232949204483	-0.0276739648781	-0.0360703123539	-0.00322962213619	-0.0146268887071	-0.00102968240652	-0.0494882027599	0.00322442234665	0.00425928847897	0.0312329625941	0.00840785784427	-0.0703234328139	0.0224134622767	-0.0414346987693	0.000290204739808	-0.0495902200704	-0.00473433820564	-0.0255231038821	-0.00669440582807	0.0479416342419	-0.04371625808	0.0147619315027	0.0151348800168	-0.0365972025157	-0.0532711004954	-0.0181456603603
k__Bacteria;p__Bacteroidetes;c__Bacteroidia;o__Bacteroidales;f__Rikenellaceae;g__Alistipes;s__Alistipes_obesi	-0.015880946322	-0.0108427600694	0.0402926870132	-0.0169693181217	-0.00154911299236	-0.0434298621334	0.0122792569274	-0.0721477507624	-0.0561578530802	-0.0701339217098	-0.0770949036613	0.00804335111629	-0.0493091275756	1.0	0.0185132211175	0.0266167493032	-0.0288472479019	-0.0187388026884	0.0131085864413	0.0107323925961	0.0162921921422	-0.0268216946562	-0.00987802939943	-0.0328150606195	-0.0293897198797	-0.0350466759682	-0.0302820259377	0.0374941486758	-0.0538630000279	-0.063121383424	0.0106497853446	-0.0129007574375	0.0237370752775	-0.0499313641133	0.0123435774291	-0.0235522160056	0.00355369766873	-0.0463139248559	-0.00432188856634	0.0203668741174	0.0139659027205	-0.0245116764632	0.0205550062247	-0.0298976439833	0.0658766572513	0.0259071070952	0.00215997201573	0.00792380620452	-0.0108703452238	-0.00294309289118	0.0226064840707	0.0174525544711	0.0106960285888	-0.0263814947171	-0.0204208142915	-0.0100503489304	-0.0279821700982	0.0125979004494	-0.0110458321842
k__Bacteria;p__Firmicutes;c__Clostridia;o__Clostridiales;f__Lachnospiraceae;g__;s__[Eubacterium]_rectale	0.0274138471507	-0.00837148864438	0.0240686766259	0.0347326201799	0.0119169893079	-0.0305600032316	0.0261341618395	-0.0613522733988	0.0664160483234	0.0100795240467	0.0089268743973	0.0290903261631	0.0119941398795	0.0185132211175	1.0	-0.00352194104219	0.0306041599488	0.038133955168	-0.0931292706824	0.0077763231561	0.0101888290149	0.0134405664591	-0.0109650067786	0.0228413929771	0.0351457244686	-0.00714631420797	0.00467555052138	0.0125177387227	-0.00482917906243	-0.0214001989551	-0.00559715273817	-0.0771990235896	-0.00142294090803	0.0623157947187	0.0320030730525	-0.0001184992686	0.00837406898044	-0.078507530243	0.000639488397386	-0.0357672941468	0.0215815370764	-0.0224248284552	-0.0257314112516	0.000336580698302	0.0190323492753	-0.0253535716808	0.0230718860742	-0.0728120183363	-0.0221146767759	-0.0209978310821	-0.0334988534515	-0.0326879755504	-0.0398361599475	-0.0194987641853	0.0171571273529	-0.00929127971674	0.0109836404451	-0.014575607511	-0.0427727194368
k__Bacteria;p__Bacteroidetes;c__Bacteroidia;o__Bacteroidales;f__Bacteroidaceae;g__Bacteroides;s__Bacteroides_plebeius	0.0059085423697	-0.00457430604178	-0.0102024141022	-0.0429316917531	-0.0146772240826	0.0135585560326	-0.017361323926	-0.0605964048657	0.0180995866331	0.00291548652841	-0.0140069061033	0.0256760101791	0.0348707258453	0.0266167493032	-0.00352194104219	1.0	-0.00852936818591	-0.0543139008363	0.0233657140766	0.0161615338635	0.0396107671915	0.0418833804876	0.0328965695653	-0.064590656635	-0.0146408066322	0.0179706614173	-0.0284142124677	-0.00110800431135	-0.0118639070273	0.0343139597666	-0.023389375395	0.00752040438549	0.0102361571717	0.0161474937599	-0.0184265477759	-0.0131490589064	-0.0511445441593	0.0167322150665	0.0409228562967	-0.0225462908267	-0.0292857628298	-0.0133023487922	0.0216058244712	-0.038776747259	0.0106364818487	0.00835895434785	-0.0412178364915	0.0169548566392	-0.00421931583341	-0.0179450446764	0.0110378419588	0.00422822681753	-0.0300335309137	-0.00619484294735	0.00955056393447	-0.0238076274848	-0.0292820334815	0.00293829982079	0.000363586325748
k__Bacteria;p__Bacteroidetes;c__Bacteroidia;o__Bacteroidales;f__Bacteroidaceae;g__Bacteroides;s__Bacteroides_fragilis	-0.0562244549895	-0.0546987927078	-0.0259854031981	-0.0370134923768	0.00820598000533	0.0220506229425	-0.023047286308	-0.00409405287073	-0.00635231027086	0.0294035819832	-0.013565514627	0.0270742224983	-0.067018198951	-0.0288472479019	0.0306041599488	-0.00852936818591	1.0	0.0148489416766	-0.0378560602683	-0.00133482931408	0.0072525947203	-0.0611538464594	-0.0358653624319	-0.0345697609773	0.04184684587	-0.0063922307072	-0.00430288273211	-0.0546916047667	0.0283727919533	0.00753100743593	-0.0192157292601	0.028366938477	-0.0536634501011	-0.0616762857443	0.00974785315359	0.0392340403067	0.0241629646477	0.0130152188378	0.0472161422194	-0.000627504061412	-0.0390355539073	0.000515511572891	0.0251441405466	0.0323649860833	0.00471752250041	-0.0191965947534	-0.0197892431184	-0.0908736723418	-0.00511318044747	0.00449631803867	0.00198513761122	-0.0165724442795	0.0117824182032	-0.0244065544344	0.00758290503332	-0.0117387614104	0.0154731890797	0.0222412080419	0.00697003856758
k__Bacteria;p__Proteobacteria;c__Betaproteobacteria;o__Burkholderiales;f__Sutterellaceae;g__Sutterella;s__Sutterella_wadsworthensis	0.0389614342103	-0.0388213458426	-0.0438066454048	-0.00166444958803	0.0682185320228	-0.0305156279903	-0.00454226272313	0.0438589951949	0.0196765466919	-0.00172256587405	-0.0892815074031	0.00849137307809	-0.0378066166459	-0.0187388026884	0.038133955168	-0.0543139008363	0.0148489416766	1.0	-0.0708030430536	0.0091068706224	0.0174090171403	-0.0334607753947	-0.00310280036628	0.0144714995363	-0.0164746456368	0.00399825763497	0.0453465649204	-0.0454705342351	0.000510197176208	-0.014085880707	-0.0453302426016	-0.0223038718385	-0.0262409652393	-0.0390858608295	0.00694099143992	0.0189563463189	0.0512223017494	0.0778585122382	-0.0686873746855	-0.0230713811078	-0.018368588391	0.103298849336	-0.0270024238973	0.0100456186023	-0.0342732588314	0.0158343345161	-0.0367468821962	-0.0242318730518	-0.0107272676862	-0.0802349840133	0.0207505815682	0.0733144696514	-0.0355469428963	0.0205193087396	-0.02001151584	0.0272967408936	0.0223160687685	0.0171679405805	0.0423713811876
k__Bacteria;p__Bacteroidetes;c__Bacteroidia;o__Bacteroidales;f__Porphyromonadaceae;g__Barnesiella;s__Barnesiella_intestinihominis	-0.0146532351289	0.00628619574818	0.061691284827	0.023676799287	-0.00142283835783	0.0160458834029	-0.00787512245343	0.0428885357525	-0.0472059043112	-0.022535378007	0.0435405393093	-0.0337125900024	-0.0271645793946	0.0131085864413	-0.0931292706824	0.0233657140766	-0.0378560602683	-0.0708030430536	1.0	-0.017790126962	-0.00938796239327	-0.0007591076186	0.000609984944264	-0.0130746440189	-0.0443455841405	0.0263509133892	-0.0391148159919	0.0101108663939	0.0104396397124	-0.0571907518896	0.00319779835627	-0.042668499035	-0.0719458341714	-0.0312360073467	0.00471506514009	0.00971539233779	-0.0248811389022	-0.0323767071022	0.0117880328544	0.0151799606076	0.0147160297544	-0.0331087202972	0.0233166671053	0.0309837604456	0.0323649107197	-0.0379069441761	-0.00675855154806	0.0343057288522	-0.0110760862726	0.0476313817514	0.0237124914804	0.0242586064982	0.0551892647843	-0.037663041728	0.00929556405236	0.0364319132512	-0.00738775244583	-0.00164304413353	0.00176823821188
k__Bacteria;p__Bacteroidetes;c__Bacteroidia;o__Bacteroidales;f__Odoribacteraceae;g__Odoribacter;s__Odoribacter_splanchnicus	-0.0115006027899	-0.0217123744175	-0.0476771330676	-0.0556839850659	0.0163344826022	-0.00566894187241	0.0150579196925	-0.0187469321683	-0.000939047494998	0.0546535135233	-0.000833770458847	-0.0270093247686	0.00470156262911	0.0107323925961	0.0077763231561	0.0161615338635	-0.00133482931408	0.0091068706224	-0.017790126962	1.0	0.0420574477965	-0.0388480661936	-0.0390600363312	0.0328434653821	-0.0241981860071	0.0434863055325	-0.0518927104987	-0.00923743517909	-0.00594023222108	0.00300683734174	-0.0329979761495	0.0427872250761	0.021071148205	-0.0496358767418	0.0101118126866	-0.017434504738	-0.0300974069428	0.00472855387747	0.0224383834287	0.00784251378096	-0.0577471628511	-0.017204190747	-0.0489375252803	0.00153281932559	-0.0215296326093	-0.0431348760534	0.0229344162423	-0.0508620679508	-0.0751200342384	-0.0211238925919	-0.0581070332126	-0.0350222734942	0.0973729246902	0.011917155763	0.0219570476805	-0.0163837708002	0.00480715854091	0.0330943171873	0.0398343957829
k__Bacteria;p__Bacteroidetes;c__Bacteroidia;o__Bacteroidales;f__Bacteroidaceae;g__Bacteroides;s__Bacteroides_salyersiae	-0.0246346744971	-0.0229863195098	-0.0572025013302	0.0518193070904	0.0344418577482	0.0269605614474	-0.0643676963221	0.0126414289459	0.0375469813099	0.00436224701042	-0.00838830710337	0.0281942154085	0.031655425104	0.0162921921422	0.0101888290149	0.0396107671915	0.0072525947203	0.0174090171403	-0.00938796239327	0.0420574477965	1.0	0.0375964836371	-0.0869713422069	-0.0254349940457	-0.00220420511358	-0.028342187055	0.0136553011355	-0.08202824489	-0.0314504130535	0.0321355338833	0.0241975052456	-0.10819164261	0.0236117300968	0.00298496411753	-0.00780139298386	-0.0702002371807	0.00681796352886	0.0364844983944	-0.00376866769185	0.0072715483293	-0.0239150617351	0.0335437011399	-0.0346930209557	-0.0476983099966	0.0502168122364	0.0485448478952	-0.0459502476005	-0.00322797952767	-0.0357096627468	-0.0189955134221	-0.00839836031281	-0.0289148123921	-0.00137712808626	-0.0224676273213	0.00482144661751	0.0017262289501	-0.0339033388016	-0.00474653401579	-0.0195598221778
k__Bacteria;p__Firmicutes;c__Clostridia;o__Clostridiales;f__Ruminococcaceae;g__Ruminiclostridium;s__[Eubacterium]_siraeum	-0.00258458071949	-0.0137639819663	-0.00355758633052	-0.015420288934	0.00121337176843	0.0736786779831	-0.0757406551471	-0.0425364508791	0.0298506827726	0.0194742106627	-0.0128163443142	-0.00524895115067	-0.0256979201316	-0.0268216946562	0.0134405664591	0.0418833804876	-0.0611538464594	-0.0334607753947	-0.0007591076186	-0.0388480661936	0.0375964836371	1.0	0.0187127888498	-0.000176527286743	0.036753359343	-0.0179895491221	-0.0332772499809	0.00197180575718	-0.00510091525853	-0.0697512257838	0.0414345884313	-0.0133095309524	-0.0467141800613	-0.0369177812245	0.0281273457592	-0.0498503566596	-0.00791583692525	-0.0468196863007	-0.0263774904214	0.00668568479223	-0.000719401370307	-0.0386635861212	-0.0175924739397	-0.0053676440421	0.00273522862396	-0.0504450662163	-0.0124114453108	0.0240146185969	-0.0112276974547	0.0242290003106	-0.0237648498287	0.0037233100428	-0.0104818503639	-0.0616049758485	0.0592540270096	-0.0458777328416	-0.0402133513421	-0.0362296396583	-0.00824780821308
k__Bacteria;p__Proteobacteria;c__Betaproteobacteria;o__Burkholderiales;f__Sutterellaceae;g__Parasutterella;s__Parasutterella_excrementihominis	0.0018501254306	0.0253105219754	0.0274492391995	0.0104003386431	-0.0572892016064	0.0114862002763	0.0315758564001	0.0158662767737	0.0139694304954	-0.0266860070514	-0.0215661808264	0.0204662968271	0.00644643288813	-0.00987802939943	-0.0109650067786	0.0328965695653	-0.0358653624319	-0.00310280036628	0.000609984944264	-0.0390600363312	-0.0869713422069	0.0187127888498	1.0	-0.0333369221367	-0.0481338611578	-0.0293864848442	-0.0102338554001	-0.0512356127251	0.0529379235989	-0.0202334305608	0.00838672452609	-0.0107565508695	-0.0246207899583	-0.0390988341553	-0.0209388655083	-0.0192556015152	-0.0062764400371	-0.00568037164779	0.0188781116244	-0.0283313387318	0.0670120955246	-0.042861647089	0.0153315143422	-0.0121348052688	-0.0278700818552	0.076991547298	0.0084205730419	0.0341295352157	-0.0382776253851	0.0216355388805	0.0125456092447	-0.029614688227	-0.0526534401857	0.0174931609622	-0.0122876804227	0.0370833717027	-0.0724064343196	0.0457192958158	0.0174514921391
k__Bacteria;p__Actinobacteria;c__Actinobacteria;o__Bifidobacteriales;f__Bifidobacteriaceae;g__Bifidobacterium;s__Bifidobacterium_adolescentis	-0.00517324588375	-0.0601701792866	-0.0129358501759	0.00854361229359	-0.00932972837703	-0.0124940910104	0.0295387192629	-0.0381398691872	0.0375522761471	0.0102824150555	-0.0275199885055	-0.00503679710242	0.00112277027539	-0.0328150606195	0.0228413929771	-0.064590656635	-0.0345697609773	0.0144714995363	-0.0130746440189	0.0328434653821	-0.0254349940457	-0.000176527286743	-0.0333369221367	1.0	-0.0404627250653	-0.0563250323107	-0.00891944782467	0.041817005683	0.00678286594574	0.0120131342337	-0.034614973571	0.0192529185848	0.0106837027487	0.0368720816135	-0.042205863027	-0.0180249512293	0.00821664581837	-0.0052366745945	0.00406682496735	-0.031502969307	-0.0159741510539	0.00964347473967	0.0590485934834	-0.0336047689231	0.0282125998215	0.0271107329971	-0.00411629149954	0.0869401617295	0.026567384581	-0.00364152501052	0.0587667916234	-0.0444701286413	-0.0210160597734	-0.0551415270627	-0.017127310188	0.0278204019707	-0.0211939535611	0.00174714406631	-0.0521176105581
k__Bacteria;p__Firmicutes;c__Clostridia;o__Clostridiales;f__Oscillospiraceae;g__Oscillibacter;s__Oscillibacter_sp._KLE_1745	-0.0206277828937	0.0402969206684	0.0717367884178	0.0110579874483	-0.0413650911381	-0.0288286939079	-0.024220879443	-0.0071464447875	0.00694650320755	3.78037850593e-05	-0.0301972251103	-0.0385065900798	0.0248544076884	-0.0293897198797	0.0351457244686	-0.0146408066322	0.04184684587	-0.0164746456368	-0.0443455841405	-0.0241981860071	-0.00220420511358	0.036753359343	-0.0481338611578	-0.0404627250653	1.0	-0.0354011221905	-0.0158033388046	0.000938122370036	-0.039314329523	-0.0135649727707	0.00821249837637	0.00913975041855	0.0266778059855	0.0143452254613	-0.0554502009708	0.0228094084848	0.0206642960693	0.0153838017209	0.0122474115543	-0.0540218754381	-0.0388898653612	-0.0419109898985	0.0271727114916	-0.0155714664193	-0.00281503855154	-0.0196735566121	0.0388462714309	-0.0312452365719	-0.0336818148496	-0.0284845845599	0.0210684495256	0.0334681626508	-0.0408336853324	0.0574470566916	-0.0309926169387	-0.0103369998833	-0.0661348742036	0.00457785043298	0.014938465343
k__Bacteria;p__Bacteroidetes;c__Bacteroidia;o__Bacteroidales;f__Bacteroidaceae;g__Bacteroides;s__Bacteroides_coprophilus	-0.0476080596455	0.0204349233168	-0.0619601800386	-0.00603898380453	-0.0277572636148	-0.0345162719138	-0.0163342149283	0.0144125021452	-0.0449918253531	-0.00680825507239	-0.0340157854008	-0.0294644767723	0.0906049255952	-0.0350466759682	-0.00714631420797	0.0179706614173	-0.0063922307072	0.00399825763497	0.0263509133892	0.0434863055325	-0.028342187055	-0.0179895491221	-0.0293864848442	-0.0563250323107	-0.0354011221905	1.0	-0.0230030735475	-0.0117346963062	0.00117928286585	-0.0368564233628	-0.00115911564295	-0.00978946589814	-0.000508774363105	-0.0393966134127	-0.00769438818535	0.00953734016488	0.0110389836384	0.0320921297766	0.00663261033126	0.016506075809	-0.00234823615527	0.0135221112466	-0.0310307877651	-0.010262848423	-0.0148054315941	0.0279598262288	-0.00162958659715	0.0334037670215	-0.00999711843979	-0.00535776423467	-0.0375305391037	0.0083605126173	0.0434093380941	0.00652030957316	0.0421332547325	-0.015023388877	-0.0201435802867	-0.00603213270294	0.00689437595746
k__Bacteria;p__Firmicutes;c__Clostridia;o__Clostridiales;f__Lachnospiraceae;g__Roseburia;s__Roseburia_intestinalis	-0.0325455628446	-0.0424685267582	0.0380763221763	-0.0306516021928	-0.00984051012241	0.0678552492555	0.0179978986182	-0.00173803773488	-0.0222601069886	0.0222574784433	-0.0264210676338	0.0138874986228	0.0305952523701	-0.0302820259377	0.00467555052138	-0.0284142124677	-0.00430288273211	0.0453465649204	-0.0391148159919	-0.0518927104987	0.0136553011355	-0.0332772499809	-0.0102338554001	-0.00891944782467	-0.0158033388046	-0.0230030735475	1.0	-0.0594435933143	0.023966127819	-0.0125827408652	-0.0404724684624	-0.0565278135576	-0.0290880281932	0.0165421189945	0.00770711252923	0.00401195973147	-0.0219006136024	0.0309634432326	0.0192809705961	0.00114024874007	0.00628560701773	0.00666624443949	-0.0271899810374	0.0285806577288	0.0303311600703	-0.0118760103915	-0.0663311754242	-0.0128278514891	-0.0303450105299	0.00245495599191	-0.0298497202713	0.0332857988543	-0.0249435992649	0.00404092592461	0.0806099516202	0.0490997870699	0.0310226906309	0.0126320635871	0.0249862706749
k__Bacteria;p__Firmicutes;c__Clostridia;o__Clostridiales;f__Lachnospiraceae;g__Roseburia;s__Roseburia_hominis	0.0325092039744	-0.054150086019	-0.00334882424505	-0.00981058584928	-0.0442304198823	0.00862888427289	-0.0404832817391	-0.00159109125766	0.0502764440571	0.0263023220636	-0.0382710021751	-0.0315906276573	0.0117283959774	0.0374941486758	0.0125177387227	-0.00110800431135	-0.0546916047667	-0.0454705342351	0.0101108663939	-0.00923743517909	-0.08202824489	0.00197180575718	-0.0512356127251	0.041817005683	0.000938122370036	-0.0117346963062	-0.0594435933143	1.0	-0.0179898380107	0.0193943049378	-0.0010241134881	-0.0676119604937	-0.0704689709671	0.0230626629882	0.0395540711759	-0.000748132018782	0.0748531597071	-0.0744333589067	0.00611251035	-0.087768108394	-0.0230360547471	0.00459426902173	0.0270890691709	-0.0061691744523	-0.00312994741746	0.00745449064643	0.0194046407778	-0.0302609225344	0.0170758592184	0.0132237654199	0.040352930942	-0.00866969155205	-0.0541337795263	0.0136231097865	-0.0464664340517	-0.0665989170467	0.0344932001057	-0.00821860152795	0.0212044306211
k__Bacteria;p__Bacteroidetes;c__Bacteroidia;o__Bacteroidales;f__Porphyromonadaceae;g__Parabacteroides;s__Parabacteroides_johnsonii	-0.0218382497708	-0.0572002018729	0.0677728752449	-0.0023423558963	0.00594194121084	-0.0455748398851	0.082547712127	0.000244024290444	0.0256226279389	-0.0102263475297	-0.0046120798839	0.00272422943352	0.0137886485854	-0.0538630000279	-0.00482917906243	-0.0118639070273	0.0283727919533	0.000510197176208	0.0104396397124	-0.00594023222108	-0.0314504130535	-0.00510091525854	0.0529379235989	0.00678286594574	-0.039314329523	0.00117928286585	0.023966127819	-0.0179898380107	1.0	-0.00320689184405	0.0179810826586	-0.00191033125432	7.5493030694e-05	-0.00318115136013	-0.0363582286015	0.00413435134605	-0.0199260735567	0.0137451906264	-0.0559779344044	0.0719025751723	-0.0127666100426	-0.0346961338275	-0.00769833542166	-0.016183043775	-0.0251223435036	-0.0255573539481	-0.0240204978274	0.0057850087578	0.0142096480245	0.0160574556163	-0.0282084633604	0.059677516918	0.0396562683387	-0.0432736510003	0.00938525967779	0.0189127130143	-0.0387291300903	0.0336374643409	0.0526509185448
