#taxonomy	k__Bacteria;p__Bacteroidetes;c__Bacteroidia;o__Bacteroidales;f__Bacteroidaceae;g__Bacteroides;s__Bacteroides_vulgatus	k__Bacteria;p__Bacteroidetes;c__Bacteroidia;o__Bacteroidales;f__Bacteroidaceae;g__Bacteroides;s__Bacteroides_uniformis	k__Bacteria;p__Bacteroidetes;c__Bacteroidia;o__Bacteroidales;f__Rikenellaceae;g__Alistipes;s__Alistipes_putredinis	k__Bacteria;p__Bacteroidetes;c__Bacteroidia;o__Bacteroidales;f__Prevotellaceae;g__Prevotella;s__Prevotella_copri	k__Bacteria;p__Bacteroidetes;c__Bacteroidia;o__Bacteroidales;f__Bacteroidaceae;g__Bacteroides;s__Bacteroides_stercoris	k__Bacteria;p__Bacteroidetes;c__Bacteroidia;o__Bacteroidales;f__Bacteroidaceae;g__Bacteroides;s__Bacteroides_ovatus	k__Bacteria;p__Bacteroidetes;c__Bacteroidia;o__Bacteroidales;f__Rikenellaceae;g__Alistipes;s__Alistipes_shahii	k__Bacteria;p__Firmicutes;c__Clostridia;o__Clostridiales;f__Ruminococcaceae;g__Faecalibacterium;s__Faecalibacterium_prausnitzii	k__Bacteria;p__Bacteroidetes;c__Bacteroidia;o__Bacteroidales;f__Rikenellaceae;g__Alistipes;s__Alistipes_finegoldii	k__Bacteria;p__Bacteroidetes;c__Bacteroidia;o__Bacteroidales;f__Porphyromonadaceae;g__Parabacteroides;s__Parabacteroides_distasonis	k__Bacteria;p__Bacteroidetes;c__Bacteroidia;o__Bacteroidales;f__Bacteroidaceae;g__Bacteroides;s__Bacteroides_thetaiotaomicron	k__Bacteria;p__Bacteroidetes;c__Bacteroidia;o__Bacteroidales;f__Bacteroidaceae;g__Bacteroides;s__Bacteroides_coprocola	k__Bacteria;p__Bacteroidetes;c__Bacteroidia;o__Bacteroidales;f__Bacteroidaceae;g__Bacteroides;s__Bacteroides_cellulosilyticus	k__Bacteria;p__Bacteroidetes;c__Bacteroidia;o__Bacteroidales;f__Rikenellaceae;g__Alistipes;s__Alistipes_obesi	k__Bacteria;p__Firmicutes;c__Clostridia;o__Clostridiales;f__Lachnospiraceae;g__;s__[Eubacterium]_rectale	k__Bacteria;p__Bacteroidetes;c__Bacteroidia;o__Bacteroidales;f__Bacteroidaceae;g__Bacteroides;s__Bacteroides_plebeius	k__Bacteria;p__Bacteroidetes;c__Bacteroidia;o__Bacteroidales;f__Bacteroidaceae;g__Bacteroides;s__Bacteroides_fragilis	k__Bacteria;p__Proteobacteria;c__Betaproteobacteria;o__Burkholderiales;f__Sutterellaceae;g__Sutterella;s__Sutterella_wadsworthensis	k__Bacteria;p__Bacteroidetes;c__Bacteroidia;o__Bacteroidales;f__Porphyromonadaceae;g__Barnesiella;s__Barnesiella_intestinihominis	k__Bacteria;p__Bacteroidetes;c__Bacteroidia;o__Bacteroidales;f__Odoribacteraceae;g__Odoribacter;s__Odoribacter_splanchnicus	k__Bacteria;p__Bacteroidetes;c__Bacteroidia;o__Bacteroidales;f__Bacteroidaceae;g__Bacteroides;s__Bacteroides_salyersiae	k__Bacteria;p__Firmicutes;c__Clostridia;o__Clostridiales;f__Ruminococcaceae;g__Ruminiclostridium;s__[Eubacterium]_siraeum	k__Bacteria;p__Proteobacteria;c__Betaproteobacteria;o__Burkholderiales;f__Sutterellaceae;g__Parasutterella;s__Parasutterella_excrementihominis	k__Bacteria;p__Actinobacteria;c__Actinobacteria;o__Bifidobacteriales;f__Bifidobacteriaceae;g__Bifidobacterium;s__Bifidobacterium_adolescentis	k__Bacteria;p__Firmicutes;c__Clostridia;o__Clostridiales;f__Oscillospiraceae;g__Oscillibacter;s__Oscillibacter_sp._KLE_1745	k__Bacteria;p__Bacteroidetes;c__Bacteroidia;o__Bacteroidales;f__Bacteroidaceae;g__Bacteroides;s__Bacteroides_coprophilus	k__Bacteria;p__Firmicutes;c__Clostridia;o__Clostridiales;f__Lachnospiraceae;g__Roseburia;s__Roseburia_intestinalis	k__Bacteria;p__Firmicutes;c__Clostridia;o__Clostridiales;f__Lachnospiraceae;g__Roseburia;s__Roseburia_hominis	k__Bacteria;p__Bacteroidetes;c__Bacteroidia;o__Bacteroidales;f__Porphyromonadaceae;g__Parabacteroides;s__Parabacteroides_johnsonii	k__Bacteria;p__Actinobacteria;c__Actinobacteria;o__Bifidobacteriales;f__Bifidobacteriaceae;g__Bifidobacterium;s__Bifidobacterium_longum	k__Bacteria;p__Firmicutes;c__Clostridia;o__Clostridiales;f__;g__Flavonifractor;s__Flavonifractor_plautii	k__Bacteria;p__Firmicutes;c__Clostridia;o__Clostridiales;f__Clostridiaceae;g__Clostridium;s__Clostridium_phoceensis	k__Bacteria;p__Verrucomicrobia;c__Verrucomicrobiae;o__Verrucomicrobiales;f__Akkermansiaceae;g__Akkermansia;s__Akkermansia_muciniphila	k__Bacteria;p__Bacteroidetes;c__Bacteroidia;o__Bacteroidales;f__Prevotellaceae;g__Paraprevotella;s__Paraprevotella_xylaniphila	k__Bacteria;p__Firmicutes;c__Clostridia;o__Clostridiales;f__Ruminococcaceae;g__Ruminococcus;s__Ruminococcus_callidus	k__Bacteria;p__Bacteroidetes;c__Bacteroidia;o__Bacteroidales;f__Rikenellaceae;g__Alistipes;s__Alistipes_senegalensis	k__Bacteria;p__Firmicutes;c__Clostridia;o__Clostridiales;f__Lachnospiraceae;g__Blautia;s__Blautia_sp._KLE_1732	k__Bacteria;p__Bacteroidetes;c__Bacteroidia;o__Bacteroidales;f__Bacteroidaceae;g__Bacteroides;s__Bacteroides_oleiciplenus	k__Bacteria;p__Firmicutes;c__Clostridia;o__Clostridiales;f__Ruminococcaceae;g__Ruminococcus;s__Ruminococcus_bicirculans	k__Bacteria;p__Bacteroidetes;c__Bacteroidia;o__Bacteroidales;f__Bacteroidaceae;g__Bacteroides;s__Bacteroides_fluxus	k__Bacteria;p__Bacteroidetes;c__Bacteroidia;o__Bacteroidales;f__Prevotellaceae;g__Prevotella;s__Prevotella_stercorea	k__Bacteria;p__Firmicutes;c__Clostridia;o__Clostridiales;f__Lachnospiraceae;g__Dorea;s__Dorea_longicatena	k__Bacteria;p__Firmicutes;c__Clostridia;o__Clostridiales;f__Eubacteriaceae;g__Eubacterium;s__[Eubacterium]_eligens	k__Bacteria;p__Firmicutes;c__Clostridia;o__Clostridiales;f__Ruminococcaceae;g__;s__Ruminococcaceae_bacterium_D16	k__Bacteria;p__Firmicutes;c__Clostridia;o__Clostridiales;f__Lachnospiraceae;g__Coprococcus;s__Coprococcus_comes	k__Bacteria;p__Proteobacteria;c__Gammaproteobacteria;o__Enterobacterales;f__Enterobacteriaceae;g__Escherichia;s__Escherichia_coli	k__Bacteria;p__Firmicutes;c__Clostridia;o__Clostridiales;f__Ruminococcaceae;g__Anaerotruncus;s__Anaerotruncus_colihominis	k__Bacteria;p__Firmicutes;c__Clostridia;o__Clostridiales;f__Lachnospiraceae;g__Blautia;s__Blautia_obeum	k__Bacteria;p__Bacteroidetes;c__Bacteroidia;o__Bacteroidales;f__Odoribacteraceae;g__Odoribacter;s__Odoribacter_laneus	k__Bacteria;p__Firmicutes;c__Clostridia;o__Clostridiales;f__Ruminococcaceae;g__Ruminiclostridium;s__[Clostridium]_leptum	k__Bacteria;p__Bacteroidetes;c__Bacteroidia;o__Bacteroidales;f__Porphyromonadaceae;g__Parabacteroides;s__Parabacteroides_goldsteinii	k__Bacteria;p__Firmicutes;c__Clostridia;o__Clostridiales;f__Lachnospiraceae;g__Anaerostipes;s__Anaerostipes_hadrus	k__Bacteria;p__Firmicutes;c__Clostridia;o__Clostridiales;f__Ruminococcaceae;g__Ruminococcus;s__Ruminococcus_lactaris	k__Bacteria;p__Firmicutes;c__Clostridia;o__Clostridiales;f__Clostridiaceae;g__Clostridium;s__Clostridium_sp._L2-50	k__Bacteria;p__Firmicutes;c__Clostridia;o__Clostridiales;f__Clostridiaceae;g__Clostridium;s__Clostridium_sp._M62/1	k__Bacteria;p__Firmicutes;c__Clostridia;o__Clostridiales;f__;g__Intestinimonas;s__Intestinimonas_butyriciproducens	k__Bacteria;p__Actinobacteria;c__Actinobacteria;o__Bifidobacteriales;f__Bifidobacteriaceae;g__Bifidobacterium;s__Bifidobacterium_bifidum	k__Bacteria;p__Firmicutes;c__Negativicutes;o__Veillonellales;f__Veillonellaceae;g__Dialister;s__Dialister_invisus	k__Bacteria;p__Bacteroidetes;c__Bacteroidia;o__Bacteroidales;f__Bacteroidaceae;g__Bacteroides;s__Bacteroides_salanitronis
k__Bacteria;p__Bacteroidetes;c__Bacteroidia;o__Bacteroidales;f__Bacteroidaceae;g__Bacteroides;s__Bacteroides_vulgatus	1.0	0.0126890707348	-0.0722101100428	-0.00406805235424	-0.0293468234661	0.0207369451906	-0.0353479864517	-0.0293302498672	-0.00966862637095	-0.0341854991569	-0.0262532558958	-0.0108462738389	0.0419532660331	-0.0311492106843	-0.0205780195025	-0.0265294346705	-0.0223424539045	-0.0135793391201	-0.0620399898008	-0.0344997634346	0.0185486608157	0.0491115159819	-0.0363777848905	0.00312579580637	-0.0229861948082	0.0312910507625	0.059362930461	-0.0441048076431	-0.0384883117508	-0.00541731313908	0.0307460268375	0.0310310370484	-0.0098651299541	-0.00709008043204	-0.0442655566301	-0.0287433259514	-0.00921660426773	-0.0160808044327	0.025522715516	-0.00558675285339	-0.0133684108619	0.0177822769393	0.0107876645443	0.0115731255028	-0.0185257655003	-0.0466329352022	-0.0161553294267	0.0705437086847	6.3709831587e-05	-0.00225083151993	0.0209250377295	-0.0281605718605	0.0392481105976	-0.0292446181586	0.0114586666078	0.0098929903723	-0.0398265685851	-0.011229529767	-0.02798003387
k__Bacteria;p__Bacteroidetes;c__Bacteroidia;o__Bacteroidales;f__Bacteroidaceae;g__Bacteroides;s__Bacteroides_uniformis	0.0126890707348	1.0	-0.0252017889197	-0.0111033280388	0.0119385378014	-0.0433827621172	0.0206167298618	-0.0451450579057	0.00579866165596	-0.00127487173706	-0.0327516160045	0.000325915671466	0.0704962571533	0.00535686371958	0.0230931608606	-0.00570480741403	0.0288578472429	-0.0284222507825	0.0476480412281	-0.0243708170213	-0.0605431154242	-0.016393529509	-0.037915299747	-0.0179997796504	-0.0454971595685	-0.0378073377766	-0.00217500436512	0.0517773383058	-0.033772571807	0.0443981126036	-0.014622756105	-0.00730857331846	-0.0674626412854	-0.00824827042934	0.0301564271921	-0.0120362140566	-0.00272880602996	0.0180863560824	-0.0129070667396	-0.00700505737599	-0.0164517693497	-0.0331084414351	0.0266455771203	0.0137243139273	0.0379177283159	-0.00118663497042	-0.0159348916791	-0.0131253299062	0.0185139882241	0.0152661311398	-0.0710501524189	0.0305781443554	-0.00646792877219	-0.00256909725736	0.0170660815319	-0.0140322928774	0.00964603551881	-0.013882679336	-0.0146259566365
k__Bacteria;p__Bacteroidetes;c__Bacteroidia;o__Bacteroidales;f__Rikenellaceae;g__Alistipes;s__Alistipes_putredinis	-0.0722101100428	-0.0252017889197	1.0	0.00502231332678	-0.023374847622	-0.00619516066485	0.0166965691664	-0.000407724826997	-0.0327663436138	-0.0544667365231	0.0351353633684	0.0620808546099	-0.0652024182807	-0.0559758863326	-0.000157137819399	0.0204742846958	-0.00502476778248	-0.00377508468197	-0.0315779026991	-0.0712174102512	-0.0103996022044	0.0275318624913	0.0063426975568	0.0100109600088	0.0139451155205	-0.00292170189353	-0.0204035054465	-0.0456459084884	0.029679939523	-0.0151844766846	-0.00247120845074	0.00867092218079	-0.0434729960338	0.00167331986631	0.0221496193031	-0.0108672376076	-0.0217156207275	0.0327149655516	-0.00944103490436	-0.0220272150095	0.00605415823377	0.0228537949444	0.00497241656089	-0.0251050795124	-0.0508395576425	0.0404743100295	0.0259867949452	-0.00418368399857	-0.0657357480893	-0.0211191208836	-0.0166129701405	0.0210180059399	0.00342368691604	-0.00183817504231	0.0264992683398	-0.0316353836116	-0.0382976655885	0.0355337431195	-0.018292297303
k__Bacteria;p__Bacteroidetes;c__Bacteroidia;o__Bacteroidales;f__Prevotellaceae;g__Prevotella;s__Prevotella_copri	-0.00406805235424	-0.0111033280388	0.00502231332678	1.0	0.0225833936034	-0.017124532727	0.028329879346	-0.05463822373	-0.00642274412382	0.0372959119235	-0.0594643304827	0.00470136218584	-0.0071443920846	-0.00994450853646	0.0296592408875	-0.0220717382892	0.0746074088758	0.043486259442	0.00649245160989	0.0251815942052	0.0197290685056	-0.0187828872608	-0.0492126152719	-0.0271896974081	0.025770126004	-0.0217031897067	0.0290051966297	0.000690205090654	0.0268494456482	-0.00253871884225	-0.0133833078506	-0.0162741938273	0.0278200509678	0.0227111042112	0.0581873670795	-0.0565207829986	0.0383742063298	0.0139120507805	-0.0606174456051	0.021203193823	-0.0304272400492	-0.0164817643217	-0.0176866327326	-0.0217504916909	0.0525103771955	0.00900991629633	0.00404579162122	-0.0277446408602	-0.00318186012752	-0.0643953462578	-0.0123126055296	0.0353497868648	-0.0118462997398	-0.0446945130601	-0.0192204008702	0.0012945320983	0.00164532781681	0.0271061565902	-0.069526115075
k__Bacteria;p__Bacteroidetes;c__Bacteroidia;o__Bacteroidales;f__Bacteroidaceae;g__Bacteroides;s__Bacteroides_stercoris	-0.0293468234661	0.0119385378014	-0.023374847622	0.0225833936034	1.0	0.0177855534843	-0.0484308760591	-0.0617121827713	-0.0129600377172	-0.0106639906795	-0.0567693145806	0.00923328979746	0.0205137441665	0.0307543763091	0.00421700221834	-0.0692168511689	-0.00140157950814	0.0114147692184	0.0487625755182	0.022324322857	0.00652965579449	0.0759036418907	0.0159049538855	-0.0102280816628	0.0205200571248	0.0200363098019	-0.00599312149102	-0.0143520007243	0.00897367803513	-0.0213053887042	-0.0109943478808	0.0167807638962	0.0105316747543	0.0086172822538	0.0420981945174	-0.0313829819427	0.010004571543	-0.00639171568675	-0.0103217806541	-0.0394113685124	0.00710733257509	0.0184807912794	0.00780270962651	-0.0309793121933	-0.0742299678842	0.0117843490848	-0.00517656514658	-0.00349684350719	-0.059122394359	0.00514742087989	-0.0126951806028	-0.0333539779785	0.0277220314856	-0.0189143027553	0.00160990613574	-0.0173277120578	-0.000165270570194	0.0138677428167	-0.0359428491833
k__Bacteria;p__Bacteroidetes;c__Bacteroidia;o__Bacteroidales;f__Bacteroidaceae;g__Bacteroides;s__Bacteroides_ovatus	0.0207369451906	-0.0433827621172	-0.00619516066485	-0.017124532727	0.0177855534843	1.0	-0.00303371022389	-0.00535558403677	-0.0284342254823	0.0049796259994	0.00372167139334	0.00531496728541	0.000521137893987	0.0745649634789	-0.0362723986597	-0.0433444001658	0.0463910303664	0.0110048851839	-0.0172124817696	-0.00920896951619	-0.00561620626764	-0.00975765628816	0.0419612697768	0.0203213636197	-0.00884178511845	-0.0171018166935	-0.010511127401	-0.0108821370919	-0.0928715901295	-0.0351684971391	0.0109242390768	0.0145120230403	-0.0289751364625	0.00960922255713	0.0196892034106	0.0253697785005	-0.047998765945	-0.0402051712297	0.0221272727896	0.0263755686627	0.00686762559145	-0.0165973972762	0.00279677663183	-0.0481539035314	0.0110176601077	-0.0216147168163	-0.026149585202	0.0198018112287	-0.0288568884349	-0.019903544459	-0.0409592770811	-0.0279255284011	-0.0103999471785	-0.00762829044775	-0.0333963177989	0.0235096975111	-0.0194808565089	-0.00847532833916	0.00282742807215
k__Bacteria;p__Bacteroidetes;c__Bacteroidia;o__Bacteroidales;f__Rikenellaceae;g__Alistipes;s__Alistipes_shahii	-0.0353479864517	0.0206167298618	0.0166965691664	0.028329879346	-0.0484308760591	-0.00303371022389	1.0	0.0814149147729	-0.0237487132039	-0.00931962561684	-0.00717596660885	0.0336807968408	-0.0188871989823	-0.0192154752783	-0.0462088086671	0.0109458613913	-0.0391036249775	0.0367591517509	-0.0675770373129	0.0116864395432	0.0135978500662	-0.00870114093387	0.0118684980714	0.00888989889745	-0.0353471411161	-0.0851007330483	-0.0183347663008	0.0154327297729	0.023386640796	0.045117833867	0.0104737797691	0.0151721514563	0.00160578121092	-0.00775254798804	-0.00737393839643	-0.0175507013086	0.0463573077466	-0.0364648112745	-0.00758866215908	-0.0405506600902	-0.029598236952	0.00288702140832	-0.0373717787139	-0.0411759863932	0.0293045850634	0.0594786853012	-0.0532390404156	-0.025129787368	-0.0640309082079	-0.0549963725406	0.00777806470366	0.00125061859402	-0.0720774114198	0.0142330928723	-0.0500994793167	0.0103877879666	-0.0300952705417	-0.0388210048676	-0.0232551578439
k__Bacteria;p__Firmicutes;c__Clostridia;o__Clostridiales;f__Ruminococcaceae;g__Faecalibacterium;s__Faecalibacterium_prausnitzii	-0.0293302498672	-0.0451450579057	-0.000407724826997	-0.05463822373	-0.0617121827713	-0.00535558403677	0.0814149147729	1.0	0.010559055841	0.0530582753679	0.0318554432691	0.0152390034656	0.00484026128159	-0.0092830183772	-0.0324205218353	0.0177329637385	-0.000920961004862	0.044106109699	-0.0125255941787	0.00695144355334	-0.0531570236632	-0.000875215540247	0.0330874811459	0.045303880755	-0.00500356705009	0.00555060945831	-0.0894335318955	-0.0796486789136	0.00719865550406	-0.0350344049515	0.0152483197087	0.0356246294377	-0.0920396814947	-0.0398788010094	0.0601108194557	-0.00390125835153	0.00357242477048	-0.0502249054777	-0.00893581940525	0.0293120593157	0.000163821451989	0.016195610184	0.0125649729562	-0.0560622775893	0.0176243639938	0.00688191044277	-0.0159508121692	0.0648128174067	-0.0117156350369	0.0251904727247	-0.0179316388502	-0.0578557451273	0.0457505055271	-0.00849349803688	0.00461076109755	-0.0190153473337	-0.0117043876179	-0.0392204830538	-0.0220044011891
k__Bacteria;p__Bacteroidetes;c__Bacteroidia;o__Bacteroidales;f__Rikenellaceae;g__Alistipes;s__Alistipes_finegoldii	-0.00966862637095	0.00579866165596	-0.0327663436138	-0.00642274412382	-0.0129600377172	-0.0284342254823	-0.0237487132039	0.010559055841	1.0	-0.0116830017257	-0.0372469014569	0.0205947167138	-0.00246831411171	0.000750954671562	-0.0194416729277	0.00372865375062	-0.0296275436747	-0.0458923046109	-0.018475847171	-0.0253375229725	0.00927295259731	-0.0120071446629	-0.0176339454554	-0.0529250941942	-0.0523483483034	0.0188560170459	-0.0326184121964	0.00849168838769	0.022805600742	0.0090624204517	0.0221992800256	-0.00981564013103	0.02608870273	0.00674852423614	-0.0299796473523	-0.0349026756837	-0.0209814905115	0.0264364802784	-0.00646765615409	-0.0500192123932	0.0356306041841	-0.0208651870166	-0.00692916697942	-0.0119386710578	0.00596476689879	0.0197858623652	-0.0432130880099	-0.0431906406659	-0.0202063878331	0.00516914423726	-0.052355688014	-0.00737951883474	0.0237086593139	-0.0254486702002	0.0332890911085	-0.013266411191	-0.00188701475521	-0.0427504074815	-0.0400423214499
k__Bacteria;p__Bacteroidetes;c__Bacteroidia;o__Bacteroidales;f__Porphyromonadaceae;g__Parabacteroides;s__Parabacteroides_distasonis	-0.0341854991569	-0.00127487173706	-0.0544667365231	0.0372959119235	-0.0106639906795	0.0049796259994	-0.00931962561684	0.0530582753679	-0.0116830017257	1.0	-0.0184761039143	-0.00875239819116	0.0214934342414	0.0149967086135	0.0355569765603	0.020870633703	-0.0281490725274	-0.0211523631884	-0.0212299070882	-0.00524376615222	-0.0121589334554	-0.0378124674352	-0.0233259845618	0.0523265040676	0.0244559794949	0.0240897036627	-0.0290464879603	-0.0424149952758	0.0155020262154	0.0353468390109	0.0144113816979	-0.00883218338536	-0.0116838677028	0.0230471937255	-0.0328143964723	0.0459492354339	-0.037365456982	0.0303773894021	-0.00980276082128	-0.0540498546275	-0.0457905369283	-0.0285026363505	-0.0299519930273	-0.0462810887056	-0.0122817829275	0.0441209644003	-0.00438646294418	-0.0256185437328	-0.00308503652166	-0.0139475752597	-0.0130288928285	-0.0210730558672	-0.0638350932044	0.0193509990366	0.000602290726696	-0.0302928497831	-0.0343074234675	0.0194212336344	-0.0152002328158
k__Bacteria;p__Bacteroidetes;c__Bacteroidia;o__Bacteroidales;f__Bacteroidaceae;g__Bacteroides;s__Bacteroides_thetaiotaomicron	-0.0262532558958	-0.0327516160045	0.0351353633684	-0.0594643304827	-0.0567693145806	0.00372167139334	-0.00717596660885	0.0318554432691	-0.0372469014569	-0.0184761039143	1.0	-0.00269127329163	-0.0265082142909	-0.0105686059823	-0.0423930980645	-0.0201017929668	0.0379533160607	-7.73736825404e-05	-0.0319845897176	-0.0429291499205	0.0207958992867	-0.0145440258579	-0.00645113435412	0.0368123640648	-0.0502814654525	-0.00235979374837	-0.0159657081198	0.0666767576828	-0.0628122847007	0.0108889215991	0.0128204198629	0.00324820899451	-0.0190042265598	0.0102813708761	-0.025898131771	0.0193617194479	0.0209090963283	0.0433003439969	-0.0448937826035	0.0312885159978	-0.0277895700256	0.0485312756647	-0.0346180147388	0.0105320328436	-0.0112795050508	0.00954844312744	0.00169990040912	-0.0353448972264	0.0100002143212	-0.0349347136792	0.0209888995536	-0.00976452418688	0.0202905352159	-0.0233656282893	0.0202852356623	-0.0621137832984	0.0283459877409	0.0426761521669	-0.0362021149237
k__Bacteria;p__Bacteroidetes;c__Bacteroidia;o__Bacteroidales;f__Bacteroidaceae;g__Bacteroides;s__Bacteroides_coprocola	-0.0108462738389	0.000325915671466	0.0620808546099	0.00470136218584	0.00923328979746	0.00531496728541	0.0336807968408	0.0152390034656	0.0205947167138	-0.00875239819116	-0.00269127329163	1.0	0.00633653955883	0.0145025966515	0.0478121445884	-0.0365864126443	-0.010380095974	-0.0107279134071	0.00590070037285	0.0500220074304	-0.0186089771787	-0.0397306470043	-0.0143304213131	-0.00357861584001	-0.0279446134219	-0.0388386562631	-0.0589230576838	-0.0215433433467	-0.011735540315	0.00869554979934	-0.0266949327332	-0.00384223528507	0.0333932525039	-0.00401855237146	0.0510920947624	-0.0213018026754	0.0105898877835	-0.0501825440983	-0.0352842303477	-0.0861953885995	-0.0213078217746	-0.042230928792	-0.0464007964325	-0.0221337320235	-0.0301075209087	0.0341999674036	0.0327756508977	0.00336574412028	-0.0498578500886	0.0169003610598	-0.0335892293255	-0.0356620322334	0.00463781101034	-0.0420551612129	-0.0225828533699	-0.0046186291864	0.00794280237151	0.0332881650866	0.00930661602408
k__Bacteria;p__Bacteroidetes;c__Bacteroidia;o__Bacteroidales;f__Bacteroidaceae;g__Bacteroides;s__Bacteroides_cellulosilyticus	0.0419532660331	0.0704962571533	-0.0652024182807	-0.0071443920846	0.0205137441665	0.000521137893987	-0.0188871989823	0.00484026128159	-0.00246831411171	0.0214934342414	-0.0265082142909	0.00633653955883	1.0	-0.0511272333902	-0.0890242063605	0.0270981142281	-0.0155682544068	-0.0235315668483	-0.0143711725428	-0.0113658643701	-0.043315134257	-0.0156899660636	-0.0221178700892	-0.00284226954587	0.00590173822712	0.0348812191352	0.0510374050699	0.0454399357567	0.0248500323128	0.0422734642847	0.00607062506166	0.0410721879421	-0.0554759983611	-0.0197676804432	0.0355684125199	0.0205915533708	-0.0336237597319	0.00907493981544	0.0375315173728	-0.0292257792837	-0.020858769655	0.00572993125612	-0.00162686789704	-0.0410895536453	0.0345406652164	-0.027127191894	-0.0080168907215	0.00796675638042	0.0620709761292	-0.042239516733	-0.0243230624591	-0.0220395643658	-0.00368512897216	0.0405821095859	-0.0388871573724	0.0519275911259	-0.00084892121942	-0.0385513597134	-0.0191156951209
k__Bacteria;p__Bacteroidetes;c__Bacteroidia;o__Bacteroidales;f__Rikenellaceae;g__Alistipes;s__Alistipes_obesi	-0.0311492106843	0.00535686371958	-0.0559758863326	-0.00994450853646	0.0307543763091	0.0745649634789	-0.0192154752783	-0.0092830183772	0.000750954671562	0.0149967086135	-0.0105686059823	0.0145025966515	-0.0511272333902	1.0	-0.0108724346685	0.0107227377368	0.0115780387316	0.000993126568476	-0.00677467247325	0.0206814078911	0.0474281899766	-0.0310140596359	0.0417161683465	-0.0311434950063	0.0493605399142	-0.0387148594036	0.0127705936996	0.00780376662825	-0.0658280898933	-0.0452143076799	-0.0198503078831	-0.0788128442443	0.01938195511	-0.0684626026862	-0.0077634554232	-0.0659364862218	-0.00999823801907	0.00303160001142	0.0278178134745	-0.056802495016	0.0467815411262	-0.0334936880607	0.0376041454772	0.0206809149556	0.00364789749827	-0.0231191742356	0.0256110941679	0.0199850444248	0.016301602125	0.0529410571764	0.0317648528932	-0.0259834976315	-0.0104117517287	-0.0270045635477	0.0035244756336	0.0091429466665	-0.0242620224972	-0.00788935023191	0.0247066098457
k__Bacteria;p__Firmicutes;c__Clostridia;o__Clostridiales;f__Lachnospiraceae;g__;s__[Eubacterium]_rectale	-0.0205780195025	0.0230931608606	-0.000157137819398	0.0296592408875	0.00421700221834	-0.0362723986597	-0.0462088086671	-0.0324205218353	-0.0194416729277	0.0355569765603	-0.0423930980645	0.0478121445884	-0.0890242063605	-0.0108724346685	1.0	0.0149594758709	-0.000309266470791	-0.0165958506914	-0.00131366812227	-0.00869081477282	0.0233596732278	0.0125104484935	-0.0237528191798	-0.000685090092666	0.000815143923724	-0.00237371439063	0.0436390580918	-0.0490756845972	0.0310833020695	-0.0189296389305	0.0169090395875	0.0106402411911	-0.0504585513264	0.0344960014446	0.0233316877754	-0.0299097845145	-0.0319963169523	-0.0301145649753	0.0260200981303	-0.0412768507929	-0.0164612230249	0.0233554204807	0.0246748295118	-0.00807228200297	-0.0353625987936	0.0106627636526	0.0249453022067	0.0323869500553	0.0422084369262	0.0290737367139	-0.0173133819779	0.0015469769055	-1.86925976919e-05	0.0111885146757	-0.0343519667893	0.044631944331	-9.21998279779e-05	0.00647604169762	0.00039171597818
k__Bacteria;p__Bacteroidetes;c__Bacteroidia;o__Bacteroidales;f__Bacteroidaceae;g__Bacteroides;s__Bacteroides_plebeius	-0.0265294346705	-0.00570480741403	0.0204742846958	-0.0220717382892	-0.0692168511689	-0.0433444001658	0.0109458613913	0.0177329637385	0.00372865375062	0.020870633703	-0.0201017929668	-0.0365864126443	0.0270981142281	0.0107227377368	0.0149594758709	1.0	-0.00636922696497	-0.00958677998941	0.00972785495265	-0.00353317596891	0.0498452453899	-0.0276323560292	0.00583135682149	-0.0589833149263	-0.0350966601632	0.00402489052711	0.0369932374646	-0.011513865096	0.0384198951283	-0.000839226799981	0.0410433573955	0.0315523059235	-9.96220972535e-05	-0.0271858365138	0.0393640497052	-0.0362827132557	-0.0438884971474	-0.0108156974017	-0.0791344387331	-0.0186471333233	0.0291668496747	-0.0690887514999	-0.022808548038	-0.0253528854887	0.00371880559104	-0.0483556090811	-0.00212765737033	0.0165789839999	-0.022168821551	-0.00889872679955	0.0433836310838	0.037855273294	0.0239946796793	0.00287516639674	-0.0220871866161	-0.0261793801266	0.0113178268336	0.0205679794603	-0.00737232507217
k__Bacteria;p__Bacteroidetes;c__Bacteroidia;o__Bacteroidales;f__Bacteroidaceae;g__Bacteroides;s__Bacteroides_fragilis	-0.0223424539045	0.0288578472429	-0.00502476778248	0.0746074088758	-0.00140157950814	0.0463910303664	-0.0391036249775	-0.000920961004862	-0.0296275436747	-0.0281490725274	0.0379533160607	-0.010380095974	-0.0155682544068	0.0115780387316	-0.000309266470791	-0.00636922696497	1.0	0.0373572670743	0.0556451681582	0.0363406160392	-0.0786520567465	-0.0465890234044	-0.0397128921022	-0.0364168736182	-0.0198034570264	0.000736948997052	-0.0132619354702	0.00216453276742	-0.0126028906331	-0.0289992827245	-0.0326008698861	-0.0327692405357	-0.0525755198978	0.0414932740046	0.00608449353803	-0.0238626945737	-0.0318105813547	0.0230278104139	0.0392753880844	-0.0403011005608	-0.0348060401131	0.00667203410049	-0.0302822917759	-0.0159069063089	-0.0426873965316	0.0252766200633	-0.0176597408945	-0.0608201095932	-0.0145706789808	0.00561019153035	-0.0336687147063	-0.0125241732497	-0.0399574764248	0.0377276004513	-0.00815984239248	-0.0404045929723	0.0144938309909	-0.00802584287425	-0.00710279776755
k__Bacteria;p__Proteobacteria;c__Betaproteobacteria;o__Burkholderiales;f__Sutterellaceae;g__Sutterella;s__Sutterella_wadsworthensis	-0.0135793391201	-0.0284222507825	-0.00377508468197	0.043486259442	0.0114147692184	0.0110048851839	0.0367591517509	0.044106109699	-0.0458923046109	-0.0211523631884	-7.73736825404e-05	-0.0107279134071	-0.0235315668483	0.000993126568476	-0.0165958506914	-0.00958677998941	0.0373572670743	1.0	0.0186084861197	-0.00469815735134	-0.0310073336099	-0.0244857280192	0.0255260936472	-0.0317350785628	-0.0361139109578	-0.0542292808336	0.00582689816156	0.0567414362	-0.00943342769519	-0.0316728899704	0.0074306255851	0.0393580027738	0.0175518974905	-0.0379659608962	0.000736283157131	-3.83082863168e-05	0.0168276274848	-0.0559150914583	-0.00966421709806	-0.00128631777043	-0.00747429398565	-0.0110007419963	0.0448874423654	-0.0116541567443	-0.0179288645645	0.0122664066368	0.00413072531971	0.0120762505321	-0.05743935353	0.00947606154348	0.0248502036245	-0.0643972038848	-0.0317740985799	0.0160406716811	-0.0334625228344	0.0353731469726	-0.0424239392226	0.0125169619873	0.00948302900995
k__Bacteria;p__Bacteroidetes;c__Bacteroidia;o__Bacteroidales;f__Porphyromonadaceae;g__Barnesiella;s__Barnesiella_intestinihominis	-0.0620399898008	0.0476480412281	-0.0315779026991	0.00649245160989	0.0487625755182	-0.0172124817696	-0.0675770373129	-0.0125255941787	-0.018475847171	-0.0212299070882	-0.0319845897176	0.00590070037285	-0.0143711725428	-0.00677467247325	-0.00131366812227	0.00972785495265	0.0556451681582	0.0186084861197	1.0	-0.0296795547235	0.00399498825441	-0.0562506009854	-0.00513997727098	-0.0265607787355	-0.0072937141926	0.0271247586452	0.0420557576709	-0.0324864702495	-0.0120809900771	0.00765109020273	-0.0147008613085	-0.0543148407719	0.00165100545533	-0.00391796298406	0.0243964969764	-0.0464390157453	-0.0186434564571	-0.0126049892085	0.00145013417015	0.0323667006756	-0.0211812438851	0.0153975638558	0.0492117958901	-0.0086278731479	0.0325371787788	0.00316503297651	-0.0272995559534	-0.0551392294902	0.0214813892751	-0.0448959778462	0.00220161418618	-0.00330055825732	-0.0199575439423	0.00794883041031	0.0238544350509	-0.019793007291	-0.0129776207316	-0.0301188303626	-0.052643605999
k__Bacteria;p__Bacteroidetes;c__Bacteroidia;o__Bacteroidales;f__Odoribacteraceae;g__Odoribacter;s__Odoribacter_splanchnicus	-0.0344997634346	-0.0243708170213	-0.0712174102512	0.0251815942052	0.022324322857	-0.00920896951619	0.0116864395432	0.00695144355334	-0.0253375229725	-0.00524376615222	-0.0429291499205	0.0500220074304	-0.0113658643701	0.0206814078911	-0.00869081477282	-0.00353317596891	0.0363406160392	-0.00469815735134	-0.0296795547235	1.0	-0.00800971238283	-0.0410424011688	-0.0354194174358	0.0479963948674	-0.0577767841768	0.0168436467757	0.022762455742	-0.0111246378064	-0.0162510786828	0.0259642150295	-0.0246989153468	-0.00658574136546	0.0620074330818	0.00424603236342	0.0411994131282	0.0318168313353	-0.00300885209969	-0.00912588966719	-0.00135857448908	-0.00429982928903	-0.0123082105926	-0.0199143680135	-0.0336616309127	-0.0543078173835	-0.00848050774148	-0.00830506646211	0.0368642159911	-0.0181000861845	0.00838695359408	0.0133328260179	-0.0146836664637	0.0189155607432	-0.00172254643306	-0.0211839483428	-0.0193175452994	0.0122384154461	-0.00735352554901	0.00585339013041	-0.00352737165908
k__Bacteria;p__Bacteroidetes;c__Bacteroidia;o__Bacteroidales;f__Bacteroidaceae;g__Bacteroides;s__Bacteroides_salyersiae	0.0185486608157	-0.0605431154242	-0.0103996022044	0.0197290685056	0.00652965579449	-0.00561620626764	0.0135978500662	-0.0531570236632	0.00927295259731	-0.0121589334554	0.0207958992867	-0.0186089771787	-0.043315134257	0.0474281899766	0.0233596732278	0.0498452453899	-0.0786520567465	-0.0310073336099	0.00399498825441	-0.00800971238283	1.0	0.00567960127348	-0.011307300155	0.00339326465386	0.0151787927768	-0.0106636566556	-0.0254827988325	-0.0597682318022	-0.00286351909225	-0.0225121388871	-0.0209665734804	0.000602269501143	0.0556305200488	-0.0526125151628	-0.0234891324761	0.0054830462686	-0.0554248459775	0.030970521002	-0.0372275900624	0.0282957144608	-0.0133765082448	0.019144498107	0.00278884570835	0.0410457800837	-0.0701170327743	-0.0193496472095	-0.0265146463986	0.0128764116695	0.0173904208887	-0.0548631708303	0.0330097341857	-0.0335609627402	0.0221236325542	0.000341774874344	0.000217385721129	-0.00672488916449	-0.00119824214875	0.0504987140906	0.013204822632
k__Bacteria;p__Firmicutes;c__Clostridia;o__Clostridiales;f__Ruminococcaceae;g__Ruminiclostridium;s__[Eubacterium]_siraeum	0.0491115159819	-0.016393529509	0.0275318624913	-0.0187828872608	0.0759036418907	-0.00975765628816	-0.00870114093387	-0.000875215540247	-0.0120071446629	-0.0378124674352	-0.0145440258579	-0.0397306470043	-0.0156899660636	-0.0310140596359	0.0125104484935	-0.0276323560292	-0.0465890234044	-0.0244857280192	-0.0562506009854	-0.0410424011688	0.00567960127348	1.0	-0.00623921923978	-0.00442454949222	0.012058968541	-0.0674516944058	-0.0277330103645	0.0354846546436	-0.115169587018	-0.0596238661946	-0.0662609369764	-0.00833065791034	0.00624641509287	0.00832933164685	0.0430134074638	0.00957453168304	0.0508462871875	0.0337790375838	-0.0221495955629	0.00212746206493	0.0519789255487	0.0407333466494	0.0219158104493	0.00654761400579	0.0191795161315	0.0214625858528	0.0194426625785	0.00447701942762	0.027671092649	0.0600952416819	-0.0353985570007	-0.0303738482115	0.00182046190593	-0.0275304095312	0.00658407903934	-0.03290549551	0.000695293381964	0.0230742610278	0.0207414284752
k__Bacteria;p__Proteobacteria;c__Betaproteobacteria;o__Burkholderiales;f__Sutterellaceae;g__Parasutterella;s__Parasutterella_excrementihominis	-0.0363777848905	-0.037915299747	0.0063426975568	-0.0492126152719	0.0159049538855	0.0419612697768	0.0118684980714	0.0330874811459	-0.0176339454554	-0.0233259845618	-0.00645113435412	-0.0143304213131	-0.0221178700892	0.0417161683465	-0.0237528191798	0.00583135682149	-0.0397128921022	0.0255260936472	-0.00513997727098	-0.0354194174358	-0.011307300155	-0.00623921923978	1.0	0.00576930775198	-0.0201478105482	0.0568218995201	-0.0168954004466	-0.000992901976038	-0.00789739610041	0.0290094815274	0.0674344105426	0.0228683891355	-0.0275547632923	-0.0509803951926	-0.00108148025721	-0.0620177677902	0.00845934274431	-0.0740675748491	0.0399602600135	0.00474024163487	0.025173075761	-0.00176952334593	0.0218149138494	0.0164056879436	-0.0241597397789	-0.0204192712129	0.0166062121373	-0.0170163524276	-3.66107545138e-06	0.0161860806684	0.0271604522994	0.014998786106	-0.00873713891028	-0.0563322901956	0.0226806115042	0.0500306678183	-0.00937281758399	0.0503337246158	-0.0128791547356
k__Bacteria;p__Actinobacteria;c__Actinobacteria;o__Bifidobacteriales;f__Bifidobacteriaceae;g__Bifidobacterium;s__Bifidobacterium_adolescentis	0.00312579580637	-0.0179997796504	0.0100109600088	-0.0271896974081	-0.0102280816628	0.0203213636197	0.00888989889745	0.045303880755	-0.0529250941942	0.0523265040676	0.0368123640648	-0.00357861584001	-0.00284226954587	-0.0311434950063	-0.000685090092666	-0.0589833149263	-0.0364168736182	-0.0317350785628	-0.0265607787355	0.0479963948674	0.00339326465386	-0.00442454949222	0.00576930775198	1.0	0.024637221489	-0.00981900002437	0.0351096622107	-0.0111311777667	-0.00197052026271	-0.0338911276818	-0.0108565712119	-0.00985802843852	-0.019887748267	-0.032981918937	0.0229552970674	0.00316397366971	-0.032922976823	0.00825797502357	0.011695967115	0.0134170738132	-0.0258983055042	0.036572495218	-0.0422873034591	-0.0187938111963	0.0140052420673	-0.0148773121464	-0.0305472138206	-0.0323399204469	-0.02178082693	0.00831058557589	-0.0381857810502	0.0254777984115	-0.0170215045695	-0.0440750911076	-0.0265609612854	-0.0124001385897	-0.0338297185755	-0.00136935174942	0.020008943863
k__Bacteria;p__Firmicutes;c__Clostridia;o__Clostridiales;f__Oscillospiraceae;g__Oscillibacter;s__Oscillibacter_sp._KLE_1745	-0.0229861948082	-0.0454971595685	0.0139451155205	0.025770126004	0.0205200571248	-0.00884178511845	-0.0353471411161	-0.00500356705009	-0.0523483483034	0.0244559794949	-0.0502814654525	-0.0279446134219	0.00590173822712	0.0493605399142	0.000815143923724	-0.0350966601632	-0.0198034570264	-0.0361139109578	-0.0072937141926	-0.0577767841768	0.0151787927768	0.012058968541	-0.0201478105482	0.024637221489	1.0	0.0251209150584	0.0143647916629	0.0125764296709	0.0469517330765	-0.0277742228006	0.00583740016461	-0.0206083200407	0.0258504410225	-0.00580436174245	0.0183534455622	-0.00280311860772	-0.0183181914177	-0.0395239671031	-0.027294074995	-0.0114207507217	-0.0249729009368	0.00792726017606	-0.0306110035553	-0.014926317629	0.00085255437645	-0.00317517566253	-0.0290835402133	0.015124790572	0.045270817245	-0.00185455185924	-0.0204968445616	0.0155933004786	0.0119726354134	0.00395666208805	0.0303285592177	-0.0233717447555	0.00661724844407	-0.0312792033151	-0.00291227886503
k__Bacteria;p__Bacteroidetes;c__Bacteroidia;o__Bacteroidales;f__Bacteroidaceae;g__Bacteroides;s__Bacteroides_coprophilus	0.0312910507625	-0.0378073377766	-0.00292170189353	-0.0217031897067	0.0200363098019	-0.0171018166935	-0.0851007330483	0.00555060945831	0.0188560170459	0.0240897036627	-0.00235979374837	-0.0388386562631	0.0348812191352	-0.0387148594036	-0.00237371439063	0.00402489052711	0.000736948997052	-0.0542292808336	0.0271247586452	0.0168436467757	-0.0106636566556	-0.0674516944058	0.0568218995201	-0.00981900002437	0.0251209150584	1.0	0.00476344672762	-0.0193094587754	-0.0154473836003	-0.012083963623	-0.0548302592484	0.0329957465528	-0.0459960320927	0.000532146252583	0.00290004312462	0.0188610200906	-0.0329528310811	0.0205841120018	-0.00342171484189	-0.0449126172943	-0.0701274318094	0.0484334697271	-0.00582946059724	-0.013016319475	-0.0438608155947	-0.0240519824164	0.0409199038353	0.00580140397713	-0.0540149162792	0.00230505808486	-0.000115314520569	-0.0143780104572	0.00210653505408	0.0172551367274	0.0393833874769	0.0281362876962	-0.0162808920547	-0.00326474428634	-0.00136134727804
k__Bacteria;p__Firmicutes;c__Clostridia;o__Clostridiales;f__Lachnospiraceae;g__Roseburia;s__Roseburia_intestinalis	0.059362930461	-0.00217500436512	-0.0204035054465	0.0290051966297	-0.00599312149102	-0.010511127401	-0.0183347663008	-0.0894335318955	-0.0326184121964	-0.0290464879603	-0.0159657081198	-0.0589230576838	0.0510374050699	0.0127705936996	0.0436390580918	0.0369932374646	-0.0132619354702	0.00582689816156	0.0420557576709	0.022762455742	-0.0254827988325	-0.0277330103645	-0.0168954004466	0.0351096622107	0.0143647916629	0.00476344672762	1.0	-0.0347401425487	0.0135072605635	-0.024063575859	0.00907855903239	0.0550669259044	-0.0254978498726	0.0458452955527	0.0310703539806	0.024921121265	-0.00726179399358	0.0642975919723	-0.0237074773295	0.0248952763215	-0.0793009454293	-0.0564143593632	-0.0119900928096	-0.0474830679231	0.0227987158987	-0.0482308150408	0.0248177419767	-0.0296891206079	-0.0381753933674	-0.0391025447421	-0.036649823588	0.0122121183165	-0.0800490382854	-0.0153830344644	-0.00127179520738	-0.0592910354798	-0.00913358910943	-0.0271125241619	-0.0437574160505
k__Bacteria;p__Firmicutes;c__Clostridia;o__Clostridiales;f__Lachnospiraceae;g__Roseburia;s__Roseburia_hominis	-0.0441048076431	0.0517773383058	-0.0456459084884	0.000690205090654	-0.0143520007243	-0.0108821370919	0.0154327297729	-0.0796486789136	0.00849168838769	-0.0424149952758	0.0666767576828	-0.0215433433467	0.0454399357567	0.00780376662825	-0.0490756845972	-0.011513865096	0.00216453276742	0.0567414362	-0.0324864702495	-0.0111246378064	-0.0597682318022	0.0354846546436	-0.000992901976038	-0.0111311777667	0.0125764296709	-0.0193094587754	-0.0347401425487	1.0	-0.0355591453779	0.00808816653744	-0.0074002571127	-0.0569116056225	0.0199658959932	0.0111384150626	-0.0515203720197	-0.0138651442735	-0.0595121378329	0.0226283329046	0.0175100048842	0.0482770406328	-0.0359910672172	0.0532927681163	-0.00230304784872	-0.0101184314207	-0.00815087309282	-0.042321550244	-0.00461122794535	0.0441640133258	-0.0408748879362	-0.0372047803337	0.0236075958327	-0.0418037612973	-0.034541830961	-0.00664218798643	-0.0489162209337	0.0216151949402	-0.0283165283919	0.0385321781738	0.0138317865009
k__Bacteria;p__Bacteroidetes;c__Bacteroidia;o__Bacteroidales;f__Porphyromonadaceae;g__Parabacteroides;s__Parabacteroides_johnsonii	-0.0384883117508	-0.033772571807	0.029679939523	0.0268494456482	0.00897367803513	-0.0928715901295	0.023386640796	0.00719865550406	0.022805600742	0.0155020262154	-0.0628122847007	-0.011735540315	0.0248500323128	-0.0658280898933	0.0310833020695	0.0384198951283	-0.0126028906331	-0.00943342769519	-0.0120809900771	-0.0162510786828	-0.00286351909225	-0.115169587018	-0.00789739610041	-0.00197052026271	0.0469517330765	-0.0154473836003	0.0135072605635	-0.0355591453779	1.0	0.0369289022622	-0.00545530455203	-0.0136670942838	0.0075999431697	0.00441919325997	-0.0915754220866	-0.0399266385944	0.0467496829562	0.0292160590582	0.0164425367334	-0.0490246239207	-0.0463113419357	0.0156485942097	-0.0532257699701	-0.0451896278217	0.0138358318138	0.0110253375331	-0.0392919504845	-0.0327054208328	0.02893624872	-0.028252895939	-0.0263291539557	-0.0288855543437	-0.0190156431058	-0.0175628016387	0.00122681054804	-0.00640132059417	0.00485925952017	0.0502325619224	-0.000257225378452
