#taxonomy	k__Bacteria;p__Bacteroidetes;c__Bacteroidia;o__Bacteroidales;f__Bacteroidaceae;g__Bacteroides;s__Bacteroides_vulgatus	k__Bacteria;p__Bacteroidetes;c__Bacteroidia;o__Bacteroidales;f__Bacteroidaceae;g__Bacteroides;s__Bacteroides_uniformis	k__Bacteria;p__Bacteroidetes;c__Bacteroidia;o__Bacteroidales;f__Rikenellaceae;g__Alistipes;s__Alistipes_putredinis	k__Bacteria;p__Bacteroidetes;c__Bacteroidia;o__Bacteroidales;f__Prevotellaceae;g__Prevotella;s__Prevotella_copri	k__Bacteria;p__Bacteroidetes;c__Bacteroidia;o__Bacteroidales;f__Bacteroidaceae;g__Bacteroides;s__Bacteroides_stercoris	k__Bacteria;p__Bacteroidetes;c__Bacteroidia;o__Bacteroidales;f__Bacteroidaceae;g__Bacteroides;s__Bacteroides_ovatus	k__Bacteria;p__Bacteroidetes;c__Bacteroidia;o__Bacteroidales;f__Rikenellaceae;g__Alistipes;s__Alistipes_shahii	k__Bacteria;p__Firmicutes;c__Clostridia;o__Clostridiales;f__Ruminococcaceae;g__Faecalibacterium;s__Faecalibacterium_prausnitzii	k__Bacteria;p__Bacteroidetes;c__Bacteroidia;o__Bacteroidales;f__Rikenellaceae;g__Alistipes;s__Alistipes_finegoldii	k__Bacteria;p__Bacteroidetes;c__Bacteroidia;o__Bacteroidales;f__Porphyromonadaceae;g__Parabacteroides;s__Parabacteroides_distasonis	k__Bacteria;p__Bacteroidetes;c__Bacteroidia;o__Bacteroidales;f__Bacteroidaceae;g__Bacteroides;s__Bacteroides_thetaiotaomicron	k__Bacteria;p__Bacteroidetes;c__Bacteroidia;o__Bacteroidales;f__Bacteroidaceae;g__Bacteroides;s__Bacteroides_coprocola	k__Bacteria;p__Bacteroidetes;c__Bacteroidia;o__Bacteroidales;f__Bacteroidaceae;g__Bacteroides;s__Bacteroides_cellulosilyticus	k__Bacteria;p__Bacteroidetes;c__Bacteroidia;o__Bacteroidales;f__Rikenellaceae;g__Alistipes;s__Alistipes_obesi	k__Bacteria;p__Firmicutes;c__Clostridia;o__Clostridiales;f__Lachnospiraceae;g__;s__[Eubacterium]_rectale	k__Bacteria;p__Bacteroidetes;c__Bacteroidia;o__Bacteroidales;f__Bacteroidaceae;g__Bacteroides;s__Bacteroides_plebeius	k__Bacteria;p__Bacteroidetes;c__Bacteroidia;o__Bacteroidales;f__Bacteroidaceae;g__Bacteroides;s__Bacteroides_fragilis	k__Bacteria;p__Proteobacteria;c__Betaproteobacteria;o__Burkholderiales;f__Sutterellaceae;g__Sutterella;s__Sutterella_wadsworthensis	k__Bacteria;p__Bacteroidetes;c__Bacteroidia;o__Bacteroidales;f__Porphyromonadaceae;g__Barnesiella;s__Barnesiella_intestinihominis	k__Bacteria;p__Bacteroidetes;c__Bacteroidia;o__Bacteroidales;f__Odoribacteraceae;g__Odoribacter;s__Odoribacter_splanchnicus	k__Bacteria;p__Bacteroidetes;c__Bacteroidia;o__Bacteroidales;f__Bacteroidaceae;g__Bacteroides;s__Bacteroides_salyersiae	k__Bacteria;p__Firmicutes;c__Clostridia;o__Clostridiales;f__Ruminococcaceae;g__Ruminiclostridium;s__[Eubacterium]_siraeum	k__Bacteria;p__Proteobacteria;c__Betaproteobacteria;o__Burkholderiales;f__Sutterellaceae;g__Parasutterella;s__Parasutterella_excrementihominis	k__Bacteria;p__Actinobacteria;c__Actinobacteria;o__Bifidobacteriales;f__Bifidobacteriaceae;g__Bifidobacterium;s__Bifidobacterium_adolescentis	k__Bacteria;p__Firmicutes;c__Clostridia;o__Clostridiales;f__Oscillospiraceae;g__Oscillibacter;s__Oscillibacter_sp._KLE_1745	k__Bacteria;p__Bacteroidetes;c__Bacteroidia;o__Bacteroidales;f__Bacteroidaceae;g__Bacteroides;s__Bacteroides_coprophilus	k__Bacteria;p__Firmicutes;c__Clostridia;o__Clostridiales;f__Lachnospiraceae;g__Roseburia;s__Roseburia_intestinalis	k__Bacteria;p__Firmicutes;c__Clostridia;o__Clostridiales;f__Lachnospiraceae;g__Roseburia;s__Roseburia_hominis	k__Bacteria;p__Bacteroidetes;c__Bacteroidia;o__Bacteroidales;f__Porphyromonadaceae;g__Parabacteroides;s__Parabacteroides_johnsonii	k__Bacteria;p__Actinobacteria;c__Actinobacteria;o__Bifidobacteriales;f__Bifidobacteriaceae;g__Bifidobacterium;s__Bifidobacterium_longum	k__Bacteria;p__Firmicutes;c__Clostridia;o__Clostridiales;f__;g__Flavonifractor;s__Flavonifractor_plautii	k__Bacteria;p__Firmicutes;c__Clostridia;o__Clostridiales;f__Clostridiaceae;g__Clostridium;s__Clostridium_phoceensis	k__Bacteria;p__Verrucomicrobia;c__Verrucomicrobiae;o__Verrucomicrobiales;f__Akkermansiaceae;g__Akkermansia;s__Akkermansia_muciniphila	k__Bacteria;p__Bacteroidetes;c__Bacteroidia;o__Bacteroidales;f__Prevotellaceae;g__Paraprevotella;s__Paraprevotella_xylaniphila	k__Bacteria;p__Firmicutes;c__Clostridia;o__Clostridiales;f__Ruminococcaceae;g__Ruminococcus;s__Ruminococcus_callidus	k__Bacteria;p__Bacteroidetes;c__Bacteroidia;o__Bacteroidales;f__Rikenellaceae;g__Alistipes;s__Alistipes_senegalensis	k__Bacteria;p__Firmicutes;c__Clostridia;o__Clostridiales;f__Lachnospiraceae;g__Blautia;s__Blautia_sp._KLE_1732	k__Bacteria;p__Bacteroidetes;c__Bacteroidia;o__Bacteroidales;f__Bacteroidaceae;g__Bacteroides;s__Bacteroides_oleiciplenus	k__Bacteria;p__Firmicutes;c__Clostridia;o__Clostridiales;f__Ruminococcaceae;g__Ruminococcus;s__Ruminococcus_bicirculans	k__Bacteria;p__Bacteroidetes;c__Bacteroidia;o__Bacteroidales;f__Bacteroidaceae;g__Bacteroides;s__Bacteroides_fluxus	k__Bacteria;p__Bacteroidetes;c__Bacteroidia;o__Bacteroidales;f__Prevotellaceae;g__Prevotella;s__Prevotella_stercorea	k__Bacteria;p__Firmicutes;c__Clostridia;o__Clostridiales;f__Lachnospiraceae;g__Dorea;s__Dorea_longicatena	k__Bacteria;p__Firmicutes;c__Clostridia;o__Clostridiales;f__Eubacteriaceae;g__Eubacterium;s__[Eubacterium]_eligens	k__Bacteria;p__Firmicutes;c__Clostridia;o__Clostridiales;f__Ruminococcaceae;g__;s__Ruminococcaceae_bacterium_D16	k__Bacteria;p__Firmicutes;c__Clostridia;o__Clostridiales;f__Lachnospiraceae;g__Coprococcus;s__Coprococcus_comes	k__Bacteria;p__Proteobacteria;c__Gammaproteobacteria;o__Enterobacterales;f__Enterobacteriaceae;g__Escherichia;s__Escherichia_coli	k__Bacteria;p__Firmicutes;c__Clostridia;o__Clostridiales;f__Ruminococcaceae;g__Anaerotruncus;s__Anaerotruncus_colihominis	k__Bacteria;p__Firmicutes;c__Clostridia;o__Clostridiales;f__Lachnospiraceae;g__Blautia;s__Blautia_obeum	k__Bacteria;p__Bacteroidetes;c__Bacteroidia;o__Bacteroidales;f__Odoribacteraceae;g__Odoribacter;s__Odoribacter_laneus	k__Bacteria;p__Firmicutes;c__Clostridia;o__Clostridiales;f__Ruminococcaceae;g__Ruminiclostridium;s__[Clostridium]_leptum	k__Bacteria;p__Bacteroidetes;c__Bacteroidia;o__Bacteroidales;f__Porphyromonadaceae;g__Parabacteroides;s__Parabacteroides_goldsteinii	k__Bacteria;p__Firmicutes;c__Clostridia;o__Clostridiales;f__Lachnospiraceae;g__Anaerostipes;s__Anaerostipes_hadrus	k__Bacteria;p__Firmicutes;c__Clostridia;o__Clostridiales;f__Ruminococcaceae;g__Ruminococcus;s__Ruminococcus_lactaris	k__Bacteria;p__Firmicutes;c__Clostridia;o__Clostridiales;f__Clostridiaceae;g__Clostridium;s__Clostridium_sp._L2-50	k__Bacteria;p__Firmicutes;c__Clostridia;o__Clostridiales;f__Clostridiaceae;g__Clostridium;s__Clostridium_sp._M62/1	k__Bacteria;p__Firmicutes;c__Clostridia;o__Clostridiales;f__;g__Intestinimonas;s__Intestinimonas_butyriciproducens	k__Bacteria;p__Actinobacteria;c__Actinobacteria;o__Bifidobacteriales;f__Bifidobacteriaceae;g__Bifidobacterium;s__Bifidobacterium_bifidum	k__Bacteria;p__Firmicutes;c__Negativicutes;o__Veillonellales;f__Veillonellaceae;g__Dialister;s__Dialister_invisus	k__Bacteria;p__Bacteroidetes;c__Bacteroidia;o__Bacteroidales;f__Bacteroidaceae;g__Bacteroides;s__Bacteroides_salanitronis
k__Bacteria;p__Bacteroidetes;c__Bacteroidia;o__Bacteroidales;f__Bacteroidaceae;g__Bacteroides;s__Bacteroides_vulgatus	1.0	0.0263958465395	0.0213083719515	-0.0442638847047	-0.0270386031734	-0.0376411664716	-0.0326081158376	0.0150669126333	0.0465586270729	-0.0145044477024	0.0317342971438	0.00671520891003	-0.00372899783261	-0.000466223936615	-0.0169804108651	-0.0118683624205	0.023104969798	0.017987533653	0.0191237218916	0.055751786479	0.00573428600042	-0.0310821272896	-0.000178073490278	-0.00660299117237	0.0366928758448	-0.00229253756814	0.00229843279991	-0.0929401109128	-0.00988058857573	0.0418796375021	-0.0159822618407	0.054213532713	-0.00355063074175	-0.0220661619831	0.00288021183197	-0.0592593049563	0.00045577047324	-0.004169440226	-0.0436774709618	-0.0260708523614	0.0368113040187	0.019258183628	0.0179983557737	0.00629817222491	-0.0418823814991	-0.0253757249358	0.0327772052923	0.0355971298049	-0.0350786644935	-0.0345444436719	-0.00679867954206	-0.0148677674658	-0.0664369347354	-0.0101500323598	-0.0210504985683	-0.0387496305485	-0.0054942945436	-0.0206330854964	0.0597139063026
k__Bacteria;p__Bacteroidetes;c__Bacteroidia;o__Bacteroidales;f__Bacteroidaceae;g__Bacteroides;s__Bacteroides_uniformis	0.0263958465395	1.0	0.0114184923054	-0.0207659579868	-0.0549863393599	-0.0416379841471	-0.00355775646658	-0.00845789257409	-0.046213175442	0.0225224438374	-0.040083178129	-0.00836308731584	-0.0482410204015	-0.0348643887035	-0.00844817554025	0.00779453305825	-0.0127213661211	-0.012173980234	-0.0163566671073	0.0320368376116	-0.00906984404143	-0.00252887540046	-0.0272839826996	-0.010882926043	-0.0139494296148	-0.0311642123271	-0.0158541209882	-0.043263707047	-0.00875352626285	0.0373422283576	-0.0393737767769	-0.0166385150468	0.0436419206818	-0.03594732489	0.0292689164461	0.0548574213253	-0.0178277324787	0.0179834603314	-0.0345901084537	0.0340783734071	-0.0151823571756	-0.00620543524677	-0.0328623975326	0.0244674255383	0.0186012590151	-0.056786151927	0.0235101810414	0.0151674535128	0.0195387150666	0.00262125413849	-0.0535116269373	0.0252717398277	-0.0529373078132	-0.0166707872564	-0.040941177628	0.0279996527985	0.063073593413	0.0274152427566	-0.0405145161798
k__Bacteria;p__Bacteroidetes;c__Bacteroidia;o__Bacteroidales;f__Rikenellaceae;g__Alistipes;s__Alistipes_putredinis	0.0213083719515	0.0114184923054	1.0	-0.0190627940321	0.0506041435629	-0.0508642370147	0.0301600520584	0.0163360064244	0.0216199794634	-0.0283684651782	0.0287517939547	-0.083333530297	-0.0303899282763	-0.0375851858305	-0.0338686864217	0.0140018402332	-0.0418842053556	0.0405017072296	-0.0428797273609	-0.0178688373257	-0.0668260815707	0.0359209016517	-0.0544954203399	0.0188356791248	-0.0208330144143	-0.0521305953134	-0.00696323132919	0.0126754237574	-0.000229176586383	-0.0419923900325	-0.0160598935542	-0.00283253644244	0.0121049786992	0.0180560836243	0.0172198870568	0.0265451473535	-0.0222180982349	-0.0592086245168	0.0064202215266	0.0332598238344	-6.59740271824e-06	0.0151969417864	-0.0180185675263	0.00124924652942	-0.00821114990626	-0.00211273279497	-0.0366443859099	-0.0359999263097	-0.0188216651418	-0.0945449592652	0.0421051931723	-0.000616183897267	0.0138369828384	-0.00371001216822	0.0202017960888	-0.0464192813583	0.0519643555352	0.0200971419203	0.0131747369619
k__Bacteria;p__Bacteroidetes;c__Bacteroidia;o__Bacteroidales;f__Prevotellaceae;g__Prevotella;s__Prevotella_copri	-0.0442638847047	-0.0207659579868	-0.0190627940321	1.0	-0.0241031826421	-0.000676650931415	-0.00132065769599	-0.0559611397552	-0.0636148865336	-0.0338657621537	-0.0467340988085	0.00451389721007	0.00637219205806	0.0304687059582	0.00841360948027	-0.00139690162569	-0.0212018153599	-0.0428194931841	-0.024739522055	0.0422033425944	0.0103934795894	-0.030067752586	-0.0212191824731	0.0990892187805	0.0291882401084	0.0158895348663	0.0440154255018	-0.0117767363215	0.0135708161171	-0.0644226837801	0.0186023829227	0.0190199487596	0.0638605631075	-0.0355496470234	-0.0765607413775	-0.0310516285145	0.0654618839624	-0.0124687106832	0.0459936829281	0.0241467521164	-0.0317898129162	0.0471676868647	-0.0215926485568	0.00934695545038	-0.00165136332382	0.00287972384335	-0.0386557176192	-0.0642678234838	-0.024452621807	-0.0596494093667	-0.0258259527479	0.0253715836098	0.0107409107261	-0.00636822880863	-0.0238341160249	0.0138495399389	-0.0132443988277	-0.0361996896426	0.0190306291072
k__Bacteria;p__Bacteroidetes;c__Bacteroidia;o__Bacteroidales;f__Bacteroidaceae;g__Bacteroides;s__Bacteroides_stercoris	-0.0270386031734	-0.0549863393599	0.0506041435629	-0.0241031826421	1.0	-0.00336793169366	0.0110610170777	-0.0153611072669	-0.0729555584082	0.00924314434761	-0.00527474315986	-0.076032196822	0.00805604817638	-0.0105939561337	0.00852408622239	0.0569056372247	-0.0111388552434	-0.0403015260137	-0.0374492910133	0.0124759128762	-0.0209331800878	-0.0178974044831	-0.00394945592885	0.0855925462795	0.00255113081001	0.0177856547565	-0.0223762733812	0.0133569984898	-0.0115768077401	-0.0514845532062	0.00971857785977	-0.0439671045313	-0.0509665617094	0.0251544951485	-0.0262618991158	0.0564946338123	-0.0489166184057	-0.0234810127074	-0.012250665965	0.00319502747868	-0.0176382490393	-0.0133987608183	0.0275296538167	-0.00758970562355	0.0239526663961	-0.032572945771	-0.0506379931609	0.0394207223313	-0.0106218919917	-0.0125879517986	-0.00328977989643	-0.0371987284835	0.0459792686995	0.0262895892198	0.0038273189428	-0.00526622979994	0.0172238738958	-0.00738034884678	0.0260610908201
k__Bacteria;p__Bacteroidetes;c__Bacteroidia;o__Bacteroidales;f__Bacteroidaceae;g__Bacteroides;s__Bacteroides_ovatus	-0.0376411664716	-0.0416379841471	-0.0508642370147	-0.000676650931415	-0.00336793169366	1.0	-0.0215168283366	-0.0152356342446	0.0394728728136	0.0155759455352	0.0444731092805	0.0175266253995	0.0176974119722	0.0834340318576	-0.000620670354911	0.03742023769	-0.0415134473914	-0.00958845099313	-0.0174762043866	0.00315130110254	-0.047893697248	-0.00229658883443	0.000518733945244	-0.0489490721304	0.0342099736612	0.079570826403	-0.0129098658904	-0.0336518514514	-0.00685750021818	-0.010168947068	0.0532234908202	-0.0482435467819	-0.00419233414604	-0.0143258843509	-0.0303070712984	-0.0048411164473	0.0158425035351	0.0315627599354	0.00286916457937	0.0277629615358	0.0336830797032	-0.0244051068248	-0.0576659615344	-0.0280067129807	0.0112677331837	0.0246892847679	-0.0406064098618	0.000912039419612	0.0191763651426	0.0439274090671	-0.00769470011476	0.00629470266917	0.0218316035215	-0.00880712349514	0.0165524701091	-0.0381556805765	-0.0166228968233	-0.0206288464651	0.00885150682444
k__Bacteria;p__Bacteroidetes;c__Bacteroidia;o__Bacteroidales;f__Rikenellaceae;g__Alistipes;s__Alistipes_shahii	-0.0326081158376	-0.00355775646658	0.0301600520584	-0.00132065769599	0.0110610170777	-0.0215168283366	1.0	-0.0173147954241	-0.0185521993139	-0.0291671164407	-0.0175376097507	0.0296732229162	0.0183838239947	-0.01890710202	-0.00605738401665	-0.0297210753693	0.0163141593217	-0.0260413609097	-0.0117541653035	-0.00753161954647	-0.0171289888481	-0.0322564249	0.0240584071521	-0.0157848628743	0.035059374202	-0.00367831750052	-0.0234081898473	0.0369792810149	0.0033774524244	0.0107695651281	0.0176177779348	-0.027465678129	-0.0168020805402	0.0086421929405	-0.0768423711655	-0.0329429029204	0.014502074414	0.029001389604	-0.0380759151509	-0.0356796732486	-0.00216826703658	0.0476796965128	-0.00396196855706	0.00394155070299	0.0826572952773	0.00293198684695	-0.00842622294109	-0.0180784992209	-0.0288003586959	-0.00947574372851	-0.0162047030802	0.00633765261352	-0.0475715889707	0.0499192983666	0.00143373211247	-0.0324916233448	-0.115798138021	-0.00848621951651	0.0208617921718
k__Bacteria;p__Firmicutes;c__Clostridia;o__Clostridiales;f__Ruminococcaceae;g__Faecalibacterium;s__Faecalibacterium_prausnitzii	0.0150669126333	-0.00845789257409	0.0163360064244	-0.0559611397552	-0.0153611072669	-0.0152356342446	-0.0173147954241	1.0	0.00285672017817	0.0415953285055	-0.0668435074712	-0.0283599559656	-0.0169906093511	-0.00366268951038	-0.0098782466627	-0.0379265862218	-0.0045984103926	-0.0205773027443	-0.0491160167991	-0.0278217323934	-0.0373156094762	-0.0129588638686	-0.00122048775346	-0.0367528220901	-0.00415102646648	-0.00532459151131	0.00671340370649	0.0519154449155	0.0395865899594	0.0290104319507	-0.00234050187078	0.0602985771884	0.0278968039473	-0.01373444234	0.00564571839789	-0.00885873306001	-0.0192943895637	-0.00265898141962	-0.0413277575724	-0.017125314248	0.027317886728	0.015721197614	0.010447260002	0.0199134120702	0.0254495666778	0.0140135990553	0.0264818529509	0.00537715229229	-0.00766070636712	0.0187078492315	0.0233973532245	-0.0303477329053	-0.018321561243	-0.0377556675607	0.0244418555288	-0.0125931892686	0.00875187062369	-0.0172343368816	0.017258532943
k__Bacteria;p__Bacteroidetes;c__Bacteroidia;o__Bacteroidales;f__Rikenellaceae;g__Alistipes;s__Alistipes_finegoldii	0.0465586270729	-0.046213175442	0.0216199794634	-0.0636148865336	-0.0729555584082	0.0394728728136	-0.0185521993139	0.00285672017817	1.0	0.036992789846	-0.0595964394995	0.0127602608943	-0.00724142442498	0.0282038124868	-0.0268832341071	-0.0157132524385	-0.00638777342307	-0.0405573478915	-0.0132622193231	0.0147611989189	0.0507235319047	-0.0020950513166	-0.0758909369384	0.0222823053159	0.00534766179797	0.00817607176511	0.0348884706317	0.0144572971452	0.0957806591077	-0.0726167842296	-0.0615039820409	0.00939548270006	-0.010401636195	-0.0384266753763	0.00736965408088	0.0111587323444	0.0404948077967	-0.00752605866045	0.0171410267419	0.0121123391693	0.0340402391046	-0.0145376770474	-0.02268734943	-0.0227581834847	-0.033007778334	0.0204654500317	-0.0613046217514	-0.023231473134	-0.0583534968486	-0.00824404709466	0.0320009463825	-0.0485426666563	0.0135238264555	0.00822181339341	0.0268020636258	-0.0434262064484	-0.00443241342507	0.0286386702964	-0.00839466948615
k__Bacteria;p__Bacteroidetes;c__Bacteroidia;o__Bacteroidales;f__Porphyromonadaceae;g__Parabacteroides;s__Parabacteroides_distasonis	-0.0145044477024	0.0225224438374	-0.0283684651782	-0.0338657621537	0.00924314434761	0.0155759455352	-0.0291671164407	0.0415953285055	0.036992789846	1.0	-0.0152286164093	0.0339398423823	-0.0469524005818	0.028324835624	-0.00380491965691	0.00800032867592	-0.0138936158297	0.0244917636992	0.04884609442	0.0287831181803	-0.0409586056689	-0.0124078889412	0.0476104764088	0.0184075046805	0.00156201775721	-0.0452337723532	-0.0626472238927	-0.0167764986956	-0.026845631455	0.0126779817129	0.052112208026	0.0284833851681	0.0499532633189	-0.0181027331869	0.0625840614719	-0.0266577383993	-0.0589926227608	-0.0397350891197	0.0184668114443	0.0112694522865	-0.00963517704296	-0.0371363191832	0.0499759772034	-0.0199310381119	-0.0143567430629	-0.0394782417581	-0.0234816428198	0.0217710603249	0.00179783292208	0.0341602155828	-0.00989343806186	-0.06144732798	0.0325941956521	0.0330469700569	-0.0584531725577	-0.019495904872	-0.015835638853	-0.028237775633	-0.0226259226731
k__Bacteria;p__Bacteroidetes;c__Bacteroidia;o__Bacteroidales;f__Bacteroidaceae;g__Bacteroides;s__Bacteroides_thetaiotaomicron	0.0317342971438	-0.040083178129	0.0287517939547	-0.0467340988085	-0.00527474315986	0.0444731092805	-0.0175376097507	-0.0668435074712	-0.0595964394995	-0.0152286164093	1.0	-0.0322763679041	-0.00196640613237	-0.0225391650115	-0.0207455226563	0.0206062436232	0.0201266841497	0.0769791205287	-0.00331053649404	0.0214727443485	-0.0291401028285	-0.00661134750471	-0.0317146639602	0.0412822213389	-0.0314634893342	0.0168760622055	0.00682159065967	-0.00827126042043	0.00576343419625	-0.0258052323935	0.0225347486682	-0.00300024475925	-0.0549798561837	0.00914615707379	0.00724190185159	0.00238427383731	-0.0258952546735	0.00884355549912	0.0244201676997	-0.00308530014406	-0.0405322049686	0.0086045846406	-0.0294479392006	-0.047280192884	-0.0239808609105	0.00595800849265	-0.0193527479783	-0.00383266112795	0.0153962298689	0.0016087571005	-0.0267370608123	-0.024268668112	-0.00617025210261	-0.0401846845478	-0.0185789775557	0.0182508623722	0.0120851654466	0.0172578223542	-0.0109661700048
k__Bacteria;p__Bacteroidetes;c__Bacteroidia;o__Bacteroidales;f__Bacteroidaceae;g__Bacteroides;s__Bacteroides_coprocola	0.00671520891003	-0.00836308731584	-0.083333530297	0.00451389721007	-0.076032196822	0.0175266253995	0.0296732229162	-0.0283599559656	0.0127602608943	0.0339398423823	-0.0322763679041	1.0	-0.00232451024908	0.0041942875426	-0.0365535845093	-0.0262074586383	-0.00583926603929	-0.0168923245536	-0.0209633885876	0.025298940633	-0.0305918415176	-0.0120185218682	0.0648187211896	-0.0143474442716	-0.00393101108483	-0.0185714533115	-0.0241249848058	0.0238290435179	-0.0125341997228	-0.0359653072328	0.00999465187738	0.030834468653	0.00975032667083	-0.0296704880338	-0.010070510362	-0.0139373833942	-0.0199370418249	-0.0073220573093	0.0172360199699	0.0110532469929	-0.0433017176982	-0.0189999024332	-0.0300576073093	-0.00511119549839	-0.0376462287705	-0.0170678589728	0.0770326962733	0.00428943616573	-0.0326389491198	-0.013113835291	-0.0449246634798	0.052135951827	-0.0187260884178	-0.0338417443076	0.0060455133912	-0.0462051704928	-0.0299614538069	0.0128528326586	0.0558234012603
k__Bacteria;p__Bacteroidetes;c__Bacteroidia;o__Bacteroidales;f__Bacteroidaceae;g__Bacteroides;s__Bacteroides_cellulosilyticus	-0.00372899783261	-0.0482410204015	-0.0303899282763	0.00637219205806	0.00805604817638	0.0176974119722	0.0183838239947	-0.0169906093511	-0.00724142442498	-0.0469524005818	-0.00196640613237	-0.00232451024908	1.0	-0.0214996729922	-0.0391656262015	-0.0198418095344	0.0140362100979	-0.0208248187736	-0.0519578886405	-0.0634947673688	0.0109643804251	0.00612130313065	-0.0250625725815	0.0136571080782	-0.0461002649561	-0.0274828139904	0.0146067320756	0.0267267962198	-0.0432553832942	-0.0637942694049	-0.0223652434762	-0.0146588343801	-0.0295545571325	-0.00248067427229	0.0256386477982	-0.0114803598375	-0.00994405124003	-0.0140571210924	0.0147894762547	-0.0425928089466	-0.00755293921998	-0.0273184751977	-0.00896160715689	-0.0243806729741	-0.0237564640453	-0.0038149693372	-0.0112971958472	-0.00227560281226	-0.00756270509972	-0.012435600137	0.0281957439465	-0.0258849442731	0.0359703562296	0.0494963376785	-0.0357763774363	0.0296114057723	-0.00399576048405	0.0170917848342	0.017454250047
k__Bacteria;p__Bacteroidetes;c__Bacteroidia;o__Bacteroidales;f__Rikenellaceae;g__Alistipes;s__Alistipes_obesi	-0.000466223936615	-0.0348643887035	-0.0375851858305	0.0304687059582	-0.0105939561337	0.0834340318576	-0.01890710202	-0.00366268951038	0.0282038124868	0.028324835624	-0.0225391650115	0.0041942875426	-0.0214996729922	1.0	0.000183452261412	-0.00684946577212	-0.0629092793574	0.0556978528906	0.00225396016694	-0.0367746459323	0.0120799058974	0.016321447676	0.0235114549548	-0.0314967698957	-0.0414574727029	-0.0639609687126	-0.0252194880115	-0.00398411498066	0.0185896080229	-0.0232099474262	-0.0239437550432	-0.0306210612096	-0.0656744279098	0.0525614007755	-0.0082696477519	-0.00734870931166	0.0159843025046	0.0112341699562	-0.025903237245	-0.0453879817695	0.004785267564	0.0207554687491	-0.0524284247518	-0.0275894788707	-0.0125821756029	0.000488089871656	-0.0279502118526	0.0209300413517	0.05820986213	0.0366919377071	0.0315811097523	0.0485443670911	-0.0486600309075	-0.0150245442619	-0.0170138502903	-0.0399902189633	0.00102762818444	-0.0106485699841	-0.0703445514838
k__Bacteria;p__Firmicutes;c__Clostridia;o__Clostridiales;f__Lachnospiraceae;g__;s__[Eubacterium]_rectale	-0.0169804108651	-0.00844817554025	-0.0338686864217	0.00841360948027	0.00852408622239	-0.000620670354911	-0.00605738401665	-0.0098782466627	-0.0268832341071	-0.00380491965691	-0.0207455226563	-0.0365535845093	-0.0391656262015	0.000183452261412	1.0	-0.0659661710334	-0.0251784981615	0.00773689911384	-0.0915499012796	-0.0465806680485	0.00255319392052	0.00879844897001	-0.0227180755285	-0.0295915988364	0.0211139010959	-0.00291860041507	-0.0293535678883	-0.0458620173637	0.0171285368308	0.0354689952526	0.0229807339339	0.0102255347367	-0.0289017434953	0.0112363079942	-0.035601702408	-0.0154790535851	0.0317837099871	0.00680798172271	-0.0561609645034	0.0240535028373	0.00116516823889	0.0144248156542	-0.0162040317806	-0.0195723936612	0.0597888764003	0.017980816636	-0.0458379959213	-0.0672209624042	0.022602722528	-0.0355009405816	-0.0515200739243	0.0196674631397	0.0524415697738	-0.0185660593041	0.0544143962576	-0.0914778305486	0.00793608675024	-0.0245935580053	0.0198098602079
k__Bacteria;p__Bacteroidetes;c__Bacteroidia;o__Bacteroidales;f__Bacteroidaceae;g__Bacteroides;s__Bacteroides_plebeius	-0.0118683624205	0.00779453305825	0.0140018402332	-0.00139690162569	0.0569056372247	0.03742023769	-0.0297210753693	-0.0379265862218	-0.0157132524385	0.00800032867592	0.0206062436232	-0.0262074586383	-0.0198418095344	-0.00684946577212	-0.0659661710334	1.0	-0.00458196802018	-0.00473726544949	-0.00104484895793	0.000743799112226	-0.0118056853083	0.00948277529594	0.0618201019951	0.000193665254479	-0.0467090482432	-0.0501320399985	0.0500277075283	0.00499885496686	-0.0318233139868	-0.0985617777487	-4.05366892562e-05	-0.00374136112626	-0.0459051244232	0.000743046318663	-0.0120813655358	-0.0161808616738	-0.00456599456975	-0.0559331895982	-0.0268557456989	-0.0339915206403	-0.000617533919501	-0.00262528173471	0.00116868229208	0.0103407166407	-0.0333377773025	-0.02151148869	0.0471996352791	-0.00116014390198	-0.00603538745387	0.055424772985	0.0168673453769	-0.0157182295975	-0.0252298138755	0.0622220453528	0.0255644814126	-0.0162890249556	-0.0030779731115	-0.0111124907906	-0.0369512283626
k__Bacteria;p__Bacteroidetes;c__Bacteroidia;o__Bacteroidales;f__Bacteroidaceae;g__Bacteroides;s__Bacteroides_fragilis	0.023104969798	-0.0127213661211	-0.0418842053556	-0.0212018153599	-0.0111388552434	-0.0415134473914	0.0163141593217	-0.0045984103926	-0.00638777342307	-0.0138936158297	0.0201266841497	-0.00583926603929	0.0140362100979	-0.0629092793574	-0.0251784981615	-0.00458196802018	1.0	0.0431751320377	0.022850820475	0.0606759319152	0.0178124361325	-0.0072623398598	-0.0203107607259	-0.034591722362	-0.0142863006192	0.0374381085999	0.0275663201103	0.0113754599145	0.0699662445799	-0.0134016969482	-0.0267775340218	-0.0421857760188	-0.0243096622396	-0.0109175987395	-0.0120470221018	-0.0426992526303	-0.043558749077	-0.00800625092349	0.0480068940787	-0.0836962635093	0.011560781053	0.019983738558	-0.0249379342222	0.0053765065844	-0.00537235002837	-0.0353621848248	0.0580276642254	0.028072059075	-0.0044860735145	0.00576079480183	-0.0189319548779	-0.00940874116129	-0.0371715801462	-0.100601052505	-0.0583905789303	-0.0629919708241	-0.0542079750025	-0.00509978118763	-0.0350728272408
k__Bacteria;p__Proteobacteria;c__Betaproteobacteria;o__Burkholderiales;f__Sutterellaceae;g__Sutterella;s__Sutterella_wadsworthensis	0.017987533653	-0.012173980234	0.0405017072296	-0.0428194931841	-0.0403015260137	-0.00958845099313	-0.0260413609097	-0.0205773027443	-0.0405573478915	0.0244917636992	0.0769791205287	-0.0168923245536	-0.0208248187736	0.0556978528906	0.00773689911384	-0.00473726544949	0.0431751320377	1.0	-0.022260620926	-0.0221754598509	0.0273759124722	-0.0161145780059	-0.0211165975726	0.0131568308894	0.0118507447027	0.00441308627235	-0.0419028411288	0.0106776754064	-0.0283142006014	-0.010884643745	-0.0245496732647	-0.0234124526274	-0.0205825506035	-0.0211159464323	-0.0158080676799	-0.00919884787325	-0.0104360955293	0.0661933880866	-0.0674784884993	0.0295598979725	-0.0115228532182	-0.027000185884	0.00738313997846	0.0246616161156	0.00576970094642	0.0280998771329	0.00167840333388	-0.0300005730057	-0.000941613059695	-0.0098020749208	0.0197908286086	0.0078665592276	-0.0159887175152	-0.0050502506999	0.02836337062	0.0242599413171	-0.0209908011952	-0.0573413150501	-0.0199925082441
k__Bacteria;p__Bacteroidetes;c__Bacteroidia;o__Bacteroidales;f__Porphyromonadaceae;g__Barnesiella;s__Barnesiella_intestinihominis	0.0191237218916	-0.0163566671073	-0.0428797273609	-0.024739522055	-0.0374492910133	-0.0174762043866	-0.0117541653035	-0.0491160167991	-0.0132622193231	0.04884609442	-0.00331053649404	-0.0209633885876	-0.0519578886405	0.00225396016694	-0.0915499012796	-0.00104484895793	0.022850820475	-0.022260620926	1.0	0.0106802426456	-0.0400456976361	-0.00873393896121	0.0430471445304	0.105703584241	-0.0272505367632	0.0293800615023	-0.0183357561285	-0.0177121040867	0.0433361491789	0.0700382266673	-0.0631982849685	-0.0034461145989	-0.0150421016237	-0.0302451763338	0.00373904602871	-0.0574368821818	0.00805224027696	-0.0615719929674	-0.0145630385389	0.00743881425453	-0.001285691075	0.0352548818223	0.00817010683452	-0.0172512927968	-0.00170190032618	-0.0306064495937	0.0197832218508	0.0528146903137	-0.0520081669206	0.0348717190429	0.00588225753703	-0.040080710153	0.0100473145367	0.0291474634952	0.00505322013791	-0.0126219392312	-0.0340736772648	-0.0393621408971	-0.0153239376819
k__Bacteria;p__Bacteroidetes;c__Bacteroidia;o__Bacteroidales;f__Odoribacteraceae;g__Odoribacter;s__Odoribacter_splanchnicus	0.055751786479	0.0320368376116	-0.0178688373257	0.0422033425944	0.0124759128762	0.00315130110254	-0.00753161954647	-0.0278217323934	0.0147611989189	0.0287831181803	0.0214727443485	0.025298940633	-0.0634947673688	-0.0367746459323	-0.0465806680485	0.000743799112226	0.0606759319152	-0.0221754598509	0.0106802426456	1.0	-0.0447186177728	0.057853703544	0.0274988759792	-0.00387385253159	0.0153440106929	0.0149947697946	-0.0262959119097	-0.0299787011278	0.000364836859206	-0.0167280810686	0.046044978394	0.00848788659722	-0.0388367353233	0.00457512484855	0.0217719360873	-0.0116049015286	-0.0115167563451	0.014929842568	-0.0395178572185	0.00898292580854	-0.00232745806359	-0.00279173485275	-0.00705694484444	-0.000646838426856	0.00932179073399	-0.015393927181	0.00553363182298	-0.0314821107491	-0.0298037719737	-0.0266705249664	-0.0177586132477	-0.0644555091635	-0.009895057263	0.0513759409021	0.0398407088699	-0.0519038221985	-0.00360299637446	0.0219877830541	-0.0112608578812
k__Bacteria;p__Bacteroidetes;c__Bacteroidia;o__Bacteroidales;f__Bacteroidaceae;g__Bacteroides;s__Bacteroides_salyersiae	0.00573428600042	-0.00906984404143	-0.0668260815707	0.0103934795894	-0.0209331800878	-0.047893697248	-0.0171289888481	-0.0373156094762	0.0507235319047	-0.0409586056689	-0.0291401028285	-0.0305918415176	0.0109643804251	0.0120799058974	0.00255319392052	-0.0118056853083	0.0178124361325	0.0273759124722	-0.0400456976361	-0.0447186177728	1.0	0.00342178289693	-0.00138172222437	-0.0637189970407	-0.049913313407	0.03475589864	-0.0473069711956	-0.0669728307491	-0.0442877916771	-0.0107730479689	-0.0450235298989	0.00530168972229	0.0125371644714	-0.03329876107	0.0115133744177	0.0172243897923	0.00317973196823	0.0126102765362	-0.0507373310755	0.0226644005067	-0.0299724257698	-0.0273704395988	0.00842080910029	-0.0385727768249	-0.0248364266118	0.0321993923993	0.08318682224	0.00733863778437	-0.0129670746583	-0.0680859873854	-0.0432387362103	0.0403523402057	-0.00997942813446	0.0113554265761	0.0236480969484	0.0637324759201	-0.00567040839785	0.0389043726229	-0.0320993129673
k__Bacteria;p__Firmicutes;c__Clostridia;o__Clostridiales;f__Ruminococcaceae;g__Ruminiclostridium;s__[Eubacterium]_siraeum	-0.0310821272896	-0.00252887540046	0.0359209016517	-0.030067752586	-0.0178974044831	-0.00229658883443	-0.0322564249	-0.0129588638686	-0.0020950513166	-0.0124078889412	-0.00661134750471	-0.0120185218682	0.00612130313065	0.016321447676	0.00879844897001	0.00948277529594	-0.0072623398598	-0.0161145780059	-0.00873393896121	0.057853703544	0.00342178289693	1.0	-0.0116848341297	-0.0314391761307	-0.0570557570494	-0.0871161030846	-0.0233245827205	0.0162333184786	-0.0253872885838	0.0330512494214	0.0571554249814	-0.0127627215865	0.00957238201984	-0.00429287379014	-0.0125007986151	0.00159951834379	0.0707519925947	-0.0418024887588	0.0492075206835	-0.0380330468147	-0.0152339967449	-0.0152639094833	-0.0471400266929	-0.0237629623902	-0.0566239298048	-0.00888634328394	-0.00218093405377	0.0688016652526	-0.0441298605373	-0.0114233364018	0.032975219753	-0.00548981801607	0.0388975000385	-0.0555064714799	-0.00481701317981	-0.0568492427901	-0.015841136742	0.0598283984353	-0.0548214398474
k__Bacteria;p__Proteobacteria;c__Betaproteobacteria;o__Burkholderiales;f__Sutterellaceae;g__Parasutterella;s__Parasutterella_excrementihominis	-0.000178073490278	-0.0272839826996	-0.0544954203399	-0.0212191824731	-0.00394945592885	0.000518733945244	0.0240584071521	-0.00122048775346	-0.0758909369384	0.0476104764088	-0.0317146639602	0.0648187211896	-0.0250625725815	0.0235114549548	-0.0227180755285	0.0618201019951	-0.0203107607259	-0.0211165975726	0.0430471445304	0.0274988759792	-0.00138172222437	-0.0116848341297	1.0	0.00209419302477	-0.0126102558937	-0.0239504594108	-0.0354629718186	-0.0205856311148	-0.0298414833721	0.046867697497	0.00875292289148	-0.00582200366512	0.0718796736694	-0.0416234419738	-0.0148614727385	0.000512951746088	-0.025073860268	-0.0236588605598	-0.0625800010581	0.0162919998017	0.0426447632739	-0.00214218853613	-0.0592461570025	0.00728301443204	-0.000240991249784	-0.0111252605539	-0.0421460266452	-0.00730410661691	0.0126978565393	0.0673121210165	-0.00159991876976	-0.0374692337069	0.0239567029118	0.020839521234	-0.0231812167	-0.0159708514026	0.0267241765992	-0.00607676808335	0.00345983719572
k__Bacteria;p__Actinobacteria;c__Actinobacteria;o__Bifidobacteriales;f__Bifidobacteriaceae;g__Bifidobacterium;s__Bifidobacterium_adolescentis	-0.00660299117237	-0.010882926043	0.0188356791248	0.0990892187805	0.0855925462795	-0.0489490721304	-0.0157848628743	-0.0367528220901	0.0222823053159	0.0184075046805	0.0412822213389	-0.0143474442716	0.0136571080782	-0.0314967698957	-0.0295915988364	0.000193665254479	-0.034591722362	0.0131568308894	0.105703584241	-0.00387385253159	-0.0637189970407	-0.0314391761307	0.00209419302477	1.0	0.0488264744951	0.0405956124608	-0.023665244099	0.0192434163789	-0.0509065217434	-0.00111149957098	-0.0273748088126	-0.0354584290441	-0.0273755743757	-0.00319111059518	-4.70993933797e-05	0.0356355927801	0.0433384823151	-0.0235010815297	-0.0245796265919	-0.0636055416133	0.00953015057199	-0.0129669042703	0.0276267907599	0.0421718577531	-0.0415786295614	0.010481897523	-0.0515537772989	-0.0123193798879	-0.0167329617244	0.0315377096734	-0.0204493101452	-0.0288581769266	-0.00584243595902	-0.00331365746116	-0.0345135229534	0.0156561479025	-0.0200625198087	0.022338983545	-0.00513956336897
k__Bacteria;p__Firmicutes;c__Clostridia;o__Clostridiales;f__Oscillospiraceae;g__Oscillibacter;s__Oscillibacter_sp._KLE_1745	0.0366928758448	-0.0139494296148	-0.0208330144143	0.0291882401084	0.00255113081001	0.0342099736612	0.035059374202	-0.00415102646648	0.00534766179797	0.00156201775721	-0.0314634893342	-0.00393101108483	-0.0461002649561	-0.0414574727029	0.0211139010959	-0.0467090482432	-0.0142863006192	0.0118507447027	-0.0272505367632	0.0153440106929	-0.049913313407	-0.0570557570494	-0.0126102558937	0.0488264744951	1.0	0.0220814158562	0.0239591847087	-0.0291101736119	-0.0416373768407	0.0740462872639	0.0175390623616	-0.0413657419392	-0.0405115727771	-0.000462302075145	0.0350980069885	-0.0368431998172	0.020581575801	0.0494658154995	-0.0321583020379	-0.0655878120144	0.0187029060039	0.0435863421219	-0.0484318350043	0.0154459131398	0.0150471967099	-0.0101228092068	-0.0128397032241	-0.0158048338072	-0.0551654215548	-0.0465337605332	0.0320755152778	-0.000594111156256	0.0122887524314	-0.016902668347	-0.0216295310007	-0.0115958150099	-0.0141239742774	-0.0521806236987	-0.0373554073194
k__Bacteria;p__Bacteroidetes;c__Bacteroidia;o__Bacteroidales;f__Bacteroidaceae;g__Bacteroides;s__Bacteroides_coprophilus	-0.00229253756814	-0.0311642123271	-0.0521305953134	0.0158895348663	0.0177856547565	0.079570826403	-0.00367831750052	-0.00532459151131	0.00817607176511	-0.0452337723532	0.0168760622055	-0.0185714533115	-0.0274828139904	-0.0639609687126	-0.00291860041507	-0.0501320399985	0.0374381085999	0.00441308627235	0.0293800615023	0.0149947697946	0.03475589864	-0.0871161030846	-0.0239504594108	0.0405956124608	0.0220814158562	1.0	-0.0424387823466	-0.0257872433591	-0.0044078293124	-0.0316168437725	-0.0746942329724	-0.0647276748168	0.0124996213693	0.00268846330799	-0.00272221969598	0.0586099231139	0.0226026895019	0.0105064072306	0.00976000369148	-0.0158208263539	-0.0023242723685	0.0170848239049	-0.00575837706531	-0.0320996422117	0.0152218059878	-0.018927593649	-0.0237766325477	0.0328894110876	-0.00782414402186	-0.0546311744574	0.00037357185837	-0.00521217986635	-0.0361072037433	0.0379783897122	0.00606828731825	-0.0364346181282	-0.0289642820023	0.0274091765486	-0.026302079916
k__Bacteria;p__Firmicutes;c__Clostridia;o__Clostridiales;f__Lachnospiraceae;g__Roseburia;s__Roseburia_intestinalis	0.00229843279991	-0.0158541209882	-0.00696323132919	0.0440154255018	-0.0223762733812	-0.0129098658904	-0.0234081898473	0.00671340370649	0.0348884706317	-0.0626472238927	0.00682159065967	-0.0241249848058	0.0146067320756	-0.0252194880115	-0.0293535678883	0.0500277075283	0.0275663201103	-0.0419028411288	-0.0183357561285	-0.0262959119097	-0.0473069711956	-0.0233245827205	-0.0354629718186	-0.023665244099	0.0239591847087	-0.0424387823466	1.0	-0.0154095237524	0.0259631745678	-0.0687591844757	-0.0195392953856	0.0343503098836	-0.0487040572864	-0.039801549579	-0.0175003247882	-0.0240896581494	-0.0150616803484	0.00920252235685	0.0349417186679	0.0303914078708	0.0450690324062	0.0155155559104	-0.0143313845296	-0.0386973961049	0.0222096377019	-0.0406627388064	-0.0227110996296	0.0203032095345	-0.00320444845336	-0.0169256942965	0.0352254749827	-0.00311959264235	0.0525323602922	0.00277763980497	0.0237970578633	0.0506997233673	-0.0104397284266	0.0273824594686	-0.0167005282622
k__Bacteria;p__Firmicutes;c__Clostridia;o__Clostridiales;f__Lachnospiraceae;g__Roseburia;s__Roseburia_hominis	-0.0929401109128	-0.043263707047	0.0126754237574	-0.0117767363215	0.0133569984898	-0.0336518514514	0.0369792810149	0.0519154449155	0.0144572971452	-0.0167764986956	-0.00827126042043	0.0238290435179	0.0267267962198	-0.00398411498066	-0.0458620173637	0.00499885496686	0.0113754599145	0.0106776754064	-0.0177121040867	-0.0299787011278	-0.0669728307491	0.0162333184786	-0.0205856311148	0.0192434163789	-0.0291101736119	-0.0257872433591	-0.0154095237524	1.0	0.0681814855012	-0.0119039790445	-0.0426534860362	-0.00649713866546	0.00474880906829	-0.00215856358739	0.0139855697876	0.054252355438	-0.0140675386129	-0.00734657167294	-0.0265663248429	-0.0534187403568	-0.0455615849495	0.0484567579533	-0.00573011354317	0.0545611434808	0.00726855979577	0.0336449171022	0.062011098847	-0.0474549839862	-0.003697103053	-0.0024596408826	0.00465896840783	-0.0437850581443	0.0137876319672	0.0220534131481	-0.0543867030346	-0.00459922638502	-0.0331855976872	-0.0123072211038	-0.00180906535676
k__Bacteria;p__Bacteroidetes;c__Bacteroidia;o__Bacteroidales;f__Porphyromonadaceae;g__Parabacteroides;s__Parabacteroides_johnsonii	-0.00988058857573	-0.00875352626285	-0.000229176586383	0.0135708161171	-0.0115768077401	-0.00685750021818	0.0033774524244	0.0395865899594	0.0957806591077	-0.026845631455	0.00576343419625	-0.0125341997228	-0.0432553832942	0.0185896080229	0.0171285368308	-0.0318233139868	0.0699662445799	-0.0283142006014	0.0433361491789	0.000364836859206	-0.0442877916771	-0.0253872885838	-0.0298414833721	-0.0509065217434	-0.0416373768407	-0.0044078293124	0.0259631745678	0.0681814855012	1.0	0.0666872687319	-0.000371999630326	0.0278889655759	0.00829935620799	-0.00164292996097	-0.0447999518973	0.0252180082474	-0.0456716021851	0.0127080723323	-0.030758278819	0.00329277027907	-0.0338227900683	0.00358761278461	-0.0198509378862	-0.046812337153	-0.0160185796166	0.0201336995666	0.0124183848411	0.0235455807996	0.0195412311327	0.02291369239	-0.0310897787811	-0.00377757274452	-0.0244353151868	-0.0537805813522	0.0151902639982	0.0130057607436	0.00311910437372	-0.0307895550527	0.00916455344937
k__Bacteria;p__Actinobacteria;c__Actinobacteria;o__Bifidobacteriales;f__Bifidobacteriaceae;g__Bifidobacterium;s__Bifidobacterium_longum	0.0418796375021	0.0373422283576	-0.0419923900325	-0.0644226837801	-0.0514845532062	-0.010168947068	0.0107695651281	0.0290104319507	-0.0726167842296	0.0126779817129	-0.0258052323935	-0.0359653072328	-0.0637942694049	-0.0232099474262	0.0354689952526	-0.0985617777487	-0.0134016969482	-0.010884643745	0.0700382266673	-0.0167280810686	-0.0107730479689	0.0330512494214	0.046867697497	-0.00111149957098	0.0740462872639	-0.0316168437725	-0.0687591844757	-0.0119039790445	0.0666872687319	1.0	-0.00686430985277	0.0110229049864	0.00129927903561	0.0259947816453	0.0181937789617	-0.0328691530145	0.0101393794608	0.0418894320395	-0.033945160323	-0.0394446156825	-0.028776809479	-0.0164245912673	0.0150456977221	0.00133308038622	-0.0429600254063	-0.0336057108213	-0.0418191889118	-0.0158335907452	-0.0191059160723	-0.0372569954249	0.0359979565652	0.0309347653905	0.0233847918474	-0.0329094985611	-0.0220865783242	0.00843781164229	-0.000489834757588	0.0460518550348	-0.0118865595821
