#taxonomy	k__Bacteria;p__Bacteroidetes;c__Bacteroidia;o__Bacteroidales;f__Bacteroidaceae;g__Bacteroides;s__Bacteroides_vulgatus	k__Bacteria;p__Bacteroidetes;c__Bacteroidia;o__Bacteroidales;f__Bacteroidaceae;g__Bacteroides;s__Bacteroides_uniformis	k__Bacteria;p__Bacteroidetes;c__Bacteroidia;o__Bacteroidales;f__Rikenellaceae;g__Alistipes;s__Alistipes_putredinis	k__Bacteria;p__Bacteroidetes;c__Bacteroidia;o__Bacteroidales;f__Prevotellaceae;g__Prevotella;s__Prevotella_copri	k__Bacteria;p__Bacteroidetes;c__Bacteroidia;o__Bacteroidales;f__Bacteroidaceae;g__Bacteroides;s__Bacteroides_stercoris	k__Bacteria;p__Bacteroidetes;c__Bacteroidia;o__Bacteroidales;f__Bacteroidaceae;g__Bacteroides;s__Bacteroides_ovatus	k__Bacteria;p__Bacteroidetes;c__Bacteroidia;o__Bacteroidales;f__Rikenellaceae;g__Alistipes;s__Alistipes_shahii	k__Bacteria;p__Firmicutes;c__Clostridia;o__Clostridiales;f__Ruminococcaceae;g__Faecalibacterium;s__Faecalibacterium_prausnitzii	k__Bacteria;p__Bacteroidetes;c__Bacteroidia;o__Bacteroidales;f__Rikenellaceae;g__Alistipes;s__Alistipes_finegoldii	k__Bacteria;p__Bacteroidetes;c__Bacteroidia;o__Bacteroidales;f__Porphyromonadaceae;g__Parabacteroides;s__Parabacteroides_distasonis	k__Bacteria;p__Bacteroidetes;c__Bacteroidia;o__Bacteroidales;f__Bacteroidaceae;g__Bacteroides;s__Bacteroides_thetaiotaomicron	k__Bacteria;p__Bacteroidetes;c__Bacteroidia;o__Bacteroidales;f__Bacteroidaceae;g__Bacteroides;s__Bacteroides_coprocola	k__Bacteria;p__Bacteroidetes;c__Bacteroidia;o__Bacteroidales;f__Bacteroidaceae;g__Bacteroides;s__Bacteroides_cellulosilyticus	k__Bacteria;p__Bacteroidetes;c__Bacteroidia;o__Bacteroidales;f__Rikenellaceae;g__Alistipes;s__Alistipes_obesi	k__Bacteria;p__Firmicutes;c__Clostridia;o__Clostridiales;f__Lachnospiraceae;g__;s__[Eubacterium]_rectale	k__Bacteria;p__Bacteroidetes;c__Bacteroidia;o__Bacteroidales;f__Bacteroidaceae;g__Bacteroides;s__Bacteroides_plebeius	k__Bacteria;p__Bacteroidetes;c__Bacteroidia;o__Bacteroidales;f__Bacteroidaceae;g__Bacteroides;s__Bacteroides_fragilis	k__Bacteria;p__Proteobacteria;c__Betaproteobacteria;o__Burkholderiales;f__Sutterellaceae;g__Sutterella;s__Sutterella_wadsworthensis	k__Bacteria;p__Bacteroidetes;c__Bacteroidia;o__Bacteroidales;f__Porphyromonadaceae;g__Barnesiella;s__Barnesiella_intestinihominis	k__Bacteria;p__Bacteroidetes;c__Bacteroidia;o__Bacteroidales;f__Odoribacteraceae;g__Odoribacter;s__Odoribacter_splanchnicus	k__Bacteria;p__Bacteroidetes;c__Bacteroidia;o__Bacteroidales;f__Bacteroidaceae;g__Bacteroides;s__Bacteroides_salyersiae	k__Bacteria;p__Firmicutes;c__Clostridia;o__Clostridiales;f__Ruminococcaceae;g__Ruminiclostridium;s__[Eubacterium]_siraeum	k__Bacteria;p__Proteobacteria;c__Betaproteobacteria;o__Burkholderiales;f__Sutterellaceae;g__Parasutterella;s__Parasutterella_excrementihominis	k__Bacteria;p__Actinobacteria;c__Actinobacteria;o__Bifidobacteriales;f__Bifidobacteriaceae;g__Bifidobacterium;s__Bifidobacterium_adolescentis	k__Bacteria;p__Firmicutes;c__Clostridia;o__Clostridiales;f__Oscillospiraceae;g__Oscillibacter;s__Oscillibacter_sp._KLE_1745	k__Bacteria;p__Bacteroidetes;c__Bacteroidia;o__Bacteroidales;f__Bacteroidaceae;g__Bacteroides;s__Bacteroides_coprophilus	k__Bacteria;p__Firmicutes;c__Clostridia;o__Clostridiales;f__Lachnospiraceae;g__Roseburia;s__Roseburia_intestinalis	k__Bacteria;p__Firmicutes;c__Clostridia;o__Clostridiales;f__Lachnospiraceae;g__Roseburia;s__Roseburia_hominis	k__Bacteria;p__Bacteroidetes;c__Bacteroidia;o__Bacteroidales;f__Porphyromonadaceae;g__Parabacteroides;s__Parabacteroides_johnsonii	k__Bacteria;p__Actinobacteria;c__Actinobacteria;o__Bifidobacteriales;f__Bifidobacteriaceae;g__Bifidobacterium;s__Bifidobacterium_longum	k__Bacteria;p__Firmicutes;c__Clostridia;o__Clostridiales;f__;g__Flavonifractor;s__Flavonifractor_plautii	k__Bacteria;p__Firmicutes;c__Clostridia;o__Clostridiales;f__Clostridiaceae;g__Clostridium;s__Clostridium_phoceensis	k__Bacteria;p__Verrucomicrobia;c__Verrucomicrobiae;o__Verrucomicrobiales;f__Akkermansiaceae;g__Akkermansia;s__Akkermansia_muciniphila	k__Bacteria;p__Bacteroidetes;c__Bacteroidia;o__Bacteroidales;f__Prevotellaceae;g__Paraprevotella;s__Paraprevotella_xylaniphila	k__Bacteria;p__Firmicutes;c__Clostridia;o__Clostridiales;f__Ruminococcaceae;g__Ruminococcus;s__Ruminococcus_callidus	k__Bacteria;p__Bacteroidetes;c__Bacteroidia;o__Bacteroidales;f__Rikenellaceae;g__Alistipes;s__Alistipes_senegalensis	k__Bacteria;p__Firmicutes;c__Clostridia;o__Clostridiales;f__Lachnospiraceae;g__Blautia;s__Blautia_sp._KLE_1732	k__Bacteria;p__Bacteroidetes;c__Bacteroidia;o__Bacteroidales;f__Bacteroidaceae;g__Bacteroides;s__Bacteroides_oleiciplenus	k__Bacteria;p__Firmicutes;c__Clostridia;o__Clostridiales;f__Ruminococcaceae;g__Ruminococcus;s__Ruminococcus_bicirculans	k__Bacteria;p__Bacteroidetes;c__Bacteroidia;o__Bacteroidales;f__Bacteroidaceae;g__Bacteroides;s__Bacteroides_fluxus	k__Bacteria;p__Bacteroidetes;c__Bacteroidia;o__Bacteroidales;f__Prevotellaceae;g__Prevotella;s__Prevotella_stercorea	k__Bacteria;p__Firmicutes;c__Clostridia;o__Clostridiales;f__Lachnospiraceae;g__Dorea;s__Dorea_longicatena	k__Bacteria;p__Firmicutes;c__Clostridia;o__Clostridiales;f__Eubacteriaceae;g__Eubacterium;s__[Eubacterium]_eligens	k__Bacteria;p__Firmicutes;c__Clostridia;o__Clostridiales;f__Ruminococcaceae;g__;s__Ruminococcaceae_bacterium_D16	k__Bacteria;p__Firmicutes;c__Clostridia;o__Clostridiales;f__Lachnospiraceae;g__Coprococcus;s__Coprococcus_comes	k__Bacteria;p__Proteobacteria;c__Gammaproteobacteria;o__Enterobacterales;f__Enterobacteriaceae;g__Escherichia;s__Escherichia_coli	k__Bacteria;p__Firmicutes;c__Clostridia;o__Clostridiales;f__Ruminococcaceae;g__Anaerotruncus;s__Anaerotruncus_colihominis	k__Bacteria;p__Firmicutes;c__Clostridia;o__Clostridiales;f__Lachnospiraceae;g__Blautia;s__Blautia_obeum	k__Bacteria;p__Bacteroidetes;c__Bacteroidia;o__Bacteroidales;f__Odoribacteraceae;g__Odoribacter;s__Odoribacter_laneus	k__Bacteria;p__Firmicutes;c__Clostridia;o__Clostridiales;f__Ruminococcaceae;g__Ruminiclostridium;s__[Clostridium]_leptum	k__Bacteria;p__Bacteroidetes;c__Bacteroidia;o__Bacteroidales;f__Porphyromonadaceae;g__Parabacteroides;s__Parabacteroides_goldsteinii	k__Bacteria;p__Firmicutes;c__Clostridia;o__Clostridiales;f__Lachnospiraceae;g__Anaerostipes;s__Anaerostipes_hadrus	k__Bacteria;p__Firmicutes;c__Clostridia;o__Clostridiales;f__Ruminococcaceae;g__Ruminococcus;s__Ruminococcus_lactaris	k__Bacteria;p__Firmicutes;c__Clostridia;o__Clostridiales;f__Clostridiaceae;g__Clostridium;s__Clostridium_sp._L2-50	k__Bacteria;p__Firmicutes;c__Clostridia;o__Clostridiales;f__Clostridiaceae;g__Clostridium;s__Clostridium_sp._M62/1	k__Bacteria;p__Firmicutes;c__Clostridia;o__Clostridiales;f__;g__Intestinimonas;s__Intestinimonas_butyriciproducens	k__Bacteria;p__Actinobacteria;c__Actinobacteria;o__Bifidobacteriales;f__Bifidobacteriaceae;g__Bifidobacterium;s__Bifidobacterium_bifidum	k__Bacteria;p__Firmicutes;c__Negativicutes;o__Veillonellales;f__Veillonellaceae;g__Dialister;s__Dialister_invisus	k__Bacteria;p__Bacteroidetes;c__Bacteroidia;o__Bacteroidales;f__Bacteroidaceae;g__Bacteroides;s__Bacteroides_salanitronis
k__Bacteria;p__Bacteroidetes;c__Bacteroidia;o__Bacteroidales;f__Bacteroidaceae;g__Bacteroides;s__Bacteroides_vulgatus	1.0	-0.000623896419484	0.0021946953784	-0.0171476361723	-0.00753955328158	-0.0980622111636	-0.0483705282988	-0.0385295623011	0.0124970056074	0.00357621970926	0.0806878434931	-0.00273003119639	0.0134574382712	0.0161411372273	-0.00232550149318	-0.00165219862951	-0.0221931498116	-0.037993237326	-0.0182653845439	0.0349808700213	-0.0331402891169	0.0557642171838	0.00410279931066	-0.00651320194325	0.0129813127493	-0.0386314630584	0.0599771466037	0.00158688934802	0.0105420891354	0.0145572179936	0.0142122943497	0.00147468725277	0.000477517977563	-0.00426650701339	0.0318564648992	0.00290420541176	-0.0160056372436	0.035874696162	-0.0292688068765	0.021592286948	-0.0507830779532	-0.0229763225677	-0.0341314839158	0.0135000603678	0.0659995313882	-0.0513995062184	-0.028831247683	0.029896832892	-0.0663494804509	-0.0404398417988	-0.0144570088618	0.00791069093584	0.0319984902681	-0.00245417879388	-0.0507803486063	-0.0388213836842	-0.0318765054701	-0.0536708818591	-0.0439849914246
k__Bacteria;p__Bacteroidetes;c__Bacteroidia;o__Bacteroidales;f__Bacteroidaceae;g__Bacteroides;s__Bacteroides_uniformis	-0.000623896419484	1.0	-0.0539623621537	0.0804432297383	0.0174318347238	-0.0121633307994	-0.055646482255	-0.0536259525409	0.0254451051203	0.0287905211271	-0.05968948387	-0.00726262860811	-0.0241011352451	0.0262175659591	-0.0092234162185	0.0223124649516	0.0196818624449	0.0164029494541	0.00861654361871	-0.0184564158589	-0.0344884080409	-0.016532230505	-0.0260813494209	-0.0137739318857	0.0148035081927	-0.031010347877	-0.0662133643843	0.0226328154999	-0.0355891390114	0.0221127329016	0.00674353623522	0.0207554391628	-0.0102641943428	-0.000214016440784	-0.0389026135783	-0.00396028225964	-0.00480850376934	-0.0170245917186	-0.000772520537329	-0.0423944936636	0.0405714324004	0.0250938653612	-0.0164924760658	-0.0020075510836	-0.0366867391933	-0.000632022604273	0.0128154631401	0.00383287138282	-0.033716542188	-0.0468982421586	-0.0138063719198	-0.000136785628191	-0.065231593094	-0.0060632878384	0.0459563259989	-0.0629840773076	-0.00223812824296	0.0115351923062	-0.00216232571694
k__Bacteria;p__Bacteroidetes;c__Bacteroidia;o__Bacteroidales;f__Rikenellaceae;g__Alistipes;s__Alistipes_putredinis	0.0021946953784	-0.0539623621537	1.0	-0.0781121999471	0.0167728507769	0.00670031052561	-0.0328037916348	0.0130310004647	-0.0577726266918	-0.00409452889829	0.00402315740565	0.0368453236737	0.0454674668614	0.0547494645073	-0.00367729618267	0.0315739039563	-0.0633524146291	-0.00492519273381	-0.0153169041969	-0.0284455973228	0.00436463347454	0.0425338641942	-0.0247720298808	0.0192840491874	-0.00949305035561	-0.0440159289024	-0.052977537402	-0.0125514677844	-0.0080690583003	-0.0283786896578	-0.0387974256743	-0.109240912806	-0.0320268374777	0.0181520138144	0.000973873984889	0.00930482782135	-0.0176591121217	-0.0251650049814	0.0372131843634	-0.0196965188602	0.0140436388006	-0.02454933169	-6.5973780962e-05	-0.0016437971575	-0.0350421105367	0.0301769579012	0.00476851880062	0.0255321227881	-0.00534309467692	0.0268636783148	-0.0117350636966	-0.0165461005135	0.00958750234422	0.054480919575	-0.0277474171925	-0.00304879911247	0.0660245116215	0.0327163809077	0.0134355819075
k__Bacteria;p__Bacteroidetes;c__Bacteroidia;o__Bacteroidales;f__Prevotellaceae;g__Prevotella;s__Prevotella_copri	-0.0171476361723	0.0804432297383	-0.0781121999471	1.0	-0.029956906917	0.00246030795363	0.0317664613452	-0.0427258696677	0.0312968789031	0.0309297946124	-0.0836166930513	-0.00248807842948	-0.0474648285207	-0.0219088096197	-0.0230350087222	0.0130378554992	0.0123555786151	-0.00670582578708	-0.00714427961998	-0.00362956582336	0.0368210672038	0.00367858200717	0.0123488576044	-0.00102864106357	0.0246649462511	-0.0193642614845	-0.00618158533389	-0.0367406746676	-0.0173204993115	0.00417959445051	-0.0307391276995	-0.00199361556307	-0.0100728580185	0.0458834133071	0.0244183579945	-0.00489297843651	-0.0123611208125	-0.00228853268155	0.00355506833988	-0.0294141345821	0.00226817026391	-0.0534106208873	-0.00300864330915	-0.0582819293221	-0.0172813457637	-0.0188079338858	0.0235016061391	-0.0331538990544	0.0165565683749	0.013641144076	0.00618874601929	-0.00549270652768	-0.0161310657221	-0.0193139421953	-0.0173197736387	-0.0383213496266	-0.0300358924522	0.000595651805659	-0.00551765958986
k__Bacteria;p__Bacteroidetes;c__Bacteroidia;o__Bacteroidales;f__Bacteroidaceae;g__Bacteroides;s__Bacteroides_stercoris	-0.00753955328158	0.0174318347238	0.0167728507769	-0.029956906917	1.0	-0.0553956365166	-0.00729644884111	-0.00544292842908	0.00928486402556	-0.0424796032544	-0.0492420852936	0.0189076784649	0.0256270137874	0.0201699704892	0.0581578869583	-0.065449841083	-0.00986315756207	0.0325891527118	-0.0607744466114	0.0480900994835	-0.00847742632716	-0.00636599852468	0.000966739530335	0.00540310814325	-0.0424985820458	-0.0101038929822	-0.0158138970092	0.0277410714417	0.00353923788317	-0.0112035176713	0.0163409409337	0.005349435739	-0.0298002293504	0.0236141252246	-0.0299255950438	-0.0239033607273	-0.0311981866699	-0.0454671336963	0.0245762849229	0.0132991979909	-0.00374259141355	-0.0112820721953	-0.0534011187373	-0.00872407564478	-0.0147841813308	0.010664675982	0.0452772859795	0.00325894444812	-0.0105281341808	-0.0152579092545	-0.000283933974799	0.0465846207345	-0.00209084208143	0.00855862408645	-0.0293809018961	-0.0201783979563	0.0166511477887	-0.0309384315632	-0.0489738666972
k__Bacteria;p__Bacteroidetes;c__Bacteroidia;o__Bacteroidales;f__Bacteroidaceae;g__Bacteroides;s__Bacteroides_ovatus	-0.0980622111636	-0.0121633307994	0.00670031052561	0.00246030795363	-0.0553956365166	1.0	-0.0399714562454	-0.0133473539167	0.0735790219875	-6.92421112566e-06	-0.00352417102112	0.043912894365	0.000871480034538	-0.000659968141741	-0.0138409858273	-0.00130224466296	-0.026673480483	-0.0163281896286	-0.0370021257836	-0.00608660435064	0.00146841178701	-0.0631633414984	-0.00185265486529	0.00339461193897	0.0245591227109	-0.014348362824	-0.0571094304615	-0.0252565829182	0.00419560821236	0.0284683518157	-0.00689946275849	-0.0580353979067	0.0719665171223	-0.00471088740511	-0.0286385620513	-0.0122861606389	0.0765670014233	0.0159557558268	-0.051157329473	0.0119634427485	0.0201981129057	-0.00699358480484	-0.0299037959533	0.019434006964	-0.047256353374	-0.0265081667878	0.0220352782902	-0.0258304185773	-0.00684424072064	-0.0227423671583	-0.0404739360624	0.0109312304653	-0.0439832716226	0.00205895094746	-0.01030454818	-0.0246020729939	-0.0271925250541	-0.0105604010874	-0.032311260409
k__Bacteria;p__Bacteroidetes;c__Bacteroidia;o__Bacteroidales;f__Rikenellaceae;g__Alistipes;s__Alistipes_shahii	-0.0483705282988	-0.055646482255	-0.0328037916348	0.0317664613452	-0.00729644884111	-0.0399714562454	1.0	-0.00244390443293	0.0036229152843	0.127754915764	-0.00157132177591	-0.0768255703771	-0.0324215520614	0.00110365690306	0.00367213209059	-0.0173487399055	-0.00972959474011	0.0399403481384	-0.0336830081926	-0.03505460628	-0.0341041691712	0.0197628423655	-0.0226718731452	0.0198015888797	-0.0372621641806	-0.01442369134	-0.00476421838145	0.0117648323481	0.0135588436005	0.00839809779993	0.0507870004865	-0.0598654771608	0.0147787959146	-0.0179681198739	0.035850397878	-0.0381662478422	-0.0105037151601	-0.0534032156235	-0.0393975698244	0.013060602952	0.0152140211699	-0.046890390359	-0.0255295615631	-0.0633131231938	-0.0310938297274	-0.00781620794041	0.0623977934373	0.0344393144905	-0.0329313900568	-0.0163206245208	-0.0558241811509	0.00605745326858	0.0378495493182	0.00792068819099	0.00293076568805	-0.0276651585117	0.000649663687899	0.0438366999421	0.0177062858612
k__Bacteria;p__Firmicutes;c__Clostridia;o__Clostridiales;f__Ruminococcaceae;g__Faecalibacterium;s__Faecalibacterium_prausnitzii	-0.0385295623011	-0.0536259525409	0.0130310004647	-0.0427258696677	-0.00544292842908	-0.0133473539167	-0.00244390443293	1.0	-0.0294991537103	0.041516285007	0.00737716546246	-0.0651087066673	-0.0533882988128	-0.0760137671211	0.000173093329862	0.0394519609607	-0.0318362446849	0.0179320613942	-0.0612481390508	0.0148948370047	0.0776299864455	0.0191625384602	0.0493502489456	0.0409562675128	-0.0635682195475	0.0304829521363	0.0312903169083	0.0685390300453	0.0658226740407	-0.000653209246933	0.0449984772625	0.015912766902	-0.0349743614002	-0.0118734035696	-0.00247851679903	0.00139977068135	-0.00940456750515	-0.0083713252845	0.0185914810004	-0.01541975736	-0.0241171159237	0.00331829169113	0.0131323613675	-0.0653393342618	0.000243375303785	-0.0138900643727	-0.00741286517438	0.00135116736906	-0.00116176212483	-0.0439712672581	0.0455533326244	0.0378382255543	0.0559636141363	-0.0200201530582	0.0133643593455	0.00699030094589	0.0176428486817	0.00253127015149	-0.0497899969625
k__Bacteria;p__Bacteroidetes;c__Bacteroidia;o__Bacteroidales;f__Rikenellaceae;g__Alistipes;s__Alistipes_finegoldii	0.0124970056074	0.0254451051203	-0.0577726266918	0.0312968789031	0.00928486402556	0.0735790219875	0.0036229152843	-0.0294991537103	1.0	0.0530040413338	-0.00198086066162	-0.0566092101877	-0.0238916921725	-0.00334283728227	0.00937595103622	-0.0128603192216	0.0291367453251	0.00150695422232	-0.000751592739415	-0.0324468035516	0.0287539785529	0.0267555213823	0.0319718641235	0.00966846938534	-0.00117627143951	0.0462479358441	0.0397786240819	-0.00253817682728	0.00440933957052	-0.019174803392	-0.00914224925037	0.0205292168328	-0.0491946075389	-0.0202994368258	-0.0213978202846	-0.00375224016335	0.0158949242901	0.00727892636695	-0.0335083307731	-0.00485727251578	0.00879065843621	-0.00827436163429	0.00725918516828	-0.0552683340096	-0.00612485447521	-0.0769877815603	-0.0443367974389	-0.0360300447775	-0.038125019126	0.0242853043367	-0.0479473712854	-0.000599154795295	-0.00696075330737	0.0265588398015	-0.00724445298523	-0.0201661414328	0.0030989377998	0.0130652223475	-0.014423161002
k__Bacteria;p__Bacteroidetes;c__Bacteroidia;o__Bacteroidales;f__Porphyromonadaceae;g__Parabacteroides;s__Parabacteroides_distasonis	0.00357621970926	0.0287905211271	-0.00409452889829	0.0309297946124	-0.0424796032544	-6.92421112566e-06	0.127754915764	0.041516285007	0.0530040413338	1.0	-0.0155041904257	-0.013894272153	0.0558580248421	0.021133559713	0.0318435533929	0.0298841754131	-0.0159918385223	-0.00646394157982	-0.00842642018501	-0.0398690182841	-0.0126176502327	-0.0244917741024	-0.00143282101414	-0.013116005868	-0.0585619874539	0.0133921431667	0.034697049206	0.0162825915178	-0.0677368761411	0.0629484520498	-0.0574717152656	0.0586867787803	-0.0376249917316	0.0191849777364	0.058367981384	-0.0467051730922	-0.0201945323298	-0.0707651640471	0.010301929209	0.0394967002749	0.00495642116514	-0.0061954864434	0.00644396843397	-0.0530570685939	-0.0188703420325	-0.0232122407481	-0.0152797347829	-0.0134474279283	0.0232657583438	-0.0121486097649	0.0134223285604	-0.0195362733823	-0.0365880592155	-0.0287304835623	-0.0189615685453	-0.0493891835836	-0.0517749381661	-0.00613469577127	0.0253848153289
k__Bacteria;p__Bacteroidetes;c__Bacteroidia;o__Bacteroidales;f__Bacteroidaceae;g__Bacteroides;s__Bacteroides_thetaiotaomicron	0.0806878434931	-0.05968948387	0.00402315740565	-0.0836166930513	-0.0492420852936	-0.00352417102112	-0.00157132177591	0.00737716546246	-0.00198086066162	-0.0155041904257	1.0	0.0386328442779	-0.0253073714098	0.00515999222393	-0.02162443149	0.0170308512585	-0.00327896803422	-0.0271683523051	-0.0065776014399	0.0114499539536	0.0384973439054	-0.0229728783689	-0.00406390043962	0.0179384620682	-0.0340973358894	-0.0727130430661	-0.0273481445193	0.0062174380788	0.0470192510333	-0.0363836792017	-0.0123699882633	0.00218544338152	0.0482047651909	-0.0639091735106	-0.00588473897147	0.0306342585908	-0.0199992151994	0.00475407496705	-0.00141013191436	0.00346820942227	-0.00951006899274	-0.0559147301887	0.0116876553021	0.0121134221763	-0.00350614879185	-0.0613869392432	0.00232042245839	0.0286988520683	0.0396321618194	0.0603848952966	-0.0406893254323	0.0321260298158	0.0577057260112	0.0317631655979	0.0165803551164	-0.0228813020446	0.0615345860294	0.0163094076843	0.0431941524172
k__Bacteria;p__Bacteroidetes;c__Bacteroidia;o__Bacteroidales;f__Bacteroidaceae;g__Bacteroides;s__Bacteroides_coprocola	-0.00273003119639	-0.00726262860811	0.0368453236737	-0.00248807842948	0.0189076784649	0.043912894365	-0.0768255703771	-0.0651087066673	-0.0566092101877	-0.013894272153	0.0386328442779	1.0	0.0334664121086	-0.0191506765097	-0.0555562432355	-0.0431032433846	0.0458723738645	-0.0421577517009	-0.0479847201501	0.00177218406213	-0.0246126061944	-0.0264853200309	-0.0463938547557	-0.021981185656	-0.021617556942	-0.00688429154043	-0.00196947382793	-0.0245275025123	-0.0182387936146	-0.0989525993488	-0.00432741152285	0.028165641327	0.00655574557803	-0.0353962469417	-0.0207737385519	-0.0120099003384	0.0118869193615	0.0446710465295	-0.00831061750101	-0.0121797825765	0.000702063486245	0.042607617383	-0.0704154155134	-0.0189019002697	-0.0306503991658	0.0589218261967	-0.0272154223584	-0.00010689132794	-0.0257166769933	0.00789705440701	-0.00779290796185	-0.0259222200075	0.00964324341904	0.0108811361429	0.000191599277972	-0.0586794049537	0.0459957036631	0.0202481694467	0.010549029034
k__Bacteria;p__Bacteroidetes;c__Bacteroidia;o__Bacteroidales;f__Bacteroidaceae;g__Bacteroides;s__Bacteroides_cellulosilyticus	0.0134574382712	-0.0241011352451	0.0454674668614	-0.0474648285207	0.0256270137874	0.000871480034538	-0.0324215520614	-0.0533882988128	-0.0238916921725	0.0558580248421	-0.0253073714098	0.0334664121086	1.0	0.00928985542547	-0.00388899131511	-0.0386782314993	0.063956688363	0.0537125245427	-0.0684627127364	-0.0323974770017	0.0304815621318	0.00556154787095	0.0068755709695	-0.00611091991616	-0.00861196584421	-0.00843481611523	-0.044098474319	0.0185544792276	-0.0275949246454	-0.0183327815102	-0.0906887589393	-0.0325232500317	-0.0293638481776	0.0227314298005	-0.0345084051893	-0.0408395862646	0.0123050157019	0.0236073351516	-0.000546172995705	-0.0506898228882	0.00482770843844	0.00936322407211	0.0296057962496	0.0293299747	-0.022770124592	-0.0252390168893	0.0384841210505	-0.0300545548599	0.00685558666975	0.039879268514	0.0100991991329	0.0700510696234	0.0476426148073	0.0227456764888	0.0219404226814	0.0181618163433	-0.0214589473054	-0.0181219734302	-0.0143948897358
k__Bacteria;p__Bacteroidetes;c__Bacteroidia;o__Bacteroidales;f__Rikenellaceae;g__Alistipes;s__Alistipes_obesi	0.0161411372273	0.0262175659591	0.0547494645073	-0.0219088096197	0.0201699704892	-0.000659968141741	0.00110365690306	-0.0760137671211	-0.00334283728227	0.021133559713	0.00515999222393	-0.0191506765097	0.00928985542547	1.0	-0.00463165430185	0.0231696900462	-0.0242827255738	0.0498977437307	-0.0129280435624	-0.0224290269803	-0.0218922157704	0.0153911654249	-0.0225198155025	-0.0311832569892	-0.0224368667532	-0.0262241982648	-0.0162857641801	-0.00422507881254	0.0269441935082	0.00342662083557	-0.00817094816191	-0.0353066281085	-0.0326102156196	-0.0412727644709	-0.0420947227049	-0.00200608552071	-0.0413524604014	0.0311669961667	0.0242984617759	-0.0309587665376	0.0268629259511	0.00467609793993	-0.0510920033175	0.0670404464265	-0.0401021679426	0.00790743436272	-0.00561613702662	0.0756392138921	0.0143681807504	-0.0338496438992	0.0515274076802	0.0168623839151	0.00232797835888	-0.0207028196704	-0.0040622893886	0.0623192508958	-0.036703792598	-0.0125965334076	0.0758586441857
k__Bacteria;p__Firmicutes;c__Clostridia;o__Clostridiales;f__Lachnospiraceae;g__;s__[Eubacterium]_rectale	-0.00232550149318	-0.0092234162185	-0.00367729618267	-0.0230350087222	0.0581578869583	-0.0138409858273	0.00367213209059	0.000173093329862	0.00937595103622	0.0318435533929	-0.02162443149	-0.0555562432355	-0.00388899131511	-0.00463165430185	1.0	0.0406479187432	0.00354061013506	0.0415737648919	0.0313619962889	-0.0457996398353	-0.043401027165	-0.036687132438	0.0521227708075	-0.00812910298769	-0.0169705348718	-0.00750148040603	-0.0556129013938	-0.00881308764198	-0.010138236637	-0.00162400547771	0.0274873910286	0.00702514076474	0.00615469076129	0.0461022727441	0.00760581904255	-0.0187129326093	-0.0199916607563	0.0292619569803	-0.00597350569946	0.0121921492967	-0.0424828849519	-0.0147515595634	0.0121475245826	-0.00715631189586	-0.0423730087938	-0.019612531063	0.0170551382939	-0.00292342296714	0.02683754315	0.00164027557962	0.0102750940852	-0.0263925048979	-0.0492802341795	-0.0892621318011	0.0152317738068	0.00310353917963	0.0300469254533	0.0196401337362	-0.0203257087029
k__Bacteria;p__Bacteroidetes;c__Bacteroidia;o__Bacteroidales;f__Bacteroidaceae;g__Bacteroides;s__Bacteroides_plebeius	-0.00165219862951	0.0223124649516	0.0315739039563	0.0130378554992	-0.065449841083	-0.00130224466296	-0.0173487399055	0.0394519609607	-0.0128603192216	0.0298841754131	0.0170308512585	-0.0431032433846	-0.0386782314993	0.0231696900462	0.0406479187432	1.0	-0.0132559689596	-0.0154412042252	-0.0432490370324	0.00689248406701	-0.0603861428986	-0.0480168920484	0.0270960035065	0.00248215161361	-0.00829588856391	-0.0179047908328	0.0220842561822	-0.0215669572007	-0.00142266497206	-0.00791103531303	-0.00803256931358	-0.0626053759051	-0.0308431222774	0.0244577342811	-0.0436883491549	0.0108835155181	-0.0204356188745	-0.0294402816932	0.00618849605168	0.0187833172702	-0.0139483626188	0.017473198321	0.0268368753825	0.0318269696501	0.0170624832478	-0.00948745987764	0.00953021083754	0.0225567768195	-0.0480625083808	-0.00931545146336	-0.0148254063364	-0.0132447039674	0.00683550713636	-0.00621473174321	-0.0211030437979	-0.0392364375666	-0.0478659632721	-0.0961965005008	-0.0025857425365
k__Bacteria;p__Bacteroidetes;c__Bacteroidia;o__Bacteroidales;f__Bacteroidaceae;g__Bacteroides;s__Bacteroides_fragilis	-0.0221931498116	0.0196818624449	-0.0633524146291	0.0123555786151	-0.00986315756207	-0.026673480483	-0.00972959474011	-0.0318362446849	0.0291367453251	-0.0159918385223	-0.00327896803422	0.0458723738645	0.063956688363	-0.0242827255738	0.00354061013506	-0.0132559689596	1.0	0.0172758654268	-0.0409527052231	-0.0331830142311	-0.0141261865098	-0.0184230038849	-0.060911149418	-0.0452975891991	-0.0564217922936	0.0223452677651	0.0170199410539	-0.0171690772047	0.0203298891726	0.0268369550131	-0.0454957422216	0.0396052734536	-0.013004857276	-0.0197766507097	0.0617147383724	-0.0191137570358	0.00900215792178	0.0153660904733	0.0183535663765	-0.0417502427539	-0.00618599148614	0.0103970088657	-0.0200309204215	0.0141345144116	0.0457612640826	0.00825531303065	-0.0281352217809	0.0238386474969	-0.000559767879435	0.000299090964997	-0.0141731668486	0.043854585245	-0.0328548983004	-0.0361107300487	-0.00212983550538	-0.0252505435721	-0.0133225710415	-0.011247180406	0.0130945027235
k__Bacteria;p__Proteobacteria;c__Betaproteobacteria;o__Burkholderiales;f__Sutterellaceae;g__Sutterella;s__Sutterella_wadsworthensis	-0.037993237326	0.0164029494541	-0.00492519273381	-0.00670582578708	0.0325891527118	-0.0163281896286	0.0399403481384	0.0179320613942	0.00150695422232	-0.00646394157982	-0.0271683523051	-0.0421577517009	0.0537125245427	0.0498977437307	0.0415737648919	-0.0154412042252	0.0172758654268	1.0	0.0575006200484	-0.0557081048621	-0.0224203417324	0.00784473620959	0.0683781909952	-0.0376335821452	-0.00450641451415	-0.0191224097834	-0.0445011678354	-0.0280876595838	0.000519814077942	0.01405689234	-0.0406190424676	0.0146772264552	-0.0258224690063	0.0274447421743	-0.0757439706708	-0.0412326773959	0.00279289397779	0.00356190421333	0.00708572531484	-0.0714591358237	0.00609641463687	0.0262192782911	-0.014272308128	-0.014248687961	-0.0555616514351	-0.0592202962086	-0.0439668809304	-0.0339193166504	-0.0312837115142	0.0564228541911	-0.0501178318568	0.0139664731331	0.0428626351418	-0.0191182959701	-0.0428351457087	0.0269408966146	0.00470073569854	-0.0235799329969	0.00737744018917
k__Bacteria;p__Bacteroidetes;c__Bacteroidia;o__Bacteroidales;f__Porphyromonadaceae;g__Barnesiella;s__Barnesiella_intestinihominis	-0.0182653845439	0.00861654361871	-0.0153169041969	-0.00714427961998	-0.0607744466114	-0.0370021257836	-0.0336830081926	-0.0612481390508	-0.000751592739415	-0.00842642018501	-0.0065776014399	-0.0479847201501	-0.0684627127364	-0.0129280435624	0.0313619962889	-0.0432490370324	-0.0409527052231	0.0575006200484	1.0	-0.0381242630252	0.0180348707472	-0.0193882917428	-0.0295938487138	0.0409924636401	0.0296451177651	0.00419804608223	-0.00402518583737	0.0057030042537	-0.0511849416245	-0.00123076965528	0.00624573102135	-0.00360943010746	0.0323857514325	0.00742473046152	0.0458508643052	0.00810925486092	-0.0305097597223	0.0114813687369	0.0113281756494	0.0111531884548	0.0224456626031	0.0411499055926	0.00852524469643	0.0140021453285	-0.0131692314902	-0.0223103195808	0.0418488617724	-0.00810187533732	-0.0322540281131	0.0114619053267	0.0448664751707	-0.0446034849646	-0.0176561858845	-0.0446875541246	-0.0212968529744	-0.0026355870296	0.000126666464605	-0.0346285764599	-0.0165940001655
k__Bacteria;p__Bacteroidetes;c__Bacteroidia;o__Bacteroidales;f__Odoribacteraceae;g__Odoribacter;s__Odoribacter_splanchnicus	0.0349808700213	-0.0184564158589	-0.0284455973228	-0.00362956582336	0.0480900994835	-0.00608660435064	-0.03505460628	0.0148948370047	-0.0324468035516	-0.0398690182841	0.0114499539536	0.00177218406213	-0.0323974770017	-0.0224290269803	-0.0457996398353	0.00689248406701	-0.0331830142311	-0.0557081048621	-0.0381242630252	1.0	0.00789190274792	0.0535898949782	0.0290853758403	-0.0278471062719	0.00753137447129	-0.0425639121108	0.0536655231976	0.0298440065502	-0.0297668796676	-0.0178636675035	0.0175594997368	-0.017877847331	0.0502482644322	-0.00364954729784	-0.05527374663	-0.0298582547389	-0.00488583459777	0.015375611123	-0.0478832382448	0.0312534273264	-0.000694050363199	0.0149628869771	-0.0122450455036	-0.0311606229404	0.0368550844773	0.0445193360723	0.0197083356567	-0.0130172351064	0.00748326051608	-0.0408863252783	-0.0492813324529	0.0364113288696	0.00907040630583	-0.0149031117355	-0.0174786372043	-0.0306543025196	-0.0158571033659	-0.0125299712909	-0.053507569506
k__Bacteria;p__Bacteroidetes;c__Bacteroidia;o__Bacteroidales;f__Bacteroidaceae;g__Bacteroides;s__Bacteroides_salyersiae	-0.0331402891169	-0.0344884080409	0.00436463347454	0.0368210672038	-0.00847742632716	0.00146841178701	-0.0341041691712	0.0776299864455	0.0287539785529	-0.0126176502327	0.0384973439054	-0.0246126061944	0.0304815621318	-0.0218922157704	-0.043401027165	-0.0603861428986	-0.0141261865098	-0.0224203417324	0.0180348707472	0.00789190274792	1.0	0.0294049575799	0.0309830078468	-0.026967360292	-0.0251232145989	0.0202999517727	-0.0269401233384	0.0106627331914	-0.00971556417842	0.00422527517036	0.0049684794615	0.00670836169128	0.0171061214308	-0.0852865262913	-0.0394121830777	-0.0228970728729	0.00926513164009	-0.0454863322694	0.0207565320199	0.0541145724337	-0.0197178190218	-0.0547171979426	-0.0411125305092	0.0329377995826	-0.0656694565249	-0.0253028163437	-0.0634914404923	0.0457630009815	-0.0168979674961	0.0620163319496	0.0341718230774	-0.0353126916177	0.00092030597174	0.0282645478545	0.0176246883863	0.0169309256257	-0.0178349966821	0.0254338405147	-0.00706296414888
k__Bacteria;p__Firmicutes;c__Clostridia;o__Clostridiales;f__Ruminococcaceae;g__Ruminiclostridium;s__[Eubacterium]_siraeum	0.0557642171838	-0.016532230505	0.0425338641942	0.00367858200717	-0.00636599852468	-0.0631633414984	0.0197628423655	0.0191625384602	0.0267555213823	-0.0244917741024	-0.0229728783689	-0.0264853200309	0.00556154787095	0.0153911654249	-0.036687132438	-0.0480168920484	-0.0184230038849	0.00784473620959	-0.0193882917428	0.0535898949782	0.0294049575799	1.0	-0.0706848985267	0.0420305172984	-0.00861362452682	-0.0239685366957	0.0138497521784	0.0322034973908	-0.00769583867031	-0.0244448065359	0.0136368644418	-0.00177300909976	0.021107078377	-0.0175277221089	-0.0321891510844	-0.0215473195054	0.0312867596961	-0.0280703542577	0.0203673823073	-0.0141659891492	-0.0458193151313	-0.0426650595947	-0.00704033093072	0.0653287941306	-0.00248305785287	0.00384550782403	0.0145293487414	-0.000312084316079	-0.0144000441687	0.00854450492362	-0.007859551968	-0.0194587075971	0.0388537712424	-0.0371488831763	-0.0322870006547	-0.0252653522199	-0.0405097651782	0.00375199696813	-0.06044394501
k__Bacteria;p__Proteobacteria;c__Betaproteobacteria;o__Burkholderiales;f__Sutterellaceae;g__Parasutterella;s__Parasutterella_excrementihominis	0.00410279931066	-0.0260813494209	-0.0247720298808	0.0123488576044	0.000966739530335	-0.00185265486529	-0.0226718731452	0.0493502489456	0.0319718641235	-0.00143282101414	-0.00406390043962	-0.0463938547557	0.0068755709695	-0.0225198155025	0.0521227708075	0.0270960035065	-0.060911149418	0.0683781909952	-0.0295938487138	0.0290853758403	0.0309830078468	-0.0706848985267	1.0	-0.0101893967343	-0.0472228952671	-0.0193078577325	0.0498251099344	-0.0163607849375	-0.03150153542	0.0707483340407	-0.0673696832842	-0.0648751020143	-0.0530666038796	-0.0555454619132	-0.023899509678	-0.0564925808499	-0.0315606859291	-0.0126521656538	0.0128801121982	-0.046967449319	0.0141807893201	0.0260089640554	-0.0230460860315	-0.0283226469991	-0.0194511601699	-0.00847611012524	0.0593432704789	-0.00296357053339	-0.0187217808188	-0.0241077228699	-0.0400906819494	-3.67218706326e-05	0.0101643689661	-0.00617040694447	0.00253631489661	-0.00656823219994	0.0277191074903	-0.0823216833047	-0.00644481867156
k__Bacteria;p__Actinobacteria;c__Actinobacteria;o__Bifidobacteriales;f__Bifidobacteriaceae;g__Bifidobacterium;s__Bifidobacterium_adolescentis	-0.00651320194325	-0.0137739318857	0.0192840491874	-0.00102864106357	0.00540310814325	0.00339461193897	0.0198015888797	0.0409562675128	0.00966846938534	-0.013116005868	0.0179384620682	-0.021981185656	-0.00611091991616	-0.0311832569892	-0.00812910298769	0.00248215161361	-0.0452975891991	-0.0376335821452	0.0409924636401	-0.0278471062719	-0.026967360292	0.0420305172984	-0.0101893967343	1.0	-0.00265599085745	0.0175434407315	-0.0490584038435	-0.0125030866761	0.00695652160844	0.0081278778862	-0.0468491571098	-0.0483524426122	0.0506311705397	0.0183894677852	-0.0461119813525	0.0240456447331	-0.0105533840697	-0.0359617092473	-0.0422842658923	-0.0512496624282	0.0248622811633	0.0225563154314	-0.0467559171516	0.0237191260453	-0.0285595505699	-0.0395530922688	-0.0445316032439	0.0107877840839	0.0232264127876	0.0621495260006	0.0229977881665	-0.0297214817959	-0.013985929422	-0.0394335425525	0.050272999605	-0.0666401286709	-0.015353377335	0.0058927352388	-0.0486104524431
k__Bacteria;p__Firmicutes;c__Clostridia;o__Clostridiales;f__Oscillospiraceae;g__Oscillibacter;s__Oscillibacter_sp._KLE_1745	0.0129813127493	0.0148035081927	-0.00949305035561	0.0246649462511	-0.0424985820458	0.0245591227109	-0.0372621641806	-0.0635682195475	-0.00117627143951	-0.0585619874539	-0.0340973358894	-0.021617556942	-0.00861196584421	-0.0224368667532	-0.0169705348718	-0.00829588856391	-0.0564217922936	-0.00450641451415	0.0296451177651	0.00753137447129	-0.0251232145989	-0.00861362452682	-0.0472228952671	-0.00265599085745	1.0	-0.0158204506902	-0.0354138524246	0.00579578143373	-0.0862880903433	-0.0129583748028	-0.00365060350675	0.0137799598534	-0.018798641905	0.0892748563351	0.0380921269855	-0.0477734939921	-0.0371495286184	-0.0276098474732	-0.0237092906006	-0.00562878076081	0.0347173933508	0.0302492360423	0.00845949257448	-0.00174480031935	-0.0101399284886	-0.0546026478342	-0.0161195634279	-0.0502844799628	-0.0184900325206	0.0389132456832	0.0650923052588	-0.0389626107439	-0.0228730503355	-0.0282108822471	-0.054099492701	-0.016637452638	-0.00868753056629	0.0582391905956	-0.0347973966296
k__Bacteria;p__Bacteroidetes;c__Bacteroidia;o__Bacteroidales;f__Bacteroidaceae;g__Bacteroides;s__Bacteroides_coprophilus	-0.0386314630584	-0.031010347877	-0.0440159289024	-0.0193642614845	-0.0101038929822	-0.014348362824	-0.01442369134	0.0304829521363	0.0462479358441	0.0133921431667	-0.0727130430661	-0.00688429154043	-0.00843481611523	-0.0262241982648	-0.00750148040603	-0.0179047908328	0.0223452677651	-0.0191224097834	0.00419804608223	-0.0425639121108	0.0202999517727	-0.0239685366957	-0.0193078577325	0.0175434407315	-0.0158204506902	1.0	-0.00300161009795	0.0138129166961	0.0103976932024	-0.0310804668233	0.0272677386219	-0.00884959799098	0.0124304271492	-0.031061838367	-0.00623066766527	-0.0112919866247	0.0559784597825	0.0316936300998	0.00275084973036	-0.0328491250102	-0.0526325411994	-0.0245418184672	0.0409018823125	-0.0188782901128	0.0495747300008	0.0185119275414	-0.0676242021616	-0.0117776596408	-0.0126185742177	-0.0394046100355	0.0313678286374	0.0191202681528	-0.0516983730524	-0.0120166168476	0.0243855687394	-0.00775440112354	-0.00702156395272	0.0233676308629	-0.0140181957184
k__Bacteria;p__Firmicutes;c__Clostridia;o__Clostridiales;f__Lachnospiraceae;g__Roseburia;s__Roseburia_intestinalis	0.0599771466037	-0.0662133643843	-0.052977537402	-0.00618158533389	-0.0158138970092	-0.0571094304615	-0.00476421838145	0.0312903169083	0.0397786240819	0.034697049206	-0.0273481445193	-0.00196947382793	-0.044098474319	-0.0162857641801	-0.0556129013938	0.0220842561822	0.0170199410539	-0.0445011678354	-0.00402518583737	0.0536655231976	-0.0269401233384	0.0138497521784	0.0498251099344	-0.0490584038435	-0.0354138524246	-0.00300161009795	1.0	-0.019907718582	-0.0439002534878	-0.0681594901038	-0.0211235243848	-0.0285832656066	0.00912613732405	-0.0296254169772	-0.00120711994213	0.000536421242141	-0.00768012068775	0.00335219223988	-0.0376230589416	-0.000961507896184	0.0256837285725	0.0360350715996	-0.0144014258164	-0.0701191962505	0.0347151810012	0.0163139196491	0.0316746096252	0.014319093942	-0.00430450903097	0.0235823254033	-0.0305682808302	0.00515086354855	-0.0491978283742	0.00747073783229	-0.00738417306287	0.0289751903384	-0.0471068293582	0.000364671096552	0.0193105311248
k__Bacteria;p__Firmicutes;c__Clostridia;o__Clostridiales;f__Lachnospiraceae;g__Roseburia;s__Roseburia_hominis	0.00158688934802	0.0226328154999	-0.0125514677844	-0.0367406746676	0.0277410714417	-0.0252565829182	0.0117648323481	0.0685390300453	-0.00253817682728	0.0162825915178	0.0062174380788	-0.0245275025123	0.0185544792276	-0.00422507881254	-0.00881308764198	-0.0215669572007	-0.0171690772047	-0.0280876595838	0.0057030042537	0.0298440065502	0.0106627331914	0.0322034973908	-0.0163607849375	-0.0125030866761	0.00579578143373	0.0138129166961	-0.019907718582	1.0	0.0180730960287	0.0331259260766	0.00541944665858	-0.000840580522096	-0.00797368163058	-0.0151395416981	0.0300187140069	-0.0197979997782	0.0267810491283	0.0332165734479	0.0207832580374	0.0088491311327	-0.019697824806	0.0345792503883	0.00356919599745	-0.0471616217772	-0.0477260214549	-0.0187471090226	-0.00638898357237	0.0445469950863	0.0126914581349	-0.0580445796257	-0.0232564921662	-0.0118452404231	-0.022861787785	0.000547866738297	-0.0508101312315	-0.0163073467119	0.00212241124768	-0.00575664390763	-0.0302843314921
k__Bacteria;p__Bacteroidetes;c__Bacteroidia;o__Bacteroidales;f__Porphyromonadaceae;g__Parabacteroides;s__Parabacteroides_johnsonii	0.0105420891354	-0.0355891390114	-0.0080690583003	-0.0173204993115	0.00353923788317	0.00419560821236	0.0135588436005	0.0658226740407	0.00440933957052	-0.0677368761411	0.0470192510333	-0.0182387936146	-0.0275949246454	0.0269441935082	-0.010138236637	-0.00142266497206	0.0203298891726	0.000519814077942	-0.0511849416245	-0.0297668796676	-0.00971556417842	-0.00769583867031	-0.03150153542	0.00695652160844	-0.0862880903433	0.0103976932024	-0.0439002534878	0.0180730960287	1.0	0.00763448229777	-0.00892178708622	0.00978268956609	-0.0070540689437	-0.0313912133077	0.0741336559807	0.0401436181866	0.0181927552083	-0.033979403721	0.0326493635392	0.0356766710331	-0.0052853113307	-0.0161197743356	-0.052269851248	0.06480095863	-0.0342300391053	-0.0221890374941	-0.00529946875321	0.00250901870972	0.0105665693549	-0.010456872436	-0.0894542486615	0.0081093643861	0.0250745329938	-0.0174382407601	-0.0602674945499	0.0108015005278	-0.0139174226684	0.0063939806443	-0.0111612552024
