#taxonomy	k__Bacteria;p__Bacteroidetes;c__Bacteroidia;o__Bacteroidales;f__Bacteroidaceae;g__Bacteroides;s__Bacteroides_vulgatus	k__Bacteria;p__Bacteroidetes;c__Bacteroidia;o__Bacteroidales;f__Bacteroidaceae;g__Bacteroides;s__Bacteroides_uniformis	k__Bacteria;p__Bacteroidetes;c__Bacteroidia;o__Bacteroidales;f__Rikenellaceae;g__Alistipes;s__Alistipes_putredinis	k__Bacteria;p__Bacteroidetes;c__Bacteroidia;o__Bacteroidales;f__Prevotellaceae;g__Prevotella;s__Prevotella_copri	k__Bacteria;p__Bacteroidetes;c__Bacteroidia;o__Bacteroidales;f__Bacteroidaceae;g__Bacteroides;s__Bacteroides_stercoris	k__Bacteria;p__Bacteroidetes;c__Bacteroidia;o__Bacteroidales;f__Bacteroidaceae;g__Bacteroides;s__Bacteroides_ovatus	k__Bacteria;p__Bacteroidetes;c__Bacteroidia;o__Bacteroidales;f__Rikenellaceae;g__Alistipes;s__Alistipes_shahii	k__Bacteria;p__Firmicutes;c__Clostridia;o__Clostridiales;f__Ruminococcaceae;g__Faecalibacterium;s__Faecalibacterium_prausnitzii	k__Bacteria;p__Bacteroidetes;c__Bacteroidia;o__Bacteroidales;f__Rikenellaceae;g__Alistipes;s__Alistipes_finegoldii	k__Bacteria;p__Bacteroidetes;c__Bacteroidia;o__Bacteroidales;f__Porphyromonadaceae;g__Parabacteroides;s__Parabacteroides_distasonis	k__Bacteria;p__Bacteroidetes;c__Bacteroidia;o__Bacteroidales;f__Bacteroidaceae;g__Bacteroides;s__Bacteroides_thetaiotaomicron	k__Bacteria;p__Bacteroidetes;c__Bacteroidia;o__Bacteroidales;f__Bacteroidaceae;g__Bacteroides;s__Bacteroides_coprocola	k__Bacteria;p__Bacteroidetes;c__Bacteroidia;o__Bacteroidales;f__Bacteroidaceae;g__Bacteroides;s__Bacteroides_cellulosilyticus	k__Bacteria;p__Bacteroidetes;c__Bacteroidia;o__Bacteroidales;f__Rikenellaceae;g__Alistipes;s__Alistipes_obesi	k__Bacteria;p__Firmicutes;c__Clostridia;o__Clostridiales;f__Lachnospiraceae;g__;s__[Eubacterium]_rectale	k__Bacteria;p__Bacteroidetes;c__Bacteroidia;o__Bacteroidales;f__Bacteroidaceae;g__Bacteroides;s__Bacteroides_plebeius	k__Bacteria;p__Bacteroidetes;c__Bacteroidia;o__Bacteroidales;f__Bacteroidaceae;g__Bacteroides;s__Bacteroides_fragilis	k__Bacteria;p__Proteobacteria;c__Betaproteobacteria;o__Burkholderiales;f__Sutterellaceae;g__Sutterella;s__Sutterella_wadsworthensis	k__Bacteria;p__Bacteroidetes;c__Bacteroidia;o__Bacteroidales;f__Porphyromonadaceae;g__Barnesiella;s__Barnesiella_intestinihominis	k__Bacteria;p__Bacteroidetes;c__Bacteroidia;o__Bacteroidales;f__Odoribacteraceae;g__Odoribacter;s__Odoribacter_splanchnicus	k__Bacteria;p__Bacteroidetes;c__Bacteroidia;o__Bacteroidales;f__Bacteroidaceae;g__Bacteroides;s__Bacteroides_salyersiae	k__Bacteria;p__Firmicutes;c__Clostridia;o__Clostridiales;f__Ruminococcaceae;g__Ruminiclostridium;s__[Eubacterium]_siraeum	k__Bacteria;p__Proteobacteria;c__Betaproteobacteria;o__Burkholderiales;f__Sutterellaceae;g__Parasutterella;s__Parasutterella_excrementihominis	k__Bacteria;p__Actinobacteria;c__Actinobacteria;o__Bifidobacteriales;f__Bifidobacteriaceae;g__Bifidobacterium;s__Bifidobacterium_adolescentis	k__Bacteria;p__Firmicutes;c__Clostridia;o__Clostridiales;f__Oscillospiraceae;g__Oscillibacter;s__Oscillibacter_sp._KLE_1745	k__Bacteria;p__Bacteroidetes;c__Bacteroidia;o__Bacteroidales;f__Bacteroidaceae;g__Bacteroides;s__Bacteroides_coprophilus	k__Bacteria;p__Firmicutes;c__Clostridia;o__Clostridiales;f__Lachnospiraceae;g__Roseburia;s__Roseburia_intestinalis	k__Bacteria;p__Firmicutes;c__Clostridia;o__Clostridiales;f__Lachnospiraceae;g__Roseburia;s__Roseburia_hominis	k__Bacteria;p__Bacteroidetes;c__Bacteroidia;o__Bacteroidales;f__Porphyromonadaceae;g__Parabacteroides;s__Parabacteroides_johnsonii	k__Bacteria;p__Actinobacteria;c__Actinobacteria;o__Bifidobacteriales;f__Bifidobacteriaceae;g__Bifidobacterium;s__Bifidobacterium_longum	k__Bacteria;p__Firmicutes;c__Clostridia;o__Clostridiales;f__;g__Flavonifractor;s__Flavonifractor_plautii	k__Bacteria;p__Firmicutes;c__Clostridia;o__Clostridiales;f__Clostridiaceae;g__Clostridium;s__Clostridium_phoceensis	k__Bacteria;p__Verrucomicrobia;c__Verrucomicrobiae;o__Verrucomicrobiales;f__Akkermansiaceae;g__Akkermansia;s__Akkermansia_muciniphila	k__Bacteria;p__Bacteroidetes;c__Bacteroidia;o__Bacteroidales;f__Prevotellaceae;g__Paraprevotella;s__Paraprevotella_xylaniphila	k__Bacteria;p__Firmicutes;c__Clostridia;o__Clostridiales;f__Ruminococcaceae;g__Ruminococcus;s__Ruminococcus_callidus	k__Bacteria;p__Bacteroidetes;c__Bacteroidia;o__Bacteroidales;f__Rikenellaceae;g__Alistipes;s__Alistipes_senegalensis	k__Bacteria;p__Firmicutes;c__Clostridia;o__Clostridiales;f__Lachnospiraceae;g__Blautia;s__Blautia_sp._KLE_1732	k__Bacteria;p__Bacteroidetes;c__Bacteroidia;o__Bacteroidales;f__Bacteroidaceae;g__Bacteroides;s__Bacteroides_oleiciplenus	k__Bacteria;p__Firmicutes;c__Clostridia;o__Clostridiales;f__Ruminococcaceae;g__Ruminococcus;s__Ruminococcus_bicirculans	k__Bacteria;p__Bacteroidetes;c__Bacteroidia;o__Bacteroidales;f__Bacteroidaceae;g__Bacteroides;s__Bacteroides_fluxus	k__Bacteria;p__Bacteroidetes;c__Bacteroidia;o__Bacteroidales;f__Prevotellaceae;g__Prevotella;s__Prevotella_stercorea	k__Bacteria;p__Firmicutes;c__Clostridia;o__Clostridiales;f__Lachnospiraceae;g__Dorea;s__Dorea_longicatena	k__Bacteria;p__Firmicutes;c__Clostridia;o__Clostridiales;f__Eubacteriaceae;g__Eubacterium;s__[Eubacterium]_eligens	k__Bacteria;p__Firmicutes;c__Clostridia;o__Clostridiales;f__Ruminococcaceae;g__;s__Ruminococcaceae_bacterium_D16	k__Bacteria;p__Firmicutes;c__Clostridia;o__Clostridiales;f__Lachnospiraceae;g__Coprococcus;s__Coprococcus_comes	k__Bacteria;p__Proteobacteria;c__Gammaproteobacteria;o__Enterobacterales;f__Enterobacteriaceae;g__Escherichia;s__Escherichia_coli	k__Bacteria;p__Firmicutes;c__Clostridia;o__Clostridiales;f__Ruminococcaceae;g__Anaerotruncus;s__Anaerotruncus_colihominis	k__Bacteria;p__Firmicutes;c__Clostridia;o__Clostridiales;f__Lachnospiraceae;g__Blautia;s__Blautia_obeum	k__Bacteria;p__Bacteroidetes;c__Bacteroidia;o__Bacteroidales;f__Odoribacteraceae;g__Odoribacter;s__Odoribacter_laneus	k__Bacteria;p__Firmicutes;c__Clostridia;o__Clostridiales;f__Ruminococcaceae;g__Ruminiclostridium;s__[Clostridium]_leptum	k__Bacteria;p__Bacteroidetes;c__Bacteroidia;o__Bacteroidales;f__Porphyromonadaceae;g__Parabacteroides;s__Parabacteroides_goldsteinii	k__Bacteria;p__Firmicutes;c__Clostridia;o__Clostridiales;f__Lachnospiraceae;g__Anaerostipes;s__Anaerostipes_hadrus	k__Bacteria;p__Firmicutes;c__Clostridia;o__Clostridiales;f__Ruminococcaceae;g__Ruminococcus;s__Ruminococcus_lactaris	k__Bacteria;p__Firmicutes;c__Clostridia;o__Clostridiales;f__Clostridiaceae;g__Clostridium;s__Clostridium_sp._L2-50	k__Bacteria;p__Firmicutes;c__Clostridia;o__Clostridiales;f__Clostridiaceae;g__Clostridium;s__Clostridium_sp._M62/1	k__Bacteria;p__Firmicutes;c__Clostridia;o__Clostridiales;f__;g__Intestinimonas;s__Intestinimonas_butyriciproducens	k__Bacteria;p__Actinobacteria;c__Actinobacteria;o__Bifidobacteriales;f__Bifidobacteriaceae;g__Bifidobacterium;s__Bifidobacterium_bifidum	k__Bacteria;p__Firmicutes;c__Negativicutes;o__Veillonellales;f__Veillonellaceae;g__Dialister;s__Dialister_invisus	k__Bacteria;p__Bacteroidetes;c__Bacteroidia;o__Bacteroidales;f__Bacteroidaceae;g__Bacteroides;s__Bacteroides_salanitronis
k__Bacteria;p__Bacteroidetes;c__Bacteroidia;o__Bacteroidales;f__Bacteroidaceae;g__Bacteroides;s__Bacteroides_vulgatus	1.0	0.0495277592712	-0.0242286205967	-0.0147355280937	0.0187000869539	0.0135883158869	-0.041097766462	-0.00695621574351	0.00826267185519	-0.000323860628826	-0.0364071795023	0.00281128366688	-0.0133304395288	-0.00214549765507	-0.0191146826995	9.89036635379e-05	0.00616859202369	0.0440672466074	-0.00779921360215	-0.00488335766616	-0.047623197972	-0.0620878549277	-0.0218480091462	-0.0264154628169	-0.0373462469864	-0.0550691041633	0.0612169980709	-0.0214813786951	0.00266564187162	0.00624992258883	0.022468044711	0.00366832136615	0.013748984368	-0.0398850292651	0.00184916800496	0.0144118758879	0.0138938071946	0.00192556512979	-0.0123058323019	0.00943757314121	0.0634853860798	-0.0427159306943	-0.00774825999509	-0.00952405424652	-0.0177411397687	-0.00734426542275	0.0135855465237	0.00146766283894	-0.0423256425884	0.0246387684109	0.0109451263286	-0.000451005104528	-0.057483462222	0.0440203593602	-0.0220256180776	-0.00444922254841	0.0466884100801	-0.073640474553	-0.00889149756023
k__Bacteria;p__Bacteroidetes;c__Bacteroidia;o__Bacteroidales;f__Bacteroidaceae;g__Bacteroides;s__Bacteroides_uniformis	0.0495277592712	1.0	0.0202607978315	0.00472050117071	-0.0251368804752	-0.0017176592298	-0.0684426890257	-0.0201192097092	0.0199862853206	0.025631913374	-0.0155190963575	-0.0384239881545	-0.0299414893759	-0.0399565023441	0.0117373211957	-0.0667520418465	-0.0378784809293	-0.0744435290157	-0.0101749663621	0.0691305195703	0.011817036564	0.0235567042523	-0.0260381391746	0.0655336292224	0.00148922789559	-0.0702974212158	0.000485681808154	0.0565479058515	-0.0357770690871	0.00992660984301	-0.00993992323977	-0.0437067578719	-0.00355675899136	0.0396511573527	0.0497643115314	0.0167505978538	0.0273007289356	-0.0605391522732	0.00176368769819	0.0289563544556	-0.0332157329972	-0.0604410892251	-0.00193833855099	0.0282449026793	-0.0203979337268	-0.0260528453313	-0.0565913863965	-0.0365889622977	-0.0447414169479	0.00884306611579	0.0530753402032	-0.0431788036217	-0.0188094255113	-0.00383902622329	0.028837421602	-0.021869280455	0.00998784870303	0.0429570377195	0.0511609477779
k__Bacteria;p__Bacteroidetes;c__Bacteroidia;o__Bacteroidales;f__Rikenellaceae;g__Alistipes;s__Alistipes_putredinis	-0.0242286205967	0.0202607978315	1.0	-0.0416409376167	0.0134225412543	-0.00755338387109	0.0127686026322	0.050616167968	-0.0445025035756	-0.0261631431128	-0.0329761302723	0.0247905783659	-0.0871179622363	-0.00540697338763	0.0100495612189	-0.0306043174631	-0.0115233687189	0.008345767546	0.0168386023801	-0.00402283010709	-0.0459803305354	0.00824795619279	0.026180374657	-0.046893465816	-0.0199983984675	-0.0500535783829	-0.0231897377445	-0.00709021326715	-0.00113666030044	-0.0096765719938	-0.00686898791051	0.032161877869	0.00412172572615	-0.0156108083131	-0.0183887208846	-0.0434817689362	-0.0176220167284	-0.00125678363963	-0.0567952045806	0.00580781729444	-0.0111026983201	-0.0182048395521	-0.0147658882344	-0.044366801355	-0.038914549518	-0.0135210223278	0.0138514684632	-0.0161611655954	0.0252559163728	-0.0274808170947	-0.0176227641759	-0.0100335967664	-0.0234767802474	0.00262394046004	-0.0276555225189	0.0434817342159	0.0125122768888	-0.0333553270803	0.0188501654604
k__Bacteria;p__Bacteroidetes;c__Bacteroidia;o__Bacteroidales;f__Prevotellaceae;g__Prevotella;s__Prevotella_copri	-0.0147355280937	0.00472050117071	-0.0416409376167	1.0	0.000415230132005	0.0375994313262	-0.0469897881254	-0.031115610494	0.0022447376032	-0.0466565346926	-0.0173897866135	0.00239111519883	-0.0169644126008	-0.0480669888988	-0.0121309827483	0.00189530173732	-5.30131336583e-05	-0.0176355000468	-0.0520281795298	-0.00320943460235	-0.055754204711	0.0420087774383	0.0589000978023	-0.000510542064335	0.00685749472789	-0.0406827356386	-0.00309350281425	0.038411071043	0.0117425519531	0.00595577633234	0.00319262361798	-0.0297124873205	-0.0263762674218	-0.037938572137	-0.0284138550254	0.0279989667015	-0.0200540039677	0.0274014491252	0.0133623040846	-0.0284160257936	0.0489060077382	0.0701440816629	-0.0334563111762	-0.0789971719682	-0.016474383702	0.0177983588393	0.00961672377347	0.00531093404151	-0.0138378097712	0.027339167985	-0.000525555482997	0.0139095681168	-0.0349055384289	0.0126729340114	-0.034815588322	-0.0117165416069	-0.00582716430223	0.0728541146873	-0.0197876782675
k__Bacteria;p__Bacteroidetes;c__Bacteroidia;o__Bacteroidales;f__Bacteroidaceae;g__Bacteroides;s__Bacteroides_stercoris	0.0187000869539	-0.0251368804752	0.0134225412543	0.000415230132005	1.0	-0.0264453365299	-0.0801927950321	-0.0172346370368	-0.0118914788763	0.0466765160899	-0.0219705635767	-0.0219668876123	-0.0318153335482	0.0504822945922	0.0725830898949	-0.0282459399146	-0.0104475018452	-0.0232160497731	-0.0541794971278	-0.032719230988	-0.0467314419332	0.0344175437221	-0.00845568278356	0.00820192737695	0.0358677587278	-0.0324058078168	-0.0341649777116	0.0194385225258	0.00764597293474	-0.0918775884916	0.0263978581665	-0.0315544420257	-0.0347976738741	-0.00476109253722	-0.00795191704992	0.0468264993079	0.0181036525338	-0.00556242295364	-0.023378058165	-0.00612661032566	0.00240260928067	-0.0251142943556	0.000597766794222	-0.0099907268969	0.0111950035912	0.0773141838819	0.0230214763726	-0.0052707936372	-0.0511609558025	-0.0500798555871	-0.0470882478584	-0.0164588918133	0.0298347801314	-0.0682614261873	-0.05221921809	-0.00594785120039	-0.0388366813018	-0.0523895085983	0.0471898062982
k__Bacteria;p__Bacteroidetes;c__Bacteroidia;o__Bacteroidales;f__Bacteroidaceae;g__Bacteroides;s__Bacteroides_ovatus	0.0135883158869	-0.0017176592298	-0.00755338387109	0.0375994313262	-0.0264453365299	1.0	0.00641449844184	-0.0689923982917	-0.0416602577459	0.0314945387423	0.0198233042088	0.022215501859	0.0175773572612	-0.0292081364626	-0.0627528969218	-0.0250702503626	-0.0707562946814	-0.00187891123878	0.000848937224002	-0.0327651844835	-0.0256153634382	-0.0110839102284	-0.037687297921	0.00296075822668	0.0215447050832	0.0308502843666	0.0331865559989	0.0130946954489	-0.0235349862008	-0.00566896062685	0.0233385739229	-0.0123742508856	-0.00407572559166	-0.0721288355555	-0.00792109359996	0.044410829589	-0.0241814481358	-0.0302476003816	-0.00256951909258	0.0432740980751	0.00997270506394	-0.050911714352	0.0465626971459	-0.0141575935212	-0.00209570137868	0.0197564161291	0.00919331340073	0.00741593180718	-0.0136350356356	0.0373423640087	-0.024249522995	0.0206190853888	-0.0493023205052	-0.0194963954523	0.0027040387662	0.0170032874037	-0.0163044027556	0.0417111628703	-0.0344022742265
k__Bacteria;p__Bacteroidetes;c__Bacteroidia;o__Bacteroidales;f__Rikenellaceae;g__Alistipes;s__Alistipes_shahii	-0.041097766462	-0.0684426890257	0.0127686026322	-0.0469897881254	-0.0801927950321	0.00641449844184	1.0	-0.0470799975987	0.00819987992268	0.0456144676626	-0.0120803695392	-0.00357710232765	0.0385462549621	-0.0431093370764	0.0345018460279	-0.0421391267199	-0.0559848599722	-0.028868903213	0.0218502256211	-0.0281532353545	-0.0228154701057	0.0178374274111	-0.039829689655	0.0060896696338	-0.0255614638075	0.0579408703418	-0.0102080962238	0.0166770492236	-0.0929169712446	0.00508393014287	0.0192747582759	-0.0504478009314	0.0571092707782	0.0350728965588	-0.0165950371403	0.0171228087597	0.0452497795775	-0.0581684844689	-0.00618680364044	-0.0592337896909	-0.0329987900543	0.00831082362978	0.00891038367071	-0.0397103004311	-0.0655120484838	0.0435140306239	-0.0426872195716	0.006444033582	0.0116676417367	-0.0233117785955	-0.0275684318895	0.060177292998	-0.00362857358594	0.0108825046486	0.0855359070634	0.0420050379717	0.000670848558048	-0.0149180492029	-0.0199354709688
k__Bacteria;p__Firmicutes;c__Clostridia;o__Clostridiales;f__Ruminococcaceae;g__Faecalibacterium;s__Faecalibacterium_prausnitzii	-0.00695621574351	-0.0201192097092	0.050616167968	-0.031115610494	-0.0172346370368	-0.0689923982917	-0.0470799975987	1.0	0.066146160674	0.0221821090518	-0.0197545705448	-0.00860070146437	0.00140439169857	-0.0175359770502	-0.0175146266347	0.0304678325738	0.0169669661916	-0.000354451469458	-0.00613798021355	0.0161061159184	0.013020236142	-0.026614525512	-0.0312118905002	-0.0166679831348	-0.0420022960739	-0.0455534950047	0.00145708890334	0.00648011632087	-0.0102854230587	-0.0214581602582	-0.00517080173058	-0.0365803529618	0.0140223111689	-0.029493763754	-0.0563021972497	0.0301604444511	-0.0211961274761	-0.0227909111711	-0.0589604671738	-0.00390598765403	-0.00156246981209	0.0410741886221	-0.00954828313915	-0.016643135702	0.0594270089812	-0.0151089309145	0.0120905072627	0.00114049046481	-0.027470441061	0.012624367269	-0.0431784756853	-0.0193458962672	0.0159750491271	0.0570433864574	-0.0497180904299	-0.010614718065	0.0414641239038	0.0146725963181	-0.0222058620283
k__Bacteria;p__Bacteroidetes;c__Bacteroidia;o__Bacteroidales;f__Rikenellaceae;g__Alistipes;s__Alistipes_finegoldii	0.00826267185519	0.0199862853206	-0.0445025035756	0.0022447376032	-0.0118914788763	-0.0416602577459	0.00819987992268	0.066146160674	1.0	-0.0510261041639	0.0476616557221	-0.0447820183464	0.0357481881543	0.00854093204906	-0.0662724378361	-0.00536685981552	-0.0192497127865	-0.00578952653109	0.00133126832079	-0.022203268314	-0.00591417638154	0.0064374397334	0.0517548984425	-0.0202176448233	-0.0672096533606	0.0136545302846	-0.00272486884749	0.0300533205051	-0.017978062905	0.0323780778551	0.000350683752244	-0.0369573054225	-0.0106618533681	-0.0155520041814	2.59198380599e-05	0.00403721750147	-0.00691897479546	0.0175590282949	0.0229634255135	-0.0108119687175	-0.000839609624903	0.0404409055424	0.00298399117629	-0.0289478850196	-0.0702486428937	-0.0230723243607	-0.0299472403087	-0.0379538172407	0.0246521121909	0.00974919675882	0.0180908929554	-0.055160957758	-0.0703584512975	-0.0311951558522	0.0397392567295	-0.0239388276253	-0.0127073122263	0.000871355618595	0.0143236096543
k__Bacteria;p__Bacteroidetes;c__Bacteroidia;o__Bacteroidales;f__Porphyromonadaceae;g__Parabacteroides;s__Parabacteroides_distasonis	-0.000323860628826	0.025631913374	-0.0261631431128	-0.0466565346926	0.0466765160899	0.0314945387423	0.0456144676626	0.0221821090518	-0.0510261041639	1.0	-0.00991000331083	-0.0134220015335	0.0103693559552	0.020596693299	0.0679591588378	-0.0126006729857	0.010445115137	-0.0269106866323	0.0114590542525	0.0126442030471	-0.0152876815432	0.0293460672646	-0.0333476323261	-0.0354413933851	0.0246994221365	-0.0548529235385	-0.0214130131305	0.0314254795973	-0.0334071454987	-0.0334658249142	-0.00203403892264	-0.0373510540617	0.00120102473418	0.0190154838826	-0.0205547936341	0.00978049627583	-0.0101037750874	-0.00337283870629	-0.0133465686877	0.0124070620612	-0.0572333420319	0.0285750317202	0.0561853848668	-0.00675132935822	0.00488246140689	0.0247169480993	-0.018201593436	0.0298030931606	-0.0279290621234	0.0292851409753	-0.0423916641686	0.0273899048219	-0.01749571459	0.018218711703	0.0282181934485	0.00608797245092	0.0355783753756	-0.0366094525963	-0.010779469295
k__Bacteria;p__Bacteroidetes;c__Bacteroidia;o__Bacteroidales;f__Bacteroidaceae;g__Bacteroides;s__Bacteroides_thetaiotaomicron	-0.0364071795023	-0.0155190963575	-0.0329761302723	-0.0173897866135	-0.0219705635767	0.0198233042088	-0.0120803695392	-0.0197545705448	0.0476616557221	-0.00991000331083	1.0	0.0828506720798	-0.0083831760843	-0.0419957086959	-0.067157791677	0.0153712082535	-0.021629243554	0.0332002748913	-0.0196128894099	-0.0338431970768	0.00556832862131	0.00659755342028	-0.0166634230514	-0.0361528778606	0.0573306416536	0.00416641910378	0.0720254759561	-0.054020582201	-0.0210909304801	0.0117107665192	0.0153240957698	0.0224733842996	0.00610528020136	0.0356333733063	-0.0115728371215	-0.0369158120353	-0.0492123106596	0.0100834842779	-0.0621455439931	-0.0287249376413	-0.0169559982445	-0.0339318471523	0.0108891087062	-0.02327446559	-0.0508167164733	0.0124558112907	0.0288455367777	-0.00153362040249	0.000661104457886	-0.0013853814487	0.024184166489	0.0263090831933	0.0129546974685	0.0368673943691	-0.000322153198364	-0.0231787001678	0.0326389644871	-0.0187761512978	0.0330705889593
k__Bacteria;p__Bacteroidetes;c__Bacteroidia;o__Bacteroidales;f__Bacteroidaceae;g__Bacteroides;s__Bacteroides_coprocola	0.00281128366688	-0.0384239881545	0.0247905783659	0.00239111519883	-0.0219668876123	0.022215501859	-0.00357710232765	-0.00860070146437	-0.0447820183464	-0.0134220015335	0.0828506720798	1.0	0.0196054788591	-0.0190894638075	0.0237498456093	-0.00955552685546	-0.0253155535284	0.0361310256219	0.0102948036012	0.0280113219749	-0.00851376090528	-0.0355570888503	-0.0269910159012	-0.0283379621235	0.0138183126392	-0.0236823708287	-0.0146323008915	0.0472386767864	0.0226964655984	-0.0633343364909	-0.0683976290591	-0.0481628627329	-0.00368351291901	0.0150969433968	-0.0198900428142	-0.0262628856493	-0.0284325782765	-0.011617718087	-0.0798779341291	0.00523553471748	0.00778508064547	0.0106119684906	0.0341190778198	-0.02586922581	0.0510085122481	-0.0370181828396	0.00232275799935	0.0121701444929	0.00634409222973	0.0078762968465	-0.0183495417715	-0.00767552073915	-0.00046521946895	-0.0055704817498	0.0119329082779	0.00490412261826	-0.0577413286264	0.0408408105527	0.00685253719827
k__Bacteria;p__Bacteroidetes;c__Bacteroidia;o__Bacteroidales;f__Bacteroidaceae;g__Bacteroides;s__Bacteroides_cellulosilyticus	-0.0133304395288	-0.0299414893759	-0.0871179622363	-0.0169644126008	-0.0318153335482	0.0175773572612	0.0385462549621	0.00140439169857	0.0357481881543	0.0103693559552	-0.0083831760843	0.0196054788591	1.0	0.0428955199083	-0.0184958576039	-0.00859390126082	0.00650981299679	-0.0333674825301	-0.020116603489	0.00268385470658	0.0447514331944	-0.0477716257328	0.0434080657729	-0.0302010769137	-0.0190900482157	-0.0108243652695	-0.0680808790083	0.00331883914135	-0.0243446942938	0.0114590720205	-0.00667871597441	0.0131848326714	0.0265227796041	0.00947494921265	-0.0114927424353	-0.0187642189636	-0.0598835085249	-0.014028831622	-0.000709765888571	0.0144642920653	0.0111243318296	-0.0700425098967	-0.0572818978135	-0.0152454629061	-0.0153133117181	0.0174759874667	-0.0231622055365	0.0155722175697	-0.0295203675887	0.00440474137432	-0.0702030900215	0.0221537215874	-0.0125809320808	-0.0124517846998	0.0139368984588	0.0633119598635	0.0194672609774	-0.0253453301226	0.0446610677024
k__Bacteria;p__Bacteroidetes;c__Bacteroidia;o__Bacteroidales;f__Rikenellaceae;g__Alistipes;s__Alistipes_obesi	-0.00214549765507	-0.0399565023441	-0.00540697338763	-0.0480669888988	0.0504822945922	-0.0292081364626	-0.0431093370764	-0.0175359770502	0.00854093204906	0.020596693299	-0.0419957086959	-0.0190894638075	0.0428955199083	1.0	-0.0253416275629	0.0442688449046	-0.00860359561631	0.0391366817649	0.0253704613684	-0.0241687674132	-0.00222999384249	0.063285664339	-0.0134452166714	-0.0316455950853	0.00220898170123	0.00122226797018	-0.0857638975167	0.0373191560792	-0.0318473449663	-0.0254923916572	-0.00462589887634	-0.0150206654984	-0.0113369667082	-0.0235041280093	0.00956592154214	-0.0254922260653	0.0176809069726	-0.0192015353257	-0.028423107899	-0.0314471089994	0.0161497880227	-0.0133564608067	0.0335634150164	0.00715640766974	-0.0120294547268	0.0198803121062	-5.25100686235e-05	-0.0396296677666	-0.0358634648387	-0.016512797776	-0.0354956559515	0.0244686971325	-0.0279791542721	-0.0165943206427	0.0163798965773	-0.0111470787363	-0.0169521251173	-0.038571385821	0.0163321681624
k__Bacteria;p__Firmicutes;c__Clostridia;o__Clostridiales;f__Lachnospiraceae;g__;s__[Eubacterium]_rectale	-0.0191146826995	0.0117373211957	0.0100495612189	-0.0121309827483	0.0725830898949	-0.0627528969218	0.0345018460279	-0.0175146266347	-0.0662724378361	0.0679591588378	-0.067157791677	0.0237498456093	-0.0184958576039	-0.0253416275629	1.0	0.0069725031338	-0.0326039236734	0.0569791967434	0.0300013542129	-0.0214918745034	-0.00895554657784	0.0367410543607	-0.0712740221537	-0.00525599902285	0.000175262563065	-0.0063124518043	-0.0454783246165	0.007230966214	-0.0272277878397	-0.0288718212965	0.0390971120518	-0.0243032374619	0.00610443179647	-0.0650828700516	0.00704756913859	0.00110661693627	0.0327711249474	0.0327652329279	-0.059634531028	0.0433694497634	-0.0421286021685	0.0143969743178	-0.0419447536018	0.0270828261119	0.0187878666051	0.0754795232913	-0.0445762741381	0.00477015471902	0.0444174036031	-0.016716830093	-0.0290214845297	0.0469490451676	0.0359968445979	-0.0314833293704	0.0241717832225	-0.0224201162761	-0.0161739446065	-0.018372298147	-0.0294926837984
k__Bacteria;p__Bacteroidetes;c__Bacteroidia;o__Bacteroidales;f__Bacteroidaceae;g__Bacteroides;s__Bacteroides_plebeius	9.89036635381e-05	-0.0667520418465	-0.0306043174631	0.00189530173732	-0.0282459399146	-0.0250702503626	-0.0421391267199	0.0304678325738	-0.00536685981552	-0.0126006729857	0.0153712082535	-0.00955552685546	-0.00859390126082	0.0442688449046	0.0069725031338	1.0	0.00605467248667	-0.0718683518592	-0.0129519158468	-0.0240448021802	0.0344838978395	-0.0272102516855	-0.0211753817273	-0.0330972240992	-0.00166917274234	0.00447307360657	-0.0350810794795	-0.0739465857475	-0.0425144802265	0.0168645994022	-0.0189824930681	-0.0027114817112	0.0308011803961	-0.0468047497131	-0.0101910825854	-0.027493622866	0.0182039960239	-0.0292903969433	0.013845828552	0.0209103818856	0.0355029104238	-0.00907637035217	0.00336000011874	-0.0192786657558	0.002662675693	-0.0718177840108	0.0431943684723	-0.0194331705095	-0.00374092082921	-0.0634237164352	0.0354515282553	0.0346088041321	0.000885543990602	-0.0131995635545	-0.0328756103291	-0.00308939343209	0.0784609953265	0.00251533089808	-0.00445440778242
k__Bacteria;p__Bacteroidetes;c__Bacteroidia;o__Bacteroidales;f__Bacteroidaceae;g__Bacteroides;s__Bacteroides_fragilis	0.00616859202369	-0.0378784809293	-0.0115233687189	-5.30131336582e-05	-0.0104475018452	-0.0707562946814	-0.0559848599722	0.0169669661916	-0.0192497127865	0.010445115137	-0.021629243554	-0.0253155535284	0.00650981299679	-0.00860359561631	-0.0326039236734	0.00605467248667	1.0	-0.0525751357349	0.00279515907269	-0.0652947305476	-0.0500076437558	-0.0139231831684	0.0122174326327	0.0116645500413	-0.0251984866788	0.0638053300411	0.0780419113549	0.0166829089534	0.0126243278984	-0.0317098783479	-0.0259323646013	0.0216522814204	-0.0189373841234	-0.0573353435135	0.013562908077	0.0322656986168	-0.0622800721848	-0.0138577188337	0.0348198324472	0.0626614291213	-0.048552103541	0.0196357777686	-0.00583988200605	-0.014021960913	-0.0250890888445	-0.0152657617243	0.0311925529772	-0.0513863057294	0.0358121430137	-0.00865551118914	0.0240029795727	-0.00489232608594	-0.0172580470176	-0.0214457011487	0.0200772978043	-0.000115144747633	-0.0203557529109	-0.0380025501197	-0.0116910917218
k__Bacteria;p__Proteobacteria;c__Betaproteobacteria;o__Burkholderiales;f__Sutterellaceae;g__Sutterella;s__Sutterella_wadsworthensis	0.0440672466074	-0.0744435290157	0.008345767546	-0.0176355000468	-0.0232160497731	-0.00187891123878	-0.028868903213	-0.000354451469458	-0.00578952653109	-0.0269106866323	0.0332002748913	0.0361310256219	-0.0333674825301	0.0391366817649	0.0569791967434	-0.0718683518592	-0.0525751357349	1.0	-0.0361379354403	0.0150443459785	0.000956902758857	0.0202534461926	-0.0403806477156	0.0597940663345	0.0128886393603	-0.00659857278031	0.00503753722539	0.00655148310087	0.00754435751646	-0.058308353534	-0.0943038151959	0.00383974719809	0.0539603305113	-0.0582050208865	-0.0350138404178	-0.023562275934	0.0441051145386	-0.0305551998117	0.0264028636669	-0.014181645108	-0.00305306944035	0.0312471653311	-0.0142955713882	-0.00108044200632	0.0223626136478	-0.00931357188196	-0.00550762466122	-0.0424402387836	0.01734639681	0.00279314502894	-0.020808867206	-0.0421608106097	0.00540824914772	-0.0349607585448	-0.00797322259829	0.0272613469484	0.0124873103441	-0.0245131987064	0.0117911487882
k__Bacteria;p__Bacteroidetes;c__Bacteroidia;o__Bacteroidales;f__Porphyromonadaceae;g__Barnesiella;s__Barnesiella_intestinihominis	-0.00779921360215	-0.0101749663621	0.0168386023801	-0.0520281795298	-0.0541794971278	0.000848937224002	0.0218502256211	-0.00613798021355	0.00133126832079	0.0114590542525	-0.0196128894099	0.0102948036012	-0.020116603489	0.0253704613684	0.0300013542129	-0.0129519158468	0.00279515907269	-0.0361379354403	1.0	0.0406638271456	-0.0332726189812	-0.0141136553249	-0.017896654355	0.0292528438379	-0.0354360227921	0.0438316725151	0.015828578983	-0.00410971487785	-0.0183458686641	-0.0370213046644	0.00855154448185	-0.0655379829174	0.0360951869602	0.00562474250541	-0.0360004062661	-0.0243521452835	0.0527350945038	-0.070219967593	-0.00433802231077	-0.0281873767187	-0.00891776283135	-0.00509179298203	0.0533190206976	-0.0202850019311	-0.0204227928468	0.0275125359726	0.0386489618293	-0.0526048029067	0.0136123971284	0.0189185841466	-0.0139348944422	0.0174229530871	0.00924037493549	-0.0280847662434	-0.0380800855726	-0.0370406714897	-0.0232785461222	0.0101717673988	0.00893933041567
k__Bacteria;p__Bacteroidetes;c__Bacteroidia;o__Bacteroidales;f__Odoribacteraceae;g__Odoribacter;s__Odoribacter_splanchnicus	-0.00488335766616	0.0691305195703	-0.00402283010709	-0.00320943460235	-0.032719230988	-0.0327651844835	-0.0281532353545	0.0161061159184	-0.022203268314	0.0126442030471	-0.0338431970768	0.0280113219749	0.00268385470658	-0.0241687674132	-0.0214918745034	-0.0240448021802	-0.0652947305476	0.0150443459785	0.0406638271456	1.0	-0.0238092714862	0.0021075580662	-0.0128768150339	-0.00115986008218	-0.0585827390763	0.0505189690374	-0.0134587625352	0.0300269749217	-0.0230035697106	0.0135129235119	-0.0223035610473	0.0268369516961	-0.0472255755854	0.022745054093	0.00243195733355	-0.033659511332	-0.0841035213088	-0.0175567426669	-0.0318106134304	-0.0199721938753	0.00747409743653	-0.000885743597677	-0.0300479666812	0.0369225426474	-0.0658797287832	0.0100088444313	-0.0228231688452	-0.00579015741595	-0.0526146873555	0.02347177779	-0.0159682437079	0.0297161821943	0.0554535280269	0.0103373814386	0.00415223669309	-0.0316080413664	-0.000948970237572	0.00247190070887	0.00811396848922
k__Bacteria;p__Bacteroidetes;c__Bacteroidia;o__Bacteroidales;f__Bacteroidaceae;g__Bacteroides;s__Bacteroides_salyersiae	-0.047623197972	0.011817036564	-0.0459803305354	-0.055754204711	-0.0467314419332	-0.0256153634382	-0.0228154701057	0.013020236142	-0.00591417638154	-0.0152876815432	0.00556832862131	-0.00851376090528	0.0447514331944	-0.00222999384249	-0.00895554657784	0.0344838978395	-0.0500076437558	0.000956902758857	-0.0332726189812	-0.0238092714862	1.0	-0.0234624964559	0.0178144463344	0.0665260545117	-0.00354165358652	0.0116541005525	0.0108635057217	-0.0173184025131	-0.0723103376688	-0.00240271277652	-0.0337891630159	-0.0330982568628	0.02041043589	-0.00760753823352	-0.00854172609692	-0.0946325257773	0.000834217258192	-0.0467514138152	-0.0164649324705	0.0158860306121	-0.0180260553091	0.0383941166212	0.0097204896962	-0.0179814547749	0.0189286582337	-0.0568389990376	0.00156841976062	-0.01525113691	-0.0493128953171	0.0482252241767	-0.0149815902816	-0.0528939776076	0.0558812418289	0.00223176776689	0.00334895214045	0.00865940115546	0.017080396687	-0.0137438225553	0.0517541319279
k__Bacteria;p__Firmicutes;c__Clostridia;o__Clostridiales;f__Ruminococcaceae;g__Ruminiclostridium;s__[Eubacterium]_siraeum	-0.0620878549277	0.0235567042523	0.00824795619279	0.0420087774383	0.0344175437221	-0.0110839102284	0.0178374274111	-0.026614525512	0.0064374397334	0.0293460672646	0.00659755342028	-0.0355570888503	-0.0477716257328	0.063285664339	0.0367410543607	-0.0272102516855	-0.0139231831684	0.0202534461926	-0.0141136553249	0.0021075580662	-0.0234624964559	1.0	-0.0612511137869	-0.0349782390149	0.000298650969681	0.0208509361846	0.0339215316331	-0.0405965198177	-0.0111642251151	0.0145461870605	0.016073606992	0.0307430647263	-0.0717196605578	0.0474202413749	-0.0118564436811	0.0257380783379	-0.0191213445387	0.00208291457514	-0.0236962733494	0.00381542466693	0.00773283572627	0.011342404773	-0.0152891122103	-0.0399506931582	-0.0307832153079	0.0157646020942	-0.0287538988353	-0.0351220412081	-0.00639822345086	0.0162988856882	-0.0196212855547	0.0357676612108	-0.00779791979174	0.0201922789243	-0.00665158419077	-0.0086806048806	-0.0162213999985	0.0204983227334	0.0125613167784
k__Bacteria;p__Proteobacteria;c__Betaproteobacteria;o__Burkholderiales;f__Sutterellaceae;g__Parasutterella;s__Parasutterella_excrementihominis	-0.0218480091462	-0.0260381391746	0.026180374657	0.0589000978023	-0.00845568278356	-0.037687297921	-0.039829689655	-0.0312118905002	0.0517548984425	-0.0333476323261	-0.0166634230514	-0.0269910159012	0.0434080657729	-0.0134452166714	-0.0712740221537	-0.0211753817273	0.0122174326327	-0.0403806477156	-0.017896654355	-0.0128768150339	0.0178144463344	-0.0612511137869	1.0	0.000469475273627	-0.0200784444883	-0.066877535916	-0.0125252039562	-0.0248034576697	-0.00578171127624	-0.0299930840968	-0.0202982326818	-0.00937027138083	-0.0481071088713	-0.0112323808849	0.0192585026026	-0.041256317519	0.0812628255451	0.00802591692003	0.0251955392304	-0.0221614069623	-0.013172194446	-0.00395887605545	-0.0105963779178	-0.017242751859	0.012021215995	0.0133767141412	-0.00746745151945	-0.0139658449756	-0.0357173615881	0.030030003952	-0.0239765131249	-0.0138824265325	-0.0280458294153	0.00771030905337	-0.0138687121802	-0.00217941517454	0.000465094191571	0.0154809640645	0.0157857116121
k__Bacteria;p__Actinobacteria;c__Actinobacteria;o__Bifidobacteriales;f__Bifidobacteriaceae;g__Bifidobacterium;s__Bifidobacterium_adolescentis	-0.0264154628169	0.0655336292224	-0.046893465816	-0.000510542064335	0.00820192737695	0.00296075822668	0.0060896696338	-0.0166679831348	-0.0202176448233	-0.0354413933851	-0.0361528778606	-0.0283379621235	-0.0302010769137	-0.0316455950853	-0.00525599902285	-0.0330972240992	0.0116645500413	0.0597940663345	0.0292528438379	-0.00115986008218	0.0665260545117	-0.0349782390149	0.000469475273627	1.0	-0.0199414063418	0.002664136877	0.00715809150468	-0.0635981592473	0.0117176790716	-0.0152795698502	-0.0193501978831	0.0345654054367	-0.00537818839111	0.0288498821005	-0.0154739444395	0.0358199614496	-0.00885877080076	0.0190572654484	0.0315204811942	0.0130821481281	-0.0358317447925	0.0100621892767	-0.0131038368226	-0.0284609448255	-0.050427685533	0.0147515460284	0.0210416079474	-0.00620647875274	0.000535320586394	0.000221144570432	-0.041732013487	-0.0643430512716	-0.0438612634707	-0.0219135659897	-0.0230553203543	0.0128450135603	-0.0705375958725	-0.0137504309351	-0.04150079684
k__Bacteria;p__Firmicutes;c__Clostridia;o__Clostridiales;f__Oscillospiraceae;g__Oscillibacter;s__Oscillibacter_sp._KLE_1745	-0.0373462469864	0.00148922789559	-0.0199983984675	0.00685749472789	0.0358677587278	0.0215447050832	-0.0255614638075	-0.0420022960739	-0.0672096533606	0.0246994221365	0.0573306416536	0.0138183126392	-0.0190900482157	0.00220898170123	0.000175262563066	-0.00166917274234	-0.0251984866788	0.0128886393603	-0.0354360227921	-0.0585827390763	-0.00354165358652	0.000298650969681	-0.0200784444883	-0.0199414063418	1.0	0.0151749081521	-0.0021300430359	0.0693877352858	-0.00289294583693	0.00576410371088	0.00588124252558	-0.0798670603085	-0.00295379701353	-0.0352360696787	0.0137920714546	0.0474469969238	0.00154008815205	-0.00444785937399	-0.0328731925399	-0.0363705879855	0.00891213173656	-0.0379292361573	-0.0127879791013	0.0447024450139	0.0114877844732	-0.0449575278634	-0.00854947056662	-0.0386796804428	-0.0496682524126	-0.0201701316365	-0.0129284524519	-0.00167530394761	-0.0348654021611	-0.00789589803933	0.0176479363486	-0.038599595211	0.00444832329577	-0.0270110196482	-0.0318460568164
k__Bacteria;p__Bacteroidetes;c__Bacteroidia;o__Bacteroidales;f__Bacteroidaceae;g__Bacteroides;s__Bacteroides_coprophilus	-0.0550691041633	-0.0702974212158	-0.0500535783829	-0.0406827356386	-0.0324058078168	0.0308502843666	0.0579408703418	-0.0455534950047	0.0136545302846	-0.0548529235385	0.00416641910378	-0.0236823708287	-0.0108243652695	0.00122226797018	-0.0063124518043	0.00447307360657	0.0638053300411	-0.00659857278031	0.0438316725151	0.0505189690374	0.0116541005525	0.0208509361846	-0.066877535916	0.002664136877	0.0151749081521	1.0	-0.0349493819245	0.0279419610902	0.0230533169081	-0.010840511021	-0.0818370068408	-0.0491793717139	0.0107638667492	-0.0174102743009	-0.00471050068633	-0.0306832325899	0.0359473701484	-0.0105456246074	0.0777151520414	-0.00879641800144	-0.00393240131414	-0.00553058458716	0.0155440410621	-0.00220145795128	-0.00774355793984	0.034401909089	-0.0622553410226	0.0341735795358	-0.0230603169413	-0.00817909881994	-0.037618959471	0.0239008693949	-0.00127920777154	-0.0295929657978	-0.00219471436255	0.0131118732517	-0.0020560453921	0.0524834542248	-0.0656270780169
k__Bacteria;p__Firmicutes;c__Clostridia;o__Clostridiales;f__Lachnospiraceae;g__Roseburia;s__Roseburia_intestinalis	0.0612169980709	0.000485681808154	-0.0231897377445	-0.00309350281425	-0.0341649777116	0.0331865559989	-0.0102080962238	0.00145708890334	-0.00272486884749	-0.0214130131305	0.0720254759561	-0.0146323008915	-0.0680808790083	-0.0857638975167	-0.0454783246165	-0.0350810794795	0.0780419113549	0.00503753722539	0.015828578983	-0.0134587625352	0.0108635057217	0.0339215316331	-0.0125252039562	0.00715809150468	-0.0021300430359	-0.0349493819245	1.0	-0.0494998200576	0.0141958740765	0.0089378382017	-0.0167257571972	0.0143669343641	-0.0556376185512	0.0569990750469	-0.0285550761526	-0.0174596371717	-0.0190445686	-0.0159299614698	0.0179696332121	-0.0264515077932	-0.0239407044076	-0.0699626567519	0.0408379442461	-0.0194770346355	-0.021965960533	-0.0393897461177	-0.0244564466012	0.00668796669527	0.0106447846141	0.00329001558987	0.00797008938984	0.0257729758517	-0.0132380010658	0.0051728370289	-0.00873041140409	-0.0252542507953	0.014405727632	0.0590017419323	0.0508585529109
k__Bacteria;p__Firmicutes;c__Clostridia;o__Clostridiales;f__Lachnospiraceae;g__Roseburia;s__Roseburia_hominis	-0.0214813786951	0.0565479058515	-0.00709021326715	0.038411071043	0.0194385225258	0.0130946954489	0.0166770492236	0.00648011632087	0.0300533205051	0.0314254795973	-0.054020582201	0.0472386767864	0.00331883914135	0.0373191560792	0.007230966214	-0.0739465857475	0.0166829089534	0.00655148310087	-0.00410971487785	0.0300269749217	-0.0173184025131	-0.0405965198177	-0.0248034576697	-0.0635981592473	0.0693877352858	0.0279419610902	-0.0494998200576	1.0	-0.0163706066543	0.0224272092644	0.0284321052243	0.019142661705	0.0019646071359	0.00922855309075	-0.0074703957615	0.0106309294668	0.113117122507	0.0249488971918	0.00518804694883	0.0253784836857	0.00740213075023	-0.0793071821442	-0.0591130670062	-0.0467335610958	-0.00449530950552	0.000988997101465	-0.0428870406197	-0.0570804725275	0.0137588866033	0.0220789639172	-0.0281799223421	0.000178692000955	0.011154310977	0.0148467758122	0.00903505263805	-0.0232968710682	-0.0077203793194	-0.026702433986	-0.0352613892492
k__Bacteria;p__Bacteroidetes;c__Bacteroidia;o__Bacteroidales;f__Porphyromonadaceae;g__Parabacteroides;s__Parabacteroides_johnsonii	0.00266564187162	-0.0357770690871	-0.00113666030044	0.0117425519531	0.00764597293474	-0.0235349862008	-0.0929169712446	-0.0102854230587	-0.017978062905	-0.0334071454987	-0.0210909304801	0.0226964655984	-0.0243446942938	-0.0318473449663	-0.0272277878397	-0.0425144802265	0.0126243278984	0.00754435751646	-0.0183458686641	-0.0230035697106	-0.0723103376688	-0.0111642251151	-0.00578171127624	0.0117176790716	-0.00289294583693	0.0230533169081	0.0141958740765	-0.0163706066543	1.0	-0.0427877338697	-0.0272457006058	-0.0138475750984	0.0656808346717	-0.0715343571746	0.0198338747632	-0.023175277604	-0.0411509981107	0.0762213519342	-0.0427639304074	0.0173301791126	-0.0271336597876	-0.000399616658073	0.00127681476465	0.0191330663216	-0.0124154010961	0.0217771820442	0.0315258138581	0.00750642126794	0.00489221542347	-0.0334722280271	0.0362650812156	-0.0567426763413	0.0156664357376	-0.0482723488548	-0.00730493362954	-0.0374357757694	-0.00454882770319	-0.014524119413	-0.0223717443359
k__Bacteria;p__Actinobacteria;c__Actinobacteria;o__Bifidobacteriales;f__Bifidobacteriaceae;g__Bifidobacterium;s__Bifidobacterium_longum	0.00624992258883	0.00992660984301	-0.0096765719938	0.00595577633234	-0.0918775884916	-0.00566896062685	0.00508393014287	-0.0214581602582	0.0323780778551	-0.0334658249142	0.0117107665192	-0.0633343364909	0.0114590720205	-0.0254923916572	-0.0288718212965	0.0168645994022	-0.0317098783479	-0.058308353534	-0.0370213046644	0.0135129235119	-0.00240271277652	0.0145461870605	-0.0299930840968	-0.0152795698502	0.00576410371088	-0.010840511021	0.0089378382017	0.0224272092644	-0.0427877338697	1.0	-0.0567036958095	0.0130259577374	0.0281206218344	0.0279904669603	-0.000566196456364	-0.020992977313	0.0295630686389	0.0404842791988	0.0390673358373	-0.0172220975348	-0.00973094049484	0.00876340290469	-0.0437806528186	-0.0412069956801	-0.0239307929908	-0.0381634779009	-0.0212748381648	-0.0477166852336	0.0320351050992	-0.0388913174601	-0.0130942369291	0.0197536417759	-0.000424689442391	-0.0153328657983	-0.0539589027199	0.005528725852	-0.0244316219179	0.0133982110281	0.0216328408828
