#taxonomy	k__Bacteria;p__Bacteroidetes;c__Bacteroidia;o__Bacteroidales;f__Bacteroidaceae;g__Bacteroides;s__Bacteroides_vulgatus	k__Bacteria;p__Bacteroidetes;c__Bacteroidia;o__Bacteroidales;f__Bacteroidaceae;g__Bacteroides;s__Bacteroides_uniformis	k__Bacteria;p__Bacteroidetes;c__Bacteroidia;o__Bacteroidales;f__Rikenellaceae;g__Alistipes;s__Alistipes_putredinis	k__Bacteria;p__Bacteroidetes;c__Bacteroidia;o__Bacteroidales;f__Prevotellaceae;g__Prevotella;s__Prevotella_copri	k__Bacteria;p__Bacteroidetes;c__Bacteroidia;o__Bacteroidales;f__Bacteroidaceae;g__Bacteroides;s__Bacteroides_stercoris	k__Bacteria;p__Bacteroidetes;c__Bacteroidia;o__Bacteroidales;f__Bacteroidaceae;g__Bacteroides;s__Bacteroides_ovatus	k__Bacteria;p__Bacteroidetes;c__Bacteroidia;o__Bacteroidales;f__Rikenellaceae;g__Alistipes;s__Alistipes_shahii	k__Bacteria;p__Firmicutes;c__Clostridia;o__Clostridiales;f__Ruminococcaceae;g__Faecalibacterium;s__Faecalibacterium_prausnitzii	k__Bacteria;p__Bacteroidetes;c__Bacteroidia;o__Bacteroidales;f__Rikenellaceae;g__Alistipes;s__Alistipes_finegoldii	k__Bacteria;p__Bacteroidetes;c__Bacteroidia;o__Bacteroidales;f__Porphyromonadaceae;g__Parabacteroides;s__Parabacteroides_distasonis	k__Bacteria;p__Bacteroidetes;c__Bacteroidia;o__Bacteroidales;f__Bacteroidaceae;g__Bacteroides;s__Bacteroides_thetaiotaomicron	k__Bacteria;p__Bacteroidetes;c__Bacteroidia;o__Bacteroidales;f__Bacteroidaceae;g__Bacteroides;s__Bacteroides_coprocola	k__Bacteria;p__Bacteroidetes;c__Bacteroidia;o__Bacteroidales;f__Bacteroidaceae;g__Bacteroides;s__Bacteroides_cellulosilyticus	k__Bacteria;p__Bacteroidetes;c__Bacteroidia;o__Bacteroidales;f__Rikenellaceae;g__Alistipes;s__Alistipes_obesi	k__Bacteria;p__Firmicutes;c__Clostridia;o__Clostridiales;f__Lachnospiraceae;g__;s__[Eubacterium]_rectale	k__Bacteria;p__Bacteroidetes;c__Bacteroidia;o__Bacteroidales;f__Bacteroidaceae;g__Bacteroides;s__Bacteroides_plebeius	k__Bacteria;p__Bacteroidetes;c__Bacteroidia;o__Bacteroidales;f__Bacteroidaceae;g__Bacteroides;s__Bacteroides_fragilis	k__Bacteria;p__Proteobacteria;c__Betaproteobacteria;o__Burkholderiales;f__Sutterellaceae;g__Sutterella;s__Sutterella_wadsworthensis	k__Bacteria;p__Bacteroidetes;c__Bacteroidia;o__Bacteroidales;f__Porphyromonadaceae;g__Barnesiella;s__Barnesiella_intestinihominis	k__Bacteria;p__Bacteroidetes;c__Bacteroidia;o__Bacteroidales;f__Odoribacteraceae;g__Odoribacter;s__Odoribacter_splanchnicus	k__Bacteria;p__Bacteroidetes;c__Bacteroidia;o__Bacteroidales;f__Bacteroidaceae;g__Bacteroides;s__Bacteroides_salyersiae	k__Bacteria;p__Firmicutes;c__Clostridia;o__Clostridiales;f__Ruminococcaceae;g__Ruminiclostridium;s__[Eubacterium]_siraeum	k__Bacteria;p__Proteobacteria;c__Betaproteobacteria;o__Burkholderiales;f__Sutterellaceae;g__Parasutterella;s__Parasutterella_excrementihominis	k__Bacteria;p__Actinobacteria;c__Actinobacteria;o__Bifidobacteriales;f__Bifidobacteriaceae;g__Bifidobacterium;s__Bifidobacterium_adolescentis	k__Bacteria;p__Firmicutes;c__Clostridia;o__Clostridiales;f__Oscillospiraceae;g__Oscillibacter;s__Oscillibacter_sp._KLE_1745	k__Bacteria;p__Bacteroidetes;c__Bacteroidia;o__Bacteroidales;f__Bacteroidaceae;g__Bacteroides;s__Bacteroides_coprophilus	k__Bacteria;p__Firmicutes;c__Clostridia;o__Clostridiales;f__Lachnospiraceae;g__Roseburia;s__Roseburia_intestinalis	k__Bacteria;p__Firmicutes;c__Clostridia;o__Clostridiales;f__Lachnospiraceae;g__Roseburia;s__Roseburia_hominis	k__Bacteria;p__Bacteroidetes;c__Bacteroidia;o__Bacteroidales;f__Porphyromonadaceae;g__Parabacteroides;s__Parabacteroides_johnsonii	k__Bacteria;p__Actinobacteria;c__Actinobacteria;o__Bifidobacteriales;f__Bifidobacteriaceae;g__Bifidobacterium;s__Bifidobacterium_longum	k__Bacteria;p__Firmicutes;c__Clostridia;o__Clostridiales;f__;g__Flavonifractor;s__Flavonifractor_plautii	k__Bacteria;p__Firmicutes;c__Clostridia;o__Clostridiales;f__Clostridiaceae;g__Clostridium;s__Clostridium_phoceensis	k__Bacteria;p__Verrucomicrobia;c__Verrucomicrobiae;o__Verrucomicrobiales;f__Akkermansiaceae;g__Akkermansia;s__Akkermansia_muciniphila	k__Bacteria;p__Bacteroidetes;c__Bacteroidia;o__Bacteroidales;f__Prevotellaceae;g__Paraprevotella;s__Paraprevotella_xylaniphila	k__Bacteria;p__Firmicutes;c__Clostridia;o__Clostridiales;f__Ruminococcaceae;g__Ruminococcus;s__Ruminococcus_callidus	k__Bacteria;p__Bacteroidetes;c__Bacteroidia;o__Bacteroidales;f__Rikenellaceae;g__Alistipes;s__Alistipes_senegalensis	k__Bacteria;p__Firmicutes;c__Clostridia;o__Clostridiales;f__Lachnospiraceae;g__Blautia;s__Blautia_sp._KLE_1732	k__Bacteria;p__Bacteroidetes;c__Bacteroidia;o__Bacteroidales;f__Bacteroidaceae;g__Bacteroides;s__Bacteroides_oleiciplenus	k__Bacteria;p__Firmicutes;c__Clostridia;o__Clostridiales;f__Ruminococcaceae;g__Ruminococcus;s__Ruminococcus_bicirculans	k__Bacteria;p__Bacteroidetes;c__Bacteroidia;o__Bacteroidales;f__Bacteroidaceae;g__Bacteroides;s__Bacteroides_fluxus	k__Bacteria;p__Bacteroidetes;c__Bacteroidia;o__Bacteroidales;f__Prevotellaceae;g__Prevotella;s__Prevotella_stercorea	k__Bacteria;p__Firmicutes;c__Clostridia;o__Clostridiales;f__Lachnospiraceae;g__Dorea;s__Dorea_longicatena	k__Bacteria;p__Firmicutes;c__Clostridia;o__Clostridiales;f__Eubacteriaceae;g__Eubacterium;s__[Eubacterium]_eligens	k__Bacteria;p__Firmicutes;c__Clostridia;o__Clostridiales;f__Ruminococcaceae;g__;s__Ruminococcaceae_bacterium_D16	k__Bacteria;p__Firmicutes;c__Clostridia;o__Clostridiales;f__Lachnospiraceae;g__Coprococcus;s__Coprococcus_comes	k__Bacteria;p__Proteobacteria;c__Gammaproteobacteria;o__Enterobacterales;f__Enterobacteriaceae;g__Escherichia;s__Escherichia_coli	k__Bacteria;p__Firmicutes;c__Clostridia;o__Clostridiales;f__Ruminococcaceae;g__Anaerotruncus;s__Anaerotruncus_colihominis	k__Bacteria;p__Firmicutes;c__Clostridia;o__Clostridiales;f__Lachnospiraceae;g__Blautia;s__Blautia_obeum	k__Bacteria;p__Bacteroidetes;c__Bacteroidia;o__Bacteroidales;f__Odoribacteraceae;g__Odoribacter;s__Odoribacter_laneus	k__Bacteria;p__Firmicutes;c__Clostridia;o__Clostridiales;f__Ruminococcaceae;g__Ruminiclostridium;s__[Clostridium]_leptum	k__Bacteria;p__Bacteroidetes;c__Bacteroidia;o__Bacteroidales;f__Porphyromonadaceae;g__Parabacteroides;s__Parabacteroides_goldsteinii	k__Bacteria;p__Firmicutes;c__Clostridia;o__Clostridiales;f__Lachnospiraceae;g__Anaerostipes;s__Anaerostipes_hadrus	k__Bacteria;p__Firmicutes;c__Clostridia;o__Clostridiales;f__Ruminococcaceae;g__Ruminococcus;s__Ruminococcus_lactaris	k__Bacteria;p__Firmicutes;c__Clostridia;o__Clostridiales;f__Clostridiaceae;g__Clostridium;s__Clostridium_sp._L2-50	k__Bacteria;p__Firmicutes;c__Clostridia;o__Clostridiales;f__Clostridiaceae;g__Clostridium;s__Clostridium_sp._M62/1	k__Bacteria;p__Firmicutes;c__Clostridia;o__Clostridiales;f__;g__Intestinimonas;s__Intestinimonas_butyriciproducens	k__Bacteria;p__Actinobacteria;c__Actinobacteria;o__Bifidobacteriales;f__Bifidobacteriaceae;g__Bifidobacterium;s__Bifidobacterium_bifidum	k__Bacteria;p__Firmicutes;c__Negativicutes;o__Veillonellales;f__Veillonellaceae;g__Dialister;s__Dialister_invisus	k__Bacteria;p__Bacteroidetes;c__Bacteroidia;o__Bacteroidales;f__Bacteroidaceae;g__Bacteroides;s__Bacteroides_salanitronis
k__Bacteria;p__Bacteroidetes;c__Bacteroidia;o__Bacteroidales;f__Bacteroidaceae;g__Bacteroides;s__Bacteroides_vulgatus	1.0	-0.0338087378934	0.0169214912196	-0.0173680404971	-0.0267097026934	-0.0151524620121	0.00831029466182	0.00497824663206	-0.0407176166091	0.0102486307176	-0.00652841747848	0.0631149586179	-0.00553723340861	-0.00906109588966	-0.0692840915093	0.0520381311385	-0.0310156438549	0.0128181069135	-0.00568220488722	-0.0479519887908	-0.0375312731851	-0.016567324466	-0.0255466311242	0.0372739255657	0.0186292693525	-0.0267846032052	0.0178425152425	-0.00889985036272	0.0123336411586	-0.0627950584188	0.00113682432771	-0.00394054098611	0.0228086518633	-0.0703759949083	-0.0252557320784	0.0618990445405	-0.0128713480541	0.0293805297983	0.025368126029	-0.00822280740888	0.0167008099738	-0.0167255842727	-0.0110554733961	-0.0310903446511	-0.00513177952754	-0.0556463084439	-0.0395271394524	0.0555959200141	0.0337491453693	-0.0718285181426	0.0138451583595	-0.0135307237039	-0.0243793056238	-0.0282748867516	-0.0709488791013	0.0385642114471	0.0358603026044	-0.012617223997	-0.0100774547156
k__Bacteria;p__Bacteroidetes;c__Bacteroidia;o__Bacteroidales;f__Bacteroidaceae;g__Bacteroides;s__Bacteroides_uniformis	-0.0338087378934	1.0	-0.0370546265401	0.0370244506785	-0.00594841224562	0.0212389668796	-0.019177791535	-0.00198495804314	-0.0116509367423	-0.026982676673	-0.00659936610179	0.0374090881796	0.00233040104448	0.021320158685	-0.0416346804501	0.00535073943873	0.0556760352238	-0.0229984182157	-0.0499688627041	0.00982281264986	0.0116316125843	0.00241189284872	-0.0626928578572	0.0344355066559	-0.0179707383792	0.0143542647317	-0.0254043591034	-0.0247661402982	-0.0652270444219	-0.00163114573213	0.0375963510732	0.0314905782212	-0.0697094406971	-0.0257390915606	-0.052413378215	0.00277610195677	-0.0334409850809	-0.00408467047023	0.0166714283525	-0.00442179982823	-0.00941451171708	-0.00458558418742	-0.037286123629	-0.0516388165218	0.0126317136711	-0.0477618669925	0.020673428686	-0.0293282210993	0.000610560694962	0.0245704429223	-0.05582431709	0.00576848905608	-0.0513442021038	-0.0705684751252	0.0193151073806	0.0305563428238	-0.0764487039883	0.0368459554552	-0.0136046683248
k__Bacteria;p__Bacteroidetes;c__Bacteroidia;o__Bacteroidales;f__Rikenellaceae;g__Alistipes;s__Alistipes_putredinis	0.0169214912196	-0.0370546265401	1.0	0.0293139520996	-0.015619266872	-0.0330884383406	0.0275814483191	0.0502791827161	-0.0231683089987	0.00906852526926	-0.0510085001629	-0.0171193807726	-0.054728238964	-0.0321693816351	-0.0163182218262	-0.0411355458852	-0.00458895314316	-0.0189984723575	0.0909158508181	-0.108542610225	-0.0481351022799	-0.021342230817	-0.0948626286508	-0.00405021181009	-0.0273491316858	0.033991359132	0.0449992798969	0.0377553257543	-0.00116763011101	0.018892640747	0.0108902653745	0.0290665675595	0.0431377935264	0.0332578771442	0.0110641033907	-0.0391510827268	-0.0266041990914	-0.0206020759	0.053447467407	-0.0642963561349	-0.0262106845575	-0.0167251422432	-0.0173874504447	0.00992376779848	-0.0427022407563	0.0106616022365	-0.0256839750011	0.0208589681363	-0.0139960579666	0.0195830798375	-0.0358441931196	0.0398016521938	0.0165614704335	-0.0193762349564	0.011073298806	-0.0436398324219	-0.0502664651278	-0.027627489505	0.0316545286751
k__Bacteria;p__Bacteroidetes;c__Bacteroidia;o__Bacteroidales;f__Prevotellaceae;g__Prevotella;s__Prevotella_copri	-0.0173680404971	0.0370244506785	0.0293139520996	1.0	-0.00541466403126	0.0433129006587	-0.0513603454905	0.00507010391622	-0.00729180625672	0.0251498506908	-0.0403694581943	0.0160088583544	-0.000138535369007	-0.00484071789273	-0.0405988042486	0.0123921884261	0.00326317646442	-0.0199222117978	-0.0302629321737	0.00315682724023	-0.00294807534974	-0.00579706279906	-0.0425889428205	-0.0521547946987	-0.0194772193698	0.00969498278194	-0.0779570669809	-0.0497005971321	-0.0426526136022	0.069931753081	-0.0550980558202	0.0338409860914	0.0218985135417	-0.0167275784651	0.0567337300218	0.0270526252497	0.0327840372596	0.00170763824283	-0.0324054470525	-0.0100135005164	-0.0487974626516	0.0342726023361	0.0420539768594	-0.0623796498057	0.00195119777979	-0.029677057492	0.00455290745286	-0.0320304954157	-0.0313426560466	-0.0130363916602	0.0173961067199	-0.0368144679747	-0.00651117141104	-0.0691076426767	-0.0212405588698	-0.0189368869426	-0.000112885214812	-0.0216368051682	0.00399116589959
k__Bacteria;p__Bacteroidetes;c__Bacteroidia;o__Bacteroidales;f__Bacteroidaceae;g__Bacteroides;s__Bacteroides_stercoris	-0.0267097026934	-0.00594841224562	-0.015619266872	-0.00541466403126	1.0	-0.0209144671785	0.00249427972427	-0.0330712858171	-0.00232602166976	-0.0652503763828	-0.0335448868572	0.0587573092151	0.00744373489355	-0.0110009860071	-0.0314804205492	0.00284842738674	-6.13141747557e-05	-0.0332329399115	-0.0431473184184	0.0452898105726	-0.00335983508968	-0.0223803634291	-0.051715374221	0.0255182413219	-0.0288849720457	-0.0799562337391	-0.054440837612	-0.0201984078166	-0.014577955431	-0.0295736348688	-0.0612884374788	-0.0277159235774	0.0437034682382	-0.0229208953108	-0.0637477531355	0.0285073813928	0.111236019933	0.00299074961583	-0.0272787874126	0.028764617822	0.0494533128431	-0.0377664718899	-0.0684321235145	0.00660551154155	0.0341428404039	0.0426004139237	-0.00867281379387	0.0171656035677	0.00908331319621	-0.0219325059816	0.014929848878	-0.00473435490114	-0.00757925133507	0.0202724347369	0.0105918323368	0.0360572831669	-0.00987665396388	-0.0569589537103	-0.00207137687597
k__Bacteria;p__Bacteroidetes;c__Bacteroidia;o__Bacteroidales;f__Bacteroidaceae;g__Bacteroides;s__Bacteroides_ovatus	-0.0151524620121	0.0212389668796	-0.0330884383406	0.0433129006587	-0.0209144671785	1.0	-0.064706508689	-0.0359994945716	-0.0169905991737	-0.0319187491376	0.00268895354407	-0.0422509282915	-0.0396593033649	0.0357072803454	0.031179826711	0.00596287754557	0.00294338132924	-0.0351281368909	-0.0555904076554	-0.00966405780309	-0.0325224611374	0.00464016855617	0.00448291882846	-0.0153314151427	0.0301888327905	0.014127277574	-0.0438734116116	0.0392319789587	0.00759511619861	-0.00150090334291	-0.0546662574534	-0.0261969662002	0.0191679102288	0.00781816691243	0.0634823318635	0.00326562336068	0.0219858344292	0.00812836214896	0.0110521053833	-0.0523416878148	-0.0396630210752	-0.0505949824141	0.0333998334391	-0.00621277015442	-0.0334153276028	-0.00787770887095	0.00950960768518	-0.076440500292	0.00592779473492	0.00203707159726	-0.0327461590514	-0.0303270472904	-0.00258853647833	-0.0503694007944	-0.0952491652071	-0.00950123023519	0.0120900113181	0.0254623837631	-0.00556407451827
k__Bacteria;p__Bacteroidetes;c__Bacteroidia;o__Bacteroidales;f__Rikenellaceae;g__Alistipes;s__Alistipes_shahii	0.00831029466182	-0.019177791535	0.0275814483191	-0.0513603454905	0.00249427972427	-0.064706508689	1.0	-0.0197321816631	-0.031595340603	-0.0153263724691	0.011601788197	-0.0116956647556	0.00527401530244	-0.0290824218729	0.0332019768207	-0.0315462772698	-0.0305292030662	0.0137198173757	0.0236838421913	-0.0126895759997	0.0331145482686	-0.00451373379016	-0.0212738548534	0.00856203147752	-0.0753121726305	-0.029345660914	-0.0333101116233	0.0228187728902	-0.0344410951336	-0.0107257218343	-0.010155343068	-4.7456766267e-05	0.0294620628355	0.0115114965976	0.0447187344886	0.003721800791	0.0143035893425	0.0279170506358	0.00864765501708	-0.0447102867293	-0.0574335996315	-0.0526857669845	-0.0320551221873	-0.0161352601863	-0.0260696189217	-0.0151569700625	0.0587750188838	0.00788956109946	0.0190651085657	0.00299898946352	-0.0183854621639	-0.0507736345901	-0.0028393137009	0.0509619413782	-0.0358391859337	-0.0171191268676	-0.0396056863253	-0.0436759033874	0.00835665122339
k__Bacteria;p__Firmicutes;c__Clostridia;o__Clostridiales;f__Ruminococcaceae;g__Faecalibacterium;s__Faecalibacterium_prausnitzii	0.00497824663206	-0.00198495804314	0.0502791827161	0.00507010391622	-0.0330712858171	-0.0359994945716	-0.0197321816631	1.0	-0.0522497586703	-0.0167996649608	-0.0269246391612	0.00450602986591	-0.0170642717859	0.0227906103983	0.028132594448	-0.0694047509312	-0.0215892352393	0.0187573348577	0.00517337199098	0.010953671135	-0.0409867640268	-0.0129026621294	0.0179100930661	0.0015556504518	-0.0399170786142	-0.0736838109389	-0.0222804663273	-0.0144553595514	-0.00618493290742	-0.035617147783	0.0141345596331	0.00599917034245	0.0742682366748	0.0353715804474	0.00943014186262	-0.0126959368896	-0.0340032458041	-0.00261849452429	0.0571772325673	-0.0406506056762	-0.0395636364115	-0.059700006184	0.0467801246861	0.0306585848257	0.019285868658	0.0223094899235	-0.0383746626042	0.0190613161158	-0.0149763125023	0.00253571439311	0.0219051831174	-0.0133464169511	0.010036469379	0.0276858415311	0.0132697964203	-0.0744604689794	-0.00691410310669	0.0332644003086	-0.00354170873933
k__Bacteria;p__Bacteroidetes;c__Bacteroidia;o__Bacteroidales;f__Rikenellaceae;g__Alistipes;s__Alistipes_finegoldii	-0.0407176166091	-0.0116509367423	-0.0231683089987	-0.00729180625672	-0.00232602166976	-0.0169905991737	-0.031595340603	-0.0522497586703	1.0	0.00344926955778	-0.0350087386155	-0.0351748339588	0.0221878509848	0.0210081293419	-0.0417982244905	-0.028648716675	-0.0491576039926	0.00956688638981	0.0561180881279	0.0537493753385	-0.00121588541994	-0.0408313893375	0.0381509237261	-0.0510317086234	-0.0113653144567	-0.0138556272374	-0.0199969343201	-0.00816647591857	0.0391141943515	-0.0211218751772	-0.0272270401543	-0.0926123524999	0.00553294335379	0.0222328224281	0.0225727788442	-0.0131993194532	-0.0544470537883	9.7572150212e-05	0.0148781420009	-0.0209822042151	0.0163105656982	0.0226953756051	-0.0540412438046	0.0469366974538	-0.00435323411918	0.00440151840612	-0.00763933663408	-0.0231530881203	0.00685648691788	-0.0318553515948	-0.0117524032972	0.0528075166123	0.0579087163002	-0.00778100217119	-0.0276506413623	0.00425551308115	0.0158167014928	-0.0243409406123	0.00951900143577
k__Bacteria;p__Bacteroidetes;c__Bacteroidia;o__Bacteroidales;f__Porphyromonadaceae;g__Parabacteroides;s__Parabacteroides_distasonis	0.0102486307176	-0.026982676673	0.00906852526926	0.0251498506908	-0.0652503763828	-0.0319187491376	-0.0153263724691	-0.0167996649608	0.00344926955778	1.0	0.00187411546759	-0.0288320917619	-0.00303382209556	-0.01645151642	0.0451453207219	-0.00617495014812	-0.0859320018621	0.0195837078615	0.0141203684123	-0.014312450726	-0.0434891505801	-0.023064617332	-0.0108739908754	-0.0586889757151	-0.0310801138744	0.0541244682855	-0.00542685614152	-0.0187626994172	0.0559363480354	0.0224726778376	-0.0847726956386	-0.0217940948472	-0.0150665026982	0.0356373205368	0.0251782297371	0.0146153002445	-0.0201635429726	0.0179326388792	0.0113215353123	-0.00859246273067	-0.0252518929723	0.0344545627734	-0.0247882524326	-0.0155736986762	-0.00834457121695	-0.0313436212484	-0.0185111980628	0.012645248182	6.53005367668e-05	-0.046515645528	-0.0217668238521	0.0375929724315	-0.030186090895	-0.00986509746239	0.0257784617579	-0.0229769938766	0.0299633202555	-0.0204357396528	-0.0128541871185
k__Bacteria;p__Bacteroidetes;c__Bacteroidia;o__Bacteroidales;f__Bacteroidaceae;g__Bacteroides;s__Bacteroides_thetaiotaomicron	-0.00652841747848	-0.00659936610179	-0.0510085001629	-0.0403694581943	-0.0335448868572	0.00268895354407	0.011601788197	-0.0269246391612	-0.0350087386155	0.00187411546759	1.0	-0.0235079811793	-0.00114492370831	-0.0172118503048	0.0343507010726	-0.0434528494475	0.0204914415671	0.00781354496407	0.0104118211037	-0.0451398365067	0.0695807802254	-0.0450561909324	-0.00176043238156	0.0535551756707	-0.0267059765057	-0.0269788492219	-0.0437487474725	0.0238350437148	-0.0666388341548	0.00328207308235	0.0591111408563	-0.0154469328193	0.0135361889655	0.0273284143462	-0.00246463549781	0.037175389278	0.00963180655123	-0.0204587657988	-0.0281993059997	-0.0392046387776	-0.0105446982796	-0.0349823585153	-0.0250397164304	0.00471041741624	0.0472879468897	0.0252903375019	-0.00948447424226	0.041729287688	-0.0374790695818	-0.027714887891	-0.014329431222	-0.00104186264998	0.00970055978749	0.0180310658476	-0.0520065321838	0.0123740992923	-0.0184889778426	-0.0675061117326	-0.0348705054884
k__Bacteria;p__Bacteroidetes;c__Bacteroidia;o__Bacteroidales;f__Bacteroidaceae;g__Bacteroides;s__Bacteroides_coprocola	0.0631149586179	0.0374090881796	-0.0171193807726	0.0160088583544	0.0587573092151	-0.0422509282915	-0.0116956647556	0.00450602986591	-0.0351748339588	-0.0288320917619	-0.0235079811793	1.0	-0.0217102759945	0.0520074179611	0.0431337855172	-0.00404108067489	-0.0546624173829	-0.00807976095113	-0.017398151729	-0.0234785380877	-0.050293882918	-0.00581672797449	-0.000764779686271	0.0119293226268	0.0265816016644	-0.0299512280268	-0.00719599486494	-0.0113321763918	0.0249075890977	-0.0151853193412	-0.0211146387465	0.0224247824402	0.0539815858582	0.00373481169922	-0.00102850038383	0.0492962881084	0.00109068077797	0.0336965797907	-0.0489416023278	-0.00110743214146	-0.0462080010879	0.00174147913799	-0.0421761268115	-0.0344430141708	-0.00957976835215	0.0210223530443	0.0435825556392	-0.0582220152846	-0.0228917000204	0.0358384613194	0.0430467621602	-0.00340502965389	-0.0245428602484	-0.00825949128147	-0.0379364265863	-0.0576571761121	0.0158313807202	-0.0382759109268	0.0161519301474
k__Bacteria;p__Bacteroidetes;c__Bacteroidia;o__Bacteroidales;f__Bacteroidaceae;g__Bacteroides;s__Bacteroides_cellulosilyticus	-0.00553723340861	0.00233040104448	-0.054728238964	-0.000138535369008	0.00744373489355	-0.0396593033649	0.00527401530244	-0.0170642717859	0.0221878509848	-0.00303382209556	-0.00114492370831	-0.0217102759945	1.0	-0.0300633225218	0.0706755833825	0.008640446595	0.0405146939791	-0.000624620028489	-0.00801550837416	0.0088914596405	0.000733827063735	0.0141660162747	-7.88807733128e-05	-0.00560299937584	-0.000351435758891	-0.0425491893938	-0.0190269653083	0.052345353625	-0.0033321000631	0.0332094865233	-0.00311970759435	0.0217903354621	-0.0438127982792	-0.0396730318779	-0.0719241226675	-0.0257894680745	-0.0172448853343	-0.0637199164269	-0.0191260866735	-0.0074405318647	-0.0500806129753	0.0225022180022	-0.0108938950728	0.00307063582395	-0.0161904247766	0.0313673315889	-0.0104429985523	-0.0547647571393	0.00769830011652	-0.0497154678653	-0.0132689504799	-0.0178312635398	-0.0502052267001	-0.0592418138973	-0.0460064883249	-0.00751495163713	-0.0339778303895	0.0166012402014	-0.0484153754672
k__Bacteria;p__Bacteroidetes;c__Bacteroidia;o__Bacteroidales;f__Rikenellaceae;g__Alistipes;s__Alistipes_obesi	-0.00906109588966	0.021320158685	-0.0321693816351	-0.00484071789273	-0.0110009860071	0.0357072803454	-0.0290824218729	0.0227906103983	0.0210081293419	-0.01645151642	-0.0172118503048	0.0520074179611	-0.0300633225218	1.0	-0.00342441927386	-0.0479596231758	-0.0252197482144	-0.0291331524583	0.00184295842486	0.0331659320933	-0.0142612175639	-0.0176510349226	-0.00620789745884	-0.0462681135138	-0.0536934638024	-0.0145192897027	0.00872963367729	-0.00468849368744	-0.00044683416332	-0.0320265146479	-0.0120940573306	-0.0124496288453	0.0191596803295	0.0122715078469	-0.0402174648017	-0.010111614129	-0.00305143494793	-0.00715757063255	-0.0423329442526	-0.0147202526627	-0.0315618446436	0.0564902145156	-0.0104064013782	-0.0394748385663	0.0220482209727	0.0650100158354	0.0244190864533	0.0152428469876	-0.0138872573423	0.0686189964037	-0.0415378245899	0.000590275576518	-0.00428638511662	-0.0167851194051	0.0466574560014	-0.0161479749945	-0.073020542127	-0.00319367694945	0.0328672876206
k__Bacteria;p__Firmicutes;c__Clostridia;o__Clostridiales;f__Lachnospiraceae;g__;s__[Eubacterium]_rectale	-0.0692840915093	-0.0416346804501	-0.0163182218262	-0.0405988042486	-0.0314804205492	0.031179826711	0.0332019768207	0.028132594448	-0.0417982244905	0.0451453207219	0.0343507010726	0.0431337855172	0.0706755833825	-0.00342441927386	1.0	0.00826377123382	-0.0316503721688	0.0367772181769	-0.00534747313459	-0.0573418353417	-0.0133950033003	-0.0113549379662	-0.0144453276672	0.022531644014	0.0376940141732	-0.0324802896184	-0.00237629118004	0.0135142686663	0.0434594377836	-0.0102219061555	-0.0416322326808	0.00868370326742	-0.0175884958737	0.0586658606044	-0.0674629918939	-0.01285342591	0.00816095824216	-0.00452194882877	-0.0495284853757	-0.0250380906217	0.0382256220418	0.0421120542788	0.00510446267143	-0.00592632706495	0.0339901334988	-0.0409432900246	0.0204336175629	-0.0184821530048	0.0049664308486	0.00660964763275	-0.0676470453926	-0.0194975589089	-0.0176703823078	-0.0486765479332	0.00678314992604	-0.00637234917322	0.0259139559747	-0.0285417656975	-0.0030325186529
k__Bacteria;p__Bacteroidetes;c__Bacteroidia;o__Bacteroidales;f__Bacteroidaceae;g__Bacteroides;s__Bacteroides_plebeius	0.0520381311385	0.00535073943873	-0.0411355458852	0.0123921884261	0.00284842738674	0.00596287754557	-0.0315462772698	-0.0694047509312	-0.028648716675	-0.00617495014812	-0.0434528494475	-0.00404108067489	0.008640446595	-0.0479596231758	0.00826377123382	1.0	-0.00883227959095	0.0217344990101	-0.0333548144666	-0.003295048194	0.0254003369639	-0.0236809047587	-0.00468425483627	-0.0100434056366	-0.00979217440479	0.0187036580197	0.0212880469656	-0.0208111257283	0.0347812652867	0.0357106824871	-0.0127235579099	-0.0390190010926	0.0336745090772	-0.0520848815382	0.0312580868649	0.0256538114021	-0.0291278749106	0.00470436233755	0.00362705966369	0.00551945609854	0.0149813788493	0.00725266478208	-0.0354909851151	0.0120511424594	0.0143581696234	0.0146290762932	0.041581437184	-0.00936860801213	0.0278918125964	-0.00832001613836	-0.00184949926054	-0.0168787164845	-0.00798906640236	0.0570913211854	0.0684630658351	-0.00970502240931	0.0277665763605	-0.0371869957186	-0.0226408106729
k__Bacteria;p__Bacteroidetes;c__Bacteroidia;o__Bacteroidales;f__Bacteroidaceae;g__Bacteroides;s__Bacteroides_fragilis	-0.0310156438549	0.0556760352238	-0.00458895314316	0.00326317646442	-6.13141747557e-05	0.00294338132924	-0.0305292030662	-0.0215892352393	-0.0491576039926	-0.0859320018621	0.0204914415671	-0.0546624173829	0.0405146939791	-0.0252197482144	-0.0316503721688	-0.00883227959095	1.0	-0.0178729522305	-0.0353358241506	0.0302101656627	0.0304275181066	0.0301256332735	-0.0115546933196	0.0298919154889	0.0176472525401	0.0134710067154	0.0289840195608	0.00845118657091	-0.084581378709	0.0138077669599	0.054376887165	-0.0181145252928	-0.0269998220195	-0.0270614846553	0.0232244380447	-0.0163014134967	-0.004870570083	-0.0154841432816	-0.0804366526772	-0.0304917065023	-0.0187127124761	-0.0186366461077	0.00463140230758	0.00443741207723	0.0111091322798	0.0114137565507	-0.00226745740522	-0.0303586063147	0.0103442909906	0.00602932405352	0.0327846748646	0.0303586024722	-0.0217538428173	-0.0596639766808	-0.0799169134245	-0.0178243041071	0.0336145459263	0.00140929879701	0.0170819488147
k__Bacteria;p__Proteobacteria;c__Betaproteobacteria;o__Burkholderiales;f__Sutterellaceae;g__Sutterella;s__Sutterella_wadsworthensis	0.0128181069135	-0.0229984182157	-0.0189984723575	-0.0199222117978	-0.0332329399115	-0.0351281368909	0.0137198173757	0.0187573348577	0.00956688638981	0.0195837078615	0.00781354496407	-0.00807976095113	-0.000624620028489	-0.0291331524583	0.0367772181769	0.0217344990101	-0.0178729522305	1.0	0.0359804301291	-0.0716017207518	0.0168032038813	-0.0549160807155	-0.0159354252575	0.00946391263856	0.0361427257699	-0.0115472556049	-0.042911406898	0.0360777297279	0.0135353079236	-0.0178334794272	-0.0345795321971	0.0176361712694	-0.0356013848589	0.0330566088442	-0.0436710825662	-0.0460428887115	-0.00316239274979	0.0417205287095	0.00857125747574	-0.0298728549607	-0.0398353870576	-0.0145348758079	-0.0259383541317	0.013766319009	0.0171684126197	0.0269859621069	0.0116383948593	-0.0175130672104	-0.0198894213397	-0.01791795208	0.0313377423894	-0.000926581181441	0.0176207865454	0.005991957568	-0.0298951144976	-0.00171140727292	0.0277294186396	-0.0448719479914	-0.0141704974296
k__Bacteria;p__Bacteroidetes;c__Bacteroidia;o__Bacteroidales;f__Porphyromonadaceae;g__Barnesiella;s__Barnesiella_intestinihominis	-0.00568220488722	-0.0499688627041	0.0909158508181	-0.0302629321737	-0.0431473184184	-0.0555904076554	0.0236838421913	0.00517337199098	0.0561180881279	0.0141203684123	0.0104118211037	-0.017398151729	-0.00801550837416	0.00184295842486	-0.00534747313459	-0.0333548144666	-0.0353358241506	0.0359804301291	1.0	-0.0738904452688	-0.0202743408226	-0.0237133796947	-0.00321303017054	-0.012524789918	-0.0233035805319	-0.0207863966758	0.0052856200042	-0.0210242972537	0.0129515919686	-0.11205861315	0.0342820938714	-0.00279149384222	0.00787761536178	-0.000857618736833	0.0130770892133	0.0146103596902	0.0355261710652	-0.00919980847076	0.0299720449441	-0.0182421526503	0.057763658963	-0.0388514038734	-0.0261343303032	-0.0262286312879	0.00141539362087	-0.00626181020423	-0.0628525413605	0.0144693112783	0.0105734587687	-0.00529841298422	-0.00514224820731	-0.0194573922416	-0.00178469748608	-0.0368783924961	-0.00411820708073	0.0128414098618	-0.0342099517194	-0.0589114303863	-0.0133630214046
k__Bacteria;p__Bacteroidetes;c__Bacteroidia;o__Bacteroidales;f__Odoribacteraceae;g__Odoribacter;s__Odoribacter_splanchnicus	-0.0479519887908	0.00982281264986	-0.108542610225	0.00315682724023	0.0452898105726	-0.00966405780309	-0.0126895759997	0.010953671135	0.0537493753385	-0.014312450726	-0.0451398365067	-0.0234785380877	0.0088914596405	0.0331659320933	-0.0573418353417	-0.003295048194	0.0302101656627	-0.0716017207518	-0.0738904452688	1.0	0.0375754966245	-0.00873770256725	0.00800394194534	0.0273208216706	-0.0245911647486	-0.0448016859392	-0.00615734290389	-0.0231421846477	0.00474017931484	0.0422430706574	0.000339445364011	-0.000557378756446	-0.0559409833933	-0.0128445592614	-0.0148239287264	-0.0759529481964	0.0940326498569	0.000743595197622	-0.0217733658964	-0.00884539792613	0.0328853972829	-0.0423761137744	0.0403806692751	-0.0498822882165	0.00501382418684	-0.0119628489765	0.0303370069549	-0.0755795222286	0.0301848060408	0.0407113907623	-0.0294012191544	0.0772642008537	0.0263320568462	0.00434699908956	0.00955930482351	0.023385769812	0.0283689682185	0.0110257782858	0.0284442819669
k__Bacteria;p__Bacteroidetes;c__Bacteroidia;o__Bacteroidales;f__Bacteroidaceae;g__Bacteroides;s__Bacteroides_salyersiae	-0.0375312731851	0.0116316125843	-0.0481351022799	-0.00294807534974	-0.00335983508968	-0.0325224611374	0.0331145482686	-0.0409867640268	-0.00121588541994	-0.0434891505801	0.0695807802254	-0.050293882918	0.000733827063735	-0.0142612175639	-0.0133950033003	0.0254003369639	0.0304275181066	0.0168032038813	-0.0202743408226	0.0375754966245	1.0	-0.00195572021486	-0.00050993623238	-0.00887713342238	0.0258719062995	-0.0471808866531	-0.0328402236433	-0.0152128447725	0.00291918757505	0.0194438337077	-0.0599189131231	-0.0187850808035	-0.0483685766987	0.0330585043852	-0.0144980417373	0.0197501376656	0.0288045501335	0.0234240060282	0.0612271520991	0.0118456285486	-0.105692757601	0.0541325495023	-0.0374848169966	-0.0292969768482	0.0399710854676	0.0137476996267	-0.019481043128	0.0444132710412	-0.0057539307752	-0.05167641923	-0.0307211387433	-0.0425966763596	0.0173935026734	0.0575855155056	0.0163672720826	-0.00047934717385	-0.00944308576445	-0.0446932026038	-0.0280558284
k__Bacteria;p__Firmicutes;c__Clostridia;o__Clostridiales;f__Ruminococcaceae;g__Ruminiclostridium;s__[Eubacterium]_siraeum	-0.016567324466	0.00241189284872	-0.021342230817	-0.00579706279906	-0.0223803634291	0.00464016855617	-0.00451373379016	-0.0129026621294	-0.0408313893375	-0.023064617332	-0.0450561909324	-0.00581672797449	0.0141660162747	-0.0176510349226	-0.0113549379662	-0.0236809047587	0.0301256332735	-0.0549160807155	-0.0237133796947	-0.00873770256725	-0.00195572021486	1.0	0.0206369353853	0.0100697652336	0.00098571657296	-0.0156549502064	-0.00968778275829	0.0366065662151	-0.0326529896897	-0.015105241082	0.0779435964747	0.0130285958753	0.0254763214075	-0.0104800149516	0.0221488397172	-0.0453067233999	-0.0542946030301	-0.0170990616523	-0.0574929442534	-0.0124921093734	0.0259835386098	0.0336186696186	-0.0109234025814	0.0177532772233	-0.0622849111779	-0.0194983754172	-0.0278972948791	-0.0563900014805	0.00625134703083	-0.0376491067245	0.00737778654162	-0.0158629636965	-0.0161495928306	0.0559142172386	-0.030488844089	-0.00477421435546	-0.00615560696649	0.00969144213528	-0.0161026619074
k__Bacteria;p__Proteobacteria;c__Betaproteobacteria;o__Burkholderiales;f__Sutterellaceae;g__Parasutterella;s__Parasutterella_excrementihominis	-0.0255466311242	-0.0626928578572	-0.0948626286508	-0.0425889428205	-0.051715374221	0.00448291882846	-0.0212738548534	0.0179100930661	0.0381509237261	-0.0108739908754	-0.00176043238156	-0.000764779686271	-7.88807733128e-05	-0.00620789745884	-0.0144453276672	-0.00468425483627	-0.0115546933196	-0.0159354252575	-0.00321303017054	0.00800394194534	-0.00050993623238	0.0206369353853	1.0	0.00128420919334	-0.0250000509878	-0.0191799450668	-0.00502922139573	-0.0541805209994	0.00849711783343	0.0138892690554	0.00160359462223	0.0819214888642	-0.0187374853149	0.0356169682737	-0.0419262902665	0.00706537625986	-0.003479504727	-0.0365953439882	0.042287971801	-0.0190295242743	0.0490297474589	-0.0122613876678	-0.0497305872602	-0.0143457272099	-0.0358100162442	0.00300267240434	0.0357895623201	0.0291603281906	0.000555379925742	0.0182252434533	0.00308994423846	0.0415755657369	-0.0275100591947	0.0146026442688	0.0285122438727	0.010120325051	0.0143560370499	0.0289736773865	-0.0770349996026
k__Bacteria;p__Actinobacteria;c__Actinobacteria;o__Bifidobacteriales;f__Bifidobacteriaceae;g__Bifidobacterium;s__Bifidobacterium_adolescentis	0.0372739255657	0.0344355066559	-0.00405021181009	-0.0521547946987	0.0255182413219	-0.0153314151427	0.00856203147752	0.0015556504518	-0.0510317086234	-0.0586889757151	0.0535551756707	0.0119293226268	-0.00560299937584	-0.0462681135138	0.022531644014	-0.0100434056366	0.0298919154889	0.00946391263856	-0.012524789918	0.0273208216706	-0.00887713342238	0.0100697652336	0.00128420919334	1.0	0.0230408034787	-0.0342941965191	-0.0186638590746	-0.0388133210484	-0.014905333635	-0.0172222638519	-0.00123497762842	-0.0426822733108	0.0379862253883	-0.0102215484026	-0.0262942413249	-0.0437724195666	-0.0616860754219	-0.0303244646842	0.0262227028375	0.0334584817606	-0.0593561563806	0.0166544652932	0.0311753117805	-0.00621093837745	0.0169373145351	0.00725386583034	-0.0382262362494	0.00549444950547	-0.0404279703603	0.0259775442782	-0.0353974231435	-0.0597763419703	-0.0165948870245	0.000984477519107	0.00208232540314	-0.0169687341314	-0.0294774926751	0.0592667828794	-0.0164620740069
k__Bacteria;p__Firmicutes;c__Clostridia;o__Clostridiales;f__Oscillospiraceae;g__Oscillibacter;s__Oscillibacter_sp._KLE_1745	0.0186292693525	-0.0179707383792	-0.0273491316858	-0.0194772193698	-0.0288849720457	0.0301888327905	-0.0753121726305	-0.0399170786142	-0.0113653144567	-0.0310801138744	-0.0267059765057	0.0265816016644	-0.000351435758891	-0.0536934638024	0.0376940141732	-0.00979217440479	0.0176472525401	0.0361427257699	-0.0233035805319	-0.0245911647486	0.0258719062995	0.000985716572961	-0.0250000509878	0.0230408034787	1.0	0.0243654333241	0.0497351977443	0.0125513930657	-0.0128896857789	-0.0335766518281	-0.0077782723382	-0.0133094377646	-0.0265673737602	-0.0184487337887	-0.00973461812713	0.00782634283856	-0.0182805248359	0.00965920879646	0.0391581872439	0.0279765038351	0.00357949960571	0.0330167737247	-0.0489203950772	-0.0012082099892	-0.0230437795515	0.00450206637405	0.0100570831637	-0.0150039885502	-0.0300039751577	-0.0428571262341	-0.0184317947322	0.0120222969438	-0.00903542406385	0.000302270498607	-0.0172517878545	-0.0950388614612	0.0218646967538	0.0517433226613	-0.00143134007423
k__Bacteria;p__Bacteroidetes;c__Bacteroidia;o__Bacteroidales;f__Bacteroidaceae;g__Bacteroides;s__Bacteroides_coprophilus	-0.0267846032052	0.0143542647317	0.033991359132	0.00969498278194	-0.0799562337391	0.014127277574	-0.029345660914	-0.0736838109389	-0.0138556272374	0.0541244682855	-0.0269788492219	-0.0299512280268	-0.0425491893938	-0.0145192897027	-0.0324802896184	0.0187036580197	0.0134710067154	-0.0115472556049	-0.0207863966758	-0.0448016859392	-0.0471808866531	-0.0156549502064	-0.0191799450668	-0.0342941965191	0.0243654333241	1.0	0.0204628259502	0.0186546374046	0.00211884656581	0.0099860035984	0.026948365319	-0.0147860610307	-0.0152654634802	0.0116018223127	-0.0219500379591	-0.0364347476145	-0.0393674729794	-0.00142617752952	-0.0107821532671	0.00572419469817	-0.00948077954121	0.040930246791	-0.0172265518568	-0.0257314519261	-0.0315049575933	-0.010582903894	0.00676992743762	0.0686719177409	0.00266931214222	0.000987710744222	-0.0424015010625	-0.00621022131906	-0.051442759567	-0.0596887919798	0.00128016288568	0.020648511091	0.0165660661301	0.00620640072778	-0.0122447828707
k__Bacteria;p__Firmicutes;c__Clostridia;o__Clostridiales;f__Lachnospiraceae;g__Roseburia;s__Roseburia_intestinalis	0.0178425152425	-0.0254043591034	0.0449992798969	-0.0779570669809	-0.054440837612	-0.0438734116116	-0.0333101116233	-0.0222804663273	-0.0199969343201	-0.00542685614152	-0.0437487474725	-0.00719599486494	-0.0190269653083	0.00872963367729	-0.00237629118004	0.0212880469656	0.0289840195608	-0.042911406898	0.0052856200042	-0.00615734290389	-0.0328402236433	-0.00968778275829	-0.00502922139573	-0.0186638590746	0.0497351977443	0.0204628259502	1.0	0.0738729376178	-0.0399684359371	-0.011552876749	-0.0109838099281	-0.0297256423699	0.0214217289302	-0.00969644703548	-0.0471523119746	-0.0158212542685	0.0158661845082	-0.0475809552005	-0.0275470784966	-0.01109472787	-0.00629504751263	0.0376011560754	0.00702807926454	-0.0191032594685	-0.0439981502663	0.0334257099254	0.0105332123343	0.0138937805649	0.00312884422152	-0.0761282981853	-0.0254028025875	-0.0499697019708	0.00447829101258	0.0307725939612	-0.0169839576502	0.027623658323	0.0209579112355	-0.0110009405509	-0.0427869309552
k__Bacteria;p__Firmicutes;c__Clostridia;o__Clostridiales;f__Lachnospiraceae;g__Roseburia;s__Roseburia_hominis	-0.00889985036272	-0.0247661402982	0.0377553257543	-0.0497005971321	-0.0201984078166	0.0392319789587	0.0228187728902	-0.0144553595514	-0.00816647591857	-0.0187626994172	0.0238350437148	-0.0113321763918	0.052345353625	-0.00468849368744	0.0135142686663	-0.0208111257283	0.00845118657091	0.0360777297279	-0.0210242972537	-0.0231421846477	-0.0152128447725	0.0366065662151	-0.0541805209994	-0.0388133210484	0.0125513930657	0.0186546374046	0.0738729376178	1.0	-0.0235532857576	0.019086861551	-0.0370573752896	0.0496099849241	0.053181422297	-0.00543703837888	0.00141065756344	0.00045019946236	-0.0429510075535	-0.00168845380179	-0.0343675680854	-0.0072281638367	0.0221830772459	0.00794108829727	-0.0684728825406	-0.0106382248881	-0.0171016191079	0.035482823023	-0.0420191488654	-0.0362293077472	-0.0238880765694	0.00429961941708	0.054523118392	-0.0602679951378	-0.0223646156448	0.018182515963	0.0113301880454	0.0399484438824	-0.0336620137141	0.0165897993875	-0.00518061703593
k__Bacteria;p__Bacteroidetes;c__Bacteroidia;o__Bacteroidales;f__Porphyromonadaceae;g__Parabacteroides;s__Parabacteroides_johnsonii	0.0123336411586	-0.0652270444219	-0.00116763011101	-0.0426526136022	-0.014577955431	0.00759511619861	-0.0344410951336	-0.00618493290742	0.0391141943515	0.0559363480354	-0.0666388341548	0.0249075890977	-0.0033321000631	-0.00044683416332	0.0434594377836	0.0347812652867	-0.084581378709	0.0135353079236	0.0129515919686	0.00474017931484	0.00291918757505	-0.0326529896897	0.00849711783343	-0.014905333635	-0.0128896857789	0.00211884656581	-0.0399684359371	-0.0235532857576	1.0	-0.00488357946879	-0.0149780560791	-0.0593314671676	-0.0289766926831	-0.0115208014505	-0.0356174161878	-0.0369693069057	0.000992056055298	-0.00935986618047	-0.0380756275844	-0.00994266461454	0.0116956590429	0.0593706765351	0.0222507977205	0.014681926813	-0.004991107727	0.0208233981595	-0.0703821137946	0.0387500280078	-0.0136720052484	0.0122730640751	-0.0303298362488	-0.0195467212906	0.0225614998717	0.0159735401772	0.0476531592038	-0.0445966799773	-0.0148400224563	0.0151427865078	0.0516135833624
k__Bacteria;p__Actinobacteria;c__Actinobacteria;o__Bifidobacteriales;f__Bifidobacteriaceae;g__Bifidobacterium;s__Bifidobacterium_longum	-0.0627950584188	-0.00163114573213	0.018892640747	0.069931753081	-0.0295736348688	-0.00150090334291	-0.0107257218343	-0.035617147783	-0.0211218751772	0.0224726778376	0.00328207308235	-0.0151853193412	0.0332094865233	-0.0320265146479	-0.0102219061555	0.0357106824871	0.0138077669599	-0.0178334794272	-0.11205861315	0.0422430706574	0.0194438337077	-0.015105241082	0.0138892690554	-0.0172222638519	-0.0335766518281	0.0099860035984	-0.011552876749	0.019086861551	-0.00488357946879	1.0	-0.0268014541451	0.0786771268806	-0.0154136292129	0.00352124964361	0.0270264675894	-0.0273456608715	-0.0250605543754	-0.0339048671532	0.0318513527417	-0.00800424552168	-0.0255353184686	0.0242864123278	-0.00847686106861	-0.0120355698802	0.0506506252551	0.0265193191659	0.0116834693425	-0.0209224695684	-0.00295601718784	0.0567738205226	0.027035737993	0.016882341471	-0.094564050442	-0.0272725443361	-0.0299370046588	0.0120733947839	0.0140269899946	0.0301451849496	0.0261224793531
