#taxonomy	k__Bacteria;p__Bacteroidetes;c__Bacteroidia;o__Bacteroidales;f__Bacteroidaceae;g__Bacteroides;s__Bacteroides_vulgatus	k__Bacteria;p__Bacteroidetes;c__Bacteroidia;o__Bacteroidales;f__Bacteroidaceae;g__Bacteroides;s__Bacteroides_uniformis	k__Bacteria;p__Bacteroidetes;c__Bacteroidia;o__Bacteroidales;f__Rikenellaceae;g__Alistipes;s__Alistipes_putredinis	k__Bacteria;p__Bacteroidetes;c__Bacteroidia;o__Bacteroidales;f__Prevotellaceae;g__Prevotella;s__Prevotella_copri	k__Bacteria;p__Bacteroidetes;c__Bacteroidia;o__Bacteroidales;f__Bacteroidaceae;g__Bacteroides;s__Bacteroides_stercoris	k__Bacteria;p__Bacteroidetes;c__Bacteroidia;o__Bacteroidales;f__Bacteroidaceae;g__Bacteroides;s__Bacteroides_ovatus	k__Bacteria;p__Bacteroidetes;c__Bacteroidia;o__Bacteroidales;f__Rikenellaceae;g__Alistipes;s__Alistipes_shahii	k__Bacteria;p__Firmicutes;c__Clostridia;o__Clostridiales;f__Ruminococcaceae;g__Faecalibacterium;s__Faecalibacterium_prausnitzii	k__Bacteria;p__Bacteroidetes;c__Bacteroidia;o__Bacteroidales;f__Rikenellaceae;g__Alistipes;s__Alistipes_finegoldii	k__Bacteria;p__Bacteroidetes;c__Bacteroidia;o__Bacteroidales;f__Porphyromonadaceae;g__Parabacteroides;s__Parabacteroides_distasonis	k__Bacteria;p__Bacteroidetes;c__Bacteroidia;o__Bacteroidales;f__Bacteroidaceae;g__Bacteroides;s__Bacteroides_thetaiotaomicron	k__Bacteria;p__Bacteroidetes;c__Bacteroidia;o__Bacteroidales;f__Bacteroidaceae;g__Bacteroides;s__Bacteroides_coprocola	k__Bacteria;p__Bacteroidetes;c__Bacteroidia;o__Bacteroidales;f__Bacteroidaceae;g__Bacteroides;s__Bacteroides_cellulosilyticus	k__Bacteria;p__Bacteroidetes;c__Bacteroidia;o__Bacteroidales;f__Rikenellaceae;g__Alistipes;s__Alistipes_obesi	k__Bacteria;p__Firmicutes;c__Clostridia;o__Clostridiales;f__Lachnospiraceae;g__;s__[Eubacterium]_rectale	k__Bacteria;p__Bacteroidetes;c__Bacteroidia;o__Bacteroidales;f__Bacteroidaceae;g__Bacteroides;s__Bacteroides_plebeius	k__Bacteria;p__Bacteroidetes;c__Bacteroidia;o__Bacteroidales;f__Bacteroidaceae;g__Bacteroides;s__Bacteroides_fragilis	k__Bacteria;p__Proteobacteria;c__Betaproteobacteria;o__Burkholderiales;f__Sutterellaceae;g__Sutterella;s__Sutterella_wadsworthensis	k__Bacteria;p__Bacteroidetes;c__Bacteroidia;o__Bacteroidales;f__Porphyromonadaceae;g__Barnesiella;s__Barnesiella_intestinihominis	k__Bacteria;p__Bacteroidetes;c__Bacteroidia;o__Bacteroidales;f__Odoribacteraceae;g__Odoribacter;s__Odoribacter_splanchnicus	k__Bacteria;p__Bacteroidetes;c__Bacteroidia;o__Bacteroidales;f__Bacteroidaceae;g__Bacteroides;s__Bacteroides_salyersiae	k__Bacteria;p__Firmicutes;c__Clostridia;o__Clostridiales;f__Ruminococcaceae;g__Ruminiclostridium;s__[Eubacterium]_siraeum	k__Bacteria;p__Proteobacteria;c__Betaproteobacteria;o__Burkholderiales;f__Sutterellaceae;g__Parasutterella;s__Parasutterella_excrementihominis	k__Bacteria;p__Actinobacteria;c__Actinobacteria;o__Bifidobacteriales;f__Bifidobacteriaceae;g__Bifidobacterium;s__Bifidobacterium_adolescentis	k__Bacteria;p__Firmicutes;c__Clostridia;o__Clostridiales;f__Oscillospiraceae;g__Oscillibacter;s__Oscillibacter_sp._KLE_1745	k__Bacteria;p__Bacteroidetes;c__Bacteroidia;o__Bacteroidales;f__Bacteroidaceae;g__Bacteroides;s__Bacteroides_coprophilus	k__Bacteria;p__Firmicutes;c__Clostridia;o__Clostridiales;f__Lachnospiraceae;g__Roseburia;s__Roseburia_intestinalis	k__Bacteria;p__Firmicutes;c__Clostridia;o__Clostridiales;f__Lachnospiraceae;g__Roseburia;s__Roseburia_hominis	k__Bacteria;p__Bacteroidetes;c__Bacteroidia;o__Bacteroidales;f__Porphyromonadaceae;g__Parabacteroides;s__Parabacteroides_johnsonii	k__Bacteria;p__Actinobacteria;c__Actinobacteria;o__Bifidobacteriales;f__Bifidobacteriaceae;g__Bifidobacterium;s__Bifidobacterium_longum	k__Bacteria;p__Firmicutes;c__Clostridia;o__Clostridiales;f__;g__Flavonifractor;s__Flavonifractor_plautii	k__Bacteria;p__Firmicutes;c__Clostridia;o__Clostridiales;f__Clostridiaceae;g__Clostridium;s__Clostridium_phoceensis	k__Bacteria;p__Verrucomicrobia;c__Verrucomicrobiae;o__Verrucomicrobiales;f__Akkermansiaceae;g__Akkermansia;s__Akkermansia_muciniphila	k__Bacteria;p__Bacteroidetes;c__Bacteroidia;o__Bacteroidales;f__Prevotellaceae;g__Paraprevotella;s__Paraprevotella_xylaniphila	k__Bacteria;p__Firmicutes;c__Clostridia;o__Clostridiales;f__Ruminococcaceae;g__Ruminococcus;s__Ruminococcus_callidus	k__Bacteria;p__Bacteroidetes;c__Bacteroidia;o__Bacteroidales;f__Rikenellaceae;g__Alistipes;s__Alistipes_senegalensis	k__Bacteria;p__Firmicutes;c__Clostridia;o__Clostridiales;f__Lachnospiraceae;g__Blautia;s__Blautia_sp._KLE_1732	k__Bacteria;p__Bacteroidetes;c__Bacteroidia;o__Bacteroidales;f__Bacteroidaceae;g__Bacteroides;s__Bacteroides_oleiciplenus	k__Bacteria;p__Firmicutes;c__Clostridia;o__Clostridiales;f__Ruminococcaceae;g__Ruminococcus;s__Ruminococcus_bicirculans	k__Bacteria;p__Bacteroidetes;c__Bacteroidia;o__Bacteroidales;f__Bacteroidaceae;g__Bacteroides;s__Bacteroides_fluxus	k__Bacteria;p__Bacteroidetes;c__Bacteroidia;o__Bacteroidales;f__Prevotellaceae;g__Prevotella;s__Prevotella_stercorea	k__Bacteria;p__Firmicutes;c__Clostridia;o__Clostridiales;f__Lachnospiraceae;g__Dorea;s__Dorea_longicatena	k__Bacteria;p__Firmicutes;c__Clostridia;o__Clostridiales;f__Eubacteriaceae;g__Eubacterium;s__[Eubacterium]_eligens	k__Bacteria;p__Firmicutes;c__Clostridia;o__Clostridiales;f__Ruminococcaceae;g__;s__Ruminococcaceae_bacterium_D16	k__Bacteria;p__Firmicutes;c__Clostridia;o__Clostridiales;f__Lachnospiraceae;g__Coprococcus;s__Coprococcus_comes	k__Bacteria;p__Proteobacteria;c__Gammaproteobacteria;o__Enterobacterales;f__Enterobacteriaceae;g__Escherichia;s__Escherichia_coli	k__Bacteria;p__Firmicutes;c__Clostridia;o__Clostridiales;f__Ruminococcaceae;g__Anaerotruncus;s__Anaerotruncus_colihominis	k__Bacteria;p__Firmicutes;c__Clostridia;o__Clostridiales;f__Lachnospiraceae;g__Blautia;s__Blautia_obeum	k__Bacteria;p__Bacteroidetes;c__Bacteroidia;o__Bacteroidales;f__Odoribacteraceae;g__Odoribacter;s__Odoribacter_laneus	k__Bacteria;p__Firmicutes;c__Clostridia;o__Clostridiales;f__Ruminococcaceae;g__Ruminiclostridium;s__[Clostridium]_leptum	k__Bacteria;p__Bacteroidetes;c__Bacteroidia;o__Bacteroidales;f__Porphyromonadaceae;g__Parabacteroides;s__Parabacteroides_goldsteinii	k__Bacteria;p__Firmicutes;c__Clostridia;o__Clostridiales;f__Lachnospiraceae;g__Anaerostipes;s__Anaerostipes_hadrus	k__Bacteria;p__Firmicutes;c__Clostridia;o__Clostridiales;f__Ruminococcaceae;g__Ruminococcus;s__Ruminococcus_lactaris	k__Bacteria;p__Firmicutes;c__Clostridia;o__Clostridiales;f__Clostridiaceae;g__Clostridium;s__Clostridium_sp._L2-50	k__Bacteria;p__Firmicutes;c__Clostridia;o__Clostridiales;f__Clostridiaceae;g__Clostridium;s__Clostridium_sp._M62/1	k__Bacteria;p__Firmicutes;c__Clostridia;o__Clostridiales;f__;g__Intestinimonas;s__Intestinimonas_butyriciproducens	k__Bacteria;p__Actinobacteria;c__Actinobacteria;o__Bifidobacteriales;f__Bifidobacteriaceae;g__Bifidobacterium;s__Bifidobacterium_bifidum	k__Bacteria;p__Firmicutes;c__Negativicutes;o__Veillonellales;f__Veillonellaceae;g__Dialister;s__Dialister_invisus	k__Bacteria;p__Bacteroidetes;c__Bacteroidia;o__Bacteroidales;f__Bacteroidaceae;g__Bacteroides;s__Bacteroides_salanitronis
k__Bacteria;p__Bacteroidetes;c__Bacteroidia;o__Bacteroidales;f__Bacteroidaceae;g__Bacteroides;s__Bacteroides_vulgatus	1.0	-0.0392228047688	-0.0295226231024	-0.024114868823	0.0125018783655	0.046204472477	-0.0446579814423	0.000777301798205	0.0263631245491	-0.0125253975616	-0.0293803392051	0.0830915123513	0.00427462328495	0.00618170118172	0.0150872959779	-0.0526726437595	0.071176012555	-0.0413218249943	0.0232945019355	0.0292930224528	-0.0388951735923	-0.0112945611993	0.00121037688678	0.0141434802214	-0.0229007266654	-0.0303638042498	0.0201637420034	0.032563144685	-0.0269017215555	0.00981633919709	-0.065419236773	-0.0486700425337	0.000501951224101	-0.0160577688676	0.0285098100157	0.0467318654858	0.0281769431361	0.049234923031	0.0546827154003	0.0502983680986	-0.0466030437787	-0.0221660115227	-0.0258870367895	-0.0412730969994	-0.0241163947693	-0.0231532002786	-0.0133285464544	-0.0413278260024	0.011696996854	-0.0358486126035	0.0134335944756	-0.0081742512472	-0.0436098388927	0.0067758100474	-0.0461288613457	-0.0128488009339	0.00147603918046	0.00743057298635	0.0341822129452
k__Bacteria;p__Bacteroidetes;c__Bacteroidia;o__Bacteroidales;f__Bacteroidaceae;g__Bacteroides;s__Bacteroides_uniformis	-0.0392228047688	1.0	0.000582035302966	-0.0316130273592	0.00582255742835	-0.0223392144509	-0.00201350287168	-0.0149418112323	-0.0228369479543	-0.0174615468404	-0.0364482850725	0.0144288489668	-0.0295617838989	-0.0240103529166	0.00779404919979	-0.0283245198325	-0.0240817927968	0.0240050017944	-0.0206822491561	-0.010383529063	-0.0211971262798	-0.0454501563978	-0.0199583481475	-0.0212679519312	0.037658954658	0.0160371449887	0.00555805152123	0.0194751533692	-0.0634549188016	-0.00221389357419	0.00346869706183	0.011431590317	-0.0169501408388	0.0131067281502	0.018555590584	-9.67298123216e-05	0.0565499999821	0.052778688671	0.00710695353216	-0.0233838633815	-0.0261988799641	0.0447346668754	-0.0418626149828	0.0236901871139	0.0141437398124	-0.00869375770903	-0.0629772119532	-0.0418779323079	-0.0358557852705	-0.0470536289473	0.0229974472679	-0.0270951007355	-0.0139702320356	0.0106361295801	0.0484418043078	0.00197635347905	-0.0259862411723	0.0118377419399	0.00884524907753
k__Bacteria;p__Bacteroidetes;c__Bacteroidia;o__Bacteroidales;f__Rikenellaceae;g__Alistipes;s__Alistipes_putredinis	-0.0295226231024	0.000582035302966	1.0	0.0668579717944	-0.0409848455551	-0.0013646484037	0.0609653843049	0.00659377752353	0.00935279583468	0.0679745810663	0.00946200734026	0.0129616462843	0.0331679117554	-0.0211104231854	0.00664326908676	0.00364810403054	-0.00756229336035	-0.00674446843985	0.0448945731579	0.0275181176453	0.0834661813182	-0.00539538553297	-0.0028385781949	0.0433417025898	0.0201560559585	-0.0116169492246	0.0270467665449	0.0416466669738	0.0197886442969	0.00748960264728	-0.0443368290332	0.00320060452921	0.0306964684773	-0.0251860195457	-0.0392136351951	-0.010647589271	-0.0231841914329	-0.0391451729166	0.0132476365781	0.0352852542533	0.0115372280879	-0.00296489558667	0.0497684023179	-0.0500958782178	0.0333816445132	-0.035640680866	0.0588318731933	0.0182527574455	0.00587019080215	0.00817057190755	-0.0350838649638	-0.0519102947086	0.0157716957794	-0.017945439284	0.000919271826603	-0.0194629021329	-0.0230951637163	-0.0359623077905	-0.0520770039452
k__Bacteria;p__Bacteroidetes;c__Bacteroidia;o__Bacteroidales;f__Prevotellaceae;g__Prevotella;s__Prevotella_copri	-0.024114868823	-0.0316130273592	0.0668579717944	1.0	0.0128909610232	-0.0228243944427	0.00574793083301	-0.0061907117691	0.006530878585	-0.00224790729554	-0.0558088612269	-0.00887526676081	0.0302686644575	0.0323945572572	-0.0741681787081	-0.0197749225321	0.000744399696337	0.0179892510729	-0.0209241353847	0.0184833814244	-0.00253959068974	0.0192467482413	-0.0181513785868	-0.0634682650621	-0.0397134617074	0.0123308561606	-0.0279460594701	-0.0349645723895	-0.0449685404947	0.0513411623	0.000261891249445	-0.0477143420615	-0.00602415484869	-0.0109809149143	0.0174972484508	0.00982533877228	0.000266311444456	0.0483705717951	-0.011641407436	-0.0188903585023	-0.0507376397378	-0.00333827755763	-0.0199535823915	0.000620875436541	-0.0223651008472	-0.00497413570857	-0.00677026935028	0.00753914583473	0.0548937757672	-0.00516501955309	0.00552943830577	-0.0217150179776	-0.00462094926208	0.02406251189	-0.0136719855167	0.0558712301805	0.0253576277599	0.0317249923751	-0.0155340631143
k__Bacteria;p__Bacteroidetes;c__Bacteroidia;o__Bacteroidales;f__Bacteroidaceae;g__Bacteroides;s__Bacteroides_stercoris	0.0125018783655	0.00582255742835	-0.0409848455551	0.0128909610232	1.0	-0.00958789723423	0.0054171815902	0.0132918693491	-0.0371709490122	0.00279716804813	0.0293604135628	-0.0345407923151	0.0226674410295	-0.0372346583798	-0.0192658352767	0.0227083781839	0.0016339718228	-0.0130522818853	-0.00365372024427	-0.0492901226977	-0.0410805342404	-0.000405072995243	-0.0107764364287	-0.00610776685071	-0.0411861412683	-0.0124885159775	-0.0272688643689	0.0115931000592	0.0410306560778	0.00948096244083	-0.0345444789629	-0.0247407259541	-0.031124692094	-0.0528814128817	-0.0558194051725	0.00664558368924	-0.0266754295272	0.052292015173	0.0199778062625	-0.0240485187405	0.042388489004	-0.0107685497601	-0.0623364332841	0.0321207991399	-0.00310760780759	0.0369520279725	-0.000269119400437	0.0274475573199	0.00110959184172	7.57245726176e-05	-0.0175356597093	-0.0257260402068	0.0119781562836	0.0606341630709	-0.0368338578564	-0.0499133655171	-0.00762773698498	-0.0226958906533	-0.0011303484981
k__Bacteria;p__Bacteroidetes;c__Bacteroidia;o__Bacteroidales;f__Bacteroidaceae;g__Bacteroides;s__Bacteroides_ovatus	0.046204472477	-0.0223392144509	-0.0013646484037	-0.0228243944427	-0.00958789723423	1.0	-0.0298693747701	-0.0301605130105	-0.00844257800015	0.00899845355006	0.0268638915536	0.0491580288698	-0.0238469529364	-0.0283061521385	-0.0161668607036	0.000946295696195	0.0187224142679	0.0652429060142	-0.00628335049947	0.0110477358832	0.0384871462728	-0.0306356827678	-0.0243882869962	-0.0128275552468	-0.0432440551324	-0.0507667321206	-0.0516619769759	-0.0128151433105	-0.0325857969011	-0.0289054083216	-0.014076048317	-0.0225979821187	0.0262669408437	-0.0176740723708	0.020081647114	-0.0619094014409	-0.012863341137	0.0346688374315	-0.0342116507383	0.0522448264147	0.0140218895118	-0.0212229841279	-0.0480177119771	-0.0095933627035	0.0119943620901	0.0238043205985	-0.05099515261	0.0377239430392	-0.021831157662	-0.0790315712389	-0.0353164174453	0.0169738108272	0.0135895407412	0.0019222847232	0.0140457520071	-0.00722915540975	0.039179524837	0.0284522857473	-0.0356868960263
k__Bacteria;p__Bacteroidetes;c__Bacteroidia;o__Bacteroidales;f__Rikenellaceae;g__Alistipes;s__Alistipes_shahii	-0.0446579814423	-0.00201350287168	0.0609653843049	0.00574793083301	0.0054171815902	-0.0298693747701	1.0	0.0399397088079	0.0198918323572	-0.00210387611849	-0.0191725202941	0.0486856668362	-0.041689014554	0.032234446639	0.0437135355166	0.000249015231853	-0.0449981806205	0.0153189939624	-0.0644701089174	-0.0410919107369	0.0230109900127	-0.0395660056734	0.0400906578628	-0.00951716367766	-0.0250161236165	0.00792865062633	-0.0215212508468	0.0143856986498	-0.0251674748148	-0.0508280056128	0.00934138764468	-0.0439950576798	-0.01233632778	0.0389162005922	-0.0225886070249	-0.0114589737174	-0.0385191221905	0.00870318954852	-0.0252121659336	-0.0641906309217	0.00876628785029	0.0137161385556	-0.0365090451988	-0.0541216626786	-0.0087633023428	-0.0259162179672	-0.0418736402934	0.014553690844	-0.0419329268102	-0.0386985530519	-0.0364103999796	-0.00982190314822	-0.0335352786421	-0.0259144520813	-0.00717495486466	0.010449949146	-0.00999616371434	0.0632777049315	-0.00581744290114
k__Bacteria;p__Firmicutes;c__Clostridia;o__Clostridiales;f__Ruminococcaceae;g__Faecalibacterium;s__Faecalibacterium_prausnitzii	0.000777301798205	-0.0149418112323	0.00659377752354	-0.0061907117691	0.0132918693491	-0.0301605130105	0.0399397088079	1.0	-0.0100381930132	0.0429404185744	0.0509785055287	0.017629859395	-0.0429740609162	-0.051413791587	0.00170404708152	0.0121598850533	-0.0214101038811	-0.0752344237834	0.0244823002204	-0.0609721383715	-0.00155176753485	0.0227054037086	-0.0256363359904	-0.00456182854392	-0.0250655930289	-0.075219512146	-0.0370739332731	0.0256052721075	0.00148477873382	0.0393878325184	-0.0104599564019	-0.0136361536503	-0.00401114283482	-0.00129723869223	-0.0110797757876	-0.0128313661049	0.015559744964	-0.0419250745113	0.0254409340938	0.0237989009673	-0.0173552240156	0.0281913584764	-0.0193427767246	-0.0270350222865	-0.0020335890538	-0.0306896053548	0.0631559236908	-0.0458166267194	0.0108414013004	-0.0267176143009	-0.038115666105	-0.0666923920892	-0.00890036653917	0.0679251571702	-0.0646439319713	0.0275567368434	-0.0277639245048	0.0172744773233	-0.0543120946824
k__Bacteria;p__Bacteroidetes;c__Bacteroidia;o__Bacteroidales;f__Rikenellaceae;g__Alistipes;s__Alistipes_finegoldii	0.0263631245491	-0.0228369479543	0.00935279583468	0.006530878585	-0.0371709490122	-0.00844257800015	0.0198918323572	-0.0100381930132	1.0	0.0144309823892	0.00270879927147	0.0291817032505	-0.0037386987415	-0.00421977667678	0.00389224577223	0.0596542682933	0.0109412105351	-0.0102855911163	-0.068916371417	-0.0221559738186	0.00714258615839	0.0648944968223	0.0225889633385	-0.00794495647467	-0.0596822331375	-0.0223157042169	-0.0486263802972	-0.00892900229571	-0.0160803710848	0.0268163104111	-0.0209577900489	-0.0397653023172	-0.040274529668	0.0211849822632	0.0108566209495	0.0455977273324	0.0400274059887	-0.062093247346	-0.00699439500782	-0.0217942516771	-0.0416382225332	-0.0530392130855	0.0152998113583	-0.0232073663381	-0.0137296179192	-0.0324995756169	0.044094660551	0.0355668833026	-0.0413526235144	0.0298752844621	0.0257735471783	-0.0173612450004	-0.0550444737319	-0.0356075961049	-0.0727022993057	-0.030896092887	-0.0442675068522	-0.0158230608787	0.0328596923191
k__Bacteria;p__Bacteroidetes;c__Bacteroidia;o__Bacteroidales;f__Porphyromonadaceae;g__Parabacteroides;s__Parabacteroides_distasonis	-0.0125253975616	-0.0174615468404	0.0679745810663	-0.00224790729554	0.00279716804813	0.00899845355006	-0.00210387611849	0.0429404185744	0.0144309823892	1.0	0.021050198106	-0.0481366485149	-0.00823507301064	-0.0170833059043	0.0114148918166	0.011577471299	-0.0343501727885	0.0243843184341	-0.00480684880847	-0.0649933936495	-0.0190717244579	-0.0217222489889	-0.00994242222753	-0.0420932676986	-0.0114231559828	-0.015424018135	-0.0265159327579	0.00796313961555	0.0130655197996	0.0496428971984	-0.0484001554104	0.0563566862102	-0.0377395623381	0.00302725622155	-0.0355689088935	-0.00990629827938	0.0108418107733	-0.00356591020626	0.0384520537621	-0.010121116782	-0.00183191638709	-0.0227655694534	0.0039014738347	-0.0115705020579	-0.0500008187628	-0.00971022698841	-0.0425056058445	0.0207535470145	0.0218736977652	0.0021285505262	-0.015615757973	0.0223163049157	-0.0334235864484	-0.0550022492407	-0.0108545465381	0.0435724743958	-0.00397556002681	0.00953760796439	-0.026575127411
k__Bacteria;p__Bacteroidetes;c__Bacteroidia;o__Bacteroidales;f__Bacteroidaceae;g__Bacteroides;s__Bacteroides_thetaiotaomicron	-0.0293803392051	-0.0364482850725	0.00946200734026	-0.0558088612269	0.0293604135628	0.0268638915536	-0.0191725202941	0.0509785055287	0.00270879927147	0.021050198106	1.0	0.0134373410122	-0.0102464534281	-0.00522463941557	0.0331542915917	-0.00445835491371	-0.00971753165337	-0.00520156263645	0.00574964305592	-0.0178205117386	-0.0147318435782	-0.0112105235795	0.0488688339213	-0.0166734770722	-0.0470583645235	-0.0356957341534	-0.017851237848	-0.0258647942205	0.0264574983861	0.0123275864798	0.0196459364447	-0.0554211193747	0.0293346672225	0.0289954731262	-0.0547728695279	-0.0326832491108	-0.0177892452749	-0.0209827094989	-0.0116416657544	0.0113913651094	-0.00397029360918	0.00805600843629	-0.0148117389819	0.018600159406	0.0202759428822	-0.0167560677175	0.0271468952514	0.0287778112916	-0.0166843854724	-0.0441585056947	-0.049140716086	0.00898299161599	-0.00383314761031	-0.0175506678756	-0.0430773241479	-0.0256120003816	-0.0467595115491	0.00566008377239	-0.00957556863359
k__Bacteria;p__Bacteroidetes;c__Bacteroidia;o__Bacteroidales;f__Bacteroidaceae;g__Bacteroides;s__Bacteroides_coprocola	0.0830915123513	0.0144288489668	0.0129616462843	-0.00887526676081	-0.0345407923151	0.0491580288698	0.0486856668362	0.017629859395	0.0291817032505	-0.0481366485149	0.0134373410122	1.0	0.0271698707822	-0.0317144087639	-0.0384102250371	0.0203459391546	-0.00967788941941	-0.0274152657377	-0.0376074857744	-0.0453967392399	-0.00028107653674	-0.0504521105604	-0.00697947590125	-0.046830983946	-0.000256414701076	-0.0185004506587	0.0362532247546	-0.0121601377641	-0.00290336576306	-0.0226650948109	0.0166882689008	-0.0554945002658	-0.0430150947553	0.0179883325492	-0.0430149760957	-0.0424476003448	-0.0251889570768	0.0331174553795	0.00746232451059	-0.0114987762939	-1.61134061707e-05	-0.0422236248122	0.0320102621175	-0.0257048297704	-0.0698718999925	0.0354023354152	-0.0400940780481	0.00572230783711	-0.00479514285756	-0.0225778027373	-0.0416988082358	0.00911399302733	-0.0500026385959	-0.00224368519706	-0.0306984614536	0.0323207982466	0.0298530074792	-0.00401775566096	-0.00835810331744
k__Bacteria;p__Bacteroidetes;c__Bacteroidia;o__Bacteroidales;f__Bacteroidaceae;g__Bacteroides;s__Bacteroides_cellulosilyticus	0.00427462328495	-0.0295617838989	0.0331679117554	0.0302686644575	0.0226674410295	-0.0238469529364	-0.041689014554	-0.0429740609162	-0.0037386987415	-0.00823507301064	-0.0102464534281	0.0271698707822	1.0	0.0154643601073	-0.017032947544	0.0436826681283	-0.00384716044604	0.0216831092117	-0.0207291831379	-0.0213000233142	-0.0286931997239	0.0301067145298	-0.0189310628723	0.0168694847752	-0.033196212906	-0.0516828128939	-0.00469636619414	0.0100355414248	0.00541029517863	0.0327433960949	0.0433287761324	-0.0708029333161	-0.0191265034589	-0.00408188199609	-0.061208095182	-0.0555324454083	-0.022801408072	0.050846619937	0.0462447141759	-0.0507454799462	-0.0174883262581	0.0190492744338	0.0199144275621	0.011401771235	-0.0173079610388	0.010463349082	-0.00755109244935	-0.034119758356	-0.0146742935998	-0.0167144385908	0.0193472615021	0.0314819916161	-0.0420947859456	-0.0385039112737	-0.0101617145004	0.0207008737766	-0.0469688903455	0.0275855337985	-0.00347483714548
k__Bacteria;p__Bacteroidetes;c__Bacteroidia;o__Bacteroidales;f__Rikenellaceae;g__Alistipes;s__Alistipes_obesi	0.00618170118172	-0.0240103529166	-0.0211104231854	0.0323945572572	-0.0372346583798	-0.0283061521385	0.032234446639	-0.051413791587	-0.00421977667678	-0.0170833059043	-0.00522463941557	-0.0317144087639	0.0154643601073	1.0	-0.0192545088785	-0.0738453059244	0.0278039678366	-0.0607563213556	-0.035857794014	-0.00805877719115	0.0247859376525	0.0182228895253	0.0257112163179	-0.0147793661727	0.0496025823699	0.071448374651	0.033771845846	-0.0348242122035	-0.00449050001193	-0.0138097250964	0.0144828566969	-0.0153194114209	0.00187052892183	0.0271725459383	0.00869766896031	0.0670022877694	0.0216993840368	0.0279290111603	-0.0448138690675	-0.0212140081987	0.0141167372682	0.0110934741632	0.0249811204125	-0.0183179747009	-0.0129637426937	0.0221405196007	0.0130724132785	0.0614919551444	-0.0205764041867	-0.00909345964511	0.0211603119377	0.016614738225	-0.0237872749911	-0.00390264187463	0.0405164757294	-0.0114184512718	0.0210006103311	-0.0109532418754	-0.0183878608861
k__Bacteria;p__Firmicutes;c__Clostridia;o__Clostridiales;f__Lachnospiraceae;g__;s__[Eubacterium]_rectale	0.0150872959779	0.00779404919979	0.00664326908676	-0.0741681787081	-0.0192658352767	-0.0161668607036	0.0437135355166	0.00170404708152	0.00389224577223	0.0114148918166	0.0331542915917	-0.0384102250371	-0.017032947544	-0.0192545088785	1.0	0.0144076463653	0.0773671044369	0.0209343637712	0.0148620097423	0.00513547693051	-0.0275573933788	-0.0449959510914	0.00526555844213	0.0252329606051	0.0155374461334	0.0154576352175	0.040376109628	0.00405473763146	-0.00168897884444	-0.0461771511309	0.0301884513456	-0.0354763532272	-0.0324716971392	0.0106407265332	-0.0129567071658	-0.0349141783105	0.00431293254035	-0.0733146522233	-0.0517979405451	0.0311621034693	0.0455792218839	0.0356054430784	-0.0179409299178	-0.0296232954725	-0.0235044332106	0.0148999414673	-0.0480455530393	0.0587563437995	-0.0336875983579	0.0279186203472	-0.0163176519717	-0.0641416979734	-0.00105829908393	0.0219483116529	-0.0362557293524	0.0316028652978	-0.0417694967639	-0.024415556457	0.040492140768
k__Bacteria;p__Bacteroidetes;c__Bacteroidia;o__Bacteroidales;f__Bacteroidaceae;g__Bacteroides;s__Bacteroides_plebeius	-0.0526726437595	-0.0283245198325	0.00364810403054	-0.0197749225321	0.0227083781839	0.000946295696196	0.000249015231853	0.0121598850533	0.0596542682933	0.011577471299	-0.00445835491371	0.0203459391546	0.0436826681283	-0.0738453059244	0.0144076463653	1.0	-0.0445783416017	-0.0175738524217	-0.0518097897745	0.00585403937914	-0.0264262653619	-0.021461222275	0.0103831426697	0.0157961217133	-0.0282299299822	-0.0134072472629	-0.0163904406161	0.023907762587	0.0417307127244	0.0254385258707	-0.03551612204	-0.0162853123834	-0.0442828285711	-0.0131772982841	-0.0448968168138	-0.0513334426552	-0.0142731562813	-0.00924972847619	0.020006939294	0.0158744431076	0.0354015941827	0.00857284055388	-0.0395060511912	0.0204825705856	0.0140632575423	-0.0133443959192	0.0115401623906	0.0036848464823	-0.0300159393692	0.0288134015552	-0.0404199114958	-0.0449874764369	-0.0519205306436	-0.00185753252823	0.00885643600461	0.0544078074009	-0.0215598890345	-0.0407889020673	-0.0450396164705
k__Bacteria;p__Bacteroidetes;c__Bacteroidia;o__Bacteroidales;f__Bacteroidaceae;g__Bacteroides;s__Bacteroides_fragilis	0.071176012555	-0.0240817927968	-0.00756229336035	0.000744399696337	0.0016339718228	0.0187224142679	-0.0449981806205	-0.0214101038811	0.0109412105351	-0.0343501727885	-0.00971753165337	-0.00967788941941	-0.00384716044604	0.0278039678366	0.0773671044369	-0.0445783416017	1.0	0.0489715667899	-0.0535212662363	-0.0153688971749	-0.0945007047588	0.0201765338747	-0.00325238388704	-0.00645368539565	-0.0149873704758	0.0139691938499	0.0134325878314	0.0312326163687	-0.0100995404561	-0.00194070670598	0.0336091871373	0.0305370261747	0.00633612483542	0.0297557470707	0.0280143228715	-0.0470580534655	-0.0269077005931	0.0243887243182	-0.0368940984956	0.0355921740585	-0.0201715277633	-0.0554329994217	-0.0190672561222	0.00255440450749	-0.0263295501066	-0.0268839522639	-0.023134957452	0.0109127540643	-0.00959220933628	-0.0732437177119	0.00832862017058	-0.00999674996051	-0.0128346152978	0.022834357057	-0.0141222248305	-0.0427005514016	-0.0213080062716	-0.00879954700643	0.0256846628519
k__Bacteria;p__Proteobacteria;c__Betaproteobacteria;o__Burkholderiales;f__Sutterellaceae;g__Sutterella;s__Sutterella_wadsworthensis	-0.0413218249943	0.0240050017944	-0.00674446843985	0.0179892510729	-0.0130522818853	0.0652429060142	0.0153189939624	-0.0752344237834	-0.0102855911163	0.0243843184341	-0.00520156263645	-0.0274152657377	0.0216831092117	-0.0607563213556	0.0209343637712	-0.0175738524217	0.0489715667899	1.0	-0.0388075297592	-0.0494948272639	-0.0222876077046	0.0415291243897	-0.0237980890821	-0.0767148880005	-0.0679964784619	0.0448626660522	0.00318064797084	0.00201819153661	0.042119344097	0.00733993682885	-0.0623924174738	-0.0039338902703	-0.0021091682098	-0.0197704275599	0.0104774635455	-0.0194969649691	0.0314077053732	-0.0648638419916	-0.00316654854901	-0.0370108544891	-0.0816249368935	0.00945261863509	-0.0236943018052	-0.00112508498031	0.00505678986852	0.0306453747524	0.00778541438158	0.0137917294875	-0.03612432316	0.00757080971254	0.016425011124	-0.0380549228205	0.0247273391998	-0.0201437510097	-0.0358534085027	-0.0596971813286	-0.0396604834406	0.0182572774663	0.0473661395763
k__Bacteria;p__Bacteroidetes;c__Bacteroidia;o__Bacteroidales;f__Porphyromonadaceae;g__Barnesiella;s__Barnesiella_intestinihominis	0.0232945019355	-0.0206822491561	0.0448945731579	-0.0209241353847	-0.00365372024427	-0.00628335049947	-0.0644701089174	0.0244823002204	-0.068916371417	-0.00480684880847	0.00574964305592	-0.0376074857744	-0.0207291831379	-0.035857794014	0.0148620097423	-0.0518097897745	-0.0535212662363	-0.0388075297592	1.0	-0.00276409476464	-0.00509252392517	0.0078316359172	-0.0133317103226	-0.047279930412	-0.0129859030576	-0.0505535840128	-0.0167057135542	-0.0321984981224	-0.0297670927119	0.014937872785	0.00110516880547	-0.0344280059695	-0.0032946895093	0.0255383288465	-0.0622150882007	0.0150247183595	-0.0775595310226	0.00814925966582	0.0437295775721	-0.0370243227097	-0.0293415652156	0.0428297026273	-0.0313443271927	0.0195161927604	-0.0270778146955	0.045383368658	-0.00154394003096	-0.0251062329336	-0.0210306062444	0.0292609247395	-0.0029869875019	0.00566247955692	-0.0913706254415	0.0212345940703	0.0300613744643	0.0585048321737	0.0103630754497	-0.0193936477001	0.0197734134315
k__Bacteria;p__Bacteroidetes;c__Bacteroidia;o__Bacteroidales;f__Odoribacteraceae;g__Odoribacter;s__Odoribacter_splanchnicus	0.0292930224528	-0.010383529063	0.0275181176453	0.0184833814244	-0.0492901226977	0.0110477358832	-0.0410919107369	-0.0609721383715	-0.0221559738186	-0.0649933936495	-0.0178205117386	-0.0453967392399	-0.0213000233142	-0.00805877719115	0.00513547693051	0.00585403937914	-0.0153688971749	-0.0494948272639	-0.00276409476464	1.0	-0.0157246635483	-0.0102118158742	0.0410944911534	0.00289051186236	-0.0520036972635	-0.0524026221269	0.0118875535095	-0.0181457672724	-0.00421110835628	-0.0365192400069	0.021532318542	0.0132214103185	0.0456745953627	-0.0332444778669	0.0155512845557	-0.0418400471242	-0.0569685101245	0.0220332423208	-0.00987923624078	-0.0162355520164	0.000761832971635	0.0414631729658	-0.0154544420397	0.0849639140176	0.014075172438	0.0153206151859	-0.00393209800343	-0.00666698229338	-0.0160847313085	-0.0103506846618	0.0252431834121	-0.0191445343432	0.0585890698446	-0.0267546384121	-0.00305662877966	-0.0626295164846	-0.0454773697549	-0.0342835631877	-0.0675658872849
k__Bacteria;p__Bacteroidetes;c__Bacteroidia;o__Bacteroidales;f__Bacteroidaceae;g__Bacteroides;s__Bacteroides_salyersiae	-0.0388951735923	-0.0211971262798	0.0834661813182	-0.00253959068974	-0.0410805342404	0.0384871462728	0.0230109900127	-0.00155176753485	0.00714258615839	-0.0190717244579	-0.0147318435782	-0.00028107653674	-0.0286931997239	0.0247859376525	-0.0275573933788	-0.0264262653619	-0.0945007047588	-0.0222876077046	-0.00509252392517	-0.0157246635483	1.0	0.00265475261718	-0.0060450252205	0.0135342566449	0.00248598200938	-0.0205699516272	-0.0145286600586	-0.0203929251882	0.00310057629493	-0.0178327110367	0.0317905127138	-0.0333749104338	-0.0174579720436	-0.0761092704193	-0.0326158910251	0.0236038823242	0.00644121231882	-0.0124696064482	-0.00777780735698	-0.0503026211047	0.0216002988705	0.00412808953691	0.0249548786776	-0.0374167645351	0.0460906412223	-0.0224499208287	0.00841443016387	0.0384077092034	-0.0219010427705	0.0484713554007	-0.0402146997937	-0.0515097636402	0.0209922079639	0.0404790584378	0.0403847946566	-0.0638080066427	-0.0396787573971	0.0238960754212	-0.0278025738789
k__Bacteria;p__Firmicutes;c__Clostridia;o__Clostridiales;f__Ruminococcaceae;g__Ruminiclostridium;s__[Eubacterium]_siraeum	-0.0112945611993	-0.0454501563978	-0.00539538553297	0.0192467482413	-0.000405072995243	-0.0306356827678	-0.0395660056734	0.0227054037086	0.0648944968223	-0.0217222489889	-0.0112105235795	-0.0504521105604	0.0301067145298	0.0182228895253	-0.0449959510914	-0.021461222275	0.0201765338747	0.0415291243897	0.0078316359172	-0.0102118158742	0.00265475261718	1.0	-0.0207659406322	-0.036792439255	0.0177311516434	0.0631633851158	-0.0176893248943	-0.012256474245	0.00842828575544	-0.038233102752	-0.0132232327745	-0.0314311280329	-0.0525191681467	0.0270832114178	0.0645288668653	-0.0480330442655	0.00432633786373	-0.00900543445223	0.014763056936	-0.0233583170331	0.0106329713294	0.0350418149121	-0.053064850461	-0.0695671940016	-0.0471589976634	-0.0161771270175	-0.0150912250431	0.0075939645689	-0.0229481772524	-0.0204847899405	0.0617861545746	-0.0497222249607	0.00491106212483	-0.000364492741469	0.0285560753294	-0.0178233621378	-0.0129801375786	-0.0293891828307	0.0108971526207
k__Bacteria;p__Proteobacteria;c__Betaproteobacteria;o__Burkholderiales;f__Sutterellaceae;g__Parasutterella;s__Parasutterella_excrementihominis	0.00121037688678	-0.0199583481475	-0.0028385781949	-0.0181513785868	-0.0107764364287	-0.0243882869962	0.0400906578628	-0.0256363359904	0.0225889633385	-0.00994242222753	0.0488688339213	-0.00697947590125	-0.0189310628723	0.0257112163179	0.00526555844213	0.0103831426697	-0.00325238388704	-0.0237980890821	-0.0133317103226	0.0410944911534	-0.0060450252205	-0.0207659406322	1.0	-0.0269692097799	0.00250393065039	-0.0305535679706	-0.0453930632841	-0.0174614088556	0.027752508707	-0.0152545482174	-0.0101889416916	-0.0331990807011	-0.011708284571	0.00843080105084	0.0122409928003	-0.0384396400081	-0.0111063409678	-0.00579632276896	-0.0400602600146	-0.00832128279654	0.0317234350616	-0.070896665646	-0.0296781291824	0.0463100922507	0.0310055095154	0.0486167792842	-0.00452418437577	0.0348607788622	-0.0350638687762	0.0104395690891	0.0200549283951	-0.0358995946879	-0.0148365445683	-0.00438406409313	-0.0028834124386	-0.0175720544015	0.0242552758396	0.0249436321047	-0.051071325998
k__Bacteria;p__Actinobacteria;c__Actinobacteria;o__Bifidobacteriales;f__Bifidobacteriaceae;g__Bifidobacterium;s__Bifidobacterium_adolescentis	0.0141434802214	-0.0212679519312	0.0433417025898	-0.0634682650621	-0.00610776685071	-0.0128275552468	-0.00951716367766	-0.00456182854392	-0.00794495647467	-0.0420932676986	-0.0166734770722	-0.046830983946	0.0168694847752	-0.0147793661727	0.0252329606051	0.0157961217133	-0.00645368539565	-0.0767148880005	-0.047279930412	0.00289051186236	0.0135342566449	-0.036792439255	-0.0269692097799	1.0	0.0454659082989	0.0281024385574	-0.0387670000017	-0.0150249755221	-0.0654220673376	0.00454690000424	0.0329907140423	-0.0146250861134	-0.00660437149741	-0.0382905961593	0.0420839046586	-0.0302615503918	-0.0387848476566	-0.0188025042193	-0.00390299461771	0.00313805596551	0.0286348827345	8.71994497711e-05	-0.0246804708171	-0.00823135950577	-0.00369082005049	0.0220852147598	-0.0159000789069	0.00895113689628	0.0122230050242	0.0208681456972	-0.0228440325661	-0.0145725206512	-0.0380366011577	-0.0120078408571	-0.00835351392978	-0.00212509270878	-0.0148343144027	0.0416827372476	8.91883605105e-05
k__Bacteria;p__Firmicutes;c__Clostridia;o__Clostridiales;f__Oscillospiraceae;g__Oscillibacter;s__Oscillibacter_sp._KLE_1745	-0.0229007266654	0.037658954658	0.0201560559585	-0.0397134617074	-0.0411861412683	-0.0432440551324	-0.0250161236165	-0.0250655930289	-0.0596822331375	-0.0114231559828	-0.0470583645235	-0.000256414701076	-0.033196212906	0.0496025823699	0.0155374461334	-0.0282299299822	-0.0149873704758	-0.0679964784619	-0.0129859030576	-0.0520036972635	0.00248598200938	0.0177311516434	0.00250393065039	0.0454659082989	1.0	0.0354085345641	0.0218927360866	0.00348563734003	0.0214739002539	-0.0289955302497	-0.0314715435603	-0.0251980132397	0.0472179111667	-0.0272278979554	-0.00750791180793	-0.0120776055971	0.036488926436	-0.0163666139945	-0.00557927335384	-0.0146573615338	0.0202861990421	0.0282831818144	-0.0476246670809	-0.0278522336647	-0.00217026478061	0.0305007760216	-0.0505523012923	-0.0297278851657	0.0691947528944	0.00734889015394	-0.0356608785342	0.0343562766347	-0.0021544145275	-0.0118798660095	-0.00465637871716	-0.0280116444588	0.000659775931131	-0.0131772220009	-0.0535003976092
k__Bacteria;p__Bacteroidetes;c__Bacteroidia;o__Bacteroidales;f__Bacteroidaceae;g__Bacteroides;s__Bacteroides_coprophilus	-0.0303638042498	0.0160371449887	-0.0116169492246	0.0123308561606	-0.0124885159775	-0.0507667321206	0.00792865062633	-0.075219512146	-0.0223157042169	-0.015424018135	-0.0356957341534	-0.0185004506587	-0.0516828128939	0.071448374651	0.0154576352175	-0.0134072472629	0.0139691938499	0.0448626660522	-0.0505535840128	-0.0524026221269	-0.0205699516272	0.0631633851158	-0.0305535679706	0.0281024385574	0.0354085345641	1.0	0.0368927742974	0.00707163441989	-0.0424872433392	0.0121382733305	-0.000646422264326	0.00758299979363	0.0101141145501	-0.00931794124331	0.0310314068979	-0.0558687956291	-0.0195896371177	-0.0353779635458	-0.0240006001153	-0.106852471838	0.0860866249689	0.0239425705931	0.0077982486097	-0.0310109067616	-0.0406769374448	-0.027719827408	-0.0397578947816	0.0017870600259	-0.0550658483161	-0.0208457048773	0.036934972006	-0.0266494861316	-0.00505694681845	-0.0588129560685	-0.018921104374	0.0104061315023	-0.0400359220412	0.0138169988932	-0.0308301995727
k__Bacteria;p__Firmicutes;c__Clostridia;o__Clostridiales;f__Lachnospiraceae;g__Roseburia;s__Roseburia_intestinalis	0.0201637420034	0.00555805152123	0.0270467665449	-0.0279460594701	-0.0272688643689	-0.0516619769759	-0.0215212508468	-0.0370739332731	-0.0486263802972	-0.0265159327579	-0.017851237848	0.0362532247546	-0.00469636619414	0.033771845846	0.040376109628	-0.0163904406161	0.0134325878314	0.00318064797084	-0.0167057135542	0.0118875535095	-0.0145286600586	-0.0176893248943	-0.0453930632841	-0.0387670000017	0.0218927360866	0.0368927742974	1.0	0.0221956256865	-0.00364307115908	-0.00866114704258	-0.00824918802326	-0.0335008828278	0.0185148236556	-0.0258088069116	-0.00455351256486	0.0410907704891	-0.0202093463505	-0.00614056205703	-0.0575790043348	0.0200639781012	0.0157438140276	-0.0389128351872	-0.0252422510215	-0.0199752445427	-0.00218568140086	0.00460834779694	-0.0362903471743	-0.0180407250897	-0.0135913294273	-0.0153724762165	-0.0217163035645	-0.0156280030236	9.98884839786e-05	-0.0339791198594	-0.0460660710358	0.00943815916064	-0.0594895595924	0.0217615115781	0.00672327775196
k__Bacteria;p__Firmicutes;c__Clostridia;o__Clostridiales;f__Lachnospiraceae;g__Roseburia;s__Roseburia_hominis	0.032563144685	0.0194751533692	0.0416466669738	-0.0349645723895	0.0115931000592	-0.0128151433105	0.0143856986498	0.0256052721075	-0.00892900229571	0.00796313961555	-0.0258647942205	-0.0121601377641	0.0100355414248	-0.0348242122035	0.00405473763146	0.023907762587	0.0312326163687	0.00201819153661	-0.0321984981224	-0.0181457672724	-0.0203929251882	-0.012256474245	-0.0174614088556	-0.0150249755221	0.00348563734003	0.00707163441989	0.0221956256865	1.0	0.00896815998452	0.00426100040064	0.0277380631859	0.0529304134183	0.0475266178357	0.0608127847599	0.0119468830729	-0.0628820483182	0.0098819992491	-0.0826530493702	-0.0293277003745	0.0467377448631	-0.00997639958422	0.0134573844129	-0.0497836133792	-0.0149468334288	0.0232390240643	-0.0646736059736	0.0037632746462	-0.0123523834048	0.0369315200353	0.00118320015376	0.00820276752334	-0.0114187608072	0.0207006790933	-0.0897293078414	-0.0088051533164	-0.00313303730348	-0.0698895078612	0.0648370467143	-0.0463953111337
k__Bacteria;p__Bacteroidetes;c__Bacteroidia;o__Bacteroidales;f__Porphyromonadaceae;g__Parabacteroides;s__Parabacteroides_johnsonii	-0.0269017215555	-0.0634549188016	0.0197886442969	-0.0449685404947	0.0410306560778	-0.0325857969011	-0.0251674748148	0.00148477873382	-0.0160803710848	0.0130655197996	0.0264574983861	-0.00290336576306	0.00541029517863	-0.00449050001193	-0.00168897884444	0.0417307127244	-0.0100995404561	0.042119344097	-0.0297670927119	-0.00421110835628	0.00310057629493	0.00842828575544	0.027752508707	-0.0654220673376	0.0214739002539	-0.0424872433392	-0.00364307115908	0.00896815998452	1.0	-0.0036691056494	-0.0415717346397	0.00379541400229	-0.0439327411522	-0.0352853042702	0.0462409935563	-0.0317196405092	-0.0281029575846	0.0159756292274	0.0583875466331	-0.0472636019675	0.00341711502475	-0.0431192358484	0.0518116243323	-0.0109838120481	0.00647957783835	-0.068679306464	-0.0107200208507	-0.0574167375686	-0.0258828900973	0.0261748168357	0.00976235010879	-0.019888363406	-0.0507466951592	0.00741559753546	0.0807787800062	0.0106563203944	0.0282748041992	0.0112455084365	0.0242746036999
k__Bacteria;p__Actinobacteria;c__Actinobacteria;o__Bifidobacteriales;f__Bifidobacteriaceae;g__Bifidobacterium;s__Bifidobacterium_longum	0.00981633919709	-0.00221389357419	0.00748960264728	0.0513411623	0.00948096244083	-0.0289054083216	-0.0508280056128	0.0393878325184	0.0268163104111	0.0496428971984	0.0123275864798	-0.0226650948109	0.0327433960949	-0.0138097250964	-0.0461771511309	0.0254385258707	-0.00194070670598	0.00733993682885	0.014937872785	-0.0365192400069	-0.0178327110367	-0.038233102752	-0.0152545482174	0.00454690000424	-0.0289955302497	0.0121382733305	-0.00866114704258	0.00426100040064	-0.0036691056494	1.0	-0.0174656280853	0.00519528473811	-0.0150029557102	-0.0526397055537	0.0162959564881	0.00851628841073	-0.0397171968098	-0.0465667204852	0.0366517763581	-0.00568445753387	-0.00922736601751	-0.0729752229316	0.0216489288312	0.00779387957951	0.000427505457993	0.0248818691727	-0.0357412669491	0.0156222587974	-0.0262600321937	-0.0187119464683	-0.0232688919679	0.0341969073004	0.00253223830488	-0.0515981663113	-0.0547099628223	0.0139479654989	0.0300013084962	-0.0278667697053	0.0351639336186
