#taxonomy	k__Bacteria;p__Bacteroidetes;c__Bacteroidia;o__Bacteroidales;f__Bacteroidaceae;g__Bacteroides;s__Bacteroides_vulgatus	k__Bacteria;p__Bacteroidetes;c__Bacteroidia;o__Bacteroidales;f__Bacteroidaceae;g__Bacteroides;s__Bacteroides_uniformis	k__Bacteria;p__Bacteroidetes;c__Bacteroidia;o__Bacteroidales;f__Rikenellaceae;g__Alistipes;s__Alistipes_putredinis	k__Bacteria;p__Bacteroidetes;c__Bacteroidia;o__Bacteroidales;f__Prevotellaceae;g__Prevotella;s__Prevotella_copri	k__Bacteria;p__Bacteroidetes;c__Bacteroidia;o__Bacteroidales;f__Bacteroidaceae;g__Bacteroides;s__Bacteroides_stercoris	k__Bacteria;p__Bacteroidetes;c__Bacteroidia;o__Bacteroidales;f__Bacteroidaceae;g__Bacteroides;s__Bacteroides_ovatus	k__Bacteria;p__Bacteroidetes;c__Bacteroidia;o__Bacteroidales;f__Rikenellaceae;g__Alistipes;s__Alistipes_shahii	k__Bacteria;p__Firmicutes;c__Clostridia;o__Clostridiales;f__Ruminococcaceae;g__Faecalibacterium;s__Faecalibacterium_prausnitzii	k__Bacteria;p__Bacteroidetes;c__Bacteroidia;o__Bacteroidales;f__Rikenellaceae;g__Alistipes;s__Alistipes_finegoldii	k__Bacteria;p__Bacteroidetes;c__Bacteroidia;o__Bacteroidales;f__Porphyromonadaceae;g__Parabacteroides;s__Parabacteroides_distasonis	k__Bacteria;p__Bacteroidetes;c__Bacteroidia;o__Bacteroidales;f__Bacteroidaceae;g__Bacteroides;s__Bacteroides_thetaiotaomicron	k__Bacteria;p__Bacteroidetes;c__Bacteroidia;o__Bacteroidales;f__Bacteroidaceae;g__Bacteroides;s__Bacteroides_coprocola	k__Bacteria;p__Bacteroidetes;c__Bacteroidia;o__Bacteroidales;f__Bacteroidaceae;g__Bacteroides;s__Bacteroides_cellulosilyticus	k__Bacteria;p__Bacteroidetes;c__Bacteroidia;o__Bacteroidales;f__Rikenellaceae;g__Alistipes;s__Alistipes_obesi	k__Bacteria;p__Firmicutes;c__Clostridia;o__Clostridiales;f__Lachnospiraceae;g__;s__[Eubacterium]_rectale	k__Bacteria;p__Bacteroidetes;c__Bacteroidia;o__Bacteroidales;f__Bacteroidaceae;g__Bacteroides;s__Bacteroides_plebeius	k__Bacteria;p__Bacteroidetes;c__Bacteroidia;o__Bacteroidales;f__Bacteroidaceae;g__Bacteroides;s__Bacteroides_fragilis	k__Bacteria;p__Proteobacteria;c__Betaproteobacteria;o__Burkholderiales;f__Sutterellaceae;g__Sutterella;s__Sutterella_wadsworthensis	k__Bacteria;p__Bacteroidetes;c__Bacteroidia;o__Bacteroidales;f__Porphyromonadaceae;g__Barnesiella;s__Barnesiella_intestinihominis	k__Bacteria;p__Bacteroidetes;c__Bacteroidia;o__Bacteroidales;f__Odoribacteraceae;g__Odoribacter;s__Odoribacter_splanchnicus	k__Bacteria;p__Bacteroidetes;c__Bacteroidia;o__Bacteroidales;f__Bacteroidaceae;g__Bacteroides;s__Bacteroides_salyersiae	k__Bacteria;p__Firmicutes;c__Clostridia;o__Clostridiales;f__Ruminococcaceae;g__Ruminiclostridium;s__[Eubacterium]_siraeum	k__Bacteria;p__Proteobacteria;c__Betaproteobacteria;o__Burkholderiales;f__Sutterellaceae;g__Parasutterella;s__Parasutterella_excrementihominis	k__Bacteria;p__Actinobacteria;c__Actinobacteria;o__Bifidobacteriales;f__Bifidobacteriaceae;g__Bifidobacterium;s__Bifidobacterium_adolescentis	k__Bacteria;p__Firmicutes;c__Clostridia;o__Clostridiales;f__Oscillospiraceae;g__Oscillibacter;s__Oscillibacter_sp._KLE_1745	k__Bacteria;p__Bacteroidetes;c__Bacteroidia;o__Bacteroidales;f__Bacteroidaceae;g__Bacteroides;s__Bacteroides_coprophilus	k__Bacteria;p__Firmicutes;c__Clostridia;o__Clostridiales;f__Lachnospiraceae;g__Roseburia;s__Roseburia_intestinalis	k__Bacteria;p__Firmicutes;c__Clostridia;o__Clostridiales;f__Lachnospiraceae;g__Roseburia;s__Roseburia_hominis	k__Bacteria;p__Bacteroidetes;c__Bacteroidia;o__Bacteroidales;f__Porphyromonadaceae;g__Parabacteroides;s__Parabacteroides_johnsonii	k__Bacteria;p__Actinobacteria;c__Actinobacteria;o__Bifidobacteriales;f__Bifidobacteriaceae;g__Bifidobacterium;s__Bifidobacterium_longum	k__Bacteria;p__Firmicutes;c__Clostridia;o__Clostridiales;f__;g__Flavonifractor;s__Flavonifractor_plautii	k__Bacteria;p__Firmicutes;c__Clostridia;o__Clostridiales;f__Clostridiaceae;g__Clostridium;s__Clostridium_phoceensis	k__Bacteria;p__Verrucomicrobia;c__Verrucomicrobiae;o__Verrucomicrobiales;f__Akkermansiaceae;g__Akkermansia;s__Akkermansia_muciniphila	k__Bacteria;p__Bacteroidetes;c__Bacteroidia;o__Bacteroidales;f__Prevotellaceae;g__Paraprevotella;s__Paraprevotella_xylaniphila	k__Bacteria;p__Firmicutes;c__Clostridia;o__Clostridiales;f__Ruminococcaceae;g__Ruminococcus;s__Ruminococcus_callidus	k__Bacteria;p__Bacteroidetes;c__Bacteroidia;o__Bacteroidales;f__Rikenellaceae;g__Alistipes;s__Alistipes_senegalensis	k__Bacteria;p__Firmicutes;c__Clostridia;o__Clostridiales;f__Lachnospiraceae;g__Blautia;s__Blautia_sp._KLE_1732	k__Bacteria;p__Bacteroidetes;c__Bacteroidia;o__Bacteroidales;f__Bacteroidaceae;g__Bacteroides;s__Bacteroides_oleiciplenus	k__Bacteria;p__Firmicutes;c__Clostridia;o__Clostridiales;f__Ruminococcaceae;g__Ruminococcus;s__Ruminococcus_bicirculans	k__Bacteria;p__Bacteroidetes;c__Bacteroidia;o__Bacteroidales;f__Bacteroidaceae;g__Bacteroides;s__Bacteroides_fluxus	k__Bacteria;p__Bacteroidetes;c__Bacteroidia;o__Bacteroidales;f__Prevotellaceae;g__Prevotella;s__Prevotella_stercorea	k__Bacteria;p__Firmicutes;c__Clostridia;o__Clostridiales;f__Lachnospiraceae;g__Dorea;s__Dorea_longicatena	k__Bacteria;p__Firmicutes;c__Clostridia;o__Clostridiales;f__Eubacteriaceae;g__Eubacterium;s__[Eubacterium]_eligens	k__Bacteria;p__Firmicutes;c__Clostridia;o__Clostridiales;f__Ruminococcaceae;g__;s__Ruminococcaceae_bacterium_D16	k__Bacteria;p__Firmicutes;c__Clostridia;o__Clostridiales;f__Lachnospiraceae;g__Coprococcus;s__Coprococcus_comes	k__Bacteria;p__Proteobacteria;c__Gammaproteobacteria;o__Enterobacterales;f__Enterobacteriaceae;g__Escherichia;s__Escherichia_coli	k__Bacteria;p__Firmicutes;c__Clostridia;o__Clostridiales;f__Ruminococcaceae;g__Anaerotruncus;s__Anaerotruncus_colihominis	k__Bacteria;p__Firmicutes;c__Clostridia;o__Clostridiales;f__Lachnospiraceae;g__Blautia;s__Blautia_obeum	k__Bacteria;p__Bacteroidetes;c__Bacteroidia;o__Bacteroidales;f__Odoribacteraceae;g__Odoribacter;s__Odoribacter_laneus	k__Bacteria;p__Firmicutes;c__Clostridia;o__Clostridiales;f__Ruminococcaceae;g__Ruminiclostridium;s__[Clostridium]_leptum	k__Bacteria;p__Bacteroidetes;c__Bacteroidia;o__Bacteroidales;f__Porphyromonadaceae;g__Parabacteroides;s__Parabacteroides_goldsteinii	k__Bacteria;p__Firmicutes;c__Clostridia;o__Clostridiales;f__Lachnospiraceae;g__Anaerostipes;s__Anaerostipes_hadrus	k__Bacteria;p__Firmicutes;c__Clostridia;o__Clostridiales;f__Ruminococcaceae;g__Ruminococcus;s__Ruminococcus_lactaris	k__Bacteria;p__Firmicutes;c__Clostridia;o__Clostridiales;f__Clostridiaceae;g__Clostridium;s__Clostridium_sp._L2-50	k__Bacteria;p__Firmicutes;c__Clostridia;o__Clostridiales;f__Clostridiaceae;g__Clostridium;s__Clostridium_sp._M62/1	k__Bacteria;p__Firmicutes;c__Clostridia;o__Clostridiales;f__;g__Intestinimonas;s__Intestinimonas_butyriciproducens	k__Bacteria;p__Actinobacteria;c__Actinobacteria;o__Bifidobacteriales;f__Bifidobacteriaceae;g__Bifidobacterium;s__Bifidobacterium_bifidum	k__Bacteria;p__Firmicutes;c__Negativicutes;o__Veillonellales;f__Veillonellaceae;g__Dialister;s__Dialister_invisus	k__Bacteria;p__Bacteroidetes;c__Bacteroidia;o__Bacteroidales;f__Bacteroidaceae;g__Bacteroides;s__Bacteroides_salanitronis
k__Bacteria;p__Bacteroidetes;c__Bacteroidia;o__Bacteroidales;f__Bacteroidaceae;g__Bacteroides;s__Bacteroides_vulgatus	1.0	0.0226476921331	-0.0145437408727	0.012626440879	-0.0242679103413	-0.0437954178184	-0.0274447355983	-0.0119940473032	-0.0145418136749	-0.0382478329733	0.00762576507713	-0.0267560573783	-0.0336497118465	-0.0288363469503	-0.0329125474124	-0.00404207911913	0.0289957151235	-0.0391846105328	-0.0072647200758	-0.0484537411184	-0.0310195173165	-0.0816771014826	0.0253236476981	0.00691979076568	0.0108567140043	-0.0241945409848	-0.0172104126236	0.00544985017318	0.00976087180644	0.0263181538547	-0.0442124683789	-0.0399562972556	-0.0210095653833	-0.00094137573229	0.00877205372697	0.0347329256435	-0.00840292732912	-0.00624797699629	-0.0276947255078	-0.0343693893097	0.0148979852196	0.00146634739946	-0.0267556928693	0.0144971873139	-0.0100981797004	-0.0191220959584	-0.0577625541768	-0.0121074759613	-0.0220505385691	-0.0644112203532	0.0365866666074	0.0326257708126	0.0214910168282	0.0404187305676	-0.00830901736886	0.0653841356693	-0.0379138140136	-0.0290709119974	-0.0480239127011
k__Bacteria;p__Bacteroidetes;c__Bacteroidia;o__Bacteroidales;f__Bacteroidaceae;g__Bacteroides;s__Bacteroides_uniformis	0.0226476921331	1.0	0.0792115924413	0.00387154919564	0.0315880333346	-0.0542949969848	0.0139916917145	0.0205147991504	0.00729357708947	-0.0109894445502	-0.0621488514411	0.0388946303966	-0.00420378394266	-0.0141681159564	0.019501658755	-0.00980149685098	-0.00654156496269	-0.0356817952319	0.00684034154616	-0.0551602824604	0.00778859179191	-0.0153172538122	0.0560788385451	-0.0223386429977	-0.0619562742329	-0.0603893216312	0.0284482466514	-0.0231478525279	-0.016462405086	0.0288166211279	-0.0210331395465	0.00725295601972	0.0337300782199	0.00547593650446	-0.0328642067566	-0.0412723330158	-0.0300905798338	0.0207947282994	-0.0230090886892	-0.0100703972504	-0.000207418901047	0.0144301753905	-0.0366158529483	-0.0014155038587	-0.0281508153771	-0.0454502044561	0.00504265547197	0.00475422250776	-0.0204497477136	-0.0360429673867	-0.0197950629106	-0.00923771468729	-0.0223066228509	0.0188571283327	-0.000626989109648	-0.0547680755672	-0.0153144366724	-0.0109392071269	-0.0337400830192
k__Bacteria;p__Bacteroidetes;c__Bacteroidia;o__Bacteroidales;f__Rikenellaceae;g__Alistipes;s__Alistipes_putredinis	-0.0145437408727	0.0792115924413	1.0	-0.0141200337134	-0.0151263435303	-0.0612899657664	0.0271778744002	-0.033773403447	0.0161044823734	0.0185172683346	-0.01536294592	0.050380146734	-0.0194175270888	0.0225888694058	-0.0109597278083	-0.0287842667191	-0.0264404448852	0.0236964387166	-0.0311119387795	-0.0061390933969	0.0236363660613	0.0023054028761	-0.0552022710938	-0.00709650700614	-0.0527232376061	-0.0244252694968	0.0062540108563	0.0416128371189	-0.0247105068402	0.0446964513313	-0.0573284173088	0.00421123078826	0.0193541629252	-0.00272752610079	0.0160438034299	-0.00867517337626	-0.0324746812599	-0.00787616963239	-0.0624795055336	-0.019082591056	0.0492660262227	-0.00802881853627	-0.00299982425276	0.00900306940513	0.00356630640453	-0.0343259792047	-0.0476291530288	-0.00381456029465	0.0178221724013	0.00839465977227	-0.044611506897	0.0122058256632	0.000149775772203	0.011222074121	0.00154636424552	0.00474329694636	-0.0156866427075	0.0381880540001	0.00540715926592
k__Bacteria;p__Bacteroidetes;c__Bacteroidia;o__Bacteroidales;f__Prevotellaceae;g__Prevotella;s__Prevotella_copri	0.012626440879	0.00387154919564	-0.0141200337134	1.0	-0.0365947534326	-0.0670915577219	0.0434772350812	-0.00666846277208	0.0403488225953	-0.0724160400602	0.0384498049981	0.0561517472866	-0.00762544845821	-0.0271812156224	0.00919451935719	0.000250475139954	-0.0565229396978	0.00044653372826	-0.00474599426766	0.0165091146572	-0.0303519309283	-0.0156053010257	-0.00333998388372	-0.0191081389045	0.0205924071506	0.00701255189179	0.00540447942925	0.0336946811397	-0.0239835876822	0.0322181814336	-0.0183703733197	0.0276261691468	-0.0179387245021	0.00922173010869	0.0350175895258	-0.0147159254695	-0.0239577418088	0.00198836014053	0.0152370429207	-0.0161758827774	0.0313080271584	0.0194560231898	-0.0183505874299	0.0347017016689	-0.00964175064614	-0.0216837850597	0.0127661061227	-0.028763309012	-0.0153697911024	-0.0124270690309	0.00839798858111	0.0937203284903	-0.0250482627852	-0.0308662479065	-0.00962833479011	0.0207384759309	-0.0157387832061	-0.0499953630107	-0.00789077699044
k__Bacteria;p__Bacteroidetes;c__Bacteroidia;o__Bacteroidales;f__Bacteroidaceae;g__Bacteroides;s__Bacteroides_stercoris	-0.0242679103413	0.0315880333346	-0.0151263435303	-0.0365947534326	1.0	0.0269267394362	0.0241235452838	0.0405587799742	0.00956733542109	0.0207945635673	0.00708890736919	0.00656692438081	0.0165306721058	-0.0297003322351	-0.006183572397	-0.0488864406723	-0.00191610957492	-0.0190112169144	-0.0191173247253	-0.00671066685372	-0.025952042845	-0.0126958907361	0.0273171826054	0.0112674881881	-0.0367293859967	-0.0236200374805	0.0496032634304	-0.0135194907612	-0.017519576344	0.0188240476589	-0.0467550664219	-0.0273870292913	0.0435547092085	-0.012258907686	-0.0402475769347	0.0053616981004	0.00526071900953	-0.00747874069565	-0.0509662592391	-0.048426927297	0.00647529867676	0.0254110298207	-0.0144711258572	0.0197871442647	0.0142234782974	0.00516524596192	0.0435234689533	0.0111633746	0.0054041617191	-0.0114922018096	-0.0590458713932	0.0255125751944	-0.00567967012958	0.0475526355901	0.0425125034049	-0.0279919336139	-0.0187640502779	0.0513586813949	-0.00444625801779
k__Bacteria;p__Bacteroidetes;c__Bacteroidia;o__Bacteroidales;f__Bacteroidaceae;g__Bacteroides;s__Bacteroides_ovatus	-0.0437954178184	-0.0542949969848	-0.0612899657664	-0.0670915577219	0.0269267394362	1.0	0.00124441182358	0.015846440202	-0.0196895449885	-0.043203270549	-0.00140051416144	-0.0425502072583	0.0100691509037	0.0287414251302	-0.0909673935377	-0.0152770903468	-0.0279797783931	-0.0513938014339	-0.0119729481132	0.00843823445951	-0.0334959312472	-0.0228556253732	0.0267245265634	-0.000153660962865	0.0149393994096	0.00434719351117	-0.00632591641478	0.0056621008	-0.0354071597543	-0.0991955939318	-0.0313246069264	-0.068065750407	0.0272262444608	0.0168858606453	-0.00594429066141	0.0507885213932	0.068513385438	0.00537839710035	-0.0715502121418	0.0181970794415	-0.014719030472	-0.031452900949	0.0125410387657	0.0131512737285	-0.0145726465995	0.0122904966161	0.00660277689775	-0.0356411540557	0.0116186582125	-0.00945467853501	-0.0591759082272	0.0154372998029	-0.0100756470104	0.00637345417095	-0.0480185078479	0.00700529963017	0.013220214555	0.0252920171262	0.000679214749684
k__Bacteria;p__Bacteroidetes;c__Bacteroidia;o__Bacteroidales;f__Rikenellaceae;g__Alistipes;s__Alistipes_shahii	-0.0274447355983	0.0139916917145	0.0271778744002	0.0434772350812	0.0241235452838	0.00124441182358	1.0	-0.0122188671276	-0.0149340496831	0.0173032194775	-0.00947112503934	0.0564686723051	-0.0206742901874	-0.023127563788	-0.0231446425905	0.00247140512742	0.0341146099289	-0.0228723648769	0.00430020985434	-0.0199538370471	0.00220293716498	0.00124036221818	-0.0347246668028	-0.0800627370102	-0.0675523703549	-0.0178414017347	-0.0427864954466	-0.0465153306359	0.023398309592	0.00282215890839	0.029098720522	0.0513924785145	-0.0424240021047	0.0147776248124	0.0234334500777	-0.00406038934322	-0.0360986583246	-0.00355285990868	-0.00466456565524	-0.00673918872537	-0.00534921797054	0.00502896523063	-0.00404272113869	0.0346632118626	-0.0143688009857	0.0417460222747	0.0189256138392	-0.00359276660315	0.0165568811856	-0.0155572119169	0.00259025512624	0.0444233318215	-0.0339860038496	-0.0214324367845	-0.0103365565026	0.0222783473287	0.044240423121	-0.0581891792672	-0.0143000232391
k__Bacteria;p__Firmicutes;c__Clostridia;o__Clostridiales;f__Ruminococcaceae;g__Faecalibacterium;s__Faecalibacterium_prausnitzii	-0.0119940473032	0.0205147991504	-0.033773403447	-0.00666846277208	0.0405587799742	0.015846440202	-0.0122188671276	1.0	-0.0158701435606	-0.018335563716	0.000742998659296	-0.0445675811699	0.00328518210888	0.0414441788957	-0.069595935396	-0.00464214461094	0.0110170082005	-0.0128227648628	0.0282864179569	0.0012705720988	0.03825574964	-0.0421860365329	-0.00755000699708	-0.0126754159143	-0.0355837732621	0.000587775780944	0.0312126742689	-0.00651946521919	0.0561763476863	-0.0675302830272	0.0166990678598	-0.051789128658	-0.0313512958667	-0.0104200610742	-0.0240197930026	-0.0451985142895	-0.0890524608016	-0.0545479167417	0.00265777911912	0.0232392055066	-0.0102088515492	-0.0142009923383	-0.0572775519204	-0.00692907290703	0.00492274573525	0.0104597155809	-0.0359794027351	0.0630242922406	-0.0201791176025	-0.0543819824528	0.0175469524198	0.0786550305731	-0.0153421515809	-0.059860311979	-0.0290130890087	0.00470068805265	0.0164261135454	0.0175511451218	0.00664741968521
k__Bacteria;p__Bacteroidetes;c__Bacteroidia;o__Bacteroidales;f__Rikenellaceae;g__Alistipes;s__Alistipes_finegoldii	-0.0145418136749	0.00729357708947	0.0161044823734	0.0403488225953	0.00956733542109	-0.0196895449885	-0.0149340496831	-0.0158701435606	1.0	0.0179523682565	0.0222394824801	-0.029732417338	0.0158747626494	0.0221447339788	0.0110428607401	-0.0602476139254	0.0373952677664	0.0167108275399	0.0316519328287	-0.0268466249859	-0.0525900817854	-0.0157044534282	0.029582999999	-0.0241859989962	-0.0253174609137	0.00225124881746	-0.0232169776477	-0.00600484859516	-0.0195709616841	0.0189775786101	0.0379748302018	-0.00650026070565	0.00171668681076	-0.055068783753	-0.0670292344753	0.014428911552	-0.00617250551393	-0.0282264432339	-0.0117724968649	-0.010279805225	-6.03631736152e-05	-0.0544392844167	0.00607486512674	0.0262211300238	-0.131692616524	-0.0225563437102	0.0174302769305	-0.0240741583308	0.0174925130437	0.0342419761603	0.0203744517899	-0.0316718623653	-0.00466234508887	-0.0138409506147	-0.017947303419	-0.0509920907587	-0.0352102522762	0.00388371743615	0.02793915017
k__Bacteria;p__Bacteroidetes;c__Bacteroidia;o__Bacteroidales;f__Porphyromonadaceae;g__Parabacteroides;s__Parabacteroides_distasonis	-0.0382478329733	-0.0109894445502	0.0185172683346	-0.0724160400602	0.0207945635673	-0.043203270549	0.0173032194775	-0.018335563716	0.0179523682565	1.0	-0.0149763885209	-0.0100940315814	0.00496895597734	5.8236491294e-05	-0.0363809654534	-0.0280112602302	-0.00254622727408	0.0355353994665	-0.0316660238695	0.0484448687667	-0.0596769949054	-0.0141645572663	-0.0598436810819	0.0250923822499	-0.0268299656029	0.0074906416481	0.0409192614107	-0.0371737077621	0.0122504035614	0.0476277203411	-0.0307270258529	0.00250132043287	0.000629677904469	0.0256579520521	0.0516302131769	-0.00808294268703	0.0334281210321	0.0164293748547	-0.0383396348733	-0.0133737861354	-0.0315696752049	0.0310121094532	0.0084562221854	0.0288019760266	0.00804096390555	0.0170838804669	0.00479872564207	0.0287162724972	-0.0129229373722	0.0230822708728	-0.065936949105	-0.0679992194298	-0.00636327812608	-0.0478046510398	0.024918870851	-0.0145544916857	-0.0294584932676	-0.0273389083788	-0.0248991682613
k__Bacteria;p__Bacteroidetes;c__Bacteroidia;o__Bacteroidales;f__Bacteroidaceae;g__Bacteroides;s__Bacteroides_thetaiotaomicron	0.00762576507713	-0.0621488514411	-0.01536294592	0.0384498049981	0.00708890736919	-0.00140051416144	-0.00947112503934	0.000742998659296	0.0222394824801	-0.0149763885209	1.0	0.0319937223463	-0.0322526642388	-0.0166228539576	0.0173604762553	-0.00435396641108	-0.017185400709	-0.0102146622697	-0.001551263605	-0.00735729841212	-0.0392867616629	0.0124453325962	-0.0192214327861	0.0381700136662	-0.0234552031804	0.0281317515237	0.0380769611144	-0.0350807556242	-0.0187671364827	0.0239478374144	-0.029401514233	-0.00574448432504	-0.000164319303976	-0.0142655000259	-0.0451876506809	-0.0457149120921	-0.0430965139147	0.0437885664856	-0.00430768529608	-0.0242697183512	0.0396659207614	-0.072514968616	-0.0645883670308	-0.0189204845353	0.0151244393772	0.030245876559	-0.00167374104086	0.0688628598654	-0.00485701893902	-0.0128185406158	0.00456738215349	-0.0300514346312	-0.0145948376843	0.0361332915736	0.0148604939427	-0.0237442391798	-0.028795962929	0.0196402074557	0.00414369402771
k__Bacteria;p__Bacteroidetes;c__Bacteroidia;o__Bacteroidales;f__Bacteroidaceae;g__Bacteroides;s__Bacteroides_coprocola	-0.0267560573783	0.0388946303966	0.050380146734	0.0561517472866	0.00656692438081	-0.0425502072583	0.0564686723051	-0.0445675811699	-0.029732417338	-0.0100940315814	0.0319937223463	1.0	0.0180467129971	-0.0173555745868	-0.0598715295994	-0.0459109560434	-0.0189063676003	0.00881650782413	-0.0126929431514	-0.0327214109418	-0.00865878275992	0.0382101168054	0.0145993952097	-0.0278095535238	-0.0177453357579	-0.0103632661531	0.0220914295878	0.0225000143755	-0.00529395685356	-0.0551837527955	0.0387300964543	0.0294337551797	-0.0268609704937	-0.085899423958	-0.021781569971	-0.0418197715102	0.0205473791597	-0.0207430233443	0.0074865351443	0.0107568112847	0.0316108962558	-0.0491354227963	0.0142421749574	0.0366083552518	-0.0636053135164	-0.0217788761237	0.0182510330357	-0.0148087628398	-0.0429208917955	0.0373823105585	-0.0144200339565	0.00393211125446	0.00833570938378	-0.0194124741005	-0.0403066659371	-0.0141232997494	-0.0592893132249	-0.0110487636285	0.0373216744862
k__Bacteria;p__Bacteroidetes;c__Bacteroidia;o__Bacteroidales;f__Bacteroidaceae;g__Bacteroides;s__Bacteroides_cellulosilyticus	-0.0336497118465	-0.00420378394266	-0.0194175270888	-0.00762544845821	0.0165306721058	0.0100691509037	-0.0206742901874	0.00328518210888	0.0158747626494	0.00496895597734	-0.0322526642388	0.0180467129971	1.0	-0.0369978050624	-0.00140691346012	-0.0289870699309	-0.000594329058036	-0.0401915074812	0.0136347669215	0.0058190233542	-0.0331315506436	0.0948562012773	-0.00830077245445	0.00658083290527	0.0228715854081	-0.0296953294156	0.0133291969769	-0.0143938806919	0.0022384178013	0.0287906749207	-0.0453724753283	0.0165124339833	-0.00698271982548	-0.0204355358453	-0.0233731269491	-0.0190171434204	0.00992366162834	-0.0102422305218	0.00970729978774	0.0265081701169	-0.0527397311078	-0.0127974939586	-0.0155630634618	0.0169542385042	-0.00105813808237	0.0383579482707	0.0204786533103	-0.0211581397854	-0.00352167139483	-0.0305780125861	0.0103234099939	0.0344261505451	0.00280223668307	-0.012167113273	-0.0643670817053	-0.0426860135376	-0.00160892972082	-0.0127988718677	-0.000630290665185
k__Bacteria;p__Bacteroidetes;c__Bacteroidia;o__Bacteroidales;f__Rikenellaceae;g__Alistipes;s__Alistipes_obesi	-0.0288363469503	-0.0141681159564	0.0225888694058	-0.0271812156224	-0.0297003322351	0.0287414251302	-0.023127563788	0.0414441788957	0.0221447339788	5.8236491294e-05	-0.0166228539576	-0.0173555745868	-0.0369978050624	1.0	-0.0248797866016	0.0177105872548	0.0411589710011	0.0538556044852	-0.0234843724437	0.04065770467	-0.0434678469756	0.0239449448807	-0.00389510245105	0.0354133479014	-0.00897755745869	0.0279610085375	0.00328521902944	-0.0318109610061	-0.00834850585247	0.00847805981288	-0.0206692510731	0.00316724230324	0.0101615551799	0.0540310159303	0.0381848387508	0.0572792638787	-0.000562126657768	-0.0216530005073	-0.00840035410994	-0.023865601634	0.062911007897	-0.0453127677337	0.0394919291903	-0.00902143433249	-0.00159323601059	-0.0139961655902	-0.027298295405	-0.027060628102	-0.0343718576024	0.00124185107986	0.00445269341115	-0.0370879885003	0.0321281850454	-0.0395780116693	0.0271693508495	-0.0118639216101	0.0158865379461	-0.0395339529369	-0.0111441272006
k__Bacteria;p__Firmicutes;c__Clostridia;o__Clostridiales;f__Lachnospiraceae;g__;s__[Eubacterium]_rectale	-0.0329125474124	0.019501658755	-0.0109597278083	0.00919451935719	-0.006183572397	-0.0909673935377	-0.0231446425905	-0.069595935396	0.0110428607401	-0.0363809654534	0.0173604762553	-0.0598715295994	-0.00140691346012	-0.0248797866016	1.0	0.032559438674	0.057740508196	-0.00236912742633	0.00871467176211	-0.0298722260288	0.0112196538449	-0.0297091722281	-0.0644389343367	-0.00349983853745	-0.00458102722685	0.0697200184664	0.0061001481253	0.0270140052809	-0.0210643093835	-0.0377295295284	0.0050805773199	-0.00101908247919	0.0131781383253	-0.0405662721162	-0.0393253153494	0.0129417091861	-0.0453890999314	-0.0173915877619	0.0254681123211	0.0022579820608	-0.0027905482272	0.0141217592677	0.0233594983099	-0.0177390641371	-0.0564816217127	0.000549265161373	-0.0159116203519	-0.0377056429535	0.0284543436152	-0.033709613043	-0.00775220965544	-0.0026237176012	-0.00728249496886	-0.00653102588993	0.02358308028	-0.0176371462881	0.0308978808067	0.0373511610476	-0.00237482953299
k__Bacteria;p__Bacteroidetes;c__Bacteroidia;o__Bacteroidales;f__Bacteroidaceae;g__Bacteroides;s__Bacteroides_plebeius	-0.00404207911913	-0.00980149685098	-0.0287842667191	0.000250475139954	-0.0488864406723	-0.0152770903468	0.00247140512742	-0.00464214461094	-0.0602476139254	-0.0280112602302	-0.00435396641108	-0.0459109560434	-0.0289870699309	0.0177105872548	0.032559438674	1.0	0.0136073986234	-0.0354060933499	0.011596163429	-0.0163055623532	-0.0210780412982	-0.0266344911217	0.0208994071436	-0.0202365008775	-0.00665733282296	-0.0509722988895	-0.00292757135708	-0.013943969713	0.0586450464746	-0.0608345145535	-0.0220778386521	-0.0119252913849	-0.0443857953608	-0.0198830592186	-0.0241685689614	-0.0504611339388	-0.043737700974	-0.0155361100455	0.0404514063152	0.0460120861099	0.0575763666431	0.0126375561257	-0.0325060570785	0.0151917968167	0.000589931074143	0.00411675881594	-0.0386327606073	-0.029434406539	-0.00818487533692	-0.0133167476354	-0.0477898412808	-0.00143507795898	0.0372448541858	0.0137304672887	0.0426993987074	0.035047970098	0.0145422194638	-0.0145195146368	-0.0029841433256
k__Bacteria;p__Bacteroidetes;c__Bacteroidia;o__Bacteroidales;f__Bacteroidaceae;g__Bacteroides;s__Bacteroides_fragilis	0.0289957151235	-0.00654156496269	-0.0264404448852	-0.0565229396978	-0.00191610957492	-0.0279797783931	0.0341146099289	0.0110170082005	0.0373952677664	-0.00254622727408	-0.017185400709	-0.0189063676003	-0.000594329058036	0.0411589710011	0.057740508196	0.0136073986234	1.0	0.00957395847925	-0.0626584915774	-0.0300281268767	-0.0330958257733	-0.000159491529278	0.0179384719044	0.0126301803013	0.00886011284347	-0.0708577329224	-0.0130153335868	-0.0110063259227	-0.0215239483729	-0.0185535728443	-0.0305219811384	0.0383641465562	-0.000941525684118	0.0022341571775	-0.0142846239228	0.0459614446415	-0.0264755844237	-0.0666272704256	0.0818562903989	-0.00624338267885	-0.0592292165642	-0.0391222921766	0.00142028199025	-0.00271185015847	0.00330231376221	0.0224386416973	-0.0449438190242	0.00517974581459	0.00653721817536	0.0195029744483	-0.0193129853755	-0.0259854187113	-0.00415665784762	0.0455260486903	0.0135630602749	-0.0411003169358	-0.0148648141833	-0.0172585381701	-0.0113594876024
k__Bacteria;p__Proteobacteria;c__Betaproteobacteria;o__Burkholderiales;f__Sutterellaceae;g__Sutterella;s__Sutterella_wadsworthensis	-0.0391846105328	-0.0356817952319	0.0236964387166	0.00044653372826	-0.0190112169144	-0.0513938014339	-0.0228723648769	-0.0128227648628	0.0167108275399	0.0355353994665	-0.0102146622697	0.00881650782413	-0.0401915074812	0.0538556044852	-0.00236912742633	-0.0354060933499	0.00957395847925	1.0	-0.01748489545	-0.0103858504722	-0.00594844992435	-0.0327411261632	0.00772878788596	0.0588389810085	-0.031282553399	0.0512905717563	-0.023194763509	-0.0125254408297	-0.0179899513587	0.0192624246305	0.00999361262441	-0.0472594359547	0.00344987453876	-0.0504870559722	0.0247432040818	-0.0234243286055	0.0116429623002	-0.00108180931513	-0.0280504564185	0.0238656512025	-0.0273728211844	-0.0471029460188	0.0520087482109	-0.0417900224808	-0.00665975525514	0.00766190924462	0.0502594308802	0.0375518974019	-0.053742016577	-0.0287575763357	0.00201752931472	-0.0126849248766	0.0640117715476	-0.00986617504013	0.00128562028391	-0.0478525292683	0.0229857231068	-0.020060412044	-0.00564596996141
k__Bacteria;p__Bacteroidetes;c__Bacteroidia;o__Bacteroidales;f__Porphyromonadaceae;g__Barnesiella;s__Barnesiella_intestinihominis	-0.0072647200758	0.00684034154616	-0.0311119387795	-0.00474599426766	-0.0191173247253	-0.0119729481132	0.00430020985434	0.0282864179569	0.0316519328287	-0.0316660238695	-0.001551263605	-0.0126929431514	0.0136347669215	-0.0234843724437	0.00871467176211	0.011596163429	-0.0626584915774	-0.01748489545	1.0	0.000386546989125	0.027718362952	-0.0412871984144	-0.0563883040232	-0.0204908975475	0.0167694653903	0.00412048073332	-0.0216042503807	0.00501271931066	0.00181941659865	-0.030792664259	-0.0141303901915	-0.0434356726499	-0.0254116418484	-0.0104664790999	0.00556545766946	0.0282730858953	0.0135973532506	-0.00924579862767	0.056014306018	-0.0214113731539	-0.00804229349941	-0.0323513373744	0.0267747475728	-0.057394793367	0.00575580839842	0.0041727166884	0.000135020960187	0.0283119529851	-0.0101471063299	-0.0115662328427	-0.0314095078847	0.0132804206656	-0.0370208694334	-0.0365483650276	-0.0211153327098	-0.0121026782804	-0.0501392843905	-0.0286809171105	-0.0217129324231
k__Bacteria;p__Bacteroidetes;c__Bacteroidia;o__Bacteroidales;f__Odoribacteraceae;g__Odoribacter;s__Odoribacter_splanchnicus	-0.0484537411184	-0.0551602824604	-0.0061390933969	0.0165091146572	-0.00671066685372	0.00843823445951	-0.0199538370471	0.0012705720988	-0.0268466249859	0.0484448687667	-0.00735729841212	-0.0327214109418	0.0058190233542	0.04065770467	-0.0298722260288	-0.0163055623532	-0.0300281268767	-0.0103858504722	0.000386546989124	1.0	0.0234691921118	-0.0241146073283	-0.0282234580725	-0.00920522547199	0.0393836241184	-0.0344131857995	-0.0439459917045	0.00563012277308	-0.00135227132899	0.0209456416737	0.0194057885794	0.0279543316307	-0.0244970984216	0.0381932196136	0.00628397299862	-0.03188701849	-0.0375705441914	-0.0420431428378	-0.0166956805482	-0.0429175930217	0.020787112504	-0.00583114278123	0.0323630667938	-0.0864612473463	0.00989976722275	-0.0478581381133	0.00732107141923	-0.00135989285277	-0.0689440516328	0.0302970060669	-0.0183736355136	0.00423496860005	-0.0829515415878	0.0447027165105	-0.00753879752356	-0.0326821056767	-0.00392289240862	0.0664488254239	-0.0332811645455
k__Bacteria;p__Bacteroidetes;c__Bacteroidia;o__Bacteroidales;f__Bacteroidaceae;g__Bacteroides;s__Bacteroides_salyersiae	-0.0310195173165	0.00778859179191	0.0236363660613	-0.0303519309283	-0.025952042845	-0.0334959312472	0.00220293716498	0.03825574964	-0.0525900817854	-0.0596769949054	-0.0392867616629	-0.00865878275992	-0.0331315506436	-0.0434678469756	0.0112196538449	-0.0210780412982	-0.0330958257733	-0.00594844992435	0.027718362952	0.0234691921118	1.0	0.0214260236253	-0.0314029058342	-0.0254999971105	-0.0186795638284	-0.00772604315764	-0.019634129351	0.0545896953635	-0.0211695393454	-0.0034753037104	-0.0142536434737	-0.0188823981991	-0.00542871172622	-0.00120182507878	0.0168181358851	-0.00776702483013	0.0774493179654	0.0131967133298	-0.0667544814441	-0.0269074591637	-0.00909325287494	-0.0547724341143	0.0168060964106	-0.0439984655479	0.0356588827779	-0.0291383276378	-0.0374338488472	-0.0562123979233	-0.025648452932	0.0290461482312	0.0168991600488	-0.063655692886	-0.0160571636531	0.0238837217352	-0.0355178312589	0.0426927246826	-0.0204513336982	0.0378949577508	0.0269047021867
k__Bacteria;p__Firmicutes;c__Clostridia;o__Clostridiales;f__Ruminococcaceae;g__Ruminiclostridium;s__[Eubacterium]_siraeum	-0.0816771014826	-0.0153172538122	0.0023054028761	-0.0156053010257	-0.0126958907361	-0.0228556253732	0.00124036221818	-0.0421860365329	-0.0157044534282	-0.0141645572663	0.0124453325962	0.0382101168054	0.0948562012773	0.0239449448807	-0.0297091722281	-0.0266344911217	-0.000159491529278	-0.0327411261632	-0.0412871984144	-0.0241146073283	0.0214260236253	1.0	-0.0518068798522	0.0451844941163	-0.0470904841289	0.0169173292286	-0.0104599411234	-0.00321928597731	-0.059336538507	0.0348211395926	0.00839689574165	0.00931846568172	0.00429502186847	0.0252181568824	-0.027363815906	-0.023711585335	-0.0399451285229	-0.0192540337754	-0.02213004604	-0.00393788103417	-0.00334457405244	0.0211205000656	-0.0516988442047	0.03056190457	-0.00946941558322	0.0180849871798	-0.0137143974694	-0.0229426289117	-0.0240140202106	0.0207440854172	-0.0663134218692	-0.0370217067594	-0.0167670144803	-0.0334442553815	0.0294621455474	-0.00789166204576	0.00117864000335	-0.00533141747763	0.0930021448908
k__Bacteria;p__Proteobacteria;c__Betaproteobacteria;o__Burkholderiales;f__Sutterellaceae;g__Parasutterella;s__Parasutterella_excrementihominis	0.0253236476981	0.0560788385451	-0.0552022710938	-0.00333998388372	0.0273171826054	0.0267245265634	-0.0347246668028	-0.00755000699708	0.029582999999	-0.0598436810819	-0.0192214327861	0.0145993952097	-0.00830077245445	-0.00389510245105	-0.0644389343367	0.0208994071436	0.0179384719044	0.00772878788596	-0.0563883040232	-0.0282234580725	-0.0314029058342	-0.0518068798522	1.0	0.00865209099568	-0.00687726023842	0.00733015767808	0.0850871672366	-0.00281237817617	-0.038538461127	0.0431736110405	-0.00436876574614	0.017707534358	-0.0151646687401	-0.0294611843962	-0.0319795612115	-0.0294907418724	0.0149124338886	0.0142601370968	-0.044324037136	-0.068759028376	-0.0212394754838	-0.0397816020907	0.00672930902532	-0.0253806943105	0.0538909782263	0.0125302911592	0.0128999217844	-0.0439744169061	0.012665760352	0.0243552349725	-0.0418639317511	0.0409585354408	-0.0468862860001	0.00194276129687	-0.0507950487493	0.0103605433982	-0.0433203950909	-0.00283840486987	0.0373832409521
k__Bacteria;p__Actinobacteria;c__Actinobacteria;o__Bifidobacteriales;f__Bifidobacteriaceae;g__Bifidobacterium;s__Bifidobacterium_adolescentis	0.00691979076568	-0.0223386429977	-0.00709650700614	-0.0191081389045	0.0112674881881	-0.000153660962865	-0.0800627370102	-0.0126754159143	-0.0241859989962	0.0250923822499	0.0381700136662	-0.0278095535238	0.00658083290527	0.0354133479014	-0.00349983853745	-0.0202365008775	0.0126301803013	0.0588389810085	-0.0204908975475	-0.00920522547199	-0.0254999971105	0.0451844941163	0.00865209099568	1.0	-0.0734295575351	-0.0349089899825	0.0211597200449	0.00629409121837	-0.0674549843652	-0.0114120695129	0.0161894606611	-0.0994449679545	-0.00191286200108	-0.0510704415293	-0.055037037625	0.046540167759	0.014621813415	-0.0249986738124	-0.0469365491704	-0.0668300944541	0.0516821130005	0.0235535661327	-0.0453003216076	0.0426269798051	-0.0219183097653	-0.0241947447877	-0.079550555206	-0.00125536197152	0.0260441260935	0.0265020135142	-0.0315615323195	-0.0662320749255	-0.00350076599887	-0.002956649161	0.0141475205886	-0.0179419920267	0.0116821732778	0.0282011121768	0.0534276674882
k__Bacteria;p__Firmicutes;c__Clostridia;o__Clostridiales;f__Oscillospiraceae;g__Oscillibacter;s__Oscillibacter_sp._KLE_1745	0.0108567140043	-0.0619562742329	-0.0527232376061	0.0205924071506	-0.0367293859967	0.0149393994096	-0.0675523703549	-0.0355837732621	-0.0253174609137	-0.0268299656029	-0.0234552031804	-0.0177453357579	0.0228715854081	-0.00897755745869	-0.00458102722685	-0.00665733282296	0.00886011284347	-0.031282553399	0.0167694653903	0.0393836241184	-0.0186795638284	-0.0470904841289	-0.00687726023842	-0.0734295575351	1.0	-0.0421111416487	-0.0544234653614	-0.0126818117318	0.0142260004636	-0.0254587079567	0.0389438942579	0.0047025086635	0.0105356414662	-0.0605337401345	-0.0399886256485	-0.0292406139849	-0.0494045655649	-0.0275567679291	0.0362100913166	0.0364531794978	0.0524604760574	0.0330782907207	-0.00329396671263	-0.0150530653589	0.00455421162764	0.00036896411034	0.0744753572458	-0.0613924349895	-0.0107414838747	-0.0266651205736	0.0110435812129	0.0216823079359	0.0302185661459	-0.0691111538078	0.054605212887	-0.0521675341965	0.0246642883769	-0.0251718941159	-0.013221012666
k__Bacteria;p__Bacteroidetes;c__Bacteroidia;o__Bacteroidales;f__Bacteroidaceae;g__Bacteroides;s__Bacteroides_coprophilus	-0.0241945409848	-0.0603893216312	-0.0244252694968	0.00701255189179	-0.0236200374805	0.00434719351117	-0.0178414017347	0.000587775780944	0.00225124881746	0.0074906416481	0.0281317515237	-0.0103632661531	-0.0296953294156	0.0279610085375	0.0697200184664	-0.0509722988895	-0.0708577329224	0.0512905717563	0.00412048073332	-0.0344131857995	-0.00772604315764	0.0169173292286	0.00733015767808	-0.0349089899825	-0.0421111416487	1.0	0.059917534265	-0.0181925957115	-0.0122343620596	-0.00980885680701	-0.0455359092395	-0.0201341242438	-0.000839273392618	0.0167743326672	0.0093449282078	-0.0237303830842	0.0456570310785	0.0250632022618	-0.0245514704866	-0.0471902521608	0.0391234007953	0.0107079047392	-0.079377490807	-0.0466728046311	-0.00139073732058	0.0107020489412	0.0327759497261	-0.0184672785138	-0.0199085619093	0.0166083992793	-0.0236945511958	-0.0441895429018	-0.0233487781174	-0.0328173480522	0.0167763014808	0.0466984049683	0.0437156014596	0.015690906856	-0.0398004167917
k__Bacteria;p__Firmicutes;c__Clostridia;o__Clostridiales;f__Lachnospiraceae;g__Roseburia;s__Roseburia_intestinalis	-0.0172104126236	0.0284482466514	0.0062540108563	0.00540447942925	0.0496032634304	-0.00632591641478	-0.0427864954466	0.0312126742689	-0.0232169776477	0.0409192614107	0.0380769611144	0.0220914295878	0.0133291969769	0.00328521902944	0.0061001481253	-0.00292757135708	-0.0130153335868	-0.023194763509	-0.0216042503807	-0.0439459917045	-0.019634129351	-0.0104599411234	0.0850871672366	0.0211597200449	-0.0544234653614	0.059917534265	1.0	-0.0230049205793	-0.0314911974204	-0.0158722192495	-0.0133676430442	0.0459607603664	-0.0378584832403	-0.0378839747772	-0.0424159631246	0.00810667222613	-0.0443917204607	0.0176585068864	-0.0566183635395	-0.0796006443765	-0.0468748272034	-0.028830039442	-0.0772277481726	0.00611102560902	0.0324011622228	0.0367333533229	0.0289171426769	0.00247318929305	0.00401130372471	0.0102959764657	0.0194145391987	-0.0311574965534	-0.0392035608025	0.0274246239965	0.0218592848972	-0.0126474966622	-0.00635124088362	-0.00668833443933	-0.00860470702183
k__Bacteria;p__Firmicutes;c__Clostridia;o__Clostridiales;f__Lachnospiraceae;g__Roseburia;s__Roseburia_hominis	0.00544985017318	-0.0231478525279	0.0416128371189	0.0336946811397	-0.0135194907612	0.0056621008	-0.0465153306359	-0.00651946521919	-0.00600484859516	-0.0371737077621	-0.0350807556242	0.0225000143755	-0.0143938806919	-0.0318109610061	0.0270140052809	-0.013943969713	-0.0110063259227	-0.0125254408297	0.00501271931066	0.00563012277308	0.0545896953635	-0.00321928597731	-0.00281237817617	0.00629409121837	-0.0126818117318	-0.0181925957115	-0.0230049205793	1.0	-0.00416215563119	-0.0193676240867	-0.0397207155852	-0.0682154935955	-0.0333301002144	-0.0336211444301	-0.0173379066958	0.0176251337984	0.0577767141518	0.0401806836403	0.0308000994289	0.000257056407508	0.0176830727304	0.0227910141192	-0.0645194237965	-0.0305683421918	0.0488686253596	0.0861734772509	-0.0535762281391	-0.0200142341011	-0.0116205350698	0.0157501958813	-0.0138304252489	-0.0231182576561	0.00469376120562	0.043848817294	-0.0215375793885	-0.0371271381085	-0.0235848562896	-0.0296254843149	-0.0280396914662
k__Bacteria;p__Bacteroidetes;c__Bacteroidia;o__Bacteroidales;f__Porphyromonadaceae;g__Parabacteroides;s__Parabacteroides_johnsonii	0.00976087180644	-0.016462405086	-0.0247105068402	-0.0239835876822	-0.017519576344	-0.0354071597543	0.023398309592	0.0561763476863	-0.0195709616841	0.0122504035614	-0.0187671364827	-0.00529395685356	0.0022384178013	-0.00834850585247	-0.0210643093835	0.0586450464746	-0.0215239483729	-0.0179899513587	0.00181941659865	-0.00135227132899	-0.0211695393454	-0.059336538507	-0.038538461127	-0.0674549843652	0.0142260004636	-0.0122343620596	-0.0314911974204	-0.00416215563119	1.0	-0.00588724301658	-0.00100363897092	-0.0305375019318	-0.0183912602209	0.0328148442484	-0.0252168930048	0.0208091174588	-0.0147198308472	0.025138528815	0.00660390163308	-0.00168838850262	-0.04246361502	0.0286553638098	0.0476505171868	-0.0699373242327	0.0163920141407	0.0423022059705	0.00882433605752	0.0129615751299	-0.0375739726703	-0.0277799971665	6.21998351255e-05	-0.0384197422219	-0.0374287237471	0.0295616934494	-0.0120618958892	0.0279050951114	0.0100447885382	-0.057190919757	-0.00448331061557
k__Bacteria;p__Actinobacteria;c__Actinobacteria;o__Bifidobacteriales;f__Bifidobacteriaceae;g__Bifidobacterium;s__Bifidobacterium_longum	0.0263181538547	0.0288166211279	0.0446964513313	0.0322181814336	0.0188240476589	-0.0991955939318	0.00282215890839	-0.0675302830272	0.0189775786101	0.0476277203411	0.0239478374144	-0.0551837527955	0.0287906749207	0.00847805981288	-0.0377295295284	-0.0608345145535	-0.0185535728443	0.0192624246305	-0.030792664259	0.0209456416737	-0.0034753037104	0.0348211395926	0.0431736110405	-0.0114120695129	-0.0254587079567	-0.00980885680701	-0.0158722192495	-0.0193676240867	-0.00588724301658	1.0	0.0218450914785	0.0614128233267	0.0589787081398	0.0171794036084	-0.0170351956644	-0.0511732234067	-0.0550332378706	0.0175125870934	-0.0315257355895	-0.0405648937852	-0.0233691031111	0.000694828849687	0.0471680833963	-0.0434939460577	-0.00835370267217	0.0196142617474	-0.00246329608363	0.00616022540798	-0.011143306913	-0.101066196911	0.0163366965792	-0.0282467109215	-0.0480562644034	0.0519549413244	0.071837418898	-0.0441653431182	-0.000413198217031	0.00116746010815	-0.0423241349362
