#taxonomy	k__Bacteria;p__Bacteroidetes;c__Bacteroidia;o__Bacteroidales;f__Bacteroidaceae;g__Bacteroides;s__Bacteroides_vulgatus	k__Bacteria;p__Bacteroidetes;c__Bacteroidia;o__Bacteroidales;f__Bacteroidaceae;g__Bacteroides;s__Bacteroides_uniformis	k__Bacteria;p__Bacteroidetes;c__Bacteroidia;o__Bacteroidales;f__Rikenellaceae;g__Alistipes;s__Alistipes_putredinis	k__Bacteria;p__Bacteroidetes;c__Bacteroidia;o__Bacteroidales;f__Prevotellaceae;g__Prevotella;s__Prevotella_copri	k__Bacteria;p__Bacteroidetes;c__Bacteroidia;o__Bacteroidales;f__Bacteroidaceae;g__Bacteroides;s__Bacteroides_stercoris	k__Bacteria;p__Bacteroidetes;c__Bacteroidia;o__Bacteroidales;f__Bacteroidaceae;g__Bacteroides;s__Bacteroides_ovatus	k__Bacteria;p__Bacteroidetes;c__Bacteroidia;o__Bacteroidales;f__Rikenellaceae;g__Alistipes;s__Alistipes_shahii	k__Bacteria;p__Firmicutes;c__Clostridia;o__Clostridiales;f__Ruminococcaceae;g__Faecalibacterium;s__Faecalibacterium_prausnitzii	k__Bacteria;p__Bacteroidetes;c__Bacteroidia;o__Bacteroidales;f__Rikenellaceae;g__Alistipes;s__Alistipes_finegoldii	k__Bacteria;p__Bacteroidetes;c__Bacteroidia;o__Bacteroidales;f__Porphyromonadaceae;g__Parabacteroides;s__Parabacteroides_distasonis	k__Bacteria;p__Bacteroidetes;c__Bacteroidia;o__Bacteroidales;f__Bacteroidaceae;g__Bacteroides;s__Bacteroides_thetaiotaomicron	k__Bacteria;p__Bacteroidetes;c__Bacteroidia;o__Bacteroidales;f__Bacteroidaceae;g__Bacteroides;s__Bacteroides_coprocola	k__Bacteria;p__Bacteroidetes;c__Bacteroidia;o__Bacteroidales;f__Bacteroidaceae;g__Bacteroides;s__Bacteroides_cellulosilyticus	k__Bacteria;p__Bacteroidetes;c__Bacteroidia;o__Bacteroidales;f__Rikenellaceae;g__Alistipes;s__Alistipes_obesi	k__Bacteria;p__Firmicutes;c__Clostridia;o__Clostridiales;f__Lachnospiraceae;g__;s__[Eubacterium]_rectale	k__Bacteria;p__Bacteroidetes;c__Bacteroidia;o__Bacteroidales;f__Bacteroidaceae;g__Bacteroides;s__Bacteroides_plebeius	k__Bacteria;p__Bacteroidetes;c__Bacteroidia;o__Bacteroidales;f__Bacteroidaceae;g__Bacteroides;s__Bacteroides_fragilis	k__Bacteria;p__Proteobacteria;c__Betaproteobacteria;o__Burkholderiales;f__Sutterellaceae;g__Sutterella;s__Sutterella_wadsworthensis	k__Bacteria;p__Bacteroidetes;c__Bacteroidia;o__Bacteroidales;f__Porphyromonadaceae;g__Barnesiella;s__Barnesiella_intestinihominis	k__Bacteria;p__Bacteroidetes;c__Bacteroidia;o__Bacteroidales;f__Odoribacteraceae;g__Odoribacter;s__Odoribacter_splanchnicus	k__Bacteria;p__Bacteroidetes;c__Bacteroidia;o__Bacteroidales;f__Bacteroidaceae;g__Bacteroides;s__Bacteroides_salyersiae	k__Bacteria;p__Firmicutes;c__Clostridia;o__Clostridiales;f__Ruminococcaceae;g__Ruminiclostridium;s__[Eubacterium]_siraeum	k__Bacteria;p__Proteobacteria;c__Betaproteobacteria;o__Burkholderiales;f__Sutterellaceae;g__Parasutterella;s__Parasutterella_excrementihominis	k__Bacteria;p__Actinobacteria;c__Actinobacteria;o__Bifidobacteriales;f__Bifidobacteriaceae;g__Bifidobacterium;s__Bifidobacterium_adolescentis	k__Bacteria;p__Firmicutes;c__Clostridia;o__Clostridiales;f__Oscillospiraceae;g__Oscillibacter;s__Oscillibacter_sp._KLE_1745	k__Bacteria;p__Bacteroidetes;c__Bacteroidia;o__Bacteroidales;f__Bacteroidaceae;g__Bacteroides;s__Bacteroides_coprophilus	k__Bacteria;p__Firmicutes;c__Clostridia;o__Clostridiales;f__Lachnospiraceae;g__Roseburia;s__Roseburia_intestinalis	k__Bacteria;p__Firmicutes;c__Clostridia;o__Clostridiales;f__Lachnospiraceae;g__Roseburia;s__Roseburia_hominis	k__Bacteria;p__Bacteroidetes;c__Bacteroidia;o__Bacteroidales;f__Porphyromonadaceae;g__Parabacteroides;s__Parabacteroides_johnsonii	k__Bacteria;p__Actinobacteria;c__Actinobacteria;o__Bifidobacteriales;f__Bifidobacteriaceae;g__Bifidobacterium;s__Bifidobacterium_longum	k__Bacteria;p__Firmicutes;c__Clostridia;o__Clostridiales;f__;g__Flavonifractor;s__Flavonifractor_plautii	k__Bacteria;p__Firmicutes;c__Clostridia;o__Clostridiales;f__Clostridiaceae;g__Clostridium;s__Clostridium_phoceensis	k__Bacteria;p__Verrucomicrobia;c__Verrucomicrobiae;o__Verrucomicrobiales;f__Akkermansiaceae;g__Akkermansia;s__Akkermansia_muciniphila	k__Bacteria;p__Bacteroidetes;c__Bacteroidia;o__Bacteroidales;f__Prevotellaceae;g__Paraprevotella;s__Paraprevotella_xylaniphila	k__Bacteria;p__Firmicutes;c__Clostridia;o__Clostridiales;f__Ruminococcaceae;g__Ruminococcus;s__Ruminococcus_callidus	k__Bacteria;p__Bacteroidetes;c__Bacteroidia;o__Bacteroidales;f__Rikenellaceae;g__Alistipes;s__Alistipes_senegalensis	k__Bacteria;p__Firmicutes;c__Clostridia;o__Clostridiales;f__Lachnospiraceae;g__Blautia;s__Blautia_sp._KLE_1732	k__Bacteria;p__Bacteroidetes;c__Bacteroidia;o__Bacteroidales;f__Bacteroidaceae;g__Bacteroides;s__Bacteroides_oleiciplenus	k__Bacteria;p__Firmicutes;c__Clostridia;o__Clostridiales;f__Ruminococcaceae;g__Ruminococcus;s__Ruminococcus_bicirculans	k__Bacteria;p__Bacteroidetes;c__Bacteroidia;o__Bacteroidales;f__Bacteroidaceae;g__Bacteroides;s__Bacteroides_fluxus	k__Bacteria;p__Bacteroidetes;c__Bacteroidia;o__Bacteroidales;f__Prevotellaceae;g__Prevotella;s__Prevotella_stercorea	k__Bacteria;p__Firmicutes;c__Clostridia;o__Clostridiales;f__Lachnospiraceae;g__Dorea;s__Dorea_longicatena	k__Bacteria;p__Firmicutes;c__Clostridia;o__Clostridiales;f__Eubacteriaceae;g__Eubacterium;s__[Eubacterium]_eligens	k__Bacteria;p__Firmicutes;c__Clostridia;o__Clostridiales;f__Ruminococcaceae;g__;s__Ruminococcaceae_bacterium_D16	k__Bacteria;p__Firmicutes;c__Clostridia;o__Clostridiales;f__Lachnospiraceae;g__Coprococcus;s__Coprococcus_comes	k__Bacteria;p__Proteobacteria;c__Gammaproteobacteria;o__Enterobacterales;f__Enterobacteriaceae;g__Escherichia;s__Escherichia_coli	k__Bacteria;p__Firmicutes;c__Clostridia;o__Clostridiales;f__Ruminococcaceae;g__Anaerotruncus;s__Anaerotruncus_colihominis	k__Bacteria;p__Firmicutes;c__Clostridia;o__Clostridiales;f__Lachnospiraceae;g__Blautia;s__Blautia_obeum	k__Bacteria;p__Bacteroidetes;c__Bacteroidia;o__Bacteroidales;f__Odoribacteraceae;g__Odoribacter;s__Odoribacter_laneus	k__Bacteria;p__Firmicutes;c__Clostridia;o__Clostridiales;f__Ruminococcaceae;g__Ruminiclostridium;s__[Clostridium]_leptum	k__Bacteria;p__Bacteroidetes;c__Bacteroidia;o__Bacteroidales;f__Porphyromonadaceae;g__Parabacteroides;s__Parabacteroides_goldsteinii	k__Bacteria;p__Firmicutes;c__Clostridia;o__Clostridiales;f__Lachnospiraceae;g__Anaerostipes;s__Anaerostipes_hadrus	k__Bacteria;p__Firmicutes;c__Clostridia;o__Clostridiales;f__Ruminococcaceae;g__Ruminococcus;s__Ruminococcus_lactaris	k__Bacteria;p__Firmicutes;c__Clostridia;o__Clostridiales;f__Clostridiaceae;g__Clostridium;s__Clostridium_sp._L2-50	k__Bacteria;p__Firmicutes;c__Clostridia;o__Clostridiales;f__Clostridiaceae;g__Clostridium;s__Clostridium_sp._M62/1	k__Bacteria;p__Firmicutes;c__Clostridia;o__Clostridiales;f__;g__Intestinimonas;s__Intestinimonas_butyriciproducens	k__Bacteria;p__Actinobacteria;c__Actinobacteria;o__Bifidobacteriales;f__Bifidobacteriaceae;g__Bifidobacterium;s__Bifidobacterium_bifidum	k__Bacteria;p__Firmicutes;c__Negativicutes;o__Veillonellales;f__Veillonellaceae;g__Dialister;s__Dialister_invisus	k__Bacteria;p__Bacteroidetes;c__Bacteroidia;o__Bacteroidales;f__Bacteroidaceae;g__Bacteroides;s__Bacteroides_salanitronis
k__Bacteria;p__Bacteroidetes;c__Bacteroidia;o__Bacteroidales;f__Bacteroidaceae;g__Bacteroides;s__Bacteroides_vulgatus	1.0	-0.0772659729331	0.0461551253547	0.0128040763269	0.0295127047926	0.00210195435133	-0.00577474769543	-0.032722424574	-0.020884536772	0.0207595283958	0.036101899687	0.021269716579	0.00519748977837	-0.00381462206348	0.0195498688745	0.0604358146794	-0.0170045216867	0.0132486319304	0.0346792831144	0.00639363066972	0.0401704980994	0.0406108634557	-0.0235889490666	-0.0130924617671	0.0661295739372	-0.0130482625491	0.00482012577279	-0.000493099635604	0.0264448199254	-0.0248906626877	0.00956254360389	-0.00722234303113	-0.0292765995177	0.0169591674429	-0.0226663652973	0.0336244678162	-0.00214706355545	-0.0130176601462	0.00494054355841	0.0240900347285	0.012982611465	-0.0189848850401	-0.0182423147921	0.0261814712144	0.0578695128101	-0.010347975491	-0.0234974509963	-0.000803238047819	0.0394862931801	-0.0333316613465	-0.0157065616613	-0.0252683234102	-0.0877353128071	-0.0627190017935	-0.00903707840197	0.0170843436492	0.00158299645089	-0.0287450337002	-0.0342403446332
k__Bacteria;p__Bacteroidetes;c__Bacteroidia;o__Bacteroidales;f__Bacteroidaceae;g__Bacteroides;s__Bacteroides_uniformis	-0.0772659729331	1.0	-0.0420313018369	0.00843533907229	0.0560159215349	-0.0101227509189	-0.0196851314424	-0.00267224251305	-0.0225114056119	0.0203474945717	0.0066247817814	0.0351537490652	0.0242800646974	0.0294050549744	-0.0235543290823	0.0275953732829	0.0446208639282	0.0603143393536	0.00364149840992	-0.0165686528148	0.00504270820134	-0.0581969020707	0.0362943839199	-0.0568727637145	0.0537564755776	0.0117692896494	0.00261279158472	0.0198324102809	-0.02903292691	-0.00616687233209	0.0141580419612	0.00266824435845	-0.0240227872275	-0.0593231270298	-0.0190493125133	-0.0149596348033	-0.0160803063029	-0.0257427333229	-0.00821112511874	0.0147035793124	-0.0444270414599	-0.0170125820018	-0.0346221925012	-0.0470747447372	-0.010050390367	0.06354301969	-0.0123976599934	0.0379468426404	-0.0383147439515	0.0132277337786	0.0102071658713	0.0576078959142	-0.0949229254149	0.0391435289821	0.0172186163866	-0.0398994576365	-0.0100410262423	-0.0158769162422	0.0316986563174
k__Bacteria;p__Bacteroidetes;c__Bacteroidia;o__Bacteroidales;f__Rikenellaceae;g__Alistipes;s__Alistipes_putredinis	0.0461551253547	-0.0420313018369	1.0	-0.00637133905977	-0.0143778292795	0.0488467694626	0.0233091246673	0.0045657298893	-0.00362810780334	-0.000819196989849	0.00154355187528	-0.0127615970596	0.0165091271903	0.00968289808338	0.0475878353754	-0.045368870744	0.0496232722571	-0.0194221297543	-0.00235505482528	-0.0475021986432	-0.0393168858	-0.0295329672402	-0.00250684964972	-0.0740196392565	0.00137364780025	-0.0281216238459	-0.026445425146	-0.018469151316	-0.00503272823449	-0.0575003648439	-0.0532845905941	0.018013702764	0.028772563547	-0.0455682998628	0.0375419433701	-0.00134070974768	0.00472685420368	0.0274516909601	-0.00455532341826	0.00449841711583	-0.0297486031561	-0.0501310231139	-0.0385942882367	0.0436908166369	-0.00268137025004	-0.0234483955487	-0.0205228004026	0.0331334286676	0.0133763053381	-0.00109634704841	-0.0170402538943	0.0340106351876	0.0380232112958	0.00010721628487	-0.0231908785363	-0.0156721091186	0.024274743232	-0.000770208290484	0.0125636640572
k__Bacteria;p__Bacteroidetes;c__Bacteroidia;o__Bacteroidales;f__Prevotellaceae;g__Prevotella;s__Prevotella_copri	0.0128040763269	0.00843533907229	-0.00637133905977	1.0	-0.0246520949875	-0.0145987006923	0.0243510989934	0.023905735535	-0.00363623001484	-0.0137085206077	-0.0468898611581	-0.05115318978	0.00984494625664	-0.00563771966714	-0.0353091513225	-0.0572360082389	-0.0243866956323	-0.0412260223818	0.0144534690721	0.0345801466043	-0.0441681038951	0.0438212279283	-0.0247645750542	0.0248621486874	0.0289513934399	-0.0284049213566	0.0317580841407	-0.0132127454864	-0.0279816921803	-0.0474719427774	0.0055150174307	0.0489354777705	-0.0107484757792	0.00767244521137	0.00322017158906	-0.0127868093221	-0.0313680033543	0.00314038764053	0.00949323456615	-0.0140032906396	0.0230275246148	-0.0494053737831	0.0405018353384	-0.0410422583189	0.0364911095986	-0.0092090921935	-0.0338710420475	-0.000415762322225	-0.0455640728932	-0.0388739247242	-0.00956415752254	0.0313831004991	0.0303429712895	0.0520232307429	-0.0380826551504	0.0169660200244	-0.0122402755158	-0.0191971723123	0.0284316445218
k__Bacteria;p__Bacteroidetes;c__Bacteroidia;o__Bacteroidales;f__Bacteroidaceae;g__Bacteroides;s__Bacteroides_stercoris	0.0295127047926	0.0560159215349	-0.0143778292795	-0.0246520949875	1.0	0.0427144916449	-0.0262089126652	0.0173661495283	0.0242799756148	-0.0522593648951	-0.0294019662314	-0.015776704842	-0.0232964574669	0.000214733388824	-0.0347347769325	-0.0030213470806	-0.0191327862564	-0.0200474899932	0.0513663765791	-0.00175937152975	-0.0538445554284	-0.00765185662281	0.00806949498139	0.0214540568435	-0.0367260456685	-0.00452174771683	0.050367936131	-0.00963902001059	-0.0476847436097	0.0155501566155	0.0246867409201	0.0326618928887	-0.0128496977374	0.0341452301457	0.0304004380373	-0.000243327032446	0.0156671976073	0.00497599408636	-0.0704217367101	0.0174166953092	-0.0219961959411	-0.00962155447216	0.0406795901426	0.00170108134137	-0.0463102317394	0.00490132154733	0.0613598234119	0.00799430179022	0.00425696326856	0.0103143875744	0.00646853688512	-0.0301717655928	-0.0473200371696	0.0556443706776	0.0166181942736	0.0228090510833	-0.0307023573504	-0.0446666083986	0.0464065492381
k__Bacteria;p__Bacteroidetes;c__Bacteroidia;o__Bacteroidales;f__Bacteroidaceae;g__Bacteroides;s__Bacteroides_ovatus	0.00210195435133	-0.0101227509189	0.0488467694626	-0.0145987006923	0.0427144916449	1.0	-0.0121653845939	-0.0122342020762	0.00288182298691	-0.011706869642	-0.0597107646299	0.0629297381961	-0.021772217186	-0.0147191275143	0.0227496059847	-0.029875122943	0.0295957053411	-0.0462087362492	-0.0441948944907	-0.0210426893266	-0.068153215801	-0.0232359720569	0.0342030673048	0.0213239525	-0.00846410631373	-0.0561369762686	-0.0273439719604	-0.00813175244245	-0.0345075338752	-0.0387987881992	0.000206212285701	-0.0149193483067	-0.0195391634094	-0.0259617291869	-0.0302377448728	-0.00051591924241	-0.0173504578451	0.0426603100966	-0.0173456927267	0.0144165133554	0.0184458541527	-0.0061121397722	-0.0427485406296	-0.0234446686122	0.00120488312417	0.0448908009003	0.00398587901555	0.0271299009428	-0.0727403793472	-0.0234829143119	-0.0347289141733	0.0377810005482	0.0203777777283	-0.021781988713	0.0289691553074	-0.0279530500094	-0.00893720597937	0.0121803308083	0.00584443586583
k__Bacteria;p__Bacteroidetes;c__Bacteroidia;o__Bacteroidales;f__Rikenellaceae;g__Alistipes;s__Alistipes_shahii	-0.00577474769543	-0.0196851314424	0.0233091246673	0.0243510989934	-0.0262089126652	-0.0121653845939	1.0	0.0635100960546	-0.0225459423688	0.0425259232287	-0.0219135043266	-0.0337353256405	0.0461006246609	-0.0493820408747	0.0413761364925	0.00778143627823	-0.0253360170304	-0.0243975706853	0.051615092585	-0.00473964232119	0.0145247033037	0.010404811625	0.0412376744193	0.0216801391611	0.0181529230742	0.00550412566562	-0.0351861140168	-0.0385264283722	0.0647321686935	0.0296737440575	0.0400645256363	-0.0908283520498	0.0186049213255	0.0192984108885	-0.0485631150204	0.0177372302305	-0.00731792546129	-0.010363354378	-0.0635427327643	0.024563033692	0.0227253313823	-0.0516227796188	-0.0156162383125	0.0178351120751	-0.0445285823171	0.0132185630992	0.00986653253679	0.00703795693773	-0.0398756059612	-0.0350660392816	-0.0357676301276	-0.00762572894888	0.0425909423526	0.0167903803474	0.00479771897116	-0.0153557245787	-0.0118714993069	-0.0121391277174	0.00615878403162
k__Bacteria;p__Firmicutes;c__Clostridia;o__Clostridiales;f__Ruminococcaceae;g__Faecalibacterium;s__Faecalibacterium_prausnitzii	-0.032722424574	-0.00267224251305	0.0045657298893	0.023905735535	0.0173661495283	-0.0122342020762	0.0635100960546	1.0	-0.0300764990097	0.0207165652356	-0.0319377978659	-0.0669906075686	0.0357159031861	-0.0342028040015	0.0776330985309	0.0369548828783	-0.0283684336713	0.0484875686277	0.00131176879327	-0.0467772140705	-0.0172686118046	-0.0137299440419	0.00317181730086	0.00385991563727	0.0251042694285	-0.0264506905031	0.0412560312038	0.00456806098692	0.0466652305889	0.0362515768238	-0.037793463381	-0.0530004271119	-0.0350120732184	-0.00823682494503	-0.0469850202329	0.0255656259813	-0.0488642467891	-0.0398463329741	-0.00317259305624	0.0206367946888	0.0202207925912	-0.00151873840626	-0.0775745733598	0.0221268533111	-0.0491423928957	-0.0279959310091	0.0112642452268	0.0161357089377	-0.0375447035611	-0.0616161386191	-0.0282019589171	0.0095697013608	0.0229505641481	-0.02327059911	-0.0601071225899	0.0492369798672	-0.000761520689695	0.0368029621398	-0.00660522412984
k__Bacteria;p__Bacteroidetes;c__Bacteroidia;o__Bacteroidales;f__Rikenellaceae;g__Alistipes;s__Alistipes_finegoldii	-0.020884536772	-0.0225114056119	-0.00362810780334	-0.00363623001484	0.0242799756148	0.00288182298691	-0.0225459423688	-0.0300764990097	1.0	-0.0139641814682	0.0274503289877	0.0331610642887	-0.0420324418785	0.00947784177448	0.011601738439	-0.0187676411607	0.00845036010428	0.0408876624102	-0.0144430187206	0.0179812218289	-0.0573096127414	0.01369285474	-0.0265540962803	0.0251865730571	-0.0683060433251	-0.0620183679426	-0.0276879441643	0.0173993756105	0.0173959791052	-0.0264097341029	-0.0186800460756	-0.0201019081755	0.0136056713938	0.037980803989	-0.013834757831	0.0205952487599	-0.00963840343391	0.0427730743043	0.0157903134361	-0.0122688120931	-0.0541357903823	-0.0360035294085	-0.0242482065476	-0.00751887902512	-0.00191585154664	0.0249519358326	0.0859186962391	-0.0204348634553	-0.0132578983438	0.0552842167467	-0.00492651520631	0.0295234675567	-0.00397786860279	0.0181522892667	0.0366651625696	-0.0211001194287	-0.0196093715105	-0.0605162088776	0.0185329989255
k__Bacteria;p__Bacteroidetes;c__Bacteroidia;o__Bacteroidales;f__Porphyromonadaceae;g__Parabacteroides;s__Parabacteroides_distasonis	0.0207595283958	0.0203474945717	-0.000819196989849	-0.0137085206077	-0.0522593648951	-0.011706869642	0.0425259232287	0.0207165652356	-0.0139641814682	1.0	-0.0172375944756	-0.00502067556952	0.0147686168365	0.00302977142142	0.0263664904151	-0.0586810234841	0.0306253074113	0.00185289552202	0.00850404709194	-0.0407112408834	-0.0106313203133	-0.0228469538207	0.000659224881399	-0.0173490110587	-0.0333846254052	0.0048990156524	-0.00400824382745	0.00726353292764	0.00221515141302	0.00670570309916	-0.0192803047116	-0.0256886238883	-0.0441746811632	-0.0192400915387	0.0583999639482	0.000716025727603	-0.0182043451653	0.00576959278749	0.0272372659851	-0.00864239434962	-0.0493775743977	0.0479020135513	0.0573658536637	-0.0477185613665	-0.00675559938524	-0.0054221841878	0.0340511632517	-0.0209830522673	0.0467618318386	-0.0354294289394	-0.0248372571086	-0.0724757073745	-0.00038522067622	0.00734574237012	-0.090580317178	-0.0662674773463	0.0261414959372	0.0277954666385	-0.0339987375024
k__Bacteria;p__Bacteroidetes;c__Bacteroidia;o__Bacteroidales;f__Bacteroidaceae;g__Bacteroides;s__Bacteroides_thetaiotaomicron	0.036101899687	0.0066247817814	0.00154355187528	-0.0468898611581	-0.0294019662314	-0.0597107646299	-0.0219135043266	-0.0319377978659	0.0274503289877	-0.0172375944756	1.0	0.00911053132296	-0.00487080075028	-0.0215467409935	-0.031276749999	-0.032273924714	-0.00553891298053	0.088562757947	0.00690196402455	-0.0439668122381	0.00279197711749	0.0307893220213	-0.0479747388115	0.00994223898603	-0.0105804236779	0.0284377450973	-0.025879913579	0.0137450121687	0.0299175184259	-0.0185244512063	0.00220199941452	-0.0382210628787	0.0530172811674	0.0492152025097	-0.0131989770782	0.00591856781494	-0.0192327445536	-0.0265436946767	-0.00073179187291	-0.0683229946884	0.0313826475733	0.0025266921469	0.0249963342086	0.0147364014674	-0.0137617774528	0.0328822508963	0.0301422554129	-0.0452551592611	-0.0264563895771	0.0206000178441	-0.0567594179736	-0.0248116914965	-0.0571312421081	-0.00423078240949	0.0135467303126	-0.0259466002915	0.00129515978784	-0.0386494246334	0.0346771501609
k__Bacteria;p__Bacteroidetes;c__Bacteroidia;o__Bacteroidales;f__Bacteroidaceae;g__Bacteroides;s__Bacteroides_coprocola	0.021269716579	0.0351537490652	-0.0127615970596	-0.05115318978	-0.015776704842	0.0629297381961	-0.0337353256405	-0.0669906075686	0.0331610642887	-0.00502067556952	0.00911053132296	1.0	0.0223241012838	-0.0527825283395	0.0144497397825	-0.0188763466264	0.0294297839559	0.0384184699074	-0.0380917863272	0.0439358366998	-0.0262655541284	-0.0418330897373	0.0646218233303	0.0557485544498	-0.019488952518	-0.0740935288017	-0.0287095643015	0.0177553632027	0.0107197471863	0.0191367615602	-0.0237770507865	0.0831554884578	-0.0212331529096	0.0177764245864	-0.0346679230191	0.00757365636904	-0.0548462716995	0.0508347044739	0.0313048603642	-0.00978621496176	-0.086998016118	-0.0572212985739	-0.0168244021293	-0.0419188487497	-0.0542703110066	0.0376951807082	-0.0659251059844	0.0366340960255	-0.0838241010609	0.00837139295369	-0.0280999340521	0.00164824702293	-0.00370436526105	0.0100492374613	-0.00355532303964	0.0227013701546	-0.0302579658291	0.040644874179	0.0186543194356
k__Bacteria;p__Bacteroidetes;c__Bacteroidia;o__Bacteroidales;f__Bacteroidaceae;g__Bacteroides;s__Bacteroides_cellulosilyticus	0.00519748977837	0.0242800646974	0.0165091271903	0.00984494625664	-0.0232964574669	-0.021772217186	0.0461006246609	0.0357159031861	-0.0420324418785	0.0147686168365	-0.00487080075028	0.0223241012838	1.0	-0.0425569952639	0.00266534124386	0.00068188487682	0.0279494278908	-0.0262116926721	-0.038639550381	-0.00738645904728	0.0125341641529	-0.0170255438946	0.0294098827224	-0.0285254436853	-0.0211934134802	0.00604417888692	-0.00407003683497	0.0030941945174	-0.0480454159685	0.00961752104786	-0.0215389136253	-0.00657172705041	0.0362547347107	-0.0357585959243	-0.0503648605455	-0.0187554460389	0.0450552230235	0.0304266748445	0.0728358327759	-0.0129793437057	-0.0416107537843	0.0025935257481	-0.0503011156078	0.0312206160458	-0.00317385671211	-0.044039818622	0.00574476811928	0.0130800088315	-0.035354027563	-0.029374875225	-0.000162660961222	-0.0342555204589	-0.0369406805896	-0.0467996116037	0.0133013835354	-0.0360091444421	-0.0258559230851	0.053287700689	-0.0189087356551
k__Bacteria;p__Bacteroidetes;c__Bacteroidia;o__Bacteroidales;f__Rikenellaceae;g__Alistipes;s__Alistipes_obesi	-0.00381462206348	0.0294050549744	0.00968289808338	-0.00563771966714	0.000214733388824	-0.0147191275143	-0.0493820408747	-0.0342028040015	0.00947784177448	0.00302977142142	-0.0215467409935	-0.0527825283395	-0.0425569952639	1.0	0.0110873066671	0.0112255624289	-0.0368681920884	8.3993000986e-05	0.00395296913315	0.0103604212265	0.0142407258516	-0.0425511720621	-0.0430315002938	0.0566317845165	-0.0115498768882	-0.0391883035988	0.00792131574351	0.0053073037094	-0.0800451477329	-0.043030543203	0.0167638437887	-0.0301626237224	-0.0183673583979	0.0304634207798	-0.0142400461518	0.0222647688859	-0.00669340373294	0.0262776738595	-0.015388912491	-0.0366194798838	0.0173029231048	-0.0474467939816	-0.000146957434025	-0.0146184300061	-0.03812611952	-0.0105207265862	0.00459683408471	-0.0156664751879	0.0436485098332	-0.0116491979897	0.0250950181003	0.0144468626629	-0.00125275806592	0.0227372737197	0.00360678950365	-0.0237072210591	-0.00509266951654	0.00726440117745	-0.0302901044064
k__Bacteria;p__Firmicutes;c__Clostridia;o__Clostridiales;f__Lachnospiraceae;g__;s__[Eubacterium]_rectale	0.0195498688745	-0.0235543290823	0.0475878353754	-0.0353091513225	-0.0347347769325	0.0227496059847	0.0413761364925	0.0776330985309	0.011601738439	0.0263664904151	-0.031276749999	0.0144497397825	0.00266534124386	0.0110873066671	1.0	-0.00581708911942	-0.0323897340735	0.0287708371942	-0.000160217234348	0.0750779465017	-0.0221537218763	-0.0449926326284	-0.0208743402879	-0.0147181410182	-0.0139130376434	-0.0342426143757	0.0246110751922	-0.0106529265046	-0.0161411131498	-0.0172456701203	0.00807912939184	0.0153813398933	-0.0473909454874	-0.00404827688689	0.0334114304219	-0.0208819718088	0.016414888669	0.0953444760155	0.00289134707297	-0.0473524937627	-0.0129382218387	-0.0308431747868	-0.0655090834724	-0.0397782025613	-0.01269265424	0.0320195268068	-0.0394254184983	0.000610113469377	-0.00233674635825	-0.0289038263802	-0.0249213942996	-0.00877982407285	-0.0180489245554	-0.0318612528519	0.0151888170724	-0.00128613826525	0.0490229400507	0.0313882107538	-0.0378213166236
k__Bacteria;p__Bacteroidetes;c__Bacteroidia;o__Bacteroidales;f__Bacteroidaceae;g__Bacteroides;s__Bacteroides_plebeius	0.0604358146794	0.0275953732829	-0.045368870744	-0.0572360082389	-0.0030213470806	-0.029875122943	0.00778143627823	0.0369548828783	-0.0187676411607	-0.0586810234841	-0.032273924714	-0.0188763466264	0.00068188487682	0.0112255624289	-0.00581708911942	1.0	-0.0320945248756	-0.0191868301934	-0.0235987513254	-0.0319066398905	-0.0368680653336	0.0220309897874	0.0238494909399	0.0247371875074	0.0214514958948	0.0298419393339	-0.0306164163929	-0.0433404218596	-0.0511747931979	-0.0243372970841	0.0988155221632	0.0162874221472	-0.000311380419838	0.0211930714369	0.0411182122614	0.0251891485911	-0.00101214457106	0.0261224167004	0.031965084935	-0.0389481491877	-0.0175542729565	-0.000157861911644	0.0124314180252	-0.00296055183513	-0.0421865780129	-0.0228070721436	-0.00887099501773	-0.0285205078338	-0.0444879792172	0.0104296957896	0.00739997370559	-0.0539988577746	-0.0199295927756	-0.0262524786883	-0.0146542203638	-0.0511860234957	-0.0126607999797	-0.0191114240654	-0.0738855648049
k__Bacteria;p__Bacteroidetes;c__Bacteroidia;o__Bacteroidales;f__Bacteroidaceae;g__Bacteroides;s__Bacteroides_fragilis	-0.0170045216867	0.0446208639282	0.0496232722571	-0.0243866956323	-0.0191327862564	0.0295957053411	-0.0253360170304	-0.0283684336713	0.00845036010428	0.0306253074113	-0.00553891298053	0.0294297839559	0.0279494278908	-0.0368681920884	-0.0323897340735	-0.0320945248756	1.0	0.00834582942822	0.0114563372922	-0.00852758789329	0.0479949555785	-0.0251865099797	0.0643816124882	0.0349432324356	0.00472561956051	-0.0378236929272	0.0504453484098	-0.0190503446119	0.0399566111111	-0.0140951087211	0.00714422756961	0.0508215519313	-0.0564714107493	-0.0108711975461	-0.0287898959908	-0.0576790614585	-0.0456233258193	-0.00139831995423	0.0184022043432	-0.0799288076266	-0.0452660460623	-0.00537589273099	-0.0157046848298	-0.0864427978112	-0.0521360976626	0.0200544815823	-0.00917676000829	-0.0207037567096	-0.0208172844409	0.00787873820976	-0.000977974822239	-0.0373069699361	-0.0300616171284	0.0151769187952	-0.0265371928796	-0.0378496581723	0.0649776838798	-0.00347874807251	-0.0121921368563
k__Bacteria;p__Proteobacteria;c__Betaproteobacteria;o__Burkholderiales;f__Sutterellaceae;g__Sutterella;s__Sutterella_wadsworthensis	0.0132486319304	0.0603143393536	-0.0194221297543	-0.0412260223818	-0.0200474899932	-0.0462087362492	-0.0243975706853	0.0484875686277	0.0408876624102	0.00185289552202	0.088562757947	0.0384184699074	-0.0262116926721	8.3993000986e-05	0.0287708371942	-0.0191868301934	0.00834582942822	1.0	-0.0549490306576	0.0677140946416	0.0012114835084	-0.000677512132137	0.0728863727037	0.0214750936502	-0.046879758642	-0.00596440721781	0.0124580206242	-0.0227389959666	-0.0379535533981	0.0366403331751	0.0478597187046	0.042101215704	-0.0298304773032	0.0351465702951	-0.00357262283009	-0.0516598890114	-0.038739925077	0.000139923886883	0.0470219471804	-0.0287086462014	-0.0353820860055	-0.0342196329682	-0.0312459020622	0.0346072289067	-0.0186859694773	-0.0223822779033	-0.0519400178115	0.0154729129277	0.0316799339864	-0.00183467259271	-0.0258883851667	-0.0068171544035	0.100701461318	-0.0589326774139	-0.0232259960631	-0.0145122374746	-0.0261196415189	-0.00512518425327	-0.0343789000851
k__Bacteria;p__Bacteroidetes;c__Bacteroidia;o__Bacteroidales;f__Porphyromonadaceae;g__Barnesiella;s__Barnesiella_intestinihominis	0.0346792831144	0.00364149840992	-0.00235505482528	0.0144534690721	0.0513663765791	-0.0441948944907	0.051615092585	0.00131176879327	-0.0144430187206	0.00850404709194	0.00690196402455	-0.0380917863272	-0.038639550381	0.00395296913315	-0.000160217234348	-0.0235987513254	0.0114563372922	-0.0549490306576	1.0	-0.0050466554838	-0.000426579663975	-0.00472549191313	-0.0380055014459	-0.0422408976498	0.0252224408333	-0.0241860999488	-0.0136169315651	-0.00039951907631	0.00159032291849	-0.0380366159431	-0.023374503869	-0.0207509218432	-0.0310360580783	-0.0159439904527	-0.0501984467565	0.0181401535902	0.022901449581	0.00330465231341	-0.0159640995133	0.00963989639441	-0.0230412834744	0.0260580539451	-0.0338032121329	0.000518800798345	0.0560138981307	0.0187366273725	-0.0539664451434	-0.00675362394609	-0.0621816386971	0.0123222071351	-0.0326142184535	-0.0158759811836	0.0142706389159	0.00311136633584	0.0536063911407	0.071566506486	-0.0122533821002	0.00239303177809	0.0570662824582
k__Bacteria;p__Bacteroidetes;c__Bacteroidia;o__Bacteroidales;f__Odoribacteraceae;g__Odoribacter;s__Odoribacter_splanchnicus	0.00639363066972	-0.0165686528148	-0.0475021986432	0.0345801466043	-0.00175937152975	-0.0210426893266	-0.00473964232119	-0.0467772140705	0.0179812218289	-0.0407112408834	-0.0439668122381	0.0439358366998	-0.00738645904728	0.0103604212265	0.0750779465017	-0.0319066398905	-0.00852758789329	0.0677140946416	-0.0050466554838	1.0	-0.0546915675301	0.00715767563746	-0.0180252214602	-0.044204326475	0.0360451550359	-0.0244483825305	-0.0182055378791	-0.0544369589334	0.00113860461306	0.042893642314	-0.0079136927313	-0.0811009087923	-0.0284195640399	0.033614658513	-0.0293429441079	-0.0287264532271	-0.0273945875176	-0.00648400720359	0.00708488029266	-0.0190591602349	0.054919469455	0.00229502772346	0.00141405197869	-0.0170993591943	-0.00838890291356	0.0292239346204	-0.0798077098497	0.0166322831509	-0.0401889242167	-0.0161114037256	-0.00583348129721	-0.00541658590923	-0.0142568579536	0.0093254260818	0.0281797510512	0.0159054690235	0.0129556307039	-0.0227672272444	0.0498490931439
k__Bacteria;p__Bacteroidetes;c__Bacteroidia;o__Bacteroidales;f__Bacteroidaceae;g__Bacteroides;s__Bacteroides_salyersiae	0.0401704980994	0.00504270820134	-0.0393168858	-0.0441681038951	-0.0538445554284	-0.068153215801	0.0145247033037	-0.0172686118046	-0.0573096127414	-0.0106313203133	0.00279197711749	-0.0262655541284	0.0125341641529	0.0142407258516	-0.0221537218763	-0.0368680653336	0.0479949555785	0.0012114835084	-0.000426579663975	-0.0546915675301	1.0	0.0161607025082	-0.00119055756877	0.0184937190681	-0.0215778640387	0.0213893872738	-0.00427962183915	-0.00648820108851	-0.00908478315334	-0.00255297955831	-0.0257441683872	-0.0155988579532	-0.010273580742	-0.0212856939764	7.5903882313e-05	-0.0320812974155	0.00790490961503	-0.00637981711178	-0.0378706566922	-0.0160446724173	0.00636562202076	0.00808050402224	0.00610643244945	0.023333031501	-0.00771514181089	0.00943310773448	0.00404649818247	-0.0326414597636	-0.0727832334318	0.0046161775532	-0.0323842548686	0.0422841564005	0.0404298760534	0.0134624766794	-0.0278749462267	-0.0134812012352	0.0812615891253	0.0019057740822	0.0366841099579
k__Bacteria;p__Firmicutes;c__Clostridia;o__Clostridiales;f__Ruminococcaceae;g__Ruminiclostridium;s__[Eubacterium]_siraeum	0.0406108634557	-0.0581969020707	-0.0295329672402	0.0438212279283	-0.00765185662281	-0.0232359720569	0.010404811625	-0.0137299440419	0.01369285474	-0.0228469538207	0.0307893220213	-0.0418330897373	-0.0170255438946	-0.0425511720621	-0.0449926326284	0.0220309897874	-0.0251865099797	-0.000677512132137	-0.00472549191313	0.00715767563746	0.0161607025082	1.0	0.00408129557359	-0.059412404852	0.0240508114487	-0.00254996964691	-0.0264776171088	0.000798950781615	0.00802960526641	-0.0662121660525	0.0501288941913	-0.0194933035996	-0.00624328136806	0.0509533666815	-0.031250235175	0.00306694993779	-0.00481400459794	-0.00587804407024	0.0524058989082	-0.0415774492947	0.0113856284244	-0.0492717465216	-0.0624647947444	0.0397950819932	0.0101323889314	0.0102359742009	-0.0197614433304	-0.0332506015244	0.0222205686126	0.01308026606	0.00390234880737	-0.0219250357962	0.0339758446692	0.0366289179378	-0.0129460361357	-0.0820398053866	0.0339348604053	0.00423740281194	0.0683851793834
k__Bacteria;p__Proteobacteria;c__Betaproteobacteria;o__Burkholderiales;f__Sutterellaceae;g__Parasutterella;s__Parasutterella_excrementihominis	-0.0235889490666	0.0362943839199	-0.00250684964972	-0.0247645750542	0.00806949498139	0.0342030673048	0.0412376744193	0.00317181730086	-0.0265540962803	0.000659224881399	-0.0479747388115	0.0646218233303	0.0294098827224	-0.0430315002938	-0.0208743402879	0.0238494909399	0.0643816124882	0.0728863727037	-0.0380055014459	-0.0180252214602	-0.00119055756877	0.00408129557359	1.0	-0.0452428759462	0.0078269055099	0.0449866158863	-0.0256508865436	0.0189246854266	-0.0389826919382	-0.0170936487526	-0.03407665249	0.00927950279671	-0.0329066263096	-0.0802475655032	0.0284111232183	-0.055567425852	-0.0496054900102	-0.0247124209581	-0.0171344972402	-0.030623372476	-0.00215555509077	0.0218006107719	-3.64661760577e-05	0.00389273049537	-0.0718238167678	0.00137741763276	0.0350579336967	0.0182097534607	0.01932654904	0.0236857966681	-0.00332491361691	-0.0466545880616	-0.0335903249039	0.0167664380374	-0.00435037694747	-0.0509994157496	-0.0538796692795	-0.0139369323516	-0.0132659316861
k__Bacteria;p__Actinobacteria;c__Actinobacteria;o__Bifidobacteriales;f__Bifidobacteriaceae;g__Bifidobacterium;s__Bifidobacterium_adolescentis	-0.0130924617671	-0.0568727637145	-0.0740196392565	0.0248621486874	0.0214540568435	0.0213239525	0.0216801391611	0.00385991563727	0.0251865730571	-0.0173490110587	0.00994223898603	0.0557485544498	-0.0285254436853	0.0566317845165	-0.0147181410182	0.0247371875074	0.0349432324356	0.0214750936502	-0.0422408976498	-0.044204326475	0.0184937190681	-0.059412404852	-0.0452428759462	1.0	0.00423164345616	0.0578750905568	-0.0328921896294	0.0448471975303	0.0380314941788	0.0376302423007	-0.0217922800029	0.00554155852673	0.0305605392766	0.00921103700166	-0.00721455518227	0.0133562486884	-0.0318090461879	-0.0233960069991	0.00708131345528	-0.0136145198541	-0.0705301795958	-0.0454514753248	-0.00896557227177	-0.0296745912416	-0.0641140506675	-0.0321203915549	0.0612348610203	0.0103823443806	0.0396877152226	0.0232569617436	0.0290679432068	-0.0524289787407	-0.0187085409201	0.0371421835867	-0.0270111715054	-0.00640269997733	-0.0300762329092	0.0575999060693	-0.0820317594687
k__Bacteria;p__Firmicutes;c__Clostridia;o__Clostridiales;f__Oscillospiraceae;g__Oscillibacter;s__Oscillibacter_sp._KLE_1745	0.0661295739372	0.0537564755776	0.00137364780025	0.0289513934399	-0.0367260456685	-0.00846410631373	0.0181529230742	0.0251042694285	-0.0683060433251	-0.0333846254052	-0.0105804236779	-0.019488952518	-0.0211934134802	-0.0115498768882	-0.0139130376434	0.0214514958948	0.00472561956051	-0.046879758642	0.0252224408333	0.0360451550359	-0.0215778640387	0.0240508114487	0.0078269055099	0.00423164345616	1.0	-0.00393544815926	-0.0678861804615	0.0649883242242	0.0241628349629	0.00414177163149	-0.0321806559982	-0.0271753811513	-0.0363178007342	0.0198736197807	-0.0710263257159	-0.0629931075449	-0.00325887548146	-0.0230006527721	-0.0525884574567	0.00800135913016	-0.0178563252297	-0.00766751615049	0.0259303622081	-0.00933046879219	0.000692064255621	0.0327326528746	-0.044640210485	0.0322501571807	-0.0252893673155	-0.0187782750804	0.0241444936476	-0.00336192059958	-0.00860077590183	-0.0112019194998	0.05801639023	0.0178927189899	-0.0452308400629	-0.000846384743296	0.0582386973689
k__Bacteria;p__Bacteroidetes;c__Bacteroidia;o__Bacteroidales;f__Bacteroidaceae;g__Bacteroides;s__Bacteroides_coprophilus	-0.0130482625491	0.0117692896494	-0.0281216238459	-0.0284049213566	-0.00452174771683	-0.0561369762686	0.00550412566562	-0.0264506905031	-0.0620183679426	0.0048990156524	0.0284377450973	-0.0740935288017	0.00604417888692	-0.0391883035988	-0.0342426143757	0.0298419393339	-0.0378236929272	-0.00596440721781	-0.0241860999488	-0.0244483825305	0.0213893872738	-0.00254996964691	0.0449866158863	0.0578750905568	-0.00393544815926	1.0	-0.00722342756279	-0.0232781280939	0.02485217144	-0.00659521070515	-0.0353745666433	0.0302666139825	0.013712551819	-0.0143639152784	-0.0050953765533	-0.0424920513391	-0.0396190062381	-0.00708726567727	-0.011404634544	-0.0386377243116	0.0210133729853	-0.0119219011201	0.0277239246276	-0.0274719845381	0.00727980263265	-0.0440637664874	0.00901685779656	-0.0284257578965	0.0138289863505	0.0196959926904	-0.0318892881611	0.0264292326465	-0.0130471835155	-0.0297610651114	-0.0101415088182	-0.0361158742022	0.0211359700481	-0.00982668522753	0.00987200987616
k__Bacteria;p__Firmicutes;c__Clostridia;o__Clostridiales;f__Lachnospiraceae;g__Roseburia;s__Roseburia_intestinalis	0.00482012577279	0.00261279158472	-0.026445425146	0.0317580841407	0.050367936131	-0.0273439719604	-0.0351861140168	0.0412560312038	-0.0276879441643	-0.00400824382745	-0.025879913579	-0.0287095643015	-0.00407003683497	0.00792131574351	0.0246110751922	-0.0306164163929	0.0504453484098	0.0124580206242	-0.0136169315651	-0.0182055378791	-0.00427962183915	-0.0264776171088	-0.0256508865436	-0.0328921896294	-0.0678861804615	-0.00722342756279	1.0	0.0275633779781	-0.0737397888582	-0.040894256374	-0.0310328784794	0.0275133266266	0.0225189293687	-0.0159725480937	0.00283418822704	0.00384071856355	0.0150129550626	-0.0320748679624	0.0274215667482	0.03285354339	0.0191396687153	-0.010811616012	-0.0417466954101	0.0293361806977	0.000714788910191	-0.0181951500928	-0.0197114491401	0.0472170585087	0.0211062206868	-0.0726484136924	0.0273683969981	-0.0398549632562	0.0636176593129	-0.030962499473	-0.0559489534214	0.0350189678686	0.010849941524	-0.0375538884203	-0.0278760089383
k__Bacteria;p__Firmicutes;c__Clostridia;o__Clostridiales;f__Lachnospiraceae;g__Roseburia;s__Roseburia_hominis	-0.000493099635604	0.0198324102809	-0.018469151316	-0.0132127454864	-0.00963902001059	-0.00813175244245	-0.0385264283722	0.00456806098692	0.0173993756105	0.00726353292764	0.0137450121687	0.0177553632027	0.0030941945174	0.0053073037094	-0.0106529265046	-0.0433404218596	-0.0190503446119	-0.0227389959666	-0.00039951907631	-0.0544369589334	-0.00648820108851	0.000798950781615	0.0189246854266	0.0448471975303	0.0649883242242	-0.0232781280939	0.0275633779781	1.0	0.0950856934258	-0.0266690716514	0.0158371463421	-0.0234856805165	-0.00669115521135	-0.0261981536891	0.0110831383766	-0.00768463571972	0.00692674862567	-0.00822517190508	-0.0214310647023	-0.0131434299221	0.0541457044594	-0.00307924696372	-0.0539011852009	-0.0279815344804	0.0453861664441	0.0255089754234	-0.0433799927556	-0.02786127292	-0.000591639944469	0.0138716517632	0.0189012661114	-0.0494838580152	-0.00473228756658	-0.0398367768222	0.0125893305277	0.0187889709743	-0.0175933919645	-0.0105200795032	-0.0574679853758
k__Bacteria;p__Bacteroidetes;c__Bacteroidia;o__Bacteroidales;f__Porphyromonadaceae;g__Parabacteroides;s__Parabacteroides_johnsonii	0.0264448199254	-0.02903292691	-0.00503272823449	-0.0279816921803	-0.0476847436097	-0.0345075338752	0.0647321686935	0.0466652305889	0.0173959791052	0.00221515141302	0.0299175184259	0.0107197471863	-0.0480454159685	-0.0800451477329	-0.0161411131498	-0.0511747931979	0.0399566111111	-0.0379535533981	0.00159032291849	0.00113860461306	-0.00908478315334	0.00802960526641	-0.0389826919382	0.0380314941788	0.0241628349629	0.02485217144	-0.0737397888582	0.0950856934258	1.0	0.0165759011308	0.0057482168462	0.075716738778	0.023835077707	0.02225365778	-0.0167172922716	-0.0289623713126	0.00884521836182	-0.064021308483	0.0273827981929	-0.0165470312707	-0.0498256307219	-0.0369700113878	-0.0114999667941	0.00445369055074	0.046374800929	-0.0207074714726	0.00300884456014	-0.0194674024606	0.0747052192616	0.0228123447703	-0.00334873144025	-0.00317273800218	-0.016500531919	-0.00338185795466	0.0357816939679	-0.00732790411355	-0.0228062960494	0.0332834156109	0.00556755210901
k__Bacteria;p__Actinobacteria;c__Actinobacteria;o__Bifidobacteriales;f__Bifidobacteriaceae;g__Bifidobacterium;s__Bifidobacterium_longum	-0.0248906626877	-0.00616687233209	-0.0575003648439	-0.0474719427774	0.0155501566155	-0.0387987881992	0.0296737440575	0.0362515768238	-0.0264097341029	0.00670570309916	-0.0185244512063	0.0191367615602	0.00961752104786	-0.043030543203	-0.0172456701203	-0.0243372970841	-0.0140951087211	0.0366403331751	-0.0380366159431	0.042893642314	-0.00255297955831	-0.0662121660525	-0.0170936487526	0.0376302423007	0.00414177163149	-0.00659521070515	-0.040894256374	-0.0266690716514	0.0165759011308	1.0	-0.0365950001809	0.0352395423419	-0.0407987654889	-0.0251446002549	0.0545458023282	-0.00152156917068	-0.0134404340231	-0.0187502814969	-0.00777914146868	-0.0634924529678	-0.0129986033504	0.0441528156474	-0.00639598466573	0.00309307335755	-0.0361415735685	-0.00256568755576	0.0107686281967	-0.0183067404621	-0.00214914396484	-0.0177181043898	0.0139897041221	0.0139694080146	-0.0324717487715	-0.00286669504009	-0.0256133598374	-0.00139718956332	-0.0187937058897	0.0100432314138	-0.0197141637444
