#taxonomy	k__Bacteria;p__Bacteroidetes;c__Bacteroidia;o__Bacteroidales;f__Bacteroidaceae;g__Bacteroides;s__Bacteroides_vulgatus	k__Bacteria;p__Bacteroidetes;c__Bacteroidia;o__Bacteroidales;f__Bacteroidaceae;g__Bacteroides;s__Bacteroides_uniformis	k__Bacteria;p__Bacteroidetes;c__Bacteroidia;o__Bacteroidales;f__Rikenellaceae;g__Alistipes;s__Alistipes_putredinis	k__Bacteria;p__Bacteroidetes;c__Bacteroidia;o__Bacteroidales;f__Prevotellaceae;g__Prevotella;s__Prevotella_copri	k__Bacteria;p__Bacteroidetes;c__Bacteroidia;o__Bacteroidales;f__Bacteroidaceae;g__Bacteroides;s__Bacteroides_stercoris	k__Bacteria;p__Bacteroidetes;c__Bacteroidia;o__Bacteroidales;f__Bacteroidaceae;g__Bacteroides;s__Bacteroides_ovatus	k__Bacteria;p__Bacteroidetes;c__Bacteroidia;o__Bacteroidales;f__Rikenellaceae;g__Alistipes;s__Alistipes_shahii	k__Bacteria;p__Firmicutes;c__Clostridia;o__Clostridiales;f__Ruminococcaceae;g__Faecalibacterium;s__Faecalibacterium_prausnitzii	k__Bacteria;p__Bacteroidetes;c__Bacteroidia;o__Bacteroidales;f__Rikenellaceae;g__Alistipes;s__Alistipes_finegoldii	k__Bacteria;p__Bacteroidetes;c__Bacteroidia;o__Bacteroidales;f__Porphyromonadaceae;g__Parabacteroides;s__Parabacteroides_distasonis	k__Bacteria;p__Bacteroidetes;c__Bacteroidia;o__Bacteroidales;f__Bacteroidaceae;g__Bacteroides;s__Bacteroides_thetaiotaomicron	k__Bacteria;p__Bacteroidetes;c__Bacteroidia;o__Bacteroidales;f__Bacteroidaceae;g__Bacteroides;s__Bacteroides_coprocola	k__Bacteria;p__Bacteroidetes;c__Bacteroidia;o__Bacteroidales;f__Bacteroidaceae;g__Bacteroides;s__Bacteroides_cellulosilyticus	k__Bacteria;p__Bacteroidetes;c__Bacteroidia;o__Bacteroidales;f__Rikenellaceae;g__Alistipes;s__Alistipes_obesi	k__Bacteria;p__Firmicutes;c__Clostridia;o__Clostridiales;f__Lachnospiraceae;g__;s__[Eubacterium]_rectale	k__Bacteria;p__Bacteroidetes;c__Bacteroidia;o__Bacteroidales;f__Bacteroidaceae;g__Bacteroides;s__Bacteroides_plebeius	k__Bacteria;p__Bacteroidetes;c__Bacteroidia;o__Bacteroidales;f__Bacteroidaceae;g__Bacteroides;s__Bacteroides_fragilis	k__Bacteria;p__Proteobacteria;c__Betaproteobacteria;o__Burkholderiales;f__Sutterellaceae;g__Sutterella;s__Sutterella_wadsworthensis	k__Bacteria;p__Bacteroidetes;c__Bacteroidia;o__Bacteroidales;f__Porphyromonadaceae;g__Barnesiella;s__Barnesiella_intestinihominis	k__Bacteria;p__Bacteroidetes;c__Bacteroidia;o__Bacteroidales;f__Odoribacteraceae;g__Odoribacter;s__Odoribacter_splanchnicus	k__Bacteria;p__Bacteroidetes;c__Bacteroidia;o__Bacteroidales;f__Bacteroidaceae;g__Bacteroides;s__Bacteroides_salyersiae	k__Bacteria;p__Firmicutes;c__Clostridia;o__Clostridiales;f__Ruminococcaceae;g__Ruminiclostridium;s__[Eubacterium]_siraeum	k__Bacteria;p__Proteobacteria;c__Betaproteobacteria;o__Burkholderiales;f__Sutterellaceae;g__Parasutterella;s__Parasutterella_excrementihominis	k__Bacteria;p__Actinobacteria;c__Actinobacteria;o__Bifidobacteriales;f__Bifidobacteriaceae;g__Bifidobacterium;s__Bifidobacterium_adolescentis	k__Bacteria;p__Firmicutes;c__Clostridia;o__Clostridiales;f__Oscillospiraceae;g__Oscillibacter;s__Oscillibacter_sp._KLE_1745	k__Bacteria;p__Bacteroidetes;c__Bacteroidia;o__Bacteroidales;f__Bacteroidaceae;g__Bacteroides;s__Bacteroides_coprophilus	k__Bacteria;p__Firmicutes;c__Clostridia;o__Clostridiales;f__Lachnospiraceae;g__Roseburia;s__Roseburia_intestinalis	k__Bacteria;p__Firmicutes;c__Clostridia;o__Clostridiales;f__Lachnospiraceae;g__Roseburia;s__Roseburia_hominis	k__Bacteria;p__Bacteroidetes;c__Bacteroidia;o__Bacteroidales;f__Porphyromonadaceae;g__Parabacteroides;s__Parabacteroides_johnsonii	k__Bacteria;p__Actinobacteria;c__Actinobacteria;o__Bifidobacteriales;f__Bifidobacteriaceae;g__Bifidobacterium;s__Bifidobacterium_longum	k__Bacteria;p__Firmicutes;c__Clostridia;o__Clostridiales;f__;g__Flavonifractor;s__Flavonifractor_plautii	k__Bacteria;p__Firmicutes;c__Clostridia;o__Clostridiales;f__Clostridiaceae;g__Clostridium;s__Clostridium_phoceensis	k__Bacteria;p__Verrucomicrobia;c__Verrucomicrobiae;o__Verrucomicrobiales;f__Akkermansiaceae;g__Akkermansia;s__Akkermansia_muciniphila	k__Bacteria;p__Bacteroidetes;c__Bacteroidia;o__Bacteroidales;f__Prevotellaceae;g__Paraprevotella;s__Paraprevotella_xylaniphila	k__Bacteria;p__Firmicutes;c__Clostridia;o__Clostridiales;f__Ruminococcaceae;g__Ruminococcus;s__Ruminococcus_callidus	k__Bacteria;p__Bacteroidetes;c__Bacteroidia;o__Bacteroidales;f__Rikenellaceae;g__Alistipes;s__Alistipes_senegalensis	k__Bacteria;p__Firmicutes;c__Clostridia;o__Clostridiales;f__Lachnospiraceae;g__Blautia;s__Blautia_sp._KLE_1732	k__Bacteria;p__Bacteroidetes;c__Bacteroidia;o__Bacteroidales;f__Bacteroidaceae;g__Bacteroides;s__Bacteroides_oleiciplenus	k__Bacteria;p__Firmicutes;c__Clostridia;o__Clostridiales;f__Ruminococcaceae;g__Ruminococcus;s__Ruminococcus_bicirculans	k__Bacteria;p__Bacteroidetes;c__Bacteroidia;o__Bacteroidales;f__Bacteroidaceae;g__Bacteroides;s__Bacteroides_fluxus	k__Bacteria;p__Bacteroidetes;c__Bacteroidia;o__Bacteroidales;f__Prevotellaceae;g__Prevotella;s__Prevotella_stercorea	k__Bacteria;p__Firmicutes;c__Clostridia;o__Clostridiales;f__Lachnospiraceae;g__Dorea;s__Dorea_longicatena	k__Bacteria;p__Firmicutes;c__Clostridia;o__Clostridiales;f__Eubacteriaceae;g__Eubacterium;s__[Eubacterium]_eligens	k__Bacteria;p__Firmicutes;c__Clostridia;o__Clostridiales;f__Ruminococcaceae;g__;s__Ruminococcaceae_bacterium_D16	k__Bacteria;p__Firmicutes;c__Clostridia;o__Clostridiales;f__Lachnospiraceae;g__Coprococcus;s__Coprococcus_comes	k__Bacteria;p__Proteobacteria;c__Gammaproteobacteria;o__Enterobacterales;f__Enterobacteriaceae;g__Escherichia;s__Escherichia_coli	k__Bacteria;p__Firmicutes;c__Clostridia;o__Clostridiales;f__Ruminococcaceae;g__Anaerotruncus;s__Anaerotruncus_colihominis	k__Bacteria;p__Firmicutes;c__Clostridia;o__Clostridiales;f__Lachnospiraceae;g__Blautia;s__Blautia_obeum	k__Bacteria;p__Bacteroidetes;c__Bacteroidia;o__Bacteroidales;f__Odoribacteraceae;g__Odoribacter;s__Odoribacter_laneus	k__Bacteria;p__Firmicutes;c__Clostridia;o__Clostridiales;f__Ruminococcaceae;g__Ruminiclostridium;s__[Clostridium]_leptum	k__Bacteria;p__Bacteroidetes;c__Bacteroidia;o__Bacteroidales;f__Porphyromonadaceae;g__Parabacteroides;s__Parabacteroides_goldsteinii	k__Bacteria;p__Firmicutes;c__Clostridia;o__Clostridiales;f__Lachnospiraceae;g__Anaerostipes;s__Anaerostipes_hadrus	k__Bacteria;p__Firmicutes;c__Clostridia;o__Clostridiales;f__Ruminococcaceae;g__Ruminococcus;s__Ruminococcus_lactaris	k__Bacteria;p__Firmicutes;c__Clostridia;o__Clostridiales;f__Clostridiaceae;g__Clostridium;s__Clostridium_sp._L2-50	k__Bacteria;p__Firmicutes;c__Clostridia;o__Clostridiales;f__Clostridiaceae;g__Clostridium;s__Clostridium_sp._M62/1	k__Bacteria;p__Firmicutes;c__Clostridia;o__Clostridiales;f__;g__Intestinimonas;s__Intestinimonas_butyriciproducens	k__Bacteria;p__Actinobacteria;c__Actinobacteria;o__Bifidobacteriales;f__Bifidobacteriaceae;g__Bifidobacterium;s__Bifidobacterium_bifidum	k__Bacteria;p__Firmicutes;c__Negativicutes;o__Veillonellales;f__Veillonellaceae;g__Dialister;s__Dialister_invisus	k__Bacteria;p__Bacteroidetes;c__Bacteroidia;o__Bacteroidales;f__Bacteroidaceae;g__Bacteroides;s__Bacteroides_salanitronis
k__Bacteria;p__Bacteroidetes;c__Bacteroidia;o__Bacteroidales;f__Bacteroidaceae;g__Bacteroides;s__Bacteroides_vulgatus	1.0	-0.0417574612934	0.0306707498128	0.0268324150792	0.0491806455281	-0.112439359664	-0.0111729729918	-0.0116199316957	-0.00877575234721	0.0140657285308	-0.000988010869669	-0.0101128986064	0.0372134167013	0.0379006011203	0.00667999076427	0.000288072975013	-0.00846600486593	-0.0199962420075	-0.0151696600268	-0.0320821900501	-0.0106503384289	0.0362140470446	-0.0367903205801	-0.0580417302136	0.0305205456799	0.00543789760012	0.00538150860906	-0.0165889218877	0.0568498686517	0.0261946206792	-0.00192140102084	-0.0562945436421	-0.0240023618079	-0.00532549794305	0.0249263993402	-0.00215372710819	-0.0347652288526	0.0092244871047	0.0113910260361	0.0221722226079	0.0318007034098	-0.0262111888995	-0.00451614551593	0.0065649301003	0.0516798779522	-0.0112062504593	-0.0600156879347	0.0298768040305	-0.00100647848463	-0.0380143657188	-0.0734434877133	0.00332958633791	0.00119774803313	0.00123678915614	-0.0137125843116	-0.0282641546277	-0.0125770322771	0.0183655477991	0.011390646258
k__Bacteria;p__Bacteroidetes;c__Bacteroidia;o__Bacteroidales;f__Bacteroidaceae;g__Bacteroides;s__Bacteroides_uniformis	-0.0417574612934	1.0	-0.0400590418894	-0.037683652873	-0.077663782908	0.027540553641	-0.0280681219533	0.00965103765926	-0.0091750784415	-0.0500515176959	0.0107820581337	0.0230566367657	0.0172300544504	0.0326750837353	-0.0184728392288	0.0328576481367	0.0070913263752	-0.024623202814	0.0690193626209	-0.000792496828812	-0.0431292845248	0.0190432999457	-0.0224125716282	-0.0369317777275	-0.0122847792987	0.0419572882835	0.0236155082309	-0.0391419467363	-0.00298643535309	-0.004129710308	0.0108752957288	0.00455050950967	0.00671610753618	0.0270463532253	0.0495729329995	0.0167160296424	-0.00224968444211	-0.0309239711955	-0.0565877886678	-0.062476245761	0.00540570925266	-0.0630992591934	-0.0470798870833	0.0327443340746	0.0448183927214	-0.0428255204394	0.0174976775583	0.02256159889	0.00345119330573	-0.0394834322499	-0.0486031157301	-0.0554612003345	-0.0127545134263	0.0294785094046	0.00986343270161	0.0176687153012	-0.0179399174076	0.0139887410915	0.0361555535923
k__Bacteria;p__Bacteroidetes;c__Bacteroidia;o__Bacteroidales;f__Rikenellaceae;g__Alistipes;s__Alistipes_putredinis	0.0306707498128	-0.0400590418894	1.0	0.0347632090268	0.0228559079095	0.00777301732312	0.00921364065608	0.0444213490791	0.0505567186109	0.0162749594897	-0.053267278811	0.0529198904229	-0.0137592865592	0.0165356702693	0.0180271520076	0.0369039295091	-0.0311236257769	-0.0370300923917	0.0175819776513	-0.00110550898354	-0.0510151117876	-0.0439412280159	-0.0314781158772	-0.0151538149943	0.0125890144975	0.00385095753788	0.00538485783203	-0.0100457999973	-0.0452532984995	-0.00928815806564	-0.0804939269967	-0.0404708872585	0.0485009684447	0.0101578270973	0.0165824995624	0.0114554615705	-0.0125666752033	-0.0391090511224	0.0263166219486	-0.0202444747206	-0.00540009344208	0.0122686438338	-0.0359842601507	0.00549845060504	-0.0745941276576	0.000842831512632	-0.0113996419122	0.0156924510982	-0.0540561418521	-0.0126848540426	-0.00110192643669	-0.0274280357945	-0.00108919624879	0.0297277705153	0.0134609108393	-0.0166184403167	0.00312306527267	0.00158764171813	-0.00165111062947
k__Bacteria;p__Bacteroidetes;c__Bacteroidia;o__Bacteroidales;f__Prevotellaceae;g__Prevotella;s__Prevotella_copri	0.0268324150792	-0.037683652873	0.0347632090268	1.0	-0.0247366906592	0.0473836146351	-0.0505467675415	0.0332397902574	-0.045100096311	0.0167168438865	0.00192341968133	-0.0841263526835	0.0257333604955	0.0110637514834	0.0357761577931	-0.0269937315995	-0.00512643439478	-0.0102335654925	0.02259248749	0.0371604949602	-0.0246541767532	-0.0424277629923	-0.0186249708126	-0.0381774923654	-0.0300974446708	0.00245267877904	-0.0208533708652	-0.0161563620678	0.0240193497802	0.0709465607468	-0.0247070040125	0.00358549917394	-0.0102493197122	0.0236661837612	-0.00668698067647	-0.0234908218328	-0.0224323428293	-0.0083144419625	-0.014976231008	0.0174838665343	-0.084816324628	-0.015084553856	0.0224577272028	-0.0212317499963	-0.00234362346923	-0.0187425590064	-0.0388688402042	-0.0311704584264	-0.0598167579353	0.0416008851925	-0.00622436803327	-0.0141274278658	-0.0234070361035	0.00151200854337	0.0498695193711	-0.0485219585714	0.0145185095586	0.0128210143391	0.0310871487661
k__Bacteria;p__Bacteroidetes;c__Bacteroidia;o__Bacteroidales;f__Bacteroidaceae;g__Bacteroides;s__Bacteroides_stercoris	0.0491806455281	-0.077663782908	0.0228559079095	-0.0247366906592	1.0	-0.0317313828514	0.040761217755	-0.00215629792093	-0.0284123212925	0.0254177176605	-0.0416942406819	-0.00955840450831	0.0189779371565	-0.015713629566	0.00116336054879	-0.0530876318831	0.0449734575661	0.0137733905403	0.0109793700099	-0.0304147853209	-0.0460683353724	0.0187010268147	-0.0441613440415	-0.00935307648918	0.0046569923792	0.00798242263996	0.0351130163827	-0.0144164001486	-0.0157509694726	0.010301968924	-0.056287839555	-0.00493899029281	0.0341289246731	-0.0175016181066	-0.0231320294987	0.0561139046772	0.00581276084737	0.033275205891	-0.016998245307	-0.0297925015944	0.000460801967983	0.0155422219345	-0.0103363101595	0.0349721229485	-0.00753787312021	-0.0409325071528	-0.0436763611807	-0.0205418977109	-0.0227450571275	-0.0266935602472	-0.00998012526622	-0.000676687930067	0.00535733826212	-0.0206066901777	-0.010288056814	0.0626116685634	-0.0313552711766	0.0315936676778	-0.0121692417693
k__Bacteria;p__Bacteroidetes;c__Bacteroidia;o__Bacteroidales;f__Bacteroidaceae;g__Bacteroides;s__Bacteroides_ovatus	-0.112439359664	0.027540553641	0.00777301732312	0.0473836146351	-0.0317313828514	1.0	-0.070099057059	-0.0394523692423	-0.0229346121931	-0.00695392695174	-0.0459262136532	0.0165929477644	0.0132928545729	0.00773353449792	0.000725352434076	-0.00300681428086	-0.0410413147672	-0.0384475292502	-0.00180686106591	-0.0225282434004	-0.0307046457987	-0.0626174538795	0.00901524836608	-0.0383103069263	0.0529050151074	-0.0215746183401	0.00421691865092	-0.0159141806968	-0.0350204825086	0.0178535674538	0.00672126192962	-0.0299939739157	0.0140075976432	-0.0579837522142	-0.0263882759765	0.0572290876159	-0.0407880312077	0.00539050252552	0.0119251384831	0.0165058742445	-0.00531208690229	-0.0128918312351	-0.0433312929965	0.0582518911952	0.0170896897671	0.0527179777432	0.0107161400938	0.0325528729545	0.0478243563373	-0.0586836613651	-0.0205386979314	-0.0552657824333	-0.00672755522672	-0.0276109102356	-0.00521796936496	0.00766834450925	0.0280665930539	-0.0465604478235	-0.0133954095681
k__Bacteria;p__Bacteroidetes;c__Bacteroidia;o__Bacteroidales;f__Rikenellaceae;g__Alistipes;s__Alistipes_shahii	-0.0111729729918	-0.0280681219533	0.00921364065608	-0.0505467675415	0.040761217755	-0.070099057059	1.0	-0.0437280913118	-0.0482935984441	0.0354619157139	-0.0233426401014	0.030771093542	-0.0237283150581	-0.0343140177559	-0.00533603076983	-0.0256374956916	0.00628840429906	0.0141981511776	-0.010390428038	-0.045145475392	-0.00279595666248	-0.0269704170967	-0.0100951697835	-0.000644326013398	-0.0486513204968	-0.0260561991181	0.0457522762398	0.0490195209884	-0.0562517072829	0.00128517190468	0.00565661268436	-0.0229780480125	-0.045238103771	0.0160744455273	0.0345260095699	-0.0483134831365	0.0167265480252	0.0189508125657	0.0139763417875	0.0249316917264	-0.0102641517019	0.0387524849515	0.060428234955	-0.040101766932	-0.0192473869034	-0.0030373005384	0.0119549913488	-0.0814390434526	-0.0213696040526	-0.00617553195733	0.0354106550124	-0.0042807622068	0.00935774107335	0.0370108214127	-0.0185983769953	0.0426614954317	0.00381491834168	0.0367024068609	0.0362273708263
k__Bacteria;p__Firmicutes;c__Clostridia;o__Clostridiales;f__Ruminococcaceae;g__Faecalibacterium;s__Faecalibacterium_prausnitzii	-0.0116199316957	0.00965103765926	0.0444213490791	0.0332397902574	-0.00215629792093	-0.0394523692423	-0.0437280913118	1.0	-0.0129717580905	0.0644290604809	-0.0268057763205	0.0149391136966	0.00869721204223	-0.00909339117124	-0.0453396008217	0.0150207853374	-0.0122324615999	-0.00907511834883	-0.0369135083697	-0.00429229191552	-0.0457757987577	-0.00627505212612	0.0133037387146	0.0335634376939	0.0217676444936	-0.0311355029284	-0.0540877926112	-0.00411657115641	0.0207059489069	-0.0700187775258	-0.0116456987974	-0.000817265904182	-0.0233129011165	0.0226295842811	-0.0219719714134	-0.0522322733448	-0.00340894741767	-0.00471270204014	-0.00213820128173	-0.0440280115382	0.0129649474752	-0.057893510662	0.0231624401278	-0.0071987736445	-0.0159347031966	-0.0129689198966	0.00478972837874	-0.0025647083661	-0.00269725785427	-0.0546915787095	0.00654486333782	0.000542955575248	-0.0180748884093	-0.0226961379257	0.0648184073072	0.0461898704922	-0.0169255349421	-0.0162484052628	0.0194071626742
k__Bacteria;p__Bacteroidetes;c__Bacteroidia;o__Bacteroidales;f__Rikenellaceae;g__Alistipes;s__Alistipes_finegoldii	-0.00877575234721	-0.0091750784415	0.0505567186109	-0.045100096311	-0.0284123212925	-0.0229346121931	-0.0482935984441	-0.0129717580905	1.0	-0.0192795430348	0.0241694696407	-0.0211584019147	-0.00105350863618	0.0272480537974	0.0279945246734	-0.0411173786032	-0.00116893443574	0.00830354161634	0.0224130869586	0.0184140099416	0.0165959945392	-0.0158690443352	0.0383537257024	0.0130772957335	-0.0376074344494	-0.0056601097731	-0.00676280980584	0.0156312619825	-0.014441609446	-0.0139291091261	-0.0220539750609	-0.0121308784394	0.00381937501701	0.00403462991672	-0.0595240466266	-0.0226077201818	0.0264359379693	-0.0428619683432	-0.0235746645835	0.0105686931009	0.0278342868664	0.00231020859329	-0.0328841646998	-0.00265186380503	-0.0324158579052	-0.00263707923319	0.0130298216544	0.0262316900255	-0.0664249798867	-0.017681888298	0.0223359359819	0.0395035189388	0.00796550912114	-0.0239345156013	-0.00547552775916	-0.00966118370123	0.0354115568995	-0.084930087511	0.0145520962577
k__Bacteria;p__Bacteroidetes;c__Bacteroidia;o__Bacteroidales;f__Porphyromonadaceae;g__Parabacteroides;s__Parabacteroides_distasonis	0.0140657285308	-0.0500515176959	0.0162749594897	0.0167168438865	0.0254177176605	-0.00695392695174	0.0354619157139	0.0644290604809	-0.0192795430348	1.0	-0.00202759509666	-0.0614934761878	-0.0435168179064	-0.00567195272232	0.00919217691176	-0.0287100184342	-0.0711771739202	-0.000334209504672	0.035145785014	0.0565864113907	-0.0385004907415	-0.0622940540707	0.0314501776576	0.000108328180371	-0.0337524622644	0.0259476848879	-0.0554913358284	0.000457959697324	-0.0303624102165	-0.0343746111235	0.0146020772243	0.0444137258916	0.00295844631578	-0.034359128559	-0.0204184788361	-0.00420547920744	-0.0770266168177	-0.0295517646046	0.00263487323577	-0.0122497005078	0.0481747742116	0.0275593790303	-0.0276746937242	-0.0360178595012	-0.000466654230625	0.00930890981965	0.0169638648634	0.0374032237403	-0.0322691043704	0.0173493075886	-0.00986884560649	-0.00678302859422	0.0210574459881	0.0285619331466	0.00945700922854	0.0484354128765	-0.0282612111244	-0.00800312239994	-0.0326084727413
k__Bacteria;p__Bacteroidetes;c__Bacteroidia;o__Bacteroidales;f__Bacteroidaceae;g__Bacteroides;s__Bacteroides_thetaiotaomicron	-0.000988010869669	0.0107820581337	-0.053267278811	0.00192341968133	-0.0416942406819	-0.0459262136532	-0.0233426401014	-0.0268057763205	0.0241694696407	-0.00202759509666	1.0	-0.000704434368477	-0.0134383951127	0.00164966172776	-0.0529394045212	-0.0142345611562	0.0147975452006	0.0419129838215	0.0212429106596	0.00477872306723	0.0331017156321	-0.0669075885487	0.0375830314392	-0.0320913157711	-0.00201569711253	0.0356311918314	0.0660166875842	0.0430930760171	-0.00824392893361	-0.0379486914883	-0.0164117755419	-0.00350145838981	-0.0244044159236	0.0348642119169	-0.0307144748575	0.00362989988474	-0.0384860659734	-0.0131035729291	-0.0543816122623	-0.0138109092976	-0.0949674870217	0.0186839221615	-0.0850400406463	-0.02647009176	-0.00659616251307	0.005145301213	-0.0096225642482	0.0169336111387	-0.0141363339879	-0.00381559849455	-0.0181887165643	0.0376394153816	0.00354472256549	-0.0250651487424	0.084986415159	-0.0249140753808	-0.0264181846357	0.0179547447767	-0.00187940503051
k__Bacteria;p__Bacteroidetes;c__Bacteroidia;o__Bacteroidales;f__Bacteroidaceae;g__Bacteroides;s__Bacteroides_coprocola	-0.0101128986064	0.0230566367657	0.0529198904229	-0.0841263526835	-0.00955840450831	0.0165929477644	0.030771093542	0.0149391136966	-0.0211584019147	-0.0614934761878	-0.000704434368477	1.0	0.0061815253295	-0.00393052420895	0.0370620300558	0.0185019747964	0.0194342253793	-0.0144828601497	-0.0145097918744	-0.0414485917759	0.0278543862335	-0.051948288196	0.0196744609647	-0.0303255808624	0.0225092536009	0.0203953888421	-0.0212629434851	-0.00942979049069	0.0203938922367	-0.0686912169906	0.0216962153904	0.0063251930118	0.0172117020482	-0.0113250356811	0.0111667792974	-0.0120545241597	0.00617421198055	0.0173486449387	0.0220882903186	-0.029688952163	0.0116872863752	-0.0905227314768	0.00117506215527	-0.0489545909237	0.0276005008203	-0.00696830701539	-0.0196140872943	-0.0779594044593	-0.0619060366994	-0.0219048491461	-0.0225031943015	0.0226700391197	-0.0687466174696	0.01319848422	-0.0495744984851	-0.0517512998225	0.0106013519853	-0.065627730175	0.006841845971
k__Bacteria;p__Bacteroidetes;c__Bacteroidia;o__Bacteroidales;f__Bacteroidaceae;g__Bacteroides;s__Bacteroides_cellulosilyticus	0.0372134167013	0.0172300544504	-0.0137592865592	0.0257333604955	0.0189779371565	0.0132928545729	-0.0237283150581	0.00869721204223	-0.00105350863618	-0.0435168179064	-0.0134383951127	0.0061815253295	1.0	-0.0300337253579	0.0133758621622	-0.0396879529906	0.0266515318859	0.00101315758578	-0.0339129117014	-0.0241324429477	-0.04433894494	-0.027442230522	-0.0551683508879	0.0142064892498	0.0197941940747	-0.0526429269773	-0.00999036307276	0.0268918731388	-0.00726748995505	-0.0178062055291	0.0337572721781	-0.00471664509863	-0.0105270937685	-0.08337508822	-0.0258150877945	-0.00811425773406	-0.0735060326896	0.0181191500068	-0.041727051516	0.0326251527454	-0.0467483218238	0.0148130387158	0.0593080265192	0.00448600394997	0.00974116573212	-0.0263593869114	-0.033907100062	0.00485018345256	0.0151945056791	-0.0147546492673	-0.0464863578033	-0.00755518780398	0.0408172849948	-0.0236404543799	0.011155958664	0.0363432866515	-0.0353700871811	0.0080758591541	0.0481635769186
k__Bacteria;p__Bacteroidetes;c__Bacteroidia;o__Bacteroidales;f__Rikenellaceae;g__Alistipes;s__Alistipes_obesi	0.0379006011203	0.0326750837353	0.0165356702693	0.0110637514834	-0.015713629566	0.00773353449792	-0.0343140177559	-0.00909339117124	0.0272480537974	-0.00567195272232	0.00164966172776	-0.00393052420895	-0.0300337253579	1.0	0.00434840183639	0.0381130348227	0.036442859895	-0.00992336063465	0.0318117261278	0.00277713919842	-0.0367101845567	-0.00829230713182	-0.0366880061689	0.0115956952958	0.0415409452438	0.0318418925443	-0.00324190580059	-0.0451582811973	0.0119695956642	0.0233602235451	0.00391778447692	-0.0252848692185	0.00361474572756	0.0339732362179	-0.025706318453	-0.0207463887406	-0.0145459125318	0.0305440292897	-0.0249358152407	-0.0488991246805	0.0443302752498	0.0012861880742	-0.0391007456179	0.012976333875	-0.0490559530286	0.00780808662092	0.0537989541434	-0.0315423342337	0.0275450473565	-0.015739019997	0.00343896258214	0.0195788062206	-0.0350941573382	0.0430769425258	-0.0224336852583	-0.0227549071861	0.0438378831475	-0.0123759336945	-0.0404208745048
k__Bacteria;p__Firmicutes;c__Clostridia;o__Clostridiales;f__Lachnospiraceae;g__;s__[Eubacterium]_rectale	0.00667999076427	-0.0184728392288	0.0180271520076	0.0357761577931	0.00116336054879	0.000725352434076	-0.00533603076983	-0.0453396008217	0.0279945246734	0.00919217691176	-0.0529394045212	0.0370620300558	0.0133758621622	0.00434840183639	1.0	-0.0141362491872	-0.00739475107009	0.0478441537755	-0.0209047268398	0.00470292400434	0.00418721460617	0.0557045980795	-0.0368036944286	-0.0430137146072	-0.0128286072066	-0.00550716855953	-0.0332258300355	-0.0106229580328	0.0167152545741	0.00651818418166	0.012237695216	-0.0594171385444	0.00197291198701	0.0093294035506	0.0245673768996	-0.0781960459925	-0.041556118663	0.0229427290242	-0.0171284275697	-0.04606710699	-0.0532239548292	0.0578464804917	0.0358545966973	-0.022498000402	0.0303245948277	0.0156491623098	-0.00778436624256	-0.0293036676151	-0.0110102461513	-0.0293972759851	-0.08117272763	-0.054644480199	0.0104387850179	-0.0370925754378	0.0098844273321	-0.0398615416849	-0.0439270526667	0.00396261169256	0.0464479555818
k__Bacteria;p__Bacteroidetes;c__Bacteroidia;o__Bacteroidales;f__Bacteroidaceae;g__Bacteroides;s__Bacteroides_plebeius	0.000288072975013	0.0328576481367	0.0369039295091	-0.0269937315995	-0.0530876318831	-0.00300681428086	-0.0256374956916	0.0150207853374	-0.0411173786032	-0.0287100184342	-0.0142345611562	0.0185019747964	-0.0396879529906	0.0381130348227	-0.0141362491872	1.0	-0.000634217346204	-0.0393129241277	-0.00700281813685	-0.0205269774041	-0.000230640852684	-0.0203565367639	0.000161073387683	-0.0432510071543	-0.01002957816	0.0420223009452	-0.00752298993	-0.0177856561656	0.019961696265	-0.0664891077903	0.0333805469744	0.0416259537021	-0.0433675267278	0.00101497344539	-0.0420980772664	-0.0177503209107	0.0294417288183	0.0283555610572	-0.00670840224837	-0.014198899611	-0.0957096322993	-0.0145759374009	-0.00938023413311	-0.0441772784117	-0.0325952321848	0.0155718666535	0.0565807540236	0.0405575013759	-0.0336202919593	-0.0449622540536	0.0174064087976	0.00456813758121	-0.0112947987965	-0.0158662813752	-0.00838561644952	-0.0142433625056	-0.0538965761294	0.00405432246916	0.00573410163043
k__Bacteria;p__Bacteroidetes;c__Bacteroidia;o__Bacteroidales;f__Bacteroidaceae;g__Bacteroides;s__Bacteroides_fragilis	-0.00846600486593	0.0070913263752	-0.0311236257769	-0.00512643439478	0.0449734575661	-0.0410413147672	0.00628840429906	-0.0122324615999	-0.00116893443574	-0.0711771739202	0.0147975452006	0.0194342253793	0.0266515318859	0.036442859895	-0.00739475107009	-0.000634217346204	1.0	-0.0608141580964	0.0353954952817	-0.056309375096	-0.0338244710604	-0.042699766268	-0.0544683277565	0.00861604527302	0.0489848365622	-0.0202164101897	-0.0260683035175	-0.0353926419389	0.0108526640089	-0.0280841902168	-0.00979856641792	-0.0663527490658	-0.0303730644911	-0.0102396595299	0.00949796372836	-0.0391854049113	-0.00361512096623	-0.0322891467132	-0.000347116349119	-0.0512230017936	0.0485775513707	-0.01273095588	0.0166389622355	-0.0838888130521	-0.00106345288834	-0.0303655077887	-0.056881409171	0.0372016461257	-0.0370379840603	-0.022495961187	-0.019940634344	0.0485071467235	0.0346896723885	0.000467855807563	-0.00814993720877	0.0212063109458	-0.00651487171879	-0.00926730638832	-0.0254945915026
k__Bacteria;p__Proteobacteria;c__Betaproteobacteria;o__Burkholderiales;f__Sutterellaceae;g__Sutterella;s__Sutterella_wadsworthensis	-0.0199962420075	-0.024623202814	-0.0370300923917	-0.0102335654925	0.0137733905403	-0.0384475292502	0.0141981511776	-0.00907511834883	0.00830354161634	-0.000334209504672	0.0419129838215	-0.0144828601497	0.00101315758579	-0.00992336063465	0.0478441537755	-0.0393129241277	-0.0608141580964	1.0	-0.074981416315	-0.00403164873902	0.0266088534235	-0.0274944692996	-0.0120636822071	0.0116374686892	-0.036264740914	0.0281674218703	0.0344540274517	0.00709426946743	-0.0110360922824	-0.00982442510558	-0.0244738301096	0.00279615959353	-0.0348198930894	0.00860975283751	-0.0297425140022	-0.0289970194776	-0.0482315053296	0.0504758222268	0.0371246228278	-0.0136023028127	-0.0421086453311	-0.0208310887317	-0.010533538313	0.0313299449346	0.031178894405	0.0567516226539	-0.0107369820483	-0.02438568247	-0.0581678129979	-0.0519751097024	0.00493038853279	-0.0482036938307	-0.0436066431711	-0.0508588485789	-0.0451049992994	-0.0557408389884	-0.0169638797904	-0.00266926620125	0.0446920289266
k__Bacteria;p__Bacteroidetes;c__Bacteroidia;o__Bacteroidales;f__Porphyromonadaceae;g__Barnesiella;s__Barnesiella_intestinihominis	-0.0151696600268	0.0690193626209	0.0175819776513	0.02259248749	0.0109793700099	-0.00180686106591	-0.010390428038	-0.0369135083697	0.0224130869586	0.035145785014	0.0212429106596	-0.0145097918744	-0.0339129117014	0.0318117261278	-0.0209047268398	-0.00700281813685	0.0353954952817	-0.074981416315	1.0	0.01786107347	-0.0360752380845	0.0234287853145	-0.00187425337383	-0.0202537898599	-0.00493791212899	-0.0438511372838	-0.0660035099321	-0.0201949196454	-0.019028767177	-0.0379673192431	0.0193626245572	-0.0707292569523	-0.0278914411293	0.040037438358	-0.0130462486023	0.0230916951788	0.0703239741275	-0.0241172884578	-0.0263464872915	-0.0249467030441	0.009813707794	0.0184049934504	-0.0587950825612	-0.00497684084258	0.0037066052798	0.0211774507751	0.0154057026897	-0.00877234138392	0.0388440659268	-0.0123990175699	0.00801312975708	0.0160619034631	0.0635737771191	-0.0650314247417	0.0109457461443	-0.0264542408254	-0.00580467328747	-0.0484900948077	-0.00221747628871
k__Bacteria;p__Bacteroidetes;c__Bacteroidia;o__Bacteroidales;f__Odoribacteraceae;g__Odoribacter;s__Odoribacter_splanchnicus	-0.0320821900501	-0.000792496828812	-0.00110550898354	0.0371604949602	-0.0304147853209	-0.0225282434004	-0.045145475392	-0.00429229191552	0.0184140099416	0.0565864113907	0.00477872306723	-0.0414485917759	-0.0241324429477	0.00277713919842	0.00470292400434	-0.0205269774041	-0.056309375096	-0.00403164873902	0.01786107347	1.0	-0.082718539938	-0.0218685783717	0.0023464174102	0.00621379173544	-0.0108205543518	0.020969678863	-0.0175739518285	-0.0192327659715	-0.0129430710297	0.01910707043	0.0428279766737	-0.0808079859174	0.00406627659744	-0.0387296309302	0.046072284868	-0.01021236257	-0.0340288592566	-0.0478481240824	-0.0403585134228	0.051923219379	-0.038386961438	-0.0229790738175	0.00404638698156	0.0315692825398	0.0793047901449	0.0459245433281	-0.0380917816201	0.0211588068075	0.00159519886978	-0.0179418207401	0.00638062461781	-0.0266171477101	0.0198757264112	0.0438528158699	-0.030110960509	-0.00578957193679	-0.0536208790259	-0.0384955796188	0.0099178793462
k__Bacteria;p__Bacteroidetes;c__Bacteroidia;o__Bacteroidales;f__Bacteroidaceae;g__Bacteroides;s__Bacteroides_salyersiae	-0.0106503384289	-0.0431292845248	-0.0510151117876	-0.0246541767532	-0.0460683353724	-0.0307046457987	-0.00279595666248	-0.0457757987577	0.0165959945392	-0.0385004907415	0.0331017156321	0.0278543862335	-0.04433894494	-0.0367101845567	0.00418721460617	-0.000230640852684	-0.0338244710604	0.0266088534235	-0.0360752380845	-0.082718539938	1.0	-0.00961366039092	-0.00183441649768	0.0167263822689	-0.0552729132713	-0.0300291777018	0.0301926575274	-0.0073134089547	-0.0285677359449	0.00729383942647	-0.00795989762122	-0.0290263959457	-0.0149496773255	-0.0442612243843	0.0215527116698	-0.0146958402106	0.0247253234779	0.0337473191361	0.0213047577597	0.00612187213618	0.0242730420176	0.0221511255638	-0.00673843718313	0.0194936823805	0.0329496444407	-0.111405678857	-0.0117714900098	0.0252088049467	0.0501958969132	0.0251773317506	-0.00617060807979	0.0437207138138	0.00595239395239	0.0335318331916	-0.0285962565046	-0.00982739393016	-0.0199952316744	-0.0217501597973	-0.0369974048871
k__Bacteria;p__Firmicutes;c__Clostridia;o__Clostridiales;f__Ruminococcaceae;g__Ruminiclostridium;s__[Eubacterium]_siraeum	0.0362140470446	0.0190432999457	-0.0439412280159	-0.0424277629923	0.0187010268147	-0.0626174538795	-0.0269704170967	-0.00627505212612	-0.0158690443352	-0.0622940540707	-0.0669075885487	-0.051948288196	-0.027442230522	-0.00829230713182	0.0557045980795	-0.0203565367639	-0.042699766268	-0.0274944692996	0.0234287853145	-0.0218685783717	-0.00961366039092	1.0	0.00937476235679	-0.0062978796003	-0.0186437186919	0.0192546083338	0.00720784350186	-0.00496469551985	-0.000528516495613	-0.000780610447001	0.0117759723725	-0.00806200709236	-0.0361447922498	0.0256766745298	0.0338564352383	-0.0198162459646	-0.00619376142353	0.0119318713776	-0.0229972935012	-0.0340602256281	0.0133867831156	-0.000982545446871	0.0541399449616	-0.0462857135136	0.014084490356	-0.0665567621619	-0.000960567933826	0.0380863213453	-0.0237564496925	0.0367214499553	0.0196460786746	-0.102658869373	-0.046750419303	-0.00628574149787	-0.00699256508972	-0.0235599224257	0.016046154204	0.00622176615719	-0.0328372111597
k__Bacteria;p__Proteobacteria;c__Betaproteobacteria;o__Burkholderiales;f__Sutterellaceae;g__Parasutterella;s__Parasutterella_excrementihominis	-0.0367903205801	-0.0224125716282	-0.0314781158772	-0.0186249708126	-0.0441613440415	0.00901524836608	-0.0100951697835	0.0133037387146	0.0383537257024	0.0314501776576	0.0375830314392	0.0196744609647	-0.0551683508879	-0.0366880061689	-0.0368036944286	0.000161073387683	-0.0544683277565	-0.0120636822071	-0.00187425337383	0.0023464174102	-0.00183441649768	0.00937476235679	1.0	-0.00383684679311	-0.0211550835902	0.0288412471307	-0.00745269610193	0.000386807232229	0.00951315672756	-0.00494423729687	-0.0492522237001	-0.0314375635361	-0.049002766845	0.00228081032743	0.012354420275	-0.00303391066903	-0.0328649479623	0.0741075993338	-0.0112523580078	-0.0029760866979	-0.0275428548861	-0.0314905854462	-0.0148700630065	-0.0650399636235	0.0161496788092	0.0190172309699	-0.00583647902808	-0.023865012668	0.0534495680524	-0.0267341938282	-0.0162227341305	0.0302238734529	-0.0148846024017	-0.019708331774	0.00633680610242	0.00694041283473	-0.0138429018672	-0.0496915200565	-0.0488546848186
k__Bacteria;p__Actinobacteria;c__Actinobacteria;o__Bifidobacteriales;f__Bifidobacteriaceae;g__Bifidobacterium;s__Bifidobacterium_adolescentis	-0.0580417302136	-0.0369317777275	-0.0151538149943	-0.0381774923654	-0.00935307648918	-0.0383103069263	-0.000644326013398	0.0335634376939	0.0130772957335	0.000108328180371	-0.0320913157711	-0.0303255808624	0.0142064892498	0.0115956952958	-0.0430137146072	-0.0432510071543	0.00861604527302	0.0116374686892	-0.0202537898599	0.00621379173544	0.0167263822689	-0.0062978796003	-0.00383684679311	1.0	-0.0619275948206	-0.0162319441582	0.017402746292	-0.0220359792682	0.00956623608843	-0.0102891858093	-0.0915032840465	-0.0371575532818	-0.00268644140357	0.0192700464144	0.00152931082615	0.00547899675073	-0.00668792432374	-0.00714705961638	0.00562557087722	-0.0412494965088	-0.0422595436631	-0.0294904028096	0.00315489299057	0.00135670206249	-0.0435380410221	-0.0132077495409	-0.0190293737832	0.0638111009152	-0.0270422216827	0.0152126697654	0.00303885292399	0.086429013995	0.0127819883904	0.0410379814187	0.00784859974767	-0.0116997607765	-0.00478403051184	-0.0209229251856	0.0503499991505
k__Bacteria;p__Firmicutes;c__Clostridia;o__Clostridiales;f__Oscillospiraceae;g__Oscillibacter;s__Oscillibacter_sp._KLE_1745	0.0305205456799	-0.0122847792987	0.0125890144975	-0.0300974446708	0.0046569923792	0.0529050151074	-0.0486513204968	0.0217676444936	-0.0376074344494	-0.0337524622644	-0.00201569711253	0.0225092536009	0.0197941940747	0.0415409452438	-0.0128286072066	-0.01002957816	0.0489848365622	-0.036264740914	-0.00493791212899	-0.0108205543518	-0.0552729132713	-0.0186437186919	-0.0211550835902	-0.0619275948206	1.0	-0.0622612063489	0.0177715319028	-0.0150123658841	0.017751943874	-0.0392826764043	-0.0239651001847	0.0212311553445	-0.0724495354967	0.0047348450645	-0.00490315145868	-0.0352208976363	0.0330102055335	-0.00181077587257	0.00339817357338	-0.0248528843121	-0.0156725361734	-0.034375772529	0.0347195645734	-0.040241890323	-0.032597846217	0.0195217195821	-0.0290890879501	-0.00793949045326	0.00200810352379	-0.0155516255571	-0.00977002104418	-0.0209186274853	-0.076580534562	0.0457704044496	-0.0411260602742	0.0188760653806	-0.0122492039016	-0.0043215312223	-0.00990270429975
k__Bacteria;p__Bacteroidetes;c__Bacteroidia;o__Bacteroidales;f__Bacteroidaceae;g__Bacteroides;s__Bacteroides_coprophilus	0.00543789760012	0.0419572882835	0.00385095753788	0.00245267877904	0.00798242263996	-0.0215746183401	-0.0260561991181	-0.0311355029284	-0.0056601097731	0.0259476848879	0.0356311918314	0.0203953888421	-0.0526429269773	0.0318418925443	-0.00550716855953	0.0420223009452	-0.0202164101897	0.0281674218703	-0.0438511372838	0.020969678863	-0.0300291777018	0.0192546083338	0.0288412471307	-0.0162319441582	-0.0622612063489	1.0	0.025991514486	-0.0197102684035	-0.0844641995078	0.0222752638628	-0.0436149679377	-0.0422254950772	-0.0274816014915	-0.048632735958	-0.0574259758386	0.00839044937365	-0.0269054605776	-0.0309889580532	0.0190650194365	0.0167345866317	0.0130548250304	0.0411305650354	-0.0639279580737	0.000924843545154	-0.0319371319178	-0.0585479722971	-0.0302363154688	0.00285182703196	0.0593367532634	0.0452538565731	-0.000720243331256	0.074298874454	-0.0207931726654	-0.0179973554259	0.00957233036096	0.00192038286366	0.0427614980423	-0.0217876726649	0.007404242555
k__Bacteria;p__Firmicutes;c__Clostridia;o__Clostridiales;f__Lachnospiraceae;g__Roseburia;s__Roseburia_intestinalis	0.00538150860906	0.0236155082309	0.00538485783203	-0.0208533708652	0.0351130163827	0.00421691865092	0.0457522762398	-0.0540877926112	-0.00676280980584	-0.0554913358284	0.0660166875842	-0.0212629434851	-0.00999036307276	-0.00324190580059	-0.0332258300355	-0.00752298993	-0.0260683035175	0.0344540274517	-0.0660035099321	-0.0175739518285	0.0301926575274	0.00720784350186	-0.00745269610193	0.017402746292	0.0177715319028	0.025991514486	1.0	0.037418737957	-0.0611180875868	0.00182577778703	-0.00558253252343	0.0170109654041	0.00320119829742	-0.0239527395965	-0.0480308529557	-0.0524663248431	-0.0010553027555	0.0405628947266	-0.00383249140442	0.019954178594	-0.000499737146579	-0.0244167911842	-0.0185338643454	-0.00616160705432	0.00171725277951	-0.000729050996163	-0.00971907767297	0.00769024691881	0.0156877366048	0.00716962601937	-0.0411731112159	0.0199128265737	-0.0462611421048	-0.0207070929279	-0.0273253617708	0.0304828665079	0.0135292198779	0.0193784559686	0.00182844246952
k__Bacteria;p__Firmicutes;c__Clostridia;o__Clostridiales;f__Lachnospiraceae;g__Roseburia;s__Roseburia_hominis	-0.0165889218877	-0.0391419467363	-0.0100457999973	-0.0161563620678	-0.0144164001486	-0.0159141806968	0.0490195209884	-0.00411657115641	0.0156312619825	0.000457959697324	0.0430930760171	-0.00942979049069	0.0268918731388	-0.0451582811973	-0.0106229580328	-0.0177856561656	-0.0353926419389	0.00709426946743	-0.0201949196454	-0.0192327659715	-0.0073134089547	-0.00496469551985	0.000386807232229	-0.0220359792682	-0.0150123658841	-0.0197102684035	0.037418737957	1.0	0.0261445367474	-0.0586437191249	-0.0152038371873	0.0132212964254	0.0299643416552	-0.0188147354481	0.0275028663091	-0.0634296366533	-0.0184572919225	-0.0423091781319	-0.00472501822579	-0.0889713237621	0.0664304140251	0.00859223034425	0.0085720277135	-0.0041505825667	0.0162360962173	-0.0543564046038	-0.00328219348016	-0.011263351342	-0.0278648789017	-0.0710472641207	0.0128103093991	0.010807949737	0.0117243838542	0.0228886501026	-0.0198108648367	0.0224669209193	-0.0409175489861	-0.00367062607714	0.00428959536108
k__Bacteria;p__Bacteroidetes;c__Bacteroidia;o__Bacteroidales;f__Porphyromonadaceae;g__Parabacteroides;s__Parabacteroides_johnsonii	0.0568498686517	-0.00298643535309	-0.0452532984995	0.0240193497802	-0.0157509694726	-0.0350204825086	-0.0562517072829	0.0207059489069	-0.014441609446	-0.0303624102165	-0.00824392893361	0.0203938922367	-0.00726748995505	0.0119695956642	0.0167152545741	0.019961696265	0.0108526640089	-0.0110360922824	-0.019028767177	-0.0129430710297	-0.0285677359449	-0.000528516495613	0.00951315672756	0.00956623608843	0.017751943874	-0.0844641995078	-0.0611180875868	0.0261445367474	1.0	0.0291475716487	-0.00242448057597	-0.0159704482272	-0.0105357222241	-0.0423717689865	0.0357808597807	0.064410050636	0.0126969315154	-0.0254372467689	-0.0236337016385	0.0185499702296	0.00814771399701	-0.0376164446278	-0.0068782244482	-0.0430853197777	-0.0632591788247	-0.0505571198789	-0.0198137541366	-0.0417707024238	0.0156617936279	0.0640682109313	-0.0416663832141	-0.0503760058105	-0.0230452411143	-0.0621066058503	-0.0206591379721	0.0164493177052	-0.0799704857492	0.0115156396409	-0.0116216025605
k__Bacteria;p__Actinobacteria;c__Actinobacteria;o__Bifidobacteriales;f__Bifidobacteriaceae;g__Bifidobacterium;s__Bifidobacterium_longum	0.0261946206792	-0.004129710308	-0.00928815806564	0.0709465607468	0.010301968924	0.0178535674538	0.00128517190468	-0.0700187775258	-0.0139291091261	-0.0343746111235	-0.0379486914883	-0.0686912169906	-0.0178062055291	0.0233602235451	0.00651818418166	-0.0664891077903	-0.0280841902168	-0.00982442510558	-0.0379673192431	0.01910707043	0.00729383942647	-0.000780610447001	-0.00494423729687	-0.0102891858093	-0.0392826764043	0.0222752638628	0.00182577778703	-0.0586437191249	0.0291475716487	1.0	0.0107233184907	-0.0175853309093	0.0169327942805	-0.0252309357906	-0.0234797449421	-0.00852171863041	-0.0245923260975	-0.0297003274801	-0.00374221899195	-0.0317124153837	0.0510141061961	-0.00353003142445	0.0179336948814	0.0107253708973	0.00242945167364	0.0277006784614	-0.00417500788974	0.0691131573405	0.0450131846365	-0.0660578898883	-0.00753378186538	0.0280040795946	-0.0379728405098	-0.0360509393495	-0.0270892268597	0.0147290022112	0.0169935774635	0.0538943252052	0.0167140914262
