#taxonomy	k__Bacteria;p__Bacteroidetes;c__Bacteroidia;o__Bacteroidales;f__Bacteroidaceae;g__Bacteroides;s__Bacteroides_vulgatus	k__Bacteria;p__Bacteroidetes;c__Bacteroidia;o__Bacteroidales;f__Bacteroidaceae;g__Bacteroides;s__Bacteroides_uniformis	k__Bacteria;p__Bacteroidetes;c__Bacteroidia;o__Bacteroidales;f__Rikenellaceae;g__Alistipes;s__Alistipes_putredinis	k__Bacteria;p__Bacteroidetes;c__Bacteroidia;o__Bacteroidales;f__Prevotellaceae;g__Prevotella;s__Prevotella_copri	k__Bacteria;p__Bacteroidetes;c__Bacteroidia;o__Bacteroidales;f__Bacteroidaceae;g__Bacteroides;s__Bacteroides_stercoris	k__Bacteria;p__Bacteroidetes;c__Bacteroidia;o__Bacteroidales;f__Bacteroidaceae;g__Bacteroides;s__Bacteroides_ovatus	k__Bacteria;p__Bacteroidetes;c__Bacteroidia;o__Bacteroidales;f__Rikenellaceae;g__Alistipes;s__Alistipes_shahii	k__Bacteria;p__Firmicutes;c__Clostridia;o__Clostridiales;f__Ruminococcaceae;g__Faecalibacterium;s__Faecalibacterium_prausnitzii	k__Bacteria;p__Bacteroidetes;c__Bacteroidia;o__Bacteroidales;f__Rikenellaceae;g__Alistipes;s__Alistipes_finegoldii	k__Bacteria;p__Bacteroidetes;c__Bacteroidia;o__Bacteroidales;f__Porphyromonadaceae;g__Parabacteroides;s__Parabacteroides_distasonis	k__Bacteria;p__Bacteroidetes;c__Bacteroidia;o__Bacteroidales;f__Bacteroidaceae;g__Bacteroides;s__Bacteroides_thetaiotaomicron	k__Bacteria;p__Bacteroidetes;c__Bacteroidia;o__Bacteroidales;f__Bacteroidaceae;g__Bacteroides;s__Bacteroides_coprocola	k__Bacteria;p__Bacteroidetes;c__Bacteroidia;o__Bacteroidales;f__Bacteroidaceae;g__Bacteroides;s__Bacteroides_cellulosilyticus	k__Bacteria;p__Bacteroidetes;c__Bacteroidia;o__Bacteroidales;f__Rikenellaceae;g__Alistipes;s__Alistipes_obesi	k__Bacteria;p__Firmicutes;c__Clostridia;o__Clostridiales;f__Lachnospiraceae;g__;s__[Eubacterium]_rectale	k__Bacteria;p__Bacteroidetes;c__Bacteroidia;o__Bacteroidales;f__Bacteroidaceae;g__Bacteroides;s__Bacteroides_plebeius	k__Bacteria;p__Bacteroidetes;c__Bacteroidia;o__Bacteroidales;f__Bacteroidaceae;g__Bacteroides;s__Bacteroides_fragilis	k__Bacteria;p__Proteobacteria;c__Betaproteobacteria;o__Burkholderiales;f__Sutterellaceae;g__Sutterella;s__Sutterella_wadsworthensis	k__Bacteria;p__Bacteroidetes;c__Bacteroidia;o__Bacteroidales;f__Porphyromonadaceae;g__Barnesiella;s__Barnesiella_intestinihominis	k__Bacteria;p__Bacteroidetes;c__Bacteroidia;o__Bacteroidales;f__Odoribacteraceae;g__Odoribacter;s__Odoribacter_splanchnicus	k__Bacteria;p__Bacteroidetes;c__Bacteroidia;o__Bacteroidales;f__Bacteroidaceae;g__Bacteroides;s__Bacteroides_salyersiae	k__Bacteria;p__Firmicutes;c__Clostridia;o__Clostridiales;f__Ruminococcaceae;g__Ruminiclostridium;s__[Eubacterium]_siraeum	k__Bacteria;p__Proteobacteria;c__Betaproteobacteria;o__Burkholderiales;f__Sutterellaceae;g__Parasutterella;s__Parasutterella_excrementihominis	k__Bacteria;p__Actinobacteria;c__Actinobacteria;o__Bifidobacteriales;f__Bifidobacteriaceae;g__Bifidobacterium;s__Bifidobacterium_adolescentis	k__Bacteria;p__Firmicutes;c__Clostridia;o__Clostridiales;f__Oscillospiraceae;g__Oscillibacter;s__Oscillibacter_sp._KLE_1745	k__Bacteria;p__Bacteroidetes;c__Bacteroidia;o__Bacteroidales;f__Bacteroidaceae;g__Bacteroides;s__Bacteroides_coprophilus	k__Bacteria;p__Firmicutes;c__Clostridia;o__Clostridiales;f__Lachnospiraceae;g__Roseburia;s__Roseburia_intestinalis	k__Bacteria;p__Firmicutes;c__Clostridia;o__Clostridiales;f__Lachnospiraceae;g__Roseburia;s__Roseburia_hominis	k__Bacteria;p__Bacteroidetes;c__Bacteroidia;o__Bacteroidales;f__Porphyromonadaceae;g__Parabacteroides;s__Parabacteroides_johnsonii	k__Bacteria;p__Actinobacteria;c__Actinobacteria;o__Bifidobacteriales;f__Bifidobacteriaceae;g__Bifidobacterium;s__Bifidobacterium_longum	k__Bacteria;p__Firmicutes;c__Clostridia;o__Clostridiales;f__;g__Flavonifractor;s__Flavonifractor_plautii	k__Bacteria;p__Firmicutes;c__Clostridia;o__Clostridiales;f__Clostridiaceae;g__Clostridium;s__Clostridium_phoceensis	k__Bacteria;p__Verrucomicrobia;c__Verrucomicrobiae;o__Verrucomicrobiales;f__Akkermansiaceae;g__Akkermansia;s__Akkermansia_muciniphila	k__Bacteria;p__Bacteroidetes;c__Bacteroidia;o__Bacteroidales;f__Prevotellaceae;g__Paraprevotella;s__Paraprevotella_xylaniphila	k__Bacteria;p__Firmicutes;c__Clostridia;o__Clostridiales;f__Ruminococcaceae;g__Ruminococcus;s__Ruminococcus_callidus	k__Bacteria;p__Bacteroidetes;c__Bacteroidia;o__Bacteroidales;f__Rikenellaceae;g__Alistipes;s__Alistipes_senegalensis	k__Bacteria;p__Firmicutes;c__Clostridia;o__Clostridiales;f__Lachnospiraceae;g__Blautia;s__Blautia_sp._KLE_1732	k__Bacteria;p__Bacteroidetes;c__Bacteroidia;o__Bacteroidales;f__Bacteroidaceae;g__Bacteroides;s__Bacteroides_oleiciplenus	k__Bacteria;p__Firmicutes;c__Clostridia;o__Clostridiales;f__Ruminococcaceae;g__Ruminococcus;s__Ruminococcus_bicirculans	k__Bacteria;p__Bacteroidetes;c__Bacteroidia;o__Bacteroidales;f__Bacteroidaceae;g__Bacteroides;s__Bacteroides_fluxus	k__Bacteria;p__Bacteroidetes;c__Bacteroidia;o__Bacteroidales;f__Prevotellaceae;g__Prevotella;s__Prevotella_stercorea	k__Bacteria;p__Firmicutes;c__Clostridia;o__Clostridiales;f__Lachnospiraceae;g__Dorea;s__Dorea_longicatena	k__Bacteria;p__Firmicutes;c__Clostridia;o__Clostridiales;f__Eubacteriaceae;g__Eubacterium;s__[Eubacterium]_eligens	k__Bacteria;p__Firmicutes;c__Clostridia;o__Clostridiales;f__Ruminococcaceae;g__;s__Ruminococcaceae_bacterium_D16	k__Bacteria;p__Firmicutes;c__Clostridia;o__Clostridiales;f__Lachnospiraceae;g__Coprococcus;s__Coprococcus_comes	k__Bacteria;p__Proteobacteria;c__Gammaproteobacteria;o__Enterobacterales;f__Enterobacteriaceae;g__Escherichia;s__Escherichia_coli	k__Bacteria;p__Firmicutes;c__Clostridia;o__Clostridiales;f__Ruminococcaceae;g__Anaerotruncus;s__Anaerotruncus_colihominis	k__Bacteria;p__Firmicutes;c__Clostridia;o__Clostridiales;f__Lachnospiraceae;g__Blautia;s__Blautia_obeum	k__Bacteria;p__Bacteroidetes;c__Bacteroidia;o__Bacteroidales;f__Odoribacteraceae;g__Odoribacter;s__Odoribacter_laneus	k__Bacteria;p__Firmicutes;c__Clostridia;o__Clostridiales;f__Ruminococcaceae;g__Ruminiclostridium;s__[Clostridium]_leptum	k__Bacteria;p__Bacteroidetes;c__Bacteroidia;o__Bacteroidales;f__Porphyromonadaceae;g__Parabacteroides;s__Parabacteroides_goldsteinii	k__Bacteria;p__Firmicutes;c__Clostridia;o__Clostridiales;f__Lachnospiraceae;g__Anaerostipes;s__Anaerostipes_hadrus	k__Bacteria;p__Firmicutes;c__Clostridia;o__Clostridiales;f__Ruminococcaceae;g__Ruminococcus;s__Ruminococcus_lactaris	k__Bacteria;p__Firmicutes;c__Clostridia;o__Clostridiales;f__Clostridiaceae;g__Clostridium;s__Clostridium_sp._L2-50	k__Bacteria;p__Firmicutes;c__Clostridia;o__Clostridiales;f__Clostridiaceae;g__Clostridium;s__Clostridium_sp._M62/1	k__Bacteria;p__Firmicutes;c__Clostridia;o__Clostridiales;f__;g__Intestinimonas;s__Intestinimonas_butyriciproducens	k__Bacteria;p__Actinobacteria;c__Actinobacteria;o__Bifidobacteriales;f__Bifidobacteriaceae;g__Bifidobacterium;s__Bifidobacterium_bifidum	k__Bacteria;p__Firmicutes;c__Negativicutes;o__Veillonellales;f__Veillonellaceae;g__Dialister;s__Dialister_invisus	k__Bacteria;p__Bacteroidetes;c__Bacteroidia;o__Bacteroidales;f__Bacteroidaceae;g__Bacteroides;s__Bacteroides_salanitronis
k__Bacteria;p__Bacteroidetes;c__Bacteroidia;o__Bacteroidales;f__Bacteroidaceae;g__Bacteroides;s__Bacteroides_vulgatus	1.0	-0.0159523842037	0.0481890718128	-0.0294657692182	0.0142969148898	0.0120336199729	0.0346644896901	-0.0256640983615	0.0353896880136	0.0226933525098	0.0374596620843	0.0202166700517	-0.0181961515535	0.0176822869561	0.0207294219677	-0.0410054924508	-0.0594859978316	0.0581727826224	-0.0186583162315	0.0447160948637	0.0323215160855	-0.0209624466415	0.0092145808498	-0.0337822537093	-0.0360216654363	0.00158672319158	-0.00370000089135	-0.0483728878003	-0.0781886154835	0.0224113979745	0.0155158421911	-0.00748847089212	-0.0464899668845	-0.0816384577504	0.0590838508334	-0.0450472020677	-0.0153043840614	0.00329228629351	0.0034640820439	0.0215372483676	-0.0232551539357	0.00020363488053	0.00903183583193	0.0431288592564	0.0182929214219	0.0295999189528	-0.0292747441935	0.0381881496731	-0.00530805837246	0.012898976889	-0.0513503022727	0.0285244087728	-0.00427574944377	-0.0196027678254	0.00215631696527	-0.00426267796583	0.0321017622037	-0.0498770274946	0.00776962176908
k__Bacteria;p__Bacteroidetes;c__Bacteroidia;o__Bacteroidales;f__Bacteroidaceae;g__Bacteroides;s__Bacteroides_uniformis	-0.0159523842037	1.0	-0.0056628889447	0.00767488633329	0.00897933583019	0.0137695217175	-0.0526154816532	0.0304262390233	-0.0175479528371	-0.0255035621051	-0.00612821417544	-0.00435269287632	-0.0441670107731	0.00899369086745	-0.0484776690825	0.0334014009155	-0.00857474729806	-0.0140618370301	0.0265795010425	-0.025686461241	-0.0502371179118	0.0959103643074	-0.0111080389056	-0.0204927138729	0.00721827425448	0.00868327677124	-0.0328728835155	-0.0299696610533	-0.00213457990178	-0.0237221397369	-0.00202807941059	0.0169168869606	0.0353409996218	0.0140715513126	0.0657082167412	0.0125791892246	-0.0120569186789	0.00104599518608	0.0236042443463	0.00837361946443	-0.0175548236514	0.0399857896392	-0.0361529656273	-0.00330426726004	0.0571597633669	0.0321633900713	-0.0514354405888	-0.0327884247083	0.0348514851581	-0.033722328488	-0.0190953708294	0.0156423348719	-0.0292589943913	0.0356307018443	-0.0313107845747	-0.0474866394201	-0.0354590494971	-0.0220297094691	-0.0454529490501
k__Bacteria;p__Bacteroidetes;c__Bacteroidia;o__Bacteroidales;f__Rikenellaceae;g__Alistipes;s__Alistipes_putredinis	0.0481890718128	-0.0056628889447	1.0	0.0234584356529	-0.0472777586111	0.0169887961428	-0.0305152417268	0.0108020082956	-0.030905181404	0.050537724048	0.0121748533681	0.0338697424129	0.0219792598684	0.0357038401967	-0.0158869688564	-0.0223320333351	-0.0726172120293	0.000219004338928	0.0586911022722	0.0217126865563	-0.0427793606153	-0.0768494531675	-0.0503460940261	0.0208798435495	-0.0355879767998	-0.0268774186776	0.0495214446829	0.0143693796268	-0.0419483085445	-0.004524040295	0.0107049962442	-0.0640055981284	-0.0350130952531	-0.00546532590084	-0.0704015561505	-0.0483329732439	-0.0427349685874	0.00415558033544	0.0162096616166	-0.0595961274564	0.0132405717015	0.0609572524245	-0.0639506497266	-0.0248522913098	-0.0996958707441	-0.0797856057292	0.00208115637305	0.00114446470141	0.0254076699634	-0.0257823304312	0.0267078180736	-0.052896874094	0.0445728801697	0.00383659890005	0.0013534000221	0.0422778610938	-0.0139641692898	0.0199535249704	-0.0368525796892
k__Bacteria;p__Bacteroidetes;c__Bacteroidia;o__Bacteroidales;f__Prevotellaceae;g__Prevotella;s__Prevotella_copri	-0.0294657692182	0.00767488633329	0.0234584356529	1.0	-0.0212690427335	-0.00203656572529	-0.0512589031489	-0.00264901578689	0.0220450633805	0.0112982962113	-0.0648898390455	-0.011694526076	-0.00402735982303	0.0195100600117	-0.0548280911192	0.0406230137009	-0.0331502699287	-0.0663306901758	-0.0265712831429	0.00308514581025	-0.0607134065307	0.0106733757822	-0.0448367750709	0.0145845844041	-0.0129737942506	-0.00342399932216	-0.0396460125908	-0.0111153530326	0.00978724246498	-0.00295950904843	-0.0130370557904	0.0540273769284	0.000378345031565	-0.0269135085768	0.00443427085283	-0.033662300806	-0.0295468030039	-0.0176392078723	-0.0435694289366	-0.0136488399528	-0.00409000953718	0.00736419846241	0.0450437072698	-0.0155665806551	0.0278702504863	0.0521778554886	-0.00512519441352	-0.0222390071919	0.00818593837346	0.0154812013127	0.0157700545162	-0.0362249255242	-0.0439025000771	0.00630058955814	-0.0312808865637	0.0317991575445	0.000837137126405	-0.0106228487951	-0.0374556397171
k__Bacteria;p__Bacteroidetes;c__Bacteroidia;o__Bacteroidales;f__Bacteroidaceae;g__Bacteroides;s__Bacteroides_stercoris	0.0142969148898	0.00897933583019	-0.0472777586111	-0.0212690427335	1.0	-0.0281322990918	0.0616721715713	0.0141432606528	0.0137947030791	0.0760548384874	0.00748518826027	-0.0627245713256	-0.0654216054413	0.0467297618173	-0.0146103331101	-0.00825955239015	-0.06474311473	-0.0172822819638	-0.0211592885869	-0.010127265301	-0.0727002154235	-0.0325351942594	0.00990023963211	-0.0528909097654	0.040254943691	-0.0122452143648	-0.0334369195505	-0.055701199968	-0.0252802568935	0.0209698556129	-0.014865572921	-0.0393213385996	0.0261484721905	0.0170523887337	-0.0435070477027	0.0271303067205	-0.0235252403488	-0.00477277712544	-0.0185888594961	-0.040383788286	-0.00378738355988	0.0417789195939	-0.00779583501686	-0.0445124974549	0.00254338840619	0.0262312477008	-0.02376926276	-0.00669197003448	-0.0246800020088	0.000317124976673	0.0599640769391	0.0130454156011	0.0168433648805	-0.0444436955218	0.0107712446248	0.014439108124	-0.0885158390855	-0.0440764394737	-0.0230978452457
k__Bacteria;p__Bacteroidetes;c__Bacteroidia;o__Bacteroidales;f__Bacteroidaceae;g__Bacteroides;s__Bacteroides_ovatus	0.0120336199729	0.0137695217175	0.0169887961428	-0.00203656572529	-0.0281322990918	1.0	-0.0358682529501	-0.0367823876685	-0.0365618572165	0.0286300048436	-0.0189205763138	0.035916288629	0.0321913463993	-0.0308640298244	-0.00634975929337	-0.000420196169291	-0.0213309726974	-0.0362882047187	-0.0034498307682	-0.00156471472264	0.0109741017711	-0.0162438397786	0.00402312576033	-0.0100912732866	-0.00621761983603	-0.0126898855812	-0.0185041499968	-0.0297315255638	0.0292692349176	0.0188318625928	-0.031220673657	0.0266088892544	0.0827826473274	0.0024235209456	0.00167119271739	-0.0328122895573	-0.0606120724484	-0.0513307778588	0.0319052383717	-0.0562289012453	0.0186745698764	-0.00722544562152	-0.0121831921794	0.000543174004112	0.010977468705	0.0690284638612	-0.000136429757154	0.0367791357292	-0.0456782520106	0.0134509861334	0.018580387559	0.0223081857409	-0.0287041637165	-0.0111732107271	-0.0602748543792	-0.0342203781418	-0.0293231380782	-0.0142332348338	-0.041802091625
k__Bacteria;p__Bacteroidetes;c__Bacteroidia;o__Bacteroidales;f__Rikenellaceae;g__Alistipes;s__Alistipes_shahii	0.0346644896901	-0.0526154816532	-0.0305152417268	-0.0512589031489	0.0616721715713	-0.0358682529501	1.0	-0.0200772805413	-0.0133857488919	0.0141247725488	-0.0269805120068	0.0285538356867	-0.017281670502	-0.0257252793255	-0.0157966058668	-0.00962099857549	0.023361641353	-0.0160591762313	-0.00701776519889	-0.0392773857769	-0.0421927612492	-0.0548271811167	0.00860574092267	-0.0227516696397	0.0130113364471	-0.0293578815998	0.0159187084596	0.0337563193452	0.0364911873021	0.0339009687995	0.0165742235606	0.044258017825	-0.00289549171953	0.00281415583145	0.000636026880379	0.0293833999276	0.0621869640706	-0.0173733372482	-0.0483891025287	-0.0492941864544	-0.0258518054944	-0.0103019113986	0.00883000517926	0.0224330830498	0.0176398736477	-0.0373716375291	0.0390417464286	-0.0122296084595	0.00189711775124	-0.0483223427327	-0.0227331657296	-0.045418849597	0.047299337259	0.0456690344361	0.0117488576025	-0.0447793750616	0.00898127121978	-0.0492130852264	-0.0219888289275
k__Bacteria;p__Firmicutes;c__Clostridia;o__Clostridiales;f__Ruminococcaceae;g__Faecalibacterium;s__Faecalibacterium_prausnitzii	-0.0256640983615	0.0304262390233	0.0108020082956	-0.00264901578689	0.0141432606528	-0.0367823876685	-0.0200772805413	1.0	0.0164375064373	-0.0161747500455	-0.040644571231	-0.0231765952577	-0.00101949524078	-0.0911795752225	-0.0341290937713	0.0106558949168	-0.0499551438413	0.0138262603863	-0.00567102662941	-0.0398344308075	-0.0015627979362	-0.0318133354009	0.0670790590813	-0.0155546212003	-0.00542383166891	0.0537295453421	0.0239808619397	-0.0335781851871	-0.00784995766751	-0.0746806725066	-0.0405460967776	-0.0849480939862	-0.0258916821545	0.0106205666465	0.000464543652268	-0.0456919509748	0.0278467924927	0.0362531202242	-0.0140599831101	0.00799362689414	0.0618756517114	0.00468732687023	0.0558642802996	0.0753658113559	0.00991626846715	0.0175008132245	-0.027419177962	0.00319068967403	-0.0351513279653	-0.0267322224976	0.0577633771479	-0.0575803794758	0.0181977133462	-0.0138928801026	0.0171732372655	-0.0144480199186	0.0375414186673	-0.00340573777607	-0.0111933785684
k__Bacteria;p__Bacteroidetes;c__Bacteroidia;o__Bacteroidales;f__Rikenellaceae;g__Alistipes;s__Alistipes_finegoldii	0.0353896880136	-0.0175479528371	-0.030905181404	0.0220450633805	0.0137947030791	-0.0365618572165	-0.0133857488919	0.0164375064373	1.0	0.0254116803697	-0.075230417068	-0.0154476768053	-0.050476655463	-0.03579908583	0.0181804311064	0.0104716060563	0.0328190658507	-0.058214768833	0.00496766102112	-0.00655396130739	-0.0267812211261	0.0348917423349	0.0191794206826	-0.0270998284659	-0.00436979581179	-0.0351374394131	-0.0161154089976	0.0155092406822	0.00243669157822	-0.0373002836307	-0.0185110720566	0.061004230841	-0.00269344925403	-0.0404721570112	-0.0754325271259	0.0625701000451	0.0581785615803	0.0219120834812	-0.0518372744631	-0.00386645307562	0.0233796546648	-0.0295284878061	-0.0435145215056	-0.0521743900874	-0.0273624143248	-0.00710267574752	0.00349536538416	-0.031688773217	-0.00163838874004	0.0356855790699	0.0213722907159	-0.0299074570595	-0.06141299203	-0.0513187650476	0.00559892338004	0.00610262602276	-0.0580046294483	0.0180693893693	0.112888193611
k__Bacteria;p__Bacteroidetes;c__Bacteroidia;o__Bacteroidales;f__Porphyromonadaceae;g__Parabacteroides;s__Parabacteroides_distasonis	0.0226933525098	-0.0255035621051	0.050537724048	0.0112982962113	0.0760548384874	0.0286300048436	0.0141247725488	-0.0161747500455	0.0254116803697	1.0	-0.0147390613031	-0.0194801695842	-0.0281606433841	-0.0375676849865	0.0473861556624	0.0252035402539	-0.00343288958044	-0.0530446790914	0.00753038372762	-0.041329450839	0.0325020665763	0.0141786620197	0.00128241958108	-0.0147270454021	-0.0488545928655	-0.0281581891926	-0.0460908661508	-0.0102426767592	-0.0557838107523	-0.0372279288032	0.0202186240601	-0.0584387320271	-0.0534688455786	0.00817163541594	-0.00931919961348	0.000910077635124	-0.020117660741	0.00642797120938	-0.0132505258078	-0.0645484834438	-0.00575342571276	0.00453181519516	-0.00599938892021	-0.0266375102581	-0.0556510654045	0.0128076020579	-0.0204062472354	-0.0107449324081	0.00779093037519	-0.000192626756763	-0.00659297467395	-0.00034859423923	-0.0305398976784	0.0138593767467	-0.0407326965551	-0.0401067280124	0.00205303797625	-0.0485364260712	0.007852235576
k__Bacteria;p__Bacteroidetes;c__Bacteroidia;o__Bacteroidales;f__Bacteroidaceae;g__Bacteroides;s__Bacteroides_thetaiotaomicron	0.0374596620843	-0.00612821417544	0.0121748533681	-0.0648898390455	0.00748518826028	-0.0189205763138	-0.0269805120068	-0.040644571231	-0.075230417068	-0.0147390613031	1.0	-0.014322207336	-0.00116629033103	-0.0330815056045	0.00444752231134	-0.0383594098063	-0.0447606277163	0.0070082253547	0.0259820508511	-0.0134549909254	-0.0189551746346	0.0451677610526	0.0144495576031	0.0545935078815	-0.0481145426459	0.00151447540429	0.0142822312176	-0.00420124030822	-0.0541314688656	0.000282562374034	-0.0481519067855	0.00825020525565	0.0174086007233	0.0360876234367	-0.00749826542111	0.0121616848767	-0.0610970174127	0.0117505307098	-0.00461228917476	-0.0278572088783	-0.0312971940426	0.00931826628302	-0.0804796684592	0.0725529371262	-0.00718214601444	0.0229360465079	-0.0350758113539	0.00283572079708	-0.0431658935871	-0.0314017986379	-0.0248938629138	-0.0796656380464	0.0128985916097	0.0059325172714	0.0305216368849	-0.0139148666912	0.00572734847368	0.0359346219296	-0.00670739530573
k__Bacteria;p__Bacteroidetes;c__Bacteroidia;o__Bacteroidales;f__Bacteroidaceae;g__Bacteroides;s__Bacteroides_coprocola	0.0202166700517	-0.00435269287632	0.0338697424129	-0.011694526076	-0.0627245713256	0.035916288629	0.0285538356867	-0.0231765952577	-0.0154476768053	-0.0194801695842	-0.014322207336	1.0	0.0091265563201	-0.0331576378692	-0.00416560830629	0.00280420574541	-0.0359316092877	-0.047883751748	0.0489096882538	-0.0489880737826	0.00513209511258	-0.0283645593285	-0.00729843281083	-0.028483154217	0.0248758900461	0.00391739076859	-0.00218555008443	0.0652644758812	-0.0565782914779	-0.0585061979913	0.0466726480019	-0.075604714105	0.0532590324817	-0.00892380739514	-0.0747380635524	0.00241226285611	-0.0271688079139	0.0345002281599	-0.0164792391489	-0.0327040304188	-0.0155931872985	0.0109377239511	-0.0611376733577	-0.0258878616157	-0.0165274495244	-0.0109485669849	0.0119187944013	-0.00405856865957	-0.0116266691571	-0.0626204487043	-0.014142158192	-0.0286170367462	0.0354633016046	0.00744702635785	-0.0270103402889	-0.0198936637583	0.0239607154045	0.0508553698254	0.0315788853936
k__Bacteria;p__Bacteroidetes;c__Bacteroidia;o__Bacteroidales;f__Bacteroidaceae;g__Bacteroides;s__Bacteroides_cellulosilyticus	-0.0181961515535	-0.0441670107731	0.0219792598684	-0.00402735982303	-0.0654216054413	0.0321913463993	-0.017281670502	-0.00101949524078	-0.050476655463	-0.0281606433841	-0.00116629033103	0.0091265563201	1.0	0.0342303896969	-0.0417510628744	-0.0619606810076	-0.00676582890081	0.0401422859364	-0.0472962442024	-0.092350441047	0.00483117532064	-0.030542548417	0.0210122604281	-0.029699581848	0.0461789300202	-0.0385250486011	0.0165550245563	-0.0403426320706	0.0140052077672	0.0133637537753	0.0396751090883	0.0362811277252	0.0368636392767	-0.0263514376525	0.0206378780195	-0.0173595898554	-0.0401359135761	0.00749295582274	0.0120142679672	-0.0488923052774	-0.0469464987937	0.000140343177057	-0.0281100497512	-0.00809954994721	-0.00364948307574	0.033443291696	0.0255393814723	0.026688026567	-0.0488591984464	-0.0114936037303	0.0133082131164	-0.0325418647464	-0.0166067509444	0.0100296124971	-0.0217711425629	0.032357515957	0.0470012262819	0.0231854904378	-0.0410954863626
k__Bacteria;p__Bacteroidetes;c__Bacteroidia;o__Bacteroidales;f__Rikenellaceae;g__Alistipes;s__Alistipes_obesi	0.0176822869561	0.00899369086745	0.0357038401967	0.0195100600117	0.0467297618173	-0.0308640298244	-0.0257252793255	-0.0911795752225	-0.03579908583	-0.0375676849865	-0.0330815056045	-0.0331576378692	0.0342303896969	1.0	0.0192367523803	0.00869097770408	-0.0248560592305	-0.0139586272113	0.0546768030865	0.00718196296804	-0.00806970954733	0.0200678327709	0.00623045575464	-0.0257236894428	-0.0853222073477	0.00390375229131	-0.054185008786	-0.0205125326039	-0.047345564511	-0.0533635374803	0.00977447585595	-0.000346291556965	-0.035758976128	-0.0245635389439	0.00669249655133	-0.00560343188705	-0.018031083546	0.02719095197	-0.00361126843231	0.0300399691045	-0.0268466461241	-0.0177993402203	0.00353551858081	-0.023634616259	-0.00895530618681	-0.0237432180615	0.0348839054657	0.0108978555528	-0.0175736075413	0.0665607549787	-0.000262975226871	0.0365607854594	0.00735130195399	0.0338609549708	-0.033458081272	-0.017718212475	-0.0532286059048	-0.0322161906842	0.0159440335657
k__Bacteria;p__Firmicutes;c__Clostridia;o__Clostridiales;f__Lachnospiraceae;g__;s__[Eubacterium]_rectale	0.0207294219677	-0.0484776690825	-0.0158869688564	-0.0548280911192	-0.0146103331101	-0.00634975929337	-0.0157966058668	-0.0341290937713	0.0181804311064	0.0473861556624	0.00444752231134	-0.00416560830629	-0.0417510628744	0.0192367523803	1.0	-0.0116052433534	-0.036446954765	-0.0338830206702	-0.0676509013529	0.0311058114683	0.034284562956	0.0522899572054	-0.0154045020911	0.0467979702159	-0.00300134703486	0.0258412700697	-0.0368863132451	0.101298128797	-0.00804977026398	0.00262011780975	0.010692261308	-0.00490324689062	-0.0644209648098	-0.0651710514166	-0.00215868993185	-0.0143825292141	0.0219333511187	-0.00655826393307	-0.00259076509645	-0.00558231758214	0.00203699529285	-0.0225932363253	0.00126440019264	0.0183614441235	-0.0179885822161	-0.032247930869	0.00861707148368	-0.034422393829	-0.0169269078371	0.00191012104915	-0.0725969763207	-0.0352393196414	-0.0446181269662	0.0260702904891	0.0468701226375	-0.0128736711198	-0.0270196977337	-0.0237902452185	0.0122262765602
k__Bacteria;p__Bacteroidetes;c__Bacteroidia;o__Bacteroidales;f__Bacteroidaceae;g__Bacteroides;s__Bacteroides_plebeius	-0.0410054924508	0.0334014009155	-0.0223320333351	0.0406230137009	-0.00825955239015	-0.000420196169291	-0.00962099857549	0.0106558949168	0.0104716060563	0.0252035402539	-0.0383594098063	0.00280420574541	-0.0619606810076	0.00869097770408	-0.0116052433534	1.0	-0.0122886582182	-0.0492078818935	0.00896657779706	0.0129573616148	-0.0120930541555	-0.0773516405755	-0.0237238059833	-0.0207351807527	0.0349242858204	-0.0533887295255	-0.00283269623161	-0.0156275040682	0.0362206580515	0.0134782686737	-0.0361192766578	0.011898707543	-0.0295311359557	0.0201297601187	0.0413878484233	-0.016884387187	-0.0577440355441	-0.023571415765	0.0531519473345	-0.047851648292	0.0165523222152	0.0492396443898	0.00436314965631	-0.00195032710998	-0.0730102697921	-0.049281947673	-0.0218242792192	-0.0505952118623	0.0411365085434	0.0525981754147	-0.00769176429062	0.0257257514385	-0.0361594719244	-0.00684435093996	-0.0175909528983	0.0138201122006	-0.0172772017139	-0.0469088426263	-0.0442818981657
k__Bacteria;p__Bacteroidetes;c__Bacteroidia;o__Bacteroidales;f__Bacteroidaceae;g__Bacteroides;s__Bacteroides_fragilis	-0.0594859978316	-0.00857474729806	-0.0726172120293	-0.0331502699287	-0.06474311473	-0.0213309726974	0.023361641353	-0.0499551438413	0.0328190658507	-0.00343288958044	-0.0447606277163	-0.0359316092877	-0.00676582890081	-0.0248560592305	-0.036446954765	-0.0122886582182	1.0	0.0347002589748	-0.035517012727	-0.0146771908921	0.0070709149838	0.0378446362346	-0.0258076031614	-0.0113913916699	-0.0297175832931	0.0199021479479	0.0399030888353	0.0243991549386	-0.0212582411671	-0.0172537649461	-0.0310855302691	-0.0302308164833	0.00405387838425	-0.0413035053431	0.00564846173591	-0.0182052643788	0.00707543144556	0.0420698510092	0.0347991522734	-0.00649076486322	0.00268728536803	-0.00840474269342	0.0177482689279	-0.00689407844482	-0.0133122917553	-0.0231202760313	0.0254438233525	-0.026256960642	0.0365984126139	0.0124190960246	-0.0414600934825	-0.0069929710283	-0.019084380054	0.0477822435283	-0.0322556297333	-0.0355407858834	0.0373068542105	0.0537150417719	-0.0151077140215
k__Bacteria;p__Proteobacteria;c__Betaproteobacteria;o__Burkholderiales;f__Sutterellaceae;g__Sutterella;s__Sutterella_wadsworthensis	0.0581727826224	-0.0140618370301	0.000219004338928	-0.0663306901758	-0.0172822819638	-0.0362882047187	-0.0160591762313	0.0138262603863	-0.058214768833	-0.0530446790914	0.0070082253547	-0.047883751748	0.0401422859364	-0.0139586272113	-0.0338830206702	-0.0492078818935	0.0347002589748	1.0	-0.00308586473773	-0.00185773828212	-0.000942528991219	0.0114763304469	-0.0241851645906	-0.0377721503008	-0.0450386191902	-0.0275502333142	-0.00500965799256	-0.063749302529	0.0543190967869	0.0142305556526	0.016916207963	-0.0240439114751	-0.0263940870949	0.0236267863431	0.0499122570513	0.0405821528238	0.00397899873449	0.0478305248041	0.0138640428788	-0.0308742111739	-0.0142764148258	0.0039861045907	-0.0513013802985	-0.0153139914201	0.00324538891956	0.0313256096954	0.0325376850226	-0.0179476962006	0.0233476453301	0.0301133743268	0.00964577480037	0.0160669105146	0.0607076149566	-0.00409903807523	-0.00788876120347	0.022149828738	-0.0482956040803	-0.0276429220601	0.0183649130022
k__Bacteria;p__Bacteroidetes;c__Bacteroidia;o__Bacteroidales;f__Porphyromonadaceae;g__Barnesiella;s__Barnesiella_intestinihominis	-0.0186583162315	0.0265795010425	0.0586911022722	-0.0265712831429	-0.0211592885869	-0.0034498307682	-0.00701776519889	-0.00567102662941	0.00496766102113	0.00753038372762	0.0259820508511	0.0489096882538	-0.0472962442024	0.0546768030865	-0.0676509013529	0.00896657779706	-0.035517012727	-0.00308586473773	1.0	0.0280419489803	0.0289447847598	-0.0155002665836	0.00615890108257	0.0238460257601	0.0159632716974	-0.0729356629712	0.00249830641784	-0.0254285701182	0.026481304925	-0.035924626409	0.0358220061611	-0.00738643594503	0.0209969381514	-0.0281477385776	-0.0140690880621	-0.0378549155445	-0.0406578048032	-0.030981430797	-0.0125230101308	-0.0050655432236	-0.0295325540324	-0.0146879134775	0.0462618130411	-0.0536800535077	-0.00211906939201	-0.00572406027784	0.00181056283836	-0.00162208589243	-0.00544519264064	0.0262868239268	0.0313333158039	-0.0383438063015	-0.0740588277592	0.0348693677321	-0.0203580318465	-0.0320160180312	0.025337953861	-0.0496417788746	-0.00265585002366
k__Bacteria;p__Bacteroidetes;c__Bacteroidia;o__Bacteroidales;f__Odoribacteraceae;g__Odoribacter;s__Odoribacter_splanchnicus	0.0447160948637	-0.025686461241	0.0217126865563	0.00308514581025	-0.010127265301	-0.00156471472264	-0.0392773857769	-0.0398344308075	-0.00655396130739	-0.041329450839	-0.0134549909254	-0.0489880737826	-0.092350441047	0.00718196296804	0.0311058114683	0.0129573616148	-0.0146771908921	-0.00185773828212	0.0280419489803	1.0	-0.04859672889	0.0240243684053	-0.0538279068056	0.0051438619253	0.0100255803807	-0.0854382269232	0.0343620099265	0.0165133763836	0.0218902739718	-0.0486922061519	-0.0433115373201	0.017088522282	0.0062995257208	-0.00466562067381	0.00888263135719	-0.0295951363011	-0.00650864401358	-0.033355113037	-0.0423643359029	0.0199460011593	-0.0274376750277	0.00538748583933	0.021998758584	-0.0306253934818	0.00759937720902	0.0274951732052	-0.0279344889579	0.000189655242628	0.0234515519194	0.0018111322238	-0.0340922159848	-0.0129401196243	-0.0500773081446	0.0268398464926	-0.00372149493184	0.0459452184826	0.0139353441872	-0.011721671759	0.0145033900331
k__Bacteria;p__Bacteroidetes;c__Bacteroidia;o__Bacteroidales;f__Bacteroidaceae;g__Bacteroides;s__Bacteroides_salyersiae	0.0323215160855	-0.0502371179118	-0.0427793606153	-0.0607134065307	-0.0727002154235	0.0109741017711	-0.0421927612492	-0.0015627979362	-0.0267812211261	0.0325020665763	-0.0189551746346	0.00513209511258	0.00483117532064	-0.00806970954733	0.034284562956	-0.0120930541555	0.0070709149838	-0.000942528991219	0.0289447847598	-0.04859672889	1.0	0.0329364745957	0.00121020401487	-0.0359583694368	-0.0516602488059	-0.0229694067128	-0.0443159338877	-0.0354079571427	-0.0280727026816	0.0357602667254	0.00435571493524	0.0108350589551	-0.00681083427797	0.0177270409998	-0.0199229968776	-0.0204268175083	0.0531515083314	-0.00834872693348	-0.00830467689476	0.0331381138618	0.0381144240973	-0.0100722108076	-0.00342044877799	-0.018136336576	0.0184139583911	0.0054371943268	-0.0681349884225	0.0181243670602	-0.0228022875774	-0.034214404711	-0.0581372239572	0.00475574894335	-0.0776872989961	0.0151504872015	0.0277115800994	0.0188332701813	0.0864378986569	0.00842652067818	-0.0451411421433
k__Bacteria;p__Firmicutes;c__Clostridia;o__Clostridiales;f__Ruminococcaceae;g__Ruminiclostridium;s__[Eubacterium]_siraeum	-0.0209624466415	0.0959103643074	-0.0768494531675	0.0106733757822	-0.0325351942594	-0.0162438397786	-0.0548271811167	-0.0318133354009	0.0348917423349	0.0141786620197	0.0451677610526	-0.0283645593285	-0.030542548417	0.0200678327709	0.0522899572054	-0.0773516405755	0.0378446362346	0.0114763304469	-0.0155002665836	0.0240243684053	0.0329364745957	1.0	-0.0064987866194	0.0166842775445	-0.012282689751	-0.0779752273197	-0.00292495216832	-0.00519026285698	-0.0124647437905	0.0645418047025	-0.0204757448311	-0.0240406718842	0.00197871223616	0.0180514865078	-0.0073018093178	0.0187821343589	-0.00811977915663	0.0173980168154	0.00164987243803	-0.0170418757746	0.0164222697133	0.0216534858351	-0.0385282469772	-0.0460965315817	0.0170558236174	0.0142884818517	0.028559066571	-0.0240237181579	-0.0443323646051	0.0301725914933	-0.0232705452794	0.0243446043243	-0.0471891133992	-0.00692723799096	-0.0585381654169	0.0244623591223	-0.0335752105991	0.0110783560937	-0.0330791879448
k__Bacteria;p__Proteobacteria;c__Betaproteobacteria;o__Burkholderiales;f__Sutterellaceae;g__Parasutterella;s__Parasutterella_excrementihominis	0.0092145808498	-0.0111080389056	-0.0503460940261	-0.0448367750709	0.00990023963211	0.00402312576033	0.00860574092267	0.0670790590813	0.0191794206826	0.00128241958108	0.0144495576031	-0.00729843281083	0.0210122604281	0.00623045575464	-0.0154045020911	-0.0237238059833	-0.0258076031614	-0.0241851645906	0.00615890108257	-0.0538279068056	0.00121020401487	-0.0064987866194	1.0	0.0139439026447	0.00340743443277	0.0433272677182	0.0142193179716	-0.00303026644087	0.0194153024592	-0.0380560306192	0.0118809766612	-0.0457635269017	0.0367938187283	-0.0275029686802	-0.0239737686671	0.00671260790115	-0.0217544593831	-0.00284642595952	0.0140468993	0.0422110131889	-0.0489378339355	-0.00242868302608	-0.0219596785559	-0.00477401510036	-0.0548185011536	0.00929337108457	-0.0110244791199	-0.0709187027861	-0.065468769846	-0.0540797308229	0.0181621069931	-0.0112485880098	-0.0175390724849	-0.0204383468682	0.0256267092513	-0.0253132803573	-0.0206668228662	-0.0299429244633	0.0141452323855
k__Bacteria;p__Actinobacteria;c__Actinobacteria;o__Bifidobacteriales;f__Bifidobacteriaceae;g__Bifidobacterium;s__Bifidobacterium_adolescentis	-0.0337822537093	-0.0204927138729	0.0208798435495	0.0145845844041	-0.0528909097654	-0.0100912732866	-0.0227516696397	-0.0155546212003	-0.0270998284659	-0.0147270454021	0.0545935078815	-0.028483154217	-0.029699581848	-0.0257236894428	0.0467979702159	-0.0207351807527	-0.0113913916699	-0.0377721503008	0.0238460257601	0.0051438619253	-0.0359583694368	0.0166842775445	0.0139439026447	1.0	-0.0270398279157	0.0301508916211	-0.00625508543396	-0.0435641531739	-0.0377009125052	0.0554169731275	0.0202065453822	-0.0277575022214	-0.0171946581956	0.00829771764845	-0.0392977705421	0.0175407664716	-0.0106559963701	0.00654877765132	-0.0251219952614	-0.00755635985219	-0.0188751089612	-0.0616325044075	-0.0621678089079	-0.0644022454203	-0.00835399113751	-0.0039033288111	0.0438035462688	-0.0194097904531	0.0248234498205	0.0516473071869	0.00122891214244	-0.0332186778245	0.000515754274246	-0.033234095861	0.0487022997576	-0.0536182421065	-0.0122464666186	0.0159332485012	0.000510558438409
k__Bacteria;p__Firmicutes;c__Clostridia;o__Clostridiales;f__Oscillospiraceae;g__Oscillibacter;s__Oscillibacter_sp._KLE_1745	-0.0360216654363	0.00721827425448	-0.0355879767998	-0.0129737942506	0.040254943691	-0.00621761983603	0.0130113364471	-0.00542383166891	-0.00436979581179	-0.0488545928655	-0.0481145426459	0.0248758900461	0.0461789300202	-0.0853222073477	-0.00300134703486	0.0349242858204	-0.0297175832931	-0.0450386191902	0.0159632716974	0.0100255803807	-0.0516602488059	-0.012282689751	0.00340743443277	-0.0270398279157	1.0	-0.000958598172301	-0.0192806172582	0.00374350552696	-0.00939714051749	0.0352112976774	0.0128162677038	-0.0114718574378	-0.0566932747872	-0.0446343096493	-0.0726816210468	-0.00270518970273	-0.0571504276337	-0.0323461374864	-0.0162514041939	-0.00868733092735	0.00816976638956	0.00961468398999	-0.0137046286939	0.0274702446569	-0.0499900635878	0.0033600509957	-0.0389516709994	0.0234082414709	0.00841456735469	0.056461595613	-0.00229328261337	0.0717154000224	0.00547909222562	-0.0776878843052	-0.00842939014265	-0.025106351201	-0.00555230331828	0.00297662959482	-0.0271133124719
k__Bacteria;p__Bacteroidetes;c__Bacteroidia;o__Bacteroidales;f__Bacteroidaceae;g__Bacteroides;s__Bacteroides_coprophilus	0.00158672319158	0.00868327677124	-0.0268774186776	-0.00342399932216	-0.0122452143648	-0.0126898855812	-0.0293578815998	0.0537295453421	-0.0351374394131	-0.0281581891926	0.00151447540429	0.00391739076859	-0.0385250486011	0.00390375229131	0.0258412700697	-0.0533887295255	0.0199021479479	-0.0275502333142	-0.0729356629712	-0.0854382269232	-0.0229694067128	-0.0779752273197	0.0433272677182	0.0301508916211	-0.000958598172301	1.0	0.0428944315713	0.0418289804359	-0.0174125753598	-0.0224871452153	0.0476786794588	-0.0112529023835	-0.0166349320917	0.0257746729818	-0.0193793897278	0.0134927690519	0.012839670501	0.0120962612081	-0.034265095245	-0.0430979816961	-0.0134151834988	-0.00789204590581	0.0536233877665	0.0298415711803	0.0256948746944	0.0127064797779	-0.011189887092	-0.0580605889806	-0.020133568421	-0.0510228983464	-0.0120757683648	-0.0126634776099	0.00871929518894	0.00869492292966	0.0381508156733	-0.0773772065719	0.0123099514103	-0.0260731052609	0.0208273306454
k__Bacteria;p__Firmicutes;c__Clostridia;o__Clostridiales;f__Lachnospiraceae;g__Roseburia;s__Roseburia_intestinalis	-0.00370000089135	-0.0328728835155	0.0495214446829	-0.0396460125908	-0.0334369195505	-0.0185041499968	0.0159187084596	0.0239808619397	-0.0161154089976	-0.0460908661508	0.0142822312176	-0.00218555008443	0.0165550245563	-0.054185008786	-0.0368863132451	-0.00283269623161	0.0399030888353	-0.00500965799256	0.00249830641784	0.0343620099265	-0.0443159338877	-0.00292495216832	0.0142193179716	-0.00625508543396	-0.0192806172582	0.0428944315713	1.0	0.037461319053	-0.0535947938278	-0.0162150902212	-0.0199335827195	0.0075993911606	-0.0993900797891	0.0206987075526	-0.000993516806815	0.0443200597186	-0.0738845598061	0.0254210124109	-0.0572395555719	-0.075686514132	0.0209889061701	-0.0429624822605	-0.0406888392242	0.0205777673992	-0.0102533721457	0.0247349301962	0.058711812796	0.0235676251084	-0.0232233528032	-0.00398371398729	-0.0621588601702	-0.0458754040571	-0.0429540487347	0.00185012730336	0.00288754632866	-0.0799438069196	0.0493517219505	-0.00677521390434	0.0105974323201
k__Bacteria;p__Firmicutes;c__Clostridia;o__Clostridiales;f__Lachnospiraceae;g__Roseburia;s__Roseburia_hominis	-0.0483728878003	-0.0299696610533	0.0143693796268	-0.0111153530326	-0.055701199968	-0.0297315255638	0.0337563193452	-0.0335781851871	0.0155092406822	-0.0102426767592	-0.00420124030822	0.0652644758812	-0.0403426320706	-0.0205125326039	0.101298128797	-0.0156275040682	0.0243991549386	-0.063749302529	-0.0254285701182	0.0165133763836	-0.0354079571427	-0.00519026285698	-0.00303026644087	-0.0435641531739	0.00374350552696	0.0418289804359	0.037461319053	1.0	-0.00520620667406	-0.0721645878866	-0.0386634057315	-0.0135812773337	0.00815388696171	-0.0364500661963	-0.0327195661094	0.0052609567852	-0.0434724564022	-0.0256455617875	0.00541234333536	-0.0340398300468	0.00650892511892	0.0197881937093	0.0199805893067	0.0127651683715	-0.0417884870073	0.014702470865	-0.0486093356701	-0.0512804726806	0.0219810808841	-0.0104424527643	0.0307794577152	-0.00288580956595	0.0401530108009	0.018610771092	-0.0249731333882	-0.0284157572425	-0.00838423359064	-0.0369136483555	-0.0086155470234
k__Bacteria;p__Bacteroidetes;c__Bacteroidia;o__Bacteroidales;f__Porphyromonadaceae;g__Parabacteroides;s__Parabacteroides_johnsonii	-0.0781886154835	-0.00213457990178	-0.0419483085445	0.00978724246498	-0.0252802568935	0.0292692349176	0.0364911873021	-0.00784995766751	0.00243669157822	-0.0557838107523	-0.0541314688656	-0.0565782914779	0.0140052077672	-0.047345564511	-0.00804977026398	0.0362206580515	-0.0212582411671	0.0543190967869	0.026481304925	0.0218902739718	-0.0280727026816	-0.0124647437905	0.0194153024592	-0.0377009125052	-0.00939714051749	-0.0174125753598	-0.0535947938278	-0.00520620667406	1.0	-0.0366854212469	-0.0167352437658	-0.0303857567668	0.0727693025558	-0.00863902581583	-0.00501642336036	-0.0200612411749	0.0184702131327	-0.00849897275739	-0.0577092642636	-0.0250762367439	-0.063487345693	-0.0075639018541	0.0125491809365	0.038681859425	0.0135437130088	-0.0420321125637	-0.00564933038159	-0.0153084609401	0.0313840065798	-0.0317833121601	0.0108818890626	0.0064921473572	0.0170389804574	0.0594219363395	-0.0110013546839	-0.0184019857737	-0.0242383734784	-0.035580289969	0.016304301739
k__Bacteria;p__Actinobacteria;c__Actinobacteria;o__Bifidobacteriales;f__Bifidobacteriaceae;g__Bifidobacterium;s__Bifidobacterium_longum	0.0224113979745	-0.0237221397369	-0.004524040295	-0.00295950904843	0.0209698556129	0.0188318625928	0.0339009687995	-0.0746806725066	-0.0373002836307	-0.0372279288032	0.000282562374034	-0.0585061979913	0.0133637537753	-0.0533635374803	0.00262011780975	0.0134782686737	-0.0172537649461	0.0142305556526	-0.035924626409	-0.0486922061519	0.0357602667254	0.0645418047025	-0.0380560306192	0.0554169731275	0.0352112976774	-0.0224871452153	-0.0162150902212	-0.0721645878866	-0.0366854212469	1.0	0.00872980709909	0.0156114753519	-0.0229700026699	-0.0477302718818	0.0440220218692	-0.0237928574827	-0.00999127750059	-0.0312815355133	-0.024887007976	0.00448533387421	-0.00944770656479	-0.00921998329336	-0.0373237967298	0.00363637606447	0.00207743333694	0.0226497607376	0.0368218373064	-0.0369983808953	-0.0219843674605	0.0259852628887	0.0634178785729	0.0267946352847	0.021123712739	0.00323746103093	-0.0193069735985	0.0318296498735	0.00649252775322	-0.0203645318045	0.0384953486777
