#taxonomy	k__Bacteria;p__Bacteroidetes;c__Bacteroidia;o__Bacteroidales;f__Bacteroidaceae;g__Bacteroides;s__Bacteroides_vulgatus	k__Bacteria;p__Bacteroidetes;c__Bacteroidia;o__Bacteroidales;f__Bacteroidaceae;g__Bacteroides;s__Bacteroides_uniformis	k__Bacteria;p__Bacteroidetes;c__Bacteroidia;o__Bacteroidales;f__Rikenellaceae;g__Alistipes;s__Alistipes_putredinis	k__Bacteria;p__Bacteroidetes;c__Bacteroidia;o__Bacteroidales;f__Prevotellaceae;g__Prevotella;s__Prevotella_copri	k__Bacteria;p__Bacteroidetes;c__Bacteroidia;o__Bacteroidales;f__Bacteroidaceae;g__Bacteroides;s__Bacteroides_stercoris	k__Bacteria;p__Bacteroidetes;c__Bacteroidia;o__Bacteroidales;f__Bacteroidaceae;g__Bacteroides;s__Bacteroides_ovatus	k__Bacteria;p__Bacteroidetes;c__Bacteroidia;o__Bacteroidales;f__Rikenellaceae;g__Alistipes;s__Alistipes_shahii	k__Bacteria;p__Firmicutes;c__Clostridia;o__Clostridiales;f__Ruminococcaceae;g__Faecalibacterium;s__Faecalibacterium_prausnitzii	k__Bacteria;p__Bacteroidetes;c__Bacteroidia;o__Bacteroidales;f__Rikenellaceae;g__Alistipes;s__Alistipes_finegoldii	k__Bacteria;p__Bacteroidetes;c__Bacteroidia;o__Bacteroidales;f__Porphyromonadaceae;g__Parabacteroides;s__Parabacteroides_distasonis	k__Bacteria;p__Bacteroidetes;c__Bacteroidia;o__Bacteroidales;f__Bacteroidaceae;g__Bacteroides;s__Bacteroides_thetaiotaomicron	k__Bacteria;p__Bacteroidetes;c__Bacteroidia;o__Bacteroidales;f__Bacteroidaceae;g__Bacteroides;s__Bacteroides_coprocola	k__Bacteria;p__Bacteroidetes;c__Bacteroidia;o__Bacteroidales;f__Bacteroidaceae;g__Bacteroides;s__Bacteroides_cellulosilyticus	k__Bacteria;p__Bacteroidetes;c__Bacteroidia;o__Bacteroidales;f__Rikenellaceae;g__Alistipes;s__Alistipes_obesi	k__Bacteria;p__Firmicutes;c__Clostridia;o__Clostridiales;f__Lachnospiraceae;g__;s__[Eubacterium]_rectale	k__Bacteria;p__Bacteroidetes;c__Bacteroidia;o__Bacteroidales;f__Bacteroidaceae;g__Bacteroides;s__Bacteroides_plebeius	k__Bacteria;p__Bacteroidetes;c__Bacteroidia;o__Bacteroidales;f__Bacteroidaceae;g__Bacteroides;s__Bacteroides_fragilis	k__Bacteria;p__Proteobacteria;c__Betaproteobacteria;o__Burkholderiales;f__Sutterellaceae;g__Sutterella;s__Sutterella_wadsworthensis	k__Bacteria;p__Bacteroidetes;c__Bacteroidia;o__Bacteroidales;f__Porphyromonadaceae;g__Barnesiella;s__Barnesiella_intestinihominis	k__Bacteria;p__Bacteroidetes;c__Bacteroidia;o__Bacteroidales;f__Odoribacteraceae;g__Odoribacter;s__Odoribacter_splanchnicus	k__Bacteria;p__Bacteroidetes;c__Bacteroidia;o__Bacteroidales;f__Bacteroidaceae;g__Bacteroides;s__Bacteroides_salyersiae	k__Bacteria;p__Firmicutes;c__Clostridia;o__Clostridiales;f__Ruminococcaceae;g__Ruminiclostridium;s__[Eubacterium]_siraeum	k__Bacteria;p__Proteobacteria;c__Betaproteobacteria;o__Burkholderiales;f__Sutterellaceae;g__Parasutterella;s__Parasutterella_excrementihominis	k__Bacteria;p__Actinobacteria;c__Actinobacteria;o__Bifidobacteriales;f__Bifidobacteriaceae;g__Bifidobacterium;s__Bifidobacterium_adolescentis	k__Bacteria;p__Firmicutes;c__Clostridia;o__Clostridiales;f__Oscillospiraceae;g__Oscillibacter;s__Oscillibacter_sp._KLE_1745	k__Bacteria;p__Bacteroidetes;c__Bacteroidia;o__Bacteroidales;f__Bacteroidaceae;g__Bacteroides;s__Bacteroides_coprophilus	k__Bacteria;p__Firmicutes;c__Clostridia;o__Clostridiales;f__Lachnospiraceae;g__Roseburia;s__Roseburia_intestinalis	k__Bacteria;p__Firmicutes;c__Clostridia;o__Clostridiales;f__Lachnospiraceae;g__Roseburia;s__Roseburia_hominis	k__Bacteria;p__Bacteroidetes;c__Bacteroidia;o__Bacteroidales;f__Porphyromonadaceae;g__Parabacteroides;s__Parabacteroides_johnsonii	k__Bacteria;p__Actinobacteria;c__Actinobacteria;o__Bifidobacteriales;f__Bifidobacteriaceae;g__Bifidobacterium;s__Bifidobacterium_longum	k__Bacteria;p__Firmicutes;c__Clostridia;o__Clostridiales;f__;g__Flavonifractor;s__Flavonifractor_plautii	k__Bacteria;p__Firmicutes;c__Clostridia;o__Clostridiales;f__Clostridiaceae;g__Clostridium;s__Clostridium_phoceensis	k__Bacteria;p__Verrucomicrobia;c__Verrucomicrobiae;o__Verrucomicrobiales;f__Akkermansiaceae;g__Akkermansia;s__Akkermansia_muciniphila	k__Bacteria;p__Bacteroidetes;c__Bacteroidia;o__Bacteroidales;f__Prevotellaceae;g__Paraprevotella;s__Paraprevotella_xylaniphila	k__Bacteria;p__Firmicutes;c__Clostridia;o__Clostridiales;f__Ruminococcaceae;g__Ruminococcus;s__Ruminococcus_callidus	k__Bacteria;p__Bacteroidetes;c__Bacteroidia;o__Bacteroidales;f__Rikenellaceae;g__Alistipes;s__Alistipes_senegalensis	k__Bacteria;p__Firmicutes;c__Clostridia;o__Clostridiales;f__Lachnospiraceae;g__Blautia;s__Blautia_sp._KLE_1732	k__Bacteria;p__Bacteroidetes;c__Bacteroidia;o__Bacteroidales;f__Bacteroidaceae;g__Bacteroides;s__Bacteroides_oleiciplenus	k__Bacteria;p__Firmicutes;c__Clostridia;o__Clostridiales;f__Ruminococcaceae;g__Ruminococcus;s__Ruminococcus_bicirculans	k__Bacteria;p__Bacteroidetes;c__Bacteroidia;o__Bacteroidales;f__Bacteroidaceae;g__Bacteroides;s__Bacteroides_fluxus	k__Bacteria;p__Bacteroidetes;c__Bacteroidia;o__Bacteroidales;f__Prevotellaceae;g__Prevotella;s__Prevotella_stercorea	k__Bacteria;p__Firmicutes;c__Clostridia;o__Clostridiales;f__Lachnospiraceae;g__Dorea;s__Dorea_longicatena	k__Bacteria;p__Firmicutes;c__Clostridia;o__Clostridiales;f__Eubacteriaceae;g__Eubacterium;s__[Eubacterium]_eligens	k__Bacteria;p__Firmicutes;c__Clostridia;o__Clostridiales;f__Ruminococcaceae;g__;s__Ruminococcaceae_bacterium_D16	k__Bacteria;p__Firmicutes;c__Clostridia;o__Clostridiales;f__Lachnospiraceae;g__Coprococcus;s__Coprococcus_comes	k__Bacteria;p__Proteobacteria;c__Gammaproteobacteria;o__Enterobacterales;f__Enterobacteriaceae;g__Escherichia;s__Escherichia_coli	k__Bacteria;p__Firmicutes;c__Clostridia;o__Clostridiales;f__Ruminococcaceae;g__Anaerotruncus;s__Anaerotruncus_colihominis	k__Bacteria;p__Firmicutes;c__Clostridia;o__Clostridiales;f__Lachnospiraceae;g__Blautia;s__Blautia_obeum	k__Bacteria;p__Bacteroidetes;c__Bacteroidia;o__Bacteroidales;f__Odoribacteraceae;g__Odoribacter;s__Odoribacter_laneus	k__Bacteria;p__Firmicutes;c__Clostridia;o__Clostridiales;f__Ruminococcaceae;g__Ruminiclostridium;s__[Clostridium]_leptum	k__Bacteria;p__Bacteroidetes;c__Bacteroidia;o__Bacteroidales;f__Porphyromonadaceae;g__Parabacteroides;s__Parabacteroides_goldsteinii	k__Bacteria;p__Firmicutes;c__Clostridia;o__Clostridiales;f__Lachnospiraceae;g__Anaerostipes;s__Anaerostipes_hadrus	k__Bacteria;p__Firmicutes;c__Clostridia;o__Clostridiales;f__Ruminococcaceae;g__Ruminococcus;s__Ruminococcus_lactaris	k__Bacteria;p__Firmicutes;c__Clostridia;o__Clostridiales;f__Clostridiaceae;g__Clostridium;s__Clostridium_sp._L2-50	k__Bacteria;p__Firmicutes;c__Clostridia;o__Clostridiales;f__Clostridiaceae;g__Clostridium;s__Clostridium_sp._M62/1	k__Bacteria;p__Firmicutes;c__Clostridia;o__Clostridiales;f__;g__Intestinimonas;s__Intestinimonas_butyriciproducens	k__Bacteria;p__Actinobacteria;c__Actinobacteria;o__Bifidobacteriales;f__Bifidobacteriaceae;g__Bifidobacterium;s__Bifidobacterium_bifidum	k__Bacteria;p__Firmicutes;c__Negativicutes;o__Veillonellales;f__Veillonellaceae;g__Dialister;s__Dialister_invisus	k__Bacteria;p__Bacteroidetes;c__Bacteroidia;o__Bacteroidales;f__Bacteroidaceae;g__Bacteroides;s__Bacteroides_salanitronis
k__Bacteria;p__Bacteroidetes;c__Bacteroidia;o__Bacteroidales;f__Bacteroidaceae;g__Bacteroides;s__Bacteroides_vulgatus	1.0	0.0208736110587	0.11484182863	-0.046519826315	-0.0372418703647	-0.025379688813	0.0132740628657	-0.031651478898	-0.00465460676717	0.029707968208	-0.0153759800583	0.00440442805235	0.0351814237472	-0.0221069649887	0.0130501096442	-0.00111648466471	-9.99340488434e-05	-0.0226522688997	-0.0093689378081	0.0307337156945	0.025995241554	0.0448893188122	0.00122681462287	-0.0251397689255	-0.0370387682118	-0.0284587380895	-0.0670245813309	0.0137250856159	0.0252735445269	-0.0781252953548	-0.00214947823952	0.023518912421	0.0368635051865	-0.0544505986845	0.00568754319357	0.0303998345479	-0.000898123991057	-0.0382016820729	-0.0182320981968	0.0123801422908	0.027496724696	0.052390646098	-0.0540099600754	-0.0417208157677	-0.0170238624964	0.02740757109	0.0089002766767	-0.0281873196557	-0.0522320112907	-0.0333925538384	-0.0334118996308	-0.0375944260415	-0.0119083159056	0.0271396786777	-0.0127568560396	-0.0348333026884	0.0145434353569	0.0224416914708	-0.0217637209695
k__Bacteria;p__Bacteroidetes;c__Bacteroidia;o__Bacteroidales;f__Bacteroidaceae;g__Bacteroides;s__Bacteroides_uniformis	0.0208736110587	1.0	0.0316723748604	0.036687116149	-0.0226014882114	-0.0264464867233	-0.0169711827473	0.0462766858726	-0.0456984305593	0.0114326575	-0.0152073218821	-0.0357604822142	0.0337914309152	0.0292268094625	-0.01490218992	-0.0269772478064	0.0448315253577	-0.0487372160166	-0.0619508077984	0.0140555485371	0.0188752908549	-0.0377785222092	0.00405955091281	-0.0136723299431	-0.00972717087576	0.0469397976373	0.00262841854693	0.0323069711302	-0.00128875902948	0.0133552645975	-0.0480343742385	0.00288663422887	-0.00472541310682	-0.0523319631018	0.000333232314111	0.0347825145883	0.0422313862656	-0.0507518941239	0.040337901694	0.0157763801643	-0.00596177732477	-0.0308544475454	0.0154124151075	-0.0114820136698	-0.0277372199238	0.0216867769003	-0.0172579716628	-0.0235926909401	-0.0514964772042	0.0194889458865	-0.0615033510455	0.0482839725558	0.0052956007071	0.0563313450683	-0.0257589618285	-0.0524410847748	0.0267972779011	-0.0271041560472	0.00776828662912
k__Bacteria;p__Bacteroidetes;c__Bacteroidia;o__Bacteroidales;f__Rikenellaceae;g__Alistipes;s__Alistipes_putredinis	0.11484182863	0.0316723748604	1.0	0.00183488696107	-0.0177697617544	0.0279307562631	-0.0117014347062	0.0330331397032	-0.0247806898252	-0.0197171689087	-0.044599578825	0.0118492127582	-0.0437835745799	-0.0128198927033	0.0251921384668	-0.0690457047936	-0.0317834203118	-0.0795342351393	-0.00404590019066	-0.00511701683632	-4.92154929307e-05	-0.028736740436	-0.0367922667476	-0.014572013993	-0.0317031144884	-0.0306560641531	-0.0260396052788	0.0612613930021	-0.0271768695776	-0.0169508539409	-0.0361416097035	-0.0157773641196	-0.0487119131143	-0.00348544113851	0.0352065741751	0.0593718075091	-0.0056853135575	-0.0954685472696	0.00431447462574	-0.01292835487	-0.0507443354354	-0.0632236359967	0.00456449315013	-0.0295613218601	-0.0251104872939	-0.0239579679788	-0.0370050470603	-0.000739853615321	-0.00274846603482	0.0399763855425	0.0149405702353	0.0679702332446	0.0217559034316	0.0263510346216	-0.0382565866473	-0.0142020765754	-0.0187743328758	0.0303551848452	0.0288664929515
k__Bacteria;p__Bacteroidetes;c__Bacteroidia;o__Bacteroidales;f__Prevotellaceae;g__Prevotella;s__Prevotella_copri	-0.046519826315	0.036687116149	0.00183488696107	1.0	0.00981146891576	-0.0589172310435	-0.0444753937103	0.00893514490486	-0.00616360901649	-0.0224531035647	0.00542986433793	-0.0379969964381	-0.0166303891877	-0.0783371969638	-0.00933159624874	-0.0479954540537	-0.0133676795209	-0.0475304258513	0.0420266937587	0.0808816619653	-0.0290266660624	-0.0285189425837	-0.0116233001389	-0.0206815859447	0.0326079517658	-0.0145130087742	-0.026679792924	0.00437147186997	0.00788016742209	5.31842411513e-05	-0.0173370974962	0.025883367449	-0.0247083254277	-0.0239549513592	0.0438668173436	-0.0157524438187	0.0647348954516	0.0276396023905	-0.0583188980543	-0.0079932236108	-0.0165434852746	-0.00103816901779	-0.0143952216623	-0.00549849632623	0.0286208053966	0.0337377574632	0.0341517211245	-0.0323127569305	-0.00441704924972	0.020561277409	0.0102681596001	-0.00519593332237	0.0313333751205	-0.0108308422644	-0.021401388792	-0.0227982799866	0.0243619009209	-0.0276615702811	0.0178498608754
k__Bacteria;p__Bacteroidetes;c__Bacteroidia;o__Bacteroidales;f__Bacteroidaceae;g__Bacteroides;s__Bacteroides_stercoris	-0.0372418703647	-0.0226014882114	-0.0177697617544	0.00981146891576	1.0	0.00480691556441	0.0138801567588	0.0223134995279	0.0064020496372	0.0604411414611	0.0311749527823	-0.0176612757443	-0.0663423003175	0.00611711795739	0.0617848116839	-0.0604017581346	-0.0357690931147	0.055607128743	-0.0190793415381	0.00890239706055	0.0323795253608	-0.0200389911409	-0.0164174747592	0.00129282770864	0.0106451960108	-0.0302886825607	-0.00572560485026	-0.0100545145321	-0.0343575038827	-0.00244214617022	-0.0125225357477	-0.0370506307315	-0.00113860138183	-0.0499682056971	-0.0346228497234	-0.012336238175	-0.0720725415753	-0.083217166549	0.0490558561688	0.00502097761997	-0.0126760247163	-0.0231420554055	0.0206190255403	-0.0623807353873	0.0660045672539	0.0167487886689	-0.0117289972529	-0.028867714894	0.0103852873203	-0.020526418304	-0.0664080726751	0.00449398794791	0.0115877978003	0.0232989785232	0.0165767924696	-0.0543797312715	0.00410691624709	-0.0161693739334	-0.0131323383737
k__Bacteria;p__Bacteroidetes;c__Bacteroidia;o__Bacteroidales;f__Bacteroidaceae;g__Bacteroides;s__Bacteroides_ovatus	-0.025379688813	-0.0264464867233	0.0279307562631	-0.0589172310435	0.00480691556441	1.0	0.0197273612095	-0.0181380212784	0.0470588471077	0.0279012753604	0.0110446765464	-0.0293389894672	-0.0317050810327	-0.05566631538	-0.0358996141735	-0.0126676691545	-0.0130022232212	0.0159783124844	-0.00389784357629	-0.0152059645608	-0.073389416986	-0.0608764532637	-0.0171216364713	0.0168858602841	0.0267873032453	0.0441729483248	-0.0182268861967	0.0371478882173	-0.0702340219785	-0.0368671324589	0.00200464954231	-0.0187099074583	-0.0226970911925	-0.0210004376651	-0.00936660127966	0.00269940978759	-0.028557543897	0.00596381444832	0.0236227464798	-0.0450978043421	0.0215687016195	-0.0229508360535	0.008641508882	-0.0191142487411	-0.00330297803044	0.020648404293	0.011903453727	-0.00263631140754	-0.00301578845818	0.0059195071216	-0.00690168149181	-0.0150259696379	-0.0180109092489	-0.0640475237667	-0.0231679819617	-0.0161510063208	0.0557281670037	-0.00397286644278	0.00937983353092
k__Bacteria;p__Bacteroidetes;c__Bacteroidia;o__Bacteroidales;f__Rikenellaceae;g__Alistipes;s__Alistipes_shahii	0.0132740628657	-0.0169711827473	-0.0117014347062	-0.0444753937103	0.0138801567588	0.0197273612095	1.0	-0.0369169721905	-0.0124266795475	-0.051951649887	0.0171633504874	0.00701594349929	-0.0225322887795	0.0109284414434	-0.0616431813216	0.0330947715969	-0.0051159741998	-0.0394551329807	-0.0118569395288	-0.0557269379611	0.0409411044793	0.0228303451632	-0.0373622055551	0.0032269600435	-0.0288693898858	0.0520374106842	0.0166681809382	-0.0353106710496	0.0143336040512	-0.0449231032237	0.00349910556609	-0.0404425364347	-0.0236425445924	0.0333719850388	0.0028710706023	0.0108554705504	-0.0688427865658	-0.0314626057715	-0.0633707500134	-0.0227605602553	-0.0165236756619	0.00635514426445	0.0135143697243	0.0626277637817	-0.00054686192432	-0.0551004650433	-0.0402436483752	-0.0242234482916	0.0530432598798	-0.0512866394342	-0.00781226345112	-0.0202860670586	0.0420037912965	-0.0189423069141	0.0190393888621	0.0498066473527	-0.0558187740238	0.0139961572624	0.0175017449046
k__Bacteria;p__Firmicutes;c__Clostridia;o__Clostridiales;f__Ruminococcaceae;g__Faecalibacterium;s__Faecalibacterium_prausnitzii	-0.031651478898	0.0462766858726	0.0330331397032	0.00893514490486	0.0223134995279	-0.0181380212784	-0.0369169721905	1.0	-0.0360771421158	0.0215199350806	-0.0274589096346	0.0208303778376	0.0025308829381	0.00210988350049	-0.0291490661769	-0.0198978903189	-0.00340575085155	-0.031121842295	-0.0135839814874	0.0269873739218	0.0452099323837	-0.00237217997221	-0.0136202560349	-0.0501356952699	0.0246303949393	-0.0452129321042	0.0357658594926	0.000215172224841	-0.051256207656	-0.0614711788326	-0.0413247663102	-0.02135519377	-0.00742445057122	-0.0373573252214	-0.0159639627277	0.0159428600217	-0.0198561320511	-0.0225048345907	-0.0238650307938	-0.0771856194453	-0.0177393790447	-0.00757796260783	-0.0144257953727	0.0226785755781	0.0386781835901	-0.0337226115447	-0.000801608427183	-0.0187979380937	-0.000137534552575	0.0282250050243	0.00477202245538	-0.0762998549994	-0.000545849939791	-0.0611221664931	-0.0338253415887	0.00541326230236	0.00913168620008	0.0119979603715	0.0376371756376
k__Bacteria;p__Bacteroidetes;c__Bacteroidia;o__Bacteroidales;f__Rikenellaceae;g__Alistipes;s__Alistipes_finegoldii	-0.00465460676717	-0.0456984305593	-0.0247806898252	-0.00616360901649	0.0064020496372	0.0470588471077	-0.0124266795475	-0.0360771421158	1.0	-0.0213097744763	-0.0479688223442	0.0368428460026	-0.0229236667085	-0.0281029726496	-0.0426452143087	0.0658058212802	-0.0139331290906	-0.049099184776	-0.0283319128051	-0.00125291409281	-0.0365338237247	0.0226533904851	0.00779563357877	-0.0246926755163	0.00115919892287	0.00791570770963	0.0183366045926	-0.00853505355675	0.0309506487637	-0.0507035376986	-0.00450733897116	-0.0143922905198	-0.00970628737998	0.0113206331192	0.0215229185055	0.0226406571299	0.0155891085586	0.0150817053071	-0.0245803459894	0.00821799537824	0.00692978902001	-0.0627958190189	0.0322058349767	-0.0106855476056	-0.0190366357669	-0.0142009383081	-0.0128663264985	-0.0390633297301	0.00530491107756	0.0145841191488	-0.0410270193161	0.0434888044527	0.0151345325781	-0.0220454000022	-0.0174211462273	-0.00807405218176	0.0886150585404	0.0252897928485	-0.0137048248931
k__Bacteria;p__Bacteroidetes;c__Bacteroidia;o__Bacteroidales;f__Porphyromonadaceae;g__Parabacteroides;s__Parabacteroides_distasonis	0.029707968208	0.0114326575	-0.0197171689087	-0.0224531035647	0.0604411414611	0.0279012753604	-0.051951649887	0.0215199350806	-0.0213097744763	1.0	-0.0136875056932	0.00320755152429	0.0436270517696	0.0266640547791	0.0362559091461	0.0340948378306	-0.00658417706524	-0.00782525660878	-0.0143061309982	0.0033854380031	0.0374503370909	-0.0100465876578	0.00580779744593	-0.0286270858326	0.0840922155026	-0.00468068966912	-0.0369360245109	0.0143648441995	0.00967456292397	-0.0186946316021	0.0194237704433	-0.0212874730097	-0.0210042396657	0.0150786696097	-0.0196519445818	-0.0264930367331	-0.046246762733	-0.0375723071601	-0.0296119626876	0.0219631650489	-0.00334432383966	0.0154492251338	-0.0038738206977	-0.0386834640689	-0.0076409268878	-0.0680366602282	0.0208697933962	0.0270056870462	-0.0158234921047	-0.0317427532744	-0.0520283421982	-0.0320225207353	0.0431903420009	-0.0276450888818	0.0241123894457	0.00248043094073	0.0469099685835	0.0226093483698	-0.0100168861056
k__Bacteria;p__Bacteroidetes;c__Bacteroidia;o__Bacteroidales;f__Bacteroidaceae;g__Bacteroides;s__Bacteroides_thetaiotaomicron	-0.0153759800583	-0.0152073218821	-0.044599578825	0.00542986433793	0.0311749527823	0.0110446765464	0.0171633504874	-0.0274589096346	-0.0479688223442	-0.0136875056932	1.0	0.0249674316628	0.00145651862052	-0.000793592707653	0.0597308914379	0.0462066616252	-0.0260797949848	-0.00589179763938	0.00639634460438	0.0115187414908	0.0126262536619	-0.0377905884311	-0.0480000914157	-0.0423716843272	-0.0448140853596	0.0501817023086	-0.0420767016045	0.00580562297524	-0.00393094163098	-0.0286628871625	-0.0611975922044	0.00850349234061	0.0326113078496	0.0278599645658	-0.00877336200694	0.0305288470458	-0.0253396108244	-0.0689974589205	0.0331760700586	0.0138120034823	0.0433104263548	0.00907301259044	0.0044091284528	-0.0030062804982	-0.0260096185933	-0.00537810197103	0.0428505213648	0.0132043664878	-0.0184354566765	-0.0800351086114	0.0334622034217	-0.00578986099715	-0.000152809937022	-0.0357630336776	0.032601944132	-0.0188053848322	-0.0451826328734	0.047140711866	0.0590008576989
k__Bacteria;p__Bacteroidetes;c__Bacteroidia;o__Bacteroidales;f__Bacteroidaceae;g__Bacteroides;s__Bacteroides_coprocola	0.00440442805235	-0.0357604822142	0.0118492127582	-0.0379969964381	-0.0176612757443	-0.0293389894672	0.00701594349929	0.0208303778376	0.0368428460026	0.00320755152429	0.0249674316628	1.0	0.0134426890153	0.0403722962737	-0.0311978282739	-0.0284092031659	0.0383005465308	-0.023351428181	0.0355195862726	-0.0299178902694	0.00817477173568	0.0312106422625	-0.0459111562162	-0.00258875912818	0.00632543045194	0.0116573618156	0.00471626880219	0.00553437439878	-0.0328034006566	-0.024366157475	-0.00390808829826	-0.00406220641097	-0.003756104331	-0.0670919828016	-0.00323074722802	-0.00706969296566	0.0121991293856	-0.0171105296094	-0.0638358846679	0.0179588316932	-0.094971800529	-0.000497084177635	0.0109474360788	-0.0120603779738	-0.022072138683	-0.012880391592	0.0471712641669	0.0330328203493	-0.0381067300252	0.0296227441622	0.0238355542046	0.0556682217186	-0.0622059395155	0.00288168962838	-0.015703808359	0.00947155060624	0.0179100489775	0.038000225019	-0.0986493733646
k__Bacteria;p__Bacteroidetes;c__Bacteroidia;o__Bacteroidales;f__Bacteroidaceae;g__Bacteroides;s__Bacteroides_cellulosilyticus	0.0351814237472	0.0337914309152	-0.0437835745799	-0.0166303891877	-0.0663423003175	-0.0317050810327	-0.0225322887795	0.0025308829381	-0.0229236667085	0.0436270517696	0.00145651862052	0.0134426890153	1.0	0.00363332101487	-0.00182678790975	-0.0460660879185	0.037006954766	0.0380237862028	-0.00798193705641	-0.0398752014829	-0.0642282851461	-0.00971583747091	-0.0788960447248	-0.0155833900626	-0.0255087069646	-0.0171123713524	-0.0348584259919	2.15629364563e-05	0.00557032018259	-0.0783141033682	0.0579760136073	-0.0469174783105	-0.0148823475588	0.012410251051	-0.00491505845057	-0.0728400434466	-0.0299494750026	-0.047653444992	0.0147338018352	-0.0287656939767	0.00198424190798	0.0118364860594	0.0331377362795	-0.034313924796	0.0197509115501	0.0633232992612	-0.0224311733518	0.0177189268089	0.0279886395277	-0.00212941580043	0.0659080677636	-0.00777236186302	-0.0320048176653	-0.0116805041373	0.010213450638	-0.0266620082053	-0.0423439791823	-0.00361691631525	0.0254843990823
k__Bacteria;p__Bacteroidetes;c__Bacteroidia;o__Bacteroidales;f__Rikenellaceae;g__Alistipes;s__Alistipes_obesi	-0.0221069649887	0.0292268094625	-0.0128198927033	-0.0783371969638	0.00611711795739	-0.05566631538	0.0109284414434	0.00210988350049	-0.0281029726496	0.0266640547791	-0.000793592707653	0.0403722962737	0.00363332101487	1.0	0.0376123063984	-0.0150631433572	-0.0462980090346	0.0325689547014	4.76808496794e-05	0.00149961506844	0.0318850776234	0.0511926204815	-0.0110896876075	-0.0301732119576	-0.00621226587985	-0.0418884815334	-0.0167185412023	0.0263042488162	0.0259911050677	0.0768927150988	0.00773035374179	-0.0175898309716	0.0156179550849	0.0269989794514	-0.0139575256126	-0.0276965816992	-0.0224392628366	0.00550161299376	0.00725819337604	0.0564128546038	-0.0242047586415	-0.0447195175513	-0.0569556736834	0.00792282497986	-0.0194738953115	-0.0414161356125	-0.060901440821	0.00149393896803	-0.0562662064345	0.0222172605896	0.0471968918772	0.00565814974081	-0.0533115668576	-0.0311125915777	0.0229563960563	-0.0396232479312	0.0132350098625	0.0258349469379	-0.0432483331024
k__Bacteria;p__Firmicutes;c__Clostridia;o__Clostridiales;f__Lachnospiraceae;g__;s__[Eubacterium]_rectale	0.0130501096442	-0.01490218992	0.0251921384668	-0.00933159624874	0.0617848116839	-0.0358996141735	-0.0616431813216	-0.0291490661769	-0.0426452143087	0.0362559091461	0.0597308914379	-0.0311978282739	-0.00182678790975	0.0376123063984	1.0	-0.0359089275076	0.0242420734523	-0.0283059173621	-0.043625532316	-0.0328908397126	0.00506032324687	-0.0348835483398	0.0739351300123	-0.0290717219247	-0.0481861896315	-0.00773807325342	-0.0260834448936	-0.000224343277541	0.0433765250482	0.0282568408407	-0.0386320095273	-0.0164912068004	-0.000835438569938	0.00345279737961	-0.027240221169	0.0516207351316	0.0144386627438	-0.0515791207218	0.00746581964556	-0.00573967190551	0.0431135682308	-0.0665093473177	-0.0551620869932	0.0241496867419	-0.0696658090523	0.057354824362	0.00964815868657	0.0191445781999	-0.00143128216589	-0.0171438233636	-0.00851462699336	0.0250254910338	-0.0479327437582	-0.0189026880406	-0.0456858899535	-0.0225890759546	-0.015164149817	0.0165788874201	-0.013926826988
k__Bacteria;p__Bacteroidetes;c__Bacteroidia;o__Bacteroidales;f__Bacteroidaceae;g__Bacteroides;s__Bacteroides_plebeius	-0.00111648466471	-0.0269772478064	-0.0690457047936	-0.0479954540537	-0.0604017581346	-0.0126676691545	0.0330947715969	-0.0198978903189	0.0658058212802	0.0340948378306	0.0462066616252	-0.0284092031659	-0.0460660879185	-0.0150631433572	-0.0359089275076	1.0	-0.0497013678144	-0.0390357331607	-0.0077177436557	0.0109319975162	-0.00110102945515	-0.0282258763858	-0.0602683205938	0.00863148145067	-0.0164230114513	-0.025610267619	-0.00207793712167	-0.0194696694779	0.016073860325	0.0339170171351	0.027660714849	0.0453368706388	-0.0144458554394	0.0530331768383	0.00115430371256	-0.00978145368516	-0.00748982071467	-0.0108110636146	-0.000748190762749	-0.0662157944874	0.0295390290916	0.0399010977049	-0.0195131067522	-0.0236589880749	-0.079937823122	0.0116347605989	-0.0229093874793	-0.0538377131969	-0.0477103777126	0.0319840661043	-0.0239119073587	0.0179573880061	0.0114586496456	-0.00489119822745	-0.0364671422871	0.0483429735317	0.0133119698634	0.0331278961779	0.016906565714
k__Bacteria;p__Bacteroidetes;c__Bacteroidia;o__Bacteroidales;f__Bacteroidaceae;g__Bacteroides;s__Bacteroides_fragilis	-9.99340488434e-05	0.0448315253577	-0.0317834203118	-0.0133676795209	-0.0357690931147	-0.0130022232212	-0.0051159741998	-0.00340575085155	-0.0139331290906	-0.00658417706524	-0.0260797949848	0.0383005465308	0.037006954766	-0.0462980090346	0.0242420734523	-0.0497013678144	1.0	0.0794105991903	-0.0298957883482	-0.0258830814995	-0.0405249230065	-0.0153323354988	-0.0126008233006	0.0331800669753	-0.0288040330335	0.0137400857918	-0.0610563846805	-0.0842347268412	-0.0160858759314	0.00622897128712	-0.006691955203	0.0765930110358	0.0104235249742	0.00333581750172	-0.0380749236822	-0.0315650527121	0.035406341147	-0.00800323145386	0.0107601157233	0.0389677775027	-0.0155779608225	-0.0548357837462	-0.0361505348608	-0.00826731653275	0.0251444507864	0.0169451145909	0.0235341003847	-0.0216039013214	0.0180943634683	0.00456851725637	0.0236983825252	-0.00797588358592	0.0121513583832	0.0532470414819	-0.000251146164017	0.0502533282694	0.0503850657341	-0.0478826774644	-0.0253025206851
k__Bacteria;p__Proteobacteria;c__Betaproteobacteria;o__Burkholderiales;f__Sutterellaceae;g__Sutterella;s__Sutterella_wadsworthensis	-0.0226522688997	-0.0487372160166	-0.0795342351393	-0.0475304258513	0.055607128743	0.0159783124844	-0.0394551329807	-0.031121842295	-0.049099184776	-0.00782525660878	-0.00589179763938	-0.023351428181	0.0380237862028	0.0325689547014	-0.0283059173621	-0.0390357331607	0.0794105991903	1.0	0.026495159233	-0.01489545982	-0.0388279219026	0.0012732054566	-0.0233341665145	0.0442729542107	0.00724794403468	-0.0280364989842	0.0160881174653	-0.0488061007796	0.00921032461011	-0.0212012781719	-0.00765273992116	-0.0127196214985	0.0801772250761	0.0183284883845	-0.0508499051786	-0.0340142758515	-0.00774335385749	-0.00376998531535	0.0248171284824	0.00931804517503	-0.00330934956431	0.0295197100706	0.0115687916291	-0.0130156048133	0.0120592538453	-0.0241403320892	0.0437004684825	-0.0124800900533	0.0480572281055	0.0114067038738	-0.0248213834196	0.0105747611506	0.0171822908177	0.00926639778813	-0.00265591864141	0.0259522404038	-0.00695446097154	-0.090861018306	-0.0399201321897
k__Bacteria;p__Bacteroidetes;c__Bacteroidia;o__Bacteroidales;f__Porphyromonadaceae;g__Barnesiella;s__Barnesiella_intestinihominis	-0.0093689378081	-0.0619508077984	-0.00404590019066	0.0420266937587	-0.0190793415381	-0.00389784357629	-0.0118569395288	-0.0135839814874	-0.0283319128051	-0.0143061309982	0.00639634460438	0.0355195862726	-0.00798193705641	4.76808496794e-05	-0.043625532316	-0.0077177436557	-0.0298957883482	0.026495159233	1.0	0.00480086946509	-0.0559247995276	-0.0154808111828	0.014076991409	-0.00410116506831	0.00587463880893	0.0275162009001	-0.0286721301282	-0.0368654940103	-0.0275789134076	0.00263981269156	0.0105659603996	0.00385638935595	-0.0640952326445	-0.0609024229295	0.00190077069676	-0.0420662609311	0.0354544704949	0.0078256552779	-0.0105163579939	-0.0365103263405	0.0209081316001	-0.0198299763007	-0.0251803243136	-0.0105590848758	-0.0091587675424	-0.0178821973615	-0.0212256503609	0.042134479077	-0.0145295000942	-0.0543333478533	-0.0207978080407	-0.0213382661171	0.0551301169726	0.0414422950968	-0.0278519025983	0.0278202376523	-0.0212690961651	0.0407845671167	0.035300567146
k__Bacteria;p__Bacteroidetes;c__Bacteroidia;o__Bacteroidales;f__Odoribacteraceae;g__Odoribacter;s__Odoribacter_splanchnicus	0.0307337156945	0.0140555485371	-0.00511701683632	0.0808816619653	0.00890239706055	-0.0152059645608	-0.0557269379611	0.0269873739218	-0.00125291409281	0.0033854380031	0.0115187414908	-0.0299178902694	-0.0398752014829	0.00149961506844	-0.0328908397126	0.0109319975162	-0.0258830814995	-0.01489545982	0.00480086946509	1.0	-0.010715672833	-0.0333613927552	-0.0431891855239	-0.0272945622202	-0.0190631444865	-0.000743458120583	0.010104405928	0.00716609739272	-0.0392912857324	0.00239328651861	0.00333608674395	0.0155394838866	0.0127228181684	-0.0204662806214	-0.000338289533681	0.0292418355111	0.0293852741799	0.0787185788663	-0.00712426926185	-0.031673237964	0.0781412561165	-0.042614375995	0.0171566756249	-0.00325576075655	-0.0452854159946	-0.019739613199	-0.0476066018519	-0.0285615492282	0.0107809945593	-0.0431379458128	-0.00630802131336	-0.0391533534456	0.0323017929795	-0.0038753592906	0.0245809980483	0.000699776835554	0.0177270467193	0.022472353608	0.0194755071904
k__Bacteria;p__Bacteroidetes;c__Bacteroidia;o__Bacteroidales;f__Bacteroidaceae;g__Bacteroides;s__Bacteroides_salyersiae	0.025995241554	0.0188752908549	-4.92154929307e-05	-0.0290266660624	0.0323795253608	-0.073389416986	0.0409411044793	0.0452099323837	-0.0365338237247	0.0374503370909	0.0126262536619	0.00817477173568	-0.0642282851461	0.0318850776234	0.00506032324687	-0.00110102945515	-0.0405249230065	-0.0388279219026	-0.0559247995276	-0.010715672833	1.0	-0.030145110822	-0.0348993552202	-0.0170994598855	-0.0105446485833	0.0248895601449	-0.0364080526565	0.00541711426093	0.0131722379503	0.0780237798667	0.0582023755467	-0.0411735468807	-0.00234852727697	-0.0128040930754	0.00808719851085	-0.0364370963539	-0.00287738820376	-0.00913704383929	0.00723729316118	0.00845643898893	0.0123268658827	0.0345791137191	-0.0583584577105	0.019545152171	0.0472155230476	0.000385894141653	0.00762016186813	-0.0568018851671	-0.0796382220622	-0.00899748855614	-0.0617834653612	-0.0478102933535	-0.0912334647656	0.0644436286356	-0.0103209681076	0.0263732762695	-0.0578393756622	-0.0108301061922	0.00701053449684
k__Bacteria;p__Firmicutes;c__Clostridia;o__Clostridiales;f__Ruminococcaceae;g__Ruminiclostridium;s__[Eubacterium]_siraeum	0.0448893188122	-0.0377785222092	-0.028736740436	-0.0285189425837	-0.0200389911409	-0.0608764532637	0.0228303451632	-0.00237217997221	0.0226533904851	-0.0100465876578	-0.0377905884311	0.0312106422625	-0.00971583747091	0.0511926204815	-0.0348835483398	-0.0282258763858	-0.0153323354988	0.0012732054566	-0.0154808111828	-0.0333613927552	-0.030145110822	1.0	-0.0179753200822	-0.0235447912778	0.0136413201806	0.0105948162108	-0.0158228255441	0.0509182596834	0.0224892574376	0.00134585417868	0.030584564842	-0.0394372727171	-0.0348414771886	-4.65213074763e-05	0.00388497550206	0.0120506217981	0.00236824046261	-0.0340571425163	-0.0207814673281	-0.00653040291291	-0.0091832048899	-0.013137053029	0.0500758283051	0.0191999482349	-0.00312317087884	-0.0479088586043	0.043669932758	0.00703446826626	0.0262199637435	0.0145804871612	0.0127270663419	-0.0462773300245	0.0249878590521	-0.0535929464603	-0.0446593230567	-0.0174259376163	0.0552231806175	-0.0114513347633	0.0197934846116
k__Bacteria;p__Proteobacteria;c__Betaproteobacteria;o__Burkholderiales;f__Sutterellaceae;g__Parasutterella;s__Parasutterella_excrementihominis	0.00122681462287	0.00405955091281	-0.0367922667476	-0.0116233001389	-0.0164174747592	-0.0171216364713	-0.0373622055551	-0.0136202560349	0.00779563357877	0.00580779744593	-0.0480000914157	-0.0459111562162	-0.0788960447248	-0.0110896876075	0.0739351300123	-0.0602683205938	-0.0126008233006	-0.0233341665145	0.014076991409	-0.0431891855239	-0.0348993552202	-0.0179753200822	1.0	-0.00240967040656	-0.0349640552564	0.0321143966126	-0.0088365688699	-0.0275117377682	-0.0228148419652	0.00401084616614	0.00620408116292	-0.0499879374293	-0.00979034068159	-0.0138816635354	-0.0658666130926	-0.0185138980871	-0.0194186612884	0.0149632056071	-0.0233113480209	-0.0265224305288	0.0159470901165	0.0296684361911	-0.0264743912916	-0.00173291152438	-0.0171761362175	-0.0151730803187	0.0230088589941	0.0368525898804	-0.0205877577072	0.0426736235922	0.0195636407315	-0.0328066036522	0.0200353731906	-0.0173000725174	0.0266764992405	-0.04301349376	0.0383567789138	-0.00557089338378	-0.0321064622406
k__Bacteria;p__Actinobacteria;c__Actinobacteria;o__Bifidobacteriales;f__Bifidobacteriaceae;g__Bifidobacterium;s__Bifidobacterium_adolescentis	-0.0251397689255	-0.0136723299431	-0.014572013993	-0.0206815859447	0.00129282770864	0.0168858602841	0.0032269600435	-0.0501356952699	-0.0246926755163	-0.0286270858326	-0.0423716843272	-0.00258875912818	-0.0155833900626	-0.0301732119576	-0.0290717219247	0.00863148145067	0.0331800669753	0.0442729542107	-0.00410116506831	-0.0272945622202	-0.0170994598855	-0.0235447912778	-0.00240967040656	1.0	-0.0167233751733	-0.00820142693058	-0.0227911279925	-0.0192127383501	0.028656075938	0.0128296149571	-0.0220872404101	-0.0265074596843	-0.00894971208647	-0.00855166837022	-0.00664766005383	-0.00714892829307	-0.00655053356018	0.0333241263475	-0.0138388391185	0.00467412631225	0.0113633480447	0.0659764681947	0.0434908675168	-0.0273598410443	-0.122631008657	0.0168701010295	-0.00302003563449	-0.039466821523	-0.0281676807696	0.000885550214624	0.0578816742684	0.067525060576	-0.00645298227323	-0.0360746529747	0.0375681989549	-0.0510121808724	-0.00424476861016	-0.00763349375989	-0.0457258410957
k__Bacteria;p__Firmicutes;c__Clostridia;o__Clostridiales;f__Oscillospiraceae;g__Oscillibacter;s__Oscillibacter_sp._KLE_1745	-0.0370387682118	-0.00972717087576	-0.0317031144884	0.0326079517658	0.0106451960108	0.0267873032453	-0.0288693898858	0.0246303949393	0.00115919892287	0.0840922155026	-0.0448140853596	0.00632543045194	-0.0255087069646	-0.00621226587985	-0.0481861896315	-0.0164230114513	-0.0288040330335	0.00724794403468	0.00587463880893	-0.0190631444865	-0.0105446485833	0.0136413201806	-0.0349640552564	-0.0167233751733	1.0	-0.0110749534872	-0.0128035191915	-0.0211208595731	0.0121598716674	0.0509961600508	-0.0120426705836	0.0066408956005	-0.0186976863627	0.0358029255094	-0.0316671224656	-0.0157355210044	-0.00621979895377	0.0665396502096	-0.0129239324837	-0.0026631656958	0.00269694636927	0.0301915201724	-0.0342360015156	-0.05142797063	-0.0271170404117	-0.0192243682106	-0.0197271511485	0.013023220026	-0.068200705844	-0.0122942188273	-0.00241772391718	-0.0706626186681	-0.000329793495149	0.0110375005529	0.00857563399001	0.0145610794383	-0.0173784147108	-0.0258198765188	-0.0488672550247
k__Bacteria;p__Bacteroidetes;c__Bacteroidia;o__Bacteroidales;f__Bacteroidaceae;g__Bacteroides;s__Bacteroides_coprophilus	-0.0284587380895	0.0469397976373	-0.0306560641531	-0.0145130087742	-0.0302886825607	0.0441729483248	0.0520374106842	-0.0452129321042	0.00791570770963	-0.00468068966912	0.0501817023086	0.0116573618156	-0.0171123713524	-0.0418884815334	-0.00773807325342	-0.025610267619	0.0137400857918	-0.0280364989842	0.0275162009001	-0.000743458120582	0.0248895601449	0.0105948162108	0.0321143966126	-0.00820142693058	-0.0110749534872	1.0	-0.00944972669953	-0.0408342874438	-0.0134966351952	-0.0322370897417	-0.00665913109016	-0.0464292270744	-0.0319124521117	-0.0476117455611	-0.0271363743196	-0.0200336566661	-0.0123750640699	-0.044037508184	0.0390301278442	0.00492226189483	-0.0255315296846	-0.0250557952271	-0.0122060081721	0.0702255164741	0.0236555968435	-0.0401697401373	0.0221311145223	-0.00484464949476	0.0361976261652	0.0275322267606	-0.000189084940991	0.0178024810714	-0.0939647873925	-0.0183996397324	-0.0254641597451	0.0152180787356	-0.0143009175303	-0.0113613450754	0.0461212876568
k__Bacteria;p__Firmicutes;c__Clostridia;o__Clostridiales;f__Lachnospiraceae;g__Roseburia;s__Roseburia_intestinalis	-0.0670245813309	0.00262841854693	-0.0260396052788	-0.026679792924	-0.00572560485026	-0.0182268861967	0.0166681809382	0.0357658594926	0.0183366045926	-0.0369360245109	-0.0420767016045	0.00471626880219	-0.0348584259919	-0.0167185412023	-0.0260834448936	-0.00207793712167	-0.0610563846805	0.0160881174653	-0.0286721301282	0.010104405928	-0.0364080526565	-0.0158228255441	-0.0088365688699	-0.0227911279925	-0.0128035191915	-0.00944972669952	1.0	0.0271731883996	-0.00524886840318	0.0388048939624	-0.0296508929424	-0.0274562363886	-0.000231864247388	0.0579882246187	0.0100185297675	-0.0359743559009	-0.0300609353563	-0.0304723174971	-0.0516329166227	0.0534483322065	-0.0282133636874	9.11641772714e-05	-0.0121371852325	0.00505486369124	0.0890864171052	-0.0246297667885	-0.00544354496778	-0.00161131523342	0.0249422161393	-0.0397367587845	0.0339125149766	-0.0378439181821	0.00915473566833	-0.0262283485059	-0.0133823023663	-0.0539964203429	-0.00201534940566	-0.0734288271548	-0.00613909042822
k__Bacteria;p__Firmicutes;c__Clostridia;o__Clostridiales;f__Lachnospiraceae;g__Roseburia;s__Roseburia_hominis	0.0137250856159	0.0323069711302	0.0612613930021	0.00437147186997	-0.0100545145321	0.0371478882173	-0.0353106710496	0.000215172224841	-0.00853505355675	0.0143648441995	0.00580562297524	0.00553437439878	2.15629364562e-05	0.0263042488162	-0.000224343277541	-0.0194696694779	-0.0842347268412	-0.0488061007796	-0.0368654940103	0.00716609739272	0.00541711426092	0.0509182596834	-0.0275117377682	-0.0192127383501	-0.0211208595731	-0.0408342874438	0.0271731883996	1.0	-0.0459499491372	-0.0083448931147	-0.0609893923652	0.0229028555819	-0.00172382764235	-0.0423985835502	-0.0454011404464	0.0427455021412	0.00860013133319	-0.0472238730304	0.0113712560344	0.00863790381558	-0.0116671787466	0.0387415245165	0.0104431263523	0.0140795981965	-0.0140589066186	0.00915017898676	-0.0176110011257	-0.00658184857579	-0.0254623663335	-0.0075021408502	-0.00256325919995	0.0305305839271	0.00307718256325	-0.00647660270578	-0.0219669410652	-0.0994078898908	-0.0330718396181	0.000498469442799	-0.00578100172185
k__Bacteria;p__Bacteroidetes;c__Bacteroidia;o__Bacteroidales;f__Porphyromonadaceae;g__Parabacteroides;s__Parabacteroides_johnsonii	0.0252735445269	-0.00128875902948	-0.0271768695776	0.00788016742209	-0.0343575038827	-0.0702340219785	0.0143336040512	-0.051256207656	0.0309506487637	0.00967456292397	-0.00393094163098	-0.0328034006566	0.00557032018259	0.0259911050677	0.0433765250482	0.016073860325	-0.0160858759314	0.00921032461011	-0.0275789134076	-0.0392912857324	0.0131722379503	0.0224892574376	-0.0228148419652	0.028656075938	0.0121598716674	-0.0134966351952	-0.00524886840318	-0.0459499491372	1.0	-0.0255860058216	-0.0144662311502	-0.0347805965742	0.00697262080758	-0.00756438667723	-0.0493688142733	0.0444672995875	0.00181060672798	-0.01002633981	-0.0133366044771	-0.0174632776865	-0.00833582322284	0.0536949382237	-0.0155351311623	-0.0121126853345	-0.0434057241609	0.0509550013264	-0.0224642578869	-0.0112119769869	0.0566906298699	0.0135204369941	-0.0517924851996	0.0239170741989	-0.0171288000699	-0.00492717987099	-0.0103161421111	0.029313663862	-0.0419038328003	-0.00605884782786	-0.0539303275423
k__Bacteria;p__Actinobacteria;c__Actinobacteria;o__Bifidobacteriales;f__Bifidobacteriaceae;g__Bifidobacterium;s__Bifidobacterium_longum	-0.0781252953548	0.0133552645975	-0.0169508539409	5.3184241151e-05	-0.00244214617022	-0.0368671324589	-0.0449231032237	-0.0614711788326	-0.0507035376986	-0.0186946316021	-0.0286628871625	-0.024366157475	-0.0783141033682	0.0768927150988	0.0282568408407	0.0339170171351	0.00622897128712	-0.0212012781719	0.00263981269156	0.00239328651861	0.0780237798667	0.00134585417868	0.00401084616614	0.0128296149571	0.0509961600508	-0.0322370897417	0.0388048939624	-0.0083448931147	-0.0255860058216	1.0	0.016151272308	-0.00324589090687	-0.0485409041804	0.0146889715824	0.0670245722875	0.00607033973804	0.0428525746077	0.0123843124293	-0.0288512669296	-0.0346800926651	-0.0217445309624	-0.0112356861907	-0.0216513637088	0.0400116445845	-0.0429037923163	-0.00288360429031	-0.0399834855471	-0.061853396422	0.020616167007	-0.0591642042387	-0.0112229401679	-0.00762614724981	-0.0309856909749	-0.0129471588307	-0.00610048286722	0.00847520157436	0.0114446963022	-0.00712000010284	0.0193220217584
