#taxonomy	k__Bacteria;p__Bacteroidetes;c__Bacteroidia;o__Bacteroidales;f__Bacteroidaceae;g__Bacteroides;s__Bacteroides_vulgatus	k__Bacteria;p__Bacteroidetes;c__Bacteroidia;o__Bacteroidales;f__Bacteroidaceae;g__Bacteroides;s__Bacteroides_uniformis	k__Bacteria;p__Bacteroidetes;c__Bacteroidia;o__Bacteroidales;f__Rikenellaceae;g__Alistipes;s__Alistipes_putredinis	k__Bacteria;p__Bacteroidetes;c__Bacteroidia;o__Bacteroidales;f__Prevotellaceae;g__Prevotella;s__Prevotella_copri	k__Bacteria;p__Bacteroidetes;c__Bacteroidia;o__Bacteroidales;f__Bacteroidaceae;g__Bacteroides;s__Bacteroides_stercoris	k__Bacteria;p__Bacteroidetes;c__Bacteroidia;o__Bacteroidales;f__Bacteroidaceae;g__Bacteroides;s__Bacteroides_ovatus	k__Bacteria;p__Bacteroidetes;c__Bacteroidia;o__Bacteroidales;f__Rikenellaceae;g__Alistipes;s__Alistipes_shahii	k__Bacteria;p__Firmicutes;c__Clostridia;o__Clostridiales;f__Ruminococcaceae;g__Faecalibacterium;s__Faecalibacterium_prausnitzii	k__Bacteria;p__Bacteroidetes;c__Bacteroidia;o__Bacteroidales;f__Rikenellaceae;g__Alistipes;s__Alistipes_finegoldii	k__Bacteria;p__Bacteroidetes;c__Bacteroidia;o__Bacteroidales;f__Porphyromonadaceae;g__Parabacteroides;s__Parabacteroides_distasonis	k__Bacteria;p__Bacteroidetes;c__Bacteroidia;o__Bacteroidales;f__Bacteroidaceae;g__Bacteroides;s__Bacteroides_thetaiotaomicron	k__Bacteria;p__Bacteroidetes;c__Bacteroidia;o__Bacteroidales;f__Bacteroidaceae;g__Bacteroides;s__Bacteroides_coprocola	k__Bacteria;p__Bacteroidetes;c__Bacteroidia;o__Bacteroidales;f__Bacteroidaceae;g__Bacteroides;s__Bacteroides_cellulosilyticus	k__Bacteria;p__Bacteroidetes;c__Bacteroidia;o__Bacteroidales;f__Rikenellaceae;g__Alistipes;s__Alistipes_obesi	k__Bacteria;p__Firmicutes;c__Clostridia;o__Clostridiales;f__Lachnospiraceae;g__;s__[Eubacterium]_rectale	k__Bacteria;p__Bacteroidetes;c__Bacteroidia;o__Bacteroidales;f__Bacteroidaceae;g__Bacteroides;s__Bacteroides_plebeius	k__Bacteria;p__Bacteroidetes;c__Bacteroidia;o__Bacteroidales;f__Bacteroidaceae;g__Bacteroides;s__Bacteroides_fragilis	k__Bacteria;p__Proteobacteria;c__Betaproteobacteria;o__Burkholderiales;f__Sutterellaceae;g__Sutterella;s__Sutterella_wadsworthensis	k__Bacteria;p__Bacteroidetes;c__Bacteroidia;o__Bacteroidales;f__Porphyromonadaceae;g__Barnesiella;s__Barnesiella_intestinihominis	k__Bacteria;p__Bacteroidetes;c__Bacteroidia;o__Bacteroidales;f__Odoribacteraceae;g__Odoribacter;s__Odoribacter_splanchnicus	k__Bacteria;p__Bacteroidetes;c__Bacteroidia;o__Bacteroidales;f__Bacteroidaceae;g__Bacteroides;s__Bacteroides_salyersiae	k__Bacteria;p__Firmicutes;c__Clostridia;o__Clostridiales;f__Ruminococcaceae;g__Ruminiclostridium;s__[Eubacterium]_siraeum	k__Bacteria;p__Proteobacteria;c__Betaproteobacteria;o__Burkholderiales;f__Sutterellaceae;g__Parasutterella;s__Parasutterella_excrementihominis	k__Bacteria;p__Actinobacteria;c__Actinobacteria;o__Bifidobacteriales;f__Bifidobacteriaceae;g__Bifidobacterium;s__Bifidobacterium_adolescentis	k__Bacteria;p__Firmicutes;c__Clostridia;o__Clostridiales;f__Oscillospiraceae;g__Oscillibacter;s__Oscillibacter_sp._KLE_1745	k__Bacteria;p__Bacteroidetes;c__Bacteroidia;o__Bacteroidales;f__Bacteroidaceae;g__Bacteroides;s__Bacteroides_coprophilus	k__Bacteria;p__Firmicutes;c__Clostridia;o__Clostridiales;f__Lachnospiraceae;g__Roseburia;s__Roseburia_intestinalis	k__Bacteria;p__Firmicutes;c__Clostridia;o__Clostridiales;f__Lachnospiraceae;g__Roseburia;s__Roseburia_hominis	k__Bacteria;p__Bacteroidetes;c__Bacteroidia;o__Bacteroidales;f__Porphyromonadaceae;g__Parabacteroides;s__Parabacteroides_johnsonii	k__Bacteria;p__Actinobacteria;c__Actinobacteria;o__Bifidobacteriales;f__Bifidobacteriaceae;g__Bifidobacterium;s__Bifidobacterium_longum	k__Bacteria;p__Firmicutes;c__Clostridia;o__Clostridiales;f__;g__Flavonifractor;s__Flavonifractor_plautii	k__Bacteria;p__Firmicutes;c__Clostridia;o__Clostridiales;f__Clostridiaceae;g__Clostridium;s__Clostridium_phoceensis	k__Bacteria;p__Verrucomicrobia;c__Verrucomicrobiae;o__Verrucomicrobiales;f__Akkermansiaceae;g__Akkermansia;s__Akkermansia_muciniphila	k__Bacteria;p__Bacteroidetes;c__Bacteroidia;o__Bacteroidales;f__Prevotellaceae;g__Paraprevotella;s__Paraprevotella_xylaniphila	k__Bacteria;p__Firmicutes;c__Clostridia;o__Clostridiales;f__Ruminococcaceae;g__Ruminococcus;s__Ruminococcus_callidus	k__Bacteria;p__Bacteroidetes;c__Bacteroidia;o__Bacteroidales;f__Rikenellaceae;g__Alistipes;s__Alistipes_senegalensis	k__Bacteria;p__Firmicutes;c__Clostridia;o__Clostridiales;f__Lachnospiraceae;g__Blautia;s__Blautia_sp._KLE_1732	k__Bacteria;p__Bacteroidetes;c__Bacteroidia;o__Bacteroidales;f__Bacteroidaceae;g__Bacteroides;s__Bacteroides_oleiciplenus	k__Bacteria;p__Firmicutes;c__Clostridia;o__Clostridiales;f__Ruminococcaceae;g__Ruminococcus;s__Ruminococcus_bicirculans	k__Bacteria;p__Bacteroidetes;c__Bacteroidia;o__Bacteroidales;f__Bacteroidaceae;g__Bacteroides;s__Bacteroides_fluxus	k__Bacteria;p__Bacteroidetes;c__Bacteroidia;o__Bacteroidales;f__Prevotellaceae;g__Prevotella;s__Prevotella_stercorea	k__Bacteria;p__Firmicutes;c__Clostridia;o__Clostridiales;f__Lachnospiraceae;g__Dorea;s__Dorea_longicatena	k__Bacteria;p__Firmicutes;c__Clostridia;o__Clostridiales;f__Eubacteriaceae;g__Eubacterium;s__[Eubacterium]_eligens	k__Bacteria;p__Firmicutes;c__Clostridia;o__Clostridiales;f__Ruminococcaceae;g__;s__Ruminococcaceae_bacterium_D16	k__Bacteria;p__Firmicutes;c__Clostridia;o__Clostridiales;f__Lachnospiraceae;g__Coprococcus;s__Coprococcus_comes	k__Bacteria;p__Proteobacteria;c__Gammaproteobacteria;o__Enterobacterales;f__Enterobacteriaceae;g__Escherichia;s__Escherichia_coli	k__Bacteria;p__Firmicutes;c__Clostridia;o__Clostridiales;f__Ruminococcaceae;g__Anaerotruncus;s__Anaerotruncus_colihominis	k__Bacteria;p__Firmicutes;c__Clostridia;o__Clostridiales;f__Lachnospiraceae;g__Blautia;s__Blautia_obeum	k__Bacteria;p__Bacteroidetes;c__Bacteroidia;o__Bacteroidales;f__Odoribacteraceae;g__Odoribacter;s__Odoribacter_laneus	k__Bacteria;p__Firmicutes;c__Clostridia;o__Clostridiales;f__Ruminococcaceae;g__Ruminiclostridium;s__[Clostridium]_leptum	k__Bacteria;p__Bacteroidetes;c__Bacteroidia;o__Bacteroidales;f__Porphyromonadaceae;g__Parabacteroides;s__Parabacteroides_goldsteinii	k__Bacteria;p__Firmicutes;c__Clostridia;o__Clostridiales;f__Lachnospiraceae;g__Anaerostipes;s__Anaerostipes_hadrus	k__Bacteria;p__Firmicutes;c__Clostridia;o__Clostridiales;f__Ruminococcaceae;g__Ruminococcus;s__Ruminococcus_lactaris	k__Bacteria;p__Firmicutes;c__Clostridia;o__Clostridiales;f__Clostridiaceae;g__Clostridium;s__Clostridium_sp._L2-50	k__Bacteria;p__Firmicutes;c__Clostridia;o__Clostridiales;f__Clostridiaceae;g__Clostridium;s__Clostridium_sp._M62/1	k__Bacteria;p__Firmicutes;c__Clostridia;o__Clostridiales;f__;g__Intestinimonas;s__Intestinimonas_butyriciproducens	k__Bacteria;p__Actinobacteria;c__Actinobacteria;o__Bifidobacteriales;f__Bifidobacteriaceae;g__Bifidobacterium;s__Bifidobacterium_bifidum	k__Bacteria;p__Firmicutes;c__Negativicutes;o__Veillonellales;f__Veillonellaceae;g__Dialister;s__Dialister_invisus	k__Bacteria;p__Bacteroidetes;c__Bacteroidia;o__Bacteroidales;f__Bacteroidaceae;g__Bacteroides;s__Bacteroides_salanitronis
k__Bacteria;p__Bacteroidetes;c__Bacteroidia;o__Bacteroidales;f__Bacteroidaceae;g__Bacteroides;s__Bacteroides_vulgatus	1.0	0.00724267897034	-0.0182013114275	0.00675724432058	-0.0463927412545	0.0119032191926	0.0263850726368	-0.019379880249	-0.0131320295098	0.0105999523809	-0.0140420554685	0.023123718214	-0.00603418948688	0.0635368949973	-0.0381045460386	0.0254306151637	-0.0453263832014	0.0223457186457	0.0128550197176	0.000558461902274	-0.0417326938108	0.0336865671709	0.0257167331006	-0.0605091995008	0.0128109825281	-0.0514330442951	0.00361544797869	-0.0676393018126	0.00627179086652	0.00925580287994	-0.0137743595837	-0.00202592686837	-0.0163082108943	-0.0450320171659	-0.0218754868124	-0.00302872332199	0.00744604903111	0.0292590644409	0.0478446462261	0.0225774364295	0.0483247100669	0.0154097260574	0.0327544050395	0.000431024803722	0.0319386599017	-0.0305690852909	0.00139353575499	0.0150214130819	-0.000203714665642	0.0170340988899	-0.0594068682408	-0.0483410609499	-0.0464256072591	-0.0541433331816	-0.00641462629039	-0.0361315786195	-0.0408303557473	-0.0170348047752	0.0634523416434
k__Bacteria;p__Bacteroidetes;c__Bacteroidia;o__Bacteroidales;f__Bacteroidaceae;g__Bacteroides;s__Bacteroides_uniformis	0.00724267897034	1.0	-0.00862512064502	-0.0250890486054	0.0512136778724	0.0490419149055	-0.0214343040622	-0.0443173328361	0.00152728303559	-0.0333503717592	0.0453827246905	-0.0371839872875	-0.00934438258831	0.0410143043457	0.00576005599509	-0.0312808155263	-0.0407652522708	-0.0643091362767	-0.0562357793982	0.0337330451064	-0.0163609446574	0.0190648486189	0.00486832785134	-0.0147043291484	-0.0616248322376	0.00862661061696	0.00423291103716	-0.0275752001756	-0.00242304353856	0.0260305685845	-0.00167183093055	0.00448046046436	-0.0196526899635	-0.013899820738	-9.67898315945e-05	0.0326651143332	0.0248691244659	-0.00293354130962	-0.0364560149348	-0.00354556544236	0.00466376812525	0.0365394435368	-0.00304513348198	0.009560130032	-0.0382040058538	0.00487344809266	-0.0689156258593	-0.0607329764978	-0.0675140627513	-0.00223529193648	-0.00298448743601	0.00258172854951	-0.0727192571614	-0.00164860390309	-0.0418920965831	0.0318536314602	-0.0265673270312	0.0195020026253	-0.0054459426706
k__Bacteria;p__Bacteroidetes;c__Bacteroidia;o__Bacteroidales;f__Rikenellaceae;g__Alistipes;s__Alistipes_putredinis	-0.0182013114275	-0.00862512064502	1.0	0.000485765437776	-0.0431208958675	-0.0404337721253	-0.0142233481762	-0.00155716975295	-0.0626826278394	-0.0222496916132	0.0392770011544	0.00315558591698	-0.0381000477119	0.0419300823315	0.00468146961749	-0.0201909126807	-0.0192908956385	-0.0337931928041	0.0522659475156	0.014869245106	-0.0171223778825	-0.011816146913	0.0154317488691	0.0563775512734	0.0201826582105	0.0617815104282	-0.0156573923042	-0.0214864680467	-0.0276255637394	-0.0323852307145	-0.00984537990123	-0.0291788430305	0.0129727774583	-0.0243180738602	-0.00996254160569	0.0129597921217	0.0079429274363	-0.0223502512805	-0.00867808881554	0.0115167249899	0.0642287935619	-0.0348137583288	0.0202735747852	0.0144081186372	0.0549712704411	0.0106730187746	-0.088134249528	-0.0360876665624	-0.0654688519461	-0.0313440301392	0.0178771118168	-0.000834103606673	0.0351515817941	-0.0422982829946	-0.0184719835461	-0.0119784453987	-0.0296024771485	0.0504945426523	0.0261189153391
k__Bacteria;p__Bacteroidetes;c__Bacteroidia;o__Bacteroidales;f__Prevotellaceae;g__Prevotella;s__Prevotella_copri	0.00675724432058	-0.0250890486054	0.000485765437776	1.0	-0.0346390857955	-0.0536666880926	0.0132381718276	-0.0716349011977	0.039711804824	-0.00403668955912	-0.0395996903591	0.0339676110532	-0.00943459146427	0.0580495868376	0.000919990155286	0.0640301618095	-0.00978390737154	0.00944523298491	-0.0112316374515	-0.015887155853	-0.0259161520177	0.0077313282039	0.00322922524637	0.0189836779625	0.0238469275889	-0.0510460904505	-0.0613902782394	-0.0332664479988	-0.012189723994	0.0285109091013	0.00943874971132	0.0429781565223	0.0359647350185	-0.0386109620622	0.0675371765148	-0.0184991926772	0.00377292129332	0.0111049284696	-0.0633188771531	-0.0328541407307	0.0347325095583	-0.0195370463006	-0.034661343684	-0.0208027966661	0.000591253149142	0.0161147211693	-0.000356527702538	-0.0133086632113	-0.0179918902191	-0.00991492760634	-0.0214249254641	-0.0521966482145	-0.00456191819329	-0.0401191580508	-0.0265217167585	-0.0740411637434	-0.0415911635193	0.0339150265199	0.0362910826687
k__Bacteria;p__Bacteroidetes;c__Bacteroidia;o__Bacteroidales;f__Bacteroidaceae;g__Bacteroides;s__Bacteroides_stercoris	-0.0463927412545	0.0512136778724	-0.0431208958675	-0.0346390857955	1.0	0.00828426995309	-0.0314935382136	0.0215738611376	0.0288933473024	-0.0359641712449	-0.000332099168258	-0.0527652873693	-0.0169278469789	0.0204566676445	-0.0217150812354	-0.101654865537	0.000674675071865	-0.0262627359847	0.0185276281078	-0.0442113992772	0.00280411222647	0.0295152962975	0.0473459977247	-0.0386958994417	0.0453551016755	-0.0462782985496	-0.0291986756374	0.0361647287299	0.0169120500649	-0.0117236722362	0.00363474555477	-0.00827608884459	0.0219280763118	0.0059375394434	-0.00826141245756	-0.000832226609164	0.0213209372341	-0.0299662509359	0.0441903513671	-0.0595431683498	-0.00442685588691	0.036878641151	-0.0142210352753	-0.00713160264604	-0.0495416272399	-0.013350875399	-0.0032531231327	-0.00811902367711	0.0156025132216	-0.0221248558226	0.0218161288133	-0.00700500151341	0.013897524415	0.00804925320245	-0.0143433374829	0.00117881421689	-0.0610621126935	-0.00522177745322	0.0357365053446
k__Bacteria;p__Bacteroidetes;c__Bacteroidia;o__Bacteroidales;f__Bacteroidaceae;g__Bacteroides;s__Bacteroides_ovatus	0.0119032191926	0.0490419149055	-0.0404337721253	-0.0536666880926	0.00828426995309	1.0	-0.0288987086206	-0.0245268207539	-0.0414964727578	-0.00772655502117	-0.00986983064033	0.0106614620266	0.0315339249757	0.000846884087951	0.0537870638541	0.0239103671716	0.0345557678562	0.0293295987427	-0.0134704921376	-0.0167407088364	0.0031844704716	-0.0081042772341	-0.0309236669391	-0.00595020773046	-0.0420265308118	-0.0121217041465	0.018260304177	0.00570165511582	-0.0475890830248	-0.0282293227033	0.00122911949974	-0.013040780822	-0.0298014596315	0.00240435256276	-0.0218910595252	0.00596320403254	-0.0257010535171	0.00574005755536	-0.00591595310061	-0.0126133329832	0.020744378575	0.0143379213187	-0.0217437275517	0.0133540104643	-0.0403308195687	-0.00462962512091	0.0117307259121	-0.033362972809	-0.0241823238348	-0.0661484716154	0.00238990519383	0.00452812030255	0.00784202914699	0.0411474205157	-0.00639046017414	-0.0503181611162	-0.01935629681	0.0715993036072	-0.0124346483513
k__Bacteria;p__Bacteroidetes;c__Bacteroidia;o__Bacteroidales;f__Rikenellaceae;g__Alistipes;s__Alistipes_shahii	0.0263850726368	-0.0214343040622	-0.0142233481762	0.0132381718276	-0.0314935382136	-0.0288987086206	1.0	-7.94422147922e-05	-0.0281494862332	0.0118948516588	-0.0273464139406	-0.0291409586008	0.00261162034193	-0.0704466111544	-0.00895375037217	-0.0117921951751	0.00327643940717	0.0058855315245	-0.0200880846246	-0.0229317926074	-0.0133792880299	-0.00555613566428	-0.0502504881502	-0.0203920838415	-0.077527554297	0.00633312078128	-0.0141763139039	0.048299244125	-0.0342843762868	-0.0406232096076	0.0253396517486	-0.00771410392815	-0.0484555879537	-0.0169625477813	0.0916625072282	-0.00527758105107	0.0152099880857	0.0171243412478	-0.0454784395632	0.0113402402735	-0.00256520071862	0.0174579482438	0.0543513926913	-0.0322755755219	-0.00884579436552	-0.0390943516904	-0.014242543648	0.00445549208753	0.0380628874858	-0.0161370724112	-0.0287758010462	0.0450768604981	-0.00240257791677	-0.063997371397	-0.0424990667155	0.0111907826433	0.0184466297126	0.0381129064761	0.0129652483733
k__Bacteria;p__Firmicutes;c__Clostridia;o__Clostridiales;f__Ruminococcaceae;g__Faecalibacterium;s__Faecalibacterium_prausnitzii	-0.019379880249	-0.0443173328361	-0.00155716975295	-0.0716349011977	0.0215738611376	-0.0245268207539	-7.94422147922e-05	1.0	0.00935411585526	-0.0342205710114	-0.00190032263248	0.0356319467514	-0.00421225463763	-0.062997276382	-0.0160730121396	-0.0521313001265	0.0320723623407	-0.0787549759508	-0.000549219298731	0.0510527496498	-0.0398443369814	-0.0270815347169	-0.00910367739261	-0.0286283225972	0.012086225898	-0.0291646738737	-0.0337330219785	0.0254486948902	-0.0158168767307	0.019598734706	-0.0392649921744	-0.00147542988933	-0.00156112404863	-0.0219110112054	-0.0200033982786	0.0118377496292	-0.0718665346326	-0.0638784270848	0.0290381690081	0.0375573551677	0.0403655676354	0.00515334129972	-0.0246177620437	0.00512181951376	-0.00713681738846	0.0173778883476	0.0487093695136	-0.0131646306477	-0.0128640363008	-0.00635711336754	0.0129137940327	0.0188673970696	0.0117107558358	0.0535326636624	0.0162031570987	-0.00447850119097	-0.0440153417304	0.00436738538074	0.0371753873472
k__Bacteria;p__Bacteroidetes;c__Bacteroidia;o__Bacteroidales;f__Rikenellaceae;g__Alistipes;s__Alistipes_finegoldii	-0.0131320295098	0.00152728303559	-0.0626826278394	0.039711804824	0.0288933473024	-0.0414964727578	-0.0281494862332	0.00935411585526	1.0	-0.0138549856755	-0.0599962300185	0.0240065452192	-0.00430928732963	-0.00947668913225	0.0593471824829	-0.0113196269135	-0.0497428219389	-0.0349762921252	0.0147838432942	-0.0389371436096	-0.0345422375016	-0.0157590961809	0.0550463045234	-0.0493445089612	-0.00584269684945	-0.0413758578736	-0.0285851064682	-0.00130374587848	-0.0444701858462	0.0267858945755	0.00855185973325	0.0347616077592	-0.0631387880118	0.00635615520117	-0.0183327139522	0.0146903209938	-0.0411805437348	-0.0801583657322	-0.0731040500544	0.0242498752424	-0.062075158718	0.048450503391	0.00166144458365	0.00338754123863	0.0181589626107	-0.025762609264	-0.0264874928118	0.00177086546071	0.0106597152615	-0.0161114862807	-0.019238361323	-0.0213414921707	0.0219903528172	0.0149159766615	-0.0185141316987	0.0453663799649	-0.0538488944379	-0.0183664715321	0.0125517888988
k__Bacteria;p__Bacteroidetes;c__Bacteroidia;o__Bacteroidales;f__Porphyromonadaceae;g__Parabacteroides;s__Parabacteroides_distasonis	0.0105999523809	-0.0333503717592	-0.0222496916132	-0.00403668955912	-0.0359641712449	-0.00772655502117	0.0118948516588	-0.0342205710114	-0.0138549856755	1.0	-0.00444969223781	-0.06123576998	0.0439590118849	-0.00765456435792	0.0320237957356	0.0140685086595	-0.0121717234115	-0.00846247736862	-0.00435822023569	0.0424178267404	-0.0126990500327	-0.000879501502036	0.02389573831	-0.0027765303873	0.0360059123657	-0.0653529722547	0.000970388887133	-0.0135418920347	-0.0136258973402	-0.0736759179889	0.0193657649109	-0.00797114286461	-0.0293749682734	0.028521309411	0.0476972999927	0.0237691467504	0.00463035514114	0.013789881535	0.0257439013309	0.00581094807806	-0.065191175136	-0.0289076702516	0.00582332786402	-0.00977759348073	-0.0187908243912	-0.0244966730099	-0.00033668693708	-0.00734177846417	0.0487257518907	-0.00630943181389	-0.0307184779861	0.0226404628343	-0.0127201259987	-0.000295006155126	0.0509783039264	-0.0157932332894	0.0297475412347	0.0251558938799	0.0076316047538
k__Bacteria;p__Bacteroidetes;c__Bacteroidia;o__Bacteroidales;f__Bacteroidaceae;g__Bacteroides;s__Bacteroides_thetaiotaomicron	-0.0140420554685	0.0453827246905	0.0392770011544	-0.0395996903591	-0.000332099168258	-0.00986983064033	-0.0273464139406	-0.00190032263248	-0.0599962300185	-0.00444969223781	1.0	-0.0202639145867	0.0321692767058	-0.00698018411797	-0.077925196202	-0.0503981135509	0.0174738301051	-0.0272046312358	0.016973082503	0.0130152223272	-0.0761860143511	-0.0183085956792	0.034035129447	0.0192040227753	-0.00974341598457	-0.0332862468937	0.00806629759672	-0.0471624800474	-0.00378780278274	0.0354473662791	0.0282280857509	-0.0575413341593	-0.0162511880126	0.0205259009617	-0.0329363947134	-0.00489481305811	0.0225247757014	0.00606749554785	0.0491214297957	-0.0199885593284	-0.00962806243365	-0.0258566154854	-0.0223385728741	0.025427707669	-0.00696998152795	-0.0126116110524	-0.00435381398057	-0.0182746394711	-0.000336349084963	-0.0543459463665	0.0192659105426	-0.0447966680011	0.0395679721955	0.00917767039782	-0.0236947996465	0.0252882748183	0.0111443761816	0.0151887147143	-0.0101253067664
k__Bacteria;p__Bacteroidetes;c__Bacteroidia;o__Bacteroidales;f__Bacteroidaceae;g__Bacteroides;s__Bacteroides_coprocola	0.023123718214	-0.0371839872875	0.00315558591698	0.0339676110532	-0.0527652873693	0.0106614620266	-0.0291409586008	0.0356319467514	0.0240065452192	-0.06123576998	-0.0202639145867	1.0	-0.0149053202478	-0.0100966720454	-0.0930431890356	-0.0129090174383	-0.0293437862362	-0.0120649423749	-0.0461682888381	0.0216165452695	-0.0549423798607	0.00341569886057	0.0384038412444	-0.019914320936	-0.0341507810571	0.0145753893205	0.0166185046211	-0.0171487110939	-0.0846594699506	0.0117874263364	0.0487670991122	0.0145400730069	0.0264216673287	0.0177376384064	-0.0361261236044	0.00614186552933	0.0217976613591	-0.0666512864353	0.0300474825032	0.0259018720633	-0.00156495544289	-0.0258333805283	-0.0131577213208	-0.0340524884193	-0.0358882913298	-0.0104037600793	-0.00651820070774	-0.00742208536835	0.01647835859	0.0149116796634	0.000847923540459	-0.0451364839234	0.0261245848307	-0.00498223758455	-0.00798540321771	0.00719206008499	-0.0187148610241	0.00712400876656	-0.00722498672624
k__Bacteria;p__Bacteroidetes;c__Bacteroidia;o__Bacteroidales;f__Bacteroidaceae;g__Bacteroides;s__Bacteroides_cellulosilyticus	-0.00603418948688	-0.00934438258831	-0.0381000477119	-0.00943459146427	-0.0169278469789	0.0315339249757	0.00261162034193	-0.00421225463763	-0.00430928732963	0.0439590118849	0.0321692767058	-0.0149053202478	1.0	-0.0371205079212	0.0395082593334	-0.0144010829544	-0.0168534149011	-0.0257222783201	-0.0360749259889	-0.0144569681386	-0.0160485055742	0.0287164500144	-0.0360722803432	0.0244001693071	-0.0376491433049	0.0433037761953	0.0122488258338	2.78448039681e-05	0.013020520035	-0.0664371837612	-0.0322514126062	-0.0128557273722	0.0692252329418	-0.0423754685455	-0.0372025066426	-0.0432748438535	-0.0405220324119	-0.0428762514677	-0.0149600262506	0.018772110925	-0.0121602380486	0.013511237469	0.00644266276051	0.0140506906886	0.0490203187094	-0.056063059956	-0.0321550679455	0.0141525270951	-0.0208790761891	0.00883456919365	-0.0374450349248	-0.00152313893551	-0.0193472177754	-0.0289601005931	-0.0345418922732	-0.0227114661395	0.0478232172977	0.0555393045463	0.0513955939566
k__Bacteria;p__Bacteroidetes;c__Bacteroidia;o__Bacteroidales;f__Rikenellaceae;g__Alistipes;s__Alistipes_obesi	0.0635368949973	0.0410143043457	0.0419300823315	0.0580495868376	0.0204566676445	0.000846884087951	-0.0704466111544	-0.062997276382	-0.00947668913225	-0.00765456435792	-0.00698018411797	-0.0100966720454	-0.0371205079212	1.0	-0.0272161333299	0.00911234112822	0.0237889249964	-0.00496410715833	0.040827188218	0.0154832395847	0.0318168280774	-0.047064088568	-0.00466276243316	0.0314877491696	-0.0557519838606	0.0358198222387	-0.00692952715533	-0.025086656256	0.043549028584	0.0255552600256	0.00800158256335	0.0101993107128	0.0144842008004	-0.0549833761927	-0.0101600087594	-0.0437099336676	-0.00524830542969	-0.0475286760092	-0.0427247694829	-0.0336382059232	-0.0287789036157	0.00679961311844	-0.0258983232961	-0.0240392963366	0.00816949409112	-0.0303608277691	-0.00106183255024	-0.0399940672785	-0.0259308864688	0.0337847751428	-0.0299107822962	-0.00171057194895	0.0107496139846	0.0539119217393	-0.0293400602864	0.0305980007803	0.000756378644107	0.0153111071891	-0.00531960257506
k__Bacteria;p__Firmicutes;c__Clostridia;o__Clostridiales;f__Lachnospiraceae;g__;s__[Eubacterium]_rectale	-0.0381045460386	0.00576005599509	0.00468146961749	0.000919990155286	-0.0217150812354	0.0537870638541	-0.00895375037217	-0.0160730121396	0.0593471824829	0.0320237957356	-0.077925196202	-0.0930431890356	0.0395082593334	-0.0272161333299	1.0	-0.027836317347	0.0292197242583	-0.0170962170689	0.0350888818685	-0.0270421306564	0.0350617602488	-0.0223367690691	0.0121661331204	0.0371761192291	0.0014099357077	-0.0229436483209	-0.0243350659793	0.017528222902	0.0536303958771	-0.0391068811929	0.0358495524341	-0.0150724353787	0.00829163669064	0.0466812079005	-0.00183857022245	-0.0167378141109	-0.0272293192782	0.00429433508188	-0.0102635805779	-0.0277482980406	-0.0128299575785	-0.0165961607907	-0.051634732701	0.0362825009318	0.0582506145578	-0.00788426230483	-0.00625476505026	0.0316608303825	-0.0646275258631	0.00690566385965	-0.0845450968631	-0.0297418467915	-0.0265197240742	-0.00179682901733	-0.0591611342898	0.0133233773842	0.0216883437551	-0.0309436480338	-0.0176372341043
k__Bacteria;p__Bacteroidetes;c__Bacteroidia;o__Bacteroidales;f__Bacteroidaceae;g__Bacteroides;s__Bacteroides_plebeius	0.0254306151637	-0.0312808155263	-0.0201909126807	0.0640301618095	-0.101654865537	0.0239103671716	-0.0117921951751	-0.0521313001265	-0.0113196269135	0.0140685086595	-0.0503981135509	-0.0129090174383	-0.0144010829544	0.00911234112822	-0.027836317347	1.0	-0.012760386866	0.0362490756396	0.0013172702446	0.0382267475688	-0.0223698274559	0.00475503235676	-0.0245716382694	-0.0577756153404	0.021171808421	-0.0254982180385	-0.0252738471474	-0.0163148258119	-0.0467634726223	0.026578401677	-0.010964310687	0.0185528838557	-0.0381982188049	-0.0323750335727	0.0416233879958	0.0123787797185	0.054360113253	0.0191083019685	0.0324935108816	-0.0119608007074	0.011675971266	0.00417610103444	0.0390906670666	0.00103545029481	-0.0398750567718	0.0259555195783	0.0365662409798	-0.00866004006619	-0.0607231422632	-0.00308544526099	0.0397732871623	0.0067947154063	-0.103089910834	-0.035216129671	0.0284632033681	-0.00246253054107	-0.0314169545128	-0.00937757745257	-0.0464180468248
k__Bacteria;p__Bacteroidetes;c__Bacteroidia;o__Bacteroidales;f__Bacteroidaceae;g__Bacteroides;s__Bacteroides_fragilis	-0.0453263832014	-0.0407652522708	-0.0192908956385	-0.00978390737154	0.000674675071865	0.0345557678562	0.00327643940717	0.0320723623407	-0.0497428219389	-0.0121717234115	0.0174738301051	-0.0293437862362	-0.0168534149011	0.0237889249964	0.0292197242583	-0.012760386866	1.0	0.0493922079299	0.081508887717	-0.00834172371128	0.0141914117816	0.0135513770384	0.0509470087473	-0.0573101424057	-0.00642066659716	-0.0605590632766	0.0210964896906	-0.0112540753191	0.0214398494588	-0.000403707457999	-0.00372058942309	0.0193029475877	0.0194241051527	-0.000957142518156	0.0103059793334	-0.0669353265746	0.0181853314549	-0.00434475721036	0.00516670873239	-0.026388076944	0.0307947998373	0.00163946729684	-0.0268197187354	-0.0442803447805	-0.0538791206897	-0.0214324206733	0.00420518141409	0.00610706156417	-0.0116410054549	0.0172683404147	0.0332632309753	0.00981681263005	0.00694424278943	-0.0127369591743	0.0127466641385	0.0119294472269	-0.0881507914426	-0.0309614641971	-0.0237110161824
k__Bacteria;p__Proteobacteria;c__Betaproteobacteria;o__Burkholderiales;f__Sutterellaceae;g__Sutterella;s__Sutterella_wadsworthensis	0.0223457186457	-0.0643091362767	-0.0337931928041	0.00944523298491	-0.0262627359847	0.0293295987427	0.0058855315245	-0.0787549759508	-0.0349762921252	-0.00846247736862	-0.0272046312358	-0.0120649423749	-0.0257222783201	-0.00496410715833	-0.0170962170689	0.0362490756396	0.0493922079299	1.0	0.0212971499226	-0.0222629227374	-0.0341535088491	-0.0342370114212	0.0152365130042	-0.000215312247844	0.0335443712543	-0.0367178114541	-0.0168512997731	-0.0502370901812	-0.0365616938158	0.00481662668038	0.0219990240828	0.0129661264663	-0.00307462680991	0.0188481031225	-0.0290904483659	-0.0298271154714	-0.0251814180322	0.0591438950624	0.0275119193924	0.0310408658329	0.0309090415254	-0.0643489410584	0.0151948978089	0.00958824029617	-0.042552013615	-0.024989208379	-0.0373878997356	0.0278034332374	0.0459239190522	-0.10004937505	-0.0241373322286	-0.0109062832137	-0.0105521342939	0.0792697710884	-0.0103985454144	-0.022265585378	0.0303564463393	-0.0600867222247	-0.0468051900338
k__Bacteria;p__Bacteroidetes;c__Bacteroidia;o__Bacteroidales;f__Porphyromonadaceae;g__Barnesiella;s__Barnesiella_intestinihominis	0.0128550197176	-0.0562357793982	0.0522659475156	-0.0112316374515	0.0185276281078	-0.0134704921376	-0.0200880846246	-0.000549219298731	0.0147838432942	-0.00435822023569	0.016973082503	-0.0461682888381	-0.0360749259889	0.040827188218	0.0350888818685	0.0013172702446	0.081508887717	0.0212971499226	1.0	-0.0241319098573	-0.0312949502715	0.0299296188331	-0.0184831232541	-0.0122961640557	-0.0268264485551	0.086795257678	0.0379885952765	0.0107159125435	-0.0300627144232	0.0237750170419	-0.0171846065403	-0.0326562203938	0.00857589756599	0.0218627570945	-0.0762432160012	0.0203718659706	-0.0296659270347	-0.0148306752696	0.0506401332748	-0.015447070887	-0.0277387420632	-0.0181169645432	-0.00338655316993	0.0587412285595	0.0156718092014	-0.0177530707948	-0.0502677401936	-0.00746250660399	-0.00488919465021	-0.0370189404592	-0.0186308792269	-0.0265684467846	-0.0101120126431	-0.0356219800918	-0.0470134522672	-0.0221739493127	-0.0449571354637	0.0163623330765	-0.0472775373534
k__Bacteria;p__Bacteroidetes;c__Bacteroidia;o__Bacteroidales;f__Odoribacteraceae;g__Odoribacter;s__Odoribacter_splanchnicus	0.000558461902274	0.0337330451064	0.014869245106	-0.015887155853	-0.0442113992772	-0.0167407088364	-0.0229317926074	0.0510527496498	-0.0389371436096	0.0424178267404	0.0130152223272	0.0216165452695	-0.0144569681386	0.0154832395847	-0.0270421306564	0.0382267475688	-0.00834172371128	-0.0222629227374	-0.0241319098573	1.0	0.00432234107388	-0.0231247731088	-0.0296490339139	-0.0086264656598	-0.0261999856523	0.0429933772902	0.0161061988219	-0.0101503002174	0.00413722332295	-0.0400470244387	-0.0434627619423	-0.048813348224	0.00839731822134	0.000824281001083	-0.0420729619756	-0.0388018645809	-0.0643671259238	0.0126887431796	-0.000188568608487	0.00362257258815	0.0390965599815	-0.0168050991518	0.0349445156338	-0.0307349655882	0.0254698831321	0.0513937809692	-0.00227900592354	-0.0155966398659	0.0245474041012	0.0253522374902	0.0496014981508	-0.0295919641149	0.0204871971918	0.0254989911664	0.00873213135905	-0.0619758600894	0.000470658699418	-0.0122496096273	-0.004465021695
k__Bacteria;p__Bacteroidetes;c__Bacteroidia;o__Bacteroidales;f__Bacteroidaceae;g__Bacteroides;s__Bacteroides_salyersiae	-0.0417326938108	-0.0163609446574	-0.0171223778825	-0.0259161520177	0.00280411222647	0.0031844704716	-0.0133792880299	-0.0398443369814	-0.0345422375016	-0.0126990500327	-0.0761860143511	-0.0549423798607	-0.0160485055742	0.0318168280774	0.0350617602488	-0.0223698274559	0.0141914117816	-0.0341535088491	-0.0312949502715	0.00432234107388	1.0	-0.00863218517085	-0.00957591104891	0.0380038575005	-0.00420722183688	-0.00955367750613	-0.0144400745867	0.0189779651623	0.0233609889374	-0.0185704152004	-0.0332820604442	-0.00274838265763	-0.0639889071957	-0.00169277845999	0.0210480532929	-0.0342659938188	-0.0362583310242	0.0135465745956	0.0337566699965	0.016949951954	-0.0407113402301	-0.0576311042425	-0.0185118787076	-0.0161892932736	0.0896183392995	-0.040267773536	0.0132781066408	0.0372832625029	-0.0410310594125	0.0502937430858	-0.00354587696822	0.0016794573716	0.0309595984029	0.019594828389	0.020853672911	0.0170549647651	-0.0126605582742	0.0325965235662	0.00873643555328
k__Bacteria;p__Firmicutes;c__Clostridia;o__Clostridiales;f__Ruminococcaceae;g__Ruminiclostridium;s__[Eubacterium]_siraeum	0.0336865671709	0.0190648486189	-0.011816146913	0.0077313282039	0.0295152962975	-0.0081042772341	-0.00555613566428	-0.0270815347169	-0.0157590961809	-0.000879501502036	-0.0183085956792	0.00341569886057	0.0287164500144	-0.047064088568	-0.0223367690691	0.00475503235676	0.0135513770384	-0.0342370114212	0.0299296188331	-0.0231247731088	-0.00863218517085	1.0	0.00669324562903	-0.0072803471748	0.0448399269576	0.00274729490686	-0.0489685166682	-0.0305072420098	0.0378357477055	-0.0436561889154	-0.0501762289749	-0.0447485184487	-0.00082744207166	0.0166545937538	-0.0148011173486	-0.0371895247541	0.00109585277318	-0.016338148285	-0.0426965453637	0.0256416868086	-0.0303904653743	-0.0217144562381	0.00976416856347	-0.0180417560542	-0.040648881396	-0.0411596063222	-0.0240263356	-0.0679187770613	-0.0148345479838	0.0434770490304	-0.00690339202612	0.0233112754521	0.0303862376286	0.0289856389234	0.00361393195085	-0.0342404735285	0.00147592123692	-0.0656007817713	-0.0213783010606
k__Bacteria;p__Proteobacteria;c__Betaproteobacteria;o__Burkholderiales;f__Sutterellaceae;g__Parasutterella;s__Parasutterella_excrementihominis	0.0257167331006	0.00486832785134	0.0154317488691	0.00322922524637	0.0473459977247	-0.0309236669391	-0.0502504881502	-0.00910367739261	0.0550463045234	0.02389573831	0.034035129447	0.0384038412444	-0.0360722803432	-0.00466276243316	0.0121661331204	-0.0245716382694	0.0509470087473	0.0152365130042	-0.0184831232541	-0.0296490339139	-0.00957591104891	0.00669324562903	1.0	0.0072282845772	0.0121526755597	0.0231226946807	-0.040267227389	0.00985110057728	-0.049480185191	0.0214190287584	-0.0464194736557	-0.0347624448466	0.0246875216161	0.0187783788854	0.0131033625114	-0.0170356719816	-0.0136902095469	0.0193999161328	0.00908119751689	-0.0159372698238	-0.00297728378433	0.0192865731337	-0.0305932965422	-0.0543059652797	-0.0580448138856	-0.0166020963875	-0.0336207044138	-0.0201228523966	-0.0128124064105	0.0158416107237	0.0421682978701	0.0207162575971	-0.0535944209741	0.0251550097177	-0.0225198228429	-0.0241193803135	-0.0170816215842	-0.0224927246892	-0.0388552016605
k__Bacteria;p__Actinobacteria;c__Actinobacteria;o__Bifidobacteriales;f__Bifidobacteriaceae;g__Bifidobacterium;s__Bifidobacterium_adolescentis	-0.0605091995008	-0.0147043291484	0.0563775512734	0.0189836779625	-0.0386958994417	-0.00595020773046	-0.0203920838415	-0.0286283225972	-0.0493445089612	-0.0027765303873	0.0192040227753	-0.019914320936	0.0244001693071	0.0314877491696	0.0371761192291	-0.0577756153404	-0.0573101424057	-0.000215312247844	-0.0122961640557	-0.0086264656598	0.0380038575005	-0.0072803471748	0.0072282845772	1.0	0.0292222981803	0.0167518554546	-0.0501712945216	-0.0701170091231	0.0532757249167	0.00689467277136	0.0639326226005	0.0349218084766	0.0266559460371	0.00131080759144	0.0282776039701	-0.000281657361928	-0.000574411067968	-0.0200416188721	-0.0348780330383	-0.00633906430702	-0.0481241354646	-0.0707928880108	-0.00961172892457	0.0413637279239	0.00739884031896	0.00178111261734	-0.0170231183921	-0.00356746690055	0.0107876229579	-0.0202630762327	-0.0324872450794	0.0317496187156	-0.071821652444	0.000652156433626	0.00548802544821	-0.0404903427377	-0.0174075958455	-0.00930586946573	-0.00274538114051
k__Bacteria;p__Firmicutes;c__Clostridia;o__Clostridiales;f__Oscillospiraceae;g__Oscillibacter;s__Oscillibacter_sp._KLE_1745	0.0128109825281	-0.0616248322376	0.0201826582105	0.0238469275889	0.0453551016755	-0.0420265308118	-0.077527554297	0.012086225898	-0.00584269684945	0.0360059123657	-0.00974341598457	-0.0341507810571	-0.0376491433049	-0.0557519838606	0.0014099357077	0.021171808421	-0.00642066659716	0.0335443712543	-0.0268264485551	-0.0261999856523	-0.00420722183688	0.0448399269576	0.0121526755597	0.0292222981803	1.0	-0.0335958427739	0.0266714255798	0.00459569423868	-0.0299049858014	0.00477269753517	0.0523464853597	-0.000552452217191	-0.00374547021463	0.00243664688706	0.0140983952675	-0.05350410468	0.0271427223148	0.00344928933253	-0.0258660504466	-0.0155945106054	-0.0514299560087	-0.0522424685479	-0.0113854173595	0.0249134231542	-0.0160081918028	-0.0375209190835	-0.00580858860829	0.0366820595837	-0.0193273017348	0.0180962004215	0.0503206180699	0.0053213023713	-0.0193345405501	-0.025178137148	0.0169329667664	-0.0383673149451	-0.0246464579114	-0.00636319846576	0.0172397272208
k__Bacteria;p__Bacteroidetes;c__Bacteroidia;o__Bacteroidales;f__Bacteroidaceae;g__Bacteroides;s__Bacteroides_coprophilus	-0.0514330442951	0.00862661061696	0.0617815104282	-0.0510460904505	-0.0462782985496	-0.0121217041465	0.00633312078128	-0.0291646738737	-0.0413758578736	-0.0653529722547	-0.0332862468937	0.0145753893205	0.0433037761953	0.0358198222387	-0.0229436483209	-0.0254982180385	-0.0605590632766	-0.0367178114541	0.086795257678	0.0429933772902	-0.00955367750613	0.00274729490686	0.0231226946807	0.0167518554546	-0.0335958427739	1.0	0.0398139492332	-0.0746632806604	0.0437887270104	-0.0274921207363	0.00540782775228	-0.0228584833993	-0.0159729051034	0.0108152114655	-0.0151880380268	0.031227021645	-0.000163453931864	-0.00774521441062	0.00318996414008	-0.0121137205356	-0.00926311503017	0.031171915751	0.00464895668497	0.0236645327815	-0.0247814374218	0.0206803183923	0.00919724749856	-0.0637787759862	-0.0401966716129	-0.0570801556971	-0.0319223606273	0.0499184935554	-0.0546643924147	-0.0483537363541	-0.0110040868435	-0.0149101861452	-0.0115350458011	-0.0141825444564	0.0149636528052
k__Bacteria;p__Firmicutes;c__Clostridia;o__Clostridiales;f__Lachnospiraceae;g__Roseburia;s__Roseburia_intestinalis	0.00361544797869	0.00423291103716	-0.0156573923042	-0.0613902782394	-0.0291986756374	0.018260304177	-0.0141763139039	-0.0337330219785	-0.0285851064682	0.000970388887133	0.00806629759672	0.0166185046211	0.0122488258338	-0.00692952715533	-0.0243350659793	-0.0252738471474	0.0210964896906	-0.0168512997731	0.0379885952765	0.0161061988219	-0.0144400745867	-0.0489685166682	-0.040267227389	-0.0501712945216	0.0266714255798	0.0398139492332	1.0	-0.0272590207287	-0.0244355859593	-0.0815663902991	0.0308827183857	-0.0359363875091	-0.0289025942208	-0.0322311663964	-0.00389292732516	-0.0143858583695	0.00262177662229	0.0206962145877	0.0604129807105	-0.0691909666271	-0.0376362654527	-0.0142214747452	-0.0157058284889	-0.0276656241863	-0.00482248332052	-0.014014399396	0.0297950209139	0.0209823261678	0.0403232592961	0.0150903900811	0.0349881925138	-0.0629608330243	0.00959880533239	0.00467057330186	0.0455195219741	-0.00440670831536	0.0188339108186	0.00252342491271	-0.0288808264422
k__Bacteria;p__Firmicutes;c__Clostridia;o__Clostridiales;f__Lachnospiraceae;g__Roseburia;s__Roseburia_hominis	-0.0676393018126	-0.0275752001756	-0.0214864680467	-0.0332664479988	0.0361647287299	0.00570165511582	0.048299244125	0.0254486948902	-0.00130374587848	-0.0135418920347	-0.0471624800474	-0.0171487110939	2.78448039683e-05	-0.025086656256	0.017528222902	-0.0163148258119	-0.0112540753191	-0.0502370901812	0.0107159125435	-0.0101503002174	0.0189779651623	-0.0305072420098	0.00985110057728	-0.0701170091231	0.00459569423868	-0.0746632806604	-0.0272590207287	1.0	-0.0221913026929	0.00701078831596	0.0457408614471	-0.0200256776193	0.017172234621	0.0120618133257	0.0260397291735	0.0288495422531	-0.0172218842598	0.0496389166517	0.00963248440754	-0.0523878759694	-0.0324446225121	-0.0214802435003	-0.00546186330966	-0.00508552292038	-1.94786968388e-05	0.00920882402985	-0.00505690553482	0.0473929086001	-0.0399073894617	-0.0266343489294	-0.0457632775448	-0.00962875337531	-0.0534573118096	0.000191515208586	-0.0453929451315	0.0417509025322	-0.0159053373642	-0.0257199940186	-0.0299272856172
k__Bacteria;p__Bacteroidetes;c__Bacteroidia;o__Bacteroidales;f__Porphyromonadaceae;g__Parabacteroides;s__Parabacteroides_johnsonii	0.00627179086652	-0.00242304353856	-0.0276255637394	-0.012189723994	0.0169120500649	-0.0475890830248	-0.0342843762868	-0.0158168767307	-0.0444701858462	-0.0136258973402	-0.00378780278274	-0.0846594699506	0.013020520035	0.043549028584	0.0536303958771	-0.0467634726223	0.0214398494588	-0.0365616938158	-0.0300627144232	0.00413722332295	0.0233609889374	0.0378357477055	-0.049480185191	0.0532757249167	-0.0299049858014	0.0437887270104	-0.0244355859593	-0.0221913026929	1.0	-0.00621855884424	-0.0351617751023	-0.0310874981088	0.0025910887356	-0.0338972136165	-0.0244850953583	0.0650312865672	-0.0594635083483	0.00741197985927	-0.0290000116116	-0.00343053593189	0.0354344353734	-0.000581913961213	0.029565100545	-0.0754033952178	0.0250130333062	0.0257063070589	0.0105266588749	-0.0776898647717	-0.0447854916716	0.059570604696	0.0109513702922	-0.104567588131	-0.00785111541926	-0.0312843400824	0.0109943543775	-0.0211025157992	0.0200603502881	-0.00931349477983	0.0138863853382
k__Bacteria;p__Actinobacteria;c__Actinobacteria;o__Bifidobacteriales;f__Bifidobacteriaceae;g__Bifidobacterium;s__Bifidobacterium_longum	0.00925580287994	0.0260305685845	-0.0323852307145	0.0285109091013	-0.0117236722362	-0.0282293227033	-0.0406232096076	0.019598734706	0.0267858945755	-0.0736759179889	0.0354473662791	0.0117874263364	-0.0664371837612	0.0255552600256	-0.0391068811929	0.026578401677	-0.000403707457998	0.00481662668038	0.0237750170419	-0.0400470244387	-0.0185704152004	-0.0436561889154	0.0214190287584	0.00689467277135	0.00477269753517	-0.0274921207363	-0.0815663902991	0.00701078831596	-0.00621855884424	1.0	0.00459212022106	0.0159022684671	0.056765337468	0.00683065556484	-0.000778107190702	0.00984754384953	-0.0256412533129	-0.0123753651167	0.0110734124565	-0.0169629759147	0.0212735017484	-0.0203296278496	-0.0107876522701	-0.0267132811165	0.00173570005275	0.0457630584353	-0.0473462514412	-0.0445595822234	-0.0441697481305	-0.0447992347762	0.00562670350735	0.0527251508372	-0.00827485911729	0.047277934816	-0.0479094096604	0.0111775445245	-0.0143261190979	-0.0196471912441	-0.0347400967866
