#taxonomy	k__Bacteria;p__Bacteroidetes;c__Bacteroidia;o__Bacteroidales;f__Bacteroidaceae;g__Bacteroides;s__Bacteroides_vulgatus	k__Bacteria;p__Bacteroidetes;c__Bacteroidia;o__Bacteroidales;f__Bacteroidaceae;g__Bacteroides;s__Bacteroides_uniformis	k__Bacteria;p__Bacteroidetes;c__Bacteroidia;o__Bacteroidales;f__Rikenellaceae;g__Alistipes;s__Alistipes_putredinis	k__Bacteria;p__Bacteroidetes;c__Bacteroidia;o__Bacteroidales;f__Prevotellaceae;g__Prevotella;s__Prevotella_copri	k__Bacteria;p__Bacteroidetes;c__Bacteroidia;o__Bacteroidales;f__Bacteroidaceae;g__Bacteroides;s__Bacteroides_stercoris	k__Bacteria;p__Bacteroidetes;c__Bacteroidia;o__Bacteroidales;f__Bacteroidaceae;g__Bacteroides;s__Bacteroides_ovatus	k__Bacteria;p__Bacteroidetes;c__Bacteroidia;o__Bacteroidales;f__Rikenellaceae;g__Alistipes;s__Alistipes_shahii	k__Bacteria;p__Firmicutes;c__Clostridia;o__Clostridiales;f__Ruminococcaceae;g__Faecalibacterium;s__Faecalibacterium_prausnitzii	k__Bacteria;p__Bacteroidetes;c__Bacteroidia;o__Bacteroidales;f__Rikenellaceae;g__Alistipes;s__Alistipes_finegoldii	k__Bacteria;p__Bacteroidetes;c__Bacteroidia;o__Bacteroidales;f__Porphyromonadaceae;g__Parabacteroides;s__Parabacteroides_distasonis	k__Bacteria;p__Bacteroidetes;c__Bacteroidia;o__Bacteroidales;f__Bacteroidaceae;g__Bacteroides;s__Bacteroides_thetaiotaomicron	k__Bacteria;p__Bacteroidetes;c__Bacteroidia;o__Bacteroidales;f__Bacteroidaceae;g__Bacteroides;s__Bacteroides_coprocola	k__Bacteria;p__Bacteroidetes;c__Bacteroidia;o__Bacteroidales;f__Bacteroidaceae;g__Bacteroides;s__Bacteroides_cellulosilyticus	k__Bacteria;p__Bacteroidetes;c__Bacteroidia;o__Bacteroidales;f__Rikenellaceae;g__Alistipes;s__Alistipes_obesi	k__Bacteria;p__Firmicutes;c__Clostridia;o__Clostridiales;f__Lachnospiraceae;g__;s__[Eubacterium]_rectale	k__Bacteria;p__Bacteroidetes;c__Bacteroidia;o__Bacteroidales;f__Bacteroidaceae;g__Bacteroides;s__Bacteroides_plebeius	k__Bacteria;p__Bacteroidetes;c__Bacteroidia;o__Bacteroidales;f__Bacteroidaceae;g__Bacteroides;s__Bacteroides_fragilis	k__Bacteria;p__Proteobacteria;c__Betaproteobacteria;o__Burkholderiales;f__Sutterellaceae;g__Sutterella;s__Sutterella_wadsworthensis	k__Bacteria;p__Bacteroidetes;c__Bacteroidia;o__Bacteroidales;f__Porphyromonadaceae;g__Barnesiella;s__Barnesiella_intestinihominis	k__Bacteria;p__Bacteroidetes;c__Bacteroidia;o__Bacteroidales;f__Odoribacteraceae;g__Odoribacter;s__Odoribacter_splanchnicus	k__Bacteria;p__Bacteroidetes;c__Bacteroidia;o__Bacteroidales;f__Bacteroidaceae;g__Bacteroides;s__Bacteroides_salyersiae	k__Bacteria;p__Firmicutes;c__Clostridia;o__Clostridiales;f__Ruminococcaceae;g__Ruminiclostridium;s__[Eubacterium]_siraeum	k__Bacteria;p__Proteobacteria;c__Betaproteobacteria;o__Burkholderiales;f__Sutterellaceae;g__Parasutterella;s__Parasutterella_excrementihominis	k__Bacteria;p__Actinobacteria;c__Actinobacteria;o__Bifidobacteriales;f__Bifidobacteriaceae;g__Bifidobacterium;s__Bifidobacterium_adolescentis	k__Bacteria;p__Firmicutes;c__Clostridia;o__Clostridiales;f__Oscillospiraceae;g__Oscillibacter;s__Oscillibacter_sp._KLE_1745	k__Bacteria;p__Bacteroidetes;c__Bacteroidia;o__Bacteroidales;f__Bacteroidaceae;g__Bacteroides;s__Bacteroides_coprophilus	k__Bacteria;p__Firmicutes;c__Clostridia;o__Clostridiales;f__Lachnospiraceae;g__Roseburia;s__Roseburia_intestinalis	k__Bacteria;p__Firmicutes;c__Clostridia;o__Clostridiales;f__Lachnospiraceae;g__Roseburia;s__Roseburia_hominis	k__Bacteria;p__Bacteroidetes;c__Bacteroidia;o__Bacteroidales;f__Porphyromonadaceae;g__Parabacteroides;s__Parabacteroides_johnsonii	k__Bacteria;p__Actinobacteria;c__Actinobacteria;o__Bifidobacteriales;f__Bifidobacteriaceae;g__Bifidobacterium;s__Bifidobacterium_longum	k__Bacteria;p__Firmicutes;c__Clostridia;o__Clostridiales;f__;g__Flavonifractor;s__Flavonifractor_plautii	k__Bacteria;p__Firmicutes;c__Clostridia;o__Clostridiales;f__Clostridiaceae;g__Clostridium;s__Clostridium_phoceensis	k__Bacteria;p__Verrucomicrobia;c__Verrucomicrobiae;o__Verrucomicrobiales;f__Akkermansiaceae;g__Akkermansia;s__Akkermansia_muciniphila	k__Bacteria;p__Bacteroidetes;c__Bacteroidia;o__Bacteroidales;f__Prevotellaceae;g__Paraprevotella;s__Paraprevotella_xylaniphila	k__Bacteria;p__Firmicutes;c__Clostridia;o__Clostridiales;f__Ruminococcaceae;g__Ruminococcus;s__Ruminococcus_callidus	k__Bacteria;p__Bacteroidetes;c__Bacteroidia;o__Bacteroidales;f__Rikenellaceae;g__Alistipes;s__Alistipes_senegalensis	k__Bacteria;p__Firmicutes;c__Clostridia;o__Clostridiales;f__Lachnospiraceae;g__Blautia;s__Blautia_sp._KLE_1732	k__Bacteria;p__Bacteroidetes;c__Bacteroidia;o__Bacteroidales;f__Bacteroidaceae;g__Bacteroides;s__Bacteroides_oleiciplenus	k__Bacteria;p__Firmicutes;c__Clostridia;o__Clostridiales;f__Ruminococcaceae;g__Ruminococcus;s__Ruminococcus_bicirculans	k__Bacteria;p__Bacteroidetes;c__Bacteroidia;o__Bacteroidales;f__Bacteroidaceae;g__Bacteroides;s__Bacteroides_fluxus	k__Bacteria;p__Bacteroidetes;c__Bacteroidia;o__Bacteroidales;f__Prevotellaceae;g__Prevotella;s__Prevotella_stercorea	k__Bacteria;p__Firmicutes;c__Clostridia;o__Clostridiales;f__Lachnospiraceae;g__Dorea;s__Dorea_longicatena	k__Bacteria;p__Firmicutes;c__Clostridia;o__Clostridiales;f__Eubacteriaceae;g__Eubacterium;s__[Eubacterium]_eligens	k__Bacteria;p__Firmicutes;c__Clostridia;o__Clostridiales;f__Ruminococcaceae;g__;s__Ruminococcaceae_bacterium_D16	k__Bacteria;p__Firmicutes;c__Clostridia;o__Clostridiales;f__Lachnospiraceae;g__Coprococcus;s__Coprococcus_comes	k__Bacteria;p__Proteobacteria;c__Gammaproteobacteria;o__Enterobacterales;f__Enterobacteriaceae;g__Escherichia;s__Escherichia_coli	k__Bacteria;p__Firmicutes;c__Clostridia;o__Clostridiales;f__Ruminococcaceae;g__Anaerotruncus;s__Anaerotruncus_colihominis	k__Bacteria;p__Firmicutes;c__Clostridia;o__Clostridiales;f__Lachnospiraceae;g__Blautia;s__Blautia_obeum	k__Bacteria;p__Bacteroidetes;c__Bacteroidia;o__Bacteroidales;f__Odoribacteraceae;g__Odoribacter;s__Odoribacter_laneus	k__Bacteria;p__Firmicutes;c__Clostridia;o__Clostridiales;f__Ruminococcaceae;g__Ruminiclostridium;s__[Clostridium]_leptum	k__Bacteria;p__Bacteroidetes;c__Bacteroidia;o__Bacteroidales;f__Porphyromonadaceae;g__Parabacteroides;s__Parabacteroides_goldsteinii	k__Bacteria;p__Firmicutes;c__Clostridia;o__Clostridiales;f__Lachnospiraceae;g__Anaerostipes;s__Anaerostipes_hadrus	k__Bacteria;p__Firmicutes;c__Clostridia;o__Clostridiales;f__Ruminococcaceae;g__Ruminococcus;s__Ruminococcus_lactaris	k__Bacteria;p__Firmicutes;c__Clostridia;o__Clostridiales;f__Clostridiaceae;g__Clostridium;s__Clostridium_sp._L2-50	k__Bacteria;p__Firmicutes;c__Clostridia;o__Clostridiales;f__Clostridiaceae;g__Clostridium;s__Clostridium_sp._M62/1	k__Bacteria;p__Firmicutes;c__Clostridia;o__Clostridiales;f__;g__Intestinimonas;s__Intestinimonas_butyriciproducens	k__Bacteria;p__Actinobacteria;c__Actinobacteria;o__Bifidobacteriales;f__Bifidobacteriaceae;g__Bifidobacterium;s__Bifidobacterium_bifidum	k__Bacteria;p__Firmicutes;c__Negativicutes;o__Veillonellales;f__Veillonellaceae;g__Dialister;s__Dialister_invisus	k__Bacteria;p__Bacteroidetes;c__Bacteroidia;o__Bacteroidales;f__Bacteroidaceae;g__Bacteroides;s__Bacteroides_salanitronis
k__Bacteria;p__Bacteroidetes;c__Bacteroidia;o__Bacteroidales;f__Bacteroidaceae;g__Bacteroides;s__Bacteroides_vulgatus	1.0	0.0264620169909	0.0126067603859	-0.00824941651498	-0.0446878906965	0.00830372237648	-0.011047497736	-0.0419627254412	0.00793929725005	0.0103372523054	-0.0303463860481	-0.0543978847631	-0.0568010660007	0.00373453858081	-0.0329530652428	-0.0329780259496	-0.00427642503102	-0.051919506395	-0.036165097547	0.021361716639	-0.0144178621078	-0.029806932658	0.00996274238411	-0.0216543859126	-0.0388014393928	-0.0353740456545	-0.0061891153727	0.00311541219843	-0.0278105255464	-0.0327136561815	-0.0240565835158	0.0205225076248	0.00956028360289	0.0131519133833	-0.0429059426849	-0.0372103466619	0.0236252767206	0.0220044107346	0.0207545521074	0.0347443974839	-0.0372002021413	0.0633890273939	-0.00991418657101	0.00606434136383	0.00166188906167	-0.00151204741786	0.00823020124363	0.00403179213127	-0.0181003339552	-0.0068415977965	0.0280643890792	0.0264702798202	-0.00575380176128	0.00627713867312	0.0386991352863	0.0687586117174	-0.0227355155135	-0.0340304708328	0.00114990823719
k__Bacteria;p__Bacteroidetes;c__Bacteroidia;o__Bacteroidales;f__Bacteroidaceae;g__Bacteroides;s__Bacteroides_uniformis	0.0264620169909	1.0	-0.0227911501649	0.0394548631625	-0.00776110345638	-0.00844765053536	0.0302211231466	-0.0179263840423	0.024806491064	-0.0260413680144	-0.00232400565071	-0.0494807375505	-0.0428713577633	-0.0470855630975	0.0244544268868	-0.109070575088	0.0141012513597	-0.0121943396389	-0.052405877686	0.015568152714	0.0525385677515	-0.000600711504267	-0.01207428212	-0.0763046994507	-0.00381873331963	-0.033963617218	-0.0346222181767	-0.00248949408257	-0.0164722314268	0.0131809992818	-0.00547063961655	0.00622953929067	-0.0349110302711	0.0182228552023	-0.0473489846389	-0.0173240173801	0.00708378247576	0.0206607844947	0.0320907784497	0.0599190120632	-0.0163855458278	0.0237190117395	-0.0865270055088	0.0116131356823	-0.0473584428247	-0.0285348054624	-0.0475431615631	0.0374191436754	0.0174757304484	-0.011884681839	-0.00355581298732	-0.00139610658417	0.023757319428	-0.0242270451871	-0.016231766397	-0.00958657969654	-0.0728989374178	0.0309516290501	-0.000936424001708
k__Bacteria;p__Bacteroidetes;c__Bacteroidia;o__Bacteroidales;f__Rikenellaceae;g__Alistipes;s__Alistipes_putredinis	0.0126067603859	-0.0227911501649	1.0	0.00756789853511	-0.000908999241053	-0.0096187257814	0.0378227795327	0.00660703053258	-0.0105996564746	0.00804497971787	-0.00726731977545	-0.0547015908252	-0.0388745214713	-0.0284495513291	-0.0052926431938	-0.01198924575	0.025442630583	0.0337437853737	0.057877698632	-0.00911813097211	-0.0849987547688	0.00422788068936	0.0126707767806	-0.0367103824169	0.000357576640116	0.0124466938959	0.0143194661813	0.0407901248318	-0.0383972917133	-0.0233384275662	0.0118665934769	-0.0162934401486	-0.0914130486872	0.017825115706	0.0200499357321	0.019027525797	0.0590570853553	0.0317413478671	0.0454328414719	-0.0201971986765	-0.0172490308374	0.01388924387	-0.0400198784225	0.0194791855096	0.0132914309944	-0.0336239385166	-0.0167678793582	-0.0102180689012	-0.0402600368068	0.000682443288468	0.0579506133252	-0.0266829072276	0.0148769427223	-0.0847921495002	-0.037323246762	0.0468663218592	0.0263957961862	-0.0410863189682	0.0318469953851
k__Bacteria;p__Bacteroidetes;c__Bacteroidia;o__Bacteroidales;f__Prevotellaceae;g__Prevotella;s__Prevotella_copri	-0.00824941651498	0.0394548631625	0.00756789853511	1.0	-0.0675766313757	-0.0242202908364	-0.0579551981064	-0.0119035260567	-0.0276936497673	-0.00336275488721	-0.0167362949557	-0.016694439991	0.00261577325424	-0.0401861741471	-0.0327229613607	-0.0281768455716	0.00751939911564	0.00156878940718	-0.0481693177891	0.00866514532305	-0.00967410242022	0.0226222497086	-0.0302718807018	-0.0519784873839	0.01036712085	-0.017261296477	-0.029326445251	0.0519319424083	-0.0405151162689	0.0263274014631	-0.0294948277717	0.05280905147	-0.0113918748426	-0.00603444508339	0.0802272374823	0.0689353603712	0.00845355297547	-0.00713111048583	0.0358430589218	-0.00630340343488	-0.0129112753724	0.0505378973247	-0.0461915309509	-0.0167870575635	-0.018277039787	-0.024556862044	0.0314321689862	-0.0205759488104	-0.0527305551574	-0.0130722999869	-0.0433990926135	-0.0313756655044	-0.0525876530612	0.0137870306645	-0.0109465902016	-0.0238759496705	-0.0276354925735	0.0323160112245	-0.02229452402
k__Bacteria;p__Bacteroidetes;c__Bacteroidia;o__Bacteroidales;f__Bacteroidaceae;g__Bacteroides;s__Bacteroides_stercoris	-0.0446878906965	-0.00776110345638	-0.000908999241053	-0.0675766313757	1.0	-0.00165168917124	-0.0264953215047	-0.00273371669667	-0.0192962013136	0.0430839697989	-0.0230705723148	-0.00233843509425	-0.00498892103714	-0.0060336553516	0.0396353751569	-0.0545774844292	0.0192539890738	-0.00934310871339	0.053289779315	-0.00787502582435	-0.0959960085271	-0.0135522350713	0.016014016624	-0.0126399140679	-0.050296761012	-0.0375535043354	-0.0165079658812	-0.0140972808215	0.039073752437	-0.0419593652266	-0.00460156479922	-0.00322479513375	-0.0267483477032	0.0137839171513	0.0129750160622	0.00175837071248	-0.0209191453505	0.0255941174854	-0.0222612021049	-0.0490174565004	0.00733653988037	-0.0471850394841	-0.0177206963813	0.0364547985015	0.0640878894624	0.0610818827781	0.00779368807817	0.00607419824932	0.031844526332	0.00699025310458	-0.0417595439544	-0.00335417303576	-0.0160417403068	0.0293751862071	-0.0156802599452	-0.0110681032607	0.0216328263188	-0.0408052698749	-0.00124548485267
k__Bacteria;p__Bacteroidetes;c__Bacteroidia;o__Bacteroidales;f__Bacteroidaceae;g__Bacteroides;s__Bacteroides_ovatus	0.00830372237648	-0.00844765053536	-0.0096187257814	-0.0242202908364	-0.00165168917124	1.0	-0.000196811243321	-0.0186407348382	0.0328119086423	-0.00560825686026	0.0395750272145	-0.0508627617927	0.00882007811228	-0.0115277826662	-0.0179040793435	0.027522664178	0.0225231971126	0.0408516060471	0.00051729649736	0.00471996198276	-0.00541779561713	0.0526069103073	-0.0140220324325	-0.0130506703928	-0.0306096187823	-0.0124719458183	-0.0415905776139	-0.0344797949826	0.0010877721145	-0.0175360980702	0.070355708835	0.00221179298472	-0.0452092010984	-0.0466424674112	-0.0591316443194	-0.0116262813447	0.0177745057861	0.0623282049259	0.0283183658189	-0.0236124419933	-0.0287952819505	0.0456228004914	0.0465407484019	0.00541180029683	-0.00216054380918	-0.0404708195772	-0.0777780630015	0.0605010610639	-0.0126143206581	-0.0286530673148	0.0353632743319	-0.00933858457717	-0.0365252989588	-0.00641298674377	-0.00623267734295	-0.0394596039888	-0.00890460116142	0.0127203276323	-0.00139121984725
k__Bacteria;p__Bacteroidetes;c__Bacteroidia;o__Bacteroidales;f__Rikenellaceae;g__Alistipes;s__Alistipes_shahii	-0.011047497736	0.0302211231466	0.0378227795327	-0.0579551981064	-0.0264953215047	-0.000196811243321	1.0	0.0289086543533	0.0219033472349	0.0471756547059	-0.0425198796824	0.0469747808227	0.0189072738779	-0.00453361866218	0.0211192051648	-0.00261134861613	-0.0332297841012	-0.0641379308155	-0.0254645448916	0.00420332172552	0.0181972485224	-0.00474618463248	-0.095929707417	-0.0104500964306	-0.0216983919205	-0.00927577553425	0.0109923921123	-0.027004519433	-0.0427257606127	0.0377334333352	-0.0598540986971	-0.00301951899164	-0.0487787822312	0.0131810531135	0.0155969194625	-0.0168839081029	0.0106603240222	-0.00431531748441	-0.00568577226418	0.0546361797538	-0.0263553249188	0.0225040984294	-0.026747115639	0.0629833035704	0.0395058434739	0.00867249067533	0.0117894075266	-0.0549682468151	-0.0499729447125	-0.00304907581347	-0.02600354109	-0.0306759283566	-0.0218929212779	-0.040372560798	0.017797106409	-0.0323967250461	-0.0173145964844	-0.00452971605784	0.00962273887183
k__Bacteria;p__Firmicutes;c__Clostridia;o__Clostridiales;f__Ruminococcaceae;g__Faecalibacterium;s__Faecalibacterium_prausnitzii	-0.0419627254412	-0.0179263840423	0.00660703053258	-0.0119035260567	-0.00273371669667	-0.0186407348382	0.0289086543533	1.0	0.0481547622491	0.0365440048372	0.0162705713137	0.0444807624987	-0.0475742832711	-0.0187746846052	-0.0143460636668	-0.0165185648061	0.0390750927167	-0.0265269316477	-0.0628244487863	-0.0636518671206	-0.0206335279648	-0.0349745372745	-0.0169072184389	-0.003269817775	-0.0376797661939	-0.069763733354	0.00270295620201	-0.0226368622621	-0.0190443326811	0.0140287498343	-0.050914629809	0.032826067322	-0.0196349882198	-0.0276880049549	-0.0101351425938	0.0237561000275	-0.00928262312689	0.000483087346529	0.0609558157785	-0.0488823608051	-0.0552226351342	0.0295905745089	0.0238405212071	-0.00441655861783	0.0225103384474	-0.0689798366599	0.0372741809965	-0.0502021137274	-0.011792100969	-0.0277013614559	0.00595944799592	-0.0179368946437	-0.0495655293911	0.0145106513262	-0.0215510467561	0.00258876325303	-0.00585701351923	-0.0206964230065	0.0540304633825
k__Bacteria;p__Bacteroidetes;c__Bacteroidia;o__Bacteroidales;f__Rikenellaceae;g__Alistipes;s__Alistipes_finegoldii	0.00793929725005	0.024806491064	-0.0105996564746	-0.0276936497673	-0.0192962013136	0.0328119086423	0.0219033472349	0.0481547622491	1.0	0.00679189469413	0.00274245254916	-0.0169001486622	-0.00650766395969	0.00225012622159	-0.0135576230939	-0.023611985276	0.019401089492	-0.0248373366303	-0.0389013913374	-0.0129218801499	-0.0115700231582	0.00563430923207	-0.0592023653639	-0.0179497476281	-0.0813388099422	-0.0812756313055	-0.0173684229147	-0.0250573916606	-0.0681353394855	0.00497949308012	-0.0169070667126	0.0393003610873	-0.033827218881	0.0359672058138	0.0466979641929	0.0302166365232	-0.0193411610895	-0.0586144870735	-0.0241818296272	0.0320833323126	-0.018351450038	0.0216027794487	-0.0131185258153	0.0259752303077	-0.0482721883174	-0.0387876555076	0.0150406864149	-0.03020383301	-0.00398547536959	-0.0293962344253	-0.0686665385802	0.0324017994948	-0.042070978725	-0.00907146097565	0.00703421798942	-0.0188536761298	-0.00728846088497	0.0339217826808	-0.00703491479469
k__Bacteria;p__Bacteroidetes;c__Bacteroidia;o__Bacteroidales;f__Porphyromonadaceae;g__Parabacteroides;s__Parabacteroides_distasonis	0.0103372523054	-0.0260413680144	0.00804497971787	-0.00336275488721	0.0430839697989	-0.00560825686026	0.0471756547059	0.0365440048372	0.00679189469413	1.0	-0.0361012412701	-0.0414827606641	-0.0381808296075	0.00892272436511	-0.0261545374581	-0.0279169615601	0.0219241818121	-0.0466872589021	-0.0191004031704	0.0355154463995	-0.00448239245624	-0.0348159408125	-0.0267790093796	-0.0469375725897	0.00289238805144	-0.0939949053797	0.0793912774843	0.0175398791524	0.015228863768	-0.021922392596	-0.012262471118	-0.00576522118163	0.0230809641895	-0.0295427011176	0.0162110124911	-0.00070192394877	-0.0110234111334	0.0186686831763	0.0143824378408	0.0192869205281	-0.0433787404806	0.00832982365027	0.00805908675066	-0.0328012837658	-0.0528143811164	0.0192930572781	-0.0515186469573	0.00349884243231	-0.0216798259708	0.00771291589933	-0.0164216440916	-0.0500330549882	-0.0529672193915	-0.0229105917161	0.0160695904972	-0.00244845808837	-0.00413773945321	-0.0399106950089	-0.0202553226939
k__Bacteria;p__Bacteroidetes;c__Bacteroidia;o__Bacteroidales;f__Bacteroidaceae;g__Bacteroides;s__Bacteroides_thetaiotaomicron	-0.0303463860481	-0.00232400565071	-0.00726731977545	-0.0167362949557	-0.0230705723148	0.0395750272145	-0.0425198796824	0.0162705713137	0.00274245254916	-0.0361012412701	1.0	0.0321162174072	0.0548490191857	0.000284373880153	-0.0348960560966	0.00933202564762	-0.0148435093475	-0.0114036704907	0.0313088546292	-0.00952578924988	0.00193567985747	-0.0356745332935	-0.024278428545	-0.00146939300697	0.0075665387358	-0.0619997794669	-0.0463079930846	-0.0370174438669	0.0430698928467	-0.0099283540021	-0.0586166514404	-0.032722093832	0.00198911658269	-0.0374229163743	-0.0139595293072	-0.0308985988116	0.0256379412	-0.0247351934428	-0.013391771125	0.0127405793558	0.0101760727532	-0.00114874140629	0.0297303352255	-0.0528457158714	0.0493357518152	0.00327826686266	0.0200242831601	-0.0392744057149	-0.0143234220564	-0.0258913560174	-0.0284290188489	0.0534860612504	-0.0247442592533	-0.0208574281814	0.00709845455911	0.0129551597666	-0.00169823108569	0.0408532237466	-0.0107384164209
k__Bacteria;p__Bacteroidetes;c__Bacteroidia;o__Bacteroidales;f__Bacteroidaceae;g__Bacteroides;s__Bacteroides_coprocola	-0.0543978847631	-0.0494807375505	-0.0547015908252	-0.016694439991	-0.00233843509425	-0.0508627617927	0.0469747808227	0.0444807624987	-0.0169001486622	-0.0414827606641	0.0321162174072	1.0	-0.0247563604938	0.0232131257869	-0.0185061237349	0.0340798630188	-0.0286211661768	-0.0537321095294	0.0289431353998	-0.00591508627739	0.0239394962018	0.00225201163728	0.00951908185357	0.0337866769131	-0.00659914116664	-0.0160732472397	-0.00521287402024	-0.0389406694038	-0.0299590326043	0.0408634635252	-0.0124833887926	0.00707394956827	-0.0137613906862	-0.00661098256648	0.0391600625746	-0.0189353855302	-0.018710251977	-0.0274010897053	0.0347086030008	-0.0546762995183	-0.00254155506679	0.00945067896287	0.0374818410889	-0.0284050087526	-0.0188526409708	-0.0262694444952	-0.023133236772	0.00493433021034	0.000767934746526	0.0103686021563	0.0269811340365	-0.00377737664596	-0.0257220380295	-0.0914633543047	0.0245829427845	0.00576630449108	-0.000697148811153	-0.00613633463386	0.00570575889803
k__Bacteria;p__Bacteroidetes;c__Bacteroidia;o__Bacteroidales;f__Bacteroidaceae;g__Bacteroides;s__Bacteroides_cellulosilyticus	-0.0568010660007	-0.0428713577633	-0.0388745214713	0.00261577325424	-0.00498892103714	0.00882007811228	0.0189072738779	-0.0475742832711	-0.00650766395969	-0.0381808296075	0.0548490191857	-0.0247563604938	1.0	0.0205572065857	0.0223238254522	0.0554804215889	0.0117758159581	-0.0123685761153	-0.000339071843174	0.0493561118224	-0.0105260764957	-0.0133869857849	0.0271370503425	0.0275274622414	0.0415967389345	0.0407938674401	-0.0181005702201	-0.0659749275559	-0.0181298702518	-0.0329561645223	-0.0136348336751	0.0187980062625	-0.013100934675	-0.0302605128881	-0.0366698009673	-0.0549423742579	-0.00467282321361	0.000149638387134	0.0202793433461	0.0015377052366	-0.0271105761892	0.0172273961982	0.0057676751134	0.0187842829184	-0.0757856000411	0.0756515702861	0.00799573087546	-0.0256184882277	-0.0790228506975	-0.00758556575743	-0.027562589452	0.00466132463801	0.0159406242988	-0.0533960545152	-0.051306854551	-0.0105735356922	-0.0424710583206	0.00187891238323	-0.0106699002093
k__Bacteria;p__Bacteroidetes;c__Bacteroidia;o__Bacteroidales;f__Rikenellaceae;g__Alistipes;s__Alistipes_obesi	0.00373453858081	-0.0470855630975	-0.0284495513291	-0.0401861741471	-0.0060336553516	-0.0115277826662	-0.00453361866218	-0.0187746846052	0.00225012622159	0.00892272436511	0.000284373880153	0.0232131257869	0.0205572065857	1.0	-0.0268947500932	-0.032699512037	0.0540184470625	0.0500104576313	0.0185140670657	-0.0143401392027	0.0092133795088	-0.0330169543605	0.00484866899763	-0.00811436141464	0.0306126798831	-0.02490202234	-0.00267581156896	0.00383276852775	-0.0379045556223	0.0183514082263	-0.0345763523804	0.00844039069467	0.0400975730222	0.0288919333733	-0.0656450748651	0.000607542653763	-0.0409498490466	-0.0577879179395	-0.0293334331551	0.0410180783456	-0.0804451128493	0.0248255308831	-0.00467105911587	-0.0160284317465	0.0128815585041	0.0634847307908	-0.018568130252	0.0266332703984	0.0118691156391	-0.0567520783685	0.042119490228	-0.013788738972	0.015880323936	-0.0348791916539	-0.0106890226603	-0.0199861329286	0.0160453334367	-0.026583535122	-0.0233219537845
k__Bacteria;p__Firmicutes;c__Clostridia;o__Clostridiales;f__Lachnospiraceae;g__;s__[Eubacterium]_rectale	-0.0329530652428	0.0244544268868	-0.0052926431938	-0.0327229613607	0.0396353751569	-0.0179040793435	0.0211192051648	-0.0143460636668	-0.0135576230939	-0.0261545374581	-0.0348960560966	-0.0185061237349	0.0223238254522	-0.0268947500932	1.0	0.030850723253	-0.0516782778804	-0.0293979538105	0.00694839576026	-0.0476787087614	0.0579488673799	0.0251030534871	-0.0106452884692	-0.0424535701503	-0.0109507252251	0.000615481213046	-0.0180306911079	-0.0456314791864	-0.0250794831023	-0.0136062778066	0.0507492023533	-0.0203451784789	0.0125777985863	0.0660768839959	0.0250560532376	0.0396416225597	0.0171174195211	-0.0353396230646	-0.0233059487799	-0.00240998984519	0.0426096464379	-0.00625450459288	0.0127528623615	-0.0519416858344	0.0338424260429	0.00352240061626	-0.027108565233	0.026973072792	-0.0109227688124	0.00618118510359	-0.00362654570092	0.0226781424558	-0.0447011320173	-0.046652571358	0.0050969615614	-0.00463814166179	-0.0178054764798	-0.0472620089899	0.0144243517184
k__Bacteria;p__Bacteroidetes;c__Bacteroidia;o__Bacteroidales;f__Bacteroidaceae;g__Bacteroides;s__Bacteroides_plebeius	-0.0329780259496	-0.109070575088	-0.01198924575	-0.0281768455716	-0.0545774844292	0.027522664178	-0.00261134861613	-0.0165185648061	-0.023611985276	-0.0279169615601	0.00933202564762	0.0340798630188	0.0554804215889	-0.032699512037	0.030850723253	1.0	0.0286526161583	-0.0471583190592	-0.0314698416905	-0.0479687032246	0.028877112382	-0.0257424129009	-0.0494060181162	0.0178784137926	-0.0197905440351	-0.0404409770259	0.0173861538572	-0.00281559474981	-0.0239389820035	0.00649730041868	-0.0251528851885	-0.00687973181314	-0.0157651835706	0.0160831164024	-0.00137501374926	-0.0346443441872	0.0246869321817	-0.033439341942	-3.07846518382e-05	-0.0166523628171	0.00669043452451	-0.016831224084	0.027582551727	-0.0248697360494	0.0233246169777	-0.0323928313771	0.00856329865983	0.00207123258521	-0.016941624445	-0.0202061840158	-0.0068476157973	0.050860150766	0.0285209322077	-0.0467269391764	-0.0552646535048	-0.00997701329905	0.0481976902712	-0.054657758975	-0.0271882083967
k__Bacteria;p__Bacteroidetes;c__Bacteroidia;o__Bacteroidales;f__Bacteroidaceae;g__Bacteroides;s__Bacteroides_fragilis	-0.00427642503102	0.0141012513597	0.025442630583	0.00751939911564	0.0192539890738	0.0225231971126	-0.0332297841012	0.0390750927167	0.019401089492	0.0219241818121	-0.0148435093475	-0.0286211661768	0.0117758159581	0.0540184470625	-0.0516782778804	0.0286526161583	1.0	-0.0126098116357	0.0351949588112	-0.0172370566418	0.0105697850589	-0.00999469512382	0.00105540948309	0.0665377781345	0.0351209196807	-0.0536601368886	-0.00621316044952	0.069234005394	0.00230797702522	-0.0162655567323	-0.0332296498913	0.00542210487081	-0.0144088800728	-0.0567355629598	-0.00754187107527	0.00714831904882	-0.0654876532869	0.00606522704821	-0.00897497831057	0.0290189901261	-0.0258672718284	-0.033342561784	0.00999031200927	-0.0340149409459	0.0404439542809	0.0106251812022	-0.0320879747321	-0.0795571404657	-0.0600386955937	-0.00195806154848	-0.00471464255308	0.0352125361653	0.0403184954232	0.0205068036707	0.00101505627856	0.00181602478934	-0.0161998726716	0.0225794442662	-0.0344550313235
k__Bacteria;p__Proteobacteria;c__Betaproteobacteria;o__Burkholderiales;f__Sutterellaceae;g__Sutterella;s__Sutterella_wadsworthensis	-0.051919506395	-0.0121943396389	0.0337437853737	0.00156878940718	-0.00934310871339	0.0408516060471	-0.0641379308155	-0.0265269316477	-0.0248373366303	-0.0466872589021	-0.0114036704907	-0.0537321095294	-0.0123685761153	0.0500104576313	-0.0293979538105	-0.0471583190592	-0.0126098116357	1.0	-0.0185238845727	0.00500829972145	-0.0142048372429	-0.0484885053225	0.0347214413862	-0.040253161937	0.020522577343	0.0034588537198	-0.000380337126823	0.00236329582781	-0.0283228231936	0.0222984565297	0.0802642391104	0.0208466839212	-0.0324732399197	-0.0315955718284	0.0675310460591	-0.0147388270948	0.0266208847657	-0.0182305230826	0.0195918005185	-0.00469824186911	-0.0429642813097	0.0308904405251	0.0158498230039	0.0132282254925	0.00239472314104	0.0215720087594	-0.0536207519376	-0.0408986429087	-0.00543039251005	-0.0469944587207	0.00641612606542	-0.0675715626166	0.0439014614908	-0.00772505073832	-0.00120669075837	0.00400414084497	0.00025194679419	-0.0114692432531	-0.0203768683298
k__Bacteria;p__Bacteroidetes;c__Bacteroidia;o__Bacteroidales;f__Porphyromonadaceae;g__Barnesiella;s__Barnesiella_intestinihominis	-0.036165097547	-0.052405877686	0.057877698632	-0.0481693177891	0.053289779315	0.000517296497361	-0.0254645448916	-0.0628244487863	-0.0389013913374	-0.0191004031704	0.0313088546292	0.0289431353998	-0.000339071843174	0.0185140670657	0.00694839576026	-0.0314698416905	0.0351949588112	-0.0185238845727	1.0	0.0057818738782	0.0107511990346	-0.0049558011569	0.0163695879408	0.0572993959234	-0.0259572450752	0.0114793766493	0.00521086222115	-0.00754003183891	-0.0411147637343	0.0243272671901	0.0216968079317	0.044953658575	-0.0410612292154	0.0167856734713	-0.0403728639338	-0.0180434512685	-0.052741034883	0.0083576564344	0.00687548526408	-0.0422409683062	-0.0188264299411	-0.00794072038736	0.00684326991169	-0.0417205642962	-0.0228244001626	-0.027089719214	-0.0242522240259	-0.000493883035202	-0.0551397341716	0.0416460489476	-0.0828168420399	-0.0395878387936	-0.00944520278712	-0.0460327588592	0.0149055274412	-0.0425264423388	-0.0201336629944	-0.0188196724533	-0.00153177233008
k__Bacteria;p__Bacteroidetes;c__Bacteroidia;o__Bacteroidales;f__Odoribacteraceae;g__Odoribacter;s__Odoribacter_splanchnicus	0.021361716639	0.015568152714	-0.00911813097211	0.00866514532305	-0.00787502582435	0.00471996198276	0.00420332172552	-0.0636518671206	-0.0129218801499	0.0355154463995	-0.00952578924988	-0.00591508627739	0.0493561118224	-0.0143401392027	-0.0476787087614	-0.0479687032246	-0.0172370566418	0.00500829972145	0.0057818738782	1.0	0.0501028637999	0.0168646113612	0.00286691207098	0.00246930576064	0.0739410592634	-0.0350967731951	-0.0287822838057	0.0197828631614	0.0476271474766	-0.0406052441792	0.00274664133707	-0.00536205640432	-0.0345494447615	-0.0355594753941	0.00303634233628	0.0204554760219	-0.00596057673648	0.0225639991729	0.0365633505582	-0.0396752371432	0.0109736255122	0.00278925389735	-0.0231498296806	-0.0718208361384	0.0212089088136	-0.0103160008773	0.0204579417575	0.0150684560837	0.0574310254209	-0.00422993950584	-0.0279495031722	-0.0104826847479	-0.00965119841516	-0.022163818867	-0.0429912593509	-2.71207769901e-05	-0.00862271049844	0.0104560179752	-0.0181775458055
k__Bacteria;p__Bacteroidetes;c__Bacteroidia;o__Bacteroidales;f__Bacteroidaceae;g__Bacteroides;s__Bacteroides_salyersiae	-0.0144178621078	0.0525385677515	-0.0849987547688	-0.00967410242022	-0.0959960085271	-0.00541779561713	0.0181972485224	-0.0206335279648	-0.0115700231582	-0.00448239245624	0.00193567985747	0.0239394962018	-0.0105260764957	0.0092133795088	0.0579488673799	0.028877112382	0.0105697850589	-0.0142048372429	0.0107511990346	0.0501028637999	1.0	0.00231308508947	0.0111947935826	-0.0157781468985	-0.0319247969865	-0.0102686066043	0.025496530146	-0.0439263800077	-0.0207376553344	0.0109237915656	-0.0246900720853	0.000140821158617	0.0461398151172	-0.0458851632701	0.0244422716675	0.034716658003	-0.0585778419304	0.000195150754608	0.0227247585797	-0.0392942261508	-0.0182740608249	0.00529243728381	-0.0355201014066	-0.071307792709	-0.0268134532922	-0.0380509197272	0.0294366874743	0.0213774509739	-0.0289611278657	-0.0316241084006	0.0270494803016	-0.031863452795	0.033190503728	-0.0207405267179	0.00545973418319	0.0101377390462	-0.0205961691053	-0.0121172169483	0.0495820885123
k__Bacteria;p__Firmicutes;c__Clostridia;o__Clostridiales;f__Ruminococcaceae;g__Ruminiclostridium;s__[Eubacterium]_siraeum	-0.029806932658	-0.000600711504267	0.00422788068936	0.0226222497086	-0.0135522350713	0.0526069103073	-0.00474618463248	-0.0349745372745	0.00563430923207	-0.0348159408125	-0.0356745332935	0.00225201163728	-0.0133869857849	-0.0330169543605	0.0251030534871	-0.0257424129009	-0.00999469512382	-0.0484885053225	-0.0049558011569	0.0168646113612	0.00231308508947	1.0	0.00198157838236	0.0246865848102	0.021741196973	0.00301409176184	-0.0174901804147	-0.0200494768844	-0.0068336031934	-0.0126449573792	0.0214152161854	-0.0592175551273	0.0126569494829	-0.0200975978159	-0.0415982045017	-0.0174718196622	0.030523454479	0.018015050143	-0.00626555155079	-0.0440746521298	0.0118707563474	0.0661079528412	-0.00341770190346	-0.00880564611	0.0010485938019	-0.0146416853644	-0.027954440835	0.0254040171656	-0.0127492530506	0.00251049285568	-0.0155355504019	-0.0315062101265	0.00639542632284	-0.0231835192974	0.0396391715223	0.000416175607452	0.0272319011438	-0.0648408738945	-0.00955747806701
k__Bacteria;p__Proteobacteria;c__Betaproteobacteria;o__Burkholderiales;f__Sutterellaceae;g__Parasutterella;s__Parasutterella_excrementihominis	0.00996274238411	-0.01207428212	0.0126707767806	-0.0302718807018	0.016014016624	-0.0140220324325	-0.095929707417	-0.0169072184389	-0.0592023653639	-0.0267790093796	-0.024278428545	0.00951908185357	0.0271370503425	0.00484866899763	-0.0106452884692	-0.0494060181162	0.00105540948309	0.0347214413862	0.0163695879408	0.00286691207098	0.0111947935826	0.00198157838236	1.0	0.0205198309895	-0.0185961903693	-0.115465869263	-0.011137483238	-0.0240684097367	-0.00133968623559	0.0229823341739	-0.0137078363455	-0.00652418241818	0.0704596714665	0.0135570310272	-0.0258124294776	0.0133645004254	0.0179321769914	0.0348627166214	0.014744465669	-0.0147721586808	-0.0318164967763	-0.028572131701	0.0314810873538	0.0574967746706	-0.0338779029516	-0.0192104012106	-0.0400006739105	-0.00138948282818	-0.0262947303863	0.000560922127163	0.0155938164489	0.0323464714592	-0.0490089835728	0.00740488890871	0.0254162150898	-0.023316674506	-0.0117971514	0.0385616981066	-0.00291756744138
k__Bacteria;p__Actinobacteria;c__Actinobacteria;o__Bifidobacteriales;f__Bifidobacteriaceae;g__Bifidobacterium;s__Bifidobacterium_adolescentis	-0.0216543859126	-0.0763046994507	-0.0367103824169	-0.0519784873839	-0.0126399140679	-0.0130506703928	-0.0104500964306	-0.003269817775	-0.0179497476281	-0.0469375725897	-0.00146939300697	0.0337866769131	0.0275274622414	-0.00811436141464	-0.0424535701503	0.0178784137926	0.0665377781345	-0.040253161937	0.0572993959234	0.00246930576064	-0.0157781468985	0.0246865848102	0.0205198309895	1.0	-0.028273088235	-0.0296048535807	0.00896677305169	-0.0376105158863	-0.00508535873719	0.00503864673497	-0.0569400975479	-0.0390079040025	-0.017103078418	0.0154431558225	-0.0197361799163	-0.0074869306988	0.00625768306157	0.00143930133955	-0.00629341642546	-0.0256100228459	-0.0401365576989	-0.0130197081173	0.00777217131134	0.0275621430364	-0.026672597359	0.0224793313613	-0.0679482955136	0.0352362960213	0.0453548482563	0.0121755240284	-0.00745152687949	0.027000087916	0.0214176256906	-0.0398743507238	0.0328359308989	-0.0455384938557	-0.00685756350467	0.0449445451753	-0.00103171298096
k__Bacteria;p__Firmicutes;c__Clostridia;o__Clostridiales;f__Oscillospiraceae;g__Oscillibacter;s__Oscillibacter_sp._KLE_1745	-0.0388014393928	-0.00381873331963	0.000357576640116	0.01036712085	-0.050296761012	-0.0306096187823	-0.0216983919205	-0.0376797661939	-0.0813388099422	0.00289238805144	0.0075665387358	-0.00659914116664	0.0415967389345	0.0306126798831	-0.0109507252251	-0.0197905440351	0.0351209196807	0.020522577343	-0.0259572450752	0.0739410592634	-0.0319247969865	0.021741196973	-0.0185961903693	-0.028273088235	1.0	0.0222946975093	-0.0123801470054	0.0139102544809	-0.00129094603078	-0.0361685695018	0.00719941707425	-0.0162026186847	-0.00595494926581	0.0234381413596	0.0146965662156	0.0190311256663	0.00935642526039	-0.0468191460311	0.0635969630601	-0.010119944499	0.0625059801821	-0.035347848677	0.011102882707	0.0281119202044	-0.0379098041558	-0.0798440433516	-0.0130605351453	-0.0119756292538	0.0118454231798	0.00524018436447	0.0203806579926	-0.0195927459876	-0.0327729201661	0.0231522952528	0.0125769172516	0.0169181925584	-0.00900311643417	0.0122023025078	-0.0392886550285
k__Bacteria;p__Bacteroidetes;c__Bacteroidia;o__Bacteroidales;f__Bacteroidaceae;g__Bacteroides;s__Bacteroides_coprophilus	-0.0353740456545	-0.033963617218	0.0124466938959	-0.017261296477	-0.0375535043354	-0.0124719458183	-0.00927577553425	-0.069763733354	-0.0812756313055	-0.0939949053797	-0.0619997794669	-0.0160732472397	0.0407938674401	-0.02490202234	0.000615481213046	-0.0404409770259	-0.0536601368886	0.0034588537198	0.0114793766493	-0.0350967731951	-0.0102686066043	0.00301409176184	-0.115465869263	-0.0296048535807	0.0222946975093	1.0	-0.07147230338	0.00628620758793	0.0188319291985	0.00137491952714	0.00440664164037	-0.016318024736	0.0432790741284	-0.0415074148765	-0.0226333185842	-0.00623139728036	0.0203688275116	0.0334128878231	-0.0554397825122	-0.01487227681	-0.0229680152591	-0.00137643649264	0.0572746522967	0.0195300635224	0.0202037409515	0.0481823400855	0.00475561379393	0.0287761088548	-0.0295746941387	0.00646080638809	0.0044274938792	0.049888533329	0.054225294243	0.0536403007457	-0.0202457969571	0.0185757451095	0.0135797626823	0.0339336949521	0.00444865856566
k__Bacteria;p__Firmicutes;c__Clostridia;o__Clostridiales;f__Lachnospiraceae;g__Roseburia;s__Roseburia_intestinalis	-0.0061891153727	-0.0346222181767	0.0143194661813	-0.029326445251	-0.0165079658812	-0.0415905776139	0.0109923921123	0.00270295620201	-0.0173684229147	0.0793912774843	-0.0463079930846	-0.00521287402024	-0.0181005702201	-0.00267581156896	-0.0180306911079	0.0173861538572	-0.00621316044952	-0.000380337126823	0.00521086222115	-0.0287822838057	0.025496530146	-0.0174901804147	-0.011137483238	0.00896677305169	-0.0123801470054	-0.07147230338	1.0	0.00333706868976	-0.0385241801914	-0.0581075843833	-0.00874325497385	0.00720032989272	-0.0527759047125	-0.0449070979321	0.0453433232464	-0.0226343801347	0.0159524532362	0.0500587099281	0.0446669400112	0.0157308144337	-0.04416785409	-0.00532663862365	-0.0268535394979	-0.0145727454206	-0.0487745277139	-0.0272893526392	-0.0406270706683	0.014111402199	0.0557685891435	-0.0629213353934	0.0121678308853	-0.0251285513053	-0.0206763416224	0.0355398286497	-0.0212584815028	-0.0374170448271	0.0305475353427	-0.00531585220378	0.0282494099974
k__Bacteria;p__Firmicutes;c__Clostridia;o__Clostridiales;f__Lachnospiraceae;g__Roseburia;s__Roseburia_hominis	0.00311541219843	-0.00248949408257	0.0407901248318	0.0519319424083	-0.0140972808215	-0.0344797949826	-0.027004519433	-0.0226368622621	-0.0250573916606	0.0175398791524	-0.0370174438669	-0.0389406694038	-0.0659749275559	0.00383276852775	-0.0456314791864	-0.00281559474981	0.069234005394	0.00236329582781	-0.00754003183891	0.0197828631614	-0.0439263800077	-0.0200494768844	-0.0240684097367	-0.0376105158863	0.0139102544809	0.00628620758793	0.00333706868976	1.0	-0.0243087851127	0.0246439580292	0.00807435134814	-0.0312166554455	-0.0332273445706	-0.00209541169113	-0.0378940938662	0.0250022773914	-0.0221670724834	-0.0227317090578	-0.0184223582054	-0.0251620491211	-0.0281843743856	0.00905762226446	-0.0169580691319	0.00923064411193	-0.0230224953034	0.0807707073907	0.021711889679	-0.053067256464	-0.00452519642429	0.0224204953865	-0.0314224426272	0.0714822150058	0.0127347951054	0.0234271383179	-0.0183440515892	0.0277885345126	-0.0836920656483	-0.00650982555543	0.0142664952285
k__Bacteria;p__Bacteroidetes;c__Bacteroidia;o__Bacteroidales;f__Porphyromonadaceae;g__Parabacteroides;s__Parabacteroides_johnsonii	-0.0278105255464	-0.0164722314268	-0.0383972917133	-0.0405151162689	0.039073752437	0.0010877721145	-0.0427257606127	-0.0190443326811	-0.0681353394855	0.015228863768	0.0430698928467	-0.0299590326043	-0.0181298702518	-0.0379045556223	-0.0250794831023	-0.0239389820035	0.00230797702522	-0.0283228231936	-0.0411147637343	0.0476271474766	-0.0207376553344	-0.0068336031934	-0.00133968623559	-0.00508535873719	-0.00129094603078	0.0188319291985	-0.0385241801914	-0.0243087851127	1.0	0.000206941196805	-0.0389808489958	0.0166341818688	0.00667497993563	0.0068406798568	-0.00171471543233	-0.00762627313434	-0.0573498823233	0.0111429571896	-0.0319839861513	0.0095746790144	-0.0331605795882	0.0123854830824	0.0242695017604	-0.00849090745195	0.0392741025446	-0.035488571263	0.0197192392656	0.024018196628	0.0546845014394	-0.0205599007185	0.00998227313128	0.0134166981009	-0.0198398670639	-0.0414415953829	0.00235320736416	-0.0136832623499	0.025513675947	0.00238923695135	0.00461325201516
k__Bacteria;p__Actinobacteria;c__Actinobacteria;o__Bifidobacteriales;f__Bifidobacteriaceae;g__Bifidobacterium;s__Bifidobacterium_longum	-0.0327136561815	0.0131809992818	-0.0233384275662	0.0263274014631	-0.0419593652266	-0.0175360980702	0.0377334333352	0.0140287498343	0.00497949308012	-0.021922392596	-0.0099283540021	0.0408634635252	-0.0329561645223	0.0183514082263	-0.0136062778066	0.00649730041868	-0.0162655567323	0.0222984565297	0.0243272671901	-0.0406052441792	0.0109237915656	-0.0126449573792	0.0229823341739	0.00503864673497	-0.0361685695018	0.00137491952714	-0.0581075843833	0.0246439580292	0.000206941196805	1.0	-0.00825160690091	-0.0053520782822	-0.0304246792129	-0.100349219645	0.0291984169158	-0.058725616175	0.018257651318	-0.000587423050007	-0.012857463604	-0.0205439844031	-0.0269776873237	-0.0420105328249	-0.0307689822485	-0.0344538986624	0.0279913647102	0.00197078346796	-0.0307474881355	-0.00902933522883	-0.025794075242	-0.0571360460386	-0.0218494429219	0.0577069004094	-0.0376803647961	0.0143676692168	0.0431141635434	0.00120754600938	0.0646794461096	0.0455369934916	-0.034284604257
