#taxonomy	k__Bacteria;p__Bacteroidetes;c__Bacteroidia;o__Bacteroidales;f__Bacteroidaceae;g__Bacteroides;s__Bacteroides_vulgatus	k__Bacteria;p__Bacteroidetes;c__Bacteroidia;o__Bacteroidales;f__Bacteroidaceae;g__Bacteroides;s__Bacteroides_uniformis	k__Bacteria;p__Bacteroidetes;c__Bacteroidia;o__Bacteroidales;f__Rikenellaceae;g__Alistipes;s__Alistipes_putredinis	k__Bacteria;p__Bacteroidetes;c__Bacteroidia;o__Bacteroidales;f__Prevotellaceae;g__Prevotella;s__Prevotella_copri	k__Bacteria;p__Bacteroidetes;c__Bacteroidia;o__Bacteroidales;f__Bacteroidaceae;g__Bacteroides;s__Bacteroides_stercoris	k__Bacteria;p__Bacteroidetes;c__Bacteroidia;o__Bacteroidales;f__Bacteroidaceae;g__Bacteroides;s__Bacteroides_ovatus	k__Bacteria;p__Bacteroidetes;c__Bacteroidia;o__Bacteroidales;f__Rikenellaceae;g__Alistipes;s__Alistipes_shahii	k__Bacteria;p__Firmicutes;c__Clostridia;o__Clostridiales;f__Ruminococcaceae;g__Faecalibacterium;s__Faecalibacterium_prausnitzii	k__Bacteria;p__Bacteroidetes;c__Bacteroidia;o__Bacteroidales;f__Rikenellaceae;g__Alistipes;s__Alistipes_finegoldii	k__Bacteria;p__Bacteroidetes;c__Bacteroidia;o__Bacteroidales;f__Porphyromonadaceae;g__Parabacteroides;s__Parabacteroides_distasonis	k__Bacteria;p__Bacteroidetes;c__Bacteroidia;o__Bacteroidales;f__Bacteroidaceae;g__Bacteroides;s__Bacteroides_thetaiotaomicron	k__Bacteria;p__Bacteroidetes;c__Bacteroidia;o__Bacteroidales;f__Bacteroidaceae;g__Bacteroides;s__Bacteroides_coprocola	k__Bacteria;p__Bacteroidetes;c__Bacteroidia;o__Bacteroidales;f__Bacteroidaceae;g__Bacteroides;s__Bacteroides_cellulosilyticus	k__Bacteria;p__Bacteroidetes;c__Bacteroidia;o__Bacteroidales;f__Rikenellaceae;g__Alistipes;s__Alistipes_obesi	k__Bacteria;p__Firmicutes;c__Clostridia;o__Clostridiales;f__Lachnospiraceae;g__;s__[Eubacterium]_rectale	k__Bacteria;p__Bacteroidetes;c__Bacteroidia;o__Bacteroidales;f__Bacteroidaceae;g__Bacteroides;s__Bacteroides_plebeius	k__Bacteria;p__Bacteroidetes;c__Bacteroidia;o__Bacteroidales;f__Bacteroidaceae;g__Bacteroides;s__Bacteroides_fragilis	k__Bacteria;p__Proteobacteria;c__Betaproteobacteria;o__Burkholderiales;f__Sutterellaceae;g__Sutterella;s__Sutterella_wadsworthensis	k__Bacteria;p__Bacteroidetes;c__Bacteroidia;o__Bacteroidales;f__Porphyromonadaceae;g__Barnesiella;s__Barnesiella_intestinihominis	k__Bacteria;p__Bacteroidetes;c__Bacteroidia;o__Bacteroidales;f__Odoribacteraceae;g__Odoribacter;s__Odoribacter_splanchnicus	k__Bacteria;p__Bacteroidetes;c__Bacteroidia;o__Bacteroidales;f__Bacteroidaceae;g__Bacteroides;s__Bacteroides_salyersiae	k__Bacteria;p__Firmicutes;c__Clostridia;o__Clostridiales;f__Ruminococcaceae;g__Ruminiclostridium;s__[Eubacterium]_siraeum	k__Bacteria;p__Proteobacteria;c__Betaproteobacteria;o__Burkholderiales;f__Sutterellaceae;g__Parasutterella;s__Parasutterella_excrementihominis	k__Bacteria;p__Actinobacteria;c__Actinobacteria;o__Bifidobacteriales;f__Bifidobacteriaceae;g__Bifidobacterium;s__Bifidobacterium_adolescentis	k__Bacteria;p__Firmicutes;c__Clostridia;o__Clostridiales;f__Oscillospiraceae;g__Oscillibacter;s__Oscillibacter_sp._KLE_1745	k__Bacteria;p__Bacteroidetes;c__Bacteroidia;o__Bacteroidales;f__Bacteroidaceae;g__Bacteroides;s__Bacteroides_coprophilus	k__Bacteria;p__Firmicutes;c__Clostridia;o__Clostridiales;f__Lachnospiraceae;g__Roseburia;s__Roseburia_intestinalis	k__Bacteria;p__Firmicutes;c__Clostridia;o__Clostridiales;f__Lachnospiraceae;g__Roseburia;s__Roseburia_hominis	k__Bacteria;p__Bacteroidetes;c__Bacteroidia;o__Bacteroidales;f__Porphyromonadaceae;g__Parabacteroides;s__Parabacteroides_johnsonii	k__Bacteria;p__Actinobacteria;c__Actinobacteria;o__Bifidobacteriales;f__Bifidobacteriaceae;g__Bifidobacterium;s__Bifidobacterium_longum	k__Bacteria;p__Firmicutes;c__Clostridia;o__Clostridiales;f__;g__Flavonifractor;s__Flavonifractor_plautii	k__Bacteria;p__Firmicutes;c__Clostridia;o__Clostridiales;f__Clostridiaceae;g__Clostridium;s__Clostridium_phoceensis	k__Bacteria;p__Verrucomicrobia;c__Verrucomicrobiae;o__Verrucomicrobiales;f__Akkermansiaceae;g__Akkermansia;s__Akkermansia_muciniphila	k__Bacteria;p__Bacteroidetes;c__Bacteroidia;o__Bacteroidales;f__Prevotellaceae;g__Paraprevotella;s__Paraprevotella_xylaniphila	k__Bacteria;p__Firmicutes;c__Clostridia;o__Clostridiales;f__Ruminococcaceae;g__Ruminococcus;s__Ruminococcus_callidus	k__Bacteria;p__Bacteroidetes;c__Bacteroidia;o__Bacteroidales;f__Rikenellaceae;g__Alistipes;s__Alistipes_senegalensis	k__Bacteria;p__Firmicutes;c__Clostridia;o__Clostridiales;f__Lachnospiraceae;g__Blautia;s__Blautia_sp._KLE_1732	k__Bacteria;p__Bacteroidetes;c__Bacteroidia;o__Bacteroidales;f__Bacteroidaceae;g__Bacteroides;s__Bacteroides_oleiciplenus	k__Bacteria;p__Firmicutes;c__Clostridia;o__Clostridiales;f__Ruminococcaceae;g__Ruminococcus;s__Ruminococcus_bicirculans	k__Bacteria;p__Bacteroidetes;c__Bacteroidia;o__Bacteroidales;f__Bacteroidaceae;g__Bacteroides;s__Bacteroides_fluxus	k__Bacteria;p__Bacteroidetes;c__Bacteroidia;o__Bacteroidales;f__Prevotellaceae;g__Prevotella;s__Prevotella_stercorea	k__Bacteria;p__Firmicutes;c__Clostridia;o__Clostridiales;f__Lachnospiraceae;g__Dorea;s__Dorea_longicatena	k__Bacteria;p__Firmicutes;c__Clostridia;o__Clostridiales;f__Eubacteriaceae;g__Eubacterium;s__[Eubacterium]_eligens	k__Bacteria;p__Firmicutes;c__Clostridia;o__Clostridiales;f__Ruminococcaceae;g__;s__Ruminococcaceae_bacterium_D16	k__Bacteria;p__Firmicutes;c__Clostridia;o__Clostridiales;f__Lachnospiraceae;g__Coprococcus;s__Coprococcus_comes	k__Bacteria;p__Proteobacteria;c__Gammaproteobacteria;o__Enterobacterales;f__Enterobacteriaceae;g__Escherichia;s__Escherichia_coli	k__Bacteria;p__Firmicutes;c__Clostridia;o__Clostridiales;f__Ruminococcaceae;g__Anaerotruncus;s__Anaerotruncus_colihominis	k__Bacteria;p__Firmicutes;c__Clostridia;o__Clostridiales;f__Lachnospiraceae;g__Blautia;s__Blautia_obeum	k__Bacteria;p__Bacteroidetes;c__Bacteroidia;o__Bacteroidales;f__Odoribacteraceae;g__Odoribacter;s__Odoribacter_laneus	k__Bacteria;p__Firmicutes;c__Clostridia;o__Clostridiales;f__Ruminococcaceae;g__Ruminiclostridium;s__[Clostridium]_leptum	k__Bacteria;p__Bacteroidetes;c__Bacteroidia;o__Bacteroidales;f__Porphyromonadaceae;g__Parabacteroides;s__Parabacteroides_goldsteinii	k__Bacteria;p__Firmicutes;c__Clostridia;o__Clostridiales;f__Lachnospiraceae;g__Anaerostipes;s__Anaerostipes_hadrus	k__Bacteria;p__Firmicutes;c__Clostridia;o__Clostridiales;f__Ruminococcaceae;g__Ruminococcus;s__Ruminococcus_lactaris	k__Bacteria;p__Firmicutes;c__Clostridia;o__Clostridiales;f__Clostridiaceae;g__Clostridium;s__Clostridium_sp._L2-50	k__Bacteria;p__Firmicutes;c__Clostridia;o__Clostridiales;f__Clostridiaceae;g__Clostridium;s__Clostridium_sp._M62/1	k__Bacteria;p__Firmicutes;c__Clostridia;o__Clostridiales;f__;g__Intestinimonas;s__Intestinimonas_butyriciproducens	k__Bacteria;p__Actinobacteria;c__Actinobacteria;o__Bifidobacteriales;f__Bifidobacteriaceae;g__Bifidobacterium;s__Bifidobacterium_bifidum	k__Bacteria;p__Firmicutes;c__Negativicutes;o__Veillonellales;f__Veillonellaceae;g__Dialister;s__Dialister_invisus	k__Bacteria;p__Bacteroidetes;c__Bacteroidia;o__Bacteroidales;f__Bacteroidaceae;g__Bacteroides;s__Bacteroides_salanitronis
k__Bacteria;p__Bacteroidetes;c__Bacteroidia;o__Bacteroidales;f__Bacteroidaceae;g__Bacteroides;s__Bacteroides_vulgatus	1.0	-0.016750318717	-0.0246361928913	0.0664587542049	-0.0441396013038	-0.011037970213	-0.0312364006345	-0.0192148948356	0.0345610743388	0.0240598159649	-0.0469865211429	-0.00865585444325	-0.00234728721649	0.00626420532146	-0.0226589153501	-0.0192753931732	0.0308306008435	-0.0350744910264	0.03372643103	-0.0214328014735	-0.0595351036212	0.0423029255753	-0.0115599510514	-0.0199602794554	0.0135764241053	0.00178235632225	-0.0400169011467	-0.00148334230947	0.0204801399192	0.0266156258148	-0.0410726403887	0.023035635007	-0.00699597895857	-0.0268799987974	0.0355581994139	-0.0566717407423	0.0438206639903	0.0011270165402	-0.0767121178652	-0.089793069272	-0.0192718169116	0.0246504066942	-0.0307558916973	-0.00102563758273	-0.0274112670029	0.00297030886139	-0.0174673069171	0.0139958978564	-0.0284185555079	0.0453527082207	-0.00746297164936	0.0329937979585	0.0173395720043	-0.0501272465429	-0.030485072378	-0.0205838436918	0.0113670632401	-0.0297950599153	-0.000667079042131
k__Bacteria;p__Bacteroidetes;c__Bacteroidia;o__Bacteroidales;f__Bacteroidaceae;g__Bacteroides;s__Bacteroides_uniformis	-0.016750318717	1.0	0.00272464149422	-0.0608188536573	0.0186908058267	0.0612436332211	-0.00920579920929	-0.0306177576216	0.0227027202529	0.00541342628096	-0.0579576980166	-0.0305820755269	-0.00884091251573	-0.0724997892986	-0.0314349083409	0.0181788878951	-0.0168204125164	-0.0941880153268	0.00616964561355	-0.0437173328786	0.036416457068	-0.017242730495	0.00942013161861	0.0227543863509	-0.0256991114474	-0.0588076799853	0.0379757036433	0.0355434104831	0.0204506532218	-0.0233705781407	0.0233862316934	-0.0137472531674	-0.0217334749395	0.0671012439701	-0.0269843878362	0.0147498152248	0.0394382749501	-0.0594988694843	-0.0790703028215	0.0752041419288	-0.0133154185088	0.0258647325731	0.00484045164045	0.0207319198349	0.0122748342007	-0.00326763044651	-0.058316441443	-0.00764084950888	-0.0351634246157	-0.00969275187102	-0.0229480110701	0.036354135953	0.027952419996	-0.0253711646312	-0.0228729805656	0.0235415857375	0.00164653117229	0.00268479827845	-0.0540442854884
k__Bacteria;p__Bacteroidetes;c__Bacteroidia;o__Bacteroidales;f__Rikenellaceae;g__Alistipes;s__Alistipes_putredinis	-0.0246361928913	0.00272464149422	1.0	-0.0457298646284	-0.0131971774695	0.0826521050507	0.00955443796086	0.00237484372717	0.0278599346263	0.0464979714822	-0.0444969451231	0.00668744993984	-0.000753769091954	0.0290815822134	-0.0188584594845	-0.0261306219071	-0.0451065144652	-0.0174867461679	-0.0565351778682	0.00502893805733	0.0233542249482	-0.0447648472493	-0.00198003780334	-0.0437360705866	0.0319859860774	0.079765305667	-0.0483647747247	0.0278216614641	0.0611370975409	-0.00122616843395	0.0162945039542	0.0177215237864	0.0330770593598	0.0495920162356	0.00350185988669	-0.046924524746	-0.00325543139788	-0.0660541826604	0.0176888065788	-0.0362190745153	-0.00185513477591	-0.0106242047971	0.0199936409032	0.00955856049354	0.00271837845674	0.0157505327782	-0.00628344521821	-0.0143780200695	-0.021167434434	0.000711144955266	-0.0200205066186	-0.0244668215575	0.0130447564056	0.0363886692132	-0.0187243279369	0.0231687522708	-0.0215647959384	-0.0258548778979	-0.00090245894936
k__Bacteria;p__Bacteroidetes;c__Bacteroidia;o__Bacteroidales;f__Prevotellaceae;g__Prevotella;s__Prevotella_copri	0.0664587542049	-0.0608188536573	-0.0457298646284	1.0	-0.0226018188535	0.00115155103568	0.0623257368977	-0.0702666815143	-0.0230229433658	0.0261358433549	0.000149694159815	0.0395307404171	-0.0289545739819	-0.016370857071	0.0675445621603	-0.0227569253766	-0.00493399295093	-0.0207461518093	-0.0776402037561	0.0104490441605	-0.00577753291371	-0.020278474594	-0.0433531319611	-0.0029124612729	-0.0234105277001	0.0245495840767	-0.00290305653462	-0.016074669665	-0.0138310299947	0.000306251107868	-0.00545133344557	0.0029356595929	0.0090311827323	0.0054331697444	-0.000287121585983	-0.0266677701545	-0.0301463629117	-0.0476975670523	-0.0492118655911	-0.00808025729837	0.00810162373207	0.0370610476252	-0.0721479457244	-0.035767955591	-0.0245917809951	-0.0352911718509	-0.000902765549003	0.00056265771632	-0.00122774391353	0.0243870620436	0.0132687984088	-0.000784251848299	-0.0065510088198	0.0207707168378	0.031040138025	-0.0239657033121	0.0224027654578	-0.0475573626314	-0.0559609081663
k__Bacteria;p__Bacteroidetes;c__Bacteroidia;o__Bacteroidales;f__Bacteroidaceae;g__Bacteroides;s__Bacteroides_stercoris	-0.0441396013038	0.0186908058267	-0.0131971774695	-0.0226018188535	1.0	-0.00604066549052	-0.0483267338828	-0.00159080188086	0.0528416735845	-0.0131207117204	-0.0447177727243	-0.0297261926928	0.0433240385233	-0.0302698795523	-0.0428382993305	-0.0325568796984	-0.000859867269471	-0.0673780754274	-0.0246671113508	0.0019357000698	0.0161744434905	0.0441538201268	-0.0405252280358	0.0389863987798	0.0346771179089	-0.0343878201148	-0.0133363619593	0.0298880223168	0.0140231449121	4.54310490992e-05	0.0038759507306	-0.0442345895244	0.0228455500293	-0.0284070813716	-0.0316542870957	0.0171159407662	-0.0186396932041	0.0437554754368	-0.0152550756084	-0.0309686981621	-0.0536902594298	-0.0510468169211	0.0330960347275	0.0134147933343	-0.014554793783	-0.0296232648847	-0.0522844249353	0.00437704088896	0.0221120606004	0.0109994900595	-0.0128033307121	-0.00207259697509	-0.0282237663289	0.0749445074465	-0.00879484685255	-0.056769906039	-0.0307682114413	-0.0106729460666	0.0215498703023
k__Bacteria;p__Bacteroidetes;c__Bacteroidia;o__Bacteroidales;f__Bacteroidaceae;g__Bacteroides;s__Bacteroides_ovatus	-0.011037970213	0.0612436332211	0.0826521050507	0.00115155103568	-0.00604066549052	1.0	-0.0332657285404	0.0384573062382	0.0135826790226	0.0379188769439	-0.0158459608671	-0.0379556869945	0.0370905727333	-0.0420478703746	-0.0388356343667	0.0244260077837	-0.0634652497259	0.0191569670073	-0.0323719137036	-0.0498071845024	-0.0074529665257	-0.0393101937696	0.0254652582698	0.0328146769093	-0.00676975901552	0.0290855440823	0.00658338826587	-0.0402013493901	-0.00667448064939	-0.0367915255763	0.0111421088574	-0.00369514645496	-0.0246755467121	-0.0379045504111	0.0516258057648	-0.0597054837458	-0.00711359924485	-0.030211283611	0.0223035777084	0.00943535494014	-0.0272378652006	-0.0153855709955	-0.00519295345321	0.010177551641	0.0862333250372	-0.0284992477478	0.0225948662052	0.0139002876668	-0.020887090347	0.00238052735363	-0.0228815109949	-0.0504590364138	0.0224945504974	0.0115105590437	-0.0103750499683	-0.0515893821845	-0.0278783268029	-0.0752805557018	-0.0234835135709
k__Bacteria;p__Bacteroidetes;c__Bacteroidia;o__Bacteroidales;f__Rikenellaceae;g__Alistipes;s__Alistipes_shahii	-0.0312364006345	-0.00920579920929	0.00955443796086	0.0623257368977	-0.0483267338828	-0.0332657285404	1.0	0.00293875269351	0.00650370767104	-0.00701526029478	-0.0780775854418	-0.0132528974573	-0.0202123319398	0.0568861341641	-0.0084728817744	-0.00765888661767	-0.0273710463664	-0.0216750218619	0.00554063716305	-0.00274716699911	0.00885559523326	-0.0508313048514	-0.0314198036368	0.0395871712669	-0.0391278831561	0.0230888986233	0.0432780822932	-0.00080626363789	-0.0139644694334	-0.0530478586394	0.0439498594439	-0.0420692327106	-0.0379387479077	-0.00960589239207	-0.0242600695377	-0.0295327277356	0.0119765562348	0.0583221710417	-0.0592160228584	-0.0109638324607	0.0012851960082	-0.0833020592021	0.0108332760579	-0.0296716546998	-0.0357287640362	-0.0415363282593	0.00263115469862	0.00858931289388	0.00547261590604	0.0264680927715	0.0215479865757	-0.00865389556459	-0.0195694059922	-0.0468847387045	0.0376827688974	0.0133206557538	0.00611462730314	0.0320164787	-0.0164483133841
k__Bacteria;p__Firmicutes;c__Clostridia;o__Clostridiales;f__Ruminococcaceae;g__Faecalibacterium;s__Faecalibacterium_prausnitzii	-0.0192148948356	-0.0306177576216	0.00237484372717	-0.0702666815143	-0.00159080188086	0.0384573062382	0.00293875269351	1.0	0.035011157049	-0.0411235350509	0.00658122831806	-0.0901520701286	0.0264193030314	0.00513734961503	-0.0104843035204	-0.00648085336962	-0.0357515695827	-0.00994301685634	-0.0592236173996	-0.115152904344	0.0145633448143	-0.0271105476887	0.000621500887021	-0.026288698502	-0.0167378806543	0.00647244386395	-0.0809315000976	-0.0170057135024	0.00304908155357	-0.00411289988869	-0.025511650696	-0.0414739688241	0.00404236231537	-0.0252507395908	0.0114714203351	-0.00249777304143	-0.0461898444651	-0.0369622956176	-0.00357677338702	-0.0341340391987	-0.00264398108011	-0.00823809321002	0.0147472457388	-0.0782015267887	0.0456706608632	0.0382005090255	0.0313805414395	0.0154280539749	-0.0173410806484	-0.0188687964265	-0.0492318460346	0.0150663731331	0.0558075575269	-0.0364875064028	0.0509544944066	0.0185069093058	0.0185001651882	0.00642530176914	-0.0158812996154
k__Bacteria;p__Bacteroidetes;c__Bacteroidia;o__Bacteroidales;f__Rikenellaceae;g__Alistipes;s__Alistipes_finegoldii	0.0345610743388	0.0227027202529	0.0278599346263	-0.0230229433658	0.0528416735845	0.0135826790226	0.00650370767104	0.035011157049	1.0	-0.0139619859738	-0.0163768706074	-0.0124515137765	-0.0304699637403	0.0152556416106	-0.0255280251281	0.0478347808538	-0.00455655583332	-0.0212971939303	0.00588029612359	-0.0529463618378	-0.0472907922561	-0.0222338934374	0.039091288162	-0.00153272423631	-0.022283059383	0.0250851928852	-0.0382998583988	-0.0225984591137	-0.0107793861608	-0.00827221620711	-0.0360564368488	0.0412950750985	-0.0126452434085	0.00102492068102	0.00476320889169	0.0482143688846	-0.00519650514142	-0.00938044157491	0.0414506605001	-0.0653891684075	0.0121940555531	-0.0149718741409	-0.0288617896391	-0.0396866661271	-0.0340632614333	-0.0304719629243	0.00352880087532	-0.0769835102723	0.0314193578728	-0.0262393701893	-0.00369525884916	0.0362909932085	-0.0331679852008	-0.0259431335954	-0.100880987669	0.0142046311288	-0.0314835491372	0.0332933351612	0.0469863049133
k__Bacteria;p__Bacteroidetes;c__Bacteroidia;o__Bacteroidales;f__Porphyromonadaceae;g__Parabacteroides;s__Parabacteroides_distasonis	0.0240598159649	0.00541342628096	0.0464979714822	0.0261358433549	-0.0131207117204	0.0379188769439	-0.00701526029478	-0.0411235350509	-0.0139619859738	1.0	-0.0860918561411	-0.0224447325207	0.00978518802045	-0.0568649203776	0.0437295400222	-0.0255831473716	-0.00332481497407	-0.0164128821377	0.0211428773072	-0.0341952574363	0.00756462775235	-0.00329580264766	0.0357723251495	-0.0670163514233	-0.0842607333553	-0.0211104831167	0.0103407754905	-0.0296086940708	0.0119431887448	-0.000269055434212	-0.0487010112249	0.00806046910869	-0.0296571445013	0.0522045308572	-0.0079307576554	0.00294633434545	0.0172957941665	-0.027757483349	0.0328551246523	-0.00633358491534	0.0128036723173	0.039078124725	-0.0314147294914	0.0266498571535	0.0813427603928	0.0840754222312	-0.0184949391703	0.0241806840994	-0.0193445753115	-0.00690228142545	0.022731663201	0.0303828151255	-0.019249652824	0.0379660101706	-0.013304296039	0.0105347513586	-0.0204224825909	-0.0497387300639	0.00233471852838
k__Bacteria;p__Bacteroidetes;c__Bacteroidia;o__Bacteroidales;f__Bacteroidaceae;g__Bacteroides;s__Bacteroides_thetaiotaomicron	-0.0469865211429	-0.0579576980166	-0.0444969451231	0.000149694159815	-0.0447177727243	-0.0158459608671	-0.0780775854418	0.00658122831806	-0.0163768706074	-0.0860918561411	1.0	-0.0555875381019	0.0246793825055	0.020106265152	-0.0290151195419	-0.0116471169794	0.00510444854615	-0.00278192091607	-0.0180016433796	-0.0134059462239	0.0104138270683	0.0387925056274	0.0339212483401	-0.0729255336228	-0.0109532090844	0.0129222766301	0.00846466792414	-0.0136341381116	-0.00999790793547	0.032293246043	0.0155723791658	0.000930089978113	-0.0363067709854	-0.0107691525385	-0.0241742472249	-0.0302798160852	-0.011040449502	0.02001920475	0.0162641951064	-0.0511879647075	-0.0244052984976	-0.0284532395491	-0.0262216567267	-0.00676114132834	-0.00230431620077	0.0210984925046	-0.00807856790803	-0.0517637745871	-0.00923000561798	0.0148896777313	0.0274975218619	-0.0240839843609	0.0515785487591	0.0531423191383	0.0111391992639	-0.0141568533873	0.0191776245108	-0.0274324872511	0.000261814468723
k__Bacteria;p__Bacteroidetes;c__Bacteroidia;o__Bacteroidales;f__Bacteroidaceae;g__Bacteroides;s__Bacteroides_coprocola	-0.00865585444325	-0.0305820755269	0.00668744993984	0.0395307404171	-0.0297261926928	-0.0379556869945	-0.0132528974573	-0.0901520701286	-0.0124515137765	-0.0224447325207	-0.0555875381019	1.0	-0.03012375931	0.0259740923222	-0.00301588059906	0.022439352425	-0.0109315678514	0.0118526939757	-0.0236801680522	-0.0516837969574	-0.00249504279426	0.0150404276559	-0.0074086993136	0.00753866565461	-0.030144724293	-0.0391511728209	0.0177558193756	-0.0293168227173	0.00977531884497	0.00338650245194	-0.0346997179326	-0.0229766170932	0.000591203924657	0.0237020856338	0.0321435029017	0.033130199922	0.0301450831166	-0.000129982329645	0.0380535181252	-0.0562726694239	-0.00874760352307	0.0239940674988	0.00349358904844	0.0221672636425	-0.0392825244376	0.0181371123791	-0.0287525160601	-0.0143848011383	-0.0303264858757	-0.0257831679926	0.0490881996054	0.0384505975478	0.0398563231324	-0.0695774157621	0.0395062265038	0.00195465440165	-0.00885601371985	0.0274889855227	0.00111958262088
k__Bacteria;p__Bacteroidetes;c__Bacteroidia;o__Bacteroidales;f__Bacteroidaceae;g__Bacteroides;s__Bacteroides_cellulosilyticus	-0.00234728721649	-0.00884091251573	-0.000753769091954	-0.0289545739819	0.0433240385233	0.0370905727333	-0.0202123319398	0.0264193030314	-0.0304699637403	0.00978518802045	0.0246793825055	-0.03012375931	1.0	0.028787337791	-0.0242622240631	-0.00254686261159	-0.0253073385672	-0.022598161618	-0.0140356667123	0.00291376047827	-0.0382458248966	0.00424073592585	0.00436347282082	-0.0613957041788	0.0202102482122	-0.0147043379112	0.0090145804477	0.033776588307	-0.00336058321115	-0.0198971289927	-0.0222980997638	-0.0521891535437	0.0118595739252	0.0326979733712	0.00803215072784	0.0129347639684	0.031886311033	0.0447241071041	-0.0173011377041	0.0257635693964	-0.0541530466038	0.00307900239134	0.0240788252829	-0.00272070445648	-0.000650463996677	-0.0017852593843	0.0175229448365	-0.00688662398287	-0.0368648391189	-0.00477637282807	0.00928905481681	-0.0601651521919	-0.00787416639337	-0.0302534610697	-0.0128988820925	0.0761663471687	-0.0670166265644	0.0231546631991	0.0190011785765
k__Bacteria;p__Bacteroidetes;c__Bacteroidia;o__Bacteroidales;f__Rikenellaceae;g__Alistipes;s__Alistipes_obesi	0.00626420532146	-0.0724997892986	0.0290815822134	-0.016370857071	-0.0302698795523	-0.0420478703746	0.0568861341641	0.00513734961503	0.0152556416106	-0.0568649203776	0.020106265152	0.0259740923222	0.028787337791	1.0	0.0632231160678	-0.0456896037368	-0.00267558465436	-0.00875501956539	-0.0340937943185	0.0604427844798	0.0276684365433	-0.00426136836751	-0.0493502602847	0.00866518030325	-0.0292965168868	0.00957903410117	-0.0113428611888	0.00732740248273	0.0280762819417	-0.00950335797227	0.00834726713382	0.0108135126096	-0.040544993678	-0.0442686636102	0.0354923159235	-0.00632144725059	-0.00144480960056	-0.00674684560459	0.00820678416619	0.0395205396704	0.00158686506657	0.0429772380641	0.0354149819757	-0.050545173694	0.014330164899	-0.0158967249633	-0.0130712707439	-0.0662568958589	-0.0943820417445	-0.0100964473569	-0.0145386239995	-0.0364894792174	0.0185400309948	-0.00429419959635	0.00322096333775	-0.0548068690085	-0.00777111147718	0.0082444159422	-0.00023549477338
k__Bacteria;p__Firmicutes;c__Clostridia;o__Clostridiales;f__Lachnospiraceae;g__;s__[Eubacterium]_rectale	-0.0226589153501	-0.0314349083409	-0.0188584594845	0.0675445621603	-0.0428382993305	-0.0388356343667	-0.0084728817744	-0.0104843035204	-0.0255280251281	0.0437295400222	-0.0290151195419	-0.00301588059906	-0.0242622240631	0.0632231160678	1.0	-0.0154422056322	-0.0341362149401	-0.00195883280058	0.0108755869894	0.0150909599607	-0.00621098559113	0.0338015038182	0.0160061938007	0.0032481576197	-0.0283283664122	-0.0430441260182	-0.0365997769564	0.0200228926688	0.00104152174544	0.0219086730212	0.0357718363457	-0.0131220396636	-0.0506182467294	-0.0384761140336	0.0159504650196	-0.0248167102579	0.0263314567739	-0.060121147625	-0.0284924172252	-0.0519966407877	-0.0179666582757	-0.000648106338618	-0.0223633289569	0.000378859299024	-0.0494880420253	-0.0272519066747	0.00160088687739	-0.0043598598135	-0.0180276747095	-0.00939290715617	0.0268062115332	-0.0172840745208	-0.0275210212465	0.0302718182647	-0.0404220784591	-0.0498916534963	-0.0030219423893	0.0622369659644	-0.0254332896218
k__Bacteria;p__Bacteroidetes;c__Bacteroidia;o__Bacteroidales;f__Bacteroidaceae;g__Bacteroides;s__Bacteroides_plebeius	-0.0192753931732	0.0181788878951	-0.0261306219071	-0.0227569253766	-0.0325568796984	0.0244260077837	-0.00765888661767	-0.00648085336962	0.0478347808538	-0.0255831473716	-0.0116471169794	0.022439352425	-0.00254686261159	-0.0456896037368	-0.0154422056322	1.0	0.0507301684664	-0.0143266518918	0.000919965732267	0.013403826712	0.0250376399295	0.00563934183749	-0.014074045619	-0.036595979296	0.0231601003973	-0.0288557490358	-0.00233023106193	-0.00880511612616	-0.0571763268909	0.0204767665557	0.00130873782099	0.0305102076448	0.027500702635	-0.0084963077919	-0.00671867009417	-0.00229809042838	-0.0110240659947	-0.00408783118072	-0.0199465016775	-0.047693464449	0.0115519186282	0.00105749565751	-0.0171024897917	-0.0204158732532	0.00605370539144	-0.0155144420779	-0.0515367380914	-0.015201694943	-0.00364752438756	-0.0104466738385	-0.0188280169362	0.0269742936777	-0.0357722014901	0.00491865315786	0.0381680076135	-0.0172243662671	0.00156035541056	-0.0465019121694	-0.0558607458157
k__Bacteria;p__Bacteroidetes;c__Bacteroidia;o__Bacteroidales;f__Bacteroidaceae;g__Bacteroides;s__Bacteroides_fragilis	0.0308306008435	-0.0168204125164	-0.0451065144652	-0.00493399295093	-0.000859867269472	-0.0634652497259	-0.0273710463664	-0.0357515695827	-0.00455655583332	-0.00332481497407	0.00510444854615	-0.0109315678514	-0.0253073385672	-0.00267558465436	-0.0341362149401	0.0507301684664	1.0	0.0131790379628	-0.0266178840223	0.0489177991559	-0.0209176004105	-0.00828375269744	-0.03872646548	0.00650531393309	0.0355463029085	-0.0279171137227	0.0123643762039	0.0125182720492	0.0165266180674	-0.00468240782975	-0.0337049830516	0.0223116499439	-0.0437911127965	-0.03656085871	-0.00510589889084	0.0190661336194	-0.0432077426989	-0.0237381275665	-0.0198254078787	-0.00697575376014	0.0138503053207	-0.0744424997105	-0.0102213170126	0.0347224762258	-0.0398076371214	0.0251512088354	-0.035415927834	-0.000625138642711	-0.00807616664365	0.0172381400767	0.0130712892534	0.00198031445687	-0.0240681073319	0.00710782416279	-0.0101931352992	-0.00974955302598	0.0219960000755	0.00890227227328	0.0469107939005
k__Bacteria;p__Proteobacteria;c__Betaproteobacteria;o__Burkholderiales;f__Sutterellaceae;g__Sutterella;s__Sutterella_wadsworthensis	-0.0350744910264	-0.0941880153268	-0.0174867461679	-0.0207461518093	-0.0673780754274	0.0191569670073	-0.0216750218619	-0.00994301685634	-0.0212971939303	-0.0164128821377	-0.00278192091607	0.0118526939757	-0.022598161618	-0.00875501956539	-0.00195883280058	-0.0143266518918	0.0131790379628	1.0	0.0344059754345	0.00799710764034	-0.00334476109645	0.0312730063296	0.0329241076355	-0.0219264210266	-0.024806135267	0.0241193526449	-0.0256514411022	-0.00186402756257	-0.0302394227754	0.0400122935451	-0.0344899830014	-0.0123032803772	-0.016207875052	0.0496054736836	-0.00303173000123	0.0449914655945	-0.00928673254002	-0.0269754681911	0.00863529087656	0.00225302922679	-0.0208309878213	0.0176722459618	-0.0132495389586	0.0134182243462	0.0349235264534	-0.0371408839209	0.0363468185479	-0.00664181482952	0.00756324580251	0.00914536566275	0.0184693783025	-0.042748137626	-0.0352645991768	-0.000470394786885	-0.0346732448306	-0.0217815332081	0.0175534140775	-0.0296611329725	0.0153870863509
k__Bacteria;p__Bacteroidetes;c__Bacteroidia;o__Bacteroidales;f__Porphyromonadaceae;g__Barnesiella;s__Barnesiella_intestinihominis	0.03372643103	0.00616964561355	-0.0565351778682	-0.0776402037561	-0.0246671113508	-0.0323719137036	0.00554063716305	-0.0592236173996	0.00588029612359	0.0211428773072	-0.0180016433796	-0.0236801680522	-0.0140356667123	-0.0340937943185	0.0108755869894	0.000919965732267	-0.0266178840223	0.0344059754345	1.0	0.0254884453795	0.012713852673	-0.0452276790045	0.00297053109006	0.0500861264719	-0.00518960796199	-0.0462080178782	0.0131905843523	-0.0153873619829	-0.0174150351683	0.0254208031184	-0.0294035544873	-0.027714001443	-0.0221952437257	-0.0310266271324	-0.0543819861003	-0.0304203832731	-0.0377130192625	0.0437540568169	0.00436846635092	0.0519424560301	-0.0553878700791	-0.0119902052661	0.0438735404603	0.0163618788942	-0.031944563429	0.0272403022138	0.0519209834097	0.0231243565107	-0.0426439194701	0.0104477570263	0.0243217824274	-0.0426691792497	0.00361852595796	0.000594385975602	-0.0575407243847	0.0107950562498	0.0554639686215	-0.0194892782775	-0.0411096184653
k__Bacteria;p__Bacteroidetes;c__Bacteroidia;o__Bacteroidales;f__Odoribacteraceae;g__Odoribacter;s__Odoribacter_splanchnicus	-0.0214328014735	-0.0437173328786	0.00502893805733	0.0104490441605	0.0019357000698	-0.0498071845024	-0.00274716699911	-0.115152904344	-0.0529463618378	-0.0341952574363	-0.0134059462239	-0.0516837969574	0.00291376047827	0.0604427844798	0.0150909599607	0.013403826712	0.0489177991559	0.00799710764034	0.0254884453795	1.0	-0.0229574651351	-0.0106687280477	0.027063219682	0.0447056327335	-0.0199329267023	-0.00258556720273	0.0105056930652	-0.0326422630256	0.0307471778748	-0.0758947355155	0.00413545769067	-0.0161656334613	-0.0618076229396	-0.01389423204	-0.0170319477717	-0.00514673472317	-0.0362739521281	0.0114111166216	-0.0449981680011	-0.00158075492996	-0.0349641345283	-0.00548188083327	0.0355276225407	-0.077688408567	0.00116901828249	0.0245639098796	-0.00284834276387	-0.00459104161008	0.0100748009444	-0.000999108105809	0.0118975727648	-0.0784004354742	-0.0147169839997	-0.0491240671271	-0.000844805309962	0.00898771857869	0.0143989770609	-0.0174189649592	0.0177553210518
k__Bacteria;p__Bacteroidetes;c__Bacteroidia;o__Bacteroidales;f__Bacteroidaceae;g__Bacteroides;s__Bacteroides_salyersiae	-0.0595351036212	0.036416457068	0.0233542249482	-0.00577753291371	0.0161744434905	-0.0074529665257	0.00885559523326	0.0145633448143	-0.0472907922561	0.00756462775235	0.0104138270683	-0.00249504279426	-0.0382458248966	0.0276684365433	-0.00621098559113	0.0250376399295	-0.0209176004105	-0.00334476109645	0.012713852673	-0.0229574651351	1.0	-0.0633220820681	0.0258993919945	0.0240981305091	0.0148151095629	0.0308919617736	-0.0522495924623	-0.0608602732987	0.00873377117343	0.0126931018267	0.0139079114812	-0.0197714119083	0.0316506024037	0.0376031838419	-0.121371603727	-0.0186695865755	0.0317326135458	-0.00797040060177	0.0360684447276	-0.0617610072553	0.0405471073432	-0.0237049791658	-0.0179459655153	0.0180793817293	-0.060769590465	-0.0341617832526	-0.0180472065252	0.0154354997863	-0.00899220484316	0.0383223130854	-0.0196836700543	-0.0226623025007	-0.0220462427853	-0.000872641123529	0.0373562021854	-0.0194390990074	0.0192116684674	-0.0277017336482	-0.0150745994867
k__Bacteria;p__Firmicutes;c__Clostridia;o__Clostridiales;f__Ruminococcaceae;g__Ruminiclostridium;s__[Eubacterium]_siraeum	0.0423029255753	-0.017242730495	-0.0447648472493	-0.020278474594	0.0441538201268	-0.0393101937696	-0.0508313048514	-0.0271105476887	-0.0222338934374	-0.00329580264766	0.0387925056274	0.0150404276559	0.00424073592585	-0.00426136836751	0.0338015038182	0.00563934183749	-0.00828375269744	0.0312730063296	-0.0452276790045	-0.0106687280477	-0.0633220820681	1.0	-0.00537045197994	-0.0611278714287	-0.00338696613088	-0.06164175839	0.0143659136323	-0.0662836567384	-0.0181794549019	0.0230304056508	-0.0309009885274	0.0649205786298	0.0116190267791	-0.0116265138004	-0.0336287079285	-0.00795524143077	-0.0193917955317	0.0236439938545	-0.00899608707379	-0.0212540063116	0.014621618886	-0.0346224883424	0.063869501768	0.0211705451311	0.0360600661384	-0.0198480784108	-0.00680564660712	0.00428858262992	-0.0457465950825	-0.00890896171619	-0.0212869464873	-0.0151368492549	-0.0500965040282	0.0441700159499	-0.0233724395814	0.0147373563973	-0.0259196820938	0.0312523289441	0.0378975298558
k__Bacteria;p__Proteobacteria;c__Betaproteobacteria;o__Burkholderiales;f__Sutterellaceae;g__Parasutterella;s__Parasutterella_excrementihominis	-0.0115599510514	0.00942013161861	-0.00198003780334	-0.0433531319611	-0.0405252280358	0.0254652582698	-0.0314198036368	0.000621500887021	0.039091288162	0.0357723251495	0.0339212483401	-0.0074086993136	0.00436347282082	-0.0493502602847	0.0160061938007	-0.014074045619	-0.03872646548	0.0329241076355	0.00297053109006	0.027063219682	0.0258993919945	-0.00537045197994	1.0	-0.00282321482414	-0.0357259845819	0.0170512261148	0.0244835545797	-0.00874891626596	-0.0507747835907	-0.0523913562734	-0.0614176149258	0.0542411407469	0.0488234914389	-0.0458478576336	0.0790837384851	-0.00899129045189	-0.00179054501717	-0.054057499353	-0.0392240050047	-0.00229885092535	0.0125287125547	-0.0424031718516	0.00415574674546	0.0263852879084	-0.0964229557046	0.0312734041455	-0.021836685753	-0.000241487310296	0.0160955596192	-0.0412156123614	0.0201296982361	0.0688308133016	0.0595936788411	-0.0494433478624	0.00109377962596	0.00523615015304	-0.0231442700831	-0.00496864554677	-0.0617856038446
k__Bacteria;p__Actinobacteria;c__Actinobacteria;o__Bifidobacteriales;f__Bifidobacteriaceae;g__Bifidobacterium;s__Bifidobacterium_adolescentis	-0.0199602794554	0.0227543863509	-0.0437360705866	-0.0029124612729	0.0389863987798	0.0328146769093	0.0395871712669	-0.026288698502	-0.00153272423631	-0.0670163514233	-0.0729255336228	0.00753866565461	-0.0613957041788	0.00866518030325	0.0032481576197	-0.036595979296	0.00650531393309	-0.0219264210266	0.0500861264719	0.0447056327335	0.0240981305091	-0.0611278714287	-0.00282321482414	1.0	-0.0628872078339	-0.0333901065556	-0.0327729117057	0.038526890285	-0.00689462849742	-0.0376415634945	0.00907567259649	0.0320338716463	-0.00175960690431	0.0343612891305	-0.0200275805571	0.00746231577357	-0.0177492235762	-0.0380632458372	-0.00644876515454	0.0383117062056	0.0228000943357	0.0477444025967	-0.0261605689314	-0.00785791801411	0.0584627133018	-0.00214180304316	0.00182815383784	0.00695551309523	0.0184903238808	-0.00757384395835	-0.015228002795	0.0228666028593	-0.00685781732992	-0.0309964832524	-0.0435620976774	-0.0277413328282	0.0316022217487	-0.0303880682	-0.0376789186715
k__Bacteria;p__Firmicutes;c__Clostridia;o__Clostridiales;f__Oscillospiraceae;g__Oscillibacter;s__Oscillibacter_sp._KLE_1745	0.0135764241053	-0.0256991114474	0.0319859860774	-0.0234105277001	0.0346771179089	-0.00676975901552	-0.0391278831561	-0.0167378806543	-0.022283059383	-0.0842607333553	-0.0109532090844	-0.030144724293	0.0202102482122	-0.0292965168868	-0.0283283664122	0.0231601003973	0.0355463029085	-0.024806135267	-0.00518960796199	-0.0199329267023	0.0148151095629	-0.00338696613088	-0.0357259845819	-0.0628872078339	1.0	-0.0344618701225	-0.00905133612433	0.00890878308803	0.00916983452353	0.0134341039914	-0.00581242241425	0.00343446207891	-0.00126391500284	-0.0513694559764	-0.0506038945398	0.0160438927048	-0.0257952863007	0.049128068588	-0.00021616211589	-0.0123974971514	0.0259890914243	-0.0411591813697	-0.0707061939732	-0.00583217797883	0.000118969687502	-0.00761343777963	-0.0230535905269	-0.0483364307872	0.00933545290225	-0.0331029794657	-0.0403846913935	0.0225018406264	-0.0420695546644	-0.0281357027981	0.034222547855	-0.0228174815947	0.00794650757828	-0.0249662085048	0.00136338722375
k__Bacteria;p__Bacteroidetes;c__Bacteroidia;o__Bacteroidales;f__Bacteroidaceae;g__Bacteroides;s__Bacteroides_coprophilus	0.00178235632225	-0.0588076799853	0.079765305667	0.0245495840767	-0.0343878201148	0.0290855440823	0.0230888986233	0.00647244386395	0.0250851928852	-0.0211104831167	0.0129222766301	-0.0391511728209	-0.0147043379112	0.00957903410117	-0.0430441260182	-0.0288557490358	-0.0279171137227	0.0241193526449	-0.0462080178782	-0.00258556720273	0.0308919617736	-0.06164175839	0.0170512261148	-0.0333901065556	-0.0344618701225	1.0	-0.0976339609714	0.0123583158777	0.0484275330605	-0.0126855175781	0.0166491877564	-0.0501976139273	-0.02263917605	-0.0100270324316	0.0179137389563	0.0240100474094	-0.00516547664051	-0.0222877130465	-0.00696839537723	-0.000938353605566	-0.0103201015085	-0.0143825985414	-0.000794492612725	-0.0379245484289	0.0241541554134	-0.0402041706936	-0.0142007249963	0.045045375882	0.0183550695418	-0.0193671403834	-0.00257305579407	0.00101003309288	-0.0590957836356	-0.0207428201914	-0.00224801317838	-0.0163327127561	0.00799605025687	-0.0544183677824	-0.026500943605
k__Bacteria;p__Firmicutes;c__Clostridia;o__Clostridiales;f__Lachnospiraceae;g__Roseburia;s__Roseburia_intestinalis	-0.0400169011467	0.0379757036433	-0.0483647747247	-0.00290305653462	-0.0133363619593	0.00658338826587	0.0432780822932	-0.0809315000976	-0.0382998583988	0.0103407754905	0.00846466792414	0.0177558193756	0.0090145804477	-0.0113428611888	-0.0365997769564	-0.00233023106193	0.0123643762039	-0.0256514411022	0.0131905843523	0.0105056930652	-0.0522495924623	0.0143659136323	0.0244835545797	-0.0327729117057	-0.00905133612433	-0.0976339609714	1.0	0.00994204696418	-0.056640381634	-0.0156783727057	-0.0183465158145	-0.0238542276067	-0.023882936955	0.050464352661	-0.0365219186787	-0.0219718142453	-0.00320180618402	-0.033548568624	-0.0416970831532	0.0298800728297	-0.0494644672474	0.0382913214611	0.0455213117822	-0.0621064273537	0.00444940998023	-0.0356646501828	-0.0307835407806	-0.00417972646331	0.00150993236201	0.0127256942833	-0.0311720138105	0.0155398797799	-0.0462415755484	-0.00338183326196	-0.00520770746704	0.00415307738914	0.0118693803001	0.0290765165205	-0.0301106926541
k__Bacteria;p__Firmicutes;c__Clostridia;o__Clostridiales;f__Lachnospiraceae;g__Roseburia;s__Roseburia_hominis	-0.00148334230947	0.0355434104831	0.0278216614641	-0.016074669665	0.0298880223168	-0.0402013493901	-0.00080626363789	-0.0170057135024	-0.0225984591137	-0.0296086940708	-0.0136341381116	-0.0293168227173	0.033776588307	0.00732740248273	0.0200228926688	-0.00880511612616	0.0125182720492	-0.00186402756257	-0.0153873619829	-0.0326422630256	-0.0608602732987	-0.0662836567384	-0.00874891626596	0.038526890285	0.00890878308803	0.0123583158777	0.00994204696418	1.0	-0.00537569702174	-0.0187122358336	-0.00328902937512	-0.0961748740718	-0.00423116346853	0.033970846174	-0.00579840888968	0.062041670546	-0.000509132683256	-0.0707828329569	0.00642512092914	-0.0286691439148	-0.0213674802064	0.00129760863556	0.0111552736375	-0.0406725953257	0.0204504838793	-0.0404209981073	0.0464774702645	0.0216181491478	-0.00980480575387	-0.0147156958633	0.00377680223741	-0.000561660456061	-0.00960438641326	-0.0200996803545	-0.0134158239043	0.00378394799626	-0.0365073116657	0.012430402343	0.0166954406396
k__Bacteria;p__Bacteroidetes;c__Bacteroidia;o__Bacteroidales;f__Porphyromonadaceae;g__Parabacteroides;s__Parabacteroides_johnsonii	0.0204801399192	0.0204506532218	0.0611370975409	-0.0138310299947	0.0140231449121	-0.00667448064939	-0.0139644694334	0.00304908155357	-0.0107793861608	0.0119431887448	-0.00999790793547	0.00977531884497	-0.00336058321115	0.0280762819417	0.00104152174544	-0.0571763268909	0.0165266180674	-0.0302394227754	-0.0174150351683	0.0307471778748	0.00873377117343	-0.0181794549019	-0.0507747835907	-0.00689462849742	0.00916983452353	0.0484275330605	-0.056640381634	-0.00537569702174	1.0	-0.0113312528571	0.0396336015678	-0.0208340327846	-0.00312535732397	-0.030335926529	0.0278889794206	-0.0953302167675	0.0364659471289	0.0108633463489	-0.0125804951117	-0.0253057084593	0.0262943753105	0.00437285354268	-0.0162719659065	-0.0194599025066	-0.0134881904771	-0.0270394475314	0.000241444878011	-0.0284124380528	-0.0317216328558	0.00110969062407	-0.0538007341057	-0.0150790592893	-0.0359087749857	-0.0251028833306	0.0337251827065	0.0565531355789	-0.0288338127361	0.0368455564838	0.0282583363394
