#taxonomy	k__Bacteria;p__Bacteroidetes;c__Bacteroidia;o__Bacteroidales;f__Bacteroidaceae;g__Bacteroides;s__Bacteroides_vulgatus	k__Bacteria;p__Bacteroidetes;c__Bacteroidia;o__Bacteroidales;f__Bacteroidaceae;g__Bacteroides;s__Bacteroides_uniformis	k__Bacteria;p__Bacteroidetes;c__Bacteroidia;o__Bacteroidales;f__Rikenellaceae;g__Alistipes;s__Alistipes_putredinis	k__Bacteria;p__Bacteroidetes;c__Bacteroidia;o__Bacteroidales;f__Prevotellaceae;g__Prevotella;s__Prevotella_copri	k__Bacteria;p__Bacteroidetes;c__Bacteroidia;o__Bacteroidales;f__Bacteroidaceae;g__Bacteroides;s__Bacteroides_stercoris	k__Bacteria;p__Bacteroidetes;c__Bacteroidia;o__Bacteroidales;f__Bacteroidaceae;g__Bacteroides;s__Bacteroides_ovatus	k__Bacteria;p__Bacteroidetes;c__Bacteroidia;o__Bacteroidales;f__Rikenellaceae;g__Alistipes;s__Alistipes_shahii	k__Bacteria;p__Firmicutes;c__Clostridia;o__Clostridiales;f__Ruminococcaceae;g__Faecalibacterium;s__Faecalibacterium_prausnitzii	k__Bacteria;p__Bacteroidetes;c__Bacteroidia;o__Bacteroidales;f__Rikenellaceae;g__Alistipes;s__Alistipes_finegoldii	k__Bacteria;p__Bacteroidetes;c__Bacteroidia;o__Bacteroidales;f__Porphyromonadaceae;g__Parabacteroides;s__Parabacteroides_distasonis	k__Bacteria;p__Bacteroidetes;c__Bacteroidia;o__Bacteroidales;f__Bacteroidaceae;g__Bacteroides;s__Bacteroides_thetaiotaomicron	k__Bacteria;p__Bacteroidetes;c__Bacteroidia;o__Bacteroidales;f__Bacteroidaceae;g__Bacteroides;s__Bacteroides_coprocola	k__Bacteria;p__Bacteroidetes;c__Bacteroidia;o__Bacteroidales;f__Bacteroidaceae;g__Bacteroides;s__Bacteroides_cellulosilyticus	k__Bacteria;p__Bacteroidetes;c__Bacteroidia;o__Bacteroidales;f__Rikenellaceae;g__Alistipes;s__Alistipes_obesi	k__Bacteria;p__Firmicutes;c__Clostridia;o__Clostridiales;f__Lachnospiraceae;g__;s__[Eubacterium]_rectale	k__Bacteria;p__Bacteroidetes;c__Bacteroidia;o__Bacteroidales;f__Bacteroidaceae;g__Bacteroides;s__Bacteroides_plebeius	k__Bacteria;p__Bacteroidetes;c__Bacteroidia;o__Bacteroidales;f__Bacteroidaceae;g__Bacteroides;s__Bacteroides_fragilis	k__Bacteria;p__Proteobacteria;c__Betaproteobacteria;o__Burkholderiales;f__Sutterellaceae;g__Sutterella;s__Sutterella_wadsworthensis	k__Bacteria;p__Bacteroidetes;c__Bacteroidia;o__Bacteroidales;f__Porphyromonadaceae;g__Barnesiella;s__Barnesiella_intestinihominis	k__Bacteria;p__Bacteroidetes;c__Bacteroidia;o__Bacteroidales;f__Odoribacteraceae;g__Odoribacter;s__Odoribacter_splanchnicus	k__Bacteria;p__Bacteroidetes;c__Bacteroidia;o__Bacteroidales;f__Bacteroidaceae;g__Bacteroides;s__Bacteroides_salyersiae	k__Bacteria;p__Firmicutes;c__Clostridia;o__Clostridiales;f__Ruminococcaceae;g__Ruminiclostridium;s__[Eubacterium]_siraeum	k__Bacteria;p__Proteobacteria;c__Betaproteobacteria;o__Burkholderiales;f__Sutterellaceae;g__Parasutterella;s__Parasutterella_excrementihominis	k__Bacteria;p__Actinobacteria;c__Actinobacteria;o__Bifidobacteriales;f__Bifidobacteriaceae;g__Bifidobacterium;s__Bifidobacterium_adolescentis	k__Bacteria;p__Firmicutes;c__Clostridia;o__Clostridiales;f__Oscillospiraceae;g__Oscillibacter;s__Oscillibacter_sp._KLE_1745	k__Bacteria;p__Bacteroidetes;c__Bacteroidia;o__Bacteroidales;f__Bacteroidaceae;g__Bacteroides;s__Bacteroides_coprophilus	k__Bacteria;p__Firmicutes;c__Clostridia;o__Clostridiales;f__Lachnospiraceae;g__Roseburia;s__Roseburia_intestinalis	k__Bacteria;p__Firmicutes;c__Clostridia;o__Clostridiales;f__Lachnospiraceae;g__Roseburia;s__Roseburia_hominis	k__Bacteria;p__Bacteroidetes;c__Bacteroidia;o__Bacteroidales;f__Porphyromonadaceae;g__Parabacteroides;s__Parabacteroides_johnsonii	k__Bacteria;p__Actinobacteria;c__Actinobacteria;o__Bifidobacteriales;f__Bifidobacteriaceae;g__Bifidobacterium;s__Bifidobacterium_longum	k__Bacteria;p__Firmicutes;c__Clostridia;o__Clostridiales;f__;g__Flavonifractor;s__Flavonifractor_plautii	k__Bacteria;p__Firmicutes;c__Clostridia;o__Clostridiales;f__Clostridiaceae;g__Clostridium;s__Clostridium_phoceensis	k__Bacteria;p__Verrucomicrobia;c__Verrucomicrobiae;o__Verrucomicrobiales;f__Akkermansiaceae;g__Akkermansia;s__Akkermansia_muciniphila	k__Bacteria;p__Bacteroidetes;c__Bacteroidia;o__Bacteroidales;f__Prevotellaceae;g__Paraprevotella;s__Paraprevotella_xylaniphila	k__Bacteria;p__Firmicutes;c__Clostridia;o__Clostridiales;f__Ruminococcaceae;g__Ruminococcus;s__Ruminococcus_callidus	k__Bacteria;p__Bacteroidetes;c__Bacteroidia;o__Bacteroidales;f__Rikenellaceae;g__Alistipes;s__Alistipes_senegalensis	k__Bacteria;p__Firmicutes;c__Clostridia;o__Clostridiales;f__Lachnospiraceae;g__Blautia;s__Blautia_sp._KLE_1732	k__Bacteria;p__Bacteroidetes;c__Bacteroidia;o__Bacteroidales;f__Bacteroidaceae;g__Bacteroides;s__Bacteroides_oleiciplenus	k__Bacteria;p__Firmicutes;c__Clostridia;o__Clostridiales;f__Ruminococcaceae;g__Ruminococcus;s__Ruminococcus_bicirculans	k__Bacteria;p__Bacteroidetes;c__Bacteroidia;o__Bacteroidales;f__Bacteroidaceae;g__Bacteroides;s__Bacteroides_fluxus	k__Bacteria;p__Bacteroidetes;c__Bacteroidia;o__Bacteroidales;f__Prevotellaceae;g__Prevotella;s__Prevotella_stercorea	k__Bacteria;p__Firmicutes;c__Clostridia;o__Clostridiales;f__Lachnospiraceae;g__Dorea;s__Dorea_longicatena	k__Bacteria;p__Firmicutes;c__Clostridia;o__Clostridiales;f__Eubacteriaceae;g__Eubacterium;s__[Eubacterium]_eligens	k__Bacteria;p__Firmicutes;c__Clostridia;o__Clostridiales;f__Ruminococcaceae;g__;s__Ruminococcaceae_bacterium_D16	k__Bacteria;p__Firmicutes;c__Clostridia;o__Clostridiales;f__Lachnospiraceae;g__Coprococcus;s__Coprococcus_comes	k__Bacteria;p__Proteobacteria;c__Gammaproteobacteria;o__Enterobacterales;f__Enterobacteriaceae;g__Escherichia;s__Escherichia_coli	k__Bacteria;p__Firmicutes;c__Clostridia;o__Clostridiales;f__Ruminococcaceae;g__Anaerotruncus;s__Anaerotruncus_colihominis	k__Bacteria;p__Firmicutes;c__Clostridia;o__Clostridiales;f__Lachnospiraceae;g__Blautia;s__Blautia_obeum	k__Bacteria;p__Bacteroidetes;c__Bacteroidia;o__Bacteroidales;f__Odoribacteraceae;g__Odoribacter;s__Odoribacter_laneus	k__Bacteria;p__Firmicutes;c__Clostridia;o__Clostridiales;f__Ruminococcaceae;g__Ruminiclostridium;s__[Clostridium]_leptum	k__Bacteria;p__Bacteroidetes;c__Bacteroidia;o__Bacteroidales;f__Porphyromonadaceae;g__Parabacteroides;s__Parabacteroides_goldsteinii	k__Bacteria;p__Firmicutes;c__Clostridia;o__Clostridiales;f__Lachnospiraceae;g__Anaerostipes;s__Anaerostipes_hadrus	k__Bacteria;p__Firmicutes;c__Clostridia;o__Clostridiales;f__Ruminococcaceae;g__Ruminococcus;s__Ruminococcus_lactaris	k__Bacteria;p__Firmicutes;c__Clostridia;o__Clostridiales;f__Clostridiaceae;g__Clostridium;s__Clostridium_sp._L2-50	k__Bacteria;p__Firmicutes;c__Clostridia;o__Clostridiales;f__Clostridiaceae;g__Clostridium;s__Clostridium_sp._M62/1	k__Bacteria;p__Firmicutes;c__Clostridia;o__Clostridiales;f__;g__Intestinimonas;s__Intestinimonas_butyriciproducens	k__Bacteria;p__Actinobacteria;c__Actinobacteria;o__Bifidobacteriales;f__Bifidobacteriaceae;g__Bifidobacterium;s__Bifidobacterium_bifidum	k__Bacteria;p__Firmicutes;c__Negativicutes;o__Veillonellales;f__Veillonellaceae;g__Dialister;s__Dialister_invisus	k__Bacteria;p__Bacteroidetes;c__Bacteroidia;o__Bacteroidales;f__Bacteroidaceae;g__Bacteroides;s__Bacteroides_salanitronis
k__Bacteria;p__Bacteroidetes;c__Bacteroidia;o__Bacteroidales;f__Bacteroidaceae;g__Bacteroides;s__Bacteroides_vulgatus	1.0	0.0129811194691	0.0266772778615	-0.0226708526084	-0.0710060711748	-0.0919615108207	0.000810872150328	-0.0454937782375	-0.016399615834	-0.0110862080245	0.0452592309926	6.43030864987e-06	0.00303478308198	-0.00673853194285	0.0137526306492	0.0410396729232	0.0143726471396	-0.00823398266552	0.02079258735	0.0100108405452	-0.0138370890169	0.0472358461721	-0.0740780358128	-0.0124944428934	-0.00440441717326	0.0582290567272	-0.0140366474782	-0.0374414161818	0.0154867163359	-0.0532368779758	0.0185245538452	-0.0119066842752	-0.00919250943126	-0.035456320391	0.0289423988966	-0.00814986872682	0.0175430201674	-0.0314360384299	0.0171957241811	-0.00268001244113	0.0583415541333	0.0642518876457	-0.0514237339156	-0.0484983076234	-0.0257028744584	-0.0140513650808	0.0439131683249	0.00697108604743	0.0101238740883	-0.0191341812631	0.0242433957997	-0.0355644940706	-0.0388176987585	0.0168855661123	0.00945717575257	-0.0230160171422	-0.00894103021802	-0.0357508354797	0.0293862524609
k__Bacteria;p__Bacteroidetes;c__Bacteroidia;o__Bacteroidales;f__Bacteroidaceae;g__Bacteroides;s__Bacteroides_uniformis	0.0129811194691	1.0	-0.027811009521	-0.0417540086826	0.0114112285917	0.0608651952211	0.0331643925263	0.0113205430845	0.00743387225018	0.0226247411916	-0.0721778451675	0.0661045443139	-0.0235185726983	-0.00425323493829	0.0301042523454	-0.00216426787722	0.026350585	-0.0745364786718	0.0193886311513	-0.056725008224	-0.0269092916006	-0.0327566073572	0.00770755708352	-0.00471980497641	-0.0524438037497	0.00100988003354	-0.0233498266693	-0.00524610297005	-0.0259769655225	0.054662276569	-0.0650058479437	0.00196980187782	0.0154310653687	-0.00971520497161	0.0118709708136	-0.0258778857005	0.082775142006	-0.0339940329797	-0.0043696763118	-0.0256545005383	-0.0108260419195	0.0303483940169	0.00248758834056	-0.0357867759294	0.00649177228454	-0.0555666788444	0.026905118767	-0.069185811529	0.0157200737512	-0.0150945102181	-0.0268195218508	-0.05375125027	-0.0121942641889	-0.0527437308654	-0.00482508061399	-0.00944804539676	0.00893775601184	0.0324935490254	0.0154979380683
k__Bacteria;p__Bacteroidetes;c__Bacteroidia;o__Bacteroidales;f__Rikenellaceae;g__Alistipes;s__Alistipes_putredinis	0.0266772778615	-0.027811009521	1.0	-0.00848335000805	0.0223048965407	-0.0430397829811	-0.0501898167269	-0.0011312867096	0.0212257706863	-0.0118385597392	-0.00840189755818	-0.0159669	0.00126281689381	0.0369363786906	0.0161835286583	-0.0621209569147	0.0479554938214	-0.0407860433985	-0.00851834791987	0.00065663002966	0.0385085121675	0.00906909728306	0.033442519857	0.009513379033	-0.0229609939576	0.0144288311268	-0.0195261477883	0.0385411189492	-0.0104927328145	-0.0251162593293	-0.0572081249116	-0.0272252442651	0.0137178011805	-0.0285264326494	-0.0564583106851	-0.017325463173	-0.000454235780094	-0.00705424399847	-0.0117460467138	-0.0496612937816	-0.03296684673	0.0538544682062	-0.0115309498346	0.0428971996617	-0.0123113614984	0.0273164184511	-0.0138852317636	-0.0216734583992	-0.0579340768156	0.0677101770209	-0.0501427451339	-0.025648506352	0.0312656483758	-0.0411346393167	0.0746363309548	0.00735994203879	-0.0154700014787	0.0138321476982	-0.0619363316156
k__Bacteria;p__Bacteroidetes;c__Bacteroidia;o__Bacteroidales;f__Prevotellaceae;g__Prevotella;s__Prevotella_copri	-0.0226708526084	-0.0417540086826	-0.00848335000805	1.0	0.0055192322365	0.0118958296723	-0.0519629463423	-0.032026441747	-0.0229176031508	0.0551347388823	-0.0195502746828	-0.00283560213772	-0.0197041173658	0.0404386044971	-0.0554872877839	-0.0106126423291	-0.0320532136505	0.0803133948311	0.0160287078541	0.0169334745638	-0.00398306468974	-0.0437425890707	-0.0161570436518	-0.0522751701262	-0.0013744606825	0.00495833499682	0.0265432350542	-0.0301644052754	-0.00640461247486	-0.0604445093605	-0.00396848654037	-0.0938843571989	0.0137514795495	-0.0309229462013	0.0267430011735	0.020886853585	0.0408412504473	-0.0209601983136	0.00969429094144	0.00292344065644	0.0261988987752	-0.0651595239977	-0.0108828991063	0.0372698041284	0.0016627831543	-0.0116404835216	0.0432079616572	0.0056714093624	-0.035592874202	-0.00382276365011	0.0220496298065	0.0151330678629	-0.0382223411403	0.00156984856669	-0.0208768144543	-0.0190251063545	-0.011584243803	-0.00179259964937	0.0158537065822
k__Bacteria;p__Bacteroidetes;c__Bacteroidia;o__Bacteroidales;f__Bacteroidaceae;g__Bacteroides;s__Bacteroides_stercoris	-0.0710060711748	0.0114112285917	0.0223048965407	0.0055192322365	1.0	-0.00269472322217	-0.0207831768848	0.00174823925048	-0.0166880421903	-0.00477860265435	-0.0668470816784	-0.029991706076	0.00852337204295	-0.0108292973092	0.0334311282373	0.00121846061344	-0.0191811584632	0.00900934908489	-0.0279103716648	0.0221218023384	-0.0264733912602	-0.0147553830671	-0.0321188874312	-0.0673341965502	-0.00949991752566	-0.0216312181893	0.00722854040009	0.00243269438349	-0.0133422197595	-0.0304361970712	0.0296590793254	-0.0837584508509	-0.0420833211177	-0.0186188939156	-0.0251888794549	-0.0151929808618	-0.0085075359587	0.0314231852042	-0.0550794894513	-0.0431159633181	-0.00213614664515	0.00108013708301	-0.0038027031723	-0.0581614966306	-0.0214265039249	0.00644984675614	-0.0155980405589	-0.0157341672248	-0.0467475093285	-0.0660832273587	0.0203710435661	-0.068273770955	0.0523579359502	-0.00204009174247	0.0303643953152	0.0131156772037	0.045931671352	0.0120727267579	0.0195630835454
k__Bacteria;p__Bacteroidetes;c__Bacteroidia;o__Bacteroidales;f__Bacteroidaceae;g__Bacteroides;s__Bacteroides_ovatus	-0.0919615108207	0.0608651952211	-0.0430397829811	0.0118958296723	-0.00269472322217	1.0	0.0393535789576	-0.0183107233036	0.00230646284835	-0.0535508017512	-0.00498654746109	0.00085936223134	0.0139588919438	-0.0115744094612	-0.0191085617929	0.0305828563283	0.0234738626227	0.00450865839886	0.0789803080737	-0.0252611165646	-0.036214817277	-0.0230552540472	0.0565259944777	-0.0137532196447	0.0700906470668	0.00184706442935	6.93530565801e-05	-0.0211082890578	0.052190616651	0.0257047175857	-0.0115647957331	0.00306091995016	-0.045557861223	-0.0191428887489	0.0293970441089	0.011438950711	-0.0521397137114	0.00799601345295	-0.0463804421618	-0.00786845092406	-0.0338630029408	-0.0460184955836	-0.00793888488184	-0.0132197804757	-0.0371505471483	-0.0196580193807	0.00513408325662	-0.0305159741248	-0.0639967169307	0.018650959756	0.0421632102617	-0.00199247101371	-0.0417686096015	0.0580460937764	-0.016648575545	-0.0112053212219	0.0357351272064	-0.0051546773869	-0.00922223078398
k__Bacteria;p__Bacteroidetes;c__Bacteroidia;o__Bacteroidales;f__Rikenellaceae;g__Alistipes;s__Alistipes_shahii	0.000810872150328	0.0331643925263	-0.0501898167269	-0.0519629463423	-0.0207831768848	0.0393535789576	1.0	-0.0142879279865	0.00564562298199	-0.0171998629929	-0.00523910851471	0.0344015432667	0.0428012005149	-0.0357042832932	0.0194174116758	0.0366521991565	-0.0162055752371	-0.00272318441676	0.0212174465968	-0.00910341286695	-0.0266075727139	-0.0294097522417	-0.0389301532993	-0.0297462832067	-0.0341353375037	0.00195603491958	-0.0638787230444	0.00876853362956	0.0892181329169	-0.021152579282	-0.0541792552675	0.00947676683429	0.0686374670818	-0.020284239231	0.0329552716142	0.0141726449937	0.00365053261947	-0.0467264327566	0.0578481729187	0.0462861362308	0.00746852614174	0.015759647923	-0.0135536094258	-0.0268422968746	-0.052133191395	-0.0352444511833	-0.0281189982707	0.00280304314297	0.0101502187518	-0.0160771067763	-0.0197628244287	0.0153761825658	0.024788186974	-0.0428483971353	-0.0179052958215	0.00687610949441	-0.00351542885083	-0.0679360862111	0.000221328535565
k__Bacteria;p__Firmicutes;c__Clostridia;o__Clostridiales;f__Ruminococcaceae;g__Faecalibacterium;s__Faecalibacterium_prausnitzii	-0.0454937782375	0.0113205430845	-0.0011312867096	-0.032026441747	0.00174823925048	-0.0183107233036	-0.0142879279865	1.0	-0.0030264593816	0.068271281287	-0.0360598592205	-0.00668148178655	-0.0155406264707	-0.0328933637365	0.0277905953336	0.0046653319849	0.0113709789636	-0.0248211002226	-0.0214949064571	0.000654447265001	-0.0248796847315	0.00383167446691	-0.0474935479575	0.00821067554744	-0.0308712110767	-0.0391773598264	0.0223402633495	0.0373751604902	-0.0468351325173	-0.0211674280624	-0.0079843831414	0.0162876447753	-0.0586580049441	-0.0347588106263	0.023858891228	-0.00911246967067	-0.011494404545	0.0451179014387	-0.0278860677698	-0.0249889735617	-0.0451358887597	-0.0396198540851	-0.0436862318132	0.0477214409694	-0.066566059853	-0.0378003749666	0.0759985741085	-0.0249272630684	-0.0262637659756	-0.000725579795297	-0.0597053200401	0.0147916505908	0.116498816921	0.0504231226934	-0.0535747326742	0.0250974669322	-0.0392135058239	-0.0709065928098	-0.00639802850926
k__Bacteria;p__Bacteroidetes;c__Bacteroidia;o__Bacteroidales;f__Rikenellaceae;g__Alistipes;s__Alistipes_finegoldii	-0.016399615834	0.00743387225018	0.0212257706863	-0.0229176031508	-0.0166880421903	0.00230646284835	0.00564562298199	-0.0030264593816	1.0	0.0324060430854	0.0628951667992	-0.0582383956079	-0.0307969268079	0.0235712158218	0.0532300992811	-0.0142230057462	-0.0098069376132	-0.0460418105585	-0.0744513677065	-0.0714570240104	-0.0529721441457	0.0172006848591	0.00734976495146	0.00531400984371	-0.0367401536697	0.043580949569	-0.00833518810779	-0.017321719575	0.0119625220662	-0.116416125069	0.0120383626495	-0.0161045758441	0.00428146540609	0.0293567320838	0.0176613720432	-0.0330314308214	0.0123600165104	-0.00335706900396	0.0114372680747	-0.0140991030408	-0.0947178802934	-0.0268935916387	-0.0287770891864	-0.00996771111206	-0.0117269697405	-0.0256142950517	0.0924769843429	0.00105907918208	0.00227454538679	0.00367623092027	-0.0154713506005	0.018739302215	0.0576676072011	0.00279052858212	0.0334803633972	-0.004569754697	0.00595150211223	0.0753265125358	0.0310504335355
k__Bacteria;p__Bacteroidetes;c__Bacteroidia;o__Bacteroidales;f__Porphyromonadaceae;g__Parabacteroides;s__Parabacteroides_distasonis	-0.0110862080245	0.0226247411916	-0.0118385597392	0.0551347388823	-0.00477860265435	-0.0535508017512	-0.0171998629929	0.068271281287	0.0324060430854	1.0	-0.0349159063619	-0.0189481525539	0.00409940780021	-0.033767076256	-0.00408810877237	0.00722560815826	0.0498733703356	-0.0160285233852	-0.0581451055323	0.0294661178566	0.0133532845427	-0.0284033964703	0.0140901870456	0.0256366068934	-0.00516701861229	0.00520854308416	-0.0895431874771	-0.0220210126266	-0.0428999692664	0.0157992547853	-0.015800167641	-0.016878157278	-0.0453180242581	0.00189921585162	-0.0306449071211	-0.0160543770046	-0.0388928584135	-0.0157408806534	-0.0278553459534	0.00521893287063	-0.00716903917459	-0.0107683755051	0.0161245616275	-0.0370616380091	-0.00434497425865	0.00768697000618	-0.0121963718335	0.0289031105081	-0.0323785407758	-0.0185586882867	0.0103310533661	-0.00329873194424	-0.021671649493	0.0432343798699	-0.00317736278928	-0.00375461268451	-0.0516815251248	0.0192243976294	-0.0310187776246
k__Bacteria;p__Bacteroidetes;c__Bacteroidia;o__Bacteroidales;f__Bacteroidaceae;g__Bacteroides;s__Bacteroides_thetaiotaomicron	0.0452592309926	-0.0721778451675	-0.00840189755818	-0.0195502746828	-0.0668470816784	-0.00498654746109	-0.00523910851471	-0.0360598592205	0.0628951667992	-0.0349159063619	1.0	0.0102343612086	0.0362111088118	-0.0183114480147	-0.0251557646016	0.0520582681284	-0.000113104512534	-0.0318360954364	-0.0408065929252	-0.043577994218	-0.00459471981473	0.0230905006522	-0.0447709534206	-0.0364305355196	-0.0264171538241	-0.000342885359561	-0.0590925855992	-0.0284251588129	0.00879949483828	-0.007590883641	0.00587501482187	-0.00855357678009	-0.00924734208121	-0.00753867802756	-0.00770826529859	0.0625241989133	-0.0127235598063	-0.0106965188175	-0.0238823618457	-0.0197922996801	0.0143442917905	-0.0546197721942	-0.00595786173169	0.0220126198616	0.00935331315695	-0.0115817932666	0.043812326576	-0.0248320605789	0.00235158140274	-0.0287775401532	0.012426280417	-0.0178487298196	0.0445119896571	-0.0930117274738	0.0182070908917	0.000729415253452	0.0299784288149	0.020515037179	-0.0354615199934
k__Bacteria;p__Bacteroidetes;c__Bacteroidia;o__Bacteroidales;f__Bacteroidaceae;g__Bacteroides;s__Bacteroides_coprocola	6.43030864987e-06	0.0661045443139	-0.0159669	-0.00283560213772	-0.029991706076	0.000859362231339	0.0344015432667	-0.00668148178655	-0.0582383956079	-0.0189481525539	0.0102343612086	1.0	0.00357745956331	-0.00929566512587	-0.00619942317641	0.0169490756662	-0.0561894048904	0.0153193236116	-0.00544130550688	-0.00751371873729	-0.00999512413981	0.00459202876328	0.0127575379142	-0.00409535402053	0.00592589676807	-0.0021545962939	0.0151437778409	0.0152266535458	0.036962795485	-0.0173420567713	0.0414379910728	-0.0073017619882	0.0305911622093	0.00738680984556	-0.0229614744947	-0.0643880182289	-0.0354167784292	0.0456043507425	-0.106674512312	-0.0174426884452	0.0167696886663	-0.00259574689322	-0.0551550180325	-0.015148085138	-0.0316798216323	0.0120551684646	0.00968330884153	-0.0467403165927	-0.00229011335509	0.00581481194031	-0.0169086504461	-0.0312894609482	-0.0311327982946	0.00603744708958	0.0135900520481	-0.0429126624943	0.00309088733295	-0.00598971654588	-0.0379616607632
k__Bacteria;p__Bacteroidetes;c__Bacteroidia;o__Bacteroidales;f__Bacteroidaceae;g__Bacteroides;s__Bacteroides_cellulosilyticus	0.00303478308198	-0.0235185726983	0.00126281689381	-0.0197041173658	0.00852337204295	0.0139588919438	0.0428012005149	-0.0155406264707	-0.0307969268079	0.00409940780021	0.0362111088118	0.00357745956331	1.0	0.0342307139399	-0.0190321081607	-0.000947953431477	-0.01678868376	0.00440786316878	-0.0468254871073	0.0216106072334	0.0128881380882	-0.0339380646804	-0.024894209399	0.0491613732362	0.0288167370841	0.00564768945655	0.0203823494342	-0.0682283933926	-0.0309925954772	0.0098033846419	-0.0132249094843	0.0161863179632	0.056193067355	-0.037448322176	0.0349746670795	0.017547012951	0.0214719421924	-0.0104891662575	-0.0190954885436	-0.0511768328794	-0.0132265877384	-0.00452595989112	-0.00131722896501	-0.0153550079862	0.0192795525227	-0.00116347246792	-0.00585297847409	-0.00332256151649	-0.0259824716463	-0.00339013602865	0.0139205407318	-0.00937147958478	-0.0210755495897	-0.0329860719392	0.0171930111243	0.00866522871207	-0.00267268783585	-0.0101471074321	-0.0357551970197
k__Bacteria;p__Bacteroidetes;c__Bacteroidia;o__Bacteroidales;f__Rikenellaceae;g__Alistipes;s__Alistipes_obesi	-0.00673853194285	-0.00425323493829	0.0369363786906	0.0404386044971	-0.0108292973092	-0.0115744094612	-0.0357042832932	-0.0328933637365	0.0235712158218	-0.033767076256	-0.0183114480147	-0.00929566512587	0.0342307139399	1.0	0.0746284219141	-0.02313487054	0.00079011037886	0.0699798093368	-0.0318174118911	0.0109436050404	-0.0224230636343	-0.0415984179494	-0.0027850172962	-0.0229609148853	-0.0590265786807	-0.0452018514784	-0.0572557610569	-0.0385193090398	-0.0287242273827	-0.031312880611	0.0325107947711	-0.0367902563981	-0.0599749478431	0.050307345023	-0.0324321009798	0.0107856627127	-0.00590126450877	-0.018982606099	-0.0113415880007	0.0276504021686	-0.0536708098586	-0.0514441152444	-0.0356598171321	0.00441557704017	0.014626158744	-0.040760017759	0.0168172121075	-0.025653024257	0.0462300822834	-0.0202054540612	0.00174542690371	-0.0321062458302	-0.0498893643954	-0.00635464028381	0.022132700952	-0.00728921632806	-0.0218573823076	0.0137694799125	0.0341388007773
k__Bacteria;p__Firmicutes;c__Clostridia;o__Clostridiales;f__Lachnospiraceae;g__;s__[Eubacterium]_rectale	0.0137526306492	0.0301042523454	0.0161835286583	-0.0554872877839	0.0334311282373	-0.0191085617929	0.0194174116758	0.0277905953336	0.0532300992811	-0.00408810877237	-0.0251557646015	-0.00619942317641	-0.0190321081607	0.0746284219141	1.0	-0.0276105210738	0.0394694104673	0.00868460901329	-0.0293437228285	-0.0660195475619	0.0290257967465	0.017660178947	-0.00249888442487	0.00160091380959	-0.0096479803996	-0.0374063053869	0.0114849172171	-0.0454677854216	-0.00840085093414	0.0373707525168	9.60316909021e-05	-0.00160507728813	-0.0462278354773	0.0544819854046	-0.00546674917141	-0.0161585535774	0.0171920610954	0.00071066354909	-0.0306854368343	-0.00984385073546	-0.00310179844738	-0.000197086879984	-0.0319492567477	0.0169094136722	-0.00973860431453	-0.0586628922846	-0.000130029159678	-0.0300365021543	0.0243096155344	-0.0339844486384	-0.0402971313081	-0.0024193482133	0.0384906290212	0.0163483859183	-0.0263451845217	-0.002833215113	0.0194829875951	0.0323210834994	-0.0100112170619
k__Bacteria;p__Bacteroidetes;c__Bacteroidia;o__Bacteroidales;f__Bacteroidaceae;g__Bacteroides;s__Bacteroides_plebeius	0.0410396729232	-0.00216426787722	-0.0621209569147	-0.0106126423291	0.00121846061344	0.0305828563283	0.0366521991565	0.0046653319849	-0.0142230057462	0.00722560815826	0.0520582681284	0.0169490756662	-0.000947953431477	-0.02313487054	-0.0276105210738	1.0	-0.0592679899135	-0.0331690453031	-0.0651645394461	-0.0606564554876	-0.0785885978289	0.0493928561317	0.0386832697251	0.033984191754	0.0336635752531	0.0650513084041	0.0189131255998	-0.0307679212169	-0.0633823814418	-0.0334274410376	-0.0132789722567	-0.0212688605353	-0.00576261357732	-0.0118871956045	0.0331005742188	-0.0368856668481	-0.00410150901213	-0.0205778887812	0.01442058768	-0.0366784526516	-0.0159234436806	0.00501739983255	-0.0254196523177	0.0450187646704	0.00497177342869	-0.0490732781518	0.0433531660583	-0.0303770233033	0.0198729938609	0.0153746412352	0.000779205467554	-0.0133591582224	-0.0518827822133	0.00859001112086	-0.0538166635549	-0.0472690830944	-0.0199377497966	-0.0311581900745	0.0447666653851
k__Bacteria;p__Bacteroidetes;c__Bacteroidia;o__Bacteroidales;f__Bacteroidaceae;g__Bacteroides;s__Bacteroides_fragilis	0.0143726471396	0.026350585	0.0479554938214	-0.0320532136505	-0.0191811584632	0.0234738626227	-0.0162055752371	0.0113709789636	-0.0098069376132	0.0498733703356	-0.000113104512534	-0.0561894048904	-0.01678868376	0.00079011037886	0.0394694104673	-0.0592679899135	1.0	0.00667708499729	0.0208081701262	0.0609712592263	0.0544718451159	-0.0916432483843	0.0634089757724	0.0540433922497	0.0166715017611	0.00272364891811	0.0195437959735	0.00754622892896	0.00702549766043	0.00336368538894	0.0218215500511	0.00881312545256	0.0384595588082	-0.0172428511525	-0.0559310243978	-0.0356799015717	-0.0305844818614	-0.00902829014135	-0.000669549029447	0.0197491408129	-0.0354528977737	-0.0550651699093	-0.0225220687027	-0.0301396282066	-0.00129393894581	-0.0230493791557	-0.00574166107598	0.00491256836607	0.013762974618	-0.0421471404222	0.00882994151697	0.0166635759919	-0.0697680450596	-0.0164270738252	-0.0527706544902	-0.0564149235511	-0.000584390958317	-0.0798695105915	-0.0418170465033
k__Bacteria;p__Proteobacteria;c__Betaproteobacteria;o__Burkholderiales;f__Sutterellaceae;g__Sutterella;s__Sutterella_wadsworthensis	-0.00823398266552	-0.0745364786718	-0.0407860433985	0.0803133948311	0.00900934908489	0.00450865839886	-0.00272318441676	-0.0248211002226	-0.0460418105585	-0.0160285233852	-0.0318360954364	0.0153193236116	0.00440786316878	0.0699798093368	0.00868460901329	-0.0331690453031	0.00667708499729	1.0	0.0222348206939	0.0132456815228	0.0207450431846	-0.0234277204606	0.0132762427129	-0.0525889625232	0.0164545627829	-0.0226555190468	0.0048545064308	-0.00261621618305	-0.0485664863409	0.0159457030451	-0.00697603940281	-0.0308733545377	-0.0637646081638	-0.0260103058344	-0.0142797609904	-0.0146102706284	0.00754088413605	-0.000196783371704	0.0194189871374	-0.0166723396888	-0.0203875584155	0.0334806315024	-0.0108656089749	0.0434628378931	0.0165339127432	0.00534732976901	-0.0362927831901	0.00408749328825	0.0224303909391	-0.00492370277845	0.028354242708	-0.00738176355741	-0.0576589419827	-0.0171099298033	-0.0322917877432	-0.027399858976	0.00112662916564	-0.0322647241642	-0.00646458940175
k__Bacteria;p__Bacteroidetes;c__Bacteroidia;o__Bacteroidales;f__Porphyromonadaceae;g__Barnesiella;s__Barnesiella_intestinihominis	0.02079258735	0.0193886311513	-0.00851834791987	0.0160287078541	-0.0279103716648	0.0789803080737	0.0212174465968	-0.0214949064571	-0.0744513677065	-0.0581451055323	-0.0408065929252	-0.00544130550688	-0.0468254871073	-0.0318174118911	-0.0293437228285	-0.0651645394461	0.0208081701262	0.0222348206939	1.0	-0.0156004965144	-0.0173270831873	0.0437423715802	0.00510472195324	-0.068306790081	0.0187101119068	0.03528926971	-0.0283124387755	-0.0122427228896	0.0371093623144	-0.0268602781921	0.00701325141624	-0.0499524309577	-0.0210892614136	-0.00499471386265	-0.0348726758309	0.038800228365	-0.0139003465672	-0.00881759699733	-0.042334103902	0.0139192082013	-0.00755921243456	0.0200984508767	0.0369444674801	0.00628650634858	0.0461201921738	-0.0178428999775	-0.0204669691781	0.0180009932066	-0.0211581933571	0.0191484471888	0.0391275896656	0.0240729314512	-0.0215335798015	-0.033584516554	-0.0273160828879	0.013605112924	-0.0127727374442	-0.0490660038566	-0.0226764126452
k__Bacteria;p__Bacteroidetes;c__Bacteroidia;o__Bacteroidales;f__Odoribacteraceae;g__Odoribacter;s__Odoribacter_splanchnicus	0.0100108405452	-0.056725008224	0.00065663002966	0.0169334745638	0.0221218023384	-0.0252611165646	-0.00910341286695	0.000654447265001	-0.0714570240104	0.0294661178566	-0.043577994218	-0.00751371873729	0.0216106072334	0.0109436050404	-0.0660195475619	-0.0606564554876	0.0609712592263	0.0132456815228	-0.0156004965144	1.0	-0.0156820860708	-0.0249250022287	-0.0607119333822	-0.038581363293	-0.00394684842344	0.0201594041788	-0.0425785260382	-0.0132870788349	-0.0366278782668	0.0247977959458	-0.0182620929376	-0.0145560648022	-0.0387276341401	-0.0125691890157	0.0208740968503	0.0346476297166	-0.0145335196318	-0.00413298276451	-0.0140014470027	-0.00150758660949	-0.0250917744455	0.0127062504484	-0.0232991942999	0.00510606382188	0.0852520227948	-0.045427185698	-0.0525845127742	0.0831707354166	-0.0066201885481	-0.0139127439247	0.0164517836247	-0.00595053458887	-0.0394567487462	0.0334766450001	0.00833454545684	-0.00255828012711	-0.0119498028635	-0.0041039952055	-0.0320386663438
k__Bacteria;p__Bacteroidetes;c__Bacteroidia;o__Bacteroidales;f__Bacteroidaceae;g__Bacteroides;s__Bacteroides_salyersiae	-0.0138370890169	-0.0269092916006	0.0385085121675	-0.00398306468974	-0.0264733912602	-0.036214817277	-0.0266075727139	-0.0248796847315	-0.0529721441457	0.0133532845427	-0.00459471981473	-0.00999512413981	0.0128881380882	-0.0224230636343	0.0290257967465	-0.0785885978289	0.0544718451159	0.0207450431846	-0.0173270831873	-0.0156820860708	1.0	-0.0363845137879	-0.0535318623298	-0.0883080804672	0.00282819000714	-0.0415305126135	-0.00333063492253	0.0129249924795	0.000363119892372	0.0531950460629	-0.0267785780148	-0.0162763987972	-0.085382250737	-0.0216285729005	-0.0213154311211	-0.0238573819464	0.0301396501928	-0.0354430405164	0.00112706705261	0.0373745470817	-0.00356947039805	0.0356295414862	0.0225578237409	-0.0225648602221	0.00206733717722	-0.00851974421091	0.00325132363186	0.021887892912	-0.0291467536245	-0.0244404876596	-0.0198956301832	-0.0460117754334	0.0625360354755	0.0367474818404	0.0314196893831	0.00566744055493	-0.0153399915528	0.0289375660868	-0.0559663787521
k__Bacteria;p__Firmicutes;c__Clostridia;o__Clostridiales;f__Ruminococcaceae;g__Ruminiclostridium;s__[Eubacterium]_siraeum	0.0472358461721	-0.0327566073572	0.00906909728306	-0.0437425890707	-0.0147553830671	-0.0230552540472	-0.0294097522417	0.00383167446691	0.0172006848591	-0.0284033964703	0.0230905006522	0.00459202876328	-0.0339380646804	-0.0415984179494	0.017660178947	0.0493928561317	-0.0916432483843	-0.0234277204606	0.0437423715802	-0.0249250022287	-0.0363845137879	1.0	-0.0151009076908	0.0118747126196	0.0220572092096	-0.0067616351626	-0.00102955328969	-0.0483133955841	-0.0121161895634	-0.0551360422241	0.0213686814708	0.00417768686914	-0.00317483113197	-0.0229490852585	-0.0610763186217	-0.0100246033051	-0.0550095446521	-0.0456728573705	-0.0262532523666	-7.09000807539e-05	-0.00624148559974	-0.0330503488711	0.00762948913396	0.0131424196887	-0.017351828962	0.0316334350783	0.00709270045082	-0.0091750782087	0.021805549686	0.0519840153164	-0.0222645176333	0.00441560557656	0.0185387601968	-0.0268728935036	-0.00458878893716	0.0140698508236	-0.0106641658831	-0.0346932896211	0.018879718227
k__Bacteria;p__Proteobacteria;c__Betaproteobacteria;o__Burkholderiales;f__Sutterellaceae;g__Parasutterella;s__Parasutterella_excrementihominis	-0.0740780358128	0.00770755708352	0.033442519857	-0.0161570436518	-0.0321188874312	0.0565259944777	-0.0389301532993	-0.0474935479575	0.00734976495146	0.0140901870456	-0.0447709534206	0.0127575379142	-0.024894209399	-0.0027850172962	-0.00249888442487	0.0386832697251	0.0634089757724	0.0132762427129	0.00510472195324	-0.0607119333822	-0.0535318623298	-0.0151009076908	1.0	-0.0298510385718	0.00950392024255	-0.0121593357018	-0.00341723071898	-0.00978106834975	-0.0374626532592	0.0355782263289	-0.0434287592281	0.00765057215367	-0.0126854234515	-0.0287043148805	0.0386124032825	0.0475937085064	0.00740445577047	0.0285995425697	0.00815389534496	-0.0210755402569	-0.0369019647502	-0.0323296480242	0.0326802776885	-0.0645215706824	0.0552585886853	-0.0398893901631	-0.0288411239704	0.0154621179555	-0.0210157304677	-0.013244929342	0.0100387254381	-0.0396953108363	-0.00387959492143	0.0178042576738	0.047920489048	-0.032613002003	-0.000815776061966	0.0327051840039	-0.0304423468101
k__Bacteria;p__Actinobacteria;c__Actinobacteria;o__Bifidobacteriales;f__Bifidobacteriaceae;g__Bifidobacterium;s__Bifidobacterium_adolescentis	-0.0124944428934	-0.00471980497641	0.009513379033	-0.0522751701262	-0.0673341965502	-0.0137532196447	-0.0297462832067	0.00821067554744	0.00531400984371	0.0256366068934	-0.0364305355196	-0.00409535402053	0.0491613732362	-0.0229609148853	0.00160091380959	0.033984191754	0.0540433922497	-0.0525889625232	-0.068306790081	-0.038581363293	-0.0883080804672	0.0118747126196	-0.0298510385718	1.0	-0.0836056594651	-0.0142687191135	-0.022932890893	0.00334886534621	-0.0222128742542	-0.029885917499	0.0473998891093	-0.0118938473441	-0.00800351296915	0.00925049260068	-0.000350381869012	0.0138000828378	0.011626175761	0.0185317276342	-0.0571254480796	-0.00877164870987	-0.0437106342037	-0.0593015043539	0.0191902164661	0.0184886805103	-0.0180295567747	-0.0320972450093	-0.00331916226929	-0.0117613920523	0.0104439309493	-0.00727827224695	-0.0224452400166	0.0339913492899	0.0156160930731	0.000419875824266	0.0132331276787	0.0075603785961	0.0521272515676	0.0327017115861	-0.0696369800414
k__Bacteria;p__Firmicutes;c__Clostridia;o__Clostridiales;f__Oscillospiraceae;g__Oscillibacter;s__Oscillibacter_sp._KLE_1745	-0.00440441717326	-0.0524438037497	-0.0229609939576	-0.0013744606825	-0.00949991752566	0.0700906470668	-0.0341353375037	-0.0308712110767	-0.0367401536697	-0.00516701861229	-0.0264171538241	0.00592589676807	0.0288167370841	-0.0590265786807	-0.0096479803996	0.0336635752531	0.0166715017611	0.0164545627829	0.0187101119068	-0.00394684842344	0.00282819000714	0.0220572092096	0.00950392024255	-0.0836056594651	1.0	-0.0265101442311	0.0139311419542	-0.0219115440915	0.0176941112038	0.0376300463691	-0.0147962306527	0.0276428797962	0.0101521261726	-0.0597660501419	0.0180716983887	-0.0388405575318	0.00935724365519	0.0153475074499	-0.0360589941533	0.00308773533873	-0.0359047093506	-0.00473699439055	0.0483558407035	-0.0413919234103	-0.0437763112151	-0.0205664232692	-0.0926841566722	-0.0419024481021	-0.00446242106985	0.0264550026721	0.0416783086143	0.0330579960769	0.0219562640683	0.0215099021867	-0.0197108828166	-0.0799875365812	-0.0537383538724	0.0135931038309	0.0256284112487
k__Bacteria;p__Bacteroidetes;c__Bacteroidia;o__Bacteroidales;f__Bacteroidaceae;g__Bacteroides;s__Bacteroides_coprophilus	0.0582290567272	0.00100988003354	0.0144288311268	0.00495833499682	-0.0216312181893	0.00184706442935	0.00195603491958	-0.0391773598264	0.043580949569	0.00520854308416	-0.000342885359561	-0.0021545962939	0.00564768945655	-0.0452018514784	-0.0374063053869	0.0650513084041	0.00272364891811	-0.0226555190468	0.03528926971	0.0201594041788	-0.0415305126135	-0.0067616351626	-0.0121593357018	-0.0142687191135	-0.0265101442311	1.0	-0.0842207556998	0.0104493136972	0.0270885095758	-0.0465370116752	-0.0420688141839	0.0250710871845	-0.036843382972	0.00900270688085	-0.0303678695395	0.0111780599931	-0.0474502308361	-0.0229373437239	-0.0202797990565	0.0632529656602	-0.0704757393849	0.0190454118774	0.0126730477452	0.0024459866974	-0.0059183456869	-0.022656160785	-0.0159249700212	-0.00928864468518	-0.0221750552171	0.0302575948764	0.000817083924842	-0.0114005797506	-0.0173027302915	-0.0507730821304	-0.0513617636987	0.0177088753661	0.00103915948267	-0.00528611598398	-0.00809772676588
k__Bacteria;p__Firmicutes;c__Clostridia;o__Clostridiales;f__Lachnospiraceae;g__Roseburia;s__Roseburia_intestinalis	-0.0140366474782	-0.0233498266693	-0.0195261477883	0.0265432350542	0.00722854040009	6.93530565801e-05	-0.0638787230444	0.0223402633495	-0.00833518810779	-0.0895431874771	-0.0590925855992	0.0151437778409	0.0203823494342	-0.0572557610569	0.0114849172171	0.0189131255998	0.0195437959735	0.0048545064308	-0.0283124387755	-0.0425785260382	-0.00333063492253	-0.00102955328969	-0.00341723071898	-0.022932890893	0.0139311419542	-0.0842207556998	1.0	-0.0237550493583	0.0302077928487	-0.0435968179177	0.0552794271531	-0.00295641565814	-0.00540982932702	0.0324173437887	0.0360984943467	0.0267924369898	-0.0254661814685	-0.0238564073864	0.013776096808	-0.0289747533728	0.0508084689532	0.0760296005034	-0.00889639329432	-0.0134436451872	-0.000868594121877	-0.00853094026997	-0.0146210320887	-0.0289727558117	-0.0511392602511	-0.0457821718859	0.0223712587958	0.0605340054736	-0.0589742503402	0.043839206044	-0.0243298550757	0.0337952776538	-0.0108815652952	0.0234758933244	-0.0105925676657
k__Bacteria;p__Firmicutes;c__Clostridia;o__Clostridiales;f__Lachnospiraceae;g__Roseburia;s__Roseburia_hominis	-0.0374414161818	-0.00524610297005	0.0385411189492	-0.0301644052754	0.00243269438349	-0.0211082890578	0.00876853362956	0.0373751604902	-0.017321719575	-0.0220210126266	-0.0284251588129	0.0152266535458	-0.0682283933926	-0.0385193090398	-0.0454677854216	-0.0307679212169	0.00754622892896	-0.00261621618305	-0.0122427228896	-0.0132870788349	0.0129249924795	-0.0483133955841	-0.00978106834975	0.00334886534621	-0.0219115440915	0.0104493136972	-0.0237550493583	1.0	0.0340147430515	0.0296199258374	0.0236040130338	-0.0135456038642	0.00642154170684	-0.0180640444382	0.0115568768835	-0.0281866964057	0.0336660557843	-0.0221851336731	0.048753859635	0.0390006270084	-0.0143300711964	-0.0189517762743	-0.0250290868981	-0.0133302474894	0.0207565881039	-0.0588302518103	-0.0155753823632	-0.0329548512624	-0.0353764458648	0.0160388262023	0.0315310150895	-0.018232343497	0.0280701929926	0.0517564520663	-0.0261477776063	-0.0478548182549	-0.0226712265821	0.0375747618848	-0.00156658828029
k__Bacteria;p__Bacteroidetes;c__Bacteroidia;o__Bacteroidales;f__Porphyromonadaceae;g__Parabacteroides;s__Parabacteroides_johnsonii	0.0154867163359	-0.0259769655225	-0.0104927328145	-0.00640461247486	-0.0133422197595	0.052190616651	0.0892181329169	-0.0468351325173	0.0119625220662	-0.0428999692664	0.00879949483828	0.036962795485	-0.0309925954772	-0.0287242273827	-0.00840085093414	-0.0633823814418	0.00702549766043	-0.0485664863409	0.0371093623144	-0.0366278782668	0.000363119892372	-0.0121161895634	-0.0374626532592	-0.0222128742542	0.0176941112038	0.0270885095758	0.0302077928487	0.0340147430515	1.0	-0.0271811490421	0.0492687010664	-0.0232731293215	0.0348486430666	0.0300257387345	-0.0314776235941	-0.0316472332353	0.0228676955657	-0.0308398868056	-0.0208776785491	-0.00544958666197	-0.0483568809996	-0.039270230901	0.0143332187159	-0.0294819690168	-0.00597961467366	-0.0225521593095	0.0434920121705	0.0040401618577	-0.0278992883226	0.0169177433867	-0.0175451189675	-0.00757669766925	-0.0401587538244	-0.021425417778	0.00848776361895	-0.0100032670876	-0.0114474149108	0.00589138651912	-0.003674957296
k__Bacteria;p__Actinobacteria;c__Actinobacteria;o__Bifidobacteriales;f__Bifidobacteriaceae;g__Bifidobacterium;s__Bifidobacterium_longum	-0.0532368779758	0.054662276569	-0.0251162593293	-0.0604445093605	-0.0304361970712	0.0257047175857	-0.021152579282	-0.0211674280624	-0.116416125069	0.0157992547853	-0.007590883641	-0.0173420567713	0.0098033846419	-0.031312880611	0.0373707525168	-0.0334274410376	0.00336368538894	0.0159457030451	-0.0268602781921	0.0247977959458	0.0531950460629	-0.0551360422241	0.0355782263289	-0.029885917499	0.0376300463691	-0.0465370116752	-0.0435968179177	0.0296199258374	-0.0271811490421	1.0	-0.0435883748349	0.0184481692921	-0.00789830535733	-0.0353451282352	-0.0140453531082	-0.0180414457402	-0.0565231526004	0.030752628198	-0.0154638507373	0.0135329196364	-0.0216927203857	0.0289514665648	0.00557565761597	0.0184269163311	-0.0494085366532	3.74510123488e-05	-0.0568509402273	-0.00963090263274	-0.0214100591845	-0.0121009088734	-0.0642977492818	0.0177543807313	-0.00709747979989	0.0470497865928	-0.0191130133206	-0.0515704419357	-0.00910991163949	0.00665371331785	-0.0271624873826
