#taxonomy	k__Bacteria;p__Bacteroidetes;c__Bacteroidia;o__Bacteroidales;f__Bacteroidaceae;g__Bacteroides;s__Bacteroides_vulgatus	k__Bacteria;p__Bacteroidetes;c__Bacteroidia;o__Bacteroidales;f__Bacteroidaceae;g__Bacteroides;s__Bacteroides_uniformis	k__Bacteria;p__Bacteroidetes;c__Bacteroidia;o__Bacteroidales;f__Rikenellaceae;g__Alistipes;s__Alistipes_putredinis	k__Bacteria;p__Bacteroidetes;c__Bacteroidia;o__Bacteroidales;f__Prevotellaceae;g__Prevotella;s__Prevotella_copri	k__Bacteria;p__Bacteroidetes;c__Bacteroidia;o__Bacteroidales;f__Bacteroidaceae;g__Bacteroides;s__Bacteroides_stercoris	k__Bacteria;p__Bacteroidetes;c__Bacteroidia;o__Bacteroidales;f__Bacteroidaceae;g__Bacteroides;s__Bacteroides_ovatus	k__Bacteria;p__Bacteroidetes;c__Bacteroidia;o__Bacteroidales;f__Rikenellaceae;g__Alistipes;s__Alistipes_shahii	k__Bacteria;p__Firmicutes;c__Clostridia;o__Clostridiales;f__Ruminococcaceae;g__Faecalibacterium;s__Faecalibacterium_prausnitzii	k__Bacteria;p__Bacteroidetes;c__Bacteroidia;o__Bacteroidales;f__Rikenellaceae;g__Alistipes;s__Alistipes_finegoldii	k__Bacteria;p__Bacteroidetes;c__Bacteroidia;o__Bacteroidales;f__Porphyromonadaceae;g__Parabacteroides;s__Parabacteroides_distasonis	k__Bacteria;p__Bacteroidetes;c__Bacteroidia;o__Bacteroidales;f__Bacteroidaceae;g__Bacteroides;s__Bacteroides_thetaiotaomicron	k__Bacteria;p__Bacteroidetes;c__Bacteroidia;o__Bacteroidales;f__Bacteroidaceae;g__Bacteroides;s__Bacteroides_coprocola	k__Bacteria;p__Bacteroidetes;c__Bacteroidia;o__Bacteroidales;f__Bacteroidaceae;g__Bacteroides;s__Bacteroides_cellulosilyticus	k__Bacteria;p__Bacteroidetes;c__Bacteroidia;o__Bacteroidales;f__Rikenellaceae;g__Alistipes;s__Alistipes_obesi	k__Bacteria;p__Firmicutes;c__Clostridia;o__Clostridiales;f__Lachnospiraceae;g__;s__[Eubacterium]_rectale	k__Bacteria;p__Bacteroidetes;c__Bacteroidia;o__Bacteroidales;f__Bacteroidaceae;g__Bacteroides;s__Bacteroides_plebeius	k__Bacteria;p__Bacteroidetes;c__Bacteroidia;o__Bacteroidales;f__Bacteroidaceae;g__Bacteroides;s__Bacteroides_fragilis	k__Bacteria;p__Proteobacteria;c__Betaproteobacteria;o__Burkholderiales;f__Sutterellaceae;g__Sutterella;s__Sutterella_wadsworthensis	k__Bacteria;p__Bacteroidetes;c__Bacteroidia;o__Bacteroidales;f__Porphyromonadaceae;g__Barnesiella;s__Barnesiella_intestinihominis	k__Bacteria;p__Bacteroidetes;c__Bacteroidia;o__Bacteroidales;f__Odoribacteraceae;g__Odoribacter;s__Odoribacter_splanchnicus	k__Bacteria;p__Bacteroidetes;c__Bacteroidia;o__Bacteroidales;f__Bacteroidaceae;g__Bacteroides;s__Bacteroides_salyersiae	k__Bacteria;p__Firmicutes;c__Clostridia;o__Clostridiales;f__Ruminococcaceae;g__Ruminiclostridium;s__[Eubacterium]_siraeum	k__Bacteria;p__Proteobacteria;c__Betaproteobacteria;o__Burkholderiales;f__Sutterellaceae;g__Parasutterella;s__Parasutterella_excrementihominis	k__Bacteria;p__Actinobacteria;c__Actinobacteria;o__Bifidobacteriales;f__Bifidobacteriaceae;g__Bifidobacterium;s__Bifidobacterium_adolescentis	k__Bacteria;p__Firmicutes;c__Clostridia;o__Clostridiales;f__Oscillospiraceae;g__Oscillibacter;s__Oscillibacter_sp._KLE_1745	k__Bacteria;p__Bacteroidetes;c__Bacteroidia;o__Bacteroidales;f__Bacteroidaceae;g__Bacteroides;s__Bacteroides_coprophilus	k__Bacteria;p__Firmicutes;c__Clostridia;o__Clostridiales;f__Lachnospiraceae;g__Roseburia;s__Roseburia_intestinalis	k__Bacteria;p__Firmicutes;c__Clostridia;o__Clostridiales;f__Lachnospiraceae;g__Roseburia;s__Roseburia_hominis	k__Bacteria;p__Bacteroidetes;c__Bacteroidia;o__Bacteroidales;f__Porphyromonadaceae;g__Parabacteroides;s__Parabacteroides_johnsonii	k__Bacteria;p__Actinobacteria;c__Actinobacteria;o__Bifidobacteriales;f__Bifidobacteriaceae;g__Bifidobacterium;s__Bifidobacterium_longum	k__Bacteria;p__Firmicutes;c__Clostridia;o__Clostridiales;f__;g__Flavonifractor;s__Flavonifractor_plautii	k__Bacteria;p__Firmicutes;c__Clostridia;o__Clostridiales;f__Clostridiaceae;g__Clostridium;s__Clostridium_phoceensis	k__Bacteria;p__Verrucomicrobia;c__Verrucomicrobiae;o__Verrucomicrobiales;f__Akkermansiaceae;g__Akkermansia;s__Akkermansia_muciniphila	k__Bacteria;p__Bacteroidetes;c__Bacteroidia;o__Bacteroidales;f__Prevotellaceae;g__Paraprevotella;s__Paraprevotella_xylaniphila	k__Bacteria;p__Firmicutes;c__Clostridia;o__Clostridiales;f__Ruminococcaceae;g__Ruminococcus;s__Ruminococcus_callidus	k__Bacteria;p__Bacteroidetes;c__Bacteroidia;o__Bacteroidales;f__Rikenellaceae;g__Alistipes;s__Alistipes_senegalensis	k__Bacteria;p__Firmicutes;c__Clostridia;o__Clostridiales;f__Lachnospiraceae;g__Blautia;s__Blautia_sp._KLE_1732	k__Bacteria;p__Bacteroidetes;c__Bacteroidia;o__Bacteroidales;f__Bacteroidaceae;g__Bacteroides;s__Bacteroides_oleiciplenus	k__Bacteria;p__Firmicutes;c__Clostridia;o__Clostridiales;f__Ruminococcaceae;g__Ruminococcus;s__Ruminococcus_bicirculans	k__Bacteria;p__Bacteroidetes;c__Bacteroidia;o__Bacteroidales;f__Bacteroidaceae;g__Bacteroides;s__Bacteroides_fluxus	k__Bacteria;p__Bacteroidetes;c__Bacteroidia;o__Bacteroidales;f__Prevotellaceae;g__Prevotella;s__Prevotella_stercorea	k__Bacteria;p__Firmicutes;c__Clostridia;o__Clostridiales;f__Lachnospiraceae;g__Dorea;s__Dorea_longicatena	k__Bacteria;p__Firmicutes;c__Clostridia;o__Clostridiales;f__Eubacteriaceae;g__Eubacterium;s__[Eubacterium]_eligens	k__Bacteria;p__Firmicutes;c__Clostridia;o__Clostridiales;f__Ruminococcaceae;g__;s__Ruminococcaceae_bacterium_D16	k__Bacteria;p__Firmicutes;c__Clostridia;o__Clostridiales;f__Lachnospiraceae;g__Coprococcus;s__Coprococcus_comes	k__Bacteria;p__Proteobacteria;c__Gammaproteobacteria;o__Enterobacterales;f__Enterobacteriaceae;g__Escherichia;s__Escherichia_coli	k__Bacteria;p__Firmicutes;c__Clostridia;o__Clostridiales;f__Ruminococcaceae;g__Anaerotruncus;s__Anaerotruncus_colihominis	k__Bacteria;p__Firmicutes;c__Clostridia;o__Clostridiales;f__Lachnospiraceae;g__Blautia;s__Blautia_obeum	k__Bacteria;p__Bacteroidetes;c__Bacteroidia;o__Bacteroidales;f__Odoribacteraceae;g__Odoribacter;s__Odoribacter_laneus	k__Bacteria;p__Firmicutes;c__Clostridia;o__Clostridiales;f__Ruminococcaceae;g__Ruminiclostridium;s__[Clostridium]_leptum	k__Bacteria;p__Bacteroidetes;c__Bacteroidia;o__Bacteroidales;f__Porphyromonadaceae;g__Parabacteroides;s__Parabacteroides_goldsteinii	k__Bacteria;p__Firmicutes;c__Clostridia;o__Clostridiales;f__Lachnospiraceae;g__Anaerostipes;s__Anaerostipes_hadrus	k__Bacteria;p__Firmicutes;c__Clostridia;o__Clostridiales;f__Ruminococcaceae;g__Ruminococcus;s__Ruminococcus_lactaris	k__Bacteria;p__Firmicutes;c__Clostridia;o__Clostridiales;f__Clostridiaceae;g__Clostridium;s__Clostridium_sp._L2-50	k__Bacteria;p__Firmicutes;c__Clostridia;o__Clostridiales;f__Clostridiaceae;g__Clostridium;s__Clostridium_sp._M62/1	k__Bacteria;p__Firmicutes;c__Clostridia;o__Clostridiales;f__;g__Intestinimonas;s__Intestinimonas_butyriciproducens	k__Bacteria;p__Actinobacteria;c__Actinobacteria;o__Bifidobacteriales;f__Bifidobacteriaceae;g__Bifidobacterium;s__Bifidobacterium_bifidum	k__Bacteria;p__Firmicutes;c__Negativicutes;o__Veillonellales;f__Veillonellaceae;g__Dialister;s__Dialister_invisus	k__Bacteria;p__Bacteroidetes;c__Bacteroidia;o__Bacteroidales;f__Bacteroidaceae;g__Bacteroides;s__Bacteroides_salanitronis
k__Bacteria;p__Bacteroidetes;c__Bacteroidia;o__Bacteroidales;f__Bacteroidaceae;g__Bacteroides;s__Bacteroides_vulgatus	1.0	-0.00755609901103	-0.0282704371969	-0.0440204293864	-0.00219130197687	-0.0262756187967	-0.0490159706756	-0.0189918919726	0.0327925821422	-0.0623398976632	-0.00696909008257	-0.00540630356435	0.0186142234024	0.0278870164426	-0.0584951426973	-0.0449300546882	-0.0167585091677	0.00270100577223	-0.0103074451937	-0.00853675823223	0.0541750490894	-0.00102582723624	-0.0517102916401	0.00160978000164	0.0384954309845	0.00236176136313	-0.0073754876858	-0.000987542841647	-0.0448094732877	-0.00214908246929	0.0975430709514	0.0155469440831	0.0103049230352	-0.0354088237036	-0.0024993495634	0.0310296750855	-0.0197147004502	0.00630347647055	-0.0166520189767	0.0511462517097	-0.0294735425926	-0.017518916237	0.000782122152275	-0.0371876342348	0.0239138976161	0.0136876983238	-0.062171320616	-0.0227723380698	-0.0217872794547	-0.0321788955382	0.04542222917	0.011348909531	0.0153529795264	0.00184487055379	-0.0173286416493	0.0573642061028	-0.0144083568022	-0.0273706442056	-0.0176069792987
k__Bacteria;p__Bacteroidetes;c__Bacteroidia;o__Bacteroidales;f__Bacteroidaceae;g__Bacteroides;s__Bacteroides_uniformis	-0.00755609901103	1.0	0.0389545477087	0.0204318308316	-0.00028147608154	-0.102064647444	0.000702876685976	0.0172371507606	0.0336368933055	-0.0438153463773	0.0522214418822	-0.0212332029487	0.031612887395	-0.0476383252348	-0.0292238753144	0.0302521351902	-0.0277458536312	-0.00586482905193	-0.0613028960673	-0.0230930705836	-0.00542916666837	0.00504458008862	-0.0391442957395	-0.016354112261	-0.00713680335826	-0.00464263879135	-0.0373590755008	-0.030906294939	-0.00999789385268	0.00774338748992	-0.00436749274333	-0.0476761104572	0.0243291960963	0.00485329528784	-0.0395553116846	0.0431742456656	-0.00962607047575	-0.0118338900809	0.0158796063769	-0.00968399268359	-0.0221758309706	-0.0114464072178	0.0238846247316	0.0296785411166	-0.0358721337447	-0.0116390347052	0.0130698879137	0.054078301049	0.0193822695149	-0.0162400525213	-0.0240201598856	0.032547983272	0.0119897198982	0.00768324982075	0.0215941190531	0.00654001843191	0.0128662304874	0.0392285880197	-0.0175939301096
k__Bacteria;p__Bacteroidetes;c__Bacteroidia;o__Bacteroidales;f__Rikenellaceae;g__Alistipes;s__Alistipes_putredinis	-0.0282704371969	0.0389545477087	1.0	-0.00965947708542	0.00127569187043	-0.0244324111698	-0.0225705012995	-0.0314661442154	-0.0347546783397	-0.0430255885446	-0.0316279137347	0.00257740654578	-0.0105776506965	0.00196004805332	0.0177011393732	0.026023858369	-0.00293553469451	-0.0437856436953	-0.0169612739093	-0.0232110572363	0.0145222127526	0.0035000528235	0.00406527519269	0.0142416480823	-0.0152821102626	0.00146602368476	-0.030053651584	-0.0262815617836	0.0549639078479	-0.0025455443891	0.00947526191577	-0.00796775363747	0.0117065069535	0.0527390079606	-0.00502399916057	0.00400685736477	-0.0314259163348	0.0510934168694	0.0160179967743	-0.0216745834065	-0.0666913287105	0.0184137098145	0.0140100975211	0.0304802352477	-0.0479058860796	-0.0283241472644	0.00565711888758	0.0189107686305	0.00692217185216	-0.0249869573656	-0.0141736662337	0.030688621031	-0.0143161642636	-0.00182420655023	0.0363805600571	0.0470552944674	-0.104997741896	0.0647470812266	-0.0222680360756
k__Bacteria;p__Bacteroidetes;c__Bacteroidia;o__Bacteroidales;f__Prevotellaceae;g__Prevotella;s__Prevotella_copri	-0.0440204293864	0.0204318308316	-0.00965947708542	1.0	0.000619901013016	-0.0714914509212	0.0132290630702	0.00862285981262	0.0480117233932	-0.0172760574077	0.0593901939469	-0.0354450387273	0.00417556477542	-0.0521572640194	0.0255563065001	-0.071187174399	-0.00492006141276	-0.000590933633222	-0.00918237545443	-0.0151950751066	0.0194086002457	0.0250347212081	-0.01184364365	-0.0236230440073	-0.0379233727835	0.00052496142974	-0.0176760438723	-0.00573905687924	0.0351673005463	-0.0400789410682	-0.000404289385352	-0.0339366647371	-0.025318161778	0.0211924551974	0.00863591944292	0.0302832385949	0.0347819800345	0.0122542215594	-0.00580498954237	0.0328117272557	-0.0429262764499	0.0320402289014	-0.00669187273138	-0.0230100159662	-0.0190667484657	0.0227546145156	0.00218170503127	0.0152198672689	-0.0476190181856	0.0760825881604	0.0221384948069	-0.0294506718936	-0.0134394742682	0.036553463049	0.0205894636221	-0.0121365706554	-0.035341830602	-0.0623172212205	-0.0120076685464
k__Bacteria;p__Bacteroidetes;c__Bacteroidia;o__Bacteroidales;f__Bacteroidaceae;g__Bacteroides;s__Bacteroides_stercoris	-0.00219130197687	-0.00028147608154	0.00127569187043	0.000619901013016	1.0	-0.0176429857815	-0.0148588126312	-0.0576397312601	-0.0189957836887	-0.00131919937218	-0.0734385817128	-0.00358916582165	-0.0204639006391	0.0207183112619	0.0387981048482	-0.0688240961735	-0.0356939188253	-0.053030333815	-0.0428420374878	0.0266136828272	-0.00400982364461	-0.0289238864375	0.0250797313252	-0.0687755275409	-0.00484534955988	0.00674492356643	-0.0340576491563	0.00338521871733	-0.00964934988577	0.0324392142985	-0.0202458960836	-0.00708472653737	0.00116596544361	0.018231538765	-0.023348974944	0.0295814118653	-0.0410505432393	-0.0390406236136	-0.0461026236303	0.0628585322627	0.0305367696469	-0.0104399141519	0.0143533519716	-0.0764229221836	0.0108191357842	0.0539286673136	-0.0325571722429	-0.0427862940685	0.000749986043089	0.00291779636491	-0.00168945315305	0.0182071423929	-0.0329849322292	-0.0248465716206	-0.0109443093324	-0.0264570770868	-0.0123331002053	0.0137358261687	-0.0156728453238
k__Bacteria;p__Bacteroidetes;c__Bacteroidia;o__Bacteroidales;f__Bacteroidaceae;g__Bacteroides;s__Bacteroides_ovatus	-0.0262756187967	-0.102064647444	-0.0244324111698	-0.0714914509212	-0.0176429857815	1.0	0.0523293744036	-0.0327631853333	-0.0139093502044	-0.010609746403	-0.00237447425207	0.0286501908202	-0.0369267805953	0.0167902369254	0.0419463279142	-0.010296956637	0.0365092430073	0.0288373182688	0.0104690850831	0.0649524412923	0.00119920593872	-0.0207389822961	-0.00218139086734	0.0285141514239	0.0751344329125	0.0356264223102	-0.0334506812143	-0.00427648071598	-0.0359552310716	0.0290643438363	0.0233057608425	-0.0504476562521	0.053518721636	-0.0222491960134	-0.0246682302915	-0.00662274168016	-0.039521442051	0.00737713506215	0.0376868473527	-0.0299042474251	-0.025135499232	-0.0122917523771	-0.000441875538768	-0.0451805534749	0.0297447215306	0.0398565155438	0.0227136721886	-0.10273239966	-0.0611637863879	0.0213487422019	-0.0297142188885	0.0041578514461	-0.0101548353744	0.0355923976308	0.00720660582962	0.0178792347113	0.0106915395169	0.0285799075063	-0.000464977050944
k__Bacteria;p__Bacteroidetes;c__Bacteroidia;o__Bacteroidales;f__Rikenellaceae;g__Alistipes;s__Alistipes_shahii	-0.0490159706756	0.000702876685976	-0.0225705012995	0.0132290630702	-0.0148588126312	0.0523293744036	1.0	-0.0218975872193	0.00629225519792	-0.0167181431519	0.0320805707948	0.03177126676	-0.0115697065439	-0.0305943434225	-0.0188722912992	-0.000126533181629	0.0233054778351	-0.0320825441146	0.00594961957647	-0.012917517252	0.00106680033115	-0.0245300622575	-0.0261686318654	-0.0379170670564	0.0306490494282	-0.0162634955365	-0.00151235212262	-0.00132312802538	0.0453624658663	-0.0406638426784	-0.0335340904277	-4.00374472034e-05	0.0183581076607	0.0757239594896	-0.0398473438789	-0.0290889572152	-0.0647346001309	-0.00935723500591	-0.0674039114421	-0.0231709197071	0.0336957382512	-0.0390353198568	-0.018810911689	0.0275961102531	0.0400446813255	-0.0371442608228	0.0160689064102	-0.0263123367304	0.00431573992982	-0.0454238686706	0.00541711064753	-0.0354728951535	0.0325672972878	-0.0362244065094	-0.00343662662066	-0.035313663651	-0.0581541361537	-0.0119804366822	0.00102410824178
k__Bacteria;p__Firmicutes;c__Clostridia;o__Clostridiales;f__Ruminococcaceae;g__Faecalibacterium;s__Faecalibacterium_prausnitzii	-0.0189918919726	0.0172371507606	-0.0314661442154	0.00862285981262	-0.0576397312601	-0.0327631853333	-0.0218975872193	1.0	0.0386665965825	0.00880867484269	0.0924033886595	-0.0184371254426	0.0074400132401	0.0472911285078	-0.00451636360788	-0.0322462555529	0.0101607207188	0.0163427328711	-0.0456919002133	-0.034750595369	-0.0220457788809	-0.0836157408003	-0.0047727617067	-0.0153701100304	-0.0203047013783	0.0312306163543	0.0025425988945	-0.00340318188818	0.063447476703	0.0190935052486	-0.0314221666018	-0.0112489737005	-0.0569181935956	0.012159889762	-0.00116142030252	0.0189399771332	-0.0447712670083	-0.00507649507787	0.00159970078008	-0.0100721960846	0.0317169883709	-0.0260259600453	-0.00437544987785	-0.0478489199669	-0.0525773572776	0.0361003316209	-0.0184780427625	-0.00565933550973	0.0848281805862	0.0463723432629	0.00337029213473	0.0175879395729	0.0324486247673	-0.00650183687033	0.071031665958	-0.0239603964803	0.0378027414719	-0.0618269336824	-0.0349520272308
k__Bacteria;p__Bacteroidetes;c__Bacteroidia;o__Bacteroidales;f__Rikenellaceae;g__Alistipes;s__Alistipes_finegoldii	0.0327925821422	0.0336368933055	-0.0347546783397	0.0480117233932	-0.0189957836887	-0.0139093502044	0.00629225519792	0.0386665965825	1.0	-0.0321888043876	0.0106956262971	0.0789661063828	0.0498876568483	0.0101786979786	-0.0143258320205	-0.0200841159815	0.0308034275845	-0.063972776793	-0.0355036353865	-0.00957449915986	0.00323060770544	-0.0287249520845	0.0338583593304	0.00223226289199	-0.0472168694606	0.0238010841212	-0.0547109591716	-0.0825199204542	-0.0163097010073	-0.017575843928	0.0233044880826	-0.00250856230648	0.0122244992248	-0.0062507564029	-0.0625622460299	-0.00203151137324	-0.0238328510188	0.000366869473406	0.0697005953843	0.00542581263735	-0.0127034742809	-0.00536411440039	-0.0300535526753	-0.0135650295782	-0.029272091554	-0.0298037330243	-0.0299233158618	0.0105173020013	-0.0404390981821	-0.000194322620461	0.0157675094824	-0.0306257978576	0.0153605911487	-0.064392592512	0.00268138535909	-0.0331867022895	0.029601089376	-0.0367994983791	-0.0352405131157
k__Bacteria;p__Bacteroidetes;c__Bacteroidia;o__Bacteroidales;f__Porphyromonadaceae;g__Parabacteroides;s__Parabacteroides_distasonis	-0.0623398976632	-0.0438153463773	-0.0430255885446	-0.0172760574077	-0.00131919937218	-0.010609746403	-0.0167181431519	0.00880867484269	-0.0321888043876	1.0	0.0136126573848	0.0156168675515	-0.00121159933843	0.0255935939478	-0.00562997998779	-0.0329924616657	-0.0164234688204	0.0065324883943	0.0621988540545	-0.0205635619334	0.00507002012353	-0.0214286060582	0.0476454295317	-0.00947615362885	0.0348813019263	-0.00525256749223	-0.0126356565384	0.0102916286877	0.0224415311096	0.0622397840018	0.0187682254553	-0.0146471471282	0.0640944830083	-0.0183739116373	-0.045220250122	0.0430213638486	0.0374251544842	-0.0539752230275	-0.0405172810958	0.00124522825714	0.000361454654505	-0.00346857338435	-0.00246973599849	-0.0139951056352	0.0137120593064	-0.0192143900486	-0.0275780801958	-0.0124658613766	-0.0818578395542	-0.00514785947518	0.0241693172605	-0.0768541302796	-0.0512573423518	0.0282732423289	0.0583106794666	-0.00111777356812	-0.0162741435179	-0.028615094967	0.039033142009
k__Bacteria;p__Bacteroidetes;c__Bacteroidia;o__Bacteroidales;f__Bacteroidaceae;g__Bacteroides;s__Bacteroides_thetaiotaomicron	-0.00696909008257	0.0522214418822	-0.0316279137347	0.0593901939469	-0.0734385817128	-0.00237447425207	0.0320805707948	0.0924033886595	0.0106956262971	0.0136126573848	1.0	-0.00233124608343	-0.0269843304217	-0.029179767749	-0.0219423855581	-0.0135776042609	-0.0788269905176	-0.00178604618972	0.0123630913902	-0.0292906354557	0.0254063538139	-0.0374383586328	0.0218209385279	0.0293653828548	0.0266393021285	-0.0144167139719	7.05905063346e-05	-0.0799597836649	-0.0161233220694	0.0199328999654	-0.0552886811416	0.00529670463808	-0.0605763391755	-0.0298123055248	-0.0518432917444	-0.0393099616412	0.0330534894987	-0.0119671360234	-0.022107625151	-0.059331083513	-0.00103178612019	0.00200368238488	0.0341571607783	-0.0280560314001	0.0230146824473	0.037921100387	0.00836777393045	-0.025788333325	0.0359692598581	0.0310055291661	-0.0207066460824	0.074792091235	0.0601289922282	-0.00843705728452	-0.04700222341	0.00173408766011	-0.0174744563986	-0.0178962802405	-0.0173039469677
k__Bacteria;p__Bacteroidetes;c__Bacteroidia;o__Bacteroidales;f__Bacteroidaceae;g__Bacteroides;s__Bacteroides_coprocola	-0.00540630356435	-0.0212332029487	0.00257740654578	-0.0354450387273	-0.00358916582165	0.0286501908202	0.03177126676	-0.0184371254426	0.0789661063828	0.0156168675515	-0.00233124608343	1.0	-0.0258284727056	0.00471249818103	0.0602667243157	0.0472276358653	0.0789161603619	-0.0511302845659	0.0117221470849	-0.019444151567	0.0097448807325	-0.0326702360676	0.0349303340605	-0.00536225258543	0.0404559919856	0.0380513831102	-0.0228647453832	0.0409664166648	-0.0219028481685	-0.0609427097134	-0.0223363723533	-3.39624828258e-05	-0.00545189498536	-0.033018314388	-0.0268848041579	0.01013698909	-0.0443900519123	-0.0474267360116	0.00437765228015	0.00339196269393	0.0533034052826	-0.0433755881073	-0.00579516269154	-0.0334476031404	-0.0127130460677	-0.0541532339574	-0.0315858651321	0.0123977206564	0.00856157344419	-0.0325149463424	-0.0362968557053	-0.0349831394467	0.0172967345956	-0.0424061465304	-0.0461244222249	-0.0271519259539	0.0561668712601	-0.0635577051096	0.0188406610054
k__Bacteria;p__Bacteroidetes;c__Bacteroidia;o__Bacteroidales;f__Bacteroidaceae;g__Bacteroides;s__Bacteroides_cellulosilyticus	0.0186142234024	0.031612887395	-0.0105776506965	0.00417556477542	-0.0204639006391	-0.0369267805953	-0.0115697065439	0.0074400132401	0.0498876568483	-0.00121159933843	-0.0269843304217	-0.0258284727056	1.0	0.00435332483187	0.0308885376859	-0.0369185751346	-0.0509383326349	-0.0332101461972	-0.0820017452263	-0.00953231817726	0.0199429603869	-0.021477763886	0.0348294984435	-0.010969092409	-0.00264618585375	-0.0181828768935	0.0154710377036	0.00304690770445	0.028905419141	-0.0200953583791	0.0300862662052	-0.0390268137612	0.0125904034556	0.0229763593381	-0.0672159274209	-0.0362749878147	0.0199160096191	-0.049940036583	-0.0440368451443	0.038798982002	-0.0494936312682	0.0183504528591	-0.035390097854	0.0466082485608	0.00937406503759	0.0121224623191	-0.00580886308279	-0.0463009932797	0.035526829921	0.0055664357335	-0.0161407897856	-0.0119494043561	-0.0518254651249	-0.00354197167218	0.050678177845	-0.0368132999228	-0.0213462405023	-0.00142432713227	0.0101890089302
k__Bacteria;p__Bacteroidetes;c__Bacteroidia;o__Bacteroidales;f__Rikenellaceae;g__Alistipes;s__Alistipes_obesi	0.0278870164426	-0.0476383252348	0.00196004805332	-0.0521572640194	0.0207183112619	0.0167902369254	-0.0305943434225	0.0472911285078	0.0101786979786	0.0255935939478	-0.029179767749	0.00471249818103	0.00435332483187	1.0	0.00587079069086	-0.0286442413188	0.032478262253	-0.0387128188142	-0.025222394462	-0.0165502914771	-0.0329231845741	0.0330439642785	0.0393507840958	-0.0260136862113	-0.0276102035133	-0.0173831507137	-0.0218408646864	0.0122017280255	-0.0355357126089	0.0119604548373	-0.0385880113495	-0.0238398325373	-0.00456164262959	-0.0623974145271	0.00498695550839	0.0260815781524	0.0186834079163	0.00327165298521	0.081919410715	-0.0258514818198	-0.0415738038377	0.0215180468861	0.00084855998932	-0.0153923679361	0.0538900501393	0.0172074187656	0.0261884179674	-0.0121504797412	0.00576528091268	0.00845755418812	-0.0312993074471	-0.0467178782077	0.0218341492989	0.0354999720189	-0.062216568122	-0.0499794228994	-0.0485597593521	0.0512781639943	-0.0107052965387
k__Bacteria;p__Firmicutes;c__Clostridia;o__Clostridiales;f__Lachnospiraceae;g__;s__[Eubacterium]_rectale	-0.0584951426973	-0.0292238753144	0.0177011393732	0.0255563065001	0.0387981048482	0.0419463279142	-0.0188722912992	-0.00451636360788	-0.0143258320205	-0.00562997998779	-0.0219423855581	0.0602667243157	0.0308885376859	0.00587079069086	1.0	-0.00747189679156	-0.0592495979028	-0.00243758670574	-0.0497396621424	-0.047565246791	-0.0337835139169	0.0313176437692	-0.0275841181863	0.000121775231552	-0.0181343385654	-0.0251380958332	-0.0531615596193	-0.0170650396383	-0.0176039323937	-0.0216126410888	0.0290065402885	-0.0653245786626	0.0235787122313	-0.0230407018333	-0.0157667068832	0.041420511109	-0.00290165029808	0.00302588626383	-0.0512198835711	-0.0194369149764	0.0223791855019	-0.00678043628451	0.0222106261611	-0.0182744460984	-0.0247434915464	0.0190816597829	-0.0295778148208	-0.0376077062924	0.0190627078626	-0.0119435373794	-0.0481293065124	0.0521585013213	-0.0150875352509	0.0176399078183	-0.0201427637775	0.0234313381452	-0.00311270478388	0.0346009708816	-0.0191960379686
k__Bacteria;p__Bacteroidetes;c__Bacteroidia;o__Bacteroidales;f__Bacteroidaceae;g__Bacteroides;s__Bacteroides_plebeius	-0.0449300546882	0.0302521351902	0.026023858369	-0.071187174399	-0.0688240961735	-0.010296956637	-0.00012653318163	-0.0322462555529	-0.0200841159815	-0.0329924616657	-0.0135776042609	0.0472276358653	-0.0369185751346	-0.0286442413188	-0.00747189679156	1.0	-0.0332953007458	-0.0212612817387	-0.00329544767483	-0.0540192880732	0.0229681102099	-0.0100784513043	0.0587515002389	-0.018437159472	0.0542434512945	0.0320089580827	0.0182999126705	-0.0108981797142	0.0232755943925	-0.0230863312718	0.0213051515873	0.0143428409019	0.0120703105086	-0.032080954221	-0.0131001316152	0.00656476575962	-0.015430933163	0.00949397241381	-0.0703703801834	-0.0145727264644	-0.038276632855	-0.0136790206805	-0.00473606922762	-0.023495014626	0.00515195354231	-0.0126220184772	0.0408509219411	0.00036501463708	-0.0200105810767	-0.0323763913676	0.00415007539707	0.0667402859099	-0.0690118119489	-0.0474880551391	-0.0435309959228	-0.0381667625839	0.0276146700641	-0.00409265950642	-0.0595295967072
k__Bacteria;p__Bacteroidetes;c__Bacteroidia;o__Bacteroidales;f__Bacteroidaceae;g__Bacteroides;s__Bacteroides_fragilis	-0.0167585091677	-0.0277458536312	-0.00293553469451	-0.00492006141276	-0.0356939188253	0.0365092430073	0.0233054778351	0.0101607207188	0.0308034275845	-0.0164234688204	-0.0788269905176	0.0789161603619	-0.0509383326349	0.032478262253	-0.0592495979028	-0.0332953007458	1.0	-0.0418020899796	-0.0120175015644	-0.0103741447885	-0.028711574916	-0.014922960246	-0.0574645434982	0.0048719669324	-0.00576851621555	0.0260081540899	0.0692597663155	-0.0220796497295	-0.0484398330306	0.0155844173685	-0.0665128413836	0.0414311402416	-0.000329460301524	-0.0064007652415	0.015939326196	-0.010202342564	-0.00763389842254	0.0245884642455	0.0391607720695	-0.0268825460122	0.046854841945	0.0201020417502	-0.0535427962165	0.0336111300976	-0.0404252300622	-0.00801057161669	0.0165164870312	-0.020463409455	-0.0114022726819	-0.0366869254645	-0.0174452862326	-0.0513034788412	-0.0147683356345	-0.0087486992632	-0.0283763368201	-0.00966850711279	0.0342743226536	-0.0119421210916	-0.048127233661
k__Bacteria;p__Proteobacteria;c__Betaproteobacteria;o__Burkholderiales;f__Sutterellaceae;g__Sutterella;s__Sutterella_wadsworthensis	0.00270100577223	-0.00586482905193	-0.0437856436953	-0.000590933633222	-0.053030333815	0.0288373182688	-0.0320825441146	0.0163427328711	-0.063972776793	0.0065324883943	-0.00178604618972	-0.0511302845659	-0.0332101461972	-0.0387128188142	-0.00243758670574	-0.0212612817387	-0.0418020899796	1.0	0.00638350471125	-0.00910482060587	-0.0195967770616	-0.00500602629816	-0.00516771310561	0.000719709392185	-0.0280694900634	-0.00522472831001	-0.0487404990215	-0.0730218043824	0.000341215892984	-0.00126487074638	-0.0708327019323	0.0271935068455	0.0330751495497	0.0094917051782	0.0199277598519	0.0218754698467	0.0466934632988	0.00276439087712	0.0253911270581	0.0208090304724	0.024070221198	0.0328470250275	-0.0134124686039	0.0387034016184	-0.0457228306002	0.0246047090287	-0.0489589718743	-0.0186117651312	0.0249667768336	0.0419440839486	0.0283267813335	0.0496591675058	-0.00808332997994	-0.0353180162069	0.059291895679	-0.0289593460499	-0.0663814448825	0.0223739051701	0.0131823586882
k__Bacteria;p__Bacteroidetes;c__Bacteroidia;o__Bacteroidales;f__Porphyromonadaceae;g__Barnesiella;s__Barnesiella_intestinihominis	-0.0103074451937	-0.0613028960673	-0.0169612739093	-0.00918237545443	-0.0428420374878	0.0104690850831	0.00594961957647	-0.0456919002133	-0.0355036353865	0.0621988540545	0.0123630913902	0.0117221470849	-0.0820017452263	-0.025222394462	-0.0497396621424	-0.00329544767483	-0.0120175015644	0.00638350471125	1.0	0.00364591329934	-0.00931447658556	-0.0434939739241	-0.0431052090134	-0.00842653759635	-0.051167707602	-0.0389685128682	0.050212009361	0.00653362852152	0.04666171445	-0.0426908721945	-0.0160848355737	0.000716010319501	0.0213361781746	-0.0101558687149	-0.0158462465702	0.0264554577852	-0.0172780632484	-0.0155052837795	0.0138433012729	-0.0175287044304	-0.00530388109114	-0.0516973872857	0.0290846335765	-0.0709115468182	-0.00664385408672	-0.00806939075691	-0.0282529564616	0.020344633831	0.0388236351747	-0.0337823667973	-0.0317441149329	0.00106496519503	0.00875870910145	0.00833545506791	0.0236359577719	-0.0251382827059	0.0356170050671	-0.0233009892549	-0.0185574751813
k__Bacteria;p__Bacteroidetes;c__Bacteroidia;o__Bacteroidales;f__Odoribacteraceae;g__Odoribacter;s__Odoribacter_splanchnicus	-0.00853675823223	-0.0230930705836	-0.0232110572363	-0.0151950751066	0.0266136828272	0.0649524412923	-0.012917517252	-0.034750595369	-0.00957449915986	-0.0205635619334	-0.0292906354557	-0.019444151567	-0.00953231817726	-0.0165502914771	-0.047565246791	-0.0540192880732	-0.0103741447885	-0.00910482060587	0.00364591329934	1.0	0.0128791838711	0.0215902374375	0.0216376594265	-0.0451591355327	0.00523729109121	-0.0293450567196	0.0653417105103	-0.0525110877512	-0.0432555273633	-0.030333447562	0.0979668373208	-0.0488950234495	0.0207591026798	-0.0385995514073	-0.01457689402	0.00655968303452	-0.0284026487917	-0.0165538096032	0.0423151260183	-0.0373418019789	-0.0156832107973	0.0450078963739	-0.0582078363657	0.0263869357459	0.0211346336537	-0.0258967165226	-0.00804689763282	0.0352660750302	0.0186921359602	0.00746060599661	-0.0363244051154	-0.0265054924701	0.00637331101141	-0.0170334630848	-0.0333460764463	-0.0112902969201	0.0371341199235	-0.0418361193894	-0.0249266629172
k__Bacteria;p__Bacteroidetes;c__Bacteroidia;o__Bacteroidales;f__Bacteroidaceae;g__Bacteroides;s__Bacteroides_salyersiae	0.0541750490894	-0.00542916666837	0.0145222127526	0.0194086002457	-0.00400982364461	0.00119920593872	0.00106680033115	-0.0220457788809	0.00323060770544	0.00507002012353	0.0254063538139	0.0097448807325	0.0199429603869	-0.0329231845741	-0.0337835139169	0.0229681102099	-0.028711574916	-0.0195967770616	-0.00931447658556	0.0128791838711	1.0	0.00315343551214	0.00930510502535	-0.00711102356104	0.0127811257005	-0.00196486226175	0.0686314426464	-0.0142900499166	0.00759953633751	-0.0209165318368	0.03373604181	-0.0296995491233	-0.0365628446992	0.0149820454678	0.00580772114556	0.0150544440525	-0.0164879248334	0.010822522893	-0.102291976909	-0.0012616094259	-0.0260853845377	0.00995200459065	0.00986918269103	0.0558334503219	0.0273253576301	-0.0207296443472	-0.0307920807643	-0.0194381965856	0.00756435104322	-0.0658148160598	-0.00613918240758	-0.0314487734539	-0.00198778508933	-0.0549794288219	0.0117136902219	-0.0714321701402	-0.052692036295	0.0238300689378	0.063456353367
k__Bacteria;p__Firmicutes;c__Clostridia;o__Clostridiales;f__Ruminococcaceae;g__Ruminiclostridium;s__[Eubacterium]_siraeum	-0.00102582723624	0.00504458008862	0.0035000528235	0.0250347212081	-0.0289238864375	-0.0207389822961	-0.0245300622575	-0.0836157408003	-0.0287249520845	-0.0214286060582	-0.0374383586328	-0.0326702360676	-0.021477763886	0.0330439642785	0.0313176437692	-0.0100784513043	-0.014922960246	-0.00500602629816	-0.0434939739241	0.0215902374375	0.00315343551214	1.0	0.013880106176	0.0224030838371	0.0122964498998	-0.051679929095	-0.00779724070683	-0.0471784195993	0.00661053810939	-0.0170517958135	0.00285727258469	-0.000252684207168	0.0167593606583	-0.0369255741244	0.0304416969848	-0.0122536172077	-0.0535876185667	0.0272838518918	-0.0246101326223	-0.00320259505825	0.00695667618111	0.0640698916759	-0.0169553737075	-0.0301057619554	0.0216908680866	0.0306162339827	-0.00483421606702	0.0447055335319	-0.0285941774162	-0.0140894693025	-0.0592190897738	-0.0363737886817	8.03691967343e-05	0.00286039286131	-0.048893304312	0.0211253790657	-0.0266132680567	0.0202386074137	0.0564641302002
k__Bacteria;p__Proteobacteria;c__Betaproteobacteria;o__Burkholderiales;f__Sutterellaceae;g__Parasutterella;s__Parasutterella_excrementihominis	-0.0517102916401	-0.0391442957395	0.00406527519269	-0.01184364365	0.0250797313252	-0.00218139086734	-0.0261686318654	-0.0047727617067	0.0338583593304	0.0476454295317	0.0218209385279	0.0349303340605	0.0348294984435	0.0393507840958	-0.0275841181863	0.0587515002389	-0.0574645434982	-0.00516771310561	-0.0431052090134	0.0216376594265	0.00930510502535	0.013880106176	1.0	-0.0588407179493	-0.00499463325584	0.0328545150722	-0.0729528570724	-0.0154009209816	0.0120212601328	-0.0223907627381	-0.0744347950859	-0.0249929611317	0.0395573301697	0.02964551893	-0.0229782257125	-0.0136293019003	-0.0326315886271	0.00103063258269	-0.0346979529035	-0.0177161477316	-0.0133428737479	0.000932089891113	0.0114506703469	-0.0434062095292	-0.00586503734989	0.0490464751149	0.0114535092791	0.0248345288032	-0.028358854825	0.0198478544295	0.0111037787053	0.021959166754	-0.0223252566828	0.0432246135994	0.0242801603671	-0.00773201325042	0.0582952564432	-0.000313474252358	0.019172115045
k__Bacteria;p__Actinobacteria;c__Actinobacteria;o__Bifidobacteriales;f__Bifidobacteriaceae;g__Bifidobacterium;s__Bifidobacterium_adolescentis	0.00160978000164	-0.016354112261	0.0142416480823	-0.0236230440073	-0.0687755275409	0.0285141514239	-0.0379170670564	-0.0153701100304	0.00223226289199	-0.00947615362885	0.0293653828548	-0.00536225258543	-0.010969092409	-0.0260136862113	0.000121775231552	-0.018437159472	0.0048719669324	0.000719709392185	-0.00842653759635	-0.0451591355327	-0.00711102356104	0.0224030838371	-0.0588407179493	1.0	0.0299794308874	0.0264912430771	-0.0086630172617	0.0503581775155	-0.0212414813138	0.0390173469019	-0.0382962035066	-0.00783778769803	-0.00828216250447	-0.0435489661397	-0.00076296026493	-0.00938566658511	0.000498061251773	0.00516529008083	-0.0505765368356	0.00722959686378	-0.0220488726769	0.0578263087424	-0.0110827393526	-0.0501147656159	-0.0255118207924	0.0506109576924	-0.0315254867318	0.0573400997045	0.0146996125184	-0.0367871026511	-0.0270328434729	-0.0328584664702	0.0600252776444	-0.0641692589456	0.0369450905649	0.0276361417696	-0.0138121903814	-0.066440685801	-0.00164662590264
k__Bacteria;p__Firmicutes;c__Clostridia;o__Clostridiales;f__Oscillospiraceae;g__Oscillibacter;s__Oscillibacter_sp._KLE_1745	0.0384954309845	-0.00713680335826	-0.0152821102626	-0.0379233727835	-0.00484534955988	0.0751344329125	0.0306490494282	-0.0203047013783	-0.0472168694606	0.0348813019263	0.0266393021285	0.0404559919856	-0.00264618585375	-0.0276102035133	-0.0181343385654	0.0542434512945	-0.00576851621555	-0.0280694900634	-0.051167707602	0.00523729109121	0.0127811257005	0.0122964498998	-0.00499463325584	0.0299794308874	1.0	-0.0313250032845	-0.0608541892998	0.0245126808559	-0.0293792866947	0.0275419843843	0.0132550940461	0.00397867270979	0.0215407518548	0.0629891622297	-0.0241373894421	-0.0305500099005	-0.0513657741381	-0.080840535732	-0.0274510987154	0.0267209638113	-0.0103930774662	-0.0224409866978	-0.0571988968084	-0.0310841179405	0.0152077152211	0.00064186375296	0.000515331292029	-0.0838650107911	-0.033376022879	-0.0153341999968	0.00274745064516	-0.0136811750356	0.00824325002843	-3.5741045186e-05	0.00485986909883	-0.016340975435	-0.0344046329413	-0.0557798843133	-0.0281161686388
k__Bacteria;p__Bacteroidetes;c__Bacteroidia;o__Bacteroidales;f__Bacteroidaceae;g__Bacteroides;s__Bacteroides_coprophilus	0.00236176136313	-0.00464263879135	0.00146602368476	0.00052496142974	0.00674492356643	0.0356264223102	-0.0162634955365	0.0312306163543	0.0238010841212	-0.00525256749223	-0.0144167139719	0.0380513831102	-0.0181828768935	-0.0173831507137	-0.0251380958332	0.0320089580827	0.0260081540899	-0.00522472831001	-0.0389685128682	-0.0293450567196	-0.00196486226175	-0.051679929095	0.0328545150722	0.0264912430771	-0.0313250032845	1.0	-0.0390565394841	-0.00133969580512	0.0206993910098	0.0332526849369	0.0075515196161	-0.0533102551315	-0.0449801976304	0.0333283339697	-0.03390417176	-0.00478623341314	0.0547100150912	-0.0597284509691	0.00298231016642	-0.0155144553319	0.0343002942153	-0.00926937143028	0.0639457156905	0.0527632363416	-0.0279824691704	-0.00282527150697	-0.019014662521	-0.0154558135003	-0.0275459384422	-0.0397609058753	-0.0302716207754	-0.0307630195029	0.0377457012373	0.00541327648448	0.000361153095819	-0.00144661010901	0.0114185596833	-0.0451414032423	-0.0305106282876
k__Bacteria;p__Firmicutes;c__Clostridia;o__Clostridiales;f__Lachnospiraceae;g__Roseburia;s__Roseburia_intestinalis	-0.0073754876858	-0.0373590755008	-0.030053651584	-0.0176760438723	-0.0340576491563	-0.0334506812143	-0.00151235212262	0.0025425988945	-0.0547109591716	-0.0126356565384	7.05905063346e-05	-0.0228647453832	0.0154710377036	-0.0218408646864	-0.0531615596193	0.0182999126705	0.0692597663155	-0.0487404990215	0.050212009361	0.0653417105103	0.0686314426464	-0.00779724070683	-0.0729528570724	-0.0086630172617	-0.0608541892998	-0.0390565394841	1.0	-0.013445934493	-0.0242231289346	-0.0425550621325	-0.00737188373833	0.0485084544883	-0.00829495089511	-0.0201684332569	0.0145956863526	-0.0181408110288	-0.0483986174766	0.00532038192274	-0.0347076086357	-0.0636479459283	-0.00342900921048	-0.0492166056362	-0.0471876296665	-0.0681203013972	-0.0134402637455	0.0277609270512	0.0872765924789	-0.0314956424506	-0.000868930105745	0.0104691437252	-0.0924052252014	0.0462980939152	0.00139409802706	-0.0485457045808	-0.037099634296	0.0252666627125	0.0350587465676	0.0213971422114	-0.0108110222438
k__Bacteria;p__Firmicutes;c__Clostridia;o__Clostridiales;f__Lachnospiraceae;g__Roseburia;s__Roseburia_hominis	-0.000987542841647	-0.030906294939	-0.0262815617836	-0.00573905687924	0.00338521871732	-0.00427648071598	-0.00132312802538	-0.00340318188818	-0.0825199204542	0.0102916286877	-0.0799597836649	0.0409664166648	0.00304690770445	0.0122017280255	-0.0170650396383	-0.0108981797142	-0.0220796497295	-0.0730218043824	0.00653362852152	-0.0525110877512	-0.0142900499166	-0.0471784195993	-0.0154009209816	0.0503581775155	0.0245126808559	-0.00133969580512	-0.013445934493	1.0	-0.0458243577343	-0.0254567926621	0.00850861422264	0.0101785901252	-0.0321467116977	-0.00554155594441	-0.0468963536689	-0.0333447189366	-0.021135566942	-0.00759707651129	-0.0260359197106	0.0445032174933	0.00555166202677	0.0233490028435	0.0151803779693	-0.00577050444529	-0.00521617770406	0.0367256617338	0.00879111473077	0.0221268720415	0.0594768083013	0.0225111328304	-0.0299099184083	0.00297002689518	-0.0552743959576	-0.0161064304438	-0.0176298100878	-0.0392910719718	-0.0077687833883	0.00507592979849	-0.0342693902062
k__Bacteria;p__Bacteroidetes;c__Bacteroidia;o__Bacteroidales;f__Porphyromonadaceae;g__Parabacteroides;s__Parabacteroides_johnsonii	-0.0448094732877	-0.00999789385268	0.0549639078479	0.0351673005463	-0.00964934988577	-0.0359552310716	0.0453624658663	0.063447476703	-0.0163097010073	0.0224415311096	-0.0161233220694	-0.0219028481685	0.028905419141	-0.0355357126089	-0.0176039323937	0.0232755943925	-0.0484398330306	0.000341215892984	0.04666171445	-0.0432555273633	0.00759953633751	0.00661053810939	0.0120212601328	-0.0212414813138	-0.0293792866947	0.0206993910098	-0.0242231289346	-0.0458243577343	1.0	-0.0261322872184	0.0274398130485	-0.00846058420586	-0.0181723668536	-0.0302472350085	-0.0196515352224	-0.0163562201661	-0.00672120853782	0.0606084005836	-0.0335792170737	-0.0136392132505	-0.0262288728527	-0.00565898954682	-0.0393240817475	-0.0202745112314	-0.0427740686761	0.0543980430106	-0.0262367423399	0.0158603513576	0.0152350960614	-0.0164559166937	0.016644037606	-0.0192767713499	-0.0315057049632	-0.0088130098324	0.00136778603864	-0.05625686891	-0.0479177894326	-0.0143453028229	0.0326116896407
k__Bacteria;p__Actinobacteria;c__Actinobacteria;o__Bifidobacteriales;f__Bifidobacteriaceae;g__Bifidobacterium;s__Bifidobacterium_longum	-0.00214908246929	0.00774338748992	-0.0025455443891	-0.0400789410682	0.0324392142985	0.0290643438363	-0.0406638426784	0.0190935052486	-0.017575843928	0.0622397840018	0.0199328999654	-0.0609427097134	-0.0200953583791	0.0119604548373	-0.0216126410888	-0.0230863312718	0.0155844173685	-0.00126487074638	-0.0426908721945	-0.030333447562	-0.0209165318368	-0.0170517958135	-0.0223907627381	0.0390173469019	0.0275419843843	0.0332526849369	-0.0425550621325	-0.0254567926621	-0.0261322872184	1.0	0.0225093248103	-0.0142709726693	-0.00186900299175	-0.0187535701748	0.00280851764913	0.00256537042666	-0.0598565038021	0.0935168516933	0.0584268932971	0.0235562743948	-0.00994475318196	0.0293190048321	0.0390595794114	0.0173301078098	0.0146596809919	-0.0701006731018	0.0634698355917	0.0118906821913	-0.0166482525148	-0.0289396883911	-6.37215896596e-05	-0.0581371128832	0.0237745756689	-0.0280912118965	-0.0307575198082	0.0667419910243	0.00570794741745	-0.0608285854829	-0.0292054665271
