#taxonomy	k__Bacteria;p__Bacteroidetes;c__Bacteroidia;o__Bacteroidales;f__Bacteroidaceae;g__Bacteroides;s__Bacteroides_vulgatus	k__Bacteria;p__Bacteroidetes;c__Bacteroidia;o__Bacteroidales;f__Bacteroidaceae;g__Bacteroides;s__Bacteroides_uniformis	k__Bacteria;p__Bacteroidetes;c__Bacteroidia;o__Bacteroidales;f__Rikenellaceae;g__Alistipes;s__Alistipes_putredinis	k__Bacteria;p__Bacteroidetes;c__Bacteroidia;o__Bacteroidales;f__Prevotellaceae;g__Prevotella;s__Prevotella_copri	k__Bacteria;p__Bacteroidetes;c__Bacteroidia;o__Bacteroidales;f__Bacteroidaceae;g__Bacteroides;s__Bacteroides_stercoris	k__Bacteria;p__Bacteroidetes;c__Bacteroidia;o__Bacteroidales;f__Bacteroidaceae;g__Bacteroides;s__Bacteroides_ovatus	k__Bacteria;p__Bacteroidetes;c__Bacteroidia;o__Bacteroidales;f__Rikenellaceae;g__Alistipes;s__Alistipes_shahii	k__Bacteria;p__Firmicutes;c__Clostridia;o__Clostridiales;f__Ruminococcaceae;g__Faecalibacterium;s__Faecalibacterium_prausnitzii	k__Bacteria;p__Bacteroidetes;c__Bacteroidia;o__Bacteroidales;f__Rikenellaceae;g__Alistipes;s__Alistipes_finegoldii	k__Bacteria;p__Bacteroidetes;c__Bacteroidia;o__Bacteroidales;f__Porphyromonadaceae;g__Parabacteroides;s__Parabacteroides_distasonis	k__Bacteria;p__Bacteroidetes;c__Bacteroidia;o__Bacteroidales;f__Bacteroidaceae;g__Bacteroides;s__Bacteroides_thetaiotaomicron	k__Bacteria;p__Bacteroidetes;c__Bacteroidia;o__Bacteroidales;f__Bacteroidaceae;g__Bacteroides;s__Bacteroides_coprocola	k__Bacteria;p__Bacteroidetes;c__Bacteroidia;o__Bacteroidales;f__Bacteroidaceae;g__Bacteroides;s__Bacteroides_cellulosilyticus	k__Bacteria;p__Bacteroidetes;c__Bacteroidia;o__Bacteroidales;f__Rikenellaceae;g__Alistipes;s__Alistipes_obesi	k__Bacteria;p__Firmicutes;c__Clostridia;o__Clostridiales;f__Lachnospiraceae;g__;s__[Eubacterium]_rectale	k__Bacteria;p__Bacteroidetes;c__Bacteroidia;o__Bacteroidales;f__Bacteroidaceae;g__Bacteroides;s__Bacteroides_plebeius	k__Bacteria;p__Bacteroidetes;c__Bacteroidia;o__Bacteroidales;f__Bacteroidaceae;g__Bacteroides;s__Bacteroides_fragilis	k__Bacteria;p__Proteobacteria;c__Betaproteobacteria;o__Burkholderiales;f__Sutterellaceae;g__Sutterella;s__Sutterella_wadsworthensis	k__Bacteria;p__Bacteroidetes;c__Bacteroidia;o__Bacteroidales;f__Porphyromonadaceae;g__Barnesiella;s__Barnesiella_intestinihominis	k__Bacteria;p__Bacteroidetes;c__Bacteroidia;o__Bacteroidales;f__Odoribacteraceae;g__Odoribacter;s__Odoribacter_splanchnicus	k__Bacteria;p__Bacteroidetes;c__Bacteroidia;o__Bacteroidales;f__Bacteroidaceae;g__Bacteroides;s__Bacteroides_salyersiae	k__Bacteria;p__Firmicutes;c__Clostridia;o__Clostridiales;f__Ruminococcaceae;g__Ruminiclostridium;s__[Eubacterium]_siraeum	k__Bacteria;p__Proteobacteria;c__Betaproteobacteria;o__Burkholderiales;f__Sutterellaceae;g__Parasutterella;s__Parasutterella_excrementihominis	k__Bacteria;p__Actinobacteria;c__Actinobacteria;o__Bifidobacteriales;f__Bifidobacteriaceae;g__Bifidobacterium;s__Bifidobacterium_adolescentis	k__Bacteria;p__Firmicutes;c__Clostridia;o__Clostridiales;f__Oscillospiraceae;g__Oscillibacter;s__Oscillibacter_sp._KLE_1745	k__Bacteria;p__Bacteroidetes;c__Bacteroidia;o__Bacteroidales;f__Bacteroidaceae;g__Bacteroides;s__Bacteroides_coprophilus	k__Bacteria;p__Firmicutes;c__Clostridia;o__Clostridiales;f__Lachnospiraceae;g__Roseburia;s__Roseburia_intestinalis	k__Bacteria;p__Firmicutes;c__Clostridia;o__Clostridiales;f__Lachnospiraceae;g__Roseburia;s__Roseburia_hominis	k__Bacteria;p__Bacteroidetes;c__Bacteroidia;o__Bacteroidales;f__Porphyromonadaceae;g__Parabacteroides;s__Parabacteroides_johnsonii	k__Bacteria;p__Actinobacteria;c__Actinobacteria;o__Bifidobacteriales;f__Bifidobacteriaceae;g__Bifidobacterium;s__Bifidobacterium_longum	k__Bacteria;p__Firmicutes;c__Clostridia;o__Clostridiales;f__;g__Flavonifractor;s__Flavonifractor_plautii	k__Bacteria;p__Firmicutes;c__Clostridia;o__Clostridiales;f__Clostridiaceae;g__Clostridium;s__Clostridium_phoceensis	k__Bacteria;p__Verrucomicrobia;c__Verrucomicrobiae;o__Verrucomicrobiales;f__Akkermansiaceae;g__Akkermansia;s__Akkermansia_muciniphila	k__Bacteria;p__Bacteroidetes;c__Bacteroidia;o__Bacteroidales;f__Prevotellaceae;g__Paraprevotella;s__Paraprevotella_xylaniphila	k__Bacteria;p__Firmicutes;c__Clostridia;o__Clostridiales;f__Ruminococcaceae;g__Ruminococcus;s__Ruminococcus_callidus	k__Bacteria;p__Bacteroidetes;c__Bacteroidia;o__Bacteroidales;f__Rikenellaceae;g__Alistipes;s__Alistipes_senegalensis	k__Bacteria;p__Firmicutes;c__Clostridia;o__Clostridiales;f__Lachnospiraceae;g__Blautia;s__Blautia_sp._KLE_1732	k__Bacteria;p__Bacteroidetes;c__Bacteroidia;o__Bacteroidales;f__Bacteroidaceae;g__Bacteroides;s__Bacteroides_oleiciplenus	k__Bacteria;p__Firmicutes;c__Clostridia;o__Clostridiales;f__Ruminococcaceae;g__Ruminococcus;s__Ruminococcus_bicirculans	k__Bacteria;p__Bacteroidetes;c__Bacteroidia;o__Bacteroidales;f__Bacteroidaceae;g__Bacteroides;s__Bacteroides_fluxus	k__Bacteria;p__Bacteroidetes;c__Bacteroidia;o__Bacteroidales;f__Prevotellaceae;g__Prevotella;s__Prevotella_stercorea	k__Bacteria;p__Firmicutes;c__Clostridia;o__Clostridiales;f__Lachnospiraceae;g__Dorea;s__Dorea_longicatena	k__Bacteria;p__Firmicutes;c__Clostridia;o__Clostridiales;f__Eubacteriaceae;g__Eubacterium;s__[Eubacterium]_eligens	k__Bacteria;p__Firmicutes;c__Clostridia;o__Clostridiales;f__Ruminococcaceae;g__;s__Ruminococcaceae_bacterium_D16	k__Bacteria;p__Firmicutes;c__Clostridia;o__Clostridiales;f__Lachnospiraceae;g__Coprococcus;s__Coprococcus_comes	k__Bacteria;p__Proteobacteria;c__Gammaproteobacteria;o__Enterobacterales;f__Enterobacteriaceae;g__Escherichia;s__Escherichia_coli	k__Bacteria;p__Firmicutes;c__Clostridia;o__Clostridiales;f__Ruminococcaceae;g__Anaerotruncus;s__Anaerotruncus_colihominis	k__Bacteria;p__Firmicutes;c__Clostridia;o__Clostridiales;f__Lachnospiraceae;g__Blautia;s__Blautia_obeum	k__Bacteria;p__Bacteroidetes;c__Bacteroidia;o__Bacteroidales;f__Odoribacteraceae;g__Odoribacter;s__Odoribacter_laneus	k__Bacteria;p__Firmicutes;c__Clostridia;o__Clostridiales;f__Ruminococcaceae;g__Ruminiclostridium;s__[Clostridium]_leptum	k__Bacteria;p__Bacteroidetes;c__Bacteroidia;o__Bacteroidales;f__Porphyromonadaceae;g__Parabacteroides;s__Parabacteroides_goldsteinii	k__Bacteria;p__Firmicutes;c__Clostridia;o__Clostridiales;f__Lachnospiraceae;g__Anaerostipes;s__Anaerostipes_hadrus	k__Bacteria;p__Firmicutes;c__Clostridia;o__Clostridiales;f__Ruminococcaceae;g__Ruminococcus;s__Ruminococcus_lactaris	k__Bacteria;p__Firmicutes;c__Clostridia;o__Clostridiales;f__Clostridiaceae;g__Clostridium;s__Clostridium_sp._L2-50	k__Bacteria;p__Firmicutes;c__Clostridia;o__Clostridiales;f__Clostridiaceae;g__Clostridium;s__Clostridium_sp._M62/1	k__Bacteria;p__Firmicutes;c__Clostridia;o__Clostridiales;f__;g__Intestinimonas;s__Intestinimonas_butyriciproducens	k__Bacteria;p__Actinobacteria;c__Actinobacteria;o__Bifidobacteriales;f__Bifidobacteriaceae;g__Bifidobacterium;s__Bifidobacterium_bifidum	k__Bacteria;p__Firmicutes;c__Negativicutes;o__Veillonellales;f__Veillonellaceae;g__Dialister;s__Dialister_invisus	k__Bacteria;p__Bacteroidetes;c__Bacteroidia;o__Bacteroidales;f__Bacteroidaceae;g__Bacteroides;s__Bacteroides_salanitronis
k__Bacteria;p__Bacteroidetes;c__Bacteroidia;o__Bacteroidales;f__Bacteroidaceae;g__Bacteroides;s__Bacteroides_vulgatus	1.0	-0.0785906504276	-0.00426378057511	0.0151313972112	-0.0401542883697	0.0167388653137	0.00723753058498	-0.00416716347322	0.029393768898	-0.0130451407737	-0.0198200766984	0.00727781490952	-0.061668976878	-0.050361150274	-0.00865685649678	-0.0443255319512	0.00732878631241	-0.0471418016382	-0.0150837011921	-0.0288447298032	0.0317466371932	-0.0460743645183	-0.0187553618923	0.0328837826098	0.0351100003236	0.0159772805367	0.062064097341	0.0639850080949	0.0150109102828	-0.0433159581567	-0.0261786039934	-0.0276305657863	0.0158988853585	0.0113931673075	-0.0706212120778	0.00363675429498	-0.0528785081018	-0.00129608578059	-0.0205991327565	-0.00126793513125	0.0164674027861	0.0006076824853	0.0288553643237	-0.0235243510217	-0.0137751143227	-0.0584077597718	0.0487637481217	-0.033057456023	0.0241098391206	0.0145868819735	0.00813807594463	-0.0294960226597	0.00441087197198	0.0321342644598	-0.0542943833551	0.0273708578519	0.0260501461083	0.0192549008189	-0.0599642039026
k__Bacteria;p__Bacteroidetes;c__Bacteroidia;o__Bacteroidales;f__Bacteroidaceae;g__Bacteroides;s__Bacteroides_uniformis	-0.0785906504276	1.0	-0.0440217128394	-0.0420332185057	0.00208039625424	-0.00680676402624	0.0228130891527	0.0261749019912	0.00456421497742	-0.0181556421522	0.0217294012128	0.0132166796248	-0.00368773827017	0.00458635281714	-0.0120685717433	0.0335607527631	0.0567508570688	0.00102147553139	-0.0136579495777	-0.0264575401487	0.029610402339	0.0444128165673	-0.0233926621777	-0.0158220089408	0.0281004427267	-0.0564793125054	0.0394654623713	-0.0473457638147	0.009483831653	0.0170387246826	-0.0353319134255	-0.0276825410582	-0.0748594193768	0.0130476368814	0.0283531392674	-0.0189962341846	-0.0416840407132	0.0300211206256	-0.0177537932415	0.00321313543836	0.0599631045307	-0.0961194068184	0.0102788740127	-0.0403406155565	0.0246656307511	-0.0130981998614	-0.0223991946133	-0.00240461904943	0.0223342014261	-0.035279450551	-0.00751732276247	-0.0412831766328	-0.0320847467935	0.040199870607	-0.0193122341901	-0.030803172011	-0.0314750769815	-0.0111671836922	-0.0468069453852
k__Bacteria;p__Bacteroidetes;c__Bacteroidia;o__Bacteroidales;f__Rikenellaceae;g__Alistipes;s__Alistipes_putredinis	-0.00426378057511	-0.0440217128394	1.0	-0.00133030636946	0.0058333134004	-0.00121907535574	-0.0225516447124	-0.000569497488019	0.0135978102279	0.0229487979315	0.0269027876987	-0.0220935771912	0.0255660712658	0.00404995981288	-0.0200303668612	0.038847916762	-4.38081032901e-05	-0.0198156017795	0.0942743587621	0.0178415905113	-0.0291394901278	0.0056735514034	-0.003237508503	-0.00776108321711	0.0135914296845	-0.0186547247473	-0.0191251036791	0.0174054058983	0.0321913241578	-0.0505283924194	0.00945988181384	-0.0134601301444	0.00615258539606	0.00662775142319	-0.0517126664979	0.0278939659749	-0.0255502204891	0.0219587840379	-0.00430033002204	0.00181787233806	0.000314251731915	0.082186738875	0.00064175776463	0.00264771531349	-0.00932093843355	-0.00186183038829	-0.0605505537208	-0.0341654238966	0.0142602329882	-0.00976230110457	0.00188414790822	0.0149386720286	-0.0665045400308	-0.0111347368633	-0.0325553223323	0.000722743407992	-0.0324205037177	0.045000433819	-0.0269650221978
k__Bacteria;p__Bacteroidetes;c__Bacteroidia;o__Bacteroidales;f__Prevotellaceae;g__Prevotella;s__Prevotella_copri	0.0151313972112	-0.0420332185057	-0.00133030636946	1.0	-0.00104447156071	-0.0395922846	-0.00981561010414	-0.038604843922	0.0563907146817	0.0176626413175	-0.0280812450683	-0.000877318890461	0.0117043303092	-0.0100917071849	0.00534754618681	0.0117693398562	0.00588650726403	0.0258298307369	0.000523867523457	-0.0252036464225	-0.0249748949894	0.0291269055935	0.0411368312501	-0.0382496709103	-0.0133899557939	-0.0183745651175	-0.0120453464539	-0.0312351923056	-0.00718765909283	0.0253429656453	-0.00161137801008	-0.015905279545	-0.0256776865895	-0.000195154460833	0.0385425241478	-0.0290753347864	-0.0225027417927	0.0601771501373	-0.0220269341975	-0.0119984999798	-0.0247036086835	-0.0497791706838	-0.0436919670428	0.0856538875415	0.0426036780643	0.0152646472152	-0.0268368686632	-0.00426262814018	-0.0167422582181	0.024088830911	0.0198749781698	-0.00630682681086	-0.00921811770213	-0.0223772761623	0.0238313694316	-0.0290400739858	-0.00753738163687	-0.0434599787933	-0.0432300026982
k__Bacteria;p__Bacteroidetes;c__Bacteroidia;o__Bacteroidales;f__Bacteroidaceae;g__Bacteroides;s__Bacteroides_stercoris	-0.0401542883697	0.00208039625424	0.0058333134004	-0.00104447156071	1.0	-0.0267813769523	-0.0351669201155	0.0386199805262	-8.52061095726e-05	-0.0113074728909	0.00693511570743	-0.0245777265204	-0.00497482958411	-0.00208239760964	-0.0433777680502	0.0636276486361	0.0198024053823	0.0542065367941	0.0189963708464	-0.0188994689444	0.000767719717163	0.0199636651419	-0.0729602550543	-0.0141290292824	-0.0404217659178	0.0134861987868	-0.0109678681179	-0.000685637685864	-0.022683686766	-0.0300708514447	-0.00786646774216	0.0525637597281	-0.0534970533381	0.00641701804764	-0.00141822816857	-0.0528603815455	0.0117032711944	-0.0351151929764	0.0502609492805	-0.0645286285037	0.0239115179025	-0.000374051036444	-0.0136075699067	-0.0304840163003	0.0286627223034	0.0103176824649	-0.00125244368938	-0.0605326983615	-0.0207762340703	-0.0166495367594	-0.0268863552441	0.0274495342544	-0.0156518276132	0.00508143090763	0.0308151203225	-0.027942783045	-0.0111688371258	-0.0262714216733	0.0121525263848
k__Bacteria;p__Bacteroidetes;c__Bacteroidia;o__Bacteroidales;f__Bacteroidaceae;g__Bacteroides;s__Bacteroides_ovatus	0.0167388653137	-0.00680676402624	-0.00121907535574	-0.0395922846	-0.0267813769523	1.0	-0.0373561611882	0.0426766637964	-0.0438211829169	-0.00202651416494	0.00239481795453	-0.0075989235659	0.0382710596668	0.0123406388821	0.0323713405591	0.00891674244737	-0.00331893826031	0.012747782989	0.0248733959547	-0.0590561246232	-0.0095198061664	0.0353481356885	0.026552916088	0.000142532504782	-0.0184639864133	-0.0273925010379	-0.0434788605442	0.0437002681521	0.0100486045418	0.0255337468864	0.0307386975577	-0.0071844447984	-0.0616661365199	-0.0141693905513	-0.00150820446294	0.000892853623004	-0.0217323083992	0.0459176210145	-0.0724447242538	-0.0455864124818	-0.0234312061201	-0.00962592466281	-0.0636937541736	0.0009302970689	-0.0107345083316	-0.00326648005351	0.0302407342586	0.0190035459195	-0.047118561799	0.0116538713066	0.0536342608504	-0.000462848938132	-0.0516961263397	-0.015244084908	0.00982686001216	-0.0871280553717	0.0131225342209	0.0417051616177	-0.0398902996614
k__Bacteria;p__Bacteroidetes;c__Bacteroidia;o__Bacteroidales;f__Rikenellaceae;g__Alistipes;s__Alistipes_shahii	0.00723753058498	0.0228130891527	-0.0225516447124	-0.00981561010414	-0.0351669201155	-0.0373561611882	1.0	0.0264192672869	0.0167049338056	-0.0490129735001	-0.0197408549859	-0.045743180555	-0.000803519665249	-0.0491900629127	0.0255103516401	0.0393465132012	0.0076743236565	-0.0484744765671	0.00449722282966	-0.0280306187527	-0.0502668476252	-0.0373819457731	-0.00706909533784	0.0129461292269	-0.0157748234192	0.00847416124984	-0.00130514666898	-0.00578077814894	0.023938148143	0.0308047685109	-0.00368182312924	-0.0261686315989	0.0064441769866	-0.0230257593693	0.0461763875221	0.000185044700372	0.0103046970454	-0.0502049579925	-0.0186679349276	-0.0283075607906	-0.0301077935593	-0.00831062146483	-0.0403231405327	-0.000733133459982	0.0155478009043	-0.0294396729825	-0.047463883002	0.0574695312236	0.00444713715083	-0.00619277473	-0.0037231295979	0.0185016945355	0.0582879564771	-0.0343233220171	0.0175236030256	-0.0637080642002	-0.0329494923981	0.0164326717538	-0.0523815076652
k__Bacteria;p__Firmicutes;c__Clostridia;o__Clostridiales;f__Ruminococcaceae;g__Faecalibacterium;s__Faecalibacterium_prausnitzii	-0.00416716347322	0.0261749019912	-0.000569497488019	-0.038604843922	0.0386199805262	0.0426766637964	0.0264192672869	1.0	-0.0344826047466	0.038384044262	-0.014907277104	0.030452257584	-0.0190036008833	0.0427597397728	-0.00236228423081	0.0372838234547	-0.0328582305231	-0.00175337268783	-0.0650662276533	0.0336003060074	0.0286302047282	-0.0235439911266	0.012350857588	0.0547611816782	0.00982431879925	0.0176334509334	0.0367189513011	-0.0730847242445	-0.00686857094229	-0.031311689962	-0.0249787967163	-0.0147730601986	0.0211257809024	0.00847331859519	-0.0135090875056	-0.0302351885192	-0.0380773182957	-0.00909611046332	0.0318891141454	-0.0287271865266	0.0182299264118	-0.0385070542875	-0.0266165002423	0.010600153452	0.0182046536167	0.00350483155457	-0.0422386605609	-0.0419308990176	0.014054016983	0.00148749235048	-0.0678069385759	-0.0243402722268	-0.0154142156927	-0.0343209346887	0.0284822263588	-0.021825399422	-0.000269489095668	-0.0854612186597	-0.00308323904323
k__Bacteria;p__Bacteroidetes;c__Bacteroidia;o__Bacteroidales;f__Rikenellaceae;g__Alistipes;s__Alistipes_finegoldii	0.029393768898	0.00456421497742	0.0135978102279	0.0563907146817	-8.52061095728e-05	-0.0438211829169	0.0167049338056	-0.0344826047466	1.0	-0.00395548367762	-0.0646561679779	0.00680549309025	-0.00963899675873	-0.00256493564188	-0.00913102228036	-0.00626885378135	0.00845566585483	-0.0170689573702	3.92689673438e-05	0.0300323607155	0.0126277700627	0.0410847147902	0.0416083484178	-0.0501950408372	0.0103701044175	0.014005522486	-0.0511744152668	-0.0152759062938	-0.0440889769304	-0.0122662874559	-0.000375447085499	0.000236991503594	-0.0180966795885	-0.0569746633	-0.0172864641342	-0.00326939424941	-0.0347847724716	-0.0488254815837	-0.0494498757197	-0.0450502728356	-0.0847047148869	0.0621386111487	0.0133824555054	0.0348168627345	0.00508417824169	-0.0335298525819	-0.0395793383439	-0.0167289224818	0.00754231789451	-0.00399826240488	0.0319395532831	-0.000919360178695	-0.0491176641102	-0.0387459910359	0.0154735309852	0.0751901870304	0.021169851854	-0.000944625155484	0.004535983088
k__Bacteria;p__Bacteroidetes;c__Bacteroidia;o__Bacteroidales;f__Porphyromonadaceae;g__Parabacteroides;s__Parabacteroides_distasonis	-0.0130451407737	-0.0181556421522	0.0229487979315	0.0176626413175	-0.0113074728909	-0.00202651416494	-0.0490129735001	0.038384044262	-0.00395548367762	1.0	0.00849339245811	0.0306909754507	0.0384965753021	0.0100190137792	-0.00132246357145	-0.00169345764604	0.00200153702739	0.041699509133	-0.0132437362638	0.0609651820505	-0.0428743310412	-0.0531973326904	0.0447729783863	-0.00814112034199	0.02185573332	0.033372177213	0.0674413154284	0.00166681167676	-0.00351439359297	-0.0585380779709	0.0140543060294	-0.0289274726051	-0.00960236442053	0.00873816011219	0.00925495297121	-0.0195826846352	0.0396375495404	0.0113219576616	-0.0501401884737	-0.00464099247288	0.01454063934	0.0188992920374	0.0162899751131	0.0400449949172	-0.00289105186244	0.0432632250356	-0.0394950475797	-0.0338301238177	0.00262727350495	0.00389017294989	-0.0155522518571	-0.0337019599249	0.0421802349834	0.00481760934457	0.0137196536153	0.00424921129425	-0.00598011594829	-0.062436287118	0.0202384833956
k__Bacteria;p__Bacteroidetes;c__Bacteroidia;o__Bacteroidales;f__Bacteroidaceae;g__Bacteroides;s__Bacteroides_thetaiotaomicron	-0.0198200766984	0.0217294012128	0.0269027876987	-0.0280812450683	0.00693511570743	0.00239481795453	-0.0197408549859	-0.014907277104	-0.0646561679779	0.00849339245811	1.0	0.0199115406643	-0.0759214109944	0.0300949068647	-0.0144125968347	0.00114125712664	0.0190103272424	0.0496155244321	-0.0544135570036	-0.017502896718	-0.0513787291468	-0.024175698595	-0.00557485032946	-0.0272871458311	0.0219547878008	0.00247433552375	-0.0275084006726	0.0232702248494	-0.0119193438979	0.0121944982871	0.0512904266765	-0.0632809947228	0.0530628660809	-0.0269748601396	-0.01178004124	-0.0283561241157	-0.0346571088073	-0.0187474465108	-0.00295205308508	-0.024855812416	-0.0233954721031	0.012262773804	-0.0352348584834	0.0516468284905	0.0419687007117	-0.0251619310592	-0.0379408791716	0.0154535134618	0.0265196420089	-0.018131529688	-0.0924680318098	0.0501534793889	0.0202445431098	-0.030820243771	0.0252592336612	-0.0656689101682	-0.0932193210524	-0.025419784462	0.013639990504
k__Bacteria;p__Bacteroidetes;c__Bacteroidia;o__Bacteroidales;f__Bacteroidaceae;g__Bacteroides;s__Bacteroides_coprocola	0.00727781490952	0.0132166796248	-0.0220935771912	-0.000877318890461	-0.0245777265204	-0.0075989235659	-0.045743180555	0.030452257584	0.00680549309025	0.0306909754507	0.0199115406643	1.0	-0.042977217586	-0.00750748185613	-0.0423693873273	-0.00880727487921	-0.0142906970131	0.0180162379825	0.0438519684923	-0.0443326500787	-0.0589063562092	0.0236881493293	0.00690989443236	0.0255643537243	-0.0136450111003	-0.0434793898905	-0.0368910433492	-0.0374188272443	0.0253692589727	0.0251745699387	-0.0211150608753	-0.0377206364602	-0.00888846030706	0.0209170461548	0.0242391558971	-0.025396527904	0.018050303628	0.0109078624279	0.0227167479219	-0.0315453058898	-0.0311693675679	0.0177109667035	-0.0306017942906	-0.0529468240703	-0.0511206890071	-0.00757811316598	0.00705913609622	0.0058193225722	0.0552248659557	-0.0275858953996	0.0274406450032	-0.0200257362718	-0.00731655156225	-0.000414239335104	0.00268028868523	0.00371204475396	0.0357063209555	-0.0754285227942	0.0168680592275
k__Bacteria;p__Bacteroidetes;c__Bacteroidia;o__Bacteroidales;f__Bacteroidaceae;g__Bacteroides;s__Bacteroides_cellulosilyticus	-0.061668976878	-0.00368773827017	0.0255660712658	0.0117043303092	-0.00497482958411	0.0382710596668	-0.000803519665249	-0.0190036008833	-0.00963899675873	0.0384965753021	-0.0759214109944	-0.042977217586	1.0	-0.00766501635345	-0.0388450217412	-0.0166664800882	-0.00555461969413	-0.0646549416887	-0.00888908892848	-0.0136644836932	0.0347193313305	-0.013366811772	-0.00564142963438	0.0225480540174	-0.0266272979922	-0.0849671514979	0.0208108522439	-0.0219409748465	-0.0466177126233	0.00664481518528	-0.00592516036989	0.0146807096989	0.0186279072314	-0.0128759429581	0.0755996011688	0.0656382298951	-0.0130303905817	0.0102325819992	0.00182345822121	0.0176143142663	0.0312574990086	-0.0390603467849	-0.0599853345208	0.0167243599891	-0.051459934387	-0.0264558568905	-0.0157129589341	0.0224879236711	-0.0196329658018	-0.0156412231168	0.0724363779085	-0.0188047829167	0.0563563817932	0.0145914381996	-0.00844617642214	-0.0171520148929	-0.0318727643448	-0.0441656986517	-0.0174025300449
k__Bacteria;p__Bacteroidetes;c__Bacteroidia;o__Bacteroidales;f__Rikenellaceae;g__Alistipes;s__Alistipes_obesi	-0.050361150274	0.00458635281714	0.00404995981288	-0.0100917071849	-0.00208239760964	0.0123406388821	-0.0491900629127	0.0427597397728	-0.00256493564188	0.0100190137792	0.0300949068647	-0.00750748185613	-0.00766501635345	1.0	0.00845540203036	-0.0403641273468	0.0150031950749	0.0241209561996	0.00420027688322	-0.080669077959	0.024157129602	0.0247391791174	0.0208342100519	-0.0325215610829	-0.0492046233126	0.0626591376552	0.00119073313812	0.0381406303115	-0.0508498994837	0.0261127062719	-0.0494435689847	-0.0792725550616	-0.0483020643184	-0.0395429863599	-0.00707600140348	-0.056056329593	-0.023333289552	-0.0100187968486	0.0147529382128	-0.0278225252216	0.00866719799401	-0.0365416914033	-0.00975993994991	0.0267007887509	0.0657025395713	-0.0446337182217	0.0137854849583	-0.0246734066621	0.0041281425027	0.00194967019089	-0.0383267560375	0.00967601081449	-8.05892016837e-05	-0.0692521891557	-0.0183608761962	0.0235597905671	0.0193178016354	-0.014895332229	0.00709661295788
k__Bacteria;p__Firmicutes;c__Clostridia;o__Clostridiales;f__Lachnospiraceae;g__;s__[Eubacterium]_rectale	-0.00865685649678	-0.0120685717433	-0.0200303668612	0.00534754618681	-0.0433777680502	0.0323713405591	0.0255103516401	-0.00236228423081	-0.00913102228036	-0.00132246357145	-0.0144125968347	-0.0423693873273	-0.0388450217412	0.00845540203036	1.0	-0.0266307627516	-0.00609999111305	0.016269971226	0.0428993720681	0.0396368439445	-0.0609050690673	-0.0313833041822	0.00170231041348	0.0755417347445	0.0338382999526	-0.042571699756	0.0116899498368	0.00176429481274	-0.0246567704906	-0.0394989970805	0.0161759925899	-0.0203035656204	-0.0114218887378	-0.0618826644945	-0.0217419463714	0.00131645629756	-0.0344212803208	0.0302727910033	0.00818390193579	-0.026609720501	0.0242207423733	-0.0782334559334	-0.00515221358952	-0.0180337285194	-0.00551775832871	0.00770267499628	-0.0300760288988	0.0188912835795	-0.0203613507948	-0.0588065265599	-0.0114223498393	0.000532802709469	0.00342761433514	0.0103536724009	0.00243797667622	-0.0285343492175	0.0278207797246	-0.0320900417689	-0.0105935547843
k__Bacteria;p__Bacteroidetes;c__Bacteroidia;o__Bacteroidales;f__Bacteroidaceae;g__Bacteroides;s__Bacteroides_plebeius	-0.0443255319512	0.0335607527631	0.038847916762	0.0117693398562	0.0636276486361	0.00891674244737	0.0393465132012	0.0372838234547	-0.00626885378135	-0.00169345764604	0.00114125712664	-0.00880727487921	-0.0166664800882	-0.0403641273468	-0.0266307627516	1.0	-0.0110865110155	0.0144443702553	-0.0218267362962	-0.00118585366628	0.00963978657118	0.0302421967627	-0.0221688270254	0.00606503390138	-0.000456968894816	0.0109274044049	-0.0223460028366	0.0167803693808	-0.0333228508734	-0.0231076568441	-0.0601338208038	-0.0245386812922	-0.0198568676315	0.00521982591918	-0.0390603120175	0.0290000856966	-0.0274183088334	0.0032511486923	-0.0689794470125	0.040142831807	0.000213200089127	-0.0122852453851	0.0160068908648	0.0275014302485	-0.0106186150973	-0.0169509273902	0.0261437090439	-0.0704121614567	-0.0682120332898	-0.0459396151128	-0.0283687348788	0.00138241881414	0.0299473645788	-0.0240362996084	0.015810123595	-0.0613392374623	0.0286118839674	-0.040478872777	0.0966489535343
k__Bacteria;p__Bacteroidetes;c__Bacteroidia;o__Bacteroidales;f__Bacteroidaceae;g__Bacteroides;s__Bacteroides_fragilis	0.00732878631241	0.0567508570688	-4.38081032902e-05	0.00588650726403	0.0198024053823	-0.00331893826031	0.0076743236565	-0.0328582305231	0.00845566585483	0.00200153702739	0.0190103272424	-0.0142906970131	-0.00555461969413	0.0150031950749	-0.00609999111305	-0.0110865110155	1.0	-0.0509696658403	-0.0100513186595	0.0310236964582	0.00186308658355	0.0140975627571	0.0211563178716	-0.038107932028	-0.0138270785994	0.0200211835084	0.0411698472764	0.0560714644602	-0.0621706823082	0.0262270737913	0.0446222293891	0.0475896305349	-0.053128866714	-0.0255590816044	-0.0189834244235	0.0195602383894	0.0170056682892	-0.0290076120077	-0.0302044415537	0.0662957405423	-0.0478381271848	0.020749078767	-0.0303452836025	-0.0247598439322	0.00482970275794	-0.0391955556523	-0.0255191507683	-0.0565805464736	0.00520683105519	0.00372559115615	-0.0192937975772	0.00975465778456	0.0155581564476	-0.0441663993986	-0.0390253921235	-0.0254420807134	-0.0101013670067	-0.0300322821029	0.0145443284099
k__Bacteria;p__Proteobacteria;c__Betaproteobacteria;o__Burkholderiales;f__Sutterellaceae;g__Sutterella;s__Sutterella_wadsworthensis	-0.0471418016382	0.00102147553139	-0.0198156017795	0.0258298307369	0.0542065367941	0.012747782989	-0.0484744765671	-0.00175337268783	-0.0170689573702	0.041699509133	0.0496155244321	0.0180162379825	-0.0646549416887	0.0241209561996	0.016269971226	0.0144443702553	-0.0509696658403	1.0	0.0426340601187	-0.0316553766923	0.0251736547718	0.00601151852831	0.0400910098361	-0.0303089280362	0.0580358797744	-0.0271915207762	0.0344318827519	-0.038961487582	0.010317871742	-0.0195982343294	-0.018006808935	-0.00661280253763	0.000327288651028	-0.0190937290574	-0.0289567281283	-0.0964327557393	0.000673800949907	-0.0331924250079	-0.0110706770108	0.0305516295495	-0.00725404647834	-0.0121056464003	-0.0485334196082	-0.0527972380862	-0.0199134422812	0.000323036107987	0.00652148781712	0.0621748389662	-0.00507321082002	0.0105887130102	-0.0728653417127	0.0192592656371	-0.00172728360552	-0.0535885352352	0.0328222652161	0.0371476620634	0.0286160814289	-0.0454666574874	0.0306061520963
k__Bacteria;p__Bacteroidetes;c__Bacteroidia;o__Bacteroidales;f__Porphyromonadaceae;g__Barnesiella;s__Barnesiella_intestinihominis	-0.0150837011921	-0.0136579495777	0.0942743587621	0.000523867523457	0.0189963708464	0.0248733959547	0.00449722282966	-0.0650662276533	3.92689673439e-05	-0.0132437362638	-0.0544135570036	0.0438519684923	-0.00888908892848	0.00420027688322	0.0428993720681	-0.0218267362962	-0.0100513186595	0.0426340601187	1.0	-0.0391203319823	-0.0470120039187	-0.0429656455363	0.02397311793	-0.00738218939255	-0.00329494825119	-0.00274358507378	-0.0598942829003	-0.0366530338068	-0.0180121367229	0.00951030002602	-0.0088642323125	-0.0303233575367	0.0130649075404	-0.0198258530248	0.00462126916907	-0.0082716722118	-0.0347313189863	-0.0379149453215	-0.0224926720548	0.0487258500199	0.0156520422635	0.0227899589899	0.0150055398239	-0.00575169015345	0.0196345666428	-0.0184102095919	0.0744706999944	-0.0333853156019	0.00304476832147	-0.00891244242627	-0.0392794174332	-0.00648254532504	-0.0191351084795	0.00803200807377	-0.0297198026508	-0.032321822548	-0.0218387964471	-0.0140615913638	-0.00318092145644
k__Bacteria;p__Bacteroidetes;c__Bacteroidia;o__Bacteroidales;f__Odoribacteraceae;g__Odoribacter;s__Odoribacter_splanchnicus	-0.0288447298032	-0.0264575401487	0.0178415905113	-0.0252036464225	-0.0188994689444	-0.0590561246232	-0.0280306187527	0.0336003060074	0.0300323607155	0.0609651820505	-0.017502896718	-0.0443326500787	-0.0136644836932	-0.080669077959	0.0396368439445	-0.00118585366628	0.0310236964582	-0.0316553766923	-0.0391203319823	1.0	-0.0218613675943	-0.0282685583503	-0.0238487924267	-0.0363568678711	-0.021484152639	0.0480351192008	0.0162283667227	0.0264085000453	0.0544608715996	-0.00736416129066	0.00202102995342	0.065453691323	0.0120781549474	-0.013307724711	-0.0734728410416	0.0132514262095	-0.0188967852669	0.00960858230438	-0.0337466221142	-0.00881756441025	-0.0738649688899	-0.0105608747962	0.00972954938208	0.0210839231335	-0.0133605000861	0.0663234460961	-0.00806361555382	-0.020981024528	-0.0244213845432	-0.00709960759179	-0.0123966405266	0.0217953781288	0.0348043928036	0.00126048758589	0.0100289185471	-0.0831597533146	0.0132004901097	0.00483241496818	0.00489594199943
k__Bacteria;p__Bacteroidetes;c__Bacteroidia;o__Bacteroidales;f__Bacteroidaceae;g__Bacteroides;s__Bacteroides_salyersiae	0.0317466371932	0.029610402339	-0.0291394901278	-0.0249748949894	0.000767719717163	-0.0095198061664	-0.0502668476252	0.0286302047282	0.0126277700627	-0.0428743310412	-0.0513787291468	-0.0589063562092	0.0347193313305	0.024157129602	-0.0609050690673	0.00963978657118	0.00186308658355	0.0251736547718	-0.0470120039187	-0.0218613675943	1.0	0.000616108011015	-0.0625872644499	-0.0651221789203	0.0244526675868	0.0405104025599	-0.00149940875669	-0.0108201550697	-0.032567027011	0.0318812855881	-0.00619610585145	-0.0272781164102	0.00820922924736	-0.0418682064457	0.0241440081998	-0.000780333788155	0.0124890909057	0.0163057363163	0.0114806881731	-0.037172488286	0.0501860331682	-0.0177475860663	-0.0100879218838	-0.0700622001157	-0.0529454599	-0.0423169546305	-0.0401722693387	-0.0212422637393	-0.0903118900891	0.0770407521832	0.0159045973594	0.0207735662436	0.0156606725917	0.00792265391737	-0.0243377831081	-0.0262549852875	0.0230925952825	0.0566212011148	-0.030504905654
k__Bacteria;p__Firmicutes;c__Clostridia;o__Clostridiales;f__Ruminococcaceae;g__Ruminiclostridium;s__[Eubacterium]_siraeum	-0.0460743645183	0.0444128165673	0.0056735514034	0.0291269055935	0.0199636651419	0.0353481356885	-0.0373819457731	-0.0235439911266	0.0410847147902	-0.0531973326904	-0.024175698595	0.0236881493293	-0.013366811772	0.0247391791174	-0.0313833041822	0.0302421967627	0.0140975627571	0.00601151852831	-0.0429656455363	-0.0282685583503	0.000616108011015	1.0	0.0365823127204	0.0588469079309	-0.0102098219001	0.00873881807379	-0.0388671558772	0.0368657308363	0.015858774864	-0.0295148637783	-0.0222508422573	0.00120344607053	0.00231104610196	-0.0926862691973	-0.0242657265614	-0.00831010151183	-0.0380075177034	-0.0312838591817	0.0207328881675	0.0248600154855	-0.0178792897332	-0.0356837429237	-0.0408059619821	0.0377221428771	-0.0624506670409	-0.00971362926066	0.0245631123538	-0.0662981866418	-0.0288285645819	0.0100675919742	-0.00344519269494	-0.0241187509619	-0.0203470297976	0.0156832042299	-0.021301136995	0.000979593310596	-0.0338226037232	0.0257087506795	0.0251733692033
k__Bacteria;p__Proteobacteria;c__Betaproteobacteria;o__Burkholderiales;f__Sutterellaceae;g__Parasutterella;s__Parasutterella_excrementihominis	-0.0187553618923	-0.0233926621777	-0.003237508503	0.0411368312501	-0.0729602550543	0.026552916088	-0.00706909533784	0.012350857588	0.0416083484178	0.0447729783863	-0.00557485032946	0.00690989443236	-0.00564142963438	0.0208342100519	0.00170231041348	-0.0221688270254	0.0211563178716	0.0400910098361	0.02397311793	-0.0238487924267	-0.0625872644499	0.0365823127204	1.0	-0.0235815739891	-0.00396697507995	-0.0258073523251	-0.0324098730135	0.0108481771224	0.0216881184632	0.0957174785266	-0.02729587465	0.0175650102206	-0.0198760328488	-0.0217092623773	-0.0427274499573	-0.0164015601237	0.0375865160618	-0.035981905956	0.0407556434694	-0.0314230920648	0.00566612023776	0.0399587321605	-0.0189197610596	0.049251291032	0.0178824064533	-0.0353264645954	0.0195175126612	0.0307269319009	0.00433436822798	-0.0985478301366	-0.00457573820608	0.00523108914297	0.0251013520833	-0.060436525057	-0.0567041527114	0.027876802605	0.0317507431375	0.00938758509491	0.0087179481393
k__Bacteria;p__Actinobacteria;c__Actinobacteria;o__Bifidobacteriales;f__Bifidobacteriaceae;g__Bifidobacterium;s__Bifidobacterium_adolescentis	0.0328837826098	-0.0158220089408	-0.00776108321711	-0.0382496709103	-0.0141290292824	0.000142532504782	0.0129461292269	0.0547611816782	-0.0501950408372	-0.00814112034199	-0.0272871458311	0.0255643537243	0.0225480540174	-0.0325215610829	0.0755417347445	0.00606503390138	-0.038107932028	-0.0303089280362	-0.00738218939255	-0.0363568678711	-0.0651221789203	0.0588469079309	-0.0235815739891	1.0	-0.0450790341725	-0.00919171785825	0.00532777217933	-0.0211427267774	-0.064876222546	0.0623194453355	-0.00070303094896	-0.0279868578499	0.00828832460651	0.0678695387141	0.0135414993347	-0.0166598476046	-0.00246053245019	0.0190802902827	-0.0121581716671	-0.0216674384481	0.0527107246398	-0.0264563689087	-0.00635446546334	0.00880921486542	-0.0320382759431	0.00749136505696	0.0208165174344	-0.00908799881577	-0.0375174462424	0.00518350789874	0.00132847962584	-0.0037189042109	-0.0016550050995	0.0343685255027	-0.0602227692927	0.0124318821468	-0.00934230826678	0.0107170923753	-0.0671910344416
k__Bacteria;p__Firmicutes;c__Clostridia;o__Clostridiales;f__Oscillospiraceae;g__Oscillibacter;s__Oscillibacter_sp._KLE_1745	0.0351100003236	0.0281004427267	0.0135914296845	-0.0133899557939	-0.0404217659178	-0.0184639864133	-0.0157748234192	0.00982431879925	0.0103701044175	0.02185573332	0.0219547878008	-0.0136450111003	-0.0266272979922	-0.0492046233126	0.0338382999526	-0.000456968894816	-0.0138270785994	0.0580358797744	-0.00329494825119	-0.021484152639	0.0244526675868	-0.0102098219001	-0.00396697507995	-0.0450790341725	1.0	-0.00808213141697	-0.00487196782027	0.0117054654434	0.0647069494272	-0.0298742253476	0.00143490508789	0.0215200460747	-0.0333573013012	-0.0228359438224	-0.0162107625612	0.0863739109269	0.0239164525153	0.023290185731	-0.0297767515664	-0.00459579521497	-0.046243935075	0.019255503592	-0.0324363689601	-0.0166132639848	-0.0289134443523	0.0370655997696	-0.00846280594626	0.0211961283941	-0.00331372329294	0.00664857846009	0.0224684620677	-0.0441365267386	-0.0559184721387	-0.0561875450883	-0.0238133208112	0.0554101783754	-0.0556514548335	-0.00103704552471	-0.0108461715107
k__Bacteria;p__Bacteroidetes;c__Bacteroidia;o__Bacteroidales;f__Bacteroidaceae;g__Bacteroides;s__Bacteroides_coprophilus	0.0159772805367	-0.0564793125054	-0.0186547247473	-0.0183745651175	0.0134861987868	-0.0273925010379	0.00847416124984	0.0176334509334	0.014005522486	0.033372177213	0.00247433552375	-0.0434793898905	-0.0849671514979	0.0626591376552	-0.042571699756	0.0109274044049	0.0200211835084	-0.0271915207762	-0.00274358507378	0.0480351192008	0.0405104025599	0.00873881807379	-0.0258073523251	-0.00919171785825	-0.00808213141697	1.0	-0.0598050265661	-0.0483026741908	-0.0471071819922	0.033486154683	-0.00781045913992	0.0107439891449	-0.0210425556586	0.00313847083639	-0.0260176782248	-0.0432672538754	-0.0419746507456	0.0780109574505	-0.0287778260484	-0.0104344697981	-0.00571402918036	-0.012391155734	-0.0632395997227	-0.00578694728424	0.00960465147907	-0.028756626776	-0.0107047809115	0.0211072952341	-0.0618872049343	0.00303911051087	0.0173250985862	-0.0448333655397	0.0128144779601	-0.032746395943	0.00957015387254	-0.0184982608754	0.00707186585406	-0.0221214983484	0.0189422990485
k__Bacteria;p__Firmicutes;c__Clostridia;o__Clostridiales;f__Lachnospiraceae;g__Roseburia;s__Roseburia_intestinalis	0.062064097341	0.0394654623713	-0.0191251036791	-0.0120453464539	-0.0109678681179	-0.0434788605442	-0.00130514666898	0.0367189513011	-0.0511744152668	0.0674413154284	-0.0275084006726	-0.0368910433492	0.0208108522439	0.00119073313812	0.0116899498368	-0.0223460028366	0.0411698472764	0.0344318827519	-0.0598942829003	0.0162283667227	-0.00149940875669	-0.0388671558772	-0.0324098730135	0.00532777217933	-0.00487196782027	-0.0598050265661	1.0	-0.0324924329395	-0.00631196778468	-0.0520857434759	-0.00277834344311	0.00737042595367	-0.0224768042713	-0.0214347666733	-0.000203241322676	-0.0156885709857	-0.0130336033795	0.0144651545991	-0.00916058603695	-0.0182467333658	-0.0215161300762	0.0186705042828	-0.00270021026945	0.00393416850603	-0.00410850234306	0.0512483059646	0.0275244288906	0.0137384457119	0.0544864965791	-0.0179303602314	-0.0116403282794	-0.0174188243203	0.0167754125779	-0.0114639629789	-0.0203517741581	-0.0107424110413	-0.058449805452	-0.0172365784437	-0.034858686821
k__Bacteria;p__Firmicutes;c__Clostridia;o__Clostridiales;f__Lachnospiraceae;g__Roseburia;s__Roseburia_hominis	0.0639850080949	-0.0473457638147	0.0174054058983	-0.0312351923056	-0.000685637685864	0.0437002681521	-0.00578077814894	-0.0730847242445	-0.0152759062938	0.00166681167676	0.0232702248494	-0.0374188272443	-0.0219409748465	0.0381406303115	0.00176429481274	0.0167803693808	0.0560714644602	-0.038961487582	-0.0366530338068	0.0264085000453	-0.0108201550697	0.0368657308363	0.0108481771224	-0.0211427267774	0.0117054654434	-0.0483026741908	-0.0324924329395	1.0	-0.0376550185043	-0.0485951067219	-0.00591298259391	0.0383944465149	0.0280555045263	-0.0101314138872	-0.0181477317648	0.0405201026958	-0.0786814024795	-0.043210937685	-0.0201814045174	-0.0780903639445	0.00329319566783	0.0341584210014	-0.0837069720749	0.0168560904961	0.0177718790925	-0.0519924939531	-0.00832899371257	-0.0330354803204	0.011734288297	-0.0455926487796	-0.0150138123061	0.0474460592449	-0.0158170905882	-0.0186752499438	0.0544935508995	0.0496606774734	0.0228341436914	-0.0518331086222	0.0214813194146
k__Bacteria;p__Bacteroidetes;c__Bacteroidia;o__Bacteroidales;f__Porphyromonadaceae;g__Parabacteroides;s__Parabacteroides_johnsonii	0.0150109102828	0.009483831653	0.0321913241578	-0.00718765909283	-0.022683686766	0.0100486045418	0.023938148143	-0.00686857094229	-0.0440889769304	-0.00351439359297	-0.0119193438979	0.0253692589727	-0.0466177126233	-0.0508498994837	-0.0246567704906	-0.0333228508734	-0.0621706823082	0.010317871742	-0.0180121367229	0.0544608715996	-0.032567027011	0.015858774864	0.0216881184632	-0.064876222546	0.0647069494272	-0.0471071819922	-0.00631196778468	-0.0376550185043	1.0	-0.000462727039956	-0.0192750371507	0.000324308267284	-0.0114963332613	-0.00380858731291	0.00904619038169	-0.0374869151936	0.0383097224949	-0.0239133486288	0.00097487259554	-0.0248437341396	0.0115435770635	-0.0453224534943	-0.0351950431962	0.0259739982214	0.0206721121263	-0.00761356133143	-0.0299990486353	-0.0430066496657	0.0255183006125	-0.0126432973777	0.0785184553641	-0.00172928611368	-0.121944464867	0.0345373640054	0.0176318422324	-0.0554797543529	-0.00389744133628	0.00316012622351	-0.0427847539302
k__Bacteria;p__Actinobacteria;c__Actinobacteria;o__Bifidobacteriales;f__Bifidobacteriaceae;g__Bifidobacterium;s__Bifidobacterium_longum	-0.0433159581567	0.0170387246826	-0.0505283924194	0.0253429656453	-0.0300708514447	0.0255337468864	0.0308047685109	-0.031311689962	-0.0122662874559	-0.0585380779709	0.0121944982871	0.0251745699387	0.00664481518528	0.0261127062719	-0.0394989970805	-0.0231076568441	0.0262270737913	-0.0195982343294	0.00951030002602	-0.00736416129066	0.0318812855881	-0.0295148637783	0.0957174785266	0.0623194453355	-0.0298742253476	0.033486154683	-0.0520857434759	-0.0485951067219	-0.000462727039956	1.0	0.0132438673446	-0.00313523515994	-0.0155400676172	-0.0100117239437	-0.0042712070857	0.00854898493622	-0.000186996459316	-0.0138068446405	-0.0463386256658	-0.00751964016266	-0.00105017299372	-0.0159245464552	0.0063539019618	-0.0794552547367	-0.0198926368841	0.00711918792756	-0.0669810717553	0.00896244676943	-0.0193221919396	-0.0277325091995	-0.0227683447576	0.0459556759952	0.0295711983782	-0.0464031059568	-0.0333301036851	-0.0586247640736	0.0233517784816	0.0507574138881	-0.0134333445376
