#taxonomy	k__Bacteria;p__Bacteroidetes;c__Bacteroidia;o__Bacteroidales;f__Bacteroidaceae;g__Bacteroides;s__Bacteroides_vulgatus	k__Bacteria;p__Bacteroidetes;c__Bacteroidia;o__Bacteroidales;f__Bacteroidaceae;g__Bacteroides;s__Bacteroides_uniformis	k__Bacteria;p__Bacteroidetes;c__Bacteroidia;o__Bacteroidales;f__Rikenellaceae;g__Alistipes;s__Alistipes_putredinis	k__Bacteria;p__Bacteroidetes;c__Bacteroidia;o__Bacteroidales;f__Prevotellaceae;g__Prevotella;s__Prevotella_copri	k__Bacteria;p__Bacteroidetes;c__Bacteroidia;o__Bacteroidales;f__Bacteroidaceae;g__Bacteroides;s__Bacteroides_stercoris	k__Bacteria;p__Bacteroidetes;c__Bacteroidia;o__Bacteroidales;f__Bacteroidaceae;g__Bacteroides;s__Bacteroides_ovatus	k__Bacteria;p__Bacteroidetes;c__Bacteroidia;o__Bacteroidales;f__Rikenellaceae;g__Alistipes;s__Alistipes_shahii	k__Bacteria;p__Firmicutes;c__Clostridia;o__Clostridiales;f__Ruminococcaceae;g__Faecalibacterium;s__Faecalibacterium_prausnitzii	k__Bacteria;p__Bacteroidetes;c__Bacteroidia;o__Bacteroidales;f__Rikenellaceae;g__Alistipes;s__Alistipes_finegoldii	k__Bacteria;p__Bacteroidetes;c__Bacteroidia;o__Bacteroidales;f__Porphyromonadaceae;g__Parabacteroides;s__Parabacteroides_distasonis	k__Bacteria;p__Bacteroidetes;c__Bacteroidia;o__Bacteroidales;f__Bacteroidaceae;g__Bacteroides;s__Bacteroides_thetaiotaomicron	k__Bacteria;p__Bacteroidetes;c__Bacteroidia;o__Bacteroidales;f__Bacteroidaceae;g__Bacteroides;s__Bacteroides_coprocola	k__Bacteria;p__Bacteroidetes;c__Bacteroidia;o__Bacteroidales;f__Bacteroidaceae;g__Bacteroides;s__Bacteroides_cellulosilyticus	k__Bacteria;p__Bacteroidetes;c__Bacteroidia;o__Bacteroidales;f__Rikenellaceae;g__Alistipes;s__Alistipes_obesi	k__Bacteria;p__Firmicutes;c__Clostridia;o__Clostridiales;f__Lachnospiraceae;g__;s__[Eubacterium]_rectale	k__Bacteria;p__Bacteroidetes;c__Bacteroidia;o__Bacteroidales;f__Bacteroidaceae;g__Bacteroides;s__Bacteroides_plebeius	k__Bacteria;p__Bacteroidetes;c__Bacteroidia;o__Bacteroidales;f__Bacteroidaceae;g__Bacteroides;s__Bacteroides_fragilis	k__Bacteria;p__Proteobacteria;c__Betaproteobacteria;o__Burkholderiales;f__Sutterellaceae;g__Sutterella;s__Sutterella_wadsworthensis	k__Bacteria;p__Bacteroidetes;c__Bacteroidia;o__Bacteroidales;f__Porphyromonadaceae;g__Barnesiella;s__Barnesiella_intestinihominis	k__Bacteria;p__Bacteroidetes;c__Bacteroidia;o__Bacteroidales;f__Odoribacteraceae;g__Odoribacter;s__Odoribacter_splanchnicus	k__Bacteria;p__Bacteroidetes;c__Bacteroidia;o__Bacteroidales;f__Bacteroidaceae;g__Bacteroides;s__Bacteroides_salyersiae	k__Bacteria;p__Firmicutes;c__Clostridia;o__Clostridiales;f__Ruminococcaceae;g__Ruminiclostridium;s__[Eubacterium]_siraeum	k__Bacteria;p__Proteobacteria;c__Betaproteobacteria;o__Burkholderiales;f__Sutterellaceae;g__Parasutterella;s__Parasutterella_excrementihominis	k__Bacteria;p__Actinobacteria;c__Actinobacteria;o__Bifidobacteriales;f__Bifidobacteriaceae;g__Bifidobacterium;s__Bifidobacterium_adolescentis	k__Bacteria;p__Firmicutes;c__Clostridia;o__Clostridiales;f__Oscillospiraceae;g__Oscillibacter;s__Oscillibacter_sp._KLE_1745	k__Bacteria;p__Bacteroidetes;c__Bacteroidia;o__Bacteroidales;f__Bacteroidaceae;g__Bacteroides;s__Bacteroides_coprophilus	k__Bacteria;p__Firmicutes;c__Clostridia;o__Clostridiales;f__Lachnospiraceae;g__Roseburia;s__Roseburia_intestinalis	k__Bacteria;p__Firmicutes;c__Clostridia;o__Clostridiales;f__Lachnospiraceae;g__Roseburia;s__Roseburia_hominis	k__Bacteria;p__Bacteroidetes;c__Bacteroidia;o__Bacteroidales;f__Porphyromonadaceae;g__Parabacteroides;s__Parabacteroides_johnsonii	k__Bacteria;p__Actinobacteria;c__Actinobacteria;o__Bifidobacteriales;f__Bifidobacteriaceae;g__Bifidobacterium;s__Bifidobacterium_longum	k__Bacteria;p__Firmicutes;c__Clostridia;o__Clostridiales;f__;g__Flavonifractor;s__Flavonifractor_plautii	k__Bacteria;p__Firmicutes;c__Clostridia;o__Clostridiales;f__Clostridiaceae;g__Clostridium;s__Clostridium_phoceensis	k__Bacteria;p__Verrucomicrobia;c__Verrucomicrobiae;o__Verrucomicrobiales;f__Akkermansiaceae;g__Akkermansia;s__Akkermansia_muciniphila	k__Bacteria;p__Bacteroidetes;c__Bacteroidia;o__Bacteroidales;f__Prevotellaceae;g__Paraprevotella;s__Paraprevotella_xylaniphila	k__Bacteria;p__Firmicutes;c__Clostridia;o__Clostridiales;f__Ruminococcaceae;g__Ruminococcus;s__Ruminococcus_callidus	k__Bacteria;p__Bacteroidetes;c__Bacteroidia;o__Bacteroidales;f__Rikenellaceae;g__Alistipes;s__Alistipes_senegalensis	k__Bacteria;p__Firmicutes;c__Clostridia;o__Clostridiales;f__Lachnospiraceae;g__Blautia;s__Blautia_sp._KLE_1732	k__Bacteria;p__Bacteroidetes;c__Bacteroidia;o__Bacteroidales;f__Bacteroidaceae;g__Bacteroides;s__Bacteroides_oleiciplenus	k__Bacteria;p__Firmicutes;c__Clostridia;o__Clostridiales;f__Ruminococcaceae;g__Ruminococcus;s__Ruminococcus_bicirculans	k__Bacteria;p__Bacteroidetes;c__Bacteroidia;o__Bacteroidales;f__Bacteroidaceae;g__Bacteroides;s__Bacteroides_fluxus	k__Bacteria;p__Bacteroidetes;c__Bacteroidia;o__Bacteroidales;f__Prevotellaceae;g__Prevotella;s__Prevotella_stercorea	k__Bacteria;p__Firmicutes;c__Clostridia;o__Clostridiales;f__Lachnospiraceae;g__Dorea;s__Dorea_longicatena	k__Bacteria;p__Firmicutes;c__Clostridia;o__Clostridiales;f__Eubacteriaceae;g__Eubacterium;s__[Eubacterium]_eligens	k__Bacteria;p__Firmicutes;c__Clostridia;o__Clostridiales;f__Ruminococcaceae;g__;s__Ruminococcaceae_bacterium_D16	k__Bacteria;p__Firmicutes;c__Clostridia;o__Clostridiales;f__Lachnospiraceae;g__Coprococcus;s__Coprococcus_comes	k__Bacteria;p__Proteobacteria;c__Gammaproteobacteria;o__Enterobacterales;f__Enterobacteriaceae;g__Escherichia;s__Escherichia_coli	k__Bacteria;p__Firmicutes;c__Clostridia;o__Clostridiales;f__Ruminococcaceae;g__Anaerotruncus;s__Anaerotruncus_colihominis	k__Bacteria;p__Firmicutes;c__Clostridia;o__Clostridiales;f__Lachnospiraceae;g__Blautia;s__Blautia_obeum	k__Bacteria;p__Bacteroidetes;c__Bacteroidia;o__Bacteroidales;f__Odoribacteraceae;g__Odoribacter;s__Odoribacter_laneus	k__Bacteria;p__Firmicutes;c__Clostridia;o__Clostridiales;f__Ruminococcaceae;g__Ruminiclostridium;s__[Clostridium]_leptum	k__Bacteria;p__Bacteroidetes;c__Bacteroidia;o__Bacteroidales;f__Porphyromonadaceae;g__Parabacteroides;s__Parabacteroides_goldsteinii	k__Bacteria;p__Firmicutes;c__Clostridia;o__Clostridiales;f__Lachnospiraceae;g__Anaerostipes;s__Anaerostipes_hadrus	k__Bacteria;p__Firmicutes;c__Clostridia;o__Clostridiales;f__Ruminococcaceae;g__Ruminococcus;s__Ruminococcus_lactaris	k__Bacteria;p__Firmicutes;c__Clostridia;o__Clostridiales;f__Clostridiaceae;g__Clostridium;s__Clostridium_sp._L2-50	k__Bacteria;p__Firmicutes;c__Clostridia;o__Clostridiales;f__Clostridiaceae;g__Clostridium;s__Clostridium_sp._M62/1	k__Bacteria;p__Firmicutes;c__Clostridia;o__Clostridiales;f__;g__Intestinimonas;s__Intestinimonas_butyriciproducens	k__Bacteria;p__Actinobacteria;c__Actinobacteria;o__Bifidobacteriales;f__Bifidobacteriaceae;g__Bifidobacterium;s__Bifidobacterium_bifidum	k__Bacteria;p__Firmicutes;c__Negativicutes;o__Veillonellales;f__Veillonellaceae;g__Dialister;s__Dialister_invisus	k__Bacteria;p__Bacteroidetes;c__Bacteroidia;o__Bacteroidales;f__Bacteroidaceae;g__Bacteroides;s__Bacteroides_salanitronis
k__Bacteria;p__Bacteroidetes;c__Bacteroidia;o__Bacteroidales;f__Bacteroidaceae;g__Bacteroides;s__Bacteroides_vulgatus	1.0	0.0176954981504	-0.021678318504	-0.00984780035276	-0.00701574058982	-0.0164001985345	-0.0252525102349	-0.0158358751343	-0.000398486845605	0.0132717744515	-0.0521657552821	-0.0268667054732	-0.00375736342908	0.00789154876285	-0.000874550645678	-0.0395602333707	-0.0713946157436	0.0297109907302	0.0447560724408	-0.0394658659226	0.037531371098	-0.00961720792193	0.0220959874734	0.00071175485634	-0.046357461536	0.0166242177409	0.00932254758536	-0.0282558947474	-0.0104259893836	-0.0159463298984	-0.0348993797247	-0.0480150713037	0.0771964275204	-0.0148929483987	-0.0227202018587	-0.0570977620814	-0.0230351906804	0.0331205187529	-0.00916696649552	-0.0376517471417	0.0196929467931	-0.000670285996604	-0.0271320578406	-0.0302483048104	-0.0112340133597	0.00129828604694	0.0317121354615	-0.0193488938949	-0.0631857867038	-0.0530277394146	0.0501703442809	-0.0337731061632	0.00943408711493	-0.0194815094557	0.0604449127396	-0.0398207079497	0.0493185750113	-0.00806235496367	0.0628517230768
k__Bacteria;p__Bacteroidetes;c__Bacteroidia;o__Bacteroidales;f__Bacteroidaceae;g__Bacteroides;s__Bacteroides_uniformis	0.0176954981504	1.0	-0.0392131489726	0.0202816185509	0.033064454724	0.00360223646813	-0.029093697345	-0.0181048878245	-0.0369400464089	0.00415106558759	-0.0118274932135	-0.0104816567628	-0.000877946438562	-0.053343164157	-0.0352905360146	-0.0436767051435	0.019642908506	0.0241552377809	0.00953099490982	0.0347692812946	0.0129691383042	-0.0320975908537	-0.0230591502695	-0.0647386732947	-0.000620483795746	-0.0114488808161	0.0130364933885	0.00445401151932	0.00363091351489	-0.0281237960271	0.0321387942511	0.0176312754794	-0.0192978924712	0.0244974374133	-0.0389689471018	-0.0792337060788	-0.0417713289449	-0.0327188058695	0.0383956681533	-0.00045540827874	0.0170568986391	-0.00898934231433	-0.0578825328152	-0.0044761807434	-0.0352342345399	9.45240691204e-05	0.0168041391013	0.0435322600333	0.0148493237742	-0.0402394903735	0.0098721370864	-0.0233387756592	-0.0130744738482	0.0192174912891	-0.0123358639782	0.0152624295072	0.0713495448014	-0.0419402462336	0.0247531446259
k__Bacteria;p__Bacteroidetes;c__Bacteroidia;o__Bacteroidales;f__Rikenellaceae;g__Alistipes;s__Alistipes_putredinis	-0.021678318504	-0.0392131489726	1.0	0.0233831445915	-0.0282773852516	-0.0136790489359	0.0106756488315	-0.0126842749629	0.0147862505432	0.00859689644763	0.00332284539995	0.0372085324928	-0.0591745891898	-0.0247291546544	0.00262255364635	-0.00716374561197	0.00609068371178	0.0291058673577	-0.0186031720794	-0.0237369526054	-0.0610190624963	0.000512520089368	-0.0202192924137	0.0498628358453	0.0327452599058	-0.00472704813591	-0.00490206917482	-0.0308622128805	-0.0217795841098	-0.0144112793539	-0.0171073192453	0.0383083820634	-0.0150176649921	-0.0711914613824	0.0742748699182	-0.0313762861533	-0.000232909116858	-0.0028414794059	-0.00957630929097	-0.0309399703282	0.0244600113589	0.0139522271267	-0.0112145059249	-0.0301668438662	0.0520895104071	-0.00943847169354	-0.019352063217	0.00724176236016	0.00744875059275	-0.0189612030448	-0.0103175146107	-0.00314368326225	-0.0272863501589	-0.00507792052599	0.00524011170964	-0.0192904057395	-0.0638161766781	0.0135096948788	-0.0597174627052
k__Bacteria;p__Bacteroidetes;c__Bacteroidia;o__Bacteroidales;f__Prevotellaceae;g__Prevotella;s__Prevotella_copri	-0.00984780035276	0.0202816185509	0.0233831445915	1.0	0.0130308046897	0.0387817498419	-0.0116761473586	0.0239175650879	0.00930025719961	0.0172945510232	-0.00254050864157	-0.0279805397531	-0.0220344421676	-0.0501348754121	-0.027310200197	-0.0205578889305	-0.033286986668	-0.0904796880698	-0.00418711155478	-0.0250377908727	0.0487653035085	-0.0027820003474	-0.0387302888879	-0.0456304880122	-0.0593641106515	-0.00525721149687	-5.58995943433e-05	-0.0189110774078	-0.0286931080779	0.00955943289666	-0.0107617946129	0.0123584151663	-0.00699017345755	-0.00690934069371	-0.0370851012832	0.009023455263	-0.0367489556999	0.0393277495146	-0.000575560887232	-0.0115796316435	0.0424508964744	0.0381260869631	-0.0599965748425	0.0173331267891	-0.00404317144985	0.0356744098659	0.0334912536447	0.0434135837283	-0.0191247287682	0.0477379098069	-0.002946431974	0.000535580568566	-0.0363219702478	-0.0710374912518	-0.0511912686636	0.00474384205912	0.0209956181045	-0.0387355758204	-0.0325734347204
k__Bacteria;p__Bacteroidetes;c__Bacteroidia;o__Bacteroidales;f__Bacteroidaceae;g__Bacteroides;s__Bacteroides_stercoris	-0.00701574058982	0.033064454724	-0.0282773852516	0.0130308046897	1.0	0.023462472261	-0.00255732078927	-0.0456502881963	0.0135172320635	-0.0017990364599	0.00662989631132	-0.0204192961076	-0.0370920518054	-0.0150644119712	-0.0298125734548	-0.0350352050615	0.0539752892569	-0.0228158186821	0.0264876190402	-0.00929505378314	-0.0139797235678	-0.0211731345244	-0.00622095580498	0.00446334172419	0.0109117342033	-0.0172379665541	-0.0184168462883	0.00443773914524	0.00154668873335	-0.00933053853946	0.0037665716252	-0.0221344278744	-0.0167873638032	-0.0628000403399	-0.0376760835433	-0.0184416668393	0.00319298027297	-0.0211386337727	-0.0342553726965	0.0240060477739	-0.041664920754	0.0298486735942	0.0139011019882	0.0232397033005	-0.0325766453604	-0.07428152207	0.00976319380655	0.0392742451549	-0.0318183486333	-0.0459780806411	-0.0137823681959	-0.0319048299126	0.00759108277478	-0.00713531802887	0.0365611447072	-0.0019082262839	0.0502733633381	-0.0083625834867	-0.0293314002868
k__Bacteria;p__Bacteroidetes;c__Bacteroidia;o__Bacteroidales;f__Bacteroidaceae;g__Bacteroides;s__Bacteroides_ovatus	-0.0164001985345	0.00360223646813	-0.0136790489359	0.0387817498419	0.023462472261	1.0	0.003887145419	0.00769633695604	0.0548823388566	0.058266215751	0.0261262976287	-0.00652699644578	0.0194121006708	-0.0416362048213	-0.00589428436647	0.00993299226111	-0.0459101300628	0.0614965520138	0.0055597215091	0.0467571113176	0.007382832538	-0.00459074522197	0.011566618965	0.0296296386842	0.00336795149619	-0.0403046819113	0.0213872321102	-0.0221494264183	-0.0589556248884	-0.00693400588891	-0.000472728677644	0.0104523926756	0.0253180281327	-0.00612604696163	-0.0206596408965	-0.00774604966842	-0.078756855411	-0.0526478869312	-0.00116293474426	-0.0487079689269	-0.0295289840938	-0.0448204688186	-0.00820657348426	0.0282590756091	-0.0784324149468	0.0228463889527	-0.0196448841885	0.0237535233122	-0.0406093813306	-0.000870287431216	0.0337189752791	-0.0231942697145	-0.0730909030523	0.0307732154514	0.00896551390244	-0.00507562082469	-0.0366481162782	-0.011995756116	0.00935567030103
k__Bacteria;p__Bacteroidetes;c__Bacteroidia;o__Bacteroidales;f__Rikenellaceae;g__Alistipes;s__Alistipes_shahii	-0.0252525102349	-0.029093697345	0.0106756488315	-0.0116761473586	-0.00255732078927	0.003887145419	1.0	0.0216893081374	0.0210960629054	-0.0149216016902	0.0241838507858	-0.0429412020676	0.0141477693753	-0.0419636959562	-0.0214747583439	0.0660559975067	-0.0418993069851	-0.00320340101481	-0.0349950261223	-0.0177483498731	0.0278404888943	0.011160473082	-0.0644897207076	6.23892529021e-05	0.0478024107599	-0.049552475591	-0.0418727851468	0.052389688918	0.000529995413795	0.0289370098184	-0.0300686373414	-0.06200089951	-0.0281181997302	0.0259759813101	0.00166173743101	0.0310456073788	-0.000413896465098	0.0523836701036	-0.0296307345886	-0.0410980342158	-0.00186626488833	0.00381241631256	-0.00644190932347	-0.0225904315457	-0.0372488921332	-0.0053763429973	-0.0116744684556	-0.0230013891063	0.0388426475937	-0.0145027051224	-0.0224928618555	-0.0902800402315	-0.00639815771115	-0.0216812569254	-0.0172443835574	0.0850599308165	-0.0405448520391	-0.0561496911077	-0.0018227873856
k__Bacteria;p__Firmicutes;c__Clostridia;o__Clostridiales;f__Ruminococcaceae;g__Faecalibacterium;s__Faecalibacterium_prausnitzii	-0.0158358751343	-0.0181048878245	-0.0126842749629	0.0239175650879	-0.0456502881963	0.00769633695604	0.0216893081374	1.0	0.0498393831937	0.0146312521438	0.0146795534648	0.0147906622967	0.0122168128681	-0.0689824949426	-0.0483316108711	0.00146241918987	0.0282479989505	-0.0911015010584	-0.051721380009	0.0377577767976	-0.0691018934568	0.0627807621331	-0.0945392457585	0.0056266057019	-0.00183936620842	0.00109995239648	-0.00201592450182	-0.0593707439581	0.00762552076077	-0.0380832408049	0.0339435446493	-0.0152346136096	-0.0295473520883	-0.029795947446	0.00673074527111	0.0690942041057	-0.062749975265	-0.00359858010126	-0.061521423361	0.0336630762929	0.0300095522763	-0.0708978637149	-0.00192603138535	0.0130464995266	0.00156905345274	-0.014452935011	0.0297644487473	-0.0150779336558	0.0135680852618	-0.00232407125445	-0.00694485594432	0.0021111536105	-0.00922086636924	0.00661050228611	0.020097165704	-0.0837471957917	-0.0449192217681	-0.00288333779813	0.0138462842352
k__Bacteria;p__Bacteroidetes;c__Bacteroidia;o__Bacteroidales;f__Rikenellaceae;g__Alistipes;s__Alistipes_finegoldii	-0.000398486845605	-0.0369400464089	0.0147862505432	0.00930025719961	0.0135172320635	0.0548823388566	0.0210960629054	0.0498393831937	1.0	0.0168779479415	0.013727847656	0.00350399889375	0.00788080642075	-0.00106246568264	-0.0425996154937	0.0308307568835	0.0386786059491	-0.0294081650105	0.0426400520888	-0.0149780327015	-0.0484829388084	0.0194522239137	-0.062976394875	-0.00940991262797	-0.028873396131	-0.0194612850798	0.00560109561251	0.0241246131772	-0.00226729570924	0.0264983813803	-0.0112991675877	0.0170378801143	0.0243299816452	-0.00150964545057	-0.00778315150207	-0.0094339191124	0.0184110624745	0.0746881665723	-0.0321929104838	-0.0171753276041	0.031076864215	-0.0176973860315	0.00261170403564	-0.0529600604254	-0.0107413503121	-0.0714274514949	-0.0239552495639	-0.0103349516919	0.0317934858804	-0.0218830856492	0.0637826292244	-0.05874944201	0.00569372639517	-0.0474958839177	-0.0383113324847	0.0223712670327	-0.00639902222385	0.00102929328599	-0.00245621946197
k__Bacteria;p__Bacteroidetes;c__Bacteroidia;o__Bacteroidales;f__Porphyromonadaceae;g__Parabacteroides;s__Parabacteroides_distasonis	0.0132717744515	0.00415106558759	0.00859689644763	0.0172945510232	-0.0017990364599	0.058266215751	-0.0149216016902	0.0146312521438	0.0168779479415	1.0	0.00102310369147	-0.0197972468963	-0.0194191186728	-0.00164064508914	0.00423360954862	-0.037157210845	-0.00844623122276	-0.0147998015903	0.00988687777576	-0.0298457269673	0.0238887770322	-0.0460014496048	-0.0421850082338	-0.0191204303829	-0.0402581323336	-0.0217331354582	-0.0136487941047	-0.0184137261931	0.0305380724543	0.0285295994432	-0.0520658789696	0.00285692859116	-0.000886063642095	0.0285580006829	-0.0187253495923	-0.0118325140431	-0.00774612018482	-0.020618168639	-0.0116082870699	0.0488230435574	-0.0438910392086	-0.0533828527852	-0.0577209349316	-0.00771669404024	-0.0317564654232	-0.0458232710727	0.00694639655955	0.0337956265916	-0.0287541412436	0.0460798192951	0.0560936404269	-0.0103778150089	-0.0411604887255	-0.0367596654048	0.0233527927941	-0.00757520231211	-0.0185723966115	0.034960274583	0.0270619353801
k__Bacteria;p__Bacteroidetes;c__Bacteroidia;o__Bacteroidales;f__Bacteroidaceae;g__Bacteroides;s__Bacteroides_thetaiotaomicron	-0.0521657552821	-0.0118274932135	0.00332284539995	-0.00254050864157	0.00662989631132	0.0261262976287	0.0241838507858	0.0146795534648	0.013727847656	0.00102310369147	1.0	-0.0307754764791	-0.0345191337208	0.0149380723152	-0.111014034599	0.0298052279529	0.0510698281842	-0.0450785696179	-0.0416362459903	-0.0160000934134	-0.0214519794633	-0.04798422606	-0.0224192930305	0.00990185150429	-0.000771145399337	-0.0122539060182	-0.0544652061759	0.0123142978048	0.0179320541146	0.0190751155014	-0.034238299719	0.0089100636147	-0.0187478960632	0.0265816187869	0.0186454605136	0.0289989784331	-0.000178557282223	0.0300725920573	-0.0677797705884	-0.0196178356004	-0.0332314209711	-0.0275344819457	-0.0777075155027	0.00615310535137	-0.0417292363904	0.0390802601929	0.0251090843273	-0.00863443644568	0.0255630192559	-0.0502105159953	-0.0064446193651	-0.0792135962974	0.0144195597464	0.0385663159833	-0.023134270935	-0.0406157413082	0.0137113041109	-0.0451642573649	-0.00749115690556
k__Bacteria;p__Bacteroidetes;c__Bacteroidia;o__Bacteroidales;f__Bacteroidaceae;g__Bacteroides;s__Bacteroides_coprocola	-0.0268667054732	-0.0104816567628	0.0372085324928	-0.0279805397531	-0.0204192961076	-0.00652699644578	-0.0429412020676	0.0147906622967	0.00350399889375	-0.0197972468963	-0.0307754764791	1.0	-0.0295258747656	0.0267736608005	0.00102386683219	-0.0106789605648	-0.0192999883833	-0.0525864125435	-0.0248693191335	-0.0163158830382	-0.00403060854299	-0.047377493742	-0.0503310155605	0.0256068541375	-0.0247105002001	0.0107592249746	-0.0325094385523	0.0138074009485	-0.00913642464451	-0.0800551635763	-0.0160305624203	0.0309966134478	0.00277702349916	0.0140363260222	-0.0101361605854	-0.0237056128222	-0.0153350692341	0.00920918391368	-0.0704206493367	0.0158140573335	0.0208802679297	-0.00843243826031	-0.00434968492029	0.0120088028259	0.0644564260711	-0.0271380412679	-0.0759398611633	0.0377708071955	0.0147083379336	0.0091773215993	0.0418527194041	0.00827493445574	-0.0106579105557	0.00152450446361	0.0161167726953	0.0141045799533	-0.0177474325075	-0.0151788982525	0.0170129775545
k__Bacteria;p__Bacteroidetes;c__Bacteroidia;o__Bacteroidales;f__Bacteroidaceae;g__Bacteroides;s__Bacteroides_cellulosilyticus	-0.00375736342908	-0.000877946438562	-0.0591745891898	-0.0220344421676	-0.0370920518054	0.0194121006708	0.0141477693753	0.0122168128681	0.00788080642075	-0.0194191186728	-0.0345191337208	-0.0295258747656	1.0	-0.00237118632689	0.00539638646071	0.0506095780793	0.00673475967697	0.0275270287965	0.0689821053076	-0.0293879106251	-0.00866751865224	-0.0162127554895	0.0222357989531	-0.0679980646339	-0.0359514883767	-0.0851472774096	-0.0114435776926	-0.0425046326788	0.0250535109476	-0.0703481681219	0.0299063532889	0.00200731132268	-0.00398983616275	0.0015915965534	-0.044457480959	0.0035419719967	-0.0458452533247	-0.0318765895536	-0.017663310976	-0.0229045178532	0.00744649313013	0.0369468906405	0.00194685518865	-0.0336497300705	-0.00931683962839	0.0153978181036	-0.0181381479672	-0.032104253513	-0.0174178557511	0.0233471877502	-0.0154121945665	-0.0586153606591	0.0423482613681	-0.0400387863253	-0.019833815427	-0.0083847305739	0.0216792057024	0.0166406991298	-0.0497191423863
k__Bacteria;p__Bacteroidetes;c__Bacteroidia;o__Bacteroidales;f__Rikenellaceae;g__Alistipes;s__Alistipes_obesi	0.00789154876285	-0.053343164157	-0.0247291546544	-0.0501348754121	-0.0150644119712	-0.0416362048213	-0.0419636959562	-0.0689824949426	-0.00106246568264	-0.00164064508914	0.0149380723152	0.0267736608005	-0.00237118632689	1.0	-0.0399909671602	0.0339907438476	-0.0205101549122	0.0115226022676	-0.0393300126863	0.01959599291	0.00811379493668	0.00598126977305	0.0471411595075	0.00602271580152	-0.0452451754314	-0.0224366685498	0.00805896544462	0.0299966680923	0.0261138895911	-0.00956444512304	-0.0338084847243	-0.0124207958112	-0.00744779602324	-0.00263970102895	0.00429252977888	-0.00821277527051	0.0140821825178	-7.25692792069e-05	0.00546375670388	-0.0229164820555	-0.0136969648127	-0.0288102749764	-0.0898881973349	-0.0128654424402	0.0588642706537	-0.00183336123423	0.0373061356247	0.0302855316111	0.0116931007493	0.0073445125852	-0.0118483627259	0.00510166795233	0.0116498993679	-0.0434789721381	-0.070780744591	-0.0279329807205	0.0181814158419	-0.0452669872131	-0.0475951458384
k__Bacteria;p__Firmicutes;c__Clostridia;o__Clostridiales;f__Lachnospiraceae;g__;s__[Eubacterium]_rectale	-0.000874550645678	-0.0352905360146	0.00262255364635	-0.027310200197	-0.0298125734548	-0.00589428436647	-0.0214747583439	-0.0483316108711	-0.0425996154937	0.00423360954862	-0.111014034599	0.00102386683219	0.00539638646071	-0.0399909671602	1.0	0.00818905236454	-0.00582726359133	-0.0219754712757	-0.0437663214646	-0.0219533005936	-0.02929632738	0.00435498082629	0.0202328137538	-0.0445775657594	0.00392167341715	-0.0325636947964	-0.0189696931071	-0.00835850387276	-0.00869347243387	-0.0722772476582	-0.0106506002289	0.00729330290661	-0.0144179639491	0.0126708008168	-0.0578435040253	-0.0204610508044	0.0665140602665	-0.042673461071	0.0364936975206	-0.00728066405834	0.0404606819337	0.0258975807464	-0.045235919374	-0.0261468648189	-0.0288089808989	0.0233618274074	-0.0220292316799	0.048918297644	0.0277684148131	0.00445611390598	0.0311988939959	-0.0493798918191	-0.0169897818967	-0.000932542537662	-0.0394376442179	0.0131584214325	-0.0349563979853	-0.0257473481122	-0.000657945427479
k__Bacteria;p__Bacteroidetes;c__Bacteroidia;o__Bacteroidales;f__Bacteroidaceae;g__Bacteroides;s__Bacteroides_plebeius	-0.0395602333707	-0.0436767051435	-0.00716374561197	-0.0205578889305	-0.0350352050615	0.00993299226111	0.0660559975067	0.00146241918987	0.0308307568835	-0.037157210845	0.0298052279529	-0.0106789605648	0.0506095780793	0.0339907438476	0.00818905236454	1.0	-0.0550764313155	-0.0442260432689	0.0367510608	-0.111322836583	0.00128896149965	0.00102685464252	-0.00267101774629	-0.00113932836312	0.00905676534518	-0.0315098786044	0.0193749411597	-0.0353297001512	-0.0338172589139	0.00466058136104	-0.0102735596334	-0.0633769118747	-0.00394705829014	0.0747637904699	-0.0167609131589	-0.0233308875913	0.0135777235378	-0.0448941001978	-0.0212505393001	-0.0111113761798	-0.00458168314954	-0.0176616711545	0.0607486592921	0.0275542640466	-0.0132915638253	-0.00483217831444	-0.00344872340837	0.033401819043	0.00944991289352	-0.0178772132347	-0.0378073642282	0.00625860932244	0.000231829036807	-0.00629245788378	0.0511917841232	-0.0423680316659	-0.0117615540648	-0.0148499757014	-0.0141792740159
k__Bacteria;p__Bacteroidetes;c__Bacteroidia;o__Bacteroidales;f__Bacteroidaceae;g__Bacteroides;s__Bacteroides_fragilis	-0.0713946157436	0.019642908506	0.00609068371178	-0.033286986668	0.0539752892569	-0.0459101300628	-0.0418993069851	0.0282479989505	0.0386786059491	-0.00844623122276	0.0510698281842	-0.0192999883833	0.00673475967697	-0.0205101549122	-0.00582726359133	-0.0550764313155	1.0	0.00910560500395	-0.0502445573421	0.0622766244097	0.0096106255614	0.0253461437375	0.0262993369716	-0.0342756234818	-0.0255837356257	-0.0342639990956	-0.0333541327776	-0.0197258066323	-0.028721936886	-0.0600662440993	0.00167186887854	-0.0105121826871	-0.00610553780383	0.0061872631202	0.0270151893846	0.00819240325662	-0.062572748464	0.0109556012834	0.0793318228212	0.0417720957615	-0.0168525669996	-0.00257962106418	0.0530069012011	0.00945135278952	0.0091206347142	-0.00809869447406	0.0134176485514	-0.0312485997705	0.00223579529457	-0.0131496984117	0.00766921834314	-0.0118244316274	-0.00960806597438	-0.0225273347301	-0.045863831235	-0.0719293865429	-0.0109158478192	0.02209793056	-0.0419550420987
k__Bacteria;p__Proteobacteria;c__Betaproteobacteria;o__Burkholderiales;f__Sutterellaceae;g__Sutterella;s__Sutterella_wadsworthensis	0.0297109907302	0.0241552377809	0.0291058673577	-0.0904796880698	-0.0228158186821	0.0614965520138	-0.00320340101481	-0.0911015010584	-0.0294081650105	-0.0147998015903	-0.0450785696179	-0.0525864125435	0.0275270287965	0.0115226022676	-0.0219754712757	-0.0442260432689	0.00910560500395	1.0	-0.0184394396949	0.0605008419349	-0.0188962552905	-0.0287959847955	0.0326958222886	0.00383541195989	-0.0585129915752	-0.00448151766398	-0.0601325895858	0.00893709217081	-0.0453488411078	-0.00686001472415	-0.00397028709779	-0.0517393102885	-0.010768498144	-0.0239144049173	-0.0581358470026	-0.0422173524804	-0.040637735429	0.0282160685352	-0.0137012884627	-0.0278639852209	0.00692792641586	0.00724538791624	0.0233436766681	0.00153322988489	-0.0109024656282	-0.0214877982631	-0.0171738002949	-0.0113961478448	-0.0251986222769	-0.00517123632314	0.00221577686497	0.043950108472	0.00645900709785	-0.0161678657597	-0.0195597789983	0.0196537804435	-0.0127555406879	0.0641589390818	0.00280291159492
k__Bacteria;p__Bacteroidetes;c__Bacteroidia;o__Bacteroidales;f__Porphyromonadaceae;g__Barnesiella;s__Barnesiella_intestinihominis	0.0447560724408	0.00953099490982	-0.0186031720794	-0.00418711155478	0.0264876190402	0.0055597215091	-0.0349950261223	-0.051721380009	0.0426400520888	0.00988687777576	-0.0416362459903	-0.0248693191335	0.0689821053076	-0.0393300126863	-0.0437663214646	0.0367510608	-0.0502445573421	-0.0184394396949	1.0	0.0382245207716	-0.00431357506833	-0.0571931291087	0.0274696755878	0.0042159069189	-0.0237041594028	0.0673221832786	0.0042948556171	-0.00669668664417	0.042951071796	0.00296875484594	-0.0480262323178	-0.0138103053918	0.0177845858636	-0.0108232821197	-0.0326596015768	0.0100953575391	-0.00406523008452	0.0241963951218	0.0192695158223	-0.0410089337644	-0.0046915800104	-0.0314563622129	-0.0269697647267	0.0299747489949	0.00329776673958	0.013508358678	0.00411813800662	-0.0116988083447	0.0176536579308	0.000107071687381	-0.0210218243999	-0.104778760445	0.00257688943677	-0.00161113380731	0.0184748538638	-0.0321918397053	-0.0268213239292	0.0438567835931	-0.012166700897
k__Bacteria;p__Bacteroidetes;c__Bacteroidia;o__Bacteroidales;f__Odoribacteraceae;g__Odoribacter;s__Odoribacter_splanchnicus	-0.0394658659226	0.0347692812946	-0.0237369526054	-0.0250377908727	-0.00929505378314	0.0467571113176	-0.0177483498731	0.0377577767976	-0.0149780327015	-0.0298457269673	-0.0160000934134	-0.0163158830382	-0.0293879106251	0.01959599291	-0.0219533005936	-0.111322836583	0.0622766244097	0.0605008419349	0.0382245207716	1.0	-0.00709579939016	-0.0460004341581	0.0290588431833	-0.0261139831256	0.0462901235732	-0.0306548481071	-0.0396330025409	-0.0274996344681	-0.0090963115185	-0.00140756670203	0.0165121684146	0.0324375435666	-0.0747350077573	-0.015939465787	0.0327517369874	-0.0127137785921	0.0228410554166	-0.0103395577337	-0.0360802809551	-0.00168967038177	0.0201797782557	0.0653093119052	-0.0551203225138	-0.00394559043123	-0.0154637411537	-0.0268764367497	-0.00302112353359	-0.0198269807607	0.0248751950231	-0.0793723978569	-0.032079113799	-0.019863938174	0.0302950763809	0.00166716054496	-0.00521288594139	0.0137562226699	-0.00583463219453	0.0118554368794	-4.12435173134e-05
k__Bacteria;p__Bacteroidetes;c__Bacteroidia;o__Bacteroidales;f__Bacteroidaceae;g__Bacteroides;s__Bacteroides_salyersiae	0.037531371098	0.0129691383042	-0.0610190624963	0.0487653035085	-0.0139797235678	0.007382832538	0.0278404888943	-0.0691018934568	-0.0484829388084	0.0238887770322	-0.0214519794633	-0.00403060854299	-0.00866751865224	0.00811379493668	-0.02929632738	0.00128896149965	0.0096106255614	-0.0188962552905	-0.00431357506833	-0.00709579939016	1.0	0.0118978617486	0.057384240728	-0.0825333080004	-0.0633809224815	-0.00491676453997	0.0345989737367	-0.0157788603931	0.00277431107592	0.0115060585227	0.021827181386	0.0149289402532	-0.0315630423173	0.0298926799196	-0.0575734253876	-0.0241593204945	0.00961867621755	-0.0637112943137	0.00739634086911	-0.0263903160641	-0.0524857603791	0.00152550717883	-0.0345227229409	-0.0748054170778	0.0225662524222	0.011691329202	-0.0122830798604	-0.0273737912784	-0.0103033871344	-0.0131101898574	0.0368066595601	-0.0251190446905	0.0228682727171	-0.0149328292227	0.0556284798082	-0.0234765775313	0.0456667208594	-0.0931007398093	0.0125372951645
k__Bacteria;p__Firmicutes;c__Clostridia;o__Clostridiales;f__Ruminococcaceae;g__Ruminiclostridium;s__[Eubacterium]_siraeum	-0.00961720792193	-0.0320975908537	0.000512520089368	-0.0027820003474	-0.0211731345244	-0.00459074522197	0.011160473082	0.0627807621331	0.0194522239137	-0.0460014496048	-0.04798422606	-0.047377493742	-0.0162127554895	0.00598126977305	0.00435498082629	0.00102685464252	0.0253461437375	-0.0287959847955	-0.0571931291087	-0.0460004341581	0.0118978617486	1.0	-0.0258954046028	-0.0358474069484	0.00527198813625	-0.0367524335423	0.0148256645675	-0.00447817640117	0.0194553278386	0.0242890412225	0.0427503304874	-0.0460757702239	0.0166970276462	-0.0169078863495	-0.0151693798017	0.0201084930909	-0.00741496444445	0.00653564302748	0.0456886897821	-0.0109135877836	-0.0189489330255	0.0400633204317	-0.0171942284492	-0.00200692362208	-0.00347203096993	0.00626821857051	0.0195057565496	0.00948776640428	-0.0389569031607	-0.0410556752626	-0.0334088320356	0.0268115197081	-0.000664308436549	-0.0257828939595	-0.0189051910147	-0.0473431063759	-0.0124237728249	-0.0599508368897	-0.00949320505947
k__Bacteria;p__Proteobacteria;c__Betaproteobacteria;o__Burkholderiales;f__Sutterellaceae;g__Parasutterella;s__Parasutterella_excrementihominis	0.0220959874734	-0.0230591502695	-0.0202192924137	-0.0387302888879	-0.00622095580498	0.011566618965	-0.0644897207076	-0.0945392457585	-0.062976394875	-0.0421850082338	-0.0224192930305	-0.0503310155605	0.0222357989531	0.0471411595075	0.0202328137538	-0.00267101774629	0.0262993369716	0.0326958222886	0.0274696755878	0.0290588431833	0.057384240728	-0.0258954046028	1.0	0.000904257469409	-0.0154201232972	0.00835191267048	0.0032283704211	0.0301598253654	-0.0265338129547	-0.0150635572419	-0.0155256136525	0.0171210405449	0.0172200359651	-0.0339827233256	-0.0543614649519	0.0110016235016	-0.0274422637354	-0.050996982636	-0.000584982308221	-0.0619036407017	-0.0147446357416	-0.0460082107263	0.0234130088803	0.0145691650321	-0.0309043584829	0.0523462701376	0.0229279311155	-0.0476288270127	-0.0206675019191	-0.0250644182022	-0.0230252919557	-0.0314081151053	0.0198880945373	0.0225707082985	-0.00748291914392	0.0169039172335	0.00432369386814	-0.0154459655807	0.0149319311936
k__Bacteria;p__Actinobacteria;c__Actinobacteria;o__Bifidobacteriales;f__Bifidobacteriaceae;g__Bifidobacterium;s__Bifidobacterium_adolescentis	0.00071175485634	-0.0647386732947	0.0498628358453	-0.0456304880122	0.00446334172419	0.0296296386842	6.23892529021e-05	0.0056266057019	-0.00940991262797	-0.0191204303829	0.00990185150429	0.0256068541375	-0.0679980646339	0.00602271580152	-0.0445775657594	-0.00113932836312	-0.0342756234818	0.00383541195989	0.0042159069189	-0.0261139831256	-0.0825333080004	-0.0358474069484	0.000904257469409	1.0	-0.0571985186047	-0.0206552859165	0.00677185477679	-0.0163896410956	-0.0170762284932	-0.0153838637132	-0.0177918176894	-0.0101550661102	-0.0129843581158	-0.0339571757203	0.0464179635714	-0.050051074079	-0.062738098238	0.0635181026725	-0.0303916860643	-0.0128666337699	-0.0209310761758	0.0778831283692	-0.03143459663	0.0467637500339	0.0109640593239	-0.0429102001552	0.000283624309493	-0.0529958003949	-0.0584241380049	0.0289996914704	-0.0200688907644	-0.00511307869212	-0.0290526553123	0.0175398598234	0.00159395877809	0.0084098122483	-0.0364815518656	0.00728182720664	0.00594592123982
k__Bacteria;p__Firmicutes;c__Clostridia;o__Clostridiales;f__Oscillospiraceae;g__Oscillibacter;s__Oscillibacter_sp._KLE_1745	-0.046357461536	-0.000620483795746	0.0327452599058	-0.0593641106515	0.0109117342033	0.00336795149619	0.0478024107599	-0.00183936620842	-0.028873396131	-0.0402581323336	-0.000771145399337	-0.0247105002001	-0.0359514883767	-0.0452451754314	0.00392167341715	0.00905676534518	-0.0255837356257	-0.0585129915752	-0.0237041594028	0.0462901235732	-0.0633809224815	0.00527198813625	-0.0154201232972	-0.0571985186047	1.0	0.0355148259108	-0.0341432743685	0.0527470338391	0.0172183369104	0.0355484648542	0.0618979701318	0.00168842049176	0.00809120242805	0.0384124574323	8.94543580267e-05	0.0177599105789	0.0290125499707	-0.0173007136919	0.0214648300993	-0.0153786204866	-0.0159959452547	-0.035365390408	-0.0568566018458	-0.020877209435	0.0357340646697	-0.0186505219843	0.0166332509002	-0.0242846881401	0.0223907728047	-0.00576755117417	-0.00892719251676	0.0455508541348	-0.0385423685973	-0.00809590017787	-0.022293943248	-0.0396398237558	-0.0280177489392	0.0331326720823	-0.00214293506756
k__Bacteria;p__Bacteroidetes;c__Bacteroidia;o__Bacteroidales;f__Bacteroidaceae;g__Bacteroides;s__Bacteroides_coprophilus	0.0166242177409	-0.0114488808161	-0.00472704813591	-0.00525721149687	-0.0172379665541	-0.0403046819113	-0.049552475591	0.00109995239648	-0.0194612850798	-0.0217331354582	-0.0122539060182	0.0107592249746	-0.0851472774096	-0.0224366685498	-0.0325636947964	-0.0315098786044	-0.0342639990956	-0.00448151766398	0.0673221832786	-0.0306548481071	-0.00491676453997	-0.0367524335423	0.00835191267048	-0.0206552859165	0.0355148259108	1.0	-0.00832564416717	0.035347242339	-0.00311598528359	0.0385183332156	0.00469382770028	0.03187497695	-0.0132151989016	-0.0817087343626	-0.0816598673271	0.00466714948285	0.0461218409679	-0.000211418653166	0.0115950815827	-0.00251927325577	-0.0584797939417	0.00663429261192	0.0244117183654	0.0193353089103	0.00578355720181	0.0165813167809	0.0124758710378	-0.00988441064012	0.00121262778735	-0.0483283456358	-0.0257775470085	0.0206146938585	-0.0219408981962	-0.0309280840059	0.0206245729335	-0.0259787817192	-0.0111946596749	0.0168161246494	-0.0132686511583
k__Bacteria;p__Firmicutes;c__Clostridia;o__Clostridiales;f__Lachnospiraceae;g__Roseburia;s__Roseburia_intestinalis	0.00932254758536	0.0130364933885	-0.00490206917482	-5.58995943432e-05	-0.0184168462883	0.0213872321102	-0.0418727851468	-0.00201592450182	0.00560109561251	-0.0136487941047	-0.0544652061759	-0.0325094385523	-0.0114435776926	0.00805896544462	-0.0189696931071	0.0193749411597	-0.0333541327776	-0.0601325895858	0.0042948556171	-0.0396330025409	0.0345989737367	0.0148256645675	0.0032283704211	0.00677185477679	-0.0341432743685	-0.00832564416717	1.0	-0.00153748564113	-0.0441645988769	0.0327002280189	-0.0261324310941	-0.0364301280248	-0.00456228164994	-0.00590235889687	0.0321099850929	-0.0306993177021	0.0572941424317	-0.0495330829468	0.0387028457418	0.029718842473	0.0547480584812	-0.00427472068065	-0.0414945303219	-0.0131530340307	-0.0145777728069	0.034321258509	-0.0507741519054	-0.0281911621275	-0.0140748928066	-0.0371856657437	0.000225133494108	-0.0196684145727	0.0380312717955	0.023982433349	0.000461249181357	-0.0277508551438	-0.0135616115547	-0.00606606910162	0.0037023500116
k__Bacteria;p__Firmicutes;c__Clostridia;o__Clostridiales;f__Lachnospiraceae;g__Roseburia;s__Roseburia_hominis	-0.0282558947474	0.00445401151932	-0.0308622128805	-0.0189110774078	0.00443773914524	-0.0221494264183	0.052389688918	-0.0593707439581	0.0241246131772	-0.0184137261931	0.0123142978048	0.0138074009485	-0.0425046326788	0.0299966680923	-0.00835850387276	-0.0353297001512	-0.0197258066323	0.00893709217081	-0.00669668664417	-0.0274996344681	-0.0157788603931	-0.00447817640117	0.0301598253654	-0.0163896410956	0.0527470338391	0.035347242339	-0.00153748564113	1.0	-0.0458002635958	-0.0166430431407	-0.0205207643915	-0.0132141702492	-0.0190526108209	-0.0128779455963	-0.0344497639255	-0.00825799713822	0.0211076628479	-0.0073328325662	0.0129637748662	-0.0127095445568	-0.00813185159418	-0.0123551100331	0.0346852274256	-0.0443294256364	-0.0215367224239	0.00443669002382	-0.0191867995575	0.0309460585932	0.0100665640934	-0.00975432487999	-0.0151074614181	-0.0130087770298	-0.00179361428385	0.00643603821899	-0.00819505453552	0.00220534553492	0.0256644259928	-0.0116498206242	0.0180862469684
k__Bacteria;p__Bacteroidetes;c__Bacteroidia;o__Bacteroidales;f__Porphyromonadaceae;g__Parabacteroides;s__Parabacteroides_johnsonii	-0.0104259893836	0.00363091351489	-0.0217795841098	-0.0286931080779	0.00154668873335	-0.0589556248884	0.000529995413795	0.00762552076077	-0.00226729570924	0.0305380724543	0.0179320541146	-0.00913642464451	0.0250535109476	0.0261138895911	-0.00869347243387	-0.0338172589139	-0.028721936886	-0.0453488411078	0.042951071796	-0.0090963115185	0.00277431107592	0.0194553278386	-0.0265338129547	-0.0170762284932	0.0172183369104	-0.00311598528359	-0.0441645988769	-0.0458002635958	1.0	-0.0031918932623	-0.0155720454798	0.011749597552	-0.049114266587	0.0121707919092	0.0151084864987	0.0013541355355	0.0161455250067	-0.0395022499812	0.0308483689828	0.0331842289067	-0.0390881609864	0.0327719399024	0.0624767224179	-0.030854931433	-0.00619987244833	0.00385088482744	-0.0821953268076	-0.0353728952007	-0.0241845904285	-0.0261590921069	-0.0296006507458	-0.0244289867245	-0.048567178143	-0.000864015120934	-0.0395622113639	0.00389506166364	-0.00599474648854	-0.0200006243536	0.00858493707125
