#taxonomy	k__Bacteria;p__Bacteroidetes;c__Bacteroidia;o__Bacteroidales;f__Bacteroidaceae;g__Bacteroides;s__Bacteroides_vulgatus	k__Bacteria;p__Bacteroidetes;c__Bacteroidia;o__Bacteroidales;f__Bacteroidaceae;g__Bacteroides;s__Bacteroides_uniformis	k__Bacteria;p__Bacteroidetes;c__Bacteroidia;o__Bacteroidales;f__Rikenellaceae;g__Alistipes;s__Alistipes_putredinis	k__Bacteria;p__Bacteroidetes;c__Bacteroidia;o__Bacteroidales;f__Prevotellaceae;g__Prevotella;s__Prevotella_copri	k__Bacteria;p__Bacteroidetes;c__Bacteroidia;o__Bacteroidales;f__Bacteroidaceae;g__Bacteroides;s__Bacteroides_stercoris	k__Bacteria;p__Bacteroidetes;c__Bacteroidia;o__Bacteroidales;f__Bacteroidaceae;g__Bacteroides;s__Bacteroides_ovatus	k__Bacteria;p__Bacteroidetes;c__Bacteroidia;o__Bacteroidales;f__Rikenellaceae;g__Alistipes;s__Alistipes_shahii	k__Bacteria;p__Firmicutes;c__Clostridia;o__Clostridiales;f__Ruminococcaceae;g__Faecalibacterium;s__Faecalibacterium_prausnitzii	k__Bacteria;p__Bacteroidetes;c__Bacteroidia;o__Bacteroidales;f__Rikenellaceae;g__Alistipes;s__Alistipes_finegoldii	k__Bacteria;p__Bacteroidetes;c__Bacteroidia;o__Bacteroidales;f__Porphyromonadaceae;g__Parabacteroides;s__Parabacteroides_distasonis	k__Bacteria;p__Bacteroidetes;c__Bacteroidia;o__Bacteroidales;f__Bacteroidaceae;g__Bacteroides;s__Bacteroides_thetaiotaomicron	k__Bacteria;p__Bacteroidetes;c__Bacteroidia;o__Bacteroidales;f__Bacteroidaceae;g__Bacteroides;s__Bacteroides_coprocola	k__Bacteria;p__Bacteroidetes;c__Bacteroidia;o__Bacteroidales;f__Bacteroidaceae;g__Bacteroides;s__Bacteroides_cellulosilyticus	k__Bacteria;p__Bacteroidetes;c__Bacteroidia;o__Bacteroidales;f__Rikenellaceae;g__Alistipes;s__Alistipes_obesi	k__Bacteria;p__Firmicutes;c__Clostridia;o__Clostridiales;f__Lachnospiraceae;g__;s__[Eubacterium]_rectale	k__Bacteria;p__Bacteroidetes;c__Bacteroidia;o__Bacteroidales;f__Bacteroidaceae;g__Bacteroides;s__Bacteroides_plebeius	k__Bacteria;p__Bacteroidetes;c__Bacteroidia;o__Bacteroidales;f__Bacteroidaceae;g__Bacteroides;s__Bacteroides_fragilis	k__Bacteria;p__Proteobacteria;c__Betaproteobacteria;o__Burkholderiales;f__Sutterellaceae;g__Sutterella;s__Sutterella_wadsworthensis	k__Bacteria;p__Bacteroidetes;c__Bacteroidia;o__Bacteroidales;f__Porphyromonadaceae;g__Barnesiella;s__Barnesiella_intestinihominis	k__Bacteria;p__Bacteroidetes;c__Bacteroidia;o__Bacteroidales;f__Odoribacteraceae;g__Odoribacter;s__Odoribacter_splanchnicus	k__Bacteria;p__Bacteroidetes;c__Bacteroidia;o__Bacteroidales;f__Bacteroidaceae;g__Bacteroides;s__Bacteroides_salyersiae	k__Bacteria;p__Firmicutes;c__Clostridia;o__Clostridiales;f__Ruminococcaceae;g__Ruminiclostridium;s__[Eubacterium]_siraeum	k__Bacteria;p__Proteobacteria;c__Betaproteobacteria;o__Burkholderiales;f__Sutterellaceae;g__Parasutterella;s__Parasutterella_excrementihominis	k__Bacteria;p__Actinobacteria;c__Actinobacteria;o__Bifidobacteriales;f__Bifidobacteriaceae;g__Bifidobacterium;s__Bifidobacterium_adolescentis	k__Bacteria;p__Firmicutes;c__Clostridia;o__Clostridiales;f__Oscillospiraceae;g__Oscillibacter;s__Oscillibacter_sp._KLE_1745	k__Bacteria;p__Bacteroidetes;c__Bacteroidia;o__Bacteroidales;f__Bacteroidaceae;g__Bacteroides;s__Bacteroides_coprophilus	k__Bacteria;p__Firmicutes;c__Clostridia;o__Clostridiales;f__Lachnospiraceae;g__Roseburia;s__Roseburia_intestinalis	k__Bacteria;p__Firmicutes;c__Clostridia;o__Clostridiales;f__Lachnospiraceae;g__Roseburia;s__Roseburia_hominis	k__Bacteria;p__Bacteroidetes;c__Bacteroidia;o__Bacteroidales;f__Porphyromonadaceae;g__Parabacteroides;s__Parabacteroides_johnsonii	k__Bacteria;p__Actinobacteria;c__Actinobacteria;o__Bifidobacteriales;f__Bifidobacteriaceae;g__Bifidobacterium;s__Bifidobacterium_longum	k__Bacteria;p__Firmicutes;c__Clostridia;o__Clostridiales;f__;g__Flavonifractor;s__Flavonifractor_plautii	k__Bacteria;p__Firmicutes;c__Clostridia;o__Clostridiales;f__Clostridiaceae;g__Clostridium;s__Clostridium_phoceensis	k__Bacteria;p__Verrucomicrobia;c__Verrucomicrobiae;o__Verrucomicrobiales;f__Akkermansiaceae;g__Akkermansia;s__Akkermansia_muciniphila	k__Bacteria;p__Bacteroidetes;c__Bacteroidia;o__Bacteroidales;f__Prevotellaceae;g__Paraprevotella;s__Paraprevotella_xylaniphila	k__Bacteria;p__Firmicutes;c__Clostridia;o__Clostridiales;f__Ruminococcaceae;g__Ruminococcus;s__Ruminococcus_callidus	k__Bacteria;p__Bacteroidetes;c__Bacteroidia;o__Bacteroidales;f__Rikenellaceae;g__Alistipes;s__Alistipes_senegalensis	k__Bacteria;p__Firmicutes;c__Clostridia;o__Clostridiales;f__Lachnospiraceae;g__Blautia;s__Blautia_sp._KLE_1732	k__Bacteria;p__Bacteroidetes;c__Bacteroidia;o__Bacteroidales;f__Bacteroidaceae;g__Bacteroides;s__Bacteroides_oleiciplenus	k__Bacteria;p__Firmicutes;c__Clostridia;o__Clostridiales;f__Ruminococcaceae;g__Ruminococcus;s__Ruminococcus_bicirculans	k__Bacteria;p__Bacteroidetes;c__Bacteroidia;o__Bacteroidales;f__Bacteroidaceae;g__Bacteroides;s__Bacteroides_fluxus	k__Bacteria;p__Bacteroidetes;c__Bacteroidia;o__Bacteroidales;f__Prevotellaceae;g__Prevotella;s__Prevotella_stercorea	k__Bacteria;p__Firmicutes;c__Clostridia;o__Clostridiales;f__Lachnospiraceae;g__Dorea;s__Dorea_longicatena	k__Bacteria;p__Firmicutes;c__Clostridia;o__Clostridiales;f__Eubacteriaceae;g__Eubacterium;s__[Eubacterium]_eligens	k__Bacteria;p__Firmicutes;c__Clostridia;o__Clostridiales;f__Ruminococcaceae;g__;s__Ruminococcaceae_bacterium_D16	k__Bacteria;p__Firmicutes;c__Clostridia;o__Clostridiales;f__Lachnospiraceae;g__Coprococcus;s__Coprococcus_comes	k__Bacteria;p__Proteobacteria;c__Gammaproteobacteria;o__Enterobacterales;f__Enterobacteriaceae;g__Escherichia;s__Escherichia_coli	k__Bacteria;p__Firmicutes;c__Clostridia;o__Clostridiales;f__Ruminococcaceae;g__Anaerotruncus;s__Anaerotruncus_colihominis	k__Bacteria;p__Firmicutes;c__Clostridia;o__Clostridiales;f__Lachnospiraceae;g__Blautia;s__Blautia_obeum	k__Bacteria;p__Bacteroidetes;c__Bacteroidia;o__Bacteroidales;f__Odoribacteraceae;g__Odoribacter;s__Odoribacter_laneus	k__Bacteria;p__Firmicutes;c__Clostridia;o__Clostridiales;f__Ruminococcaceae;g__Ruminiclostridium;s__[Clostridium]_leptum	k__Bacteria;p__Bacteroidetes;c__Bacteroidia;o__Bacteroidales;f__Porphyromonadaceae;g__Parabacteroides;s__Parabacteroides_goldsteinii	k__Bacteria;p__Firmicutes;c__Clostridia;o__Clostridiales;f__Lachnospiraceae;g__Anaerostipes;s__Anaerostipes_hadrus	k__Bacteria;p__Firmicutes;c__Clostridia;o__Clostridiales;f__Ruminococcaceae;g__Ruminococcus;s__Ruminococcus_lactaris	k__Bacteria;p__Firmicutes;c__Clostridia;o__Clostridiales;f__Clostridiaceae;g__Clostridium;s__Clostridium_sp._L2-50	k__Bacteria;p__Firmicutes;c__Clostridia;o__Clostridiales;f__Clostridiaceae;g__Clostridium;s__Clostridium_sp._M62/1	k__Bacteria;p__Firmicutes;c__Clostridia;o__Clostridiales;f__;g__Intestinimonas;s__Intestinimonas_butyriciproducens	k__Bacteria;p__Actinobacteria;c__Actinobacteria;o__Bifidobacteriales;f__Bifidobacteriaceae;g__Bifidobacterium;s__Bifidobacterium_bifidum	k__Bacteria;p__Firmicutes;c__Negativicutes;o__Veillonellales;f__Veillonellaceae;g__Dialister;s__Dialister_invisus	k__Bacteria;p__Bacteroidetes;c__Bacteroidia;o__Bacteroidales;f__Bacteroidaceae;g__Bacteroides;s__Bacteroides_salanitronis
k__Bacteria;p__Bacteroidetes;c__Bacteroidia;o__Bacteroidales;f__Bacteroidaceae;g__Bacteroides;s__Bacteroides_vulgatus	1.0	0.0123209917448	-0.00816615124575	0.0224637884498	-0.0185872721075	-0.0383389071067	-0.0107292946602	-0.00764773820883	0.0420860101538	-0.0285771818802	-0.00274644742946	0.0545256959659	0.0236213730938	-0.0164076752117	-0.00530375324212	0.050206059341	0.00689267684269	0.0645039081542	0.0419624594638	0.0395379227363	0.00538776177538	0.00739339253759	-0.0247556838693	0.0417076557493	-0.0175314545868	0.0338499343407	-0.0365098015031	-0.0812197898809	-0.00331293825731	-0.00350570960885	0.00683919297876	-0.0471187079264	0.0401480597805	0.0326234149159	0.0412635217826	-0.0489221615916	0.0213262086854	-0.0397806149705	-0.0076891535715	-0.0115874368063	-0.0555790851777	-0.0548988432277	0.00652193276782	-0.022905928729	-0.0461623893162	-0.0277829033245	-0.0644563864047	-0.0407762725636	-0.0367550840173	-0.000648935784192	0.0458878455716	0.0119021860995	0.0403128927604	-0.0298146993947	-0.0364670021208	0.0177041305688	-0.024021967515	0.0282877204064	-0.0106523074599
k__Bacteria;p__Bacteroidetes;c__Bacteroidia;o__Bacteroidales;f__Bacteroidaceae;g__Bacteroides;s__Bacteroides_uniformis	0.0123209917448	1.0	-0.0709373527448	0.016718938635	-0.0019407802555	-0.0142308864025	0.0104411051487	0.0429058016893	-0.0631166945225	-0.0104251423591	0.0419059915524	0.0337127277256	0.024557014309	-0.0278413207575	-0.0289129972449	-0.00117942930442	0.0385568447187	-0.0272108063872	-0.0144785992548	-0.0207068335701	-0.02285125929	0.023552965114	0.0824155752392	-0.0179433422028	0.0181072528051	0.00474808368564	-0.010404544178	0.017800644569	-0.0668649108391	-0.0532659948905	-0.0227714645096	0.0189527495479	0.0187823964546	0.0585237993132	0.00183225362919	0.0299004686268	0.00705743263357	-0.0395242138017	-0.0527105487595	0.0278799089779	0.0111753020932	0.0137602333484	-0.0395153611767	-0.0407055977769	-0.0532020357104	0.00204726705508	-0.0115550761308	0.0406886034101	0.0243109840379	0.0154387512981	0.0277313430331	-0.0354043725463	0.0149615436558	-0.029817033931	0.0224608198254	-0.00797272598159	0.0102495418492	-0.00812656523922	0.00481573178035
k__Bacteria;p__Bacteroidetes;c__Bacteroidia;o__Bacteroidales;f__Rikenellaceae;g__Alistipes;s__Alistipes_putredinis	-0.00816615124575	-0.0709373527448	1.0	-0.057730186249	-0.025486684977	0.0180484654213	0.03697272361	-0.00701440823889	0.00177246973846	-0.0196795928913	0.0222769000811	0.0154406969415	-0.0188061782346	-0.0178316051603	-0.0226946829743	-0.0399406847895	-0.00445040708546	-0.00180929218207	-0.00384896990787	-0.0392493999217	-0.00633897152335	0.0554784293996	-0.0203824642083	-0.0107486800595	0.0279818618621	-0.00737004581312	-0.0200622643593	0.0108546964536	0.0441851755984	0.0354470336388	-0.0160922930663	-0.0292810292804	-0.0613415562539	0.0213203887957	-0.00901095096523	-0.0127159636545	0.0184872977719	0.00044078932133	-0.0254514404401	-0.0373454602802	-0.0341356837449	-0.0119758278843	-0.0428536186541	-0.0287350296255	0.0136018031408	0.0588828971964	0.0368558907765	-0.0357510925811	0.0418274609938	0.00913129269294	-0.0680924812012	-0.0625864417504	-0.00871991865277	0.0546396966005	-0.0183792788598	-0.017704515937	-0.00181222972949	0.0238983047889	0.0335230421979
k__Bacteria;p__Bacteroidetes;c__Bacteroidia;o__Bacteroidales;f__Prevotellaceae;g__Prevotella;s__Prevotella_copri	0.0224637884498	0.016718938635	-0.057730186249	1.0	-0.0284378895201	0.0313456186381	0.028293510934	0.000517638695476	0.0114534145839	-0.0366929846962	0.00286298532227	-0.033459135869	0.0422069064618	-0.0285717019054	-0.0742829486493	0.0308971291425	0.0158851936441	0.023705342273	0.0124115199503	-0.0287352888103	0.00729999273443	-0.0679371893293	-0.0116496075271	-0.0048101595506	-0.0528881824295	0.0282679394145	0.0121295510737	0.000786816571056	-0.00198024466595	0.0448595827978	-0.0712105653254	-0.0299970547691	0.086200452732	-0.0260855829037	0.00867468898329	-0.0256368114946	0.0457430201216	-0.0168918660824	-0.0294294716725	0.0139887830554	0.0384959612036	0.0592989867391	-0.0014487647227	-0.034082000395	-0.0485478113792	-0.0215938322732	-0.0203618488279	-0.0242085954784	0.040104109699	0.00572358396809	-0.0339886933478	0.0361226501182	-0.020687906097	-0.0243995438213	-0.0324865468458	-0.0184163938353	0.0234332725961	-0.0161785421398	-0.0182541978995
k__Bacteria;p__Bacteroidetes;c__Bacteroidia;o__Bacteroidales;f__Bacteroidaceae;g__Bacteroides;s__Bacteroides_stercoris	-0.0185872721075	-0.0019407802555	-0.025486684977	-0.0284378895201	1.0	-0.030690724278	-0.0448318904821	0.0509114187327	-0.0549017117832	-0.035127595519	-0.0735855539773	0.0418470740501	0.0180675257801	-0.0116585004602	-0.0325713777621	-0.0183730511709	-0.0145094304596	-0.0861094822154	0.0439292409944	0.0292219012527	-0.0175816612107	-0.0618968593153	-0.0433351642238	-0.0276634608301	-0.0399870661289	-0.0143870680547	0.00375421140401	0.0146315369925	-0.0224518679989	0.0384635338494	-0.00351980848928	-0.00954141765976	-0.020437202065	0.010098553896	0.0440077698616	0.000887338058728	0.0480031788298	0.0132448706274	0.0187511633554	-0.00764601657141	-0.00468633990351	-0.00224178304185	-0.0290146418427	0.0149131493875	0.0463351177927	0.00945652083045	-0.00379776687444	-0.0112581336744	0.00730231440227	0.0660358812377	-0.0228979395955	-0.0439130799536	-0.0370537847589	0.0398545521932	0.0223962453501	0.00267005188253	-0.0617480178204	-0.0387247243473	-0.029966507404
k__Bacteria;p__Bacteroidetes;c__Bacteroidia;o__Bacteroidales;f__Bacteroidaceae;g__Bacteroides;s__Bacteroides_ovatus	-0.0383389071067	-0.0142308864025	0.0180484654213	0.0313456186381	-0.030690724278	1.0	-0.036863614608	-0.0552953858906	-0.0243046670559	0.00697662996994	-0.0223783552778	0.0101869392952	0.0330513405601	-0.0352938799922	0.0176104888377	0.00646420988515	-0.00119991611547	0.00133491296	0.0321990431053	-0.0149427702053	-0.0252747876348	0.0334891595478	-0.00236415181095	0.00990761374804	-0.0132231652666	-0.00615970624147	0.00348530043312	0.010953557414	0.0250101430947	0.0112766904794	0.0980376483494	-0.0719128883346	-0.0219568040853	-0.0380115818945	0.0449657091927	0.00657144873875	-0.0273302808628	0.00626329759942	-0.00468818674518	0.0294904244295	-0.0256905935106	0.023015257643	-0.00416229656961	0.0385466997008	0.0246352929425	-0.0126477916594	-0.0300202714452	-0.0662683038446	-0.025848299426	0.0171100746348	-0.0481485933855	-0.0214586464624	0.0197146152777	0.039292019996	0.0159829745759	0.0136821981772	-0.034325814004	0.00483167403511	0.0378438037539
k__Bacteria;p__Bacteroidetes;c__Bacteroidia;o__Bacteroidales;f__Rikenellaceae;g__Alistipes;s__Alistipes_shahii	-0.0107292946602	0.0104411051487	0.03697272361	0.028293510934	-0.0448318904821	-0.036863614608	1.0	0.0364527183261	-0.0140809878436	-0.0586101058008	-0.0698365539314	-0.00138373137713	0.0119240372094	-0.01496790749	-0.0463383694377	-0.0466113393576	-0.0151950628955	0.00588803568666	0.019140416978	0.000708990047455	-0.00932210767254	0.021248726875	0.0504169972409	-0.0582832444615	-0.0354393425634	-0.00259792885328	0.0513283813879	0.0389875366001	0.00769543629244	0.0284216554092	0.00509883265973	0.0300408429218	-0.0195851432741	-0.0106344360491	-0.0332937592781	-0.00549193861877	0.0143034486675	0.0285331428795	-0.0093530627182	0.0449587906172	-0.00748875909868	-0.00847680587092	-0.001432063221	0.0269536625	-0.0274319443465	0.00411244120991	-0.00852356294422	0.010531522191	-0.0212458548771	-0.0518769340084	0.0662360182434	0.00352035428519	-0.0171458002797	0.0457502780134	-0.0192711481078	0.0118511880385	-0.0105699919759	0.00735422639308	-0.0465042612015
k__Bacteria;p__Firmicutes;c__Clostridia;o__Clostridiales;f__Ruminococcaceae;g__Faecalibacterium;s__Faecalibacterium_prausnitzii	-0.00764773820883	0.0429058016893	-0.00701440823889	0.000517638695476	0.0509114187327	-0.0552953858906	0.0364527183261	1.0	0.0126983681793	-0.0320303149624	-0.00270505878978	-0.0314032475317	-0.0056700737976	0.016914464162	-0.00450733806117	-0.0311469431086	-0.0463937928514	-0.028324235473	0.00588442449926	-0.00664885524076	0.0162824644616	-0.0107439446552	0.0130067707123	0.0128177600293	-0.0345709794819	-0.0371771277342	0.0360177187567	-0.0147572411639	0.0175172147497	0.0142782193721	0.0112807491061	-0.00400039923869	-0.00534101735973	-0.00398654947711	-0.019223672622	0.00307316927682	-0.025089148183	0.0203905478379	0.0285610977505	-0.0150018777918	0.00279998528324	-0.0716906863616	0.0302716393369	-0.00887716396679	0.0264134929063	-0.0384287521552	-0.0291518770505	-0.0243551425621	0.053163827817	-0.0724885558731	-0.00986012749987	-0.0310350797744	-0.0156600559022	-0.00335886029162	-0.00756795073454	0.00431762008823	0.00988391327149	0.0497396475097	0.0190760128024
k__Bacteria;p__Bacteroidetes;c__Bacteroidia;o__Bacteroidales;f__Rikenellaceae;g__Alistipes;s__Alistipes_finegoldii	0.0420860101538	-0.0631166945225	0.00177246973846	0.0114534145839	-0.0549017117832	-0.0243046670559	-0.0140809878436	0.0126983681793	1.0	0.0113222890374	-0.00064284636115	0.0071387076948	-0.0397651358383	-0.0492116454109	-0.00434801496888	0.0139260069109	-0.0181501574437	0.0105688747283	0.020388890565	0.0331202348071	-0.00550766568624	-0.0676941196933	-0.0146733790311	-0.0254277055047	-0.00774681577584	0.0279552849485	0.00166853185036	0.0397455936431	-0.0451487268192	-0.0354354971309	0.024776145183	-0.0173561932593	0.0246079821349	-0.0328146879092	0.0137706809175	-0.0487529844991	0.00180631920615	0.0664640161745	0.0209069772316	0.0277248508773	0.0145847978325	-0.00688237848948	0.00482183679174	-0.0445735065187	-0.0196269426464	0.0476522420584	-0.0445185983595	-0.00774549543819	-0.00973504402018	0.0500386143628	-0.043033318972	0.0107470591337	-0.0391420865513	-0.0180376071402	-0.00805364419203	0.0460662483741	0.012849401063	-0.0486572195817	-0.0460036538945
k__Bacteria;p__Bacteroidetes;c__Bacteroidia;o__Bacteroidales;f__Porphyromonadaceae;g__Parabacteroides;s__Parabacteroides_distasonis	-0.0285771818802	-0.0104251423591	-0.0196795928913	-0.0366929846962	-0.035127595519	0.00697662996994	-0.0586101058008	-0.0320303149624	0.0113222890374	1.0	-0.021775111361	-0.00103880659029	0.0277422928803	-0.0268493392512	0.0499375016206	0.0280272588356	-0.0521262229389	0.0604711042212	-0.0140966493024	0.0743327885541	0.0093622462547	0.0654011010811	-0.0036996780561	-0.0223769146817	0.0302465919834	-0.00607344541729	-0.00668919804782	-0.0629600556521	0.0263598366139	-0.00647067104846	0.00178273586763	-0.0139230179183	0.0585004076287	0.00529446880771	-0.048228488576	0.027819199716	-0.0235454632419	-0.00922634304848	-0.0146606726243	-0.00147885070963	0.0426950591465	-0.0310006313122	-0.0543951493911	-0.049707631072	0.0245930616745	-0.00762081142911	0.00544218809674	0.0594683568506	-0.0121473239808	0.0514338370819	-0.0454189866317	-0.0406833431013	0.0142253090931	-0.0115875760934	0.0750815311021	-0.0259081075572	-0.0359740105872	0.0422399005633	-0.0104071974703
k__Bacteria;p__Bacteroidetes;c__Bacteroidia;o__Bacteroidales;f__Bacteroidaceae;g__Bacteroides;s__Bacteroides_thetaiotaomicron	-0.00274644742946	0.0419059915524	0.0222769000811	0.00286298532227	-0.0735855539773	-0.0223783552778	-0.0698365539314	-0.00270505878978	-0.00064284636115	-0.021775111361	1.0	-0.0223866050342	0.031366136357	-0.00365644593118	0.03014127088	-0.0340497754639	0.0020510147591	-0.0144048902978	0.00303981968804	0.04371788934	-0.0220680812264	-0.0146423145908	0.0188026337337	-0.0292519544524	-0.00887787727903	-0.00502176477289	-0.0101523423672	0.00308155263568	-0.0400628485303	0.0212818174165	-0.0230587910653	0.00336399309325	0.0143910220427	-0.0136406779546	-0.0107011372492	-0.00516603753865	-0.0300896133924	-0.0345174606642	0.0493851080216	-0.0155815771698	0.0557426898749	-0.0587203047194	-0.0392292042665	-0.00164299793472	-0.0349273132294	-0.0581534730816	-0.0455975925766	-0.000948136133363	-0.0170944985718	0.0455154048572	0.0061501365032	0.0216457786653	-0.0317283100286	0.0125864821196	-0.0103099291226	0.00754886840663	-0.00434348223443	0.0109162692978	0.00743098336201
k__Bacteria;p__Bacteroidetes;c__Bacteroidia;o__Bacteroidales;f__Bacteroidaceae;g__Bacteroides;s__Bacteroides_coprocola	0.0545256959659	0.0337127277256	0.0154406969415	-0.033459135869	0.0418470740501	0.0101869392952	-0.00138373137713	-0.0314032475317	0.0071387076948	-0.00103880659029	-0.0223866050342	1.0	-0.0149752520371	0.00997850041238	0.0365442713374	0.0188877427116	-0.0395342686674	0.00223547766621	-0.013560461246	-0.0405986066193	0.0378580433084	0.0193727994308	0.0402259368931	-0.00375408611091	0.0427618204459	-0.0224630045191	-0.0282220310276	-0.0198113022581	-0.0402245375055	0.00334816446224	-0.0397520680495	-0.00914945061399	-0.0404577196632	-0.0161250981792	0.00452271591597	-0.00490522122424	0.041865797168	0.050183244478	-0.00145505148692	0.0267583762187	-0.0088989454833	0.0224620192694	0.0102746824666	-0.0378487566576	-0.00523429699117	-0.0385899086638	0.0199913197051	-0.0636917214765	-0.0539953697335	-0.00702087206077	0.00727615922991	0.0319200252585	-0.024517627545	-0.0138535408435	-0.017727006611	-3.67093174326e-05	0.020185846898	-0.0127992059696	-0.022881553033
k__Bacteria;p__Bacteroidetes;c__Bacteroidia;o__Bacteroidales;f__Bacteroidaceae;g__Bacteroides;s__Bacteroides_cellulosilyticus	0.0236213730938	0.024557014309	-0.0188061782346	0.0422069064618	0.0180675257801	0.0330513405601	0.0119240372094	-0.0056700737976	-0.0397651358383	0.0277422928803	0.031366136357	-0.0149752520371	1.0	-0.041470472534	-0.058482197092	0.0410733342262	0.0222950818258	0.00448965000259	-0.0739975290296	-0.0383790515566	-0.0494193141389	-0.0317334858036	0.0145001483885	-0.0406489342859	-0.00535280953299	0.0427863026449	-0.0124907084353	0.00845130908461	-0.0047126666195	-0.00210293672453	0.03025145481	-0.0410912317962	0.00440919643214	-0.0320143865553	-0.0247495309907	-0.0235966103796	-0.0290640988277	-0.00927693214455	0.00591100497906	-0.0140684520477	0.0160497166619	0.0137831356398	-0.018332995069	0.0300485319638	0.0303203576523	-0.00141152135425	-0.0233485930432	-0.0263734112536	0.0311578051346	-0.00778344082777	0.0477286408968	-0.0612341788927	0.0185160219041	0.0117700083913	0.0593524969825	0.0015935618342	-0.0186982544451	0.0472058768663	-0.0347644160731
k__Bacteria;p__Bacteroidetes;c__Bacteroidia;o__Bacteroidales;f__Rikenellaceae;g__Alistipes;s__Alistipes_obesi	-0.0164076752117	-0.0278413207575	-0.0178316051603	-0.0285717019054	-0.0116585004602	-0.0352938799922	-0.01496790749	0.016914464162	-0.0492116454109	-0.0268493392512	-0.00365644593118	0.00997850041238	-0.041470472534	1.0	0.0553048277712	-0.0448013963201	-0.0283629348631	-0.0429137194861	0.0107105570244	-0.0258095130468	0.0155486702132	0.00269762406707	-0.0641814439046	-0.0136675394146	0.0109524945908	-0.0397536001907	-0.0213545845725	-0.0115039972215	-0.00887948005083	0.00581842163116	-0.0145214966074	0.0647184807576	-0.0228307455551	0.00584327433217	-0.0552549072982	-0.0277141683161	-0.0161887377152	0.0049447898096	0.00642653431895	-0.00790808367014	-0.0343086863079	-0.0409516507791	0.00465085516535	-0.0137628232034	0.00337913458844	-0.0233748865854	-0.0120970005847	-0.0501168241783	0.00465576902535	-0.00463675662537	-0.0447227301084	0.0269463835424	0.0237529455155	0.00555991133174	0.00151736249386	-0.028571751465	-0.0503750376188	-0.00566441101103	0.0563452172081
k__Bacteria;p__Firmicutes;c__Clostridia;o__Clostridiales;f__Lachnospiraceae;g__;s__[Eubacterium]_rectale	-0.00530375324212	-0.0289129972449	-0.0226946829743	-0.0742829486493	-0.0325713777621	0.0176104888377	-0.0463383694377	-0.00450733806117	-0.00434801496888	0.0499375016206	0.03014127088	0.0365442713374	-0.058482197092	0.0553048277712	1.0	-0.0455280641956	-0.00970375291617	-0.00969180809967	0.0251415499121	-0.00248350917333	0.0288569852463	-0.0146079326768	-0.0117976336367	-0.0330931622786	0.00593627088172	-0.00047932480179	0.0100464649855	-0.0199235241557	-0.0097204164935	0.0423154022418	-0.0241561232259	-0.0311180323745	0.0345982823465	-0.0272991803875	0.0232970411964	0.0279298003294	-0.0450883940605	0.0294393426507	-0.0370158904925	0.00684666377897	-0.0109406099926	-0.0204710873976	-0.0215426245858	-0.00835822479435	0.0191925076354	-0.061559402078	-0.00463805554733	0.0250758226105	-0.0230996708831	-0.00511663884555	-0.0171911436951	-0.0216927713313	-0.0153450227974	-0.0286392597341	0.00504759862485	-0.0251842064814	-0.023425838342	-0.00117546702648	-0.0213647182025
k__Bacteria;p__Bacteroidetes;c__Bacteroidia;o__Bacteroidales;f__Bacteroidaceae;g__Bacteroides;s__Bacteroides_plebeius	0.050206059341	-0.00117942930442	-0.0399406847895	0.0308971291425	-0.0183730511709	0.00646420988515	-0.0466113393576	-0.0311469431086	0.0139260069109	0.0280272588356	-0.0340497754639	0.0188877427116	0.0410733342262	-0.0448013963201	-0.0455280641956	1.0	0.0285815611373	0.0199251195089	-0.0201277824993	-0.0364514128816	0.0785852461177	0.0124441550496	0.0298685493122	0.0187867712681	0.0221203777179	0.0326472938683	0.00173257940157	-0.0838376232363	-0.00932189789875	0.0111052579853	-0.0236079518802	0.0189074295108	0.0214198265719	-0.0476293804047	0.00428788335166	-0.0245620425557	-0.0277660526882	-0.0494488158248	-0.0256581864216	-0.0326771703679	0.0562864603547	-0.00542946347834	-0.0595964218458	0.0402945552188	-0.082531761879	0.00996153560966	-0.00376125746378	0.0315838152245	0.0251389160541	-0.0401925328198	-0.00388500403834	-0.0375683553419	0.00931712625905	-0.027501190352	0.034026728823	0.0054999868018	0.0210688669296	0.0279815803182	-0.101543356238
k__Bacteria;p__Bacteroidetes;c__Bacteroidia;o__Bacteroidales;f__Bacteroidaceae;g__Bacteroides;s__Bacteroides_fragilis	0.00689267684269	0.0385568447187	-0.00445040708546	0.0158851936441	-0.0145094304596	-0.00119991611547	-0.0151950628955	-0.0463937928514	-0.0181501574437	-0.0521262229389	0.0020510147591	-0.0395342686674	0.0222950818258	-0.0283629348631	-0.00970375291617	0.0285815611373	1.0	-0.0829177771406	-0.0243167719165	-0.0524757340272	-0.0727882295097	-0.0656355301741	0.00275021470912	-0.0327796774894	0.0109820596797	-0.0260552345289	-0.011092983789	0.0318839272992	-0.0516355293239	0.00540786576428	0.0151842146013	0.0639597304979	-0.0419893833016	-0.0280214934193	-0.02145985761	0.0123998311691	-0.0547737976584	0.0318964588076	0.0190636895288	-0.004107672955	-0.0224883440318	0.0446902679568	0.00811392277955	0.00439399321227	-0.0104566782781	0.0133599770501	-0.00425514911092	0.0880510066263	-0.0118467511843	-0.0264456850422	0.0189321896398	0.0203839759627	-0.0319118583538	-0.0093718243753	0.0729499297473	-0.0538097131807	0.0160008953231	-0.0510989014328	-0.00804777351045
k__Bacteria;p__Proteobacteria;c__Betaproteobacteria;o__Burkholderiales;f__Sutterellaceae;g__Sutterella;s__Sutterella_wadsworthensis	0.0645039081542	-0.0272108063872	-0.00180929218207	0.023705342273	-0.0861094822154	0.00133491296	0.00588803568666	-0.028324235473	0.0105688747283	0.0604711042212	-0.0144048902978	0.00223547766621	0.00448965000259	-0.0429137194861	-0.00969180809967	0.0199251195089	-0.0829177771406	1.0	-0.00296145211822	0.0194852725147	-0.029789427241	-0.0218523823169	0.00198660163243	-0.0339488471564	-0.048627482047	0.0285719621206	-0.00671832846114	0.0350072009371	0.00831170837318	-0.0732971168324	-0.0584679911806	0.00212749494669	0.000627800092449	0.0341416902707	0.0416209450541	0.00568132456119	-0.0477700509585	-0.0388297597131	-0.0248065840362	-0.00511905720322	-0.00270873471213	-0.0102553071206	-0.0224594695884	-0.0531322457816	-0.0267020433181	-0.0280023998557	-0.0461820898632	-0.0216953643411	0.00435642900721	0.020820053689	0.0502241931332	0.0265941138465	0.0256490248734	0.00745569231649	0.0174408239165	0.00878216084032	0.0321149015922	-0.0145536602348	-0.00475074090193
k__Bacteria;p__Bacteroidetes;c__Bacteroidia;o__Bacteroidales;f__Porphyromonadaceae;g__Barnesiella;s__Barnesiella_intestinihominis	0.0419624594638	-0.0144785992548	-0.00384896990787	0.0124115199503	0.0439292409944	0.0321990431053	0.019140416978	0.00588442449926	0.020388890565	-0.0140966493024	0.00303981968804	-0.013560461246	-0.0739975290296	0.0107105570244	0.0251415499121	-0.0201277824993	-0.0243167719165	-0.00296145211822	1.0	-0.00845158035106	0.0119080029671	0.00165443759734	0.0424348476833	-0.0468841369892	-0.0326491837367	0.015960464458	-0.00992386835074	-0.0249044146622	-0.0479628132788	-0.0183001807683	-0.0580984554658	-0.0832144441447	-0.0315369777589	-0.012226533747	0.0154665750068	0.0262002696167	-0.0608712602587	0.0218728638333	-0.078818899023	-0.0252174491828	-0.055621180996	-0.0261719518718	-0.00287095200089	0.0348211706199	-0.041329452024	0.000689172857441	0.0393448553102	0.0167015922524	0.0212337996089	0.0253228529209	0.0279938845539	-0.0406590290746	-0.0512056910088	0.0372786399316	-0.0201538236024	-0.0424931476412	0.023481492362	-0.0580249760627	0.0201070422311
k__Bacteria;p__Bacteroidetes;c__Bacteroidia;o__Bacteroidales;f__Odoribacteraceae;g__Odoribacter;s__Odoribacter_splanchnicus	0.0395379227363	-0.0207068335701	-0.0392493999217	-0.0287352888103	0.0292219012527	-0.0149427702053	0.000708990047455	-0.00664885524076	0.0331202348071	0.0743327885541	0.04371788934	-0.0405986066193	-0.0383790515566	-0.0258095130468	-0.00248350917333	-0.0364514128816	-0.0524757340272	0.0194852725147	-0.00845158035106	1.0	0.00302963323135	0.0337956841913	-0.062555260359	-0.00999891993373	-0.0582566049878	-0.0242024892959	0.014973657733	0.0227943637688	0.0161661166789	-0.0685433947871	0.0156206548293	0.0268828610078	0.0354621660976	0.0151415388072	-0.0270220363909	0.0399653184923	0.0266144365715	0.00896545608019	-0.0173806863557	-0.0200211589516	0.0278033320236	0.0452514062878	-0.0623665824385	0.00835688132868	-0.00605136827	-0.0291535425424	-0.0223910780714	-0.0427702900617	0.0183575717413	0.00714737522859	-0.00597340476312	0.0532687880887	0.00607246035959	-0.0352383346078	-0.0272420671976	-0.0459114168337	-0.0256663999122	0.000345005104543	-0.0112149304407
k__Bacteria;p__Bacteroidetes;c__Bacteroidia;o__Bacteroidales;f__Bacteroidaceae;g__Bacteroides;s__Bacteroides_salyersiae	0.00538776177538	-0.02285125929	-0.00633897152335	0.00729999273443	-0.0175816612107	-0.0252747876348	-0.00932210767254	0.0162824644616	-0.00550766568624	0.0093622462547	-0.0220680812264	0.0378580433084	-0.0494193141389	0.0155486702132	0.0288569852463	0.0785852461177	-0.0727882295097	-0.029789427241	0.0119080029671	0.00302963323135	1.0	-0.0187870423384	-0.00783977976399	0.0151240155589	0.0365906469587	0.0143276375642	-0.0584653636421	-0.0711702954407	0.0327250937267	0.00823260471316	-0.0196681998212	-0.0408517576221	0.00432847542157	0.0171447696826	-0.0201207342233	0.00323922065241	-0.0390671105458	-0.00720045629678	-0.0296601958701	0.00797087822037	-0.00193571275794	0.00051097091557	-0.0276391092191	-0.022028697322	0.0549607593803	0.021131100611	0.0262556726515	-0.00960693486323	-0.0155954270876	0.046083923947	-0.0369608075858	-0.00167871451869	0.00815051114058	-0.017534020113	-0.0199752464799	0.0109771091553	-0.0644765874597	0.0688653917782	0.0144318131127
k__Bacteria;p__Firmicutes;c__Clostridia;o__Clostridiales;f__Ruminococcaceae;g__Ruminiclostridium;s__[Eubacterium]_siraeum	0.00739339253759	0.023552965114	0.0554784293996	-0.0679371893293	-0.0618968593153	0.0334891595478	0.021248726875	-0.0107439446552	-0.0676941196933	0.0654011010811	-0.0146423145908	0.0193727994308	-0.0317334858036	0.00269762406707	-0.0146079326768	0.0124441550496	-0.0656355301741	-0.0218523823169	0.00165443759734	0.0337956841913	-0.0187870423384	1.0	-0.0200260907403	0.0116648398135	0.0219760348202	-0.00962584707838	-0.0520305564742	-0.0292822250661	-0.0187979185908	-0.0158093173142	-0.00510238475902	-0.0162116740546	-0.0701261749936	0.0294203495614	0.0123652855654	-0.00316763829041	-0.00329704229058	0.00443864883674	0.0243991427804	0.0225845806611	0.00599018644069	0.0368175591281	-0.034224623571	0.0144075285842	0.0120384743283	-0.0409308360375	-0.0394295375525	0.031300562191	0.0417179684799	0.0221914812638	0.0463560547977	-0.0214828064995	0.0163315842549	0.0207975847021	-0.0188257078054	-0.0296702918704	-0.00971262989353	-0.0291052929254	0.00669903846605
k__Bacteria;p__Proteobacteria;c__Betaproteobacteria;o__Burkholderiales;f__Sutterellaceae;g__Parasutterella;s__Parasutterella_excrementihominis	-0.0247556838693	0.0824155752392	-0.0203824642083	-0.0116496075271	-0.0433351642238	-0.00236415181095	0.0504169972409	0.0130067707123	-0.0146733790311	-0.0036996780561	0.0188026337337	0.0402259368931	0.0145001483885	-0.0641814439046	-0.0117976336367	0.0298685493122	0.00275021470912	0.00198660163243	0.0424348476833	-0.062555260359	-0.00783977976399	-0.0200260907403	1.0	-0.0228750079522	0.0113122192966	-0.00339075458659	0.0169715048924	-0.00152826094724	-0.00564882530171	0.066065836226	0.0416009300689	0.0190545750215	-0.066311745402	-0.0458779222961	0.0557552910901	-0.0356259047676	-0.0188282225435	-0.0201571665249	0.0394018049441	0.00481925327867	-0.062923189533	0.0498098100968	-0.0663325385729	-0.00209348835337	-0.0278285629745	-0.0483401324534	-0.0194969522129	0.0265285545342	-0.0450519262058	-0.0131223003712	0.0327419437278	-0.0466930485309	-0.0408419786344	-0.0473724275679	-0.0299268110344	0.0173872966926	-0.0186171836982	-0.0248556436206	0.00586978112754
k__Bacteria;p__Actinobacteria;c__Actinobacteria;o__Bifidobacteriales;f__Bifidobacteriaceae;g__Bifidobacterium;s__Bifidobacterium_adolescentis	0.0417076557493	-0.0179433422028	-0.0107486800595	-0.0048101595506	-0.0276634608301	0.00990761374804	-0.0582832444615	0.0128177600293	-0.0254277055047	-0.0223769146817	-0.0292519544524	-0.00375408611091	-0.0406489342859	-0.0136675394146	-0.0330931622786	0.0187867712681	-0.0327796774894	-0.0339488471564	-0.0468841369892	-0.00999891993373	0.0151240155589	0.0116648398135	-0.0228750079522	1.0	-0.00470217154021	-0.0328075197973	-0.0110910372971	0.0124030151004	-0.0442146720155	-0.00555162982881	0.0172213688539	0.048000622337	0.0512597759718	-0.0060866765174	-0.0116570153859	-0.0468509931243	0.0281805043525	0.0550632476408	-0.0193508552828	0.00346398128207	-0.00868053034692	0.0403990674471	0.0286141193688	0.0263929945291	0.0187373419981	-0.0447069944176	-0.0180381333899	-0.0617131479493	-0.0222392057893	-0.0228552988349	-0.0399706044948	-0.00163082558877	-0.0144471336272	-0.0597876539471	0.00660602859403	0.00726877223473	0.0212189385483	-0.0237693616597	-0.000853112585551
k__Bacteria;p__Firmicutes;c__Clostridia;o__Clostridiales;f__Oscillospiraceae;g__Oscillibacter;s__Oscillibacter_sp._KLE_1745	-0.0175314545868	0.0181072528051	0.0279818618621	-0.0528881824295	-0.0399870661289	-0.0132231652666	-0.0354393425634	-0.0345709794819	-0.00774681577584	0.0302465919834	-0.00887787727903	0.0427618204459	-0.00535280953299	0.0109524945908	0.00593627088172	0.0221203777179	0.0109820596797	-0.048627482047	-0.0326491837367	-0.0582566049878	0.0365906469587	0.0219760348202	0.0113122192966	-0.00470217154021	1.0	-0.00552704988321	-0.0856157462775	-0.0633328432354	-0.00600249129183	-0.0468152503285	0.0188794972358	0.0273390162924	0.0100535932855	-0.0130353709228	-0.0232499424469	0.0509350448516	-0.00339687611325	-0.00496336898811	-0.0116316682083	0.0209487404879	0.0232355521437	0.0187240172932	0.00244808740917	0.083154427715	-0.00206226098852	0.0160300276122	0.0510584384124	-0.0129782242862	0.00776501629528	0.0162798873625	-0.0370619399846	-0.039775950613	0.00819130384102	-0.0599815274377	0.000763494802015	-0.0103499377301	0.00947665746206	-0.0419016640419	-0.0584738914217
k__Bacteria;p__Bacteroidetes;c__Bacteroidia;o__Bacteroidales;f__Bacteroidaceae;g__Bacteroides;s__Bacteroides_coprophilus	0.0338499343407	0.00474808368564	-0.00737004581312	0.0282679394145	-0.0143870680547	-0.00615970624147	-0.00259792885328	-0.0371771277342	0.0279552849485	-0.00607344541729	-0.00502176477289	-0.0224630045191	0.0427863026449	-0.0397536001907	-0.00047932480179	0.0326472938683	-0.0260552345289	0.0285719621206	0.015960464458	-0.0242024892959	0.0143276375642	-0.00962584707838	-0.00339075458659	-0.0328075197973	-0.00552704988321	1.0	-0.00785767944295	-0.0273817376185	-0.00863986086084	0.0133964127938	-0.0240753313921	-0.0153394484874	-0.0115627494379	-0.0507383234244	0.0254788123208	-0.0453998626418	-0.0541047946909	0.0310741354376	-0.0260380173263	-0.0194865456457	0.00367467157697	-0.0562964783338	-0.0866210100639	0.00822962397513	-0.0612699743831	-0.0149813574655	0.0298626887649	0.00681412578348	0.0204158919211	-0.0325830144547	-0.0260933822202	0.00320563760822	-0.00994899623269	0.00939096987698	-0.0458748500622	3.24026756305e-06	0.0626783229024	-0.0676122603385	0.000848828140023
k__Bacteria;p__Firmicutes;c__Clostridia;o__Clostridiales;f__Lachnospiraceae;g__Roseburia;s__Roseburia_intestinalis	-0.0365098015031	-0.010404544178	-0.0200622643593	0.0121295510737	0.00375421140401	0.00348530043312	0.0513283813879	0.0360177187567	0.00166853185036	-0.00668919804782	-0.0101523423672	-0.0282220310276	-0.0124907084353	-0.0213545845725	0.0100464649855	0.00173257940157	-0.011092983789	-0.00671832846114	-0.00992386835074	0.014973657733	-0.0584653636421	-0.0520305564742	0.0169715048924	-0.0110910372971	-0.0856157462775	-0.00785767944295	1.0	0.00550815556346	-0.0141954126181	-0.0533162210332	-0.0194645531111	0.0134709825396	0.0154444481377	0.00743122045151	-0.0362119789505	-0.0119398584042	-0.0122941775924	-0.0371462618607	-0.0259988188158	0.0443376457312	0.0678229088235	0.0313041259471	-0.0131266546533	-0.00632965487097	-0.0504991891308	-0.023913851294	-0.0413432935677	-0.00286753365051	-0.0555174725359	-0.0367555161745	-0.0127403794382	0.0148944796923	0.00543736123691	0.00408882518356	-0.0400262258503	-0.0366739143611	0.0465329813774	-0.010001573042	0.0462434732414
k__Bacteria;p__Firmicutes;c__Clostridia;o__Clostridiales;f__Lachnospiraceae;g__Roseburia;s__Roseburia_hominis	-0.0812197898809	0.017800644569	0.0108546964536	0.000786816571056	0.0146315369925	0.010953557414	0.0389875366001	-0.0147572411639	0.0397455936431	-0.0629600556521	0.00308155263568	-0.0198113022581	0.00845130908461	-0.0115039972215	-0.0199235241557	-0.0838376232363	0.0318839272992	0.0350072009371	-0.0249044146622	0.0227943637688	-0.0711702954407	-0.0292822250661	-0.00152826094724	0.0124030151004	-0.0633328432354	-0.0273817376185	0.00550815556346	1.0	-0.023884532777	0.00448181617776	0.00376988310852	-0.0132556060297	0.026958386114	0.085632074392	0.0105332934789	0.0329298579201	-0.0295106382048	0.0121266391205	-0.0203102487429	-0.0132946580218	-0.0671282960317	-0.0759442249275	-0.0193694774489	-0.0464294615965	0.032374617853	0.0163366725483	-0.0339528131897	-0.0208150009441	0.0102933350398	-0.00888039586489	0.0130630002477	-0.0053789011464	0.00614558778803	-0.055941971819	-0.00471379491046	-0.0163239123021	0.00645835535888	-0.010982961209	0.0089626149147
k__Bacteria;p__Bacteroidetes;c__Bacteroidia;o__Bacteroidales;f__Porphyromonadaceae;g__Parabacteroides;s__Parabacteroides_johnsonii	-0.00331293825731	-0.0668649108391	0.0441851755984	-0.00198024466595	-0.0224518679989	0.0250101430947	0.00769543629244	0.0175172147497	-0.0451487268192	0.0263598366139	-0.0400628485303	-0.0402245375055	-0.0047126666195	-0.00887948005083	-0.0097204164935	-0.00932189789875	-0.0516355293239	0.00831170837318	-0.0479628132788	0.0161661166789	0.0327250937267	-0.0187979185908	-0.00564882530171	-0.0442146720155	-0.00600249129183	-0.00863986086084	-0.0141954126181	-0.023884532777	1.0	0.00204517907534	0.043883686587	-0.0335905438903	-0.0146619869649	0.0353639875413	0.0493129045216	0.0139020266746	-0.0673397392227	0.0255954480675	-0.0176806549381	-0.00715917914214	0.0186145944487	-0.0231481636918	0.0238232929199	-0.0825647709728	-0.00677118906787	0.0902865652296	0.0392388391988	-0.0492461414096	0.0334044548328	0.00572221945653	-0.0699964785023	-0.0347990172185	-0.00574908238243	0.0277831640465	-0.0109664571465	0.0686993309659	-0.0284013825625	0.000553171700185	0.0085182476523
k__Bacteria;p__Actinobacteria;c__Actinobacteria;o__Bifidobacteriales;f__Bifidobacteriaceae;g__Bifidobacterium;s__Bifidobacterium_longum	-0.00350570960885	-0.0532659948905	0.0354470336388	0.0448595827978	0.0384635338494	0.0112766904794	0.0284216554092	0.0142782193721	-0.0354354971309	-0.00647067104846	0.0212818174165	0.00334816446224	-0.00210293672453	0.00581842163116	0.0423154022418	0.0111052579853	0.00540786576428	-0.0732971168324	-0.0183001807683	-0.0685433947871	0.00823260471316	-0.0158093173142	0.066065836226	-0.00555162982881	-0.0468152503285	0.0133964127938	-0.0533162210332	0.00448181617776	0.00204517907534	1.0	0.00574659929094	0.0159336583176	-0.00362370798492	-0.0306295462134	-0.0186362291925	0.00511041419075	-0.0336372287285	-0.0422719834996	0.0523029905299	0.0392000732073	0.0443736710442	0.0179124689078	-0.0215337598169	0.0129625752394	-0.0196356264003	-0.0275488288965	0.0187689519714	0.0103819440509	-0.0172110787895	-0.0253913218915	-0.0230982762357	-0.0307449103144	0.0322842353369	-0.0324636855067	-0.023129011488	0.00314233539025	0.0377160318636	-0.00197924307051	-0.00429956691583
