#taxonomy	k__Bacteria;p__Bacteroidetes;c__Bacteroidia;o__Bacteroidales;f__Bacteroidaceae;g__Bacteroides;s__Bacteroides_vulgatus	k__Bacteria;p__Bacteroidetes;c__Bacteroidia;o__Bacteroidales;f__Bacteroidaceae;g__Bacteroides;s__Bacteroides_uniformis	k__Bacteria;p__Bacteroidetes;c__Bacteroidia;o__Bacteroidales;f__Rikenellaceae;g__Alistipes;s__Alistipes_putredinis	k__Bacteria;p__Bacteroidetes;c__Bacteroidia;o__Bacteroidales;f__Prevotellaceae;g__Prevotella;s__Prevotella_copri	k__Bacteria;p__Bacteroidetes;c__Bacteroidia;o__Bacteroidales;f__Bacteroidaceae;g__Bacteroides;s__Bacteroides_stercoris	k__Bacteria;p__Bacteroidetes;c__Bacteroidia;o__Bacteroidales;f__Bacteroidaceae;g__Bacteroides;s__Bacteroides_ovatus	k__Bacteria;p__Bacteroidetes;c__Bacteroidia;o__Bacteroidales;f__Rikenellaceae;g__Alistipes;s__Alistipes_shahii	k__Bacteria;p__Firmicutes;c__Clostridia;o__Clostridiales;f__Ruminococcaceae;g__Faecalibacterium;s__Faecalibacterium_prausnitzii	k__Bacteria;p__Bacteroidetes;c__Bacteroidia;o__Bacteroidales;f__Rikenellaceae;g__Alistipes;s__Alistipes_finegoldii	k__Bacteria;p__Bacteroidetes;c__Bacteroidia;o__Bacteroidales;f__Porphyromonadaceae;g__Parabacteroides;s__Parabacteroides_distasonis	k__Bacteria;p__Bacteroidetes;c__Bacteroidia;o__Bacteroidales;f__Bacteroidaceae;g__Bacteroides;s__Bacteroides_thetaiotaomicron	k__Bacteria;p__Bacteroidetes;c__Bacteroidia;o__Bacteroidales;f__Bacteroidaceae;g__Bacteroides;s__Bacteroides_coprocola	k__Bacteria;p__Bacteroidetes;c__Bacteroidia;o__Bacteroidales;f__Bacteroidaceae;g__Bacteroides;s__Bacteroides_cellulosilyticus	k__Bacteria;p__Bacteroidetes;c__Bacteroidia;o__Bacteroidales;f__Rikenellaceae;g__Alistipes;s__Alistipes_obesi	k__Bacteria;p__Firmicutes;c__Clostridia;o__Clostridiales;f__Lachnospiraceae;g__;s__[Eubacterium]_rectale	k__Bacteria;p__Bacteroidetes;c__Bacteroidia;o__Bacteroidales;f__Bacteroidaceae;g__Bacteroides;s__Bacteroides_plebeius	k__Bacteria;p__Bacteroidetes;c__Bacteroidia;o__Bacteroidales;f__Bacteroidaceae;g__Bacteroides;s__Bacteroides_fragilis	k__Bacteria;p__Proteobacteria;c__Betaproteobacteria;o__Burkholderiales;f__Sutterellaceae;g__Sutterella;s__Sutterella_wadsworthensis	k__Bacteria;p__Bacteroidetes;c__Bacteroidia;o__Bacteroidales;f__Porphyromonadaceae;g__Barnesiella;s__Barnesiella_intestinihominis	k__Bacteria;p__Bacteroidetes;c__Bacteroidia;o__Bacteroidales;f__Odoribacteraceae;g__Odoribacter;s__Odoribacter_splanchnicus	k__Bacteria;p__Bacteroidetes;c__Bacteroidia;o__Bacteroidales;f__Bacteroidaceae;g__Bacteroides;s__Bacteroides_salyersiae	k__Bacteria;p__Firmicutes;c__Clostridia;o__Clostridiales;f__Ruminococcaceae;g__Ruminiclostridium;s__[Eubacterium]_siraeum	k__Bacteria;p__Proteobacteria;c__Betaproteobacteria;o__Burkholderiales;f__Sutterellaceae;g__Parasutterella;s__Parasutterella_excrementihominis	k__Bacteria;p__Actinobacteria;c__Actinobacteria;o__Bifidobacteriales;f__Bifidobacteriaceae;g__Bifidobacterium;s__Bifidobacterium_adolescentis	k__Bacteria;p__Firmicutes;c__Clostridia;o__Clostridiales;f__Oscillospiraceae;g__Oscillibacter;s__Oscillibacter_sp._KLE_1745	k__Bacteria;p__Bacteroidetes;c__Bacteroidia;o__Bacteroidales;f__Bacteroidaceae;g__Bacteroides;s__Bacteroides_coprophilus	k__Bacteria;p__Firmicutes;c__Clostridia;o__Clostridiales;f__Lachnospiraceae;g__Roseburia;s__Roseburia_intestinalis	k__Bacteria;p__Firmicutes;c__Clostridia;o__Clostridiales;f__Lachnospiraceae;g__Roseburia;s__Roseburia_hominis	k__Bacteria;p__Bacteroidetes;c__Bacteroidia;o__Bacteroidales;f__Porphyromonadaceae;g__Parabacteroides;s__Parabacteroides_johnsonii	k__Bacteria;p__Actinobacteria;c__Actinobacteria;o__Bifidobacteriales;f__Bifidobacteriaceae;g__Bifidobacterium;s__Bifidobacterium_longum	k__Bacteria;p__Firmicutes;c__Clostridia;o__Clostridiales;f__;g__Flavonifractor;s__Flavonifractor_plautii	k__Bacteria;p__Firmicutes;c__Clostridia;o__Clostridiales;f__Clostridiaceae;g__Clostridium;s__Clostridium_phoceensis	k__Bacteria;p__Verrucomicrobia;c__Verrucomicrobiae;o__Verrucomicrobiales;f__Akkermansiaceae;g__Akkermansia;s__Akkermansia_muciniphila	k__Bacteria;p__Bacteroidetes;c__Bacteroidia;o__Bacteroidales;f__Prevotellaceae;g__Paraprevotella;s__Paraprevotella_xylaniphila	k__Bacteria;p__Firmicutes;c__Clostridia;o__Clostridiales;f__Ruminococcaceae;g__Ruminococcus;s__Ruminococcus_callidus	k__Bacteria;p__Bacteroidetes;c__Bacteroidia;o__Bacteroidales;f__Rikenellaceae;g__Alistipes;s__Alistipes_senegalensis	k__Bacteria;p__Firmicutes;c__Clostridia;o__Clostridiales;f__Lachnospiraceae;g__Blautia;s__Blautia_sp._KLE_1732	k__Bacteria;p__Bacteroidetes;c__Bacteroidia;o__Bacteroidales;f__Bacteroidaceae;g__Bacteroides;s__Bacteroides_oleiciplenus	k__Bacteria;p__Firmicutes;c__Clostridia;o__Clostridiales;f__Ruminococcaceae;g__Ruminococcus;s__Ruminococcus_bicirculans	k__Bacteria;p__Bacteroidetes;c__Bacteroidia;o__Bacteroidales;f__Bacteroidaceae;g__Bacteroides;s__Bacteroides_fluxus	k__Bacteria;p__Bacteroidetes;c__Bacteroidia;o__Bacteroidales;f__Prevotellaceae;g__Prevotella;s__Prevotella_stercorea	k__Bacteria;p__Firmicutes;c__Clostridia;o__Clostridiales;f__Lachnospiraceae;g__Dorea;s__Dorea_longicatena	k__Bacteria;p__Firmicutes;c__Clostridia;o__Clostridiales;f__Eubacteriaceae;g__Eubacterium;s__[Eubacterium]_eligens	k__Bacteria;p__Firmicutes;c__Clostridia;o__Clostridiales;f__Ruminococcaceae;g__;s__Ruminococcaceae_bacterium_D16	k__Bacteria;p__Firmicutes;c__Clostridia;o__Clostridiales;f__Lachnospiraceae;g__Coprococcus;s__Coprococcus_comes	k__Bacteria;p__Proteobacteria;c__Gammaproteobacteria;o__Enterobacterales;f__Enterobacteriaceae;g__Escherichia;s__Escherichia_coli	k__Bacteria;p__Firmicutes;c__Clostridia;o__Clostridiales;f__Ruminococcaceae;g__Anaerotruncus;s__Anaerotruncus_colihominis	k__Bacteria;p__Firmicutes;c__Clostridia;o__Clostridiales;f__Lachnospiraceae;g__Blautia;s__Blautia_obeum	k__Bacteria;p__Bacteroidetes;c__Bacteroidia;o__Bacteroidales;f__Odoribacteraceae;g__Odoribacter;s__Odoribacter_laneus	k__Bacteria;p__Firmicutes;c__Clostridia;o__Clostridiales;f__Ruminococcaceae;g__Ruminiclostridium;s__[Clostridium]_leptum	k__Bacteria;p__Bacteroidetes;c__Bacteroidia;o__Bacteroidales;f__Porphyromonadaceae;g__Parabacteroides;s__Parabacteroides_goldsteinii	k__Bacteria;p__Firmicutes;c__Clostridia;o__Clostridiales;f__Lachnospiraceae;g__Anaerostipes;s__Anaerostipes_hadrus	k__Bacteria;p__Firmicutes;c__Clostridia;o__Clostridiales;f__Ruminococcaceae;g__Ruminococcus;s__Ruminococcus_lactaris	k__Bacteria;p__Firmicutes;c__Clostridia;o__Clostridiales;f__Clostridiaceae;g__Clostridium;s__Clostridium_sp._L2-50	k__Bacteria;p__Firmicutes;c__Clostridia;o__Clostridiales;f__Clostridiaceae;g__Clostridium;s__Clostridium_sp._M62/1	k__Bacteria;p__Firmicutes;c__Clostridia;o__Clostridiales;f__;g__Intestinimonas;s__Intestinimonas_butyriciproducens	k__Bacteria;p__Actinobacteria;c__Actinobacteria;o__Bifidobacteriales;f__Bifidobacteriaceae;g__Bifidobacterium;s__Bifidobacterium_bifidum	k__Bacteria;p__Firmicutes;c__Negativicutes;o__Veillonellales;f__Veillonellaceae;g__Dialister;s__Dialister_invisus	k__Bacteria;p__Bacteroidetes;c__Bacteroidia;o__Bacteroidales;f__Bacteroidaceae;g__Bacteroides;s__Bacteroides_salanitronis
k__Bacteria;p__Bacteroidetes;c__Bacteroidia;o__Bacteroidales;f__Bacteroidaceae;g__Bacteroides;s__Bacteroides_vulgatus	1.0	-0.0721086311272	-0.00623533487514	-0.00973930840698	-0.0708806651566	-0.0885592775222	0.0213399606616	0.0163328226619	0.00930430450294	-0.042332746473	0.00444324010078	-0.0065590350624	-0.00363745492433	-0.032633560441	-0.0245476271375	-0.0616844837174	0.00943815148762	-0.0114045028194	0.00258898777313	0.0342454580145	-0.0114451204594	0.0259042183543	-0.0027019882114	0.0264182912212	0.004116942835	0.0151665559157	0.0129593333828	-0.00312005317183	0.00778364784049	-0.0234125228347	-0.016491573028	0.0227325873516	0.0345674694395	0.044305062362	0.00351931192334	0.0135565528582	-0.0333517047712	0.0192146732272	-0.0258022463126	0.00333445312939	-0.00753906075925	-0.0108670188697	0.0100577910316	-0.000102199282141	0.0114260554044	0.00134805485646	0.0546444134768	0.0249726558474	-0.0130170003123	0.0297093813057	-0.081160079001	-0.00428634343089	0.0595221446094	0.000882468193035	-0.0455215221065	-0.0277922433084	-0.0518034224388	-0.0443390622083	-0.0210374480871
k__Bacteria;p__Bacteroidetes;c__Bacteroidia;o__Bacteroidales;f__Bacteroidaceae;g__Bacteroides;s__Bacteroides_uniformis	-0.0721086311272	1.0	-0.0243547762015	-0.0602448662243	-0.016328932541	0.0204445977015	0.00427525973384	-0.0212492594982	-0.0588163442371	0.0367953107119	0.0328717602534	-0.0236650329718	-0.0396642351564	0.0370496447642	0.00618201316947	-0.00489467821995	0.0206502285728	0.0556158261686	0.0186423403757	0.0165175351298	-0.0310096686758	-0.0121896128738	0.0358578456824	0.0339183302083	0.0322532049365	-0.0266770561025	-0.0127388989585	-0.0441463186868	0.0315135556621	-0.00520197727328	-0.0273741678935	0.0309708234038	0.0104696939755	-0.051446507901	0.00315586532117	-0.0399753342051	0.00180098827249	-0.017923780558	0.0234321378375	-0.0134577338098	0.0155525204387	-0.0283026288392	-0.0346582516174	0.0193418109091	-0.0329996726042	-0.0186528442178	-0.0117116075131	-0.0625839638664	-0.0235772861122	0.0302155697663	0.0766350098289	0.0321674953097	0.00980703160703	0.0121120430184	-0.0623677970384	0.0582412666182	-0.0366472392046	-0.000374725085051	-0.0277247916479
k__Bacteria;p__Bacteroidetes;c__Bacteroidia;o__Bacteroidales;f__Rikenellaceae;g__Alistipes;s__Alistipes_putredinis	-0.00623533487514	-0.0243547762015	1.0	0.0125472917484	-0.00542025417909	0.0243680325617	0.0156504314811	-0.028613784227	-0.0242714275224	-0.0371890266171	0.0417701316179	-0.0307205026776	-0.0186714012491	-0.0297345366151	-0.0417943350727	0.0181299784025	-0.0424717139643	0.0570184653511	-0.00715450347865	-0.0160213913278	0.0113884015722	-0.00900897440409	0.00102091647405	0.0335753630326	-0.0192227980476	-0.0180504619688	0.00354038898923	0.00766588778783	0.0104853254792	-0.00155749994686	-0.0230219618556	-0.00784644378151	0.0214146783115	0.0169792461742	0.0144265346718	-0.0413509591483	-0.0190213994406	-0.0322034837693	0.0101540992748	-0.0432762379706	-4.01621075772e-06	0.0393257373371	0.0300347431725	-0.0141543497023	-0.000526497350276	-0.0126604487617	-0.00579975829297	-0.0667527087608	-0.0387757153043	-0.00747504622423	-0.00818596071074	0.00663986680397	0.0161757869073	0.0193969814486	0.00506773274975	-0.0140790245446	-0.0440699078131	0.0244887500904	0.0217996915638
k__Bacteria;p__Bacteroidetes;c__Bacteroidia;o__Bacteroidales;f__Prevotellaceae;g__Prevotella;s__Prevotella_copri	-0.00973930840698	-0.0602448662243	0.0125472917484	1.0	-0.000730689847351	-0.0512432754696	0.00247435179787	-0.0213848258785	0.0346995834173	0.0193023316615	0.00309414596387	-0.0396385421753	0.00968180205346	-0.0498103854836	-0.0181619262124	-0.0242768438808	-0.0204697024753	0.0714777575097	0.00809633087377	0.0216131721616	-0.0147645071317	0.0351579675172	-0.0452801305324	-0.000888246884925	0.0122487431427	-0.00205518624583	-0.0130692667074	0.05085304998	-0.0285965199311	0.0179329134878	-0.0144635646158	0.0186555283017	-0.00130639883507	0.0146797916088	-0.0157037200225	-0.0745782596122	-0.0762577527723	0.0131730486764	0.0117334925911	-0.00336354434379	0.0494631063863	0.00723756136334	-0.00284184377691	-0.0447131950235	-0.041894819607	0.0228772369114	-0.0210832262434	0.0360453002058	-0.0180830355763	0.017018585087	0.000232813879277	0.0162838162259	-0.0305744080554	0.0151111020753	-0.0815226650286	-0.0441215464521	0.00434601998158	0.0453218217548	-0.0106291123476
k__Bacteria;p__Bacteroidetes;c__Bacteroidia;o__Bacteroidales;f__Bacteroidaceae;g__Bacteroides;s__Bacteroides_stercoris	-0.0708806651566	-0.016328932541	-0.00542025417909	-0.000730689847351	1.0	-0.00947957215576	0.00767652810096	0.0523526424178	-0.0134501502324	-0.020831522575	-0.00798588304301	-0.0143977030744	0.0387861976648	0.00725447804684	0.0261438192	-0.0103035588031	-0.0340243915357	-0.027387813921	0.0172634947642	-0.0736198522177	-0.0556348477999	0.0119339192134	-0.00375352010939	-0.0096394913188	0.0407211395975	-0.0772266383923	-0.0149407860736	0.0357777736324	-0.000288751163885	0.0212633406112	-0.0376390975492	-0.0388934921566	0.00436320707341	-0.021942345221	-0.022035517333	0.0315129951761	-0.0188966781852	-0.0321259252105	-0.0820032511755	0.0126430092825	-0.0288639767608	0.0415627520757	0.00728069662412	0.0108312919528	-0.0307763047218	-0.0353513251198	0.0240690676564	-0.0196719684507	0.00798496615984	-0.0103526733116	0.028970353519	-0.0116796790737	0.0276528826098	0.0609050646301	-0.0297723613691	-0.0353866662343	0.046854725682	-0.0214392799323	0.0269792134093
k__Bacteria;p__Bacteroidetes;c__Bacteroidia;o__Bacteroidales;f__Bacteroidaceae;g__Bacteroides;s__Bacteroides_ovatus	-0.0885592775222	0.0204445977015	0.0243680325617	-0.0512432754696	-0.00947957215576	1.0	-0.0288273062719	-0.0309613704941	-0.0209084483809	-0.0484608549036	-0.0233790810749	-0.0119929203802	0.0368656553016	-0.0279431371082	0.0228299946779	-0.0683261515598	-0.0203307096942	0.0259046433698	-0.0303479967055	0.0302729968325	0.0253407341832	-0.0541685067381	0.0761439275502	-0.0177490115538	-0.0225841985632	-0.0557003277991	0.0736844217865	-0.0307868569499	0.0198295216115	-0.0586677987072	0.0186065847515	0.00661009078861	-0.0361169115677	-0.0529901254027	-0.0594506909191	-0.0170050183372	-0.00387170122889	-0.00319348690633	-0.044326809482	0.0735022530513	0.0270229142683	0.0709502740428	-0.0107109365321	0.0388843271416	0.0259720391329	-0.00988685402716	-0.00137810076463	0.00217681273344	0.00256235314883	-0.00635418326532	0.0309195809964	-0.00366336895009	-0.00153446363009	-0.00090409830155	-0.0140380927265	-0.000330226083106	-0.017902571178	-0.0250203280355	0.0211236720912
k__Bacteria;p__Bacteroidetes;c__Bacteroidia;o__Bacteroidales;f__Rikenellaceae;g__Alistipes;s__Alistipes_shahii	0.0213399606616	0.00427525973385	0.0156504314811	0.00247435179787	0.00767652810096	-0.0288273062719	1.0	0.00215386743375	-0.0481334558365	-0.0309448278314	-0.0216218715555	-0.00473309402492	0.0115504868465	-0.0556527953064	0.0388573244874	-0.028883736813	-0.00719341574251	-0.030858693433	-0.0742226227178	0.0164451666836	-0.00193179156071	0.0058060860181	-0.0599752609221	0.0103038674223	-0.0497151570331	-0.0243049028269	-0.0581316109476	-0.0153409470031	0.0255031645822	-0.0498124716799	0.0216909498576	0.00483679160222	0.0128938985734	-0.0331190273399	0.051397980892	0.0194260244987	-0.00194177108586	-0.00423928066037	-0.0343877959103	0.0101725130966	-0.0115562748347	-0.00833563448851	-0.00720316989069	-0.0427624275427	0.019629877384	-0.0198441055245	0.0184914246772	0.0190238595508	-0.00594637244975	0.000371404242	-0.0360644016043	-0.0225221424275	-0.00710392060715	0.0192366918356	-0.0212537682729	-0.0293890271348	0.00827358094933	-0.0241589408633	-0.0210756560844
k__Bacteria;p__Firmicutes;c__Clostridia;o__Clostridiales;f__Ruminococcaceae;g__Faecalibacterium;s__Faecalibacterium_prausnitzii	0.0163328226619	-0.0212492594982	-0.028613784227	-0.0213848258785	0.0523526424178	-0.0309613704941	0.00215386743375	1.0	-0.00321009106286	-0.0517626861618	-0.00542651781653	-0.023203534523	-0.0612122924659	0.0188984357795	0.0308498599193	0.0114258372708	0.0051738188629	0.0228165776959	0.00458537187646	0.0320755618945	-0.016154895206	0.0205926369466	0.00266894675588	0.00775942815237	-0.0438473829026	0.02058767352	0.0249494374699	0.0233733278558	-0.0474656501379	0.0132731904216	-0.0507937677683	0.000957814722266	-0.00106538924757	-0.0790012262191	0.0422301458097	-0.0530673308276	-0.0163221217825	-0.0140278096555	0.000554840846426	-0.0247831701771	-0.0119703132725	0.0186533247946	0.00178513215476	0.0368963483997	0.0264091035334	-0.0688632027615	0.0156079743209	0.00807072255769	-0.00805128392965	-0.0182692969566	0.0202696684182	0.0338973716503	0.0677240313816	0.0406170227017	-0.00444833397962	0.00729846685401	-0.00862467446657	0.0219891232187	-0.0201329730352
k__Bacteria;p__Bacteroidetes;c__Bacteroidia;o__Bacteroidales;f__Rikenellaceae;g__Alistipes;s__Alistipes_finegoldii	0.00930430450294	-0.0588163442371	-0.0242714275224	0.0346995834173	-0.0134501502324	-0.0209084483809	-0.0481334558365	-0.00321009106286	1.0	0.00221593684425	-0.0689020660029	0.00726637819413	-0.00692526917585	0.0736344445369	-0.0296118542802	0.0586585749636	-0.0133979562195	-0.0106927017792	-0.0026383581393	-0.0248311199301	0.00691918493784	0.013641523749	0.0429121265604	0.0102152350713	-0.0229240834951	-0.0200828938244	0.00664252790587	-0.00515615346927	0.00666594358759	-0.0295752404043	0.00715796115865	0.0104736238254	-0.0349222179314	0.0390205548659	0.0699391018968	0.0405705123612	-0.0224945249701	0.0246363058498	-0.0277487071745	-0.0174679936654	0.0409920924635	0.00640164709457	0.0197946709055	0.00383624477464	0.0448835525572	-0.0319941063595	0.0165869134927	0.0135220669409	0.00386752371392	0.0565936009796	-0.0298614367594	0.0302495566317	-0.0306214550844	-0.020288826202	-0.0310927642236	-0.0343199859868	-0.0540566776192	-0.0340629721128	-0.0561404568898
k__Bacteria;p__Bacteroidetes;c__Bacteroidia;o__Bacteroidales;f__Porphyromonadaceae;g__Parabacteroides;s__Parabacteroides_distasonis	-0.042332746473	0.0367953107119	-0.0371890266171	0.0193023316615	-0.020831522575	-0.0484608549036	-0.0309448278314	-0.0517626861618	0.00221593684425	1.0	0.0112823667046	-0.0530342759603	-0.00863246284416	-0.0505597059889	-0.0293112403699	-0.0358054680879	-0.0200496422032	0.0220539553318	-0.0338925839419	-0.00101576423673	-0.0238531817934	0.0232110301945	-0.0167799928721	-0.0144397881104	-0.0236866718742	0.006873546735	-0.0486266012455	-0.0405693232596	-0.0150032758122	-0.00320455461921	-0.0022282519609	-0.0099931276624	0.000392068786933	0.0418447009764	0.0380366882817	-0.0137096309979	-0.034983498007	-0.0357959730222	-0.0232427830335	-0.0225648959024	0.0149193199726	-0.0584210346927	-0.00307545055215	-0.00827276069809	0.0202181330054	-0.0347662775859	0.0078268310254	0.00306465847244	0.0598433100524	0.0621650792913	0.0158013251632	0.0245718334489	0.0367080365454	0.0231257788207	0.0357438408286	0.049781747984	-0.0861813455204	-0.00156699733449	-0.0052692976255
k__Bacteria;p__Bacteroidetes;c__Bacteroidia;o__Bacteroidales;f__Bacteroidaceae;g__Bacteroides;s__Bacteroides_thetaiotaomicron	0.00444324010078	0.0328717602534	0.0417701316179	0.00309414596387	-0.00798588304301	-0.0233790810749	-0.0216218715555	-0.00542651781653	-0.0689020660029	0.0112823667046	1.0	-0.0628489945288	-0.0252692524636	0.0203329733799	-0.0179664952126	-0.0659065329937	0.0510347084891	-0.0252095762672	0.0216570675853	-0.00486316839498	0.0426636296767	-0.00144524414968	0.0188096668957	0.037132799624	-0.0212845839543	-0.0428403962361	-0.0762305639773	0.00289502940209	0.0180018536825	0.0392209928313	-0.0108435881899	-0.0203321826102	-0.0179575301019	-0.0515369279159	-0.0174808511557	-0.0188583574948	-0.0049182714769	-0.0100630036607	0.0167319106906	0.00160691892662	-0.0177331478157	-0.00325872330759	-0.00985442625051	-0.041531393025	0.0243428247178	-0.00540996939333	-0.00898181968825	-0.0318683125411	-0.0104252373703	-0.0502853678597	0.00222279808744	-0.0251908258222	0.0596144210779	-0.0527507919144	0.0341978610028	-0.00918107027852	-0.0133130075224	0.00510789433323	0.0214049399262
k__Bacteria;p__Bacteroidetes;c__Bacteroidia;o__Bacteroidales;f__Bacteroidaceae;g__Bacteroides;s__Bacteroides_coprocola	-0.0065590350624	-0.0236650329718	-0.0307205026776	-0.0396385421753	-0.0143977030744	-0.0119929203802	-0.00473309402492	-0.023203534523	0.00726637819413	-0.0530342759603	-0.0628489945288	1.0	0.0635697893326	-0.0033022903569	-0.0043884138077	0.058996171931	0.0390501419303	0.0210500701006	-0.0102667510121	0.0244446400865	0.0288646981096	0.0333162771703	0.0272830907017	-0.0253186663745	0.0310665797032	0.0164639555258	-0.00851145809865	-0.0418710206306	-0.0456844265457	-0.0116068612561	-0.0697310782521	-0.0646736915913	-0.0202512385427	0.00542477400107	0.00994820777105	0.01887827041	0.00353117586209	-0.0777375817797	0.0527228340131	0.00044705681567	0.0120445169252	-0.0144472153366	0.0110702684935	0.0183609327953	-0.0248340552562	-0.00786668394306	0.0264322425703	0.00515890359789	0.0378782613436	0.00729864378748	-0.024176060307	-0.0126494958443	-0.0405019527972	0.00760138251669	-0.0336582779746	-0.0726022639899	-0.0270096390291	-0.043319604657	0.0516990848075
k__Bacteria;p__Bacteroidetes;c__Bacteroidia;o__Bacteroidales;f__Bacteroidaceae;g__Bacteroides;s__Bacteroides_cellulosilyticus	-0.00363745492433	-0.0396642351564	-0.0186714012491	0.00968180205346	0.0387861976648	0.0368656553016	0.0115504868465	-0.0612122924659	-0.00692526917585	-0.00863246284416	-0.0252692524636	0.0635697893326	1.0	0.00980213756152	-0.0536216000899	-0.0240765126481	-0.0271886054459	0.0195649160035	-0.0318427648894	0.053296528489	-0.0312788240368	-0.0113393521517	-0.0150832365292	-0.040974651217	-0.0331971474917	0.0191924114495	0.000955793445167	-0.0323413760896	0.00850377399826	-0.0189078411578	0.0269716234312	0.022132947012	-0.0270794528987	0.00224473761634	-0.00441982515747	0.0238118400981	0.0403616249633	0.0218523723358	-0.00478794340711	0.00532819437297	-0.0169635504145	0.0346543720408	0.0123858634764	-0.00179374570421	0.0276894850398	-0.00914985187068	0.0132930507943	0.010209337872	0.00442700160723	0.0564342134923	-0.0134785276174	-0.0658608090221	0.0225308538137	-0.0401132681301	-0.0145201076186	0.0290795231107	0.0121577241872	-0.0469174495553	-0.0568920535591
k__Bacteria;p__Bacteroidetes;c__Bacteroidia;o__Bacteroidales;f__Rikenellaceae;g__Alistipes;s__Alistipes_obesi	-0.032633560441	0.0370496447642	-0.0297345366151	-0.0498103854836	0.00725447804684	-0.0279431371082	-0.0556527953064	0.0188984357795	0.0736344445369	-0.0505597059889	0.0203329733799	-0.0033022903569	0.00980213756152	1.0	-0.0368137990529	-0.00276287351538	0.0136035817678	-0.0758607926971	-0.0790356397547	-0.0200208624283	0.0172250011476	-0.068126942823	-0.0181669933048	0.00568511039394	-0.0227802651699	-0.00483557290487	-0.0134481654001	0.0503590402746	0.00735469805271	-0.00878440279224	-0.0755459527311	-0.0428060449895	-0.0419348679471	0.00623379373315	-0.0353008012249	0.00958393278035	0.0857114989858	-0.0445650592145	0.0170979326357	-0.0710153704269	-0.0126381723958	0.0272727251178	-0.0217188474736	0.0136550263481	-0.0330147782271	0.0327489075664	-0.0173007993866	-0.0200889205301	-0.0203541830753	-0.0249565363751	-0.0133821520342	-0.00294403754226	0.0113793518457	-0.0247229138497	0.00888021641371	0.0900908501078	0.0603949502287	0.0215243216272	-0.0220321465323
k__Bacteria;p__Firmicutes;c__Clostridia;o__Clostridiales;f__Lachnospiraceae;g__;s__[Eubacterium]_rectale	-0.0245476271375	0.00618201316947	-0.0417943350727	-0.0181619262124	0.0261438192	0.0228299946779	0.0388573244874	0.0308498599193	-0.0296118542802	-0.0293112403699	-0.0179664952126	-0.0043884138077	-0.0536216000899	-0.0368137990529	1.0	0.061545698204	-0.0113579752844	-0.0507322726906	0.0077708701532	-0.0206447544364	-0.0200988450412	-0.0128531033725	-0.0256226105368	-0.0130962897649	0.0326623468647	0.0417558766021	0.0415820222383	-0.0387654836528	-0.0492244292809	-0.00614593394036	-0.0206716260315	-0.0451274197182	-0.0631729080511	-0.036266912466	-0.0164782587268	-0.0399596442936	0.0424415661874	0.00205414643439	0.0207689243889	-0.0225105815705	-0.00500526901741	-0.0162164212348	-0.0617702636097	-0.0331725809583	0.0266814864129	-0.0485217861604	0.00837730950838	0.0128465762544	0.0169323680184	0.0324030779083	-0.0164123992188	0.0436930327592	-0.00524617238423	-0.0239882216184	-0.0422730535944	0.00430652312599	-0.00484378450718	-0.0482529223377	-0.0237083992432
k__Bacteria;p__Bacteroidetes;c__Bacteroidia;o__Bacteroidales;f__Bacteroidaceae;g__Bacteroides;s__Bacteroides_plebeius	-0.0616844837174	-0.00489467821995	0.0181299784025	-0.0242768438808	-0.0103035588031	-0.0683261515598	-0.028883736813	0.0114258372708	0.0586585749636	-0.0358054680879	-0.0659065329937	0.058996171931	-0.0240765126481	-0.00276287351538	0.061545698204	1.0	-0.000571839706222	-0.0210586979174	0.0201873248328	-0.0432334468193	0.0658011354627	0.0664254700577	0.0318808425375	0.0251503133207	0.0118619374327	-0.00314929808915	-0.0206061900301	-0.00482720498449	0.0135636330261	0.0222780030661	-0.0534638810074	-5.43866822843e-05	-0.0720555450667	0.00167710814447	-0.0257847437716	-0.0244762304831	-0.0137843367009	-0.00768693564364	-0.0331005535697	0.00851547043477	0.014774029812	-0.0207204844849	-0.0264689290154	-0.0419173398645	-0.0121957681748	0.0478902612929	-0.0678574985936	-0.013422663734	-0.0273004073841	0.0389286682612	-0.0259369051788	-0.00161163882786	-0.0491337919083	-0.0150281354463	-0.0147245035061	-0.0113861515221	0.0132158355567	-0.0366467522689	0.0240272531167
k__Bacteria;p__Bacteroidetes;c__Bacteroidia;o__Bacteroidales;f__Bacteroidaceae;g__Bacteroides;s__Bacteroides_fragilis	0.00943815148762	0.0206502285728	-0.0424717139643	-0.0204697024753	-0.0340243915357	-0.0203307096942	-0.00719341574251	0.0051738188629	-0.0133979562195	-0.0200496422032	0.0510347084891	0.0390501419303	-0.0271886054459	0.0136035817678	-0.0113579752844	-0.000571839706223	1.0	0.010870983528	0.0122483971249	-0.00648226283254	-0.00236318547125	-0.0178990918031	-0.0118793431129	-0.0526933534499	0.023893414553	0.0138771335353	0.00123828193616	0.0199511520643	0.0688594593108	-0.0223687051773	0.00527339466104	-0.0715019023913	0.0311418569447	-0.0497916683465	0.0493971402255	0.0385696904591	-0.0810491860173	0.00116598883269	0.0266936427816	-0.055719297234	0.0156820291379	-0.00559502083908	-0.0319925510471	0.00425239482055	-0.000464853597972	-0.00449671440906	0.0310846352672	-0.00349289301636	0.0127469128157	-0.0240613139009	-0.0371088539524	-0.0326345084791	-0.00904125474168	-0.0320715140957	-0.0173220530706	-0.014751069082	-0.00977163629508	0.023113131621	-0.0469601202409
k__Bacteria;p__Proteobacteria;c__Betaproteobacteria;o__Burkholderiales;f__Sutterellaceae;g__Sutterella;s__Sutterella_wadsworthensis	-0.0114045028194	0.0556158261686	0.0570184653511	0.0714777575097	-0.027387813921	0.0259046433698	-0.030858693433	0.0228165776959	-0.0106927017792	0.0220539553318	-0.0252095762672	0.0210500701006	0.0195649160035	-0.0758607926971	-0.0507322726906	-0.0210586979174	0.010870983528	1.0	0.0152927316548	0.0537609796896	0.00749492165602	0.0237791599627	-0.0323375217427	0.0287606104614	0.0569891793541	0.00379820172291	0.00998016628998	0.00164120918198	-0.00279626470605	-0.0139783312471	0.0148381610577	0.0258285941046	-0.00670535264488	0.0627197251892	0.00548088977171	-0.00523381732986	0.000857192939541	0.00580455581085	-0.00808451512288	-0.0250693607455	-0.0270410087273	-0.0123037391468	-0.0418166258294	0.00226321423468	-0.0468192176508	-0.0115784553917	0.0367011973926	-0.00644827783093	-0.0568044625663	-0.0156181666586	-0.0548607940108	-0.010939618618	0.01819869612	-0.00632435268484	-0.0256838445609	-0.0212484071652	-0.0195193597656	0.0373463235594	-0.0136529093053
k__Bacteria;p__Bacteroidetes;c__Bacteroidia;o__Bacteroidales;f__Porphyromonadaceae;g__Barnesiella;s__Barnesiella_intestinihominis	0.00258898777313	0.0186423403757	-0.00715450347865	0.00809633087377	0.0172634947642	-0.0303479967055	-0.0742226227178	0.00458537187646	-0.0026383581393	-0.0338925839419	0.0216570675853	-0.0102667510121	-0.0318427648894	-0.0790356397547	0.0077708701532	0.0201873248328	0.0122483971249	0.0152927316548	1.0	-0.0429389482038	0.0100511809549	0.0127375278429	-0.00941913459923	0.0141775369734	0.0354763380638	-0.0262977193632	-0.0227550500532	0.00345860618629	0.00347398197529	-0.0508247629705	0.0619717680477	-0.0272320733024	0.00885444858588	-0.0270625237413	-0.0158325034115	0.032181288873	0.00156116658525	0.049782521316	-0.0345266935948	0.0431024570991	0.0220420798525	0.0337058125529	-0.0109740573627	-0.0508532976254	0.0123644339217	0.00399620299364	-0.00482616891692	-0.0256582634061	-0.0686861197542	-0.0325988002956	0.0181600653464	-0.0109026882513	0.017917676855	0.0221439293728	-0.061278103523	-0.00158829397548	0.0659796671045	0.0385132982053	0.00703153796569
k__Bacteria;p__Bacteroidetes;c__Bacteroidia;o__Bacteroidales;f__Odoribacteraceae;g__Odoribacter;s__Odoribacter_splanchnicus	0.0342454580145	0.0165175351298	-0.0160213913278	0.0216131721616	-0.0736198522177	0.0302729968325	0.0164451666836	0.0320755618945	-0.0248311199301	-0.00101576423673	-0.00486316839498	0.0244446400865	0.053296528489	-0.0200208624283	-0.0206447544364	-0.0432334468193	-0.00648226283254	0.0537609796896	-0.0429389482038	1.0	-0.0621718565306	0.0467890391227	0.0383264506902	-0.057940550195	-0.0334432711665	-0.0360552933398	-0.0276365420289	-0.0455614366941	-0.0249950899653	-0.0345621487318	-0.0475346141038	0.0418199869477	-0.0489314022762	-0.00883474190362	-0.00421894885298	0.059860788125	0.0365980761249	0.0145656223717	-0.0259460966691	0.00360607440059	-0.0245326653621	0.029201051841	-0.0474546522734	0.0417735276104	0.0255768831299	-0.0705918948049	-0.0634573057228	0.0575893420804	-0.036909575327	-0.0308771665965	0.00997893164821	0.0357229065934	0.0366579726563	0.0580707272898	0.0391733692634	-0.0644278568964	-0.0114185196921	-0.0267348080459	-0.0294878758734
k__Bacteria;p__Bacteroidetes;c__Bacteroidia;o__Bacteroidales;f__Bacteroidaceae;g__Bacteroides;s__Bacteroides_salyersiae	-0.0114451204594	-0.0310096686758	0.0113884015722	-0.0147645071317	-0.0556348477999	0.0253407341832	-0.00193179156071	-0.016154895206	0.00691918493784	-0.0238531817934	0.0426636296767	0.0288646981096	-0.0312788240368	0.0172250011476	-0.0200988450412	0.0658011354627	-0.00236318547125	0.00749492165602	0.0100511809549	-0.0621718565306	1.0	-0.0216151127137	-0.0251176953537	0.0283358981183	-0.0183898518098	-0.0189444550232	-0.0209913531255	-0.0191681749406	-0.0382226709797	-0.0306372905662	0.0233704701256	0.024282914279	0.0278050173295	-0.0153794952259	0.00387926865929	0.011665442008	-0.042477088378	-0.0552139174288	-0.0699409401108	0.0602600055717	-0.0152967745278	-0.0864783208367	0.0217749036046	-0.00478283115014	-0.00643021908868	-0.0348283127226	0.0200375606178	0.02982164169	0.00803024191751	-0.0331282217973	-0.0603855419051	-0.0194532218621	-0.000147854758367	-0.0237760310449	0.00750064468389	-0.040409422348	-0.0576857602903	-0.022120512946	0.0751640196217
k__Bacteria;p__Firmicutes;c__Clostridia;o__Clostridiales;f__Ruminococcaceae;g__Ruminiclostridium;s__[Eubacterium]_siraeum	0.0259042183543	-0.0121896128738	-0.00900897440409	0.0351579675172	0.0119339192134	-0.0541685067381	0.0058060860181	0.0205926369466	0.013641523749	0.0232110301945	-0.00144524414968	0.0333162771703	-0.0113393521517	-0.068126942823	-0.0128531033725	0.0664254700577	-0.0178990918031	0.0237791599627	0.0127375278429	0.0467890391227	-0.0216151127137	1.0	-0.0168105215989	0.0148716978775	-0.0255714649939	-0.0836665335603	0.0061850761226	0.00111401063568	0.00356275069586	-0.0132443196008	0.00241522385227	-0.0060987931361	-0.0401106795688	0.0123773181758	0.0170208024255	-0.0338271420829	-0.00812084311665	-0.000792771986002	-0.023696293338	0.00114248045987	-0.0347525551079	-0.0222201900005	-0.0428429191335	-0.0170076844369	-0.0278175131456	-0.023126995962	-0.0122136562294	-0.0149488000283	-0.0485207593257	0.0367050734039	0.0606542091505	-0.00903310066721	-0.0209880548766	-0.00716322644763	0.00804857750708	0.0165165147857	0.0419765572165	0.0220052362116	-0.0220320110816
k__Bacteria;p__Proteobacteria;c__Betaproteobacteria;o__Burkholderiales;f__Sutterellaceae;g__Parasutterella;s__Parasutterella_excrementihominis	-0.0027019882114	0.0358578456824	0.00102091647405	-0.0452801305324	-0.00375352010939	0.0761439275502	-0.0599752609221	0.00266894675588	0.0429121265604	-0.0167799928721	0.0188096668957	0.0272830907017	-0.0150832365292	-0.0181669933048	-0.0256226105368	0.0318808425375	-0.0118793431129	-0.0323375217427	-0.00941913459923	0.0383264506902	-0.0251176953537	-0.0168105215989	1.0	-0.0404627893457	0.0133276001678	-0.019163227541	0.0501969454702	-0.00585594822124	0.029468594053	0.002116132152	0.0370199938014	-0.00415564250393	-0.00363577040266	-0.000646633604939	0.0488317234059	-0.0125058599911	0.0566920189035	-0.00926425937814	-0.010890359014	0.0359733521314	-0.00082393701113	0.0227010649176	0.0140087747399	0.0183457366405	-0.0370829951179	-0.00407299386708	-0.0184044576945	-0.0295012712401	-0.0113115984128	-0.0867261107477	0.024781284048	-0.0428826371922	-0.0425920606904	0.00554358281319	-0.045323323631	-0.00939676316947	0.00834442256015	-0.0294958777514	-0.0356852579885
k__Bacteria;p__Actinobacteria;c__Actinobacteria;o__Bifidobacteriales;f__Bifidobacteriaceae;g__Bifidobacterium;s__Bifidobacterium_adolescentis	0.0264182912212	0.0339183302083	0.0335753630326	-0.000888246884925	-0.0096394913188	-0.0177490115538	0.0103038674223	0.00775942815237	0.0102152350713	-0.0144397881104	0.037132799624	-0.0253186663745	-0.040974651217	0.00568511039394	-0.0130962897649	0.0251503133207	-0.0526933534499	0.0287606104614	0.0141775369734	-0.057940550195	0.0283358981183	0.0148716978775	-0.0404627893457	1.0	-0.0429872757821	0.0129518879727	0.0355748879557	-0.0206366599295	-0.0682603822877	-0.0361027500032	0.00413728861565	-0.000206213771332	-0.0516972322687	-0.0343694721952	0.0210791438024	-0.0202213022431	-0.0119551234495	-0.0675275171143	-0.0648326538557	0.00522176267092	-0.0113201908742	0.00573452482355	0.00493133188081	-0.0621679554294	0.0180713300209	-0.0174951554302	-0.0526338645783	0.0492028356602	-0.0106658505481	0.0338087100822	0.019960553687	-0.000100799001776	0.0116062911746	0.0408593205583	-0.0627060681125	0.0408280800044	-0.0377544237618	-0.023678305993	0.0463612069949
k__Bacteria;p__Firmicutes;c__Clostridia;o__Clostridiales;f__Oscillospiraceae;g__Oscillibacter;s__Oscillibacter_sp._KLE_1745	0.004116942835	0.0322532049365	-0.0192227980476	0.0122487431427	0.0407211395975	-0.0225841985632	-0.0497151570331	-0.0438473829026	-0.0229240834951	-0.0236866718742	-0.0212845839543	0.0310665797032	-0.0331971474917	-0.0227802651699	0.0326623468647	0.0118619374327	0.023893414553	0.0569891793541	0.0354763380638	-0.0334432711665	-0.0183898518098	-0.0255714649939	0.0133276001678	-0.0429872757821	1.0	-0.00394889478684	0.0270511520478	0.00234371662646	0.0206357140203	0.00235224742744	-0.0495919960576	0.0492382545805	-0.0167157964971	-0.00149056152089	-0.019140831894	-0.00314164606909	0.0291566468483	0.0333390754789	-0.0310429443214	0.00944395662769	-0.0402360772947	0.0244446932085	-0.052421604703	0.0422050742988	0.00176412719853	0.00958526147606	0.00707417703669	-0.0500067820791	0.00313803852321	-0.0654680683556	-0.037997051878	0.0285000365279	-0.0254152361329	-0.0255557655891	0.0381040817086	-0.0634995691011	-0.00753159255786	-0.00286353835659	-0.00493706481794
k__Bacteria;p__Bacteroidetes;c__Bacteroidia;o__Bacteroidales;f__Bacteroidaceae;g__Bacteroides;s__Bacteroides_coprophilus	0.0151665559157	-0.0266770561025	-0.0180504619688	-0.00205518624583	-0.0772266383923	-0.0557003277991	-0.0243049028269	0.02058767352	-0.0200828938244	0.006873546735	-0.0428403962361	0.0164639555258	0.0191924114495	-0.00483557290487	0.0417558766021	-0.00314929808915	0.0138771335353	0.00379820172291	-0.0262977193632	-0.0360552933398	-0.0189444550232	-0.0836665335603	-0.019163227541	0.0129518879727	-0.00394889478684	1.0	-0.0504136250293	0.00641592869704	-0.0117260647311	0.0465244726594	-0.0202432635333	0.0166182665478	-0.0460721685238	0.0330623242605	0.0118369612399	0.0224255649645	-0.0268183837275	-0.0393040950726	0.0391725974365	0.022536764393	0.0180690968751	0.022297666432	0.00876736004943	0.0439380241674	-0.00612204286761	0.0313625706232	-0.0272157797088	-0.0180342045362	-0.0197843202134	0.012730254748	-0.0240623534087	-0.0426857277246	0.0249251871108	-0.023715825245	-0.0248801636589	-0.0202296071327	-0.0388201272654	-0.00741924036569	0.00787508501512
k__Bacteria;p__Firmicutes;c__Clostridia;o__Clostridiales;f__Lachnospiraceae;g__Roseburia;s__Roseburia_intestinalis	0.0129593333828	-0.0127388989585	0.00354038898923	-0.0130692667074	-0.0149407860736	0.0736844217865	-0.0581316109476	0.0249494374699	0.00664252790587	-0.0486266012455	-0.0762305639773	-0.00851145809865	0.000955793445167	-0.0134481654001	0.0415820222383	-0.0206061900301	0.00123828193616	0.00998016628998	-0.0227550500532	-0.0276365420289	-0.0209913531255	0.0061850761226	0.0501969454702	0.0355748879557	0.0270511520478	-0.0504136250293	1.0	-0.0275351007889	0.0130213321261	-0.0379885986395	0.000710287666507	-0.0137105227111	-0.0184678250117	-0.0454368297678	-0.0153019677217	-0.016802554891	0.00819840882835	-0.031472750374	-0.013025504621	-0.0128856873365	0.00115781551461	-0.00701048038308	0.056189949487	0.0156338798516	-0.00822838788416	0.015053589367	-0.0590477671348	-0.0362014187309	0.0250627106075	0.0304610747874	-0.0270631800929	-0.00894447493975	0.0182866446807	-0.0482394238388	-0.0238019447858	-0.00571948157799	-0.0198810870299	-0.0704489300767	0.027535585959
k__Bacteria;p__Firmicutes;c__Clostridia;o__Clostridiales;f__Lachnospiraceae;g__Roseburia;s__Roseburia_hominis	-0.00312005317183	-0.0441463186868	0.00766588778783	0.05085304998	0.0357777736324	-0.0307868569499	-0.0153409470031	0.0233733278558	-0.00515615346927	-0.0405693232596	0.00289502940209	-0.0418710206306	-0.0323413760896	0.0503590402746	-0.0387654836528	-0.00482720498449	0.0199511520643	0.00164120918198	0.00345860618629	-0.0455614366941	-0.0191681749406	0.00111401063568	-0.00585594822124	-0.0206366599295	0.00234371662646	0.00641592869704	-0.0275351007889	1.0	-0.0313910441256	-0.0149673724508	-0.00657568591902	0.0187974536788	-0.0240324048716	-0.0363387129222	-0.0406640570613	-0.00155085512168	0.0269227509705	0.00167593384442	-0.0694665924695	-0.0354486491411	0.0103041059477	0.00405181308251	-0.0232565436183	-0.0394272775506	-0.00656016897841	0.0231599255889	0.00804852757309	0.00331206943462	-0.0328909055043	-0.0039296117097	-0.0520166255129	-0.00817586155586	-0.0194552315404	0.0450598767201	0.0158415281314	-0.0267309236189	-0.0357794185398	0.0273404603863	0.0230186290904
k__Bacteria;p__Bacteroidetes;c__Bacteroidia;o__Bacteroidales;f__Porphyromonadaceae;g__Parabacteroides;s__Parabacteroides_johnsonii	0.00778364784049	0.0315135556621	0.0104853254792	-0.0285965199311	-0.000288751163885	0.0198295216115	0.0255031645822	-0.0474656501379	0.00666594358759	-0.0150032758122	0.0180018536825	-0.0456844265457	0.00850377399826	0.00735469805271	-0.0492244292809	0.0135636330261	0.0688594593108	-0.00279626470606	0.00347398197529	-0.0249950899653	-0.0382226709797	0.00356275069586	0.029468594053	-0.0682603822877	0.0206357140203	-0.0117260647311	0.0130213321261	-0.0313910441256	1.0	0.0108601154582	0.0150940762273	0.0309729578806	-0.00722923445072	0.0013478331259	-0.0212115143202	-0.0126503728626	0.0318990724704	-0.00382186338094	0.0169469135434	-0.066175418583	-0.0547526215747	-0.0395354289861	-0.0567380704975	0.018648115652	0.0169093608643	-0.0405811831707	0.0626703989002	-0.0386670195429	0.0179619511063	0.0541089593986	-0.0718653956701	-0.0287564226554	0.0427823902011	-0.0148224806678	-0.102084951271	0.0456750204013	0.00733285999283	-0.00681260406288	-0.00489636921378
k__Bacteria;p__Actinobacteria;c__Actinobacteria;o__Bifidobacteriales;f__Bifidobacteriaceae;g__Bifidobacterium;s__Bifidobacterium_longum	-0.0234125228347	-0.00520197727328	-0.00155749994686	0.0179329134878	0.0212633406112	-0.0586677987072	-0.0498124716799	0.0132731904216	-0.0295752404043	-0.00320455461921	0.0392209928313	-0.0116068612561	-0.0189078411578	-0.00878440279224	-0.00614593394036	0.0222780030661	-0.0223687051773	-0.0139783312471	-0.0508247629705	-0.0345621487318	-0.0306372905662	-0.0132443196008	0.002116132152	-0.0361027500032	0.00235224742744	0.0465244726594	-0.0379885986395	-0.0149673724508	0.0108601154582	1.0	0.0116973842793	-0.00213011455007	-0.000222684152649	0.0411436258052	-0.0303443037527	0.00813141204725	0.0130658139006	0.00242611331187	-0.0109274614773	0.00888305805827	-0.0461849968169	-0.0449788082014	0.0418242971609	-0.0303567452859	0.0368030511273	-0.0540903824907	0.0120685097985	0.0136306877123	0.0298859791234	0.00954605095708	-0.0175040732944	0.0197592318152	-0.0492908111406	-0.0252087057627	-0.0316681089208	-0.100095310269	0.0168336945471	-0.0365524565407	-0.0206783644134
