#taxonomy	k__Bacteria;p__Bacteroidetes;c__Bacteroidia;o__Bacteroidales;f__Bacteroidaceae;g__Bacteroides;s__Bacteroides_vulgatus	k__Bacteria;p__Bacteroidetes;c__Bacteroidia;o__Bacteroidales;f__Bacteroidaceae;g__Bacteroides;s__Bacteroides_uniformis	k__Bacteria;p__Bacteroidetes;c__Bacteroidia;o__Bacteroidales;f__Rikenellaceae;g__Alistipes;s__Alistipes_putredinis	k__Bacteria;p__Bacteroidetes;c__Bacteroidia;o__Bacteroidales;f__Prevotellaceae;g__Prevotella;s__Prevotella_copri	k__Bacteria;p__Bacteroidetes;c__Bacteroidia;o__Bacteroidales;f__Bacteroidaceae;g__Bacteroides;s__Bacteroides_stercoris	k__Bacteria;p__Bacteroidetes;c__Bacteroidia;o__Bacteroidales;f__Bacteroidaceae;g__Bacteroides;s__Bacteroides_ovatus	k__Bacteria;p__Bacteroidetes;c__Bacteroidia;o__Bacteroidales;f__Rikenellaceae;g__Alistipes;s__Alistipes_shahii	k__Bacteria;p__Firmicutes;c__Clostridia;o__Clostridiales;f__Ruminococcaceae;g__Faecalibacterium;s__Faecalibacterium_prausnitzii	k__Bacteria;p__Bacteroidetes;c__Bacteroidia;o__Bacteroidales;f__Rikenellaceae;g__Alistipes;s__Alistipes_finegoldii	k__Bacteria;p__Bacteroidetes;c__Bacteroidia;o__Bacteroidales;f__Porphyromonadaceae;g__Parabacteroides;s__Parabacteroides_distasonis	k__Bacteria;p__Bacteroidetes;c__Bacteroidia;o__Bacteroidales;f__Bacteroidaceae;g__Bacteroides;s__Bacteroides_thetaiotaomicron	k__Bacteria;p__Bacteroidetes;c__Bacteroidia;o__Bacteroidales;f__Bacteroidaceae;g__Bacteroides;s__Bacteroides_coprocola	k__Bacteria;p__Bacteroidetes;c__Bacteroidia;o__Bacteroidales;f__Bacteroidaceae;g__Bacteroides;s__Bacteroides_cellulosilyticus	k__Bacteria;p__Bacteroidetes;c__Bacteroidia;o__Bacteroidales;f__Rikenellaceae;g__Alistipes;s__Alistipes_obesi	k__Bacteria;p__Firmicutes;c__Clostridia;o__Clostridiales;f__Lachnospiraceae;g__;s__[Eubacterium]_rectale	k__Bacteria;p__Bacteroidetes;c__Bacteroidia;o__Bacteroidales;f__Bacteroidaceae;g__Bacteroides;s__Bacteroides_plebeius	k__Bacteria;p__Bacteroidetes;c__Bacteroidia;o__Bacteroidales;f__Bacteroidaceae;g__Bacteroides;s__Bacteroides_fragilis	k__Bacteria;p__Proteobacteria;c__Betaproteobacteria;o__Burkholderiales;f__Sutterellaceae;g__Sutterella;s__Sutterella_wadsworthensis	k__Bacteria;p__Bacteroidetes;c__Bacteroidia;o__Bacteroidales;f__Porphyromonadaceae;g__Barnesiella;s__Barnesiella_intestinihominis	k__Bacteria;p__Bacteroidetes;c__Bacteroidia;o__Bacteroidales;f__Odoribacteraceae;g__Odoribacter;s__Odoribacter_splanchnicus	k__Bacteria;p__Bacteroidetes;c__Bacteroidia;o__Bacteroidales;f__Bacteroidaceae;g__Bacteroides;s__Bacteroides_salyersiae	k__Bacteria;p__Firmicutes;c__Clostridia;o__Clostridiales;f__Ruminococcaceae;g__Ruminiclostridium;s__[Eubacterium]_siraeum	k__Bacteria;p__Proteobacteria;c__Betaproteobacteria;o__Burkholderiales;f__Sutterellaceae;g__Parasutterella;s__Parasutterella_excrementihominis	k__Bacteria;p__Actinobacteria;c__Actinobacteria;o__Bifidobacteriales;f__Bifidobacteriaceae;g__Bifidobacterium;s__Bifidobacterium_adolescentis	k__Bacteria;p__Firmicutes;c__Clostridia;o__Clostridiales;f__Oscillospiraceae;g__Oscillibacter;s__Oscillibacter_sp._KLE_1745	k__Bacteria;p__Bacteroidetes;c__Bacteroidia;o__Bacteroidales;f__Bacteroidaceae;g__Bacteroides;s__Bacteroides_coprophilus	k__Bacteria;p__Firmicutes;c__Clostridia;o__Clostridiales;f__Lachnospiraceae;g__Roseburia;s__Roseburia_intestinalis	k__Bacteria;p__Firmicutes;c__Clostridia;o__Clostridiales;f__Lachnospiraceae;g__Roseburia;s__Roseburia_hominis	k__Bacteria;p__Bacteroidetes;c__Bacteroidia;o__Bacteroidales;f__Porphyromonadaceae;g__Parabacteroides;s__Parabacteroides_johnsonii	k__Bacteria;p__Actinobacteria;c__Actinobacteria;o__Bifidobacteriales;f__Bifidobacteriaceae;g__Bifidobacterium;s__Bifidobacterium_longum	k__Bacteria;p__Firmicutes;c__Clostridia;o__Clostridiales;f__;g__Flavonifractor;s__Flavonifractor_plautii	k__Bacteria;p__Firmicutes;c__Clostridia;o__Clostridiales;f__Clostridiaceae;g__Clostridium;s__Clostridium_phoceensis	k__Bacteria;p__Verrucomicrobia;c__Verrucomicrobiae;o__Verrucomicrobiales;f__Akkermansiaceae;g__Akkermansia;s__Akkermansia_muciniphila	k__Bacteria;p__Bacteroidetes;c__Bacteroidia;o__Bacteroidales;f__Prevotellaceae;g__Paraprevotella;s__Paraprevotella_xylaniphila	k__Bacteria;p__Firmicutes;c__Clostridia;o__Clostridiales;f__Ruminococcaceae;g__Ruminococcus;s__Ruminococcus_callidus	k__Bacteria;p__Bacteroidetes;c__Bacteroidia;o__Bacteroidales;f__Rikenellaceae;g__Alistipes;s__Alistipes_senegalensis	k__Bacteria;p__Firmicutes;c__Clostridia;o__Clostridiales;f__Lachnospiraceae;g__Blautia;s__Blautia_sp._KLE_1732	k__Bacteria;p__Bacteroidetes;c__Bacteroidia;o__Bacteroidales;f__Bacteroidaceae;g__Bacteroides;s__Bacteroides_oleiciplenus	k__Bacteria;p__Firmicutes;c__Clostridia;o__Clostridiales;f__Ruminococcaceae;g__Ruminococcus;s__Ruminococcus_bicirculans	k__Bacteria;p__Bacteroidetes;c__Bacteroidia;o__Bacteroidales;f__Bacteroidaceae;g__Bacteroides;s__Bacteroides_fluxus	k__Bacteria;p__Bacteroidetes;c__Bacteroidia;o__Bacteroidales;f__Prevotellaceae;g__Prevotella;s__Prevotella_stercorea	k__Bacteria;p__Firmicutes;c__Clostridia;o__Clostridiales;f__Lachnospiraceae;g__Dorea;s__Dorea_longicatena	k__Bacteria;p__Firmicutes;c__Clostridia;o__Clostridiales;f__Eubacteriaceae;g__Eubacterium;s__[Eubacterium]_eligens	k__Bacteria;p__Firmicutes;c__Clostridia;o__Clostridiales;f__Ruminococcaceae;g__;s__Ruminococcaceae_bacterium_D16	k__Bacteria;p__Firmicutes;c__Clostridia;o__Clostridiales;f__Lachnospiraceae;g__Coprococcus;s__Coprococcus_comes	k__Bacteria;p__Proteobacteria;c__Gammaproteobacteria;o__Enterobacterales;f__Enterobacteriaceae;g__Escherichia;s__Escherichia_coli	k__Bacteria;p__Firmicutes;c__Clostridia;o__Clostridiales;f__Ruminococcaceae;g__Anaerotruncus;s__Anaerotruncus_colihominis	k__Bacteria;p__Firmicutes;c__Clostridia;o__Clostridiales;f__Lachnospiraceae;g__Blautia;s__Blautia_obeum	k__Bacteria;p__Bacteroidetes;c__Bacteroidia;o__Bacteroidales;f__Odoribacteraceae;g__Odoribacter;s__Odoribacter_laneus	k__Bacteria;p__Firmicutes;c__Clostridia;o__Clostridiales;f__Ruminococcaceae;g__Ruminiclostridium;s__[Clostridium]_leptum	k__Bacteria;p__Bacteroidetes;c__Bacteroidia;o__Bacteroidales;f__Porphyromonadaceae;g__Parabacteroides;s__Parabacteroides_goldsteinii	k__Bacteria;p__Firmicutes;c__Clostridia;o__Clostridiales;f__Lachnospiraceae;g__Anaerostipes;s__Anaerostipes_hadrus	k__Bacteria;p__Firmicutes;c__Clostridia;o__Clostridiales;f__Ruminococcaceae;g__Ruminococcus;s__Ruminococcus_lactaris	k__Bacteria;p__Firmicutes;c__Clostridia;o__Clostridiales;f__Clostridiaceae;g__Clostridium;s__Clostridium_sp._L2-50	k__Bacteria;p__Firmicutes;c__Clostridia;o__Clostridiales;f__Clostridiaceae;g__Clostridium;s__Clostridium_sp._M62/1	k__Bacteria;p__Firmicutes;c__Clostridia;o__Clostridiales;f__;g__Intestinimonas;s__Intestinimonas_butyriciproducens	k__Bacteria;p__Actinobacteria;c__Actinobacteria;o__Bifidobacteriales;f__Bifidobacteriaceae;g__Bifidobacterium;s__Bifidobacterium_bifidum	k__Bacteria;p__Firmicutes;c__Negativicutes;o__Veillonellales;f__Veillonellaceae;g__Dialister;s__Dialister_invisus	k__Bacteria;p__Bacteroidetes;c__Bacteroidia;o__Bacteroidales;f__Bacteroidaceae;g__Bacteroides;s__Bacteroides_salanitronis
k__Bacteria;p__Bacteroidetes;c__Bacteroidia;o__Bacteroidales;f__Bacteroidaceae;g__Bacteroides;s__Bacteroides_vulgatus	1.0	-0.0267541883012	0.00146496863816	-0.00386252037807	0.0407250474859	0.00609052387135	0.00495394507846	-0.0427931640701	-0.035320906194	-0.0289394990551	-0.0093264218637	0.0293401913732	-0.00809839076333	-0.0108095385283	0.0680788839945	-0.0209208931212	0.00254659751782	-0.0107731986858	-0.0863552605838	-0.00152619083548	0.0159794900144	0.039943417762	0.00954375533778	0.0063662355469	-0.00773645813921	-0.0302348791524	0.0130198348314	-0.00814285274804	0.0515338834561	0.0365527245214	0.000280033454456	-0.0323868599212	0.0262180500624	0.011162043532	0.034511725195	-0.0246395816486	0.049569263276	0.00272025451307	-0.0239790729662	-0.00846136390014	0.0218908341147	0.0380153541143	-0.0462030321607	0.00269129192513	-0.0970837473543	0.0192075997227	-0.0191171132514	-0.00786575748893	-0.00201606091056	-0.0634955171313	-0.0163908479926	-0.0740644922433	0.0174093757856	7.60400224402e-06	-0.0415992472558	-0.0781307117131	0.0220865158424	-0.0523646263115	-0.0321506718051
k__Bacteria;p__Bacteroidetes;c__Bacteroidia;o__Bacteroidales;f__Bacteroidaceae;g__Bacteroides;s__Bacteroides_uniformis	-0.0267541883012	1.0	0.055647741921	-0.0158597400158	0.0145909607071	-0.0408646917995	-0.0399998523419	0.00971441998999	0.0117331507214	0.0309212610191	-0.00285826563709	0.00934271918209	0.0474469798193	0.0334987229099	-0.0115944500236	-0.0410427507387	-0.0276873535636	-0.0661177444968	-0.0602073132771	0.00621995674095	-0.0582312759387	0.0237450139547	-0.0385482587099	-0.0147012458438	0.0205258554746	-0.0450880882162	-0.00467406328428	0.0393735049596	-0.0316728886963	-0.053431828932	0.0217878068339	-0.00157656891638	0.00735955586316	-0.0843458792817	-0.0708754355292	0.0200542798468	0.0198114078232	-0.0143164028753	0.0202268739235	-0.0278684767063	-0.0189601229784	-0.0503059154204	-0.00241238073188	0.00455859077966	0.0291533180782	-0.0130319756406	-0.0531534239492	0.0240684908855	-0.0300915374871	-0.0121956571288	0.0244186914191	0.0516764665482	-0.0260949223417	-0.00230744032451	0.0171290131926	0.0577026931481	0.00274991472766	0.0441248448904	-0.023713998256
k__Bacteria;p__Bacteroidetes;c__Bacteroidia;o__Bacteroidales;f__Rikenellaceae;g__Alistipes;s__Alistipes_putredinis	0.00146496863816	0.055647741921	1.0	-0.0246240199526	-0.0502276330421	-0.00448395904462	0.0175008728819	-0.0315721716776	-0.0194376180372	-0.0148425227971	0.0153939919007	0.012707223467	-0.0168287558083	0.0502810292232	0.0304552489512	-0.0128043365048	-0.0176057570174	0.00361321770761	-0.0177424025984	-0.0617777793525	-0.0613634529178	0.0225115958256	-0.0977209957752	0.0254140266296	-0.0549380175476	0.0162347289615	-0.0160005713913	-0.0137834268363	0.0360716614296	-0.0207764775905	-0.0384423565667	-0.0111938712305	-0.0705493973978	0.00604251363273	0.110005310437	-0.00450360384328	-0.0275812737377	-0.00710609777761	-0.00191068745039	0.0131301411082	-0.0130105375797	-0.0185126007512	0.0361040615072	0.0398869682637	0.0261510165436	-0.04325250146	-0.019358561797	0.0216379832774	-0.0652523934033	-0.0173415439222	0.00557814543908	0.0218273045691	-0.0541132928147	0.00714528023379	-0.0255882397068	-0.0220435979185	-0.0143121083832	0.00295300509053	-0.0290193490822
k__Bacteria;p__Bacteroidetes;c__Bacteroidia;o__Bacteroidales;f__Prevotellaceae;g__Prevotella;s__Prevotella_copri	-0.00386252037807	-0.0158597400158	-0.0246240199526	1.0	-0.0266593244474	0.00649825227564	0.0363632298809	-0.00140852110176	-0.0344999684411	-0.0392902386846	0.0362697724135	-0.0349016123445	-0.00661901708995	0.0142298560991	-0.0452627200547	0.0201603417432	-0.0433089388676	-0.020150046358	-0.0823628342518	-0.0224340973808	0.000995357143609	0.0261214952919	-0.0292493192699	-0.0283671829678	0.0263444225882	-0.0147468098318	0.0415026122286	0.0215921557888	-0.0277311034528	-0.00370516963999	0.0179893677419	-0.0240432718475	0.00864995225649	-0.0395371967368	0.0169688120137	-0.0164143547572	-0.0259360773998	0.033261702271	-0.0229065081435	0.0333696262603	0.0133515087692	-0.0159610938706	0.0463549290634	-0.0319431564688	-0.0234185695678	-0.0250640041986	0.0332710783672	-0.0150950983226	-0.00813595063269	-0.0143671403949	0.00987125919426	0.00298043957708	-0.0405638127305	0.0448910021926	0.000456230658959	0.0104774484053	-0.0355375233101	-0.0250515465393	-0.0289266234331
k__Bacteria;p__Bacteroidetes;c__Bacteroidia;o__Bacteroidales;f__Bacteroidaceae;g__Bacteroides;s__Bacteroides_stercoris	0.0407250474859	0.0145909607071	-0.0502276330421	-0.0266593244474	1.0	0.0217579585869	-0.0232410660698	0.0515111643416	0.0310359714306	0.00613453816064	0.0408691853836	0.000165747413281	-0.00697104927073	-0.0142326071336	0.0321112746428	-0.00634407443137	0.0480317908498	-0.0525544091319	-0.0234417729006	-0.0148552037073	-0.0188696374153	-0.0460488357273	0.00892287744202	-0.0605858010532	0.00880029898004	0.0111221531709	-0.0217843316079	-0.03349940094	-0.0171917793669	0.0125054622793	0.0439126613587	0.0159661399978	-0.0255654214187	0.054878705735	-0.0397097729598	-0.0339073485323	0.0328091555395	0.0434826657541	-0.0141074636679	-0.0241959007734	0.023735722919	-0.0488637421921	-0.0764067632767	0.0334133445538	-0.0250661283327	0.00894790636913	0.0142452062915	-0.0144509274595	-0.0212828001773	-0.0318641884144	0.0263897032324	-0.0263788600187	-0.0269733412334	0.0199541037932	0.0108457425586	0.0735552197723	0.0350002015301	-0.0243411416925	-0.0106101283262
k__Bacteria;p__Bacteroidetes;c__Bacteroidia;o__Bacteroidales;f__Bacteroidaceae;g__Bacteroides;s__Bacteroides_ovatus	0.00609052387135	-0.0408646917995	-0.00448395904462	0.00649825227564	0.0217579585869	1.0	-0.0208571377809	0.02316191915	0.0392449534095	-0.0200564718616	-0.0457383043245	0.00394844632787	-0.0365283905416	0.00911852636145	0.00888543264877	-0.0246856560578	-0.0176361170735	0.025913613717	-0.0080850054514	0.0164591425647	0.0339615653356	0.0186773744693	0.0165369421093	-0.00834571436243	-0.0242923941835	-0.0984978948104	-0.00201355274711	-0.0679457006012	0.00942643186662	0.0124488393868	0.00339515460232	-0.024986642723	0.00758667141498	0.0539091983947	0.000346152537178	-0.0240010309527	-0.0302782711444	0.0345161929597	0.00608435105939	0.00239686976901	-0.0867904147468	0.0339989470196	-0.017206360909	-0.0180918913153	0.0177507538869	0.0275892851615	0.00604439106593	-0.0494587989478	-0.0389425185873	0.0107397782946	-0.00819805910145	0.00348908216444	0.00758822216265	-0.0195334578552	0.0433703997888	-0.0237041799546	0.0254590430584	0.015464903229	0.0084095256134
k__Bacteria;p__Bacteroidetes;c__Bacteroidia;o__Bacteroidales;f__Rikenellaceae;g__Alistipes;s__Alistipes_shahii	0.00495394507846	-0.0399998523419	0.0175008728819	0.0363632298809	-0.0232410660698	-0.0208571377809	1.0	0.0137912620007	-0.0166360110981	-0.0217620849455	-0.0163546896337	-0.0350543378144	-0.0304559676986	-0.00502993506764	-0.0207014614582	-0.00586081804642	-0.0478273527499	0.0196879816366	0.0471506859568	-0.00967294759982	-0.0279798201106	-0.00945582408943	0.0649922651788	-0.0225774209302	0.0114463830838	-0.00810030503067	-0.00428738976789	-0.00988112663308	-0.0215116778925	-0.00580455486015	0.0101388689106	-0.0511576976324	-0.027969276752	0.0267344204651	-0.0264921792043	-0.0449244075046	-0.0213676475962	0.00694207431066	0.0129213155767	-0.0378074217641	-0.0457058586875	0.0305792605098	0.0118939831528	-0.0660242038905	0.00160408940714	-0.016773747818	-0.0132772200939	-0.00363675280704	-0.0108941066051	-0.00518692690605	-0.0192977161527	-0.0535147899069	-0.00300160687743	0.060345843157	0.0431939493959	-0.043064314106	0.0169516180005	-0.0156781875231	0.0252706876554
k__Bacteria;p__Firmicutes;c__Clostridia;o__Clostridiales;f__Ruminococcaceae;g__Faecalibacterium;s__Faecalibacterium_prausnitzii	-0.0427931640701	0.00971441998999	-0.0315721716776	-0.00140852110176	0.0515111643416	0.02316191915	0.0137912620007	1.0	-0.0624512448727	-0.0339899400974	0.0278281800419	-0.0793752052263	0.0135920445877	0.0305355417849	0.0279767831181	-0.00132782270845	-0.0280088074669	-0.0537312737314	-0.0382935351777	0.0251873668189	-0.0426150799305	-0.0121780825812	0.0100566146617	0.0217836950212	0.0701957388963	0.0361712643295	-0.0132277134761	-0.0221798713324	0.0159328055861	0.000769945800474	-0.0324795344224	-0.045782296895	-0.016504781131	-0.0239368878178	-0.0072816424555	-0.0367098451511	-0.0325393007074	-0.00215629979478	-0.0376484308611	-0.0686376208228	-0.0307568359377	0.0115115735184	-0.00139625942469	-0.00786250211025	0.0247933827036	-0.0401582317162	0.0192215219539	-0.0204162573846	0.0459356067696	0.0584837595698	-0.00705695244176	0.0476392143819	0.0265462811082	0.00229249278778	0.00435454828349	-0.0135728979291	-0.00339351536458	0.047680293621	0.0466474380378
k__Bacteria;p__Bacteroidetes;c__Bacteroidia;o__Bacteroidales;f__Rikenellaceae;g__Alistipes;s__Alistipes_finegoldii	-0.035320906194	0.0117331507214	-0.0194376180372	-0.0344999684411	0.0310359714306	0.0392449534095	-0.0166360110981	-0.0624512448727	1.0	0.016302642601	0.0107615288345	0.0547015660896	-0.0388963196907	-0.0699370111138	-0.0229666009975	0.00245802726976	-0.0261718525399	0.00501991438891	-0.0196116204454	-0.0034580628363	-0.00720115538236	-0.0138191737922	0.0174048522575	-0.0152683340114	0.0372672231668	-0.0192729020361	0.0259238709593	0.00473268750025	0.00876894385034	-0.0226202277526	-0.00746338677053	0.033446836816	-0.04095457716	0.0224807991497	0.0373893181433	-0.0206413685179	0.00549125606592	-0.0125578511295	-0.0520477339034	0.0555389253104	0.00909986332238	-0.00580034362284	0.0318489055236	0.0143300085968	0.0299130323041	-0.054869428438	0.0251704929848	0.00288945035669	0.0292114480171	-0.0233394322043	-0.0419988933479	-0.0323113812312	0.015368772617	0.0284452072561	0.0469183564403	-0.00149557710412	0.00476262380714	-0.02721011631	-0.0565454498376
k__Bacteria;p__Bacteroidetes;c__Bacteroidia;o__Bacteroidales;f__Porphyromonadaceae;g__Parabacteroides;s__Parabacteroides_distasonis	-0.0289394990551	0.0309212610191	-0.0148425227971	-0.0392902386846	0.00613453816064	-0.0200564718616	-0.0217620849455	-0.0339899400974	0.016302642601	1.0	0.000318455664743	0.0530097737449	0.00161904081379	0.0219690858784	-0.0409836692919	-0.021980738825	-0.0117802684695	-0.0188362413407	-0.0354018535789	-0.044582635153	-0.0179001985798	-0.0031288603012	-0.0143233259076	-0.0224470751282	0.0108627005779	-0.0291416099986	0.0418001739276	0.000328937390707	0.00366702560232	-0.0228599974776	0.0539611222821	-0.000660743160958	-0.0590665002097	-0.0106400570622	-0.0478711461881	0.0372316162601	-0.0658156762771	0.0127705406289	-0.0258313173353	0.0597006449532	-0.0396021971806	-0.049545797023	-0.0284460915461	0.00144451083647	-0.0261684596987	-0.0120895667709	0.0155753611392	-0.0206628115926	-0.00954969566489	0.022453800968	0.00314641110607	0.016641795864	0.00632258556855	-0.0143945748432	0.00398202675895	-0.0593661885878	-0.0704531735199	0.00674562536232	-0.0169085838763
k__Bacteria;p__Bacteroidetes;c__Bacteroidia;o__Bacteroidales;f__Bacteroidaceae;g__Bacteroides;s__Bacteroides_thetaiotaomicron	-0.0093264218637	-0.00285826563709	0.0153939919007	0.0362697724135	0.0408691853836	-0.0457383043245	-0.0163546896337	0.0278281800419	0.0107615288345	0.000318455664743	1.0	0.0284142702467	0.00189095198661	-0.0126138326317	-0.0116074421625	-0.023581939988	-0.0486120240021	0.00130027611654	-0.0353240079433	0.0157212444353	-0.0496106933209	0.00733811432971	-0.0173550121873	0.0605278849747	0.00893559975937	0.0192874903509	-0.00786599544541	0.0436622687535	0.00685046713191	-0.0220036792387	-0.0559995110129	-0.0771681813755	0.0251374023038	0.0275600885919	-0.0193216662358	-0.0327023184803	-0.00805165144382	0.0505652636956	-0.0368275991772	-0.0532063635329	0.0217846811331	-0.0689747117427	-0.0431227358556	0.082859426705	-0.032542545217	-0.036633131409	0.0092240574193	-0.0507194072062	-0.00657430345501	-0.00441398674273	-0.0326430648532	0.0153904441969	-0.0406298526251	-0.0364246116656	-0.0415133745374	0.0343381989236	-0.0391329031354	0.0380645708289	0.0256683095002
k__Bacteria;p__Bacteroidetes;c__Bacteroidia;o__Bacteroidales;f__Bacteroidaceae;g__Bacteroides;s__Bacteroides_coprocola	0.0293401913732	0.00934271918209	0.012707223467	-0.0349016123445	0.000165747413281	0.00394844632787	-0.0350543378144	-0.0793752052263	0.0547015660896	0.0530097737449	0.0284142702467	1.0	0.000516882568771	-0.0121789033595	-0.0434405765728	-0.00818860574919	0.00845148681647	0.0270529465249	0.00878160027732	-0.0365223726271	-0.0246888498498	0.0122034688363	-0.0189590137112	-0.0434549444099	0.0532526815166	0.00975612216385	-0.0282009492673	0.0105743551745	-0.0691040833261	0.0209692160132	-0.0454809728168	0.0750421938263	-0.0292010585658	-0.00928915428384	0.010973081837	0.00351447604402	-0.029255881709	-0.038812391357	0.0358837416232	-0.0209096876762	0.0233724232229	0.000235447794593	0.0177593436582	-0.01545491736	-0.0652959354137	-0.000897894258306	0.00898013640323	0.00438093745785	-0.0265090424554	-0.0217933298679	-0.0411696090771	0.0415860680781	-0.0127234672133	-0.00479935440834	0.0276530325184	0.0186048611226	0.00253267092167	-0.0163036687004	-0.0399163408328
k__Bacteria;p__Bacteroidetes;c__Bacteroidia;o__Bacteroidales;f__Bacteroidaceae;g__Bacteroides;s__Bacteroides_cellulosilyticus	-0.00809839076333	0.0474469798193	-0.0168287558083	-0.00661901708995	-0.00697104927073	-0.0365283905416	-0.0304559676986	0.0135920445877	-0.0388963196907	0.00161904081379	0.00189095198661	0.000516882568771	1.0	-0.0187714240253	-0.0574863572426	-0.0598270502972	-0.0216231023751	-0.00824005079309	-0.0491240058352	0.0234606768991	-0.0210071804641	-0.00681393362914	0.045003263098	0.0651406378759	0.0405986065057	-0.060863337163	-0.0104517818012	-0.0717119053598	0.055261813137	-0.0353389917917	0.0103275710837	-0.0570782200558	-0.0238804333082	-0.0381615199781	0.0169034501304	0.010371348361	0.0281699084993	0.0137024335745	0.0055438643542	0.00881579663768	0.0114312688335	0.044264413434	0.00476742956822	-0.0309893858368	0.0141020654045	-0.0117922218683	-0.027421145552	0.00699607889579	0.0106027899961	0.0351672861473	0.0264465534272	-0.0106120606606	-0.0358231344941	-0.0318716176737	0.0109556868611	-0.0602132518431	0.0546683500963	-0.0143579425524	0.0423350168029
k__Bacteria;p__Bacteroidetes;c__Bacteroidia;o__Bacteroidales;f__Rikenellaceae;g__Alistipes;s__Alistipes_obesi	-0.0108095385283	0.0334987229099	0.0502810292232	0.0142298560991	-0.0142326071336	0.00911852636145	-0.00502993506764	0.0305355417849	-0.0699370111138	0.0219690858784	-0.0126138326317	-0.0121789033595	-0.0187714240253	1.0	0.0573783309252	-0.0385089934695	-0.0169057731132	0.0164765218221	-0.0498873582857	0.00549369003801	-0.0168820652634	0.0141645685859	-0.0589043586908	-0.00854394699978	-0.02315396003	-0.0239772184265	-0.0227227235726	0.010035041943	0.0506769617235	0.041114186425	-0.00757801975046	0.0754821113468	-0.0455705214972	-0.0199113199888	-0.0413877883274	-0.0313526709221	0.0200876857964	-0.0252436178899	-0.00218275695708	0.0454938652776	-0.0172110713381	0.00864877903399	-0.0621150408119	0.00170976530366	-0.029816442356	-0.0173808791652	-0.00982805463151	0.0243640253023	0.0301680057618	0.0155089483756	-0.00660502781863	-0.04160868186	-0.0272573914007	-0.00136341075475	-0.0474603726979	-0.0543157008635	-0.0706313447488	0.026732159018	-0.00472099913731
k__Bacteria;p__Firmicutes;c__Clostridia;o__Clostridiales;f__Lachnospiraceae;g__;s__[Eubacterium]_rectale	0.0680788839945	-0.0115944500236	0.0304552489512	-0.0452627200547	0.0321112746428	0.00888543264877	-0.0207014614582	0.0279767831181	-0.0229666009975	-0.0409836692919	-0.0116074421625	-0.0434405765728	-0.0574863572426	0.0573783309252	1.0	0.0268645766932	-0.00180645394899	-0.0544435421401	0.0146113497183	0.0340179219948	0.00724144999859	-0.0576138377792	0.0165688544319	-0.00983357776815	0.0178373029407	0.0334287490804	-0.031233006963	0.0174375542565	-0.033757392971	-0.035713522722	-0.0287300512632	0.0169683263849	0.00502840865639	-0.0598897703874	-0.0187688063526	-0.0120842747877	-0.0542086569799	-0.019608358398	0.0181825359069	-0.0144511465358	0.0145053449729	-0.0124985306865	-0.0321588494213	-0.0334585417708	-0.00311003692877	-0.0173496269187	0.0555290475634	-0.0123430047202	0.0252752621162	-0.052096034442	0.0107197016342	-0.0300141411052	-0.00690156044502	-0.0181693072213	-0.0408365720925	-0.0437411706702	0.0164076160589	-0.0205770262454	-0.0137869642162
k__Bacteria;p__Bacteroidetes;c__Bacteroidia;o__Bacteroidales;f__Bacteroidaceae;g__Bacteroides;s__Bacteroides_plebeius	-0.0209208931212	-0.0410427507387	-0.0128043365048	0.0201603417432	-0.00634407443137	-0.0246856560578	-0.00586081804642	-0.00132782270845	0.00245802726976	-0.021980738825	-0.023581939988	-0.00818860574919	-0.0598270502972	-0.0385089934695	0.0268645766932	1.0	-0.00432650818744	0.000788881413097	0.028290113585	-0.0363479584855	0.0329501848622	0.0236387334116	-0.0315321208104	-0.033623951923	0.0378367396641	0.00542459063995	-0.011250818611	0.0324697322302	-0.0011805988542	-0.028152276083	-0.0608942457501	0.0440117207996	-0.0195922473418	0.0105861865434	0.0460445996413	0.0235357208795	-0.00780305810574	0.00184417597664	0.0052467115507	-0.0130744196249	-0.0668305009132	-0.0360250708866	0.00337376473103	-0.0175139393811	-0.014604702235	-0.0130610206534	-0.0243971059343	0.0134635742535	0.0148865450174	-0.0245395579856	0.0150895423084	-0.00626254977291	-0.0179566533399	-0.0442850038905	0.0101652230416	0.0232664394716	-0.0130047662706	0.016705720421	0.0385300719148
k__Bacteria;p__Bacteroidetes;c__Bacteroidia;o__Bacteroidales;f__Bacteroidaceae;g__Bacteroides;s__Bacteroides_fragilis	0.00254659751782	-0.0276873535636	-0.0176057570174	-0.0433089388676	0.0480317908498	-0.0176361170735	-0.0478273527499	-0.0280088074669	-0.0261718525399	-0.0117802684695	-0.0486120240021	0.00845148681647	-0.0216231023751	-0.0169057731132	-0.00180645394899	-0.00432650818744	1.0	0.0224159760149	-0.0446317041699	-0.0322349897006	0.00379078477437	-0.0062878749656	-0.028318285332	-0.0360861565899	0.00440874231787	-0.0167842475394	-0.0126024959554	-0.0480396086434	-0.00930769671256	0.0257735812471	0.0501308050971	-0.040261352224	0.012354636968	-0.0167404897442	-0.0788423207594	-0.0105106843562	0.0355437052529	-0.0321243274863	-0.00911063804461	0.00644856574519	0.0161018332186	0.0266077790262	0.0177700620205	0.000872701775117	0.00189930430759	0.0565201704712	-0.00943228530525	-0.00876686843209	0.0102921996631	-0.0347014559588	0.0084889070357	-0.0153232105392	0.000827729068574	-0.0441423551114	0.037474760841	0.0518543622513	-0.0201748458225	-0.00874379188364	-0.0109099910341
k__Bacteria;p__Proteobacteria;c__Betaproteobacteria;o__Burkholderiales;f__Sutterellaceae;g__Sutterella;s__Sutterella_wadsworthensis	-0.0107731986858	-0.0661177444968	0.00361321770761	-0.020150046358	-0.0525544091319	0.025913613717	0.0196879816366	-0.0537312737314	0.00501991438891	-0.0188362413407	0.00130027611654	0.0270529465249	-0.00824005079309	0.0164765218221	-0.0544435421401	0.000788881413097	0.0224159760149	1.0	0.0122712708587	-0.0292652315699	-0.0167680071753	0.0328442680506	-0.0544497757452	0.0231750665315	-0.00623035893014	-0.0242037647055	-0.00697358365457	-0.0248213161052	-0.0381048631863	0.00403066196412	0.0127119534776	0.00798644023679	-0.0454819963788	0.0134283274666	0.0312336411685	-0.0264463175127	-0.0208755568791	0.00215398852037	0.0531437413032	-0.0287463846537	0.016473682469	-0.0608706971425	0.00562576524896	-0.0572602911049	-0.0367213574792	0.0295398251505	0.000550166335312	-0.0059913757221	0.0628764287462	-0.0405609358041	0.00201044789851	-0.00149274665938	0.0235344338693	0.0348369072823	-0.00354793109319	-0.00822124520204	-0.0269353580613	0.00457876856209	-0.00992656511907
k__Bacteria;p__Bacteroidetes;c__Bacteroidia;o__Bacteroidales;f__Porphyromonadaceae;g__Barnesiella;s__Barnesiella_intestinihominis	-0.0863552605838	-0.0602073132771	-0.0177424025984	-0.0823628342518	-0.0234417729006	-0.0080850054514	0.0471506859568	-0.0382935351777	-0.0196116204454	-0.0354018535789	-0.0353240079433	0.00878160027732	-0.0491240058352	-0.0498873582857	0.0146113497183	0.028290113585	-0.0446317041699	0.0122712708587	1.0	0.0261916884944	0.0723913263033	-0.0606763592347	0.0156671014544	0.0357361381142	-0.00619189059911	0.0214689404255	-0.0481881979396	0.0198529604222	-0.0507678930345	0.0545908122982	0.0143823323084	-0.0161429970826	-0.0101858933936	0.0313659097355	0.014076125038	0.0169045312496	-0.0133561155026	-0.0644146853183	0.049639530357	0.0398951076465	-0.0392643819572	0.0133127664665	0.00943517084695	-0.0367925576012	0.0364887169552	0.0541075249942	-0.0164822835954	-0.027742836358	0.0183778608221	-0.0176810406741	0.0208173011461	0.00189333428758	-0.0160128516742	0.0115687589063	0.00927989497961	-0.0865205759291	-0.0103060580494	-0.0693487714626	0.00655740539746
k__Bacteria;p__Bacteroidetes;c__Bacteroidia;o__Bacteroidales;f__Odoribacteraceae;g__Odoribacter;s__Odoribacter_splanchnicus	-0.00152619083548	0.00621995674095	-0.0617777793525	-0.0224340973808	-0.0148552037073	0.0164591425647	-0.00967294759982	0.0251873668189	-0.0034580628363	-0.044582635153	0.0157212444353	-0.0365223726271	0.0234606768991	0.00549369003801	0.0340179219948	-0.0363479584855	-0.0322349897006	-0.0292652315699	0.0261916884944	1.0	-0.0413905726646	-0.00907737159767	0.0354971031007	0.0475960263406	0.0296241694608	-0.026777049867	-0.0347698645915	0.00717909497858	0.0530650598395	0.000405293544288	0.0385240066449	0.0194794512725	0.000683935488049	0.00572171498744	-0.00237696714532	-0.0128113814728	-0.0330708816536	0.0385371018974	-0.0529811129666	-0.0327655184283	0.0118073313458	-0.000892469891843	-0.0308653545855	-0.02247368526	-0.00457201955355	-0.0223162380922	0.0223419014324	-0.0276772685938	-0.0197174752739	-0.0368173421371	-0.00211403342448	-0.00641431817019	-0.0305158214937	0.0786533050177	-0.0124449115274	0.0321841128058	-0.00583706176423	0.0043073451739	-0.0791102664084
k__Bacteria;p__Bacteroidetes;c__Bacteroidia;o__Bacteroidales;f__Bacteroidaceae;g__Bacteroides;s__Bacteroides_salyersiae	0.0159794900144	-0.0582312759387	-0.0613634529178	0.000995357143609	-0.0188696374153	0.0339615653356	-0.0279798201106	-0.0426150799305	-0.00720115538236	-0.0179001985798	-0.0496106933209	-0.0246888498498	-0.0210071804641	-0.0168820652634	0.00724144999859	0.0329501848622	0.00379078477437	-0.0167680071753	0.0723913263033	-0.0413905726646	1.0	-0.00751002278857	0.0318398381358	-0.0196950139601	-0.0340563765022	-0.0052711327027	0.0620918732442	-0.00644437606314	0.0173236836615	0.0381213171615	-0.0502049844327	0.0106807811167	-0.00300869957289	0.0250219963951	-0.0296791447402	-0.0147446997323	-0.0699340168779	-0.0255703161103	-0.0145004305337	-0.0163486803524	-0.0372234523881	0.0365712019336	0.00618044860542	0.0119940791803	-0.000995858530712	-0.0340023941408	0.0168720635248	0.0224908971861	0.00108844424604	-0.0218182114135	-0.0222740271729	0.0148408010859	-0.00429043074946	-0.0175568437882	-0.0167655962955	-0.0100617889105	-0.0117742944425	-0.0116204457076	0.00596856237414
k__Bacteria;p__Firmicutes;c__Clostridia;o__Clostridiales;f__Ruminococcaceae;g__Ruminiclostridium;s__[Eubacterium]_siraeum	0.039943417762	0.0237450139547	0.0225115958256	0.0261214952919	-0.0460488357273	0.0186773744693	-0.00945582408943	-0.0121780825812	-0.0138191737922	-0.0031288603012	0.00733811432971	0.0122034688363	-0.00681393362914	0.0141645685859	-0.0576138377792	0.0236387334116	-0.0062878749656	0.0328442680506	-0.0606763592347	-0.00907737159767	-0.00751002278857	1.0	-0.0600326022019	-0.000704028973293	0.0319796398481	-0.0079129633663	0.00178230316647	-0.0380223668422	-0.0368965095143	-0.0684238197178	-0.0089537529731	-0.00329206005897	-0.00952679999121	-0.0150199201107	0.0675396535679	-0.00841790115482	-0.00133105562349	0.0106815034797	-0.0205723761737	0.0197239489685	-0.0106339861737	0.00292305421973	0.0494335695616	0.057589935002	-0.000751932498167	0.0667639846279	-0.0124623980484	-0.00400927028262	0.0345015916027	-0.0239787115353	0.0266333517429	0.0161239571323	-0.00329302497892	0.00737996815909	-0.0481579066919	-0.0312580034404	-0.03213856084	-0.000463805920725	0.00955418791116
k__Bacteria;p__Proteobacteria;c__Betaproteobacteria;o__Burkholderiales;f__Sutterellaceae;g__Parasutterella;s__Parasutterella_excrementihominis	0.00954375533778	-0.0385482587099	-0.0977209957752	-0.0292493192699	0.00892287744202	0.0165369421093	0.0649922651788	0.0100566146617	0.0174048522575	-0.0143233259076	-0.0173550121873	-0.0189590137112	0.045003263098	-0.0589043586908	0.0165688544319	-0.0315321208104	-0.028318285332	-0.0544497757452	0.0156671014544	0.0354971031007	0.0318398381358	-0.0600326022019	1.0	0.022048426702	0.00417243614811	0.0490265697193	-0.0146826062305	-0.03443299132	-0.00880041523838	-0.00999079053645	0.0267482112859	-0.0334425707398	0.00505765581462	-0.0590969174562	-0.0321643026426	-0.0100423556365	-0.0697765578892	-0.0174458542832	-0.0340717426154	-0.0563201632595	0.00655930395861	-0.00755432514284	-0.0625447738755	0.000774488808481	-0.0278276594441	-0.0101539849175	0.0103003178273	0.0354948911781	-0.0213060001072	-0.00582792097897	0.0027174453054	-0.0290508511872	0.00274934253285	-0.024970156787	0.0106642158441	-0.00302644686409	0.05639912722	0.0277145251946	-0.0177737495589
k__Bacteria;p__Actinobacteria;c__Actinobacteria;o__Bifidobacteriales;f__Bifidobacteriaceae;g__Bifidobacterium;s__Bifidobacterium_adolescentis	0.0063662355469	-0.0147012458438	0.0254140266296	-0.0283671829678	-0.0605858010532	-0.00834571436243	-0.0225774209302	0.0217836950212	-0.0152683340114	-0.0224470751282	0.0605278849747	-0.0434549444099	0.0651406378759	-0.00854394699978	-0.00983357776815	-0.033623951923	-0.0360861565899	0.0231750665315	0.0357361381142	0.0475960263406	-0.0196950139601	-0.000704028973293	0.022048426702	1.0	0.00102289666943	-0.00640681403899	0.0142417557145	-0.00831972762554	-0.0179781622435	0.0689188346069	-0.0552588026282	-0.0143163893776	0.0253943703428	0.0198168912565	-0.0314886308605	0.0307622617846	-0.0201472482255	-0.0217587073879	-0.00256398641875	0.0275118979845	0.0407654400759	0.0243380259788	-0.0343639477079	-0.0541408968067	-0.0462438282133	-0.00494229804281	-0.0768525825673	-0.036829169271	-0.0015732622479	0.0213268865508	-0.0187295239813	-0.00466392858777	0.0340058089689	-0.0289159469795	0.00265294619793	-0.045034566725	-0.00615135983265	0.00193572680599	0.0132987389685
k__Bacteria;p__Firmicutes;c__Clostridia;o__Clostridiales;f__Oscillospiraceae;g__Oscillibacter;s__Oscillibacter_sp._KLE_1745	-0.00773645813921	0.0205258554746	-0.0549380175476	0.0263444225882	0.00880029898004	-0.0242923941835	0.0114463830838	0.0701957388963	0.0372672231668	0.0108627005779	0.00893559975937	0.0532526815166	0.0405986065057	-0.02315396003	0.0178373029407	0.0378367396641	0.00440874231787	-0.00623035893014	-0.00619189059911	0.0296241694608	-0.0340563765022	0.0319796398481	0.00417243614811	0.00102289666943	1.0	0.0151184435542	0.0178519007255	0.0287780866291	-0.0375897477628	-0.0736444182332	-0.046827188365	-0.0155003422028	-0.0148258656567	-0.010538317907	0.00587148885552	-0.0495386049635	-0.0719639873955	0.0238656313234	0.0409735069912	-0.0175387987472	-0.0114584168512	0.0045813899109	0.03036783946	-0.0334077074569	0.0076108366047	0.00121395652839	-0.0079537166351	0.017436982002	-0.00878075268648	0.0445347344105	-0.0550820233343	-0.0227476090939	-0.0152723452776	-0.06296832242	0.0271942004354	0.0211894013422	0.000191415457366	-0.04127268245	-0.0115268633973
k__Bacteria;p__Bacteroidetes;c__Bacteroidia;o__Bacteroidales;f__Bacteroidaceae;g__Bacteroides;s__Bacteroides_coprophilus	-0.0302348791524	-0.0450880882162	0.0162347289615	-0.0147468098318	0.0111221531709	-0.0984978948104	-0.00810030503067	0.0361712643295	-0.0192729020361	-0.0291416099986	0.0192874903509	0.00975612216385	-0.060863337163	-0.0239772184265	0.0334287490804	0.00542459063995	-0.0167842475394	-0.0242037647055	0.0214689404255	-0.026777049867	-0.0052711327027	-0.0079129633663	0.0490265697193	-0.00640681403899	0.0151184435542	1.0	0.0302123312415	0.0194705138583	0.00715701056642	-0.0111656309001	0.0360894623247	0.0335883060295	0.00496705666618	-0.0221744145306	-0.01870758161	0.0242727051035	0.035289759158	0.0118593131564	-0.0405757447454	0.0196148538142	0.021482899749	-0.00554713518588	-0.0127965156396	-0.048528892551	0.0216956782994	-0.00649192061754	-0.00189938571453	0.0544515411098	0.032369483369	0.0209886826005	0.0139005537891	-0.000724630442408	-0.033339183561	-0.0283322497868	-0.00244112260233	0.0079600131423	0.0302393280024	-0.0770662557946	0.0448673650739
k__Bacteria;p__Firmicutes;c__Clostridia;o__Clostridiales;f__Lachnospiraceae;g__Roseburia;s__Roseburia_intestinalis	0.0130198348314	-0.00467406328428	-0.0160005713913	0.0415026122286	-0.0217843316079	-0.00201355274711	-0.00428738976789	-0.0132277134761	0.0259238709593	0.0418001739276	-0.00786599544541	-0.0282009492673	-0.0104517818012	-0.0227227235726	-0.031233006963	-0.011250818611	-0.0126024959554	-0.00697358365457	-0.0481881979396	-0.0347698645915	0.0620918732442	0.00178230316647	-0.0146826062305	0.0142417557145	0.0178519007255	0.0302123312415	1.0	0.0471243444155	-0.0221748034794	-0.0179383169591	-0.0399071110128	-0.030623045624	-0.013295312484	-0.0220255940802	-0.0414369808506	0.00919172883074	-0.00693263128396	0.0295380584513	0.0219183846238	-0.0244752450908	-0.0251269836155	-0.0537204290816	-0.00465951271657	0.00250199874065	0.0713071063883	0.074980371763	0.0366547051605	0.0121458210438	-0.022083730019	-0.00792516886002	-0.0240471907802	-0.0274219716968	0.0798258275097	-0.0215965721134	-0.010891453365	-0.0161973018326	-0.0249099544354	-0.00322346346704	-0.036215982398
k__Bacteria;p__Firmicutes;c__Clostridia;o__Clostridiales;f__Lachnospiraceae;g__Roseburia;s__Roseburia_hominis	-0.00814285274804	0.0393735049596	-0.0137834268363	0.0215921557888	-0.03349940094	-0.0679457006012	-0.00988112663308	-0.0221798713324	0.00473268750025	0.000328937390707	0.0436622687535	0.0105743551745	-0.0717119053598	0.010035041943	0.0174375542565	0.0324697322302	-0.0480396086434	-0.0248213161052	0.0198529604222	0.00717909497858	-0.00644437606314	-0.0380223668422	-0.03443299132	-0.00831972762554	0.0287780866291	0.0194705138583	0.0471243444155	1.0	-0.0424387355247	0.0253067123577	-0.00419241691329	-0.039303303957	0.0534205013177	-0.0667569259623	-0.0406747831332	-0.00493613577548	0.00596204515354	-0.00727044260186	0.03744726591	-0.00300935042868	0.0325865638125	0.00233839559983	-0.0256264555322	-0.0528537439817	-0.0738327459112	0.0239394300689	0.0263081331125	-0.00316723505876	-0.02795257202	-0.0319682206384	0.0734567686715	-0.0169064436342	0.0154436110399	-0.0274622692629	-0.00911288242176	0.00869292093335	0.0049745771382	-0.0601563015911	0.000838351483813
k__Bacteria;p__Bacteroidetes;c__Bacteroidia;o__Bacteroidales;f__Porphyromonadaceae;g__Parabacteroides;s__Parabacteroides_johnsonii	0.0515338834561	-0.0316728886963	0.0360716614296	-0.0277311034528	-0.0171917793669	0.00942643186662	-0.0215116778925	0.0159328055861	0.00876894385034	0.00366702560232	0.0068504671319	-0.0691040833261	0.055261813137	0.0506769617235	-0.033757392971	-0.0011805988542	-0.00930769671256	-0.0381048631863	-0.0507678930345	0.0530650598395	0.0173236836615	-0.0368965095143	-0.00880041523838	-0.0179781622435	-0.0375897477628	0.00715701056642	-0.0221748034794	-0.0424387355247	1.0	-0.00816380032816	0.0172653296437	-0.0363049678098	-0.0479884078406	0.027042426851	0.0307138185767	0.00217962528337	-0.00931543086449	-0.0170902638921	-0.0103026528393	-0.000887933393751	-0.0330696122514	0.0357243768119	0.0284964856209	-0.014937395859	0.0252890226385	0.00467336190258	-0.0326380266873	-0.0072878730038	-0.0627777001201	-0.0671177396428	0.0016216495795	0.0370529006902	-0.0171246359334	0.00748222944922	0.0449286694579	-0.0547987715258	-0.0250859420802	0.00347411086772	-0.0490506396079
k__Bacteria;p__Actinobacteria;c__Actinobacteria;o__Bifidobacteriales;f__Bifidobacteriaceae;g__Bifidobacterium;s__Bifidobacterium_longum	0.0365527245214	-0.053431828932	-0.0207764775905	-0.00370516963999	0.0125054622793	0.0124488393868	-0.00580455486015	0.000769945800474	-0.0226202277526	-0.0228599974776	-0.0220036792387	0.0209692160132	-0.0353389917917	0.041114186425	-0.035713522722	-0.028152276083	0.0257735812471	0.00403066196412	0.0545908122982	0.000405293544288	0.0381213171615	-0.0684238197178	-0.00999079053645	0.0689188346069	-0.0736444182332	-0.0111656309001	-0.0179383169591	0.0253067123577	-0.00816380032816	1.0	0.0103744109923	-0.00983106097718	0.0493291959899	0.000592656343439	-0.0715453004033	0.0357458347331	-0.0477781611226	0.0129556437805	-0.000736271764662	-0.0216654322383	-0.0126832967786	-0.0316715807112	0.0314508586031	-0.00816359561304	-0.0312852503912	0.0142652825119	0.0292635282421	0.0031127741891	0.00482334765296	0.0431741903483	0.00343410256179	-0.0152760689229	-0.004562539527	0.0305681344684	-0.00906425193113	0.00832720022357	0.0128998057282	-0.0301377154689	0.0334984742027
