#taxonomy	k__Bacteria;p__Bacteroidetes;c__Bacteroidia;o__Bacteroidales;f__Bacteroidaceae;g__Bacteroides;s__Bacteroides_vulgatus	k__Bacteria;p__Bacteroidetes;c__Bacteroidia;o__Bacteroidales;f__Bacteroidaceae;g__Bacteroides;s__Bacteroides_uniformis	k__Bacteria;p__Bacteroidetes;c__Bacteroidia;o__Bacteroidales;f__Rikenellaceae;g__Alistipes;s__Alistipes_putredinis	k__Bacteria;p__Bacteroidetes;c__Bacteroidia;o__Bacteroidales;f__Prevotellaceae;g__Prevotella;s__Prevotella_copri	k__Bacteria;p__Bacteroidetes;c__Bacteroidia;o__Bacteroidales;f__Bacteroidaceae;g__Bacteroides;s__Bacteroides_stercoris	k__Bacteria;p__Bacteroidetes;c__Bacteroidia;o__Bacteroidales;f__Bacteroidaceae;g__Bacteroides;s__Bacteroides_ovatus	k__Bacteria;p__Bacteroidetes;c__Bacteroidia;o__Bacteroidales;f__Rikenellaceae;g__Alistipes;s__Alistipes_shahii	k__Bacteria;p__Firmicutes;c__Clostridia;o__Clostridiales;f__Ruminococcaceae;g__Faecalibacterium;s__Faecalibacterium_prausnitzii	k__Bacteria;p__Bacteroidetes;c__Bacteroidia;o__Bacteroidales;f__Rikenellaceae;g__Alistipes;s__Alistipes_finegoldii	k__Bacteria;p__Bacteroidetes;c__Bacteroidia;o__Bacteroidales;f__Porphyromonadaceae;g__Parabacteroides;s__Parabacteroides_distasonis	k__Bacteria;p__Bacteroidetes;c__Bacteroidia;o__Bacteroidales;f__Bacteroidaceae;g__Bacteroides;s__Bacteroides_thetaiotaomicron	k__Bacteria;p__Bacteroidetes;c__Bacteroidia;o__Bacteroidales;f__Bacteroidaceae;g__Bacteroides;s__Bacteroides_coprocola	k__Bacteria;p__Bacteroidetes;c__Bacteroidia;o__Bacteroidales;f__Bacteroidaceae;g__Bacteroides;s__Bacteroides_cellulosilyticus	k__Bacteria;p__Bacteroidetes;c__Bacteroidia;o__Bacteroidales;f__Rikenellaceae;g__Alistipes;s__Alistipes_obesi	k__Bacteria;p__Firmicutes;c__Clostridia;o__Clostridiales;f__Lachnospiraceae;g__;s__[Eubacterium]_rectale	k__Bacteria;p__Bacteroidetes;c__Bacteroidia;o__Bacteroidales;f__Bacteroidaceae;g__Bacteroides;s__Bacteroides_plebeius	k__Bacteria;p__Bacteroidetes;c__Bacteroidia;o__Bacteroidales;f__Bacteroidaceae;g__Bacteroides;s__Bacteroides_fragilis	k__Bacteria;p__Proteobacteria;c__Betaproteobacteria;o__Burkholderiales;f__Sutterellaceae;g__Sutterella;s__Sutterella_wadsworthensis	k__Bacteria;p__Bacteroidetes;c__Bacteroidia;o__Bacteroidales;f__Porphyromonadaceae;g__Barnesiella;s__Barnesiella_intestinihominis	k__Bacteria;p__Bacteroidetes;c__Bacteroidia;o__Bacteroidales;f__Odoribacteraceae;g__Odoribacter;s__Odoribacter_splanchnicus	k__Bacteria;p__Bacteroidetes;c__Bacteroidia;o__Bacteroidales;f__Bacteroidaceae;g__Bacteroides;s__Bacteroides_salyersiae	k__Bacteria;p__Firmicutes;c__Clostridia;o__Clostridiales;f__Ruminococcaceae;g__Ruminiclostridium;s__[Eubacterium]_siraeum	k__Bacteria;p__Proteobacteria;c__Betaproteobacteria;o__Burkholderiales;f__Sutterellaceae;g__Parasutterella;s__Parasutterella_excrementihominis	k__Bacteria;p__Actinobacteria;c__Actinobacteria;o__Bifidobacteriales;f__Bifidobacteriaceae;g__Bifidobacterium;s__Bifidobacterium_adolescentis	k__Bacteria;p__Firmicutes;c__Clostridia;o__Clostridiales;f__Oscillospiraceae;g__Oscillibacter;s__Oscillibacter_sp._KLE_1745	k__Bacteria;p__Bacteroidetes;c__Bacteroidia;o__Bacteroidales;f__Bacteroidaceae;g__Bacteroides;s__Bacteroides_coprophilus	k__Bacteria;p__Firmicutes;c__Clostridia;o__Clostridiales;f__Lachnospiraceae;g__Roseburia;s__Roseburia_intestinalis	k__Bacteria;p__Firmicutes;c__Clostridia;o__Clostridiales;f__Lachnospiraceae;g__Roseburia;s__Roseburia_hominis	k__Bacteria;p__Bacteroidetes;c__Bacteroidia;o__Bacteroidales;f__Porphyromonadaceae;g__Parabacteroides;s__Parabacteroides_johnsonii	k__Bacteria;p__Actinobacteria;c__Actinobacteria;o__Bifidobacteriales;f__Bifidobacteriaceae;g__Bifidobacterium;s__Bifidobacterium_longum	k__Bacteria;p__Firmicutes;c__Clostridia;o__Clostridiales;f__;g__Flavonifractor;s__Flavonifractor_plautii	k__Bacteria;p__Firmicutes;c__Clostridia;o__Clostridiales;f__Clostridiaceae;g__Clostridium;s__Clostridium_phoceensis	k__Bacteria;p__Verrucomicrobia;c__Verrucomicrobiae;o__Verrucomicrobiales;f__Akkermansiaceae;g__Akkermansia;s__Akkermansia_muciniphila	k__Bacteria;p__Bacteroidetes;c__Bacteroidia;o__Bacteroidales;f__Prevotellaceae;g__Paraprevotella;s__Paraprevotella_xylaniphila	k__Bacteria;p__Firmicutes;c__Clostridia;o__Clostridiales;f__Ruminococcaceae;g__Ruminococcus;s__Ruminococcus_callidus	k__Bacteria;p__Bacteroidetes;c__Bacteroidia;o__Bacteroidales;f__Rikenellaceae;g__Alistipes;s__Alistipes_senegalensis	k__Bacteria;p__Firmicutes;c__Clostridia;o__Clostridiales;f__Lachnospiraceae;g__Blautia;s__Blautia_sp._KLE_1732	k__Bacteria;p__Bacteroidetes;c__Bacteroidia;o__Bacteroidales;f__Bacteroidaceae;g__Bacteroides;s__Bacteroides_oleiciplenus	k__Bacteria;p__Firmicutes;c__Clostridia;o__Clostridiales;f__Ruminococcaceae;g__Ruminococcus;s__Ruminococcus_bicirculans	k__Bacteria;p__Bacteroidetes;c__Bacteroidia;o__Bacteroidales;f__Bacteroidaceae;g__Bacteroides;s__Bacteroides_fluxus	k__Bacteria;p__Bacteroidetes;c__Bacteroidia;o__Bacteroidales;f__Prevotellaceae;g__Prevotella;s__Prevotella_stercorea	k__Bacteria;p__Firmicutes;c__Clostridia;o__Clostridiales;f__Lachnospiraceae;g__Dorea;s__Dorea_longicatena	k__Bacteria;p__Firmicutes;c__Clostridia;o__Clostridiales;f__Eubacteriaceae;g__Eubacterium;s__[Eubacterium]_eligens	k__Bacteria;p__Firmicutes;c__Clostridia;o__Clostridiales;f__Ruminococcaceae;g__;s__Ruminococcaceae_bacterium_D16	k__Bacteria;p__Firmicutes;c__Clostridia;o__Clostridiales;f__Lachnospiraceae;g__Coprococcus;s__Coprococcus_comes	k__Bacteria;p__Proteobacteria;c__Gammaproteobacteria;o__Enterobacterales;f__Enterobacteriaceae;g__Escherichia;s__Escherichia_coli	k__Bacteria;p__Firmicutes;c__Clostridia;o__Clostridiales;f__Ruminococcaceae;g__Anaerotruncus;s__Anaerotruncus_colihominis	k__Bacteria;p__Firmicutes;c__Clostridia;o__Clostridiales;f__Lachnospiraceae;g__Blautia;s__Blautia_obeum	k__Bacteria;p__Bacteroidetes;c__Bacteroidia;o__Bacteroidales;f__Odoribacteraceae;g__Odoribacter;s__Odoribacter_laneus	k__Bacteria;p__Firmicutes;c__Clostridia;o__Clostridiales;f__Ruminococcaceae;g__Ruminiclostridium;s__[Clostridium]_leptum	k__Bacteria;p__Bacteroidetes;c__Bacteroidia;o__Bacteroidales;f__Porphyromonadaceae;g__Parabacteroides;s__Parabacteroides_goldsteinii	k__Bacteria;p__Firmicutes;c__Clostridia;o__Clostridiales;f__Lachnospiraceae;g__Anaerostipes;s__Anaerostipes_hadrus	k__Bacteria;p__Firmicutes;c__Clostridia;o__Clostridiales;f__Ruminococcaceae;g__Ruminococcus;s__Ruminococcus_lactaris	k__Bacteria;p__Firmicutes;c__Clostridia;o__Clostridiales;f__Clostridiaceae;g__Clostridium;s__Clostridium_sp._L2-50	k__Bacteria;p__Firmicutes;c__Clostridia;o__Clostridiales;f__Clostridiaceae;g__Clostridium;s__Clostridium_sp._M62/1	k__Bacteria;p__Firmicutes;c__Clostridia;o__Clostridiales;f__;g__Intestinimonas;s__Intestinimonas_butyriciproducens	k__Bacteria;p__Actinobacteria;c__Actinobacteria;o__Bifidobacteriales;f__Bifidobacteriaceae;g__Bifidobacterium;s__Bifidobacterium_bifidum	k__Bacteria;p__Firmicutes;c__Negativicutes;o__Veillonellales;f__Veillonellaceae;g__Dialister;s__Dialister_invisus	k__Bacteria;p__Bacteroidetes;c__Bacteroidia;o__Bacteroidales;f__Bacteroidaceae;g__Bacteroides;s__Bacteroides_salanitronis
k__Bacteria;p__Bacteroidetes;c__Bacteroidia;o__Bacteroidales;f__Bacteroidaceae;g__Bacteroides;s__Bacteroides_vulgatus	1.0	0.0047501825797	0.00606079207298	-0.0301803900345	-0.0509738055035	-0.0120728303225	0.00189437828597	0.000378881826424	-0.000703105721212	-0.0141087574309	-0.0158662443798	-0.00920428196228	-0.0548739417622	-0.0848184973335	0.013663059805	-0.0223915332118	0.0236784409257	-0.00482906451944	0.0480964419837	0.00364980845744	-0.0328126131819	0.0219757363201	-0.0387815593944	-0.0383356589505	-0.0277410599609	-0.0192725268971	-0.0664753736623	0.0397803186659	-0.0056139057904	-0.014890632649	-0.0321859048208	0.0179844986836	0.00707237099497	0.0173422058918	-0.0357178337287	0.0319765307031	0.0203063361212	-0.00976509823337	-0.00446092931765	-0.0387280587421	0.028702419482	0.00650125628005	-0.0115908602629	0.0205728326948	-0.018143549729	-0.0028163940663	0.0558548167526	-0.0227222409808	0.0163100544786	0.00875889290543	0.0323171681493	0.00652153023038	-0.0491504899293	-0.0521113149358	-0.0671445470095	0.0706119900331	0.0260197351251	-0.0307285317571	-0.0470001732806
k__Bacteria;p__Bacteroidetes;c__Bacteroidia;o__Bacteroidales;f__Bacteroidaceae;g__Bacteroides;s__Bacteroides_uniformis	0.0047501825797	1.0	-0.0144661102194	-0.0428256983151	-0.0175982922749	0.021269017599	-0.00630954706682	-0.0605721447918	0.0210393122714	0.0127338201766	-0.000305709382459	0.00898835098169	0.000139421411264	-0.000514125801324	-0.0256402379758	0.0348439006254	-0.0328220931183	-0.0169031458967	-0.0288050256297	-0.0196849297284	0.00980802472216	-0.0385232093885	0.0526878490897	0.0181748364778	0.0100383582698	0.00282952065726	-0.0412388425804	-0.0138453204098	-0.0103852549509	0.0120201612245	0.0419300020825	-0.0377664271765	-0.030429300214	-0.0588741103207	-0.0417814223081	-0.00314584988535	-0.0233470081335	-0.0725254505952	0.0377342047755	-0.0203245860626	0.0105765828064	-0.0147369941029	0.00133509609795	-0.0471298196699	-0.0259321552907	-0.0106559157992	0.0375214438419	-0.00602864733652	0.0289928141279	-0.00466556875792	0.00348337409495	-0.00319526178313	0.0508006447159	-0.017955330477	-0.0268034492075	-0.00581068188678	-0.0316043623641	-0.0419747388305	-0.020608487991
k__Bacteria;p__Bacteroidetes;c__Bacteroidia;o__Bacteroidales;f__Rikenellaceae;g__Alistipes;s__Alistipes_putredinis	0.00606079207298	-0.0144661102194	1.0	0.0419745301438	-0.00551237791707	-0.0390211242883	-0.0152517423913	-0.00966230416327	-0.00187215950602	0.0379388041436	-0.0235696641451	-0.0639658186369	0.0442715498239	-0.00941049556005	0.0091806896236	0.0412885185474	0.0382209675698	-0.0219688462032	0.065610348908	-0.0171265639395	0.0238674532542	-0.00182407943053	-0.0390935343234	0.0309774112989	0.0121117148832	0.0146533331439	-0.058682930264	0.0128845779969	-0.0800233741461	0.0228229434103	-0.0949141312879	0.00270773588138	-0.00474770336869	0.0235343268914	0.0310075292678	-0.0322454936798	-0.014300178139	-0.0020817493189	0.06151561531	-0.0149926290795	0.00499050781102	-0.0333800533465	0.014935438906	0.0166020117781	-0.0145028844289	-0.018785457236	0.0173260085489	-0.0808378256642	-0.048722402071	-0.0361380549261	-0.0319876790792	0.0104360283618	-0.0313547176698	0.014877848449	0.0540631981357	-0.0440538952754	-0.0127131267673	-0.04202087857	0.00118815627894
k__Bacteria;p__Bacteroidetes;c__Bacteroidia;o__Bacteroidales;f__Prevotellaceae;g__Prevotella;s__Prevotella_copri	-0.0301803900345	-0.0428256983151	0.0419745301438	1.0	-0.0159297864831	-0.02585816722	0.0321480207246	-0.0092792026159	-0.0293029213847	-0.038149022585	0.00570115359039	-0.0388614735441	-0.0633709291224	0.0316859958444	-0.00311166755894	-0.00985506198116	-0.0306625294517	0.0337519019775	-0.00857766296461	0.0111943419554	-0.051456283228	0.026844916448	0.0394523280823	-0.0118134364186	-0.0390219707771	0.0364698271339	-0.00754141392913	0.0745305894221	0.00446199657942	-0.0149526097267	-0.000809417040364	0.0295882554821	-0.0406145548564	0.0250614377833	-0.0159144227405	-0.0313896712147	0.0535943397302	-0.00799013681694	-0.0188894022484	-0.0322881203435	-0.0408807670667	-0.0419323368834	-0.00833006901345	-0.0335469534697	-0.0180965590459	-0.032241842949	-0.0276749262014	0.0134079028122	-0.0317624307941	-0.0080673927145	-0.021233360195	0.011218781615	0.0396853263327	0.0206949013446	-0.0104132777454	-0.0221609900296	-0.0449037443058	-0.0108569246277	0.0212838310439
k__Bacteria;p__Bacteroidetes;c__Bacteroidia;o__Bacteroidales;f__Bacteroidaceae;g__Bacteroides;s__Bacteroides_stercoris	-0.0509738055035	-0.0175982922749	-0.00551237791707	-0.0159297864831	1.0	0.0196044280522	-0.0118288045406	0.00827169979563	-0.0395518031984	-0.00936838892171	-0.0477896024013	-0.00987488668088	0.00962689604935	-0.0419894794235	0.0242056342003	-0.0667058375308	0.0392237442089	0.00184946989783	0.00486312201083	-0.0190239635835	-0.0643065707194	-0.00688645971689	0.018712604651	-0.0386868406428	-0.022513606284	0.0681976035387	0.0330291273031	-0.0309235777707	-0.0426034516547	0.0141221170622	-0.0290185244835	-0.0155242275266	0.0156293263899	-0.0174465569918	-0.00826373381297	-0.0813917013889	-0.0150232470625	0.00249436665063	-0.0213758318458	0.00455273829858	0.0403704618275	-0.0157293590759	-0.00451669620143	-0.0195212821134	0.00879092564112	0.0327048640614	-0.052233089028	0.00211689940051	-0.0173402133997	0.00619782051966	0.00852822818607	0.033442763886	0.0550670694451	-0.0174205383485	0.04856373244	-0.0223408012056	-0.0621320077906	0.00814987245269	0.00943693737748
k__Bacteria;p__Bacteroidetes;c__Bacteroidia;o__Bacteroidales;f__Bacteroidaceae;g__Bacteroides;s__Bacteroides_ovatus	-0.0120728303225	0.021269017599	-0.0390211242883	-0.02585816722	0.0196044280522	1.0	0.00643910421854	0.00171853386397	-0.0457199433338	0.00202978304172	0.00428972178409	-0.040451392388	0.00498015224484	-0.0532106924694	-0.0420073202992	-0.0534002280413	-0.0427327939421	0.00840089564808	-0.00849408757209	-0.0100894114342	0.0217325015451	0.0226488947402	0.0203324573298	0.0502084267917	0.0157414234001	0.0592184489107	0.0497137319379	0.00236806514371	0.0545402164327	0.0206412050205	-0.0180339180389	-0.0474909342715	0.0174366936685	-0.0186130350353	-0.024004253117	-0.000416110590884	-0.0290801477397	-0.05271156516	-0.0300404820419	0.0062740738284	0.0398020505182	0.0413704760781	0.0224473533029	-0.0319662807328	-0.0253903867824	-0.0123603258599	-0.0370184736601	0.0218471838989	-0.0360830165776	-0.0193966775869	-0.0585197110217	-0.0455233450831	-0.0754111248478	0.0276156182288	0.0248067083719	-0.00108419570308	0.00833833649627	0.0137762663162	-0.0147071736307
k__Bacteria;p__Bacteroidetes;c__Bacteroidia;o__Bacteroidales;f__Rikenellaceae;g__Alistipes;s__Alistipes_shahii	0.00189437828597	-0.00630954706682	-0.0152517423913	0.0321480207246	-0.0118288045406	0.00643910421854	1.0	-0.0504274135855	-0.0366740806236	-0.0711842904081	-0.0382645249207	-0.00809233124482	0.0376539135386	-0.0340604157756	-0.0130240182482	0.0265534074255	0.0349392476818	-0.0478780723939	-0.00824206395158	0.00152872922435	-0.0393998645466	-0.0849326097462	0.0279742938302	-0.00611465492923	0.0200426099365	0.00218724582961	0.003725183706	-0.0397771465493	0.0124883332507	-0.018105276515	-0.019524807634	0.0303176699693	-0.00852958545811	0.0173440421178	-0.0153243701234	0.0417413938689	0.0128066364923	0.00157798225356	0.00272983314796	0.0433474093841	-0.0163207180089	0.0865297939825	-0.0160585067985	0.040816577871	-0.0406555007027	0.0193647257326	0.0321921978621	-0.0475570646135	-0.0265274847119	-0.0121856916431	-0.00720248804603	0.0034340773106	0.0139583306976	-0.0390033772434	-0.0427517481798	-0.00428470745195	0.0017028808329	0.00117842277021	-0.0733714239744
k__Bacteria;p__Firmicutes;c__Clostridia;o__Clostridiales;f__Ruminococcaceae;g__Faecalibacterium;s__Faecalibacterium_prausnitzii	0.000378881826424	-0.0605721447918	-0.00966230416327	-0.0092792026159	0.00827169979563	0.00171853386397	-0.0504274135855	1.0	-0.0281324163393	-0.0299615849387	-0.0305702399298	0.0170365514582	0.0117663080044	0.00880788627099	-0.0852856386279	-0.00783569364413	0.0403861130696	0.0189031550081	0.0420689315401	-0.0500071698817	-0.0514908013124	-0.00183072202048	-0.00286865501658	0.0061487253139	-0.0217820095972	-0.030205088014	-0.0346273630294	0.0045906412045	-0.0028232793702	-0.0383596548314	-0.00147770047072	0.0217380115075	-0.0155694486661	0.0154573090957	0.0211468935021	0.00615286695157	0.108621594682	-0.040780236786	0.00850538171714	-0.00155004566523	-0.0436241446513	0.0367929665905	-0.0240239858379	-0.00606512838537	0.0558639089602	-0.0539543179539	0.0192718498447	-0.0669448625713	-0.0192953573429	-0.0153235029333	-0.000931164592851	-0.0418311654198	-0.0447734161799	-0.00519321214642	-0.0036592728606	-0.0177314917508	0.00579732903616	-0.033049301229	0.0178926073498
k__Bacteria;p__Bacteroidetes;c__Bacteroidia;o__Bacteroidales;f__Rikenellaceae;g__Alistipes;s__Alistipes_finegoldii	-0.000703105721212	0.0210393122714	-0.00187215950602	-0.0293029213847	-0.0395518031984	-0.0457199433338	-0.0366740806236	-0.0281324163393	1.0	0.0604001913114	0.00669684827116	-0.0580188792126	-0.0194308168812	0.0169911164465	-0.0170078945747	0.0601291411715	-0.0212651548506	0.0200942637072	0.00234268070512	0.0196646665636	0.0360611363955	-0.0392033426869	0.00147227062769	-0.0961614666654	-0.0287969562869	-0.0095407045375	-0.0167290916344	-0.00645643114125	0.0326102057122	-0.040697931455	-0.0567968922777	-0.0243103300806	-0.0219114998733	-0.00844519806465	-0.0298321452432	0.00799575305616	0.0217747877969	-0.00109085093725	-0.0540464200019	-0.0343541768758	0.0388473958549	0.0117009334398	0.0297893949349	0.00830245985592	-0.0115728783343	-0.0109846767032	0.0298998861918	0.00279173565083	0.00577562670571	0.0342984048616	0.0151874456573	-0.0637749072516	-0.0443230316891	-0.0180380544349	-0.0057798236825	0.0107355073122	-0.00603874322103	0.0501582832696	-0.0268069631334
k__Bacteria;p__Bacteroidetes;c__Bacteroidia;o__Bacteroidales;f__Porphyromonadaceae;g__Parabacteroides;s__Parabacteroides_distasonis	-0.0141087574309	0.0127338201766	0.0379388041436	-0.038149022585	-0.00936838892171	0.00202978304172	-0.0711842904081	-0.0299615849387	0.0604001913114	1.0	-0.0364452401036	-0.0111487810836	0.0191817322073	0.0420343511329	-0.00797872865497	-0.00246174609016	-0.0455683441734	-0.0463614862352	-0.021974766663	-0.0163492322968	-0.00697106905187	0.000879202554258	-0.00504417766864	0.00776597759731	-0.00756193134898	0.0360953783063	0.0178552237596	0.0308757129654	-0.0170874192536	-0.0563818077904	0.0506931416897	0.0225273003969	-0.00513715851356	0.0302653146713	-0.0792641654881	0.0283136494426	-0.027088202871	0.001148133928	0.00434958119277	-0.0813272267428	0.0232135834678	0.000951315967061	0.0407952922858	-0.0182550326597	-0.0269499280457	-0.0180132549256	0.0670480967662	-0.0397639903978	-0.0248498544911	-0.0470282023288	-0.0424633841195	-0.0623582003153	-0.0214811558177	0.00802893746342	-0.000100214830945	-0.00323272624628	0.0408974967331	-0.0116343746925	0.0301661408833
k__Bacteria;p__Bacteroidetes;c__Bacteroidia;o__Bacteroidales;f__Bacteroidaceae;g__Bacteroides;s__Bacteroides_thetaiotaomicron	-0.0158662443798	-0.000305709382459	-0.0235696641451	0.00570115359039	-0.0477896024013	0.00428972178409	-0.0382645249207	-0.0305702399298	0.00669684827116	-0.0364452401036	1.0	0.0127867524434	-0.044723305385	-0.061831632043	-0.0216175164056	0.024599346239	0.0209011230769	-0.0320463553134	-0.045450299853	0.0306216317859	-0.0073141053707	0.00635190256735	-0.0317014254074	0.00442166440725	0.0226745599006	-0.0382797286219	-0.0322180859072	0.023109111746	0.0474646685512	0.00737293301491	0.0411911209105	-0.049473978363	-0.015237182999	0.0017266836873	0.00251530246742	-0.0159792656982	0.0011335901993	-0.078203386575	-0.0258104314779	0.0150393003158	0.0625344060543	0.0175432021445	-0.0301541186572	-0.0610454006411	-0.0237344133335	-0.00310457493113	-0.0268677850362	0.0195911087635	-0.00536144624863	0.0332035175527	-0.02611565713	0.016682922043	0.0570180655773	-0.00533222335072	-0.0212889946009	0.0106642716641	-0.0475203614655	0.0436324002266	-0.00170799554918
k__Bacteria;p__Bacteroidetes;c__Bacteroidia;o__Bacteroidales;f__Bacteroidaceae;g__Bacteroides;s__Bacteroides_coprocola	-0.00920428196228	0.00898835098169	-0.0639658186369	-0.0388614735441	-0.00987488668088	-0.040451392388	-0.00809233124482	0.0170365514582	-0.0580188792126	-0.0111487810836	0.0127867524434	1.0	0.0458809117461	-0.0415921952087	0.0140084148032	-0.00357548150709	0.0265328705936	-0.0125206405987	0.0374362579193	-0.0324606897377	-0.00812014725389	-0.00564450883827	0.0123638099155	-0.0236527024997	0.0484957273175	-0.0396043981188	0.0269531439107	0.048158301945	0.0459912129027	-0.0155589416841	0.0306380195124	-0.0629345411711	0.013813347423	-0.0159470449806	0.022705699608	-0.0344678222677	-0.0182751914597	0.0268860773043	0.0298094318321	-0.00612370355874	0.0088003072292	-0.0614356557483	-0.0294860297852	0.0131659055831	-0.0133271772431	0.019866037428	0.0316510686154	-0.0264511435808	0.00823522459833	-0.0489675156158	-0.00215367837301	0.000935953711468	-0.0338254868025	-0.0484497077941	0.0162567285516	-0.0751354711154	-0.0277004089039	-0.00848880796213	0.0336580523395
k__Bacteria;p__Bacteroidetes;c__Bacteroidia;o__Bacteroidales;f__Bacteroidaceae;g__Bacteroides;s__Bacteroides_cellulosilyticus	-0.0548739417622	0.000139421411264	0.0442715498239	-0.0633709291224	0.00962689604935	0.00498015224484	0.0376539135386	0.0117663080044	-0.0194308168812	0.0191817322073	-0.044723305385	0.0458809117461	1.0	0.00762354404706	-0.039562972448	-0.0162638819513	-0.00323575264838	-0.0439251501098	0.0306833136452	0.0203879976367	0.0229939159695	-0.0281705320894	-0.0530738950092	-0.0067306884274	0.0132083208739	-0.0559004851548	-0.00683765298549	-0.0467140882683	0.0141301454664	-0.0337539037489	0.00546181435782	-0.0160953741518	0.0113132099314	0.0498060102072	0.0326672592934	-0.00902899484004	-0.00810736390325	-0.00771944140485	-0.00341919676461	-0.013650569802	-0.0230626265922	0.012419706727	0.0254332000316	0.0171213443471	0.0444948828447	0.0187776429917	-0.0446777709335	-0.000269426875673	0.0318505118994	-0.0749039133334	-0.0386342345656	-0.0272949867624	-0.00493901218092	0.0220410579429	-0.00581139239059	0.0177265273852	-0.0467907615128	-0.030761608565	0.025354878625
k__Bacteria;p__Bacteroidetes;c__Bacteroidia;o__Bacteroidales;f__Rikenellaceae;g__Alistipes;s__Alistipes_obesi	-0.0848184973335	-0.000514125801324	-0.00941049556005	0.0316859958444	-0.0419894794235	-0.0532106924694	-0.0340604157756	0.00880788627099	0.0169911164465	0.0420343511329	-0.061831632043	-0.0415921952087	0.00762354404706	1.0	-0.00718600957188	-0.00377186843548	0.0141442455177	-0.0597209783939	-0.0643685361517	-0.00720760021	-0.00834445568217	-0.0518786435564	0.000198543543688	-0.0189018734236	-0.00264820881248	0.0428866500483	-0.0108944531636	0.0175176894211	-0.0596353286813	0.00573331072192	-0.0678822209588	0.0729796320117	0.0257316276707	0.00620886959083	-0.00668427509518	-0.0189360592024	0.0074589610404	-0.0124289653208	0.0123213128432	0.0305545737065	0.00841405041132	-0.0572908982252	-0.0155365071678	-0.0251655045822	-0.00355178982635	0.00310451620567	-0.0135388240293	0.0320461615826	0.00543158938701	-0.0289858233671	0.0103740299899	-0.00611167857408	0.0144097235474	-0.0276678466666	-0.0524562349979	-0.0181627778768	-0.0193934161261	-0.0634360438796	0.00588291858777
k__Bacteria;p__Firmicutes;c__Clostridia;o__Clostridiales;f__Lachnospiraceae;g__;s__[Eubacterium]_rectale	0.013663059805	-0.0256402379758	0.0091806896236	-0.00311166755894	0.0242056342003	-0.0420073202992	-0.0130240182482	-0.0852856386279	-0.0170078945747	-0.00797872865497	-0.0216175164056	0.0140084148032	-0.039562972448	-0.00718600957188	1.0	-0.0659288493179	0.0160248822926	0.040175520939	0.0224407839816	0.022092772238	-0.00995409170747	0.000959033563887	0.0182186179966	0.0102222148348	-6.41614252743e-05	0.000537405395721	-0.0141617910815	0.0103361545037	-0.0236731199139	-0.0452156467006	0.00756526693025	-0.0137550364449	0.00653363577831	-0.0643476034224	-0.0302053317259	0.0376422725847	0.00383361711304	0.014619624811	0.0514403044339	-0.00112747446365	0.0405166719975	-0.0365347914087	-0.0291627534542	0.00738070000591	0.0462585836262	-0.0248736325534	-0.0403310965845	0.0218688826591	-0.00570283274451	-0.0135474577263	0.0501857124141	0.025818548647	-0.0414164058706	-0.023197594966	-0.0190154208335	-0.0289957429815	-0.0159538781102	-0.0684065997853	-0.0521495757482
k__Bacteria;p__Bacteroidetes;c__Bacteroidia;o__Bacteroidales;f__Bacteroidaceae;g__Bacteroides;s__Bacteroides_plebeius	-0.0223915332118	0.0348439006254	0.0412885185474	-0.00985506198116	-0.0667058375308	-0.0534002280413	0.0265534074255	-0.00783569364413	0.0601291411715	-0.00246174609016	0.024599346239	-0.00357548150709	-0.0162638819513	-0.00377186843548	-0.0659288493179	1.0	0.0135100091107	-0.0131688903354	0.00207922649361	-0.0428670411697	-0.025440488182	0.0172642953167	0.0194108012459	-0.0526573639791	-0.0164818436024	-0.013939038494	-0.0528824146741	-0.00426520198206	-0.0289657521539	-0.0359509524647	-0.0668704309552	-0.0496962989968	-0.0183269254531	-0.0106671503873	-0.0655677825711	-0.0137297452188	0.0275973440164	-0.0434514776716	-0.0348912595396	0.0206154218032	0.0245848021468	-0.00758269873617	0.0495376006353	-0.0379654164049	0.0456795125063	-0.000966899556882	-0.0386649602517	-0.0181610829195	-0.0396540492057	-0.026613294309	-0.00661699500528	-0.0657923658422	-0.0278664492695	-0.0484841378671	-0.0292336690151	-0.073367995252	0.0370497191703	-0.00679366310808	0.0124257325196
k__Bacteria;p__Bacteroidetes;c__Bacteroidia;o__Bacteroidales;f__Bacteroidaceae;g__Bacteroides;s__Bacteroides_fragilis	0.0236784409257	-0.0328220931183	0.0382209675698	-0.0306625294517	0.0392237442089	-0.0427327939421	0.0349392476818	0.0403861130696	-0.0212651548506	-0.0455683441734	0.0209011230769	0.0265328705936	-0.00323575264838	0.0141442455177	0.0160248822926	0.0135100091107	1.0	-0.013821949329	-0.0346555332686	-0.0216382417041	-0.015050016834	0.0509349946542	-0.0204343176691	-0.0253013078734	-0.0583417684184	-0.03428471567	0.00143105634107	-0.0296974994158	-0.0224785260541	-0.0110998423308	-0.00114833521522	-0.0714943499743	-0.0194294344436	0.00906667089654	0.0276404181151	0.0463862814249	-0.0449787319408	-0.0113608536907	0.0376735012411	-0.0237809485271	-0.0132259189114	0.0236690602039	-0.0146942306938	-0.0105979035093	0.0164789207811	-0.0379244196675	-0.0316282831407	-0.0128227192236	-0.0464132365447	-0.0406034452922	0.0346752425757	0.00292155844402	0.0220692033942	-0.0122575164362	0.00421335329084	-0.0424171606482	-0.0275301109183	-0.0720707424003	-0.0363746051236
k__Bacteria;p__Proteobacteria;c__Betaproteobacteria;o__Burkholderiales;f__Sutterellaceae;g__Sutterella;s__Sutterella_wadsworthensis	-0.00482906451944	-0.0169031458967	-0.0219688462032	0.0337519019775	0.00184946989783	0.00840089564808	-0.0478780723939	0.0189031550081	0.0200942637072	-0.0463614862352	-0.0320463553134	-0.0125206405987	-0.0439251501098	-0.0597209783939	0.040175520939	-0.0131688903354	-0.013821949329	1.0	-0.0146170045521	0.0435049896195	0.00438602105431	-0.0131018977837	-0.0172133775399	-0.0296508012512	0.00614521408826	0.00695875229312	0.00331872911605	-0.0118950275266	-0.00623119140293	-0.00499141160117	-0.0351899032864	0.0196993803455	-0.00284513740184	-0.0164962351227	-0.0493004418121	0.013093298618	0.00267556240311	-0.0149447201218	0.0383474117249	-0.00174395558331	0.0638527274613	0.000492781754338	-0.00184154786247	0.00262006087517	-0.0182591106585	0.0284794060656	0.0129838021926	0.0203042521835	-0.0271551816425	-0.0228811485813	0.0318341291624	-0.0113311971915	-0.0370227542877	-0.016887222956	-0.0350050266041	-0.00508836046898	-0.0404745129571	-0.0411879455276	-0.0637461528188
k__Bacteria;p__Bacteroidetes;c__Bacteroidia;o__Bacteroidales;f__Porphyromonadaceae;g__Barnesiella;s__Barnesiella_intestinihominis	0.0480964419837	-0.0288050256297	0.065610348908	-0.00857766296461	0.00486312201083	-0.00849408757209	-0.00824206395158	0.0420689315401	0.00234268070512	-0.021974766663	-0.045450299853	0.0374362579193	0.0306833136452	-0.0643685361517	0.0224407839816	0.00207922649361	-0.0346555332686	-0.0146170045521	1.0	0.0371479019856	-0.0317833402129	0.0420308421245	0.020733676794	-0.0082915594357	-0.0956535922803	-0.0404031450876	-0.0096890467462	0.0015691645771	-0.00210614705384	0.0231068925686	-0.0177457770468	0.0407173771968	-0.0206423129925	0.00473297076565	-0.0303282068473	-0.00253165688826	-0.100391604083	-0.0929078888248	-0.0086926405451	-0.0506924185524	3.01933486515e-05	-0.0391464275902	-0.00824569877039	0.00138562382604	-0.00841878659257	0.0233112694481	-0.0114242522328	-0.0326916122417	-0.0762529993214	0.0629555203344	-0.0192609323601	0.0620897222547	0.0287285805584	0.0240045353351	-0.0271973968291	0.00516697320025	0.0534366705572	0.0437394779227	-0.0404861993183
k__Bacteria;p__Bacteroidetes;c__Bacteroidia;o__Bacteroidales;f__Odoribacteraceae;g__Odoribacter;s__Odoribacter_splanchnicus	0.00364980845744	-0.0196849297284	-0.0171265639395	0.0111943419554	-0.0190239635835	-0.0100894114342	0.00152872922435	-0.0500071698817	0.0196646665636	-0.0163492322968	0.0306216317859	-0.0324606897377	0.0203879976367	-0.00720760021	0.022092772238	-0.0428670411697	-0.0216382417041	0.0435049896195	0.0371479019856	1.0	-0.0528639980219	0.0302837374481	-0.0281546142948	-0.00629476209624	0.00701264404766	0.00853466674258	-0.0335137630358	0.0080056632668	-0.0271207511346	-0.034981236122	-0.0961109306191	-0.0199534092145	0.0301870918612	-0.0549442922594	-0.046073223076	-0.00278834845207	0.0246470345156	0.0235236539478	0.00261661766201	-0.0172358129883	-0.00620896130314	-0.0378317567095	-0.010124094654	-0.0229703281447	-0.0531434198096	-0.00501783531053	-0.0144394846512	-0.00570075483962	-0.0579804158188	-0.0423502275002	0.0502537765762	-0.0330282002535	-0.0498019716731	-0.0351652920279	0.00781492885225	0.0791086058133	0.0280338558766	-0.0359532367643	-0.041505022185
k__Bacteria;p__Bacteroidetes;c__Bacteroidia;o__Bacteroidales;f__Bacteroidaceae;g__Bacteroides;s__Bacteroides_salyersiae	-0.0328126131819	0.00980802472216	0.0238674532542	-0.051456283228	-0.0643065707194	0.0217325015451	-0.0393998645466	-0.0514908013124	0.0360611363955	-0.00697106905187	-0.0073141053707	-0.00812014725389	0.0229939159695	-0.00834445568217	-0.00995409170747	-0.025440488182	-0.015050016834	0.00438602105431	-0.0317833402129	-0.0528639980219	1.0	-0.00227395504671	-0.0308577834138	0.0421097761795	0.00915174510698	-0.00542338835079	-0.0237516611473	-0.0314549074796	0.0640000178486	-0.0729835091628	0.044174735784	0.0106257875653	-0.0268277025097	-0.00281381719462	-0.0400103056705	0.0421625006992	-0.00883284447127	-0.00244572123614	0.0138780153686	-0.028136378074	0.0462714206568	0.0344734669837	-0.0440779355783	-0.0380871510498	0.00687020473038	-0.044757103845	-0.0114019403285	-0.0405234234424	-0.0265332598489	0.0500155567901	-0.0467016218293	-0.0833495614316	-0.0797106729181	0.030176146725	-0.00687961891512	-0.0569408915011	-0.0250599975752	-0.0242890439676	-0.0229639413521
k__Bacteria;p__Firmicutes;c__Clostridia;o__Clostridiales;f__Ruminococcaceae;g__Ruminiclostridium;s__[Eubacterium]_siraeum	0.0219757363201	-0.0385232093885	-0.00182407943053	0.026844916448	-0.00688645971689	0.0226488947402	-0.0849326097462	-0.00183072202048	-0.0392033426869	0.000879202554258	0.00635190256735	-0.00564450883827	-0.0281705320894	-0.0518786435564	0.000959033563887	0.0172642953167	0.0509349946542	-0.0131018977837	0.0420308421245	0.0302837374481	-0.00227395504671	1.0	0.00852603266458	-0.0150217094501	0.0138464687005	-0.0314468361922	0.010348402937	-0.0110060938855	0.0264619260324	0.0307264132432	-0.0271504942152	-0.0281965469205	-0.0196683808353	-0.0169465714332	-0.00589303610218	0.0102140400277	-0.0382721447655	-0.0327923986035	-0.00330718892528	0.0286700834566	0.0348985365377	-0.00458129518976	-0.0424347581022	0.0144667445248	0.0156058198259	-0.00291424300949	-0.0360383868304	0.0287773165683	-0.0448828856482	-0.0136046347422	-0.0238925722755	-0.0157167184092	0.0515925973263	-0.00555215670426	-0.0118461651723	-0.0327014291339	-0.0105116612768	-0.0186238310293	-0.0384280428052
k__Bacteria;p__Proteobacteria;c__Betaproteobacteria;o__Burkholderiales;f__Sutterellaceae;g__Parasutterella;s__Parasutterella_excrementihominis	-0.0387815593944	0.0526878490897	-0.0390935343234	0.0394523280823	0.018712604651	0.0203324573298	0.0279742938302	-0.00286865501658	0.00147227062769	-0.00504417766864	-0.0317014254074	0.0123638099155	-0.0530738950092	0.000198543543688	0.0182186179966	0.0194108012459	-0.0204343176691	-0.0172133775399	0.020733676794	-0.0281546142948	-0.0308577834138	0.00852603266458	1.0	-0.000532461935572	-0.0227122404156	-0.0315821238525	-0.00372245484426	-0.0368669393544	0.0236931307618	0.0457539811353	-0.0203906962753	-0.0117451588452	0.0128866100006	-0.0276995654068	-0.0221337088497	-0.055418963183	-0.010559743815	-0.0204674915624	-0.0263041855035	-0.0159737081249	0.0523536961551	0.0146365278076	-0.00878206778489	0.0171781723098	-0.00614163888389	-0.0597615542554	-0.00897913843526	0.000652978389158	-0.0398236728616	0.0302156498212	-0.006472897001	-0.0441300823696	-0.0398622855517	-0.0197115324103	0.00211047202317	0.0419439155422	-0.0384082963856	0.0131854060196	0.00902137875038
k__Bacteria;p__Actinobacteria;c__Actinobacteria;o__Bifidobacteriales;f__Bifidobacteriaceae;g__Bifidobacterium;s__Bifidobacterium_adolescentis	-0.0383356589505	0.0181748364778	0.0309774112989	-0.0118134364186	-0.0386868406428	0.0502084267917	-0.00611465492923	0.0061487253139	-0.0961614666654	0.00776597759731	0.00442166440725	-0.0236527024997	-0.0067306884274	-0.0189018734236	0.0102222148348	-0.0526573639791	-0.0253013078734	-0.0296508012512	-0.0082915594357	-0.00629476209624	0.0421097761795	-0.0150217094501	-0.000532461935572	1.0	-0.0324449656386	0.0157039169598	-0.00913125952013	-0.000497382104454	-0.0176901848227	-0.0171705422487	0.000825361271786	0.00140924394737	-0.0271340119007	0.0126684260416	0.0292088666324	0.0145606288737	0.0483640791012	-0.0497065937534	0.0209994874262	-0.0295498721861	-0.0119469346416	-0.0580369319967	0.026647634768	-0.0189274590941	0.05844861646	0.00326173742461	-0.0718398936004	0.0175064439554	0.00368168637335	0.0165893635469	-0.0578105223969	-0.000299739121504	-0.0121945827618	-0.0518951640853	-0.00892489064055	-0.0116276018819	-0.0135563388564	-0.0209253477362	0.00720217432736
k__Bacteria;p__Firmicutes;c__Clostridia;o__Clostridiales;f__Oscillospiraceae;g__Oscillibacter;s__Oscillibacter_sp._KLE_1745	-0.0277410599609	0.0100383582698	0.0121117148832	-0.0390219707771	-0.022513606284	0.0157414234001	0.0200426099365	-0.0217820095972	-0.0287969562869	-0.00756193134898	0.0226745599006	0.0484957273175	0.0132083208739	-0.00264820881248	-6.41614252743e-05	-0.0164818436024	-0.0583417684184	0.00614521408826	-0.0956535922803	0.00701264404766	0.00915174510698	0.0138464687005	-0.0227122404156	-0.0324449656386	1.0	-0.0922908257196	-0.00887134668697	-0.0140174647131	-0.0409167414514	0.0157376953684	0.0246889116239	-0.0490564655582	-0.0259510159942	0.037379003439	-0.0018884996489	-0.0162388609078	-0.0286152819352	0.00273337065409	0.0166270616972	0.0419463362954	0.0187110945918	0.00525983109072	0.0115835430566	-0.0488932699071	0.0143819244114	0.0035921002771	0.0362963313037	-0.0130427788728	0.0318156415111	-0.00260034751485	0.0460048005492	-0.00822845988804	-0.0462879223301	-0.00460760586188	-0.0448608477621	0.0106424913347	0.0505395994375	-0.0294948572233	0.020698339293
k__Bacteria;p__Bacteroidetes;c__Bacteroidia;o__Bacteroidales;f__Bacteroidaceae;g__Bacteroides;s__Bacteroides_coprophilus	-0.0192725268971	0.00282952065727	0.0146533331439	0.0364698271339	0.0681976035387	0.0592184489107	0.00218724582961	-0.030205088014	-0.0095407045375	0.0360953783063	-0.0382797286219	-0.0396043981188	-0.0559004851548	0.0428866500483	0.000537405395721	-0.013939038494	-0.03428471567	0.00695875229312	-0.0404031450876	0.00853466674258	-0.00542338835079	-0.0314468361922	-0.0315821238525	0.0157039169598	-0.0922908257196	1.0	0.0169108296857	0.0439824691723	0.00968382447744	0.0571625868514	-0.00470817770873	0.00955653213951	-0.0567880223999	-0.040229508624	0.00717278187003	-0.0129644591999	0.00899072065069	-0.001152574876	-0.0202544445633	-0.0197600570317	-0.0380202638434	-0.0161335807471	-0.0188244270131	-0.0338052072194	-0.0373233294591	-0.00936613304748	0.0567639743183	0.00140058499925	-0.0270255968851	-0.0100985290293	0.00835089065364	0.0238426045262	-0.0544573597481	0.0346353964081	0.00405589459947	-0.0226290794266	-0.0160196487513	0.0112502550442	-0.0216566440128
k__Bacteria;p__Firmicutes;c__Clostridia;o__Clostridiales;f__Lachnospiraceae;g__Roseburia;s__Roseburia_intestinalis	-0.0664753736623	-0.0412388425804	-0.058682930264	-0.00754141392913	0.0330291273031	0.0497137319379	0.003725183706	-0.0346273630294	-0.0167290916344	0.0178552237596	-0.0322180859072	0.0269531439107	-0.00683765298549	-0.0108944531636	-0.0141617910815	-0.0528824146741	0.00143105634107	0.00331872911605	-0.0096890467462	-0.0335137630358	-0.0237516611473	0.010348402937	-0.00372245484426	-0.00913125952013	-0.00887134668697	0.0169108296857	1.0	-0.0414468026088	-0.0342456664832	-0.0970795709141	0.0175634368083	-0.0358248962019	-0.0335560745241	0.0266110451712	0.0313173214061	-0.0381155868831	-0.0141877797192	0.00757587577396	-0.0296016396407	0.0195413418253	-0.0124341319138	0.0392101430525	-0.0317690637587	0.04070040034	-0.0272153684422	-0.0343176806439	0.0334855236756	-0.0297945271153	0.00749207624636	-0.0204883708305	0.0237195696983	0.0153048341957	-0.00106004186862	-0.0282530307797	0.0391976690888	-0.0216870142645	0.0100756617423	0.0178654313292	-0.0449269735578
k__Bacteria;p__Firmicutes;c__Clostridia;o__Clostridiales;f__Lachnospiraceae;g__Roseburia;s__Roseburia_hominis	0.0397803186659	-0.0138453204098	0.0128845779969	0.0745305894221	-0.0309235777707	0.00236806514371	-0.0397771465493	0.0045906412045	-0.00645643114125	0.0308757129654	0.023109111746	0.048158301945	-0.0467140882683	0.0175176894211	0.0103361545037	-0.00426520198206	-0.0296974994158	-0.0118950275266	0.0015691645771	0.0080056632668	-0.0314549074796	-0.0110060938855	-0.0368669393544	-0.000497382104454	-0.0140174647131	0.0439824691723	-0.0414468026088	1.0	-0.0542996226202	0.002181159992	0.0664053508319	-0.0275740486001	-0.0175801668826	0.048687539942	-0.0535558155171	0.0914728157713	-0.0298297934329	0.0158355294806	-0.001711225407	-0.0678840902609	-0.0126804870716	-0.082646759147	-0.030689248602	0.00194281871371	-0.000959240991368	-0.0129157789196	0.0389074354386	-0.00696077507516	0.0056242107877	-0.0414263302787	0.0166228045538	0.0308603338137	-0.0218894375388	-0.0178425170295	0.00884354610729	-0.0653675758242	0.0560084402744	-0.0326982584363	-0.055933686384
k__Bacteria;p__Bacteroidetes;c__Bacteroidia;o__Bacteroidales;f__Porphyromonadaceae;g__Parabacteroides;s__Parabacteroides_johnsonii	-0.0056139057904	-0.0103852549509	-0.0800233741461	0.00446199657942	-0.0426034516547	0.0545402164327	0.0124883332507	-0.0028232793702	0.0326102057122	-0.0170874192536	0.0474646685512	0.0459912129027	0.0141301454664	-0.0596353286813	-0.0236731199139	-0.0289657521539	-0.0224785260541	-0.00623119140293	-0.00210614705384	-0.0271207511346	0.0640000178486	0.0264619260324	0.0236931307618	-0.0176901848227	-0.0409167414514	0.00968382447744	-0.0342456664832	-0.0542996226202	1.0	0.00711240361412	0.000634047263468	-0.0417384395506	-0.051708452873	-0.0684929717966	0.00536820513989	-0.0649636518362	-0.0339517825911	0.0225857029918	-0.0650285926301	0.0236285421425	0.00909284198128	0.0132661684423	-0.0324182773065	0.033750814184	-0.0590654677146	-0.0130807100047	0.0174660383815	-0.0399659195183	0.0160625400544	0.0600558496265	-0.064828465279	-0.0154679290096	-0.0115762843612	0.0516644304037	-0.0109685533114	3.90398467593e-05	0.0426742403471	-0.0194068986698	-0.0321266818361
k__Bacteria;p__Actinobacteria;c__Actinobacteria;o__Bifidobacteriales;f__Bifidobacteriaceae;g__Bifidobacterium;s__Bifidobacterium_longum	-0.014890632649	0.0120201612245	0.0228229434103	-0.0149526097267	0.0141221170622	0.0206412050205	-0.018105276515	-0.0383596548314	-0.040697931455	-0.0563818077904	0.00737293301491	-0.0155589416841	-0.0337539037489	0.00573331072192	-0.0452156467006	-0.0359509524647	-0.0110998423308	-0.00499141160117	0.0231068925686	-0.034981236122	-0.0729835091628	0.0307264132432	0.0457539811353	-0.0171705422487	0.0157376953684	0.0571625868514	-0.0970795709141	0.002181159992	0.00711240361412	1.0	-0.0141398342014	0.00692966283226	-0.00304955004831	0.0104853806912	0.0155391353235	0.0137222856955	0.0161641631058	-0.0289865540542	-0.0263412584018	0.0174880737929	0.0159563673221	0.0299240747606	-0.0666153181034	0.0299017922733	-0.0629461164377	0.0113836160468	-0.0895150092124	0.00428785612795	0.00251476393401	0.0273097046099	-0.0444236294684	-0.0165398534831	0.0321681682256	0.00223332141087	0.014095314648	0.0139991358677	0.037377561117	0.0683062773983	-0.0040147383363
