#taxonomy	k__Bacteria;p__Bacteroidetes;c__Bacteroidia;o__Bacteroidales;f__Bacteroidaceae;g__Bacteroides;s__Bacteroides_vulgatus	k__Bacteria;p__Bacteroidetes;c__Bacteroidia;o__Bacteroidales;f__Bacteroidaceae;g__Bacteroides;s__Bacteroides_uniformis	k__Bacteria;p__Bacteroidetes;c__Bacteroidia;o__Bacteroidales;f__Rikenellaceae;g__Alistipes;s__Alistipes_putredinis	k__Bacteria;p__Bacteroidetes;c__Bacteroidia;o__Bacteroidales;f__Prevotellaceae;g__Prevotella;s__Prevotella_copri	k__Bacteria;p__Bacteroidetes;c__Bacteroidia;o__Bacteroidales;f__Bacteroidaceae;g__Bacteroides;s__Bacteroides_stercoris	k__Bacteria;p__Bacteroidetes;c__Bacteroidia;o__Bacteroidales;f__Bacteroidaceae;g__Bacteroides;s__Bacteroides_ovatus	k__Bacteria;p__Bacteroidetes;c__Bacteroidia;o__Bacteroidales;f__Rikenellaceae;g__Alistipes;s__Alistipes_shahii	k__Bacteria;p__Firmicutes;c__Clostridia;o__Clostridiales;f__Ruminococcaceae;g__Faecalibacterium;s__Faecalibacterium_prausnitzii	k__Bacteria;p__Bacteroidetes;c__Bacteroidia;o__Bacteroidales;f__Rikenellaceae;g__Alistipes;s__Alistipes_finegoldii	k__Bacteria;p__Bacteroidetes;c__Bacteroidia;o__Bacteroidales;f__Porphyromonadaceae;g__Parabacteroides;s__Parabacteroides_distasonis	k__Bacteria;p__Bacteroidetes;c__Bacteroidia;o__Bacteroidales;f__Bacteroidaceae;g__Bacteroides;s__Bacteroides_thetaiotaomicron	k__Bacteria;p__Bacteroidetes;c__Bacteroidia;o__Bacteroidales;f__Bacteroidaceae;g__Bacteroides;s__Bacteroides_coprocola	k__Bacteria;p__Bacteroidetes;c__Bacteroidia;o__Bacteroidales;f__Bacteroidaceae;g__Bacteroides;s__Bacteroides_cellulosilyticus	k__Bacteria;p__Bacteroidetes;c__Bacteroidia;o__Bacteroidales;f__Rikenellaceae;g__Alistipes;s__Alistipes_obesi	k__Bacteria;p__Firmicutes;c__Clostridia;o__Clostridiales;f__Lachnospiraceae;g__;s__[Eubacterium]_rectale	k__Bacteria;p__Bacteroidetes;c__Bacteroidia;o__Bacteroidales;f__Bacteroidaceae;g__Bacteroides;s__Bacteroides_plebeius	k__Bacteria;p__Bacteroidetes;c__Bacteroidia;o__Bacteroidales;f__Bacteroidaceae;g__Bacteroides;s__Bacteroides_fragilis	k__Bacteria;p__Proteobacteria;c__Betaproteobacteria;o__Burkholderiales;f__Sutterellaceae;g__Sutterella;s__Sutterella_wadsworthensis	k__Bacteria;p__Bacteroidetes;c__Bacteroidia;o__Bacteroidales;f__Porphyromonadaceae;g__Barnesiella;s__Barnesiella_intestinihominis	k__Bacteria;p__Bacteroidetes;c__Bacteroidia;o__Bacteroidales;f__Odoribacteraceae;g__Odoribacter;s__Odoribacter_splanchnicus	k__Bacteria;p__Bacteroidetes;c__Bacteroidia;o__Bacteroidales;f__Bacteroidaceae;g__Bacteroides;s__Bacteroides_salyersiae	k__Bacteria;p__Firmicutes;c__Clostridia;o__Clostridiales;f__Ruminococcaceae;g__Ruminiclostridium;s__[Eubacterium]_siraeum	k__Bacteria;p__Proteobacteria;c__Betaproteobacteria;o__Burkholderiales;f__Sutterellaceae;g__Parasutterella;s__Parasutterella_excrementihominis	k__Bacteria;p__Actinobacteria;c__Actinobacteria;o__Bifidobacteriales;f__Bifidobacteriaceae;g__Bifidobacterium;s__Bifidobacterium_adolescentis	k__Bacteria;p__Firmicutes;c__Clostridia;o__Clostridiales;f__Oscillospiraceae;g__Oscillibacter;s__Oscillibacter_sp._KLE_1745	k__Bacteria;p__Bacteroidetes;c__Bacteroidia;o__Bacteroidales;f__Bacteroidaceae;g__Bacteroides;s__Bacteroides_coprophilus	k__Bacteria;p__Firmicutes;c__Clostridia;o__Clostridiales;f__Lachnospiraceae;g__Roseburia;s__Roseburia_intestinalis	k__Bacteria;p__Firmicutes;c__Clostridia;o__Clostridiales;f__Lachnospiraceae;g__Roseburia;s__Roseburia_hominis	k__Bacteria;p__Bacteroidetes;c__Bacteroidia;o__Bacteroidales;f__Porphyromonadaceae;g__Parabacteroides;s__Parabacteroides_johnsonii	k__Bacteria;p__Actinobacteria;c__Actinobacteria;o__Bifidobacteriales;f__Bifidobacteriaceae;g__Bifidobacterium;s__Bifidobacterium_longum	k__Bacteria;p__Firmicutes;c__Clostridia;o__Clostridiales;f__;g__Flavonifractor;s__Flavonifractor_plautii	k__Bacteria;p__Firmicutes;c__Clostridia;o__Clostridiales;f__Clostridiaceae;g__Clostridium;s__Clostridium_phoceensis	k__Bacteria;p__Verrucomicrobia;c__Verrucomicrobiae;o__Verrucomicrobiales;f__Akkermansiaceae;g__Akkermansia;s__Akkermansia_muciniphila	k__Bacteria;p__Bacteroidetes;c__Bacteroidia;o__Bacteroidales;f__Prevotellaceae;g__Paraprevotella;s__Paraprevotella_xylaniphila	k__Bacteria;p__Firmicutes;c__Clostridia;o__Clostridiales;f__Ruminococcaceae;g__Ruminococcus;s__Ruminococcus_callidus	k__Bacteria;p__Bacteroidetes;c__Bacteroidia;o__Bacteroidales;f__Rikenellaceae;g__Alistipes;s__Alistipes_senegalensis	k__Bacteria;p__Firmicutes;c__Clostridia;o__Clostridiales;f__Lachnospiraceae;g__Blautia;s__Blautia_sp._KLE_1732	k__Bacteria;p__Bacteroidetes;c__Bacteroidia;o__Bacteroidales;f__Bacteroidaceae;g__Bacteroides;s__Bacteroides_oleiciplenus	k__Bacteria;p__Firmicutes;c__Clostridia;o__Clostridiales;f__Ruminococcaceae;g__Ruminococcus;s__Ruminococcus_bicirculans	k__Bacteria;p__Bacteroidetes;c__Bacteroidia;o__Bacteroidales;f__Bacteroidaceae;g__Bacteroides;s__Bacteroides_fluxus	k__Bacteria;p__Bacteroidetes;c__Bacteroidia;o__Bacteroidales;f__Prevotellaceae;g__Prevotella;s__Prevotella_stercorea	k__Bacteria;p__Firmicutes;c__Clostridia;o__Clostridiales;f__Lachnospiraceae;g__Dorea;s__Dorea_longicatena	k__Bacteria;p__Firmicutes;c__Clostridia;o__Clostridiales;f__Eubacteriaceae;g__Eubacterium;s__[Eubacterium]_eligens	k__Bacteria;p__Firmicutes;c__Clostridia;o__Clostridiales;f__Ruminococcaceae;g__;s__Ruminococcaceae_bacterium_D16	k__Bacteria;p__Firmicutes;c__Clostridia;o__Clostridiales;f__Lachnospiraceae;g__Coprococcus;s__Coprococcus_comes	k__Bacteria;p__Proteobacteria;c__Gammaproteobacteria;o__Enterobacterales;f__Enterobacteriaceae;g__Escherichia;s__Escherichia_coli	k__Bacteria;p__Firmicutes;c__Clostridia;o__Clostridiales;f__Ruminococcaceae;g__Anaerotruncus;s__Anaerotruncus_colihominis	k__Bacteria;p__Firmicutes;c__Clostridia;o__Clostridiales;f__Lachnospiraceae;g__Blautia;s__Blautia_obeum	k__Bacteria;p__Bacteroidetes;c__Bacteroidia;o__Bacteroidales;f__Odoribacteraceae;g__Odoribacter;s__Odoribacter_laneus	k__Bacteria;p__Firmicutes;c__Clostridia;o__Clostridiales;f__Ruminococcaceae;g__Ruminiclostridium;s__[Clostridium]_leptum	k__Bacteria;p__Bacteroidetes;c__Bacteroidia;o__Bacteroidales;f__Porphyromonadaceae;g__Parabacteroides;s__Parabacteroides_goldsteinii	k__Bacteria;p__Firmicutes;c__Clostridia;o__Clostridiales;f__Lachnospiraceae;g__Anaerostipes;s__Anaerostipes_hadrus	k__Bacteria;p__Firmicutes;c__Clostridia;o__Clostridiales;f__Ruminococcaceae;g__Ruminococcus;s__Ruminococcus_lactaris	k__Bacteria;p__Firmicutes;c__Clostridia;o__Clostridiales;f__Clostridiaceae;g__Clostridium;s__Clostridium_sp._L2-50	k__Bacteria;p__Firmicutes;c__Clostridia;o__Clostridiales;f__Clostridiaceae;g__Clostridium;s__Clostridium_sp._M62/1	k__Bacteria;p__Firmicutes;c__Clostridia;o__Clostridiales;f__;g__Intestinimonas;s__Intestinimonas_butyriciproducens	k__Bacteria;p__Actinobacteria;c__Actinobacteria;o__Bifidobacteriales;f__Bifidobacteriaceae;g__Bifidobacterium;s__Bifidobacterium_bifidum	k__Bacteria;p__Firmicutes;c__Negativicutes;o__Veillonellales;f__Veillonellaceae;g__Dialister;s__Dialister_invisus	k__Bacteria;p__Bacteroidetes;c__Bacteroidia;o__Bacteroidales;f__Bacteroidaceae;g__Bacteroides;s__Bacteroides_salanitronis
k__Bacteria;p__Bacteroidetes;c__Bacteroidia;o__Bacteroidales;f__Bacteroidaceae;g__Bacteroides;s__Bacteroides_vulgatus	1.0	-0.040793868006	-0.0350945880927	0.0162869727187	0.098725310434	0.0818756584141	-0.0623940961839	0.0270642095133	0.00314806925939	-0.00931817400714	-0.057226709768	0.0421254766569	0.0377191807291	0.0429747899068	0.0299354145622	-0.00245714492913	-0.0469116266167	-0.0399279000691	-0.0378646415168	-0.0091910959074	0.0130547229207	0.00399832471508	0.0165874851868	-0.0158899162389	0.010071599496	0.0343011854291	0.00376874158825	-0.0369214348574	-0.0200859784372	-0.00209731279418	0.0716980781867	0.0173907148891	0.0143842746028	0.00575324507428	0.0258017966084	-0.0387711222442	-0.0257815260068	-0.0207661109068	-0.0255959238843	0.025943238321	-0.0311839634395	-0.0172577302852	-0.0273103200779	-0.00724466190657	0.0179226318452	-0.0220567549668	-0.069189759649	-0.00203769799325	-0.0338330477273	0.0229043136266	-0.00465975781828	0.0341767433397	-0.0271142723639	-0.0182480099075	-0.0246832025586	-0.0140252760639	0.0453543836878	0.0140819923985	-0.000318467680331
k__Bacteria;p__Bacteroidetes;c__Bacteroidia;o__Bacteroidales;f__Bacteroidaceae;g__Bacteroides;s__Bacteroides_uniformis	-0.040793868006	1.0	-0.0314708977327	-0.0358313831226	-0.0262962769497	0.00916525800267	0.0108171953297	-0.0340431218514	-0.00657186472433	0.0571742410308	0.035372049894	-0.0642007340405	-0.0189517412594	0.0263449271286	0.00808508988658	-0.00643200032487	-0.01424074282	-0.0324016792025	0.000708683435605	0.00865150350428	0.00102419241184	0.0298059970177	0.020714215782	0.0487754159188	-0.0715115878313	-0.0490417008492	0.000555864775054	0.000163618838603	-0.0215604229883	0.000346728293132	-0.00542179211358	-0.00905625498667	-0.0286561161199	0.00814306149562	-0.0353777160528	0.0191780178856	-0.0395997765151	0.0370910454117	0.0267730827448	-0.0065607079516	-0.0524273321305	0.0538910814323	0.0172367782162	0.000485350196127	0.0374463094268	-0.0395104827043	-0.0226090695785	0.00138396696984	-0.0185425734884	0.0336777851914	0.00288602313101	-0.0177689445884	-0.0372315825756	0.000603861876096	-0.0123541321646	0.0403107977135	0.023192884613	-0.0153367919228	-0.0199965108392
k__Bacteria;p__Bacteroidetes;c__Bacteroidia;o__Bacteroidales;f__Rikenellaceae;g__Alistipes;s__Alistipes_putredinis	-0.0350945880927	-0.0314708977327	1.0	-0.0090132092079	0.0154062748349	-0.0319646540096	-0.0817906255021	0.0605168370285	-0.0634637920509	-0.00197033713971	-0.0453579667964	0.0518467109996	-0.0746997927556	-0.00369539544274	-0.0355306244754	-0.00505858953848	0.0853725855388	0.0290758460894	0.00033319240025	0.00460349539468	-0.031097563023	-0.0510474326068	0.00522990027021	-0.000579934566812	-0.00730291473558	-0.0352892589846	0.0139910112265	0.0260419458648	-0.022659983157	-0.0304319330611	0.0288279655351	0.000157208156038	-0.0130201832059	0.0369036768206	0.0400155837642	0.00638602078069	-0.00427725024882	0.021449276251	0.0173890890993	0.0111294454248	0.00262700106327	0.00150366426968	0.00790451918332	0.0125399616878	0.0167770279118	-0.00809969598782	0.060407533473	0.0215877957433	0.000388183684047	-0.015708713276	-0.0251458201541	-0.0105731752095	-0.0435773949897	-0.0322025641922	0.00786694963972	0.0168894922365	-0.0245741393214	-0.00850986995616	0.0237907570306
k__Bacteria;p__Bacteroidetes;c__Bacteroidia;o__Bacteroidales;f__Prevotellaceae;g__Prevotella;s__Prevotella_copri	0.0162869727187	-0.0358313831226	-0.0090132092079	1.0	-0.000603185916972	0.0249079122707	-0.0474806637497	0.0107099132874	0.0199984306386	0.0408324316711	-0.0347979780619	-0.0398542106957	-0.0166564594079	0.0348284649359	0.0348317747563	-0.0212958921728	-0.0209882156656	0.019771383617	0.0261004799001	0.00347939277343	-0.0720720941936	-0.0254625488029	0.00740088785494	-0.0315708501397	-0.013225926666	0.0169225661181	0.00763449458957	-0.0412464473713	0.0177768523634	0.00466214614627	0.0483980503288	0.0390693265421	0.0103970799119	-0.0256747433224	-0.0275830540969	0.00254904214055	-0.0703589327641	-0.00744612730603	-0.00948389800309	0.0114962034877	0.0258060258566	-0.00673413127663	0.00976164390067	-0.0488828129119	-0.0638244924845	0.0116513032933	-0.0506781594741	0.0272588116064	-0.0488745455035	-0.0357821372137	-0.0399660071273	0.0219901988991	0.0411094731663	0.0114939162353	-0.010960377985	0.0404109109128	0.00423426122673	-0.00766245638227	0.0393193104349
k__Bacteria;p__Bacteroidetes;c__Bacteroidia;o__Bacteroidales;f__Bacteroidaceae;g__Bacteroides;s__Bacteroides_stercoris	0.098725310434	-0.0262962769497	0.0154062748349	-0.000603185916972	1.0	0.045358637225	-0.0393813067346	-0.050237635479	0.0101726701959	0.00611042775905	0.0254663005761	0.0597812709245	-0.0103837351216	-0.00649723278371	-0.0473717957826	-0.0139625145408	-0.00846738093678	-0.0446255114083	-0.0274342070763	0.00757027975846	0.0115991580408	0.0670903966741	0.0143874191859	-0.0149753116927	0.0338241840433	-0.0373178177809	0.0160197080211	0.0501862648619	-0.0245305597392	-0.0505542080993	0.0158162625175	-0.00476231765549	0.00659500007385	-0.0276239173923	-0.0377097274365	-0.0143509093463	0.0144147596171	-0.0394418102495	0.00173141145469	-0.00706738527042	0.002630040248	0.015669785576	-0.0951828072738	-0.00265624523546	-0.0467372067516	0.0528084073386	-0.0531189395099	-0.000287899100012	0.0366371309258	-0.00918648064355	-0.0415612505208	-0.0607050227275	0.0204137307184	-0.0175868127287	-0.010019409749	0.0239882699633	-0.0633144398697	-0.0406709562886	0.051959605731
k__Bacteria;p__Bacteroidetes;c__Bacteroidia;o__Bacteroidales;f__Bacteroidaceae;g__Bacteroides;s__Bacteroides_ovatus	0.0818756584141	0.00916525800267	-0.0319646540096	0.0249079122707	0.045358637225	1.0	0.000887283600803	-0.0289282689475	-0.00392466503975	-0.0140862759167	-0.00463611945754	0.0499439286158	0.0261302240142	0.043975987813	-0.00856878307931	0.0586148120187	0.0110229071215	-0.0357109646489	-0.00820420173442	-0.0211834312555	-0.0122309823549	-0.0148411541282	-0.0409294942603	0.00157701272621	-0.052846901607	-0.0674239013824	0.0261281439967	-0.0348068189424	0.014726021872	-0.0270103146927	-0.0186709731489	-0.0229243252527	0.0015122608673	-0.0514038084688	-0.0330504303917	-0.0282574930709	-0.0597076575113	0.0613679388829	0.00493528015876	0.0198189444441	-0.0189813838145	-0.0132165388694	0.0145065246541	0.0422179570176	0.0634245242448	-0.0279612965982	0.0310237487499	0.020541846535	-0.0938784042156	0.0379564844764	0.0227794802638	0.0226996028269	0.0190225592455	-0.0257267699401	0.00476933072859	-0.0113432882025	0.0456119518147	-0.0352848427344	0.0203522008138
k__Bacteria;p__Bacteroidetes;c__Bacteroidia;o__Bacteroidales;f__Rikenellaceae;g__Alistipes;s__Alistipes_shahii	-0.0623940961839	0.0108171953297	-0.0817906255021	-0.0474806637497	-0.0393813067346	0.000887283600803	1.0	-0.0309286743195	-0.0211426052336	-0.035622967248	0.0256334799143	-0.0543476449083	0.0110032242871	0.0235880211027	-0.0193913260701	-0.0315207386578	-0.0104252675939	-0.00427065187598	-0.0264259528631	0.0199808453134	-0.0708434216537	-0.0019001860681	0.0567124830768	-0.0465373502607	0.0308807002948	-0.0731635898286	-0.0329546802964	0.0605189422396	-0.034052133679	0.00633467456785	-0.0317463683065	-0.00768359319735	0.0343463425172	0.0156378331207	0.0045001160431	0.00809723499997	0.0457987868774	0.0320638041862	0.0017922953354	0.0460192018037	-0.0616666689533	-0.0447907082935	-0.000993167170488	-0.00421637117639	0.0189994687136	-0.0151163897918	0.00202427968729	-0.00235522712669	0.0172802126375	0.00585522593567	-0.00428194790391	-0.0328567398183	0.0514534658199	0.00419398723685	0.0139013518969	-0.0779622272446	-0.00413845251864	-0.0188766738768	-0.0209306357215
k__Bacteria;p__Firmicutes;c__Clostridia;o__Clostridiales;f__Ruminococcaceae;g__Faecalibacterium;s__Faecalibacterium_prausnitzii	0.0270642095133	-0.0340431218514	0.0605168370285	0.0107099132874	-0.050237635479	-0.0289282689475	-0.0309286743195	1.0	-0.00977355606175	-0.0208431870908	-0.0285107066962	0.0598854981297	-0.0157458084569	-0.0232327226076	-0.062269731289	-0.0460560681756	0.0376585566809	0.0404719663264	-0.0437867052708	0.00498468716307	0.0090999477202	0.00549951750238	-0.0369381619843	0.032899141505	0.000742317146394	-0.0358707045265	0.0419804165055	-0.00749462342333	0.0519526299504	-0.0250178414698	0.029668806429	0.0418349010452	-0.0021374901591	-0.0410283528433	-0.0250240400972	-0.00497574049876	-0.0231413817459	-0.0295674902886	-0.0586440092862	-0.0242221281097	0.0136165668176	0.00655735978382	0.00530963572458	0.0232760006356	0.0539857872895	0.0455110214182	-0.00956172030228	0.00510447534831	-0.0379026855242	-0.00610564564656	-0.0139400359581	0.0257139168888	0.0137354283074	-0.0174926919618	0.0329818749158	-0.0410970942336	-0.0080152285537	-0.0335497127621	-0.0298995625767
k__Bacteria;p__Bacteroidetes;c__Bacteroidia;o__Bacteroidales;f__Rikenellaceae;g__Alistipes;s__Alistipes_finegoldii	0.00314806925939	-0.00657186472433	-0.0634637920509	0.0199984306386	0.0101726701959	-0.00392466503975	-0.0211426052336	-0.00977355606175	1.0	-0.055465399322	-0.039255244085	0.00768182119031	-0.0328247323239	-0.00459902077255	0.0731665340258	-0.0047775756494	0.0304825345651	0.00985656581321	0.000737884049852	-0.0258182599128	-0.00537028529298	-0.0544086616668	-0.0134047406884	-0.051188573497	-0.00277224565918	-0.0519896228913	0.00296336004538	0.0290389422928	-0.0524335284271	0.00838939221039	-0.00202947869793	-0.0526051631941	0.00711079664006	-0.00956515638772	0.0132230138773	-0.0293420460592	-0.00609374852153	0.0125611782127	0.0295887709162	0.0440045696795	-0.0116865262596	-0.0421022983032	-0.0188214023221	-0.0193324776132	0.0298455401756	0.00599353121724	-0.0721255817876	0.0624227424674	-0.0737325454819	0.0453597880844	-0.0142195815738	-0.063036664856	-0.0154468657528	0.0446233376402	0.00600538264458	0.0599726197059	0.0130682875344	0.0290512593309	-0.00798028569193
k__Bacteria;p__Bacteroidetes;c__Bacteroidia;o__Bacteroidales;f__Porphyromonadaceae;g__Parabacteroides;s__Parabacteroides_distasonis	-0.00931817400714	0.0571742410308	-0.00197033713971	0.0408324316711	0.00611042775905	-0.0140862759167	-0.035622967248	-0.0208431870908	-0.055465399322	1.0	0.0624372874599	0.00361223454397	0.0378207257913	-0.00594743560711	0.0175045353395	-0.00374425419215	-0.0245463680965	-0.0468427776354	-0.0546685414784	-0.0405657036854	-0.0443047415482	0.0167304468271	-0.000103897686127	-0.0511658191994	0.0314733370006	-0.0019421415532	0.0401688907151	0.0773525328479	0.0452434906038	0.00109717237358	-0.00239644921484	-0.00682488265553	-0.0131908319275	-0.0215713070262	-0.0474097025478	0.00954576630184	0.0183458779611	-0.0114467196416	-0.0366497491988	-0.0553863397118	-0.0258546044576	0.0371300952077	-0.0654822900002	-0.00917091619772	0.0116830222328	-0.0280063516286	0.02085199701	-0.0224889234862	0.0326173121021	-0.0359918378622	-0.0326802458647	-0.050159887366	-0.094385761016	-0.00567926090298	0.0488135860446	-0.0392081441404	0.0427961635474	0.0102116577889	0.0340429974334
k__Bacteria;p__Bacteroidetes;c__Bacteroidia;o__Bacteroidales;f__Bacteroidaceae;g__Bacteroides;s__Bacteroides_thetaiotaomicron	-0.057226709768	0.035372049894	-0.0453579667964	-0.0347979780619	0.0254663005761	-0.00463611945754	0.0256334799143	-0.0285107066962	-0.039255244085	0.0624372874599	1.0	-0.0028428156823	-0.0218946527242	-0.0199464274756	-0.0100602846915	-0.0492610426851	0.026186990667	-0.0524110518154	-0.00123506798698	-0.0143255143608	-0.00988599232069	0.0281193353082	-0.0199450352912	0.033519778847	-0.0349941335052	-0.00136409038322	0.0131545064089	0.000985171857097	-0.0256843527545	-0.0732213553755	0.00683937023456	0.0290737087814	-0.0792407365824	-0.0286132364229	-0.0743748489764	-0.00582759402929	0.011442202795	-0.0197399510699	0.0491393518041	0.018544660425	-0.0358563455486	0.0509140371122	-0.00239511996675	-0.000187262080122	-0.0242679581865	-0.026832381184	-0.0380550487727	-0.025903119067	0.0275315359634	-0.0174355755712	0.0238051636156	0.00532571755032	0.0290211861129	0.00691437616729	-0.0643219862026	-0.0225683108575	0.028094272695	0.0405856294452	0.013326310246
k__Bacteria;p__Bacteroidetes;c__Bacteroidia;o__Bacteroidales;f__Bacteroidaceae;g__Bacteroides;s__Bacteroides_coprocola	0.0421254766569	-0.0642007340405	0.0518467109996	-0.0398542106957	0.0597812709245	0.0499439286158	-0.0543476449083	0.0598854981297	0.00768182119031	0.00361223454397	-0.0028428156823	1.0	-0.00367425079364	-0.048733476262	-0.0195961882311	0.021473088634	0.0137581520499	0.0105306372677	0.0316359707638	-0.0333058128353	-0.0397015547636	-0.0351117912199	0.0416855039346	-0.0538983036892	-0.00783358315456	-0.0362040202946	-0.0134562686094	-0.00673251316161	-0.0117908604398	0.0349468452429	0.0293001015671	-0.0235995337721	-0.051878400859	-0.0280501333393	-0.0289877610478	-0.00652437799013	-0.0106292280571	-0.0249947624887	-0.028819925743	-0.00452081216225	-0.0261763772748	0.028189339324	0.0116254573905	0.0361599439512	0.011990292965	-0.0333112639873	0.0030807193205	0.0103602397909	0.0245895158181	-0.0453123888713	-0.0238957910586	-0.0244072573739	0.00413640132046	0.0116038970286	0.0115510560526	-0.00655285830497	-0.0250797569261	-0.0131476207742	0.030798895623
k__Bacteria;p__Bacteroidetes;c__Bacteroidia;o__Bacteroidales;f__Bacteroidaceae;g__Bacteroides;s__Bacteroides_cellulosilyticus	0.0377191807291	-0.0189517412594	-0.0746997927556	-0.0166564594079	-0.0103837351216	0.0261302240142	0.0110032242871	-0.0157458084569	-0.0328247323239	0.0378207257913	-0.0218946527242	-0.00367425079364	1.0	0.021717587188	0.0564814195648	-0.0262659047776	-0.00803641516853	-0.0684105582206	-0.0260393684825	-0.0470656795687	0.0326529411172	0.0234758611624	0.0277067597836	0.0152050038148	-0.0128845244061	0.0749786580492	-0.00725060384307	-0.053717617097	0.0322028121526	0.00314872060604	-0.0245291533711	0.0135891453813	-0.0203817710028	0.0557265946245	-0.0555746805669	-0.0114455522893	0.0297085191986	-0.0226643676842	-0.0425509798507	-0.0519349523815	-0.0050309272173	0.0137018842831	-0.0302449203327	-0.0198292754984	0.0114353424325	-0.0178796911297	0.00276282925996	-0.0937941991058	0.0433999709443	-0.0640469802252	0.0375197954255	-0.0210110602895	0.0838101315953	0.0182373634714	0.0306685557484	0.00270403773133	-0.013574061447	-0.015090664697	-0.00789513774083
k__Bacteria;p__Bacteroidetes;c__Bacteroidia;o__Bacteroidales;f__Rikenellaceae;g__Alistipes;s__Alistipes_obesi	0.0429747899068	0.0263449271286	-0.00369539544274	0.0348284649359	-0.00649723278371	0.043975987813	0.0235880211027	-0.0232327226076	-0.00459902077255	-0.00594743560711	-0.0199464274756	-0.048733476262	0.021717587188	1.0	-0.0609145998865	-0.00683571818332	0.03255692653	-0.0285577249003	-0.03092715334	-0.027852659056	0.0115387582156	0.0291898223023	-0.0182406155182	-0.0748439554518	-0.0138086765808	-0.0297694134448	0.0424360212264	0.000399128899397	-0.0338440992937	0.0594091502671	0.000228684272879	-0.00321830334143	0.0583831736571	-0.0129606220163	-0.0303411932184	0.047801701392	0.0163114962136	-0.0525461921955	0.00404349135593	-0.00795550095912	0.00401604378108	-0.0345582743847	0.00980311268747	-0.0385988446814	0.0331499389454	0.0355089520311	-0.0495884459	-0.00115271523083	0.0123982639187	-0.0120524181682	-0.0155590897809	0.0366661210812	-0.018613238135	0.000354464207356	0.00766306361139	-0.0331154587246	0.00693123338926	-0.0247125026436	-0.0222958880273
k__Bacteria;p__Firmicutes;c__Clostridia;o__Clostridiales;f__Lachnospiraceae;g__;s__[Eubacterium]_rectale	0.0299354145622	0.00808508988658	-0.0355306244754	0.0348317747563	-0.0473717957826	-0.00856878307931	-0.0193913260701	-0.062269731289	0.0731665340258	0.0175045353395	-0.0100602846915	-0.0195961882311	0.0564814195648	-0.0609145998865	1.0	0.0514106170203	-0.0225886558899	0.0427761492685	-0.0229828912651	-0.0131353941234	0.00169978387336	-0.00877028605302	0.0198740636438	-0.00551479146294	0.0156612366501	0.00631359548422	0.0333028934446	0.0214843616652	-0.00751978328476	0.0107215106591	0.0167522107757	0.0421017718539	0.00760088745022	-0.0422027532739	-0.0552496199824	-0.0301990647514	0.0341193658343	-0.0293667786635	0.0199323470552	-0.0366306761604	0.00993890325122	-0.00982888329777	-0.0253766780962	-0.0437581838008	-0.052430585919	0.0407933162301	-0.0218475549952	-0.0531129542843	0.0140993990663	0.0324635247024	-0.0672502030353	0.0212563078805	0.0391636218214	-0.0387705058353	-0.0264187420965	-0.0446764633418	-0.0433803111086	-0.043219785259	-0.0155717737294
k__Bacteria;p__Bacteroidetes;c__Bacteroidia;o__Bacteroidales;f__Bacteroidaceae;g__Bacteroides;s__Bacteroides_plebeius	-0.00245714492913	-0.00643200032487	-0.00505858953848	-0.0212958921728	-0.0139625145408	0.0586148120187	-0.0315207386578	-0.0460560681756	-0.0047775756494	-0.00374425419215	-0.0492610426851	0.021473088634	-0.0262659047776	-0.00683571818332	0.0514106170203	1.0	-0.0309665589533	0.00615889393551	-0.0217330421081	0.00544086007086	-0.0144678976253	-0.0202989076418	-0.029709697582	0.0184425475071	-0.0250129763674	-0.066132117569	0.0289400006429	-0.0247873838617	-0.0592526728637	-0.0366493236138	0.0102282024088	0.00544601623763	-0.0509004054255	-0.0232104407353	-0.0619654624072	0.00911154611284	-0.0181380405829	0.0210443185745	0.0347370821356	-0.00466011305645	-0.025352595201	0.0308807529174	-0.0269244161136	0.0237424764343	0.0185101322661	-0.0275934915004	0.0419957205884	0.0137278490515	0.00593910075601	-0.0113464859944	0.0542460019466	0.0379370445652	-0.010681105756	-0.0646688025725	-0.00967257190098	0.0031827992986	0.00589371965454	0.0168848225022	-0.0111814542313
k__Bacteria;p__Bacteroidetes;c__Bacteroidia;o__Bacteroidales;f__Bacteroidaceae;g__Bacteroides;s__Bacteroides_fragilis	-0.0469116266167	-0.01424074282	0.0853725855388	-0.0209882156656	-0.00846738093678	0.0110229071215	-0.0104252675939	0.0376585566809	0.0304825345651	-0.0245463680965	0.026186990667	0.0137581520499	-0.00803641516853	0.03255692653	-0.0225886558899	-0.0309665589533	1.0	0.0383025099041	-0.0208052525499	0.0100954539981	0.0433389372473	-0.0122367488617	0.0346250504867	-0.0115728649998	0.00356514571778	-0.0353508137934	0.00888350801008	-0.0426806700145	-0.00358088167968	-0.0381481915981	-0.0148665640807	0.0203964071349	-0.0325658409989	0.0456761986167	0.061968888702	-0.0126583159772	0.0235811260757	-0.0276901357722	0.0750797033055	-0.00736918541907	-0.00780486767112	0.0454740172675	-0.0217708172964	-0.00053506824478	-0.00768789803323	0.000993906568369	0.0334737273292	0.0108225712798	-0.0455378600912	-0.0348462583791	0.0270214207958	-0.0504218995702	-0.00991120372055	-0.0250770555163	-0.0116629219667	0.0116374173782	-0.0460336074357	-0.0410290446273	-0.077209523833
k__Bacteria;p__Proteobacteria;c__Betaproteobacteria;o__Burkholderiales;f__Sutterellaceae;g__Sutterella;s__Sutterella_wadsworthensis	-0.0399279000691	-0.0324016792025	0.0290758460894	0.019771383617	-0.0446255114083	-0.0357109646489	-0.00427065187598	0.0404719663264	0.00985656581321	-0.0468427776354	-0.0524110518154	0.0105306372677	-0.0684105582206	-0.0285577249003	0.0427761492685	0.00615889393551	0.0383025099041	1.0	-0.0123507756818	0.0249007800358	-0.0674814507228	-0.0442485150074	0.0376007039109	0.00933970659832	-0.0223779393665	0.0184667352594	0.0148281822663	0.00679090956924	-0.047024343051	0.0255286295455	-0.0452271977673	-0.00513551150781	-0.0109766013569	0.017927031134	0.0687491585093	-0.0377616874003	-0.0157926901458	-0.00754702339672	0.00287824529543	-0.0307971854178	0.00741846418109	0.0218280906555	-0.00268313591026	0.0047733913698	0.0185189400678	-0.0150487401457	-0.00605297771656	-0.0728893176304	0.042305858957	0.0184259703847	-0.0147540300634	0.0395639083157	0.0180276483784	-0.0390914082974	-0.0350603776684	-0.0332325398822	-0.0671778993339	-0.0263225345993	-0.00857021085719
k__Bacteria;p__Bacteroidetes;c__Bacteroidia;o__Bacteroidales;f__Porphyromonadaceae;g__Barnesiella;s__Barnesiella_intestinihominis	-0.0378646415168	0.000708683435605	0.00033319240025	0.0261004799001	-0.0274342070763	-0.00820420173442	-0.0264259528631	-0.0437867052708	0.000737884049852	-0.0546685414784	-0.00123506798698	0.0316359707638	-0.0260393684825	-0.03092715334	-0.0229828912651	-0.0217330421081	-0.0208052525499	-0.0123507756818	1.0	-0.0206956659648	-0.0236776521814	0.0153068076901	-0.0566223241933	-0.0100251913499	-0.000455685396763	-0.038299279118	0.00385998470379	0.0195557435578	-0.0395993490983	0.0231225206765	0.0616486562101	-0.0343823624365	0.0326611052928	-0.0108827203178	0.0486524209572	0.0105909899403	0.0539285472888	-0.00125134035941	-0.0226672123577	0.0376459709201	0.00495123431346	-0.0368997131457	0.0142664119645	0.0203638103064	0.00539854519759	0.00147999826018	0.0197707981503	0.0263163978998	-0.0337910284043	-0.0255749217396	0.00183176403774	-0.0320544753694	0.0695833678094	-0.0456709356232	-0.0681316195366	0.0106442304152	0.0023673780342	-0.0440336734253	-0.0521288571281
k__Bacteria;p__Bacteroidetes;c__Bacteroidia;o__Bacteroidales;f__Odoribacteraceae;g__Odoribacter;s__Odoribacter_splanchnicus	-0.0091910959074	0.00865150350428	0.00460349539468	0.00347939277343	0.00757027975846	-0.0211834312555	0.0199808453134	0.00498468716307	-0.0258182599128	-0.0405657036854	-0.0143255143608	-0.0333058128353	-0.0470656795687	-0.027852659056	-0.0131353941234	0.00544086007086	0.0100954539981	0.0249007800358	-0.0206956659648	1.0	-0.0273295950323	-0.066572959663	0.0237895709588	-0.0541844878768	-0.00253253302012	-0.00870592696708	-0.0567941352676	-0.00206158134054	0.023938346725	0.00625373081586	0.00898601132934	-0.00608682431582	0.0406655840008	-0.0313853188664	0.0103162176577	-0.0523339475369	0.0293787691872	-0.0436011506297	-0.0062796795769	0.027982427443	0.035302372922	0.0415611345346	0.0294273479299	-0.0104462033754	-0.0244478071529	-0.0011361385777	-0.0102215544166	-0.0155940619156	0.00492569468438	0.0158070767091	-0.0383507436465	-0.0281980016958	-0.0166960703997	-0.0198465495166	-0.0389739951548	0.0286044748334	-0.00818623010868	-0.0431735778419	-0.00448085992391
k__Bacteria;p__Bacteroidetes;c__Bacteroidia;o__Bacteroidales;f__Bacteroidaceae;g__Bacteroides;s__Bacteroides_salyersiae	0.0130547229207	0.00102419241184	-0.031097563023	-0.0720720941936	0.0115991580408	-0.0122309823549	-0.0708434216537	0.0090999477202	-0.00537028529298	-0.0443047415482	-0.00988599232069	-0.0397015547636	0.0326529411172	0.0115387582156	0.00169978387336	-0.0144678976253	0.0433389372473	-0.0674814507228	-0.0236776521814	-0.0273295950323	1.0	0.0135400949086	-0.0256690100676	0.0203171306536	-0.00302808822312	0.0604749905279	0.027670062592	0.016618859176	0.0410413238264	-0.0754106549476	-0.0199905619678	-0.0330032320123	-0.0277502924933	-0.0112256816463	-0.00663596218381	-0.0229624170223	-0.0106451696057	-0.00655523875036	-0.00956667170755	-0.0100883599641	-0.03575275037	-0.00167919099162	-0.0419335667935	0.0148599648285	0.0372457994189	0.0158146286045	-0.0536332800766	0.0241056494789	-0.0244989008849	-0.00304920013478	0.0444880562027	-0.0359576992655	0.00277806929912	0.0126056648075	0.00713479693925	-0.0198821169508	-0.0185695081386	-0.0298210726206	-0.02843091266
k__Bacteria;p__Firmicutes;c__Clostridia;o__Clostridiales;f__Ruminococcaceae;g__Ruminiclostridium;s__[Eubacterium]_siraeum	0.00399832471508	0.0298059970177	-0.0510474326068	-0.0254625488029	0.0670903966741	-0.0148411541282	-0.0019001860681	0.00549951750238	-0.0544086616668	0.0167304468271	0.0281193353082	-0.0351117912199	0.0234758611624	0.0291898223023	-0.00877028605302	-0.0202989076418	-0.0122367488617	-0.0442485150074	0.0153068076901	-0.066572959663	0.0135400949086	1.0	0.0132966135228	-0.00986633872473	0.0034986762169	0.0378706759954	0.0424751858065	0.0198785409232	0.00562934876819	0.0169538599053	-0.0503248112526	-0.060828047173	-0.0223973868907	0.0235065826894	-0.0503342176367	-0.0309200477105	0.000634151525807	-0.0188230750524	0.0164960579929	0.00092749788173	-0.0132182846196	-0.0247977159739	-0.0269732172205	-0.0629511375012	-0.0234708473699	-0.0286169177655	0.0099439246115	-0.0255959831635	-0.00674656098497	-0.0581616717858	0.0674618338004	-0.0550503601492	-0.00723865573626	0.0541343711564	0.0153740115885	-0.0343070861611	-0.0966307545197	-0.00530932788616	-0.0510523568416
k__Bacteria;p__Proteobacteria;c__Betaproteobacteria;o__Burkholderiales;f__Sutterellaceae;g__Parasutterella;s__Parasutterella_excrementihominis	0.0165874851868	0.020714215782	0.00522990027021	0.00740088785494	0.0143874191859	-0.0409294942603	0.0567124830768	-0.0369381619843	-0.0134047406884	-0.000103897686127	-0.0199450352912	0.0416855039346	0.0277067597836	-0.0182406155182	0.0198740636438	-0.029709697582	0.0346250504867	0.0376007039109	-0.0566223241933	0.0237895709588	-0.0256690100676	0.0132966135228	1.0	-0.00710491062582	0.0253382644318	-0.0363632907845	0.0188838201673	0.0168298270741	-0.0514613568642	0.0256745926638	-0.0370784879914	-0.0491027161758	-0.0602384376271	-0.0131272158143	0.0277756221308	0.0405696194188	0.0257380324491	0.00227498681288	-0.0215032669309	-0.00368853777677	-0.00274668676545	-0.0193621902036	0.051645635268	0.0413662252865	0.0139644650647	-0.0858686480336	0.0310157105351	0.00278424528555	-0.0612005205369	0.0315323276228	0.0217759843449	-0.020950590812	0.0363387691463	0.0357530102736	-0.0658522928445	-0.0376678118854	-0.0158233326585	-0.00631818954556	-0.0498395605961
k__Bacteria;p__Actinobacteria;c__Actinobacteria;o__Bifidobacteriales;f__Bifidobacteriaceae;g__Bifidobacterium;s__Bifidobacterium_adolescentis	-0.0158899162389	0.0487754159188	-0.000579934566812	-0.0315708501397	-0.0149753116927	0.00157701272621	-0.0465373502607	0.032899141505	-0.051188573497	-0.0511658191994	0.033519778847	-0.0538983036892	0.0152050038148	-0.0748439554518	-0.00551479146294	0.0184425475071	-0.0115728649998	0.00933970659832	-0.0100251913499	-0.0541844878768	0.0203171306536	-0.00986633872473	-0.00710491062582	1.0	-0.0249146076392	-0.0198505429043	-0.00505825730347	-0.00920430862905	0.00635967013434	-0.00872628988223	-0.0476123727948	-0.0176879406197	-0.0459029294374	-0.0355852276853	0.0251908497052	-0.0191858214633	-0.00117682451436	0.0426638080099	-0.0373060195248	0.0154222686484	0.00969470691157	-0.00867536885483	-0.0668549681526	0.0447986636507	-0.00611722337975	-0.00125713983375	-0.0471937812993	-0.0265276782311	-0.0660071712257	-0.0413618183571	-0.0206032074763	-0.01780404988	0.0531792742571	0.0463583646923	-0.0316202734236	-0.00494239363286	0.0260683285752	0.0525075389201	0.0372057690433
k__Bacteria;p__Firmicutes;c__Clostridia;o__Clostridiales;f__Oscillospiraceae;g__Oscillibacter;s__Oscillibacter_sp._KLE_1745	0.010071599496	-0.0715115878313	-0.00730291473558	-0.013225926666	0.0338241840433	-0.052846901607	0.0308807002948	0.000742317146394	-0.00277224565918	0.0314733370006	-0.0349941335052	-0.00783358315456	-0.0128845244061	-0.0138086765808	0.0156612366501	-0.0250129763674	0.00356514571778	-0.0223779393665	-0.000455685396763	-0.00253253302012	-0.00302808822312	0.0034986762169	0.0253382644318	-0.0249146076392	1.0	-0.0129141523735	-0.0414164331252	0.0246503593565	0.020962416289	0.00722046598023	-0.0215020753754	-0.00353575420848	-0.0777198217095	-0.00350085671073	0.0209233102484	-0.00880754910213	0.0040527188073	0.00503487639817	0.0106263783346	-0.0397148275505	-0.0397616377711	-0.00879421552587	-0.0431403398218	-0.0358897991983	-0.02191246821	0.0195456467683	0.0228496694633	0.027744221646	0.0397748292797	0.0516591195253	-0.012796624166	-0.0389543965669	-0.0638964052864	-0.0555636969648	0.00774401860687	-0.0196500470025	-0.0544019971418	-0.0209269941601	-0.0250815528855
k__Bacteria;p__Bacteroidetes;c__Bacteroidia;o__Bacteroidales;f__Bacteroidaceae;g__Bacteroides;s__Bacteroides_coprophilus	0.0343011854291	-0.0490417008492	-0.0352892589846	0.0169225661181	-0.0373178177809	-0.0674239013824	-0.0731635898286	-0.0358707045265	-0.0519896228913	-0.0019421415532	-0.00136409038322	-0.0362040202946	0.0749786580492	-0.0297694134448	0.00631359548422	-0.066132117569	-0.0353508137934	0.0184667352594	-0.038299279118	-0.00870592696708	0.0604749905279	0.0378706759954	-0.0363632907845	-0.0198505429043	-0.0129141523735	1.0	0.00602280068978	-0.0261083559877	-0.0609648675138	0.00774249720531	-0.0158327366912	0.000810064303727	-0.00545678538739	-0.014115645183	0.00581211670744	-0.0454181814469	0.0188364992539	0.0126595447776	-0.00975291341496	-0.00398132402733	0.029788820559	0.0102617493545	0.0254352960307	0.00470472530799	-0.0342314904731	0.00799702089336	-0.0123461151302	-0.0234334257167	0.0227506573034	-0.0619667751202	0.0535348722924	0.0183992562621	0.0350912194871	-0.0346950171408	-0.00578942174959	0.0306824516393	0.0508500768171	-0.023764110739	-0.0354960491018
k__Bacteria;p__Firmicutes;c__Clostridia;o__Clostridiales;f__Lachnospiraceae;g__Roseburia;s__Roseburia_intestinalis	0.00376874158825	0.000555864775054	0.0139910112265	0.00763449458957	0.0160197080211	0.0261281439967	-0.0329546802964	0.0419804165055	0.00296336004538	0.0401688907151	0.0131545064089	-0.0134562686094	-0.00725060384307	0.0424360212264	0.0333028934446	0.0289400006429	0.00888350801008	0.0148281822663	0.00385998470379	-0.0567941352676	0.027670062592	0.0424751858065	0.0188838201673	-0.00505825730347	-0.0414164331252	0.00602280068978	1.0	0.0194802542953	-0.0331282992601	-0.0465336100509	-0.0322668459335	0.0243356163837	0.00196415450166	-0.0193196013084	0.0183441118675	0.0469362802464	-0.0336719283153	0.0184997798496	0.00131091902497	-0.0183164556184	-0.0290201854288	-0.0451144683998	-0.0475754797581	0.00746439223672	-0.0234288118853	-0.0115682320759	-0.0105867403043	0.0228589837686	-0.0513043958516	-0.00503487643574	-0.0277646905169	-0.0660667103517	-0.0775177993529	0.0206138304205	0.0248516128487	-0.016806272968	-0.046916883055	-0.00196885109209	-0.00235887993484
k__Bacteria;p__Firmicutes;c__Clostridia;o__Clostridiales;f__Lachnospiraceae;g__Roseburia;s__Roseburia_hominis	-0.0369214348574	0.000163618838603	0.0260419458648	-0.0412464473713	0.0501862648619	-0.0348068189424	0.0605189422396	-0.00749462342333	0.0290389422928	0.0773525328479	0.000985171857097	-0.00673251316161	-0.053717617097	0.000399128899397	0.0214843616652	-0.0247873838617	-0.0426806700145	0.00679090956924	0.0195557435578	-0.00206158134054	0.016618859176	0.0198785409232	0.0168298270741	-0.00920430862905	0.0246503593565	-0.0261083559877	0.0194802542953	1.0	-0.00728523063173	-0.0506622605751	-0.0854905917105	-0.0314077694475	-0.00657494124626	-0.0218655956243	-0.0067108199904	-0.00609456580218	0.00261735493652	0.0330015075775	0.0313710065995	-0.039178379611	-0.0195449079026	-0.0419147038517	-0.0475478737635	0.000799764305802	0.0204241106604	-0.00210871790512	0.0204324874679	0.0426764861126	0.0132976742324	0.0292125382999	-0.0238344252727	-0.0114145294216	-0.00173967417364	-0.0218662113087	0.0434925350924	-0.024605131201	0.016498355629	-0.00588631189641	-0.0731402930795
k__Bacteria;p__Bacteroidetes;c__Bacteroidia;o__Bacteroidales;f__Porphyromonadaceae;g__Parabacteroides;s__Parabacteroides_johnsonii	-0.0200859784372	-0.0215604229883	-0.022659983157	0.0177768523634	-0.0245305597392	0.014726021872	-0.034052133679	0.0519526299504	-0.0524335284271	0.0452434906038	-0.0256843527545	-0.0117908604398	0.0322028121526	-0.0338440992937	-0.00751978328476	-0.0592526728637	-0.00358088167968	-0.047024343051	-0.0395993490983	0.023938346725	0.0410413238264	0.00562934876819	-0.0514613568642	0.00635967013434	0.020962416289	-0.0609648675138	-0.0331282992601	-0.00728523063173	1.0	0.0220272128512	0.00740781608416	-0.00602624168397	-0.0297711013652	-0.0265513469491	-0.0349462627596	-0.0417808438118	-0.0259084853196	-0.0382778805472	0.0109449155148	-0.0332969386775	-0.0415961172874	0.0612185728484	0.0158380613849	-0.0146415184188	0.0309902551246	-0.0119163460403	0.00475691478693	0.0202692195016	0.0100108496958	-0.0329007344774	-0.0755774558197	0.00521717912108	-0.00126127031759	0.0345474133556	-0.0451091163412	0.00858692206429	0.0354153867046	-0.0316535729987	0.00990406700525
k__Bacteria;p__Actinobacteria;c__Actinobacteria;o__Bifidobacteriales;f__Bifidobacteriaceae;g__Bifidobacterium;s__Bifidobacterium_longum	-0.00209731279418	0.000346728293132	-0.0304319330611	0.00466214614627	-0.0505542080993	-0.0270103146927	0.00633467456785	-0.0250178414698	0.00838939221039	0.00109717237358	-0.0732213553755	0.0349468452429	0.00314872060604	0.0594091502671	0.0107215106591	-0.0366493236138	-0.0381481915981	0.0255286295455	0.0231225206765	0.00625373081586	-0.0754106549476	0.0169538599053	0.0256745926638	-0.00872628988223	0.00722046598023	0.00774249720531	-0.0465336100509	-0.0506622605751	0.0220272128512	1.0	0.0387896593577	0.0419204886125	0.0190357142971	-0.0129842520096	0.0400155037321	-0.000429420394064	-0.00387288161337	0.000353896836314	0.0331981624763	0.00381616345553	-0.0117503958122	-0.0105248811464	-0.0348909229505	-0.0120498199911	0.000804790223995	-0.0789313245782	0.0256233876941	0.0170764132045	0.0473585535329	-0.0238803730852	-0.0237430342481	-0.0315278391071	-0.0648327984503	-0.0165493001534	0.00546367709617	-0.0347965218104	-0.0773763916608	-0.009266207067	-0.00020041645011
