#taxonomy	k__Bacteria;p__Bacteroidetes;c__Bacteroidia;o__Bacteroidales;f__Bacteroidaceae;g__Bacteroides;s__Bacteroides_vulgatus	k__Bacteria;p__Bacteroidetes;c__Bacteroidia;o__Bacteroidales;f__Bacteroidaceae;g__Bacteroides;s__Bacteroides_uniformis	k__Bacteria;p__Bacteroidetes;c__Bacteroidia;o__Bacteroidales;f__Rikenellaceae;g__Alistipes;s__Alistipes_putredinis	k__Bacteria;p__Bacteroidetes;c__Bacteroidia;o__Bacteroidales;f__Prevotellaceae;g__Prevotella;s__Prevotella_copri	k__Bacteria;p__Bacteroidetes;c__Bacteroidia;o__Bacteroidales;f__Bacteroidaceae;g__Bacteroides;s__Bacteroides_stercoris	k__Bacteria;p__Bacteroidetes;c__Bacteroidia;o__Bacteroidales;f__Bacteroidaceae;g__Bacteroides;s__Bacteroides_ovatus	k__Bacteria;p__Bacteroidetes;c__Bacteroidia;o__Bacteroidales;f__Rikenellaceae;g__Alistipes;s__Alistipes_shahii	k__Bacteria;p__Firmicutes;c__Clostridia;o__Clostridiales;f__Ruminococcaceae;g__Faecalibacterium;s__Faecalibacterium_prausnitzii	k__Bacteria;p__Bacteroidetes;c__Bacteroidia;o__Bacteroidales;f__Rikenellaceae;g__Alistipes;s__Alistipes_finegoldii	k__Bacteria;p__Bacteroidetes;c__Bacteroidia;o__Bacteroidales;f__Porphyromonadaceae;g__Parabacteroides;s__Parabacteroides_distasonis	k__Bacteria;p__Bacteroidetes;c__Bacteroidia;o__Bacteroidales;f__Bacteroidaceae;g__Bacteroides;s__Bacteroides_thetaiotaomicron	k__Bacteria;p__Bacteroidetes;c__Bacteroidia;o__Bacteroidales;f__Bacteroidaceae;g__Bacteroides;s__Bacteroides_coprocola	k__Bacteria;p__Bacteroidetes;c__Bacteroidia;o__Bacteroidales;f__Bacteroidaceae;g__Bacteroides;s__Bacteroides_cellulosilyticus	k__Bacteria;p__Bacteroidetes;c__Bacteroidia;o__Bacteroidales;f__Rikenellaceae;g__Alistipes;s__Alistipes_obesi	k__Bacteria;p__Firmicutes;c__Clostridia;o__Clostridiales;f__Lachnospiraceae;g__;s__[Eubacterium]_rectale	k__Bacteria;p__Bacteroidetes;c__Bacteroidia;o__Bacteroidales;f__Bacteroidaceae;g__Bacteroides;s__Bacteroides_plebeius	k__Bacteria;p__Bacteroidetes;c__Bacteroidia;o__Bacteroidales;f__Bacteroidaceae;g__Bacteroides;s__Bacteroides_fragilis	k__Bacteria;p__Proteobacteria;c__Betaproteobacteria;o__Burkholderiales;f__Sutterellaceae;g__Sutterella;s__Sutterella_wadsworthensis	k__Bacteria;p__Bacteroidetes;c__Bacteroidia;o__Bacteroidales;f__Porphyromonadaceae;g__Barnesiella;s__Barnesiella_intestinihominis	k__Bacteria;p__Bacteroidetes;c__Bacteroidia;o__Bacteroidales;f__Odoribacteraceae;g__Odoribacter;s__Odoribacter_splanchnicus	k__Bacteria;p__Bacteroidetes;c__Bacteroidia;o__Bacteroidales;f__Bacteroidaceae;g__Bacteroides;s__Bacteroides_salyersiae	k__Bacteria;p__Firmicutes;c__Clostridia;o__Clostridiales;f__Ruminococcaceae;g__Ruminiclostridium;s__[Eubacterium]_siraeum	k__Bacteria;p__Proteobacteria;c__Betaproteobacteria;o__Burkholderiales;f__Sutterellaceae;g__Parasutterella;s__Parasutterella_excrementihominis	k__Bacteria;p__Actinobacteria;c__Actinobacteria;o__Bifidobacteriales;f__Bifidobacteriaceae;g__Bifidobacterium;s__Bifidobacterium_adolescentis	k__Bacteria;p__Firmicutes;c__Clostridia;o__Clostridiales;f__Oscillospiraceae;g__Oscillibacter;s__Oscillibacter_sp._KLE_1745	k__Bacteria;p__Bacteroidetes;c__Bacteroidia;o__Bacteroidales;f__Bacteroidaceae;g__Bacteroides;s__Bacteroides_coprophilus	k__Bacteria;p__Firmicutes;c__Clostridia;o__Clostridiales;f__Lachnospiraceae;g__Roseburia;s__Roseburia_intestinalis	k__Bacteria;p__Firmicutes;c__Clostridia;o__Clostridiales;f__Lachnospiraceae;g__Roseburia;s__Roseburia_hominis	k__Bacteria;p__Bacteroidetes;c__Bacteroidia;o__Bacteroidales;f__Porphyromonadaceae;g__Parabacteroides;s__Parabacteroides_johnsonii	k__Bacteria;p__Actinobacteria;c__Actinobacteria;o__Bifidobacteriales;f__Bifidobacteriaceae;g__Bifidobacterium;s__Bifidobacterium_longum	k__Bacteria;p__Firmicutes;c__Clostridia;o__Clostridiales;f__;g__Flavonifractor;s__Flavonifractor_plautii	k__Bacteria;p__Firmicutes;c__Clostridia;o__Clostridiales;f__Clostridiaceae;g__Clostridium;s__Clostridium_phoceensis	k__Bacteria;p__Verrucomicrobia;c__Verrucomicrobiae;o__Verrucomicrobiales;f__Akkermansiaceae;g__Akkermansia;s__Akkermansia_muciniphila	k__Bacteria;p__Bacteroidetes;c__Bacteroidia;o__Bacteroidales;f__Prevotellaceae;g__Paraprevotella;s__Paraprevotella_xylaniphila	k__Bacteria;p__Firmicutes;c__Clostridia;o__Clostridiales;f__Ruminococcaceae;g__Ruminococcus;s__Ruminococcus_callidus	k__Bacteria;p__Bacteroidetes;c__Bacteroidia;o__Bacteroidales;f__Rikenellaceae;g__Alistipes;s__Alistipes_senegalensis	k__Bacteria;p__Firmicutes;c__Clostridia;o__Clostridiales;f__Lachnospiraceae;g__Blautia;s__Blautia_sp._KLE_1732	k__Bacteria;p__Bacteroidetes;c__Bacteroidia;o__Bacteroidales;f__Bacteroidaceae;g__Bacteroides;s__Bacteroides_oleiciplenus	k__Bacteria;p__Firmicutes;c__Clostridia;o__Clostridiales;f__Ruminococcaceae;g__Ruminococcus;s__Ruminococcus_bicirculans	k__Bacteria;p__Bacteroidetes;c__Bacteroidia;o__Bacteroidales;f__Bacteroidaceae;g__Bacteroides;s__Bacteroides_fluxus	k__Bacteria;p__Bacteroidetes;c__Bacteroidia;o__Bacteroidales;f__Prevotellaceae;g__Prevotella;s__Prevotella_stercorea	k__Bacteria;p__Firmicutes;c__Clostridia;o__Clostridiales;f__Lachnospiraceae;g__Dorea;s__Dorea_longicatena	k__Bacteria;p__Firmicutes;c__Clostridia;o__Clostridiales;f__Eubacteriaceae;g__Eubacterium;s__[Eubacterium]_eligens	k__Bacteria;p__Firmicutes;c__Clostridia;o__Clostridiales;f__Ruminococcaceae;g__;s__Ruminococcaceae_bacterium_D16	k__Bacteria;p__Firmicutes;c__Clostridia;o__Clostridiales;f__Lachnospiraceae;g__Coprococcus;s__Coprococcus_comes	k__Bacteria;p__Proteobacteria;c__Gammaproteobacteria;o__Enterobacterales;f__Enterobacteriaceae;g__Escherichia;s__Escherichia_coli	k__Bacteria;p__Firmicutes;c__Clostridia;o__Clostridiales;f__Ruminococcaceae;g__Anaerotruncus;s__Anaerotruncus_colihominis	k__Bacteria;p__Firmicutes;c__Clostridia;o__Clostridiales;f__Lachnospiraceae;g__Blautia;s__Blautia_obeum	k__Bacteria;p__Bacteroidetes;c__Bacteroidia;o__Bacteroidales;f__Odoribacteraceae;g__Odoribacter;s__Odoribacter_laneus	k__Bacteria;p__Firmicutes;c__Clostridia;o__Clostridiales;f__Ruminococcaceae;g__Ruminiclostridium;s__[Clostridium]_leptum	k__Bacteria;p__Bacteroidetes;c__Bacteroidia;o__Bacteroidales;f__Porphyromonadaceae;g__Parabacteroides;s__Parabacteroides_goldsteinii	k__Bacteria;p__Firmicutes;c__Clostridia;o__Clostridiales;f__Lachnospiraceae;g__Anaerostipes;s__Anaerostipes_hadrus	k__Bacteria;p__Firmicutes;c__Clostridia;o__Clostridiales;f__Ruminococcaceae;g__Ruminococcus;s__Ruminococcus_lactaris	k__Bacteria;p__Firmicutes;c__Clostridia;o__Clostridiales;f__Clostridiaceae;g__Clostridium;s__Clostridium_sp._L2-50	k__Bacteria;p__Firmicutes;c__Clostridia;o__Clostridiales;f__Clostridiaceae;g__Clostridium;s__Clostridium_sp._M62/1	k__Bacteria;p__Firmicutes;c__Clostridia;o__Clostridiales;f__;g__Intestinimonas;s__Intestinimonas_butyriciproducens	k__Bacteria;p__Actinobacteria;c__Actinobacteria;o__Bifidobacteriales;f__Bifidobacteriaceae;g__Bifidobacterium;s__Bifidobacterium_bifidum	k__Bacteria;p__Firmicutes;c__Negativicutes;o__Veillonellales;f__Veillonellaceae;g__Dialister;s__Dialister_invisus	k__Bacteria;p__Bacteroidetes;c__Bacteroidia;o__Bacteroidales;f__Bacteroidaceae;g__Bacteroides;s__Bacteroides_salanitronis
k__Bacteria;p__Bacteroidetes;c__Bacteroidia;o__Bacteroidales;f__Bacteroidaceae;g__Bacteroides;s__Bacteroides_vulgatus	1.0	0.0124915978374	-0.0271858984564	-0.00597745243219	-0.0921140638243	-0.0136928463937	-0.00285379723963	-0.0593075293301	0.00634913008261	0.056188477157	-0.00414444937393	-0.000299513357415	-0.0449705811912	0.0377353297229	0.00787188070042	-0.0416535769108	0.0506231678045	0.0210767360355	0.0796335547196	-0.0865938428785	0.0646564203074	0.0594588554037	-0.028324539938	0.0449003558753	0.00682787322347	0.0413059028175	0.0703992780032	-0.135222763531	-0.0968462082001	-0.0373325071701	-0.00608853448444	0.0100213188641	-0.0128576863692	0.0085084236642	-0.0129633569931	-0.091887834954	0.00457002416256	-0.0160775825389	0.0540665340378	-0.00381462356773	-0.0221601497943	-0.0375327299699	0.00126460246136	0.00586885167993	0.0600345033772	-0.00732373325798	-0.0173574733695	-0.0334082976709	-0.0890425454656	-0.0243871501036	0.0247143050343	-0.0428835276401	0.0111844092942	0.0147648491744	0.0210389478479	-0.0488152933843	-0.0183017505759	-0.0408648909414	0.0103150774714
k__Bacteria;p__Bacteroidetes;c__Bacteroidia;o__Bacteroidales;f__Bacteroidaceae;g__Bacteroides;s__Bacteroides_uniformis	0.0124915978374	1.0	-0.0200048974725	-0.0704361539973	0.0259316908927	-0.0318254669503	0.00931742246603	-0.0647471550573	-0.02871080593	0.014497476603	-0.0392516468939	-0.0047119658877	0.024235086469	0.0200107689155	0.00950601987423	-0.0124640778882	0.0121379009637	-0.00763198472484	-0.0144254288747	-0.0311966553939	0.0355749731195	-0.0124769256421	0.0192095389293	-0.0276042661303	0.0217592564287	0.0128314097974	-0.00892961862043	-0.0199176671274	-0.00646867785249	0.00014285078555	-0.0176117475764	-0.0376675139203	0.0422437874967	-0.0515900430695	0.0101078746498	0.018413005132	-0.0558117969208	0.00976312167797	-0.0200199390593	-0.0410058485515	-0.00970326671004	0.0125465603837	-0.0119377153288	0.0142165619399	0.0209319251963	-0.0113889751344	-0.00944381349109	-0.0351602856358	-0.105662712855	0.0581148240363	-0.0564615520882	-0.00980485899498	0.0114115008804	-0.0487856498236	-0.0630553013157	-0.00178722795033	0.0268232640365	0.0188071030379	-0.0184753720265
k__Bacteria;p__Bacteroidetes;c__Bacteroidia;o__Bacteroidales;f__Rikenellaceae;g__Alistipes;s__Alistipes_putredinis	-0.0271858984564	-0.0200048974725	1.0	-0.0605440448158	-0.0406038834	0.00034926189367	-0.0724090081256	0.0238699154726	-0.00162552340177	-0.00176575406392	0.0150914752076	-0.0550681729732	0.0171435810846	0.0186451085876	0.0216883234787	0.00195107393023	0.0056108754774	-0.10103135117	-0.0700310767298	0.00554071093835	-0.0257938616938	-0.0372839040225	0.0313951205281	-0.0720140200726	-0.0272946542547	0.038019771119	-0.059974771401	-0.075425002867	-0.0127758966602	0.0205182844275	0.00589630241217	0.0232237572792	0.0605073885495	0.000887370846337	-0.0548054798681	-0.00184397945947	0.0201776368008	-0.0261764205882	-0.000264452405523	0.000899910631275	0.0296634756555	-0.0742195022452	-0.0767574991039	0.00220053454232	-0.0777053045616	0.0137068799342	0.0313974859347	-0.0292480572134	0.0429544398233	-0.0360966038535	-0.035012270809	0.0280001390264	-0.0547985052064	0.0374560444615	0.00928879346296	0.0211642810191	-0.027008420168	0.00460131586798	-0.0250407556076
k__Bacteria;p__Bacteroidetes;c__Bacteroidia;o__Bacteroidales;f__Prevotellaceae;g__Prevotella;s__Prevotella_copri	-0.00597745243219	-0.0704361539973	-0.0605440448158	1.0	0.0145921001695	-0.046180387272	0.0155821747158	-0.033188502	0.00132622059717	0.0462993005126	-0.027339258334	0.00454453665166	-0.0586078767244	-0.0239562603236	0.0972256065986	-0.0644214899795	0.0742925477759	0.0231828244085	-0.0243586561003	0.0112890963317	-0.0305790350114	-0.0346649812531	-0.0710528380351	-0.0190966593202	-0.00726295249935	-0.00847403417259	-0.0613954358597	-0.0127750844118	-0.062042629507	0.046199481285	-0.0280697337496	0.000193165603131	-0.00454632390398	-0.0503121866296	0.0127142643022	-0.0222399793173	0.0403684813727	-0.0274052665744	-0.00812634306819	-0.000759285611626	-0.0633685758328	-0.00711170612229	-0.0220659336335	-0.0558661690919	-0.00958845830643	0.000533119901007	0.0312071407912	-0.0424133550306	0.0107764684151	0.000418581070542	0.0266644731204	0.0186613021764	-0.0690142918868	0.0155817082285	-0.0493568425145	-0.0664051865249	0.00129523594121	-0.0121561782516	0.0308319693346
k__Bacteria;p__Bacteroidetes;c__Bacteroidia;o__Bacteroidales;f__Bacteroidaceae;g__Bacteroides;s__Bacteroides_stercoris	-0.0921140638243	0.0259316908927	-0.0406038834	0.0145921001695	1.0	0.0194898844831	0.00423182118422	-0.0436164844726	-0.0214836735622	0.0115831360862	-0.0377518009637	0.0411032310088	-0.0941176972509	0.0353145608586	-0.0642816381225	-0.0109083608138	0.0332922619353	-0.0350041368958	-0.033573725136	-0.0193413646071	0.0525250379579	0.00762153248008	0.0723815070662	-0.0194582554997	-0.0854641540279	0.0423684541097	0.037962824662	0.058334654638	-0.0618401315875	-0.00715065647576	0.0543006334986	-0.122666848756	0.039376706664	-0.0420563325249	-0.00588677639835	-0.0188742882938	-0.0611844834058	-0.0395512834499	0.0235058637021	0.0160681647798	0.0491705960004	-0.03268022969	-0.0265195768875	0.0282492540168	-0.0265005493179	-0.0527442610242	-0.00855853220658	-0.0193975485227	0.00414068816763	0.00617352931652	0.0132638321742	-0.0275248331969	-0.0422564649652	-0.0152480144367	-0.00499457650071	-0.0341335685096	-0.0376936992682	0.0151131586758	-0.0545345383506
k__Bacteria;p__Bacteroidetes;c__Bacteroidia;o__Bacteroidales;f__Bacteroidaceae;g__Bacteroides;s__Bacteroides_ovatus	-0.0136928463937	-0.0318254669503	0.00034926189367	-0.046180387272	0.0194898844831	1.0	-0.0623718097512	-0.0329396785179	-0.0482709340043	-0.0146205014003	-0.0338438101859	0.0109860533369	0.0144621901133	0.018286618243	0.00999278513645	-0.0567296066852	-0.0177148063248	0.0321757986387	0.0413200431523	-0.0287016704753	0.0562859047264	0.0557725913836	0.0153499668286	-0.0363810260115	-0.0677582979811	-0.0233326648988	-0.0184532305871	-0.0284094615931	-0.0264905718012	-0.0554400667043	0.00537366056674	-0.0452202183372	0.0756128814393	0.0567519492119	-0.0242257909925	0.018743057848	-0.0139601117699	-0.0213087956738	-0.0539524009481	-0.0457020378094	0.000489082524782	-0.0335430563301	0.021231009103	0.00194443073277	-0.008045924897	0.0124720642995	-0.0524391786082	-0.0282410850502	-0.013405027838	-0.0187774881644	-0.0398651931173	-0.0267054488767	-0.0235313890507	0.00575863063879	-0.0469146117121	-0.0498433633954	0.0843087854522	0.0189859524892	0.0832156440787
k__Bacteria;p__Bacteroidetes;c__Bacteroidia;o__Bacteroidales;f__Rikenellaceae;g__Alistipes;s__Alistipes_shahii	-0.00285379723963	0.00931742246603	-0.0724090081256	0.0155821747158	0.00423182118422	-0.0623718097512	1.0	0.0568463256511	-0.078683525782	-0.0109154395068	0.0242660267771	0.0246991418421	0.0313015380208	0.0227701316755	0.0103923530069	0.0582208974212	0.0816664096636	-0.0452556132286	0.00130567447988	-0.0509305905251	0.0215022254068	0.0362709792587	-0.0188890502346	0.047331145349	0.0138151093641	-0.0870766566393	-0.0892618726234	0.0606392654275	-0.0605085941806	0.0204010362161	-0.0335505583172	-0.0835720532402	0.017897593459	0.0162257619406	0.0172634149557	-0.0568284941297	0.0382871823562	0.0338551457197	0.028345898048	-0.0304223626728	-0.038847711617	-0.0102709227596	-0.0382164744071	0.0149627267052	-0.000446706754758	-0.0348149103815	-0.0435642039176	-0.0379365568601	-0.0350889353035	-0.0482371289892	-0.0133151521889	-0.0212713034123	-0.0278330794712	-0.0369898271849	-0.0324687974414	-0.0249714030999	-0.0118260783075	0.0689611913159	0.0553145452964
k__Bacteria;p__Firmicutes;c__Clostridia;o__Clostridiales;f__Ruminococcaceae;g__Faecalibacterium;s__Faecalibacterium_prausnitzii	-0.0593075293301	-0.0647471550573	0.0238699154726	-0.033188502	-0.0436164844726	-0.0329396785179	0.0568463256511	1.0	0.0733166768038	0.0283235100527	0.021855630336	0.00224006692911	0.0524258483046	-0.00484484233748	-0.0154980272879	-0.0243748038981	-0.000985402845046	0.00126856653163	0.0301156155646	0.065288127097	-0.0136640160178	-0.0194742577804	-0.0563127504501	-0.0491447229958	0.101803735112	-0.0692313978187	0.0245140321423	0.00207580050208	-0.0353026635188	-0.0321006514046	-0.0163673843881	0.0429067067516	-0.0226779757608	-0.0907739151795	0.0313527907195	-0.0108064715143	-0.00270584143532	-0.0517182141988	-0.00106883798184	0.0142861786358	-0.0544800517825	-0.0442081877624	0.0408118195378	-0.044775851221	-0.0401114380011	-0.0156833373437	-0.0579678331964	-0.0499331698453	0.0200080436043	0.0473986611494	0.0284547953741	0.00459351038111	-0.0487787302798	0.0264214631395	0.0100091751041	0.0478253564474	-0.0988248840104	-0.0958206764735	0.020335266615
k__Bacteria;p__Bacteroidetes;c__Bacteroidia;o__Bacteroidales;f__Rikenellaceae;g__Alistipes;s__Alistipes_finegoldii	0.00634913008261	-0.02871080593	-0.00162552340177	0.00132622059717	-0.0214836735622	-0.0482709340043	-0.078683525782	0.0733166768038	1.0	0.0238787246645	0.0020532706139	-0.0268165523083	-0.0105386300776	0.0490388133674	-0.043888078692	-0.0296590489047	-0.0644559741839	0.0123430229415	-0.0268419325908	-0.0141317447651	-0.029900108666	-0.128199652979	0.0242618785184	-0.0590972360889	0.0468051681207	0.0258343040837	0.0441656866883	-0.0112372703213	-0.0112969456253	-0.00583939558456	0.0738978632022	0.00455922046358	0.0202838665629	-0.0402100065108	-0.0299019568989	0.0439833218725	0.0847006178415	-0.121364064851	-0.0420732419663	-0.0127036409586	-0.0240033751155	0.0547284962465	-0.0110556100596	0.0141537129306	-0.038537903119	0.0449774316024	0.0222590647875	0.0441730860376	0.0269350015044	0.00309153515877	-0.00532973776543	0.00155877465309	0.00212343424608	-0.0274933202769	0.0117984875325	-0.00151617394459	0.00208698633075	-0.0051184091489	-0.00558629217192
k__Bacteria;p__Bacteroidetes;c__Bacteroidia;o__Bacteroidales;f__Porphyromonadaceae;g__Parabacteroides;s__Parabacteroides_distasonis	0.056188477157	0.014497476603	-0.00176575406392	0.0462993005126	0.0115831360862	-0.0146205014003	-0.0109154395068	0.0283235100527	0.0238787246645	1.0	-0.0463794241441	0.0191962351705	-0.0737383995896	-0.0233211751026	-0.0668708030962	-0.0435015690181	-0.0386373855463	0.0345948131388	-0.0588887006179	-0.0214321050963	-0.000507222374003	0.0044836124744	-0.0142942633291	-0.0520053756532	-0.00695722178926	0.0482125295285	-0.048113919265	0.00752046093045	0.00055491612725	0.0417187195604	-0.0328895316071	0.00795500773097	0.00678605251175	0.00848207421576	-0.0406197876485	0.0469713217527	0.0374219685558	0.0386536854948	0.000804943524811	-0.0310622392626	-0.0204485883375	0.0211461328175	-0.0396036345582	0.0535251281766	-0.0215500057833	0.0134061388172	0.0214069369778	0.00393065574229	-0.0468191176786	-0.0122411774455	0.0239229704569	-0.0637274374569	-0.0175925462099	0.000186031839774	-0.0178405980591	0.0340753884619	0.00727369908042	-0.0755695934239	-0.0803090879602
k__Bacteria;p__Bacteroidetes;c__Bacteroidia;o__Bacteroidales;f__Bacteroidaceae;g__Bacteroides;s__Bacteroides_thetaiotaomicron	-0.00414444937393	-0.0392516468939	0.0150914752076	-0.027339258334	-0.0377518009637	-0.0338438101859	0.0242660267771	0.021855630336	0.0020532706139	-0.0463794241441	1.0	-0.00297750729055	0.0313786136443	-0.0290848683827	-0.00328867784292	0.0106929478777	-0.00418704220298	-0.00599352603675	-0.00822400356501	-0.00368874922263	0.0139373166417	0.000825200426892	0.0270284793978	0.00632999666337	-0.0223176452443	-0.000447540868932	0.0592107722927	-0.0449338832992	0.0351680478669	-0.00303359458233	-0.0331339490604	-0.0693412568224	-0.0151760784059	-0.0134504724537	0.0123589366081	-0.0132303183327	-0.0330837031729	-0.000730783493399	-0.00357492531619	0.0185146197843	-0.021174078382	-0.0367500271432	-0.0710635180045	-0.0793053964237	-0.0206222056577	-0.0404594814737	0.0006732750234	-0.00530014996462	0.0397513661897	-0.0724225557233	0.0157650043148	-0.0143850713521	0.0122596373291	-0.00305368375391	0.0240902276707	0.00894816663793	0.079140175328	-0.0542524446173	0.0262113744583
k__Bacteria;p__Bacteroidetes;c__Bacteroidia;o__Bacteroidales;f__Bacteroidaceae;g__Bacteroides;s__Bacteroides_coprocola	-0.000299513357415	-0.0047119658877	-0.0550681729732	0.00454453665166	0.0411032310088	0.0109860533369	0.0246991418421	0.00224006692911	-0.0268165523083	0.0191962351705	-0.00297750729055	1.0	-0.0501866155257	0.0603214224838	-0.0116807464494	0.0600686593358	-0.0230097204919	-0.0508487005793	0.0173180869798	-0.0675180018865	-0.000801858575304	-0.0552398146749	-0.0218296067324	0.024032027061	0.0837948075894	0.00738056431959	0.0121398213956	-0.0405457601221	-0.038861917168	-0.0243652267188	0.0225403376981	-0.0780731096583	0.0364508410432	0.0423144428433	-0.0406691135275	0.0446421850424	-0.0357582600527	0.0361592369995	-0.0960811978192	-0.0224264605008	0.016191680911	0.00133341441916	0.0198350222401	-0.0731861310532	0.0367591607195	-0.0179707406592	0.0151882738743	-0.00914478822178	-0.0384765394125	0.0511888344822	-0.0295609255252	-0.0120658710277	-0.00145284750769	-0.0764690657887	-0.0420707279951	-0.0276384813966	-0.00879876105647	0.0183261125005	0.00784906768287
k__Bacteria;p__Bacteroidetes;c__Bacteroidia;o__Bacteroidales;f__Bacteroidaceae;g__Bacteroides;s__Bacteroides_cellulosilyticus	-0.0449705811912	0.024235086469	0.0171435810846	-0.0586078767244	-0.0941176972509	0.0144621901133	0.0313015380208	0.0524258483046	-0.0105386300776	-0.0737383995896	0.0313786136443	-0.0501866155257	1.0	-0.0466325075296	0.0394122702069	0.0277267372029	0.00107083009168	-0.0717050494542	-0.0225743534953	-0.0325185815827	-0.0392620234287	-0.0103198964102	-0.0414187503705	-0.0405572218705	-0.000952191351291	-0.00142654455941	-0.0605327443839	-0.0126802046504	-0.0217748103542	-0.0250919365251	-0.000144193050523	0.0111099972101	0.0265921976497	0.0509686209507	0.0121267426527	0.00562403547692	0.0293953267357	0.0208805217631	-0.0277525407346	-0.0198639320756	-0.0511656262746	-0.0515656913482	0.0173964847286	0.000226032399607	-0.107091206117	0.038935677151	-0.0456224281341	-0.00379691779943	0.0525673587372	0.00119789756807	0.0306869384685	-0.00159054785408	0.0528154665577	-0.0680530834812	-0.0163915213667	-0.0297305922719	0.0190492185888	-0.0467572206339	-0.0389250998493
k__Bacteria;p__Bacteroidetes;c__Bacteroidia;o__Bacteroidales;f__Rikenellaceae;g__Alistipes;s__Alistipes_obesi	0.0377353297229	0.0200107689155	0.0186451085876	-0.0239562603236	0.0353145608586	0.018286618243	0.0227701316755	-0.00484484233748	0.0490388133674	-0.0233211751026	-0.0290848683827	0.0603214224838	-0.0466325075296	1.0	0.0142305801627	-0.00595020411798	-0.022463846087	0.0526134496867	0.000559290616065	-0.0365569679871	0.00923811353158	-0.0024571503754	-0.035718761948	-0.0502603025055	-0.0436253619702	0.0263040977091	-0.0184260001418	-0.0243047767171	-0.0154226183656	-0.0180044773755	-0.0205915328094	0.0301256784731	-0.0322371595266	-0.0499330154034	-0.0784599532197	-0.016385312792	0.0125616103966	0.0313417826009	-0.00471440858227	-0.0977460275513	0.0163757655033	0.0149222583083	-0.0531702344138	0.0158628619205	0.0563662862868	-0.0285557363786	0.0229525704521	0.00612619811247	-0.00496217609351	-0.0191141611022	0.0280300712553	0.0305975970733	0.0151568255482	0.00965198097133	-0.0753886367663	0.0641030572819	0.0181882231338	0.0379752839929	-0.0222177182226
k__Bacteria;p__Firmicutes;c__Clostridia;o__Clostridiales;f__Lachnospiraceae;g__;s__[Eubacterium]_rectale	0.00787188070042	0.00950601987423	0.0216883234787	0.0972256065986	-0.0642816381225	0.00999278513645	0.0103923530069	-0.0154980272879	-0.043888078692	-0.0668708030962	-0.00328867784292	-0.0116807464494	0.0394122702069	0.0142305801627	1.0	0.0101349822985	-0.00227773907238	-0.0674495794568	-0.0823908977638	-0.0610867175189	0.0103359024359	0.0619821094468	-0.0167883410661	0.00294481449462	0.104275186773	0.00439433268892	-0.0323719967681	-0.0221460400169	-0.0144957619664	0.00658428648051	-0.0118026870366	0.0406467667336	-0.0473872308324	0.0314352425853	-0.0432132497121	0.0318559689277	-0.00174228539497	-0.0186935819505	0.0497417328704	0.015438191747	-0.0456384984512	0.0878645540983	-0.0869264213816	-0.0169931376266	-0.0841202103181	-0.0377080480415	-0.005878309112	-0.0379932181783	-0.0515796674645	0.00615494187549	0.00600605844259	-0.0166690648057	-0.0495859608968	0.0129362117318	-0.00437156313613	-0.0488597756809	-0.0217653098834	0.0290740227044	-0.0527215145644
k__Bacteria;p__Bacteroidetes;c__Bacteroidia;o__Bacteroidales;f__Bacteroidaceae;g__Bacteroides;s__Bacteroides_plebeius	-0.0416535769108	-0.0124640778882	0.00195107393023	-0.0644214899795	-0.0109083608138	-0.0567296066852	0.0582208974212	-0.0243748038981	-0.0296590489047	-0.0435015690181	0.0106929478777	0.0600686593358	0.0277267372029	-0.00595020411798	0.0101349822985	1.0	0.0391956268477	-0.117758041645	-0.0545632183401	-0.00131340560959	0.0123021163904	-0.0467650037283	-0.00298134691674	-0.0726662088467	0.00408702672681	0.0790067584593	0.0289393800151	-0.0208176718862	-0.0197545670689	-0.0401112794194	-0.00983290797937	-0.0218858198617	0.0406491380843	0.0383917696334	-0.067010325005	0.0279472201026	0.0134420442596	-0.00199450356421	-0.0821757686994	0.0224712292511	-0.0557271987788	-0.0179757071315	-0.0503066265892	-0.00674123929156	-0.0113752263294	-0.0197638002902	-0.00665552917135	0.0541330449047	-0.0146761254836	0.0229748142304	-0.0101436094859	-0.00133628727244	0.00473700881503	-0.0254057811759	-0.0377793546896	0.00872166782708	-0.0440764673129	0.0200795443358	-0.0934358484746
k__Bacteria;p__Bacteroidetes;c__Bacteroidia;o__Bacteroidales;f__Bacteroidaceae;g__Bacteroides;s__Bacteroides_fragilis	0.0506231678045	0.0121379009637	0.0056108754774	0.0742925477759	0.0332922619353	-0.0177148063248	0.0816664096636	-0.000985402845046	-0.0644559741839	-0.0386373855463	-0.00418704220298	-0.0230097204919	0.00107083009168	-0.022463846087	-0.00227773907238	0.0391956268477	1.0	-0.0814555626152	-0.0214096402411	-0.0270408487251	0.0218176334194	0.0419454989317	-0.0357726478391	0.00134783066226	-0.0969610896594	-0.00838093268584	0.0120470298767	0.0359544079972	-0.0530506667649	-0.0269704433365	-0.0480799359662	0.00372408176123	-0.100660330999	0.145760882689	0.0160311700897	0.0613461829061	0.0244369430762	-0.0769121206751	0.0110902062313	0.0227247692985	-0.0395615039641	-0.0208845111842	-0.0293840810614	-0.0268985423078	-0.0286944880639	-0.0559679195806	-0.026076229385	-0.0106344754393	-0.0788409977629	0.0210961540354	-0.0611559554691	0.00120540383645	-0.0632925095742	-0.0201278485461	-0.000419502353132	0.0668892351286	0.0201031829347	-0.0433916936335	0.0206829111005
k__Bacteria;p__Proteobacteria;c__Betaproteobacteria;o__Burkholderiales;f__Sutterellaceae;g__Sutterella;s__Sutterella_wadsworthensis	0.0210767360355	-0.00763198472484	-0.10103135117	0.0231828244085	-0.0350041368958	0.0321757986387	-0.0452556132286	0.00126856653163	0.0123430229415	0.0345948131388	-0.00599352603675	-0.0508487005793	-0.0717050494542	0.0526134496867	-0.0674495794568	-0.117758041645	-0.0814555626152	1.0	-0.0147113946749	-0.0088229666541	-0.0250419290977	-0.096504546901	-0.0505909273159	-0.0196363029874	-0.011332750535	-0.0279688540657	0.00435722564755	0.0041418732379	0.0525942186638	0.015472790339	0.0107178783574	-0.00688838562503	-0.0502766411285	0.0126804043848	-0.0765704016856	-0.0581671504226	-0.0341491128646	0.0599054926091	0.0234944151474	-0.0223924105632	-0.0699058006266	0.06865855564	0.0148934916819	-0.0304102361209	-0.0564623212085	-0.0387486171045	-0.0369114529677	0.0163531564308	0.101778054076	-0.00386021877708	0.00533251226691	0.0344613013489	-0.00413434855482	-0.0145437932757	-0.0531764899349	-0.0444532948177	-0.0247265246814	0.00520163299919	0.000778928633855
k__Bacteria;p__Bacteroidetes;c__Bacteroidia;o__Bacteroidales;f__Porphyromonadaceae;g__Barnesiella;s__Barnesiella_intestinihominis	0.0796335547196	-0.0144254288747	-0.0700310767298	-0.0243586561003	-0.033573725136	0.0413200431523	0.00130567447988	0.0301156155646	-0.0268419325908	-0.0588887006179	-0.00822400356501	0.0173180869798	-0.0225743534953	0.000559290616065	-0.0823908977638	-0.0545632183401	-0.0214096402411	-0.0147113946749	1.0	0.0231636101427	-0.0200162802266	0.000128819273717	-0.0297063279585	-0.0139389561865	-0.0191832026581	-0.0825910587318	-0.0211852767803	0.012622399838	0.0997378031895	-0.00701369344025	-0.00551953161641	-0.00817235943569	0.000559206509778	0.00742175569536	0.0132773960083	-0.0295483622095	-0.038174594264	0.0038018128975	-0.0169510728522	0.0404864915771	-0.000103296317486	-0.0451497430267	0.00401953523274	-0.014612810427	0.0309752132021	0.00336911987322	-0.044843717008	-0.0541808973559	-0.00861837297128	0.0315723450601	-0.0229075781686	0.00141902427737	-0.0215150552891	-0.0191129070107	0.0133404419814	0.0397814598437	-0.00650963778863	0.0224824206465	0.000731873298431
k__Bacteria;p__Bacteroidetes;c__Bacteroidia;o__Bacteroidales;f__Odoribacteraceae;g__Odoribacter;s__Odoribacter_splanchnicus	-0.0865938428785	-0.0311966553939	0.00554071093835	0.0112890963317	-0.0193413646071	-0.0287016704753	-0.0509305905251	0.065288127097	-0.0141317447651	-0.0214321050963	-0.00368874922263	-0.0675180018865	-0.0325185815827	-0.0365569679871	-0.0610867175189	-0.00131340560959	-0.0270408487251	-0.0088229666541	0.0231636101427	1.0	-0.025116334852	-0.0215783215884	-0.00622415607459	0.0439887332866	0.0273282180262	-0.0820833234399	-0.0110396001484	0.0196274922315	-0.0250138629822	-0.0213192742957	0.0405946139445	-0.0591487232177	-0.00933982431065	-0.034677646895	0.00604303733023	-0.0605074181065	-0.0270962335937	-0.0211073071791	0.00483942134838	-0.0669475200126	0.054748374905	0.0679479328696	-0.0122724317904	0.0209852787564	-0.0369152189225	-0.0242760812425	-0.0323573283563	0.0343939337949	-0.0179051624698	-0.0141703525027	0.0354323154561	0.010290499582	-0.00958180462538	-0.0290651224026	-0.0573188961039	0.0146085942731	-0.00879530256158	0.0321762451328	-0.0504968683496
k__Bacteria;p__Bacteroidetes;c__Bacteroidia;o__Bacteroidales;f__Bacteroidaceae;g__Bacteroides;s__Bacteroides_salyersiae	0.0646564203074	0.0355749731195	-0.0257938616938	-0.0305790350114	0.0525250379579	0.0562859047264	0.0215022254068	-0.0136640160178	-0.029900108666	-0.000507222374003	0.0139373166417	-0.000801858575304	-0.0392620234287	0.00923811353158	0.0103359024359	0.0123021163904	0.0218176334194	-0.0250419290977	-0.0200162802266	-0.025116334852	1.0	-0.0134288757282	-0.0089964145083	0.00190730493232	0.00188338285279	0.00764675984302	0.00607540871188	-0.0144273097265	-0.00370760684976	-0.0127598473469	-0.0298645154583	-0.0487750113149	-0.0844232127994	-0.0672178916298	0.0203388588219	-0.00196143566834	-0.0380216002541	-0.0226327984974	-0.0562033175428	-0.0341933649896	-0.0361447348135	-0.0201500383667	0.0224608456673	-0.00497697260287	-0.0818711982744	-0.0464172744581	-0.0922164251156	0.0323759892961	-0.0711922095594	-0.0241253863347	-0.0813851417174	-0.0893185020244	-0.0303155762688	0.0358124373087	-0.012053942232	-0.0535486589922	-0.0317961816178	-0.0394186299893	-0.0132628190194
k__Bacteria;p__Firmicutes;c__Clostridia;o__Clostridiales;f__Ruminococcaceae;g__Ruminiclostridium;s__[Eubacterium]_siraeum	0.0594588554037	-0.0124769256421	-0.0372839040225	-0.0346649812531	0.00762153248008	0.0557725913836	0.0362709792587	-0.0194742577804	-0.128199652979	0.0044836124744	0.000825200426892	-0.0552398146749	-0.0103198964102	-0.0024571503754	0.0619821094468	-0.0467650037283	0.0419454989317	-0.096504546901	0.000128819273717	-0.0215783215884	-0.0134288757282	1.0	0.042468117673	-0.00901022336598	-0.0610879395941	-0.00680120491949	0.028760462144	0.0109299335432	-0.100247788284	0.0525203332581	-0.0530639006717	-0.011214660869	-0.0473874961564	0.0414509220022	-0.0378445581053	-0.0670936198261	-0.013695496714	-0.0523151710802	0.0245024957806	-0.0344151479659	0.00854373067523	-0.0507826677382	-0.0596136236991	-0.0182891872086	0.0306624426246	-0.0322533559192	-0.00918949911248	0.0248619494286	0.0649481410626	-0.0320424207842	-0.0261088265865	-0.0369465560649	-0.0296274296877	-0.00975000950684	0.0412711510484	0.0175705940927	0.030295297111	0.0212676056445	0.0257303802377
k__Bacteria;p__Proteobacteria;c__Betaproteobacteria;o__Burkholderiales;f__Sutterellaceae;g__Parasutterella;s__Parasutterella_excrementihominis	-0.028324539938	0.0192095389293	0.0313951205281	-0.0710528380351	0.0723815070662	0.0153499668286	-0.0188890502346	-0.0563127504501	0.0242618785184	-0.0142942633291	0.0270284793978	-0.0218296067324	-0.0414187503705	-0.035718761948	-0.0167883410661	-0.00298134691674	-0.0357726478391	-0.0505909273159	-0.0297063279585	-0.00622415607459	-0.0089964145083	0.042468117673	1.0	-0.0322534669683	0.0218494301959	0.0706195228517	-0.0066040864427	0.0256229673947	0.00383777475185	-0.0277499182023	-0.0115903324303	0.0649329421569	0.017008927206	0.00434161015449	0.0450808487361	-0.0491016763196	0.0499237127742	-0.035681699968	0.0418084063262	0.0609678185362	-0.00670146129047	0.00817544000039	0.0259652317926	-0.0855032776922	0.00663830499807	-0.0560928624891	0.0126111245844	-0.0714053270489	-0.00877622363876	0.051086121009	-0.0444790198823	0.0161499720389	-0.0323958370477	0.043014869643	0.0118757344066	-0.083802443821	0.0139776071513	0.0283098498001	-0.0384014232662
k__Bacteria;p__Actinobacteria;c__Actinobacteria;o__Bifidobacteriales;f__Bifidobacteriaceae;g__Bifidobacterium;s__Bifidobacterium_adolescentis	0.0449003558753	-0.0276042661303	-0.0720140200726	-0.0190966593202	-0.0194582554997	-0.0363810260115	0.047331145349	-0.0491447229958	-0.0590972360889	-0.0520053756532	0.00632999666337	0.024032027061	-0.0405572218705	-0.0502603025055	0.00294481449462	-0.0726662088467	0.00134783066226	-0.0196363029874	-0.0139389561865	0.0439887332866	0.00190730493232	-0.00901022336598	-0.0322534669683	1.0	0.0273564203002	-0.0552688512851	-0.0461085853316	0.0319159022806	-0.0251821706953	0.0508637382891	-0.00891822384496	0.00350331506569	-0.0419948938326	-0.0669380420588	0.0373167137021	-0.0763271721614	-0.0532963384104	0.0196383097163	0.0263591338777	0.00557626841205	0.00139171572598	-0.0465022033956	-0.0034432715469	-0.0016334047929	0.018545888488	0.0187307498052	0.0285572227346	0.00873222522786	-0.0016958018386	0.0600358270006	0.0479692299981	0.0114902120818	0.103860634329	-0.0292958981215	-0.0373339298128	-0.0150905194918	-0.0278925045295	-0.0468943423293	-0.0156070696028
k__Bacteria;p__Firmicutes;c__Clostridia;o__Clostridiales;f__Oscillospiraceae;g__Oscillibacter;s__Oscillibacter_sp._KLE_1745	0.00682787322347	0.0217592564287	-0.0272946542547	-0.00726295249935	-0.0854641540279	-0.0677582979811	0.0138151093641	0.101803735112	0.0468051681207	-0.00695722178926	-0.0223176452443	0.0837948075894	-0.000952191351291	-0.0436253619702	0.104275186773	0.0040870267268	-0.0969610896594	-0.011332750535	-0.0191832026581	0.0273282180262	0.00188338285279	-0.0610879395941	0.0218494301959	0.0273564203002	1.0	0.0282911713342	-0.051507056085	-0.0262094853744	0.0221011522501	-0.00612789862113	-0.0634996474968	-0.0206773226714	-0.0598833077983	0.0174413382042	0.01184833575	0.00217323016261	-0.0446676411867	-0.0623529007406	-0.0369737127386	-0.0522944851637	-0.0465188275141	-0.0436832387267	-0.00122122574564	0.0478346722368	-0.0583618533587	0.0263440335231	0.0253507067034	0.0471187954693	0.0267745965991	-0.0287269790229	-0.00974960877661	-0.0425061740909	0.0204146090832	-0.0415853680316	-0.0452047838231	-0.0349401369909	-0.0238109438992	0.0111626402413	-0.0248145570307
k__Bacteria;p__Bacteroidetes;c__Bacteroidia;o__Bacteroidales;f__Bacteroidaceae;g__Bacteroides;s__Bacteroides_coprophilus	0.0413059028175	0.0128314097974	0.038019771119	-0.00847403417259	0.0423684541097	-0.0233326648988	-0.0870766566393	-0.0692313978187	0.0258343040837	0.0482125295285	-0.000447540868932	0.00738056431959	-0.00142654455941	0.0263040977091	0.00439433268892	0.0790067584593	-0.00838093268584	-0.0279688540657	-0.0825910587318	-0.0820833234399	0.00764675984302	-0.00680120491949	0.0706195228517	-0.0552688512851	0.0282911713342	1.0	-0.0111251447901	-0.011225913271	-0.00636017336332	-0.0285577664481	0.0282569671821	-0.0193881496304	-0.0371071921783	0.000714361463929	0.0529460575954	0.000711589823393	0.011714308089	-0.0217028609841	-0.0340562073715	-0.101489180665	-0.0722570282558	-0.0120960327169	-0.0128886029924	-0.0039954958126	-0.0540386890763	0.0983020767567	-0.0242191822927	-0.00870881409925	-0.00891075760604	-0.00385152920119	0.000430368178757	-0.0670221140336	0.0150155625085	-0.0153454824858	0.0543561514736	0.0256843018422	-0.00858674189355	-0.0934138907873	-0.0540573326199
k__Bacteria;p__Firmicutes;c__Clostridia;o__Clostridiales;f__Lachnospiraceae;g__Roseburia;s__Roseburia_intestinalis	0.0703992780032	-0.00892961862043	-0.059974771401	-0.0613954358597	0.037962824662	-0.0184532305871	-0.0892618726234	0.0245140321423	0.0441656866883	-0.048113919265	0.0592107722927	0.0121398213956	-0.0605327443839	-0.0184260001418	-0.0323719967681	0.0289393800151	0.0120470298767	0.00435722564755	-0.0211852767803	-0.0110396001484	0.00607540871188	0.028760462144	-0.0066040864427	-0.0461085853316	-0.051507056085	-0.0111251447901	1.0	0.0416170836946	-0.0152270725935	0.00422375717604	0.0194470851488	-0.0477208641952	0.00833004851372	0.0417924274263	0.0437996319594	0.000571049168332	-0.0372858473492	0.0077746489874	0.0198227654135	-0.00133177983108	0.0606658249997	-0.00584697106339	-0.00591773519077	0.0119039149583	-0.0458443841232	-0.0415095149554	-0.0325836247892	0.0829553803012	-0.0133271186314	-0.0375681764055	-0.037995995108	0.0258482127304	-0.0375950259424	0.0155206014091	-0.0113487825528	-0.0240919197245	-0.0146078502162	0.000775195159655	-0.026154862488
k__Bacteria;p__Firmicutes;c__Clostridia;o__Clostridiales;f__Lachnospiraceae;g__Roseburia;s__Roseburia_hominis	-0.135222763531	-0.0199176671274	-0.075425002867	-0.0127750844118	0.058334654638	-0.0284094615931	0.0606392654275	0.00207580050208	-0.0112372703213	0.00752046093045	-0.0449338832992	-0.0405457601221	-0.0126802046504	-0.0243047767171	-0.0221460400169	-0.0208176718862	0.0359544079972	0.0041418732379	0.012622399838	0.0196274922315	-0.0144273097265	0.0109299335432	0.0256229673947	0.0319159022806	-0.0262094853744	-0.011225913271	0.0416170836946	1.0	-0.00608497054767	0.0507239942722	-0.0598267175515	0.0123112063323	-0.0372792509635	-0.0713043491406	0.0292913914223	-0.0652876187789	-0.0379236778758	-0.0405833275166	-0.0544123643235	-0.0157313389231	-0.023206081619	0.0154328586316	0.0321350810794	0.00370004345019	-0.0620754013708	0.0615137067108	0.0396502700912	0.0413465706493	0.00154744437266	0.0283642999229	-0.0743002871099	-0.0451033643924	-0.0495657799525	-0.0560830759274	0.0367423615672	0.0467716660129	-0.0370042433565	0.00838541132086	-0.0736857984749
k__Bacteria;p__Bacteroidetes;c__Bacteroidia;o__Bacteroidales;f__Porphyromonadaceae;g__Parabacteroides;s__Parabacteroides_johnsonii	-0.0968462082001	-0.00646867785249	-0.0127758966602	-0.062042629507	-0.0618401315875	-0.0264905718012	-0.0605085941806	-0.0353026635188	-0.0112969456253	0.00055491612725	0.0351680478669	-0.038861917168	-0.0217748103542	-0.0154226183656	-0.0144957619664	-0.0197545670689	-0.0530506667649	0.0525942186638	0.0997378031895	-0.0250138629822	-0.00370760684976	-0.100247788284	0.00383777475185	-0.0251821706953	0.0221011522501	-0.00636017336332	-0.0152270725935	-0.00608497054767	1.0	-0.0114045442771	-0.0325052529899	-0.0274840221397	-0.0274368658152	-0.00969342548377	0.0173641317194	-0.0131423156645	-0.0702853288819	0.00399768976622	0.0664870156983	-0.034751745636	0.0140654206724	-0.017431814725	-0.0110637999887	0.0939529011503	-0.0103893622819	-0.0418643881625	-0.0391507659381	-0.0222300342918	0.0134415095609	-0.0203899633802	-0.0280621830973	0.0273129580181	-0.0650101549746	-0.0610828943132	0.053008445726	0.0206528695812	-0.00859674300634	-0.0146040112924	-0.0377842531542
k__Bacteria;p__Actinobacteria;c__Actinobacteria;o__Bifidobacteriales;f__Bifidobacteriaceae;g__Bifidobacterium;s__Bifidobacterium_longum	-0.0373325071701	0.00014285078555	0.0205182844275	0.046199481285	-0.00715065647576	-0.0554400667043	0.0204010362161	-0.0321006514046	-0.00583939558456	0.0417187195604	-0.00303359458233	-0.0243652267188	-0.0250919365251	-0.0180044773755	0.00658428648051	-0.0401112794194	-0.0269704433365	0.015472790339	-0.00701369344025	-0.0213192742957	-0.0127598473469	0.0525203332581	-0.0277499182023	0.0508637382891	-0.00612789862113	-0.0285577664481	0.00422375717604	0.0507239942722	-0.0114045442771	1.0	-0.0324706290863	-0.0112461312559	-0.022154750156	0.00752807344974	-0.0409942039323	-0.0412444086075	-0.0217491395231	0.00738584982238	0.00965181636282	-0.0412406151658	0.0327138856038	0.0269013730451	-0.0530648388968	-0.00169056303529	-0.0312992923588	-0.0621760648496	0.0544840667094	0.0127025765391	0.00128702859967	-0.0594758675279	-0.0205263397562	-0.0571453399272	-0.0268102018907	-0.0138764678019	-0.00859009362707	0.019578011688	-0.0407809063647	-0.0625478237335	-0.0080623146425
