#taxonomy	k__Bacteria;p__Bacteroidetes;c__Bacteroidia;o__Bacteroidales;f__Bacteroidaceae;g__Bacteroides;s__Bacteroides_vulgatus	k__Bacteria;p__Bacteroidetes;c__Bacteroidia;o__Bacteroidales;f__Bacteroidaceae;g__Bacteroides;s__Bacteroides_uniformis	k__Bacteria;p__Bacteroidetes;c__Bacteroidia;o__Bacteroidales;f__Rikenellaceae;g__Alistipes;s__Alistipes_putredinis	k__Bacteria;p__Bacteroidetes;c__Bacteroidia;o__Bacteroidales;f__Prevotellaceae;g__Prevotella;s__Prevotella_copri	k__Bacteria;p__Bacteroidetes;c__Bacteroidia;o__Bacteroidales;f__Bacteroidaceae;g__Bacteroides;s__Bacteroides_stercoris	k__Bacteria;p__Bacteroidetes;c__Bacteroidia;o__Bacteroidales;f__Bacteroidaceae;g__Bacteroides;s__Bacteroides_ovatus	k__Bacteria;p__Bacteroidetes;c__Bacteroidia;o__Bacteroidales;f__Rikenellaceae;g__Alistipes;s__Alistipes_shahii	k__Bacteria;p__Firmicutes;c__Clostridia;o__Clostridiales;f__Ruminococcaceae;g__Faecalibacterium;s__Faecalibacterium_prausnitzii	k__Bacteria;p__Bacteroidetes;c__Bacteroidia;o__Bacteroidales;f__Rikenellaceae;g__Alistipes;s__Alistipes_finegoldii	k__Bacteria;p__Bacteroidetes;c__Bacteroidia;o__Bacteroidales;f__Porphyromonadaceae;g__Parabacteroides;s__Parabacteroides_distasonis	k__Bacteria;p__Bacteroidetes;c__Bacteroidia;o__Bacteroidales;f__Bacteroidaceae;g__Bacteroides;s__Bacteroides_thetaiotaomicron	k__Bacteria;p__Bacteroidetes;c__Bacteroidia;o__Bacteroidales;f__Bacteroidaceae;g__Bacteroides;s__Bacteroides_coprocola	k__Bacteria;p__Bacteroidetes;c__Bacteroidia;o__Bacteroidales;f__Bacteroidaceae;g__Bacteroides;s__Bacteroides_cellulosilyticus	k__Bacteria;p__Bacteroidetes;c__Bacteroidia;o__Bacteroidales;f__Rikenellaceae;g__Alistipes;s__Alistipes_obesi	k__Bacteria;p__Firmicutes;c__Clostridia;o__Clostridiales;f__Lachnospiraceae;g__;s__[Eubacterium]_rectale	k__Bacteria;p__Bacteroidetes;c__Bacteroidia;o__Bacteroidales;f__Bacteroidaceae;g__Bacteroides;s__Bacteroides_plebeius	k__Bacteria;p__Bacteroidetes;c__Bacteroidia;o__Bacteroidales;f__Bacteroidaceae;g__Bacteroides;s__Bacteroides_fragilis	k__Bacteria;p__Proteobacteria;c__Betaproteobacteria;o__Burkholderiales;f__Sutterellaceae;g__Sutterella;s__Sutterella_wadsworthensis	k__Bacteria;p__Bacteroidetes;c__Bacteroidia;o__Bacteroidales;f__Porphyromonadaceae;g__Barnesiella;s__Barnesiella_intestinihominis	k__Bacteria;p__Bacteroidetes;c__Bacteroidia;o__Bacteroidales;f__Odoribacteraceae;g__Odoribacter;s__Odoribacter_splanchnicus	k__Bacteria;p__Bacteroidetes;c__Bacteroidia;o__Bacteroidales;f__Bacteroidaceae;g__Bacteroides;s__Bacteroides_salyersiae	k__Bacteria;p__Firmicutes;c__Clostridia;o__Clostridiales;f__Ruminococcaceae;g__Ruminiclostridium;s__[Eubacterium]_siraeum	k__Bacteria;p__Proteobacteria;c__Betaproteobacteria;o__Burkholderiales;f__Sutterellaceae;g__Parasutterella;s__Parasutterella_excrementihominis	k__Bacteria;p__Actinobacteria;c__Actinobacteria;o__Bifidobacteriales;f__Bifidobacteriaceae;g__Bifidobacterium;s__Bifidobacterium_adolescentis	k__Bacteria;p__Firmicutes;c__Clostridia;o__Clostridiales;f__Oscillospiraceae;g__Oscillibacter;s__Oscillibacter_sp._KLE_1745	k__Bacteria;p__Bacteroidetes;c__Bacteroidia;o__Bacteroidales;f__Bacteroidaceae;g__Bacteroides;s__Bacteroides_coprophilus	k__Bacteria;p__Firmicutes;c__Clostridia;o__Clostridiales;f__Lachnospiraceae;g__Roseburia;s__Roseburia_intestinalis	k__Bacteria;p__Firmicutes;c__Clostridia;o__Clostridiales;f__Lachnospiraceae;g__Roseburia;s__Roseburia_hominis	k__Bacteria;p__Bacteroidetes;c__Bacteroidia;o__Bacteroidales;f__Porphyromonadaceae;g__Parabacteroides;s__Parabacteroides_johnsonii	k__Bacteria;p__Actinobacteria;c__Actinobacteria;o__Bifidobacteriales;f__Bifidobacteriaceae;g__Bifidobacterium;s__Bifidobacterium_longum	k__Bacteria;p__Firmicutes;c__Clostridia;o__Clostridiales;f__;g__Flavonifractor;s__Flavonifractor_plautii	k__Bacteria;p__Firmicutes;c__Clostridia;o__Clostridiales;f__Clostridiaceae;g__Clostridium;s__Clostridium_phoceensis	k__Bacteria;p__Verrucomicrobia;c__Verrucomicrobiae;o__Verrucomicrobiales;f__Akkermansiaceae;g__Akkermansia;s__Akkermansia_muciniphila	k__Bacteria;p__Bacteroidetes;c__Bacteroidia;o__Bacteroidales;f__Prevotellaceae;g__Paraprevotella;s__Paraprevotella_xylaniphila	k__Bacteria;p__Firmicutes;c__Clostridia;o__Clostridiales;f__Ruminococcaceae;g__Ruminococcus;s__Ruminococcus_callidus	k__Bacteria;p__Bacteroidetes;c__Bacteroidia;o__Bacteroidales;f__Rikenellaceae;g__Alistipes;s__Alistipes_senegalensis	k__Bacteria;p__Firmicutes;c__Clostridia;o__Clostridiales;f__Lachnospiraceae;g__Blautia;s__Blautia_sp._KLE_1732	k__Bacteria;p__Bacteroidetes;c__Bacteroidia;o__Bacteroidales;f__Bacteroidaceae;g__Bacteroides;s__Bacteroides_oleiciplenus	k__Bacteria;p__Firmicutes;c__Clostridia;o__Clostridiales;f__Ruminococcaceae;g__Ruminococcus;s__Ruminococcus_bicirculans	k__Bacteria;p__Bacteroidetes;c__Bacteroidia;o__Bacteroidales;f__Bacteroidaceae;g__Bacteroides;s__Bacteroides_fluxus	k__Bacteria;p__Bacteroidetes;c__Bacteroidia;o__Bacteroidales;f__Prevotellaceae;g__Prevotella;s__Prevotella_stercorea	k__Bacteria;p__Firmicutes;c__Clostridia;o__Clostridiales;f__Lachnospiraceae;g__Dorea;s__Dorea_longicatena	k__Bacteria;p__Firmicutes;c__Clostridia;o__Clostridiales;f__Eubacteriaceae;g__Eubacterium;s__[Eubacterium]_eligens	k__Bacteria;p__Firmicutes;c__Clostridia;o__Clostridiales;f__Ruminococcaceae;g__;s__Ruminococcaceae_bacterium_D16	k__Bacteria;p__Firmicutes;c__Clostridia;o__Clostridiales;f__Lachnospiraceae;g__Coprococcus;s__Coprococcus_comes	k__Bacteria;p__Proteobacteria;c__Gammaproteobacteria;o__Enterobacterales;f__Enterobacteriaceae;g__Escherichia;s__Escherichia_coli	k__Bacteria;p__Firmicutes;c__Clostridia;o__Clostridiales;f__Ruminococcaceae;g__Anaerotruncus;s__Anaerotruncus_colihominis	k__Bacteria;p__Firmicutes;c__Clostridia;o__Clostridiales;f__Lachnospiraceae;g__Blautia;s__Blautia_obeum	k__Bacteria;p__Bacteroidetes;c__Bacteroidia;o__Bacteroidales;f__Odoribacteraceae;g__Odoribacter;s__Odoribacter_laneus	k__Bacteria;p__Firmicutes;c__Clostridia;o__Clostridiales;f__Ruminococcaceae;g__Ruminiclostridium;s__[Clostridium]_leptum	k__Bacteria;p__Bacteroidetes;c__Bacteroidia;o__Bacteroidales;f__Porphyromonadaceae;g__Parabacteroides;s__Parabacteroides_goldsteinii	k__Bacteria;p__Firmicutes;c__Clostridia;o__Clostridiales;f__Lachnospiraceae;g__Anaerostipes;s__Anaerostipes_hadrus	k__Bacteria;p__Firmicutes;c__Clostridia;o__Clostridiales;f__Ruminococcaceae;g__Ruminococcus;s__Ruminococcus_lactaris	k__Bacteria;p__Firmicutes;c__Clostridia;o__Clostridiales;f__Clostridiaceae;g__Clostridium;s__Clostridium_sp._L2-50	k__Bacteria;p__Firmicutes;c__Clostridia;o__Clostridiales;f__Clostridiaceae;g__Clostridium;s__Clostridium_sp._M62/1	k__Bacteria;p__Firmicutes;c__Clostridia;o__Clostridiales;f__;g__Intestinimonas;s__Intestinimonas_butyriciproducens	k__Bacteria;p__Actinobacteria;c__Actinobacteria;o__Bifidobacteriales;f__Bifidobacteriaceae;g__Bifidobacterium;s__Bifidobacterium_bifidum	k__Bacteria;p__Firmicutes;c__Negativicutes;o__Veillonellales;f__Veillonellaceae;g__Dialister;s__Dialister_invisus	k__Bacteria;p__Bacteroidetes;c__Bacteroidia;o__Bacteroidales;f__Bacteroidaceae;g__Bacteroides;s__Bacteroides_salanitronis
k__Bacteria;p__Bacteroidetes;c__Bacteroidia;o__Bacteroidales;f__Bacteroidaceae;g__Bacteroides;s__Bacteroides_vulgatus	1.0	-0.0400351087822	-0.0820156139376	-0.0115139183489	0.0360473420551	-0.041045833248	-0.0341420063077	0.0246474530375	-0.0254849367377	0.0116026715619	-0.022985525425	-0.0950445847608	0.0238970571983	-0.0175423100836	0.0160938931899	-0.0876506823867	0.0287534858276	-0.0460270569304	-0.033504274211	-0.00462168375238	0.0273079778966	-0.0563742706258	0.00299655375208	-0.0105552164483	-0.0194171138644	-0.0511967801404	-0.0028447307398	-0.0463344669213	-0.00377455462977	-0.0759190025033	-0.0428958174045	-0.0403765137436	-0.0345424036873	-0.00151534290934	0.0444087273602	-0.078596314966	-0.00117116476253	-0.01516631829	0.0359070393499	0.0511400208374	0.0302352094064	-0.0116499536207	-0.0250346776272	0.00691084561352	0.0762781688444	0.0537393331801	0.00920376821983	-0.0455706601753	0.0300134438899	-0.042156420923	-0.0591535834808	-0.0318798103482	-0.0334311318578	0.0614823939617	-0.03550963879	0.0202581901398	-0.0750638591644	-0.0400500829922	-0.0399084515957
k__Bacteria;p__Bacteroidetes;c__Bacteroidia;o__Bacteroidales;f__Bacteroidaceae;g__Bacteroides;s__Bacteroides_uniformis	-0.0400351087822	1.0	0.0527567420972	0.0301108734034	-0.0638873981595	-0.016354576086	-0.0300911328724	0.00275192859205	-0.0678035303594	-0.0682806537839	-0.0463566276002	0.0539866262067	-0.0807322555341	0.00566862645141	-0.0231444576848	-0.140748136139	-0.0291931184124	-0.102316257353	0.00858210339969	0.0260239958505	0.0409762392235	0.00579959758025	0.0134095661923	-0.0253431521609	0.0189057366333	0.00193620144603	-0.00450953801078	0.045378939715	-0.0699652253253	0.0565600532978	-0.0317978875316	0.00108969245731	-0.0450413780185	-0.0592339610692	-0.0217565383352	-0.0498761074074	0.0705541069256	0.0261427049101	-0.0105444131923	0.0480483645055	-0.0851101314232	-0.0568591251912	0.0254147650859	-0.00293765867964	0.0135622314287	-0.0572041979956	0.0245182230534	0.0346614040562	-0.0219705321014	0.0851893832209	-0.0151895168406	0.0272794975047	0.0160131686172	-0.0262875482521	0.0196663459261	-0.0652366639308	-0.03820080708	0.0211341332667	0.0159389080512
k__Bacteria;p__Bacteroidetes;c__Bacteroidia;o__Bacteroidales;f__Rikenellaceae;g__Alistipes;s__Alistipes_putredinis	-0.0820156139376	0.0527567420972	1.0	0.0216115885434	0.0235314410882	-0.00631627373958	0.0271157804586	-0.0540712099825	0.0155051476605	0.0172636570659	-0.00902027513024	-0.0162696910938	-0.0153724644005	-0.0473986769292	0.0308232493989	0.00996978345844	0.0905667021943	-0.0014399897263	0.031864553561	0.0514286418672	-0.0756576094837	-0.0127009370147	-0.0267114299732	0.0346162212084	0.00161651045549	-0.0359679404767	-0.0427710966633	-0.0393719470924	0.00581192852637	0.0603116439397	0.0163200883141	0.00534472486888	0.0702228589277	-0.0110524398246	-0.0297837554145	-0.0596435608032	0.000883775237316	0.0105736079717	0.0368284365268	-0.0261852344638	-0.0140604454431	-0.0133195175833	-0.0213859927863	-0.0310306343335	0.0683700225717	-0.0546683747301	-0.0903083633725	-0.00294196866669	-0.0623669975886	0.0682746259049	-0.0367528730535	-0.0502313995803	-0.074644462708	0.0315656058912	-0.0223655007946	0.0809921059342	-0.025618189934	0.014242846141	-0.016385648064
k__Bacteria;p__Bacteroidetes;c__Bacteroidia;o__Bacteroidales;f__Prevotellaceae;g__Prevotella;s__Prevotella_copri	-0.0115139183489	0.0301108734034	0.0216115885434	1.0	-0.0266626471557	-0.0474230350054	-0.0400328535076	-0.0311469353472	-0.0384753187231	-0.102222588218	-0.00427841295922	0.000141395381002	-0.0335112847864	-0.0369072843252	-0.00597368553897	0.00584023592324	0.030877053342	0.0181674902252	0.000863896231217	-0.0650963031733	-0.0235779328889	-0.0250060028974	0.0488764371716	0.0244445405448	-0.0183928169382	0.00877087447244	-0.0355617759103	0.0303459944459	0.00803702752103	0.026163803325	-0.0177154151513	0.0190580169222	-0.00410242996929	-0.0735950076763	0.0852724206217	0.00577133926051	0.00226968984836	-0.00483503855604	0.0374257566656	-0.037521640598	0.0437866261427	0.0716601910857	-0.0175174063663	-0.0887775133646	-0.0173532390028	-0.00963633997557	-0.04791509653	-0.0278402453551	-0.0795286439264	-0.0519704126901	-0.019651538597	0.026225357547	-0.0360047835824	-0.0332575868036	-0.0479019905303	0.0161953098702	-0.0656760819056	0.00499715343418	-0.00791572062506
k__Bacteria;p__Bacteroidetes;c__Bacteroidia;o__Bacteroidales;f__Bacteroidaceae;g__Bacteroides;s__Bacteroides_stercoris	0.0360473420551	-0.0638873981595	0.0235314410882	-0.0266626471557	1.0	-0.0540933732669	0.0188513186184	0.03145343593	0.0218621838379	-0.0346775053015	0.0494021174115	-0.0645827059244	-0.011459535195	0.0178580742396	-0.0164881128836	0.00151103634535	0.0480595826659	-0.0559361424383	-0.0589211634321	0.0564234366853	0.00827046314193	0.00149125543439	0.0478313129556	-0.00341880017197	-0.0160770718042	-0.0251184766075	-0.00407900801312	-0.0223444753878	-0.0241181074391	0.0575415227899	-0.0343739480441	-0.0676633209047	-0.0243189822012	-0.0474231981192	0.0239928888497	0.0262253468971	-0.00384788062279	-0.0682456593774	0.00993189705987	-0.0329237724581	-0.065381015431	0.00631266376534	-0.0386688903601	-0.00331998066614	-0.100860386248	-0.039843806605	0.00375861533263	0.0681901312616	-0.0402283985942	0.0187990675366	-0.0416150929023	-0.0555729834451	-0.0291942925247	-0.0498233678105	-0.0108987817592	-0.0259640349348	0.063442063453	-0.0344197036541	0.0521990279281
k__Bacteria;p__Bacteroidetes;c__Bacteroidia;o__Bacteroidales;f__Bacteroidaceae;g__Bacteroides;s__Bacteroides_ovatus	-0.041045833248	-0.016354576086	-0.00631627373958	-0.0474230350054	-0.0540933732669	1.0	-0.021000176627	0.0834329467992	-0.000961309962126	0.00302143208034	-0.00586346253463	-0.032862803377	-0.00710337328099	-0.0588669366778	-0.0638246824809	0.0437639328178	-0.0478370822358	0.0620961012728	-0.0392252637668	3.51371271267e-05	-0.0204155823023	-0.00136240134617	0.00848829553485	-0.0321283920355	-0.0176961369193	0.014564943863	0.0461724307173	0.0198078650236	0.0882284858507	0.000694275617521	0.0937371031187	0.0565016046345	-0.0734771594838	-0.0520942645203	0.0329510396668	-0.093502932058	-0.0275207821568	0.0462801907914	-0.019298878844	-0.00293702229055	0.00307556153698	-0.0729282002477	-0.0308291181742	0.010992516246	-0.0345914216035	-0.00207091123851	-0.0401085366304	-0.0163890445631	-0.0134237622339	-0.00922685891792	0.00218573476035	0.0138930660044	0.0937467846727	0.0157737564441	-0.0325779635071	-0.0573259044891	0.0377310390477	0.00160387263751	-0.037760169513
k__Bacteria;p__Bacteroidetes;c__Bacteroidia;o__Bacteroidales;f__Rikenellaceae;g__Alistipes;s__Alistipes_shahii	-0.0341420063077	-0.0300911328724	0.0271157804586	-0.0400328535076	0.0188513186184	-0.021000176627	1.0	-0.0184843068095	0.0361382801107	0.0243630464418	-0.0765428970233	0.0225600381788	0.010126371312	0.0377814013918	-0.0307714941284	-0.00779378794483	-0.0292649645751	0.034650438511	-0.0302287007547	-0.00218748283799	-0.0146008358079	-0.0873046513816	-0.00179056555418	0.01875368401	-0.00602104289531	-0.0137953697992	0.0413359829263	0.0399524094707	-0.0519438458103	-0.0264284484982	-0.0171168772238	0.0105812978212	0.0649684653009	0.000106650746589	0.029074684083	-0.0258919768292	-0.115107152147	0.00168886016908	-0.0102351745483	-0.025899211	0.0323314413442	0.0179732320383	0.0485914736289	-0.0202833236609	0.0126887370806	-0.0380103339898	-0.0476174125012	-0.034475344768	0.0145001936283	0.0136444318089	-0.0740635666187	-0.0280570406759	-0.00946666974894	-0.0451432533714	-0.00521534843785	-0.0550527806534	0.0274194911557	-0.0121130258682	0.0372455644231
k__Bacteria;p__Firmicutes;c__Clostridia;o__Clostridiales;f__Ruminococcaceae;g__Faecalibacterium;s__Faecalibacterium_prausnitzii	0.0246474530375	0.00275192859205	-0.0540712099825	-0.0311469353472	0.03145343593	0.0834329467992	-0.0184843068095	1.0	-0.0126379665262	0.0563186141921	-0.00446987930109	-0.00617913265263	0.0427261443078	0.0172109075129	-0.039179527101	0.0413164810709	-0.0852051624902	-0.0393549874935	0.0340940760808	0.0452593215929	-0.0351981451314	0.00798864561038	0.0190227989612	0.0529611293774	-0.00821170204485	-0.00151034612197	-0.0414609027863	-0.0423935014645	-0.0303557502095	-0.0555927105676	0.0410236121227	-0.0182572997633	-0.0568972307622	-0.010204323948	-0.0184214136764	-0.0668221697385	-3.95529463307e-05	-0.0477475934984	0.0209702346082	-0.0685628567659	-0.0595531846281	-0.0598061391387	-0.0161836823014	-0.0370026766004	0.0272037821774	0.000607247581444	0.0382052986482	-0.0584672290632	-0.034342306461	-0.0133521687069	-0.0450191574771	0.021900105977	0.0246201726682	0.0168721444975	0.00508462809722	-0.00295370861092	-0.0101959603024	-0.00271309308345	0.0161980986341
k__Bacteria;p__Bacteroidetes;c__Bacteroidia;o__Bacteroidales;f__Rikenellaceae;g__Alistipes;s__Alistipes_finegoldii	-0.0254849367377	-0.0678035303594	0.0155051476605	-0.0384753187231	0.0218621838379	-0.000961309962125	0.0361382801107	-0.0126379665262	1.0	0.0088629712569	-0.0536905126117	0.0119060031903	-0.00923887776128	0.00671549794006	0.00659887820992	-0.00652819466253	2.89199299147e-05	0.0176259419685	-0.0664341161542	-0.019497230892	-0.0257483644795	0.0332921848869	-0.00533060136382	-0.0388919878254	0.0160652792413	0.0577846800598	-0.0647511665402	-0.0351116019783	-0.116940546727	-0.012696163492	-0.0257746018224	0.0794995832618	-0.00350751532751	0.0331676260069	-0.0098590543328	-0.00942136472945	-0.0427524978362	0.0232062118546	-0.0330769135291	-0.0772755329166	-0.09840232046	-0.0142668864157	0.0116096111282	-0.0838005706832	0.0422723932091	0.0182761556884	-0.0136570541237	-0.00627970149708	0.0461400978997	-0.00319892836826	0.00686873563853	0.00819041176498	-0.00599597367369	0.0175257841965	-0.0208887251472	-0.0351227267323	0.00907191073582	0.00903760896409	0.00807396284367
k__Bacteria;p__Bacteroidetes;c__Bacteroidia;o__Bacteroidales;f__Porphyromonadaceae;g__Parabacteroides;s__Parabacteroides_distasonis	0.0116026715619	-0.0682806537839	0.0172636570659	-0.102222588218	-0.0346775053015	0.00302143208034	0.0243630464418	0.0563186141921	0.0088629712569	1.0	-0.0361984948632	0.0396880038396	-0.00293452695986	-0.0284598470833	0.0272214795363	-0.0133080441483	-0.0497591108765	-0.0388702716036	-0.00108691595197	-0.0279203651585	0.0692383223525	-0.00371604899842	0.0474192531482	-0.0505928204733	-0.0699031196717	0.0451157417702	0.00324665724194	0.038718478692	-0.00625867612497	-0.00816917211697	0.0316518676237	-0.0035779030266	-0.0119968040351	0.00792008586776	-0.0695914525681	-0.0427709845587	-0.00477584200224	-0.0979147973096	0.00682444143648	-0.0547386949319	0.00723301226586	-0.041914143679	-0.043910118045	0.0527572542454	0.0953282223223	-0.0344316524267	-0.0155408711554	-0.055657449764	0.0607649974284	0.0188256200265	-0.0551109689101	0.0209455370349	-0.0404192470054	0.0119392535846	-0.019372240888	-0.00372209274613	0.026929778527	0.00658429092811	0.00419658604349
k__Bacteria;p__Bacteroidetes;c__Bacteroidia;o__Bacteroidales;f__Bacteroidaceae;g__Bacteroides;s__Bacteroides_thetaiotaomicron	-0.022985525425	-0.0463566276002	-0.00902027513024	-0.00427841295922	0.0494021174115	-0.00586346253463	-0.0765428970233	-0.00446987930109	-0.0536905126117	-0.0361984948632	1.0	-0.0171640602665	0.000971117725529	0.00513770130288	-0.0439239445474	-0.0254957836375	0.00633682423642	0.0238506483728	0.016866263271	-0.00480491410173	0.0457511402687	-0.0385322863944	-0.0288659813447	-0.00795262846968	-0.0080345476378	-0.0229478716692	-0.0283467692485	-0.0498998382709	-0.0398854344591	0.0343230807171	-0.0209288920413	-0.0115459271359	0.0193900196436	0.0199610232697	-0.0255467245119	-0.0441464687191	-0.0293938465631	-0.00830377770706	-0.111232142489	0.0292695512514	-0.000242743720257	0.0749574269048	-0.0176624213059	-0.0362283015831	-0.0152768614227	-0.049804195848	0.0414208922411	0.0305253653438	-0.00382581106828	-0.0043646343435	-0.0125326957311	0.0440262749262	0.0229974362293	-0.0338241802773	0.0170041786213	-0.0302246313757	0.023692211653	0.0112207361589	-0.0255114088196
k__Bacteria;p__Bacteroidetes;c__Bacteroidia;o__Bacteroidales;f__Bacteroidaceae;g__Bacteroides;s__Bacteroides_coprocola	-0.0950445847608	0.0539866262067	-0.0162696910938	0.000141395381002	-0.0645827059244	-0.032862803377	0.0225600381788	-0.00617913265263	0.0119060031903	0.0396880038396	-0.0171640602665	1.0	-0.0146445331213	-0.00139408209131	-0.00799779104548	-0.00776730135487	-0.0132873520685	0.00815403942476	-0.0161945290582	-0.0473010426639	0.0120700256554	0.00473932604555	0.0267910252815	0.0818213945657	-0.132121262746	0.0225956283877	-0.009588704501	0.0025384812692	-0.0464817435353	-0.0509520129037	0.00261186823389	-0.0446188579999	-0.0544421744402	-0.039090377078	-0.068321443613	0.0411592978758	0.0530207383513	-0.0786560351142	-0.0981509607464	9.42617083902e-05	-0.0453906680002	0.0282499715275	-0.00160695739233	-0.00992604398509	-0.0166947750186	0.00683556708242	0.010290890192	-0.0123494790616	-0.0561385096838	0.0109601583699	0.0327194720122	-0.0153459112458	-0.01422374687	0.00466401822838	-0.0554471431846	0.0386657991777	0.0849580700955	-0.0225472074055	-0.000469517417352
k__Bacteria;p__Bacteroidetes;c__Bacteroidia;o__Bacteroidales;f__Bacteroidaceae;g__Bacteroides;s__Bacteroides_cellulosilyticus	0.0238970571983	-0.0807322555341	-0.0153724644005	-0.0335112847864	-0.011459535195	-0.00710337328099	0.010126371312	0.0427261443078	-0.00923887776128	-0.00293452695986	0.000971117725529	-0.0146445331213	1.0	0.0293237502659	-0.0728083653498	0.0441982298464	0.0146223595523	-0.054068942143	0.00915042631565	-0.0331303586249	-0.0842579732176	0.0234350599902	0.035126949447	0.00237254988001	-0.0817841289394	-0.0171838930817	0.0423747608421	-0.0729699560244	-0.0485151112539	-0.0178808936098	-0.067833558624	-0.0535148910005	-0.0281336191666	-0.0377407346892	-0.0242409233286	0.013606917034	0.000274676003223	5.58845457472e-05	0.0334891360522	-0.0357445521153	-0.00941741123765	-0.0482386453962	-0.0441172339205	0.0396321877504	0.0404598129983	0.0146372817296	0.112827340595	-0.0621289292021	-0.0539125782158	-0.0395162445665	-0.00145800456314	-0.0250837932296	-0.00878906813887	0.00678534759339	0.0131888395518	-0.0314490001947	-0.013826730202	-0.0145575069984	-0.0369911883119
k__Bacteria;p__Bacteroidetes;c__Bacteroidia;o__Bacteroidales;f__Rikenellaceae;g__Alistipes;s__Alistipes_obesi	-0.0175423100836	0.00566862645141	-0.0473986769292	-0.0369072843252	0.0178580742396	-0.0588669366778	0.0377814013918	0.0172109075129	0.00671549794006	-0.0284598470833	0.00513770130288	-0.00139408209131	0.0293237502659	1.0	0.0100806077409	-0.0575856713489	0.0200457963103	0.0120842158688	0.0438345376671	1.6992567203e-05	0.0220380112227	-0.0144969277234	0.0273532941476	-0.00105245304025	-0.0312042378394	-0.103088073398	0.00839286342919	-0.000962983325223	-0.00523963395877	-0.0109960235999	-0.014537202088	0.00671315757149	0.01344667578	-0.00141825126315	-0.0188535930692	0.0156511594827	-0.0258129947001	-0.0101166258688	0.00041234748429	0.0104868758818	-0.0926426529955	-0.00660460826949	0.00936652963788	0.0850005366189	0.00387467582297	0.0090503571113	0.0292399414333	-0.0242295898582	-0.0282829086261	0.00582658964694	-0.0177296122511	-0.022015679825	-0.0272719509011	-0.0418681343351	-0.00854653639506	-0.00707490242349	-0.0364454211424	-0.0127461237935	-0.084119551316
k__Bacteria;p__Firmicutes;c__Clostridia;o__Clostridiales;f__Lachnospiraceae;g__;s__[Eubacterium]_rectale	0.0160938931899	-0.0231444576848	0.0308232493989	-0.00597368553897	-0.0164881128836	-0.0638246824809	-0.0307714941284	-0.039179527101	0.00659887820992	0.0272214795363	-0.0439239445474	-0.00799779104548	-0.0728083653498	0.0100806077409	1.0	-0.0385391609004	-0.0582640644323	0.0240590585671	-0.00148317202202	0.00829042007784	-0.0203862102257	0.0226412456625	-0.0445070049936	0.0205406976475	-0.0554816188526	0.0577030708933	-0.0483305480098	-0.00932393149007	-0.0371509995698	0.0646909529937	0.0157454910478	-0.0242818476105	-0.00612403600078	0.0085498406816	0.0355993659293	0.00750521534049	-0.0413352636467	-0.00636648835975	-0.0423136307746	0.111595028477	0.0417395521581	0.034565159558	-0.0139621576793	0.0449766453077	0.0190452595203	-0.00259412040816	-0.100792194923	0.00607369871185	-0.00510683849992	0.0128636726118	0.0553156578801	-0.0157787015487	-0.00456587418701	0.0222154269555	0.0175493203402	-0.00773056192775	0.0423933182071	-0.0140010850355	-0.0250012156167
k__Bacteria;p__Bacteroidetes;c__Bacteroidia;o__Bacteroidales;f__Bacteroidaceae;g__Bacteroides;s__Bacteroides_plebeius	-0.0876506823867	-0.140748136139	0.00996978345844	0.00584023592324	0.00151103634535	0.0437639328178	-0.00779378794483	0.0413164810709	-0.00652819466253	-0.0133080441483	-0.0254957836375	-0.00776730135487	0.0441982298464	-0.0575856713489	-0.0385391609004	1.0	-0.00191997205039	-0.036481534631	-0.0774904734934	0.0119103102689	0.0466789687244	-0.0453906540906	-0.0343012551077	0.0140942010105	-0.0397242235659	-0.00997939018924	-0.00844002059965	-0.0504867820537	-0.0295043147694	0.0237202932416	-0.000457483710213	0.0109725062138	0.0241675187705	-0.0262320767227	-0.0194092257612	0.00645830023102	0.0570389945386	0.0031834123121	-0.0461752844139	0.0497699012518	0.0336790544327	-0.0371404848589	0.00205202267389	-0.0717353526655	0.0516785804999	-0.0516018102972	0.0168627303623	-0.000567928692068	-0.0743172568765	-0.0749646515331	-0.0324853781706	-0.0746731240089	-0.0162274141571	-0.0531617634525	-0.0468619032122	0.0497383828734	-0.0380418553988	-0.00188675531178	0.0344098796056
k__Bacteria;p__Bacteroidetes;c__Bacteroidia;o__Bacteroidales;f__Bacteroidaceae;g__Bacteroides;s__Bacteroides_fragilis	0.0287534858276	-0.0291931184124	0.0905667021943	0.030877053342	0.0480595826659	-0.0478370822358	-0.0292649645751	-0.0852051624902	2.89199299147e-05	-0.0497591108765	0.00633682423642	-0.0132873520685	0.0146223595523	0.0200457963103	-0.0582640644323	-0.00191997205039	1.0	0.0470692220289	-0.0523135907241	0.0652707528359	-0.0409059697358	-0.0241232671244	-0.0571647826513	-0.0321647053947	0.0081674624282	-0.00785604066319	-0.0392208883967	0.0204701733753	-0.0155155701389	-0.0307438847519	0.0594609019426	-0.00318648811783	-0.0411052089755	-0.0217404567473	-0.00672029890804	-0.0242872628345	-0.0165341372982	-0.0469978230462	0.0067584646648	-0.00991131560345	0.0160671219492	0.0374759162063	-0.0306640777944	-0.112460126273	-0.0552079077333	-0.0283196817325	-0.0153523090133	0.0527723124435	-0.0425121614294	0.0412314203478	-0.000491303139322	0.0026716907397	-0.000408041569673	-0.00345632235425	0.0209505621469	0.00484401249545	0.00182684078539	-0.0213849712269	-0.0384134400964
k__Bacteria;p__Proteobacteria;c__Betaproteobacteria;o__Burkholderiales;f__Sutterellaceae;g__Sutterella;s__Sutterella_wadsworthensis	-0.0460270569304	-0.102316257353	-0.0014399897263	0.0181674902252	-0.0559361424383	0.0620961012728	0.034650438511	-0.0393549874935	0.0176259419685	-0.0388702716036	0.0238506483728	0.00815403942476	-0.054068942143	0.0120842158688	0.0240590585671	-0.036481534631	0.0470692220289	1.0	0.0097975319709	-0.0206463898518	0.0651431779302	0.0258217810108	0.0536957936614	-0.0166410393564	0.0552968493799	-0.0204399433815	0.0228349259135	-0.084761031728	0.0485424459406	-0.027526471317	-0.00122881060139	-0.0870336231976	-0.0280414223268	-0.00825312650848	0.0482950832866	-0.0106510560131	-0.00321532000152	0.0359263289839	-0.00897242633065	0.00413091393762	-0.0515031208404	0.0427947646974	-0.000182483075624	0.0336550387735	-0.0622137028052	-0.0522220866307	-0.03061910277	-0.0480227789478	-0.0358085829574	-0.039457348296	0.00683274388967	0.0201882440767	0.0108417496162	-0.0526618507265	-0.0113099039087	0.0187008310271	-0.0221473321626	-0.0610557953933	-0.0864135388699
k__Bacteria;p__Bacteroidetes;c__Bacteroidia;o__Bacteroidales;f__Porphyromonadaceae;g__Barnesiella;s__Barnesiella_intestinihominis	-0.033504274211	0.00858210339969	0.031864553561	0.000863896231217	-0.0589211634321	-0.0392252637668	-0.0302287007547	0.0340940760808	-0.0664341161542	-0.00108691595197	0.016866263271	-0.0161945290582	0.00915042631565	0.0438345376671	-0.00148317202202	-0.0774904734934	-0.0523135907241	0.0097975319709	1.0	-0.0831592468131	-0.00255259931206	0.0504797223054	0.0215059410392	0.053000828233	0.0318158858775	-0.0584704005227	-0.0667163576208	-0.00829196026522	0.0230480540332	-0.00487393363675	-0.0799493919508	-0.0780465693992	-0.0103136410115	0.0213425145469	0.0350093381708	-0.0120036888931	0.051586761194	-0.00392623577001	-0.0197805676019	0.0278762632345	0.0418895074919	-0.00884463349884	-0.110002093852	-0.00272445393443	-0.0275482433924	0.00593370265589	0.0377137290276	-0.0363871819658	-0.00532900857096	-0.0478012890533	0.00124515048667	0.0233032906759	-0.0156093295012	0.0118366562248	0.0290547388633	-0.0701999643864	0.00470847372245	0.0448510081052	0.0149910939222
k__Bacteria;p__Bacteroidetes;c__Bacteroidia;o__Bacteroidales;f__Odoribacteraceae;g__Odoribacter;s__Odoribacter_splanchnicus	-0.00462168375238	0.0260239958505	0.0514286418672	-0.0650963031733	0.0564234366853	3.51371271266e-05	-0.00218748283799	0.0452593215929	-0.019497230892	-0.0279203651585	-0.00480491410173	-0.0473010426639	-0.0331303586249	1.6992567203e-05	0.00829042007784	0.0119103102689	0.0652707528359	-0.0206463898518	-0.0831592468131	1.0	-0.000572821920158	0.056772111186	-0.0237177571002	-0.0397207628587	-0.0766968020703	0.0630528074527	-0.0493905586626	-0.0579865456363	-0.0246633359196	0.0181352846858	0.0483127911528	0.0363602473274	0.0547830906004	-0.0402291171304	0.0116146058976	-0.030468507688	-0.0402433366866	-0.0178585113484	-0.00919025599454	-0.0130876561004	-0.064915874644	-0.00516171909624	0.0169081363424	-0.0724620186772	-0.0467310520681	-0.0456762079626	-0.0385020916116	0.0208253945236	-0.00307693980567	-0.0476566926614	0.0123900445146	0.00812093587907	0.0197495798604	-0.077830485161	0.0587593189544	-0.0340744524982	0.0611554241984	0.00822594671239	-0.0178117792189
k__Bacteria;p__Bacteroidetes;c__Bacteroidia;o__Bacteroidales;f__Bacteroidaceae;g__Bacteroides;s__Bacteroides_salyersiae	0.0273079778966	0.0409762392235	-0.0756576094837	-0.0235779328889	0.00827046314193	-0.0204155823023	-0.0146008358079	-0.0351981451314	-0.0257483644795	0.0692383223525	0.0457511402687	0.0120700256554	-0.0842579732176	0.0220380112227	-0.0203862102257	0.0466789687244	-0.0409059697358	0.0651431779302	-0.00255259931206	-0.000572821920158	1.0	0.0021421194324	-0.0267610520387	-0.0181029879212	0.0665140857737	-0.00438892037291	-0.00298010029887	0.0223634603822	-0.0730584719358	0.036841370545	-0.0224303372147	-0.00967209864522	-0.0468792085518	0.0401176696729	0.0233166130192	0.069750075167	0.00627468078645	-0.0922891728984	-0.0452291599452	-0.0244950574127	0.0274439518472	-0.0373137928964	-0.0182810011039	-0.00907212822959	0.0375748594854	0.0123217990059	0.0116120458619	-0.05838432778	0.00909063355939	0.0408380467139	-0.0277423359044	-0.0142719864798	0.0229171583635	0.0722009741016	0.0472713871921	-0.0303663495435	0.0154794296551	-0.0339347389853	-0.00945842996713
k__Bacteria;p__Firmicutes;c__Clostridia;o__Clostridiales;f__Ruminococcaceae;g__Ruminiclostridium;s__[Eubacterium]_siraeum	-0.0563742706258	0.00579959758025	-0.0127009370147	-0.0250060028974	0.00149125543439	-0.00136240134617	-0.0873046513816	0.00798864561038	0.0332921848869	-0.00371604899842	-0.0385322863944	0.00473932604555	0.0234350599902	-0.0144969277234	0.0226412456625	-0.0453906540906	-0.0241232671244	0.0258217810108	0.0504797223054	0.056772111186	0.0021421194324	1.0	-0.0331483436435	0.0359481224421	-0.0124232161675	0.018535245986	-0.0122333104323	0.0700874250338	-0.00638583567564	0.0297485187892	-0.0483250160676	-0.0216556394173	0.0201541598692	-0.0458303492182	-0.0515699485542	0.0204075030848	0.0592375027303	-0.0718640887119	0.0644411410883	0.011758360393	-0.03187140121	-0.055819476574	-0.014406127652	0.0247478846759	-0.0582244494147	0.0141970573432	0.0138083088525	0.00272962440425	0.053655207032	0.0139108887273	-0.0425419147308	0.00364824130409	-0.0349236796929	0.0226082239565	0.028419916759	0.0054703740218	-0.0375190241993	-0.0541815874408	0.0401042552277
k__Bacteria;p__Proteobacteria;c__Betaproteobacteria;o__Burkholderiales;f__Sutterellaceae;g__Parasutterella;s__Parasutterella_excrementihominis	0.00299655375208	0.0134095661923	-0.0267114299732	0.0488764371716	0.0478313129556	0.00848829553485	-0.00179056555418	0.0190227989612	-0.00533060136382	0.0474192531482	-0.0288659813447	0.0267910252815	0.035126949447	0.0273532941476	-0.0445070049936	-0.0343012551077	-0.0571647826513	0.0536957936614	0.0215059410392	-0.0237177571002	-0.0267610520387	-0.0331483436435	1.0	-0.0597250377384	-0.0325970434654	0.0204479915365	-0.0269557519035	0.0607530555995	0.0362528647298	-0.00215635499141	0.0439237292929	-0.0510336729468	-0.0527876116452	-0.0243021032306	-0.0110383697929	-0.0120561498974	-0.0512827725098	-0.0284056883955	-0.0143687475397	-0.0513942875581	0.0311000166697	-0.0243136918114	0.0665993256099	-0.00776581176293	0.0487381008025	-0.0816557814268	0.0719160710428	0.0518107592531	-0.0533026506852	-0.0557342872974	-0.00671572402756	-0.0350998941018	-0.00424997813436	0.0117186726625	-0.0331064319517	-0.0175316358054	0.0215103696636	-0.0942599172457	-0.0342707965406
k__Bacteria;p__Actinobacteria;c__Actinobacteria;o__Bifidobacteriales;f__Bifidobacteriaceae;g__Bifidobacterium;s__Bifidobacterium_adolescentis	-0.0105552164483	-0.0253431521609	0.0346162212084	0.0244445405448	-0.00341880017197	-0.0321283920355	0.01875368401	0.0529611293774	-0.0388919878254	-0.0505928204733	-0.00795262846968	0.0818213945657	0.00237254988001	-0.00105245304025	0.0205406976475	0.0140942010105	-0.0321647053947	-0.0166410393564	0.053000828233	-0.0397207628587	-0.0181029879212	0.0359481224421	-0.0597250377384	1.0	0.0041374611925	-0.0693655303824	-0.0241708843195	-0.0453450099597	0.0385756032226	-0.0332732038297	0.0243279371383	-0.0521956923948	-0.0842834870945	-0.00540759916681	0.0236938014171	0.00697093270007	-0.047856328512	-0.032089237549	0.0488676927855	-0.0390862458584	-0.0263943896913	-0.000672453410698	0.00190427597928	-0.0373082968036	0.00440922446698	-0.00223755870077	0.0014302815233	-0.0272332695581	-0.0846404310106	-0.0669203661168	-0.0377478585561	-0.0539407016203	0.0345870449112	0.0168857023455	0.0431795291647	0.0111498996677	0.0235943684411	-0.0174643336748	-0.0196136787253
k__Bacteria;p__Firmicutes;c__Clostridia;o__Clostridiales;f__Oscillospiraceae;g__Oscillibacter;s__Oscillibacter_sp._KLE_1745	-0.0194171138644	0.0189057366333	0.00161651045549	-0.0183928169382	-0.0160770718042	-0.0176961369193	-0.00602104289531	-0.00821170204485	0.0160652792413	-0.0699031196717	-0.0080345476378	-0.132121262746	-0.0817841289394	-0.0312042378394	-0.0554816188526	-0.0397242235659	0.0081674624282	0.0552968493799	0.0318158858775	-0.0766968020703	0.0665140857737	-0.0124232161675	-0.0325970434654	0.0041374611925	1.0	-0.0353566470094	-0.0482250986977	-0.0442877914719	-0.0514634004465	-0.0677845747673	-0.038464459683	-0.0640314768461	0.023283590459	-0.0227608427033	7.91202840696e-05	-0.0271477306641	-0.0430036464407	-0.0122199937583	-0.0025584885231	-0.0626065571318	0.00687931772072	0.0407637840423	-0.000291156312803	0.0396946861237	-0.00714688554265	-0.00131095968526	0.037076777541	0.0154969665294	-0.0805778575084	0.0460383728733	-0.032189522866	-0.0123832673086	0.0554134162688	-0.0834508511518	0.0180114543884	0.0135909607494	-0.0153275704612	0.0571370767086	-0.00898546637664
k__Bacteria;p__Bacteroidetes;c__Bacteroidia;o__Bacteroidales;f__Bacteroidaceae;g__Bacteroides;s__Bacteroides_coprophilus	-0.0511967801404	0.00193620144603	-0.0359679404767	0.00877087447244	-0.0251184766075	0.014564943863	-0.0137953697992	-0.00151034612197	0.0577846800598	0.0451157417702	-0.0229478716692	0.0225956283877	-0.0171838930817	-0.103088073398	0.0577030708933	-0.00997939018924	-0.00785604066319	-0.0204399433815	-0.0584704005227	0.0630528074527	-0.00438892037291	0.018535245986	0.0204479915365	-0.0693655303824	-0.0353566470094	1.0	-0.0653959081729	-0.00332368186619	-0.0207120082336	0.0313295013755	-0.00253440051654	0.0507468702258	0.0263336519263	-0.00732533083227	0.0694865941293	-0.0648957879792	-0.0288338235694	0.0164090083601	-0.0387518897321	0.0284653014169	-0.023795223447	-0.0110891541284	-0.0570162855179	-0.00797400081867	-0.0233114322513	0.0116228645206	-0.0125180220026	0.062111310367	0.0117910555098	-0.0342424949899	-0.0204998777182	0.0150205517144	0.0551573373534	-0.0124503278348	-0.0589069376266	0.00919423164393	-0.0665738371277	0.0115933905739	-0.0290717209583
k__Bacteria;p__Firmicutes;c__Clostridia;o__Clostridiales;f__Lachnospiraceae;g__Roseburia;s__Roseburia_intestinalis	-0.0028447307398	-0.00450953801078	-0.0427710966633	-0.0355617759103	-0.00407900801312	0.0461724307173	0.0413359829263	-0.0414609027863	-0.0647511665402	0.00324665724194	-0.0283467692485	-0.009588704501	0.0423747608421	0.00839286342919	-0.0483305480098	-0.00844002059965	-0.0392208883967	0.0228349259135	-0.0667163576208	-0.0493905586626	-0.00298010029887	-0.0122333104323	-0.0269557519035	-0.0241708843195	-0.0482250986977	-0.0653959081729	1.0	0.0691409605068	0.137228078482	-0.00914579554284	-0.0469561026562	-0.00224316309995	-0.0295088543553	-0.0174416475507	0.0701398803212	0.0472585805891	-0.00810562795953	0.00899985842192	0.00938588417153	-0.0165066648996	0.0468401509645	-0.072976339024	-0.0349162522678	-0.0332285407088	-0.0189596064433	0.00952543602628	-0.0437975064262	-0.00812900615004	-0.0330632576168	-0.0221011291624	0.00346509856546	-0.0245145660116	-0.00245361571995	-0.0522084075478	-0.0400171299701	-0.04253588594	-0.052754503205	-0.0497246853827	0.0202101623111
k__Bacteria;p__Firmicutes;c__Clostridia;o__Clostridiales;f__Lachnospiraceae;g__Roseburia;s__Roseburia_hominis	-0.0463344669213	0.045378939715	-0.0393719470924	0.0303459944459	-0.0223444753878	0.0198078650236	0.0399524094707	-0.0423935014645	-0.0351116019783	0.038718478692	-0.0498998382709	0.0025384812692	-0.0729699560244	-0.000962983325223	-0.00932393149007	-0.0504867820537	0.0204701733753	-0.084761031728	-0.00829196026522	-0.0579865456363	0.0223634603822	0.0700874250338	0.0607530555995	-0.0453450099597	-0.0442877914719	-0.00332368186619	0.0691409605068	1.0	0.0271784644091	-0.0800235522231	0.0493446736649	-0.054350146343	-0.010756167582	-0.0521454154047	-0.109138823142	0.0274972802576	-0.0164431163475	0.0601081652527	0.0465551881246	0.0565713430617	-0.0289618722773	-0.0214734870989	-0.0927509053486	0.00990282507425	-0.0315658773003	0.0337203878901	-0.0101771377789	-0.00165515801069	-0.0237725568132	0.00477485695864	0.00774297227399	-0.00858328696289	-0.00811162644018	0.0648105046031	-0.0272678452357	0.0173625500738	-0.0693956910757	-0.0467962500767	0.0162233935746
k__Bacteria;p__Bacteroidetes;c__Bacteroidia;o__Bacteroidales;f__Porphyromonadaceae;g__Parabacteroides;s__Parabacteroides_johnsonii	-0.00377455462977	-0.0699652253253	0.00581192852637	0.00803702752103	-0.0241181074391	0.0882284858507	-0.0519438458103	-0.0303557502095	-0.116940546727	-0.00625867612497	-0.0398854344591	-0.0464817435353	-0.0485151112539	-0.00523963395877	-0.0371509995698	-0.0295043147694	-0.0155155701389	0.0485424459406	0.0230480540332	-0.0246633359196	-0.0730584719358	-0.00638583567564	0.0362528647298	0.0385756032226	-0.0514634004465	-0.0207120082336	0.137228078482	0.0271784644091	1.0	0.00358479059079	0.088584247225	-0.0281019646198	0.00205858058574	-0.114057879249	-0.0612495243075	0.00630847465027	-0.0231039964283	0.0634333462437	-0.0368302027882	-0.011453150156	-0.027703243266	-0.0264055186395	-0.00947090187672	-0.0139153695404	-0.0492316629672	0.0664945335279	-0.0410538203158	-0.0368349716195	0.0269751576705	-0.0408097971737	0.0315259659672	-0.0161501606472	-0.0179083225228	0.04063871855	-0.0150483070724	-0.0286388327987	0.00961816264384	0.0244308065181	-0.0141550544538
k__Bacteria;p__Actinobacteria;c__Actinobacteria;o__Bifidobacteriales;f__Bifidobacteriaceae;g__Bifidobacterium;s__Bifidobacterium_longum	-0.0759190025033	0.0565600532978	0.0603116439397	0.026163803325	0.0575415227899	0.000694275617521	-0.0264284484982	-0.0555927105676	-0.012696163492	-0.00816917211697	0.0343230807171	-0.0509520129037	-0.0178808936098	-0.0109960235999	0.0646909529937	0.0237202932416	-0.0307438847519	-0.027526471317	-0.00487393363675	0.0181352846858	0.036841370545	0.0297485187892	-0.00215635499141	-0.0332732038297	-0.0677845747673	0.0313295013755	-0.00914579554284	-0.0800235522231	0.00358479059079	1.0	-0.060232831986	-0.0378224293568	0.0413609154331	0.0538583032938	-0.0520583647566	-0.0345038435525	0.0724967827953	-0.0331529998415	-0.0400625249404	-0.00775263347028	-0.0206070089607	-0.00226462578313	-0.0144393613722	-0.0361224955273	-0.0313755932435	-0.00130488727158	-0.078452805769	-0.00564246366163	0.0311557239857	-0.0558310877588	-0.0197483936071	0.0110933969319	-0.038325941108	0.00296615836283	-0.0728492605532	0.0120943957779	0.0091050311357	0.0179334720752	0.0383887492648
