#taxonomy	k__Bacteria;p__Bacteroidetes;c__Bacteroidia;o__Bacteroidales;f__Bacteroidaceae;g__Bacteroides;s__Bacteroides_vulgatus	k__Bacteria;p__Bacteroidetes;c__Bacteroidia;o__Bacteroidales;f__Bacteroidaceae;g__Bacteroides;s__Bacteroides_uniformis	k__Bacteria;p__Bacteroidetes;c__Bacteroidia;o__Bacteroidales;f__Rikenellaceae;g__Alistipes;s__Alistipes_putredinis	k__Bacteria;p__Bacteroidetes;c__Bacteroidia;o__Bacteroidales;f__Prevotellaceae;g__Prevotella;s__Prevotella_copri	k__Bacteria;p__Bacteroidetes;c__Bacteroidia;o__Bacteroidales;f__Bacteroidaceae;g__Bacteroides;s__Bacteroides_stercoris	k__Bacteria;p__Bacteroidetes;c__Bacteroidia;o__Bacteroidales;f__Bacteroidaceae;g__Bacteroides;s__Bacteroides_ovatus	k__Bacteria;p__Bacteroidetes;c__Bacteroidia;o__Bacteroidales;f__Rikenellaceae;g__Alistipes;s__Alistipes_shahii	k__Bacteria;p__Firmicutes;c__Clostridia;o__Clostridiales;f__Ruminococcaceae;g__Faecalibacterium;s__Faecalibacterium_prausnitzii	k__Bacteria;p__Bacteroidetes;c__Bacteroidia;o__Bacteroidales;f__Rikenellaceae;g__Alistipes;s__Alistipes_finegoldii	k__Bacteria;p__Bacteroidetes;c__Bacteroidia;o__Bacteroidales;f__Porphyromonadaceae;g__Parabacteroides;s__Parabacteroides_distasonis	k__Bacteria;p__Bacteroidetes;c__Bacteroidia;o__Bacteroidales;f__Bacteroidaceae;g__Bacteroides;s__Bacteroides_thetaiotaomicron	k__Bacteria;p__Bacteroidetes;c__Bacteroidia;o__Bacteroidales;f__Bacteroidaceae;g__Bacteroides;s__Bacteroides_coprocola	k__Bacteria;p__Bacteroidetes;c__Bacteroidia;o__Bacteroidales;f__Bacteroidaceae;g__Bacteroides;s__Bacteroides_cellulosilyticus	k__Bacteria;p__Bacteroidetes;c__Bacteroidia;o__Bacteroidales;f__Rikenellaceae;g__Alistipes;s__Alistipes_obesi	k__Bacteria;p__Firmicutes;c__Clostridia;o__Clostridiales;f__Lachnospiraceae;g__;s__[Eubacterium]_rectale	k__Bacteria;p__Bacteroidetes;c__Bacteroidia;o__Bacteroidales;f__Bacteroidaceae;g__Bacteroides;s__Bacteroides_plebeius	k__Bacteria;p__Bacteroidetes;c__Bacteroidia;o__Bacteroidales;f__Bacteroidaceae;g__Bacteroides;s__Bacteroides_fragilis	k__Bacteria;p__Proteobacteria;c__Betaproteobacteria;o__Burkholderiales;f__Sutterellaceae;g__Sutterella;s__Sutterella_wadsworthensis	k__Bacteria;p__Bacteroidetes;c__Bacteroidia;o__Bacteroidales;f__Porphyromonadaceae;g__Barnesiella;s__Barnesiella_intestinihominis	k__Bacteria;p__Bacteroidetes;c__Bacteroidia;o__Bacteroidales;f__Odoribacteraceae;g__Odoribacter;s__Odoribacter_splanchnicus	k__Bacteria;p__Bacteroidetes;c__Bacteroidia;o__Bacteroidales;f__Bacteroidaceae;g__Bacteroides;s__Bacteroides_salyersiae	k__Bacteria;p__Firmicutes;c__Clostridia;o__Clostridiales;f__Ruminococcaceae;g__Ruminiclostridium;s__[Eubacterium]_siraeum	k__Bacteria;p__Proteobacteria;c__Betaproteobacteria;o__Burkholderiales;f__Sutterellaceae;g__Parasutterella;s__Parasutterella_excrementihominis	k__Bacteria;p__Actinobacteria;c__Actinobacteria;o__Bifidobacteriales;f__Bifidobacteriaceae;g__Bifidobacterium;s__Bifidobacterium_adolescentis	k__Bacteria;p__Firmicutes;c__Clostridia;o__Clostridiales;f__Oscillospiraceae;g__Oscillibacter;s__Oscillibacter_sp._KLE_1745	k__Bacteria;p__Bacteroidetes;c__Bacteroidia;o__Bacteroidales;f__Bacteroidaceae;g__Bacteroides;s__Bacteroides_coprophilus	k__Bacteria;p__Firmicutes;c__Clostridia;o__Clostridiales;f__Lachnospiraceae;g__Roseburia;s__Roseburia_intestinalis	k__Bacteria;p__Firmicutes;c__Clostridia;o__Clostridiales;f__Lachnospiraceae;g__Roseburia;s__Roseburia_hominis	k__Bacteria;p__Bacteroidetes;c__Bacteroidia;o__Bacteroidales;f__Porphyromonadaceae;g__Parabacteroides;s__Parabacteroides_johnsonii	k__Bacteria;p__Actinobacteria;c__Actinobacteria;o__Bifidobacteriales;f__Bifidobacteriaceae;g__Bifidobacterium;s__Bifidobacterium_longum	k__Bacteria;p__Firmicutes;c__Clostridia;o__Clostridiales;f__;g__Flavonifractor;s__Flavonifractor_plautii	k__Bacteria;p__Firmicutes;c__Clostridia;o__Clostridiales;f__Clostridiaceae;g__Clostridium;s__Clostridium_phoceensis	k__Bacteria;p__Verrucomicrobia;c__Verrucomicrobiae;o__Verrucomicrobiales;f__Akkermansiaceae;g__Akkermansia;s__Akkermansia_muciniphila	k__Bacteria;p__Bacteroidetes;c__Bacteroidia;o__Bacteroidales;f__Prevotellaceae;g__Paraprevotella;s__Paraprevotella_xylaniphila	k__Bacteria;p__Firmicutes;c__Clostridia;o__Clostridiales;f__Ruminococcaceae;g__Ruminococcus;s__Ruminococcus_callidus	k__Bacteria;p__Bacteroidetes;c__Bacteroidia;o__Bacteroidales;f__Rikenellaceae;g__Alistipes;s__Alistipes_senegalensis	k__Bacteria;p__Firmicutes;c__Clostridia;o__Clostridiales;f__Lachnospiraceae;g__Blautia;s__Blautia_sp._KLE_1732	k__Bacteria;p__Bacteroidetes;c__Bacteroidia;o__Bacteroidales;f__Bacteroidaceae;g__Bacteroides;s__Bacteroides_oleiciplenus	k__Bacteria;p__Firmicutes;c__Clostridia;o__Clostridiales;f__Ruminococcaceae;g__Ruminococcus;s__Ruminococcus_bicirculans	k__Bacteria;p__Bacteroidetes;c__Bacteroidia;o__Bacteroidales;f__Bacteroidaceae;g__Bacteroides;s__Bacteroides_fluxus	k__Bacteria;p__Bacteroidetes;c__Bacteroidia;o__Bacteroidales;f__Prevotellaceae;g__Prevotella;s__Prevotella_stercorea	k__Bacteria;p__Firmicutes;c__Clostridia;o__Clostridiales;f__Lachnospiraceae;g__Dorea;s__Dorea_longicatena	k__Bacteria;p__Firmicutes;c__Clostridia;o__Clostridiales;f__Eubacteriaceae;g__Eubacterium;s__[Eubacterium]_eligens	k__Bacteria;p__Firmicutes;c__Clostridia;o__Clostridiales;f__Ruminococcaceae;g__;s__Ruminococcaceae_bacterium_D16	k__Bacteria;p__Firmicutes;c__Clostridia;o__Clostridiales;f__Lachnospiraceae;g__Coprococcus;s__Coprococcus_comes	k__Bacteria;p__Proteobacteria;c__Gammaproteobacteria;o__Enterobacterales;f__Enterobacteriaceae;g__Escherichia;s__Escherichia_coli	k__Bacteria;p__Firmicutes;c__Clostridia;o__Clostridiales;f__Ruminococcaceae;g__Anaerotruncus;s__Anaerotruncus_colihominis	k__Bacteria;p__Firmicutes;c__Clostridia;o__Clostridiales;f__Lachnospiraceae;g__Blautia;s__Blautia_obeum	k__Bacteria;p__Bacteroidetes;c__Bacteroidia;o__Bacteroidales;f__Odoribacteraceae;g__Odoribacter;s__Odoribacter_laneus	k__Bacteria;p__Firmicutes;c__Clostridia;o__Clostridiales;f__Ruminococcaceae;g__Ruminiclostridium;s__[Clostridium]_leptum	k__Bacteria;p__Bacteroidetes;c__Bacteroidia;o__Bacteroidales;f__Porphyromonadaceae;g__Parabacteroides;s__Parabacteroides_goldsteinii	k__Bacteria;p__Firmicutes;c__Clostridia;o__Clostridiales;f__Lachnospiraceae;g__Anaerostipes;s__Anaerostipes_hadrus	k__Bacteria;p__Firmicutes;c__Clostridia;o__Clostridiales;f__Ruminococcaceae;g__Ruminococcus;s__Ruminococcus_lactaris	k__Bacteria;p__Firmicutes;c__Clostridia;o__Clostridiales;f__Clostridiaceae;g__Clostridium;s__Clostridium_sp._L2-50	k__Bacteria;p__Firmicutes;c__Clostridia;o__Clostridiales;f__Clostridiaceae;g__Clostridium;s__Clostridium_sp._M62/1	k__Bacteria;p__Firmicutes;c__Clostridia;o__Clostridiales;f__;g__Intestinimonas;s__Intestinimonas_butyriciproducens	k__Bacteria;p__Actinobacteria;c__Actinobacteria;o__Bifidobacteriales;f__Bifidobacteriaceae;g__Bifidobacterium;s__Bifidobacterium_bifidum	k__Bacteria;p__Firmicutes;c__Negativicutes;o__Veillonellales;f__Veillonellaceae;g__Dialister;s__Dialister_invisus	k__Bacteria;p__Bacteroidetes;c__Bacteroidia;o__Bacteroidales;f__Bacteroidaceae;g__Bacteroides;s__Bacteroides_salanitronis
k__Bacteria;p__Bacteroidetes;c__Bacteroidia;o__Bacteroidales;f__Bacteroidaceae;g__Bacteroides;s__Bacteroides_vulgatus	1.0	0.0408180986256	0.00254729810234	-0.00226789907891	0.049393484817	-0.0383190053363	0.0573336752833	-0.0284273194321	-0.00803162591341	0.0230317115864	-0.0293760340924	0.0846074584477	-0.0346316598165	-0.0267409601097	-0.0316959622269	0.0648412021871	-0.0673832012558	0.0118100507889	0.00674437139163	0.0147566636171	0.0196764446188	0.0295351830927	-0.0274200104097	-0.0102047364228	0.0536150970931	0.0226792421026	-0.0601958562943	0.0205615867678	0.0118009272283	-0.023643851478	0.00578850867437	-0.00062555599543	-0.107073925299	0.00448207197049	0.117664288762	0.0172154881503	-0.0413689248138	-0.0031369988453	0.0207206289717	-0.0119366892756	-0.0653748273054	0.0530037921859	-0.0447483041366	-0.0209821848132	-0.0256052409859	-0.0827556561168	0.0209662534454	0.0132358513745	-0.0140598214017	-0.0254072769412	0.0140929667319	-0.0764104715897	-0.0543758565539	0.0247266624669	0.0420084447415	-0.0193918281321	0.0435994420618	0.0677765552473	-0.0721720169418
k__Bacteria;p__Bacteroidetes;c__Bacteroidia;o__Bacteroidales;f__Bacteroidaceae;g__Bacteroides;s__Bacteroides_uniformis	0.0408180986256	1.0	0.0615774061024	-0.0124015367068	0.0111426198118	-0.00917651338055	0.0249502222747	0.0121654099229	-0.0606442536505	-0.0237677116224	0.00181348493771	0.0612590846047	-0.026497022173	-0.0848609981374	-0.0757384221136	-0.0483645955596	0.0431923368406	0.0165396608654	-0.104287606736	-0.019055445263	-0.00722718820776	-0.0174910765774	-0.0275253022229	-0.0298497520032	-0.0287404562584	-0.0120167904641	-0.00958451559482	-0.0229924469815	-0.0591841189813	0.0243509618829	-0.0128129196953	-0.052950271101	-0.0112836616527	-0.0217737196649	-0.0157246939075	-0.0384504086818	-0.056454185987	-0.00359582982828	-0.02993055173	-0.0683851833069	-0.020286911058	-0.0327359599458	-0.0178782928575	0.026628949241	0.0116954215606	0.0124407243193	0.00253128126105	-0.0226527798262	0.051884961426	-0.0097221023082	-0.0390954579309	0.0807048398152	-0.00328635641136	-0.0299543689432	0.0164980575135	-0.0384575025714	-0.0468938510395	-0.035280912921	-0.00335053616668
k__Bacteria;p__Bacteroidetes;c__Bacteroidia;o__Bacteroidales;f__Rikenellaceae;g__Alistipes;s__Alistipes_putredinis	0.00254729810234	0.0615774061024	1.0	0.0557227046833	0.00584414228025	-0.0118862862957	-0.0625467889353	-0.0280603757432	-0.0273519139385	0.0319208666444	-0.0415466692181	0.0191019401915	-0.0827148408782	-0.0690387964377	0.0512893903229	-0.0546991762576	0.0266425637293	-0.0181899283311	-0.0853333056493	0.0501764807394	0.0539935898747	-0.0995958527351	0.011278237161	-0.0325858583017	0.0347512868508	0.0373186957163	-0.00556293822067	-0.0673262378075	0.0130016236744	0.0203862134939	-0.0255258942756	0.0697184137312	0.0526528153964	0.0131182301362	0.00586506317811	-0.0355145415219	-0.0533855729718	0.0192928393181	-0.0519089880209	-0.05401238526	-0.0529547352403	0.0113303323028	-0.0859327324157	-0.0377997908538	0.0217199024027	0.01287400495	-0.000614626906498	0.0319984345587	-0.0261635993451	-0.00458649462588	0.00693814417122	-0.0203648692521	-0.0145520507936	-0.0709076467792	-0.015667463611	0.0494515363791	-0.0123304722352	0.0169776860781	-0.0137138997072
k__Bacteria;p__Bacteroidetes;c__Bacteroidia;o__Bacteroidales;f__Prevotellaceae;g__Prevotella;s__Prevotella_copri	-0.00226789907891	-0.0124015367068	0.0557227046833	1.0	0.0433276993118	-0.00358876395326	-0.00062783888624	-0.0849418526084	-0.0384259473044	0.0304047519554	0.0317591604216	-0.0576961760661	-0.101015766445	-0.0138690160041	0.0179049635398	0.00326579041472	-0.0274471690739	-0.0289857088388	0.00548777184677	-0.0477315341948	-0.0133126543321	0.0232206818742	-0.0157866143484	-0.00506670380814	-0.0175828139754	-0.00063825081746	0.00189269413799	-0.0185171767243	0.0505809982501	-0.0512291089666	-0.0924936935457	0.00632479445432	-0.0103350301546	-0.0634146922925	-0.0165333767766	-0.027178547024	-0.0160433471622	-0.0116483943538	-0.00370103160531	-0.0648847092372	-0.0260377563973	-0.00569155889422	-0.00504365994364	0.0105056267967	-0.0546051432455	-0.0075104110101	-0.0475912899414	-0.0352413966262	-0.0390887050565	-0.0581426029219	-0.000657181469812	0.0319849430023	0.025852479674	0.0110934962308	-0.0217879006086	-0.0253851672256	0.0551610327281	-0.00835936720803	-0.0479727566521
k__Bacteria;p__Bacteroidetes;c__Bacteroidia;o__Bacteroidales;f__Bacteroidaceae;g__Bacteroides;s__Bacteroides_stercoris	0.049393484817	0.0111426198118	0.00584414228025	0.0433276993118	1.0	-0.047013367409	0.0288466246931	0.00394059091096	0.0136773595403	-0.0511763624323	-0.0845984216828	-0.0425256469768	-0.0123342796899	0.0377583354554	-0.0637820302739	-0.0436599978992	0.0355914702312	0.00821075077303	0.00488042576274	-0.0164632355452	-0.0113805750421	-0.0879456726968	-0.0953424667237	-0.0604444325149	-0.0649308966191	0.0721081304434	0.0114973124899	0.00565779907417	0.0333866598663	0.000762422336673	-0.010533255018	0.0137088057014	-0.0244698880962	0.0242046111357	-0.0124530734529	-0.0361690615028	-0.064694194538	-0.046266606236	0.000486714079362	0.0059067161177	0.0154051822834	-0.0246468972681	0.0515129739508	0.0185998368262	0.00596242779032	-0.0276458268412	-0.0325372844241	-0.0031403827222	-0.0222620255392	0.0519612737729	0.0185111715022	0.00867854573975	0.0773737181436	0.0139070522614	-0.020684942998	0.0398646960341	-0.0403179263138	0.0486361835056	-0.0426080019463
k__Bacteria;p__Bacteroidetes;c__Bacteroidia;o__Bacteroidales;f__Bacteroidaceae;g__Bacteroides;s__Bacteroides_ovatus	-0.0383190053363	-0.00917651338055	-0.0118862862957	-0.00358876395326	-0.047013367409	1.0	0.0197201089607	-0.0121519173233	0.0316353093871	0.0318757795875	-0.0607432323658	-0.0289048414872	-0.0842671448421	0.0783649611834	-0.0383943622971	-0.0109672080678	-0.0342742291459	-0.0482047808105	-0.0563073808687	-0.0313568156544	-0.0308367721746	-0.0463679425876	-0.0623184119127	0.00806774370776	0.0148714073658	-0.0249330416515	0.0496571500897	-0.0669643756269	0.011376209914	-0.0486138625168	-0.00035848570535	-0.0692555070065	-0.0113052592647	-0.0259104088142	0.0144546033743	0.0123633796085	-0.0105687760581	0.0341111860877	-0.0564688215089	0.0366483171855	0.0160596856272	-0.0747548934464	0.0276001658171	0.0186438673693	-0.0127071611693	0.0474780777015	-0.0271398634237	0.0083909908499	0.0196290919338	0.0391175932045	-0.0502211155174	-0.0377862105095	-0.00471765375651	-0.0368277849122	0.0155082873822	0.0619667273813	-0.0151381978298	0.0102162464295	0.0181680277641
k__Bacteria;p__Bacteroidetes;c__Bacteroidia;o__Bacteroidales;f__Rikenellaceae;g__Alistipes;s__Alistipes_shahii	0.0573336752833	0.0249502222747	-0.0625467889353	-0.00062783888624	0.0288466246931	0.0197201089607	1.0	-0.0852972658868	-0.00615011375812	-0.0291314508094	0.00200164977278	0.0322774888336	0.0322460044403	-0.0122392513721	-0.0405732163921	-0.0629751405555	0.0314854604556	0.0750709877771	-0.0613983548053	0.00919693771821	-0.0183988762983	0.0246304168837	0.0110340464175	0.0721009641116	0.0187015605779	0.000903205601871	0.00835516319714	-0.0391261835008	-0.0113422912967	0.011654063105	-0.0398057659327	0.036212537948	0.047190901401	-0.0182235839868	-0.0140478912211	0.0247914529567	-0.0438497929421	0.0288210842878	0.00517268031016	0.0310021393855	-0.0192608847005	-0.032198031276	-0.0354468128958	-0.0100298459905	-0.0539171483611	0.000109885018833	0.0272773482378	0.0327496758895	-0.0551723200245	0.0683880210739	-0.0706228771056	-0.0171303912261	-0.0879143577444	-0.0471681063771	-0.0252773825413	-0.0406297707485	-0.0127658548089	0.00154932417109	-0.0532254387482
k__Bacteria;p__Firmicutes;c__Clostridia;o__Clostridiales;f__Ruminococcaceae;g__Faecalibacterium;s__Faecalibacterium_prausnitzii	-0.0284273194321	0.0121654099229	-0.0280603757432	-0.0849418526084	0.00394059091096	-0.0121519173233	-0.0852972658868	1.0	-0.0565221934044	-0.0533640118708	0.0108800951359	-0.0280700209184	-0.00856517856801	0.0540172798765	0.00137331111952	0.012000481059	-0.0462956396969	-0.0177418085737	0.0157491378065	-0.00920700023308	-0.0423913405075	-0.000509450347054	0.0389804190707	0.0225430214221	-0.0540501562107	-0.0428474580024	0.0641088739164	-0.02359425708	-0.0662468854005	0.0434384625746	0.0291061966604	-0.0580535078689	0.0311981305812	0.0478635166819	-0.0634205621536	0.00156601530742	-0.0168243107213	-0.0256059965977	0.0463610413097	-0.0483751655586	0.0743145589255	0.0488595156775	-0.0355986613152	-0.00812859790855	0.0622728757146	-0.026368125213	-0.0439802556102	0.0296820421384	-0.026410813442	0.0451078280714	-0.0254074449115	0.0215129889927	0.0267344018666	-0.0694296663689	0.0139664666731	-0.0618175806671	0.0231981031504	-0.0296341774601	-0.0773921049638
k__Bacteria;p__Bacteroidetes;c__Bacteroidia;o__Bacteroidales;f__Rikenellaceae;g__Alistipes;s__Alistipes_finegoldii	-0.00803162591341	-0.0606442536505	-0.0273519139385	-0.0384259473044	0.0136773595403	0.0316353093871	-0.00615011375812	-0.0565221934044	1.0	-0.0211243781841	0.0148134922251	0.0452594925177	0.00893746689693	-0.058216731113	0.0651699031209	0.0399252025123	-0.030276835057	-0.055431424604	-0.0163144393108	0.0164548657145	-0.07595167516	-0.0176414613724	0.016425786814	-0.0266275371117	0.0332456139208	0.0781071672358	-0.0329789194304	0.0191788474857	0.0566111426849	0.0317338796652	-0.0351203116905	0.00422183546271	-0.0527922981831	0.0579600768618	-0.0357145822796	-0.0160272836816	-0.0139966139846	-0.0633248141214	0.0364354152324	-0.0264708233966	-0.0147812185261	0.0668385447514	-0.000339919181181	0.00159236785732	-0.0524235329517	-0.065364780881	-0.0606417835117	0.0856720040093	0.0315877728957	0.0220087335098	-0.0413985593259	-0.0400999614728	-0.0856402747719	-0.048916292351	-0.0279562592533	-0.0273720550208	-0.0397926451448	-0.0155416652053	-0.0213491124444
k__Bacteria;p__Bacteroidetes;c__Bacteroidia;o__Bacteroidales;f__Porphyromonadaceae;g__Parabacteroides;s__Parabacteroides_distasonis	0.0230317115864	-0.0237677116224	0.0319208666444	0.0304047519554	-0.0511763624323	0.0318757795875	-0.0291314508094	-0.0533640118708	-0.0211243781841	1.0	-0.0801484635943	-0.0192542934015	0.0562655497834	-0.0375234755508	-0.00451958472646	-0.0450717917791	-0.0542158196781	-0.0231387465767	-0.0038483982773	0.0349917075931	-0.125205767722	-0.02523877286	-0.0052183622423	-0.0628620697201	-0.0321239147124	0.0413125493594	-0.0416435152673	-0.0429116054743	0.00380193951571	0.0495537739436	0.0115374169977	0.010206736403	-0.0702877379019	-0.0385200115649	0.0197673675649	-0.0671626697978	-0.00968567137291	0.0458589472976	-0.0544190623331	0.0944394314401	0.0208456346261	-0.0733015175703	-0.0081917794884	0.00489812052164	-0.0356314237292	0.0412893432772	0.00521476814175	0.0121227400646	-0.028093357401	0.0457703049022	0.0103751962066	0.000741015900375	0.0570137861607	-0.0928883041398	0.0340014720424	-0.0239836914384	0.012860495934	-0.0143870129516	-0.0229824459388
k__Bacteria;p__Bacteroidetes;c__Bacteroidia;o__Bacteroidales;f__Bacteroidaceae;g__Bacteroides;s__Bacteroides_thetaiotaomicron	-0.0293760340924	0.00181348493771	-0.0415466692181	0.0317591604216	-0.0845984216828	-0.0607432323658	0.00200164977278	0.0108800951359	0.0148134922251	-0.0801484635943	1.0	0.0169428676198	-0.0386641112265	0.00498288515565	-0.058417131046	-0.0403167442025	0.0352704543357	-0.0234244830467	-0.0167985942672	0.022276428788	0.0217067541091	0.0170829408211	-0.0585128563162	-0.0059356349078	-0.0323197175225	-0.0526233182811	0.0449615919356	0.03465430361	0.0619507396215	0.0240027631883	-0.0853077037369	-0.0650527397395	-0.0688706620446	-0.0125694427864	-0.0406678142978	0.0726798794519	0.013357130521	0.0242631778657	-0.0247461496205	0.0964951244635	-0.0455800611621	-0.0266643168017	-0.00737925460887	0.0182177164107	-0.0524215117371	-0.0664591939896	-0.0400899836243	-0.06852265187	0.111110274925	-0.00754178717593	-0.0139113105771	0.0499239612066	-0.00962245443582	0.012305237195	-0.0471054580495	-0.0369176758528	-0.0270277828443	0.0204626292965	0.0406920849291
k__Bacteria;p__Bacteroidetes;c__Bacteroidia;o__Bacteroidales;f__Bacteroidaceae;g__Bacteroides;s__Bacteroides_coprocola	0.0846074584477	0.0612590846047	0.0191019401915	-0.0576961760661	-0.0425256469768	-0.0289048414872	0.0322774888336	-0.0280700209184	0.0452594925177	-0.0192542934015	0.0169428676198	1.0	-0.00687475993844	0.0109408002439	0.0436210216691	0.0358061116834	-0.0656292924623	-0.155331138397	-0.0185317356616	0.0349212311385	-0.0238080165134	-0.00458317884625	0.0243236355036	-0.0458219244337	0.0224943238923	-0.03281207948	-0.0277937244125	-0.0438215351061	0.0485171830815	0.022923677655	-0.0137646847651	0.0170329069929	0.0181424079276	-0.104340054194	0.00457156735745	-0.0662043443855	-0.100377781215	0.00615376014148	-0.0472294024401	0.0077894046924	-0.101518460235	-0.051433209156	0.0173109140653	0.0268572934304	0.0352795443245	0.0343461615997	0.0533847344409	-0.0086047312992	-0.00256159305237	0.0936073717354	-0.0263367381689	-0.0444052846896	-0.127481824882	-0.00237650153614	-0.00907778470676	0.0412787186166	-0.0342008185753	-0.000954353151049	-0.0529859047192
k__Bacteria;p__Bacteroidetes;c__Bacteroidia;o__Bacteroidales;f__Bacteroidaceae;g__Bacteroides;s__Bacteroides_cellulosilyticus	-0.0346316598165	-0.026497022173	-0.0827148408782	-0.101015766445	-0.0123342796899	-0.0842671448421	0.0322460044403	-0.00856517856801	0.00893746689693	0.0562655497834	-0.0386641112265	-0.00687475993844	1.0	-0.057536859143	0.0140561791014	0.0265550592625	0.0761069656999	0.00679931109134	0.0259772123243	-0.0186396106409	0.0532873935213	0.0602632529975	-0.0370477100613	-0.0152847298009	-0.0496619751741	-0.0298040411589	-0.0750986936408	-0.0710958959224	0.0224868766704	-0.0250175085681	0.0313762555682	-0.00286952000357	-0.00583103029242	0.00583150632656	-0.0322192471654	-0.0160060280144	0.00586654790748	-0.0359308609999	-0.0296413490634	-0.0214260236946	0.000891576217004	-0.0564904506876	-0.0453922038805	-0.0211415543243	-0.0324304203205	0.00697953561847	-0.0156249307778	0.052149634243	-0.00491960934123	-0.0462017779492	-0.0134294998142	-0.0393564814231	0.0227095980315	-0.0273316255106	0.0525511462194	0.0413073750893	0.0141532204734	-0.0206641214871	0.044005246083
k__Bacteria;p__Bacteroidetes;c__Bacteroidia;o__Bacteroidales;f__Rikenellaceae;g__Alistipes;s__Alistipes_obesi	-0.0267409601097	-0.0848609981374	-0.0690387964377	-0.0138690160041	0.0377583354554	0.0783649611834	-0.0122392513721	0.0540172798765	-0.058216731113	-0.0375234755508	0.00498288515565	0.0109408002439	-0.057536859143	1.0	0.0322458837063	0.0103976846967	-0.0291042042316	0.0145072189954	0.00885845121853	0.0458799465845	0.00498073516724	0.0374958409514	-0.0923034054677	-0.000966069557243	-0.0442391597414	-0.065984705389	0.0137954851486	0.0205326901251	0.0391247272143	0.025338970625	0.0426764076794	0.032038935226	-0.00928963268272	0.0183301511287	-0.0414483021671	0.00241353178394	0.00898030815248	-0.029432293444	0.0256906293092	-0.0287097925168	-0.0329036834603	-0.109726996285	-0.0598209889576	-0.0495309563982	-0.0767284572317	-0.0138501728021	-0.00977653338845	0.00279364329271	-0.0223616708309	0.0333079071343	-0.0539580805529	0.0390365768673	0.0614271601871	-0.0694915340814	0.0303212514494	-0.0691017675492	-0.00488516227722	0.012784023682	-0.0500704642649
k__Bacteria;p__Firmicutes;c__Clostridia;o__Clostridiales;f__Lachnospiraceae;g__;s__[Eubacterium]_rectale	-0.0316959622269	-0.0757384221136	0.0512893903229	0.0179049635398	-0.0637820302739	-0.0383943622971	-0.0405732163921	0.00137331111952	0.0651699031209	-0.00451958472646	-0.058417131046	0.0436210216691	0.0140561791014	0.0322458837063	1.0	-0.00902978358248	0.00326873109671	0.0255979476853	-0.0359215531169	-0.0504604618477	-0.0319369605164	0.0707808620298	-0.009697267311	-0.136103783366	-0.0308020936635	-8.11708504409e-05	0.0157008243712	-0.0384896130847	0.0218400950663	-0.0346328622536	-0.005586816834	-0.0196859306721	0.00211144922398	-0.0043396511419	-0.00039377776658	-0.0458674395718	-0.00679188961775	0.116533064069	0.0242706072244	-0.0417188330117	-0.0109776326775	-0.0136309115149	0.00212572852056	0.00395633008237	-0.024066064957	-0.0292856928926	-0.0162447170737	0.0322512046848	-0.0864647713751	0.0427780271378	-0.048884458214	-0.0520090807012	-0.0164749695715	0.00915668989658	0.0028120810904	-0.014098667873	-0.0118164635607	0.0425752466918	-0.065155194079
k__Bacteria;p__Bacteroidetes;c__Bacteroidia;o__Bacteroidales;f__Bacteroidaceae;g__Bacteroides;s__Bacteroides_plebeius	0.0648412021871	-0.0483645955596	-0.0546991762576	0.00326579041472	-0.0436599978992	-0.0109672080678	-0.0629751405555	0.012000481059	0.0399252025123	-0.0450717917791	-0.0403167442025	0.0358061116834	0.0265550592625	0.0103976846967	-0.00902978358248	1.0	0.0241492118895	-0.0371799020904	-0.0505005069368	-0.0256007477468	0.05236199267	0.0122610812269	-0.0898145011294	-0.0313610094928	-0.0300427575937	-0.0337928945407	-0.05309160669	-0.0470423401041	-0.111802691347	0.0160965623025	-0.00972668417294	-0.0512603951202	-0.020703166101	0.0127261391808	0.0390533325227	0.0900322980618	0.046567718428	-0.0405423434155	-0.0220323164852	-0.0689416036272	0.0769895089053	-0.0817770255001	-0.0489758293524	0.022911314411	-0.0294749587691	-0.0209322225745	-0.0748200292612	0.0563754180079	0.0427499515409	-0.0496317668195	-0.0717295996927	-0.0830398322345	0.0362646828355	0.0549904377178	-0.055000360752	-0.00570116673596	-0.0345903664022	-0.0337914306305	0.0705535555812
k__Bacteria;p__Bacteroidetes;c__Bacteroidia;o__Bacteroidales;f__Bacteroidaceae;g__Bacteroides;s__Bacteroides_fragilis	-0.0673832012558	0.0431923368406	0.0266425637293	-0.0274471690739	0.0355914702312	-0.0342742291459	0.0314854604556	-0.0462956396969	-0.030276835057	-0.0542158196781	0.0352704543357	-0.0656292924623	0.0761069656999	-0.0291042042316	0.00326873109671	0.0241492118895	1.0	-0.0509617194155	-0.00910379652917	-0.0335657139676	-0.00985644799598	0.0318209763026	-0.00826324216691	0.0198603919838	-0.00214128112631	0.0231724739216	-0.0802488855511	0.0549780274834	-8.87960403626e-05	0.0190836369171	0.0166024525325	-0.0311372534557	-0.031978709756	0.0378628866749	0.0329693938949	-0.0553541248362	-0.0227134500097	-0.109226075635	-0.0209741565512	-0.0137556697038	-0.00960426223839	-0.0672085660745	-0.0333892158472	-0.0344889344179	-0.0718137283878	0.00603386266518	0.00532999488395	0.0216504070499	-0.125769506966	0.0241627427357	-0.0028759154636	-0.0266305410626	0.0622676383397	0.00260004437551	-0.0504883673097	0.00773699076745	0.00302334651954	-0.0231704585302	-0.00833286018515
k__Bacteria;p__Proteobacteria;c__Betaproteobacteria;o__Burkholderiales;f__Sutterellaceae;g__Sutterella;s__Sutterella_wadsworthensis	0.0118100507889	0.0165396608654	-0.0181899283311	-0.0289857088388	0.00821075077303	-0.0482047808105	0.0750709877771	-0.0177418085737	-0.055431424604	-0.0231387465767	-0.0234244830467	-0.155331138397	0.00679931109134	0.0145072189954	0.0255979476853	-0.0371799020904	-0.0509617194155	1.0	-0.0379238976759	-0.0136288345408	0.0123102131138	-0.0350669814212	0.0415927300946	-0.0406379132284	0.0234257711196	-0.0273487361707	-0.00144069105521	-0.0345380741049	-0.0203590639714	0.00311682496836	0.0416705860182	0.00395379903129	0.00893749764491	-0.000126767044009	-0.0819492597654	0.00659101840304	0.0184654650445	-0.0229399687642	0.0451200149674	-0.0392704776573	-0.0376005063543	-0.00457533797013	-0.00927654606277	0.0113190065667	-0.0859463506867	-0.0519667065327	-0.0227636325265	-0.00702816336474	-0.0788752993599	0.0178827139832	0.00100536146151	0.0169991426557	-0.0160928526085	0.0295563117499	-0.00833308780021	-0.00461622151331	-0.0160390439318	0.0416375228533	0.0669246132427
k__Bacteria;p__Bacteroidetes;c__Bacteroidia;o__Bacteroidales;f__Porphyromonadaceae;g__Barnesiella;s__Barnesiella_intestinihominis	0.00674437139163	-0.104287606736	-0.0853333056493	0.00548777184677	0.00488042576274	-0.0563073808687	-0.0613983548053	0.0157491378065	-0.0163144393108	-0.0038483982773	-0.0167985942672	-0.0185317356616	0.0259772123243	0.00885845121853	-0.0359215531169	-0.0505005069368	-0.00910379652917	-0.0379238976759	1.0	-0.0185954498505	0.0115953975138	-0.00572978257313	0.000311053565079	0.0299421689813	-0.0506016625615	0.070471461739	-0.0370631913877	-0.00188160910038	0.0821707070335	-0.0350433260215	-0.02985149404	0.00655799298248	0.0158344582404	-0.0195294338886	0.0273044392427	0.00345696971383	0.0509394927495	-0.11014750476	-0.0392790457036	-0.0371656119014	-0.0582458637175	-0.032535237093	0.00880227961887	-0.162449402506	0.00647529473039	0.0410765275501	0.043386448703	0.0216494859195	-0.00611269574265	-0.00308354080242	-0.0164789770169	-0.0541123924627	-0.028547985565	0.0345738402407	-0.0309615409045	-0.032790210422	0.00653556898374	-0.00963744267561	-0.0569246275263
k__Bacteria;p__Bacteroidetes;c__Bacteroidia;o__Bacteroidales;f__Odoribacteraceae;g__Odoribacter;s__Odoribacter_splanchnicus	0.0147566636171	-0.019055445263	0.0501764807394	-0.0477315341948	-0.0164632355452	-0.0313568156544	0.00919693771821	-0.00920700023308	0.0164548657145	0.0349917075931	0.022276428788	0.0349212311385	-0.0186396106409	0.0458799465845	-0.0504604618477	-0.0256007477468	-0.0335657139676	-0.0136288345408	-0.0185954498505	1.0	0.0255368782966	0.0667605322619	0.0393986790431	-0.0232316349207	-0.0015632416941	0.0114311481793	0.0690228326736	-0.015830958985	-0.010573182311	-0.0569031245533	-0.013974928063	-0.0194615846383	0.0281831533308	-0.0174998097172	-0.0304511231037	0.0121842892383	-0.0870422724262	-0.0433503049043	-0.0445171969701	-0.067578604861	0.00950977762272	0.0136681616022	0.0131125991055	0.0157141388225	0.0249380761391	-0.020473107419	0.0153532190422	-0.00548529518874	0.0172296069329	-0.0563185929014	0.0406657922707	0.0321142453206	-0.077314587266	-0.0392607937708	-0.0237046599027	0.0466430071049	-0.0485531103501	-0.0217599391651	0.0597546488262
k__Bacteria;p__Bacteroidetes;c__Bacteroidia;o__Bacteroidales;f__Bacteroidaceae;g__Bacteroides;s__Bacteroides_salyersiae	0.0196764446188	-0.00722718820776	0.0539935898747	-0.0133126543321	-0.0113805750421	-0.0308367721746	-0.0183988762983	-0.0423913405075	-0.07595167516	-0.125205767722	0.0217067541091	-0.0238080165134	0.0532873935213	0.00498073516724	-0.0319369605164	0.05236199267	-0.00985644799598	0.0123102131138	0.0115953975138	0.0255368782966	1.0	0.0181509893989	-0.0067302171875	-0.0291480411791	0.0548966366169	-0.0114194357829	-0.0355926742428	0.0247125176046	0.0133529464616	-0.0619495327482	0.00580122279996	0.00894499082435	-0.0224152312591	0.00333183964367	-0.0491738237141	-0.0422804808116	-0.00107254797009	-0.022124761307	0.0232825596724	0.0208706535134	-0.0270950773748	0.00264780691481	0.0176582446475	0.00118569028802	0.0332934451574	-0.0497378130973	-0.0946067582632	-0.070158047932	0.00710361926689	-0.0457773977412	-0.0491984924487	0.00503707908382	-0.00794375760205	-0.0612665332749	0.0128773558012	-0.0191175409885	0.0291772515051	-0.0291378589318	-0.01054113891
k__Bacteria;p__Firmicutes;c__Clostridia;o__Clostridiales;f__Ruminococcaceae;g__Ruminiclostridium;s__[Eubacterium]_siraeum	0.0295351830927	-0.0174910765774	-0.0995958527351	0.0232206818742	-0.0879456726968	-0.0463679425876	0.0246304168837	-0.000509450347054	-0.0176414613724	-0.02523877286	0.0170829408211	-0.00458317884625	0.0602632529975	0.0374958409514	0.0707808620298	0.0122610812269	0.0318209763026	-0.0350669814212	-0.00572978257313	0.0667605322619	0.0181509893989	1.0	-0.0245503711346	-0.00677344143819	0.0104834430846	-0.0423543574116	0.0686520340789	0.00274639098335	-0.039551099099	-0.0138921716287	-0.0546516401131	-0.0494995877194	-0.00688623687387	-0.0184995105833	-0.0278856158809	-0.0302752862608	-0.00363600413985	-0.0164994500495	0.0114432294931	0.0476340035731	0.0652776445909	-0.0867394884496	0.0205453851	-0.0112449498657	0.0243720487123	-0.0466389439158	0.0235086587408	-0.0566733123632	0.0389657367378	-0.0526221353696	-0.0426363277502	-0.0445067489377	-0.0165083812344	0.0494513470317	-0.0491419341711	-0.0571623268907	0.0301951147625	0.0282367158485	-0.0310702250016
k__Bacteria;p__Proteobacteria;c__Betaproteobacteria;o__Burkholderiales;f__Sutterellaceae;g__Parasutterella;s__Parasutterella_excrementihominis	-0.0274200104097	-0.0275253022229	0.011278237161	-0.0157866143484	-0.0953424667237	-0.0623184119127	0.0110340464175	0.0389804190707	0.016425786814	-0.0052183622423	-0.0585128563162	0.0243236355036	-0.0370477100613	-0.0923034054677	-0.009697267311	-0.0898145011294	-0.00826324216691	0.0415927300946	0.000311053565079	0.0393986790431	-0.0067302171875	-0.0245503711346	1.0	-0.0515171220931	0.00639092735163	-0.0433286193198	-0.0599888033719	0.0161970892394	-0.0310172926657	0.0177655170694	-0.0155357597521	-0.0367804732311	0.0113391860811	0.0229251952535	-0.0254307201948	-0.0323857188464	0.01515238118	0.00391751354153	-0.00688653942876	0.00165985835852	-0.00139111596569	0.000884499997255	-0.0417846636094	-0.0625711425931	-0.0187837403903	-0.0568318845517	-0.0506720122995	0.0238156484616	0.0258159066583	-0.0142762110562	-0.00623223675784	-0.00228206446132	-0.00169807484438	-0.0821893760333	-0.0166963540574	0.011702992547	0.000934208612351	-0.0176701991201	0.0084298649419
k__Bacteria;p__Actinobacteria;c__Actinobacteria;o__Bifidobacteriales;f__Bifidobacteriaceae;g__Bifidobacterium;s__Bifidobacterium_adolescentis	-0.0102047364228	-0.0298497520032	-0.0325858583017	-0.00506670380814	-0.0604444325149	0.00806774370776	0.0721009641116	0.0225430214221	-0.0266275371117	-0.0628620697201	-0.0059356349078	-0.0458219244337	-0.0152847298009	-0.000966069557243	-0.136103783366	-0.0313610094928	0.0198603919838	-0.0406379132284	0.0299421689813	-0.0232316349207	-0.0291480411791	-0.00677344143819	-0.0515171220931	1.0	-0.0242720724176	-0.052701617442	-0.0829173121184	0.0724977932365	-0.0949990155069	0.0192208813359	-0.0183626028058	-0.00917545015799	-0.00506803220896	-0.00280245726166	0.0282106572277	-0.0220950069286	0.0187889034681	-0.0146742436187	-0.0196907492576	-0.0341264036146	0.0106643998266	0.0228673713311	-0.0556116093061	-0.0512010497997	-0.0450608302586	0.0045438410136	0.0730837760015	-0.0521423897682	0.0219613451188	0.0293398498591	-0.000164981280827	0.0128716949184	0.0238359408659	-0.0391451673693	0.0430173599645	-0.0115734816256	-0.0171091056749	-0.0479334321134	-0.0155479476116
k__Bacteria;p__Firmicutes;c__Clostridia;o__Clostridiales;f__Oscillospiraceae;g__Oscillibacter;s__Oscillibacter_sp._KLE_1745	0.0536150970931	-0.0287404562584	0.0347512868508	-0.0175828139754	-0.0649308966191	0.0148714073658	0.0187015605779	-0.0540501562107	0.0332456139208	-0.0321239147124	-0.0323197175225	0.0224943238923	-0.0496619751741	-0.0442391597414	-0.0308020936635	-0.0300427575937	-0.00214128112631	0.0234257711196	-0.0506016625615	-0.0015632416941	0.0548966366169	0.0104834430846	0.00639092735163	-0.0242720724176	1.0	0.00563161999661	-0.0202776963351	0.0260352548317	-0.00946164883587	-0.0456384137318	-0.0238084049733	-0.012777332554	-0.0259190130813	-0.0173783097553	-0.0393870564658	-0.00181836513485	0.00120321326335	-0.00193052049077	0.0415456122595	-0.103719096251	0.017089883499	-0.0261785622084	0.0516334325568	-0.0740930654781	0.0280878215876	-0.0390254924748	-0.0201427511828	0.0355768494577	-0.0192687208673	-0.0268404038484	-0.0356255216226	0.0583400747863	-0.0397798015581	0.0468239151314	-0.0269816912025	-0.00611595234149	-0.00162181350205	-0.0421043885973	-0.00293886439158
k__Bacteria;p__Bacteroidetes;c__Bacteroidia;o__Bacteroidales;f__Bacteroidaceae;g__Bacteroides;s__Bacteroides_coprophilus	0.0226792421026	-0.0120167904641	0.0373186957163	-0.00063825081746	0.0721081304434	-0.0249330416515	0.000903205601871	-0.0428474580024	0.0781071672358	0.0413125493594	-0.0526233182811	-0.03281207948	-0.0298040411589	-0.065984705389	-8.11708504407e-05	-0.0337928945407	0.0231724739216	-0.0273487361707	0.070471461739	0.0114311481793	-0.0114194357829	-0.0423543574116	-0.0433286193198	-0.052701617442	0.00563161999661	1.0	0.0376427862933	0.00813109006263	0.0103309999176	0.0121481582207	-0.0302853253222	-0.0274457796336	-0.0326640478659	0.0552294962439	-0.00735018257575	-0.0708725459312	-0.0791535632428	0.00500575741707	-0.00716638142147	-0.0111565473753	0.000906311771493	-0.00240328236196	0.0106358441473	-0.0647454349268	-0.0465369439335	0.00797887387693	0.00603873867189	0.0197800182002	0.0114103404679	0.00116192550687	0.0189966706796	0.0335754454893	-0.0227373672844	0.0728644883818	-0.0048607237894	-0.00933206832228	-0.0712920215801	0.0325961067851	-0.0839573947961
k__Bacteria;p__Firmicutes;c__Clostridia;o__Clostridiales;f__Lachnospiraceae;g__Roseburia;s__Roseburia_intestinalis	-0.0601958562943	-0.00958451559482	-0.00556293822067	0.00189269413799	0.0114973124899	0.0496571500897	0.00835516319714	0.0641088739164	-0.0329789194304	-0.0416435152673	0.0449615919356	-0.0277937244125	-0.0750986936408	0.0137954851486	0.0157008243712	-0.05309160669	-0.0802488855511	-0.00144069105521	-0.0370631913877	0.0690228326736	-0.0355926742428	0.0686520340789	-0.0599888033719	-0.0829173121184	-0.0202776963351	0.0376427862933	1.0	-0.00659928460072	0.0154942644286	-0.0649462293823	-0.00953217432496	-0.0254860044498	-0.0491636453242	0.0591264269377	0.00857623347619	-0.0097378854756	-0.0190265270285	-0.0645590984765	0.00369882030622	0.015577308298	-0.0750054504997	0.0464227998759	-0.000945137688364	0.0039003507231	0.0767431291409	-0.0554419603467	0.0414963374727	0.032181185429	-0.0339933788064	0.0256169268377	0.0353289348477	-0.108790859121	-0.0448527001927	0.0194371384659	-0.0332068155616	-0.0176298590889	-0.0218126436657	-0.077153002182	0.00388220666405
k__Bacteria;p__Firmicutes;c__Clostridia;o__Clostridiales;f__Lachnospiraceae;g__Roseburia;s__Roseburia_hominis	0.0205615867678	-0.0229924469815	-0.0673262378075	-0.0185171767243	0.00565779907417	-0.0669643756269	-0.0391261835008	-0.02359425708	0.0191788474857	-0.0429116054743	0.03465430361	-0.0438215351061	-0.0710958959224	0.0205326901251	-0.0384896130847	-0.0470423401041	0.0549780274834	-0.0345380741049	-0.00188160910038	-0.015830958985	0.0247125176046	0.00274639098335	0.0161970892394	0.0724977932365	0.0260352548317	0.00813109006263	-0.00659928460072	1.0	0.0142843737836	-0.0285977658408	-0.0514147987755	-0.0259959363635	-0.0591939849411	0.00266106186908	0.0433420978178	0.0106101337447	0.00816163785306	0.0730264985232	-0.0561949980489	0.0437802448277	0.0233073573977	0.00721822728062	-0.043258897722	0.0424927174095	-0.022527612439	0.0347106302797	-0.00938280530762	0.0313458642927	-0.0124152201323	-0.0210035541431	-0.0363451821348	-0.0041469745032	0.0807545948348	0.0138957987128	0.0485491937348	-0.0382347693151	-0.0767933722995	-0.0493807907736	-0.0504629023096
k__Bacteria;p__Bacteroidetes;c__Bacteroidia;o__Bacteroidales;f__Porphyromonadaceae;g__Parabacteroides;s__Parabacteroides_johnsonii	0.0118009272283	-0.0591841189813	0.0130016236744	0.0505809982501	0.0333866598663	0.011376209914	-0.0113422912967	-0.0662468854005	0.0566111426849	0.00380193951571	0.0619507396215	0.0485171830815	0.0224868766704	0.0391247272143	0.0218400950663	-0.111802691347	-8.87960403627e-05	-0.0203590639714	0.0821707070335	-0.010573182311	0.0133529464616	-0.039551099099	-0.0310172926657	-0.0949990155069	-0.00946164883587	0.0103309999176	0.0154942644286	0.0142843737836	1.0	0.0361734395403	0.0195473685043	0.0315732843411	-0.0541584391657	0.0131874733097	0.0676040439493	0.0230074372685	-0.0145781994626	-0.0698929432404	-0.000210146509379	-0.0357862386173	-0.0232844682041	-0.00927693603821	0.0068062254919	-0.0524890470494	-0.00732865246822	-0.0115180196938	-0.0375992849379	-0.0147443987804	-0.115468641175	-0.00302350848079	-0.0644058030431	-0.0746666039364	-0.0235340151814	0.10276450596	-0.0144763812326	-0.0154380716167	-0.0201137826304	0.0222741766459	0.0167230229218
k__Bacteria;p__Actinobacteria;c__Actinobacteria;o__Bifidobacteriales;f__Bifidobacteriaceae;g__Bifidobacterium;s__Bifidobacterium_longum	-0.023643851478	0.0243509618829	0.0203862134939	-0.0512291089666	0.000762422336673	-0.0486138625168	0.011654063105	0.0434384625746	0.0317338796652	0.0495537739436	0.0240027631883	0.022923677655	-0.0250175085681	0.025338970625	-0.0346328622536	0.0160965623025	0.0190836369171	0.00311682496836	-0.0350433260215	-0.0569031245533	-0.0619495327482	-0.0138921716287	0.0177655170694	0.0192208813359	-0.0456384137318	0.0121481582207	-0.0649462293823	-0.0285977658408	0.0361734395403	1.0	-0.0421344052659	0.0218428562032	-0.03313061015	0.0310393180522	-0.019458234867	-0.0859886513129	-0.0099645945425	0.0299259902693	0.00483898496656	0.0461197319493	-0.0978163044064	-0.0373886218837	-0.0667177882206	-0.0167802044018	-0.0670248915686	0.039607119414	0.00934636305331	0.0335431453965	-0.036671824075	0.0361088975142	0.0192001007372	0.0349244721587	-0.0587011947308	-0.053856022513	0.0137538134093	-0.0632253865681	0.0487987693657	0.0454738518004	-0.00389738633605
