#taxonomy	k__Bacteria;p__Bacteroidetes;c__Bacteroidia;o__Bacteroidales;f__Bacteroidaceae;g__Bacteroides;s__Bacteroides_vulgatus	k__Bacteria;p__Bacteroidetes;c__Bacteroidia;o__Bacteroidales;f__Bacteroidaceae;g__Bacteroides;s__Bacteroides_uniformis	k__Bacteria;p__Bacteroidetes;c__Bacteroidia;o__Bacteroidales;f__Rikenellaceae;g__Alistipes;s__Alistipes_putredinis	k__Bacteria;p__Bacteroidetes;c__Bacteroidia;o__Bacteroidales;f__Prevotellaceae;g__Prevotella;s__Prevotella_copri	k__Bacteria;p__Bacteroidetes;c__Bacteroidia;o__Bacteroidales;f__Bacteroidaceae;g__Bacteroides;s__Bacteroides_stercoris	k__Bacteria;p__Bacteroidetes;c__Bacteroidia;o__Bacteroidales;f__Bacteroidaceae;g__Bacteroides;s__Bacteroides_ovatus	k__Bacteria;p__Bacteroidetes;c__Bacteroidia;o__Bacteroidales;f__Rikenellaceae;g__Alistipes;s__Alistipes_shahii	k__Bacteria;p__Firmicutes;c__Clostridia;o__Clostridiales;f__Ruminococcaceae;g__Faecalibacterium;s__Faecalibacterium_prausnitzii	k__Bacteria;p__Bacteroidetes;c__Bacteroidia;o__Bacteroidales;f__Rikenellaceae;g__Alistipes;s__Alistipes_finegoldii	k__Bacteria;p__Bacteroidetes;c__Bacteroidia;o__Bacteroidales;f__Porphyromonadaceae;g__Parabacteroides;s__Parabacteroides_distasonis	k__Bacteria;p__Bacteroidetes;c__Bacteroidia;o__Bacteroidales;f__Bacteroidaceae;g__Bacteroides;s__Bacteroides_thetaiotaomicron	k__Bacteria;p__Bacteroidetes;c__Bacteroidia;o__Bacteroidales;f__Bacteroidaceae;g__Bacteroides;s__Bacteroides_coprocola	k__Bacteria;p__Bacteroidetes;c__Bacteroidia;o__Bacteroidales;f__Bacteroidaceae;g__Bacteroides;s__Bacteroides_cellulosilyticus	k__Bacteria;p__Bacteroidetes;c__Bacteroidia;o__Bacteroidales;f__Rikenellaceae;g__Alistipes;s__Alistipes_obesi	k__Bacteria;p__Firmicutes;c__Clostridia;o__Clostridiales;f__Lachnospiraceae;g__;s__[Eubacterium]_rectale	k__Bacteria;p__Bacteroidetes;c__Bacteroidia;o__Bacteroidales;f__Bacteroidaceae;g__Bacteroides;s__Bacteroides_plebeius	k__Bacteria;p__Bacteroidetes;c__Bacteroidia;o__Bacteroidales;f__Bacteroidaceae;g__Bacteroides;s__Bacteroides_fragilis	k__Bacteria;p__Proteobacteria;c__Betaproteobacteria;o__Burkholderiales;f__Sutterellaceae;g__Sutterella;s__Sutterella_wadsworthensis	k__Bacteria;p__Bacteroidetes;c__Bacteroidia;o__Bacteroidales;f__Porphyromonadaceae;g__Barnesiella;s__Barnesiella_intestinihominis	k__Bacteria;p__Bacteroidetes;c__Bacteroidia;o__Bacteroidales;f__Odoribacteraceae;g__Odoribacter;s__Odoribacter_splanchnicus	k__Bacteria;p__Bacteroidetes;c__Bacteroidia;o__Bacteroidales;f__Bacteroidaceae;g__Bacteroides;s__Bacteroides_salyersiae	k__Bacteria;p__Firmicutes;c__Clostridia;o__Clostridiales;f__Ruminococcaceae;g__Ruminiclostridium;s__[Eubacterium]_siraeum	k__Bacteria;p__Proteobacteria;c__Betaproteobacteria;o__Burkholderiales;f__Sutterellaceae;g__Parasutterella;s__Parasutterella_excrementihominis	k__Bacteria;p__Actinobacteria;c__Actinobacteria;o__Bifidobacteriales;f__Bifidobacteriaceae;g__Bifidobacterium;s__Bifidobacterium_adolescentis	k__Bacteria;p__Firmicutes;c__Clostridia;o__Clostridiales;f__Oscillospiraceae;g__Oscillibacter;s__Oscillibacter_sp._KLE_1745	k__Bacteria;p__Bacteroidetes;c__Bacteroidia;o__Bacteroidales;f__Bacteroidaceae;g__Bacteroides;s__Bacteroides_coprophilus	k__Bacteria;p__Firmicutes;c__Clostridia;o__Clostridiales;f__Lachnospiraceae;g__Roseburia;s__Roseburia_intestinalis	k__Bacteria;p__Firmicutes;c__Clostridia;o__Clostridiales;f__Lachnospiraceae;g__Roseburia;s__Roseburia_hominis	k__Bacteria;p__Bacteroidetes;c__Bacteroidia;o__Bacteroidales;f__Porphyromonadaceae;g__Parabacteroides;s__Parabacteroides_johnsonii	k__Bacteria;p__Actinobacteria;c__Actinobacteria;o__Bifidobacteriales;f__Bifidobacteriaceae;g__Bifidobacterium;s__Bifidobacterium_longum	k__Bacteria;p__Firmicutes;c__Clostridia;o__Clostridiales;f__;g__Flavonifractor;s__Flavonifractor_plautii	k__Bacteria;p__Firmicutes;c__Clostridia;o__Clostridiales;f__Clostridiaceae;g__Clostridium;s__Clostridium_phoceensis	k__Bacteria;p__Verrucomicrobia;c__Verrucomicrobiae;o__Verrucomicrobiales;f__Akkermansiaceae;g__Akkermansia;s__Akkermansia_muciniphila	k__Bacteria;p__Bacteroidetes;c__Bacteroidia;o__Bacteroidales;f__Prevotellaceae;g__Paraprevotella;s__Paraprevotella_xylaniphila	k__Bacteria;p__Firmicutes;c__Clostridia;o__Clostridiales;f__Ruminococcaceae;g__Ruminococcus;s__Ruminococcus_callidus	k__Bacteria;p__Bacteroidetes;c__Bacteroidia;o__Bacteroidales;f__Rikenellaceae;g__Alistipes;s__Alistipes_senegalensis	k__Bacteria;p__Firmicutes;c__Clostridia;o__Clostridiales;f__Lachnospiraceae;g__Blautia;s__Blautia_sp._KLE_1732	k__Bacteria;p__Bacteroidetes;c__Bacteroidia;o__Bacteroidales;f__Bacteroidaceae;g__Bacteroides;s__Bacteroides_oleiciplenus	k__Bacteria;p__Firmicutes;c__Clostridia;o__Clostridiales;f__Ruminococcaceae;g__Ruminococcus;s__Ruminococcus_bicirculans	k__Bacteria;p__Bacteroidetes;c__Bacteroidia;o__Bacteroidales;f__Bacteroidaceae;g__Bacteroides;s__Bacteroides_fluxus	k__Bacteria;p__Bacteroidetes;c__Bacteroidia;o__Bacteroidales;f__Prevotellaceae;g__Prevotella;s__Prevotella_stercorea	k__Bacteria;p__Firmicutes;c__Clostridia;o__Clostridiales;f__Lachnospiraceae;g__Dorea;s__Dorea_longicatena	k__Bacteria;p__Firmicutes;c__Clostridia;o__Clostridiales;f__Eubacteriaceae;g__Eubacterium;s__[Eubacterium]_eligens	k__Bacteria;p__Firmicutes;c__Clostridia;o__Clostridiales;f__Ruminococcaceae;g__;s__Ruminococcaceae_bacterium_D16	k__Bacteria;p__Firmicutes;c__Clostridia;o__Clostridiales;f__Lachnospiraceae;g__Coprococcus;s__Coprococcus_comes	k__Bacteria;p__Proteobacteria;c__Gammaproteobacteria;o__Enterobacterales;f__Enterobacteriaceae;g__Escherichia;s__Escherichia_coli	k__Bacteria;p__Firmicutes;c__Clostridia;o__Clostridiales;f__Ruminococcaceae;g__Anaerotruncus;s__Anaerotruncus_colihominis	k__Bacteria;p__Firmicutes;c__Clostridia;o__Clostridiales;f__Lachnospiraceae;g__Blautia;s__Blautia_obeum	k__Bacteria;p__Bacteroidetes;c__Bacteroidia;o__Bacteroidales;f__Odoribacteraceae;g__Odoribacter;s__Odoribacter_laneus	k__Bacteria;p__Firmicutes;c__Clostridia;o__Clostridiales;f__Ruminococcaceae;g__Ruminiclostridium;s__[Clostridium]_leptum	k__Bacteria;p__Bacteroidetes;c__Bacteroidia;o__Bacteroidales;f__Porphyromonadaceae;g__Parabacteroides;s__Parabacteroides_goldsteinii	k__Bacteria;p__Firmicutes;c__Clostridia;o__Clostridiales;f__Lachnospiraceae;g__Anaerostipes;s__Anaerostipes_hadrus	k__Bacteria;p__Firmicutes;c__Clostridia;o__Clostridiales;f__Ruminococcaceae;g__Ruminococcus;s__Ruminococcus_lactaris	k__Bacteria;p__Firmicutes;c__Clostridia;o__Clostridiales;f__Clostridiaceae;g__Clostridium;s__Clostridium_sp._L2-50	k__Bacteria;p__Firmicutes;c__Clostridia;o__Clostridiales;f__Clostridiaceae;g__Clostridium;s__Clostridium_sp._M62/1	k__Bacteria;p__Firmicutes;c__Clostridia;o__Clostridiales;f__;g__Intestinimonas;s__Intestinimonas_butyriciproducens	k__Bacteria;p__Actinobacteria;c__Actinobacteria;o__Bifidobacteriales;f__Bifidobacteriaceae;g__Bifidobacterium;s__Bifidobacterium_bifidum	k__Bacteria;p__Firmicutes;c__Negativicutes;o__Veillonellales;f__Veillonellaceae;g__Dialister;s__Dialister_invisus	k__Bacteria;p__Bacteroidetes;c__Bacteroidia;o__Bacteroidales;f__Bacteroidaceae;g__Bacteroides;s__Bacteroides_salanitronis
k__Bacteria;p__Bacteroidetes;c__Bacteroidia;o__Bacteroidales;f__Bacteroidaceae;g__Bacteroides;s__Bacteroides_vulgatus	1.0	0.012494105685	0.0213837069809	0.042642565712	-0.0294184848794	-0.0273860557056	0.0281030183341	0.0811523626373	0.0788271683355	-0.0225302101018	-0.0166449019937	0.028218079501	0.0105385969542	-0.0644104068543	0.0288225746985	-0.0424027667314	-0.0477217613812	-0.0488819668668	-0.039907019832	0.0748335278155	-0.0480528011695	-0.0425918456891	0.0142548852894	0.0306692105599	-0.040656094223	-0.00921881520114	-0.00602647939956	0.00589469009261	-0.0048878026736	0.00585745758003	-0.0153800687659	0.0376953250076	0.0303079598714	-0.0679625580337	-0.0358576491979	-0.0285444363236	0.0219684583362	0.00543601487543	-0.0397636056404	0.0633690796046	-0.0831684401367	-0.0124793262084	-0.0332089181769	-0.00503322125882	0.0211021296417	-0.0348960748617	-0.0101630352072	0.00899905862476	-0.0342756505703	-0.00927756307765	-0.0162347384878	0.00705183650903	0.0753438768463	0.0308534827445	-0.0786193842865	-0.061155099654	-0.0155904456408	0.0109426084672	0.0291887491851
k__Bacteria;p__Bacteroidetes;c__Bacteroidia;o__Bacteroidales;f__Bacteroidaceae;g__Bacteroides;s__Bacteroides_uniformis	0.012494105685	1.0	0.00225187083407	-0.0503559988419	-0.0131914303379	0.032561154532	-0.0262728811037	-0.0340747771346	-0.0172397598968	0.076064801814	0.0159114671508	0.0239166398324	0.0394713173591	0.00717982731638	0.0266073679387	-0.000690983110923	-0.0201602255112	-0.0816448569619	-0.0453199987012	-0.0497294416907	-0.0362698505764	0.00461337153661	-0.016017688677	0.020699624819	0.090271930933	0.0634710968805	-0.0543584035942	-0.0595154396826	-0.056283042072	0.0436913430448	-0.00259856295197	-0.0125601175361	-0.00680230667338	-0.0403668953506	-0.00151086290637	-0.0372201037011	-0.0196800081864	-0.0299079087677	-0.0260861990368	0.0604307529766	-0.0429056803111	-0.0463845264824	0.00104826290071	-0.0608459726358	-0.0401701172973	-0.0284407320599	-0.109226108561	-0.0145306912977	-0.0629209343238	-0.0366761856833	0.0430091628011	0.000959138002077	-0.00969286052113	-0.0259583384192	-0.0145084628091	0.0519204641377	-0.0213770141304	-0.00374023654583	-0.0347790873651
k__Bacteria;p__Bacteroidetes;c__Bacteroidia;o__Bacteroidales;f__Rikenellaceae;g__Alistipes;s__Alistipes_putredinis	0.0213837069809	0.00225187083407	1.0	0.059622009286	-0.0976866423844	-0.10281347482	-0.00664880207244	-0.035883430874	-0.0256102079415	0.00890283715261	-0.0354942941996	0.00646326795759	0.00254574558962	0.00120106347965	-0.0232761918814	0.0221422023296	0.00436919777312	-0.0644083419811	-0.0127119152692	0.019298405423	-0.0442942313759	-0.0469897705861	-0.0371267083765	-0.00104746262519	0.0535090902391	0.0245582972691	0.0289809499315	0.0578442415405	-0.0256087228234	0.105860915969	-0.0351550255013	-0.0112478081474	-0.0259729098158	0.036718020928	0.0485867810843	-0.00343304959774	0.0574157903267	-0.0465236908886	-0.0384088598266	0.0110773033066	-0.0344621143926	-0.0334065934957	-0.00171079023751	-0.055224508316	-0.0142187607485	-0.0243451369671	0.0487253052065	-0.0431903289249	-0.0239311369952	0.0345828383182	-0.0394702232653	-0.00839318730846	-0.00838292396008	0.0522394882115	0.0044279545415	0.0257013229095	-0.0289072354034	0.0304106367797	-0.0558734347311
k__Bacteria;p__Bacteroidetes;c__Bacteroidia;o__Bacteroidales;f__Prevotellaceae;g__Prevotella;s__Prevotella_copri	0.042642565712	-0.0503559988419	0.059622009286	1.0	0.0126096968758	-0.0379518485147	0.0618471080317	-0.0254474843553	0.0569499088143	0.0215369737807	-0.0191853675556	0.071154742923	-0.0585121979055	-0.0716312158411	-0.0857187023931	-0.0340555439851	0.0625907014912	0.0443037931697	-0.0545277411387	0.0156062720289	-0.0412961025008	-0.0403770673513	0.0192760886834	0.0143337130972	-0.0472633416724	-0.130954062568	0.0165187530532	0.0219936757473	-0.0350621048047	0.0316730345562	-0.0315611995086	0.0328695671721	-0.0190429119025	0.0298412267099	-0.011416881797	-0.0306383392798	0.00509047419215	0.0575522789918	-0.034011170804	-0.0212956296243	0.0224463747204	-0.0437775979489	0.00552282012951	-0.0138391656413	0.0295335473013	-0.0717749224381	-0.0478886410617	-0.0210911493005	-0.0402893464537	0.00962434609046	6.73085368055e-05	0.00449764579631	-0.0360410538531	0.0172721095037	-0.0193611969543	-0.10078152988	-0.00257561359933	0.00227061708521	0.0493521473057
k__Bacteria;p__Bacteroidetes;c__Bacteroidia;o__Bacteroidales;f__Bacteroidaceae;g__Bacteroides;s__Bacteroides_stercoris	-0.0294184848794	-0.0131914303379	-0.0976866423844	0.0126096968758	1.0	0.0214825532644	-0.0244590965516	0.00642430319437	0.00939926988433	-0.0383654906042	-0.00112109029416	0.00432927773585	-0.00453631014499	-0.0184186368314	0.0432974380641	0.0288653694091	0.0172320962441	-0.0396591935367	-0.0377107257311	-0.0538464531012	0.043580126613	-0.0238384184455	0.00937087390962	0.0157236519288	-0.030640591017	0.0176013232109	-0.023623737762	0.00861533740252	-0.00179083183077	0.0110830744965	-0.0382976226134	-0.0282036843709	0.0272712201731	0.0349391839586	-0.00551409489365	0.00613830694483	0.0187838810819	-0.0658278913417	0.0638099178754	0.00460663177854	-0.00221871292107	-0.0724278823344	0.0244000594512	0.0275619260624	0.0390765700559	-0.0221527065754	-0.00417078470053	0.00533271763665	0.0232756469263	0.00428133071332	-0.054694730606	-0.10059388056	0.020263595205	-0.0545901339816	-0.0416043952993	0.0458804450445	0.051350808053	0.00694818788498	0.0599197679503
k__Bacteria;p__Bacteroidetes;c__Bacteroidia;o__Bacteroidales;f__Bacteroidaceae;g__Bacteroides;s__Bacteroides_ovatus	-0.0273860557056	0.032561154532	-0.10281347482	-0.0379518485147	0.0214825532644	1.0	-0.005711851368	0.0423302915531	-0.0496872270654	-0.0588307970876	0.0192259058296	0.060422993567	-0.109432554643	0.0250491502009	0.0219302842359	0.00141282099525	0.0178680630554	-0.0081035116893	-0.00352556347948	-0.0989848802198	0.00382449551589	0.0192238941846	-0.0332776602996	0.000809564921723	-0.0351977320855	-0.0306731595382	-0.0227346487148	-0.0427017524233	-0.0174313082883	0.00254606497219	-0.0294922609079	0.0164214904186	0.0669079115966	-0.0168201277956	-0.00984485909763	-0.0372767114214	0.0836107539234	-0.00937848879398	0.0469338634097	-0.04489296695	0.0372802904712	0.0455778195655	-0.100619258085	-0.0451403341793	-0.0903426300926	-0.0161172122909	-0.0142972648425	0.0419631144632	-0.0596582239824	-0.0358286035894	0.0596202514785	-0.0437138522916	-0.116977772752	0.0231298977673	-0.00337528413467	-0.0325362088921	-0.0219362352558	-0.0173801417955	-0.0292652401855
k__Bacteria;p__Bacteroidetes;c__Bacteroidia;o__Bacteroidales;f__Rikenellaceae;g__Alistipes;s__Alistipes_shahii	0.0281030183341	-0.0262728811037	-0.00664880207244	0.0618471080317	-0.0244590965516	-0.005711851368	1.0	0.0173187471322	-0.0642121646645	0.0249785037526	0.0178551893697	0.0562589424734	0.00212598169627	0.0380312173142	-0.0378174378842	-0.0600581607683	-0.027258976279	0.00993642547147	-0.0294414318594	0.0126087127871	-0.0491908431189	-0.0661492160234	0.0267109030384	0.0174541849438	-0.08255132593	-0.13067261529	-0.0335032427231	0.0314950791432	-0.00231450331979	-0.0129704574867	-0.0158022656933	-0.0163210823457	0.038944964344	-0.121388623912	-0.0897812910954	0.018242681983	0.0719243162088	-0.0444648649213	0.045772494224	-0.0192366478752	-0.0250735677266	0.0821252956993	-0.0384661800236	-0.0962535012927	-0.0101904187435	0.0915312335606	0.000111773908551	-0.0166368032945	0.00525131805638	0.0189620754203	0.00704402114221	0.0699329886495	-0.023624936498	-0.0141565731176	-0.0869755164886	-0.0347395206792	-0.0845721898633	-0.0905430080421	0.0146914381129
k__Bacteria;p__Firmicutes;c__Clostridia;o__Clostridiales;f__Ruminococcaceae;g__Faecalibacterium;s__Faecalibacterium_prausnitzii	0.0811523626373	-0.0340747771346	-0.035883430874	-0.0254474843553	0.00642430319437	0.0423302915531	0.0173187471322	1.0	0.0910189912362	0.0225139728458	-0.0250453703213	-0.047262121671	0.0777855048036	-0.0898001723963	-0.0245198217216	-0.0109623134927	-0.0274918257027	0.0254895284096	-0.073338398516	0.0451041480463	-0.0396859224814	0.0447719274415	-0.000415065281148	-0.0148692622804	-0.0223406454479	0.0330106538108	-0.0084306397834	-0.0117394050167	-0.0133075580103	0.0382079814201	-0.0681795764273	-0.00143664731875	0.00443635951043	-0.0598665823894	-0.100531484024	0.0451721474006	-0.0326746862615	-0.0323776378914	-0.0594013021448	0.0246633656032	-0.0362064915733	-0.00480170350663	-0.00843555486198	-0.0257722707814	-0.00648111312978	-0.011992637292	-0.0539088670683	-0.0721199611589	-0.0279529214332	0.023077560972	0.0318739864029	-0.0306094756603	-0.0421074236815	-0.0239653694791	-0.0850977655955	-0.000668299426461	0.0275228503798	-0.0117395888737	0.0420353338339
k__Bacteria;p__Bacteroidetes;c__Bacteroidia;o__Bacteroidales;f__Rikenellaceae;g__Alistipes;s__Alistipes_finegoldii	0.0788271683355	-0.0172397598968	-0.0256102079415	0.0569499088143	0.00939926988433	-0.0496872270654	-0.0642121646645	0.0910189912362	1.0	-0.0342140199232	-0.0346463907082	-0.0472202149856	-0.000539495879099	0.0191849839376	-0.00201566331979	-0.0514179267845	0.036418980067	-0.109080434847	0.00957326111298	0.0138216389385	0.00529980827695	0.00459867138993	-0.00909744952194	-0.019358979483	0.013767234829	-0.0633616249601	0.0324030812132	0.0375360352116	0.0495451602152	-0.0423792744433	-0.0733003014118	-0.00454154205342	0.0252033519251	0.0431158286716	-0.0828420929033	-0.0611158846384	-0.0654866578444	0.0175459860497	-0.0602203297625	-0.0283682709132	-0.0431945500453	-0.0151194278794	-0.0332950355939	-0.0302201125298	0.0450720875849	0.0224051580804	-0.0160671653026	0.0598935420191	-0.059769982548	0.0357194820774	-0.00975156889586	-0.0672820190996	-0.00155979580472	-0.00381230648955	-0.0600949272166	-0.00246908249267	-0.0255656730363	0.051468577428	0.0422291095901
k__Bacteria;p__Bacteroidetes;c__Bacteroidia;o__Bacteroidales;f__Porphyromonadaceae;g__Parabacteroides;s__Parabacteroides_distasonis	-0.0225302101018	0.076064801814	0.00890283715261	0.0215369737807	-0.0383654906042	-0.0588307970876	0.0249785037526	0.0225139728458	-0.0342140199232	1.0	0.0498516118854	-0.0532806488251	0.0441559787853	0.0244179893556	-0.0621073272194	-0.0139643339642	0.00856035921815	0.0224528775416	0.0363863062543	0.0370968896792	-0.0071730993621	0.0536137852253	0.0259453460955	0.0092170243586	5.13863603172e-05	0.00515317163634	-0.0164485764611	-0.0332665568886	0.0274401340923	0.0810459530726	0.0267226870843	-0.0594987910578	-0.00873211247516	-0.0716601085905	-0.0088500487314	0.000896263436276	0.00542512848936	-0.0307653041034	-0.0951557681271	0.00777739763464	0.00601595718005	0.00110787622656	-0.0117324968227	0.0216388804549	-0.0517444973672	-0.0263447224734	-0.0335963978338	-0.0899487991922	-0.0926947321523	0.0034223671911	-0.0503798991413	-0.0381413731138	0.000934787844144	0.00864773226354	-0.0478720477397	0.0129242051054	-0.0247963421655	0.0131284855997	0.00426805184165
k__Bacteria;p__Bacteroidetes;c__Bacteroidia;o__Bacteroidales;f__Bacteroidaceae;g__Bacteroides;s__Bacteroides_thetaiotaomicron	-0.0166449019937	0.0159114671508	-0.0354942941996	-0.0191853675556	-0.00112109029416	0.0192259058296	0.0178551893697	-0.0250453703213	-0.0346463907082	0.0498516118854	1.0	0.0619091809237	-0.0472055246256	0.0117021440423	-0.0204489962473	-0.0212455241005	-0.0356953770154	-0.00915763929233	0.0584752423451	-0.0113535344877	0.0633179978072	0.0255094063385	-0.0431477299889	-0.0139335265805	-0.0681943292749	-0.0467422328385	-0.0279882875864	0.0113696458632	0.0097800757662	-0.0748593380466	-0.0755500471123	-0.0300109106804	0.00129609936234	-0.0157480416246	-0.0378678729506	-0.0644017580747	-0.0148223541698	-0.0197745606315	0.0229274264837	-0.0538708829082	0.040507760013	-0.00363939054315	-0.0300763442971	-0.0271538654241	0.0291611357092	0.0351149776309	-0.070746126592	-0.0171938151823	-0.00039737573314	-0.0126710751939	0.0195153793228	0.0402945805577	-0.0272603279147	0.0313554820385	0.0136673635153	-0.00215884858187	-0.00275009889297	-0.0500681117964	-0.00946982777211
k__Bacteria;p__Bacteroidetes;c__Bacteroidia;o__Bacteroidales;f__Bacteroidaceae;g__Bacteroides;s__Bacteroides_coprocola	0.028218079501	0.0239166398324	0.00646326795759	0.071154742923	0.00432927773585	0.060422993567	0.0562589424734	-0.047262121671	-0.0472202149856	-0.0532806488251	0.0619091809237	1.0	-0.0308778980365	-0.00451441789246	-0.0755868805884	-0.00449225560304	-0.0326390491287	0.0277248186226	0.0414920371663	-0.0379586537567	-0.0439501555886	-0.106280134539	-0.0173672618232	0.00113517411868	-0.0439753927136	-0.0774029350614	0.0548957731672	-0.0512383475014	-0.0295337563743	0.00406193407039	0.0182209898155	0.00750489094541	-0.0349137061703	-0.0862587656012	-0.00473670833022	-0.0821423318757	-0.00688456683186	-0.00504975773373	0.00691976594464	-0.00785276313697	0.0478866196047	0.0172001625748	0.0324603701183	0.011904819462	0.09448204181	-0.0227548214276	0.067388793987	0.0579924382474	-0.0561287893141	-0.00941530322343	-0.0346394697093	0.00374856186965	-0.0456094484906	-0.00811178276193	-0.0687824075198	-0.0372678688995	0.0149288597776	0.0162472257461	-0.0117776458603
k__Bacteria;p__Bacteroidetes;c__Bacteroidia;o__Bacteroidales;f__Bacteroidaceae;g__Bacteroides;s__Bacteroides_cellulosilyticus	0.0105385969542	0.0394713173591	0.00254574558962	-0.0585121979055	-0.00453631014499	-0.109432554643	0.00212598169627	0.0777855048036	-0.000539495879099	0.0441559787853	-0.0472055246256	-0.0308778980365	1.0	0.0354575588991	-0.0363438997172	0.0189594268531	-0.0229665572222	-0.00893292719488	-0.0800752154082	-5.87228055482e-05	0.0709147658015	0.0298048269028	0.000285998733328	0.0339323932749	-0.00636787301525	0.0867150673881	-0.00558526303043	-0.0100692061556	-0.0151145497559	-0.0370547555785	-0.0394100201966	-0.017357636635	0.0123820580635	0.00429351347031	0.00799909173681	-0.0233487502279	-0.0437092720019	-0.0238403204066	-0.0702735708627	0.000276611266294	-0.0537164111385	-0.0141901600446	-0.0573181993768	-0.0273859377086	0.0080528873609	0.0223076095384	-0.0500243828388	0.00789432881238	-0.0328791353006	-0.0836791374187	-0.0410419990803	-0.0140312074371	0.0161806158096	0.0114141519249	-0.0340381659704	0.0317239766344	0.0513192566043	0.0457471090829	-0.0295360117817
k__Bacteria;p__Bacteroidetes;c__Bacteroidia;o__Bacteroidales;f__Rikenellaceae;g__Alistipes;s__Alistipes_obesi	-0.0644104068543	0.00717982731638	0.00120106347965	-0.0716312158411	-0.0184186368314	0.0250491502009	0.0380312173142	-0.0898001723963	0.0191849839376	0.0244179893556	0.0117021440423	-0.00451441789246	0.0354575588991	1.0	-0.00507926675919	-0.0159551820337	-0.0308871719571	0.0530478956777	-0.0379196552835	-0.0165131519041	0.00234231521088	0.00216166005105	-0.0151856400212	0.0128181108807	-0.0254881776252	0.00183373004451	-0.0332671338712	-0.0324047999369	-0.0409796906162	-0.00297878305386	-0.0535744262991	-0.00652664675801	-0.0151620275895	-0.0442011095337	-0.0112642851092	-0.0109110114098	-0.0354665515083	0.0952441073868	-0.00131822854576	-0.0683889867192	-0.0429687001956	-0.000455881787308	0.0376930173961	0.0690558791918	0.0392654682261	-0.00841634444187	-0.0729318585419	0.0243659903487	0.0171776299929	0.0405365821524	0.0361645238926	0.0382055640966	-0.0497528433714	-0.0742915628248	0.048586680198	-0.0179030889374	0.0561395809911	-0.046299792883	-0.0401430113487
k__Bacteria;p__Firmicutes;c__Clostridia;o__Clostridiales;f__Lachnospiraceae;g__;s__[Eubacterium]_rectale	0.0288225746985	0.0266073679387	-0.0232761918814	-0.0857187023931	0.0432974380641	0.0219302842359	-0.0378174378842	-0.0245198217216	-0.00201566331979	-0.0621073272194	-0.0204489962473	-0.0755868805884	-0.0363438997172	-0.00507926675919	1.0	-0.0185163554159	-0.0480355923577	-0.00527666153578	0.0200777274854	-0.0339262943574	-0.00216885214839	-0.045213676943	0.00780172809742	-0.0381654897922	0.00719821906845	0.0523167075378	-0.0167848980654	-0.0235077312199	-0.0475802672271	-0.0322562045908	0.0238108523281	-0.00607806906474	-0.015065214848	0.0314844926665	-0.0372121595043	-0.0264590997459	0.0770488804287	-0.0229507553817	0.0289538413567	-0.0348816758955	-0.0020209366797	0.0155346158177	-0.000960528136391	-0.0440476313846	0.0800428579068	-0.0326200085471	-0.00862071889304	0.015379193712	0.0130438805065	-0.00941095015243	-0.0143889703492	-0.0217706710376	-0.0340095127033	-0.00253163416528	-0.0185127861011	0.00209910665816	-0.00306762788468	0.0348758751892	-0.047629739601
k__Bacteria;p__Bacteroidetes;c__Bacteroidia;o__Bacteroidales;f__Bacteroidaceae;g__Bacteroides;s__Bacteroides_plebeius	-0.0424027667314	-0.000690983110923	0.0221422023296	-0.0340555439851	0.0288653694091	0.00141282099525	-0.0600581607683	-0.0109623134927	-0.0514179267845	-0.0139643339642	-0.0212455241005	-0.00449225560304	0.0189594268531	-0.0159551820337	-0.0185163554159	1.0	-0.00874924942792	-0.0170244645058	0.0143942251287	-0.0235692335582	0.00834739111219	0.0402417187293	-0.0593207086795	0.0675316488253	-0.020693081495	-0.00564779952518	-0.0230153099825	-0.0577944208896	-0.0500076257423	-0.0704421669713	-0.0598042068447	-0.0599880326332	-0.00693982694652	0.0401447378106	0.0101254642855	0.0834284596612	-0.0711697073299	-0.0344947589684	0.0153826137393	0.0232454747279	0.00564509979358	-0.0354321816519	-0.00858041780102	-0.112368113725	0.0434836581713	0.0177156888611	-0.0380386953375	0.00637116307572	-0.0287945046473	0.0141592483496	-0.0415035973781	0.00773324210561	0.0660707305216	-0.0356297287277	-0.0228086875695	0.000159900823303	-0.0252677910061	-0.0600886523276	-0.0428752010542
k__Bacteria;p__Bacteroidetes;c__Bacteroidia;o__Bacteroidales;f__Bacteroidaceae;g__Bacteroides;s__Bacteroides_fragilis	-0.0477217613812	-0.0201602255112	0.00436919777312	0.0625907014912	0.0172320962441	0.0178680630554	-0.027258976279	-0.0274918257027	0.036418980067	0.00856035921815	-0.0356953770154	-0.0326390491287	-0.0229665572222	-0.0308871719571	-0.0480355923577	-0.00874924942792	1.0	-0.0625268770334	-0.0593374834628	0.0538941575703	-0.0126192635685	-0.0298584422371	-0.0409082915879	-0.0460888699122	0.016088906953	0.0501031244062	-0.0375616037543	0.0185424995419	0.0685940459442	0.0181194183708	0.0371141369832	-0.00048468456794	-0.0067015409037	-0.0487332896967	-0.0389802334329	-0.017900958848	-0.0194190768823	0.00914007717609	-0.0480998963495	-0.051214750191	0.0644756425959	-0.0163119621038	-0.0343889033827	0.00208104540059	-0.0617273332887	0.00424305251635	0.0241159994724	-0.0269263998381	-0.000394659871432	-0.0465836559373	-0.0788431838814	-0.0255414808116	0.0328069505052	0.0572977243034	0.00767401667135	-0.0494398765159	0.0188439634342	-0.0590063978173	-0.00276401692171
k__Bacteria;p__Proteobacteria;c__Betaproteobacteria;o__Burkholderiales;f__Sutterellaceae;g__Sutterella;s__Sutterella_wadsworthensis	-0.0488819668668	-0.0816448569619	-0.0644083419811	0.0443037931697	-0.0396591935367	-0.0081035116893	0.00993642547147	0.0254895284096	-0.109080434847	0.0224528775416	-0.00915763929233	0.0277248186226	-0.00893292719488	0.0530478956777	-0.00527666153578	-0.0170244645058	-0.0625268770334	1.0	-0.026888725628	-0.0137997024725	-0.0149390504736	0.0238645542651	-0.00794816787985	0.0936557860115	-0.0475392251563	-0.00767877036445	-0.0128341066743	-0.037335818375	-0.0410883176309	-0.0940058705822	-0.0372127645479	-0.0766297373485	0.0383264995226	0.0119652261546	-0.00154179694915	-0.0344144859485	0.0348548072865	0.00139525508218	-0.0196788942153	-0.0165324973978	-0.0187724262022	-0.000937684888738	-0.0185418792319	0.00361156141927	-0.0446812443167	-0.111012867588	0.0051843133111	0.0153400297821	-0.0386506824816	-0.00564325043081	-0.00833023721934	0.0535889296258	0.0324658064671	0.0220284043083	-0.032415195634	-0.0364512094778	-0.00818552276338	-0.00924976699228	-0.0677615553923
k__Bacteria;p__Bacteroidetes;c__Bacteroidia;o__Bacteroidales;f__Porphyromonadaceae;g__Barnesiella;s__Barnesiella_intestinihominis	-0.039907019832	-0.0453199987012	-0.0127119152692	-0.0545277411387	-0.0377107257311	-0.00352556347948	-0.0294414318594	-0.073338398516	0.00957326111298	0.0363863062543	0.0584752423451	0.0414920371663	-0.0800752154082	-0.0379196552835	0.0200777274854	0.0143942251287	-0.0593374834628	-0.026888725628	1.0	0.000742540615478	-0.00624163104619	-0.0230803902746	0.0258296856712	0.0121651026745	0.0128694737836	-0.0323686724965	-0.0622791400411	-0.102472631985	-0.0210711625181	0.00417948826573	0.0542217271516	0.0225659838403	-0.0172585050962	0.081317363172	-0.0312744380866	-0.0120070675016	0.00371663957686	0.027903022871	-0.0864232118858	-0.0196834935545	-0.0773962982044	0.0238181954742	-0.0326789909392	-0.0172488478816	0.0229371215535	0.021289194972	0.000838564543343	0.0263276305836	-0.0067239598881	-0.0145945737449	-0.0138700470375	-0.0357201923248	-0.0150700957182	-0.021024469166	0.0418657356895	0.00547755569164	-0.0196634324851	-0.024408321199	-0.0266833862164
k__Bacteria;p__Bacteroidetes;c__Bacteroidia;o__Bacteroidales;f__Odoribacteraceae;g__Odoribacter;s__Odoribacter_splanchnicus	0.0748335278155	-0.0497294416907	0.019298405423	0.0156062720289	-0.0538464531012	-0.0989848802198	0.0126087127871	0.0451041480463	0.0138216389385	0.0370968896792	-0.0113535344877	-0.0379586537567	-5.87228055482e-05	-0.0165131519041	-0.0339262943574	-0.0235692335582	0.0538941575703	-0.0137997024725	0.000742540615478	1.0	-0.0190804728298	0.0255728607676	-0.0105702610029	-0.079506592307	-0.0149656584182	-0.0243942168421	0.00858361096387	-0.0251497912558	0.0357668262326	-0.0118347380142	-0.0317180178222	0.018229711305	-0.0129877677872	-0.0992134879845	-0.053973832793	-0.0308633086396	0.00975000472738	-0.0250891231764	-0.027995362669	-0.00058952599669	-0.0323078312868	0.00337766407541	-0.0479455533783	-0.0586436604449	-0.0147168148723	-0.00428305014523	0.0266480261739	-0.00670057810459	0.0123615208705	-0.0157200407372	-0.020284782912	-0.111369510943	-0.00619028124982	0.0445076371217	0.0993393568666	-0.0768043476571	0.0503376552936	-0.0180787185468	-0.0240628520349
k__Bacteria;p__Bacteroidetes;c__Bacteroidia;o__Bacteroidales;f__Bacteroidaceae;g__Bacteroides;s__Bacteroides_salyersiae	-0.0480528011695	-0.0362698505764	-0.0442942313759	-0.0412961025008	0.043580126613	0.00382449551589	-0.0491908431189	-0.0396859224814	0.00529980827695	-0.0071730993621	0.0633179978072	-0.0439501555886	0.0709147658015	0.00234231521088	-0.00216885214839	0.00834739111219	-0.0126192635685	-0.0149390504736	-0.00624163104619	-0.0190804728298	1.0	-0.0923029795842	-0.0206155267114	-0.061780676657	-0.0510527802751	-0.0822127627984	-0.0116981328769	0.0408780263685	0.0268679068306	-0.124017584965	-0.0834720906249	-0.0343081493244	0.000590568032841	-0.00804502524689	-0.000671245497837	0.0501815272631	-0.120219086944	0.0302862767075	-0.0398627905969	-0.00520454362557	0.0427659534559	-0.0311083617889	-0.0703110612202	-0.0436036895271	-0.0423815995397	-0.00766494489766	-0.0176577046791	0.103745951837	-0.0243283564385	-0.063712786676	-0.0195520767509	-0.0432678676198	0.0471058004846	0.0890229795626	0.0352612381886	0.0856949665154	0.0373062978706	-0.0195202630854	-0.0549734028922
k__Bacteria;p__Firmicutes;c__Clostridia;o__Clostridiales;f__Ruminococcaceae;g__Ruminiclostridium;s__[Eubacterium]_siraeum	-0.0425918456891	0.00461337153661	-0.0469897705861	-0.0403770673513	-0.0238384184455	0.0192238941846	-0.0661492160234	0.0447719274415	0.00459867138993	0.0536137852253	0.0255094063385	-0.106280134539	0.0298048269028	0.00216166005105	-0.045213676943	0.0402417187293	-0.0298584422371	0.0238645542651	-0.0230803902746	0.0255728607676	-0.0923029795842	1.0	-0.0659882814556	0.0095843546926	0.0555700710541	-0.0615382227249	-0.0161452664486	-0.0512102816229	0.0294099589453	0.014138056626	-0.0281070320113	0.0164028731612	-0.0496514152577	0.0420661998176	0.021951914383	0.00867532140807	-0.00748060194422	0.011929730784	-0.0458246473129	-0.0209591445487	0.0269973239939	-0.054762480949	-0.0306578599148	-0.0139569400319	-0.0198386591814	-0.0368015542155	-0.0453095529304	-0.0527182005566	-0.0540123525601	-0.0188543247436	0.0668662824146	-0.0242476227014	-0.000278910002082	-0.0348790510899	0.0421675371445	-0.054475665675	0.0256642838516	0.0111073139455	-0.0548691888077
k__Bacteria;p__Proteobacteria;c__Betaproteobacteria;o__Burkholderiales;f__Sutterellaceae;g__Parasutterella;s__Parasutterella_excrementihominis	0.0142548852894	-0.016017688677	-0.0371267083765	0.0192760886834	0.00937087390962	-0.0332776602996	0.0267109030384	-0.000415065281148	-0.00909744952194	0.0259453460955	-0.0431477299889	-0.0173672618232	0.000285998733328	-0.0151856400212	0.00780172809742	-0.0593207086795	-0.0409082915879	-0.00794816787985	0.0258296856712	-0.0105702610029	-0.0206155267114	-0.0659882814556	1.0	0.0934401062587	-0.00680603765697	0.0756632872956	-0.0671660539624	-0.0321385156266	-0.0231259943498	0.0246081455929	0.0585745288199	0.0472175266815	0.0341563502672	0.0399993584508	-0.0275112496642	-0.0166865735261	0.04786330299	-0.0267388315174	-0.0122444401702	-0.0340404930352	0.0755558484323	-0.0330722791809	0.0114660374541	-0.0237430556342	-0.025705831208	-0.0294032921071	-0.0410164447665	-0.0787433541431	0.0666836650923	-0.0305890489822	0.0168905184998	0.00788644281908	-0.0585418471624	-0.0847195736321	-0.025340380067	-0.0539201735757	-0.0611516635602	-0.0157655615878	-0.036300548704
k__Bacteria;p__Actinobacteria;c__Actinobacteria;o__Bifidobacteriales;f__Bifidobacteriaceae;g__Bifidobacterium;s__Bifidobacterium_adolescentis	0.0306692105599	0.020699624819	-0.00104746262519	0.0143337130972	0.0157236519288	0.000809564921723	0.0174541849438	-0.0148692622804	-0.019358979483	0.0092170243586	-0.0139335265805	0.00113517411868	0.0339323932749	0.0128181108807	-0.0381654897922	0.0675316488253	-0.0460888699122	0.0936557860115	0.0121651026745	-0.079506592307	-0.061780676657	0.0095843546926	0.0934401062587	1.0	-0.0372064718671	-0.0146134008698	0.0628352963882	-0.0506049730074	0.0076430543509	-0.0157380298017	0.00381490406514	-0.0416785757409	0.00854954218893	-0.00563967661106	-0.044433946342	0.0237440985726	-0.0199272056819	0.025390297602	-0.00493525862917	-0.0536881294684	0.00731342175913	-0.00309685724878	-0.104808949806	-0.0645291389754	-0.00344530517377	0.0048309176535	0.0205119081678	-0.0192285549276	0.0792780903857	-0.0341600785857	0.00796877102315	0.0101072329105	-0.114646627245	-0.0219274525906	-0.0339012327037	-0.0547327673934	-0.0374805150852	-0.0326905422496	-0.0204106777834
k__Bacteria;p__Firmicutes;c__Clostridia;o__Clostridiales;f__Oscillospiraceae;g__Oscillibacter;s__Oscillibacter_sp._KLE_1745	-0.040656094223	0.090271930933	0.0535090902391	-0.0472633416724	-0.030640591017	-0.0351977320855	-0.08255132593	-0.0223406454479	0.013767234829	5.13863603172e-05	-0.0681943292749	-0.0439753927136	-0.00636787301525	-0.0254881776252	0.00719821906845	-0.020693081495	0.016088906953	-0.0475392251563	0.0128694737836	-0.0149656584182	-0.0510527802751	0.0555700710541	-0.00680603765697	-0.0372064718671	1.0	-0.00614893037206	0.0178246999675	-0.0172042532782	-0.0114026432213	0.067929673415	-0.0618694743481	-0.0572232058893	-0.0636254586434	-0.0140056154728	-0.00845805844549	-0.018995795321	-0.0198197237998	0.0172327913602	0.00854147511386	-0.0212231910575	0.0390441209047	-0.000371587832158	-0.011812663496	-0.0543818265222	-0.0176659287486	0.0123575083622	0.0445548083895	-0.0556764979928	0.0972183229145	-0.0117318008804	-0.00457122049708	0.000385775435064	-0.0325158138043	-0.0460377370509	-0.0109252912112	-0.0866349272061	0.00517980205605	-0.00164891272361	-0.0326612625284
k__Bacteria;p__Bacteroidetes;c__Bacteroidia;o__Bacteroidales;f__Bacteroidaceae;g__Bacteroides;s__Bacteroides_coprophilus	-0.00921881520114	0.0634710968805	0.0245582972691	-0.130954062568	0.0176013232109	-0.0306731595382	-0.13067261529	0.0330106538108	-0.0633616249601	0.00515317163634	-0.0467422328385	-0.0774029350614	0.0867150673881	0.00183373004451	0.0523167075378	-0.00564779952518	0.0501031244062	-0.00767877036445	-0.0323686724965	-0.0243942168421	-0.0822127627984	-0.0615382227249	0.0756632872956	-0.0146134008698	-0.00614893037206	1.0	-0.0706370180855	0.00981983429862	0.0345674201763	0.0772995487449	0.0190266899729	0.0494705897588	-0.0450296446888	-0.0241305657177	-0.00654855879684	-0.0397058849663	-0.00919538743958	-0.0337499890366	-0.0263689217805	0.00514928811772	0.00704490970105	0.0269853685288	0.00588165676951	0.0165418562192	0.0146325080595	0.0246423024966	0.0221411608034	-0.0625551970835	0.0371345230874	-0.145115387169	0.0122927823573	0.000748302559817	-0.0756111835634	-0.0193339569453	0.00803347592158	-0.00913654829304	-0.028519664479	0.0530344674604	-0.0280710879926
k__Bacteria;p__Firmicutes;c__Clostridia;o__Clostridiales;f__Lachnospiraceae;g__Roseburia;s__Roseburia_intestinalis	-0.00602647939956	-0.0543584035942	0.0289809499315	0.0165187530532	-0.023623737762	-0.0227346487148	-0.0335032427231	-0.0084306397834	0.0324030812132	-0.0164485764611	-0.0279882875864	0.0548957731672	-0.00558526303043	-0.0332671338712	-0.0167848980654	-0.0230153099825	-0.0375616037543	-0.0128341066743	-0.0622791400411	0.00858361096387	-0.0116981328769	-0.0161452664486	-0.0671660539624	0.0628352963882	0.0178246999675	-0.0706370180855	1.0	0.0212080898707	0.000404545757756	-0.00101116482428	-0.10919616942	-0.00709030565261	-0.0094973821868	-0.0398592371778	0.0460184377873	0.0163534123196	0.0181344751771	-0.0167072944839	-0.0130503501502	-0.0182831128853	0.00719611400586	-0.0175609047675	-0.0130046280971	-0.00594157815211	-0.0500923750494	-0.0908509090147	0.0356092114536	0.010827321378	-0.00751047256689	0.0600672703589	-0.0205760109391	-1.54330159236e-06	0.0827263992115	0.045759264608	-0.0335389313988	0.0399051058026	0.0402706186505	-0.0174362929898	0.0592639775123
k__Bacteria;p__Firmicutes;c__Clostridia;o__Clostridiales;f__Lachnospiraceae;g__Roseburia;s__Roseburia_hominis	0.00589469009261	-0.0595154396826	0.0578442415405	0.0219936757473	0.00861533740252	-0.0427017524233	0.0314950791432	-0.0117394050167	0.0375360352116	-0.0332665568886	0.0113696458632	-0.0512383475014	-0.0100692061556	-0.0324047999369	-0.0235077312199	-0.0577944208896	0.0185424995419	-0.037335818375	-0.102472631985	-0.0251497912558	0.0408780263685	-0.0512102816229	-0.0321385156266	-0.0506049730074	-0.0172042532782	0.00981983429862	0.0212080898707	1.0	-0.00589596768499	-0.0658901812323	0.0320793884031	-0.0279055684645	0.0133135353496	0.0140259042959	0.0615407047376	-0.00814718553363	-0.00517384888069	0.0596902193506	-0.0215702902215	-0.0583560491498	-0.0698815944613	-0.00464899832736	-0.00535821392943	0.0628637424155	0.0107227125692	-0.0480760263905	-0.0292292862487	-0.055603375108	-0.0562225590836	0.0297543110955	-0.00599757730531	0.00238930378468	-0.0354176271272	-0.0314331127078	-0.0252657973119	-0.00675837002641	-0.0596012953561	0.052045658763	-0.0347620987438
k__Bacteria;p__Bacteroidetes;c__Bacteroidia;o__Bacteroidales;f__Porphyromonadaceae;g__Parabacteroides;s__Parabacteroides_johnsonii	-0.0048878026736	-0.056283042072	-0.0256087228234	-0.0350621048047	-0.00179083183077	-0.0174313082883	-0.00231450331979	-0.0133075580103	0.0495451602152	0.0274401340923	0.0097800757662	-0.0295337563743	-0.0151145497559	-0.0409796906162	-0.0475802672271	-0.0500076257423	0.0685940459442	-0.0410883176309	-0.0210711625181	0.0357668262326	0.0268679068306	0.0294099589453	-0.0231259943498	0.0076430543509	-0.0114026432213	0.0345674201763	0.000404545757756	-0.00589596768499	1.0	-0.0205477277236	-0.0299088669727	0.00485534820646	-0.0415618301248	-0.103407802739	-0.0762813040443	0.0767781789363	0.0186246188414	-0.0295506965306	-0.0325047441516	-0.0280400396211	0.0352446337811	-0.0219135512374	-0.0186972152709	-0.0169509487157	-0.0732590767032	0.00340683772352	0.00212609281644	0.0149118262043	-0.0436430381726	0.0403640125486	0.0191806662619	-0.0776037169541	-0.00418744977022	-0.0348717794805	0.0207219550044	-0.027517519751	-0.0369244106031	0.0293019101206	-0.0105795243812
k__Bacteria;p__Actinobacteria;c__Actinobacteria;o__Bifidobacteriales;f__Bifidobacteriaceae;g__Bifidobacterium;s__Bifidobacterium_longum	0.00585745758003	0.0436913430448	0.105860915969	0.0316730345562	0.0110830744965	0.00254606497219	-0.0129704574867	0.0382079814201	-0.0423792744433	0.0810459530726	-0.0748593380466	0.00406193407039	-0.0370547555785	-0.00297878305386	-0.0322562045908	-0.0704421669713	0.0181194183708	-0.0940058705822	0.00417948826573	-0.0118347380142	-0.124017584965	0.014138056626	0.0246081455929	-0.0157380298017	0.067929673415	0.0772995487449	-0.00101116482428	-0.0658901812323	-0.0205477277236	1.0	-0.0222184430143	0.0202931027438	-0.0221440464263	-0.0567905038555	-0.0318827897514	0.0261860562515	-0.0217236130565	-0.0678025061152	0.0125281008528	-0.099897978857	-0.00665489223746	0.0341393496189	0.00034940759751	0.031953890417	-0.0616540245746	-0.0490932110429	-0.0443815365857	-0.0626652596048	0.000334869520293	-0.0124652086578	-0.079047039461	-0.0266258756447	-0.0937782247819	-0.0242107357392	0.0108492910262	-0.0136423572837	0.00450711484196	0.0236540821723	0.122918031819
