#taxonomy	k__Bacteria;p__Bacteroidetes;c__Bacteroidia;o__Bacteroidales;f__Bacteroidaceae;g__Bacteroides;s__Bacteroides_vulgatus	k__Bacteria;p__Bacteroidetes;c__Bacteroidia;o__Bacteroidales;f__Bacteroidaceae;g__Bacteroides;s__Bacteroides_uniformis	k__Bacteria;p__Bacteroidetes;c__Bacteroidia;o__Bacteroidales;f__Rikenellaceae;g__Alistipes;s__Alistipes_putredinis	k__Bacteria;p__Bacteroidetes;c__Bacteroidia;o__Bacteroidales;f__Prevotellaceae;g__Prevotella;s__Prevotella_copri	k__Bacteria;p__Bacteroidetes;c__Bacteroidia;o__Bacteroidales;f__Bacteroidaceae;g__Bacteroides;s__Bacteroides_stercoris	k__Bacteria;p__Bacteroidetes;c__Bacteroidia;o__Bacteroidales;f__Bacteroidaceae;g__Bacteroides;s__Bacteroides_ovatus	k__Bacteria;p__Bacteroidetes;c__Bacteroidia;o__Bacteroidales;f__Rikenellaceae;g__Alistipes;s__Alistipes_shahii	k__Bacteria;p__Firmicutes;c__Clostridia;o__Clostridiales;f__Ruminococcaceae;g__Faecalibacterium;s__Faecalibacterium_prausnitzii	k__Bacteria;p__Bacteroidetes;c__Bacteroidia;o__Bacteroidales;f__Rikenellaceae;g__Alistipes;s__Alistipes_finegoldii	k__Bacteria;p__Bacteroidetes;c__Bacteroidia;o__Bacteroidales;f__Porphyromonadaceae;g__Parabacteroides;s__Parabacteroides_distasonis	k__Bacteria;p__Bacteroidetes;c__Bacteroidia;o__Bacteroidales;f__Bacteroidaceae;g__Bacteroides;s__Bacteroides_thetaiotaomicron	k__Bacteria;p__Bacteroidetes;c__Bacteroidia;o__Bacteroidales;f__Bacteroidaceae;g__Bacteroides;s__Bacteroides_coprocola	k__Bacteria;p__Bacteroidetes;c__Bacteroidia;o__Bacteroidales;f__Bacteroidaceae;g__Bacteroides;s__Bacteroides_cellulosilyticus	k__Bacteria;p__Bacteroidetes;c__Bacteroidia;o__Bacteroidales;f__Rikenellaceae;g__Alistipes;s__Alistipes_obesi	k__Bacteria;p__Firmicutes;c__Clostridia;o__Clostridiales;f__Lachnospiraceae;g__;s__[Eubacterium]_rectale	k__Bacteria;p__Bacteroidetes;c__Bacteroidia;o__Bacteroidales;f__Bacteroidaceae;g__Bacteroides;s__Bacteroides_plebeius	k__Bacteria;p__Bacteroidetes;c__Bacteroidia;o__Bacteroidales;f__Bacteroidaceae;g__Bacteroides;s__Bacteroides_fragilis	k__Bacteria;p__Proteobacteria;c__Betaproteobacteria;o__Burkholderiales;f__Sutterellaceae;g__Sutterella;s__Sutterella_wadsworthensis	k__Bacteria;p__Bacteroidetes;c__Bacteroidia;o__Bacteroidales;f__Porphyromonadaceae;g__Barnesiella;s__Barnesiella_intestinihominis	k__Bacteria;p__Bacteroidetes;c__Bacteroidia;o__Bacteroidales;f__Odoribacteraceae;g__Odoribacter;s__Odoribacter_splanchnicus	k__Bacteria;p__Bacteroidetes;c__Bacteroidia;o__Bacteroidales;f__Bacteroidaceae;g__Bacteroides;s__Bacteroides_salyersiae	k__Bacteria;p__Firmicutes;c__Clostridia;o__Clostridiales;f__Ruminococcaceae;g__Ruminiclostridium;s__[Eubacterium]_siraeum	k__Bacteria;p__Proteobacteria;c__Betaproteobacteria;o__Burkholderiales;f__Sutterellaceae;g__Parasutterella;s__Parasutterella_excrementihominis	k__Bacteria;p__Actinobacteria;c__Actinobacteria;o__Bifidobacteriales;f__Bifidobacteriaceae;g__Bifidobacterium;s__Bifidobacterium_adolescentis	k__Bacteria;p__Firmicutes;c__Clostridia;o__Clostridiales;f__Oscillospiraceae;g__Oscillibacter;s__Oscillibacter_sp._KLE_1745	k__Bacteria;p__Bacteroidetes;c__Bacteroidia;o__Bacteroidales;f__Bacteroidaceae;g__Bacteroides;s__Bacteroides_coprophilus	k__Bacteria;p__Firmicutes;c__Clostridia;o__Clostridiales;f__Lachnospiraceae;g__Roseburia;s__Roseburia_intestinalis	k__Bacteria;p__Firmicutes;c__Clostridia;o__Clostridiales;f__Lachnospiraceae;g__Roseburia;s__Roseburia_hominis	k__Bacteria;p__Bacteroidetes;c__Bacteroidia;o__Bacteroidales;f__Porphyromonadaceae;g__Parabacteroides;s__Parabacteroides_johnsonii	k__Bacteria;p__Actinobacteria;c__Actinobacteria;o__Bifidobacteriales;f__Bifidobacteriaceae;g__Bifidobacterium;s__Bifidobacterium_longum	k__Bacteria;p__Firmicutes;c__Clostridia;o__Clostridiales;f__;g__Flavonifractor;s__Flavonifractor_plautii	k__Bacteria;p__Firmicutes;c__Clostridia;o__Clostridiales;f__Clostridiaceae;g__Clostridium;s__Clostridium_phoceensis	k__Bacteria;p__Verrucomicrobia;c__Verrucomicrobiae;o__Verrucomicrobiales;f__Akkermansiaceae;g__Akkermansia;s__Akkermansia_muciniphila	k__Bacteria;p__Bacteroidetes;c__Bacteroidia;o__Bacteroidales;f__Prevotellaceae;g__Paraprevotella;s__Paraprevotella_xylaniphila	k__Bacteria;p__Firmicutes;c__Clostridia;o__Clostridiales;f__Ruminococcaceae;g__Ruminococcus;s__Ruminococcus_callidus	k__Bacteria;p__Bacteroidetes;c__Bacteroidia;o__Bacteroidales;f__Rikenellaceae;g__Alistipes;s__Alistipes_senegalensis	k__Bacteria;p__Firmicutes;c__Clostridia;o__Clostridiales;f__Lachnospiraceae;g__Blautia;s__Blautia_sp._KLE_1732	k__Bacteria;p__Bacteroidetes;c__Bacteroidia;o__Bacteroidales;f__Bacteroidaceae;g__Bacteroides;s__Bacteroides_oleiciplenus	k__Bacteria;p__Firmicutes;c__Clostridia;o__Clostridiales;f__Ruminococcaceae;g__Ruminococcus;s__Ruminococcus_bicirculans	k__Bacteria;p__Bacteroidetes;c__Bacteroidia;o__Bacteroidales;f__Bacteroidaceae;g__Bacteroides;s__Bacteroides_fluxus	k__Bacteria;p__Bacteroidetes;c__Bacteroidia;o__Bacteroidales;f__Prevotellaceae;g__Prevotella;s__Prevotella_stercorea	k__Bacteria;p__Firmicutes;c__Clostridia;o__Clostridiales;f__Lachnospiraceae;g__Dorea;s__Dorea_longicatena	k__Bacteria;p__Firmicutes;c__Clostridia;o__Clostridiales;f__Eubacteriaceae;g__Eubacterium;s__[Eubacterium]_eligens	k__Bacteria;p__Firmicutes;c__Clostridia;o__Clostridiales;f__Ruminococcaceae;g__;s__Ruminococcaceae_bacterium_D16	k__Bacteria;p__Firmicutes;c__Clostridia;o__Clostridiales;f__Lachnospiraceae;g__Coprococcus;s__Coprococcus_comes	k__Bacteria;p__Proteobacteria;c__Gammaproteobacteria;o__Enterobacterales;f__Enterobacteriaceae;g__Escherichia;s__Escherichia_coli	k__Bacteria;p__Firmicutes;c__Clostridia;o__Clostridiales;f__Ruminococcaceae;g__Anaerotruncus;s__Anaerotruncus_colihominis	k__Bacteria;p__Firmicutes;c__Clostridia;o__Clostridiales;f__Lachnospiraceae;g__Blautia;s__Blautia_obeum	k__Bacteria;p__Bacteroidetes;c__Bacteroidia;o__Bacteroidales;f__Odoribacteraceae;g__Odoribacter;s__Odoribacter_laneus	k__Bacteria;p__Firmicutes;c__Clostridia;o__Clostridiales;f__Ruminococcaceae;g__Ruminiclostridium;s__[Clostridium]_leptum	k__Bacteria;p__Bacteroidetes;c__Bacteroidia;o__Bacteroidales;f__Porphyromonadaceae;g__Parabacteroides;s__Parabacteroides_goldsteinii	k__Bacteria;p__Firmicutes;c__Clostridia;o__Clostridiales;f__Lachnospiraceae;g__Anaerostipes;s__Anaerostipes_hadrus	k__Bacteria;p__Firmicutes;c__Clostridia;o__Clostridiales;f__Ruminococcaceae;g__Ruminococcus;s__Ruminococcus_lactaris	k__Bacteria;p__Firmicutes;c__Clostridia;o__Clostridiales;f__Clostridiaceae;g__Clostridium;s__Clostridium_sp._L2-50	k__Bacteria;p__Firmicutes;c__Clostridia;o__Clostridiales;f__Clostridiaceae;g__Clostridium;s__Clostridium_sp._M62/1	k__Bacteria;p__Firmicutes;c__Clostridia;o__Clostridiales;f__;g__Intestinimonas;s__Intestinimonas_butyriciproducens	k__Bacteria;p__Actinobacteria;c__Actinobacteria;o__Bifidobacteriales;f__Bifidobacteriaceae;g__Bifidobacterium;s__Bifidobacterium_bifidum	k__Bacteria;p__Firmicutes;c__Negativicutes;o__Veillonellales;f__Veillonellaceae;g__Dialister;s__Dialister_invisus	k__Bacteria;p__Bacteroidetes;c__Bacteroidia;o__Bacteroidales;f__Bacteroidaceae;g__Bacteroides;s__Bacteroides_salanitronis
k__Bacteria;p__Bacteroidetes;c__Bacteroidia;o__Bacteroidales;f__Bacteroidaceae;g__Bacteroides;s__Bacteroides_vulgatus	1.0	0.00998541090087	0.0207897168605	-0.00809799804845	-0.0295455674679	0.0326162466022	0.0143633943783	0.0138458790362	-0.0271486083373	-0.036426763071	0.00196613820044	0.0159218151598	-0.000380645743615	-0.0282288829003	0.0424424352141	-0.0426632581945	-0.0363500407235	0.0294935778576	0.046323721918	0.0573597457	-0.0356950541436	-0.0141588534403	0.023658277451	0.032186417021	-0.00908679447157	0.0616354034488	-0.000164738005546	-0.0374505966825	-0.028265112896	-0.0526846177899	0.0134781207731	-0.0264550116075	-0.022551412602	-0.055585047738	-0.0182671886518	0.0627219646435	0.00489916686847	-0.00199978363886	-0.0123373350433	0.0565002228052	0.0453422575931	-0.0203015556573	-0.0546444567229	-0.0390672381924	-0.0168492493996	-0.106768218666	-0.0682787469474	0.064840708125	0.000692409091718	0.111165723673	0.046871915537	0.0353235403624	-0.0773927733896	-0.048792968041	-0.0430255619808	-0.0383280831154	-0.0462062422217	-0.0273308108698	-0.0819010696334
k__Bacteria;p__Bacteroidetes;c__Bacteroidia;o__Bacteroidales;f__Bacteroidaceae;g__Bacteroides;s__Bacteroides_uniformis	0.00998541090087	1.0	-0.0169023514315	-0.0341236914141	-0.00249523194062	0.015870180438	0.0415038356804	-0.069482607097	-0.010946091587	-0.0279126744858	-0.0372791888308	0.0537135580523	-0.000208360710135	-0.0351941801592	0.0022903645172	-0.0590324065397	-0.069200801066	-0.0234331318425	0.0114514061286	-0.0325818297463	-0.0114111023319	-0.0294868373854	0.0890538897251	0.0280505569037	0.0127959933046	0.02657662763	-0.0232955096854	0.0293292682542	-0.00399203866325	-0.045519927321	0.0172575888165	-0.00226485486982	0.00970819494665	0.0428174090043	-0.058466305167	-0.0334022472744	-0.0487308613924	-0.00567854012397	0.0295831026072	0.00894738196516	-0.0522163940867	-0.0232371315249	0.0515970384556	-0.00594241654847	0.0248389615267	0.0138815712831	-0.0471135959782	-0.0374006221875	-0.0382072949318	0.0291219279946	-0.0441786228761	-0.0217162226176	-0.00291978453986	0.020442057661	0.000217740680874	-0.0316570509588	-0.0772628816578	0.0548985006461	0.0492315722997
k__Bacteria;p__Bacteroidetes;c__Bacteroidia;o__Bacteroidales;f__Rikenellaceae;g__Alistipes;s__Alistipes_putredinis	0.0207897168605	-0.0169023514315	1.0	-0.00258381466167	0.0483095481569	-0.0425862925838	-0.0864564693613	-0.0098076987359	0.0145134067635	0.0208755858307	-0.041063011787	0.000318202766582	-0.0307143860361	0.0152558713328	-0.0283227355255	-0.013450718373	0.0185717038261	0.0117730856319	-0.0257376503567	0.0276078073888	-0.00875629277685	0.0155861593447	-0.0278508759734	-0.0315100308543	-0.0543566896135	0.0230322746693	-0.0129603951386	-0.00469803899224	0.0153692889034	-0.0643961744641	0.0232182471967	-0.0472921008848	-0.0473858191194	0.0245085209384	0.0221611214563	-0.0377010849039	-0.0774331276728	-0.01834673167	0.00117494468406	0.041920790581	0.0128457502141	-0.0237768912345	0.0352209833107	0.00471661709193	0.000144382181217	-0.0538731752973	-0.0670965510916	0.050844765939	0.0828236900253	0.034228374973	0.0110140814231	-0.0403983616621	0.0296928699689	0.000985763982875	0.0258532020033	0.00640204008846	-0.0455195685058	-0.0573169735595	-0.0423582566924
k__Bacteria;p__Bacteroidetes;c__Bacteroidia;o__Bacteroidales;f__Prevotellaceae;g__Prevotella;s__Prevotella_copri	-0.00809799804845	-0.0341236914141	-0.00258381466167	1.0	-0.0471886913462	0.0389092486343	-0.0342544728449	0.0123605455715	-0.0519910808309	-0.0227936748893	0.0170684805688	-0.0513089368988	0.0758852766974	0.0374481581218	0.0264429333316	-0.0167935692578	-0.0405533666752	-0.0438843384576	-0.0447377948397	0.0558839820301	-0.0668735875889	-0.0123888061523	-0.0519418847423	-0.0599311597988	0.0175533189488	-0.0290277119424	-0.000764385627932	0.00844961561794	-0.0258441949215	-0.00109974775375	-0.14545404646	0.0284844706302	-0.0266892221318	0.0218233134315	0.0123927606666	0.0579936454492	0.0217505603147	-0.0463650943629	0.0566010338999	0.00314584666648	-0.00523693375304	-0.0528123643082	0.00460500007322	0.018322644977	-0.00498228391082	0.0628143831045	-0.0907398470893	-0.0784336850487	-0.0407986870987	0.00591125649587	-0.0256630268939	-0.0517103466567	-0.0443876950443	-0.021935924457	0.00635395887948	-0.0470485907733	0.0164265421211	0.0235919026107	0.0140782177452
k__Bacteria;p__Bacteroidetes;c__Bacteroidia;o__Bacteroidales;f__Bacteroidaceae;g__Bacteroides;s__Bacteroides_stercoris	-0.0295455674679	-0.00249523194062	0.0483095481569	-0.0471886913462	1.0	-0.0704487955136	-0.0190907384335	-0.00713684036287	-0.00851137958253	-0.049066343523	-0.0299137548546	0.00175039865499	-0.0269954784256	-0.0193696112116	0.0106658762416	-0.00714468631137	-0.0240512725817	-0.0487681408913	0.0467564976503	-0.0699801938234	0.0242972689483	0.0382229173194	-0.031247790579	-0.0372326072297	0.0112988473554	0.0281818995222	0.00477936744158	0.0303429034796	-0.0309239621586	0.0313123098205	0.00459370814443	-0.0647359356196	-0.0129422559624	0.0375573475613	-0.0203995017279	-0.0240964608891	0.0168965469016	-0.0473532816612	-0.0851821875066	-0.0142520628541	-0.0247136932803	0.0185196981465	0.0240890995423	-0.0655534555671	0.00963579709998	-0.0388682177317	-0.0249306201356	-0.00433914412125	0.0204980229921	-0.0416438602969	-0.03525007964	0.0136782712104	-0.0308880807228	0.0502949359623	-0.0059319037252	-0.0386755333931	0.00516673626527	0.0496123173852	0.0166880595574
k__Bacteria;p__Bacteroidetes;c__Bacteroidia;o__Bacteroidales;f__Bacteroidaceae;g__Bacteroides;s__Bacteroides_ovatus	0.0326162466022	0.015870180438	-0.0425862925838	0.0389092486343	-0.0704487955136	1.0	-0.0073436645565	-0.145897922023	-0.0165769246807	0.0314476430772	-0.0338108425311	0.054218306119	-0.041702563049	0.0363375691071	0.0232200779304	-0.0293163692311	0.01897692548	0.0511887508615	0.0276863638574	-0.0332602821791	-0.0420507717997	-0.0989716118129	0.0434924382355	-0.0110843490381	-0.0267214224802	-0.0213008520303	0.0621516769548	-0.0681616582072	0.0213562962695	0.0143735536338	-0.0123724619934	0.00322160662051	0.0263674323033	0.0518291765786	-0.0798831218016	0.0223041294313	-0.0372652085283	0.0316648360885	0.0188730294217	-0.0614779398204	-0.00395848508633	-0.0903564525745	-0.00695700288636	0.000172538600987	0.0304588576782	-0.0335698089366	0.00273455236011	0.0212226614806	-0.00215945215913	0.0477947527771	-0.0848959645902	-0.0776064706012	0.0267588797879	0.0123573085229	0.00540647192896	0.0351669244229	-0.00749613705196	-0.0539094763736	-0.0808061007269
k__Bacteria;p__Bacteroidetes;c__Bacteroidia;o__Bacteroidales;f__Rikenellaceae;g__Alistipes;s__Alistipes_shahii	0.0143633943783	0.0415038356804	-0.0864564693613	-0.0342544728449	-0.0190907384335	-0.0073436645565	1.0	0.0652507641516	0.00665724263938	0.0662791897262	-0.0434389170256	-0.0169507116886	0.00258117487305	-0.0349850418343	-0.0683534769264	-0.0379121226375	0.0202454511888	-0.0341067529758	0.0688320158969	-0.0736449805877	0.00690369365514	0.0231555279272	0.0209734430771	-0.0550219945197	-0.0185991474254	-0.0342121568864	0.0182666913664	-0.0457911401214	-0.0484080155727	-0.0208716541717	0.0608493899758	0.0277838880455	-0.0374975421643	0.0811050623219	-0.012396773105	-0.0145190768882	-0.0231734694018	-0.0189417155144	-0.0179918472541	0.074387121509	-0.0102454295007	-0.0673318954153	-0.0123084589873	-0.0189091236011	-0.0240495994822	-0.00195809392148	0.0166604774093	0.0200036142278	-0.032926300904	-0.0753516470484	-0.00209996662738	0.0611945127432	0.0621806400642	-0.0011792268446	-0.0138161249802	-0.0622421464814	-0.015600033977	0.0442179949121	-0.000200696633922
k__Bacteria;p__Firmicutes;c__Clostridia;o__Clostridiales;f__Ruminococcaceae;g__Faecalibacterium;s__Faecalibacterium_prausnitzii	0.0138458790362	-0.069482607097	-0.0098076987359	0.0123605455715	-0.00713684036287	-0.145897922023	0.0652507641516	1.0	0.040400245966	-0.0312219247405	0.0820325558055	-0.023819989222	-0.00334501061236	-0.023165873521	0.0587163304115	-0.00277301065173	0.0150198630925	-0.0536724100664	0.0519285825891	0.0150866431709	-0.0307070694924	0.0530687891745	-0.0395960931831	0.0936268077263	-0.0376877148184	-0.0248243866493	-0.0327460567946	0.0780806960288	0.00504747154873	-0.012784525667	-0.067540406001	0.000868429397177	-0.0403708174994	0.0422891787496	-0.00621721001703	-0.0388774556719	-0.000697450255109	-0.00889266079231	-0.00144606700249	-0.0383863906718	-0.0321237151372	-0.0485875431239	0.0257944039833	-0.0288126072836	-0.00972674736486	-0.00645721214399	-0.0759667003969	0.048293353682	0.00059681694604	-0.0378795410619	0.0798224246111	-0.0297910198496	0.0456940435962	-0.0114266287005	0.0386012298388	-0.00261114265054	-0.0768091881204	-0.0397381702434	0.00256995555198
k__Bacteria;p__Bacteroidetes;c__Bacteroidia;o__Bacteroidales;f__Rikenellaceae;g__Alistipes;s__Alistipes_finegoldii	-0.0271486083373	-0.010946091587	0.0145134067635	-0.0519910808309	-0.00851137958253	-0.0165769246807	0.00665724263938	0.040400245966	1.0	0.0557152096794	0.0250199092154	-0.0100695246287	-0.0622002093143	-0.0483109181405	-0.0435986016573	0.0258720196973	0.0129222487684	-0.073984975964	-0.0581742243843	0.00282912699995	0.0176706535702	-0.0106488098612	-0.0765733600152	-0.00687657082932	-0.0405557684996	-0.0432135964733	0.0252910922791	0.00698407360845	-0.0222930615345	0.0670795907183	0.0348286695884	0.00164459595284	0.0428143666977	0.032411761207	-0.106393568213	-0.0507678079251	-0.019786112836	0.0398106468507	-0.0350855919725	-0.00440513764732	0.00659018012349	-0.0406540357736	-0.0224492247752	-0.0881225999977	-0.0169522758125	0.0655847206034	0.0144212237972	-0.0272923322752	0.016652869623	-0.071986947998	0.0315931058833	0.10122434713	-0.0136128585521	0.00215004216621	0.00711562512049	-0.0168392718316	0.000578006692598	-0.0345015040688	0.0449920140067
k__Bacteria;p__Bacteroidetes;c__Bacteroidia;o__Bacteroidales;f__Porphyromonadaceae;g__Parabacteroides;s__Parabacteroides_distasonis	-0.036426763071	-0.0279126744858	0.0208755858307	-0.0227936748893	-0.049066343523	0.0314476430772	0.0662791897262	-0.0312219247405	0.0557152096794	1.0	-0.0495425050655	-0.0375683269354	-0.017033534926	-0.058505766051	-0.0188442890378	0.0123771309606	0.0797653713498	-0.0225315123794	-0.0331386945105	-0.00929690489979	0.0860929603388	0.0485756081538	0.0149840027553	-0.0808666792916	-0.0687639172646	0.00126626603879	-0.00458711127452	0.0376856892716	-0.0517248288271	0.0877187440591	0.0534805935533	0.121950252781	-0.0164861189481	0.0148115018818	-0.00066202889952	-0.0383781052861	0.0505199814052	-0.11745057723	-0.0290445097356	0.0344534895303	0.00609542689353	0.0561424725501	-0.0178055809428	0.00971360223248	-0.0279989582991	0.00375774923916	-0.0260606856794	-0.0370088046186	0.0572133871658	-0.0117243209606	-0.00564087042289	-0.0376688630419	-0.0604851226335	-0.0627620995947	0.0504824578596	0.00880051096583	0.0143157792835	-0.053062603496	-0.0411283641775
k__Bacteria;p__Bacteroidetes;c__Bacteroidia;o__Bacteroidales;f__Bacteroidaceae;g__Bacteroides;s__Bacteroides_thetaiotaomicron	0.00196613820044	-0.0372791888308	-0.041063011787	0.0170684805688	-0.0299137548546	-0.0338108425311	-0.0434389170256	0.0820325558055	0.0250199092154	-0.0495425050655	1.0	-0.000713582467962	-0.0294395965985	-0.00708155166824	0.0191008160086	0.00164523208004	-0.0487500299058	0.00230772761115	-0.0163150266792	-0.0363164857237	-0.0597935423861	0.0186316827705	0.0131802938796	0.00931026997157	-0.052375850309	-0.00865741897075	0.0171536293009	-0.0322390002369	0.0322167772309	-0.000441131120077	-0.0431876821623	-0.0818476100892	0.0773849525271	-0.0228587569823	0.0368836904014	-0.0238733020914	-0.0486628141526	-0.0132503991338	-0.0304692746467	0.0153485828232	0.0137648764401	0.0216386411356	0.0166582589553	-0.0373132121747	0.00161508160181	0.018057201408	0.00952879482184	-0.036426020346	-0.0827696571609	0.00996820997756	-0.0303386338748	0.0850620674825	0.0287786780407	0.0576219609107	-0.044450490026	-0.0585192754906	-0.0737529367514	-0.00249373300933	-0.0244952385877
k__Bacteria;p__Bacteroidetes;c__Bacteroidia;o__Bacteroidales;f__Bacteroidaceae;g__Bacteroides;s__Bacteroides_coprocola	0.0159218151598	0.0537135580523	0.000318202766582	-0.0513089368988	0.00175039865499	0.054218306119	-0.0169507116886	-0.023819989222	-0.0100695246287	-0.0375683269354	-0.000713582467962	1.0	0.00247312752838	-0.0172864497017	-0.00208175901743	-0.0112200229423	-0.0475160138258	0.0531067017327	0.0290655557649	0.0262483230648	-0.0039392852938	-0.00322086530623	0.011800502971	-0.153668321346	-0.0322622790039	-0.0722516374246	-0.0332044395788	0.0230170328362	-0.00303507262253	-0.0243674542939	0.0226045255112	-0.036731783731	0.0114770585038	-0.0188646720726	0.0368333139865	0.0118271671785	-0.0207275399855	-0.0264257651955	0.0162571197392	0.0400659991747	0.0199905921062	0.00757869802584	-0.00361042511445	-0.0788963483129	0.0102886907366	-0.0674290419099	0.0465939237993	-0.128178259539	0.0395417931557	-0.00618420339974	-0.0574203902933	0.0144110151332	0.0542767435894	0.00653033021998	0.0650441461583	-0.0297145987713	-0.00552695999136	0.0510216759372	0.0342525540591
k__Bacteria;p__Bacteroidetes;c__Bacteroidia;o__Bacteroidales;f__Bacteroidaceae;g__Bacteroides;s__Bacteroides_cellulosilyticus	-0.000380645743615	-0.000208360710135	-0.0307143860361	0.0758852766974	-0.0269954784256	-0.041702563049	0.00258117487305	-0.00334501061236	-0.0622002093143	-0.017033534926	-0.0294395965985	0.00247312752838	1.0	0.0381282139483	-0.062916605594	-0.0298618446322	-0.0182392908672	0.00847060358168	0.0207469967132	0.000388082143109	-0.0503935742602	0.0355209108374	0.0125610203835	0.0209145510343	0.0785085875771	-0.0466127830275	0.0376421137354	-0.0965424743916	-0.052092987857	-0.02479582399	-0.0337801887643	-0.0306475404572	-0.0611631771981	-0.0267332269065	-0.0493717674203	-0.0194260687191	-0.0435093531268	-0.048160197568	0.00840343212192	-0.028201287736	0.0888559706358	-0.0540558440023	0.0660813472252	0.000458478976244	0.00857666091382	-0.083962718923	-0.0183142804715	-0.0207211885118	-0.0253948114093	-0.0962076213763	0.0243646784579	0.0420322377498	-0.0209065064549	-0.0173875686052	-0.0851712878717	-0.0194777938378	-0.0415181849603	0.0486547729816	-0.0472387933198
k__Bacteria;p__Bacteroidetes;c__Bacteroidia;o__Bacteroidales;f__Rikenellaceae;g__Alistipes;s__Alistipes_obesi	-0.0282288829003	-0.0351941801592	0.0152558713328	0.0374481581218	-0.0193696112116	0.0363375691071	-0.0349850418343	-0.023165873521	-0.0483109181405	-0.058505766051	-0.00708155166824	-0.0172864497017	0.0381282139483	1.0	0.000559915622374	-0.0826946299482	0.0262538236164	-0.0753850542963	0.0158950656417	-0.0772184209436	-0.00839385954319	0.00997929745279	0.0476782435226	-0.0448046304579	0.00703352398319	0.0433105969155	-0.0333335848572	-0.0415212763715	0.000830562518248	0.0112894372173	-0.00415726704285	-0.0323497184545	-0.0230772029965	0.042648166018	0.0183634005107	0.000876689834782	-0.0317405579475	-0.0159524138538	-0.00682930175501	0.022566771059	-0.030311290395	0.00520247990883	0.0438972351008	-0.0466034122274	-0.0576466379802	-0.00745724247016	0.0341367427597	-0.0134863086094	0.025250682507	0.0073968420264	-0.00064744682375	0.00973097232066	-0.0551820966797	-0.0128820621827	-0.0263423978538	-0.000692824520629	0.0249290231986	0.0146357141045	0.00845844146159
k__Bacteria;p__Firmicutes;c__Clostridia;o__Clostridiales;f__Lachnospiraceae;g__;s__[Eubacterium]_rectale	0.0424424352141	0.0022903645172	-0.0283227355255	0.0264429333316	0.0106658762416	0.0232200779304	-0.0683534769264	0.0587163304115	-0.0435986016573	-0.0188442890378	0.0191008160086	-0.00208175901743	-0.062916605594	0.000559915622374	1.0	-0.0540725595612	0.0185073228615	-0.027180933806	0.0441749091773	-0.00411093804722	-0.0996700655981	-0.0872330059201	0.0134450521072	-0.0131198079774	0.0120790068375	-0.0381350815209	0.0088711031232	0.0270654364185	0.0822968570293	-0.00540296788949	-0.0513295483526	0.00451404068815	-0.0428406993901	-0.0239281108049	0.0154825496689	0.0199568088329	-0.0673472308188	-0.0344255711549	-0.042956320921	-0.0105179881934	-0.0459001197215	0.0152221527507	0.00561316278386	0.00811478512628	-0.035291015857	-0.00330712985329	0.00678104303028	0.072154029248	-0.0836892958334	-0.0455420081652	0.0510073681161	0.00700029637851	0.0246369289546	0.0166826553328	0.0224888271126	-1.41240994977e-05	-0.0211094964898	-0.0233724671339	-0.0715314814235
k__Bacteria;p__Bacteroidetes;c__Bacteroidia;o__Bacteroidales;f__Bacteroidaceae;g__Bacteroides;s__Bacteroides_plebeius	-0.0426632581945	-0.0590324065397	-0.013450718373	-0.0167935692578	-0.00714468631137	-0.0293163692311	-0.0379121226375	-0.00277301065173	0.0258720196973	0.0123771309606	0.00164523208003	-0.0112200229423	-0.0298618446322	-0.0826946299482	-0.0540725595612	1.0	0.0192519653667	0.082360267055	-0.0208788230683	0.00277395912252	0.0841525413792	-0.0776065332605	0.037070261439	0.0365726720755	0.0044424167721	-0.0957373913065	-0.0428793193821	0.01289176779	-0.0388847013261	0.035299645316	-0.0347149400606	0.00785536712434	-0.0510512291827	-0.0447299101361	-0.0022139547928	0.0139232868689	-0.00679038314087	0.0341280480224	-0.029267779424	-0.0355570649403	0.0180499552471	0.00122132704008	-0.0475559687873	-0.0123840518314	0.0227197902979	0.0115168425931	-0.0322071274767	-0.0188682633339	-0.021476168805	0.00533718018788	-0.0341084086231	-0.0569019442207	-0.0105120229595	-0.0167299579227	-0.0143990427601	0.0169583733314	-0.00511070679402	-0.0199937206474	-0.0180897921314
k__Bacteria;p__Bacteroidetes;c__Bacteroidia;o__Bacteroidales;f__Bacteroidaceae;g__Bacteroides;s__Bacteroides_fragilis	-0.0363500407235	-0.069200801066	0.0185717038261	-0.0405533666752	-0.0240512725817	0.01897692548	0.0202454511888	0.0150198630925	0.0129222487684	0.0797653713498	-0.0487500299058	-0.0475160138258	-0.0182392908672	0.0262538236164	0.0185073228615	0.0192519653667	1.0	-0.0541366661699	-0.0111419080924	0.0142739037529	-0.0222031694884	-0.0817651702732	-0.0678841004428	-0.0570947242148	-0.0459734555649	-0.0128708200791	-0.0356869142381	0.00455831561904	-0.0115022470965	0.0068117930444	-0.0726606293609	-0.0465103425915	0.00908080452501	-0.0872464899567	0.0337496386603	-0.024545804971	0.0472810456856	0.0675877935927	-0.00466296325597	-0.0394514180585	-0.00902145215603	0.014092333552	0.0837057708167	0.00620384788659	-0.0379197174421	-0.00627752774597	-0.0266695868046	-0.0912231485656	0.0666638981469	0.0182897162218	0.0202711085465	-0.0799404802935	-0.0156494230487	-0.00833997428115	-0.00160598066391	0.0306755153577	0.0142850891451	-0.0673693590212	0.0163134307624
k__Bacteria;p__Proteobacteria;c__Betaproteobacteria;o__Burkholderiales;f__Sutterellaceae;g__Sutterella;s__Sutterella_wadsworthensis	0.0294935778576	-0.0234331318425	0.0117730856319	-0.0438843384576	-0.0487681408913	0.0511887508615	-0.0341067529758	-0.0536724100664	-0.073984975964	-0.0225315123794	0.00230772761115	0.0531067017327	0.00847060358168	-0.0753850542963	-0.027180933806	0.082360267055	-0.0541366661699	1.0	-0.0456950042126	-0.0253464609099	0.0321564852104	-0.0147077565631	0.0452576764694	0.019633859143	0.0337466771094	-0.0731045351845	0.000478057241872	0.0716643143879	0.0410839242366	0.00195284213184	0.00923512657429	0.0163519970773	0.0908399352317	-0.0106052418117	0.0227691471402	-0.04887477192	0.00330374835219	-0.034251351399	0.000649355195746	-0.0305676328853	-0.0244968402955	0.00888204436838	0.00520881574898	-0.0236264606622	0.0447616337551	-0.0704729570471	-0.0292998005021	-0.0565086934797	-0.0549591170608	-0.0297135667866	-0.0524956541906	-0.00342509304152	0.0108927480143	-0.0296387140321	0.0578576291325	-0.0337411036611	-0.0352583419417	0.0937775250223	0.0455947738561
k__Bacteria;p__Bacteroidetes;c__Bacteroidia;o__Bacteroidales;f__Porphyromonadaceae;g__Barnesiella;s__Barnesiella_intestinihominis	0.046323721918	0.0114514061286	-0.0257376503567	-0.0447377948397	0.0467564976503	0.0276863638574	0.0688320158969	0.0519285825891	-0.0581742243843	-0.0331386945105	-0.0163150266792	0.0290655557649	0.0207469967132	0.0158950656417	0.0441749091773	-0.0208788230683	-0.0111419080924	-0.0456950042126	1.0	-0.0315134290225	-0.072967024972	-0.0397465891858	0.0010725885255	0.0106113507824	0.0209042296147	-0.0035639700095	-0.00424811293292	-0.00084331327568	-0.0779705814909	-0.0644250299009	0.00157009040453	-0.0167284386864	-0.0172745860368	0.00798963027553	-0.0480107843934	0.01950835969	-0.0157592675054	0.027127450536	-0.021382466655	-0.00832377387468	0.0617831128404	-0.0286639572128	-0.00931202908765	-0.0829170203851	-0.00599413686568	0.0440607526954	0.0199835402528	0.00438459845043	0.00119272247761	0.0208316833593	-0.0348602706034	0.00782242447086	-0.0493629931479	-0.00940660113888	-0.0856708154777	0.00266864341906	-0.0372780768715	-0.10433174663	0.00236093841803
k__Bacteria;p__Bacteroidetes;c__Bacteroidia;o__Bacteroidales;f__Odoribacteraceae;g__Odoribacter;s__Odoribacter_splanchnicus	0.0573597457	-0.0325818297463	0.0276078073888	0.0558839820301	-0.0699801938234	-0.0332602821791	-0.0736449805877	0.0150866431709	0.00282912699995	-0.00929690489979	-0.0363164857237	0.0262483230648	0.000388082143109	-0.0772184209436	-0.00411093804722	0.00277395912252	0.0142739037529	-0.0253464609099	-0.0315134290225	1.0	0.0221239645813	-0.000394434185808	0.0117018468428	-0.00931751661398	-0.0483313936637	-0.0280438520631	-0.0376116852301	0.0179373824767	-0.0018357725672	0.0172293661982	-0.0628120835321	0.0286794305905	0.0641595184452	-0.061238013823	0.0599555577268	0.0109143646619	0.0205605209525	0.0179189242068	-0.0316312067783	0.00949624893369	-0.0341678725039	0.0308444742551	-0.0159673279199	0.00543153141022	0.0223920295207	-0.0327415205463	0.0206903430499	0.0147585106061	-0.0836332162346	-0.0632565157624	0.0106006650868	-0.061817269596	-0.0735507382303	0.0163175073593	0.0311378079662	-0.00804578521552	0.0194264096785	-0.0367551963398	0.0377752440426
k__Bacteria;p__Bacteroidetes;c__Bacteroidia;o__Bacteroidales;f__Bacteroidaceae;g__Bacteroides;s__Bacteroides_salyersiae	-0.0356950541436	-0.0114111023319	-0.00875629277685	-0.0668735875889	0.0242972689483	-0.0420507717997	0.00690369365514	-0.0307070694924	0.0176706535702	0.0860929603388	-0.0597935423861	-0.0039392852938	-0.0503935742602	-0.00839385954319	-0.0996700655981	0.0841525413792	-0.0222031694884	0.0321564852104	-0.072967024972	0.0221239645813	1.0	-0.0383215047105	-0.0617300280838	-0.0213596188566	0.0431027128066	-0.0308553374818	-0.030464973196	-0.0494998794251	-0.0365066195895	0.0778498190393	0.00871078461074	0.00736320371902	-0.099846933265	-0.00726895328903	0.00878351347883	-0.00665100629449	-0.0514659267031	-0.0522206447786	-0.00332904569441	-0.00723660810017	-0.0371860070561	-0.0346256428886	0.0451060106522	-0.00868961080362	0.0576969687889	-0.0194659060751	0.0320363348886	-0.0358582973644	-0.00295600418198	-0.0185221485411	0.0629460157647	-0.00655197603691	-0.0391081673215	-0.0197342613965	0.0354351186944	0.0169656316128	0.00842727994771	0.02924054172	0.017404572015
k__Bacteria;p__Firmicutes;c__Clostridia;o__Clostridiales;f__Ruminococcaceae;g__Ruminiclostridium;s__[Eubacterium]_siraeum	-0.0141588534403	-0.0294868373854	0.0155861593447	-0.0123888061523	0.0382229173194	-0.0989716118129	0.0231555279272	0.0530687891745	-0.0106488098612	0.0485756081538	0.0186316827705	-0.00322086530623	0.0355209108374	0.00997929745279	-0.0872330059201	-0.0776065332605	-0.0817651702732	-0.0147077565631	-0.0397465891858	-0.000394434185808	-0.0383215047105	1.0	-0.0261381413269	-0.0107706484073	-0.0336567627656	-0.0359849745662	0.0314373963463	0.000868400034312	-0.0821555651638	-0.0488926786476	0.0512826967711	-0.0329737855217	0.00560482519516	-0.0186879959795	-0.0235636690643	0.0155315124273	0.0242487123212	-0.0523943701511	-0.00308095712172	-0.0707484871451	0.0150650449159	0.0393407568696	-0.0401642693682	0.00503119158249	0.00746442196051	-0.0688974424249	0.00169100597803	-0.108097386368	-0.0275806637343	0.0179057244079	-0.100292099012	0.0485152498886	0.0331696438545	-0.0644268186992	0.00297794539151	0.018678186274	-0.0481391086341	0.0138823018669	0.0205450842077
k__Bacteria;p__Proteobacteria;c__Betaproteobacteria;o__Burkholderiales;f__Sutterellaceae;g__Parasutterella;s__Parasutterella_excrementihominis	0.023658277451	0.0890538897251	-0.0278508759734	-0.0519418847423	-0.031247790579	0.0434924382355	0.0209734430771	-0.0395960931831	-0.0765733600152	0.0149840027553	0.0131802938796	0.011800502971	0.0125610203835	0.0476782435226	0.0134450521072	0.037070261439	-0.0678841004428	0.0452576764694	0.0010725885255	0.0117018468428	-0.0617300280838	-0.0261381413269	1.0	-0.0130133972738	-0.0320271456754	-0.0239806076367	0.0198630197426	-0.0270386478583	-0.0741845949854	0.0620201529088	-0.0178726348821	-0.012850401586	0.0776491408441	-0.031901191254	-0.0194697660082	-0.0307694146399	0.00926577600647	-0.0038279036439	0.0126783064912	-0.0416857648466	-0.0978483788244	-0.00868461247667	-0.0671076351571	0.105362016243	-0.0314573207565	-0.0713471651246	0.00108699629445	-0.0754321399149	-0.00537477117175	-0.00654301413976	-0.0737667945663	-0.0784503484306	-0.0370505435779	0.0428947472421	-0.0369788152517	-0.0202237882816	-0.0284045514008	0.0054385055569	-0.0196398070187
k__Bacteria;p__Actinobacteria;c__Actinobacteria;o__Bifidobacteriales;f__Bifidobacteriaceae;g__Bifidobacterium;s__Bifidobacterium_adolescentis	0.032186417021	0.0280505569037	-0.0315100308543	-0.0599311597988	-0.0372326072297	-0.0110843490381	-0.0550219945197	0.0936268077263	-0.00687657082932	-0.0808666792916	0.00931026997157	-0.153668321346	0.0209145510343	-0.0448046304579	-0.0131198079774	0.0365726720755	-0.0570947242148	0.019633859143	0.0106113507824	-0.00931751661398	-0.0213596188566	-0.0107706484073	-0.0130133972738	1.0	-0.0215609766592	-0.00803788316951	0.0254177872907	-0.126679737316	-0.0120856133917	-0.0213028608816	-0.0722252345358	0.00522203556259	-0.0418572160637	-0.0441982362839	-0.0351373653545	0.00802022652689	0.0186303853664	0.0633686515063	-0.0100372113549	-0.0397320151759	-0.0577311788047	-0.00162080861307	0.0670112922717	0.00619419320138	0.00568668673992	-0.045174640665	0.03038498102	0.0844816925288	-0.00951465871396	0.0860602360233	0.0639624887856	-0.0736230999325	0.0116805587794	0.000726220119461	-0.0367737569674	0.0517250639238	0.0106291211356	0.0019135064766	-0.0535827267455
k__Bacteria;p__Firmicutes;c__Clostridia;o__Clostridiales;f__Oscillospiraceae;g__Oscillibacter;s__Oscillibacter_sp._KLE_1745	-0.00908679447157	0.0127959933046	-0.0543566896135	0.0175533189488	0.0112988473554	-0.0267214224802	-0.0185991474254	-0.0376877148184	-0.0405557684996	-0.0687639172646	-0.052375850309	-0.0322622790039	0.0785085875771	0.00703352398319	0.0120790068375	0.0044424167721	-0.0459734555649	0.0337466771094	0.0209042296147	-0.0483313936637	0.0431027128066	-0.0336567627656	-0.0320271456754	-0.0215609766592	1.0	0.0203303163658	-0.0562023091787	0.0144255124748	0.0299244215724	0.00756170366038	-0.0216456807068	-0.0637938129175	-0.0553517224042	0.0360683989853	0.014536810854	-0.00165539809928	0.0160977345312	-0.0500498556214	0.0196560783541	-0.000215019109333	0.0157062152425	0.0315756675807	0.0250156141908	0.00744215305012	-0.000777986985325	-0.0477573320215	-0.0054918148664	-0.0200761191945	-0.090545213963	0.0431254379733	-0.0257172349592	-0.0321980607259	-0.0460558706659	0.028919981675	-0.0359468860332	-0.0283810848896	-0.0161309256707	-0.0773104795113	-0.063508293111
k__Bacteria;p__Bacteroidetes;c__Bacteroidia;o__Bacteroidales;f__Bacteroidaceae;g__Bacteroides;s__Bacteroides_coprophilus	0.0616354034488	0.02657662763	0.0230322746693	-0.0290277119424	0.0281818995222	-0.0213008520303	-0.0342121568864	-0.0248243866493	-0.0432135964733	0.00126626603879	-0.00865741897075	-0.0722516374246	-0.0466127830275	0.0433105969155	-0.0381350815209	-0.0957373913065	-0.0128708200791	-0.0731045351845	-0.0035639700095	-0.0280438520631	-0.0308553374818	-0.0359849745662	-0.0239806076367	-0.00803788316951	0.0203303163658	1.0	0.0853094773386	-0.0597886537881	0.00854009333737	-0.0690764717344	-0.0120847210426	-0.0360188144382	-0.00379021436421	0.00686445926958	0.0211678839403	-0.0729303410122	-0.0314420781656	-0.00480329665708	0.00560471274833	-0.0149574093414	0.0271456878066	-0.0249879740832	0.0165984582157	0.0513253148566	0.0365981994409	0.039138053595	0.0392162410638	0.00292419738085	0.00300185443868	-0.0333984858156	-0.0243609106245	0.029996888573	-0.0362389845909	-0.0579690410431	0.0256303948684	0.0264565541923	0.000325690782218	-0.0131385450763	0.000203910379563
k__Bacteria;p__Firmicutes;c__Clostridia;o__Clostridiales;f__Lachnospiraceae;g__Roseburia;s__Roseburia_intestinalis	-0.000164738005546	-0.0232955096854	-0.0129603951386	-0.000764385627932	0.00477936744158	0.0621516769548	0.0182666913664	-0.0327460567946	0.0252910922791	-0.00458711127452	0.0171536293009	-0.0332044395788	0.0376421137354	-0.0333335848572	0.0088711031232	-0.0428793193821	-0.0356869142381	0.000478057241872	-0.00424811293292	-0.0376116852301	-0.030464973196	0.0314373963463	0.0198630197426	0.0254177872907	-0.0562023091787	0.0853094773386	1.0	-0.0666746220641	-0.000785889182227	-0.0254764345231	-0.0092104098978	0.06561996089	-0.0318681026684	0.059257021836	-0.0309709486789	-0.000913040289147	0.0427784458325	-0.0297276960065	-0.020389340264	-0.0599547199323	-0.0707163981753	-0.0331609196918	0.0146534066867	-0.012248637381	-0.0530439718793	0.0195533851101	-0.0457837902358	0.00550883098497	-0.0305355111793	-0.0299730386809	-0.0244832185568	-0.0699098673657	0.00225327282164	-0.0249876714996	0.0266891053075	0.00420491499627	0.0182063547816	-0.00989996882481	-0.108335811554
k__Bacteria;p__Firmicutes;c__Clostridia;o__Clostridiales;f__Lachnospiraceae;g__Roseburia;s__Roseburia_hominis	-0.0374505966825	0.0293292682542	-0.00469803899224	0.00844961561794	0.0303429034796	-0.0681616582072	-0.0457911401214	0.0780806960288	0.00698407360845	0.0376856892716	-0.0322390002369	0.0230170328362	-0.0965424743916	-0.0415212763715	0.0270654364185	0.01289176779	0.00455831561904	0.0716643143879	-0.00084331327568	0.0179373824767	-0.0494998794251	0.000868400034312	-0.0270386478583	-0.126679737316	0.0144255124748	-0.0597886537881	-0.0666746220641	1.0	0.0254744187328	0.0518754350128	-0.0552816229396	0.0210422224232	0.0440297040094	-0.0521347208181	0.048285942348	0.00649311643297	-0.0231999629227	-0.0278910416018	0.0334003160016	-0.0649992527059	-0.00521288255025	-0.00911042539789	0.0630455281926	0.0255580611823	-0.0488988055411	-0.101588417043	0.00631684072768	0.0183718085867	-0.00176010720153	0.0114026802926	-0.0186737085619	0.00631212042761	0.010932633069	0.0124261707006	-0.0271757516904	0.0823157852084	0.0243016325045	0.00865513365566	-0.00382917219111
k__Bacteria;p__Bacteroidetes;c__Bacteroidia;o__Bacteroidales;f__Porphyromonadaceae;g__Parabacteroides;s__Parabacteroides_johnsonii	-0.028265112896	-0.00399203866325	0.0153692889034	-0.0258441949215	-0.0309239621586	0.0213562962695	-0.0484080155727	0.00504747154873	-0.0222930615345	-0.0517248288271	0.0322167772309	-0.00303507262253	-0.052092987857	0.000830562518248	0.0822968570293	-0.0388847013261	-0.0115022470965	0.0410839242366	-0.0779705814909	-0.0018357725672	-0.0365066195895	-0.0821555651638	-0.0741845949854	-0.0120856133917	0.0299244215724	0.00854009333737	-0.000785889182227	0.0254744187328	1.0	-0.0183034231425	-0.019405401344	-0.0969351845475	0.0304617398238	-0.0696508047098	-0.0262598137303	-0.00422075234927	-0.0326531441157	0.0142444618562	0.0174934916478	-0.0302901556051	-0.00396007357937	0.0416278212006	-0.00957335604254	0.0357868136551	-0.00477659421475	0.00523997283157	0.00798787098002	-0.0708521004126	0.00159455532804	-0.0339863837602	0.0127753090508	-0.028531885108	-0.055846556699	-0.0215556043586	0.0176567288293	0.00167563863933	0.00803763600399	-0.02904457703	0.00632695868781
k__Bacteria;p__Actinobacteria;c__Actinobacteria;o__Bifidobacteriales;f__Bifidobacteriaceae;g__Bifidobacterium;s__Bifidobacterium_longum	-0.0526846177899	-0.045519927321	-0.0643961744641	-0.00109974775375	0.0313123098205	0.0143735536338	-0.0208716541717	-0.012784525667	0.0670795907183	0.0877187440591	-0.000441131120077	-0.0243674542939	-0.02479582399	0.0112894372173	-0.00540296788949	0.035299645316	0.0068117930444	0.00195284213184	-0.0644250299009	0.0172293661982	0.0778498190393	-0.0488926786476	0.0620201529088	-0.0213028608816	0.00756170366038	-0.0690764717344	-0.0254764345231	0.0518754350128	-0.0183034231425	1.0	-0.00601419769188	-0.0665312308733	-0.035224669651	-0.0132007619419	0.00120922914458	-0.042373619962	-0.0611149045327	-0.0350009485791	0.0666459926364	0.00764660237347	-0.0436802444702	0.0210539406166	-0.022127895664	0.0433805398383	-0.0203934614443	-0.0377672251009	0.0305321196505	0.0192819591868	0.0250846428019	-0.0155582582642	0.00481818220477	-0.00135747450941	-0.0354331029002	0.0502010696132	-0.0556629408915	-0.0501735102515	-0.0103331949011	-0.0473437015317	0.0349456094975
