#taxonomy	k__Bacteria;p__Bacteroidetes;c__Bacteroidia;o__Bacteroidales;f__Bacteroidaceae;g__Bacteroides;s__Bacteroides_vulgatus	k__Bacteria;p__Bacteroidetes;c__Bacteroidia;o__Bacteroidales;f__Bacteroidaceae;g__Bacteroides;s__Bacteroides_uniformis	k__Bacteria;p__Bacteroidetes;c__Bacteroidia;o__Bacteroidales;f__Rikenellaceae;g__Alistipes;s__Alistipes_putredinis	k__Bacteria;p__Bacteroidetes;c__Bacteroidia;o__Bacteroidales;f__Prevotellaceae;g__Prevotella;s__Prevotella_copri	k__Bacteria;p__Bacteroidetes;c__Bacteroidia;o__Bacteroidales;f__Bacteroidaceae;g__Bacteroides;s__Bacteroides_stercoris	k__Bacteria;p__Bacteroidetes;c__Bacteroidia;o__Bacteroidales;f__Bacteroidaceae;g__Bacteroides;s__Bacteroides_ovatus	k__Bacteria;p__Bacteroidetes;c__Bacteroidia;o__Bacteroidales;f__Rikenellaceae;g__Alistipes;s__Alistipes_shahii	k__Bacteria;p__Firmicutes;c__Clostridia;o__Clostridiales;f__Ruminococcaceae;g__Faecalibacterium;s__Faecalibacterium_prausnitzii	k__Bacteria;p__Bacteroidetes;c__Bacteroidia;o__Bacteroidales;f__Rikenellaceae;g__Alistipes;s__Alistipes_finegoldii	k__Bacteria;p__Bacteroidetes;c__Bacteroidia;o__Bacteroidales;f__Porphyromonadaceae;g__Parabacteroides;s__Parabacteroides_distasonis	k__Bacteria;p__Bacteroidetes;c__Bacteroidia;o__Bacteroidales;f__Bacteroidaceae;g__Bacteroides;s__Bacteroides_thetaiotaomicron	k__Bacteria;p__Bacteroidetes;c__Bacteroidia;o__Bacteroidales;f__Bacteroidaceae;g__Bacteroides;s__Bacteroides_coprocola	k__Bacteria;p__Bacteroidetes;c__Bacteroidia;o__Bacteroidales;f__Bacteroidaceae;g__Bacteroides;s__Bacteroides_cellulosilyticus	k__Bacteria;p__Bacteroidetes;c__Bacteroidia;o__Bacteroidales;f__Rikenellaceae;g__Alistipes;s__Alistipes_obesi	k__Bacteria;p__Firmicutes;c__Clostridia;o__Clostridiales;f__Lachnospiraceae;g__;s__[Eubacterium]_rectale	k__Bacteria;p__Bacteroidetes;c__Bacteroidia;o__Bacteroidales;f__Bacteroidaceae;g__Bacteroides;s__Bacteroides_plebeius	k__Bacteria;p__Bacteroidetes;c__Bacteroidia;o__Bacteroidales;f__Bacteroidaceae;g__Bacteroides;s__Bacteroides_fragilis	k__Bacteria;p__Proteobacteria;c__Betaproteobacteria;o__Burkholderiales;f__Sutterellaceae;g__Sutterella;s__Sutterella_wadsworthensis	k__Bacteria;p__Bacteroidetes;c__Bacteroidia;o__Bacteroidales;f__Porphyromonadaceae;g__Barnesiella;s__Barnesiella_intestinihominis	k__Bacteria;p__Bacteroidetes;c__Bacteroidia;o__Bacteroidales;f__Odoribacteraceae;g__Odoribacter;s__Odoribacter_splanchnicus	k__Bacteria;p__Bacteroidetes;c__Bacteroidia;o__Bacteroidales;f__Bacteroidaceae;g__Bacteroides;s__Bacteroides_salyersiae	k__Bacteria;p__Firmicutes;c__Clostridia;o__Clostridiales;f__Ruminococcaceae;g__Ruminiclostridium;s__[Eubacterium]_siraeum	k__Bacteria;p__Proteobacteria;c__Betaproteobacteria;o__Burkholderiales;f__Sutterellaceae;g__Parasutterella;s__Parasutterella_excrementihominis	k__Bacteria;p__Actinobacteria;c__Actinobacteria;o__Bifidobacteriales;f__Bifidobacteriaceae;g__Bifidobacterium;s__Bifidobacterium_adolescentis	k__Bacteria;p__Firmicutes;c__Clostridia;o__Clostridiales;f__Oscillospiraceae;g__Oscillibacter;s__Oscillibacter_sp._KLE_1745	k__Bacteria;p__Bacteroidetes;c__Bacteroidia;o__Bacteroidales;f__Bacteroidaceae;g__Bacteroides;s__Bacteroides_coprophilus	k__Bacteria;p__Firmicutes;c__Clostridia;o__Clostridiales;f__Lachnospiraceae;g__Roseburia;s__Roseburia_intestinalis	k__Bacteria;p__Firmicutes;c__Clostridia;o__Clostridiales;f__Lachnospiraceae;g__Roseburia;s__Roseburia_hominis	k__Bacteria;p__Bacteroidetes;c__Bacteroidia;o__Bacteroidales;f__Porphyromonadaceae;g__Parabacteroides;s__Parabacteroides_johnsonii	k__Bacteria;p__Actinobacteria;c__Actinobacteria;o__Bifidobacteriales;f__Bifidobacteriaceae;g__Bifidobacterium;s__Bifidobacterium_longum	k__Bacteria;p__Firmicutes;c__Clostridia;o__Clostridiales;f__;g__Flavonifractor;s__Flavonifractor_plautii	k__Bacteria;p__Firmicutes;c__Clostridia;o__Clostridiales;f__Clostridiaceae;g__Clostridium;s__Clostridium_phoceensis	k__Bacteria;p__Verrucomicrobia;c__Verrucomicrobiae;o__Verrucomicrobiales;f__Akkermansiaceae;g__Akkermansia;s__Akkermansia_muciniphila	k__Bacteria;p__Bacteroidetes;c__Bacteroidia;o__Bacteroidales;f__Prevotellaceae;g__Paraprevotella;s__Paraprevotella_xylaniphila	k__Bacteria;p__Firmicutes;c__Clostridia;o__Clostridiales;f__Ruminococcaceae;g__Ruminococcus;s__Ruminococcus_callidus	k__Bacteria;p__Bacteroidetes;c__Bacteroidia;o__Bacteroidales;f__Rikenellaceae;g__Alistipes;s__Alistipes_senegalensis	k__Bacteria;p__Firmicutes;c__Clostridia;o__Clostridiales;f__Lachnospiraceae;g__Blautia;s__Blautia_sp._KLE_1732	k__Bacteria;p__Bacteroidetes;c__Bacteroidia;o__Bacteroidales;f__Bacteroidaceae;g__Bacteroides;s__Bacteroides_oleiciplenus	k__Bacteria;p__Firmicutes;c__Clostridia;o__Clostridiales;f__Ruminococcaceae;g__Ruminococcus;s__Ruminococcus_bicirculans	k__Bacteria;p__Bacteroidetes;c__Bacteroidia;o__Bacteroidales;f__Bacteroidaceae;g__Bacteroides;s__Bacteroides_fluxus	k__Bacteria;p__Bacteroidetes;c__Bacteroidia;o__Bacteroidales;f__Prevotellaceae;g__Prevotella;s__Prevotella_stercorea	k__Bacteria;p__Firmicutes;c__Clostridia;o__Clostridiales;f__Lachnospiraceae;g__Dorea;s__Dorea_longicatena	k__Bacteria;p__Firmicutes;c__Clostridia;o__Clostridiales;f__Eubacteriaceae;g__Eubacterium;s__[Eubacterium]_eligens	k__Bacteria;p__Firmicutes;c__Clostridia;o__Clostridiales;f__Ruminococcaceae;g__;s__Ruminococcaceae_bacterium_D16	k__Bacteria;p__Firmicutes;c__Clostridia;o__Clostridiales;f__Lachnospiraceae;g__Coprococcus;s__Coprococcus_comes	k__Bacteria;p__Proteobacteria;c__Gammaproteobacteria;o__Enterobacterales;f__Enterobacteriaceae;g__Escherichia;s__Escherichia_coli	k__Bacteria;p__Firmicutes;c__Clostridia;o__Clostridiales;f__Ruminococcaceae;g__Anaerotruncus;s__Anaerotruncus_colihominis	k__Bacteria;p__Firmicutes;c__Clostridia;o__Clostridiales;f__Lachnospiraceae;g__Blautia;s__Blautia_obeum	k__Bacteria;p__Bacteroidetes;c__Bacteroidia;o__Bacteroidales;f__Odoribacteraceae;g__Odoribacter;s__Odoribacter_laneus	k__Bacteria;p__Firmicutes;c__Clostridia;o__Clostridiales;f__Ruminococcaceae;g__Ruminiclostridium;s__[Clostridium]_leptum	k__Bacteria;p__Bacteroidetes;c__Bacteroidia;o__Bacteroidales;f__Porphyromonadaceae;g__Parabacteroides;s__Parabacteroides_goldsteinii	k__Bacteria;p__Firmicutes;c__Clostridia;o__Clostridiales;f__Lachnospiraceae;g__Anaerostipes;s__Anaerostipes_hadrus	k__Bacteria;p__Firmicutes;c__Clostridia;o__Clostridiales;f__Ruminococcaceae;g__Ruminococcus;s__Ruminococcus_lactaris	k__Bacteria;p__Firmicutes;c__Clostridia;o__Clostridiales;f__Clostridiaceae;g__Clostridium;s__Clostridium_sp._L2-50	k__Bacteria;p__Firmicutes;c__Clostridia;o__Clostridiales;f__Clostridiaceae;g__Clostridium;s__Clostridium_sp._M62/1	k__Bacteria;p__Firmicutes;c__Clostridia;o__Clostridiales;f__;g__Intestinimonas;s__Intestinimonas_butyriciproducens	k__Bacteria;p__Actinobacteria;c__Actinobacteria;o__Bifidobacteriales;f__Bifidobacteriaceae;g__Bifidobacterium;s__Bifidobacterium_bifidum	k__Bacteria;p__Firmicutes;c__Negativicutes;o__Veillonellales;f__Veillonellaceae;g__Dialister;s__Dialister_invisus	k__Bacteria;p__Bacteroidetes;c__Bacteroidia;o__Bacteroidales;f__Bacteroidaceae;g__Bacteroides;s__Bacteroides_salanitronis
k__Bacteria;p__Bacteroidetes;c__Bacteroidia;o__Bacteroidales;f__Bacteroidaceae;g__Bacteroides;s__Bacteroides_vulgatus	1.0	-0.00879285785281	-0.000172187921673	-0.032861055761	-0.0109933035432	-0.00326726011623	-0.0132245407825	-0.0835771881515	-0.0447837318515	-0.00391178699025	-0.0334646607913	-0.0130813490109	0.0598570100462	-0.0367912075898	-0.0988449631522	-0.0706874378303	0.00945731075815	0.0297654985399	0.0291376364532	-0.0246690848435	-0.0155599719549	-0.0480351720791	0.028710189588	0.0601622344425	0.0289134082371	-0.0152805321224	0.0218436260496	-0.0163016206863	-0.000490734005756	0.0019746882552	0.0474784930153	0.0061549493913	-0.0188824753282	-0.0654973393005	-0.0630728420742	0.0557192882804	-0.00194231176798	0.0577285062067	-0.028000686163	-0.0129161447259	-0.0124426783036	-0.0520236509862	0.0236796206346	-0.0233848133789	0.0216121307396	0.0296079393082	-0.0502494473694	-0.0219005104968	-0.0597589859773	0.0203039462237	0.0287270825147	-0.0114649429968	-0.0127832580526	0.01408064496	-0.0852783497859	0.0038419795067	0.0326720815359	-0.00873592757611	0.0318002511898
k__Bacteria;p__Bacteroidetes;c__Bacteroidia;o__Bacteroidales;f__Bacteroidaceae;g__Bacteroides;s__Bacteroides_uniformis	-0.00879285785281	1.0	0.0201732568856	-0.0529634862257	-0.0240284567153	0.0449003133739	0.0499621398893	0.0270778079243	0.0187839117431	0.00840260032917	-0.0285428225411	0.0250152325127	-0.0260251202946	-0.0103294306398	-0.00419749345621	-0.035524273836	-0.00976142134026	0.0322181686626	0.0888873892444	-0.0461675246224	-0.00887730728941	-0.00593662645981	-0.0374988866286	-0.0561612516166	-0.0600174666962	-0.0888953601506	-0.0199844350969	-0.0235899361422	-0.0698745570239	0.0466323793081	-0.0266080848532	-0.00943290352537	-0.0406690165643	-0.000113569730032	0.0250974054126	-0.0112867443465	-0.0363549579395	0.0288293181508	-0.0300206916286	-0.0114242230513	0.00817142923263	-0.0186527628058	-0.0194154226337	-0.0437984493001	-0.0558699502408	-0.0127962327013	-0.0201671640935	0.0123723792727	-0.0348468055833	0.000477123076483	0.0816630882665	-0.0716786215407	-0.0183433984375	-0.0431505965006	0.00354119745619	-0.0138910149408	0.0663680847384	0.00290536277163	-0.0049416638375
k__Bacteria;p__Bacteroidetes;c__Bacteroidia;o__Bacteroidales;f__Rikenellaceae;g__Alistipes;s__Alistipes_putredinis	-0.000172187921673	0.0201732568856	1.0	-0.0367554746491	-0.00960127092695	-0.0584958478197	-0.0282271879935	-0.0557006141026	-0.0688161594483	-0.010162677376	-0.0143479018953	-0.0291196489338	0.0497248690883	0.0339191869095	0.0808432683191	-0.00846317418532	0.0289471564403	-0.0554801324737	0.0027187879763	-0.0129096226597	0.0182984489947	-0.0912992515374	0.0217784816466	0.00969998842293	-0.0677714871985	0.0536291045751	0.00185894541821	0.0387366879076	0.0257275883934	0.0434580060769	0.0395335445531	-0.00175921243257	0.0298436246686	0.00939383489565	0.0103235769066	-0.04152192473	-0.0317689952107	-0.0125550993532	-0.0221487315487	0.0468015036357	-0.00236406411723	-0.0182802349905	-0.0329753263113	0.00112107515007	0.0361008172953	0.0284246880108	-0.0631117966724	-0.0111155525564	-0.000261395726362	0.00952953019023	0.057848861942	-0.0299419811551	0.0111106548396	0.0123742178607	-0.0136465194344	-0.0265337301532	0.0577342781927	0.0291555156363	0.087072785413
k__Bacteria;p__Bacteroidetes;c__Bacteroidia;o__Bacteroidales;f__Prevotellaceae;g__Prevotella;s__Prevotella_copri	-0.032861055761	-0.0529634862257	-0.0367554746491	1.0	-0.00543285210651	-0.122637924639	-0.0299274179657	-0.0368219167061	0.00874284698314	-0.0240530465081	-0.0107403119972	0.012018985295	-0.0225630080962	0.0270335254876	0.0598692487054	0.0228718737421	-0.0329035530368	0.0188079972436	-0.00828786463922	0.00558074503453	-0.0461659991466	0.0197924813347	-0.0524031091671	0.00546628126293	-0.0165252496389	-0.0443830600576	-0.0498488301151	-0.0183162513428	0.0322280791361	0.0141049901257	0.0386787444834	-0.01888391572	0.0170380012087	-0.0198536645864	0.0277156875833	-0.035899753238	-0.0477386382076	0.0279032462989	-0.02147630168	-0.0966276825723	-0.0290878880975	0.0155311548211	-0.0246047399993	-0.0188305049768	0.0257733552976	-0.0141595883579	0.0143284257959	0.0133822550809	0.0578504242018	-0.0338984269623	0.0133230623245	0.0145692176107	-0.035496270477	-0.054283848285	-0.00441605271453	-0.0140710914918	-0.050500305685	-0.0136719251441	0.0636447688409
k__Bacteria;p__Bacteroidetes;c__Bacteroidia;o__Bacteroidales;f__Bacteroidaceae;g__Bacteroides;s__Bacteroides_stercoris	-0.0109933035432	-0.0240284567153	-0.00960127092695	-0.00543285210651	1.0	0.0151925964999	-0.00653428519859	-0.0394584062752	-0.0181852192157	0.0047718906776	-0.0135679501886	-0.000351901633368	-0.0872961410314	-0.013518081907	0.0481038861255	-0.052744555536	-0.070201196736	-0.0717074838381	-0.0105519294549	-0.0748354925375	-0.0364742477549	0.0124746211937	-0.0352357250406	0.0173696209245	-0.0469205382302	-0.0185002580875	-0.0253882940183	-0.00212266145462	-0.0313515763166	-0.0225318548221	-0.0447451956739	0.0362647139287	-0.0275591774433	0.0116080852625	-0.0247870799659	-0.0237575126912	0.0462824956531	0.0487438945319	0.0161557438201	-0.018314917375	-0.0470137884454	-0.0648263311766	-0.0839288948114	-0.0700523691342	0.0132168103646	-0.0103240476002	-0.0311191767778	-0.00697730428307	0.02562240254	0.00621913565835	0.0248508227769	-0.0164480359967	-0.061779593201	-0.000350471905471	0.002210747078	0.0441133639909	0.0250675223449	0.0365380390998	-0.0569163646469
k__Bacteria;p__Bacteroidetes;c__Bacteroidia;o__Bacteroidales;f__Bacteroidaceae;g__Bacteroides;s__Bacteroides_ovatus	-0.00326726011623	0.0449003133739	-0.0584958478197	-0.122637924639	0.0151925964999	1.0	-0.023389298715	-0.0615399691522	-0.0095216296386	-0.0145797203182	-0.0446450959797	-0.0243575026604	0.0118644105977	0.0285796776354	-0.00262199020072	-0.0426654151837	-0.0265548071606	-0.0137128124613	-0.0575078910717	-0.0191708934556	-0.0201772392038	-0.0141228417484	-0.0674981364201	-0.0178548598587	-0.0393570785924	-0.00465299284383	-0.0206225346429	0.0140097752774	0.0120837333567	0.0419276276535	-0.0627061500316	0.0666705812077	-0.0142036185672	-0.0196246725491	-0.0296348743253	0.0397189596715	0.0390562541539	-0.00637973740808	-0.0464764792102	0.051570046343	-0.00569223670859	0.0297818262849	0.00656945658553	-0.0201274542501	-0.0448025387848	0.0164746986857	0.0443252448142	-0.0248888107256	0.0161399738371	0.00339525187332	0.0316861875096	0.00681736314163	0.00596718892261	0.0480570633153	-0.00920727605786	-0.053934464536	0.00188366609654	-0.0204589588795	-0.0647714302906
k__Bacteria;p__Bacteroidetes;c__Bacteroidia;o__Bacteroidales;f__Rikenellaceae;g__Alistipes;s__Alistipes_shahii	-0.0132245407825	0.0499621398893	-0.0282271879935	-0.0299274179657	-0.00653428519859	-0.023389298715	1.0	0.0129717577337	-0.109702729172	0.00447685898556	0.0293167901404	0.00246584872519	-0.00892313830083	-0.0248515056796	-0.058105394254	-0.0548947807689	-0.0155526323687	0.0336352011299	0.0431678605384	-0.00362759794895	-0.0164678977562	0.0163951046192	-0.0140229924348	-0.0160194153364	-0.0147310042061	-0.0485895684752	-0.035811962506	-0.0502789118917	-0.0703891661532	0.0471489346556	-0.041284888556	-0.0577532458272	-0.0367264125212	-0.0267685022314	0.0624870476757	-0.00851377924151	-0.00580036190553	-0.0163382325434	-0.0400673123135	-0.00530739213262	0.0203475332967	-0.00429635899914	0.0213721332229	0.0166009810972	0.016386017114	-0.0213780937781	0.0532215138577	-0.0517395565804	-0.0212380062349	0.0635705838069	-0.0233157363321	0.0342885941519	-0.00481296977802	-0.0201520138585	0.029012263209	-0.00812101428767	-0.044723570472	0.0199073252196	-0.0524293740953
k__Bacteria;p__Firmicutes;c__Clostridia;o__Clostridiales;f__Ruminococcaceae;g__Faecalibacterium;s__Faecalibacterium_prausnitzii	-0.0835771881515	0.0270778079243	-0.0557006141026	-0.0368219167061	-0.0394584062752	-0.0615399691522	0.0129717577337	1.0	0.0534268397982	-0.00379798299155	-0.0557547513406	-0.0402381360858	-0.0274003780401	-0.0268435275475	-0.0791380724205	-0.0283196955416	-0.0351304858741	-0.0550334266082	-0.0327046544664	0.0397876178996	0.0602563150296	-0.0710387113564	-0.0143350338327	-0.0461126216661	-0.0930904924143	0.0428425329141	-0.030363544721	0.0394331785617	-0.000126171054068	-0.0292464630307	0.0206027103451	0.0712428777162	-0.0384372127515	-0.0382426257067	-0.0216285778001	-0.0255113290357	-0.0242257817337	-0.0533177160963	-0.0924920858327	-0.0229291103441	0.0202145142023	-0.014107759778	-0.000321687192516	0.0557823859784	-0.0258202940675	-0.0242593517424	0.080907376642	-0.00159623556374	-0.0516578002987	-0.00760690454043	-0.0659538704634	0.00991773715545	0.0668835543597	-0.038949396169	-0.0607590170436	-0.0451359450839	0.0777374576523	-0.00128260049989	0.0335635810948
k__Bacteria;p__Bacteroidetes;c__Bacteroidia;o__Bacteroidales;f__Rikenellaceae;g__Alistipes;s__Alistipes_finegoldii	-0.0447837318515	0.0187839117431	-0.0688161594483	0.00874284698314	-0.0181852192157	-0.0095216296386	-0.109702729172	0.0534268397982	1.0	0.0211413510557	0.0241364764243	-0.0097090433904	-0.0605314463985	0.0063173377735	0.0231778446695	0.0144582010209	-0.0326749886309	0.00946069716624	0.0176380276339	-0.0563366698585	-0.0299020615886	-0.0364082836762	-0.0390863839691	-0.00720312807264	-0.0175908657218	0.0207132111257	-0.0417094063425	-0.0435868880108	0.0373653635574	0.0106336030865	0.0871240120793	0.0287978444666	0.00506081229927	-0.0301565023462	-0.000552599360408	-0.0708525027693	0.0232646717255	0.0316342391312	-0.0020968020414	-0.0392036292605	-0.0505139156699	-0.0723986052853	0.0615727168755	0.00213372079095	-0.0907310248633	0.00748588868158	0.0267130362122	0.0396067003208	0.0470153835006	-0.0362932212809	0.0282316171014	-0.0209944478277	-0.020921063062	-0.0539787070396	-0.0866743001927	-0.0162479715521	-0.00745136202194	-0.0245638637728	-0.0459503055501
k__Bacteria;p__Bacteroidetes;c__Bacteroidia;o__Bacteroidales;f__Porphyromonadaceae;g__Parabacteroides;s__Parabacteroides_distasonis	-0.00391178699025	0.00840260032917	-0.010162677376	-0.0240530465081	0.0047718906776	-0.0145797203182	0.00447685898556	-0.00379798299155	0.0211413510557	1.0	0.00941643675966	0.029378652593	0.0198506221753	-0.0277825426421	0.00466219453312	-0.0608627729359	-0.0322055111114	-0.054804580048	-0.0484985296108	-0.0281131224532	0.0293417041172	-0.0785288999063	-0.0106569115668	-0.0196891730256	0.0235570921893	0.00154558646407	-0.025572257443	-0.00770461392311	-0.0552664370237	-0.0498600678166	-0.0365140947026	-0.0300579890975	-0.0105814893732	-0.041456807066	0.00119097129019	0.00849869372702	-0.0406300520808	0.0347993685623	-0.0305169135322	-0.00245329065314	0.00426831265316	0.00549598162564	0.0123967649489	-0.0635823729971	0.00184716173839	0.0185186975498	-0.0177691849408	0.00504260398048	0.0415984272544	-0.00390284248951	-0.0714584460153	-0.0249292450739	-0.0337438409556	0.00183644186044	0.0332740849867	0.00261930735871	-0.026072016459	-0.00556560780381	0.0289660505575
k__Bacteria;p__Bacteroidetes;c__Bacteroidia;o__Bacteroidales;f__Bacteroidaceae;g__Bacteroides;s__Bacteroides_thetaiotaomicron	-0.0334646607913	-0.0285428225411	-0.0143479018953	-0.0107403119972	-0.0135679501886	-0.0446450959797	0.0293167901404	-0.0557547513406	0.0241364764243	0.00941643675966	1.0	0.0534518934709	-0.0390551921446	-0.0518215303883	0.0305678295073	0.00805418325923	0.0439992067464	-0.0538718748335	-0.0039883346375	-0.0333568083046	-0.00571084364058	0.0435997885196	-0.00196297288941	-0.0385161306243	-0.0495545419996	-0.0359005413642	-0.0683425647688	-0.0410731695748	-0.0539615357904	-0.0286116920686	0.0115781688038	0.0232856918149	-0.0142086623051	-0.00932653902744	0.0548958470894	0.00791444617263	-0.080235141182	0.0214879914609	0.0628445546517	-0.0530643542462	-0.0744457417623	-0.0194211649387	-0.0219336355021	-0.0516008063271	0.011794859022	-0.00278840202126	0.0342516439182	-0.0356266622733	0.0536269241191	0.0320056947559	-0.00542673488177	-0.0112237116764	-0.0415832695959	0.0546652092878	0.0402057491749	0.0285517925757	-0.0536661085148	-0.0148966107365	-0.0241488594948
k__Bacteria;p__Bacteroidetes;c__Bacteroidia;o__Bacteroidales;f__Bacteroidaceae;g__Bacteroides;s__Bacteroides_coprocola	-0.0130813490109	0.0250152325127	-0.0291196489338	0.012018985295	-0.000351901633368	-0.0243575026604	0.00246584872519	-0.0402381360858	-0.0097090433904	0.029378652593	0.0534518934709	1.0	0.0358723603363	0.0513082917355	-0.0112262865053	-0.0246797952172	0.000269741593565	0.0550722748493	-0.05982265464	-0.115091320466	-0.00529498712734	-0.00985832041128	-0.0468652759993	-0.0453182648954	0.00936425858697	0.0587385891034	-0.0282952969096	0.0763337877496	-0.0631808208118	-0.00203628423765	-0.0230692479416	0.0461465293737	-0.0121913282995	0.0689777038478	0.0235645554535	0.00663641449329	-0.00331081176438	-0.0496070085258	0.0309459649125	0.0171766393442	-0.0531460970096	0.066013191961	-0.0478655065084	0.0259671891511	-0.000740450900893	-0.0269186514998	0.0175466870145	0.0225004791156	-0.064130503837	0.0539464189459	-0.0851079694446	-0.0723961198819	-0.0353895654042	-0.00309575279983	-0.125073008132	0.0123336378543	-0.00382558076555	-0.0135309991674	-0.0538143176627
k__Bacteria;p__Bacteroidetes;c__Bacteroidia;o__Bacteroidales;f__Bacteroidaceae;g__Bacteroides;s__Bacteroides_cellulosilyticus	0.0598570100462	-0.0260251202946	0.0497248690883	-0.0225630080962	-0.0872961410314	0.0118644105977	-0.00892313830083	-0.0274003780401	-0.0605314463985	0.0198506221753	-0.0390551921446	0.0358723603363	1.0	-0.0875728224852	0.0422269518276	-0.0326539387362	-0.00498484701296	0.0775769266015	0.0361650898719	0.0132641342898	-0.0156884104853	-0.0492644792458	0.0299267403042	-0.021739126808	-0.0361315792385	-0.0593066133587	-0.0860996629557	-0.0982044978869	0.0765017019782	0.00896771608798	-0.0380255257883	-0.0232442376288	0.00374082092894	-0.0208185204913	-0.00169402273116	-0.026193794636	0.0601684737669	-0.00621105756561	0.059758678459	0.00238872909301	0.0527993702135	0.0260182525987	-0.0242798007176	0.0744606442543	-0.0248970925163	-0.0315879610576	-0.015345805728	-0.0100646571068	-0.0315665495047	-0.0583610927153	0.0361198523589	0.0146693846648	0.0372737000254	-0.0186181313867	-0.0272248150482	0.0641236909215	0.0439510649233	-0.0704757240102	0.0246993545743
k__Bacteria;p__Bacteroidetes;c__Bacteroidia;o__Bacteroidales;f__Rikenellaceae;g__Alistipes;s__Alistipes_obesi	-0.0367912075898	-0.0103294306398	0.0339191869095	0.0270335254876	-0.013518081907	0.0285796776354	-0.0248515056796	-0.0268435275475	0.0063173377735	-0.0277825426421	-0.0518215303883	0.0513082917355	-0.0875728224852	1.0	0.0206356841924	0.00299012833091	0.00148654055204	-0.0390218371201	-0.0116087304316	-0.0379138759219	-0.031521914785	-0.0447070702469	-0.00767164876681	-0.0236889041111	-0.00484805148109	0.0250907241112	-0.0121779939355	-0.015765480615	0.00627384477171	-0.00180150739199	-0.00855061060638	-0.0029117959216	-0.0459026988777	-0.015575746068	-0.012983617211	0.00096143668108	0.0235747779652	0.00787533581469	-0.0389896768399	-0.0101032171094	-0.0119242824336	0.00852666546311	-0.0210151381787	0.0148443002826	-0.0344174259755	0.0349849252196	-0.0447839648358	-0.013920000044	0.041851707175	-0.0392241098321	0.0654658457555	-0.0210842944839	-0.044412212948	0.0655337038187	-0.0132790111516	-0.00142316449815	-0.0131045209963	0.0416304517245	-0.0128176065399
k__Bacteria;p__Firmicutes;c__Clostridia;o__Clostridiales;f__Lachnospiraceae;g__;s__[Eubacterium]_rectale	-0.0988449631522	-0.00419749345621	0.0808432683191	0.0598692487054	0.0481038861255	-0.00262199020072	-0.058105394254	-0.0791380724205	0.0231778446695	0.00466219453312	0.0305678295073	-0.0112262865053	0.0422269518276	0.0206356841924	1.0	-0.010655531954	-0.0412604476346	-0.0459137282131	-0.00710084463119	0.0123303641649	0.0432781694108	0.081602600443	-0.0776370148624	-0.049885499838	0.00798222818434	0.0500429023251	-0.0265951487135	0.0435852108173	0.0338100520025	-0.0299206652795	-0.0401789984803	-0.0283315293013	-0.0139096661029	-0.0362190055808	0.0456369990522	-0.022725812502	-0.0364902852977	-0.0108974977663	0.00851529944306	-0.03608899429	0.000317875075328	0.0546335427105	-0.116091145915	-0.0557773653763	-0.0124056398426	-0.0353356981798	0.0450055284235	0.0115142763112	-0.0569558029314	0.012983814613	-0.0194831522216	-0.163337699086	0.00215875273683	-0.0158205038487	-0.0191386613574	0.0338771952604	0.048994429635	-0.0114968452764	-0.00518010286306
k__Bacteria;p__Bacteroidetes;c__Bacteroidia;o__Bacteroidales;f__Bacteroidaceae;g__Bacteroides;s__Bacteroides_plebeius	-0.0706874378303	-0.035524273836	-0.00846317418532	0.0228718737421	-0.052744555536	-0.0426654151837	-0.0548947807689	-0.0283196955416	0.0144582010209	-0.0608627729359	0.00805418325923	-0.0246797952172	-0.0326539387362	0.00299012833091	-0.010655531954	1.0	-0.00468434835601	0.0100151667401	-0.0206545379083	0.00106113348874	-0.0628672143967	0.0166002498771	-0.00912404550578	0.0119249829104	-0.000128036996248	-0.0506466240923	-0.0152109882608	-0.00631529554219	0.0661814497035	-0.0334546478964	-0.000620000631999	-0.0397234533991	0.0162968093569	-0.0385811535439	0.064186029824	-0.0103794239704	0.036952741126	0.0581800424685	-0.0233641515474	0.00942279220407	-0.046274695486	-0.026866968627	0.0255385445246	0.00996129232936	-0.0630009867625	-0.00299823310678	0.0310744091193	0.0394990695682	0.0220162178756	-0.00334715468461	0.0196044339219	0.0184569332477	-0.00283964324565	0.0365824631286	0.0237490695082	-0.051273028415	0.0546347953741	-0.0018539309424	-0.0268694855135
k__Bacteria;p__Bacteroidetes;c__Bacteroidia;o__Bacteroidales;f__Bacteroidaceae;g__Bacteroides;s__Bacteroides_fragilis	0.00945731075815	-0.00976142134026	0.0289471564403	-0.0329035530368	-0.070201196736	-0.0265548071606	-0.0155526323687	-0.0351304858741	-0.0326749886309	-0.0322055111114	0.0439992067464	0.000269741593565	-0.00498484701296	0.00148654055204	-0.0412604476346	-0.00468434835601	1.0	-0.0549866529551	0.0473798164153	0.00115811156008	0.0458271678763	-0.0231153358011	0.0133210909944	0.0299990411633	0.0526540735093	-0.0324051507944	0.0594361841159	0.0455785605695	-0.0363382133584	-0.00464951656356	-0.0257568724028	-0.0145660223922	-0.0308112407584	-0.0223284538078	0.0253661672976	-0.0278803547432	-0.0460370636759	-0.0653499001605	-0.0276101462986	-0.145101302144	-0.0202400456323	-0.0505132022263	0.0228835966132	-0.0271017885655	-0.00277397290058	-0.0468432068303	-0.0370280406398	-0.0329843325235	-0.0940598487357	0.0578157513422	0.00707935332914	-0.0143728595721	0.0452516575814	-0.0395820938626	-0.00566756315258	-0.039829952558	0.0310443369335	-0.0158621608997	0.00304633180341
k__Bacteria;p__Proteobacteria;c__Betaproteobacteria;o__Burkholderiales;f__Sutterellaceae;g__Sutterella;s__Sutterella_wadsworthensis	0.0297654985399	0.0322181686626	-0.0554801324737	0.0188079972436	-0.0717074838381	-0.0137128124613	0.0336352011299	-0.0550334266082	0.00946069716624	-0.054804580048	-0.0538718748335	0.0550722748493	0.0775769266015	-0.0390218371201	-0.0459137282131	0.0100151667401	-0.0549866529551	1.0	-0.0838006966835	0.0156889517146	-0.0252473712277	-0.0147529738789	-0.0238407382584	-0.00249462514091	-0.0835501186086	-0.0425822145106	0.0557112885066	-0.0682865487258	-0.0285386587147	-0.0461086071091	-0.0782104846529	-0.0481721214019	0.00404918385932	-0.0736281753937	-0.00959218964075	-0.0372949090833	-0.0408169310683	0.0275606717808	0.0311614502507	0.0330503776079	0.0347680026225	0.00842772579452	0.0259107171118	0.0549127867258	-0.021424962415	0.0325595456207	-0.0414153413236	-0.0181499392242	0.00568661775332	-0.049511800349	-0.00893952274782	-0.0237997684474	-0.0660113807728	-0.0446952797498	-0.0791299689759	0.0304996536655	-0.0408654409572	-0.00562214569382	0.0432633336378
k__Bacteria;p__Bacteroidetes;c__Bacteroidia;o__Bacteroidales;f__Porphyromonadaceae;g__Barnesiella;s__Barnesiella_intestinihominis	0.0291376364532	0.0888873892444	0.0027187879763	-0.00828786463922	-0.0105519294549	-0.0575078910717	0.0431678605384	-0.0327046544664	0.0176380276339	-0.0484985296108	-0.0039883346375	-0.05982265464	0.0361650898719	-0.0116087304316	-0.00710084463119	-0.0206545379083	0.0473798164153	-0.0838006966835	1.0	-0.0115016151439	-0.00836195706349	0.0520985194259	-0.0181165457061	0.0921195062862	-0.0103115992698	-0.0362218943608	-0.037838168328	-0.0310985272589	0.0251537686886	0.035839018732	-0.0399846242829	-0.0444534434528	0.0381242845885	-0.0171590226436	-0.040242199151	-0.0389634383482	-0.00352987651654	-0.0501489089834	0.0236925263091	0.031931655133	-0.0653368330035	-0.0344432149898	-0.0122375806961	0.00307823603844	-0.0792562792853	-0.0813969558214	-0.00807458366745	0.0133539890605	-0.00818177502219	-0.0608934489976	0.1116391481	-0.0718934257302	0.0226148319475	-0.049660668073	-0.0888851757693	0.00124163361996	0.0382904558531	-0.0672321982747	0.0242136786156
k__Bacteria;p__Bacteroidetes;c__Bacteroidia;o__Bacteroidales;f__Odoribacteraceae;g__Odoribacter;s__Odoribacter_splanchnicus	-0.0246690848435	-0.0461675246224	-0.0129096226597	0.00558074503453	-0.0748354925375	-0.0191708934556	-0.00362759794895	0.0397876178996	-0.0563366698585	-0.0281131224532	-0.0333568083046	-0.115091320466	0.0132641342898	-0.0379138759219	0.0123303641649	0.00106113348874	0.00115811156008	0.0156889517146	-0.0115016151439	1.0	0.0280676008889	-0.0213683561797	0.00572483480713	0.0018909658781	-0.0737614504308	0.0240228590942	0.0370839015076	-0.0265897947011	0.00196632302982	-0.0706963460742	-0.00826568050144	-0.0113769564693	-0.0366946451168	-0.0448340693989	-0.0344122840603	0.0020224952456	-0.089428909072	0.033401572425	0.013906072061	0.0191544596223	-0.0346368146552	0.0694279051461	-0.0185529295452	0.0796565675941	0.0245121597	-0.00313016160346	-0.0602957616083	-0.0441165194003	-0.00338532351113	-0.0156690332337	0.0368029733017	-0.0587519107609	-0.0286750183537	0.0245138586364	0.0172660172034	-0.0430520630306	-0.0283963360098	-0.0453638638119	-0.0194985218881
k__Bacteria;p__Bacteroidetes;c__Bacteroidia;o__Bacteroidales;f__Bacteroidaceae;g__Bacteroides;s__Bacteroides_salyersiae	-0.0155599719549	-0.00887730728941	0.0182984489947	-0.0461659991466	-0.0364742477549	-0.0201772392038	-0.0164678977562	0.0602563150296	-0.0299020615886	0.0293417041172	-0.00571084364058	-0.00529498712734	-0.0156884104853	-0.031521914785	0.0432781694108	-0.0628672143967	0.0458271678763	-0.0252473712277	-0.00836195706349	0.0280676008889	1.0	-0.000528873926631	0.0659646901208	-0.0129767701373	-0.00955186779287	0.010154911999	0.0609575376935	-0.0223544327695	-0.0918813134793	0.0485231218642	-0.00077062876354	0.0012428152834	-0.0366461527819	0.0380592708709	-0.0431876740591	-0.00101897678708	-0.00118859041555	-0.0917482545793	-0.00409062534036	0.0125943508138	-0.0480966483616	0.0497849465249	-0.0291955119237	0.0193864949645	0.0122997184736	0.00610962482082	-0.0397010170707	0.0452866593567	-0.00388025491722	-0.0169672406158	0.0317440145861	-0.0114558159137	-0.0557849555736	0.00869071008413	-0.0352038716535	0.0127036981358	0.00187849906287	-0.0472079221539	-0.0373793109288
k__Bacteria;p__Firmicutes;c__Clostridia;o__Clostridiales;f__Ruminococcaceae;g__Ruminiclostridium;s__[Eubacterium]_siraeum	-0.0480351720791	-0.00593662645981	-0.0912992515374	0.0197924813347	0.0124746211937	-0.0141228417484	0.0163951046192	-0.0710387113564	-0.0364082836762	-0.0785288999063	0.0435997885196	-0.00985832041128	-0.0492644792458	-0.0447070702469	0.081602600443	0.0166002498771	-0.0231153358011	-0.0147529738789	0.0520985194259	-0.0213683561797	-0.000528873926631	1.0	0.0571880835075	-0.0204815434751	-0.0241166690037	-0.00185410960923	-0.0790774498004	-0.0533884445213	-0.0044408461916	-0.0434473615962	0.0521341533137	0.0176172134063	-0.00885179501863	0.0260926051366	0.0211254455127	0.0171931973137	-0.00714539581921	-0.0170982961343	0.0348048605197	-0.0463364172925	0.0423667178948	0.0387812036064	-0.0326919531323	-0.0242352559793	0.000199451997471	-0.0325879692055	-0.0679107590045	0.0583783038687	0.0454446293758	-0.0440873725743	-0.0690132068284	-0.0250135942101	-0.0318459766877	0.0259040785062	-0.00217871322775	0.0244421901221	-0.0338832752306	-0.00943599366038	-0.00468465183592
k__Bacteria;p__Proteobacteria;c__Betaproteobacteria;o__Burkholderiales;f__Sutterellaceae;g__Parasutterella;s__Parasutterella_excrementihominis	0.028710189588	-0.0374988866286	0.0217784816466	-0.0524031091671	-0.0352357250406	-0.0674981364201	-0.0140229924348	-0.0143350338327	-0.0390863839691	-0.0106569115668	-0.00196297288941	-0.0468652759993	0.0299267403042	-0.00767164876681	-0.0776370148624	-0.00912404550578	0.0133210909944	-0.0238407382584	-0.0181165457061	0.00572483480713	0.0659646901208	0.0571880835075	1.0	0.00109155372593	0.0168837666785	-0.0461726724732	-0.0464383914939	-0.0826540888165	-0.0522414250582	-0.0306622108308	0.0294482564639	0.0153925989801	0.013714926821	0.0196159778145	-0.0225117927377	0.0159253917976	-0.00189823462669	-0.0383464676904	-0.00497855082782	-0.0235099447461	-0.0248930643103	0.0461920480307	-0.0424079587591	0.000502112659504	0.0116829743907	0.032266166496	0.0176486647955	-0.0128771819919	0.0135376395312	-0.0105404167301	-0.0590501292895	0.102267218136	0.0968299797654	0.0106343428526	0.0446976532543	-0.0263364024871	0.0513110854167	-0.0778599990352	-0.00603199419209
k__Bacteria;p__Actinobacteria;c__Actinobacteria;o__Bifidobacteriales;f__Bifidobacteriaceae;g__Bifidobacterium;s__Bifidobacterium_adolescentis	0.0601622344425	-0.0561612516166	0.00969998842293	0.00546628126293	0.0173696209245	-0.0178548598587	-0.0160194153364	-0.0461126216661	-0.00720312807264	-0.0196891730256	-0.0385161306243	-0.0453182648954	-0.021739126808	-0.0236889041111	-0.049885499838	0.0119249829104	0.0299990411633	-0.00249462514091	0.0921195062862	0.0018909658781	-0.0129767701373	-0.0204815434751	0.00109155372593	1.0	0.00550162995712	-0.068547393174	-0.0207427284787	0.0696045658797	-0.0178333808858	-0.0195102278829	0.0468414407888	-0.00774714333205	-0.00870463406846	-0.0189743540131	0.0191084697044	-0.00462750718551	0.0558363188576	-0.0881526824165	0.0721489775372	-0.02664484212	0.0441261512489	-0.0228528961359	0.0835162141922	-0.0173762816458	0.0188783864445	-0.0239959365304	-0.00610811153067	-0.0038480982885	-0.0249426661679	-0.0187353604245	-0.0657687452803	0.00238383394722	-0.0163117270351	-0.043936641793	-0.0285840444055	-0.00627545529643	-0.0268343084808	0.0289971008577	-0.0265739694849
k__Bacteria;p__Firmicutes;c__Clostridia;o__Clostridiales;f__Oscillospiraceae;g__Oscillibacter;s__Oscillibacter_sp._KLE_1745	0.0289134082371	-0.0600174666962	-0.0677714871985	-0.0165252496389	-0.0469205382302	-0.0393570785924	-0.0147310042061	-0.0930904924143	-0.0175908657218	0.0235570921893	-0.0495545419996	0.00936425858697	-0.0361315792385	-0.00484805148109	0.00798222818434	-0.000128036996248	0.0526540735093	-0.0835501186086	-0.0103115992698	-0.0737614504308	-0.00955186779287	-0.0241166690037	0.0168837666785	0.00550162995712	1.0	-0.0424860194308	0.033200406377	-0.00913934163155	-0.0628663399344	0.0461862686157	-0.0335517402078	0.0212734329224	-0.0588175564258	0.04140184608	-0.0663649966227	0.0522958335469	-0.0046517100902	0.00245187986561	-0.00792075853077	0.0514982365207	-0.0121516426864	-0.00247010712603	0.0188382938416	-0.0625286379116	-0.0108354053985	-0.0456162345248	0.0697288266099	0.0628811006329	0.0433660145427	-0.0106468417406	-0.0755083301058	0.0484021045046	-0.0345813734635	-0.0369731549421	0.00582113245271	-0.0172831391082	-0.0245489458077	0.00794659514044	-0.064650891026
k__Bacteria;p__Bacteroidetes;c__Bacteroidia;o__Bacteroidales;f__Bacteroidaceae;g__Bacteroides;s__Bacteroides_coprophilus	-0.0152805321224	-0.0888953601506	0.0536291045751	-0.0443830600576	-0.0185002580875	-0.00465299284383	-0.0485895684752	0.0428425329141	0.0207132111257	0.00154558646407	-0.0359005413642	0.0587385891034	-0.0593066133587	0.0250907241112	0.0500429023251	-0.0506466240923	-0.0324051507944	-0.0425822145106	-0.0362218943608	0.0240228590942	0.010154911999	-0.00185410960923	-0.0461726724732	-0.068547393174	-0.0424860194308	1.0	0.00156599218522	0.00151904746757	-0.0267672458455	-0.0201076970414	0.021867085681	0.0100887015465	0.00667191939416	0.0221408584269	0.0121661926365	-0.00506685973007	0.00384624748638	0.00597490570174	-0.00789170728131	-0.0237505306388	-0.0334062279021	-0.0878754494948	-0.0164556994386	0.0380444011633	-0.0122016669577	-0.00541695491199	0.0339761064997	0.0451076720776	0.0211673372928	-0.0216994338683	-0.00448088743641	-0.0234090759981	0.0755793565161	0.00222053362469	0.0141574235277	0.0226844784376	-0.0178325848343	-0.0214478177231	-0.00398939029551
k__Bacteria;p__Firmicutes;c__Clostridia;o__Clostridiales;f__Lachnospiraceae;g__Roseburia;s__Roseburia_intestinalis	0.0218436260496	-0.0199844350969	0.00185894541821	-0.0498488301151	-0.0253882940183	-0.0206225346429	-0.035811962506	-0.030363544721	-0.0417094063425	-0.025572257443	-0.0683425647688	-0.0282952969096	-0.0860996629557	-0.0121779939355	-0.0265951487135	-0.0152109882608	0.0594361841159	0.0557112885066	-0.037838168328	0.0370839015076	0.0609575376935	-0.0790774498004	-0.0464383914939	-0.0207427284787	0.033200406377	0.00156599218522	1.0	-0.0598930106999	0.0488372515509	-0.044707556815	-0.0957832151632	-0.0382025937	-0.0065408887987	-0.00228227239252	0.00829605709614	-0.0581338893633	-0.0271775539569	-0.0359039129848	0.0254107147916	-0.0780710849037	-0.0209967015472	-0.0112579483697	0.0517265151406	0.0380243318223	-0.0346383011094	-0.0497965797398	0.00823758837962	-0.0086760996962	-0.0757345551548	0.067782565083	-0.0316632484468	0.0287249870596	0.0146481435966	-0.000433098589882	-0.0311499851604	-0.0355933767113	0.056663406167	0.0568629778645	-0.0281869609067
k__Bacteria;p__Firmicutes;c__Clostridia;o__Clostridiales;f__Lachnospiraceae;g__Roseburia;s__Roseburia_hominis	-0.0163016206863	-0.0235899361422	0.0387366879076	-0.0183162513428	-0.00212266145462	0.0140097752774	-0.0502789118917	0.0394331785617	-0.0435868880108	-0.00770461392311	-0.0410731695748	0.0763337877496	-0.0982044978869	-0.015765480615	0.0435852108173	-0.00631529554219	0.0455785605695	-0.0682865487258	-0.0310985272589	-0.0265897947011	-0.0223544327695	-0.0533884445213	-0.0826540888165	0.0696045658797	-0.00913934163155	0.00151904746757	-0.0598930106999	1.0	-0.0148660856495	-0.0785887169305	0.0531491766416	0.0614098212776	0.0401296497824	0.044684444006	0.0410714750337	0.00256052880044	-0.017227464401	0.00894221779173	0.0372301406268	-0.0226617251815	-0.053248962475	-0.0159274337603	-0.120968419706	0.0131172660386	-0.0181119407778	-0.0509668137851	-0.00784985090062	-0.0257896614222	-0.0329918840266	-0.0326257966861	0.0263077761074	-0.0338781627994	-0.0167804111878	-0.00127879478855	0.0539328427436	-0.0204743026816	-0.0153694369423	0.0891846755875	0.0524819905536
k__Bacteria;p__Bacteroidetes;c__Bacteroidia;o__Bacteroidales;f__Porphyromonadaceae;g__Parabacteroides;s__Parabacteroides_johnsonii	-0.000490734005756	-0.0698745570239	0.0257275883934	0.0322280791361	-0.0313515763166	0.0120837333567	-0.0703891661532	-0.000126171054068	0.0373653635574	-0.0552664370237	-0.0539615357904	-0.0631808208118	0.0765017019782	0.00627384477171	0.0338100520025	0.0661814497035	-0.0363382133584	-0.0285386587147	0.0251537686886	0.00196632302982	-0.0918813134793	-0.0044408461916	-0.0522414250582	-0.0178333808858	-0.0628663399344	-0.0267672458455	0.0488372515509	-0.0148660856495	1.0	0.0598421248462	-0.00153483837246	-0.0309386321196	0.00956226257674	-0.0166886126583	0.0705676811126	0.0245587734174	0.0178322199548	-0.00116518591071	-0.0520972086317	-0.0155321417839	-0.0114987378562	0.0434217417738	0.0920641418445	-0.000220369573913	-0.0592141108315	-0.0109225801019	-0.00331023872247	-0.0548770183241	0.0082995983071	0.0244642323207	0.01150594063	-0.0257617231794	0.0151750309262	-0.0297408803026	-0.0109744883839	-0.0658457873892	-0.0630836552783	0.00209456696888	-0.0600790553844
k__Bacteria;p__Actinobacteria;c__Actinobacteria;o__Bifidobacteriales;f__Bifidobacteriaceae;g__Bifidobacterium;s__Bifidobacterium_longum	0.0019746882552	0.0466323793081	0.0434580060769	0.0141049901257	-0.0225318548221	0.0419276276535	0.0471489346556	-0.0292464630307	0.0106336030865	-0.0498600678166	-0.0286116920686	-0.00203628423765	0.00896771608798	-0.00180150739199	-0.0299206652795	-0.0334546478964	-0.00464951656356	-0.0461086071091	0.035839018732	-0.0706963460742	0.0485231218642	-0.0434473615962	-0.0306622108308	-0.0195102278829	0.0461862686157	-0.0201076970414	-0.044707556815	-0.0785887169305	0.0598421248462	1.0	0.00550869363734	0.00772781145567	-0.000833705960522	0.0443989654527	-0.0559844870725	0.00938068838791	-0.0533546957477	-0.0187547822413	0.00928116589481	-0.0619158133468	-0.0966571346852	0.0384878625281	-0.0458587645505	-0.0339933280992	0.0535306397321	-0.0706726132188	-0.0196078310098	-0.0136361958926	-0.0557504921049	0.000547177059653	-0.0929518389183	-0.00267715817429	-0.0733919123428	0.0449816976775	-0.000805500337015	0.0133286735091	-0.00201037504798	-0.0916495147002	-0.0222639674648
