#taxonomy	k__Bacteria;p__Bacteroidetes;c__Bacteroidia;o__Bacteroidales;f__Bacteroidaceae;g__Bacteroides;s__Bacteroides_vulgatus	k__Bacteria;p__Bacteroidetes;c__Bacteroidia;o__Bacteroidales;f__Bacteroidaceae;g__Bacteroides;s__Bacteroides_uniformis	k__Bacteria;p__Bacteroidetes;c__Bacteroidia;o__Bacteroidales;f__Rikenellaceae;g__Alistipes;s__Alistipes_putredinis	k__Bacteria;p__Bacteroidetes;c__Bacteroidia;o__Bacteroidales;f__Prevotellaceae;g__Prevotella;s__Prevotella_copri	k__Bacteria;p__Bacteroidetes;c__Bacteroidia;o__Bacteroidales;f__Bacteroidaceae;g__Bacteroides;s__Bacteroides_stercoris	k__Bacteria;p__Bacteroidetes;c__Bacteroidia;o__Bacteroidales;f__Bacteroidaceae;g__Bacteroides;s__Bacteroides_ovatus	k__Bacteria;p__Bacteroidetes;c__Bacteroidia;o__Bacteroidales;f__Rikenellaceae;g__Alistipes;s__Alistipes_shahii	k__Bacteria;p__Firmicutes;c__Clostridia;o__Clostridiales;f__Ruminococcaceae;g__Faecalibacterium;s__Faecalibacterium_prausnitzii	k__Bacteria;p__Bacteroidetes;c__Bacteroidia;o__Bacteroidales;f__Rikenellaceae;g__Alistipes;s__Alistipes_finegoldii	k__Bacteria;p__Bacteroidetes;c__Bacteroidia;o__Bacteroidales;f__Porphyromonadaceae;g__Parabacteroides;s__Parabacteroides_distasonis	k__Bacteria;p__Bacteroidetes;c__Bacteroidia;o__Bacteroidales;f__Bacteroidaceae;g__Bacteroides;s__Bacteroides_thetaiotaomicron	k__Bacteria;p__Bacteroidetes;c__Bacteroidia;o__Bacteroidales;f__Bacteroidaceae;g__Bacteroides;s__Bacteroides_coprocola	k__Bacteria;p__Bacteroidetes;c__Bacteroidia;o__Bacteroidales;f__Bacteroidaceae;g__Bacteroides;s__Bacteroides_cellulosilyticus	k__Bacteria;p__Bacteroidetes;c__Bacteroidia;o__Bacteroidales;f__Rikenellaceae;g__Alistipes;s__Alistipes_obesi	k__Bacteria;p__Firmicutes;c__Clostridia;o__Clostridiales;f__Lachnospiraceae;g__;s__[Eubacterium]_rectale	k__Bacteria;p__Bacteroidetes;c__Bacteroidia;o__Bacteroidales;f__Bacteroidaceae;g__Bacteroides;s__Bacteroides_plebeius	k__Bacteria;p__Bacteroidetes;c__Bacteroidia;o__Bacteroidales;f__Bacteroidaceae;g__Bacteroides;s__Bacteroides_fragilis	k__Bacteria;p__Proteobacteria;c__Betaproteobacteria;o__Burkholderiales;f__Sutterellaceae;g__Sutterella;s__Sutterella_wadsworthensis	k__Bacteria;p__Bacteroidetes;c__Bacteroidia;o__Bacteroidales;f__Porphyromonadaceae;g__Barnesiella;s__Barnesiella_intestinihominis	k__Bacteria;p__Bacteroidetes;c__Bacteroidia;o__Bacteroidales;f__Odoribacteraceae;g__Odoribacter;s__Odoribacter_splanchnicus	k__Bacteria;p__Bacteroidetes;c__Bacteroidia;o__Bacteroidales;f__Bacteroidaceae;g__Bacteroides;s__Bacteroides_salyersiae	k__Bacteria;p__Firmicutes;c__Clostridia;o__Clostridiales;f__Ruminococcaceae;g__Ruminiclostridium;s__[Eubacterium]_siraeum	k__Bacteria;p__Proteobacteria;c__Betaproteobacteria;o__Burkholderiales;f__Sutterellaceae;g__Parasutterella;s__Parasutterella_excrementihominis	k__Bacteria;p__Actinobacteria;c__Actinobacteria;o__Bifidobacteriales;f__Bifidobacteriaceae;g__Bifidobacterium;s__Bifidobacterium_adolescentis	k__Bacteria;p__Firmicutes;c__Clostridia;o__Clostridiales;f__Oscillospiraceae;g__Oscillibacter;s__Oscillibacter_sp._KLE_1745	k__Bacteria;p__Bacteroidetes;c__Bacteroidia;o__Bacteroidales;f__Bacteroidaceae;g__Bacteroides;s__Bacteroides_coprophilus	k__Bacteria;p__Firmicutes;c__Clostridia;o__Clostridiales;f__Lachnospiraceae;g__Roseburia;s__Roseburia_intestinalis	k__Bacteria;p__Firmicutes;c__Clostridia;o__Clostridiales;f__Lachnospiraceae;g__Roseburia;s__Roseburia_hominis	k__Bacteria;p__Bacteroidetes;c__Bacteroidia;o__Bacteroidales;f__Porphyromonadaceae;g__Parabacteroides;s__Parabacteroides_johnsonii	k__Bacteria;p__Actinobacteria;c__Actinobacteria;o__Bifidobacteriales;f__Bifidobacteriaceae;g__Bifidobacterium;s__Bifidobacterium_longum	k__Bacteria;p__Firmicutes;c__Clostridia;o__Clostridiales;f__;g__Flavonifractor;s__Flavonifractor_plautii	k__Bacteria;p__Firmicutes;c__Clostridia;o__Clostridiales;f__Clostridiaceae;g__Clostridium;s__Clostridium_phoceensis	k__Bacteria;p__Verrucomicrobia;c__Verrucomicrobiae;o__Verrucomicrobiales;f__Akkermansiaceae;g__Akkermansia;s__Akkermansia_muciniphila	k__Bacteria;p__Bacteroidetes;c__Bacteroidia;o__Bacteroidales;f__Prevotellaceae;g__Paraprevotella;s__Paraprevotella_xylaniphila	k__Bacteria;p__Firmicutes;c__Clostridia;o__Clostridiales;f__Ruminococcaceae;g__Ruminococcus;s__Ruminococcus_callidus	k__Bacteria;p__Bacteroidetes;c__Bacteroidia;o__Bacteroidales;f__Rikenellaceae;g__Alistipes;s__Alistipes_senegalensis	k__Bacteria;p__Firmicutes;c__Clostridia;o__Clostridiales;f__Lachnospiraceae;g__Blautia;s__Blautia_sp._KLE_1732	k__Bacteria;p__Bacteroidetes;c__Bacteroidia;o__Bacteroidales;f__Bacteroidaceae;g__Bacteroides;s__Bacteroides_oleiciplenus	k__Bacteria;p__Firmicutes;c__Clostridia;o__Clostridiales;f__Ruminococcaceae;g__Ruminococcus;s__Ruminococcus_bicirculans	k__Bacteria;p__Bacteroidetes;c__Bacteroidia;o__Bacteroidales;f__Bacteroidaceae;g__Bacteroides;s__Bacteroides_fluxus	k__Bacteria;p__Bacteroidetes;c__Bacteroidia;o__Bacteroidales;f__Prevotellaceae;g__Prevotella;s__Prevotella_stercorea	k__Bacteria;p__Firmicutes;c__Clostridia;o__Clostridiales;f__Lachnospiraceae;g__Dorea;s__Dorea_longicatena	k__Bacteria;p__Firmicutes;c__Clostridia;o__Clostridiales;f__Eubacteriaceae;g__Eubacterium;s__[Eubacterium]_eligens	k__Bacteria;p__Firmicutes;c__Clostridia;o__Clostridiales;f__Ruminococcaceae;g__;s__Ruminococcaceae_bacterium_D16	k__Bacteria;p__Firmicutes;c__Clostridia;o__Clostridiales;f__Lachnospiraceae;g__Coprococcus;s__Coprococcus_comes	k__Bacteria;p__Proteobacteria;c__Gammaproteobacteria;o__Enterobacterales;f__Enterobacteriaceae;g__Escherichia;s__Escherichia_coli	k__Bacteria;p__Firmicutes;c__Clostridia;o__Clostridiales;f__Ruminococcaceae;g__Anaerotruncus;s__Anaerotruncus_colihominis	k__Bacteria;p__Firmicutes;c__Clostridia;o__Clostridiales;f__Lachnospiraceae;g__Blautia;s__Blautia_obeum	k__Bacteria;p__Bacteroidetes;c__Bacteroidia;o__Bacteroidales;f__Odoribacteraceae;g__Odoribacter;s__Odoribacter_laneus	k__Bacteria;p__Firmicutes;c__Clostridia;o__Clostridiales;f__Ruminococcaceae;g__Ruminiclostridium;s__[Clostridium]_leptum	k__Bacteria;p__Bacteroidetes;c__Bacteroidia;o__Bacteroidales;f__Porphyromonadaceae;g__Parabacteroides;s__Parabacteroides_goldsteinii	k__Bacteria;p__Firmicutes;c__Clostridia;o__Clostridiales;f__Lachnospiraceae;g__Anaerostipes;s__Anaerostipes_hadrus	k__Bacteria;p__Firmicutes;c__Clostridia;o__Clostridiales;f__Ruminococcaceae;g__Ruminococcus;s__Ruminococcus_lactaris	k__Bacteria;p__Firmicutes;c__Clostridia;o__Clostridiales;f__Clostridiaceae;g__Clostridium;s__Clostridium_sp._L2-50	k__Bacteria;p__Firmicutes;c__Clostridia;o__Clostridiales;f__Clostridiaceae;g__Clostridium;s__Clostridium_sp._M62/1	k__Bacteria;p__Firmicutes;c__Clostridia;o__Clostridiales;f__;g__Intestinimonas;s__Intestinimonas_butyriciproducens	k__Bacteria;p__Actinobacteria;c__Actinobacteria;o__Bifidobacteriales;f__Bifidobacteriaceae;g__Bifidobacterium;s__Bifidobacterium_bifidum	k__Bacteria;p__Firmicutes;c__Negativicutes;o__Veillonellales;f__Veillonellaceae;g__Dialister;s__Dialister_invisus	k__Bacteria;p__Bacteroidetes;c__Bacteroidia;o__Bacteroidales;f__Bacteroidaceae;g__Bacteroides;s__Bacteroides_salanitronis
k__Bacteria;p__Bacteroidetes;c__Bacteroidia;o__Bacteroidales;f__Bacteroidaceae;g__Bacteroides;s__Bacteroides_vulgatus	1.0	-0.0710810130601	-0.111106542112	-0.0931623489808	0.0147973134296	-0.0449255236354	-0.0303073204912	-0.0197805510655	0.0511323078034	-0.00595770418862	-0.0297146112858	-0.0382553221281	-0.0180420947311	0.000883419726009	-0.0749023167306	0.0166465695562	-0.00371400168199	-0.090229750207	-0.014673397472	-0.020070746119	-0.0538206917441	-0.0931474660411	-0.0119443271767	0.037522249664	-0.0338508635379	-0.0346930204018	0.0718282245716	0.0251426471612	-0.0800318114712	0.0134878850201	0.049431137319	0.00561108690735	0.0160164065753	0.0151611889191	-0.0756823720666	-0.0188658156941	-0.0365972696694	0.011151664616	-0.0714516494626	-3.79307519484e-05	-0.00191602062152	0.0278977585298	0.016080915544	-0.0396068100624	-0.0213047210389	0.078636258051	0.0539986749872	0.0688093730129	0.0311201624774	0.00423488297242	-0.0315863860687	-0.0255783484116	-0.0765334122195	-0.0564002613026	0.00147664273816	0.0231850965987	0.0873501378166	-0.00139300082888	0.00300595638185
k__Bacteria;p__Bacteroidetes;c__Bacteroidia;o__Bacteroidales;f__Bacteroidaceae;g__Bacteroides;s__Bacteroides_uniformis	-0.0710810130601	1.0	-0.0601545076427	-0.0184663552199	-0.0328920562368	-0.0495256657497	-0.0448415002125	-0.029680843792	-0.00887962440538	-0.0802463515731	-0.027143249653	-0.0602251638445	0.0157797309278	0.0380263024085	-0.0209534367443	-0.0449350810234	-0.000918715019224	-0.0207892289616	-0.0025512483594	0.0268364000946	-0.0976776721463	-0.0236392262787	0.0480036214182	0.0121567095494	0.0679921927574	-0.0374782648808	-0.00261197896704	-0.0295199622823	-0.0474259712513	-0.10152322359	-6.51804857744e-05	0.0304702748121	0.0609762897612	-0.0571617078953	-0.0231520884208	-0.0168155160201	-0.0248730640625	-0.0193453777657	-0.02270278503	0.00207897691059	-0.0367991363518	0.00470089190518	-0.0167677360575	0.040623120629	-0.0071350498419	-0.0192337308795	-0.0524836753158	-0.0595996400648	-0.0419262686627	0.0403771349405	0.0238581641043	-0.0320265193559	-0.0452268120681	-0.0284335373024	0.0498859148663	-0.0396875379337	0.0332801914403	0.0274386173362	0.0230260875927
k__Bacteria;p__Bacteroidetes;c__Bacteroidia;o__Bacteroidales;f__Rikenellaceae;g__Alistipes;s__Alistipes_putredinis	-0.111106542112	-0.0601545076427	1.0	-0.00527402299834	-0.027031811543	0.0465706780043	0.0446323333745	0.0227978275108	0.0283981979143	-0.0989641444923	0.0531588226477	0.00285769945704	0.00498706231115	-0.0549440105183	0.0359528427783	-0.0230954260658	-0.0630153929137	0.015309848963	-0.0496270394676	0.0398971894481	0.0830748015498	-0.0315320271942	-0.00160854582168	0.0620723314086	-0.0389687321218	-0.0117194095931	-0.105114816446	-0.0591870086117	-0.0723361160899	0.0311677376485	-0.0536395761452	0.00104340208792	-0.0361062448796	-0.00683627039407	0.0254213703046	-0.0309559085472	-0.0727482506456	-0.0579884924801	0.00202987751503	0.00582488438972	0.0488622689752	0.023973845379	-0.0567203516597	-0.115142245316	-0.0348679355534	0.0180137233379	-0.0407511691341	-0.00566569095749	0.0184046396328	-0.0688392248262	-0.0181893194829	0.025211916572	-0.00617033107024	-0.0382806209593	0.00447890454015	-0.00699549998035	-0.0559172231465	-0.0195437917992	0.0488473954422
k__Bacteria;p__Bacteroidetes;c__Bacteroidia;o__Bacteroidales;f__Prevotellaceae;g__Prevotella;s__Prevotella_copri	-0.0931623489808	-0.0184663552199	-0.00527402299834	1.0	-0.0482819334651	-0.0184087854331	0.068277549328	-0.0121678683238	-0.00103533734053	0.0533467805123	-0.0520853901805	0.0227486388976	-0.0304222451047	-0.00538198185721	0.00482132953276	-0.0397466116435	0.0529985091919	-0.0259671726292	-0.0893088206375	0.00652003567541	0.00492827530467	0.0781314700848	0.014305850934	-0.00044392993023	-0.0301081440751	-0.0539425299462	-0.0210183052812	0.00952782713574	-0.0599298716367	-0.0186214051652	-0.0879820461575	-0.0366265092779	-0.0178881922583	-0.011893027909	0.00893768839163	-0.0162542827143	-0.0214366005732	-0.0169650224768	0.029394495968	0.00998261681141	-0.0286153150778	-0.0826042749345	-0.0551392383631	-0.0248958223985	-0.00119994183052	0.0382219602895	-0.00205081745291	-0.0640522410612	-0.0238855034018	0.00425153978556	-0.0123548969712	-0.0194577328805	0.0158758451709	-0.0225954430552	-0.0376113491596	0.0176168184238	-0.0219946179416	-0.0426415198487	-0.0341359140473
k__Bacteria;p__Bacteroidetes;c__Bacteroidia;o__Bacteroidales;f__Bacteroidaceae;g__Bacteroides;s__Bacteroides_stercoris	0.0147973134296	-0.0328920562368	-0.027031811543	-0.0482819334651	1.0	0.0436506448812	-0.0259990315185	-0.00575232733319	-0.0175904061754	-0.0302257381771	-0.0455884465665	0.00457281610538	-0.0914182320496	-0.0397751349751	0.0223725746265	-0.0392217962186	0.0312004358708	-0.0970397006373	-0.00859219142294	-0.0354042265679	-0.0264623634975	-0.0757279529656	0.030460217941	-0.0131261014608	0.0334716602118	-0.0630685506878	-0.0185600195231	-0.0280050712115	0.0242607939051	0.052843938237	-0.00978094386432	0.014138951246	0.0433561635091	-0.051358509009	0.0450960416664	-0.0466890142351	0.0501552079551	-0.0549896057414	0.0114594298256	-0.00468233112852	0.0676051782883	-0.00844769941529	-0.0300686021739	0.0233564174765	0.05404012494	-0.0253326165316	-0.0138377821361	-0.0114166506026	0.0393900188352	0.00499658656294	0.00104024119971	0.0143957530619	0.0289821151367	-0.0344571336057	-0.0168339869399	-0.00602303800644	-0.00758211054059	-0.00388287840176	0.0397392163036
k__Bacteria;p__Bacteroidetes;c__Bacteroidia;o__Bacteroidales;f__Bacteroidaceae;g__Bacteroides;s__Bacteroides_ovatus	-0.0449255236354	-0.0495256657497	0.0465706780043	-0.0184087854331	0.0436506448812	1.0	-0.0567825788326	-0.0289999506702	-0.0245984759927	0.0146297181007	-0.0639681750127	-0.0201438098772	-0.00444906030915	0.0295729167395	0.00506598784453	0.00391638093951	-0.0559479322811	-0.0156067751321	-0.068272039529	0.0135115166853	0.0208001741493	-0.0473198932346	0.00254156402259	0.0468446052348	0.0956119812037	-0.0036302355752	0.03910800093	0.0262500221282	-0.00646718209862	0.0183082336415	0.0314374983733	0.0439818824031	-0.0343728594237	0.00215931378398	-0.0265974460414	-0.010253462544	-0.00592706031167	0.0484444145979	0.0199727506385	-0.00895089147725	-0.011725414965	0.0194918332848	0.00562383564877	-0.0602026787632	0.0719751024069	-0.0344850194794	0.00763043987876	-0.010650728306	-0.0177701374658	-0.0225565566068	-0.0510840274311	-0.0313388526314	0.00583203475706	-0.00585043980907	0.0269469020925	-0.0258566948294	0.058512788175	0.00407561108144	-0.00634657122081
k__Bacteria;p__Bacteroidetes;c__Bacteroidia;o__Bacteroidales;f__Rikenellaceae;g__Alistipes;s__Alistipes_shahii	-0.0303073204912	-0.0448415002125	0.0446323333745	0.068277549328	-0.0259990315185	-0.0567825788326	1.0	-0.0157231757393	0.0223753387527	-0.0167396801686	0.0082193686363	0.0421409199044	-0.0118938561444	-0.0419475296133	-0.0448990931888	-0.0217875937509	0.00147883831416	-0.0923568168661	-0.0142552570306	0.052217916406	-0.0294763938102	0.0117475840876	-0.0528507653843	0.0478367015553	-0.0204509336581	0.0293278637506	0.0592193339115	-0.0189897522138	-0.0124629145031	-0.0141455219631	0.0391416298692	-0.038474471402	-0.0488692377993	0.0775628757117	-0.0392524442219	0.0106427256792	-0.043516939754	-0.0293551582929	0.00221054262324	0.0148551305762	0.0231230615622	0.00817382541492	-0.0347886200616	-0.0209783523054	-0.00931685193601	-0.0263471960945	-0.00282095912695	0.0381770746636	-0.0354375254568	-0.10168296053	0.0261275864209	-0.0362102502635	-0.0112210727405	-0.0284396443369	-0.0243966624386	0.0121448962022	-0.0763766608618	0.00292614382705	-0.0546973746006
k__Bacteria;p__Firmicutes;c__Clostridia;o__Clostridiales;f__Ruminococcaceae;g__Faecalibacterium;s__Faecalibacterium_prausnitzii	-0.0197805510655	-0.029680843792	0.0227978275108	-0.0121678683238	-0.00575232733319	-0.0289999506702	-0.0157231757393	1.0	-0.0495345637698	-0.0338562575469	0.0421830504633	-0.0143534318663	-0.00423792913773	-0.0140639149314	-0.0409806044093	-0.000773966909092	0.0275095873645	-0.0160123387253	0.0207998272961	0.0198240349962	0.0322027723103	-0.0613985251002	0.0152024368184	0.0119996969421	-0.0619978937196	0.0647404286182	-0.0298087651197	-0.0113753317089	0.00306908848527	-0.00804604257808	-0.017216349387	0.00599425349607	-0.00680020791679	0.055749440847	-0.00139185176804	0.0160582195754	0.0286424802124	-0.0797162170659	-0.10804146017	-0.000369867649283	0.0601720846017	-0.0395447132288	-0.00500742054916	-0.0189254448347	-0.0436568918403	0.0411534645479	-0.0341662761238	-0.00549800231354	-0.0135070373051	0.0164382467254	-0.0738403489209	0.00520421700084	0.0461086520929	-0.0502751071464	0.0207393885502	0.0154709370664	-0.0427849747918	0.0197122330097	-0.0166823985894
k__Bacteria;p__Bacteroidetes;c__Bacteroidia;o__Bacteroidales;f__Rikenellaceae;g__Alistipes;s__Alistipes_finegoldii	0.0511323078034	-0.00887962440538	0.0283981979143	-0.00103533734053	-0.0175904061754	-0.0245984759927	0.0223753387527	-0.0495345637698	1.0	-0.0109917683889	-0.0673592508792	-0.0339408588538	-0.044079111801	-0.0492675484909	-0.0264205687579	-0.0469805137016	-0.044287318689	0.0678748600286	0.0214865106092	-0.000760063439788	-0.00148548752153	0.0297665984479	-0.0143588019339	0.00103636817529	-0.00219759271868	-0.0108744050156	-0.00303609467797	-0.0324520697558	0.0569874438282	-0.0139964586332	0.0275678235482	0.0751566206418	-0.0406355973095	-0.0370345455905	0.00464728413099	-0.0201247449366	-0.0265836171796	-0.0566740795342	-0.020330599919	0.0516801969794	-0.0308846479781	0.0211736013517	0.0629807943075	-0.0120317889269	-0.062863252938	0.0995088644825	-0.0359230268872	-0.0381590110236	0.0388560480884	-0.0235229071611	-0.0577387557715	0.00829699920574	0.000258384617492	-0.0565874464652	-0.0423323661782	0.00649106098202	0.0346540303427	-0.0238479633573	-0.0694119490616
k__Bacteria;p__Bacteroidetes;c__Bacteroidia;o__Bacteroidales;f__Porphyromonadaceae;g__Parabacteroides;s__Parabacteroides_distasonis	-0.00595770418862	-0.0802463515731	-0.0989641444923	0.0533467805123	-0.0302257381771	0.0146297181007	-0.0167396801686	-0.0338562575469	-0.0109917683889	1.0	0.00710201124684	0.0293398984966	0.0102074624763	0.00343425627941	0.00511630444394	0.0247384638435	0.0201432438393	-0.0319660646181	-0.0586178535676	-0.013970609545	-0.019654137106	0.0024175802148	0.0399886834282	0.00569552232822	-0.0117177828147	-0.0684381236542	-0.00867517045559	-0.0901256973151	0.00467153432365	0.0156999445506	-0.0118346817372	0.0174912563311	0.0142941306393	0.0699408278461	0.0180761689823	-0.0152309263541	0.0173138446403	0.0122052984704	0.00997402909788	0.0185855132839	0.0204704310882	-0.037212349915	-0.0247185336578	-0.0174869924732	0.0295130875296	-0.0337158011096	0.0790201477857	-0.0467246530792	0.00409619763634	-0.0377366566761	-0.0441677620033	-0.0609000694993	-0.00288816718213	-0.0265466984112	-0.0466680298987	-0.0524935984999	-0.00945003955423	-0.0446900806801	-0.108544584304
k__Bacteria;p__Bacteroidetes;c__Bacteroidia;o__Bacteroidales;f__Bacteroidaceae;g__Bacteroides;s__Bacteroides_thetaiotaomicron	-0.0297146112858	-0.027143249653	0.0531588226477	-0.0520853901805	-0.0455884465665	-0.0639681750127	0.0082193686363	0.0421830504633	-0.0673592508792	0.00710201124684	1.0	-0.010633416726	-0.0244788020056	0.0118793282259	0.0197822354018	0.0582724470516	-0.030996186925	-0.00707063301806	0.0114858632299	0.0179254903608	0.0665792365782	-0.0278529155806	0.03506697293	0.0171048075931	-0.0216642481242	-0.0558068272818	-0.0190719259889	-0.00956617431534	-0.0211840312623	0.0204995057544	-0.105617139479	-0.0691010098929	0.046051233424	0.0827491397562	0.027009520248	-0.0109362278899	-0.0694063725581	0.0215332188867	0.0147820776012	-0.0406999971459	-0.068480973743	0.0349685028828	-0.0339593736722	-0.0387360316291	0.0224727746034	-0.00956621457703	-0.0572186548668	0.0216233180449	-0.0478782650992	-0.0381336681108	0.0443457453764	-0.0692969308459	0.073211726377	-0.0205982370038	0.0342392776231	0.0103718879724	-0.0310338809841	0.0154707411792	-0.0622527136273
k__Bacteria;p__Bacteroidetes;c__Bacteroidia;o__Bacteroidales;f__Bacteroidaceae;g__Bacteroides;s__Bacteroides_coprocola	-0.0382553221281	-0.0602251638445	0.00285769945704	0.0227486388976	0.00457281610538	-0.0201438098772	0.0421409199044	-0.0143534318663	-0.0339408588538	0.0293398984966	-0.010633416726	1.0	-0.0152403734431	-0.0727649044509	-0.0153256941923	0.0531620264009	-0.0155546182829	-0.0681992129863	-0.0211217806102	0.0247092675285	0.00353817899932	-0.00855447004003	-0.0372333107155	0.000765642607602	-0.086550601311	0.0327582199476	-0.0127762799957	0.0299751403653	-0.0363611003479	0.0134889277974	-0.0174796646335	-0.023884979329	0.00650636238351	-0.0728541322113	-0.0235891338437	0.00511835620531	0.00872309143804	-0.0402420213899	0.0422506768422	0.0346605457443	-0.036595241209	-0.0518930999194	-0.0467796685725	0.0486373263659	0.0257828512525	0.0403367492746	-0.00408988128779	0.00526183147148	0.0645435990589	-0.0236826735164	-0.0461501800241	0.0318120418036	-0.0965966890671	0.0256724563649	-0.0060045081399	-0.130439848447	-0.00315674105933	0.0535007524673	0.0130764851858
k__Bacteria;p__Bacteroidetes;c__Bacteroidia;o__Bacteroidales;f__Bacteroidaceae;g__Bacteroides;s__Bacteroides_cellulosilyticus	-0.0180420947311	0.0157797309278	0.00498706231115	-0.0304222451047	-0.0914182320496	-0.00444906030915	-0.0118938561444	-0.00423792913773	-0.044079111801	0.0102074624763	-0.0244788020056	-0.0152403734431	1.0	-0.0755936983577	0.085491457015	-0.074645793106	-0.0252443432119	0.0846582960259	-0.0565033011845	-0.0550718702837	0.0345896235544	-0.0351926956518	0.0621698515838	-0.00499025941129	-0.00526473095303	0.0203292445352	-0.000344236478228	0.0687256919375	-0.044926512181	-0.0114636131226	-0.0500264754452	-0.0770980837282	0.0155899913996	-0.0528326950118	0.0555468119737	-0.0064456088065	0.0917556012679	0.0394887069471	0.0244140128148	-0.00266438064747	0.00754820752813	-0.0205446509421	-0.0255111726851	-0.0461214123766	-0.0223530879915	-0.064161264265	0.00817256569778	-0.0596341382201	-0.0326717204416	-0.0252731663342	0.0525705943115	-0.0305225881079	-0.0676330912328	-0.0320285474034	-0.016621895059	-0.0769413331215	0.0692636899376	0.00625097040331	-0.0453551235159
k__Bacteria;p__Bacteroidetes;c__Bacteroidia;o__Bacteroidales;f__Rikenellaceae;g__Alistipes;s__Alistipes_obesi	0.000883419726009	0.0380263024085	-0.0549440105183	-0.00538198185721	-0.0397751349751	0.0295729167395	-0.0419475296133	-0.0140639149314	-0.0492675484909	0.0034342562794	0.0118793282259	-0.0727649044509	-0.0755936983577	1.0	-0.0150831819367	0.00641181835189	0.0434843719525	-0.0360523414513	-0.00872195783047	0.0268175728799	0.043733403268	0.0222451497071	-0.0649134516536	-0.0181959924682	0.0242740720058	-0.0307651153011	0.0292744489887	-0.0499637104951	-0.0419133099958	-0.0163966648409	-0.00963100420973	0.0473085173455	-0.013250639688	-0.0266421831995	-0.0359320031958	-0.00209880080828	-0.00662150841865	0.0102247655094	0.0369352147106	-0.0154264228757	0.00205257419172	-0.0337762001764	-0.084926628966	-0.0275003231719	-0.0313580247184	0.0328128180602	0.000173202262632	-0.035549586472	-0.127980653313	0.0226908810005	-0.0393631679563	0.00310661923686	0.0195103973376	0.0626452493434	-0.0475961082089	0.00605426272711	-0.00331744572659	0.00182405700116	-0.00721475191621
k__Bacteria;p__Firmicutes;c__Clostridia;o__Clostridiales;f__Lachnospiraceae;g__;s__[Eubacterium]_rectale	-0.0749023167306	-0.0209534367443	0.0359528427783	0.00482132953276	0.0223725746265	0.00506598784453	-0.0448990931888	-0.0409806044093	-0.0264205687579	0.00511630444394	0.0197822354018	-0.0153256941923	0.085491457015	-0.0150831819367	1.0	-0.0177965963008	-0.0840460291713	-0.0381017306965	-0.0246094960095	0.0312360894152	0.0244827000394	0.0296966707071	-0.0479301924456	0.00215619153224	-0.0830259032031	-0.0401010173039	0.0124304297958	-0.0320186640307	0.0630596969566	0.00584336944712	-0.0208868043757	0.0188776657341	0.000730495099073	0.0254214762908	0.0529928470586	-0.0274959310031	0.0545742523888	-0.0203701813834	-0.00409286673365	0.0394781634245	-0.0250859955704	-0.0766473822336	0.0120194717738	-0.0836787905306	-0.0128187926371	-0.0107530571507	0.00258736801297	0.063889500487	0.0372027103631	-0.0281145111614	-0.0449221002662	0.0345779300678	0.00633132003462	0.00454816767795	-0.033912631607	-0.0224988473003	-0.0154192017205	-0.0679222639304	0.0699459748346
k__Bacteria;p__Bacteroidetes;c__Bacteroidia;o__Bacteroidales;f__Bacteroidaceae;g__Bacteroides;s__Bacteroides_plebeius	0.0166465695562	-0.0449350810234	-0.0230954260658	-0.0397466116435	-0.0392217962186	0.00391638093951	-0.0217875937509	-0.000773966909092	-0.0469805137016	0.0247384638435	0.0582724470516	0.0531620264009	-0.074645793106	0.00641181835189	-0.0177965963008	1.0	-0.0569932444134	0.00207482483278	-0.0571279371822	0.0450618648771	-0.028025932985	-0.0330294323543	0.00296131514259	-0.0382053496021	-0.00493616308394	-0.027349193511	0.00579540818521	0.00495547694076	-0.00492780010039	0.0176866632846	0.0542087401485	0.0119738888875	-0.0150841445109	-0.0477512266591	-0.0188990307739	-0.0249292329863	-0.0132774521198	0.0106902377284	-0.00933503638724	0.0377611575034	0.0510999585094	-0.0449254809653	0.00491199059604	0.0168335052167	-0.0433194502603	-0.0442481235908	-0.00171933104645	0.00614573287563	0.0809029813458	0.00834139054845	0.0103922217782	-0.0331890548311	-0.059857240321	0.023711910335	-0.0118145943303	0.00602904484369	0.0162217856434	0.0327310328912	-0.000822103151266
k__Bacteria;p__Bacteroidetes;c__Bacteroidia;o__Bacteroidales;f__Bacteroidaceae;g__Bacteroides;s__Bacteroides_fragilis	-0.00371400168199	-0.000918715019224	-0.0630153929137	0.0529985091919	0.0312004358708	-0.0559479322811	0.00147883831416	0.0275095873645	-0.044287318689	0.0201432438393	-0.030996186925	-0.0155546182829	-0.0252443432119	0.0434843719525	-0.0840460291713	-0.0569932444134	1.0	-0.0110561831922	-0.065805615034	-0.0620395504728	0.0369790057739	0.0476691431132	-0.0732532705057	-0.0347004836289	0.0290512533789	0.00578128311353	-0.0786926555907	0.0410739526518	-0.0202369743423	0.0543020971825	0.0141078892566	-0.052453112842	-0.0637688833941	-0.0423787243003	-0.113330108381	0.0276002118333	-0.0149879120394	-0.0516685761126	-0.0214670232843	-0.0239873334717	0.00185332545694	-0.0157301325339	0.0429600031753	-0.0195132087035	-0.0734259227	-0.076868500954	-0.0192064974147	-0.0319776412764	-0.00598782395409	0.051135573528	0.0520875250338	-0.021677915027	-0.00446108136443	0.0405548950633	-0.00694359311036	0.0318937410058	0.00873497866709	-0.0420827239913	-0.0442643642507
k__Bacteria;p__Proteobacteria;c__Betaproteobacteria;o__Burkholderiales;f__Sutterellaceae;g__Sutterella;s__Sutterella_wadsworthensis	-0.090229750207	-0.0207892289616	0.015309848963	-0.0259671726292	-0.0970397006373	-0.0156067751321	-0.0923568168661	-0.0160123387253	0.0678748600286	-0.0319660646181	-0.00707063301806	-0.0681992129863	0.0846582960259	-0.0360523414513	-0.0381017306965	0.00207482483278	-0.0110561831922	1.0	-0.0757359722463	-0.00540100865758	-0.06463115213	-0.0254562392074	-0.0231075820479	-0.0317880066091	-0.00423278903306	-0.0556383107406	0.0088280453575	0.0616838439285	-0.0197632545801	0.0115971698694	0.00579021436412	-0.0020994445083	0.0365560809612	0.0686686476849	-0.00656143874152	0.0536585412885	-0.0155012854029	-0.0692724073897	0.0358779590544	0.0515831737266	0.00197573009397	0.0263030234547	-0.00282740894317	-0.0268017264658	-0.0934201084147	-0.0473918209095	0.0603530793155	0.0431242726208	-0.0203793316742	0.0293147050295	0.0203075452658	-0.0415891974045	-0.0699205569533	0.0792775321026	-0.0206818620736	-0.0383512239658	-0.00516247459383	0.0284137566218	0.0329330456409
k__Bacteria;p__Bacteroidetes;c__Bacteroidia;o__Bacteroidales;f__Porphyromonadaceae;g__Barnesiella;s__Barnesiella_intestinihominis	-0.014673397472	-0.0025512483594	-0.0496270394676	-0.0893088206375	-0.00859219142294	-0.068272039529	-0.0142552570306	0.0207998272961	0.0214865106092	-0.0586178535676	0.0114858632299	-0.0211217806102	-0.0565033011845	-0.00872195783047	-0.0246094960095	-0.0571279371822	-0.065805615034	-0.0757359722463	1.0	-0.0390797446226	0.0173561592226	0.0632260289332	-0.00327666106811	-0.0235047290467	-0.0218407505834	-0.00397395871891	-0.0210068831883	-0.0443348359682	-0.000888321463904	0.0146764433243	-0.0465021296049	0.0255289928608	-0.0450557027866	0.0285892049328	0.0423081839826	-0.0150503971063	0.0182276485082	-0.0352447863238	-0.0306789853879	-0.0479256427694	-0.00564647834557	-0.00624605623788	0.0133768641948	0.0110355093641	-0.0362672384992	0.00510399461358	-0.0274130882384	-0.00882067705091	-0.0415515341603	-0.0465365877849	0.0692073889198	0.0631870856501	-0.00200850257094	0.0196850613259	-0.0296243005797	9.22210732118e-05	0.0332964078375	0.00620812024598	-0.0376593124956
k__Bacteria;p__Bacteroidetes;c__Bacteroidia;o__Bacteroidales;f__Odoribacteraceae;g__Odoribacter;s__Odoribacter_splanchnicus	-0.020070746119	0.0268364000946	0.0398971894481	0.00652003567541	-0.035404226568	0.0135115166853	0.052217916406	0.0198240349962	-0.000760063439788	-0.013970609545	0.0179254903608	0.0247092675285	-0.0550718702837	0.0268175728799	0.0312360894152	0.0450618648771	-0.0620395504728	-0.00540100865758	-0.0390797446226	1.0	-0.00637685309505	0.0282708468537	-0.0521442787761	-0.0230872886185	-0.0295908027526	-0.0223242479115	0.0446443140727	-0.0364783942523	-0.055891394672	0.0358114410041	-0.0345753910416	-0.0383081784152	-0.0462381774671	-0.0047671165957	-0.051946703466	-0.00809653996585	-0.0189936093992	-0.0718644875106	0.0978260627949	0.012851935554	-0.0281184460467	-0.0619214159307	-0.0767407071907	-0.0059315962738	-0.0291616671353	0.000478609352558	-0.00797389901615	0.00275406025234	0.0991171784906	-0.0404598160288	-0.0713059070085	0.0122024653275	-0.056620657446	0.0601615258835	-0.0393354577827	0.0323844437303	-0.0071003681091	-0.0431728010386	0.0413172685347
k__Bacteria;p__Bacteroidetes;c__Bacteroidia;o__Bacteroidales;f__Bacteroidaceae;g__Bacteroides;s__Bacteroides_salyersiae	-0.0538206917441	-0.0976776721463	0.0830748015498	0.00492827530467	-0.0264623634975	0.0208001741493	-0.0294763938102	0.0322027723103	-0.00148548752153	-0.019654137106	0.0665792365782	0.00353817899932	0.0345896235544	0.043733403268	0.0244827000394	-0.028025932985	0.0369790057739	-0.06463115213	0.0173561592226	-0.00637685309505	1.0	0.014343307723	-0.10228276209	-0.0652894598396	0.0175022227076	0.0188970355997	-0.0629476896157	-0.0578206511357	0.0816403150189	0.0134621975889	-0.0448702450231	-0.0164150566518	-0.0405364094965	-0.0489978285288	0.0521844828411	-0.00630130554758	-0.0479812152561	-0.00301537140519	0.0302782958081	0.0112566949532	-0.0933281628376	0.031092973986	0.115519767924	-0.0716588701925	-0.101440575564	0.0501685484109	-0.0203237621232	0.0368341053418	0.0208718376589	0.057863156906	-0.0176182792393	0.0291095733006	-0.055858917996	-0.0113636775574	0.0126223729088	0.0290640819836	-0.0330415199592	-0.00461862569893	-0.00506035068157
k__Bacteria;p__Firmicutes;c__Clostridia;o__Clostridiales;f__Ruminococcaceae;g__Ruminiclostridium;s__[Eubacterium]_siraeum	-0.0931474660411	-0.0236392262787	-0.0315320271942	0.0781314700848	-0.0757279529656	-0.0473198932346	0.0117475840876	-0.0613985251002	0.0297665984479	0.0024175802148	-0.0278529155806	-0.00855447004003	-0.0351926956518	0.0222451497071	0.0296966707071	-0.0330294323543	0.0476691431132	-0.0254562392074	0.0632260289332	0.0282708468537	0.014343307723	1.0	0.0591284363158	-0.00301715959593	0.00815145187896	-0.0272718772538	0.0320707150239	-0.0294173167033	-0.00154234431476	-0.000863983443224	-0.0962324301965	-0.103403603221	0.00319050846834	-0.0561260897373	-0.0208142008875	-0.0211576198016	-0.0276740150536	-0.022518771416	-0.0722075030494	0.0283401997787	0.019930326595	-0.0809366149479	0.0534799761034	0.0325056272768	0.0240114972187	-0.0267814633718	-0.017230151738	-0.0359811555454	0.0054742289035	0.00336797556475	0.0388964948109	-0.0367903938074	0.0289601805264	0.00583486926187	-0.044846669557	0.03879570727	0.00575178209172	-0.0246545933423	0.00792416988303
k__Bacteria;p__Proteobacteria;c__Betaproteobacteria;o__Burkholderiales;f__Sutterellaceae;g__Parasutterella;s__Parasutterella_excrementihominis	-0.0119443271767	0.0480036214182	-0.00160854582168	0.014305850934	0.030460217941	0.00254156402259	-0.0528507653843	0.0152024368184	-0.0143588019339	0.0399886834282	0.03506697293	-0.0372333107155	0.0621698515838	-0.0649134516536	-0.0479301924456	0.00296131514259	-0.0732532705057	-0.0231075820479	-0.00327666106811	-0.0521442787761	-0.10228276209	0.0591284363158	1.0	-0.00443355854812	0.0722287312893	-0.0106707766415	0.0758744741755	-0.0366444003621	0.0091382915315	0.00790918996239	-0.0475494676952	0.0875211187955	-0.041763931574	-0.0182883849173	0.0374493831186	0.00222858806054	0.00612644312368	-0.0129922599402	-0.0646029426202	-0.138489670836	0.0220154594075	-0.0551487159442	-0.00697342530635	0.00221001520483	0.00324062063938	-0.0360408301031	0.011577498044	0.0221111955183	0.0949550953833	0.0173583676683	0.0220269997087	-0.0345320781289	-0.0110798198514	-0.0619874523428	-0.0317329170142	-0.0507521841156	0.0355266867802	-0.0420500057266	0.0288687318652
k__Bacteria;p__Actinobacteria;c__Actinobacteria;o__Bifidobacteriales;f__Bifidobacteriaceae;g__Bifidobacterium;s__Bifidobacterium_adolescentis	0.037522249664	0.0121567095494	0.0620723314086	-0.00044392993023	-0.0131261014608	0.0468446052348	0.0478367015553	0.0119996969421	0.00103636817529	0.00569552232822	0.0171048075931	0.000765642607602	-0.00499025941129	-0.0181959924682	0.00215619153224	-0.0382053496021	-0.0347004836289	-0.0317880066091	-0.0235047290467	-0.0230872886185	-0.0652894598396	-0.00301715959593	-0.00443355854812	1.0	0.0159185936221	0.0102349631786	0.0137804417928	0.0524615725656	-0.0276666923549	-0.0427054735133	-0.00732766667137	-0.0477740915769	-0.0410587221531	-0.073254149552	-0.0238976041944	-0.0364965359426	-0.0330931387788	-0.0608166998149	-0.0222629060579	0.015528230343	-0.0223958623813	0.013725353146	-0.0324733708412	-0.0258177206614	-0.0373407324234	-0.0120483049181	-0.098477782832	0.0292697615666	-0.0448303207602	0.00106287363951	0.0211982231926	-0.0355193961882	0.0335357328819	-0.0457875399413	-0.0104645344126	-0.0225005771913	-0.0110252277693	-0.0373682038785	0.011487559096
k__Bacteria;p__Firmicutes;c__Clostridia;o__Clostridiales;f__Oscillospiraceae;g__Oscillibacter;s__Oscillibacter_sp._KLE_1745	-0.0338508635379	0.0679921927574	-0.0389687321218	-0.0301081440751	0.0334716602118	0.0956119812037	-0.0204509336581	-0.0619978937196	-0.00219759271868	-0.0117177828147	-0.0216642481242	-0.086550601311	-0.00526473095303	0.0242740720058	-0.0830259032031	-0.00493616308394	0.0290512533789	-0.00423278903306	-0.0218407505834	-0.0295908027526	0.0175022227076	0.00815145187896	0.0722287312893	0.0159185936221	1.0	-0.019427902996	-0.0332416830197	0.0127079583273	-0.0269899323768	0.0762946208687	-0.056322723416	-0.0194376972492	0.0104719558288	-0.00748832912069	-0.079645101685	-0.00428084338868	-0.0726467364595	0.0499993167652	0.0128866544915	-0.067050281135	-0.0361814137038	0.00615719411595	-0.101300391877	-0.0274241597741	0.0233463956107	-0.0209210551471	-0.0409193608717	-0.0791639421615	-0.0553426196589	-0.00455945501973	0.0164755139951	0.0384219706009	0.00557565805546	-0.0180632725797	0.0398426589253	-0.0406380683388	-0.0207764828445	-0.00555527630873	0.0206451337089
k__Bacteria;p__Bacteroidetes;c__Bacteroidia;o__Bacteroidales;f__Bacteroidaceae;g__Bacteroides;s__Bacteroides_coprophilus	-0.0346930204018	-0.0374782648808	-0.0117194095931	-0.0539425299462	-0.0630685506878	-0.0036302355752	0.0293278637506	0.0647404286182	-0.0108744050156	-0.0684381236542	-0.0558068272818	0.0327582199476	0.0203292445352	-0.0307651153011	-0.0401010173039	-0.027349193511	0.00578128311353	-0.0556383107406	-0.00397395871891	-0.0223242479115	0.0188970355997	-0.0272718772538	-0.0106707766415	0.0102349631786	-0.019427902996	1.0	-0.0162803276847	-0.0164106429413	-0.000578678637562	0.00346340458048	-0.00944662478463	-0.061676803733	-0.0390692074132	-0.0165037491023	-0.0301242792101	0.0271720355373	0.0114870888163	-0.0322143310044	0.0509053366532	0.0349523772555	-0.0575744898519	-0.0105165364589	-0.021691048997	-0.0795519779424	0.00955852967747	-0.0359184853945	-0.0546280155282	-0.128775559824	0.0408133956564	-0.017554346137	-0.0060210690532	0.0452474916139	-0.0736650951764	0.0333593840968	0.00595998159435	0.0160291136105	0.0166855741968	-0.00938354964449	0.0183715084783
k__Bacteria;p__Firmicutes;c__Clostridia;o__Clostridiales;f__Lachnospiraceae;g__Roseburia;s__Roseburia_intestinalis	0.0718282245716	-0.00261197896704	-0.105114816446	-0.0210183052812	-0.0185600195231	0.03910800093	0.0592193339115	-0.0298087651197	-0.00303609467797	-0.00867517045559	-0.0190719259889	-0.0127762799957	-0.000344236478228	0.0292744489887	0.0124304297958	0.00579540818521	-0.0786926555907	0.0088280453575	-0.0210068831883	0.0446443140727	-0.0629476896157	0.0320707150239	0.0758744741755	0.0137804417928	-0.0332416830197	-0.0162803276847	1.0	0.0186421466252	-0.0108396462439	-0.0210478636457	-0.0449253310316	0.047182590556	0.00118621664284	-0.038659268689	0.0386511808226	-0.0423039528572	-0.081404042013	-0.0797989143652	-0.00303073894118	-0.0356957910228	-0.0163036702553	-0.0460047706502	-0.0314314257219	0.0146250021144	0.00844010875964	0.00309979630837	0.00674441165506	0.055652298957	-0.0586594550661	0.00173126452846	-0.0233971479841	-0.00829022348811	0.00256062522684	0.0513755410625	-0.04707637859	-0.0141878158469	-0.0159564503408	0.0133857491996	0.0270563801489
k__Bacteria;p__Firmicutes;c__Clostridia;o__Clostridiales;f__Lachnospiraceae;g__Roseburia;s__Roseburia_hominis	0.0251426471612	-0.0295199622823	-0.0591870086117	0.00952782713574	-0.0280050712115	0.0262500221282	-0.0189897522138	-0.0113753317089	-0.0324520697558	-0.0901256973151	-0.00956617431534	0.0299751403653	0.0687256919375	-0.0499637104951	-0.0320186640307	0.00495547694076	0.0410739526518	0.0616838439285	-0.0443348359682	-0.0364783942523	-0.0578206511357	-0.0294173167033	-0.0366444003621	0.0524615725656	0.0127079583273	-0.0164106429413	0.0186421466252	1.0	-0.016578271913	-0.0238374041453	0.0502651793581	-0.0541882692079	0.0136958540167	0.0178560966044	-0.00972328588266	0.00733975951906	-0.0318829758233	0.0398942111296	0.00986952797569	-0.0503280420869	0.00716638945323	0.00744514630576	0.0182227278318	0.00855274179568	0.0287811014664	-0.00836437669759	-0.0559095319595	-0.0225211759043	-0.0316145253492	-0.0578410166049	-0.0343667525431	-0.00778804895714	-0.0235230845938	0.0377453975517	0.0333694616305	0.0263186879683	-0.0415448777223	0.0603637463103	-0.0359327426859
k__Bacteria;p__Bacteroidetes;c__Bacteroidia;o__Bacteroidales;f__Porphyromonadaceae;g__Parabacteroides;s__Parabacteroides_johnsonii	-0.0800318114712	-0.0474259712513	-0.0723361160899	-0.0599298716367	0.0242607939051	-0.00646718209862	-0.0124629145031	0.00306908848527	0.0569874438282	0.00467153432365	-0.0211840312623	-0.0363611003479	-0.044926512181	-0.0419133099958	0.0630596969566	-0.00492780010039	-0.0202369743423	-0.0197632545801	-0.000888321463904	-0.055891394672	0.0816403150189	-0.00154234431476	0.0091382915315	-0.0276666923549	-0.0269899323768	-0.000578678637562	-0.0108396462439	-0.016578271913	1.0	0.0199363079991	-0.00456199332918	0.0256415630669	-0.0260941654281	-0.0319381599743	-0.00456892668467	0.0446721906883	0.00373597912774	-0.039182961062	-0.0291166398003	-0.0190950923665	0.00663706579027	-0.0345073710627	0.0077916407437	-0.0711697818871	0.00405286709266	0.0301751557843	-0.0407299088001	-0.0433401765888	0.051339890068	-0.00953202536843	0.0892866366534	-0.075299196883	0.0135359709459	-0.0309202295932	-0.0194889465036	-0.00284897919892	-0.00340347449806	0.0117919561152	0.0936804458788
k__Bacteria;p__Actinobacteria;c__Actinobacteria;o__Bifidobacteriales;f__Bifidobacteriaceae;g__Bifidobacterium;s__Bifidobacterium_longum	0.0134878850201	-0.10152322359	0.0311677376485	-0.0186214051652	0.052843938237	0.0183082336415	-0.0141455219631	-0.00804604257808	-0.0139964586332	0.0156999445506	0.0204995057544	0.0134889277974	-0.0114636131226	-0.0163966648409	0.00584336944712	0.0176866632846	0.0543020971825	0.0115971698694	0.0146764433243	0.0358114410041	0.0134621975889	-0.000863983443224	0.00790918996238	-0.0427054735133	0.0762946208687	0.00346340458048	-0.0210478636457	-0.0238374041453	0.0199363079991	1.0	-0.0632288062068	0.0218833456089	-0.0715232051007	-0.102023463894	0.0535783337608	0.0026561215145	0.0712218405425	0.0441841506624	-0.0703873095469	0.0571859816738	-0.013718819657	-0.0214525054432	0.0163335117209	-0.0164040175531	-0.0280458621312	-0.0329860137828	-0.0149914546402	-0.0197620373456	-0.0397584619423	-0.0644041325573	0.0492811002866	0.033694338162	-0.0849929380695	-0.00305242202193	-0.0373800893681	-0.0860752950796	-0.0292996968874	0.0260360464384	-0.0472383262671
