#taxonomy	k__Bacteria;p__Bacteroidetes;c__Bacteroidia;o__Bacteroidales;f__Bacteroidaceae;g__Bacteroides;s__Bacteroides_vulgatus	k__Bacteria;p__Bacteroidetes;c__Bacteroidia;o__Bacteroidales;f__Bacteroidaceae;g__Bacteroides;s__Bacteroides_uniformis	k__Bacteria;p__Bacteroidetes;c__Bacteroidia;o__Bacteroidales;f__Rikenellaceae;g__Alistipes;s__Alistipes_putredinis	k__Bacteria;p__Bacteroidetes;c__Bacteroidia;o__Bacteroidales;f__Prevotellaceae;g__Prevotella;s__Prevotella_copri	k__Bacteria;p__Bacteroidetes;c__Bacteroidia;o__Bacteroidales;f__Bacteroidaceae;g__Bacteroides;s__Bacteroides_stercoris	k__Bacteria;p__Bacteroidetes;c__Bacteroidia;o__Bacteroidales;f__Bacteroidaceae;g__Bacteroides;s__Bacteroides_ovatus	k__Bacteria;p__Bacteroidetes;c__Bacteroidia;o__Bacteroidales;f__Rikenellaceae;g__Alistipes;s__Alistipes_shahii	k__Bacteria;p__Firmicutes;c__Clostridia;o__Clostridiales;f__Ruminococcaceae;g__Faecalibacterium;s__Faecalibacterium_prausnitzii	k__Bacteria;p__Bacteroidetes;c__Bacteroidia;o__Bacteroidales;f__Rikenellaceae;g__Alistipes;s__Alistipes_finegoldii	k__Bacteria;p__Bacteroidetes;c__Bacteroidia;o__Bacteroidales;f__Porphyromonadaceae;g__Parabacteroides;s__Parabacteroides_distasonis	k__Bacteria;p__Bacteroidetes;c__Bacteroidia;o__Bacteroidales;f__Bacteroidaceae;g__Bacteroides;s__Bacteroides_thetaiotaomicron	k__Bacteria;p__Bacteroidetes;c__Bacteroidia;o__Bacteroidales;f__Bacteroidaceae;g__Bacteroides;s__Bacteroides_coprocola	k__Bacteria;p__Bacteroidetes;c__Bacteroidia;o__Bacteroidales;f__Bacteroidaceae;g__Bacteroides;s__Bacteroides_cellulosilyticus	k__Bacteria;p__Bacteroidetes;c__Bacteroidia;o__Bacteroidales;f__Rikenellaceae;g__Alistipes;s__Alistipes_obesi	k__Bacteria;p__Firmicutes;c__Clostridia;o__Clostridiales;f__Lachnospiraceae;g__;s__[Eubacterium]_rectale	k__Bacteria;p__Bacteroidetes;c__Bacteroidia;o__Bacteroidales;f__Bacteroidaceae;g__Bacteroides;s__Bacteroides_plebeius	k__Bacteria;p__Bacteroidetes;c__Bacteroidia;o__Bacteroidales;f__Bacteroidaceae;g__Bacteroides;s__Bacteroides_fragilis	k__Bacteria;p__Proteobacteria;c__Betaproteobacteria;o__Burkholderiales;f__Sutterellaceae;g__Sutterella;s__Sutterella_wadsworthensis	k__Bacteria;p__Bacteroidetes;c__Bacteroidia;o__Bacteroidales;f__Porphyromonadaceae;g__Barnesiella;s__Barnesiella_intestinihominis	k__Bacteria;p__Bacteroidetes;c__Bacteroidia;o__Bacteroidales;f__Odoribacteraceae;g__Odoribacter;s__Odoribacter_splanchnicus	k__Bacteria;p__Bacteroidetes;c__Bacteroidia;o__Bacteroidales;f__Bacteroidaceae;g__Bacteroides;s__Bacteroides_salyersiae	k__Bacteria;p__Firmicutes;c__Clostridia;o__Clostridiales;f__Ruminococcaceae;g__Ruminiclostridium;s__[Eubacterium]_siraeum	k__Bacteria;p__Proteobacteria;c__Betaproteobacteria;o__Burkholderiales;f__Sutterellaceae;g__Parasutterella;s__Parasutterella_excrementihominis	k__Bacteria;p__Actinobacteria;c__Actinobacteria;o__Bifidobacteriales;f__Bifidobacteriaceae;g__Bifidobacterium;s__Bifidobacterium_adolescentis	k__Bacteria;p__Firmicutes;c__Clostridia;o__Clostridiales;f__Oscillospiraceae;g__Oscillibacter;s__Oscillibacter_sp._KLE_1745	k__Bacteria;p__Bacteroidetes;c__Bacteroidia;o__Bacteroidales;f__Bacteroidaceae;g__Bacteroides;s__Bacteroides_coprophilus	k__Bacteria;p__Firmicutes;c__Clostridia;o__Clostridiales;f__Lachnospiraceae;g__Roseburia;s__Roseburia_intestinalis	k__Bacteria;p__Firmicutes;c__Clostridia;o__Clostridiales;f__Lachnospiraceae;g__Roseburia;s__Roseburia_hominis	k__Bacteria;p__Bacteroidetes;c__Bacteroidia;o__Bacteroidales;f__Porphyromonadaceae;g__Parabacteroides;s__Parabacteroides_johnsonii	k__Bacteria;p__Actinobacteria;c__Actinobacteria;o__Bifidobacteriales;f__Bifidobacteriaceae;g__Bifidobacterium;s__Bifidobacterium_longum	k__Bacteria;p__Firmicutes;c__Clostridia;o__Clostridiales;f__;g__Flavonifractor;s__Flavonifractor_plautii	k__Bacteria;p__Firmicutes;c__Clostridia;o__Clostridiales;f__Clostridiaceae;g__Clostridium;s__Clostridium_phoceensis	k__Bacteria;p__Verrucomicrobia;c__Verrucomicrobiae;o__Verrucomicrobiales;f__Akkermansiaceae;g__Akkermansia;s__Akkermansia_muciniphila	k__Bacteria;p__Bacteroidetes;c__Bacteroidia;o__Bacteroidales;f__Prevotellaceae;g__Paraprevotella;s__Paraprevotella_xylaniphila	k__Bacteria;p__Firmicutes;c__Clostridia;o__Clostridiales;f__Ruminococcaceae;g__Ruminococcus;s__Ruminococcus_callidus	k__Bacteria;p__Bacteroidetes;c__Bacteroidia;o__Bacteroidales;f__Rikenellaceae;g__Alistipes;s__Alistipes_senegalensis	k__Bacteria;p__Firmicutes;c__Clostridia;o__Clostridiales;f__Lachnospiraceae;g__Blautia;s__Blautia_sp._KLE_1732	k__Bacteria;p__Bacteroidetes;c__Bacteroidia;o__Bacteroidales;f__Bacteroidaceae;g__Bacteroides;s__Bacteroides_oleiciplenus	k__Bacteria;p__Firmicutes;c__Clostridia;o__Clostridiales;f__Ruminococcaceae;g__Ruminococcus;s__Ruminococcus_bicirculans	k__Bacteria;p__Bacteroidetes;c__Bacteroidia;o__Bacteroidales;f__Bacteroidaceae;g__Bacteroides;s__Bacteroides_fluxus	k__Bacteria;p__Bacteroidetes;c__Bacteroidia;o__Bacteroidales;f__Prevotellaceae;g__Prevotella;s__Prevotella_stercorea	k__Bacteria;p__Firmicutes;c__Clostridia;o__Clostridiales;f__Lachnospiraceae;g__Dorea;s__Dorea_longicatena	k__Bacteria;p__Firmicutes;c__Clostridia;o__Clostridiales;f__Eubacteriaceae;g__Eubacterium;s__[Eubacterium]_eligens	k__Bacteria;p__Firmicutes;c__Clostridia;o__Clostridiales;f__Ruminococcaceae;g__;s__Ruminococcaceae_bacterium_D16	k__Bacteria;p__Firmicutes;c__Clostridia;o__Clostridiales;f__Lachnospiraceae;g__Coprococcus;s__Coprococcus_comes	k__Bacteria;p__Proteobacteria;c__Gammaproteobacteria;o__Enterobacterales;f__Enterobacteriaceae;g__Escherichia;s__Escherichia_coli	k__Bacteria;p__Firmicutes;c__Clostridia;o__Clostridiales;f__Ruminococcaceae;g__Anaerotruncus;s__Anaerotruncus_colihominis	k__Bacteria;p__Firmicutes;c__Clostridia;o__Clostridiales;f__Lachnospiraceae;g__Blautia;s__Blautia_obeum	k__Bacteria;p__Bacteroidetes;c__Bacteroidia;o__Bacteroidales;f__Odoribacteraceae;g__Odoribacter;s__Odoribacter_laneus	k__Bacteria;p__Firmicutes;c__Clostridia;o__Clostridiales;f__Ruminococcaceae;g__Ruminiclostridium;s__[Clostridium]_leptum	k__Bacteria;p__Bacteroidetes;c__Bacteroidia;o__Bacteroidales;f__Porphyromonadaceae;g__Parabacteroides;s__Parabacteroides_goldsteinii	k__Bacteria;p__Firmicutes;c__Clostridia;o__Clostridiales;f__Lachnospiraceae;g__Anaerostipes;s__Anaerostipes_hadrus	k__Bacteria;p__Firmicutes;c__Clostridia;o__Clostridiales;f__Ruminococcaceae;g__Ruminococcus;s__Ruminococcus_lactaris	k__Bacteria;p__Firmicutes;c__Clostridia;o__Clostridiales;f__Clostridiaceae;g__Clostridium;s__Clostridium_sp._L2-50	k__Bacteria;p__Firmicutes;c__Clostridia;o__Clostridiales;f__Clostridiaceae;g__Clostridium;s__Clostridium_sp._M62/1	k__Bacteria;p__Firmicutes;c__Clostridia;o__Clostridiales;f__;g__Intestinimonas;s__Intestinimonas_butyriciproducens	k__Bacteria;p__Actinobacteria;c__Actinobacteria;o__Bifidobacteriales;f__Bifidobacteriaceae;g__Bifidobacterium;s__Bifidobacterium_bifidum	k__Bacteria;p__Firmicutes;c__Negativicutes;o__Veillonellales;f__Veillonellaceae;g__Dialister;s__Dialister_invisus	k__Bacteria;p__Bacteroidetes;c__Bacteroidia;o__Bacteroidales;f__Bacteroidaceae;g__Bacteroides;s__Bacteroides_salanitronis
k__Bacteria;p__Bacteroidetes;c__Bacteroidia;o__Bacteroidales;f__Bacteroidaceae;g__Bacteroides;s__Bacteroides_vulgatus	1.0	0.0317684587545	0.0336438026529	-0.0255797712868	-0.0238165400057	0.0644033481386	0.0410529371595	0.0150520457884	-0.0403994902268	-0.0900275641296	-0.0641858107725	0.00768743317939	-0.0715144395096	0.0239446295179	-0.0224374908705	0.0266230858993	-0.00616344897518	-0.0174994914909	-0.0103047172184	0.00806545866184	-0.0422730698555	-0.0709231290399	0.0408669837778	-0.00612764117454	-0.00230838994145	-0.0417262363033	-0.0552658877179	-0.00918710663832	-0.0167496791662	-0.0109274341118	0.0694294005624	-0.0478925267519	0.0115675886077	0.0288695877557	-0.0408031562203	-0.0177115486053	-0.0593850336212	-0.0184029904601	-0.0218107359714	0.00934700440127	0.0319440640838	0.053102846452	-0.00404716682119	-0.0199890121856	0.00128515501896	-0.0461156254324	-0.0560630001701	-0.0875831519042	-0.0608291231069	0.00965794197285	0.00836877859178	-0.0621689009868	0.0014511132462	0.00420326447477	-0.0409937204881	0.00184114734641	-0.0351263907861	-0.0150551831367	0.0148986900321
k__Bacteria;p__Bacteroidetes;c__Bacteroidia;o__Bacteroidales;f__Bacteroidaceae;g__Bacteroides;s__Bacteroides_uniformis	0.0317684587545	1.0	0.0283519074793	0.00785634940321	-0.0239269638804	0.00020717244702	-0.0680920300869	-0.0488524126241	-0.0526790864044	0.0214978947328	0.0138051028182	-0.0190229439041	-0.0478311470514	0.045695599531	-0.0495431189094	-0.0698419132094	-0.00356010024121	-0.0358292575411	0.0354633848912	-0.0230072742651	-0.0179921551278	0.0165250184644	0.0507783292211	0.0501264614407	0.0467881971477	-0.0692450714404	-0.0320456250714	-0.0149697408311	-0.0272731714758	-0.0654476730091	-0.0147038489664	-0.0414552938165	-0.0396037313418	0.00482846242347	-0.0120557935073	-0.00769812871421	-0.0706440381602	0.0281576059446	-0.0227274636609	0.0114782856632	-0.00644805701074	-0.0255486579459	0.00172393150119	-0.00367372923135	-0.0085892992107	-0.104116245537	0.0775398270104	0.0312623992667	-0.0334535221441	-0.00278454949873	-0.0936822911408	0.00440780666287	-0.0282191640938	-0.0432604276452	-0.0141210651228	-0.0477140353389	0.0311479212526	0.00183880947203	0.00949295865904
k__Bacteria;p__Bacteroidetes;c__Bacteroidia;o__Bacteroidales;f__Rikenellaceae;g__Alistipes;s__Alistipes_putredinis	0.0336438026529	0.0283519074793	1.0	0.0819909858418	0.0131531685461	0.0135517274224	-0.0969223648753	0.0465261920647	0.0538272744808	-0.0125293047419	-0.0509083539347	-0.0197400708102	0.0336997823898	0.0766545626801	-0.059851197427	0.0150210944551	-0.0293541771389	-0.0233190151322	0.00948102841638	-0.0369028250876	0.0394413373541	-0.0430357143323	0.0386907378827	-0.090517994925	-0.086305182137	0.00462416008362	-0.0821764169865	-0.0257427834361	-0.00795705782692	-0.0636749732598	-0.0253581910303	0.0415979088284	-0.00018443072431	0.00125046079923	-0.0279908145434	0.0467450741943	0.0537156084784	0.0647081905383	0.00853294060731	-0.0250741994697	-0.00173594979454	-0.026092090744	-0.0415333450469	-0.0273599775132	0.0108563391392	0.0101152165416	-0.0267252040488	-0.0251446057738	-0.0452332289742	0.00140465897566	0.0635465188792	-0.035196236883	-0.0689499124235	0.00117049553071	-0.0220678178295	-0.0433641548314	0.0132646571647	-0.053525540342	0.0191648008338
k__Bacteria;p__Bacteroidetes;c__Bacteroidia;o__Bacteroidales;f__Prevotellaceae;g__Prevotella;s__Prevotella_copri	-0.0255797712868	0.00785634940321	0.0819909858418	1.0	-0.0338786686344	0.0480712791558	-0.0681683170448	-0.0329296823286	0.0247389580046	0.00610281142087	-0.0255343915927	0.0843733264228	-0.0108509752036	-9.19927849084e-05	-0.0200113073674	-0.00550385709232	0.0108203479451	-0.0128617093902	-0.00760429816313	0.0619394328753	-0.00925654249428	0.0195806501551	0.0285196687824	-0.00109388373568	-0.00554959778669	0.0231782056004	-0.0403558807297	0.0104373512712	0.0814606830851	0.00226276826897	0.0969062383627	-0.030386152375	-0.00495624132881	-0.0720398658951	0.0115238028756	0.0317759124973	0.0144400281506	0.0163493550585	0.00722616352694	-0.0414014148917	0.0743312751894	-0.0103705388085	-0.00626043053723	-0.0272466746745	0.0149639627617	-0.0273150025492	-0.0434647407961	-0.0276281143711	-0.0152736355862	-0.0416583826942	-0.0199116039132	-0.0639344798045	-0.0358886609302	0.0334239661664	-0.038136013425	-0.0788816897485	-0.0435645540757	-0.0553640671397	-0.0898810295829
k__Bacteria;p__Bacteroidetes;c__Bacteroidia;o__Bacteroidales;f__Bacteroidaceae;g__Bacteroides;s__Bacteroides_stercoris	-0.0238165400057	-0.0239269638804	0.0131531685461	-0.0338786686344	1.0	-0.00492165435844	0.027909284555	-0.0200639058471	0.0144485386012	-0.00487781348674	-0.00819109752674	0.0381750648823	-0.0497249393091	-0.0494968273852	-0.0370485785839	0.0167859664413	0.0405695243773	-0.0605454427512	-0.023964635635	-0.029014671574	0.0186363148042	-0.0463325639749	-0.112055536897	-0.022304601045	-0.00880190319863	0.00229031883365	-0.0189235309878	0.0327361101517	0.0186024454655	-0.0200471482612	0.00845732314453	-0.00689113221897	0.0243928147067	0.090959553531	0.00867330561575	-0.00118137905853	-0.0172954117683	-0.0301972552732	-0.0255879559559	-0.0177296451737	-0.0167019753606	-0.031118061055	0.00064553620527	-0.0182969618009	-0.072752308419	-0.00264045896374	0.0067570389845	-0.022053986556	-0.0304256010279	-0.0663393600707	-0.0461699296438	0.0140671755674	-0.0127863190714	-0.0397359215151	0.0242963579347	0.0166148100272	-0.0226800980453	-0.0759849338667	0.019832438365
k__Bacteria;p__Bacteroidetes;c__Bacteroidia;o__Bacteroidales;f__Bacteroidaceae;g__Bacteroides;s__Bacteroides_ovatus	0.0644033481386	0.00020717244702	0.0135517274224	0.0480712791558	-0.00492165435844	1.0	0.00950080308504	0.00676717538218	0.0128409800696	0.0990662348591	-0.0280476122839	-0.0938846445515	0.00328031416113	0.015716951306	-0.0193735632316	0.00736301437721	0.0613853226503	-0.01949936819	-0.0561805937091	0.0580568777275	-0.0382044475767	-0.0184739077424	0.0173300130128	0.0802663699768	-0.0316855232853	-0.0590061702916	0.00184761038	0.0156275174998	0.0420720652998	-0.0730402112102	-0.0302687004799	-0.0572689645237	-0.0566629916985	-0.0919383862466	-0.093882102497	0.0350145987811	0.0417891869847	0.00656616870723	-0.0827686756295	-0.0656091505503	-0.0477279033686	0.0315367273326	0.0649348897788	-0.0386316661625	0.0166198413404	0.0140492219064	-0.0423306665353	-0.0174230007121	-0.0100814449908	-0.0281519666591	-0.0241968949894	0.017846121816	-0.00163206624117	-0.056620193359	-0.0752325809463	-0.0369086076656	-0.0323062930002	0.0115763321715	-0.00331655020041
k__Bacteria;p__Bacteroidetes;c__Bacteroidia;o__Bacteroidales;f__Rikenellaceae;g__Alistipes;s__Alistipes_shahii	0.0410529371595	-0.0680920300869	-0.0969223648753	-0.0681683170448	0.027909284555	0.00950080308504	1.0	-0.042767864344	-0.0960069543703	0.00742489576976	-0.0109458643507	-0.00141956206755	0.0350912970606	-0.0353146285536	0.0474959403621	-0.0271907978038	-0.0325717032885	0.0202002690506	-0.0353572565247	0.0157273573403	-0.0552637466762	0.0797863507419	-0.0283608001283	0.00614530663046	-0.0267351926861	0.00117747960396	0.0362103311317	-0.0364037404917	-0.0234187343604	-0.0376393248367	-0.0150310625449	-0.0869048362743	0.00765525085226	-0.0343585921054	-0.110263665788	0.053508463888	-0.080991809491	0.00303367164183	-0.0099889681008	-0.0274210480995	-0.00586568814205	0.0799894054428	-0.011755069445	0.0238100955411	-0.0296572439228	0.0215470359285	-0.0759980623627	-0.0451373283324	-0.0121134305291	0.0345076458393	0.0264984037659	0.000994233261133	0.0244129034609	-0.0806938873845	0.0114477367603	0.0449858666084	0.0134950334076	0.0110819160147	-0.0359715326873
k__Bacteria;p__Firmicutes;c__Clostridia;o__Clostridiales;f__Ruminococcaceae;g__Faecalibacterium;s__Faecalibacterium_prausnitzii	0.0150520457884	-0.0488524126241	0.0465261920647	-0.0329296823286	-0.0200639058471	0.00676717538218	-0.042767864344	1.0	-0.0125590787661	-0.0297944765539	-0.0489140224556	-0.0491665450571	0.0249157051858	0.0339891835368	-0.0437801556756	-0.0556545780259	0.0897258620986	0.0195216197917	-0.00750602371029	0.00683996487765	-0.0286138369338	-0.0114432576042	0.00423450904305	-0.065211609715	-0.00323774850996	-0.0368687107128	0.0196793719663	0.0096589448927	0.0042183636271	-0.00708807403153	-0.0281313557095	-0.0426094372469	-0.0323899540823	-0.0210709158735	0.000366193507424	-0.0217044623196	0.00917559197811	0.0432150282472	0.00145335923736	0.0285283498495	0.00633181230201	-0.0270679561779	-0.0073775983261	-0.0384647542236	-0.0424532494216	0.00970700281582	-0.027376218761	0.0594584020103	0.0077436292053	-0.0682580712254	-0.0445542368586	-0.00864623649855	0.0636645959139	-0.0827179437415	-0.0105761904663	0.0282941329211	-0.0313712020401	-0.0654971933808	-0.0431468088121
k__Bacteria;p__Bacteroidetes;c__Bacteroidia;o__Bacteroidales;f__Rikenellaceae;g__Alistipes;s__Alistipes_finegoldii	-0.0403994902268	-0.0526790864044	0.0538272744808	0.0247389580046	0.0144485386012	0.0128409800696	-0.0960069543703	-0.0125590787661	1.0	-0.0444390415118	-0.051084515936	-0.0104377269648	0.00314640430696	-0.00371351368739	-0.0411650649324	0.0187973725054	0.0285295072455	-0.0975708098808	0.0081284001325	0.0386754626052	0.00723721153399	-0.0363276917217	0.0179151908002	-0.0896562904368	-0.036345923403	0.00606387392923	0.0112505992263	-0.0851328805316	0.030546488405	0.0164800502574	-0.00782176652524	0.0123814235033	0.0199416519508	-0.0533817762233	-0.0615958307395	-0.00426426134852	0.0110032279216	-0.0381694054802	0.00751258704763	-0.0201405133401	0.0189647240747	-0.021495066355	0.00308919945824	0.027803278318	0.048137389013	0.0277821591824	-0.0408752799184	-0.0304497683926	-0.0807567797254	0.0231545093395	-0.0397999693127	0.0168256712591	-0.0271876572279	-0.0296610431221	0.039720825553	0.0516642525744	-0.00955711771399	0.0534961821109	0.0251612951235
k__Bacteria;p__Bacteroidetes;c__Bacteroidia;o__Bacteroidales;f__Porphyromonadaceae;g__Parabacteroides;s__Parabacteroides_distasonis	-0.0900275641296	0.0214978947328	-0.0125293047419	0.00610281142087	-0.00487781348674	0.0990662348591	0.00742489576976	-0.0297944765539	-0.0444390415118	1.0	-0.0604619608602	-0.0407061932135	-0.0288073722746	-0.00682107665547	0.022066531633	-0.0103053292432	0.0111649481423	-0.00957697581588	-0.00876732637408	-0.0377712520855	0.0312781152804	-0.0231889761229	0.0395441928649	0.0232267854125	-0.0500380097566	-0.0255770271986	-0.0496416898919	-0.05511727945	0.0142728623046	0.0142344082884	-0.0597924047337	0.00300908783505	0.00394090976798	-0.0486049532478	0.0358729291535	-0.0363939593171	0.0469226991226	-0.0240120430307	0.0266832958064	0.0258615224674	0.00518081674726	-0.00337808630659	0.0397500759534	0.0666816515453	0.00900076820852	0.00242474871173	0.00427603068741	0.0213500097402	-0.0155827905176	-0.00208103140688	-0.057457981652	0.0213131928579	-0.0905640184922	-0.0199902439565	0.022804356375	-0.00628389586198	-0.0253586273277	-0.0297065434508	0.0413263326473
k__Bacteria;p__Bacteroidetes;c__Bacteroidia;o__Bacteroidales;f__Bacteroidaceae;g__Bacteroides;s__Bacteroides_thetaiotaomicron	-0.0641858107725	0.0138051028182	-0.0509083539347	-0.0255343915927	-0.00819109752674	-0.0280476122839	-0.0109458643507	-0.0489140224556	-0.051084515936	-0.0604619608602	1.0	-0.0488786198637	0.0330010547521	-0.0588901395191	-0.0450028120097	0.00907277186889	-0.0708601632605	0.0409277561259	0.0522053462106	0.0275318381483	0.00522327758237	-0.040962125522	-0.00933107061856	-0.0477042466008	-0.0745685896626	0.000616323642055	0.0299616002446	0.0171936022841	-0.101517253001	0.00764401330379	-0.0199043746385	-0.0270001739143	0.00719407136199	-0.0116721137507	0.0381985307645	0.0499310346027	0.0341707148371	0.0127081335607	0.0453258355064	-0.0382824644866	-0.0396717146721	0.00641112058219	0.0378650132168	0.0129212314622	0.00678187565331	-0.00102907791729	-0.0708267270366	-0.0104883253569	0.0608098249262	0.0605393470516	-0.0402600484483	-0.0156678491525	0.046959736436	0.0282897875963	-0.0314024952239	-0.0501317192898	-0.0447781902071	0.0120035495815	-0.0294398223013
k__Bacteria;p__Bacteroidetes;c__Bacteroidia;o__Bacteroidales;f__Bacteroidaceae;g__Bacteroides;s__Bacteroides_coprocola	0.00768743317939	-0.0190229439041	-0.0197400708102	0.0843733264228	0.0381750648823	-0.0938846445515	-0.00141956206755	-0.0491665450571	-0.0104377269648	-0.0407061932135	-0.0488786198637	1.0	-0.00819599798785	0.0200308606055	0.0196260012419	-0.015704540742	0.0111714360813	0.049499525195	-0.0432435524713	-0.0189427517275	-0.0212298092801	-0.0481790167982	-0.00977571091052	-0.0909721527093	-0.0186700396994	-0.0429639780213	-0.0366658944145	-0.0156504832495	0.0377086185462	0.0010193215047	-0.0318904306934	-0.0562902234389	-0.049897499478	-0.0858360691782	-0.0385845150727	-0.0358260056671	0.0144292778758	0.00410679749545	-0.0309054009807	0.0314885895739	-0.0127530107383	-0.0272817443711	-0.0201560273871	-0.0245569064605	-0.0162931727631	-0.099929275499	0.0426730021856	0.00534004829374	-0.00570411863936	0.0277395841247	-0.0350136021709	0.0103704112117	0.000457981907317	0.0647442721928	-0.0301718750923	0.00862009835848	-0.0402318266988	-0.000374716555163	-0.0305541969585
k__Bacteria;p__Bacteroidetes;c__Bacteroidia;o__Bacteroidales;f__Bacteroidaceae;g__Bacteroides;s__Bacteroides_cellulosilyticus	-0.0715144395096	-0.0478311470514	0.0336997823898	-0.0108509752036	-0.0497249393091	0.00328031416113	0.0350912970606	0.0249157051858	0.00314640430696	-0.0288073722746	0.0330010547521	-0.00819599798785	1.0	-0.00671710210959	-0.0524202372389	0.0395539523786	0.0556011362102	0.0761573178062	-0.0144800089583	0.00812907882846	-0.0496547179883	0.001124357204	-0.0498211184824	-0.0309948893502	-0.0596163778863	0.00060657682995	-0.0356203654879	-0.0533620458244	0.0140706076092	-0.0487889059145	-0.0104200988336	-0.021652211214	0.0529132403259	-0.0320751361371	-0.0147545441162	0.00346353509475	0.0157571432836	-0.0765402396249	0.0249293893608	-0.0410827735834	-0.023793638738	-0.0514284262127	0.0561622939051	0.0137169472426	-0.00305572554893	0.0338688809851	0.0121319198754	-0.0132606221042	-0.00029716663659	0.0186231994497	-0.046934395381	-0.031838332089	0.0286709798896	-0.0792541553159	-0.0049366827336	0.0142109437653	0.0338287645386	-0.0725825704591	-0.00779343598199
k__Bacteria;p__Bacteroidetes;c__Bacteroidia;o__Bacteroidales;f__Rikenellaceae;g__Alistipes;s__Alistipes_obesi	0.0239446295179	0.045695599531	0.0766545626801	-9.19927849084e-05	-0.0494968273852	0.015716951306	-0.0353146285536	0.0339891835368	-0.00371351368739	-0.00682107665547	-0.0588901395191	0.0200308606055	-0.00671710210959	1.0	-0.00747186520202	0.00625794059822	0.031720798628	-0.00274387201092	0.0584562598143	0.051211524451	-0.0634930972637	-0.00516693610193	-0.0661403957108	-0.0264291426374	-0.0559965205972	0.0175245449873	-0.0437564478762	0.0215402184959	-0.00820230764064	0.0246614182762	-0.0213355932723	-0.0134897534977	-0.039631471536	0.00367632645062	-0.0890374215652	0.0522469151387	0.0267971095391	-0.0618142683716	-0.0477739275314	-0.0240586297517	-0.0343699825838	0.0579410994503	0.0348096436923	-0.00543144380767	-0.0350009462748	-0.048047645161	0.00761365392578	-0.022610177474	-0.000455970147831	0.0249479599299	-0.0271294906711	-0.00977762451329	-0.00732965670941	-0.0255862285926	0.0202378155829	0.029688453526	-0.0618892704388	-0.026082334961	0.0536625981167
k__Bacteria;p__Firmicutes;c__Clostridia;o__Clostridiales;f__Lachnospiraceae;g__;s__[Eubacterium]_rectale	-0.0224374908705	-0.0495431189094	-0.059851197427	-0.0200113073674	-0.0370485785839	-0.0193735632316	0.0474959403621	-0.0437801556756	-0.0411650649324	0.022066531633	-0.0450028120097	0.0196260012419	-0.0524202372389	-0.00747186520202	1.0	0.0246343156365	-0.0235985949729	-0.0236284024379	0.0384158747664	-0.0220421167701	0.00541001591847	0.0270069994735	-0.0311682685871	0.00168448954978	0.0449623219135	-0.00385223975139	0.0538942996552	0.0304166453236	-0.0537332116564	0.0125466439111	0.00981368486211	0.0578244325979	-0.0740348747706	-0.0265952841764	-0.0729498164029	-0.0799292556892	0.0403361094533	0.0275421780153	0.0130912909558	0.0325168406534	0.0152024731103	-0.0700196344863	-0.0288979807444	-0.0558834868825	-0.0919086067299	-0.0140870554906	-0.0611512669165	-0.017731489509	-0.0108047421274	0.0560410703057	-0.0273649368067	0.0256437283861	0.05039105096	-0.0276053858228	-0.00640380877185	-0.0150527810939	-0.00261859118829	-0.0337760842073	-0.0132576549794
k__Bacteria;p__Bacteroidetes;c__Bacteroidia;o__Bacteroidales;f__Bacteroidaceae;g__Bacteroides;s__Bacteroides_plebeius	0.0266230858993	-0.0698419132094	0.0150210944551	-0.00550385709232	0.0167859664413	0.00736301437721	-0.0271907978038	-0.0556545780259	0.0187973725054	-0.0103053292432	0.00907277186889	-0.015704540742	0.0395539523786	0.00625794059822	0.0246343156365	1.0	-0.00869965825595	-0.039165396117	-0.0200580161255	0.0667876592477	0.0167199114722	-0.0188708277227	-0.0301481071339	-0.0114505351729	-0.0296983989329	0.0264487969627	-0.035292374579	-0.0338960111438	0.0101899290668	0.0177770979665	0.0116328762613	-0.00342644839862	0.00642573929816	-0.0177185032823	-0.0222000724015	-0.0677335582772	0.0208651476051	-0.0525761559365	-0.0250006219788	0.0274246858302	-0.00280368165627	-0.043157332646	-0.0196707077632	-0.0243795728767	-0.0664206502906	0.0188039372683	0.00370890547733	-0.0121277440161	0.103107020697	-0.00530214041757	0.030502832833	-0.0495582226176	0.0324461339632	0.048140066857	0.0142212400535	-0.0191290225799	-0.048050658462	0.0425280437022	-0.0338899221469
k__Bacteria;p__Bacteroidetes;c__Bacteroidia;o__Bacteroidales;f__Bacteroidaceae;g__Bacteroides;s__Bacteroides_fragilis	-0.00616344897518	-0.00356010024121	-0.0293541771389	0.0108203479451	0.0405695243773	0.0613853226503	-0.0325717032885	0.0897258620986	0.0285295072455	0.0111649481423	-0.0708601632605	0.0111714360813	0.0556011362102	0.031720798628	-0.0235985949729	-0.00869965825595	1.0	-0.00384388738702	0.0509976476378	-0.0927067630157	-0.00637260286065	-0.0852578742783	-0.00424759348432	-0.0432917773476	0.0199793639633	-0.0332843001312	-0.0512086075593	-0.0577049830669	0.0440445426586	-0.00766389628609	0.0242711281913	-0.0675326184926	-0.0296117773101	0.0517949435896	0.00282445417955	-0.0296349223278	0.0272247963539	-0.038310764457	0.0579065217112	-0.0395372153883	-0.0248705842556	-0.0841839107069	-0.0106453971365	-0.0283028441433	0.00782941462653	0.034809524875	-0.0296173719024	-0.0521488943123	0.0207278558993	-0.0258055501898	-0.0661089014723	-0.0113059296003	0.0164312930105	0.0349589021803	-0.00897169229008	0.0569673655499	0.0516032100877	0.0383912864984	0.0198243315669
k__Bacteria;p__Proteobacteria;c__Betaproteobacteria;o__Burkholderiales;f__Sutterellaceae;g__Sutterella;s__Sutterella_wadsworthensis	-0.0174994914909	-0.0358292575411	-0.0233190151322	-0.0128617093902	-0.0605454427512	-0.01949936819	0.0202002690506	0.0195216197917	-0.0975708098808	-0.00957697581588	0.0409277561259	0.049499525195	0.0761573178062	-0.00274387201092	-0.0236284024379	-0.039165396117	-0.00384388738702	1.0	-0.00631158595177	-0.0755675730212	0.0548233198157	-0.049114543526	-0.0384427560899	0.0251294451162	0.0736490822433	0.00656158001238	0.0399615264986	0.0451092609898	-0.0300039949069	0.0372603179971	-0.0627160452645	-0.0285921501455	-0.0489009681033	-0.012951293414	-0.0262054676706	-0.0647362127317	0.0238816865844	0.000507448717625	0.0239927443322	0.0397800942829	-0.0239081739395	-0.0152060320921	-0.0131888095904	-0.0112464970259	0.0668606300908	0.00396740384376	-0.0105527305952	-0.0636440082184	-0.00775863921292	-0.0141326029653	0.0498192096059	-0.030457669926	0.0184897558887	0.0552997233578	-0.0297529301141	-0.0444141326254	0.0458777104921	0.0542160084658	-0.0041066575524
k__Bacteria;p__Bacteroidetes;c__Bacteroidia;o__Bacteroidales;f__Porphyromonadaceae;g__Barnesiella;s__Barnesiella_intestinihominis	-0.0103047172184	0.0354633848912	0.00948102841638	-0.00760429816313	-0.023964635635	-0.0561805937091	-0.0353572565247	-0.00750602371029	0.0081284001325	-0.00876732637408	0.0522053462106	-0.0432435524713	-0.0144800089583	0.0584562598143	0.0384158747664	-0.0200580161255	0.0509976476378	-0.00631158595177	1.0	-0.0104903225175	-0.00603827004966	-0.0410783322004	0.0575073896463	0.0377996837446	0.0867177801107	0.0102741663428	-0.0507135623666	-0.0675086210569	-0.0452354639831	-0.00300843295293	0.0395862432848	-0.0391057997365	-0.0372060944115	-0.0248969951106	-0.0275756114614	-0.054468626426	0.00990760955897	0.0552291658557	-0.0400106807957	-0.00120355174423	-0.0894600162145	0.0724964044998	0.0342853146051	-0.0835648425881	0.00412432390086	-0.0417536965944	0.0082547644942	0.0729228101354	-0.0192424114004	-0.0232243468325	-0.0499924675423	-0.0477257948925	0.0113490676944	-0.0113150289207	-0.0163163166501	-0.0587746227707	-0.00826768785927	-0.034860155161	0.0508151140225
k__Bacteria;p__Bacteroidetes;c__Bacteroidia;o__Bacteroidales;f__Odoribacteraceae;g__Odoribacter;s__Odoribacter_splanchnicus	0.00806545866184	-0.0230072742651	-0.0369028250876	0.0619394328753	-0.029014671574	0.0580568777275	0.0157273573403	0.00683996487765	0.0386754626052	-0.0377712520855	0.0275318381483	-0.0189427517275	0.00812907882846	0.051211524451	-0.0220421167701	0.0667876592477	-0.0927067630157	-0.0755675730212	-0.0104903225175	1.0	-0.0564452383044	0.0138718709925	-0.059730688139	0.00624280955645	-0.00327444799887	0.059111487819	0.00599864504569	0.0316700673258	0.00772470191571	0.00897482239397	-0.0220262633641	-0.0578955687206	0.0196472184039	0.000279605313721	0.0225926635652	-0.00641880311081	-0.0860999101559	-0.0283281138406	-0.0123720607007	-0.00463450322267	-0.00338992590794	0.00486732678842	0.00955122152446	-0.0428121682293	0.0151502670489	-0.0653424163496	-0.00863783517763	0.0276015741297	-0.0479202355392	-0.0374126911238	0.0121295874583	-0.0311990853676	0.0028367976879	-0.0249332204181	-0.030870943278	-0.0264508143093	-0.0673641866537	-0.0560575127325	-0.0265459038024
k__Bacteria;p__Bacteroidetes;c__Bacteroidia;o__Bacteroidales;f__Bacteroidaceae;g__Bacteroides;s__Bacteroides_salyersiae	-0.0422730698555	-0.0179921551278	0.0394413373541	-0.00925654249428	0.0186363148042	-0.0382044475767	-0.0552637466762	-0.0286138369338	0.00723721153399	0.0312781152804	0.00522327758237	-0.0212298092801	-0.0496547179883	-0.0634930972637	0.00541001591847	0.0167199114722	-0.00637260286065	0.0548233198157	-0.00603827004966	-0.0564452383044	1.0	-0.017912179014	0.0176226542852	-0.000412076963227	-0.071470874042	0.00744948213361	0.0673019293261	-0.0538727940064	-0.0966631782803	-0.0437957113339	0.018349790483	0.0648791642529	0.00737418380314	-0.0186167299789	-0.00449991468582	-0.00360638090594	-0.0174283148742	-0.0401007545229	0.0174220948184	0.0613823928063	-0.0343413400636	0.0523631177952	-0.065066347085	-0.0502637338455	0.00706886629815	0.0932565540543	-0.0105974562346	-0.0118234557391	0.0248344723007	-0.00167153548662	-0.0674465347297	-0.00262731219913	-0.00966061596019	-0.00297963141142	-4.13966017609e-05	0.0753309420342	0.0446190573281	-0.0317858323071	-0.0430117740151
k__Bacteria;p__Firmicutes;c__Clostridia;o__Clostridiales;f__Ruminococcaceae;g__Ruminiclostridium;s__[Eubacterium]_siraeum	-0.0709231290399	0.0165250184644	-0.0430357143323	0.0195806501551	-0.0463325639749	-0.0184739077424	0.0797863507419	-0.0114432576042	-0.0363276917217	-0.0231889761229	-0.040962125522	-0.0481790167982	0.001124357204	-0.00516693610193	0.0270069994735	-0.0188708277227	-0.0852578742783	-0.049114543526	-0.0410783322004	0.0138718709925	-0.017912179014	1.0	-0.0222451559509	0.051589792604	-0.0523099813921	-0.0196286617749	-0.0353565606359	0.0226252541396	-0.0218625885563	0.0226625395675	0.0323331753076	-0.0350039057037	-0.0184375406303	-0.00298513894628	0.00932129876314	-0.0196689669224	0.0376254755567	0.004064815509	-0.0663651818815	0.0160051059046	0.0272678416431	0.0102075186467	0.0230903082507	0.0350895496544	-0.0504025933751	0.0431281707605	0.00839487809832	0.067209040673	0.000714224541427	0.0608481036144	0.0354542396425	-0.0449045214895	0.0215797994396	-0.00505303106482	0.0130242604804	-0.0319768990307	-0.0240377313763	-0.0513588320526	0.00238529965276
k__Bacteria;p__Proteobacteria;c__Betaproteobacteria;o__Burkholderiales;f__Sutterellaceae;g__Parasutterella;s__Parasutterella_excrementihominis	0.0408669837778	0.0507783292211	0.0386907378827	0.0285196687824	-0.112055536897	0.0173300130128	-0.0283608001283	0.00423450904305	0.0179151908002	0.0395441928649	-0.00933107061856	-0.00977571091052	-0.0498211184824	-0.0661403957108	-0.0311682685871	-0.0301481071339	-0.00424759348432	-0.0384427560899	0.0575073896463	-0.059730688139	0.0176226542852	-0.0222451559509	1.0	-0.0227797221566	0.0261274203569	-0.0211139746846	0.0391643787531	-0.0126811044145	-0.0149151289766	-0.0107037285707	0.0449120447771	-0.0157077875913	-0.0323832594385	-0.032504053993	0.0302513604023	-0.0256096879714	0.00949427868874	-0.0123132179573	-0.0256724774474	-0.0581419292985	-0.0329019672309	-0.0172136395196	-0.0663286959105	-0.0818441989686	-0.00209277413751	-0.00256688540837	0.022977755481	-0.011283982414	0.0161305887397	0.0229940974369	0.0108638449288	-0.0299423279923	-0.0257405073652	0.0230144656144	-0.0266152198227	-0.0331171205969	-0.0304829988731	-0.0156354499894	0.0137298851033
k__Bacteria;p__Actinobacteria;c__Actinobacteria;o__Bifidobacteriales;f__Bifidobacteriaceae;g__Bifidobacterium;s__Bifidobacterium_adolescentis	-0.00612764117454	0.0501264614407	-0.090517994925	-0.00109388373568	-0.022304601045	0.0802663699768	0.00614530663046	-0.065211609715	-0.0896562904368	0.0232267854125	-0.0477042466008	-0.0909721527093	-0.0309948893502	-0.0264291426374	0.00168448954978	-0.0114505351729	-0.0432917773476	0.0251294451162	0.0377996837446	0.00624280955645	-0.000412076963227	0.051589792604	-0.0227797221566	1.0	-0.0424228675734	-0.0522226295234	0.0834806230241	-0.0321279388151	0.0388892310929	-0.017586391792	-0.0244837807768	0.00934260613904	-0.0519815704034	0.0521997748129	-0.0290173874723	0.0542737157016	-0.0476720890389	0.0125728247343	0.00357786929345	-0.0549110004157	-0.00286071833128	-0.00708929060216	0.0548174020756	-0.058786479786	-0.0353008225132	-0.0352017230935	0.0248790376803	0.00112424416763	-0.0677361232041	0.0111702900065	-0.0710221426011	-0.0132655474968	-0.0549767448715	-0.057326203016	0.0445206851981	-0.0391986891639	0.0119710697702	-0.0592325656277	0.0119097501258
k__Bacteria;p__Firmicutes;c__Clostridia;o__Clostridiales;f__Oscillospiraceae;g__Oscillibacter;s__Oscillibacter_sp._KLE_1745	-0.00230838994145	0.0467881971477	-0.086305182137	-0.00554959778669	-0.00880190319863	-0.0316855232853	-0.0267351926861	-0.00323774850996	-0.036345923403	-0.0500380097566	-0.0745685896626	-0.0186700396994	-0.0596163778863	-0.0559965205972	0.0449623219135	-0.0296983989329	0.0199793639633	0.0736490822433	0.0867177801107	-0.00327444799887	-0.071470874042	-0.0523099813921	0.0261274203569	-0.0424228675734	1.0	0.0943501512407	0.0101945009131	0.0179706207503	0.0279675561799	-0.0122284484829	-0.00643805243453	-0.0590161883215	-0.0532854248819	-0.0219452963593	-0.0271176801707	-0.022612040256	0.0475371231027	0.00346362891531	-0.0353620596193	-0.0106497178447	0.0293558456638	0.0196060451694	-0.0697913239356	-0.0218116004971	0.00180903332044	0.0323705120227	0.00706579541717	0.017033023378	0.0263724447289	0.0172961459745	-0.0496747837304	0.00977867934695	0.0172770699636	0.0545923301521	0.0226263622355	0.00544283315152	-0.00428724765076	-0.00986115144941	0.00169525530187
k__Bacteria;p__Bacteroidetes;c__Bacteroidia;o__Bacteroidales;f__Bacteroidaceae;g__Bacteroides;s__Bacteroides_coprophilus	-0.0417262363033	-0.0692450714404	0.00462416008362	0.0231782056004	0.00229031883365	-0.0590061702916	0.00117747960396	-0.0368687107128	0.00606387392923	-0.0255770271986	0.000616323642055	-0.0429639780213	0.00060657682995	0.0175245449873	-0.00385223975139	0.0264487969627	-0.0332843001312	0.00656158001238	0.0102741663428	0.059111487819	0.00744948213361	-0.0196286617749	-0.0211139746846	-0.0522226295234	0.0943501512407	1.0	-0.0154849435983	0.0868216493271	-0.0552742265889	0.0201843556302	-0.0134227325655	-0.0181896359177	0.028600083613	-0.00584128409038	-0.00854066709483	0.0020288250712	-0.0277388603941	0.020335783029	0.0666606140673	-0.0353892017416	0.0450241458692	-0.00548854417105	-0.0701684884502	0.0187374931865	-0.0376447133821	-0.0291725095497	0.0201893095815	-0.0125198667632	-0.0200804416657	-0.0209804904313	-0.0774860905133	-0.0736117656549	-0.0299270404125	-0.0203867909049	0.0360517942553	-0.00818939450919	-0.0589158446215	0.0191026804602	-0.0139534741367
k__Bacteria;p__Firmicutes;c__Clostridia;o__Clostridiales;f__Lachnospiraceae;g__Roseburia;s__Roseburia_intestinalis	-0.0552658877179	-0.0320456250714	-0.0821764169865	-0.0403558807297	-0.0189235309878	0.00184761038	0.0362103311317	0.0196793719663	0.0112505992263	-0.0496416898919	0.0299616002446	-0.0366658944145	-0.0356203654879	-0.0437564478762	0.0538942996552	-0.035292374579	-0.0512086075593	0.0399615264986	-0.0507135623666	0.00599864504569	0.0673019293261	-0.0353565606359	0.0391643787531	0.0834806230241	0.0101945009131	-0.0154849435983	1.0	0.0332916673682	-0.0131785660678	-0.00950319921814	0.0418835602254	-0.0150700266549	-0.0113748938485	-0.0474020223752	-0.0366391252927	0.000124253959833	0.0105711461151	-0.049481683896	0.0351824076349	-0.0832528394563	-0.0358455188389	0.00869197508551	-0.00301072020826	-0.00515297821638	-0.0648240901246	-0.00980620000174	-0.0935571287704	-0.016762800006	-0.0462530931732	-0.0609459275591	0.0315187571215	-0.0330505741933	0.025699953773	-0.0586648196632	-0.0087150470025	0.0452149251138	0.0922995709785	0.0452916848976	-0.0209615587206
k__Bacteria;p__Firmicutes;c__Clostridia;o__Clostridiales;f__Lachnospiraceae;g__Roseburia;s__Roseburia_hominis	-0.00918710663832	-0.0149697408311	-0.0257427834361	0.0104373512712	0.0327361101517	0.0156275174998	-0.0364037404917	0.0096589448927	-0.0851328805316	-0.05511727945	0.0171936022841	-0.0156504832495	-0.0533620458244	0.0215402184959	0.0304166453236	-0.0338960111438	-0.0577049830669	0.0451092609898	-0.0675086210569	0.0316700673258	-0.0538727940064	0.0226252541396	-0.0126811044145	-0.0321279388151	0.0179706207503	0.0868216493271	0.0332916673682	1.0	-0.0434821766194	-0.0454291155965	-0.0289277995305	0.0304631626583	-0.0148131523366	0.0507006429352	0.0186137274218	-0.0502403916275	-0.0949500898433	0.0236175632149	-0.00646526393601	0.0612501151575	-0.0264092522662	0.0237081634166	-0.0675477973974	-0.0549749445022	-0.000500275837116	-0.0414331344455	0.00491441718759	-0.0674402475753	-0.0317749973184	0.00423954608886	0.0797966978963	-0.0531841127481	0.0212237262034	-0.0242732408832	0.0245267793914	-0.113997141085	0.00225564717243	-0.0403728448771	-0.023767127698
k__Bacteria;p__Bacteroidetes;c__Bacteroidia;o__Bacteroidales;f__Porphyromonadaceae;g__Parabacteroides;s__Parabacteroides_johnsonii	-0.0167496791662	-0.0272731714758	-0.00795705782692	0.0814606830851	0.0186024454655	0.0420720652998	-0.0234187343604	0.0042183636271	0.030546488405	0.0142728623046	-0.101517253001	0.0377086185462	0.0140706076092	-0.00820230764064	-0.0537332116564	0.0101899290668	0.0440445426586	-0.0300039949069	-0.0452354639831	0.00772470191571	-0.0966631782803	-0.0218625885563	-0.0149151289766	0.0388892310929	0.0279675561799	-0.0552742265889	-0.0131785660678	-0.0434821766194	1.0	-0.0145389873594	-0.068452702829	-0.054065385711	0.0388542226559	-0.0340374772166	0.0512894188204	-0.00121015518857	-0.0325201473066	-0.0447327950502	0.00727733700438	-0.0383704390506	0.0156771327263	0.0561199963703	-0.0421735837269	-0.00212410329811	-0.0180075185102	0.0153092296317	-0.0317795630043	-0.0540048265161	-0.0312135056757	-0.0640614358889	0.00523755663411	0.0263549071408	0.0562313724515	0.102341574911	0.0245515132881	-0.0501472047591	-0.007614702229	0.0214032536047	-0.0557533167149
k__Bacteria;p__Actinobacteria;c__Actinobacteria;o__Bifidobacteriales;f__Bifidobacteriaceae;g__Bifidobacterium;s__Bifidobacterium_longum	-0.0109274341118	-0.0654476730091	-0.0636749732598	0.00226276826897	-0.0200471482612	-0.0730402112102	-0.0376393248367	-0.00708807403153	0.0164800502574	0.0142344082884	0.00764401330379	0.0010193215047	-0.0487889059145	0.0246614182762	0.0125466439111	0.0177770979665	-0.00766389628609	0.0372603179971	-0.00300843295293	0.00897482239397	-0.0437957113339	0.0226625395675	-0.0107037285707	-0.017586391792	-0.0122284484829	0.0201843556302	-0.00950319921814	-0.0454291155965	-0.0145389873594	1.0	-0.0112596704556	-0.0176880218026	-0.053329767715	-0.0239491944167	-0.0261448708979	0.00535468881081	0.0263505831968	-0.070505967069	-0.0263626191905	0.0478175167067	0.00565212304474	0.0126928087036	-0.0186922190018	-0.00314130836567	-0.0736023276672	-0.00153677083221	-0.0025689858908	-0.0257587551389	0.0284889673542	0.0310684526778	-0.0104238460327	0.0569989736617	0.0183574110622	-0.00127515693506	-0.0424160361473	0.0718781464072	-0.0205319069473	-0.0107901942162	-0.00927357652077
