#taxonomy	k__Bacteria;p__Bacteroidetes;c__Bacteroidia;o__Bacteroidales;f__Bacteroidaceae;g__Bacteroides;s__Bacteroides_vulgatus	k__Bacteria;p__Bacteroidetes;c__Bacteroidia;o__Bacteroidales;f__Bacteroidaceae;g__Bacteroides;s__Bacteroides_uniformis	k__Bacteria;p__Bacteroidetes;c__Bacteroidia;o__Bacteroidales;f__Rikenellaceae;g__Alistipes;s__Alistipes_putredinis	k__Bacteria;p__Bacteroidetes;c__Bacteroidia;o__Bacteroidales;f__Prevotellaceae;g__Prevotella;s__Prevotella_copri	k__Bacteria;p__Bacteroidetes;c__Bacteroidia;o__Bacteroidales;f__Bacteroidaceae;g__Bacteroides;s__Bacteroides_stercoris	k__Bacteria;p__Bacteroidetes;c__Bacteroidia;o__Bacteroidales;f__Bacteroidaceae;g__Bacteroides;s__Bacteroides_ovatus	k__Bacteria;p__Bacteroidetes;c__Bacteroidia;o__Bacteroidales;f__Rikenellaceae;g__Alistipes;s__Alistipes_shahii	k__Bacteria;p__Firmicutes;c__Clostridia;o__Clostridiales;f__Ruminococcaceae;g__Faecalibacterium;s__Faecalibacterium_prausnitzii	k__Bacteria;p__Bacteroidetes;c__Bacteroidia;o__Bacteroidales;f__Rikenellaceae;g__Alistipes;s__Alistipes_finegoldii	k__Bacteria;p__Bacteroidetes;c__Bacteroidia;o__Bacteroidales;f__Porphyromonadaceae;g__Parabacteroides;s__Parabacteroides_distasonis	k__Bacteria;p__Bacteroidetes;c__Bacteroidia;o__Bacteroidales;f__Bacteroidaceae;g__Bacteroides;s__Bacteroides_thetaiotaomicron	k__Bacteria;p__Bacteroidetes;c__Bacteroidia;o__Bacteroidales;f__Bacteroidaceae;g__Bacteroides;s__Bacteroides_coprocola	k__Bacteria;p__Bacteroidetes;c__Bacteroidia;o__Bacteroidales;f__Bacteroidaceae;g__Bacteroides;s__Bacteroides_cellulosilyticus	k__Bacteria;p__Bacteroidetes;c__Bacteroidia;o__Bacteroidales;f__Rikenellaceae;g__Alistipes;s__Alistipes_obesi	k__Bacteria;p__Firmicutes;c__Clostridia;o__Clostridiales;f__Lachnospiraceae;g__;s__[Eubacterium]_rectale	k__Bacteria;p__Bacteroidetes;c__Bacteroidia;o__Bacteroidales;f__Bacteroidaceae;g__Bacteroides;s__Bacteroides_plebeius	k__Bacteria;p__Bacteroidetes;c__Bacteroidia;o__Bacteroidales;f__Bacteroidaceae;g__Bacteroides;s__Bacteroides_fragilis	k__Bacteria;p__Proteobacteria;c__Betaproteobacteria;o__Burkholderiales;f__Sutterellaceae;g__Sutterella;s__Sutterella_wadsworthensis	k__Bacteria;p__Bacteroidetes;c__Bacteroidia;o__Bacteroidales;f__Porphyromonadaceae;g__Barnesiella;s__Barnesiella_intestinihominis	k__Bacteria;p__Bacteroidetes;c__Bacteroidia;o__Bacteroidales;f__Odoribacteraceae;g__Odoribacter;s__Odoribacter_splanchnicus	k__Bacteria;p__Bacteroidetes;c__Bacteroidia;o__Bacteroidales;f__Bacteroidaceae;g__Bacteroides;s__Bacteroides_salyersiae	k__Bacteria;p__Firmicutes;c__Clostridia;o__Clostridiales;f__Ruminococcaceae;g__Ruminiclostridium;s__[Eubacterium]_siraeum	k__Bacteria;p__Proteobacteria;c__Betaproteobacteria;o__Burkholderiales;f__Sutterellaceae;g__Parasutterella;s__Parasutterella_excrementihominis	k__Bacteria;p__Actinobacteria;c__Actinobacteria;o__Bifidobacteriales;f__Bifidobacteriaceae;g__Bifidobacterium;s__Bifidobacterium_adolescentis	k__Bacteria;p__Firmicutes;c__Clostridia;o__Clostridiales;f__Oscillospiraceae;g__Oscillibacter;s__Oscillibacter_sp._KLE_1745	k__Bacteria;p__Bacteroidetes;c__Bacteroidia;o__Bacteroidales;f__Bacteroidaceae;g__Bacteroides;s__Bacteroides_coprophilus	k__Bacteria;p__Firmicutes;c__Clostridia;o__Clostridiales;f__Lachnospiraceae;g__Roseburia;s__Roseburia_intestinalis	k__Bacteria;p__Firmicutes;c__Clostridia;o__Clostridiales;f__Lachnospiraceae;g__Roseburia;s__Roseburia_hominis	k__Bacteria;p__Bacteroidetes;c__Bacteroidia;o__Bacteroidales;f__Porphyromonadaceae;g__Parabacteroides;s__Parabacteroides_johnsonii	k__Bacteria;p__Actinobacteria;c__Actinobacteria;o__Bifidobacteriales;f__Bifidobacteriaceae;g__Bifidobacterium;s__Bifidobacterium_longum	k__Bacteria;p__Firmicutes;c__Clostridia;o__Clostridiales;f__;g__Flavonifractor;s__Flavonifractor_plautii	k__Bacteria;p__Firmicutes;c__Clostridia;o__Clostridiales;f__Clostridiaceae;g__Clostridium;s__Clostridium_phoceensis	k__Bacteria;p__Verrucomicrobia;c__Verrucomicrobiae;o__Verrucomicrobiales;f__Akkermansiaceae;g__Akkermansia;s__Akkermansia_muciniphila	k__Bacteria;p__Bacteroidetes;c__Bacteroidia;o__Bacteroidales;f__Prevotellaceae;g__Paraprevotella;s__Paraprevotella_xylaniphila	k__Bacteria;p__Firmicutes;c__Clostridia;o__Clostridiales;f__Ruminococcaceae;g__Ruminococcus;s__Ruminococcus_callidus	k__Bacteria;p__Bacteroidetes;c__Bacteroidia;o__Bacteroidales;f__Rikenellaceae;g__Alistipes;s__Alistipes_senegalensis	k__Bacteria;p__Firmicutes;c__Clostridia;o__Clostridiales;f__Lachnospiraceae;g__Blautia;s__Blautia_sp._KLE_1732	k__Bacteria;p__Bacteroidetes;c__Bacteroidia;o__Bacteroidales;f__Bacteroidaceae;g__Bacteroides;s__Bacteroides_oleiciplenus	k__Bacteria;p__Firmicutes;c__Clostridia;o__Clostridiales;f__Ruminococcaceae;g__Ruminococcus;s__Ruminococcus_bicirculans	k__Bacteria;p__Bacteroidetes;c__Bacteroidia;o__Bacteroidales;f__Bacteroidaceae;g__Bacteroides;s__Bacteroides_fluxus	k__Bacteria;p__Bacteroidetes;c__Bacteroidia;o__Bacteroidales;f__Prevotellaceae;g__Prevotella;s__Prevotella_stercorea	k__Bacteria;p__Firmicutes;c__Clostridia;o__Clostridiales;f__Lachnospiraceae;g__Dorea;s__Dorea_longicatena	k__Bacteria;p__Firmicutes;c__Clostridia;o__Clostridiales;f__Eubacteriaceae;g__Eubacterium;s__[Eubacterium]_eligens	k__Bacteria;p__Firmicutes;c__Clostridia;o__Clostridiales;f__Ruminococcaceae;g__;s__Ruminococcaceae_bacterium_D16	k__Bacteria;p__Firmicutes;c__Clostridia;o__Clostridiales;f__Lachnospiraceae;g__Coprococcus;s__Coprococcus_comes	k__Bacteria;p__Proteobacteria;c__Gammaproteobacteria;o__Enterobacterales;f__Enterobacteriaceae;g__Escherichia;s__Escherichia_coli	k__Bacteria;p__Firmicutes;c__Clostridia;o__Clostridiales;f__Ruminococcaceae;g__Anaerotruncus;s__Anaerotruncus_colihominis	k__Bacteria;p__Firmicutes;c__Clostridia;o__Clostridiales;f__Lachnospiraceae;g__Blautia;s__Blautia_obeum	k__Bacteria;p__Bacteroidetes;c__Bacteroidia;o__Bacteroidales;f__Odoribacteraceae;g__Odoribacter;s__Odoribacter_laneus	k__Bacteria;p__Firmicutes;c__Clostridia;o__Clostridiales;f__Ruminococcaceae;g__Ruminiclostridium;s__[Clostridium]_leptum	k__Bacteria;p__Bacteroidetes;c__Bacteroidia;o__Bacteroidales;f__Porphyromonadaceae;g__Parabacteroides;s__Parabacteroides_goldsteinii	k__Bacteria;p__Firmicutes;c__Clostridia;o__Clostridiales;f__Lachnospiraceae;g__Anaerostipes;s__Anaerostipes_hadrus	k__Bacteria;p__Firmicutes;c__Clostridia;o__Clostridiales;f__Ruminococcaceae;g__Ruminococcus;s__Ruminococcus_lactaris	k__Bacteria;p__Firmicutes;c__Clostridia;o__Clostridiales;f__Clostridiaceae;g__Clostridium;s__Clostridium_sp._L2-50	k__Bacteria;p__Firmicutes;c__Clostridia;o__Clostridiales;f__Clostridiaceae;g__Clostridium;s__Clostridium_sp._M62/1	k__Bacteria;p__Firmicutes;c__Clostridia;o__Clostridiales;f__;g__Intestinimonas;s__Intestinimonas_butyriciproducens	k__Bacteria;p__Actinobacteria;c__Actinobacteria;o__Bifidobacteriales;f__Bifidobacteriaceae;g__Bifidobacterium;s__Bifidobacterium_bifidum	k__Bacteria;p__Firmicutes;c__Negativicutes;o__Veillonellales;f__Veillonellaceae;g__Dialister;s__Dialister_invisus	k__Bacteria;p__Bacteroidetes;c__Bacteroidia;o__Bacteroidales;f__Bacteroidaceae;g__Bacteroides;s__Bacteroides_salanitronis
k__Bacteria;p__Bacteroidetes;c__Bacteroidia;o__Bacteroidales;f__Bacteroidaceae;g__Bacteroides;s__Bacteroides_vulgatus	1.0	0.0200652843269	0.0212149289205	0.00606545281511	0.028343545926	0.0539812177946	0.0274492572392	0.00271938082618	0.0389776550024	-0.0710268789075	-0.0269923468247	-0.042698890456	0.00336490241856	-0.0574142236994	-0.00640625786458	0.0266437428649	0.00890483051392	0.0527313812991	0.0400641196312	0.048563097442	-0.0128500197329	-0.00961093035924	-0.0020384398521	0.00331674959079	-0.0998230300822	-0.00617874521332	-0.0430816118842	0.0295726974351	-0.035889846189	-0.0735148140797	-0.0182347687115	-0.0127905598906	-0.0087776161928	-0.0695616051587	-0.00275076442818	-0.0459829856852	0.000920705983634	-2.21394070993e-05	-0.0214234133148	0.00746034539512	-0.0208636119095	-0.00841458837738	0.0140097811425	-0.0321415209439	-0.0110337661095	0.0375703512989	0.0296620328358	-0.0166727272084	0.0266006545834	-0.0121892599596	0.0537728918437	-0.0972549693908	-0.0126415085902	-0.0842801937694	0.0235486633855	0.0224821294213	0.00212913400525	-0.0863933025129	-0.072647306226
k__Bacteria;p__Bacteroidetes;c__Bacteroidia;o__Bacteroidales;f__Bacteroidaceae;g__Bacteroides;s__Bacteroides_uniformis	0.0200652843269	1.0	0.030863868616	-0.00621604690714	-0.0396477489688	-0.0190601100435	-0.0574337080373	-0.029578687038	0.0116842295887	-0.0636008616237	-0.030792172115	0.00671499104523	-0.0637302332239	0.0226876444446	-0.0767018546826	0.0161018697989	-0.0354915289284	-0.0853932128465	-0.0240613078574	-0.0277706390674	-0.0361491966715	-0.0913277998828	-0.0175009224239	-0.0650166687291	-0.0614052441841	-0.0531374306227	-0.00250776499486	-0.0395127796842	-0.012434248884	-0.0264840368356	-0.0367766468805	-0.0200867616348	0.00115824162414	-0.0123292096143	0.042535428854	-0.00607495331803	0.0463598841885	0.0567300703181	0.0271752035783	0.0538311776645	-0.00855689865205	0.0557949153822	-0.0541269093296	0.00140042052987	0.0142929517695	0.00560115954073	0.0229935664113	-0.0283822357386	0.0303236428827	-0.0136260320937	-0.00954178222315	0.050466457094	-0.0233647397637	-0.0441419659873	-0.00277784749217	-0.0354199542791	0.00409050790602	-0.00427782963603	-0.0965866488671
k__Bacteria;p__Bacteroidetes;c__Bacteroidia;o__Bacteroidales;f__Rikenellaceae;g__Alistipes;s__Alistipes_putredinis	0.0212149289205	0.030863868616	1.0	0.0423008091209	0.0270212341577	-0.00130947882276	-0.0318741478731	-0.00570059714554	0.0413523196035	-0.0420034935622	-0.0412791547917	0.0560020895111	0.0709605712796	-0.00886844263414	0.00527357607994	-0.0665208143471	0.0222496758908	-0.034592441068	0.0173534497178	-0.0543820534855	0.0323276182778	0.0447757085217	0.0571968900598	-0.0664885712071	-0.0393045184914	-0.0125275428447	-0.0656700445781	0.0178678603078	-0.0054556990145	-0.0342198772403	-0.0248387113801	-0.024742818464	0.0389994512609	0.0791180300703	-0.0879673917686	0.00834385605177	-0.041261301492	0.0695167074452	-0.0516447530514	-0.046191278863	0.00845278506326	0.0826085174465	-0.0790014809289	-0.0386380950937	-0.0278599977936	-0.133621055941	0.00253988928036	-0.0484152490309	-0.0068883372285	-0.000798716409459	-0.00400076193823	-0.0283046919288	-0.0148984460155	-0.0110502134504	0.0825876382839	-0.0326255708843	-0.0346657870378	-0.094190224238	0.00828723279352
k__Bacteria;p__Bacteroidetes;c__Bacteroidia;o__Bacteroidales;f__Prevotellaceae;g__Prevotella;s__Prevotella_copri	0.00606545281511	-0.00621604690714	0.0423008091209	1.0	-0.0217851868134	-0.0134808638416	-0.0324915097113	0.0426495772838	-0.0247725942549	-0.0194094417853	-0.038545094979	-0.0106854345327	-0.0154659738811	-0.0333511387796	-0.00505437976576	-0.0174632531812	-0.0164233774702	0.0428450828324	-0.0207590931537	-0.0565826915342	-0.00168555329839	-0.0403454856719	-0.0129015936719	-0.0110645369837	0.0151778760679	-0.0383245769509	-0.0689331023233	0.0276077696719	-0.00369980102488	-0.0789713022879	-0.00720023477576	-0.0348679729156	-0.00772684025612	-0.0426017172312	-0.0668286731732	-0.0452246840797	-0.0474491430875	-0.0535677522359	0.0454316543427	-0.0632774916869	-0.0736748568018	-0.0819218974577	-0.00116274985106	-0.0578165896829	0.0565770036486	-0.0154424164739	-0.0205908064559	0.0123605837123	0.0166302572875	0.0359077306865	0.0239104767111	0.0149659567245	0.0387038230411	0.00387829442596	0.00749315599573	-0.0218455193751	-0.000838919359196	-0.0673837590237	-0.0250387125509
k__Bacteria;p__Bacteroidetes;c__Bacteroidia;o__Bacteroidales;f__Bacteroidaceae;g__Bacteroides;s__Bacteroides_stercoris	0.028343545926	-0.0396477489688	0.0270212341577	-0.0217851868134	1.0	-0.0507104744084	0.0660331486833	0.096456914378	-0.0228757542598	-0.0198530120133	-0.0217958837267	-0.0676945104804	-0.0602667980868	-0.0313705273762	0.00191842524722	-0.0155894900103	0.00275685619907	0.0603029895175	-0.0480990283593	-0.0584360036273	0.0326545121693	-0.00806950867042	-0.024078616203	-0.0419496331808	0.0238103635854	0.00265606389333	0.0302676833655	0.0432249412909	0.0293362245647	0.00174248526985	-0.044146710111	-0.0358684020657	-0.0444815534565	-0.0221102912705	0.00776818112317	-0.0602360813009	0.00779016155143	-0.0579419179149	-0.0428698634779	-0.00147083248118	-0.0212984086884	0.00414156366079	0.0379182870118	0.019288081471	0.0222833687325	0.0130200861493	0.014985552251	-0.044097519276	-0.025481165798	-0.0397811584022	-0.00178942298753	-0.0732559917721	0.0266230914832	0.00744929176676	0.0337555003629	-0.0412978842229	0.000350281704073	0.00838048029476	-0.0539457327628
k__Bacteria;p__Bacteroidetes;c__Bacteroidia;o__Bacteroidales;f__Bacteroidaceae;g__Bacteroides;s__Bacteroides_ovatus	0.0539812177946	-0.0190601100435	-0.00130947882276	-0.0134808638416	-0.0507104744084	1.0	-0.0162509238938	-0.0298460771165	0.010368911238	-0.0635096804177	-0.0339146930845	-0.0197764631338	0.0124450141638	-0.0523545832673	-0.093826971618	0.0625919635077	-0.0614019926139	-0.0405580111362	-0.00340552984563	0.0013809509259	-0.104877416073	-0.0513175891864	-0.0524513765865	0.0508289294309	0.0669519708685	-0.0948141157027	-0.0561007516428	-0.0308154860968	0.0217625268279	-0.0384071893661	-0.0361817648255	-0.020571697411	-0.0793699306169	0.101861405501	-0.0328324381769	0.0406948027475	-0.0520723369913	0.0074070312421	-0.0209893513482	-0.0202438948758	-0.00171776163443	-0.0372597040136	0.0102493206249	-0.0126937032357	0.00540443451098	0.00637015823652	0.00558239954395	-0.0488568916903	0.0501048142558	-0.0107085618482	-0.0840567156313	0.0274448169462	-0.0354649037323	0.0152434552311	0.0276506789953	0.0426377748214	-0.00994678428306	-0.0475925051201	0.0153554060666
k__Bacteria;p__Bacteroidetes;c__Bacteroidia;o__Bacteroidales;f__Rikenellaceae;g__Alistipes;s__Alistipes_shahii	0.0274492572392	-0.0574337080373	-0.0318741478731	-0.0324915097113	0.0660331486833	-0.0162509238938	1.0	-0.0101708495644	-0.0257779431593	0.0571927698562	-0.0419332187679	-0.042287741768	-0.0444437766624	0.0906530609468	0.0309373644736	0.0132089219507	-0.0863139194428	-0.0216703320271	-0.0494204866397	0.0127115311545	0.0400136804954	0.040635510422	0.0178124559357	-0.061759937316	-0.0153689069873	0.0414134219284	0.013561135976	-0.0388479784659	-0.0494783472389	-0.0386752927859	-0.0730717773675	-0.0187108552037	0.00254244091435	-0.0428702049428	0.127694282669	0.0233750256045	0.0481118643439	-0.0151187993459	0.0563017162519	-0.0214569040953	-0.0197382906215	-0.0398129983151	0.0249337501026	0.0568881895974	-0.0554164817848	0.00239258597947	-0.0777487579298	0.00575138785203	-0.0381913444269	-0.0665793124178	0.0298111804064	-0.0403157240297	-0.0126506003494	-0.0243681580443	-0.0210188029101	-0.0443651539505	-0.017079206359	-0.0501690102829	-0.0506334057232
k__Bacteria;p__Firmicutes;c__Clostridia;o__Clostridiales;f__Ruminococcaceae;g__Faecalibacterium;s__Faecalibacterium_prausnitzii	0.00271938082618	-0.029578687038	-0.00570059714554	0.0426495772838	0.096456914378	-0.0298460771165	-0.0101708495644	1.0	-0.0147082795994	0.0800244533251	-0.101795654312	-0.0317845930288	-0.000819853944784	0.0137886548256	0.0109630081817	-0.0135266377529	0.00093124997261	0.0608124219323	0.0143991657296	0.00706492530586	-0.0139247174329	0.0428876783216	-0.00236827258263	-0.023454846963	-0.0676521814326	0.0118773173078	0.0134077801595	-0.0299673661692	0.0148542286324	0.056218329216	0.0837341475879	0.0156038691256	0.0208948373792	0.0150407943887	-0.0341736759526	-0.0495321470904	0.0193035592609	-0.0622860323138	-0.00173414666783	-0.0563477326414	-0.0225774983691	0.041807563834	0.0173879021225	-0.0112924727642	-0.00337376896772	0.0235217587286	0.00397657972809	-0.110038054505	-0.0138633799435	0.0797837736633	-0.0511082639663	-0.0391122318591	0.0170294907358	-0.0237996961857	-0.0209891334124	-0.0105398619144	0.00851692900721	0.0515029069281	-0.0364175045059
k__Bacteria;p__Bacteroidetes;c__Bacteroidia;o__Bacteroidales;f__Rikenellaceae;g__Alistipes;s__Alistipes_finegoldii	0.0389776550024	0.0116842295887	0.0413523196035	-0.0247725942549	-0.0228757542598	0.010368911238	-0.0257779431593	-0.0147082795994	1.0	-0.0208562269365	-0.0080585109959	0.0633023228524	-0.0416929562338	0.0494445737826	-0.0223211022084	0.0170625987833	-0.00227412364147	-0.0332806997407	0.0487899214008	0.0783452587306	0.0231272809399	-0.0509491950246	-0.0527288643526	-0.0199227770712	-0.0183717871301	0.0113241082038	0.00969839301792	-0.0181531543135	0.0268311129417	0.0167835530152	-0.0571863741859	0.0682049265814	0.0112311211895	0.0428119256256	-0.0795518322289	-0.0445281065303	0.0404242069392	0.033406403777	0.0198342453521	-0.0142447567975	0.0120904518314	-0.0340850060767	-0.0474046061639	-0.0129426599152	-0.0440220906758	0.0168474601843	-0.0391915229296	0.0991957490993	-0.153303271018	-0.0277835415732	-0.0218437505758	-0.0436876555488	0.0171480109811	-0.0292155765143	-0.0389817167598	0.0282522517088	-0.0103595229137	0.0101811674312	0.000699767037766
k__Bacteria;p__Bacteroidetes;c__Bacteroidia;o__Bacteroidales;f__Porphyromonadaceae;g__Parabacteroides;s__Parabacteroides_distasonis	-0.0710268789075	-0.0636008616237	-0.0420034935622	-0.0194094417853	-0.0198530120133	-0.0635096804177	0.0571927698562	0.0800244533251	-0.0208562269365	1.0	0.00157932319155	0.00945107441904	-0.0687818650294	-0.0258707892365	-0.000896237551458	-0.0421281337575	-0.00479284664764	0.0201461163194	0.022235231124	0.0077591642033	0.0195407387191	-0.0163237862487	0.00824566139695	0.0265724945668	-0.0127399772769	-0.00875180000781	-0.0411072209589	0.0124239819932	-0.0504107889036	0.017522456068	0.0301729569551	-0.000136927873674	0.0184162894219	0.0136522132736	0.00755649750742	-0.0761912980024	-0.0031211616378	0.0245426069637	-0.0402482250785	0.013202237432	-0.110177653591	0.0716494006143	0.00538484845702	-0.00688781796777	0.0806989136185	-0.0759587497194	0.00954747735019	-0.027165348376	0.00459586303987	0.0244271988436	-0.0270168458229	-0.0252538547858	-0.0228435557505	-0.0136660878258	0.0330725199542	0.0340272057769	-0.0290644726651	0.0787802602536	0.0225418186821
k__Bacteria;p__Bacteroidetes;c__Bacteroidia;o__Bacteroidales;f__Bacteroidaceae;g__Bacteroides;s__Bacteroides_thetaiotaomicron	-0.0269923468247	-0.030792172115	-0.0412791547917	-0.038545094979	-0.0217958837267	-0.0339146930845	-0.0419332187679	-0.101795654312	-0.0080585109959	0.00157932319155	1.0	-0.0336209247981	0.0121053299078	0.0293330458231	-0.0230308985924	0.0206642078724	-0.00495261667986	-0.0162881250304	-0.00566900323454	0.0444076432956	-0.0463219064121	-0.00609528918011	0.028862306517	0.00999533289511	-0.0648995581799	-0.0317612729038	0.0162128361571	0.0217852802271	0.0209373750367	-0.0502757660851	0.00637530336024	0.0172115301501	-0.0392609040187	-0.0247696832904	-0.0320395623	0.0293987622573	0.0172985419805	-0.00823627317311	-0.0209147526054	0.011739175305	0.0204288526821	-0.00534042529493	-0.0388970317386	0.00228746914297	-0.0496480799978	-0.0113177164573	-0.0285997502914	0.0131943189582	-0.0240339953192	0.00478082811699	0.0223251888932	-0.0226607782852	0.00458466548748	0.0337284160095	-0.0488583592771	0.0169755806337	-0.0431869866357	0.010741992452	-0.00532586186389
k__Bacteria;p__Bacteroidetes;c__Bacteroidia;o__Bacteroidales;f__Bacteroidaceae;g__Bacteroides;s__Bacteroides_coprocola	-0.042698890456	0.00671499104523	0.0560020895111	-0.0106854345327	-0.0676945104804	-0.0197764631338	-0.042287741768	-0.0317845930288	0.0633023228524	0.00945107441904	-0.0336209247981	1.0	-0.0419247409178	-0.0658710506188	0.000271721344193	0.0388211717793	0.0360132231683	-0.0510022782829	-0.0364860657126	-0.0040857622066	-0.0058987990703	0.00931926411664	-0.025734365571	-0.0695453977002	-0.0151563314103	0.0539636376282	0.0041398403427	-0.0124467669499	0.0151295623577	0.0200483790433	0.00246105795634	0.0511338527701	-0.0239447941719	0.0190590685314	0.0294918708304	-0.00084229216956	0.0014743711462	-0.0199340981125	-0.0516358732471	0.0405862644223	0.0191883790126	-0.0260244120161	-0.0113165918418	0.0234842592594	0.012321107837	-0.0676227551659	-0.0416324728861	-0.019840336511	-0.0673251673612	-0.0394611927194	-0.0082567828072	-0.013758450655	-0.0307499365968	-0.0392784553199	-0.0181702971017	0.0381641342872	-0.0451422672374	0.0558381756111	-0.0497469867624
k__Bacteria;p__Bacteroidetes;c__Bacteroidia;o__Bacteroidales;f__Bacteroidaceae;g__Bacteroides;s__Bacteroides_cellulosilyticus	0.00336490241856	-0.0637302332239	0.0709605712796	-0.0154659738811	-0.0602667980868	0.0124450141638	-0.0444437766624	-0.000819853944784	-0.0416929562338	-0.0687818650294	0.0121053299078	-0.0419247409178	1.0	-0.00862705750322	0.0229533274166	-0.0496686690293	0.0627989300501	0.00132878145577	-0.0468754016671	-0.0118373277161	-0.00632799848748	-0.00361097819823	-0.00834978499537	0.0524597487893	0.0289350963635	0.0168018713492	0.00306986340129	-0.00830600333554	0.0492738853157	0.0170650144846	0.00411330008068	0.0225929475705	-0.0997339284741	0.0117579866542	0.0383748474484	0.0323835091494	-0.0764877620234	0.00786997371993	-0.0195299355135	-0.066737525048	-0.0495719221134	-0.0105084079888	-0.0983570151092	0.0463966266489	-0.0545774432936	0.00881590020954	0.00240897013628	-0.000171696031767	-0.00550615720717	0.0216382811771	-0.0391471873624	-0.0403090870013	0.0314787949626	-0.0135622409543	-0.0777393856699	0.0161096010506	0.0309513295747	0.0123724258646	0.0107218341019
k__Bacteria;p__Bacteroidetes;c__Bacteroidia;o__Bacteroidales;f__Rikenellaceae;g__Alistipes;s__Alistipes_obesi	-0.0574142236994	0.0226876444446	-0.00886844263414	-0.0333511387796	-0.0313705273762	-0.0523545832673	0.0906530609468	0.0137886548256	0.0494445737826	-0.0258707892365	0.0293330458231	-0.0658710506188	-0.00862705750322	1.0	-0.0126572665258	0.0613314838685	0.0234375266085	0.0173910580699	0.0311089756256	0.0117764413323	-0.0250173574854	0.0673623985202	0.00113376746748	0.0308277225757	-0.0101694516301	0.0066215314897	-0.0164777103891	0.033850942929	-0.107103471534	-0.0480607395437	-0.00755334600435	0.0164036483632	-0.088388552957	-0.0357748402873	0.00707262630156	0.0629337381964	0.0158133956044	-0.000170179045106	-0.0212787224627	-0.0225816567091	-0.0635348924766	-0.0207859259563	0.0185853887363	-0.0241085955665	-0.0333947106785	-0.0655462796068	0.0513762458991	0.00265187536533	-0.023811821198	-0.00793147244108	-0.0308483354079	0.0304599424477	0.000518487968961	-0.0494742959202	0.000157254148453	0.0323567628817	-0.0699677232494	-0.0206877679564	0.0266436451925
k__Bacteria;p__Firmicutes;c__Clostridia;o__Clostridiales;f__Lachnospiraceae;g__;s__[Eubacterium]_rectale	-0.00640625786458	-0.0767018546826	0.00527357607994	-0.00505437976576	0.00191842524722	-0.093826971618	0.0309373644736	0.0109630081817	-0.0223211022084	-0.000896237551458	-0.0230308985924	0.000271721344193	0.0229533274166	-0.0126572665258	1.0	-0.0883028487239	-0.0322360755978	-0.0435128941771	-0.0153183773978	0.00231466970705	-0.0399330643305	0.00432499960021	0.013660604509	0.0743135253878	-0.0123235793875	-0.0548548995503	-0.00219028963722	-0.0152528913732	-0.0189032732061	-0.0242745657202	0.0427394231584	0.0369598076254	-0.00557667897968	-0.0476311645434	0.0186246250833	-0.0384915864052	0.0200141671859	-0.0923347658223	0.016851172561	-0.0106506869892	-0.0648557968051	0.0642484951903	0.0323872052933	-0.00794512960407	-0.0154106680353	-0.00941986791098	-0.0138926114875	0.0239946117221	-0.0215576518052	0.0567890624706	-0.014351209277	-0.0560956330255	0.0831369837721	-0.0584803071231	-0.0208918054104	-0.000729956411095	0.0454287079752	0.00838221642202	-0.00338998398171
k__Bacteria;p__Bacteroidetes;c__Bacteroidia;o__Bacteroidales;f__Bacteroidaceae;g__Bacteroides;s__Bacteroides_plebeius	0.0266437428649	0.0161018697989	-0.0665208143471	-0.0174632531812	-0.0155894900103	0.0625919635077	0.0132089219507	-0.0135266377529	0.0170625987833	-0.0421281337575	0.0206642078724	0.0388211717793	-0.0496686690293	0.0613314838685	-0.0883028487239	1.0	-0.00774933137437	0.0596130369902	-0.0470473025399	-0.0491611611051	0.0515114686088	-0.00517239798163	0.0163738246574	-0.0519276531107	-0.0113642853458	-0.00103919708432	0.0611491810596	-0.035915512803	0.0189083474825	-0.00064523899842	-0.00565773039213	-0.0487774063605	-0.0304752699444	0.0229708056012	0.0141601378923	-0.0729402667714	-0.0175618297131	-0.0487403913819	0.0165240829737	-0.0592582300237	-0.0650569838524	-0.0225385497775	0.0315923344313	-0.0445770376317	-0.013277814596	0.0158839151246	-0.00562553343688	0.074807008145	0.0217309380818	-0.00301925655827	0.0379357356367	0.0159992316231	-0.00847325724059	0.0265993035558	-0.0683559621653	-0.0259707782913	-0.0244773401554	-0.0591900638007	0.013103864818
k__Bacteria;p__Bacteroidetes;c__Bacteroidia;o__Bacteroidales;f__Bacteroidaceae;g__Bacteroides;s__Bacteroides_fragilis	0.00890483051392	-0.0354915289284	0.0222496758908	-0.0164233774702	0.00275685619907	-0.0614019926139	-0.0863139194428	0.00093124997261	-0.00227412364147	-0.00479284664764	-0.00495261667986	0.0360132231683	0.0627989300501	0.0234375266085	-0.0322360755978	-0.00774933137437	1.0	0.0142363262689	-0.016314629637	0.0099315812324	0.0381830108284	-0.0711635760596	-0.0611437054611	-0.0410746940118	-0.0619173095651	-0.0346305132694	-0.0434838648964	0.00248692488868	-0.038474996021	0.0351678406202	-0.0740653571578	-0.043646821944	-0.0160773138265	0.00533162035408	-0.0105225828452	-0.01577798225	-0.00370514902404	-0.0109568930136	-0.0211441066515	0.0414838567042	0.0705778897813	-0.0551809840393	-0.0162708156352	-0.0674183597493	-0.00167706987777	0.0647239728722	-0.0447420449305	-0.0106816561252	-0.014417116139	0.0836525760388	0.0119376651595	0.0180647301192	0.00240054094379	-0.00985795975675	-0.0343730725817	0.0153741491335	0.00369849109467	-0.000531613022449	-0.0297391600019
k__Bacteria;p__Proteobacteria;c__Betaproteobacteria;o__Burkholderiales;f__Sutterellaceae;g__Sutterella;s__Sutterella_wadsworthensis	0.0527313812991	-0.0853932128465	-0.034592441068	0.0428450828324	0.0603029895175	-0.0405580111362	-0.0216703320271	0.0608124219323	-0.0332806997407	0.0201461163194	-0.0162881250304	-0.0510022782829	0.00132878145577	0.0173910580699	-0.0435128941771	0.0596130369902	0.0142363262689	1.0	-0.0263394009654	-0.0407141082517	-0.0317693936518	-0.0193830614793	-0.0473565996065	-0.0389846875622	0.0104005356896	0.0109751843518	-0.0475307911478	0.0198907313083	0.00327885133181	-0.0377698260752	0.0646021109882	-0.0561321828391	0.0508103400785	-0.0226053522183	-0.0459089078357	-0.0267472145104	0.0120804973934	-0.0578226775094	-0.0741336815461	-0.0526584775402	0.0611391511818	0.0528618028715	-0.0328089847966	-0.0619235511457	0.0762745304075	-0.0361101032101	-0.0583231110415	-0.0378588672718	0.00794609037079	-0.0657675597253	-0.0418544725438	-0.0410663665815	-0.0705032880581	0.0540615037355	-0.0217667434598	-0.0307876723204	-0.0437799956838	0.00798109816067	0.0265164118236
k__Bacteria;p__Bacteroidetes;c__Bacteroidia;o__Bacteroidales;f__Porphyromonadaceae;g__Barnesiella;s__Barnesiella_intestinihominis	0.0400641196312	-0.0240613078574	0.0173534497178	-0.0207590931537	-0.0480990283593	-0.00340552984563	-0.0494204866397	0.0143991657296	0.0487899214008	0.022235231124	-0.00566900323454	-0.0364860657126	-0.0468754016671	0.0311089756256	-0.0153183773978	-0.0470473025399	-0.016314629637	-0.0263394009654	1.0	0.0558005473005	-0.0569620803827	0.0298301744068	-0.0221180635963	-0.0258031252736	0.00734136759544	-0.117830845388	-0.0286552736344	-0.0381329272304	-0.046849123419	0.00592070162463	-0.0157122587297	0.0421629301946	-0.0224908417138	-0.0377735559038	-0.0294073871055	-0.0795212296687	-0.0174510924349	0.0229040571115	-0.00894662151911	-0.0399295952726	0.0437785299729	0.0319878363758	-0.0285938530388	-0.0214454009034	0.0622047397451	-0.0484927066582	5.76670831426e-05	-0.033137681276	-0.0299376120838	-0.0633029325217	-0.0187461586325	0.133255147496	0.00964857739556	-0.073238228032	0.0485379791105	0.0181116831013	-0.0924844841817	0.0643130412955	0.0315789441604
k__Bacteria;p__Bacteroidetes;c__Bacteroidia;o__Bacteroidales;f__Odoribacteraceae;g__Odoribacter;s__Odoribacter_splanchnicus	0.048563097442	-0.0277706390674	-0.0543820534855	-0.0565826915342	-0.0584360036273	0.0013809509259	0.0127115311545	0.00706492530586	0.0783452587306	0.0077591642033	0.0444076432956	-0.0040857622066	-0.0118373277161	0.0117764413323	0.00231466970705	-0.0491611611051	0.0099315812324	-0.0407141082517	0.0558005473005	1.0	0.033789967216	-0.0318035360415	-0.0612555687253	0.0629940871324	-0.0348879399369	-0.010186129529	0.000889592899339	-0.097659584968	-0.0278049964564	-0.0637152525836	0.0152244487587	0.0045768964986	-0.0135449097917	-0.0283107140954	0.040971480256	-0.0418936408821	-0.0155910278241	-0.00795128834916	-0.0270823325949	-0.0786261946749	0.0139281854721	0.0104833281834	-0.00406758822258	-0.00738136563084	-0.00200713320767	-0.00966997745544	-0.0441491597747	-0.0819429929456	0.037614262229	0.0214103855153	-0.0742246758654	0.016943369299	0.062071881528	-0.0436978194715	0.0125386786168	-0.00978950918514	0.0273103820014	0.00281897977135	-0.0601572623232
k__Bacteria;p__Bacteroidetes;c__Bacteroidia;o__Bacteroidales;f__Bacteroidaceae;g__Bacteroides;s__Bacteroides_salyersiae	-0.0128500197329	-0.0361491966715	0.0323276182778	-0.00168555329839	0.0326545121693	-0.104877416073	0.0400136804954	-0.0139247174329	0.0231272809399	0.0195407387191	-0.0463219064121	-0.0058987990703	-0.00632799848748	-0.0250173574854	-0.0399330643305	0.0515114686088	0.0381830108284	-0.0317693936518	-0.0569620803827	0.033789967216	1.0	-0.0498857668555	-0.014647681553	0.0540758413117	-0.0514728042942	0.024544273704	0.00417133247689	0.0294549988784	-0.00396124424896	-0.0365227444853	0.00702300520192	-0.0155774641594	-0.0232848320184	0.00228538929803	0.0436085128	0.0318481951436	-0.0298515889552	0.0397031671148	0.0187294045363	-0.0664381428803	-0.0485965570208	-0.0290639186054	-0.0517449313467	-0.042291870147	0.0608100212838	0.000407471141784	0.0130552927465	-0.0238580312678	-0.0516166092302	0.00903639880048	-0.0573897465382	-0.0155697130533	0.0323259758779	0.00867757344859	-0.0755946721035	-0.030440856583	-0.0614781386247	0.0557321354068	-0.0429643378069
k__Bacteria;p__Firmicutes;c__Clostridia;o__Clostridiales;f__Ruminococcaceae;g__Ruminiclostridium;s__[Eubacterium]_siraeum	-0.00961093035924	-0.0913277998828	0.0447757085217	-0.0403454856719	-0.00806950867042	-0.0513175891864	0.040635510422	0.0428876783216	-0.0509491950246	-0.0163237862487	-0.00609528918011	0.00931926411664	-0.00361097819823	0.0673623985202	0.00432499960021	-0.00517239798163	-0.0711635760596	-0.0193830614793	0.0298301744068	-0.0318035360415	-0.0498857668555	1.0	0.0165297364281	0.0417396922865	0.0469151303294	-0.0100642274998	-0.013923175863	-0.0295250193094	-0.0355560269163	0.0793841178838	0.0323317779408	0.00388887094803	-0.0386873917273	-0.0051434131419	0.012157431068	0.0654433933017	0.023546179456	0.0198875676768	-0.0881661315429	-0.0625528973386	-0.0219107270912	-0.0212900363533	-0.0412051239143	-0.0146760512622	-0.0219240408659	-0.017894563971	-0.0220783103945	-0.017048158054	-0.0592461685909	-0.00201131558379	0.0577166494973	0.00617137396021	-0.0171943464952	-0.0186074244287	-0.02078066498	0.0212326161303	0.0372111016042	0.00881699329607	0.0285415180429
k__Bacteria;p__Proteobacteria;c__Betaproteobacteria;o__Burkholderiales;f__Sutterellaceae;g__Parasutterella;s__Parasutterella_excrementihominis	-0.0020384398521	-0.0175009224239	0.0571968900598	-0.0129015936719	-0.024078616203	-0.0524513765865	0.0178124559357	-0.00236827258263	-0.0527288643526	0.00824566139695	0.028862306517	-0.025734365571	-0.00834978499537	0.00113376746748	0.013660604509	0.0163738246574	-0.0611437054611	-0.0473565996065	-0.0221180635963	-0.0612555687253	-0.014647681553	0.0165297364281	1.0	-0.0322723913747	-0.0653668084016	-0.0312532074667	-0.0445752115222	-0.0530052936056	-0.0314768977909	-0.0333533186635	0.0250272685598	0.0245209870197	0.00511140172349	-0.068420892558	0.00752786468812	0.00289345262482	0.014424046355	0.0444842592592	-0.0466927755267	-0.0801030643492	-0.0369912240742	-0.0438699486289	0.0402751182926	0.0407504679303	-0.0190649527957	-0.0194081188639	0.027232267657	0.0320535511372	-0.0242132574253	0.00344821604899	0.0150856659756	0.0699401009462	0.00230778641547	0.00583115543426	0.00919897896081	0.00743190952792	-0.051511535913	0.0221728871762	-0.0772050705899
k__Bacteria;p__Actinobacteria;c__Actinobacteria;o__Bifidobacteriales;f__Bifidobacteriaceae;g__Bifidobacterium;s__Bifidobacterium_adolescentis	0.00331674959079	-0.0650166687291	-0.0664885712071	-0.0110645369837	-0.0419496331808	0.0508289294309	-0.061759937316	-0.023454846963	-0.0199227770712	0.0265724945668	0.00999533289511	-0.0695453977002	0.0524597487893	0.0308277225757	0.0743135253878	-0.0519276531107	-0.0410746940118	-0.0389846875622	-0.0258031252736	0.0629940871324	0.0540758413117	0.0417396922865	-0.0322723913747	1.0	-0.0210175527689	-0.00813599653741	-0.0324126762668	-0.0101276928538	-0.00180526703231	0.100079273148	-0.00860258282575	-0.0642006574045	-0.00626810290254	-0.0310385338042	-0.0222938070438	-0.0335105045157	-0.0166349242254	-0.0734205808295	0.00983090068222	0.0467754302767	-0.0237127838497	-0.00142831019434	0.00382788764699	0.0352783410896	-0.118950716185	-0.0246057631244	-0.013773446893	-0.0391482920499	0.0698815899821	-0.0528820034084	0.0230804336844	0.0111933189461	-0.0571747667468	0.0573803727486	-0.00547412549081	0.0408592326812	-0.0200365206525	0.0454606338187	0.0229083480245
k__Bacteria;p__Firmicutes;c__Clostridia;o__Clostridiales;f__Oscillospiraceae;g__Oscillibacter;s__Oscillibacter_sp._KLE_1745	-0.0998230300822	-0.0614052441841	-0.0393045184914	0.0151778760679	0.0238103635854	0.0669519708685	-0.0153689069873	-0.0676521814326	-0.0183717871301	-0.0127399772769	-0.0648995581799	-0.0151563314103	0.0289350963635	-0.0101694516301	-0.0123235793875	-0.0113642853458	-0.0619173095651	0.0104005356896	0.00734136759544	-0.0348879399369	-0.0514728042942	0.0469151303294	-0.0653668084016	-0.0210175527689	1.0	-0.0327857512305	-0.0811438681312	-0.0638269849892	0.0458573593321	-0.0262924176785	-0.0523559998893	-0.0758337946396	0.009462367563	-0.0187932776637	0.00678506127676	0.00930325459122	0.0327772826826	-0.00378077189422	-0.0156165408849	-0.0899269447064	0.0353894399735	0.0131049141519	0.0182205649961	-0.0497347672414	-0.0231219086896	-0.0431972629803	0.0303273862422	-0.00311176501066	-0.0683383191836	-0.03725069307	-0.0181557329376	0.0252808967549	-0.0166317995964	-0.000604422664337	-0.0190237394036	0.0573641266595	-0.0363409249549	-0.00105214529685	-0.0481072225306
k__Bacteria;p__Bacteroidetes;c__Bacteroidia;o__Bacteroidales;f__Bacteroidaceae;g__Bacteroides;s__Bacteroides_coprophilus	-0.00617874521332	-0.0531374306227	-0.0125275428447	-0.0383245769509	0.00265606389333	-0.0948141157027	0.0414134219284	0.0118773173078	0.0113241082038	-0.00875180000781	-0.0317612729038	0.0539636376282	0.0168018713492	0.0066215314897	-0.0548548995503	-0.00103919708432	-0.0346305132694	0.0109751843518	-0.117830845388	-0.010186129529	0.024544273704	-0.0100642274998	-0.0312532074667	-0.00813599653741	-0.0327857512305	1.0	0.0379309337643	0.0738486621267	-0.0499693366489	0.0231061537092	-0.0436249273142	-0.0352268900564	0.0386560034168	-0.0197375204741	0.0137167275334	-0.115887031347	0.023221558009	-0.00469829055298	-0.0139682086267	-0.0248242582393	0.0493881420954	-0.0293892773012	0.0276973228303	-0.0424330997803	-0.102613960573	0.0249238711797	-0.0613264074643	-0.0381679229095	0.013360169264	-0.0106724136167	0.0311165208045	0.0594018522595	0.0290767341785	0.0178816433704	-0.0264724919384	-0.0169417575351	-0.00425916832806	0.0344405649363	-0.0347992794862
k__Bacteria;p__Firmicutes;c__Clostridia;o__Clostridiales;f__Lachnospiraceae;g__Roseburia;s__Roseburia_intestinalis	-0.0430816118842	-0.00250776499486	-0.0656700445781	-0.0689331023233	0.0302676833655	-0.0561007516428	0.013561135976	0.0134077801595	0.00969839301792	-0.0411072209589	0.0162128361571	0.0041398403427	0.00306986340129	-0.0164777103891	-0.00219028963722	0.0611491810596	-0.0434838648964	-0.0475307911478	-0.0286552736344	0.000889592899339	0.00417133247689	-0.013923175863	-0.0445752115222	-0.0324126762668	-0.0811438681312	0.0379309337643	1.0	0.0102864996686	-0.0171065594858	0.0293119360741	-0.0104956618102	-0.0371426062257	0.0241605851571	-0.036318964681	-0.0188979907158	-0.000700592214603	0.0307485497991	0.0247572613564	-0.00658752364433	0.00487404792224	-0.0208515894179	-0.0230885620621	0.000644202812176	-0.0236670528104	-0.00192831641705	0.0173473754617	0.0600814243222	0.0696071107045	-0.102452795562	0.038103097838	-0.0971527978115	0.0290706735213	-0.0333442072196	0.0136259341908	-0.0224868167125	-0.0708255539887	-0.00144720062151	-0.00861706811121	0.0475635377876
k__Bacteria;p__Firmicutes;c__Clostridia;o__Clostridiales;f__Lachnospiraceae;g__Roseburia;s__Roseburia_hominis	0.0295726974351	-0.0395127796842	0.0178678603078	0.0276077696719	0.0432249412909	-0.0308154860968	-0.0388479784659	-0.0299673661692	-0.0181531543135	0.0124239819932	0.0217852802271	-0.0124467669499	-0.00830600333554	0.033850942929	-0.0152528913732	-0.035915512803	0.00248692488868	0.0198907313083	-0.0381329272304	-0.097659584968	0.0294549988784	-0.0295250193094	-0.0530052936056	-0.0101276928538	-0.0638269849892	0.0738486621267	0.0102864996686	1.0	0.00383217575714	0.0308826853889	-0.0270635449788	-0.0511964606214	0.0134276350501	-0.0776013983082	-0.0160289482384	-0.00888663078852	-0.0439819651884	0.000698048507902	0.0378285402871	-0.0294342256897	-0.0073791257296	0.0488176757887	0.00236879802263	0.0124032284264	-0.0491349492749	0.0365872213296	-0.0152841619321	0.00198844259448	0.0057107260027	-0.0121769007267	-0.0754133498341	-0.0856477782651	0.0370415269502	0.0182920262828	0.0385486466968	-0.0254442876588	0.00463280329691	-0.0517858799754	-0.0246511322197
k__Bacteria;p__Bacteroidetes;c__Bacteroidia;o__Bacteroidales;f__Porphyromonadaceae;g__Parabacteroides;s__Parabacteroides_johnsonii	-0.035889846189	-0.012434248884	-0.0054556990145	-0.00369980102488	0.0293362245647	0.0217625268279	-0.0494783472389	0.0148542286324	0.0268311129417	-0.0504107889036	0.0209373750367	0.0151295623577	0.0492738853157	-0.107103471534	-0.0189032732061	0.0189083474825	-0.038474996021	0.00327885133181	-0.046849123419	-0.0278049964564	-0.00396124424896	-0.0355560269163	-0.0314768977909	-0.00180526703231	0.0458573593321	-0.0499693366489	-0.0171065594858	0.00383217575714	1.0	0.0459924434138	-0.0825081330129	-0.0313190460923	0.0229072010579	-0.0119860169264	0.0192646075627	-0.0331556617321	-0.0314870696613	-0.139075911786	-0.0164732277416	0.0500868144019	-0.0129449531142	0.00382493272782	-0.106151166432	0.0058228432345	-0.0556015551033	-0.00951911241967	-0.062336408697	-0.0468343238474	-0.0330499462632	0.0038310220109	-0.0175990520703	-0.0773663941291	-0.0394497886859	-0.00153912928229	-0.0552000377383	-0.072006375238	0.0205517322887	-0.0179075098948	0.0534950009885
k__Bacteria;p__Actinobacteria;c__Actinobacteria;o__Bifidobacteriales;f__Bifidobacteriaceae;g__Bifidobacterium;s__Bifidobacterium_longum	-0.0735148140797	-0.0264840368356	-0.0342198772403	-0.0789713022879	0.00174248526985	-0.0384071893661	-0.0386752927859	0.056218329216	0.0167835530152	0.017522456068	-0.0502757660851	0.0200483790433	0.0170650144846	-0.0480607395437	-0.0242745657202	-0.00064523899842	0.0351678406202	-0.0377698260752	0.00592070162463	-0.0637152525836	-0.0365227444853	0.0793841178838	-0.0333533186635	0.100079273148	-0.0262924176785	0.0231061537092	0.0293119360741	0.0308826853889	0.0459924434138	1.0	0.0611766083338	-0.00649073374104	-0.0244872148061	-0.0774321318283	-0.0348272492925	0.0596944419099	-0.044174352717	0.0422090869666	-0.0971839643787	-0.00552585523928	0.0234515764187	0.0182309580664	0.00738185551768	0.0192141751007	0.02553058523	-0.0445890025834	0.022418829504	-0.0293168749402	-0.0204811082541	-0.0198043026886	-0.0397085412938	0.0307905411183	0.000243635889972	-0.0236768478344	0.0345299445456	-0.0147342498679	0.029879009746	0.0520446027877	-0.0100440243446
