#taxonomy	k__Bacteria;p__Bacteroidetes;c__Bacteroidia;o__Bacteroidales;f__Bacteroidaceae;g__Bacteroides;s__Bacteroides_vulgatus	k__Bacteria;p__Bacteroidetes;c__Bacteroidia;o__Bacteroidales;f__Bacteroidaceae;g__Bacteroides;s__Bacteroides_uniformis	k__Bacteria;p__Bacteroidetes;c__Bacteroidia;o__Bacteroidales;f__Rikenellaceae;g__Alistipes;s__Alistipes_putredinis	k__Bacteria;p__Bacteroidetes;c__Bacteroidia;o__Bacteroidales;f__Prevotellaceae;g__Prevotella;s__Prevotella_copri	k__Bacteria;p__Bacteroidetes;c__Bacteroidia;o__Bacteroidales;f__Bacteroidaceae;g__Bacteroides;s__Bacteroides_stercoris	k__Bacteria;p__Bacteroidetes;c__Bacteroidia;o__Bacteroidales;f__Bacteroidaceae;g__Bacteroides;s__Bacteroides_ovatus	k__Bacteria;p__Bacteroidetes;c__Bacteroidia;o__Bacteroidales;f__Rikenellaceae;g__Alistipes;s__Alistipes_shahii	k__Bacteria;p__Firmicutes;c__Clostridia;o__Clostridiales;f__Ruminococcaceae;g__Faecalibacterium;s__Faecalibacterium_prausnitzii	k__Bacteria;p__Bacteroidetes;c__Bacteroidia;o__Bacteroidales;f__Rikenellaceae;g__Alistipes;s__Alistipes_finegoldii	k__Bacteria;p__Bacteroidetes;c__Bacteroidia;o__Bacteroidales;f__Porphyromonadaceae;g__Parabacteroides;s__Parabacteroides_distasonis	k__Bacteria;p__Bacteroidetes;c__Bacteroidia;o__Bacteroidales;f__Bacteroidaceae;g__Bacteroides;s__Bacteroides_thetaiotaomicron	k__Bacteria;p__Bacteroidetes;c__Bacteroidia;o__Bacteroidales;f__Bacteroidaceae;g__Bacteroides;s__Bacteroides_coprocola	k__Bacteria;p__Bacteroidetes;c__Bacteroidia;o__Bacteroidales;f__Bacteroidaceae;g__Bacteroides;s__Bacteroides_cellulosilyticus	k__Bacteria;p__Bacteroidetes;c__Bacteroidia;o__Bacteroidales;f__Rikenellaceae;g__Alistipes;s__Alistipes_obesi	k__Bacteria;p__Firmicutes;c__Clostridia;o__Clostridiales;f__Lachnospiraceae;g__;s__[Eubacterium]_rectale	k__Bacteria;p__Bacteroidetes;c__Bacteroidia;o__Bacteroidales;f__Bacteroidaceae;g__Bacteroides;s__Bacteroides_plebeius	k__Bacteria;p__Bacteroidetes;c__Bacteroidia;o__Bacteroidales;f__Bacteroidaceae;g__Bacteroides;s__Bacteroides_fragilis	k__Bacteria;p__Proteobacteria;c__Betaproteobacteria;o__Burkholderiales;f__Sutterellaceae;g__Sutterella;s__Sutterella_wadsworthensis	k__Bacteria;p__Bacteroidetes;c__Bacteroidia;o__Bacteroidales;f__Porphyromonadaceae;g__Barnesiella;s__Barnesiella_intestinihominis	k__Bacteria;p__Bacteroidetes;c__Bacteroidia;o__Bacteroidales;f__Odoribacteraceae;g__Odoribacter;s__Odoribacter_splanchnicus	k__Bacteria;p__Bacteroidetes;c__Bacteroidia;o__Bacteroidales;f__Bacteroidaceae;g__Bacteroides;s__Bacteroides_salyersiae	k__Bacteria;p__Firmicutes;c__Clostridia;o__Clostridiales;f__Ruminococcaceae;g__Ruminiclostridium;s__[Eubacterium]_siraeum	k__Bacteria;p__Proteobacteria;c__Betaproteobacteria;o__Burkholderiales;f__Sutterellaceae;g__Parasutterella;s__Parasutterella_excrementihominis	k__Bacteria;p__Actinobacteria;c__Actinobacteria;o__Bifidobacteriales;f__Bifidobacteriaceae;g__Bifidobacterium;s__Bifidobacterium_adolescentis	k__Bacteria;p__Firmicutes;c__Clostridia;o__Clostridiales;f__Oscillospiraceae;g__Oscillibacter;s__Oscillibacter_sp._KLE_1745	k__Bacteria;p__Bacteroidetes;c__Bacteroidia;o__Bacteroidales;f__Bacteroidaceae;g__Bacteroides;s__Bacteroides_coprophilus	k__Bacteria;p__Firmicutes;c__Clostridia;o__Clostridiales;f__Lachnospiraceae;g__Roseburia;s__Roseburia_intestinalis	k__Bacteria;p__Firmicutes;c__Clostridia;o__Clostridiales;f__Lachnospiraceae;g__Roseburia;s__Roseburia_hominis	k__Bacteria;p__Bacteroidetes;c__Bacteroidia;o__Bacteroidales;f__Porphyromonadaceae;g__Parabacteroides;s__Parabacteroides_johnsonii	k__Bacteria;p__Actinobacteria;c__Actinobacteria;o__Bifidobacteriales;f__Bifidobacteriaceae;g__Bifidobacterium;s__Bifidobacterium_longum	k__Bacteria;p__Firmicutes;c__Clostridia;o__Clostridiales;f__;g__Flavonifractor;s__Flavonifractor_plautii	k__Bacteria;p__Firmicutes;c__Clostridia;o__Clostridiales;f__Clostridiaceae;g__Clostridium;s__Clostridium_phoceensis	k__Bacteria;p__Verrucomicrobia;c__Verrucomicrobiae;o__Verrucomicrobiales;f__Akkermansiaceae;g__Akkermansia;s__Akkermansia_muciniphila	k__Bacteria;p__Bacteroidetes;c__Bacteroidia;o__Bacteroidales;f__Prevotellaceae;g__Paraprevotella;s__Paraprevotella_xylaniphila	k__Bacteria;p__Firmicutes;c__Clostridia;o__Clostridiales;f__Ruminococcaceae;g__Ruminococcus;s__Ruminococcus_callidus	k__Bacteria;p__Bacteroidetes;c__Bacteroidia;o__Bacteroidales;f__Rikenellaceae;g__Alistipes;s__Alistipes_senegalensis	k__Bacteria;p__Firmicutes;c__Clostridia;o__Clostridiales;f__Lachnospiraceae;g__Blautia;s__Blautia_sp._KLE_1732	k__Bacteria;p__Bacteroidetes;c__Bacteroidia;o__Bacteroidales;f__Bacteroidaceae;g__Bacteroides;s__Bacteroides_oleiciplenus	k__Bacteria;p__Firmicutes;c__Clostridia;o__Clostridiales;f__Ruminococcaceae;g__Ruminococcus;s__Ruminococcus_bicirculans	k__Bacteria;p__Bacteroidetes;c__Bacteroidia;o__Bacteroidales;f__Bacteroidaceae;g__Bacteroides;s__Bacteroides_fluxus	k__Bacteria;p__Bacteroidetes;c__Bacteroidia;o__Bacteroidales;f__Prevotellaceae;g__Prevotella;s__Prevotella_stercorea	k__Bacteria;p__Firmicutes;c__Clostridia;o__Clostridiales;f__Lachnospiraceae;g__Dorea;s__Dorea_longicatena	k__Bacteria;p__Firmicutes;c__Clostridia;o__Clostridiales;f__Eubacteriaceae;g__Eubacterium;s__[Eubacterium]_eligens	k__Bacteria;p__Firmicutes;c__Clostridia;o__Clostridiales;f__Ruminococcaceae;g__;s__Ruminococcaceae_bacterium_D16	k__Bacteria;p__Firmicutes;c__Clostridia;o__Clostridiales;f__Lachnospiraceae;g__Coprococcus;s__Coprococcus_comes	k__Bacteria;p__Proteobacteria;c__Gammaproteobacteria;o__Enterobacterales;f__Enterobacteriaceae;g__Escherichia;s__Escherichia_coli	k__Bacteria;p__Firmicutes;c__Clostridia;o__Clostridiales;f__Ruminococcaceae;g__Anaerotruncus;s__Anaerotruncus_colihominis	k__Bacteria;p__Firmicutes;c__Clostridia;o__Clostridiales;f__Lachnospiraceae;g__Blautia;s__Blautia_obeum	k__Bacteria;p__Bacteroidetes;c__Bacteroidia;o__Bacteroidales;f__Odoribacteraceae;g__Odoribacter;s__Odoribacter_laneus	k__Bacteria;p__Firmicutes;c__Clostridia;o__Clostridiales;f__Ruminococcaceae;g__Ruminiclostridium;s__[Clostridium]_leptum	k__Bacteria;p__Bacteroidetes;c__Bacteroidia;o__Bacteroidales;f__Porphyromonadaceae;g__Parabacteroides;s__Parabacteroides_goldsteinii	k__Bacteria;p__Firmicutes;c__Clostridia;o__Clostridiales;f__Lachnospiraceae;g__Anaerostipes;s__Anaerostipes_hadrus	k__Bacteria;p__Firmicutes;c__Clostridia;o__Clostridiales;f__Ruminococcaceae;g__Ruminococcus;s__Ruminococcus_lactaris	k__Bacteria;p__Firmicutes;c__Clostridia;o__Clostridiales;f__Clostridiaceae;g__Clostridium;s__Clostridium_sp._L2-50	k__Bacteria;p__Firmicutes;c__Clostridia;o__Clostridiales;f__Clostridiaceae;g__Clostridium;s__Clostridium_sp._M62/1	k__Bacteria;p__Firmicutes;c__Clostridia;o__Clostridiales;f__;g__Intestinimonas;s__Intestinimonas_butyriciproducens	k__Bacteria;p__Actinobacteria;c__Actinobacteria;o__Bifidobacteriales;f__Bifidobacteriaceae;g__Bifidobacterium;s__Bifidobacterium_bifidum	k__Bacteria;p__Firmicutes;c__Negativicutes;o__Veillonellales;f__Veillonellaceae;g__Dialister;s__Dialister_invisus	k__Bacteria;p__Bacteroidetes;c__Bacteroidia;o__Bacteroidales;f__Bacteroidaceae;g__Bacteroides;s__Bacteroides_salanitronis
k__Bacteria;p__Bacteroidetes;c__Bacteroidia;o__Bacteroidales;f__Bacteroidaceae;g__Bacteroides;s__Bacteroides_vulgatus	1.0	-0.0377448671005	-0.0295135175432	0.0507220097738	-0.0132079620532	-0.0243623178723	-0.0763793376576	-0.0108814258646	0.0223151193244	0.0453539619345	0.0122881296174	-0.00380115564198	-0.0488058473699	-0.0669782438702	-0.0025786644026	-0.0310363487684	0.0179242227213	0.0069671858498	0.0326009727804	-0.0331205028404	-0.0611994049776	-0.0969161090214	-0.0441531730449	-9.51253351571e-06	-0.040794654921	-0.0243744604676	0.031514442661	0.0162198488488	-0.0532993187521	-0.0618582569908	0.0202658380521	-0.0726311252095	-0.00088474084326	-0.0606352255868	0.0224950152318	0.0161194777592	0.0014318941438	-0.0370382751452	0.0184314645199	-0.0379478915054	-0.0751432163265	0.00256260828524	0.0109345215613	-0.0420760849386	0.0602781634866	-0.0271933605382	0.0358752337395	0.0518910583939	-0.0555978470807	0.0155557291145	0.00696636079161	-0.0317725698637	-0.0375192997383	-0.0109225169762	-0.0290338234406	0.0504229734993	-0.0165649258813	0.106387959669	-0.0249849724358
k__Bacteria;p__Bacteroidetes;c__Bacteroidia;o__Bacteroidales;f__Bacteroidaceae;g__Bacteroides;s__Bacteroides_uniformis	-0.0377448671005	1.0	0.0321783552119	-0.000301943860743	0.0168679556865	0.0194621753631	-0.0235129165863	-0.0341097543163	0.0273480184585	-4.10723266772e-05	0.0184317392623	-0.0573809046221	-0.0389416151194	0.0138451920382	-0.065362379351	-0.0282487701673	-0.0621447290761	-0.044411573068	-0.007693134695	0.0766033028784	-0.0435435592499	-0.0861079392642	-0.0225043996834	0.0109294342245	0.00360295282735	0.00152219395806	-0.00643316752007	-0.00275031675871	-0.0192320917573	0.0809442408484	-0.00881027574277	0.0240645882336	0.0271104792114	0.0271998256185	0.0581204049341	0.0304171860854	0.000938749209206	0.00713333810097	-0.015331705198	0.0202441175534	-0.0307346284091	0.0567014784252	-0.0747063817836	-0.102462732704	-0.0163223733118	-0.00662354409073	-0.0372366504444	-0.00056591125298	0.0401940790448	-0.0186214192762	0.0196775221083	-0.0140538428662	-0.0692264628611	0.0229953924815	-0.00785874971954	-0.0100491591756	-0.0350176652584	-0.100051227716	0.0154627244395
k__Bacteria;p__Bacteroidetes;c__Bacteroidia;o__Bacteroidales;f__Rikenellaceae;g__Alistipes;s__Alistipes_putredinis	-0.0295135175432	0.0321783552119	1.0	-0.0587966525678	-0.0253265961335	-0.00927003175665	-0.0307419734392	0.0364002590412	-0.00774732017016	-0.0267919168189	-0.0146260684231	-0.0153390575819	0.0590217635385	0.000703123608995	-0.0152566528295	0.0148253840629	-0.0382434519441	-0.0415639930012	-0.0864622659945	0.0119407447684	-0.0955718613862	0.0601930924069	-0.000185707400523	-0.0655271659672	-0.0427340685053	-0.01906510501	-0.0897951320482	0.0929367711034	-0.0171110072929	0.0201762908322	0.00595971022519	0.0210609056626	-0.0693719520488	0.0729178271142	0.00170107792047	0.0195902543632	0.0195663227431	0.0325662370311	0.0181420452153	-0.0452044714159	0.0238781971535	-0.00978659716933	-0.0162674722389	-0.0194191142733	0.0145372160401	-0.0307804245951	-0.0251435926602	-0.0156333085088	0.0342949291634	0.06818716101	-0.0404345296042	0.0130300274739	-0.0343714358929	-0.0350940899103	-0.0214971390569	-0.0338261154562	-0.0338856086733	-0.0346069305981	-0.075759570333
k__Bacteria;p__Bacteroidetes;c__Bacteroidia;o__Bacteroidales;f__Prevotellaceae;g__Prevotella;s__Prevotella_copri	0.0507220097738	-0.000301943860743	-0.0587966525678	1.0	-0.0837391576344	-0.0515199662023	-0.0496890487635	0.0167339894033	0.0148761224377	-0.0602626543199	-0.0378571131083	-0.00419071348345	-0.0485339776635	-0.0737511107608	0.0268607440079	-0.028030335301	0.0127045563455	-0.0851232209318	0.0574682554288	-0.000463385460271	-0.0476661106281	0.0515295852796	-0.0798686740767	-0.0153920251367	-0.0216308243087	-0.000548451840268	0.010152130854	0.00119094501118	-0.00869249778066	-0.110559257055	-0.0431432944813	0.0217624718088	0.0265939473996	0.0324080501997	0.0606548060477	-0.0129211390718	0.0672368567021	0.0338811229554	-0.0901377527821	-0.00838597650911	0.0380428910256	-0.0503794418228	0.0411582391136	0.0518837131652	0.0907352587282	-0.0355153541637	0.0601208478909	0.0427226237874	-0.0946166444024	0.0297328301863	0.0172977571521	0.0379448392896	-0.0108708043205	-0.0296087682201	-0.0176318509762	0.0826738424919	0.0157179691921	-0.0572864058721	0.00308004170669
k__Bacteria;p__Bacteroidetes;c__Bacteroidia;o__Bacteroidales;f__Bacteroidaceae;g__Bacteroides;s__Bacteroides_stercoris	-0.0132079620532	0.0168679556865	-0.0253265961335	-0.0837391576344	1.0	0.0222993543675	-0.0113806444615	-0.0559313392738	-0.0552868343426	0.0464172122023	0.0213921310596	-0.0873985210911	0.0827581461465	0.0191686164812	0.0425650315201	0.00783339605737	0.0149860017533	0.0222317738701	0.0046415722264	0.0162262582898	-0.075812632726	0.0572134890106	-0.0665021380839	-0.0213000955179	-0.0214280296234	-0.0793503156693	-0.0232206714981	-0.0173833534616	-0.00144634940082	-0.010787969056	0.0144927059474	-0.038147924685	0.000171432543739	-0.00367282656517	-0.0239768887391	0.00366347322856	-0.0599396898584	0.00662842161045	0.0840154760652	0.0413328222966	-0.0614252799588	-0.0427955061936	-0.0436770814381	0.0078810877457	0.0303015426863	-0.0320958518286	-0.0913069440482	-0.011455274504	-0.00290640427508	0.0100559306571	-0.00664546924025	-0.0284898593076	0.0386709775782	0.0149489380637	-0.0136492157776	-0.0611034655553	-0.0341712566148	-0.00900800007964	0.0326072213282
k__Bacteria;p__Bacteroidetes;c__Bacteroidia;o__Bacteroidales;f__Bacteroidaceae;g__Bacteroides;s__Bacteroides_ovatus	-0.0243623178723	0.0194621753631	-0.00927003175665	-0.0515199662023	0.0222993543675	1.0	0.0563954636343	-0.00190203290303	-0.039847339075	-0.0403166641644	0.0255414559248	-0.0480802073131	-0.00354881872618	0.0823872400283	0.0475156136604	0.0343292049773	-0.000745892690489	0.0601205204924	0.0543724364596	-0.0585691121311	-0.0298919330918	-0.00294320780719	-0.0454491124951	0.000632149413004	-0.0675859567576	0.00505373650616	0.0548450654049	0.0743989792631	0.0146273627354	0.0754631345656	-0.0046807328447	-0.0194834148551	0.00795989916715	0.0544913780194	0.00485006961316	-0.0157711458627	-7.50727568541e-05	0.0381468859257	0.00472474718081	-0.006223424967	-0.00254865350136	-0.0277315096323	-0.0157780383082	-0.0216847061882	-0.0841985290831	-0.0668209493745	-0.062319199387	0.0164919317467	-0.0615869618422	-0.0148270650842	0.0817391210518	-0.0120129101227	0.0617115802625	-0.010270114389	-0.0643996230012	0.0488768030494	0.0494473500647	-0.0434711806812	-0.0808079803013
k__Bacteria;p__Bacteroidetes;c__Bacteroidia;o__Bacteroidales;f__Rikenellaceae;g__Alistipes;s__Alistipes_shahii	-0.0763793376576	-0.0235129165863	-0.0307419734392	-0.0496890487635	-0.0113806444615	0.0563954636343	1.0	0.00867286942283	-0.12597486631	0.0582569123192	-0.0314296824635	0.00665517185641	0.00496255573503	-0.0784528923652	-0.0107210867598	0.0215748486298	-0.0905054071018	0.0826773252725	-0.0153730251067	0.0197995877642	0.0090130890481	-0.0523465715129	-0.0123862197307	-0.0509223909326	0.0292757889631	0.0334126182534	0.023149499616	-0.0190501913303	-0.0132032220223	0.103553177198	0.0050768820883	-0.0177620333829	0.00691794991434	-0.0149696734253	0.063504888292	-0.0153391152475	0.0236510998496	0.00900790797296	-0.0227057052467	-0.0166328197222	-0.0174668902516	-0.089881321044	-0.0269260667841	-0.0982591268326	-0.00441867424536	0.0780751404746	-0.0330639959192	0.0521970811028	-0.0192275304662	0.0455496514664	0.0110131530109	-0.00731662413305	-0.0315554702456	0.0242750049672	-0.011014594257	0.0720755947119	0.0325726757537	-0.0261966533993	0.0104704637866
k__Bacteria;p__Firmicutes;c__Clostridia;o__Clostridiales;f__Ruminococcaceae;g__Faecalibacterium;s__Faecalibacterium_prausnitzii	-0.0108814258646	-0.0341097543163	0.0364002590412	0.0167339894033	-0.0559313392738	-0.00190203290303	0.00867286942283	1.0	-0.043287387522	0.026278652462	0.00387853510792	0.00321571500286	0.0392162183706	0.0078835542116	-0.0572910117521	-0.0304719875659	-0.0274101823961	-0.00882114687201	0.00654288767731	0.00441413555392	0.0382915210618	-0.00257793964448	-0.0445982881311	-0.0112667287148	-0.000928581867342	0.0183538473628	-0.0805405939445	0.00379344890385	0.0021416615258	0.0644774345565	-0.0456224665822	-0.00468643359956	-0.029471503811	-0.116004900095	0.025787179394	-0.0134472451046	-0.0184899420612	0.0103260996297	0.0472248892135	0.000728372673181	-0.0537768703521	0.0216202673749	0.0716237889708	-0.0529248707305	-0.0484516865384	-0.0295242592384	-0.0128132397659	0.0782853179604	-0.0633217985795	0.0164032726994	-0.00896111134426	-0.00969553831142	-0.049933723963	-0.00931761154444	-0.0689313592394	-0.0978680317144	-0.0166829061729	0.0129938575736	0.00876814231593
k__Bacteria;p__Bacteroidetes;c__Bacteroidia;o__Bacteroidales;f__Rikenellaceae;g__Alistipes;s__Alistipes_finegoldii	0.0223151193244	0.0273480184585	-0.00774732017016	0.0148761224377	-0.0552868343426	-0.039847339075	-0.12597486631	-0.043287387522	1.0	-0.0606517381988	0.00292000658811	0.0344121387114	0.015270002876	-0.0304740829499	0.0144079902555	-0.0920857154862	0.0148096016489	0.0376157591222	-0.0277819479877	-0.0102079747914	-0.057836484138	0.00600539426152	0.0150456543609	-0.102024744778	-0.00378214840151	-0.0517995493959	-0.0410919631017	0.00330882753153	0.00988320994485	-0.0969213489775	-0.0193864193632	0.030471617583	0.0167034035015	-0.0282869722885	0.0731970960894	0.00843405809358	0.0227362161249	0.0421808572764	0.0295979900081	-0.0360191975797	-0.060120072508	0.0234397373759	-0.0386866434953	0.0286908503712	0.0547297044558	0.0340712599087	-0.0155611562218	-0.00121261897679	-0.00567576695094	0.045393899847	0.0198510795285	0.0154469474638	-0.0651839922281	-0.0333672113846	0.00489989115382	-0.0599690748833	-0.0528851043021	-0.0212233752994	-0.0669990056093
k__Bacteria;p__Bacteroidetes;c__Bacteroidia;o__Bacteroidales;f__Porphyromonadaceae;g__Parabacteroides;s__Parabacteroides_distasonis	0.0453539619345	-4.10723266773e-05	-0.0267919168189	-0.0602626543199	0.0464172122023	-0.0403166641644	0.0582569123192	0.026278652462	-0.0606517381988	1.0	-0.0205151879736	0.0195524090407	-0.0852280225228	-0.0172010850483	-0.0629490111561	0.00478090491671	-0.0263965731474	-0.00412564161914	-0.00484563001791	-0.0669332101938	-0.0265243901709	-0.0176359137622	-0.0535972392359	0.0395166068354	-0.0246206778807	0.0425316609375	-0.0126595093452	-0.0940741680788	-0.0428249497485	0.0656757138132	-0.0832934446002	0.00250108200267	-0.0498928568078	-0.0446960856143	-0.0438687857662	0.000213156684697	-0.0127977679396	0.0233998646241	-0.044759094266	0.0176449120819	0.00205026226557	0.0617122132999	-0.00681685127974	0.0399517044606	-0.0695184720647	-0.016697432903	0.0466299140919	-0.0470067826218	0.105099492064	-0.0165313875068	0.0258418773301	-0.0478895907755	-0.0869449845886	-0.0384381384472	-0.0263134357187	0.0082123297663	-0.0383505680125	-0.0550889311914	0.01524534409
k__Bacteria;p__Bacteroidetes;c__Bacteroidia;o__Bacteroidales;f__Bacteroidaceae;g__Bacteroides;s__Bacteroides_thetaiotaomicron	0.0122881296174	0.0184317392623	-0.0146260684231	-0.0378571131083	0.0213921310596	0.0255414559248	-0.0314296824635	0.00387853510792	0.00292000658811	-0.0205151879736	1.0	0.00386675750903	-0.062206954266	-0.10842674348	-0.0032102624469	-0.0574988924776	-0.0386874576238	-0.0488639086462	-0.0549556345833	-0.00929526674494	0.0861025259203	0.0364501321552	0.0340386753566	-0.05748904191	0.0238556886848	-0.00687364767723	0.0172299399864	-0.0191080241079	-0.0264965360573	0.0221761301431	0.012183297832	-0.0632332138297	-0.0138204270781	0.0645236994792	-0.0510441329878	-0.0516058285456	0.0184707040969	0.0187185218386	-0.0514706583122	0.00887581427899	0.00456142739601	-0.0144879987702	-0.0295408154168	-0.0496562291728	0.00408552078065	-0.0193716235379	0.0292146964268	-0.0281943812857	0.0133507537336	-0.0399854665608	-0.01122062749	0.0169669679244	-0.0361265138806	0.0185841401585	-0.00787898038916	-0.0607155125984	0.0196195480498	-0.0241275456864	0.0306844737753
k__Bacteria;p__Bacteroidetes;c__Bacteroidia;o__Bacteroidales;f__Bacteroidaceae;g__Bacteroides;s__Bacteroides_coprocola	-0.00380115564198	-0.0573809046221	-0.0153390575819	-0.00419071348345	-0.0873985210911	-0.0480802073131	0.00665517185641	0.00321571500286	0.0344121387114	0.0195524090407	0.00386675750903	1.0	-0.04212120898	-0.00896842106247	0.0398347840826	-0.0146635664038	0.0173826283621	-0.000539318775488	-0.0390766425305	-0.0691150229031	0.0293509743827	-0.0410791003176	-0.0169305663133	-0.0867006981767	-0.019411487561	0.0381932744214	-0.00228651691622	0.0232365624162	-0.00445225446214	-0.066594790942	-0.0186841096064	-0.0139575208872	-0.0355923996452	0.000622166649115	-0.101773312302	-0.0354355011558	-0.0654557189986	-0.0319592452217	0.0352483541456	0.00303943860149	0.00479066411854	0.0248581392499	0.00487503408918	0.0746150625105	-0.0429305684316	0.018536934042	0.023580371817	-0.0262496646356	0.0325554075148	-0.07305839928	-0.0439455291367	-0.0123469042684	-0.0311391755964	-0.00932775071403	-0.00716192646874	0.0541093500501	-0.00777475998702	0.0401687909489	-0.0339589279725
k__Bacteria;p__Bacteroidetes;c__Bacteroidia;o__Bacteroidales;f__Bacteroidaceae;g__Bacteroides;s__Bacteroides_cellulosilyticus	-0.0488058473699	-0.0389416151194	0.0590217635385	-0.0485339776635	0.0827581461465	-0.00354881872618	0.00496255573503	0.0392162183706	0.015270002876	-0.0852280225228	-0.062206954266	-0.04212120898	1.0	0.0111947824499	-0.00541288748542	0.0250064340953	0.0242407391318	-0.0370050309341	0.0419943047808	-0.0201260151169	0.0513118817433	-0.0108945751975	-0.00756721002599	-0.00752776773213	-0.0372108725468	-0.00684782400924	-0.0120758459426	0.00827235966077	-0.0393329553836	0.0690336865431	-0.0619994153093	0.0461762744895	-0.0123077721523	-0.00953003761787	-0.000969158534612	-0.0160480970192	0.0167333329208	-0.0021744535087	0.0144275726465	-0.0218726389292	0.0088951079321	0.0196613005229	0.0630460197084	-0.0470932518808	0.00920225496944	0.0169182091753	-0.00595010093592	-0.0171003072057	-0.0644246511195	-0.0473411689658	-0.0642300544339	0.0197766133027	0.0914551691056	-0.0112718838801	0.0172672910654	-0.0304133761967	-0.0443991327558	0.000581777817638	-0.0215861986727
k__Bacteria;p__Bacteroidetes;c__Bacteroidia;o__Bacteroidales;f__Rikenellaceae;g__Alistipes;s__Alistipes_obesi	-0.0669782438702	0.0138451920382	0.000703123608995	-0.0737511107608	0.0191686164812	0.0823872400283	-0.0784528923652	0.0078835542116	-0.0304740829499	-0.0172010850483	-0.10842674348	-0.00896842106247	0.0111947824499	1.0	0.0555203034001	0.00741331965479	-0.00194411194355	-0.0357607668877	-0.00736524791923	0.0281265138763	0.0186686934902	-0.00386690840083	0.0202242013848	0.0137435090497	-0.064610425694	-0.0725516851284	0.0131700705038	0.00638369626175	0.00963339884292	0.0462414886106	0.0199120706225	0.0286022897601	0.0299045336553	-0.0585532399595	-0.0296268897841	0.0201634535912	0.00165236463238	0.0229976538994	-0.0414899921322	0.0433022536177	0.0308584400644	-0.0177969954889	-0.0581123237168	0.0614873479959	0.0284993435415	-0.00159249539902	-0.00487095892553	-0.0449706895402	-0.0490082567355	-0.0303687845832	-0.0166389284358	0.062792540689	-0.0273250246573	-0.0406863695143	-0.0123710403623	-0.0527858492514	-0.0670902565032	0.0251407286341	-0.01811617109
k__Bacteria;p__Firmicutes;c__Clostridia;o__Clostridiales;f__Lachnospiraceae;g__;s__[Eubacterium]_rectale	-0.0025786644026	-0.065362379351	-0.0152566528295	0.0268607440079	0.0425650315201	0.0475156136604	-0.0107210867598	-0.0572910117521	0.0144079902555	-0.0629490111561	-0.0032102624469	0.0398347840826	-0.00541288748542	0.0555203034001	1.0	-0.0304498815957	-0.0179590413429	0.0717791131891	0.0627790106144	-0.0131226755323	-0.05575427337	-0.0511305949706	0.0317989263289	0.00516426175408	0.00416301744949	0.0850440512708	0.0434909610273	0.024810374915	-0.0753542829956	-0.019740324445	-0.0355865452208	0.0241901102518	-0.0119340471274	-0.0372336599017	-0.00587450488794	-0.0537343374931	-0.0425271538211	-0.0519809579101	-0.0275427582363	-0.0256332646513	-0.0765792306724	0.026895640034	0.0254306118003	-0.0247511910796	0.0497419687955	0.00364549123468	-0.0601039080824	-0.0124945492839	-0.0117436001494	0.0441614998117	-0.0486407598495	0.0209435809353	-0.0333940748473	-0.0461496876759	0.0025223397617	0.0406319011555	-0.0352276799928	0.0539241220069	-0.0295902737807
k__Bacteria;p__Bacteroidetes;c__Bacteroidia;o__Bacteroidales;f__Bacteroidaceae;g__Bacteroides;s__Bacteroides_plebeius	-0.0310363487684	-0.0282487701673	0.0148253840629	-0.028030335301	0.00783339605737	0.0343292049773	0.0215748486298	-0.0304719875659	-0.0920857154862	0.00478090491671	-0.0574988924776	-0.0146635664038	0.0250064340953	0.00741331965479	-0.0304498815957	1.0	-0.0273843405219	-0.0153498162312	0.035798109374	0.00431283090473	-0.0454625072344	0.0308288189612	-0.0212420190313	-0.0125252183198	0.0521616617234	-0.0713881433839	-0.00922408945988	-0.0210161693628	0.00469015792076	-0.0251469743934	-0.0146917130398	-0.0337452131422	-0.0539315989128	-0.053830509204	0.00674359424064	0.038767549717	-0.0427598529144	-0.00104047409023	-0.105303039441	-0.0314636822208	-0.0460675674856	0.0507669437397	-0.0590840792998	0.025810193514	0.0295309381546	0.0419135671564	-0.0456164397342	-0.00892192536295	-0.0152012088754	0.098082018058	-0.0482322572965	-0.0166747155741	0.107244256083	-0.00383875947834	0.00686511394454	0.0186199800809	-0.0119167958108	-0.0878086749064	0.0028461792152
k__Bacteria;p__Bacteroidetes;c__Bacteroidia;o__Bacteroidales;f__Bacteroidaceae;g__Bacteroides;s__Bacteroides_fragilis	0.0179242227213	-0.0621447290761	-0.0382434519441	0.0127045563455	0.0149860017533	-0.000745892690489	-0.0905054071018	-0.0274101823961	0.0148096016489	-0.0263965731474	-0.0386874576238	0.0173826283621	0.0242407391318	-0.00194411194355	-0.0179590413429	-0.0273843405219	1.0	0.0280049863431	0.020672678885	-0.0240840022222	-0.0260387865987	-0.0203842310471	0.050813021902	0.0327343483763	0.0324718236191	0.0380845670054	-0.105848445337	-0.0485919179336	-0.0439346485166	0.0439125548714	-0.0197195067124	0.0269060921022	-0.0359416144687	-0.0144818875151	-0.0730281975636	0.0183071547073	0.00886897999189	0.0409382022179	-0.0261374313025	-0.0424569037432	0.0420216411049	0.0712231419197	0.048361062353	-0.00991193809536	-0.0171234138228	0.046515126637	0.0121786499103	-0.0866354396365	-0.00146709366312	0.0184150960094	0.0475108083062	-0.0464979612093	-0.00246414612895	-0.0181501576832	-0.0167566953653	-0.0586848539773	-0.0213147591388	-0.0139774709119	-0.0500851631033
k__Bacteria;p__Proteobacteria;c__Betaproteobacteria;o__Burkholderiales;f__Sutterellaceae;g__Sutterella;s__Sutterella_wadsworthensis	0.0069671858498	-0.044411573068	-0.0415639930012	-0.0851232209318	0.0222317738701	0.0601205204924	0.0826773252725	-0.00882114687201	0.0376157591222	-0.00412564161914	-0.0488639086462	-0.000539318775488	-0.0370050309341	-0.0357607668877	0.0717791131891	-0.0153498162312	0.0280049863431	1.0	0.00993544083539	0.0570138196699	-0.139268839177	-0.0103096724673	0.0160515529356	-0.040944014668	-0.0385204748067	0.0149460768184	-0.0196077112107	0.0017628620893	-0.04736626733	-0.0663767739438	-0.0214115660529	0.0253791216726	0.0348213479457	-0.0030252843339	0.0150806895027	0.0146177565617	0.0599855756072	0.0465719306026	0.0572581669821	0.0186521794191	-0.069693467057	0.0502448603764	-0.0107185147342	0.00119034807462	-0.00426965356652	0.0405351493845	-0.0622200343056	-0.0722908203769	-0.0255544500498	0.00327457250787	0.000190596067858	-0.0785185508669	-0.0554707871165	0.00757595218785	-0.0187816014576	-0.0229183476372	0.00914312284001	-0.0238017629542	-0.0311244791386
k__Bacteria;p__Bacteroidetes;c__Bacteroidia;o__Bacteroidales;f__Porphyromonadaceae;g__Barnesiella;s__Barnesiella_intestinihominis	0.0326009727804	-0.007693134695	-0.0864622659945	0.0574682554288	0.0046415722264	0.0543724364596	-0.0153730251067	0.00654288767731	-0.0277819479877	-0.00484563001791	-0.0549556345833	-0.0390766425305	0.0419943047808	-0.00736524791923	0.0627790106144	0.035798109374	0.020672678885	0.00993544083539	1.0	-0.022942012089	-0.0310919093024	-0.0140684168676	0.00471629985848	-0.107961619052	0.00145934032848	-0.0332099260086	0.00894353315887	-0.0282475735639	-0.0163867446373	0.116774839477	-0.0446719330095	0.0717198180526	0.0412752926159	-0.0522290691258	-0.0482247061611	-0.0381493110807	-0.0566228885601	0.0452162130438	-0.00527888325362	-0.00248665919121	0.00938317140763	0.0190429049863	-0.0955135976036	-0.03618723949	0.0145804831621	-0.0596492553628	0.0427883765335	0.0353799268368	-0.0448769594822	0.0274818274636	-0.0748188527311	0.0130770364789	0.0100741484176	0.0170371506584	0.0540785717224	-0.0402216317679	0.00567581192221	0.0200513360652	0.0413334390518
k__Bacteria;p__Bacteroidetes;c__Bacteroidia;o__Bacteroidales;f__Odoribacteraceae;g__Odoribacter;s__Odoribacter_splanchnicus	-0.0331205028404	0.0766033028784	0.0119407447684	-0.000463385460271	0.0162262582898	-0.0585691121311	0.0197995877642	0.00441413555392	-0.0102079747914	-0.0669332101938	-0.00929526674494	-0.0691150229031	-0.0201260151169	0.0281265138763	-0.0131226755323	0.00431283090473	-0.0240840022222	0.0570138196699	-0.022942012089	1.0	-0.0543237955544	0.0188225739832	-0.0327368736731	0.016007089911	0.0463384473988	0.069215922111	0.0104861860185	0.00600593216119	-0.00189093299292	0.0275564229709	-0.00889295796287	-0.0962583556786	-0.0120606810153	0.0319104026528	-0.0244442390191	-0.0312701169812	-0.0302329662525	-0.0125362723195	0.0280149312665	-0.00612481277641	-0.0462825888128	0.0283468029386	-0.0250412903919	0.00251558604809	-0.00716167938124	-0.00996920920721	-0.021370660208	0.0243229919263	-0.0197588160452	-0.029828299047	-0.0554187073761	-0.0733041751883	-0.0950299004551	0.0471255717605	-0.0575149042026	-0.0128113683197	-0.00761130113767	0.002744185428	-0.0158624864846
k__Bacteria;p__Bacteroidetes;c__Bacteroidia;o__Bacteroidales;f__Bacteroidaceae;g__Bacteroides;s__Bacteroides_salyersiae	-0.0611994049776	-0.0435435592499	-0.0955718613862	-0.0476661106281	-0.075812632726	-0.0298919330918	0.0090130890481	0.0382915210618	-0.057836484138	-0.0265243901709	0.0861025259203	0.0293509743827	0.0513118817433	0.0186686934902	-0.05575427337	-0.0454625072344	-0.0260387865987	-0.139268839177	-0.0310919093024	-0.0543237955544	1.0	-0.0179811096575	-0.0260642735297	0.00291656119123	-0.0576688415648	0.00803660289958	-0.0241136530204	-0.00383992199925	0.0604653737797	0.0428937139106	-0.0149643128768	0.110595186973	0.0907433703262	0.000248462631878	0.0332955411518	-0.00977720457346	0.0734260954864	-0.0677095746896	-0.0340434060443	-0.0453834698494	0.0572227518555	0.0430850444316	0.00201387813733	0.00339434808287	-0.0440613358191	0.00307413700013	-0.0363229409121	0.0550541439625	-0.00106914216856	-0.0506411984494	0.0387067863978	0.0215542817693	-0.00944273956984	-0.00380434829637	-0.0379427609818	-0.0286620422057	-0.0263395111258	-0.0280636149758	-0.00753052040383
k__Bacteria;p__Firmicutes;c__Clostridia;o__Clostridiales;f__Ruminococcaceae;g__Ruminiclostridium;s__[Eubacterium]_siraeum	-0.0969161090214	-0.0861079392642	0.0601930924069	0.0515295852796	0.0572134890106	-0.00294320780719	-0.0523465715129	-0.00257793964448	0.00600539426152	-0.0176359137622	0.0364501321552	-0.0410791003176	-0.0108945751975	-0.00386690840083	-0.0511305949706	0.0308288189612	-0.0203842310471	-0.0103096724673	-0.0140684168676	0.0188225739832	-0.0179811096575	1.0	-0.0118636880359	-0.0268226653841	-0.0789999199616	-0.00441477301269	-0.00836193073025	-0.0596769631235	0.0274426419313	-0.0797537256494	-0.0207971227246	-0.0501351122601	-0.0373809182788	-0.00293723654504	-0.0668035397304	0.0465070019204	0.0366456211139	-0.0413155002832	0.0445614561079	-0.0523335428412	0.00993767650484	0.0761164612216	-0.0160545495964	-0.0144012971153	-0.0440310825472	-0.00189434733203	-0.0181280658446	0.0208236410743	0.0714597704934	0.00603699195899	-0.0653981397573	0.0755359773494	-0.0160188583506	-0.00377359003051	-0.0142626172873	0.0610240238531	0.0100131029016	0.0104048257381	-0.0338672784936
k__Bacteria;p__Proteobacteria;c__Betaproteobacteria;o__Burkholderiales;f__Sutterellaceae;g__Parasutterella;s__Parasutterella_excrementihominis	-0.0441531730449	-0.0225043996834	-0.000185707400523	-0.0798686740767	-0.0665021380839	-0.0454491124951	-0.0123862197307	-0.0445982881311	0.0150456543609	-0.0535972392359	0.0340386753566	-0.0169305663133	-0.00756721002599	0.0202242013848	0.0317989263289	-0.0212420190313	0.050813021902	0.0160515529356	0.00471629985848	-0.0327368736731	-0.0260642735297	-0.0118636880359	1.0	-0.02879881896	0.00344171373549	-0.0504928020732	-0.0662485539621	0.0201690576211	-0.0185670445864	0.05790441186	0.0448279685281	-0.0368365908054	-0.0455247113794	0.0166154453435	-0.0081009114176	-0.0403692230747	-0.0099762154314	-0.0291949451982	-0.0324888296088	0.0252624217431	0.0818087088377	0.0226923873498	0.0260515719141	-0.00157194154011	0.0151798210779	-0.00404522025761	-0.0257382748	-0.0387959545308	-0.022555628592	-0.00643603532882	-0.0890054338826	-0.00744853281705	0.0188845122563	-0.0168535288965	0.0900667455327	-0.00799943552553	0.037488849029	-0.00876996619284	-0.100519970783
k__Bacteria;p__Actinobacteria;c__Actinobacteria;o__Bifidobacteriales;f__Bifidobacteriaceae;g__Bifidobacterium;s__Bifidobacterium_adolescentis	-9.51253351581e-06	0.0109294342245	-0.0655271659672	-0.0153920251367	-0.0213000955179	0.000632149413004	-0.0509223909326	-0.0112667287148	-0.102024744778	0.0395166068354	-0.05748904191	-0.0867006981767	-0.00752776773213	0.0137435090497	0.00516426175408	-0.0125252183198	0.0327343483763	-0.040944014668	-0.107961619052	0.016007089911	0.00291656119123	-0.0268226653841	-0.02879881896	1.0	-0.00451206759018	0.0124606975345	0.0174558893269	-0.0572850005852	0.106362650025	-0.00827659705108	0.00806567253574	0.0167776937133	-0.0523405868677	0.0197064313487	-0.0327485420752	-0.0663481017348	-0.0166129736778	-0.0477911093229	-0.0119340780935	-0.0978692170256	-0.00684163256437	-0.0692367482063	-0.0356872157019	-0.0285941039306	-0.0789534259241	0.0330676147731	0.00448667556061	0.0792687103566	0.0174267470305	-0.0104773343911	0.021857460412	-0.0382617058034	0.00176860257922	0.0253956390083	-0.0401345152976	-0.0288988260538	0.0338637584561	0.0551312596799	-0.0112975033979
k__Bacteria;p__Firmicutes;c__Clostridia;o__Clostridiales;f__Oscillospiraceae;g__Oscillibacter;s__Oscillibacter_sp._KLE_1745	-0.040794654921	0.00360295282735	-0.0427340685053	-0.0216308243087	-0.0214280296234	-0.0675859567576	0.0292757889631	-0.000928581867342	-0.00378214840151	-0.0246206778807	0.0238556886848	-0.019411487561	-0.0372108725468	-0.064610425694	0.00416301744949	0.0521616617234	0.0324718236191	-0.0385204748067	0.00145934032848	0.0463384473988	-0.0576688415648	-0.0789999199616	0.00344171373549	-0.00451206759018	1.0	-0.0313734543304	0.0421027011918	0.00643639309059	-0.0505505825517	-0.0238022636128	-0.0400703898701	-0.0346112365912	-0.049631807697	-0.0709424601906	-0.0708008466716	0.022132959329	0.0296110972306	-0.0535145651082	0.017235947185	-0.00179054188673	-0.0158142387496	-0.0495946654944	-0.0257381782797	0.000628768962854	0.00734029168571	0.0550465164836	-0.0267209215708	0.00112107198675	-0.0227575183761	-0.0566313041534	-0.00704523877461	-0.0562831228559	0.00475835399203	0.0713480945161	0.0108780389346	0.0476294322819	0.0294860116896	-0.00170737213961	-0.0120466601972
k__Bacteria;p__Bacteroidetes;c__Bacteroidia;o__Bacteroidales;f__Bacteroidaceae;g__Bacteroides;s__Bacteroides_coprophilus	-0.0243744604676	0.00152219395806	-0.01906510501	-0.000548451840268	-0.0793503156693	0.00505373650616	0.0334126182534	0.0183538473628	-0.0517995493959	0.0425316609375	-0.00687364767723	0.0381932744214	-0.00684782400924	-0.0725516851284	0.0850440512708	-0.0713881433839	0.0380845670054	0.0149460768184	-0.0332099260086	0.069215922111	0.00803660289958	-0.00441477301269	-0.0504928020732	0.0124606975345	-0.0313734543304	1.0	0.0295320400273	-0.0346110784527	0.0241520597176	-0.0512381003436	0.0674187529585	-0.00106986944985	-0.00456036223121	0.0238257351614	-0.0102351264063	-0.00942132666619	0.0625064506036	-0.0251171824679	0.0181685070978	0.0188572936414	-0.0320721608612	0.029494962176	0.00406287444014	-0.0221135311256	0.0041163823963	0.0223935334243	-0.0545088974101	-0.02335224146	-0.0118381162823	-0.000509090438542	0.0906633256443	0.0478542233794	-0.0151186300623	-0.00967931401384	0.0117580858845	-0.0623660262237	-0.00517613993975	-0.0211057728636	-0.0403345709418
k__Bacteria;p__Firmicutes;c__Clostridia;o__Clostridiales;f__Lachnospiraceae;g__Roseburia;s__Roseburia_intestinalis	0.031514442661	-0.00643316752007	-0.0897951320482	0.010152130854	-0.0232206714981	0.0548450654049	0.023149499616	-0.0805405939445	-0.0410919631017	-0.0126595093452	0.0172299399864	-0.00228651691622	-0.0120758459426	0.0131700705038	0.0434909610273	-0.00922408945988	-0.105848445337	-0.0196077112107	0.00894353315887	0.0104861860185	-0.0241136530204	-0.00836193073025	-0.0662485539621	0.0174558893269	0.0421027011918	0.0295320400273	1.0	0.0586728871712	-0.00216510786587	-0.0394293385654	-0.0136792030272	0.0460288379109	-0.047203262014	0.0259158315123	0.0331031527212	-0.00974501714735	-0.0322656769187	-0.00130585015234	-0.043904080059	0.0145006258438	-0.0516310897375	-0.018906811143	-0.0409695157619	-0.0416055770213	-0.0423348273583	-0.0232938034913	-0.0573102367345	0.0539742789995	-0.0293740290755	-0.0303149951986	0.0097549444931	-0.0317342966282	-0.0197654906775	-0.011144439848	-0.0863315790346	-0.0179546137996	0.0130647149507	0.0446838354331	0.0049420857076
k__Bacteria;p__Firmicutes;c__Clostridia;o__Clostridiales;f__Lachnospiraceae;g__Roseburia;s__Roseburia_hominis	0.0162198488488	-0.00275031675871	0.0929367711034	0.00119094501118	-0.0173833534616	0.0743989792631	-0.0190501913303	0.00379344890385	0.00330882753153	-0.0940741680788	-0.0191080241079	0.0232365624162	0.00827235966077	0.00638369626175	0.024810374915	-0.0210161693628	-0.0485919179336	0.0017628620893	-0.0282475735639	0.00600593216119	-0.00383992199925	-0.0596769631235	0.0201690576211	-0.0572850005852	0.00643639309059	-0.0346110784527	0.0586728871712	1.0	-0.039388996877	-0.00628871146651	-0.0557992103172	-0.0319380860631	0.00482131117853	-0.00692232239954	-0.0447540417563	0.0803734747609	-0.0830525105951	-0.0025705579369	0.0117711447699	0.0108174449767	-0.00328137223029	-0.0309237616775	-0.0652665715109	-0.0266238290243	-0.104438872373	0.0314506336697	0.00618019444741	0.0349686215064	-0.00316467355285	-0.0371597280425	0.0120004901376	-0.0141944854763	0.0510760893773	0.00632789022311	-0.00435969796756	-0.010874240472	0.0217742281928	0.043980951002	0.0180837727716
k__Bacteria;p__Bacteroidetes;c__Bacteroidia;o__Bacteroidales;f__Porphyromonadaceae;g__Parabacteroides;s__Parabacteroides_johnsonii	-0.0532993187521	-0.0192320917573	-0.0171110072929	-0.00869249778066	-0.00144634940082	0.0146273627354	-0.0132032220223	0.0021416615258	0.00988320994485	-0.0428249497485	-0.0264965360573	-0.00445225446214	-0.0393329553836	0.00963339884292	-0.0753542829956	0.00469015792076	-0.0439346485166	-0.04736626733	-0.0163867446373	-0.00189093299292	0.0604653737797	0.0274426419313	-0.0185670445864	0.106362650025	-0.0505505825517	0.0241520597176	-0.00216510786587	-0.039388996877	1.0	-0.00923633820078	0.00831345904422	0.0186055335172	-0.0522587587134	0.0261995224726	-0.025035876633	0.0328612702492	-0.0275449273585	0.0199110425695	-0.0203508479136	-0.00633219864391	0.00375725346092	-0.020464368219	-0.000481350314901	-0.0561839240766	0.00143107057235	0.0232763696218	-0.00267034515313	-0.0313105781838	-0.0314065547453	0.0301958252249	0.0330951380636	0.0634396798368	-0.0322007016304	-0.0137015755222	-0.0274534685584	-0.0275581251712	0.024005644357	0.0608819430016	-0.0512295823624
k__Bacteria;p__Actinobacteria;c__Actinobacteria;o__Bifidobacteriales;f__Bifidobacteriaceae;g__Bifidobacterium;s__Bifidobacterium_longum	-0.0618582569908	0.0809442408484	0.0201762908322	-0.110559257055	-0.010787969056	0.0754631345656	0.103553177198	0.0644774345565	-0.0969213489775	0.0656757138132	0.0221761301431	-0.066594790942	0.0690336865431	0.0462414886106	-0.019740324445	-0.0251469743934	0.0439125548714	-0.0663767739438	0.116774839477	0.0275564229709	0.0428937139106	-0.0797537256494	0.05790441186	-0.00827659705108	-0.0238022636128	-0.0512381003436	-0.0394293385654	-0.00628871146651	-0.00923633820078	1.0	-0.0126359838726	-0.0627361607162	0.0217847018054	0.0273273324971	0.0380887620099	-0.0496305023504	0.0152082381159	-0.028814532247	-0.0884297203212	0.0101886427574	-0.015181469441	-0.0028841131545	0.0291309513071	0.0387100487459	-0.0351208022996	-0.054075125224	0.0163982235437	-0.0404887145636	-0.0817029683753	-0.0161483307253	-0.006667149397	-0.0390719688003	-0.0441865839522	0.0157225087009	-0.0182838794025	0.033734881527	-0.0764043949528	-0.0268574218634	0.0299577997982
