#taxonomy	k__Bacteria;p__Bacteroidetes;c__Bacteroidia;o__Bacteroidales;f__Bacteroidaceae;g__Bacteroides;s__Bacteroides_vulgatus	k__Bacteria;p__Bacteroidetes;c__Bacteroidia;o__Bacteroidales;f__Bacteroidaceae;g__Bacteroides;s__Bacteroides_uniformis	k__Bacteria;p__Bacteroidetes;c__Bacteroidia;o__Bacteroidales;f__Rikenellaceae;g__Alistipes;s__Alistipes_putredinis	k__Bacteria;p__Bacteroidetes;c__Bacteroidia;o__Bacteroidales;f__Prevotellaceae;g__Prevotella;s__Prevotella_copri	k__Bacteria;p__Bacteroidetes;c__Bacteroidia;o__Bacteroidales;f__Bacteroidaceae;g__Bacteroides;s__Bacteroides_stercoris	k__Bacteria;p__Bacteroidetes;c__Bacteroidia;o__Bacteroidales;f__Bacteroidaceae;g__Bacteroides;s__Bacteroides_ovatus	k__Bacteria;p__Bacteroidetes;c__Bacteroidia;o__Bacteroidales;f__Rikenellaceae;g__Alistipes;s__Alistipes_shahii	k__Bacteria;p__Firmicutes;c__Clostridia;o__Clostridiales;f__Ruminococcaceae;g__Faecalibacterium;s__Faecalibacterium_prausnitzii	k__Bacteria;p__Bacteroidetes;c__Bacteroidia;o__Bacteroidales;f__Rikenellaceae;g__Alistipes;s__Alistipes_finegoldii	k__Bacteria;p__Bacteroidetes;c__Bacteroidia;o__Bacteroidales;f__Porphyromonadaceae;g__Parabacteroides;s__Parabacteroides_distasonis	k__Bacteria;p__Bacteroidetes;c__Bacteroidia;o__Bacteroidales;f__Bacteroidaceae;g__Bacteroides;s__Bacteroides_thetaiotaomicron	k__Bacteria;p__Bacteroidetes;c__Bacteroidia;o__Bacteroidales;f__Bacteroidaceae;g__Bacteroides;s__Bacteroides_coprocola	k__Bacteria;p__Bacteroidetes;c__Bacteroidia;o__Bacteroidales;f__Bacteroidaceae;g__Bacteroides;s__Bacteroides_cellulosilyticus	k__Bacteria;p__Bacteroidetes;c__Bacteroidia;o__Bacteroidales;f__Rikenellaceae;g__Alistipes;s__Alistipes_obesi	k__Bacteria;p__Firmicutes;c__Clostridia;o__Clostridiales;f__Lachnospiraceae;g__;s__[Eubacterium]_rectale	k__Bacteria;p__Bacteroidetes;c__Bacteroidia;o__Bacteroidales;f__Bacteroidaceae;g__Bacteroides;s__Bacteroides_plebeius	k__Bacteria;p__Bacteroidetes;c__Bacteroidia;o__Bacteroidales;f__Bacteroidaceae;g__Bacteroides;s__Bacteroides_fragilis	k__Bacteria;p__Proteobacteria;c__Betaproteobacteria;o__Burkholderiales;f__Sutterellaceae;g__Sutterella;s__Sutterella_wadsworthensis	k__Bacteria;p__Bacteroidetes;c__Bacteroidia;o__Bacteroidales;f__Porphyromonadaceae;g__Barnesiella;s__Barnesiella_intestinihominis	k__Bacteria;p__Bacteroidetes;c__Bacteroidia;o__Bacteroidales;f__Odoribacteraceae;g__Odoribacter;s__Odoribacter_splanchnicus	k__Bacteria;p__Bacteroidetes;c__Bacteroidia;o__Bacteroidales;f__Bacteroidaceae;g__Bacteroides;s__Bacteroides_salyersiae	k__Bacteria;p__Firmicutes;c__Clostridia;o__Clostridiales;f__Ruminococcaceae;g__Ruminiclostridium;s__[Eubacterium]_siraeum	k__Bacteria;p__Proteobacteria;c__Betaproteobacteria;o__Burkholderiales;f__Sutterellaceae;g__Parasutterella;s__Parasutterella_excrementihominis	k__Bacteria;p__Actinobacteria;c__Actinobacteria;o__Bifidobacteriales;f__Bifidobacteriaceae;g__Bifidobacterium;s__Bifidobacterium_adolescentis	k__Bacteria;p__Firmicutes;c__Clostridia;o__Clostridiales;f__Oscillospiraceae;g__Oscillibacter;s__Oscillibacter_sp._KLE_1745	k__Bacteria;p__Bacteroidetes;c__Bacteroidia;o__Bacteroidales;f__Bacteroidaceae;g__Bacteroides;s__Bacteroides_coprophilus	k__Bacteria;p__Firmicutes;c__Clostridia;o__Clostridiales;f__Lachnospiraceae;g__Roseburia;s__Roseburia_intestinalis	k__Bacteria;p__Firmicutes;c__Clostridia;o__Clostridiales;f__Lachnospiraceae;g__Roseburia;s__Roseburia_hominis	k__Bacteria;p__Bacteroidetes;c__Bacteroidia;o__Bacteroidales;f__Porphyromonadaceae;g__Parabacteroides;s__Parabacteroides_johnsonii	k__Bacteria;p__Actinobacteria;c__Actinobacteria;o__Bifidobacteriales;f__Bifidobacteriaceae;g__Bifidobacterium;s__Bifidobacterium_longum	k__Bacteria;p__Firmicutes;c__Clostridia;o__Clostridiales;f__;g__Flavonifractor;s__Flavonifractor_plautii	k__Bacteria;p__Firmicutes;c__Clostridia;o__Clostridiales;f__Clostridiaceae;g__Clostridium;s__Clostridium_phoceensis	k__Bacteria;p__Verrucomicrobia;c__Verrucomicrobiae;o__Verrucomicrobiales;f__Akkermansiaceae;g__Akkermansia;s__Akkermansia_muciniphila	k__Bacteria;p__Bacteroidetes;c__Bacteroidia;o__Bacteroidales;f__Prevotellaceae;g__Paraprevotella;s__Paraprevotella_xylaniphila	k__Bacteria;p__Firmicutes;c__Clostridia;o__Clostridiales;f__Ruminococcaceae;g__Ruminococcus;s__Ruminococcus_callidus	k__Bacteria;p__Bacteroidetes;c__Bacteroidia;o__Bacteroidales;f__Rikenellaceae;g__Alistipes;s__Alistipes_senegalensis	k__Bacteria;p__Firmicutes;c__Clostridia;o__Clostridiales;f__Lachnospiraceae;g__Blautia;s__Blautia_sp._KLE_1732	k__Bacteria;p__Bacteroidetes;c__Bacteroidia;o__Bacteroidales;f__Bacteroidaceae;g__Bacteroides;s__Bacteroides_oleiciplenus	k__Bacteria;p__Firmicutes;c__Clostridia;o__Clostridiales;f__Ruminococcaceae;g__Ruminococcus;s__Ruminococcus_bicirculans	k__Bacteria;p__Bacteroidetes;c__Bacteroidia;o__Bacteroidales;f__Bacteroidaceae;g__Bacteroides;s__Bacteroides_fluxus	k__Bacteria;p__Bacteroidetes;c__Bacteroidia;o__Bacteroidales;f__Prevotellaceae;g__Prevotella;s__Prevotella_stercorea	k__Bacteria;p__Firmicutes;c__Clostridia;o__Clostridiales;f__Lachnospiraceae;g__Dorea;s__Dorea_longicatena	k__Bacteria;p__Firmicutes;c__Clostridia;o__Clostridiales;f__Eubacteriaceae;g__Eubacterium;s__[Eubacterium]_eligens	k__Bacteria;p__Firmicutes;c__Clostridia;o__Clostridiales;f__Ruminococcaceae;g__;s__Ruminococcaceae_bacterium_D16	k__Bacteria;p__Firmicutes;c__Clostridia;o__Clostridiales;f__Lachnospiraceae;g__Coprococcus;s__Coprococcus_comes	k__Bacteria;p__Proteobacteria;c__Gammaproteobacteria;o__Enterobacterales;f__Enterobacteriaceae;g__Escherichia;s__Escherichia_coli	k__Bacteria;p__Firmicutes;c__Clostridia;o__Clostridiales;f__Ruminococcaceae;g__Anaerotruncus;s__Anaerotruncus_colihominis	k__Bacteria;p__Firmicutes;c__Clostridia;o__Clostridiales;f__Lachnospiraceae;g__Blautia;s__Blautia_obeum	k__Bacteria;p__Bacteroidetes;c__Bacteroidia;o__Bacteroidales;f__Odoribacteraceae;g__Odoribacter;s__Odoribacter_laneus	k__Bacteria;p__Firmicutes;c__Clostridia;o__Clostridiales;f__Ruminococcaceae;g__Ruminiclostridium;s__[Clostridium]_leptum	k__Bacteria;p__Bacteroidetes;c__Bacteroidia;o__Bacteroidales;f__Porphyromonadaceae;g__Parabacteroides;s__Parabacteroides_goldsteinii	k__Bacteria;p__Firmicutes;c__Clostridia;o__Clostridiales;f__Lachnospiraceae;g__Anaerostipes;s__Anaerostipes_hadrus	k__Bacteria;p__Firmicutes;c__Clostridia;o__Clostridiales;f__Ruminococcaceae;g__Ruminococcus;s__Ruminococcus_lactaris	k__Bacteria;p__Firmicutes;c__Clostridia;o__Clostridiales;f__Clostridiaceae;g__Clostridium;s__Clostridium_sp._L2-50	k__Bacteria;p__Firmicutes;c__Clostridia;o__Clostridiales;f__Clostridiaceae;g__Clostridium;s__Clostridium_sp._M62/1	k__Bacteria;p__Firmicutes;c__Clostridia;o__Clostridiales;f__;g__Intestinimonas;s__Intestinimonas_butyriciproducens	k__Bacteria;p__Actinobacteria;c__Actinobacteria;o__Bifidobacteriales;f__Bifidobacteriaceae;g__Bifidobacterium;s__Bifidobacterium_bifidum	k__Bacteria;p__Firmicutes;c__Negativicutes;o__Veillonellales;f__Veillonellaceae;g__Dialister;s__Dialister_invisus	k__Bacteria;p__Bacteroidetes;c__Bacteroidia;o__Bacteroidales;f__Bacteroidaceae;g__Bacteroides;s__Bacteroides_salanitronis
k__Bacteria;p__Bacteroidetes;c__Bacteroidia;o__Bacteroidales;f__Bacteroidaceae;g__Bacteroides;s__Bacteroides_vulgatus	1.0	0.0333804360214	-0.00329567354091	-0.0344051149506	0.0415560327305	-0.000549044164468	-0.0116959668586	-0.00702694871847	0.040339687667	0.0502046475953	-0.0475552541268	-0.0726600695997	0.0222285948378	-0.0369867083111	-0.028180900897	-0.000790384954317	-0.0543069855699	-0.037899211895	-0.0135003647342	-0.0186306134438	-0.0626870819672	0.0116125182315	0.0946649614609	-0.0349146453932	0.0308344829576	-0.0615238198604	-0.0236620717139	-0.0548320891145	0.00824473243686	-0.0257831991142	-0.0315795199485	-0.0418631773752	-0.0521739637802	-0.0482165252824	-0.00313506863146	0.0101649302098	0.00138537119274	-0.0183931051104	0.000867904097501	-0.0183202517507	-0.0517308880549	0.0530167452105	0.0536176533116	0.0203705816739	-0.00103807320756	0.0197783823828	-0.0526472218257	0.038801800979	0.0192003199468	0.0109979131004	-0.00427037216586	0.0133685067865	0.0351456681642	0.0283525730534	-0.0147311941083	0.0239927536899	-0.0242060266484	0.0450137234021	0.0348615353068
k__Bacteria;p__Bacteroidetes;c__Bacteroidia;o__Bacteroidales;f__Bacteroidaceae;g__Bacteroides;s__Bacteroides_uniformis	0.0333804360214	1.0	-0.131405487671	0.0277304378281	0.0288169234018	0.0184554109907	-0.00380646926424	-0.00358215508433	-0.0123530008515	0.0496427123137	-0.0231563960243	-0.006243118478	-0.0119310528687	-0.0086270061041	-0.00457331609904	-0.025767505355	-0.041155791043	0.0126337850197	-0.0224170263721	-0.000795653684088	0.0255045574027	-0.010208510318	0.0261297094501	-0.0606223500461	-0.00379920393012	-0.0269867296632	0.064334729477	-0.0399843407051	-0.0268112311176	0.0188073597106	0.0204778991486	-0.0110428370868	0.097064813851	-0.00598636904162	-0.0276386941033	-0.0343994379565	-0.0284647746118	0.00510923358915	0.0162313438879	-0.00431160152285	0.0237199256415	-0.0026016696827	-0.0590097980538	-0.00298508416968	-0.0189769872381	-0.0336338670218	-0.0203136249053	-0.0385926855419	0.0290968241081	-0.0927415582631	0.00850735013455	0.015029954165	-0.0858944350771	-0.0881212109481	-0.0982919774933	0.0336025124302	-0.0234115444751	-0.0463236533851	-0.0185766715134
k__Bacteria;p__Bacteroidetes;c__Bacteroidia;o__Bacteroidales;f__Rikenellaceae;g__Alistipes;s__Alistipes_putredinis	-0.00329567354091	-0.131405487671	1.0	-0.0365784567732	-0.0451987266637	0.037472140722	0.0241925745016	0.0405085332585	-0.0131334174095	0.0250050601123	0.00647869003221	0.00428908277487	-0.0247143850086	-0.00639611849061	-0.00924680035858	0.0300330743091	0.0401612748312	-0.00588098167285	-0.0951683533958	0.0237292503292	-0.0509111719388	0.0595953536926	0.00499701989468	-0.0765747532395	-0.0705114307117	-0.0789253612494	-0.0148502191606	0.0218886229076	0.0276569948073	0.0797518055614	0.0195270057241	-0.0154583140235	-0.0916986666101	0.066392748715	0.0533011126792	-0.0377186721729	-0.0594196049156	-0.019707395483	-0.0400970707665	-0.04864325872	0.00146013524307	-0.00882654732493	0.0139554192765	-0.0179376075196	-0.0633557856568	0.0513665032301	-0.013113600339	-0.00424450277208	-0.06580023796	-0.0432566108596	-0.0555513271106	-0.0254774157931	0.0204393410682	-0.0335997959298	0.000674645304785	-0.0140206280624	-0.0241183712336	-0.0331927015946	0.031592720056
k__Bacteria;p__Bacteroidetes;c__Bacteroidia;o__Bacteroidales;f__Prevotellaceae;g__Prevotella;s__Prevotella_copri	-0.0344051149506	0.0277304378281	-0.0365784567732	1.0	0.000578295503546	-0.0406033398554	-0.00551079751579	-0.030048957679	-0.0514608098067	-0.0307193300118	0.023973091935	0.0634710958877	0.0618610631995	-0.0363709037416	-0.0486313209697	0.0139145726859	-0.0147127446706	-0.0248140597986	0.0305021563071	-0.0275600968076	-0.0712828192667	0.0408274734334	-0.0598049256942	-0.00197399711738	0.019751549784	0.00996812225565	-0.0446929733392	-0.0245268448807	0.0245447484794	0.0484431505296	0.0355535658365	-0.08573908849	0.0518779513912	-0.0028836208681	-0.0276337913741	-0.00322102499927	-0.0472628084447	0.028627897194	0.00545359868477	0.0931134448532	0.0119151860646	-0.00551703318171	-0.0486454555918	-0.0218856172733	0.049774460716	0.00859757822738	0.0136120873778	-0.0314538129931	-0.0311599224809	-0.0156862756518	-0.051547056681	-0.0269963252473	0.0210878877446	7.12456326173e-05	-0.0431844169547	-0.0451154925732	-0.0473173316918	0.0120859375873	0.00581668235648
k__Bacteria;p__Bacteroidetes;c__Bacteroidia;o__Bacteroidales;f__Bacteroidaceae;g__Bacteroides;s__Bacteroides_stercoris	0.0415560327305	0.0288169234018	-0.0451987266637	0.000578295503546	1.0	-0.0451555714085	0.018843356984	-0.0214078502058	0.0414504469157	-0.0104935534287	0.00255705581168	0.0329800103043	-0.0295680939902	0.0228709713422	-0.014111898684	-0.11144119632	0.0228409267852	-0.00741063753929	-0.0295052597153	-0.0516160861532	0.0213956724311	-0.0867664487645	-0.00483048449787	-0.00525248401598	0.0339396068553	-0.0265425654722	0.0705923451437	0.0774078432582	-0.0547161891907	-0.00114096202537	-0.0169353848167	-0.0786394180064	-0.0183891316493	-0.0420374096092	0.0225247514854	-0.0532638465339	0.0116569970954	-0.0231324767788	-0.112543569948	0.0170251257764	-0.010869689806	0.0182544106418	0.0322581788376	-0.056682910395	-0.0586239605525	-0.0380327846044	-0.00156458078313	-0.00542441833886	-0.0249839442639	0.00833978378384	0.0317824163995	-0.00690370733894	0.00593043910693	0.0120170880401	0.00324368782028	0.0022689854103	-0.0673017112708	0.0444604021656	0.0494625088258
k__Bacteria;p__Bacteroidetes;c__Bacteroidia;o__Bacteroidales;f__Bacteroidaceae;g__Bacteroides;s__Bacteroides_ovatus	-0.000549044164468	0.0184554109907	0.037472140722	-0.0406033398554	-0.0451555714085	1.0	-0.0161159965393	-0.0395377687275	-0.100808793179	-0.0415768625717	-0.0177306862934	0.0196706898143	-0.0215852197803	0.0411841568661	-0.0302207143332	0.0255485579586	0.0541783981397	-0.0388142700611	-0.0399377702964	0.0286933551962	-0.0358245656986	0.0433795757824	0.00578749709088	0.00118376205537	0.0312541547454	-0.0551400249484	-0.0160736218664	0.0865702756259	0.0185846300977	0.0584397612427	-0.055982749028	-0.0236067316165	-0.0512088831927	-0.0457090708024	-0.0328923606242	0.0667228629288	0.0260911880475	0.0202806354541	0.00210172479831	0.0195438010445	-0.0226604011167	0.029571219511	0.0703156045174	0.0508077737854	-0.0284844170733	-0.0736153943999	0.0197535639437	0.0353476539814	-0.0535069551505	-0.063802080266	0.0302329016996	-0.0107442610789	-0.0805286900564	-0.0369910098537	-0.0131864563349	-0.0886813327065	-0.0347534873347	-0.00961572455253	-0.0307222421028
k__Bacteria;p__Bacteroidetes;c__Bacteroidia;o__Bacteroidales;f__Rikenellaceae;g__Alistipes;s__Alistipes_shahii	-0.0116959668586	-0.00380646926424	0.0241925745016	-0.00551079751579	0.018843356984	-0.0161159965393	1.0	-0.0552407364303	-0.0636251630066	-0.0566034601375	-0.0119373167143	-0.00682617514649	0.0354867960604	-0.016115357978	-0.1054340538	-0.0271359352885	-0.0588740315698	-0.0041430630963	0.0150054786732	-0.0572654474657	0.015997003834	0.0264213251992	-0.00758594990376	0.052197851774	-0.012366247973	-0.0442291155889	-0.0706577775061	0.00664657916541	0.0426087093412	0.000772840720037	-0.0445000585477	0.016062560834	-0.023795875173	-0.0563381490849	0.0560148399953	-0.0568640421338	0.020987557662	-0.0154029573493	-0.0360813518861	0.0308081169071	0.0918769732454	-0.0267506489681	-0.0189731126279	0.0244039619519	-0.0206535209053	-0.0789426623494	-0.0415537733205	-0.0128002642978	-0.00424657369991	0.0562365971199	0.00676714994233	-0.00853974402248	-0.0381400274171	0.0273867945056	0.00410248388181	-0.0110203591768	-0.00818642571026	0.00244154188656	0.00352317644594
k__Bacteria;p__Firmicutes;c__Clostridia;o__Clostridiales;f__Ruminococcaceae;g__Faecalibacterium;s__Faecalibacterium_prausnitzii	-0.00702694871847	-0.00358215508433	0.0405085332585	-0.030048957679	-0.0214078502058	-0.0395377687275	-0.0552407364303	1.0	0.00587507809568	-0.0258866795176	-0.0418462649083	-0.0208156046488	-0.0209589638734	0.00145112643037	0.0851491781279	-0.0551605142189	0.0256444778829	0.0126934894306	-0.0577456599537	0.0300919623034	-0.0175878196139	-0.0091925036025	-0.0127047647682	-0.0513588113808	-0.062715826495	-0.0811673355753	0.0146791108685	0.0731305283463	-0.0209368779414	-0.0747681658905	0.0642851274038	0.0331388329754	0.00575282879138	0.00132289025401	-0.004468583109	-0.00332208798976	0.0118105890519	-0.139677242713	-0.0407388778226	-0.00263501471266	-0.065651451324	-0.0253991675713	-0.0104548290241	0.0291601174013	0.0134318856997	-0.0156958996164	-0.0432495045186	-0.0145515861351	-0.0144226206144	-0.0154512641337	0.0235223591166	-0.00609267745771	-0.0182347424288	0.0504320579393	0.00698227455151	0.0597201844192	0.0221812030534	-0.0335221540065	-0.0561350083868
k__Bacteria;p__Bacteroidetes;c__Bacteroidia;o__Bacteroidales;f__Rikenellaceae;g__Alistipes;s__Alistipes_finegoldii	0.040339687667	-0.0123530008515	-0.0131334174095	-0.0514608098067	0.0414504469157	-0.100808793179	-0.0636251630066	0.00587507809568	1.0	-0.0451224712091	0.0582374554045	0.0119307099437	-0.0540714947897	-0.0354644190947	-0.0444738425342	-0.0337064057853	0.00105988221193	-0.0606027098066	-0.0350207841742	-0.0133284798124	0.0449719101279	0.0028989041932	-0.0035703480337	-0.0815303007291	0.0783577843757	-0.0298104420434	-0.0351169245686	0.0232460129387	0.039568429365	-0.0469767033049	-0.00332589561836	0.0396579748972	-0.0665062219328	0.00947721970855	0.0154821618042	-0.0254041722628	0.00462862419226	-0.0191109784785	-0.0701947730703	-0.0329382187864	-0.0252814939186	-0.0793694765502	-0.0628865102608	0.0123093766409	-0.00714594896187	0.0557708314612	-0.0477210317065	0.0235222900382	-0.0092797801167	-0.027229545353	-0.0321494206494	0.0448232474586	0.00266917574484	0.0942860061277	0.0344263442934	-0.0152931570112	-0.00583447054161	0.0240923446616	-0.0237276229988
k__Bacteria;p__Bacteroidetes;c__Bacteroidia;o__Bacteroidales;f__Porphyromonadaceae;g__Parabacteroides;s__Parabacteroides_distasonis	0.0502046475953	0.0496427123137	0.0250050601123	-0.0307193300118	-0.0104935534287	-0.0415768625717	-0.0566034601375	-0.0258866795176	-0.0451224712091	1.0	0.0172419532866	-0.0266579543842	-0.0538788590855	-0.0558618484707	0.0591326167866	-0.0289503997803	-0.061027179517	0.0307337484941	-0.0421741376513	-0.00464591553428	-0.00615828466149	0.0957021339645	-0.021954997816	-0.0222984212651	0.00565365301023	-0.0953656780676	-0.0306918601973	0.132301705349	-0.0145636994962	-0.0630946675032	-0.0323272602516	-0.00673135078795	0.00208126487643	0.0328488223055	-0.00502536107187	0.00366007730669	-0.0295976274794	0.00264001396218	-0.0583553637741	-0.0690203777527	0.00453970685651	0.00966486884179	0.0146612866023	0.0192984402684	0.0231828431249	0.0276827981996	0.0752352930995	0.0238276824804	-0.0191553813061	-0.0244402559155	-0.0919884122903	0.0232876553403	-0.011252131234	0.0116000145189	-0.0600423144669	-0.00389712262656	0.00484538729232	-0.0767117685923	-0.0619997837519
k__Bacteria;p__Bacteroidetes;c__Bacteroidia;o__Bacteroidales;f__Bacteroidaceae;g__Bacteroides;s__Bacteroides_thetaiotaomicron	-0.0475552541268	-0.0231563960243	0.00647869003221	0.023973091935	0.00255705581168	-0.0177306862934	-0.0119373167143	-0.0418462649083	0.0582374554045	0.0172419532866	1.0	-0.0440856692179	0.0397956231321	-0.0296122578791	0.0854011526911	-0.0183254782904	0.0519151352816	0.000278873446791	0.010262129611	-0.00332244264042	-0.0766267032537	-0.0575312005746	0.0037390741875	0.00758913558042	0.0309175020846	0.023991815309	-0.014160780168	-0.032815907032	-0.0294351561418	-0.00201192824265	-0.028433643559	0.0428701223586	0.0241438635747	0.0353476516009	-0.0261109119783	-0.0346785092799	-0.000568037361005	0.0492120153487	0.0369771349685	-0.0640668949174	0.00942976690736	-0.0941654879698	0.0469381053727	0.0962267304322	-0.0269626346555	-0.0496634812583	0.0260874779042	-0.039556234713	-0.041772292227	0.00453679330022	0.00735842330434	-0.00284575183711	0.00413909325086	-0.023820497216	0.0165548997508	0.0388993069791	-0.0234156654481	-0.0411142163439	-0.0531264802983
k__Bacteria;p__Bacteroidetes;c__Bacteroidia;o__Bacteroidales;f__Bacteroidaceae;g__Bacteroides;s__Bacteroides_coprocola	-0.0726600695997	-0.006243118478	0.00428908277487	0.0634710958877	0.0329800103043	0.0196706898143	-0.00682617514649	-0.0208156046488	0.0119307099437	-0.0266579543842	-0.0440856692179	1.0	0.00650974354904	-0.0420427609291	-0.113117404786	-0.0451888334512	0.0297940096568	-0.0439304337018	0.0180781452249	0.00567863009645	-0.0164761759843	-0.0318123541746	-0.0890930304382	0.00821669853924	-0.00217737053172	0.0623946975235	-0.0531176218059	0.0153592584821	-0.0413142367278	-0.0119523247079	-0.00744563689947	0.0287754201069	-0.0376903517702	-0.0596208980112	0.0176751595067	-0.0100247029886	0.0248877862598	0.0485519650776	0.0314548724189	0.00153846855211	0.0148562309051	0.0187497284392	0.0387398661422	-0.0581283719062	-0.0044478351206	-0.13704254373	-0.0472387560091	-0.0339863717471	-0.0106814325597	0.0382126761856	0.00773778174133	-0.0418790428021	-0.038819884719	-0.0265151755098	-0.019215974027	-0.0291156609614	0.0397671916621	-0.0198956387336	0.0134774970624
k__Bacteria;p__Bacteroidetes;c__Bacteroidia;o__Bacteroidales;f__Bacteroidaceae;g__Bacteroides;s__Bacteroides_cellulosilyticus	0.0222285948378	-0.0119310528687	-0.0247143850086	0.0618610631995	-0.0295680939902	-0.0215852197803	0.0354867960604	-0.0209589638734	-0.0540714947897	-0.0538788590855	0.0397956231321	0.00650974354904	1.0	-0.0284426269784	-0.00612186461713	0.052434095813	-0.0295602869987	-0.0189150630693	-0.0632411820078	-0.0556253334928	-0.0158150216301	-0.0491024435275	-0.0881845720566	0.0304286240866	-0.0398884936057	-0.0276210589748	-0.0854379283	-0.0131373378508	-0.0347443059918	-0.0282292609282	-0.0803610961975	0.0979193463136	-0.0146899204145	-0.00375035244823	-0.05615105255	-0.00649087066248	0.00989953687778	0.00288296049248	0.0612010094683	-0.0255637533117	-0.00179184777095	-0.0251040082077	-0.0347649550234	-0.0291026444159	-0.0239170453663	-0.0197298966724	0.00544888157584	-0.0681212736733	-0.0572167334039	0.0054958892609	-0.0337967104169	0.0132236971778	0.01540271191	-0.0420747960648	-0.00205901958978	-0.105100408318	0.0176445828614	-0.0092531902001	-0.00185252805352
k__Bacteria;p__Bacteroidetes;c__Bacteroidia;o__Bacteroidales;f__Rikenellaceae;g__Alistipes;s__Alistipes_obesi	-0.0369867083111	-0.0086270061041	-0.00639611849061	-0.0363709037416	0.0228709713422	0.0411841568661	-0.016115357978	0.00145112643037	-0.0354644190947	-0.0558618484707	-0.0296122578791	-0.0420427609291	-0.0284426269784	1.0	-0.0146735620791	-0.0377457583021	0.0583252961853	0.00640351004202	0.00303300080342	-0.0230077044769	-0.100216976007	0.051666756376	-0.0297001620146	0.0555847677368	0.00196362916211	0.0504651764894	0.00840253921619	-0.0602607859569	-0.0539235170427	-0.0033357223043	-0.0323271059061	0.027623203734	-0.030033903471	-0.000168382630185	-0.0308326039104	-0.0172267012063	0.0128862829284	0.0315559546285	0.0346324511722	-0.0265732376229	-0.0320029494977	0.0416857799472	-0.0381147051051	0.000979269368659	-0.0255876454696	-0.022821292472	-0.0194791822194	0.00567179392675	-0.0156344166914	-0.0227212518313	-0.00147007868417	-0.102061733798	0.0589008029285	0.0537363355143	-0.0239669599645	-0.023932266544	0.00872328820174	0.0119391031573	-0.0411515213665
k__Bacteria;p__Firmicutes;c__Clostridia;o__Clostridiales;f__Lachnospiraceae;g__;s__[Eubacterium]_rectale	-0.028180900897	-0.00457331609904	-0.00924680035858	-0.0486313209697	-0.014111898684	-0.0302207143332	-0.1054340538	0.0851491781279	-0.0444738425342	0.0591326167866	0.0854011526911	-0.113117404786	-0.00612186461713	-0.0146735620791	1.0	0.0636435376217	-0.00261340199376	-0.00516177256709	0.0154492363712	0.043040057352	0.0216998179756	-0.0365001528821	-0.0680674312896	0.00323753761702	-0.00314680764595	0.0370932679722	0.0380628871832	-0.0572481434529	-0.0112606500457	-0.0481965560623	0.00192195286444	0.0405113868105	0.0271095788964	-0.0209415276657	0.0642546316825	-0.0024301162261	0.00894694816545	-0.0105641631278	0.000174433171078	-0.0179300132494	0.00738708172969	-0.0289087251854	0.0253968636781	-0.0119268823032	0.0226848361858	-0.0580223307698	0.014468748104	-0.0717568330354	-0.0922942107552	0.0663228532897	0.00149422576664	-0.0837094033583	-0.0302277610497	0.0347677247109	-0.016093505429	-0.0516352552613	-0.0313473698053	0.0167365120246	-0.104189202748
k__Bacteria;p__Bacteroidetes;c__Bacteroidia;o__Bacteroidales;f__Bacteroidaceae;g__Bacteroides;s__Bacteroides_plebeius	-0.000790384954317	-0.025767505355	0.0300330743091	0.0139145726859	-0.11144119632	0.0255485579586	-0.0271359352885	-0.0551605142189	-0.0337064057853	-0.0289503997803	-0.0183254782904	-0.0451888334512	0.052434095813	-0.0377457583021	0.0636435376217	1.0	-0.0672659870208	0.0215478532469	0.0335157321892	0.0159161322551	0.0132955825802	0.00639614971204	0.049691055077	-0.0534434356808	0.0181235974384	0.0262407421038	-0.031338568843	-0.0189261430992	0.00154485768924	-0.0355386750311	0.0418846827559	0.0524877434752	0.0224023295358	0.0316616802922	0.0316095459858	-0.0967799498392	-0.00703279619997	-0.0266798143421	0.0821534763285	-0.013907244825	-0.0370182752084	-0.0189246494541	-0.0166041601657	-0.0268316716974	-0.061179319797	0.0213704381344	-0.0525642453624	-0.0233110925859	-0.035652735565	0.0175621910386	-0.0342167489996	0.00925220062499	-0.0239888671214	0.0168449705791	0.0438655983991	0.0599610687542	-0.0151849276127	-0.0214918566602	0.00673826301931
k__Bacteria;p__Bacteroidetes;c__Bacteroidia;o__Bacteroidales;f__Bacteroidaceae;g__Bacteroides;s__Bacteroides_fragilis	-0.0543069855699	-0.041155791043	0.0401612748312	-0.0147127446706	0.0228409267852	0.0541783981397	-0.0588740315698	0.0256444778829	0.00105988221193	-0.061027179517	0.0519151352816	0.0297940096568	-0.0295602869987	0.0583252961853	-0.00261340199376	-0.0672659870208	1.0	-0.0376310745892	0.0500759409212	0.0309753203632	-0.0224098553692	0.0225209525913	-0.0529632923339	0.0515016372549	0.0613467994023	-0.00602786239377	-0.0879785934491	0.0401776770882	-0.0601387166963	0.00961005589596	0.0416261129142	-0.0576677693623	0.0192383462281	-0.0109530905445	0.058053497342	-0.00381919507382	-0.098346028879	-0.034914196979	0.0570068348228	0.0134785007536	0.0118020736086	-0.0254050008399	0.0534027409099	-0.0368949825184	-0.0175208376677	-0.00265975062797	-0.00515574017189	0.0537722577824	-0.0746046704646	-0.0626756836363	-0.0668732412663	0.00558774612055	-0.0667146975478	-0.0975096880169	0.0161860401197	-0.0207579344308	-0.0450059376009	-0.0236523443245	-0.0323995650974
k__Bacteria;p__Proteobacteria;c__Betaproteobacteria;o__Burkholderiales;f__Sutterellaceae;g__Sutterella;s__Sutterella_wadsworthensis	-0.037899211895	0.0126337850197	-0.00588098167285	-0.0248140597986	-0.00741063753929	-0.0388142700611	-0.0041430630963	0.0126934894306	-0.0606027098066	0.0307337484941	0.000278873446791	-0.0439304337018	-0.0189150630693	0.00640351004202	-0.00516177256709	0.0215478532469	-0.0376310745892	1.0	0.0317646132837	0.0111908418464	-0.0217979689151	-0.0195481114633	-0.00214380256271	-0.0387539673541	-0.0396774051935	-0.0499850899945	-0.00491889967236	0.0489092586969	-0.0403491305951	0.0474365729092	-0.0464533458428	-0.00103472873363	-0.0309638567438	0.0360306434007	0.0364189208674	-0.0145789092753	0.0623710583045	-0.026282959977	-0.0177299748648	0.0026601879278	0.0177389748992	-0.0367853531734	0.0127487869484	0.0113942791531	0.0286490654981	-0.107075297848	8.05294499323e-05	-0.0158908418645	-0.128953356476	0.0143976267531	-0.00938867046224	-0.0279640344582	0.0148653785806	0.0428935428808	-0.0454199776957	0.00213570317972	-0.0542352051596	-0.0286475664728	0.0063611770672
k__Bacteria;p__Bacteroidetes;c__Bacteroidia;o__Bacteroidales;f__Porphyromonadaceae;g__Barnesiella;s__Barnesiella_intestinihominis	-0.0135003647342	-0.0224170263721	-0.0951683533958	0.0305021563071	-0.0295052597153	-0.0399377702964	0.0150054786732	-0.0577456599537	-0.0350207841742	-0.0421741376513	0.010262129611	0.0180781452249	-0.0632411820078	0.00303300080342	0.0154492363712	0.0335157321892	0.0500759409212	0.0317646132837	1.0	0.00392258606413	0.102460493393	-0.0538844638759	-0.0371447270052	0.00870590320308	-0.0378328314159	-0.0131510259608	-0.00610724559763	-0.0785630019679	-0.0395223157297	-0.00964402111209	0.00740675724605	0.00268800182773	0.0858154794531	0.0202236385372	-0.0097665122585	-0.0450514319799	-0.0283537068915	0.0259607862972	-0.00617365955341	-0.0243033705585	-0.0682067312016	-0.0187927326055	0.00144390654579	-0.0759191797317	0.00851689767924	0.0116141555621	-0.011200112789	-0.0776234836044	-0.00081263547697	-0.0712261731317	-0.0383867073585	0.0173637980607	0.058171620352	0.00551125261255	-0.0455916246514	-0.05868329752	-0.0731353038586	0.0137724455833	0.0105133927416
k__Bacteria;p__Bacteroidetes;c__Bacteroidia;o__Bacteroidales;f__Odoribacteraceae;g__Odoribacter;s__Odoribacter_splanchnicus	-0.0186306134438	-0.000795653684088	0.0237292503292	-0.0275600968076	-0.0516160861532	0.0286933551962	-0.0572654474657	0.0300919623034	-0.0133284798124	-0.00464591553428	-0.00332244264042	0.00567863009645	-0.0556253334928	-0.0230077044769	0.043040057352	0.0159161322551	0.0309753203632	0.0111908418464	0.00392258606413	1.0	0.0108884093889	0.0131756891581	-0.0345531190781	-0.0125451484781	-0.079257389796	0.0465191674647	0.0844250087889	-0.0790829328793	0.0275595295814	0.0207026440558	0.066285732005	-0.0487426989314	-0.0675657011855	0.0111553284944	0.0161518975848	-0.0219113267847	-0.0394735448133	-0.0246949777394	-0.0432095526349	0.0678264606339	-0.0331214749622	-0.011599309042	0.00897134007904	-0.0258217721391	-0.0618527252328	0.0209166778702	-0.0187711160202	0.00122728442984	-0.0677313841994	-0.0689499017509	-0.0356448005081	0.0143757545906	0.0087838723252	-0.0320125202024	0.0215202424516	-0.0143482444806	0.0277080712851	-0.0370138192719	-0.000983382499339
k__Bacteria;p__Bacteroidetes;c__Bacteroidia;o__Bacteroidales;f__Bacteroidaceae;g__Bacteroides;s__Bacteroides_salyersiae	-0.0626870819672	0.0255045574027	-0.0509111719388	-0.0712828192667	0.0213956724311	-0.0358245656986	0.015997003834	-0.0175878196139	0.0449719101279	-0.00615828466149	-0.0766267032537	-0.0164761759843	-0.0158150216301	-0.100216976007	0.0216998179756	0.0132955825802	-0.0224098553692	-0.0217979689151	0.102460493393	0.0108884093889	1.0	-0.0402739252045	-0.0402427474305	-0.0456508141924	-0.0121346374189	-0.0264668558798	-0.0355805578331	0.0353256839031	0.0527487308334	0.0641739612288	-0.0503422178991	-0.0215906118872	0.0282085357467	0.0228056352508	-0.0893350859158	-0.0182171731248	-0.0338166013181	0.0484197806462	0.0133026332793	-0.0508296523643	0.00381397537246	0.0239357124808	0.0179874674021	-0.00866212133844	-0.0372319724138	0.0116257102163	-0.0403335126786	0.0210266934295	0.0658306779333	-0.0124074791582	-0.0342025780509	-0.00492877111373	0.0163356355967	-0.0191775822669	0.00784726098845	0.0120492571998	-0.0170217058099	0.028297693025	0.0374484682635
k__Bacteria;p__Firmicutes;c__Clostridia;o__Clostridiales;f__Ruminococcaceae;g__Ruminiclostridium;s__[Eubacterium]_siraeum	0.0116125182315	-0.010208510318	0.0595953536926	0.0408274734334	-0.0867664487645	0.0433795757824	0.0264213251992	-0.0091925036025	0.0028989041932	0.0957021339645	-0.0575312005746	-0.0318123541746	-0.0491024435275	0.051666756376	-0.0365001528821	0.00639614971204	0.0225209525913	-0.0195481114633	-0.0538844638759	0.0131756891581	-0.0402739252045	1.0	-0.0333470927711	-0.0297719900142	0.0218421228911	-0.0769188239963	0.0411482718191	0.0358540523791	0.0538618473978	-0.0517829876317	-0.0091164734578	-0.0201023548581	-0.00259012296313	0.0178019145984	-0.0550134834192	-0.0700879540137	-0.0104905161291	0.0212053508105	0.047401222031	-0.050926650545	-0.069160947316	-0.0394776388388	0.010168327392	-0.00852894303991	-0.021552720099	0.0755437137359	-0.00506729833253	-0.0130691422693	-0.0297859640011	-0.0635584378917	-0.0242052660859	0.056217139307	0.0178418479738	-0.0216686448927	-0.0914759252515	-0.0709524467007	-0.0543359562272	-0.0813959297486	0.0735897210914
k__Bacteria;p__Proteobacteria;c__Betaproteobacteria;o__Burkholderiales;f__Sutterellaceae;g__Parasutterella;s__Parasutterella_excrementihominis	0.0946649614609	0.0261297094501	0.00499701989468	-0.0598049256942	-0.00483048449787	0.00578749709087	-0.00758594990376	-0.0127047647682	-0.0035703480337	-0.021954997816	0.0037390741875	-0.0890930304382	-0.0881845720566	-0.0297001620146	-0.0680674312896	0.049691055077	-0.0529632923339	-0.00214380256271	-0.0371447270052	-0.0345531190781	-0.0402427474305	-0.0333470927711	1.0	0.0159151126652	0.070731941905	-0.0160780037087	-0.0221824236727	0.0723923498663	-0.0324717108384	-0.0457692710286	0.0228760061675	-0.038411238808	-0.00901307170629	0.0347889963026	-0.0221836954793	-0.019291052216	-0.0470641424793	0.0464176612511	-0.0194260511918	-0.0325033949021	0.0468619890843	0.0279352347746	-0.05957894381	0.00393329096659	-0.0319593328357	-0.0236192269844	0.00714044842531	0.0351320143274	0.0551586902403	0.0291266280877	-0.0147065899178	-0.0278493532502	-0.0165039508223	-0.0343657349566	-0.026135964665	-0.00622377919471	-0.00733391148047	-0.0282594528088	0.0534292785165
k__Bacteria;p__Actinobacteria;c__Actinobacteria;o__Bifidobacteriales;f__Bifidobacteriaceae;g__Bifidobacterium;s__Bifidobacterium_adolescentis	-0.0349146453932	-0.0606223500461	-0.0765747532395	-0.00197399711738	-0.00525248401598	0.00118376205537	0.052197851774	-0.0513588113808	-0.0815303007291	-0.0222984212651	0.00758913558042	0.00821669853924	0.0304286240866	0.0555847677368	0.00323753761702	-0.0534434356808	0.0515016372549	-0.0387539673541	0.00870590320308	-0.0125451484781	-0.0456508141924	-0.0297719900142	0.0159151126652	1.0	-0.0752747298862	-0.0289463128787	-0.0912821383232	-0.052416915612	-0.0459391407314	0.0159296542925	0.00418041401353	-0.066398766423	0.0357888921436	-0.0130492145537	-0.041299849254	-0.0385061949696	-0.0174105533505	-0.0513832701585	0.0388267220636	0.00371468062862	0.0267512822046	0.0655398020976	0.0305538265152	0.000493534479906	-0.0610715809336	-0.0279814611374	0.00374377207834	0.0465990308068	0.0614853110405	0.015024753971	-0.0190981544773	0.00182533511318	-0.0438719590663	-0.0411547653233	0.0137336210487	-0.0175594178153	-0.0484474500838	-0.014572242817	-0.0178284976526
k__Bacteria;p__Firmicutes;c__Clostridia;o__Clostridiales;f__Oscillospiraceae;g__Oscillibacter;s__Oscillibacter_sp._KLE_1745	0.0308344829576	-0.00379920393012	-0.0705114307117	0.019751549784	0.0339396068553	0.0312541547454	-0.012366247973	-0.062715826495	0.0783577843757	0.00565365301023	0.0309175020846	-0.00217737053172	-0.0398884936057	0.00196362916211	-0.00314680764595	0.0181235974384	0.0613467994023	-0.0396774051935	-0.0378328314159	-0.079257389796	-0.0121346374189	0.0218421228911	0.070731941905	-0.0752747298862	1.0	-0.0276911554166	0.0125412717893	0.0176820878116	0.0197233030642	-0.00306304941236	-0.0043775982974	-0.0606598035878	-0.00937649038064	-0.0315886801003	-0.00476238896791	-0.081631771892	0.0246319487297	0.00938907109527	0.0422220070122	-0.0440730731298	0.0165226821546	-0.0501797714377	0.018925484085	0.0179281681257	-0.0529034282625	0.00925474542299	0.0347643535723	-0.0691893636516	0.0194285164941	-0.0495079006348	-0.0667213657886	0.0240450089496	-0.0598908519474	0.0139005768847	0.02329896786	0.0128984655581	0.10857289316	0.0227218471155	-0.0963074545897
k__Bacteria;p__Bacteroidetes;c__Bacteroidia;o__Bacteroidales;f__Bacteroidaceae;g__Bacteroides;s__Bacteroides_coprophilus	-0.0615238198604	-0.0269867296632	-0.0789253612494	0.00996812225565	-0.0265425654722	-0.0551400249484	-0.0442291155889	-0.0811673355753	-0.0298104420434	-0.0953656780676	0.023991815309	0.0623946975235	-0.0276210589748	0.0504651764894	0.0370932679722	0.0262407421038	-0.00602786239377	-0.0499850899945	-0.0131510259608	0.0465191674647	-0.0264668558798	-0.0769188239963	-0.0160780037087	-0.0289463128787	-0.0276911554166	1.0	0.0158440289652	-0.0561585930223	-0.00192298299881	0.0186151312224	-0.0400688108933	-0.0436314556861	0.0159577288359	-0.0805646608143	0.0233324106647	-0.0332728182376	-0.0114481604717	-0.00886530195625	-0.0158560010396	0.0328975371338	0.0108569800101	0.045000835321	-0.042223908058	0.0511653918659	-0.0143387985059	0.0151377978042	0.04325301582	-0.0140838641716	0.00120354850319	0.018002029803	0.0214060036371	-0.00335911823156	0.0824333321382	-0.0618599027335	0.0031777369669	0.00144826031288	0.028588916834	-0.0620629830541	-0.0807790526135
k__Bacteria;p__Firmicutes;c__Clostridia;o__Clostridiales;f__Lachnospiraceae;g__Roseburia;s__Roseburia_intestinalis	-0.0236620717139	0.064334729477	-0.0148502191606	-0.0446929733392	0.0705923451437	-0.0160736218664	-0.0706577775061	0.0146791108685	-0.0351169245686	-0.0306918601973	-0.014160780168	-0.0531176218059	-0.0854379283	0.00840253921619	0.0380628871832	-0.031338568843	-0.0879785934491	-0.00491889967236	-0.00610724559763	0.0844250087889	-0.0355805578331	0.0411482718191	-0.0221824236727	-0.0912821383232	0.0125412717893	0.0158440289652	1.0	-0.0499665689799	0.00892803474502	-0.0283418055655	0.0200810227321	0.0243453588587	0.0578954639233	0.0772704512844	0.0523034789031	-0.0177157731936	0.0626966424645	0.0484075189721	0.0220064080281	-0.0212758228025	0.00416318218984	-0.0447088395894	-0.0169438109823	0.030482219864	0.0167418413865	-0.0134950678309	-0.000299336990911	0.0722911846282	-0.0326668615041	-0.0828483962527	0.0581616080115	-0.0158498724089	-0.0132357681068	0.0520501327519	-0.0102936681756	-0.00827212325582	-0.0408465768549	-0.102402465795	-0.0349519154164
k__Bacteria;p__Firmicutes;c__Clostridia;o__Clostridiales;f__Lachnospiraceae;g__Roseburia;s__Roseburia_hominis	-0.0548320891145	-0.0399843407051	0.0218886229076	-0.0245268448807	0.0774078432582	0.0865702756259	0.00664657916541	0.0731305283463	0.0232460129387	0.132301705349	-0.032815907032	0.0153592584821	-0.0131373378508	-0.0602607859569	-0.0572481434529	-0.0189261430992	0.0401776770882	0.0489092586969	-0.0785630019679	-0.0790829328793	0.0353256839031	0.0358540523791	0.0723923498663	-0.052416915612	0.0176820878116	-0.0561585930223	-0.0499665689799	1.0	-0.0194709917499	0.0237540461355	-0.025229808785	-0.0649399684975	-0.0368084344782	-0.0292361712782	-0.0594654137967	0.000587947309368	0.0458956051358	0.013728416681	-0.00619977183935	-0.0556202128056	0.00852949528063	-0.1003454177	-0.033652493925	0.00288552221883	0.0676037463217	-0.00588723178838	0.0378334282911	0.0329042017733	-0.0704439814442	0.0176054776352	-0.0250562288459	-0.00408770168535	-0.0477715742986	0.0156278054162	0.019956883226	-0.0989162991835	-0.0697899618279	-0.054625539849	-0.0507163446282
k__Bacteria;p__Bacteroidetes;c__Bacteroidia;o__Bacteroidales;f__Porphyromonadaceae;g__Parabacteroides;s__Parabacteroides_johnsonii	0.00824473243686	-0.0268112311176	0.0276569948073	0.0245447484794	-0.0547161891907	0.0185846300977	0.0426087093412	-0.0209368779414	0.039568429365	-0.0145636994962	-0.0294351561418	-0.0413142367278	-0.0347443059918	-0.0539235170427	-0.0112606500457	0.00154485768924	-0.0601387166963	-0.0403491305951	-0.0395223157297	0.0275595295814	0.0527487308334	0.0538618473978	-0.0324717108384	-0.0459391407314	0.0197233030642	-0.00192298299881	0.00892803474502	-0.0194709917499	1.0	-0.0254034576769	-0.0309283236546	-0.0171505305979	-0.0309754661834	-0.0480025196001	-0.0323673870563	0.105352905675	0.00843543709132	-0.0820575564211	-0.0260385351912	0.0049909441766	-0.0159194227257	-0.0370621474152	-0.0453406057092	-0.0147281906077	0.0308141585961	0.0120550425925	-0.0287649872686	-0.0252578930281	-0.00375495383869	0.0301184618288	0.0141520065576	-0.0264328727226	0.0445236029068	-0.00482399430855	0.0466347459083	-0.0287186845217	0.0322916496069	0.0687086324128	-0.02175736815
k__Bacteria;p__Actinobacteria;c__Actinobacteria;o__Bifidobacteriales;f__Bifidobacteriaceae;g__Bifidobacterium;s__Bifidobacterium_longum	-0.0257831991142	0.0188073597106	0.0797518055614	0.0484431505296	-0.00114096202537	0.0584397612427	0.000772840720037	-0.0747681658905	-0.0469767033049	-0.0630946675032	-0.00201192824265	-0.0119523247079	-0.0282292609282	-0.0033357223043	-0.0481965560623	-0.0355386750311	0.00961005589596	0.0474365729092	-0.00964402111209	0.0207026440558	0.0641739612288	-0.0517829876317	-0.0457692710286	0.0159296542925	-0.00306304941236	0.0186151312224	-0.0283418055655	0.0237540461355	-0.0254034576769	1.0	0.00972640191249	-0.0373519132297	0.000729454023967	0.00158796997435	-0.0186316410611	-0.0359904884873	-0.125363507695	-0.00730343595507	-0.0348996849035	-0.0107261446365	-0.0422322353878	0.0329140275903	-0.0826931633866	0.0932131724853	0.032650449373	-0.0125856491228	0.0342856308247	0.000879936456008	-0.0772629006865	0.0387300845866	0.0837973821317	-0.00878966759272	-0.0509208454564	0.00833898781737	0.0310776812682	-0.00309360515832	-0.0183915141775	-0.0268547147099	0.0194410878072
