#taxonomy	k__Bacteria;p__Bacteroidetes;c__Bacteroidia;o__Bacteroidales;f__Bacteroidaceae;g__Bacteroides;s__Bacteroides_vulgatus	k__Bacteria;p__Bacteroidetes;c__Bacteroidia;o__Bacteroidales;f__Bacteroidaceae;g__Bacteroides;s__Bacteroides_uniformis	k__Bacteria;p__Bacteroidetes;c__Bacteroidia;o__Bacteroidales;f__Rikenellaceae;g__Alistipes;s__Alistipes_putredinis	k__Bacteria;p__Bacteroidetes;c__Bacteroidia;o__Bacteroidales;f__Prevotellaceae;g__Prevotella;s__Prevotella_copri	k__Bacteria;p__Bacteroidetes;c__Bacteroidia;o__Bacteroidales;f__Bacteroidaceae;g__Bacteroides;s__Bacteroides_stercoris	k__Bacteria;p__Bacteroidetes;c__Bacteroidia;o__Bacteroidales;f__Bacteroidaceae;g__Bacteroides;s__Bacteroides_ovatus	k__Bacteria;p__Bacteroidetes;c__Bacteroidia;o__Bacteroidales;f__Rikenellaceae;g__Alistipes;s__Alistipes_shahii	k__Bacteria;p__Firmicutes;c__Clostridia;o__Clostridiales;f__Ruminococcaceae;g__Faecalibacterium;s__Faecalibacterium_prausnitzii	k__Bacteria;p__Bacteroidetes;c__Bacteroidia;o__Bacteroidales;f__Rikenellaceae;g__Alistipes;s__Alistipes_finegoldii	k__Bacteria;p__Bacteroidetes;c__Bacteroidia;o__Bacteroidales;f__Porphyromonadaceae;g__Parabacteroides;s__Parabacteroides_distasonis	k__Bacteria;p__Bacteroidetes;c__Bacteroidia;o__Bacteroidales;f__Bacteroidaceae;g__Bacteroides;s__Bacteroides_thetaiotaomicron	k__Bacteria;p__Bacteroidetes;c__Bacteroidia;o__Bacteroidales;f__Bacteroidaceae;g__Bacteroides;s__Bacteroides_coprocola	k__Bacteria;p__Bacteroidetes;c__Bacteroidia;o__Bacteroidales;f__Bacteroidaceae;g__Bacteroides;s__Bacteroides_cellulosilyticus	k__Bacteria;p__Bacteroidetes;c__Bacteroidia;o__Bacteroidales;f__Rikenellaceae;g__Alistipes;s__Alistipes_obesi	k__Bacteria;p__Firmicutes;c__Clostridia;o__Clostridiales;f__Lachnospiraceae;g__;s__[Eubacterium]_rectale	k__Bacteria;p__Bacteroidetes;c__Bacteroidia;o__Bacteroidales;f__Bacteroidaceae;g__Bacteroides;s__Bacteroides_plebeius	k__Bacteria;p__Bacteroidetes;c__Bacteroidia;o__Bacteroidales;f__Bacteroidaceae;g__Bacteroides;s__Bacteroides_fragilis	k__Bacteria;p__Proteobacteria;c__Betaproteobacteria;o__Burkholderiales;f__Sutterellaceae;g__Sutterella;s__Sutterella_wadsworthensis	k__Bacteria;p__Bacteroidetes;c__Bacteroidia;o__Bacteroidales;f__Porphyromonadaceae;g__Barnesiella;s__Barnesiella_intestinihominis	k__Bacteria;p__Bacteroidetes;c__Bacteroidia;o__Bacteroidales;f__Odoribacteraceae;g__Odoribacter;s__Odoribacter_splanchnicus	k__Bacteria;p__Bacteroidetes;c__Bacteroidia;o__Bacteroidales;f__Bacteroidaceae;g__Bacteroides;s__Bacteroides_salyersiae	k__Bacteria;p__Firmicutes;c__Clostridia;o__Clostridiales;f__Ruminococcaceae;g__Ruminiclostridium;s__[Eubacterium]_siraeum	k__Bacteria;p__Proteobacteria;c__Betaproteobacteria;o__Burkholderiales;f__Sutterellaceae;g__Parasutterella;s__Parasutterella_excrementihominis	k__Bacteria;p__Actinobacteria;c__Actinobacteria;o__Bifidobacteriales;f__Bifidobacteriaceae;g__Bifidobacterium;s__Bifidobacterium_adolescentis	k__Bacteria;p__Firmicutes;c__Clostridia;o__Clostridiales;f__Oscillospiraceae;g__Oscillibacter;s__Oscillibacter_sp._KLE_1745	k__Bacteria;p__Bacteroidetes;c__Bacteroidia;o__Bacteroidales;f__Bacteroidaceae;g__Bacteroides;s__Bacteroides_coprophilus	k__Bacteria;p__Firmicutes;c__Clostridia;o__Clostridiales;f__Lachnospiraceae;g__Roseburia;s__Roseburia_intestinalis	k__Bacteria;p__Firmicutes;c__Clostridia;o__Clostridiales;f__Lachnospiraceae;g__Roseburia;s__Roseburia_hominis	k__Bacteria;p__Bacteroidetes;c__Bacteroidia;o__Bacteroidales;f__Porphyromonadaceae;g__Parabacteroides;s__Parabacteroides_johnsonii	k__Bacteria;p__Actinobacteria;c__Actinobacteria;o__Bifidobacteriales;f__Bifidobacteriaceae;g__Bifidobacterium;s__Bifidobacterium_longum	k__Bacteria;p__Firmicutes;c__Clostridia;o__Clostridiales;f__;g__Flavonifractor;s__Flavonifractor_plautii	k__Bacteria;p__Firmicutes;c__Clostridia;o__Clostridiales;f__Clostridiaceae;g__Clostridium;s__Clostridium_phoceensis	k__Bacteria;p__Verrucomicrobia;c__Verrucomicrobiae;o__Verrucomicrobiales;f__Akkermansiaceae;g__Akkermansia;s__Akkermansia_muciniphila	k__Bacteria;p__Bacteroidetes;c__Bacteroidia;o__Bacteroidales;f__Prevotellaceae;g__Paraprevotella;s__Paraprevotella_xylaniphila	k__Bacteria;p__Firmicutes;c__Clostridia;o__Clostridiales;f__Ruminococcaceae;g__Ruminococcus;s__Ruminococcus_callidus	k__Bacteria;p__Bacteroidetes;c__Bacteroidia;o__Bacteroidales;f__Rikenellaceae;g__Alistipes;s__Alistipes_senegalensis	k__Bacteria;p__Firmicutes;c__Clostridia;o__Clostridiales;f__Lachnospiraceae;g__Blautia;s__Blautia_sp._KLE_1732	k__Bacteria;p__Bacteroidetes;c__Bacteroidia;o__Bacteroidales;f__Bacteroidaceae;g__Bacteroides;s__Bacteroides_oleiciplenus	k__Bacteria;p__Firmicutes;c__Clostridia;o__Clostridiales;f__Ruminococcaceae;g__Ruminococcus;s__Ruminococcus_bicirculans	k__Bacteria;p__Bacteroidetes;c__Bacteroidia;o__Bacteroidales;f__Bacteroidaceae;g__Bacteroides;s__Bacteroides_fluxus	k__Bacteria;p__Bacteroidetes;c__Bacteroidia;o__Bacteroidales;f__Prevotellaceae;g__Prevotella;s__Prevotella_stercorea	k__Bacteria;p__Firmicutes;c__Clostridia;o__Clostridiales;f__Lachnospiraceae;g__Dorea;s__Dorea_longicatena	k__Bacteria;p__Firmicutes;c__Clostridia;o__Clostridiales;f__Eubacteriaceae;g__Eubacterium;s__[Eubacterium]_eligens	k__Bacteria;p__Firmicutes;c__Clostridia;o__Clostridiales;f__Ruminococcaceae;g__;s__Ruminococcaceae_bacterium_D16	k__Bacteria;p__Firmicutes;c__Clostridia;o__Clostridiales;f__Lachnospiraceae;g__Coprococcus;s__Coprococcus_comes	k__Bacteria;p__Proteobacteria;c__Gammaproteobacteria;o__Enterobacterales;f__Enterobacteriaceae;g__Escherichia;s__Escherichia_coli	k__Bacteria;p__Firmicutes;c__Clostridia;o__Clostridiales;f__Ruminococcaceae;g__Anaerotruncus;s__Anaerotruncus_colihominis	k__Bacteria;p__Firmicutes;c__Clostridia;o__Clostridiales;f__Lachnospiraceae;g__Blautia;s__Blautia_obeum	k__Bacteria;p__Bacteroidetes;c__Bacteroidia;o__Bacteroidales;f__Odoribacteraceae;g__Odoribacter;s__Odoribacter_laneus	k__Bacteria;p__Firmicutes;c__Clostridia;o__Clostridiales;f__Ruminococcaceae;g__Ruminiclostridium;s__[Clostridium]_leptum	k__Bacteria;p__Bacteroidetes;c__Bacteroidia;o__Bacteroidales;f__Porphyromonadaceae;g__Parabacteroides;s__Parabacteroides_goldsteinii	k__Bacteria;p__Firmicutes;c__Clostridia;o__Clostridiales;f__Lachnospiraceae;g__Anaerostipes;s__Anaerostipes_hadrus	k__Bacteria;p__Firmicutes;c__Clostridia;o__Clostridiales;f__Ruminococcaceae;g__Ruminococcus;s__Ruminococcus_lactaris	k__Bacteria;p__Firmicutes;c__Clostridia;o__Clostridiales;f__Clostridiaceae;g__Clostridium;s__Clostridium_sp._L2-50	k__Bacteria;p__Firmicutes;c__Clostridia;o__Clostridiales;f__Clostridiaceae;g__Clostridium;s__Clostridium_sp._M62/1	k__Bacteria;p__Firmicutes;c__Clostridia;o__Clostridiales;f__;g__Intestinimonas;s__Intestinimonas_butyriciproducens	k__Bacteria;p__Actinobacteria;c__Actinobacteria;o__Bifidobacteriales;f__Bifidobacteriaceae;g__Bifidobacterium;s__Bifidobacterium_bifidum	k__Bacteria;p__Firmicutes;c__Negativicutes;o__Veillonellales;f__Veillonellaceae;g__Dialister;s__Dialister_invisus	k__Bacteria;p__Bacteroidetes;c__Bacteroidia;o__Bacteroidales;f__Bacteroidaceae;g__Bacteroides;s__Bacteroides_salanitronis
k__Bacteria;p__Bacteroidetes;c__Bacteroidia;o__Bacteroidales;f__Bacteroidaceae;g__Bacteroides;s__Bacteroides_vulgatus	1.0	0.0358169194064	-0.019707015605	-0.0814692050742	0.0250377609514	-0.0790003242548	-0.0958470753174	-0.0549785959384	0.00207945932721	0.00618400869742	0.0191632883572	-0.0132417891921	0.0495703423472	-0.00122938762248	0.0469790752331	-0.00836564385023	-0.0802656758219	-0.0361265739552	-0.014527033564	-0.00521746518449	-0.0141528314968	-0.0377415700317	-0.00144581453913	-0.0987069054892	-0.0236709883079	0.0133278159044	-0.0166731820506	0.0188733523881	-0.0398317928906	-0.0271274613791	-0.0278780572522	0.00226188027622	-0.000398106805003	-0.0470935654018	-0.0257666801105	0.0594673664947	-0.00431257258286	0.0392552974432	-0.037908394615	0.0268556057679	0.0110573680648	-0.0180127844871	0.0370149484072	0.00442641892727	0.0733358593222	-0.0202582366013	0.0264473418672	0.0171967197237	-0.0623767687968	-0.0232268747478	-0.048815365859	-0.0333035504566	-0.0268913354533	-0.0666667945543	0.0450569902919	-0.0228494958256	0.0355260462523	-0.0103848372473	-0.0644044579946
k__Bacteria;p__Bacteroidetes;c__Bacteroidia;o__Bacteroidales;f__Bacteroidaceae;g__Bacteroides;s__Bacteroides_uniformis	0.0358169194064	1.0	-0.00393485397259	-0.0101083281081	-0.00948549302317	0.00848392575427	0.00394798582502	0.0191326767316	-0.0200347083437	0.0603623911205	-0.0684365053425	-0.0768262060588	-0.0426210743002	0.0173929455267	0.00343584816417	-0.0735202110084	-0.0067731870543	0.000714007996668	0.0723727183161	-0.0332506124802	-0.0372037252892	-0.0420797788341	-0.0214113240152	-0.0625670555954	0.0507982252441	-0.0487645427025	-0.0411632199929	0.0342523899624	0.00313087654314	0.0335926124363	0.0125729143181	0.0115253799575	-0.0113723715997	-0.0677340894531	0.0045270101757	0.0265147340482	-0.0305820734575	-0.00257018431108	-0.0730480579684	0.00430186544488	0.00274966949036	-0.0082069847239	-0.0809488370559	0.0203385297329	-0.0371258315937	0.090014796293	0.0263407776688	0.0266435913812	0.0428400118143	0.0957323361638	-0.0301589855267	0.0139515470065	-0.0348439451121	0.023438437794	-0.0474891776069	-0.0231016650349	0.0168197055843	-0.0206363422181	0.0274744775366
k__Bacteria;p__Bacteroidetes;c__Bacteroidia;o__Bacteroidales;f__Rikenellaceae;g__Alistipes;s__Alistipes_putredinis	-0.019707015605	-0.00393485397259	1.0	-0.0515063753036	-0.00353965416436	-0.0395361533247	-0.0206279277243	-0.0292604723871	-0.0230776712728	-0.0122000996262	-0.00555333084265	0.0267006547114	-0.0342980369886	0.0168627267402	-0.0603922100153	0.0882253217113	-0.02531724949	0.0360055768588	0.00810401660874	-0.0654944064153	0.00308913389399	0.0865982287823	0.0162944264296	-0.0104710939714	-0.0728735351874	0.0339136683479	0.00490333637403	0.000176227611591	0.00580016198122	-0.060528007601	0.0270584125254	0.0357869251575	0.00221244294874	0.0313248001742	0.00360680907643	0.0174740544884	-0.0648578667034	-0.0307491202186	-0.0109391981938	0.059075998241	-0.0712794553975	-0.0842351358185	-0.0549659302499	-0.012647582171	0.0245630510171	-0.0177759269129	0.000675101503905	0.0129323898098	0.00678872826766	0.027087612125	0.0101327918668	-0.0584628673369	-0.0216581093226	-0.0133129278916	0.0378705811876	0.0313942103455	-0.024964674313	-0.00684713323381	0.0487283420749
k__Bacteria;p__Bacteroidetes;c__Bacteroidia;o__Bacteroidales;f__Prevotellaceae;g__Prevotella;s__Prevotella_copri	-0.0814692050742	-0.0101083281081	-0.0515063753036	1.0	-0.0122005335517	0.028380244826	-0.0157314812072	0.0470561572647	0.047844060978	0.016076154335	-0.0120882836578	-0.0259015530034	0.0148487860996	0.0140249653411	0.00491861848672	-0.0439697763641	0.0131655408528	-0.089283904157	-0.0416260105287	0.0493411640205	0.000151773805967	0.0129841730951	-0.0570813832283	0.0105324043146	-0.000320861770392	0.0768048958483	0.0418362739051	-0.060258571766	-0.00657724695567	-0.0300792292797	-0.110385081861	0.0388122964371	0.0413303656596	0.0191946025385	0.0480316655353	-0.006209876864	-0.032353756275	-0.0146179521355	0.0197037117064	-0.0187832499504	-0.0529186334939	0.0350128961363	-0.0420221504684	-0.0423205075729	0.0135081379419	0.0295292758129	-0.0166394715202	0.0148869295551	-0.00673656721234	-0.0093121789984	0.037451848285	0.0105139183265	-0.0689772103113	0.0117015536216	0.0302582993561	-0.0876039057859	0.00495244993496	-0.00194697395977	0.0279619764275
k__Bacteria;p__Bacteroidetes;c__Bacteroidia;o__Bacteroidales;f__Bacteroidaceae;g__Bacteroides;s__Bacteroides_stercoris	0.0250377609514	-0.00948549302317	-0.00353965416436	-0.0122005335517	1.0	-0.060835207903	-0.0701589347961	-0.112345496605	-0.0117445751943	0.067114962616	0.0310151969463	-0.0498044750287	0.0414412089025	-0.00399175492111	-0.0203476306701	-0.0806333296472	-0.0604662212003	0.00265488047498	-0.0104220357098	0.00238558746464	0.0304709231489	-0.0233047480228	-0.0084648078856	0.00325750783542	-0.0217689174601	-0.0120862551519	-0.0386994236898	0.0139386454707	0.016470067787	0.0208372104199	-0.0638597729774	-0.0568905382889	0.0147127340701	-0.0345723793961	-0.0386629472727	-0.0489638222644	-0.0181002174668	-0.0292838049996	0.0393031815336	-0.00655886494047	0.00259048027512	0.0135616054835	0.0270782790439	-0.0183998613709	-0.0506440490554	-0.0454312042716	-0.00843932441224	0.0307945604099	-0.0420834131941	-0.0360464787282	0.0711090965819	-0.00519495979719	-0.068166879129	0.030112358326	-0.0698555709471	0.00878266097743	0.0150971684122	0.0175713749658	-0.0285598438601
k__Bacteria;p__Bacteroidetes;c__Bacteroidia;o__Bacteroidales;f__Bacteroidaceae;g__Bacteroides;s__Bacteroides_ovatus	-0.0790003242548	0.00848392575427	-0.0395361533247	0.028380244826	-0.060835207903	1.0	0.0449203582493	0.0334135182493	-0.0710567840731	-0.084596739094	0.00115347632212	-0.0266710304191	-0.0461905239491	-0.0496176561909	0.0652681391157	0.00678977190722	0.109848875817	0.0293884531276	-0.0495410625882	0.0303117371622	0.000748634773206	-0.00536337700016	-0.0352909971739	-0.00501693697637	0.0329059580313	-0.00264055787973	-0.0654536867043	-0.013323902954	0.0571266815132	-0.0170425547226	-0.0019496766462	-0.0178612274759	-0.0506731891018	0.0708520253075	0.0307146927267	-0.0331140016373	0.00461188941578	-0.00681778381176	-0.0234659953853	-0.00458286638601	0.0193790783464	0.0355126009592	0.0510571598254	0.0144493317647	0.0212418011352	0.0216896980013	-0.000330867902028	0.0135517265801	0.0299357570215	0.0488176855453	-0.0748396017785	-0.0816142433376	-0.00793499851209	-0.0359295450271	-0.0343433033273	0.0557382808799	-0.161111946499	-0.018353006754	-0.0274021889702
k__Bacteria;p__Bacteroidetes;c__Bacteroidia;o__Bacteroidales;f__Rikenellaceae;g__Alistipes;s__Alistipes_shahii	-0.0958470753174	0.00394798582502	-0.0206279277243	-0.0157314812072	-0.0701589347961	0.0449203582493	1.0	0.0171779905722	-0.00661775808941	-0.0966505288439	-0.0731816199405	0.0165951142673	-0.000737328854643	-0.022733028555	-0.0393214623428	-0.00365130715858	-0.0359209310173	-0.0602430297405	0.0738954558256	0.0307421345003	-0.0351523895816	0.025860178713	0.0349471263242	0.0119640865207	0.080575484183	-0.0356553382339	0.0209319019537	0.0327954799388	0.0562876076235	-0.0984300226378	-0.0465104907438	-0.0669987009876	-0.00850038528597	-0.0280618114795	0.00198798338804	0.0122207281906	0.0234549584363	0.0435215976131	-0.032402476365	-0.143041672624	0.0768945147883	0.0446275462457	-0.00326642628827	-0.00755913746593	-0.0233726356032	-0.0123278362589	-0.0226921889416	-0.0145196925263	-0.0169271324579	0.0403552120107	-0.0433816063981	-0.0032245097579	-0.0380930195114	0.019217077142	-0.0561462150146	0.0294435060967	-0.0169256659256	-0.0315174537996	0.0238274669837
k__Bacteria;p__Firmicutes;c__Clostridia;o__Clostridiales;f__Ruminococcaceae;g__Faecalibacterium;s__Faecalibacterium_prausnitzii	-0.0549785959384	0.0191326767316	-0.0292604723871	0.0470561572647	-0.112345496605	0.0334135182493	0.0171779905722	1.0	0.0278965647903	-0.0116736651391	-0.0232231133332	-0.0912864548452	0.0221612863109	0.00187241192239	0.00157544948736	0.00869785644181	0.0200021355254	0.0719244933518	-0.034076748694	0.0546670444252	0.000844402301391	0.0146855720087	-0.0681362461044	-0.0852066829962	0.0554258959107	-0.00654148060749	0.0190236134345	-0.00753246552262	-0.0304716619115	0.0346362390627	0.078369108141	-0.0107968986519	-0.0294128978753	0.0171862241916	-0.0544320249928	-0.0381729176695	0.064153703976	-0.0793959875963	-0.0082192345917	-0.0624071856501	0.0109694852683	0.0311779310392	0.00894035605152	-0.0610296091296	-0.0201045128699	-0.00922707954814	-0.0823729492518	-0.0230511788162	0.0356446727604	0.0540937896033	0.0900055469918	-0.00323722939936	0.0197840925056	-0.064420631454	0.0293695497902	0.0808749987533	-0.0497210560479	-0.0319596917325	0.0116910953755
k__Bacteria;p__Bacteroidetes;c__Bacteroidia;o__Bacteroidales;f__Rikenellaceae;g__Alistipes;s__Alistipes_finegoldii	0.00207945932721	-0.0200347083437	-0.0230776712728	0.047844060978	-0.0117445751943	-0.0710567840731	-0.00661775808941	0.0278965647903	1.0	-0.0215450345205	0.0207032762133	-0.0321511919692	0.0462189397924	0.0531479744001	-0.0991004462076	0.0118060806489	0.00100443593552	-0.0400325307448	-0.0276258933147	-0.0169237608022	-0.047886480137	-0.0142864136787	-0.0274870477329	-0.0209335699731	-0.0135370302766	-0.0768850101216	-0.0182948579136	0.0251471584409	0.0340249091632	-0.0229526170478	-0.0619581561201	-0.010966762384	0.0184602440339	-0.00819401120662	0.0306249743015	0.00572736300402	0.0201503383265	-0.0402897623423	-0.041083873503	0.0165320096496	-0.0114539246736	0.048240685671	-0.0528589150702	-0.0285486892559	-0.00776639607714	-0.0395430622389	0.0589212631735	-0.0016736417295	0.0488361822251	-0.0107990878608	-0.0698069453999	-0.0173182632606	-0.0605583438618	-0.00304281144664	0.0178021254623	-0.0182534744306	-0.0188313690821	0.0242907911483	-0.0296006304671
k__Bacteria;p__Bacteroidetes;c__Bacteroidia;o__Bacteroidales;f__Porphyromonadaceae;g__Parabacteroides;s__Parabacteroides_distasonis	0.00618400869742	0.0603623911205	-0.0122000996262	0.016076154335	0.067114962616	-0.084596739094	-0.0966505288439	-0.0116736651391	-0.0215450345205	1.0	0.00676949325278	0.0267624880671	0.0423117897714	0.0164149798817	-0.0138667458082	-0.0370188089836	-0.0178911430693	0.0208318825478	0.0105191172665	0.0479886541622	-0.0316702767592	-0.0207264420332	0.0208672848421	-0.0690073350431	-0.0577018777029	0.0290733483776	-0.0316514465085	-0.00138643324017	-0.0922314250171	0.00657550516756	-0.0249763134303	0.017297700971	0.0119250454879	-0.0484842080078	0.00523111911465	0.016719649307	0.0415197814223	-0.0503723337306	0.00337088583807	-0.0118307831671	-0.00578295123413	0.0424647351872	0.0627012390133	0.0304671998556	-0.0872953384825	0.0268656481739	0.0201149771838	-0.00419914447809	-0.0163882260339	0.0187170958764	0.0305653732361	-0.0280794014815	-0.00271782507271	-0.0471261176781	-0.0179687919041	-0.0228710147295	-0.0269180708362	-0.0700538711124	-0.0670387500582
k__Bacteria;p__Bacteroidetes;c__Bacteroidia;o__Bacteroidales;f__Bacteroidaceae;g__Bacteroides;s__Bacteroides_thetaiotaomicron	0.0191632883572	-0.0684365053425	-0.00555333084265	-0.0120882836578	0.0310151969463	0.00115347632212	-0.0731816199405	-0.0232231133332	0.0207032762133	0.00676949325278	1.0	-0.000620623154908	-0.000922515981365	-0.0223319952661	-0.0543023762937	-0.0604408540734	-0.0411207513795	0.0411357688419	0.0279996162536	-0.0148856056566	-0.0280629900032	-0.0463370589999	0.0170039876412	0.00617093080088	-0.0115455455671	0.0259263546963	-0.00793715914415	-0.012570805793	-0.0730313361418	-0.0482043117707	-0.0882605628562	-0.0429603619129	-0.0145757869468	0.00723676128682	0.00379887302325	-0.0190696707769	0.0253906117571	0.0564225037648	-0.0547817838583	0.00692256399968	-0.072057319678	0.0648822547207	-0.0450286259748	-0.124075825751	-0.0103370354911	-0.0120079754655	-0.0229032526955	0.0188145388407	-0.00633641142675	0.0175556643711	-0.0462755282546	0.0545985830016	-0.0486291159875	0.0206681036275	-0.0402032258494	-0.0420154235775	0.000826611397995	-0.0234713235443	0.0677801863926
k__Bacteria;p__Bacteroidetes;c__Bacteroidia;o__Bacteroidales;f__Bacteroidaceae;g__Bacteroides;s__Bacteroides_coprocola	-0.0132417891921	-0.0768262060588	0.0267006547114	-0.0259015530034	-0.0498044750287	-0.0266710304191	0.0165951142673	-0.0912864548452	-0.0321511919692	0.0267624880671	-0.000620623154908	1.0	0.0205345895374	-0.0217108959194	0.0190859908388	0.0186601983031	-0.0180397786232	-0.0407847976309	-0.0643773900284	-0.0439525317815	0.0277493601751	-0.0273200863326	-0.0284000805349	0.0103020624613	-0.00881382429921	0.0274422958072	0.00602869077924	0.00417410627054	0.026345042793	0.0699527307079	0.000192427096359	-0.0500136915816	0.0372873326628	-0.0109363831949	0.112743847735	0.00583261397223	0.00273002605117	-0.0143577329544	0.0200273760182	-0.00207087265123	-0.0410055041517	0.0433591677294	-0.0277692947738	-0.0288133856972	-0.0476286501227	-0.042503765933	-0.00960217027531	-0.0405920346152	-0.056628056023	-0.024377592053	0.0500685250098	-0.0448745320389	-0.0599245858908	0.034317909891	0.0137099653812	-0.00560717423155	-0.0185247799841	0.0526465499221	-0.0648748902097
k__Bacteria;p__Bacteroidetes;c__Bacteroidia;o__Bacteroidales;f__Bacteroidaceae;g__Bacteroides;s__Bacteroides_cellulosilyticus	0.0495703423472	-0.0426210743002	-0.0342980369886	0.0148487860996	0.0414412089025	-0.0461905239491	-0.000737328854642	0.0221612863109	0.0462189397924	0.0423117897714	-0.000922515981365	0.0205345895374	1.0	-0.0282810676748	-0.026930889642	-0.0574787993905	-0.07165116753	0.0274796553461	-0.0894289252502	-0.00460919546658	0.0208286921444	-0.0335662428432	-0.0524958263945	0.0223641761672	-0.0482871468196	-0.025601527577	0.00557819203334	0.0199912607699	-0.0261695009008	-0.00440471852924	0.00838152429139	-0.0307979436299	0.036865326896	-0.0441337798453	-0.0982808543364	-0.0129317427831	-0.00936787839534	-0.0286009666099	-0.0177414979499	-0.0720503198754	-0.0515172475347	-0.047452239721	-0.00851213209869	0.0140074993862	-0.0167376710346	0.0191319394092	-0.0366849302048	-0.0204057244755	-0.0245652619251	-0.0507743294467	-0.000837686231041	-0.0372781677585	-0.00722530847467	0.0523598221971	0.00602502211502	0.0359061463521	-0.0464286080481	0.0267214302039	-0.0614749274451
k__Bacteria;p__Bacteroidetes;c__Bacteroidia;o__Bacteroidales;f__Rikenellaceae;g__Alistipes;s__Alistipes_obesi	-0.00122938762248	0.0173929455267	0.0168627267402	0.0140249653411	-0.00399175492111	-0.0496176561909	-0.022733028555	0.00187241192239	0.0531479744001	0.0164149798817	-0.0223319952661	-0.0217108959194	-0.0282810676748	1.0	-0.0548603133135	0.018432317445	0.0485065355818	0.0215619957005	-0.0289440469294	-0.00881812394383	0.0703568911992	0.00686832359074	0.00886987912774	-0.00154103438949	0.095410990732	-0.0359366849002	0.0402853131247	-0.0354469549854	-0.0356470474697	-0.119972753209	0.022247502424	0.0248669379754	-0.0073218970287	-0.0481080419362	0.0276099890431	-0.0495385434811	-0.0610526586879	0.0532732244633	0.0324170141897	-0.0114159491454	-0.0369249776543	-0.102143866203	-0.0133691643063	0.0340500839533	0.0634789438689	-0.0494839386605	-0.0486760936874	-0.01927121731	-0.00433101126896	0.00909028458517	-0.0250609228926	-0.027527631032	0.023486388444	0.045640680913	-0.0375186542187	-0.00855875224328	-0.0801260945542	-0.0391739941598	0.00695795695811
k__Bacteria;p__Firmicutes;c__Clostridia;o__Clostridiales;f__Lachnospiraceae;g__;s__[Eubacterium]_rectale	0.0469790752331	0.00343584816417	-0.0603922100153	0.00491861848672	-0.0203476306701	0.0652681391157	-0.0393214623428	0.00157544948736	-0.0991004462076	-0.0138667458082	-0.0543023762937	0.0190859908388	-0.026930889642	-0.0548603133135	1.0	0.0330833539749	-0.0467048338832	-0.0151356791374	-0.0796692505019	-0.00772624149528	-0.0121749706967	-0.0216133410847	0.018273621271	-0.0112695790147	0.00582671844621	0.0234086383641	-0.000249356205358	-0.133899756247	-0.0352998200729	-0.0220666585128	-0.0173206148686	-0.0156895054579	-0.0611486062069	0.0240737680529	-0.0272187491248	-0.0598429518039	0.0400660092338	-0.045712926232	-0.0190754815899	-0.00718317249836	-0.0274638581084	-0.0336088677304	0.0321749859606	0.0443553257444	0.00263104740297	0.0307796833075	-0.0782577353937	-0.011356467098	0.00138509740634	-0.0185680522507	0.00669097523566	0.0164454373991	-0.0611445363318	-0.0103137118401	0.02399001226	0.00228693309625	0.0156305649092	0.0181032950847	-0.0197037811511
k__Bacteria;p__Bacteroidetes;c__Bacteroidia;o__Bacteroidales;f__Bacteroidaceae;g__Bacteroides;s__Bacteroides_plebeius	-0.00836564385023	-0.0735202110084	0.0882253217113	-0.0439697763641	-0.0806333296472	0.00678977190722	-0.00365130715858	0.00869785644181	0.0118060806489	-0.0370188089836	-0.0604408540734	0.0186601983031	-0.0574787993905	0.018432317445	0.0330833539749	1.0	-0.0593507201157	-0.0638449160288	0.0637239200618	0.00306415809629	0.0117936647203	0.0186305511289	-0.0370114839458	-0.00552204241727	0.0341761990244	0.0843893207375	-0.0486656713776	-0.0197059673909	-0.019599054892	0.0249513721858	0.0361300015302	-0.0542887661037	0.00875644656182	0.0280080119331	-0.0435304206805	-0.0389106013111	0.0194437879027	-0.00127980087644	-0.0310223018037	-0.0698812472916	-0.0451722434278	-0.0453919991233	0.0196282703621	0.0436795689082	0.0494904118022	-0.0142085882116	-0.0581266296493	-0.0582136823785	-0.0124488168881	-0.0141820106971	-0.0515273649347	-0.0144473864357	0.0153779153324	-0.0591326286764	-0.013217123768	-0.016555462368	0.0413423546159	0.0284232071125	-0.0175910864383
k__Bacteria;p__Bacteroidetes;c__Bacteroidia;o__Bacteroidales;f__Bacteroidaceae;g__Bacteroides;s__Bacteroides_fragilis	-0.0802656758219	-0.0067731870543	-0.02531724949	0.0131655408528	-0.0604662212003	0.109848875817	-0.0359209310173	0.0200021355254	0.00100443593552	-0.0178911430693	-0.0411207513795	-0.0180397786232	-0.07165116753	0.0485065355818	-0.0467048338832	-0.0593507201157	1.0	-0.0454470467398	0.034615821942	-0.0506938039803	-0.0258909118124	0.0197618292452	0.0545889223495	-0.100016538446	-0.133892122875	0.0138046664656	0.0300776985082	0.0427956021202	-0.0237224965424	-0.0288592745691	-0.0329499035932	0.0303448829136	-0.0280921673811	-0.0404810382453	0.00232002492822	-0.0193242300573	0.0309169864503	-0.057650781195	0.0312975933463	-0.0156569638645	0.0202354820376	0.0174296278173	5.66765072257e-05	-0.0373988147832	-0.0137783425274	-0.0170301785665	-0.0498766785276	-0.0146587781142	0.0308150891587	0.0182192896429	-0.01704464985	0.0209947856619	0.0449052535119	-0.0103537468936	-0.0487579000832	0.0340146749075	-0.0518595862707	-0.0119103548301	0.0285360225809
k__Bacteria;p__Proteobacteria;c__Betaproteobacteria;o__Burkholderiales;f__Sutterellaceae;g__Sutterella;s__Sutterella_wadsworthensis	-0.0361265739552	0.000714007996668	0.0360055768588	-0.089283904157	0.00265488047498	0.0293884531276	-0.0602430297405	0.0719244933518	-0.0400325307448	0.0208318825478	0.0411357688419	-0.0407847976309	0.0274796553461	0.0215619957005	-0.0151356791374	-0.0638449160288	-0.0454470467398	1.0	0.0377603938139	0.0831240428482	0.00285074997196	0.0141482955691	-0.0232693578708	0.0143544224631	-0.038526819041	0.00448466523278	0.0440351312353	0.00516700369572	-0.0136993548162	0.000984666777292	0.03569335449	-0.0161906779382	0.00891034995305	-0.00351026662896	-0.00830789569244	-0.0737643904964	0.0211664400142	0.022141808068	0.0322914559697	-0.018768860432	-0.0320459140483	-0.0638274948956	-0.0105627028286	-0.0186379360268	0.0378152233431	0.04149110715	-0.0227961497487	0.0228738946027	0.0248609107274	-0.0135007136878	-0.0343402041557	-0.0265797869786	0.016681943889	-0.0837536217081	-0.0499815821046	0.000269014695628	0.00608829585884	-0.0337974982118	-0.06040755454
k__Bacteria;p__Bacteroidetes;c__Bacteroidia;o__Bacteroidales;f__Porphyromonadaceae;g__Barnesiella;s__Barnesiella_intestinihominis	-0.014527033564	0.0723727183161	0.00810401660874	-0.0416260105287	-0.0104220357098	-0.0495410625882	0.0738954558256	-0.034076748694	-0.0276258933147	0.0105191172665	0.0279996162536	-0.0643773900284	-0.0894289252502	-0.0289440469294	-0.0796692505019	0.0637239200618	0.034615821942	0.0377603938139	1.0	0.0351940316937	0.0697701241829	-0.0165129158582	-0.0634819654236	-0.0354265393955	-0.0315795313681	-0.132927973247	-0.0634465576242	0.00067374022138	-0.0385478859118	-0.00188625136519	-0.0581579097875	-0.0611952866731	-0.0604249852243	-0.0129607860307	0.0426207163797	0.0586323910829	-0.0310408599144	0.0114690572005	0.0301857151158	0.0216894929586	0.0188291924442	-0.029153640315	0.0136481039047	-0.0158123977109	0.0550016605698	-0.018615322963	-0.0175470901547	-0.0328087471147	-0.000119192878145	0.00762252212995	0.0839009774697	-0.0552890319841	-0.0368285106176	-0.0424279696775	0.0196348994451	0.038395068258	0.0123198450552	-0.0172633820179	-0.020273125297
k__Bacteria;p__Bacteroidetes;c__Bacteroidia;o__Bacteroidales;f__Odoribacteraceae;g__Odoribacter;s__Odoribacter_splanchnicus	-0.00521746518449	-0.0332506124802	-0.0654944064153	0.0493411640205	0.00238558746464	0.0303117371622	0.0307421345003	0.0546670444252	-0.0169237608022	0.0479886541622	-0.0148856056566	-0.0439525317815	-0.00460919546658	-0.00881812394383	-0.00772624149528	0.00306415809629	-0.0506938039803	0.0831240428482	0.0351940316937	1.0	0.0389971417636	-0.0609211724934	-0.0634233987154	0.0624761704446	-0.0555744732727	-0.0191222388345	0.00523141134493	-0.0447827197665	-0.0354322744386	-0.0543761991677	0.013776195796	-0.0863733560489	-0.000138574101942	0.0179780330796	0.0355135089021	-0.00288366751618	-0.0556456981857	0.00137754705716	0.0336264251416	0.0142412280374	0.00889779967028	0.0131767886016	-0.0192133198734	0.0444827421502	-0.098002698685	-0.0362909246681	0.0165044165016	0.0267112988762	0.0426931855471	-0.072281505775	0.00455901548564	-0.0671841980893	-0.0368689049375	0.0113740861056	-0.00970578230195	0.0529967057088	0.0108332667938	-0.0586283756452	-0.0498239653438
k__Bacteria;p__Bacteroidetes;c__Bacteroidia;o__Bacteroidales;f__Bacteroidaceae;g__Bacteroides;s__Bacteroides_salyersiae	-0.0141528314968	-0.0372037252892	0.00308913389399	0.000151773805967	0.0304709231489	0.000748634773206	-0.0351523895816	0.000844402301392	-0.047886480137	-0.0316702767592	-0.0280629900032	0.0277493601751	0.0208286921444	0.0703568911992	-0.0121749706967	0.0117936647203	-0.0258909118124	0.00285074997196	0.0697701241829	0.0389971417636	1.0	0.0376278338658	-0.0496741302209	-0.0825942580573	-0.0406139229315	-0.0270021307186	-0.00203263826178	0.015526246571	0.00118060356106	-0.026805996554	0.01867507719	-0.000288134277198	-0.0312340378449	0.0375039697004	0.053137766448	-0.0375005614595	-0.0570763619531	0.0312085368537	-0.0217119989435	-0.0151598123536	-0.0393381666052	-0.026174583927	0.0287423220031	-0.0200863287302	-0.0178065851618	-0.0290921032093	-0.00352961309752	-0.0143510276851	0.0370765229035	-0.0289806352911	0.0103004405694	-0.0112840903425	0.0261264789004	-0.00274057131173	0.0244924795669	0.00760882712859	-0.071564654476	-0.00456500724578	0.0222739538461
k__Bacteria;p__Firmicutes;c__Clostridia;o__Clostridiales;f__Ruminococcaceae;g__Ruminiclostridium;s__[Eubacterium]_siraeum	-0.0377415700317	-0.0420797788341	0.0865982287823	0.0129841730951	-0.0233047480228	-0.00536337700016	0.025860178713	0.0146855720087	-0.0142864136787	-0.0207264420332	-0.0463370589999	-0.0273200863326	-0.0335662428432	0.00686832359074	-0.0216133410847	0.0186305511289	0.0197618292452	0.0141482955691	-0.0165129158582	-0.0609211724934	0.0376278338658	1.0	-0.0186073234159	-0.0213838976989	0.0191789087607	0.0185093797716	-0.0294771592482	-0.0348489563408	0.0352612880485	-0.0188758663529	0.0430311290692	0.0490700178368	-0.0466433054369	0.0287933027672	-0.0191322502574	0.00959840422314	-0.000273789018091	-0.0209435449348	0.0367081484463	-0.0282303951044	0.000180505907083	-0.04115164443	-0.0200361585215	-0.0448296783408	0.0112647518949	-0.0623827840837	-0.00335545093575	0.00242413310261	0.000174349843182	-0.0154338227362	-0.0410004759943	0.0545802092188	0.00679577071137	0.0413337170968	-0.00543366215075	0.0604570197629	-0.0904176145045	0.00607959629383	-0.0127862130774
k__Bacteria;p__Proteobacteria;c__Betaproteobacteria;o__Burkholderiales;f__Sutterellaceae;g__Parasutterella;s__Parasutterella_excrementihominis	-0.00144581453913	-0.0214113240152	0.0162944264296	-0.0570813832283	-0.0084648078856	-0.0352909971739	0.0349471263242	-0.0681362461044	-0.0274870477329	0.0208672848421	0.0170039876412	-0.0284000805349	-0.0524958263945	0.00886987912774	0.018273621271	-0.0370114839458	0.0545889223495	-0.0232693578708	-0.0634819654236	-0.0634233987154	-0.0496741302209	-0.0186073234159	1.0	-0.000913343496963	-0.0157880402956	-0.0104081893386	0.0191215627685	0.00219120679751	0.0640814595432	-0.0163423417431	-0.0411308603068	0.0300086680973	0.0170988312143	-0.0396368348811	0.00209642008862	-0.0335088831735	0.000907233200069	0.0472203776749	-7.09860501173e-05	0.0334519619931	0.0309605897965	0.00100503063774	-0.017575782107	-0.0747060631433	0.0580001990411	-0.0161702389148	0.0342677561577	-0.00392043710603	0.0398746930533	-0.0106010509657	0.0273957893443	-0.0454399111304	-0.00703565523337	0.0485369848415	-0.114058379407	-0.0250996739868	0.0167928359192	-0.0492154370613	0.00933491116273
k__Bacteria;p__Actinobacteria;c__Actinobacteria;o__Bifidobacteriales;f__Bifidobacteriaceae;g__Bifidobacterium;s__Bifidobacterium_adolescentis	-0.0987069054892	-0.0625670555954	-0.0104710939714	0.0105324043146	0.00325750783542	-0.00501693697637	0.0119640865207	-0.0852066829962	-0.0209335699731	-0.0690073350431	0.00617093080088	0.0103020624613	0.0223641761672	-0.00154103438949	-0.0112695790147	-0.00552204241727	-0.100016538446	0.0143544224631	-0.0354265393955	0.0624761704446	-0.0825942580573	-0.0213838976989	-0.000913343496963	1.0	0.0487835935972	0.0377404882306	-0.0164724461644	0.0228026411281	-0.0092468941365	-0.0263318789906	-0.0228419819456	-0.0319552179267	-0.0254286722469	0.0250546838243	0.00902759064826	-0.00301764775918	0.0624086434894	-0.0312963734386	-0.0374337208746	-0.0102400396361	-0.0330997553501	0.0167248108757	-0.063129086437	-0.0251275394833	0.0203895386131	-0.0311779049923	-0.016070126925	-0.0164492339413	0.010557702089	-0.019608143134	0.0107469464181	0.0182775827433	-0.0635191289725	0.0331609418745	-0.00707887426368	-0.0693049007882	0.00151641752618	0.0570377034216	0.0253360387182
k__Bacteria;p__Firmicutes;c__Clostridia;o__Clostridiales;f__Oscillospiraceae;g__Oscillibacter;s__Oscillibacter_sp._KLE_1745	-0.0236709883079	0.0507982252441	-0.0728735351874	-0.000320861770392	-0.0217689174601	0.0329059580313	0.080575484183	0.0554258959107	-0.0135370302766	-0.0577018777029	-0.0115455455671	-0.00881382429921	-0.0482871468196	0.095410990732	0.00582671844621	0.0341761990244	-0.133892122875	-0.038526819041	-0.0315795313681	-0.0555744732727	-0.0406139229315	0.0191789087607	-0.0157880402956	0.0487835935972	1.0	-0.0827381926682	0.0401850991801	-0.0205119762394	0.0304772596378	-0.0561161500317	-0.0442020322935	-0.0146839809802	-0.0704655922315	-0.0244314239998	-0.0141751450056	0.0224310075285	0.0236382200345	0.0178420205624	-0.0774293547917	0.0037009919048	-0.00977665398115	0.0808112302378	-0.000126731721122	0.0137504600529	-0.022030311272	-0.028219054095	-0.0972726760317	0.0195126455649	-0.010406598025	-0.0127811703799	-0.0019623859687	-0.00581858416176	-0.0428593373899	-0.0358249247195	0.0354504036437	0.0270598811076	0.0372000956958	-0.0437486922185	0.0198305698222
k__Bacteria;p__Bacteroidetes;c__Bacteroidia;o__Bacteroidales;f__Bacteroidaceae;g__Bacteroides;s__Bacteroides_coprophilus	0.0133278159044	-0.0487645427025	0.0339136683479	0.0768048958483	-0.0120862551519	-0.00264055787973	-0.0356553382339	-0.00654148060749	-0.0768850101216	0.0290733483776	0.0259263546963	0.0274422958072	-0.025601527577	-0.0359366849002	0.0234086383641	0.0843893207375	0.0138046664656	0.00448466523278	-0.132927973247	-0.0191222388345	-0.0270021307186	0.0185093797716	-0.0104081893386	0.0377404882306	-0.0827381926682	1.0	-0.104052865884	-0.105650068628	-0.0126755991726	0.00910588843401	-0.0637738875895	-0.0636043208984	-0.0267900631743	-0.0950945564448	0.0122234884296	0.0311267124042	0.00995246198517	-0.0198092688499	0.00303506213825	0.0281803071247	0.00605815172136	-0.0604247391575	-0.077412730263	-0.0136052905014	-0.0250500724288	0.0387058338308	-0.0553491144874	0.0233241226321	-0.0424426559472	-0.0059119711107	0.0850245882554	-0.0305693809543	-0.0375096392329	-0.0389020896199	0.0583299477196	-0.0193433092302	0.0371133333304	0.0107740054365	0.082414674685
k__Bacteria;p__Firmicutes;c__Clostridia;o__Clostridiales;f__Lachnospiraceae;g__Roseburia;s__Roseburia_intestinalis	-0.0166731820506	-0.0411632199929	0.00490333637403	0.0418362739051	-0.0386994236898	-0.0654536867043	0.0209319019537	0.0190236134345	-0.0182948579136	-0.0316514465085	-0.00793715914415	0.00602869077924	0.00557819203334	0.0402853131247	-0.000249356205358	-0.0486656713776	0.0300776985082	0.0440351312353	-0.0634465576242	0.00523141134493	-0.00203263826178	-0.0294771592482	0.0191215627685	-0.0164724461644	0.0401850991801	-0.104052865884	1.0	-0.0212932166781	-0.0619701415797	-0.00193967799651	0.00312094500762	0.0138501058833	0.0650832863777	0.00387795145312	-0.0336451249514	-0.0645933539661	0.00938308329957	0.00759749293595	0.0494339007046	-0.00806373106059	-0.046828307945	-0.0105014365427	0.0345363578112	-0.0367894724568	-0.0189104356641	0.0742594436111	-0.0748209380852	-0.0193197026446	0.0200132087757	-0.000623425559478	-0.00187676532911	0.0194893917006	-0.0259926690689	0.0439280857126	0.000693746942611	0.029930095811	0.0286487713382	-0.0449306810684	-0.00382547573535
k__Bacteria;p__Firmicutes;c__Clostridia;o__Clostridiales;f__Lachnospiraceae;g__Roseburia;s__Roseburia_hominis	0.0188733523881	0.0342523899624	0.000176227611591	-0.060258571766	0.0139386454707	-0.013323902954	0.0327954799388	-0.00753246552261	0.0251471584409	-0.00138643324017	-0.012570805793	0.00417410627054	0.0199912607699	-0.0354469549854	-0.133899756247	-0.0197059673909	0.0427956021202	0.00516700369572	0.00067374022138	-0.0447827197665	0.015526246571	-0.0348489563408	0.00219120679751	0.0228026411281	-0.0205119762394	-0.105650068628	-0.0212932166781	1.0	0.0112178081789	-0.0230612831689	0.0602547784196	-0.0173667895071	0.0142486398399	0.00205334256164	-0.0583427601713	0.004616320389	0.0320980900167	-0.0208238952087	-0.0116417722043	0.00798211970026	-0.0038701489283	0.0909621946477	0.0136786333168	-0.0470894273902	0.00554274242756	-0.0415602410537	0.050391529736	-0.0240928081109	-0.0566172877401	-0.0181413615998	0.0235263028593	0.0257371201046	0.0298242371155	-0.0243438457125	-0.0654319473238	-0.000128321813737	-0.0876534049384	0.0268338881968	-0.0285251289549
k__Bacteria;p__Bacteroidetes;c__Bacteroidia;o__Bacteroidales;f__Porphyromonadaceae;g__Parabacteroides;s__Parabacteroides_johnsonii	-0.0398317928906	0.00313087654314	0.00580016198122	-0.00657724695567	0.016470067787	0.0571266815132	0.0562876076235	-0.0304716619115	0.0340249091632	-0.0922314250171	-0.0730313361418	0.026345042793	-0.0261695009008	-0.0356470474697	-0.0352998200729	-0.019599054892	-0.0237224965424	-0.0136993548162	-0.0385478859118	-0.0354322744386	0.00118060356106	0.0352612880485	0.0640814595432	-0.0092468941365	0.0304772596378	-0.0126755991726	-0.0619701415797	0.0112178081789	1.0	0.0122594791073	-0.127462628197	0.0179359027823	-0.0379100297221	-0.0102381613665	0.0260966254847	0.0254431545085	-0.0121476340892	-0.0897815365015	-0.038901667787	0.066348928956	0.04148459824	0.010384690472	-0.0161582613389	0.0834394487197	0.034749595133	-0.109587269437	-0.0208980710787	-0.0243571879905	0.0667007658048	0.0296779771712	-0.0235009151904	-0.00535837029945	-0.0401402322723	0.0400378700782	-0.00764610891919	0.0370481318189	-0.0128341649934	0.0135408315395	-0.00284630617062
k__Bacteria;p__Actinobacteria;c__Actinobacteria;o__Bifidobacteriales;f__Bifidobacteriaceae;g__Bifidobacterium;s__Bifidobacterium_longum	-0.0271274613791	0.0335926124363	-0.060528007601	-0.0300792292797	0.0208372104199	-0.0170425547226	-0.0984300226378	0.0346362390627	-0.0229526170478	0.00657550516756	-0.0482043117707	0.0699527307079	-0.00440471852924	-0.119972753209	-0.0220666585128	0.0249513721858	-0.0288592745691	0.000984666777292	-0.00188625136519	-0.0543761991677	-0.026805996554	-0.0188758663529	-0.0163423417431	-0.0263318789906	-0.0561161500317	0.00910588843401	-0.00193967799651	-0.0230612831689	0.0122594791073	1.0	-0.0306960618437	0.0109334321666	0.0228421980377	-0.0809676269445	-0.0188944025323	-0.0105040504477	-0.00344381351006	-0.024858141424	-0.0367977229596	-0.0293616543539	-0.0941843339943	-0.0765415659989	-0.0449676483141	0.0157399198957	0.00790939735792	-0.0163400852856	0.0105274399732	0.0179565467809	-0.0186319335463	-0.0181309110668	0.0316353171835	0.00788829148769	0.0756782712336	0.00461654884846	0.0344144865088	0.0283660685658	0.12452794566	0.0354668684778	0.0104302007618
