#taxonomy	k__Bacteria;p__Bacteroidetes;c__Bacteroidia;o__Bacteroidales;f__Bacteroidaceae;g__Bacteroides;s__Bacteroides_vulgatus	k__Bacteria;p__Bacteroidetes;c__Bacteroidia;o__Bacteroidales;f__Bacteroidaceae;g__Bacteroides;s__Bacteroides_uniformis	k__Bacteria;p__Bacteroidetes;c__Bacteroidia;o__Bacteroidales;f__Rikenellaceae;g__Alistipes;s__Alistipes_putredinis	k__Bacteria;p__Bacteroidetes;c__Bacteroidia;o__Bacteroidales;f__Prevotellaceae;g__Prevotella;s__Prevotella_copri	k__Bacteria;p__Bacteroidetes;c__Bacteroidia;o__Bacteroidales;f__Bacteroidaceae;g__Bacteroides;s__Bacteroides_stercoris	k__Bacteria;p__Bacteroidetes;c__Bacteroidia;o__Bacteroidales;f__Bacteroidaceae;g__Bacteroides;s__Bacteroides_ovatus	k__Bacteria;p__Bacteroidetes;c__Bacteroidia;o__Bacteroidales;f__Rikenellaceae;g__Alistipes;s__Alistipes_shahii	k__Bacteria;p__Firmicutes;c__Clostridia;o__Clostridiales;f__Ruminococcaceae;g__Faecalibacterium;s__Faecalibacterium_prausnitzii	k__Bacteria;p__Bacteroidetes;c__Bacteroidia;o__Bacteroidales;f__Rikenellaceae;g__Alistipes;s__Alistipes_finegoldii	k__Bacteria;p__Bacteroidetes;c__Bacteroidia;o__Bacteroidales;f__Porphyromonadaceae;g__Parabacteroides;s__Parabacteroides_distasonis	k__Bacteria;p__Bacteroidetes;c__Bacteroidia;o__Bacteroidales;f__Bacteroidaceae;g__Bacteroides;s__Bacteroides_thetaiotaomicron	k__Bacteria;p__Bacteroidetes;c__Bacteroidia;o__Bacteroidales;f__Bacteroidaceae;g__Bacteroides;s__Bacteroides_coprocola	k__Bacteria;p__Bacteroidetes;c__Bacteroidia;o__Bacteroidales;f__Bacteroidaceae;g__Bacteroides;s__Bacteroides_cellulosilyticus	k__Bacteria;p__Bacteroidetes;c__Bacteroidia;o__Bacteroidales;f__Rikenellaceae;g__Alistipes;s__Alistipes_obesi	k__Bacteria;p__Firmicutes;c__Clostridia;o__Clostridiales;f__Lachnospiraceae;g__;s__[Eubacterium]_rectale	k__Bacteria;p__Bacteroidetes;c__Bacteroidia;o__Bacteroidales;f__Bacteroidaceae;g__Bacteroides;s__Bacteroides_plebeius	k__Bacteria;p__Bacteroidetes;c__Bacteroidia;o__Bacteroidales;f__Bacteroidaceae;g__Bacteroides;s__Bacteroides_fragilis	k__Bacteria;p__Proteobacteria;c__Betaproteobacteria;o__Burkholderiales;f__Sutterellaceae;g__Sutterella;s__Sutterella_wadsworthensis	k__Bacteria;p__Bacteroidetes;c__Bacteroidia;o__Bacteroidales;f__Porphyromonadaceae;g__Barnesiella;s__Barnesiella_intestinihominis	k__Bacteria;p__Bacteroidetes;c__Bacteroidia;o__Bacteroidales;f__Odoribacteraceae;g__Odoribacter;s__Odoribacter_splanchnicus	k__Bacteria;p__Bacteroidetes;c__Bacteroidia;o__Bacteroidales;f__Bacteroidaceae;g__Bacteroides;s__Bacteroides_salyersiae	k__Bacteria;p__Firmicutes;c__Clostridia;o__Clostridiales;f__Ruminococcaceae;g__Ruminiclostridium;s__[Eubacterium]_siraeum	k__Bacteria;p__Proteobacteria;c__Betaproteobacteria;o__Burkholderiales;f__Sutterellaceae;g__Parasutterella;s__Parasutterella_excrementihominis	k__Bacteria;p__Actinobacteria;c__Actinobacteria;o__Bifidobacteriales;f__Bifidobacteriaceae;g__Bifidobacterium;s__Bifidobacterium_adolescentis	k__Bacteria;p__Firmicutes;c__Clostridia;o__Clostridiales;f__Oscillospiraceae;g__Oscillibacter;s__Oscillibacter_sp._KLE_1745	k__Bacteria;p__Bacteroidetes;c__Bacteroidia;o__Bacteroidales;f__Bacteroidaceae;g__Bacteroides;s__Bacteroides_coprophilus	k__Bacteria;p__Firmicutes;c__Clostridia;o__Clostridiales;f__Lachnospiraceae;g__Roseburia;s__Roseburia_intestinalis	k__Bacteria;p__Firmicutes;c__Clostridia;o__Clostridiales;f__Lachnospiraceae;g__Roseburia;s__Roseburia_hominis	k__Bacteria;p__Bacteroidetes;c__Bacteroidia;o__Bacteroidales;f__Porphyromonadaceae;g__Parabacteroides;s__Parabacteroides_johnsonii	k__Bacteria;p__Actinobacteria;c__Actinobacteria;o__Bifidobacteriales;f__Bifidobacteriaceae;g__Bifidobacterium;s__Bifidobacterium_longum	k__Bacteria;p__Firmicutes;c__Clostridia;o__Clostridiales;f__;g__Flavonifractor;s__Flavonifractor_plautii	k__Bacteria;p__Firmicutes;c__Clostridia;o__Clostridiales;f__Clostridiaceae;g__Clostridium;s__Clostridium_phoceensis	k__Bacteria;p__Verrucomicrobia;c__Verrucomicrobiae;o__Verrucomicrobiales;f__Akkermansiaceae;g__Akkermansia;s__Akkermansia_muciniphila	k__Bacteria;p__Bacteroidetes;c__Bacteroidia;o__Bacteroidales;f__Prevotellaceae;g__Paraprevotella;s__Paraprevotella_xylaniphila	k__Bacteria;p__Firmicutes;c__Clostridia;o__Clostridiales;f__Ruminococcaceae;g__Ruminococcus;s__Ruminococcus_callidus	k__Bacteria;p__Bacteroidetes;c__Bacteroidia;o__Bacteroidales;f__Rikenellaceae;g__Alistipes;s__Alistipes_senegalensis	k__Bacteria;p__Firmicutes;c__Clostridia;o__Clostridiales;f__Lachnospiraceae;g__Blautia;s__Blautia_sp._KLE_1732	k__Bacteria;p__Bacteroidetes;c__Bacteroidia;o__Bacteroidales;f__Bacteroidaceae;g__Bacteroides;s__Bacteroides_oleiciplenus	k__Bacteria;p__Firmicutes;c__Clostridia;o__Clostridiales;f__Ruminococcaceae;g__Ruminococcus;s__Ruminococcus_bicirculans	k__Bacteria;p__Bacteroidetes;c__Bacteroidia;o__Bacteroidales;f__Bacteroidaceae;g__Bacteroides;s__Bacteroides_fluxus	k__Bacteria;p__Bacteroidetes;c__Bacteroidia;o__Bacteroidales;f__Prevotellaceae;g__Prevotella;s__Prevotella_stercorea	k__Bacteria;p__Firmicutes;c__Clostridia;o__Clostridiales;f__Lachnospiraceae;g__Dorea;s__Dorea_longicatena	k__Bacteria;p__Firmicutes;c__Clostridia;o__Clostridiales;f__Eubacteriaceae;g__Eubacterium;s__[Eubacterium]_eligens	k__Bacteria;p__Firmicutes;c__Clostridia;o__Clostridiales;f__Ruminococcaceae;g__;s__Ruminococcaceae_bacterium_D16	k__Bacteria;p__Firmicutes;c__Clostridia;o__Clostridiales;f__Lachnospiraceae;g__Coprococcus;s__Coprococcus_comes	k__Bacteria;p__Proteobacteria;c__Gammaproteobacteria;o__Enterobacterales;f__Enterobacteriaceae;g__Escherichia;s__Escherichia_coli	k__Bacteria;p__Firmicutes;c__Clostridia;o__Clostridiales;f__Ruminococcaceae;g__Anaerotruncus;s__Anaerotruncus_colihominis	k__Bacteria;p__Firmicutes;c__Clostridia;o__Clostridiales;f__Lachnospiraceae;g__Blautia;s__Blautia_obeum	k__Bacteria;p__Bacteroidetes;c__Bacteroidia;o__Bacteroidales;f__Odoribacteraceae;g__Odoribacter;s__Odoribacter_laneus	k__Bacteria;p__Firmicutes;c__Clostridia;o__Clostridiales;f__Ruminococcaceae;g__Ruminiclostridium;s__[Clostridium]_leptum	k__Bacteria;p__Bacteroidetes;c__Bacteroidia;o__Bacteroidales;f__Porphyromonadaceae;g__Parabacteroides;s__Parabacteroides_goldsteinii	k__Bacteria;p__Firmicutes;c__Clostridia;o__Clostridiales;f__Lachnospiraceae;g__Anaerostipes;s__Anaerostipes_hadrus	k__Bacteria;p__Firmicutes;c__Clostridia;o__Clostridiales;f__Ruminococcaceae;g__Ruminococcus;s__Ruminococcus_lactaris	k__Bacteria;p__Firmicutes;c__Clostridia;o__Clostridiales;f__Clostridiaceae;g__Clostridium;s__Clostridium_sp._L2-50	k__Bacteria;p__Firmicutes;c__Clostridia;o__Clostridiales;f__Clostridiaceae;g__Clostridium;s__Clostridium_sp._M62/1	k__Bacteria;p__Firmicutes;c__Clostridia;o__Clostridiales;f__;g__Intestinimonas;s__Intestinimonas_butyriciproducens	k__Bacteria;p__Actinobacteria;c__Actinobacteria;o__Bifidobacteriales;f__Bifidobacteriaceae;g__Bifidobacterium;s__Bifidobacterium_bifidum	k__Bacteria;p__Firmicutes;c__Negativicutes;o__Veillonellales;f__Veillonellaceae;g__Dialister;s__Dialister_invisus	k__Bacteria;p__Bacteroidetes;c__Bacteroidia;o__Bacteroidales;f__Bacteroidaceae;g__Bacteroides;s__Bacteroides_salanitronis
k__Bacteria;p__Bacteroidetes;c__Bacteroidia;o__Bacteroidales;f__Bacteroidaceae;g__Bacteroides;s__Bacteroides_vulgatus	1.0	0.0370822324736	-0.0457415896606	-0.00315379680148	0.0112037265172	-0.0708628153365	-0.0176086832897	-0.0014124853694	0.0045752144857	-0.0522827284727	-0.0280226479243	0.0163393212736	-0.0406481906594	0.0538044342929	0.0286476890183	-0.0359918905097	-0.0320959572557	-0.00549683626928	0.00524415739996	-0.0283181393575	-0.0229524591819	0.0170477055754	-0.0243360670437	-0.0370550674145	-0.000741186446324	-0.047028609754	0.0555467643923	-0.0218895838703	0.0769819712643	-0.0230172162973	-0.0160116341304	-0.0256484125685	-0.0384234479399	0.0105060793363	0.0167198600147	0.0599967262022	-0.010486731636	0.0310478324088	0.0448955263003	-0.0226433366664	-0.0519369325474	0.0276482330778	0.0561030579257	0.00101037165908	0.0233937261862	0.00485657258343	-0.0760723419494	0.00639232962439	-0.0838920697581	-0.050192853445	-0.0211126385144	-0.0957832402658	0.0497921857623	-0.0491727223098	-0.0764507742376	0.0240690615007	-0.0104346191448	0.00780416524056	0.0128881287439
k__Bacteria;p__Bacteroidetes;c__Bacteroidia;o__Bacteroidales;f__Bacteroidaceae;g__Bacteroides;s__Bacteroides_uniformis	0.0370822324736	1.0	0.0310042681204	0.0461816979508	0.00860958358511	-0.00817247688543	-0.00445139199891	0.0012135025095	0.0146722903583	-0.00202688098709	-0.0384722471337	-0.0259555301296	-0.0185114297492	-0.0171692452188	-0.00808385360824	0.0421856675096	0.00314151723681	0.0323214716394	0.0650826430109	0.0487515601052	0.0046614878317	0.021649064506	-0.0295709203567	0.0295502463659	-0.0251947842182	0.0155340923057	-0.00533895420263	-0.0211643739755	-0.0431939415582	-0.00757723142406	0.00413158218885	0.00494824116792	0.000298699303542	0.0415356795354	-0.0306138086723	-0.0215373228089	-0.00829808589562	0.0122685992901	-0.00754515241622	-0.0175909128696	-0.0147460815296	0.0462792153819	-0.124727911183	0.00451727553616	0.00457049850781	-0.0061416843006	0.0805992877497	-0.0104598238061	-0.0395470939769	-0.0558391107238	0.0597405870618	0.0456277338793	-0.03746809464	0.0443280869294	-0.0106715683689	-0.0375532901609	-0.00723861774258	0.00159613785051	0.00608907057885
k__Bacteria;p__Bacteroidetes;c__Bacteroidia;o__Bacteroidales;f__Rikenellaceae;g__Alistipes;s__Alistipes_putredinis	-0.0457415896606	0.0310042681204	1.0	-0.0155401712976	0.0131378167669	-0.0417858810351	0.0159385359421	-0.00839516513643	-0.0424135331278	0.0115506455189	0.00682301659776	-0.00943842407362	-0.0374313468566	-0.101320269572	0.0144791930551	0.0105412330414	-0.00435171186222	0.0584949103177	-0.0077366843437	-0.0694771092359	0.00531496795163	-0.00697624374923	0.0661459847054	-0.0658160505901	-0.0496599134558	-0.00658326464524	-0.0191137346982	-0.0345626083761	0.022239732244	-0.0219225071819	-0.0107053242131	0.0316766739483	0.0515503898778	-0.0353745292717	-0.039556848177	-0.0392150772558	-0.0243395596769	-0.0600467510246	-0.0537650506551	0.0278940330175	0.00782649086043	-0.00235482079327	-0.0153454878886	-0.0335847917379	-0.0470018633629	-0.0303203328431	-0.0309661893897	0.00455266077082	0.0316913103372	0.0225948285819	-0.0156824240022	-0.0925256944044	0.00823201324295	0.00857612834183	-0.0140961821914	-0.0292139857406	0.0356448708537	0.0315473690566	0.0376907725034
k__Bacteria;p__Bacteroidetes;c__Bacteroidia;o__Bacteroidales;f__Prevotellaceae;g__Prevotella;s__Prevotella_copri	-0.00315379680148	0.0461816979508	-0.0155401712976	1.0	0.0015383584689	-0.0294275347927	0.00820163978536	-0.0309280964787	-0.000708731172789	0.06246301155	-0.0253094067479	0.0667513224741	-0.0337545401627	-0.0215552451004	0.0453281113762	0.00225556297741	-0.0555555079652	-0.0509556645371	-0.00787104753344	-0.0287137639025	0.0531834592938	0.0223511194394	-0.0101511050634	-0.0359624293989	0.0155346528476	-0.0354949359494	-0.0161097517478	-0.0111592298664	-0.0198709064456	-0.0249493482984	0.0667158587421	0.0247516819087	-0.0645114872912	-0.00114481758835	-0.0047109166289	-0.0238411556672	-0.0737272550443	0.0148182453602	-0.0342730546417	0.0124523046837	0.0566787398824	0.0440219009869	-0.0218797339003	0.008472477528	-0.0975039437299	-0.0386843741909	0.0167268179575	-0.0916517960126	-0.0174991151174	-0.0896684572061	0.00345735264874	-0.00292494531082	0.0179488484969	0.0250338287993	-0.0356349652034	-0.0326822800915	-0.0344296863894	0.0164717504904	0.0604638573453
k__Bacteria;p__Bacteroidetes;c__Bacteroidia;o__Bacteroidales;f__Bacteroidaceae;g__Bacteroides;s__Bacteroides_stercoris	0.0112037265172	0.00860958358511	0.0131378167669	0.0015383584689	1.0	0.0306781466436	-0.0550078589073	-0.0288151278459	-0.0168077700572	-0.027028884846	-0.0200838190251	-0.00203558194385	-0.0243796193278	-0.044043104187	-0.00169940826495	0.0252867941341	0.0325643835466	-0.054396139694	0.0765424141798	-0.0194749671577	0.0570743559114	0.0351177144983	0.0227578460416	0.0371669876118	-0.00317025451953	-0.0153546591436	-0.0347830203257	-0.00784799616611	-0.0634370853282	0.0105700937292	-0.0108513355618	-0.00498667141275	0.0765863700892	0.0469984321454	-0.0143592788062	0.0648252087084	-0.168982746883	0.0515764594338	0.0261316185228	0.0325016469012	-0.0568438045236	-0.0267519874461	-0.0415434073264	-0.0443825360635	-0.0408706383279	-0.105472668184	-0.0637409763527	-0.0577644608989	-0.0573019899202	-0.00413219695345	-0.0333945986497	-0.0848527688889	-0.0296383015508	-0.0290589676759	0.0227788632371	0.0438383747077	-0.0164290684423	0.00669682074243	0.0013423941174
k__Bacteria;p__Bacteroidetes;c__Bacteroidia;o__Bacteroidales;f__Bacteroidaceae;g__Bacteroides;s__Bacteroides_ovatus	-0.0708628153365	-0.00817247688543	-0.0417858810351	-0.0294275347927	0.0306781466436	1.0	-0.0370635278728	0.0493967981712	0.0381204412299	-0.026076058015	0.0137539483808	-0.0429597483738	0.00290868862639	0.0153159617089	0.040784023876	0.0437368612652	0.0106712287838	-0.0698258551707	-0.00605276593279	-0.00569783581574	-0.00339620235636	-0.000810697233559	-0.0303738872104	-0.0302767618489	0.047546523334	-0.0341578824757	0.0184646714675	-0.00715432772032	-0.0843349133243	0.00496307033849	-0.0170158410821	-0.0486257471713	0.0198396782688	-0.0025036685891	-0.00601393893927	0.0243428991606	0.0410390775598	-0.0683200519319	0.0130660872452	-0.00328202547041	0.040191254017	-0.0772060097182	-0.0695031620827	-0.0084216488604	-0.0425609817268	-0.0415748965338	-0.0357820793844	-0.0565819054866	-0.0294884917016	0.00797218157395	-0.0193810777648	-0.0150722369186	0.0570400203125	0.0149922464401	-0.00293594549215	-0.0909678324343	-0.0394031089677	0.0302602304877	-0.0191755277586
k__Bacteria;p__Bacteroidetes;c__Bacteroidia;o__Bacteroidales;f__Rikenellaceae;g__Alistipes;s__Alistipes_shahii	-0.0176086832897	-0.00445139199891	0.0159385359421	0.00820163978536	-0.0550078589073	-0.0370635278728	1.0	0.002666488235	-0.0994914145564	-0.0432649612074	-0.0175914924017	-0.00232162691608	-0.0318370001632	0.0289355423384	-0.098958802445	-0.0294975931769	-0.0388522654274	-0.0535056020347	0.0402695176053	-0.00554344776313	-0.0300693000143	-0.0849088534648	-0.027464083582	0.0186386925581	-0.0185067878419	-0.0166375124628	-0.0272714224608	0.0201739313993	0.0200984622984	-0.0502532182988	0.0256575676367	-0.0336809892237	-0.0698151468587	0.034999652811	0.00808975805884	0.0586269251355	0.00198091895295	-0.00138653776914	-0.0105116116535	0.0276553350447	0.0185776877754	-0.00176506934294	0.0138718783947	-0.030472105113	-0.0733099113098	-0.0245140700314	0.0331401328618	-0.04316198233	0.0327919718482	0.0933721953225	0.0498734573063	0.0438195935824	-0.0246827564357	-0.0182459111168	0.012622436911	-0.0635707948266	-0.0120050352151	0.0131216434445	-0.0391800599893
k__Bacteria;p__Firmicutes;c__Clostridia;o__Clostridiales;f__Ruminococcaceae;g__Faecalibacterium;s__Faecalibacterium_prausnitzii	-0.0014124853694	0.0012135025095	-0.00839516513643	-0.0309280964787	-0.0288151278459	0.0493967981712	0.002666488235	1.0	-0.0979545507756	0.00691461580405	0.0409954379342	-0.0138644207076	-0.0803205456638	0.0394447637013	0.0595147022713	-0.0338500220691	-0.095407994469	-0.0567685823405	-0.019028995209	0.00919226268033	-0.0287949500335	0.0039400006369	0.0315930420865	-0.0421642809098	0.0423408022979	0.0550005677285	-0.0916453494012	-0.0708572312662	0.0199361526172	-0.0553896867779	0.016734083513	0.0528529433473	-0.0320870066682	0.0312692135114	-0.0384704236548	-0.0652390656416	-0.0496713394774	-0.0819536073459	0.0142587320617	0.0399057279132	0.00579250436691	-0.0435381282934	-0.099585302971	-0.00381589067516	0.037973955899	-0.0134707751777	0.0525333759607	0.0133293745298	-0.0201611905379	0.0582481645578	0.061927726827	0.00677754815447	0.0809047958991	-0.0163818313455	0.00589715819888	-0.0196687461009	-0.013627937386	-0.0786938559755	-0.0484236798736
k__Bacteria;p__Bacteroidetes;c__Bacteroidia;o__Bacteroidales;f__Rikenellaceae;g__Alistipes;s__Alistipes_finegoldii	0.0045752144857	0.0146722903583	-0.0424135331278	-0.000708731172788	-0.0168077700572	0.0381204412299	-0.0994914145564	-0.0979545507756	1.0	-0.0085969576177	-0.00377984907169	-0.0674405207051	-0.0630591808511	-0.000395518500668	-0.0233843022795	0.0362880881745	-0.029418545972	0.0201468447629	-0.0297211236097	-0.0287238933243	-0.0322041542542	-0.0085707779212	-0.0745885566708	-0.0200202920207	-0.0849418900871	0.074955754805	-0.0214793391684	0.0375071061779	-0.0391244851438	-0.0508059866609	0.00991794632265	0.0593797068326	0.00659813343438	-0.012547625603	0.0313163268082	0.114258942473	0.0908042847324	-0.00134662468813	0.0650796468464	0.0119988285843	-1.53356085475e-05	-0.0509797015305	-0.0260336661342	0.0399948948296	-0.0562623478878	0.0491277977462	-0.0665375864416	-0.0162880658889	0.0663283337682	0.00441317026797	0.00930291144547	0.0761092054532	-0.0659535720405	-0.0671322064904	-0.0161629920498	-0.0208206612503	-0.0130566142633	-0.08193742931	-0.107377999178
k__Bacteria;p__Bacteroidetes;c__Bacteroidia;o__Bacteroidales;f__Porphyromonadaceae;g__Parabacteroides;s__Parabacteroides_distasonis	-0.0522827284727	-0.00202688098709	0.0115506455189	0.06246301155	-0.027028884846	-0.026076058015	-0.0432649612074	0.00691461580405	-0.0085969576177	1.0	-0.0519330122584	0.0698648328932	0.0126944172915	0.0421026380899	-0.028346395719	-0.00547672100289	-0.0311555711021	-0.0104270109041	0.00563877570478	-0.0315563184979	0.0125428755437	-0.0454690255833	0.0120787026842	-0.0151001288627	-0.0203303198637	-0.0388292314072	-0.055473176447	-0.0200074116178	-0.00351699764862	-0.0558838430611	-0.0226120858564	0.0147181619101	-0.0653843788207	-0.0636024411775	0.00549293590909	0.0449532271824	-0.0580509924441	-0.0275230288255	0.00764123894597	-0.00887183261189	-0.0368024448175	-0.0528687095082	-0.0159686264846	-0.00324129492264	0.0148993280294	-0.0330305602757	0.0537342939845	0.0223039473999	0.0481095483542	-0.0253540072669	-0.0340069843707	-0.0335883728883	0.033834500855	-0.0414725601556	-0.0561924593638	0.00655204065768	0.0837634627616	0.0471334800472	0.0424553990714
k__Bacteria;p__Bacteroidetes;c__Bacteroidia;o__Bacteroidales;f__Bacteroidaceae;g__Bacteroides;s__Bacteroides_thetaiotaomicron	-0.0280226479243	-0.0384722471337	0.00682301659776	-0.0253094067479	-0.0200838190251	0.0137539483808	-0.0175914924017	0.0409954379342	-0.00377984907169	-0.0519330122584	1.0	-0.0560405785551	0.0262076520099	-0.0515287177744	0.0547588587375	0.0228037501856	-0.0396221100106	0.044738685855	-0.00243116907213	-0.0289790515627	0.0849224000229	-0.0476915787313	-0.0187193225669	-0.0448037359348	0.0146419904221	0.0622878545545	0.0164337598529	-0.021166082387	-0.0488409696713	-0.025398838307	-0.00573795848856	0.0127179910418	-0.0670007715279	0.0148281634408	0.00700551591096	-0.000559973814256	0.0581489172895	0.00847587686182	-0.128889388649	-0.0345874993922	0.065366329902	-7.71011563018e-05	-0.080436926123	-0.0426347705007	-0.0253981034697	0.00018367401263	0.0143089159357	-0.0558823192528	-0.00222227346563	-0.0311144832895	-0.0126652912793	-0.0425029614602	-0.0349425242387	-0.0325068471315	0.0693221988865	-0.0492745423235	-0.0457911153377	-0.0277039645841	-0.04015341729
k__Bacteria;p__Bacteroidetes;c__Bacteroidia;o__Bacteroidales;f__Bacteroidaceae;g__Bacteroides;s__Bacteroides_coprocola	0.0163393212736	-0.0259555301296	-0.00943842407362	0.0667513224741	-0.00203558194385	-0.0429597483738	-0.00232162691608	-0.0138644207076	-0.0674405207051	0.0698648328932	-0.0560405785551	1.0	0.0170973530933	-0.0182412953916	0.0866129911651	-0.0354700211309	-0.108784130165	0.0204252150668	-0.0432466888265	0.0400908558308	0.0138311433647	-0.0293712179521	0.0397633206406	0.0374407588215	-0.0537966318922	-0.0269769056993	-0.00634884999623	0.000649969969258	-0.0185902592636	-0.00937968567446	-0.0304484250097	-0.103463644786	-0.026601561835	0.0388421027611	-0.022459004577	-0.0958322060352	-0.0611413351754	-0.0261624259472	0.0257144629792	-0.0476355336406	0.047888715564	-0.0165311173853	0.012176242212	-0.0475708496981	0.0545189028515	-0.107509868311	-0.0386275407329	0.012614427643	0.0272342871393	-0.0149972011018	-0.0126762811811	0.00853012342707	0.079823211811	-0.000846520536456	0.0528908694936	-0.0262848206412	0.0784685672762	0.056112245549	0.051330830352
k__Bacteria;p__Bacteroidetes;c__Bacteroidia;o__Bacteroidales;f__Bacteroidaceae;g__Bacteroides;s__Bacteroides_cellulosilyticus	-0.0406481906594	-0.0185114297492	-0.0374313468566	-0.0337545401627	-0.0243796193278	0.00290868862639	-0.0318370001632	-0.0803205456638	-0.0630591808511	0.0126944172915	0.0262076520099	0.0170973530933	1.0	0.0339687275407	-0.0640493104393	0.0459816195412	0.0331699104594	-0.0303692638728	-0.00901677838483	-0.0157631157233	0.0281216223452	0.0261495220497	-0.0352480116293	-0.0242377692111	0.00991332720326	-0.0809480126509	-0.0155594238735	0.0169287726642	-0.00750833494065	-0.0176469348244	0.0224169964823	0.0634310039823	-0.0733872046175	0.0340729186452	-0.0744285598351	-0.0437402466464	0.0962620942586	-0.0159522283608	0.0271850985242	0.0175772154642	-0.00466750539989	-0.0277017517966	-0.00725616702441	0.0365358296694	-0.0372051779606	-0.0171930209695	-0.0266754137179	-0.0155835232396	0.0354951782032	-0.0190166567733	-0.0520300868847	0.0507356981476	-0.0430904963924	-0.061377386622	0.00936753595391	0.0311489786675	-0.0591943002348	-0.0234116271233	0.00812087119703
k__Bacteria;p__Bacteroidetes;c__Bacteroidia;o__Bacteroidales;f__Rikenellaceae;g__Alistipes;s__Alistipes_obesi	0.0538044342929	-0.0171692452188	-0.101320269572	-0.0215552451004	-0.044043104187	0.0153159617089	0.0289355423384	0.0394447637013	-0.000395518500668	0.0421026380899	-0.0515287177744	-0.0182412953916	0.0339687275407	1.0	-0.0351546553039	0.0231736242843	-0.0408740061756	-0.018413199781	-0.045962496405	0.0211373156597	-0.0658213446677	-0.0966649514462	0.0586685474759	0.000386492581651	0.0278399902277	-0.000888523889263	-0.0208539189659	-0.0153379302649	0.0176830754113	0.0287287478054	0.0296243162647	-0.045562660765	0.0242118769844	-0.0309094966913	0.0173346930771	-0.0449585792696	-0.0518427874794	0.0704562768092	0.0266664518194	-0.0438806967803	-0.00983899287702	0.0539733411933	-0.0223558007613	-0.0896166697383	-0.0123186451884	0.0205931362934	-0.0251024184296	-0.103066445614	-0.0241355207278	0.039564942303	-0.0577205573459	-0.0135257854058	0.0143318225039	-0.0558189331835	0.0349067034513	-0.019559070709	0.0174359277149	0.0163056018693	-0.0261765869439
k__Bacteria;p__Firmicutes;c__Clostridia;o__Clostridiales;f__Lachnospiraceae;g__;s__[Eubacterium]_rectale	0.0286476890183	-0.00808385360824	0.0144791930551	0.0453281113762	-0.00169940826495	0.040784023876	-0.098958802445	0.0595147022713	-0.0233843022795	-0.028346395719	0.0547588587375	0.0866129911651	-0.0640493104393	-0.0351546553039	1.0	0.00403434607923	0.0926956248492	0.0370581341122	-0.0392693201994	0.0218928819697	-0.028047399168	0.027101702274	0.00349832761451	-0.0300807977453	-0.0142229781483	-0.0470422981388	-0.106145178307	0.0319419832413	-0.0347832309496	-0.0954237945753	-0.0913317435015	-0.0870430053791	0.0149285809972	-0.0316149654864	0.0965579559892	0.0199000989441	-0.0807214315421	0.0106562646126	0.0192844477566	0.0625330651168	-0.0014286955586	-0.0519732596943	-0.0455839149884	0.0557996861854	-0.0680593840643	0.0645520969785	0.085696051362	0.0472687275582	-0.0902743137162	-0.00840245228597	-0.011523561785	-0.0165385925363	-0.0486426330581	-0.0198930443115	-0.0257205326842	-0.00871837346775	0.0140347085626	-0.0644436840984	-0.028780381179
k__Bacteria;p__Bacteroidetes;c__Bacteroidia;o__Bacteroidales;f__Bacteroidaceae;g__Bacteroides;s__Bacteroides_plebeius	-0.0359918905097	0.0421856675096	0.0105412330414	0.00225556297741	0.0252867941341	0.0437368612652	-0.0294975931769	-0.0338500220691	0.0362880881745	-0.00547672100289	0.0228037501856	-0.0354700211309	0.0459816195412	0.0231736242843	0.00403434607923	1.0	-0.0800223768258	-0.059569935627	0.0425253025032	0.0231549090387	0.00963927493582	-0.0463639696062	-0.0264277854843	-0.01110476791	-0.0363101173458	0.0459510938342	0.0158165169194	-0.0139712268051	0.0285560575227	0.00503054294315	-0.00173431509248	0.00979650798375	0.00288875161456	-0.0376185565656	-0.0500779963757	-0.0273956788628	0.00349588823311	0.0760749217989	0.0368756775902	-0.000221253806838	-0.0777760682007	-0.00717820452344	-0.0300337447066	0.00695046198794	-0.0507237203549	0.0161098634977	0.010115486949	0.0725940914154	-0.0203181842497	-0.0218541171592	-0.0130905613946	-0.105476706595	0.0132394354528	0.0246257882036	-0.059567520275	-0.0570311120137	-0.0466262805043	0.0353738998424	-0.0125028635446
k__Bacteria;p__Bacteroidetes;c__Bacteroidia;o__Bacteroidales;f__Bacteroidaceae;g__Bacteroides;s__Bacteroides_fragilis	-0.0320959572557	0.00314151723681	-0.00435171186222	-0.0555555079652	0.0325643835466	0.0106712287838	-0.0388522654274	-0.095407994469	-0.029418545972	-0.0311555711021	-0.0396221100106	-0.108784130165	0.0331699104594	-0.0408740061756	0.0926956248492	-0.0800223768258	1.0	-0.0501221314305	0.0501918233452	-0.00794351438868	0.0392656703156	-0.00774148901331	-0.0115423796285	-0.0674364667495	-0.0492054297655	0.0215143899946	0.0657458914199	-0.0820072724654	0.0661748406092	-0.0101204030945	0.0282415998523	-0.0328177065933	0.00853828004826	0.00891811963062	0.0594420616308	-0.0543646489382	-0.0130976665729	-0.0488454046222	0.0316682314986	-0.00583052213844	-0.0124894275719	0.0182266177406	-0.0128789908539	-0.0240023535822	-0.000465469828963	0.0688513431367	-0.0822293766071	0.00498378197225	-0.0388352770902	0.0149363431157	-0.0500566441818	-0.0430439059767	0.0842193173329	-0.0434647474505	-0.0537349406708	0.0161149618543	-0.0625177179616	-0.101982575154	0.00588988306103
k__Bacteria;p__Proteobacteria;c__Betaproteobacteria;o__Burkholderiales;f__Sutterellaceae;g__Sutterella;s__Sutterella_wadsworthensis	-0.00549683626928	0.0323214716394	0.0584949103177	-0.0509556645371	-0.054396139694	-0.0698258551707	-0.0535056020347	-0.0567685823405	0.0201468447629	-0.0104270109041	0.044738685855	0.0204252150668	-0.0303692638728	-0.018413199781	0.0370581341122	-0.059569935627	-0.0501221314305	1.0	0.0207157085952	0.0603025547107	-0.0369091467266	0.0414849169193	-4.79408807366e-05	-0.041238254318	-0.00124383292293	0.0598937711455	-0.0317511964821	-0.00543867192323	0.0653924394943	-0.0508644459242	-0.0546565404475	-0.0537254716079	0.0164108783687	-0.0048908406848	0.0547777299514	-0.0395865856924	-0.0314025905856	0.00806503991004	-0.0485024208413	0.019632533798	-0.0565115037593	-0.0308720270951	-0.00306293334434	0.0248208214178	-0.0223724250081	0.0814250592136	0.0107685663765	0.00704024159498	0.00113650571835	0.0745591750615	0.00200641564111	0.0472478866891	-0.0439367395785	-0.0164783108849	0.0366970775695	-0.037615593943	0.00730136698634	-0.0191058391979	-0.0418754023108
k__Bacteria;p__Bacteroidetes;c__Bacteroidia;o__Bacteroidales;f__Porphyromonadaceae;g__Barnesiella;s__Barnesiella_intestinihominis	0.00524415739996	0.0650826430109	-0.0077366843437	-0.00787104753344	0.0765424141798	-0.00605276593279	0.0402695176053	-0.019028995209	-0.0297211236097	0.00563877570478	-0.00243116907213	-0.0432466888265	-0.00901677838483	-0.045962496405	-0.0392693201994	0.0425253025032	0.0501918233452	0.0207157085952	1.0	-0.0457452696653	0.0849777585036	0.00689968639177	-0.0244017722052	-0.0408405521568	0.0474859014797	-0.0390552838306	-0.00696862961375	0.0555466807164	0.0494090255963	-0.0772849190305	0.00463049931972	-0.011153213239	-0.000897141685232	-0.0194611719104	0.0060994003117	0.081654662277	-0.0367745945925	-0.0187451923229	0.0306606447579	-0.00214446178562	0.0151171235336	0.0411653927965	0.00165611158705	-0.0921612543813	-0.0110641985191	0.000111561418746	-0.0682391450361	0.032678989511	-0.0118788407132	-0.0670838583232	0.0066942412172	-0.0502366474842	-0.0173871132533	-0.023928405423	-0.112347680589	-0.0162873581017	-0.0138350843978	-0.0294948029885	0.062738359861
k__Bacteria;p__Bacteroidetes;c__Bacteroidia;o__Bacteroidales;f__Odoribacteraceae;g__Odoribacter;s__Odoribacter_splanchnicus	-0.0283181393575	0.0487515601052	-0.0694771092359	-0.0287137639025	-0.0194749671577	-0.00569783581574	-0.00554344776313	0.00919226268033	-0.0287238933243	-0.0315563184979	-0.0289790515627	0.0400908558308	-0.0157631157233	0.0211373156597	0.0218928819697	0.0231549090387	-0.00794351438868	0.0603025547107	-0.0457452696653	1.0	-0.0097378049639	0.0349555947445	-0.00320826208316	-0.0209241038348	-0.0586041283732	0.019017464899	-0.0304252592704	-0.0659586815895	0.0126470524931	-0.0488052400873	-0.0301455830428	0.026049908535	0.0335750223062	-0.0408126596132	-0.00430623500642	-0.0234259778952	-0.013330894624	0.0746354370783	0.0253581829851	-0.039034510123	0.0237492540364	-0.00336306394711	0.00885978575027	0.0115561840531	0.00738018563038	-0.0443359271002	0.0602063229605	-0.0386596837356	0.0321511599674	-0.0433841256	-0.0327340300074	0.056015461669	0.0410008753612	-0.0117140883482	-0.00780951211112	0.0268945393906	0.0578921427119	-0.00450406527347	-0.0177436200287
k__Bacteria;p__Bacteroidetes;c__Bacteroidia;o__Bacteroidales;f__Bacteroidaceae;g__Bacteroides;s__Bacteroides_salyersiae	-0.0229524591819	0.0046614878317	0.00531496795163	0.0531834592938	0.0570743559114	-0.00339620235636	-0.0300693000143	-0.0287949500335	-0.0322041542542	0.0125428755437	0.0849224000229	0.0138311433647	0.0281216223452	-0.0658213446677	-0.028047399168	0.00963927493582	0.0392656703156	-0.0369091467266	0.0849777585036	-0.0097378049639	1.0	0.0459948729118	0.0712152174422	0.045438144654	-0.00117260558586	-0.0403707121712	-0.00658746927821	-0.0697693305469	-0.0662722811335	-0.0130896886135	-0.00375940406609	-0.00784084264539	-0.00802779298136	0.0724577766506	-0.00251420382697	-0.0120736769936	-0.015503572815	-0.0770363893218	-0.0267790248174	-0.00726005985267	0.0249585690279	-0.0404104976186	-0.0303153218293	0.0306684969732	0.0293695748794	0.000725697747022	0.022593810025	-0.0541049838378	-0.0244908459869	-0.0648311641626	-0.0579398131877	-0.0122822731747	0.0474310841956	0.0203182026978	-0.0201411936784	-0.0246753961131	-0.0129727902838	-0.0209982000867	-0.00467049540749
k__Bacteria;p__Firmicutes;c__Clostridia;o__Clostridiales;f__Ruminococcaceae;g__Ruminiclostridium;s__[Eubacterium]_siraeum	0.0170477055754	0.021649064506	-0.00697624374923	0.0223511194394	0.0351177144983	-0.000810697233558	-0.0849088534648	0.0039400006369	-0.0085707779212	-0.0454690255833	-0.0476915787313	-0.0293712179521	0.0261495220497	-0.0966649514462	0.027101702274	-0.0463639696062	-0.00774148901331	0.0414849169193	0.00689968639177	0.0349555947445	0.0459948729118	1.0	-0.00396146899092	0.0392906968111	-0.00486245875903	-0.0155820353103	-0.0572900401597	-0.116428457663	-0.0443491545123	0.0404724747082	-0.00234416216341	-0.0500119024912	0.013027269641	-0.00469940893688	-0.0059051848227	0.0955696517058	-0.0310734160584	-0.0197746762256	-0.0399500623299	-0.107014384082	0.0188705687966	-0.0813750542614	0.0230803749138	-0.0049199868556	0.0634518436339	0.0156928192805	-0.0472220486233	0.00200190526016	0.000259027619287	0.0575719434429	-0.0253125475574	0.0180614921986	-0.0483106596029	0.0297052943955	-0.00777388538933	-0.0200384305005	0.0234358112237	-0.053205192143	0.00134305011718
k__Bacteria;p__Proteobacteria;c__Betaproteobacteria;o__Burkholderiales;f__Sutterellaceae;g__Parasutterella;s__Parasutterella_excrementihominis	-0.0243360670437	-0.0295709203567	0.0661459847054	-0.0101511050634	0.0227578460416	-0.0303738872104	-0.027464083582	0.0315930420865	-0.0745885566708	0.0120787026842	-0.0187193225669	0.0397633206406	-0.0352480116293	0.0586685474759	0.00349832761451	-0.0264277854843	-0.0115423796285	-4.79408807366e-05	-0.0244017722052	-0.00320826208316	0.0712152174422	-0.00396146899092	1.0	-0.0206460424245	-0.00255475797349	0.102906785149	0.0682419954708	0.00541653932194	0.0102095368254	0.0176294791721	0.0463284806971	-0.0691452720856	-0.0454193288212	-0.0680442440837	-0.0398546289933	-0.0683480184209	-0.035272122506	0.0620824663202	0.0547267868901	0.0850064995136	0.0130950871551	0.0555099426265	-0.0172339413952	-0.0549576671734	0.0824023628259	-0.0958538708279	-0.0633401470506	0.00159787842273	0.0248852678887	-0.0726608730774	0.0170398228074	-0.043025656563	-0.0169459928432	0.0363850103395	-0.00599062347196	-0.0210184095953	-0.0365958094421	-0.0309648008434	-0.024089404305
k__Bacteria;p__Actinobacteria;c__Actinobacteria;o__Bifidobacteriales;f__Bifidobacteriaceae;g__Bifidobacterium;s__Bifidobacterium_adolescentis	-0.0370550674145	0.0295502463659	-0.0658160505901	-0.0359624293989	0.0371669876118	-0.0302767618489	0.0186386925581	-0.0421642809098	-0.0200202920207	-0.0151001288627	-0.0448037359348	0.0374407588215	-0.0242377692111	0.000386492581651	-0.0300807977453	-0.01110476791	-0.0674364667495	-0.041238254318	-0.0408405521568	-0.0209241038348	0.045438144654	0.0392906968111	-0.0206460424245	1.0	-0.017332809293	0.0433244857	0.0107698865332	-0.00999652048229	-0.0242659779516	0.017430675086	-0.0613871291899	-0.0116794740777	-0.0966837662921	0.0236281502949	-0.06393072895	0.0281898008897	-0.0258303956256	-0.00664090294832	-0.0468394695849	0.00595849368737	-0.0202101916146	0.0379388022287	-0.0319649469592	0.0193548663749	0.0617922836595	-0.0110748815207	0.0411895915958	0.0322564328944	-0.0422198398784	-0.0593253993318	-0.0368165062828	-0.0187506336379	0.0215399211693	0.00659765282285	-0.00556978922367	0.0502425063478	-0.0722371362744	0.0354661716973	-0.044848323679
k__Bacteria;p__Firmicutes;c__Clostridia;o__Clostridiales;f__Oscillospiraceae;g__Oscillibacter;s__Oscillibacter_sp._KLE_1745	-0.000741186446324	-0.0251947842182	-0.0496599134558	0.0155346528476	-0.00317025451953	0.047546523334	-0.0185067878419	0.0423408022979	-0.0849418900871	-0.0203303198637	0.0146419904221	-0.0537966318922	0.00991332720326	0.0278399902277	-0.0142229781483	-0.0363101173458	-0.0492054297655	-0.00124383292293	0.0474859014797	-0.0586041283732	-0.00117260558586	-0.00486245875903	-0.00255475797349	-0.017332809293	1.0	-0.0164362851972	0.0516418612595	0.0284905870478	-0.0497439402647	0.00671368333627	0.00229731654081	-0.0473187948514	0.0141832835078	0.0152904946492	-0.102231679275	-0.0656330968886	-0.0044771919907	0.0386964774516	0.0041046665298	0.0101805151699	0.0262437405872	0.033607571951	0.0437192871628	-0.016557604939	0.0206997672513	-0.00701610177686	0.00212329726889	-0.0543773207834	0.0414204900822	-0.0590059972566	-0.0333477160777	-0.0536877838522	-0.0966018326568	-0.0504056086529	-0.114039913132	0.0653437704736	0.00901269809999	0.0164739660758	-0.111085215331
k__Bacteria;p__Bacteroidetes;c__Bacteroidia;o__Bacteroidales;f__Bacteroidaceae;g__Bacteroides;s__Bacteroides_coprophilus	-0.047028609754	0.0155340923057	-0.00658326464524	-0.0354949359494	-0.0153546591436	-0.0341578824757	-0.0166375124628	0.0550005677285	0.074955754805	-0.0388292314072	0.0622878545545	-0.0269769056993	-0.0809480126509	-0.000888523889263	-0.0470422981388	0.0459510938342	0.0215143899946	0.0598937711455	-0.0390552838306	0.019017464899	-0.0403707121712	-0.0155820353103	0.102906785149	0.0433244857	-0.0164362851972	1.0	0.00813146578694	-0.0579181219046	0.0374242869075	-0.0472093384368	0.0276635913918	0.00690229883587	-0.0497149810908	-0.0491110878814	-0.0175982729071	0.051533743685	0.0419248260776	-0.0725022421884	0.0167860026842	-0.00714964187617	-0.04919203928	-0.0212779646198	-0.0514300549271	0.0677163271215	-0.0284597457052	0.022483988308	9.90895796191e-05	-0.0310284379153	-0.0797187524219	-0.0434427602999	-0.00187778837285	0.00604773593563	-0.0176037530352	-0.084587544447	-0.0591789972728	-0.00157950160532	-0.0506981512691	-0.0288607983832	-0.0218069974985
k__Bacteria;p__Firmicutes;c__Clostridia;o__Clostridiales;f__Lachnospiraceae;g__Roseburia;s__Roseburia_intestinalis	0.0555467643923	-0.00533895420263	-0.0191137346982	-0.0161097517478	-0.0347830203257	0.0184646714675	-0.0272714224608	-0.0916453494012	-0.0214793391684	-0.055473176447	0.0164337598529	-0.00634884999623	-0.0155594238735	-0.0208539189659	-0.106145178307	0.0158165169194	0.0657458914199	-0.0317511964821	-0.00696862961375	-0.0304252592704	-0.00658746927821	-0.0572900401597	0.0682419954708	0.0107698865332	0.0516418612595	0.00813146578694	1.0	0.0649663296195	-0.0632031159715	0.0481124932801	0.00666571378668	-0.0272810152963	-0.0209389210323	-0.00301657899234	0.0393922961601	-0.0468079528838	0.0215804893288	0.00560501596237	0.0799229241266	-0.0111291913558	-0.0885969144448	-0.0075379847828	-0.0469934314561	0.0267088100772	-0.0544067714087	-0.022853256316	0.0472748271646	-0.0658647125707	0.00832906642595	0.0209127804855	0.0421102697342	0.0116272052541	-0.0808155514642	-0.0211980049097	-0.05240531984	-0.0679506996725	0.0597150226629	0.0217675815855	0.0157591092151
k__Bacteria;p__Firmicutes;c__Clostridia;o__Clostridiales;f__Lachnospiraceae;g__Roseburia;s__Roseburia_hominis	-0.0218895838703	-0.0211643739755	-0.0345626083761	-0.0111592298664	-0.00784799616611	-0.00715432772032	0.0201739313993	-0.0708572312662	0.0375071061779	-0.0200074116178	-0.021166082387	0.000649969969258	0.0169287726642	-0.0153379302649	0.0319419832413	-0.0139712268051	-0.0820072724654	-0.00543867192323	0.0555466807164	-0.0659586815895	-0.0697693305469	-0.116428457663	0.00541653932194	-0.00999652048229	0.0284905870478	-0.0579181219046	0.0649663296195	1.0	-0.0257451214689	-0.0287420303608	-0.0555051172858	0.0596436477321	-0.1108166614	-0.0432708980877	0.0450203033356	0.0229614183893	0.00973046414253	0.0374134044196	-0.0369172182143	-0.017018907532	-0.0284763116075	-0.0604147783427	-0.047104642336	0.0442086719212	0.0209445640662	-0.0278681208316	-0.0128788400549	-0.0502667632848	0.00315318804341	0.0183132324007	-0.0117341121737	-0.037070510705	0.0288570477449	-0.0160265453957	-0.0229402693279	0.0473589392404	-0.024705043814	-0.026071585557	0.0697654958471
k__Bacteria;p__Bacteroidetes;c__Bacteroidia;o__Bacteroidales;f__Porphyromonadaceae;g__Parabacteroides;s__Parabacteroides_johnsonii	0.0769819712643	-0.0431939415582	0.022239732244	-0.0198709064456	-0.0634370853282	-0.0843349133243	0.0200984622984	0.0199361526172	-0.0391244851438	-0.00351699764862	-0.0488409696713	-0.0185902592636	-0.00750833494065	0.0176830754113	-0.0347832309496	0.0285560575227	0.0661748406092	0.0653924394943	0.0494090255963	0.0126470524931	-0.0662722811335	-0.0443491545123	0.0102095368254	-0.0242659779516	-0.0497439402647	0.0374242869075	-0.0632031159715	-0.0257451214689	1.0	-0.0208054312584	0.0192505446874	-0.00862833132682	-0.0106852121163	-0.0323407105224	0.00220481764392	-0.105547547192	6.79410093284e-05	-0.0558047754256	0.0692084867752	-0.0622456069143	-0.0484914506459	-0.00125651241133	-0.0593414574279	-0.0493426904206	-0.00115508072507	0.00480365379772	0.0131704277381	0.0334872506714	-0.0125927745375	0.0627430808566	-0.0179375434875	-0.041974208464	-0.0628666162379	-0.0319923316322	-0.0289227525487	0.0580536985561	-0.00201914376656	0.0351433378075	0.0266084515328
k__Bacteria;p__Actinobacteria;c__Actinobacteria;o__Bifidobacteriales;f__Bifidobacteriaceae;g__Bifidobacterium;s__Bifidobacterium_longum	-0.0230172162973	-0.00757723142406	-0.0219225071819	-0.0249493482984	0.0105700937292	0.00496307033849	-0.0502532182988	-0.0553896867779	-0.0508059866609	-0.0558838430611	-0.025398838307	-0.00937968567446	-0.0176469348244	0.0287287478054	-0.0954237945753	0.00503054294315	-0.0101204030945	-0.0508644459242	-0.0772849190305	-0.0488052400873	-0.0130896886135	0.0404724747082	0.0176294791721	0.017430675086	0.00671368333627	-0.0472093384368	0.0481124932801	-0.0287420303608	-0.0208054312584	1.0	0.03785836884	-0.0195210892227	0.00514988878342	-0.0240802670907	-0.0278104513661	-0.0381911077106	0.0438727702608	0.0571934523742	0.00271187582742	0.0186627540378	0.0187975894939	0.0608569692193	0.0631391231558	-0.0207147658541	0.00831982521812	0.0446298076054	-0.052551138463	9.65741170869e-05	0.0123597329636	-0.00616770895008	0.0575266708511	-0.0222767068903	-0.0442628882633	0.0362319666022	0.0519846649627	0.0322116841821	-0.0410303409088	-0.00418316919199	-0.0214441764357
