#taxonomy	k__Bacteria;p__Bacteroidetes;c__Bacteroidia;o__Bacteroidales;f__Bacteroidaceae;g__Bacteroides;s__Bacteroides_vulgatus	k__Bacteria;p__Bacteroidetes;c__Bacteroidia;o__Bacteroidales;f__Bacteroidaceae;g__Bacteroides;s__Bacteroides_uniformis	k__Bacteria;p__Bacteroidetes;c__Bacteroidia;o__Bacteroidales;f__Rikenellaceae;g__Alistipes;s__Alistipes_putredinis	k__Bacteria;p__Bacteroidetes;c__Bacteroidia;o__Bacteroidales;f__Prevotellaceae;g__Prevotella;s__Prevotella_copri	k__Bacteria;p__Bacteroidetes;c__Bacteroidia;o__Bacteroidales;f__Bacteroidaceae;g__Bacteroides;s__Bacteroides_stercoris	k__Bacteria;p__Bacteroidetes;c__Bacteroidia;o__Bacteroidales;f__Bacteroidaceae;g__Bacteroides;s__Bacteroides_ovatus	k__Bacteria;p__Bacteroidetes;c__Bacteroidia;o__Bacteroidales;f__Rikenellaceae;g__Alistipes;s__Alistipes_shahii	k__Bacteria;p__Firmicutes;c__Clostridia;o__Clostridiales;f__Ruminococcaceae;g__Faecalibacterium;s__Faecalibacterium_prausnitzii	k__Bacteria;p__Bacteroidetes;c__Bacteroidia;o__Bacteroidales;f__Rikenellaceae;g__Alistipes;s__Alistipes_finegoldii	k__Bacteria;p__Bacteroidetes;c__Bacteroidia;o__Bacteroidales;f__Porphyromonadaceae;g__Parabacteroides;s__Parabacteroides_distasonis	k__Bacteria;p__Bacteroidetes;c__Bacteroidia;o__Bacteroidales;f__Bacteroidaceae;g__Bacteroides;s__Bacteroides_thetaiotaomicron	k__Bacteria;p__Bacteroidetes;c__Bacteroidia;o__Bacteroidales;f__Bacteroidaceae;g__Bacteroides;s__Bacteroides_coprocola	k__Bacteria;p__Bacteroidetes;c__Bacteroidia;o__Bacteroidales;f__Bacteroidaceae;g__Bacteroides;s__Bacteroides_cellulosilyticus	k__Bacteria;p__Bacteroidetes;c__Bacteroidia;o__Bacteroidales;f__Rikenellaceae;g__Alistipes;s__Alistipes_obesi	k__Bacteria;p__Firmicutes;c__Clostridia;o__Clostridiales;f__Lachnospiraceae;g__;s__[Eubacterium]_rectale	k__Bacteria;p__Bacteroidetes;c__Bacteroidia;o__Bacteroidales;f__Bacteroidaceae;g__Bacteroides;s__Bacteroides_plebeius	k__Bacteria;p__Bacteroidetes;c__Bacteroidia;o__Bacteroidales;f__Bacteroidaceae;g__Bacteroides;s__Bacteroides_fragilis	k__Bacteria;p__Proteobacteria;c__Betaproteobacteria;o__Burkholderiales;f__Sutterellaceae;g__Sutterella;s__Sutterella_wadsworthensis	k__Bacteria;p__Bacteroidetes;c__Bacteroidia;o__Bacteroidales;f__Porphyromonadaceae;g__Barnesiella;s__Barnesiella_intestinihominis	k__Bacteria;p__Bacteroidetes;c__Bacteroidia;o__Bacteroidales;f__Odoribacteraceae;g__Odoribacter;s__Odoribacter_splanchnicus	k__Bacteria;p__Bacteroidetes;c__Bacteroidia;o__Bacteroidales;f__Bacteroidaceae;g__Bacteroides;s__Bacteroides_salyersiae	k__Bacteria;p__Firmicutes;c__Clostridia;o__Clostridiales;f__Ruminococcaceae;g__Ruminiclostridium;s__[Eubacterium]_siraeum	k__Bacteria;p__Proteobacteria;c__Betaproteobacteria;o__Burkholderiales;f__Sutterellaceae;g__Parasutterella;s__Parasutterella_excrementihominis	k__Bacteria;p__Actinobacteria;c__Actinobacteria;o__Bifidobacteriales;f__Bifidobacteriaceae;g__Bifidobacterium;s__Bifidobacterium_adolescentis	k__Bacteria;p__Firmicutes;c__Clostridia;o__Clostridiales;f__Oscillospiraceae;g__Oscillibacter;s__Oscillibacter_sp._KLE_1745	k__Bacteria;p__Bacteroidetes;c__Bacteroidia;o__Bacteroidales;f__Bacteroidaceae;g__Bacteroides;s__Bacteroides_coprophilus	k__Bacteria;p__Firmicutes;c__Clostridia;o__Clostridiales;f__Lachnospiraceae;g__Roseburia;s__Roseburia_intestinalis	k__Bacteria;p__Firmicutes;c__Clostridia;o__Clostridiales;f__Lachnospiraceae;g__Roseburia;s__Roseburia_hominis	k__Bacteria;p__Bacteroidetes;c__Bacteroidia;o__Bacteroidales;f__Porphyromonadaceae;g__Parabacteroides;s__Parabacteroides_johnsonii	k__Bacteria;p__Actinobacteria;c__Actinobacteria;o__Bifidobacteriales;f__Bifidobacteriaceae;g__Bifidobacterium;s__Bifidobacterium_longum	k__Bacteria;p__Firmicutes;c__Clostridia;o__Clostridiales;f__;g__Flavonifractor;s__Flavonifractor_plautii	k__Bacteria;p__Firmicutes;c__Clostridia;o__Clostridiales;f__Clostridiaceae;g__Clostridium;s__Clostridium_phoceensis	k__Bacteria;p__Verrucomicrobia;c__Verrucomicrobiae;o__Verrucomicrobiales;f__Akkermansiaceae;g__Akkermansia;s__Akkermansia_muciniphila	k__Bacteria;p__Bacteroidetes;c__Bacteroidia;o__Bacteroidales;f__Prevotellaceae;g__Paraprevotella;s__Paraprevotella_xylaniphila	k__Bacteria;p__Firmicutes;c__Clostridia;o__Clostridiales;f__Ruminococcaceae;g__Ruminococcus;s__Ruminococcus_callidus	k__Bacteria;p__Bacteroidetes;c__Bacteroidia;o__Bacteroidales;f__Rikenellaceae;g__Alistipes;s__Alistipes_senegalensis	k__Bacteria;p__Firmicutes;c__Clostridia;o__Clostridiales;f__Lachnospiraceae;g__Blautia;s__Blautia_sp._KLE_1732	k__Bacteria;p__Bacteroidetes;c__Bacteroidia;o__Bacteroidales;f__Bacteroidaceae;g__Bacteroides;s__Bacteroides_oleiciplenus	k__Bacteria;p__Firmicutes;c__Clostridia;o__Clostridiales;f__Ruminococcaceae;g__Ruminococcus;s__Ruminococcus_bicirculans	k__Bacteria;p__Bacteroidetes;c__Bacteroidia;o__Bacteroidales;f__Bacteroidaceae;g__Bacteroides;s__Bacteroides_fluxus	k__Bacteria;p__Bacteroidetes;c__Bacteroidia;o__Bacteroidales;f__Prevotellaceae;g__Prevotella;s__Prevotella_stercorea	k__Bacteria;p__Firmicutes;c__Clostridia;o__Clostridiales;f__Lachnospiraceae;g__Dorea;s__Dorea_longicatena	k__Bacteria;p__Firmicutes;c__Clostridia;o__Clostridiales;f__Eubacteriaceae;g__Eubacterium;s__[Eubacterium]_eligens	k__Bacteria;p__Firmicutes;c__Clostridia;o__Clostridiales;f__Ruminococcaceae;g__;s__Ruminococcaceae_bacterium_D16	k__Bacteria;p__Firmicutes;c__Clostridia;o__Clostridiales;f__Lachnospiraceae;g__Coprococcus;s__Coprococcus_comes	k__Bacteria;p__Proteobacteria;c__Gammaproteobacteria;o__Enterobacterales;f__Enterobacteriaceae;g__Escherichia;s__Escherichia_coli	k__Bacteria;p__Firmicutes;c__Clostridia;o__Clostridiales;f__Ruminococcaceae;g__Anaerotruncus;s__Anaerotruncus_colihominis	k__Bacteria;p__Firmicutes;c__Clostridia;o__Clostridiales;f__Lachnospiraceae;g__Blautia;s__Blautia_obeum	k__Bacteria;p__Bacteroidetes;c__Bacteroidia;o__Bacteroidales;f__Odoribacteraceae;g__Odoribacter;s__Odoribacter_laneus	k__Bacteria;p__Firmicutes;c__Clostridia;o__Clostridiales;f__Ruminococcaceae;g__Ruminiclostridium;s__[Clostridium]_leptum	k__Bacteria;p__Bacteroidetes;c__Bacteroidia;o__Bacteroidales;f__Porphyromonadaceae;g__Parabacteroides;s__Parabacteroides_goldsteinii	k__Bacteria;p__Firmicutes;c__Clostridia;o__Clostridiales;f__Lachnospiraceae;g__Anaerostipes;s__Anaerostipes_hadrus	k__Bacteria;p__Firmicutes;c__Clostridia;o__Clostridiales;f__Ruminococcaceae;g__Ruminococcus;s__Ruminococcus_lactaris	k__Bacteria;p__Firmicutes;c__Clostridia;o__Clostridiales;f__Clostridiaceae;g__Clostridium;s__Clostridium_sp._L2-50	k__Bacteria;p__Firmicutes;c__Clostridia;o__Clostridiales;f__Clostridiaceae;g__Clostridium;s__Clostridium_sp._M62/1	k__Bacteria;p__Firmicutes;c__Clostridia;o__Clostridiales;f__;g__Intestinimonas;s__Intestinimonas_butyriciproducens	k__Bacteria;p__Actinobacteria;c__Actinobacteria;o__Bifidobacteriales;f__Bifidobacteriaceae;g__Bifidobacterium;s__Bifidobacterium_bifidum	k__Bacteria;p__Firmicutes;c__Negativicutes;o__Veillonellales;f__Veillonellaceae;g__Dialister;s__Dialister_invisus	k__Bacteria;p__Bacteroidetes;c__Bacteroidia;o__Bacteroidales;f__Bacteroidaceae;g__Bacteroides;s__Bacteroides_salanitronis
k__Bacteria;p__Bacteroidetes;c__Bacteroidia;o__Bacteroidales;f__Bacteroidaceae;g__Bacteroides;s__Bacteroides_vulgatus	1.0	0.0292099569164	-0.064810521973	-0.0625509608152	-0.0787606820626	-0.00982407211915	-0.0275169323818	-0.0870390748096	-0.00413049098811	0.0594686463529	-0.0817180473921	-0.0102297056169	0.0683760245289	0.0689407360137	-0.0169341552817	-0.0136188503817	0.0124212260206	0.0242025902564	0.0423879800668	0.00399963807137	0.0720607598611	0.00854274898319	-0.0866724311119	-0.0376252445552	-0.0908374153426	-0.00132185543715	-0.0246004097181	0.0206263006196	0.0314514833651	-0.0604144506793	0.0368953003989	-0.0319125788995	-0.0190583806719	-0.0126198019861	-0.0219131955846	-0.0269956772607	-0.00344533089557	0.0309850300869	-0.0464844464622	0.000253124306018	-0.0361280271718	-0.000477109359291	0.0629988863028	-0.0668656745576	0.0307664967098	0.013529162465	-0.0286610262071	-0.0607189975139	-0.0136508267456	-0.0446367020187	0.0560392956344	-0.0032661612225	-0.000571454295911	0.0593532808015	0.0718892260239	0.00122032232042	0.012888523977	0.0187235334869	0.0199027881385
k__Bacteria;p__Bacteroidetes;c__Bacteroidia;o__Bacteroidales;f__Bacteroidaceae;g__Bacteroides;s__Bacteroides_uniformis	0.0292099569164	1.0	-0.0716806344159	-0.058221519348	0.0569410109581	-0.0133358861352	-0.0859656140328	-0.00368453836046	-0.0118137203391	0.107895636095	0.071943066327	-0.0451684492254	-0.00427872074959	-0.0191727053532	-0.0214120933965	0.0262974491534	0.0173814226288	-0.0485859231182	0.0288913090585	-0.030859443198	-0.0178678488409	0.0366883299335	0.0415832798364	0.0250348795459	-0.0533718153347	-0.0428627226347	-0.0154514110841	0.00219935435808	0.0161354840252	-0.0951788755794	-0.0478654610696	-0.00470848654261	0.00902794392298	-0.0118702803879	-0.00496335390788	0.0101160791992	0.039870663818	-0.0298893900145	-0.0546443921397	0.0568761046173	-0.0695402263296	-0.0162187438412	-0.00488994620985	0.00863572223347	0.00189112324262	0.0152907057515	-0.0233169579531	-0.026601784889	-0.0117660580146	-0.043563403313	-0.0321422230221	-0.112789217523	-0.0236342703696	-0.0212611053769	0.0368219627459	-0.0387841972961	0.0324310741725	0.0181438356504	0.0429868802165
k__Bacteria;p__Bacteroidetes;c__Bacteroidia;o__Bacteroidales;f__Rikenellaceae;g__Alistipes;s__Alistipes_putredinis	-0.064810521973	-0.0716806344159	1.0	-0.0357136703876	-0.0482931304921	-0.0339283155559	-0.0822954097883	0.0411990016603	-0.0432541608593	-0.0496377488589	-0.027739366912	-0.0365033884221	0.0322021476297	-0.0270512676747	-0.00733376192323	-0.00802599104489	0.0112110689598	-0.0686613075732	-0.0264312169443	-0.0131447975032	-0.00637923150614	0.0173044890569	-0.0356200043725	-0.0487725803878	0.0333751531722	-0.00437211709963	-0.0219424653623	-0.0864834426365	-0.0483562786915	0.00147987113166	0.0269565021282	-0.0167580337737	-0.0345704844769	0.0374029550237	-0.0027499679112	0.0624759016313	-0.00133929543049	0.0490391516179	-0.0236505019334	0.0337543149238	0.00504517562096	0.0483396306423	0.00436321088373	-0.0074665725353	-0.019034253631	0.00831752307065	-0.0492792602202	0.0531599543827	0.0146731733417	0.0283464204194	-0.0288385755611	0.0355399777492	0.0335242000265	0.0266025993865	0.0446548110799	-0.0598558152243	0.000807440769248	-0.0151634209163	0.00271390196983
k__Bacteria;p__Bacteroidetes;c__Bacteroidia;o__Bacteroidales;f__Prevotellaceae;g__Prevotella;s__Prevotella_copri	-0.0625509608152	-0.058221519348	-0.0357136703876	1.0	-0.0144994406344	-0.0173757316143	0.0231733067514	0.0222708609374	-0.000802061218349	-0.0491266803829	-0.0298754985076	0.0786952128536	-0.0628316570226	0.075961274307	-0.0426912875134	0.0153363944425	0.00302689719978	-0.0887716237311	-0.0609918576741	-0.00875595181802	0.0271886382303	-0.0183802200774	-0.0367272668031	-0.0369699204377	-0.0225341203895	0.0123309192492	-0.0241960582886	0.0706881298248	-0.00576337948878	0.0254216385151	-0.0230168648544	-0.0366846009993	0.0304778481336	-0.0104450665332	-0.0955451293539	-0.0148461886553	0.0165268061274	0.00438854592426	8.72016743427e-05	0.0260349245391	0.0260725416268	-0.0311899103961	0.0212092421642	-0.0415759205619	-0.00121853486144	-0.0597506806669	-0.0621014025258	0.0849802886131	0.04114549156	-0.0853662200506	-0.0218306854222	-0.00347160690514	0.0425291339697	-0.021350884322	-0.0341217515405	0.0442039101002	-0.0298133105842	-0.0269041876067	-0.0780403929157
k__Bacteria;p__Bacteroidetes;c__Bacteroidia;o__Bacteroidales;f__Bacteroidaceae;g__Bacteroides;s__Bacteroides_stercoris	-0.0787606820626	0.0569410109581	-0.0482931304921	-0.0144994406344	1.0	-0.0276008787184	0.044427221644	0.0344081658822	0.0146032698622	-0.0347020998153	0.00330009337921	0.040635959824	0.024877747498	-0.0039429211354	-0.00914161670196	-0.0386332551536	-0.00709573163461	-0.00647154393402	0.0481125545493	0.02133564936	0.027448692365	-0.0522272743216	-0.0163252608335	-0.0780935881005	-0.0535205555378	-0.0390422181291	-0.0348193193469	-0.0743802891616	-0.0461065196862	-0.0448018709277	0.0392549107375	-0.00188453135156	0.0330316273099	-0.00837528792214	-0.00619866860464	-0.0175607054846	-0.0134659701347	-0.0120162534069	0.0475192636971	-0.0388890355645	0.0122448868179	0.0108729951505	-0.015921497199	0.00080590849692	-0.00477568858864	-0.0140733171323	-0.00490790667375	-0.0834596901811	0.0342289311843	-0.0282996713721	0.0406066752073	0.0775543919886	0.0523016431427	-0.0419534324825	-0.0268272900162	0.0647134532029	-0.02279923645	-0.0353169051985	-0.0077274942461
k__Bacteria;p__Bacteroidetes;c__Bacteroidia;o__Bacteroidales;f__Bacteroidaceae;g__Bacteroides;s__Bacteroides_ovatus	-0.00982407211915	-0.0133358861352	-0.0339283155559	-0.0173757316143	-0.0276008787184	1.0	0.0107876851666	0.00390541157331	0.00445209975614	0.0127969113117	0.0612728619271	0.0232618006634	0.0294607457033	0.00610862413533	-0.0407303830544	-0.0123243419078	0.0337843123821	-0.0591653608721	-0.0614513688312	-0.0376899270686	-0.0472645473011	0.0249950979811	0.0361794441168	0.0181515029942	0.000131482124875	0.0254988222673	-0.0879786048307	0.0423346111492	-0.0320945412311	-0.0672810736525	-0.021882385621	-0.0283148876074	-0.0331354240698	-0.0609855985526	0.0102083897039	-0.0326821534909	-0.00397116579111	0.0213528290571	-0.0389073340512	-0.0391436433969	0.0548601712526	-0.0195762236527	0.0401290102374	0.0298351714698	-0.0588376079529	-0.043592643735	-0.0307114351957	-0.0102066565437	-0.0702656227458	-0.0371168573473	0.036258609178	-0.0496151997437	-0.0133648034934	-0.000898134858355	0.00248078471869	-0.000556036023921	0.0258619263975	0.0124004221505	-0.0117079810191
k__Bacteria;p__Bacteroidetes;c__Bacteroidia;o__Bacteroidales;f__Rikenellaceae;g__Alistipes;s__Alistipes_shahii	-0.0275169323818	-0.0859656140328	-0.0822954097883	0.0231733067514	0.044427221644	0.0107876851666	1.0	-0.04511610996	0.000658257216457	0.0354369992302	-0.0183083505598	-0.00747080184318	0.0525171673718	-0.00589310472247	-0.0708011121945	0.0450542568099	0.0315480774951	-0.0596591217115	-0.0193895064879	-0.0144329821081	0.0791265972249	-0.061129739507	-0.00742682781034	0.053053602287	-0.104715542065	-0.00171661609383	0.00483452605036	0.0233766183573	0.0224526815185	0.0431885543599	-0.0276880094304	0.00508688217547	-0.0121154807418	0.00536887193128	0.0292159834343	0.0395944818945	-0.0331037068474	-0.0420664665556	-0.0749764912591	-0.0201751105327	-0.0464066311385	-0.0354953073892	0.00675998576434	-0.0618830285194	0.0414231474512	0.00393206063245	0.0201691285368	-0.0296498419444	-0.00382915688762	-0.0511129004833	0.0930915115995	0.0386393740477	0.00786311595878	0.032936093058	0.000541823762818	-0.0775121675871	0.0223598643044	-0.000530366233781	-0.0123756376215
k__Bacteria;p__Firmicutes;c__Clostridia;o__Clostridiales;f__Ruminococcaceae;g__Faecalibacterium;s__Faecalibacterium_prausnitzii	-0.0870390748096	-0.00368453836046	0.0411990016603	0.0222708609374	0.0344081658822	0.00390541157331	-0.04511610996	1.0	0.0330100118612	-0.120052757306	0.017617787676	0.0041810500048	0.0320029318376	0.00693174150768	0.00931630918169	-0.0438168384427	-0.00295293666846	0.0475926147044	-0.0207660912122	0.0569250554643	0.00974010842062	-0.0309827501618	-0.0783191665111	0.0204827254777	-0.0473465963426	0.00849487272095	-0.0331412616784	-0.0407111697509	0.0150743829128	-0.00288925699456	-0.0354781317208	0.0279674055354	0.0418595502612	-0.00704266754431	-0.0154087970169	-0.0181198416607	-0.0893517063333	-0.0360570235363	-0.0325027192721	-0.0197383685156	0.00503972832558	-0.0319984811128	0.0142970659087	0.0207053284313	-0.0751290959719	0.0149155939611	-0.00695830858022	-0.0599190130214	0.0149416502153	-0.0382248928359	-0.0362161838632	0.0261665918116	-0.0198095853073	-0.0609185458866	-0.00745849026481	0.0361414033487	-0.00890883749935	-0.00626060667848	-0.0336442271188
k__Bacteria;p__Bacteroidetes;c__Bacteroidia;o__Bacteroidales;f__Rikenellaceae;g__Alistipes;s__Alistipes_finegoldii	-0.0041304909881	-0.0118137203391	-0.0432541608593	-0.000802061218349	0.0146032698622	0.00445209975614	0.000658257216457	0.0330100118612	1.0	-0.0293559401132	-0.0330387563307	-0.036270513726	-0.00791405157933	0.00817431607975	0.00527434481256	0.027624442094	-0.0790180216368	-0.00712059751755	-0.0223081165992	0.0105023188296	0.0136952046085	-0.0105741821986	-0.0363778515373	0.0348089525345	0.0179802453961	-0.00423193990716	-0.035903331445	0.0613427893237	-0.0422398773681	0.0460422094124	-0.00992893015511	-0.032680804859	-0.0169076813801	-0.0115433770681	-0.0661440987139	-0.0755826549463	-0.0601466671663	0.0146955325779	0.00172462573375	-0.0300858141896	-0.00352198841312	-0.0388232175698	-0.011201815971	0.0346641007005	-0.0158411948846	-0.0603901281381	0.0477553553797	-0.0254527417171	0.00294699694686	-0.0428473895488	-0.0200718911737	0.0238498138214	-0.00965167365039	-0.00654813469359	0.0182502868156	-0.0420083279949	-0.00882666958615	0.0213242859492	0.00597270066896
k__Bacteria;p__Bacteroidetes;c__Bacteroidia;o__Bacteroidales;f__Porphyromonadaceae;g__Parabacteroides;s__Parabacteroides_distasonis	0.0594686463529	0.107895636095	-0.0496377488589	-0.0491266803829	-0.0347020998153	0.0127969113117	0.0354369992302	-0.120052757306	-0.0293559401132	1.0	0.0246078166338	-0.0204846288604	-0.0564674001287	-0.0191274147337	0.00383121074951	-0.0115310747433	0.0231507720331	-0.0158028733685	-0.0828656476151	-0.071386036825	0.020410005787	-0.0343225959664	-0.00400577857554	0.0195856699066	-0.0247032357182	0.00969960753658	-0.0172866588031	0.0248446684686	0.0471109982964	-0.0185277975617	-0.00299672265098	-0.038643031975	-0.0274447070863	0.00639221319829	0.0537952485284	-0.0132767601185	0.0999645077807	0.0279602096628	0.0134275047631	-0.0383338021809	-0.0278961820602	0.00580076398752	-0.045353520393	-0.0471442096616	0.0289218233657	-0.0345424425589	0.0542685395415	0.00419642349752	0.00849693042849	0.0283335884913	-0.0303064124598	-0.0125495102046	0.0579201155822	-0.0400619975876	0.00359319923003	-0.0809504746382	0.0476642547805	0.0450558578672	0.0339037643095
k__Bacteria;p__Bacteroidetes;c__Bacteroidia;o__Bacteroidales;f__Bacteroidaceae;g__Bacteroides;s__Bacteroides_thetaiotaomicron	-0.0817180473921	0.071943066327	-0.027739366912	-0.0298754985076	0.00330009337921	0.0612728619271	-0.0183083505598	0.017617787676	-0.0330387563307	0.0246078166338	1.0	0.0123867961816	0.0184793916521	0.0505441645051	0.0197192273279	0.0575340094897	0.00855935453255	-0.0153773892272	-0.00341973926301	-0.0603652148478	-0.0530878129886	-0.00147588977096	0.0194877805097	-0.0725872004843	-0.0196572554846	-0.0676951455084	0.00792535381823	-0.0585872075972	-0.0745983420864	0.029881331504	-0.093301248975	-0.0344123051505	0.00378213213279	-0.0428400646531	-0.0126925112817	-0.0499159072792	-0.0304857724845	-0.0562213197413	-0.0353388476733	-0.0337001665364	-0.00366311914582	-0.0196906008518	-0.0162501301876	-0.00524634579747	-0.0197496562575	0.0553277042601	0.0390402986451	0.0737256273423	0.0367031698156	0.0143909550415	0.0383867728095	-0.0207967317873	-0.0645308608443	-0.0309397832769	0.00944871139051	0.0178646023012	0.00265379106928	-0.0290918756347	-0.00834824453137
k__Bacteria;p__Bacteroidetes;c__Bacteroidia;o__Bacteroidales;f__Bacteroidaceae;g__Bacteroides;s__Bacteroides_coprocola	-0.0102297056169	-0.0451684492254	-0.0365033884221	0.0786952128536	0.040635959824	0.0232618006634	-0.00747080184318	0.0041810500048	-0.036270513726	-0.0204846288604	0.0123867961816	1.0	-0.0935398195564	-0.00654403859787	-0.012240147405	0.0127261701746	-0.0127197498127	-0.0141716539184	-0.0319068032641	-0.0739593298759	-0.0903159470415	0.0202483005138	0.0101665973149	-0.00785002790551	-0.0417399130505	-0.0642850043532	0.0537210795509	-0.0329381552404	0.0184033896428	0.0330710721643	0.0803176996523	-0.00882699342124	-0.0362278800303	-0.0670151730142	-0.0103423869359	0.0164274046929	-0.0246405176795	-0.0145468095027	-0.0487540908129	0.0323480113001	0.0686858123811	-0.0297067197355	0.0406333857087	0.0216582682937	-0.00306343420024	-0.0198877274583	-0.0818990587617	-0.000472185133154	-0.0239943877544	-0.0636603147029	-0.0735892105449	-0.0287830070231	0.0352021116097	-0.0507465219281	-0.0280837215086	0.0201794939661	-0.0343521169224	0.00179073790466	-0.0613135397822
k__Bacteria;p__Bacteroidetes;c__Bacteroidia;o__Bacteroidales;f__Bacteroidaceae;g__Bacteroides;s__Bacteroides_cellulosilyticus	0.0683760245289	-0.00427872074959	0.0322021476297	-0.0628316570226	0.024877747498	0.0294607457033	0.0525171673718	0.0320029318376	-0.00791405157933	-0.0564674001287	0.0184793916521	-0.0935398195564	1.0	-0.0142577225713	0.012062761903	0.0211827055197	-0.0118268721314	-0.0803099290387	0.0343268859085	0.0431612840847	0.0182599685558	-0.0453397339936	0.0244535945093	-0.0182567882865	-0.0245349158953	0.00855218360084	-0.000129189823449	0.0430098631203	-0.0330967771573	0.0171973445665	-0.0406422749546	0.00844267255099	-0.0130011998934	-0.00173169739276	-0.0176461419191	-0.0191179329779	0.0362955610626	0.0568348473591	-0.102653341517	-0.0198683804964	0.0514507153032	-0.0148208768383	-0.0816506823787	-0.0646191207229	0.00320389983051	0.00590962891169	-0.0655629505223	-0.0450455263354	0.0314395925793	-0.0237337460458	0.0965927330268	0.0337090102278	-0.0116781849388	-0.0565449727482	0.0261965717036	-0.0324596935364	-0.00723413409363	0.0188840806222	-0.00179023490567
k__Bacteria;p__Bacteroidetes;c__Bacteroidia;o__Bacteroidales;f__Rikenellaceae;g__Alistipes;s__Alistipes_obesi	0.0689407360137	-0.0191727053532	-0.0270512676747	0.075961274307	-0.0039429211354	0.00610862413533	-0.00589310472247	0.00693174150768	0.00817431607975	-0.0191274147337	0.0505441645051	-0.00654403859787	-0.0142577225713	1.0	-0.0495965239958	-0.0938668637359	-0.0229738140583	0.0503487247953	0.0268864337871	-0.0421094007803	-0.001518447545	-0.0313424598276	-0.0584528423516	-0.0873696730539	0.0598134184603	-0.0964707087466	-0.0316835131911	0.0307747747997	-0.0333382203574	0.0132582266112	0.0498915977704	-0.0363783200901	-0.0188024184973	0.044768154654	-0.040719697421	-0.0253041549359	0.0569703293638	-0.00129739303277	0.0143065129787	-0.054108116344	0.000515607863768	-0.0344688468727	-0.032018253597	-0.0544571059247	0.0498004024838	0.0484656091795	-0.0452148728858	-0.0411402629208	-0.0237046775548	0.0161569183142	0.0221665698863	-0.0487589869314	-0.00156136503866	-0.0442598392023	-0.0194234022706	0.0354470886117	-0.0670691385106	-0.0561783534119	0.000399900952685
k__Bacteria;p__Firmicutes;c__Clostridia;o__Clostridiales;f__Lachnospiraceae;g__;s__[Eubacterium]_rectale	-0.0169341552817	-0.0214120933965	-0.00733376192323	-0.0426912875134	-0.00914161670196	-0.0407303830544	-0.0708011121945	0.00931630918169	0.00527434481256	0.00383121074951	0.0197192273279	-0.012240147405	0.012062761903	-0.0495965239958	1.0	0.00231362165194	-0.00383303131035	-0.0528763747645	-0.0311098669597	0.0010838708104	-0.0258704236647	-0.00911830787743	-0.0226023611678	0.0309678308525	-0.07744133922	0.00767095231529	-0.0810712107138	0.0359263129011	-0.0368842046264	-0.0114915560293	0.00329420411816	0.00615961195889	-0.0377645649888	-0.0476030012834	0.01296032648	0.0303509247146	-0.099595211204	0.0159618893005	-0.0738388744353	-0.0536939797793	-0.0143264313669	0.0124442546648	-0.0259340046437	0.0630350612291	-0.0222092552695	-0.0022600438224	-0.0581154698792	0.0524610645945	-0.0556477519636	-0.00505986983427	-0.00114044631088	0.0407123775268	-0.0859562083251	0.038974941731	-0.0730065401028	-0.0259906579473	-0.00171892659624	-0.0521442198839	-0.0115721289333
k__Bacteria;p__Bacteroidetes;c__Bacteroidia;o__Bacteroidales;f__Bacteroidaceae;g__Bacteroides;s__Bacteroides_plebeius	-0.0136188503817	0.0262974491534	-0.00802599104489	0.0153363944425	-0.0386332551536	-0.0123243419078	0.0450542568099	-0.0438168384427	0.027624442094	-0.0115310747433	0.0575340094897	0.0127261701746	0.0211827055197	-0.0938668637359	0.00231362165194	1.0	-0.0294193764495	-0.0255597591352	-0.0585432622271	-0.0583146425087	-0.00717944784832	-0.0865724304066	-0.0242156123551	0.0325708582441	0.0162647195232	-0.0625691631936	0.00491495649515	0.0136323382498	-0.0297619192921	-0.0201778458476	-0.0230592456071	0.0108453998853	0.0148178296839	-0.027742868547	-0.0567899055524	0.0369571940478	0.0209399625556	-0.0233002321607	-0.0128346934993	0.0232549259989	-0.0803287832355	0.0138334044604	-0.107600442785	-0.00610467558789	0.020393738121	-0.0423233138131	0.0195355657129	0.00466906845472	-0.00139800123133	0.0171309533639	-0.0473740292798	0.0356240145315	-0.0385979389262	0.0231848834755	-0.0148045661779	0.0465254555539	-0.00750005480752	-0.0131005430417	0.0229052420037
k__Bacteria;p__Bacteroidetes;c__Bacteroidia;o__Bacteroidales;f__Bacteroidaceae;g__Bacteroides;s__Bacteroides_fragilis	0.0124212260206	0.0173814226288	0.0112110689598	0.00302689719978	-0.00709573163461	0.0337843123821	0.0315480774951	-0.00295293666846	-0.0790180216368	0.0231507720331	0.00855935453255	-0.0127197498127	-0.0118268721314	-0.0229738140583	-0.00383303131035	-0.0294193764495	1.0	-0.00338412620809	0.00416739427141	-0.000915336462963	-0.0271450988269	-0.0388184463538	0.0712531964218	-0.0141765749161	-0.0701736851119	0.00162407620598	-0.023154421662	-0.0104673001009	-0.0397916548774	-0.023846397671	-0.0355574672549	-0.0469902685427	-0.0123805291537	-0.114441608239	-0.0207153971721	-0.00124622990162	0.0465077554012	-0.0216920989119	0.00130382999011	0.0181334280174	0.00958980976691	-0.0113684253736	0.0222999010293	-0.0515847117481	0.00680183333716	-0.00987988299828	0.0112034992143	0.01098243317	0.0480758646943	-0.0288076127954	0.0292392977388	-0.0382001901266	0.0105912986352	-0.0146086301631	-0.053073777029	0.00401931711089	0.0153600726414	-0.0830607456426	-0.0103175560391
k__Bacteria;p__Proteobacteria;c__Betaproteobacteria;o__Burkholderiales;f__Sutterellaceae;g__Sutterella;s__Sutterella_wadsworthensis	0.0242025902564	-0.0485859231182	-0.0686613075732	-0.0887716237311	-0.00647154393402	-0.0591653608721	-0.0596591217115	0.0475926147044	-0.00712059751755	-0.0158028733685	-0.0153773892272	-0.0141716539184	-0.0803099290387	0.0503487247953	-0.0528763747645	-0.0255597591352	-0.00338412620809	1.0	0.00572616688846	-0.0234825387261	-0.0331951470228	-0.086211591806	-0.00094623347678	-0.031697840192	0.00793498586523	0.0180387812552	0.0430584995572	-0.0638323955835	0.0131626949163	-0.0442527253645	0.0233291282642	0.0425643305238	-0.0209056892399	0.0122243919708	-0.0403858951937	-0.0227949685268	0.0895889642997	0.0252991003237	0.055820045849	-0.0634998327594	-0.0564227126303	-0.02221202275	-0.019482988174	-0.0634344529153	-0.0319082222445	0.00184456255463	0.0307570426879	0.00634645726375	0.00765728895792	0.0192838157862	-0.0328826624977	-0.0979231437699	0.00324629077704	-0.0223407785828	0.00426973902939	-0.0391996069515	-0.0501973386743	-0.048272906321	0.0283547177769
k__Bacteria;p__Bacteroidetes;c__Bacteroidia;o__Bacteroidales;f__Porphyromonadaceae;g__Barnesiella;s__Barnesiella_intestinihominis	0.0423879800668	0.0288913090585	-0.0264312169443	-0.0609918576741	0.0481125545493	-0.0614513688312	-0.0193895064879	-0.0207660912122	-0.0223081165992	-0.0828656476151	-0.00341973926301	-0.0319068032641	0.0343268859085	0.0268864337871	-0.0311098669597	-0.0585432622271	0.00416739427141	0.00572616688846	1.0	0.0011113475884	-0.0837334251443	0.00576770171043	-0.00913008434891	0.0348597925314	0.011742400233	-0.014510121319	-0.00814110504744	-0.0250802949453	-0.0253030728903	0.0157445471449	0.00975408325282	0.00915420208928	0.05368113599	0.0102835941066	0.021946020497	-0.0268015513812	-0.0249298009229	-0.0097138092051	0.0457948842708	0.0144048020842	0.0352531500365	0.00360462004188	-0.0245589197021	-0.0123480624807	-0.0413591548862	0.0315601904769	0.0230987471906	-0.073978288128	-0.0284491829926	-0.0419399454456	0.0602148264974	-0.0430547839015	-0.0265586703453	-0.119148043857	-0.0590186353161	0.0310907053291	0.0570742586087	-0.024718915758	-0.070535595232
k__Bacteria;p__Bacteroidetes;c__Bacteroidia;o__Bacteroidales;f__Odoribacteraceae;g__Odoribacter;s__Odoribacter_splanchnicus	0.00399963807137	-0.030859443198	-0.0131447975032	-0.00875595181802	0.02133564936	-0.0376899270686	-0.0144329821081	0.0569250554643	0.0105023188296	-0.071386036825	-0.0603652148478	-0.0739593298759	0.0431612840847	-0.0421094007803	0.0010838708104	-0.0583146425087	-0.000915336462963	-0.0234825387261	0.0011113475884	1.0	-0.0268600100723	-0.0239517655899	0.0760135979688	0.0256971358837	-0.0142719986259	0.0382416558429	-0.0398843555984	-0.0799588297205	-0.020372332883	-0.0482381857113	-0.0169612919218	0.0168095915454	0.0467006733404	-0.0457713634479	-0.0733145495794	0.0223129650575	-0.00464314118106	0.0116010002393	-0.0353059795989	-0.0348689135807	-0.00771710981876	-0.00173578082957	-0.0118405655001	0.0193653075731	-0.0401638006895	0.0231093234089	0.0321327317862	-0.0368956452822	0.0574935550382	0.0611882170762	-0.0198326218442	0.0449816012293	-0.0559766554434	0.0482719393211	-0.031874385412	-0.0269054891776	-0.0339911426309	0.0420691389033	-0.0143440266331
k__Bacteria;p__Bacteroidetes;c__Bacteroidia;o__Bacteroidales;f__Bacteroidaceae;g__Bacteroides;s__Bacteroides_salyersiae	0.0720607598611	-0.0178678488409	-0.00637923150614	0.0271886382303	0.027448692365	-0.0472645473011	0.0791265972249	0.00974010842062	0.0136952046085	0.020410005787	-0.0530878129886	-0.0903159470415	0.0182599685558	-0.001518447545	-0.0258704236647	-0.00717944784832	-0.0271450988269	-0.0331951470228	-0.0837334251443	-0.0268600100723	1.0	-0.0477377688958	-0.080405802458	-0.0451384764029	-0.038289897638	0.0547817291092	-0.0437035652568	0.0690622223987	0.040879280809	-0.0273976259473	-0.022241421144	-0.0739730394055	0.00082028585832	-0.0237038697764	0.0452923059057	-0.00922732252938	-0.0240457706676	0.0379234485296	0.0196378555315	-0.0344929936786	-0.0125668671369	-0.0270518059113	-0.0352371170036	-0.0393002700045	0.0169293304735	-0.0368971302241	0.00445758436324	-0.0048172248917	-0.00985829209808	0.0320801444473	-0.0586426239524	-0.0038167560261	0.0177959634388	0.0353395384054	0.00023002795284	0.0301148506734	-0.0467616153571	-0.0270400992019	-0.0549749602638
k__Bacteria;p__Firmicutes;c__Clostridia;o__Clostridiales;f__Ruminococcaceae;g__Ruminiclostridium;s__[Eubacterium]_siraeum	0.00854274898319	0.0366883299335	0.0173044890569	-0.0183802200774	-0.0522272743216	0.0249950979811	-0.061129739507	-0.0309827501618	-0.0105741821986	-0.0343225959664	-0.00147588977096	0.0202483005138	-0.0453397339936	-0.0313424598276	-0.00911830787743	-0.0865724304066	-0.0388184463538	-0.086211591806	0.00576770171043	-0.0239517655899	-0.0477377688958	1.0	-0.0597479404714	-0.036607567185	0.0123803436934	0.00581617747516	-0.000926194622723	-0.00822122276055	-0.0513067089025	-0.0584294755566	-0.0166056033592	0.0107261895211	-0.0353287672448	0.0703224955304	-0.00462176092033	-0.0850534413341	-0.0242221221019	-0.0167231901886	0.00289846350634	0.0295950871566	0.00726795495235	-0.0110935336117	-0.0493120280881	-0.0245143163072	0.0121902988813	0.0484353022392	-0.013350395867	-0.0261791912567	-0.0531495731234	-0.0406468992175	0.00916125703065	0.0202959584749	-0.0626588676844	-0.0177221015995	0.00576077120646	0.0462569869292	0.0211367198008	0.0157137892572	-0.0144771655901
k__Bacteria;p__Proteobacteria;c__Betaproteobacteria;o__Burkholderiales;f__Sutterellaceae;g__Parasutterella;s__Parasutterella_excrementihominis	-0.0866724311119	0.0415832798364	-0.0356200043725	-0.0367272668031	-0.0163252608335	0.0361794441168	-0.00742682781034	-0.0783191665111	-0.0363778515373	-0.00400577857554	0.0194877805097	0.0101665973149	0.0244535945093	-0.0584528423516	-0.0226023611678	-0.0242156123551	0.0712531964218	-0.00094623347678	-0.00913008434891	0.0760135979688	-0.080405802458	-0.0597479404714	1.0	0.00392817513261	-0.00222073077489	-0.0277379634846	0.0320356359394	-0.000276675414497	-0.0187520271664	-0.029839633053	-0.00268648581116	0.0122151214815	0.0166445086879	0.00106897855949	-0.0444618789831	-0.00607579743763	-0.0108664960111	-0.0337015817512	-0.0286080342349	0.00434607241329	0.0178081175953	-0.022652348631	0.00745961150607	-0.0433194264962	-0.00887496262588	-0.0263962288252	-0.0282102278055	0.00200707799682	-0.016057625369	0.00358131892738	0.0432854709778	-0.0221624839937	-0.0286287926935	0.0387133190997	0.00716185200749	-0.0211506339561	-0.0602083334535	-0.0313498188866	-0.0456551773783
k__Bacteria;p__Actinobacteria;c__Actinobacteria;o__Bifidobacteriales;f__Bifidobacteriaceae;g__Bifidobacterium;s__Bifidobacterium_adolescentis	-0.0376252445552	0.0250348795459	-0.0487725803878	-0.0369699204377	-0.0780935881005	0.0181515029942	0.053053602287	0.0204827254777	0.0348089525345	0.0195856699066	-0.0725872004843	-0.00785002790551	-0.0182567882865	-0.0873696730539	0.0309678308525	0.0325708582441	-0.0141765749161	-0.031697840192	0.0348597925314	0.0256971358837	-0.0451384764029	-0.036607567185	0.00392817513261	1.0	-0.0347326037682	-0.00173277229365	-0.0141021776594	0.0199780662623	-0.0496369158522	-0.0102960968914	0.0031807539863	-0.00824197016914	-0.00519140098792	-0.0245746412664	0.0258159972778	-0.00399460835593	0.0446698718777	0.0159870593076	-0.042424807634	0.0136698452311	0.012930355992	-0.0385881641649	-0.0602018465523	-0.0358102941094	0.0289467117942	-0.0264091268544	-0.0345425292962	-0.037366932251	-0.040062516576	-0.0489345133546	0.0230549409114	-0.0132278987829	0.0257557620892	-0.0184294440392	0.0378371173642	-0.00589237693342	0.00950392204974	-0.0373234256825	-0.0315491670716
k__Bacteria;p__Firmicutes;c__Clostridia;o__Clostridiales;f__Oscillospiraceae;g__Oscillibacter;s__Oscillibacter_sp._KLE_1745	-0.0908374153426	-0.0533718153347	0.0333751531722	-0.0225341203895	-0.0535205555378	0.000131482124875	-0.104715542065	-0.0473465963426	0.0179802453961	-0.0247032357182	-0.0196572554846	-0.0417399130505	-0.0245349158953	0.0598134184603	-0.07744133922	0.0162647195232	-0.0701736851119	0.00793498586523	0.011742400233	-0.0142719986259	-0.038289897638	0.0123803436934	-0.00222073077489	-0.0347326037682	1.0	0.0250750792304	-0.00371758488522	0.00311553601184	-0.00131557887763	-0.0484461821099	0.0173784158331	0.0022872524315	-0.0482776016745	0.0269309705803	-0.0221375774655	-0.0186417775837	0.0213232415184	-0.0200327287593	0.0213634230027	-0.0180413589432	-0.01577438602	-0.0185989079977	-0.0480827465115	-0.0151355882946	-0.0396055592296	0.0428903033389	0.0281370200604	0.00859294714376	-0.0934953416782	0.0226871114847	-0.0468431227427	0.0371263249496	-0.00379729779991	0.0572415017294	0.00336633994677	0.0478828484876	-0.035208847916	0.020459893056	-0.0949724284153
k__Bacteria;p__Bacteroidetes;c__Bacteroidia;o__Bacteroidales;f__Bacteroidaceae;g__Bacteroides;s__Bacteroides_coprophilus	-0.00132185543715	-0.0428627226347	-0.00437211709963	0.0123309192492	-0.0390422181291	0.0254988222673	-0.00171661609383	0.00849487272095	-0.00423193990716	0.00969960753658	-0.0676951455084	-0.0642850043532	0.00855218360084	-0.0964707087466	0.00767095231529	-0.0625691631936	0.00162407620598	0.0180387812552	-0.014510121319	0.0382416558429	0.0547817291092	0.00581617747516	-0.0277379634846	-0.00173277229365	0.0250750792304	1.0	-0.00884191362372	0.0156697084631	0.00591733731687	-0.0609955766739	0.0430269995168	-0.00212095111513	-0.00746369798037	0.0213262238513	-0.0246270666946	0.0202779801981	-0.0325650929136	-0.012619988536	-0.0620432240586	-0.0514463816644	0.00824946799331	0.00668624181282	0.0118028576866	-0.0348748956754	-0.00692303097908	0.00771580968681	-0.063789907718	0.075735637373	-0.00169726707642	0.00514700247641	0.0107571711417	-0.0619232803028	-0.00393870100995	-0.00264372552242	-0.0028856505044	-0.0596650140944	0.0253329531976	-0.0608697238356	-0.0300427142438
k__Bacteria;p__Firmicutes;c__Clostridia;o__Clostridiales;f__Lachnospiraceae;g__Roseburia;s__Roseburia_intestinalis	-0.0246004097181	-0.0154514110841	-0.0219424653623	-0.0241960582886	-0.0348193193469	-0.0879786048307	0.00483452605036	-0.0331412616784	-0.035903331445	-0.0172866588031	0.00792535381823	0.0537210795509	-0.000129189823449	-0.0316835131911	-0.0810712107138	0.00491495649515	-0.023154421662	0.0430584995572	-0.00814110504744	-0.0398843555984	-0.0437035652568	-0.000926194622723	0.0320356359394	-0.0141021776594	-0.00371758488522	-0.00884191362372	1.0	0.00741057781762	-0.00682583967974	0.00265094083785	0.0122885752752	-0.0369589005523	-0.073861717755	0.0180024613288	0.00739906129422	-0.0261726058542	-0.00528857587404	-0.00396871415007	0.0215018687565	0.021562625063	-0.00774602799365	-0.000379695010185	0.00205301111117	-0.00753757801756	-0.0136539244607	-0.00656331654454	0.00941160242417	-0.0824020285112	0.017982677403	-0.0227213814721	0.0243096302388	-0.0221050574783	-0.0319735407724	-0.0374163097101	-0.0181367220202	0.0359208369844	0.0320078123125	-0.0220612857748	0.0203518885629
k__Bacteria;p__Firmicutes;c__Clostridia;o__Clostridiales;f__Lachnospiraceae;g__Roseburia;s__Roseburia_hominis	0.0206263006196	0.00219935435808	-0.0864834426365	0.0706881298248	-0.0743802891616	0.0423346111492	0.0233766183573	-0.0407111697509	0.0613427893237	0.0248446684686	-0.0585872075972	-0.0329381552404	0.0430098631203	0.0307747747997	0.0359263129011	0.0136323382498	-0.0104673001009	-0.0638323955835	-0.0250802949453	-0.0799588297205	0.0690622223987	-0.00822122276055	-0.000276675414497	0.0199780662623	0.00311553601184	0.0156697084631	0.00741057781762	1.0	0.016983608772	0.00665243427329	-0.0829607533146	-0.0262088668942	0.00872262013365	-0.0272763598376	-0.0308356094079	0.0506639770364	0.0166311397716	-0.0535548072914	0.0199122689896	-0.0240978278514	-0.0399690010615	0.0449803394747	0.0501773588728	-0.0335184180172	0.0703638529265	-0.0488021580351	-0.0389500935847	0.0304366837759	-0.0177173631387	-0.00726508444711	-0.0604224984185	0.00087578294666	-0.00140727001227	-0.0495315515446	-0.0412473973677	0.0012208960262	0.0142433810987	-0.0271759211483	0.00669159640087
k__Bacteria;p__Bacteroidetes;c__Bacteroidia;o__Bacteroidales;f__Porphyromonadaceae;g__Parabacteroides;s__Parabacteroides_johnsonii	0.0314514833651	0.0161354840252	-0.0483562786915	-0.00576337948878	-0.0461065196862	-0.0320945412311	0.0224526815185	0.0150743829128	-0.0422398773681	0.0471109982964	-0.0745983420864	0.0184033896428	-0.0330967771573	-0.0333382203574	-0.0368842046264	-0.0297619192921	-0.0397916548774	0.0131626949163	-0.0253030728903	-0.020372332883	0.040879280809	-0.0513067089025	-0.0187520271664	-0.0496369158522	-0.00131557887763	0.00591733731687	-0.00682583967974	0.016983608772	1.0	0.00304309131665	-0.0188067418902	-0.00989678118688	0.0327760869682	0.0288035345301	-0.0158547847624	0.0341931222759	-0.0644434654201	-0.0220101533764	0.00583585712833	0.00410864781335	-0.00819988501486	-0.005397917636	0.0461775410482	-0.0749444375552	-0.0402167520656	-0.028263814543	-0.0336546721355	-0.00165235869326	0.0333308176484	0.0111277919961	0.0344572706624	0.000950948597009	-0.0182755451345	-0.0240828050244	0.00363354400625	-0.0561033161405	0.0122266304878	0.0224559194641	0.0202006992354
k__Bacteria;p__Actinobacteria;c__Actinobacteria;o__Bifidobacteriales;f__Bifidobacteriaceae;g__Bifidobacterium;s__Bifidobacterium_longum	-0.0604144506793	-0.0951788755794	0.00147987113166	0.0254216385151	-0.0448018709277	-0.0672810736525	0.0431885543599	-0.00288925699456	0.0460422094124	-0.0185277975617	0.029881331504	0.0330710721643	0.0171973445665	0.0132582266112	-0.0114915560293	-0.0201778458476	-0.023846397671	-0.0442527253645	0.0157445471449	-0.0482381857113	-0.0273976259473	-0.0584294755566	-0.029839633053	-0.0102960968914	-0.0484461821099	-0.0609955766739	0.00265094083785	0.00665243427329	0.00304309131665	1.0	-0.0199288400504	-0.0378433469208	0.0158599581876	0.0348525166836	0.000506483747507	0.0514216604842	-0.0558681660614	0.000977361625152	0.00204280477849	-0.0461941403216	-0.00506768935632	0.016914285406	-0.0109144895092	-0.00702453550655	-0.0211859059312	-0.0655982845646	-0.0125299032674	0.0303547808276	-0.0190025873917	-0.00520431794893	-0.0587815773458	0.0302154155629	0.0313590888427	0.0123997669062	0.00110302753164	-0.0426420798631	0.00522344671931	0.00177459965594	-0.0442053929131
