#taxonomy	k__Bacteria;p__Bacteroidetes;c__Bacteroidia;o__Bacteroidales;f__Bacteroidaceae;g__Bacteroides;s__Bacteroides_vulgatus	k__Bacteria;p__Bacteroidetes;c__Bacteroidia;o__Bacteroidales;f__Bacteroidaceae;g__Bacteroides;s__Bacteroides_uniformis	k__Bacteria;p__Bacteroidetes;c__Bacteroidia;o__Bacteroidales;f__Rikenellaceae;g__Alistipes;s__Alistipes_putredinis	k__Bacteria;p__Bacteroidetes;c__Bacteroidia;o__Bacteroidales;f__Prevotellaceae;g__Prevotella;s__Prevotella_copri	k__Bacteria;p__Bacteroidetes;c__Bacteroidia;o__Bacteroidales;f__Bacteroidaceae;g__Bacteroides;s__Bacteroides_stercoris	k__Bacteria;p__Bacteroidetes;c__Bacteroidia;o__Bacteroidales;f__Bacteroidaceae;g__Bacteroides;s__Bacteroides_ovatus	k__Bacteria;p__Bacteroidetes;c__Bacteroidia;o__Bacteroidales;f__Rikenellaceae;g__Alistipes;s__Alistipes_shahii	k__Bacteria;p__Firmicutes;c__Clostridia;o__Clostridiales;f__Ruminococcaceae;g__Faecalibacterium;s__Faecalibacterium_prausnitzii	k__Bacteria;p__Bacteroidetes;c__Bacteroidia;o__Bacteroidales;f__Rikenellaceae;g__Alistipes;s__Alistipes_finegoldii	k__Bacteria;p__Bacteroidetes;c__Bacteroidia;o__Bacteroidales;f__Porphyromonadaceae;g__Parabacteroides;s__Parabacteroides_distasonis	k__Bacteria;p__Bacteroidetes;c__Bacteroidia;o__Bacteroidales;f__Bacteroidaceae;g__Bacteroides;s__Bacteroides_thetaiotaomicron	k__Bacteria;p__Bacteroidetes;c__Bacteroidia;o__Bacteroidales;f__Bacteroidaceae;g__Bacteroides;s__Bacteroides_coprocola	k__Bacteria;p__Bacteroidetes;c__Bacteroidia;o__Bacteroidales;f__Bacteroidaceae;g__Bacteroides;s__Bacteroides_cellulosilyticus	k__Bacteria;p__Bacteroidetes;c__Bacteroidia;o__Bacteroidales;f__Rikenellaceae;g__Alistipes;s__Alistipes_obesi	k__Bacteria;p__Firmicutes;c__Clostridia;o__Clostridiales;f__Lachnospiraceae;g__;s__[Eubacterium]_rectale	k__Bacteria;p__Bacteroidetes;c__Bacteroidia;o__Bacteroidales;f__Bacteroidaceae;g__Bacteroides;s__Bacteroides_plebeius	k__Bacteria;p__Bacteroidetes;c__Bacteroidia;o__Bacteroidales;f__Bacteroidaceae;g__Bacteroides;s__Bacteroides_fragilis	k__Bacteria;p__Proteobacteria;c__Betaproteobacteria;o__Burkholderiales;f__Sutterellaceae;g__Sutterella;s__Sutterella_wadsworthensis	k__Bacteria;p__Bacteroidetes;c__Bacteroidia;o__Bacteroidales;f__Porphyromonadaceae;g__Barnesiella;s__Barnesiella_intestinihominis	k__Bacteria;p__Bacteroidetes;c__Bacteroidia;o__Bacteroidales;f__Odoribacteraceae;g__Odoribacter;s__Odoribacter_splanchnicus	k__Bacteria;p__Bacteroidetes;c__Bacteroidia;o__Bacteroidales;f__Bacteroidaceae;g__Bacteroides;s__Bacteroides_salyersiae	k__Bacteria;p__Firmicutes;c__Clostridia;o__Clostridiales;f__Ruminococcaceae;g__Ruminiclostridium;s__[Eubacterium]_siraeum	k__Bacteria;p__Proteobacteria;c__Betaproteobacteria;o__Burkholderiales;f__Sutterellaceae;g__Parasutterella;s__Parasutterella_excrementihominis	k__Bacteria;p__Actinobacteria;c__Actinobacteria;o__Bifidobacteriales;f__Bifidobacteriaceae;g__Bifidobacterium;s__Bifidobacterium_adolescentis	k__Bacteria;p__Firmicutes;c__Clostridia;o__Clostridiales;f__Oscillospiraceae;g__Oscillibacter;s__Oscillibacter_sp._KLE_1745	k__Bacteria;p__Bacteroidetes;c__Bacteroidia;o__Bacteroidales;f__Bacteroidaceae;g__Bacteroides;s__Bacteroides_coprophilus	k__Bacteria;p__Firmicutes;c__Clostridia;o__Clostridiales;f__Lachnospiraceae;g__Roseburia;s__Roseburia_intestinalis	k__Bacteria;p__Firmicutes;c__Clostridia;o__Clostridiales;f__Lachnospiraceae;g__Roseburia;s__Roseburia_hominis	k__Bacteria;p__Bacteroidetes;c__Bacteroidia;o__Bacteroidales;f__Porphyromonadaceae;g__Parabacteroides;s__Parabacteroides_johnsonii	k__Bacteria;p__Actinobacteria;c__Actinobacteria;o__Bifidobacteriales;f__Bifidobacteriaceae;g__Bifidobacterium;s__Bifidobacterium_longum	k__Bacteria;p__Firmicutes;c__Clostridia;o__Clostridiales;f__;g__Flavonifractor;s__Flavonifractor_plautii	k__Bacteria;p__Firmicutes;c__Clostridia;o__Clostridiales;f__Clostridiaceae;g__Clostridium;s__Clostridium_phoceensis	k__Bacteria;p__Verrucomicrobia;c__Verrucomicrobiae;o__Verrucomicrobiales;f__Akkermansiaceae;g__Akkermansia;s__Akkermansia_muciniphila	k__Bacteria;p__Bacteroidetes;c__Bacteroidia;o__Bacteroidales;f__Prevotellaceae;g__Paraprevotella;s__Paraprevotella_xylaniphila	k__Bacteria;p__Firmicutes;c__Clostridia;o__Clostridiales;f__Ruminococcaceae;g__Ruminococcus;s__Ruminococcus_callidus	k__Bacteria;p__Bacteroidetes;c__Bacteroidia;o__Bacteroidales;f__Rikenellaceae;g__Alistipes;s__Alistipes_senegalensis	k__Bacteria;p__Firmicutes;c__Clostridia;o__Clostridiales;f__Lachnospiraceae;g__Blautia;s__Blautia_sp._KLE_1732	k__Bacteria;p__Bacteroidetes;c__Bacteroidia;o__Bacteroidales;f__Bacteroidaceae;g__Bacteroides;s__Bacteroides_oleiciplenus	k__Bacteria;p__Firmicutes;c__Clostridia;o__Clostridiales;f__Ruminococcaceae;g__Ruminococcus;s__Ruminococcus_bicirculans	k__Bacteria;p__Bacteroidetes;c__Bacteroidia;o__Bacteroidales;f__Bacteroidaceae;g__Bacteroides;s__Bacteroides_fluxus	k__Bacteria;p__Bacteroidetes;c__Bacteroidia;o__Bacteroidales;f__Prevotellaceae;g__Prevotella;s__Prevotella_stercorea	k__Bacteria;p__Firmicutes;c__Clostridia;o__Clostridiales;f__Lachnospiraceae;g__Dorea;s__Dorea_longicatena	k__Bacteria;p__Firmicutes;c__Clostridia;o__Clostridiales;f__Eubacteriaceae;g__Eubacterium;s__[Eubacterium]_eligens	k__Bacteria;p__Firmicutes;c__Clostridia;o__Clostridiales;f__Ruminococcaceae;g__;s__Ruminococcaceae_bacterium_D16	k__Bacteria;p__Firmicutes;c__Clostridia;o__Clostridiales;f__Lachnospiraceae;g__Coprococcus;s__Coprococcus_comes	k__Bacteria;p__Proteobacteria;c__Gammaproteobacteria;o__Enterobacterales;f__Enterobacteriaceae;g__Escherichia;s__Escherichia_coli	k__Bacteria;p__Firmicutes;c__Clostridia;o__Clostridiales;f__Ruminococcaceae;g__Anaerotruncus;s__Anaerotruncus_colihominis	k__Bacteria;p__Firmicutes;c__Clostridia;o__Clostridiales;f__Lachnospiraceae;g__Blautia;s__Blautia_obeum	k__Bacteria;p__Bacteroidetes;c__Bacteroidia;o__Bacteroidales;f__Odoribacteraceae;g__Odoribacter;s__Odoribacter_laneus	k__Bacteria;p__Firmicutes;c__Clostridia;o__Clostridiales;f__Ruminococcaceae;g__Ruminiclostridium;s__[Clostridium]_leptum	k__Bacteria;p__Bacteroidetes;c__Bacteroidia;o__Bacteroidales;f__Porphyromonadaceae;g__Parabacteroides;s__Parabacteroides_goldsteinii	k__Bacteria;p__Firmicutes;c__Clostridia;o__Clostridiales;f__Lachnospiraceae;g__Anaerostipes;s__Anaerostipes_hadrus	k__Bacteria;p__Firmicutes;c__Clostridia;o__Clostridiales;f__Ruminococcaceae;g__Ruminococcus;s__Ruminococcus_lactaris	k__Bacteria;p__Firmicutes;c__Clostridia;o__Clostridiales;f__Clostridiaceae;g__Clostridium;s__Clostridium_sp._L2-50	k__Bacteria;p__Firmicutes;c__Clostridia;o__Clostridiales;f__Clostridiaceae;g__Clostridium;s__Clostridium_sp._M62/1	k__Bacteria;p__Firmicutes;c__Clostridia;o__Clostridiales;f__;g__Intestinimonas;s__Intestinimonas_butyriciproducens	k__Bacteria;p__Actinobacteria;c__Actinobacteria;o__Bifidobacteriales;f__Bifidobacteriaceae;g__Bifidobacterium;s__Bifidobacterium_bifidum	k__Bacteria;p__Firmicutes;c__Negativicutes;o__Veillonellales;f__Veillonellaceae;g__Dialister;s__Dialister_invisus	k__Bacteria;p__Bacteroidetes;c__Bacteroidia;o__Bacteroidales;f__Bacteroidaceae;g__Bacteroides;s__Bacteroides_salanitronis
k__Bacteria;p__Bacteroidetes;c__Bacteroidia;o__Bacteroidales;f__Bacteroidaceae;g__Bacteroides;s__Bacteroides_vulgatus	1.0	0.0328868494414	0.0649336049397	0.0476412129122	0.0426077277758	-0.0623787895294	-0.050702403995	-0.0659347745452	0.0224004905541	0.0152333416541	0.0591303519056	-0.0701839559179	-0.0771325176064	-0.00482884597326	-0.0594312488648	-0.0521709074897	0.0207980369501	-0.085192989427	-0.0158930035403	0.00602631724821	0.0117073086805	-0.0132857378367	-0.0463888411971	-0.0100242636206	-0.0393002670013	0.0244238426706	-0.0257574044232	-0.00914404660913	0.0549929345887	0.0451794399038	-0.0096357565465	-0.0162393119856	-0.00847095743245	-0.0751981190798	0.0236473312127	0.0648931516388	-0.0311827756243	-0.0317959031089	-0.0449763738092	0.045171802411	-0.0545145236308	0.0542041448767	-0.0604001322882	0.00866682659142	-0.032455695436	0.010036440149	0.0247516884531	-0.0329925934764	0.0268184865201	0.0103215489519	-0.0458234938039	-0.0294390322692	0.00642072837687	-0.062472189456	-0.0395496075266	-0.062263785638	0.00539043379428	-0.000406268416434	-0.0441530505879
k__Bacteria;p__Bacteroidetes;c__Bacteroidia;o__Bacteroidales;f__Bacteroidaceae;g__Bacteroides;s__Bacteroides_uniformis	0.0328868494414	1.0	-0.0787012240808	0.0463597417447	0.0125087567472	-0.0110137216389	-0.0183965638654	0.0820611231322	0.092297426506	0.0638175280583	0.00295990332083	-0.0596245405854	-0.0613034990767	0.0474294615572	0.0120356798867	0.00339347965072	-0.0268015685372	0.0546524365499	-0.0191341185792	-0.0189628380677	0.00437467043972	-0.0595510593836	0.00482561852375	-0.0176704671256	-0.0078066408531	0.0815294132708	0.0576308344608	-0.0237249321705	-0.044603591466	-0.0388454062846	-0.0388422090442	0.0221353537039	-0.00836698407611	-0.0185067709602	0.023522229041	-0.0296335488026	0.0197741510332	0.0326158622967	-0.0864976862556	0.00719602025919	-0.0810140894707	-0.0786464261753	-0.0385391917646	-0.0329082574026	0.0463681118675	-0.0346686464704	0.052275623275	0.0165983766811	0.0184267414991	0.00191797941406	0.00852882250375	-0.0627326251919	-0.0123083803632	-0.0319796743555	-0.0516850716506	-0.037012155704	-0.0290463744902	-0.0389085455382	-0.0307600997963
k__Bacteria;p__Bacteroidetes;c__Bacteroidia;o__Bacteroidales;f__Rikenellaceae;g__Alistipes;s__Alistipes_putredinis	0.0649336049397	-0.0787012240808	1.0	-0.0754177033653	-0.0453742843426	-0.00112189748943	-0.0200715383242	-0.0223405783367	0.00631197778914	-0.0652003854057	-0.00622723041177	-0.0330488408442	-0.0129861899137	0.062749759382	0.0538530477763	-0.000874814927518	0.00859739885749	0.0320732768335	0.0164667179287	0.0463722542402	-0.0476762456335	0.00634482736558	0.0702528735296	-0.0671604320508	0.00827956499602	-0.0820707436667	0.0113131146293	-0.0045181526147	0.0412137110083	-0.0659086008004	0.00371696180676	-0.00741170855897	-0.0118238844597	-0.0505168600093	-0.0449518297965	-0.00756141013126	0.014023796828	-0.0438869881303	-0.0137509713498	-0.054574246109	0.00519418286183	0.0109989528227	0.0562499487338	-0.0486365638309	0.0574680162081	0.0169085578845	0.0111079139269	0.00196175151499	-0.0676131407285	0.000437265134147	0.00121189709165	-0.006511671994	0.0447491250825	-0.0601683301312	-0.0502715054467	-0.100361006776	0.0109677965589	0.0113257996116	0.0206519094366
k__Bacteria;p__Bacteroidetes;c__Bacteroidia;o__Bacteroidales;f__Prevotellaceae;g__Prevotella;s__Prevotella_copri	0.0476412129122	0.0463597417447	-0.0754177033653	1.0	-0.0476506085276	-0.0227539494798	-0.115887774339	0.0490276069627	-0.0723525834939	-0.0597534247093	-0.0239039767437	-0.0382702561635	-0.0336255479436	-0.0924531958016	0.0262002016123	0.0238933105625	0.0794213980577	0.0677635333229	0.0485175011559	-0.0115302019048	0.0352950793306	-0.000154224623031	-0.0170081927543	0.0110022001528	-0.00136758601357	0.0288415234607	-0.0196866009537	0.0163119596786	0.0444575133851	0.0108613297027	-0.0456852279846	-0.0894954859021	-0.0366916365284	-0.0199412348486	-0.0158424718028	-0.00743818822918	-0.0136175939744	-0.00325898011523	-0.0102745968852	0.00342286685008	-0.00467008765517	-0.0160017990478	-0.0128255282622	0.0208587993471	0.0750606760251	0.00799530219181	-0.0751307700916	0.0341311674115	0.00078921554472	0.0247218689417	0.0344372907436	-0.0776684432255	0.00459649232177	0.00866300618762	-0.0246043344307	-0.0376673140733	-0.0327941518923	-0.00850678154247	-0.0297927772583
k__Bacteria;p__Bacteroidetes;c__Bacteroidia;o__Bacteroidales;f__Bacteroidaceae;g__Bacteroides;s__Bacteroides_stercoris	0.0426077277758	0.0125087567472	-0.0453742843426	-0.0476506085276	1.0	0.0176555034665	0.00823609520556	-0.0755552914155	-0.0911800447824	0.0676645242272	0.0377503400607	-0.0410412438066	0.0318126966308	0.00352510780887	-0.0330225846353	-0.0169512743412	0.0200390984994	-0.0432138074792	-0.00463345644117	-0.0200604419863	-0.0213016556716	-0.0381194091079	-0.018511489553	0.0423769585594	-0.0161957981584	0.0211723508709	0.013274672597	0.00458936958619	-0.0644023882899	0.0681088064408	-0.0240655507079	-0.00209799446922	-0.0754393554314	0.0295984096089	0.0435381705717	-0.0371846063158	0.0342530847982	0.00407330884016	-0.0715762828159	-0.0430150952527	0.0681563329223	-0.0674943987694	-0.0818326093445	-0.0173825834885	-0.0063747851516	0.0860037716877	-0.0937087605747	-0.0716389363273	-0.0560666992159	0.0353080360481	-0.00573467476108	-0.0211862814146	0.0382356051664	-0.0114093419985	-0.0279323176133	-0.0343991878287	0.0131942926206	-0.0328426632867	0.0346958234288
k__Bacteria;p__Bacteroidetes;c__Bacteroidia;o__Bacteroidales;f__Bacteroidaceae;g__Bacteroides;s__Bacteroides_ovatus	-0.0623787895294	-0.0110137216389	-0.00112189748943	-0.0227539494798	0.0176555034665	1.0	0.0188713869011	0.0202968450924	0.00956368018227	-0.0761148752841	-0.0223803388336	0.0237631853796	-0.0307184967099	-0.0424389995537	-0.0559106473122	-0.133306447106	-0.0387011137621	0.011041282758	-0.0179232832614	-0.0239868742265	-0.0149628568962	-0.0292340078355	0.0225948314242	-0.0350342741715	-0.0839515657856	-0.0324100568591	-0.0317086440112	0.0380860975474	-0.0154951254697	0.0194730851995	0.0743495879979	0.0163352995819	-0.00539997044351	-0.0121496334247	0.00591613639776	0.0173377795286	-0.0583561494162	0.0143915423146	-0.00996460936374	0.0226506552024	-0.0158501568403	0.0758080114907	0.00770133924142	0.0191631864188	-0.0211343616749	0.0120972555323	-0.0110620120198	-0.0239582387194	0.0275952591728	0.0264687147751	-0.0138304617733	-0.0447014746225	-0.00392853182536	-0.0117191021138	-0.0120306182356	-0.0407540232756	0.0378024698325	-0.0935980044423	-0.0420301443419
k__Bacteria;p__Bacteroidetes;c__Bacteroidia;o__Bacteroidales;f__Rikenellaceae;g__Alistipes;s__Alistipes_shahii	-0.050702403995	-0.0183965638654	-0.0200715383242	-0.115887774339	0.00823609520556	0.0188713869011	1.0	-0.0201919224392	-0.0320484602151	-0.0105367070519	-0.0330338570684	-0.02409829003	-0.0416077872328	0.0207605686212	-0.0151089045589	0.0443108340284	0.0314455489703	0.028983365474	0.0315032407164	-0.0363135253919	-0.0384291437265	0.0345644729712	-0.0855535746062	0.0334414863302	0.0735890894122	-0.0246786619428	0.0184492013933	-0.0431538748868	-0.0239075703307	-0.030880141751	0.0542348327456	-0.0120394811779	-0.0388935100559	-0.062166598888	0.0328373408301	0.0364068851693	0.0121695729719	-0.00136784402112	-0.0195240841345	-0.042452784994	0.0221706911749	-0.0285099889312	-0.00112850875882	0.0255118299073	0.00501852840039	-0.0518876395275	-0.102826494903	0.0381250276291	0.0578057748232	-0.0667605796477	-0.0715934426959	-0.0642989983575	-0.014840999723	-0.0669878027358	0.0624807789643	0.0103225528996	0.0623787754833	-0.0235692828433	-0.0246202770507
k__Bacteria;p__Firmicutes;c__Clostridia;o__Clostridiales;f__Ruminococcaceae;g__Faecalibacterium;s__Faecalibacterium_prausnitzii	-0.0659347745452	0.0820611231322	-0.0223405783367	0.0490276069627	-0.0755552914155	0.0202968450924	-0.0201919224392	1.0	-0.0517239076683	0.0124696129047	0.0465282082122	0.0834789931321	0.0101765586709	-0.0293397174793	-0.101265833696	0.000718230504872	-0.00781370840619	-0.0313747583213	0.0276815260658	0.0249375830742	-0.0010877526431	-0.0491252053196	0.0809603744094	0.0190828102617	-0.0117755616587	-0.042733971382	-0.0138081493927	-0.0433322718799	0.042636585457	0.02602149057	-0.078475457172	-0.00242950294179	-0.074741604506	-0.0139400863035	-0.00640901068351	-0.0624536468323	0.0102689931797	-0.00482463163003	-0.0573186895293	-0.086526268517	-0.0129384374181	0.0379967624588	-0.085173996859	0.00874792380599	-0.0224374806429	-0.0366239147003	0.0183548314766	0.0239178838285	-0.00681660268546	-0.0225865546203	-0.00357754080181	-0.0386628969066	0.00252831555089	0.00913166034373	0.0318579503168	0.00430466660312	-0.0160083653232	-0.0536526017929	-0.0168885338949
k__Bacteria;p__Bacteroidetes;c__Bacteroidia;o__Bacteroidales;f__Rikenellaceae;g__Alistipes;s__Alistipes_finegoldii	0.0224004905541	0.092297426506	0.00631197778914	-0.0723525834939	-0.0911800447824	0.00956368018227	-0.0320484602151	-0.0517239076683	1.0	-0.00104886875228	0.0188024177842	-0.0761409498482	-0.0375799470075	-0.00676215747719	-0.0226282524147	-0.0230882469398	0.0747260439645	-0.0460789253786	-0.0214496096501	0.0169550813896	-0.0597377052129	0.0146422210527	0.0134196955847	-0.00740979843906	0.0950603713642	-0.00493317284656	-0.0372909270885	0.0375929892633	-0.0578191099012	-0.0129188871069	0.0191005486883	0.0403725836498	-0.0368254020273	0.00679973238746	-0.0572371597489	-0.00874107447389	0.0420070319781	0.00437044459981	0.00182550897853	-0.0867241061251	0.0427948892869	-0.00718499027408	-0.0598152401038	-0.0290659202441	-0.0844373480424	-0.00405222848593	-0.0367231845456	-0.102629176796	-0.0368010874908	0.0441544356205	0.0159425521577	0.0292294427028	0.0494256497413	-0.0173796950048	-0.0243615187094	0.0905597164293	-0.00611247785949	-0.0095309012544	0.00185841496599
k__Bacteria;p__Bacteroidetes;c__Bacteroidia;o__Bacteroidales;f__Porphyromonadaceae;g__Parabacteroides;s__Parabacteroides_distasonis	0.0152333416541	0.0638175280583	-0.0652003854057	-0.0597534247093	0.0676645242272	-0.0761148752841	-0.0105367070519	0.0124696129047	-0.00104886875228	1.0	0.0345453281803	-0.0228085105905	0.013951849275	0.0117129829881	-0.0161812071934	0.00645982336105	-0.0149203619503	0.061210627166	-0.0487423524776	0.0217500141475	-0.0238485382208	0.00666490423458	-0.0660970445299	-0.0207348969161	0.0232776387207	-0.0163911781807	-0.0539329941673	-0.0206222156208	0.00974616448394	0.0126222923591	-0.101423499481	-0.0166577297021	0.0220868813495	0.0144683902705	-0.0781675694438	-0.00978581408569	0.0344792702054	-0.0247406583401	-0.0599452831333	-0.102763332799	-0.0329040530766	-0.0154303946832	-0.0627087465452	0.00136327867177	0.0166858140749	-0.00142866849404	-0.0751906175975	0.0144651141948	-0.0201311851271	0.0118213259923	-0.058225494366	0.00703148594506	-0.00360938277627	-0.000137668872161	-0.00273144226016	-0.00999507784285	0.0172888363801	-0.0444132990391	-0.0288353088862
k__Bacteria;p__Bacteroidetes;c__Bacteroidia;o__Bacteroidales;f__Bacteroidaceae;g__Bacteroides;s__Bacteroides_thetaiotaomicron	0.0591303519056	0.00295990332083	-0.00622723041177	-0.0239039767437	0.0377503400607	-0.0223803388336	-0.0330338570684	0.0465282082122	0.0188024177842	0.0345453281803	1.0	0.0518992057528	0.0428227121182	-0.0176760409874	-0.0479537805199	0.00220907370452	0.0291230657249	-0.0701474688601	-0.086277723886	0.00788287613226	0.00849894740714	-0.0608008081154	0.075776978997	-0.0121762742522	0.0298173357934	-0.0482301206578	0.00376274969912	0.0163180085825	-0.0441653681342	-0.0447009043812	-0.0275463040011	-0.0341603590486	0.0440465319676	-0.041328018591	0.0209963463843	-0.0168230371492	0.0309569452226	-0.0467652661408	-0.0245432292308	-0.0847061394176	-0.0633777312392	-0.0236196568771	0.00755624610274	0.0437980875555	-0.0463853518016	-0.0396006328011	-0.0275724380721	-0.0488529991181	-0.0498547199475	0.0332625702536	-0.0264990912612	-0.0145273428568	0.0602972211408	-0.0569666608553	-0.0381077088047	0.0179208794857	0.0550284859635	-0.0156615120416	0.0345674856524
k__Bacteria;p__Bacteroidetes;c__Bacteroidia;o__Bacteroidales;f__Bacteroidaceae;g__Bacteroides;s__Bacteroides_coprocola	-0.0701839559179	-0.0596245405854	-0.0330488408442	-0.0382702561635	-0.0410412438066	0.0237631853796	-0.02409829003	0.0834789931321	-0.0761409498482	-0.0228085105905	0.0518992057528	1.0	0.0126905664382	0.0247446055665	-0.0398843599554	-0.0357151452333	-0.0274728759399	-0.0580963618148	-0.065477633772	0.0269621614773	0.0397426084685	-0.00381601198074	-0.0201205198132	-0.0165066065737	0.0737391376815	-0.0177300520266	0.0478221962254	0.0660459850527	-0.0264358133934	0.0476835412136	-0.110759652989	0.0125259121226	0.0167380510262	0.0102886143422	-0.0334580385583	-0.00459524772518	0.04382639908	0.0029226905877	-0.0802175402796	-0.0773517552848	-0.0581835381588	0.0066091306905	0.018393892783	-0.0255104993952	0.0256923464304	-0.0222651243888	0.00551934009001	0.0304474651243	-0.0307511381153	0.00130673363593	-0.0296784657662	-0.0812630029053	-0.0305268214155	0.0473520109722	-0.0616211162988	-0.0238678254013	0.0202676617112	0.014842570439	-0.0780781645965
k__Bacteria;p__Bacteroidetes;c__Bacteroidia;o__Bacteroidales;f__Bacteroidaceae;g__Bacteroides;s__Bacteroides_cellulosilyticus	-0.0771325176064	-0.0613034990767	-0.0129861899137	-0.0336255479436	0.0318126966308	-0.0307184967099	-0.0416077872328	0.0101765586709	-0.0375799470075	0.013951849275	0.0428227121182	0.0126905664382	1.0	0.000874250181447	0.0191512761476	-0.035177487076	0.0207855555043	-0.0332079352638	0.0371264369164	-0.0422717177555	0.00289565551344	0.0606922745292	0.0410889230191	-0.021071224199	-0.00717987120764	-0.0364663669532	-0.0276000696685	-0.0138647869157	0.104873643379	0.0566181997037	0.0184210400941	0.0934364650191	-0.0403600676556	-0.0283272162111	-0.036674805361	-0.0421273082998	0.00214454223685	-0.0658902524835	0.0637148383438	-0.0658638422103	-0.0465710025854	-0.000721962086515	-0.0611325098492	0.034425073531	0.0333783231483	0.0802672959376	0.0273038557003	-0.0545902676313	-0.0131941607067	-0.0151136498567	0.0221067107961	0.00613560328751	-0.0991226594975	-0.0414426423227	-0.0627198431102	-0.0453439135077	0.00933040514313	-0.0605509912714	-0.0726098236864
k__Bacteria;p__Bacteroidetes;c__Bacteroidia;o__Bacteroidales;f__Rikenellaceae;g__Alistipes;s__Alistipes_obesi	-0.00482884597326	0.0474294615572	0.062749759382	-0.0924531958016	0.00352510780887	-0.0424389995537	0.0207605686212	-0.0293397174793	-0.00676215747719	0.0117129829881	-0.0176760409874	0.0247446055665	0.000874250181447	1.0	0.000669254890624	-0.0283808297841	-0.0307141334463	-0.0335702613602	0.0289673021805	-0.00456791190758	-0.0291017538616	-0.0673907111945	-0.0445064823865	-0.053116076058	0.0162986556081	0.0394965720764	0.026312056481	-0.115045596107	0.02453168635	0.0468382348369	0.00583955323907	-0.00733780958812	-0.0270694127752	-0.0900080738824	0.0712488263814	-0.0592208368234	-0.0262996596702	0.0244394560833	0.0364948792743	0.0450975306329	-0.00750173419738	-0.0440048579767	0.0244430580443	0.0286999991707	-0.00485730063213	-0.0184321294758	-0.0363564142151	0.0168974388488	0.0363360749443	-0.00542407828287	0.00216818572132	0.0463632463754	0.0101125250184	-0.0514793202428	0.0146186741109	0.0402215129003	-0.0230057579002	-0.0734374121014	-0.023335483485
k__Bacteria;p__Firmicutes;c__Clostridia;o__Clostridiales;f__Lachnospiraceae;g__;s__[Eubacterium]_rectale	-0.0594312488648	0.0120356798867	0.0538530477763	0.0262002016123	-0.0330225846353	-0.0559106473122	-0.0151089045589	-0.101265833696	-0.0226282524147	-0.0161812071934	-0.0479537805199	-0.0398843599554	0.0191512761476	0.000669254890624	1.0	0.0367157946374	-0.0204006934478	-0.019018941779	0.0349012689196	-0.00584789067293	0.00869698052266	0.00807008540614	0.0453611547586	-0.0704175868259	-0.00484870717463	0.0484480895947	-0.0208804430651	-0.015516453492	0.00239161545647	-0.0541003476563	0.0147744981045	-0.0263049488197	0.00758737311003	0.0417334838943	-0.0407079674018	-0.0455512585262	0.106463064565	-0.0442569056879	-0.00280415299971	-0.0240059449691	-0.0180418789172	-0.0147434543199	-0.0111476074816	0.0728961951857	0.027621468362	-0.0993879665301	0.00123055694	0.0208186181829	-0.0505363715202	0.00523497009187	0.0174672574261	0.0325998856294	-0.0107392342203	0.00581599364696	0.00621684800195	-0.0307356463794	-0.0457270454001	0.0103121968512	-0.0641343341991
k__Bacteria;p__Bacteroidetes;c__Bacteroidia;o__Bacteroidales;f__Bacteroidaceae;g__Bacteroides;s__Bacteroides_plebeius	-0.0521709074897	0.00339347965072	-0.000874814927518	0.0238933105625	-0.0169512743412	-0.133306447106	0.0443108340284	0.000718230504872	-0.0230882469398	0.00645982336105	0.00220907370452	-0.0357151452333	-0.035177487076	-0.0283808297841	0.0367157946374	1.0	-0.0216791879077	-0.0550150188085	0.00719893187332	0.0881371434896	-0.0199595507915	-0.0617868221507	-0.079165064755	-0.0546003151212	0.0546083260181	0.0198827738963	0.0114927544729	-0.00422791396849	-0.0262350245064	-0.0715365835441	-0.00851210970077	-0.0473372024105	0.0204332406986	-0.0394167815988	-0.0206216411373	0.0752074175922	-0.0877774043155	-0.0446101562482	0.0741878412127	0.0318934347429	-0.080369197354	-0.0570665048554	0.0698556397836	-0.0111495594877	0.0307406107807	0.0541863215459	0.0930452575475	-0.000312998464791	0.0445869731877	-0.0664972886007	-0.0888792126397	-0.0149026292747	-0.0411209926277	0.0901960396679	0.0215592424939	-0.0593745123896	-0.0474283890147	0.00862664032842	-0.0457968999045
k__Bacteria;p__Bacteroidetes;c__Bacteroidia;o__Bacteroidales;f__Bacteroidaceae;g__Bacteroides;s__Bacteroides_fragilis	0.0207980369501	-0.0268015685372	0.00859739885749	0.0794213980577	0.0200390984994	-0.0387011137621	0.0314455489703	-0.00781370840619	0.0747260439645	-0.0149203619503	0.0291230657249	-0.0274728759399	0.0207855555043	-0.0307141334463	-0.0204006934478	-0.0216791879077	1.0	-0.062174647666	-0.002503473672	0.00442279826208	-0.0390729756318	-0.036205664156	0.0144766694537	-0.00422354350893	-0.00928519226227	-0.0708906304301	-0.126935862417	0.0262512731575	-0.0188385146508	-0.0594224736344	-0.0212238720842	-0.000528488583975	-0.00168041937679	-0.0218805387796	-0.011768180016	-0.0508123926637	-0.0247610118369	-0.0348757365879	0.00865895845098	0.00189346862339	-0.0363370522683	0.0320799218647	0.0220271773681	-0.0293940593834	-0.0673593869182	0.0519404703095	-0.00453051036043	-0.0242468019495	0.0197655506847	-0.0839544730797	-0.0372534071547	-0.0348808170859	0.0299009362997	0.0320018986335	0.0441186274699	-0.0222475981273	0.0607393855318	-0.0146437214233	0.0239068229216
k__Bacteria;p__Proteobacteria;c__Betaproteobacteria;o__Burkholderiales;f__Sutterellaceae;g__Sutterella;s__Sutterella_wadsworthensis	-0.085192989427	0.0546524365499	0.0320732768335	0.0677635333229	-0.0432138074792	0.011041282758	0.028983365474	-0.0313747583213	-0.0460789253786	0.061210627166	-0.0701474688601	-0.0580963618148	-0.0332079352638	-0.0335702613602	-0.019018941779	-0.0550150188085	-0.062174647666	1.0	-0.0225524628976	-0.0467092497373	-0.0327291552267	0.0156060435039	-0.00618418020179	0.0453362116187	0.0297591195534	-0.00906302338102	-0.0286214502089	0.0183480148549	-0.0457328696778	-0.0111263139578	-0.00902559738105	-7.26394026263e-05	0.0369130879196	-0.0017308107846	0.0875757623683	-0.0293427305645	-0.0353887385225	0.0500721913368	0.0168913109724	0.0606029223316	-0.0373969380101	-0.051361952537	0.00679708392762	-0.0656733148139	0.0214164429988	-0.0797030942915	-0.0313257764055	0.00458138305344	0.0161326391338	-0.0158889256293	-0.0264804334889	0.0655047832881	0.0297570372817	-0.0743714188273	0.0185923643735	-0.0437692642484	-0.04254740068	0.0240730731055	-0.00724319103844
k__Bacteria;p__Bacteroidetes;c__Bacteroidia;o__Bacteroidales;f__Porphyromonadaceae;g__Barnesiella;s__Barnesiella_intestinihominis	-0.0158930035403	-0.0191341185792	0.0164667179287	0.0485175011559	-0.00463345644117	-0.0179232832614	0.0315032407164	0.0276815260658	-0.0214496096501	-0.0487423524776	-0.086277723886	-0.065477633772	0.0371264369164	0.0289673021805	0.0349012689196	0.00719893187332	-0.002503473672	-0.0225524628976	1.0	0.05243917814	0.0183040005716	-0.0568276795317	-0.0488727125734	0.0434762171872	-1.9902977124e-05	-0.0687239538107	-0.0144184662631	-0.0630957702557	-0.0376987971661	0.0345976933183	0.0300108241932	-0.00126694021764	-0.104046455692	-0.0177431930782	0.0486645228771	0.0170812301543	0.00691074379658	-0.0406813510081	-0.0405816123036	0.0476282029525	-0.0158390938533	-0.0100072179229	-0.0629648746358	0.0374554256776	0.00250311490219	0.012167080968	-0.0849651384941	-0.0548277688332	0.0110069997297	-0.0286463303933	0.0403824805399	-0.0468172137376	-0.0152002183852	0.0392140832428	-0.0133247883113	0.015804141723	-0.0741322619437	-0.0347048278694	0.0720789240451
k__Bacteria;p__Bacteroidetes;c__Bacteroidia;o__Bacteroidales;f__Odoribacteraceae;g__Odoribacter;s__Odoribacter_splanchnicus	0.00602631724821	-0.0189628380677	0.0463722542402	-0.0115302019048	-0.0200604419863	-0.0239868742265	-0.0363135253919	0.0249375830742	0.0169550813896	0.0217500141475	0.00788287613226	0.0269621614773	-0.0422717177555	-0.00456791190758	-0.00584789067293	0.0881371434896	0.00442279826208	-0.0467092497373	0.05243917814	1.0	0.0156074309882	-0.0559586742406	0.0286855599828	-0.0460569941462	-0.031721294232	0.000759635542985	-0.0177127003625	-0.0731807940342	-0.0272775440714	-0.0344766065465	-0.00771933833662	-0.0659386413938	0.0263130838901	0.0197746227732	-0.0317536798409	-0.0251353920548	-0.0194987448231	-0.10968903595	0.0539279070717	-0.01246045802	-0.0615568782427	-0.00779465915086	-0.00707321197954	0.0706286136887	-0.0315444409688	-0.0197840669755	0.0178232753705	0.00562227096775	0.035159342359	-0.0703488204713	0.00310624675415	-0.0618225072194	-0.0529072372122	0.0766477057943	0.00240037296914	0.0400931839482	0.0194413274378	0.0492774947326	-0.00900119259773
k__Bacteria;p__Bacteroidetes;c__Bacteroidia;o__Bacteroidales;f__Bacteroidaceae;g__Bacteroides;s__Bacteroides_salyersiae	0.0117073086805	0.00437467043972	-0.0476762456335	0.0352950793306	-0.0213016556716	-0.0149628568962	-0.0384291437265	-0.0010877526431	-0.0597377052129	-0.0238485382208	0.00849894740714	0.0397426084685	0.00289565551344	-0.0291017538616	0.00869698052266	-0.0199595507915	-0.0390729756318	-0.0327291552267	0.0183040005716	0.0156074309882	1.0	-0.0179869751017	-0.0239265435066	0.00807322134571	-0.0171775951479	0.0360918756766	0.019993564266	-0.00255571224897	0.0366630356087	0.00920376364294	0.0113579177959	-0.00882020578249	0.00861691151243	-0.020484540411	0.0316530732903	-0.0135587070633	0.0408669991989	-0.00730449366806	-0.02041725546	-0.0121875329563	0.0100631645657	0.0187713224038	0.00363193759839	0.0107041387844	0.00124383357883	0.0123115778945	-0.0148400089185	-0.0160634074891	0.000893830206405	0.0701444921625	-0.0244915140608	0.0086455054923	0.0176425494868	-0.0652427876348	-0.00934808203841	0.00295134520186	0.00891103057359	-0.00558696051015	-0.0477569905656
k__Bacteria;p__Firmicutes;c__Clostridia;o__Clostridiales;f__Ruminococcaceae;g__Ruminiclostridium;s__[Eubacterium]_siraeum	-0.0132857378367	-0.0595510593836	0.00634482736558	-0.000154224623031	-0.0381194091079	-0.0292340078355	0.0345644729712	-0.0491252053196	0.0146422210527	0.00666490423458	-0.0608008081154	-0.00381601198074	0.0606922745292	-0.0673907111945	0.00807008540614	-0.0617868221507	-0.036205664156	0.0156060435039	-0.0568276795317	-0.0559586742406	-0.0179869751017	1.0	0.019462361136	-0.00199211994716	-0.00417027424329	-0.078368746094	0.0362762537714	0.00912212839779	0.0032708327812	-0.00547780857237	0.0342629854996	0.0283145347492	-0.0239840797086	-0.0338717256867	0.0331490000282	0.0227730557119	0.0147978514943	-0.076808813508	-0.0339699725959	-0.0904390373847	-0.0126749277431	-0.0817964624564	-0.0152869577801	-0.0251715875842	-0.00605473780871	-0.0512925945245	0.0273137946306	0.0532404116083	0.00743393414993	0.0659257494862	-0.0759606580466	-0.00983388990396	-0.00690569054228	0.0378936886413	-0.0535440563345	0.0115379796895	-0.048487965402	-0.0351388613277	-0.00379291767301
k__Bacteria;p__Proteobacteria;c__Betaproteobacteria;o__Burkholderiales;f__Sutterellaceae;g__Parasutterella;s__Parasutterella_excrementihominis	-0.0463888411971	0.00482561852375	0.0702528735296	-0.0170081927543	-0.018511489553	0.0225948314242	-0.0855535746062	0.0809603744094	0.0134196955847	-0.0660970445299	0.075776978997	-0.0201205198132	0.0410889230191	-0.0445064823865	0.0453611547586	-0.079165064755	0.0144766694537	-0.00618418020179	-0.0488727125734	0.0286855599828	-0.0239265435066	0.019462361136	1.0	0.028840999808	-0.0292722708049	0.0227188474333	0.0121706585939	0.0786028818285	0.0119769990204	0.074303331074	-0.038977425343	0.0272963862045	0.0291383635087	-0.0295458248674	-0.0845749192004	0.0341805414908	-0.012871732317	0.0057886126871	-0.0254598660533	-0.0251737282026	-0.0985804523631	-0.0340461845386	-0.0553247440202	0.0299358523149	0.072530345124	-0.0910052939644	0.0103325128225	-0.0208830434871	-0.00766760398573	-0.0197761945436	0.0034642756561	0.0421763782267	0.0164147639739	0.028983842405	-0.0308351044017	-0.0602674242829	-0.0687435261541	-0.00946691937018	0.0216123714038
k__Bacteria;p__Actinobacteria;c__Actinobacteria;o__Bifidobacteriales;f__Bifidobacteriaceae;g__Bifidobacterium;s__Bifidobacterium_adolescentis	-0.0100242636206	-0.0176704671256	-0.0671604320508	0.0110022001528	0.0423769585594	-0.0350342741715	0.0334414863302	0.0190828102617	-0.00740979843906	-0.0207348969161	-0.0121762742522	-0.0165066065737	-0.021071224199	-0.053116076058	-0.0704175868259	-0.0546003151212	-0.00422354350893	0.0453362116187	0.0434762171872	-0.0460569941462	0.00807322134571	-0.00199211994716	0.028840999808	1.0	0.0448700364898	0.0398110059466	-0.0255974521701	-0.00381365174451	0.00547542535614	0.0722379138082	0.0744968342675	-0.0159692591031	-0.0309620534686	-0.0434629116055	0.0563963854493	-0.0640450439958	0.00141110256818	-0.0945781471442	0.0214141047137	-0.00457152246028	-0.0220811484919	0.0483932167912	-0.00531683553159	-0.0637057197001	-0.048115530391	0.0269331963037	-0.0686444234595	-0.0111517187545	-0.0254766368841	0.0253260422505	-0.0175822478374	-0.0297391360861	-0.0169876501083	-0.0387200883958	-0.0402872337519	-0.0484323519233	0.0804935661545	-0.096817350112	0.0220769051374
k__Bacteria;p__Firmicutes;c__Clostridia;o__Clostridiales;f__Oscillospiraceae;g__Oscillibacter;s__Oscillibacter_sp._KLE_1745	-0.0393002670013	-0.0078066408531	0.00827956499602	-0.00136758601357	-0.0161957981584	-0.0839515657856	0.0735890894122	-0.0117755616587	0.0950603713642	0.0232776387207	0.0298173357934	0.0737391376815	-0.00717987120764	0.0162986556081	-0.00484870717463	0.0546083260181	-0.00928519226227	0.0297591195534	-1.9902977124e-05	-0.031721294232	-0.0171775951479	-0.00417027424329	-0.0292722708049	0.0448700364898	1.0	-0.0399936867702	-0.0453337604638	-0.0604541916614	0.0461414242386	-0.017423276214	-0.0601130328044	-0.00948169959331	0.0263575720479	0.027337726342	-0.0582010773298	-0.0544495898964	-0.0300524102778	-0.000100327436475	0.033703613915	-0.00523280095695	-0.0232522885433	-0.0600348801256	-0.00796868225535	-0.0592765866288	-0.0107082163039	-0.0522748763601	0.00111531711335	-0.00883198195459	0.0340185401321	-0.00119909923215	0.0442251906513	-0.0443099957184	-0.0248308201548	-0.024633867732	-0.0125651483142	-0.0845578333009	-0.0192542136989	0.00934532639087	-0.0322670548892
k__Bacteria;p__Bacteroidetes;c__Bacteroidia;o__Bacteroidales;f__Bacteroidaceae;g__Bacteroides;s__Bacteroides_coprophilus	0.0244238426706	0.0815294132708	-0.0820707436667	0.0288415234607	0.0211723508709	-0.0324100568591	-0.0246786619428	-0.042733971382	-0.00493317284656	-0.0163911781807	-0.0482301206578	-0.0177300520266	-0.0364663669532	0.0394965720764	0.0484480895947	0.0198827738963	-0.0708906304301	-0.00906302338102	-0.0687239538107	0.000759635542985	0.0360918756766	-0.078368746094	0.0227188474333	0.0398110059466	-0.0399936867702	1.0	0.0091353557028	-0.0500290494092	-0.0309330713093	-0.0202636559658	0.00318044072609	0.0210766861243	-0.0328772956184	-0.00745033915046	0.0239299033142	0.0184369350931	-0.123886720241	0.0398839621515	-0.0353606191687	0.00685899868116	0.0116914226997	-0.0113465593328	-0.06098352382	0.0648392761793	0.00195184221144	0.0106955270023	0.00497273596778	0.0495365663361	0.0627488129544	-0.00749484693295	-0.0360898951334	-0.0784034652449	0.0132104589523	-0.0630797773896	-0.0180353280721	-0.00113555153479	7.45352034461e-05	-0.0272980908143	0.0339917658097
k__Bacteria;p__Firmicutes;c__Clostridia;o__Clostridiales;f__Lachnospiraceae;g__Roseburia;s__Roseburia_intestinalis	-0.0257574044232	0.0576308344608	0.0113131146293	-0.0196866009537	0.013274672597	-0.0317086440112	0.0184492013933	-0.0138081493927	-0.0372909270885	-0.0539329941673	0.00376274969912	0.0478221962254	-0.0276000696685	0.026312056481	-0.0208804430651	0.0114927544729	-0.126935862417	-0.0286214502089	-0.0144184662631	-0.0177127003625	0.019993564266	0.0362762537714	0.0121706585939	-0.0255974521701	-0.0453337604638	0.0091353557028	1.0	-0.0337930558176	-0.00831821926185	-0.0198699995482	0.0335636861108	-0.0794457604187	-0.03857728963	0.0229138018419	-0.0258622184575	0.0200002947781	0.00337914794325	-0.0185669186678	-0.0351283545002	0.0575388731327	-0.00814433677656	0.00940563052669	-0.00875409769615	0.017744761051	-0.0433523617784	-0.131793969763	-0.0184257963682	-0.0415451573638	-0.0320581463308	-0.0302695289787	-0.0122123068952	0.13367562822	0.0526496354621	-0.0903349942115	-0.0284590613274	-0.0394595040052	-0.019184880911	0.0182269435002	0.00242856410438
k__Bacteria;p__Firmicutes;c__Clostridia;o__Clostridiales;f__Lachnospiraceae;g__Roseburia;s__Roseburia_hominis	-0.00914404660913	-0.0237249321705	-0.0045181526147	0.0163119596786	0.00458936958619	0.0380860975474	-0.0431538748868	-0.0433322718799	0.0375929892633	-0.0206222156208	0.0163180085825	0.0660459850527	-0.0138647869157	-0.115045596107	-0.015516453492	-0.00422791396849	0.0262512731575	0.0183480148549	-0.0630957702557	-0.0731807940342	-0.00255571224897	0.00912212839779	0.0786028818285	-0.00381365174451	-0.0604541916614	-0.0500290494092	-0.0337930558176	1.0	-0.0164257695522	0.0132092355095	0.0186874244541	0.0935463445223	-0.0492814281798	-0.00522993246207	0.000679998866513	0.00278057741757	-0.0365648111025	-0.10125353973	-0.0339765695233	-0.00599660214095	-0.0449768337676	-0.00811410685398	-0.0201743470886	0.0619768880763	-0.00153092815446	-0.0246223403587	0.0121093288478	0.0665874284272	0.0141898355529	-0.050156535667	-0.00225796637171	0.00399991166084	-0.0597866609093	0.0302599758454	-0.0343344952837	0.00884284513928	-0.0619641129132	0.0186981131242	-0.0757477224996
k__Bacteria;p__Bacteroidetes;c__Bacteroidia;o__Bacteroidales;f__Porphyromonadaceae;g__Parabacteroides;s__Parabacteroides_johnsonii	0.0549929345887	-0.044603591466	0.0412137110083	0.0444575133851	-0.0644023882899	-0.0154951254697	-0.0239075703307	0.042636585457	-0.0578191099012	0.00974616448394	-0.0441653681342	-0.0264358133934	0.104873643379	0.02453168635	0.00239161545647	-0.0262350245064	-0.0188385146508	-0.0457328696778	-0.0376987971661	-0.0272775440714	0.0366630356087	0.0032708327812	0.0119769990204	0.00547542535614	0.0461414242386	-0.0309330713093	-0.00831821926185	-0.0164257695522	1.0	-0.0245498132124	-0.0114593325016	0.0479567336271	-0.0688835076358	0.0069190498902	0.0239879147464	-0.0372451732299	0.00480238158864	0.0186889205736	-0.0864840044092	-0.034998095176	0.0142465411703	0.0158853226297	-0.0290948629725	0.0397460661134	-0.0185763371905	0.00111617090699	0.0562523458196	0.0102433457827	0.0272223305929	-0.0171814689394	0.00158514044538	-0.0103567999725	-0.0564966066549	0.0535031293987	-0.00359656207177	0.0194245979003	-0.0114439747237	0.00152975513528	-0.0530018984586
k__Bacteria;p__Actinobacteria;c__Actinobacteria;o__Bifidobacteriales;f__Bifidobacteriaceae;g__Bifidobacterium;s__Bifidobacterium_longum	0.0451794399038	-0.0388454062846	-0.0659086008004	0.0108613297027	0.0681088064408	0.0194730851995	-0.030880141751	0.02602149057	-0.0129188871069	0.0126222923591	-0.0447009043812	0.0476835412136	0.0566181997037	0.0468382348369	-0.0541003476563	-0.0715365835441	-0.0594224736344	-0.0111263139578	0.0345976933183	-0.0344766065465	0.00920376364294	-0.00547780857237	0.074303331074	0.0722379138082	-0.017423276214	-0.0202636559658	-0.0198699995482	0.0132092355095	-0.0245498132124	1.0	-0.0735399644233	-0.00612787497878	-0.0154199359014	-0.0177225048441	-0.0335647875032	-0.00128566573235	0.0221649814861	-0.0931730054583	-0.0391284386361	0.00610529261951	-0.00329030893845	0.0195907156193	0.0695242655593	0.0255978006578	-0.128886610349	-0.0335152881512	0.0108533806383	-0.003083087838	-0.00230513856375	-0.023754134536	0.0588970165375	0.00194665681286	0.0273029872904	-0.0592615471881	-0.0441392168514	0.00123053044109	-0.109516156309	0.0249815089046	-0.0335590503294
