#taxonomy	k__Bacteria;p__Bacteroidetes;c__Bacteroidia;o__Bacteroidales;f__Bacteroidaceae;g__Bacteroides;s__Bacteroides_vulgatus	k__Bacteria;p__Bacteroidetes;c__Bacteroidia;o__Bacteroidales;f__Bacteroidaceae;g__Bacteroides;s__Bacteroides_uniformis	k__Bacteria;p__Bacteroidetes;c__Bacteroidia;o__Bacteroidales;f__Rikenellaceae;g__Alistipes;s__Alistipes_putredinis	k__Bacteria;p__Bacteroidetes;c__Bacteroidia;o__Bacteroidales;f__Prevotellaceae;g__Prevotella;s__Prevotella_copri	k__Bacteria;p__Bacteroidetes;c__Bacteroidia;o__Bacteroidales;f__Bacteroidaceae;g__Bacteroides;s__Bacteroides_stercoris	k__Bacteria;p__Bacteroidetes;c__Bacteroidia;o__Bacteroidales;f__Bacteroidaceae;g__Bacteroides;s__Bacteroides_ovatus	k__Bacteria;p__Bacteroidetes;c__Bacteroidia;o__Bacteroidales;f__Rikenellaceae;g__Alistipes;s__Alistipes_shahii	k__Bacteria;p__Firmicutes;c__Clostridia;o__Clostridiales;f__Ruminococcaceae;g__Faecalibacterium;s__Faecalibacterium_prausnitzii	k__Bacteria;p__Bacteroidetes;c__Bacteroidia;o__Bacteroidales;f__Rikenellaceae;g__Alistipes;s__Alistipes_finegoldii	k__Bacteria;p__Bacteroidetes;c__Bacteroidia;o__Bacteroidales;f__Porphyromonadaceae;g__Parabacteroides;s__Parabacteroides_distasonis	k__Bacteria;p__Bacteroidetes;c__Bacteroidia;o__Bacteroidales;f__Bacteroidaceae;g__Bacteroides;s__Bacteroides_thetaiotaomicron	k__Bacteria;p__Bacteroidetes;c__Bacteroidia;o__Bacteroidales;f__Bacteroidaceae;g__Bacteroides;s__Bacteroides_coprocola	k__Bacteria;p__Bacteroidetes;c__Bacteroidia;o__Bacteroidales;f__Bacteroidaceae;g__Bacteroides;s__Bacteroides_cellulosilyticus	k__Bacteria;p__Bacteroidetes;c__Bacteroidia;o__Bacteroidales;f__Rikenellaceae;g__Alistipes;s__Alistipes_obesi	k__Bacteria;p__Firmicutes;c__Clostridia;o__Clostridiales;f__Lachnospiraceae;g__;s__[Eubacterium]_rectale	k__Bacteria;p__Bacteroidetes;c__Bacteroidia;o__Bacteroidales;f__Bacteroidaceae;g__Bacteroides;s__Bacteroides_plebeius	k__Bacteria;p__Bacteroidetes;c__Bacteroidia;o__Bacteroidales;f__Bacteroidaceae;g__Bacteroides;s__Bacteroides_fragilis	k__Bacteria;p__Proteobacteria;c__Betaproteobacteria;o__Burkholderiales;f__Sutterellaceae;g__Sutterella;s__Sutterella_wadsworthensis	k__Bacteria;p__Bacteroidetes;c__Bacteroidia;o__Bacteroidales;f__Porphyromonadaceae;g__Barnesiella;s__Barnesiella_intestinihominis	k__Bacteria;p__Bacteroidetes;c__Bacteroidia;o__Bacteroidales;f__Odoribacteraceae;g__Odoribacter;s__Odoribacter_splanchnicus	k__Bacteria;p__Bacteroidetes;c__Bacteroidia;o__Bacteroidales;f__Bacteroidaceae;g__Bacteroides;s__Bacteroides_salyersiae	k__Bacteria;p__Firmicutes;c__Clostridia;o__Clostridiales;f__Ruminococcaceae;g__Ruminiclostridium;s__[Eubacterium]_siraeum	k__Bacteria;p__Proteobacteria;c__Betaproteobacteria;o__Burkholderiales;f__Sutterellaceae;g__Parasutterella;s__Parasutterella_excrementihominis	k__Bacteria;p__Actinobacteria;c__Actinobacteria;o__Bifidobacteriales;f__Bifidobacteriaceae;g__Bifidobacterium;s__Bifidobacterium_adolescentis	k__Bacteria;p__Firmicutes;c__Clostridia;o__Clostridiales;f__Oscillospiraceae;g__Oscillibacter;s__Oscillibacter_sp._KLE_1745	k__Bacteria;p__Bacteroidetes;c__Bacteroidia;o__Bacteroidales;f__Bacteroidaceae;g__Bacteroides;s__Bacteroides_coprophilus	k__Bacteria;p__Firmicutes;c__Clostridia;o__Clostridiales;f__Lachnospiraceae;g__Roseburia;s__Roseburia_intestinalis	k__Bacteria;p__Firmicutes;c__Clostridia;o__Clostridiales;f__Lachnospiraceae;g__Roseburia;s__Roseburia_hominis	k__Bacteria;p__Bacteroidetes;c__Bacteroidia;o__Bacteroidales;f__Porphyromonadaceae;g__Parabacteroides;s__Parabacteroides_johnsonii	k__Bacteria;p__Actinobacteria;c__Actinobacteria;o__Bifidobacteriales;f__Bifidobacteriaceae;g__Bifidobacterium;s__Bifidobacterium_longum	k__Bacteria;p__Firmicutes;c__Clostridia;o__Clostridiales;f__;g__Flavonifractor;s__Flavonifractor_plautii	k__Bacteria;p__Firmicutes;c__Clostridia;o__Clostridiales;f__Clostridiaceae;g__Clostridium;s__Clostridium_phoceensis	k__Bacteria;p__Verrucomicrobia;c__Verrucomicrobiae;o__Verrucomicrobiales;f__Akkermansiaceae;g__Akkermansia;s__Akkermansia_muciniphila	k__Bacteria;p__Bacteroidetes;c__Bacteroidia;o__Bacteroidales;f__Prevotellaceae;g__Paraprevotella;s__Paraprevotella_xylaniphila	k__Bacteria;p__Firmicutes;c__Clostridia;o__Clostridiales;f__Ruminococcaceae;g__Ruminococcus;s__Ruminococcus_callidus	k__Bacteria;p__Bacteroidetes;c__Bacteroidia;o__Bacteroidales;f__Rikenellaceae;g__Alistipes;s__Alistipes_senegalensis	k__Bacteria;p__Firmicutes;c__Clostridia;o__Clostridiales;f__Lachnospiraceae;g__Blautia;s__Blautia_sp._KLE_1732	k__Bacteria;p__Bacteroidetes;c__Bacteroidia;o__Bacteroidales;f__Bacteroidaceae;g__Bacteroides;s__Bacteroides_oleiciplenus	k__Bacteria;p__Firmicutes;c__Clostridia;o__Clostridiales;f__Ruminococcaceae;g__Ruminococcus;s__Ruminococcus_bicirculans	k__Bacteria;p__Bacteroidetes;c__Bacteroidia;o__Bacteroidales;f__Bacteroidaceae;g__Bacteroides;s__Bacteroides_fluxus	k__Bacteria;p__Bacteroidetes;c__Bacteroidia;o__Bacteroidales;f__Prevotellaceae;g__Prevotella;s__Prevotella_stercorea	k__Bacteria;p__Firmicutes;c__Clostridia;o__Clostridiales;f__Lachnospiraceae;g__Dorea;s__Dorea_longicatena	k__Bacteria;p__Firmicutes;c__Clostridia;o__Clostridiales;f__Eubacteriaceae;g__Eubacterium;s__[Eubacterium]_eligens	k__Bacteria;p__Firmicutes;c__Clostridia;o__Clostridiales;f__Ruminococcaceae;g__;s__Ruminococcaceae_bacterium_D16	k__Bacteria;p__Firmicutes;c__Clostridia;o__Clostridiales;f__Lachnospiraceae;g__Coprococcus;s__Coprococcus_comes	k__Bacteria;p__Proteobacteria;c__Gammaproteobacteria;o__Enterobacterales;f__Enterobacteriaceae;g__Escherichia;s__Escherichia_coli	k__Bacteria;p__Firmicutes;c__Clostridia;o__Clostridiales;f__Ruminococcaceae;g__Anaerotruncus;s__Anaerotruncus_colihominis	k__Bacteria;p__Firmicutes;c__Clostridia;o__Clostridiales;f__Lachnospiraceae;g__Blautia;s__Blautia_obeum	k__Bacteria;p__Bacteroidetes;c__Bacteroidia;o__Bacteroidales;f__Odoribacteraceae;g__Odoribacter;s__Odoribacter_laneus	k__Bacteria;p__Firmicutes;c__Clostridia;o__Clostridiales;f__Ruminococcaceae;g__Ruminiclostridium;s__[Clostridium]_leptum	k__Bacteria;p__Bacteroidetes;c__Bacteroidia;o__Bacteroidales;f__Porphyromonadaceae;g__Parabacteroides;s__Parabacteroides_goldsteinii	k__Bacteria;p__Firmicutes;c__Clostridia;o__Clostridiales;f__Lachnospiraceae;g__Anaerostipes;s__Anaerostipes_hadrus	k__Bacteria;p__Firmicutes;c__Clostridia;o__Clostridiales;f__Ruminococcaceae;g__Ruminococcus;s__Ruminococcus_lactaris	k__Bacteria;p__Firmicutes;c__Clostridia;o__Clostridiales;f__Clostridiaceae;g__Clostridium;s__Clostridium_sp._L2-50	k__Bacteria;p__Firmicutes;c__Clostridia;o__Clostridiales;f__Clostridiaceae;g__Clostridium;s__Clostridium_sp._M62/1	k__Bacteria;p__Firmicutes;c__Clostridia;o__Clostridiales;f__;g__Intestinimonas;s__Intestinimonas_butyriciproducens	k__Bacteria;p__Actinobacteria;c__Actinobacteria;o__Bifidobacteriales;f__Bifidobacteriaceae;g__Bifidobacterium;s__Bifidobacterium_bifidum	k__Bacteria;p__Firmicutes;c__Negativicutes;o__Veillonellales;f__Veillonellaceae;g__Dialister;s__Dialister_invisus	k__Bacteria;p__Bacteroidetes;c__Bacteroidia;o__Bacteroidales;f__Bacteroidaceae;g__Bacteroides;s__Bacteroides_salanitronis
k__Bacteria;p__Bacteroidetes;c__Bacteroidia;o__Bacteroidales;f__Bacteroidaceae;g__Bacteroides;s__Bacteroides_vulgatus	1.0	-0.0748188334161	-0.0188219006025	-0.0432274165455	-0.0486147035937	-0.0400081477623	-0.0352576952884	-0.0665280359219	0.0192967264354	-0.0319330640756	-0.0327379379815	0.0199431187072	-0.0213512568102	0.0477291929494	0.0283493224152	0.0533701413827	-0.0115251911382	-0.0231854649819	-0.0315756042962	-0.048201187879	0.038636156964	0.0275564993017	0.0629005174923	0.0758061326761	-0.0162142008931	0.0276181025166	0.00863805511937	0.0464157931689	0.0848851833021	-0.00175180961543	-0.019871201527	-0.0723410513799	-0.00583066179435	0.000282578424223	-0.0297268435596	0.043790794296	-0.0299558028567	-0.0451767045171	-0.0048004489811	-0.0620294234843	0.0253491394093	0.000537693700796	-0.0397559609454	-0.0338935403244	-0.0520583874643	-0.0349550268099	-0.0419695530191	-0.00561013889997	-0.0117242923002	0.0246453646218	-0.0351102389119	0.00123067164539	0.017356098267	-0.0506498078517	-0.0270697107725	-0.00493979646058	-0.0347850965129	-0.0897345610791	-0.078150207438
k__Bacteria;p__Bacteroidetes;c__Bacteroidia;o__Bacteroidales;f__Bacteroidaceae;g__Bacteroides;s__Bacteroides_uniformis	-0.0748188334161	1.0	-0.0256273564597	-0.00895053418963	0.00459029095362	0.0161428070698	0.00394398841696	0.007462316164	-0.00681969694165	-0.0439556859977	0.0117116360102	0.0237566698418	0.0476318395307	-0.0332393634771	-0.05294380046	-0.0141437229756	0.0443908326502	-0.0738067177916	-0.0150899854272	-0.0885517412346	0.0728480170962	-0.0557408250623	0.09822543721	-0.0123793593554	-0.0401344413612	0.0505399007913	-0.0444482774013	-0.00743442451107	-0.0592131154358	-0.0328835407775	0.00672004643809	-0.0134132058862	-0.0519506973917	-0.0610062996408	0.00786783524115	-0.061161737367	-0.0663356203639	0.0529095595336	-0.0256941463976	0.0287871592815	-0.0106795048036	-0.109660199449	-0.0784893971528	-0.0137083839252	0.0471041975079	-0.0658255779403	0.013399182571	-0.0616875816054	-0.0184785007654	0.0286006313679	0.00988611736497	0.0405596397586	-0.0122058633612	-0.0216957590904	-0.0568971798426	0.0102606385826	-0.0283931958568	-0.00946809607599	-0.0135259278461
k__Bacteria;p__Bacteroidetes;c__Bacteroidia;o__Bacteroidales;f__Rikenellaceae;g__Alistipes;s__Alistipes_putredinis	-0.0188219006025	-0.0256273564597	1.0	-0.0149387647295	0.00385772096524	0.0202245090578	-0.0231602779521	-0.140590885049	-0.00359516959346	-0.0138263291621	-0.0342038331748	0.000716271667636	0.0150566012306	-0.049692430079	-0.025806857326	-0.0479797894856	0.0156912628883	-0.0440242002403	0.0231217581827	0.063251512326	-0.0135387483584	0.0478155335142	-0.0407646032019	0.0142387685214	0.0726139059447	-0.0200325579407	-0.0206604033197	-0.0168438520856	0.0123071418801	-0.0301421280516	-0.00738387673154	0.0161119117327	-0.0659323029375	0.0166653064989	0.0263368204939	-0.0175446205498	-0.0605853912072	-0.0723027617041	0.00185943189934	-0.0534641627514	-0.0142552765548	-0.02292789466	0.0269582299749	0.085096019493	-0.0663732430629	-0.0205706110945	-0.0143450048109	0.0128441806113	0.0230656552805	0.00805082760054	0.0471462201085	0.0121430222504	0.0497542794703	0.0375416492442	0.0149747331432	0.0215176479577	0.017367049319	-0.0105358069173	0.00116853495023
k__Bacteria;p__Bacteroidetes;c__Bacteroidia;o__Bacteroidales;f__Prevotellaceae;g__Prevotella;s__Prevotella_copri	-0.0432274165455	-0.00895053418963	-0.0149387647295	1.0	-0.0760458306328	-0.025406214046	-0.00195359385704	0.0472874952009	-0.000800397998599	0.0195392280703	-0.0798825146629	-0.030875533562	-0.0252027338422	-0.0389930685076	0.0309029759606	0.00517239031886	-0.0378876067369	-0.0530406403916	0.0403691060972	-0.0496495434162	0.0192238690962	-0.101252279023	0.0570928493451	0.0198094730787	-0.039774700271	-0.0634725842842	0.0229710084629	0.0611247806684	0.0422056964909	0.0247389214845	-0.0353318958133	0.0470323457413	0.00739821311972	-0.00311233172538	-0.00400351559371	-0.0434621517772	0.00499959936984	-0.00232909319801	-0.00513181116196	-0.0145300137482	0.0183571036233	-0.00430031010619	0.00173701079245	-0.0874305951752	-0.00980944307944	0.0274171039905	-0.0720456438756	0.0334771791685	-0.0823786499088	0.0190873766839	-0.011059726643	0.0343695120667	-0.0049861161615	0.0148110490953	0.0055838889858	-0.0482710738479	-0.0282756616378	-0.0211402358875	-0.0201836184706
k__Bacteria;p__Bacteroidetes;c__Bacteroidia;o__Bacteroidales;f__Bacteroidaceae;g__Bacteroides;s__Bacteroides_stercoris	-0.0486147035937	0.00459029095362	0.00385772096524	-0.0760458306328	1.0	0.000820070545727	-0.000598820219413	0.0592745404174	-0.0232144295546	-0.00158048518615	0.0531724638651	-0.0536416053982	-0.0387717508798	-0.00499322904145	0.0210304897267	-0.0122542325858	-0.0255472998378	-0.0147301134504	-0.0555264569068	0.0474811697421	-0.00728042781741	-0.055618488517	0.0512190691544	-0.019105550255	-0.0578747347393	-0.0259722650477	-0.0394133146565	-0.00940170504115	-0.00827613748798	0.0212711097742	0.072816159264	0.0741206490384	-0.0716608483421	0.00111207122579	-0.0107286546853	0.0251991729403	0.109461570631	-0.0266276405609	-0.0802455229031	0.000477196985798	-0.0257672699052	0.0101051192512	-0.0150833031536	-0.0360154049224	0.0048612555986	-0.0829239523471	0.0224852821763	0.00680881476059	-0.0670584478598	0.0161435696594	0.113358601014	-0.00852316336409	0.00153970905811	0.0195646376516	-0.124970994731	-0.000474315576826	-0.0815426785355	0.00200112040928	0.0118601400854
k__Bacteria;p__Bacteroidetes;c__Bacteroidia;o__Bacteroidales;f__Bacteroidaceae;g__Bacteroides;s__Bacteroides_ovatus	-0.0400081477623	0.0161428070698	0.0202245090578	-0.025406214046	0.000820070545727	1.0	-0.0532968783914	0.0452790820489	-0.00891476383294	0.0248204879033	-0.0135952338766	0.00561916796072	0.00717150525551	-0.0454280271688	0.0354927750158	-0.0353237603847	-0.0587601221937	-0.0381277338513	0.0342205609642	-0.00965791571787	0.0124568341352	0.0926144768582	-0.0666381582694	0.0121693234385	0.00355063187081	-0.0606348249219	-0.0184327312001	-0.0582484486757	-0.00591693795436	0.0041339825183	-0.0298543509871	-0.00555750436899	-0.0248479328434	0.00506370287671	-0.0355938097559	0.00362057991166	0.00620378104688	-0.0482571772276	-0.0634655534585	0.0213153195038	-0.0733952393203	-0.0411692736287	-0.0368874396411	-0.075812552509	0.00534722593256	-0.0424940185475	0.0103098277496	0.00103336546047	-0.0366623567798	0.000326427279382	0.0291072909832	-0.037240421418	0.00216876087233	-0.0106482134285	0.0222823689414	0.0447036562443	-0.00809742875943	-0.0358244124038	-0.031461430386
k__Bacteria;p__Bacteroidetes;c__Bacteroidia;o__Bacteroidales;f__Rikenellaceae;g__Alistipes;s__Alistipes_shahii	-0.0352576952884	0.00394398841696	-0.0231602779521	-0.00195359385704	-0.000598820219413	-0.0532968783914	1.0	-0.0278621989747	-0.038408552198	-0.038895152866	0.0180986060661	-0.0251720845383	0.0380825171569	0.0089190617056	-0.0298723224406	-0.0401337855153	-0.0491282582191	-0.0697570934975	0.00907203207042	0.018541877378	-0.0364549033762	-0.0917980697459	-0.0612230251663	-0.0361991422061	0.0424140746342	0.073060663905	0.00644839410663	0.0276135432785	0.0106338716725	0.0305643869669	-0.0517581600928	0.044594349852	0.0188404923483	-0.0622698165407	-0.00801680931595	-0.0376933583933	-0.0215296006788	-0.0994399867612	0.0455209475158	0.0158803258468	-0.0419373172533	-0.00461114192116	0.0268778149786	-0.0176663769916	-0.0612259427895	0.0010331186656	-0.0330265933546	-0.0464753567418	0.00419519135463	0.0277795059477	-0.0328853990508	-0.0520858747094	-0.0463941640435	-0.0343096687094	0.0237296568928	-0.0860107327974	0.0184568420504	0.0431898515522	-0.00194672471473
k__Bacteria;p__Firmicutes;c__Clostridia;o__Clostridiales;f__Ruminococcaceae;g__Faecalibacterium;s__Faecalibacterium_prausnitzii	-0.0665280359219	0.007462316164	-0.140590885049	0.0472874952009	0.0592745404174	0.0452790820489	-0.0278621989747	1.0	0.0336905637953	-0.0201972323114	-0.0368279654907	-0.0319106443191	-0.0485511085638	0.0243587661314	0.0079512196046	-0.00268738672875	0.0192582591226	-0.0165801123039	-0.0168951908803	0.0318172617057	-0.0161692067001	-0.00584476882531	-0.00272897597671	0.0360775992106	-0.0126876019395	-0.00704246958773	-0.0546494322128	0.0232627692909	-0.0434441174483	-0.0194050018118	0.0561745735569	0.0505297220386	0.0102760271077	0.047651773933	-0.0415780603083	0.0303415321934	-0.0690420323893	-0.0181917971874	-0.0345719941568	0.0425953501731	0.0179987600988	0.0544480763117	-0.0696939007303	-0.0270631378348	-0.0405581324152	0.00293944526165	-0.0201957508572	-0.00882863443142	-0.0381212712738	-0.00926504614977	-0.0464047704495	-0.00940677847591	-0.0283617509023	0.0187909680665	-0.0124137366127	-0.0700905526966	-0.0733105617006	0.0515807805158	0.00496061699785
k__Bacteria;p__Bacteroidetes;c__Bacteroidia;o__Bacteroidales;f__Rikenellaceae;g__Alistipes;s__Alistipes_finegoldii	0.0192967264354	-0.00681969694165	-0.00359516959346	-0.000800397998599	-0.0232144295546	-0.00891476383294	-0.038408552198	0.0336905637953	1.0	0.0114650912744	0.00188868854363	0.109304555426	0.00986487165914	-0.0173293573017	0.0169725598089	-0.00113385344538	-0.00237436509531	0.088722835943	-0.0493446359687	0.0330889102625	0.0395041374957	-0.0280095483169	-0.00622942505547	-0.0456529868196	0.00413556245389	-0.0823791847625	-0.0117330739343	-0.0611073738629	-0.0347870757545	-0.00481231395867	-0.0221701929383	0.0339548190393	-0.0251077469993	-0.00154416976446	0.00473096087539	-0.00661647530085	-0.0496771424953	0.0219604281781	-0.0270778054217	-0.0850193064522	0.0313762797781	0.00895818439451	0.0590769842417	0.00883664351367	-0.0244321543543	-0.0143628669401	-0.0344619970808	0.0650507543538	0.00276700686635	0.0431813686323	-0.00417929455919	0.0144603637134	0.00307184857403	-0.0600605021551	0.0140801848096	-0.0579893049396	-0.0158146829389	-0.0160158583331	-0.0302230971373
k__Bacteria;p__Bacteroidetes;c__Bacteroidia;o__Bacteroidales;f__Porphyromonadaceae;g__Parabacteroides;s__Parabacteroides_distasonis	-0.0319330640756	-0.0439556859977	-0.0138263291621	0.0195392280703	-0.00158048518615	0.0248204879033	-0.038895152866	-0.0201972323114	0.0114650912744	1.0	-0.00865048001313	-0.0681669273699	-0.0148518308746	-0.0491318269889	-0.0364937837695	-0.0759833029415	-0.0341406857816	-0.0316197149845	0.0593495845173	-0.0526658382686	-0.0772473193538	-0.0110088508022	-0.0264139436611	-0.000466155880414	-0.0640244758694	0.0151246758071	-0.0475975989698	-0.0034590247832	-0.00166550771839	0.0387521955102	-0.0403101384679	-0.0235190585608	0.0563236396198	0.0364953114918	0.00467134845771	0.0773598689735	-0.0817322784508	-0.0470064430016	-0.0540244757133	-0.0366479712094	0.0051917368801	0.0321236191306	-0.0204735893653	-0.0211270508697	-0.0310268397671	0.0199026996573	-0.0732035005734	0.00131856059288	-0.00973979809671	-0.0343026293271	-0.0439737727744	-0.00617596258401	0.0174831873892	-0.0377609785512	-0.0104025918865	-0.034239256957	0.0224774087191	0.0714683796872	0.0951041553232
k__Bacteria;p__Bacteroidetes;c__Bacteroidia;o__Bacteroidales;f__Bacteroidaceae;g__Bacteroides;s__Bacteroides_thetaiotaomicron	-0.0327379379815	0.0117116360102	-0.0342038331748	-0.0798825146629	0.0531724638651	-0.0135952338766	0.0180986060661	-0.0368279654907	0.00188868854363	-0.00865048001313	1.0	0.0174932531742	0.0185879063954	0.00795242373585	-0.00567470618143	0.0522864448209	-0.0470052396002	-0.0388554802338	-0.00966534169908	-0.038272714531	-0.0553398444764	0.0019012374328	-0.0133753270433	0.0168114741741	-0.0382405517393	0.022525732124	-0.042828658648	-0.0373329616306	-0.117082739401	0.0524361906343	0.0158283547645	0.0164009484221	0.00122899859846	0.00642307509118	-0.00811764496218	-0.0306212937609	-0.0314293036887	-0.0124182468153	0.0179308522937	0.0177752180679	-0.0236798928464	0.0327707831986	-0.0367985184316	-0.0208336696805	0.0133310733178	-0.012264243498	-0.0267487140178	-0.088466404428	-0.0228437858134	-0.0304033687554	-0.00265406100172	-0.0204904106454	-0.0103121597675	0.0420266916441	-0.0448935300645	0.00961209545526	0.0408543372359	0.0669394248675	-0.0507532587762
k__Bacteria;p__Bacteroidetes;c__Bacteroidia;o__Bacteroidales;f__Bacteroidaceae;g__Bacteroides;s__Bacteroides_coprocola	0.0199431187072	0.0237566698418	0.000716271667636	-0.030875533562	-0.0536416053982	0.00561916796072	-0.0251720845383	-0.0319106443191	0.109304555426	-0.0681669273699	0.0174932531742	1.0	0.0056916378656	0.0930244325435	-0.0762784009574	-0.0073776605469	0.0691407075945	-0.0455564422861	-0.0251956965858	-0.0324407960172	-0.069092581241	0.059423215999	-0.0563279133585	-0.0215013714539	-0.0049888104603	-0.00678445599456	-0.0398627387738	-0.041845544837	-0.0760639990436	0.0348171544729	0.0069312227425	-0.00834759197396	-0.0428941470768	-0.130656527142	0.0160283775536	0.0084412822029	-0.0482118711673	-0.0458502198009	0.00994138667199	-0.0286294990775	0.00798312549572	0.0288047544103	-0.00997347698442	0.0940766616564	-0.0508983256422	-0.0122637422893	0.0556379643631	-0.00273166762665	-0.0457695287039	0.00518449253306	0.0021645684051	0.00113522871849	-0.0306090123634	-0.0042894702428	-0.0183292449406	-0.0684947923775	-0.0227481243826	-0.0193627012777	-0.0109376432466
k__Bacteria;p__Bacteroidetes;c__Bacteroidia;o__Bacteroidales;f__Bacteroidaceae;g__Bacteroides;s__Bacteroides_cellulosilyticus	-0.0213512568102	0.0476318395307	0.0150566012306	-0.0252027338422	-0.0387717508798	0.00717150525551	0.0380825171569	-0.0485511085638	0.00986487165914	-0.0148518308746	0.0185879063954	0.0056916378656	1.0	-0.0729339351842	-0.0141657844412	-0.0640952785116	0.0495685147439	-0.022631783393	-0.033990111439	0.0162610386738	-0.0208689190952	0.0362102129396	-0.0574630803174	-0.0522091606914	-0.0693473298983	0.03247103281	-0.0513239178757	0.0120690578611	0.0273893892816	0.0340368341292	0.0724063587994	0.0102319165262	-0.048296011897	-0.0314544594969	0.0146033581354	-0.0346371384013	-0.02284391056	0.0346998049815	-0.00206032154987	0.0457131368477	-0.0534842687556	0.00749033947752	-0.0353030877807	-0.00257983878624	0.0309429618963	-0.00513427177325	-0.0361545259789	0.0579872975977	0.00961937357774	-0.00695495826077	-0.0221625684821	-0.0589475317849	-0.0524384104272	0.0233167768197	-0.00764591505496	-0.0522626729354	0.0462485196943	0.0281311094706	-0.0474062338332
k__Bacteria;p__Bacteroidetes;c__Bacteroidia;o__Bacteroidales;f__Rikenellaceae;g__Alistipes;s__Alistipes_obesi	0.0477291929494	-0.0332393634771	-0.049692430079	-0.0389930685076	-0.00499322904145	-0.0454280271688	0.0089190617056	0.0243587661314	-0.0173293573017	-0.0491318269889	0.00795242373585	0.0930244325435	-0.0729339351842	1.0	-0.0200212602019	0.0113885118373	-0.0226995002969	0.00163930340842	-0.0697682252862	-0.0520193052005	0.055604400356	-0.0261302090717	0.0157909240828	0.0360964677396	-0.0227990855191	0.00416613751331	-0.096976084334	0.0296921650685	-0.0802790193388	0.0169343191403	0.00148156173268	-0.0226346373675	-0.0530404903098	-0.0524097359258	-0.0297899311373	0.00155415487918	0.0070325476396	0.0043325900997	0.0343214530449	-0.0857488184419	-0.00457938287414	-0.0410008162596	0.077085540071	0.00904728959208	0.00809085859418	-0.0147074422682	-0.0108960346624	-0.0418163308014	-0.0106260803382	-0.082863971102	-0.0313337259603	0.0179311834926	-0.00962097643718	-0.0467923283124	0.0297316180433	-0.00326083310958	-0.00715150379138	-0.013766471053	-0.0734910014303
k__Bacteria;p__Firmicutes;c__Clostridia;o__Clostridiales;f__Lachnospiraceae;g__;s__[Eubacterium]_rectale	0.0283493224152	-0.05294380046	-0.025806857326	0.0309029759606	0.0210304897267	0.0354927750158	-0.0298723224406	0.0079512196046	0.0169725598089	-0.0364937837695	-0.00567470618143	-0.0762784009574	-0.0141657844412	-0.0200212602019	1.0	0.0337651600606	-0.0307177794946	-0.0246471253083	0.0392058841835	0.00104597182139	-0.0206679893118	0.0270915179363	-0.0599899381982	-0.01719231823	-0.0705902685304	-0.0426555207797	-0.0300359165058	-0.0342534950174	0.0147412921366	0.029371015716	0.0794639615592	-0.0349134763268	-0.0100453772748	-0.0629435211995	0.0209585017848	-0.0732113174293	-0.063719348383	0.0400000694625	-0.0139622117254	-0.0242103862769	0.0699200198619	0.0323685434868	0.00744109422255	-0.00364399107094	-0.0675218557353	0.0350256293245	-0.027228326722	0.0775720144553	0.00857038667445	0.0465747569898	-0.0277470978841	0.0314023153684	0.0402266200544	-0.0687322574153	-0.124422486767	-0.0365056100147	-0.0193439824214	-0.0111393264039	-0.05675115322
k__Bacteria;p__Bacteroidetes;c__Bacteroidia;o__Bacteroidales;f__Bacteroidaceae;g__Bacteroides;s__Bacteroides_plebeius	0.0533701413827	-0.0141437229756	-0.0479797894856	0.00517239031886	-0.0122542325858	-0.0353237603847	-0.0401337855153	-0.00268738672875	-0.00113385344538	-0.0759833029415	0.0522864448209	-0.0073776605469	-0.0640952785116	0.0113885118373	0.0337651600606	1.0	0.0232709719479	-0.0248211942903	-0.0402926004523	-0.0265807140478	-0.0350726686414	-0.047301625357	0.0284522250804	0.0380600790512	0.00460820773183	-0.0100723147729	0.00761888290609	-0.078863892353	0.0414607628321	0.0211135232436	0.088403197904	-0.051482756044	0.042715947086	-0.0188909409311	-0.0683292746536	-0.0163380164556	-0.0123990125897	-0.0105740608381	-0.00410709739287	-0.0561557037148	0.0362820460489	-0.00830867408148	-0.0700838149539	-0.0385205004175	-0.0175346326985	0.0433971707979	0.100015441655	0.00413728960985	0.00928628456464	-0.00959072609169	0.0591526020088	-0.0779151529644	-0.0571605620427	0.0141127268671	-0.0321979329983	-0.00815478649445	-0.0505458308721	-0.00928555842855	0.00292462823266
k__Bacteria;p__Bacteroidetes;c__Bacteroidia;o__Bacteroidales;f__Bacteroidaceae;g__Bacteroides;s__Bacteroides_fragilis	-0.0115251911382	0.0443908326502	0.0156912628883	-0.0378876067369	-0.0255472998378	-0.0587601221937	-0.0491282582191	0.0192582591226	-0.00237436509531	-0.0341406857816	-0.0470052396002	0.0691407075945	0.0495685147439	-0.0226995002969	-0.0307177794946	0.0232709719479	1.0	-0.0232959552023	-0.0243798846019	0.000385856710903	-0.0317001206284	-0.0700723918748	-0.0169378665717	-0.0232983873731	0.0235850651861	-0.0211307751706	0.00372296196347	-0.0365544797771	0.028446235229	-0.00737411907912	-0.0526234460822	0.121091476519	-0.0803940175341	-0.0471317341313	0.0102773033403	-0.0159715778983	-0.0138289924592	-0.0460467432182	0.0251450465521	-0.0215514314521	-0.0535054827316	-0.0581695676992	-0.0366421123581	0.0493160288862	-0.045453501785	-0.026009902039	-0.0105500773469	-0.0214677370357	0.00524739513682	-0.0124885691437	0.0299228176387	-0.0298229223778	0.0419459433171	-0.0525299672108	-0.0243142652406	-0.0228319268418	-0.0381905750893	0.0360218228976	-0.00793878306406
k__Bacteria;p__Proteobacteria;c__Betaproteobacteria;o__Burkholderiales;f__Sutterellaceae;g__Sutterella;s__Sutterella_wadsworthensis	-0.0231854649819	-0.0738067177916	-0.0440242002403	-0.0530406403916	-0.0147301134504	-0.0381277338513	-0.0697570934975	-0.0165801123039	0.088722835943	-0.0316197149845	-0.0388554802338	-0.0455564422861	-0.022631783393	0.00163930340842	-0.0246471253083	-0.0248211942903	-0.0232959552023	1.0	-0.0011517546294	0.0156411858886	-0.0169579743739	-0.00189517604224	-0.00907721128014	-0.0251903044892	0.0146447123894	-0.0336844930163	-0.0303397838228	0.0347145695562	0.0765311989764	0.0174967196616	-0.00639194175894	0.0145712759718	0.0305548441832	0.0132289647846	-0.0530236897029	-0.00279678433669	0.0643913969298	0.0491231250813	-0.0300275147067	-0.0652212809306	0.00481450283255	-0.00168405241745	0.040232560393	0.0529445439487	-0.0109890849505	-0.0353298577061	-0.0786436405409	0.0241686421748	-0.051453169483	0.0220948686798	-0.0147353496819	-0.112718615846	-0.0559346814667	-0.00724264434755	-0.072598339981	-0.0124428041831	0.00551534849042	0.00449994410204	0.00689823882771
k__Bacteria;p__Bacteroidetes;c__Bacteroidia;o__Bacteroidales;f__Porphyromonadaceae;g__Barnesiella;s__Barnesiella_intestinihominis	-0.0315756042962	-0.0150899854272	0.0231217581827	0.0403691060972	-0.0555264569068	0.0342205609642	0.00907203207042	-0.0168951908803	-0.0493446359687	0.0593495845173	-0.00966534169908	-0.0251956965858	-0.033990111439	-0.0697682252862	0.0392058841835	-0.0402926004523	-0.0243798846019	-0.0011517546294	1.0	0.0283178859617	-0.020813632743	0.0467159444763	-0.00987638242823	-0.0156691776574	0.00676149407116	-0.0659975586359	0.0107523139092	0.027360261356	-0.00476520681686	-0.0200815316843	-0.0213780108143	0.00694210382516	-0.00229554693107	-0.0218678326921	-0.00531746627775	-0.0215632689017	-0.0208883627404	-0.00812059608076	0.0306913082482	-0.0298510965899	-0.0288557390669	-0.00629843294261	0.042476494512	-0.019123208759	0.0355568797568	0.0114765319173	-0.0582634444871	-0.0210521545153	-0.0203625284958	-0.0116133654168	0.0132745847496	-0.000570272907919	0.0208386410493	0.0575636750639	-0.00330755014717	0.0225645806217	-0.0248768326875	-0.045965754866	-0.00333730156773
k__Bacteria;p__Bacteroidetes;c__Bacteroidia;o__Bacteroidales;f__Odoribacteraceae;g__Odoribacter;s__Odoribacter_splanchnicus	-0.048201187879	-0.0885517412346	0.063251512326	-0.0496495434162	0.0474811697421	-0.00965791571787	0.018541877378	0.0318172617057	0.0330889102625	-0.0526658382686	-0.038272714531	-0.0324407960172	0.0162610386738	-0.0520193052005	0.00104597182139	-0.0265807140478	0.000385856710903	0.0156411858886	0.0283178859617	1.0	-0.00481271916848	0.0192388275326	-0.0163872386151	0.0449564088529	0.0361746661139	0.0056130261601	0.0302167566809	-0.00772527859257	0.0228976740272	-0.00372353533568	-0.0058995104554	-0.0953161020348	0.0164687567704	0.0138044443398	-0.00543972136177	-0.0441621758288	-0.000707890031214	-0.048001900368	0.00724202262299	-0.000631824050021	0.0511241822077	0.0108012071384	-0.0552132898748	-0.0452444574292	0.0399725584069	-0.0135555645177	0.0098840631232	0.0220597419876	0.0392026351017	0.0134154224233	0.0467052356225	-0.00234674924435	0.0298349968644	0.0433228263731	0.013248694914	-0.0136669932052	0.0331993160004	-0.0367826432685	-0.00416856627559
k__Bacteria;p__Bacteroidetes;c__Bacteroidia;o__Bacteroidales;f__Bacteroidaceae;g__Bacteroides;s__Bacteroides_salyersiae	0.038636156964	0.0728480170962	-0.0135387483584	0.0192238690962	-0.00728042781741	0.0124568341352	-0.0364549033762	-0.0161692067001	0.0395041374957	-0.0772473193538	-0.0553398444764	-0.069092581241	-0.0208689190952	0.055604400356	-0.0206679893118	-0.0350726686414	-0.0317001206284	-0.0169579743739	-0.020813632743	-0.00481271916848	1.0	-0.0221870886941	-0.0203154101455	0.0490245013804	0.0288196113737	0.0427367107475	0.00950662545848	-0.0198021384024	0.0612358519831	0.00494484271525	-0.0395415975358	-0.0870377940342	-0.0238722595983	-0.0254393063164	-0.011110846582	0.00671302668412	0.0386008260848	0.0878311844524	-0.0517318493384	-0.0252063200626	-0.0426823566755	-0.0358422639406	-0.0335507586641	-0.0400536384859	-0.0684470414447	0.0230476451277	-0.0460292119388	0.0437924572755	-0.0271376391145	0.0595903900877	-0.0600567486077	0.0136575136951	-0.00432428775705	0.00834246586642	-0.0776647031008	0.0253089039745	-0.092913614495	-0.0313943576691	-0.00969763701354
k__Bacteria;p__Firmicutes;c__Clostridia;o__Clostridiales;f__Ruminococcaceae;g__Ruminiclostridium;s__[Eubacterium]_siraeum	0.0275564993017	-0.0557408250623	0.0478155335142	-0.101252279023	-0.055618488517	0.0926144768582	-0.0917980697459	-0.00584476882531	-0.0280095483169	-0.0110088508022	0.0019012374328	0.059423215999	0.0362102129396	-0.0261302090717	0.0270915179363	-0.047301625357	-0.0700723918748	-0.00189517604224	0.0467159444763	0.0192388275326	-0.0221870886941	1.0	0.0256880405631	0.0238261296278	-0.0392741319895	-0.0534684994245	-0.0203534522543	-0.00055589786129	-0.0109530944201	0.001576687071	-0.00654322982201	0.00511079570337	-0.0573586649058	0.0452851476828	0.0113580009337	-0.0500490052919	-0.0127085032963	0.0386634295476	-0.0386001806059	0.0645052181322	-0.0451962708068	-0.015402707003	-0.0544346146781	-0.0112184000508	-0.0442379021334	-0.00674287667274	-0.0552708667545	0.00752452352415	-0.0706897732196	0.00726721389959	0.0716981788409	-0.0359316700385	-0.0302222870403	0.0660823257697	0.00780843594068	0.085581644267	0.0213358438373	-0.0478039525992	-0.0105783689498
k__Bacteria;p__Proteobacteria;c__Betaproteobacteria;o__Burkholderiales;f__Sutterellaceae;g__Parasutterella;s__Parasutterella_excrementihominis	0.0629005174923	0.09822543721	-0.0407646032019	0.0570928493451	0.0512190691544	-0.0666381582694	-0.0612230251663	-0.00272897597671	-0.00622942505547	-0.0264139436611	-0.0133753270433	-0.0563279133585	-0.0574630803174	0.0157909240828	-0.0599899381982	0.0284522250804	-0.0169378665717	-0.00907721128014	-0.00987638242823	-0.0163872386151	-0.0203154101455	0.0256880405631	1.0	-0.0107067393894	-0.0655189430716	-0.0302268521287	0.022079870479	-0.0994419994446	0.00303798556812	-0.0925129961312	-0.00359747669562	0.000755024332722	-0.0320610152685	-0.0373003148606	0.0229866706944	0.0230198195346	-0.102825368575	0.014490823244	-0.0323997033935	0.0517578502927	0.0343107399706	0.0300111045644	0.00154788058727	-0.0639722514148	-0.0662912575076	-0.0701494179062	-0.0209383296443	0.022204845273	-0.0336115607197	-0.0439957720166	-0.00136531868728	-0.00661589121219	-0.0162329484217	-0.0196118217973	0.00614874117197	0.0174930871871	0.00089263588674	-0.0379525831511	0.0395273219479
k__Bacteria;p__Actinobacteria;c__Actinobacteria;o__Bifidobacteriales;f__Bifidobacteriaceae;g__Bifidobacterium;s__Bifidobacterium_adolescentis	0.0758061326761	-0.0123793593554	0.0142387685214	0.0198094730787	-0.019105550255	0.0121693234385	-0.0361991422061	0.0360775992106	-0.0456529868196	-0.000466155880414	0.0168114741741	-0.0215013714539	-0.0522091606914	0.0360964677396	-0.01719231823	0.0380600790512	-0.0232983873731	-0.0251903044892	-0.0156691776574	0.0449564088529	0.0490245013804	0.0238261296278	-0.0107067393894	1.0	-0.041158538365	-0.00432813113641	0.0117445129136	-0.0109574584469	-0.0342100310796	0.00600581677783	-0.0212451357505	-0.0441177368014	-0.0124453030788	-0.0445546158876	-0.00145170656781	-0.0387209675452	0.0208628672086	-0.0485588404939	-0.0107845262596	0.0213237797093	-0.0259535477939	-0.0115606424866	0.0330763335243	-0.027158551648	0.0756356762641	0.0563127271278	-0.0368334349765	-0.00949276640926	0.0428315021192	-0.0342275863517	0.01481108477	0.070971895647	-0.0318727459161	0.00864286136447	-0.0124928184873	-0.0764741742734	-0.0814752355638	-0.0109999222163	-0.0820067888631
k__Bacteria;p__Firmicutes;c__Clostridia;o__Clostridiales;f__Oscillospiraceae;g__Oscillibacter;s__Oscillibacter_sp._KLE_1745	-0.0162142008931	-0.0401344413612	0.0726139059447	-0.039774700271	-0.0578747347393	0.00355063187081	0.0424140746342	-0.0126876019395	0.00413556245389	-0.0640244758694	-0.0382405517393	-0.0049888104603	-0.0693473298983	-0.0227990855191	-0.0705902685304	0.00460820773183	0.0235850651861	0.0146447123894	0.00676149407116	0.0361746661139	0.0288196113737	-0.0392741319895	-0.0655189430716	-0.041158538365	1.0	0.00821467739481	-0.0855992424095	-0.0366558527817	0.00527572963265	-0.0332899929068	0.0368730616993	0.0324064709156	0.0145849029626	0.0100415181948	-0.00196378981061	-0.0230434922583	0.0482735465857	-0.0584764650683	0.0235945437482	-0.0637438816554	-0.0304568495336	-0.0361804675043	0.0151741477473	-0.0725463116133	0.0678815689199	0.0156091242126	-0.0628852358536	0.0078591454616	-0.0214813792043	0.0293664337535	-0.0058860860067	-0.0173994649495	-0.00257431910768	-0.0190138627555	0.0888727654091	-0.047233293917	-0.0342883409875	0.0283637901133	-0.00857548160936
k__Bacteria;p__Bacteroidetes;c__Bacteroidia;o__Bacteroidales;f__Bacteroidaceae;g__Bacteroides;s__Bacteroides_coprophilus	0.0276181025166	0.0505399007913	-0.0200325579407	-0.0634725842842	-0.0259722650477	-0.0606348249219	0.073060663905	-0.00704246958773	-0.0823791847625	0.0151246758071	0.022525732124	-0.00678445599456	0.03247103281	0.00416613751331	-0.0426555207797	-0.0100723147729	-0.0211307751706	-0.0336844930163	-0.0659975586359	0.0056130261601	0.0427367107475	-0.0534684994245	-0.0302268521287	-0.00432813113641	0.00821467739481	1.0	-0.000499238751296	0.018122442682	0.0239346971789	-0.0155870186139	-0.0881895963647	-0.0184511039902	-0.0391475056266	0.0469716431152	0.0313482475145	0.00625324626413	-0.0462788995539	-0.0174496987131	0.010749531079	0.0416889212285	-0.0334589904929	-0.0195667700349	0.0608997805492	0.0531095786992	-0.0241235810069	-0.0147554299424	0.0232395949064	-0.0577036981181	0.0533861547808	-0.00815028310175	-0.0242896903152	-0.0554042772145	0.0303864070513	-0.00693132724053	-0.0179235677372	0.0427895928126	0.0198629162338	-0.0330972761422	0.0167814976995
k__Bacteria;p__Firmicutes;c__Clostridia;o__Clostridiales;f__Lachnospiraceae;g__Roseburia;s__Roseburia_intestinalis	0.00863805511937	-0.0444482774013	-0.0206604033197	0.0229710084629	-0.0394133146565	-0.0184327312001	0.00644839410663	-0.0546494322128	-0.0117330739343	-0.0475975989698	-0.042828658648	-0.0398627387738	-0.0513239178757	-0.096976084334	-0.0300359165058	0.00761888290609	0.00372296196347	-0.0303397838228	0.0107523139092	0.0302167566809	0.00950662545848	-0.0203534522543	0.022079870479	0.0117445129136	-0.0855992424095	-0.000499238751296	1.0	-0.0302662061075	-0.0455203025564	0.000211572070563	-0.0165527906871	0.014522716941	0.0197893642623	-0.00800482360295	-0.016568506063	-0.000829050023107	-0.041225181241	-0.0510016886248	-0.00843243567037	-0.0261766327231	0.0318534936702	-0.0740182942837	0.000589329818983	-0.0621678980126	-0.0546541019886	0.0355858611757	0.0434160107653	-0.0759951041051	-0.0460919359393	0.00731076546067	0.0194090786748	0.0553922363089	-0.0489348748377	-0.0293773090568	0.0181005588724	0.106424435821	0.0329054196669	-0.0567391295507	-0.0412506894119
k__Bacteria;p__Firmicutes;c__Clostridia;o__Clostridiales;f__Lachnospiraceae;g__Roseburia;s__Roseburia_hominis	0.0464157931689	-0.00743442451107	-0.0168438520856	0.0611247806684	-0.00940170504115	-0.0582484486757	0.0276135432785	0.0232627692909	-0.0611073738629	-0.0034590247832	-0.0373329616306	-0.041845544837	0.0120690578611	0.0296921650685	-0.0342534950174	-0.078863892353	-0.0365544797771	0.0347145695562	0.027360261356	-0.00772527859257	-0.0198021384024	-0.00055589786129	-0.0994419994446	-0.0109574584469	-0.0366558527817	0.018122442682	-0.0302662061075	1.0	0.048205186119	0.0171594741749	0.0242361553524	-0.0612602242095	-0.0125588014679	-0.0309018643331	-0.0207458308251	-0.103325239434	0.000193750756813	0.0501374180385	0.0499402431465	-0.00340058392494	-0.0377030709884	-0.0778200280191	0.0469166288464	-0.0324658766889	-0.0518893953356	-0.00747540578646	0.0324639991927	0.0220913074331	0.0101257223781	0.0682397403109	-0.0298066308936	-0.0316765124702	0.0212546173907	-0.00714376380516	0.0486009118384	0.0110975638802	-0.0123209521433	-0.0399316221825	0.044964925824
k__Bacteria;p__Bacteroidetes;c__Bacteroidia;o__Bacteroidales;f__Porphyromonadaceae;g__Parabacteroides;s__Parabacteroides_johnsonii	0.0848851833021	-0.0592131154358	0.0123071418801	0.0422056964909	-0.00827613748798	-0.00591693795436	0.0106338716725	-0.0434441174483	-0.0347870757545	-0.00166550771839	-0.117082739401	-0.0760639990436	0.0273893892816	-0.0802790193388	0.0147412921366	0.0414607628321	0.028446235229	0.0765311989764	-0.00476520681686	0.0228976740272	0.0612358519831	-0.0109530944201	0.00303798556812	-0.0342100310796	0.00527572963265	0.0239346971789	-0.0455203025564	0.048205186119	1.0	-0.0300807643803	-0.0213265281771	0.0175271474405	-0.0839392983402	-0.020504184488	-0.063763278894	0.0677814784525	-0.0331870974891	0.016651520277	-0.0231761860624	-0.00170247250342	0.0447238525112	0.0382938971958	-0.0312305505728	-0.0160508073016	0.013516464402	0.0049581153908	-0.0465519985	0.0875197363066	-0.0449475644731	-0.0623587459848	-0.0913204926827	-0.0148851034369	-0.0160055235125	-0.00468058902436	-0.0476105497792	0.024225443123	-0.0279000656232	-0.0172294560635	-0.0203901964911
k__Bacteria;p__Actinobacteria;c__Actinobacteria;o__Bifidobacteriales;f__Bifidobacteriaceae;g__Bifidobacterium;s__Bifidobacterium_longum	-0.00175180961543	-0.0328835407775	-0.0301421280516	0.0247389214845	0.0212711097742	0.0041339825183	0.0305643869669	-0.0194050018118	-0.00481231395867	0.0387521955102	0.0524361906343	0.0348171544729	0.0340368341292	0.0169343191403	0.029371015716	0.0211135232436	-0.00737411907912	0.0174967196616	-0.0200815316843	-0.00372353533568	0.00494484271525	0.001576687071	-0.0925129961312	0.00600581677783	-0.0332899929068	-0.0155870186139	0.000211572070563	0.0171594741749	-0.0300807643803	1.0	0.014776755428	-0.0270417936304	-0.0556334262569	-0.0284624661051	0.0807882394571	-0.0530064455189	0.0480401836234	-0.0861632441851	-0.00644289186841	-0.0233627185701	-0.0784842871994	-0.0452455312017	-0.0290404575489	-0.0175220765107	0.0228414153051	-0.0359453272891	-0.0583494251787	-0.00266961961793	-0.040742940718	0.0186341459589	0.0598709918041	-0.00193069645975	-0.0186508275724	0.0695816668698	-0.0191798240315	-0.0487856227319	-0.0398336020609	0.000237459486623	-0.0280845359119
