#taxonomy	k__Bacteria;p__Bacteroidetes;c__Bacteroidia;o__Bacteroidales;f__Bacteroidaceae;g__Bacteroides;s__Bacteroides_vulgatus	k__Bacteria;p__Bacteroidetes;c__Bacteroidia;o__Bacteroidales;f__Bacteroidaceae;g__Bacteroides;s__Bacteroides_uniformis	k__Bacteria;p__Bacteroidetes;c__Bacteroidia;o__Bacteroidales;f__Rikenellaceae;g__Alistipes;s__Alistipes_putredinis	k__Bacteria;p__Bacteroidetes;c__Bacteroidia;o__Bacteroidales;f__Prevotellaceae;g__Prevotella;s__Prevotella_copri	k__Bacteria;p__Bacteroidetes;c__Bacteroidia;o__Bacteroidales;f__Bacteroidaceae;g__Bacteroides;s__Bacteroides_stercoris	k__Bacteria;p__Bacteroidetes;c__Bacteroidia;o__Bacteroidales;f__Bacteroidaceae;g__Bacteroides;s__Bacteroides_ovatus	k__Bacteria;p__Bacteroidetes;c__Bacteroidia;o__Bacteroidales;f__Rikenellaceae;g__Alistipes;s__Alistipes_shahii	k__Bacteria;p__Firmicutes;c__Clostridia;o__Clostridiales;f__Ruminococcaceae;g__Faecalibacterium;s__Faecalibacterium_prausnitzii	k__Bacteria;p__Bacteroidetes;c__Bacteroidia;o__Bacteroidales;f__Rikenellaceae;g__Alistipes;s__Alistipes_finegoldii	k__Bacteria;p__Bacteroidetes;c__Bacteroidia;o__Bacteroidales;f__Porphyromonadaceae;g__Parabacteroides;s__Parabacteroides_distasonis	k__Bacteria;p__Bacteroidetes;c__Bacteroidia;o__Bacteroidales;f__Bacteroidaceae;g__Bacteroides;s__Bacteroides_thetaiotaomicron	k__Bacteria;p__Bacteroidetes;c__Bacteroidia;o__Bacteroidales;f__Bacteroidaceae;g__Bacteroides;s__Bacteroides_coprocola	k__Bacteria;p__Bacteroidetes;c__Bacteroidia;o__Bacteroidales;f__Bacteroidaceae;g__Bacteroides;s__Bacteroides_cellulosilyticus	k__Bacteria;p__Bacteroidetes;c__Bacteroidia;o__Bacteroidales;f__Rikenellaceae;g__Alistipes;s__Alistipes_obesi	k__Bacteria;p__Firmicutes;c__Clostridia;o__Clostridiales;f__Lachnospiraceae;g__;s__[Eubacterium]_rectale	k__Bacteria;p__Bacteroidetes;c__Bacteroidia;o__Bacteroidales;f__Bacteroidaceae;g__Bacteroides;s__Bacteroides_plebeius	k__Bacteria;p__Bacteroidetes;c__Bacteroidia;o__Bacteroidales;f__Bacteroidaceae;g__Bacteroides;s__Bacteroides_fragilis	k__Bacteria;p__Proteobacteria;c__Betaproteobacteria;o__Burkholderiales;f__Sutterellaceae;g__Sutterella;s__Sutterella_wadsworthensis	k__Bacteria;p__Bacteroidetes;c__Bacteroidia;o__Bacteroidales;f__Porphyromonadaceae;g__Barnesiella;s__Barnesiella_intestinihominis	k__Bacteria;p__Bacteroidetes;c__Bacteroidia;o__Bacteroidales;f__Odoribacteraceae;g__Odoribacter;s__Odoribacter_splanchnicus	k__Bacteria;p__Bacteroidetes;c__Bacteroidia;o__Bacteroidales;f__Bacteroidaceae;g__Bacteroides;s__Bacteroides_salyersiae	k__Bacteria;p__Firmicutes;c__Clostridia;o__Clostridiales;f__Ruminococcaceae;g__Ruminiclostridium;s__[Eubacterium]_siraeum	k__Bacteria;p__Proteobacteria;c__Betaproteobacteria;o__Burkholderiales;f__Sutterellaceae;g__Parasutterella;s__Parasutterella_excrementihominis	k__Bacteria;p__Actinobacteria;c__Actinobacteria;o__Bifidobacteriales;f__Bifidobacteriaceae;g__Bifidobacterium;s__Bifidobacterium_adolescentis	k__Bacteria;p__Firmicutes;c__Clostridia;o__Clostridiales;f__Oscillospiraceae;g__Oscillibacter;s__Oscillibacter_sp._KLE_1745	k__Bacteria;p__Bacteroidetes;c__Bacteroidia;o__Bacteroidales;f__Bacteroidaceae;g__Bacteroides;s__Bacteroides_coprophilus	k__Bacteria;p__Firmicutes;c__Clostridia;o__Clostridiales;f__Lachnospiraceae;g__Roseburia;s__Roseburia_intestinalis	k__Bacteria;p__Firmicutes;c__Clostridia;o__Clostridiales;f__Lachnospiraceae;g__Roseburia;s__Roseburia_hominis	k__Bacteria;p__Bacteroidetes;c__Bacteroidia;o__Bacteroidales;f__Porphyromonadaceae;g__Parabacteroides;s__Parabacteroides_johnsonii	k__Bacteria;p__Actinobacteria;c__Actinobacteria;o__Bifidobacteriales;f__Bifidobacteriaceae;g__Bifidobacterium;s__Bifidobacterium_longum	k__Bacteria;p__Firmicutes;c__Clostridia;o__Clostridiales;f__;g__Flavonifractor;s__Flavonifractor_plautii	k__Bacteria;p__Firmicutes;c__Clostridia;o__Clostridiales;f__Clostridiaceae;g__Clostridium;s__Clostridium_phoceensis	k__Bacteria;p__Verrucomicrobia;c__Verrucomicrobiae;o__Verrucomicrobiales;f__Akkermansiaceae;g__Akkermansia;s__Akkermansia_muciniphila	k__Bacteria;p__Bacteroidetes;c__Bacteroidia;o__Bacteroidales;f__Prevotellaceae;g__Paraprevotella;s__Paraprevotella_xylaniphila	k__Bacteria;p__Firmicutes;c__Clostridia;o__Clostridiales;f__Ruminococcaceae;g__Ruminococcus;s__Ruminococcus_callidus	k__Bacteria;p__Bacteroidetes;c__Bacteroidia;o__Bacteroidales;f__Rikenellaceae;g__Alistipes;s__Alistipes_senegalensis	k__Bacteria;p__Firmicutes;c__Clostridia;o__Clostridiales;f__Lachnospiraceae;g__Blautia;s__Blautia_sp._KLE_1732	k__Bacteria;p__Bacteroidetes;c__Bacteroidia;o__Bacteroidales;f__Bacteroidaceae;g__Bacteroides;s__Bacteroides_oleiciplenus	k__Bacteria;p__Firmicutes;c__Clostridia;o__Clostridiales;f__Ruminococcaceae;g__Ruminococcus;s__Ruminococcus_bicirculans	k__Bacteria;p__Bacteroidetes;c__Bacteroidia;o__Bacteroidales;f__Bacteroidaceae;g__Bacteroides;s__Bacteroides_fluxus	k__Bacteria;p__Bacteroidetes;c__Bacteroidia;o__Bacteroidales;f__Prevotellaceae;g__Prevotella;s__Prevotella_stercorea	k__Bacteria;p__Firmicutes;c__Clostridia;o__Clostridiales;f__Lachnospiraceae;g__Dorea;s__Dorea_longicatena	k__Bacteria;p__Firmicutes;c__Clostridia;o__Clostridiales;f__Eubacteriaceae;g__Eubacterium;s__[Eubacterium]_eligens	k__Bacteria;p__Firmicutes;c__Clostridia;o__Clostridiales;f__Ruminococcaceae;g__;s__Ruminococcaceae_bacterium_D16	k__Bacteria;p__Firmicutes;c__Clostridia;o__Clostridiales;f__Lachnospiraceae;g__Coprococcus;s__Coprococcus_comes	k__Bacteria;p__Proteobacteria;c__Gammaproteobacteria;o__Enterobacterales;f__Enterobacteriaceae;g__Escherichia;s__Escherichia_coli	k__Bacteria;p__Firmicutes;c__Clostridia;o__Clostridiales;f__Ruminococcaceae;g__Anaerotruncus;s__Anaerotruncus_colihominis	k__Bacteria;p__Firmicutes;c__Clostridia;o__Clostridiales;f__Lachnospiraceae;g__Blautia;s__Blautia_obeum	k__Bacteria;p__Bacteroidetes;c__Bacteroidia;o__Bacteroidales;f__Odoribacteraceae;g__Odoribacter;s__Odoribacter_laneus	k__Bacteria;p__Firmicutes;c__Clostridia;o__Clostridiales;f__Ruminococcaceae;g__Ruminiclostridium;s__[Clostridium]_leptum	k__Bacteria;p__Bacteroidetes;c__Bacteroidia;o__Bacteroidales;f__Porphyromonadaceae;g__Parabacteroides;s__Parabacteroides_goldsteinii	k__Bacteria;p__Firmicutes;c__Clostridia;o__Clostridiales;f__Lachnospiraceae;g__Anaerostipes;s__Anaerostipes_hadrus	k__Bacteria;p__Firmicutes;c__Clostridia;o__Clostridiales;f__Ruminococcaceae;g__Ruminococcus;s__Ruminococcus_lactaris	k__Bacteria;p__Firmicutes;c__Clostridia;o__Clostridiales;f__Clostridiaceae;g__Clostridium;s__Clostridium_sp._L2-50	k__Bacteria;p__Firmicutes;c__Clostridia;o__Clostridiales;f__Clostridiaceae;g__Clostridium;s__Clostridium_sp._M62/1	k__Bacteria;p__Firmicutes;c__Clostridia;o__Clostridiales;f__;g__Intestinimonas;s__Intestinimonas_butyriciproducens	k__Bacteria;p__Actinobacteria;c__Actinobacteria;o__Bifidobacteriales;f__Bifidobacteriaceae;g__Bifidobacterium;s__Bifidobacterium_bifidum	k__Bacteria;p__Firmicutes;c__Negativicutes;o__Veillonellales;f__Veillonellaceae;g__Dialister;s__Dialister_invisus	k__Bacteria;p__Bacteroidetes;c__Bacteroidia;o__Bacteroidales;f__Bacteroidaceae;g__Bacteroides;s__Bacteroides_salanitronis
k__Bacteria;p__Bacteroidetes;c__Bacteroidia;o__Bacteroidales;f__Bacteroidaceae;g__Bacteroides;s__Bacteroides_vulgatus	1.0	-0.014793755005	-0.0290777280421	0.0236051717215	0.0213117888324	0.00442282789057	-0.02651223051	0.0664480896466	-0.0313712938217	-0.0303910061518	0.015175361541	0.0353906854763	-0.0491178218344	-0.0765418506799	-0.0300571655055	-0.0520810875045	-0.0378649696931	0.00282124976062	-0.104735660453	-0.00551012349508	-0.0223570389931	-0.0139326435391	-0.00247178910997	-0.0247558007771	-0.0545699683011	0.00772853687997	0.0309475426651	-0.00599097563899	-0.042806482369	0.0514226830976	0.0301122742763	-0.0408661902832	-0.0055558939979	-0.05381930594	-0.00621468806032	-0.0162249993232	0.0519136263771	0.00566700121427	0.0250862733724	0.114455946336	0.0690689862635	-0.0348270151371	-0.000383158979044	-0.0366522502164	0.0244177309334	-0.0194570246343	0.0113693549694	0.0378207410519	-0.109356472886	-0.054438583417	0.0132304679737	0.00293274188115	0.00293478282311	-0.0305933539304	-0.0321502194241	0.00267620837329	-0.0173038450023	-0.0551004777504	0.0382542676547
k__Bacteria;p__Bacteroidetes;c__Bacteroidia;o__Bacteroidales;f__Bacteroidaceae;g__Bacteroides;s__Bacteroides_uniformis	-0.014793755005	1.0	-0.0252333460545	-0.0513919565914	-0.080731043878	0.0411983175049	0.0152435605615	-0.0252442508565	-0.0352288513529	0.0909607958639	-0.0206221572902	0.0093565039192	0.00314895110547	-0.0182128179839	0.0634181736497	0.00631085495163	-0.0153470453981	-0.00561685502033	0.0958658494973	-0.040461611474	-0.00648298902558	-0.101098489725	-0.079964679274	0.0212506282039	0.0413359008205	0.0238496804032	0.0437721891539	0.0112947762155	-0.0722014969366	0.030798094816	-0.0362230617065	-0.00403958008111	0.0493429140019	-0.0459700823837	-0.0373723536893	-0.073069649623	-0.0788763639179	-0.00065870139641	0.0162673899936	-0.0513231154773	-0.0616302953171	-0.0301224137391	0.0402728558529	0.034103087004	-0.041568043191	-0.0615336920087	0.00951438697879	-0.0475981612646	-0.0835874538342	0.00140882355564	-0.0274978176474	-0.00189160736878	0.0377807676903	0.0211071777939	-0.0204619494882	0.0304689070115	0.00719920086019	0.00814795691352	-0.029208000298
k__Bacteria;p__Bacteroidetes;c__Bacteroidia;o__Bacteroidales;f__Rikenellaceae;g__Alistipes;s__Alistipes_putredinis	-0.0290777280421	-0.0252333460545	1.0	-0.0960622330664	0.000322571382687	0.0665715953387	0.0373386330871	0.0455030212703	0.0337884177727	-0.0384881605819	-0.0430736869462	0.0204261007092	-0.0277769692453	-0.0511802323649	0.0147223158307	-0.0507741269545	-0.0598101514982	-0.0110726554929	-0.0796856378105	0.00256035347897	0.033923514971	-0.0120827666651	0.0344610536038	-0.0250477000115	0.0277882004421	-0.00593924022811	-0.0427849031682	-0.010898163062	0.0345413691255	0.0899567738895	-0.0125391048271	0.0138558424142	-0.0171137140816	-0.0215336417898	0.0648982876581	-0.0408491788564	0.014059191754	0.0344024417051	-0.0238983315604	-0.0472214243298	0.0113132837627	-0.0312936513349	-0.087030234271	-0.0260055007411	0.0487153762049	0.00901461678067	-0.00716631029369	-0.0260127013156	-0.0263439098837	0.00833775285721	-0.00621396808901	-0.000204732796831	0.0555931752622	0.00712758335923	-0.0744550917058	-0.0552614209658	-0.0455678202286	0.0268381784154	0.0317127703209
k__Bacteria;p__Bacteroidetes;c__Bacteroidia;o__Bacteroidales;f__Prevotellaceae;g__Prevotella;s__Prevotella_copri	0.0236051717215	-0.0513919565914	-0.0960622330664	1.0	-0.00448918232657	-0.0195576506257	-0.0811146524025	-0.0540240491082	0.00733364641322	-0.00060866699268	-0.10316462393	-0.0101933442247	0.0124011644482	0.0286356279064	-0.0691302803417	-0.00151748028618	-0.0196148353316	-0.0495838680788	0.0120224098298	-0.0351042030862	-0.0245871152663	-0.0679788508321	0.0245561947007	-0.00876937806461	-0.0160288015883	0.0428703377597	0.0108289501798	0.0303723715741	-0.000453878009014	-0.0501721058982	0.0413100485143	0.0513930523748	0.0205838637539	0.00676100749068	-0.0239518843214	-0.00184809380599	-0.0420249869983	-0.0596837616331	-0.00788987363264	-0.0197050610883	-0.0087069328966	-0.0106142008915	-0.0485067752253	-0.00811066337851	-0.0392202200267	0.0118342288057	0.0322263660484	-0.0158002081097	0.0212251080691	-0.0554536353527	-0.0101883114181	-0.0109264897271	0.000507185581848	-0.0140082894852	0.009825138412	0.0409460224409	0.0771129510193	-0.0205549765947	0.133213942984
k__Bacteria;p__Bacteroidetes;c__Bacteroidia;o__Bacteroidales;f__Bacteroidaceae;g__Bacteroides;s__Bacteroides_stercoris	0.0213117888324	-0.080731043878	0.000322571382687	-0.00448918232657	1.0	-0.0168083188981	0.0196779936812	0.0232055730241	0.00592908976013	-0.0533474257348	0.0141909592063	-0.00406840613031	-0.021393653453	-0.0636004821482	-0.0242624114986	0.0082034933582	-0.0515637442492	-0.0625485079905	-0.0137541707187	-0.0394720413989	-0.106447192565	-0.0424248975574	-0.00561660198534	-0.00425348882147	0.0317572991922	-0.0250460189817	-0.0770537259534	-0.0244266985263	-0.0726064048493	-0.0277906004605	-0.0376619867241	0.023552476121	0.0281180118688	-0.00246902165689	-0.0403516630286	0.0753424327442	-0.0477735816581	0.0396530113987	0.0386919713876	-0.0141490540769	0.0262890927935	0.0437152645493	-0.000732288268928	-0.0130121741666	-0.0652757731321	-0.072459223347	0.00545199818804	0.0278904537802	-0.0704202492964	-0.0231198991937	-0.0399389709015	0.0628680292036	-0.00231816197885	-0.0624252539615	0.0179441379451	-0.0322632309807	0.0324854436005	-0.00768829521544	0.0437021411388
k__Bacteria;p__Bacteroidetes;c__Bacteroidia;o__Bacteroidales;f__Bacteroidaceae;g__Bacteroides;s__Bacteroides_ovatus	0.00442282789057	0.0411983175049	0.0665715953387	-0.0195576506257	-0.0168083188981	1.0	0.00408789633173	0.0125080363552	-0.0234141020116	-0.0310480287857	0.0332619819036	-0.023420441212	-0.00310822143399	-0.0891515396646	0.0647968298477	0.0555273392426	-0.0374590219442	0.00239644300811	0.00748417258037	0.00914263476371	-0.0690410505989	-0.0436542466198	-0.0243084890409	-0.064035508583	-0.0478274908482	0.0185022239517	0.0038127581358	-0.0168905885337	-0.0265643221888	-0.00119749814781	0.00675453435888	0.0235516465121	-0.0430097204534	-0.0157442732434	-0.0111526260632	0.0144863036141	0.00208926665336	0.0243798677854	-0.0342912883715	-0.0239764897374	0.00298144819091	-0.0259103174014	-0.0449241458808	-0.036534842869	0.0287045381652	0.147015571695	-0.00129174743506	-0.0154106221908	-0.0245127998844	-0.0447031715965	0.0116981850951	0.0117942105694	-0.0041991514163	0.0687870237163	-0.0705700612589	-0.00352605956627	-0.0464727384197	-0.0395277515355	0.0654074636927
k__Bacteria;p__Bacteroidetes;c__Bacteroidia;o__Bacteroidales;f__Rikenellaceae;g__Alistipes;s__Alistipes_shahii	-0.02651223051	0.0152435605615	0.0373386330871	-0.0811146524025	0.0196779936812	0.00408789633173	1.0	0.0580799197495	0.0528065991985	0.0108963625264	0.0231959042912	0.0276900855835	-0.0512281154292	0.0411785742184	0.0136703457795	0.0119663159189	0.0306658679838	-0.0353230505592	0.0174116611891	-0.041836326464	-0.0997337107157	-0.0141949993167	-0.00249920938541	-0.0515951660878	-0.00569092156339	0.0234561794818	-0.0270841901411	0.0390636053182	-0.060252060601	-0.0794385153967	-0.0223680444243	-0.0320286664675	-0.045109598022	-0.0226909205385	-0.049035802225	0.00930256045553	-0.0299006075618	0.0742963539796	-0.00662951883286	-0.0534561635251	-0.031824233602	0.0421790959735	-0.123545577579	0.0353057963077	-0.0252925879584	0.073246010894	-0.0345998984437	0.036737976166	0.0472475079609	-0.00686152685293	0.0456827471168	-0.0166498161804	0.0186368143637	-0.0192431552173	-0.0307615699978	0.0783510888501	-0.0547262690467	-0.0388424657591	-0.0737305631326
k__Bacteria;p__Firmicutes;c__Clostridia;o__Clostridiales;f__Ruminococcaceae;g__Faecalibacterium;s__Faecalibacterium_prausnitzii	0.0664480896466	-0.0252442508565	0.0455030212703	-0.0540240491082	0.0232055730241	0.0125080363552	0.0580799197495	1.0	-0.0821354877403	-0.0347616839184	-0.016787560848	0.0501385475728	-0.0336498015636	0.00249420301726	-0.0693324342806	-0.0608120765474	-0.00768255206421	0.0579972026654	0.00436362658331	0.0271695876712	0.028923418554	0.0267043311029	0.0176233848979	0.0321778792361	0.0869157976163	-0.0168192938348	0.0294814186452	-0.0698708452091	0.00776391650409	0.0262251837394	-0.0080887434888	0.0206258409099	-0.00849891451488	0.0261235930844	0.0416063721899	-0.040161603519	-0.042195481361	-0.000999713964127	-0.0174456955415	0.00831021691147	-0.0371081636732	0.0470595072846	-0.0570072972121	0.0147612980686	-0.0356092140253	0.00516962552537	-0.00965099666332	-0.0584545450002	0.0596638599844	0.0110584528033	-0.0221139864657	0.00971790081534	-0.0559166190282	-0.025132176069	-0.0633358105394	-0.0400913999738	-0.010523533764	0.0298225788098	-0.0213963015076
k__Bacteria;p__Bacteroidetes;c__Bacteroidia;o__Bacteroidales;f__Rikenellaceae;g__Alistipes;s__Alistipes_finegoldii	-0.0313712938217	-0.0352288513529	0.0337884177727	0.00733364641322	0.00592908976013	-0.0234141020116	0.0528065991985	-0.0821354877403	1.0	-0.0612049504158	0.0083271977881	0.0345958037775	-0.078479989751	-0.0336500163816	-0.0373307401205	-0.030945627505	-0.0624432159264	-0.0244728414963	-0.00254569238867	0.0519910510746	-0.0380770980606	0.0223291913058	0.0935379249207	0.0102879068996	-0.057676402864	0.0150111357614	0.0168103921949	-0.0492777730829	0.0290580036645	0.0142598892411	-0.00951682131687	0.000945025823158	-0.0353216971143	-0.0101411529335	-0.0128064808993	-0.0993469789116	0.00206141697002	0.0547525207167	-0.0797362184057	0.0355188611924	-0.0291544524646	-0.0324982870638	-0.0771566497763	-0.0118909653787	-0.0104979848233	-0.0517930599876	0.0818370851365	-0.0225126239287	-0.0414062696678	-0.057266076591	0.0018377814582	-0.003278186953	-0.000643349329671	-0.0595810160261	-0.016539804198	0.00612230698013	-0.0444092129549	-0.0420875016581	-0.0239975562554
k__Bacteria;p__Bacteroidetes;c__Bacteroidia;o__Bacteroidales;f__Porphyromonadaceae;g__Parabacteroides;s__Parabacteroides_distasonis	-0.0303910061518	0.0909607958639	-0.0384881605819	-0.00060866699268	-0.0533474257348	-0.0310480287857	0.0108963625264	-0.0347616839184	-0.0612049504158	1.0	-0.00613025627711	0.00813883667609	-0.0330990164686	0.0555372532584	0.0331154041847	0.0271444304924	-0.0334396446876	-0.0127673635858	-0.0505914568721	-0.049259120407	-0.0168992832535	0.0531130572779	-0.0174571424603	-0.0356560220575	0.0464960886274	0.0284519320216	0.0584481920676	0.0253308913485	-0.00956355203102	0.0254975814616	0.0046157362684	-0.0419687074445	-0.0430194544611	-0.0400524799367	-0.0483971609369	-0.0611711686489	-0.00831724251238	-0.0255405517878	-0.0287686733372	-0.00883822813948	0.00750616944758	0.056568904371	-0.00255336451074	0.00773948697774	-0.0430529201605	0.0284825139556	0.0858646352848	0.0258913117642	0.000865034551006	-0.0210837782934	-0.0086986448848	-0.00573460522078	-0.0531709586201	-0.0883511738353	-0.000379675437767	-0.0515135588985	-0.0105722277023	-0.0388575163365	0.0293169721377
k__Bacteria;p__Bacteroidetes;c__Bacteroidia;o__Bacteroidales;f__Bacteroidaceae;g__Bacteroides;s__Bacteroides_thetaiotaomicron	0.015175361541	-0.0206221572902	-0.0430736869462	-0.10316462393	0.0141909592063	0.0332619819036	0.0231959042912	-0.016787560848	0.0083271977881	-0.00613025627711	1.0	0.0200028161054	0.0112997712844	-0.0233539933652	-0.0153628696452	0.000512687091132	0.072725903092	0.0391036410278	-0.0269324706136	-0.0197259685739	0.0294548734363	-0.0309500825541	0.00281241791323	0.0191030237263	-0.0897438475297	-0.0115723382312	-0.061251532121	-0.0251554702651	-0.0195802869328	0.0258614246628	0.0420306759399	-0.0417666191187	-0.0050716584748	-0.0390042900451	0.022584370875	-0.00640746149403	-0.0262116105404	0.00067266054587	0.0304557607204	-0.0199559188086	0.0270856450857	0.0113810874975	-0.0197114562426	0.0342134686184	-0.00246516577821	0.00439594129378	-0.0140485844395	0.0720144316924	-0.0178388250041	0.0250107147811	-0.092982612237	0.0826950666751	0.0145841178285	-0.00501233605105	0.00711524108756	0.0398570429554	-0.0523645145808	0.075590338356	-0.0617677656284
k__Bacteria;p__Bacteroidetes;c__Bacteroidia;o__Bacteroidales;f__Bacteroidaceae;g__Bacteroides;s__Bacteroides_coprocola	0.0353906854763	0.0093565039192	0.0204261007092	-0.0101933442247	-0.00406840613031	-0.023420441212	0.0276900855835	0.0501385475728	0.0345958037775	0.00813883667609	0.0200028161054	1.0	-0.0673847506901	-0.00780205522241	-0.0585112836124	-0.0480251266491	0.0069315358938	-0.0636428391471	-0.00122189343026	0.0947058457592	-0.0293157795761	0.0654275644727	0.0317745421098	0.00602798846241	0.029549070281	-0.0497319627929	-0.0376335570591	-0.0189239680591	0.00978510570265	-0.0530518853554	-0.0197915977362	0.00215141100234	-0.0706705386562	-0.0304506519513	0.0406588056107	-0.0437015641853	-0.00240991802874	0.000281819087427	-0.038468452973	-0.0581564637627	0.014695423604	-0.0293925447395	0.014542248551	0.0624679271147	-0.0147772443284	-0.0367607889533	0.0408096231355	-0.000746162234759	-0.0166758759812	0.0264668218046	0.000704644837209	-0.0457972206153	-0.0170267900758	0.0293961486142	0.00139206268239	-0.0330308113199	0.00462755065565	0.0140616348694	0.0106327369617
k__Bacteria;p__Bacteroidetes;c__Bacteroidia;o__Bacteroidales;f__Bacteroidaceae;g__Bacteroides;s__Bacteroides_cellulosilyticus	-0.0491178218344	0.00314895110547	-0.0277769692453	0.0124011644482	-0.021393653453	-0.00310822143399	-0.0512281154292	-0.0336498015636	-0.078479989751	-0.0330990164686	0.0112997712844	-0.0673847506901	1.0	0.0426413320246	-0.00491192959293	-0.0666961216451	-0.0171900507497	-0.00556681625337	0.010748286684	-0.0451760955421	0.0021608196574	0.0210368791401	-0.108851366737	-0.0257231751589	0.0182187327398	-0.0700315610563	-0.131218117058	0.0113866880275	0.0526098255562	-0.0202356656336	0.0504365299597	-0.0409030668266	-0.0100956850287	0.00345414679518	-0.0168470002554	0.0404281591408	-0.0831105081375	-0.0564452775162	0.0223536227054	0.0293966891645	-0.0550169602232	0.0379772902115	-0.00387093675862	0.0402716088449	-0.0246178237861	-0.0386165742308	-0.012709742057	-0.0750800729847	0.00826751126401	0.0837247253502	0.0100619715466	-0.00351019445389	0.0151256820807	-0.00446968481328	-0.0542082763183	0.0908664591315	-0.0975381873762	-0.0275117617742	-0.055359816367
k__Bacteria;p__Bacteroidetes;c__Bacteroidia;o__Bacteroidales;f__Rikenellaceae;g__Alistipes;s__Alistipes_obesi	-0.0765418506799	-0.0182128179839	-0.0511802323649	0.0286356279064	-0.0636004821482	-0.0891515396646	0.0411785742184	0.00249420301726	-0.0336500163816	0.0555372532584	-0.0233539933652	-0.00780205522241	0.0426413320246	1.0	0.0660720706167	0.0302271879045	0.0172196714814	-0.0426111357111	-0.0150879427616	-0.0144869996192	0.0336324438769	-0.0254962067772	-0.0769461371621	0.0191691305482	0.0569357837145	-0.0247276624544	-0.0321422797786	-0.0601134938367	0.0573873593505	-0.0263062999877	0.050369097071	0.0109394902376	-0.0830992991732	-0.000840763009996	0.0163993944889	0.0351528682031	0.0112840517785	-0.068346786324	-0.0732603387096	-0.0670540373192	0.0804220768208	0.0208893659834	-0.0293924359578	0.0372554158357	-0.0835695852696	0.0570560604006	-0.0501270905202	-0.01555506558	-0.0222211415996	-0.00309721036069	0.0159612898668	0.00479802304389	0.01159768897	-0.0534018627256	0.0382649964104	-0.00575068864747	-0.0310163182026	-0.00770863387984	-0.0957276558992
k__Bacteria;p__Firmicutes;c__Clostridia;o__Clostridiales;f__Lachnospiraceae;g__;s__[Eubacterium]_rectale	-0.0300571655055	0.0634181736497	0.0147223158307	-0.0691302803417	-0.0242624114986	0.0647968298477	0.0136703457795	-0.0693324342806	-0.0373307401205	0.0331154041847	-0.0153628696452	-0.0585112836124	-0.00491192959293	0.0660720706167	1.0	0.00877905497409	-0.0843953077154	0.0188843244267	0.031778986621	-0.0204362173527	-0.0702863666611	0.0270864129842	0.00213338110797	-0.0202296750445	0.00440573508521	-0.0155347607095	-0.0134725378131	-0.0372142617698	-0.0204106656544	0.00704033238441	-0.0533718081031	-0.0181720039287	-0.0342107045088	0.00669990041644	-0.0150201937799	0.0267464389741	0.0169023397866	0.0588525199139	-0.0376935126811	-0.0716577879578	-0.038013772336	0.0191359959442	0.0500732710298	-0.0812767510669	-0.00620935292858	0.036622983752	-0.0243234389338	0.0455674224252	0.0222329149894	-0.0154413191855	0.0156405881958	-0.0966442434882	0.00111565816807	-0.0182291014124	0.0674549019816	-0.0172396676642	0.0328474657456	-0.0177280483853	0.0391443298508
k__Bacteria;p__Bacteroidetes;c__Bacteroidia;o__Bacteroidales;f__Bacteroidaceae;g__Bacteroides;s__Bacteroides_plebeius	-0.0520810875045	0.00631085495163	-0.0507741269545	-0.00151748028618	0.0082034933582	0.0555273392426	0.0119663159189	-0.0608120765474	-0.030945627505	0.0271444304924	0.000512687091132	-0.0480251266491	-0.0666961216451	0.0302271879045	0.00877905497409	1.0	0.0203325836798	0.0341555029652	0.00916921325748	0.00420645289944	0.0555259989322	0.0013618623339	-0.047063091379	0.00266040568872	-0.0124158359559	0.0380769716238	-0.0131897892961	-0.0134204938095	-0.0305506063002	0.00965018203685	-0.0385501350787	-0.0383678236295	-0.0185075747382	-0.000951414630171	0.0245184806935	0.033229277635	0.0117161534941	0.0134967284575	0.0384305923626	0.0174167571919	0.0311203730558	-0.0422623851405	0.00471610280774	-0.0562385872065	0.00733414332641	-0.0203547141819	-0.0542612275582	-0.0452640319612	0.0684962988882	-0.0701247114542	-0.0491889989513	-0.00830699787025	-0.00534844288115	0.00883333350928	-0.0162226005789	-0.0142779320586	-0.0544056703418	-0.0798533306198	-0.0771734870872
k__Bacteria;p__Bacteroidetes;c__Bacteroidia;o__Bacteroidales;f__Bacteroidaceae;g__Bacteroides;s__Bacteroides_fragilis	-0.0378649696931	-0.0153470453981	-0.0598101514982	-0.0196148353316	-0.0515637442492	-0.0374590219442	0.0306658679838	-0.00768255206421	-0.0624432159264	-0.0334396446876	0.072725903092	0.0069315358938	-0.0171900507497	0.0172196714814	-0.0843953077154	0.0203325836798	1.0	-0.0529607673448	-0.0164801475758	-0.0597885901566	-0.00605432314154	-0.0264212702199	0.0414821860108	0.0152666387073	-0.0344826466925	-0.0320226047109	-0.0314153198826	0.00185405524047	-0.0222377091783	-0.00686976426938	0.00311170035759	-0.0706826508556	-0.0352306499381	0.0148828712327	-0.0376247075539	-0.0520093665835	0.0172775113637	-0.0535079279334	-0.0460649952772	-0.0255328739877	-0.0509048867375	-0.0117802689233	0.0321807035943	0.0989040097622	-0.00841791992499	0.0119940391184	-0.0363089110215	0.0207322585756	-0.00533150590616	0.0482832478877	0.0651047609919	-0.0157240403956	0.0247053151253	-0.0465899351606	-0.0655568670574	-0.0451752965508	0.0190816910789	-0.011030994736	-0.00892288722261
k__Bacteria;p__Proteobacteria;c__Betaproteobacteria;o__Burkholderiales;f__Sutterellaceae;g__Sutterella;s__Sutterella_wadsworthensis	0.00282124976062	-0.00561685502033	-0.0110726554929	-0.0495838680788	-0.0625485079905	0.00239644300811	-0.0353230505592	0.0579972026654	-0.0244728414963	-0.0127673635858	0.0391036410278	-0.0636428391471	-0.00556681625337	-0.0426111357111	0.0188843244267	0.0341555029652	-0.0529607673448	1.0	0.0486967662228	-0.0136761115346	0.0439872598124	-0.0250817526645	0.0514015016809	0.0264607465074	-0.0376877619935	0.0684219679902	0.0324204952487	0.0597407990067	-0.00756249262955	-0.0156458031357	-0.0445671282462	-0.0978458762908	-0.00853147977223	-0.0150808571564	0.0205000219825	-0.00414497081976	0.0154410365988	-0.0980248974641	-0.0362144813021	-0.0132529297868	0.000502420683746	-0.0437182152938	-0.0280500272682	-0.0158162407952	-0.0358729801941	-0.0904255653628	0.0797800090986	-0.0954034999491	0.0421956372371	-0.0260515836921	-0.0260504077322	-0.0160633915331	0.00244789958473	-0.0350760726995	-0.000917626401581	0.00778321269089	-0.032661040548	0.0390105743604	-0.0433084682336
k__Bacteria;p__Bacteroidetes;c__Bacteroidia;o__Bacteroidales;f__Porphyromonadaceae;g__Barnesiella;s__Barnesiella_intestinihominis	-0.104735660453	0.0958658494973	-0.0796856378105	0.0120224098298	-0.0137541707187	0.00748417258037	0.0174116611891	0.00436362658331	-0.00254569238867	-0.0505914568721	-0.0269324706136	-0.00122189343026	0.010748286684	-0.0150879427616	0.031778986621	0.00916921325748	-0.0164801475758	0.0486967662228	1.0	0.0160853272012	0.0137814593624	-0.0229404244331	0.0329060494737	0.0479431614423	-0.0260439807079	0.0280910811663	0.0649467462092	-0.0249855155269	0.0209213737699	0.00948199284947	0.0108211204656	0.0289231444494	-0.0334866090423	-0.0188556297018	0.00500027968764	-0.0118572471532	-0.0128809450139	-0.0683674382807	-0.0517357218418	-0.00997483652069	-0.00435318506991	0.00260902277198	-0.032347532822	-0.0648685935012	-0.00537574775272	-0.048424056811	-0.0216160227955	-0.0556073196259	0.0135526300424	-0.0497609858405	-0.00101441927392	-0.00495426200762	-0.0240256380688	-0.0184898324455	0.0066553519384	0.00181354904186	0.00890317519713	-0.00133202512012	-0.0369710551825
k__Bacteria;p__Bacteroidetes;c__Bacteroidia;o__Bacteroidales;f__Odoribacteraceae;g__Odoribacter;s__Odoribacter_splanchnicus	-0.00551012349508	-0.040461611474	0.00256035347897	-0.0351042030862	-0.0394720413989	0.00914263476371	-0.041836326464	0.0271695876712	0.0519910510746	-0.049259120407	-0.0197259685739	0.0947058457592	-0.0451760955421	-0.0144869996192	-0.0204362173527	0.00420645289944	-0.0597885901566	-0.0136761115346	0.0160853272012	1.0	-0.017764353278	-0.0146885665835	-0.0162647595258	-0.0457339199856	0.0607366257652	0.0301131815045	-0.0151513370198	0.0111279514729	-0.0279132202275	-0.00750766742676	0.0441237392667	-0.00861121494696	-0.0981127735094	0.0105620007167	0.0593257408039	0.0376584071688	0.0406420569642	0.0407988313329	-0.0456395911029	-0.00139104866426	-0.0165419463112	-0.0350677747737	-0.0123899669228	-0.05745708862	0.0411246351714	-0.0240335467803	-0.0882728225908	0.0783769980269	-0.0223391998955	-0.0311247414307	-0.0723311823048	-0.0632014835117	-0.0222930482591	0.00940793893146	0.0269880862619	-0.0461076755935	-0.0152598126961	-0.0155417945201	-0.0810374003079
k__Bacteria;p__Bacteroidetes;c__Bacteroidia;o__Bacteroidales;f__Bacteroidaceae;g__Bacteroides;s__Bacteroides_salyersiae	-0.0223570389931	-0.00648298902558	0.033923514971	-0.0245871152663	-0.106447192565	-0.0690410505989	-0.0997337107157	0.028923418554	-0.0380770980606	-0.0168992832535	0.0294548734363	-0.0293157795761	0.0021608196574	0.0336324438769	-0.0702863666611	0.0555259989322	-0.00605432314154	0.0439872598124	0.0137814593624	-0.017764353278	1.0	0.0373301613097	-0.00161683098926	0.0192395357418	-0.0432669830851	-0.0859414687163	0.0208939516874	-0.03392493983	0.0425517216025	-0.03159796296	-0.0259465091196	-0.0579343217734	0.0080504826691	-0.095159856125	0.0195596754475	-0.00830043094134	-0.0453357507481	-0.0904516290178	-0.0540390938325	0.0121225151798	-0.0116110471714	0.0104926702106	-0.0322300092718	-0.0413000374864	-0.0402962776721	-0.0193863655668	-0.0547988220228	-0.0149663146075	-0.0329180761772	0.0562249041807	0.0578802775122	-0.0344330839047	-0.00602507653476	0.0110477447491	-0.0438278422417	0.0169831947109	-0.015825323027	0.0658269867805	-0.00655263737977
k__Bacteria;p__Firmicutes;c__Clostridia;o__Clostridiales;f__Ruminococcaceae;g__Ruminiclostridium;s__[Eubacterium]_siraeum	-0.0139326435391	-0.101098489725	-0.0120827666651	-0.0679788508321	-0.0424248975574	-0.0436542466198	-0.0141949993167	0.0267043311029	0.0223291913058	0.0531130572779	-0.0309500825541	0.0654275644727	0.0210368791401	-0.0254962067772	0.0270864129842	0.0013618623339	-0.0264212702199	-0.0250817526645	-0.0229404244331	-0.0146885665835	0.0373301613097	1.0	-0.0219435715763	-0.015380507458	-0.0374024698083	0.00199747808417	0.00452805970696	-0.0475214943874	-0.0142680789591	0.0627496771953	0.0441091668625	-0.0158287360053	0.0180806396295	0.0374433948406	0.0329601747852	-0.040922990984	0.00110333749501	-0.0271954776485	0.00359392018381	0.118329705381	-0.0253354307055	0.0225348041934	-0.0295725533011	0.0331531958282	-0.0363502170396	-0.0377959385406	0.00840894910629	0.0791664542189	-0.00534525593991	-0.0203148991915	0.0341813525242	-0.0789753401437	-0.0739838954561	-0.0304328105105	0.0212480200864	-0.00312450136865	0.0146628925999	-0.00449459341278	-0.043749929022
k__Bacteria;p__Proteobacteria;c__Betaproteobacteria;o__Burkholderiales;f__Sutterellaceae;g__Parasutterella;s__Parasutterella_excrementihominis	-0.00247178910997	-0.079964679274	0.0344610536038	0.0245561947007	-0.00561660198534	-0.0243084890409	-0.00249920938541	0.0176233848979	0.0935379249207	-0.0174571424603	0.00281241791323	0.0317745421098	-0.108851366737	-0.0769461371621	0.00213338110797	-0.047063091379	0.0414821860108	0.0514015016809	0.0329060494737	-0.0162647595258	-0.00161683098926	-0.0219435715763	1.0	-0.00204964665399	8.22388925601e-05	0.0984496849294	0.0390251178491	0.0234599358106	-0.030435661164	-0.0481152714423	0.0143255614385	-0.0278277183022	-0.0115110095683	0.0235494764803	0.0584641326423	-0.0962552761787	0.0353948447388	-0.00764838380017	0.0618637236938	0.00165516503065	0.027570768425	-0.0296131136945	-0.126359958297	-0.0213799917221	0.0285710494854	-0.0713998140773	-0.0225503444137	-0.0487453081503	-0.0203577171214	-7.73886086037e-05	0.0330713825757	0.056556394264	-0.0675695097225	0.0600234529999	-0.0119764558283	-0.00951334470653	0.0333194853437	-0.019839721467	-0.0199510290713
k__Bacteria;p__Actinobacteria;c__Actinobacteria;o__Bifidobacteriales;f__Bifidobacteriaceae;g__Bifidobacterium;s__Bifidobacterium_adolescentis	-0.0247558007771	0.0212506282039	-0.0250477000115	-0.00876937806461	-0.00425348882147	-0.064035508583	-0.0515951660878	0.0321778792361	0.0102879068996	-0.0356560220575	0.0191030237263	0.00602798846241	-0.0257231751589	0.0191691305482	-0.0202296750445	0.00266040568872	0.0152666387073	0.0264607465074	0.0479431614423	-0.0457339199856	0.0192395357418	-0.015380507458	-0.00204964665399	1.0	-0.0211657911297	-0.0213149486653	-0.0292001444691	0.0971271521376	0.00377134919825	-0.0224825530697	-0.0488970237242	-0.0326024943374	0.0212847615912	-0.0339666876119	-0.0286324175846	0.0302839188856	0.00106735496744	-0.012450669623	0.053590918486	-0.0189884443092	0.0011995160494	-0.000897062759729	-0.0629542098587	0.0122557814286	-0.0223915328869	-0.0198054908396	-0.0207539494514	0.0458172001688	0.0135340405738	0.0232994972429	-0.00167948138844	-0.054041494076	0.0573900075094	-0.0221873745469	-0.0259301550217	0.05702655838	-0.0206300465473	0.0361734614421	-0.0199570307691
k__Bacteria;p__Firmicutes;c__Clostridia;o__Clostridiales;f__Oscillospiraceae;g__Oscillibacter;s__Oscillibacter_sp._KLE_1745	-0.0545699683011	0.0413359008205	0.0277882004421	-0.0160288015883	0.0317572991922	-0.0478274908482	-0.00569092156339	0.0869157976163	-0.057676402864	0.0464960886274	-0.0897438475297	0.029549070281	0.0182187327398	0.0569357837145	0.00440573508521	-0.0124158359559	-0.0344826466925	-0.0376877619935	-0.0260439807079	0.0607366257652	-0.0432669830851	-0.0374024698083	8.22388925601e-05	-0.0211657911297	1.0	-0.0249969289375	-0.0198344961041	0.00730286661061	0.00833934468809	-0.0676316115205	-0.0412517887586	-0.0317035293536	0.00208560963189	0.060382339178	-0.0325536842921	0.00209626635556	0.0161780419295	-0.0772054594514	-0.061543180775	-0.0212858546567	0.0512460171263	0.0468486046048	-0.0273278972877	0.0115327124261	0.00101162222811	-0.0205870575371	0.00218127287415	-0.0403349598279	0.0227198785834	-0.034142064227	-0.0202278144541	0.0250857276252	-0.00327699352209	-0.00361226377063	-0.0763797646537	-0.0275277165088	0.0562441950262	0.0203887030199	-0.0257464909347
k__Bacteria;p__Bacteroidetes;c__Bacteroidia;o__Bacteroidales;f__Bacteroidaceae;g__Bacteroides;s__Bacteroides_coprophilus	0.00772853687997	0.0238496804032	-0.00593924022811	0.0428703377597	-0.0250460189817	0.0185022239517	0.0234561794818	-0.0168192938348	0.0150111357614	0.0284519320216	-0.0115723382312	-0.0497319627929	-0.0700315610563	-0.0247276624544	-0.0155347607095	0.0380769716238	-0.0320226047109	0.0684219679902	0.0280910811663	0.0301131815045	-0.0859414687163	0.00199747808417	0.0984496849294	-0.0213149486653	-0.0249969289375	1.0	-0.031586765536	-0.0526795683048	0.0851200454419	-0.00607866617693	0.0292049313008	0.00601087118863	-0.0458188826384	-0.033466359661	0.0226534486157	0.00500499269739	-0.0235857299969	-0.0670924824468	0.0251330613695	-0.0504441591359	-0.0101347644316	-0.0512791594297	-0.0667197358827	0.0621156920259	0.00380469070667	0.0934256835426	-0.0833023700502	-0.0248069253748	-0.032922320687	-0.0403935348145	-0.0240106649063	0.0207296199556	0.016053951912	-0.011479287484	-0.057626365673	-0.0580502994666	0.0678914351279	-0.037685278195	0.039666526672
k__Bacteria;p__Firmicutes;c__Clostridia;o__Clostridiales;f__Lachnospiraceae;g__Roseburia;s__Roseburia_intestinalis	0.0309475426651	0.0437721891539	-0.0427849031682	0.0108289501798	-0.0770537259534	0.0038127581358	-0.0270841901411	0.0294814186452	0.0168103921949	0.0584481920676	-0.061251532121	-0.0376335570591	-0.131218117058	-0.0321422797786	-0.0134725378131	-0.0131897892961	-0.0314153198826	0.0324204952487	0.0649467462092	-0.0151513370198	0.0208939516874	0.00452805970696	0.0390251178491	-0.0292001444691	-0.0198344961041	-0.031586765536	1.0	0.0225873691414	-0.0248595955943	0.0097447149902	-0.0155996523076	-0.0092530191307	0.0566271067964	-0.0423245681788	-0.0687201746199	-0.0313061015328	0.026182953386	-0.0215736188038	-0.0163509480883	-0.0361673915214	-0.0108638523187	0.0178514633052	0.0304703500437	-0.0182364948284	0.0260041105651	-0.0404219201933	-0.026910806928	0.021383970663	-0.0213113342114	0.0281676664269	0.0307316989298	-0.0914860478425	-0.012655114686	-0.109364893544	0.0220072405784	-0.0473754095177	0.00866184510868	-0.0637374027313	-0.00371930980629
k__Bacteria;p__Firmicutes;c__Clostridia;o__Clostridiales;f__Lachnospiraceae;g__Roseburia;s__Roseburia_hominis	-0.00599097563899	0.0112947762155	-0.010898163062	0.0303723715741	-0.0244266985263	-0.0168905885337	0.0390636053182	-0.0698708452091	-0.0492777730829	0.0253308913485	-0.0251554702651	-0.0189239680591	0.0113866880275	-0.0601134938367	-0.0372142617698	-0.0134204938095	0.00185405524047	0.0597407990067	-0.0249855155269	0.0111279514729	-0.03392493983	-0.0475214943874	0.0234599358106	0.0971271521376	0.00730286661061	-0.0526795683048	0.0225873691414	1.0	0.0758552104649	0.00122839222273	0.0488926939487	0.0150290867091	-0.019021435861	0.0168455585477	-0.0538853417848	0.0129202484671	0.00402847517132	-0.0553112951197	-0.0585251811371	-0.0547732877949	0.00903828601018	0.00472004209494	-0.00785053208316	0.0102888884428	-0.0119684861899	-0.00986129432572	-0.0609780342076	-0.033989319173	-0.0227304930795	0.0328461639719	-0.00809013836301	-0.0477972376798	-0.0279194971305	0.0103646300847	-0.018589612022	0.0311821990916	-0.0333053433817	-0.0570232229329	-0.0747606048646
k__Bacteria;p__Bacteroidetes;c__Bacteroidia;o__Bacteroidales;f__Porphyromonadaceae;g__Parabacteroides;s__Parabacteroides_johnsonii	-0.042806482369	-0.0722014969366	0.0345413691255	-0.000453878009014	-0.0726064048493	-0.0265643221888	-0.060252060601	0.00776391650409	0.0290580036645	-0.00956355203102	-0.0195802869328	0.00978510570265	0.0526098255562	0.0573873593505	-0.0204106656544	-0.0305506063002	-0.0222377091783	-0.00756249262955	0.0209213737699	-0.0279132202275	0.0425517216025	-0.0142680789591	-0.030435661164	0.00377134919825	0.00833934468809	0.0851200454419	-0.0248595955943	0.0758552104649	1.0	0.00475733660575	0.0597168654869	0.0671581998432	-0.0294992486207	0.00499636204373	0.0162815039387	0.0210408127594	0.0680221020467	-0.0553412957061	0.049223223674	-0.0585989006235	0.072609402122	-0.0273910866676	-0.0383410901734	-0.0488781360991	-0.111651202135	-0.0344043451387	0.0731072078893	0.00776275186261	-0.0357477318094	-0.0436001701303	0.0133559811014	0.0307641443286	0.0355597415619	-0.0396490527155	-0.0495637074779	-0.0527069663635	-0.0397801874959	0.000550487096882	-0.0297442164052
k__Bacteria;p__Actinobacteria;c__Actinobacteria;o__Bifidobacteriales;f__Bifidobacteriaceae;g__Bifidobacterium;s__Bifidobacterium_longum	0.0514226830976	0.030798094816	0.0899567738895	-0.0501721058982	-0.0277906004605	-0.00119749814781	-0.0794385153967	0.0262251837394	0.0142598892411	0.0254975814616	0.0258614246628	-0.0530518853554	-0.0202356656336	-0.0263062999877	0.00704033238441	0.00965018203685	-0.00686976426938	-0.0156458031357	0.00948199284947	-0.00750766742676	-0.03159796296	0.0627496771953	-0.0481152714423	-0.0224825530697	-0.0676316115205	-0.00607866617693	0.0097447149902	0.00122839222273	0.00475733660575	1.0	0.0193079171815	-0.0288073132055	0.00802678442211	-0.0332687412484	-0.0207339239001	-0.0756313099588	-0.0340639238295	0.0289167488294	-0.0682069302172	-0.03221730833	0.0410094828037	-0.060106463588	-0.054579928354	0.0213262578736	0.00974679412938	0.0224229734186	-0.0353345243684	0.0151699321442	-0.0463371122179	-0.0260104336144	0.00465332857835	0.0221558634012	0.0502422291938	0.0165985312688	-0.0231549211027	-0.0215875297748	-0.00583913740251	-0.0680501544301	0.0256835429554
