#taxonomy	k__Bacteria;p__Bacteroidetes;c__Bacteroidia;o__Bacteroidales;f__Bacteroidaceae;g__Bacteroides;s__Bacteroides_vulgatus	k__Bacteria;p__Bacteroidetes;c__Bacteroidia;o__Bacteroidales;f__Bacteroidaceae;g__Bacteroides;s__Bacteroides_uniformis	k__Bacteria;p__Bacteroidetes;c__Bacteroidia;o__Bacteroidales;f__Rikenellaceae;g__Alistipes;s__Alistipes_putredinis	k__Bacteria;p__Bacteroidetes;c__Bacteroidia;o__Bacteroidales;f__Prevotellaceae;g__Prevotella;s__Prevotella_copri	k__Bacteria;p__Bacteroidetes;c__Bacteroidia;o__Bacteroidales;f__Bacteroidaceae;g__Bacteroides;s__Bacteroides_stercoris	k__Bacteria;p__Bacteroidetes;c__Bacteroidia;o__Bacteroidales;f__Bacteroidaceae;g__Bacteroides;s__Bacteroides_ovatus	k__Bacteria;p__Bacteroidetes;c__Bacteroidia;o__Bacteroidales;f__Rikenellaceae;g__Alistipes;s__Alistipes_shahii	k__Bacteria;p__Firmicutes;c__Clostridia;o__Clostridiales;f__Ruminococcaceae;g__Faecalibacterium;s__Faecalibacterium_prausnitzii	k__Bacteria;p__Bacteroidetes;c__Bacteroidia;o__Bacteroidales;f__Rikenellaceae;g__Alistipes;s__Alistipes_finegoldii	k__Bacteria;p__Bacteroidetes;c__Bacteroidia;o__Bacteroidales;f__Porphyromonadaceae;g__Parabacteroides;s__Parabacteroides_distasonis	k__Bacteria;p__Bacteroidetes;c__Bacteroidia;o__Bacteroidales;f__Bacteroidaceae;g__Bacteroides;s__Bacteroides_thetaiotaomicron	k__Bacteria;p__Bacteroidetes;c__Bacteroidia;o__Bacteroidales;f__Bacteroidaceae;g__Bacteroides;s__Bacteroides_coprocola	k__Bacteria;p__Bacteroidetes;c__Bacteroidia;o__Bacteroidales;f__Bacteroidaceae;g__Bacteroides;s__Bacteroides_cellulosilyticus	k__Bacteria;p__Bacteroidetes;c__Bacteroidia;o__Bacteroidales;f__Rikenellaceae;g__Alistipes;s__Alistipes_obesi	k__Bacteria;p__Firmicutes;c__Clostridia;o__Clostridiales;f__Lachnospiraceae;g__;s__[Eubacterium]_rectale	k__Bacteria;p__Bacteroidetes;c__Bacteroidia;o__Bacteroidales;f__Bacteroidaceae;g__Bacteroides;s__Bacteroides_plebeius	k__Bacteria;p__Bacteroidetes;c__Bacteroidia;o__Bacteroidales;f__Bacteroidaceae;g__Bacteroides;s__Bacteroides_fragilis	k__Bacteria;p__Proteobacteria;c__Betaproteobacteria;o__Burkholderiales;f__Sutterellaceae;g__Sutterella;s__Sutterella_wadsworthensis	k__Bacteria;p__Bacteroidetes;c__Bacteroidia;o__Bacteroidales;f__Porphyromonadaceae;g__Barnesiella;s__Barnesiella_intestinihominis	k__Bacteria;p__Bacteroidetes;c__Bacteroidia;o__Bacteroidales;f__Odoribacteraceae;g__Odoribacter;s__Odoribacter_splanchnicus	k__Bacteria;p__Bacteroidetes;c__Bacteroidia;o__Bacteroidales;f__Bacteroidaceae;g__Bacteroides;s__Bacteroides_salyersiae	k__Bacteria;p__Firmicutes;c__Clostridia;o__Clostridiales;f__Ruminococcaceae;g__Ruminiclostridium;s__[Eubacterium]_siraeum	k__Bacteria;p__Proteobacteria;c__Betaproteobacteria;o__Burkholderiales;f__Sutterellaceae;g__Parasutterella;s__Parasutterella_excrementihominis	k__Bacteria;p__Actinobacteria;c__Actinobacteria;o__Bifidobacteriales;f__Bifidobacteriaceae;g__Bifidobacterium;s__Bifidobacterium_adolescentis	k__Bacteria;p__Firmicutes;c__Clostridia;o__Clostridiales;f__Oscillospiraceae;g__Oscillibacter;s__Oscillibacter_sp._KLE_1745	k__Bacteria;p__Bacteroidetes;c__Bacteroidia;o__Bacteroidales;f__Bacteroidaceae;g__Bacteroides;s__Bacteroides_coprophilus	k__Bacteria;p__Firmicutes;c__Clostridia;o__Clostridiales;f__Lachnospiraceae;g__Roseburia;s__Roseburia_intestinalis	k__Bacteria;p__Firmicutes;c__Clostridia;o__Clostridiales;f__Lachnospiraceae;g__Roseburia;s__Roseburia_hominis	k__Bacteria;p__Bacteroidetes;c__Bacteroidia;o__Bacteroidales;f__Porphyromonadaceae;g__Parabacteroides;s__Parabacteroides_johnsonii	k__Bacteria;p__Actinobacteria;c__Actinobacteria;o__Bifidobacteriales;f__Bifidobacteriaceae;g__Bifidobacterium;s__Bifidobacterium_longum	k__Bacteria;p__Firmicutes;c__Clostridia;o__Clostridiales;f__;g__Flavonifractor;s__Flavonifractor_plautii	k__Bacteria;p__Firmicutes;c__Clostridia;o__Clostridiales;f__Clostridiaceae;g__Clostridium;s__Clostridium_phoceensis	k__Bacteria;p__Verrucomicrobia;c__Verrucomicrobiae;o__Verrucomicrobiales;f__Akkermansiaceae;g__Akkermansia;s__Akkermansia_muciniphila	k__Bacteria;p__Bacteroidetes;c__Bacteroidia;o__Bacteroidales;f__Prevotellaceae;g__Paraprevotella;s__Paraprevotella_xylaniphila	k__Bacteria;p__Firmicutes;c__Clostridia;o__Clostridiales;f__Ruminococcaceae;g__Ruminococcus;s__Ruminococcus_callidus	k__Bacteria;p__Bacteroidetes;c__Bacteroidia;o__Bacteroidales;f__Rikenellaceae;g__Alistipes;s__Alistipes_senegalensis	k__Bacteria;p__Firmicutes;c__Clostridia;o__Clostridiales;f__Lachnospiraceae;g__Blautia;s__Blautia_sp._KLE_1732	k__Bacteria;p__Bacteroidetes;c__Bacteroidia;o__Bacteroidales;f__Bacteroidaceae;g__Bacteroides;s__Bacteroides_oleiciplenus	k__Bacteria;p__Firmicutes;c__Clostridia;o__Clostridiales;f__Ruminococcaceae;g__Ruminococcus;s__Ruminococcus_bicirculans	k__Bacteria;p__Bacteroidetes;c__Bacteroidia;o__Bacteroidales;f__Bacteroidaceae;g__Bacteroides;s__Bacteroides_fluxus	k__Bacteria;p__Bacteroidetes;c__Bacteroidia;o__Bacteroidales;f__Prevotellaceae;g__Prevotella;s__Prevotella_stercorea	k__Bacteria;p__Firmicutes;c__Clostridia;o__Clostridiales;f__Lachnospiraceae;g__Dorea;s__Dorea_longicatena	k__Bacteria;p__Firmicutes;c__Clostridia;o__Clostridiales;f__Eubacteriaceae;g__Eubacterium;s__[Eubacterium]_eligens	k__Bacteria;p__Firmicutes;c__Clostridia;o__Clostridiales;f__Ruminococcaceae;g__;s__Ruminococcaceae_bacterium_D16	k__Bacteria;p__Firmicutes;c__Clostridia;o__Clostridiales;f__Lachnospiraceae;g__Coprococcus;s__Coprococcus_comes	k__Bacteria;p__Proteobacteria;c__Gammaproteobacteria;o__Enterobacterales;f__Enterobacteriaceae;g__Escherichia;s__Escherichia_coli	k__Bacteria;p__Firmicutes;c__Clostridia;o__Clostridiales;f__Ruminococcaceae;g__Anaerotruncus;s__Anaerotruncus_colihominis	k__Bacteria;p__Firmicutes;c__Clostridia;o__Clostridiales;f__Lachnospiraceae;g__Blautia;s__Blautia_obeum	k__Bacteria;p__Bacteroidetes;c__Bacteroidia;o__Bacteroidales;f__Odoribacteraceae;g__Odoribacter;s__Odoribacter_laneus	k__Bacteria;p__Firmicutes;c__Clostridia;o__Clostridiales;f__Ruminococcaceae;g__Ruminiclostridium;s__[Clostridium]_leptum	k__Bacteria;p__Bacteroidetes;c__Bacteroidia;o__Bacteroidales;f__Porphyromonadaceae;g__Parabacteroides;s__Parabacteroides_goldsteinii	k__Bacteria;p__Firmicutes;c__Clostridia;o__Clostridiales;f__Lachnospiraceae;g__Anaerostipes;s__Anaerostipes_hadrus	k__Bacteria;p__Firmicutes;c__Clostridia;o__Clostridiales;f__Ruminococcaceae;g__Ruminococcus;s__Ruminococcus_lactaris	k__Bacteria;p__Firmicutes;c__Clostridia;o__Clostridiales;f__Clostridiaceae;g__Clostridium;s__Clostridium_sp._L2-50	k__Bacteria;p__Firmicutes;c__Clostridia;o__Clostridiales;f__Clostridiaceae;g__Clostridium;s__Clostridium_sp._M62/1	k__Bacteria;p__Firmicutes;c__Clostridia;o__Clostridiales;f__;g__Intestinimonas;s__Intestinimonas_butyriciproducens	k__Bacteria;p__Actinobacteria;c__Actinobacteria;o__Bifidobacteriales;f__Bifidobacteriaceae;g__Bifidobacterium;s__Bifidobacterium_bifidum	k__Bacteria;p__Firmicutes;c__Negativicutes;o__Veillonellales;f__Veillonellaceae;g__Dialister;s__Dialister_invisus	k__Bacteria;p__Bacteroidetes;c__Bacteroidia;o__Bacteroidales;f__Bacteroidaceae;g__Bacteroides;s__Bacteroides_salanitronis
k__Bacteria;p__Bacteroidetes;c__Bacteroidia;o__Bacteroidales;f__Bacteroidaceae;g__Bacteroides;s__Bacteroides_vulgatus	1.0	-0.0339487984361	0.0506443710119	-0.0529542905847	-0.0393915700475	-0.0459013224614	0.00534046338673	-0.0574750941808	0.0184317160725	-0.00699759338037	-0.0410641345755	-0.0365375034707	0.0143863877867	-0.0603764582795	0.0590743687134	-0.0816023197459	0.0307863963054	0.0268055512977	-0.0194043172915	-0.0108422767452	0.0324742830839	0.0397059735991	-0.027236418476	-0.0417794188556	-0.0857894513486	-0.0829905077443	0.0230811293566	-0.00547506707796	0.0301691154476	0.0222242866736	0.0300013966257	-0.0011420933048	0.0276069571608	0.0519300471731	0.0822014532576	0.00784216196	-0.0554446872439	-0.0971512309172	0.0204825044185	0.0121139564592	0.0135827119649	-0.0163342529832	0.00150730540183	0.102203790669	-0.00952569750742	0.0356418702859	-0.0476708681915	-0.0250717268159	0.0335886452068	-0.0721904753682	0.0244056492458	-0.0246374965447	-0.0101360174957	-0.0465946835461	0.0512513032428	0.0357711793118	0.0753006944905	0.000503251469361	-0.0163237431163
k__Bacteria;p__Bacteroidetes;c__Bacteroidia;o__Bacteroidales;f__Bacteroidaceae;g__Bacteroides;s__Bacteroides_uniformis	-0.0339487984361	1.0	-0.0983218794059	-0.0817879571582	0.0186308598977	0.0538093016025	-0.0281930567307	-0.0582730714731	-0.0329493059724	-0.0214293748099	-0.0422429748306	0.0555321627404	-0.0815145607512	-0.00462841103781	0.0373827403516	-0.0574216638867	-0.024855151244	0.0997652966827	0.00101513792897	-0.0260821198264	-0.0540207663565	-0.0298280420916	-0.045053800005	-0.0376180731089	-0.0298680854594	0.00353345409796	-0.00665797284221	0.0332245988355	0.099540868308	-0.0385284629285	0.0134513674954	-0.032148397436	0.0148285201853	0.00139769493426	0.0125554456114	-0.0121760449502	0.0289634025772	0.0291580244025	0.0262447389826	-0.0329433935188	-0.0551250994692	-0.0263251666129	0.0796570750509	0.0140186835867	0.00582938057016	0.0378691379045	0.0158067259272	0.0239667391654	-0.0207433453792	0.0150993081239	-0.00806592214208	-0.0442690943556	0.00650422791782	-0.00395161555399	0.00231642533769	-0.00409179828464	-0.0152735615515	-0.0301496721147	-0.043972447374
k__Bacteria;p__Bacteroidetes;c__Bacteroidia;o__Bacteroidales;f__Rikenellaceae;g__Alistipes;s__Alistipes_putredinis	0.0506443710119	-0.0983218794059	1.0	-0.00882528717027	0.0262060467603	-0.0199885013595	-0.0563312905375	0.0072925189754	-0.00924050076613	0.0310896704356	-0.0455649773096	-0.0336212159438	-0.0249132703951	0.0695274617856	-0.0597593975439	-0.00785576307422	-0.0251897509904	0.0356409744476	0.0365267654993	-0.0204692562442	-0.0550160616972	0.0038623558748	-0.0149091712302	0.00933820058364	-0.0447657163089	-0.0207408413834	0.0463010786006	-0.0158774633527	0.0112249281554	-0.0628672442698	0.0351605148515	0.0424993859359	-0.0485954371862	-0.00592649935983	-0.0411707855587	0.00510614291916	0.065642985871	-0.040890805102	-0.00175922738703	0.00963495699706	-0.0401628560909	-0.00366317649189	-0.0967819106986	0.0123612129845	0.0526953365687	-0.00419514440502	-0.0389374741843	0.0472940304265	-0.0356012095422	-0.0913396655864	-6.54098026392e-05	-0.0299944040386	-0.0308333418386	0.0233025768686	0.0564698363132	0.0410076706757	-0.0287618567228	0.0443652710177	-0.0447278633176
k__Bacteria;p__Bacteroidetes;c__Bacteroidia;o__Bacteroidales;f__Prevotellaceae;g__Prevotella;s__Prevotella_copri	-0.0529542905847	-0.0817879571582	-0.00882528717027	1.0	0.0219755677407	0.0557065228898	-0.0480383665117	0.0366953194403	0.0126425726068	-0.0545494849697	0.0546414943208	0.0718315612993	-0.0405712682349	0.0322628266571	0.0209794816719	0.0346402277026	-0.0611320168886	-0.053095968193	-0.00760024612741	-0.0228415791951	-0.0796090835241	0.0513954001466	-0.00684952793494	0.00539321971612	0.00281226617106	-0.0520157824424	0.00484400632136	0.0211797027434	-0.0179882735209	0.00473464127837	-0.0519766977585	0.0282952086363	-0.0356295466121	-0.106736550316	-0.0281368884139	0.0749623184985	-0.0749029352534	-0.0550441694491	-0.0300586817799	0.0718898659721	0.0152069130719	0.0128571156272	-0.0393385560876	-0.0191088036974	-0.046982406479	0.00357041489079	0.0287481494514	0.0655195135995	-0.0610786197524	-0.0218343733471	-0.0304772156959	0.0112110125225	-0.00349956559042	0.0524315710295	-0.00877801047192	0.00988124604153	0.0571145300606	0.0133936050991	-0.0620583254854
k__Bacteria;p__Bacteroidetes;c__Bacteroidia;o__Bacteroidales;f__Bacteroidaceae;g__Bacteroides;s__Bacteroides_stercoris	-0.0393915700475	0.0186308598977	0.0262060467603	0.0219755677407	1.0	0.0208731637793	0.012827795165	0.0415080251906	-0.0128091853628	-0.0580991525667	-0.0328989606066	-0.00635489627769	0.0366687884948	-0.0622460377806	0.0616846876652	-0.0388926206026	-0.0207816238323	-0.041292343475	-0.0479553082137	-0.0106793290277	-0.0202401211058	-0.0209477791179	0.0452976922536	-0.00927452652793	-0.00690838309373	-0.0412266950276	-0.0243743426314	0.0719469772144	-0.0430720955452	-0.00490305717774	-0.0292336339025	0.00423432495604	0.00439435562728	0.0446361238955	-0.0630415473284	0.063126450621	-0.0706029440853	-0.0331365137262	-0.0193826602253	0.0101111735264	-0.00101576077087	-0.0164804255392	0.0300515204336	0.0372856653146	0.0508466766423	0.0246891062784	-0.0213703748068	-0.00115835881647	-0.0103378542443	-0.0289418280367	0.0170872162956	-0.0321794738545	-0.0544581757344	-0.0195787414717	0.00366375887846	0.031659027067	-0.0330892409593	0.0124595036258	-0.0392652102122
k__Bacteria;p__Bacteroidetes;c__Bacteroidia;o__Bacteroidales;f__Bacteroidaceae;g__Bacteroides;s__Bacteroides_ovatus	-0.0459013224614	0.0538093016025	-0.0199885013595	0.0557065228898	0.0208731637793	1.0	0.00239627825285	0.0450223452236	0.0344863815945	0.0103672755635	0.0262731248808	-0.0152214421253	-0.000336747587161	-0.064062082615	0.0492875534636	-0.0336811432406	0.0234063341243	-0.026616774996	-0.0289648292428	0.0497118029823	-0.0106422600254	-0.0424715813212	0.026139987322	-0.0157757691357	-0.00175966589291	-0.0211376072344	-0.0407347339247	0.0483347439905	-0.0389350096278	0.0307121321557	0.0750122875336	-0.0474573494238	0.0517047848385	0.00980667596899	-0.047533127595	-0.0850324218402	0.0271548044588	-0.0316519166732	-0.0441210666207	0.0198248603265	-0.0605746096866	-0.0775796847294	0.000662147628221	0.0265316400459	0.0543688911337	0.0145766072566	0.0117888738305	-0.0265037509307	-0.0208845625589	0.00904472283924	0.000302564056292	0.0231403852095	-0.055775512438	0.0136619672803	-0.0413790245403	0.0164008728948	-0.000490669870486	-0.0204048346098	-0.029131602782
k__Bacteria;p__Bacteroidetes;c__Bacteroidia;o__Bacteroidales;f__Rikenellaceae;g__Alistipes;s__Alistipes_shahii	0.00534046338673	-0.0281930567307	-0.0563312905375	-0.0480383665117	0.012827795165	0.00239627825285	1.0	0.00699346420923	0.0297045810317	0.00683986054916	0.0268457689919	-0.00971816057474	-0.030405265776	-0.0224682616397	0.0368397015315	-0.0392545456444	-0.0299251087763	0.0202520884211	-0.026995268736	-0.0639498758097	0.0170219695278	0.051365817903	0.0906079404197	-0.042945069318	-0.0118216120969	-0.0755493635067	0.0457885598677	-0.026939122664	-0.064565246765	-0.0130922579222	-0.0204309580747	-0.00618944362042	-0.0967962691909	0.0266102519754	-0.0453045874026	-0.0603213556905	-0.0331919881377	-0.0652455754811	-0.00938502665216	0.0185022648908	0.0830846410951	-0.032876103554	-0.0617112638205	-0.0729969583898	-0.0193791655129	-0.044556900225	-0.0319494122033	-0.00867830357444	0.0248936148198	-0.00866832899173	-0.0463937572488	-0.015999194722	0.0047953751392	0.00728518265452	-0.0375187256344	-0.00919281242807	0.0104717432348	0.0199105891327	-0.0519925067982
k__Bacteria;p__Firmicutes;c__Clostridia;o__Clostridiales;f__Ruminococcaceae;g__Faecalibacterium;s__Faecalibacterium_prausnitzii	-0.0574750941808	-0.0582730714731	0.0072925189754	0.0366953194403	0.0415080251906	0.0450223452236	0.00699346420923	1.0	-0.0280874547597	-0.0384502070909	-0.0122735984391	0.0137980666494	0.0287726734698	0.0163949879863	-0.0343685449507	0.00847498091517	-0.00624568886759	-0.01491977895	0.0402527163352	0.0219895821019	0.0241192358692	-0.0258280148659	-0.0391293219514	-0.04382794955	-0.0739483563575	0.00278557256251	-0.0234483473371	0.0218850382028	-0.0510890751257	-0.0440117216171	-0.0313800096547	-0.00576592948833	-0.0465594296954	-0.00700322838517	0.0779513958909	-0.0506557360349	0.0263253377003	-0.0164467483617	-0.00733289929653	-0.0924943580798	-0.00598269505632	-0.0753757293331	-0.0363156305259	-0.00463841548516	0.0424732511844	-0.0117956949441	-0.0523030980725	-0.019449107546	0.0283396233009	0.00737303648018	0.0136055466878	-0.00505552061465	-0.071055312763	0.0230188702731	-0.0669580124056	0.00650825061187	-0.0144918730605	-0.0105566810879	0.026519969041
k__Bacteria;p__Bacteroidetes;c__Bacteroidia;o__Bacteroidales;f__Rikenellaceae;g__Alistipes;s__Alistipes_finegoldii	0.0184317160725	-0.0329493059724	-0.00924050076613	0.0126425726068	-0.0128091853628	0.0344863815945	0.0297045810317	-0.0280874547597	1.0	-0.0343628043463	-0.00482013682943	0.00872932979324	-0.051498647246	0.0202496050709	0.00559397643487	0.0399768136902	0.00622891017116	-0.00198894883724	0.023486689536	-0.0148622875776	-0.082442057814	0.00674910076412	-0.044508144948	0.0371880440338	-0.0151633494303	-0.0459308201237	0.0226039499102	-0.0740896294206	0.00808317355552	-0.0264295006831	0.0065982738308	-0.01703056629	-0.0220023205819	-0.0140795532345	-0.0279258624463	-0.0396566736409	0.0512135595888	0.0157968399	-0.0432561486394	-0.078755715362	0.0702552031224	0.037813567549	0.0188308814653	0.0390491707299	0.0516040326343	-0.00500519664985	0.0293691272355	0.0398617030762	-0.0559914782459	-0.0176884960883	-0.00144721972156	-0.00150801349904	-0.0207955963399	-0.0104581137312	0.00976542646801	-0.0209755882501	-0.0135815187762	-0.0646122843008	-0.0532589112652
k__Bacteria;p__Bacteroidetes;c__Bacteroidia;o__Bacteroidales;f__Porphyromonadaceae;g__Parabacteroides;s__Parabacteroides_distasonis	-0.00699759338037	-0.0214293748099	0.0310896704356	-0.0545494849697	-0.0580991525667	0.0103672755635	0.00683986054916	-0.0384502070909	-0.0343628043463	1.0	-0.0754506652679	-0.0636364105333	-0.0132249478232	-0.0336526433648	0.0146116862028	-0.0142776646866	0.0573069969971	0.0216465111921	-0.0156637942748	0.0318102895428	-0.0273951318546	0.0222172493126	-0.0381490323498	0.0151532001651	-0.0428729562211	-0.0171041546662	-0.0741490073449	-0.0315991970872	0.108473910657	-0.00654703843325	0.0169624211748	0.0170867622684	-0.0332437392537	0.0571612691346	-0.0191829154951	-0.0263304403992	-0.0287025701567	0.00293204862938	0.0700932530477	-0.0258059667446	4.35179120861e-05	0.0149938936341	-0.0757860313165	0.0271830124248	-0.0491814491561	0.0548367991579	0.0420748989854	-0.0949089891309	0.00556610750343	-0.0469302154291	-0.078784065736	0.0334815973362	-0.0186903469051	-0.0187747535597	-0.0172960967209	-0.0738180693829	-0.0119121742546	-0.0271220502419	0.0158793465988
k__Bacteria;p__Bacteroidetes;c__Bacteroidia;o__Bacteroidales;f__Bacteroidaceae;g__Bacteroides;s__Bacteroides_thetaiotaomicron	-0.0410641345755	-0.0422429748306	-0.0455649773096	0.0546414943208	-0.0328989606066	0.0262731248808	0.0268457689919	-0.0122735984391	-0.00482013682943	-0.0754506652679	1.0	-0.00532052421876	-0.0105800057998	0.00306721166599	0.0854800297544	0.0574932121572	0.0250619873444	-0.0249977658906	-0.042575015294	-0.0428102010915	-0.0657568106797	-0.0211592629848	0.00673257367964	0.0374387025059	0.0205816846078	-0.0348774638581	-0.0270398735793	-0.0670301436317	-0.0262532739803	-0.00496347193794	-0.0466730246528	-0.0411854038141	0.0556521460938	-0.0658790129249	0.0455841750168	-0.0101544966065	0.0367989998395	-0.0363258314512	0.029139286989	0.0346031217009	0.043420954301	0.0154049284334	0.0368571928952	0.0100852651081	-0.0460394128927	-0.0428484508921	0.0175611744088	-0.0315030947407	0.0119420352355	0.0207166277484	-0.108757697485	-0.0600144349134	0.0216068978071	0.0481066500086	-0.0386003939834	0.0501494024652	-0.0122239247691	-0.00537034246242	0.0207021034981
k__Bacteria;p__Bacteroidetes;c__Bacteroidia;o__Bacteroidales;f__Bacteroidaceae;g__Bacteroides;s__Bacteroides_coprocola	-0.0365375034707	0.0555321627404	-0.0336212159438	0.0718315612993	-0.00635489627769	-0.0152214421253	-0.00971816057474	0.0137980666494	0.00872932979324	-0.0636364105333	-0.00532052421876	1.0	-0.0342279595206	-0.0855720238707	0.0571017917086	0.0668877993309	-0.0729321649324	-0.0193930129827	0.0401035702583	0.0257013600663	-0.0898446982886	-0.024360265009	-0.0202714158214	-0.0138027546248	-0.0109897733904	0.0141094457059	-0.0294856787247	0.0516684669887	-0.0523016053635	0.0646037312558	-0.0788967924655	-0.0413408038221	0.0608944213492	0.00257125547678	-0.0094089285898	0.00902200734038	-0.0399097426745	0.0634702156516	0.0482867423981	-0.0330605194293	0.063586779028	0.0357153046645	-0.0952329745623	0.024404315243	-0.0562310099231	-0.0101050070812	-0.0210952525766	-0.0631415308892	-0.00805135708718	-0.0618100928608	-0.0429387229887	0.00572847319449	0.0019988174101	-0.0390908407726	0.00128054883551	-0.00275881564954	0.0415981909304	0.00959609341891	-0.023625652933
k__Bacteria;p__Bacteroidetes;c__Bacteroidia;o__Bacteroidales;f__Bacteroidaceae;g__Bacteroides;s__Bacteroides_cellulosilyticus	0.0143863877867	-0.0815145607512	-0.0249132703951	-0.0405712682349	0.0366687884948	-0.000336747587161	-0.030405265776	0.0287726734698	-0.051498647246	-0.0132249478232	-0.0105800057998	-0.0342279595206	1.0	-0.0723979912902	0.00507383650096	-0.0391183937351	0.00952411235301	-0.0712847923365	-0.0503110808017	-0.0792790819053	-0.000867584243769	-0.0146497086332	0.0606081764098	-0.00660707946121	-0.0420222082178	-0.0519226699427	-0.0803879484035	-0.0316965835654	0.0549468271336	-0.00459162613101	0.0944771533029	0.0284165190653	0.0184224340339	-0.0424860966453	-0.00292297005382	0.0316557477338	-0.0279105512514	0.0433648941946	-0.0577677806131	0.100449981097	0.037142616457	-0.0265664062186	-0.0728128160588	-0.00316486744592	0.00756149817998	-0.0306630100369	-0.0219078843082	0.0447073760568	-0.018593314581	-0.0720907905404	0.013612430848	-0.000291008506198	-0.0853007361091	-0.00690320225239	0.0592866413274	-0.106979298221	-0.0111494497311	-0.0144946149177	0.0503134753234
k__Bacteria;p__Bacteroidetes;c__Bacteroidia;o__Bacteroidales;f__Rikenellaceae;g__Alistipes;s__Alistipes_obesi	-0.0603764582795	-0.00462841103781	0.0695274617856	0.0322628266571	-0.0622460377806	-0.064062082615	-0.0224682616397	0.0163949879863	0.0202496050709	-0.0336526433648	0.00306721166599	-0.0855720238707	-0.0723979912902	1.0	-0.00545700385766	0.057787021387	0.020841471714	0.00880682347675	0.0516587087359	0.00375821089663	-0.007751470229	-0.0212378821223	-0.016166284747	-0.0535068967495	-0.0442408629852	-0.0677125278403	0.0210183398491	-0.0570607494938	-0.030047570717	-0.045649026398	-0.0434290295349	0.0481610197236	0.0414796358607	-0.0136757748862	-0.0272507921489	0.0384434678472	0.0591644393686	0.00845844535655	-0.0349376639886	-0.00240841472698	-0.0175178392488	0.0280814414029	-0.0370332750044	-0.0560933034171	-0.0195540023214	0.0242947880512	0.0182483093686	-0.0116244106674	-0.0117460830728	0.0330323998795	-0.0471650903482	-0.0323286732331	0.0232559977053	0.00750603978986	0.0954646897328	-0.06829736439	-0.02607809187	-0.00607138557948	-0.0328585581873
k__Bacteria;p__Firmicutes;c__Clostridia;o__Clostridiales;f__Lachnospiraceae;g__;s__[Eubacterium]_rectale	0.0590743687134	0.0373827403516	-0.0597593975439	0.0209794816719	0.0616846876652	0.0492875534636	0.0368397015315	-0.0343685449507	0.00559397643487	0.0146116862028	0.0854800297544	0.0571017917086	0.00507383650096	-0.00545700385766	1.0	-0.00712961686662	-0.0423519958559	0.00848758849379	-0.02875550769	0.0156395265405	-0.0076570659677	0.00270446328026	0.0190681024659	-0.0527671148728	-0.0339794099405	-0.0970155695963	-0.0231402422411	0.0486200529805	-0.0244343269182	-0.0100688956314	-0.0285355835605	0.0229591504989	0.0131095099392	0.0184230691445	-0.0246482282481	-0.0578922003604	-0.0201658744535	0.031709030391	0.0145134864335	-0.00543302047754	-0.00632361639083	-0.0748767108869	-0.0138285164776	0.0525357340456	0.0158813020566	-0.0693174996884	-0.0319776916745	0.00092827258177	-0.0151342933968	0.0751382637546	-0.0665319575756	0.00871419288946	-0.0549878105506	-0.0735079367135	-0.0324372379801	-0.0223860099531	-0.0262460759446	-0.0660306078477	0.0296678277182
k__Bacteria;p__Bacteroidetes;c__Bacteroidia;o__Bacteroidales;f__Bacteroidaceae;g__Bacteroides;s__Bacteroides_plebeius	-0.0816023197459	-0.0574216638867	-0.00785576307422	0.0346402277026	-0.0388926206026	-0.0336811432406	-0.0392545456444	0.00847498091517	0.0399768136902	-0.0142776646866	0.0574932121572	0.0668877993309	-0.0391183937351	0.057787021387	-0.00712961686662	1.0	-0.0311910758205	-0.0462361409689	-0.0533712696186	0.0351058697976	-0.0488890086402	-0.0189004675845	-0.0409370459478	0.0311845145012	0.0056104849241	0.000417080329022	-0.0117621318732	-0.0275242187935	0.0607544567983	-0.00953765414694	0.0436790789628	0.0300822663007	0.0354427658633	-0.109185969753	0.00197207116201	-0.0352729204424	0.0409012781077	0.025218943684	-0.00236797116758	0.00567617844086	-0.0461079289364	-0.0482844650742	-0.0583621729331	-0.00824473814628	0.075877814107	0.0247708192009	0.0245658800492	-0.0156184093026	0.00798236077507	-0.0421204977985	-0.0185472813516	-0.0229215663355	-0.0137696187944	-0.0263774617734	-0.0794043794334	-0.0058786478743	0.0342456619024	0.0646653933105	0.0403439994027
k__Bacteria;p__Bacteroidetes;c__Bacteroidia;o__Bacteroidales;f__Bacteroidaceae;g__Bacteroides;s__Bacteroides_fragilis	0.0307863963054	-0.024855151244	-0.0251897509904	-0.0611320168886	-0.0207816238323	0.0234063341243	-0.0299251087763	-0.00624568886759	0.00622891017116	0.0573069969971	0.0250619873444	-0.0729321649324	0.00952411235301	0.020841471714	-0.0423519958559	-0.0311910758205	1.0	-0.0126697504493	0.00878773630611	-0.0361903263943	0.00516700350231	-0.0366854074714	0.022374732549	-0.0239058013252	-0.0414584608433	-0.00494966869986	-0.00983286331131	-0.0234690358578	-0.0197093489818	0.0291437622282	-0.0193503202566	-0.0495001929988	-0.028477399448	-0.0159987640763	-0.0254906484311	-0.0273018826644	-0.00327884304074	0.0233212285984	0.013617852395	0.0201480992966	0.0381365316082	0.051709435912	-0.0304954378693	-0.0343442671897	-0.0156652350545	-0.0194476562038	0.00951878447111	-0.0256518391524	-0.0680034075766	-0.0452244110375	-0.0578955718924	-0.00299776699826	0.00339876976777	0.0350076874239	-0.0201963698197	-0.0497833587528	0.0385544873504	-0.0312001962851	-0.0399454261167
k__Bacteria;p__Proteobacteria;c__Betaproteobacteria;o__Burkholderiales;f__Sutterellaceae;g__Sutterella;s__Sutterella_wadsworthensis	0.0268055512977	0.0997652966827	0.0356409744476	-0.053095968193	-0.041292343475	-0.026616774996	0.0202520884211	-0.01491977895	-0.00198894883724	0.0216465111921	-0.0249977658906	-0.0193930129827	-0.0712847923365	0.00880682347675	0.00848758849379	-0.0462361409689	-0.0126697504493	1.0	-0.0508750983044	0.0389788098363	-0.0346818796733	-0.00446369223508	0.0576921796786	0.00905827387624	0.048140503136	-0.0190243543718	-0.0108246466277	-0.0494783155056	0.0896729904304	0.0237841173833	0.00258677723524	-0.0317209409873	-0.000949631860691	0.0528869079058	-1.73221849835e-05	-0.0370844216617	0.0470355773971	0.0352583304261	0.0409740375357	-0.00631691063473	0.0102791002606	0.00580827861432	-0.0346877752365	0.000621570522208	0.0259420184781	0.0657185973223	-0.0208308266521	-0.0932849608834	-0.0226510240927	0.084440811718	0.0036394241778	-0.00391118749254	0.0255540702913	-0.0816247910303	0.0251168477517	-0.0346801331688	-0.0345734373321	-0.0643759438338	-0.0263392169364
k__Bacteria;p__Bacteroidetes;c__Bacteroidia;o__Bacteroidales;f__Porphyromonadaceae;g__Barnesiella;s__Barnesiella_intestinihominis	-0.0194043172915	0.00101513792897	0.0365267654993	-0.00760024612741	-0.0479553082137	-0.0289648292428	-0.026995268736	0.0402527163352	0.023486689536	-0.0156637942748	-0.042575015294	0.0401035702583	-0.0503110808017	0.0516587087359	-0.02875550769	-0.0533712696186	0.00878773630611	-0.0508750983044	1.0	-0.047164022566	0.0495002604535	0.026390571069	0.068256725252	0.000934459144654	0.016094952298	0.0527404857225	-0.0403306800631	0.00516035538006	-0.0364748062433	0.00397669015344	-0.00167541448515	-0.0274414682316	0.0351248276476	-0.0334337892452	-0.0434521482216	-0.0167156497995	-0.0387816361467	0.0460846081367	0.0472696697769	-0.0248761456982	-0.0432282941572	-0.0551864825301	0.00124151292828	0.0482495709245	-0.0673550858347	0.00276249804451	-0.0154694216673	0.00441889321833	-0.00413001572348	-0.0322604833956	0.0036488484451	-0.00194942637265	-0.0414256361958	-0.0721674320935	-0.0101456371546	-0.0387499531555	-0.0224568994016	0.00745942187023	0.0394380899869
k__Bacteria;p__Bacteroidetes;c__Bacteroidia;o__Bacteroidales;f__Odoribacteraceae;g__Odoribacter;s__Odoribacter_splanchnicus	-0.0108422767452	-0.0260821198264	-0.0204692562442	-0.0228415791951	-0.0106793290277	0.0497118029823	-0.0639498758097	0.0219895821019	-0.0148622875776	0.0318102895428	-0.0428102010915	0.0257013600663	-0.0792790819053	0.00375821089663	0.0156395265405	0.0351058697976	-0.0361903263943	0.0389788098363	-0.047164022566	1.0	0.00579905576062	0.0204834010014	-0.0206001860154	0.0246926797639	0.0365243368803	-0.00172866376721	0.0827075585712	-0.00307031411852	0.0694299719022	-0.0340243498852	-0.0680646495061	-0.116223278291	5.86291964349e-05	-0.0448264261527	0.00323496373766	-0.0744343729424	0.01852082442	-0.0197742526082	-0.0455749856268	-0.0469117268775	-0.0504122547409	0.0158844994248	-0.115480089124	0.0236767832182	-0.00850651750048	-0.0704184799465	0.0293631542088	0.0220274705574	0.0176466666758	0.0699383737663	-0.0714575285646	0.0050290611493	-0.0905727008528	-0.00338582283894	-0.00978578763422	0.0178880278021	0.0367107391862	0.0174601568087	-0.000169950476651
k__Bacteria;p__Bacteroidetes;c__Bacteroidia;o__Bacteroidales;f__Bacteroidaceae;g__Bacteroides;s__Bacteroides_salyersiae	0.0324742830839	-0.0540207663565	-0.0550160616972	-0.0796090835241	-0.0202401211058	-0.0106422600254	0.0170219695278	0.0241192358692	-0.082442057814	-0.0273951318546	-0.0657568106797	-0.0898446982886	-0.000867584243769	-0.007751470229	-0.0076570659677	-0.0488890086402	0.00516700350231	-0.0346818796733	0.0495002604535	0.00579905576062	1.0	-0.0517053950871	0.0558008817967	-0.00856697760243	-0.000984355303075	-0.0509976065313	0.0107843404856	0.00633788685766	-0.0076230701765	0.0171759281661	-0.00644666278982	-0.0500676163394	-0.0282855936295	0.0347696598322	0.00912356514024	0.0127341739973	-0.00205147198165	0.0336280195412	-0.0873923063232	-0.022523169181	-0.0603407032956	0.072274609671	-0.067858803596	-0.00114567443803	-0.0259540553752	-0.039312523819	0.0128298839525	0.0242479355482	0.103032791899	0.00507656796772	0.0758243211989	0.0278498568135	0.0785509293448	0.0328078314139	0.0357127651977	0.0115167054754	-0.0391360597381	0.0603560915051	-0.0175086507633
k__Bacteria;p__Firmicutes;c__Clostridia;o__Clostridiales;f__Ruminococcaceae;g__Ruminiclostridium;s__[Eubacterium]_siraeum	0.0397059735991	-0.0298280420916	0.0038623558748	0.0513954001466	-0.0209477791179	-0.0424715813212	0.051365817903	-0.0258280148659	0.00674910076412	0.0222172493126	-0.0211592629848	-0.024360265009	-0.0146497086332	-0.0212378821223	0.00270446328026	-0.0189004675845	-0.0366854074714	-0.00446369223508	0.026390571069	0.0204834010014	-0.0517053950871	1.0	-0.0311667805034	-0.0170693518807	-0.0499691073969	0.0145746360397	0.0540817912149	-0.0643563707642	-0.0199240115625	-0.06994992662	-0.0155297727791	-0.0643993393436	0.0231065896688	-0.00217918537739	-0.0146071034016	0.0174715116155	-0.0406745228721	0.0395528575921	-0.0685371002041	0.0175168868517	-0.0505279577968	-0.0852022823459	-0.0417473843316	-0.0323872706533	0.0182164123323	0.0075070985415	-0.0231485118848	0.0637495823007	-0.022014897986	0.0180419039948	0.0094656816319	-0.0591665659611	-0.0332305910286	-0.00154697984216	-0.0220347509087	0.0189807108415	-0.0903828482579	0.0269412206247	-0.0126547629051
k__Bacteria;p__Proteobacteria;c__Betaproteobacteria;o__Burkholderiales;f__Sutterellaceae;g__Parasutterella;s__Parasutterella_excrementihominis	-0.027236418476	-0.045053800005	-0.0149091712302	-0.00684952793494	0.0452976922536	0.026139987322	0.0906079404197	-0.0391293219514	-0.044508144948	-0.0381490323498	0.00673257367964	-0.0202714158214	0.0606081764098	-0.016166284747	0.0190681024659	-0.0409370459478	0.022374732549	0.0576921796786	0.068256725252	-0.0206001860154	0.0558008817967	-0.0311667805034	1.0	-0.0476849659232	0.0300884683313	0.00417594771961	-0.0335216908166	-0.0759730971991	-0.062308916686	0.0146104809507	-0.0391002612483	-0.00965652128156	-0.026531419001	-0.0245310465171	0.0521997400311	0.0444428082545	0.0403765770966	0.00046394582281	-0.043411872097	-0.00578292576816	-0.0121138647648	-0.0595092378804	-0.0234511328952	-0.041729978187	0.01897040538	-0.0265174252793	-0.0760574322543	-0.0131283017331	0.059015285978	0.0261766017676	-0.0297122184579	0.0304409901002	0.025885254225	-0.00901633349562	-0.0222413548188	0.0163147340682	0.00170764207145	0.0313818157297	-0.0954055606579
k__Bacteria;p__Actinobacteria;c__Actinobacteria;o__Bifidobacteriales;f__Bifidobacteriaceae;g__Bifidobacterium;s__Bifidobacterium_adolescentis	-0.0417794188556	-0.0376180731089	0.00933820058364	0.00539321971612	-0.00927452652793	-0.0157757691357	-0.042945069318	-0.04382794955	0.0371880440338	0.0151532001651	0.0374387025059	-0.0138027546248	-0.00660707946121	-0.0535068967495	-0.0527671148728	0.0311845145012	-0.0239058013252	0.00905827387624	0.000934459144654	0.0246926797639	-0.00856697760243	-0.0170693518807	-0.0476849659232	1.0	0.0261136010179	0.00562174014431	0.0202697690029	-0.0614995207929	-0.0858067037729	-0.0396901734126	-0.0447938231514	-0.0509685848106	0.0217658763245	0.0286936823568	-0.0766421305727	0.0760868767755	-0.0513001981692	0.0274226077839	0.0018968915923	-0.0371734072511	-0.00369708917868	0.0771401328297	0.00809286959829	-0.00824292758359	0.00566618159213	-0.0645197637072	0.00990045762355	-0.0242928656803	-0.000201068822569	0.0411828053108	-0.0298041500359	0.0311365152219	0.0881327348157	-0.0141461448845	0.0133251165108	0.00912144445206	0.0433326403427	-0.00782532987339	-0.0577233022104
k__Bacteria;p__Firmicutes;c__Clostridia;o__Clostridiales;f__Oscillospiraceae;g__Oscillibacter;s__Oscillibacter_sp._KLE_1745	-0.0857894513486	-0.0298680854594	-0.0447657163089	0.00281226617106	-0.00690838309373	-0.00175966589291	-0.0118216120969	-0.0739483563575	-0.0151633494303	-0.0428729562211	0.0205816846078	-0.0109897733904	-0.0420222082178	-0.0442408629852	-0.0339794099405	0.0056104849241	-0.0414584608433	0.048140503136	0.016094952298	0.0365243368803	-0.000984355303075	-0.0499691073969	0.0300884683313	0.0261136010179	1.0	-0.113450587684	0.0182688318373	-0.0311002075653	-0.00919338101358	-0.052388881698	0.109043629409	0.0243004508122	-0.046587964697	0.00948279617372	-0.0291101238012	0.0237196379621	-0.0162837367085	-0.00569513970185	0.0339500343425	-0.0204754043173	-0.035889517352	-0.0588004937341	0.021649689175	-0.0369926335559	0.00267655022961	0.0369742857738	-0.00115509231779	-0.041907992382	-0.0850674289353	-0.0707663505523	-0.0196738834402	0.0616537725741	0.0417138959833	0.0130349133051	0.071210219785	-0.0585534299776	0.0159357145633	-0.0340113850492	0.0580776795492
k__Bacteria;p__Bacteroidetes;c__Bacteroidia;o__Bacteroidales;f__Bacteroidaceae;g__Bacteroides;s__Bacteroides_coprophilus	-0.0829905077443	0.00353345409796	-0.0207408413834	-0.0520157824424	-0.0412266950276	-0.0211376072344	-0.0755493635067	0.00278557256251	-0.0459308201237	-0.0171041546662	-0.0348774638581	0.0141094457059	-0.0519226699427	-0.0677125278403	-0.0970155695963	0.000417080329022	-0.00494966869986	-0.0190243543718	0.0527404857225	-0.00172866376721	-0.0509976065313	0.0145746360397	0.00417594771961	0.00562174014431	-0.113450587684	1.0	-0.0198981918588	-0.0617993185347	-0.00277337482896	-0.0159640652671	-0.0122659869241	0.0119721606867	0.0288635884432	0.00777386244457	-0.0735161835575	-0.00752608137806	0.00628453560924	-0.00080055106897	-0.0617000904539	0.00568023872574	-0.00611486990967	-0.0326777936542	-0.00319844062047	0.0052321410916	0.0189735363088	-0.0151560923719	0.096739358034	-0.0259512818554	0.0690334213581	0.0568884450202	-0.0212636590461	-0.0542507337395	0.0736449998915	-0.0966998851237	-0.0460405681634	-0.0532232701972	-0.024278971791	-0.0290659820568	0.0481938419286
k__Bacteria;p__Firmicutes;c__Clostridia;o__Clostridiales;f__Lachnospiraceae;g__Roseburia;s__Roseburia_intestinalis	0.0230811293566	-0.00665797284221	0.0463010786006	0.00484400632136	-0.0243743426314	-0.0407347339247	0.0457885598677	-0.0234483473371	0.0226039499102	-0.0741490073449	-0.0270398735793	-0.0294856787247	-0.0803879484035	0.0210183398491	-0.0231402422411	-0.0117621318732	-0.00983286331131	-0.0108246466277	-0.0403306800631	0.0827075585712	0.0107843404856	0.0540817912149	-0.0335216908166	0.0202697690029	0.0182688318373	-0.0198981918588	1.0	0.0212783637222	-0.00424529261349	-0.0173507491005	0.0376971297849	-0.0144479311771	-0.0708309585069	-0.0792701665453	-0.0692911287072	-0.00514819442726	-0.0874276608312	-0.0596413707897	-0.0359064023174	0.0113854574012	0.0724403697165	-0.0575214524877	-0.0342102817297	-0.0674497926891	0.0177733726678	0.056407416149	-0.0339971542599	-0.0305364698248	0.0325471623397	0.00640829284625	-0.0512011640336	0.00868110889085	-0.0180534891473	0.00387424145775	0.0104771663681	-0.0126800049029	-0.0404567329207	-0.0437735815979	-0.000333006768102
k__Bacteria;p__Firmicutes;c__Clostridia;o__Clostridiales;f__Lachnospiraceae;g__Roseburia;s__Roseburia_hominis	-0.00547506707796	0.0332245988355	-0.0158774633527	0.0211797027434	0.0719469772144	0.0483347439905	-0.026939122664	0.0218850382028	-0.0740896294206	-0.0315991970872	-0.0670301436317	0.0516684669887	-0.0316965835654	-0.0570607494938	0.0486200529805	-0.0275242187935	-0.0234690358578	-0.0494783155056	0.00516035538006	-0.00307031411852	0.00633788685766	-0.0643563707642	-0.0759730971991	-0.0614995207929	-0.0311002075653	-0.0617993185347	0.0212783637222	1.0	-0.0106577597627	-0.00314700802423	0.042188522076	0.0533763306342	-0.0277270725409	0.0467678424578	-0.0752441329892	-0.0249890868988	0.0262545786304	0.00859199996163	-0.00581576231695	-0.0631980920493	-0.0383014596019	-0.0753165965259	0.0226056247945	-0.0258975227576	0.0446726563144	-0.0017532432957	-0.0530841352801	0.015230070732	0.02954365204	0.0174979805915	-0.00204083730144	0.0682096400779	-0.0712452705186	-0.0449254335863	-0.0208713596789	-0.0129026422143	-0.0388471111393	-0.00472445882611	-0.0305946924138
k__Bacteria;p__Bacteroidetes;c__Bacteroidia;o__Bacteroidales;f__Porphyromonadaceae;g__Parabacteroides;s__Parabacteroides_johnsonii	0.0301691154476	0.099540868308	0.0112249281554	-0.0179882735209	-0.0430720955452	-0.0389350096278	-0.064565246765	-0.0510890751257	0.00808317355552	0.108473910657	-0.0262532739803	-0.0523016053635	0.0549468271336	-0.030047570717	-0.0244343269182	0.0607544567983	-0.0197093489818	0.0896729904304	-0.0364748062433	0.0694299719022	-0.0076230701765	-0.0199240115625	-0.062308916686	-0.0858067037729	-0.00919338101358	-0.00277337482896	-0.00424529261349	-0.0106577597627	1.0	-0.0685760584425	0.00430219686769	0.0454566961745	0.0397266410663	-0.0361435357776	-0.0105259530751	-0.00260687443778	-0.0252277099883	0.00157322195896	0.0327785997813	-0.0627139590907	0.00584142612354	0.0501029244779	-0.0776103771008	0.0086612283723	-0.0668498422951	0.0145362265141	-0.0639254544869	-0.0150354915474	-0.00357275510719	0.00138745100021	0.0283631528381	-0.0129933639016	-0.034502262052	-0.0164034577023	-0.0286542339759	0.0290084478918	-0.0471921175329	-0.0239010580784	-0.00455840896445
k__Bacteria;p__Actinobacteria;c__Actinobacteria;o__Bifidobacteriales;f__Bifidobacteriaceae;g__Bifidobacterium;s__Bifidobacterium_longum	0.0222242866736	-0.0385284629285	-0.0628672442698	0.00473464127837	-0.00490305717774	0.0307121321557	-0.0130922579222	-0.0440117216171	-0.0264295006831	-0.00654703843325	-0.00496347193794	0.0646037312558	-0.00459162613101	-0.045649026398	-0.0100688956314	-0.00953765414694	0.0291437622282	0.0237841173833	0.00397669015344	-0.0340243498852	0.0171759281661	-0.06994992662	0.0146104809507	-0.0396901734126	-0.052388881698	-0.0159640652671	-0.0173507491005	-0.00314700802423	-0.0685760584425	1.0	-0.0171044867275	-0.0259749462561	-0.0248835355137	0.000432226621166	-0.0168309590955	-0.0225327365833	0.0178796912995	0.0196810099922	0.00283852505867	0.0584915636336	-0.0165538332136	0.0477376466854	-0.00474349881902	-0.0610881503726	0.088408149167	0.00345295193764	-0.0306078283283	0.0233502557674	-0.00602534846475	-0.0653598632112	-0.0240183248029	0.0172611331151	0.0523880865226	0.0264499413112	-0.054535313071	-0.0647672973895	0.0932191584263	0.0460859334551	0.0368549879969
