#taxonomy	k__Bacteria;p__Bacteroidetes;c__Bacteroidia;o__Bacteroidales;f__Bacteroidaceae;g__Bacteroides;s__Bacteroides_vulgatus	k__Bacteria;p__Bacteroidetes;c__Bacteroidia;o__Bacteroidales;f__Bacteroidaceae;g__Bacteroides;s__Bacteroides_uniformis	k__Bacteria;p__Bacteroidetes;c__Bacteroidia;o__Bacteroidales;f__Rikenellaceae;g__Alistipes;s__Alistipes_putredinis	k__Bacteria;p__Bacteroidetes;c__Bacteroidia;o__Bacteroidales;f__Prevotellaceae;g__Prevotella;s__Prevotella_copri	k__Bacteria;p__Bacteroidetes;c__Bacteroidia;o__Bacteroidales;f__Bacteroidaceae;g__Bacteroides;s__Bacteroides_stercoris	k__Bacteria;p__Bacteroidetes;c__Bacteroidia;o__Bacteroidales;f__Bacteroidaceae;g__Bacteroides;s__Bacteroides_ovatus	k__Bacteria;p__Bacteroidetes;c__Bacteroidia;o__Bacteroidales;f__Rikenellaceae;g__Alistipes;s__Alistipes_shahii	k__Bacteria;p__Firmicutes;c__Clostridia;o__Clostridiales;f__Ruminococcaceae;g__Faecalibacterium;s__Faecalibacterium_prausnitzii	k__Bacteria;p__Bacteroidetes;c__Bacteroidia;o__Bacteroidales;f__Rikenellaceae;g__Alistipes;s__Alistipes_finegoldii	k__Bacteria;p__Bacteroidetes;c__Bacteroidia;o__Bacteroidales;f__Porphyromonadaceae;g__Parabacteroides;s__Parabacteroides_distasonis	k__Bacteria;p__Bacteroidetes;c__Bacteroidia;o__Bacteroidales;f__Bacteroidaceae;g__Bacteroides;s__Bacteroides_thetaiotaomicron	k__Bacteria;p__Bacteroidetes;c__Bacteroidia;o__Bacteroidales;f__Bacteroidaceae;g__Bacteroides;s__Bacteroides_coprocola	k__Bacteria;p__Bacteroidetes;c__Bacteroidia;o__Bacteroidales;f__Bacteroidaceae;g__Bacteroides;s__Bacteroides_cellulosilyticus	k__Bacteria;p__Bacteroidetes;c__Bacteroidia;o__Bacteroidales;f__Rikenellaceae;g__Alistipes;s__Alistipes_obesi	k__Bacteria;p__Firmicutes;c__Clostridia;o__Clostridiales;f__Lachnospiraceae;g__;s__[Eubacterium]_rectale	k__Bacteria;p__Bacteroidetes;c__Bacteroidia;o__Bacteroidales;f__Bacteroidaceae;g__Bacteroides;s__Bacteroides_plebeius	k__Bacteria;p__Bacteroidetes;c__Bacteroidia;o__Bacteroidales;f__Bacteroidaceae;g__Bacteroides;s__Bacteroides_fragilis	k__Bacteria;p__Proteobacteria;c__Betaproteobacteria;o__Burkholderiales;f__Sutterellaceae;g__Sutterella;s__Sutterella_wadsworthensis	k__Bacteria;p__Bacteroidetes;c__Bacteroidia;o__Bacteroidales;f__Porphyromonadaceae;g__Barnesiella;s__Barnesiella_intestinihominis	k__Bacteria;p__Bacteroidetes;c__Bacteroidia;o__Bacteroidales;f__Odoribacteraceae;g__Odoribacter;s__Odoribacter_splanchnicus	k__Bacteria;p__Bacteroidetes;c__Bacteroidia;o__Bacteroidales;f__Bacteroidaceae;g__Bacteroides;s__Bacteroides_salyersiae	k__Bacteria;p__Firmicutes;c__Clostridia;o__Clostridiales;f__Ruminococcaceae;g__Ruminiclostridium;s__[Eubacterium]_siraeum	k__Bacteria;p__Proteobacteria;c__Betaproteobacteria;o__Burkholderiales;f__Sutterellaceae;g__Parasutterella;s__Parasutterella_excrementihominis	k__Bacteria;p__Actinobacteria;c__Actinobacteria;o__Bifidobacteriales;f__Bifidobacteriaceae;g__Bifidobacterium;s__Bifidobacterium_adolescentis	k__Bacteria;p__Firmicutes;c__Clostridia;o__Clostridiales;f__Oscillospiraceae;g__Oscillibacter;s__Oscillibacter_sp._KLE_1745	k__Bacteria;p__Bacteroidetes;c__Bacteroidia;o__Bacteroidales;f__Bacteroidaceae;g__Bacteroides;s__Bacteroides_coprophilus	k__Bacteria;p__Firmicutes;c__Clostridia;o__Clostridiales;f__Lachnospiraceae;g__Roseburia;s__Roseburia_intestinalis	k__Bacteria;p__Firmicutes;c__Clostridia;o__Clostridiales;f__Lachnospiraceae;g__Roseburia;s__Roseburia_hominis	k__Bacteria;p__Bacteroidetes;c__Bacteroidia;o__Bacteroidales;f__Porphyromonadaceae;g__Parabacteroides;s__Parabacteroides_johnsonii	k__Bacteria;p__Actinobacteria;c__Actinobacteria;o__Bifidobacteriales;f__Bifidobacteriaceae;g__Bifidobacterium;s__Bifidobacterium_longum	k__Bacteria;p__Firmicutes;c__Clostridia;o__Clostridiales;f__;g__Flavonifractor;s__Flavonifractor_plautii	k__Bacteria;p__Firmicutes;c__Clostridia;o__Clostridiales;f__Clostridiaceae;g__Clostridium;s__Clostridium_phoceensis	k__Bacteria;p__Verrucomicrobia;c__Verrucomicrobiae;o__Verrucomicrobiales;f__Akkermansiaceae;g__Akkermansia;s__Akkermansia_muciniphila	k__Bacteria;p__Bacteroidetes;c__Bacteroidia;o__Bacteroidales;f__Prevotellaceae;g__Paraprevotella;s__Paraprevotella_xylaniphila	k__Bacteria;p__Firmicutes;c__Clostridia;o__Clostridiales;f__Ruminococcaceae;g__Ruminococcus;s__Ruminococcus_callidus	k__Bacteria;p__Bacteroidetes;c__Bacteroidia;o__Bacteroidales;f__Rikenellaceae;g__Alistipes;s__Alistipes_senegalensis	k__Bacteria;p__Firmicutes;c__Clostridia;o__Clostridiales;f__Lachnospiraceae;g__Blautia;s__Blautia_sp._KLE_1732	k__Bacteria;p__Bacteroidetes;c__Bacteroidia;o__Bacteroidales;f__Bacteroidaceae;g__Bacteroides;s__Bacteroides_oleiciplenus	k__Bacteria;p__Firmicutes;c__Clostridia;o__Clostridiales;f__Ruminococcaceae;g__Ruminococcus;s__Ruminococcus_bicirculans	k__Bacteria;p__Bacteroidetes;c__Bacteroidia;o__Bacteroidales;f__Bacteroidaceae;g__Bacteroides;s__Bacteroides_fluxus	k__Bacteria;p__Bacteroidetes;c__Bacteroidia;o__Bacteroidales;f__Prevotellaceae;g__Prevotella;s__Prevotella_stercorea	k__Bacteria;p__Firmicutes;c__Clostridia;o__Clostridiales;f__Lachnospiraceae;g__Dorea;s__Dorea_longicatena	k__Bacteria;p__Firmicutes;c__Clostridia;o__Clostridiales;f__Eubacteriaceae;g__Eubacterium;s__[Eubacterium]_eligens	k__Bacteria;p__Firmicutes;c__Clostridia;o__Clostridiales;f__Ruminococcaceae;g__;s__Ruminococcaceae_bacterium_D16	k__Bacteria;p__Firmicutes;c__Clostridia;o__Clostridiales;f__Lachnospiraceae;g__Coprococcus;s__Coprococcus_comes	k__Bacteria;p__Proteobacteria;c__Gammaproteobacteria;o__Enterobacterales;f__Enterobacteriaceae;g__Escherichia;s__Escherichia_coli	k__Bacteria;p__Firmicutes;c__Clostridia;o__Clostridiales;f__Ruminococcaceae;g__Anaerotruncus;s__Anaerotruncus_colihominis	k__Bacteria;p__Firmicutes;c__Clostridia;o__Clostridiales;f__Lachnospiraceae;g__Blautia;s__Blautia_obeum	k__Bacteria;p__Bacteroidetes;c__Bacteroidia;o__Bacteroidales;f__Odoribacteraceae;g__Odoribacter;s__Odoribacter_laneus	k__Bacteria;p__Firmicutes;c__Clostridia;o__Clostridiales;f__Ruminococcaceae;g__Ruminiclostridium;s__[Clostridium]_leptum	k__Bacteria;p__Bacteroidetes;c__Bacteroidia;o__Bacteroidales;f__Porphyromonadaceae;g__Parabacteroides;s__Parabacteroides_goldsteinii	k__Bacteria;p__Firmicutes;c__Clostridia;o__Clostridiales;f__Lachnospiraceae;g__Anaerostipes;s__Anaerostipes_hadrus	k__Bacteria;p__Firmicutes;c__Clostridia;o__Clostridiales;f__Ruminococcaceae;g__Ruminococcus;s__Ruminococcus_lactaris	k__Bacteria;p__Firmicutes;c__Clostridia;o__Clostridiales;f__Clostridiaceae;g__Clostridium;s__Clostridium_sp._L2-50	k__Bacteria;p__Firmicutes;c__Clostridia;o__Clostridiales;f__Clostridiaceae;g__Clostridium;s__Clostridium_sp._M62/1	k__Bacteria;p__Firmicutes;c__Clostridia;o__Clostridiales;f__;g__Intestinimonas;s__Intestinimonas_butyriciproducens	k__Bacteria;p__Actinobacteria;c__Actinobacteria;o__Bifidobacteriales;f__Bifidobacteriaceae;g__Bifidobacterium;s__Bifidobacterium_bifidum	k__Bacteria;p__Firmicutes;c__Negativicutes;o__Veillonellales;f__Veillonellaceae;g__Dialister;s__Dialister_invisus	k__Bacteria;p__Bacteroidetes;c__Bacteroidia;o__Bacteroidales;f__Bacteroidaceae;g__Bacteroides;s__Bacteroides_salanitronis
k__Bacteria;p__Bacteroidetes;c__Bacteroidia;o__Bacteroidales;f__Bacteroidaceae;g__Bacteroides;s__Bacteroides_vulgatus	1.0	0.00543961689303	0.0540652527235	-0.0654988299373	-0.0284775246694	-0.0862604263919	-0.0132486566741	0.00623400707052	0.00838586067371	0.0320393663565	0.0143046829391	0.0112896996622	0.00942590688951	0.0623258366496	0.0192306133553	0.0613240215686	-0.0315586512554	-0.0534523795523	-0.0776328089602	0.0532356321262	-0.00352411393809	0.0433985286824	-0.014062737619	0.0169333801975	0.0266518225411	-0.00433731886668	0.0130916910456	0.0283074805045	-0.0138554180095	0.00409463357906	-0.0299007123666	-0.067610986632	-0.109014218481	-0.104478439465	-0.0220394332404	-0.0553651178027	-0.0198137140908	-0.0533259031679	0.0340301249979	-0.0550780640382	-0.0745818891838	-0.0143699780024	0.0289239122381	0.0261907654449	0.00311256218998	0.0350161378043	0.0139700796028	-0.0616946312777	0.00115022589938	0.0480895026621	-0.042593435776	0.00618481274299	0.0177958374463	-0.0435111964785	0.0154645302521	0.00577535787169	0.039662869979	0.0651019304661	0.000946120111517
k__Bacteria;p__Bacteroidetes;c__Bacteroidia;o__Bacteroidales;f__Bacteroidaceae;g__Bacteroides;s__Bacteroides_uniformis	0.00543961689303	1.0	-0.117226682947	-0.0261388810047	-0.0120320341806	0.0453895300222	-0.0640647216379	0.007485813306	0.0154197120276	0.0126637912451	0.0309605120623	-0.00636392572517	-0.0433605934774	0.00911312274903	-0.0999346805504	0.0147071252784	-0.00379735459524	-0.0440846155833	0.0331193556498	-0.0384415677091	-0.0174778968355	-0.0177067317702	-0.00368241302349	0.0922712496612	-0.0304217021246	-0.0131476021804	-0.0558847728293	0.0152814942387	-0.0890495364854	-0.00410497207389	-0.0800794586445	-0.0421859397103	-0.1044225989	0.0750216807523	0.0382714300826	-0.00572323307834	-0.0255663929934	-0.0153924383231	-0.0448583829672	0.0755586476875	0.0268142326603	-0.0359989186556	0.0314415178205	-0.00790437354236	0.000747321032471	-0.0417435204467	-0.010970208749	0.00482233229206	-0.0124247475091	-0.0166253592567	0.00538286930611	-0.0546662523664	-0.0533612053022	0.0367652057593	0.027739140721	-0.0209180596033	-0.0090487852025	0.0460111275925	-0.0305757774651
k__Bacteria;p__Bacteroidetes;c__Bacteroidia;o__Bacteroidales;f__Rikenellaceae;g__Alistipes;s__Alistipes_putredinis	0.0540652527235	-0.117226682947	1.0	-0.0583122703226	-0.0343646903154	-0.00142505572152	0.0400187083059	-0.0279664898698	-0.0111644646898	-0.0576332811597	0.0053832180055	-0.0263364622129	-0.0475085244149	-0.101696745716	0.00422467452944	0.023414000541	-0.0222613816317	-0.0283226358066	-0.0139125228393	-0.00464486580405	-0.00170163132807	-0.0139453380065	-0.00673172685238	-0.0494906140172	-0.0387851266864	-0.0111743832079	0.0446619138612	0.0266810277006	-0.0078041111202	0.0566547707841	-1.45275390733e-05	-0.00255652628755	-0.0382438033709	-0.0453693972512	-0.012951219403	-0.00542669016153	-0.0736860559235	0.0086513299256	-0.00978690137048	0.0327448978932	-0.0267841739616	0.0515231359628	0.0205918835016	-0.0180212143585	0.0336525503134	-0.0150944643581	-0.0251701249808	-0.0340966712404	-0.00402291650279	0.0133678007929	-0.0230805435472	-0.104977337992	-0.0324807348488	-0.0134784779718	0.0330116360299	-0.00669999300382	-0.0391602802522	-0.00466862392945	-0.0284448807894
k__Bacteria;p__Bacteroidetes;c__Bacteroidia;o__Bacteroidales;f__Prevotellaceae;g__Prevotella;s__Prevotella_copri	-0.0654988299373	-0.0261388810047	-0.0583122703226	1.0	0.0590859635234	-0.00259868173144	0.0933109040836	-0.0548711883612	-0.0183092923013	0.0094857951133	-0.00925537977297	-0.070852112984	-0.00286839756133	-0.010496809708	0.0319825000611	-0.0028913727381	0.0115479924201	-0.0139200697215	0.0270170058538	-0.0234421089019	0.0630663730474	-0.0624806443137	-0.00278261744024	-0.00160361416684	-0.0708406548083	-0.0188127200047	-0.00701539082293	-0.00691191748699	0.0267374610214	0.00828658387489	-0.0133606114993	0.00288865704279	-0.0229211941635	0.0155916900377	-0.0414578426151	-0.0344329320217	0.00660323230909	-0.00519793414212	-0.00271891964171	-0.0427818760229	-0.00263265366164	0.0218753275353	0.0340399709517	-0.0440484810579	0.00196599575146	0.0283547252421	-0.0098208462724	0.0198573597048	-0.007381932931	-0.0113266045099	-0.0518546174938	0.00269152017953	0.00086717126396	-0.0716309958555	-0.00470430971915	-0.0281743004704	0.0258073319745	-0.111735442255	-0.0186965586253
k__Bacteria;p__Bacteroidetes;c__Bacteroidia;o__Bacteroidales;f__Bacteroidaceae;g__Bacteroides;s__Bacteroides_stercoris	-0.0284775246694	-0.0120320341806	-0.0343646903154	0.0590859635234	1.0	0.0273155792951	-0.0613215786733	0.00566151673697	0.00293876400661	-0.0244180134316	0.022442577167	0.0688301282823	-0.0225846323589	-0.0608217599541	0.0669447394675	-0.0060795966048	-0.0876614289464	0.0334177342583	0.010877939024	0.0221768348563	-0.0353214467255	-0.0342246903514	0.00626654543232	0.0174154896621	-0.00247723772763	-0.0725633608245	-0.0119318261603	0.00726872262666	-0.0512752719204	-0.00812991011902	0.0308215713215	0.0249742848348	-0.00184572921435	-0.0167404642858	-0.0411342085074	-0.0841248239107	-0.0286716896489	-0.0738653464434	-0.036928162586	0.0315272122422	-0.0333409889369	-0.0226823174654	0.00740013122296	-0.0998412060417	-0.0815042842001	-0.0172728520802	0.00514735357635	-6.29925493581e-05	-0.0249703089718	-0.018231373742	0.00342381744311	0.0140634336696	0.0141272115972	-0.0267720239288	0.0746363210148	0.02292885144	0.000566452943273	0.0200873193823	0.0333287430501
k__Bacteria;p__Bacteroidetes;c__Bacteroidia;o__Bacteroidales;f__Bacteroidaceae;g__Bacteroides;s__Bacteroides_ovatus	-0.0862604263919	0.0453895300222	-0.00142505572152	-0.00259868173144	0.0273155792951	1.0	-0.000485028870423	-0.0550803067049	-0.063710509059	0.003747912556	-0.0134688751012	-0.0551422141722	-0.00700067849164	0.0144742473254	0.0647907752629	-0.0107533543055	-0.0888044507832	-0.00418046098758	-0.0114082713353	-0.0373005583631	-0.060019947048	-0.034892520887	-0.0261700887188	0.010574390254	-0.00182827843079	0.0211456550277	-0.0688436957089	0.0390009608311	0.0409528955755	0.0701650003852	-0.0640632081686	0.0032569056429	0.0359260669272	-0.0456534482045	-0.00507816394856	-0.0344256931215	-0.0575854195926	0.0228494346895	-0.0269797161506	0.0504751829575	0.0485955176559	0.035934058045	0.0171264818635	-0.0467206922716	-0.0306212098106	-0.0808383620957	-0.0430922804318	0.0426679642739	0.0240669192878	-0.0888110166412	0.0530243203678	-0.0524076040572	-0.0574314037302	-0.0332287243573	0.0379430230846	0.0117229852302	-0.0522661402144	0.040106928063	-0.00930240791614
k__Bacteria;p__Bacteroidetes;c__Bacteroidia;o__Bacteroidales;f__Rikenellaceae;g__Alistipes;s__Alistipes_shahii	-0.0132486566741	-0.0640647216379	0.0400187083059	0.0933109040836	-0.0613215786733	-0.000485028870423	1.0	-0.0327498896495	-0.0850828645089	0.0230772212156	-0.0324865396605	0.00788187988359	-0.0249226241856	0.0373437648965	0.0535820074958	0.0316652812028	0.041942805136	-0.00793889432141	-0.0132215101349	-0.0525856774297	-0.00453079178839	0.00250466361242	-0.020434889799	-0.00498425827652	0.0423936466161	-0.0450141273372	0.028950071628	-0.0860544530833	-0.076321291628	-0.0582903031626	-0.0386874933845	-0.0309949654258	-0.02896921876	-0.101178290996	-0.0351398236985	-0.0401375280645	-0.0465325123687	0.0246560220925	-0.0440447873905	0.049272582362	-0.0208413930889	-0.00611478541026	0.0135452914464	0.00476620645981	-0.039745271117	0.042888954936	0.0094348214568	-0.0576738331342	-0.00506193178729	-0.0352066057098	0.0378491884907	-0.0671257477131	0.0195266744655	0.0371693647117	-0.0314649654941	0.00257015287766	-0.0162265905828	0.0409143967049	0.0533375707686
k__Bacteria;p__Firmicutes;c__Clostridia;o__Clostridiales;f__Ruminococcaceae;g__Faecalibacterium;s__Faecalibacterium_prausnitzii	0.00623400707052	0.007485813306	-0.0279664898698	-0.0548711883612	0.00566151673697	-0.0550803067049	-0.0327498896495	1.0	-0.0480409056698	-0.00405789225679	0.00953332463078	-0.0678014471705	-0.000610337588911	-0.0380767307006	0.0243297828747	-0.0277129823074	-0.043067188754	-0.0552338116026	-0.0243958263302	0.121220070423	-0.0135337482966	-0.0109283059409	-0.0349582417318	0.0459414023036	0.0161493141197	-0.0272461264837	0.00854660892075	-0.0209742058269	-0.0531474448199	-0.0201663466472	-0.018732241379	-0.0132696073601	-0.0248256804647	-0.0226678998948	-0.0087441367847	0.029820281355	0.025289615545	-0.0510615238702	0.00403357213866	0.12439716183	0.0531273265655	-0.0587950548233	-0.0321081479575	-0.0230180146451	-0.0246878972752	0.0248951013274	0.0376209113747	0.0359826462205	-0.0223662527977	-0.0105615751095	0.0202540353605	-0.0379245300575	-0.0153819995318	-0.0160637903111	0.0352065911927	-0.0445386810157	-0.0316056324125	0.0461603354916	-0.0768543320605
k__Bacteria;p__Bacteroidetes;c__Bacteroidia;o__Bacteroidales;f__Rikenellaceae;g__Alistipes;s__Alistipes_finegoldii	0.00838586067371	0.0154197120276	-0.0111644646898	-0.0183092923013	0.00293876400661	-0.063710509059	-0.0850828645089	-0.0480409056698	1.0	-0.0276925709205	0.0502296391045	0.0438397878567	-0.00212976435411	0.0992387667487	-0.0544219481361	0.0158683831749	0.0247616612406	-0.0143980020978	-0.0794873302059	-0.00220043315545	0.0323106839906	-0.000148897254278	-0.0141299216371	0.0503073309734	-0.0569528267223	-0.0280960057163	-0.000802031745461	-0.0386320697501	-0.0335776319976	0.0205126361546	0.00264790290623	0.00822827104364	-0.0475533068599	0.0146038083549	-0.0181089036959	-0.0459818498843	-0.00516519266434	-0.00544993378804	0.0138967149981	0.0103379786039	-0.0511522060663	-0.040379415165	-0.0504739960972	-0.0168308415815	-0.0305651334004	0.0218092017289	-0.0100074611236	0.0251030986989	-0.00426139891301	0.0077926877925	0.0223574918123	0.00688310125428	-0.0121219055767	0.0186759235819	-0.0228861226477	0.032087522545	-0.0788649167566	0.00915577206718	0.0433328800174
k__Bacteria;p__Bacteroidetes;c__Bacteroidia;o__Bacteroidales;f__Porphyromonadaceae;g__Parabacteroides;s__Parabacteroides_distasonis	0.0320393663565	0.0126637912451	-0.0576332811597	0.0094857951133	-0.0244180134316	0.003747912556	0.0230772212156	-0.00405789225679	-0.0276925709205	1.0	-0.0533084835708	-0.0333419427393	-0.0463489598983	0.0154073360693	-0.0945498838345	0.0315320124392	-0.00301944172349	-0.0481327639322	0.00716278789346	0.00536345659547	-0.019446137507	0.0467879812159	0.0134415218884	0.0408921671639	0.0261229587875	-0.0360721320228	-0.0266282485732	-0.0715715968578	-0.0400845817353	-0.00637823650648	0.0161865519357	-0.0506740542091	0.0491718432483	0.0398831093129	-0.0236924037121	-0.0090242954944	-0.0154371824862	-0.0222798504274	-0.078875687814	-0.0272280307998	-0.0150528519014	-0.0229037255318	-0.00209885751256	-0.0191870392251	0.00335172084412	-0.0327405112389	0.0100627117126	-0.0191367369778	-0.0518978341578	-0.0418578123092	0.0168218615745	0.0610633104008	-0.000307169428152	-0.00251309239837	-0.0476284714274	0.00286772728099	-0.0132197520144	0.0615445414038	0.0233826778911
k__Bacteria;p__Bacteroidetes;c__Bacteroidia;o__Bacteroidales;f__Bacteroidaceae;g__Bacteroides;s__Bacteroides_thetaiotaomicron	0.0143046829391	0.0309605120623	0.0053832180055	-0.00925537977297	0.022442577167	-0.0134688751012	-0.0324865396605	0.00953332463078	0.0502296391045	-0.0533084835708	1.0	-0.0558587608151	-0.015383702702	0.0120319540209	-0.0256324053793	-0.046127698289	-0.0634395936274	-0.0466030132829	0.0286807083188	-0.0491733634781	-0.0130744863384	-0.0367337275346	-0.0165213563409	-0.00212367768568	-0.0135521374247	0.00782233435256	0.0206597590165	-0.0370802734381	-0.063442629344	0.00947975474481	-0.0191154049858	0.00561823899778	0.0516328588628	-0.0667261834095	-0.011198068198	0.0148206344287	-0.0178534144106	-0.0425066274758	0.00710086183579	-0.0610754013221	0.00184947648593	-0.0690037577575	0.0141310804016	-0.0117848626908	0.003573724213	-0.0249026610361	0.00118502892379	-0.0584225051902	0.0190768340376	-0.0792764481641	-0.0940254531714	-0.0153058227985	0.000724407306425	-0.0312009077933	-0.0424984916755	-0.019366442266	0.00831964063451	0.054130343969	0.0370262018618
k__Bacteria;p__Bacteroidetes;c__Bacteroidia;o__Bacteroidales;f__Bacteroidaceae;g__Bacteroides;s__Bacteroides_coprocola	0.0112896996622	-0.00636392572517	-0.0263364622129	-0.070852112984	0.0688301282823	-0.0551422141722	0.00788187988359	-0.0678014471705	0.0438397878567	-0.0333419427393	-0.0558587608151	1.0	0.0269522204798	0.0396069379413	0.0435301198886	-0.0633787851636	-0.0321725009384	0.00267258305334	0.0278310210463	-0.0214796720114	-0.0707121132674	-0.0288579827345	0.0326125024318	-0.075340931195	-0.0840247569649	-0.0579488364521	-0.0361211940689	0.014543942745	0.0430608977845	0.0522703037101	-0.0223890907792	-0.00045200626583	-0.0612299034384	0.0614142630658	0.00325622543068	-0.0498505763663	0.00418694485761	0.0771177579901	0.017035194576	-0.0707168818167	-0.0118189515732	0.0786222855259	-0.0594230136006	0.0281503992573	0.053708694487	-0.0692685060403	-0.0549514946486	0.0380400761871	0.0210312213391	-0.00556770205778	-0.0113127302461	0.0521898117726	0.0443004911917	-0.0332860514757	-0.0463516843179	0.0113168876667	-0.000610663204261	0.029716194677	0.0121043079325
k__Bacteria;p__Bacteroidetes;c__Bacteroidia;o__Bacteroidales;f__Bacteroidaceae;g__Bacteroides;s__Bacteroides_cellulosilyticus	0.00942590688951	-0.0433605934774	-0.0475085244149	-0.00286839756133	-0.0225846323589	-0.00700067849164	-0.0249226241856	-0.000610337588911	-0.00212976435411	-0.0463489598983	-0.015383702702	0.0269522204798	1.0	-0.0462826840995	0.00653706432103	-0.0572029535166	-0.0270082434957	0.0881161504211	0.0171367970173	-0.049162163539	0.0328768056374	-0.00387960997067	-0.0346459257512	-0.0155969059661	-0.0147237931541	0.0582961709554	0.0181117588707	0.073894565656	-0.0472532318111	-0.0490391449475	0.00201039153333	-0.0311135241469	-0.0422838735122	0.00951222203117	-0.00113293302564	-0.0315650761563	-0.0455510655994	-0.0236423666996	0.0278320056216	0.0323506671884	-0.0660798708135	-0.053095171359	0.0238516954231	0.0020977363615	-0.0520746387351	0.0326603005966	0.00555326774508	-0.00211448443257	-0.0208297947	-0.0233267252746	-0.0228070621232	-0.0127404301285	0.0673737784652	-0.0616443654776	0.0167883827436	-0.0514348196324	0.0351680398928	-0.0470382160249	0.0697366949001
k__Bacteria;p__Bacteroidetes;c__Bacteroidia;o__Bacteroidales;f__Rikenellaceae;g__Alistipes;s__Alistipes_obesi	0.0623258366496	0.00911312274903	-0.101696745716	-0.010496809708	-0.0608217599541	0.0144742473254	0.0373437648965	-0.0380767307006	0.0992387667487	0.0154073360693	0.0120319540209	0.0396069379413	-0.0462826840995	1.0	0.02835992157	0.038935213783	0.014492434925	-0.0331734026742	0.00683107018257	-0.0842425570147	-0.00470209237905	-0.036044562873	-0.0205725435358	0.00953494581305	-0.00147397553611	-0.0349400049439	-0.0417503741948	0.0366928590303	-0.0365285781802	0.0689097869537	0.0127520734572	0.0799353799088	-0.0890274926536	-0.0150340007524	0.00514343591339	-0.0277766270351	-0.0119963930055	-0.0197220982782	0.00830525644814	-0.0473714992009	-0.100157063239	-0.0211784079895	0.00164466010933	-0.0230031324053	-0.0308109100598	-0.0184850154024	-0.0104642542273	-0.0261917524838	0.00453758397457	-0.0160315147373	-0.00109347574403	-0.0394602657842	-0.0087954863307	0.0693088459713	0.00131549344297	-0.000865483165044	-0.0485307912191	-0.0182574536451	-0.0284643242009
k__Bacteria;p__Firmicutes;c__Clostridia;o__Clostridiales;f__Lachnospiraceae;g__;s__[Eubacterium]_rectale	0.0192306133553	-0.0999346805504	0.00422467452944	0.0319825000611	0.0669447394675	0.0647907752629	0.0535820074958	0.0243297828747	-0.0544219481361	-0.0945498838345	-0.0256324053793	0.0435301198886	0.00653706432103	0.02835992157	1.0	0.0329997409835	0.00358331924901	0.0460590323083	-0.0468241042137	0.029383401277	-0.0349508646253	-0.000489537896942	0.0393838828063	-0.0659416410756	0.0159237282095	-0.0441953834231	0.00685132563383	-0.00272889022236	-0.0754936442392	-0.0282032805789	0.0392606154708	-0.0321115005514	-0.0263072894764	0.0070887219484	0.0232108479088	-0.0851673347417	-0.0270540836679	-0.0582922119676	-0.0456196669727	-0.0908217452416	-0.0117446862311	-0.0376511998717	-0.0437480090368	0.0126583905153	0.0168419974726	0.0350098496177	-0.0462029697352	-0.0508646653973	-0.0229695044275	-0.0687334246727	0.0197861074482	-0.00627203829691	0.00360861325304	0.0244933568393	0.00162893540422	-0.0419512710888	-0.0259732974055	-0.00436594111935	-0.0374099370954
k__Bacteria;p__Bacteroidetes;c__Bacteroidia;o__Bacteroidales;f__Bacteroidaceae;g__Bacteroides;s__Bacteroides_plebeius	0.0613240215686	0.0147071252784	0.023414000541	-0.0028913727381	-0.0060795966048	-0.0107533543055	0.0316652812028	-0.0277129823074	0.0158683831749	0.0315320124392	-0.046127698289	-0.0633787851636	-0.0572029535166	0.038935213783	0.0329997409835	1.0	0.0350768080393	-0.0229093590386	0.00818838702702	-0.0507866222598	-0.0138183334876	-0.0388090257171	-0.0785081790615	-0.0627614148113	-0.0401739944683	-0.0521588260169	-0.0503303355446	-0.00520315155919	-0.00786592402637	0.0345431609905	-0.0560681108945	0.0645966975964	-0.0314182146273	-0.0281891211677	0.0420978766023	-0.00777410062987	-0.0300386557722	-0.055833296496	-0.00725788873022	-0.0303096687133	0.0701776115801	0.026495062372	0.0724911621207	-0.0124804799701	-0.0735682253868	-0.0258223855556	0.000658457950846	-0.0399209557352	-0.0647963081533	-0.0525593432905	0.0567673491059	0.038919663652	-0.138609845051	-0.00771461462872	-0.0741897432239	0.00401363645689	-0.0808082912519	-0.00166492443258	-0.0246024124172
k__Bacteria;p__Bacteroidetes;c__Bacteroidia;o__Bacteroidales;f__Bacteroidaceae;g__Bacteroides;s__Bacteroides_fragilis	-0.0315586512554	-0.00379735459524	-0.0222613816317	0.0115479924201	-0.0876614289464	-0.0888044507832	0.041942805136	-0.043067188754	0.0247616612406	-0.00301944172349	-0.0634395936274	-0.0321725009384	-0.0270082434957	0.014492434925	0.00358331924901	0.0350768080393	1.0	0.0206115977817	-9.08217374392e-06	0.00837712003432	-0.0423744875434	0.0279040366201	-0.0953304753342	-0.0587336061478	-0.0379077588489	-0.0112721955805	0.0128133355457	-0.0618898103251	0.03947653911	-0.00248431491398	-0.0689593935638	-0.0120676234551	-0.0313888141768	-0.0686498626059	-0.0197275811036	-0.00588686604401	0.0479388184545	0.032942627754	0.00572687801389	-0.0325980612464	0.0417320733818	-0.0722930587663	-0.037445523848	0.0274463917089	0.0511444234036	-0.00109070794053	0.00928131665563	0.0443750765343	0.0296360690241	0.00758450768461	0.0338871033784	0.0390353348497	-0.0223419067716	0.000705034646291	-0.0467553758711	-0.0125396136616	-0.00741361367294	0.0416546635145	-0.053780319464
k__Bacteria;p__Proteobacteria;c__Betaproteobacteria;o__Burkholderiales;f__Sutterellaceae;g__Sutterella;s__Sutterella_wadsworthensis	-0.0534523795523	-0.0440846155833	-0.0283226358066	-0.0139200697215	0.0334177342583	-0.00418046098758	-0.00793889432141	-0.0552338116026	-0.0143980020978	-0.0481327639322	-0.0466030132829	0.00267258305334	0.0881161504211	-0.0331734026742	0.0460590323083	-0.0229093590386	0.0206115977817	1.0	0.0806767925975	-0.00265312527732	-0.0491952475815	-0.0158377793237	-0.00810371722632	-0.0846003280029	-0.00977407989447	-0.0469165565389	-0.0455487860499	0.0347667221851	0.00618361898427	-0.0427309805218	0.0573629957726	0.0678620247714	-0.0124556597919	-0.0202819573123	0.0301106026334	-0.0204700134565	-0.0659323304605	-0.0598540417923	-0.0355204691478	-0.0400495704089	-0.0416353949537	-0.0171632776416	-0.0405329418244	0.0392290698385	0.0102738935703	-0.0493123129687	0.0820745588895	0.0316476893043	-0.0171339909433	-0.00392703957352	0.018061362839	0.059713040605	-0.0699410117921	-0.044300986563	-0.0119566236657	-0.00771230296202	0.0362939418548	-0.0322637080041	-0.105961661593
k__Bacteria;p__Bacteroidetes;c__Bacteroidia;o__Bacteroidales;f__Porphyromonadaceae;g__Barnesiella;s__Barnesiella_intestinihominis	-0.0776328089602	0.0331193556498	-0.0139125228393	0.0270170058538	0.010877939024	-0.0114082713353	-0.0132215101349	-0.0243958263302	-0.0794873302059	0.00716278789346	0.0286807083188	0.0278310210463	0.0171367970173	0.00683107018257	-0.0468241042137	0.00818838702702	-9.08217374384e-06	0.0806767925975	1.0	0.0577236419101	-0.0720031345379	-0.0127996365568	-0.0658293270684	-0.0407142762842	-0.00078006932868	0.0246635494361	0.0350117572019	-0.0301316325469	0.0533521050673	-0.0142639105199	0.0305689490446	-0.0906223207586	-0.0569713559558	0.0426610918985	0.0408431368023	-0.0102303595261	-0.0116565575933	-0.039117317334	-0.0452060081049	0.0241794002702	0.0212720811124	-0.00241082035895	-0.0468732921816	0.0360100237039	-0.0475876441928	-0.0229581266796	-0.0357663876118	-0.00431017597539	0.0628075992526	-0.00374709342227	-0.0315428873154	-0.0631379319481	-0.00230175684491	-0.0444738427812	-0.0390406199282	0.0137140088849	0.00584611183151	-0.0306919916902	-0.0401397215469
k__Bacteria;p__Bacteroidetes;c__Bacteroidia;o__Bacteroidales;f__Odoribacteraceae;g__Odoribacter;s__Odoribacter_splanchnicus	0.0532356321262	-0.0384415677091	-0.00464486580405	-0.0234421089019	0.0221768348563	-0.0373005583631	-0.0525856774297	0.121220070423	-0.00220043315545	0.00536345659547	-0.0491733634781	-0.0214796720114	-0.049162163539	-0.0842425570147	0.029383401277	-0.0507866222598	0.00837712003432	-0.00265312527732	0.0577236419101	1.0	-0.0681335948749	0.0122337981902	-0.0120229560074	-0.0238851547245	0.00725386731781	-0.0367006299596	0.0291249155529	-0.00543174488032	0.0118812943435	-0.082663221596	0.00559914858653	0.00636775169077	-0.00392556898321	-0.00540469205685	0.0317404857108	-0.0298010707225	-0.0256899214658	0.00793972008967	-0.0719410882499	0.0305852904788	-0.0198263792373	-0.0663023976912	-0.0288659501507	-0.0166399500421	-0.0418836135666	0.00391570378479	-0.0361089090736	-0.076904685632	0.0347430918085	0.0335999156514	0.00564699434763	-0.0191657550598	-0.0756414157231	-0.049994471361	0.053828004374	-0.0403123749782	-0.0141452050694	-0.0437250854639	-0.00357750231276
k__Bacteria;p__Bacteroidetes;c__Bacteroidia;o__Bacteroidales;f__Bacteroidaceae;g__Bacteroides;s__Bacteroides_salyersiae	-0.00352411393809	-0.0174778968355	-0.00170163132807	0.0630663730474	-0.0353214467255	-0.060019947048	-0.00453079178839	-0.0135337482966	0.0323106839906	-0.0194461375069	-0.0130744863384	-0.0707121132674	0.0328768056374	-0.00470209237905	-0.0349508646253	-0.0138183334876	-0.0423744875434	-0.0491952475815	-0.0720031345379	-0.0681335948749	1.0	-0.0284963219871	-0.0255523755584	0.033021829854	-0.0136764012778	-0.0484621220068	-0.0199399108948	0.00503872126505	0.0150330533941	0.090474673367	-0.0694148956821	0.0244884826175	0.0222760748174	-0.0278126613169	0.0204866031765	0.0066237911337	-0.0471248361013	-0.0374499296239	0.0127751526346	-0.0219680729763	0.0645052488195	0.0379222367278	-0.0623405294643	-0.0422849325295	0.00926008937708	-0.0223328873862	0.0430592103916	0.0219895713495	-0.051171810926	0.0237233182948	-0.0081672903445	-0.0165319694849	-0.0205443635512	0.0355018785477	-0.109875573145	-0.0253180829908	-0.0316384730134	-0.0391721504826	0.070727811448
k__Bacteria;p__Firmicutes;c__Clostridia;o__Clostridiales;f__Ruminococcaceae;g__Ruminiclostridium;s__[Eubacterium]_siraeum	0.0433985286824	-0.0177067317702	-0.0139453380065	-0.0624806443137	-0.0342246903514	-0.034892520887	0.00250466361242	-0.0109283059409	-0.000148897254278	0.0467879812159	-0.0367337275346	-0.0288579827345	-0.00387960997067	-0.036044562873	-0.000489537896942	-0.0388090257171	0.0279040366201	-0.0158377793237	-0.0127996365568	0.0122337981902	-0.0284963219871	1.0	0.0532191059955	0.00346625355045	-0.0260659325172	-0.0896816026719	0.00719497787613	0.0301772037481	-0.0746432424344	-0.000288211707109	0.0243649716684	-0.0591502744716	0.0359822129322	0.076422032459	-0.0339204030619	0.044467842584	0.00960492001663	-0.0991536779843	0.0526880263605	-0.0311048909636	0.0436940081461	-0.0427202794647	-0.0344064592841	0.000257919850005	-0.0525537156185	-0.0375920059227	-0.00518888649655	-0.0629761632382	-0.012768289038	0.0442325800761	0.0191872844942	-0.0239239259846	-0.0190536079303	-0.0232163625542	0.0152667682425	-0.0454126780931	0.00447125046594	0.0290258766559	-0.120299289185
k__Bacteria;p__Proteobacteria;c__Betaproteobacteria;o__Burkholderiales;f__Sutterellaceae;g__Parasutterella;s__Parasutterella_excrementihominis	-0.014062737619	-0.00368241302349	-0.00673172685238	-0.00278261744024	0.00626654543232	-0.0261700887188	-0.020434889799	-0.0349582417318	-0.0141299216371	0.0134415218884	-0.0165213563409	0.0326125024318	-0.0346459257512	-0.0205725435358	0.0393838828063	-0.0785081790615	-0.0953304753342	-0.00810371722632	-0.0658293270684	-0.0120229560074	-0.0255523755584	0.0532191059955	1.0	0.0180612486488	-0.010463748965	0.0115827622312	-0.00898114133385	-0.0152913690212	-0.0276055757551	-0.0285662707644	0.0391940506519	-0.018157168213	-0.0150059805447	-0.0328191698946	0.0618219641555	0.0679319767464	-0.0690518194012	-0.00858076753093	0.020140529762	0.0959418559213	-0.0769963935374	-0.0681190313623	0.0232830416551	-0.0139957511622	-0.0354692232308	0.0259867236632	-0.0149199061179	-0.0130713233567	0.0274194822623	0.0336183082332	0.0345701200207	-0.0524792524789	-0.000297948065809	-0.0151347556867	0.00615706114468	0.0637779445906	0.0335261708666	0.00324039401427	-0.0128353488612
k__Bacteria;p__Actinobacteria;c__Actinobacteria;o__Bifidobacteriales;f__Bifidobacteriaceae;g__Bifidobacterium;s__Bifidobacterium_adolescentis	0.0169333801975	0.0922712496612	-0.0494906140172	-0.00160361416684	0.0174154896621	0.010574390254	-0.00498425827652	0.0459414023036	0.0503073309734	0.0408921671639	-0.00212367768568	-0.075340931195	-0.0155969059661	0.00953494581305	-0.0659416410756	-0.0627614148113	-0.0587336061478	-0.0846003280029	-0.0407142762842	-0.0238851547245	0.033021829854	0.00346625355045	0.0180612486488	1.0	-0.0242266406141	-0.0012439038261	-0.0212242178239	0.0422969007044	-0.00470328922605	-0.05335064434	-0.0299901598001	-0.0130890819735	-0.0376068994033	-0.0485746599769	-0.0791011428442	-0.0256456673321	0.0302149954629	-0.0434459497631	0.00362463371445	-0.0276787937579	0.0101663732341	-0.0197797057316	0.00592854293454	-0.0240840701723	0.0218850167192	-0.0656573794918	-0.0361586685249	-0.0459147769946	0.0470721966951	0.0356910755801	-0.0500699112517	-0.0518364804366	0.00668061602294	-0.0700379323676	-0.0462860053791	-0.0416776660254	-0.0243861359421	-0.123567837997	-0.00582091590596
k__Bacteria;p__Firmicutes;c__Clostridia;o__Clostridiales;f__Oscillospiraceae;g__Oscillibacter;s__Oscillibacter_sp._KLE_1745	0.0266518225411	-0.0304217021246	-0.0387851266864	-0.0708406548083	-0.00247723772763	-0.00182827843079	0.0423936466161	0.0161493141197	-0.0569528267223	0.0261229587875	-0.0135521374247	-0.0840247569649	-0.0147237931541	-0.00147397553611	0.0159237282095	-0.0401739944683	-0.0379077588489	-0.00977407989447	-0.00078006932868	0.00725386731781	-0.0136764012778	-0.0260659325172	-0.010463748965	-0.0242266406141	1.0	-0.00157686827235	0.00231662587737	-0.0286103185282	-0.0676583797133	-0.085068552391	-0.0539642898792	0.0360271021394	-0.0225992677288	0.0167014663137	-0.0367255179848	0.0384964157632	-0.0280508156997	0.0102020503954	-0.0100104007032	0.00581561523274	-0.00662550441266	0.0241890763776	-0.029418814153	0.0079479950432	0.0310786160687	-0.0769672340789	-0.0458507479752	-0.0453136151603	0.018447884376	-0.0378332360795	-0.0561525418784	-0.0303720105653	-0.00757474516753	-0.0683497984608	-0.0356180210749	0.0651957461709	0.00245362424628	-0.0379560773092	-0.032544832076
k__Bacteria;p__Bacteroidetes;c__Bacteroidia;o__Bacteroidales;f__Bacteroidaceae;g__Bacteroides;s__Bacteroides_coprophilus	-0.00433731886668	-0.0131476021804	-0.0111743832079	-0.0188127200047	-0.0725633608245	0.0211456550277	-0.0450141273372	-0.0272461264837	-0.0280960057163	-0.0360721320228	0.00782233435256	-0.0579488364521	0.0582961709554	-0.0349400049439	-0.0441953834231	-0.0521588260169	-0.0112721955805	-0.0469165565389	0.0246635494361	-0.0367006299596	-0.0484621220068	-0.0896816026719	0.0115827622312	-0.0012439038261	-0.00157686827235	1.0	-0.0718738447127	-0.0415237761849	-0.0104408169497	0.101459604965	0.00330174728097	-0.0224675477188	0.0195895501931	0.0017029152698	-0.0331619091392	0.0442780291665	0.0837447936285	-0.0170762337617	-0.0237403394598	-0.0275710939195	-0.0328855511929	0.0461597926931	-0.0153565414382	-0.00753220331637	0.0118927019044	0.0376110033584	0.0546983657863	-0.0111498178886	0.0353864665208	0.0415998069163	0.00605639850254	-0.0681845622655	-0.0406115146932	0.0413339896952	-0.0187377265144	0.00413045643351	0.0279839286876	0.00200376659727	-0.00352538082267
k__Bacteria;p__Firmicutes;c__Clostridia;o__Clostridiales;f__Lachnospiraceae;g__Roseburia;s__Roseburia_intestinalis	0.0130916910456	-0.0558847728293	0.0446619138612	-0.00701539082293	-0.0119318261603	-0.0688436957089	0.028950071628	0.00854660892075	-0.000802031745461	-0.0266282485732	0.0206597590165	-0.0361211940689	0.0181117588707	-0.0417503741948	0.00685132563383	-0.0503303355446	0.0128133355457	-0.0455487860499	0.0350117572019	0.0291249155529	-0.0199399108948	0.00719497787613	-0.00898114133385	-0.0212242178239	0.00231662587737	-0.0718738447127	1.0	0.0583741344882	0.0291248067402	-0.0422953610493	-0.0116732559208	0.0653808477503	-0.0260232306765	-0.0447093984249	-0.0412260115651	0.0637048051338	-0.00527884513251	-0.0340631934057	0.0535144609993	0.0324309039532	0.0377155711911	0.0306229914358	0.0271435560932	-0.0125764381458	-0.0421742670115	-0.0192502795934	0.00507482494925	-0.0153593013965	-0.0203623752587	-0.0349382544079	-0.00350963286776	-0.00613619026566	-0.0527364951006	-0.0199893005298	0.00235127167011	-0.0389453697827	-0.0127505970403	-0.0110886643496	0.0510915549374
k__Bacteria;p__Firmicutes;c__Clostridia;o__Clostridiales;f__Lachnospiraceae;g__Roseburia;s__Roseburia_hominis	0.0283074805045	0.0152814942387	0.0266810277006	-0.00691191748699	0.00726872262666	0.0390009608311	-0.0860544530833	-0.0209742058269	-0.0386320697501	-0.0715715968578	-0.0370802734381	0.014543942745	0.073894565656	0.0366928590303	-0.00272889022236	-0.00520315155919	-0.0618898103251	0.0347667221851	-0.0301316325469	-0.00543174488032	0.00503872126505	0.0301772037481	-0.0152913690212	0.0422969007044	-0.0286103185282	-0.0415237761849	0.0583741344882	1.0	0.0116271338731	0.0416034936103	-0.0732700026048	-0.00521931774258	-0.0237682039995	-0.0177698318617	-0.00589538053245	-0.111820996103	-0.0105472746691	-0.00518517085718	0.0182778201389	-0.00518320843969	-0.0198412120595	0.0283155184745	0.00666461864664	0.0297266419569	-0.0160935378213	0.00892828519198	-0.0775827286291	0.000323460952068	-0.0377510091725	0.0682670527851	-0.0061441476553	-0.0124754574877	-0.0473593699257	0.0116305313767	-0.0475157810849	-0.0236213030833	0.0298007696582	0.0228846783909	0.0217827354325
k__Bacteria;p__Bacteroidetes;c__Bacteroidia;o__Bacteroidales;f__Porphyromonadaceae;g__Parabacteroides;s__Parabacteroides_johnsonii	-0.0138554180095	-0.0890495364854	-0.0078041111202	0.0267374610214	-0.0512752719204	0.0409528955755	-0.076321291628	-0.0531474448199	-0.0335776319976	-0.0400845817353	-0.063442629344	0.0430608977845	-0.0472532318111	-0.0365285781802	-0.0754936442392	-0.00786592402637	0.03947653911	0.00618361898427	0.0533521050673	0.0118812943435	0.0150330533941	-0.0746432424344	-0.0276055757551	-0.00470328922605	-0.0676583797133	-0.0104408169497	0.0291248067402	0.0116271338731	1.0	0.0269523948229	0.0981386592795	-0.0127507252258	0.0194496126369	-0.013817337025	-0.0380450360826	-0.0586818834268	-0.0324900947219	0.0231219801599	0.0523791895682	-0.0565315204053	0.0565490790579	-0.0133734888135	0.0327431125735	-0.0377159749271	0.0471981511963	0.0222311886971	-0.00897407991962	0.0234963124175	-0.0649086887843	0.0489609641582	-0.0220364807571	-0.00633023966431	0.0563819945922	0.0355029368252	0.0249939529152	0.0299616386633	-0.0575777946612	-0.064444585824	0.0106336579805
k__Bacteria;p__Actinobacteria;c__Actinobacteria;o__Bifidobacteriales;f__Bifidobacteriaceae;g__Bifidobacterium;s__Bifidobacterium_longum	0.00409463357906	-0.00410497207389	0.0566547707841	0.00828658387489	-0.00812991011902	0.0701650003852	-0.0582903031626	-0.0201663466472	0.0205126361546	-0.00637823650648	0.00947975474481	0.0522703037101	-0.0490391449475	0.0689097869537	-0.0282032805789	0.0345431609905	-0.00248431491398	-0.0427309805218	-0.0142639105199	-0.082663221596	0.090474673367	-0.000288211707109	-0.0285662707644	-0.05335064434	-0.085068552391	0.101459604965	-0.0422953610493	0.0416034936103	0.0269523948229	1.0	-0.0716736841432	-0.0780015801218	0.0152720041031	-0.0250266618155	-0.062994666592	-0.0395582090035	0.0124435435062	-0.0547295978631	0.0252738859496	-0.0217898144001	-0.0191754812658	0.00330448473811	-0.0260452338973	-0.0202529167198	-0.0199309976494	0.0429616913149	-0.0232254488156	-0.0570363889473	0.068348460058	-0.0293728521823	-0.0348647059032	0.00509819892542	0.0319944123881	0.00220716679224	-0.023544825478	-0.00842914214475	0.00207565849259	0.0567839555747	-0.0419715203808
