#taxonomy	k__Bacteria;p__Bacteroidetes;c__Bacteroidia;o__Bacteroidales;f__Bacteroidaceae;g__Bacteroides;s__Bacteroides_vulgatus	k__Bacteria;p__Bacteroidetes;c__Bacteroidia;o__Bacteroidales;f__Bacteroidaceae;g__Bacteroides;s__Bacteroides_uniformis	k__Bacteria;p__Bacteroidetes;c__Bacteroidia;o__Bacteroidales;f__Rikenellaceae;g__Alistipes;s__Alistipes_putredinis	k__Bacteria;p__Bacteroidetes;c__Bacteroidia;o__Bacteroidales;f__Prevotellaceae;g__Prevotella;s__Prevotella_copri	k__Bacteria;p__Bacteroidetes;c__Bacteroidia;o__Bacteroidales;f__Bacteroidaceae;g__Bacteroides;s__Bacteroides_stercoris	k__Bacteria;p__Bacteroidetes;c__Bacteroidia;o__Bacteroidales;f__Bacteroidaceae;g__Bacteroides;s__Bacteroides_ovatus	k__Bacteria;p__Bacteroidetes;c__Bacteroidia;o__Bacteroidales;f__Rikenellaceae;g__Alistipes;s__Alistipes_shahii	k__Bacteria;p__Firmicutes;c__Clostridia;o__Clostridiales;f__Ruminococcaceae;g__Faecalibacterium;s__Faecalibacterium_prausnitzii	k__Bacteria;p__Bacteroidetes;c__Bacteroidia;o__Bacteroidales;f__Rikenellaceae;g__Alistipes;s__Alistipes_finegoldii	k__Bacteria;p__Bacteroidetes;c__Bacteroidia;o__Bacteroidales;f__Porphyromonadaceae;g__Parabacteroides;s__Parabacteroides_distasonis	k__Bacteria;p__Bacteroidetes;c__Bacteroidia;o__Bacteroidales;f__Bacteroidaceae;g__Bacteroides;s__Bacteroides_thetaiotaomicron	k__Bacteria;p__Bacteroidetes;c__Bacteroidia;o__Bacteroidales;f__Bacteroidaceae;g__Bacteroides;s__Bacteroides_coprocola	k__Bacteria;p__Bacteroidetes;c__Bacteroidia;o__Bacteroidales;f__Bacteroidaceae;g__Bacteroides;s__Bacteroides_cellulosilyticus	k__Bacteria;p__Bacteroidetes;c__Bacteroidia;o__Bacteroidales;f__Rikenellaceae;g__Alistipes;s__Alistipes_obesi	k__Bacteria;p__Firmicutes;c__Clostridia;o__Clostridiales;f__Lachnospiraceae;g__;s__[Eubacterium]_rectale	k__Bacteria;p__Bacteroidetes;c__Bacteroidia;o__Bacteroidales;f__Bacteroidaceae;g__Bacteroides;s__Bacteroides_plebeius	k__Bacteria;p__Bacteroidetes;c__Bacteroidia;o__Bacteroidales;f__Bacteroidaceae;g__Bacteroides;s__Bacteroides_fragilis	k__Bacteria;p__Proteobacteria;c__Betaproteobacteria;o__Burkholderiales;f__Sutterellaceae;g__Sutterella;s__Sutterella_wadsworthensis	k__Bacteria;p__Bacteroidetes;c__Bacteroidia;o__Bacteroidales;f__Porphyromonadaceae;g__Barnesiella;s__Barnesiella_intestinihominis	k__Bacteria;p__Bacteroidetes;c__Bacteroidia;o__Bacteroidales;f__Odoribacteraceae;g__Odoribacter;s__Odoribacter_splanchnicus	k__Bacteria;p__Bacteroidetes;c__Bacteroidia;o__Bacteroidales;f__Bacteroidaceae;g__Bacteroides;s__Bacteroides_salyersiae	k__Bacteria;p__Firmicutes;c__Clostridia;o__Clostridiales;f__Ruminococcaceae;g__Ruminiclostridium;s__[Eubacterium]_siraeum	k__Bacteria;p__Proteobacteria;c__Betaproteobacteria;o__Burkholderiales;f__Sutterellaceae;g__Parasutterella;s__Parasutterella_excrementihominis	k__Bacteria;p__Actinobacteria;c__Actinobacteria;o__Bifidobacteriales;f__Bifidobacteriaceae;g__Bifidobacterium;s__Bifidobacterium_adolescentis	k__Bacteria;p__Firmicutes;c__Clostridia;o__Clostridiales;f__Oscillospiraceae;g__Oscillibacter;s__Oscillibacter_sp._KLE_1745	k__Bacteria;p__Bacteroidetes;c__Bacteroidia;o__Bacteroidales;f__Bacteroidaceae;g__Bacteroides;s__Bacteroides_coprophilus	k__Bacteria;p__Firmicutes;c__Clostridia;o__Clostridiales;f__Lachnospiraceae;g__Roseburia;s__Roseburia_intestinalis	k__Bacteria;p__Firmicutes;c__Clostridia;o__Clostridiales;f__Lachnospiraceae;g__Roseburia;s__Roseburia_hominis	k__Bacteria;p__Bacteroidetes;c__Bacteroidia;o__Bacteroidales;f__Porphyromonadaceae;g__Parabacteroides;s__Parabacteroides_johnsonii	k__Bacteria;p__Actinobacteria;c__Actinobacteria;o__Bifidobacteriales;f__Bifidobacteriaceae;g__Bifidobacterium;s__Bifidobacterium_longum	k__Bacteria;p__Firmicutes;c__Clostridia;o__Clostridiales;f__;g__Flavonifractor;s__Flavonifractor_plautii	k__Bacteria;p__Firmicutes;c__Clostridia;o__Clostridiales;f__Clostridiaceae;g__Clostridium;s__Clostridium_phoceensis	k__Bacteria;p__Verrucomicrobia;c__Verrucomicrobiae;o__Verrucomicrobiales;f__Akkermansiaceae;g__Akkermansia;s__Akkermansia_muciniphila	k__Bacteria;p__Bacteroidetes;c__Bacteroidia;o__Bacteroidales;f__Prevotellaceae;g__Paraprevotella;s__Paraprevotella_xylaniphila	k__Bacteria;p__Firmicutes;c__Clostridia;o__Clostridiales;f__Ruminococcaceae;g__Ruminococcus;s__Ruminococcus_callidus	k__Bacteria;p__Bacteroidetes;c__Bacteroidia;o__Bacteroidales;f__Rikenellaceae;g__Alistipes;s__Alistipes_senegalensis	k__Bacteria;p__Firmicutes;c__Clostridia;o__Clostridiales;f__Lachnospiraceae;g__Blautia;s__Blautia_sp._KLE_1732	k__Bacteria;p__Bacteroidetes;c__Bacteroidia;o__Bacteroidales;f__Bacteroidaceae;g__Bacteroides;s__Bacteroides_oleiciplenus	k__Bacteria;p__Firmicutes;c__Clostridia;o__Clostridiales;f__Ruminococcaceae;g__Ruminococcus;s__Ruminococcus_bicirculans	k__Bacteria;p__Bacteroidetes;c__Bacteroidia;o__Bacteroidales;f__Bacteroidaceae;g__Bacteroides;s__Bacteroides_fluxus	k__Bacteria;p__Bacteroidetes;c__Bacteroidia;o__Bacteroidales;f__Prevotellaceae;g__Prevotella;s__Prevotella_stercorea	k__Bacteria;p__Firmicutes;c__Clostridia;o__Clostridiales;f__Lachnospiraceae;g__Dorea;s__Dorea_longicatena	k__Bacteria;p__Firmicutes;c__Clostridia;o__Clostridiales;f__Eubacteriaceae;g__Eubacterium;s__[Eubacterium]_eligens	k__Bacteria;p__Firmicutes;c__Clostridia;o__Clostridiales;f__Ruminococcaceae;g__;s__Ruminococcaceae_bacterium_D16	k__Bacteria;p__Firmicutes;c__Clostridia;o__Clostridiales;f__Lachnospiraceae;g__Coprococcus;s__Coprococcus_comes	k__Bacteria;p__Proteobacteria;c__Gammaproteobacteria;o__Enterobacterales;f__Enterobacteriaceae;g__Escherichia;s__Escherichia_coli	k__Bacteria;p__Firmicutes;c__Clostridia;o__Clostridiales;f__Ruminococcaceae;g__Anaerotruncus;s__Anaerotruncus_colihominis	k__Bacteria;p__Firmicutes;c__Clostridia;o__Clostridiales;f__Lachnospiraceae;g__Blautia;s__Blautia_obeum	k__Bacteria;p__Bacteroidetes;c__Bacteroidia;o__Bacteroidales;f__Odoribacteraceae;g__Odoribacter;s__Odoribacter_laneus	k__Bacteria;p__Firmicutes;c__Clostridia;o__Clostridiales;f__Ruminococcaceae;g__Ruminiclostridium;s__[Clostridium]_leptum	k__Bacteria;p__Bacteroidetes;c__Bacteroidia;o__Bacteroidales;f__Porphyromonadaceae;g__Parabacteroides;s__Parabacteroides_goldsteinii	k__Bacteria;p__Firmicutes;c__Clostridia;o__Clostridiales;f__Lachnospiraceae;g__Anaerostipes;s__Anaerostipes_hadrus	k__Bacteria;p__Firmicutes;c__Clostridia;o__Clostridiales;f__Ruminococcaceae;g__Ruminococcus;s__Ruminococcus_lactaris	k__Bacteria;p__Firmicutes;c__Clostridia;o__Clostridiales;f__Clostridiaceae;g__Clostridium;s__Clostridium_sp._L2-50	k__Bacteria;p__Firmicutes;c__Clostridia;o__Clostridiales;f__Clostridiaceae;g__Clostridium;s__Clostridium_sp._M62/1	k__Bacteria;p__Firmicutes;c__Clostridia;o__Clostridiales;f__;g__Intestinimonas;s__Intestinimonas_butyriciproducens	k__Bacteria;p__Actinobacteria;c__Actinobacteria;o__Bifidobacteriales;f__Bifidobacteriaceae;g__Bifidobacterium;s__Bifidobacterium_bifidum	k__Bacteria;p__Firmicutes;c__Negativicutes;o__Veillonellales;f__Veillonellaceae;g__Dialister;s__Dialister_invisus	k__Bacteria;p__Bacteroidetes;c__Bacteroidia;o__Bacteroidales;f__Bacteroidaceae;g__Bacteroides;s__Bacteroides_salanitronis
k__Bacteria;p__Bacteroidetes;c__Bacteroidia;o__Bacteroidales;f__Bacteroidaceae;g__Bacteroides;s__Bacteroides_vulgatus	1.0	0.0128719988434	-0.0340581365577	-0.0101586068911	0.023779130938	0.0163785776617	-0.0614417595773	-0.0652654405942	0.012190491912	0.00423126657705	0.0397626795223	-0.108218602033	-0.0147710728028	0.00757133275054	-0.0202982153399	-0.0313490687358	0.0130400827299	0.015989978389	-0.0110600694576	0.00644781365893	0.0109173779474	-0.0284182641618	-0.0332041769578	-0.0196977939229	0.0211089620126	0.0394059050357	-0.0421397125362	-0.0198936375617	0.026283671335	0.0229141977586	-0.0614588897668	-0.0922129201655	-0.0347713675384	-0.0146297854709	-0.037064000976	-0.0211709652653	-0.0287577927842	0.0127650570596	-0.0585727399115	-0.0268824530014	0.0172646535592	-0.021138711652	-0.0370719862913	0.00657506724043	0.00122895845459	0.00355849988114	0.0130962940424	0.0601451496995	-0.0219710101035	0.0350301169757	-0.0870468978698	0.0607217866762	0.0299084395917	0.0414438761067	-0.0244264177896	0.0144733470678	-0.0140541385593	0.00469908853675	0.0627895107402
k__Bacteria;p__Bacteroidetes;c__Bacteroidia;o__Bacteroidales;f__Bacteroidaceae;g__Bacteroides;s__Bacteroides_uniformis	0.0128719988434	1.0	-0.0174783056358	-0.0487642762815	0.0293533623642	0.0653593263757	-0.0418695999926	-0.00722040356746	-0.0414270382217	-0.00410253474936	-0.0072702203958	-0.0040691498869	0.0401240429295	0.0325857474431	-0.00362119194866	0.00115038211962	0.0162873335522	-0.00816780360883	-0.0641096127908	0.0509984313976	-0.00940097755072	0.00730684400111	0.0628140481393	-0.08519379466	-0.0383956490175	0.0121139128344	0.00515474048375	-0.0754276996114	0.0332911262332	-0.000573041488283	-0.00872082300436	0.00110491838118	-0.0217178538052	0.0135095449318	-0.0169718933094	-0.00847901096734	-0.0108507747017	-0.00501424694682	-0.034793390196	0.0181381244936	0.0493847018463	-0.0379445295145	0.049882037509	-0.018531732398	-0.026373708473	-0.0306256935795	-0.0173416037231	-0.0250655700715	-0.0537045700173	0.0625940045613	0.0460113015816	-0.0706860822269	-0.015204312863	-0.0594906012158	-0.00345506277305	-0.0342331409973	-0.00297577537431	-0.068922539172	0.00837816558091
k__Bacteria;p__Bacteroidetes;c__Bacteroidia;o__Bacteroidales;f__Rikenellaceae;g__Alistipes;s__Alistipes_putredinis	-0.0340581365577	-0.0174783056358	1.0	-0.0305252561676	0.0234210713385	-0.0399986019638	0.0686593624613	0.0481927369417	0.042637139171	-0.0219128120991	-0.0267669782695	-0.000584748856246	-0.0461881961639	-0.0418981930601	-0.0426872236449	0.0122003431802	-0.00105214865264	0.019025906363	-0.0243946622945	0.0448199636129	0.0333789062797	0.00959583646838	-0.00480479626885	-0.0329673154318	-0.0730427325842	0.0102821972286	0.0386084911808	0.000675846373593	-0.0436065493364	0.027467123017	-0.00323609458008	-0.00388145302299	-0.0592861226927	-0.0140097505377	-0.0144747871094	-0.0240544443599	-0.0444641849542	0.0109343991063	0.0179104610947	-0.0700688704438	-0.00372828942796	0.04219791199	-0.0113104862856	0.00217592919759	-0.0294097438045	-0.00185023818635	-0.0423861373464	0.0330737896594	-0.0115890761034	-0.0330170616052	0.0159051152159	0.0261162196047	0.015842657819	0.102064172439	-0.00633833640398	-0.00162184794558	-0.0135671301628	0.0205986214558	-0.0354809295695
k__Bacteria;p__Bacteroidetes;c__Bacteroidia;o__Bacteroidales;f__Prevotellaceae;g__Prevotella;s__Prevotella_copri	-0.0101586068911	-0.0487642762815	-0.0305252561676	1.0	-0.0221924792182	-0.0372132043786	0.0398176500247	-0.0215856687849	0.0241912203001	-0.0145172255143	-0.0708237780952	-0.0238599339012	0.0397369801845	-0.0330572058748	-0.0036735345931	-0.0173698277775	-0.0231846727911	-0.117550521524	0.00332940528283	0.0103815487156	0.0780359532001	0.0271366678754	-0.0305925736203	0.0448340456809	0.0229905457396	0.0606653151298	0.0630605982417	0.0169235669677	0.0122398381657	0.0966832329063	-0.0381616546078	0.0388610146844	-0.0473209085681	0.0593747824876	0.0187771063917	0.0162006924059	0.0088632236314	0.026861849644	0.00203357275997	-0.0368061820837	-0.032854423262	-0.00737413526676	0.0032391596482	-0.0441067084837	-0.0399713503965	-0.0477427188017	-0.0276754987481	-0.0356035716988	-0.0921439554186	-0.0281727458986	-0.0450133223694	-0.0020367157561	-0.0441688410301	0.0454417021313	0.0689230810034	-0.0115425158569	0.0041004698203	-0.023985220467	0.00665964400047
k__Bacteria;p__Bacteroidetes;c__Bacteroidia;o__Bacteroidales;f__Bacteroidaceae;g__Bacteroides;s__Bacteroides_stercoris	0.023779130938	0.0293533623642	0.0234210713385	-0.0221924792182	1.0	-0.0220406752122	0.0223638263239	-0.0447547716849	-0.0245886595383	0.0248922546249	-0.0419183101013	-0.010818252513	-0.0306736104279	0.0256094614518	0.0220155649774	-0.0441876154422	-4.44245890718e-05	0.0171040326343	-0.0466431506128	-0.0224029628986	-0.0338801980362	0.0168259153897	0.0348422136922	-0.0290305445046	-0.00708849400498	-0.0395591714281	-0.0878344021255	0.0297900536175	-0.0750280287012	-0.0924326676342	-0.0116419950104	-0.0243096036817	-0.0109889070673	-0.0459355189378	0.00708204887393	-0.0108909559916	0.0449335263942	0.0344966907905	-0.00545177493748	-0.0331867218739	-0.0308214976316	-0.0420941409944	-0.061584466944	-0.0226348981789	-0.0315677812692	0.0487894580495	-0.0600265245446	0.00897812189135	-0.0282793569646	-0.00079034484884	0.0382943548584	-0.0312693758039	-0.0131079376838	0.0164732768352	0.0643029968852	-0.0173003676254	0.0631800793721	-0.00671557421603	-0.000719640022116
k__Bacteria;p__Bacteroidetes;c__Bacteroidia;o__Bacteroidales;f__Bacteroidaceae;g__Bacteroides;s__Bacteroides_ovatus	0.0163785776617	0.0653593263757	-0.0399986019638	-0.0372132043786	-0.0220406752122	1.0	-0.0271761797647	0.0365370864057	-0.0357587786697	-0.0277822136042	0.0710093972691	0.0149974747709	-0.00606672418898	-0.0225838409284	0.0144590790524	-0.0396362256559	-0.0413104524055	-0.050027648164	-0.0312714421029	0.00406527207081	0.0279636553428	0.0533194902892	0.0217110617686	-0.0408892368584	0.0402633590562	-0.0297890232215	-0.0376702580585	-0.0318204247044	-0.013049124198	0.0235578692912	-0.0105744134914	0.00673724540438	-0.0454466823886	0.0270858622944	-0.0841317255144	-0.0236322471467	-0.0565778579111	0.0174013910058	0.0496221592925	0.019208157213	0.0340692831322	0.00279099685289	-0.0787831126862	0.00502422104454	0.0345680691376	-0.0194339784081	-0.0277652077736	0.0166125902874	-0.0611610151191	-0.0741441586561	-0.0473909391945	0.00901185939666	-0.0333200973364	-0.0662130437763	-0.0402598025468	-0.0416276209629	-0.00926665253731	-0.00448925695783	0.076217991458
k__Bacteria;p__Bacteroidetes;c__Bacteroidia;o__Bacteroidales;f__Rikenellaceae;g__Alistipes;s__Alistipes_shahii	-0.0614417595773	-0.0418695999926	0.0686593624613	0.0398176500247	0.0223638263239	-0.0271761797647	1.0	0.0105045634248	0.0194719771294	-0.0206959260138	-0.0384841583331	0.0165285804127	0.00383345001017	-0.00258175193865	0.0246710066029	-0.0202231535967	0.0637446752843	-0.0498162922031	0.066958637496	-0.0289812951152	0.0125547545355	0.035684359714	-0.0419283856302	-0.0562362230466	-0.0924402137122	0.0166026964084	0.0515665237893	-0.0353733062711	0.0291093983375	0.040544665291	-0.0129734041309	0.0296699525003	0.00716803091487	-0.0281684557801	0.00132727840802	0.0641119809786	-0.0437449687048	-0.0160599668176	-0.0219813882402	-0.00231300463269	-0.0201733661636	-0.0587577842689	0.00210296966055	-0.0273846566877	-0.00323461431293	-0.00832935606349	0.0110967434034	-0.0530636096346	0.0126232508892	0.00952486937055	0.0420813303848	0.0109900463444	-0.0398343912908	-0.0262199100024	-0.0466623333	-0.006378722052	-0.027665623274	-0.0948933204722	-0.0230195659599
k__Bacteria;p__Firmicutes;c__Clostridia;o__Clostridiales;f__Ruminococcaceae;g__Faecalibacterium;s__Faecalibacterium_prausnitzii	-0.0652654405942	-0.00722040356746	0.0481927369417	-0.0215856687849	-0.0447547716849	0.0365370864057	0.0105045634248	1.0	-0.0683727591721	0.00637440021597	-0.0046650116791	-0.0172223782222	0.00149549317885	-0.00128456078913	0.000836615339614	0.0513881557873	-0.00620781706561	-0.0451097309813	-0.0293094811541	0.00148676320056	-0.0292153468353	-0.018617293426	0.0393731785718	-0.0264404601536	-0.0568247498752	-0.00375980977085	0.0411825673534	0.00642803326104	-0.0399588366636	0.0687715372862	-0.0137122294589	-0.0650641796976	-0.00792865260165	-0.0294163564924	-0.0334794083135	0.0127039864604	-0.025495617842	0.0127495962744	0.0184397836253	0.014781762093	-0.0391913223147	0.00846920123502	-0.0370880729094	0.0414485761677	-0.0247299715316	-0.0307800135373	0.00722498383792	-0.0324569950395	0.0457523526823	-0.0317083622274	-0.0429367235069	-0.0264638342504	0.063319816899	-0.0201365127364	-0.059623026629	-0.0589397760157	-0.0495786969654	-0.0868471532599	0.00497813659951
k__Bacteria;p__Bacteroidetes;c__Bacteroidia;o__Bacteroidales;f__Rikenellaceae;g__Alistipes;s__Alistipes_finegoldii	0.012190491912	-0.0414270382217	0.042637139171	0.0241912203001	-0.0245886595383	-0.0357587786697	0.0194719771294	-0.0683727591721	1.0	0.028428811457	0.020084658204	0.0311094889798	0.0190981485369	-0.0156973250867	0.0165560959471	0.0351624978101	-0.0242615134684	-0.0210477797172	-0.0364886535675	0.00443455223515	-0.0493435225972	-0.0147348733563	0.0462884500504	0.0484098020366	0.0293743358721	0.0146069084432	-0.0602198732835	0.0402984628397	-0.0405363430179	0.00384806703746	-0.0548471082989	-0.106999820638	-0.0382070877949	-0.0493393176509	-0.0255377469245	-0.023967722658	0.0262894084283	0.0417721758696	0.0245518298348	0.00574751501635	-0.0186167688397	0.000901063045972	0.00200283541252	0.0100246740456	0.00554462736208	-0.0499836068036	-0.0783682671544	-0.0278246230322	-0.00249729449113	-0.10228443492	-0.0218092075329	0.0128602895485	0.0555569593227	0.0225715111548	-0.0596621943167	-0.00733196783508	0.00292975816821	-0.0248034635666	0.00353272999364
k__Bacteria;p__Bacteroidetes;c__Bacteroidia;o__Bacteroidales;f__Porphyromonadaceae;g__Parabacteroides;s__Parabacteroides_distasonis	0.00423126657705	-0.00410253474936	-0.0219128120991	-0.0145172255143	0.0248922546249	-0.0277822136042	-0.0206959260138	0.00637440021597	0.028428811457	1.0	-0.0747521354172	0.0178414787409	0.0197711674307	-0.0449998065637	-0.00858311976608	0.012518891364	0.0356322878767	-0.0366501507761	0.00364015949684	0.0259159603852	0.0225327800563	-0.0433342699428	0.0105216650858	-0.0384660442685	0.00785634907005	0.0158330510834	0.0212184200794	0.0368780622632	0.0465027036873	-0.10601241121	0.00682223342522	-0.0830914088795	-0.00945356661077	0.0160283624171	0.0446164622977	-0.0785513493583	0.00946862892217	0.0364917252701	0.0357093303067	-0.0398504455002	0.0289166961985	-0.0426371263504	-0.0430691977105	-0.0286322508958	0.0026870385112	0.00645623661772	0.000543763255018	-0.0778361611081	0.0155037271316	-0.0784613167901	0.00309411199395	-0.0238456655239	-0.0327888989861	0.0333929090134	0.0583045132202	-0.0377419133027	-0.0317352601426	-0.0462688946552	-0.0828645411725
k__Bacteria;p__Bacteroidetes;c__Bacteroidia;o__Bacteroidales;f__Bacteroidaceae;g__Bacteroides;s__Bacteroides_thetaiotaomicron	0.0397626795223	-0.0072702203958	-0.0267669782695	-0.0708237780952	-0.0419183101013	0.0710093972691	-0.0384841583331	-0.0046650116791	0.020084658204	-0.0747521354172	1.0	0.0541095030423	-0.0684415840105	-0.00233139160811	-0.0543100240427	-0.0403695194519	-0.00833445714382	-0.0334466951897	-0.0574030587036	-0.0242857517803	-0.00644655242267	0.0681309045433	-0.0152980873117	-0.0636167726635	0.0340810707455	0.0268401320809	0.0909500794998	-0.0591713189444	-0.036109215853	-0.00215503427887	-0.0245571841554	0.0169090286873	-0.0129733817367	0.103402977659	0.0695045226293	0.0121197834867	-0.0421011085629	-0.0740343231085	0.0277927830237	-0.0564277923227	0.00916691338523	0.025933339814	0.0193552007695	0.0310184132092	0.0154246761093	-0.0210617613194	-0.0630849077561	0.000618789476974	0.0282781164914	-0.00367023149628	-0.0407005009099	-0.103674307613	0.0273734269201	-0.0693075146643	-0.0310472694201	0.0266912263388	-0.00894070612003	0.0280983767425	-0.0138147391179
k__Bacteria;p__Bacteroidetes;c__Bacteroidia;o__Bacteroidales;f__Bacteroidaceae;g__Bacteroides;s__Bacteroides_coprocola	-0.108218602033	-0.0040691498869	-0.000584748856246	-0.0238599339012	-0.010818252513	0.0149974747709	0.0165285804127	-0.0172223782222	0.0311094889798	0.0178414787409	0.0541095030423	1.0	-0.0201350042607	-0.0203382114978	-0.00624649003831	0.00295755453283	0.022901084777	-0.0443467010641	0.00313463938387	0.0172069285778	-0.000249665742286	0.0450281424051	-0.00556776249795	0.0156089536368	0.0758973614008	-0.0242601649717	0.00568859113637	-0.0273415988946	0.0115019696447	-0.0184066950877	-0.0196495670851	0.0180832168671	-0.0589469750938	0.0106155254786	-0.0699620720537	-0.000586115234616	-0.024542852701	0.0215695943616	-0.0911420069892	-0.0652774468858	0.0901074642245	-0.0536482902128	-0.0192080097384	0.0188774625311	0.0268716543664	0.0351793933304	-0.0216657028941	-0.0378489516052	0.0152956989186	-0.0591569795534	0.0203832713754	0.0486118601388	-0.0457448216977	-0.0318268618639	-0.105838915503	-0.00222075134614	-0.119895617277	0.0213925033466	0.0256854628835
k__Bacteria;p__Bacteroidetes;c__Bacteroidia;o__Bacteroidales;f__Bacteroidaceae;g__Bacteroides;s__Bacteroides_cellulosilyticus	-0.0147710728028	0.0401240429295	-0.0461881961639	0.0397369801845	-0.0306736104279	-0.00606672418898	0.00383345001017	0.00149549317885	0.0190981485369	0.0197711674307	-0.0684415840105	-0.0201350042607	1.0	-0.00860948416362	-0.0516901875632	-0.100413831461	-0.00247599087785	-0.00298271055722	-0.0605692992727	-0.0865333791523	0.0187944021526	-0.0731506898661	0.0103461029129	-0.015523158014	0.0160235607386	-0.00152296430293	-0.0496976042663	-0.0170241469614	0.019441253592	-0.0442011998859	-0.0641640944456	-0.0838508305449	0.0810047656669	-0.000243972470526	0.0286692899565	-0.046311620616	0.00512014129093	-0.00134622914668	-0.000742872631068	0.00460820437064	0.0329496003775	0.064768727722	0.0171264215255	-0.041293336816	0.0363066053639	0.0104014171204	0.00727651244241	-0.0496357943169	0.0597304246183	-0.0266960981636	0.00604290969601	0.080991361847	-0.00753124511237	0.0164712284349	-0.0101027703203	-0.0493097120338	0.0605644641985	0.0115793219984	0.0147567439132
k__Bacteria;p__Bacteroidetes;c__Bacteroidia;o__Bacteroidales;f__Rikenellaceae;g__Alistipes;s__Alistipes_obesi	0.00757133275054	0.0325857474431	-0.0418981930601	-0.0330572058748	0.0256094614518	-0.0225838409284	-0.00258175193865	-0.00128456078913	-0.0156973250867	-0.0449998065637	-0.00233139160811	-0.0203382114978	-0.00860948416362	1.0	0.040698649592	0.0246814439109	-0.0297601421936	-0.0453562988102	-0.102906756442	-0.02801836304	0.0239028608408	0.0541802108274	-0.0088839857657	-0.0215801210764	0.050270454447	-0.127654635391	-0.0214845549257	0.0609457665878	0.00853687548349	-0.0309060596973	-0.0215033330233	-0.0222502283921	0.0729055876834	-0.0278730558079	-0.0665193949484	-0.101731759658	-0.0373166690366	-0.02243985055	-0.0573997854783	-0.0290479357601	0.0401382659581	0.00857442322257	-0.0128207278286	-0.00899521606033	-0.00244262539987	-0.0388630234168	-0.0334175179356	-0.0187042019249	-0.0243828673371	-0.0198256153984	-0.0157453540127	-0.0438950010853	0.0343115916091	0.0566572979136	-0.0518346124664	0.0274592891803	0.0220565543047	0.00459223266443	0.0199363406137
k__Bacteria;p__Firmicutes;c__Clostridia;o__Clostridiales;f__Lachnospiraceae;g__;s__[Eubacterium]_rectale	-0.0202982153399	-0.00362119194866	-0.0426872236449	-0.0036735345931	0.0220155649774	0.0144590790524	0.0246710066029	0.000836615339614	0.0165560959471	-0.00858311976608	-0.0543100240427	-0.00624649003831	-0.0516901875632	0.040698649592	1.0	0.0252833723601	0.000778115273281	-0.022423685294	0.0419566668073	0.00816428371356	0.0135638163264	-0.0240163567651	0.0204547494382	0.0035404281374	-0.0763666826652	0.031635654616	0.014607266931	0.0408788866869	-0.0150235391695	0.0310896776577	-0.0278271720596	-0.0294863921884	-0.052498021482	0.0324304918852	-0.00130073939235	-0.0382823615408	-0.0563975345953	0.0245818416064	0.0519875071914	-0.0491900752349	-0.0602628749694	-0.068247201036	0.00520877819113	0.0185828981404	0.0120737408482	-0.0477049517634	-0.0748124132775	0.0243506616353	0.052241939068	-0.0157452450708	-0.047012794275	-0.0194227911838	0.0488883243867	-0.0258104900395	-0.0289632084971	-0.0805064541155	0.0287786746962	-0.0764252355341	-0.0179082735536
k__Bacteria;p__Bacteroidetes;c__Bacteroidia;o__Bacteroidales;f__Bacteroidaceae;g__Bacteroides;s__Bacteroides_plebeius	-0.0313490687358	0.00115038211962	0.0122003431802	-0.0173698277775	-0.0441876154422	-0.0396362256559	-0.0202231535967	0.0513881557873	0.0351624978101	0.012518891364	-0.0403695194519	0.00295755453283	-0.100413831461	0.0246814439109	0.0252833723601	1.0	0.00144344086925	-0.0168630962576	0.0675134291855	0.0451435955996	-0.035702016543	0.0394665706437	-0.0952253112454	0.0257399953851	-0.0110579980801	-0.0828450080419	0.0155441264209	-0.152043010721	0.0168417026502	0.0267339498167	0.000596903123729	0.000314274649037	-0.0505739615387	0.00626614807753	-0.0507078797766	-0.00153615381597	-0.0075708437476	-0.0899076599364	0.0175015565824	0.0342946102033	0.0521698142662	-0.0581329676355	0.0343557154613	0.102171172134	0.0851740207186	0.0212668481317	-0.0861931728877	-0.0147323456926	-0.0816156361355	0.0363952096946	-0.0318383194532	0.0275182720396	-0.0107587291962	-0.041698210872	0.00725206904017	-0.0853941267104	-0.0818759986155	-0.111438405522	-0.0488478098429
k__Bacteria;p__Bacteroidetes;c__Bacteroidia;o__Bacteroidales;f__Bacteroidaceae;g__Bacteroides;s__Bacteroides_fragilis	0.0130400827299	0.0162873335522	-0.00105214865264	-0.0231846727911	-4.44245890719e-05	-0.0413104524055	0.0637446752843	-0.00620781706561	-0.0242615134684	0.0356322878767	-0.00833445714382	0.022901084777	-0.00247599087785	-0.0297601421936	0.000778115273281	0.00144344086925	1.0	-0.00124683942242	-0.0558205297239	-0.0180974915225	0.0532024469767	0.00873503867366	0.0236660379535	-0.0661511736982	-0.0329945107328	-0.0348575254737	-0.000666895761164	0.0302984814819	0.00957449825104	-0.0241347638918	0.0157465709048	0.0488423747072	-0.0126083331444	0.0200294091778	-0.0732028875973	0.00422321887134	0.0483780986099	0.0112177091561	-0.0269476368438	-0.0446085143417	-0.0764840567938	-0.0337594129901	-0.0212783527508	-0.122847867548	0.000721118787956	0.00772165554209	-0.0101471698434	-0.0453333554982	-0.0456005762272	-0.0087171059895	-0.027036811602	-0.0289933240736	-0.00057849608138	0.0878004836388	0.0145415216321	-0.0103600043056	-0.000940971898348	-0.029561763109	-0.0152629644508
k__Bacteria;p__Proteobacteria;c__Betaproteobacteria;o__Burkholderiales;f__Sutterellaceae;g__Sutterella;s__Sutterella_wadsworthensis	0.015989978389	-0.00816780360883	0.019025906363	-0.117550521524	0.0171040326343	-0.050027648164	-0.0498162922031	-0.0451097309813	-0.0210477797172	-0.0366501507761	-0.0334466951897	-0.0443467010641	-0.00298271055722	-0.0453562988102	-0.022423685294	-0.0168630962576	-0.00124683942242	1.0	-0.031574704572	0.0440464476285	0.029197760082	-0.130942832263	0.0176025818315	0.091139906115	-0.0102252385091	-0.0437648892038	0.00406600961969	0.0143550684092	0.0450711231145	-0.013059455803	0.0391501762612	-0.0296927165619	0.0139096892668	0.0460813730104	0.0462034897209	0.00911082862463	-0.0179217935151	0.0350469144068	-0.0544538939165	-0.0160158299602	-0.0172183004736	-0.0017697989279	0.00660478806843	-0.0476463413859	-0.100945835239	-0.048406397527	-0.000777889481732	-0.0292266574878	0.0429259612859	0.0955864454546	-0.00975535581055	0.00331204064151	-0.0191766915831	0.0893325632661	0.0393206829754	-0.021011767414	0.0115328447133	-0.0177643223761	-0.066858840814
k__Bacteria;p__Bacteroidetes;c__Bacteroidia;o__Bacteroidales;f__Porphyromonadaceae;g__Barnesiella;s__Barnesiella_intestinihominis	-0.0110600694576	-0.0641096127908	-0.0243946622945	0.00332940528283	-0.0466431506128	-0.0312714421029	0.066958637496	-0.0293094811541	-0.0364886535675	0.00364015949684	-0.0574030587036	0.00313463938387	-0.0605692992727	-0.102906756442	0.0419566668073	0.0675134291855	-0.0558205297239	-0.031574704572	1.0	0.0400114099406	0.00212193175183	0.0804785769792	-0.0433555593987	-0.00744648302451	0.00235121017096	-0.00981145799505	0.0118043994478	-0.0628604589451	0.00569472840777	-0.0168613929656	0.034942663867	-0.0411068098929	-0.0571162387243	0.00608731264635	-0.00185484164791	-0.0576091324158	-0.030047713682	-0.0200650317346	-0.0380417539409	-0.0788308073063	-0.00555291805468	-0.00491245558577	0.0277054000818	0.0362035821466	-0.0240419755452	-0.0549498439868	0.00197349426642	0.0131163734062	-0.0704835173888	0.0351923187422	0.00707052676927	0.0393694186982	-0.0194636421637	0.0710982646731	0.0195040375511	-0.072847115542	0.0301242343391	0.0223723631759	-0.0653605201255
k__Bacteria;p__Bacteroidetes;c__Bacteroidia;o__Bacteroidales;f__Odoribacteraceae;g__Odoribacter;s__Odoribacter_splanchnicus	0.00644781365893	0.0509984313976	0.0448199636129	0.0103815487156	-0.0224029628986	0.00406527207081	-0.0289812951152	0.00148676320056	0.00443455223515	0.0259159603852	-0.0242857517803	0.0172069285778	-0.0865333791523	-0.02801836304	0.00816428371356	0.0451435955996	-0.0180974915225	0.0440464476285	0.0400114099406	1.0	-0.0245370374593	-0.042669805131	-0.0141990867437	-0.018498188358	-0.0139121222484	-0.0350540600014	0.0662439347027	-0.0198307284719	-0.0206272158727	0.00466441212773	0.0645273801532	-0.0101103875191	-0.0446241159098	0.0163668111916	0.0360163269297	-0.00627469298635	-0.021125462353	-0.0396130793747	-0.0767599084064	-0.0470614939495	-0.0408229063685	-0.0236038299516	0.0161853241171	0.0559570665287	0.0281454470646	-0.0238315952384	-0.00262776943402	0.0177820855303	0.0060970204941	-0.0500996452976	-0.0482934818072	-0.0173665540415	-0.0461126236974	0.104223375052	-0.0444697502816	-0.00981879241181	-0.0913050275443	-0.048055486162	-0.0182146102178
k__Bacteria;p__Bacteroidetes;c__Bacteroidia;o__Bacteroidales;f__Bacteroidaceae;g__Bacteroides;s__Bacteroides_salyersiae	0.0109173779474	-0.00940097755072	0.0333789062797	0.0780359532001	-0.0338801980362	0.0279636553428	0.0125547545355	-0.0292153468353	-0.0493435225972	0.0225327800563	-0.00644655242267	-0.000249665742285	0.0187944021526	0.0239028608408	0.0135638163264	-0.035702016543	0.0532024469767	0.029197760082	0.00212193175183	-0.0245370374593	1.0	-0.0339083981008	-0.038370851853	-0.0285810652177	-0.0135361518092	0.0172334606031	-0.0731574326728	-0.012415669546	-0.0738555687538	0.0268764215153	-0.032514892529	-0.0333248194394	0.0454836692521	-0.0658199092053	-0.0297669017526	-0.0177825042341	-0.0063031785984	-0.015109240119	-0.0924751382879	-0.0136274606787	-0.0069947729761	-0.0203452452464	0.0095167534863	-0.0205005778095	-0.00776722876406	0.0107489330455	-0.0256835055461	-0.0210247283174	0.00432910322356	-0.0450716488669	-0.023755190325	-0.000926975665454	0.021624261035	-0.00484617500466	0.0646230667988	0.0633965254614	-0.00791244503067	-0.0139441416559	0.0384986286545
k__Bacteria;p__Firmicutes;c__Clostridia;o__Clostridiales;f__Ruminococcaceae;g__Ruminiclostridium;s__[Eubacterium]_siraeum	-0.0284182641618	0.00730684400112	0.00959583646838	0.0271366678754	0.0168259153897	0.0533194902892	0.035684359714	-0.018617293426	-0.0147348733563	-0.0433342699428	0.0681309045433	0.0450281424051	-0.0731506898661	0.0541802108274	-0.0240163567651	0.0394665706437	0.00873503867366	-0.130942832263	0.0804785769792	-0.042669805131	-0.0339083981008	1.0	-0.0185166049945	-0.0657245867503	0.0163895933712	0.0125726499441	-0.0920943454997	-0.0320635842694	-0.0324867499021	0.0026600324885	-0.0343888002596	-0.0198100028598	-0.067640577003	0.0341343683091	-0.029418972689	0.0201621734807	0.0242558204142	0.00872175787262	-0.0448911032576	-0.0241095679018	-0.0250540878812	-0.0689820976777	0.0100639321919	-0.00475425127559	0.0116657592939	-0.0617594423	-0.0511366373861	-0.00529932242358	0.102291127911	-0.0114798410284	-0.0355390728807	-0.0383171247617	0.00135379899326	-0.0290270654399	-0.00459050760064	-0.00103828133426	-0.0144615828215	-0.014928806557	-0.0137771209071
k__Bacteria;p__Proteobacteria;c__Betaproteobacteria;o__Burkholderiales;f__Sutterellaceae;g__Parasutterella;s__Parasutterella_excrementihominis	-0.0332041769578	0.0628140481393	-0.00480479626885	-0.0305925736203	0.0348422136922	0.0217110617686	-0.0419283856302	0.0393731785718	0.0462884500504	0.0105216650858	-0.0152980873117	-0.00556776249795	0.0103461029129	-0.0088839857657	0.0204547494382	-0.0952253112454	0.0236660379535	0.0176025818315	-0.0433555593987	-0.0141990867437	-0.038370851853	-0.0185166049945	1.0	0.00200571897243	0.00986684535936	-0.0133169947091	-0.00456829155852	-0.0103246782505	-0.0495117886954	-0.052433388966	0.0647546430351	-0.0206755207225	-0.00786210494739	-0.00623476848495	-0.0540391915797	-0.0241665621576	0.0245386101627	0.0231831130634	0.0538632441201	-0.00477922893792	-0.0780672919443	-0.0949032635593	-0.0111553871415	0.0812201367342	0.0103715908035	-0.0200577658319	0.0159709664657	-0.0194845832944	-0.0146509450928	-0.0198196078104	-0.0530637551204	-0.0199815822373	0.0740410791656	-0.0368403360392	-0.0275593615336	0.015964484654	0.0560416149132	-0.0569537871717	-0.0561802841186
k__Bacteria;p__Actinobacteria;c__Actinobacteria;o__Bifidobacteriales;f__Bifidobacteriaceae;g__Bifidobacterium;s__Bifidobacterium_adolescentis	-0.0196977939229	-0.08519379466	-0.0329673154318	0.0448340456809	-0.0290305445046	-0.0408892368584	-0.0562362230466	-0.0264404601536	0.0484098020366	-0.0384660442685	-0.0636167726635	0.0156089536368	-0.015523158014	-0.0215801210764	0.0035404281374	0.0257399953851	-0.0661511736982	0.091139906115	-0.00744648302451	-0.018498188358	-0.0285810652177	-0.0657245867503	0.00200571897243	1.0	0.0143867284675	-0.11651595268	-0.0737255638146	0.073285660887	-0.0196263684851	-0.0091129659787	0.00664382813679	0.0136333770055	-0.0196555466826	-0.0561549790198	0.0112144939736	-0.0114149506202	-0.00136039635637	0.0134993335548	-0.0569352824722	-0.0103736618536	0.0218757024566	-0.0736953731275	-0.00224748671821	-0.041681379983	-0.102298040987	-0.0138925639998	0.00936643663607	-0.0174782793821	0.0491626381985	0.0368276489028	0.00850622021532	-0.0472894210996	-0.069028103302	0.0398925151395	0.00283123260079	-0.0115103539699	0.00508978629568	-0.0239983122405	-0.0410600451471
k__Bacteria;p__Firmicutes;c__Clostridia;o__Clostridiales;f__Oscillospiraceae;g__Oscillibacter;s__Oscillibacter_sp._KLE_1745	0.0211089620126	-0.0383956490175	-0.0730427325842	0.0229905457396	-0.00708849400498	0.0402633590562	-0.0924402137122	-0.0568247498752	0.0293743358721	0.00785634907005	0.0340810707455	0.0758973614008	0.0160235607386	0.050270454447	-0.0763666826652	-0.0110579980801	-0.0329945107328	-0.0102252385091	0.00235121017096	-0.0139121222484	-0.0135361518092	0.0163895933712	0.00986684535936	0.0143867284675	1.0	-0.120472534069	0.0169222811162	-0.0356164066332	0.000452609498757	-0.0946839620096	-0.00903394588545	-0.00270703198341	-0.0176854239268	-0.00584655118812	-0.0434704216113	0.032876801279	-0.0331884956097	-0.00827230789358	-0.0235698945834	0.00558515896947	0.00197843756758	0.00179427979314	-0.00341482691992	0.019823980314	-0.0249966386743	0.0671349808015	0.00717930006335	-0.0349118167851	-0.0805381638009	-0.099709428038	-0.0531155860186	-0.0486625109214	-0.00640435541419	-0.00421201292477	0.0166924755224	-0.00698752913259	-0.019068147566	0.0233684457993	0.0592933890747
k__Bacteria;p__Bacteroidetes;c__Bacteroidia;o__Bacteroidales;f__Bacteroidaceae;g__Bacteroides;s__Bacteroides_coprophilus	0.0394059050357	0.0121139128344	0.0102821972286	0.0606653151298	-0.0395591714281	-0.0297890232215	0.0166026964084	-0.00375980977085	0.0146069084432	0.0158330510834	0.0268401320809	-0.0242601649717	-0.00152296430293	-0.127654635391	0.031635654616	-0.0828450080419	-0.0348575254737	-0.0437648892038	-0.00981145799505	-0.0350540600014	0.0172334606031	0.0125726499441	-0.0133169947091	-0.11651595268	-0.120472534069	1.0	0.0011280485359	0.00896723487805	-0.0225742370949	-0.0384891731005	0.00807405056768	-0.057401438577	-0.0108651033606	0.00875878549436	0.010346910235	-0.00717827195296	-0.018622723484	-0.035722166984	-0.0117359607342	0.00752574507643	0.0128918961103	-0.0297362976623	0.000626286153819	0.00790457526499	-0.00324716366214	0.049105332082	-0.0592179970629	0.0344555063361	-0.0518923780202	0.0190177755615	-0.064393147514	-0.0327923587438	0.0484107288908	0.0268112290886	-0.0282011351892	-0.0614919235116	-0.0394050065222	-0.0382815042717	0.0192413832368
k__Bacteria;p__Firmicutes;c__Clostridia;o__Clostridiales;f__Lachnospiraceae;g__Roseburia;s__Roseburia_intestinalis	-0.0421397125362	0.00515474048375	0.0386084911808	0.0630605982417	-0.0878344021255	-0.0376702580585	0.0515665237893	0.0411825673534	-0.0602198732835	0.0212184200794	0.0909500794998	0.00568859113637	-0.0496976042663	-0.0214845549257	0.014607266931	0.0155441264209	-0.000666895761164	0.00406600961969	0.0118043994478	0.0662439347027	-0.0731574326728	-0.0920943454997	-0.00456829155852	-0.0737255638146	0.0169222811162	0.0011280485359	1.0	0.0121646531113	-0.0124601003988	0.0130236572475	-0.0442607777999	-0.0438572828863	-0.0336993009598	-0.0750044867845	0.105768300321	0.00842631143121	-0.0324219917504	-0.00831175702005	-0.0122465490251	-0.0978725572901	0.0193913861848	-0.0394485974131	-0.0239854458075	-0.0451453590165	-0.0662089099835	0.006045092781	-0.0181961339277	-0.0349719866099	0.00596976077674	-0.0478174646302	0.00479578348923	0.0364933950674	-0.0285918979888	-0.0778231171598	-0.00974155346085	-0.0773466279072	-0.0137851226586	-0.078873521539	-0.111184895252
k__Bacteria;p__Firmicutes;c__Clostridia;o__Clostridiales;f__Lachnospiraceae;g__Roseburia;s__Roseburia_hominis	-0.0198936375617	-0.0754276996114	0.000675846373593	0.0169235669677	0.0297900536175	-0.0318204247044	-0.0353733062711	0.00642803326104	0.0402984628397	0.0368780622632	-0.0591713189444	-0.0273415988946	-0.0170241469614	0.0609457665878	0.0408788866869	-0.152043010721	0.0302984814819	0.0143550684092	-0.0628604589451	-0.0198307284719	-0.012415669546	-0.0320635842694	-0.0103246782505	0.073285660887	-0.0356164066332	0.00896723487805	0.0121646531113	1.0	-0.0324651936733	-0.0242769165449	0.00170391623149	0.00935915591229	-0.0533833571877	0.0445064338019	0.0566136708771	0.0390538818712	0.0415403734942	-0.0625326286781	-0.0361311179117	-0.0145884586087	-0.0720492032784	-0.0361161634286	-0.0527695355691	0.0015953423176	0.00374283935082	-0.0416668196947	0.0291352177486	0.0451606706708	-0.0368741048349	0.0148045940179	0.0382708314055	-0.0133918842013	-0.0312125298923	0.0467113675785	-0.0109611348092	-0.0561043200639	-0.0172272453354	-0.0380031491511	0.0105033522389
k__Bacteria;p__Bacteroidetes;c__Bacteroidia;o__Bacteroidales;f__Porphyromonadaceae;g__Parabacteroides;s__Parabacteroides_johnsonii	0.026283671335	0.0332911262332	-0.0436065493364	0.0122398381657	-0.0750280287012	-0.013049124198	0.0291093983375	-0.0399588366636	-0.0405363430179	0.0465027036873	-0.036109215853	0.0115019696447	0.019441253592	0.00853687548349	-0.0150235391695	0.0168417026502	0.00957449825104	0.0450711231145	0.00569472840777	-0.0206272158727	-0.0738555687538	-0.0324867499021	-0.0495117886954	-0.0196263684851	0.000452609498757	-0.0225742370949	-0.0124601003988	-0.0324651936733	1.0	-0.00213545912787	0.0894857560403	-0.0114780561396	-0.107742566348	-0.0138436583492	-0.0666461264214	0.0230594579948	-0.0059232021511	-0.0230279378725	0.0807229221763	0.0261068020995	-0.00486752248389	-0.0512602297356	0.0279350963752	-0.0187883199189	0.0566714078466	-0.0657736884293	0.0313227342828	0.0756180471406	0.000124953383808	-0.0179550348609	-0.0130734583393	0.069765512012	-0.0811079501868	-0.0251757177631	-0.00352984228434	-0.0279794341668	-0.0304554512385	-0.0408174996278	-0.00872813954436
k__Bacteria;p__Actinobacteria;c__Actinobacteria;o__Bifidobacteriales;f__Bifidobacteriaceae;g__Bifidobacterium;s__Bifidobacterium_longum	0.0229141977586	-0.000573041488283	0.027467123017	0.0966832329063	-0.0924326676342	0.0235578692912	0.040544665291	0.0687715372862	0.00384806703746	-0.10601241121	-0.00215503427887	-0.0184066950877	-0.0442011998859	-0.0309060596973	0.0310896776577	0.0267339498167	-0.0241347638918	-0.013059455803	-0.0168613929656	0.00466441212773	0.0268764215153	0.0026600324885	-0.052433388966	-0.0091129659787	-0.0946839620096	-0.0384891731005	0.0130236572475	-0.0242769165449	-0.00213545912787	1.0	-0.0291478172918	0.01064567681	0.0663920089415	-0.0285253124272	-0.0322426188045	-0.0156688965758	0.0616414515368	-0.0544452927568	-0.0092388367003	0.0274982022474	-0.0707605134365	-0.0223160769695	0.0312691552447	-0.00766725387083	0.0128908306645	0.0153133430136	0.0514264716625	0.00454133581254	-0.0569113406532	-0.0895404531374	-0.0181128605814	0.0494857736521	-0.0198816511172	-0.0471748294258	-0.0521433106498	0.0389091022928	-0.0132271648592	-0.0299070563235	0.0287075030206
