#taxonomy	k__Bacteria;p__Bacteroidetes;c__Bacteroidia;o__Bacteroidales;f__Bacteroidaceae;g__Bacteroides;s__Bacteroides_vulgatus	k__Bacteria;p__Bacteroidetes;c__Bacteroidia;o__Bacteroidales;f__Bacteroidaceae;g__Bacteroides;s__Bacteroides_uniformis	k__Bacteria;p__Bacteroidetes;c__Bacteroidia;o__Bacteroidales;f__Rikenellaceae;g__Alistipes;s__Alistipes_putredinis	k__Bacteria;p__Bacteroidetes;c__Bacteroidia;o__Bacteroidales;f__Prevotellaceae;g__Prevotella;s__Prevotella_copri	k__Bacteria;p__Bacteroidetes;c__Bacteroidia;o__Bacteroidales;f__Bacteroidaceae;g__Bacteroides;s__Bacteroides_stercoris	k__Bacteria;p__Bacteroidetes;c__Bacteroidia;o__Bacteroidales;f__Bacteroidaceae;g__Bacteroides;s__Bacteroides_ovatus	k__Bacteria;p__Bacteroidetes;c__Bacteroidia;o__Bacteroidales;f__Rikenellaceae;g__Alistipes;s__Alistipes_shahii	k__Bacteria;p__Firmicutes;c__Clostridia;o__Clostridiales;f__Ruminococcaceae;g__Faecalibacterium;s__Faecalibacterium_prausnitzii	k__Bacteria;p__Bacteroidetes;c__Bacteroidia;o__Bacteroidales;f__Rikenellaceae;g__Alistipes;s__Alistipes_finegoldii	k__Bacteria;p__Bacteroidetes;c__Bacteroidia;o__Bacteroidales;f__Porphyromonadaceae;g__Parabacteroides;s__Parabacteroides_distasonis	k__Bacteria;p__Bacteroidetes;c__Bacteroidia;o__Bacteroidales;f__Bacteroidaceae;g__Bacteroides;s__Bacteroides_thetaiotaomicron	k__Bacteria;p__Bacteroidetes;c__Bacteroidia;o__Bacteroidales;f__Bacteroidaceae;g__Bacteroides;s__Bacteroides_coprocola	k__Bacteria;p__Bacteroidetes;c__Bacteroidia;o__Bacteroidales;f__Bacteroidaceae;g__Bacteroides;s__Bacteroides_cellulosilyticus	k__Bacteria;p__Bacteroidetes;c__Bacteroidia;o__Bacteroidales;f__Rikenellaceae;g__Alistipes;s__Alistipes_obesi	k__Bacteria;p__Firmicutes;c__Clostridia;o__Clostridiales;f__Lachnospiraceae;g__;s__[Eubacterium]_rectale	k__Bacteria;p__Bacteroidetes;c__Bacteroidia;o__Bacteroidales;f__Bacteroidaceae;g__Bacteroides;s__Bacteroides_plebeius	k__Bacteria;p__Bacteroidetes;c__Bacteroidia;o__Bacteroidales;f__Bacteroidaceae;g__Bacteroides;s__Bacteroides_fragilis	k__Bacteria;p__Proteobacteria;c__Betaproteobacteria;o__Burkholderiales;f__Sutterellaceae;g__Sutterella;s__Sutterella_wadsworthensis	k__Bacteria;p__Bacteroidetes;c__Bacteroidia;o__Bacteroidales;f__Porphyromonadaceae;g__Barnesiella;s__Barnesiella_intestinihominis	k__Bacteria;p__Bacteroidetes;c__Bacteroidia;o__Bacteroidales;f__Odoribacteraceae;g__Odoribacter;s__Odoribacter_splanchnicus	k__Bacteria;p__Bacteroidetes;c__Bacteroidia;o__Bacteroidales;f__Bacteroidaceae;g__Bacteroides;s__Bacteroides_salyersiae	k__Bacteria;p__Firmicutes;c__Clostridia;o__Clostridiales;f__Ruminococcaceae;g__Ruminiclostridium;s__[Eubacterium]_siraeum	k__Bacteria;p__Proteobacteria;c__Betaproteobacteria;o__Burkholderiales;f__Sutterellaceae;g__Parasutterella;s__Parasutterella_excrementihominis	k__Bacteria;p__Actinobacteria;c__Actinobacteria;o__Bifidobacteriales;f__Bifidobacteriaceae;g__Bifidobacterium;s__Bifidobacterium_adolescentis	k__Bacteria;p__Firmicutes;c__Clostridia;o__Clostridiales;f__Oscillospiraceae;g__Oscillibacter;s__Oscillibacter_sp._KLE_1745	k__Bacteria;p__Bacteroidetes;c__Bacteroidia;o__Bacteroidales;f__Bacteroidaceae;g__Bacteroides;s__Bacteroides_coprophilus	k__Bacteria;p__Firmicutes;c__Clostridia;o__Clostridiales;f__Lachnospiraceae;g__Roseburia;s__Roseburia_intestinalis	k__Bacteria;p__Firmicutes;c__Clostridia;o__Clostridiales;f__Lachnospiraceae;g__Roseburia;s__Roseburia_hominis	k__Bacteria;p__Bacteroidetes;c__Bacteroidia;o__Bacteroidales;f__Porphyromonadaceae;g__Parabacteroides;s__Parabacteroides_johnsonii	k__Bacteria;p__Actinobacteria;c__Actinobacteria;o__Bifidobacteriales;f__Bifidobacteriaceae;g__Bifidobacterium;s__Bifidobacterium_longum	k__Bacteria;p__Firmicutes;c__Clostridia;o__Clostridiales;f__;g__Flavonifractor;s__Flavonifractor_plautii	k__Bacteria;p__Firmicutes;c__Clostridia;o__Clostridiales;f__Clostridiaceae;g__Clostridium;s__Clostridium_phoceensis	k__Bacteria;p__Verrucomicrobia;c__Verrucomicrobiae;o__Verrucomicrobiales;f__Akkermansiaceae;g__Akkermansia;s__Akkermansia_muciniphila	k__Bacteria;p__Bacteroidetes;c__Bacteroidia;o__Bacteroidales;f__Prevotellaceae;g__Paraprevotella;s__Paraprevotella_xylaniphila	k__Bacteria;p__Firmicutes;c__Clostridia;o__Clostridiales;f__Ruminococcaceae;g__Ruminococcus;s__Ruminococcus_callidus	k__Bacteria;p__Bacteroidetes;c__Bacteroidia;o__Bacteroidales;f__Rikenellaceae;g__Alistipes;s__Alistipes_senegalensis	k__Bacteria;p__Firmicutes;c__Clostridia;o__Clostridiales;f__Lachnospiraceae;g__Blautia;s__Blautia_sp._KLE_1732	k__Bacteria;p__Bacteroidetes;c__Bacteroidia;o__Bacteroidales;f__Bacteroidaceae;g__Bacteroides;s__Bacteroides_oleiciplenus	k__Bacteria;p__Firmicutes;c__Clostridia;o__Clostridiales;f__Ruminococcaceae;g__Ruminococcus;s__Ruminococcus_bicirculans	k__Bacteria;p__Bacteroidetes;c__Bacteroidia;o__Bacteroidales;f__Bacteroidaceae;g__Bacteroides;s__Bacteroides_fluxus	k__Bacteria;p__Bacteroidetes;c__Bacteroidia;o__Bacteroidales;f__Prevotellaceae;g__Prevotella;s__Prevotella_stercorea	k__Bacteria;p__Firmicutes;c__Clostridia;o__Clostridiales;f__Lachnospiraceae;g__Dorea;s__Dorea_longicatena	k__Bacteria;p__Firmicutes;c__Clostridia;o__Clostridiales;f__Eubacteriaceae;g__Eubacterium;s__[Eubacterium]_eligens	k__Bacteria;p__Firmicutes;c__Clostridia;o__Clostridiales;f__Ruminococcaceae;g__;s__Ruminococcaceae_bacterium_D16	k__Bacteria;p__Firmicutes;c__Clostridia;o__Clostridiales;f__Lachnospiraceae;g__Coprococcus;s__Coprococcus_comes	k__Bacteria;p__Proteobacteria;c__Gammaproteobacteria;o__Enterobacterales;f__Enterobacteriaceae;g__Escherichia;s__Escherichia_coli	k__Bacteria;p__Firmicutes;c__Clostridia;o__Clostridiales;f__Ruminococcaceae;g__Anaerotruncus;s__Anaerotruncus_colihominis	k__Bacteria;p__Firmicutes;c__Clostridia;o__Clostridiales;f__Lachnospiraceae;g__Blautia;s__Blautia_obeum	k__Bacteria;p__Bacteroidetes;c__Bacteroidia;o__Bacteroidales;f__Odoribacteraceae;g__Odoribacter;s__Odoribacter_laneus	k__Bacteria;p__Firmicutes;c__Clostridia;o__Clostridiales;f__Ruminococcaceae;g__Ruminiclostridium;s__[Clostridium]_leptum	k__Bacteria;p__Bacteroidetes;c__Bacteroidia;o__Bacteroidales;f__Porphyromonadaceae;g__Parabacteroides;s__Parabacteroides_goldsteinii	k__Bacteria;p__Firmicutes;c__Clostridia;o__Clostridiales;f__Lachnospiraceae;g__Anaerostipes;s__Anaerostipes_hadrus	k__Bacteria;p__Firmicutes;c__Clostridia;o__Clostridiales;f__Ruminococcaceae;g__Ruminococcus;s__Ruminococcus_lactaris	k__Bacteria;p__Firmicutes;c__Clostridia;o__Clostridiales;f__Clostridiaceae;g__Clostridium;s__Clostridium_sp._L2-50	k__Bacteria;p__Firmicutes;c__Clostridia;o__Clostridiales;f__Clostridiaceae;g__Clostridium;s__Clostridium_sp._M62/1	k__Bacteria;p__Firmicutes;c__Clostridia;o__Clostridiales;f__;g__Intestinimonas;s__Intestinimonas_butyriciproducens	k__Bacteria;p__Actinobacteria;c__Actinobacteria;o__Bifidobacteriales;f__Bifidobacteriaceae;g__Bifidobacterium;s__Bifidobacterium_bifidum	k__Bacteria;p__Firmicutes;c__Negativicutes;o__Veillonellales;f__Veillonellaceae;g__Dialister;s__Dialister_invisus	k__Bacteria;p__Bacteroidetes;c__Bacteroidia;o__Bacteroidales;f__Bacteroidaceae;g__Bacteroides;s__Bacteroides_salanitronis
k__Bacteria;p__Bacteroidetes;c__Bacteroidia;o__Bacteroidales;f__Bacteroidaceae;g__Bacteroides;s__Bacteroides_vulgatus	1.0	-0.0188156354913	0.05671244205	-0.105212621241	-0.0217541645097	0.00427103826823	-0.0536049777214	0.0181856380174	-0.0415109164503	0.0301711843856	0.0204505814837	-0.0462208356616	-0.0560379373523	0.0302785059488	-0.0410857571969	0.0813985983089	-0.0762581183025	-0.0376744034652	0.0640510151077	-0.0559687677823	-0.0415225140461	-0.130204260124	0.0172900154995	-0.0518043871647	-0.000275140135739	-0.022608469643	0.0344852962402	-0.0359535343384	0.0820627816859	-0.0656673698108	0.0126049842532	-0.0415173594963	0.0579529444556	0.00164347493554	-0.027074923631	0.0581795837141	1.93523143739e-05	-0.017658071233	-0.0539043269812	0.0310056746407	0.0148739917644	-0.00213540893349	-0.00625990427717	0.0127159683715	-0.0723901519585	-0.00538089604265	-0.00855028788198	-0.0479385055805	-0.0544466058716	-0.0660096718124	-0.00979042272	-0.0392349558411	0.025684111909	-0.0271991220994	-0.0176396275249	-0.0207671694253	0.0272994264961	-0.0526393443432	0.0329722458634
k__Bacteria;p__Bacteroidetes;c__Bacteroidia;o__Bacteroidales;f__Bacteroidaceae;g__Bacteroides;s__Bacteroides_uniformis	-0.0188156354913	1.0	-0.0648676083097	-0.0617468305073	-0.0190167145974	0.000828888363267	-0.0136390192249	-0.0536926109718	-0.0841145223122	-0.0049617749329	0.00289042413062	-0.0654103847468	-0.0201139824227	0.0262837144303	-0.0312882117932	0.00381404539382	0.00807782984838	-0.029905291717	0.0581254862754	-0.00791960980219	0.0332223920469	-0.0149084610461	0.0504867222956	0.00298346581939	-0.03716602775	0.0183372330634	-0.0303334343461	-0.00776448989146	-0.0934741533248	0.05677953998	0.0203389811254	-0.0426146685601	-0.0234409740109	0.0284098646474	0.00930701836151	-0.0380389675245	0.0295902665538	0.0589241949061	-0.018129228332	0.0351826257005	0.0259497782384	0.0158495756484	-0.0343035486934	-0.0340368599702	0.0812801927977	0.0168255339563	-0.0280085492151	0.0286893114147	-0.0335516776847	-0.00987426284413	-0.0241984044377	-0.0445503763386	-0.0595432412043	-0.00892609711074	-0.00787473817641	-0.00402329572335	0.00730432391192	0.0109054885553	0.0212285011549
k__Bacteria;p__Bacteroidetes;c__Bacteroidia;o__Bacteroidales;f__Rikenellaceae;g__Alistipes;s__Alistipes_putredinis	0.05671244205	-0.0648676083097	1.0	-0.0283641604675	0.00449296796747	-0.0502581147765	0.0163653607978	-0.0162927025596	0.0854790186691	0.0250925557736	0.00560299211959	-0.0161664842352	-0.0119500460464	0.00748396506679	0.0196739372908	-0.0159211225478	-0.0319832584318	0.0418029591922	0.0382806711836	-0.0165458657887	-0.135152213477	-0.0756857010199	0.0413290717277	0.0495627250313	-0.0388115234398	0.0233679270103	0.0109827247671	-0.0571251207807	0.00697578978941	-0.000996937601734	-0.0377530948582	0.0551360131357	0.0518887710089	0.0165839495511	-0.0665555769691	-0.00512775206558	-0.0603408453538	-0.027019756216	-0.0803720670435	0.0133728899317	0.031356919633	-0.054615958778	0.0150497438718	-0.050698526254	-0.0695900006231	-0.00390212672467	0.00578137595735	-0.0676113343905	-0.0317507043487	0.0347252940493	-0.0213389667645	0.0128669455869	-0.00981856835743	-0.0895268769921	0.0431853794628	0.014981999895	-0.0369812482637	0.0375502641423	-0.0103111340732
k__Bacteria;p__Bacteroidetes;c__Bacteroidia;o__Bacteroidales;f__Prevotellaceae;g__Prevotella;s__Prevotella_copri	-0.105212621241	-0.0617468305073	-0.0283641604675	1.0	-0.0575651327218	0.0533824307776	0.0350434036199	-0.0180973064022	-0.00280052190078	-0.00162921059474	0.0220219025392	0.0726129975702	0.0353286487766	-0.032676371684	-0.0420520071154	-0.0415103772185	-0.0273432595992	-0.0482016374902	-0.0226258347359	0.00677272669354	0.0276036248504	0.0205134251567	0.0218418445599	-0.0377135300322	-0.0304000708154	0.0604548365107	-0.0217513141973	-0.0387821165644	-0.045319333307	0.00588092364461	-0.0294191581081	-8.60115048743e-05	-0.0545895126355	-0.0452351238946	-0.0455773646466	-0.00167231687935	0.0345645401555	-0.0151938153584	-0.01232081165	-0.0274312822111	-0.00471727742629	0.0217539692642	0.0750260874966	0.0245417655523	-0.125068651949	-0.0551518050211	-0.0825288494219	-0.0124403237273	-0.00788165963101	-0.117763648234	-0.0432860662062	0.0651173543279	0.0218182999929	-0.0202979913975	4.59503707609e-05	0.00408626363431	0.0599860337819	-0.0238373570265	0.0589026926727
k__Bacteria;p__Bacteroidetes;c__Bacteroidia;o__Bacteroidales;f__Bacteroidaceae;g__Bacteroides;s__Bacteroides_stercoris	-0.0217541645097	-0.0190167145974	0.00449296796747	-0.0575651327218	1.0	0.000560118141628	-0.0524578625808	0.00373426797601	-0.00217800165049	-0.0232935852145	-0.00463725136216	-0.0230290115948	-0.10270279937	0.034034216753	-0.0217506692932	0.0434408754952	-0.0426852542526	-0.0147525142439	0.0303996199955	-0.0548297533928	-0.0505523049912	0.0232120582278	-0.0109422338435	0.0172447265778	-0.00365192897433	-0.033080755934	-0.0446456889512	-0.0515839403041	0.0443197976919	0.0537176962354	-0.0110179804084	0.0807354959385	0.0236209759484	-0.0397414144918	0.0490241991285	0.00755873545153	0.00858197261747	-0.0103830965177	0.0113365386834	0.019346271447	-0.0167353308578	-0.00674738136885	-0.0477633904852	-0.0017357469671	0.00272610058606	0.0213488389096	-0.032417849889	0.0381877906329	0.0347727467775	0.0512120849586	-0.037835363551	-0.0310812738018	-0.00473042335634	-0.0675391719616	-0.0877299136262	-0.000894819818432	-0.039483512074	-0.0181791408611	-0.0118191859173
k__Bacteria;p__Bacteroidetes;c__Bacteroidia;o__Bacteroidales;f__Bacteroidaceae;g__Bacteroides;s__Bacteroides_ovatus	0.00427103826823	0.000828888363267	-0.0502581147765	0.0533824307776	0.000560118141628	1.0	0.0591165462119	0.0223007404341	-0.108721239107	-0.01340537669	-0.0368854815509	-0.014443670292	-0.00628366523682	-0.0737741257626	0.0245234447836	0.0182200904563	-0.0863192399891	-0.0200260388529	0.00164909305408	-0.0417433118049	0.0857758932987	0.0195205766921	0.054296708455	-0.0308302698591	-0.069095259678	-0.0145428069287	-0.0272573238733	-0.023523994041	-0.0229736906398	-0.02054464779	0.00533532865991	-0.135545310729	0.00377167924089	-0.000421164464524	0.0131915475737	0.0341030481536	-0.00715903966291	0.00200277469824	-0.0548183063009	-0.0146284971223	0.0118562092952	-0.0113584552866	-0.00870846862589	-0.094106998359	0.0447725483625	-0.0457940473231	0.0524590832761	0.0202071392423	-0.0288532925542	-0.0010266759921	-0.047953814638	-0.0514199402794	-0.0323167845825	0.0447779040313	-0.0105776125846	-0.0511589822092	-0.00576965582022	-0.0703684542799	-0.0188387718399
k__Bacteria;p__Bacteroidetes;c__Bacteroidia;o__Bacteroidales;f__Rikenellaceae;g__Alistipes;s__Alistipes_shahii	-0.0536049777214	-0.0136390192249	0.0163653607978	0.0350434036199	-0.0524578625808	0.0591165462119	1.0	-0.0300305699864	0.0118754262552	-0.0338046297927	-0.0056049614544	-0.0757979710435	-0.0204492132214	-0.00544066681724	-0.0244078046658	0.0304343361172	-0.0015934132587	-0.0635272150976	-0.113898009217	0.0107238802311	0.00134100165062	7.92671613858e-05	-0.00940834449728	0.00427651044463	-0.00355428247021	-0.00370118657236	-0.130117962987	0.0959918138474	-0.040399212896	-0.0145097765877	-0.0370484473608	-0.00442434423717	0.0148530752637	0.031501864241	-0.0205557314459	-0.0163673978604	0.0140766127145	-0.0291420804791	0.0142816064956	-0.000347580286831	-0.055523650278	-0.0747287285605	-0.0296276459247	0.0114442376483	-0.0149786396633	-0.0217256571595	0.0343759595958	0.0098207647208	0.00591355760362	0.0309226523147	0.0373103831388	-0.0508266363413	-0.0336233542557	0.0502243681852	0.0904534270603	-0.0420369456538	-0.0199773632731	0.0139369377417	-0.0660102888439
k__Bacteria;p__Firmicutes;c__Clostridia;o__Clostridiales;f__Ruminococcaceae;g__Faecalibacterium;s__Faecalibacterium_prausnitzii	0.0181856380174	-0.0536926109718	-0.0162927025596	-0.0180973064022	0.00373426797601	0.0223007404341	-0.0300305699864	1.0	0.0247194127763	0.0247896669829	0.0214916487059	-0.0491496639295	0.0211815740163	-0.0825973925821	0.00514203841999	-0.0177184497135	-0.0360429299379	-0.089205720025	-0.0316275646771	-0.0584714490284	0.034114321063	-0.0525269123657	0.0139208740223	0.00730937285781	-0.0556419763382	0.0210399169522	-0.0241519421803	0.0164707353113	0.010550930271	0.0377404485505	0.0872224844093	-0.0431616715115	-0.0207799312567	0.0181777035367	0.00309926943217	-0.0420807599118	-0.0506031663681	-0.0489470648794	-0.0405663810076	-0.0484653153269	-0.0553876204733	-0.0478415237669	-0.00191542734986	-0.00801046551409	-0.00429159491468	0.0464111889491	-0.00217472017717	-0.0650312143967	-0.0192618595614	0.0601226484755	-0.00677918492118	-0.0799861002248	-0.0622062438672	-0.0197935699689	0.128075759128	0.00632254672109	-0.0376741557358	-0.0603258531466	-0.0617565970499
k__Bacteria;p__Bacteroidetes;c__Bacteroidia;o__Bacteroidales;f__Rikenellaceae;g__Alistipes;s__Alistipes_finegoldii	-0.0415109164503	-0.0841145223122	0.0854790186691	-0.00280052190078	-0.00217800165049	-0.108721239107	0.0118754262552	0.0247194127763	1.0	-0.0592131770483	0.0280458949277	0.0928882487471	-0.0181108120661	-0.0152288566426	0.0125319911593	0.0264884933688	-0.049043805741	0.00169756515964	-0.0351353597394	0.0270254880912	0.0267990932851	0.0424961512509	0.00712441944716	-0.012642718192	-0.0757977053135	-0.0586362014572	0.00962614411931	0.0242622301751	-0.0439377929368	0.0249514890295	-0.0185263958365	-0.0448817466572	-0.0182826442152	0.0251762336126	0.00581076679967	-0.0105479284181	-0.0202317767547	-0.0408419861724	-0.0159482365491	0.0240810120696	-0.00934905165094	0.0112237299089	-0.0131502916638	0.0130497284685	0.0037176483744	-0.0537615406957	-0.0155221350232	-0.0157711494613	0.00938837664916	-0.0166500357776	0.00904039110819	-0.0347510823901	0.0191025737835	0.037376389936	-0.0469158437302	0.0150770586364	-0.0355873423442	0.00572406829725	0.0353287937919
k__Bacteria;p__Bacteroidetes;c__Bacteroidia;o__Bacteroidales;f__Porphyromonadaceae;g__Parabacteroides;s__Parabacteroides_distasonis	0.0301711843856	-0.0049617749329	0.0250925557736	-0.00162921059474	-0.0232935852145	-0.01340537669	-0.0338046297927	0.0247896669829	-0.0592131770483	1.0	-0.0122309681278	-0.00108812344164	-0.0667511977519	-0.0118410619768	0.0620472452773	-0.0419052086876	0.0241658127164	0.0554591173166	-0.0074861504448	-0.0136323916691	0.000922135119091	0.0175262626224	-0.0554235721388	0.0293986800732	-0.0475884822861	-0.047473144147	0.0434097339037	-0.0451739273346	-0.0077198079143	-0.00622339861686	0.030811435529	-0.0118010963257	0.0403879091681	-0.0540022673735	0.0561024833649	-0.0280983265793	-0.0447105208455	-0.02490286778	-0.0194959687287	0.0443681561116	-0.0260025667274	0.0365438525288	0.00135789144259	0.00890828397607	-0.00439128958271	0.0152590562156	-0.00251063630129	-0.0364312205177	0.0150896980928	0.0890945755443	0.0796800476581	-0.0326356614466	0.0627604230963	0.0236605765224	-0.0642649345314	0.0239768903662	-0.0599930864038	-0.0769379595569	-0.0237995974988
k__Bacteria;p__Bacteroidetes;c__Bacteroidia;o__Bacteroidales;f__Bacteroidaceae;g__Bacteroides;s__Bacteroides_thetaiotaomicron	0.0204505814837	0.00289042413062	0.00560299211959	0.0220219025392	-0.00463725136216	-0.0368854815509	-0.0056049614544	0.0214916487059	0.0280458949277	-0.0122309681278	1.0	0.00142541100892	0.0381758807892	-0.0135846584625	-0.0117878732471	-0.0802616855841	-0.0780585675315	-0.0654868790515	0.000788324482222	-0.0150524549139	-0.0342108376312	-0.116230813326	-0.0340691745939	-0.00174851067385	0.00460249921241	-0.0109040722771	0.0181516554911	-0.0568558916154	-0.0103215641766	-0.0431205831367	0.0244170962761	0.0574103564161	0.0521498396461	-0.0681027206011	-0.0478330626983	0.06528969934	0.0719171771312	0.0151423893788	0.00959120319249	-0.0553765070838	0.0452413154822	-0.00835970473296	0.0308150565247	-0.0233008055989	-0.0607325856831	0.0185694612664	0.0249450020433	-0.0240275265306	0.00470559126465	-0.020231798802	-0.023235081329	-0.0809267890382	-0.0610410341899	-0.0249943928527	-0.0312960382185	-0.0543693079519	0.0154673568327	-0.0744478056832	0.0230165312625
k__Bacteria;p__Bacteroidetes;c__Bacteroidia;o__Bacteroidales;f__Bacteroidaceae;g__Bacteroides;s__Bacteroides_coprocola	-0.0462208356616	-0.0654103847468	-0.0161664842352	0.0726129975702	-0.0230290115948	-0.014443670292	-0.0757979710435	-0.0491496639295	0.0928882487471	-0.00108812344164	0.00142541100892	1.0	-0.0304125676864	-0.0318000296678	-0.0445473573166	-0.00285194067161	-0.0368216461453	0.00978220099738	-0.0688612740205	-0.0246203444486	0.074100475272	-0.0138494241932	-0.0134979623873	0.00113039844694	0.000132656168847	-0.0353749466265	-0.00181282281627	-0.00971183051824	0.0489016480403	0.0258756798497	-0.0808943237977	-0.00442304894476	-0.00642196205989	0.0132359589465	-0.00398275165008	-0.00616886722468	-0.0362134996618	-0.026974408151	-0.00446932037829	-0.00824465824004	0.0408882494427	0.00248459024103	0.00209022981979	0.0137276697573	-0.0314682073053	-0.0865434951232	-0.0377917694957	-0.0483614384357	-0.0603386637253	-0.0290647072702	-0.00979467329367	0.00956344606399	-0.00765796997623	0.020097159656	-0.0561815127089	0.0355734731066	-0.0318984851346	-0.0225120307156	0.0178688344665
k__Bacteria;p__Bacteroidetes;c__Bacteroidia;o__Bacteroidales;f__Bacteroidaceae;g__Bacteroides;s__Bacteroides_cellulosilyticus	-0.0560379373523	-0.0201139824227	-0.0119500460464	0.0353286487766	-0.10270279937	-0.00628366523682	-0.0204492132214	0.0211815740163	-0.0181108120661	-0.0667511977519	0.0381758807892	-0.0304125676864	1.0	-0.0549699380753	0.0389805607211	0.0360020249828	0.0350026847165	-0.0881688928993	0.0916818254784	0.00683994830372	-0.0191276651944	-0.0533581743145	0.0301262503383	0.00727775307272	-0.0239877720088	0.00490055338772	0.00216644693427	-0.0115662885813	-0.0790197425804	-0.0686252424705	0.0596237353766	0.0324666849578	-0.0408607270547	0.00828510871307	-0.0330685661303	0.0889944897562	-0.0305157620588	0.0339559327101	-0.0636913176325	-0.0240130189339	-0.00749683597935	-0.0443279718364	-0.0290971223091	-0.045513358693	-0.0277358550447	-0.0321778601537	-0.0259380923045	0.0104114704428	0.00391894398196	-0.00456701227061	-0.0222597514699	-0.0513316543826	-0.0145968949195	0.0706424516497	-0.0215871947556	-0.0390015369332	-0.00696264910705	-0.0279504754939	-0.0742718539921
k__Bacteria;p__Bacteroidetes;c__Bacteroidia;o__Bacteroidales;f__Rikenellaceae;g__Alistipes;s__Alistipes_obesi	0.0302785059488	0.0262837144303	0.00748396506679	-0.032676371684	0.034034216753	-0.0737741257626	-0.00544066681724	-0.0825973925821	-0.0152288566426	-0.0118410619768	-0.0135846584625	-0.0318000296678	-0.0549699380753	1.0	0.03355086957	-0.0730919041576	-0.0334215525875	-0.0438410527955	0.0480893549102	-0.0664280489345	0.0142210749401	0.01817114654	0.00942490950988	0.0026983863885	-0.0170199986477	-0.0024504650229	0.00639935626019	0.00261600091167	-0.0137775571263	-0.0673247379815	0.0169651342002	0.0191612433818	0.0412103707336	-0.0169474308927	-0.0271970493586	-0.0550872996282	-0.0491683968941	0.0312840154522	-0.0224013585429	0.0235431343265	-0.0362609262916	-0.0369346291198	-0.0208686703585	-0.0376132368343	-0.0235288868446	-0.018910185799	-0.0574651657332	0.0376001272568	0.0269512324049	-0.0204738161854	0.045979670357	0.0119610441988	0.00331690016607	0.0116503334485	0.0466521290007	-0.0445676823674	0.0602495600724	0.0339983050012	-0.0232602535829
k__Bacteria;p__Firmicutes;c__Clostridia;o__Clostridiales;f__Lachnospiraceae;g__;s__[Eubacterium]_rectale	-0.0410857571969	-0.0312882117932	0.0196739372908	-0.0420520071154	-0.0217506692932	0.0245234447836	-0.0244078046658	0.00514203841999	0.0125319911593	0.0620472452773	-0.0117878732471	-0.0445473573166	0.0389805607211	0.03355086957	1.0	-0.00493270473712	-0.0139885045932	-0.0226686897503	-0.0487776695696	0.0409052866517	-0.0269481853504	0.0154395000031	0.0178330372583	0.0104781989451	-0.0493345433148	-2.50670137166e-05	0.00221114403776	0.0230849686392	0.0315936719838	0.0869390294074	-0.0319678688152	-0.0609174342694	-0.0390481095184	-0.0144250806632	0.00406026004219	-0.0365499108007	0.000668995024393	-0.0746485312278	-0.130629699297	0.0482712845234	-0.0258198605192	-0.00874081484561	0.0422241345686	0.000501222902763	0.00309062758495	-0.0311777765064	-0.00734657210308	-0.0044474384456	-0.0163090690901	-0.0543509497165	-0.0157983823341	-0.0163371698628	-0.0789874438653	-0.00558184790909	-0.00803897904159	0.0343225485462	-0.0528159269513	0.00200079065804	0.00158789131996
k__Bacteria;p__Bacteroidetes;c__Bacteroidia;o__Bacteroidales;f__Bacteroidaceae;g__Bacteroides;s__Bacteroides_plebeius	0.0813985983089	0.00381404539382	-0.0159211225478	-0.0415103772185	0.0434408754952	0.0182200904563	0.0304343361172	-0.0177184497135	0.0264884933688	-0.0419052086876	-0.0802616855841	-0.00285194067161	0.0360020249828	-0.0730919041576	-0.00493270473712	1.0	-0.00278989275793	-0.0369340295397	0.058183968313	-0.0217543804379	-0.013010177515	-0.0213106102074	-0.0538645934351	0.0111493713925	0.00791618964095	-0.0199265577408	0.0159018521318	0.0804712419733	0.0105435145139	-0.106684727377	0.0109235439144	-0.000902837207415	0.0190521848486	-0.0319689743161	0.0051414100518	-0.0692740320721	0.0215418135988	0.0963766353683	-0.053074428046	-0.0278532337783	-0.0564552252063	0.0435060761084	-0.0517978791901	-0.0394029719612	0.0259526698696	0.0399297681647	-0.0614799341157	-0.00156812263226	-0.00365150002002	-0.0480708642619	0.00360057433491	0.0027322085819	0.000508603736987	-0.0502243672642	-0.0434108712077	0.00556391104508	0.0213510737329	-0.0262427616609	-0.0475643664337
k__Bacteria;p__Bacteroidetes;c__Bacteroidia;o__Bacteroidales;f__Bacteroidaceae;g__Bacteroides;s__Bacteroides_fragilis	-0.0762581183025	0.00807782984838	-0.0319832584318	-0.0273432595992	-0.0426852542526	-0.0863192399891	-0.0015934132587	-0.0360429299379	-0.049043805741	0.0241658127164	-0.0780585675315	-0.0368216461453	0.0350026847165	-0.0334215525875	-0.0139885045932	-0.00278989275793	1.0	0.0299129395728	-0.0537698345871	-0.025268104611	-0.0204891111479	-0.026504046212	-0.00305239718325	0.00152984901214	-0.0220284989507	0.000890402314922	-0.0542872737723	-0.0324303786611	-0.0235288592807	-0.0821811653841	0.0210264933656	-0.0170047199374	-0.0481611431359	-0.00574045049376	-0.00296501303734	-0.0258799787604	0.0103541330177	0.00746046872634	-0.0254648369907	0.00190395630245	-0.0234542276697	-0.0119829759209	0.0079240343962	-0.0177580245961	0.0478444167725	0.0717218451548	-0.0751653754173	-0.021105583918	-0.052378730449	-0.0152442938888	0.0270580507108	0.027968428811	-0.0387102015379	0.0132686119708	0.00663229142705	0.00360540908506	-0.000781076055461	-0.0118534973675	-0.0539057598674
k__Bacteria;p__Proteobacteria;c__Betaproteobacteria;o__Burkholderiales;f__Sutterellaceae;g__Sutterella;s__Sutterella_wadsworthensis	-0.0376744034652	-0.029905291717	0.0418029591922	-0.0482016374902	-0.0147525142439	-0.0200260388529	-0.0635272150976	-0.089205720025	0.00169756515964	0.0554591173166	-0.0654868790515	0.00978220099738	-0.0881688928993	-0.0438410527955	-0.0226686897503	-0.0369340295397	0.0299129395728	1.0	0.0190768370883	-0.0324919352919	-0.0033601180942	0.0408883750413	-0.00331223925362	-0.0766577075911	0.0445446731401	-0.0450365953337	0.00900031694562	-0.0112602354321	0.0158808854128	-0.0491591039745	0.0801247968576	-0.00140030138443	-0.0149786582197	0.0548613083279	-0.055715047815	-0.0201918535416	-0.0344028627521	0.0571351229223	-0.0752107833017	0.0487869673993	0.0694424294927	0.0674288098687	-0.0389995028161	-0.0362340575986	-0.00495601038074	-0.0481164709542	-0.052138138601	0.00452342974723	-0.037387903855	-0.032959555282	0.00572489743073	0.0178122488145	-0.00977076233459	0.0319918745161	-0.0335259168659	-3.8655949176e-05	-0.0423790029275	-0.0218624607208	0.00178834765379
k__Bacteria;p__Bacteroidetes;c__Bacteroidia;o__Bacteroidales;f__Porphyromonadaceae;g__Barnesiella;s__Barnesiella_intestinihominis	0.0640510151077	0.0581254862754	0.0382806711836	-0.0226258347359	0.0303996199955	0.00164909305408	-0.113898009217	-0.0316275646771	-0.0351353597394	-0.0074861504448	0.000788324482222	-0.0688612740205	0.0916818254784	0.0480893549102	-0.0487776695696	0.058183968313	-0.0537698345871	0.0190768370883	1.0	-0.00749712325665	-0.088769949783	-0.0548323699658	-0.0459624877222	-0.0422609512507	0.0069641893187	-0.00543157185698	-0.0376669627768	-0.0455097162392	-0.0737584100665	0.0377954733598	-0.0038377900708	-0.0108219823031	0.0402961109611	-0.0404584407465	-0.0019146670362	-0.0207974994943	0.0401350236139	0.0107095535026	-0.0246041597234	-0.0318463562573	0.0193401413127	-0.0873442498869	-0.0182841209397	-0.0851105113477	0.00916916802856	0.012168508258	0.0653256986788	0.0177796243493	-0.0344874860459	-0.110743441703	-0.0647030404384	0.116000163377	0.0422392305403	0.014989802902	-0.0640987849658	-0.0113100842103	0.0029872526187	0.0475934239338	-0.00740039648958
k__Bacteria;p__Bacteroidetes;c__Bacteroidia;o__Bacteroidales;f__Odoribacteraceae;g__Odoribacter;s__Odoribacter_splanchnicus	-0.0559687677823	-0.00791960980219	-0.0165458657887	0.00677272669354	-0.0548297533928	-0.0417433118049	0.0107238802311	-0.0584714490284	0.0270254880912	-0.0136323916691	-0.0150524549139	-0.0246203444486	0.00683994830372	-0.0664280489345	0.0409052866517	-0.0217543804379	-0.025268104611	-0.0324919352919	-0.00749712325665	1.0	0.0147992421336	0.0277556330037	-0.0101852433876	-0.00469049787401	0.0840275926999	-0.0232208572406	-0.047397632465	-0.0196060678528	-0.0145904882179	0.0253750012077	0.0769846576228	0.0283890817339	0.0129384742205	0.0522695619762	-0.0426673118636	-0.0594208882879	0.0298843094818	0.0391350193023	-0.0235094473467	0.076154869509	0.00590972801161	0.0286906910373	-0.000362889079455	0.0493010822402	0.0277643213651	0.0373930517591	0.00866182267768	-0.122248884084	-0.0703055070442	-0.00820620545332	0.0638646674913	-0.0499244890104	-0.00862981173589	-0.0725221431127	-0.0200721201705	0.0239413904488	-0.0256969567089	-0.031694304993	-0.00927398359785
k__Bacteria;p__Bacteroidetes;c__Bacteroidia;o__Bacteroidales;f__Bacteroidaceae;g__Bacteroides;s__Bacteroides_salyersiae	-0.0415225140461	0.0332223920469	-0.135152213477	0.0276036248504	-0.0505523049912	0.0857758932987	0.00134100165062	0.034114321063	0.0267990932851	0.000922135119091	-0.0342108376312	0.074100475272	-0.0191276651944	0.0142210749401	-0.0269481853504	-0.013010177515	-0.0204891111479	-0.0033601180942	-0.088769949783	0.0147992421336	1.0	0.000712531659495	0.00743536439534	0.0209096411682	0.032001489051	0.0314193841607	-0.00580688238994	0.0655556851358	-0.0505615510429	0.0147105888892	-0.0731957239859	-0.0222854735626	-0.0321365106096	-0.0398255855028	-0.0196816835983	-0.0372050649591	0.0700222146822	-0.0551911409289	-0.114108649346	-0.0259063182639	-0.0516465469258	-0.0255501195747	-0.0593929202037	-0.0243639153381	-0.020000888783	-0.0700462171877	-0.0438981188402	-0.0332639781756	-0.00943145314076	-0.0395421667095	0.0518974320321	0.00365298158013	-0.04108437162	-0.0312888310517	0.0292698494089	0.026450389674	-0.00376302679545	0.0192193032522	0.0482558113285
k__Bacteria;p__Firmicutes;c__Clostridia;o__Clostridiales;f__Ruminococcaceae;g__Ruminiclostridium;s__[Eubacterium]_siraeum	-0.130204260124	-0.0149084610461	-0.0756857010199	0.0205134251567	0.0232120582278	0.0195205766921	7.92671613858e-05	-0.0525269123657	0.0424961512509	0.0175262626224	-0.116230813326	-0.0138494241932	-0.0533581743145	0.01817114654	0.0154395000031	-0.0213106102074	-0.026504046212	0.0408883750413	-0.0548323699658	0.0277556330037	0.000712531659495	1.0	0.0313202856228	-0.0680952649998	0.0400131171126	-0.0360732811697	-0.0141079845528	-0.0490735878926	-0.000228061281917	-0.00149427979433	-0.00573731934204	0.0528883318067	0.00237406783971	-0.0330230698958	0.0301912832176	-0.0427531204388	0.00592380571075	-0.0082515519058	0.0189587613711	0.00225958759111	-0.0544330948302	0.00752037415969	-0.0519592611305	-0.0236577144966	-0.015786002807	0.0349124159903	0.0773521477775	-0.00996310041107	0.0572658001883	-0.0384652615898	-0.0398223581001	0.0364995306977	-0.0319226806601	0.0318436272059	0.0199370383683	-0.0110659568165	-0.0380268956386	0.00470460325648	0.0132542204556
k__Bacteria;p__Proteobacteria;c__Betaproteobacteria;o__Burkholderiales;f__Sutterellaceae;g__Parasutterella;s__Parasutterella_excrementihominis	0.0172900154995	0.0504867222956	0.0413290717277	0.0218418445599	-0.0109422338435	0.054296708455	-0.00940834449728	0.0139208740223	0.00712441944716	-0.0554235721388	-0.0340691745939	-0.0134979623873	0.0301262503383	0.00942490950988	0.0178330372583	-0.0538645934351	-0.00305239718325	-0.00331223925362	-0.0459624877222	-0.0101852433876	0.00743536439534	0.0313202856228	1.0	0.0576081165552	-0.0587211612119	0.0315160554521	-0.00264831853392	0.0150448982697	0.0209850063829	0.0192759125862	-0.0822708305121	-0.0116350856991	-0.0162344560389	0.00694869176618	-0.00644349499553	0.00222809402284	0.0457266270056	0.0126834844818	-0.0430578417604	0.00410282679204	0.0220161740799	-0.00396422555598	0.00334258336519	-0.0330068689318	-0.0224618994572	-0.0111437074681	8.51064516354e-05	0.0305488958171	-0.0604217585539	-0.0492906256484	0.0561813821796	-0.0532158143626	-0.0693594460087	-0.0358748520604	-0.0453819991836	-0.00381270913267	0.0921547573582	-0.0450843052736	0.0209132323665
k__Bacteria;p__Actinobacteria;c__Actinobacteria;o__Bifidobacteriales;f__Bifidobacteriaceae;g__Bifidobacterium;s__Bifidobacterium_adolescentis	-0.0518043871647	0.00298346581939	0.0495627250313	-0.0377135300322	0.0172447265778	-0.0308302698591	0.00427651044463	0.00730937285781	-0.012642718192	0.0293986800732	-0.00174851067385	0.00113039844694	0.00727775307272	0.0026983863885	0.0104781989451	0.0111493713925	0.00152984901214	-0.0766577075911	-0.0422609512507	-0.00469049787401	0.0209096411682	-0.0680952649998	0.0576081165552	1.0	0.000456874941248	0.0455990290672	-0.00850627213004	-0.0196703450657	0.0373093160763	0.011335625465	0.0298851117043	-0.0447340024437	-0.0502695820704	-0.00753110653663	-0.0675740813914	-0.0520051762083	0.00359167997283	-0.0398079028273	-0.0438824898059	0.0259974236703	0.00665239394486	0.0165426912604	0.0213303324838	-0.0208961656069	-0.0596916091903	0.0244308778989	-0.00467605358568	-0.0658699514349	0.0435819998771	0.0251179912476	0.0225716723046	-0.0228501974337	0.0476615111289	-0.00631871223347	-0.039322114434	-0.0152789495892	-0.0637852191179	-0.0138948751943	-0.00939148278001
k__Bacteria;p__Firmicutes;c__Clostridia;o__Clostridiales;f__Oscillospiraceae;g__Oscillibacter;s__Oscillibacter_sp._KLE_1745	-0.000275140135739	-0.03716602775	-0.0388115234398	-0.0304000708154	-0.00365192897433	-0.069095259678	-0.00355428247021	-0.0556419763382	-0.0757977053135	-0.0475884822861	0.00460249921241	0.000132656168847	-0.0239877720088	-0.0170199986477	-0.0493345433148	0.00791618964095	-0.0220284989507	0.0445446731401	0.0069641893187	0.0840275926999	0.032001489051	0.0400131171126	-0.0587211612119	0.000456874941248	1.0	-0.0230401774253	0.025783906953	-0.00967597344475	-0.0487138981718	-0.06181951269	0.0164750200824	-0.0195854049689	-0.0430866618907	-0.0321146687031	-0.0303040514467	-0.0632350683132	-0.02453068947	-0.0928250005579	-0.00953177580097	0.000861280520317	0.0224099353466	-0.035380749195	-0.0158887144809	-0.0326051836058	0.02110424262	0.0138815788775	-0.0183743613109	0.00720783458473	-0.0186366952083	-0.00845535725987	-0.0690058617993	0.0579595027791	0.00441227039036	-0.0087055426777	-0.0320002431273	-0.0629095102164	-0.0345181919288	-0.0106593871693	-0.00610485805379
k__Bacteria;p__Bacteroidetes;c__Bacteroidia;o__Bacteroidales;f__Bacteroidaceae;g__Bacteroides;s__Bacteroides_coprophilus	-0.022608469643	0.0183372330634	0.0233679270103	0.0604548365107	-0.033080755934	-0.0145428069287	-0.00370118657236	0.0210399169522	-0.0586362014572	-0.047473144147	-0.0109040722771	-0.0353749466265	0.00490055338772	-0.0024504650229	-2.50670137166e-05	-0.0199265577408	0.000890402314922	-0.0450365953337	-0.00543157185698	-0.0232208572406	0.0314193841607	-0.0360732811697	0.0315160554521	0.0455990290672	-0.0230401774253	1.0	-0.00924134927914	0.0475918792293	-0.043635514455	-0.052265637347	0.024825176832	-0.0669855180822	0.0117441607611	0.0430818718353	0.00579574040521	-0.052746631247	-0.00212306934956	-0.0870964663323	0.00125077299548	-0.0500494165846	-0.00563968361587	-0.018663966845	0.0429911351997	0.00676783798551	-0.0420384354924	-0.0251493551001	0.0171267781031	0.0120190191566	-0.0546293598298	0.0380235751794	-0.0403857608924	0.00094355649373	-0.0628010614152	-0.102315121032	0.0312894669138	0.0319192224374	0.0433872483715	0.0682230015265	-0.0209328385223
k__Bacteria;p__Firmicutes;c__Clostridia;o__Clostridiales;f__Lachnospiraceae;g__Roseburia;s__Roseburia_intestinalis	0.0344852962402	-0.0303334343461	0.0109827247671	-0.0217513141973	-0.0446456889512	-0.0272573238733	-0.130117962987	-0.0241519421803	0.00962614411931	0.0434097339037	0.0181516554911	-0.00181282281627	0.00216644693427	0.00639935626019	0.00221114403776	0.0159018521318	-0.0542872737723	0.00900031694562	-0.0376669627768	-0.047397632465	-0.00580688238994	-0.0141079845528	-0.00264831853392	-0.00850627213004	0.025783906953	-0.00924134927914	1.0	-0.0586051246304	0.0258252138988	0.019437499255	-0.0281664030872	-0.0709119402998	-0.015892707483	0.0411367891913	0.0295828920481	-0.00970331224916	0.0533567957536	-0.0135745866874	-0.0266488127291	-0.0645739521748	0.0166195148687	0.0054222926208	0.00517265845981	0.0010802939351	0.0212920268821	-0.00727141140175	-0.0903417090085	-0.0437460740895	-0.0631970686083	0.0172625651363	0.0521132487266	-0.0642187056166	-0.0407673368887	-0.0203159500801	-0.0241318324218	-0.00888779303143	-0.00882166160114	-0.0627485592897	0.0746943422413
k__Bacteria;p__Firmicutes;c__Clostridia;o__Clostridiales;f__Lachnospiraceae;g__Roseburia;s__Roseburia_hominis	-0.0359535343384	-0.00776448989146	-0.0571251207807	-0.0387821165644	-0.0515839403041	-0.023523994041	0.0959918138474	0.0164707353113	0.0242622301751	-0.0451739273346	-0.0568558916154	-0.00971183051824	-0.0115662885813	0.00261600091167	0.0230849686392	0.0804712419733	-0.0324303786611	-0.0112602354321	-0.0455097162392	-0.0196060678528	0.0655556851358	-0.0490735878926	0.0150448982697	-0.0196703450657	-0.00967597344475	0.0475918792293	-0.0586051246304	1.0	-0.0924787493576	-0.0360660188122	-0.0523030992973	-0.0130246366166	0.0314828814532	-0.0733802109027	-0.0302915390863	-0.0311880735998	-0.0553849883496	0.0551147084659	-0.0343612457344	-0.0195601784112	0.0107987580345	0.0648450942093	0.00583642619421	-0.0596090603265	-0.00167646892593	0.033192423376	-0.0244987839646	0.00101025517368	0.0429942841143	0.00792226827851	-0.0356120298507	-0.0163286242561	-0.0336198074655	-0.00686260089652	0.0411911613325	0.0348433359616	-0.0320502816953	-0.0267735829153	0.0334823800701
k__Bacteria;p__Bacteroidetes;c__Bacteroidia;o__Bacteroidales;f__Porphyromonadaceae;g__Parabacteroides;s__Parabacteroides_johnsonii	0.0820627816859	-0.0934741533248	0.00697578978941	-0.045319333307	0.0443197976919	-0.0229736906398	-0.040399212896	0.010550930271	-0.0439377929368	-0.0077198079143	-0.0103215641766	0.0489016480403	-0.0790197425804	-0.0137775571263	0.0315936719838	0.0105435145139	-0.0235288592807	0.0158808854128	-0.0737584100665	-0.0145904882179	-0.0505615510429	-0.000228061281917	0.0209850063829	0.0373093160763	-0.0487138981718	-0.043635514455	0.0258252138988	-0.0924787493576	1.0	0.0469579067819	-0.0131090817961	-0.00291933900979	0.0191829728109	-0.00757449377953	0.011732962538	-0.0181773463197	-0.00616569806204	-0.0491032685067	0.0778029576288	-0.0321303625389	0.019082914704	0.000321532027432	0.0359560387407	-0.0394215016107	-0.0775881578223	0.0378156269573	-0.085829567619	0.0394752797843	-0.0440005622741	-0.049967213307	0.0148194509565	-0.0248148999207	-0.0487799515123	-0.0318741581688	0.0411335125825	-0.0520212394543	-0.0180404138033	-0.104394985144	-0.0330191972927
k__Bacteria;p__Actinobacteria;c__Actinobacteria;o__Bifidobacteriales;f__Bifidobacteriaceae;g__Bifidobacterium;s__Bifidobacterium_longum	-0.0656673698108	0.05677953998	-0.000996937601734	0.00588092364461	0.0537176962354	-0.02054464779	-0.0145097765877	0.0377404485505	0.0249514890295	-0.00622339861686	-0.0431205831367	0.0258756798497	-0.0686252424705	-0.0673247379815	0.0869390294074	-0.106684727377	-0.0821811653841	-0.0491591039745	0.0377954733598	0.0253750012077	0.0147105888892	-0.00149427979433	0.0192759125862	0.011335625465	-0.06181951269	-0.052265637347	0.019437499255	-0.0360660188122	0.0469579067819	1.0	0.004083285018	-0.0127778325633	0.0156198589538	-0.010537464488	-0.0955740487436	-0.0192424264768	-0.0316680357739	-0.0320976206269	0.0359677842888	-0.0225273072027	-0.0617130921426	-0.0765021663138	-0.0204965048494	-0.0695931729731	-0.0565561704832	-0.0788730200283	0.0178203437307	0.0281561146151	-0.0392537930263	-0.00278895161218	0.0391802895754	0.0179900744958	-0.0373100716311	0.00456736311231	0.0458565755439	-0.0385456623146	-0.0132730228982	-0.0749222652967	-0.0105882790335
