#taxonomy	k__Bacteria;p__Bacteroidetes;c__Bacteroidia;o__Bacteroidales;f__Bacteroidaceae;g__Bacteroides;s__Bacteroides_vulgatus	k__Bacteria;p__Bacteroidetes;c__Bacteroidia;o__Bacteroidales;f__Bacteroidaceae;g__Bacteroides;s__Bacteroides_uniformis	k__Bacteria;p__Bacteroidetes;c__Bacteroidia;o__Bacteroidales;f__Rikenellaceae;g__Alistipes;s__Alistipes_putredinis	k__Bacteria;p__Bacteroidetes;c__Bacteroidia;o__Bacteroidales;f__Prevotellaceae;g__Prevotella;s__Prevotella_copri	k__Bacteria;p__Bacteroidetes;c__Bacteroidia;o__Bacteroidales;f__Bacteroidaceae;g__Bacteroides;s__Bacteroides_stercoris	k__Bacteria;p__Bacteroidetes;c__Bacteroidia;o__Bacteroidales;f__Bacteroidaceae;g__Bacteroides;s__Bacteroides_ovatus	k__Bacteria;p__Bacteroidetes;c__Bacteroidia;o__Bacteroidales;f__Rikenellaceae;g__Alistipes;s__Alistipes_shahii	k__Bacteria;p__Firmicutes;c__Clostridia;o__Clostridiales;f__Ruminococcaceae;g__Faecalibacterium;s__Faecalibacterium_prausnitzii	k__Bacteria;p__Bacteroidetes;c__Bacteroidia;o__Bacteroidales;f__Rikenellaceae;g__Alistipes;s__Alistipes_finegoldii	k__Bacteria;p__Bacteroidetes;c__Bacteroidia;o__Bacteroidales;f__Porphyromonadaceae;g__Parabacteroides;s__Parabacteroides_distasonis	k__Bacteria;p__Bacteroidetes;c__Bacteroidia;o__Bacteroidales;f__Bacteroidaceae;g__Bacteroides;s__Bacteroides_thetaiotaomicron	k__Bacteria;p__Bacteroidetes;c__Bacteroidia;o__Bacteroidales;f__Bacteroidaceae;g__Bacteroides;s__Bacteroides_coprocola	k__Bacteria;p__Bacteroidetes;c__Bacteroidia;o__Bacteroidales;f__Bacteroidaceae;g__Bacteroides;s__Bacteroides_cellulosilyticus	k__Bacteria;p__Bacteroidetes;c__Bacteroidia;o__Bacteroidales;f__Rikenellaceae;g__Alistipes;s__Alistipes_obesi	k__Bacteria;p__Firmicutes;c__Clostridia;o__Clostridiales;f__Lachnospiraceae;g__;s__[Eubacterium]_rectale	k__Bacteria;p__Bacteroidetes;c__Bacteroidia;o__Bacteroidales;f__Bacteroidaceae;g__Bacteroides;s__Bacteroides_plebeius	k__Bacteria;p__Bacteroidetes;c__Bacteroidia;o__Bacteroidales;f__Bacteroidaceae;g__Bacteroides;s__Bacteroides_fragilis	k__Bacteria;p__Proteobacteria;c__Betaproteobacteria;o__Burkholderiales;f__Sutterellaceae;g__Sutterella;s__Sutterella_wadsworthensis	k__Bacteria;p__Bacteroidetes;c__Bacteroidia;o__Bacteroidales;f__Porphyromonadaceae;g__Barnesiella;s__Barnesiella_intestinihominis	k__Bacteria;p__Bacteroidetes;c__Bacteroidia;o__Bacteroidales;f__Odoribacteraceae;g__Odoribacter;s__Odoribacter_splanchnicus	k__Bacteria;p__Bacteroidetes;c__Bacteroidia;o__Bacteroidales;f__Bacteroidaceae;g__Bacteroides;s__Bacteroides_salyersiae	k__Bacteria;p__Firmicutes;c__Clostridia;o__Clostridiales;f__Ruminococcaceae;g__Ruminiclostridium;s__[Eubacterium]_siraeum	k__Bacteria;p__Proteobacteria;c__Betaproteobacteria;o__Burkholderiales;f__Sutterellaceae;g__Parasutterella;s__Parasutterella_excrementihominis	k__Bacteria;p__Actinobacteria;c__Actinobacteria;o__Bifidobacteriales;f__Bifidobacteriaceae;g__Bifidobacterium;s__Bifidobacterium_adolescentis	k__Bacteria;p__Firmicutes;c__Clostridia;o__Clostridiales;f__Oscillospiraceae;g__Oscillibacter;s__Oscillibacter_sp._KLE_1745	k__Bacteria;p__Bacteroidetes;c__Bacteroidia;o__Bacteroidales;f__Bacteroidaceae;g__Bacteroides;s__Bacteroides_coprophilus	k__Bacteria;p__Firmicutes;c__Clostridia;o__Clostridiales;f__Lachnospiraceae;g__Roseburia;s__Roseburia_intestinalis	k__Bacteria;p__Firmicutes;c__Clostridia;o__Clostridiales;f__Lachnospiraceae;g__Roseburia;s__Roseburia_hominis	k__Bacteria;p__Bacteroidetes;c__Bacteroidia;o__Bacteroidales;f__Porphyromonadaceae;g__Parabacteroides;s__Parabacteroides_johnsonii	k__Bacteria;p__Actinobacteria;c__Actinobacteria;o__Bifidobacteriales;f__Bifidobacteriaceae;g__Bifidobacterium;s__Bifidobacterium_longum	k__Bacteria;p__Firmicutes;c__Clostridia;o__Clostridiales;f__;g__Flavonifractor;s__Flavonifractor_plautii	k__Bacteria;p__Firmicutes;c__Clostridia;o__Clostridiales;f__Clostridiaceae;g__Clostridium;s__Clostridium_phoceensis	k__Bacteria;p__Verrucomicrobia;c__Verrucomicrobiae;o__Verrucomicrobiales;f__Akkermansiaceae;g__Akkermansia;s__Akkermansia_muciniphila	k__Bacteria;p__Bacteroidetes;c__Bacteroidia;o__Bacteroidales;f__Prevotellaceae;g__Paraprevotella;s__Paraprevotella_xylaniphila	k__Bacteria;p__Firmicutes;c__Clostridia;o__Clostridiales;f__Ruminococcaceae;g__Ruminococcus;s__Ruminococcus_callidus	k__Bacteria;p__Bacteroidetes;c__Bacteroidia;o__Bacteroidales;f__Rikenellaceae;g__Alistipes;s__Alistipes_senegalensis	k__Bacteria;p__Firmicutes;c__Clostridia;o__Clostridiales;f__Lachnospiraceae;g__Blautia;s__Blautia_sp._KLE_1732	k__Bacteria;p__Bacteroidetes;c__Bacteroidia;o__Bacteroidales;f__Bacteroidaceae;g__Bacteroides;s__Bacteroides_oleiciplenus	k__Bacteria;p__Firmicutes;c__Clostridia;o__Clostridiales;f__Ruminococcaceae;g__Ruminococcus;s__Ruminococcus_bicirculans	k__Bacteria;p__Bacteroidetes;c__Bacteroidia;o__Bacteroidales;f__Bacteroidaceae;g__Bacteroides;s__Bacteroides_fluxus	k__Bacteria;p__Bacteroidetes;c__Bacteroidia;o__Bacteroidales;f__Prevotellaceae;g__Prevotella;s__Prevotella_stercorea	k__Bacteria;p__Firmicutes;c__Clostridia;o__Clostridiales;f__Lachnospiraceae;g__Dorea;s__Dorea_longicatena	k__Bacteria;p__Firmicutes;c__Clostridia;o__Clostridiales;f__Eubacteriaceae;g__Eubacterium;s__[Eubacterium]_eligens	k__Bacteria;p__Firmicutes;c__Clostridia;o__Clostridiales;f__Ruminococcaceae;g__;s__Ruminococcaceae_bacterium_D16	k__Bacteria;p__Firmicutes;c__Clostridia;o__Clostridiales;f__Lachnospiraceae;g__Coprococcus;s__Coprococcus_comes	k__Bacteria;p__Proteobacteria;c__Gammaproteobacteria;o__Enterobacterales;f__Enterobacteriaceae;g__Escherichia;s__Escherichia_coli	k__Bacteria;p__Firmicutes;c__Clostridia;o__Clostridiales;f__Ruminococcaceae;g__Anaerotruncus;s__Anaerotruncus_colihominis	k__Bacteria;p__Firmicutes;c__Clostridia;o__Clostridiales;f__Lachnospiraceae;g__Blautia;s__Blautia_obeum	k__Bacteria;p__Bacteroidetes;c__Bacteroidia;o__Bacteroidales;f__Odoribacteraceae;g__Odoribacter;s__Odoribacter_laneus	k__Bacteria;p__Firmicutes;c__Clostridia;o__Clostridiales;f__Ruminococcaceae;g__Ruminiclostridium;s__[Clostridium]_leptum	k__Bacteria;p__Bacteroidetes;c__Bacteroidia;o__Bacteroidales;f__Porphyromonadaceae;g__Parabacteroides;s__Parabacteroides_goldsteinii	k__Bacteria;p__Firmicutes;c__Clostridia;o__Clostridiales;f__Lachnospiraceae;g__Anaerostipes;s__Anaerostipes_hadrus	k__Bacteria;p__Firmicutes;c__Clostridia;o__Clostridiales;f__Ruminococcaceae;g__Ruminococcus;s__Ruminococcus_lactaris	k__Bacteria;p__Firmicutes;c__Clostridia;o__Clostridiales;f__Clostridiaceae;g__Clostridium;s__Clostridium_sp._L2-50	k__Bacteria;p__Firmicutes;c__Clostridia;o__Clostridiales;f__Clostridiaceae;g__Clostridium;s__Clostridium_sp._M62/1	k__Bacteria;p__Firmicutes;c__Clostridia;o__Clostridiales;f__;g__Intestinimonas;s__Intestinimonas_butyriciproducens	k__Bacteria;p__Actinobacteria;c__Actinobacteria;o__Bifidobacteriales;f__Bifidobacteriaceae;g__Bifidobacterium;s__Bifidobacterium_bifidum	k__Bacteria;p__Firmicutes;c__Negativicutes;o__Veillonellales;f__Veillonellaceae;g__Dialister;s__Dialister_invisus	k__Bacteria;p__Bacteroidetes;c__Bacteroidia;o__Bacteroidales;f__Bacteroidaceae;g__Bacteroides;s__Bacteroides_salanitronis
k__Bacteria;p__Bacteroidetes;c__Bacteroidia;o__Bacteroidales;f__Bacteroidaceae;g__Bacteroides;s__Bacteroides_vulgatus	1.0	-0.0113091165928	0.00962671620433	0.00865070185967	0.0747027790602	-0.0181356841407	0.0311972668857	-0.036324073878	0.000664109723832	-0.0399544072776	-0.050933802713	-0.0665215480084	-0.0286684574993	-0.0373381859351	0.0349659475216	-0.0066416820968	0.0238934050052	-0.0844710717402	-0.0513290136951	0.00255327508839	-0.0271652291306	0.0297276990935	0.0417090467269	-0.0674193659553	-0.014698140974	-0.00188745538781	0.0423050844592	0.0519943886535	0.0229911937863	-0.0496129279025	0.014014427287	-0.0212303194616	0.0139069032456	-0.0205549183043	0.0189406491801	-0.0344385964873	0.00766377608102	-0.032580767034	-0.0215168399399	0.0349999054276	-0.0637586426853	0.0471777881281	-0.0186562446934	-0.0121466645466	-0.0270772031135	-0.0183585907901	-0.0198595878541	-0.0183742745376	0.013134178826	-0.0458178285731	-0.00617161610738	-0.00425418137186	0.0455488472753	0.0296685259853	-0.0516440247544	-0.039898876106	-0.0396042152449	-0.0722438600798	0.0110278384657
k__Bacteria;p__Bacteroidetes;c__Bacteroidia;o__Bacteroidales;f__Bacteroidaceae;g__Bacteroides;s__Bacteroides_uniformis	-0.0113091165928	1.0	-0.0969844213616	-0.0039475570665	-0.0220469048965	-0.0355695757843	-0.0325745186399	0.00113298761751	-0.0307417091439	-0.0343620358262	-0.0234727830312	-0.0222223098553	-0.00555349030078	-0.0164010703582	-0.0544425300076	-0.0281209721174	0.0713962098375	0.0204385271203	0.00233433791422	-0.034244288692	-0.0164392382533	-0.0103061476073	-0.00360132591169	-0.0218225684367	-0.00944016171417	0.00276596494404	0.0197273432553	-0.0119606755518	0.063758861758	-0.0115082076022	0.0471815006011	-0.0629300236542	0.0266328322523	-0.00643018103377	-0.0468932593067	-0.0797547433489	-0.00145656417635	0.0261803848199	-0.050055207956	-0.0369226392673	0.0138979844357	0.0123704356138	-0.0222573093968	0.00672929258168	0.0287920081244	0.0123113969493	0.0192760816034	0.05066578054	0.00726896745105	-0.055730172722	-0.029879493906	-0.0122227456547	0.0110622108381	0.0275533142681	0.0181247855101	0.027693442316	0.0358505289031	0.0763659706302	0.0059568649193
k__Bacteria;p__Bacteroidetes;c__Bacteroidia;o__Bacteroidales;f__Rikenellaceae;g__Alistipes;s__Alistipes_putredinis	0.00962671620433	-0.0969844213616	1.0	-0.020862306852	0.0463794515645	0.00644578917866	-0.0345269482235	0.0273363696989	0.110278150048	-0.0129424674579	-0.0255583172562	0.0146509347463	-0.0467510865154	0.0244826983594	0.0120636957867	0.00161272736922	-0.00526585348904	0.00975947875225	0.0642190902639	-0.0336657662489	0.0024587771869	-0.0220946420418	0.0268520865886	0.0452342961133	-0.0481000179201	-0.036234501464	-0.038338367254	-0.0234518069253	-0.080172848539	-0.0521991417797	-0.00401127256328	-0.00868686682416	0.0249598653582	0.0243726491591	-0.00510292958943	-0.0666428659435	-0.0465507999713	-0.0471710395256	-0.00151864611746	-0.0470162013817	-0.0296945871133	0.0640726074135	-0.0319474853323	-0.0216568525542	0.0102843877188	-0.0690620140662	-0.0105683905231	-0.0179819115351	-0.00983385024256	0.00406789874754	-0.0545939821975	-0.0337070270915	0.00693005262407	-0.0214127314833	-0.0516556119717	0.00599273060109	-0.0448951229997	0.0873526763448	0.0413652932235
k__Bacteria;p__Bacteroidetes;c__Bacteroidia;o__Bacteroidales;f__Prevotellaceae;g__Prevotella;s__Prevotella_copri	0.00865070185967	-0.0039475570665	-0.020862306852	1.0	-0.000554100956873	-0.010959214332	-0.0132621803798	-0.0293649315979	-0.0275029247359	-0.00499013105092	0.0020557954655	0.0413430958812	0.0303645727326	-0.00851615023649	-0.0291558854642	-0.053547073811	-0.0730472716167	-0.0577734997569	-0.0446859468295	-0.0128384496697	0.0670167033444	-0.0404002631816	0.0282546427428	0.062284964728	0.0324835830704	-0.0232057278479	-0.0580078839762	-0.0808304164315	-0.0516567692262	0.0329370665287	-0.0604258905098	-0.00405392540142	-0.0167112004515	-0.0594096728829	-0.0642150312667	0.0146706677953	-0.00600188437795	0.0374595124311	0.0064618310436	-0.0450936056032	-0.0065135234551	0.0252157594234	0.0384849697227	0.000835034795462	-0.00974994616875	-0.00725363648024	0.0997922341505	0.0126871707503	-0.00848366546685	0.0100494076588	-0.0222230316345	0.00511479272256	0.0246918330201	-0.0267572891544	0.00122886420951	-0.00473751217568	0.0627451718491	-0.0552370761961	-0.00537895313919
k__Bacteria;p__Bacteroidetes;c__Bacteroidia;o__Bacteroidales;f__Bacteroidaceae;g__Bacteroides;s__Bacteroides_stercoris	0.0747027790602	-0.0220469048965	0.0463794515645	-0.000554100956873	1.0	-0.0245864705847	-0.0769641862626	-0.0326045429212	-0.0113060634609	-0.0112885912062	0.00365648046614	-0.0970956821587	-0.0266787279226	0.0200042800201	0.04895685929	-0.0245644156008	-0.0541223558021	-0.0217738062117	0.00905299020863	0.0412488761337	-0.0302892026582	-0.0500122136022	-0.00986357142831	0.0443494283071	0.00166679236408	0.0178274864977	-0.0111083021018	-0.0598133091692	-0.0314409418787	0.0543215164544	0.0150227933169	-0.0403442060053	0.0336706967763	0.00667375066758	-0.0678955257601	-0.043232267076	-0.00533939785004	-0.0152643599178	0.0264348909651	0.0155054315883	0.0176330044904	-0.047264575625	0.0267973845565	0.0201734547984	-0.0276144257009	0.0320595036417	0.00248774892084	0.00600992012275	-0.058186320857	0.0239289891331	-0.000250362711923	-0.0322035649129	0.00964649920785	0.0416289781831	0.0329349824444	-0.00658581798026	-0.0420720791964	-0.0324106823362	-0.0415395027887
k__Bacteria;p__Bacteroidetes;c__Bacteroidia;o__Bacteroidales;f__Bacteroidaceae;g__Bacteroides;s__Bacteroides_ovatus	-0.0181356841407	-0.0355695757843	0.00644578917866	-0.010959214332	-0.0245864705847	1.0	0.100504021408	-0.0574189956641	-0.00366994236121	0.0596723020144	-0.0654636404471	0.0114636977703	-0.0292890464821	0.0176316816812	-0.0127782863406	-0.0526294346683	0.0346666961768	-0.0144288996022	-0.0456904939787	-0.0469403728811	-0.0256264103894	-0.0262371596291	-0.0126964371803	0.0368976691642	-0.000512396956093	0.0316607449961	-0.000822351365086	-0.0071298465371	-0.0153735222518	-0.0357353600727	-0.00655595331393	0.00193344230144	-0.0415543352533	-0.0196926913115	-0.0329214685669	-0.0858486698656	-0.0460957729466	-0.0557549999893	0.0808585343808	0.000199654109224	-0.00583893993848	0.0045158985391	-0.00793522500731	0.0065185113206	0.0284799024106	0.0526715567165	0.0517261669196	-0.0621004421257	0.0672444284757	-0.0808177881784	-0.0954039238628	0.0167818191471	-0.000425096096714	-0.0612991537944	0.00911629783362	0.0224734158263	-0.00331352694071	0.053061126806	0.0203493846328
k__Bacteria;p__Bacteroidetes;c__Bacteroidia;o__Bacteroidales;f__Rikenellaceae;g__Alistipes;s__Alistipes_shahii	0.0311972668857	-0.0325745186399	-0.0345269482235	-0.0132621803798	-0.0769641862626	0.100504021408	1.0	0.00459029937245	-0.0595256611276	-0.0228711021611	0.0533449167929	-0.0672983492634	0.0390997350447	0.0133938981723	-0.0617903770374	-0.0200489546761	-0.0155214977168	0.0321242845906	-0.00460745108016	0.0176960521215	0.00593729624011	0.0320515933592	-0.0545810530877	-0.0180104835605	0.00998338060221	0.00191907763274	0.0176689235895	-0.0282514262305	0.0118912923517	0.0309032695893	-0.0301246588142	-0.0331092617385	-0.00771085594949	-0.0397366055306	0.0150972698569	-0.0698811420932	-0.039376754881	0.0181618562153	-0.0373952372944	0.0406010514134	0.0560960712552	0.0183736536938	-0.0497609934969	-0.0116942582798	-0.000455033654053	0.0434986127084	-0.0670703260084	-0.0377360253682	0.00690069213098	-0.0455038566484	-0.00265840980017	-0.0364602804474	-0.0652990722521	0.0523698066396	-0.0530458364017	0.00859032760174	0.0181109219383	-0.0560373382413	0.014942603066
k__Bacteria;p__Firmicutes;c__Clostridia;o__Clostridiales;f__Ruminococcaceae;g__Faecalibacterium;s__Faecalibacterium_prausnitzii	-0.036324073878	0.00113298761751	0.0273363696989	-0.0293649315979	-0.0326045429212	-0.0574189956641	0.00459029937245	1.0	0.0670289546019	-0.0535024024561	-0.0147147295522	-0.0170961804166	0.0368628368409	0.0374788718709	0.0454619341444	-0.00134235692731	0.0375443471338	-0.0183794907863	-0.0221465077674	0.0584526494831	-0.0720399461439	0.00292829782406	-0.0118764692987	-0.00414634365587	0.0100996185248	-0.0542085889789	0.00613935278527	0.02383716262	-0.0249024860126	-0.0373470398527	-0.0292148679993	0.0688897063573	-0.0652786597925	0.0444219781434	-0.043622419181	0.0370537915794	0.0528437759344	-0.0622185818674	0.0242023622936	-0.00851802661915	-0.0470034375741	-0.00814938838548	-0.107224925912	0.0213607772508	0.019814177977	-0.0157638922904	0.00890677606176	-0.0307499750015	0.0586023075039	-0.0182698648597	0.0330587180432	-0.0463417349125	0.0450910496096	-0.0706290036929	-0.0209329397002	-0.0248475762011	-0.0435045280502	0.0166094037092	-0.0276747349081
k__Bacteria;p__Bacteroidetes;c__Bacteroidia;o__Bacteroidales;f__Rikenellaceae;g__Alistipes;s__Alistipes_finegoldii	0.000664109723832	-0.0307417091439	0.110278150048	-0.0275029247359	-0.0113060634609	-0.00366994236121	-0.0595256611276	0.0670289546019	1.0	0.0396773467091	-0.0190149816089	-0.0209685640788	-0.0172703974076	0.0173393415868	0.0127352526726	-0.0173135173575	0.05406276772	-0.0755100276893	0.0138269374645	-0.00188444385769	0.0267506904985	-0.056161663681	-0.00796560922696	-0.0557772767184	-0.0688347086723	-0.00934337157422	0.009260923469	0.00914312836996	0.0233662283791	-0.0477969682183	-0.0321825422269	-0.0251323970167	-0.00372855156336	0.0285760153716	0.102377123112	-0.0531547032085	-0.0347266370149	0.0146520908782	-0.118784452278	0.0151361785535	-0.0414295222128	-0.0512229191175	0.0412827370328	-0.00975864404802	0.0471118967775	-0.0273126873416	0.0584029348737	0.0157006386861	0.0455808074688	0.0355660393393	-0.00541828631845	-0.0581486168484	-0.0829473233243	-0.0230458837415	-0.0665575153423	-0.0537616260417	-0.0662972712257	0.064672202308	0.0135971163864
k__Bacteria;p__Bacteroidetes;c__Bacteroidia;o__Bacteroidales;f__Porphyromonadaceae;g__Parabacteroides;s__Parabacteroides_distasonis	-0.0399544072776	-0.0343620358262	-0.0129424674579	-0.00499013105092	-0.0112885912062	0.0596723020144	-0.0228711021611	-0.0535024024561	0.0396773467091	1.0	0.0143017366772	0.0244500367933	-0.0857970327373	-0.0874360522972	-0.0478178591199	0.0267032801517	-0.00200532382224	0.0381020254945	-0.0499669738386	-0.045314944605	0.0362962915472	-0.00942786322355	-0.0575944117492	-0.0250593426265	-0.00759950217459	0.0562182803439	-0.0110722585697	-0.0811766621225	-0.0409495196425	-0.00769516029211	0.000872246748849	0.0373407805374	0.0303582210519	-0.0215331511534	-0.0156814356781	-0.0480575715409	0.0461457940104	0.0221804911091	-0.00865188991031	-0.00751433771567	-0.0487331575432	-0.00938964274446	-0.0598027163176	0.0192116871359	0.0114192852862	-0.0100594221825	0.047683160631	0.0205786177139	-0.0249783515413	0.0496104058179	-0.104027049364	0.0562241525673	-0.0218217013473	-0.0287769597776	-0.0331217271269	0.0267443884987	0.00411083620735	0.0287070122982	-0.0249654900922
k__Bacteria;p__Bacteroidetes;c__Bacteroidia;o__Bacteroidales;f__Bacteroidaceae;g__Bacteroides;s__Bacteroides_thetaiotaomicron	-0.050933802713	-0.0234727830312	-0.0255583172562	0.0020557954655	0.00365648046614	-0.0654636404471	0.0533449167929	-0.0147147295522	-0.0190149816089	0.0143017366772	1.0	-0.0185670065413	-0.0582557034969	-0.00559900947482	0.00798425648591	-0.0451617240618	-0.0638993859058	-0.00564217400593	-0.00831966327983	-0.0777458578575	0.0193307319862	0.0206024080256	0.0215473508475	0.0311691161282	-0.0592732059138	0.0732515706355	-0.0387176257819	-0.102333902715	0.0413856407667	0.0156758398235	-0.0180758597907	-0.0656978242928	-0.060140325286	0.0338087552524	-0.045616553062	0.0401007844432	-0.0324631203872	0.00654999807154	-0.010315698154	-0.065513983247	0.0396329923664	-0.0142105493195	0.00697736679777	-0.0693345920123	-0.011415264757	-0.0193797888783	0.0390363827967	-0.0355315126645	-0.0406777232365	0.0403848359035	-0.0231422961884	0.0019007272896	-0.0296856707674	0.0358089501193	0.0507699757437	-0.033794820137	-0.0231984812997	0.0642275779089	-0.0151506966733
k__Bacteria;p__Bacteroidetes;c__Bacteroidia;o__Bacteroidales;f__Bacteroidaceae;g__Bacteroides;s__Bacteroides_coprocola	-0.0665215480084	-0.0222223098553	0.0146509347463	0.0413430958812	-0.0970956821587	0.0114636977703	-0.0672983492634	-0.0170961804166	-0.0209685640788	0.0244500367933	-0.0185670065413	1.0	-0.0200010070594	-0.03587297177	0.0292667064065	-0.00526156285426	-0.0275258517078	0.0580791305504	-0.0428505942265	-0.0592869267105	-0.0417390921897	-0.0439000798614	-0.0458499500622	-0.0117869764364	-0.0132132380527	0.0344525394962	-0.0198923829432	-0.00283563605514	-0.0336879433405	-0.0256955358868	0.0755224123848	0.00865674892716	-0.01746322355	-0.00631848757005	-0.0387797394546	-0.0232894800102	-0.0279853099083	-0.0604694168016	0.00270118667407	0.0253242853352	-0.112667870598	-0.0166576363699	-0.00820496777841	0.0626782019564	0.0252403977425	0.00201911715327	-0.0401686969492	-0.0184159665124	0.0505645737575	-0.0040959834433	-0.0298572696051	-0.00242724563513	-0.011489150243	0.0125452430137	0.059135387597	0.00725449295122	-0.0065514994966	-0.0108070731946	-0.0226505417043
k__Bacteria;p__Bacteroidetes;c__Bacteroidia;o__Bacteroidales;f__Bacteroidaceae;g__Bacteroides;s__Bacteroides_cellulosilyticus	-0.0286684574993	-0.00555349030078	-0.0467510865154	0.0303645727326	-0.0266787279226	-0.0292890464821	0.0390997350447	0.0368628368409	-0.0172703974076	-0.0857970327373	-0.0582557034969	-0.0200010070594	1.0	-5.61710896509e-05	-0.0348518400673	0.0105198183416	0.0189997991167	-0.0345450185053	0.0246409902282	-0.00598458623149	0.00525674708266	-0.0391439442841	-0.0260133161475	0.0128964308997	-0.00246898910271	-0.00288049797752	-0.0293379011278	-0.00619867330989	-0.0257556457851	-0.0375591267523	-0.0127597076487	-0.101546848715	-0.00753546877815	-0.0658070585887	0.0226214638089	-0.00917403261118	0.00405046613017	-0.0401785182355	0.0116358319214	0.0341161622404	0.0647559658706	-0.00935364739281	-0.0473563892484	0.0538956885055	-0.000385607971614	-0.0125710933067	-0.0015471621391	-0.0497155702371	0.0168449339106	-0.0298948650674	0.00322644065382	-0.0220879306572	-0.00229347923428	-0.0139182916552	0.00171992854442	-0.0598952606224	-0.0209972691847	-0.0185190794834	0.0468279660377
k__Bacteria;p__Bacteroidetes;c__Bacteroidia;o__Bacteroidales;f__Rikenellaceae;g__Alistipes;s__Alistipes_obesi	-0.0373381859351	-0.0164010703582	0.0244826983594	-0.00851615023649	0.0200042800201	0.0176316816812	0.0133938981723	0.0374788718709	0.0173393415868	-0.0874360522972	-0.00559900947482	-0.03587297177	-5.61710896509e-05	1.0	0.0564329375571	-0.0525316997212	0.034347929352	-0.0485195584268	0.0143200685751	-0.0104177999813	0.00620037319012	-0.0049738204426	-0.0124575638628	-0.06401664847	-0.00392732990814	0.00349903355122	0.0542259787845	-0.123975460058	-0.062575152118	-0.0457310712389	-0.0202927821428	0.00042813486244	-0.0375971983052	0.052014911899	-0.0436792484479	0.0160847328487	-0.00205924056186	-0.0227445918115	-0.0102555864847	0.0143490746131	-0.0700598585437	0.0279950257142	-0.0585936039311	-0.0218531029917	0.0281127056844	-0.0634713681876	-0.0303492945506	0.0839554764296	0.0064534108343	0.0163865407255	-0.0268690564818	-0.0117303392812	-0.0633182244984	0.0532337089565	-0.0508160323466	0.00376541243223	0.000414392939827	-0.086241184386	-0.00220365343416
k__Bacteria;p__Firmicutes;c__Clostridia;o__Clostridiales;f__Lachnospiraceae;g__;s__[Eubacterium]_rectale	0.0349659475216	-0.0544425300076	0.0120636957867	-0.0291558854642	0.04895685929	-0.0127782863406	-0.0617903770374	0.0454619341444	0.0127352526726	-0.0478178591199	0.00798425648591	0.0292667064065	-0.0348518400673	0.0564329375571	1.0	0.0705808641126	-0.0533773519543	0.0118122312684	-0.0283744594785	-0.0146225839737	-0.00381138122194	-0.0515574434984	0.0114940067542	0.00931689518396	-0.0569165302307	0.00155846723786	0.000300881096325	0.00306724566175	0.0402130222369	0.0266587296788	-0.0482100023502	0.0570211987286	0.029599406714	-0.0987255103031	0.017781716873	-0.0460210816249	0.0607685463621	-0.0279083237004	-0.0341660422659	0.0234720212319	-0.0682989124139	-0.0391037131599	-0.00718726381885	-0.0351579596909	-0.0245027590283	0.027092766732	0.0319460111117	-0.0175860651716	0.0117251141712	-0.0323202250381	-0.0437991312641	-0.0306439124446	-0.034398272749	-0.016040616493	-0.0174197714576	-0.0362113995456	-0.00956992110673	-0.0311756937374	-0.0914253844631
k__Bacteria;p__Bacteroidetes;c__Bacteroidia;o__Bacteroidales;f__Bacteroidaceae;g__Bacteroides;s__Bacteroides_plebeius	-0.0066416820968	-0.0281209721174	0.00161272736922	-0.053547073811	-0.0245644156008	-0.0526294346683	-0.0200489546761	-0.00134235692731	-0.0173135173575	0.0267032801517	-0.0451617240618	-0.00526156285426	0.0105198183416	-0.0525316997212	0.0705808641126	1.0	-0.0209560672147	0.0295798621687	-0.0242750447498	-0.0280304608827	0.023109595644	-0.0163480212808	-0.015671708585	-0.0224425358305	-0.008210494571	-0.00768961920568	0.0077623582342	-0.0125955163342	-0.0139346274669	0.00679582757545	0.0212488516897	-0.0175800403156	-0.00249885307751	0.00560746758616	-0.0368135026001	0.0855000565159	0.00495074080804	0.0251853688452	0.0133465075247	-0.00449190675129	-0.027953087698	0.00257399435669	-0.0146470530298	-0.00289480364862	-0.0537835723404	-0.0416750694631	0.0129317176282	-0.0104731878266	-0.0127925458599	-0.0278264277665	-0.0225087736986	0.0843457188945	-0.0444123133741	-0.0401195200607	-0.0578521907426	0.0135599558279	0.0112025377531	-0.0369783703218	0.0259850302448
k__Bacteria;p__Bacteroidetes;c__Bacteroidia;o__Bacteroidales;f__Bacteroidaceae;g__Bacteroides;s__Bacteroides_fragilis	0.0238934050052	0.0713962098375	-0.00526585348904	-0.0730472716167	-0.0541223558021	0.0346666961768	-0.0155214977168	0.0375443471338	0.05406276772	-0.00200532382224	-0.0638993859058	-0.0275258517078	0.0189997991167	0.034347929352	-0.0533773519543	-0.0209560672147	1.0	0.029109172561	0.00676044990394	-0.0328740019192	-0.0118416610121	-0.0168901608641	0.0330784626877	-0.0272571382267	0.00479518483938	-0.0195528305921	0.0169722727467	0.0349954123688	-0.094782114957	0.0457668638125	-0.0402107075871	-0.00281712557022	-0.00894340954568	-0.0295996092155	-0.0608017187617	-0.0497348887388	-0.0329544999438	-0.0186052521388	-0.00209531933103	-0.0494809524012	0.0059748817097	0.0224732345503	-0.0174073212738	-0.0235567254607	0.0420038466218	0.0277123038473	0.0698876308385	-0.00780419553259	0.049398828554	0.0384202554883	-0.0494066282958	-0.0482252457011	0.0249459368863	-0.00672610981045	0.0188028606059	-0.0055512201874	-0.0381293983444	-0.00968216388422	0.0219535883585
k__Bacteria;p__Proteobacteria;c__Betaproteobacteria;o__Burkholderiales;f__Sutterellaceae;g__Sutterella;s__Sutterella_wadsworthensis	-0.0844710717402	0.0204385271203	0.00975947875225	-0.0577734997569	-0.0217738062117	-0.0144288996022	0.0321242845906	-0.0183794907863	-0.0755100276893	0.0381020254945	-0.00564217400593	0.0580791305504	-0.0345450185053	-0.0485195584268	0.0118122312684	0.0295798621687	0.029109172561	1.0	0.0127188164757	-0.00343677472497	0.00492146475376	-0.000726506338171	-0.028562082217	-0.0942071499421	0.0180781897566	-0.0277030872899	-0.0564270970968	-0.00985023773898	-0.00839504161399	0.045991157951	-0.0476323989932	0.0114994675234	-0.0322808782531	0.0428765733003	0.0101886530883	-0.0353930263655	-0.0303555748849	0.00284776871421	-0.00520722121635	0.0275461071243	0.0228243956814	0.0565962375693	0.0025208635519	-0.0492843825763	-0.03464079026	-0.01515696487	0.00019399619008	-0.0285861817915	-0.0468137916169	-0.0215134721849	-0.000151966261646	0.0138477817454	0.0107690844308	0.0135799505234	-0.0364989339865	0.0138430221764	-0.0182840412945	-0.014057078956	-0.00997947451854
k__Bacteria;p__Bacteroidetes;c__Bacteroidia;o__Bacteroidales;f__Porphyromonadaceae;g__Barnesiella;s__Barnesiella_intestinihominis	-0.0513290136951	0.00233433791422	0.0642190902639	-0.0446859468295	0.00905299020863	-0.0456904939787	-0.00460745108016	-0.0221465077674	0.0138269374645	-0.0499669738386	-0.00831966327983	-0.0428505942265	0.0246409902282	0.0143200685751	-0.0283744594785	-0.0242750447498	0.00676044990394	0.0127188164757	1.0	-0.0356376968821	0.0934011118679	0.0198773540832	-0.0185316811181	0.0217617028934	-0.0627002576312	-0.0587986461942	-0.041876688371	0.0113109023069	0.027315400297	-0.0130728959681	-0.0162193666544	-0.004227214409	-0.00418685542979	-0.0703446091157	0.0597380080816	-0.0634430806679	0.00778519619995	0.00116605059787	0.0215652607254	0.00149274512581	-0.0380539531353	-0.0324200558212	-0.0308573779589	-0.0659886091152	-0.0987441804243	-0.0899149350531	-0.0543738672887	0.0194445408256	-0.0269934363894	0.00237080639579	-0.0165078105613	-0.0485961881461	0.00383882192277	-0.0046821846481	0.00743582093224	-0.0320143799473	-0.00272241066847	0.0595048459872	0.0319031000605
k__Bacteria;p__Bacteroidetes;c__Bacteroidia;o__Bacteroidales;f__Odoribacteraceae;g__Odoribacter;s__Odoribacter_splanchnicus	0.00255327508839	-0.034244288692	-0.0336657662489	-0.0128384496697	0.0412488761337	-0.0469403728811	0.0176960521215	0.0584526494831	-0.00188444385769	-0.045314944605	-0.0777458578575	-0.0592869267105	-0.00598458623149	-0.0104177999813	-0.0146225839737	-0.0280304608827	-0.0328740019192	-0.00343677472497	-0.0356376968821	1.0	-0.0642309884787	0.0294186242025	0.0337457115089	-0.0272453688547	0.00616703422666	-0.0301016664187	0.101306651034	0.0191679506114	-0.0210677607156	0.0420543919399	0.0216965706041	-0.0776836156946	-0.0312481370281	-0.0249598506132	-0.0881922481411	-0.0222294718318	-0.00417692265678	0.0089712576004	-0.0153651115276	0.0250131922807	0.0420423745988	0.0204415196286	-0.0839660148899	-0.0120320919472	-0.000374696834993	0.0259650858263	-0.00537248839263	-0.0334753310208	0.0172485372064	-0.0166359951535	0.00689849744147	0.0231265636839	0.016057824142	-0.0278097177089	0.00940840869585	-0.00526048258073	-0.0415909147459	-0.051849590897	-0.084561082224
k__Bacteria;p__Bacteroidetes;c__Bacteroidia;o__Bacteroidales;f__Bacteroidaceae;g__Bacteroides;s__Bacteroides_salyersiae	-0.0271652291306	-0.0164392382533	0.0024587771869	0.0670167033444	-0.0302892026582	-0.0256264103894	0.00593729624011	-0.0720399461439	0.0267506904985	0.0362962915472	0.0193307319862	-0.0417390921897	0.00525674708266	0.00620037319012	-0.00381138122194	0.023109595644	-0.0118416610121	0.00492146475376	0.0934011118679	-0.0642309884787	1.0	-0.0114550914375	-0.0319494129383	-0.0128705304648	-0.0116126509898	0.0217561217371	-0.0588402080408	0.0591028306345	0.0353853486498	-0.0290518532506	-0.0799750648706	0.0529206451527	0.00139617043205	0.0298749749058	-0.0607961378548	0.00757404538496	-0.0254513859859	0.017237867315	-0.0372983159974	-0.0350181156788	-0.083564381019	-0.011680515035	0.0594102136583	-0.0445439273642	-0.00436604572851	-0.0547993515806	0.0465481360257	-0.0796505260319	0.0405750835058	0.0408959939811	-0.0320384880366	-0.0128999260851	-0.0323754924032	-0.0429089988304	-0.0237684051877	-0.0399643442238	-0.0408413829157	0.0155601886441	-0.0098862757893
k__Bacteria;p__Firmicutes;c__Clostridia;o__Clostridiales;f__Ruminococcaceae;g__Ruminiclostridium;s__[Eubacterium]_siraeum	0.0297276990935	-0.0103061476073	-0.0220946420418	-0.0404002631816	-0.0500122136022	-0.0262371596291	0.0320515933592	0.00292829782406	-0.056161663681	-0.00942786322355	0.0206024080256	-0.0439000798614	-0.0391439442841	-0.0049738204426	-0.0515574434984	-0.0163480212808	-0.0168901608641	-0.000726506338171	0.0198773540832	0.0294186242025	-0.0114550914375	1.0	-0.00451886444492	0.0507030653709	-0.0203184878149	-0.00744066823204	0.020464200497	0.0125670486722	-0.0238094171103	-0.00446739558464	0.0607116655284	-0.00207775150462	-0.00711980484543	-0.0105322447625	-0.00885864579795	0.0351943793417	0.0276269317243	-0.0877159682443	0.0327301098254	0.00781469556618	0.0376591595421	-0.0305297188617	-0.0777272021451	-0.029968779526	-0.0313773165277	0.0115928239014	-0.0196101233619	0.0260150238401	-0.0283082411246	-0.0202446534867	-0.00938299493139	-0.017644033145	0.0284654046438	-0.0130876729606	-0.0961858891027	-0.0164416929544	0.0340748897907	0.0133460622271	0.0442894386356
k__Bacteria;p__Proteobacteria;c__Betaproteobacteria;o__Burkholderiales;f__Sutterellaceae;g__Parasutterella;s__Parasutterella_excrementihominis	0.0417090467269	-0.00360132591169	0.0268520865886	0.0282546427428	-0.00986357142831	-0.0126964371803	-0.0545810530877	-0.0118764692987	-0.00796560922696	-0.0575944117492	0.0215473508475	-0.0458499500622	-0.0260133161475	-0.0124575638628	0.0114940067542	-0.015671708585	0.0330784626877	-0.028562082217	-0.0185316811181	0.0337457115089	-0.0319494129383	-0.00451886444492	1.0	-0.0190513958904	0.0301081934915	-0.0220754029967	0.00739800883213	-0.0317428717806	-0.00799963213991	0.0560062561055	-0.0919198960671	-0.0730412283967	-0.0370315343435	0.0152056605732	-0.050011857195	0.00747512491376	0.0425101276838	0.0369821907621	-0.0116233257526	-0.0454894854895	-0.0959388110943	0.00770016395622	0.00791858327385	-0.0383167358496	-0.00979101196424	0.010043706463	0.0252643216737	0.00081453538138	0.0274558714847	0.0462965764766	-0.00182917747338	0.00703002162116	0.0264249981419	0.000982973574374	-0.0699721962176	-0.00224504108551	-0.0437142976997	0.0498903298689	-0.0018411267723
k__Bacteria;p__Actinobacteria;c__Actinobacteria;o__Bifidobacteriales;f__Bifidobacteriaceae;g__Bifidobacterium;s__Bifidobacterium_adolescentis	-0.0674193659553	-0.0218225684367	0.0452342961133	0.062284964728	0.0443494283071	0.0368976691642	-0.0180104835605	-0.00414634365587	-0.0557772767184	-0.0250593426265	0.0311691161282	-0.0117869764364	0.0128964308997	-0.06401664847	0.00931689518396	-0.0224425358305	-0.0272571382267	-0.0942071499421	0.0217617028934	-0.0272453688547	-0.0128705304648	0.0507030653709	-0.0190513958904	1.0	0.027467673742	-0.0021148347981	-0.104840675614	-0.0340100939327	-0.0378581441381	-0.0144432333867	-0.0339708351127	-0.0167582522024	0.0348342447177	0.0188688145403	-0.030752289334	0.0135414821878	0.035702313542	0.0211059022516	0.0282098044761	0.0404001763277	0.014229611728	0.0407512323051	0.0782963970283	0.00802673529608	-0.0433840441837	-0.0494816162256	0.0167691234494	-0.0341911532005	0.0276736961592	-0.0478633388112	-0.0817402765458	-0.0345423721313	-0.0206176392676	-0.0322118215087	-0.0408751657849	-0.0373724796856	-0.0682944078893	0.0119950443638	0.0332775287472
k__Bacteria;p__Firmicutes;c__Clostridia;o__Clostridiales;f__Oscillospiraceae;g__Oscillibacter;s__Oscillibacter_sp._KLE_1745	-0.014698140974	-0.00944016171417	-0.0481000179201	0.0324835830704	0.00166679236408	-0.000512396956093	0.00998338060221	0.0100996185248	-0.0688347086723	-0.00759950217459	-0.0592732059138	-0.0132132380527	-0.00246898910271	-0.00392732990814	-0.0569165302307	-0.008210494571	0.00479518483938	0.0180781897566	-0.0627002576312	0.00616703422666	-0.0116126509898	-0.0203184878149	0.0301081934915	0.027467673742	1.0	0.0313366327424	-0.00113522075345	-0.0226385139024	-0.0530754398246	-0.0107039514312	0.0141670700705	-0.0387808869496	0.00499707820268	-0.0037163324199	-0.0255519455502	-0.0183978541713	-0.0253290398199	0.0103999614071	0.0161200905779	0.0528633624475	-0.00301767928863	0.00692259975262	-0.0756023440271	0.0944077934125	-0.0388362175767	0.0112185638434	-0.00702862429068	-0.0325816451784	-0.0477251573568	-0.0243996333953	-0.00785917470748	-0.0127880131695	0.00550303657775	0.0151832399408	0.0526019374178	-0.046689057002	0.0513387146612	0.00515241578055	0.0237550620587
k__Bacteria;p__Bacteroidetes;c__Bacteroidia;o__Bacteroidales;f__Bacteroidaceae;g__Bacteroides;s__Bacteroides_coprophilus	-0.00188745538781	0.00276596494404	-0.036234501464	-0.0232057278479	0.0178274864977	0.0316607449961	0.00191907763274	-0.0542085889789	-0.00934337157422	0.0562182803439	0.0732515706355	0.0344525394962	-0.00288049797752	0.00349903355122	0.00155846723786	-0.00768961920568	-0.0195528305921	-0.0277030872899	-0.0587986461942	-0.0301016664187	0.0217561217371	-0.00744066823204	-0.0220754029967	-0.0021148347981	0.0313366327424	1.0	-0.0375535875832	-0.0372298239963	0.0159238820492	-0.0237184430192	0.0421012989654	-0.0475073645884	0.0338975321085	0.0314481197472	0.028557924895	0.0543392451865	0.0185328019609	0.0384596340778	-0.100953295684	-0.0127582155442	-0.0573803797765	-0.0837423189769	0.0280189444989	-0.054662222546	-0.00804483891665	0.0244072007213	0.0266655028324	-0.00928977142257	-0.0210552948472	-0.0253336996429	0.00542934496135	0.0412477664815	0.000843844588278	-0.0264237008308	0.00121496508788	-0.0570293770965	0.0262658616269	0.0716852691849	-0.0227514149327
k__Bacteria;p__Firmicutes;c__Clostridia;o__Clostridiales;f__Lachnospiraceae;g__Roseburia;s__Roseburia_intestinalis	0.0423050844592	0.0197273432553	-0.038338367254	-0.0580078839762	-0.0111083021018	-0.000822351365086	0.0176689235895	0.00613935278527	0.009260923469	-0.0110722585697	-0.0387176257819	-0.0198923829432	-0.0293379011278	0.0542259787845	0.000300881096325	0.0077623582342	0.0169722727467	-0.0564270970968	-0.041876688371	0.101306651034	-0.0588402080408	0.020464200497	0.00739800883213	-0.104840675614	-0.00113522075345	-0.0375535875832	1.0	0.00533533188071	-0.0221752072553	0.026177970154	0.0284795866779	0.0298272460043	-0.0175980898223	-0.0128679588995	-0.0161878911422	-0.00629162462348	0.0531709977897	-0.0251249504931	-0.00564820923232	-0.106710825371	0.0183003477781	0.0253573738964	-0.0705409940436	0.0660107043512	-0.0719789654495	0.0151753902762	0.0148879112043	0.00476165146027	0.0518873470827	-0.0775183920778	0.00111604498878	-0.0679840110033	-0.0362361396299	0.00440826482054	-0.0274105133164	0.0627126426248	-0.0482170619853	-0.0408240279293	-0.057087338222
k__Bacteria;p__Firmicutes;c__Clostridia;o__Clostridiales;f__Lachnospiraceae;g__Roseburia;s__Roseburia_hominis	0.0519943886535	-0.0119606755518	-0.0234518069253	-0.0808304164315	-0.0598133091692	-0.0071298465371	-0.0282514262305	0.02383716262	0.00914312836996	-0.0811766621225	-0.102333902715	-0.00283563605514	-0.00619867330989	-0.123975460058	0.00306724566175	-0.0125955163342	0.0349954123688	-0.00985023773898	0.0113109023069	0.0191679506114	0.0591028306345	0.0125670486722	-0.0317428717806	-0.0340100939327	-0.0226385139024	-0.0372298239963	0.00533533188071	1.0	0.0221786434861	-0.0197477642331	-0.0220621948501	-0.0278672665363	0.0217210958402	-0.0322740859185	0.049082837831	-0.0733927621	-0.0607514497598	0.00207198006851	0.0571903280498	-0.0226019588823	-0.0407362654246	-0.070226963775	-0.0309504414544	-0.0975110056117	-0.0101409994034	-0.0258600713697	0.0849798705008	-0.0688996887791	-0.0165544144396	0.0197032984893	0.0112797814946	0.0385488836474	0.0229351974641	-0.00967020744803	0.0772999598207	-0.00753038723832	0.00280160438776	-0.0391979825079	-0.0107826279192
k__Bacteria;p__Bacteroidetes;c__Bacteroidia;o__Bacteroidales;f__Porphyromonadaceae;g__Parabacteroides;s__Parabacteroides_johnsonii	0.0229911937863	0.063758861758	-0.080172848539	-0.0516567692262	-0.0314409418787	-0.0153735222518	0.0118912923517	-0.0249024860126	0.0233662283791	-0.0409495196425	0.0413856407667	-0.0336879433405	-0.0257556457851	-0.062575152118	0.0402130222369	-0.0139346274669	-0.094782114957	-0.00839504161399	0.027315400297	-0.0210677607156	0.0353853486498	-0.0238094171103	-0.00799963213991	-0.0378581441381	-0.0530754398246	0.0159238820492	-0.0221752072553	0.0221786434861	1.0	-0.0531901723456	-0.0400654325286	0.0148387905885	0.00947778146534	0.0117878063672	0.0124717933842	-0.0352883728314	-0.0161921064502	-0.0153862572075	-0.0836145771654	-0.0387517537089	-0.0210631741093	0.0130783357948	0.0208364011387	0.00257829816928	-0.0173067712961	-0.0848366266581	-0.0547141878019	-0.0376102224142	0.0387198421171	-0.0288612431615	-0.00487207187956	0.000336618985598	0.0231484561568	0.0502826549883	-0.00782768392236	0.0214310628791	0.0689159790275	-0.0387309252803	-0.0422008044908
k__Bacteria;p__Actinobacteria;c__Actinobacteria;o__Bifidobacteriales;f__Bifidobacteriaceae;g__Bifidobacterium;s__Bifidobacterium_longum	-0.0496129279025	-0.0115082076022	-0.0521991417797	0.0329370665287	0.0543215164544	-0.0357353600727	0.0309032695893	-0.0373470398527	-0.0477969682183	-0.00769516029211	0.0156758398235	-0.0256955358868	-0.0375591267523	-0.0457310712389	0.0266587296788	0.00679582757545	0.0457668638125	0.045991157951	-0.0130728959681	0.0420543919399	-0.0290518532506	-0.00446739558464	0.0560062561055	-0.0144432333867	-0.0107039514312	-0.0237184430192	0.026177970154	-0.0197477642331	-0.0531901723456	1.0	-0.0491066464834	-0.0526273090426	-0.035734252976	0.0377720230122	-0.0244118271345	0.0248601560328	-0.0697231649111	0.0102216798181	-0.0128501556175	0.0348266538988	0.04686408577	0.00834584858894	0.0503090396268	0.00515529897771	-0.00515253546645	-0.00491869878473	0.00381001217479	-0.0427595013342	0.00673067476394	-0.05092007856	-0.062356175455	0.00960966974076	0.0566790828461	-0.0466736572979	0.000888383637432	-0.00229265934319	-0.0223941776849	-0.0359776090534	-0.0139534293302
