#taxonomy	k__Bacteria;p__Bacteroidetes;c__Bacteroidia;o__Bacteroidales;f__Bacteroidaceae;g__Bacteroides;s__Bacteroides_vulgatus	k__Bacteria;p__Bacteroidetes;c__Bacteroidia;o__Bacteroidales;f__Bacteroidaceae;g__Bacteroides;s__Bacteroides_uniformis	k__Bacteria;p__Bacteroidetes;c__Bacteroidia;o__Bacteroidales;f__Rikenellaceae;g__Alistipes;s__Alistipes_putredinis	k__Bacteria;p__Bacteroidetes;c__Bacteroidia;o__Bacteroidales;f__Prevotellaceae;g__Prevotella;s__Prevotella_copri	k__Bacteria;p__Bacteroidetes;c__Bacteroidia;o__Bacteroidales;f__Bacteroidaceae;g__Bacteroides;s__Bacteroides_stercoris	k__Bacteria;p__Bacteroidetes;c__Bacteroidia;o__Bacteroidales;f__Bacteroidaceae;g__Bacteroides;s__Bacteroides_ovatus	k__Bacteria;p__Bacteroidetes;c__Bacteroidia;o__Bacteroidales;f__Rikenellaceae;g__Alistipes;s__Alistipes_shahii	k__Bacteria;p__Firmicutes;c__Clostridia;o__Clostridiales;f__Ruminococcaceae;g__Faecalibacterium;s__Faecalibacterium_prausnitzii	k__Bacteria;p__Bacteroidetes;c__Bacteroidia;o__Bacteroidales;f__Rikenellaceae;g__Alistipes;s__Alistipes_finegoldii	k__Bacteria;p__Bacteroidetes;c__Bacteroidia;o__Bacteroidales;f__Porphyromonadaceae;g__Parabacteroides;s__Parabacteroides_distasonis	k__Bacteria;p__Bacteroidetes;c__Bacteroidia;o__Bacteroidales;f__Bacteroidaceae;g__Bacteroides;s__Bacteroides_thetaiotaomicron	k__Bacteria;p__Bacteroidetes;c__Bacteroidia;o__Bacteroidales;f__Bacteroidaceae;g__Bacteroides;s__Bacteroides_coprocola	k__Bacteria;p__Bacteroidetes;c__Bacteroidia;o__Bacteroidales;f__Bacteroidaceae;g__Bacteroides;s__Bacteroides_cellulosilyticus	k__Bacteria;p__Bacteroidetes;c__Bacteroidia;o__Bacteroidales;f__Rikenellaceae;g__Alistipes;s__Alistipes_obesi	k__Bacteria;p__Firmicutes;c__Clostridia;o__Clostridiales;f__Lachnospiraceae;g__;s__[Eubacterium]_rectale	k__Bacteria;p__Bacteroidetes;c__Bacteroidia;o__Bacteroidales;f__Bacteroidaceae;g__Bacteroides;s__Bacteroides_plebeius	k__Bacteria;p__Bacteroidetes;c__Bacteroidia;o__Bacteroidales;f__Bacteroidaceae;g__Bacteroides;s__Bacteroides_fragilis	k__Bacteria;p__Proteobacteria;c__Betaproteobacteria;o__Burkholderiales;f__Sutterellaceae;g__Sutterella;s__Sutterella_wadsworthensis	k__Bacteria;p__Bacteroidetes;c__Bacteroidia;o__Bacteroidales;f__Porphyromonadaceae;g__Barnesiella;s__Barnesiella_intestinihominis	k__Bacteria;p__Bacteroidetes;c__Bacteroidia;o__Bacteroidales;f__Odoribacteraceae;g__Odoribacter;s__Odoribacter_splanchnicus	k__Bacteria;p__Bacteroidetes;c__Bacteroidia;o__Bacteroidales;f__Bacteroidaceae;g__Bacteroides;s__Bacteroides_salyersiae	k__Bacteria;p__Firmicutes;c__Clostridia;o__Clostridiales;f__Ruminococcaceae;g__Ruminiclostridium;s__[Eubacterium]_siraeum	k__Bacteria;p__Proteobacteria;c__Betaproteobacteria;o__Burkholderiales;f__Sutterellaceae;g__Parasutterella;s__Parasutterella_excrementihominis	k__Bacteria;p__Actinobacteria;c__Actinobacteria;o__Bifidobacteriales;f__Bifidobacteriaceae;g__Bifidobacterium;s__Bifidobacterium_adolescentis	k__Bacteria;p__Firmicutes;c__Clostridia;o__Clostridiales;f__Oscillospiraceae;g__Oscillibacter;s__Oscillibacter_sp._KLE_1745	k__Bacteria;p__Bacteroidetes;c__Bacteroidia;o__Bacteroidales;f__Bacteroidaceae;g__Bacteroides;s__Bacteroides_coprophilus	k__Bacteria;p__Firmicutes;c__Clostridia;o__Clostridiales;f__Lachnospiraceae;g__Roseburia;s__Roseburia_intestinalis	k__Bacteria;p__Firmicutes;c__Clostridia;o__Clostridiales;f__Lachnospiraceae;g__Roseburia;s__Roseburia_hominis	k__Bacteria;p__Bacteroidetes;c__Bacteroidia;o__Bacteroidales;f__Porphyromonadaceae;g__Parabacteroides;s__Parabacteroides_johnsonii	k__Bacteria;p__Actinobacteria;c__Actinobacteria;o__Bifidobacteriales;f__Bifidobacteriaceae;g__Bifidobacterium;s__Bifidobacterium_longum	k__Bacteria;p__Firmicutes;c__Clostridia;o__Clostridiales;f__;g__Flavonifractor;s__Flavonifractor_plautii	k__Bacteria;p__Firmicutes;c__Clostridia;o__Clostridiales;f__Clostridiaceae;g__Clostridium;s__Clostridium_phoceensis	k__Bacteria;p__Verrucomicrobia;c__Verrucomicrobiae;o__Verrucomicrobiales;f__Akkermansiaceae;g__Akkermansia;s__Akkermansia_muciniphila	k__Bacteria;p__Bacteroidetes;c__Bacteroidia;o__Bacteroidales;f__Prevotellaceae;g__Paraprevotella;s__Paraprevotella_xylaniphila	k__Bacteria;p__Firmicutes;c__Clostridia;o__Clostridiales;f__Ruminococcaceae;g__Ruminococcus;s__Ruminococcus_callidus	k__Bacteria;p__Bacteroidetes;c__Bacteroidia;o__Bacteroidales;f__Rikenellaceae;g__Alistipes;s__Alistipes_senegalensis	k__Bacteria;p__Firmicutes;c__Clostridia;o__Clostridiales;f__Lachnospiraceae;g__Blautia;s__Blautia_sp._KLE_1732	k__Bacteria;p__Bacteroidetes;c__Bacteroidia;o__Bacteroidales;f__Bacteroidaceae;g__Bacteroides;s__Bacteroides_oleiciplenus	k__Bacteria;p__Firmicutes;c__Clostridia;o__Clostridiales;f__Ruminococcaceae;g__Ruminococcus;s__Ruminococcus_bicirculans	k__Bacteria;p__Bacteroidetes;c__Bacteroidia;o__Bacteroidales;f__Bacteroidaceae;g__Bacteroides;s__Bacteroides_fluxus	k__Bacteria;p__Bacteroidetes;c__Bacteroidia;o__Bacteroidales;f__Prevotellaceae;g__Prevotella;s__Prevotella_stercorea	k__Bacteria;p__Firmicutes;c__Clostridia;o__Clostridiales;f__Lachnospiraceae;g__Dorea;s__Dorea_longicatena	k__Bacteria;p__Firmicutes;c__Clostridia;o__Clostridiales;f__Eubacteriaceae;g__Eubacterium;s__[Eubacterium]_eligens	k__Bacteria;p__Firmicutes;c__Clostridia;o__Clostridiales;f__Ruminococcaceae;g__;s__Ruminococcaceae_bacterium_D16	k__Bacteria;p__Firmicutes;c__Clostridia;o__Clostridiales;f__Lachnospiraceae;g__Coprococcus;s__Coprococcus_comes	k__Bacteria;p__Proteobacteria;c__Gammaproteobacteria;o__Enterobacterales;f__Enterobacteriaceae;g__Escherichia;s__Escherichia_coli	k__Bacteria;p__Firmicutes;c__Clostridia;o__Clostridiales;f__Ruminococcaceae;g__Anaerotruncus;s__Anaerotruncus_colihominis	k__Bacteria;p__Firmicutes;c__Clostridia;o__Clostridiales;f__Lachnospiraceae;g__Blautia;s__Blautia_obeum	k__Bacteria;p__Bacteroidetes;c__Bacteroidia;o__Bacteroidales;f__Odoribacteraceae;g__Odoribacter;s__Odoribacter_laneus	k__Bacteria;p__Firmicutes;c__Clostridia;o__Clostridiales;f__Ruminococcaceae;g__Ruminiclostridium;s__[Clostridium]_leptum	k__Bacteria;p__Bacteroidetes;c__Bacteroidia;o__Bacteroidales;f__Porphyromonadaceae;g__Parabacteroides;s__Parabacteroides_goldsteinii	k__Bacteria;p__Firmicutes;c__Clostridia;o__Clostridiales;f__Lachnospiraceae;g__Anaerostipes;s__Anaerostipes_hadrus	k__Bacteria;p__Firmicutes;c__Clostridia;o__Clostridiales;f__Ruminococcaceae;g__Ruminococcus;s__Ruminococcus_lactaris	k__Bacteria;p__Firmicutes;c__Clostridia;o__Clostridiales;f__Clostridiaceae;g__Clostridium;s__Clostridium_sp._L2-50	k__Bacteria;p__Firmicutes;c__Clostridia;o__Clostridiales;f__Clostridiaceae;g__Clostridium;s__Clostridium_sp._M62/1	k__Bacteria;p__Firmicutes;c__Clostridia;o__Clostridiales;f__;g__Intestinimonas;s__Intestinimonas_butyriciproducens	k__Bacteria;p__Actinobacteria;c__Actinobacteria;o__Bifidobacteriales;f__Bifidobacteriaceae;g__Bifidobacterium;s__Bifidobacterium_bifidum	k__Bacteria;p__Firmicutes;c__Negativicutes;o__Veillonellales;f__Veillonellaceae;g__Dialister;s__Dialister_invisus	k__Bacteria;p__Bacteroidetes;c__Bacteroidia;o__Bacteroidales;f__Bacteroidaceae;g__Bacteroides;s__Bacteroides_salanitronis
k__Bacteria;p__Bacteroidetes;c__Bacteroidia;o__Bacteroidales;f__Bacteroidaceae;g__Bacteroides;s__Bacteroides_vulgatus	1.0	-0.0407855811293	-0.0345138473204	-0.00618970931701	-0.0188497448152	-0.0493607017867	-0.031101115854	0.0454408984099	-0.0136953509277	-0.0143362637013	-0.0419125883609	0.0112806758342	0.00753930333739	0.000355419369601	-0.0650298824584	0.0364169138012	0.0588804083323	0.0750626164163	-0.0242973268639	-0.104710593636	-0.0130781467679	-0.0237865858748	0.00231554821763	0.0438272247471	0.00273965566	0.0222402137327	0.0460723095387	-0.0791835157518	0.00322317024065	-0.0842155906735	-0.0059108545803	-0.021078204554	0.0376502784164	-0.0926445150242	-0.00500009958877	-0.00832927611857	-0.000595755740737	-0.0658077248858	-0.00376481933684	0.0241133293468	-0.0730776321855	-0.0712161994165	0.00217599109635	-0.0451907476767	-0.000926757194805	0.0224507322217	-0.0602958140818	-0.0505956788538	0.0367102546072	0.0154943587405	-0.0833144174006	0.0361490626364	-0.0413783641533	0.0387207053385	-0.0221980444858	0.0292245069307	-0.043767676154	0.0142854395643	-0.0262851916879
k__Bacteria;p__Bacteroidetes;c__Bacteroidia;o__Bacteroidales;f__Bacteroidaceae;g__Bacteroides;s__Bacteroides_uniformis	-0.0407855811293	1.0	0.0264435742059	0.0374220792051	-0.0159352876429	-0.00219496233029	-0.0459025651577	-0.0715917158214	-0.0237223134775	-0.0489570895274	-0.0530027709442	-0.0829464687575	-0.0317623760748	-0.0703375379717	0.0475960689486	-0.0525635212573	-0.0568232928967	-0.00784763693877	0.009662053174	0.0031270048328	0.0270391083281	0.0305028343457	-0.000124708176122	0.0418896038951	0.049704521481	0.0636149361168	0.0513004079605	-0.0715313751243	0.0461312100119	0.014995164077	0.0373714318925	-0.0586601533535	-0.0159127013944	-0.0362493842173	-0.0623529389742	0.0514441698728	0.0353619873247	0.0331296608155	-0.0195777702302	-0.00698512420931	0.0356228375745	-0.0142521244807	-0.0232166112834	0.0434828498426	0.00454564158271	0.00486836365316	0.0187094662119	-0.0991866098914	-0.0460495286393	0.0202966986729	-0.0584050661447	0.0367227474093	-0.0654380616935	-0.0106330689609	-0.0400913923638	-0.0111467736697	0.0256980397482	0.00159628963661	-0.0255239071494
k__Bacteria;p__Bacteroidetes;c__Bacteroidia;o__Bacteroidales;f__Rikenellaceae;g__Alistipes;s__Alistipes_putredinis	-0.0345138473204	0.0264435742059	1.0	0.0354893267588	-0.0459017341876	0.0131281930125	0.0149841000043	-0.0120081627567	-0.128247742552	-0.0392478167428	0.00197306933375	-0.00436701549469	-0.0246217445732	0.0027382609505	-0.0210686404118	0.0894433591446	0.0697123776247	-0.037068450722	-0.0156317819008	0.0292770295877	-0.00781867967943	-0.00197324873953	0.0324252257296	-0.0235489365932	-0.00453481832119	0.0499007068754	0.0534247564929	0.0583223170782	-0.0416275670826	-0.0179597828471	-0.063524693383	0.0437744559683	0.0400882164777	-0.0542451429208	-0.0318909695285	0.101584675664	-0.043066383546	0.0165092763147	-0.0370208894864	0.0845201688674	-0.0570687434748	0.0503501454396	0.053231265969	0.0410992001544	-0.0294095445684	0.0255586016734	-0.0249839069392	-0.0272688998608	-0.0415117509659	0.0693949238822	-0.0132163960509	-0.0256827502087	-0.0402024066933	0.0290894846741	0.017861197774	-0.0165671139113	-0.0847492019715	-0.0584248540088	-0.039152389189
k__Bacteria;p__Bacteroidetes;c__Bacteroidia;o__Bacteroidales;f__Prevotellaceae;g__Prevotella;s__Prevotella_copri	-0.00618970931701	0.0374220792051	0.0354893267588	1.0	-0.0028269954558	0.0224149883029	-0.0139259955228	-0.0145245401677	0.0496883179721	0.0447181325816	0.0912270271699	-0.0113981722595	-0.0247688379924	-0.0318273373926	-0.0745682416464	-0.019680123357	0.0106495608092	-0.00510975075451	-0.00945824603579	0.0229238535347	-0.0256851902193	-0.0642636925507	-0.0877403628069	-0.00183025740628	-0.0157347120273	-0.0455646688085	0.00614996356684	0.0308770769507	-0.0160725851185	-0.00448745199781	0.0121320558508	-0.00101359426206	0.00742719566235	-0.0166249712329	-0.0207174240725	0.0160765509528	0.0507079850551	-0.0439210986845	0.0257929093113	-0.0668129451973	0.00571714423152	0.0452419889974	0.0348680363301	-0.0294802229415	-0.0355823009157	-0.0342517955421	0.0302573695342	-0.0192756352728	-0.00499031924664	-0.0500621433845	-0.015737024845	-0.00903281735439	-0.0549158593701	-0.0292076904637	-0.0327958697831	0.0265132058016	-0.0981318740241	0.0224331827791	-0.0234137667035
k__Bacteria;p__Bacteroidetes;c__Bacteroidia;o__Bacteroidales;f__Bacteroidaceae;g__Bacteroides;s__Bacteroides_stercoris	-0.0188497448152	-0.0159352876429	-0.0459017341876	-0.0028269954558	1.0	-0.0364644590761	0.0285403307302	0.0125104678395	-0.0408176874134	0.0685183519215	-0.0418489311729	-0.0533310028219	-0.0674183110559	0.0187047311537	-0.0340163721145	-0.0253496289029	-0.026726941799	-0.0769715832144	-0.0243268863148	0.055204096622	-0.044896613088	-0.0103663131074	-0.0597697070911	0.00218541638375	0.0362880870193	-0.00230111809763	-0.0195110831195	0.0807543291044	-0.0439874891763	-0.00767579502292	-0.0131495099925	0.120170545742	-0.0168339222268	-0.0565655756736	-0.00831592154559	-0.0831066603395	-0.0195811879185	0.0575447528121	-0.0479716558759	0.073586890665	-0.111747246849	-0.00296167813222	-0.0296417083738	-0.0188262098815	-0.0122269465725	-0.0317613990763	-0.00895389555727	-0.0597859441413	0.038773949615	-0.00282038374462	-0.0258239266406	0.0166727324481	-0.0933433668687	-0.0109013025228	0.0788789102247	-0.00629926066289	-0.00510736763614	0.0146323243601	0.0185270606713
k__Bacteria;p__Bacteroidetes;c__Bacteroidia;o__Bacteroidales;f__Bacteroidaceae;g__Bacteroides;s__Bacteroides_ovatus	-0.0493607017867	-0.00219496233029	0.0131281930125	0.0224149883029	-0.0364644590761	1.0	-0.0052907292467	-0.071983355955	0.0441004505447	0.0615725791375	0.0243723298394	-0.0198599286699	0.0025742517411	-0.0222907783511	0.0465087562765	-0.074664894377	-0.042818022443	0.00730734302984	-0.0440262833898	0.077364716892	0.0344208024475	-0.0356770877303	-0.0124308702609	-0.0698276077933	-0.0211837701044	0.000399021998464	-0.0171580190532	-0.0308758954231	-0.0841645671348	-0.0142391530179	-0.0058116594928	-0.00134104618708	-0.0212877105757	-0.0135550721367	0.0443627857143	-0.0244076306178	0.0171195103971	0.0224995677151	-0.0524391086824	-0.0302943402608	0.0098124994975	0.0798637134949	0.00930695397557	-0.0299876064382	0.0124703305962	0.0404739528388	0.0173229650695	0.0248050721072	-0.018350382409	-0.0227865976454	-0.042163484718	-0.0389050206041	-0.0565514851212	-0.00853516418228	0.0282241978033	0.0364620780193	0.0479339772124	-0.0356739293301	0.0116702766356
k__Bacteria;p__Bacteroidetes;c__Bacteroidia;o__Bacteroidales;f__Rikenellaceae;g__Alistipes;s__Alistipes_shahii	-0.031101115854	-0.0459025651577	0.0149841000043	-0.0139259955228	0.0285403307302	-0.0052907292467	1.0	0.0216462233434	-0.0110555586293	0.00876710635681	-0.0973594237522	-0.00669506814906	-0.0760587396568	-0.069523319269	-0.101713179216	-0.0492319811313	0.0490867936927	-0.010496221014	-0.0828412359021	0.00442362289908	0.00266080325457	-0.0539066876121	-0.00685061557331	0.0408947623319	0.0801861177571	0.0138462982577	-0.0496030442125	0.0388945844023	-0.0395449092205	0.0585254991524	-0.0267822060971	0.0315584105598	0.0792634800883	-0.005851337169	-0.00648197113785	-0.0558722563698	-0.0071494146785	-0.0303432840652	0.0263389011385	-0.0141388651828	0.00760733132066	-0.0410925054618	0.0111901146466	0.00775485898627	-0.0871487045119	-0.0488437207961	0.0237322019044	0.0907458837104	-0.0223261894733	0.0349424370048	0.0640205848932	-0.0647300569772	0.0313336041147	-0.00942261761194	0.000550284981884	0.00536371959808	-0.0383106935283	-0.0429356645545	-0.0639582261479
k__Bacteria;p__Firmicutes;c__Clostridia;o__Clostridiales;f__Ruminococcaceae;g__Faecalibacterium;s__Faecalibacterium_prausnitzii	0.0454408984099	-0.0715917158214	-0.0120081627567	-0.0145245401677	0.0125104678395	-0.071983355955	0.0216462233434	1.0	0.0204584487646	0.0657952963008	0.0912571694866	-0.00450177947583	-0.0491282616994	-0.0103053553323	-0.0597159470682	-0.0187401716978	0.047768763326	0.0527999043794	0.0705308296953	-0.0560692988268	-0.0960243165453	-0.0182267661734	-0.084626986742	-0.00683976495735	0.0221527802455	0.0425504938241	-0.0472251425198	-0.0237832069299	-0.00432714156573	0.0394471313914	0.0185441188825	-0.0298863233708	-0.0158236788294	-0.031291674472	-0.0128748514839	-0.0498908749142	-0.0088810106939	0.0300440241379	0.0261428934193	0.000823517048949	-0.00216432295236	-0.0967428205218	0.00362499684003	0.0307092262124	0.022437505609	0.00482355668566	0.00484177919886	-0.00514589787825	-0.00176461359234	-0.0827141287411	-0.032213817686	-0.00533856297628	-0.03644629514	0.0355264700847	0.00846600386655	0.0188385987773	0.0124350624333	-0.0340711545707	-0.0606498953795
k__Bacteria;p__Bacteroidetes;c__Bacteroidia;o__Bacteroidales;f__Rikenellaceae;g__Alistipes;s__Alistipes_finegoldii	-0.0136953509277	-0.0237223134775	-0.128247742552	0.0496883179721	-0.0408176874134	0.0441004505447	-0.0110555586293	0.0204584487646	1.0	0.0250307777862	-0.0520709164169	0.0019873248177	0.00912732507597	-0.0572476456077	-0.0150256793815	0.0645679937466	0.029907088389	-0.0458478974622	0.0369420325873	-0.00323710823732	-0.0111364996595	0.00474137357964	-0.0359454537887	0.0159362622405	-0.0389273928839	-0.0759759771977	-0.0890529137205	0.0448049864356	0.0615858065721	0.00836715710649	0.0352825781179	-0.0406209087236	0.00666076126937	0.0489577425436	-0.0144509741775	-0.048229611019	-0.051258581201	0.0622598829551	0.0251195712036	-0.0873989205006	-0.0110277518705	-0.00394219762264	-0.0326996150481	-0.0256683603523	-0.00849077771341	-0.0705139850243	-0.0102012241841	-0.0105400242042	-0.00226609977524	-0.0547779308386	-0.093738618732	0.0327767565535	0.0781831650281	-0.0207667882859	0.0180926595319	0.0361795897416	-0.00634358813706	-0.0531140974113	-0.000421843879406
k__Bacteria;p__Bacteroidetes;c__Bacteroidia;o__Bacteroidales;f__Porphyromonadaceae;g__Parabacteroides;s__Parabacteroides_distasonis	-0.0143362637013	-0.0489570895274	-0.0392478167428	0.0447181325816	0.0685183519215	0.0615725791375	0.00876710635681	0.0657952963008	0.0250307777862	1.0	0.00863922141621	0.0155593650492	-0.0703105090394	0.0509593267065	-0.0603982226482	-0.0134086271576	-0.0541819722587	-0.0764986605296	-0.0255489004653	0.0170045769515	-0.0286676716716	0.0058037867096	0.00377246820716	-0.0457933708026	-0.0393532976885	-0.0411605095718	0.00156666818236	0.0230821517764	-0.0475700791948	-0.0407061257657	0.0377748883566	-0.0811236525989	-0.00914467358663	-0.0138451232544	-0.00602668685894	-0.07000470162	-0.0218291516844	0.0681267028906	0.0397967159027	-0.0231394044749	-0.0623024825708	-0.00867544278645	-0.0367095002458	0.0266984510354	0.0582243145147	0.0305027686926	-0.0364231303044	0.0312301012755	-0.0144140283452	0.00411973483357	-0.0286209944254	0.0380209225271	0.0200927695817	-0.0330539447752	-0.0127095654138	-0.00131070136161	-0.0022322502326	-0.00762489705653	-0.0380793591444
k__Bacteria;p__Bacteroidetes;c__Bacteroidia;o__Bacteroidales;f__Bacteroidaceae;g__Bacteroides;s__Bacteroides_thetaiotaomicron	-0.0419125883609	-0.0530027709442	0.00197306933375	0.0912270271699	-0.0418489311729	0.0243723298394	-0.0973594237522	0.0912571694866	-0.0520709164169	0.00863922141621	1.0	0.00574538033275	-0.0277753937647	0.0213005006737	-0.0382610265088	0.0158626166156	0.0126668715879	0.00772394971901	0.0185020057787	-0.0984017680584	-0.0190047664912	0.00298503214018	-0.0295273781307	-0.0706829113296	0.0503958894466	-0.0430547472728	0.0133211069951	-0.0211763542605	-0.043538805697	-0.0609742573099	-0.0513181364703	-0.0324279386617	-0.00877543069441	-0.0292023830767	0.0322138636218	0.0400950937985	-0.0305613186192	-0.0204595051376	-0.00347956606161	-0.0415866975206	0.0330181630416	0.0128330824847	0.00694572743124	0.00392010454938	0.00993559546379	0.0366797436614	-0.0400936913259	-0.0464709080199	-0.0135029686446	-0.0453994104407	-0.0458547912345	-0.0395542417668	-0.0275160855772	0.0117819916653	-0.038515805503	0.00645453290227	-0.0527430925118	-0.0504027327017	-0.00131455454619
k__Bacteria;p__Bacteroidetes;c__Bacteroidia;o__Bacteroidales;f__Bacteroidaceae;g__Bacteroides;s__Bacteroides_coprocola	0.0112806758342	-0.0829464687575	-0.00436701549469	-0.0113981722595	-0.0533310028219	-0.0198599286699	-0.00669506814906	-0.00450177947583	0.0019873248177	0.0155593650492	0.00574538033275	1.0	0.0476757956531	-0.0063350505607	-0.0143411488542	-0.0275225331271	0.0159532108756	-0.0303281018664	-0.0332654511472	0.023016885537	-0.0209484499484	-0.0702095190349	0.0311269620396	0.0123423599751	0.00764068381543	0.026185188382	-0.0414267452038	0.00376611782696	-0.00298721788874	-0.0348568487713	-0.0299576345822	0.00774771882032	0.00767120435148	-0.0253630487553	0.0262009225994	0.0264470325911	-0.0358359489548	-0.0287954118139	-0.017532961908	-0.034511933022	-0.0342645068358	-0.0216811806099	0.0390357681032	-0.0336722082498	0.0192316218752	-0.00986490429136	-0.0587542661356	-0.00729163949753	-0.0451662731269	-0.0462673894639	-0.0338713329768	-0.0470754815681	0.0798384982801	-0.0287913617773	0.0153501613105	0.0489778455303	0.0358819166193	0.0170528863803	0.00581366887543
k__Bacteria;p__Bacteroidetes;c__Bacteroidia;o__Bacteroidales;f__Bacteroidaceae;g__Bacteroides;s__Bacteroides_cellulosilyticus	0.00753930333739	-0.0317623760748	-0.0246217445732	-0.0247688379924	-0.0674183110559	0.0025742517411	-0.0760587396568	-0.0491282616994	0.00912732507597	-0.0703105090394	-0.0277753937647	0.0476757956531	1.0	0.0237223038852	0.0317195257162	0.00245141002496	0.0065409639106	-0.0301463218465	0.0189643266721	0.0645668586544	-0.00462474564471	-0.000457920708098	-0.0279687856011	0.00983322355915	0.00730124482597	-0.0339427947879	-0.0278288457379	0.00812183447411	-0.00166831435472	-0.0433195666631	0.000797767930842	-0.0359179505045	-0.0240685986356	-0.0333666695446	0.006210994633	-0.00726166019559	-0.00799586648592	-0.046081074546	-0.0159792673393	0.00477507192383	0.0532223475491	0.0229642557445	-0.0303273230485	-0.00545352344032	-0.0187676493179	0.00252929029588	-0.0318120281702	-0.0278992885232	0.0271263130599	-0.00693659145491	0.00722874531008	0.0382253784135	-0.0783959748377	0.042253995233	0.0407895779483	-0.0543903002893	0.0312688615986	-0.0160323558465	-0.013327217719
k__Bacteria;p__Bacteroidetes;c__Bacteroidia;o__Bacteroidales;f__Rikenellaceae;g__Alistipes;s__Alistipes_obesi	0.000355419369601	-0.0703375379717	0.0027382609505	-0.0318273373926	0.0187047311537	-0.0222907783511	-0.069523319269	-0.0103053553323	-0.0572476456077	0.0509593267065	0.0213005006737	-0.0063350505607	0.0237223038852	1.0	-0.029345580744	-0.042293533292	-0.0413321322198	-0.0337942089284	0.0196073749916	0.0488075082384	0.160817577508	-0.0418173824715	-0.0329112136404	-0.054269635892	-0.00459245358521	0.0229065761726	-0.0487015627456	0.0380484721723	0.117050548712	-0.0254731448094	-0.0342898152307	-0.00106872862678	-0.0763800676172	0.069708687681	0.0433661147386	0.0255599450536	-0.011479923995	-0.00501549464773	-0.00286457122319	-0.0546133792515	-0.016418715528	0.0139608280689	0.00910214215542	-0.0094066220896	0.0503435580741	-0.0731565691599	-0.00730306169407	-0.0227208344199	0.0602183754282	-0.0105659877621	0.0140203684094	-0.0212028050519	0.00788519162139	-0.0210479087792	0.00430573288663	-0.0313320544707	0.0507088673543	-0.0125818640675	0.0278546077725
k__Bacteria;p__Firmicutes;c__Clostridia;o__Clostridiales;f__Lachnospiraceae;g__;s__[Eubacterium]_rectale	-0.0650298824584	0.0475960689486	-0.0210686404118	-0.0745682416464	-0.0340163721145	0.0465087562765	-0.101713179216	-0.0597159470682	-0.0150256793815	-0.0603982226482	-0.0382610265088	-0.0143411488542	0.0317195257162	-0.029345580744	1.0	-0.00531000796645	0.0034666085733	-0.0270345731439	0.0271917084163	-0.0316418308652	0.00278233591356	-0.0265691730124	0.0340271652075	-0.0484576157428	-0.0635315028854	-0.0269436072164	0.00718984327622	0.0260260364169	0.0315398563124	-0.0430122592185	0.0349580455443	-0.0306845539363	0.0322574582676	-0.0267640079686	0.0212178054828	0.0111232973975	0.0182264874904	0.00554651592805	0.0257421284006	0.00141750148781	0.0236056710332	0.00157672094311	0.0287422699024	-0.0551721250301	0.0490150143427	-0.00420601999797	0.0167211897927	-0.0709615432975	0.0843734498221	-0.0405785955208	0.0196586742892	0.0268474986878	0.0347858354476	-0.0964644804876	-0.00334147192026	-0.0219942888876	-0.0158980346534	-0.0553175992934	-0.00315117193025
k__Bacteria;p__Bacteroidetes;c__Bacteroidia;o__Bacteroidales;f__Bacteroidaceae;g__Bacteroides;s__Bacteroides_plebeius	0.0364169138012	-0.0525635212573	0.0894433591446	-0.019680123357	-0.0253496289029	-0.074664894377	-0.0492319811313	-0.0187401716978	0.0645679937466	-0.0134086271576	0.0158626166156	-0.0275225331271	0.00245141002496	-0.042293533292	-0.00531000796645	1.0	-0.00611196344895	-0.0206400102999	0.0129939235047	-0.10288286343	0.0738583127532	0.0119117176468	0.0188392663943	-0.0378809058282	-0.0198707700333	-0.0988354286296	-0.0117072386082	0.0298301348056	-0.0245909119213	0.0201788666538	-0.0146952122685	-0.048201832357	0.0668212098674	0.0479534678722	-0.0735061556144	-0.068475438885	0.0267876333562	0.0132252513564	0.0877905817608	-0.0371036737604	-0.0110784820289	-0.0605220779309	0.0431558009204	-0.00980981495473	-0.00219128741606	-0.0646910922158	-0.0774730356436	0.050627983967	-0.0996495801214	-0.0241878041621	-0.0359222292578	0.027841888202	-0.00284101897933	-0.0115320931564	-0.0878482612887	0.077588228368	-0.0359481578203	-0.0429093301005	-0.0254347059383
k__Bacteria;p__Bacteroidetes;c__Bacteroidia;o__Bacteroidales;f__Bacteroidaceae;g__Bacteroides;s__Bacteroides_fragilis	0.0588804083323	-0.0568232928967	0.0697123776247	0.0106495608092	-0.026726941799	-0.042818022443	0.0490867936927	0.047768763326	0.029907088389	-0.0541819722587	0.0126668715879	0.0159532108756	0.0065409639106	-0.0413321322198	0.0034666085733	-0.00611196344895	1.0	0.0508781227022	0.0608255807552	-0.00149125876685	-0.0182605800934	-0.0383387070645	-0.0886766702104	0.00410071685281	0.0286213060459	-0.0338910848133	-0.0364779087207	0.0167173916048	-0.0617248844076	0.0226140157262	0.061324357631	0.00712145089028	-0.0563295728176	0.0248666064781	-0.0381463388453	0.00838586357142	-0.0505655648031	0.017175169192	-0.0483513321463	0.0909350877417	-0.0230676597108	-0.021672046194	0.0759327162921	-0.0301474421558	-0.0511376223075	0.0290137676813	0.0194209148607	0.00567302982057	-0.0770347213286	-0.0426084599945	0.0161781327435	0.00588641720859	-0.0118566176083	-0.00586070663345	0.0980306952688	-0.029773615771	-0.0619397265674	-0.0190039197614	-0.00409705472863
k__Bacteria;p__Proteobacteria;c__Betaproteobacteria;o__Burkholderiales;f__Sutterellaceae;g__Sutterella;s__Sutterella_wadsworthensis	0.0750626164163	-0.00784763693877	-0.037068450722	-0.00510975075451	-0.0769715832144	0.00730734302984	-0.010496221014	0.0527999043794	-0.0458478974622	-0.0764986605296	0.00772394971901	-0.0303281018664	-0.0301463218465	-0.0337942089284	-0.0270345731439	-0.0206400102999	0.0508781227022	1.0	-0.0221280088446	-0.0554184749427	0.0227632670477	0.025377353906	-0.0371013581114	-0.05088379542	0.0249720304773	0.0298971237022	0.028437837827	0.0125275687812	-0.037704528293	0.0401375435794	0.0251679987293	-0.0486402537425	-0.0172120463416	0.0173788446688	-0.0729158637504	0.01407431051	0.015428181783	-0.00275162938587	0.01732848535	0.0168702848861	-0.0305964122335	-0.0266856400498	-0.0242769453915	0.0198375332342	-0.041710892727	-0.0436240693926	-0.0264622201215	-0.00172832596925	-0.0609371718889	-0.0072900293822	-0.0065942286902	-0.032475180994	-0.0389373341761	-0.0204594649332	-0.0625814149487	-0.0121042780556	-0.0203042720355	-0.0786963911834	-0.0172807202275
k__Bacteria;p__Bacteroidetes;c__Bacteroidia;o__Bacteroidales;f__Porphyromonadaceae;g__Barnesiella;s__Barnesiella_intestinihominis	-0.0242973268639	0.009662053174	-0.0156317819008	-0.00945824603579	-0.0243268863148	-0.0440262833898	-0.0828412359021	0.0705308296953	0.0369420325873	-0.0255489004653	0.0185020057787	-0.0332654511472	0.0189643266721	0.0196073749916	0.0271917084163	0.0129939235047	0.0608255807552	-0.0221280088446	1.0	-0.0560723761619	0.0139789161718	-0.0468652835724	0.00419312326596	0.0052561683278	-0.0311625774664	-0.0904057790579	-0.0219355257207	-0.050272953834	-0.121693539558	-0.0512715473639	0.0164576545806	-0.058130353216	-0.000858148946536	0.077373533222	-0.000598474162849	-0.0258763562441	-0.016692307791	0.0467295171701	0.0319572478501	-0.0274170883123	-0.0165499463891	-0.0239425504344	0.00223922122039	0.00384312533049	0.0146192108125	-0.0613801927986	0.00886114743258	0.00916093436421	-0.0245319042312	0.00824483694649	0.0584092726589	0.00499676477329	-0.072714862371	-0.000860036059829	-0.0614196986647	-0.086026629578	-0.0459381411252	-0.073126469683	0.0247261602159
k__Bacteria;p__Bacteroidetes;c__Bacteroidia;o__Bacteroidales;f__Odoribacteraceae;g__Odoribacter;s__Odoribacter_splanchnicus	-0.104710593636	0.0031270048328	0.0292770295877	0.0229238535347	0.055204096622	0.077364716892	0.00442362289908	-0.0560692988268	-0.00323710823732	0.0170045769515	-0.0984017680584	0.023016885537	0.0645668586544	0.0488075082384	-0.0316418308652	-0.10288286343	-0.00149125876685	-0.0554184749427	-0.0560723761619	1.0	-0.0533678058864	0.00632496946815	-0.0555202778996	0.000349981214858	0.0317983672896	-0.0439080804681	-0.00313126971538	0.0394285751225	-0.0686380613293	-0.039580352558	-0.0448888117826	-0.0131093660463	-0.0238847925945	-0.0203511483971	0.0123932768383	0.0468891031013	0.0140268935996	-0.034697463222	0.0353963626323	-0.0784591518114	-0.0495661541902	0.000559173346206	0.01035190488	-0.0204063899325	0.0114248017773	0.0178385336444	0.0125631302607	0.0144863942474	0.0577029929917	-0.0366425526739	0.0362105981712	-0.0592892751512	0.0172460770672	-0.0426852065749	-0.0554923559109	0.0120745872875	-0.00801044172459	0.0532467394164	-0.0183753430441
k__Bacteria;p__Bacteroidetes;c__Bacteroidia;o__Bacteroidales;f__Bacteroidaceae;g__Bacteroides;s__Bacteroides_salyersiae	-0.0130781467679	0.0270391083281	-0.00781867967943	-0.0256851902193	-0.044896613088	0.0344208024475	0.00266080325457	-0.0960243165453	-0.0111364996595	-0.0286676716716	-0.0190047664912	-0.0209484499484	-0.00462474564471	0.160817577508	0.00278233591356	0.0738583127532	-0.0182605800934	0.0227632670477	0.0139789161718	-0.0533678058864	1.0	-0.0203707258156	0.0166499476864	-0.0281913070899	0.0427498211993	0.046869430335	0.0273760889819	0.0440342287445	0.0357891162546	0.0310768505709	-0.0685621573861	0.0179207675428	-0.00945976146748	0.012355954118	-0.0925073498293	-0.0699936902769	0.107119242845	-0.0283190090923	-0.0860631675695	-0.00196641368811	-0.0370889647379	0.0429228387138	0.00361023112872	-0.0148056540221	0.081517959928	-0.00830643212134	-0.0300184264912	-0.0262017527928	-0.0664636744237	-0.0494713163491	-0.0132768446193	-0.0137430266205	-0.062076121272	0.0125572893451	-0.0354860236096	-0.0519671472856	-0.106160090872	0.0191237935416	-0.0631433576996
k__Bacteria;p__Firmicutes;c__Clostridia;o__Clostridiales;f__Ruminococcaceae;g__Ruminiclostridium;s__[Eubacterium]_siraeum	-0.0237865858748	0.0305028343457	-0.00197324873953	-0.0642636925507	-0.0103663131074	-0.0356770877303	-0.0539066876121	-0.0182267661734	0.00474137357964	0.0058037867096	0.00298503214018	-0.0702095190349	-0.000457920708098	-0.0418173824715	-0.0265691730124	0.0119117176468	-0.0383387070645	0.025377353906	-0.0468652835724	0.00632496946815	-0.0203707258156	1.0	0.0364432912451	-0.0181230234617	-0.0900292118452	-0.00808418541298	-0.0546528699953	-0.0691179930886	-0.0762121414491	-0.0562699517986	-0.0183788013477	0.0294450121885	-0.0349898840508	-0.0151504346732	0.044475663507	-0.00384140555581	-0.0316363916144	-0.0516557925322	-0.00628824744603	0.0259057097816	-0.0370227225749	-0.0321877918421	-0.0459421000339	-0.0108036123314	0.0468267512038	0.0223726575955	-0.0156608470529	-0.0126778762258	0.0060495647748	-0.0428562649085	0.0224203763956	-0.0232414288821	0.00861820248323	-0.0222501552974	0.0258409902532	-0.0196778179802	0.0504529228924	-0.00280649846383	0.0557728634373
k__Bacteria;p__Proteobacteria;c__Betaproteobacteria;o__Burkholderiales;f__Sutterellaceae;g__Parasutterella;s__Parasutterella_excrementihominis	0.00231554821763	-0.000124708176122	0.0324252257296	-0.0877403628069	-0.0597697070911	-0.0124308702609	-0.00685061557331	-0.084626986742	-0.0359454537887	0.00377246820716	-0.0295273781307	0.0311269620396	-0.0279687856011	-0.0329112136404	0.0340271652075	0.0188392663943	-0.0886766702104	-0.0371013581114	0.00419312326595	-0.0555202778996	0.0166499476864	0.0364432912451	1.0	0.0984950204841	-0.0997305626254	-0.0672974948832	0.0137571330928	-0.0423076110592	0.00348038770809	0.0165688041668	-0.0160064667355	0.0447218383038	-0.003039248407	-0.0402686538658	0.0884613751283	-0.0418463326167	0.0297489840062	-0.0208921528237	-0.0223591317787	-0.0693223050549	0.0280179194012	-0.00814268664519	-0.0140120093631	-0.0191361311066	-0.0559044956337	-0.000930323316944	0.0705190095326	-0.0491560081331	-0.0152593441227	0.00159185196698	-0.0415549528702	-0.0470428519138	0.0439089882659	0.0138446721149	-0.00735239256787	0.0231073713287	-0.0499570275885	-0.00380989782378	0.0276067492359
k__Bacteria;p__Actinobacteria;c__Actinobacteria;o__Bifidobacteriales;f__Bifidobacteriaceae;g__Bifidobacterium;s__Bifidobacterium_adolescentis	0.0438272247471	0.0418896038951	-0.0235489365932	-0.00183025740628	0.00218541638375	-0.0698276077933	0.0408947623319	-0.00683976495735	0.0159362622405	-0.0457933708026	-0.0706829113296	0.0123423599751	0.00983322355915	-0.054269635892	-0.0484576157428	-0.0378809058282	0.00410071685281	-0.05088379542	0.0052561683278	0.000349981214858	-0.0281913070899	-0.0181230234617	0.0984950204841	1.0	-0.0345293984406	-0.0328276108835	-0.00365056232846	0.0245358681557	0.0920345973287	0.027633029099	-0.0499530046876	0.0132291559274	-0.028167760581	-0.0309022193327	-0.0295730315788	0.00195516609932	-0.0803227758625	-0.0373698539223	-0.0835658061	0.00952096633236	0.0395479902719	0.0600280143306	-0.0418414583911	-0.010125965123	0.0216828926205	0.0221429351607	0.050679803322	0.048929186091	-0.0520600936148	0.0361534676764	-0.0245042548707	-0.0315157928129	0.0333264629453	-0.0408536571573	-0.0262529471639	0.0811180720539	-0.0204103043895	-0.0420622273046	-0.0497203393578
k__Bacteria;p__Firmicutes;c__Clostridia;o__Clostridiales;f__Oscillospiraceae;g__Oscillibacter;s__Oscillibacter_sp._KLE_1745	0.00273965566	0.049704521481	-0.00453481832119	-0.0157347120273	0.0362880870193	-0.0211837701044	0.0801861177571	0.0221527802455	-0.0389273928839	-0.0393532976885	0.0503958894466	0.00764068381543	0.00730124482597	-0.00459245358521	-0.0635315028854	-0.0198707700333	0.0286213060459	0.0249720304773	-0.0311625774664	0.0317983672896	0.0427498211993	-0.0900292118452	-0.0997305626254	-0.0345293984406	1.0	-0.0772838355528	-0.0260131718409	-0.0211644479175	-0.0479669570136	0.0135418281195	0.010119627389	0.0364499444235	-0.0391707878756	-0.0540882631967	-0.0715276676557	-0.0711214093219	0.0115409094033	0.0295282649404	0.00987954174772	-0.0136687953656	0.0474731774424	-0.0635931448354	-0.0927180061576	0.00903392082548	-0.0586873187202	-0.00683560088545	0.0239318970326	-0.0149027959007	-0.0474766032531	-0.0217593429609	0.0236969685432	0.0188528173518	-0.0629316800189	-0.0466881060675	-0.0218212992122	-0.00787638082612	0.0114453333204	-0.0105438822599	0.0797882096029
k__Bacteria;p__Bacteroidetes;c__Bacteroidia;o__Bacteroidales;f__Bacteroidaceae;g__Bacteroides;s__Bacteroides_coprophilus	0.0222402137327	0.0636149361168	0.0499007068754	-0.0455646688085	-0.00230111809763	0.000399021998464	0.0138462982577	0.0425504938241	-0.0759759771977	-0.0411605095718	-0.0430547472728	0.026185188382	-0.0339427947879	0.0229065761726	-0.0269436072164	-0.0988354286296	-0.0338910848133	0.0298971237022	-0.0904057790579	-0.0439080804681	0.046869430335	-0.00808418541298	-0.0672974948832	-0.0328276108835	-0.0772838355528	1.0	0.0361122934588	-0.0444324416097	0.0621277646534	0.0234898199887	0.00133708588622	-0.0450190119023	-0.0459802717721	0.00150743449977	0.028531617475	0.0272718768596	-0.0102736780266	0.0431831713632	-0.0164468771963	0.0167934439645	0.0110490566209	-0.0161940179537	0.108524414674	-0.0243266246846	-0.00625782108058	-0.0276357410987	0.0103633042664	-0.00419258162777	0.0676834341379	0.0596890774492	-0.0249467234816	-0.0287885868394	-0.0491847279195	-0.0696749976974	-0.0182153472554	-0.0399952465966	-0.0223866891302	0.038377329533	-0.0297566332569
k__Bacteria;p__Firmicutes;c__Clostridia;o__Clostridiales;f__Lachnospiraceae;g__Roseburia;s__Roseburia_intestinalis	0.0460723095387	0.0513004079605	0.0534247564929	0.00614996356684	-0.0195110831195	-0.0171580190532	-0.0496030442125	-0.0472251425198	-0.0890529137205	0.00156666818236	0.0133211069951	-0.0414267452038	-0.0278288457379	-0.0487015627456	0.00718984327622	-0.0117072386082	-0.0364779087207	0.028437837827	-0.0219355257207	-0.00313126971538	0.0273760889819	-0.0546528699953	0.0137571330928	-0.00365056232846	-0.0260131718409	0.0361122934588	1.0	0.0250503553649	-0.0723027999583	-0.0609594209857	-0.00978237376794	0.00396064893	-0.00121681481163	0.00448425359044	0.013044741915	-0.0399527471246	-0.032245286161	-0.0347180529403	0.0203078463146	-0.0341075286376	-0.00724574452573	0.0524068203422	-0.0188599898878	-0.00920420795012	-0.0125160752817	-0.0327137997162	-0.0206358377061	0.0615859760589	-0.035089747675	0.0637620314165	-0.0449830063729	0.0131505808502	-0.0139867208047	0.0250646398668	-0.0114826837063	-0.0773745513516	0.0443788604598	0.0203348482807	-0.0734166678425
k__Bacteria;p__Firmicutes;c__Clostridia;o__Clostridiales;f__Lachnospiraceae;g__Roseburia;s__Roseburia_hominis	-0.0791835157518	-0.0715313751243	0.0583223170782	0.0308770769507	0.0807543291044	-0.0308758954231	0.0388945844023	-0.0237832069299	0.0448049864356	0.0230821517764	-0.0211763542605	0.00376611782696	0.00812183447411	0.0380484721723	0.0260260364169	0.0298301348056	0.0167173916048	0.0125275687812	-0.050272953834	0.0394285751225	0.0440342287445	-0.0691179930886	-0.0423076110592	0.0245358681557	-0.0211644479175	-0.0444324416097	0.0250503553649	1.0	-0.0125958103663	-0.0417104158678	-0.0164182281655	0.0593255344344	-0.0598509899754	0.00114080424383	-0.0619942426177	0.0111269383627	0.0122329326088	-0.06445040183	0.0494961854035	-0.0377924212206	0.044623651402	-0.00134367594172	-0.0718021705196	-0.0753741894527	-0.0640068655757	-0.00843964994241	-0.101493107144	0.0251533239912	0.0298265278455	-0.0675866990308	-0.0151082370893	0.0103073498356	-0.0200992495245	0.0130048768148	-0.105290543023	0.0964638345047	0.0754554181696	0.016422504499	-0.0736971706795
k__Bacteria;p__Bacteroidetes;c__Bacteroidia;o__Bacteroidales;f__Porphyromonadaceae;g__Parabacteroides;s__Parabacteroides_johnsonii	0.00322317024065	0.0461312100119	-0.0416275670826	-0.0160725851185	-0.0439874891763	-0.0841645671348	-0.0395449092205	-0.00432714156573	0.0615858065721	-0.0475700791948	-0.043538805697	-0.00298721788874	-0.00166831435472	0.117050548712	0.0315398563124	-0.0245909119213	-0.0617248844076	-0.037704528293	-0.121693539558	-0.0686380613293	0.0357891162546	-0.0762121414491	0.00348038770809	0.0920345973287	-0.0479669570136	0.0621277646534	-0.0723027999583	-0.0125958103663	1.0	-0.0211797548949	-0.00883564371063	0.0616232751347	0.0109652023799	0.0154833091269	-0.0574217488435	-0.0441641292696	0.0284374150624	-0.0249223437995	-0.0528192254227	-0.0801779787397	0.0268575943658	0.0264067674678	-0.0252912651527	-0.0608208689733	0.00155138011271	0.0969977927694	0.0733492020533	0.0748490873717	0.0370206091949	0.00992105931929	0.0102570420512	-0.0357641091168	0.0231788007801	-0.0556195842483	0.0362677085453	0.00742064102672	-0.0335913354305	-0.0889162101486	0.0225327229935
k__Bacteria;p__Actinobacteria;c__Actinobacteria;o__Bifidobacteriales;f__Bifidobacteriaceae;g__Bifidobacterium;s__Bifidobacterium_longum	-0.0842155906735	0.014995164077	-0.0179597828471	-0.00448745199781	-0.00767579502292	-0.0142391530179	0.0585254991524	0.0394471313914	0.00836715710649	-0.0407061257657	-0.0609742573099	-0.0348568487713	-0.0433195666631	-0.0254731448094	-0.0430122592185	0.0201788666538	0.0226140157262	0.0401375435794	-0.0512715473639	-0.039580352558	0.0310768505709	-0.0562699517986	0.0165688041668	0.027633029099	0.0135418281195	0.0234898199887	-0.0609594209857	-0.0417104158678	-0.0211797548949	1.0	-0.0296334999526	0.000909472433498	0.0223332875336	0.0172665176679	-0.0544326180085	-0.04065925023	0.0312068799239	-0.00112841790017	-0.00500633836961	0.00987787852111	-0.062301660687	-0.0775597290561	-0.00713066288337	-0.0242531882077	0.0313067726212	-0.0238092757042	-0.0239792775913	0.0284002269369	-0.046630132332	-0.048761638467	-0.0170281101625	0.0366417322992	-0.0160100161344	-0.0587595182553	-0.0432180104546	0.0418698774702	-0.0308942210884	0.0185054630705	0.0128893168207
