#taxonomy	k__Bacteria;p__Bacteroidetes;c__Bacteroidia;o__Bacteroidales;f__Bacteroidaceae;g__Bacteroides;s__Bacteroides_vulgatus	k__Bacteria;p__Bacteroidetes;c__Bacteroidia;o__Bacteroidales;f__Bacteroidaceae;g__Bacteroides;s__Bacteroides_uniformis	k__Bacteria;p__Bacteroidetes;c__Bacteroidia;o__Bacteroidales;f__Rikenellaceae;g__Alistipes;s__Alistipes_putredinis	k__Bacteria;p__Bacteroidetes;c__Bacteroidia;o__Bacteroidales;f__Prevotellaceae;g__Prevotella;s__Prevotella_copri	k__Bacteria;p__Bacteroidetes;c__Bacteroidia;o__Bacteroidales;f__Bacteroidaceae;g__Bacteroides;s__Bacteroides_stercoris	k__Bacteria;p__Bacteroidetes;c__Bacteroidia;o__Bacteroidales;f__Bacteroidaceae;g__Bacteroides;s__Bacteroides_ovatus	k__Bacteria;p__Bacteroidetes;c__Bacteroidia;o__Bacteroidales;f__Rikenellaceae;g__Alistipes;s__Alistipes_shahii	k__Bacteria;p__Firmicutes;c__Clostridia;o__Clostridiales;f__Ruminococcaceae;g__Faecalibacterium;s__Faecalibacterium_prausnitzii	k__Bacteria;p__Bacteroidetes;c__Bacteroidia;o__Bacteroidales;f__Rikenellaceae;g__Alistipes;s__Alistipes_finegoldii	k__Bacteria;p__Bacteroidetes;c__Bacteroidia;o__Bacteroidales;f__Porphyromonadaceae;g__Parabacteroides;s__Parabacteroides_distasonis	k__Bacteria;p__Bacteroidetes;c__Bacteroidia;o__Bacteroidales;f__Bacteroidaceae;g__Bacteroides;s__Bacteroides_thetaiotaomicron	k__Bacteria;p__Bacteroidetes;c__Bacteroidia;o__Bacteroidales;f__Bacteroidaceae;g__Bacteroides;s__Bacteroides_coprocola	k__Bacteria;p__Bacteroidetes;c__Bacteroidia;o__Bacteroidales;f__Bacteroidaceae;g__Bacteroides;s__Bacteroides_cellulosilyticus	k__Bacteria;p__Bacteroidetes;c__Bacteroidia;o__Bacteroidales;f__Rikenellaceae;g__Alistipes;s__Alistipes_obesi	k__Bacteria;p__Firmicutes;c__Clostridia;o__Clostridiales;f__Lachnospiraceae;g__;s__[Eubacterium]_rectale	k__Bacteria;p__Bacteroidetes;c__Bacteroidia;o__Bacteroidales;f__Bacteroidaceae;g__Bacteroides;s__Bacteroides_plebeius	k__Bacteria;p__Bacteroidetes;c__Bacteroidia;o__Bacteroidales;f__Bacteroidaceae;g__Bacteroides;s__Bacteroides_fragilis	k__Bacteria;p__Proteobacteria;c__Betaproteobacteria;o__Burkholderiales;f__Sutterellaceae;g__Sutterella;s__Sutterella_wadsworthensis	k__Bacteria;p__Bacteroidetes;c__Bacteroidia;o__Bacteroidales;f__Porphyromonadaceae;g__Barnesiella;s__Barnesiella_intestinihominis	k__Bacteria;p__Bacteroidetes;c__Bacteroidia;o__Bacteroidales;f__Odoribacteraceae;g__Odoribacter;s__Odoribacter_splanchnicus	k__Bacteria;p__Bacteroidetes;c__Bacteroidia;o__Bacteroidales;f__Bacteroidaceae;g__Bacteroides;s__Bacteroides_salyersiae	k__Bacteria;p__Firmicutes;c__Clostridia;o__Clostridiales;f__Ruminococcaceae;g__Ruminiclostridium;s__[Eubacterium]_siraeum	k__Bacteria;p__Proteobacteria;c__Betaproteobacteria;o__Burkholderiales;f__Sutterellaceae;g__Parasutterella;s__Parasutterella_excrementihominis	k__Bacteria;p__Actinobacteria;c__Actinobacteria;o__Bifidobacteriales;f__Bifidobacteriaceae;g__Bifidobacterium;s__Bifidobacterium_adolescentis	k__Bacteria;p__Firmicutes;c__Clostridia;o__Clostridiales;f__Oscillospiraceae;g__Oscillibacter;s__Oscillibacter_sp._KLE_1745	k__Bacteria;p__Bacteroidetes;c__Bacteroidia;o__Bacteroidales;f__Bacteroidaceae;g__Bacteroides;s__Bacteroides_coprophilus	k__Bacteria;p__Firmicutes;c__Clostridia;o__Clostridiales;f__Lachnospiraceae;g__Roseburia;s__Roseburia_intestinalis	k__Bacteria;p__Firmicutes;c__Clostridia;o__Clostridiales;f__Lachnospiraceae;g__Roseburia;s__Roseburia_hominis	k__Bacteria;p__Bacteroidetes;c__Bacteroidia;o__Bacteroidales;f__Porphyromonadaceae;g__Parabacteroides;s__Parabacteroides_johnsonii	k__Bacteria;p__Actinobacteria;c__Actinobacteria;o__Bifidobacteriales;f__Bifidobacteriaceae;g__Bifidobacterium;s__Bifidobacterium_longum	k__Bacteria;p__Firmicutes;c__Clostridia;o__Clostridiales;f__;g__Flavonifractor;s__Flavonifractor_plautii	k__Bacteria;p__Firmicutes;c__Clostridia;o__Clostridiales;f__Clostridiaceae;g__Clostridium;s__Clostridium_phoceensis	k__Bacteria;p__Verrucomicrobia;c__Verrucomicrobiae;o__Verrucomicrobiales;f__Akkermansiaceae;g__Akkermansia;s__Akkermansia_muciniphila	k__Bacteria;p__Bacteroidetes;c__Bacteroidia;o__Bacteroidales;f__Prevotellaceae;g__Paraprevotella;s__Paraprevotella_xylaniphila	k__Bacteria;p__Firmicutes;c__Clostridia;o__Clostridiales;f__Ruminococcaceae;g__Ruminococcus;s__Ruminococcus_callidus	k__Bacteria;p__Bacteroidetes;c__Bacteroidia;o__Bacteroidales;f__Rikenellaceae;g__Alistipes;s__Alistipes_senegalensis	k__Bacteria;p__Firmicutes;c__Clostridia;o__Clostridiales;f__Lachnospiraceae;g__Blautia;s__Blautia_sp._KLE_1732	k__Bacteria;p__Bacteroidetes;c__Bacteroidia;o__Bacteroidales;f__Bacteroidaceae;g__Bacteroides;s__Bacteroides_oleiciplenus	k__Bacteria;p__Firmicutes;c__Clostridia;o__Clostridiales;f__Ruminococcaceae;g__Ruminococcus;s__Ruminococcus_bicirculans	k__Bacteria;p__Bacteroidetes;c__Bacteroidia;o__Bacteroidales;f__Bacteroidaceae;g__Bacteroides;s__Bacteroides_fluxus	k__Bacteria;p__Bacteroidetes;c__Bacteroidia;o__Bacteroidales;f__Prevotellaceae;g__Prevotella;s__Prevotella_stercorea	k__Bacteria;p__Firmicutes;c__Clostridia;o__Clostridiales;f__Lachnospiraceae;g__Dorea;s__Dorea_longicatena	k__Bacteria;p__Firmicutes;c__Clostridia;o__Clostridiales;f__Eubacteriaceae;g__Eubacterium;s__[Eubacterium]_eligens	k__Bacteria;p__Firmicutes;c__Clostridia;o__Clostridiales;f__Ruminococcaceae;g__;s__Ruminococcaceae_bacterium_D16	k__Bacteria;p__Firmicutes;c__Clostridia;o__Clostridiales;f__Lachnospiraceae;g__Coprococcus;s__Coprococcus_comes	k__Bacteria;p__Proteobacteria;c__Gammaproteobacteria;o__Enterobacterales;f__Enterobacteriaceae;g__Escherichia;s__Escherichia_coli	k__Bacteria;p__Firmicutes;c__Clostridia;o__Clostridiales;f__Ruminococcaceae;g__Anaerotruncus;s__Anaerotruncus_colihominis	k__Bacteria;p__Firmicutes;c__Clostridia;o__Clostridiales;f__Lachnospiraceae;g__Blautia;s__Blautia_obeum	k__Bacteria;p__Bacteroidetes;c__Bacteroidia;o__Bacteroidales;f__Odoribacteraceae;g__Odoribacter;s__Odoribacter_laneus	k__Bacteria;p__Firmicutes;c__Clostridia;o__Clostridiales;f__Ruminococcaceae;g__Ruminiclostridium;s__[Clostridium]_leptum	k__Bacteria;p__Bacteroidetes;c__Bacteroidia;o__Bacteroidales;f__Porphyromonadaceae;g__Parabacteroides;s__Parabacteroides_goldsteinii	k__Bacteria;p__Firmicutes;c__Clostridia;o__Clostridiales;f__Lachnospiraceae;g__Anaerostipes;s__Anaerostipes_hadrus	k__Bacteria;p__Firmicutes;c__Clostridia;o__Clostridiales;f__Ruminococcaceae;g__Ruminococcus;s__Ruminococcus_lactaris	k__Bacteria;p__Firmicutes;c__Clostridia;o__Clostridiales;f__Clostridiaceae;g__Clostridium;s__Clostridium_sp._L2-50	k__Bacteria;p__Firmicutes;c__Clostridia;o__Clostridiales;f__Clostridiaceae;g__Clostridium;s__Clostridium_sp._M62/1	k__Bacteria;p__Firmicutes;c__Clostridia;o__Clostridiales;f__;g__Intestinimonas;s__Intestinimonas_butyriciproducens	k__Bacteria;p__Actinobacteria;c__Actinobacteria;o__Bifidobacteriales;f__Bifidobacteriaceae;g__Bifidobacterium;s__Bifidobacterium_bifidum	k__Bacteria;p__Firmicutes;c__Negativicutes;o__Veillonellales;f__Veillonellaceae;g__Dialister;s__Dialister_invisus	k__Bacteria;p__Bacteroidetes;c__Bacteroidia;o__Bacteroidales;f__Bacteroidaceae;g__Bacteroides;s__Bacteroides_salanitronis
k__Bacteria;p__Bacteroidetes;c__Bacteroidia;o__Bacteroidales;f__Bacteroidaceae;g__Bacteroides;s__Bacteroides_vulgatus	1.0	0.000116334865009	-0.0659859779685	-0.0625706315495	-0.044069230048	-0.090944663825	0.0376943100509	0.0269117353695	-0.00498925984051	-0.0330742472131	-0.00649919634145	-0.00678023661807	0.0356580471655	-0.0025516058029	0.0657878831692	0.0155821782289	0.00405864164207	0.020617030949	-0.0391637256414	0.00544985556539	0.000108800639681	-0.0289044925038	0.0308835770361	-0.0438180379099	0.00550748297817	0.00475534596357	0.00957169612151	0.0219587115753	0.000458606069461	0.0513673751553	0.00532454075334	-0.015155842013	0.0271291854438	-0.0335328299995	-0.00279133744793	0.00255674160397	0.0306754406624	0.00874709468997	-0.014955480111	-0.023646671677	-0.0372867863074	-0.048579506603	-0.00280429149971	0.0466422745659	-0.101058612369	-0.0247560245817	-0.0281923590177	-0.0517864541051	0.0193709408715	-0.0772315199876	0.0564413964166	-0.0533012788383	0.0420732570988	0.0292934731148	0.0162586132036	-0.0337399848133	-0.0222553004433	-0.066677737824	-0.0522743204191
k__Bacteria;p__Bacteroidetes;c__Bacteroidia;o__Bacteroidales;f__Bacteroidaceae;g__Bacteroides;s__Bacteroides_uniformis	0.000116334865009	1.0	0.00059019610279	-0.0291581738119	0.00298432736429	-0.0258205969511	-0.0328261784566	0.0293810720714	-0.0300205513945	0.0666952642284	-0.0555993130274	0.0302496651773	0.056548885564	-0.0343309096257	-0.0425390198796	0.0957803651538	-0.0429372799267	0.00208654884786	0.00668611818604	0.0222518259323	0.0162049251814	-0.00894756922968	0.0707876758802	-0.0351910394007	0.0267536385723	-0.0242064320813	0.0556229897386	-0.034871511356	-0.0271406194126	-0.0404075114603	0.0343780310373	-0.0541944789144	-0.0320396293285	0.0684929961392	-0.0159248345093	-0.0288694071919	-0.101677747336	0.00919457881241	0.0381164686904	-0.0926046135513	-0.0634424188438	-0.055308765413	-0.0454116925488	0.0242698801839	-0.0676274947523	0.0137445643815	0.0157418360703	0.0526417986956	-0.037194543459	-0.0186096966804	-0.00321886308548	-0.0236384158522	-0.0235660445448	-0.0269431942981	-0.00505256321376	-0.0201977972363	-0.00146653950347	-0.0180725137969	0.0393947522737
k__Bacteria;p__Bacteroidetes;c__Bacteroidia;o__Bacteroidales;f__Rikenellaceae;g__Alistipes;s__Alistipes_putredinis	-0.0659859779685	0.00059019610279	1.0	0.00807571232999	0.0130053816646	0.0225181224634	-0.0807726161088	-0.0342037547942	-0.00331120885332	-0.0156004271368	0.0704243478757	0.0141864292093	-0.040735292026	-0.0359016274451	-0.000101060780588	-0.017589966102	-0.0148759441374	-0.0259311748528	0.0053677902678	-0.0258391744859	-0.0329568987915	0.0181036005414	0.033156978042	0.018882416626	-0.0137822496159	-0.0203323102235	-0.0591463547467	-0.0178744021555	0.032344386919	-0.0884329038798	0.010204985849	0.0236441511237	-0.00954458371956	-0.0431893788943	0.00350933394841	-0.0661580472939	-0.0402263072681	-0.0143269432354	-0.00888834166249	-0.0209575818168	-0.0497530511148	-0.00365429905583	-0.0121363954484	-0.0426850037652	-0.068846324279	-0.0423081808675	0.0697703762479	-0.0548228602897	0.0210273499967	0.0451745269107	7.05309467119e-05	0.0337638819208	-0.0341460632273	-0.0159918957037	0.0392884145688	0.0147548116266	-0.0203960293893	0.0183140749843	-0.0203946628977
k__Bacteria;p__Bacteroidetes;c__Bacteroidia;o__Bacteroidales;f__Prevotellaceae;g__Prevotella;s__Prevotella_copri	-0.0625706315495	-0.0291581738119	0.00807571232999	1.0	-0.000402312813578	0.0285896821114	0.0596492615497	0.0145884096728	-0.0455635808241	0.000454391808238	-0.03687144227	-0.0917421953591	-0.0561265263659	-0.038214617061	-0.0403671704469	-0.00832008680192	-0.0123761880765	0.0192160849599	-0.0642603728245	0.0699605086393	-0.0201967367022	0.0272380254873	-0.00609842912825	-0.0408956940723	-0.0831108379707	0.00371217747347	-0.00388163336099	0.0466239975729	-0.0161837058557	-0.0101308924223	0.0426614991354	-0.038670027456	-0.104298307178	-0.0588363496328	-0.0863155481539	0.0354369667258	0.00677176772386	-0.000383625167339	-0.116353207304	0.082286800344	-0.00119049665877	-0.00882100038659	0.0672849899794	0.00644567225379	-0.00674419296563	0.00939828444672	-0.0156918606577	-0.0259464667575	0.0424718232972	0.0692555750796	0.0413936943075	-0.00639503778119	0.029125362714	0.00208577533345	-0.107928663766	-0.0652172867343	-0.00251085503252	0.00124075740989	-0.026221701465
k__Bacteria;p__Bacteroidetes;c__Bacteroidia;o__Bacteroidales;f__Bacteroidaceae;g__Bacteroides;s__Bacteroides_stercoris	-0.044069230048	0.00298432736429	0.0130053816646	-0.000402312813578	1.0	-0.0173973506597	-0.0280787832722	-0.0151430895854	-0.0924418737993	-0.0100553441422	-0.0218004471968	-0.0325631072625	-0.0340365739425	0.0244283998077	-0.0282028075689	0.0857126228423	-0.000851133670116	0.0431476341917	0.0248888903437	-0.0504467424176	-0.0389939038487	-0.0246536914332	-0.0522773239049	-0.0298361694195	-0.00835947964835	-0.00206325508213	-0.0609852289395	-0.0337465393363	-0.00781726910936	0.0159304737035	-0.0241324844281	0.0381114687365	-0.0898432139599	-0.0744815726913	-0.00622287319564	0.0217017467561	0.0492508537399	-0.00422220504548	-0.0307022311695	-0.0308639903802	-0.10909698244	0.0423766383717	-0.010228381074	0.0736760655433	0.00598376652601	0.00470873208832	-0.0626058620935	0.0839744754052	0.00715261765141	-0.0267804857238	-0.0386451482503	-0.0396950505673	0.0122163015695	0.0198792729824	0.0416765576438	0.00365543155528	-0.0137848269937	-0.0316963008477	0.0112339626952
k__Bacteria;p__Bacteroidetes;c__Bacteroidia;o__Bacteroidales;f__Bacteroidaceae;g__Bacteroides;s__Bacteroides_ovatus	-0.090944663825	-0.0258205969511	0.0225181224634	0.0285896821114	-0.0173973506597	1.0	-0.0120222088951	-0.0514407764339	-0.0764131927655	0.0369025043794	0.0549815512632	-0.0681733355676	-0.026088174892	-0.0346155969547	0.030678029694	0.0113147783527	0.0129161757606	-0.0399102492942	-0.0488325921394	-0.0213036724276	-0.0203522108067	-0.0461280600629	0.00436013688894	-0.0521638149759	0.0501537117065	0.0392614132239	0.0247551384405	-0.00456734994686	-0.0110460677602	0.0166542086546	-0.00528116132645	-0.0598538879022	-0.0582750919956	0.0397903603638	0.0270019574764	-0.0956515599861	0.0114985143414	-0.0124900968253	-0.018757008501	0.0324628226355	-0.00588995280733	-0.0424395153712	-0.0435821952253	0.0382242589496	0.0264831594761	-0.00579710230449	-0.00228600841553	0.00914415441452	-0.0460863990093	-0.00141628162167	-0.0365752131599	-0.0575678795236	0.076391309098	0.0295740275473	-0.00841178964494	-0.0457696245688	-0.0252946225383	-0.0195293669679	0.0751956050768
k__Bacteria;p__Bacteroidetes;c__Bacteroidia;o__Bacteroidales;f__Rikenellaceae;g__Alistipes;s__Alistipes_shahii	0.0376943100509	-0.0328261784566	-0.0807726161088	0.0596492615497	-0.0280787832722	-0.0120222088951	1.0	-0.0129313343656	0.0237753476838	-0.0404090216424	0.0446027833731	0.0283398419319	-0.0132139643588	0.0210098491677	-0.0500929289972	0.0198688481598	0.030526727827	-0.0477428460893	0.0257980550208	0.00510809703198	-0.0826151100773	-0.0230473632293	-0.0385392002379	-0.0313972459805	0.0265116261034	-0.053313262723	0.0182960499543	-0.0226887486299	-0.0540138682234	0.00270596918959	0.0461805081864	-0.029970281025	-0.0711624689306	0.00590979840277	-0.0188075321227	-0.0432227276797	-0.0833145259115	-0.0173195864845	-0.0347194165395	0.00439303693405	0.0291884439732	-0.0122398210143	-0.0573870821947	-0.0233941731971	-0.0523503629037	0.0555485002223	-0.000716108045404	0.0437690753157	0.0272816796439	0.0668241419482	-0.0391517089488	-0.0192464053198	0.0316622634742	-0.0576114903061	-0.0299116805348	-0.0198332135121	-0.0102941379669	0.0156624435993	0.0168658945097
k__Bacteria;p__Firmicutes;c__Clostridia;o__Clostridiales;f__Ruminococcaceae;g__Faecalibacterium;s__Faecalibacterium_prausnitzii	0.0269117353695	0.0293810720714	-0.0342037547942	0.0145884096728	-0.0151430895854	-0.0514407764339	-0.0129313343656	1.0	0.0228911123148	0.00221465824397	-0.006255678638	-0.0532569563666	0.0235414243669	0.0283641053389	-0.0735489974753	-0.00187086584841	-0.00113838381037	0.0199561370508	-0.0338221929329	-0.0264876272992	-0.0100464783896	0.0598167498749	-0.0132728514582	-0.0551088276077	0.0488086473307	-0.0874297712277	0.00580216185969	-0.0163301553805	-0.0276605845338	0.0692108926744	0.00478672855702	0.0384124983198	0.0121721369105	0.0231616632856	-0.00708601930655	-0.00112761288621	-0.0504793516164	-0.0745801484303	-0.0411136917601	0.00278925393145	0.0359240653672	0.0312633281843	-0.0184641443377	-0.0283426313557	0.0216106896336	0.0697704020572	-0.0287307677829	-0.0152448180808	0.0214181259804	-0.0673212526307	-0.00595646249357	0.00835312603839	-0.0729415662546	-0.0222486348137	-0.0943306192296	-0.00447507907822	-0.0561179460876	-0.00398574188172	0.0528868031112
k__Bacteria;p__Bacteroidetes;c__Bacteroidia;o__Bacteroidales;f__Rikenellaceae;g__Alistipes;s__Alistipes_finegoldii	-0.00498925984051	-0.0300205513945	-0.00331120885332	-0.0455635808241	-0.0924418737993	-0.0764131927655	0.0237753476838	0.0228911123148	1.0	-0.042467785279	-0.0663456764851	0.0729391484607	0.0619764942333	-0.0597271374592	-0.0750445873848	0.0138205568521	-0.0103813840011	-0.0752487723517	-0.0476245161827	-0.00490149171192	-0.0146517803461	-0.0151574596495	-0.00282527318806	0.0434452364677	0.000142186421175	-0.041924218357	0.063554328755	0.044871217521	-0.0639899593576	0.0846497203193	0.0206788317482	-0.0517508667705	-0.0604192746883	-0.00793853435719	0.0156527369088	0.0682093267199	0.00265654665982	-0.0171537385832	-0.104269036433	-0.048698663379	-0.00371723793591	-0.00307772911913	-0.0255820766692	-0.00663433344672	0.0346023124809	0.0146137248377	0.0581544851408	0.0297323913455	-0.0133447413165	0.05639711662	0.00508369420595	-0.0165752460779	-0.00324398184204	-0.0807316872824	-0.0145340463884	-0.0603795139892	-0.0357553151897	-0.0211789842171	-0.0106859511763
k__Bacteria;p__Bacteroidetes;c__Bacteroidia;o__Bacteroidales;f__Porphyromonadaceae;g__Parabacteroides;s__Parabacteroides_distasonis	-0.0330742472131	0.0666952642284	-0.0156004271368	0.000454391808238	-0.0100553441422	0.0369025043794	-0.0404090216424	0.00221465824397	-0.042467785279	1.0	-0.0188609905915	-0.0706372568902	0.0671848014189	-0.027119800562	-0.00140974262164	0.00547927798389	-0.0733074730233	0.0327769965314	-0.0794721307748	-0.0396764490224	-0.0656587070525	0.0303931920998	-0.0446730965272	0.0120542901201	0.0536205300161	-0.0114675511896	0.0436100787479	-0.103499625938	0.0134244077908	-0.0463878691968	0.000248669509142	0.00960520305934	-0.0218275465056	0.0178993154354	0.0364960621956	-0.081322190808	0.0998331251983	0.0416501029866	-0.0311224696895	-0.029126142704	-0.0164793632197	-0.0160776430356	-0.0615472893756	0.00405983920359	-0.0453439908889	0.0115663496953	0.0286760566642	-0.024724148797	0.000205656789239	0.0489852572988	-0.00229655326246	-0.0132730935083	-0.07812797648	-0.101303713908	0.0560420946798	-0.0183425909873	-0.0437805304693	0.0144595538005	0.0255730692247
k__Bacteria;p__Bacteroidetes;c__Bacteroidia;o__Bacteroidales;f__Bacteroidaceae;g__Bacteroides;s__Bacteroides_thetaiotaomicron	-0.00649919634145	-0.0555993130274	0.0704243478757	-0.03687144227	-0.0218004471968	0.0549815512632	0.0446027833731	-0.006255678638	-0.0663456764851	-0.0188609905915	1.0	-0.00736265029926	0.0418470441566	0.0525534937545	0.0234830120483	0.0116154019831	0.0675366682943	-0.00694273293722	0.0304600363157	0.00705674526099	0.0104968413412	0.02383288843	-0.0370831400769	-0.0724277721121	0.0170019057311	-0.0661529018569	-0.0340056728566	-0.0135271849937	0.00749814096634	-0.0991022993292	0.0740799363896	0.0176360110377	-0.024237506828	-0.0128293952134	-0.00482306904979	-7.21551027216e-05	-0.0233371935635	-0.0152313923658	-0.00991572528773	-0.0290600198482	0.0153728541284	-0.0530403106582	0.0102454313659	-0.0224283990155	-0.0228311414891	-0.0789686208645	-0.0360809895867	0.0081804450794	-0.0697231106138	-0.0454158757909	0.00147506988907	0.0136040392726	0.0440981082602	-0.0180318036216	-0.11418496424	-0.0196573159299	-0.0401336525617	-0.0738518433144	-0.0306997871568
k__Bacteria;p__Bacteroidetes;c__Bacteroidia;o__Bacteroidales;f__Bacteroidaceae;g__Bacteroides;s__Bacteroides_coprocola	-0.00678023661807	0.0302496651773	0.0141864292093	-0.0917421953591	-0.0325631072625	-0.0681733355676	0.0283398419319	-0.0532569563666	0.0729391484607	-0.0706372568902	-0.00736265029926	1.0	-0.0131132355295	0.0357259287434	0.0271967049425	-0.0319219684232	-0.0925260926965	-0.0296580522457	0.0302259512716	0.0356001819756	0.0300488544343	0.0256565368868	-0.0431119907877	0.00418748664665	0.00207628051307	-0.0261110844669	-0.0739742637395	-0.0508511190512	-0.0265204452372	-0.0350120046651	-0.0662768687922	-0.0155027233299	0.0435603697142	-0.0573852673576	0.0573126144399	-0.0100290163672	0.0788108433808	-0.0703435343159	-0.00397575324158	0.0232163030681	-0.115276632537	0.00265858656479	-0.0109479449228	-0.0211066626327	0.00380489758159	-0.0245499043947	0.0222930858139	-0.00355976836971	-0.0402433765529	0.018032261088	-0.0685961685558	-0.0158636325235	-0.0264138836545	-0.0217017211312	-0.00139444537039	0.00857807288478	0.0324691349441	-0.0214071243853	-0.0689102946089
k__Bacteria;p__Bacteroidetes;c__Bacteroidia;o__Bacteroidales;f__Bacteroidaceae;g__Bacteroides;s__Bacteroides_cellulosilyticus	0.0356580471655	0.056548885564	-0.040735292026	-0.0561265263659	-0.0340365739425	-0.026088174892	-0.0132139643588	0.0235414243669	0.0619764942333	0.0671848014189	0.0418470441566	-0.0131132355295	1.0	-0.0526417182441	-0.0238482289799	0.0163238637878	-0.00335139448363	-0.0270118213284	0.00259870025131	-0.135037561566	0.0391121527396	0.0177886074479	0.0154171933544	-0.0622818630867	0.0329187224223	-0.0273072119846	0.068089405489	-0.0161991027748	-0.0234178184998	0.0318475004324	-0.0429503843899	0.0655865609157	-0.00941047733895	-0.0356981745185	-0.0195154481699	-0.0153409217048	-0.115342945072	-0.0117296995635	0.060872975229	0.0103280013466	0.032889999389	-0.0111523650597	-0.0372263888483	-0.0185581437999	-0.0646608417523	-0.0441392017499	0.0319061426722	0.00211854407255	-0.0587500067698	-0.07143732527	0.0111791835476	-0.0964611396193	-0.0293271846199	-0.0234862685882	0.058040397184	-0.0203614625762	-0.00651455960281	-0.000906204321008	0.0252178697427
k__Bacteria;p__Bacteroidetes;c__Bacteroidia;o__Bacteroidales;f__Rikenellaceae;g__Alistipes;s__Alistipes_obesi	-0.0025516058029	-0.0343309096257	-0.0359016274451	-0.038214617061	0.0244283998077	-0.0346155969547	0.0210098491677	0.0283641053389	-0.0597271374592	-0.027119800562	0.0525534937545	0.0357259287434	-0.0526417182441	1.0	0.0772277628601	-0.0750938291798	0.0619794141761	-0.00544333418119	-0.0290670112562	0.00738264218124	-0.0400006620537	0.028806761353	-0.0416616055471	-0.0145639192037	-0.0472432011448	-0.00207135973976	-0.0366169938975	-0.0375411940884	0.0320764167573	-0.00507520430151	-0.102853232824	0.00449251761169	0.0172870735232	0.0154464442888	-0.00537911545934	-0.0208638302812	0.00764265978	-0.0344791280872	-0.0851022086222	0.0148687378092	0.0645658289057	0.0738750510569	-0.0245450920074	0.0549591813508	-0.0561557131479	0.0102456033379	-0.0344967021516	-0.0256312202241	-0.0214162806118	-0.082798509214	-0.0116006150858	0.017453105736	-0.0254938852825	-0.00320289314964	0.0765557684645	0.00507255763255	-0.0383171878202	-0.0294997742212	-0.0451271891283
k__Bacteria;p__Firmicutes;c__Clostridia;o__Clostridiales;f__Lachnospiraceae;g__;s__[Eubacterium]_rectale	0.0657878831692	-0.0425390198796	-0.000101060780588	-0.0403671704469	-0.0282028075689	0.030678029694	-0.0500929289972	-0.0735489974753	-0.0750445873848	-0.00140974262164	0.0234830120483	0.0271967049425	-0.0238482289799	0.0772277628601	1.0	-0.0128956593195	-0.0656781869086	-0.0431533921973	0.0117965802384	0.00573723533546	0.0330722822456	-0.00410495131401	0.0524658430017	-0.0448903730254	-0.0400970517995	-7.00393112044e-05	0.0610949193525	-0.0363099908912	0.00605543924182	-0.0447050027524	-0.0279152905629	0.0280008619048	-0.00590179494879	0.0491500400441	0.0717914379797	-0.0364684246026	0.0194055863156	0.03209136601	0.0484461447148	0.0101526756124	0.0302098493564	-0.0294946190594	0.0612563840375	-0.0499029710513	-0.0111683016148	-0.0133281850645	-0.0236316503827	-0.0302848275019	0.00188232681788	-0.0605029198284	0.00675926362525	0.0345118480695	0.0670983395232	0.0234091655897	-0.0601867243869	-0.0042755814371	-0.0301300846565	-0.0423033434312	-0.00934467078412
k__Bacteria;p__Bacteroidetes;c__Bacteroidia;o__Bacteroidales;f__Bacteroidaceae;g__Bacteroides;s__Bacteroides_plebeius	0.0155821782289	0.0957803651538	-0.017589966102	-0.00832008680192	0.0857126228423	0.0113147783527	0.0198688481598	-0.00187086584841	0.0138205568521	0.00547927798389	0.0116154019831	-0.0319219684232	0.0163238637878	-0.0750938291798	-0.0128956593195	1.0	-0.0408802337035	0.0329035597816	-0.0109166149471	-0.0918599373541	-0.100182775137	-0.0211656527554	-0.0307719651549	-0.0648307642868	-0.0112533310551	-0.031178231479	-0.00762679619388	0.0098689068012	-0.0298197458251	0.0502851282914	-0.0498364077976	-0.0309503177527	0.0330871609951	-0.00490920061422	0.00914623202204	-0.0623015281163	-0.0091284238825	-0.0820237403544	0.0323797580742	0.0162960073715	-0.027983943822	-0.0650052405941	0.0100295757027	-0.0183107823557	-0.133777383701	0.0543416125724	-0.0652989349523	0.020720595262	-0.0147916008315	0.0274946313423	0.0149352865531	-0.0298477426863	0.0373666318012	-0.00443767884993	-0.0647821148096	0.0258778992245	-0.0183154785054	-0.0305907103552	0.0401204450492
k__Bacteria;p__Bacteroidetes;c__Bacteroidia;o__Bacteroidales;f__Bacteroidaceae;g__Bacteroides;s__Bacteroides_fragilis	0.00405864164207	-0.0429372799267	-0.0148759441374	-0.0123761880765	-0.000851133670116	0.0129161757606	0.030526727827	-0.00113838381037	-0.0103813840011	-0.0733074730233	0.0675366682943	-0.0925260926965	-0.00335139448363	0.0619794141761	-0.0656781869086	-0.0408802337035	1.0	-0.00064887699859	-0.0481168808026	-0.0533167039224	-0.00781567440188	-0.0826485168373	0.0331591216519	0.0124983258579	-0.0135758728264	-0.0434158184847	-0.0271422437636	0.0670447557691	-0.0209000410499	-0.0149745686976	0.0243743751859	-0.00558973317081	0.00833265835995	-0.0042180152867	-0.0323855756575	0.0276664760707	-0.0313777422575	0.0339873889663	0.0195510218449	-0.00846500113521	0.0460940153735	-0.0194943980555	-0.020761096092	0.0340166634357	-0.00224921428655	-0.00906460772746	0.0323705659615	0.0504744829258	0.0217978458899	-0.0136604772102	0.0826630963537	-0.000313206025001	-0.07051198574	-0.0486365656066	-0.0407677820458	-0.0375009066394	-0.055777943734	0.0708819111222	-0.0101566084948
k__Bacteria;p__Proteobacteria;c__Betaproteobacteria;o__Burkholderiales;f__Sutterellaceae;g__Sutterella;s__Sutterella_wadsworthensis	0.020617030949	0.00208654884786	-0.0259311748528	0.0192160849599	0.0431476341917	-0.0399102492942	-0.0477428460893	0.0199561370508	-0.0752487723517	0.0327769965314	-0.00694273293722	-0.0296580522457	-0.0270118213284	-0.00544333418119	-0.0431533921973	0.0329035597816	-0.00064887699859	1.0	0.0358006129811	-0.0685704881617	0.00739484044358	-0.0277673449755	-0.00889392247028	0.00446027132661	-0.0255183384308	-0.0369655046879	-0.0105201288202	-0.0164482123199	0.0261063977719	0.0690947160474	-0.0112642704704	0.0316234622427	0.000490004299249	-0.0735030832543	-0.00610275485376	0.0103881589604	0.0355313877743	-0.0217641890618	-0.0612832878953	-0.0571429148458	-0.071062181712	0.0222862573664	0.00927252880017	-0.0275290603644	0.0117998419607	-0.010995484411	-0.0425395733208	0.022103471376	0.0376788573754	0.0324650603927	-0.0153190042942	-0.0208759624335	0.0166644802577	-0.0132867731472	-0.0872793216872	-0.0156817761089	0.0347078709916	0.00525978094137	-0.0412032204925
k__Bacteria;p__Bacteroidetes;c__Bacteroidia;o__Bacteroidales;f__Porphyromonadaceae;g__Barnesiella;s__Barnesiella_intestinihominis	-0.0391637256414	0.00668611818604	0.0053677902678	-0.0642603728245	0.0248888903437	-0.0488325921394	0.0257980550208	-0.0338221929329	-0.0476245161827	-0.0794721307748	0.0304600363157	0.0302259512716	0.00259870025131	-0.0290670112562	0.0117965802384	-0.0109166149471	-0.0481168808026	0.0358006129811	1.0	0.0514440299861	-0.0645241208879	0.00551565726919	-0.0230356884218	-0.135608973998	0.0135221751428	0.0136094705911	0.019842622182	-0.0238785186867	0.0212666553481	0.0675686424617	-0.0560907620926	-0.079887437736	-0.0326423845091	0.000321586408813	-0.106798966104	-0.0312876605043	0.0384173821747	0.0209365108107	0.00763487099746	-0.11573101116	0.0193019223219	0.0457426041472	0.010628329743	0.0811112514486	-0.0461261705715	-0.0224282440856	-0.0347791369338	0.0451731202132	0.0260738521926	0.0533148459976	-0.0347471397719	0.0202007507805	-0.0179902748857	0.00666981097701	0.0475961688891	-0.0327686129662	0.0914850841901	-0.0357238444366	-0.0902444876414
k__Bacteria;p__Bacteroidetes;c__Bacteroidia;o__Bacteroidales;f__Odoribacteraceae;g__Odoribacter;s__Odoribacter_splanchnicus	0.00544985556539	0.0222518259323	-0.0258391744859	0.0699605086393	-0.0504467424176	-0.0213036724276	0.00510809703198	-0.0264876272992	-0.00490149171192	-0.0396764490224	0.00705674526099	0.0356001819756	-0.135037561566	0.00738264218124	0.00573723533546	-0.0918599373541	-0.0533167039224	-0.0685704881617	0.0514440299861	1.0	0.0239247164934	-0.0141117957089	0.012172891197	0.00695003852871	-0.0364152512381	-0.00506192242393	-0.00758072773387	0.0297449846815	-0.00159372228878	-0.0436507913117	0.00695062237987	0.00900045159895	0.0141725396054	0.0355333559284	0.0424705242266	0.0574523333138	-0.0681683801467	0.00247432766318	-0.059683392405	-0.0311448545489	-0.00302973243351	0.0392079395903	0.047230726574	-0.0186762528796	-0.0879069167193	-0.0345092416863	-0.0145823187659	-0.02223511058	0.0149209733249	0.0025892668902	-0.029748525464	0.0515856631017	-0.0646682732667	-0.0167606914228	-0.0799742890913	-0.0322386220491	0.0239708165076	-0.0200081534002	-0.00276083252684
k__Bacteria;p__Bacteroidetes;c__Bacteroidia;o__Bacteroidales;f__Bacteroidaceae;g__Bacteroides;s__Bacteroides_salyersiae	0.000108800639681	0.0162049251814	-0.0329568987915	-0.0201967367022	-0.0389939038487	-0.0203522108067	-0.0826151100773	-0.0100464783896	-0.0146517803461	-0.0656587070525	0.0104968413412	0.0300488544343	0.0391121527396	-0.0400006620537	0.0330722822456	-0.100182775137	-0.00781567440188	0.00739484044358	-0.0645241208879	0.0239247164934	1.0	-0.0392444780223	0.0240974614261	-0.0592738294144	0.0078263605607	0.0185742900212	-0.0497099326599	-0.0160486718425	-0.0651664291173	-0.0222568445005	0.0391735256514	0.0603023009914	-0.0390103801991	0.00426826161125	0.0028952626113	0.03808985355	0.0439509345442	0.0236144697865	0.0325164340129	-0.0595635497412	-0.0119019169602	-0.0621389321266	-0.0162090945449	-0.0275403690277	0.0296768915207	-0.0212483304012	-0.0134866859428	-0.0171441664645	-0.0918903466602	0.00956765467687	-0.044870282697	0.0563737497345	0.00259450659919	0.0241330703799	-0.011486076862	0.0103435017595	0.00696275751079	0.0307801323389	-0.031863997421
k__Bacteria;p__Firmicutes;c__Clostridia;o__Clostridiales;f__Ruminococcaceae;g__Ruminiclostridium;s__[Eubacterium]_siraeum	-0.0289044925038	-0.00894756922968	0.0181036005414	0.0272380254873	-0.0246536914332	-0.0461280600629	-0.0230473632293	0.0598167498749	-0.0151574596495	0.0303931920998	0.02383288843	0.0256565368868	0.0177886074479	0.028806761353	-0.00410495131401	-0.0211656527554	-0.0826485168373	-0.0277673449755	0.00551565726919	-0.0141117957089	-0.0392444780223	1.0	0.0244323997064	0.0179876972718	0.000396585392853	0.00142588892421	0.0400350271264	-0.0172921683	-0.0367214468781	-0.00211314350541	0.0176580430338	0.0326995594487	-0.0581079689191	-0.0239251579673	-0.0519512166977	0.00673348391209	0.0450076729926	0.00135799870474	-0.0288862110881	0.0222908241314	-0.0390484112704	-0.0354059662531	-0.0458270372621	0.0187744899045	-0.0126575582238	0.0265666213123	-0.0331549730212	-0.00157540543551	-0.0143504854255	-0.00338797133103	-0.00871439149583	-0.0037305074001	0.0248091898835	0.0202184284235	-0.0333988951667	-0.00299415637006	0.00479414626412	-0.0475816309027	0.0275031290718
k__Bacteria;p__Proteobacteria;c__Betaproteobacteria;o__Burkholderiales;f__Sutterellaceae;g__Parasutterella;s__Parasutterella_excrementihominis	0.0308835770361	0.0707876758802	0.033156978042	-0.00609842912825	-0.0522773239049	0.00436013688894	-0.0385392002379	-0.0132728514582	-0.00282527318806	-0.0446730965272	-0.0370831400769	-0.0431119907877	0.0154171933544	-0.0416616055471	0.0524658430017	-0.0307719651549	0.0331591216519	-0.00889392247028	-0.0230356884218	0.012172891197	0.0240974614261	0.0244323997064	1.0	0.0343439063851	0.00551792530496	0.0260236141713	0.02638173932	-0.0463324066627	-0.0987641446095	0.00594559318678	0.0258576945622	-0.000335068349704	-0.0268164100474	-0.0778173771334	-0.0272469561389	0.0108059704069	-0.0959177622833	0.027395906813	-0.0606730110689	-0.029433524669	0.0135287312205	0.0149218583241	-0.0438557305791	-0.0366904914762	-0.02168081136	-0.00693369919725	-0.0333956302337	-0.00480052485282	-0.0380922293763	-0.0303823159469	0.00717935503298	0.0121084145819	-0.0551950921465	-0.00579268111435	-0.048208367528	-0.00379114092556	0.0131620080283	0.0459722738749	-0.0677410785433
k__Bacteria;p__Actinobacteria;c__Actinobacteria;o__Bifidobacteriales;f__Bifidobacteriaceae;g__Bifidobacterium;s__Bifidobacterium_adolescentis	-0.0438180379099	-0.0351910394007	0.018882416626	-0.0408956940723	-0.0298361694195	-0.0521638149759	-0.0313972459805	-0.0551088276077	0.0434452364677	0.0120542901201	-0.0724277721121	0.00418748664665	-0.0622818630867	-0.0145639192037	-0.0448903730254	-0.0648307642868	0.0124983258579	0.00446027132661	-0.135608973998	0.00695003852871	-0.0592738294144	0.0179876972718	0.0343439063851	1.0	-0.0130543575201	-0.0450492879691	-0.0633470238577	0.0188000753441	-0.0189087028127	-0.061996288603	0.000240463131289	0.060673717884	0.0374610441189	0.0512568020482	0.0181206902357	0.0181168550851	0.058198614141	0.0243530378882	0.0132902745457	0.038651881678	-0.00978922201223	-0.0621547873745	-0.0539428242551	-0.0104002294995	0.0345158383216	-0.0240851948394	0.00536176498252	0.0618701153186	-0.0134440705737	-0.0228649165931	-0.0330394924267	-0.0866752875958	-0.0106225366728	-0.017942028913	0.0223827831306	0.0144869425903	-0.00605576361107	-0.0188680991789	-0.0296335622866
k__Bacteria;p__Firmicutes;c__Clostridia;o__Clostridiales;f__Oscillospiraceae;g__Oscillibacter;s__Oscillibacter_sp._KLE_1745	0.00550748297817	0.0267536385723	-0.0137822496159	-0.0831108379707	-0.00835947964835	0.0501537117065	0.0265116261034	0.0488086473307	0.000142186421175	0.0536205300161	0.0170019057311	0.00207628051307	0.0329187224223	-0.0472432011448	-0.0400970517995	-0.0112533310551	-0.0135758728264	-0.0255183384308	0.0135221751428	-0.0364152512381	0.0078263605607	0.000396585392853	0.00551792530496	-0.0130543575201	1.0	-0.0365673052769	-0.0210005830718	-0.0419068304003	-0.0468300866956	-0.00569310697167	0.0328837897293	0.0461159837124	0.0468591049289	-0.0790423295677	0.00752564776376	-0.0244123854471	-0.0325105916854	0.0132392575857	-0.0120329928968	-0.0218041198965	-0.0467656589195	0.0162997425055	-0.0702282136113	-0.0207175943882	-0.0200448062177	0.0615967899881	0.0010344266401	-0.0960489388599	-0.0594502067539	0.0267751244184	-0.0378776146432	-0.0184962999484	-0.0520917728839	-0.0111555753377	0.00253415403357	0.0623622924311	0.0337355373065	0.0827456222459	0.0141378136709
k__Bacteria;p__Bacteroidetes;c__Bacteroidia;o__Bacteroidales;f__Bacteroidaceae;g__Bacteroides;s__Bacteroides_coprophilus	0.00475534596357	-0.0242064320813	-0.0203323102235	0.00371217747347	-0.00206325508213	0.0392614132239	-0.053313262723	-0.0874297712277	-0.041924218357	-0.0114675511896	-0.0661529018569	-0.0261110844669	-0.0273072119846	-0.00207135973976	-7.00393112044e-05	-0.031178231479	-0.0434158184847	-0.0369655046879	0.0136094705911	-0.00506192242393	0.0185742900212	0.00142588892421	0.0260236141713	-0.0450492879691	-0.0365673052769	1.0	-0.0220269014887	-0.0289035573481	0.0388054661627	-0.00873724140745	-0.0855237277266	0.0762927310303	-0.0118140456851	-0.0598816566061	-0.066247986388	-0.0184683317836	0.0477572745664	0.0353793014936	-0.0535019044219	0.00840557631942	-0.0493148237353	-0.00519861765449	0.0147278461328	-0.0439196796307	-0.00987108545547	-0.0270753437349	-0.0997058607984	0.0600792014844	-0.0548941713078	0.0366760302599	-0.000268261749799	0.00771149812773	0.0143101948393	-0.0213617607949	0.0167692265188	0.013370981396	0.0214482684859	0.0511792462304	0.00972926769264
k__Bacteria;p__Firmicutes;c__Clostridia;o__Clostridiales;f__Lachnospiraceae;g__Roseburia;s__Roseburia_intestinalis	0.00957169612151	0.0556229897386	-0.0591463547467	-0.00388163336099	-0.0609852289395	0.0247551384405	0.0182960499543	0.00580216185969	0.063554328755	0.0436100787479	-0.0340056728566	-0.0739742637395	0.068089405489	-0.0366169938975	0.0610949193525	-0.00762679619388	-0.0271422437636	-0.0105201288202	0.019842622182	-0.00758072773387	-0.0497099326599	0.0400350271264	0.02638173932	-0.0633470238577	-0.0210005830718	-0.0220269014887	1.0	-0.0407630314991	-0.0117696345635	0.0220040372481	-0.0641078248463	0.00671908900184	-0.000735892899283	0.0175672219622	0.0216260691685	-0.032123930949	-0.00085545719742	-0.0165308922276	-0.0544971277211	0.00302616955046	0.0474640008227	-0.02619294583	-0.0300330091438	-0.086530161242	-0.00167648436321	0.0683208592873	0.0649669627062	0.0411008468707	0.0136417113401	-0.0732420165852	0.0238734692678	-0.0454090253157	0.00462007403011	-0.0228540476706	-0.0164417312061	-0.0162375402683	-0.0352634057132	-0.0692745362026	0.07634406543
k__Bacteria;p__Firmicutes;c__Clostridia;o__Clostridiales;f__Lachnospiraceae;g__Roseburia;s__Roseburia_hominis	0.0219587115753	-0.034871511356	-0.0178744021555	0.0466239975729	-0.0337465393363	-0.00456734994686	-0.0226887486299	-0.0163301553805	0.044871217521	-0.103499625938	-0.0135271849937	-0.0508511190512	-0.0161991027748	-0.0375411940884	-0.0363099908912	0.0098689068012	0.0670447557691	-0.0164482123199	-0.0238785186867	0.0297449846815	-0.0160486718425	-0.0172921683	-0.0463324066627	0.0188000753441	-0.0419068304003	-0.0289035573481	-0.0407630314991	1.0	0.0905804341385	0.00842299672915	-0.0271325490066	-0.0251646724025	0.0703483068923	-0.00675562322807	-0.0365010810482	-0.0382983891448	-0.011246764503	0.0152820744562	0.00907278124167	0.0701018722327	-0.00432016946563	-0.0764821817686	0.0148157903997	-0.0112981183631	0.0220669642019	-0.0473713412341	0.0353937173877	-0.00383385868169	-0.0391954395135	0.0752464979115	0.0486859472397	-0.0199127470943	-0.0266338918993	0.0566988354508	0.00442407685623	0.0581051924955	0.0385733245393	0.0455882818357	-0.0111572029547
k__Bacteria;p__Bacteroidetes;c__Bacteroidia;o__Bacteroidales;f__Porphyromonadaceae;g__Parabacteroides;s__Parabacteroides_johnsonii	0.000458606069461	-0.0271406194126	0.032344386919	-0.0161837058557	-0.00781726910936	-0.0110460677602	-0.0540138682234	-0.0276605845338	-0.0639899593576	0.0134244077908	0.00749814096634	-0.0265204452372	-0.0234178184998	0.0320764167573	0.00605543924182	-0.0298197458251	-0.0209000410499	0.0261063977719	0.0212666553481	-0.00159372228878	-0.0651664291173	-0.0367214468781	-0.0987641446095	-0.0189087028127	-0.0468300866956	0.0388054661627	-0.0117696345635	0.0905804341385	1.0	-0.0133308478399	0.00104289802587	-0.0419235483622	-0.0185928680884	-0.0323441324758	-0.0236230147908	-0.0360708750823	0.0108751871917	-0.0374113059922	-0.014999053051	-0.0683935007179	0.0962044958965	0.00316243047529	0.025149484827	-0.0446765181206	0.00141887627484	-0.0569255630241	0.0338540191045	0.0018346583178	-0.00165044827633	0.0641731724759	-0.0139362257114	0.00254593096778	0.0422563104457	-0.0451710433428	-0.0710463521381	-7.3763266734e-05	-0.0316935469774	-0.0440792339167	0.012407531698
k__Bacteria;p__Actinobacteria;c__Actinobacteria;o__Bifidobacteriales;f__Bifidobacteriaceae;g__Bifidobacterium;s__Bifidobacterium_longum	0.0513673751553	-0.0404075114603	-0.0884329038798	-0.0101308924223	0.0159304737035	0.0166542086546	0.00270596918959	0.0692108926744	0.0846497203193	-0.0463878691968	-0.0991022993292	-0.0350120046651	0.0318475004324	-0.00507520430151	-0.0447050027524	0.0502851282914	-0.0149745686976	0.0690947160474	0.0675686424617	-0.0436507913117	-0.0222568445005	-0.00211314350541	0.00594559318678	-0.061996288603	-0.00569310697167	-0.00873724140745	0.0220040372481	0.00842299672915	-0.0133308478399	1.0	-0.0847705527511	-0.00444373536892	0.00878505229069	0.0044921891771	0.0274996504367	0.0295746484517	-0.00391958691368	-0.0181509197497	0.0119902439184	-0.0329033110008	-0.0329331362551	-0.0550080262435	0.0355991965332	-0.0210204494539	-0.0258869839201	0.0367513070687	0.0353518863643	-0.0493346749617	-0.0323114765816	0.0262361061154	0.0295495461349	0.0450136579973	-0.0122559331057	0.0305243190817	-0.0425229024063	0.0335824454163	0.00687636845145	0.020215608268	-0.0195087784405
