#taxonomy	k__Bacteria;p__Bacteroidetes;c__Bacteroidia;o__Bacteroidales;f__Bacteroidaceae;g__Bacteroides;s__Bacteroides_vulgatus	k__Bacteria;p__Bacteroidetes;c__Bacteroidia;o__Bacteroidales;f__Bacteroidaceae;g__Bacteroides;s__Bacteroides_uniformis	k__Bacteria;p__Bacteroidetes;c__Bacteroidia;o__Bacteroidales;f__Rikenellaceae;g__Alistipes;s__Alistipes_putredinis	k__Bacteria;p__Bacteroidetes;c__Bacteroidia;o__Bacteroidales;f__Prevotellaceae;g__Prevotella;s__Prevotella_copri	k__Bacteria;p__Bacteroidetes;c__Bacteroidia;o__Bacteroidales;f__Bacteroidaceae;g__Bacteroides;s__Bacteroides_stercoris	k__Bacteria;p__Bacteroidetes;c__Bacteroidia;o__Bacteroidales;f__Bacteroidaceae;g__Bacteroides;s__Bacteroides_ovatus	k__Bacteria;p__Bacteroidetes;c__Bacteroidia;o__Bacteroidales;f__Rikenellaceae;g__Alistipes;s__Alistipes_shahii	k__Bacteria;p__Firmicutes;c__Clostridia;o__Clostridiales;f__Ruminococcaceae;g__Faecalibacterium;s__Faecalibacterium_prausnitzii	k__Bacteria;p__Bacteroidetes;c__Bacteroidia;o__Bacteroidales;f__Rikenellaceae;g__Alistipes;s__Alistipes_finegoldii	k__Bacteria;p__Bacteroidetes;c__Bacteroidia;o__Bacteroidales;f__Porphyromonadaceae;g__Parabacteroides;s__Parabacteroides_distasonis	k__Bacteria;p__Bacteroidetes;c__Bacteroidia;o__Bacteroidales;f__Bacteroidaceae;g__Bacteroides;s__Bacteroides_thetaiotaomicron	k__Bacteria;p__Bacteroidetes;c__Bacteroidia;o__Bacteroidales;f__Bacteroidaceae;g__Bacteroides;s__Bacteroides_coprocola	k__Bacteria;p__Bacteroidetes;c__Bacteroidia;o__Bacteroidales;f__Bacteroidaceae;g__Bacteroides;s__Bacteroides_cellulosilyticus	k__Bacteria;p__Bacteroidetes;c__Bacteroidia;o__Bacteroidales;f__Rikenellaceae;g__Alistipes;s__Alistipes_obesi	k__Bacteria;p__Firmicutes;c__Clostridia;o__Clostridiales;f__Lachnospiraceae;g__;s__[Eubacterium]_rectale	k__Bacteria;p__Bacteroidetes;c__Bacteroidia;o__Bacteroidales;f__Bacteroidaceae;g__Bacteroides;s__Bacteroides_plebeius	k__Bacteria;p__Bacteroidetes;c__Bacteroidia;o__Bacteroidales;f__Bacteroidaceae;g__Bacteroides;s__Bacteroides_fragilis	k__Bacteria;p__Proteobacteria;c__Betaproteobacteria;o__Burkholderiales;f__Sutterellaceae;g__Sutterella;s__Sutterella_wadsworthensis	k__Bacteria;p__Bacteroidetes;c__Bacteroidia;o__Bacteroidales;f__Porphyromonadaceae;g__Barnesiella;s__Barnesiella_intestinihominis	k__Bacteria;p__Bacteroidetes;c__Bacteroidia;o__Bacteroidales;f__Odoribacteraceae;g__Odoribacter;s__Odoribacter_splanchnicus	k__Bacteria;p__Bacteroidetes;c__Bacteroidia;o__Bacteroidales;f__Bacteroidaceae;g__Bacteroides;s__Bacteroides_salyersiae	k__Bacteria;p__Firmicutes;c__Clostridia;o__Clostridiales;f__Ruminococcaceae;g__Ruminiclostridium;s__[Eubacterium]_siraeum	k__Bacteria;p__Proteobacteria;c__Betaproteobacteria;o__Burkholderiales;f__Sutterellaceae;g__Parasutterella;s__Parasutterella_excrementihominis	k__Bacteria;p__Actinobacteria;c__Actinobacteria;o__Bifidobacteriales;f__Bifidobacteriaceae;g__Bifidobacterium;s__Bifidobacterium_adolescentis	k__Bacteria;p__Firmicutes;c__Clostridia;o__Clostridiales;f__Oscillospiraceae;g__Oscillibacter;s__Oscillibacter_sp._KLE_1745	k__Bacteria;p__Bacteroidetes;c__Bacteroidia;o__Bacteroidales;f__Bacteroidaceae;g__Bacteroides;s__Bacteroides_coprophilus	k__Bacteria;p__Firmicutes;c__Clostridia;o__Clostridiales;f__Lachnospiraceae;g__Roseburia;s__Roseburia_intestinalis	k__Bacteria;p__Firmicutes;c__Clostridia;o__Clostridiales;f__Lachnospiraceae;g__Roseburia;s__Roseburia_hominis	k__Bacteria;p__Bacteroidetes;c__Bacteroidia;o__Bacteroidales;f__Porphyromonadaceae;g__Parabacteroides;s__Parabacteroides_johnsonii	k__Bacteria;p__Actinobacteria;c__Actinobacteria;o__Bifidobacteriales;f__Bifidobacteriaceae;g__Bifidobacterium;s__Bifidobacterium_longum	k__Bacteria;p__Firmicutes;c__Clostridia;o__Clostridiales;f__;g__Flavonifractor;s__Flavonifractor_plautii	k__Bacteria;p__Firmicutes;c__Clostridia;o__Clostridiales;f__Clostridiaceae;g__Clostridium;s__Clostridium_phoceensis	k__Bacteria;p__Verrucomicrobia;c__Verrucomicrobiae;o__Verrucomicrobiales;f__Akkermansiaceae;g__Akkermansia;s__Akkermansia_muciniphila	k__Bacteria;p__Bacteroidetes;c__Bacteroidia;o__Bacteroidales;f__Prevotellaceae;g__Paraprevotella;s__Paraprevotella_xylaniphila	k__Bacteria;p__Firmicutes;c__Clostridia;o__Clostridiales;f__Ruminococcaceae;g__Ruminococcus;s__Ruminococcus_callidus	k__Bacteria;p__Bacteroidetes;c__Bacteroidia;o__Bacteroidales;f__Rikenellaceae;g__Alistipes;s__Alistipes_senegalensis	k__Bacteria;p__Firmicutes;c__Clostridia;o__Clostridiales;f__Lachnospiraceae;g__Blautia;s__Blautia_sp._KLE_1732	k__Bacteria;p__Bacteroidetes;c__Bacteroidia;o__Bacteroidales;f__Bacteroidaceae;g__Bacteroides;s__Bacteroides_oleiciplenus	k__Bacteria;p__Firmicutes;c__Clostridia;o__Clostridiales;f__Ruminococcaceae;g__Ruminococcus;s__Ruminococcus_bicirculans	k__Bacteria;p__Bacteroidetes;c__Bacteroidia;o__Bacteroidales;f__Bacteroidaceae;g__Bacteroides;s__Bacteroides_fluxus	k__Bacteria;p__Bacteroidetes;c__Bacteroidia;o__Bacteroidales;f__Prevotellaceae;g__Prevotella;s__Prevotella_stercorea	k__Bacteria;p__Firmicutes;c__Clostridia;o__Clostridiales;f__Lachnospiraceae;g__Dorea;s__Dorea_longicatena	k__Bacteria;p__Firmicutes;c__Clostridia;o__Clostridiales;f__Eubacteriaceae;g__Eubacterium;s__[Eubacterium]_eligens	k__Bacteria;p__Firmicutes;c__Clostridia;o__Clostridiales;f__Ruminococcaceae;g__;s__Ruminococcaceae_bacterium_D16	k__Bacteria;p__Firmicutes;c__Clostridia;o__Clostridiales;f__Lachnospiraceae;g__Coprococcus;s__Coprococcus_comes	k__Bacteria;p__Proteobacteria;c__Gammaproteobacteria;o__Enterobacterales;f__Enterobacteriaceae;g__Escherichia;s__Escherichia_coli	k__Bacteria;p__Firmicutes;c__Clostridia;o__Clostridiales;f__Ruminococcaceae;g__Anaerotruncus;s__Anaerotruncus_colihominis	k__Bacteria;p__Firmicutes;c__Clostridia;o__Clostridiales;f__Lachnospiraceae;g__Blautia;s__Blautia_obeum	k__Bacteria;p__Bacteroidetes;c__Bacteroidia;o__Bacteroidales;f__Odoribacteraceae;g__Odoribacter;s__Odoribacter_laneus	k__Bacteria;p__Firmicutes;c__Clostridia;o__Clostridiales;f__Ruminococcaceae;g__Ruminiclostridium;s__[Clostridium]_leptum	k__Bacteria;p__Bacteroidetes;c__Bacteroidia;o__Bacteroidales;f__Porphyromonadaceae;g__Parabacteroides;s__Parabacteroides_goldsteinii	k__Bacteria;p__Firmicutes;c__Clostridia;o__Clostridiales;f__Lachnospiraceae;g__Anaerostipes;s__Anaerostipes_hadrus	k__Bacteria;p__Firmicutes;c__Clostridia;o__Clostridiales;f__Ruminococcaceae;g__Ruminococcus;s__Ruminococcus_lactaris	k__Bacteria;p__Firmicutes;c__Clostridia;o__Clostridiales;f__Clostridiaceae;g__Clostridium;s__Clostridium_sp._L2-50	k__Bacteria;p__Firmicutes;c__Clostridia;o__Clostridiales;f__Clostridiaceae;g__Clostridium;s__Clostridium_sp._M62/1	k__Bacteria;p__Firmicutes;c__Clostridia;o__Clostridiales;f__;g__Intestinimonas;s__Intestinimonas_butyriciproducens	k__Bacteria;p__Actinobacteria;c__Actinobacteria;o__Bifidobacteriales;f__Bifidobacteriaceae;g__Bifidobacterium;s__Bifidobacterium_bifidum	k__Bacteria;p__Firmicutes;c__Negativicutes;o__Veillonellales;f__Veillonellaceae;g__Dialister;s__Dialister_invisus	k__Bacteria;p__Bacteroidetes;c__Bacteroidia;o__Bacteroidales;f__Bacteroidaceae;g__Bacteroides;s__Bacteroides_salanitronis
k__Bacteria;p__Bacteroidetes;c__Bacteroidia;o__Bacteroidales;f__Bacteroidaceae;g__Bacteroides;s__Bacteroides_vulgatus	1.0	0.0068293704935	0.0267355786777	-0.0173076919693	0.0701118280016	-0.00958246218632	-0.00460088467513	-0.0263148081628	-0.00962617581221	0.0088927398281	-0.0101601707327	-0.0165509849534	0.0415785329556	-0.0362120864001	-0.0117996131882	-0.0480000344983	-0.0226256096177	0.00265275952272	0.0107900140573	0.00482948900834	-0.00256546734505	0.0386143262001	0.0188680803928	0.0116036408199	-0.0102601709983	-0.00712390771901	-0.014057170433	-0.0026981605552	-0.0463217820274	-0.0157776553501	0.0329876213968	0.0577442329242	-0.0311592076323	0.0337867835638	-0.00196888569593	0.088501683427	0.0118708558816	-0.093271490875	-0.0291140183384	-0.0328499260847	-0.077334237533	0.0165652694086	0.0424204148998	0.0111529296192	-0.040315014467	-0.0661105763651	0.0167626601751	0.01850852301	-0.00514769944003	-0.0514044135185	-0.0380685133598	-0.0453308169076	0.0327839496772	-0.0337690577356	-0.0349580736256	-0.0323413139155	-0.0433095343657	-0.0203325569777	-0.0385382565787
k__Bacteria;p__Bacteroidetes;c__Bacteroidia;o__Bacteroidales;f__Bacteroidaceae;g__Bacteroides;s__Bacteroides_uniformis	0.0068293704935	1.0	0.00383800430148	0.0148059820074	0.00892911148639	0.0333794700431	0.0475318279378	0.00586711527347	-0.0238944881498	-0.0173488196653	-0.0261757554972	0.0149503016985	-0.0291946935431	0.00708473317741	0.0103818989599	0.00762618001307	-0.0253965407762	0.0442369455015	-0.0205198385156	-0.00143546020374	-0.00274358037627	-0.027053191933	0.0277811523601	-0.013698784697	0.0330918319338	-0.0468849105178	0.0575875371247	0.0160195924037	0.0197299749268	0.02458852469	-0.0390439641805	-0.00546382240956	-0.023230684892	-0.0521231345294	-0.00284390964876	0.0217731501362	-0.0366421619297	0.0294741417106	0.00911770508362	-0.0331643507656	-0.00853050341635	-0.00717007585702	0.0110553879918	-0.00757774714028	0.0349097243846	-0.0120118013814	-0.0622231153193	-0.0450310583087	-0.0335562487119	0.0110588883488	-0.0131574348662	-0.034148940109	-0.0139389896634	-0.00218946123793	0.00956607028653	0.0432993937671	-0.0207731748189	-0.0610034173249	0.0137662489787
k__Bacteria;p__Bacteroidetes;c__Bacteroidia;o__Bacteroidales;f__Rikenellaceae;g__Alistipes;s__Alistipes_putredinis	0.0267355786777	0.00383800430148	1.0	-0.0152494853821	-0.0330420301281	0.0243375773008	0.00516298304173	-0.00957451643664	0.043258240202	-0.0564106686332	-0.0445291513706	0.0364252422374	-0.0224392423156	-0.0722331402891	-0.0868392551291	0.00705566104535	0.0258519410475	-0.0910948298259	-0.00338980816767	0.0086579971341	-0.0127827181683	0.0331633488398	-0.0231185547448	-0.0316244704212	0.0116045110411	0.0167487738051	0.0277744395339	-0.00685792992156	0.0574582764338	-0.0255772783049	0.123718998703	0.0365918902153	0.00574803714836	0.00771523448061	-0.0342574049687	0.071104986863	0.0248620436429	-0.0368221903676	-0.0677756530128	-0.00571085621974	-0.0296171425724	-0.0679224773645	0.00937466532321	0.0670870420248	-0.0612010896291	-0.0570376372988	0.0594969267672	-0.0166874596567	0.0428472163845	-0.0310722521823	-0.0862122866567	0.0540087859755	0.0136883848681	-0.00301770726125	-0.000632418642747	0.0520882163746	0.0360148624786	0.0483109336099	-0.00834218510325
k__Bacteria;p__Bacteroidetes;c__Bacteroidia;o__Bacteroidales;f__Prevotellaceae;g__Prevotella;s__Prevotella_copri	-0.0173076919693	0.0148059820074	-0.0152494853821	1.0	-0.0471990673234	-0.0593503624993	0.0407878529271	0.0477260603278	-0.0464077970057	-0.0555895316787	0.00419767754604	-0.0100499226333	0.0193436638314	-0.00915946381009	0.0711044458057	-0.0531607240634	0.0319599107478	-0.022171053665	-0.0128554264112	-0.00616779502258	-0.0406772338691	0.0152826203821	-0.0193288880549	-0.0200279865096	-0.00153229487084	0.00982349738059	0.0262832068522	0.13270568855	0.00326887103544	-0.0896072792804	-0.0606409253752	0.0491440769584	-0.047809211939	-0.0542557045805	-0.0526729050133	-0.0323506686879	-0.0149557158273	0.000545875528326	-0.0389916110016	0.0107094756294	0.0110477850966	-0.0556593322557	0.0129515075992	-0.00803385463205	-0.0331276566714	-0.0274528043753	-0.0596239712557	0.039518243961	-0.0425922223067	-0.0183600833657	-0.0891085967258	0.0139421835828	0.00629702501524	-0.00934876725836	-0.0439798778599	0.0404374238358	-0.0211517998896	0.0138040236143	0.0553333750134
k__Bacteria;p__Bacteroidetes;c__Bacteroidia;o__Bacteroidales;f__Bacteroidaceae;g__Bacteroides;s__Bacteroides_stercoris	0.0701118280016	0.00892911148639	-0.0330420301281	-0.0471990673234	1.0	0.00865575080883	0.00654129174683	-0.0451641066903	0.0151189901736	-0.0395893046793	0.069997310268	0.0146049857072	-0.0428108177265	-0.00202050446509	-0.0602039897462	-0.00384037635972	-0.0535907723898	0.0238039971134	0.0669465425574	-0.00975054160939	0.0454546043912	-0.00666209394081	-0.0079806887785	0.0235227239151	0.0243500440653	-0.0530193911628	0.0411454870718	0.0333928341788	0.0137411558985	0.0795230861061	-0.0329009662318	0.0976239418493	0.0270789643848	-0.0281825079965	0.011869328149	0.0257739466723	-0.00969903474738	-0.0141619904932	-0.0541748918191	-0.0344958033755	0.0247985404053	-0.00829134617081	0.00971224976456	-0.00515664617734	0.0154053572387	-0.0235185548818	0.0143587460805	-0.01100838908	0.0160455032041	-0.0535377554377	0.00564165456068	0.0134770260274	-0.0357502534343	0.031626059494	-0.0958715939519	-0.0227832574763	-0.0697709930537	-0.0161988271721	-0.0583063133177
k__Bacteria;p__Bacteroidetes;c__Bacteroidia;o__Bacteroidales;f__Bacteroidaceae;g__Bacteroides;s__Bacteroides_ovatus	-0.00958246218632	0.0333794700431	0.0243375773008	-0.0593503624993	0.00865575080883	1.0	-0.00108760188959	-0.00773236281125	-0.044774556345	0.0179462998695	-0.00204976101711	-0.0406421955246	0.0506959041732	0.0270065183541	0.0617283316182	-0.0171776885074	-0.0221275664167	-0.0515085021577	-0.0107190209142	-0.0233737027027	0.0579218724372	-0.068803117834	-0.0254330900922	-0.0456014158424	0.0687069049485	-0.0171129879532	-0.034532223015	-0.0647650417926	-0.0471943024406	-0.00710481904568	-0.0751746207349	-0.044083592724	-0.0799167371934	-0.052225218469	-0.0630535975455	-0.0157047751034	-0.0268682589302	0.0219610461537	0.0107986120101	0.0307450748598	-0.00310716088831	-0.0536321210994	-0.00280480454187	0.00558748932612	-0.0626825131768	0.0443982103161	0.0349893663865	0.000181584468133	0.0250327090668	0.0447981813723	0.0223921996615	-0.0487819617804	-0.0700343197141	-0.0638837611284	0.000614847074106	-0.0203226541092	-0.0422456620263	0.059734649895	0.0202825824506
k__Bacteria;p__Bacteroidetes;c__Bacteroidia;o__Bacteroidales;f__Rikenellaceae;g__Alistipes;s__Alistipes_shahii	-0.00460088467513	0.0475318279378	0.00516298304173	0.0407878529271	0.00654129174683	-0.00108760188959	1.0	-0.0524856760895	-0.0469592638294	-0.0186786056648	-0.0448439184588	-0.0320057060919	0.00689377900861	0.0139290803972	0.0354263489069	-0.070826066578	0.00832009770441	-0.0391089293143	-0.00868170069607	0.0320140191913	-0.0264296438114	-0.0616255221576	0.0220675338522	-0.0460195409404	0.0358622351591	-0.0569696817068	-0.0481855295316	-0.0205740940052	-0.0801524683301	0.0258619625791	0.00790509768068	0.011695326093	0.0169608076779	-0.00792383467382	-0.0430468079191	0.02445931171	-0.0884302498655	0.00955722671887	0.0479396789758	-0.0261405909166	-0.0721332708415	0.0319349861702	0.0216354884649	-0.0461218461441	-0.0200456684018	-0.0315015871199	-0.0739689038327	-0.00440300080779	-0.0230309426549	-0.128509478473	0.0138166087055	-0.0622703535977	-0.0343100651459	0.0819243011558	0.0469407505895	0.0376763412599	0.0817080682317	-0.0199113536608	0.011208725882
k__Bacteria;p__Firmicutes;c__Clostridia;o__Clostridiales;f__Ruminococcaceae;g__Faecalibacterium;s__Faecalibacterium_prausnitzii	-0.0263148081628	0.00586711527347	-0.00957451643664	0.0477260603278	-0.0451641066903	-0.00773236281125	-0.0524856760895	1.0	0.00717002042168	0.00220349674176	0.00399837460697	0.0355686344309	-0.0230771802939	-0.0247744544905	-0.0349462631466	-0.00715656504028	-0.0116562381036	-0.0345145903661	-0.00719505216845	-0.0183450376917	0.0354790126716	-0.0277684516349	-0.0222276113466	-0.0230816183697	-0.0190693535224	0.0299079275421	0.000143277755467	0.0333763506285	-0.00285555057706	-0.0307849481986	-0.0377281194858	-0.0193289162706	-0.0182565242016	-0.0265249037529	0.04071067198	0.040546594915	0.0264623297318	0.0129430277991	0.00499894580008	-0.067500047137	0.0115938438317	-0.0543652513996	-0.0289051069526	0.0235125367018	-0.0159534363493	-0.113929612112	0.0676952937754	0.00950981863397	0.0972705790328	0.0122331501044	-0.115123655686	0.0293244531506	-0.0221510122378	0.00178479316754	0.0517565844474	0.0304594879599	-0.00910314844253	0.00522604962681	0.0176376276427
k__Bacteria;p__Bacteroidetes;c__Bacteroidia;o__Bacteroidales;f__Rikenellaceae;g__Alistipes;s__Alistipes_finegoldii	-0.00962617581221	-0.0238944881498	0.043258240202	-0.0464077970057	0.0151189901736	-0.044774556345	-0.0469592638294	0.00717002042168	1.0	0.0538013486041	-0.0515644898075	-0.00691919425943	0.042647862124	-0.0657349662307	-0.0792064989067	-0.0687845934159	-0.0595069967626	-0.0298651593635	0.0202087060018	0.0389744996302	-0.0422427317493	0.0407384208866	-0.00567911627925	0.000143552991116	0.0203784859812	0.0296757394663	0.00162271187799	-0.045642514079	0.0286699734196	-0.0101962811625	-0.0464662007654	-0.0508073977153	0.0304650384957	0.0508350978578	0.060646175989	0.0578781640661	-0.0259765661067	-0.0382572928843	0.00377616221731	-0.00861418405627	-0.0317547104864	0.00371056327303	-0.027782108575	0.00884200135183	0.0163865269478	-0.00967334563754	0.0192211903886	-0.0530849224893	-0.0925250830387	-0.0885196096487	-0.0630094858153	-0.0429756473946	-0.0275729392565	-0.0614864007952	-0.0536886201993	0.00551773019517	0.0108016524525	-0.0261050871577	0.0576156658229
k__Bacteria;p__Bacteroidetes;c__Bacteroidia;o__Bacteroidales;f__Porphyromonadaceae;g__Parabacteroides;s__Parabacteroides_distasonis	0.0088927398281	-0.0173488196653	-0.0564106686332	-0.0555895316787	-0.0395893046793	0.0179462998695	-0.0186786056648	0.00220349674176	0.0538013486041	1.0	0.0519961330742	0.042978687185	-0.0202673440242	-0.0134730786649	-0.0742799382355	0.038994783033	0.00544012968785	-0.0198035876857	-0.051407132806	0.0041548214912	0.0871507721629	0.0144330671148	0.0193844736766	0.0293890959584	-0.0568501143176	0.0348978076815	0.0415699993355	0.0631744830625	-0.0073008103244	0.0468399745116	-0.104802016254	0.0408610792224	-0.0117640759108	-0.0624155671303	0.0180779875185	-0.00823747965683	-0.0344945179104	-0.053887469911	0.049467643009	-0.060031385867	0.0458298541379	-0.0430384883452	-0.0275492032166	0.0344567703938	-0.0142268241637	0.0237439778749	0.000230102723529	-0.0424989820528	-0.0024899739996	-0.0723060178607	0.00805702986197	-0.0831260573381	0.017364640795	0.00414527108949	-0.0210485601364	-0.0105736512955	-0.0748317993998	-0.0887488232057	-0.0370303382511
k__Bacteria;p__Bacteroidetes;c__Bacteroidia;o__Bacteroidales;f__Bacteroidaceae;g__Bacteroides;s__Bacteroides_thetaiotaomicron	-0.0101601707327	-0.0261757554972	-0.0445291513706	0.00419767754604	0.069997310268	-0.00204976101711	-0.0448439184588	0.00399837460697	-0.0515644898075	0.0519961330742	1.0	-0.0497041926611	-0.0283590363939	0.01878246568	0.0226006628521	-0.0083525583009	-0.0694039641514	-0.0400195703998	0.00511692434346	0.0174419418382	-0.0709456197775	-0.0463094824394	0.0244912522122	0.0280862170839	-0.00178258844708	-0.0226519051044	-0.023851237038	0.0015536207574	-0.0610200770841	0.0148621741846	-0.018954902958	0.00393357502015	-0.0266955569832	-0.0343233578778	0.0245178708577	-0.0773222409032	0.104463801695	-0.0239256641804	-0.0159509515436	0.0319504594324	-0.0575758993569	0.00980224500791	-0.000367770148129	0.0247192564359	-0.023072159296	-0.0298041653845	-0.034724828229	0.0346883280086	-0.0359697351614	-0.0688709912723	-0.00889506246359	0.0162821430496	-0.0344248588149	0.041678549579	-0.075339720391	0.0558085215886	0.0221941470478	0.00935527116828	-0.0126719538922
k__Bacteria;p__Bacteroidetes;c__Bacteroidia;o__Bacteroidales;f__Bacteroidaceae;g__Bacteroides;s__Bacteroides_coprocola	-0.0165509849534	0.0149503016985	0.0364252422374	-0.0100499226333	0.0146049857072	-0.0406421955246	-0.0320057060919	0.0355686344309	-0.00691919425943	0.042978687185	-0.0497041926611	1.0	-0.00856132874516	0.0486183213779	-0.0719157925791	0.0526139757809	-0.0505257323923	0.0166301674608	-0.0011252859119	0.0257842509902	-0.0524491756708	0.041279917542	-0.0295691430831	0.0150027757797	-0.0428966393357	0.0586352178326	0.0109496236483	-0.0501847345893	-0.0511142475081	0.0218407608566	-0.0732631313646	-0.0884103497068	0.0261322134057	-0.0307779836504	-0.0169760485055	0.00143577435109	0.0678161048529	0.0182560286194	0.0379187950179	-0.00558802531246	0.0743879735495	0.00105754356691	-0.0308333447987	0.00504681437266	-0.0118676328017	-0.0171140465804	-0.0275732784905	-0.0676235352883	-0.00892598849769	-0.0248463234371	-0.0787326118418	0.0176687136116	0.011038230105	0.00634536006866	0.0215644116051	-0.114917913189	-0.0224464039901	0.00526183300445	-0.0557335417897
k__Bacteria;p__Bacteroidetes;c__Bacteroidia;o__Bacteroidales;f__Bacteroidaceae;g__Bacteroides;s__Bacteroides_cellulosilyticus	0.0415785329556	-0.0291946935431	-0.0224392423156	0.0193436638314	-0.0428108177265	0.0506959041732	0.00689377900861	-0.0230771802939	0.042647862124	-0.0202673440242	-0.0283590363939	-0.00856132874516	1.0	-0.0432102477124	-0.0219128359298	0.00440175422342	0.0535180761377	0.0596127369529	0.00452079125943	-0.0457069341411	0.0380451771729	-0.018818826023	-0.0657374744216	-0.0722424661007	0.00330381979507	0.037336531505	-0.0473957075953	-0.0566929243965	-0.0366645862043	0.00304749890596	-0.051566504419	0.000136907740715	-0.0160594870946	-0.0107623762109	0.0481329057929	0.0353133863184	0.0444357328555	-0.0683288348487	0.00202367931486	0.0187271276942	-0.0582482051872	-0.0414344621663	0.0215785269399	0.0739009959798	0.0113078094904	-0.047976497502	-0.0669577265928	-0.0520562538812	0.0540183182355	0.0381682074337	0.0246017432254	-0.0515225835606	-0.0620483304564	-0.00724748391076	-0.0265786268194	0.0257355291702	0.0122951910639	0.00674076422938	-0.016886791947
k__Bacteria;p__Bacteroidetes;c__Bacteroidia;o__Bacteroidales;f__Rikenellaceae;g__Alistipes;s__Alistipes_obesi	-0.0362120864001	0.00708473317741	-0.0722331402891	-0.00915946381009	-0.00202050446508	0.0270065183541	0.0139290803972	-0.0247744544905	-0.0657349662307	-0.0134730786649	0.01878246568	0.0486183213779	-0.0432102477124	1.0	-0.052984597738	-0.0878163383131	0.00147210577781	0.00900078584205	-0.0123490796252	0.0252253862849	-0.06699242069	-0.00332872018282	-0.00717939438618	0.0665303197026	0.0587699371881	-0.0600350009094	0.0590334791985	0.0361709616161	-0.0682462989928	-0.0951328868476	0.0242937122113	-0.0502630988065	-0.0109535974368	0.0597871554498	-0.030583657657	0.0286342880816	0.0571407059386	-0.0294041307495	-0.0093174896362	0.0150651607469	0.0419644854942	0.0913251317505	0.001658456526	-0.0500797147845	-0.0426341348525	-0.0421587791846	0.00634682746224	-0.00564816980919	-0.0722925382568	-0.0461397174367	0.0443516633531	-0.0281194570485	-0.0303719395432	-0.0305383538779	0.0402460007483	0.0137171193345	-0.0614843052934	-0.0165888889979	0.0179735672354
k__Bacteria;p__Firmicutes;c__Clostridia;o__Clostridiales;f__Lachnospiraceae;g__;s__[Eubacterium]_rectale	-0.0117996131882	0.0103818989599	-0.0868392551291	0.0711044458057	-0.0602039897462	0.0617283316182	0.0354263489069	-0.0349462631466	-0.0792064989067	-0.0742799382355	0.0226006628521	-0.0719157925791	-0.0219128359298	-0.052984597738	1.0	-0.0194057229572	0.0131239614982	-0.0238949291488	-0.00503628365715	-0.00530117205305	0.030499089913	-0.0299612939409	-0.0441999426533	0.0719731195391	-0.00970054453847	-0.0440858253667	-0.0784142120258	-0.0303645806088	0.0139494335372	0.101417852075	-0.0767748496931	-0.0592714175405	-0.0535379340143	0.046306566194	0.013338411346	-0.0117077051609	-0.00932991082802	-0.00297713758381	-0.057083291057	0.0103008016216	-0.0104347183068	-0.00466316651252	-0.0578667110651	0.0416032813829	-0.00225382270345	0.0501394852211	-0.00258687127625	-0.0137313999266	0.0413342203316	0.0402326408812	0.0482754574103	-0.0398856324223	-0.080434028561	0.0210882436272	-0.0452829868823	-0.040747322641	-0.049998864999	-0.0404932014575	0.0466815223194
k__Bacteria;p__Bacteroidetes;c__Bacteroidia;o__Bacteroidales;f__Bacteroidaceae;g__Bacteroides;s__Bacteroides_plebeius	-0.0480000344983	0.00762618001307	0.00705566104535	-0.0531607240634	-0.00384037635972	-0.0171776885074	-0.070826066578	-0.00715656504028	-0.0687845934159	0.038994783033	-0.0083525583009	0.0526139757809	0.00440175422342	-0.0878163383131	-0.0194057229572	1.0	0.0725668516682	0.0151217270683	-0.0244366141472	0.0437018716889	0.0270795539652	-0.0144337676658	-0.0264136596528	-0.0413767900865	0.0396639998255	0.0695727880673	-0.0507740333938	0.00502306172786	-0.0226367321325	-0.00656768004806	-0.0433782112768	-0.0113556156499	0.0207997198614	-0.0046012798474	-0.0499663073819	-0.0279178361906	-0.0452557443454	0.0168730790368	-0.0271095200915	-0.0488517292718	-0.0588540049432	0.0518528316552	-0.0219242307478	0.0592445681373	0.0466984681009	-0.032477960901	-0.0410782805917	-0.0852218632659	0.0312715908988	0.0113112398242	-0.027436880167	0.100248555479	0.0526340296338	-0.0549857582216	0.00887419615584	-0.0266909224036	-0.0292245961611	-0.00640641618199	-0.0468476273676
k__Bacteria;p__Bacteroidetes;c__Bacteroidia;o__Bacteroidales;f__Bacteroidaceae;g__Bacteroides;s__Bacteroides_fragilis	-0.0226256096177	-0.0253965407762	0.0258519410475	0.0319599107478	-0.0535907723898	-0.0221275664167	0.00832009770441	-0.0116562381036	-0.0595069967626	0.00544012968785	-0.0694039641514	-0.0505257323923	0.0535180761377	0.00147210577781	0.0131239614982	0.0725668516682	1.0	-0.00939694771188	-0.0764712687574	-0.0462786146076	-0.0191311338324	0.0376975458191	-0.0224099226501	0.0205388570256	-0.0930111041233	0.026855618727	-0.00532946723295	0.00212504447131	0.0358061710928	-0.0378972097329	0.0178753486841	0.0412389681921	-0.00443554249087	-0.0642320331341	-0.0276272455785	-0.0600928377616	-0.0366519798663	0.07594368282	-0.0474417945873	-0.0329343697132	0.0175223327019	-0.0623771710615	0.00111958286331	-0.0669045080234	0.0416939271328	0.0230137159805	0.0703707016534	-0.0339802365177	0.0465564794566	-0.0494695916224	-0.000166375469012	-0.0141689222208	-0.00520285129779	-0.0068265409236	0.00107038109634	0.001432040043	-0.00262272540965	-0.0659077787632	-0.0496041874091
k__Bacteria;p__Proteobacteria;c__Betaproteobacteria;o__Burkholderiales;f__Sutterellaceae;g__Sutterella;s__Sutterella_wadsworthensis	0.00265275952272	0.0442369455015	-0.0910948298259	-0.022171053665	0.0238039971134	-0.0515085021577	-0.0391089293143	-0.0345145903661	-0.0298651593635	-0.0198035876857	-0.0400195703998	0.0166301674608	0.0596127369529	0.00900078584205	-0.0238949291488	0.0151217270683	-0.00939694771188	1.0	-0.0339260075998	0.0281255547828	0.00860193917197	-0.0165682582592	0.0261817300894	-0.0499353563894	0.0541911389628	-0.0204287410842	-0.0462036755958	0.00710361781974	-0.0341664942049	-0.0406441768177	0.0143763103439	-0.0879285581899	-0.025034884346	0.00857928536473	0.00398446920292	-0.0502687853292	0.00513093750993	0.00561740846784	-0.0461268182619	-0.0671892305219	0.00546132255756	0.0839622050821	-0.0413160184935	-0.0471703852294	0.00156064617773	0.034923496091	-0.0242980990306	-0.0607913622829	-0.0022738258712	-0.0280409754588	0.0270015783955	0.0282645281376	-0.0829600754166	0.0100141930119	-0.0367017827622	0.00247306137095	0.00193489409028	-0.0245067406568	-0.00348011669735
k__Bacteria;p__Bacteroidetes;c__Bacteroidia;o__Bacteroidales;f__Porphyromonadaceae;g__Barnesiella;s__Barnesiella_intestinihominis	0.0107900140573	-0.0205198385156	-0.00338980816767	-0.0128554264112	0.0669465425574	-0.0107190209142	-0.00868170069607	-0.00719505216845	0.0202087060018	-0.051407132806	0.00511692434346	-0.0011252859119	0.00452079125943	-0.0123490796252	-0.00503628365715	-0.0244366141472	-0.0764712687574	-0.0339260075998	1.0	-0.0242237451419	0.0283733957207	-0.117204403121	-0.102536233799	0.0155752144246	0.00355797552957	0.00594561491887	0.079116857808	-0.00242522921546	-0.00152161614069	0.0657344913138	0.0449496544422	0.00736574584078	0.0364223799805	0.00302452686581	0.0130950474295	-0.0414341405916	-0.0652163524339	-0.0856352927922	0.0187092909259	-0.043059927911	-0.0297891036758	0.00725790457674	0.0497464419452	0.0185459923225	-0.0139634266479	0.0571590694781	-0.0303377101045	-0.0278737457268	-0.0207062723642	-0.0641754800541	0.0417134796826	-0.00260252563684	-0.00646967904929	-0.0146698863464	0.0109543428114	-0.00474044302047	-0.0653886343329	0.00739327211957	-0.00878807110273
k__Bacteria;p__Bacteroidetes;c__Bacteroidia;o__Bacteroidales;f__Odoribacteraceae;g__Odoribacter;s__Odoribacter_splanchnicus	0.00482948900834	-0.00143546020374	0.0086579971341	-0.00616779502258	-0.00975054160939	-0.0233737027027	0.0320140191913	-0.0183450376917	0.0389744996302	0.0041548214912	0.0174419418382	0.0257842509902	-0.0457069341411	0.0252253862849	-0.00530117205305	0.0437018716889	-0.0462786146076	0.0281255547828	-0.0242237451419	1.0	-0.0687625861191	-0.0215010954771	0.0191210424387	-0.0592188408462	0.0348477564972	-0.0538736058413	0.022827219156	0.0152933271451	-0.0265191100098	-0.0667603880338	-0.0165384329743	0.00130662302771	0.00802522625618	0.00150922021985	-0.00662989468315	0.00647089162947	-0.00765805490044	-0.000979173922134	-0.0605556517546	-0.0184846073968	0.0004464107784	0.0293787925509	0.00536994199518	0.00111320229874	-0.10099223549	-0.00573174781345	-0.0324519371022	-0.0563294903942	-0.0268705741861	0.00656299290381	-0.0402680820364	0.0284232589171	-0.0394807244511	-0.00572387092429	0.0248020339381	-0.00587817112245	0.00410889795489	0.0829437646188	-0.0330488764734
k__Bacteria;p__Bacteroidetes;c__Bacteroidia;o__Bacteroidales;f__Bacteroidaceae;g__Bacteroides;s__Bacteroides_salyersiae	-0.00256546734505	-0.00274358037627	-0.0127827181683	-0.0406772338691	0.0454546043912	0.0579218724372	-0.0264296438114	0.0354790126716	-0.0422427317493	0.0871507721629	-0.0709456197775	-0.0524491756708	0.0380451771729	-0.06699242069	0.030499089913	0.0270795539652	-0.0191311338324	0.00860193917197	0.0283733957207	-0.0687625861191	1.0	-0.0496003658029	0.0281539469395	-0.025076304069	0.0684350186573	0.0160320121491	-0.0140447680263	-0.0104154173312	-0.022809317562	-0.00506692738323	0.00780449733494	-0.0512212936399	-0.029062954316	0.00406483593174	0.015486648693	-0.0341062909434	-0.0208624721696	-0.0199366322825	0.00534627758813	0.0271350191308	-0.0116900508765	0.0212529869879	0.0216047476914	-0.039962392199	0.0643884454643	0.0537131860958	0.0249936172637	0.0177876938628	-0.052505277044	-0.0119496607754	-0.0230607187006	0.039592384519	0.0384935210794	-0.0389962604711	0.019519150117	-0.0904192176447	-0.0461059017838	0.0358335741973	-0.0221979441795
k__Bacteria;p__Firmicutes;c__Clostridia;o__Clostridiales;f__Ruminococcaceae;g__Ruminiclostridium;s__[Eubacterium]_siraeum	0.0386143262001	-0.027053191933	0.0331633488398	0.0152826203821	-0.00666209394081	-0.068803117834	-0.0616255221576	-0.0277684516349	0.0407384208866	0.0144330671148	-0.0463094824394	0.041279917542	-0.018818826023	-0.00332872018282	-0.0299612939409	-0.0144337676658	0.0376975458191	-0.0165682582592	-0.117204403121	-0.0215010954771	-0.0496003658029	1.0	-0.0383934607036	-0.012586065593	-0.0379978043342	-0.0211966852441	-0.0211537173401	0.0118056662003	-0.0135436684191	-0.027921881616	-0.0882770604781	0.0240819854257	0.0145233144658	-0.0459647353881	-0.00830131099983	-0.013869628204	0.0170461857152	0.00290711692188	-0.0136892687594	-0.0379969000908	0.0170836526043	0.0553072640728	0.0176439451542	-0.0297304906042	0.00179278782722	-0.0549813342371	-0.00486759507271	0.0663544656559	0.0205831324094	-0.00608679924856	-0.0794868155984	-0.00552664269568	0.0299937370962	0.024505785264	-0.0720757636328	0.0115176204506	0.014639928261	0.0136717548223	-0.0774486320684
k__Bacteria;p__Proteobacteria;c__Betaproteobacteria;o__Burkholderiales;f__Sutterellaceae;g__Parasutterella;s__Parasutterella_excrementihominis	0.0188680803928	0.0277811523601	-0.0231185547448	-0.0193288880549	-0.0079806887785	-0.0254330900922	0.0220675338522	-0.0222276113466	-0.00567911627925	0.0193844736766	0.0244912522122	-0.0295691430831	-0.0657374744216	-0.00717939438618	-0.0441999426533	-0.0264136596528	-0.0224099226501	0.0261817300894	-0.102536233799	0.0191210424387	0.0281539469395	-0.0383934607036	1.0	0.00495844493189	0.0399815185208	0.00152132296509	-0.0203648069732	-0.0101264805636	-0.068869671294	-0.021831783061	-0.0572295479948	-0.0443905842856	-0.0597776944451	-0.060588237125	-0.00630854521221	-0.0766431699587	-0.0121622386077	0.01545159553	-0.0405842438076	0.0114289504336	0.0189004141269	0.0455368755242	-0.0589054348092	-0.0803502598597	-0.0861409573718	0.0164122047845	0.00509769290112	0.0812946414667	-0.0947448636545	0.0605943951824	0.0221898821569	0.0547061272286	-0.0105781075981	0.0330670560671	0.0329641481949	0.00544185865714	-0.00211533380756	0.00932413919466	-0.0927938512489
k__Bacteria;p__Actinobacteria;c__Actinobacteria;o__Bifidobacteriales;f__Bifidobacteriaceae;g__Bifidobacterium;s__Bifidobacterium_adolescentis	0.0116036408199	-0.013698784697	-0.0316244704212	-0.0200279865096	0.0235227239151	-0.0456014158424	-0.0460195409404	-0.0230816183697	0.000143552991116	0.0293890959584	0.0280862170839	0.0150027757797	-0.0722424661007	0.0665303197026	0.0719731195391	-0.0413767900865	0.0205388570256	-0.0499353563894	0.0155752144246	-0.0592188408462	-0.025076304069	-0.012586065593	0.00495844493189	1.0	0.0208236690769	-0.0923501037818	-0.0523786600082	-0.0575198352814	0.0136189856578	-0.0255641093378	0.0190623278302	0.0721427890222	0.0702963310254	0.0502321798388	-0.00581922924971	-0.0151272764934	0.0442809982934	0.0185676418627	-0.0363680778038	-0.0473556873708	0.0195749209433	-0.0119630684916	-0.0217351046511	0.00313227566659	0.0113167418582	0.0322402689143	0.0479176820797	0.0415616736524	-0.0247002558557	-0.0299537381477	0.0210855270796	0.0159298179992	-0.0052926952759	-0.0083548653758	0.0657136741548	-0.0309719781994	-0.0350066411628	-0.0444410936446	-0.0252258052548
k__Bacteria;p__Firmicutes;c__Clostridia;o__Clostridiales;f__Oscillospiraceae;g__Oscillibacter;s__Oscillibacter_sp._KLE_1745	-0.0102601709983	0.0330918319338	0.0116045110411	-0.00153229487084	0.0243500440653	0.0687069049485	0.0358622351591	-0.0190693535224	0.0203784859812	-0.0568501143176	-0.00178258844708	-0.0428966393357	0.00330381979507	0.0587699371881	-0.00970054453847	0.0396639998255	-0.0930111041233	0.0541911389628	0.00355797552957	0.0348477564972	0.0684350186573	-0.0379978043342	0.0399815185208	0.0208236690769	1.0	-0.00902926092069	-0.0542352062253	-0.0148519578381	-0.0787407809297	-0.0273066224903	0.0211499130484	0.0380584154748	0.0197155563304	0.0120749100566	-0.0497870944093	-0.0574536079745	-0.0128186468553	0.000223813694767	-0.0225746802972	0.0245730899649	-0.0266433856026	-0.0399974369302	0.0137444373504	0.00986336930837	0.0168589776038	0.0442447410268	0.0661287343724	-0.0756491711152	-0.00686429487788	-0.0186619567964	-0.00168460556354	-0.0368235604233	-0.0474887299182	-0.0335602525812	0.017805895125	-0.00629677317295	-0.00101239176627	-0.0183956513947	0.0161339140599
k__Bacteria;p__Bacteroidetes;c__Bacteroidia;o__Bacteroidales;f__Bacteroidaceae;g__Bacteroides;s__Bacteroides_coprophilus	-0.00712390771901	-0.0468849105178	0.0167487738051	0.00982349738059	-0.0530193911628	-0.0171129879532	-0.0569696817068	0.0299079275421	0.0296757394663	0.0348978076815	-0.0226519051044	0.0586352178326	0.037336531505	-0.0600350009094	-0.0440858253667	0.0695727880673	0.026855618727	-0.0204287410842	0.00594561491887	-0.0538736058413	0.0160320121491	-0.0211966852441	0.00152132296509	-0.0923501037818	-0.00902926092069	1.0	-0.0416761137706	0.0131631758649	-0.00494283292612	0.0222308875511	-0.0056628782196	0.0652741627746	-0.0491698815358	-0.0387820919559	0.124904793001	-0.0303454626713	-0.0218143819074	0.0235448919829	0.0174944668371	-0.0154034068861	0.00127350384441	-0.0401032970472	-0.0335763402439	-0.0472245418997	-0.0983350030483	0.0827404564561	-0.0383279554873	0.0569128818504	-0.0288903866655	-0.0907936158821	-0.0306585265564	-0.0378039919068	0.00354918882559	-0.0340346174713	-0.025991941813	0.0344686270988	-0.00992712948114	-0.00323821206055	0.0191331412033
k__Bacteria;p__Firmicutes;c__Clostridia;o__Clostridiales;f__Lachnospiraceae;g__Roseburia;s__Roseburia_intestinalis	-0.014057170433	0.0575875371247	0.0277744395339	0.0262832068522	0.0411454870718	-0.034532223015	-0.0481855295316	0.000143277755467	0.00162271187799	0.0415699993355	-0.023851237038	0.0109496236483	-0.0473957075953	0.0590334791985	-0.0784142120258	-0.0507740333938	-0.00532946723295	-0.0462036755958	0.079116857808	0.022827219156	-0.0140447680262	-0.0211537173401	-0.0203648069732	-0.0523786600082	-0.0542352062253	-0.0416761137706	1.0	0.00413981876923	0.0629392705947	0.0274345530853	0.0412674065848	-0.00380310136008	-0.0333117617918	0.0180056897604	0.102000426828	0.02366516087	-0.099952743486	-0.00723437454643	0.0506374453578	-0.038800548571	0.0346117384654	-0.0261813682097	-0.044790535031	0.0434884402655	-0.0675185994083	-0.0505426903578	-0.0716243665781	0.00942886132555	-0.0087079680445	-0.00560480987752	-0.0610562380876	0.00783617651945	-0.0444817644658	0.0202281226729	0.0893228940878	-0.00721312358631	0.0355654112178	-0.0327663371469	-0.049928148513
k__Bacteria;p__Firmicutes;c__Clostridia;o__Clostridiales;f__Lachnospiraceae;g__Roseburia;s__Roseburia_hominis	-0.0026981605552	0.0160195924037	-0.00685792992156	0.13270568855	0.0333928341788	-0.0647650417926	-0.0205740940052	0.0333763506285	-0.045642514079	0.0631744830625	0.0015536207574	-0.0501847345893	-0.0566929243965	0.0361709616161	-0.0303645806088	0.00502306172786	0.00212504447131	0.00710361781974	-0.00242522921546	0.0152933271451	-0.0104154173312	0.0118056662003	-0.0101264805636	-0.0575198352814	-0.0148519578381	0.0131631758649	0.00413981876923	1.0	0.0107934960686	-0.0604447183386	-0.0431662475956	0.0352400631078	0.0112510124741	-0.00777711871976	0.0138294713529	-0.0549746333269	-0.0340513074677	0.0264281309643	-0.0306519969259	-0.014457198299	-0.0216914522349	-0.0216033447482	-0.000753970185503	0.00856240417894	-0.0576963348771	-0.030804465488	-0.0525949513318	-0.00969937950051	0.0274180683059	-0.00241612027559	-0.0256423050476	0.00694524654433	-0.0352141746498	0.0261572774772	-0.0513559833539	0.0316318805313	-0.00252954549671	-0.0747101861923	-0.111019348866
k__Bacteria;p__Bacteroidetes;c__Bacteroidia;o__Bacteroidales;f__Porphyromonadaceae;g__Parabacteroides;s__Parabacteroides_johnsonii	-0.0463217820274	0.0197299749268	0.0574582764338	0.00326887103544	0.0137411558985	-0.0471943024406	-0.0801524683301	-0.00285555057706	0.0286699734196	-0.0073008103244	-0.0610200770841	-0.0511142475081	-0.0366645862043	-0.0682462989928	0.0139494335372	-0.0226367321325	0.0358061710928	-0.0341664942049	-0.00152161614069	-0.0265191100098	-0.022809317562	-0.0135436684191	-0.068869671294	0.0136189856578	-0.0787407809297	-0.00494283292612	0.0629392705947	0.0107934960686	1.0	-0.0244770221484	-0.0287638725671	-0.0222378401112	0.000781597406791	0.0478903674488	0.0254782249799	0.0147371283501	0.0291543416798	0.0213023683931	-0.058071167668	0.0288423556843	-0.0351178691259	-0.0540400388953	-0.0190542205148	0.00136374518999	-0.00336463484325	-0.0382882526206	-0.108825988612	-0.0229706142984	-0.0338480937197	0.0599368269698	-0.00127187515563	0.0002384561726	-0.0282766720104	-0.0667566490413	0.0105037655563	-0.0414614596211	-0.0253778624313	0.0194660530416	0.00515629280651
k__Bacteria;p__Actinobacteria;c__Actinobacteria;o__Bifidobacteriales;f__Bifidobacteriaceae;g__Bifidobacterium;s__Bifidobacterium_longum	-0.0157776553501	0.02458852469	-0.0255772783049	-0.0896072792804	0.0795230861061	-0.00710481904568	0.0258619625791	-0.0307849481986	-0.0101962811625	0.0468399745116	0.0148621741846	0.0218407608566	0.00304749890596	-0.0951328868476	0.101417852075	-0.00656768004806	-0.0378972097329	-0.0406441768177	0.0657344913138	-0.0667603880338	-0.00506692738323	-0.027921881616	-0.021831783061	-0.0255641093378	-0.0273066224903	0.0222308875511	0.0274345530853	-0.0604447183386	-0.0244770221484	1.0	-0.0530612057434	0.0449712448281	0.0131071180042	0.0265243958146	-0.00636635214056	-0.0111504854251	0.0223891385966	0.010862784609	-0.00251270522799	0.0320556299082	0.0386097572335	-0.0298422119227	-0.00745971138729	-0.0154296652658	-0.0591328020847	-0.0132766859879	-0.000990589151902	-0.0479440840528	0.0626714738431	-0.0163528636985	0.0762194647008	-0.0314140258117	-0.000121969277713	-0.0249854456067	-0.0316683661791	-0.0382218494583	0.0101558422251	-0.0221917023706	0.0438395514045
