#taxonomy	k__Bacteria;p__Bacteroidetes;c__Bacteroidia;o__Bacteroidales;f__Bacteroidaceae;g__Bacteroides;s__Bacteroides_vulgatus	k__Bacteria;p__Bacteroidetes;c__Bacteroidia;o__Bacteroidales;f__Bacteroidaceae;g__Bacteroides;s__Bacteroides_uniformis	k__Bacteria;p__Bacteroidetes;c__Bacteroidia;o__Bacteroidales;f__Rikenellaceae;g__Alistipes;s__Alistipes_putredinis	k__Bacteria;p__Bacteroidetes;c__Bacteroidia;o__Bacteroidales;f__Prevotellaceae;g__Prevotella;s__Prevotella_copri	k__Bacteria;p__Bacteroidetes;c__Bacteroidia;o__Bacteroidales;f__Bacteroidaceae;g__Bacteroides;s__Bacteroides_stercoris	k__Bacteria;p__Bacteroidetes;c__Bacteroidia;o__Bacteroidales;f__Bacteroidaceae;g__Bacteroides;s__Bacteroides_ovatus	k__Bacteria;p__Bacteroidetes;c__Bacteroidia;o__Bacteroidales;f__Rikenellaceae;g__Alistipes;s__Alistipes_shahii	k__Bacteria;p__Firmicutes;c__Clostridia;o__Clostridiales;f__Ruminococcaceae;g__Faecalibacterium;s__Faecalibacterium_prausnitzii	k__Bacteria;p__Bacteroidetes;c__Bacteroidia;o__Bacteroidales;f__Rikenellaceae;g__Alistipes;s__Alistipes_finegoldii	k__Bacteria;p__Bacteroidetes;c__Bacteroidia;o__Bacteroidales;f__Porphyromonadaceae;g__Parabacteroides;s__Parabacteroides_distasonis	k__Bacteria;p__Bacteroidetes;c__Bacteroidia;o__Bacteroidales;f__Bacteroidaceae;g__Bacteroides;s__Bacteroides_thetaiotaomicron	k__Bacteria;p__Bacteroidetes;c__Bacteroidia;o__Bacteroidales;f__Bacteroidaceae;g__Bacteroides;s__Bacteroides_coprocola	k__Bacteria;p__Bacteroidetes;c__Bacteroidia;o__Bacteroidales;f__Bacteroidaceae;g__Bacteroides;s__Bacteroides_cellulosilyticus	k__Bacteria;p__Bacteroidetes;c__Bacteroidia;o__Bacteroidales;f__Rikenellaceae;g__Alistipes;s__Alistipes_obesi	k__Bacteria;p__Firmicutes;c__Clostridia;o__Clostridiales;f__Lachnospiraceae;g__;s__[Eubacterium]_rectale	k__Bacteria;p__Bacteroidetes;c__Bacteroidia;o__Bacteroidales;f__Bacteroidaceae;g__Bacteroides;s__Bacteroides_plebeius	k__Bacteria;p__Bacteroidetes;c__Bacteroidia;o__Bacteroidales;f__Bacteroidaceae;g__Bacteroides;s__Bacteroides_fragilis	k__Bacteria;p__Proteobacteria;c__Betaproteobacteria;o__Burkholderiales;f__Sutterellaceae;g__Sutterella;s__Sutterella_wadsworthensis	k__Bacteria;p__Bacteroidetes;c__Bacteroidia;o__Bacteroidales;f__Porphyromonadaceae;g__Barnesiella;s__Barnesiella_intestinihominis	k__Bacteria;p__Bacteroidetes;c__Bacteroidia;o__Bacteroidales;f__Odoribacteraceae;g__Odoribacter;s__Odoribacter_splanchnicus	k__Bacteria;p__Bacteroidetes;c__Bacteroidia;o__Bacteroidales;f__Bacteroidaceae;g__Bacteroides;s__Bacteroides_salyersiae	k__Bacteria;p__Firmicutes;c__Clostridia;o__Clostridiales;f__Ruminococcaceae;g__Ruminiclostridium;s__[Eubacterium]_siraeum	k__Bacteria;p__Proteobacteria;c__Betaproteobacteria;o__Burkholderiales;f__Sutterellaceae;g__Parasutterella;s__Parasutterella_excrementihominis	k__Bacteria;p__Actinobacteria;c__Actinobacteria;o__Bifidobacteriales;f__Bifidobacteriaceae;g__Bifidobacterium;s__Bifidobacterium_adolescentis	k__Bacteria;p__Firmicutes;c__Clostridia;o__Clostridiales;f__Oscillospiraceae;g__Oscillibacter;s__Oscillibacter_sp._KLE_1745	k__Bacteria;p__Bacteroidetes;c__Bacteroidia;o__Bacteroidales;f__Bacteroidaceae;g__Bacteroides;s__Bacteroides_coprophilus	k__Bacteria;p__Firmicutes;c__Clostridia;o__Clostridiales;f__Lachnospiraceae;g__Roseburia;s__Roseburia_intestinalis	k__Bacteria;p__Firmicutes;c__Clostridia;o__Clostridiales;f__Lachnospiraceae;g__Roseburia;s__Roseburia_hominis	k__Bacteria;p__Bacteroidetes;c__Bacteroidia;o__Bacteroidales;f__Porphyromonadaceae;g__Parabacteroides;s__Parabacteroides_johnsonii	k__Bacteria;p__Actinobacteria;c__Actinobacteria;o__Bifidobacteriales;f__Bifidobacteriaceae;g__Bifidobacterium;s__Bifidobacterium_longum	k__Bacteria;p__Firmicutes;c__Clostridia;o__Clostridiales;f__;g__Flavonifractor;s__Flavonifractor_plautii	k__Bacteria;p__Firmicutes;c__Clostridia;o__Clostridiales;f__Clostridiaceae;g__Clostridium;s__Clostridium_phoceensis	k__Bacteria;p__Verrucomicrobia;c__Verrucomicrobiae;o__Verrucomicrobiales;f__Akkermansiaceae;g__Akkermansia;s__Akkermansia_muciniphila	k__Bacteria;p__Bacteroidetes;c__Bacteroidia;o__Bacteroidales;f__Prevotellaceae;g__Paraprevotella;s__Paraprevotella_xylaniphila	k__Bacteria;p__Firmicutes;c__Clostridia;o__Clostridiales;f__Ruminococcaceae;g__Ruminococcus;s__Ruminococcus_callidus	k__Bacteria;p__Bacteroidetes;c__Bacteroidia;o__Bacteroidales;f__Rikenellaceae;g__Alistipes;s__Alistipes_senegalensis	k__Bacteria;p__Firmicutes;c__Clostridia;o__Clostridiales;f__Lachnospiraceae;g__Blautia;s__Blautia_sp._KLE_1732	k__Bacteria;p__Bacteroidetes;c__Bacteroidia;o__Bacteroidales;f__Bacteroidaceae;g__Bacteroides;s__Bacteroides_oleiciplenus	k__Bacteria;p__Firmicutes;c__Clostridia;o__Clostridiales;f__Ruminococcaceae;g__Ruminococcus;s__Ruminococcus_bicirculans	k__Bacteria;p__Bacteroidetes;c__Bacteroidia;o__Bacteroidales;f__Bacteroidaceae;g__Bacteroides;s__Bacteroides_fluxus	k__Bacteria;p__Bacteroidetes;c__Bacteroidia;o__Bacteroidales;f__Prevotellaceae;g__Prevotella;s__Prevotella_stercorea	k__Bacteria;p__Firmicutes;c__Clostridia;o__Clostridiales;f__Lachnospiraceae;g__Dorea;s__Dorea_longicatena	k__Bacteria;p__Firmicutes;c__Clostridia;o__Clostridiales;f__Eubacteriaceae;g__Eubacterium;s__[Eubacterium]_eligens	k__Bacteria;p__Firmicutes;c__Clostridia;o__Clostridiales;f__Ruminococcaceae;g__;s__Ruminococcaceae_bacterium_D16	k__Bacteria;p__Firmicutes;c__Clostridia;o__Clostridiales;f__Lachnospiraceae;g__Coprococcus;s__Coprococcus_comes	k__Bacteria;p__Proteobacteria;c__Gammaproteobacteria;o__Enterobacterales;f__Enterobacteriaceae;g__Escherichia;s__Escherichia_coli	k__Bacteria;p__Firmicutes;c__Clostridia;o__Clostridiales;f__Ruminococcaceae;g__Anaerotruncus;s__Anaerotruncus_colihominis	k__Bacteria;p__Firmicutes;c__Clostridia;o__Clostridiales;f__Lachnospiraceae;g__Blautia;s__Blautia_obeum	k__Bacteria;p__Bacteroidetes;c__Bacteroidia;o__Bacteroidales;f__Odoribacteraceae;g__Odoribacter;s__Odoribacter_laneus	k__Bacteria;p__Firmicutes;c__Clostridia;o__Clostridiales;f__Ruminococcaceae;g__Ruminiclostridium;s__[Clostridium]_leptum	k__Bacteria;p__Bacteroidetes;c__Bacteroidia;o__Bacteroidales;f__Porphyromonadaceae;g__Parabacteroides;s__Parabacteroides_goldsteinii	k__Bacteria;p__Firmicutes;c__Clostridia;o__Clostridiales;f__Lachnospiraceae;g__Anaerostipes;s__Anaerostipes_hadrus	k__Bacteria;p__Firmicutes;c__Clostridia;o__Clostridiales;f__Ruminococcaceae;g__Ruminococcus;s__Ruminococcus_lactaris	k__Bacteria;p__Firmicutes;c__Clostridia;o__Clostridiales;f__Clostridiaceae;g__Clostridium;s__Clostridium_sp._L2-50	k__Bacteria;p__Firmicutes;c__Clostridia;o__Clostridiales;f__Clostridiaceae;g__Clostridium;s__Clostridium_sp._M62/1	k__Bacteria;p__Firmicutes;c__Clostridia;o__Clostridiales;f__;g__Intestinimonas;s__Intestinimonas_butyriciproducens	k__Bacteria;p__Actinobacteria;c__Actinobacteria;o__Bifidobacteriales;f__Bifidobacteriaceae;g__Bifidobacterium;s__Bifidobacterium_bifidum	k__Bacteria;p__Firmicutes;c__Negativicutes;o__Veillonellales;f__Veillonellaceae;g__Dialister;s__Dialister_invisus	k__Bacteria;p__Bacteroidetes;c__Bacteroidia;o__Bacteroidales;f__Bacteroidaceae;g__Bacteroides;s__Bacteroides_salanitronis
k__Bacteria;p__Bacteroidetes;c__Bacteroidia;o__Bacteroidales;f__Bacteroidaceae;g__Bacteroides;s__Bacteroides_vulgatus	1.0	-0.00635484001976	0.0407265776898	-0.0505114968218	-0.0331829168387	0.0201839242501	-0.0509863556815	0.0185113257097	-0.0225065296017	-0.0527993672229	-0.0832457752064	-0.0226527915935	-0.00915033255962	0.0625487918407	-0.0047782847569	-0.0146553809142	0.0272066825528	0.00260079513983	-0.0738882561015	0.021426235979	-0.0108272170387	0.0559029385549	-0.0701688464777	0.00235314466556	-0.0732921516856	0.00374504992446	0.00934595950901	-0.0307183122728	0.0350600477946	0.0177673817301	0.00073519880907	-0.0693221361845	0.0128610195993	-0.0296700731913	-0.107721504041	-0.00571746403273	0.0100228314141	-0.0190600676087	-0.0864608492011	0.012934114025	-0.0156020425392	0.00986836154054	0.0397049537126	-0.0302338124973	-0.00758583035334	0.0497586238693	-0.0426746114122	0.0423877936006	0.0478318235096	-0.0328236947839	-0.0488495796812	0.0657636198207	-0.0350122511374	0.0325677161342	0.013909059744	0.0332657765053	0.00945822333459	-0.00273411529584	-0.0543589394915
k__Bacteria;p__Bacteroidetes;c__Bacteroidia;o__Bacteroidales;f__Bacteroidaceae;g__Bacteroides;s__Bacteroides_uniformis	-0.00635484001976	1.0	-0.0358936305879	-0.0421246957875	0.00430443603949	-0.0149281351822	-0.0595481139102	-0.00643332412485	0.0334285600231	-0.0530165334789	0.00777517772579	-0.00611206203727	-0.0153166321024	0.0139018423216	-9.33789927336e-06	-0.0528154430949	0.0617188488259	-0.0761181237666	0.0405774166932	-0.00201446391928	-0.0327590345057	0.0218384142857	0.0134468091092	0.014913702078	-0.0415221463954	-0.0312941330092	-0.00935449777426	0.00102352468151	0.00926602420603	-0.0905261245557	0.00987641927098	-0.0262499536085	-0.012161131596	0.000149624655955	0.0281856522033	0.0652764038705	0.0542324300163	0.0513928724182	-0.0305093080941	-0.0479443335249	0.0230462874399	-0.0718240478674	-0.00570093534126	-0.0862203235701	0.00619339002931	0.0272134255066	-0.00287758634274	-0.0404475080772	-0.0360230256516	-0.0278376421518	-0.0116583933897	-0.00024980393366	0.0403684937908	0.00764093019578	-0.0174010128161	0.00485193512415	0.0236415130293	-0.00120509034945	-0.00140410732369
k__Bacteria;p__Bacteroidetes;c__Bacteroidia;o__Bacteroidales;f__Rikenellaceae;g__Alistipes;s__Alistipes_putredinis	0.0407265776898	-0.0358936305879	1.0	0.0228370146592	0.00611087165936	-0.036397698587	-0.021166248472	-0.0571129874885	-0.0217842140971	-0.037320280377	-0.0547572186256	-0.00405733846559	-0.00918602553627	0.0561970010521	-0.0238634425247	-0.0424551627509	0.0145668603853	0.00763326432241	-0.00834138551376	0.0780643954154	-0.0401518575204	0.014769575711	-0.0766437368614	-0.0327560355231	0.0327688613026	-0.00552698770526	0.0161266033135	-0.0500847520507	-0.0239464908379	-0.000870263263089	-0.0263523499476	0.00783422197336	-0.055585562993	-0.0267121528449	-0.0564142869772	0.0963791918978	0.0144722560841	-0.036852071014	-0.0211698116166	-0.04438396568	0.00330934791304	-0.00187814390952	-0.00599214574836	0.0440672837599	-0.0623674019091	-0.00873922505664	-0.0155490063969	0.012310129709	0.0032215431495	0.0562936300149	-0.0371720308273	0.0155248836833	0.04171742494	0.0267445747909	-0.0320071037518	0.0830101150409	0.0538721014385	-0.0674986865393	0.00364636974358
k__Bacteria;p__Bacteroidetes;c__Bacteroidia;o__Bacteroidales;f__Prevotellaceae;g__Prevotella;s__Prevotella_copri	-0.0505114968218	-0.0421246957875	0.0228370146592	1.0	-0.0597994150808	0.0058686075998	0.0234618424505	-0.0514859383723	-0.00702140108328	-0.00920967613089	0.0223637683717	-0.0090826137005	-0.0145769138431	-0.0195677995442	-0.00166750805971	-0.0336809523592	-0.012199912133	-0.0237511483112	-0.00239882216379	0.00845312586715	0.0196612770669	-0.0311595176537	-0.024316695388	-0.102795296928	0.017403788972	-0.0590544313714	0.0291055994178	0.0305811737404	-0.0415470178038	0.00573266448028	-0.0420192535823	-0.0225489672008	0.0251785849147	0.0145915405361	-0.067985688322	0.0188848988319	0.027524744533	-0.0401973582211	0.0198983650806	0.0418292666532	0.0777089606048	0.0195887196066	0.0757557167643	0.00181791489069	-0.00759888863448	-0.0661579868973	-0.0352385658742	-0.0031302864867	-0.0179941056296	-0.0260567496169	-0.0116396205785	0.0372656091171	-0.0807190416819	0.0130575019675	-0.0149114036197	0.001235328018	-0.00607306487981	-0.0136229538464	-0.0103042540733
k__Bacteria;p__Bacteroidetes;c__Bacteroidia;o__Bacteroidales;f__Bacteroidaceae;g__Bacteroides;s__Bacteroides_stercoris	-0.0331829168387	0.00430443603949	0.00611087165936	-0.0597994150808	1.0	0.027680230565	-0.0292327276689	-0.0491481511438	-0.0181932736176	0.0633771214905	0.0154078960521	0.0293742422158	-0.0572818580086	0.0729566952257	0.00869470008946	-0.0611470691422	0.0428386021694	-0.0325243812453	-0.0393317768579	0.0854734623098	0.00406125487976	-0.0491851322182	0.0724099726857	-0.00435476244697	-0.0867407708073	-0.0102851715077	-0.0167257531596	0.00657767908021	-0.013508588832	-0.0302159749709	-0.0542050032725	0.0503248716116	-0.0448977567758	-0.0480209246061	-0.0529402730044	-0.0099822872867	-0.0133414924989	-0.047996835264	0.0206919384018	0.00422147024011	0.0420671909995	-0.0522238885308	0.0185991897785	0.0926542214472	-0.0448621834157	0.0112159719182	-0.019645248562	0.0269863376794	0.0166309285974	-0.060220216022	0.00539761730061	-0.0169086506851	-0.0359387007839	-0.00253606753903	0.0108195948099	-0.045358620457	-0.00525928791405	0.0104786696591	0.0256536847995
k__Bacteria;p__Bacteroidetes;c__Bacteroidia;o__Bacteroidales;f__Bacteroidaceae;g__Bacteroides;s__Bacteroides_ovatus	0.0201839242501	-0.0149281351822	-0.036397698587	0.0058686075998	0.027680230565	1.0	0.0477213323834	-0.0385690085855	0.0370644036894	0.0150137161189	-0.0557638850992	0.0309352831433	-0.06705854027	-0.0495952361739	0.0219461571997	0.0358841341771	-0.00553036524299	0.0081410806722	-0.00199083834356	-0.0652465166512	0.0486270849204	0.0324467048194	-0.0333668097117	0.0658649419515	-0.0392930880825	-0.00405218427812	-0.0585836071183	0.00853520620868	-0.023892629751	0.0308086157557	-0.0480523160845	-0.0166902257764	-0.025052057483	0.00207171233577	-0.0215098323674	-0.00737178239796	-0.00348995517231	0.0399633229052	-0.0351982217823	-0.0585612237355	0.0337605243321	-0.0404650728653	-0.0374335038803	-0.0312827470511	-0.067197336648	0.0293752843523	-0.0024855599849	-0.0153487862891	-0.0157826486223	0.0382229635299	0.0324359339699	-0.0438112623927	-0.0661450914581	-0.0168449068543	-0.0527678311654	-0.0861430495417	-0.0286705784134	0.0190318588792	0.0217414740706
k__Bacteria;p__Bacteroidetes;c__Bacteroidia;o__Bacteroidales;f__Rikenellaceae;g__Alistipes;s__Alistipes_shahii	-0.0509863556815	-0.0595481139102	-0.021166248472	0.0234618424505	-0.0292327276689	0.0477213323834	1.0	0.0202186413959	-0.0171119489483	0.0456992557796	0.0307284186523	0.00980677166449	0.0173006076585	0.00605181080347	0.0268155892574	-0.0886824278798	-0.0164014485159	-0.0269618792723	-0.0648698176914	-0.00800270179658	-0.0311252128324	-0.00947048196073	0.00493437999949	-0.0217642115305	-0.010147770851	-0.0038061267611	-0.0484493449632	-0.0064483192847	0.0120590566454	0.0101149651459	0.133122070641	-0.0415912417134	0.0140340824851	0.00280608566248	0.0326696386152	-0.0532548241656	0.0183881825666	-0.0496445001454	0.0152554381608	-0.0306893552122	-0.0256642425452	-0.01831884476	-0.0446474931796	-0.029876177342	0.0141305723892	-0.0131557563451	0.00431492458276	0.0617829976995	-0.0181665403574	-0.0143956871123	-0.0295825600599	-0.0146220520071	0.0213503280835	-0.00932826532316	0.0166830879251	-0.00283203113835	-0.091839587626	-0.0701726732795	-0.00344363125556
k__Bacteria;p__Firmicutes;c__Clostridia;o__Clostridiales;f__Ruminococcaceae;g__Faecalibacterium;s__Faecalibacterium_prausnitzii	0.0185113257097	-0.00643332412485	-0.0571129874885	-0.0514859383723	-0.0491481511438	-0.0385690085855	0.0202186413959	1.0	-0.0672630080108	0.00550564454985	0.0518948350994	0.0129833606243	-0.0184049623146	-0.0277706478455	-0.0772840957093	-0.0214556795123	-0.04341356716	0.00842616716647	-0.0278647484589	-0.00174146986404	-0.00508099511726	5.49072057921e-05	0.00475668361764	0.0374448129866	-0.0176782317521	0.00276361701233	-0.0132706488002	0.0288196416572	0.0560473957412	0.0380288913433	0.0288895324449	0.0847139487297	-0.0537883417198	0.0315985569451	0.0361028423673	-0.0108124716269	-0.0243324392641	-0.0269906158848	0.0161792105212	-0.016801067736	-0.0352296966456	-0.00852594834996	0.0261885871572	-0.000855482581893	0.00842094129574	-0.00502848592085	0.0484898935943	-0.0115937290335	-0.0136682001299	-0.0458859770895	-0.067404129916	-0.0364474143852	0.015829174953	0.00038329626409	-0.0387284102812	-0.0825728207453	0.0217902994249	-0.00350811435156	-0.0227131486216
k__Bacteria;p__Bacteroidetes;c__Bacteroidia;o__Bacteroidales;f__Rikenellaceae;g__Alistipes;s__Alistipes_finegoldii	-0.0225065296017	0.0334285600231	-0.0217842140971	-0.00702140108328	-0.0181932736176	0.0370644036894	-0.0171119489483	-0.0672630080108	1.0	0.0194815034002	-0.036786106082	-0.0197610226993	0.00418222663397	-0.0376123860017	-0.0261953656815	0.0535369002053	-0.0076659378073	-0.0131106166511	0.0137635528024	-0.0405535632551	-0.0380502577103	0.00153269614901	-0.00547468250028	0.0286241784709	-0.00963910259874	-0.0570666614365	-0.00325872710877	-0.00911054259483	0.0107382798885	-0.04307223966	-0.0461794657192	0.0488625865322	-0.0168297640222	0.0221135434353	-0.0459710264159	-0.016318263769	0.0058707652154	0.0744137285753	0.0155212155617	-0.0656924555384	0.030223225821	-0.0544196042537	-0.0405544025854	-0.000147084717217	-0.00591630996219	-0.0133939675124	-0.0400022114593	0.0653831009131	0.00664268819558	0.0935745813095	0.00110082448628	0.0073224676458	0.0217358574249	0.00311533870102	-0.0194566650015	-0.037589714987	0.00976628571914	0.0299153404377	0.0161677481662
k__Bacteria;p__Bacteroidetes;c__Bacteroidia;o__Bacteroidales;f__Porphyromonadaceae;g__Parabacteroides;s__Parabacteroides_distasonis	-0.0527993672229	-0.0530165334789	-0.037320280377	-0.00920967613089	0.0633771214905	0.0150137161189	0.0456992557796	0.00550564454985	0.0194815034002	1.0	-0.0209892237062	-0.00504162083471	-0.0310906703693	0.00158215757698	-0.0591354654136	-0.0344525750398	0.0394044399049	0.0281517069547	-0.00821910042768	0.0376523294615	-0.0198263624665	-0.00886196078782	-0.0115989557231	-0.0120585305226	0.0568259345851	0.000244386614988	-0.0469862865731	-0.0045195162429	-0.0574997386672	-0.0334728151267	-0.0469721269834	0.0111909167467	-0.0580690336033	0.0372366090179	-0.0312989730253	-0.0526135938787	0.0442306765861	-0.0372607898352	-0.0144277364732	0.00602531815893	-0.000764235324268	-0.00561396680968	-0.0414906633876	-0.010182413065	0.00610832530867	0.00587120221777	0.0335755839323	0.0198934133302	0.0185805853944	-0.0208992526217	-0.0218202761811	0.000524510063112	-0.0309588872702	0.0577485563964	0.00708947624133	-0.0376525143304	0.0356717217946	-0.0251189185163	-0.0277932584707
k__Bacteria;p__Bacteroidetes;c__Bacteroidia;o__Bacteroidales;f__Bacteroidaceae;g__Bacteroides;s__Bacteroides_thetaiotaomicron	-0.0832457752064	0.00777517772579	-0.0547572186256	0.0223637683717	0.0154078960521	-0.0557638850992	0.0307284186523	0.0518948350994	-0.036786106082	-0.0209892237062	1.0	0.0056683805149	-0.00182975022947	-0.0081212018969	-0.0205810550915	0.0676667788847	-0.041549156769	0.00774585989637	-0.0521560050897	0.011169220159	-0.00612833750653	-0.0379641353106	-0.00287037617769	0.0181219498663	-0.0496094019366	0.0100830269604	-0.0360569112337	0.0235203268548	0.0594104137372	-0.0403441498952	-0.0102188369705	-0.0586377266938	0.00126410669791	-0.00505401980982	-0.00281178863395	-0.0361805359343	-0.00377354490949	-0.0427734479444	0.0228622485777	-0.0532300558821	-0.0810585017115	-0.0181877568968	0.00429012596041	-0.0279356717976	-0.0415504428045	-0.024531833021	-0.00586318833634	0.0165641093682	-0.0563604551158	-0.0230159287023	-0.0388076327493	-0.00731513260227	0.00411271068705	-0.043415697855	-0.0360171336593	0.000599316983715	0.00356093138938	0.00806564745009	-0.083527058614
k__Bacteria;p__Bacteroidetes;c__Bacteroidia;o__Bacteroidales;f__Bacteroidaceae;g__Bacteroides;s__Bacteroides_coprocola	-0.0226527915935	-0.00611206203727	-0.00405733846559	-0.0090826137005	0.0293742422158	0.0309352831433	0.00980677166449	0.0129833606243	-0.0197610226993	-0.00504162083471	0.0056683805149	1.0	-0.0339471102187	-0.0485193355802	0.0162579297078	0.0201985957224	-0.0105318642691	-0.00224308861568	0.0793648659179	-0.0451788785477	-0.0172133492076	0.00846461415308	-0.0365890386532	-0.0742894951596	0.0804197747123	-0.0630515897035	-0.0352639807174	-0.0382414081078	0.0399266527924	0.0381824896393	-0.043292290214	0.0296612890924	-0.0256952556207	0.00888896802119	-0.0190857515415	0.00285746657856	0.0132088591473	-0.0462217425005	0.022295574596	0.0480640880542	-0.0571372428641	-0.0405120903713	0.0190732827754	0.00794398408104	-0.00219196611995	-0.0281981949056	-0.0118771989638	-0.0732078397866	-0.0157240931988	-0.0700056661529	-0.00564974491451	-0.0431394155721	-0.0537800250913	0.036740827164	-0.00696037672953	0.0534212075275	-0.0270695998041	-0.0231734660555	0.0414240507255
k__Bacteria;p__Bacteroidetes;c__Bacteroidia;o__Bacteroidales;f__Bacteroidaceae;g__Bacteroides;s__Bacteroides_cellulosilyticus	-0.00915033255962	-0.0153166321024	-0.00918602553627	-0.0145769138431	-0.0572818580086	-0.06705854027	0.0173006076585	-0.0184049623146	0.00418222663397	-0.0310906703693	-0.00182975022947	-0.0339471102187	1.0	0.0108740360359	-0.0753398134903	-0.00425698099232	-0.0173237727619	-0.00195217820247	-0.0226194727852	0.0206178323623	-0.0201746402623	-0.00247183239258	0.0442930362091	0.0140194743048	0.0589311510586	-0.0106675691722	0.00230287612589	-0.0346452469408	-0.0577436115975	0.0703761822084	-0.0298002516113	0.00956485271933	0.0175882344403	0.0857351835289	0.0335584172066	0.0168266522432	0.00539763791591	-0.113980121262	-0.00588315082196	-0.0619691334122	0.0379796542098	0.0208852618084	0.0282645191282	-0.00488648964419	-0.0516655925731	-0.039147868689	0.0213695284215	-0.021091782982	0.0127181398539	0.0079821037047	0.0548314091437	-0.0626437334937	-0.0132265955564	0.0444458646641	0.0363120114036	0.0002498593869	0.0164278934818	0.0179727368918	-0.00411640914872
k__Bacteria;p__Bacteroidetes;c__Bacteroidia;o__Bacteroidales;f__Rikenellaceae;g__Alistipes;s__Alistipes_obesi	0.0625487918407	0.0139018423216	0.0561970010521	-0.0195677995442	0.0729566952257	-0.0495952361739	0.00605181080347	-0.0277706478455	-0.0376123860017	0.00158215757698	-0.0081212018969	-0.0485193355802	0.0108740360359	1.0	-0.0727894314954	-0.0606561000882	-0.0215703631032	0.0638055167764	-0.0105071765394	0.0155673567999	0.0137787761866	-0.0509807612229	0.0458798933001	-0.0376053355193	-0.0662187286444	0.00293726046433	-0.0338624387071	0.00337540526206	-0.0402229554593	-0.057428734812	0.059998044209	0.0181210878999	-0.00291172322659	-0.00694392973963	-0.042321150288	-0.0213661373105	-0.0476553548076	-0.0396930803392	0.0610926169845	0.0136739605384	-0.0283576272699	-0.0547678057055	0.0805022672977	0.0290125372999	0.045739898264	0.00792532265884	-0.0315762842125	-0.0388420761729	-0.0232945326393	-0.00499772201896	0.0119721768833	-0.0470156617209	-0.0258748951593	0.0240149421305	-0.0618633718339	-0.00911353146157	-0.0156873454291	-0.0237763656849	0.040919589591
k__Bacteria;p__Firmicutes;c__Clostridia;o__Clostridiales;f__Lachnospiraceae;g__;s__[Eubacterium]_rectale	-0.0047782847569	-9.3378992733e-06	-0.0238634425247	-0.00166750805971	0.00869470008946	0.0219461571997	0.0268155892574	-0.0772840957093	-0.0261953656815	-0.0591354654136	-0.0205810550915	0.0162579297078	-0.0753398134903	-0.0727894314954	1.0	-0.031173252888	0.0262604011593	0.0411872058031	0.0154029305665	-0.0247117322259	0.0297411690146	0.0209300751842	0.0270914181058	0.00669381404631	0.004285291164	0.00729551984548	-0.0141553533686	-0.0728903709598	-0.0286327628337	-0.0203196817433	-0.0814595835252	0.00574292650178	0.0514785395259	0.0545277406234	-0.0362847359216	-0.0414965896652	-0.0329103971827	-0.0185705417434	-0.0183242764618	-0.11005497318	0.0615033935518	-0.0537259906516	0.0678816658969	-0.056020286995	0.00824281540696	-0.0131205918417	-0.0432554734096	-0.00779646211414	-0.0650761454426	0.0469312100807	0.0422431295975	0.0492486258126	0.00750941242457	0.0117116832712	-0.0405678748013	0.0158143968381	-0.000201237378373	-0.0092448335317	0.00530651132849
k__Bacteria;p__Bacteroidetes;c__Bacteroidia;o__Bacteroidales;f__Bacteroidaceae;g__Bacteroides;s__Bacteroides_plebeius	-0.0146553809142	-0.0528154430949	-0.0424551627509	-0.0336809523592	-0.0611470691422	0.0358841341771	-0.0886824278798	-0.0214556795123	0.0535369002053	-0.0344525750398	0.0676667788847	0.0201985957224	-0.00425698099232	-0.0606561000882	-0.031173252888	1.0	-0.0396549685287	-0.0246548778561	0.00260159581908	0.00946004380827	0.0381145518756	-0.0407733136073	-0.00657241559069	-0.0468254025456	-0.0311711236946	0.0326121847928	0.0731734288201	-0.0016120201075	-0.0510139791398	0.00952335363937	0.0242716111408	0.0294105038932	0.0067668463642	-0.0390275283175	0.0136437063274	-0.0258809276588	0.0385094197674	-0.0234410815496	0.0911802711594	-0.0745413209331	-0.0812847014308	0.0351388280023	0.000610628874674	-0.0653184865373	0.0641648054509	0.0166915161399	0.0268042538898	0.0122259402144	-0.0378987974278	0.00934971105714	0.0906238865974	-0.0460941309049	-0.0159870736798	0.00936451976614	0.0299040176491	-0.0804404453085	0.00192291900074	0.0130412609255	0.021143086334
k__Bacteria;p__Bacteroidetes;c__Bacteroidia;o__Bacteroidales;f__Bacteroidaceae;g__Bacteroides;s__Bacteroides_fragilis	0.0272066825528	0.0617188488259	0.0145668603853	-0.012199912133	0.0428386021694	-0.00553036524299	-0.0164014485159	-0.04341356716	-0.0076659378073	0.0394044399049	-0.041549156769	-0.0105318642691	-0.0173237727619	-0.0215703631032	0.0262604011593	-0.0396549685287	1.0	-0.0348545338178	-0.0660853841974	0.00980955813964	0.0404107007164	0.00987829042975	-0.027372833422	-0.00658593794056	-0.0649086770678	0.0544996669284	0.00277828387544	-0.0238757826489	0.0493753211754	0.0339679604684	-0.0388686149646	-0.0165785552189	0.0220933927968	0.0956594240367	-0.0455125524589	0.000723555908093	0.0120738696993	-0.0505857559405	-0.0195137165745	-0.0328577991075	0.0308764907334	-0.0398747843762	0.0543241733565	-0.0923279366109	0.000392544396056	0.051080737428	-0.0225179304443	-0.00242486376227	-0.0258616477106	-0.0650566863695	-0.00132852726267	-0.0622126359673	-0.0186834936805	-0.0325585781196	0.0293578509526	0.000732148216069	-0.0145449150261	-0.000857243758373	-0.00524901257292
k__Bacteria;p__Proteobacteria;c__Betaproteobacteria;o__Burkholderiales;f__Sutterellaceae;g__Sutterella;s__Sutterella_wadsworthensis	0.00260079513983	-0.0761181237666	0.00763326432241	-0.0237511483112	-0.0325243812453	0.0081410806722	-0.0269618792723	0.00842616716647	-0.0131106166511	0.0281517069547	0.00774585989637	-0.00224308861568	-0.00195217820247	0.0638055167764	0.0411872058031	-0.0246548778561	-0.0348545338178	1.0	0.0294094572442	0.011578910641	-0.0485450739107	-0.0433683704779	-0.0145416855779	-0.0469437375631	-0.0137041618074	0.0159548104288	-0.0308699517622	-0.057756089253	0.104861295491	-0.0335462851905	-0.0835958802191	0.0446758687789	0.0527122975544	0.0306389275871	-0.0749258430884	-0.0435323999961	0.00681299060399	-0.0381051011088	-0.046670793546	-0.0443608922678	-0.0306944629894	-0.0311607080557	0.000713801783596	0.0126167941105	-0.00618618029984	-0.0204754786061	-0.0166909017056	-0.0658694253149	-0.0142517928519	0.0923996876473	-0.0505335046586	0.0146655486073	0.0317620472714	0.0343473969198	-0.0535820104587	-0.0674621889161	-0.0400253844022	-0.0102306075771	0.01219047404
k__Bacteria;p__Bacteroidetes;c__Bacteroidia;o__Bacteroidales;f__Porphyromonadaceae;g__Barnesiella;s__Barnesiella_intestinihominis	-0.0738882561015	0.0405774166932	-0.00834138551376	-0.00239882216379	-0.0393317768579	-0.00199083834356	-0.0648698176914	-0.0278647484589	0.0137635528024	-0.00821910042768	-0.0521560050897	0.0793648659179	-0.0226194727852	-0.0105071765394	0.0154029305665	0.00260159581908	-0.0660853841974	0.0294094572442	1.0	-0.0810414470608	0.00818367928803	-0.0552719336335	0.0522438404443	-0.027814362635	-0.00865827693422	0.0183943510909	0.00650390827041	0.0321678484072	-0.0140993031301	-0.0210062463682	0.0412332569776	-0.013760938359	-0.0507937283062	-0.0678736904178	0.0100948190888	-0.0184745343484	0.00037190960691	0.072445903302	0.0123730978476	0.0027944623579	0.0078737302307	-0.0165234820782	-0.0357497612819	0.0256251561749	-0.0840997056534	-0.0223134026649	-0.0485501347733	-0.02541552553	-0.0338489060899	0.0632553087426	-0.0522881353054	0.0729554662795	0.026034775449	-0.0103931182979	-0.00378271285554	-0.0630622955747	-0.0935007225969	-0.034572102563	-0.0562333339424
k__Bacteria;p__Bacteroidetes;c__Bacteroidia;o__Bacteroidales;f__Odoribacteraceae;g__Odoribacter;s__Odoribacter_splanchnicus	0.021426235979	-0.00201446391928	0.0780643954154	0.00845312586715	0.0854734623098	-0.0652465166512	-0.00800270179658	-0.00174146986404	-0.0405535632551	0.0376523294615	0.011169220159	-0.0451788785477	0.0206178323623	0.0155673567999	-0.0247117322259	0.00946004380827	0.00980955813964	0.011578910641	-0.0810414470608	1.0	-0.0642751349087	0.0197153835017	0.00434837336623	-0.0476181482903	-0.0100290104699	-0.0151614514674	-0.0244805150272	0.0162330369319	-0.0295155306203	-0.01967980712	0.0235697143306	0.0101098629463	-0.00629155276636	-0.0914451209273	-0.0797337595296	-0.0388422640998	-0.0473588792348	0.0280011746811	0.000132849146714	0.058038941041	-0.0410018588762	0.00267371378241	0.0399152011367	-0.0315308402467	0.00533944833186	-0.106141429957	0.0409757330179	0.0232735106051	-0.0244682690711	-0.0507404182753	0.0150401505814	-0.00110861686794	-0.00214262994482	0.0150755108438	0.00342519266058	0.0342851435923	-0.0036848732858	-0.0132027067635	-0.0289355073588
k__Bacteria;p__Bacteroidetes;c__Bacteroidia;o__Bacteroidales;f__Bacteroidaceae;g__Bacteroides;s__Bacteroides_salyersiae	-0.0108272170387	-0.0327590345057	-0.0401518575204	0.0196612770669	0.00406125487976	0.0486270849204	-0.0311252128324	-0.00508099511726	-0.0380502577103	-0.0198263624665	-0.00612833750653	-0.0172133492076	-0.0201746402623	0.0137787761866	0.0297411690146	0.0381145518756	0.0404107007164	-0.0485450739107	0.00818367928803	-0.0642751349087	1.0	-0.0142058688182	0.0180213053876	-0.0132675798983	-0.0264892759968	-0.0371189261804	-0.017429364627	0.0358459262502	-0.0116159245195	0.039062545225	-0.00984981376065	-0.031057647333	-0.0364811150586	-0.0491924080615	-0.0261295413749	0.0419278998781	-0.00694682535936	-0.0253038443643	0.019674064838	0.0121667912493	-0.0161087697497	-0.0105518336934	0.000639097315931	-0.0555172973239	-0.0382974711401	-0.0180029560031	0.0501954924104	0.00520035090591	-0.0320388592565	0.0168639138001	-0.00349081644626	-0.0198243863465	-0.0240777059477	0.0672779839263	-0.078658239929	0.0425036769295	-0.0344387432061	-0.0388422970398	-0.0514821541022
k__Bacteria;p__Firmicutes;c__Clostridia;o__Clostridiales;f__Ruminococcaceae;g__Ruminiclostridium;s__[Eubacterium]_siraeum	0.0559029385549	0.0218384142857	0.014769575711	-0.0311595176537	-0.0491851322182	0.0324467048194	-0.00947048196073	5.49072057921e-05	0.00153269614901	-0.00886196078782	-0.0379641353106	0.00846461415308	-0.00247183239258	-0.0509807612229	0.0209300751842	-0.0407733136073	0.00987829042975	-0.0433683704779	-0.0552719336335	0.0197153835017	-0.0142058688182	1.0	0.0733511459412	-0.00939645681469	-0.0149856435641	0.0365896340074	-0.0600381327984	-0.017185218459	-0.00182103922278	0.0138086658157	0.0383076775555	-0.0119213488627	0.0187031443884	-0.0527350979478	0.0520227420371	-0.0148471477956	-0.0833702336263	-0.0146198153265	-0.00604816311334	-0.0096030243692	0.00653097809326	0.0355390146863	0.001965781034	-0.0471715889642	0.023583608179	0.0347975849555	-0.0180261073842	0.00470111526792	-0.0536332292455	0.0128339006576	-0.0250630057232	-0.0293928963333	-0.00797333057338	-0.00787629318647	0.0319217395087	-0.0470474333438	0.0155425854814	-0.0331949170777	0.0166989671337
k__Bacteria;p__Proteobacteria;c__Betaproteobacteria;o__Burkholderiales;f__Sutterellaceae;g__Parasutterella;s__Parasutterella_excrementihominis	-0.0701688464777	0.0134468091092	-0.0766437368614	-0.024316695388	0.0724099726857	-0.0333668097117	0.00493437999949	0.00475668361764	-0.00547468250028	-0.0115989557231	-0.00287037617769	-0.0365890386532	0.0442930362091	0.0458798933001	0.0270914181058	-0.00657241559069	-0.027372833422	-0.0145416855779	0.0522438404443	0.00434837336623	0.0180213053876	0.0733511459412	1.0	-0.0191801480468	-0.0599809631595	-0.00105578154744	0.00624915365893	-0.00151641441069	-0.083816766478	0.00408387558571	-0.0726399673719	-0.00164651338731	-0.0596552645772	-0.0594562656868	0.0473618590075	-0.0133549860534	-0.0327618584909	0.0371871964906	0.104018078657	0.0795111365275	-0.00994769069378	0.0353940858054	-0.0586020239829	-0.0368412534609	-0.0184831028502	-0.0472119832651	0.0172724550991	-0.0237271488106	0.00305389678075	-0.0323284336929	-0.0417161049803	-0.0536790507498	0.0202301403696	-0.000319893137811	-0.0739433878678	-0.0910726866012	0.0582831124215	0.0097398641403	0.026601727936
k__Bacteria;p__Actinobacteria;c__Actinobacteria;o__Bifidobacteriales;f__Bifidobacteriaceae;g__Bifidobacterium;s__Bifidobacterium_adolescentis	0.00235314466556	0.014913702078	-0.0327560355231	-0.102795296928	-0.00435476244697	0.0658649419515	-0.0217642115305	0.0374448129866	0.0286241784709	-0.0120585305226	0.0181219498663	-0.0742894951596	0.0140194743048	-0.0376053355193	0.00669381404631	-0.0468254025456	-0.00658593794056	-0.0469437375631	-0.027814362635	-0.0476181482903	-0.0132675798983	-0.00939645681469	-0.0191801480468	1.0	-0.0534447801105	-0.0327022626289	0.0368926060815	0.0702944587835	-0.00776667189748	-0.0468852472745	-0.0398269169805	-0.0796392737712	-0.00462432155363	-0.0276899447408	0.0772231151128	0.00412246575347	-0.0157471377123	-0.0526994111255	-0.0837839294334	-0.0123352797589	-0.0317914050153	0.0199586895847	-0.0169355462836	-0.0064885361302	-0.00103981243599	0.0727174060409	-0.0290511163525	-0.0779622644048	0.0344070672445	0.0235010425396	0.0075875329083	-0.000288940914169	-0.0185793473457	0.0176671361519	0.0246346420086	-0.00287308340424	-0.0175806610183	0.00898679752176	-0.00223618034147
k__Bacteria;p__Firmicutes;c__Clostridia;o__Clostridiales;f__Oscillospiraceae;g__Oscillibacter;s__Oscillibacter_sp._KLE_1745	-0.0732921516856	-0.0415221463954	0.0327688613026	0.017403788972	-0.0867407708073	-0.0392930880825	-0.010147770851	-0.0176782317521	-0.00963910259874	0.0568259345851	-0.0496094019366	0.0804197747123	0.0589311510586	-0.0662187286444	0.004285291164	-0.0311711236946	-0.0649086770678	-0.0137041618074	-0.00865827693422	-0.0100290104699	-0.0264892759968	-0.0149856435641	-0.0599809631595	-0.0534447801105	1.0	0.0263195511794	0.0182517266821	-0.0375098001656	-0.0209636313783	-0.00261747369492	-0.0134063986353	-0.00483625577082	0.0361176768685	-0.0452738539689	0.0815531072163	-0.0111563463806	0.0010878700302	0.0246503457972	0.0121415759154	-0.0658261119698	0.00518795433755	-0.0784692814037	-0.0175116429468	0.0515482720407	0.0162437321631	0.000840083019188	0.0282343655379	-0.0538465114277	0.0253056843817	-0.0331724997505	0.015290871904	-0.0355158608388	-0.00140386893572	-0.0394973643592	-0.0368581935575	0.0353205349788	-0.0141668385023	-0.0106280528766	0.0115770531149
k__Bacteria;p__Bacteroidetes;c__Bacteroidia;o__Bacteroidales;f__Bacteroidaceae;g__Bacteroides;s__Bacteroides_coprophilus	0.00374504992446	-0.0312941330092	-0.00552698770526	-0.0590544313714	-0.0102851715077	-0.00405218427812	-0.0038061267611	0.00276361701233	-0.0570666614365	0.000244386614988	0.0100830269604	-0.0630515897035	-0.0106675691722	0.00293726046433	0.00729551984548	0.0326121847928	0.0544996669284	0.0159548104288	0.0183943510909	-0.0151614514674	-0.0371189261804	0.0365896340074	-0.00105578154744	-0.0327022626289	0.0263195511794	1.0	-0.0221214399608	-0.00122072067753	0.0037532387296	-0.00917243372848	0.0136568361624	0.0274932034242	0.00284377626509	0.0141169322285	-0.0336312601071	-0.0673883709287	-0.0366865250134	-0.0410075105652	-0.0393310308692	-0.0305873730421	0.011504170277	0.0691934975405	-0.0104408742108	-0.0666395111985	0.015074636596	0.000196353843243	-0.00390720681923	-0.00809245408279	0.0272472436648	0.00851570326968	0.0124447036005	-0.00817267132902	0.0261399439139	-0.0409967471851	0.0317887067107	-0.0555048785999	-0.0849385123676	-0.00166218213447	-0.0222283008805
k__Bacteria;p__Firmicutes;c__Clostridia;o__Clostridiales;f__Lachnospiraceae;g__Roseburia;s__Roseburia_intestinalis	0.00934595950901	-0.00935449777426	0.0161266033135	0.0291055994178	-0.0167257531596	-0.0585836071183	-0.0484493449632	-0.0132706488002	-0.00325872710877	-0.0469862865731	-0.0360569112337	-0.0352639807174	0.00230287612589	-0.0338624387071	-0.0141553533686	0.0731734288201	0.00277828387544	-0.0308699517622	0.00650390827041	-0.0244805150272	-0.017429364627	-0.0600381327984	0.00624915365893	0.0368926060815	0.0182517266821	-0.0221214399608	1.0	-0.00175879076917	-0.00982328088325	-0.035974468729	0.0587685681565	-0.0156131246374	0.00218232532479	0.0080030071514	-0.060458787444	-0.0105710920257	-0.0105045578918	-0.036232874588	-0.00766107306585	-0.00888421463766	0.00229343174482	0.0824242912655	0.0679895680266	0.0310350410578	-0.0528728127263	0.0439844227141	0.0112773105879	0.0363873234974	-0.00912804131207	-0.0599745906532	0.00183331967235	-0.00405887905093	-0.0267928243513	-0.0687963455844	-0.0399037757053	-0.0100990544052	-0.0420329894158	0.0571176842132	0.0704179434507
k__Bacteria;p__Firmicutes;c__Clostridia;o__Clostridiales;f__Lachnospiraceae;g__Roseburia;s__Roseburia_hominis	-0.0307183122728	0.00102352468151	-0.0500847520507	0.0305811737404	0.00657767908021	0.00853520620868	-0.0064483192847	0.0288196416572	-0.00911054259483	-0.0045195162429	0.0235203268548	-0.0382414081078	-0.0346452469408	0.00337540526206	-0.0728903709598	-0.0016120201075	-0.0238757826489	-0.057756089253	0.0321678484072	0.0162330369319	0.0358459262502	-0.017185218459	-0.00151641441069	0.0702944587835	-0.0375098001656	-0.00122072067753	-0.00175879076917	1.0	-0.0299769004802	-0.0393354364827	-0.0468936240154	-0.100918329302	-0.00732556741607	0.0386170490739	0.0230998917556	0.015710988558	-0.0598881162827	0.0198253739364	-0.0182657740391	-0.00104671502989	-0.000525333553906	0.0689619201919	-0.0930747038212	-0.0611659848516	-0.0104975275858	-0.0466511127868	-0.00423394668677	-0.0211800474563	0.00397636757981	-0.0231272138027	-0.0471615718327	-0.0498810125969	-0.0395241672692	0.0273405759248	0.0450767248473	-0.0379198566827	-0.00513481844249	-0.0287208341065	-0.0243574573864
k__Bacteria;p__Bacteroidetes;c__Bacteroidia;o__Bacteroidales;f__Porphyromonadaceae;g__Parabacteroides;s__Parabacteroides_johnsonii	0.0350600477946	0.00926602420603	-0.0239464908379	-0.0415470178038	-0.013508588832	-0.023892629751	0.0120590566454	0.0560473957412	0.0107382798885	-0.0574997386672	0.0594104137372	0.0399266527924	-0.0577436115975	-0.0402229554593	-0.0286327628337	-0.0510139791398	0.0493753211754	0.104861295491	-0.0140993031301	-0.0295155306203	-0.0116159245195	-0.00182103922278	-0.083816766478	-0.00776667189748	-0.0209636313783	0.0037532387296	-0.00982328088325	-0.0299769004802	1.0	-0.00800304120932	-0.0211964026394	-0.0242198121714	-0.0304711751495	0.0270386261588	0.0186937222807	-0.0920561165934	-0.0214966103098	-0.0371586894046	-0.0839264223273	-0.0468721966119	-0.0465433411931	-0.017708867071	0.0470892069348	-0.000244126691304	-0.0107035632365	0.0214827365615	0.00156714885959	0.0399620516829	-0.0781961096367	-0.0343768869931	-0.0219566129437	0.0179008234064	0.0148852382996	-0.0244778073084	0.0163804125969	0.0148310412009	-0.0265637028713	-0.0344139337108	-0.0114064452818
k__Bacteria;p__Actinobacteria;c__Actinobacteria;o__Bifidobacteriales;f__Bifidobacteriaceae;g__Bifidobacterium;s__Bifidobacterium_longum	0.0177673817301	-0.0905261245557	-0.000870263263089	0.00573266448028	-0.0302159749709	0.0308086157557	0.0101149651459	0.0380288913433	-0.04307223966	-0.0334728151267	-0.0403441498952	0.0381824896393	0.0703761822084	-0.057428734812	-0.0203196817433	0.00952335363937	0.0339679604684	-0.0335462851905	-0.0210062463682	-0.01967980712	0.039062545225	0.0138086658157	0.00408387558571	-0.0468852472745	-0.00261747369492	-0.00917243372848	-0.035974468729	-0.0393354364827	-0.00800304120932	1.0	0.0656448154051	-0.0059239026416	0.00581236435179	-0.0733880409763	0.0148479884215	0.0189530190328	-0.0604013009541	0.102509274069	-0.0433765445526	0.00487608894906	0.0561149421718	0.0179763426647	-0.00956422804424	0.0308007013893	-0.0211975448182	-0.0428924645672	0.00690915326474	-0.0185832642798	-0.0416925799747	-0.00807400108624	0.00560987703838	0.0323568174685	-0.0336087445421	-0.00933618449261	-0.0119618165514	-0.050231679006	-0.0367198734077	-0.00963908241636	-0.0117390714676
