#taxonomy	k__Bacteria;p__Bacteroidetes;c__Bacteroidia;o__Bacteroidales;f__Bacteroidaceae;g__Bacteroides;s__Bacteroides_vulgatus	k__Bacteria;p__Bacteroidetes;c__Bacteroidia;o__Bacteroidales;f__Bacteroidaceae;g__Bacteroides;s__Bacteroides_uniformis	k__Bacteria;p__Bacteroidetes;c__Bacteroidia;o__Bacteroidales;f__Rikenellaceae;g__Alistipes;s__Alistipes_putredinis	k__Bacteria;p__Bacteroidetes;c__Bacteroidia;o__Bacteroidales;f__Prevotellaceae;g__Prevotella;s__Prevotella_copri	k__Bacteria;p__Bacteroidetes;c__Bacteroidia;o__Bacteroidales;f__Bacteroidaceae;g__Bacteroides;s__Bacteroides_stercoris	k__Bacteria;p__Bacteroidetes;c__Bacteroidia;o__Bacteroidales;f__Bacteroidaceae;g__Bacteroides;s__Bacteroides_ovatus	k__Bacteria;p__Bacteroidetes;c__Bacteroidia;o__Bacteroidales;f__Rikenellaceae;g__Alistipes;s__Alistipes_shahii	k__Bacteria;p__Firmicutes;c__Clostridia;o__Clostridiales;f__Ruminococcaceae;g__Faecalibacterium;s__Faecalibacterium_prausnitzii	k__Bacteria;p__Bacteroidetes;c__Bacteroidia;o__Bacteroidales;f__Rikenellaceae;g__Alistipes;s__Alistipes_finegoldii	k__Bacteria;p__Bacteroidetes;c__Bacteroidia;o__Bacteroidales;f__Porphyromonadaceae;g__Parabacteroides;s__Parabacteroides_distasonis	k__Bacteria;p__Bacteroidetes;c__Bacteroidia;o__Bacteroidales;f__Bacteroidaceae;g__Bacteroides;s__Bacteroides_thetaiotaomicron	k__Bacteria;p__Bacteroidetes;c__Bacteroidia;o__Bacteroidales;f__Bacteroidaceae;g__Bacteroides;s__Bacteroides_coprocola	k__Bacteria;p__Bacteroidetes;c__Bacteroidia;o__Bacteroidales;f__Bacteroidaceae;g__Bacteroides;s__Bacteroides_cellulosilyticus	k__Bacteria;p__Bacteroidetes;c__Bacteroidia;o__Bacteroidales;f__Rikenellaceae;g__Alistipes;s__Alistipes_obesi	k__Bacteria;p__Firmicutes;c__Clostridia;o__Clostridiales;f__Lachnospiraceae;g__;s__[Eubacterium]_rectale	k__Bacteria;p__Bacteroidetes;c__Bacteroidia;o__Bacteroidales;f__Bacteroidaceae;g__Bacteroides;s__Bacteroides_plebeius	k__Bacteria;p__Bacteroidetes;c__Bacteroidia;o__Bacteroidales;f__Bacteroidaceae;g__Bacteroides;s__Bacteroides_fragilis	k__Bacteria;p__Proteobacteria;c__Betaproteobacteria;o__Burkholderiales;f__Sutterellaceae;g__Sutterella;s__Sutterella_wadsworthensis	k__Bacteria;p__Bacteroidetes;c__Bacteroidia;o__Bacteroidales;f__Porphyromonadaceae;g__Barnesiella;s__Barnesiella_intestinihominis	k__Bacteria;p__Bacteroidetes;c__Bacteroidia;o__Bacteroidales;f__Odoribacteraceae;g__Odoribacter;s__Odoribacter_splanchnicus	k__Bacteria;p__Bacteroidetes;c__Bacteroidia;o__Bacteroidales;f__Bacteroidaceae;g__Bacteroides;s__Bacteroides_salyersiae	k__Bacteria;p__Firmicutes;c__Clostridia;o__Clostridiales;f__Ruminococcaceae;g__Ruminiclostridium;s__[Eubacterium]_siraeum	k__Bacteria;p__Proteobacteria;c__Betaproteobacteria;o__Burkholderiales;f__Sutterellaceae;g__Parasutterella;s__Parasutterella_excrementihominis	k__Bacteria;p__Actinobacteria;c__Actinobacteria;o__Bifidobacteriales;f__Bifidobacteriaceae;g__Bifidobacterium;s__Bifidobacterium_adolescentis	k__Bacteria;p__Firmicutes;c__Clostridia;o__Clostridiales;f__Oscillospiraceae;g__Oscillibacter;s__Oscillibacter_sp._KLE_1745	k__Bacteria;p__Bacteroidetes;c__Bacteroidia;o__Bacteroidales;f__Bacteroidaceae;g__Bacteroides;s__Bacteroides_coprophilus	k__Bacteria;p__Firmicutes;c__Clostridia;o__Clostridiales;f__Lachnospiraceae;g__Roseburia;s__Roseburia_intestinalis	k__Bacteria;p__Firmicutes;c__Clostridia;o__Clostridiales;f__Lachnospiraceae;g__Roseburia;s__Roseburia_hominis	k__Bacteria;p__Bacteroidetes;c__Bacteroidia;o__Bacteroidales;f__Porphyromonadaceae;g__Parabacteroides;s__Parabacteroides_johnsonii	k__Bacteria;p__Actinobacteria;c__Actinobacteria;o__Bifidobacteriales;f__Bifidobacteriaceae;g__Bifidobacterium;s__Bifidobacterium_longum	k__Bacteria;p__Firmicutes;c__Clostridia;o__Clostridiales;f__;g__Flavonifractor;s__Flavonifractor_plautii	k__Bacteria;p__Firmicutes;c__Clostridia;o__Clostridiales;f__Clostridiaceae;g__Clostridium;s__Clostridium_phoceensis	k__Bacteria;p__Verrucomicrobia;c__Verrucomicrobiae;o__Verrucomicrobiales;f__Akkermansiaceae;g__Akkermansia;s__Akkermansia_muciniphila	k__Bacteria;p__Bacteroidetes;c__Bacteroidia;o__Bacteroidales;f__Prevotellaceae;g__Paraprevotella;s__Paraprevotella_xylaniphila	k__Bacteria;p__Firmicutes;c__Clostridia;o__Clostridiales;f__Ruminococcaceae;g__Ruminococcus;s__Ruminococcus_callidus	k__Bacteria;p__Bacteroidetes;c__Bacteroidia;o__Bacteroidales;f__Rikenellaceae;g__Alistipes;s__Alistipes_senegalensis	k__Bacteria;p__Firmicutes;c__Clostridia;o__Clostridiales;f__Lachnospiraceae;g__Blautia;s__Blautia_sp._KLE_1732	k__Bacteria;p__Bacteroidetes;c__Bacteroidia;o__Bacteroidales;f__Bacteroidaceae;g__Bacteroides;s__Bacteroides_oleiciplenus	k__Bacteria;p__Firmicutes;c__Clostridia;o__Clostridiales;f__Ruminococcaceae;g__Ruminococcus;s__Ruminococcus_bicirculans	k__Bacteria;p__Bacteroidetes;c__Bacteroidia;o__Bacteroidales;f__Bacteroidaceae;g__Bacteroides;s__Bacteroides_fluxus	k__Bacteria;p__Bacteroidetes;c__Bacteroidia;o__Bacteroidales;f__Prevotellaceae;g__Prevotella;s__Prevotella_stercorea	k__Bacteria;p__Firmicutes;c__Clostridia;o__Clostridiales;f__Lachnospiraceae;g__Dorea;s__Dorea_longicatena	k__Bacteria;p__Firmicutes;c__Clostridia;o__Clostridiales;f__Eubacteriaceae;g__Eubacterium;s__[Eubacterium]_eligens	k__Bacteria;p__Firmicutes;c__Clostridia;o__Clostridiales;f__Ruminococcaceae;g__;s__Ruminococcaceae_bacterium_D16	k__Bacteria;p__Firmicutes;c__Clostridia;o__Clostridiales;f__Lachnospiraceae;g__Coprococcus;s__Coprococcus_comes	k__Bacteria;p__Proteobacteria;c__Gammaproteobacteria;o__Enterobacterales;f__Enterobacteriaceae;g__Escherichia;s__Escherichia_coli	k__Bacteria;p__Firmicutes;c__Clostridia;o__Clostridiales;f__Ruminococcaceae;g__Anaerotruncus;s__Anaerotruncus_colihominis	k__Bacteria;p__Firmicutes;c__Clostridia;o__Clostridiales;f__Lachnospiraceae;g__Blautia;s__Blautia_obeum	k__Bacteria;p__Bacteroidetes;c__Bacteroidia;o__Bacteroidales;f__Odoribacteraceae;g__Odoribacter;s__Odoribacter_laneus	k__Bacteria;p__Firmicutes;c__Clostridia;o__Clostridiales;f__Ruminococcaceae;g__Ruminiclostridium;s__[Clostridium]_leptum	k__Bacteria;p__Bacteroidetes;c__Bacteroidia;o__Bacteroidales;f__Porphyromonadaceae;g__Parabacteroides;s__Parabacteroides_goldsteinii	k__Bacteria;p__Firmicutes;c__Clostridia;o__Clostridiales;f__Lachnospiraceae;g__Anaerostipes;s__Anaerostipes_hadrus	k__Bacteria;p__Firmicutes;c__Clostridia;o__Clostridiales;f__Ruminococcaceae;g__Ruminococcus;s__Ruminococcus_lactaris	k__Bacteria;p__Firmicutes;c__Clostridia;o__Clostridiales;f__Clostridiaceae;g__Clostridium;s__Clostridium_sp._L2-50	k__Bacteria;p__Firmicutes;c__Clostridia;o__Clostridiales;f__Clostridiaceae;g__Clostridium;s__Clostridium_sp._M62/1	k__Bacteria;p__Firmicutes;c__Clostridia;o__Clostridiales;f__;g__Intestinimonas;s__Intestinimonas_butyriciproducens	k__Bacteria;p__Actinobacteria;c__Actinobacteria;o__Bifidobacteriales;f__Bifidobacteriaceae;g__Bifidobacterium;s__Bifidobacterium_bifidum	k__Bacteria;p__Firmicutes;c__Negativicutes;o__Veillonellales;f__Veillonellaceae;g__Dialister;s__Dialister_invisus	k__Bacteria;p__Bacteroidetes;c__Bacteroidia;o__Bacteroidales;f__Bacteroidaceae;g__Bacteroides;s__Bacteroides_salanitronis
k__Bacteria;p__Bacteroidetes;c__Bacteroidia;o__Bacteroidales;f__Bacteroidaceae;g__Bacteroides;s__Bacteroides_vulgatus	1.0	-0.0132059142302	0.0442214422011	-0.0240701788099	0.0338443319927	0.00148578216358	-0.0110452453789	-0.0164714265387	-0.0431609650335	0.0334142027321	0.0168790727058	-0.0584302958084	0.0238725980928	-0.0209181216479	0.00754044959719	0.0194628071345	-0.0562824805543	0.0178506986837	-0.0547741007483	-0.0391534823733	-0.0470143579052	-0.0629701614476	-0.0311528161647	0.0526836525124	-0.0684419192931	0.0313321280226	0.0107321948564	-0.0139308811113	-0.0333055883399	0.0197835814192	-0.0282781926993	0.0305197764452	-0.00336585922263	-0.00333174574479	-0.0146968755628	-0.00739730406988	-0.00520553094593	0.0407830892804	-0.0486000376278	-0.0265916392921	0.0528256246109	-0.0427440731995	-0.0315781365253	0.0287116578388	-0.0920307425543	0.0168074891081	-0.0143302305753	-0.0359592388078	0.00274265853572	0.00577511460746	-0.0037058481059	-0.0682573066218	0.00381465208146	-0.0222707241136	-0.00211432611525	-0.0373147541706	-0.0145402623034	-0.00817783802625	0.0122118399915
k__Bacteria;p__Bacteroidetes;c__Bacteroidia;o__Bacteroidales;f__Bacteroidaceae;g__Bacteroides;s__Bacteroides_uniformis	-0.0132059142302	1.0	-0.00902491869298	-0.0240827789371	-0.0200038035876	-0.0456563755282	-0.00793497964373	-0.0188846416319	-0.0716655926962	-0.0325884969488	0.00308147703658	0.0103033301736	-0.0232963629203	-0.00703944703114	-0.0202962204958	0.0560822652464	0.0110870063023	-0.0202308804439	0.023855619414	-0.0114806779014	-0.0632370611381	0.0512860562893	-0.0570831774719	-0.017124232102	-0.0409515639158	-0.0466757287577	0.0222049493837	0.0288103418545	0.00231116756369	-0.0118319332778	0.0511906728795	0.0499351671335	-0.0935227962722	-0.000148360664162	-0.0565141867959	-0.0232038651308	0.0254745003443	-0.04765865587	0.000321062623	-0.0044958260867	-0.0339674274827	-0.0438734055886	0.0664787971493	-0.00213000636241	-0.0443461971523	0.0030468955629	-0.0138461333143	0.0906141101781	-0.042212809948	-0.00783875932851	-0.0642929077755	-0.00845326596328	0.00963477666143	0.0284529707417	-0.0181951203985	-0.0571190033351	-0.0185583062158	0.00498819531581	0.0253971739248
k__Bacteria;p__Bacteroidetes;c__Bacteroidia;o__Bacteroidales;f__Rikenellaceae;g__Alistipes;s__Alistipes_putredinis	0.0442214422011	-0.00902491869298	1.0	-0.0171428323595	-0.0281306968664	0.0287150798942	-0.008733492758	-0.0172834978623	-0.0145583712927	0.00921054743029	0.029764605311	0.00581946020371	-0.00319714293351	-0.0890746218395	-0.0220338496054	-0.011793904317	0.00192716725751	-0.0551983078229	0.0402240156943	-0.0201821387486	-0.00730516311682	-0.0490311517387	-0.0170150646397	-0.00724782003671	-0.00632819745658	0.0364064665939	-0.00525202222208	-0.033951235844	-0.0266122158119	-0.036756462592	0.00191850034334	-0.0308999503398	-0.0841360445979	-0.0200837245878	-0.0595183387011	-0.00212009476205	-0.0764377413646	0.00972411519493	0.0259800854066	-0.0476487265595	-0.0694823485352	-0.0294768632921	0.0111767340026	-0.0730101623804	0.0149566108824	0.041662853564	0.00403861842837	0.0174317204861	0.0578704194662	0.00856041834484	-0.0454823262701	0.0242842517077	0.0503729715109	-0.000645288420135	-8.15526750473e-05	0.0130269240479	-0.0151564573451	-0.0369825866759	-0.0123869024278
k__Bacteria;p__Bacteroidetes;c__Bacteroidia;o__Bacteroidales;f__Prevotellaceae;g__Prevotella;s__Prevotella_copri	-0.0240701788099	-0.0240827789371	-0.0171428323595	1.0	-0.00152477508771	0.0456464402955	-0.0277407690387	-0.0625819253113	-0.0569530311344	0.0104628000858	0.00537220822828	-0.0558162253634	0.0739899559897	-0.0194626343932	0.0286380142534	0.0468373280356	-0.0441073559635	-0.0238388219721	-0.0265278846868	0.0339515877644	0.0288840550288	0.0580409345065	0.0103996200281	-0.0472318686302	0.011297771139	-0.0391304247988	-0.00773196912514	0.02729791662	-0.0181782655253	-0.0327599002296	0.0461634286051	-0.0041584704566	-0.0595786929443	-0.0525476670364	0.0616321864013	-0.00295874130824	0.00950531733348	-0.0512241235822	-0.00301746055958	-0.0242370256278	0.0429629332708	0.0238756583609	-0.0344566454693	-0.0665735864104	-0.0035941630685	-0.0955165588381	-0.0743729011369	-0.0427242336183	-0.0394180058	0.0163633212058	-0.0659514778742	-0.0767576280879	-0.04553524812	0.0670679057918	0.0180948551602	-0.0200162758102	-0.0233450413692	-0.0666662585869	-0.0394809427174
k__Bacteria;p__Bacteroidetes;c__Bacteroidia;o__Bacteroidales;f__Bacteroidaceae;g__Bacteroides;s__Bacteroides_stercoris	0.0338443319927	-0.0200038035876	-0.0281306968664	-0.00152477508771	1.0	0.00423143433241	0.061335045191	0.0113798959622	-0.0455841554345	0.0125285691724	-0.0198828421975	-0.0511758414092	-0.0761592595622	0.0218013302467	0.012546393554	0.0418366368274	-0.0612634852179	-0.000580776132318	-0.0429558268181	-0.0483393409822	-0.0113414628273	0.0398294355852	-0.00655220125107	-0.019994323008	-0.109617007142	0.00864651512068	-0.0331546471892	-0.0016823685327	-0.00638141195074	-0.00446024285757	0.0245800055307	0.0438292533442	0.0613730696871	-0.0152533139105	0.00994391481987	-0.0298266298885	-0.0359324651661	0.0408808386604	-0.015031045485	-0.0113785498714	0.00577391511948	-0.0156408971106	0.0326528694253	-0.0463316183279	0.05639104728	-0.0316963994196	-0.0783563660547	0.00568179445282	-0.0645857986969	-0.0216750912313	0.0534611082225	-0.0334875437344	0.0301360263418	-0.00295756639799	-0.0402885331239	0.0433104298197	0.017969207332	-0.00333013652335	-0.00310717643156
k__Bacteria;p__Bacteroidetes;c__Bacteroidia;o__Bacteroidales;f__Bacteroidaceae;g__Bacteroides;s__Bacteroides_ovatus	0.00148578216358	-0.0456563755282	0.0287150798942	0.0456464402955	0.00423143433241	1.0	0.0537728325314	-0.00758295914422	-0.0125739846865	0.055741759996	-0.0179428173773	-0.0498105559582	-0.0391668533064	0.00112181027172	0.0346473941392	-0.00420105089831	0.0331025386591	0.0672579827656	-0.0513737356524	-0.054766448521	0.00447478188539	-0.0784563691771	-0.00797719947611	-0.0688011600745	0.00245736536938	0.00492287284475	0.00134177774625	0.0156935918567	0.013531301211	-0.0337024730465	-0.100506744519	0.0319497585134	0.0280426695109	0.00436430724058	-0.0330797473624	0.0413960130232	-0.0365268098829	-0.0299972250414	-0.0353197700938	0.0356864821326	-0.0519329692813	-0.00488919557454	0.0547083250787	-0.0350540209279	0.00556336765785	-0.00778515762181	-0.080868845941	-0.0111749194384	-0.023031554036	-0.0119800853412	-0.0166801420331	-0.00400754019858	-0.0145388636146	-0.0732222972046	0.0233202227894	0.0323737121902	-0.058045540939	-0.0376325459255	-0.0124746188693
k__Bacteria;p__Bacteroidetes;c__Bacteroidia;o__Bacteroidales;f__Rikenellaceae;g__Alistipes;s__Alistipes_shahii	-0.0110452453789	-0.00793497964373	-0.008733492758	-0.0277407690387	0.061335045191	0.0537728325314	1.0	0.0229145466827	-0.0543755481796	-0.0196172078811	0.0234725896781	-0.0219131001867	-0.0822686886051	-0.0217903063843	-0.0539959448516	0.0509725161468	0.0124075887595	0.0212381588142	-0.0481374326747	-0.00571641141076	0.0230986054967	-0.0219325275752	0.00306722803268	-0.00914804663716	-0.0118043334179	-0.0162363118646	-0.036780146374	-0.0150054213945	-0.0568117075233	-0.031597251801	-0.0556049244812	-0.0308855478819	-0.0503934739979	-0.00737039873121	0.00580576637197	0.00977807392162	-0.027944591147	0.00691469217267	-0.0569111337501	0.00872869930991	-0.00749191332013	-0.00551945581734	0.016166270011	0.0248359901023	-0.0516034698014	0.0276757828212	0.024820786837	-0.0271573503389	0.0328396765885	5.47502272709e-05	-0.0142174469817	-0.039713848044	0.0197201886785	-0.0491465260045	-0.0591008507702	0.0374621835547	-0.0050255868663	-0.0380157097761	0.00873350654923
k__Bacteria;p__Firmicutes;c__Clostridia;o__Clostridiales;f__Ruminococcaceae;g__Faecalibacterium;s__Faecalibacterium_prausnitzii	-0.0164714265387	-0.0188846416319	-0.0172834978623	-0.0625819253113	0.0113798959622	-0.00758295914422	0.0229145466827	1.0	0.0606412082654	0.0154914017264	-0.0738515974143	-0.0934958188541	-0.0612823535364	-0.00340632426873	-0.00547514625541	0.010429997572	-0.0689602489304	0.0159368716147	-0.0654182654178	-0.052695983984	0.043552964426	0.00780220194198	-0.0448211759591	-0.0662899301745	-0.000421117269508	0.0210750280647	-0.0111869722704	0.0671939001389	-0.0436076421044	0.0515588332588	0.0226634796591	-0.00365543214103	-0.00177475126736	0.00935820335756	-0.0783988188277	-0.0338705290549	-0.0186520466674	0.00665923436824	-0.0250935743262	-0.00378308927581	0.0478197419899	-0.00421906300984	0.0254033819981	0.0162189338803	0.035007062426	-0.00966612568637	-0.0290442323594	-0.065255411088	-0.0170232236105	-0.0652217863096	0.00793624195312	-0.0838783717008	-0.0520471698082	0.00245213105333	-0.0026589491411	0.000900570670403	0.0270689362266	-0.0276695428017	0.0158661213796
k__Bacteria;p__Bacteroidetes;c__Bacteroidia;o__Bacteroidales;f__Rikenellaceae;g__Alistipes;s__Alistipes_finegoldii	-0.0431609650335	-0.0716655926962	-0.0145583712927	-0.0569530311344	-0.0455841554345	-0.0125739846865	-0.0543755481796	0.0606412082654	1.0	0.00652445807512	0.00474776261983	0.00984241942958	-0.0330962935226	0.0415395474967	0.0599019271858	0.0211587596274	-0.00217131079257	0.036391031606	0.0209612691306	0.0430773592298	-0.0360762638799	0.00134441181916	0.0121780848327	-0.0440782150011	0.0351312769554	0.0437333754262	0.0145183368943	-0.00372520259818	-0.0704821345213	-0.0395681540152	-0.0734855763147	0.0223495977444	0.0390434080305	-0.0809146989368	0.0302698657252	0.0307742790935	0.030837204147	-0.0361476049087	0.00249429695218	0.00365815638219	-0.0444447300253	-0.0447688099388	-0.0303875436538	0.0253589113676	0.0115900231222	-0.0355175668178	-0.0422034085563	0.00545663134359	-0.0418747524066	-0.00913528139497	-0.0207350826027	-0.0223597630633	0.0280546757773	0.0130210138341	0.0246492779472	0.031180951367	-0.00952240277355	0.0213193232845	0.0172033399197
k__Bacteria;p__Bacteroidetes;c__Bacteroidia;o__Bacteroidales;f__Porphyromonadaceae;g__Parabacteroides;s__Parabacteroides_distasonis	0.0334142027321	-0.0325884969488	0.00921054743029	0.0104628000858	0.0125285691724	0.055741759996	-0.0196172078811	0.0154914017264	0.00652445807512	1.0	-0.0535212146833	-0.0364203154144	-0.00159704502335	0.0217763038533	0.04163565221	0.0374386503973	-0.0286937448764	-0.00494107298742	-0.0254131628377	-0.0228745353411	-0.0167839511442	0.0313052670955	-0.0356825326543	-0.00159500220625	-0.0154938530923	-0.0669396436865	0.00866676983266	-0.0436718514273	0.026522203805	0.0598588929311	-0.113456586944	0.00771360218164	0.0628008380135	-0.010205520939	0.0330037083071	-0.000998900327646	-0.047512811365	-0.000578271563499	-0.0192238745086	0.0144973411417	0.0169000177221	-0.0265760631435	-0.0380871500941	-0.0680011124416	0.0150191012746	0.00422717457193	-0.00352838625639	-0.0296952620375	0.00463238443244	0.0264721524256	-0.028855102113	-0.0199457723963	-0.0364235181658	-0.0328131871049	0.0104945676621	-0.00997241443199	-0.0178739076001	-0.0197461756284	0.0158012106499
k__Bacteria;p__Bacteroidetes;c__Bacteroidia;o__Bacteroidales;f__Bacteroidaceae;g__Bacteroides;s__Bacteroides_thetaiotaomicron	0.0168790727058	0.00308147703658	0.029764605311	0.00537220822828	-0.0198828421975	-0.0179428173773	0.0234725896781	-0.0738515974143	0.00474776261983	-0.0535212146833	1.0	-0.0774573678737	-0.0215470855741	-0.00406251448496	-0.0747532610708	-0.0571401696787	0.0079600651712	0.0292733227754	0.0228709367861	0.0301978144678	-0.0251802321246	0.0164916350771	0.0191202758966	0.0180299312685	0.020525072524	0.0156338496743	-0.0607576788031	0.0303947031051	0.00758137103325	0.0281921540795	0.0852317960552	-0.023135167691	-0.0150462178426	-0.0627283986515	-0.0195350251398	-0.0147574758269	-0.0361752095352	-0.0191853789454	-0.0112895401618	0.0293502279024	-0.0147392994161	-0.0210733894166	0.018007251265	0.0261397598372	-0.0276714023648	0.0478692118464	-0.0358975810913	-0.00842114432054	0.0537023602396	-0.0267753536456	-0.0143667614586	-0.0389895719045	-0.00393335113941	0.0286142026276	-0.0104576997882	-0.0556261587074	-0.0853409036956	0.0409367428271	-0.0521463040837
k__Bacteria;p__Bacteroidetes;c__Bacteroidia;o__Bacteroidales;f__Bacteroidaceae;g__Bacteroides;s__Bacteroides_coprocola	-0.0584302958084	0.0103033301736	0.00581946020371	-0.0558162253634	-0.0511758414092	-0.0498105559582	-0.0219131001867	-0.0934958188541	0.00984241942958	-0.0364203154144	-0.0774573678737	1.0	0.0287681059995	0.0263176661186	-0.031295001379	-0.0223707950123	0.0112182059898	-0.0550672202975	0.019028768288	0.0157981686385	0.0673242363336	0.0357426654179	-0.00431350270195	-0.0033910448169	0.0190254327898	-0.0417807242103	0.00195698308759	-0.0333934068652	-0.0411766665124	0.0231995008491	-0.0279215862932	0.00160884907805	-0.0140591420666	0.0195316036028	-0.00310423765346	0.0482958136721	0.0133533709389	-0.00611463647393	-0.00988895781601	0.0353603678905	-0.0034356109699	-0.0197260227928	-0.002968591115	-0.0640163906871	0.0243619280997	-0.0205611537683	0.0083642200271	-0.0174891577317	0.0269352774377	0.00266976450081	-0.0950512106917	-0.0182518094111	0.0395823549341	0.0408051487242	-0.0263102165832	-0.0754577459282	-0.0180610360882	-0.0348352425856	-0.0733536118003
k__Bacteria;p__Bacteroidetes;c__Bacteroidia;o__Bacteroidales;f__Bacteroidaceae;g__Bacteroides;s__Bacteroides_cellulosilyticus	0.0238725980928	-0.0232963629203	-0.00319714293351	0.0739899559897	-0.0761592595622	-0.0391668533064	-0.0822686886051	-0.0612823535364	-0.0330962935226	-0.00159704502335	-0.0215470855741	0.0287681059995	1.0	-0.040000886438	0.0327772464571	-0.0427128214933	-0.0322604465644	-0.0325023063147	0.0221354071796	0.0378598546897	0.00868785354392	-0.0087499752629	-0.0328259689861	-0.00612621248447	-0.0264747377209	-0.131246649256	0.0217138637888	-0.0538417553952	0.0137079646666	0.0281628671505	-0.0100489541767	0.0363097227311	-0.0109705464852	-0.0825400055545	-0.0307909528288	-0.0459202756439	-0.01481354482	0.00200573583567	-0.0404368884185	0.0224254205933	-0.0117581555949	0.0436917819753	0.0744951540407	-0.048596484818	0.0244513037206	-0.00203904063158	-0.0598215642604	0.0277880582406	0.0276775110745	-0.0201946251237	-0.0627070929015	-0.0920060510279	0.0320086375582	0.0237149465687	-0.0338948862158	-0.00725710019157	0.00704738550651	0.0286194136117	-0.00589576877192
k__Bacteria;p__Bacteroidetes;c__Bacteroidia;o__Bacteroidales;f__Rikenellaceae;g__Alistipes;s__Alistipes_obesi	-0.0209181216479	-0.00703944703114	-0.0890746218395	-0.0194626343932	0.0218013302467	0.00112181027172	-0.0217903063843	-0.00340632426873	0.0415395474967	0.0217763038533	-0.00406251448496	0.0263176661186	-0.040000886438	1.0	0.0207587986874	0.0171657716719	0.0160882083485	0.0134307607482	-0.0485937827588	-0.078337002508	0.0342726086976	0.0338143507725	0.048174279923	-0.000785568145783	-0.0147154753017	-0.00688139251869	0.0357737777436	0.0357161383955	-0.0602046314323	-0.0320040755166	-0.0280928113747	-0.0342094325875	-0.0395889435446	0.0550001197886	-0.0262536398412	0.0338092284387	0.0353204467744	-0.0987627695197	-0.0253758131552	-0.0540047350039	-0.0308000571967	-0.0208067397375	0.0202300529192	-0.0280844542118	-0.070054965268	-0.00193139858451	0.0240496556411	-0.00646346053956	0.0179295350855	-0.0290183255469	0.0266068497579	-0.00391616061463	-0.0308611171579	-0.0682789416477	0.0345676752313	-0.014559039899	0.000682901519826	0.0408335229814	0.039434240907
k__Bacteria;p__Firmicutes;c__Clostridia;o__Clostridiales;f__Lachnospiraceae;g__;s__[Eubacterium]_rectale	0.00754044959719	-0.0202962204958	-0.0220338496054	0.0286380142534	0.012546393554	0.0346473941392	-0.0539959448516	-0.00547514625541	0.0599019271858	0.04163565221	-0.0747532610708	-0.031295001379	0.0327772464571	0.0207587986874	1.0	0.00896809562593	-0.00586146022475	-0.0199979304586	0.00113705988488	0.0305330647881	-0.00582415130639	0.0132928486495	-0.0263184798956	-0.0247778697373	-0.0436739197702	-0.0479783648723	-0.0395317869522	0.0267878233999	0.0452808700955	-0.0320016190601	-0.00642677531852	0.012222407037	0.0140713770962	-0.0695015842186	-0.0360368407221	0.0373295385421	0.0637583107085	-0.00245824339564	0.0398016602905	0.0660690428068	0.0546669160587	-0.0308419351185	0.00686456138897	-0.014112557453	0.0152128572484	-0.0498884714166	-0.047044476848	-0.0473984224098	-0.00356892913467	0.00173606336319	-0.000309044843893	0.0655182827518	-0.0168649048544	-0.0591491119132	0.014934784291	-0.0403287547463	-0.0624050292358	0.0991260144152	0.0546565325563
k__Bacteria;p__Bacteroidetes;c__Bacteroidia;o__Bacteroidales;f__Bacteroidaceae;g__Bacteroides;s__Bacteroides_plebeius	0.0194628071345	0.0560822652464	-0.011793904317	0.0468373280356	0.0418366368274	-0.00420105089831	0.0509725161468	0.010429997572	0.0211587596274	0.0374386503973	-0.0571401696787	-0.0223707950123	-0.0427128214933	0.0171657716719	0.00896809562593	1.0	-0.050284544885	-0.0125896617861	-0.0234872173351	-0.00463590938482	-0.032663149779	-0.065493032018	-0.0464707025316	-0.0256590191497	0.054248909989	-0.0585006430195	-3.12937371178e-05	-0.0411117462547	-0.020239475136	-0.0382532111046	0.00191468770168	-0.00829679211751	-0.0721078682711	0.0284771861173	0.0812055766268	-0.00425902420362	-0.0286407341725	-0.0855743277633	-0.000115650978259	0.0332936361191	-0.0398998621553	-0.0795578099332	0.0176397923776	0.0371875245949	0.00626637698296	-0.0959122929435	-0.0177277730785	0.00453572263994	-0.0403889018191	0.0361137888733	-0.0228140105632	0.0138660472269	-0.0572874914173	-0.0376743389563	0.0342027221736	0.00261620789441	-0.062844263496	-0.0159453996428	0.0270024332301
k__Bacteria;p__Bacteroidetes;c__Bacteroidia;o__Bacteroidales;f__Bacteroidaceae;g__Bacteroides;s__Bacteroides_fragilis	-0.0562824805543	0.0110870063023	0.00192716725751	-0.0441073559635	-0.0612634852179	0.0331025386591	0.0124075887595	-0.0689602489304	-0.00217131079257	-0.0286937448764	0.0079600651712	0.0112182059898	-0.0322604465644	0.0160882083485	-0.00586146022475	-0.050284544885	1.0	0.02761935498	-0.0710740722676	0.0266719919604	0.020408006862	0.00804055480191	-0.0345223631448	-0.0669679600841	0.0192881020139	0.016875507725	-0.0497986711132	-0.0476404880895	0.0249569605552	0.0283302915481	0.0612690143507	-0.0171536774537	-0.0720926992301	-0.0294489548026	-0.0677558823276	-0.105416331765	-0.0233627178057	-0.00725760830577	0.0166220101861	0.00429037401867	0.0346681262951	-0.0290711833082	0.0162957942408	0.00113372754139	-0.00514538237457	-0.0592540438234	-0.0188823316696	0.0590541305985	0.0147668093719	0.0280790399202	0.00234152437143	-0.0153772330207	0.0190881302372	0.00147624043374	-0.0864106471418	0.00627833753729	-0.0253238700459	0.0200329675429	0.00952413235824
k__Bacteria;p__Proteobacteria;c__Betaproteobacteria;o__Burkholderiales;f__Sutterellaceae;g__Sutterella;s__Sutterella_wadsworthensis	0.0178506986837	-0.0202308804439	-0.0551983078229	-0.0238388219721	-0.000580776132318	0.0672579827656	0.0212381588142	0.0159368716147	0.036391031606	-0.00494107298742	0.0292733227754	-0.0550672202975	-0.0325023063147	0.0134307607482	-0.0199979304586	-0.0125896617861	0.02761935498	1.0	-0.0155207683076	-0.0851555768917	-0.0156305430908	-0.0173163110791	-0.0544153035778	0.0385788622547	-0.00607541011516	0.0615931115467	-0.00759994327063	0.00989583548509	0.0271848354885	-0.00314288758612	-0.0355408880221	0.015683045279	-0.00216181720326	6.65679965614e-05	0.0138274753609	-0.0182549816408	-0.0787505569787	0.0246681887881	-0.0385792936439	-0.0317572902871	-0.00811047984952	-0.0141446341151	-0.0533690847234	0.0433674272219	-0.0823630867239	-0.0285221720979	0.0190757706731	-0.0117952421493	-0.0569918790139	0.0135878578084	-0.0289652857241	0.00974404123793	0.00180252984702	0.0386197005697	0.000822622789361	-0.0369635847672	0.0340748420861	-0.0375793314124	-0.0299233417886
k__Bacteria;p__Bacteroidetes;c__Bacteroidia;o__Bacteroidales;f__Porphyromonadaceae;g__Barnesiella;s__Barnesiella_intestinihominis	-0.0547741007483	0.023855619414	0.0402240156943	-0.0265278846868	-0.0429558268181	-0.0513737356524	-0.0481374326747	-0.0654182654178	0.0209612691306	-0.0254131628377	0.0228709367861	0.019028768288	0.0221354071796	-0.0485937827588	0.00113705988488	-0.0234872173351	-0.0710740722676	-0.0155207683076	1.0	0.000412959494666	-0.0167042778051	-0.0128832434515	0.0347409705036	-0.0633678357253	-0.0279520100001	-0.0308942425934	-0.0113162040485	-0.00460229937007	0.0122038122126	0.0397667232181	-0.0128658024008	-0.0116593993168	-0.0217719765652	0.0412004946677	0.00694115001339	0.00160220768031	0.054016917878	0.0113818612207	0.00365199254376	-0.112100242816	-0.0362900655189	0.00772004044276	-0.00788678334842	0.0047511504575	-0.0560485268726	-0.0319365306699	-0.0250532271314	-0.0144339615172	-0.00630907059946	-0.0530154431875	0.0298817106695	-0.0135801901673	0.0148061230761	-0.0495162398988	-0.0426973935466	0.030660849221	-0.044911057551	0.0271843858622	0.0134597823451
k__Bacteria;p__Bacteroidetes;c__Bacteroidia;o__Bacteroidales;f__Odoribacteraceae;g__Odoribacter;s__Odoribacter_splanchnicus	-0.0391534823733	-0.0114806779014	-0.0201821387486	0.0339515877644	-0.0483393409822	-0.054766448521	-0.00571641141076	-0.052695983984	0.0430773592298	-0.0228745353411	0.0301978144678	0.0157981686385	0.0378598546897	-0.078337002508	0.0305330647881	-0.00463590938482	0.0266719919604	-0.0851555768917	0.000412959494666	1.0	0.00562767482922	-0.00609269728673	-0.0045443041433	-0.0250059472917	0.00940086773283	0.0226602356675	0.00600328917757	-0.0113610327113	-0.0166529756115	-0.0705596365127	-0.125389169675	0.0269090904822	-0.0522854252013	0.0243364958784	0.00317004645588	0.103600737616	-0.0172543047515	-0.00858319154098	-0.0347640920298	0.0229031651423	0.0145107170635	-0.0262223018397	0.00146059679624	-0.0144210613225	0.00552439205572	-0.0217473408701	-0.0205512276871	-0.00973402074355	-0.0558597546789	0.0144656615522	0.0197774079327	-0.0384374412485	0.00721059605437	0.0558159014286	0.0147813836739	-0.0406027203378	-0.00349604261949	-0.0421463515586	-0.114528340971
k__Bacteria;p__Bacteroidetes;c__Bacteroidia;o__Bacteroidales;f__Bacteroidaceae;g__Bacteroides;s__Bacteroides_salyersiae	-0.0470143579052	-0.0632370611381	-0.00730516311682	0.0288840550288	-0.0113414628273	0.00447478188539	0.0230986054967	0.043552964426	-0.0360762638799	-0.0167839511442	-0.0251802321246	0.0673242363336	0.00868785354392	0.0342726086976	-0.00582415130639	-0.032663149779	0.020408006862	-0.0156305430908	-0.0167042778051	0.00562767482922	1.0	0.0350213734408	0.0938885517236	-0.0148593496648	0.000542992582168	0.0541468519849	0.00244648868127	0.0136036545377	0.00841001179777	-0.00298993705032	0.0357116251062	0.0363628471325	-0.0433358149824	-0.0284514452702	0.032457885556	0.0226404390321	0.00203239664382	0.018088829165	-0.0182258981999	0.025856294429	-0.00396010379791	-0.00969583548003	-0.0554928353497	0.0150924724041	0.0123409320606	-0.0599149224372	-0.0239081714867	-0.0256208634637	0.00285568932601	-0.0339047099719	-0.00287816489706	-0.0754066958747	-0.0553701820458	-0.0544936664183	-0.0507380230662	-0.0279020466819	0.020293874762	-0.0262132227709	0.00480191036121
k__Bacteria;p__Firmicutes;c__Clostridia;o__Clostridiales;f__Ruminococcaceae;g__Ruminiclostridium;s__[Eubacterium]_siraeum	-0.0629701614476	0.0512860562893	-0.0490311517387	0.0580409345065	0.0398294355852	-0.0784563691771	-0.0219325275752	0.00780220194198	0.00134441181916	0.0313052670955	0.0164916350771	0.0357426654179	-0.0087499752629	0.0338143507725	0.0132928486495	-0.065493032018	0.00804055480191	-0.0173163110791	-0.0128832434515	-0.00609269728673	0.0350213734408	1.0	0.0560823429963	-0.0556900720771	-0.0147872292126	0.0369171497924	0.0200951937578	0.0166668542138	-0.0339696102759	-0.0104587732985	-0.02368806234	-0.0408741916288	-0.0344148595139	-0.061245959194	0.0404752332004	-0.0108526255009	-0.00852273455453	-0.0533199344317	-0.0306533398869	0.0542484766772	-0.0277134839904	-0.00847111457321	-0.00340778896668	0.0367600146089	0.087209705735	-0.0661929284442	-0.0572837177011	0.0323384497783	0.0437154293677	0.0294364804069	-0.0423669483589	0.0311347607659	-0.0265343343435	-0.118738861484	0.0723642106879	0.00771436445096	-0.037461384325	-0.0300942864117	0.020229965688
k__Bacteria;p__Proteobacteria;c__Betaproteobacteria;o__Burkholderiales;f__Sutterellaceae;g__Parasutterella;s__Parasutterella_excrementihominis	-0.0311528161647	-0.0570831774719	-0.0170150646397	0.0103996200281	-0.00655220125107	-0.00797719947611	0.00306722803268	-0.0448211759591	0.0121780848327	-0.0356825326543	0.0191202758966	-0.00431350270195	-0.0328259689861	0.048174279923	-0.0263184798956	-0.0464707025316	-0.0345223631448	-0.0544153035778	0.0347409705036	-0.0045443041433	0.0938885517236	0.0560823429963	1.0	-0.0344652215887	0.012161105301	0.00334769745941	-0.0341773722879	0.0148096449242	0.00168395570508	0.0666743325476	0.00937935690409	-0.0597251149122	-0.0202494702142	0.050745719006	-0.00793859090919	-0.0229635046132	-0.0567632656	0.0560911847461	-0.0120433678154	-0.0774596093599	-0.00705235743415	-0.00919828593531	-0.0378902489008	0.0456909998628	-0.0474941920184	0.00787345774362	0.0114191409816	0.00947739349379	-0.0353576380012	0.000563089373671	-0.0593758307653	-0.056450662738	0.0236463198156	-0.0430095814969	-0.00587052632563	-0.0407291178596	-0.0420948538403	0.0510001124987	0.0165266572348
k__Bacteria;p__Actinobacteria;c__Actinobacteria;o__Bifidobacteriales;f__Bifidobacteriaceae;g__Bifidobacterium;s__Bifidobacterium_adolescentis	0.0526836525124	-0.017124232102	-0.00724782003671	-0.0472318686302	-0.019994323008	-0.0688011600745	-0.00914804663716	-0.0662899301745	-0.0440782150011	-0.00159500220625	0.0180299312685	-0.0033910448169	-0.00612621248447	-0.000785568145783	-0.0247778697373	-0.0256590191497	-0.0669679600841	0.0385788622547	-0.0633678357253	-0.0250059472917	-0.0148593496648	-0.0556900720771	-0.0344652215887	1.0	-0.0599898578006	0.00857048921555	-0.0989256891788	-0.0048589872403	-0.0541969237589	0.0259867578992	-0.00924489362027	-0.0373157152471	-0.00617202198532	0.0604753627366	0.0657922500448	-0.0321456014084	-0.0319183582349	0.0464432992295	0.000310927071523	-0.013851830158	0.0291354095488	0.0269761413533	-0.0169430596827	0.00165279750277	0.0365121322049	-0.0108612467228	-0.03489764021	0.0135453714472	0.0428139288802	-0.00567953340273	0.0165413039591	-0.0189063638065	0.0467397410737	-0.0210117210983	-0.021582973985	-0.0182577181504	-0.00955795349602	0.0281480025423	-0.0993666124138
k__Bacteria;p__Firmicutes;c__Clostridia;o__Clostridiales;f__Oscillospiraceae;g__Oscillibacter;s__Oscillibacter_sp._KLE_1745	-0.0684419192931	-0.0409515639158	-0.00632819745658	0.011297771139	-0.109617007142	0.00245736536938	-0.0118043334179	-0.000421117269508	0.0351312769554	-0.0154938530923	0.020525072524	0.0190254327898	-0.0264747377209	-0.0147154753017	-0.0436739197702	0.054248909989	0.0192881020139	-0.00607541011516	-0.0279520100001	0.00940086773283	0.000542992582168	-0.0147872292126	0.012161105301	-0.0599898578006	1.0	0.0384953682188	-0.00924751384622	0.0137475037442	-0.010478855741	-0.0396446548601	-0.0233169937535	-0.00114508452459	0.0210275797071	-0.0102832579532	0.0190876937844	0.0464569144346	0.0181234761894	-0.0365100402601	0.00699104980986	0.050737247219	0.00185164933384	0.0771255378417	-0.0254639375888	-0.0467945701445	-0.0143355057376	-0.0604485705223	-0.0104336994774	-0.0352660710308	-0.0356599741857	-0.0428134830075	-0.073998561276	0.0194323004347	0.00804977500762	-0.0574429751904	-0.0490730183256	-0.0486482557389	-0.0189889794982	-0.0381951416956	0.0361456989716
k__Bacteria;p__Bacteroidetes;c__Bacteroidia;o__Bacteroidales;f__Bacteroidaceae;g__Bacteroides;s__Bacteroides_coprophilus	0.0313321280226	-0.0466757287577	0.0364064665939	-0.0391304247988	0.00864651512068	0.00492287284475	-0.0162363118646	0.0210750280647	0.0437333754262	-0.0669396436865	0.0156338496743	-0.0417807242103	-0.131246649256	-0.00688139251869	-0.0479783648723	-0.0585006430195	0.016875507725	0.0615931115467	-0.0308942425934	0.0226602356675	0.0541468519849	0.0369171497924	0.00334769745941	0.00857048921555	0.0384953682188	1.0	-0.0279688094443	-0.0167605943592	-0.0298632611495	-0.0826321558603	0.0126324960813	0.0120640916157	-0.0209041055793	-0.0164550984706	-0.00820009473373	-0.00347210429605	-0.0263724500454	0.0136993531091	-0.00031172064583	0.0191006501909	-0.0316321178257	0.010787187132	0.0349822686435	-0.0690395023181	-0.00882108891979	-0.00582313780708	0.0297869651127	0.0125095848452	-0.00383166895514	0.00840633277769	0.0259808031149	0.00669772197446	-0.00572590090437	-0.019291912824	-0.0555541462522	-0.0291917366654	-0.0199883576567	-0.0630809275692	0.028676529639
k__Bacteria;p__Firmicutes;c__Clostridia;o__Clostridiales;f__Lachnospiraceae;g__Roseburia;s__Roseburia_intestinalis	0.0107321948564	0.0222049493837	-0.00525202222208	-0.00773196912514	-0.0331546471892	0.00134177774625	-0.036780146374	-0.0111869722704	0.0145183368943	0.00866676983266	-0.0607576788031	0.00195698308759	0.0217138637888	0.0357737777436	-0.0395317869522	-3.12937371178e-05	-0.0497986711132	-0.00759994327063	-0.0113162040485	0.00600328917757	0.00244648868127	0.0200951937578	-0.0341773722879	-0.0989256891788	-0.00924751384622	-0.0279688094443	1.0	0.0639643723219	-0.0254458051625	-0.0206931111224	-0.00775186900223	0.0526714798364	0.062031249525	0.00143393199134	-0.0282191796828	-0.0271997696062	-0.00666077393392	-0.017959553203	0.0294693979212	-0.0268964652428	-0.00687555622391	0.0182586420656	-0.0172431136379	-0.0694950005166	-0.00690162139867	-0.00323212211681	-0.0127021278711	0.00141777525859	-0.051159771974	0.0870082375717	-0.0353609251507	0.0104205269722	-0.019677723545	0.0302075095129	-0.0408383277363	0.00589876016326	-0.000854520036199	-0.0401543618134	0.000109372743954
k__Bacteria;p__Firmicutes;c__Clostridia;o__Clostridiales;f__Lachnospiraceae;g__Roseburia;s__Roseburia_hominis	-0.0139308811113	0.0288103418545	-0.033951235844	0.02729791662	-0.0016823685327	0.0156935918567	-0.0150054213945	0.0671939001389	-0.00372520259818	-0.0436718514273	0.0303947031051	-0.0333934068652	-0.0538417553952	0.0357161383955	0.0267878233999	-0.0411117462547	-0.0476404880895	0.00989583548509	-0.00460229937007	-0.0113610327113	0.0136036545377	0.0166668542138	0.0148096449242	-0.0048589872403	0.0137475037442	-0.0167605943592	0.0639643723219	1.0	-0.00753695271174	0.0471475247099	-0.0575202407848	-0.0195682349795	-0.0792500146006	-0.149041191972	-0.0328994193754	0.0235977107414	-0.0432417353409	-0.102419112376	0.00738151094664	0.0255570742239	0.0309678076365	-0.0916394758537	0.00913442282023	0.0577581914889	0.0197877169018	-0.0021523474939	-0.00914700423357	0.0262792913372	-0.0447471692748	-0.0335626793827	-0.0257086857891	0.0120550385811	0.00199415926733	-0.0144218932099	-0.00313686478101	0.0206499857702	-0.0854829713327	0.0289367832808	-0.0327543351411
k__Bacteria;p__Bacteroidetes;c__Bacteroidia;o__Bacteroidales;f__Porphyromonadaceae;g__Parabacteroides;s__Parabacteroides_johnsonii	-0.0333055883399	0.00231116756369	-0.0266122158119	-0.0181782655253	-0.00638141195074	0.013531301211	-0.0568117075233	-0.0436076421044	-0.0704821345213	0.026522203805	0.00758137103325	-0.0411766665124	0.0137079646666	-0.0602046314323	0.0452808700955	-0.020239475136	0.0249569605552	0.0271848354885	0.0122038122126	-0.0166529756115	0.00841001179777	-0.0339696102759	0.00168395570508	-0.0541969237589	-0.010478855741	-0.0298632611495	-0.0254458051625	-0.00753695271174	1.0	-0.0321717608834	0.0637725648937	-0.0384178652487	-0.0307744195152	-0.0083751289287	-0.0388648281697	0.0306837945739	0.0658293776539	-0.0198930273142	-0.0549434613158	-0.0258932042262	-0.0140350889376	0.00351364805567	0.0236320860325	-0.0239399408334	-0.0195078097158	-0.00753468057347	-0.013832744422	-0.0286120882871	-0.0129722870815	0.0136629086604	0.0477546374171	0.0252832421377	-0.0270753944925	0.0484056132531	-0.12503302429	0.01268824892	-0.0420385369239	-0.0537815541934	-0.0314666407652
k__Bacteria;p__Actinobacteria;c__Actinobacteria;o__Bifidobacteriales;f__Bifidobacteriaceae;g__Bifidobacterium;s__Bifidobacterium_longum	0.0197835814192	-0.0118319332778	-0.036756462592	-0.0327599002296	-0.00446024285757	-0.0337024730465	-0.031597251801	0.0515588332588	-0.0395681540152	0.0598588929311	0.0281921540795	0.0231995008491	0.0281628671505	-0.0320040755166	-0.0320016190601	-0.0382532111046	0.0283302915481	-0.00314288758612	0.0397667232181	-0.0705596365127	-0.00298993705032	-0.0104587732985	0.0666743325476	0.0259867578992	-0.0396446548601	-0.0826321558603	-0.0206931111224	0.0471475247099	-0.0321717608834	1.0	-0.101475478254	-0.0168508755637	-0.0758561668182	-0.0317082827399	-0.023481141841	-0.0579216866384	-0.00245749860577	-0.0418061978957	-0.0389581809786	-0.0215721560104	0.0179114623367	0.00431040576013	-0.0261886929818	0.035214576858	0.0708581056596	-0.0484140858203	-0.0631371885952	0.0111557502952	-0.050781632031	-0.0295315607839	-0.0485836615416	0.0213234507756	-0.0103830236161	0.0179188829523	0.000431190774586	0.0168746534904	0.00245343573679	-0.0390192698067	0.0288053743409
