#taxonomy	k__Bacteria;p__Bacteroidetes;c__Bacteroidia;o__Bacteroidales;f__Bacteroidaceae;g__Bacteroides;s__Bacteroides_vulgatus	k__Bacteria;p__Bacteroidetes;c__Bacteroidia;o__Bacteroidales;f__Bacteroidaceae;g__Bacteroides;s__Bacteroides_uniformis	k__Bacteria;p__Bacteroidetes;c__Bacteroidia;o__Bacteroidales;f__Rikenellaceae;g__Alistipes;s__Alistipes_putredinis	k__Bacteria;p__Bacteroidetes;c__Bacteroidia;o__Bacteroidales;f__Prevotellaceae;g__Prevotella;s__Prevotella_copri	k__Bacteria;p__Bacteroidetes;c__Bacteroidia;o__Bacteroidales;f__Bacteroidaceae;g__Bacteroides;s__Bacteroides_stercoris	k__Bacteria;p__Bacteroidetes;c__Bacteroidia;o__Bacteroidales;f__Bacteroidaceae;g__Bacteroides;s__Bacteroides_ovatus	k__Bacteria;p__Bacteroidetes;c__Bacteroidia;o__Bacteroidales;f__Rikenellaceae;g__Alistipes;s__Alistipes_shahii	k__Bacteria;p__Firmicutes;c__Clostridia;o__Clostridiales;f__Ruminococcaceae;g__Faecalibacterium;s__Faecalibacterium_prausnitzii	k__Bacteria;p__Bacteroidetes;c__Bacteroidia;o__Bacteroidales;f__Rikenellaceae;g__Alistipes;s__Alistipes_finegoldii	k__Bacteria;p__Bacteroidetes;c__Bacteroidia;o__Bacteroidales;f__Porphyromonadaceae;g__Parabacteroides;s__Parabacteroides_distasonis	k__Bacteria;p__Bacteroidetes;c__Bacteroidia;o__Bacteroidales;f__Bacteroidaceae;g__Bacteroides;s__Bacteroides_thetaiotaomicron	k__Bacteria;p__Bacteroidetes;c__Bacteroidia;o__Bacteroidales;f__Bacteroidaceae;g__Bacteroides;s__Bacteroides_coprocola	k__Bacteria;p__Bacteroidetes;c__Bacteroidia;o__Bacteroidales;f__Bacteroidaceae;g__Bacteroides;s__Bacteroides_cellulosilyticus	k__Bacteria;p__Bacteroidetes;c__Bacteroidia;o__Bacteroidales;f__Rikenellaceae;g__Alistipes;s__Alistipes_obesi	k__Bacteria;p__Firmicutes;c__Clostridia;o__Clostridiales;f__Lachnospiraceae;g__;s__[Eubacterium]_rectale	k__Bacteria;p__Bacteroidetes;c__Bacteroidia;o__Bacteroidales;f__Bacteroidaceae;g__Bacteroides;s__Bacteroides_plebeius	k__Bacteria;p__Bacteroidetes;c__Bacteroidia;o__Bacteroidales;f__Bacteroidaceae;g__Bacteroides;s__Bacteroides_fragilis	k__Bacteria;p__Proteobacteria;c__Betaproteobacteria;o__Burkholderiales;f__Sutterellaceae;g__Sutterella;s__Sutterella_wadsworthensis	k__Bacteria;p__Bacteroidetes;c__Bacteroidia;o__Bacteroidales;f__Porphyromonadaceae;g__Barnesiella;s__Barnesiella_intestinihominis	k__Bacteria;p__Bacteroidetes;c__Bacteroidia;o__Bacteroidales;f__Odoribacteraceae;g__Odoribacter;s__Odoribacter_splanchnicus	k__Bacteria;p__Bacteroidetes;c__Bacteroidia;o__Bacteroidales;f__Bacteroidaceae;g__Bacteroides;s__Bacteroides_salyersiae	k__Bacteria;p__Firmicutes;c__Clostridia;o__Clostridiales;f__Ruminococcaceae;g__Ruminiclostridium;s__[Eubacterium]_siraeum	k__Bacteria;p__Proteobacteria;c__Betaproteobacteria;o__Burkholderiales;f__Sutterellaceae;g__Parasutterella;s__Parasutterella_excrementihominis	k__Bacteria;p__Actinobacteria;c__Actinobacteria;o__Bifidobacteriales;f__Bifidobacteriaceae;g__Bifidobacterium;s__Bifidobacterium_adolescentis	k__Bacteria;p__Firmicutes;c__Clostridia;o__Clostridiales;f__Oscillospiraceae;g__Oscillibacter;s__Oscillibacter_sp._KLE_1745	k__Bacteria;p__Bacteroidetes;c__Bacteroidia;o__Bacteroidales;f__Bacteroidaceae;g__Bacteroides;s__Bacteroides_coprophilus	k__Bacteria;p__Firmicutes;c__Clostridia;o__Clostridiales;f__Lachnospiraceae;g__Roseburia;s__Roseburia_intestinalis	k__Bacteria;p__Firmicutes;c__Clostridia;o__Clostridiales;f__Lachnospiraceae;g__Roseburia;s__Roseburia_hominis	k__Bacteria;p__Bacteroidetes;c__Bacteroidia;o__Bacteroidales;f__Porphyromonadaceae;g__Parabacteroides;s__Parabacteroides_johnsonii	k__Bacteria;p__Actinobacteria;c__Actinobacteria;o__Bifidobacteriales;f__Bifidobacteriaceae;g__Bifidobacterium;s__Bifidobacterium_longum	k__Bacteria;p__Firmicutes;c__Clostridia;o__Clostridiales;f__;g__Flavonifractor;s__Flavonifractor_plautii	k__Bacteria;p__Firmicutes;c__Clostridia;o__Clostridiales;f__Clostridiaceae;g__Clostridium;s__Clostridium_phoceensis	k__Bacteria;p__Verrucomicrobia;c__Verrucomicrobiae;o__Verrucomicrobiales;f__Akkermansiaceae;g__Akkermansia;s__Akkermansia_muciniphila	k__Bacteria;p__Bacteroidetes;c__Bacteroidia;o__Bacteroidales;f__Prevotellaceae;g__Paraprevotella;s__Paraprevotella_xylaniphila	k__Bacteria;p__Firmicutes;c__Clostridia;o__Clostridiales;f__Ruminococcaceae;g__Ruminococcus;s__Ruminococcus_callidus	k__Bacteria;p__Bacteroidetes;c__Bacteroidia;o__Bacteroidales;f__Rikenellaceae;g__Alistipes;s__Alistipes_senegalensis	k__Bacteria;p__Firmicutes;c__Clostridia;o__Clostridiales;f__Lachnospiraceae;g__Blautia;s__Blautia_sp._KLE_1732	k__Bacteria;p__Bacteroidetes;c__Bacteroidia;o__Bacteroidales;f__Bacteroidaceae;g__Bacteroides;s__Bacteroides_oleiciplenus	k__Bacteria;p__Firmicutes;c__Clostridia;o__Clostridiales;f__Ruminococcaceae;g__Ruminococcus;s__Ruminococcus_bicirculans	k__Bacteria;p__Bacteroidetes;c__Bacteroidia;o__Bacteroidales;f__Bacteroidaceae;g__Bacteroides;s__Bacteroides_fluxus	k__Bacteria;p__Bacteroidetes;c__Bacteroidia;o__Bacteroidales;f__Prevotellaceae;g__Prevotella;s__Prevotella_stercorea	k__Bacteria;p__Firmicutes;c__Clostridia;o__Clostridiales;f__Lachnospiraceae;g__Dorea;s__Dorea_longicatena	k__Bacteria;p__Firmicutes;c__Clostridia;o__Clostridiales;f__Eubacteriaceae;g__Eubacterium;s__[Eubacterium]_eligens	k__Bacteria;p__Firmicutes;c__Clostridia;o__Clostridiales;f__Ruminococcaceae;g__;s__Ruminococcaceae_bacterium_D16	k__Bacteria;p__Firmicutes;c__Clostridia;o__Clostridiales;f__Lachnospiraceae;g__Coprococcus;s__Coprococcus_comes	k__Bacteria;p__Proteobacteria;c__Gammaproteobacteria;o__Enterobacterales;f__Enterobacteriaceae;g__Escherichia;s__Escherichia_coli	k__Bacteria;p__Firmicutes;c__Clostridia;o__Clostridiales;f__Ruminococcaceae;g__Anaerotruncus;s__Anaerotruncus_colihominis	k__Bacteria;p__Firmicutes;c__Clostridia;o__Clostridiales;f__Lachnospiraceae;g__Blautia;s__Blautia_obeum	k__Bacteria;p__Bacteroidetes;c__Bacteroidia;o__Bacteroidales;f__Odoribacteraceae;g__Odoribacter;s__Odoribacter_laneus	k__Bacteria;p__Firmicutes;c__Clostridia;o__Clostridiales;f__Ruminococcaceae;g__Ruminiclostridium;s__[Clostridium]_leptum	k__Bacteria;p__Bacteroidetes;c__Bacteroidia;o__Bacteroidales;f__Porphyromonadaceae;g__Parabacteroides;s__Parabacteroides_goldsteinii	k__Bacteria;p__Firmicutes;c__Clostridia;o__Clostridiales;f__Lachnospiraceae;g__Anaerostipes;s__Anaerostipes_hadrus	k__Bacteria;p__Firmicutes;c__Clostridia;o__Clostridiales;f__Ruminococcaceae;g__Ruminococcus;s__Ruminococcus_lactaris	k__Bacteria;p__Firmicutes;c__Clostridia;o__Clostridiales;f__Clostridiaceae;g__Clostridium;s__Clostridium_sp._L2-50	k__Bacteria;p__Firmicutes;c__Clostridia;o__Clostridiales;f__Clostridiaceae;g__Clostridium;s__Clostridium_sp._M62/1	k__Bacteria;p__Firmicutes;c__Clostridia;o__Clostridiales;f__;g__Intestinimonas;s__Intestinimonas_butyriciproducens	k__Bacteria;p__Actinobacteria;c__Actinobacteria;o__Bifidobacteriales;f__Bifidobacteriaceae;g__Bifidobacterium;s__Bifidobacterium_bifidum	k__Bacteria;p__Firmicutes;c__Negativicutes;o__Veillonellales;f__Veillonellaceae;g__Dialister;s__Dialister_invisus	k__Bacteria;p__Bacteroidetes;c__Bacteroidia;o__Bacteroidales;f__Bacteroidaceae;g__Bacteroides;s__Bacteroides_salanitronis
k__Bacteria;p__Bacteroidetes;c__Bacteroidia;o__Bacteroidales;f__Bacteroidaceae;g__Bacteroides;s__Bacteroides_vulgatus	1.0	0.033017407968	-0.0136443117175	-0.0105240820707	-0.062723753545	0.0375160028235	-0.0265085152407	0.043678542441	-0.033640644027	-0.0593404669999	-0.00338470057782	-0.0394021040384	0.0310528068002	0.0233513971849	0.0148667456922	-0.010225800335	0.0144284661428	0.0136930768445	0.0144968897992	-0.0301694939049	-0.0240437751731	-0.00103006574238	-0.00936636096872	-0.056764474129	-0.00380813132872	-0.0345079091448	-0.00739789915995	0.00717326181487	0.0119507998336	-0.0305367367832	0.0360761304505	0.0134392146297	-0.0115681203765	-0.064251020625	-0.0690942417928	-0.0708688910845	-0.0388291365058	0.0114341495997	0.0584366615534	-0.017591723137	-0.018289080554	0.023343864471	0.0447586584353	0.0279404131197	0.0398165693369	-0.0464114077609	-0.0206256777869	-0.0483974967427	0.0241240883001	-0.0487269195387	0.0057546287141	-0.0513106245567	0.0431657141643	-0.032737782229	-0.0223431921602	-0.0029686705205	-0.035172197908	0.0338849915879	0.0395256009363
k__Bacteria;p__Bacteroidetes;c__Bacteroidia;o__Bacteroidales;f__Bacteroidaceae;g__Bacteroides;s__Bacteroides_uniformis	0.033017407968	1.0	-0.0191877149204	-0.0293802452554	0.0335338064267	0.0376792257579	-0.0417066645715	-0.026540010872	0.0366404161431	-0.0488870665064	0.063243558543	-0.0367688578586	-0.0349675817521	-0.00440417571475	0.0128172133992	0.0513504089924	0.0371255699346	-0.0159564082447	0.0671063314551	0.000316574423689	-0.0578906667161	-0.0305338690538	-0.0147035218352	-0.0676143468364	0.0549827827055	0.0425098904417	0.0163030397667	-0.0554989481164	0.0193782272114	-0.000679139214496	-0.0504596996621	-0.0662578324186	0.00793368075916	0.0277596988489	0.0375667156327	-0.0582609441468	-0.069901309022	0.0157785768445	-0.0221612526969	-0.0135638124816	0.0718421079633	-0.0686642237244	0.0539712461063	-0.0972243709087	-0.0551512216186	-0.0624429262681	-0.00106226625037	-8.44971909642e-05	-0.0239331343324	-0.0485421308322	-0.0294761434791	-0.0821200408141	0.00912164128146	-0.0185175144224	0.039312135386	0.0713947093837	-0.00728998292951	-0.00151545408849	0.0361734867195
k__Bacteria;p__Bacteroidetes;c__Bacteroidia;o__Bacteroidales;f__Rikenellaceae;g__Alistipes;s__Alistipes_putredinis	-0.0136443117175	-0.0191877149204	1.0	-0.0274246339602	-0.0262215806577	-0.113450789472	0.0318910714977	0.0190190925631	0.0152167639689	-0.0378590023245	-0.011996604543	0.00892384578154	0.000282368019445	0.0272312528813	0.0175242570525	-0.00245059494654	0.0489743355289	0.0392560006836	-0.00691163013703	0.0275622954498	0.0133369317152	-0.0901678570338	-0.0128834976993	-0.0655897166149	-0.0407811039592	-0.0182479731566	-0.0805604156149	-0.0246396542453	-0.03543432379	0.0034273326685	-0.0479885262882	0.00687611700988	-0.0339992797052	-0.0467503753906	-0.0770360171675	-0.12556544344	0.0184800723059	0.0237473354788	0.0236477963225	0.0108390387038	-0.00302856361765	0.0571036940754	0.0741089780534	-0.00771192832082	-0.0581699351935	-0.0594312128572	0.00687009558824	0.0632087616528	0.0147751475703	0.00158044295715	0.0365177065363	0.00956616040535	-0.0624613639679	-0.0389125773713	0.0143609670365	0.0357100361394	-0.0710477258936	-0.0232224972955	-0.0481338935972
k__Bacteria;p__Bacteroidetes;c__Bacteroidia;o__Bacteroidales;f__Prevotellaceae;g__Prevotella;s__Prevotella_copri	-0.0105240820707	-0.0293802452554	-0.0274246339602	1.0	-0.0019039564967	-0.0185866071783	0.0298237197597	-0.0146124783854	-0.0136061722081	0.00646545351002	-0.0183803757847	-0.0392003108412	-0.0515362503517	-0.0540282266823	-0.0661064480245	0.0487020071511	0.0662796553276	-0.0153927780489	-0.00906865194998	-0.0163593759129	-0.0509990357616	-0.016870629239	-0.0213975392381	0.00771143753365	-0.0444713323688	0.0179417601806	-0.00792053679505	0.0658078610899	-0.000798168059859	-3.25848503926e-05	-0.054931449236	-0.0616694590234	-0.000820456754903	-0.0142963084845	-0.0280864689209	0.0766873763251	-0.000865940791498	-0.0487532623725	-0.0279204979614	-0.0459094510472	0.001533403161	-0.0579592351433	-0.0069460822163	0.121312873267	0.0494064932155	-0.0357009607299	-0.0392914608469	-0.000391128021866	-0.0613161168476	-0.0269247906726	0.0157318084131	0.0695894173004	-0.0434838265806	0.0215764326246	-0.0645611253007	0.0371223624218	-0.0761932227898	0.0520897487277	0.0334562854177
k__Bacteria;p__Bacteroidetes;c__Bacteroidia;o__Bacteroidales;f__Bacteroidaceae;g__Bacteroides;s__Bacteroides_stercoris	-0.062723753545	0.0335338064267	-0.0262215806577	-0.0019039564967	1.0	0.0207592248848	0.00258171211075	-0.0743373365045	0.00309971812974	0.00068862932408	-0.00765429410859	0.00473361991806	-0.0248327624268	0.0176637284654	-0.0500839907413	0.020368074425	0.042320252268	-0.0164478644022	-0.031243962607	-0.0120349496793	-0.0624735147644	0.0212226538876	0.012518571601	-0.0057018970658	0.0245964038771	-0.00369601226788	-0.00245820603368	-0.028652457231	-0.0155349049411	0.00301042735149	-0.05493512786	-0.00448568969656	-0.0143675663843	0.0206914064014	-0.000857999315277	0.0319703010998	0.0394634767732	-0.00613872855446	-0.0208506325303	-0.0210926684647	-0.0398318787962	-0.0073456310802	-5.28492746657e-05	-0.00723296758984	0.0390763927486	0.0457013218444	0.0196215714154	0.00145335287241	-0.0109744865279	0.0731088350049	-0.00498094295955	0.0289317004064	0.0165208340344	0.0176783301951	0.0330432902224	-0.0438897709635	-0.00235531232781	-0.00340939836685	0.0213845084367
k__Bacteria;p__Bacteroidetes;c__Bacteroidia;o__Bacteroidales;f__Bacteroidaceae;g__Bacteroides;s__Bacteroides_ovatus	0.0375160028235	0.0376792257579	-0.113450789472	-0.0185866071783	0.0207592248848	1.0	-0.0022209350736	-0.048569100564	0.0198672766679	0.0903789560466	-0.0265201012947	0.0440028333067	-0.0453478715882	0.00227232883365	-0.0317501366734	0.00118349653561	-0.00156438180959	0.0123971305134	0.00324797468393	-0.0522711230162	-0.0170016655163	0.000143881436188	-0.0352645994565	-0.0502894221224	-0.0564845435699	-0.00497205342233	-0.00682646041164	-0.0574032521843	0.00286709493809	-0.0455918601718	-0.0567782558837	-0.0361032708805	-0.0436325570865	-0.00324055407966	-0.00269911570554	0.00899841557702	-0.0479973519942	0.0187744840909	-0.0346860763376	0.015097047975	0.00678467127213	0.0294776784462	-0.0018913310235	0.050630426035	-0.0297504894373	0.0198283469132	-0.00311219029251	0.0236449143558	0.0569955740427	-0.176941363308	0.0389032278466	-0.104311524464	0.0234025878928	0.0549305649213	-0.0425674125525	-0.0257503858297	0.0241556751791	0.0540787320186	-0.0063354825576
k__Bacteria;p__Bacteroidetes;c__Bacteroidia;o__Bacteroidales;f__Rikenellaceae;g__Alistipes;s__Alistipes_shahii	-0.0265085152407	-0.0417066645715	0.0318910714977	0.0298237197597	0.00258171211075	-0.0022209350736	1.0	-0.0278091236178	0.0545985280053	-0.0334499702584	0.0368175155478	-0.0027199828907	-0.0477394023439	-0.01542506071	-0.0717101307436	0.0154002185447	-0.059611045702	-0.0190032500543	0.00835530996617	0.031333736769	-0.0213833948712	0.0113078654586	-0.0675930101234	-0.0381458931978	-0.0143628242279	0.0157910242205	0.00546413779971	-0.00177525222496	-0.0997029729647	-0.0728845666814	0.0393011409536	0.0350706495058	-0.0217299230022	-0.0381963305168	-0.00739179068308	-0.0326076888154	-0.0297117098614	0.00461218642956	0.0383972516619	-0.0406160941346	0.0214531655105	-0.0425861842351	-0.0945196324511	0.0656316014847	-0.00493927921171	-0.0373284882047	0.0146951160188	0.0236931118052	0.00511200329977	-0.0290649981204	0.075199264345	-0.0586708150256	0.030539750602	0.0089919807701	-0.0028750705649	0.0183485880767	0.0325560093074	0.0196681415094	-0.0275241162136
k__Bacteria;p__Firmicutes;c__Clostridia;o__Clostridiales;f__Ruminococcaceae;g__Faecalibacterium;s__Faecalibacterium_prausnitzii	0.043678542441	-0.026540010872	0.0190190925631	-0.0146124783854	-0.0743373365045	-0.048569100564	-0.0278091236178	1.0	0.0832623001907	0.0222002466141	-0.0131603208855	0.0166961039926	-0.04350123201	0.0234351024784	-0.0418514568819	-0.0580059820166	-0.000180370339304	0.0484632891336	0.0665212655967	0.0690826093567	-0.0502890184222	-0.0432220414764	-0.0198580218515	-0.0129130225418	-0.0464289061577	-0.0370642705346	-0.0128773436773	0.0690087651736	0.0202524744702	-0.0145475692182	-0.0475287168229	-0.0393093143424	0.057053605642	-0.0447855398188	-0.0191720798044	0.0604846010486	0.0670043852548	-0.0351322462163	-0.000971248831204	0.0153534837144	0.00611757819185	-0.0314258244632	0.0480817502651	0.0288224645977	-0.018235789789	-0.00625132461263	0.0265293804371	-0.0263113017952	-0.0137374550437	0.0366636496553	-0.0434305989111	-0.0311104356616	-0.0436414922789	-0.0135988833531	-0.0577869308951	0.0317751017369	-0.00390107547992	0.0385452293862	0.00436802810739
k__Bacteria;p__Bacteroidetes;c__Bacteroidia;o__Bacteroidales;f__Rikenellaceae;g__Alistipes;s__Alistipes_finegoldii	-0.033640644027	0.0366404161431	0.0152167639689	-0.0136061722081	0.00309971812974	0.0198672766679	0.0545985280053	0.0832623001907	1.0	0.00112669582513	-0.0430255077549	-0.00507173352142	-0.0115514563392	0.0101417043404	0.0666760892929	-0.00355312249612	0.0137777669848	-0.0596847349981	-0.0461882902088	-0.00482890869181	-0.0821322598998	-0.0127737302913	-0.0155283761837	0.0436783318404	-0.0469022331547	0.0384183298647	0.00114555563845	0.0252601016266	0.0175194741177	0.00704953006393	-0.0553910852189	0.0455216746406	-0.0408472967705	-0.0330994674306	0.00162936700947	-0.0519293485269	-0.0111505207592	-0.0848900136815	-0.0152415323916	0.014946747088	-0.011045332459	0.00937414914532	-0.0522110022596	-0.0408908712257	-0.0676604712532	0.000382583457028	-0.0313190334596	0.0259111380117	0.0399487575342	-0.00730948942418	-0.101374137356	0.00455806189529	0.00550509196718	-0.00936345078484	-0.00579827555764	-0.0139643215245	0.0430722976691	-0.0257122194866	-0.0289201889405
k__Bacteria;p__Bacteroidetes;c__Bacteroidia;o__Bacteroidales;f__Porphyromonadaceae;g__Parabacteroides;s__Parabacteroides_distasonis	-0.0593404669999	-0.0488870665064	-0.0378590023245	0.00646545351002	0.00068862932408	0.0903789560466	-0.0334499702584	0.0222002466141	0.00112669582513	1.0	0.0107774935031	0.0433874366984	0.0268448899907	0.035430220834	0.0507530443551	-0.0154441839356	0.0469707541756	-0.0164233482265	-0.0449044466475	-0.0271151432907	0.0628133331811	0.0639775964123	-0.00554812015831	0.00173624089307	0.000522705142843	0.00519684012488	0.0415731818019	-0.0131511228875	0.0232952135793	-0.0133351086808	-0.00636666701543	-0.0370292733046	-0.0427319571951	-0.0337175716199	0.00742379573744	0.0323468900705	0.0217700874045	-0.0212850944822	-0.0821166826241	-0.0785299918072	-0.0802079365896	-0.0011158551895	-0.0133708019141	-0.0255090504576	-0.0210018431514	-0.015030049746	-0.0696105133278	0.0228470315225	-0.12549225027	-0.0299745910812	-0.00990522767324	-0.00642602184819	0.0595312694422	-0.0380826779417	0.00655570292631	0.0328690282372	-0.00605226277328	-0.0324583818003	-0.0320092650528
k__Bacteria;p__Bacteroidetes;c__Bacteroidia;o__Bacteroidales;f__Bacteroidaceae;g__Bacteroides;s__Bacteroides_thetaiotaomicron	-0.00338470057782	0.063243558543	-0.011996604543	-0.0183803757847	-0.00765429410859	-0.0265201012947	0.0368175155478	-0.0131603208855	-0.0430255077549	0.0107774935031	1.0	-0.0655748852509	0.00659133267632	-0.0131034696557	-0.0132874186555	0.0260554779152	0.0432716587541	-0.00701070867407	-0.0345099990903	-0.036613343457	0.0176744623855	0.0236075575758	-0.0734530744558	0.0192991210613	0.0188056680206	0.0160532274081	0.00926156132378	-0.0470496628832	-0.0215379512347	-0.0405606727544	-0.067633646435	-0.0603914148522	0.0403269243128	0.0455642668807	0.0338821416115	-0.0425590901056	-0.00622637435862	0.00332320870259	-0.00117095371164	-0.00869307894785	-0.0399035563371	0.0094463296935	-0.0303111589883	-0.026730334274	-0.0716059336225	-0.0336633204302	0.0664001748117	-0.0282859290218	-0.0112935881397	-0.0386298981404	-0.0470805572525	-0.0307339771891	-0.026300789982	-0.0754112884877	0.0240231145671	0.0687461918833	-0.0341566951438	-0.0661540631495	-0.0193698363622
k__Bacteria;p__Bacteroidetes;c__Bacteroidia;o__Bacteroidales;f__Bacteroidaceae;g__Bacteroides;s__Bacteroides_coprocola	-0.0394021040384	-0.0367688578586	0.00892384578154	-0.0392003108412	0.00473361991806	0.0440028333067	-0.0027199828907	0.0166961039926	-0.00507173352142	0.0433874366984	-0.0655748852509	1.0	-0.0564905668356	0.036820623379	-0.00909694408441	0.00462695637781	-0.00675688874539	0.021870627654	-0.0509552059776	0.0393683545551	0.0420982359873	0.0303787016147	0.0127595497231	-0.0214836080814	-0.00208471479674	-0.0675205717818	-0.0213571953882	-0.0581186003727	-0.0223524355225	0.0303813081345	-0.0425656463408	-0.0105307259416	-0.0909712801105	-0.0322285975818	-0.029930440953	0.0482790581472	0.0365259759993	-0.0375686737042	0.0237427699767	0.0556558980586	-0.00799699777258	0.000940353742941	-0.0758939159556	0.0695046873632	-0.0525783852269	-0.015350443425	-0.00316327971761	0.028132560272	-0.0148785686605	-0.0206347130939	0.0516955221577	0.0294227511492	-0.0169740711712	-0.00947365507162	-0.0835212551963	-0.0314482555577	0.01382018022	-0.00485366858251	-0.0160041210828
k__Bacteria;p__Bacteroidetes;c__Bacteroidia;o__Bacteroidales;f__Bacteroidaceae;g__Bacteroides;s__Bacteroides_cellulosilyticus	0.0310528068002	-0.0349675817521	0.000282368019445	-0.0515362503517	-0.0248327624268	-0.0453478715882	-0.0477394023439	-0.04350123201	-0.0115514563392	0.0268448899907	0.00659133267632	-0.0564905668356	1.0	0.00735715496245	-0.0324031380471	-0.0443100983328	0.00445789891865	-0.014877510155	0.0127783977882	-0.0292278170159	0.0244864291507	0.0557746618808	-0.0052691110339	-0.0231595974789	0.0224265737767	0.00282929523463	-0.0600002221596	-0.0865634917591	0.0178234580008	0.0439046239157	0.0492533435076	-0.0172259238814	-0.0410204972384	0.0282356319568	0.0084482080434	0.00235633229298	-0.0031900927059	0.0522098837549	0.0196255332822	-0.043939267687	-0.033084452468	0.0358827720466	-0.0430135068775	0.0455048915148	-0.00832257483853	0.0680742315706	-0.0611505232997	-0.086859285638	0.00270655060472	0.0620708765871	0.00257716852465	-0.00993044853586	0.00620310427285	0.00668521872704	0.0477970759754	-0.000818935957958	-0.00772923806641	-0.0853407681482	-0.0703862317562
k__Bacteria;p__Bacteroidetes;c__Bacteroidia;o__Bacteroidales;f__Rikenellaceae;g__Alistipes;s__Alistipes_obesi	0.0233513971849	-0.00440417571475	0.0272312528813	-0.0540282266823	0.0176637284654	0.00227232883365	-0.01542506071	0.0234351024784	0.0101417043404	0.035430220834	-0.0131034696557	0.036820623379	0.00735715496245	1.0	-0.0212530331355	-0.0806715111898	-0.0425275582436	0.0141859114661	0.000266834132831	-0.00693238831418	-0.0317634825499	-0.049250619032	-0.055400870554	-0.0337165980117	-0.0293830153073	-0.0198329384454	0.000539891806564	0.0548290921718	-0.0132614436229	0.0171184210907	0.0042128358164	0.0345202169249	0.0267522933973	-0.0198388858935	0.0657804536182	0.0277417319805	-0.0139618591759	0.0468828789892	-0.0203763226382	-0.0125057451351	0.00281629391113	0.0919824721508	-0.0180893247583	0.0283698826363	-0.00219343584524	-0.0269822299455	-0.020139800311	0.0411661175774	-0.0175406890788	0.0303543957364	-0.00883158599626	0.000839223132797	-0.00850075061534	0.0136903241249	-0.0771007254149	-0.0131289836051	-0.0178852393684	-0.0939876382263	-0.00700793917422
k__Bacteria;p__Firmicutes;c__Clostridia;o__Clostridiales;f__Lachnospiraceae;g__;s__[Eubacterium]_rectale	0.0148667456922	0.0128172133992	0.0175242570525	-0.0661064480245	-0.0500839907413	-0.0317501366734	-0.0717101307436	-0.0418514568819	0.0666760892929	0.0507530443551	-0.0132874186555	-0.00909694408441	-0.0324031380471	-0.0212530331355	1.0	0.0135147743591	-0.0535934318797	-0.0623059587212	0.0293605576533	-0.0247287173555	-0.0337856080867	-0.0855848573045	-0.0419613974595	0.00886505888432	-0.0683838831391	0.0115474419922	-0.00338837679432	0.0366624428678	0.0436990987648	0.0627582469266	-0.013474465164	-0.0237871178323	0.0155266633696	-0.0145523543477	-0.0129748389934	-0.0580021082033	0.0342955260467	-0.0233797568977	0.0214212044379	-0.0457510086731	0.0711993540195	-0.0434911461706	0.0144324636956	-0.047116800658	0.0484603143422	-0.00808067921231	0.0415649804771	0.027881405086	0.00570307828526	0.0224469140994	-0.0859114282167	-0.0689002098633	0.00159909004271	0.0163200197377	0.027832340439	-0.0204013747633	0.0143210451978	0.054018549322	-0.0594848690509
k__Bacteria;p__Bacteroidetes;c__Bacteroidia;o__Bacteroidales;f__Bacteroidaceae;g__Bacteroides;s__Bacteroides_plebeius	-0.010225800335	0.0513504089924	-0.00245059494654	0.0487020071511	0.020368074425	0.00118349653561	0.0154002185447	-0.0580059820166	-0.00355312249612	-0.0154441839356	0.0260554779152	0.00462695637781	-0.0443100983328	-0.0806715111898	0.0135147743591	1.0	-0.0511380020668	0.0247422962972	-0.0775692727116	-0.0270616746825	0.0189419938707	0.0161795802559	-0.010317947837	-0.0457078625392	-0.0658670515324	0.00912646219659	0.0150382747292	-0.0294364834318	0.0152299134023	0.0165946153581	0.0544868455246	0.00978993153516	-0.0879236405307	-0.0485014515846	-0.0110235339162	0.0654030353356	0.0130237737482	-0.0432949429888	-0.0318987782314	0.000535732891882	0.0277165623803	-0.0261709837502	-0.10678640445	-0.0251288183886	0.0228764696201	-0.0296119168524	-0.00155998208252	0.0227448565607	-0.0630417834206	-0.0115513451565	0.0513043587319	-0.035181485057	-0.0113477233764	-0.00448915137324	-0.0269192673457	-0.0332358541972	-0.0518880493523	0.0367990128335	0.0289871222174
k__Bacteria;p__Bacteroidetes;c__Bacteroidia;o__Bacteroidales;f__Bacteroidaceae;g__Bacteroides;s__Bacteroides_fragilis	0.0144284661428	0.0371255699346	0.0489743355289	0.0662796553276	0.042320252268	-0.00156438180959	-0.059611045702	-0.000180370339304	0.0137777669848	0.0469707541756	0.0432716587541	-0.00675688874539	0.00445789891865	-0.0425275582436	-0.0535934318797	-0.0511380020668	1.0	-0.0381319106582	-0.0353792237418	-0.0258966158792	0.0028399414605	0.0452889908257	0.0206988037615	0.0364686920316	-0.0480772621281	-0.0767045291016	0.00852887454855	-0.00701313536297	0.00309136584322	0.0157981746414	-0.0176444316674	-0.0802237275511	0.0430985223883	-0.031282406733	-0.0269447895055	-0.0920160049748	-0.0113373543752	0.0371792827175	0.0282066090031	-0.0465630856231	-0.0274800408107	0.0596414597708	0.0299053406228	-0.00714284381025	-0.00501888620069	0.0410120203627	-0.0115449368341	-0.000908229891	-0.0342192518048	-0.0152835574566	0.0549583575651	0.00596418967557	-0.0891666121036	0.0337838491407	-0.0605510816155	0.0137086744733	-0.0133038417107	-0.00368004809434	0.0520342217372
k__Bacteria;p__Proteobacteria;c__Betaproteobacteria;o__Burkholderiales;f__Sutterellaceae;g__Sutterella;s__Sutterella_wadsworthensis	0.0136930768445	-0.0159564082447	0.0392560006836	-0.0153927780489	-0.0164478644022	0.0123971305134	-0.0190032500543	0.0484632891336	-0.0596847349981	-0.0164233482265	-0.00701070867407	0.021870627654	-0.014877510155	0.0141859114661	-0.0623059587212	0.0247422962972	-0.0381319106582	1.0	-0.0172218919911	-0.0468660257415	-0.0161877235701	-0.066983044881	-0.00302526129559	-0.0619164761966	0.0624544387611	-0.000902448169348	0.0429262059255	-0.0185890873135	-0.0618349818741	-0.0370519018974	0.0258164405288	0.0265461222148	0.00689553471886	-0.0646171259101	0.0132622794625	0.000892043826423	-0.0371194519228	-0.0261072073597	-0.00368289553521	-0.0503499860363	0.0168432852779	-0.00901462544898	-0.0214914223744	0.00200231144636	0.0203724956801	-0.0360786038276	0.0620367371582	-0.0140292288004	-0.0039283861656	0.00538242627838	-0.0358933994699	-6.73836296436e-05	-0.0334801105806	0.0305245020586	0.00282252102489	-0.0045771815166	-0.0598434355302	-0.0169217008874	0.01322840673
k__Bacteria;p__Bacteroidetes;c__Bacteroidia;o__Bacteroidales;f__Porphyromonadaceae;g__Barnesiella;s__Barnesiella_intestinihominis	0.0144968897992	0.0671063314551	-0.00691163013703	-0.00906865194998	-0.031243962607	0.00324797468393	0.00835530996617	0.0665212655967	-0.0461882902088	-0.0449044466475	-0.0345099990903	-0.0509552059776	0.0127783977882	0.000266834132831	0.0293605576533	-0.0775692727116	-0.0353792237418	-0.0172218919911	1.0	0.0118579334677	-0.0109560435274	-0.0113659414081	-0.0806280411411	0.0307097905844	0.0163736432584	0.0215541294696	-0.083138021399	-0.00435351856079	0.0048172267746	-0.0405506303633	0.00871524139834	0.00996764091974	-0.0490246838158	0.00708479782019	-0.0184909983295	0.00291523859373	0.0611020181696	0.0493588712111	0.0597553324933	-0.0881610605701	0.0255259499628	0.0282072976402	0.0307219103032	0.0215474096904	-0.0786600622058	-0.0230814139588	0.0110040540643	-0.02305173391	0.0389621967358	-0.0167324373565	-0.00832624775597	0.0325661384067	-0.0167740910375	-0.0362756138931	-0.0228920186474	-0.048611459393	0.00512464050268	-0.010457486089	0.017211699295
k__Bacteria;p__Bacteroidetes;c__Bacteroidia;o__Bacteroidales;f__Odoribacteraceae;g__Odoribacter;s__Odoribacter_splanchnicus	-0.0301694939049	0.000316574423689	0.0275622954498	-0.0163593759129	-0.0120349496793	-0.0522711230162	0.031333736769	0.0690826093567	-0.00482890869181	-0.0271151432907	-0.036613343457	0.0393683545551	-0.0292278170159	-0.00693238831418	-0.0247287173555	-0.0270616746825	-0.0258966158792	-0.0468660257415	0.0118579334677	1.0	0.060664644895	-0.0557577099577	0.0124879261068	0.0271705625767	0.0898955227664	-0.0185949605847	-0.0754170196776	-0.0201831057289	0.0144062260471	0.00861589703978	0.00430044939419	0.0453357350969	0.0134622469233	-0.028292545893	-0.0214240182298	-0.0177191142278	-0.0592985176818	-0.071513376202	-0.0248571243425	0.127686573052	0.00911790985157	-0.0334916914252	0.0319551574486	-0.0214799065582	-0.0429270031966	-0.0670200155987	0.0289774559105	-0.0243486627377	-0.0501615051694	0.0257026898002	-0.0499698798165	-0.0267195144644	0.0275743094968	0.013995632181	-0.0523511544759	-0.0406703465439	0.00525422305765	-0.038299860723	0.0322190975431
k__Bacteria;p__Bacteroidetes;c__Bacteroidia;o__Bacteroidales;f__Bacteroidaceae;g__Bacteroides;s__Bacteroides_salyersiae	-0.0240437751731	-0.0578906667161	0.0133369317152	-0.0509990357616	-0.0624735147644	-0.0170016655163	-0.0213833948712	-0.0502890184222	-0.0821322598998	0.0628133331811	0.0176744623855	0.0420982359873	0.0244864291507	-0.0317634825499	-0.0337856080867	0.0189419938707	0.0028399414605	-0.0161877235701	-0.0109560435274	0.060664644895	1.0	0.0312655887508	-0.00199872259361	-0.00265831342505	-0.0158202334936	-0.0336434496826	0.0472653410537	-0.0335541746463	-0.0116833070112	0.0117040970778	-0.00882817025891	-0.0130249643675	0.0391873128059	-0.00488153222533	-0.0318936183813	-0.0355235826319	-0.0726545793738	-0.105764386582	-0.00424912046414	0.0097846847493	-0.0146902013423	-0.0187687322876	-0.0437401781172	-0.0284939708795	-0.0207777019184	-0.123864090626	-0.000945693088455	-0.0791225174784	0.00708409063928	-0.0181102263025	-0.0186401132271	0.0420955223106	0.0478139254907	0.00172138312639	-0.0300383019161	-0.0155732066752	0.0943682290029	-0.0348598030068	-0.0387602910855
k__Bacteria;p__Firmicutes;c__Clostridia;o__Clostridiales;f__Ruminococcaceae;g__Ruminiclostridium;s__[Eubacterium]_siraeum	-0.00103006574238	-0.0305338690538	-0.0901678570338	-0.016870629239	0.0212226538876	0.000143881436188	0.0113078654586	-0.0432220414764	-0.0127737302913	0.0639775964123	0.0236075575758	0.0303787016147	0.0557746618808	-0.049250619032	-0.0855848573045	0.0161795802559	0.0452889908257	-0.066983044881	-0.0113659414081	-0.0557577099577	0.0312655887509	1.0	-0.00334743339154	0.0214736094416	0.0037628230077	-0.0467664055512	-0.013323466063	-0.00528857953767	-0.0275912387523	0.0720287536562	0.0135573512358	0.0114702532334	-0.0553363855144	-0.0115805078975	0.00742488054941	-0.0347556165333	0.00104519193506	-0.0363962638567	-0.00893255294644	0.0195722713497	-0.0601095964147	0.0101964699405	-0.0283379829867	-0.00766632887233	-0.00362725655904	-0.0307133962068	-0.0207843822467	0.0155457020264	0.0408842049981	-0.0309246276623	0.022006107702	0.0336460672025	0.0359157656425	-0.0285488806329	-0.0441031477164	-0.0526853058098	-0.00605643981199	-5.60653351717e-05	-0.0183979343979
k__Bacteria;p__Proteobacteria;c__Betaproteobacteria;o__Burkholderiales;f__Sutterellaceae;g__Parasutterella;s__Parasutterella_excrementihominis	-0.00936636096872	-0.0147035218352	-0.0128834976993	-0.0213975392381	0.012518571601	-0.0352645994565	-0.0675930101234	-0.0198580218515	-0.0155283761837	-0.00554812015831	-0.0734530744558	0.0127595497231	-0.0052691110339	-0.055400870554	-0.0419613974595	-0.010317947837	0.0206988037615	-0.00302526129559	-0.0806280411411	0.0124879261068	-0.00199872259361	-0.00334743339154	1.0	0.00553266877043	-0.0541281759215	0.0173138298539	-0.0523910367941	-0.0124010421891	-0.00114043471863	-0.0457275778526	-0.0350682869061	-0.0109680917342	0.0109784277848	-0.0632601303462	0.0354857572722	0.0318804571227	0.00503458299482	-0.0266702233112	-0.0663492267878	0.00733980138235	-0.0133190114951	0.0629082456977	-0.0271168840004	0.0419758058055	0.0547372594259	-0.0486914024171	-0.0331632602591	-0.019212775727	0.00251702449883	-0.0608098173172	-0.00484651042229	-0.00108009891442	-0.0373871295868	0.0218802075755	0.0232606048116	-0.0659753249166	-0.0443794674612	-0.0100448348177	0.0179269173319
k__Bacteria;p__Actinobacteria;c__Actinobacteria;o__Bifidobacteriales;f__Bifidobacteriaceae;g__Bifidobacterium;s__Bifidobacterium_adolescentis	-0.056764474129	-0.0676143468364	-0.0655897166149	0.00771143753365	-0.0057018970658	-0.0502894221224	-0.0381458931978	-0.0129130225418	0.0436783318404	0.00173624089307	0.0192991210613	-0.0214836080814	-0.0231595974789	-0.0337165980117	0.00886505888432	-0.0457078625392	0.0364686920316	-0.0619164761966	0.0307097905844	0.0271705625766	-0.00265831342505	0.0214736094416	0.00553266877043	1.0	-0.0228730717334	0.0080662630424	0.0117836950028	-0.0117703928239	-0.000450315437824	-0.0237637422011	0.0202131623357	-0.00174484423091	-0.0979672114151	0.014128731117	-0.0296146976101	-0.00400207332125	-0.0141262059733	0.0713791185585	-0.0187223890663	-0.0404247101923	0.0136411470047	-0.0195057443314	0.0637595634012	-0.0532512690383	-0.0220090320606	0.0592514230366	0.0163154667112	-0.0268766330155	-0.0354104209533	0.00590446783779	0.0258890654612	-0.0640527585867	0.0143413187145	-0.00183487692395	0.00813713436751	-0.0293710460545	-0.062445856885	0.00647988792776	0.0032920596813
k__Bacteria;p__Firmicutes;c__Clostridia;o__Clostridiales;f__Oscillospiraceae;g__Oscillibacter;s__Oscillibacter_sp._KLE_1745	-0.00380813132872	0.0549827827055	-0.0407811039592	-0.0444713323688	0.0245964038771	-0.0564845435699	-0.0143628242279	-0.0464289061577	-0.0469022331547	0.000522705142843	0.0188056680206	-0.00208471479674	0.0224265737767	-0.0293830153073	-0.0683838831391	-0.0658670515324	-0.0480772621281	0.0624544387611	0.0163736432584	0.0898955227664	-0.0158202334936	0.0037628230077	-0.0541281759215	-0.0228730717334	1.0	-0.0176748626447	-0.0120086508116	-0.014606054628	-0.0362489669135	-0.0214847898642	-0.0221088801955	0.0242073290871	0.0780472731837	-0.00377525086027	0.0456405051184	-0.0227015245507	0.0159796777469	-0.0312103066849	-0.0426859580023	0.00526047818879	-0.058597156126	-0.00448989540043	0.00715167349655	-0.0226312257924	-0.0338044813588	0.0349914259187	0.0351794023997	-0.0728020971962	0.0166332226951	0.0784827994517	-0.0145095354999	-0.00323667703167	-0.0215578770149	0.0154158106109	0.0311598238495	-0.0606713934114	0.0210995973238	0.0562215244887	0.0661385212212
k__Bacteria;p__Bacteroidetes;c__Bacteroidia;o__Bacteroidales;f__Bacteroidaceae;g__Bacteroides;s__Bacteroides_coprophilus	-0.0345079091448	0.0425098904417	-0.0182479731566	0.0179417601806	-0.00369601226788	-0.00497205342233	0.0157910242205	-0.0370642705346	0.0384183298647	0.00519684012488	0.0160532274081	-0.0675205717818	0.00282929523463	-0.0198329384454	0.0115474419922	0.00912646219659	-0.0767045291016	-0.000902448169348	0.0215541294696	-0.0185949605847	-0.0336434496826	-0.0467664055512	0.0173138298539	0.0080662630424	-0.0176748626447	1.0	-0.00345592983087	-0.00514215517436	0.0395813365949	-0.0388971824012	-0.0137021959866	0.0115499797191	-0.0257219037199	-0.0159941206823	-0.0217099678506	-0.030523591761	0.0189957747632	0.0145526516534	0.00949487131886	0.0167506651621	-0.00421621919443	0.0359974750024	-0.0392438540681	0.0204102211612	0.0097677472052	-0.00786907774871	-0.013703292661	-0.0260680272456	-0.0678132905952	-0.0118854347504	-0.0363443787814	-0.0251822623241	-0.00458040241749	0.0485006885997	-0.00240120144654	0.0258012646693	-0.00757194883655	-0.0150369644422	-0.0472639207363
k__Bacteria;p__Firmicutes;c__Clostridia;o__Clostridiales;f__Lachnospiraceae;g__Roseburia;s__Roseburia_intestinalis	-0.00739789915995	0.0163030397667	-0.0805604156149	-0.00792053679505	-0.00245820603368	-0.00682646041164	0.00546413779971	-0.0128773436773	0.00114555563845	0.0415731818019	0.00926156132378	-0.0213571953882	-0.0600002221596	0.000539891806564	-0.00338837679432	0.0150382747292	0.00852887454855	0.0429262059255	-0.083138021399	-0.0754170196776	0.0472653410537	-0.013323466063	-0.0523910367941	0.0117836950028	-0.0120086508116	-0.00345592983087	1.0	-0.057477018713	-0.0389331799982	0.0379750345357	-0.0673004699198	-0.0437973460628	-0.0166181091035	-0.0451746748463	-0.00225178301557	-0.0372759708947	-0.00196738345071	-0.0242695159686	-0.0709390511702	0.0513811118755	-0.02941310159	-0.071558033491	-0.0478998824286	-0.0733245227368	-0.075442461085	0.0937579075062	0.00680517165072	-0.0177492083353	0.00465123088523	-0.00355369140448	0.0189353375159	0.0346355858826	-0.0218351512981	-0.0276794867872	-0.0426253397446	-0.0578790767191	-0.00215309346507	-0.00628513726748	-0.00247203383592
k__Bacteria;p__Firmicutes;c__Clostridia;o__Clostridiales;f__Lachnospiraceae;g__Roseburia;s__Roseburia_hominis	0.00717326181487	-0.0554989481164	-0.0246396542453	0.0658078610899	-0.028652457231	-0.0574032521843	-0.00177525222496	0.0690087651736	0.0252601016266	-0.0131511228875	-0.0470496628832	-0.0581186003727	-0.0865634917591	0.0548290921718	0.0366624428678	-0.0294364834318	-0.00701313536297	-0.0185890873135	-0.00435351856079	-0.0201831057289	-0.0335541746463	-0.00528857953767	-0.0124010421891	-0.0117703928239	-0.014606054628	-0.00514215517436	-0.057477018713	1.0	-0.0351203408965	-0.0423679132429	0.0495354662226	-0.00117980394336	-0.0109151446877	0.0087350051239	-0.0227201819633	-0.032251400864	-0.0148917417679	-0.0316212651564	0.0537603775242	-0.0542801087309	-0.0207593512532	-0.0466963727645	0.0525300476308	0.0336433612329	0.0496861961271	-0.0404920156082	0.0267113199479	-0.0216479191239	-0.060681411914	-0.0167622733556	-0.0137244698155	-0.0241771857343	-0.00417868068204	-0.0424072786586	-0.0633212949416	-0.010643902558	0.0323590979624	-0.0501527647406	-0.0216793918092
k__Bacteria;p__Bacteroidetes;c__Bacteroidia;o__Bacteroidales;f__Porphyromonadaceae;g__Parabacteroides;s__Parabacteroides_johnsonii	0.0119507998336	0.0193782272114	-0.03543432379	-0.000798168059859	-0.0155349049411	0.00286709493809	-0.0997029729647	0.0202524744702	0.0175194741177	0.0232952135793	-0.0215379512347	-0.0223524355225	0.0178234580008	-0.0132614436229	0.0436990987648	0.0152299134023	0.00309136584322	-0.0618349818741	0.0048172267746	0.0144062260471	-0.0116833070112	-0.0275912387523	-0.00114043471863	-0.000450315437824	-0.0362489669135	0.0395813365949	-0.0389331799982	-0.0351203408965	1.0	-0.0330396512294	-0.0290188784377	-0.00511962735262	-0.0428168789759	-0.0205394224463	-0.0608601823885	-0.0284835870423	-0.111931456015	0.0376013467442	-0.00378880292507	-0.000491546955472	-0.0823613689356	-0.00821453477504	0.0264704608989	-0.0259980162707	0.0182830512045	0.00038239192654	-0.02427039175	0.0336195873068	-0.0230894154208	0.00267791488356	-0.0473575257989	0.00642135781337	0.0504810225374	0.0178548809133	0.0136562976343	-0.0378920097184	-0.000947841098475	0.00846374023118	0.0122870116776
k__Bacteria;p__Actinobacteria;c__Actinobacteria;o__Bifidobacteriales;f__Bifidobacteriaceae;g__Bifidobacterium;s__Bifidobacterium_longum	-0.0305367367832	-0.000679139214496	0.0034273326685	-3.25848503927e-05	0.00301042735149	-0.0455918601718	-0.0728845666814	-0.0145475692182	0.00704953006393	-0.0133351086808	-0.0405606727544	0.0303813081345	0.0439046239157	0.0171184210907	0.0627582469266	0.0165946153581	0.0157981746414	-0.0370519018974	-0.0405506303633	0.00861589703978	0.0117040970778	0.0720287536562	-0.0457275778526	-0.0237637422011	-0.0214847898642	-0.0388971824012	0.0379750345357	-0.0423679132429	-0.0330396512294	1.0	-0.0452515924245	-0.0671537804743	0.019486303676	-0.108617455992	0.00200790562948	-0.0449756244116	-0.0175484853264	0.0148988371837	0.00545604563216	0.0177368140422	-0.0483144355732	0.0356388377343	-0.0222849067829	-0.0170665105313	-0.014415877663	0.0482724136066	-0.0746804286109	-0.0161725742712	0.0355848714113	-0.0204658505043	-0.0353835868927	0.0325082220897	-0.0511890369489	-0.00139400996818	0.0555239456119	-0.0544506189432	0.00745378132892	0.0325560988155	-0.0288014754323
