#taxonomy	k__Bacteria;p__Bacteroidetes;c__Bacteroidia;o__Bacteroidales;f__Bacteroidaceae;g__Bacteroides;s__Bacteroides_vulgatus	k__Bacteria;p__Bacteroidetes;c__Bacteroidia;o__Bacteroidales;f__Bacteroidaceae;g__Bacteroides;s__Bacteroides_uniformis	k__Bacteria;p__Bacteroidetes;c__Bacteroidia;o__Bacteroidales;f__Rikenellaceae;g__Alistipes;s__Alistipes_putredinis	k__Bacteria;p__Bacteroidetes;c__Bacteroidia;o__Bacteroidales;f__Prevotellaceae;g__Prevotella;s__Prevotella_copri	k__Bacteria;p__Bacteroidetes;c__Bacteroidia;o__Bacteroidales;f__Bacteroidaceae;g__Bacteroides;s__Bacteroides_stercoris	k__Bacteria;p__Bacteroidetes;c__Bacteroidia;o__Bacteroidales;f__Bacteroidaceae;g__Bacteroides;s__Bacteroides_ovatus	k__Bacteria;p__Bacteroidetes;c__Bacteroidia;o__Bacteroidales;f__Rikenellaceae;g__Alistipes;s__Alistipes_shahii	k__Bacteria;p__Firmicutes;c__Clostridia;o__Clostridiales;f__Ruminococcaceae;g__Faecalibacterium;s__Faecalibacterium_prausnitzii	k__Bacteria;p__Bacteroidetes;c__Bacteroidia;o__Bacteroidales;f__Rikenellaceae;g__Alistipes;s__Alistipes_finegoldii	k__Bacteria;p__Bacteroidetes;c__Bacteroidia;o__Bacteroidales;f__Porphyromonadaceae;g__Parabacteroides;s__Parabacteroides_distasonis	k__Bacteria;p__Bacteroidetes;c__Bacteroidia;o__Bacteroidales;f__Bacteroidaceae;g__Bacteroides;s__Bacteroides_thetaiotaomicron	k__Bacteria;p__Bacteroidetes;c__Bacteroidia;o__Bacteroidales;f__Bacteroidaceae;g__Bacteroides;s__Bacteroides_coprocola	k__Bacteria;p__Bacteroidetes;c__Bacteroidia;o__Bacteroidales;f__Bacteroidaceae;g__Bacteroides;s__Bacteroides_cellulosilyticus	k__Bacteria;p__Bacteroidetes;c__Bacteroidia;o__Bacteroidales;f__Rikenellaceae;g__Alistipes;s__Alistipes_obesi	k__Bacteria;p__Firmicutes;c__Clostridia;o__Clostridiales;f__Lachnospiraceae;g__;s__[Eubacterium]_rectale	k__Bacteria;p__Bacteroidetes;c__Bacteroidia;o__Bacteroidales;f__Bacteroidaceae;g__Bacteroides;s__Bacteroides_plebeius	k__Bacteria;p__Bacteroidetes;c__Bacteroidia;o__Bacteroidales;f__Bacteroidaceae;g__Bacteroides;s__Bacteroides_fragilis	k__Bacteria;p__Proteobacteria;c__Betaproteobacteria;o__Burkholderiales;f__Sutterellaceae;g__Sutterella;s__Sutterella_wadsworthensis	k__Bacteria;p__Bacteroidetes;c__Bacteroidia;o__Bacteroidales;f__Porphyromonadaceae;g__Barnesiella;s__Barnesiella_intestinihominis	k__Bacteria;p__Bacteroidetes;c__Bacteroidia;o__Bacteroidales;f__Odoribacteraceae;g__Odoribacter;s__Odoribacter_splanchnicus	k__Bacteria;p__Bacteroidetes;c__Bacteroidia;o__Bacteroidales;f__Bacteroidaceae;g__Bacteroides;s__Bacteroides_salyersiae	k__Bacteria;p__Firmicutes;c__Clostridia;o__Clostridiales;f__Ruminococcaceae;g__Ruminiclostridium;s__[Eubacterium]_siraeum	k__Bacteria;p__Proteobacteria;c__Betaproteobacteria;o__Burkholderiales;f__Sutterellaceae;g__Parasutterella;s__Parasutterella_excrementihominis	k__Bacteria;p__Actinobacteria;c__Actinobacteria;o__Bifidobacteriales;f__Bifidobacteriaceae;g__Bifidobacterium;s__Bifidobacterium_adolescentis	k__Bacteria;p__Firmicutes;c__Clostridia;o__Clostridiales;f__Oscillospiraceae;g__Oscillibacter;s__Oscillibacter_sp._KLE_1745	k__Bacteria;p__Bacteroidetes;c__Bacteroidia;o__Bacteroidales;f__Bacteroidaceae;g__Bacteroides;s__Bacteroides_coprophilus	k__Bacteria;p__Firmicutes;c__Clostridia;o__Clostridiales;f__Lachnospiraceae;g__Roseburia;s__Roseburia_intestinalis	k__Bacteria;p__Firmicutes;c__Clostridia;o__Clostridiales;f__Lachnospiraceae;g__Roseburia;s__Roseburia_hominis	k__Bacteria;p__Bacteroidetes;c__Bacteroidia;o__Bacteroidales;f__Porphyromonadaceae;g__Parabacteroides;s__Parabacteroides_johnsonii	k__Bacteria;p__Actinobacteria;c__Actinobacteria;o__Bifidobacteriales;f__Bifidobacteriaceae;g__Bifidobacterium;s__Bifidobacterium_longum	k__Bacteria;p__Firmicutes;c__Clostridia;o__Clostridiales;f__;g__Flavonifractor;s__Flavonifractor_plautii	k__Bacteria;p__Firmicutes;c__Clostridia;o__Clostridiales;f__Clostridiaceae;g__Clostridium;s__Clostridium_phoceensis	k__Bacteria;p__Verrucomicrobia;c__Verrucomicrobiae;o__Verrucomicrobiales;f__Akkermansiaceae;g__Akkermansia;s__Akkermansia_muciniphila	k__Bacteria;p__Bacteroidetes;c__Bacteroidia;o__Bacteroidales;f__Prevotellaceae;g__Paraprevotella;s__Paraprevotella_xylaniphila	k__Bacteria;p__Firmicutes;c__Clostridia;o__Clostridiales;f__Ruminococcaceae;g__Ruminococcus;s__Ruminococcus_callidus	k__Bacteria;p__Bacteroidetes;c__Bacteroidia;o__Bacteroidales;f__Rikenellaceae;g__Alistipes;s__Alistipes_senegalensis	k__Bacteria;p__Firmicutes;c__Clostridia;o__Clostridiales;f__Lachnospiraceae;g__Blautia;s__Blautia_sp._KLE_1732	k__Bacteria;p__Bacteroidetes;c__Bacteroidia;o__Bacteroidales;f__Bacteroidaceae;g__Bacteroides;s__Bacteroides_oleiciplenus	k__Bacteria;p__Firmicutes;c__Clostridia;o__Clostridiales;f__Ruminococcaceae;g__Ruminococcus;s__Ruminococcus_bicirculans	k__Bacteria;p__Bacteroidetes;c__Bacteroidia;o__Bacteroidales;f__Bacteroidaceae;g__Bacteroides;s__Bacteroides_fluxus	k__Bacteria;p__Bacteroidetes;c__Bacteroidia;o__Bacteroidales;f__Prevotellaceae;g__Prevotella;s__Prevotella_stercorea	k__Bacteria;p__Firmicutes;c__Clostridia;o__Clostridiales;f__Lachnospiraceae;g__Dorea;s__Dorea_longicatena	k__Bacteria;p__Firmicutes;c__Clostridia;o__Clostridiales;f__Eubacteriaceae;g__Eubacterium;s__[Eubacterium]_eligens	k__Bacteria;p__Firmicutes;c__Clostridia;o__Clostridiales;f__Ruminococcaceae;g__;s__Ruminococcaceae_bacterium_D16	k__Bacteria;p__Firmicutes;c__Clostridia;o__Clostridiales;f__Lachnospiraceae;g__Coprococcus;s__Coprococcus_comes	k__Bacteria;p__Proteobacteria;c__Gammaproteobacteria;o__Enterobacterales;f__Enterobacteriaceae;g__Escherichia;s__Escherichia_coli	k__Bacteria;p__Firmicutes;c__Clostridia;o__Clostridiales;f__Ruminococcaceae;g__Anaerotruncus;s__Anaerotruncus_colihominis	k__Bacteria;p__Firmicutes;c__Clostridia;o__Clostridiales;f__Lachnospiraceae;g__Blautia;s__Blautia_obeum	k__Bacteria;p__Bacteroidetes;c__Bacteroidia;o__Bacteroidales;f__Odoribacteraceae;g__Odoribacter;s__Odoribacter_laneus	k__Bacteria;p__Firmicutes;c__Clostridia;o__Clostridiales;f__Ruminococcaceae;g__Ruminiclostridium;s__[Clostridium]_leptum	k__Bacteria;p__Bacteroidetes;c__Bacteroidia;o__Bacteroidales;f__Porphyromonadaceae;g__Parabacteroides;s__Parabacteroides_goldsteinii	k__Bacteria;p__Firmicutes;c__Clostridia;o__Clostridiales;f__Lachnospiraceae;g__Anaerostipes;s__Anaerostipes_hadrus	k__Bacteria;p__Firmicutes;c__Clostridia;o__Clostridiales;f__Ruminococcaceae;g__Ruminococcus;s__Ruminococcus_lactaris	k__Bacteria;p__Firmicutes;c__Clostridia;o__Clostridiales;f__Clostridiaceae;g__Clostridium;s__Clostridium_sp._L2-50	k__Bacteria;p__Firmicutes;c__Clostridia;o__Clostridiales;f__Clostridiaceae;g__Clostridium;s__Clostridium_sp._M62/1	k__Bacteria;p__Firmicutes;c__Clostridia;o__Clostridiales;f__;g__Intestinimonas;s__Intestinimonas_butyriciproducens	k__Bacteria;p__Actinobacteria;c__Actinobacteria;o__Bifidobacteriales;f__Bifidobacteriaceae;g__Bifidobacterium;s__Bifidobacterium_bifidum	k__Bacteria;p__Firmicutes;c__Negativicutes;o__Veillonellales;f__Veillonellaceae;g__Dialister;s__Dialister_invisus	k__Bacteria;p__Bacteroidetes;c__Bacteroidia;o__Bacteroidales;f__Bacteroidaceae;g__Bacteroides;s__Bacteroides_salanitronis
k__Bacteria;p__Bacteroidetes;c__Bacteroidia;o__Bacteroidales;f__Bacteroidaceae;g__Bacteroides;s__Bacteroides_vulgatus	1.0	-0.00754128094248	-0.0530482755995	0.0263640267719	-0.00913375780066	0.0107114756848	-0.027087544258	-0.0352809413144	-0.0249639785848	-0.0223156271053	-0.0307590883521	0.0141956470261	0.0193805281304	0.0235164408852	-0.00343678480308	-0.00884347262564	0.0502208675792	-0.065866496381	0.0498461999612	0.0219129629946	-0.0661517310487	-0.0177786533802	-0.0312109571039	-0.030229041776	0.0337816121962	-0.0123754222649	-0.0391883360851	-0.0830921780152	-0.0292022808377	-0.0213291840005	-0.014694149081	-0.0459547931388	-0.0243279360032	-0.0299851479175	0.064726325872	0.0358812154626	0.00525320244183	0.0181628038931	-0.00387952057023	-0.0124628826344	-0.0211422608174	-0.041976848207	0.00410663336609	-0.0331287225342	0.000827117829754	0.00784769076967	0.0174445537241	0.0380583974629	0.0108336044887	0.00436128993152	-0.0222192061083	-0.0838111990068	-0.00692356305635	-0.00427423306056	0.0268864822018	-0.00555925799879	-0.0281982656306	0.061477311664	0.0515326075443
k__Bacteria;p__Bacteroidetes;c__Bacteroidia;o__Bacteroidales;f__Bacteroidaceae;g__Bacteroides;s__Bacteroides_uniformis	-0.00754128094248	1.0	-0.100618864099	-0.00988435593635	-0.0313765899856	0.0178304013026	0.0463139496752	-0.0652700534269	0.00111729835829	0.0488574624175	-0.0189294513233	-0.00655947420758	-0.00205767722725	-0.0359622819735	0.0248678575751	-0.0417319872326	-0.0179192166636	-0.0179248942858	0.012244502004	-0.0320860079653	0.0536224872217	-0.0395337803635	-0.00992568583683	-0.0148169121165	-0.027147639591	-0.0793936464943	0.0010633236455	-0.0903115598967	-0.0421722422366	0.0279003831586	0.00124807723431	0.0480027992195	-0.0496991943571	-0.0110226298753	-0.0636074755025	0.0365338663923	0.026070325773	0.0651846984616	-0.0115538310556	0.00744181113996	0.0183547450061	-0.0320227513424	0.0162117658052	-0.0835163344688	-0.0113187507896	-0.00173407106802	0.0490068240676	-0.0144216316373	0.00853030884025	-0.0209944816686	-0.0340623787595	-0.0309178238079	-0.0438538664215	0.0801398365701	-0.0443903050345	-0.0336400037894	0.046628808417	-0.0117461918046	0.0294854842563
k__Bacteria;p__Bacteroidetes;c__Bacteroidia;o__Bacteroidales;f__Rikenellaceae;g__Alistipes;s__Alistipes_putredinis	-0.0530482755995	-0.100618864099	1.0	0.0121469760357	-0.0144534469954	-0.00470754828643	0.00323711553801	0.00920801858556	0.0468847030725	0.00717835372221	-0.00314026599076	-0.019632327196	-0.0599914411554	-0.0436670513548	-0.064559633326	-0.0122753004889	-0.0567444647328	-0.032166681487	0.0298712181432	-0.026597793171	-0.10754265101	-0.0135213588538	0.0568126153395	-0.0120529178516	0.0139406441383	-0.0384737542024	-0.0343797016054	0.0407574342941	0.0230287005042	0.00394223255286	-0.0012430022588	-0.0741757940996	-0.0139365491338	0.0536585456432	0.0124032685124	0.0141837306959	0.0424778779908	0.023697122248	0.0019959151813	0.0105691434274	-0.0149117205261	0.0229621390084	0.00349381820647	-0.0201760554985	-0.111347493269	-0.0120302037403	0.037150610541	0.0082202275332	-0.0647663499649	0.0326780962991	0.00745651960499	-0.0420541758554	0.00191530563072	0.0554001996794	0.0230277139496	-0.0539898986768	-0.040028014454	-0.0371274413684	0.0243185096678
k__Bacteria;p__Bacteroidetes;c__Bacteroidia;o__Bacteroidales;f__Prevotellaceae;g__Prevotella;s__Prevotella_copri	0.0263640267719	-0.00988435593635	0.0121469760357	1.0	-0.0520315589711	-0.0219285771649	-0.0420098906601	-0.0544496303627	0.00562643454227	0.0318233098351	0.000739801215045	-0.0482577181119	0.036452735138	-0.00916146623105	0.0471210396987	0.0228557817692	-0.00839564683823	0.0128585155998	-0.0271779872028	-0.0208899453308	-0.0181874421666	0.0757523602123	0.0441461075866	0.0120440396979	0.0173738563139	-0.0608395720494	-0.0345781477017	-0.0669262743901	0.020878631811	0.0239747204988	0.0538225434226	0.0199663680772	0.0268226100113	-0.0567989510563	0.0413351488649	-0.026392592585	0.000672183666811	-0.0434369335627	-0.096505423026	-0.00237379999934	-0.0575442367865	-0.0544310474892	0.0926711595839	0.0140428224059	-0.0893355705042	0.0362829985087	-0.0235467317803	0.00729533914794	-0.0147931960203	0.00920261822659	-0.0752425937969	-0.00075343530483	-0.00981627078175	-0.122861987875	0.00977777759818	-0.0215421648265	0.0112899186264	-0.00579850203729	0.0386004910669
k__Bacteria;p__Bacteroidetes;c__Bacteroidia;o__Bacteroidales;f__Bacteroidaceae;g__Bacteroides;s__Bacteroides_stercoris	-0.00913375780066	-0.0313765899856	-0.0144534469954	-0.0520315589711	1.0	-0.0544911768345	0.0352972200813	0.0272023246043	-0.0596146884606	0.0262121409284	-0.0328108932603	-0.0261702078321	-0.0233576646409	0.0343791190154	-0.00124695882086	-0.0443221214422	0.0397801769423	-0.0584968309625	0.0298750043681	0.0311500462398	0.0412371283948	-0.0333761214222	-0.00281972160115	0.0412860272864	-0.0451041260614	-0.0097673218116	0.0359249035677	-0.000703380905606	-0.0235568465263	-0.0366810196667	0.00834730573657	0.0117260595977	-0.0226822606309	0.0368786067761	0.0419484959713	-0.0124100807134	-0.0478015575724	0.00252784113065	-0.0853576944259	0.0295886877989	-0.0177338381919	0.0426947416642	0.103574157245	0.0327178666164	-0.0833310508329	0.068864611508	-0.058218758601	0.0168632721445	-0.0653037911172	-0.0108639737932	-0.00771860861905	-0.0357445018541	-0.00751246443514	-0.0655512600222	0.0497620282715	-0.0261169513464	0.0142365647282	-0.00683201789346	0.0223617147393
k__Bacteria;p__Bacteroidetes;c__Bacteroidia;o__Bacteroidales;f__Bacteroidaceae;g__Bacteroides;s__Bacteroides_ovatus	0.0107114756848	0.0178304013026	-0.00470754828643	-0.0219285771649	-0.0544911768345	1.0	0.0630919561514	-0.0392946621767	0.0399428140496	-0.0364095296231	-0.0459721574086	-0.00881636846886	-0.0241265008328	-0.0444454580316	-0.0343805353184	0.00574358956064	-0.0333981779534	0.0190978788735	0.0125930110009	0.0317962965217	0.0338827970033	-0.00745517445633	-0.00688202980965	-0.0354062434996	-0.0442153783209	0.00301594219428	-0.0418792032944	-0.0293725959586	-0.00585615359412	0.0681888284088	-0.0558621014058	0.0226483877198	0.0104715859465	-0.0071595852486	-0.0129467555358	-0.00246790014334	-0.0616539747668	-0.0170960247081	-0.0253883252347	-0.0700686440516	0.0385259998172	-0.0109052281331	-0.0358996906755	-0.0106990759367	-0.0589202669311	-0.00267103000922	7.71622002519e-05	-0.0632479942336	0.00299497591371	-0.0553402622452	0.0268869956411	-0.0143785508744	-0.0939272543092	-0.0333132250238	0.00275487375011	0.00909016436799	-0.0511293882047	0.0313034233676	-0.00401608499534
k__Bacteria;p__Bacteroidetes;c__Bacteroidia;o__Bacteroidales;f__Rikenellaceae;g__Alistipes;s__Alistipes_shahii	-0.027087544258	0.0463139496752	0.00323711553801	-0.0420098906601	0.0352972200813	0.0630919561514	1.0	-0.101598044774	0.0807802810215	-0.0174206205118	0.0584068237158	-0.0242507673068	-0.0348255811291	0.0338558394993	-0.0667615189274	-0.0438754482556	0.0380956926364	0.0276703459199	0.0347219387363	0.0240924902962	0.0162798997837	-0.0889387415818	-0.0145303010661	-0.0547752815015	-0.0108329658268	-0.0128482343903	-0.00658335187658	0.0200819429311	-0.0247487182698	-0.0334369622128	-0.0266351140424	-0.000995619869165	-0.0429377971767	0.0145618589354	0.00220984920189	-0.0195133015005	-0.0659015713554	-0.00931196748685	0.0466689289914	0.0501215271539	-0.00453077222149	0.0123248736083	-0.0200508660047	-0.0417709108589	-0.0119724326057	0.00293211308603	0.0156518702791	-0.019504348889	0.00428346334878	0.018182554511	0.056042763789	-0.0794360293423	-0.00993911384035	0.00319619280781	-0.0381420394867	-0.0320248069025	0.00956334264885	-0.0180166410015	0.00224917248568
k__Bacteria;p__Firmicutes;c__Clostridia;o__Clostridiales;f__Ruminococcaceae;g__Faecalibacterium;s__Faecalibacterium_prausnitzii	-0.0352809413144	-0.0652700534269	0.00920801858556	-0.0544496303627	0.0272023246043	-0.0392946621767	-0.101598044774	1.0	-0.0382078356577	-0.0283165069898	-0.0423231257686	0.126610457028	-0.00721477189562	-0.0288292344437	-0.0283154842489	0.0290664967722	0.0179840998873	0.0592306193495	-0.0429086194912	0.013403874799	-0.0597158473585	0.00880495394954	0.0195016175268	0.0110103833997	0.0180474135391	-0.077907320375	-0.0194231111116	0.00250948530934	0.0113526377405	-0.0160633039884	-0.0122251231981	-0.0108313020438	-0.0180161950722	-0.0872838461488	-0.0421102324639	0.0130591496385	-0.0104189003687	-0.026266855693	-0.008706687715	0.0278155079126	-0.00316661009654	-0.0753809594105	-0.0721582716418	-0.0024799886623	0.0632143176915	-0.0218851600477	0.00420039654257	0.00474488875252	0.0329848777836	-0.0574831390168	0.0238666484841	-0.0320504515474	0.0255905860022	0.0419922906735	-0.0387238009687	-0.0218501350044	-0.101108198631	-0.0442584320438	-0.0862276818542
k__Bacteria;p__Bacteroidetes;c__Bacteroidia;o__Bacteroidales;f__Rikenellaceae;g__Alistipes;s__Alistipes_finegoldii	-0.0249639785848	0.00111729835829	0.0468847030725	0.00562643454227	-0.0596146884606	0.0399428140496	0.0807802810215	-0.0382078356577	1.0	0.0794723140006	-0.063963535883	-0.0235410931807	-0.0146098030689	-0.019037012831	-0.0385977131798	-0.0237235880089	-0.0654390189572	0.0648814006203	-0.00675758773199	-0.0936614740168	-0.00653366706498	0.0248299912437	0.0113933260848	-0.0857491682753	-0.0341181861888	-0.00634145962481	-0.0545733823943	0.0149405087177	0.0125534667758	-0.00323011145596	-0.058747249832	0.0235192939087	-0.151129143258	-0.0303989276337	-0.0281762997258	-0.00958560434941	-0.0159348387295	-0.00597009880522	-0.0159360781305	-0.0595776398785	-0.0182957239992	0.0504424282579	-0.0329317200721	0.0238384025444	-0.118723991514	0.00849830598166	-0.00804042859349	-0.0284349791756	-0.0219311074024	0.00705227633246	-0.0155237011084	0.013321815937	0.00526092949712	-0.0258902855887	0.038909599478	-0.0230787350714	-0.0333684141816	-0.0323655552038	0.0276327533511
k__Bacteria;p__Bacteroidetes;c__Bacteroidia;o__Bacteroidales;f__Porphyromonadaceae;g__Parabacteroides;s__Parabacteroides_distasonis	-0.0223156271053	0.0488574624175	0.00717835372221	0.0318233098351	0.0262121409284	-0.0364095296231	-0.0174206205118	-0.0283165069898	0.0794723140006	1.0	-0.0065057982736	-0.032513289913	-0.0498559583977	0.0050951435007	0.0144760720196	-0.0298760812696	0.0214792875435	-0.0378814195385	-0.00330345958166	-0.00961391029595	0.0342355245647	0.0425699373764	-0.0639692164367	0.0628090523284	-0.00147632850525	-0.0521354591704	0.0481611360869	-0.0202104092047	-0.0445454123132	-0.04108077513	-0.0266765051875	-0.018114660232	-0.0857073312594	0.034353537776	0.017033695716	-0.0391245842388	-0.0297485454199	-0.0019706928692	-0.0131911921445	-0.0222972996236	-0.000520510621037	0.0354171585202	-0.0669708169068	-0.0737709582194	0.0618318936239	-0.0161876119679	-0.0603472722625	-0.0219629584298	-0.0481112476182	-0.0580289609842	-0.0213674105217	0.0966368038372	0.0491126946807	0.0431543915463	0.0634906483378	-0.0966611865277	0.0319279491338	-0.0329800699645	0.0273892060325
k__Bacteria;p__Bacteroidetes;c__Bacteroidia;o__Bacteroidales;f__Bacteroidaceae;g__Bacteroides;s__Bacteroides_thetaiotaomicron	-0.0307590883521	-0.0189294513233	-0.00314026599076	0.000739801215044	-0.0328108932603	-0.0459721574086	0.0584068237158	-0.0423231257686	-0.063963535883	-0.0065057982736	1.0	0.00163953187183	-0.073178372311	0.0200636758262	-0.0287377407737	-0.013321063654	-0.0376066007518	0.0176399006058	-0.0342411886789	-0.0180539181226	0.00429523644302	-0.00599223013611	-0.0331178652737	-0.023381897412	0.00795181424695	0.0205027389162	0.0366906941969	-0.054731401289	-0.0129720763563	0.00663976304855	0.002790607333	-0.0184054408631	0.0460044970247	0.0422672149891	0.00203406584041	-0.0321019879095	-0.0117055187249	0.0428598204189	-0.0168922844876	0.00142658189402	0.0234218942368	-0.0369464175823	0.0233365949854	0.0098183447013	-0.048486704458	0.0167448272379	-0.00802834149058	-0.0774721314173	-0.0242863235067	-0.0382769294201	0.0542999800029	0.0127314719512	0.0246681410695	-0.0302391476774	0.0233286635265	0.0123358419376	-0.00150927672413	-0.0155165584412	-0.0369882342668
k__Bacteria;p__Bacteroidetes;c__Bacteroidia;o__Bacteroidales;f__Bacteroidaceae;g__Bacteroides;s__Bacteroides_coprocola	0.0141956470261	-0.00655947420758	-0.019632327196	-0.0482577181119	-0.0261702078321	-0.00881636846886	-0.0242507673068	0.126610457028	-0.0235410931807	-0.032513289913	0.00163953187183	1.0	-0.047258213505	-0.0664775413768	-0.00111000826504	-0.0321769794614	-0.0094400328904	-0.0649461317302	0.0239225880446	0.0384039072706	-0.0585978729014	-0.0402816653114	0.0411053791787	-0.0250611791854	0.0203983811718	0.00574243080844	0.0320998858617	0.0219779181995	0.0129037847809	-0.0479042169119	-0.0610570064102	-0.0264044850087	-0.00527100417545	-0.0665266633419	-0.0559555939585	0.0428981042235	0.0164697089963	0.0117538746317	-0.0199301913433	0.0462166928667	-0.00208845768597	-0.082482494781	-0.076928325106	-0.0173588957106	-0.00493098535186	0.0411874549632	0.0196278596529	-0.0262382716316	-0.00913518537353	0.00372979013733	0.0546374785955	0.0745290681044	0.0185297286423	0.00198258446872	-0.0152720746942	-0.00343397453088	-0.0345697475667	-0.0128325057014	0.0012918257784
k__Bacteria;p__Bacteroidetes;c__Bacteroidia;o__Bacteroidales;f__Bacteroidaceae;g__Bacteroides;s__Bacteroides_cellulosilyticus	0.0193805281304	-0.00205767722725	-0.0599914411554	0.036452735138	-0.0233576646409	-0.0241265008328	-0.0348255811291	-0.00721477189562	-0.0146098030689	-0.0498559583977	-0.073178372311	-0.047258213505	1.0	0.0434340800007	0.0527700349619	-0.0324334976843	-0.00374015555654	0.0514132103624	-0.0374924482899	-0.0382986046444	0.0265168834517	-0.018692654565	-0.0010314068674	0.0338534210975	-0.0510789017523	-0.000588195201697	-0.0668868238938	0.0101511995476	-0.00413107848865	0.0144588106291	0.00537041743703	0.0655974358322	-0.023364027425	-0.00559727248005	-0.0342766212128	0.014286238457	-0.00362776005799	0.0474305029966	-0.0933473383427	-0.000263757576499	-0.0151407200196	-0.0343063605607	0.0218580567847	0.00612544862056	-0.0154952098216	0.0439933640736	0.0828299762686	-0.00800957826704	0.0378190305896	0.01334521751	-0.0403975794948	-0.0494289589462	-0.0262103959801	-0.0176985526325	-0.0199421949011	-0.0122813146012	-0.0137211570784	0.0144015320946	-0.0106407806359
k__Bacteria;p__Bacteroidetes;c__Bacteroidia;o__Bacteroidales;f__Rikenellaceae;g__Alistipes;s__Alistipes_obesi	0.0235164408852	-0.0359622819735	-0.0436670513548	-0.00916146623105	0.0343791190154	-0.0444454580316	0.0338558394993	-0.0288292344437	-0.019037012831	0.0050951435007	0.0200636758262	-0.0664775413768	0.0434340800007	1.0	-0.0758552832907	0.0226008610162	0.0777039835028	-0.0278907344331	0.0362324667131	0.0135978439123	0.0166574651016	1.54179383184e-05	0.0107011718082	0.00501376543077	0.0284055111939	0.021651175647	-0.0642422893314	-0.0102463786041	0.0161513220869	0.00466046664371	0.0860258660142	0.0221480169842	0.0225603166905	-0.0441107271733	-0.0111632138802	-0.0310492945455	-0.0816988184656	0.0385729803924	0.0755344360521	0.0102544717924	-0.0714830174687	0.00566437180084	0.0346251628432	-0.0571351385067	-0.027864045527	-0.0390915331999	-0.125083121583	0.0082791603255	-0.0269051810852	-0.0379846701873	-0.0209049630217	0.0564802247937	0.0136571232891	0.0256904545422	-0.0514142782872	-0.0698854388119	-0.0383939603799	-0.0445772069066	-0.0630989429537
k__Bacteria;p__Firmicutes;c__Clostridia;o__Clostridiales;f__Lachnospiraceae;g__;s__[Eubacterium]_rectale	-0.00343678480308	0.0248678575751	-0.064559633326	0.0471210396987	-0.00124695882086	-0.0343805353184	-0.0667615189274	-0.0283154842489	-0.0385977131798	0.0144760720196	-0.0287377407737	-0.00111000826504	0.0527700349619	-0.0758552832907	1.0	-0.0532093110515	-0.053641171893	0.00309308535179	-0.0258742151319	0.00418915741311	-0.0244052811094	-0.0362902970368	-0.0394322529236	-0.0464771210655	-0.00792610693151	0.0282848379723	0.0594120426383	-0.0314193169335	-0.0410449579886	-0.0376513858982	0.0547303657128	-0.0106732220659	0.0373900096715	0.0437855420758	-0.0932805203267	-0.0346202352267	0.0151109832991	-0.0320252395619	-0.0435128181415	0.0869882430023	0.0270125161969	-0.0948510248703	0.0108846430863	-0.0322461685172	0.0152859447017	-0.0644779561297	0.0166498493791	0.005948850055	0.0183707807086	-0.0176676458354	-0.0121872265113	0.0459136538111	-0.0131385669677	0.0109878494888	0.0128254025023	0.00591643372784	0.0311368218627	-0.0177359614883	-0.00566631710414
k__Bacteria;p__Bacteroidetes;c__Bacteroidia;o__Bacteroidales;f__Bacteroidaceae;g__Bacteroides;s__Bacteroides_plebeius	-0.00884347262564	-0.0417319872326	-0.0122753004889	0.0228557817692	-0.0443221214422	0.00574358956064	-0.0438754482556	0.0290664967722	-0.0237235880089	-0.0298760812696	-0.013321063654	-0.0321769794614	-0.0324334976843	0.0226008610162	-0.0532093110515	1.0	0.00116343748077	0.00777120469501	0.00110633456341	-0.0323666556961	0.0531916696241	-0.0233610414358	0.023285828244	0.0536405188584	-0.0497394185906	-0.0691067125591	-0.101109397568	0.0667707223124	-5.03530435656e-05	0.0121751708937	0.0335959917375	0.00434704940312	-0.000177240714425	-0.0106775816273	0.0709040390282	0.030473739741	0.000163303569867	0.0270267533179	-0.0408057992055	0.0275027670338	0.022299511552	0.0189854041918	-0.0496034576892	0.060280252968	-0.00718693112176	-0.0630429720683	0.00525450317827	-0.0321734825334	0.0167537405627	-0.0641546714768	0.0227041934723	-0.100794292647	-0.0140644100776	0.0339496845666	-0.0136882293125	0.0474259560604	-0.0863795473023	0.0103024112115	-0.0446351331066
k__Bacteria;p__Bacteroidetes;c__Bacteroidia;o__Bacteroidales;f__Bacteroidaceae;g__Bacteroides;s__Bacteroides_fragilis	0.0502208675792	-0.0179192166636	-0.0567444647328	-0.00839564683823	0.0397801769423	-0.0333981779534	0.0380956926364	0.0179840998873	-0.0654390189572	0.0214792875435	-0.0376066007518	-0.0094400328904	-0.00374015555654	0.0777039835028	-0.053641171893	0.00116343748077	1.0	-0.0712678610843	-0.0658135949181	0.0570997003239	0.0164059917615	-0.0124382277519	-0.0564570470358	-0.0169288005006	-0.00554454944368	0.028972707286	0.00682404973962	0.0582586958648	0.0304749662628	0.00983532766781	0.0180351334563	-0.00507797772971	0.00654092742609	0.044237941637	-0.0371008743225	-0.00460329081027	-0.0389433681078	-0.00769345129004	-0.0576917720698	-0.0219330034495	-0.0625275373973	0.0469937148256	-0.047791438537	0.0678856941448	-0.00799616381128	-0.0092276185718	0.0201772970866	-0.0439392219632	0.0322794122674	-0.0109378742252	0.0111147899449	-0.00549876963523	0.0438129263148	-0.0901912841665	-0.0530213430326	0.000405564139686	-0.00180296427403	0.0737816418124	0.000831932388202
k__Bacteria;p__Proteobacteria;c__Betaproteobacteria;o__Burkholderiales;f__Sutterellaceae;g__Sutterella;s__Sutterella_wadsworthensis	-0.065866496381	-0.0179248942858	-0.032166681487	0.0128585155998	-0.0584968309625	0.0190978788735	0.0276703459199	0.0592306193495	0.0648814006203	-0.0378814195385	0.0176399006058	-0.0649461317302	0.0514132103624	-0.0278907344331	0.00309308535179	0.00777120469501	-0.0712678610843	1.0	0.0131104688596	-0.00367649739448	-0.000127025138969	0.0155397531427	-0.00547407596344	0.0335733815533	-0.0216951736407	0.0465915488551	0.0200614124523	0.0163372495089	0.00451962127941	0.0432227393557	-0.00529385273323	0.0658791470359	0.00141168854454	-0.00574841123061	-0.0834082730143	0.0660704024839	-0.106606583849	-0.0372522064398	-0.0717326042001	-0.00590943434105	-0.0191180354257	-0.0378767786823	0.0375084880524	0.0153653391271	0.0384952091638	0.00743579799818	-0.0252034677503	-0.0205996148138	0.0620333807217	0.0118974944289	0.0194032061478	-0.00100700648659	-0.0318675157617	-0.0748122719864	0.00472686116059	-0.0847703112034	-0.0537622188167	-0.0383434146081	-0.0368720804909
k__Bacteria;p__Bacteroidetes;c__Bacteroidia;o__Bacteroidales;f__Porphyromonadaceae;g__Barnesiella;s__Barnesiella_intestinihominis	0.0498461999612	0.012244502004	0.0298712181432	-0.0271779872028	0.0298750043681	0.0125930110009	0.0347219387363	-0.0429086194912	-0.00675758773199	-0.00330345958166	-0.0342411886789	0.0239225880446	-0.0374924482899	0.0362324667131	-0.0258742151319	0.00110633456341	-0.0658135949181	0.0131104688596	1.0	-0.0527867553765	-0.0111776242977	-0.0147016228453	-0.0342109471567	-0.0822558240288	0.0176251360485	-0.0435841777155	-0.0288001356169	-0.0250291947523	-0.0154464692548	-0.0084890325054	-0.0124437818038	-0.00846663184469	0.0833866135605	-0.000403071880286	-0.0165692325547	-0.041859867388	-0.00162828392771	-0.0259859873742	0.0303732490162	-0.120837544245	0.0419971576809	-0.0161339793567	0.0334284666303	-0.0277438154943	-0.0160521204942	-0.0180964386973	-0.0534368639998	0.0650184928005	-0.00483974665424	-0.00259467276199	0.0230637668088	-0.00509625612376	0.026754097542	0.0136114412215	-0.0482585916717	-0.0525822411745	0.00468191815239	2.59773898709e-05	0.0499416702077
k__Bacteria;p__Bacteroidetes;c__Bacteroidia;o__Bacteroidales;f__Odoribacteraceae;g__Odoribacter;s__Odoribacter_splanchnicus	0.0219129629946	-0.0320860079653	-0.026597793171	-0.0208899453308	0.0311500462398	0.0317962965217	0.0240924902962	0.013403874799	-0.0936614740168	-0.00961391029595	-0.0180539181226	0.0384039072706	-0.0382986046444	0.0135978439123	0.00418915741311	-0.0323666556961	0.0570997003239	-0.00367649739448	-0.0527867553765	1.0	0.108264847379	-0.00985523839767	-0.082472112021	0.0119028716032	0.0142891204396	0.0421362194079	-0.0141207824382	-0.0831346501252	0.0194704043942	-0.0169119174889	-0.000128676471395	0.0047165013181	-0.0146004839023	0.118598036192	-0.0374294180425	0.038024491249	0.000495393259448	0.017581716816	0.0307458455495	0.0372014177688	0.0494166422987	-0.065622178356	-0.0284520195274	0.0104727723859	0.0343547029558	-0.107708120948	-0.0721663148443	-0.00418996922481	-0.0282208306752	0.0579040758187	0.039335116107	0.0143967328224	-0.0241364816363	-0.0154468578395	-0.0779659610501	0.0250005917115	0.0153685914312	0.0355509023371	-0.0732173667964
k__Bacteria;p__Bacteroidetes;c__Bacteroidia;o__Bacteroidales;f__Bacteroidaceae;g__Bacteroides;s__Bacteroides_salyersiae	-0.0661517310487	0.0536224872217	-0.10754265101	-0.0181874421666	0.0412371283948	0.0338827970033	0.0162798997837	-0.0597158473585	-0.00653366706498	0.0342355245647	0.00429523644302	-0.0585978729014	0.0265168834517	0.0166574651016	-0.0244052811094	0.0531916696241	0.0164059917615	-0.00012702513897	-0.0111776242977	0.108264847379	1.0	-0.0176573003505	-0.0346725709874	-0.00677724706404	0.00646938778112	-0.0157128631763	-0.0276667237473	-0.0231685912874	-0.0145371316803	-0.0263127686496	-0.00749363068424	-0.0667981358548	-0.0429079400645	0.02269922677	-0.0359918595246	-0.0779430825933	0.0368281455445	0.00282530042489	-0.026218232916	0.0232944839961	-0.00748693714028	-0.0428297593563	-0.0256850376951	-0.0117767951171	0.0282870765448	-0.000172527103701	-0.0419051338816	0.0345161280477	-0.0570899647186	-0.0247548814521	0.0131727113818	0.0321806211942	0.121499953459	-0.00791386324903	-0.0161154488387	0.0250147353856	-0.00075355083981	0.0553449654726	-4.20704419311e-05
k__Bacteria;p__Firmicutes;c__Clostridia;o__Clostridiales;f__Ruminococcaceae;g__Ruminiclostridium;s__[Eubacterium]_siraeum	-0.0177786533802	-0.0395337803635	-0.0135213588538	0.0757523602123	-0.0333761214222	-0.00745517445633	-0.0889387415818	0.00880495394954	0.0248299912437	0.0425699373764	-0.00599223013611	-0.0402816653114	-0.018692654565	1.54179383184e-05	-0.0362902970368	-0.0233610414358	-0.0124382277519	0.0155397531427	-0.0147016228453	-0.00985523839767	-0.0176573003505	1.0	0.00143560922447	0.0347021969802	0.016751995065	0.0026265671263	0.027838385301	0.0224934066886	-0.0128075730544	-0.0956318397247	0.0287798697321	0.0097670440697	-0.0237894071922	-0.0692849584777	-0.031730476205	0.0128597407789	-0.0919292536451	0.0397021600169	0.0608207143402	-0.0323562617472	-0.0377202212479	-0.00439245514026	-0.0578084975341	-0.0220703202072	-0.0552068822824	-0.0831950068187	-0.0417640240033	-0.00596848423043	-0.0480738537632	6.73928422786e-05	0.00249975578604	-0.00505431835497	-0.0236129390437	-0.0303179882462	0.0254602010265	0.0527236296897	-0.0226829906309	-0.043316811681	0.0583245261878
k__Bacteria;p__Proteobacteria;c__Betaproteobacteria;o__Burkholderiales;f__Sutterellaceae;g__Parasutterella;s__Parasutterella_excrementihominis	-0.0312109571039	-0.00992568583683	0.0568126153395	0.0441461075866	-0.00281972160115	-0.00688202980965	-0.0145303010661	0.0195016175268	0.0113933260848	-0.0639692164367	-0.0331178652737	0.0411053791787	-0.0010314068674	0.0107011718082	-0.0394322529236	0.023285828244	-0.0564570470358	-0.00547407596344	-0.0342109471567	-0.082472112021	-0.0346725709874	0.00143560922447	1.0	-0.0606148882462	0.0215487283872	-0.0179173611976	0.0256142602631	0.033216356351	-0.0265564320958	-0.0209746349049	-0.0260225468026	-0.0319445818332	0.0915728066356	0.0171862517156	0.0368059572102	0.0283062052255	-0.0252687759068	-0.0358602449348	0.00355446595212	-0.0749058954486	-0.0426115287625	-0.0256605491924	-0.0233403030856	-0.0493777889072	-0.0131561106573	-0.0321876455023	0.0113881147287	0.0057118917863	-0.0101173174662	0.0222137965114	-0.000390905345024	-0.016342456864	0.0499479654201	-0.0597401285504	-0.00918016658068	0.0096195137328	-0.0153231280069	0.00708718381075	-0.00130413917142
k__Bacteria;p__Actinobacteria;c__Actinobacteria;o__Bifidobacteriales;f__Bifidobacteriaceae;g__Bifidobacterium;s__Bifidobacterium_adolescentis	-0.030229041776	-0.0148169121165	-0.0120529178516	0.0120440396979	0.0412860272864	-0.0354062434996	-0.0547752815015	0.0110103833997	-0.0857491682753	0.0628090523284	-0.023381897412	-0.0250611791854	0.0338534210975	0.00501376543077	-0.0464771210655	0.0536405188584	-0.0169288005006	0.0335733815533	-0.0822558240288	0.0119028716032	-0.00677724706404	0.0347021969802	-0.0606148882462	1.0	-0.0594820039884	0.0140071524152	-0.0284442804028	-0.00339595263978	0.0405971730267	0.0296563038038	-0.0104044039117	0.00292213710555	-0.0721587989414	0.0355442956331	0.012309746433	-0.0226318313517	-0.00422937696721	-0.034685909427	-0.0234590999582	-0.0497986495005	0.0158088730569	0.044558221561	-0.00626375374239	-0.0169566183108	-0.067703889338	-0.0188687516845	-0.0251166043811	0.0208950948176	-0.0119487082498	-0.00413392809623	-0.0215757693721	-0.0118338072196	0.0108445623761	0.0675300940007	-0.053442327596	-0.0314894975346	0.0105604009156	-0.000889419807855	-0.023997442046
k__Bacteria;p__Firmicutes;c__Clostridia;o__Clostridiales;f__Oscillospiraceae;g__Oscillibacter;s__Oscillibacter_sp._KLE_1745	0.0337816121962	-0.027147639591	0.0139406441383	0.0173738563139	-0.0451041260614	-0.0442153783209	-0.0108329658268	0.0180474135391	-0.0341181861888	-0.00147632850525	0.00795181424695	0.0203983811718	-0.0510789017523	0.0284055111939	-0.00792610693151	-0.0497394185906	-0.00554454944368	-0.0216951736407	0.0176251360485	0.0142891204396	0.00646938778112	0.016751995065	0.0215487283872	-0.0594820039884	1.0	-0.00768031490328	0.0193902535106	-0.0214618926745	-0.0256780703797	0.0143669280087	-0.00849941154617	-0.0715220657487	-0.0250882148874	-0.00682656858297	0.0272252161796	-0.0546503845415	0.0124772822086	0.0201896557758	-0.0428202134944	0.0352958497728	-0.0209540486977	0.00079824480276	-0.0399165601958	0.0356380074141	0.0190812252183	0.0419456472915	0.0455370936919	0.000322224138296	0.0337676048464	-0.0913381680269	0.0216023861713	0.0400285026267	-0.033239538496	0.00240700230402	0.00478359382486	0.0284755057107	0.0597008394568	-0.0143299511013	-0.0277826146582
k__Bacteria;p__Bacteroidetes;c__Bacteroidia;o__Bacteroidales;f__Bacteroidaceae;g__Bacteroides;s__Bacteroides_coprophilus	-0.0123754222649	-0.0793936464943	-0.0384737542024	-0.0608395720494	-0.0097673218116	0.00301594219428	-0.0128482343903	-0.077907320375	-0.00634145962481	-0.0521354591704	0.0205027389162	0.00574243080844	-0.000588195201697	0.021651175647	0.0282848379723	-0.0691067125591	0.028972707286	0.0465915488551	-0.0435841777155	0.0421362194079	-0.0157128631763	0.0026265671263	-0.0179173611976	0.0140071524152	-0.00768031490328	1.0	0.0708040376986	-0.0278938201093	-0.0197288511379	0.0861721357641	-0.0232471472666	-0.0949683342398	0.0382903372274	-0.0168225599448	0.0110726446162	-0.0423985005032	-0.020728503478	-0.0181286639709	-0.0118666145675	-0.0294819966355	0.00844511940931	-0.0627489485788	0.000491087785385	0.010214759039	0.0446982210455	0.0502897008528	-0.0108058441333	0.0451507915472	-0.0291186800036	0.0221658387928	-0.00367754703672	-0.0109957628491	0.0472147626132	-0.0777873435585	-0.00211472844632	-0.0220386653501	-0.0356311498636	0.00169279007333	-0.00851911576521
k__Bacteria;p__Firmicutes;c__Clostridia;o__Clostridiales;f__Lachnospiraceae;g__Roseburia;s__Roseburia_intestinalis	-0.0391883360851	0.0010633236455	-0.0343797016054	-0.0345781477017	0.0359249035677	-0.0418792032944	-0.00658335187658	-0.0194231111116	-0.0545733823943	0.0481611360869	0.0366906941969	0.0320998858617	-0.0668868238938	-0.0642422893314	0.0594120426383	-0.101109397568	0.00682404973962	0.0200614124523	-0.0288001356169	-0.0141207824382	-0.0276667237473	0.027838385301	0.0256142602631	-0.0284442804028	0.0193902535106	0.0708040376986	1.0	-0.0391003424659	-0.0483272869663	0.0167755115866	-0.0434925119898	0.0682266625744	-0.0537266522271	0.0250739037733	-0.0312126776859	-0.0344514100514	0.0219089535045	0.0449581708198	-0.0234733785873	0.0142347129205	-0.00823083221689	-0.0364954929828	0.0292405956602	0.0046756841369	-0.0130387655261	-0.0500184848802	-0.0237611605328	-0.0605867168333	0.0261458933184	-0.052593761397	-0.00869094716773	-0.0193582033252	-0.00879793524806	0.054322739225	-0.00447342163709	-0.0795600052066	-0.00847792225697	0.0288758099841	-0.0175788669209
k__Bacteria;p__Firmicutes;c__Clostridia;o__Clostridiales;f__Lachnospiraceae;g__Roseburia;s__Roseburia_hominis	-0.0830921780152	-0.0903115598967	0.0407574342941	-0.0669262743901	-0.000703380905606	-0.0293725959586	0.0200819429311	0.00250948530934	0.0149405087177	-0.0202104092047	-0.054731401289	0.0219779181995	0.0101511995476	-0.0102463786041	-0.0314193169335	0.0667707223124	0.0582586958648	0.0163372495089	-0.0250291947523	-0.0831346501252	-0.0231685912874	0.0224934066886	0.033216356351	-0.00339595263978	-0.0214618926745	-0.0278938201093	-0.0391003424659	1.0	-0.0114128578864	-0.0768763432579	-0.0367680092685	0.0172457084639	-0.122014867493	0.00646529592512	0.00837470492584	-0.0097327262817	0.0160557957229	0.0470919778708	0.0171794289987	-0.00275309060888	-0.0207610850425	0.0398896765601	-0.00498703722494	0.0270220701903	-0.0383581373353	-0.0108287882563	0.0401039806319	-0.0233798697139	0.103289067009	-0.070003907929	-0.00527158779607	0.00282715534469	0.0279035895782	0.0572474794897	0.0140284158399	0.0253260209323	0.0160357898947	0.00962984094158	-0.0519205425981
k__Bacteria;p__Bacteroidetes;c__Bacteroidia;o__Bacteroidales;f__Porphyromonadaceae;g__Parabacteroides;s__Parabacteroides_johnsonii	-0.0292022808377	-0.0421722422366	0.0230287005042	0.020878631811	-0.0235568465263	-0.00585615359412	-0.0247487182698	0.0113526377405	0.0125534667758	-0.0445454123132	-0.0129720763563	0.0129037847809	-0.00413107848865	0.0161513220869	-0.0410449579886	-5.03530435656e-05	0.0304749662628	0.00451962127941	-0.0154464692548	0.0194704043942	-0.0145371316803	-0.0128075730544	-0.0265564320958	0.0405971730267	-0.0256780703797	-0.0197288511379	-0.0483272869663	-0.0114128578864	1.0	-0.0101924399629	0.00940570875952	0.0309198119024	0.0606275655447	0.0255613812026	0.00335341557703	-0.0352341677146	0.00222341394747	0.00454644747396	-0.0349142064384	-0.0443235257735	0.0157036314008	0.0128220972052	-0.0681916289956	-0.0612046370377	-0.0262900992313	0.0262380850762	-0.0016311226137	-0.00438996670989	0.00922506317002	0.0399665321528	-0.0336712697229	-0.0202099684422	0.017210877776	-0.00515724278855	-0.00699079220903	-0.0175269181303	-0.010350568597	-0.0435885815961	-0.138468158383
k__Bacteria;p__Actinobacteria;c__Actinobacteria;o__Bifidobacteriales;f__Bifidobacteriaceae;g__Bifidobacterium;s__Bifidobacterium_longum	-0.0213291840005	0.0279003831586	0.00394223255286	0.0239747204988	-0.0366810196667	0.0681888284088	-0.0334369622128	-0.0160633039884	-0.00323011145596	-0.04108077513	0.00663976304855	-0.0479042169119	0.0144588106291	0.00466046664371	-0.0376513858982	0.0121751708937	0.00983532766781	0.0432227393557	-0.0084890325054	-0.0169119174889	-0.0263127686496	-0.0956318397247	-0.0209746349049	0.0296563038038	0.0143669280087	0.0861721357641	0.0167755115866	-0.0768763432579	-0.0101924399629	1.0	0.0864902509528	0.00564506691214	-0.000351580757169	0.0278729941594	0.0251124599663	-0.0247486075992	-0.0196958056096	-0.0599213796514	0.0360881353403	-0.009187442513	0.0465256715542	-0.052649323853	-0.0645513819204	0.00476162175997	0.0107745916775	-0.0187970093596	-0.0102809085103	0.0176795682747	-0.0564501796663	-0.0290407821487	-0.000407774348096	-0.00205629362911	-0.0629353013023	-0.0889847076571	0.00696353780781	-0.0152305801951	-0.0431401447881	0.0185996114563	-0.00409999643238
