#taxonomy	k__Bacteria;p__Bacteroidetes;c__Bacteroidia;o__Bacteroidales;f__Bacteroidaceae;g__Bacteroides;s__Bacteroides_vulgatus	k__Bacteria;p__Bacteroidetes;c__Bacteroidia;o__Bacteroidales;f__Bacteroidaceae;g__Bacteroides;s__Bacteroides_uniformis	k__Bacteria;p__Bacteroidetes;c__Bacteroidia;o__Bacteroidales;f__Rikenellaceae;g__Alistipes;s__Alistipes_putredinis	k__Bacteria;p__Bacteroidetes;c__Bacteroidia;o__Bacteroidales;f__Prevotellaceae;g__Prevotella;s__Prevotella_copri	k__Bacteria;p__Bacteroidetes;c__Bacteroidia;o__Bacteroidales;f__Bacteroidaceae;g__Bacteroides;s__Bacteroides_stercoris	k__Bacteria;p__Bacteroidetes;c__Bacteroidia;o__Bacteroidales;f__Bacteroidaceae;g__Bacteroides;s__Bacteroides_ovatus	k__Bacteria;p__Bacteroidetes;c__Bacteroidia;o__Bacteroidales;f__Rikenellaceae;g__Alistipes;s__Alistipes_shahii	k__Bacteria;p__Firmicutes;c__Clostridia;o__Clostridiales;f__Ruminococcaceae;g__Faecalibacterium;s__Faecalibacterium_prausnitzii	k__Bacteria;p__Bacteroidetes;c__Bacteroidia;o__Bacteroidales;f__Rikenellaceae;g__Alistipes;s__Alistipes_finegoldii	k__Bacteria;p__Bacteroidetes;c__Bacteroidia;o__Bacteroidales;f__Porphyromonadaceae;g__Parabacteroides;s__Parabacteroides_distasonis	k__Bacteria;p__Bacteroidetes;c__Bacteroidia;o__Bacteroidales;f__Bacteroidaceae;g__Bacteroides;s__Bacteroides_thetaiotaomicron	k__Bacteria;p__Bacteroidetes;c__Bacteroidia;o__Bacteroidales;f__Bacteroidaceae;g__Bacteroides;s__Bacteroides_coprocola	k__Bacteria;p__Bacteroidetes;c__Bacteroidia;o__Bacteroidales;f__Bacteroidaceae;g__Bacteroides;s__Bacteroides_cellulosilyticus	k__Bacteria;p__Bacteroidetes;c__Bacteroidia;o__Bacteroidales;f__Rikenellaceae;g__Alistipes;s__Alistipes_obesi	k__Bacteria;p__Firmicutes;c__Clostridia;o__Clostridiales;f__Lachnospiraceae;g__;s__[Eubacterium]_rectale	k__Bacteria;p__Bacteroidetes;c__Bacteroidia;o__Bacteroidales;f__Bacteroidaceae;g__Bacteroides;s__Bacteroides_plebeius	k__Bacteria;p__Bacteroidetes;c__Bacteroidia;o__Bacteroidales;f__Bacteroidaceae;g__Bacteroides;s__Bacteroides_fragilis	k__Bacteria;p__Proteobacteria;c__Betaproteobacteria;o__Burkholderiales;f__Sutterellaceae;g__Sutterella;s__Sutterella_wadsworthensis	k__Bacteria;p__Bacteroidetes;c__Bacteroidia;o__Bacteroidales;f__Porphyromonadaceae;g__Barnesiella;s__Barnesiella_intestinihominis	k__Bacteria;p__Bacteroidetes;c__Bacteroidia;o__Bacteroidales;f__Odoribacteraceae;g__Odoribacter;s__Odoribacter_splanchnicus	k__Bacteria;p__Bacteroidetes;c__Bacteroidia;o__Bacteroidales;f__Bacteroidaceae;g__Bacteroides;s__Bacteroides_salyersiae	k__Bacteria;p__Firmicutes;c__Clostridia;o__Clostridiales;f__Ruminococcaceae;g__Ruminiclostridium;s__[Eubacterium]_siraeum	k__Bacteria;p__Proteobacteria;c__Betaproteobacteria;o__Burkholderiales;f__Sutterellaceae;g__Parasutterella;s__Parasutterella_excrementihominis	k__Bacteria;p__Actinobacteria;c__Actinobacteria;o__Bifidobacteriales;f__Bifidobacteriaceae;g__Bifidobacterium;s__Bifidobacterium_adolescentis	k__Bacteria;p__Firmicutes;c__Clostridia;o__Clostridiales;f__Oscillospiraceae;g__Oscillibacter;s__Oscillibacter_sp._KLE_1745	k__Bacteria;p__Bacteroidetes;c__Bacteroidia;o__Bacteroidales;f__Bacteroidaceae;g__Bacteroides;s__Bacteroides_coprophilus	k__Bacteria;p__Firmicutes;c__Clostridia;o__Clostridiales;f__Lachnospiraceae;g__Roseburia;s__Roseburia_intestinalis	k__Bacteria;p__Firmicutes;c__Clostridia;o__Clostridiales;f__Lachnospiraceae;g__Roseburia;s__Roseburia_hominis	k__Bacteria;p__Bacteroidetes;c__Bacteroidia;o__Bacteroidales;f__Porphyromonadaceae;g__Parabacteroides;s__Parabacteroides_johnsonii	k__Bacteria;p__Actinobacteria;c__Actinobacteria;o__Bifidobacteriales;f__Bifidobacteriaceae;g__Bifidobacterium;s__Bifidobacterium_longum	k__Bacteria;p__Firmicutes;c__Clostridia;o__Clostridiales;f__;g__Flavonifractor;s__Flavonifractor_plautii	k__Bacteria;p__Firmicutes;c__Clostridia;o__Clostridiales;f__Clostridiaceae;g__Clostridium;s__Clostridium_phoceensis	k__Bacteria;p__Verrucomicrobia;c__Verrucomicrobiae;o__Verrucomicrobiales;f__Akkermansiaceae;g__Akkermansia;s__Akkermansia_muciniphila	k__Bacteria;p__Bacteroidetes;c__Bacteroidia;o__Bacteroidales;f__Prevotellaceae;g__Paraprevotella;s__Paraprevotella_xylaniphila	k__Bacteria;p__Firmicutes;c__Clostridia;o__Clostridiales;f__Ruminococcaceae;g__Ruminococcus;s__Ruminococcus_callidus	k__Bacteria;p__Bacteroidetes;c__Bacteroidia;o__Bacteroidales;f__Rikenellaceae;g__Alistipes;s__Alistipes_senegalensis	k__Bacteria;p__Firmicutes;c__Clostridia;o__Clostridiales;f__Lachnospiraceae;g__Blautia;s__Blautia_sp._KLE_1732	k__Bacteria;p__Bacteroidetes;c__Bacteroidia;o__Bacteroidales;f__Bacteroidaceae;g__Bacteroides;s__Bacteroides_oleiciplenus	k__Bacteria;p__Firmicutes;c__Clostridia;o__Clostridiales;f__Ruminococcaceae;g__Ruminococcus;s__Ruminococcus_bicirculans	k__Bacteria;p__Bacteroidetes;c__Bacteroidia;o__Bacteroidales;f__Bacteroidaceae;g__Bacteroides;s__Bacteroides_fluxus	k__Bacteria;p__Bacteroidetes;c__Bacteroidia;o__Bacteroidales;f__Prevotellaceae;g__Prevotella;s__Prevotella_stercorea	k__Bacteria;p__Firmicutes;c__Clostridia;o__Clostridiales;f__Lachnospiraceae;g__Dorea;s__Dorea_longicatena	k__Bacteria;p__Firmicutes;c__Clostridia;o__Clostridiales;f__Eubacteriaceae;g__Eubacterium;s__[Eubacterium]_eligens	k__Bacteria;p__Firmicutes;c__Clostridia;o__Clostridiales;f__Ruminococcaceae;g__;s__Ruminococcaceae_bacterium_D16	k__Bacteria;p__Firmicutes;c__Clostridia;o__Clostridiales;f__Lachnospiraceae;g__Coprococcus;s__Coprococcus_comes	k__Bacteria;p__Proteobacteria;c__Gammaproteobacteria;o__Enterobacterales;f__Enterobacteriaceae;g__Escherichia;s__Escherichia_coli	k__Bacteria;p__Firmicutes;c__Clostridia;o__Clostridiales;f__Ruminococcaceae;g__Anaerotruncus;s__Anaerotruncus_colihominis	k__Bacteria;p__Firmicutes;c__Clostridia;o__Clostridiales;f__Lachnospiraceae;g__Blautia;s__Blautia_obeum	k__Bacteria;p__Bacteroidetes;c__Bacteroidia;o__Bacteroidales;f__Odoribacteraceae;g__Odoribacter;s__Odoribacter_laneus	k__Bacteria;p__Firmicutes;c__Clostridia;o__Clostridiales;f__Ruminococcaceae;g__Ruminiclostridium;s__[Clostridium]_leptum	k__Bacteria;p__Bacteroidetes;c__Bacteroidia;o__Bacteroidales;f__Porphyromonadaceae;g__Parabacteroides;s__Parabacteroides_goldsteinii	k__Bacteria;p__Firmicutes;c__Clostridia;o__Clostridiales;f__Lachnospiraceae;g__Anaerostipes;s__Anaerostipes_hadrus	k__Bacteria;p__Firmicutes;c__Clostridia;o__Clostridiales;f__Ruminococcaceae;g__Ruminococcus;s__Ruminococcus_lactaris	k__Bacteria;p__Firmicutes;c__Clostridia;o__Clostridiales;f__Clostridiaceae;g__Clostridium;s__Clostridium_sp._L2-50	k__Bacteria;p__Firmicutes;c__Clostridia;o__Clostridiales;f__Clostridiaceae;g__Clostridium;s__Clostridium_sp._M62/1	k__Bacteria;p__Firmicutes;c__Clostridia;o__Clostridiales;f__;g__Intestinimonas;s__Intestinimonas_butyriciproducens	k__Bacteria;p__Actinobacteria;c__Actinobacteria;o__Bifidobacteriales;f__Bifidobacteriaceae;g__Bifidobacterium;s__Bifidobacterium_bifidum	k__Bacteria;p__Firmicutes;c__Negativicutes;o__Veillonellales;f__Veillonellaceae;g__Dialister;s__Dialister_invisus	k__Bacteria;p__Bacteroidetes;c__Bacteroidia;o__Bacteroidales;f__Bacteroidaceae;g__Bacteroides;s__Bacteroides_salanitronis
k__Bacteria;p__Bacteroidetes;c__Bacteroidia;o__Bacteroidales;f__Bacteroidaceae;g__Bacteroides;s__Bacteroides_vulgatus	1.0	0.0406825408711	0.0130152471815	-0.0625623953308	0.0271857385735	-0.0166841817639	-0.0109356132906	0.00757261417393	0.00977367250318	-0.0331879180371	0.0128819741711	-0.0071376451513	0.0364841716234	-0.035213046189	0.0168830901188	-0.0281476438495	-0.0518646679419	-0.0302514463903	-0.0333821134116	0.0336829993376	0.00570516370898	-0.034660652254	-0.0735400678858	-0.063121552637	0.0421094725431	-0.0749581583326	0.013751139172	-0.0362063108915	-0.0279549341303	0.0171822559871	0.039223985397	-0.00359199365903	0.0646572842637	0.0479016764841	-0.0159935914461	0.0655177791484	0.025908779083	-0.0217645855403	0.0142529772287	0.0615636428779	-0.0327596346011	-0.0486535900972	0.0510043710631	-0.0322329816294	-0.0295687611199	0.0262937427457	-0.0606535505837	-0.0913976722821	-0.0285355040005	-0.0390311588675	0.0296217609782	-0.0940234946163	0.0102857442761	-0.0150739863201	0.0431595172396	0.0175853421853	-0.0688694409228	-0.0388319400154	0.00473036585812
k__Bacteria;p__Bacteroidetes;c__Bacteroidia;o__Bacteroidales;f__Bacteroidaceae;g__Bacteroides;s__Bacteroides_uniformis	0.0406825408711	1.0	-0.0537330532409	-0.0137689487487	-0.0681044275124	-0.0124225160264	0.0478242188766	-0.000715988019294	-0.0269304664731	-0.0284326411457	-0.0118784593756	0.0302700208917	-0.0188398007746	-0.000625438247856	0.0126474479852	0.0104488744637	0.0699591658974	-0.00532230570435	0.0360478681513	-0.00446740891964	0.0076954828167	-0.0760974676526	0.044515247715	-0.0835368824863	-0.028468720656	-0.00871079261855	-0.0349365571016	-0.0219195036407	-0.0453776083686	0.0391674738427	-0.0690729603295	-0.0572858758807	-0.0348363731829	0.0229495153808	-0.0123859348659	-0.0282940006867	0.0109870184705	0.0223688543901	0.0621916341263	-0.0935732409682	-0.111362486442	0.0174703734861	-0.0434012705414	-0.0400580398047	-0.00770783347954	-0.0404593687054	0.0180453700503	-0.0763050421079	-0.0102828513356	-0.0668920750811	0.0572834236188	0.0233112188565	0.031189340637	-0.00986278353665	-0.0446482114278	-0.0298688582826	-0.00962837195712	-0.0518422316937	-0.0176647118853
k__Bacteria;p__Bacteroidetes;c__Bacteroidia;o__Bacteroidales;f__Rikenellaceae;g__Alistipes;s__Alistipes_putredinis	0.0130152471815	-0.0537330532409	1.0	0.0950214581825	-0.00657224085875	-0.0591697366524	0.0506141973649	-0.0692335145915	-0.0262687739131	-0.0144916340518	-0.0435692902914	-0.00595527664518	0.0441884081256	-0.0117212789136	0.0108318703307	0.0368564285862	-0.0398277712995	-0.00102497633619	-0.0115749934608	0.0134215727343	-0.0143461019433	-0.0507176814854	0.0266595579449	0.0266692438808	0.00847743066771	-0.0572775141622	-0.0106665618247	-0.0181442481716	0.0512375997898	-0.0157341740546	-0.00963815824769	0.021811226393	0.00409526957485	0.0191448891117	0.00842567745034	-0.0528927848338	0.00308388434913	-0.0118452392232	0.0039200490106	-0.045186874288	0.0140442552186	-0.0352719855514	0.0401141844543	0.0089443610559	0.000392567191408	-0.00502934248237	-0.0333465619508	0.0337431304159	0.0110142506678	-0.0140987278775	-0.0152522413605	-0.00944224668722	-0.0230737017408	-0.039622839799	-0.0102798842755	-0.0491260464344	-0.0102428830366	0.0118279929576	-0.0849573319488
k__Bacteria;p__Bacteroidetes;c__Bacteroidia;o__Bacteroidales;f__Prevotellaceae;g__Prevotella;s__Prevotella_copri	-0.0625623953308	-0.0137689487487	0.0950214581825	1.0	0.0149193824334	-0.0289353441136	-0.0511972053234	-0.0500759965298	0.0128574186366	0.00852870381761	-0.0650677811536	-0.0229198855616	0.0388802751595	-0.0396851133359	-0.0333563835015	0.0884980271811	0.0226022932976	-0.00309194588054	-0.00997210421582	-0.001586510951	-0.0545321130568	0.0149393118885	0.0470508356743	-0.0130867559899	-0.0442485464875	-0.0227050468939	-0.0237236521832	-0.0260763622314	-0.0533536094605	0.0105585465826	-0.0209525481307	-0.0498817691736	-0.027387489074	-0.0197714538622	0.06337253371	-0.0344416653997	-0.0371099118018	-0.0122600938076	0.0114878782249	-0.0315355322519	-0.00044321030788	0.00586253455205	0.0055233094355	-0.0123470620796	-0.0612456583818	-0.0443191607019	0.0375109128926	0.029325461687	-0.0575592569455	-0.0244823591278	-0.0410480106326	-0.00615645289482	0.000345678856449	-0.0178314063765	-0.00557960826448	-0.062292699626	0.00179387445479	-0.00400666659646	-0.0365517786674
k__Bacteria;p__Bacteroidetes;c__Bacteroidia;o__Bacteroidales;f__Bacteroidaceae;g__Bacteroides;s__Bacteroides_stercoris	0.0271857385735	-0.0681044275124	-0.00657224085875	0.0149193824334	1.0	-0.0756028649895	0.0974487277644	0.00231319847779	-0.0803579450555	-0.0810560573993	0.0127584271958	-0.00893576503866	-0.0189283874395	-0.0800507948103	0.0387253513556	-0.0160710149797	0.0455628733425	-0.0319393995223	-0.0100200972896	0.0544974569904	0.0326143908348	0.0187606266672	-0.0464544155114	-0.0162632155263	0.0580323781928	0.000160049345055	0.0141350457356	-0.0333172319891	0.0223888083849	0.0200924075235	0.0112565187002	0.0308264076136	-0.0272684570009	-0.0171658016322	-0.0461818126542	0.00879469830676	-0.0293187883145	-0.0228207476166	-0.0603597021157	-0.0090056576202	-0.0777292676372	0.026793146851	-0.0178849758393	-0.0347064548964	-0.0118428563742	0.0268426364429	0.0466473897509	0.0111693427801	0.00152592277961	0.00778794635216	0.00658584444211	-0.0489840901141	-0.0402649277933	-0.00355703044149	0.049213122856	-0.0766085631973	-0.0260963671449	0.00363097915067	-0.0323650946819
k__Bacteria;p__Bacteroidetes;c__Bacteroidia;o__Bacteroidales;f__Bacteroidaceae;g__Bacteroides;s__Bacteroides_ovatus	-0.0166841817639	-0.0124225160264	-0.0591697366524	-0.0289353441136	-0.0756028649895	1.0	-0.0241333275336	0.0848647825023	0.00743873129088	-0.0599215312132	0.0292542304443	-0.0237012307109	-0.0398149511836	-0.00690604626667	-0.0111472362722	-0.0365341560013	-0.0502137627036	0.0263516841749	0.0227860057303	0.0276706703821	-0.123386667856	0.0489758219248	-0.0642988770847	-0.0684814269537	-0.0128327046924	0.0213340098952	0.00592281045161	-0.00275153125713	-0.0396530305839	0.0225829979508	0.0232837639692	-0.0554020370373	0.052086047781	0.0286561527637	-0.0736836665018	-0.00429815358622	-0.0718337868224	0.0361009722338	-0.0380270446721	0.0075956876957	0.000721850374474	0.0214481206439	0.00889401443436	0.0480327125084	0.0113823668781	-0.071808589157	-0.0326106664358	0.081727690865	-0.0712397058252	-0.028425594967	-0.016971604424	0.0587658374211	-0.00694743058327	-0.0126356118925	-0.00741401492308	0.0351897318908	0.00870442040829	0.0168352344908	-0.0902858047061
k__Bacteria;p__Bacteroidetes;c__Bacteroidia;o__Bacteroidales;f__Rikenellaceae;g__Alistipes;s__Alistipes_shahii	-0.0109356132906	0.0478242188766	0.0506141973649	-0.0511972053234	0.0974487277644	-0.0241333275336	1.0	-0.0112839732868	-0.0438292990849	0.0072196640899	-0.0153165604212	0.00235586621379	-0.014786858215	-0.0489559233019	0.00247133145207	-0.0568531342534	-0.0314790526221	-0.0111263678301	0.0103046024543	-0.0322178326519	0.013041466135	-0.00301740159556	0.0861157355979	0.0402437964573	0.0580748860223	-0.0544698192555	-0.031533504497	0.0269392654057	0.0232503330737	-0.0333627051579	-0.00931417375026	-0.104257393683	-0.0316762654289	-0.0323362906034	-0.0387603406725	0.00572092783683	-0.0220540600587	-0.00861809849054	-0.0523521688721	-0.0650533733578	0.0120553005514	-0.0304552393243	-0.0387102851451	0.0577512544335	-0.00305397804272	0.00307145844309	-0.0164841591014	0.0185570636281	1.49829080026e-05	-0.0345344387941	0.0259722991569	0.00869028787131	-0.0295931939837	-0.101745181643	-0.0299216761236	-0.0526954073091	0.0315148046427	-0.00772507070148	0.05112222063
k__Bacteria;p__Firmicutes;c__Clostridia;o__Clostridiales;f__Ruminococcaceae;g__Faecalibacterium;s__Faecalibacterium_prausnitzii	0.00757261417393	-0.000715988019294	-0.0692335145915	-0.0500759965298	0.00231319847779	0.0848647825023	-0.0112839732868	1.0	-0.00174564502382	-0.0356858350819	0.00937481127625	-0.0213254374172	0.0368430658193	-0.0482580246789	0.0126620554782	-0.0505332714835	0.00234576944241	-0.0259282711247	0.0101860650191	0.0238068652619	-0.0326261809636	0.024899344835	0.0012136426691	-0.040045158831	0.0269623838352	-0.00478162757815	-0.0182653456042	0.0183830801073	0.00108240234187	-0.0498915876819	-0.0382625202685	0.0320192461762	-0.0796359296937	-0.00257631402084	-0.016398143321	-0.00989358961862	-0.0637708550225	0.00439207949647	0.0155269247123	0.00362434295479	-0.021140495914	-0.00543051115961	0.00487765702855	-0.0462601153393	0.0277389933703	0.0103719949473	0.0489838091634	0.014147408304	-0.0223499246934	0.0124951341049	0.0642874753222	-0.0810879317454	-0.0206265267302	-0.0162371403225	-0.0131804418378	-0.0601082886341	0.0168945969943	-0.000626673267019	0.00265776003845
k__Bacteria;p__Bacteroidetes;c__Bacteroidia;o__Bacteroidales;f__Rikenellaceae;g__Alistipes;s__Alistipes_finegoldii	0.00977367250318	-0.0269304664731	-0.0262687739131	0.0128574186366	-0.0803579450555	0.00743873129088	-0.0438292990849	-0.00174564502382	1.0	-0.0632897567563	0.0474443903124	-0.0127614627533	0.0280804683386	-0.0488609599463	-0.0528987473912	-0.00641489599124	-0.0395427476261	0.0227134550223	0.0504010714122	-0.0231741267057	0.0689104713763	0.0135954125627	-0.00550148153883	0.00993018562158	-0.000949459489931	-0.045525223644	0.0496466754566	-0.048026190588	0.0233837176527	0.00525620414114	-0.129234144716	0.044608726343	0.0420130088736	0.00187905181835	-0.0244913891982	0.0231098921726	-0.0239490484577	-0.0234877070549	-0.0161076275093	-0.051304953978	-0.0630884762321	-0.0175961370312	-0.0370097524276	-0.0371243035938	0.0400800184357	-0.0542316853694	-0.0563859258713	-0.00170312727951	0.00943409375287	-0.0397067394574	-0.0402378810143	-0.0491074054664	0.00202412835535	-0.0099415726366	0.00901445489335	-0.00179802079512	0.0205530190398	-0.0118911388976	-0.0361286484731
k__Bacteria;p__Bacteroidetes;c__Bacteroidia;o__Bacteroidales;f__Porphyromonadaceae;g__Parabacteroides;s__Parabacteroides_distasonis	-0.0331879180371	-0.0284326411457	-0.0144916340518	0.00852870381761	-0.0810560573993	-0.0599215312132	0.0072196640899	-0.0356858350819	-0.0632897567563	1.0	0.0662865064374	-0.0243554967599	-0.0725637856748	0.0166308574358	-0.0490765277946	0.0344937459728	-0.0951564033899	0.00937157233819	0.038097133872	-0.0299643205098	-0.0384359659538	-0.0250940489213	0.0296906749317	-0.00732515953581	-0.0222168849898	0.0213403368271	0.00261802142108	-0.0674967040254	0.0413871620151	-0.0597232943013	-0.0484467813109	0.0487551282044	0.0285947296695	-0.00352320465587	0.0155070949047	-0.0387792602616	-0.0431929080047	-0.0181353132243	-0.00230298332245	0.0141806593256	0.00346991680732	0.0104731831324	0.0471802075641	-0.0257431337038	0.00996337396887	-0.0494509207266	0.0356067493148	-0.0398890420957	-0.014484577348	-0.0551235211063	-0.0459249523196	0.000663552507328	-0.064436904238	0.0375956067675	0.0203912573785	0.0017072028001	0.0523371951802	-0.0627157483664	0.0597492185929
k__Bacteria;p__Bacteroidetes;c__Bacteroidia;o__Bacteroidales;f__Bacteroidaceae;g__Bacteroides;s__Bacteroides_thetaiotaomicron	0.0128819741711	-0.0118784593756	-0.0435692902914	-0.0650677811536	0.0127584271958	0.0292542304443	-0.0153165604212	0.00937481127625	0.0474443903124	0.0662865064374	1.0	0.00211376964654	0.0468665884867	-0.0143490100535	-0.0609905152372	-0.0577804256659	0.0120235194941	0.0435086769355	-0.0438085361166	-0.0399945344293	0.0334963442981	-0.00428053464133	0.0615586221619	-0.0483144012829	-0.0775113700979	-0.0282995929299	0.00510462645238	-0.0491829695903	-0.0308985175049	-0.067134596413	0.0192761787035	-0.0155767284084	0.0717269556705	0.0193046613816	0.0276098263773	-0.0446209629531	-0.00410202288927	-0.0410341525979	-0.0609915242038	-0.0212944564822	-0.0450023035803	0.00167959407028	-0.0233083299334	-0.00638571936305	-0.0167117785528	-0.0391382000357	0.00583741047606	0.00528528059601	-0.0376311850559	-0.0356282447438	-0.0211268873424	0.0187087277568	-0.045232109059	0.0267505772614	0.00459755633946	0.0116321735001	-0.0605654563757	-0.0463819542142	0.00554847105096
k__Bacteria;p__Bacteroidetes;c__Bacteroidia;o__Bacteroidales;f__Bacteroidaceae;g__Bacteroides;s__Bacteroides_coprocola	-0.0071376451513	0.0302700208917	-0.00595527664518	-0.0229198855616	-0.00893576503866	-0.0237012307109	0.00235586621379	-0.0213254374172	-0.0127614627533	-0.0243554967599	0.00211376964654	1.0	-0.0701349136985	0.0153868128381	0.0199220772475	-0.0923050558386	0.0175343590016	-0.0331344144107	0.0359873995876	-0.0315797344577	-0.0346659539949	-0.0656809682363	0.0145519844871	-0.00499319934219	-0.0583776720995	-0.00208276510763	-0.0448943924319	-0.0771967092704	0.0610047263557	-0.0182288301755	0.0277898878392	-0.0880740871043	-0.017090497259	0.00258334298737	0.0864963724864	0.00958206690351	0.000371341250823	0.0131819681727	-0.000988108458302	-0.0286154741604	-0.00258565559353	-0.017901904652	-0.0059771319684	-0.0127827520526	0.0336040305354	-0.0331149007405	0.00803835960528	0.0703956350923	0.0173143018011	0.0250594897554	-0.00153910123038	0.0232804860405	-0.0392752511424	0.00332377714118	-0.0450161007548	-0.00476171616953	-0.051590036783	-0.000135706802857	-0.0401891570136
k__Bacteria;p__Bacteroidetes;c__Bacteroidia;o__Bacteroidales;f__Bacteroidaceae;g__Bacteroides;s__Bacteroides_cellulosilyticus	0.0364841716234	-0.0188398007746	0.0441884081256	0.0388802751595	-0.0189283874395	-0.0398149511836	-0.014786858215	0.0368430658193	0.0280804683386	-0.0725637856748	0.0468665884867	-0.0701349136985	1.0	0.0231350951885	0.0112666357124	0.0428066398758	-0.0494295117923	0.00968908970415	-0.0910204056236	0.0312432727025	0.036506448281	0.00864999208515	0.019413027462	0.0153867276708	-0.0631418379888	0.0142601840825	-0.035102599618	-0.0195601626382	0.00336888280642	-0.00504537186957	0.00499392852431	0.0233522289068	-0.039608285365	0.0108304626548	-0.0324793190947	0.0968075165264	-0.00340926317163	-0.0944252206817	-0.0408876494768	-0.0542861679958	0.0464440064618	-0.0596392818607	-0.00297775923033	-0.0316595188819	-0.0120019988508	-0.0093969226848	-0.00602892966678	-0.00852329002135	-0.0611681189741	0.028645061778	0.0122902006259	0.0184004551162	-0.0214971827248	-0.00977796623673	0.0193259153001	0.0305838734471	-0.0307773262121	-0.00428617953272	-0.106202487997
k__Bacteria;p__Bacteroidetes;c__Bacteroidia;o__Bacteroidales;f__Rikenellaceae;g__Alistipes;s__Alistipes_obesi	-0.035213046189	-0.000625438247856	-0.0117212789136	-0.0396851133359	-0.0800507948103	-0.00690604626667	-0.0489559233019	-0.0482580246789	-0.0488609599463	0.0166308574358	-0.0143490100535	0.0153868128381	0.0231350951885	1.0	-0.058607305592	-0.0547187981416	-0.0314704715477	-0.0281817193404	-0.0716382946149	-0.0557516345276	-0.00596518938228	0.0121390762785	0.0207330913536	-0.0470627384933	0.0743965101889	0.00519971700984	-0.00849441955473	0.082285861104	-0.0262548171537	0.0298543522933	0.00673521664125	0.0500107381494	0.0571330757287	0.0241094411092	0.0475214747218	-0.0519888176643	-0.0833194509012	0.0452475539972	-0.00997386673306	0.0516309727244	-0.0501289856819	-0.0122342082703	-0.0638924434077	0.0151876195561	0.0117090189359	-0.00299819379123	0.0160863518167	-0.00953166766489	-0.0118665854335	0.0174087914066	0.0573991862984	-0.0238684872489	-0.0871172531871	0.0616181115423	0.0159335340707	-0.028340763902	0.0489098487921	-0.0606276473008	-0.0482167267813
k__Bacteria;p__Firmicutes;c__Clostridia;o__Clostridiales;f__Lachnospiraceae;g__;s__[Eubacterium]_rectale	0.0168830901188	0.0126474479852	0.0108318703307	-0.0333563835015	0.0387253513556	-0.0111472362722	0.00247133145207	0.0126620554782	-0.0528987473912	-0.0490765277946	-0.0609905152372	0.0199220772475	0.0112666357124	-0.058607305592	1.0	-0.0144049576479	-0.0123275881803	-0.0576696305003	0.0109611326685	-0.0389805998116	0.00834635402889	0.0548635745156	-0.0513516920251	-0.0192632108412	0.0652012103799	0.0543315126827	0.0280214618397	0.047819273004	0.0194514135683	-0.0708962486474	0.00563597987757	0.00313991385812	-0.07622806322	-0.00530165954812	0.0258772525644	0.072654103866	-0.0257267516088	-0.0399893786428	-0.00629051793502	-0.0129269784478	-0.0407466473571	-0.0270843308091	-0.00191130914198	-0.041394500855	-0.0312876795625	0.0414546377656	-0.00888262781925	0.0200188568759	0.0404591131506	0.000213995751041	-0.0334070564149	0.0130364687429	0.0124660191574	-0.0541411748676	0.0102111426094	-0.0259600755127	0.0342612250218	-0.0117816771802	-0.0627557982093
k__Bacteria;p__Bacteroidetes;c__Bacteroidia;o__Bacteroidales;f__Bacteroidaceae;g__Bacteroides;s__Bacteroides_plebeius	-0.0281476438495	0.0104488744637	0.0368564285862	0.0884980271811	-0.0160710149797	-0.0365341560013	-0.0568531342534	-0.0505332714835	-0.00641489599124	0.0344937459728	-0.0577804256659	-0.0923050558386	0.0428066398758	-0.0547187981416	-0.0144049576479	1.0	-0.000785341716899	0.0319227802134	-0.0274661226309	0.0181923184243	-0.0184356335155	-0.0370290358233	0.0030830869761	-0.0338973351229	-0.077681860972	0.0230491012556	-0.00235741357598	0.0417070777916	0.0598857603002	0.000124144317274	0.00238587070919	0.00381110195397	-0.0538456258409	0.024022357427	-0.073196953875	-0.0407168361124	0.0328987081443	0.00452194293356	-0.0387063033858	0.0581774866845	-0.0225334087329	-0.0342120195473	0.0434353726605	-0.0577276718381	0.0357373607705	-0.0234685537162	-0.0220559411751	0.0344222441412	0.0108056377787	0.0656919483295	0.0421259635823	-0.0617901843238	-0.00762913904201	-0.0459200077422	0.0116266030302	-0.0214770937056	-0.0430692743753	-0.00929679142057	0.0324195374198
k__Bacteria;p__Bacteroidetes;c__Bacteroidia;o__Bacteroidales;f__Bacteroidaceae;g__Bacteroides;s__Bacteroides_fragilis	-0.0518646679419	0.0699591658974	-0.0398277712995	0.0226022932976	0.0455628733425	-0.0502137627036	-0.0314790526221	0.00234576944241	-0.0395427476261	-0.0951564033899	0.0120235194941	0.0175343590016	-0.0494295117923	-0.0314704715477	-0.0123275881803	-0.000785341716899	1.0	0.0227300089795	-0.0329418624267	0.00544917878881	-0.0185998430937	-0.0416063136946	-0.0193898822182	-0.0196403970593	0.0113861808202	0.00503196113917	-0.00669846470668	0.000496255365702	-0.0317902748581	-0.0069065593178	0.00726581439383	-0.04584088003	-0.064832551014	0.0206342932717	0.00745776370956	-0.0153521197777	0.0048347815353	0.013651897426	0.0289259871612	-0.023507239979	0.0119064018291	0.00502076444074	-0.0123824227224	0.0231283472134	0.00663578687608	-0.0128860385654	-0.0899492719447	-0.0501353230997	0.0180712878332	-0.0315446833489	0.046515048458	-0.0132459978071	-0.0340130812656	-0.0148122976762	-0.0373010721325	0.0501785949185	-0.0533031721845	-0.0515468412693	-0.0543069681683
k__Bacteria;p__Proteobacteria;c__Betaproteobacteria;o__Burkholderiales;f__Sutterellaceae;g__Sutterella;s__Sutterella_wadsworthensis	-0.0302514463903	-0.00532230570435	-0.00102497633619	-0.00309194588054	-0.0319393995223	0.0263516841749	-0.0111263678301	-0.0259282711247	0.0227134550223	0.00937157233819	0.0435086769355	-0.0331344144107	0.00968908970415	-0.0281817193404	-0.0576696305003	0.0319227802134	0.0227300089795	1.0	-0.0172573842898	-0.065104945485	0.0503653572537	-0.0232718857198	-0.0291564312052	0.0196596219877	-0.0539449716536	0.0806862361145	-0.00242511556222	0.0135366247021	-0.00784497536751	0.0240575902492	-0.0180493413522	0.00691239303694	-0.0711907930561	0.0962135788003	-0.0301859100351	-0.0675103984504	-0.0209312032585	-0.0142966669412	-0.0453768517469	-0.00515568905593	0.0371224856926	0.00055324747264	0.0356540421817	-0.00459640765443	0.0467434948631	-0.0192248726277	0.0616182082366	-0.0197751051565	0.0215068560803	-0.0486488263562	-0.0266435387181	0.0162225127412	0.017721836595	-0.0314415089649	0.00737230484423	-0.0219474887496	-0.0434434060302	-0.030638352613	-0.00326912681535
k__Bacteria;p__Bacteroidetes;c__Bacteroidia;o__Bacteroidales;f__Porphyromonadaceae;g__Barnesiella;s__Barnesiella_intestinihominis	-0.0333821134116	0.0360478681513	-0.0115749934608	-0.00997210421582	-0.0100200972896	0.0227860057303	0.0103046024543	0.0101860650191	0.0504010714122	0.038097133872	-0.0438085361166	0.0359873995876	-0.0910204056236	-0.0716382946149	0.0109611326685	-0.0274661226309	-0.0329418624267	-0.0172573842898	1.0	0.0108483414297	-0.075019968228	0.0156719899035	-0.0239892380487	-0.037662791195	0.00249110018516	-0.0162090201163	0.0610219966134	-0.00803507928229	-0.018136645028	0.0182986795592	-0.0317451463143	0.0810502964998	0.0379389849336	-0.103089585261	-0.0249616467119	0.0214502529871	-0.0574996845208	0.00789960794457	0.0511186466136	-0.0143836407678	-0.0554549239427	-0.0131818918726	0.035708702656	0.0190321885245	0.00616387039804	-0.0266955405154	0.0108177617253	-0.0173921065415	-0.0270351251744	0.0154552436916	-0.00203769624953	-0.0582701487058	-0.0170243221735	-0.0413465752925	-0.0452074402795	0.0521806676128	-0.0410003826576	-0.000354208906366	0.00223410954857
k__Bacteria;p__Bacteroidetes;c__Bacteroidia;o__Bacteroidales;f__Odoribacteraceae;g__Odoribacter;s__Odoribacter_splanchnicus	0.0336829993376	-0.00446740891964	0.0134215727343	-0.001586510951	0.0544974569904	0.0276706703821	-0.0322178326519	0.0238068652619	-0.0231741267057	-0.0299643205098	-0.0399945344293	-0.0315797344577	0.0312432727025	-0.0557516345276	-0.0389805998116	0.0181923184243	0.00544917878881	-0.065104945485	0.0108483414297	1.0	0.0256887628357	0.00555503382341	0.0250283411613	0.0343998113785	-0.0261755319932	-0.00657998027682	-0.0435673800458	-0.00530057620214	-0.0187834906654	-0.00441751531808	-0.0175470848139	-0.0118294025024	-0.0476425637498	0.0432891405639	-0.0534824836402	-0.0161320584474	0.00414839147438	0.0238373526	0.0365806077804	-0.0278657604141	-0.0114777899536	0.0260052122135	0.0108601086227	-0.0200592123585	-0.0382909899467	0.0280656530431	-0.112531631651	-0.0351539929825	-0.0193679008785	0.028725218128	-0.00811632674825	-0.0417370970724	-0.0981212131254	-0.0180404228878	0.0153616798492	-0.0498863517857	0.010278441721	0.0772097900718	-0.0109334263323
k__Bacteria;p__Bacteroidetes;c__Bacteroidia;o__Bacteroidales;f__Bacteroidaceae;g__Bacteroides;s__Bacteroides_salyersiae	0.00570516370898	0.0076954828167	-0.0143461019433	-0.0545321130568	0.0326143908348	-0.123386667856	0.013041466135	-0.0326261809636	0.0689104713763	-0.0384359659538	0.0334963442981	-0.0346659539949	0.036506448281	-0.00596518938228	0.00834635402889	-0.0184356335155	-0.0185998430937	0.0503653572537	-0.075019968228	0.0256887628357	1.0	0.0500657922544	-0.00094336938103	0.0707225469573	-0.039611289539	-0.00672856750078	-0.0508984289679	-0.0286198750283	-0.0137307802205	-0.0323073398657	0.0398607463342	-0.045831955819	-0.0568300935325	-0.0628439265902	0.0205028697931	0.0658936739393	0.0494057043771	0.0455714201154	-0.049428231313	-0.0691140070717	0.00218002544388	-0.0260400602966	-0.0360531010531	0.0353034158976	-0.0640670687125	-0.0258212292622	0.0172866688509	0.0250325389454	-0.0149372185772	-0.01373504277	-0.0226493780764	-0.0370456180531	-0.0274364182137	0.0234295544813	0.00568291291922	0.00695819600981	0.0438684849139	-0.0389657101549	0.0839234805792
k__Bacteria;p__Firmicutes;c__Clostridia;o__Clostridiales;f__Ruminococcaceae;g__Ruminiclostridium;s__[Eubacterium]_siraeum	-0.034660652254	-0.0760974676526	-0.0507176814854	0.0149393118885	0.0187606266672	0.0489758219248	-0.00301740159556	0.024899344835	0.0135954125627	-0.0250940489213	-0.00428053464133	-0.0656809682363	0.00864999208515	0.0121390762785	0.0548635745156	-0.0370290358233	-0.0416063136946	-0.0232718857198	0.0156719899035	0.00555503382341	0.0500657922544	1.0	-0.0847123054933	0.0178657137838	-0.00216041566296	0.0293847784603	0.0332559833896	0.00678947136241	0.0132399442066	-0.0219430362381	0.0354065164189	-0.0127043359019	0.0131477139535	-0.0497085736999	-0.0238934316271	-0.0664787644219	-0.027120790245	-0.03218964128	-0.0187987865607	-0.03422312726	-0.070369533692	0.139938804388	-0.0977788337264	-0.0600253438256	-0.0612725184905	-0.0313941560246	-0.087264690585	-0.0545658225078	0.0648220740374	-0.0117512819523	0.0341251641611	-0.0223823837723	-0.00777164546161	-0.0209145507519	-0.0446285358578	-0.0413907407639	0.00208129880252	0.0824011878774	-0.00748911353689
k__Bacteria;p__Proteobacteria;c__Betaproteobacteria;o__Burkholderiales;f__Sutterellaceae;g__Parasutterella;s__Parasutterella_excrementihominis	-0.0735400678858	0.044515247715	0.0266595579449	0.0470508356743	-0.0464544155114	-0.0642988770847	0.0861157355979	0.0012136426691	-0.00550148153883	0.0296906749317	0.0615586221619	0.0145519844871	0.019413027462	0.0207330913536	-0.0513516920251	0.0030830869761	-0.0193898822182	-0.0291564312052	-0.0239892380487	0.0250283411613	-0.00094336938103	-0.0847123054933	1.0	-0.0149350657093	-0.000657814194533	-0.00822096400506	-0.0112338490415	-0.0306182734572	-4.83463859586e-05	0.0160736824541	-0.00200984962966	-0.0569982664864	0.0213156808798	-0.00852829583416	0.0335558605135	-0.0501121099631	-0.0206440102205	-0.0167247098035	0.0143418736973	-0.0614074842447	-0.0615201927036	0.00510288405819	0.0168712316827	-0.027078354985	0.0368308696426	-0.08905381571	-0.0248176909766	-0.0063247662849	-0.0625315525687	-0.0147497916541	-0.0370547816414	-0.0203197683297	0.0700946131728	0.0128292976174	-0.00262147791587	0.0221636935719	0.0276320249779	0.0488063719579	-0.0297065814031
k__Bacteria;p__Actinobacteria;c__Actinobacteria;o__Bifidobacteriales;f__Bifidobacteriaceae;g__Bifidobacterium;s__Bifidobacterium_adolescentis	-0.063121552637	-0.0835368824863	0.0266692438808	-0.0130867559899	-0.0162632155263	-0.0684814269537	0.0402437964573	-0.040045158831	0.00993018562158	-0.00732515953581	-0.0483144012829	-0.00499319934219	0.0153867276708	-0.0470627384933	-0.0192632108412	-0.0338973351229	-0.0196403970593	0.0196596219877	-0.037662791195	0.0343998113785	0.0707225469573	0.0178657137838	-0.0149350657093	1.0	0.0453961442526	0.0168821731925	0.0126070203172	-0.00197268004302	-0.018398219885	-0.0702926569571	0.0398847322386	0.00105491853679	-0.0281182650414	-0.0440465397635	-0.0894826547316	-0.0175155917757	0.0914027646857	0.0616605191624	0.025298987495	0.0555638514548	0.0226519855952	0.0149919787988	-0.100574796494	0.0442401760014	-0.0434132848516	-0.0131349532558	-0.00542574271728	0.0754649419629	-0.00944786394822	-0.0457097528267	0.0427091043638	-0.115086145101	-0.0152828554182	-0.100540949725	-0.0041307927718	-0.0220952372143	0.0655300976537	0.0260781839289	-0.0531711036832
k__Bacteria;p__Firmicutes;c__Clostridia;o__Clostridiales;f__Oscillospiraceae;g__Oscillibacter;s__Oscillibacter_sp._KLE_1745	0.0421094725431	-0.028468720656	0.00847743066771	-0.0442485464875	0.0580323781928	-0.0128327046924	0.0580748860223	0.0269623838352	-0.000949459489932	-0.0222168849898	-0.0775113700979	-0.0583776720995	-0.0631418379888	0.0743965101889	0.0652012103799	-0.077681860972	0.0113861808202	-0.0539449716536	0.00249110018516	-0.0261755319932	-0.039611289539	-0.00216041566296	-0.000657814194533	0.0453961442526	1.0	-0.0131033373717	0.00933369675819	0.0201992896454	-0.0874107685973	0.0336808411656	-0.0415713847133	-0.0439330751441	-0.0124348971123	0.01454856953	-0.026837690064	-0.0207931070481	-0.0596210399938	-0.0565696352128	0.0408201539029	0.0157634970289	-0.02151874011	-0.0331858483398	-0.0456311639508	0.0415819230805	0.0275585413596	-0.00179282770389	0.0105567126359	-0.00130700407895	0.000724034871112	-0.0465257286497	0.0233543044064	0.0642349836835	0.0254270554834	-0.0394232862546	-0.026683638398	-0.0379333008623	-0.0144383041175	-0.0291890903972	-0.0091397259338
k__Bacteria;p__Bacteroidetes;c__Bacteroidia;o__Bacteroidales;f__Bacteroidaceae;g__Bacteroides;s__Bacteroides_coprophilus	-0.0749581583326	-0.00871079261855	-0.0572775141622	-0.0227050468939	0.000160049345056	0.0213340098952	-0.0544698192555	-0.00478162757815	-0.045525223644	0.0213403368271	-0.0282995929299	-0.00208276510763	0.0142601840825	0.00519971700984	0.0543315126827	0.0230491012556	0.00503196113917	0.0806862361145	-0.0162090201163	-0.00657998027682	-0.00672856750078	0.0293847784603	-0.00822096400506	0.0168821731925	-0.0131033373717	1.0	-0.0478494041525	0.0132227445115	0.0222179307138	-0.026007684015	-0.0242839554025	0.0277248011702	-0.0904058781414	-0.0818319152988	-0.0216909591255	0.0139289083577	0.0251645710276	0.0119647007272	-0.0114433464442	0.00399183735077	-0.00154479001714	-0.0290310154044	-0.0531786614852	0.0323610850589	0.000836873620491	-0.0231637217099	-0.0111124072286	0.00769353224929	-0.0295980436388	0.0209021131797	0.00670331790048	0.0308322653757	0.0863109128746	-0.00218973126632	-0.0238318161394	-0.0171699752968	0.0113028734676	-0.0678190587241	-0.0185583810346
k__Bacteria;p__Firmicutes;c__Clostridia;o__Clostridiales;f__Lachnospiraceae;g__Roseburia;s__Roseburia_intestinalis	0.013751139172	-0.0349365571016	-0.0106665618247	-0.0237236521832	0.0141350457356	0.00592281045161	-0.031533504497	-0.0182653456042	0.0496466754566	0.00261802142108	0.00510462645238	-0.0448943924319	-0.035102599618	-0.00849441955473	0.0280214618397	-0.00235741357598	-0.00669846470668	-0.00242511556222	0.0610219966134	-0.0435673800458	-0.0508984289679	0.0332559833896	-0.0112338490415	0.0126070203172	0.00933369675819	-0.0478494041525	1.0	-0.00120598901297	0.0326254197468	-0.0342092626128	-0.00939755376618	-0.00182947237527	0.00287078943021	-0.0908762231274	-0.0481648816141	-0.0121581473967	-0.0263149512375	-0.036521479075	0.0251746078743	-0.029468904318	-0.00760885507309	0.00214508465173	-0.011879559047	-0.0328667873142	-0.0287937336814	0.0778660549318	-0.00738627892314	-0.0184486713785	0.0173714695467	-0.0311045125407	-0.0360510563423	0.00377728109236	0.00395181481542	-0.000164579432678	0.0106510189887	-0.0268497747853	0.0232329567713	-0.00995410187125	0.0193593715432
k__Bacteria;p__Firmicutes;c__Clostridia;o__Clostridiales;f__Lachnospiraceae;g__Roseburia;s__Roseburia_hominis	-0.0362063108915	-0.0219195036407	-0.0181442481716	-0.0260763622314	-0.0333172319891	-0.00275153125713	0.0269392654057	0.0183830801073	-0.048026190588	-0.0674967040255	-0.0491829695903	-0.0771967092704	-0.0195601626382	0.082285861104	0.047819273004	0.0417070777916	0.000496255365702	0.0135366247021	-0.00803507928229	-0.00530057620214	-0.0286198750283	0.00678947136241	-0.0306182734572	-0.00197268004302	0.0201992896454	0.0132227445115	-0.00120598901297	1.0	-0.0151337853524	-0.0159847894386	0.0184484378129	-0.0263760651096	-0.00405123136103	0.0139764661406	0.0549764028474	0.0234418755516	0.034307449929	-0.0459988805014	0.0037393691056	-0.0108444404253	-0.0127620290683	-0.0177362080193	0.00987313561551	-0.0667084027726	-0.0435464825608	0.00727530454454	-0.0163473673281	-0.0503026543252	-0.04206725684	0.0329906446945	0.00369231377946	0.00400287664465	0.0408466265512	-0.056009352256	0.0546768864573	0.0381299934846	0.0358796926643	0.0169741993732	0.0217605413126
k__Bacteria;p__Bacteroidetes;c__Bacteroidia;o__Bacteroidales;f__Porphyromonadaceae;g__Parabacteroides;s__Parabacteroides_johnsonii	-0.0279549341303	-0.0453776083686	0.0512375997898	-0.0533536094605	0.0223888083849	-0.0396530305839	0.0232503330737	0.00108240234187	0.0233837176527	0.0413871620151	-0.0308985175049	0.0610047263557	0.00336888280642	-0.0262548171537	0.0194514135683	0.0598857603002	-0.0317902748581	-0.00784497536751	-0.018136645028	-0.0187834906654	-0.0137307802205	0.0132399442066	-4.83463859586e-05	-0.018398219885	-0.0874107685973	0.0222179307138	0.0326254197468	-0.0151337853524	1.0	0.0403036495216	0.0398885645825	-0.0171435358056	-0.0599865106674	-0.0609845552317	-0.0361861053117	0.0321453015658	-0.032412388596	-0.0561694959417	0.0559807161557	-0.00100905633106	-0.0193367260255	0.00425098513723	-0.0129014577193	-0.0161681957631	-0.0328884495694	0.00946285383163	-0.0030185393562	0.0205852248937	-0.0802672212985	-0.0443471118359	-0.0100558783481	-0.0513502341896	-0.00716650890203	-0.044444813514	0.0289627400176	-0.00997342992368	0.00312452419217	0.0905382441791	0.0222179364262
k__Bacteria;p__Actinobacteria;c__Actinobacteria;o__Bifidobacteriales;f__Bifidobacteriaceae;g__Bifidobacterium;s__Bifidobacterium_longum	0.0171822559871	0.0391674738427	-0.0157341740546	0.0105585465826	0.0200924075235	0.0225829979508	-0.0333627051579	-0.0498915876819	0.00525620414114	-0.0597232943013	-0.067134596413	-0.0182288301755	-0.00504537186957	0.0298543522933	-0.0708962486474	0.000124144317274	-0.0069065593178	0.0240575902492	0.0182986795592	-0.00441751531808	-0.0323073398657	-0.0219430362381	0.0160736824541	-0.0702926569571	0.0336808411656	-0.026007684015	-0.0342092626128	-0.0159847894386	0.0403036495216	1.0	0.0239205096162	0.0237762929569	-0.0224711397302	0.0132268459591	0.0206556025973	0.0450322654341	0.0271727988697	0.0442868723269	-0.0207992628222	0.0369418250794	-0.0191424415426	-0.0277375791481	0.0118259168398	-0.0290786343158	0.015623815142	-0.0136984557734	-0.0183771688838	-0.054294490197	-0.0308337037566	-0.0632706724779	-0.030405040035	0.0216473544975	0.00594784692108	0.0150223884127	-0.0575924535682	-0.00417129256097	-0.0222119342438	-0.0706240767806	0.040121815535
