#taxonomy	k__Bacteria;p__Bacteroidetes;c__Bacteroidia;o__Bacteroidales;f__Bacteroidaceae;g__Bacteroides;s__Bacteroides_vulgatus	k__Bacteria;p__Bacteroidetes;c__Bacteroidia;o__Bacteroidales;f__Bacteroidaceae;g__Bacteroides;s__Bacteroides_uniformis	k__Bacteria;p__Bacteroidetes;c__Bacteroidia;o__Bacteroidales;f__Rikenellaceae;g__Alistipes;s__Alistipes_putredinis	k__Bacteria;p__Bacteroidetes;c__Bacteroidia;o__Bacteroidales;f__Prevotellaceae;g__Prevotella;s__Prevotella_copri	k__Bacteria;p__Bacteroidetes;c__Bacteroidia;o__Bacteroidales;f__Bacteroidaceae;g__Bacteroides;s__Bacteroides_stercoris	k__Bacteria;p__Bacteroidetes;c__Bacteroidia;o__Bacteroidales;f__Bacteroidaceae;g__Bacteroides;s__Bacteroides_ovatus	k__Bacteria;p__Bacteroidetes;c__Bacteroidia;o__Bacteroidales;f__Rikenellaceae;g__Alistipes;s__Alistipes_shahii	k__Bacteria;p__Firmicutes;c__Clostridia;o__Clostridiales;f__Ruminococcaceae;g__Faecalibacterium;s__Faecalibacterium_prausnitzii	k__Bacteria;p__Bacteroidetes;c__Bacteroidia;o__Bacteroidales;f__Rikenellaceae;g__Alistipes;s__Alistipes_finegoldii	k__Bacteria;p__Bacteroidetes;c__Bacteroidia;o__Bacteroidales;f__Porphyromonadaceae;g__Parabacteroides;s__Parabacteroides_distasonis	k__Bacteria;p__Bacteroidetes;c__Bacteroidia;o__Bacteroidales;f__Bacteroidaceae;g__Bacteroides;s__Bacteroides_thetaiotaomicron	k__Bacteria;p__Bacteroidetes;c__Bacteroidia;o__Bacteroidales;f__Bacteroidaceae;g__Bacteroides;s__Bacteroides_coprocola	k__Bacteria;p__Bacteroidetes;c__Bacteroidia;o__Bacteroidales;f__Bacteroidaceae;g__Bacteroides;s__Bacteroides_cellulosilyticus	k__Bacteria;p__Bacteroidetes;c__Bacteroidia;o__Bacteroidales;f__Rikenellaceae;g__Alistipes;s__Alistipes_obesi	k__Bacteria;p__Firmicutes;c__Clostridia;o__Clostridiales;f__Lachnospiraceae;g__;s__[Eubacterium]_rectale	k__Bacteria;p__Bacteroidetes;c__Bacteroidia;o__Bacteroidales;f__Bacteroidaceae;g__Bacteroides;s__Bacteroides_plebeius	k__Bacteria;p__Bacteroidetes;c__Bacteroidia;o__Bacteroidales;f__Bacteroidaceae;g__Bacteroides;s__Bacteroides_fragilis	k__Bacteria;p__Proteobacteria;c__Betaproteobacteria;o__Burkholderiales;f__Sutterellaceae;g__Sutterella;s__Sutterella_wadsworthensis	k__Bacteria;p__Bacteroidetes;c__Bacteroidia;o__Bacteroidales;f__Porphyromonadaceae;g__Barnesiella;s__Barnesiella_intestinihominis	k__Bacteria;p__Bacteroidetes;c__Bacteroidia;o__Bacteroidales;f__Odoribacteraceae;g__Odoribacter;s__Odoribacter_splanchnicus	k__Bacteria;p__Bacteroidetes;c__Bacteroidia;o__Bacteroidales;f__Bacteroidaceae;g__Bacteroides;s__Bacteroides_salyersiae	k__Bacteria;p__Firmicutes;c__Clostridia;o__Clostridiales;f__Ruminococcaceae;g__Ruminiclostridium;s__[Eubacterium]_siraeum	k__Bacteria;p__Proteobacteria;c__Betaproteobacteria;o__Burkholderiales;f__Sutterellaceae;g__Parasutterella;s__Parasutterella_excrementihominis	k__Bacteria;p__Actinobacteria;c__Actinobacteria;o__Bifidobacteriales;f__Bifidobacteriaceae;g__Bifidobacterium;s__Bifidobacterium_adolescentis	k__Bacteria;p__Firmicutes;c__Clostridia;o__Clostridiales;f__Oscillospiraceae;g__Oscillibacter;s__Oscillibacter_sp._KLE_1745	k__Bacteria;p__Bacteroidetes;c__Bacteroidia;o__Bacteroidales;f__Bacteroidaceae;g__Bacteroides;s__Bacteroides_coprophilus	k__Bacteria;p__Firmicutes;c__Clostridia;o__Clostridiales;f__Lachnospiraceae;g__Roseburia;s__Roseburia_intestinalis	k__Bacteria;p__Firmicutes;c__Clostridia;o__Clostridiales;f__Lachnospiraceae;g__Roseburia;s__Roseburia_hominis	k__Bacteria;p__Bacteroidetes;c__Bacteroidia;o__Bacteroidales;f__Porphyromonadaceae;g__Parabacteroides;s__Parabacteroides_johnsonii	k__Bacteria;p__Actinobacteria;c__Actinobacteria;o__Bifidobacteriales;f__Bifidobacteriaceae;g__Bifidobacterium;s__Bifidobacterium_longum	k__Bacteria;p__Firmicutes;c__Clostridia;o__Clostridiales;f__;g__Flavonifractor;s__Flavonifractor_plautii	k__Bacteria;p__Firmicutes;c__Clostridia;o__Clostridiales;f__Clostridiaceae;g__Clostridium;s__Clostridium_phoceensis	k__Bacteria;p__Verrucomicrobia;c__Verrucomicrobiae;o__Verrucomicrobiales;f__Akkermansiaceae;g__Akkermansia;s__Akkermansia_muciniphila	k__Bacteria;p__Bacteroidetes;c__Bacteroidia;o__Bacteroidales;f__Prevotellaceae;g__Paraprevotella;s__Paraprevotella_xylaniphila	k__Bacteria;p__Firmicutes;c__Clostridia;o__Clostridiales;f__Ruminococcaceae;g__Ruminococcus;s__Ruminococcus_callidus	k__Bacteria;p__Bacteroidetes;c__Bacteroidia;o__Bacteroidales;f__Rikenellaceae;g__Alistipes;s__Alistipes_senegalensis	k__Bacteria;p__Firmicutes;c__Clostridia;o__Clostridiales;f__Lachnospiraceae;g__Blautia;s__Blautia_sp._KLE_1732	k__Bacteria;p__Bacteroidetes;c__Bacteroidia;o__Bacteroidales;f__Bacteroidaceae;g__Bacteroides;s__Bacteroides_oleiciplenus	k__Bacteria;p__Firmicutes;c__Clostridia;o__Clostridiales;f__Ruminococcaceae;g__Ruminococcus;s__Ruminococcus_bicirculans	k__Bacteria;p__Bacteroidetes;c__Bacteroidia;o__Bacteroidales;f__Bacteroidaceae;g__Bacteroides;s__Bacteroides_fluxus	k__Bacteria;p__Bacteroidetes;c__Bacteroidia;o__Bacteroidales;f__Prevotellaceae;g__Prevotella;s__Prevotella_stercorea	k__Bacteria;p__Firmicutes;c__Clostridia;o__Clostridiales;f__Lachnospiraceae;g__Dorea;s__Dorea_longicatena	k__Bacteria;p__Firmicutes;c__Clostridia;o__Clostridiales;f__Eubacteriaceae;g__Eubacterium;s__[Eubacterium]_eligens	k__Bacteria;p__Firmicutes;c__Clostridia;o__Clostridiales;f__Ruminococcaceae;g__;s__Ruminococcaceae_bacterium_D16	k__Bacteria;p__Firmicutes;c__Clostridia;o__Clostridiales;f__Lachnospiraceae;g__Coprococcus;s__Coprococcus_comes	k__Bacteria;p__Proteobacteria;c__Gammaproteobacteria;o__Enterobacterales;f__Enterobacteriaceae;g__Escherichia;s__Escherichia_coli	k__Bacteria;p__Firmicutes;c__Clostridia;o__Clostridiales;f__Ruminococcaceae;g__Anaerotruncus;s__Anaerotruncus_colihominis	k__Bacteria;p__Firmicutes;c__Clostridia;o__Clostridiales;f__Lachnospiraceae;g__Blautia;s__Blautia_obeum	k__Bacteria;p__Bacteroidetes;c__Bacteroidia;o__Bacteroidales;f__Odoribacteraceae;g__Odoribacter;s__Odoribacter_laneus	k__Bacteria;p__Firmicutes;c__Clostridia;o__Clostridiales;f__Ruminococcaceae;g__Ruminiclostridium;s__[Clostridium]_leptum	k__Bacteria;p__Bacteroidetes;c__Bacteroidia;o__Bacteroidales;f__Porphyromonadaceae;g__Parabacteroides;s__Parabacteroides_goldsteinii	k__Bacteria;p__Firmicutes;c__Clostridia;o__Clostridiales;f__Lachnospiraceae;g__Anaerostipes;s__Anaerostipes_hadrus	k__Bacteria;p__Firmicutes;c__Clostridia;o__Clostridiales;f__Ruminococcaceae;g__Ruminococcus;s__Ruminococcus_lactaris	k__Bacteria;p__Firmicutes;c__Clostridia;o__Clostridiales;f__Clostridiaceae;g__Clostridium;s__Clostridium_sp._L2-50	k__Bacteria;p__Firmicutes;c__Clostridia;o__Clostridiales;f__Clostridiaceae;g__Clostridium;s__Clostridium_sp._M62/1	k__Bacteria;p__Firmicutes;c__Clostridia;o__Clostridiales;f__;g__Intestinimonas;s__Intestinimonas_butyriciproducens	k__Bacteria;p__Actinobacteria;c__Actinobacteria;o__Bifidobacteriales;f__Bifidobacteriaceae;g__Bifidobacterium;s__Bifidobacterium_bifidum	k__Bacteria;p__Firmicutes;c__Negativicutes;o__Veillonellales;f__Veillonellaceae;g__Dialister;s__Dialister_invisus	k__Bacteria;p__Bacteroidetes;c__Bacteroidia;o__Bacteroidales;f__Bacteroidaceae;g__Bacteroides;s__Bacteroides_salanitronis
k__Bacteria;p__Bacteroidetes;c__Bacteroidia;o__Bacteroidales;f__Bacteroidaceae;g__Bacteroides;s__Bacteroides_vulgatus	1.0	0.0532423478409	0.0206604439756	-0.0276781002425	0.0529257313584	0.022322576074	-0.000626011776561	0.020913116629	-0.0592906273615	-0.0306436116108	-0.000693881045362	-0.0323406199006	0.0860484582828	-0.0251286440131	-0.0235528726365	-0.0375177915046	0.0038139192514	-0.0441191474565	-0.0506009579213	-0.0151188262458	-0.0154038704643	-0.00263148435764	0.0293083421503	0.000602526514803	-0.0460127436465	0.0456433900387	0.0334383310256	-0.0408678370897	0.0357199558455	-0.0281207378326	0.0076038697658	-0.016180262315	-0.0479479560225	0.022804634429	0.00627567900008	0.0338100170416	0.0104296438067	-0.0117626030126	0.0360681696557	0.0689923490807	-0.00814634783368	-0.0153105308375	0.0102399672483	0.0180389679146	-0.00581990018614	-0.0686022079046	-0.107850367416	-0.0333150006249	-0.0303959603712	0.0630641747585	-0.102076003406	-0.105784184174	-0.0426206234615	-0.045866498066	0.0520549178044	0.0290107560755	-0.0681970885811	-0.00195779390592	-0.0306769371994
k__Bacteria;p__Bacteroidetes;c__Bacteroidia;o__Bacteroidales;f__Bacteroidaceae;g__Bacteroides;s__Bacteroides_uniformis	0.0532423478409	1.0	-0.0255313620705	-0.0639548698265	-0.0437047376949	-0.0265989449246	-0.0271633781174	-0.0387521847105	-0.0192219221852	-0.0725980199485	-0.0551563024224	-0.0148344742037	0.0252277390534	0.00684858029362	0.0301416587785	0.0324984855549	0.00881924257774	-0.0276663764744	0.0327640328344	-0.0395195627887	-0.0442770081492	0.049835786197	-0.0425825009426	0.00306060353803	-0.0214510757811	-0.00672088145896	0.0368503516407	0.0161922804037	-0.0192077193287	-0.0273884040608	-0.0516229524711	-0.0333764547493	-0.0337769608458	0.0328007036888	-0.0634324259088	0.032137125232	-0.0165617009661	0.00327734687512	-0.0115834814254	0.0160704142449	-0.021649655581	0.034797753522	0.0128461751823	0.0154650891863	-0.000412080094682	0.0636590654326	-0.000135031982082	0.0358480259166	-0.0216547606057	-0.0103147587674	-0.0263818584353	-0.00442638275525	0.0196438453755	-0.0936868833882	0.0453731406314	0.0154520182556	0.0685911121695	-0.0249080568308	0.0142075630107
k__Bacteria;p__Bacteroidetes;c__Bacteroidia;o__Bacteroidales;f__Rikenellaceae;g__Alistipes;s__Alistipes_putredinis	0.0206604439756	-0.0255313620705	1.0	-0.00910465914468	-0.0309053852193	0.0274799542674	-0.0463890859791	-0.0395245512898	-0.0786188318695	-0.0550638972635	0.0240037922443	-0.0496776956535	-0.0483730400136	0.0131808791533	-0.0837254646385	0.0210057404913	-0.0432650094035	-0.0333451341863	-0.0345041770794	-0.0178744943772	0.0371610294407	-0.0520680073782	-0.0823243064968	-0.0306256171193	-0.046844624768	0.0323032408753	0.0177741094148	-0.00997329634765	-0.0339558812946	-0.0463569433832	0.0603919406467	0.0360743431823	0.0447485877712	-0.0388658476292	0.0529942855957	-0.138424952734	-0.0524228610095	-0.0105553111546	0.0238235827723	0.0109910747739	0.0373487222052	0.0019412658224	0.0483398090173	0.054706394497	-0.0157748444904	-0.027789111751	-0.015551466971	0.0587252031358	0.0648245043507	-0.0353461639525	0.00560433154568	-0.0251394026514	0.0399412200489	0.0132998738797	0.00364231067546	-0.0239359913613	0.00371401922011	0.0414492851834	-0.0156818775743
k__Bacteria;p__Bacteroidetes;c__Bacteroidia;o__Bacteroidales;f__Prevotellaceae;g__Prevotella;s__Prevotella_copri	-0.0276781002425	-0.0639548698265	-0.00910465914468	1.0	-0.092775465967	-0.00286306539536	-0.0665444530446	0.0041364415475	-0.00286281307474	0.0223070075472	0.00960951322395	-0.0063768838128	0.0100498773374	0.00948331088567	0.0355456348875	-0.0509532462379	0.0205591502154	0.00410518486939	-0.00484934313415	-0.0294686639679	-0.0394952132985	-0.0126941616961	0.0405671066856	-0.0120916858642	0.0417019537461	0.0293071669965	-0.0359674039188	0.0198347947411	0.0213798407065	-0.0230763399141	-0.0626776091594	-0.0584735589391	0.037103677765	-0.0665095814588	-0.0245546025513	0.0433142494936	-0.0419692741612	-0.0539270249251	0.00320290633404	0.00928240757009	-0.043161606522	0.00201548990254	0.0146652901511	0.0270342887161	-0.012431788655	0.0116303459099	-0.0827024318607	-0.0321415760225	-0.0331405753567	0.0129576856444	0.0162390071009	-0.0176562156096	0.0258017693469	0.0177418413571	-0.0363262740355	-0.0138675314156	0.0518582733322	0.0291231756806	0.0325005932189
k__Bacteria;p__Bacteroidetes;c__Bacteroidia;o__Bacteroidales;f__Bacteroidaceae;g__Bacteroides;s__Bacteroides_stercoris	0.0529257313584	-0.0437047376949	-0.0309053852193	-0.092775465967	1.0	0.0429218567569	-0.0479186477036	-0.0294590282688	0.0186531769537	-0.0140582089364	-0.00350834464111	-0.0809019928382	-0.00296531807795	-0.0380797087565	-0.0220349906438	0.0511192771503	0.0106323168274	-0.0785833584174	-0.0262421516518	-0.00319204230439	0.0247552793221	-0.142580651269	-0.0190018588185	-0.036370474181	0.0698115449055	-0.0183069110051	-0.0198091893718	-0.0578054962256	-0.0380989274412	0.000895234514472	0.024092837326	-0.0426225459913	0.0504763093985	-0.0756841461308	-0.0100159740605	-0.106693811145	0.0172399362756	0.0279427561046	-0.00360809123375	0.00992610873245	-0.00315515234857	-0.0663320339773	0.0563181218947	0.0584073177676	0.00240272956342	-0.0109478272073	-0.0362630331945	-0.0353114712104	0.0167944586149	0.02290507664	-0.0371738860019	0.012473452318	0.00156603871815	-0.0294536191861	0.0320435768733	-0.00537564656375	0.0409962758887	0.0265269353562	0.00565915586464
k__Bacteria;p__Bacteroidetes;c__Bacteroidia;o__Bacteroidales;f__Bacteroidaceae;g__Bacteroides;s__Bacteroides_ovatus	0.022322576074	-0.0265989449246	0.0274799542674	-0.00286306539536	0.0429218567569	1.0	0.0522284035132	-0.0523189971755	-0.0457680375921	-0.0110158452449	0.0773819783263	0.00396633884404	-0.0533244873767	-0.0503498262208	-0.0154921787535	0.0114983536192	-0.0189507342648	-0.0127412673085	0.0587795219558	-0.0535614103401	0.00811303666877	-0.0251087835291	-0.0535440788591	0.0561330535869	-0.0772342103845	0.00588153402911	-0.0119074184822	0.00161154002854	0.0119690943336	0.0110903452824	-0.0186713652711	0.0400914131858	-0.098595460113	-0.0023958758191	-0.0817870265853	-0.033960399351	0.00236040916405	-0.0628884948222	0.0097826180063	-0.0659538189712	0.0219567987547	-0.00167203279475	0.043565171293	-0.0408473651986	-0.0132020191933	-0.0123755724491	-0.02356498712	-0.0140456286635	-0.0105489244286	-0.0312822051721	-0.0950343231397	-0.0125238851053	-0.0435803510362	0.00772302973884	0.0375012656973	-0.0261089623651	-0.0483281118182	-0.0121179015087	0.00806157363627
k__Bacteria;p__Bacteroidetes;c__Bacteroidia;o__Bacteroidales;f__Rikenellaceae;g__Alistipes;s__Alistipes_shahii	-0.000626011776561	-0.0271633781174	-0.0463890859791	-0.0665444530446	-0.0479186477036	0.0522284035132	1.0	-0.0278217145134	-0.0214142891494	0.00361388796319	0.0514821816248	-0.00103279366151	-0.0854414871564	0.0441420561208	0.0285028529156	0.00351610668855	-0.0274729942267	-0.00536704296441	-0.0171300635405	-0.0301904499953	-0.0121113179528	0.0588255811334	0.0205726422843	0.0363927806474	-0.058826869605	0.0253070493352	-0.0358663573575	-0.0312865768586	-0.0227514853425	0.0215372208437	-0.0427595529139	0.0312101360277	0.00585772363832	-0.0875009284636	0.0454805964554	-0.0520056393042	-0.0139788269937	0.012025679552	0.0325638096661	-0.0310538568799	0.0272348795211	-0.0436957729704	-0.0834702228444	-0.055114810983	0.0540779456543	0.0212763857476	0.00179376129298	-0.0152133955889	-0.0504749344432	0.0520478457696	0.0244231807579	-0.0322326339737	0.00492832249289	0.0521490100171	-0.00754777439316	-0.074866570322	0.0558178441094	-0.0655186037674	-0.047070571247
k__Bacteria;p__Firmicutes;c__Clostridia;o__Clostridiales;f__Ruminococcaceae;g__Faecalibacterium;s__Faecalibacterium_prausnitzii	0.020913116629	-0.0387521847105	-0.0395245512898	0.0041364415475	-0.0294590282688	-0.0523189971755	-0.0278217145134	1.0	-0.0306216419844	-0.0226915712913	0.0117143734744	0.00170543675108	-0.0226141508703	0.0259123981603	-0.0395262340614	-0.00850615074962	0.0208054821327	-0.0702447064479	-0.00284054990928	-0.00872386156149	0.0144473736982	-0.0283857163302	0.0570899909685	0.0156744530162	0.00472518974436	-0.00831216709286	-0.062270253472	0.0295098757421	0.0298569221314	-0.0406960553554	-0.0264329000032	-0.0132426310335	-0.0221516316505	0.00532675317728	0.0322178784488	0.00892540099162	0.0221338817265	-0.00635654073603	-0.0343288312932	0.0160616002734	0.00879013317202	0.0183956161816	-0.0376130769996	-0.0152986647414	0.0238308347691	-0.00454974093767	-0.0127551060116	-0.0322829304386	0.00506881564865	-0.00144174631107	-0.0291713375028	0.0248731070909	-0.0496081153426	-0.021833196783	-0.0751469512611	0.0351375368419	0.0154202081545	-0.05061039867	0.0148537348221
k__Bacteria;p__Bacteroidetes;c__Bacteroidia;o__Bacteroidales;f__Rikenellaceae;g__Alistipes;s__Alistipes_finegoldii	-0.0592906273615	-0.0192219221852	-0.0786188318695	-0.00286281307474	0.0186531769537	-0.0457680375921	-0.0214142891494	-0.0306216419844	1.0	-0.00480200449652	0.00291809661006	-0.0384095278873	0.0210595698985	0.000763494904375	0.0426991020646	0.0156597184372	-0.00873015317923	0.0513807110181	0.0645333595811	-0.0893039937724	-0.0384785016269	0.078366156306	-0.0146047732874	0.0449062682104	0.0107295663707	-0.0370336035814	-0.0356283632527	0.0251750377471	0.0221206693123	0.0145332329459	-0.039956825708	-0.0218965191508	-0.00524467351151	0.0151048523976	-0.0263451199871	-0.0153947082543	-0.000193320149483	-0.00554483813154	0.0358136938867	-0.0247632910317	0.0229969432569	-0.0380047328617	-0.00201336306119	-0.00295655625505	-0.084518202963	0.000276637947794	0.0351560732733	-0.0375386808493	0.0199628958896	0.0220727486364	0.0157736649576	0.0615924557122	-0.0273127183876	-0.0299276109655	-0.0066894073645	-0.0867910462133	-0.0297894962893	-0.0131181853388	-0.0274926153257
k__Bacteria;p__Bacteroidetes;c__Bacteroidia;o__Bacteroidales;f__Porphyromonadaceae;g__Parabacteroides;s__Parabacteroides_distasonis	-0.0306436116108	-0.0725980199485	-0.0550638972635	0.0223070075472	-0.0140582089364	-0.0110158452449	0.0036138879632	-0.0226915712913	-0.00480200449652	1.0	0.0465334192417	-0.0333502261128	-0.0576348026812	-0.0206744623786	0.0526633931917	0.00548648254039	0.0037389716457	-0.047236739448	-0.0467376327989	-0.0539023839201	0.000370455347029	-0.0550510925795	0.00179686426197	-0.0200503367081	-0.0129593141476	0.0181839707004	0.00201555686525	0.0209524016294	-0.0156359724263	-0.0113477609494	-0.00771979583259	-0.0118060778874	0.00819079998758	-0.0428453845487	0.0402254024218	-0.0705632800335	-0.0110234499383	0.0242513001467	0.039741734199	0.0192603819181	-0.0572650247733	-0.00903059928938	-0.0304822840377	-0.0796572037958	0.0228950777063	0.0115912445215	-0.0276434953028	-0.0496532298698	-0.0102944125761	-0.0112659121307	0.0489714015202	-0.0242546382297	-0.0202543844349	0.0273091393748	-0.047036640841	-0.0709618227149	0.0534765228914	-0.0440362477921	-0.0399408060069
k__Bacteria;p__Bacteroidetes;c__Bacteroidia;o__Bacteroidales;f__Bacteroidaceae;g__Bacteroides;s__Bacteroides_thetaiotaomicron	-0.000693881045362	-0.0551563024224	0.0240037922443	0.00960951322395	-0.00350834464111	0.0773819783263	0.0514821816248	0.0117143734744	0.00291809661006	0.0465334192417	1.0	0.0193832478417	0.0368064381057	-0.0648837739976	-0.0630063878411	0.00384627811486	-0.0625100616726	0.0256368071385	0.0553242126007	0.0158278225229	-0.0448181506167	-0.0276000650377	-0.0379932419086	-0.0181873782909	0.0228581033209	0.00434948786233	-0.0636124378907	0.0311915191196	-0.00238736780253	-0.0383175206858	0.0151276605773	-0.0127749803937	-0.00234256161609	0.00258206792281	-0.0392863107251	-1.92845586299e-05	-0.0232026376789	-0.00229255434262	0.0623812954357	-0.0687411899245	0.0441737042124	0.0413877058785	0.0401381946382	0.0370607863551	0.0228925171829	-0.0251730137024	-0.0221362471559	0.0334392251934	-0.0262306956242	0.028662523603	-0.00779941143525	0.0229294451551	-0.0588747605749	-0.0373871734602	-0.0681552173953	-0.028193121024	-0.00270087022067	0.0149600188163	-0.035660236168
k__Bacteria;p__Bacteroidetes;c__Bacteroidia;o__Bacteroidales;f__Bacteroidaceae;g__Bacteroides;s__Bacteroides_coprocola	-0.0323406199006	-0.0148344742037	-0.0496776956535	-0.0063768838128	-0.0809019928382	0.00396633884404	-0.00103279366151	0.00170543675108	-0.0384095278873	-0.0333502261128	0.0193832478417	1.0	0.0270423196395	0.0412113857818	-0.0164823536145	0.0107751934008	-0.00220220273473	-0.0418646860109	-0.00486325027885	-0.0910615914462	0.00814304323506	-0.0122136061819	-0.0283806659049	-0.00427658848481	0.0043766190525	-0.00173916361734	-0.00486735599922	-0.0323641617831	-0.0301486987039	0.074529414682	-0.0217469976602	-0.0268287242219	-0.0533216581455	-0.0205390858048	-0.0120681548166	-0.0534237632396	-0.0507456915464	0.0490418194066	-0.0315948773049	-0.0280830311509	-0.016404774516	0.0253901279619	0.0381515943706	-0.0690828585846	0.0414332547856	0.0307003784582	-0.00246027332728	0.00305291486035	-0.0187144096419	-0.0144477954441	0.00451002293391	0.0133713679381	-0.0250804477561	0.0764551666735	-0.0120288519294	0.00971203101805	-0.022564410573	0.0476687168746	0.0105615189241
k__Bacteria;p__Bacteroidetes;c__Bacteroidia;o__Bacteroidales;f__Bacteroidaceae;g__Bacteroides;s__Bacteroides_cellulosilyticus	0.0860484582828	0.0252277390534	-0.0483730400136	0.0100498773374	-0.00296531807795	-0.0533244873767	-0.0854414871564	-0.0226141508703	0.0210595698985	-0.0576348026812	0.0368064381057	0.0270423196395	1.0	-0.00603214131107	-0.0344668563896	0.0192041447828	0.0205469552776	-0.0826659159721	-0.0516652954958	-0.00936389887795	-0.0382684592425	-0.0817593357789	-0.0332133985356	0.00694058338631	-0.00658740556112	0.027296666072	-0.00203277090284	0.013708358997	-0.0262140280594	0.0123392823669	0.0112759185731	0.0287544148204	0.041006132143	-0.0401078099486	-0.0169632065471	-0.0455305062175	0.0119538617215	-0.0122700741499	-0.0147362325063	-0.0356766560017	0.111612248088	-0.00361703675436	0.0252906059654	-0.0223951863569	-0.0284802328444	0.0330471395545	0.0115934614729	-0.0262343740301	-0.00088275549092	0.00442122542342	-0.0108815670229	0.0174289108575	-0.0182955980313	0.0275896775234	0.00607961013271	-0.00490237680556	-0.0359234196721	-0.000728189819662	0.00615954898913
k__Bacteria;p__Bacteroidetes;c__Bacteroidia;o__Bacteroidales;f__Rikenellaceae;g__Alistipes;s__Alistipes_obesi	-0.0251286440131	0.00684858029362	0.0131808791533	0.00948331088567	-0.0380797087565	-0.0503498262208	0.0441420561208	0.0259123981603	0.000763494904375	-0.0206744623786	-0.0648837739976	0.0412113857818	-0.00603214131107	1.0	0.0226056728804	-0.00518457253875	-0.00710029559166	-0.017876940604	-0.0222914819957	-0.0120910566796	-0.0230216949507	0.0346752818012	-0.0449739048191	-0.00563045923806	-0.0843477507896	-0.0115940683	-0.0406079011145	0.0294855528595	0.0532690598758	-0.0258531818612	-0.0229248931802	-0.000940620768014	0.00327625394988	-0.0561630013598	-0.0245549831603	-0.0690181697589	0.00216394324661	0.00345691593646	-0.0409885533771	0.0155742500515	-0.0119181725914	-0.0655162935416	-0.0605345676209	-0.0555130341044	0.073795050757	0.066409889332	-0.0129335742102	0.0403628063082	-0.0407081002487	-0.0548872713033	-0.0116701089937	-0.0096761901608	-0.0443392689269	-0.0215788786211	-0.0233167611312	0.0328088287636	0.0490120516138	0.00587986582396	-0.0102303697488
k__Bacteria;p__Firmicutes;c__Clostridia;o__Clostridiales;f__Lachnospiraceae;g__;s__[Eubacterium]_rectale	-0.0235528726365	0.0301416587785	-0.0837254646385	0.0355456348875	-0.0220349906438	-0.0154921787535	0.0285028529156	-0.0395262340614	0.0426991020646	0.0526633931917	-0.0630063878411	-0.0164823536145	-0.0344668563896	0.0226056728804	1.0	-0.00677192104118	0.0138282837605	-0.000706629215773	-0.0402832848923	-0.0567005688887	0.00267592181638	0.0663237493048	-0.021763982792	-0.0277202449326	0.0308494914009	-0.0226874463885	0.0263780506832	-0.00628434356043	-0.0371731347238	0.0761532335159	0.0212258997929	-0.0994259117846	-0.0551082596105	-0.0734250452553	-0.0453509788018	0.00674522547581	-0.057636535698	-0.0354703840938	0.0625034580131	0.0118464693394	0.0105462801443	0.0539632656909	0.0467103004863	0.0287778660735	-0.025603791427	0.0403373826799	0.00687468113903	-0.10394692495	0.00862261579725	0.0238118435261	0.0195238554394	0.017506478356	0.0327933860434	-0.0147759235478	-0.0170642071492	-0.0690881135029	0.029551811301	-0.0911442905667	-0.0483669911403
k__Bacteria;p__Bacteroidetes;c__Bacteroidia;o__Bacteroidales;f__Bacteroidaceae;g__Bacteroides;s__Bacteroides_plebeius	-0.0375177915046	0.0324984855549	0.0210057404913	-0.0509532462379	0.0511192771503	0.0114983536192	0.00351610668855	-0.00850615074962	0.0156597184372	0.00548648254039	0.00384627811486	0.0107751934008	0.0192041447828	-0.00518457253875	-0.00677192104118	1.0	0.0164588385442	0.0362333645898	-0.0478567815024	-0.0366994555298	-0.00743851745878	-0.0432267465683	-0.060825982781	-0.0267102105787	-0.0196843510095	-0.0547722679584	-0.0219541108906	-0.0173142153439	0.0110694143961	0.0236540140364	-0.0840664583318	-0.0230296076242	-0.0911025942077	-0.0176311339414	0.0087889473201	-0.0845202658795	-0.0422724242886	-0.0372068948323	0.0972074346858	-0.0165927507041	0.000779286877229	-0.0324605431864	-0.0503595757503	-0.0286459991706	-0.0390430926523	0.0196828925585	-0.0175557495094	0.0166994063463	-0.00152806576833	-0.0401065931368	-0.0407630295291	0.0198233848797	0.0147993768244	-0.0280228597752	0.0273205551711	-0.00654735951831	0.0198353074782	-0.0207359193074	0.0467339913382
k__Bacteria;p__Bacteroidetes;c__Bacteroidia;o__Bacteroidales;f__Bacteroidaceae;g__Bacteroides;s__Bacteroides_fragilis	0.0038139192514	0.00881924257774	-0.0432650094035	0.0205591502154	0.0106323168274	-0.0189507342648	-0.0274729942267	0.0208054821327	-0.00873015317923	0.0037389716457	-0.0625100616726	-0.00220220273473	0.0205469552776	-0.00710029559166	0.0138282837605	0.0164588385442	1.0	-0.0130081621521	-0.0137472453413	-0.0472157166691	0.00362666520515	0.0085515126381	-0.00971904636498	-0.0250377904066	-0.0448439550044	-0.0977506871055	0.0221505417277	-0.00872755540514	0.000122491803582	-0.0041576565684	-0.0244544395956	-0.0431916773404	-0.014194716614	-0.0229964578735	0.00648649178467	-0.0120555652394	0.00765073370127	-0.0686556463017	-0.00114283607737	-0.00222516852064	0.0258515440097	0.00673176677133	-0.0426261153956	0.0400355400301	0.00711238647598	0.0497517777351	0.043290481311	-0.00623406366372	-0.00914608985841	0.0479257625602	-0.0351254473521	0.06569350987	0.00188799100507	0.028771914072	-0.0311036870982	0.0202694379399	-0.0329390687888	-0.011977606104	-0.00573380076493
k__Bacteria;p__Proteobacteria;c__Betaproteobacteria;o__Burkholderiales;f__Sutterellaceae;g__Sutterella;s__Sutterella_wadsworthensis	-0.0441191474565	-0.0276663764744	-0.0333451341863	0.00410518486939	-0.0785833584174	-0.0127412673085	-0.00536704296441	-0.0702447064479	0.0513807110181	-0.047236739448	0.0256368071385	-0.0418646860109	-0.0826659159721	-0.017876940604	-0.000706629215772	0.0362333645898	-0.0130081621521	1.0	-0.0369411983686	0.026267577737	0.0473930867221	0.033137702381	-0.0382955319117	0.00624634902952	-0.00375446476154	-0.0209538820542	-0.0299364363861	0.0437557172908	0.0405694421404	-0.0358428434417	-0.0417096601036	0.00470669355869	-0.0175999224801	-0.0224406809825	-0.0161941048258	0.0066864437896	-0.0271964448022	0.00950472991581	0.0124394849996	-0.0213279431727	0.022291269233	-0.0783567872399	0.00963258514712	-0.0315643910792	-0.00128688968709	0.018600326062	-0.00144530644777	0.0195468668424	-0.0300857809098	-0.0407523507876	0.0104357856754	-0.0273903811034	-0.10684168	-0.04873659762	0.0776339875973	-0.00217761186641	-0.011473461322	0.0195977298454	-0.046034861799
k__Bacteria;p__Bacteroidetes;c__Bacteroidia;o__Bacteroidales;f__Porphyromonadaceae;g__Barnesiella;s__Barnesiella_intestinihominis	-0.0506009579213	0.0327640328344	-0.0345041770794	-0.00484934313415	-0.0262421516518	0.0587795219558	-0.0171300635405	-0.00284054990928	0.0645333595811	-0.0467376327989	0.0553242126007	-0.00486325027885	-0.0516652954958	-0.0222914819957	-0.0402832848923	-0.0478567815024	-0.0137472453413	-0.0369411983686	1.0	-0.0699708805932	-0.0450761478756	-0.0318671310771	-0.000596107687932	-0.0487149509791	-0.020340197267	0.053341251992	-0.0550397649704	-0.0363664551546	0.035667981666	0.0181931897369	-0.0214849924595	-0.012082748706	-0.0338656303759	0.0530289982559	0.0197351785342	0.0678489666755	-0.00349700103065	-0.0353188379834	0.0160320140149	-0.0110682823567	0.0105924683526	-0.0099277923237	0.0637429213465	0.0120007168233	-0.00638398053768	0.0123139441452	0.0804073012274	-0.0271223421709	0.00477267471428	-0.00827796966612	0.00373857501159	0.0262426082381	-0.0521712400939	-0.0182582045234	0.00703425266539	-0.0708829846359	0.000166286648657	0.0388240076415	-0.0254232687217
k__Bacteria;p__Bacteroidetes;c__Bacteroidia;o__Bacteroidales;f__Odoribacteraceae;g__Odoribacter;s__Odoribacter_splanchnicus	-0.0151188262458	-0.0395195627887	-0.0178744943772	-0.0294686639679	-0.00319204230439	-0.0535614103401	-0.0301904499953	-0.00872386156149	-0.0893039937724	-0.0539023839201	0.0158278225229	-0.0910615914462	-0.00936389887795	-0.0120910566796	-0.0567005688887	-0.0366994555298	-0.0472157166691	0.026267577737	-0.0699708805932	1.0	-0.056820602199	0.00389908089333	0.0262837446863	0.008953536063	0.0397922898761	0.038726372751	0.0750749095187	-0.00211443002838	0.0341443102486	0.0831252230024	0.0100287538903	-0.0104127442836	0.00269899388907	0.0288739059603	0.0559511090803	0.0077473209125	-0.0491728501464	-0.0512502176448	-0.0550584089521	-0.000502298280138	-0.0568554747806	0.0200496103726	-0.0676289243199	-0.0366584618196	0.0150560538987	0.0101832280503	-0.0113533699742	0.0164493485667	-0.0408539534912	-0.0341745809976	-0.0400187098432	-0.0260906511287	-0.0654053258734	0.0568956125905	0.0504653910061	-0.0129707992445	0.046435900637	0.0174599596279	-0.0704088091225
k__Bacteria;p__Bacteroidetes;c__Bacteroidia;o__Bacteroidales;f__Bacteroidaceae;g__Bacteroides;s__Bacteroides_salyersiae	-0.0154038704643	-0.0442770081492	0.0371610294407	-0.0394952132985	0.0247552793221	0.00811303666877	-0.0121113179528	0.0144473736982	-0.0384785016269	0.000370455347029	-0.0448181506167	0.00814304323506	-0.0382684592425	-0.0230216949507	0.00267592181638	-0.00743851745878	0.00362666520515	0.0473930867221	-0.0450761478756	-0.056820602199	1.0	-0.0458631260175	0.0168188065374	-0.0830073525194	0.000668678763729	0.040644343093	0.07911768497	-0.0170805701091	-0.0419456343032	-0.0628636593289	0.0427801893838	-0.00532771512	-0.0301482071233	0.0201546677674	0.0416313274561	0.0331268724288	0.0255668817069	-0.0196653376175	-0.0115764910825	0.0102944530886	0.0351802566981	0.0193356052271	-0.00384770886705	-0.00681949232729	0.0218410805555	0.0590577336671	-0.0342838656686	-0.0561327310701	-0.0921065532261	-0.031662257541	0.0140872244094	-0.00480372254958	0.0139359329203	-0.0259941644717	-0.0431989179039	0.0223051795121	-0.0130108234746	0.013993495989	0.00210464747536
k__Bacteria;p__Firmicutes;c__Clostridia;o__Clostridiales;f__Ruminococcaceae;g__Ruminiclostridium;s__[Eubacterium]_siraeum	-0.00263148435764	0.049835786197	-0.0520680073782	-0.0126941616961	-0.142580651269	-0.0251087835291	0.0588255811334	-0.0283857163302	0.078366156306	-0.0550510925795	-0.0276000650377	-0.0122136061819	-0.0817593357789	0.0346752818012	0.0663237493048	-0.0432267465683	0.0085515126381	0.033137702381	-0.0318671310771	0.00389908089333	-0.0458631260175	1.0	0.00145307193006	-0.106594805492	0.0321078531319	-0.0420313616271	0.0277764716875	0.0297730944258	-0.0108335791096	-0.0182047961828	-0.00151147130847	-0.0350955335417	-0.0258396074342	0.00399697084052	-0.037071516012	-0.0662129242045	0.0371275853452	-0.00368120644532	-0.00542928380406	-0.00784960304575	0.00757653901448	0.0101431180157	-0.0133729469918	-0.0437496471303	0.033862502199	-0.0288506431272	-0.0106949975951	0.0972809751171	-0.0309533828561	0.0179700438763	-0.00316996112757	0.0382876395091	0.00193191165189	0.00215797595034	-0.0164731747918	-0.00897721308269	-0.0653354750667	-0.0500502045821	-0.0384526797585
k__Bacteria;p__Proteobacteria;c__Betaproteobacteria;o__Burkholderiales;f__Sutterellaceae;g__Parasutterella;s__Parasutterella_excrementihominis	0.0293083421503	-0.0425825009426	-0.0823243064968	0.0405671066856	-0.0190018588185	-0.0535440788591	0.0205726422843	0.0570899909685	-0.0146047732874	0.00179686426197	-0.0379932419086	-0.0283806659049	-0.0332133985356	-0.0449739048191	-0.021763982792	-0.060825982781	-0.00971904636498	-0.0382955319117	-0.000596107687932	0.0262837446863	0.0168188065374	0.00145307193006	1.0	0.0371955797643	0.0204734230469	0.0305814668082	0.0128799389608	0.0248336519943	-0.00252991286962	-0.00811179110533	0.0137072723953	-0.0351279488833	-0.0608374843877	0.0442534405584	0.00885577926423	0.0249001131197	-0.0258038545156	-0.104405394086	-0.0723481694399	-0.0271752426597	-0.0248076127425	0.0213427731434	0.00486502425609	-0.00652011583584	-0.0724600935595	-0.00482717916069	-0.0166837947788	0.000997824598707	-0.00256430396158	-0.067296793342	-0.0343897316956	-0.0113481044075	-0.0397238340902	-0.0184776519178	-0.0534509902433	-0.0229598432132	0.0244030619873	0.00310440449897	-0.0230494084308
k__Bacteria;p__Actinobacteria;c__Actinobacteria;o__Bifidobacteriales;f__Bifidobacteriaceae;g__Bifidobacterium;s__Bifidobacterium_adolescentis	0.000602526514803	0.00306060353803	-0.0306256171193	-0.0120916858642	-0.036370474181	0.0561330535869	0.0363927806474	0.0156744530162	0.0449062682104	-0.0200503367081	-0.0181873782909	-0.00427658848481	0.00694058338631	-0.00563045923806	-0.0277202449326	-0.0267102105787	-0.0250377904066	0.00624634902952	-0.0487149509791	0.008953536063	-0.0830073525194	-0.106594805492	0.0371955797643	1.0	-0.0100500744842	0.0364372125177	0.00407184983074	0.0178313848263	-0.0643976952358	-0.0174170655733	-0.0278437310117	-0.00189431708859	0.0466801833354	-0.00536764900958	-0.122950238862	-0.00178706426214	0.00216861147905	0.0224477947547	-0.0264840565661	-0.0385521275214	-0.0515729219117	-0.00355706858182	-0.0242565945689	0.0193941292147	0.0271154151048	-0.0200105856928	-0.02015011075	-0.0477867567903	0.0211284776756	-0.0106957073622	0.0147535184064	-0.0251897228683	0.0564267209665	0.0518498852903	-0.0045470137464	0.024319173179	0.0249213337222	0.0108155127734	-0.0454372707408
k__Bacteria;p__Firmicutes;c__Clostridia;o__Clostridiales;f__Oscillospiraceae;g__Oscillibacter;s__Oscillibacter_sp._KLE_1745	-0.0460127436465	-0.0214510757811	-0.046844624768	0.0417019537461	0.0698115449055	-0.0772342103845	-0.058826869605	0.00472518974436	0.0107295663707	-0.0129593141476	0.0228581033209	0.0043766190525	-0.00658740556112	-0.0843477507896	0.0308494914009	-0.0196843510095	-0.0448439550044	-0.00375446476154	-0.020340197267	0.0397922898761	0.000668678763729	0.0321078531319	0.0204734230469	-0.0100500744842	1.0	0.0691574058488	-0.0449271471432	-0.0431504456638	-0.0664986075321	-0.0498334855125	0.0173558494093	0.0335460717713	0.0129827930072	0.0117684724207	0.0193612508689	0.0624438588572	-0.00567521118287	0.0130649795798	-0.0494065158967	-0.0552998987647	-0.017921530612	-0.0219447057565	-0.00679420640382	-0.0264652600707	-0.0191611753664	0.0351508415811	-0.0502952666586	-0.0044216908846	0.0270766136755	-0.0189042514328	0.00285368499882	-0.0012350604572	0.0483368301629	0.0798780504103	0.0342737511179	-0.00501513697769	-0.0711578956304	0.0585006602211	-0.0225384198102
k__Bacteria;p__Bacteroidetes;c__Bacteroidia;o__Bacteroidales;f__Bacteroidaceae;g__Bacteroides;s__Bacteroides_coprophilus	0.0456433900387	-0.00672088145896	0.0323032408753	0.0293071669965	-0.0183069110051	0.00588153402911	0.0253070493352	-0.00831216709286	-0.0370336035814	0.0181839707004	0.00434948786233	-0.00173916361734	0.027296666072	-0.0115940683	-0.0226874463885	-0.0547722679584	-0.0977506871055	-0.0209538820542	0.053341251992	0.038726372751	0.040644343093	-0.0420313616271	0.0305814668082	0.0364372125177	0.0691574058488	1.0	-0.0802855542014	-0.0150486798453	0.00460409974883	-0.0733587735666	0.0604254946434	-0.0629414027469	-0.0386295841049	0.00650791962741	0.0374268482169	-0.0132813186675	0.00473730024428	-0.00241015375351	-0.0704417214436	-0.0188022291498	0.0307354967074	-0.00276118342047	-0.041674616037	0.0676242779262	0.00890338677465	-0.0289289656203	-0.0544294457964	-0.00330143643328	0.0356941186594	-0.0735247071063	-0.0811170117673	0.0289483148966	-0.0604170832864	-0.0064024561917	0.0139903448251	0.0322336952875	0.00856607168839	0.00815457802273	-0.00197535677809
k__Bacteria;p__Firmicutes;c__Clostridia;o__Clostridiales;f__Lachnospiraceae;g__Roseburia;s__Roseburia_intestinalis	0.0334383310256	0.0368503516407	0.0177741094148	-0.0359674039188	-0.0198091893718	-0.0119074184822	-0.0358663573575	-0.062270253472	-0.0356283632527	0.00201555686525	-0.0636124378907	-0.00486735599922	-0.00203277090284	-0.0406079011145	0.0263780506832	-0.0219541108906	0.0221505417277	-0.0299364363861	-0.0550397649704	0.0750749095187	0.07911768497	0.0277764716875	0.0128799389608	0.00407184983074	-0.0449271471432	-0.0802855542014	1.0	-0.0330583431776	-0.062157406119	0.0298718468729	-0.00257383782208	0.0226056617993	-0.00244920521381	-0.0738041690578	-0.0268849692274	-0.0260092863086	0.0496037594298	-0.0289333347758	-0.010623110052	-0.0660549150395	-0.00453901329499	0.0259622395188	-0.0320408986857	0.00319965059293	0.0106475327741	-0.0430389857619	-0.0712255974901	0.00567642045487	-0.0343605856488	-0.0244804350342	-0.0210790862094	-0.0580919978549	0.0272705029374	0.045286982146	-0.00289729673599	0.0534193208507	-0.0243975488909	-0.0460462202945	-0.0292691124761
k__Bacteria;p__Firmicutes;c__Clostridia;o__Clostridiales;f__Lachnospiraceae;g__Roseburia;s__Roseburia_hominis	-0.0408678370897	0.0161922804037	-0.00997329634765	0.0198347947411	-0.0578054962256	0.00161154002854	-0.0312865768586	0.0295098757421	0.0251750377471	0.0209524016294	0.0311915191196	-0.0323641617831	0.013708358997	0.0294855528595	-0.00628434356043	-0.0173142153439	-0.00872755540514	0.0437557172908	-0.0363664551546	-0.00211443002838	-0.0170805701091	0.0297730944258	0.0248336519943	0.0178313848263	-0.0431504456638	-0.0150486798453	-0.0330583431776	1.0	0.00403060739496	0.00700950580336	-0.0323180675177	-0.00962593103502	-0.0400871352645	0.00587700116727	-0.0350156953468	0.0183126858777	-0.0477992370841	-0.0334579688384	-0.00536195882222	-0.00429561979387	-0.0532571208898	0.0144912006293	-0.0455223023021	-0.0563730688643	0.0114982677263	-0.0168675891202	-0.0266664834901	-0.0198718526545	-0.0337201532287	0.0228668867346	0.022082790688	-0.0014099310595	-0.02503645508	-0.0384790046145	0.00753058197598	-0.0188224543383	-0.0100724255777	-0.0272286831621	0.00612747561095
k__Bacteria;p__Bacteroidetes;c__Bacteroidia;o__Bacteroidales;f__Porphyromonadaceae;g__Parabacteroides;s__Parabacteroides_johnsonii	0.0357199558455	-0.0192077193287	-0.0339558812946	0.0213798407065	-0.0380989274412	0.0119690943336	-0.0227514853425	0.0298569221314	0.0221206693123	-0.0156359724263	-0.00238736780253	-0.0301486987039	-0.0262140280594	0.0532690598758	-0.0371731347238	0.0110694143961	0.000122491803582	0.0405694421404	0.035667981666	0.0341443102486	-0.0419456343032	-0.0108335791096	-0.00252991286962	-0.0643976952358	-0.0664986075321	0.00460409974883	-0.062157406119	0.00403060739496	1.0	-0.0240954322339	0.0396143138902	-0.0152462563637	-0.0200687517431	0.0447414747941	0.0538000683968	0.0310804551953	-0.0442307290042	-0.0408932811783	0.0379708994732	0.0234237895794	-0.0201150227023	-0.0508034089335	-0.118702046635	-0.0251758410281	-0.104688393016	-0.0219413338835	-0.0382953858509	0.0366867272834	0.00603877174754	0.0626814137581	0.00266834111605	0.0745670855542	-0.00596789492022	-0.0139951146521	0.0302501358583	-0.0124543222181	0.0105655843441	0.0268074410308	-0.061867239991
k__Bacteria;p__Actinobacteria;c__Actinobacteria;o__Bifidobacteriales;f__Bifidobacteriaceae;g__Bifidobacterium;s__Bifidobacterium_longum	-0.0281207378326	-0.0273884040608	-0.0463569433832	-0.0230763399141	0.000895234514471	0.0110903452824	0.0215372208437	-0.0406960553554	0.0145332329459	-0.0113477609494	-0.0383175206858	0.074529414682	0.0123392823669	-0.0258531818612	0.0761532335159	0.0236540140364	-0.0041576565684	-0.0358428434417	0.0181931897369	0.0831252230024	-0.0628636593289	-0.0182047961828	-0.00811179110533	-0.0174170655733	-0.0498334855125	-0.0733587735666	0.0298718468729	0.00700950580336	-0.0240954322339	1.0	-0.0314611446117	-0.031069928835	-0.0731406252833	0.00469780186906	-0.0291219600406	-0.0789230271777	0.0332210802468	-0.000886324517856	0.0516925997932	0.00824616094649	-0.0481463987637	-0.0474641867273	-0.0133867490154	0.0131351706883	-0.0157438534724	-0.0490355404879	-0.0635027317741	0.0446309909545	-0.0128512215048	0.0242265250655	0.00641916674408	-8.90329511936e-05	-0.00547086003212	0.0153113205146	0.00628729724458	0.0472441964849	-0.0242439525303	0.0549995115427	-0.0803601810355
