#taxonomy	k__Bacteria;p__Bacteroidetes;c__Bacteroidia;o__Bacteroidales;f__Bacteroidaceae;g__Bacteroides;s__Bacteroides_vulgatus	k__Bacteria;p__Bacteroidetes;c__Bacteroidia;o__Bacteroidales;f__Bacteroidaceae;g__Bacteroides;s__Bacteroides_uniformis	k__Bacteria;p__Bacteroidetes;c__Bacteroidia;o__Bacteroidales;f__Rikenellaceae;g__Alistipes;s__Alistipes_putredinis	k__Bacteria;p__Bacteroidetes;c__Bacteroidia;o__Bacteroidales;f__Prevotellaceae;g__Prevotella;s__Prevotella_copri	k__Bacteria;p__Bacteroidetes;c__Bacteroidia;o__Bacteroidales;f__Bacteroidaceae;g__Bacteroides;s__Bacteroides_stercoris	k__Bacteria;p__Bacteroidetes;c__Bacteroidia;o__Bacteroidales;f__Bacteroidaceae;g__Bacteroides;s__Bacteroides_ovatus	k__Bacteria;p__Bacteroidetes;c__Bacteroidia;o__Bacteroidales;f__Rikenellaceae;g__Alistipes;s__Alistipes_shahii	k__Bacteria;p__Firmicutes;c__Clostridia;o__Clostridiales;f__Ruminococcaceae;g__Faecalibacterium;s__Faecalibacterium_prausnitzii	k__Bacteria;p__Bacteroidetes;c__Bacteroidia;o__Bacteroidales;f__Rikenellaceae;g__Alistipes;s__Alistipes_finegoldii	k__Bacteria;p__Bacteroidetes;c__Bacteroidia;o__Bacteroidales;f__Porphyromonadaceae;g__Parabacteroides;s__Parabacteroides_distasonis	k__Bacteria;p__Bacteroidetes;c__Bacteroidia;o__Bacteroidales;f__Bacteroidaceae;g__Bacteroides;s__Bacteroides_thetaiotaomicron	k__Bacteria;p__Bacteroidetes;c__Bacteroidia;o__Bacteroidales;f__Bacteroidaceae;g__Bacteroides;s__Bacteroides_coprocola	k__Bacteria;p__Bacteroidetes;c__Bacteroidia;o__Bacteroidales;f__Bacteroidaceae;g__Bacteroides;s__Bacteroides_cellulosilyticus	k__Bacteria;p__Bacteroidetes;c__Bacteroidia;o__Bacteroidales;f__Rikenellaceae;g__Alistipes;s__Alistipes_obesi	k__Bacteria;p__Firmicutes;c__Clostridia;o__Clostridiales;f__Lachnospiraceae;g__;s__[Eubacterium]_rectale	k__Bacteria;p__Bacteroidetes;c__Bacteroidia;o__Bacteroidales;f__Bacteroidaceae;g__Bacteroides;s__Bacteroides_plebeius	k__Bacteria;p__Bacteroidetes;c__Bacteroidia;o__Bacteroidales;f__Bacteroidaceae;g__Bacteroides;s__Bacteroides_fragilis	k__Bacteria;p__Proteobacteria;c__Betaproteobacteria;o__Burkholderiales;f__Sutterellaceae;g__Sutterella;s__Sutterella_wadsworthensis	k__Bacteria;p__Bacteroidetes;c__Bacteroidia;o__Bacteroidales;f__Porphyromonadaceae;g__Barnesiella;s__Barnesiella_intestinihominis	k__Bacteria;p__Bacteroidetes;c__Bacteroidia;o__Bacteroidales;f__Odoribacteraceae;g__Odoribacter;s__Odoribacter_splanchnicus	k__Bacteria;p__Bacteroidetes;c__Bacteroidia;o__Bacteroidales;f__Bacteroidaceae;g__Bacteroides;s__Bacteroides_salyersiae	k__Bacteria;p__Firmicutes;c__Clostridia;o__Clostridiales;f__Ruminococcaceae;g__Ruminiclostridium;s__[Eubacterium]_siraeum	k__Bacteria;p__Proteobacteria;c__Betaproteobacteria;o__Burkholderiales;f__Sutterellaceae;g__Parasutterella;s__Parasutterella_excrementihominis	k__Bacteria;p__Actinobacteria;c__Actinobacteria;o__Bifidobacteriales;f__Bifidobacteriaceae;g__Bifidobacterium;s__Bifidobacterium_adolescentis	k__Bacteria;p__Firmicutes;c__Clostridia;o__Clostridiales;f__Oscillospiraceae;g__Oscillibacter;s__Oscillibacter_sp._KLE_1745	k__Bacteria;p__Bacteroidetes;c__Bacteroidia;o__Bacteroidales;f__Bacteroidaceae;g__Bacteroides;s__Bacteroides_coprophilus	k__Bacteria;p__Firmicutes;c__Clostridia;o__Clostridiales;f__Lachnospiraceae;g__Roseburia;s__Roseburia_intestinalis	k__Bacteria;p__Firmicutes;c__Clostridia;o__Clostridiales;f__Lachnospiraceae;g__Roseburia;s__Roseburia_hominis	k__Bacteria;p__Bacteroidetes;c__Bacteroidia;o__Bacteroidales;f__Porphyromonadaceae;g__Parabacteroides;s__Parabacteroides_johnsonii	k__Bacteria;p__Actinobacteria;c__Actinobacteria;o__Bifidobacteriales;f__Bifidobacteriaceae;g__Bifidobacterium;s__Bifidobacterium_longum	k__Bacteria;p__Firmicutes;c__Clostridia;o__Clostridiales;f__;g__Flavonifractor;s__Flavonifractor_plautii	k__Bacteria;p__Firmicutes;c__Clostridia;o__Clostridiales;f__Clostridiaceae;g__Clostridium;s__Clostridium_phoceensis	k__Bacteria;p__Verrucomicrobia;c__Verrucomicrobiae;o__Verrucomicrobiales;f__Akkermansiaceae;g__Akkermansia;s__Akkermansia_muciniphila	k__Bacteria;p__Bacteroidetes;c__Bacteroidia;o__Bacteroidales;f__Prevotellaceae;g__Paraprevotella;s__Paraprevotella_xylaniphila	k__Bacteria;p__Firmicutes;c__Clostridia;o__Clostridiales;f__Ruminococcaceae;g__Ruminococcus;s__Ruminococcus_callidus	k__Bacteria;p__Bacteroidetes;c__Bacteroidia;o__Bacteroidales;f__Rikenellaceae;g__Alistipes;s__Alistipes_senegalensis	k__Bacteria;p__Firmicutes;c__Clostridia;o__Clostridiales;f__Lachnospiraceae;g__Blautia;s__Blautia_sp._KLE_1732	k__Bacteria;p__Bacteroidetes;c__Bacteroidia;o__Bacteroidales;f__Bacteroidaceae;g__Bacteroides;s__Bacteroides_oleiciplenus	k__Bacteria;p__Firmicutes;c__Clostridia;o__Clostridiales;f__Ruminococcaceae;g__Ruminococcus;s__Ruminococcus_bicirculans	k__Bacteria;p__Bacteroidetes;c__Bacteroidia;o__Bacteroidales;f__Bacteroidaceae;g__Bacteroides;s__Bacteroides_fluxus	k__Bacteria;p__Bacteroidetes;c__Bacteroidia;o__Bacteroidales;f__Prevotellaceae;g__Prevotella;s__Prevotella_stercorea	k__Bacteria;p__Firmicutes;c__Clostridia;o__Clostridiales;f__Lachnospiraceae;g__Dorea;s__Dorea_longicatena	k__Bacteria;p__Firmicutes;c__Clostridia;o__Clostridiales;f__Eubacteriaceae;g__Eubacterium;s__[Eubacterium]_eligens	k__Bacteria;p__Firmicutes;c__Clostridia;o__Clostridiales;f__Ruminococcaceae;g__;s__Ruminococcaceae_bacterium_D16	k__Bacteria;p__Firmicutes;c__Clostridia;o__Clostridiales;f__Lachnospiraceae;g__Coprococcus;s__Coprococcus_comes	k__Bacteria;p__Proteobacteria;c__Gammaproteobacteria;o__Enterobacterales;f__Enterobacteriaceae;g__Escherichia;s__Escherichia_coli	k__Bacteria;p__Firmicutes;c__Clostridia;o__Clostridiales;f__Ruminococcaceae;g__Anaerotruncus;s__Anaerotruncus_colihominis	k__Bacteria;p__Firmicutes;c__Clostridia;o__Clostridiales;f__Lachnospiraceae;g__Blautia;s__Blautia_obeum	k__Bacteria;p__Bacteroidetes;c__Bacteroidia;o__Bacteroidales;f__Odoribacteraceae;g__Odoribacter;s__Odoribacter_laneus	k__Bacteria;p__Firmicutes;c__Clostridia;o__Clostridiales;f__Ruminococcaceae;g__Ruminiclostridium;s__[Clostridium]_leptum	k__Bacteria;p__Bacteroidetes;c__Bacteroidia;o__Bacteroidales;f__Porphyromonadaceae;g__Parabacteroides;s__Parabacteroides_goldsteinii	k__Bacteria;p__Firmicutes;c__Clostridia;o__Clostridiales;f__Lachnospiraceae;g__Anaerostipes;s__Anaerostipes_hadrus	k__Bacteria;p__Firmicutes;c__Clostridia;o__Clostridiales;f__Ruminococcaceae;g__Ruminococcus;s__Ruminococcus_lactaris	k__Bacteria;p__Firmicutes;c__Clostridia;o__Clostridiales;f__Clostridiaceae;g__Clostridium;s__Clostridium_sp._L2-50	k__Bacteria;p__Firmicutes;c__Clostridia;o__Clostridiales;f__Clostridiaceae;g__Clostridium;s__Clostridium_sp._M62/1	k__Bacteria;p__Firmicutes;c__Clostridia;o__Clostridiales;f__;g__Intestinimonas;s__Intestinimonas_butyriciproducens	k__Bacteria;p__Actinobacteria;c__Actinobacteria;o__Bifidobacteriales;f__Bifidobacteriaceae;g__Bifidobacterium;s__Bifidobacterium_bifidum	k__Bacteria;p__Firmicutes;c__Negativicutes;o__Veillonellales;f__Veillonellaceae;g__Dialister;s__Dialister_invisus	k__Bacteria;p__Bacteroidetes;c__Bacteroidia;o__Bacteroidales;f__Bacteroidaceae;g__Bacteroides;s__Bacteroides_salanitronis
k__Bacteria;p__Bacteroidetes;c__Bacteroidia;o__Bacteroidales;f__Bacteroidaceae;g__Bacteroides;s__Bacteroides_vulgatus	1.0	0.0608525158425	0.0103812772975	-0.00574225767298	0.0678107549354	-0.0616654527649	-0.00572133862827	0.0232291495966	-0.0418942197953	-0.0088562510069	-0.0368788065433	-0.0530610630198	0.0318804944629	-0.0504920400196	-0.00897434647228	0.0262731895563	-0.00146940169268	-0.0451223855666	0.00684144275579	0.0374528856561	-0.0583997096577	-0.0044774674983	0.0309861940718	-0.0316409858242	-0.0673868652106	-0.0167786143162	-0.0219187817304	-0.00588798663812	-0.00583497575256	-0.0105789257948	-0.030096541986	-0.0205850203587	-0.0509431047821	0.033729622165	-0.0395854571496	-0.00485104001645	0.0311281704468	0.0162295966214	0.0113230643772	-0.0474663566958	-0.0296659581763	0.0675026422747	0.0176586446119	0.037242760717	-0.0697904039175	0.0318333331749	0.00158676505745	0.0202555843726	-0.0316901287463	-0.0286973218955	-0.0465869632439	-0.0078723461629	-0.0730685015751	-0.0201951444289	-0.0322799283129	-0.0348057392133	0.0675198590134	-0.0505294217122	-0.0547891886533
k__Bacteria;p__Bacteroidetes;c__Bacteroidia;o__Bacteroidales;f__Bacteroidaceae;g__Bacteroides;s__Bacteroides_uniformis	0.0608525158425	1.0	0.0379703428468	0.0319710272837	-0.0302570032256	-0.0236174904013	-0.0408710392705	-0.0301902064193	-0.0153359210954	-0.056487348339	-0.00249257337991	-0.036860184706	0.015156076744	0.00323737804933	-0.0177060649214	0.0254068311171	-0.022429937444	-0.0198240325028	-0.0491029505803	0.0208032451001	0.00237556705972	0.00502286972318	0.0294690740092	-0.0816343217107	0.0208309308976	-0.0223073613176	-0.0179954183705	-0.0559984787436	-0.0283685344823	-0.0417918406265	-0.0309902605595	-0.0134851403034	-0.017028694962	0.0382081518311	-0.0140015676594	-0.00535068246248	-0.0330397899398	0.0710767406837	-0.0645448498253	-0.0377548661989	0.00401112925138	0.00298786994372	0.0227933420982	0.0322561264241	0.0384340578942	0.0327526414828	0.0237356579562	0.0053837194321	0.0620043143574	-0.00705313658764	0.00410840207137	-0.0107979230405	0.00680724135585	0.0101369534844	0.00227819555253	-0.0734086831447	-0.0647172825659	0.00130381376693	0.000675432592301
k__Bacteria;p__Bacteroidetes;c__Bacteroidia;o__Bacteroidales;f__Rikenellaceae;g__Alistipes;s__Alistipes_putredinis	0.0103812772975	0.0379703428468	1.0	-0.0433571160132	-0.0578385465192	-0.0793299537893	-0.0322551483587	0.0302698864189	0.0166651319712	-0.0870502919146	-0.00597596835106	0.0225171037779	-0.0653505698351	0.0543081303121	-0.00210202858795	0.00923034142875	0.030210792402	-0.0674449842333	-0.0141503019806	0.0472092864608	0.0582446063685	-0.00511984640483	0.00630621409484	0.0326578035129	0.0103651845651	-0.0365372426325	0.0372619562333	0.0178499986846	0.00238531550266	-0.0174160572572	-0.0703870362067	0.0279460182376	-0.0200120404217	-0.00734756814726	-0.0327889935652	-0.00600980532569	0.00556554041497	0.049387167994	0.00852436213834	-0.0475431496628	0.0183152417406	0.0083239335381	-0.0634013763764	-0.0538230264773	-0.014343385721	0.00598825426895	-0.0840422442062	0.0221420476672	-0.0335997856922	-0.00822926586644	0.0155054441488	-0.041467135538	0.0242936769794	0.0301438989208	0.002577673245	-0.068019630355	-0.0533229070841	-0.0161369902555	0.011698481042
k__Bacteria;p__Bacteroidetes;c__Bacteroidia;o__Bacteroidales;f__Prevotellaceae;g__Prevotella;s__Prevotella_copri	-0.00574225767298	0.0319710272837	-0.0433571160132	1.0	-0.00619251074388	-0.0158029724675	-0.0292259915298	-0.0220207606828	-0.0229428546287	-0.0379385699503	0.0130591318696	0.0164680926777	-0.0109525140802	-0.0132219185605	-0.049674709745	0.0152903027002	0.00601819490593	-0.0112777509097	-0.0331722688194	-0.0428666630985	-0.00177369153647	0.0334070204506	-0.0476653364576	-0.0411242833054	0.0511567388031	-0.0596148004322	0.0395394588761	-0.00109796957286	0.0406485776883	-0.0728295577467	-0.0342141914327	-0.0236105906037	0.051812418135	-0.00865055366223	-0.110747578089	0.0345162392434	-0.0341536733407	-0.0163141128787	-0.00809272079503	-0.0194515700774	-0.0595162431131	0.0118008951532	0.0902268794097	-0.0439378731573	0.0725848834106	-0.0495968544252	-0.0196432244997	-0.028973786729	-0.0695008973968	0.0110041719816	-0.0432426732711	0.0498808331542	0.00152886698505	0.0362210048609	0.0265434790219	-0.0187655748128	-0.022064745856	0.0220579324725	-0.0224622540662
k__Bacteria;p__Bacteroidetes;c__Bacteroidia;o__Bacteroidales;f__Bacteroidaceae;g__Bacteroides;s__Bacteroides_stercoris	0.0678107549354	-0.0302570032256	-0.0578385465192	-0.00619251074388	1.0	0.000284860029563	-0.00659574202931	0.0321710662603	0.0143340908903	0.0517560501862	-0.0095124027561	-0.0556720665467	-0.0304517141093	-0.038927778931	-0.039634379987	-0.0494701703364	-0.0207308662602	-0.0292221746647	-0.0130790303324	0.0208109530059	0.0363468892582	0.0499474677543	-0.0535432987225	0.0547548280211	0.0586600477735	-0.00179666321197	0.011015769927	-0.055245752859	0.0177124620423	-0.00730052386015	0.000582439090608	-0.0586805199392	0.0391139026479	-0.0292838226036	-0.043201811699	0.0024463281613	0.0603336138168	-0.0539548664062	-0.0477017055067	0.00221456599052	0.0202512898582	-0.0232839249126	-0.0164026905279	-0.0395732332088	-0.0344291887213	-0.00313932186612	0.0511110646434	-0.0238381535792	-0.0768760652873	0.0121336309417	-0.0323983686863	0.0569902239532	0.0312574503105	-0.06393386769	-0.0311286942455	0.0491679626962	0.0172344265227	0.00893697115929	-0.0652405409869
k__Bacteria;p__Bacteroidetes;c__Bacteroidia;o__Bacteroidales;f__Bacteroidaceae;g__Bacteroides;s__Bacteroides_ovatus	-0.0616654527649	-0.0236174904013	-0.0793299537893	-0.0158029724675	0.000284860029563	1.0	-0.00568394375706	-0.0336586726935	0.000375595994087	-0.0380545199055	0.0497569990722	0.0370536686243	-0.00196400482058	-0.0223748279268	0.0679540788058	-0.0152878047183	-0.0355767520558	0.0155728348117	0.0101848096724	0.0217167814555	0.0189795853581	0.0700799613891	-0.0278522456368	-0.0389319391877	-0.0370728153184	-0.0148853690952	0.0127200880529	0.0566627286581	0.0279964097173	0.00409418673518	0.00821954032917	-0.0155806669122	-0.0320823416911	-0.0133418606954	-0.0334755005355	0.00910437285452	0.0464632371059	-0.0367822763213	-0.00819069386026	-0.04767597006	0.0212317064288	-0.0379556265244	-0.00485111492951	-0.0214758514496	0.0306005701407	-0.0556230614653	-0.12432443795	-0.016021845355	0.0097663091113	-0.0488492241283	-0.060616212569	0.00606185802192	-0.0674952162962	-0.00275673378956	-0.0733039076743	0.0844989924768	-0.0239979294831	0.0227008263279	0.00252832160305
k__Bacteria;p__Bacteroidetes;c__Bacteroidia;o__Bacteroidales;f__Rikenellaceae;g__Alistipes;s__Alistipes_shahii	-0.00572133862827	-0.0408710392705	-0.0322551483587	-0.0292259915298	-0.00659574202931	-0.00568394375706	1.0	-0.0171426940729	-0.0328067593211	-0.0193276785874	-0.0799560561546	-0.0173697937544	-0.0358435629755	0.0015257639172	0.0224610206478	0.0456770337004	0.0331513707337	-0.0322323724952	-0.0284670073702	0.0247561359467	-0.0283062999012	0.0336872658365	0.0158885829059	0.037330132248	-0.0167786270774	-0.060820841637	0.021588049428	-0.0447826533097	-0.0585227338163	0.048562352061	0.0669921728597	-0.00933171484595	0.0445178826193	0.0772453569359	0.0345525996494	-0.0166233630326	-0.0223411021517	-0.0559148465449	-0.120825909657	-0.0415151479664	-0.0376666365726	-0.056431842243	-0.0725699640404	0.048144167787	-0.0177776275923	0.0139633005036	0.00272950219392	-0.0389549079743	-0.020439897452	-0.00491846834474	0.011840899254	0.00421477388438	-0.0337822270784	0.0692234001848	0.0203898335261	-0.104706044462	-0.00713360028548	-0.00848088948693	-0.0302975254737
k__Bacteria;p__Firmicutes;c__Clostridia;o__Clostridiales;f__Ruminococcaceae;g__Faecalibacterium;s__Faecalibacterium_prausnitzii	0.0232291495966	-0.0301902064193	0.0302698864189	-0.0220207606828	0.0321710662603	-0.0336586726935	-0.0171426940729	1.0	0.028917716789	-0.0235075714568	-0.0579807880971	0.015003802973	-0.0169574146786	0.00107369619494	-0.0174489378488	0.042290413083	-0.0366887500618	0.0183801857546	0.0132562389929	0.0590770322248	0.0322709484409	-0.0422048082315	-0.0176807930652	-0.0187486539938	-0.0192486401398	-0.0923803001056	0.0156392225531	0.0204918262834	0.0197280660313	-0.054936752865	0.00682589479761	-0.0391598860962	-0.0651555729412	-0.0154762945196	-0.0847723152136	0.00334365459369	0.0141563166041	0.0716242089083	0.0310054834166	-0.0344368637789	-0.049433737395	-0.0285331178105	-0.0474710973788	-0.0245921611484	0.00342900786384	-0.00375722169616	-0.0647220022181	-0.0329491398326	-0.0486583943393	-0.0142792525122	-0.00455960755635	-0.0133665582609	0.0514303752868	0.000175701060975	0.0604777560966	0.0144939874714	0.00624002672018	0.0332651865967	-0.017241259831
k__Bacteria;p__Bacteroidetes;c__Bacteroidia;o__Bacteroidales;f__Rikenellaceae;g__Alistipes;s__Alistipes_finegoldii	-0.0418942197953	-0.0153359210954	0.0166651319712	-0.0229428546287	0.0143340908903	0.000375595994087	-0.0328067593211	0.028917716789	1.0	-0.0504700611086	-0.0530704001566	0.0489025097366	-0.0491068826584	-0.045409795064	-0.0283375547805	0.00628620778334	0.0645507398152	-0.0682192508616	0.000866013155929	0.0139834496278	0.0260944284399	0.0556945106596	-0.0449222873245	-0.0245838380656	0.0398897136322	0.00668233538059	-0.0938874825126	-0.0636426717759	-0.0285519893447	-0.00516161185194	0.0092534367767	0.0269123273453	0.0116334419786	-0.0497957642832	-0.0406492518671	0.00948658237761	-0.0224191185944	0.0524089044293	-0.0123444500092	0.00716516352054	0.0378540136628	0.00602214543944	-0.0322276903161	0.063071827345	0.00223524803051	-0.0199647508878	-0.0239579051076	0.00388748075766	0.0148462506805	-0.0091911888732	0.0452132306072	0.0356477910734	0.0210757416013	-0.0792518177082	-0.0192304579913	-0.0876642684558	-0.0354633316559	-0.0579397982346	-0.00261443477361
k__Bacteria;p__Bacteroidetes;c__Bacteroidia;o__Bacteroidales;f__Porphyromonadaceae;g__Parabacteroides;s__Parabacteroides_distasonis	-0.0088562510069	-0.056487348339	-0.0870502919146	-0.0379385699503	0.0517560501862	-0.0380545199055	-0.0193276785874	-0.0235075714568	-0.0504700611086	1.0	-0.00776603270917	0.0141138481714	-0.0970026196887	0.0478159125577	0.0362580350476	0.000520272990586	-0.0247099950092	-0.0569631248643	-0.0268195896534	-0.0132421756664	0.0151331774391	0.0203077571762	-0.0169938593115	0.00525504066074	0.0239214130926	-0.0255500577207	-0.0105708979282	-0.0502671095446	-0.0627541286718	0.0251311407813	0.0856527581497	0.0406987781764	0.00262656194107	0.00605086889243	-0.00461098593263	-0.0450493842111	-0.0532769609973	0.0291202152049	-0.020484414686	-0.0165484035213	0.00334212504128	-0.0520590759743	-0.0228042643374	-0.0174335370969	0.0513890375685	0.0394932121937	0.00691765726108	0.0179425097582	-0.0429624070911	-0.0147541014531	0.0358647510199	-0.0371106672753	-0.0274040117601	0.0437987812708	-0.0166062402567	0.00976057639428	-0.00941838771235	-0.0727314817737	0.0633550592274
k__Bacteria;p__Bacteroidetes;c__Bacteroidia;o__Bacteroidales;f__Bacteroidaceae;g__Bacteroides;s__Bacteroides_thetaiotaomicron	-0.0368788065433	-0.00249257337991	-0.00597596835106	0.0130591318696	-0.0095124027561	0.0497569990722	-0.0799560561546	-0.0579807880971	-0.0530704001566	-0.00776603270917	1.0	0.0588078225926	-0.0692632614889	-0.00153711471537	0.0162379056617	-0.0380552921249	-0.00310811277696	0.0179312455729	0.00650778132291	0.0795705772545	-0.0258512502727	0.0134462351269	-0.0102242200154	0.00038317137532	-0.00173863580032	0.0288567499256	-0.0204064364109	-0.0247255548711	-0.00969348541837	-0.0398695725438	-0.0117299272288	-0.0411335532959	-0.0361020486781	0.0479415540059	0.00525438066977	0.0202394154773	-0.0271779938272	-0.009753063267	-0.00334732391973	-0.0249547981049	-0.00208485065	-0.00257136331021	0.00826096743867	-0.0398949766387	-0.0373100802211	0.0381247089884	-0.0170931187599	-0.0315258775819	-0.00993471152376	-0.00813669913077	-0.0891885589558	-0.00570908330505	0.0495021663018	-0.00718146319444	0.0223850613468	0.00105396991526	-0.048430962672	-0.0465351139909	0.0655520758341
k__Bacteria;p__Bacteroidetes;c__Bacteroidia;o__Bacteroidales;f__Bacteroidaceae;g__Bacteroides;s__Bacteroides_coprocola	-0.0530610630198	-0.036860184706	0.0225171037779	0.0164680926777	-0.0556720665467	0.0370536686243	-0.0173697937544	0.015003802973	0.0489025097366	0.0141138481714	0.0588078225926	1.0	-0.0912976034267	-0.0796717056161	0.00813044829673	-0.057931839754	-0.0559241437999	0.0122000195387	0.017675649728	-0.0595514884802	0.0344279850876	-0.0101153034619	-0.0315398890387	-0.0587992076736	-0.0274462824694	-0.0296272931914	0.00302479732857	-0.0434632894324	-0.0161993157911	0.0359510822004	0.0327110146047	0.0273218065253	-0.00700214939302	0.0369237222565	0.0685302877671	-0.0388464652071	-0.0331845452052	-0.0222286969883	-0.00989004224541	0.0230415638265	-0.0317154651181	0.033342480424	0.0469447702476	-0.0571770192448	-0.0484682682123	-0.00357271789012	-0.0146559325344	-0.0282393043816	0.0393341318834	-0.000903771984837	-0.0466920427795	-0.00296656706766	0.00743427917324	-0.00464872740785	-0.0206322178679	0.015867180707	0.0215018093629	0.00723325700684	0.0592029974489
k__Bacteria;p__Bacteroidetes;c__Bacteroidia;o__Bacteroidales;f__Bacteroidaceae;g__Bacteroides;s__Bacteroides_cellulosilyticus	0.0318804944629	0.015156076744	-0.0653505698351	-0.0109525140802	-0.0304517141093	-0.00196400482058	-0.0358435629755	-0.0169574146786	-0.0491068826584	-0.0970026196887	-0.0692632614889	-0.0912976034267	1.0	-0.017501892185	-0.00826833193637	-0.0244037445066	0.00212545978715	-0.00598692773231	0.0118090065966	0.0332280578492	-0.00656435553888	-0.07983306199	-0.038805806442	0.0458175733629	-0.0302680878962	-0.015685791374	-0.0187182361339	-0.0611636633393	-0.00107347065651	-0.0684389128942	-0.0601962267447	-0.000860156667021	-0.0202518271992	-0.0118944453391	-0.0791911732634	0.0488053805092	-0.00869326246009	-0.0363902550254	0.0517691404463	0.0126496142169	0.0220485409482	-0.0479973355224	0.0675800110348	-0.00506771093992	-0.0154978568632	0.0917025008757	-0.0118550174072	0.0505328902481	-0.021004388641	0.0305227940821	-0.0338620667825	0.0321944153962	-0.045276488007	-0.070942759156	-0.0191713585563	0.00935678806704	0.0229892869515	-0.0170243282775	-0.00719431443027
k__Bacteria;p__Bacteroidetes;c__Bacteroidia;o__Bacteroidales;f__Rikenellaceae;g__Alistipes;s__Alistipes_obesi	-0.0504920400196	0.00323737804933	0.0543081303121	-0.0132219185605	-0.038927778931	-0.0223748279268	0.0015257639172	0.00107369619494	-0.045409795064	0.0478159125577	-0.00153711471537	-0.0796717056161	-0.017501892185	1.0	-0.00571679149145	-0.0315737212712	0.00342425840182	0.0349128866963	-0.0120311347204	-0.048481504665	-0.00908318108582	0.0269990611917	0.00527735205875	0.0312288370607	-0.0848773131629	0.0197019725465	-0.00827717551095	-0.0174227477165	0.00972586741696	-0.0203127204219	0.0188743519075	-0.0039271158014	-0.036196976685	0.0366327095539	-0.029080287401	-0.0217584606661	-0.0168367501889	-0.0457446881225	-0.0566498335518	-0.0224043671984	-0.0554548838696	-0.00524643525924	0.0172012390098	-0.0608870514885	0.0364582621571	0.0385931974539	-0.0626701592133	0.0435518500374	-0.0434855131319	-0.034256983802	0.00801550883343	0.0318858738673	-0.00571558152352	0.0185512137573	-0.0466328506105	0.0208165150636	0.0663998060794	-0.0395471374354	0.0169442679138
k__Bacteria;p__Firmicutes;c__Clostridia;o__Clostridiales;f__Lachnospiraceae;g__;s__[Eubacterium]_rectale	-0.00897434647228	-0.0177060649214	-0.00210202858795	-0.049674709745	-0.039634379987	0.0679540788058	0.0224610206478	-0.0174489378488	-0.0283375547805	0.0362580350476	0.0162379056617	0.00813044829673	-0.00826833193637	-0.00571679149145	1.0	0.0305466116908	-0.0174156392322	0.0245603464384	-0.0393870262148	-0.0180966870397	-0.00958466249555	-0.0552575573107	-0.0273499412521	0.0353308879552	0.0423367698656	-0.00926198049283	-0.00228537340927	-0.0577492281172	-0.0316054103566	0.0143137200798	0.0761159013613	-0.0345277652958	-0.00494652985568	0.00428345142118	-0.0182628611351	-0.00653873045797	-0.0364607950686	0.037706883195	0.0500934522154	-0.0506253630278	0.0234680439328	-0.0307982820658	-0.040178819969	-0.0295812840425	0.0150658430847	0.0149814431222	0.0750402935924	0.0104739728352	0.00336236830372	-0.00121927833695	-0.0247402923077	-0.0226667455522	0.00600672240675	0.00238609086385	0.0175385161651	-0.00904073622434	0.00916359000433	-0.0191265992559	-0.0508297672351
k__Bacteria;p__Bacteroidetes;c__Bacteroidia;o__Bacteroidales;f__Bacteroidaceae;g__Bacteroides;s__Bacteroides_plebeius	0.0262731895563	0.0254068311171	0.00923034142875	0.0152903027002	-0.0494701703364	-0.0152878047183	0.0456770337004	0.042290413083	0.00628620778334	0.000520272990586	-0.0380552921249	-0.057931839754	-0.0244037445066	-0.0315737212712	0.0305466116908	1.0	-0.104855841487	0.00544959122688	-0.0166572187642	-0.0584138706918	0.0275455674279	-0.0248738383632	0.0054132764476	0.0203625920978	-0.0389090814918	0.046988643331	0.0867594441096	0.0291186169414	-0.0642849278192	-0.0196294432552	0.0105732572762	0.00617809606733	-0.0275020716106	-0.0140121992586	-0.0114649896012	-0.033769636578	0.0167230604463	0.0587202049363	-0.055908613685	-0.0132430245644	-0.0696970337084	0.0388912788497	0.0824569693561	-0.0100080954887	-0.0231116011408	0.0187653259333	0.005106750711	-0.0137525484228	0.0582802782569	-0.0668350099812	-0.0382480512693	-0.0528742112195	-0.00365228194551	0.0203588564081	-0.0371984500598	-0.0154115999901	-0.0723119307053	0.0112129765706	-0.00842225817677
k__Bacteria;p__Bacteroidetes;c__Bacteroidia;o__Bacteroidales;f__Bacteroidaceae;g__Bacteroides;s__Bacteroides_fragilis	-0.00146940169268	-0.022429937444	0.030210792402	0.00601819490593	-0.0207308662602	-0.0355767520558	0.0331513707337	-0.0366887500618	0.0645507398152	-0.0247099950092	-0.00310811277696	-0.0559241437999	0.00212545978715	0.00342425840182	-0.0174156392322	-0.104855841487	1.0	0.0383920466617	-0.00163234597485	0.0699062073886	0.0398723287108	0.0136403066618	-0.0233082723454	0.012391599109	0.0500004735502	0.00533438952797	0.00196880716718	-0.047805059375	0.0364025937616	0.00946546061469	-0.01283159092	-0.0419917402409	-0.0375105752006	0.0291661923123	0.0256007632606	-0.0303943979936	0.0128936683462	-0.012807375599	0.00876383297464	0.0408092767552	0.0174338172513	-0.0468589454976	-0.0225098467737	-0.0301678525239	-0.0701958636829	0.000455720470921	0.0239455970882	-0.0147919366438	-3.69403213689e-05	-0.000471665770435	-0.00305525831837	-0.0462123545658	-0.00393581654062	0.0378789838539	0.00259608619821	-0.0772689345111	-0.0662168021126	0.0248462923527	0.027434042861
k__Bacteria;p__Proteobacteria;c__Betaproteobacteria;o__Burkholderiales;f__Sutterellaceae;g__Sutterella;s__Sutterella_wadsworthensis	-0.0451223855666	-0.0198240325028	-0.0674449842333	-0.0112777509097	-0.0292221746647	0.0155728348117	-0.0322323724952	0.0183801857546	-0.0682192508616	-0.0569631248643	0.0179312455729	0.0122000195387	-0.00598692773231	0.0349128866963	0.0245603464384	0.00544959122688	0.0383920466617	1.0	0.0430157638984	-0.0227684753086	0.0498154042695	-0.0680486210908	-0.026718352248	-0.0322068190054	-0.0436691000293	0.00493185884275	-0.0422441295813	-0.0165844459972	0.0872726736549	-0.0104873271269	0.0234384445351	-0.0549259080685	0.0377907217635	-0.0971897303126	0.0275084843353	0.00631755345089	-0.0476101796409	-0.000961026348417	0.0225566079474	-0.0467255365484	-0.0466996920794	-0.0143558170735	0.00547037079636	0.0221382574834	-0.0039351639438	-0.0111836927782	-0.0864938734489	0.0225052088444	0.00521208952625	0.0157984382438	-0.00262846449035	0.0196551865105	-0.0456168432689	-0.0247989402227	0.0267341055614	-0.0717319365207	-0.00543594693101	-0.023685522012	0.0491657594902
k__Bacteria;p__Bacteroidetes;c__Bacteroidia;o__Bacteroidales;f__Porphyromonadaceae;g__Barnesiella;s__Barnesiella_intestinihominis	0.00684144275579	-0.0491029505803	-0.0141503019806	-0.0331722688194	-0.0130790303324	0.0101848096724	-0.0284670073702	0.0132562389929	0.000866013155929	-0.0268195896534	0.00650778132291	0.017675649728	0.0118090065966	-0.0120311347204	-0.0393870262148	-0.0166572187642	-0.00163234597485	0.0430157638984	1.0	0.0455747159156	-0.0465593155441	0.0118099133042	0.00366669171237	-0.0924431826844	-0.0297336927967	-0.00244979977058	-0.0149629771777	0.0497354813781	0.00893070035932	-0.0335483802187	-0.0758792112014	0.0502838725851	0.0276604585841	0.035967074925	0.052369867791	0.0370635262186	0.115243294135	-0.014651605689	-0.059551990319	0.0435889527932	-0.00588650533297	-0.0244051248457	0.0649765078689	-0.000226170649994	0.0603909350593	0.0107234606019	-0.0366242513886	-0.0472664468416	-0.0560095760725	0.00254591502142	0.0270388809123	-0.0126640918216	-0.00397398983348	-0.0613486491834	-0.00574976994876	-0.00119725493725	0.0347662624007	-0.0230562502108	-0.0395936668866
k__Bacteria;p__Bacteroidetes;c__Bacteroidia;o__Bacteroidales;f__Odoribacteraceae;g__Odoribacter;s__Odoribacter_splanchnicus	0.0374528856561	0.0208032451001	0.0472092864608	-0.0428666630985	0.0208109530059	0.0217167814555	0.0247561359467	0.0590770322248	0.0139834496278	-0.0132421756664	0.0795705772545	-0.0595514884802	0.0332280578492	-0.048481504665	-0.0180966870397	-0.0584138706918	0.0699062073886	-0.0227684753086	0.0455747159156	1.0	-0.0197247023734	0.0153180885334	-0.0405239638272	-0.0079203259384	-0.0367199532081	-0.083344922733	0.0375664751706	0.0179697479403	-0.107983886603	-0.0486026642531	0.0122638890071	-0.00568994953909	-0.0291906874058	0.00221120505881	0.0146107878353	0.0600900436998	-0.0130535842251	-0.0183195016767	0.0106478990678	0.0458813019194	-0.0296800481762	-0.0526158779223	-0.0158278917049	0.0195690073167	-0.0352871322874	-0.0221162970838	-0.0633294064593	0.0304662467858	-0.0633047233571	0.0286316276548	0.0595373076254	-0.0590514664276	-0.038756765618	-0.0723090818831	-0.0224430595339	-0.0342367833518	0.0420111831744	0.0176498172183	-0.044087436053
k__Bacteria;p__Bacteroidetes;c__Bacteroidia;o__Bacteroidales;f__Bacteroidaceae;g__Bacteroides;s__Bacteroides_salyersiae	-0.0583997096577	0.00237556705972	0.0582446063685	-0.00177369153647	0.0363468892582	0.0189795853581	-0.0283062999012	0.0322709484409	0.0260944284399	0.0151331774391	-0.0258512502727	0.0344279850876	-0.00656435553888	-0.00908318108582	-0.00958466249555	0.0275455674279	0.0398723287108	0.0498154042695	-0.0465593155441	-0.0197247023734	1.0	-0.0592171832479	0.0563921407181	0.00421414495452	-0.0694103765661	-0.0232562849592	-0.0380464566454	0.0213365385578	0.0367273906593	0.0093560681843	0.0260099631647	-0.0459518541709	0.0113014515954	-0.00152534959639	0.038352107685	0.0224891077339	-0.0340645487244	-0.0282383021282	-0.0170871450519	0.00168377687944	-0.0195607118058	-0.0657310315224	-0.0460039027373	0.0213161136601	0.0458846935952	0.0268037892898	-0.0112105603042	0.0464488063458	-0.0200945536815	-0.0419926625755	-0.00146390275777	-0.0177597908391	-0.0216585802928	-0.0323292020553	-0.00746559369378	-0.0184113943391	-0.0165839033977	-0.0151749768138	-0.016815120591
k__Bacteria;p__Firmicutes;c__Clostridia;o__Clostridiales;f__Ruminococcaceae;g__Ruminiclostridium;s__[Eubacterium]_siraeum	-0.0044774674983	0.00502286972318	-0.00511984640483	0.0334070204506	0.0499474677543	0.0700799613891	0.0336872658365	-0.0422048082315	0.0556945106596	0.0203077571762	0.0134462351269	-0.0101153034619	-0.07983306199	0.0269990611917	-0.0552575573107	-0.0248738383632	0.0136403066618	-0.0680486210908	0.0118099133042	0.0153180885334	-0.0592171832479	1.0	0.0436753364801	0.0575895609254	-0.0229381139817	0.0540993552465	-0.00055603657832	-0.0799882101311	-0.0329086769314	-0.0146888261635	-0.0466922331378	0.00038870654377	-0.0701800621095	-0.0304643608466	0.0283786188977	-0.00624318323449	-0.0824917270112	-0.0637982339178	0.0108272156175	-0.0242863217428	-0.011475260371	-0.0573083432195	0.0216786776413	0.0155028619999	0.0680014702947	0.0379069570014	0.00560798512119	-0.0353047939705	-0.0147900681877	0.0446630887533	-0.0726037569786	-0.00153130516508	-0.0380997004815	0.0153135044277	-0.0610211136146	-0.0520279604819	-0.0118475924868	-0.0552587798119	-0.046709579171
k__Bacteria;p__Proteobacteria;c__Betaproteobacteria;o__Burkholderiales;f__Sutterellaceae;g__Parasutterella;s__Parasutterella_excrementihominis	0.0309861940718	0.0294690740092	0.00630621409484	-0.0476653364576	-0.0535432987225	-0.0278522456368	0.0158885829059	-0.0176807930652	-0.0449222873245	-0.0169938593115	-0.0102242200154	-0.0315398890387	-0.038805806442	0.00527735205875	-0.0273499412521	0.0054132764476	-0.0233082723454	-0.026718352248	0.00366669171237	-0.0405239638272	0.0563921407181	0.0436753364801	1.0	-0.0493626779856	-0.0147361862365	-0.0320850141341	-0.0665914107287	0.0421110380481	-0.0184306255066	0.00550836197688	-0.109018532297	-0.0438121812866	-0.0189738149647	-0.0237136390101	-0.00335536636501	-0.0591895985164	-0.0418476197361	0.0328099219297	0.0257500325084	0.0102966267117	0.0113910649493	-0.0418156007083	0.0532427536138	-0.00979687311431	-0.00859672885383	0.0121044382445	-0.0187065952011	-0.00489366987016	-0.0183148148594	0.0177162808121	-0.00481570825171	0.048046363306	-0.0192986240425	-0.0182674881744	0.0220831852034	-0.00241052598823	0.0116663097927	-0.0435761055465	-0.0219300979
k__Bacteria;p__Actinobacteria;c__Actinobacteria;o__Bifidobacteriales;f__Bifidobacteriaceae;g__Bifidobacterium;s__Bifidobacterium_adolescentis	-0.0316409858242	-0.0816343217107	0.0326578035129	-0.0411242833054	0.0547548280211	-0.0389319391877	0.037330132248	-0.0187486539938	-0.0245838380656	0.00525504066074	0.00038317137532	-0.0587992076736	0.0458175733629	0.0312288370607	0.0353308879552	0.0203625920978	0.012391599109	-0.0322068190054	-0.0924431826844	-0.0079203259384	0.00421414495452	0.0575895609254	-0.0493626779856	1.0	-0.0387390161717	-0.0489247521372	-0.0380754922337	0.0543800952187	-0.0418280589489	-0.0758838415443	-0.0534585402725	0.00281142857789	0.040408493435	0.00694526875156	0.0140851612321	-0.0514212158807	0.00941624717397	-0.00856188660429	0.0151356289903	0.0367246247644	-0.00250509649165	-0.0466337924181	-0.0199856862714	-0.0160939421513	0.0157142768299	0.0172171138759	-0.038973308562	0.00729898865314	-0.00604965286364	0.0500403265401	0.0531834180749	-0.0510465207186	-0.00638076872921	-0.0566515432577	-0.0410637586625	0.00927584347467	0.0374088467049	0.007497494132	0.00731933812559
k__Bacteria;p__Firmicutes;c__Clostridia;o__Clostridiales;f__Oscillospiraceae;g__Oscillibacter;s__Oscillibacter_sp._KLE_1745	-0.0673868652106	0.0208309308976	0.0103651845651	0.0511567388031	0.0586600477735	-0.0370728153184	-0.0167786270774	-0.0192486401398	0.0398897136322	0.0239214130926	-0.00173863580032	-0.0274462824694	-0.0302680878962	-0.0848773131629	0.0423367698656	-0.0389090814918	0.0500004735502	-0.0436691000293	-0.0297336927967	-0.0367199532081	-0.0694103765661	-0.0229381139817	-0.0147361862365	-0.0387390161717	1.0	-0.000481870979201	0.0299499690037	0.0194157952475	-0.0492379246957	-0.0237416315924	0.0600853715605	-0.0418552299076	-0.0637872418591	-0.0693373398947	-0.0315088259361	0.0468459875638	0.031198776724	0.0515304597328	-0.0122499106668	0.00749324269855	-0.0254766399256	-0.0213028832124	-0.0147420260454	-0.0315976977925	-0.0165672773404	-0.0130408701486	-0.028002380576	-0.0182048576251	-0.0312637338162	0.00488074730606	-0.0739323548195	-0.0271198230311	-0.0788427321404	-0.00797677796267	0.12409589743	-0.0203641837349	-0.088688880395	0.0370460308175	-0.0224680859808
k__Bacteria;p__Bacteroidetes;c__Bacteroidia;o__Bacteroidales;f__Bacteroidaceae;g__Bacteroides;s__Bacteroides_coprophilus	-0.0167786143162	-0.0223073613176	-0.0365372426325	-0.0596148004322	-0.00179666321197	-0.0148853690952	-0.060820841637	-0.0923803001056	0.00668233538059	-0.0255500577207	0.0288567499256	-0.0296272931914	-0.015685791374	0.0197019725465	-0.00926198049283	0.046988643331	0.00533438952797	0.00493185884275	-0.00244979977058	-0.083344922733	-0.0232562849592	0.0540993552465	-0.0320850141341	-0.0489247521372	-0.000481870979201	1.0	-0.0279003755452	0.0562174253603	-0.0091349375558	0.0502355226514	-0.0324884574151	-0.00364139056801	-0.0324546603531	0.0219209468499	0.0150185425074	-0.0578545227196	0.0394750705356	0.0282017443274	-0.0163483093476	0.0171750284323	-0.13182145895	0.0167676529189	-0.0345947300738	0.00424156549331	-0.000288489835095	-0.0527645025566	0.0588099598293	-0.0325228562303	-0.0136963368097	0.0149732504039	-0.00885231732925	-0.0119251353688	-0.0540753476647	0.00548935061475	-0.0163983668605	0.00307756140433	-0.0564018039425	-0.0567375459766	0.0319676359443
k__Bacteria;p__Firmicutes;c__Clostridia;o__Clostridiales;f__Lachnospiraceae;g__Roseburia;s__Roseburia_intestinalis	-0.0219187817304	-0.0179954183705	0.0372619562333	0.0395394588761	0.011015769927	0.0127200880529	0.021588049428	0.0156392225531	-0.0938874825126	-0.0105708979282	-0.0204064364109	0.00302479732857	-0.0187182361339	-0.00827717551095	-0.00228537340927	0.0867594441096	0.00196880716718	-0.0422441295813	-0.0149629771777	0.0375664751706	-0.0380464566454	-0.00055603657832	-0.0665914107287	-0.0380754922337	0.0299499690037	-0.0279003755452	1.0	0.026749963276	-0.0439258711765	0.0175182820801	0.0287703416746	-0.0127561653838	0.0219215201173	-0.0361738390469	-0.0163513552436	0.00702637968433	0.00482482055532	-0.0508776312535	-0.00628350373941	-0.0224920056736	0.02657212801	-0.0197962865007	0.0296988161047	-0.0639713112169	0.00837418619607	-0.0425584233724	0.0189957370238	-0.0287539542511	-0.0543217916539	-0.045573811452	-0.0174974885433	-0.0669585771822	-0.0207700604195	0.0443326569471	0.0240216230016	-0.030493125981	0.00531326777281	0.0066949820177	0.00307511627875
k__Bacteria;p__Firmicutes;c__Clostridia;o__Clostridiales;f__Lachnospiraceae;g__Roseburia;s__Roseburia_hominis	-0.00588798663812	-0.0559984787436	0.0178499986846	-0.00109796957286	-0.055245752859	0.0566627286581	-0.0447826533097	0.0204918262834	-0.0636426717759	-0.0502671095446	-0.0247255548711	-0.0434632894324	-0.0611636633393	-0.0174227477165	-0.0577492281172	0.0291186169414	-0.047805059375	-0.0165844459972	0.0497354813781	0.0179697479403	0.0213365385578	-0.0799882101311	0.0421110380481	0.0543800952187	0.0194157952475	0.0562174253603	0.026749963276	1.0	0.0181748958832	-0.0842202887203	0.011848608777	-0.0090816735694	0.0872730456387	-0.0172699198439	-0.0324868023433	-0.0269063752877	-0.0535173635775	0.00182819179359	-0.0496270346685	-0.0345796592099	-0.018376978898	0.0134427026267	0.0940027426843	-0.036546338756	-0.0432358805607	-0.0406581393384	0.0231630089084	-0.00180970558538	-0.0362773273394	0.0219126134921	0.00222029392926	0.00424989607095	0.00700130531126	0.0461907766829	0.0204561664135	-0.039003511192	0.00955151807526	0.114374750607	0.0121108634651
k__Bacteria;p__Bacteroidetes;c__Bacteroidia;o__Bacteroidales;f__Porphyromonadaceae;g__Parabacteroides;s__Parabacteroides_johnsonii	-0.00583497575256	-0.0283685344823	0.00238531550266	0.0406485776883	0.0177124620423	0.0279964097173	-0.0585227338163	0.0197280660313	-0.0285519893447	-0.0627541286718	-0.00969348541837	-0.0161993157911	-0.00107347065651	0.00972586741696	-0.0316054103566	-0.0642849278192	0.0364025937616	0.0872726736549	0.00893070035932	-0.107983886603	0.0367273906593	-0.0329086769314	-0.0184306255066	-0.0418280589489	-0.0492379246957	-0.0091349375558	-0.0439258711765	0.0181748958832	1.0	0.0395703265978	-0.0281074641783	0.043573512083	-0.0417335390734	0.0280655197689	-0.0111409939227	0.020709999314	0.0268937716307	0.024562495385	-0.0222031804917	-0.00793677464565	-0.0164220283176	-0.00884513369417	-0.0114460681922	-0.00998040003427	-0.0527848857264	-0.00265937364262	0.0171579850134	-0.0201083274007	-0.0568825458189	-0.00964881618653	0.0388211751383	0.0160355424511	-0.0404314224273	-0.070588090453	0.0234869186536	0.0164964686236	0.116034926997	-0.0504191069458	-0.0247815371039
k__Bacteria;p__Actinobacteria;c__Actinobacteria;o__Bifidobacteriales;f__Bifidobacteriaceae;g__Bifidobacterium;s__Bifidobacterium_longum	-0.0105789257948	-0.0417918406265	-0.0174160572572	-0.0728295577467	-0.00730052386015	0.00409418673518	0.048562352061	-0.054936752865	-0.00516161185194	0.0251311407813	-0.0398695725438	0.0359510822004	-0.0684389128942	-0.0203127204219	0.0143137200798	-0.0196294432552	0.00946546061469	-0.0104873271269	-0.0335483802187	-0.0486026642532	0.0093560681843	-0.0146888261635	0.00550836197688	-0.0758838415443	-0.0237416315924	0.0502355226514	0.0175182820801	-0.0842202887203	0.0395703265978	1.0	-0.0392029712658	0.0120752429496	0.0469769314805	0.0614430594819	0.0792974940404	-0.0199203242621	-0.0338132584915	-0.0240467549698	-0.0198884096309	0.0745603261215	-0.00444895509726	-0.00732789443609	0.0221782684708	0.0067988597694	-0.0198173677952	-0.056340862176	0.0484878054828	0.026654728994	-0.0138539633605	-0.00585222181545	-0.0051607503544	-0.026201437931	-0.0157998197895	0.0220231849662	-0.0023499175519	0.0127066388228	0.122119056764	-0.0029776972844	0.0398409322011
