#taxonomy	k__Bacteria;p__Bacteroidetes;c__Bacteroidia;o__Bacteroidales;f__Bacteroidaceae;g__Bacteroides;s__Bacteroides_vulgatus	k__Bacteria;p__Bacteroidetes;c__Bacteroidia;o__Bacteroidales;f__Bacteroidaceae;g__Bacteroides;s__Bacteroides_uniformis	k__Bacteria;p__Bacteroidetes;c__Bacteroidia;o__Bacteroidales;f__Rikenellaceae;g__Alistipes;s__Alistipes_putredinis	k__Bacteria;p__Bacteroidetes;c__Bacteroidia;o__Bacteroidales;f__Prevotellaceae;g__Prevotella;s__Prevotella_copri	k__Bacteria;p__Bacteroidetes;c__Bacteroidia;o__Bacteroidales;f__Bacteroidaceae;g__Bacteroides;s__Bacteroides_stercoris	k__Bacteria;p__Bacteroidetes;c__Bacteroidia;o__Bacteroidales;f__Bacteroidaceae;g__Bacteroides;s__Bacteroides_ovatus	k__Bacteria;p__Bacteroidetes;c__Bacteroidia;o__Bacteroidales;f__Rikenellaceae;g__Alistipes;s__Alistipes_shahii	k__Bacteria;p__Firmicutes;c__Clostridia;o__Clostridiales;f__Ruminococcaceae;g__Faecalibacterium;s__Faecalibacterium_prausnitzii	k__Bacteria;p__Bacteroidetes;c__Bacteroidia;o__Bacteroidales;f__Rikenellaceae;g__Alistipes;s__Alistipes_finegoldii	k__Bacteria;p__Bacteroidetes;c__Bacteroidia;o__Bacteroidales;f__Porphyromonadaceae;g__Parabacteroides;s__Parabacteroides_distasonis	k__Bacteria;p__Bacteroidetes;c__Bacteroidia;o__Bacteroidales;f__Bacteroidaceae;g__Bacteroides;s__Bacteroides_thetaiotaomicron	k__Bacteria;p__Bacteroidetes;c__Bacteroidia;o__Bacteroidales;f__Bacteroidaceae;g__Bacteroides;s__Bacteroides_coprocola	k__Bacteria;p__Bacteroidetes;c__Bacteroidia;o__Bacteroidales;f__Bacteroidaceae;g__Bacteroides;s__Bacteroides_cellulosilyticus	k__Bacteria;p__Bacteroidetes;c__Bacteroidia;o__Bacteroidales;f__Rikenellaceae;g__Alistipes;s__Alistipes_obesi	k__Bacteria;p__Firmicutes;c__Clostridia;o__Clostridiales;f__Lachnospiraceae;g__;s__[Eubacterium]_rectale	k__Bacteria;p__Bacteroidetes;c__Bacteroidia;o__Bacteroidales;f__Bacteroidaceae;g__Bacteroides;s__Bacteroides_plebeius	k__Bacteria;p__Bacteroidetes;c__Bacteroidia;o__Bacteroidales;f__Bacteroidaceae;g__Bacteroides;s__Bacteroides_fragilis	k__Bacteria;p__Proteobacteria;c__Betaproteobacteria;o__Burkholderiales;f__Sutterellaceae;g__Sutterella;s__Sutterella_wadsworthensis	k__Bacteria;p__Bacteroidetes;c__Bacteroidia;o__Bacteroidales;f__Porphyromonadaceae;g__Barnesiella;s__Barnesiella_intestinihominis	k__Bacteria;p__Bacteroidetes;c__Bacteroidia;o__Bacteroidales;f__Odoribacteraceae;g__Odoribacter;s__Odoribacter_splanchnicus	k__Bacteria;p__Bacteroidetes;c__Bacteroidia;o__Bacteroidales;f__Bacteroidaceae;g__Bacteroides;s__Bacteroides_salyersiae	k__Bacteria;p__Firmicutes;c__Clostridia;o__Clostridiales;f__Ruminococcaceae;g__Ruminiclostridium;s__[Eubacterium]_siraeum	k__Bacteria;p__Proteobacteria;c__Betaproteobacteria;o__Burkholderiales;f__Sutterellaceae;g__Parasutterella;s__Parasutterella_excrementihominis	k__Bacteria;p__Actinobacteria;c__Actinobacteria;o__Bifidobacteriales;f__Bifidobacteriaceae;g__Bifidobacterium;s__Bifidobacterium_adolescentis	k__Bacteria;p__Firmicutes;c__Clostridia;o__Clostridiales;f__Oscillospiraceae;g__Oscillibacter;s__Oscillibacter_sp._KLE_1745	k__Bacteria;p__Bacteroidetes;c__Bacteroidia;o__Bacteroidales;f__Bacteroidaceae;g__Bacteroides;s__Bacteroides_coprophilus	k__Bacteria;p__Firmicutes;c__Clostridia;o__Clostridiales;f__Lachnospiraceae;g__Roseburia;s__Roseburia_intestinalis	k__Bacteria;p__Firmicutes;c__Clostridia;o__Clostridiales;f__Lachnospiraceae;g__Roseburia;s__Roseburia_hominis	k__Bacteria;p__Bacteroidetes;c__Bacteroidia;o__Bacteroidales;f__Porphyromonadaceae;g__Parabacteroides;s__Parabacteroides_johnsonii	k__Bacteria;p__Actinobacteria;c__Actinobacteria;o__Bifidobacteriales;f__Bifidobacteriaceae;g__Bifidobacterium;s__Bifidobacterium_longum	k__Bacteria;p__Firmicutes;c__Clostridia;o__Clostridiales;f__;g__Flavonifractor;s__Flavonifractor_plautii	k__Bacteria;p__Firmicutes;c__Clostridia;o__Clostridiales;f__Clostridiaceae;g__Clostridium;s__Clostridium_phoceensis	k__Bacteria;p__Verrucomicrobia;c__Verrucomicrobiae;o__Verrucomicrobiales;f__Akkermansiaceae;g__Akkermansia;s__Akkermansia_muciniphila	k__Bacteria;p__Bacteroidetes;c__Bacteroidia;o__Bacteroidales;f__Prevotellaceae;g__Paraprevotella;s__Paraprevotella_xylaniphila	k__Bacteria;p__Firmicutes;c__Clostridia;o__Clostridiales;f__Ruminococcaceae;g__Ruminococcus;s__Ruminococcus_callidus	k__Bacteria;p__Bacteroidetes;c__Bacteroidia;o__Bacteroidales;f__Rikenellaceae;g__Alistipes;s__Alistipes_senegalensis	k__Bacteria;p__Firmicutes;c__Clostridia;o__Clostridiales;f__Lachnospiraceae;g__Blautia;s__Blautia_sp._KLE_1732	k__Bacteria;p__Bacteroidetes;c__Bacteroidia;o__Bacteroidales;f__Bacteroidaceae;g__Bacteroides;s__Bacteroides_oleiciplenus	k__Bacteria;p__Firmicutes;c__Clostridia;o__Clostridiales;f__Ruminococcaceae;g__Ruminococcus;s__Ruminococcus_bicirculans	k__Bacteria;p__Bacteroidetes;c__Bacteroidia;o__Bacteroidales;f__Bacteroidaceae;g__Bacteroides;s__Bacteroides_fluxus	k__Bacteria;p__Bacteroidetes;c__Bacteroidia;o__Bacteroidales;f__Prevotellaceae;g__Prevotella;s__Prevotella_stercorea	k__Bacteria;p__Firmicutes;c__Clostridia;o__Clostridiales;f__Lachnospiraceae;g__Dorea;s__Dorea_longicatena	k__Bacteria;p__Firmicutes;c__Clostridia;o__Clostridiales;f__Eubacteriaceae;g__Eubacterium;s__[Eubacterium]_eligens	k__Bacteria;p__Firmicutes;c__Clostridia;o__Clostridiales;f__Ruminococcaceae;g__;s__Ruminococcaceae_bacterium_D16	k__Bacteria;p__Firmicutes;c__Clostridia;o__Clostridiales;f__Lachnospiraceae;g__Coprococcus;s__Coprococcus_comes	k__Bacteria;p__Proteobacteria;c__Gammaproteobacteria;o__Enterobacterales;f__Enterobacteriaceae;g__Escherichia;s__Escherichia_coli	k__Bacteria;p__Firmicutes;c__Clostridia;o__Clostridiales;f__Ruminococcaceae;g__Anaerotruncus;s__Anaerotruncus_colihominis	k__Bacteria;p__Firmicutes;c__Clostridia;o__Clostridiales;f__Lachnospiraceae;g__Blautia;s__Blautia_obeum	k__Bacteria;p__Bacteroidetes;c__Bacteroidia;o__Bacteroidales;f__Odoribacteraceae;g__Odoribacter;s__Odoribacter_laneus	k__Bacteria;p__Firmicutes;c__Clostridia;o__Clostridiales;f__Ruminococcaceae;g__Ruminiclostridium;s__[Clostridium]_leptum	k__Bacteria;p__Bacteroidetes;c__Bacteroidia;o__Bacteroidales;f__Porphyromonadaceae;g__Parabacteroides;s__Parabacteroides_goldsteinii	k__Bacteria;p__Firmicutes;c__Clostridia;o__Clostridiales;f__Lachnospiraceae;g__Anaerostipes;s__Anaerostipes_hadrus	k__Bacteria;p__Firmicutes;c__Clostridia;o__Clostridiales;f__Ruminococcaceae;g__Ruminococcus;s__Ruminococcus_lactaris	k__Bacteria;p__Firmicutes;c__Clostridia;o__Clostridiales;f__Clostridiaceae;g__Clostridium;s__Clostridium_sp._L2-50	k__Bacteria;p__Firmicutes;c__Clostridia;o__Clostridiales;f__Clostridiaceae;g__Clostridium;s__Clostridium_sp._M62/1	k__Bacteria;p__Firmicutes;c__Clostridia;o__Clostridiales;f__;g__Intestinimonas;s__Intestinimonas_butyriciproducens	k__Bacteria;p__Actinobacteria;c__Actinobacteria;o__Bifidobacteriales;f__Bifidobacteriaceae;g__Bifidobacterium;s__Bifidobacterium_bifidum	k__Bacteria;p__Firmicutes;c__Negativicutes;o__Veillonellales;f__Veillonellaceae;g__Dialister;s__Dialister_invisus	k__Bacteria;p__Bacteroidetes;c__Bacteroidia;o__Bacteroidales;f__Bacteroidaceae;g__Bacteroides;s__Bacteroides_salanitronis
k__Bacteria;p__Bacteroidetes;c__Bacteroidia;o__Bacteroidales;f__Bacteroidaceae;g__Bacteroides;s__Bacteroides_vulgatus	1.0	0.0230472292685	-0.0555803978888	-0.0151363521324	-0.0299881737218	0.0272135992273	0.0290756497998	-0.0344390597403	-0.0703770330894	-0.0415018212589	-0.0503011881216	0.0040181130733	0.0934288403206	-0.0366355074366	-0.0309895820338	-0.0112423753386	0.00539922355379	-0.00907287547589	-0.000711912672263	-0.00860954658695	0.019377843977	0.0329670338502	-0.000473195299003	-0.0236631314281	-0.00714032506143	-0.00213971296274	0.012499188115	0.0190822422385	-0.0437042977485	-0.018336565487	-0.0179941693129	-0.0445023726488	0.00468180049976	-0.0383448293208	-0.0338844039933	0.060988135944	-0.0339754772509	-0.0210321711202	-0.047883973191	-0.00176059440583	-0.0612938913121	0.0148143789483	-0.058158406248	-0.0368031886231	0.0173551598103	0.0364862157796	-0.0150621193847	0.000818422412587	0.0371054174505	0.0767289331558	-0.0122065765297	0.0121603569444	0.0255439232754	-0.0067319268944	0.0059653883179	0.0190663972545	0.0120919951868	-0.0153125483644	-0.0610002932629
k__Bacteria;p__Bacteroidetes;c__Bacteroidia;o__Bacteroidales;f__Bacteroidaceae;g__Bacteroides;s__Bacteroides_uniformis	0.0230472292685	1.0	-0.0346840647408	-0.010919907944	-0.0129834488811	-0.0806617260603	-0.0507133973538	-0.0223209033694	-0.115351314653	0.0323605803462	-0.0605403737023	0.00718217351747	-0.00848371257251	0.0509274551587	-0.0495269887335	0.0143454978926	-0.0335252068637	-0.0131213711087	-0.00521159660943	0.0166360576704	0.0229347976422	0.014318268193	0.0365552449019	-0.00568857839831	-0.044460915325	-0.0587738502815	-0.0324289078284	0.00734229967671	0.00221415837299	0.0878848734167	0.0124028678824	-0.00388826072642	0.0135928104425	-0.00112224579816	0.024857277578	0.00124683902497	-0.00951572498712	-0.0984131754256	0.0089392320342	-0.0419369382861	0.0673328953711	-0.00562157175741	0.015827315743	0.0159461397573	-0.00702551648661	0.0142998757489	-0.00528048313055	0.0196471053341	-0.0651926240865	0.00565778247075	-0.0205710962224	0.0490549988751	0.0238661473771	-0.038783081814	-0.0246220685669	-0.066752304397	-0.0532782796795	0.00663384128843	0.00425145691478
k__Bacteria;p__Bacteroidetes;c__Bacteroidia;o__Bacteroidales;f__Rikenellaceae;g__Alistipes;s__Alistipes_putredinis	-0.0555803978888	-0.0346840647408	1.0	-0.00828983353981	0.002625113799	0.00360900258062	0.00861498911811	-0.0543694940095	0.00178048366489	-0.0198574441432	-0.0533421390942	-0.0324960264308	-0.00396875520247	0.0237252263031	-0.00330765410518	-0.0266615084743	0.00383554413474	0.0170710636565	-0.0497503982059	0.0466983804559	-0.00179001636427	0.00566664707742	0.0387020597169	-0.0129414809869	0.0641170078809	0.000499797340621	-0.0204507345278	-0.0174238017238	-0.0104032232408	-0.0333049986548	-0.0407080743702	-0.0495453151586	-0.0346980147495	-0.0108017103464	-0.0117259730932	-0.0438403175095	-0.00249754496492	0.0640265422818	-0.0359918357379	0.0398417942571	0.0206743801254	0.0590295354106	-0.00613605046213	0.0580382086648	-0.00945411854754	-0.000429687194685	-0.0434604809743	-0.0259556000999	0.039592462945	-0.0914521189863	-0.00491986169442	-0.0163744544053	0.0473644001173	-0.0294179464534	-0.0495532885074	-0.0176325531671	0.00323315771364	0.0482558658176	0.00189983313222
k__Bacteria;p__Bacteroidetes;c__Bacteroidia;o__Bacteroidales;f__Prevotellaceae;g__Prevotella;s__Prevotella_copri	-0.0151363521324	-0.010919907944	-0.00828983353981	1.0	-0.0223317250464	0.030482267496	-0.00914827205991	0.0310906332501	0.039479736782	-0.0209389538098	0.00893660854224	-0.00598805639349	-0.0485633657064	-0.0105540345883	0.00442474088372	0.0268586768521	-0.0259511132602	0.0347710386609	0.0129427734981	-0.0223258604217	-0.0140057914286	-0.0102616134593	0.0139364248518	-0.024771518802	0.0313494049336	0.0101745771974	0.00063000577731	-0.00964866992056	-0.078640356997	-0.0284919347644	-0.0517967618146	0.0128504181134	0.0203302214746	-0.0429745553556	0.00701281527258	-0.0361746202454	-0.0809432198064	-0.0201929748263	0.0562029920702	0.0517186738205	-0.0992318687917	-0.0418388365691	0.0194460617942	0.00997776393147	0.102656188571	0.015280364616	0.0177860780303	-0.00449236167172	-0.0362079150612	-0.00836049506053	-0.0402788501708	-0.0138394588043	0.010672020389	-0.02334658734	-0.0351794140323	-0.0215625591055	-0.0586411367074	-0.0157091135596	0.0210759757396
k__Bacteria;p__Bacteroidetes;c__Bacteroidia;o__Bacteroidales;f__Bacteroidaceae;g__Bacteroides;s__Bacteroides_stercoris	-0.0299881737218	-0.0129834488811	0.002625113799	-0.0223317250464	1.0	0.0728635390037	-0.0528614647247	-0.0217301035338	-0.0897277783171	0.00802129182031	-0.0247414415209	-0.013330013681	-0.0508572582528	0.0561312333336	-0.0509367360737	-0.0125791940419	-0.00239274951354	-0.0267930662317	-0.0257264124889	0.0458045730701	0.0670453800513	-0.0141819973341	-0.0272393901439	-0.0292601835598	-0.0100362948915	-0.000683093185769	-0.00228369944826	-0.00713822310711	0.0250556629315	0.0400689706064	-0.0221845806645	-0.0181269861532	0.0514229618768	0.00823433707185	0.0166341533062	0.0488008183962	0.0176022883204	-0.0240713771977	-0.041739391319	-0.0293682076541	-0.0225085571142	-0.00440761670109	0.0413098600716	-0.0176638229427	-0.0449539940449	-0.0421371638741	0.0204905662983	-0.0695798850938	-0.0195331533913	-0.0763636954705	-0.00714766048007	0.0134060051998	-0.00817655540113	0.037796722344	0.0402245685837	0.0174948403886	0.0433871367432	-0.02927707598	0.0033537839323
k__Bacteria;p__Bacteroidetes;c__Bacteroidia;o__Bacteroidales;f__Bacteroidaceae;g__Bacteroides;s__Bacteroides_ovatus	0.0272135992273	-0.0806617260603	0.00360900258062	0.030482267496	0.0728635390037	1.0	-8.90782291706e-05	0.00880392921635	-0.0763160909328	-0.0235743568904	0.0285254825901	-0.0368114631147	-0.0705504773321	0.00215299910425	-0.0261384101679	0.00849785609323	0.0146089333032	-0.079779369379	0.0914987889994	0.0117607895669	-0.0557856096486	0.0220544406147	-0.036888334057	0.0184286671818	-0.0226090318366	-0.0208398402358	0.00133808915636	-0.0421720422335	-0.0241831965367	-0.0193428507044	0.0474752087181	-0.025109379509	-0.00124045033134	-0.0414835280462	-0.00585173754321	0.0135915150632	-0.0160373757822	-0.00254865094034	-0.0202106806019	0.0194289512752	0.0258819838137	-0.0223031842289	-0.0462694640081	0.00974251958396	-0.00816701109586	-0.03763312563	0.0570332696606	-0.0214413558942	-0.0208728089596	-0.000329798938098	-0.0470997788492	-0.0561546214397	0.00906316695919	0.064889668252	-0.0625020540008	0.0238152773385	-0.0275961027146	-0.0400689568661	0.06130403644
k__Bacteria;p__Bacteroidetes;c__Bacteroidia;o__Bacteroidales;f__Rikenellaceae;g__Alistipes;s__Alistipes_shahii	0.0290756497998	-0.0507133973538	0.00861498911811	-0.00914827205991	-0.0528614647247	-8.90782291708e-05	1.0	-0.0720526689194	-0.0340373688616	0.00341316348647	-0.0399510280047	0.0384764509466	0.00143397996382	0.0198643921397	-0.0131408640049	0.0024954966688	-0.0597083262109	0.00271862593391	-0.0168263484588	-0.0195641681892	-0.0558938524143	-0.0195161505766	-0.0135362300519	0.0516915849199	0.0202766450342	0.0726616033476	-0.0317222617149	0.00990832356293	0.0473462008689	-0.000674610897429	-0.0426090806107	0.0179056336375	-0.0144016691137	-0.0364102409677	-0.0484347205699	0.00974017109243	0.0298096718078	-0.0398109268551	-0.0082071050426	0.0167101137601	-0.0428871299529	-0.0570022427359	0.0799452513677	-0.00969980507703	-0.0210961052431	-0.0247032110942	-0.0695789570339	-0.00689607018358	-0.00802329057547	-0.00396251874345	-0.0705557036261	0.0233367483599	-0.00969168459906	-0.0599446620265	0.00710309256299	0.00441615704555	-0.0417621442475	0.0204661825638	0.00134698713839
k__Bacteria;p__Firmicutes;c__Clostridia;o__Clostridiales;f__Ruminococcaceae;g__Faecalibacterium;s__Faecalibacterium_prausnitzii	-0.0344390597403	-0.0223209033694	-0.0543694940095	0.0310906332501	-0.0217301035338	0.00880392921635	-0.0720526689194	1.0	-0.0202755806769	-0.00610381608152	-0.0254070855378	0.0437748192805	-0.0248690698379	0.00481825640355	-0.0375248717906	0.0156746881547	-0.0153025876948	-0.0244650009835	-0.00389529730023	0.0218299091998	-0.0201740471632	-0.01518854	-0.013351321592	-0.0611240075055	-0.0630445477384	-0.00487695419246	-0.0488948124221	0.0238822136083	-0.0989991527332	0.0181478586058	0.0110407669598	-7.22906992121e-05	0.0183896854383	0.0538895574245	-0.0351531478243	-0.0291778861554	-0.00432549798642	0.016507764768	-0.0438993884861	-0.0449023684791	-0.0439088596229	-0.0318656259824	0.0464258957156	-0.0217979889692	0.023745369001	-0.0488426948169	-0.000174175464829	0.0509011078058	-0.00125690889723	0.0113676558176	-0.0390007134558	-0.0105539940652	-0.0444094388657	0.00689432906819	0.027575324463	-0.0279146215823	0.0160917815812	0.00507800427119	0.00885732513053
k__Bacteria;p__Bacteroidetes;c__Bacteroidia;o__Bacteroidales;f__Rikenellaceae;g__Alistipes;s__Alistipes_finegoldii	-0.0703770330894	-0.115351314653	0.00178048366489	0.039479736782	-0.0897277783171	-0.0763160909328	-0.0340373688616	-0.0202755806769	1.0	0.0973671062138	-0.0400976869492	-0.0442778504476	-0.0151025116358	-0.0265857816925	-0.00586180754911	0.0297048652021	0.0192330201749	-0.0093368975015	-0.046318307229	0.0280659264089	0.0202057880517	0.00536079521775	-0.00517095597167	0.00742660855521	0.0419194290379	-0.0435618596725	0.00172903921013	0.0310010817416	-0.0162380328352	0.0215499612028	-0.0316903262715	0.0237557867496	-0.00719173267641	0.0114587900137	0.0202705964165	-0.0182861908461	0.00146207840036	-0.044968596611	-0.0418170134513	-0.109958845505	-0.0243432862768	0.0114308075033	-0.0200951477851	0.00928125984763	-0.0547388117105	-0.0116817379134	0.00386458323309	-0.0326350754085	-0.0508672609465	0.000218753138705	0.000167415423402	-0.0205446943621	0.0370354164469	-0.000889363879039	-0.0225859357882	0.0476402580355	0.000271652938524	0.00540799122075	-0.0271566212794
k__Bacteria;p__Bacteroidetes;c__Bacteroidia;o__Bacteroidales;f__Porphyromonadaceae;g__Parabacteroides;s__Parabacteroides_distasonis	-0.0415018212589	0.0323605803462	-0.0198574441432	-0.0209389538098	0.00802129182031	-0.0235743568904	0.00341316348647	-0.00610381608152	0.0973671062138	1.0	-0.100709497063	0.0662007328212	0.00166859765523	0.0502047771297	-0.0702590358614	0.126543569737	-0.0335679277289	0.0391790270514	0.01986956317	0.0424686446684	0.0191884540452	-0.0385005371722	-0.0456722117458	-0.000100677566978	-0.0388010415511	-0.0431130865553	0.0470292290365	-0.0410564587718	-0.00273399742667	0.000188442425076	0.0468805879261	0.0107606754033	-0.0785692911063	-0.0256723127631	0.0607019153188	-0.0771683330745	-0.0148704948344	-0.00806601970339	-0.0655344064662	0.00116511432852	-0.0159741794819	-0.00100673589089	-0.0519733708737	0.0660657581403	-0.0071215662107	0.0326720352863	-0.0200077137917	-0.0458236698535	-0.0156032792981	-0.0151462097713	-0.0387264243021	-0.0205230655204	0.0502779584429	-0.0276429998124	0.022571019382	0.0300016676906	-0.0434867335068	0.00485072404028	-0.053584928892
k__Bacteria;p__Bacteroidetes;c__Bacteroidia;o__Bacteroidales;f__Bacteroidaceae;g__Bacteroides;s__Bacteroides_thetaiotaomicron	-0.0503011881216	-0.0605403737023	-0.0533421390942	0.00893660854224	-0.0247414415209	0.0285254825901	-0.0399510280047	-0.0254070855378	-0.0400976869492	-0.100709497063	1.0	-0.00182125983179	-0.0490118009793	-0.0163315285999	-0.0179121897964	0.0275185429899	-0.0898634154993	0.0322999426977	-0.0542828391837	0.038678547376	0.0202261490483	-0.0490613934628	-0.00265405734376	0.029561665379	-0.0539749894862	0.084534455013	0.0677673714615	0.0190531426859	0.0700981823283	-0.0250092462203	0.0180859699504	-0.0130424123408	-0.0384946452714	0.0464809091481	0.019583546925	0.0297088225608	-0.0251718158028	0.0656676552747	-0.0336665610709	0.0211195892747	-0.00843530841883	-0.0608909224807	-0.0117611795539	-0.0651966107163	-0.0422363337312	-0.0325494959908	0.0267719361097	0.0137580253193	0.00580528327484	-0.00477568909823	-0.0408303418172	0.0148356607262	-0.0389396704993	-0.0564865030806	-0.0297276924468	-0.0508247038916	0.0145993142879	-0.0444644303642	0.071510927914
k__Bacteria;p__Bacteroidetes;c__Bacteroidia;o__Bacteroidales;f__Bacteroidaceae;g__Bacteroides;s__Bacteroides_coprocola	0.0040181130733	0.00718217351747	-0.0324960264308	-0.00598805639349	-0.013330013681	-0.0368114631147	0.0384764509466	0.0437748192805	-0.0442778504476	0.0662007328212	-0.00182125983179	1.0	0.0479393870474	-0.00276171921459	-0.0159471950642	-0.0995608805016	-0.0267753697275	-0.00622151456673	-0.0545685093324	-0.0516722936745	-0.0611718036903	0.0283299076904	0.0173208608051	-0.0576574021931	0.121816745219	-0.0127998522554	-0.0489960714416	-0.00697767791835	0.00635865053975	-0.00641649354666	0.0284050426444	0.00391011249254	-0.0137607198486	-0.0269231190021	-0.059572335909	0.0262775337782	0.0122863512186	-0.0478409930518	-0.0453588221694	0.0819222959752	-0.0197790126153	0.00798505031604	0.00333276579997	-0.0404952025323	-0.00926209612085	-0.0151448430878	0.0197236295616	-0.031927042942	-0.00151934726518	0.0320553602769	-0.0545034698433	0.0385425785999	-0.00733597601299	-0.00495969825523	0.0203540821765	-0.0533731775698	-0.0259618009129	0.0446356030344	-0.0856326005611
k__Bacteria;p__Bacteroidetes;c__Bacteroidia;o__Bacteroidales;f__Bacteroidaceae;g__Bacteroides;s__Bacteroides_cellulosilyticus	0.0934288403206	-0.00848371257251	-0.00396875520247	-0.0485633657064	-0.0508572582528	-0.0705504773321	0.00143397996382	-0.0248690698379	-0.0151025116358	0.00166859765523	-0.0490118009793	0.0479393870474	1.0	-0.0261596597643	-0.00823035501216	0.0198193391486	-0.00348630805716	-0.0207268551405	0.0251496619215	-0.0270032412184	0.00115838472824	-0.0601859511732	0.0205197627512	-0.00728082146649	0.0062008816119	-0.0941184485969	0.0368693039891	0.0145897809734	0.00518223014515	0.0522104679557	-0.0303606252438	0.0208749361519	-0.0532737632093	-0.0340256859496	-0.0990328887562	-0.00507404159842	0.0272221957556	-0.00601741426809	0.00639494374367	0.00792522042676	0.01617730609	0.0230623655285	-0.0177055011678	-0.00425711708475	0.00458750670579	-0.0150565555056	0.0020631277045	-0.0287012655156	0.0354288591496	0.0292257332449	-0.00927663075175	-0.0218652877314	0.00855756910123	-0.0478589567798	-0.00985682338907	-0.0173392158246	-0.047782036971	-0.00716435487295	-0.0700347558128
k__Bacteria;p__Bacteroidetes;c__Bacteroidia;o__Bacteroidales;f__Rikenellaceae;g__Alistipes;s__Alistipes_obesi	-0.0366355074366	0.0509274551587	0.0237252263031	-0.0105540345883	0.0561312333336	0.00215299910425	0.0198643921397	0.00481825640355	-0.0265857816925	0.0502047771297	-0.0163315285999	-0.00276171921459	-0.0261596597643	1.0	0.00570958985446	0.0189786354687	-0.00651473270044	-0.0231806831068	-0.0541101862082	0.0128091834033	0.0392140813715	-0.0188198933151	-0.0366674154156	0.00962928444083	-0.039077908682	0.0279012239049	0.00344479851026	-0.0246326883001	-0.0162174527379	-0.0388590907639	-0.0129579961066	0.0420205291511	0.0489893464522	0.0129081850924	-0.0102752315791	-0.00819909245653	-0.0718595834656	-0.00466217608699	-0.0475997812582	0.00555221361532	0.045025147138	-0.0407955438985	-0.040303427327	-0.0558808514083	-0.00901244395975	-0.0144161025055	-0.0081690292995	-0.0354691560223	0.000307622659496	0.0381848811988	-0.0265574500088	-0.0051104912493	-0.0399184614687	0.0536041526377	0.00907369855138	-0.0302190263284	-0.0334808131105	0.0422661590219	-0.0169547640909
k__Bacteria;p__Firmicutes;c__Clostridia;o__Clostridiales;f__Lachnospiraceae;g__;s__[Eubacterium]_rectale	-0.0309895820338	-0.0495269887335	-0.00330765410518	0.00442474088372	-0.0509367360737	-0.0261384101679	-0.0131408640049	-0.0375248717906	-0.00586180754911	-0.0702590358614	-0.0179121897964	-0.0159471950642	-0.00823035501216	0.00570958985446	1.0	-0.00475246971635	0.0155719703264	-0.111561286469	-0.0374169306475	-0.012572486925	0.0338646859871	-0.0426580113233	0.00376096422004	-0.0166178539481	0.00117381282578	0.0275677480798	0.00772961987699	0.0215606560831	0.00226096943592	-0.00600736765034	-0.0287991916938	-0.0413828024069	0.00912097200058	0.0544004495623	-0.0259694200671	0.0119434576307	0.0596446412059	-0.0328080226041	-0.00881126025958	-0.0820843201208	-0.0346646154682	-0.000523069536093	0.0476464034997	-0.0532532390222	0.00185141427678	0.0308636427552	-0.00708722183636	-0.0267155109626	-0.00122741824985	0.0550694407696	-0.0423483270941	-0.0223914969905	-0.0129842429796	0.0638872968927	-0.00446509584958	-0.026630170349	-0.00946397030646	-0.0211479253823	-0.0396698254761
k__Bacteria;p__Bacteroidetes;c__Bacteroidia;o__Bacteroidales;f__Bacteroidaceae;g__Bacteroides;s__Bacteroides_plebeius	-0.0112423753386	0.0143454978926	-0.0266615084743	0.0268586768521	-0.0125791940419	0.00849785609323	0.0024954966688	0.0156746881547	0.0297048652021	0.126543569737	0.0275185429899	-0.0995608805016	0.0198193391486	0.0189786354687	-0.00475246971635	1.0	0.0339059760443	0.0642125104342	-0.0222829094743	-0.0283170314343	-0.0405381490525	0.0249534852763	-0.0336303964478	-0.0500406337172	0.0092674306	-0.0213136599136	0.00415680674561	-0.0443839892821	-0.000437808048636	-0.017642732605	-0.0127325503072	-0.0442203317158	-0.0565011460413	0.00313632925139	-0.0129244848866	-0.0438382674273	-0.0469392309994	0.0112970032523	-0.0279028049758	0.0420785183891	0.069283124956	0.0297691646908	0.0429574160397	-0.017028317703	-0.083963812776	0.014527118994	0.0304753075367	0.0778546009427	-0.0705117076379	-0.0213252233237	-0.0710956247918	-0.0199660122072	0.00842994673177	-0.0196905953378	0.00446827613556	-0.0347827211407	-0.0115980905639	-0.0413619837623	-0.0233310257196
k__Bacteria;p__Bacteroidetes;c__Bacteroidia;o__Bacteroidales;f__Bacteroidaceae;g__Bacteroides;s__Bacteroides_fragilis	0.00539922355379	-0.0335252068637	0.00383554413474	-0.0259511132602	-0.00239274951354	0.0146089333032	-0.0597083262109	-0.0153025876948	0.0192330201749	-0.0335679277289	-0.0898634154993	-0.0267753697275	-0.00348630805716	-0.00651473270044	0.0155719703264	0.0339059760443	1.0	-0.0418000279635	0.0553294369247	-0.0455302240325	-0.013548098319	-0.00974829433145	-0.0259185792278	-0.00606385716737	0.00115846107256	-0.0422085425788	-0.0242970849379	0.0264506696307	0.00651454863096	-0.033052201059	0.0100357341489	0.0153850070472	-0.00108682186709	0.0339747904941	-0.00745258314888	-0.0684811721876	-0.0553374047621	0.0261030488618	-0.00505068713364	0.0184033575085	-0.00356638461202	0.0557963524422	-0.0122481678943	-0.009657940331	-0.0360909536259	0.00860390155684	0.0198267234644	-0.0628629753749	0.0224892789494	-0.0530702212136	0.0369172005054	-0.0571176020341	0.0037627762727	-0.0107443221966	0.00682064716834	-0.00736877570754	-0.00472328055656	-0.0117175557357	-0.00810756847626
k__Bacteria;p__Proteobacteria;c__Betaproteobacteria;o__Burkholderiales;f__Sutterellaceae;g__Sutterella;s__Sutterella_wadsworthensis	-0.00907287547589	-0.0131213711087	0.0170710636565	0.0347710386609	-0.0267930662317	-0.079779369379	0.00271862593391	-0.0244650009835	-0.0093368975015	0.0391790270514	0.0322999426977	-0.00622151456673	-0.0207268551405	-0.0231806831068	-0.111561286469	0.0642125104342	-0.0418000279635	1.0	0.00209492919001	-0.0293384971833	-0.0447654904556	-0.0173334654466	-0.0265509870941	0.000826372634806	0.0626706922227	0.031241383593	-0.00657233848861	-0.0422324611795	-0.0467827906115	0.00123323920506	0.0399665224808	-0.0249917734592	-0.0482041168959	-0.0608363209795	-0.0399000865723	-0.0379244945949	0.0511013869095	0.0397958147858	0.0158787609854	0.0168409185748	0.0163066385725	0.0132114382817	0.00983025963891	0.0155788188841	-0.00561476763994	0.0283534664251	-0.0452562385692	-0.0690837888118	0.000687086207519	0.00304109694466	0.0169682561832	0.0136353611109	-0.0373519093469	0.0130567474386	0.0388038555206	0.014751628628	0.0104740181081	0.0172114715485	0.00284919917022
k__Bacteria;p__Bacteroidetes;c__Bacteroidia;o__Bacteroidales;f__Porphyromonadaceae;g__Barnesiella;s__Barnesiella_intestinihominis	-0.000711912672262	-0.00521159660943	-0.0497503982059	0.0129427734981	-0.0257264124889	0.0914987889994	-0.0168263484588	-0.00389529730023	-0.046318307229	0.01986956317	-0.0542828391837	-0.0545685093324	0.0251496619215	-0.0541101862082	-0.0374169306475	-0.0222829094743	0.0553294369247	0.00209492919001	1.0	-0.0677154039132	-0.039013295645	-0.00545955052531	-0.00818017195344	-0.0200842839124	0.00811936830314	-0.0254121462067	0.029471891432	0.0261239768913	-0.000420399694653	-0.0339861910942	-0.0470239495574	-0.0429081364826	-0.00173237984412	0.0189215172925	-0.0415281043147	0.0251011587682	-0.0561203245974	-0.0385082434207	0.0375289353344	-0.00871804449109	0.0474007409853	0.00329270572699	-0.0153652437194	0.0279362956308	0.0101425280837	-0.0508923364727	0.0334575224301	-0.0216506829687	-0.0756556982954	-0.0419793525387	0.0880332695119	-0.0597310738729	0.034939555906	0.0363017472852	0.00839521557757	0.0370958511394	-0.0065199801003	-0.0328344336661	0.00553063670735
k__Bacteria;p__Bacteroidetes;c__Bacteroidia;o__Bacteroidales;f__Odoribacteraceae;g__Odoribacter;s__Odoribacter_splanchnicus	-0.00860954658695	0.0166360576704	0.0466983804559	-0.0223258604217	0.0458045730701	0.0117607895669	-0.0195641681892	0.0218299091998	0.0280659264089	0.0424686446684	0.038678547376	-0.0516722936745	-0.0270032412184	0.0128091834033	-0.012572486925	-0.0283170314343	-0.0455302240325	-0.0293384971833	-0.0677154039132	1.0	-0.0286670724267	-0.00366708702497	-0.0413731124881	-0.0392472541899	-0.0424491337961	0.0488762250893	-0.018732892091	-0.0794349210566	-0.00629118578792	0.00833498892633	-0.0432960684596	0.0126997405005	-0.0320147017048	0.00464011637399	-0.0237545180812	-0.0405124534758	0.028399748206	-0.0460414396459	0.000422459871526	0.0036042598687	0.0495356810328	-0.0316060246956	0.000619332085813	-0.040472763492	0.0155017226321	-0.0117770234319	-0.0530827622183	0.00635450569691	0.0364276931365	0.0362667558715	0.0038495973353	0.01808616814	-0.0666737056391	-0.0211645981689	-0.0443896227785	0.0125899604146	-0.0497342929102	-0.0675908245282	0.0176250212291
k__Bacteria;p__Bacteroidetes;c__Bacteroidia;o__Bacteroidales;f__Bacteroidaceae;g__Bacteroides;s__Bacteroides_salyersiae	0.019377843977	0.0229347976422	-0.00179001636427	-0.0140057914286	0.0670453800513	-0.0557856096486	-0.0558938524143	-0.0201740471632	0.0202057880517	0.0191884540452	0.0202261490483	-0.0611718036903	0.00115838472824	0.0392140813715	0.0338646859871	-0.0405381490525	-0.013548098319	-0.0447654904556	-0.039013295645	-0.0286670724267	1.0	0.0161236691458	0.00496116520701	-0.0693160160414	-0.0155660140174	-0.00830442418973	-0.00104188827524	0.0474649594136	-0.0534538251169	-0.0917509316248	0.00122114757766	0.032966302692	0.00949390176173	-0.00944442129712	-0.0235339480777	-0.0536726832319	0.00151322192887	0.0263319194688	0.0233097784605	-0.0402996209433	0.000535568973074	0.00278737344825	-0.0916875474525	0.0521661915029	-0.00181464555542	-0.0447353666157	0.0255748636144	-0.00394986800126	-0.0259222178742	-0.0117380942782	-0.00499605986315	-0.0385825993803	-0.00778618449089	-0.0414597747251	0.0410269304016	-0.0585216589396	0.0117983138877	-0.0256525260085	-0.0446168812889
k__Bacteria;p__Firmicutes;c__Clostridia;o__Clostridiales;f__Ruminococcaceae;g__Ruminiclostridium;s__[Eubacterium]_siraeum	0.0329670338502	0.014318268193	0.00566664707742	-0.0102616134593	-0.0141819973341	0.0220544406147	-0.0195161505766	-0.01518854	0.00536079521775	-0.0385005371722	-0.0490613934628	0.0283299076904	-0.0601859511732	-0.0188198933151	-0.0426580113233	0.0249534852763	-0.00974829433145	-0.0173334654466	-0.00545955052531	-0.00366708702497	0.0161236691458	1.0	-0.0362668143017	-0.0119965324163	-0.0305912294174	-0.00741636204334	0.0415350956459	-0.0449819745388	-0.0297193842009	0.00950605984741	-0.00911911554178	-0.0291511669333	-0.0183906993543	-0.00114633278404	0.0287270380796	-0.0305256887049	-0.000236414428368	-0.0133929063008	0.0403276400378	0.0160392557933	-0.0200930170767	-0.0739586406369	0.00909388882199	0.00381541116194	-0.00180664287659	-0.00930343823977	-0.0323186387797	-0.0415834853817	-0.0205997214805	-0.0403876376078	-0.0163540998907	0.0197212985784	-0.0173424731906	0.0457906095504	-0.0275324854292	0.037333744855	-0.0319013360699	0.0379734418403	0.0037207830754
k__Bacteria;p__Proteobacteria;c__Betaproteobacteria;o__Burkholderiales;f__Sutterellaceae;g__Parasutterella;s__Parasutterella_excrementihominis	-0.000473195299004	0.0365552449019	0.0387020597169	0.0139364248518	-0.0272393901439	-0.036888334057	-0.0135362300519	-0.013351321592	-0.00517095597167	-0.0456722117458	-0.00265405734376	0.0173208608051	0.0205197627512	-0.0366674154156	0.00376096422004	-0.0336303964478	-0.0259185792278	-0.0265509870941	-0.00818017195344	-0.0413731124881	0.00496116520701	-0.0362668143017	1.0	-0.0782941776496	-0.0157728693428	0.0165655905086	0.00495392925887	0.0277658371258	0.0122193703816	-0.140344286079	0.000703917295461	0.0554012740915	0.0114838975646	0.0822986092632	0.0357654219328	-0.0059595544787	-0.0506561895604	-0.0219369587037	-0.0525965031735	-0.0222268435423	-0.0137906093723	0.0600470724104	0.00920049950664	-0.00290740568683	-3.88940018394e-05	-0.0172755707108	-0.0438659950068	-0.0229367279509	-0.0253523166736	0.00580228477968	-0.00899924347551	-0.0039656231519	-0.0132480595405	0.0683455812315	-0.0027466923254	-0.0636072980613	-0.0548219542738	0.00366337261757	0.0329895301572
k__Bacteria;p__Actinobacteria;c__Actinobacteria;o__Bifidobacteriales;f__Bifidobacteriaceae;g__Bifidobacterium;s__Bifidobacterium_adolescentis	-0.0236631314281	-0.00568857839831	-0.0129414809869	-0.024771518802	-0.0292601835598	0.0184286671818	0.0516915849199	-0.0611240075055	0.00742660855521	-0.000100677566978	0.029561665379	-0.0576574021931	-0.00728082146649	0.00962928444083	-0.0166178539481	-0.0500406337172	-0.00606385716737	0.000826372634806	-0.0200842839124	-0.0392472541899	-0.0693160160414	-0.0119965324163	-0.0782941776496	1.0	-0.000276875492931	-0.0357965330234	0.00795950727885	-0.0207636706822	0.0509521722861	0.0389230292274	-0.0471631269662	-0.00663950953823	0.0246535675657	-0.050315521248	-0.0586140583328	-0.0488804608753	-0.00901034771611	-0.0052285660386	0.0231606442462	-0.000549230997573	-0.0554462482979	-0.011298346441	0.0863724971336	0.0111896691026	-0.0132022310087	-0.0329997255044	-0.0151733645589	0.0183348910219	-0.0458791921829	-0.0170126643478	-0.00576526729917	0.0839658281025	0.000805023678591	-0.0969014096561	-0.0653972563299	-0.0102818053662	-0.0524703361121	0.0081068179894	-0.0244784133162
k__Bacteria;p__Firmicutes;c__Clostridia;o__Clostridiales;f__Oscillospiraceae;g__Oscillibacter;s__Oscillibacter_sp._KLE_1745	-0.00714032506143	-0.044460915325	0.0641170078809	0.0313494049336	-0.0100362948915	-0.0226090318366	0.0202766450342	-0.0630445477384	0.0419194290379	-0.0388010415511	-0.0539749894862	0.121816745219	0.0062008816119	-0.039077908682	0.00117381282578	0.0092674306	0.00115846107256	0.0626706922227	0.00811936830314	-0.0424491337961	-0.0155660140174	-0.0305912294174	-0.0157728693428	-0.000276875492931	1.0	-0.0122642565244	-0.0977736394134	-0.00590006775119	-0.0125030103843	0.0411174692167	0.0202702979906	-4.08635635046e-05	0.021425780817	-0.0132618940996	0.0118791128979	-0.0422066412996	-0.0201994247094	0.0139663585332	0.0431459670685	-0.0324485881404	0.0108265851269	-0.012661114152	-0.00827805172831	0.0166088062579	-0.0083919939471	-0.0349970028872	0.0199065073277	-0.0320071776554	-0.0190803735799	0.0203859311337	-0.0295227760447	-0.0621555085111	-0.0371701655086	-0.0351379949303	-0.0216876601695	-0.0261587598165	0.00372203797783	-0.0563888296207	0.0118694660932
k__Bacteria;p__Bacteroidetes;c__Bacteroidia;o__Bacteroidales;f__Bacteroidaceae;g__Bacteroides;s__Bacteroides_coprophilus	-0.00213971296274	-0.0587738502815	0.000499797340621	0.0101745771974	-0.000683093185769	-0.0208398402358	0.0726616033476	-0.00487695419246	-0.0435618596725	-0.0431130865553	0.084534455013	-0.0127998522554	-0.0941184485969	0.0279012239049	0.0275677480798	-0.0213136599136	-0.0422085425788	0.031241383593	-0.0254121462067	0.0488762250893	-0.00830442418973	-0.00741636204334	0.0165655905086	-0.0357965330234	-0.0122642565244	1.0	-0.0158962789788	-0.0318223803293	0.0300533748672	-0.00061031846887	0.00797088920285	-0.0109300929144	0.0475396634123	0.0152198005281	-0.0627319420766	-0.0161062841879	-0.0565896434828	-0.0300319113632	-0.0538856309829	-0.0412683801735	0.00558281841889	-0.0500321734122	0.022280417275	-0.0116742510497	0.00681660114475	-0.0163181292962	0.0120686117514	0.0247219116991	-0.011630529196	-0.00745799091825	-0.0036394625212	0.00853358631884	-0.0818976045227	0.000445206020615	-0.0084026389217	0.0117132302171	0.0114271620583	-0.0484707629322	-0.00971753840652
k__Bacteria;p__Firmicutes;c__Clostridia;o__Clostridiales;f__Lachnospiraceae;g__Roseburia;s__Roseburia_intestinalis	0.012499188115	-0.0324289078284	-0.0204507345278	0.00063000577731	-0.00228369944826	0.00133808915636	-0.0317222617149	-0.0488948124221	0.00172903921013	0.0470292290365	0.0677673714615	-0.0489960714416	0.0368693039891	0.00344479851026	0.00772961987699	0.00415680674561	-0.0242970849379	-0.00657233848861	0.029471891432	-0.018732892091	-0.00104188827524	0.0415350956459	0.00495392925887	0.00795950727885	-0.0977736394134	-0.0158962789788	1.0	0.00337608856532	0.044536948987	-0.0730450669816	-0.0471589740978	-0.0370686642619	-0.062119772802	-0.0839954096513	-0.0115636536919	0.0426036662006	0.028967160251	-0.0423192730505	-0.0583285836161	-0.071234826933	0.0254438891181	-0.00439641398011	-0.0120965329917	-0.0972312919367	-0.0758163971226	-0.0367423871532	0.0405134665844	-0.0150865796947	0.00740402488237	-0.0547003482872	-0.0232031599378	0.0712760332652	0.0579526181141	-0.0320903097419	-0.00132411509149	0.0514008600889	-0.0290854997147	-0.0657727454935	-0.0185870379634
k__Bacteria;p__Firmicutes;c__Clostridia;o__Clostridiales;f__Lachnospiraceae;g__Roseburia;s__Roseburia_hominis	0.0190822422385	0.00734229967671	-0.0174238017238	-0.00964866992056	-0.00713822310711	-0.0421720422335	0.00990832356293	0.0238822136083	0.0310010817416	-0.0410564587718	0.0190531426859	-0.00697767791835	0.0145897809734	-0.0246326883001	0.0215606560831	-0.0443839892821	0.0264506696307	-0.0422324611795	0.0261239768913	-0.0794349210566	0.0474649594136	-0.0449819745388	0.0277658371258	-0.0207636706822	-0.00590006775119	-0.0318223803293	0.00337608856532	1.0	-0.0258166191822	-0.0333381467936	-0.00871126022018	-0.0156742518181	0.00998114204356	0.0292205049796	-0.0267559340186	-0.0290542748376	0.0445416533135	0.0141124088104	0.0626597635783	0.0125775097748	0.0391903105886	-0.013772458562	-0.0196016114906	-0.0330589040197	-0.0500267326772	-0.00887820916672	-0.0929799749135	-0.0399175209647	0.00695450762956	0.0503379679405	-0.070078264958	0.00866521176089	-0.043090221909	-0.0320642075457	-0.00542948987169	0.00132936043218	-0.00591248786614	-0.00206959763951	-0.0394973329277
k__Bacteria;p__Bacteroidetes;c__Bacteroidia;o__Bacteroidales;f__Porphyromonadaceae;g__Parabacteroides;s__Parabacteroides_johnsonii	-0.0437042977485	0.00221415837299	-0.0104032232408	-0.078640356997	0.0250556629315	-0.0241831965367	0.0473462008689	-0.0989991527332	-0.0162380328352	-0.00273399742667	0.0700981823283	0.00635865053975	0.00518223014515	-0.0162174527379	0.00226096943592	-0.000437808048637	0.00651454863096	-0.0467827906115	-0.000420399694653	-0.00629118578792	-0.0534538251169	-0.0297193842009	0.0122193703816	0.0509521722861	-0.0125030103843	0.0300533748672	0.044536948987	-0.0258166191822	1.0	0.00473567841031	-0.0329853216691	0.00835173849272	-0.103876265667	-0.0334004478046	-0.0304177725162	-0.0132479161206	-0.00159385718312	0.0124498250978	-0.0230328565741	0.0567833885934	0.00515912545437	0.0534396849063	0.00822163385815	-0.136104992356	-0.00411221078036	-0.00870366059499	0.0352161203252	-0.0264471499175	0.0656282278601	-0.0206726910478	0.0122579230542	0.0700962161999	-0.035314825354	0.0190315835804	0.0432861646781	0.0362118384153	-0.0252886778931	0.0282291966907	0.0097347095824
