#taxonomy	k__Bacteria;p__Bacteroidetes;c__Bacteroidia;o__Bacteroidales;f__Bacteroidaceae;g__Bacteroides;s__Bacteroides_vulgatus	k__Bacteria;p__Bacteroidetes;c__Bacteroidia;o__Bacteroidales;f__Bacteroidaceae;g__Bacteroides;s__Bacteroides_uniformis	k__Bacteria;p__Bacteroidetes;c__Bacteroidia;o__Bacteroidales;f__Rikenellaceae;g__Alistipes;s__Alistipes_putredinis	k__Bacteria;p__Bacteroidetes;c__Bacteroidia;o__Bacteroidales;f__Prevotellaceae;g__Prevotella;s__Prevotella_copri	k__Bacteria;p__Bacteroidetes;c__Bacteroidia;o__Bacteroidales;f__Bacteroidaceae;g__Bacteroides;s__Bacteroides_stercoris	k__Bacteria;p__Bacteroidetes;c__Bacteroidia;o__Bacteroidales;f__Bacteroidaceae;g__Bacteroides;s__Bacteroides_ovatus	k__Bacteria;p__Bacteroidetes;c__Bacteroidia;o__Bacteroidales;f__Rikenellaceae;g__Alistipes;s__Alistipes_shahii	k__Bacteria;p__Firmicutes;c__Clostridia;o__Clostridiales;f__Ruminococcaceae;g__Faecalibacterium;s__Faecalibacterium_prausnitzii	k__Bacteria;p__Bacteroidetes;c__Bacteroidia;o__Bacteroidales;f__Rikenellaceae;g__Alistipes;s__Alistipes_finegoldii	k__Bacteria;p__Bacteroidetes;c__Bacteroidia;o__Bacteroidales;f__Porphyromonadaceae;g__Parabacteroides;s__Parabacteroides_distasonis	k__Bacteria;p__Bacteroidetes;c__Bacteroidia;o__Bacteroidales;f__Bacteroidaceae;g__Bacteroides;s__Bacteroides_thetaiotaomicron	k__Bacteria;p__Bacteroidetes;c__Bacteroidia;o__Bacteroidales;f__Bacteroidaceae;g__Bacteroides;s__Bacteroides_coprocola	k__Bacteria;p__Bacteroidetes;c__Bacteroidia;o__Bacteroidales;f__Bacteroidaceae;g__Bacteroides;s__Bacteroides_cellulosilyticus	k__Bacteria;p__Bacteroidetes;c__Bacteroidia;o__Bacteroidales;f__Rikenellaceae;g__Alistipes;s__Alistipes_obesi	k__Bacteria;p__Firmicutes;c__Clostridia;o__Clostridiales;f__Lachnospiraceae;g__;s__[Eubacterium]_rectale	k__Bacteria;p__Bacteroidetes;c__Bacteroidia;o__Bacteroidales;f__Bacteroidaceae;g__Bacteroides;s__Bacteroides_plebeius	k__Bacteria;p__Bacteroidetes;c__Bacteroidia;o__Bacteroidales;f__Bacteroidaceae;g__Bacteroides;s__Bacteroides_fragilis	k__Bacteria;p__Proteobacteria;c__Betaproteobacteria;o__Burkholderiales;f__Sutterellaceae;g__Sutterella;s__Sutterella_wadsworthensis	k__Bacteria;p__Bacteroidetes;c__Bacteroidia;o__Bacteroidales;f__Porphyromonadaceae;g__Barnesiella;s__Barnesiella_intestinihominis	k__Bacteria;p__Bacteroidetes;c__Bacteroidia;o__Bacteroidales;f__Odoribacteraceae;g__Odoribacter;s__Odoribacter_splanchnicus	k__Bacteria;p__Bacteroidetes;c__Bacteroidia;o__Bacteroidales;f__Bacteroidaceae;g__Bacteroides;s__Bacteroides_salyersiae	k__Bacteria;p__Firmicutes;c__Clostridia;o__Clostridiales;f__Ruminococcaceae;g__Ruminiclostridium;s__[Eubacterium]_siraeum	k__Bacteria;p__Proteobacteria;c__Betaproteobacteria;o__Burkholderiales;f__Sutterellaceae;g__Parasutterella;s__Parasutterella_excrementihominis	k__Bacteria;p__Actinobacteria;c__Actinobacteria;o__Bifidobacteriales;f__Bifidobacteriaceae;g__Bifidobacterium;s__Bifidobacterium_adolescentis	k__Bacteria;p__Firmicutes;c__Clostridia;o__Clostridiales;f__Oscillospiraceae;g__Oscillibacter;s__Oscillibacter_sp._KLE_1745	k__Bacteria;p__Bacteroidetes;c__Bacteroidia;o__Bacteroidales;f__Bacteroidaceae;g__Bacteroides;s__Bacteroides_coprophilus	k__Bacteria;p__Firmicutes;c__Clostridia;o__Clostridiales;f__Lachnospiraceae;g__Roseburia;s__Roseburia_intestinalis	k__Bacteria;p__Firmicutes;c__Clostridia;o__Clostridiales;f__Lachnospiraceae;g__Roseburia;s__Roseburia_hominis	k__Bacteria;p__Bacteroidetes;c__Bacteroidia;o__Bacteroidales;f__Porphyromonadaceae;g__Parabacteroides;s__Parabacteroides_johnsonii	k__Bacteria;p__Actinobacteria;c__Actinobacteria;o__Bifidobacteriales;f__Bifidobacteriaceae;g__Bifidobacterium;s__Bifidobacterium_longum	k__Bacteria;p__Firmicutes;c__Clostridia;o__Clostridiales;f__;g__Flavonifractor;s__Flavonifractor_plautii	k__Bacteria;p__Firmicutes;c__Clostridia;o__Clostridiales;f__Clostridiaceae;g__Clostridium;s__Clostridium_phoceensis	k__Bacteria;p__Verrucomicrobia;c__Verrucomicrobiae;o__Verrucomicrobiales;f__Akkermansiaceae;g__Akkermansia;s__Akkermansia_muciniphila	k__Bacteria;p__Bacteroidetes;c__Bacteroidia;o__Bacteroidales;f__Prevotellaceae;g__Paraprevotella;s__Paraprevotella_xylaniphila	k__Bacteria;p__Firmicutes;c__Clostridia;o__Clostridiales;f__Ruminococcaceae;g__Ruminococcus;s__Ruminococcus_callidus	k__Bacteria;p__Bacteroidetes;c__Bacteroidia;o__Bacteroidales;f__Rikenellaceae;g__Alistipes;s__Alistipes_senegalensis	k__Bacteria;p__Firmicutes;c__Clostridia;o__Clostridiales;f__Lachnospiraceae;g__Blautia;s__Blautia_sp._KLE_1732	k__Bacteria;p__Bacteroidetes;c__Bacteroidia;o__Bacteroidales;f__Bacteroidaceae;g__Bacteroides;s__Bacteroides_oleiciplenus	k__Bacteria;p__Firmicutes;c__Clostridia;o__Clostridiales;f__Ruminococcaceae;g__Ruminococcus;s__Ruminococcus_bicirculans	k__Bacteria;p__Bacteroidetes;c__Bacteroidia;o__Bacteroidales;f__Bacteroidaceae;g__Bacteroides;s__Bacteroides_fluxus	k__Bacteria;p__Bacteroidetes;c__Bacteroidia;o__Bacteroidales;f__Prevotellaceae;g__Prevotella;s__Prevotella_stercorea	k__Bacteria;p__Firmicutes;c__Clostridia;o__Clostridiales;f__Lachnospiraceae;g__Dorea;s__Dorea_longicatena	k__Bacteria;p__Firmicutes;c__Clostridia;o__Clostridiales;f__Eubacteriaceae;g__Eubacterium;s__[Eubacterium]_eligens	k__Bacteria;p__Firmicutes;c__Clostridia;o__Clostridiales;f__Ruminococcaceae;g__;s__Ruminococcaceae_bacterium_D16	k__Bacteria;p__Firmicutes;c__Clostridia;o__Clostridiales;f__Lachnospiraceae;g__Coprococcus;s__Coprococcus_comes	k__Bacteria;p__Proteobacteria;c__Gammaproteobacteria;o__Enterobacterales;f__Enterobacteriaceae;g__Escherichia;s__Escherichia_coli	k__Bacteria;p__Firmicutes;c__Clostridia;o__Clostridiales;f__Ruminococcaceae;g__Anaerotruncus;s__Anaerotruncus_colihominis	k__Bacteria;p__Firmicutes;c__Clostridia;o__Clostridiales;f__Lachnospiraceae;g__Blautia;s__Blautia_obeum	k__Bacteria;p__Bacteroidetes;c__Bacteroidia;o__Bacteroidales;f__Odoribacteraceae;g__Odoribacter;s__Odoribacter_laneus	k__Bacteria;p__Firmicutes;c__Clostridia;o__Clostridiales;f__Ruminococcaceae;g__Ruminiclostridium;s__[Clostridium]_leptum	k__Bacteria;p__Bacteroidetes;c__Bacteroidia;o__Bacteroidales;f__Porphyromonadaceae;g__Parabacteroides;s__Parabacteroides_goldsteinii	k__Bacteria;p__Firmicutes;c__Clostridia;o__Clostridiales;f__Lachnospiraceae;g__Anaerostipes;s__Anaerostipes_hadrus	k__Bacteria;p__Firmicutes;c__Clostridia;o__Clostridiales;f__Ruminococcaceae;g__Ruminococcus;s__Ruminococcus_lactaris	k__Bacteria;p__Firmicutes;c__Clostridia;o__Clostridiales;f__Clostridiaceae;g__Clostridium;s__Clostridium_sp._L2-50	k__Bacteria;p__Firmicutes;c__Clostridia;o__Clostridiales;f__Clostridiaceae;g__Clostridium;s__Clostridium_sp._M62/1	k__Bacteria;p__Firmicutes;c__Clostridia;o__Clostridiales;f__;g__Intestinimonas;s__Intestinimonas_butyriciproducens	k__Bacteria;p__Actinobacteria;c__Actinobacteria;o__Bifidobacteriales;f__Bifidobacteriaceae;g__Bifidobacterium;s__Bifidobacterium_bifidum	k__Bacteria;p__Firmicutes;c__Negativicutes;o__Veillonellales;f__Veillonellaceae;g__Dialister;s__Dialister_invisus	k__Bacteria;p__Bacteroidetes;c__Bacteroidia;o__Bacteroidales;f__Bacteroidaceae;g__Bacteroides;s__Bacteroides_salanitronis
k__Bacteria;p__Bacteroidetes;c__Bacteroidia;o__Bacteroidales;f__Bacteroidaceae;g__Bacteroides;s__Bacteroides_vulgatus	1.0	0.00952587456227	-0.0603209325794	0.00571491960524	0.00370464454328	0.0641143792766	-0.060802022495	0.0380349548013	-0.0363425026674	-0.0549069793044	-0.00619613055554	-0.0122509291822	0.0482023516692	0.0277749712808	8.73687180652e-05	-0.0329680611359	-0.0186807156502	-0.00077405458784	-0.0498210626389	-0.0347841406608	-0.026095891427	0.0556318590847	-0.0168273564989	0.00682194661124	-0.0157856816823	-0.0247429174582	-0.0525818216339	-0.0147590028056	-0.0658214395714	0.0479756620192	-0.0214819611281	-0.0434820133621	-0.012363163627	0.0588435823957	-0.0513189651913	0.0106709162776	-0.022972624931	0.0241669603726	-0.0100315281456	-0.0362731411745	0.0516404339899	-0.0643258050393	-0.0270990209683	-0.0113856640715	-0.0261810839327	0.0389280437166	-0.0323705432413	-0.0327462273596	-0.00099027839693	0.0529871825243	-0.0410934948367	-0.0120742509489	0.031436453665	0.0255138618123	0.00212473722851	-0.0709114222313	-0.000635145850623	0.0140474781334	-0.00450369682597
k__Bacteria;p__Bacteroidetes;c__Bacteroidia;o__Bacteroidales;f__Bacteroidaceae;g__Bacteroides;s__Bacteroides_uniformis	0.00952587456227	1.0	-0.00779760477759	0.00751072815546	0.0753506965692	0.000611775404502	0.0046974067583	-0.0357121378519	0.0184775857749	-0.0367678524169	-0.0389334188494	-0.00818927405658	-0.0259004022698	-0.00879696480414	0.0302346886017	0.0322272310495	0.0149618302979	-0.0204626777596	0.0263136758517	-0.0159613166183	0.0025981893528	-0.0322317207785	0.0367355794014	-0.0232028952058	-0.0155486569281	0.0274582958671	-0.0177528118993	0.0225482378699	-0.0365585017962	-0.0308580171553	0.0394162997631	0.0102266232702	-0.0673187582204	-0.043201643665	-0.0425846281352	-0.0134892289332	-0.0368540462477	-0.0250361005237	-0.00136261768681	-0.0785058563754	0.0113653802621	0.039953640931	0.0327166905919	-0.0820426967579	-0.0248376376547	-0.0578001985946	0.0109152285801	-0.0809745902835	-0.0368107952612	-0.052957548173	-0.0650080097961	0.0178679248703	0.0422716479428	-0.016679068376	0.00503265072532	-0.0246103960482	-0.0186318909543	0.0525582223522	-0.0177959649846
k__Bacteria;p__Bacteroidetes;c__Bacteroidia;o__Bacteroidales;f__Rikenellaceae;g__Alistipes;s__Alistipes_putredinis	-0.0603209325794	-0.00779760477759	1.0	0.0213839932995	-0.00299184386528	-0.0425289925842	-0.000272338693436	-0.027468636846	-0.05887970337	-0.0771194464207	-0.0648992161906	-0.00560654613045	0.0846837592561	-0.0403245722832	-0.0102262261871	-0.0179187979608	0.0609929049704	-0.0326751376096	-0.0799567576051	0.0289498312248	-0.0516666606025	-0.0504483273525	-0.0270394816886	0.0351190899004	0.0206327362354	0.00168734909045	0.0738921606092	0.0198538657995	-0.0438177898272	-0.0326933133539	0.0495403076852	-0.0186482194669	0.00415706431087	0.00982570954924	-0.0183096378828	-0.0178455770575	0.0280263606226	-0.00141811641361	-0.03591617099	-0.0753855165058	-0.0463456969607	-0.0192195346009	-0.0197371099868	0.042066858825	-0.00757922059505	-0.013335018946	-0.00227039377277	0.0191257814224	-0.0210049313882	-0.0044051014066	0.0275786097029	0.0514827527764	-0.0409348545634	0.0181864247318	0.00374777871375	0.016457101523	-0.0166789623665	0.0353296916723	-0.000871692922959
k__Bacteria;p__Bacteroidetes;c__Bacteroidia;o__Bacteroidales;f__Prevotellaceae;g__Prevotella;s__Prevotella_copri	0.00571491960524	0.00751072815546	0.0213839932995	1.0	0.0398186251913	-0.0229977099936	0.0487873584345	-0.0330602518211	-0.0543586291736	-0.0193291989602	0.0509484768862	-0.0470062596551	-0.00864923424978	0.0111138644636	-0.0346485601729	0.00347624137138	-0.0674020286031	0.0208597278351	-0.117107278367	-0.00754143669327	0.013206485465	0.117309267999	-0.054344283208	-0.0038887668278	-0.0619211283934	0.0617237434288	0.0255037781775	-0.0330956483888	0.00835690849215	-0.0271259852501	0.00945858181208	-0.0126226066732	-0.0235732744283	0.0334247962174	0.0292816722965	-0.00558139310519	-0.0108358496154	0.039802823958	-0.0741933166698	-0.0359209065113	0.0222530146742	-0.0432184692709	-0.0365907383924	-0.0184453939895	0.00811064995513	-0.0261001580742	-0.0397477317467	-0.065825234209	0.0271937663745	0.0018529124039	0.0424042674512	0.0255460218738	0.0236568090905	0.00945396181772	0.0263219965098	-0.00603257749266	0.0658276879656	-0.0116834822398	0.00698218404509
k__Bacteria;p__Bacteroidetes;c__Bacteroidia;o__Bacteroidales;f__Bacteroidaceae;g__Bacteroides;s__Bacteroides_stercoris	0.00370464454328	0.0753506965692	-0.00299184386528	0.0398186251913	1.0	0.0336388563013	-0.00648917951486	0.00120238017461	-0.0661432726065	-0.0609688774879	-0.0519090908199	0.00959977166987	-0.0331861829889	0.061506995963	-0.0600030328553	-0.0525844462523	0.0147039338468	-0.0348187910962	-0.000644495058438	0.0121257054726	0.0172717907854	-0.0139968530452	-0.046111294973	-0.0198619665084	0.0326000686162	0.0201414850948	0.0185813438397	-0.0360496865042	0.0083826980169	0.073991467156	-0.00521594712836	-0.0291771605221	-0.0789274403767	-0.0392480529997	-0.0421491096231	0.0243930029243	0.0200137749754	0.0219941901267	-0.0215800534544	-0.0489127930569	-0.02247715417	0.0176125106014	-0.0258198972553	-0.0160902654264	-0.0481168656264	-0.0253546386564	0.0396909506528	-0.0346415580572	-0.0172556365096	-0.0143141126473	0.00794134866749	0.0108181640347	0.026229890617	-0.0480972875088	0.00679968241944	-0.0474727525496	-0.00378233550528	-0.0180159166179	0.0201049096929
k__Bacteria;p__Bacteroidetes;c__Bacteroidia;o__Bacteroidales;f__Bacteroidaceae;g__Bacteroides;s__Bacteroides_ovatus	0.0641143792766	0.000611775404502	-0.0425289925842	-0.0229977099936	0.0336388563013	1.0	0.00499743782836	-0.0616168770221	0.0425773187619	0.00522645208406	0.00535504911946	-0.0223714075957	-0.0211475550806	0.00846783746879	-0.0451802097491	-0.0711003437792	-0.0325758972712	-0.00676140396225	-0.0702423887675	0.0183107971567	0.00489782640972	-0.0267555861299	-0.0313229082073	0.00805891965153	-0.0559051828467	-0.050435333764	0.055676495041	-0.060102969209	-0.015115861195	0.0631308965097	0.0161529013118	-0.0110317512541	0.0432868838622	-0.0165016821179	-0.0539043085591	-0.0471378689436	0.05631452311	-0.03570603222	-0.0334928746022	-0.0389567231736	-0.0334142563746	-0.0486047646494	0.000778468029269	0.0320198824822	-0.00101339708472	-0.0720400789281	-0.000331053947231	-0.0204733222384	-0.026585372629	-0.0899425533791	0.0331052992772	-0.0336704744219	-0.0218383745077	0.0763153264495	0.0568394236899	0.041386372044	-0.053152368848	-0.0295879076457	-0.0180371597439
k__Bacteria;p__Bacteroidetes;c__Bacteroidia;o__Bacteroidales;f__Rikenellaceae;g__Alistipes;s__Alistipes_shahii	-0.060802022495	0.0046974067583	-0.000272338693436	0.0487873584345	-0.00648917951486	0.00499743782836	1.0	0.0130533296764	0.0118219462091	0.0282190484388	-0.0305528287911	0.0803583093837	-0.0211461972955	0.0328724739519	-0.040289059344	-0.00986888893026	0.00390544451114	0.0276257724024	-0.0188247108115	0.0240851799759	-0.0199146774502	0.0179436473811	-0.0142774082568	-0.045005060308	0.0176519583407	0.0101573248123	-0.0131617294616	-0.0202930878162	-0.0563453967285	-0.0320633701503	-0.0161104532627	-0.0994239634326	-0.00482324571206	0.0207062667611	0.0786444571036	-0.0227181998829	0.0291222294292	0.0101237653042	0.0564869545219	-0.0790938043923	-0.0328842837639	-0.0298974794147	-0.0125091143754	-0.0166407096636	-0.00750732544677	-0.086082572179	0.00352633766629	-0.0459981027373	0.0372869362884	-0.0539806922663	0.0411978063932	0.0226037970743	0.0124415558414	-0.0111981318065	-0.0188874508217	-0.0248492010632	-0.0317901317802	0.0522151661235	-0.0608830894725
k__Bacteria;p__Firmicutes;c__Clostridia;o__Clostridiales;f__Ruminococcaceae;g__Faecalibacterium;s__Faecalibacterium_prausnitzii	0.0380349548013	-0.0357121378519	-0.027468636846	-0.0330602518211	0.00120238017461	-0.0616168770221	0.0130533296764	1.0	0.00499492072966	0.02759171546	0.00176664457418	-0.00395580942241	-0.0451708294374	0.0511052627852	-0.0818478956976	-0.00914301875441	0.0237755118338	-0.0636450439135	0.0375550129198	-0.0374067193815	-0.0778306782315	0.0045293111582	-0.0282736751044	0.0236279088608	0.00163164259501	0.00272812576608	-0.0473922567982	0.0224634216249	-0.0869148671813	0.0234944764365	-0.0286699594923	0.00192739210733	0.0776010269309	-0.0149811847674	0.0137553767336	0.0507278143619	-0.0507026225862	-0.0371397527825	-0.0369573688456	-0.0593321219266	0.0249407901337	0.0353237635596	0.00830412763889	0.0134699306213	-0.00718527307111	-0.0148698440632	-0.0138823017005	0.0351663414454	0.0907154383964	0.0384884599945	0.0548652186815	-0.0202836664319	-0.0438548034521	-0.0139477765845	-0.088575064497	0.0156177239418	0.00709549740217	-0.0706553849197	-0.0772354733793
k__Bacteria;p__Bacteroidetes;c__Bacteroidia;o__Bacteroidales;f__Rikenellaceae;g__Alistipes;s__Alistipes_finegoldii	-0.0363425026674	0.0184775857749	-0.05887970337	-0.0543586291736	-0.0661432726065	0.0425773187619	0.0118219462091	0.00499492072966	1.0	0.0198806597049	0.00545708799676	0.00242129515644	-0.00796200488864	-0.0114425797652	-0.0127652979817	-0.0380590301271	0.0016758123336	0.0508310779245	0.00832709135261	-0.0435851447526	0.0217755310641	-0.0179321033425	-0.0057589594138	0.0201952508657	0.0183584643819	0.00556731485774	-0.030091658968	-0.0238322531013	0.0450229309082	0.0180376559133	-0.00976512267803	-0.031157145504	0.0147436572605	0.0630524498657	-0.0246337978032	-0.0269977120362	-0.104972619733	-0.0878252431988	-0.0288505665652	-0.00987405684684	0.00501367803115	-0.00215033246526	-0.0306157303952	-0.0515515749586	-0.0462333724728	-0.0201557820624	-0.0364297949318	-0.0286459400178	-0.0636759342799	-0.0747580993362	-0.000113574286337	-0.0438772925968	-0.012299932775	-0.0725284403879	-0.0295773921845	-0.0367453802695	0.0725232880106	-0.0368351514404	0.0410453577217
k__Bacteria;p__Bacteroidetes;c__Bacteroidia;o__Bacteroidales;f__Porphyromonadaceae;g__Parabacteroides;s__Parabacteroides_distasonis	-0.0549069793044	-0.0367678524169	-0.0771194464207	-0.0193291989602	-0.0609688774879	0.00522645208406	0.0282190484388	0.02759171546	0.0198806597049	1.0	-0.0940525931411	0.0617143410648	0.00758053428121	-0.0327091552025	0.0394729606524	-0.00557391413019	-0.0157952285484	0.0329963195934	-0.0165545486651	-0.0930268785053	-0.00334836387402	-0.0163360000737	-0.00965424062355	-0.0119051257723	0.0332194385329	-0.0275507243026	0.0414927972423	0.00464735748043	-0.00962505045732	0.0148577994899	-0.0518918211008	-0.0303915892813	-0.0702334480229	0.0644662289778	-0.0593309615298	0.000339678825837	0.0431202275529	-0.0439967881756	-0.0356835560724	-0.0620493948914	-0.0404255127555	0.00826138792332	-0.0139553055621	0.000416009170833	0.00724319798037	-0.0856508350289	0.0213461845279	-0.039834278538	0.017534889182	-0.0552781823001	-0.0646934208662	0.068340667076	0.0174357382618	-0.0281238643735	-0.0583598494657	0.0657544618184	0.00446650449157	-0.0607644461191	0.0482754819582
k__Bacteria;p__Bacteroidetes;c__Bacteroidia;o__Bacteroidales;f__Bacteroidaceae;g__Bacteroides;s__Bacteroides_thetaiotaomicron	-0.00619613055554	-0.0389334188494	-0.0648992161906	0.0509484768862	-0.0519090908199	0.00535504911946	-0.0305528287911	0.00176664457418	0.00545708799676	-0.0940525931411	1.0	-0.031887939109	-0.0324565931246	-0.0535662481519	-0.0081071597371	-0.00833449481717	0.0322048019851	0.00419694593431	0.0342324840703	-0.0389244220672	0.0406779200715	0.0709607277284	0.0103042157501	0.00647666171392	-0.00703019342625	0.0241309311003	-0.0100990809789	0.0173756958871	-0.0463592836629	0.00436300082389	-0.0590602234172	-0.0426497359592	-0.0152496923464	0.0270223906043	0.0123975317433	-0.0228992556179	-0.0209366800325	-0.0372486289537	0.0214369843279	-0.0504008480765	-0.0211968604494	-0.0102622636705	-0.0372198358334	-0.00784912621651	0.0178370784954	-0.0450792473076	-0.0362634656272	0.00254314019859	-0.021116643681	-0.0195118504133	-0.0066926729828	-0.0608631689496	0.0281791550491	0.0303572812355	0.00167576049433	0.00884886351061	0.0125904931689	0.0221480731627	-0.0243347077908
k__Bacteria;p__Bacteroidetes;c__Bacteroidia;o__Bacteroidales;f__Bacteroidaceae;g__Bacteroides;s__Bacteroides_coprocola	-0.0122509291822	-0.00818927405658	-0.00560654613045	-0.0470062596551	0.00959977166987	-0.0223714075957	0.0803583093837	-0.00395580942241	0.00242129515644	0.0617143410648	-0.031887939109	1.0	-0.00443125791264	0.00458003425059	0.0212506837308	-0.0139290057275	-0.00980945857277	0.0698612595842	-0.0214279908224	0.0404690653811	-0.0552241674911	-0.0679378881695	-0.0173606032665	0.0201786380537	0.0225295449735	-0.0230449003611	0.0120457295794	-0.0553086504007	0.002708507207	0.0240258426771	-0.0549561567317	0.00235245001712	0.0488476081891	-0.0158047919217	0.0464212266719	0.0148839897184	0.0381296248742	-0.0473281656247	-0.0316290291036	-0.0295792057237	0.00631832802552	-0.0353483748021	-0.0671520232908	-0.0865872941173	0.0164622488534	0.0101255266125	-0.065744779699	-0.0091002128911	0.0198979055616	0.0158753646966	-0.0103096512907	-0.0841943434843	-0.0282226532216	-0.0402370464539	-0.0714810487835	-0.0218218336595	0.0118132240172	-0.0441333580142	-0.013794252074
k__Bacteria;p__Bacteroidetes;c__Bacteroidia;o__Bacteroidales;f__Bacteroidaceae;g__Bacteroides;s__Bacteroides_cellulosilyticus	0.0482023516692	-0.0259004022698	0.0846837592561	-0.00864923424978	-0.0331861829889	-0.0211475550806	-0.0211461972955	-0.0451708294374	-0.00796200488864	0.00758053428121	-0.0324565931246	-0.00443125791264	1.0	-0.0442427418473	0.0123072500359	-0.0243527554814	-0.0436213681871	-0.00621059038384	0.020431206841	0.0212399700682	-0.0222500065606	-0.0383505749013	-0.0349823014012	-0.0488281820991	0.0586792691852	-0.00154128792372	0.00645706883438	-0.00872676578695	-0.0746621896959	-0.0184133799913	0.105774674551	-0.0454043301852	0.0053658329173	-0.0494015933791	0.0676389834597	0.0427248733661	-0.0240214034627	5.48904680085e-05	-0.037171011654	-0.0118305645788	0.0433707808397	0.0346438993481	-0.0356010022302	-0.0504260318357	-0.0363776747445	-0.0368816971716	-0.050576538483	-0.0204439566258	0.0375272005172	-0.00390698357637	-0.0077940015693	0.0807864527489	-0.0419499138259	-0.0635058857217	-0.0230331562962	-0.0824167536296	0.0366213164141	-0.0345023109288	0.0142184141607
k__Bacteria;p__Bacteroidetes;c__Bacteroidia;o__Bacteroidales;f__Rikenellaceae;g__Alistipes;s__Alistipes_obesi	0.0277749712808	-0.00879696480414	-0.0403245722832	0.0111138644636	0.061506995963	0.00846783746879	0.0328724739519	0.0511052627852	-0.0114425797652	-0.0327091552025	-0.0535662481519	0.00458003425059	-0.0442427418473	1.0	0.0124854455688	0.0220594318197	-0.0658215275404	-0.00630183051621	-0.0768035832434	0.00060853945516	-0.0315461245345	-0.00540823776852	-0.000729187912409	-0.0649161296111	-0.00633016125324	-0.0322992128502	0.0530543284308	-0.0488686482609	0.0603944213993	0.0295316346405	-0.0360660988334	-0.0451049228928	0.0139122542578	-0.0480371375108	-0.0225717473454	-0.0125588964691	0.0151831219049	-0.0179553160882	-0.015660223387	0.0350218215138	0.00183428379232	0.000338501373281	0.0480294619252	-0.0604026637704	-0.016624554111	-0.00774221004609	-0.01463624337	-0.051065518024	-0.0704240718144	-0.0432081937269	-0.0338279185693	0.0407307598598	-0.0287443859389	0.00359342259399	-0.0256070720626	0.0227105641904	-0.0421139727599	-0.00131927679911	0.0316216701217
k__Bacteria;p__Firmicutes;c__Clostridia;o__Clostridiales;f__Lachnospiraceae;g__;s__[Eubacterium]_rectale	8.73687180652e-05	0.0302346886017	-0.0102262261871	-0.0346485601729	-0.0600030328553	-0.0451802097491	-0.040289059344	-0.0818478956976	-0.0127652979817	0.0394729606524	-0.0081071597371	0.0212506837308	0.0123072500359	0.0124854455688	1.0	-0.0373060127929	0.00400653676252	0.00431581750663	-0.00482001267036	-0.0859228366841	-0.0150682960767	-0.0783939798181	-0.0493950345019	-0.040907064769	-0.0333907652417	-0.00542565592894	0.0222896233111	-0.0186080985471	0.0131169665323	-0.0683511006827	-0.0302838684671	-0.0239111787849	0.0102064167649	-0.0405731227915	0.0349587347782	-0.0265533157936	0.0312207612511	0.056619208755	-0.03200245652	-0.0224066578518	-0.0378357131953	0.0111593457136	0.00194391356892	0.00136605227677	0.0130923179627	0.00355405441705	-0.0263019051694	0.0557245915154	-0.0735235443232	-0.0285176166525	-0.00175314724119	0.0350992799856	-0.048748230367	-0.01494790447	0.0224540074867	-0.0373739204469	0.01889409826	-0.0143820845187	-0.0779387351532
k__Bacteria;p__Bacteroidetes;c__Bacteroidia;o__Bacteroidales;f__Bacteroidaceae;g__Bacteroides;s__Bacteroides_plebeius	-0.0329680611359	0.0322272310495	-0.0179187979608	0.00347624137138	-0.0525844462523	-0.0711003437792	-0.00986888893026	-0.00914301875441	-0.0380590301271	-0.00557391413019	-0.00833449481717	-0.0139290057275	-0.0243527554814	0.0220594318197	-0.0373060127929	1.0	-0.024959261475	0.0263599151887	0.0646343441358	-0.00729597257917	0.0129146502414	-0.000146449700707	0.0546522912443	-0.000408944947762	0.00246591720376	0.0110620210153	-0.040972152868	-0.0273630118357	0.0106455187575	-0.00598918873864	0.00434173642562	-0.0342443009116	-0.0136759935018	-0.0275229016074	-0.0318831093454	-0.0111034663711	-0.0579105308805	-0.00872634119844	0.0670837988463	0.0119190892062	-0.00151889939686	-0.00147776867822	0.0568464524807	0.00396333811699	0.0575473835311	0.0780732905265	-0.0348931860211	-0.0167564572534	0.0221697078505	0.0255576014177	-0.0917738463716	-0.0677997891273	-0.0487646883193	0.00793173514327	-0.0457880949663	-0.0309270536329	-0.0141067670141	0.094172500814	-0.0601726006391
k__Bacteria;p__Bacteroidetes;c__Bacteroidia;o__Bacteroidales;f__Bacteroidaceae;g__Bacteroides;s__Bacteroides_fragilis	-0.0186807156502	0.0149618302979	0.0609929049704	-0.0674020286031	0.0147039338468	-0.0325758972712	0.00390544451114	0.0237755118338	0.0016758123336	-0.0157952285484	0.0322048019851	-0.00980945857277	-0.0436213681871	-0.0658215275404	0.00400653676252	-0.024959261475	1.0	-0.0124907176806	-0.0935994745744	0.0135206646939	0.00239395474227	0.0294328669218	-0.0134308269681	0.0290791308933	-0.05580921968	0.0419454695958	0.0455982837349	0.0775410222099	-0.00593788241639	-0.0694454714744	0.00996418061817	0.0260011186325	0.0152627369341	-0.112908747178	-0.018504596036	0.070085508839	-0.0295330689863	-0.0290304742921	0.00828661381831	0.0164379334275	0.00827613945231	0.00871252484685	-0.0870873669442	0.0520939840705	-0.041175062497	0.0627828466776	-0.00314712225579	-0.0710225854895	-0.0326049289321	0.0218760123381	-0.00695548580493	0.00350145753102	-0.0626737370492	-0.0173870030753	-0.030188506792	0.0420877849054	0.015365614546	-0.055738647485	-0.0875054653177
k__Bacteria;p__Proteobacteria;c__Betaproteobacteria;o__Burkholderiales;f__Sutterellaceae;g__Sutterella;s__Sutterella_wadsworthensis	-0.00077405458784	-0.0204626777596	-0.0326751376096	0.0208597278351	-0.0348187910962	-0.00676140396225	0.0276257724024	-0.0636450439135	0.0508310779245	0.0329963195934	0.00419694593431	0.0698612595842	-0.00621059038384	-0.00630183051621	0.00431581750663	0.0263599151887	-0.0124907176806	1.0	-0.00456254705538	-0.0630981531434	0.0233832638614	-0.0401780194531	0.0200868921617	-0.0123059769575	0.00987952851723	-0.014963819966	0.000156266428836	-0.0356991843245	0.0278355254998	-0.0488378587742	-0.0210177192464	0.00901993501488	0.0189543324425	-0.00768317895273	0.0217350382973	-0.0426074190514	0.0405213373126	-0.00527397769042	0.0274943456374	0.00442678329518	-0.0244075060127	-0.0407007370011	-0.0115178805278	0.0577154244085	-0.0579455627381	-0.0549615043803	0.0171029081376	-0.015303202267	-0.0433625470743	-0.0521762492902	-0.000407127276071	-0.0199036052347	0.0472658678917	0.00351491472438	-0.0277299221454	0.0402514648296	0.0212618935985	-0.0451387873466	0.0208491662607
k__Bacteria;p__Bacteroidetes;c__Bacteroidia;o__Bacteroidales;f__Porphyromonadaceae;g__Barnesiella;s__Barnesiella_intestinihominis	-0.0498210626389	0.0263136758517	-0.0799567576051	-0.117107278367	-0.000644495058438	-0.0702423887675	-0.0188247108115	0.0375550129198	0.00832709135261	-0.0165545486651	0.0342324840703	-0.0214279908224	0.020431206841	-0.0768035832434	-0.00482001267036	0.0646343441358	-0.0935994745744	-0.00456254705538	1.0	0.0845031461519	0.0909105337511	0.00362885094407	0.00538926420816	-0.0307311706035	0.0214495153409	0.00241524847049	-0.00723477548762	-0.0116305851977	-0.00329400893853	-0.0334512922254	0.0125347467198	-0.051562389515	-0.00828717857357	-0.0242499434737	-0.010026223709	-0.0265898649472	0.0362745995184	-0.0929525798545	0.0164964420979	-0.045405562439	-0.0463178778779	-0.018082841792	0.0458730155949	-0.0259834450629	-0.0075820726239	0.011091373714	0.0237192470834	0.00676366535257	-0.0389039058411	0.00812453407497	-0.0223651503632	-0.0467997492092	-0.0748072226286	0.0236590446638	0.0125171761936	-0.00525822168233	0.0114151606914	0.0116810166018	0.0233689919579
k__Bacteria;p__Bacteroidetes;c__Bacteroidia;o__Bacteroidales;f__Odoribacteraceae;g__Odoribacter;s__Odoribacter_splanchnicus	-0.0347841406608	-0.0159613166183	0.0289498312248	-0.00754143669327	0.0121257054726	0.0183107971567	0.0240851799759	-0.0374067193815	-0.0435851447526	-0.0930268785053	-0.0389244220672	0.0404690653811	0.0212399700682	0.00060853945516	-0.0859228366841	-0.00729597257917	0.0135206646939	-0.0630981531434	0.0845031461519	1.0	0.0142587829175	-0.0483301542586	-0.0580787874324	-0.00518297527325	0.0762509630934	0.0675812285257	-0.0238806136377	-0.00757470634282	-0.0496504124185	0.0160927403102	-0.00931481371383	0.009237234665	0.0100390473274	-0.0159942148816	0.00302938088204	0.0423258137674	-0.0412730260782	-0.00861987307517	0.00833790158923	0.0293618088929	0.023266447361	-0.031674929335	0.0070809869839	0.0217642422501	-0.05367166705	-0.0105801876135	-0.00884385379351	-0.0167696889293	-0.0202430016039	0.0355228431351	-0.0411509549579	0.0173982680312	-0.00589763954423	-0.0226447528383	-0.0165933561721	-0.0188084466506	0.0041094172735	-0.000455959514224	-0.0304237979442
k__Bacteria;p__Bacteroidetes;c__Bacteroidia;o__Bacteroidales;f__Bacteroidaceae;g__Bacteroides;s__Bacteroides_salyersiae	-0.026095891427	0.0025981893528	-0.0516666606025	0.013206485465	0.0172717907854	0.00489782640972	-0.0199146774502	-0.0778306782315	0.0217755310641	-0.00334836387402	0.0406779200715	-0.0552241674911	-0.0222500065606	-0.0315461245345	-0.0150682960767	0.0129146502414	0.00239395474227	0.0233832638614	0.0909105337511	0.0142587829175	1.0	-0.00645976013684	-0.0435326639424	-0.0200889954315	0.0373650499224	0.0833972790438	-0.00761705722936	0.0491064484683	0.0147679430449	0.0104462318338	0.000729992421067	-0.0679973390563	-0.0321174995241	-0.134419536297	-0.0283324430534	-0.0170336196834	-0.0261981610537	0.0462459268367	-0.00313846717897	0.0100599274763	-0.0359438941463	0.0581755848572	-0.0423172571353	0.00996180294539	-0.0164588431765	-0.0212894567415	-0.0620050402454	-0.000521704485503	-0.093032062553	0.0115543102804	0.046081326234	-0.0181849308561	0.0291444971272	-0.0153874152111	0.0116748579819	-0.0337900935753	0.0142258921815	-0.00891372381125	0.0391033320822
k__Bacteria;p__Firmicutes;c__Clostridia;o__Clostridiales;f__Ruminococcaceae;g__Ruminiclostridium;s__[Eubacterium]_siraeum	0.0556318590847	-0.0322317207785	-0.0504483273525	0.117309267999	-0.0139968530452	-0.0267555861299	0.0179436473811	0.0045293111582	-0.0179321033425	-0.0163360000737	0.0709607277284	-0.0679378881695	-0.0383505749013	-0.00540823776852	-0.0783939798181	-0.000146449700707	0.0294328669218	-0.0401780194531	0.00362885094407	-0.0483301542586	-0.00645976013684	1.0	0.0112170864297	-0.0116103600304	0.0014972101322	-0.0134120277342	-0.0297758064675	0.0090231497929	-0.00257815599957	-0.0344575087445	-0.0360165301973	-0.0550075496543	-0.0283428924098	-0.0166167418206	-0.047888332241	0.0525263033663	-0.0665955302727	-0.0261897238194	-0.00552843526507	-0.0539879666562	0.0367513952116	-0.0264340350352	-0.00974897841874	-0.0036134727856	0.0227104116993	0.0239737322402	0.00172610518381	0.0748678618587	-0.0802548164772	0.00380574193111	0.0842860327431	0.0537299788618	-0.0426489791949	0.0286799881578	-0.0141519162233	-0.0539126273537	-0.0463919379589	0.0112008134008	0.00586887450557
k__Bacteria;p__Proteobacteria;c__Betaproteobacteria;o__Burkholderiales;f__Sutterellaceae;g__Parasutterella;s__Parasutterella_excrementihominis	-0.0168273564989	0.0367355794014	-0.0270394816886	-0.054344283208	-0.046111294973	-0.0313229082073	-0.0142774082568	-0.0282736751044	-0.0057589594138	-0.00965424062355	0.0103042157501	-0.0173606032665	-0.0349823014012	-0.000729187912409	-0.0493950345019	0.0546522912443	-0.0134308269681	0.0200868921617	0.00538926420816	-0.0580787874324	-0.0435326639424	0.0112170864297	1.0	-0.0422739333442	-0.00354998317583	0.0965892847434	-0.0156516232496	-0.013548045959	-0.0397328879039	0.0209480008632	0.032928736461	0.0193549916686	-0.0585782880882	0.00270437120204	-0.0187399354231	-0.0183309619277	-0.0518706723186	-0.0808854584126	0.0509219960746	0.017881355314	-0.0156609079375	-0.0953659310884	-0.0650982499606	0.0109241407925	-0.0285196044039	-0.00972347397508	-0.0244905730072	0.000213043084044	0.0261857834843	-0.0295537821559	-0.017035005463	0.0227186703037	-0.0517225088357	0.00115763328515	-0.00819852348015	-0.0642623731202	-0.0510397386939	0.11582491971	-0.0537910793798
k__Bacteria;p__Actinobacteria;c__Actinobacteria;o__Bifidobacteriales;f__Bifidobacteriaceae;g__Bifidobacterium;s__Bifidobacterium_adolescentis	0.00682194661124	-0.0232028952058	0.0351190899004	-0.0038887668278	-0.0198619665084	0.00805891965153	-0.045005060308	0.0236279088608	0.0201952508657	-0.0119051257723	0.00647666171392	0.0201786380537	-0.0488281820991	-0.0649161296111	-0.040907064769	-0.000408944947762	0.0290791308933	-0.0123059769575	-0.0307311706035	-0.00518297527325	-0.0200889954315	-0.0116103600304	-0.0422739333442	1.0	0.0534964929947	0.0116033174168	-0.0433719857016	-0.0150852363563	-0.0150402636744	0.0399749571522	-0.0572752926586	-0.0254537221618	0.00758574886993	-0.00850603049173	-0.05567534802	-0.0285567833202	-0.0180549705299	0.0124519587525	-0.0290108419052	-0.0336462722833	-0.0412751745364	-0.0681202899775	0.038224486465	0.0660059817364	0.0716157475563	-0.123425888274	0.0478604839941	0.0678816768178	0.0107947415752	-0.0331240241963	-0.00829645670058	-0.00912412088073	0.0212980669757	-0.0125835904053	-0.0531350976485	-0.0305997446948	-0.0400748165688	-0.0350985939108	-0.0374051655741
k__Bacteria;p__Firmicutes;c__Clostridia;o__Clostridiales;f__Oscillospiraceae;g__Oscillibacter;s__Oscillibacter_sp._KLE_1745	-0.0157856816823	-0.0155486569281	0.0206327362354	-0.0619211283934	0.0326000686162	-0.0559051828467	0.0176519583407	0.00163164259501	0.0183584643819	0.0332194385329	-0.00703019342625	0.0225295449735	0.0586792691852	-0.00633016125324	-0.0333907652417	0.00246591720376	-0.05580921968	0.00987952851723	0.0214495153409	0.0762509630934	0.0373650499224	0.0014972101322	-0.00354998317583	0.0534964929947	1.0	0.0588240135129	-0.093595543074	0.0152391139966	0.00270253834885	-0.0510046867106	-0.058130862067	-0.0852050556288	-0.00720782235406	0.00620153154608	0.0116588184717	0.0125550621245	0.0118273093448	-0.0475116755415	-0.0248800297664	0.068045041771	0.0201147159489	-0.00805349231275	-0.0154959398157	0.0529372968144	-0.0569331542699	0.0125019107536	-0.0490657614601	-0.00371498645579	-0.0888421872552	-0.0311758901463	0.0661765066052	-0.0630285394429	-0.00702733874029	0.0322602320222	-0.0390392584015	0.00874881839922	-0.0847355351116	-0.0198823962815	0.0218734029553
k__Bacteria;p__Bacteroidetes;c__Bacteroidia;o__Bacteroidales;f__Bacteroidaceae;g__Bacteroides;s__Bacteroides_coprophilus	-0.0247429174582	0.0274582958671	0.00168734909045	0.0617237434288	0.0201414850948	-0.050435333764	0.0101573248123	0.00272812576608	0.00556731485774	-0.0275507243026	0.0241309311003	-0.0230449003611	-0.00154128792372	-0.0322992128502	-0.00542565592894	0.0110620210153	0.0419454695958	-0.014963819966	0.00241524847049	0.0675812285257	0.0833972790438	-0.0134120277342	0.0965892847434	0.0116033174168	0.0588240135129	1.0	-0.0560193308127	0.021751193524	-0.0296999274098	-0.0160193963926	-0.00460440732901	0.0152771931733	0.0144862350525	-0.0682002963506	-0.0138772819699	0.030610245667	0.00444398119752	-0.0178948724879	0.033894393181	-0.0578236730498	-0.0195643903478	-0.00629588981303	0.00435554684558	0.00389200498535	-0.0606357175903	-0.00373216958471	-0.0477666234793	-0.0211468399392	-0.0255193293438	-0.0449233694667	0.0692080849714	-0.0309850714749	-0.00903216485792	0.0631130959257	0.0125182277974	-0.0724488737477	-0.0334723033923	-0.0122127029546	-0.0196281007134
k__Bacteria;p__Firmicutes;c__Clostridia;o__Clostridiales;f__Lachnospiraceae;g__Roseburia;s__Roseburia_intestinalis	-0.0525818216339	-0.0177528118993	0.0738921606092	0.0255037781775	0.0185813438397	0.055676495041	-0.0131617294616	-0.0473922567982	-0.030091658968	0.0414927972423	-0.0100990809789	0.0120457295794	0.00645706883438	0.0530543284308	0.0222896233111	-0.040972152868	0.0455982837349	0.000156266428836	-0.00723477548762	-0.0238806136377	-0.00761705722936	-0.0297758064675	-0.0156516232496	-0.0433719857016	-0.093595543074	-0.0560193308127	1.0	-0.00973012098602	-0.0741400155382	-0.0505250418857	-0.0144175729946	0.00745924974087	-0.0385821172325	0.105317107261	-0.0274463125795	-0.0108398564885	-0.0211385806449	-0.0341152699024	0.0117022124723	-0.0243434406517	-0.016513113642	-0.109660412948	-0.00435242605221	-0.004615451501	-0.0556708686576	-0.036713718354	-0.028913453739	-0.00317296959052	0.0352728984158	-0.070934528763	-0.0170331621266	0.00283983312969	0.0371369272463	-0.044007385298	-0.000257600524692	-0.0389012134182	0.0274448810112	0.0453568775044	-0.00480622880275
k__Bacteria;p__Firmicutes;c__Clostridia;o__Clostridiales;f__Lachnospiraceae;g__Roseburia;s__Roseburia_hominis	-0.0147590028056	0.0225482378699	0.0198538657995	-0.0330956483888	-0.0360496865042	-0.060102969209	-0.0202930878162	0.0224634216249	-0.0238322531013	0.00464735748043	0.0173756958871	-0.0553086504007	-0.00872676578695	-0.0488686482609	-0.0186080985471	-0.0273630118357	0.0775410222099	-0.0356991843245	-0.0116305851977	-0.00757470634282	0.0491064484683	0.0090231497929	-0.013548045959	-0.0150852363563	0.0152391139966	0.021751193524	-0.00973012098602	1.0	-0.00185185764605	0.0042813085996	-0.0272586634573	0.057436525715	-0.0242880643995	-0.0524700179452	-0.0195363068165	-0.035018067419	-0.0370700385874	0.0197375530701	-0.0619976795146	0.0297798962584	0.0518740118568	0.0629401002986	0.0110297008871	-0.0466352434109	-0.0291961255286	-0.0101516095923	0.0196560855567	-0.0389127346187	-0.0591128600848	-0.0389001960876	0.000782095786158	-0.0651194001864	-0.0388380191239	-0.0248617108226	0.0159612265358	-0.0178841393076	-0.0123032735597	0.0279542287017	-0.0184299529038
k__Bacteria;p__Bacteroidetes;c__Bacteroidia;o__Bacteroidales;f__Porphyromonadaceae;g__Parabacteroides;s__Parabacteroides_johnsonii	-0.0658214395714	-0.0365585017962	-0.0438177898272	0.00835690849215	0.0083826980169	-0.015115861195	-0.0563453967285	-0.0869148671813	0.0450229309082	-0.00962505045732	-0.0463592836629	0.002708507207	-0.0746621896959	0.0603944213993	0.0131169665323	0.0106455187575	-0.00593788241639	0.0278355254998	-0.00329400893853	-0.0496504124185	0.0147679430449	-0.00257815599957	-0.0397328879039	-0.0150402636744	0.00270253834885	-0.0296999274098	-0.0741400155382	-0.00185185764605	1.0	0.00598469106746	-0.012847141799	-0.0193573436878	0.0241024693046	0.051934609163	0.00295429243263	-0.0949724512976	0.00731212816823	0.0424498626856	-0.0676721713913	-0.00527475279342	0.0154930851156	0.00647884694121	-0.0639850094375	-0.0298366220323	0.0505786839201	-0.0356694230028	0.0223275882553	-0.0321023697577	0.0427609758926	0.0262067242717	0.0118915371767	0.0187427171913	-0.0230023652192	-0.0211865736205	-0.0513809000774	-0.025373419721	0.0276267421077	0.00820459739703	-0.0401572754692
k__Bacteria;p__Actinobacteria;c__Actinobacteria;o__Bifidobacteriales;f__Bifidobacteriaceae;g__Bifidobacterium;s__Bifidobacterium_longum	0.0479756620192	-0.0308580171553	-0.0326933133539	-0.0271259852501	0.073991467156	0.0631308965097	-0.0320633701503	0.0234944764365	0.0180376559133	0.0148577994899	0.00436300082389	0.0240258426771	-0.0184133799913	0.0295316346405	-0.0683511006827	-0.00598918873864	-0.0694454714744	-0.0488378587742	-0.0334512922254	0.0160927403102	0.0104462318338	-0.0344575087445	0.0209480008632	0.0399749571522	-0.0510046867106	-0.0160193963926	-0.0505250418857	0.0042813085996	0.00598469106746	1.0	-0.0497989861323	0.00949429445616	-0.0226609468526	-0.0305907142672	-0.0313023217442	-0.0282198805287	0.0023473657873	-0.0291651508888	0.0276031967021	0.00222612028164	0.057162235325	-0.0113688957267	-0.00834415575036	-0.0133715103393	0.0119677415623	-0.0332784714337	-0.0334412121866	-0.0532838793836	-0.0474975881678	0.00119742353895	0.0105580835693	-0.0119839880505	0.00466709027033	0.0136110399556	0.0248753526472	0.00625417497383	-0.0328824310191	-0.0476619497385	-0.0703926212785
