#taxonomy	k__Bacteria;p__Bacteroidetes;c__Bacteroidia;o__Bacteroidales;f__Bacteroidaceae;g__Bacteroides;s__Bacteroides_vulgatus	k__Bacteria;p__Bacteroidetes;c__Bacteroidia;o__Bacteroidales;f__Bacteroidaceae;g__Bacteroides;s__Bacteroides_uniformis	k__Bacteria;p__Bacteroidetes;c__Bacteroidia;o__Bacteroidales;f__Rikenellaceae;g__Alistipes;s__Alistipes_putredinis	k__Bacteria;p__Bacteroidetes;c__Bacteroidia;o__Bacteroidales;f__Prevotellaceae;g__Prevotella;s__Prevotella_copri	k__Bacteria;p__Bacteroidetes;c__Bacteroidia;o__Bacteroidales;f__Bacteroidaceae;g__Bacteroides;s__Bacteroides_stercoris	k__Bacteria;p__Bacteroidetes;c__Bacteroidia;o__Bacteroidales;f__Bacteroidaceae;g__Bacteroides;s__Bacteroides_ovatus	k__Bacteria;p__Bacteroidetes;c__Bacteroidia;o__Bacteroidales;f__Rikenellaceae;g__Alistipes;s__Alistipes_shahii	k__Bacteria;p__Firmicutes;c__Clostridia;o__Clostridiales;f__Ruminococcaceae;g__Faecalibacterium;s__Faecalibacterium_prausnitzii	k__Bacteria;p__Bacteroidetes;c__Bacteroidia;o__Bacteroidales;f__Rikenellaceae;g__Alistipes;s__Alistipes_finegoldii	k__Bacteria;p__Bacteroidetes;c__Bacteroidia;o__Bacteroidales;f__Porphyromonadaceae;g__Parabacteroides;s__Parabacteroides_distasonis	k__Bacteria;p__Bacteroidetes;c__Bacteroidia;o__Bacteroidales;f__Bacteroidaceae;g__Bacteroides;s__Bacteroides_thetaiotaomicron	k__Bacteria;p__Bacteroidetes;c__Bacteroidia;o__Bacteroidales;f__Bacteroidaceae;g__Bacteroides;s__Bacteroides_coprocola	k__Bacteria;p__Bacteroidetes;c__Bacteroidia;o__Bacteroidales;f__Bacteroidaceae;g__Bacteroides;s__Bacteroides_cellulosilyticus	k__Bacteria;p__Bacteroidetes;c__Bacteroidia;o__Bacteroidales;f__Rikenellaceae;g__Alistipes;s__Alistipes_obesi	k__Bacteria;p__Firmicutes;c__Clostridia;o__Clostridiales;f__Lachnospiraceae;g__;s__[Eubacterium]_rectale	k__Bacteria;p__Bacteroidetes;c__Bacteroidia;o__Bacteroidales;f__Bacteroidaceae;g__Bacteroides;s__Bacteroides_plebeius	k__Bacteria;p__Bacteroidetes;c__Bacteroidia;o__Bacteroidales;f__Bacteroidaceae;g__Bacteroides;s__Bacteroides_fragilis	k__Bacteria;p__Proteobacteria;c__Betaproteobacteria;o__Burkholderiales;f__Sutterellaceae;g__Sutterella;s__Sutterella_wadsworthensis	k__Bacteria;p__Bacteroidetes;c__Bacteroidia;o__Bacteroidales;f__Porphyromonadaceae;g__Barnesiella;s__Barnesiella_intestinihominis	k__Bacteria;p__Bacteroidetes;c__Bacteroidia;o__Bacteroidales;f__Odoribacteraceae;g__Odoribacter;s__Odoribacter_splanchnicus	k__Bacteria;p__Bacteroidetes;c__Bacteroidia;o__Bacteroidales;f__Bacteroidaceae;g__Bacteroides;s__Bacteroides_salyersiae	k__Bacteria;p__Firmicutes;c__Clostridia;o__Clostridiales;f__Ruminococcaceae;g__Ruminiclostridium;s__[Eubacterium]_siraeum	k__Bacteria;p__Proteobacteria;c__Betaproteobacteria;o__Burkholderiales;f__Sutterellaceae;g__Parasutterella;s__Parasutterella_excrementihominis	k__Bacteria;p__Actinobacteria;c__Actinobacteria;o__Bifidobacteriales;f__Bifidobacteriaceae;g__Bifidobacterium;s__Bifidobacterium_adolescentis	k__Bacteria;p__Firmicutes;c__Clostridia;o__Clostridiales;f__Oscillospiraceae;g__Oscillibacter;s__Oscillibacter_sp._KLE_1745	k__Bacteria;p__Bacteroidetes;c__Bacteroidia;o__Bacteroidales;f__Bacteroidaceae;g__Bacteroides;s__Bacteroides_coprophilus	k__Bacteria;p__Firmicutes;c__Clostridia;o__Clostridiales;f__Lachnospiraceae;g__Roseburia;s__Roseburia_intestinalis	k__Bacteria;p__Firmicutes;c__Clostridia;o__Clostridiales;f__Lachnospiraceae;g__Roseburia;s__Roseburia_hominis	k__Bacteria;p__Bacteroidetes;c__Bacteroidia;o__Bacteroidales;f__Porphyromonadaceae;g__Parabacteroides;s__Parabacteroides_johnsonii	k__Bacteria;p__Actinobacteria;c__Actinobacteria;o__Bifidobacteriales;f__Bifidobacteriaceae;g__Bifidobacterium;s__Bifidobacterium_longum	k__Bacteria;p__Firmicutes;c__Clostridia;o__Clostridiales;f__;g__Flavonifractor;s__Flavonifractor_plautii	k__Bacteria;p__Firmicutes;c__Clostridia;o__Clostridiales;f__Clostridiaceae;g__Clostridium;s__Clostridium_phoceensis	k__Bacteria;p__Verrucomicrobia;c__Verrucomicrobiae;o__Verrucomicrobiales;f__Akkermansiaceae;g__Akkermansia;s__Akkermansia_muciniphila	k__Bacteria;p__Bacteroidetes;c__Bacteroidia;o__Bacteroidales;f__Prevotellaceae;g__Paraprevotella;s__Paraprevotella_xylaniphila	k__Bacteria;p__Firmicutes;c__Clostridia;o__Clostridiales;f__Ruminococcaceae;g__Ruminococcus;s__Ruminococcus_callidus	k__Bacteria;p__Bacteroidetes;c__Bacteroidia;o__Bacteroidales;f__Rikenellaceae;g__Alistipes;s__Alistipes_senegalensis	k__Bacteria;p__Firmicutes;c__Clostridia;o__Clostridiales;f__Lachnospiraceae;g__Blautia;s__Blautia_sp._KLE_1732	k__Bacteria;p__Bacteroidetes;c__Bacteroidia;o__Bacteroidales;f__Bacteroidaceae;g__Bacteroides;s__Bacteroides_oleiciplenus	k__Bacteria;p__Firmicutes;c__Clostridia;o__Clostridiales;f__Ruminococcaceae;g__Ruminococcus;s__Ruminococcus_bicirculans	k__Bacteria;p__Bacteroidetes;c__Bacteroidia;o__Bacteroidales;f__Bacteroidaceae;g__Bacteroides;s__Bacteroides_fluxus	k__Bacteria;p__Bacteroidetes;c__Bacteroidia;o__Bacteroidales;f__Prevotellaceae;g__Prevotella;s__Prevotella_stercorea	k__Bacteria;p__Firmicutes;c__Clostridia;o__Clostridiales;f__Lachnospiraceae;g__Dorea;s__Dorea_longicatena	k__Bacteria;p__Firmicutes;c__Clostridia;o__Clostridiales;f__Eubacteriaceae;g__Eubacterium;s__[Eubacterium]_eligens	k__Bacteria;p__Firmicutes;c__Clostridia;o__Clostridiales;f__Ruminococcaceae;g__;s__Ruminococcaceae_bacterium_D16	k__Bacteria;p__Firmicutes;c__Clostridia;o__Clostridiales;f__Lachnospiraceae;g__Coprococcus;s__Coprococcus_comes	k__Bacteria;p__Proteobacteria;c__Gammaproteobacteria;o__Enterobacterales;f__Enterobacteriaceae;g__Escherichia;s__Escherichia_coli	k__Bacteria;p__Firmicutes;c__Clostridia;o__Clostridiales;f__Ruminococcaceae;g__Anaerotruncus;s__Anaerotruncus_colihominis	k__Bacteria;p__Firmicutes;c__Clostridia;o__Clostridiales;f__Lachnospiraceae;g__Blautia;s__Blautia_obeum	k__Bacteria;p__Bacteroidetes;c__Bacteroidia;o__Bacteroidales;f__Odoribacteraceae;g__Odoribacter;s__Odoribacter_laneus	k__Bacteria;p__Firmicutes;c__Clostridia;o__Clostridiales;f__Ruminococcaceae;g__Ruminiclostridium;s__[Clostridium]_leptum	k__Bacteria;p__Bacteroidetes;c__Bacteroidia;o__Bacteroidales;f__Porphyromonadaceae;g__Parabacteroides;s__Parabacteroides_goldsteinii	k__Bacteria;p__Firmicutes;c__Clostridia;o__Clostridiales;f__Lachnospiraceae;g__Anaerostipes;s__Anaerostipes_hadrus	k__Bacteria;p__Firmicutes;c__Clostridia;o__Clostridiales;f__Ruminococcaceae;g__Ruminococcus;s__Ruminococcus_lactaris	k__Bacteria;p__Firmicutes;c__Clostridia;o__Clostridiales;f__Clostridiaceae;g__Clostridium;s__Clostridium_sp._L2-50	k__Bacteria;p__Firmicutes;c__Clostridia;o__Clostridiales;f__Clostridiaceae;g__Clostridium;s__Clostridium_sp._M62/1	k__Bacteria;p__Firmicutes;c__Clostridia;o__Clostridiales;f__;g__Intestinimonas;s__Intestinimonas_butyriciproducens	k__Bacteria;p__Actinobacteria;c__Actinobacteria;o__Bifidobacteriales;f__Bifidobacteriaceae;g__Bifidobacterium;s__Bifidobacterium_bifidum	k__Bacteria;p__Firmicutes;c__Negativicutes;o__Veillonellales;f__Veillonellaceae;g__Dialister;s__Dialister_invisus	k__Bacteria;p__Bacteroidetes;c__Bacteroidia;o__Bacteroidales;f__Bacteroidaceae;g__Bacteroides;s__Bacteroides_salanitronis
k__Bacteria;p__Bacteroidetes;c__Bacteroidia;o__Bacteroidales;f__Bacteroidaceae;g__Bacteroides;s__Bacteroides_vulgatus	1.0	0.0268076167135	-0.0227983504646	0.0609698790387	-0.0303915473797	-0.0299833405557	0.0390197209911	0.0325514887857	-0.0698927532441	-0.0710725882951	0.00036353387106	0.0333026836492	0.0205751685342	-0.0183593692199	0.000803079437682	0.00357581110026	0.000231155326592	-0.0082187254662	-0.0185109820306	0.0218832680205	-0.0324772245759	-0.0114787743557	-0.0195330384675	-0.00117007369453	-0.0477421893	0.0720275062455	0.0931307896854	0.0349580834305	-0.0397288541969	-0.0268024249238	-0.0201445257718	-0.0212135332774	0.00429227401622	0.0648554791655	-0.0505419716402	-0.00156215975978	0.0150505345434	0.0405125983244	-0.0588121215488	0.0201406880771	-0.100598586736	-0.0246469561656	-0.0381665513721	0.00942434480347	0.0103660313277	-0.000221985097635	-0.0640414196418	0.0288030648732	-0.00206079403592	-0.0296325383653	-0.0521943985184	0.0104561909093	-0.0239680071562	0.00179626242249	0.00828467542067	-0.0343062925505	-0.0310207479069	0.0440767180579	0.00408600483295
k__Bacteria;p__Bacteroidetes;c__Bacteroidia;o__Bacteroidales;f__Bacteroidaceae;g__Bacteroides;s__Bacteroides_uniformis	0.0268076167135	1.0	0.0230072589633	-0.0619807460989	-0.0711917449411	-0.0757599686525	0.00527190157306	0.0327273638407	-0.0201026048146	-0.0049801307282	-0.120926217181	0.00687186353993	0.0393348290827	0.0324062842996	-0.0236520736775	0.023671526624	0.00736827668414	0.00701980293218	-0.0386057592477	0.050246131288	0.0080663024004	-0.0138470871174	-0.00884109207615	0.027320135434	-0.0386944434392	-0.0874138438538	-0.0326767662058	-0.018145766812	-0.0339894102031	-0.0394920905283	-0.0243181818534	0.0400934007971	-0.0164041638319	-0.0174721190497	0.0154264944996	0.01427657245	-0.0162909377813	-0.0227431239564	0.0784539746746	-0.0829499281259	-0.041065461609	0.0336866445766	-0.0594760413813	-0.0309577198028	-0.0431947227006	0.0446303120944	0.0464025079689	0.00608078573425	0.00707751391733	0.00506372434226	0.00856051996202	-0.0539689921247	-0.00446159841683	-0.00855769288799	-0.0130441425693	0.0346445134316	0.0510999156577	0.0028226739593	-0.0250153588079
k__Bacteria;p__Bacteroidetes;c__Bacteroidia;o__Bacteroidales;f__Rikenellaceae;g__Alistipes;s__Alistipes_putredinis	-0.0227983504646	0.0230072589633	1.0	-0.0157032683946	-0.118588751395	0.00842614660174	-0.0451185425904	0.0152888810878	-0.00660439115538	0.00334530165785	-0.0087740777781	0.0297645626461	-0.00764252644864	0.00183169010777	0.00217152333253	-0.0102091632809	-0.0429665075017	0.0215401419119	-0.0069893238456	0.0170455103341	0.0276611409728	-0.0517878372138	0.0355592144524	-0.0237871531548	-0.00126458850847	0.0374618871155	0.102265067682	-0.0304201617239	-0.007297240476	0.0478554233844	-0.0526490385527	-0.0103129769712	-0.00784215083848	-0.00166413238677	0.0368225835472	-0.0339303361665	0.0420547111182	0.0312859818244	-0.0442756057886	-0.0690473490394	0.0156485347357	-0.0196264884264	0.0214372469767	-0.0345523279677	0.00607414983114	0.0301493215592	-0.0204564591839	-0.0829822322695	0.0523568025612	-0.040371283552	0.00354003381433	-0.0046259825688	0.0203685733181	0.00524316794262	-0.0576346648455	-0.0571235770489	0.0323362934985	0.00177767725551	-0.0170681084519
k__Bacteria;p__Bacteroidetes;c__Bacteroidia;o__Bacteroidales;f__Prevotellaceae;g__Prevotella;s__Prevotella_copri	0.0609698790387	-0.0619807460989	-0.0157032683946	1.0	-0.030148766388	-0.023246348383	-0.0264205465769	-0.029651279308	-0.0292895128358	-0.0143875869569	-0.0362666959321	0.00345977764221	0.0607802038232	-0.0113092842772	-0.0104757183468	0.00295907825187	0.0505522560179	0.0108048395177	-0.0391722399155	-0.073214899192	-0.0547160941913	0.0523365256782	0.0343322471818	-0.0259197035962	-0.000108590271239	-0.0171782853336	-0.0310022866528	-0.037718552302	0.0638953963737	0.0360182065705	-0.0173634879083	-0.0760014521213	-0.00252578619659	0.0591468760185	0.000863416457512	0.0194703883398	-0.0077552546889	0.00466078259918	0.0155024310732	0.02180054987	-0.00613830548654	0.000144906553763	0.0251291083329	0.0177332698877	0.025264003069	0.0107831843882	-0.0751652171546	0.0267360017878	0.0138583843966	-0.0148090678094	-0.00752955450968	-0.0110828038087	1.43197665647e-05	-0.00245395279147	0.0171564108963	-0.0258510793742	0.00519219522825	0.0434898098703	0.0176528160197
k__Bacteria;p__Bacteroidetes;c__Bacteroidia;o__Bacteroidales;f__Bacteroidaceae;g__Bacteroides;s__Bacteroides_stercoris	-0.0303915473797	-0.0711917449411	-0.118588751395	-0.030148766388	1.0	0.0305906384305	-0.0526064426195	0.0174117998913	0.00931395002914	-0.00611900105616	0.0215891473093	-0.0736393465108	-0.00986376763221	0.032883650094	-0.026684277152	0.0494153386892	0.0105588328232	0.0256479562683	-0.0320253733584	6.4922579547e-05	-0.0412051202035	-0.0208322588535	-0.00879624253505	0.0871762199862	0.06922839008	-0.0246816106972	0.0118555252425	-0.0782513995972	0.00726512459448	-0.0160723146126	-0.0639979429866	0.00208378499675	-0.0366217158967	0.0213089982472	-0.087666442977	0.0340330587327	-0.0488863853691	-0.0219815985348	-0.0835443304139	0.022193590363	-0.0184777948101	0.071269751283	-0.0196310116131	-0.0292662735337	-0.073630846969	-0.085976959807	-0.0274922941829	-0.00558254304304	-0.0148158304598	0.0232929449589	0.0104061131991	0.019229145746	0.0351273495677	-0.0704279611704	-0.0438147917235	0.00449846765038	-0.0915867081629	0.074320665438	-0.0208833820791
k__Bacteria;p__Bacteroidetes;c__Bacteroidia;o__Bacteroidales;f__Bacteroidaceae;g__Bacteroides;s__Bacteroides_ovatus	-0.0299833405557	-0.0757599686525	0.00842614660174	-0.023246348383	0.0305906384305	1.0	-0.015293403732	0.0382203176856	-0.0351162819206	-0.0490419605561	-0.0931401737947	0.0280139168315	-0.0053279563332	-0.0676987516693	-0.00661840072532	0.00480190590081	-0.0226187044849	-0.0288839745282	0.0189842588563	-0.075880504475	-0.0496501693402	0.00446461055056	0.0542368646601	0.034305615671	-0.071222857733	-0.0416617636474	0.0825940336493	-0.0102465816212	0.0584023491914	-0.0349005762444	-0.00378449589199	0.00020699447783	-0.0683278013846	0.0234563137269	0.0107878488925	0.0318585079593	0.00182293923108	-0.0060166269134	-0.039426985872	0.00591749508691	0.0608911385705	-0.00278926933177	-0.0288355870483	-0.0370153853099	-0.0596931195701	-0.076284284397	0.0834161011332	0.06670888109	-0.0602510757726	-0.0543330342993	-0.0159224041196	-0.0358601821888	-0.0224071872876	-0.0318344730991	0.00396420299268	0.00959532327829	-0.0314516809734	0.0419045205039	-0.0465972137137
k__Bacteria;p__Bacteroidetes;c__Bacteroidia;o__Bacteroidales;f__Rikenellaceae;g__Alistipes;s__Alistipes_shahii	0.0390197209911	0.00527190157306	-0.0451185425904	-0.0264205465769	-0.0526064426195	-0.015293403732	1.0	-0.0240094319871	-0.0578025982346	0.0154697904867	0.0200264425084	-0.0389675721023	0.0333299657439	-0.0472999395197	-0.0603694399376	-0.0145654349418	-0.0245964651105	0.0159392960362	0.0112731312727	0.0138001282302	-0.0294168718589	-0.0728483701394	0.0236809302101	0.00382082594457	0.0466796565874	-0.0889332979702	-0.0351170244964	-0.0117808763478	0.0203368108634	-0.0250646296859	-0.0308453740868	-0.0256353372082	0.00937300342036	-0.00418158701091	0.0197816611237	-0.0276570446978	0.0265727994214	0.0386766255023	0.00757745501367	-0.0471545476119	0.0164609965374	0.0115171002784	-0.0588723115163	-0.0204974065979	0.0489903138607	0.0367098452132	0.00951240858543	0.0085866690592	-0.0705644429424	-0.041617116535	-0.0236475350121	-0.0425412663495	0.00576502364693	-0.0221998047943	0.043535417597	-0.031358375583	-0.0269290311332	-0.06643859231	-0.0425842031826
k__Bacteria;p__Firmicutes;c__Clostridia;o__Clostridiales;f__Ruminococcaceae;g__Faecalibacterium;s__Faecalibacterium_prausnitzii	0.0325514887857	0.0327273638407	0.0152888810878	-0.029651279308	0.0174117998913	0.0382203176856	-0.0240094319871	1.0	-0.0379999064799	0.0124453065787	0.0728468002013	-0.0313746459526	0.0170084478722	0.0112966228281	-0.00423274449291	0.0122559518414	-0.0166783995922	-0.00620033014271	0.0617763655535	0.0277757007753	-0.0269963180126	0.000317853944562	0.0300691206409	-0.0032031882241	0.0520603583555	0.0179104825999	-0.0164261782864	-0.0494662339443	0.0128015596042	-0.0395888569016	-0.043524629425	0.0515133907259	0.0444935309837	-0.0440528704198	-0.0289213451372	-0.0288468581203	0.0108458114819	-0.0387418002496	0.0284490309696	-0.0238921992215	-0.0084864467224	0.0820467279587	0.00993363614463	-0.0364208926251	-0.0269959330196	0.0384281556929	-0.0619707777091	0.0437324702026	-0.0355937095906	-0.0140272073751	-0.014970977432	-0.0236566529547	-0.0119459259732	0.0281250572181	-0.0149859687916	-0.0546007087489	-0.0217740131957	0.0249957741208	-0.0260109946247
k__Bacteria;p__Bacteroidetes;c__Bacteroidia;o__Bacteroidales;f__Rikenellaceae;g__Alistipes;s__Alistipes_finegoldii	-0.0698927532441	-0.0201026048146	-0.00660439115538	-0.0292895128358	0.00931395002914	-0.0351162819206	-0.0578025982346	-0.0379999064799	1.0	0.0251464619406	-0.0376351413316	-0.0299007062864	-0.0604961860977	0.0501402422392	0.0275927438914	0.0204472857622	0.0695867750728	0.0238368288627	-0.0375147625776	0.0395774793089	0.0314393381042	0.00689608200135	0.0511990416502	-0.0152351247841	-0.0371873485556	-0.0210061787242	0.00860092415223	0.0108933208772	-0.00686612148391	-0.0843499180015	0.036588681236	-0.0403857360346	0.0433102756585	-0.0423005896454	-0.0341812381741	-0.0139337521898	-0.00808536734712	0.00850338318136	-0.0711253135882	-0.0270574013239	0.0526826131145	-0.0409097620884	0.0252524276225	-0.031087618249	-0.0544096463685	-0.0203670385608	-0.0341055303105	-0.0356551110773	0.0297062945162	-0.0707129567648	-0.0564273103923	0.0214829423254	0.0520087908278	0.062923695916	-0.0248635215834	0.0291272792499	0.00870231437719	-0.0239279439898	-0.0129006713961
k__Bacteria;p__Bacteroidetes;c__Bacteroidia;o__Bacteroidales;f__Porphyromonadaceae;g__Parabacteroides;s__Parabacteroides_distasonis	-0.0710725882951	-0.0049801307282	0.00334530165785	-0.0143875869569	-0.00611900105616	-0.0490419605561	0.0154697904867	0.0124453065787	0.0251464619406	1.0	0.0121402864324	-0.0555202115187	0.0355520515351	0.0348869373573	-0.0133486790656	-0.0286690334672	0.00202315018705	-0.0298048676697	0.099455068642	-0.0501284677949	0.0562254762234	-0.00298027283995	-0.0274626573753	-0.0237338320859	-0.0567294347689	-0.0283431317991	-0.0429847232659	-0.0328626864484	-0.0600175879934	0.00490312536138	-0.015882172263	-0.00290741825505	0.0221359627592	-0.00693303969679	-0.0490985056212	0.00305733920903	-0.0309549981823	-0.0350685236523	0.0263296607431	-0.0106867384411	0.0179269866301	-0.0321131895277	-0.0667467942737	-0.0164599999394	-0.0447812416944	-0.0495021673809	-0.0338656086164	-0.0535034641019	0.0442386381179	-0.020469802249	0.0271628319125	-0.0147007881377	0.0547031758452	0.0574562634429	-0.0382256672576	0.0176870072103	-0.000454418186694	-0.00731082356889	-0.0394722692743
k__Bacteria;p__Bacteroidetes;c__Bacteroidia;o__Bacteroidales;f__Bacteroidaceae;g__Bacteroides;s__Bacteroides_thetaiotaomicron	0.00036353387106	-0.120926217181	-0.0087740777781	-0.0362666959321	0.0215891473093	-0.0931401737947	0.0200264425084	0.0728468002013	-0.0376351413316	0.0121402864324	1.0	-0.0045074806394	-0.0817504461436	-0.104784753616	0.0413994412201	-0.0318134808692	-0.0349138287748	-0.0447839797925	-0.00458672409048	-0.042579533935	0.0469714336487	-0.0660080716513	-0.0219864454356	0.0550223483251	0.0567506039105	-0.0472975685907	0.0167174778031	0.0049608579853	0.0253303378534	0.0298154054712	0.0304952651773	0.00476282737134	-0.0436010127638	-0.0774030636715	-0.0441922443633	0.0157922207517	-0.0727973001842	-0.0109763992064	-0.0159469183644	0.0277519323942	-0.00993798279339	-0.022654312301	0.0223692914541	0.00930733121174	-0.0259520826626	0.017119079932	0.0129587078767	-0.0474786022459	0.00995095173218	0.00820823634352	0.126890676881	0.00183892994026	-0.00575424349619	-0.0354203165644	-0.0404062175814	0.0245866826414	0.0804515470941	-0.0206921528692	-0.000194529105674
k__Bacteria;p__Bacteroidetes;c__Bacteroidia;o__Bacteroidales;f__Bacteroidaceae;g__Bacteroides;s__Bacteroides_coprocola	0.0333026836492	0.00687186353993	0.0297645626461	0.00345977764221	-0.0736393465108	0.0280139168315	-0.0389675721023	-0.0313746459526	-0.0299007062864	-0.0555202115187	-0.0045074806394	1.0	-0.00320589141181	0.0134158660199	0.0306103534532	-0.0163906503286	-0.0171386273398	-0.0228325861408	-0.0512128960108	0.0437887401822	0.0111263915758	-0.0103390202335	-0.0363474069279	0.0116510554467	0.0150185380841	0.0300306590211	0.0368670306153	0.0369293881105	0.0440782275345	-0.00186557909527	0.0385614308275	0.0292571126379	-0.0193321442763	0.0257193119775	0.00534776346882	-0.0494750916361	0.080774826205	-0.0609770039275	0.0279509400611	0.0599725525076	0.0601997071986	-0.00258037394181	0.00257700305473	0.0182209371739	-0.0627475647523	-0.0427743577473	-0.0695811078558	-0.047397525124	-0.000963901354725	-0.0189904354992	-0.0822523305172	-0.0322375855973	-0.0326493806778	0.0773568904859	-0.0381356334746	-0.0738994797122	-0.0317582066232	0.0406723490092	0.00171158879977
k__Bacteria;p__Bacteroidetes;c__Bacteroidia;o__Bacteroidales;f__Bacteroidaceae;g__Bacteroides;s__Bacteroides_cellulosilyticus	0.0205751685342	0.0393348290827	-0.00764252644864	0.0607802038232	-0.00986376763221	-0.0053279563332	0.0333299657439	0.0170084478722	-0.0604961860977	0.0355520515351	-0.0817504461436	-0.00320589141181	1.0	-0.037736049091	-0.0403310834899	0.0135845373012	0.0086495716002	-0.0714677825163	-0.00124767742927	0.0016015923718	-0.0590110726562	0.0862193873603	-0.01335929027	0.0101714723705	-0.0147166773342	0.00680937802575	0.0258916935718	-0.0383028656412	0.0485363299949	-0.0582438274271	-0.037887046204	-0.0955973477772	0.0443118490972	-0.0662342153597	0.0398220466184	0.0457587349142	-0.0457459030115	-0.0555001702487	-0.022362038085	0.00520113177213	0.115078331815	-0.0116895065392	-0.039119132704	-0.0506186070952	-0.0122112039042	-0.0066111379522	-0.0360250097095	0.0287870101647	-0.00734404615275	-0.00443383823932	-0.0463392316022	-0.0302478033178	0.0436366080708	0.012859589329	-0.0513501411441	0.0307310402982	-0.0319315513279	-0.0446393876498	0.0506919501066
k__Bacteria;p__Bacteroidetes;c__Bacteroidia;o__Bacteroidales;f__Rikenellaceae;g__Alistipes;s__Alistipes_obesi	-0.0183593692199	0.0324062842996	0.00183169010777	-0.0113092842772	0.032883650094	-0.0676987516693	-0.0472999395197	0.0112966228281	0.0501402422392	0.0348869373573	-0.104784753616	0.0134158660199	-0.037736049091	1.0	0.0030424549446	-0.0639520857992	-0.0507899131879	-0.0285698806142	-0.0285411602503	0.010727669531	0.00723858023056	-0.0457416529477	-0.0630080588183	-0.043448790442	-0.0268401219222	0.0633813559948	0.00209476688161	-0.0409683584261	-0.009826657167	-0.0129712674111	0.0389142255015	-0.0218999307763	-0.0105863808494	-0.00923464359067	0.0269568940393	0.03302978238	0.0475824588829	-0.0346247592924	0.042040533735	0.0179300939076	-0.00593833991133	0.058557504416	-0.0286091942883	0.0254043186266	-0.0152794378526	-0.00145666570097	0.0155149291067	0.0266923620513	0.0354133742424	-0.0363833621149	-0.0676076868487	-0.00174725141154	-0.0222760785967	-0.038082174238	0.0136528115775	-0.0109076444221	-0.00277754282055	-0.0149548438268	-0.0148064519385
k__Bacteria;p__Firmicutes;c__Clostridia;o__Clostridiales;f__Lachnospiraceae;g__;s__[Eubacterium]_rectale	0.000803079437682	-0.0236520736775	0.00217152333253	-0.0104757183468	-0.026684277152	-0.00661840072532	-0.0603694399376	-0.00423274449291	0.0275927438914	-0.0133486790656	0.0413994412201	0.0306103534532	-0.0403310834899	0.0030424549446	1.0	-0.0527060713997	0.0386509004727	0.00514915034599	-0.0506337571818	0.0120302980079	-0.0417804875915	0.00634375956647	-0.0174887297408	-0.0305535750314	0.0487925094256	0.0365955266641	-0.0265787907856	0.00396449380632	-0.0224902038393	0.0232142050902	0.0200349974827	-0.0405998106295	-0.0197335705487	-0.0152801163348	0.0108162240055	-0.0168585382219	-0.0253135537078	-0.00267105767017	0.0193464652678	0.0257997983959	0.0185977044101	-0.0134262442946	-0.00584326566745	0.020577612992	0.0277757759336	0.0226175143495	0.000197319115839	-0.0688910769197	0.0569463460598	-0.0572046269828	-0.0077532265623	0.077426561917	-0.0441722161141	0.00844359611433	-0.00980456670739	0.00899112385017	-0.0222599675459	0.0131047455325	-0.00263396369119
k__Bacteria;p__Bacteroidetes;c__Bacteroidia;o__Bacteroidales;f__Bacteroidaceae;g__Bacteroides;s__Bacteroides_plebeius	0.00357581110026	0.023671526624	-0.0102091632809	0.00295907825187	0.0494153386892	0.00480190590081	-0.0145654349418	0.0122559518414	0.0204472857622	-0.0286690334672	-0.0318134808692	-0.0163906503286	0.0135845373012	-0.0639520857992	-0.0527060713997	1.0	-0.0441642611416	-0.00641222646466	0.0262727718407	-0.130334093863	-0.0139135207579	0.0490094380697	-0.0769397121347	0.00305113015787	-0.0218553980157	0.0112629470234	0.0182773332274	-0.0160213112929	-0.062589803323	-0.0077114781937	-0.0584445328723	-0.0283754772239	-0.00891731840725	0.00630425347945	-0.0304974203131	-0.0362613259067	0.040237249256	0.00981536248661	0.0400472707697	-0.0297118555803	0.00450373400402	-0.0552244252005	-0.0338445662088	0.0434961915321	0.040984616803	0.0202434699521	0.0550624353822	-0.00360882376385	5.72182427072e-05	-0.0136759081345	0.0335493389877	0.0470586124276	0.0285643670655	0.0472138342129	0.0281171682866	-2.04208374447e-06	0.0102199864684	0.00943426415764	0.0075946803054
k__Bacteria;p__Bacteroidetes;c__Bacteroidia;o__Bacteroidales;f__Bacteroidaceae;g__Bacteroides;s__Bacteroides_fragilis	0.000231155326592	0.00736827668414	-0.0429665075017	0.0505522560179	0.0105588328232	-0.0226187044849	-0.0245964651105	-0.0166783995922	0.0695867750728	0.00202315018705	-0.0349138287748	-0.0171386273398	0.0086495716002	-0.0507899131879	0.0386509004727	-0.0441642611416	1.0	-0.0109109101276	-0.0189852269252	0.0345609336697	-0.00597056366075	0.00325409015087	0.0161594711669	-0.0427573335633	-0.025315832818	-0.0479616171252	0.00561001143719	-0.0602683097997	0.0141348929709	-0.0347273955313	-0.0250394761011	0.0102601506359	-0.0704033393522	0.0195529136983	0.0115913379743	-0.000364671521038	0.00488690679281	-0.00859451729254	-0.0184737698547	-0.0376485790629	-0.00644410611013	-0.0322573418844	0.0211159376528	-0.00570718435264	0.0221619963219	-0.0266877284675	-0.0189248027402	0.0130848662508	0.000678705141711	-0.0241277211897	0.0375567189536	0.000519762017547	-0.00154319843967	0.042701420455	0.0350551957276	-0.0147717207485	0.0205178795172	-0.00262324400319	0.0855044195595
k__Bacteria;p__Proteobacteria;c__Betaproteobacteria;o__Burkholderiales;f__Sutterellaceae;g__Sutterella;s__Sutterella_wadsworthensis	-0.0082187254662	0.00701980293218	0.0215401419119	0.0108048395177	0.0256479562683	-0.0288839745282	0.0159392960362	-0.00620033014271	0.0238368288627	-0.0298048676697	-0.0447839797925	-0.0228325861408	-0.0714677825163	-0.0285698806142	0.00514915034599	-0.00641222646466	-0.0109109101276	1.0	0.0433273921471	-0.0239441057713	0.0199182469223	0.0255751527425	-0.00705262258545	-0.017879406525	0.0216378868795	-0.0288171981397	0.0630627381564	-0.0596442556392	-0.0637655056961	0.0392024406053	0.0192319431119	0.0277590279401	-0.0348279516452	-0.00107280649294	-0.045376374648	-0.000383021218939	-0.0105500171538	-0.0495048756566	0.0287294659069	-0.0663705940477	0.00375415969491	-0.0216438100272	0.00401983853655	0.0392169434714	-0.0335500057331	-0.0497127214883	0.005839651067	-0.0291499810225	0.00579895397312	0.00895215240287	0.0474842240125	-0.0365144853264	0.00371994483055	-0.000907335755188	-0.0212199831643	-0.0395352591042	-0.0248554719911	0.02807579268	-0.0150595321446
k__Bacteria;p__Bacteroidetes;c__Bacteroidia;o__Bacteroidales;f__Porphyromonadaceae;g__Barnesiella;s__Barnesiella_intestinihominis	-0.0185109820306	-0.0386057592477	-0.0069893238456	-0.0391722399155	-0.0320253733584	0.0189842588563	0.0112731312727	0.0617763655535	-0.0375147625776	0.099455068642	-0.00458672409048	-0.0512128960108	-0.00124767742927	-0.0285411602503	-0.0506337571818	0.0262727718407	-0.0189852269252	0.0433273921471	1.0	0.00651513168967	-0.0418526142492	0.0423524484806	-0.0305823371541	0.00140401760808	-0.0709169766732	0.0395010684487	0.0238539553358	-0.0879566283917	0.0216410788048	-0.0349029176748	-0.0895036979162	-0.0450971351326	0.0449527967419	0.0599587984813	-0.0239920848683	-0.00393532779114	-0.013197365691	-0.00550546374156	0.00669677959784	0.0667497641891	0.00549285987404	-0.0072822871853	-0.0492621432085	-0.0442341715587	0.0833889263797	0.0404255883039	0.0455768052965	0.079001834361	-0.0373109937687	0.0449024427063	-0.048740202203	-0.0882861382737	0.0251662369551	-0.0744738123085	-0.0172825312735	-0.022207193985	0.0143646124885	-0.0595777962788	-0.0394166254858
k__Bacteria;p__Bacteroidetes;c__Bacteroidia;o__Bacteroidales;f__Odoribacteraceae;g__Odoribacter;s__Odoribacter_splanchnicus	0.0218832680205	0.050246131288	0.0170455103341	-0.073214899192	6.4922579547e-05	-0.075880504475	0.0138001282302	0.0277757007753	0.0395774793089	-0.0501284677949	-0.042579533935	0.0437887401822	0.0016015923718	0.010727669531	0.0120302980079	-0.130334093863	0.0345609336697	-0.0239441057713	0.00651513168967	1.0	0.021923431874	-0.0380264250085	0.0319497736983	0.00794065661384	0.0445893460935	0.00381703167683	-0.00443025082488	-0.0571608640162	0.0452545309414	-0.0204960950721	-0.0249363852743	-0.0106395386818	0.000329495353398	-0.00447396906113	0.0382524059803	0.0636295643295	0.0074050805613	-0.0626751091158	-0.0287278300681	-0.0761074094196	-0.051944109192	-0.0102810705572	0.0591992484271	0.0201924217475	-0.0338619698991	0.0233889248062	-0.0629927153053	-0.0381286338415	0.0894515278252	0.034778091567	-0.0193874320747	-0.00374250042331	0.00355527721286	-0.0463193540978	-0.0542966979082	-0.0541575027104	-0.0187178637182	-0.055675422079	-0.09255985362
k__Bacteria;p__Bacteroidetes;c__Bacteroidia;o__Bacteroidales;f__Bacteroidaceae;g__Bacteroides;s__Bacteroides_salyersiae	-0.0324772245759	0.0080663024004	0.0276611409728	-0.0547160941913	-0.0412051202035	-0.0496501693402	-0.0294168718589	-0.0269963180126	0.0314393381042	0.0562254762234	0.0469714336487	0.0111263915758	-0.0590110726562	0.00723858023056	-0.0417804875915	-0.0139135207579	-0.00597056366075	0.0199182469223	-0.0418526142492	0.021923431874	1.0	0.0180497969117	-0.04661267369	-0.0425218558972	-0.0114931079289	-0.0872878145508	0.0247536366222	-0.0241644197135	-0.0822624684376	-0.00393979978115	0.0131044298833	-0.0317566781645	0.0711898509929	-0.0370908003806	-0.0283519255998	-0.0275021204959	0.00176478285741	0.0119033943139	0.0201992127753	-0.0355247072207	0.00118150280715	-0.00667986632742	-0.00418564350383	-0.0434092706427	-0.0362090552973	-0.0397917932672	0.0548647365045	-0.00110443104155	-0.0299931089652	0.00823147819366	-0.0213552681796	-0.0631018544591	0.0165421297369	-0.0303091364165	0.0164075827517	0.047949194096	0.00324035365036	0.00631401988326	0.0600343675623
k__Bacteria;p__Firmicutes;c__Clostridia;o__Clostridiales;f__Ruminococcaceae;g__Ruminiclostridium;s__[Eubacterium]_siraeum	-0.0114787743557	-0.0138470871174	-0.0517878372138	0.0523365256782	-0.0208322588535	0.00446461055056	-0.0728483701394	0.000317853944562	0.00689608200135	-0.00298027283995	-0.0660080716513	-0.0103390202335	0.0862193873603	-0.0457416529477	0.00634375956647	0.0490094380697	0.00325409015087	0.0255751527425	0.0423524484806	-0.0380264250085	0.0180497969117	1.0	-0.0104570103208	-0.0363304648922	-0.0255378955416	-0.0150687962364	-0.0474665639116	-0.0250457108273	-0.0442942561888	0.055854515806	0.0184240599725	-0.0357799032025	-0.0222691656427	0.0139270162526	-0.0122746346467	-0.0496171052851	-0.0109084895515	0.0318013647174	-0.0315273064673	0.0641835221423	-0.0121586310653	-0.0466776788395	-0.0357856145307	0.0381816889637	0.0254496854778	-0.0384747233102	0.0106122093549	-0.0226978882185	-0.0328950716678	0.00981421127147	0.0211608803481	-0.0717087697862	-0.00232907662598	-0.0330815617564	-0.034870770619	0.0385418598082	-0.0240473837946	-0.0683438112141	0.0510879443542
k__Bacteria;p__Proteobacteria;c__Betaproteobacteria;o__Burkholderiales;f__Sutterellaceae;g__Parasutterella;s__Parasutterella_excrementihominis	-0.0195330384675	-0.00884109207615	0.0355592144524	0.0343322471818	-0.00879624253505	0.0542368646601	0.0236809302101	0.0300691206409	0.0511990416502	-0.0274626573753	-0.0219864454356	-0.0363474069279	-0.01335929027	-0.0630080588183	-0.0174887297408	-0.0769397121347	0.0161594711669	-0.00705262258545	-0.0305823371541	0.0319497736983	-0.04661267369	-0.0104570103208	1.0	0.027651315485	-0.00689281249986	-0.00655018281577	0.00890726390041	-0.0141126772764	-0.0803584508312	-0.0535160144909	-0.0390516607224	-0.0861672547539	0.0380601979459	-0.140251635073	0.050875784762	-0.0186580440969	-0.00513482704902	-0.00397847985492	-0.000907366434366	-0.0176578355847	0.00851063650433	-0.00194083965535	0.0233568137324	0.0834089523242	0.0380482635529	0.0353386075098	-0.00763808829657	-0.069838127467	-0.00287549342655	-0.0340386812678	0.0243727473779	0.0187121488627	0.0329791818352	0.00195988538037	-0.0562566184526	-0.0644186281116	0.00209679177929	-0.0186881796876	-0.0424643611563
k__Bacteria;p__Actinobacteria;c__Actinobacteria;o__Bifidobacteriales;f__Bifidobacteriaceae;g__Bifidobacterium;s__Bifidobacterium_adolescentis	-0.00117007369453	0.027320135434	-0.0237871531548	-0.0259197035962	0.0871762199862	0.034305615671	0.00382082594457	-0.0032031882241	-0.0152351247841	-0.0237338320859	0.0550223483251	0.0116510554467	0.0101714723705	-0.043448790442	-0.0305535750314	0.00305113015787	-0.0427573335633	-0.017879406525	0.00140401760808	0.00794065661384	-0.0425218558972	-0.0363304648922	0.027651315485	1.0	0.00363455669098	-0.0379214096335	-0.0347418884162	-0.00542085977464	-0.0391180459065	-0.0259213353917	0.00921178499498	0.033903185172	-0.0184260861998	0.00771059393679	-0.00462506584662	-0.0690093319435	-0.0189236096072	-0.0605744706597	0.00468026948342	0.0320640142678	-0.0257493914815	0.0360742612341	-0.0542835142123	0.0542328962237	-0.0162272936212	0.0163667411074	0.0442039553137	0.0139710558027	-0.0040190684462	0.00811921702237	-0.0632422277885	-0.0350775838835	-0.00819563265634	-0.0326363423097	-0.0704867906997	-0.00889277883542	-0.0736716138339	0.0232559319197	0.0445970647856
k__Bacteria;p__Firmicutes;c__Clostridia;o__Clostridiales;f__Oscillospiraceae;g__Oscillibacter;s__Oscillibacter_sp._KLE_1745	-0.0477421893	-0.0386944434392	-0.00126458850847	-0.000108590271239	0.06922839008	-0.071222857733	0.0466796565874	0.0520603583555	-0.0371873485556	-0.0567294347689	0.0567506039105	0.0150185380841	-0.0147166773342	-0.0268401219222	0.0487925094256	-0.0218553980157	-0.025315832818	0.0216378868795	-0.0709169766732	0.0445893460935	-0.0114931079289	-0.0255378955416	-0.00689281249986	0.00363455669098	1.0	-0.0335642265259	-0.0680294085343	0.0219911009076	0.0395459615984	-0.0388029791993	0.00334062114085	-0.0328801388884	-0.00537075051195	0.00738929281386	0.0197656746611	-0.0152404525615	-0.003020497817	0.00874025006914	-0.105416961989	-0.0782441722679	-0.0206332908005	0.0224560742735	-0.00131472545186	0.071390301499	-0.01421827006	0.0439459625919	0.00364494307279	0.0122441201108	-0.0535495456062	-0.0590354781424	0.0552658558688	0.0356095286251	-0.016365978143	0.0019687256523	-0.00132122659585	-0.054043205766	-0.0457625415045	0.0248841700766	-0.0101128612837
k__Bacteria;p__Bacteroidetes;c__Bacteroidia;o__Bacteroidales;f__Bacteroidaceae;g__Bacteroides;s__Bacteroides_coprophilus	0.0720275062455	-0.0874138438538	0.0374618871155	-0.0171782853336	-0.0246816106972	-0.0416617636474	-0.0889332979702	0.0179104825999	-0.0210061787242	-0.0283431317991	-0.0472975685907	0.0300306590211	0.00680937802575	0.0633813559948	0.0365955266641	0.0112629470234	-0.0479616171252	-0.0288171981397	0.0395010684487	0.00381703167683	-0.0872878145508	-0.0150687962364	-0.00655018281577	-0.0379214096335	-0.0335642265259	1.0	0.0491726544583	-0.048785699461	-0.0163839109438	0.0164939073827	-0.021258765612	-0.0159043815453	0.0420667872887	-0.0272921196445	-0.0427203214532	-0.0119447170495	0.0467407639311	-0.0556741565302	-0.00656881989913	-0.0247074189232	-0.057446446989	0.0481862532974	0.0103971764408	-0.00591127506464	-0.0489048785439	0.0212219081546	-0.0111852080052	0.0425894740297	0.0154174215997	0.0770682509304	-0.0574640055625	0.0688332002987	0.0219056455344	0.0086078890624	0.0131131666598	-0.0121527923145	-0.0756742667898	0.0093939535464	-0.0453852597539
k__Bacteria;p__Firmicutes;c__Clostridia;o__Clostridiales;f__Lachnospiraceae;g__Roseburia;s__Roseburia_intestinalis	0.0931307896854	-0.0326767662058	0.102265067682	-0.0310022866528	0.0118555252425	0.0825940336493	-0.0351170244964	-0.0164261782864	0.00860092415223	-0.0429847232659	0.0167174778031	0.0368670306153	0.0258916935718	0.00209476688161	-0.0265787907856	0.0182773332274	0.00561001143719	0.0630627381564	0.0238539553358	-0.00443025082488	0.0247536366222	-0.0474665639116	0.00890726390041	-0.0347418884162	-0.0680294085343	0.0491726544583	1.0	-0.0505687459988	-0.0501424276808	0.00299690151027	-0.0172707296329	-0.0183860084067	0.0101928700282	0.033660849565	-0.0536419066997	-0.000533059937556	0.0500206143842	0.000471326794521	-0.0230240898156	0.0144131307166	-0.00141842845389	-0.0691143430824	0.0144722251424	0.0790542147782	-0.030834788679	-0.0457734163506	-0.0844756537023	-0.0710449343814	0.0587457502662	-0.00219835373041	0.008742391002	-0.0138667055905	0.060616734567	0.063005412409	0.0037591747747	-0.0111338951478	-0.0949017597593	0.0290395273402	0.0016647644928
k__Bacteria;p__Firmicutes;c__Clostridia;o__Clostridiales;f__Lachnospiraceae;g__Roseburia;s__Roseburia_hominis	0.0349580834305	-0.018145766812	-0.0304201617239	-0.037718552302	-0.0782513995972	-0.0102465816212	-0.0117808763478	-0.0494662339443	0.0108933208772	-0.0328626864484	0.0049608579853	0.0369293881105	-0.0383028656412	-0.0409683584261	0.00396449380632	-0.0160213112929	-0.0602683097997	-0.0596442556392	-0.0879566283917	-0.0571608640162	-0.0241644197135	-0.0250457108273	-0.0141126772764	-0.00542085977464	0.0219911009076	-0.048785699461	-0.0505687459988	1.0	0.00663694678727	0.0190619738343	0.043042355275	0.00866928923952	-0.0147114260908	-0.00450796146477	-0.00486798911101	0.0406089941329	-0.0393643553982	-0.0165087720771	-0.0337436571606	-0.0483154726428	0.00293183902136	-0.0181241877013	0.00334928574106	-0.0668548626644	-0.057038776685	0.00450561398807	0.0924443732533	-0.00792191623256	-0.0243462564856	0.0139437709308	-0.035659724608	0.118130968819	-0.0694513400633	0.0551156587767	0.0280777454149	0.0600114355877	-0.0584919183286	0.0745216154256	-0.043097803367
k__Bacteria;p__Bacteroidetes;c__Bacteroidia;o__Bacteroidales;f__Porphyromonadaceae;g__Parabacteroides;s__Parabacteroides_johnsonii	-0.0397288541969	-0.0339894102031	-0.007297240476	0.0638953963737	0.00726512459448	0.0584023491914	0.0203368108634	0.0128015596042	-0.00686612148391	-0.0600175879934	0.0253303378534	0.0440782275345	0.0485363299949	-0.009826657167	-0.0224902038393	-0.062589803323	0.0141348929709	-0.0637655056961	0.0216410788048	0.0452545309414	-0.0822624684376	-0.0442942561888	-0.0803584508312	-0.0391180459065	0.0395459615984	-0.0163839109438	-0.0501424276808	0.00663694678727	1.0	0.0372203805808	-0.0270038205295	-0.0721934087507	0.0779067857845	-0.0290548243626	-0.0768144096698	0.0173178772324	-0.0384552986461	-0.0441509610056	0.0848406299821	-0.0408634966109	-0.0538168027866	0.049003983333	-0.022036146892	0.0409200168504	0.000671053597252	-0.00822222568773	-0.0488111957674	0.00755007904333	-0.0492015593234	0.0639289164998	0.0218945650302	-0.0219385875457	0.0388484608142	0.0534618401471	0.01065571766	-0.0243330920559	-0.00273222646885	-0.0654410643759	0.0403218250438
k__Bacteria;p__Actinobacteria;c__Actinobacteria;o__Bifidobacteriales;f__Bifidobacteriaceae;g__Bifidobacterium;s__Bifidobacterium_longum	-0.0268024249238	-0.0394920905283	0.0478554233844	0.0360182065705	-0.0160723146126	-0.0349005762444	-0.0250646296859	-0.0395888569016	-0.0843499180015	0.00490312536137	0.0298154054712	-0.00186557909527	-0.0582438274271	-0.0129712674111	0.0232142050902	-0.0077114781937	-0.0347273955313	0.0392024406053	-0.0349029176748	-0.0204960950721	-0.00393979978115	0.055854515806	-0.0535160144909	-0.0259213353917	-0.0388029791993	0.0164939073827	0.00299690151027	0.0190619738343	0.0372203805808	1.0	0.0468301871212	0.0405020107005	-0.00494787666387	0.0300089464444	0.053509564211	0.0144428260033	-0.0284620859928	-0.0637542651045	0.0515058790308	-0.0258035917416	-0.00413571506211	-0.0125617844105	0.0111753834137	-0.0230988750449	0.0436006061843	-0.0421281017839	0.0106078381561	0.0420982262198	-0.00113157149097	0.0302681697269	0.0472952891614	-0.0388841399936	-0.0296734405511	-0.027428266515	-0.0712335510595	-0.017622592534	-0.0218148483965	-0.105338068941	-0.00315408192825
