#taxonomy	k__Bacteria;p__Bacteroidetes;c__Bacteroidia;o__Bacteroidales;f__Bacteroidaceae;g__Bacteroides;s__Bacteroides_vulgatus	k__Bacteria;p__Bacteroidetes;c__Bacteroidia;o__Bacteroidales;f__Bacteroidaceae;g__Bacteroides;s__Bacteroides_uniformis	k__Bacteria;p__Bacteroidetes;c__Bacteroidia;o__Bacteroidales;f__Rikenellaceae;g__Alistipes;s__Alistipes_putredinis	k__Bacteria;p__Bacteroidetes;c__Bacteroidia;o__Bacteroidales;f__Prevotellaceae;g__Prevotella;s__Prevotella_copri	k__Bacteria;p__Bacteroidetes;c__Bacteroidia;o__Bacteroidales;f__Bacteroidaceae;g__Bacteroides;s__Bacteroides_stercoris	k__Bacteria;p__Bacteroidetes;c__Bacteroidia;o__Bacteroidales;f__Bacteroidaceae;g__Bacteroides;s__Bacteroides_ovatus	k__Bacteria;p__Bacteroidetes;c__Bacteroidia;o__Bacteroidales;f__Rikenellaceae;g__Alistipes;s__Alistipes_shahii	k__Bacteria;p__Firmicutes;c__Clostridia;o__Clostridiales;f__Ruminococcaceae;g__Faecalibacterium;s__Faecalibacterium_prausnitzii	k__Bacteria;p__Bacteroidetes;c__Bacteroidia;o__Bacteroidales;f__Rikenellaceae;g__Alistipes;s__Alistipes_finegoldii	k__Bacteria;p__Bacteroidetes;c__Bacteroidia;o__Bacteroidales;f__Porphyromonadaceae;g__Parabacteroides;s__Parabacteroides_distasonis	k__Bacteria;p__Bacteroidetes;c__Bacteroidia;o__Bacteroidales;f__Bacteroidaceae;g__Bacteroides;s__Bacteroides_thetaiotaomicron	k__Bacteria;p__Bacteroidetes;c__Bacteroidia;o__Bacteroidales;f__Bacteroidaceae;g__Bacteroides;s__Bacteroides_coprocola	k__Bacteria;p__Bacteroidetes;c__Bacteroidia;o__Bacteroidales;f__Bacteroidaceae;g__Bacteroides;s__Bacteroides_cellulosilyticus	k__Bacteria;p__Bacteroidetes;c__Bacteroidia;o__Bacteroidales;f__Rikenellaceae;g__Alistipes;s__Alistipes_obesi	k__Bacteria;p__Firmicutes;c__Clostridia;o__Clostridiales;f__Lachnospiraceae;g__;s__[Eubacterium]_rectale	k__Bacteria;p__Bacteroidetes;c__Bacteroidia;o__Bacteroidales;f__Bacteroidaceae;g__Bacteroides;s__Bacteroides_plebeius	k__Bacteria;p__Bacteroidetes;c__Bacteroidia;o__Bacteroidales;f__Bacteroidaceae;g__Bacteroides;s__Bacteroides_fragilis	k__Bacteria;p__Proteobacteria;c__Betaproteobacteria;o__Burkholderiales;f__Sutterellaceae;g__Sutterella;s__Sutterella_wadsworthensis	k__Bacteria;p__Bacteroidetes;c__Bacteroidia;o__Bacteroidales;f__Porphyromonadaceae;g__Barnesiella;s__Barnesiella_intestinihominis	k__Bacteria;p__Bacteroidetes;c__Bacteroidia;o__Bacteroidales;f__Odoribacteraceae;g__Odoribacter;s__Odoribacter_splanchnicus	k__Bacteria;p__Bacteroidetes;c__Bacteroidia;o__Bacteroidales;f__Bacteroidaceae;g__Bacteroides;s__Bacteroides_salyersiae	k__Bacteria;p__Firmicutes;c__Clostridia;o__Clostridiales;f__Ruminococcaceae;g__Ruminiclostridium;s__[Eubacterium]_siraeum	k__Bacteria;p__Proteobacteria;c__Betaproteobacteria;o__Burkholderiales;f__Sutterellaceae;g__Parasutterella;s__Parasutterella_excrementihominis	k__Bacteria;p__Actinobacteria;c__Actinobacteria;o__Bifidobacteriales;f__Bifidobacteriaceae;g__Bifidobacterium;s__Bifidobacterium_adolescentis	k__Bacteria;p__Firmicutes;c__Clostridia;o__Clostridiales;f__Oscillospiraceae;g__Oscillibacter;s__Oscillibacter_sp._KLE_1745	k__Bacteria;p__Bacteroidetes;c__Bacteroidia;o__Bacteroidales;f__Bacteroidaceae;g__Bacteroides;s__Bacteroides_coprophilus	k__Bacteria;p__Firmicutes;c__Clostridia;o__Clostridiales;f__Lachnospiraceae;g__Roseburia;s__Roseburia_intestinalis	k__Bacteria;p__Firmicutes;c__Clostridia;o__Clostridiales;f__Lachnospiraceae;g__Roseburia;s__Roseburia_hominis	k__Bacteria;p__Bacteroidetes;c__Bacteroidia;o__Bacteroidales;f__Porphyromonadaceae;g__Parabacteroides;s__Parabacteroides_johnsonii	k__Bacteria;p__Actinobacteria;c__Actinobacteria;o__Bifidobacteriales;f__Bifidobacteriaceae;g__Bifidobacterium;s__Bifidobacterium_longum	k__Bacteria;p__Firmicutes;c__Clostridia;o__Clostridiales;f__;g__Flavonifractor;s__Flavonifractor_plautii	k__Bacteria;p__Firmicutes;c__Clostridia;o__Clostridiales;f__Clostridiaceae;g__Clostridium;s__Clostridium_phoceensis	k__Bacteria;p__Verrucomicrobia;c__Verrucomicrobiae;o__Verrucomicrobiales;f__Akkermansiaceae;g__Akkermansia;s__Akkermansia_muciniphila	k__Bacteria;p__Bacteroidetes;c__Bacteroidia;o__Bacteroidales;f__Prevotellaceae;g__Paraprevotella;s__Paraprevotella_xylaniphila	k__Bacteria;p__Firmicutes;c__Clostridia;o__Clostridiales;f__Ruminococcaceae;g__Ruminococcus;s__Ruminococcus_callidus	k__Bacteria;p__Bacteroidetes;c__Bacteroidia;o__Bacteroidales;f__Rikenellaceae;g__Alistipes;s__Alistipes_senegalensis	k__Bacteria;p__Firmicutes;c__Clostridia;o__Clostridiales;f__Lachnospiraceae;g__Blautia;s__Blautia_sp._KLE_1732	k__Bacteria;p__Bacteroidetes;c__Bacteroidia;o__Bacteroidales;f__Bacteroidaceae;g__Bacteroides;s__Bacteroides_oleiciplenus	k__Bacteria;p__Firmicutes;c__Clostridia;o__Clostridiales;f__Ruminococcaceae;g__Ruminococcus;s__Ruminococcus_bicirculans	k__Bacteria;p__Bacteroidetes;c__Bacteroidia;o__Bacteroidales;f__Bacteroidaceae;g__Bacteroides;s__Bacteroides_fluxus	k__Bacteria;p__Bacteroidetes;c__Bacteroidia;o__Bacteroidales;f__Prevotellaceae;g__Prevotella;s__Prevotella_stercorea	k__Bacteria;p__Firmicutes;c__Clostridia;o__Clostridiales;f__Lachnospiraceae;g__Dorea;s__Dorea_longicatena	k__Bacteria;p__Firmicutes;c__Clostridia;o__Clostridiales;f__Eubacteriaceae;g__Eubacterium;s__[Eubacterium]_eligens	k__Bacteria;p__Firmicutes;c__Clostridia;o__Clostridiales;f__Ruminococcaceae;g__;s__Ruminococcaceae_bacterium_D16	k__Bacteria;p__Firmicutes;c__Clostridia;o__Clostridiales;f__Lachnospiraceae;g__Coprococcus;s__Coprococcus_comes	k__Bacteria;p__Proteobacteria;c__Gammaproteobacteria;o__Enterobacterales;f__Enterobacteriaceae;g__Escherichia;s__Escherichia_coli	k__Bacteria;p__Firmicutes;c__Clostridia;o__Clostridiales;f__Ruminococcaceae;g__Anaerotruncus;s__Anaerotruncus_colihominis	k__Bacteria;p__Firmicutes;c__Clostridia;o__Clostridiales;f__Lachnospiraceae;g__Blautia;s__Blautia_obeum	k__Bacteria;p__Bacteroidetes;c__Bacteroidia;o__Bacteroidales;f__Odoribacteraceae;g__Odoribacter;s__Odoribacter_laneus	k__Bacteria;p__Firmicutes;c__Clostridia;o__Clostridiales;f__Ruminococcaceae;g__Ruminiclostridium;s__[Clostridium]_leptum	k__Bacteria;p__Bacteroidetes;c__Bacteroidia;o__Bacteroidales;f__Porphyromonadaceae;g__Parabacteroides;s__Parabacteroides_goldsteinii	k__Bacteria;p__Firmicutes;c__Clostridia;o__Clostridiales;f__Lachnospiraceae;g__Anaerostipes;s__Anaerostipes_hadrus	k__Bacteria;p__Firmicutes;c__Clostridia;o__Clostridiales;f__Ruminococcaceae;g__Ruminococcus;s__Ruminococcus_lactaris	k__Bacteria;p__Firmicutes;c__Clostridia;o__Clostridiales;f__Clostridiaceae;g__Clostridium;s__Clostridium_sp._L2-50	k__Bacteria;p__Firmicutes;c__Clostridia;o__Clostridiales;f__Clostridiaceae;g__Clostridium;s__Clostridium_sp._M62/1	k__Bacteria;p__Firmicutes;c__Clostridia;o__Clostridiales;f__;g__Intestinimonas;s__Intestinimonas_butyriciproducens	k__Bacteria;p__Actinobacteria;c__Actinobacteria;o__Bifidobacteriales;f__Bifidobacteriaceae;g__Bifidobacterium;s__Bifidobacterium_bifidum	k__Bacteria;p__Firmicutes;c__Negativicutes;o__Veillonellales;f__Veillonellaceae;g__Dialister;s__Dialister_invisus	k__Bacteria;p__Bacteroidetes;c__Bacteroidia;o__Bacteroidales;f__Bacteroidaceae;g__Bacteroides;s__Bacteroides_salanitronis
k__Bacteria;p__Bacteroidetes;c__Bacteroidia;o__Bacteroidales;f__Bacteroidaceae;g__Bacteroides;s__Bacteroides_vulgatus	1.0	-0.0341450345266	0.0370116575132	0.00436758001803	0.0434808170144	-0.0321888790665	-0.039984222635	-0.0161993290151	-0.0141534489428	-0.0581144941058	-0.0384674378548	0.011947927063	0.0367106629408	0.0665733760442	0.00576049019908	-0.00376739117301	-0.0788986281246	-0.0140340841242	-0.0141455394617	-0.0073698365047	0.0321604012195	0.0281790566298	0.0602319282624	-0.00523065266251	0.0290772917154	-0.0309292467676	0.0280665564338	-0.015266240341	0.00930394194093	-0.0208559124524	-0.0468619745934	0.0533474208742	0.0146152424367	0.0123233795612	0.0211759484829	-0.0351184507889	0.00439107703556	-0.0516063738934	-0.0812441156748	0.00498722096798	-0.0122325633486	-0.0523634396665	0.000153274539546	-0.0452929249627	-0.0152940513939	-0.024411704352	-0.0642965867229	0.0411676447809	0.023969605548	0.0317845693817	0.0299357578138	0.0405965155622	-0.00252509203202	-0.0229212788755	-0.0626255877197	-0.049939100068	0.0623003972431	-0.015834554526	0.0116295739439
k__Bacteria;p__Bacteroidetes;c__Bacteroidia;o__Bacteroidales;f__Bacteroidaceae;g__Bacteroides;s__Bacteroides_uniformis	-0.0341450345266	1.0	0.00319268335488	-0.00828228969014	-0.0175615076151	-0.0463473476854	-0.0200040978099	-0.0270249776484	-0.00686078021128	-0.0335815441023	0.00811573719797	-0.0284574748245	-0.069698098022	0.0429910746883	-0.00270137873165	-0.00770078456783	-0.00907960265995	-0.0351857727985	0.0729237175202	-0.069945439364	0.0120173480125	0.0393866941535	-0.0182169250567	0.0168395057248	-0.034279475536	-0.0187358674445	-0.00132070850285	-0.0425028958867	-0.0064738744403	0.0041048678439	0.00210005630761	-0.0326906281338	-0.0205797260393	-0.0466219900884	-0.00122306539053	0.0440847481976	0.0530055336421	-0.00532657968147	-0.0280986344804	-0.0444201909391	0.00610837740911	-0.000372183731037	-0.0324934396616	-0.0413359436489	-0.0742619262855	-0.0408566212836	0.02036325506	0.0430492077415	-0.0500276509342	-0.0149063986648	-0.0233825485852	-0.00536228262325	-0.0239016344376	0.0458222701711	-0.0129596921521	-0.0140048188466	-0.0392312324503	-0.0478685397605	-0.0451187810958
k__Bacteria;p__Bacteroidetes;c__Bacteroidia;o__Bacteroidales;f__Rikenellaceae;g__Alistipes;s__Alistipes_putredinis	0.0370116575132	0.00319268335488	1.0	0.0160747554005	-0.0768172350498	-0.0185883611255	-0.0424170455126	0.0528240559177	0.0427783879952	-0.00329182176325	-0.0296561445389	0.0186189944668	0.0375350054176	-0.0648688143312	-0.0535502887737	0.0366914336293	0.00720395221129	-0.0150163153256	-0.03681091389	0.00528446360751	0.0191493704507	-0.0293026234658	-0.0363515877434	-0.0459645941273	0.0480855344236	-0.00267095886034	0.0163533602315	-0.0339700378162	0.0300160652405	-0.0278514479336	-0.0152521580309	0.00366109129237	0.000587973992725	-0.0413269679611	0.0477896091688	-0.0427970256871	0.0192353368369	-0.00241306982281	-0.0361663857824	0.0573208689466	-0.0606364286686	-0.0708550699426	-0.0325890671136	-0.0570979691399	-0.013193778805	-0.00754383855266	-0.0229192134736	0.017247438309	-0.000171042234875	-0.00606013358017	-0.0249212624853	0.018368405222	0.00216191706116	0.0873954088853	-0.0625654021508	0.015093942214	0.0448750248223	-0.0224258366661	-0.00722816541665
k__Bacteria;p__Bacteroidetes;c__Bacteroidia;o__Bacteroidales;f__Prevotellaceae;g__Prevotella;s__Prevotella_copri	0.00436758001803	-0.00828228969014	0.0160747554005	1.0	0.0132847350111	-0.00391768871457	-0.00911081886799	-0.00458154344793	-0.00733965217207	-0.0442620030566	-0.00352729063341	0.0166663627307	-0.0198129043227	-0.0161687241129	-0.0442673014138	-0.083876591259	0.00933921642711	0.078151404925	0.0121578364405	-0.0050495875972	-0.0409726416819	0.00876287068714	0.0260205659954	-0.0426048318338	-0.0145971222493	0.0185689764673	-0.0081807582318	0.00683832700273	0.0290300353634	0.0397262243568	0.00101630102528	-0.0233110627515	0.0108085908896	0.00286654804338	0.0170553986348	-0.0410078809683	-0.0271449088884	-0.0465650716857	-0.000423452517528	-0.00580795718059	-0.00334552301826	0.00897778062599	0.00232094472617	0.0128372359412	0.0367189467539	-0.0391341700643	-0.0243114375801	0.0262615919396	-0.0474222504409	0.0195031395834	-0.0510382690108	-0.00566401048256	0.034466557515	-0.00459696223878	0.0370987655263	-0.0122726466275	0.0074372533961	-0.0372566134106	-0.0407247085629
k__Bacteria;p__Bacteroidetes;c__Bacteroidia;o__Bacteroidales;f__Bacteroidaceae;g__Bacteroides;s__Bacteroides_stercoris	0.0434808170144	-0.0175615076151	-0.0768172350498	0.0132847350111	1.0	-0.0137298223116	-0.0296998952191	-0.055749296847	-0.0760503711262	0.0488309569183	0.0534600343391	-0.0338646910322	0.0142737533753	-0.0222348108459	0.0239116895801	-0.015829756928	-0.00832205799478	-0.0238698278196	-0.0453426042935	-0.00547694025458	-0.0291522731438	-0.0221399961702	-0.0155850934786	0.0337004935374	-0.0226649857101	-0.0370478152888	-0.0691754694909	0.00829701064086	-0.0079301321835	0.000700913503167	-0.0254280564352	-0.00467033788626	-0.0154198244147	-0.0169490005973	-0.0455510519278	0.0646581902702	0.00777077389399	-0.0485782624571	0.0192301184256	-0.0296639879325	-0.020971732701	-0.0223717249238	0.0105527664907	-0.0223491018404	0.0175243232604	-0.0021349156815	-0.0316699815124	0.0604569349223	0.0502130638248	-0.0145497154959	0.0244959505808	0.0161691404109	-0.022455359279	0.036283952939	0.0391969548604	-0.016515034363	-0.000410362344507	0.0191589300903	-0.0741977326765
k__Bacteria;p__Bacteroidetes;c__Bacteroidia;o__Bacteroidales;f__Bacteroidaceae;g__Bacteroides;s__Bacteroides_ovatus	-0.0321888790665	-0.0463473476854	-0.0185883611255	-0.00391768871457	-0.0137298223116	1.0	-0.0188956134288	-0.02738560567	0.0451652497248	-0.0936060510537	-0.0077501313143	-0.01743929494	0.00282742194194	0.00197301588461	-0.0493617077736	0.0184331976589	0.00974470955382	-0.0557355949609	0.00822342813248	-0.0213169968133	0.00457197529865	0.00278183170252	-0.049450842025	0.0576059674595	-0.0219980563438	0.0664239692038	-0.029569162252	-0.00192097896998	-0.102092953007	0.00126950282885	0.00580553765588	0.000163176068495	0.0148985337691	-0.00794145114743	0.0893196721002	-0.00743352230106	-0.049310881484	0.000822613476869	-0.00389976618951	0.000575252483958	-0.0307849157196	-0.0185780320694	0.0159186524933	-0.00596341880427	-0.0229468483372	0.0144432252788	0.00165623370822	-0.0562021773448	-0.0404959983685	0.0043065468028	-0.0153818275977	-0.0211398249732	0.00826114380941	0.027438974212	-0.0417808384232	-0.0171741699903	-0.0457585253592	-0.0312490643817	0.0128105156679
k__Bacteria;p__Bacteroidetes;c__Bacteroidia;o__Bacteroidales;f__Rikenellaceae;g__Alistipes;s__Alistipes_shahii	-0.039984222635	-0.0200040978099	-0.0424170455126	-0.00911081886799	-0.0296998952191	-0.0188956134288	1.0	0.0305948396154	-0.0310878361363	0.0159721745357	0.0351129810579	-0.0316250941231	-0.0438451389618	0.0216418149536	0.00363309277787	0.014561792795	-0.132260841905	0.0416858440065	0.000550345714633	0.0521159387843	-0.0407656641313	-0.116071343877	-0.0586329055243	-0.0533726530079	-0.01235200064	0.00903211714381	-0.0118654870629	-0.0516702499365	-0.0407478008395	-0.0063156048809	0.00879358613035	-0.0134458252873	-0.0384288664681	-0.00423934629145	0.0150212787642	-0.00978548245498	0.000231641137595	0.0147643714059	0.0395398549105	-0.00124519736076	-0.00528404814704	-0.0684065370984	-0.0183421990372	0.0483204243025	-0.0402916285605	0.0410923032893	0.0355299048932	0.00388045730154	-0.0483632913544	0.0707502006252	-0.0321973179503	-0.0301972307367	0.0204054791108	0.0504449476453	-0.0488395495662	-0.0236097037125	-0.059607176712	-0.000665465140083	0.0651511053437
k__Bacteria;p__Firmicutes;c__Clostridia;o__Clostridiales;f__Ruminococcaceae;g__Faecalibacterium;s__Faecalibacterium_prausnitzii	-0.0161993290151	-0.0270249776484	0.0528240559177	-0.00458154344793	-0.055749296847	-0.02738560567	0.0305948396154	1.0	-0.0095816719945	-0.00631866930821	0.0405914259248	-0.00920466682307	-0.0189422490668	-0.00727478444612	-0.0579563876312	0.0555378907513	-0.0822839799869	-0.0950977374401	-0.0136790800621	-0.0646367074263	-0.0657812771625	-0.0793130457592	0.0482789741957	0.0192954943566	-0.0762411077249	0.0185127595546	0.0233794681277	0.0165246023398	-0.0174527531672	-0.0289305261479	-0.120754119175	0.0334626798774	0.0017482713558	-0.0101297049963	-0.0193800305761	0.00829450237708	0.0325558595379	-0.0369002014282	-0.0291694869341	0.0034313175744	0.0264003817225	0.0118994907653	0.00258947249102	-0.00993548528685	-0.0429143730574	0.0560179376208	-0.0240893186991	-0.0530841645763	-0.0476017245802	-0.00361096692464	-0.00117031417582	0.0503857762707	0.0224676066771	-0.000199946162515	-0.0143978189164	-0.0246976496715	0.0619444168526	-0.0420577130918	-0.0421826941214
k__Bacteria;p__Bacteroidetes;c__Bacteroidia;o__Bacteroidales;f__Rikenellaceae;g__Alistipes;s__Alistipes_finegoldii	-0.0141534489428	-0.00686078021128	0.0427783879952	-0.00733965217207	-0.0760503711262	0.0451652497248	-0.0310878361363	-0.0095816719945	1.0	-0.00780281656518	-0.00621618579355	-0.0273991591472	-0.0586045888256	-0.00748318744087	-0.0334122827674	0.010631592329	0.0377431496367	0.0468947470956	-0.0299132636208	0.0003834159997	-0.0339655702792	0.0275926015475	0.00312982578452	0.0261745555896	0.0544993447473	0.0318432704887	-0.0405780113431	-0.0441000516532	-0.0498849823956	0.000731645255773	0.0220798215311	-0.0812654906117	-0.0219228795352	0.019211851573	-0.0505978624733	0.0179065640005	-0.00430441266407	-0.0537983247921	-0.0671466383633	-0.0190920935249	0.0291471318225	0.0646741853569	-0.0124631791958	-0.00211678226378	-0.00621783767441	-0.00829311423289	0.0293946340297	-0.0241983060564	-0.0510831510849	0.0187641973299	-0.00754110836433	-0.0380222878151	0.0212740869885	-0.0399472843386	-0.00241412090186	-0.0608269735587	-0.0423007942356	-0.0417568619155	-0.0703538520138
k__Bacteria;p__Bacteroidetes;c__Bacteroidia;o__Bacteroidales;f__Porphyromonadaceae;g__Parabacteroides;s__Parabacteroides_distasonis	-0.0581144941058	-0.0335815441023	-0.00329182176325	-0.0442620030566	0.0488309569183	-0.0936060510537	0.0159721745357	-0.00631866930821	-0.00780281656518	1.0	-0.011601622088	0.0101710709539	0.038736291943	0.0169943865746	0.0168183235028	-0.00901849709788	-0.0093259161131	0.0502985284045	-0.0410771163174	0.00949662074494	0.0237413167999	-0.0445304147743	0.0344496318171	-0.0653448024012	-0.0354950756853	-0.0935871133102	0.0128844414452	-0.0177754298608	-0.0645814387023	-0.0321560560907	0.000444900881114	-0.0111865836314	0.0662980959861	0.0708179471989	0.0390718727659	-0.0584238820055	0.0378774872324	-0.0116958475829	-0.0133977069076	0.0504805907526	-0.0965612958056	-0.0268061413227	-0.0124171270901	-0.0628104593596	0.0487762274486	-0.0280281739215	-0.0153219920029	0.0311610442556	-0.0226147562503	-0.0330791683379	-0.0833024260099	0.0151719213853	-0.0383194259847	-0.0172534458867	-0.0118577081283	-0.010084776341	-0.00120395211939	0.0552079952473	0.0353718786085
k__Bacteria;p__Bacteroidetes;c__Bacteroidia;o__Bacteroidales;f__Bacteroidaceae;g__Bacteroides;s__Bacteroides_thetaiotaomicron	-0.0384674378548	0.00811573719797	-0.0296561445389	-0.00352729063341	0.0534600343391	-0.0077501313143	0.0351129810579	0.0405914259248	-0.00621618579355	-0.011601622088	1.0	0.0760915920903	0.0100785456024	-0.0442892285056	0.0164118841124	0.037159974191	-0.0454894078771	-0.0967942135974	-0.032148461662	-0.0417722069638	-0.0522017872817	-0.00469754717142	-0.00113484859588	-0.0655890336694	-0.0194564865378	0.0388266803255	-0.0333068111613	-0.0505239235278	0.025391966753	0.00335473511485	0.0219213305546	-0.00140920390511	-0.0361005356758	0.0242622650987	-0.0360689109477	-0.00747349245951	-0.0337722797812	0.0455488575226	-0.0157513302745	-0.0471316326831	-0.028955481513	-0.0519161720612	-0.0393663173417	-0.0149521559853	-0.0122573465919	0.00146402918781	-0.0115295505515	0.0219448185495	0.0236605186813	-0.0619653301936	0.0146109264793	-0.0886532171322	0.0138171658424	-0.0258391760935	-0.0338633198593	-0.100330897307	-0.00985405150209	0.0366686769114	-0.0177188646111
k__Bacteria;p__Bacteroidetes;c__Bacteroidia;o__Bacteroidales;f__Bacteroidaceae;g__Bacteroides;s__Bacteroides_coprocola	0.011947927063	-0.0284574748245	0.0186189944668	0.0166663627307	-0.0338646910322	-0.01743929494	-0.0316250941231	-0.00920466682307	-0.0273991591472	0.0101710709539	0.0760915920903	1.0	-0.0378453669792	0.00497423768881	0.0343862874796	-0.0269901448946	-0.0367808995934	-0.0458525330867	-0.0341756772816	0.0074409801125	-0.0109095994469	-0.0277437770686	0.0182934200946	-0.0190902432807	0.00886655481922	0.0341202762041	-0.012533997358	-0.00811582210336	-0.0111009917425	0.0485669748561	0.00833335345722	-0.00177317828375	-0.0130260432068	-0.0849063281376	-0.00364302365971	-0.0599325477406	-0.01896548723	-0.0290182346489	0.0326649736442	-0.00207763820864	0.0102302417927	-0.0195876265978	-0.0223995235872	0.0121119605804	-0.020165293676	-0.0494470954151	-0.0568628873759	0.024907576055	-0.0479030783822	0.0111517043327	0.0127506627705	-0.0528792692752	-0.0543466114637	0.0012359676508	-0.0107190857702	-0.0183086425759	0.00159123406813	0.0509583400077	-0.023030838357
k__Bacteria;p__Bacteroidetes;c__Bacteroidia;o__Bacteroidales;f__Bacteroidaceae;g__Bacteroides;s__Bacteroides_cellulosilyticus	0.0367106629408	-0.069698098022	0.0375350054176	-0.0198129043227	0.0142737533753	0.00282742194194	-0.0438451389618	-0.0189422490668	-0.0586045888256	0.038736291943	0.0100785456024	-0.0378453669792	1.0	-0.0615374368854	-0.0281155221378	0.0757642180008	-0.00576677998728	0.0135583533584	-0.00472484293806	-0.0145674934733	-0.0343183510899	0.0916096225259	-0.021887598416	-0.0335178143834	-0.0225615987637	-0.0416625328931	0.0474862955032	0.0241921751442	0.0107640528035	0.012077490708	-0.00782901210466	0.0214727596223	0.0401505579045	0.0374255335571	-0.0305132556202	0.066155145561	-0.0451242391751	-0.0268883662268	-0.0443671763711	-0.0348526069581	0.0238272776964	-0.0185917769501	0.00558921166459	-0.0128698506943	-0.0721561172252	-0.00995061966024	-0.000686294584069	-0.064965324546	-0.0793746577569	0.0143952460713	0.00998863893426	0.0100644237376	0.0129060193093	-0.095067477967	0.0475471887947	-0.0727504414333	-0.0576849311408	-0.00757683250779	-0.0636158464028
k__Bacteria;p__Bacteroidetes;c__Bacteroidia;o__Bacteroidales;f__Rikenellaceae;g__Alistipes;s__Alistipes_obesi	0.0665733760442	0.0429910746883	-0.0648688143312	-0.0161687241129	-0.0222348108459	0.00197301588461	0.0216418149536	-0.00727478444612	-0.00748318744087	0.0169943865746	-0.0442892285056	0.00497423768881	-0.0615374368854	1.0	0.0267647279415	-0.0582564518947	-0.0055761614532	0.0211365635159	-0.00824357593626	-0.0199393469535	0.0309191749955	0.0802144934516	-0.0914426211266	-0.00957154788752	-0.0067088717829	0.0217868332942	-0.0480263848445	-0.0380360283378	-0.0365341144833	-0.0194859349478	0.0429189056387	0.0754357502662	-0.0317127409029	-0.0313487013629	0.0297176418178	-0.0315315220287	-0.00173359172287	0.0184136718805	0.00892260519145	0.0454449353204	-0.029064194829	0.0732987263943	-0.0160181906123	-0.00545919156218	-0.00965236675223	-0.0293812815344	0.0618336452087	-0.035190542305	-0.0358142388927	-0.0512882320055	-0.0471146198899	0.0130597754367	-0.115306241664	0.0381790861747	-0.0616502246546	0.0400555865972	-0.0169329447213	0.0829018945079	-0.0402626509652
k__Bacteria;p__Firmicutes;c__Clostridia;o__Clostridiales;f__Lachnospiraceae;g__;s__[Eubacterium]_rectale	0.00576049019908	-0.00270137873165	-0.0535502887737	-0.0442673014138	0.0239116895801	-0.0493617077736	0.00363309277787	-0.0579563876312	-0.0334122827674	0.0168183235028	0.0164118841124	0.0343862874796	-0.0281155221378	0.0267647279415	1.0	-0.0550710752414	-0.0173289482063	0.0916356189889	-0.0336315099238	-0.0255152512613	0.0436250026613	-0.0334915440505	-0.00242639919327	-0.0699354252033	-0.0321485299822	0.00202830148118	0.00113869495018	-0.056126592097	0.0266840997582	0.00721502636584	0.0316863470267	0.0303159074874	0.0470380692467	-0.037518694118	-0.0231279575604	-0.0251227355513	0.024473325754	-0.0560158031646	0.0550379604808	0.0228001347855	-0.0522266318459	-0.0472148269786	-0.00271505902834	0.0277883649813	-0.05205398445	-0.0557972031042	-0.00827767546903	-0.000457732742028	-0.0471828295971	-0.0144990609104	0.032176953411	0.0199630724547	0.0138748748148	-0.03856758924	-0.0571409017448	0.0104102719593	0.00660459035477	0.0432302123348	0.0109689936488
k__Bacteria;p__Bacteroidetes;c__Bacteroidia;o__Bacteroidales;f__Bacteroidaceae;g__Bacteroides;s__Bacteroides_plebeius	-0.00376739117301	-0.00770078456783	0.0366914336293	-0.083876591259	-0.015829756928	0.0184331976589	0.014561792795	0.0555378907513	0.010631592329	-0.00901849709788	0.037159974191	-0.0269901448946	0.0757642180008	-0.0582564518947	-0.0550710752414	1.0	-0.0328272588273	-0.0400176155036	-0.0099382054937	-0.0470229807997	-0.00657224195465	-0.0416189854725	-0.0190456945231	-0.00947734472344	0.00946353185222	-0.0359142149851	-0.0475490875685	0.0519823041462	-0.112308492401	0.0202399655031	-0.0123951926786	-0.0369729729174	0.00797112331824	-0.0172205375081	-0.0311463755891	0.00202689593799	0.00862263259463	0.0276201747821	-0.0329691159902	-0.0516810685793	-0.015565666994	0.0129226731419	-0.0595362184759	-0.00931756615683	0.0462425177213	-0.0442387163807	0.00152991146942	0.00295909229219	-0.0219099557779	-0.0331815861766	-0.0315054802259	-0.0352666767793	0.00999579199401	0.0712578453506	0.0245908452019	-0.0520619848014	-0.0331523063084	-0.0703816246948	0.0289528711818
k__Bacteria;p__Bacteroidetes;c__Bacteroidia;o__Bacteroidales;f__Bacteroidaceae;g__Bacteroides;s__Bacteroides_fragilis	-0.0788986281246	-0.00907960265995	0.00720395221129	0.00933921642711	-0.00832205799478	0.00974470955382	-0.132260841905	-0.0822839799869	0.0377431496367	-0.0093259161131	-0.0454894078771	-0.0367808995934	-0.00576677998728	-0.0055761614532	-0.0173289482063	-0.0328272588272	1.0	-0.0953124788827	0.00522410452338	0.00399959994967	0.0317062589359	-0.018309340576	-0.0237893882934	0.0310448928046	0.0166708577762	-0.0672002126327	-0.0235721536003	-0.0357264897029	0.0246085151348	0.00486291587361	-0.0140684822354	0.00577451761362	0.0375020692019	-0.0792041982763	-0.0445031373774	-0.0263129124681	-0.000762380478102	-0.0597153788117	-0.0540058844684	-0.0217020622971	0.00111476865288	-0.0167088571848	0.0161482676935	0.0566444030969	0.0249155000639	0.00175371765533	-0.0144087608422	0.0524143434743	-0.0453876550858	-0.0517633184739	0.00901768066197	-0.00242792992061	0.0666215801147	-0.045113297037	-0.00370149725931	0.0363173614586	0.0291454624735	-0.00110795239004	-0.0144639622668
k__Bacteria;p__Proteobacteria;c__Betaproteobacteria;o__Burkholderiales;f__Sutterellaceae;g__Sutterella;s__Sutterella_wadsworthensis	-0.0140340841242	-0.0351857727985	-0.0150163153256	0.078151404925	-0.0238698278196	-0.0557355949609	0.0416858440065	-0.0950977374401	0.0468947470956	0.0502985284045	-0.0967942135974	-0.0458525330867	0.0135583533584	0.0211365635159	0.0916356189889	-0.0400176155036	-0.0953124788827	1.0	0.0520499964256	0.00655708802981	-0.0324647268245	-0.0274328083451	0.0415508056475	-0.0370287256789	-0.00146763809989	0.00638895330676	0.00456757309503	-0.0760633942608	-0.0479216421838	0.0103653418223	-0.0242322281764	0.0531469292005	0.0680097122074	0.0356444319204	-0.118397584256	0.0137668311273	0.0435342441468	0.085259803087	0.048483854414	0.00974368515722	-0.0143936002575	0.0277601464549	0.0375703810243	0.0141503572406	0.0274499679256	-0.024899566455	-0.0486643712685	0.0436500030619	0.00984750359602	-0.0202837407911	-0.0148222546778	-0.0792106932994	-0.0492276813766	-0.0143732488724	-0.026512795192	0.0645500107955	-0.0433556353592	-0.0279161887968	-0.0711226293575
k__Bacteria;p__Bacteroidetes;c__Bacteroidia;o__Bacteroidales;f__Porphyromonadaceae;g__Barnesiella;s__Barnesiella_intestinihominis	-0.0141455394617	0.0729237175202	-0.03681091389	0.0121578364405	-0.0453426042935	0.00822342813248	0.000550345714633	-0.0136790800621	-0.0299132636208	-0.0410771163174	-0.032148461662	-0.0341756772816	-0.00472484293806	-0.00824357593627	-0.0336315099238	-0.0099382054937	0.00522410452338	0.0520499964256	1.0	-0.0329381700883	-0.00955466775917	-0.0482900312329	-0.0263382532015	-0.0398277359284	-0.0367922704546	-0.0279753759103	0.0109431710735	-0.0732365455307	0.00446982960625	0.00322166750642	-0.0336951683185	-0.0308825523308	0.0384776865259	-0.0547629626469	-0.0143922659423	-0.0182802813562	0.0452270752705	0.0234575794905	0.0192554547974	-0.0670529249663	-0.00751181274362	-0.0732893977629	-0.0148787207847	0.0947387906212	-0.025440436487	-0.0542050651998	0.0394352605203	0.0493744435215	0.0146889933026	-0.0353686495925	-0.00773150461966	-0.043060577704	0.0056941753484	-0.0366601824343	-0.00536425831392	0.0155389441407	0.000846846730142	0.0398579694817	0.0556986542026
k__Bacteria;p__Bacteroidetes;c__Bacteroidia;o__Bacteroidales;f__Odoribacteraceae;g__Odoribacter;s__Odoribacter_splanchnicus	-0.0073698365047	-0.069945439364	0.00528446360751	-0.0050495875972	-0.00547694025458	-0.0213169968133	0.0521159387843	-0.0646367074263	0.0003834159997	0.00949662074494	-0.0417722069638	0.0074409801125	-0.0145674934733	-0.0199393469535	-0.0255152512613	-0.0470229807997	0.00399959994967	0.00655708802981	-0.0329381700883	1.0	-0.0322444328575	-0.00512989236685	-0.0205533361756	-0.0860816027763	-0.0147696939672	0.0221924452863	0.00888529509131	-0.0180488280043	0.00800725651609	-0.0552946351278	-0.00152108034165	0.0881136462539	-0.0678263462448	-0.00484313898582	0.0702391685378	0.00886489471162	0.0147939435497	0.0832525510055	-0.0183443352539	-0.00119409726351	-0.0227933386206	0.0361437269809	-0.0335783262712	-0.0190712019414	0.0914011064661	-0.0182230789754	0.0110255581615	0.000725152628169	-0.00219242216856	0.0126183367638	0.034865255004	-0.0899498499998	-0.0465375562099	0.00340360396136	-0.00941167764267	-0.00465558653133	-0.0679020623239	-0.103133685443	0.0109520149126
k__Bacteria;p__Bacteroidetes;c__Bacteroidia;o__Bacteroidales;f__Bacteroidaceae;g__Bacteroides;s__Bacteroides_salyersiae	0.0321604012195	0.0120173480125	0.0191493704507	-0.0409726416819	-0.0291522731438	0.00457197529865	-0.0407656641313	-0.0657812771625	-0.0339655702792	0.0237413167999	-0.0522017872817	-0.0109095994469	-0.0343183510899	0.0309191749955	0.0436250026613	-0.00657224195465	0.0317062589359	-0.0324647268245	-0.00955466775917	-0.0322444328575	1.0	-0.0667646620206	-0.0156685611064	-0.0113696799042	0.0139909418687	-0.00377157642399	0.00583045201482	0.0364826105578	0.0174212985694	-0.0379053731074	0.0101520573278	-0.000358473602644	-0.0590248388325	-0.0327394627672	0.023761451055	0.0134444940728	0.00198982198516	-0.0119464824142	-0.0742930346071	-0.0268004026213	0.00800757651873	-0.000452007937469	0.0261105892333	-0.000804703843576	0.0663795904564	0.0114074140395	-0.0573005649402	0.0303122140737	-0.0135258697049	0.00852097041546	0.00290189831843	-0.0340385276867	0.0226536595981	-0.0228540843654	0.0304633878082	-0.0654676952217	-0.00825739603218	0.0231260029533	-0.0504830030174
k__Bacteria;p__Firmicutes;c__Clostridia;o__Clostridiales;f__Ruminococcaceae;g__Ruminiclostridium;s__[Eubacterium]_siraeum	0.0281790566298	0.0393866941535	-0.0293026234658	0.00876287068714	-0.0221399961702	0.00278183170252	-0.116071343877	-0.0793130457592	0.0275926015475	-0.0445304147743	-0.00469754717142	-0.0277437770686	0.0916096225259	0.0802144934516	-0.0334915440505	-0.0416189854725	-0.018309340576	-0.0274328083451	-0.0482900312329	-0.00512989236685	-0.0667646620206	1.0	0.0567348276865	0.0256215387299	-0.071745558431	-0.0453990714836	0.037933391305	-0.00431497208639	-0.00863734144184	0.00142747421624	-0.0164437851206	0.0212408442891	0.0297958187181	-0.0306804284625	-0.0552037470652	-0.0203950977498	-0.0374878512953	0.0400964210865	-0.0615815118558	0.0215008005883	-0.0106011278159	-0.00718383894936	0.00124044879027	0.0532463636305	-0.0152618749625	-0.011377416526	0.0142122408672	-0.0607134658434	-0.0344499196104	0.0336715418393	0.0366939942139	0.0219332132559	-0.0635480424294	0.00342177331937	-0.0401877375209	-0.0195750388352	0.0496431309074	0.00353772988895	-0.0595579256493
k__Bacteria;p__Proteobacteria;c__Betaproteobacteria;o__Burkholderiales;f__Sutterellaceae;g__Parasutterella;s__Parasutterella_excrementihominis	0.0602319282624	-0.0182169250567	-0.0363515877434	0.0260205659954	-0.0155850934786	-0.049450842025	-0.0586329055243	0.0482789741957	0.00312982578452	0.0344496318171	-0.00113484859588	0.0182934200946	-0.021887598416	-0.0914426211266	-0.00242639919327	-0.0190456945231	-0.0237893882934	0.0415508056475	-0.0263382532015	-0.0205533361756	-0.0156685611064	0.0567348276865	1.0	-0.0113833668998	-0.000503377894344	-0.0354501870697	0.0450254716448	-0.0130293197334	0.0300914639944	0.00522404177691	0.0176141079996	-0.0561472281847	0.0102390831593	0.0559461226865	-0.0597358494081	-0.0243370315756	0.0248200990103	-0.0871394064765	0.021819094052	-0.0322869381805	0.037644330469	-0.0311614441468	0.0752707236986	-0.0106888867372	0.0239128921785	-0.0748125320422	-0.0317349254296	0.00232835561776	0.0131418594344	0.0347552159075	-0.0486845661503	-0.0604685664347	0.0753431982906	-0.048162118853	-0.0265112399477	-0.0167801996538	0.0155948927984	0.00569206114496	-0.00488571711241
k__Bacteria;p__Actinobacteria;c__Actinobacteria;o__Bifidobacteriales;f__Bifidobacteriaceae;g__Bifidobacterium;s__Bifidobacterium_adolescentis	-0.00523065266251	0.0168395057248	-0.0459645941273	-0.0426048318338	0.0337004935374	0.0576059674595	-0.0533726530079	0.0192954943566	0.0261745555896	-0.0653448024012	-0.0655890336694	-0.0190902432807	-0.0335178143834	-0.00957154788752	-0.0699354252033	-0.00947734472344	0.0310448928046	-0.0370287256789	-0.0398277359284	-0.0860816027763	-0.0113696799042	0.0256215387299	-0.0113833668998	1.0	-0.0498739413914	-0.00765425976734	-0.065643874704	0.0266215274309	0.00867276167759	0.015996436216	-0.0329804997854	-0.059219115847	-0.00427580727503	0.0174306891279	0.0241775026914	0.00803622030229	-0.0199686045623	-0.04614745079	0.0430240308725	0.0565919398312	-0.0290767184642	-0.00113536551091	-0.00868562106765	0.00625216954491	-0.0370448679742	-0.000712629769491	0.00624353849564	-0.0435866006499	-0.00333556873966	-0.0101108263478	0.0163503465478	-0.0526739865395	0.0575381965699	-0.0481126136274	0.0524294707951	-0.0423170664044	0.0209543228956	-0.0872756851778	-0.0406246910672
k__Bacteria;p__Firmicutes;c__Clostridia;o__Clostridiales;f__Oscillospiraceae;g__Oscillibacter;s__Oscillibacter_sp._KLE_1745	0.0290772917154	-0.034279475536	0.0480855344236	-0.0145971222493	-0.0226649857101	-0.0219980563438	-0.01235200064	-0.0762411077249	0.0544993447473	-0.0354950756853	-0.0194564865378	0.00886655481922	-0.0225615987637	-0.0067088717829	-0.0321485299822	0.00946353185222	0.0166708577762	-0.00146763809989	-0.0367922704546	-0.0147696939672	0.0139909418687	-0.071745558431	-0.000503377894344	-0.0498739413914	1.0	-0.0110569296865	-0.0224202700708	0.0223564607117	-0.0159932156925	0.0460215861839	0.000269874111261	-0.0123136393953	-0.00465234025462	0.0149241134016	-0.00616393509262	-0.0339699640948	-0.0266579858965	0.0314632744853	-0.0540637928843	0.0052006459743	0.0522201204417	-0.0192880560273	-0.0323976519562	-0.0206111305	-0.0413402966563	-0.0658562593164	-0.0542392986365	0.0523076238833	-0.00772454066422	-0.0521093081981	-0.026345314645	-0.0242394644297	0.0322153576712	-0.0717299564013	-0.0238927018886	0.0294210810648	-0.0192352067963	-0.0100916276497	-0.036799161583
k__Bacteria;p__Bacteroidetes;c__Bacteroidia;o__Bacteroidales;f__Bacteroidaceae;g__Bacteroides;s__Bacteroides_coprophilus	-0.0309292467676	-0.0187358674445	-0.00267095886034	0.0185689764673	-0.0370478152888	0.0664239692038	0.00903211714381	0.0185127595546	0.0318432704887	-0.0935871133102	0.0388266803255	0.0341202762041	-0.0416625328931	0.0217868332942	0.00202830148118	-0.0359142149851	-0.0672002126327	0.00638895330676	-0.0279753759103	0.0221924452863	-0.00377157642399	-0.0453990714836	-0.0354501870697	-0.00765425976734	-0.0110569296865	1.0	-0.0386278140808	-0.00711044207487	-0.0409477894817	-0.0174096621046	-0.0288649224512	0.00461421277151	0.0214713310088	0.0590552255042	0.0864792017677	-0.0626786843524	-0.0504189479502	-0.00724426328851	-0.0147187216152	0.00167674667435	0.0248126554478	0.00634512498788	0.00307930493481	-0.023515161235	-0.0163742267515	-0.0163052069864	0.0475752170847	-0.0250008796679	-0.0665309552805	-0.00169367594433	-0.00231116060756	0.0148516114443	-0.0401423054448	0.00413452528636	0.0140053408797	-0.0707424171148	-0.0282263888713	0.0688437465005	0.0358062229312
k__Bacteria;p__Firmicutes;c__Clostridia;o__Clostridiales;f__Lachnospiraceae;g__Roseburia;s__Roseburia_intestinalis	0.0280665564338	-0.00132070850285	0.0163533602315	-0.0081807582318	-0.0691754694909	-0.029569162252	-0.0118654870629	0.0233794681277	-0.0405780113431	0.0128844414452	-0.0333068111613	-0.012533997358	0.0474862955032	-0.0480263848445	0.00113869495018	-0.0475490875685	-0.0235721536003	0.00456757309503	0.0109431710735	0.00888529509131	0.00583045201482	0.037933391305	0.0450254716448	-0.065643874704	-0.0224202700708	-0.0386278140808	1.0	-0.0487530116212	0.0433028058232	0.00467990051289	-0.0273422878038	-0.0191168546568	-0.0531086471771	0.0172755856019	0.0204068021708	0.0373909383637	-0.0214397227451	-0.0471785294031	-0.0619527133896	-0.0358326611366	0.00821100701454	0.0098517001199	0.000811288567313	0.0342206759702	0.0177246352106	0.027171532519	-0.0784627079516	0.00112524964199	0.0153745647559	-0.0345303951994	-0.0079167596507	0.0252022103786	-0.00670718445472	-0.00915714677858	-0.0292353556209	-0.0511248876807	-0.0207628569095	0.0563623336389	-0.0318307165555
k__Bacteria;p__Firmicutes;c__Clostridia;o__Clostridiales;f__Lachnospiraceae;g__Roseburia;s__Roseburia_hominis	-0.015266240341	-0.0425028958867	-0.0339700378162	0.00683832700273	0.00829701064086	-0.00192097896999	-0.0516702499365	0.0165246023398	-0.0441000516532	-0.0177754298608	-0.0505239235278	-0.00811582210336	0.0241921751442	-0.0380360283378	-0.056126592097	0.0519823041462	-0.0357264897029	-0.0760633942608	-0.0732365455307	-0.0180488280043	0.0364826105578	-0.00431497208639	-0.0130293197334	0.0266215274309	0.0223564607117	-0.00711044207487	-0.0487530116212	1.0	0.0344175813171	0.0211946175427	0.0590050800765	3.74298820491e-05	0.0227250961312	-0.0404623490401	-0.0561852230866	-0.0210325058341	-0.0759278658615	-0.0254351607142	0.0844121483015	-0.032504719031	-0.0164713310359	0.0190089552447	-0.0231980419875	-0.0147043062	0.00688764945479	9.02749626272e-05	-0.0395651229891	-0.0314436956287	-0.00605975453049	-0.00933951534106	-0.0584359780804	0.0116495875284	0.0204657407349	-0.0212946740499	0.03447836173	-0.0599580725044	-0.018857408578	0.0634911092431	0.00811710613772
k__Bacteria;p__Bacteroidetes;c__Bacteroidia;o__Bacteroidales;f__Porphyromonadaceae;g__Parabacteroides;s__Parabacteroides_johnsonii	0.00930394194093	-0.0064738744403	0.0300160652405	0.0290300353634	-0.0079301321835	-0.102092953007	-0.0407478008395	-0.0174527531672	-0.0498849823956	-0.0645814387023	0.025391966753	-0.0111009917425	0.0107640528035	-0.0365341144833	0.0266840997582	-0.112308492401	0.0246085151348	-0.0479216421838	0.00446982960625	0.00800725651608	0.0174212985694	-0.00863734144184	0.0300914639944	0.00867276167759	-0.0159932156925	-0.0409477894817	0.0433028058232	0.0344175813171	1.0	0.0157752396735	0.0180206676447	0.0124322714831	-0.0232750260854	-0.0213521102429	0.0247312574931	-0.0113451842436	-0.00506867266769	0.0353162018055	-0.0349845143763	0.0128460993207	-0.0610274725818	0.0033916202865	0.00416023184377	-0.00258119676097	0.00601406742726	-0.0145858282848	0.0118012744241	-0.0107215736082	0.0752271763826	0.0131137765364	-0.0314546545463	-0.0115716875305	-0.00902792811662	-0.0152830884463	-0.0207244209865	-0.0290169096865	0.0105490321466	-0.0763053205086	0.0149030233958
k__Bacteria;p__Actinobacteria;c__Actinobacteria;o__Bifidobacteriales;f__Bifidobacteriaceae;g__Bifidobacterium;s__Bifidobacterium_longum	-0.0208559124524	0.0041048678439	-0.0278514479336	0.0397262243568	0.000700913503167	0.00126950282885	-0.0063156048809	-0.0289305261479	0.000731645255773	-0.0321560560907	0.00335473511485	0.0485669748561	0.012077490708	-0.0194859349478	0.00721502636584	0.0202399655031	0.00486291587361	0.0103653418223	0.00322166750642	-0.0552946351278	-0.0379053731074	0.00142747421624	0.00522404177691	0.015996436216	0.0460215861839	-0.0174096621046	0.00467990051289	0.0211946175427	0.0157752396735	1.0	-0.0290026558921	0.0176226727944	-0.0364449615348	-0.0719008346234	-0.00830459718879	-0.0415237694155	-0.024428780087	0.0251455021252	0.0524255830319	0.0381792762809	-0.030085365993	-0.0374123322897	0.100840133298	-0.0396652450444	-0.0807585776246	-0.0155931261378	0.0228963250408	-0.00305314132324	0.0141971959795	0.0238510203859	-0.0224267635655	0.016820990832	-0.0378117807667	-0.0696122109	0.0301573555266	0.0405200633498	-0.0728456377399	0.017633881651	0.0047417870896
