#taxonomy	k__Bacteria;p__Bacteroidetes;c__Bacteroidia;o__Bacteroidales;f__Bacteroidaceae;g__Bacteroides;s__Bacteroides_vulgatus	k__Bacteria;p__Bacteroidetes;c__Bacteroidia;o__Bacteroidales;f__Bacteroidaceae;g__Bacteroides;s__Bacteroides_uniformis	k__Bacteria;p__Bacteroidetes;c__Bacteroidia;o__Bacteroidales;f__Rikenellaceae;g__Alistipes;s__Alistipes_putredinis	k__Bacteria;p__Bacteroidetes;c__Bacteroidia;o__Bacteroidales;f__Prevotellaceae;g__Prevotella;s__Prevotella_copri	k__Bacteria;p__Bacteroidetes;c__Bacteroidia;o__Bacteroidales;f__Bacteroidaceae;g__Bacteroides;s__Bacteroides_stercoris	k__Bacteria;p__Bacteroidetes;c__Bacteroidia;o__Bacteroidales;f__Bacteroidaceae;g__Bacteroides;s__Bacteroides_ovatus	k__Bacteria;p__Bacteroidetes;c__Bacteroidia;o__Bacteroidales;f__Rikenellaceae;g__Alistipes;s__Alistipes_shahii	k__Bacteria;p__Firmicutes;c__Clostridia;o__Clostridiales;f__Ruminococcaceae;g__Faecalibacterium;s__Faecalibacterium_prausnitzii	k__Bacteria;p__Bacteroidetes;c__Bacteroidia;o__Bacteroidales;f__Rikenellaceae;g__Alistipes;s__Alistipes_finegoldii	k__Bacteria;p__Bacteroidetes;c__Bacteroidia;o__Bacteroidales;f__Porphyromonadaceae;g__Parabacteroides;s__Parabacteroides_distasonis	k__Bacteria;p__Bacteroidetes;c__Bacteroidia;o__Bacteroidales;f__Bacteroidaceae;g__Bacteroides;s__Bacteroides_thetaiotaomicron	k__Bacteria;p__Bacteroidetes;c__Bacteroidia;o__Bacteroidales;f__Bacteroidaceae;g__Bacteroides;s__Bacteroides_coprocola	k__Bacteria;p__Bacteroidetes;c__Bacteroidia;o__Bacteroidales;f__Bacteroidaceae;g__Bacteroides;s__Bacteroides_cellulosilyticus	k__Bacteria;p__Bacteroidetes;c__Bacteroidia;o__Bacteroidales;f__Rikenellaceae;g__Alistipes;s__Alistipes_obesi	k__Bacteria;p__Firmicutes;c__Clostridia;o__Clostridiales;f__Lachnospiraceae;g__;s__[Eubacterium]_rectale	k__Bacteria;p__Bacteroidetes;c__Bacteroidia;o__Bacteroidales;f__Bacteroidaceae;g__Bacteroides;s__Bacteroides_plebeius	k__Bacteria;p__Bacteroidetes;c__Bacteroidia;o__Bacteroidales;f__Bacteroidaceae;g__Bacteroides;s__Bacteroides_fragilis	k__Bacteria;p__Proteobacteria;c__Betaproteobacteria;o__Burkholderiales;f__Sutterellaceae;g__Sutterella;s__Sutterella_wadsworthensis	k__Bacteria;p__Bacteroidetes;c__Bacteroidia;o__Bacteroidales;f__Porphyromonadaceae;g__Barnesiella;s__Barnesiella_intestinihominis	k__Bacteria;p__Bacteroidetes;c__Bacteroidia;o__Bacteroidales;f__Odoribacteraceae;g__Odoribacter;s__Odoribacter_splanchnicus	k__Bacteria;p__Bacteroidetes;c__Bacteroidia;o__Bacteroidales;f__Bacteroidaceae;g__Bacteroides;s__Bacteroides_salyersiae	k__Bacteria;p__Firmicutes;c__Clostridia;o__Clostridiales;f__Ruminococcaceae;g__Ruminiclostridium;s__[Eubacterium]_siraeum	k__Bacteria;p__Proteobacteria;c__Betaproteobacteria;o__Burkholderiales;f__Sutterellaceae;g__Parasutterella;s__Parasutterella_excrementihominis	k__Bacteria;p__Actinobacteria;c__Actinobacteria;o__Bifidobacteriales;f__Bifidobacteriaceae;g__Bifidobacterium;s__Bifidobacterium_adolescentis	k__Bacteria;p__Firmicutes;c__Clostridia;o__Clostridiales;f__Oscillospiraceae;g__Oscillibacter;s__Oscillibacter_sp._KLE_1745	k__Bacteria;p__Bacteroidetes;c__Bacteroidia;o__Bacteroidales;f__Bacteroidaceae;g__Bacteroides;s__Bacteroides_coprophilus	k__Bacteria;p__Firmicutes;c__Clostridia;o__Clostridiales;f__Lachnospiraceae;g__Roseburia;s__Roseburia_intestinalis	k__Bacteria;p__Firmicutes;c__Clostridia;o__Clostridiales;f__Lachnospiraceae;g__Roseburia;s__Roseburia_hominis	k__Bacteria;p__Bacteroidetes;c__Bacteroidia;o__Bacteroidales;f__Porphyromonadaceae;g__Parabacteroides;s__Parabacteroides_johnsonii	k__Bacteria;p__Actinobacteria;c__Actinobacteria;o__Bifidobacteriales;f__Bifidobacteriaceae;g__Bifidobacterium;s__Bifidobacterium_longum	k__Bacteria;p__Firmicutes;c__Clostridia;o__Clostridiales;f__;g__Flavonifractor;s__Flavonifractor_plautii	k__Bacteria;p__Firmicutes;c__Clostridia;o__Clostridiales;f__Clostridiaceae;g__Clostridium;s__Clostridium_phoceensis	k__Bacteria;p__Verrucomicrobia;c__Verrucomicrobiae;o__Verrucomicrobiales;f__Akkermansiaceae;g__Akkermansia;s__Akkermansia_muciniphila	k__Bacteria;p__Bacteroidetes;c__Bacteroidia;o__Bacteroidales;f__Prevotellaceae;g__Paraprevotella;s__Paraprevotella_xylaniphila	k__Bacteria;p__Firmicutes;c__Clostridia;o__Clostridiales;f__Ruminococcaceae;g__Ruminococcus;s__Ruminococcus_callidus	k__Bacteria;p__Bacteroidetes;c__Bacteroidia;o__Bacteroidales;f__Rikenellaceae;g__Alistipes;s__Alistipes_senegalensis	k__Bacteria;p__Firmicutes;c__Clostridia;o__Clostridiales;f__Lachnospiraceae;g__Blautia;s__Blautia_sp._KLE_1732	k__Bacteria;p__Bacteroidetes;c__Bacteroidia;o__Bacteroidales;f__Bacteroidaceae;g__Bacteroides;s__Bacteroides_oleiciplenus	k__Bacteria;p__Firmicutes;c__Clostridia;o__Clostridiales;f__Ruminococcaceae;g__Ruminococcus;s__Ruminococcus_bicirculans	k__Bacteria;p__Bacteroidetes;c__Bacteroidia;o__Bacteroidales;f__Bacteroidaceae;g__Bacteroides;s__Bacteroides_fluxus	k__Bacteria;p__Bacteroidetes;c__Bacteroidia;o__Bacteroidales;f__Prevotellaceae;g__Prevotella;s__Prevotella_stercorea	k__Bacteria;p__Firmicutes;c__Clostridia;o__Clostridiales;f__Lachnospiraceae;g__Dorea;s__Dorea_longicatena	k__Bacteria;p__Firmicutes;c__Clostridia;o__Clostridiales;f__Eubacteriaceae;g__Eubacterium;s__[Eubacterium]_eligens	k__Bacteria;p__Firmicutes;c__Clostridia;o__Clostridiales;f__Ruminococcaceae;g__;s__Ruminococcaceae_bacterium_D16	k__Bacteria;p__Firmicutes;c__Clostridia;o__Clostridiales;f__Lachnospiraceae;g__Coprococcus;s__Coprococcus_comes	k__Bacteria;p__Proteobacteria;c__Gammaproteobacteria;o__Enterobacterales;f__Enterobacteriaceae;g__Escherichia;s__Escherichia_coli	k__Bacteria;p__Firmicutes;c__Clostridia;o__Clostridiales;f__Ruminococcaceae;g__Anaerotruncus;s__Anaerotruncus_colihominis	k__Bacteria;p__Firmicutes;c__Clostridia;o__Clostridiales;f__Lachnospiraceae;g__Blautia;s__Blautia_obeum	k__Bacteria;p__Bacteroidetes;c__Bacteroidia;o__Bacteroidales;f__Odoribacteraceae;g__Odoribacter;s__Odoribacter_laneus	k__Bacteria;p__Firmicutes;c__Clostridia;o__Clostridiales;f__Ruminococcaceae;g__Ruminiclostridium;s__[Clostridium]_leptum	k__Bacteria;p__Bacteroidetes;c__Bacteroidia;o__Bacteroidales;f__Porphyromonadaceae;g__Parabacteroides;s__Parabacteroides_goldsteinii	k__Bacteria;p__Firmicutes;c__Clostridia;o__Clostridiales;f__Lachnospiraceae;g__Anaerostipes;s__Anaerostipes_hadrus	k__Bacteria;p__Firmicutes;c__Clostridia;o__Clostridiales;f__Ruminococcaceae;g__Ruminococcus;s__Ruminococcus_lactaris	k__Bacteria;p__Firmicutes;c__Clostridia;o__Clostridiales;f__Clostridiaceae;g__Clostridium;s__Clostridium_sp._L2-50	k__Bacteria;p__Firmicutes;c__Clostridia;o__Clostridiales;f__Clostridiaceae;g__Clostridium;s__Clostridium_sp._M62/1	k__Bacteria;p__Firmicutes;c__Clostridia;o__Clostridiales;f__;g__Intestinimonas;s__Intestinimonas_butyriciproducens	k__Bacteria;p__Actinobacteria;c__Actinobacteria;o__Bifidobacteriales;f__Bifidobacteriaceae;g__Bifidobacterium;s__Bifidobacterium_bifidum	k__Bacteria;p__Firmicutes;c__Negativicutes;o__Veillonellales;f__Veillonellaceae;g__Dialister;s__Dialister_invisus	k__Bacteria;p__Bacteroidetes;c__Bacteroidia;o__Bacteroidales;f__Bacteroidaceae;g__Bacteroides;s__Bacteroides_salanitronis
k__Bacteria;p__Bacteroidetes;c__Bacteroidia;o__Bacteroidales;f__Bacteroidaceae;g__Bacteroides;s__Bacteroides_vulgatus	1.0	-0.00769501578423	-0.0361622307327	0.0444949568797	-0.0365800931801	-0.068007634649	-0.00468291249086	0.0146385993477	0.00319280858354	0.0174031165367	-0.0135288159399	-0.0140202834133	-0.0125182889919	0.0109316589497	0.0121998519645	-0.0254662483122	-0.0589601003593	0.0139805239561	-0.0108320331896	0.0705394658832	0.0252125249354	-0.0133856491554	0.0328759049048	-0.0603468312248	-0.067311024109	0.0148681947411	0.0221927007141	-0.00751285971341	0.0410652905635	-0.0541131757151	-0.0115901124194	0.00155763222484	-0.0767934352054	-0.0107016920659	-0.0348586572866	-0.0129079273783	0.0380592804872	-0.00230134326238	-0.033706660205	-0.0582228217477	-0.0467742695223	0.0311679080734	0.0128990795614	-0.0629101809918	-0.0323530668622	0.0150770175526	-0.0545402492585	-0.00445323629873	-0.0132232849689	0.0568575847077	-0.0520267409445	0.00863752624344	-0.0484474156178	0.0118436753665	9.41207395843e-05	-0.030319556667	-0.0120596965059	-0.00418833927087	0.0546300277368
k__Bacteria;p__Bacteroidetes;c__Bacteroidia;o__Bacteroidales;f__Bacteroidaceae;g__Bacteroides;s__Bacteroides_uniformis	-0.00769501578423	1.0	0.014801401165	-0.0281862581517	-0.0120948390931	-0.0142562326241	0.0265088157294	0.0187292820364	-0.00587120719724	-0.0198463786358	0.0141020803659	-0.0633520795106	0.0279360028803	0.00788063958781	-0.0125449483198	-0.0429780221006	0.0258741096038	-0.0301133275071	0.0258052056102	-0.00644484739463	0.0134785454189	-0.0282255003602	-0.0452941333552	0.0116817739524	0.0207869078999	0.0194825276126	-0.0216417957511	-0.0566118612783	-0.0333457349211	0.0438683835452	-0.0100582975029	-0.0480828388189	0.0412574224323	-0.079612098282	-0.026997833329	-0.0146889141764	-0.00619517101334	-0.0193957429019	-0.065183888394	-0.0026698288586	0.0232001110713	0.0076455500234	-0.045645688253	0.00289194604108	-0.0883674268965	0.0128187410522	0.00591111911584	-0.00778870977155	-0.0238338089278	-0.00352209419111	-0.0882128563278	-0.00124923223667	-0.00837900818613	0.0534138858754	-0.0121530605708	0.00386085370836	-0.0848648736649	0.0262908271577	-0.0208624526768
k__Bacteria;p__Bacteroidetes;c__Bacteroidia;o__Bacteroidales;f__Rikenellaceae;g__Alistipes;s__Alistipes_putredinis	-0.0361622307327	0.014801401165	1.0	-0.0235089380074	-0.0260447197166	-0.0197732573339	-0.0540226173126	-0.00384684370181	-0.0198480876457	-0.00888065524749	0.105530061632	-0.0274001378212	-0.0300289437264	0.0137583484724	-0.0370979877152	-0.00546543919905	-0.0332436248405	-0.0207390530856	0.0644231782488	0.0661497871393	0.016874804502	-0.000596238341239	-0.0170736393127	0.0119558170347	-0.0203165220427	0.00297245613071	-0.00994793558314	-0.0459464732265	0.0560927555187	-0.0373655716362	-0.0229083231002	0.0615121932636	0.0147120306201	0.00581221851972	0.0266715838247	0.0239345337654	-0.0381836384071	-0.0633479789395	-0.050200255881	-0.067570114685	-0.00827825101336	-0.00916658648447	0.00490822719442	-0.0423854529389	0.105728338605	0.0219355758839	0.0109786482163	-0.0601723343606	-0.0566644982357	0.0284649880307	-0.0259759757572	-0.000532776663413	0.05543373074	-0.0381928755082	-0.0345130715019	0.052083812497	0.0392044493147	-0.0486160604105	-0.0696925260817
k__Bacteria;p__Bacteroidetes;c__Bacteroidia;o__Bacteroidales;f__Prevotellaceae;g__Prevotella;s__Prevotella_copri	0.0444949568797	-0.0281862581517	-0.0235089380074	1.0	-0.0255427910276	-0.0114046270028	-0.0844971329928	0.00102746962079	-0.0209137945138	0.0400773293348	-0.0760254990543	0.0269256570943	0.0179412702834	-0.059717889663	0.015035084601	-0.0167004357207	-0.00418025136361	-0.046593060285	-0.0517376127731	-0.0756698617879	0.0329448714951	-0.0300485969228	-0.00417500187615	-0.00726643148489	-0.045812491671	0.0341600541474	-0.0431743596195	-0.0276754561119	-0.0392796292552	0.00645856489502	0.00357797917512	-0.0218705273106	0.00633605408527	0.00541608743109	-0.0460679027271	0.00925730101437	0.00263973072855	-0.0202842008963	-0.0281844092038	-0.08332970275	0.0442106488152	-0.035565117964	0.00768148446865	0.07718164309	0.058731801226	0.016821617671	-0.00655449770931	-0.0688921624059	-0.00337167065728	0.100246471648	0.00126225804275	-0.0341729687415	-0.0111429457785	-0.0650775754279	-0.0293266311181	0.00418016922752	-0.01101101274	-0.0794582829266	-0.00449898554991
k__Bacteria;p__Bacteroidetes;c__Bacteroidia;o__Bacteroidales;f__Bacteroidaceae;g__Bacteroides;s__Bacteroides_stercoris	-0.0365800931801	-0.0120948390931	-0.0260447197166	-0.0255427910276	1.0	-0.00156373108441	-0.0197458792724	0.0682494439883	0.0367601821031	-0.0239957488035	-0.0294528344337	-0.0278131010975	-0.0257828103261	0.0622796177133	-0.0679451660608	-0.0101119288896	0.0106645415252	-0.00926869807318	0.0642452687481	-0.0164487875735	0.00901785279297	0.00448935209014	-0.00106423223401	-0.0324172376449	-0.0316217585963	-0.0295674504362	-0.02338678283	0.0268933421926	-0.0679023057104	-0.0223869135648	0.05214865531	0.03322663556	0.00309314896058	-0.0749378111085	-0.0590033774194	0.0201005183403	-0.0137675276693	-0.0652727440375	-0.0234032406553	0.0256769150956	0.0150550894429	-0.0303916163843	-0.0306331507115	0.0078314094523	0.0506505460807	0.00891406202644	-0.0569467767473	0.00379928251191	0.0638717070359	-0.0483864768201	0.0652391478433	-0.00936360225266	-0.0296075772352	-0.0367610704046	-0.136967020217	-0.0192451034329	-0.0206858315011	0.0904718371198	0.0137668878351
k__Bacteria;p__Bacteroidetes;c__Bacteroidia;o__Bacteroidales;f__Bacteroidaceae;g__Bacteroides;s__Bacteroides_ovatus	-0.068007634649	-0.0142562326241	-0.0197732573339	-0.0114046270028	-0.00156373108441	1.0	-0.000361114263087	0.0116056562219	-0.0152824251144	0.0318437984563	0.0228796497408	-0.0289763945662	-0.0145572466189	-0.012244080297	-0.00786665118847	-0.0708252254715	0.0398575389246	0.0361525814435	0.0515318986055	0.00794886334788	-0.0020743815386	-0.021064679927	0.0325989380749	0.07091687868	0.0106590900908	-0.048941860997	-0.0224703332087	-0.0215036329715	0.0290751948601	-0.0343688366566	-0.0325952384169	-0.073652527501	-0.0110529215394	0.00721791228869	0.0300881047242	-0.034067343762	-0.0209332525119	-0.0235796671105	0.00371576905953	-0.0164319991738	-0.00871357802546	0.0306355822167	-0.014969905208	0.055704167778	0.0442205435741	0.0782155193496	-0.0183675410611	-0.0478395652958	-0.0792391499492	-0.017313029081	-0.00693974929475	-0.00798806259881	0.0211585202216	-0.0151918353379	-0.0280447909739	-0.0665536074949	-0.0163729318802	0.0139603801533	-0.0261463858306
k__Bacteria;p__Bacteroidetes;c__Bacteroidia;o__Bacteroidales;f__Rikenellaceae;g__Alistipes;s__Alistipes_shahii	-0.00468291249086	0.0265088157294	-0.0540226173126	-0.0844971329928	-0.0197458792724	-0.000361114263087	1.0	-0.0427945977935	0.0478670341154	0.00225783295058	0.00547930850092	-0.0480057710262	0.032027491943	-0.0272881950182	-0.0466681499586	0.0051919526096	0.00895664137789	-0.00551787872056	-0.00402794134378	-0.0681619245448	-0.0239794918881	0.014501870231	0.00664032931906	-0.0134987601464	-0.00828755460018	0.0385209131494	-0.0176978392614	-0.0327505831646	0.0167696836743	-0.00981523296391	-0.0115659220561	-0.00531512150775	-0.00292938136221	-0.0454554655472	-0.0777236484425	-0.08905353251	0.00183886566205	-0.0773408347433	-0.0766366522383	0.0488723114779	0.0359047917035	-0.021503931158	-0.0273196523294	-0.0286000956721	0.00134860472229	-0.0758594805398	0.00647641424122	0.0116524808104	-0.0211941600555	0.0254972543757	0.0391700678962	-0.112689328747	0.0545553101356	0.0655385477165	0.039726127257	-0.0227134220205	0.0350736837016	0.0714659426179	-0.020271521337
k__Bacteria;p__Firmicutes;c__Clostridia;o__Clostridiales;f__Ruminococcaceae;g__Faecalibacterium;s__Faecalibacterium_prausnitzii	0.0146385993477	0.0187292820364	-0.00384684370181	0.00102746962079	0.0682494439883	0.0116056562219	-0.0427945977935	1.0	-0.0181495749777	-0.0482862330645	-0.0453162234185	0.0189765487473	-0.0497230565057	-0.0407896287959	0.0027029179703	-0.0537297967554	-0.0932363042871	-0.00291373789654	-0.00379123544854	0.0453803029348	-0.00701198617479	-0.00179134176699	-0.0529570955689	0.0231437886676	-0.0338991169122	-0.0302610684029	0.0184508422311	0.00121616916881	0.0194111033558	-0.0400610637058	-0.0600233054031	0.0252189962344	0.0271330047891	-0.0304998708043	-0.00292481493116	-0.024881819095	0.0502967044928	-0.063453677517	-0.045897277663	-0.0144704256723	0.0132019395126	0.0251474465489	-0.0370205977021	-0.0195570768072	0.0449953123884	-0.0315211919488	0.0451836224214	-0.0345240157897	0.0320376092819	0.0354028547819	-0.0343921374665	0.0746535044985	-0.0444717766395	-0.0236353206835	-0.0186346653583	0.0107838177282	-0.0310669946793	-0.0438852257352	0.00967875170552
k__Bacteria;p__Bacteroidetes;c__Bacteroidia;o__Bacteroidales;f__Rikenellaceae;g__Alistipes;s__Alistipes_finegoldii	0.00319280858354	-0.00587120719724	-0.0198480876457	-0.0209137945138	0.0367601821031	-0.0152824251144	0.0478670341154	-0.0181495749777	1.0	0.0551539380116	-0.0470087656363	0.0755911795052	0.0492633144199	-0.0441998809693	0.0195908739486	0.0424379366234	-0.0192802339426	0.0299385601506	-0.0077456340602	-0.0427708042556	0.0299273058767	0.0438512358869	0.0491733904597	-0.0595921590097	0.0163491405813	0.0264243465913	-0.0414014115799	0.0144501779297	-0.00590743252268	-0.00484419236037	-0.00365144243611	-0.019427508577	0.056992913885	-0.00174013730258	0.0122799220883	0.0161034362467	-0.0191694508883	-0.0199394396615	0.0158703220008	0.0558019587599	-0.0143541821597	-0.0428950175818	0.0374348345644	-0.0192666212121	-0.0134203770772	-0.0699851811753	-0.0407848169186	-0.0460608992643	0.0301578761323	0.0197598676675	-0.0102769453346	-0.034205056139	0.0272808391334	-0.0939666453531	-0.0264512348511	-0.0276453697924	0.0281941561561	-0.0286850515963	-0.0143953324134
k__Bacteria;p__Bacteroidetes;c__Bacteroidia;o__Bacteroidales;f__Porphyromonadaceae;g__Parabacteroides;s__Parabacteroides_distasonis	0.0174031165367	-0.0198463786358	-0.00888065524749	0.0400773293348	-0.0239957488035	0.0318437984563	0.00225783295058	-0.0482862330645	0.0551539380116	1.0	-0.00955882735227	-0.0402457083248	-0.00195029874978	-0.0699909426341	-0.0180285014589	0.0178607696669	-0.00041771616274	-0.0787912633175	-0.0298067532329	0.00571531379365	0.0447456498643	-0.0696495263127	0.0590833319837	0.00525901956325	0.00460585075285	0.0218155800804	-0.0347893547135	-0.0059029718984	0.00531168091885	0.106479788523	-0.0463754584703	0.0721241414916	-0.0616679590904	-0.041348167189	0.0184779575417	0.0170502760241	-0.0657040785991	-0.0408126562463	0.0140728852002	-0.00913071968083	-0.0186916279401	0.0856729368246	0.0753960670667	0.037575273856	0.0297995044887	-0.0441952719047	-0.0363342006167	-0.0201401765294	-0.0313311753356	-0.00628050498141	-0.0600173269425	-0.0298407889858	0.0231317284224	-0.0832722071308	0.013659541642	-0.0474553593658	0.0282443004576	-0.000832076833331	-0.0145417210847
k__Bacteria;p__Bacteroidetes;c__Bacteroidia;o__Bacteroidales;f__Bacteroidaceae;g__Bacteroides;s__Bacteroides_thetaiotaomicron	-0.0135288159399	0.0141020803659	0.105530061632	-0.0760254990543	-0.0294528344337	0.0228796497408	0.00547930850092	-0.0453162234185	-0.0470087656363	-0.00955882735227	1.0	-0.0549454937583	-0.0374807282944	0.0241358368512	0.000828256260296	0.031975845091	-0.0480233564967	0.00703308696843	0.0125365829358	0.0224568762657	-0.0870300336059	-0.014886374666	-0.00878742662265	-0.0338235265913	-0.00689845462009	0.0296533034249	0.0278081830908	-0.0118414885849	0.0185745484626	-0.00449566462395	-0.00406632596136	-0.00579826786396	-0.0757549063657	-0.022241604126	-0.0131649422763	-0.0841790215386	-0.0462012413393	0.0155260350984	-0.0061588598364	-0.00546995276757	-0.0479153049692	-0.0317097568323	0.00099017701806	-0.00745958245649	-0.0160210775861	0.0539063125202	-0.0428223543135	0.0480432917805	0.00847352060192	-0.0483045146273	-0.0309758683675	-0.00182829209521	0.0217327722569	-0.0066467361232	-0.0343146881663	-0.0368370284036	-0.0832543683972	0.0434761945614	0.0357984118618
k__Bacteria;p__Bacteroidetes;c__Bacteroidia;o__Bacteroidales;f__Bacteroidaceae;g__Bacteroides;s__Bacteroides_coprocola	-0.0140202834133	-0.0633520795106	-0.0274001378212	0.0269256570943	-0.0278131010975	-0.0289763945662	-0.0480057710262	0.0189765487473	0.0755911795052	-0.0402457083248	-0.0549454937583	1.0	0.0361706022019	0.0260414922407	-0.0438858376088	-0.0342641005371	-0.00322235187645	-0.0161039686278	-2.06134405221e-05	-0.0464613984749	-0.00373550777069	0.0238283585499	0.0232654173948	-0.0156642574358	-0.0847035890283	-0.0123336846402	-0.000261302225053	0.0827666879319	-0.0678701919797	0.0742790915361	-0.0115199442848	-0.0353270920996	0.0170611225152	-0.0182433312633	0.0122148988009	0.0140323776885	0.00351497391165	0.0326316987583	-0.00291482632438	0.00517755946115	0.0331584082315	-0.0750372353185	0.0119431335704	0.00878695718897	0.0355301042666	-0.0316700847053	0.034287078107	0.0439613254483	0.030453529615	0.0161451860473	-0.104550290018	-0.0457844867342	0.0033510878539	-0.0350236147354	0.0446076722767	-0.101178135488	-2.52637913758e-06	-0.0438683190194	-0.0121989536714
k__Bacteria;p__Bacteroidetes;c__Bacteroidia;o__Bacteroidales;f__Bacteroidaceae;g__Bacteroides;s__Bacteroides_cellulosilyticus	-0.0125182889919	0.0279360028803	-0.0300289437264	0.0179412702834	-0.0257828103261	-0.0145572466189	0.032027491943	-0.0497230565057	0.0492633144199	-0.00195029874978	-0.0374807282944	0.0361706022019	1.0	0.0307763285984	-0.0733284200551	-0.0530844744792	-0.0479544827318	-0.0299059642466	-0.027065676334	-0.0505021864347	0.00367524423919	-0.0216452888738	0.0232475759066	-0.0546412911024	-0.0259254660965	-0.00595141091499	-0.0408495345547	-0.0296420205503	-0.0466420534943	-0.0141770681472	-0.0410025683301	-0.0783389312409	-0.0314469021357	0.0345256593544	-0.0331783637294	0.00192822179867	-0.03412601356	0.0160554229661	0.0166453389593	-0.0450479530148	-0.04737957703	-0.042516811841	0.000323829851505	0.000755072064838	0.0405844832726	0.0349595313992	-0.0236636964457	0.0260381047328	-0.00590359370374	0.0140875541047	0.0518645655667	0.0456771387396	-0.0262993019321	0.0141389907009	0.020253135137	0.0262175476907	0.00834839969874	0.0126004656945	-0.0293794381845
k__Bacteria;p__Bacteroidetes;c__Bacteroidia;o__Bacteroidales;f__Rikenellaceae;g__Alistipes;s__Alistipes_obesi	0.0109316589497	0.00788063958781	0.0137583484724	-0.059717889663	0.0622796177133	-0.012244080297	-0.0272881950182	-0.0407896287959	-0.0441998809693	-0.0699909426341	0.0241358368512	0.0260414922407	0.0307763285984	1.0	-0.0137191210414	0.0681127099533	-0.0606494815494	0.0175368359536	0.022089443774	-0.000111517523844	0.0556173659204	-0.0214328798955	-0.0235604751839	0.0123177761364	-0.0340300785018	-0.0141509806751	-0.036263078198	0.0191408522928	-0.00240165462161	0.0874893644869	-0.0267841211489	0.00438483884505	-0.0448102205461	0.00896539527617	0.0198152460516	-0.0198359698259	0.0168999153679	-0.000658765522639	-0.0864626556274	0.00476129084316	-0.0420358070247	0.0735844039795	-0.0189199519024	-0.0747306453755	-0.088494732726	0.0286637971207	0.0291852772886	0.0059739356152	-0.0151412920893	0.0121080881733	-0.0315474859526	0.0154566045159	0.018539958996	0.0100269534598	0.0142658926143	-0.00128986244578	-0.0997391463867	0.0173615881838	-0.0528900409381
k__Bacteria;p__Firmicutes;c__Clostridia;o__Clostridiales;f__Lachnospiraceae;g__;s__[Eubacterium]_rectale	0.0121998519645	-0.0125449483198	-0.0370979877152	0.015035084601	-0.0679451660608	-0.00786665118847	-0.0466681499586	0.0027029179703	0.0195908739486	-0.0180285014589	0.000828256260296	-0.0438858376088	-0.0733284200551	-0.0137191210414	1.0	0.00825635227082	0.0220295917943	0.0894577327377	-0.0323381098975	0.0799096403717	0.0191293037171	-0.0217500568159	-0.0178227001947	-0.0162556861853	-0.00271506120127	-0.0430718985259	-0.0296547379823	0.00922185873391	0.0219303802137	-0.0147288794454	0.00804069216258	-0.0487220045644	-0.00559117573594	0.0157395754253	-0.00441170530527	0.000150400364275	0.021595978977	0.0626924037279	-0.043517674622	0.0512528995009	-0.0563073531399	0.0326139996694	0.0493878023352	-0.0464056241879	0.0139581611593	0.0101692204642	-0.00764362467237	0.0189006736403	0.0361423619859	-0.0241560169218	0.00151534227957	-0.00148498542815	-0.0605301912351	-0.0352257628406	-0.0519346111324	0.0239701287189	0.0014304810182	-0.0143096573167	0.0366919331629
k__Bacteria;p__Bacteroidetes;c__Bacteroidia;o__Bacteroidales;f__Bacteroidaceae;g__Bacteroides;s__Bacteroides_plebeius	-0.0254662483122	-0.0429780221006	-0.00546543919905	-0.0167004357207	-0.0101119288896	-0.0708252254715	0.0051919526096	-0.0537297967554	0.0424379366234	0.0178607696669	0.031975845091	-0.0342641005371	-0.0530844744792	0.0681127099533	0.00825635227082	1.0	-0.00400094610786	0.00103744072683	-0.0121835501772	-0.0757325033595	-0.00607525641632	0.0378983353975	-0.0459129553722	0.0321073957841	0.0130254214995	-0.0215366578281	-0.00612901893229	0.0273259793322	-0.0476540637795	-0.00709994246543	-0.0279913769037	0.0187186525271	0.00967843457241	0.0385438192324	-0.105817625465	0.00345373540171	-0.0162323317826	-0.0642682456775	0.0264154557126	-0.0486200691813	0.049712605643	0.0278287087163	-0.00852952896399	0.0160007441843	0.0529595805179	-0.0142125263264	-0.0123181653938	-0.00610333156867	0.0776130122449	-0.00522252241965	0.0130577726289	0.0180702295867	-0.05320619822	-0.0266754062727	-0.0204591181755	-0.0175454877012	-0.0238884532096	0.0287023858829	0.0078304582144
k__Bacteria;p__Bacteroidetes;c__Bacteroidia;o__Bacteroidales;f__Bacteroidaceae;g__Bacteroides;s__Bacteroides_fragilis	-0.0589601003593	0.0258741096038	-0.0332436248405	-0.00418025136361	0.0106645415252	0.0398575389246	0.00895664137789	-0.0932363042871	-0.0192802339426	-0.00041771616274	-0.0480233564967	-0.00322235187645	-0.0479544827318	-0.0606494815494	0.0220295917943	-0.00400094610786	1.0	0.0169657978318	0.034601095572	0.031490831136	0.0396701307742	0.000167803967872	-0.0329397490463	-0.0161662733939	-0.00599543953997	-0.0152683762549	-0.0386746214578	-0.0192671780098	0.00488719351249	0.0237556786612	0.00265224847692	-0.0491860454985	0.000184154633218	0.0635011184208	-0.0424027226808	0.0214816216426	-0.0644305442078	-0.0270079297819	-0.0449107947934	0.0102401311639	-0.0563330496376	-0.0836306624728	-0.0151206034213	0.0243523233394	0.0159930640472	-0.051180012476	-0.0449983787718	0.00306294808157	-0.0448414829193	0.0662431609595	0.0241993203318	-0.0351387170912	0.0685124396642	-0.0477879007905	0.0074025117315	0.0549479596063	-0.0197002112541	0.0141346311478	0.0346258503511
k__Bacteria;p__Proteobacteria;c__Betaproteobacteria;o__Burkholderiales;f__Sutterellaceae;g__Sutterella;s__Sutterella_wadsworthensis	0.0139805239561	-0.0301133275071	-0.0207390530856	-0.046593060285	-0.00926869807318	0.0361525814435	-0.00551787872056	-0.00291373789654	0.0299385601506	-0.0787912633175	0.00703308696843	-0.0161039686278	-0.0299059642466	0.0175368359536	0.0894577327377	0.00103744072683	0.0169657978318	1.0	-0.0559588304469	-0.0337959151258	-0.00110890905062	0.018094008299	-0.0285979088762	0.0150572085724	-0.0529211972647	0.0480190052893	-0.0489172782189	-0.0495112545903	-0.0223468491309	-0.0409502905428	-0.0209775699664	0.035802905996	0.0395426279842	0.0496501515738	-0.0772924995729	-0.0392569247535	0.0031001047266	0.0103716806438	0.0143572298573	-0.0739013576113	0.0518267444292	-0.0283794149286	0.00670550566305	-0.047969663658	0.0128057632247	0.0453026429015	-0.0532220644748	-0.0090725170446	0.0128710849073	-0.0154323687136	-0.000191730220231	0.0201484226606	0.0243504443896	-0.0354921070908	0.00314358182726	0.000623097868097	-0.0350143725404	-0.0316631551453	-0.0482267348106
k__Bacteria;p__Bacteroidetes;c__Bacteroidia;o__Bacteroidales;f__Porphyromonadaceae;g__Barnesiella;s__Barnesiella_intestinihominis	-0.0108320331896	0.0258052056102	0.0644231782488	-0.0517376127731	0.0642452687481	0.0515318986055	-0.00402794134378	-0.00379123544854	-0.0077456340602	-0.0298067532329	0.0125365829358	-2.06134405221e-05	-0.027065676334	0.022089443774	-0.0323381098975	-0.0121835501772	0.034601095572	-0.0559588304469	1.0	-0.0603748484983	-0.0586111453411	-0.00453751091348	-0.0777002180397	-0.0275219272403	-0.0232824387168	-0.00137590456276	-0.0300359127067	0.0177876666912	-0.00427172134192	-0.0535505586935	0.0015822621482	-0.0299095539327	0.0337259686031	-0.00226875825605	-0.0243959856335	-0.0462462258625	0.0737060641532	-0.0165525592977	0.00308243298196	0.0213313779235	-0.0443206850704	-0.0715468838005	-0.0392716689678	0.0139044115495	-0.00798157161448	0.0233939441316	0.00198084996237	-0.0600736826987	0.012685278552	-0.0579718384347	0.0121944100306	0.000708585001948	-0.0181613908975	0.0151213138461	-0.0157258689923	-0.0331631000556	-0.0435435069757	0.00266957395915	-0.0666426095624
k__Bacteria;p__Bacteroidetes;c__Bacteroidia;o__Bacteroidales;f__Odoribacteraceae;g__Odoribacter;s__Odoribacter_splanchnicus	0.0705394658832	-0.00644484739463	0.0661497871393	-0.0756698617879	-0.0164487875735	0.00794886334788	-0.0681619245448	0.0453803029348	-0.0427708042556	0.00571531379365	0.0224568762657	-0.0464613984749	-0.0505021864347	-0.000111517523844	0.0799096403717	-0.0757325033595	0.031490831136	-0.0337959151258	-0.0603748484983	1.0	-0.00142407668179	-0.0617599337675	0.0400605616114	-0.0236012504541	-0.039743900254	-0.0413334600041	-0.0177197888784	0.0208225082218	-0.0362073247527	-0.0196739088039	0.0378138130907	0.0241718330997	-0.0673581833268	0.00963248480326	0.0275628747005	0.00786430151433	-0.0911734318599	-0.115769899816	0.0230673062211	0.0222326024967	-0.0456252469899	-0.00308275803864	-0.052516570777	-0.0154628589417	0.0175904429346	-0.0735609307174	0.0262523207641	0.029538024084	0.0330082195427	-0.0471630482314	-0.0131148572707	-0.0125005962705	0.0594447537611	0.04031319868	-0.0012770238827	0.0006184263304	-0.00464551829501	-0.00208245573061	-0.000503420430883
k__Bacteria;p__Bacteroidetes;c__Bacteroidia;o__Bacteroidales;f__Bacteroidaceae;g__Bacteroides;s__Bacteroides_salyersiae	0.0252125249354	0.0134785454189	0.016874804502	0.0329448714951	0.00901785279297	-0.0020743815386	-0.0239794918881	-0.00701198617479	0.0299273058767	0.0447456498643	-0.0870300336059	-0.00373550777069	0.00367524423919	0.0556173659204	0.0191293037171	-0.00607525641632	0.0396701307742	-0.00110890905062	-0.0586111453411	-0.00142407668179	1.0	0.00582927173384	0.0320599143378	-0.0216618871715	-0.0412554447246	-0.0805382599406	0.00180432961757	-0.0299836525298	-0.0295830319477	-0.0849874278772	-0.00266348369639	-0.0231125154559	-0.053474671016	0.0562380209431	0.0937420535757	-0.0688053745355	0.0042753255109	-0.0200546186398	0.0262884378258	0.0246341061147	-0.0539868225212	0.0325789536389	-0.00181593535101	0.0520092819325	-0.0442075035307	0.0244885557398	-0.0187550005136	-0.0534523727713	-0.00521893937001	-0.0208360684166	-0.0500384926747	-0.0252236094842	-0.0415579991493	0.0273798153964	-0.0257444130004	-0.0380161804841	-0.0496629263178	-0.0353597365477	-0.0293219540999
k__Bacteria;p__Firmicutes;c__Clostridia;o__Clostridiales;f__Ruminococcaceae;g__Ruminiclostridium;s__[Eubacterium]_siraeum	-0.0133856491554	-0.0282255003602	-0.000596238341239	-0.0300485969228	0.00448935209014	-0.021064679927	0.014501870231	-0.00179134176699	0.0438512358869	-0.0696495263127	-0.014886374666	0.0238283585499	-0.0216452888738	-0.0214328798955	-0.0217500568159	0.0378983353975	0.000167803967872	0.018094008299	-0.00453751091348	-0.0617599337675	0.00582927173384	1.0	-0.0444146212196	-0.0246691992808	-0.00470202161872	-0.00839278202222	0.0136459404121	0.00770504878733	0.0154385457367	-0.128749100672	0.00709476117064	-0.00161387947061	0.0448074392505	-0.037424125577	0.0477516580785	0.0377069116736	-0.0590259353693	-0.0306336942438	-0.00526096450886	0.0302734475857	-0.0133022343212	-0.0167804623235	-0.0945316897203	0.0374252908293	-0.0287807749785	0.0418399147176	-0.0387054857403	-0.0625584510158	0.00641715788539	-0.0473639587147	-0.046551838839	0.0611077148311	-0.0411427430202	-0.0109280688211	0.0018909872375	-0.0852752236523	-0.04276033368	-0.0656846394319	-0.0174929631075
k__Bacteria;p__Proteobacteria;c__Betaproteobacteria;o__Burkholderiales;f__Sutterellaceae;g__Parasutterella;s__Parasutterella_excrementihominis	0.0328759049048	-0.0452941333552	-0.0170736393127	-0.00417500187615	-0.00106423223401	0.0325989380749	0.00664032931906	-0.0529570955689	0.0491733904597	0.0590833319837	-0.00878742662265	0.0232654173948	0.0232475759066	-0.0235604751839	-0.0178227001947	-0.0459129553722	-0.0329397490463	-0.0285979088762	-0.0777002180397	0.0400605616114	0.0320599143378	-0.0444146212196	1.0	-0.0441292757661	0.0290179767298	0.00996677799923	0.0151909958359	-0.0691035473711	-0.00771984500365	-0.00278526604877	0.0588780654383	0.0628974525539	-0.0188873529098	0.0183971168498	0.0122728154163	0.028739158725	-0.060802314933	0.013743784192	0.0301334331148	-0.0245014240721	-0.0223783523801	-0.0310566091918	-0.0449003593051	0.045274486732	0.00404918250377	0.021221153129	-0.0101069877711	-0.00478533042961	-0.0199697359631	-0.0364873688537	0.0184070505811	-0.0641718374572	-0.0828007279035	-0.028847218037	0.0442430945579	-0.0212640914294	0.078035806533	0.0215915431426	-0.067260565672
k__Bacteria;p__Actinobacteria;c__Actinobacteria;o__Bifidobacteriales;f__Bifidobacteriaceae;g__Bifidobacterium;s__Bifidobacterium_adolescentis	-0.0603468312248	0.0116817739524	0.0119558170347	-0.00726643148489	-0.0324172376449	0.07091687868	-0.0134987601464	0.0231437886676	-0.0595921590097	0.00525901956325	-0.0338235265913	-0.0156642574358	-0.0546412911024	0.0123177761364	-0.0162556861853	0.0321073957841	-0.0161662733939	0.0150572085724	-0.0275219272403	-0.0236012504541	-0.0216618871715	-0.0246691992808	-0.0441292757661	1.0	0.00290473304562	-0.0797927460174	0.00788623704039	-0.0216755772698	0.0261056965358	-0.023180817228	0.00675564878352	-0.023297604541	-0.00834223414884	0.0299408349222	-0.0620422145053	0.0546778523745	0.0172909754016	-0.00793091372412	-0.0133290942177	-0.00483996458731	-0.0258633939907	0.0474107069007	0.0579630705606	0.0436076476042	-0.0540940194916	0.0707473898342	0.000200865721973	-0.0339981755193	0.0355500962004	-0.0270369740608	-0.00639352906499	0.00802063717953	-0.0590640860682	0.0407287615992	-0.00578358585149	-0.0647985732732	0.0310117690689	0.0428267018406	0.00061509317689
k__Bacteria;p__Firmicutes;c__Clostridia;o__Clostridiales;f__Oscillospiraceae;g__Oscillibacter;s__Oscillibacter_sp._KLE_1745	-0.067311024109	0.0207869078999	-0.0203165220427	-0.045812491671	-0.0316217585963	0.0106590900908	-0.00828755460018	-0.0338991169122	0.0163491405813	0.00460585075285	-0.00689845462009	-0.0847035890283	-0.0259254660965	-0.0340300785018	-0.00271506120127	0.0130254214995	-0.00599543953997	-0.0529211972647	-0.0232824387168	-0.039743900254	-0.0412554447246	-0.00470202161872	0.0290179767298	0.00290473304562	1.0	0.00574659179847	0.00459173793846	0.00843090394261	0.0140904718981	0.00275012121434	-0.0436702468406	0.0512448003158	-0.0429597065477	-0.0154982481174	0.010799809564	-0.0101081845606	-0.0210361219672	-0.015896436077	0.0136506966618	0.0214229444891	-0.0431206843568	0.0179465684689	0.0360341278907	-0.0480527047021	-0.0353288229772	-0.0128529906709	-0.0269226822578	-0.0167819637764	0.0547205861266	-0.0370473044902	-0.0220726292535	0.0240525041764	-0.0772233286	0.0183194511422	0.0123199287361	-0.0292385529344	0.000815972149361	0.0415601600979	-0.0359704126351
k__Bacteria;p__Bacteroidetes;c__Bacteroidia;o__Bacteroidales;f__Bacteroidaceae;g__Bacteroides;s__Bacteroides_coprophilus	0.0148681947411	0.0194825276126	0.00297245613071	0.0341600541474	-0.0295674504362	-0.048941860997	0.0385209131494	-0.0302610684029	0.0264243465913	0.0218155800804	0.0296533034249	-0.0123336846402	-0.00595141091499	-0.0141509806751	-0.0430718985259	-0.0215366578281	-0.0152683762549	0.0480190052893	-0.00137590456276	-0.0413334600041	-0.0805382599406	-0.00839278202222	0.00996677799923	-0.0797927460174	0.00574659179847	1.0	-0.0203031004396	-0.041632510306	-0.0343099042185	0.0837856255443	-0.0290329338897	-0.0134613406733	-0.00636687949362	-0.0197651495667	-0.0610599077733	0.00896247432721	0.0407920824139	-0.0105297132048	-0.0397303348303	0.0466062047723	0.0186426666618	-0.0441289457842	0.00244434446311	0.0131155092744	0.0641847516838	-0.0199712990776	-0.071118263581	-0.0844816811878	-0.0163552062621	-0.00301401297453	0.0157564726024	0.0747350895476	0.0313387628352	0.0326208372095	0.0323533279252	-0.0123996873701	-0.0529477590556	-0.0222309562339	-0.0399960665764
k__Bacteria;p__Firmicutes;c__Clostridia;o__Clostridiales;f__Lachnospiraceae;g__Roseburia;s__Roseburia_intestinalis	0.0221927007141	-0.0216417957511	-0.00994793558314	-0.0431743596195	-0.02338678283	-0.0224703332087	-0.0176978392614	0.0184508422311	-0.0414014115799	-0.0347893547135	0.0278081830908	-0.000261302225053	-0.0408495345547	-0.036263078198	-0.0296547379823	-0.00612901893229	-0.0386746214578	-0.0489172782189	-0.0300359127067	-0.0177197888784	0.00180432961757	0.0136459404121	0.0151909958359	0.00788623704039	0.00459173793846	-0.0203031004396	1.0	0.00173198231954	0.0822214045172	-0.025384155627	0.00842860136016	-0.0152506750301	-0.0124271167238	-0.0150860886989	-0.0331559348985	-0.0111119883159	0.00106511770235	-0.00539889192389	-0.0257837204075	0.050196969308	-0.0351470141713	-0.0102974122802	0.0105922708466	-0.0214674579944	-0.0233477785018	-0.0444221535518	-0.0362671475307	0.0126602758574	-0.0035349472298	0.0355493708261	-0.0732898612135	0.0351874922133	-0.0113397021056	-0.0270891325148	-0.000943063106844	-0.0192739292381	-0.0486075621305	-0.0122770237211	-0.0319557738198
k__Bacteria;p__Firmicutes;c__Clostridia;o__Clostridiales;f__Lachnospiraceae;g__Roseburia;s__Roseburia_hominis	-0.00751285971341	-0.0566118612783	-0.0459464732265	-0.0276754561119	0.0268933421926	-0.0215036329715	-0.0327505831646	0.00121616916881	0.0144501779297	-0.0059029718984	-0.0118414885849	0.0827666879319	-0.0296420205503	0.0191408522928	0.00922185873391	0.0273259793322	-0.0192671780098	-0.0495112545903	0.0177876666912	0.0208225082218	-0.0299836525298	0.00770504878733	-0.0691035473711	-0.0216755772698	0.00843090394261	-0.041632510306	0.00173198231954	1.0	-0.0151901769573	-0.0184109240377	-0.0239118964915	-0.0496870139552	0.0733158789618	0.0184832352804	-0.0069894921054	-0.0310399551572	-0.00799746829627	0.00538394630384	-0.0433917144001	-0.0298983493538	-0.0251871893306	0.0376647945082	0.0490398360607	-0.0294971008123	0.0300942878715	-0.0524163599867	-0.0397656341911	0.016881270825	0.0121448918863	-0.0528414838325	-0.0117402828194	-0.0055112077839	0.00108099067046	-0.00115401330295	0.000315193544602	-0.0820675275603	-0.00515067273084	0.00698648557801	-0.0294633237464
k__Bacteria;p__Bacteroidetes;c__Bacteroidia;o__Bacteroidales;f__Porphyromonadaceae;g__Parabacteroides;s__Parabacteroides_johnsonii	0.0410652905635	-0.0333457349211	0.0560927555187	-0.0392796292552	-0.0679023057104	0.0290751948601	0.0167696836743	0.0194111033558	-0.00590743252268	0.00531168091885	0.0185745484626	-0.0678701919797	-0.0466420534943	-0.00240165462161	0.0219303802137	-0.0476540637795	0.00488719351249	-0.0223468491309	-0.00427172134192	-0.0362073247527	-0.0295830319477	0.0154385457367	-0.00771984500365	0.0261056965358	0.0140904718981	-0.0343099042185	0.0822214045172	-0.0151901769573	1.0	-0.030548449491	-0.00898452164411	-0.0559148757367	0.0787087580968	-0.0223681670575	-0.0459692532638	0.0047308619009	0.0678152327593	-0.021835295912	-0.00310761511093	0.0469524235926	-0.0591907585615	-0.0341985301932	-0.0574321596988	-0.109352443201	-0.0234930678735	0.0156851598491	0.00138310372235	-0.0191345794758	-0.00701196361156	-0.0475257258099	-0.0338428647169	0.0111638352552	0.0346718084687	-0.0573510326102	0.0420613823445	-0.0431100156361	0.00141966500461	-0.0142149073963	0.0101024045683
k__Bacteria;p__Actinobacteria;c__Actinobacteria;o__Bifidobacteriales;f__Bifidobacteriaceae;g__Bifidobacterium;s__Bifidobacterium_longum	-0.0541131757151	0.0438683835452	-0.0373655716362	0.00645856489502	-0.0223869135648	-0.0343688366566	-0.00981523296391	-0.0400610637058	-0.00484419236037	0.106479788523	-0.00449566462395	0.0742790915361	-0.0141770681472	0.0874893644869	-0.0147288794454	-0.00709994246543	0.0237556786612	-0.0409502905428	-0.0535505586935	-0.0196739088039	-0.0849874278772	-0.128749100672	-0.00278526604877	-0.023180817228	0.00275012121434	0.0837856255443	-0.025384155627	-0.0184109240377	-0.030548449491	1.0	-0.0706613822331	0.0319804500267	-0.0165754099412	0.0348187597862	-0.0220606574256	-0.00945546564072	-0.0127924410091	-0.00994728115354	-0.0452180978844	0.0439848170455	-0.0184173896594	-0.000443554446703	-0.0446569096619	-0.0300551145519	-0.0600092589406	0.0106521884101	0.0338523550447	-0.0284008233303	-0.0171893610869	0.0183172836989	-0.0380548972277	-0.0348932027286	-0.118933920717	-0.00916685184663	-0.061586670368	-0.0594811346666	-0.0519368057277	-0.017096414028	-0.000566672951679
