#taxonomy	k__Bacteria;p__Bacteroidetes;c__Bacteroidia;o__Bacteroidales;f__Bacteroidaceae;g__Bacteroides;s__Bacteroides_vulgatus	k__Bacteria;p__Bacteroidetes;c__Bacteroidia;o__Bacteroidales;f__Bacteroidaceae;g__Bacteroides;s__Bacteroides_uniformis	k__Bacteria;p__Bacteroidetes;c__Bacteroidia;o__Bacteroidales;f__Rikenellaceae;g__Alistipes;s__Alistipes_putredinis	k__Bacteria;p__Bacteroidetes;c__Bacteroidia;o__Bacteroidales;f__Prevotellaceae;g__Prevotella;s__Prevotella_copri	k__Bacteria;p__Bacteroidetes;c__Bacteroidia;o__Bacteroidales;f__Bacteroidaceae;g__Bacteroides;s__Bacteroides_stercoris	k__Bacteria;p__Bacteroidetes;c__Bacteroidia;o__Bacteroidales;f__Bacteroidaceae;g__Bacteroides;s__Bacteroides_ovatus	k__Bacteria;p__Bacteroidetes;c__Bacteroidia;o__Bacteroidales;f__Rikenellaceae;g__Alistipes;s__Alistipes_shahii	k__Bacteria;p__Firmicutes;c__Clostridia;o__Clostridiales;f__Ruminococcaceae;g__Faecalibacterium;s__Faecalibacterium_prausnitzii	k__Bacteria;p__Bacteroidetes;c__Bacteroidia;o__Bacteroidales;f__Rikenellaceae;g__Alistipes;s__Alistipes_finegoldii	k__Bacteria;p__Bacteroidetes;c__Bacteroidia;o__Bacteroidales;f__Porphyromonadaceae;g__Parabacteroides;s__Parabacteroides_distasonis	k__Bacteria;p__Bacteroidetes;c__Bacteroidia;o__Bacteroidales;f__Bacteroidaceae;g__Bacteroides;s__Bacteroides_thetaiotaomicron	k__Bacteria;p__Bacteroidetes;c__Bacteroidia;o__Bacteroidales;f__Bacteroidaceae;g__Bacteroides;s__Bacteroides_coprocola	k__Bacteria;p__Bacteroidetes;c__Bacteroidia;o__Bacteroidales;f__Bacteroidaceae;g__Bacteroides;s__Bacteroides_cellulosilyticus	k__Bacteria;p__Bacteroidetes;c__Bacteroidia;o__Bacteroidales;f__Rikenellaceae;g__Alistipes;s__Alistipes_obesi	k__Bacteria;p__Firmicutes;c__Clostridia;o__Clostridiales;f__Lachnospiraceae;g__;s__[Eubacterium]_rectale	k__Bacteria;p__Bacteroidetes;c__Bacteroidia;o__Bacteroidales;f__Bacteroidaceae;g__Bacteroides;s__Bacteroides_plebeius	k__Bacteria;p__Bacteroidetes;c__Bacteroidia;o__Bacteroidales;f__Bacteroidaceae;g__Bacteroides;s__Bacteroides_fragilis	k__Bacteria;p__Proteobacteria;c__Betaproteobacteria;o__Burkholderiales;f__Sutterellaceae;g__Sutterella;s__Sutterella_wadsworthensis	k__Bacteria;p__Bacteroidetes;c__Bacteroidia;o__Bacteroidales;f__Porphyromonadaceae;g__Barnesiella;s__Barnesiella_intestinihominis	k__Bacteria;p__Bacteroidetes;c__Bacteroidia;o__Bacteroidales;f__Odoribacteraceae;g__Odoribacter;s__Odoribacter_splanchnicus	k__Bacteria;p__Bacteroidetes;c__Bacteroidia;o__Bacteroidales;f__Bacteroidaceae;g__Bacteroides;s__Bacteroides_salyersiae	k__Bacteria;p__Firmicutes;c__Clostridia;o__Clostridiales;f__Ruminococcaceae;g__Ruminiclostridium;s__[Eubacterium]_siraeum	k__Bacteria;p__Proteobacteria;c__Betaproteobacteria;o__Burkholderiales;f__Sutterellaceae;g__Parasutterella;s__Parasutterella_excrementihominis	k__Bacteria;p__Actinobacteria;c__Actinobacteria;o__Bifidobacteriales;f__Bifidobacteriaceae;g__Bifidobacterium;s__Bifidobacterium_adolescentis	k__Bacteria;p__Firmicutes;c__Clostridia;o__Clostridiales;f__Oscillospiraceae;g__Oscillibacter;s__Oscillibacter_sp._KLE_1745	k__Bacteria;p__Bacteroidetes;c__Bacteroidia;o__Bacteroidales;f__Bacteroidaceae;g__Bacteroides;s__Bacteroides_coprophilus	k__Bacteria;p__Firmicutes;c__Clostridia;o__Clostridiales;f__Lachnospiraceae;g__Roseburia;s__Roseburia_intestinalis	k__Bacteria;p__Firmicutes;c__Clostridia;o__Clostridiales;f__Lachnospiraceae;g__Roseburia;s__Roseburia_hominis	k__Bacteria;p__Bacteroidetes;c__Bacteroidia;o__Bacteroidales;f__Porphyromonadaceae;g__Parabacteroides;s__Parabacteroides_johnsonii	k__Bacteria;p__Actinobacteria;c__Actinobacteria;o__Bifidobacteriales;f__Bifidobacteriaceae;g__Bifidobacterium;s__Bifidobacterium_longum	k__Bacteria;p__Firmicutes;c__Clostridia;o__Clostridiales;f__;g__Flavonifractor;s__Flavonifractor_plautii	k__Bacteria;p__Firmicutes;c__Clostridia;o__Clostridiales;f__Clostridiaceae;g__Clostridium;s__Clostridium_phoceensis	k__Bacteria;p__Verrucomicrobia;c__Verrucomicrobiae;o__Verrucomicrobiales;f__Akkermansiaceae;g__Akkermansia;s__Akkermansia_muciniphila	k__Bacteria;p__Bacteroidetes;c__Bacteroidia;o__Bacteroidales;f__Prevotellaceae;g__Paraprevotella;s__Paraprevotella_xylaniphila	k__Bacteria;p__Firmicutes;c__Clostridia;o__Clostridiales;f__Ruminococcaceae;g__Ruminococcus;s__Ruminococcus_callidus	k__Bacteria;p__Bacteroidetes;c__Bacteroidia;o__Bacteroidales;f__Rikenellaceae;g__Alistipes;s__Alistipes_senegalensis	k__Bacteria;p__Firmicutes;c__Clostridia;o__Clostridiales;f__Lachnospiraceae;g__Blautia;s__Blautia_sp._KLE_1732	k__Bacteria;p__Bacteroidetes;c__Bacteroidia;o__Bacteroidales;f__Bacteroidaceae;g__Bacteroides;s__Bacteroides_oleiciplenus	k__Bacteria;p__Firmicutes;c__Clostridia;o__Clostridiales;f__Ruminococcaceae;g__Ruminococcus;s__Ruminococcus_bicirculans	k__Bacteria;p__Bacteroidetes;c__Bacteroidia;o__Bacteroidales;f__Bacteroidaceae;g__Bacteroides;s__Bacteroides_fluxus	k__Bacteria;p__Bacteroidetes;c__Bacteroidia;o__Bacteroidales;f__Prevotellaceae;g__Prevotella;s__Prevotella_stercorea	k__Bacteria;p__Firmicutes;c__Clostridia;o__Clostridiales;f__Lachnospiraceae;g__Dorea;s__Dorea_longicatena	k__Bacteria;p__Firmicutes;c__Clostridia;o__Clostridiales;f__Eubacteriaceae;g__Eubacterium;s__[Eubacterium]_eligens	k__Bacteria;p__Firmicutes;c__Clostridia;o__Clostridiales;f__Ruminococcaceae;g__;s__Ruminococcaceae_bacterium_D16	k__Bacteria;p__Firmicutes;c__Clostridia;o__Clostridiales;f__Lachnospiraceae;g__Coprococcus;s__Coprococcus_comes	k__Bacteria;p__Proteobacteria;c__Gammaproteobacteria;o__Enterobacterales;f__Enterobacteriaceae;g__Escherichia;s__Escherichia_coli	k__Bacteria;p__Firmicutes;c__Clostridia;o__Clostridiales;f__Ruminococcaceae;g__Anaerotruncus;s__Anaerotruncus_colihominis	k__Bacteria;p__Firmicutes;c__Clostridia;o__Clostridiales;f__Lachnospiraceae;g__Blautia;s__Blautia_obeum	k__Bacteria;p__Bacteroidetes;c__Bacteroidia;o__Bacteroidales;f__Odoribacteraceae;g__Odoribacter;s__Odoribacter_laneus	k__Bacteria;p__Firmicutes;c__Clostridia;o__Clostridiales;f__Ruminococcaceae;g__Ruminiclostridium;s__[Clostridium]_leptum	k__Bacteria;p__Bacteroidetes;c__Bacteroidia;o__Bacteroidales;f__Porphyromonadaceae;g__Parabacteroides;s__Parabacteroides_goldsteinii	k__Bacteria;p__Firmicutes;c__Clostridia;o__Clostridiales;f__Lachnospiraceae;g__Anaerostipes;s__Anaerostipes_hadrus	k__Bacteria;p__Firmicutes;c__Clostridia;o__Clostridiales;f__Ruminococcaceae;g__Ruminococcus;s__Ruminococcus_lactaris	k__Bacteria;p__Firmicutes;c__Clostridia;o__Clostridiales;f__Clostridiaceae;g__Clostridium;s__Clostridium_sp._L2-50	k__Bacteria;p__Firmicutes;c__Clostridia;o__Clostridiales;f__Clostridiaceae;g__Clostridium;s__Clostridium_sp._M62/1	k__Bacteria;p__Firmicutes;c__Clostridia;o__Clostridiales;f__;g__Intestinimonas;s__Intestinimonas_butyriciproducens	k__Bacteria;p__Actinobacteria;c__Actinobacteria;o__Bifidobacteriales;f__Bifidobacteriaceae;g__Bifidobacterium;s__Bifidobacterium_bifidum	k__Bacteria;p__Firmicutes;c__Negativicutes;o__Veillonellales;f__Veillonellaceae;g__Dialister;s__Dialister_invisus	k__Bacteria;p__Bacteroidetes;c__Bacteroidia;o__Bacteroidales;f__Bacteroidaceae;g__Bacteroides;s__Bacteroides_salanitronis
k__Bacteria;p__Bacteroidetes;c__Bacteroidia;o__Bacteroidales;f__Bacteroidaceae;g__Bacteroides;s__Bacteroides_vulgatus	1.0	0.00812987900915	-0.0343607506607	0.0150530909518	0.0138039817985	-0.0135500953788	-0.0340763111961	-0.0154665462873	0.0635655464574	0.0137967654157	-0.0370524527182	-0.0446312128049	0.0410663689464	-0.0745921863284	-0.00525606434947	-0.0419198136418	0.058462855327	0.0201011732879	-0.02794382778	0.0140625366803	-0.048822632383	0.023417284963	0.0710300317476	0.0228107637798	-0.00933622436986	-0.0235562868387	0.00366909565955	-0.028684185398	-0.0254424888138	-0.00930654225053	0.0445038012316	-0.0252859902399	-0.0319175190907	-0.0192276834404	-0.0110958562077	0.0279996142998	0.0161822318449	0.00715037837095	-0.0194216578205	0.00728742349008	-0.0617085832867	-0.0968368786282	0.00177813979284	0.0868666828349	-0.0159787757136	0.00452417519078	-0.00765228827955	-0.0103252691154	-0.0220355908807	-0.0160982406479	0.0346083336694	-0.0344101474158	-0.0434795029166	0.00238578382929	0.0146173799834	-0.0535237380289	-0.0317595647012	0.0239767579207	-0.0638735161604
k__Bacteria;p__Bacteroidetes;c__Bacteroidia;o__Bacteroidales;f__Bacteroidaceae;g__Bacteroides;s__Bacteroides_uniformis	0.00812987900915	1.0	-0.0292598325432	0.0373448646014	0.0695781462956	0.0510492989607	-0.0229023496184	0.0132757783111	-0.0252776351481	-0.0196425884542	-0.0332078013112	-0.0555149020374	0.0407979120642	0.052960699805	-0.0408497962362	-0.0402021156009	0.0190864600756	0.0373242687166	0.0405086612545	0.0153344271437	-0.0579586476383	0.0511883279189	-0.0141561847812	-0.0145104881304	-0.0278468674747	0.0221419053051	-0.0167716830565	-0.046611599344	-0.0161976677931	-0.00828666780874	-0.0501468396358	-0.0101598920204	0.0514691720318	0.100437788539	0.0154049756476	0.0222904471501	-0.059727171965	-0.0671499364504	-0.00640389052644	-0.10206147349	0.0536829809324	-0.0922402740057	0.0291817314657	-0.0266206209943	0.0224848882817	0.00583944549374	0.0217578761677	-0.00273781799747	-0.0373808637804	0.0106996354161	-0.0686533706228	-0.0045644949117	-0.0194960926699	0.008075276067	-0.000872520295448	-0.041864496755	-0.0478750578106	0.0184946817372	-0.0667033222431
k__Bacteria;p__Bacteroidetes;c__Bacteroidia;o__Bacteroidales;f__Rikenellaceae;g__Alistipes;s__Alistipes_putredinis	-0.0343607506607	-0.0292598325432	1.0	-0.0201887283033	0.00281574786869	0.075584191699	0.0463472618379	-0.0238719644813	-0.0465829234178	-0.0792258477895	-0.0257949588198	-0.0805236554155	0.00251524775623	-0.00664746699006	-0.0719908582232	-0.0795940821119	-0.0242956483685	0.00883218110149	0.034510600804	0.0363937814126	-0.0190595368575	-0.081211718499	-0.0222336920467	-0.00258475613492	0.0637142869611	0.0199808557864	0.00788557963044	0.0415496545482	0.00013205066506	0.0294120787013	-0.0153426053208	0.0602677665134	-0.040203817665	-0.0201337698047	0.0165899569445	0.0318916188615	-0.0126866008903	0.053085418653	-0.0251082108673	0.0356553755885	-0.00688756507607	-0.0762461661815	0.0240464396279	-0.0343513794557	-0.092550345648	7.51445134393e-05	0.0492980940795	0.00182267183757	-0.0506301375494	-0.0206857821481	-0.05713673651	-0.0334681420825	0.00629261117476	-0.00836019756986	-0.0448718010431	-0.00382433983472	0.0316254279667	-0.0133807733042	-0.0585363320477
k__Bacteria;p__Bacteroidetes;c__Bacteroidia;o__Bacteroidales;f__Prevotellaceae;g__Prevotella;s__Prevotella_copri	0.0150530909518	0.0373448646014	-0.0201887283033	1.0	-0.0535823159502	-0.00993012546042	-0.03277092835	0.0410824993671	0.00590051550422	0.0347405563367	0.0506765628133	0.00973111675709	-0.000279169432745	-0.00517542974294	-0.0544617842294	-0.0182717851654	-0.0595956337802	-0.0244962478137	-0.0571342526217	-0.00919772899754	-0.0270990982163	-0.00839550524031	0.0215478884859	0.0345678989777	-0.00057857649562	0.0902840463821	-0.0633280915138	0.0409164492261	0.0585852889682	-0.0498324138635	0.044473167104	-0.0163603427666	-0.0134236345903	-0.0283097415998	-0.0361720716486	-0.0455576180668	-0.0172400618756	-0.0535281743697	-0.0176914510964	0.0347055727835	0.0176953774963	-0.0623420593276	0.0124976742181	-0.00956448076782	0.00656716526654	-0.0600626893894	-0.0261757998541	-0.0172339109899	0.0209489444846	0.00736534981577	-0.0128603437891	-0.0122905401525	-0.039526361004	-0.0146913545721	-0.0230375092536	0.0575776389827	-0.0369201296858	-0.00633236115787	-0.0115655552294
k__Bacteria;p__Bacteroidetes;c__Bacteroidia;o__Bacteroidales;f__Bacteroidaceae;g__Bacteroides;s__Bacteroides_stercoris	0.0138039817985	0.0695781462956	0.00281574786869	-0.0535823159502	1.0	-0.0790347214836	-0.0369244708798	-0.0125183028524	0.00191161852581	-0.0533065756761	-0.0376650005058	-0.00546602467365	0.0095717079583	-0.0395207553445	0.0584794649685	0.0442749446932	-0.0258563495437	-0.0146932239895	0.0329443651932	-0.0314103707548	0.0543325915444	0.051529683349	0.0275683741637	-0.0169423257727	-0.0837731287966	0.018213031362	-0.0440082285204	-0.0400344122255	-0.00204563671966	-0.0203596406782	-0.0281591282915	-0.043071165346	-0.0226168147882	-0.00115104745626	0.0184022642586	0.0267692701234	-0.0243693051825	0.000786018979629	0.014064587785	0.0461596123149	-0.0116095866937	0.0231343103897	-0.0148459502967	-0.00673515395433	0.000820305065465	-0.0180554375889	0.0167110102378	-0.0244353610351	0.0259029392698	0.0050731188135	0.0062207766122	-0.0336563637958	0.0902543711996	-0.024370661433	0.0504614905499	-0.00197904803737	0.0590988881052	-0.0348646167348	0.0167900771705
k__Bacteria;p__Bacteroidetes;c__Bacteroidia;o__Bacteroidales;f__Bacteroidaceae;g__Bacteroides;s__Bacteroides_ovatus	-0.0135500953788	0.0510492989607	0.075584191699	-0.00993012546042	-0.0790347214836	1.0	0.0143180751521	-0.00658355839017	-0.016387579361	0.0150749082633	-0.028364350604	0.0164541965547	-0.0914754338399	0.00212559551723	0.0938332700971	0.00152164665967	0.0334736894658	0.0101015220749	0.0339774913696	-0.0498628988309	0.0384478835369	-0.0247646144354	-0.0587506213231	-0.0485097348238	0.00763689059368	-0.0291539111611	-0.0197850161465	-0.0180539240867	0.0143101910544	-0.0344987323014	-0.0257076559192	0.0059649439537	-0.09805503823	0.0169256098291	0.00647944417578	0.00393141823802	-0.110873538947	-0.0218158794988	0.0323817639814	-0.0407041402462	-0.00331732124873	0.00390464171752	-0.0136711735396	0.00677591879366	0.0356545090863	0.0600824749617	-0.07639427706	0.0328639873039	0.0368184447984	-0.0368548136395	-0.0117433121058	-0.0231730480205	0.0263793157398	0.0305234486737	0.0306667113212	0.0247636832246	0.0274680556372	-0.00490990796219	0.0215551705238
k__Bacteria;p__Bacteroidetes;c__Bacteroidia;o__Bacteroidales;f__Rikenellaceae;g__Alistipes;s__Alistipes_shahii	-0.0340763111961	-0.0229023496184	0.0463472618379	-0.03277092835	-0.0369244708798	0.0143180751521	1.0	-0.0312047608471	0.000419742414775	-0.00366665473373	-0.00381992998666	0.0490770500077	0.0687160811766	-0.0436268432739	0.0113887109169	-0.031252841621	-0.0109969536798	-0.0122070701082	-0.0243858386935	-0.0210733912332	-0.0381328556475	-0.0390674328698	0.026515268431	0.0581892523787	-0.0508849983062	0.0499597152991	-0.0566165482085	-0.0608627079242	-0.0463383534677	0.0329203153471	0.0415176543534	-0.0171313406985	0.0285448485626	-0.0319193575192	0.00996856385901	0.00746338066115	-0.00752500250806	-0.00665616812549	-0.0539273159481	0.00933366535786	0.0133673736803	-0.00798852362366	-0.028447812796	-0.0159399630712	0.0108601468384	0.000987749433761	-0.0357189841629	-0.00981743269857	0.00446312673123	-0.0472471025482	-0.0390300191696	-0.0104407491625	-0.00153604305848	0.0428333768771	-0.00648051341973	0.0139195595542	-0.0733696185147	0.0395826471231	0.0165633774372
k__Bacteria;p__Firmicutes;c__Clostridia;o__Clostridiales;f__Ruminococcaceae;g__Faecalibacterium;s__Faecalibacterium_prausnitzii	-0.0154665462873	0.0132757783111	-0.0238719644813	0.0410824993671	-0.0125183028524	-0.00658355839017	-0.0312047608471	1.0	0.00979347933001	0.0136362383263	-0.0205758471234	-0.0131832507128	0.0130840813878	-0.0126426529717	0.0285174829836	0.0173331103476	-0.0404809972934	-0.0749402100741	-0.0119832127651	0.0293032686767	-0.0294059384918	-0.0400188980996	-0.0126285296876	0.0241451332087	-0.0240853442182	-0.00592213196532	-0.0193981552186	0.0497133107774	-0.0716565121848	0.0623083968869	0.00934660098147	-0.00782639143276	0.00299151461306	0.00765410478725	-0.0472051383621	-0.0300749317491	0.0179700030323	-0.0365058054634	0.0335070952971	0.0456104431794	0.0145087251187	0.0487168407813	0.105604672212	-0.0652233018545	-0.00219203382459	-0.0547462557799	-0.0455188427991	0.0532365477368	-0.0276684756093	-0.00179425702709	-0.00775773592174	-0.0488807530264	0.00588749933431	-0.0633229565669	0.0355341861722	-0.00617917387555	-0.0534807312935	-0.0233231668117	0.0655501086941
k__Bacteria;p__Bacteroidetes;c__Bacteroidia;o__Bacteroidales;f__Rikenellaceae;g__Alistipes;s__Alistipes_finegoldii	0.0635655464574	-0.0252776351481	-0.0465829234178	0.00590051550422	0.00191161852581	-0.016387579361	0.000419742414775	0.00979347933001	1.0	-0.0236068530314	0.020058084155	0.042446997906	-0.0121793662756	0.0234474192914	0.0396742871035	-0.0425835581143	0.099549907228	0.0193638613363	0.0143942919216	0.0155990596418	0.000190063649186	-0.039030916133	-0.00575827854717	-0.0119021808946	-0.0185455444584	-0.00901929270028	0.000314358183922	-0.0249199820675	0.0380469625358	-0.0876887345288	-0.0715648507245	-0.0887205641466	-0.00637930539111	0.000680789079982	-0.00327603621569	0.0143699624405	-0.0523308151384	0.0174135016948	0.030058386121	-0.0161691751583	0.0597425257298	-0.0259706142852	-0.0399497643258	-0.0257469090335	0.0333508966517	-0.0444617952196	0.0228902388798	0.000811779380929	-0.0228893183763	-0.0741705676319	0.0459049660685	-0.0525228639821	-0.0151221097557	0.0702871421847	0.0831853873605	-0.0202067200866	0.0614859082881	0.0173020926551	0.00462701799447
k__Bacteria;p__Bacteroidetes;c__Bacteroidia;o__Bacteroidales;f__Porphyromonadaceae;g__Parabacteroides;s__Parabacteroides_distasonis	0.0137967654157	-0.0196425884542	-0.0792258477895	0.0347405563367	-0.0533065756761	0.0150749082633	-0.00366665473373	0.0136362383263	-0.0236068530314	1.0	-0.0324363842109	-0.0120529644906	-0.00113819526934	-0.0195729141904	0.00299362786731	0.0221863277432	0.0224247571894	0.00354438661615	0.0601552514644	-0.0230849299363	0.102337049915	0.0057461556936	-0.0136206434486	-0.0967694351056	0.0510450976219	0.0434689598591	-0.0226508862195	-0.004572279016	-0.00173265019699	0.0047412125988	0.0148749138521	0.033317488595	-0.0237810267426	-0.010127144025	-0.0118628364836	-0.00444470589008	-0.0512036908601	0.0326585229671	-0.0649612453122	-0.0167375405103	0.00724578587816	-0.0162580164388	-0.0888745661058	-0.0618083116401	-0.0173638480177	-0.0673370626664	-0.0258386594972	0.00303797756041	-0.0466342807447	-0.0501880680728	0.020631451881	0.0242956892226	0.0284413267337	-0.0530053412251	0.0383317264704	-0.065328868297	-0.00699588422452	-0.0296616863603	0.0667524115284
k__Bacteria;p__Bacteroidetes;c__Bacteroidia;o__Bacteroidales;f__Bacteroidaceae;g__Bacteroides;s__Bacteroides_thetaiotaomicron	-0.0370524527182	-0.0332078013112	-0.0257949588198	0.0506765628133	-0.0376650005058	-0.028364350604	-0.00381992998666	-0.0205758471234	0.020058084155	-0.0324363842109	1.0	-0.0473301154323	0.0175404428502	-0.0140828285058	-0.0605096502396	0.000564775152278	0.0169411773298	-0.0639489227054	-0.0412507345468	-0.0216326838047	0.0271260175988	-0.0116282311178	-0.00429128661471	-0.00548629381438	-0.0353073085948	-0.0287033367714	0.0321320231064	-0.034198049522	-0.0107555764934	0.00621428393014	0.0302621858192	-0.0595585132193	-0.0187854197222	-0.0501501871426	0.0300763661735	0.00282675541483	0.0383589035951	-0.010628626593	0.052196207634	-0.0424136969106	-0.0671612982561	0.112877204704	0.00252824946462	-0.0389494203909	0.0395083778962	0.0391479327557	-0.0318414747641	-0.0231399574468	-0.0357701512346	-0.0241681485238	0.000230273808273	-0.0149833926373	-0.0273981482514	0.0311799211	0.0849402492757	-0.0342800863868	0.00265345999138	-0.0111740779461	-0.0159889873341
k__Bacteria;p__Bacteroidetes;c__Bacteroidia;o__Bacteroidales;f__Bacteroidaceae;g__Bacteroides;s__Bacteroides_coprocola	-0.0446312128049	-0.0555149020374	-0.0805236554155	0.00973111675709	-0.00546602467365	0.0164541965547	0.0490770500077	-0.0131832507128	0.042446997906	-0.0120529644906	-0.0473301154323	1.0	-0.0240236550061	0.054341394741	-0.0142902047537	-0.0662939448562	-0.05723365225	-0.0727165025015	0.0354626464236	-0.010533413114	-0.0483439867874	0.0301259592229	0.0354586391048	-0.0128707318628	0.0667172329375	-0.0517152535154	-0.021960680009	-0.016936069073	0.00829103632312	-0.0273035661552	0.0163176889728	0.0265301772856	0.0442787438196	0.0503062998397	-0.0356900888684	0.0667239233531	-0.0460945123584	0.00213117855514	-0.00477261944964	0.0356611564086	0.0117387816692	-0.0413188633294	-0.0458089225024	0.0333886014646	-0.0145850505689	-0.000796657668968	-0.00374521978911	-0.0319323077682	0.0289392898065	0.022722863865	-0.0714108589601	0.0326170162637	-0.0387093492984	0.0547402213579	-0.0448676699664	0.0339613051883	-0.0434218006911	0.0111075167322	0.0318474053974
k__Bacteria;p__Bacteroidetes;c__Bacteroidia;o__Bacteroidales;f__Bacteroidaceae;g__Bacteroides;s__Bacteroides_cellulosilyticus	0.0410663689464	0.0407979120642	0.00251524775623	-0.000279169432745	0.0095717079583	-0.0914754338399	0.0687160811766	0.0130840813878	-0.0121793662756	-0.00113819526934	0.0175404428502	-0.0240236550061	1.0	-0.0500811144134	-0.0565296363959	0.0246552256061	0.00152470968158	-0.0552472276884	-0.0397970410443	0.0454750983612	-0.00229708175809	0.0524194107774	-0.0163541350106	0.0132640261517	0.00131356592078	0.0142223981374	-0.010159473615	0.0231358189907	-0.0269008662672	-0.00225053413764	-0.0270592368463	0.0184122601202	0.0125154348731	-0.0358587824867	-0.010648582592	-0.0125858245044	-0.0587747173576	-0.0121071419355	-0.0132980477207	-0.0357123167239	-0.0186576106703	-0.0311762108101	-0.0677193211046	0.0819595860271	-0.0812401085083	-0.0185963370427	-0.0359581645988	-0.0805530380827	0.00658174522209	-0.0702439064218	-0.0218761367139	0.0427987399895	-0.0058093748941	-0.00886507608284	-0.00564528455852	0.00210319490211	0.00928414019083	-0.0164752236424	-0.0162693066486
k__Bacteria;p__Bacteroidetes;c__Bacteroidia;o__Bacteroidales;f__Rikenellaceae;g__Alistipes;s__Alistipes_obesi	-0.0745921863284	0.052960699805	-0.00664746699006	-0.00517542974294	-0.0395207553445	0.00212559551723	-0.0436268432739	-0.0126426529717	0.0234474192914	-0.0195729141904	-0.0140828285058	0.054341394741	-0.0500811144134	1.0	0.00674074511283	-0.0192435251665	-0.0309561876578	-0.0293922756005	0.03862394436	-0.0962077344779	-0.0558637514806	-0.0105172189591	0.0239903323385	0.00993899950337	-0.0260130078769	0.0127741585501	0.0428367093124	0.0357104096065	0.0425361175378	-0.110190524318	-0.0179568404453	-0.0105811459788	-0.0822136421013	0.025453516586	0.0674972238317	0.00114563935014	-0.0470488991557	-0.00551232458026	-0.068371092911	-0.090544056035	0.0532549155423	-0.04611767946	0.060363476386	-0.0180944335986	-0.0148403676572	-0.0209955065075	0.048458856744	0.074289639326	0.0256815545971	0.0150644132448	-0.0205952286433	0.000924275320559	-0.00282299122233	0.00905114150847	0.00596030025521	-0.0389048216303	0.0396074200708	-0.0310524708774	0.00822498554844
k__Bacteria;p__Firmicutes;c__Clostridia;o__Clostridiales;f__Lachnospiraceae;g__;s__[Eubacterium]_rectale	-0.00525606434947	-0.0408497962362	-0.0719908582232	-0.0544617842294	0.0584794649685	0.0938332700971	0.0113887109169	0.0285174829836	0.0396742871035	0.00299362786731	-0.0605096502396	-0.0142902047537	-0.0565296363959	0.00674074511283	1.0	0.0369652140849	0.017392113161	-0.0150313191024	-0.0439317084638	0.00878675406979	-0.034617336763	0.0200932627679	-0.0160866176674	-0.0145869564953	0.0684485028809	-0.0373991319681	-0.00576406573055	-0.02407289267	-0.081421215011	-0.0264588330358	-0.0309339570133	-0.0686812259147	-0.0230101093812	0.00335859525131	0.0116256022918	0.0793708551201	0.0144803066568	0.0367446028611	-0.00965023205329	-0.0315140719937	-0.00560487127142	-0.020305218688	-0.0230144475215	-0.0115358478663	0.0373429109203	-0.0463348475972	-0.0545302664917	-0.0799018523302	0.00139866356234	-0.00900214801502	0.001054547134	0.0337329914187	0.00617435954193	-0.00736169015515	-0.0266034373155	-0.0181555456752	0.00437876517949	-0.0437239132928	0.0139337713526
k__Bacteria;p__Bacteroidetes;c__Bacteroidia;o__Bacteroidales;f__Bacteroidaceae;g__Bacteroides;s__Bacteroides_plebeius	-0.0419198136418	-0.0402021156009	-0.0795940821119	-0.0182717851654	0.0442749446932	0.00152164665967	-0.031252841621	0.0173331103476	-0.0425835581143	0.0221863277432	0.000564775152278	-0.0662939448562	0.0246552256061	-0.0192435251665	0.0369652140849	1.0	-0.00096824852104	0.0149161086625	-0.0492350402936	0.0434133896504	-0.0157211655709	-0.0480826059873	0.00751180325046	-0.0452192413295	-0.0419918839219	-0.0535747244863	-0.051303861641	-0.0462999473031	-0.0232124758454	-0.0485956711184	-0.0508898892847	0.00175095392287	-0.0411018530352	-0.0379843562323	-0.0463885820492	-0.0401455127227	-0.0213900313889	0.0384375816814	-0.00963580544826	-0.0244410334351	0.0532895226085	-0.0550961872108	-0.00662868329921	-0.0296130679848	0.00287389949114	0.0304366473361	-0.0592852857952	0.0117683688649	-0.0334395271045	0.0120790112962	0.018614533355	-0.0176946021993	-0.0361935899323	0.0259562829209	-0.0514446763184	0.0178295663262	-0.00666113945209	-0.011130637132	0.0234463448932
k__Bacteria;p__Bacteroidetes;c__Bacteroidia;o__Bacteroidales;f__Bacteroidaceae;g__Bacteroides;s__Bacteroides_fragilis	0.058462855327	0.0190864600756	-0.0242956483685	-0.0595956337802	-0.0258563495437	0.0334736894658	-0.0109969536798	-0.0404809972934	0.099549907228	0.0224247571894	0.0169411773298	-0.05723365225	0.00152470968158	-0.0309561876578	0.017392113161	-0.00096824852104	1.0	0.0675844765784	-0.00549013331937	0.0417014565769	0.0237885792221	-0.0299161948837	-0.0148573383646	-0.0203772788568	-0.0178082428456	0.0229432745059	-0.0233470658791	-0.0502005851695	0.0145475018366	-0.0421172131756	0.0189476761933	0.028938298538	-0.0316523923505	-0.0225266448905	-0.0079350086443	-0.0496174898829	0.0195024712388	-0.0350248572371	0.0379081277664	0.0223208428107	-0.0147272655453	-0.0596054342091	-0.0199614445603	-0.0362997847113	-0.0450098377733	-0.0627617408906	-0.0776976081197	-0.044761409421	0.0135417000756	0.0514999779798	-0.0301568469492	0.0741963687982	0.0140950645998	0.00705364522831	-0.0177703955516	-0.00887549108731	-0.00177935807343	-0.0625827582419	-0.0414746388384
k__Bacteria;p__Proteobacteria;c__Betaproteobacteria;o__Burkholderiales;f__Sutterellaceae;g__Sutterella;s__Sutterella_wadsworthensis	0.0201011732879	0.0373242687166	0.00883218110149	-0.0244962478137	-0.0146932239895	0.0101015220749	-0.0122070701082	-0.0749402100741	0.0193638613363	0.00354438661615	-0.0639489227054	-0.0727165025015	-0.0552472276884	-0.0293922756005	-0.0150313191024	0.0149161086625	0.0675844765784	1.0	-0.00237592059266	-0.0707184378181	0.0046177297951	-0.0782571700916	-0.0487553296028	-0.0298042373823	-0.00589556819411	-0.0322083814168	-0.0522758312199	-0.0345334539092	0.0642994652601	-0.0468608893915	-0.0552992519681	-0.0235361900429	0.038639135901	-0.000139016184694	0.0384512790302	0.0478627551135	0.0154685794905	-0.0701471396224	-0.019556882399	-0.011790993204	0.0273375364878	0.0330547034209	-0.0278908927492	-0.0446910028357	-0.0378130539084	-0.0690322558288	0.0123762042382	0.0183061107718	-0.020082938324	0.051544399529	-0.0249944371468	-0.0494591956628	-0.0539822739406	-0.0131143336822	-0.0431923592978	-0.0186870064381	-0.0354217868454	0.00375895846614	0.0382294955788
k__Bacteria;p__Bacteroidetes;c__Bacteroidia;o__Bacteroidales;f__Porphyromonadaceae;g__Barnesiella;s__Barnesiella_intestinihominis	-0.02794382778	0.0405086612545	0.034510600804	-0.0571342526217	0.0329443651932	0.0339774913696	-0.0243858386935	-0.0119832127651	0.0143942919216	0.0601552514644	-0.0412507345468	0.0354626464236	-0.0397970410443	0.03862394436	-0.0439317084638	-0.0492350402936	-0.00549013331937	-0.00237592059266	1.0	-0.0146453320759	-0.0316991280019	-0.0433547724712	0.0391229534436	0.00221939120819	0.0070554519253	0.0426944969963	0.0300768997164	-0.0921515599273	-0.0635519433445	-0.0114440413629	0.0162421049978	0.0342637877984	-0.0047035981163	0.00343444325843	-0.0636882734328	0.024107537804	-0.00186532236774	0.0646840753536	-0.0422397052188	0.0424645780005	-0.083811518526	0.0060277543025	-0.0644823095596	-0.0355171015939	0.0709193778606	0.024216765012	-0.0343185587049	-0.0377566152343	-0.0402135153838	-0.0409711297175	0.0443856320107	0.0190331135169	-0.00276164951339	-0.0133528518652	0.0216240608563	-0.00565811379499	-0.00619279422091	0.00964813651755	-0.0473763092416
k__Bacteria;p__Bacteroidetes;c__Bacteroidia;o__Bacteroidales;f__Odoribacteraceae;g__Odoribacter;s__Odoribacter_splanchnicus	0.0140625366803	0.0153344271437	0.0363937814126	-0.00919772899754	-0.0314103707548	-0.0498628988309	-0.0210733912332	0.0293032686767	0.0155990596418	-0.0230849299363	-0.0216326838047	-0.010533413114	0.0454750983612	-0.0962077344779	0.00878675406979	0.0434133896504	0.0417014565769	-0.0707184378181	-0.0146453320759	1.0	0.0202401556974	-0.0375155647917	-0.00194897795583	-0.000597548115142	-0.0195342601105	0.053471460113	-0.0437629938905	-0.0324210354909	-0.035010515746	-0.00132960729838	-0.00496493005817	-0.0260965084297	0.0431240671935	-0.0273093652916	0.0183646668948	-0.000467876405028	-0.0252332843335	0.0317030427503	-0.0635766265044	-0.0783985877633	0.0418174433092	-0.0490136792705	0.00195559634216	0.043534228284	-0.013486405489	0.0351852121885	-0.0238114996401	0.0484219557134	-0.0258964059622	-0.047772622718	0.0370013667496	-0.0280899862855	-0.0408881153989	-0.0122847604552	-0.0354587201187	0.0412633182287	-0.0292670545371	0.0132326271415	0.0700665201525
k__Bacteria;p__Bacteroidetes;c__Bacteroidia;o__Bacteroidales;f__Bacteroidaceae;g__Bacteroides;s__Bacteroides_salyersiae	-0.048822632383	-0.0579586476383	-0.0190595368575	-0.0270990982163	0.0543325915444	0.0384478835369	-0.0381328556475	-0.0294059384918	0.000190063649186	0.102337049915	0.0271260175988	-0.0483439867874	-0.00229708175809	-0.0558637514806	-0.034617336763	-0.0157211655709	0.0237885792221	0.0046177297951	-0.0316991280019	0.0202401556974	1.0	0.0623806163222	0.0126926982475	-0.0109888649422	-0.0641493325865	-0.0104875912445	-0.0207672141739	0.0401539351128	-0.0317905385052	-0.0284034234531	-0.0203665282779	0.0126676095654	0.0177278329383	-0.0403076180858	-0.00263202396162	0.0436982251991	-0.0359353398856	-0.0308768625678	0.0157283916927	-0.0712326254173	-0.0413957703318	-0.0345147520152	0.0681671063269	0.0437029508515	-0.0342265283101	-0.0676135174564	-0.0247377268147	0.016731103332	-0.0249053499697	-0.0516923720283	0.0278525716641	0.0114480843199	0.0214492435935	-0.0280061855304	-0.0148801599716	-0.0148406118461	-0.0239866718632	-0.0483033764174	-0.056253892564
k__Bacteria;p__Firmicutes;c__Clostridia;o__Clostridiales;f__Ruminococcaceae;g__Ruminiclostridium;s__[Eubacterium]_siraeum	0.023417284963	0.0511883279189	-0.081211718499	-0.00839550524031	0.051529683349	-0.0247646144354	-0.0390674328698	-0.0400188980996	-0.039030916133	0.0057461556936	-0.0116282311178	0.0301259592229	0.0524194107774	-0.0105172189591	0.0200932627679	-0.0480826059873	-0.0299161948837	-0.0782571700916	-0.0433547724712	-0.0375155647917	0.0623806163222	1.0	0.0186380615399	-0.0214176012674	-0.0016324120777	-0.000601717524713	-0.0199910223202	-0.0381633385043	0.00859729987294	-0.0399105152309	-0.0380616768343	-0.0128107110665	0.00781544826213	0.040744021501	-0.00847917220724	0.0505427619973	-0.0011555491487	0.0119480350514	0.0143775445813	-0.0456928025715	-0.0174097109923	-0.010821237166	-0.0440811327534	-0.0746484112279	0.00364278904583	0.0143324711447	0.0593894575932	-0.0287592180569	0.0478713387214	0.0676806240065	-0.0168361126064	0.00430861386656	-0.028686347394	-0.00681364858587	-0.00507454492569	-0.0115674705007	0.0679441892556	0.0527073794925	-0.0447473547719
k__Bacteria;p__Proteobacteria;c__Betaproteobacteria;o__Burkholderiales;f__Sutterellaceae;g__Parasutterella;s__Parasutterella_excrementihominis	0.0710300317476	-0.0141561847812	-0.0222336920467	0.0215478884859	0.0275683741637	-0.0587506213231	0.026515268431	-0.0126285296876	-0.00575827854717	-0.0136206434486	-0.00429128661471	0.0354586391048	-0.0163541350106	0.0239903323385	-0.0160866176674	0.00751180325046	-0.0148573383646	-0.0487553296028	0.0391229534436	-0.00194897795583	0.0126926982475	0.0186380615399	1.0	-0.028139121083	0.0462834890431	-0.040877049956	-0.061925782693	-0.0207322643631	-0.067854510509	-0.0693326925128	0.0289156348571	0.0374824808535	-0.0629328188929	0.0176194368378	-0.0323397857827	-0.0466261899954	0.0481439340466	0.0601455575571	-0.0191969440593	-0.00403957308371	0.0622600853691	0.0127751511709	-0.0182127342793	-0.00772016379871	-0.0138319448275	-0.00336509284816	-0.0471529447605	0.0387171906123	0.0678180837243	-0.0153087492542	-0.0681635079372	0.00698454817543	0.0012095340063	0.0466260359383	-0.0332990663357	-0.00235435550327	-0.00623707962827	0.000842853334416	-0.0479839486777
k__Bacteria;p__Actinobacteria;c__Actinobacteria;o__Bifidobacteriales;f__Bifidobacteriaceae;g__Bifidobacterium;s__Bifidobacterium_adolescentis	0.0228107637798	-0.0145104881304	-0.00258475613492	0.0345678989777	-0.0169423257727	-0.0485097348238	0.0581892523787	0.0241451332087	-0.0119021808946	-0.0967694351056	-0.00548629381438	-0.0128707318628	0.0132640261517	0.00993899950337	-0.0145869564953	-0.0452192413295	-0.0203772788568	-0.0298042373823	0.00221939120819	-0.000597548115142	-0.0109888649422	-0.0214176012674	-0.028139121083	1.0	-0.0299608193532	-0.00493974016709	-0.0252827950681	0.0670991882171	0.0152011666474	0.00284089198689	0.0110177801309	0.0536834887786	-0.052743938602	0.00265560483938	0.00361180514296	0.0287479474419	-0.0207187131915	0.017217847355	-0.0268623785265	-0.013547253515	0.0242247441703	-0.0182121754919	-0.00909797157178	-0.0168545244298	-0.0297593447848	-0.0608781117653	0.00565599236839	-0.021251664753	0.0487085273719	0.0283316507659	-0.0122139855208	-0.0454862059971	-0.0527210155712	0.0780243061372	-0.011815089373	-0.102570756472	-0.0960969900139	-0.0373763045558	-0.0428412342624
k__Bacteria;p__Firmicutes;c__Clostridia;o__Clostridiales;f__Oscillospiraceae;g__Oscillibacter;s__Oscillibacter_sp._KLE_1745	-0.00933622436986	-0.0278468674747	0.0637142869611	-0.00057857649562	-0.0837731287966	0.00763689059368	-0.0508849983062	-0.0240853442182	-0.0185455444584	0.0510450976219	-0.0353073085948	0.0667172329375	0.00131356592078	-0.0260130078769	0.0684485028809	-0.0419918839219	-0.0178082428456	-0.00589556819411	0.0070554519253	-0.0195342601105	-0.0641493325865	-0.0016324120777	0.0462834890431	-0.0299608193532	1.0	-0.0641211682958	0.0300755346357	0.0457001468848	-0.00453293714267	-0.0189647507883	-0.0229406069121	0.0116967565578	0.0268283183437	-0.0399721138683	0.0294688825658	0.0532214981603	-0.0276427395439	0.0318842593344	0.0111147532347	-0.00543890132284	0.0178291562877	0.0442459870084	-0.0846169894647	0.0126355388627	0.0220715165307	0.0590990635812	-0.0469296187069	-0.0378817569297	-0.0231098123226	0.00144940238965	0.0430495822565	-0.0338023960491	-0.0112212789591	0.0227809871203	-0.00643769337105	-0.0322955519373	0.0145369757355	0.0655527245753	-0.0405119494026
k__Bacteria;p__Bacteroidetes;c__Bacteroidia;o__Bacteroidales;f__Bacteroidaceae;g__Bacteroides;s__Bacteroides_coprophilus	-0.0235562868387	0.0221419053051	0.0199808557864	0.0902840463821	0.018213031362	-0.0291539111611	0.0499597152991	-0.00592213196532	-0.00901929270028	0.0434689598591	-0.0287033367714	-0.0517152535154	0.0142223981374	0.0127741585501	-0.0373991319681	-0.0535747244863	0.0229432745059	-0.0322083814168	0.0426944969963	0.053471460113	-0.0104875912445	-0.000601717524713	-0.040877049956	-0.00493974016709	-0.0641211682958	1.0	0.0565617572731	-0.0125245460507	0.0319482395345	0.0634052955903	-0.0234314718568	0.0188957881451	-0.0436614644829	-0.00678812251611	0.00515937241869	-0.0308719786642	-3.79376650164e-06	-0.0629711100992	0.0190641950372	-0.00376039772647	-0.0621408876978	0.0285952196527	-0.0131448758626	-0.0463206802545	-0.0764695475606	-0.00606072885727	0.017089495892	0.0406494718935	0.0621048904746	-0.0373859132259	-0.0904289736432	0.0161021124694	-0.105442781032	-0.00606729467907	-0.0106911221624	-0.0461256823403	-0.0197235231167	-0.0428520906049	-0.0331012904867
k__Bacteria;p__Firmicutes;c__Clostridia;o__Clostridiales;f__Lachnospiraceae;g__Roseburia;s__Roseburia_intestinalis	0.00366909565955	-0.0167716830565	0.00788557963044	-0.0633280915138	-0.0440082285204	-0.0197850161465	-0.0566165482085	-0.0193981552186	0.000314358183923	-0.0226508862195	0.0321320231064	-0.021960680009	-0.010159473615	0.0428367093124	-0.00576406573055	-0.051303861641	-0.0233470658791	-0.0522758312199	0.0300768997164	-0.0437629938905	-0.0207672141739	-0.0199910223202	-0.061925782693	-0.0252827950681	0.0300755346357	0.0565617572731	1.0	-0.0155886624521	-0.00982869150558	-0.00885150036746	0.000278410510042	-0.077033071212	-0.0186523287875	-0.0455326233312	-0.0112767749199	-0.0787085507937	0.0152439880622	0.0158257902536	-0.0282371468737	-0.00162212085332	-0.0501663196647	-0.0143603664466	-0.0539742796095	0.00363410850417	-0.0660175255269	-0.0694209241696	-0.0226676923362	-0.0457459018844	0.0507720709086	-0.0400474482317	-0.0329069184784	-0.00666862778703	-0.0658850572761	-0.0181951859005	0.0498165916911	-0.0553555846331	-0.00800153780791	0.0407604335834	-0.0253044770663
k__Bacteria;p__Firmicutes;c__Clostridia;o__Clostridiales;f__Lachnospiraceae;g__Roseburia;s__Roseburia_hominis	-0.028684185398	-0.046611599344	0.0415496545482	0.0409164492261	-0.0400344122255	-0.0180539240867	-0.0608627079242	0.0497133107774	-0.0249199820675	-0.004572279016	-0.034198049522	-0.016936069073	0.0231358189907	0.0357104096065	-0.02407289267	-0.0462999473031	-0.0502005851695	-0.0345334539092	-0.0921515599273	-0.0324210354909	0.0401539351128	-0.0381633385043	-0.0207322643631	0.0670991882171	0.0457001468848	-0.0125245460507	-0.0155886624521	1.0	0.0110571906124	0.00546114369095	0.032852199568	0.0274441713564	0.00555806704257	-0.0108846320803	-0.0822305620784	-0.0809011920873	0.0443604724728	-0.0250606119009	-0.0353951784899	0.00474966935207	0.0170452439626	-0.0119565557558	-0.00420237987118	-0.00950311518046	0.0326547747725	-0.025532127656	0.0108480298498	-0.0331343112757	0.0489543604752	0.0109527524302	0.0265970186138	-0.0281763736909	0.0176783296887	0.0323993579287	-0.021771127979	-0.0759064100001	-0.0340722377304	0.0272942682114	0.0198068766704
k__Bacteria;p__Bacteroidetes;c__Bacteroidia;o__Bacteroidales;f__Porphyromonadaceae;g__Parabacteroides;s__Parabacteroides_johnsonii	-0.0254424888138	-0.0161976677931	0.00013205066506	0.0585852889682	-0.00204563671966	0.0143101910544	-0.0463383534677	-0.0716565121848	0.0380469625358	-0.00173265019699	-0.0107555764934	0.00829103632312	-0.0269008662672	0.0425361175378	-0.081421215011	-0.0232124758454	0.0145475018366	0.0642994652601	-0.0635519433445	-0.035010515746	-0.0317905385052	0.00859729987294	-0.067854510509	0.0152011666474	-0.00453293714267	0.0319482395345	-0.00982869150558	0.0110571906124	1.0	-0.00533776124993	-0.0434349998637	0.0099311998503	0.0459888884812	-0.0798125930464	-0.0642229447651	0.00408050676917	-0.00838925513862	-0.000569424551891	-0.0433150894819	0.0181216287544	0.0185640769345	-0.0136977045164	-0.0169298145207	0.0112778808381	0.0116498008863	-0.00427497257908	0.0468004883364	-0.0472791477961	0.035780334936	0.0148734001603	-0.000660351494906	0.031587194909	-0.0290548365296	0.00868651564478	-0.0176671650773	0.036197366836	0.0350029957037	0.0184260238253	-0.0189137810205
k__Bacteria;p__Actinobacteria;c__Actinobacteria;o__Bifidobacteriales;f__Bifidobacteriaceae;g__Bifidobacterium;s__Bifidobacterium_longum	-0.00930654225053	-0.00828666780874	0.0294120787013	-0.0498324138635	-0.0203596406782	-0.0344987323014	0.0329203153471	0.0623083968869	-0.0876887345288	0.0047412125988	0.00621428393014	-0.0273035661552	-0.00225053413764	-0.110190524318	-0.0264588330358	-0.0485956711184	-0.0421172131756	-0.0468608893915	-0.0114440413629	-0.00132960729838	-0.0284034234531	-0.0399105152309	-0.0693326925128	0.00284089198689	-0.0189647507883	0.0634052955903	-0.00885150036746	0.00546114369095	-0.00533776124993	1.0	0.0538535181132	0.0433640488556	0.031460790303	0.0184372412429	-0.0141085383532	0.0151332949069	0.0202033625739	0.00672380028172	0.00266813520806	0.0424031271046	0.0268100414544	-0.0268186996537	-0.0320030466639	0.0200407541369	0.00273727330806	-0.0301759957721	-0.00524176545835	0.0119612624245	-0.00529100633679	-0.0220606149451	-0.0228274060596	0.0267689046959	-0.0414766796256	-0.00414828445854	-0.0468631407863	-0.0272740713572	0.0383372591796	-0.0417289771564	-0.00580814407264
