#taxonomy	k__Bacteria;p__Bacteroidetes;c__Bacteroidia;o__Bacteroidales;f__Bacteroidaceae;g__Bacteroides;s__Bacteroides_vulgatus	k__Bacteria;p__Bacteroidetes;c__Bacteroidia;o__Bacteroidales;f__Bacteroidaceae;g__Bacteroides;s__Bacteroides_uniformis	k__Bacteria;p__Bacteroidetes;c__Bacteroidia;o__Bacteroidales;f__Rikenellaceae;g__Alistipes;s__Alistipes_putredinis	k__Bacteria;p__Bacteroidetes;c__Bacteroidia;o__Bacteroidales;f__Prevotellaceae;g__Prevotella;s__Prevotella_copri	k__Bacteria;p__Bacteroidetes;c__Bacteroidia;o__Bacteroidales;f__Bacteroidaceae;g__Bacteroides;s__Bacteroides_stercoris	k__Bacteria;p__Bacteroidetes;c__Bacteroidia;o__Bacteroidales;f__Bacteroidaceae;g__Bacteroides;s__Bacteroides_ovatus	k__Bacteria;p__Bacteroidetes;c__Bacteroidia;o__Bacteroidales;f__Rikenellaceae;g__Alistipes;s__Alistipes_shahii	k__Bacteria;p__Firmicutes;c__Clostridia;o__Clostridiales;f__Ruminococcaceae;g__Faecalibacterium;s__Faecalibacterium_prausnitzii	k__Bacteria;p__Bacteroidetes;c__Bacteroidia;o__Bacteroidales;f__Rikenellaceae;g__Alistipes;s__Alistipes_finegoldii	k__Bacteria;p__Bacteroidetes;c__Bacteroidia;o__Bacteroidales;f__Porphyromonadaceae;g__Parabacteroides;s__Parabacteroides_distasonis	k__Bacteria;p__Bacteroidetes;c__Bacteroidia;o__Bacteroidales;f__Bacteroidaceae;g__Bacteroides;s__Bacteroides_thetaiotaomicron	k__Bacteria;p__Bacteroidetes;c__Bacteroidia;o__Bacteroidales;f__Bacteroidaceae;g__Bacteroides;s__Bacteroides_coprocola	k__Bacteria;p__Bacteroidetes;c__Bacteroidia;o__Bacteroidales;f__Bacteroidaceae;g__Bacteroides;s__Bacteroides_cellulosilyticus	k__Bacteria;p__Bacteroidetes;c__Bacteroidia;o__Bacteroidales;f__Rikenellaceae;g__Alistipes;s__Alistipes_obesi	k__Bacteria;p__Firmicutes;c__Clostridia;o__Clostridiales;f__Lachnospiraceae;g__;s__[Eubacterium]_rectale	k__Bacteria;p__Bacteroidetes;c__Bacteroidia;o__Bacteroidales;f__Bacteroidaceae;g__Bacteroides;s__Bacteroides_plebeius	k__Bacteria;p__Bacteroidetes;c__Bacteroidia;o__Bacteroidales;f__Bacteroidaceae;g__Bacteroides;s__Bacteroides_fragilis	k__Bacteria;p__Proteobacteria;c__Betaproteobacteria;o__Burkholderiales;f__Sutterellaceae;g__Sutterella;s__Sutterella_wadsworthensis	k__Bacteria;p__Bacteroidetes;c__Bacteroidia;o__Bacteroidales;f__Porphyromonadaceae;g__Barnesiella;s__Barnesiella_intestinihominis	k__Bacteria;p__Bacteroidetes;c__Bacteroidia;o__Bacteroidales;f__Odoribacteraceae;g__Odoribacter;s__Odoribacter_splanchnicus	k__Bacteria;p__Bacteroidetes;c__Bacteroidia;o__Bacteroidales;f__Bacteroidaceae;g__Bacteroides;s__Bacteroides_salyersiae	k__Bacteria;p__Firmicutes;c__Clostridia;o__Clostridiales;f__Ruminococcaceae;g__Ruminiclostridium;s__[Eubacterium]_siraeum	k__Bacteria;p__Proteobacteria;c__Betaproteobacteria;o__Burkholderiales;f__Sutterellaceae;g__Parasutterella;s__Parasutterella_excrementihominis	k__Bacteria;p__Actinobacteria;c__Actinobacteria;o__Bifidobacteriales;f__Bifidobacteriaceae;g__Bifidobacterium;s__Bifidobacterium_adolescentis	k__Bacteria;p__Firmicutes;c__Clostridia;o__Clostridiales;f__Oscillospiraceae;g__Oscillibacter;s__Oscillibacter_sp._KLE_1745	k__Bacteria;p__Bacteroidetes;c__Bacteroidia;o__Bacteroidales;f__Bacteroidaceae;g__Bacteroides;s__Bacteroides_coprophilus	k__Bacteria;p__Firmicutes;c__Clostridia;o__Clostridiales;f__Lachnospiraceae;g__Roseburia;s__Roseburia_intestinalis	k__Bacteria;p__Firmicutes;c__Clostridia;o__Clostridiales;f__Lachnospiraceae;g__Roseburia;s__Roseburia_hominis	k__Bacteria;p__Bacteroidetes;c__Bacteroidia;o__Bacteroidales;f__Porphyromonadaceae;g__Parabacteroides;s__Parabacteroides_johnsonii	k__Bacteria;p__Actinobacteria;c__Actinobacteria;o__Bifidobacteriales;f__Bifidobacteriaceae;g__Bifidobacterium;s__Bifidobacterium_longum	k__Bacteria;p__Firmicutes;c__Clostridia;o__Clostridiales;f__;g__Flavonifractor;s__Flavonifractor_plautii	k__Bacteria;p__Firmicutes;c__Clostridia;o__Clostridiales;f__Clostridiaceae;g__Clostridium;s__Clostridium_phoceensis	k__Bacteria;p__Verrucomicrobia;c__Verrucomicrobiae;o__Verrucomicrobiales;f__Akkermansiaceae;g__Akkermansia;s__Akkermansia_muciniphila	k__Bacteria;p__Bacteroidetes;c__Bacteroidia;o__Bacteroidales;f__Prevotellaceae;g__Paraprevotella;s__Paraprevotella_xylaniphila	k__Bacteria;p__Firmicutes;c__Clostridia;o__Clostridiales;f__Ruminococcaceae;g__Ruminococcus;s__Ruminococcus_callidus	k__Bacteria;p__Bacteroidetes;c__Bacteroidia;o__Bacteroidales;f__Rikenellaceae;g__Alistipes;s__Alistipes_senegalensis	k__Bacteria;p__Firmicutes;c__Clostridia;o__Clostridiales;f__Lachnospiraceae;g__Blautia;s__Blautia_sp._KLE_1732	k__Bacteria;p__Bacteroidetes;c__Bacteroidia;o__Bacteroidales;f__Bacteroidaceae;g__Bacteroides;s__Bacteroides_oleiciplenus	k__Bacteria;p__Firmicutes;c__Clostridia;o__Clostridiales;f__Ruminococcaceae;g__Ruminococcus;s__Ruminococcus_bicirculans	k__Bacteria;p__Bacteroidetes;c__Bacteroidia;o__Bacteroidales;f__Bacteroidaceae;g__Bacteroides;s__Bacteroides_fluxus	k__Bacteria;p__Bacteroidetes;c__Bacteroidia;o__Bacteroidales;f__Prevotellaceae;g__Prevotella;s__Prevotella_stercorea	k__Bacteria;p__Firmicutes;c__Clostridia;o__Clostridiales;f__Lachnospiraceae;g__Dorea;s__Dorea_longicatena	k__Bacteria;p__Firmicutes;c__Clostridia;o__Clostridiales;f__Eubacteriaceae;g__Eubacterium;s__[Eubacterium]_eligens	k__Bacteria;p__Firmicutes;c__Clostridia;o__Clostridiales;f__Ruminococcaceae;g__;s__Ruminococcaceae_bacterium_D16	k__Bacteria;p__Firmicutes;c__Clostridia;o__Clostridiales;f__Lachnospiraceae;g__Coprococcus;s__Coprococcus_comes	k__Bacteria;p__Proteobacteria;c__Gammaproteobacteria;o__Enterobacterales;f__Enterobacteriaceae;g__Escherichia;s__Escherichia_coli	k__Bacteria;p__Firmicutes;c__Clostridia;o__Clostridiales;f__Ruminococcaceae;g__Anaerotruncus;s__Anaerotruncus_colihominis	k__Bacteria;p__Firmicutes;c__Clostridia;o__Clostridiales;f__Lachnospiraceae;g__Blautia;s__Blautia_obeum	k__Bacteria;p__Bacteroidetes;c__Bacteroidia;o__Bacteroidales;f__Odoribacteraceae;g__Odoribacter;s__Odoribacter_laneus	k__Bacteria;p__Firmicutes;c__Clostridia;o__Clostridiales;f__Ruminococcaceae;g__Ruminiclostridium;s__[Clostridium]_leptum	k__Bacteria;p__Bacteroidetes;c__Bacteroidia;o__Bacteroidales;f__Porphyromonadaceae;g__Parabacteroides;s__Parabacteroides_goldsteinii	k__Bacteria;p__Firmicutes;c__Clostridia;o__Clostridiales;f__Lachnospiraceae;g__Anaerostipes;s__Anaerostipes_hadrus	k__Bacteria;p__Firmicutes;c__Clostridia;o__Clostridiales;f__Ruminococcaceae;g__Ruminococcus;s__Ruminococcus_lactaris	k__Bacteria;p__Firmicutes;c__Clostridia;o__Clostridiales;f__Clostridiaceae;g__Clostridium;s__Clostridium_sp._L2-50	k__Bacteria;p__Firmicutes;c__Clostridia;o__Clostridiales;f__Clostridiaceae;g__Clostridium;s__Clostridium_sp._M62/1	k__Bacteria;p__Firmicutes;c__Clostridia;o__Clostridiales;f__;g__Intestinimonas;s__Intestinimonas_butyriciproducens	k__Bacteria;p__Actinobacteria;c__Actinobacteria;o__Bifidobacteriales;f__Bifidobacteriaceae;g__Bifidobacterium;s__Bifidobacterium_bifidum	k__Bacteria;p__Firmicutes;c__Negativicutes;o__Veillonellales;f__Veillonellaceae;g__Dialister;s__Dialister_invisus	k__Bacteria;p__Bacteroidetes;c__Bacteroidia;o__Bacteroidales;f__Bacteroidaceae;g__Bacteroides;s__Bacteroides_salanitronis
k__Bacteria;p__Bacteroidetes;c__Bacteroidia;o__Bacteroidales;f__Bacteroidaceae;g__Bacteroides;s__Bacteroides_vulgatus	1.0	0.0253181438541	-0.0157742451601	0.0157541718087	-0.0783983193442	-0.0659609869557	-0.0710460976641	-0.0391713455633	0.0349572706765	-0.0187612115455	-0.0153548894077	0.0139078356663	-0.021233943657	0.0476339245627	-0.086369131086	0.00655457607342	0.0351998165825	0.00846231316744	-0.0558377541695	0.0736075552407	-0.00778165659992	-0.0280566667981	-0.0264897951503	0.0220710669558	0.0182061280624	-0.0112959388083	-0.0344396997184	-0.0269148343342	-0.00865729786491	0.0437390126051	0.0530664137311	-0.0415323565093	-0.0712805804986	0.0403471594639	0.040491582146	-0.0160913349064	0.0124537694525	-0.01171252589	-0.0267855534436	0.0499968260644	0.0397095662257	-0.074980407095	-0.0589519629	0.0100608208482	-0.0179151806164	-0.0879191876531	-0.00372046973885	-0.0196824375266	0.0340739320167	0.0347133979933	-0.0152370072687	-0.0407032668069	-0.0415747452043	0.0411508228168	0.0242472711717	-0.0363988976645	0.0730005622952	-0.0106087452453	-0.0197351917159
k__Bacteria;p__Bacteroidetes;c__Bacteroidia;o__Bacteroidales;f__Bacteroidaceae;g__Bacteroides;s__Bacteroides_uniformis	0.0253181438541	1.0	-0.0103613827504	-0.0264754955669	-0.0062260111676	0.00499288263544	0.0154898574028	-0.0328387368845	-0.0217359702734	-0.0491855697865	-0.000453388836375	0.0133328909212	-0.0176083032413	0.0629904308303	0.0058952785387	-0.00814734991765	-0.00286090049774	0.00805148924847	-0.0507146763335	-0.0438457540378	0.0116788102361	0.0204108362517	-0.0105659146562	-0.0262177758382	0.0500145790956	0.0689780333583	-0.00790352258961	0.0171279302992	-0.000543399180705	-0.0590026737061	-0.011823266157	0.0195427336274	-0.0485996814871	-0.0105344556782	-0.0604202799917	-0.0172571713701	0.0109039142632	-0.0714916412005	-0.00477102418911	-0.0283739922891	-0.0542131105656	-0.00996821857587	-0.0239012758279	-0.0960942523701	-0.0752131016269	-0.0537507759281	0.0178205804928	0.0364325121524	-0.0231862452939	-0.0307222056777	0.0462148248865	0.0269098088416	4.75267768906e-05	0.0349977622008	-0.0126207558106	-0.07264617219	0.0664725012957	-0.0130556780992	-0.0106072009075
k__Bacteria;p__Bacteroidetes;c__Bacteroidia;o__Bacteroidales;f__Rikenellaceae;g__Alistipes;s__Alistipes_putredinis	-0.0157742451601	-0.0103613827504	1.0	-0.0453970570281	-0.0417296126786	0.0168716230001	-0.0209721003531	-0.0194287862103	-0.0466371811418	0.100794836224	-0.0329444155409	0.0172015654267	0.015098239581	-0.0268843716627	0.00475766744575	-0.00741466224547	0.0183736935931	0.0298848341772	-0.0562003387173	-0.046563908639	-0.0812190716565	0.0157108859002	-0.0444832790052	-0.0194603620957	0.0106012916719	0.012433417582	-0.0458789926471	0.00134828413752	0.0138027795805	-0.0102414303973	-0.00390130076371	0.0448324001491	-0.0173047235905	-0.0454315996187	0.0262403377331	-0.0283988063884	0.03002290798	0.0412234624585	-0.0609039512662	0.0262157236167	0.0471784428151	0.0467967252249	0.0214506319283	-0.036278536964	-0.0277218620934	0.000370328419115	-0.0173125277344	-0.0556454240348	-0.0545518360781	-0.00508194411883	-0.064431720906	-0.0507989137322	0.0188734255608	-0.0116658314327	-0.0416417433157	-0.0750764699231	0.0128482478363	0.0286076436381	0.00142664524772
k__Bacteria;p__Bacteroidetes;c__Bacteroidia;o__Bacteroidales;f__Prevotellaceae;g__Prevotella;s__Prevotella_copri	0.0157541718087	-0.0264754955669	-0.0453970570281	1.0	-0.0683664700745	-0.0599938216391	-0.0163534236036	-0.0911041746009	0.0536941428759	-0.0224270351227	-0.0385845875994	0.0138611343165	0.0913697798229	-0.021147649173	-0.0240608930616	-0.0198214986749	0.0400392373198	-0.0310004537643	0.0332827453306	-0.0135622916168	-0.010006754605	-0.0870668056195	0.0299374813231	-0.0279245768087	-0.00960509135141	0.0728533634402	-0.0454446950029	0.00600814257804	0.0134682673105	0.0110352226949	-0.0887217147555	-0.0268019658795	-0.0224649229245	0.0381797131699	0.0173117497681	-0.0519491319611	-0.0433240345086	0.0295056912152	-0.00313676898015	0.0160700263461	0.00110056448349	-0.0901089834686	0.0204504637471	-0.0346612192075	0.00401803994661	0.0430336717529	0.0487512484962	-0.0174747093711	-0.0145165160947	0.0229710735272	0.0216423150776	-0.0080473237376	-0.0393771229942	0.0497003868094	-0.0252756514183	-0.0765908857895	0.0149350214357	-0.0283740520956	-0.0127697121211
k__Bacteria;p__Bacteroidetes;c__Bacteroidia;o__Bacteroidales;f__Bacteroidaceae;g__Bacteroides;s__Bacteroides_stercoris	-0.0783983193442	-0.0062260111676	-0.0417296126786	-0.0683664700745	1.0	0.087324644638	-0.00676036569712	0.0350309012056	-0.02095165586	0.00652762155623	-0.0475341469632	-0.00739021630879	-0.0418877858239	0.0818160310445	0.034879244471	0.0117671155779	-0.00749326350975	-0.0448349552341	-0.0173862659619	0.0739162662292	0.0425190689207	0.0731055401559	-0.0282255579169	-0.0385477886401	-8.57701005755e-05	-0.0215749251228	-0.0202978586031	-0.0352177116603	-0.0452475145765	0.0342609095711	0.0383353430267	0.0178742886056	0.050734242394	-0.0260592409722	0.0446705009878	0.0721904723649	-0.0750288633474	0.0678074714606	-0.0266185274635	-0.0465430177313	0.00803435707887	0.0288872796866	-0.000198901807559	-0.0589954712423	0.00790281885522	-0.0328717369235	0.0313932984082	-0.0292064323253	0.0157290914452	-0.00419019349391	0.00743359930877	-0.0324372959774	-0.000861324717764	-0.0215449689259	-0.0373620635209	-0.0114296212346	0.00356595022362	-0.0302018716026	0.0233556295203
k__Bacteria;p__Bacteroidetes;c__Bacteroidia;o__Bacteroidales;f__Bacteroidaceae;g__Bacteroides;s__Bacteroides_ovatus	-0.0659609869557	0.00499288263544	0.0168716230001	-0.0599938216391	0.087324644638	1.0	-0.0418931097155	-0.0392617563923	0.0260061835652	-0.0456785592385	-0.0020664490951	-0.065942639217	0.0349147567294	-0.0347200675747	0.000605314907615	-0.0471129008858	-0.0150398901737	-0.0297731967378	-0.0160998958241	-0.019815398489	-0.00370895048035	-0.00310818083988	0.0181661948766	0.0555520336695	-0.0038030321088	0.0286041679523	-0.057065394944	0.0110888152963	-0.0118805203229	-0.046584350466	0.0104775577497	-0.0291030354377	-0.0401220480773	0.0145998505191	0.00362675629768	-0.0346093103014	-0.0727300132652	0.013759847352	-0.00118355980912	-0.0399582555697	0.0396535010997	0.0108711860853	0.0687857414904	-0.0401154722938	0.0720525320244	0.033145185515	-0.0749942263336	-0.0123967203836	0.000439399371494	-0.0342030231538	-0.0324226553723	-0.0536686381794	0.0758940998657	-0.0396863913867	-0.0375610068173	-0.00617595768234	0.0159058471426	-0.00978791189173	-0.0227135790702
k__Bacteria;p__Bacteroidetes;c__Bacteroidia;o__Bacteroidales;f__Rikenellaceae;g__Alistipes;s__Alistipes_shahii	-0.0710460976641	0.0154898574028	-0.0209721003531	-0.0163534236036	-0.00676036569712	-0.0418931097155	1.0	-0.00716824078391	0.00609891560278	0.0401486682024	0.0521789806704	0.00790796467629	-0.043728716145	0.018802775694	0.0370431694978	0.00319844980189	0.0130811475766	0.0232898863814	-0.0216826935558	-0.0512498416617	-0.0631865708056	-0.0189514741669	-0.019433174041	-0.0335458437784	0.00721822805867	0.00579684359133	0.0539731824516	-0.0556231625291	-0.0122199996817	-0.0232323891343	-0.016525762323	0.0544867468095	0.0300919438897	-0.0557701900136	-0.0278622783476	-0.0935505331881	-0.0436871883684	-0.0357849876297	0.0645781526495	-0.0106694894109	0.0806772247331	-0.00607619090258	0.00488807253363	0.0224294103757	-0.0151262393063	-0.0395688117824	-0.027680067245	0.0132807041543	0.0636259191822	0.00786588439138	0.0179580047063	-0.0725511381403	-0.0548145430556	-0.0567461135281	0.0464415589454	0.02694620272	0.0180535650485	0.0274694303899	-0.0134903655976
k__Bacteria;p__Firmicutes;c__Clostridia;o__Clostridiales;f__Ruminococcaceae;g__Faecalibacterium;s__Faecalibacterium_prausnitzii	-0.0391713455633	-0.0328387368845	-0.0194287862103	-0.0911041746009	0.0350309012056	-0.0392617563923	-0.00716824078391	1.0	-0.0166493262329	-0.0392471247476	-0.0322866346112	-0.0126770304775	0.00208899024713	0.00140956983085	0.0199013262337	0.0164147113902	-0.016049941226	0.0304307512962	0.0210682892941	0.0079666051567	0.056176240977	-0.0200373865701	-0.00202170772108	0.00766181769681	0.0174673283518	-0.00958111740596	0.034184459272	-0.0227725050459	-0.0114656163595	-0.00293181345788	0.028559141964	0.0565325753279	-0.0176106134704	-0.00410141756113	-0.0309404023099	-0.0457986411586	0.0116667846733	-0.0322585002109	-0.0290397738701	-0.0293477943173	0.0238040241648	-0.0105690935221	0.0322305969529	-0.0243410503038	-0.00342391415949	-0.101283085796	-0.0350987004137	-0.008647277791	-0.0401598253819	0.0722823930392	0.0171139047288	0.0353668183488	-0.00338928903466	0.00565009934441	0.0158725129151	0.0700352315048	-0.0209065745127	-0.094439725517	0.015548945039
k__Bacteria;p__Bacteroidetes;c__Bacteroidia;o__Bacteroidales;f__Rikenellaceae;g__Alistipes;s__Alistipes_finegoldii	0.0349572706765	-0.0217359702734	-0.0466371811418	0.0536941428759	-0.02095165586	0.0260061835652	0.00609891560278	-0.0166493262329	1.0	0.0119159140302	-0.0248785398277	0.0225409708423	-0.0143163998616	0.0403189655273	-0.0740213532577	0.0411249359809	-0.0279079697381	-0.101668595421	-0.0325480807121	-0.0648345139883	0.0213375151328	-0.00454014119061	0.0317439982268	0.0199245876371	-0.0519636631683	0.0108973345947	-0.00351564246192	-0.0520168782685	0.028132350376	0.00096043877809	0.0308872565893	-0.00411282981274	-0.0538514376485	-0.0453335645538	0.0264498118813	0.0308526786521	0.0051624646058	0.00315520226772	-0.0602289920322	0.0452785682572	-0.00291608666793	-0.00826239120449	0.0232087837535	0.0225494190869	-0.000554428251758	0.0209112094581	0.00224329910715	-0.00192441958014	0.0318855882212	0.0412333186424	-0.102373898102	0.0379015544906	-0.0427607576766	-0.044683765242	-0.0158666369348	-0.0856898093395	-0.0407901497366	0.0485595536727	0.0560137770965
k__Bacteria;p__Bacteroidetes;c__Bacteroidia;o__Bacteroidales;f__Porphyromonadaceae;g__Parabacteroides;s__Parabacteroides_distasonis	-0.0187612115455	-0.0491855697865	0.100794836224	-0.0224270351227	0.00652762155623	-0.0456785592385	0.0401486682024	-0.0392471247476	0.0119159140302	1.0	-0.0274134488808	-0.0351402786738	0.0232364904718	-0.00829775438195	-0.0184112016079	0.0262195679875	0.020859811208	-0.0159966448389	-0.0442063912389	0.0783214888938	-0.0112863754945	-0.0230501466123	-0.0516941907358	0.0310040190768	0.00430328633865	-0.068812153902	0.00462160343327	-0.025606459634	0.0877479404625	-0.025333497227	-0.00332216454527	-0.00039063104313	-0.0111178702134	-0.0432227721463	-0.0288786058916	0.0244544999464	0.00851315862416	-0.0478253763254	-0.00635020519471	0.0160744159395	-0.0232862717331	-0.0148461220473	-0.0710256895228	0.00134036914496	0.016702060028	-0.0609901133782	-0.0326132186746	-0.00759406239376	-0.0372625759675	0.012073167087	-0.0401880157326	-0.010020555808	0.0459311736639	0.0231910164899	-0.0193720369128	-0.00232321857707	-0.0172408719105	-0.00623436905247	0.0968277187894
k__Bacteria;p__Bacteroidetes;c__Bacteroidia;o__Bacteroidales;f__Bacteroidaceae;g__Bacteroides;s__Bacteroides_thetaiotaomicron	-0.0153548894077	-0.000453388836375	-0.0329444155409	-0.0385845875994	-0.0475341469632	-0.0020664490951	0.0521789806704	-0.0322866346112	-0.0248785398277	-0.0274134488808	1.0	-0.0202286283029	-0.0170684124446	-0.00535672410707	-0.0099916107178	-0.0639274418888	0.0406458079747	0.0554563978432	0.0283254419625	-0.0545017261262	-0.0480113531132	0.0022815500428	0.0246108384655	0.00644684099783	-0.0252439302086	-0.0678374069433	0.0329802323771	0.0248154398188	-0.0475657752119	-0.0437317450325	0.0237648158909	0.0209267221207	0.018159325043	-0.0821672654555	-0.0117901857437	-0.00520558041164	0.0109993096013	0.0225496555223	0.0487046652706	-0.0191414472987	0.0447479563092	0.0175128040819	-0.0656577017482	-0.00693919024793	-0.0251875162263	0.0238180215473	-0.0215216886724	0.00745747813393	0.0105910575801	-0.0185676730131	-0.00574587843628	-0.077763222948	0.0494630840112	0.022997855983	0.056902436995	-0.00464161146591	-0.0133971988632	-0.0261606847644	0.0726560990472
k__Bacteria;p__Bacteroidetes;c__Bacteroidia;o__Bacteroidales;f__Bacteroidaceae;g__Bacteroides;s__Bacteroides_coprocola	0.0139078356663	0.0133328909212	0.0172015654267	0.0138611343165	-0.00739021630879	-0.065942639217	0.00790796467629	-0.0126770304775	0.0225409708423	-0.0351402786738	-0.0202286283029	1.0	0.000194305795256	-0.0114516900319	0.0629236153429	0.0113212347697	-0.056328085148	0.0599890443112	0.0118145924278	0.0106597694417	-0.0401567602884	-0.027437705223	0.0230606224563	0.00762569124962	-0.0372048192521	-0.00825931004072	0.0143274588548	-0.0580112225882	0.01288980587	0.0582013963084	-0.00439447082549	-0.0439736082856	-0.0697745742124	0.0133142549052	-0.01266516547	-0.0119520959433	0.00673788002135	-0.0625970589263	-0.032670027415	-0.0225165635959	-0.0373404560539	-0.0179058392907	0.00559766837704	0.0353764685053	-0.00708369638207	0.0239006308695	-0.0170304947604	-0.0206026285584	-0.0389297600999	-0.0873514493643	-0.0074910029077	-0.0488304353332	-0.0329169625088	-0.0359136816202	0.0817940144379	-0.0447354930656	-0.0446714462428	0.00396473596131	0.0140794894131
k__Bacteria;p__Bacteroidetes;c__Bacteroidia;o__Bacteroidales;f__Bacteroidaceae;g__Bacteroides;s__Bacteroides_cellulosilyticus	-0.021233943657	-0.0176083032413	0.015098239581	0.0913697798229	-0.0418877858239	0.0349147567294	-0.043728716145	0.00208899024713	-0.0143163998616	0.0232364904718	-0.0170684124446	0.000194305795256	1.0	-0.0124921003025	0.0143078448158	-0.0720477818802	0.0392146086457	0.00420210672315	-0.0660273681557	-0.0345990118906	-0.0535138038206	-0.0175057474397	-0.0504824766027	0.00349708402922	0.00463727579321	-0.0226981453905	-0.0394201364591	-0.0191205546266	0.0417217708636	-0.0283542897875	-0.0289046927711	-0.0223057095791	0.000616315703805	-0.0256334939571	-0.00314421417527	-0.000108380856818	-0.0414518898177	0.0433845349688	0.0143005834857	0.0785279463727	-0.013293389487	-0.0046742028813	-0.0171210866489	-0.0402376595919	-0.00523718861064	0.052188865623	0.00479302557767	0.0150525690279	0.0734918940827	0.064652584424	0.030947053925	-0.0250659479555	-0.0602221706032	-0.0351307849926	-0.0608536773255	-0.0115763358798	0.00916434256456	-0.00572746187375	-0.0543970216433
k__Bacteria;p__Bacteroidetes;c__Bacteroidia;o__Bacteroidales;f__Rikenellaceae;g__Alistipes;s__Alistipes_obesi	0.0476339245627	0.0629904308303	-0.0268843716627	-0.021147649173	0.0818160310445	-0.0347200675747	0.018802775694	0.00140956983085	0.0403189655273	-0.00829775438194	-0.00535672410707	-0.0114516900319	-0.0124921003025	1.0	-0.0482272946882	0.0317466990253	0.0970345469644	0.00645977199138	0.0281686937531	-0.0382727256417	-0.00689515461567	0.112698045184	0.0621267650156	-0.00336728160755	0.102070560188	-0.0443117836621	-0.0099136224071	-0.015547459895	0.00898500449779	-0.0228532382975	-0.00913838839843	0.0222679195892	-0.0245203341991	-0.00972935704191	-0.0349873462245	0.0203211453972	-0.0175733566857	-0.0425615861968	-0.0494819097311	-0.0399278824061	-0.0039515010374	0.00766227997249	-0.0263715849225	-0.015309653027	0.0361200152422	-0.0253919408903	0.058894100826	0.0124079521764	-0.0409325646607	-0.0735412604249	-0.00115862355472	-0.0259486373091	-0.0600187060841	-0.0097571918883	-0.00749544848142	-0.0146371463442	-0.00651429365792	-0.00925331875908	-0.0248970985216
k__Bacteria;p__Firmicutes;c__Clostridia;o__Clostridiales;f__Lachnospiraceae;g__;s__[Eubacterium]_rectale	-0.086369131086	0.00589527853871	0.00475766744575	-0.0240608930616	0.034879244471	0.000605314907615	0.0370431694978	0.0199013262337	-0.0740213532577	-0.0184112016079	-0.0099916107178	0.0629236153429	0.0143078448158	-0.0482272946882	1.0	-0.00151920593229	0.000100920892063	-0.025536261824	-0.0286394311358	0.000684467519093	-0.0429387947608	-0.000295301989903	-0.0394971580348	-0.0431708799604	-0.0180826430408	-0.0623651106415	-0.00231641210433	-0.00874167877117	0.0032425681912	0.00643142014355	-0.0105195086674	0.00799392367462	0.0364103196221	-0.0331979553558	0.0243098197618	-0.0450961695614	-0.0476969556491	0.00394895332267	-0.0193075999484	0.00394436339652	0.0427315079869	0.0545958099298	0.0222648719494	-0.00628767025409	0.0133344900835	-0.0159393201152	-0.0240247291623	0.00348611310207	-0.00565661094808	-0.0162616520088	-5.65555206373e-05	-0.0312402910587	0.0315005475715	-0.0921687449237	-0.0474735224595	0.0352201615346	-0.015565956144	0.0615401408696	0.0345963611269
k__Bacteria;p__Bacteroidetes;c__Bacteroidia;o__Bacteroidales;f__Bacteroidaceae;g__Bacteroides;s__Bacteroides_plebeius	0.00655457607342	-0.00814734991765	-0.00741466224547	-0.0198214986749	0.0117671155779	-0.0471129008858	0.00319844980189	0.0164147113902	0.0411249359809	0.0262195679875	-0.0639274418888	0.0113212347697	-0.0720477818802	0.0317466990253	-0.00151920593229	1.0	-0.0350026995331	-0.044850896266	-0.015478664999	-0.0367173513272	-0.0190893519225	0.00434687636629	-0.00146572015079	-0.0460886876693	0.0115499243121	-0.0184372966131	-0.0141452968138	-0.0621321729091	-0.0138378356163	-0.0213063340322	-0.0673560067569	0.00241760534227	-0.0116768296578	0.00379152626319	0.0103134047367	0.0136343228838	0.0297954889949	-0.0796395874048	-0.047024906514	-0.0610942420267	0.0580509411014	-0.035212315945	0.0213809388308	0.00500174943302	0.0244903775309	0.0417779101569	0.0152585736252	-0.0111735641184	0.0264812784395	-0.0225304904292	-0.0258947653026	-0.0144379347025	-0.0110753312991	0.00805814662914	-0.00214940062158	-0.043725607035	-0.0249238600578	0.0103586668947	0.0573175256
k__Bacteria;p__Bacteroidetes;c__Bacteroidia;o__Bacteroidales;f__Bacteroidaceae;g__Bacteroides;s__Bacteroides_fragilis	0.0351998165825	-0.00286090049774	0.0183736935931	0.0400392373198	-0.00749326350975	-0.0150398901737	0.0130811475766	-0.016049941226	-0.0279079697381	0.020859811208	0.0406458079747	-0.056328085148	0.0392146086457	0.0970345469644	0.000100920892063	-0.0350026995331	1.0	-0.0724441272327	0.00238764830862	3.37432381933e-05	-0.0307189443685	0.00819985225757	0.00707092405018	-0.0297937454933	-0.0231982032726	0.0496241425264	0.0116251536862	-0.0318892427422	-0.0996511825949	0.00382350692104	0.0418682595508	-0.0549103130439	-0.0214182431857	-0.0420171517283	-0.0152170585894	0.00617699531554	0.0329080324902	-0.0163183092616	0.0574874659203	-0.0207463059858	0.0158349594729	0.018400894956	0.00347887950107	-0.0148086264172	-0.0472926554869	-0.0622459882669	0.00617749285506	0.020627148197	-0.00239694847279	-0.0393751611314	-0.0318176643933	-0.0373232593617	0.0122942252726	0.0086775989165	-0.0168096313994	-0.0341542662685	0.0271201828581	-0.0341753666154	-0.0280201825158
k__Bacteria;p__Proteobacteria;c__Betaproteobacteria;o__Burkholderiales;f__Sutterellaceae;g__Sutterella;s__Sutterella_wadsworthensis	0.00846231316744	0.00805148924847	0.0298848341772	-0.0310004537643	-0.0448349552341	-0.0297731967378	0.0232898863814	0.0304307512962	-0.101668595421	-0.0159966448389	0.0554563978432	0.0599890443112	0.00420210672315	0.00645977199138	-0.025536261824	-0.044850896266	-0.0724441272327	1.0	0.00167204046032	-0.0149866676846	0.0521072699425	0.014911584651	-0.0383180052939	0.0489200009298	-0.0277538916042	-0.0178802779888	-0.0261783572227	0.0137636345182	-0.0572689833727	-0.0279066071017	-0.0705735672855	0.00174046252157	0.0482790052165	0.00195461353131	0.0344702845779	-0.00765561336055	-0.0108302599892	0.0195716484176	-0.0386611412513	-0.0693222633672	0.0571511849468	-0.0194063912011	0.0363360587145	0.0667955340641	0.036910988838	0.0200080130982	0.0283133442294	-0.0374366798858	-0.0112747296649	-0.0306594143423	0.0122265458372	-0.0673944682505	-0.00524711063398	0.0181044071859	0.00423368770156	-0.0214494190293	-0.0140623356023	0.012937768739	-0.021182287693
k__Bacteria;p__Bacteroidetes;c__Bacteroidia;o__Bacteroidales;f__Porphyromonadaceae;g__Barnesiella;s__Barnesiella_intestinihominis	-0.0558377541695	-0.0507146763335	-0.0562003387173	0.0332827453306	-0.0173862659619	-0.0160998958241	-0.0216826935558	0.0210682892941	-0.0325480807121	-0.0442063912389	0.0283254419625	0.0118145924278	-0.0660273681557	0.0281686937531	-0.0286394311358	-0.015478664999	0.00238764830862	0.00167204046032	1.0	0.0107955456268	-0.00351842222548	-0.0134996560842	0.0346642526046	0.044339704197	0.024770780674	-0.0272990339819	-0.0169409229955	-0.0456020129256	-0.0833020914412	-0.0587897009415	0.0145793060844	-0.0132360750979	-0.0302345710369	-0.0371371422178	0.046113363454	-0.0438883000678	-0.00583211832085	-0.0263447956967	0.0226892127171	0.0075573537706	-0.0377370041969	0.00495033871972	-0.0194182834452	-0.0102267280943	0.00687296836242	0.043441947836	-0.000843844576116	-0.0212994474808	0.00543894101951	-0.0491344952981	0.0218042258334	0.0195825489671	0.0248791756402	0.0229370395291	0.0317983544463	-0.0524711342097	0.0194286055625	-0.0681899524409	-0.0264087372046
k__Bacteria;p__Bacteroidetes;c__Bacteroidia;o__Bacteroidales;f__Odoribacteraceae;g__Odoribacter;s__Odoribacter_splanchnicus	0.0736075552407	-0.0438457540378	-0.046563908639	-0.0135622916168	0.0739162662292	-0.019815398489	-0.0512498416617	0.0079666051567	-0.0648345139883	0.0783214888938	-0.0545017261262	0.0106597694417	-0.0345990118906	-0.0382727256417	0.000684467519093	-0.0367173513272	3.37432381933e-05	-0.0149866676846	0.0107955456268	1.0	-0.0053352940379	0.000100981149446	-0.0132698913643	-0.0564172567215	0.0371067322137	-0.0343581515831	0.0189358248935	-0.0338220734749	-0.0126621452058	-0.0436756955785	0.0282347631027	-0.0518149706356	0.0441948108069	-0.0340007858635	0.000444101532291	-0.00628845477175	-0.0150064754522	-0.0307944877516	-0.0363405831086	0.000303491607042	-0.00164836773258	0.0360438925984	-0.00850252164155	-0.00780611390818	-0.0227755206301	0.0201405532864	0.0171985993423	-0.0167370670146	0.0108915928356	0.0405039953159	-0.023636437238	0.0227371776787	0.0357074762788	-0.01243595595	0.0256424301408	-0.0134820698971	0.00788750284352	-0.05686158976	0.00251792169407
k__Bacteria;p__Bacteroidetes;c__Bacteroidia;o__Bacteroidales;f__Bacteroidaceae;g__Bacteroides;s__Bacteroides_salyersiae	-0.00778165659992	0.0116788102361	-0.0812190716565	-0.010006754605	0.0425190689207	-0.00370895048035	-0.0631865708056	0.056176240977	0.0213375151328	-0.0112863754945	-0.0480113531132	-0.0401567602884	-0.0535138038206	-0.00689515461567	-0.0429387947608	-0.0190893519225	-0.0307189443685	0.0521072699425	-0.00351842222548	-0.0053352940379	1.0	0.0278244240878	0.0166962040627	-0.0333706257976	-0.076814545737	0.052615364374	-0.0158767801355	0.0156931237467	-0.0187698855482	-0.0380976245219	-0.0452854093358	-0.0472953729019	-0.0674423968807	0.0127267751526	0.0433652977546	0.00177935529076	-0.0504937249895	-0.0190709015863	-0.0212400743677	-0.0427053895684	-0.00579159390336	-0.0223190814712	0.00177583389337	0.00584093128994	-0.0129305209041	-0.0297831357095	0.0169522218153	-0.00393505735738	-0.0283214915852	-0.0274846592298	0.0289317999752	-0.0263367211113	-0.00151890320461	-0.0407215759909	0.0389972249327	-0.0628151743971	0.00811934661377	-0.0144820615496	-0.00117823796534
k__Bacteria;p__Firmicutes;c__Clostridia;o__Clostridiales;f__Ruminococcaceae;g__Ruminiclostridium;s__[Eubacterium]_siraeum	-0.0280566667981	0.0204108362517	0.0157108859002	-0.0870668056195	0.0731055401559	-0.00310818083988	-0.0189514741669	-0.0200373865701	-0.00454014119061	-0.0230501466123	0.0022815500428	-0.027437705223	-0.0175057474397	0.112698045184	-0.000295301989903	0.00434687636629	0.00819985225757	0.014911584651	-0.0134996560842	0.000100981149446	0.0278244240878	1.0	0.0216352356288	0.0760393248281	-0.069401283382	-0.0349525266877	0.0184846451118	-0.0377719738777	-0.0435968436524	-0.023697284107	-0.0194368271415	0.0297146549833	0.0546879597777	0.0363399964365	-0.0237098989649	0.0318503156713	-0.0145858471086	0.0194381097557	-0.0327164269921	0.0221764904146	-0.018295003982	0.00513468831379	0.0207561216071	-0.00165571429318	-0.0137995293538	-0.00678963214618	-0.0353101726466	-0.026759458088	0.0195652306472	-0.0297834959877	-0.0262392003984	0.0108450047482	0.0198151659146	-0.000843318394848	0.0687548853855	-0.0725212396596	-0.0094560650224	0.0103913751279	-0.0347733729597
k__Bacteria;p__Proteobacteria;c__Betaproteobacteria;o__Burkholderiales;f__Sutterellaceae;g__Parasutterella;s__Parasutterella_excrementihominis	-0.0264897951503	-0.0105659146562	-0.0444832790052	0.0299374813231	-0.0282255579169	0.0181661948766	-0.019433174041	-0.00202170772108	0.0317439982268	-0.0516941907358	0.0246108384655	0.0230606224563	-0.0504824766027	0.0621267650156	-0.0394971580348	-0.00146572015079	0.00707092405018	-0.0383180052939	0.0346642526046	-0.0132698913643	0.0166962040627	0.0216352356288	1.0	-0.00265143710948	0.00405094582934	-0.000672627987963	-0.00329431969178	0.0384711023049	-0.0128853810026	-0.00765604060916	-0.0535629478685	0.00954156595535	-0.0365973305454	-0.0139438979257	0.0188826369063	0.0401013203197	-0.0105951889416	0.0149667979443	-0.0194445601625	-0.0794698745942	-0.0886899928112	-0.0343479687845	-0.0159484327249	0.0044176124565	0.00514437690516	0.047102070614	-0.0362126205663	-0.016146697452	-0.0389984528414	0.03001703224	0.00347157335048	-0.00468108621912	0.0473471157692	-0.029497407256	-0.0170597747582	0.0135456796708	0.0264767149345	-0.0269681102672	-0.0445628026666
k__Bacteria;p__Actinobacteria;c__Actinobacteria;o__Bifidobacteriales;f__Bifidobacteriaceae;g__Bifidobacterium;s__Bifidobacterium_adolescentis	0.0220710669558	-0.0262177758382	-0.0194603620957	-0.0279245768087	-0.0385477886401	0.0555520336695	-0.0335458437784	0.00766181769681	0.0199245876371	0.0310040190768	0.00644684099783	0.00762569124962	0.00349708402922	-0.00336728160755	-0.0431708799604	-0.0460886876693	-0.0297937454933	0.0489200009298	0.044339704197	-0.0564172567215	-0.0333706257976	0.0760393248281	-0.00265143710948	1.0	0.0227758617548	-0.0113931515856	0.0199878996869	-0.024672052329	-0.0244114271805	-0.00626408983093	-0.0207250009522	0.0104782717567	-0.00231094839848	-0.0511971325282	-0.055631375434	-0.00299446266338	0.058254044521	0.0140117630005	-0.000860579280118	-0.0201207860267	0.00785317740859	0.00769123258509	-0.0093766376642	-0.0377362331587	-0.056109668861	0.00511049422321	-0.0622280230673	-0.106875302463	-0.0260213527291	0.00275829993249	0.054678775924	-0.000591695936239	-0.012864231305	-0.000993384190781	-0.0623244582329	-0.0134997536017	-0.0139695739311	0.0248773448359	-0.0494834558565
k__Bacteria;p__Firmicutes;c__Clostridia;o__Clostridiales;f__Oscillospiraceae;g__Oscillibacter;s__Oscillibacter_sp._KLE_1745	0.0182061280624	0.0500145790956	0.0106012916719	-0.00960509135141	-8.57701005755e-05	-0.0038030321088	0.00721822805867	0.0174673283518	-0.0519636631683	0.00430328633865	-0.0252439302086	-0.0372048192521	0.00463727579321	0.102070560188	-0.0180826430408	0.0115499243121	-0.0231982032726	-0.0277538916042	0.024770780674	0.0371067322137	-0.076814545737	-0.069401283382	0.00405094582934	0.0227758617548	1.0	-0.00945271682105	-0.0137717280647	0.0521261657027	0.0400751501096	0.0444996026904	-0.0255242219956	0.0276206679244	-0.0196207750732	0.0553840327465	-0.00735730232378	-0.0650113481262	0.0721106289627	-0.0480418206443	0.0397355789712	0.00310547742271	-0.0554009658529	-0.0807677444549	0.0149007130969	0.0196534974842	-0.0244616773086	-0.0907196513705	0.0534359745801	-0.042308617222	-0.0407728532071	-0.0559500859916	-0.0278271294713	0.0961706283161	0.0311817492332	0.0199802072218	-0.0577437165053	-0.064634574505	-0.0277273444766	-0.0390728665413	-0.0171919084813
k__Bacteria;p__Bacteroidetes;c__Bacteroidia;o__Bacteroidales;f__Bacteroidaceae;g__Bacteroides;s__Bacteroides_coprophilus	-0.0112959388083	0.0689780333583	0.012433417582	0.0728533634402	-0.0215749251228	0.0286041679523	0.00579684359133	-0.00958111740596	0.0108973345947	-0.068812153902	-0.0678374069433	-0.00825931004072	-0.0226981453905	-0.0443117836621	-0.0623651106415	-0.0184372966131	0.0496241425264	-0.0178802779888	-0.0272990339819	-0.0343581515831	0.052615364374	-0.0349525266877	-0.000672627987963	-0.0113931515856	-0.00945271682105	1.0	-0.0157941114246	0.0102402659333	0.0258996813312	-0.0717785489112	-0.0050073117306	-0.0146860314095	-0.0507853599852	-0.0139572565732	-0.0418439730455	-0.0506454395317	0.0166885124514	0.0135954945968	-0.0359352112156	0.0161761123323	-0.0574663952922	-0.0496717004206	0.0538723009531	-0.0919849025122	0.0168608283701	-0.0266617864718	-0.040000477736	-0.0252804285142	0.0180338949718	-0.0282840586844	0.0134094648859	0.0789773312347	0.01350008763	-0.062563384368	-0.0476249692042	0.00432722700502	-0.0112240570881	-0.00318460774792	-0.0722040270474
k__Bacteria;p__Firmicutes;c__Clostridia;o__Clostridiales;f__Lachnospiraceae;g__Roseburia;s__Roseburia_intestinalis	-0.0344396997184	-0.00790352258961	-0.0458789926471	-0.0454446950029	-0.0202978586031	-0.057065394944	0.0539731824516	0.034184459272	-0.00351564246192	0.00462160343327	0.0329802323771	0.0143274588548	-0.0394201364591	-0.0099136224071	-0.00231641210433	-0.0141452968138	0.0116251536862	-0.0261783572227	-0.0169409229955	0.0189358248935	-0.0158767801355	0.0184846451118	-0.00329431969178	0.0199878996869	-0.0137717280647	-0.0157941114246	1.0	0.0107780519896	0.0541313187347	0.0125435031847	-0.0175475304307	-0.0508974462689	0.0119830806393	0.0152139485738	-0.0489919179151	-0.00458631353885	-0.0163513471139	0.0383209551173	-0.0234511785114	-0.043805149692	-0.0198322607176	0.00979584403816	-0.0380611714473	0.00974966558834	0.00244770033782	-0.0163136755163	0.0271175786034	-0.053874991511	-0.0409633956842	0.0185250756406	-0.0202467975752	0.0446734108208	-0.0639549591669	0.065696908677	0.0632326301359	0.00941810238464	0.00419201587836	-0.0837202735979	-0.0159701878691
k__Bacteria;p__Firmicutes;c__Clostridia;o__Clostridiales;f__Lachnospiraceae;g__Roseburia;s__Roseburia_hominis	-0.0269148343342	0.0171279302992	0.00134828413752	0.00600814257804	-0.0352177116603	0.0110888152963	-0.0556231625291	-0.0227725050459	-0.0520168782685	-0.025606459634	0.0248154398188	-0.0580112225882	-0.0191205546266	-0.015547459895	-0.00874167877117	-0.0621321729091	-0.0318892427422	0.0137636345182	-0.0456020129256	-0.0338220734749	0.0156931237467	-0.0377719738777	0.0384711023049	-0.024672052329	0.0521261657027	0.0102402659333	0.0107780519896	1.0	0.0484782122163	-0.055382705014	0.031255245731	-0.0299131052674	-0.0299551896212	0.0756903776475	-0.0248963830698	0.0361905135191	-0.062300851857	-0.0309505653898	0.0334200373679	-0.0248332816438	-0.0233909299521	0.0360946086569	0.0516068936632	-0.0396183405481	0.00626855735034	0.0265280365384	0.0216474421335	-0.00487781472871	-0.107258724542	-0.010001284624	-0.0650805914697	-0.0265401903059	-0.0613455568737	-0.0823363029233	0.0625655658481	0.00968938340915	-0.0200154380436	-0.068241666141	-0.00440180815757
k__Bacteria;p__Bacteroidetes;c__Bacteroidia;o__Bacteroidales;f__Porphyromonadaceae;g__Parabacteroides;s__Parabacteroides_johnsonii	-0.00865729786491	-0.000543399180705	0.0138027795805	0.0134682673105	-0.0452475145765	-0.0118805203229	-0.0122199996817	-0.0114656163595	0.028132350376	0.0877479404625	-0.0475657752119	0.01288980587	0.0417217708636	0.00898500449779	0.0032425681912	-0.0138378356163	-0.0996511825949	-0.0572689833727	-0.0833020914412	-0.0126621452058	-0.0187698855482	-0.0435968436524	-0.0128853810026	-0.0244114271805	0.0400751501096	0.0258996813312	0.0541313187347	0.0484782122163	1.0	0.000677953160152	-0.0396171725452	0.00297398131372	-0.0368252913785	-0.0225571042166	-0.082293521466	-0.0748978773697	0.0183234686617	0.0247172219976	-0.0130615852756	-0.0410998416313	-0.0922626496326	0.00903321223633	-0.0456301655623	-0.0306264642461	-0.0924419542131	0.0381201855638	-0.00180319784359	-0.0733965629643	-0.0567987385308	-0.0363255062851	0.0275633788868	-0.0758114656057	-0.0456355927736	0.00426299446615	-0.0401748375549	-0.00953006954906	-0.00342954367062	-0.0166400145359	0.00419131662253
k__Bacteria;p__Actinobacteria;c__Actinobacteria;o__Bifidobacteriales;f__Bifidobacteriaceae;g__Bifidobacterium;s__Bifidobacterium_longum	0.0437390126051	-0.0590026737061	-0.0102414303973	0.0110352226949	0.0342609095711	-0.046584350466	-0.0232323891343	-0.00293181345788	0.00096043877809	-0.025333497227	-0.0437317450325	0.0582013963084	-0.0283542897875	-0.0228532382975	0.00643142014355	-0.0213063340322	0.00382350692104	-0.0279066071017	-0.0587897009415	-0.0436756955785	-0.0380976245219	-0.023697284107	-0.00765604060916	-0.00626408983093	0.0444996026904	-0.0717785489112	0.0125435031847	-0.055382705014	0.000677953160152	1.0	-0.0396609178944	0.0230953360776	-0.075089921672	-0.0693477997723	0.0345866108001	-0.033024496372	-0.0300156066	-0.0119753744489	-0.0513270755151	-0.0442149415677	0.0730255058358	-0.0180907597688	-0.0451655060079	-0.0195880352008	-0.0315703355486	-0.0274689775854	0.0363967723443	0.0228377431094	0.0705614833391	-0.032843464956	0.00270150413399	-0.00930322463798	0.0700847314244	-0.00519476012486	-0.0125377899998	0.0127549586835	-0.00206197140097	-0.00801553064354	0.0343903747782
