#taxonomy	k__Bacteria;p__Bacteroidetes;c__Bacteroidia;o__Bacteroidales;f__Bacteroidaceae;g__Bacteroides;s__Bacteroides_vulgatus	k__Bacteria;p__Bacteroidetes;c__Bacteroidia;o__Bacteroidales;f__Bacteroidaceae;g__Bacteroides;s__Bacteroides_uniformis	k__Bacteria;p__Bacteroidetes;c__Bacteroidia;o__Bacteroidales;f__Rikenellaceae;g__Alistipes;s__Alistipes_putredinis	k__Bacteria;p__Bacteroidetes;c__Bacteroidia;o__Bacteroidales;f__Prevotellaceae;g__Prevotella;s__Prevotella_copri	k__Bacteria;p__Bacteroidetes;c__Bacteroidia;o__Bacteroidales;f__Bacteroidaceae;g__Bacteroides;s__Bacteroides_stercoris	k__Bacteria;p__Bacteroidetes;c__Bacteroidia;o__Bacteroidales;f__Bacteroidaceae;g__Bacteroides;s__Bacteroides_ovatus	k__Bacteria;p__Bacteroidetes;c__Bacteroidia;o__Bacteroidales;f__Rikenellaceae;g__Alistipes;s__Alistipes_shahii	k__Bacteria;p__Firmicutes;c__Clostridia;o__Clostridiales;f__Ruminococcaceae;g__Faecalibacterium;s__Faecalibacterium_prausnitzii	k__Bacteria;p__Bacteroidetes;c__Bacteroidia;o__Bacteroidales;f__Rikenellaceae;g__Alistipes;s__Alistipes_finegoldii	k__Bacteria;p__Bacteroidetes;c__Bacteroidia;o__Bacteroidales;f__Porphyromonadaceae;g__Parabacteroides;s__Parabacteroides_distasonis	k__Bacteria;p__Bacteroidetes;c__Bacteroidia;o__Bacteroidales;f__Bacteroidaceae;g__Bacteroides;s__Bacteroides_thetaiotaomicron	k__Bacteria;p__Bacteroidetes;c__Bacteroidia;o__Bacteroidales;f__Bacteroidaceae;g__Bacteroides;s__Bacteroides_coprocola	k__Bacteria;p__Bacteroidetes;c__Bacteroidia;o__Bacteroidales;f__Bacteroidaceae;g__Bacteroides;s__Bacteroides_cellulosilyticus	k__Bacteria;p__Bacteroidetes;c__Bacteroidia;o__Bacteroidales;f__Rikenellaceae;g__Alistipes;s__Alistipes_obesi	k__Bacteria;p__Firmicutes;c__Clostridia;o__Clostridiales;f__Lachnospiraceae;g__;s__[Eubacterium]_rectale	k__Bacteria;p__Bacteroidetes;c__Bacteroidia;o__Bacteroidales;f__Bacteroidaceae;g__Bacteroides;s__Bacteroides_plebeius	k__Bacteria;p__Bacteroidetes;c__Bacteroidia;o__Bacteroidales;f__Bacteroidaceae;g__Bacteroides;s__Bacteroides_fragilis	k__Bacteria;p__Proteobacteria;c__Betaproteobacteria;o__Burkholderiales;f__Sutterellaceae;g__Sutterella;s__Sutterella_wadsworthensis	k__Bacteria;p__Bacteroidetes;c__Bacteroidia;o__Bacteroidales;f__Porphyromonadaceae;g__Barnesiella;s__Barnesiella_intestinihominis	k__Bacteria;p__Bacteroidetes;c__Bacteroidia;o__Bacteroidales;f__Odoribacteraceae;g__Odoribacter;s__Odoribacter_splanchnicus	k__Bacteria;p__Bacteroidetes;c__Bacteroidia;o__Bacteroidales;f__Bacteroidaceae;g__Bacteroides;s__Bacteroides_salyersiae	k__Bacteria;p__Firmicutes;c__Clostridia;o__Clostridiales;f__Ruminococcaceae;g__Ruminiclostridium;s__[Eubacterium]_siraeum	k__Bacteria;p__Proteobacteria;c__Betaproteobacteria;o__Burkholderiales;f__Sutterellaceae;g__Parasutterella;s__Parasutterella_excrementihominis	k__Bacteria;p__Actinobacteria;c__Actinobacteria;o__Bifidobacteriales;f__Bifidobacteriaceae;g__Bifidobacterium;s__Bifidobacterium_adolescentis	k__Bacteria;p__Firmicutes;c__Clostridia;o__Clostridiales;f__Oscillospiraceae;g__Oscillibacter;s__Oscillibacter_sp._KLE_1745	k__Bacteria;p__Bacteroidetes;c__Bacteroidia;o__Bacteroidales;f__Bacteroidaceae;g__Bacteroides;s__Bacteroides_coprophilus	k__Bacteria;p__Firmicutes;c__Clostridia;o__Clostridiales;f__Lachnospiraceae;g__Roseburia;s__Roseburia_intestinalis	k__Bacteria;p__Firmicutes;c__Clostridia;o__Clostridiales;f__Lachnospiraceae;g__Roseburia;s__Roseburia_hominis	k__Bacteria;p__Bacteroidetes;c__Bacteroidia;o__Bacteroidales;f__Porphyromonadaceae;g__Parabacteroides;s__Parabacteroides_johnsonii	k__Bacteria;p__Actinobacteria;c__Actinobacteria;o__Bifidobacteriales;f__Bifidobacteriaceae;g__Bifidobacterium;s__Bifidobacterium_longum	k__Bacteria;p__Firmicutes;c__Clostridia;o__Clostridiales;f__;g__Flavonifractor;s__Flavonifractor_plautii	k__Bacteria;p__Firmicutes;c__Clostridia;o__Clostridiales;f__Clostridiaceae;g__Clostridium;s__Clostridium_phoceensis	k__Bacteria;p__Verrucomicrobia;c__Verrucomicrobiae;o__Verrucomicrobiales;f__Akkermansiaceae;g__Akkermansia;s__Akkermansia_muciniphila	k__Bacteria;p__Bacteroidetes;c__Bacteroidia;o__Bacteroidales;f__Prevotellaceae;g__Paraprevotella;s__Paraprevotella_xylaniphila	k__Bacteria;p__Firmicutes;c__Clostridia;o__Clostridiales;f__Ruminococcaceae;g__Ruminococcus;s__Ruminococcus_callidus	k__Bacteria;p__Bacteroidetes;c__Bacteroidia;o__Bacteroidales;f__Rikenellaceae;g__Alistipes;s__Alistipes_senegalensis	k__Bacteria;p__Firmicutes;c__Clostridia;o__Clostridiales;f__Lachnospiraceae;g__Blautia;s__Blautia_sp._KLE_1732	k__Bacteria;p__Bacteroidetes;c__Bacteroidia;o__Bacteroidales;f__Bacteroidaceae;g__Bacteroides;s__Bacteroides_oleiciplenus	k__Bacteria;p__Firmicutes;c__Clostridia;o__Clostridiales;f__Ruminococcaceae;g__Ruminococcus;s__Ruminococcus_bicirculans	k__Bacteria;p__Bacteroidetes;c__Bacteroidia;o__Bacteroidales;f__Bacteroidaceae;g__Bacteroides;s__Bacteroides_fluxus	k__Bacteria;p__Bacteroidetes;c__Bacteroidia;o__Bacteroidales;f__Prevotellaceae;g__Prevotella;s__Prevotella_stercorea	k__Bacteria;p__Firmicutes;c__Clostridia;o__Clostridiales;f__Lachnospiraceae;g__Dorea;s__Dorea_longicatena	k__Bacteria;p__Firmicutes;c__Clostridia;o__Clostridiales;f__Eubacteriaceae;g__Eubacterium;s__[Eubacterium]_eligens	k__Bacteria;p__Firmicutes;c__Clostridia;o__Clostridiales;f__Ruminococcaceae;g__;s__Ruminococcaceae_bacterium_D16	k__Bacteria;p__Firmicutes;c__Clostridia;o__Clostridiales;f__Lachnospiraceae;g__Coprococcus;s__Coprococcus_comes	k__Bacteria;p__Proteobacteria;c__Gammaproteobacteria;o__Enterobacterales;f__Enterobacteriaceae;g__Escherichia;s__Escherichia_coli	k__Bacteria;p__Firmicutes;c__Clostridia;o__Clostridiales;f__Ruminococcaceae;g__Anaerotruncus;s__Anaerotruncus_colihominis	k__Bacteria;p__Firmicutes;c__Clostridia;o__Clostridiales;f__Lachnospiraceae;g__Blautia;s__Blautia_obeum	k__Bacteria;p__Bacteroidetes;c__Bacteroidia;o__Bacteroidales;f__Odoribacteraceae;g__Odoribacter;s__Odoribacter_laneus	k__Bacteria;p__Firmicutes;c__Clostridia;o__Clostridiales;f__Ruminococcaceae;g__Ruminiclostridium;s__[Clostridium]_leptum	k__Bacteria;p__Bacteroidetes;c__Bacteroidia;o__Bacteroidales;f__Porphyromonadaceae;g__Parabacteroides;s__Parabacteroides_goldsteinii	k__Bacteria;p__Firmicutes;c__Clostridia;o__Clostridiales;f__Lachnospiraceae;g__Anaerostipes;s__Anaerostipes_hadrus	k__Bacteria;p__Firmicutes;c__Clostridia;o__Clostridiales;f__Ruminococcaceae;g__Ruminococcus;s__Ruminococcus_lactaris	k__Bacteria;p__Firmicutes;c__Clostridia;o__Clostridiales;f__Clostridiaceae;g__Clostridium;s__Clostridium_sp._L2-50	k__Bacteria;p__Firmicutes;c__Clostridia;o__Clostridiales;f__Clostridiaceae;g__Clostridium;s__Clostridium_sp._M62/1	k__Bacteria;p__Firmicutes;c__Clostridia;o__Clostridiales;f__;g__Intestinimonas;s__Intestinimonas_butyriciproducens	k__Bacteria;p__Actinobacteria;c__Actinobacteria;o__Bifidobacteriales;f__Bifidobacteriaceae;g__Bifidobacterium;s__Bifidobacterium_bifidum	k__Bacteria;p__Firmicutes;c__Negativicutes;o__Veillonellales;f__Veillonellaceae;g__Dialister;s__Dialister_invisus	k__Bacteria;p__Bacteroidetes;c__Bacteroidia;o__Bacteroidales;f__Bacteroidaceae;g__Bacteroides;s__Bacteroides_salanitronis
k__Bacteria;p__Bacteroidetes;c__Bacteroidia;o__Bacteroidales;f__Bacteroidaceae;g__Bacteroides;s__Bacteroides_vulgatus	1.0	-0.0231958486979	-0.034668469246	-0.0202575824126	0.0151055226549	0.00824608149253	-0.0665486253346	0.0395352407731	-0.0775920755518	-0.0494539957283	-0.008948102924	-0.0625657748324	-0.00944962509357	-0.0234018332195	-0.0349981096371	-0.0459645424038	0.0384181755091	0.0169211222447	-0.0646506973286	-0.0199924669743	-0.00524097475517	-0.0289147506931	-0.0166344530447	0.0146697056171	0.0179096850643	-0.0358248498564	-0.0157526180847	-0.00669546400894	-0.0216435092998	-0.0278037526744	-0.0145058107493	0.000248449307046	-0.0166894289819	-0.0118194070056	-0.0663020468881	0.0470801851242	-0.0240612244045	0.0186040999797	-0.0344708912048	0.0207989620141	0.0186558408046	0.00839634259158	0.000725768300083	0.001936082682	-0.0693138999918	-0.0417062689108	0.00987214339455	-0.00530645580866	0.0197714633411	-0.0279739743993	0.0137552102284	-0.0367969794094	-0.0171400777363	-0.024863006983	0.012999017107	-0.0600498526179	0.00107691903749	0.0218959376116	0.0851210022021
k__Bacteria;p__Bacteroidetes;c__Bacteroidia;o__Bacteroidales;f__Bacteroidaceae;g__Bacteroides;s__Bacteroides_uniformis	-0.0231958486979	1.0	-0.0700261051265	0.0275762163803	0.0566783851747	0.00890503882619	-0.0274182635644	0.0319990810216	0.105158124203	-0.0389523333325	0.0381813855377	-0.0358325351057	-0.0348318585514	-0.0478691070246	-0.0314993716735	-0.00609891345912	-0.0430096348789	-0.0498582503124	-0.0225583011824	-0.0416278757211	-0.00740643954035	-0.0192846311972	0.0407865910832	0.030489299535	-0.00382444939162	0.0530860594444	-0.0220384884731	-0.00601194295518	-0.0549995078101	0.000741236556458	0.0115523645804	-0.00303943747288	0.0178184458348	-0.0415625518076	0.0118311273246	-0.0622091498676	-0.00862126234906	-0.0630755941166	0.0412522793932	0.0227580466554	-0.0559322588247	-0.0352427419522	0.0438610503067	-0.0322140088257	-0.0159260148946	-0.0486232641423	-0.0613347212686	0.0227234770099	-0.0160373155719	-0.0545628179969	-0.0276910559794	0.021322655048	-0.0754740556273	0.0746514751541	-0.0193065748677	0.0499545199288	0.0186586720486	-0.0193550458589	0.0219536484758
k__Bacteria;p__Bacteroidetes;c__Bacteroidia;o__Bacteroidales;f__Rikenellaceae;g__Alistipes;s__Alistipes_putredinis	-0.034668469246	-0.0700261051265	1.0	0.0576748107763	-0.00163443971051	0.0108893225524	-0.035144562937	0.0399945247441	-0.0101104393458	0.058762933594	0.0372355947803	0.00883591622857	0.089297819161	0.0134328763085	0.0474870737985	-0.0391047223516	-0.0102059949023	-0.0102707252458	0.00250928777664	-0.0681574738823	-0.0147339557487	-0.0744439599286	0.0462022319887	-0.000455710636451	-0.0751933767331	0.0327907082806	0.0594515364445	-0.00819041631265	-0.0255293465143	-0.0177396093195	-0.000855606398363	-0.00368091601875	-0.00580031102489	-0.0317531491688	-0.0512459518351	0.0451504524132	0.00343795877435	-0.0097202834537	-0.00948348242926	-0.00611756581959	-0.0291259541036	-0.0187371727184	-0.0334945321183	0.0257423081894	-0.00584105255885	0.0483922616891	-0.0345215441946	-0.0420046197774	0.0265359201872	0.0413761366587	-0.0514085362362	-0.0981403892987	-0.0163110469555	-0.0523375413188	-0.0411168483421	-0.0248998120589	0.0102795198192	-0.00935829162938	0.034760926976
k__Bacteria;p__Bacteroidetes;c__Bacteroidia;o__Bacteroidales;f__Prevotellaceae;g__Prevotella;s__Prevotella_copri	-0.0202575824126	0.0275762163803	0.0576748107763	1.0	0.0301529138523	-0.0420804138452	-0.0362730280328	0.0254991589683	0.00703684929357	-0.00525294847194	-0.00779672501288	-0.0390752493336	0.0638878027684	-0.031572155124	-0.0721344762672	0.0389430455871	0.0118450721435	0.0152781005542	0.0232530622513	0.0590416153992	0.00469114864861	-0.0751681743899	-0.0130024203019	-0.0030823451211	-0.0419049693844	-0.0504796583578	0.0474312249186	0.00881509557507	-0.0318417395235	-0.0122155775226	-0.041546161445	0.0322286456397	-0.0335104303813	0.0383958448766	-0.00323210177978	0.00691900851783	-0.0265860937889	-0.00608583125089	-0.0349426622146	-0.0483826014592	-0.0705181248401	0.00679498820209	-0.103138468756	-0.0133745368163	-0.0842342041129	0.08207103151	-0.00337972705995	-0.022070068591	0.0063619399388	-0.0483577074571	-0.0800065802666	-0.0278529202271	-0.00756503922717	0.00773581729789	0.101411378207	0.0516309650047	-0.000798522546071	0.00610165744832	0.00138875310032
k__Bacteria;p__Bacteroidetes;c__Bacteroidia;o__Bacteroidales;f__Bacteroidaceae;g__Bacteroides;s__Bacteroides_stercoris	0.0151055226549	0.0566783851747	-0.00163443971051	0.0301529138523	1.0	-0.0216090434661	-0.0519922502539	-0.0182119862003	0.0272254359303	-0.0248250298772	-0.0541020030893	0.0428701597386	-0.0606912344359	-0.00370248291393	-0.0307754910419	-0.0242845232478	-0.00994839331318	-0.0128865294561	0.0769613749441	-0.0262834700049	-0.0218681185512	-0.0051101319488	0.0303428692237	-0.0375544568759	-0.00581579727231	0.0301571657216	-0.018412777623	-0.0877833522976	0.00561299197375	-0.0270012045868	0.0303820413202	0.0458994120499	-0.0494417226241	-0.0425559903836	-0.0170777508431	-0.0026895352375	-0.0326364772734	0.00699860537278	-0.0293975940941	0.0122841201729	-0.0451654510512	0.0128325226452	0.0146716730906	-0.00425717853363	0.0411910049948	-0.0319141504157	-0.0372212259296	0.0407633677986	-0.00913509078531	0.0175819434899	-0.0608616133573	0.029514145364	0.053893267358	-0.0261584344498	-0.00519964433698	0.092803476575	-0.0684853942468	-0.018258526821	0.0213907542206
k__Bacteria;p__Bacteroidetes;c__Bacteroidia;o__Bacteroidales;f__Bacteroidaceae;g__Bacteroides;s__Bacteroides_ovatus	0.00824608149253	0.00890503882619	0.0108893225524	-0.0420804138452	-0.0216090434661	1.0	-0.00755597062056	-0.02195536389	0.0797944700237	0.00131009704314	0.0271871059253	-0.00115536349126	-0.0186413963415	0.00816430730138	0.00162089404223	0.0132015354502	0.0147285767666	-0.0108778316779	0.0455456363917	-0.0691173061888	-0.0233542883593	-0.01959882737	0.0350368260319	-0.0150120842047	0.0488953086539	-0.00970748870927	-0.0765107650302	0.0245323693303	-0.00769671960478	-0.00178764022565	-0.0761058135563	-0.0274331667572	0.00469809727347	-0.0320878033573	-0.0135460256827	0.0327264463996	-0.0548089320557	-0.00686467662477	-0.0181675363251	-0.0130770820248	0.0368401645587	-0.0231555468086	0.02372188232	0.0115407602025	-0.0619883225816	-0.0164310906794	-0.0513691018889	0.015976799318	-0.0235729599341	-0.00468225948841	0.0732401187344	-0.0662533358414	-0.0937568380769	-0.0305293346844	-0.00913801955547	0.0221854895424	-0.0385454180223	0.0419172701465	0.00453860477202
k__Bacteria;p__Bacteroidetes;c__Bacteroidia;o__Bacteroidales;f__Rikenellaceae;g__Alistipes;s__Alistipes_shahii	-0.0665486253346	-0.0274182635644	-0.035144562937	-0.0362730280328	-0.0519922502539	-0.00755597062056	1.0	-0.124592814586	-0.0495189772056	-0.0198187260117	-0.00550240318978	0.000262473359372	0.0285570111313	-0.0157360111276	-0.0415389111272	-0.0210332531241	-0.0356470990523	0.00493429908541	-0.0459557536173	0.0193607178328	-0.0553273886337	-0.0207001953582	0.000363338517123	-0.0300977786646	-0.0286311915958	-0.0720081471709	-0.0103622494189	0.081356207472	-0.0444835358439	0.0221578120691	0.0454253389132	-0.000434961898903	-0.0510793987777	0.00291539627769	0.0542542295247	0.0527773230309	-0.0455702357945	-0.0129243047399	0.0062400380168	-0.0131193794517	0.0707888142583	-0.0277653416149	-0.059426710075	0.0167702482551	-0.0131502867773	0.0271423454871	-0.0069630885923	-0.00818299876874	0.0139335709835	-0.0525457235453	-0.0291418066612	0.000437077352863	0.0208249535849	0.0105181742517	0.048080907692	-0.0369469413928	0.00245935233225	-0.015711461169	-0.044117167922
k__Bacteria;p__Firmicutes;c__Clostridia;o__Clostridiales;f__Ruminococcaceae;g__Faecalibacterium;s__Faecalibacterium_prausnitzii	0.0395352407731	0.0319990810216	0.0399945247441	0.0254991589683	-0.0182119862003	-0.02195536389	-0.124592814586	1.0	-0.0111163832114	-0.0094076595779	0.00193399199075	0.0047764072566	0.0545990746029	-0.0103165808925	0.0311662972204	-0.0585388527444	-0.0540762989281	0.0148444954865	0.0121858227119	0.00214165712736	-0.0044033839082	-0.0397427886556	-0.0141181955121	-0.0109614375624	0.0307864424295	0.0158851025992	-0.00727761591677	-0.0155656176164	-0.0365974465207	-0.0691405110238	-0.0182512118408	0.0207531540999	0.0234354913717	0.0238048137259	0.0323391906598	-0.0710548318682	-0.0173355623348	0.061313369515	0.00309763695559	0.0178511969036	0.0133128720742	-0.0202421799534	0.0204210710305	-0.0657057157458	0.0288475937377	-0.0209578996908	-0.0177951580081	0.00460423254087	0.0325002286984	-0.0207021951424	0.0159705673259	-0.0481788941783	-0.00687445653426	-0.0344581893182	0.000279070017487	0.0235294584281	-0.0292119765798	-0.0392257778447	-0.0541450024171
k__Bacteria;p__Bacteroidetes;c__Bacteroidia;o__Bacteroidales;f__Rikenellaceae;g__Alistipes;s__Alistipes_finegoldii	-0.0775920755518	0.105158124203	-0.0101104393458	0.00703684929357	0.0272254359303	0.0797944700237	-0.0495189772056	-0.0111163832114	1.0	-0.0456413263601	-0.0610855574689	-0.0380040119147	0.0476765189668	0.0104278293011	-0.0196200454937	0.0753054500909	-0.0605378601544	0.046862753799	0.0242448763793	-0.0474604266107	-0.0316934056351	0.0208514618959	-0.00205918972342	0.00472169757297	-0.0323259227708	0.0842052348189	0.013012639859	-0.00571241828351	0.00261959762869	-0.00592154507384	0.00396427954714	0.0168622557112	-0.0247805191296	-0.0368416589894	0.0110865715915	-0.0295622348002	-0.0517754042519	0.00890079606401	-0.0171512877832	-0.0187373748296	-0.0809707435083	0.0394559379526	-0.0222705072812	0.0546312523282	-0.030789565843	-0.0173082314256	-0.0322076993679	-0.0140647172141	0.0240144872104	-0.0172939401247	-0.0450720170627	-0.0530775025581	-0.0316405741676	-0.0294940243899	-0.0503158451383	0.104500804351	0.0388625459473	-0.0199681822909	0.0638908321733
k__Bacteria;p__Bacteroidetes;c__Bacteroidia;o__Bacteroidales;f__Porphyromonadaceae;g__Parabacteroides;s__Parabacteroides_distasonis	-0.0494539957283	-0.0389523333325	0.058762933594	-0.00525294847194	-0.0248250298772	0.00131009704314	-0.0198187260117	-0.0094076595779	-0.0456413263601	1.0	0.00928519545402	-0.0314817158748	-0.000738456523981	0.0901243337408	0.00197373442264	-0.0190348580108	0.045084344523	-0.0764738491601	0.0257541267202	0.0412313475675	0.00928753488422	-0.0368050694377	0.0256881001195	-0.0333350351886	-0.0204512957723	-0.0138869237432	-0.0191323603142	0.0138909067847	-0.0209158461275	0.0588583136862	-0.0269473483823	-0.0028030060555	0.00863031761473	0.0166181914969	-0.0314620527252	-0.0250169325466	-0.0681921572537	0.0178929066987	0.0583010043929	-0.0673119913599	-0.0246363506665	-0.0373265483264	-0.0622479870862	0.0690402437239	-0.0308629007572	0.0148095436189	-0.0529255623585	0.0296902950642	-0.0421294702341	0.0355316434509	0.020314002938	-0.0133279919362	0.023751188878	0.00387547261815	-0.0188743683553	0.0146485911052	-0.0686804216529	0.015280562729	-0.0612399122092
k__Bacteria;p__Bacteroidetes;c__Bacteroidia;o__Bacteroidales;f__Bacteroidaceae;g__Bacteroides;s__Bacteroides_thetaiotaomicron	-0.008948102924	0.0381813855377	0.0372355947803	-0.00779672501288	-0.0541020030893	0.0271871059253	-0.00550240318979	0.00193399199075	-0.0610855574689	0.00928519545402	1.0	0.0145541188169	-0.0509428201341	-0.0618055271873	-0.0571608233071	0.0116803565461	-0.0569093507621	0.0579045837343	0.000132029074919	0.0293842770796	-0.0366384173799	0.0470845883359	-0.0202578560116	-0.0205054708047	0.0285583889707	-0.0528125842191	0.0403297753302	0.0387884790716	-0.0519172385549	0.00829303125266	-0.00828966838257	0.00151249518768	0.00346221319156	-0.0298183965526	0.0463277216372	0.046367924005	-0.056598397297	-0.0664093777417	-0.0180362510813	-0.0326642354857	-0.0790344229231	0.00450164312257	0.0115557765669	-0.0244253617871	-0.00848799555655	-0.01769892705	-0.0635163357096	0.00295192334882	0.00435170392964	-0.00738731901584	0.0617065035528	0.00214985424531	0.0092243365043	-0.0575644893147	-0.0512266399587	0.0561640417188	-0.0295873219945	0.0386221069729	-0.0243986587995
k__Bacteria;p__Bacteroidetes;c__Bacteroidia;o__Bacteroidales;f__Bacteroidaceae;g__Bacteroides;s__Bacteroides_coprocola	-0.0625657748324	-0.0358325351057	0.00883591622857	-0.0390752493336	0.0428701597386	-0.00115536349126	0.000262473359372	0.0047764072566	-0.0380040119147	-0.0314817158748	0.0145541188169	1.0	-0.0665464443891	0.010318379904	0.0338148054139	-0.0119970345306	0.0034742703054	-0.0296941363664	-0.0599477368072	-0.0502652573011	0.0178569234372	-0.0644430982036	-0.00517940516987	-0.00415925081807	-0.000434988057717	0.0118978835661	0.0108814100301	-0.0148073290927	-0.0202708893949	0.0424407518285	-0.045144751656	-0.053917680228	-0.0340942048735	-0.0244210801481	0.00180958807541	0.0250646895141	0.0226535786804	-0.0140434685096	-0.0278119386808	0.0400473190294	0.0357598200359	-0.0308985041258	0.0185513786196	-0.0531587048117	-0.0148949413788	-0.0485860376935	0.0177812311442	-0.0336095036975	-0.0691711210081	0.00416321350657	0.0245847284989	0.00356473924078	-0.009474177673	0.0708664657905	0.0165893371802	-0.0115827242027	0.0118885056801	0.055909639112	-0.0139727012569
k__Bacteria;p__Bacteroidetes;c__Bacteroidia;o__Bacteroidales;f__Bacteroidaceae;g__Bacteroides;s__Bacteroides_cellulosilyticus	-0.00944962509357	-0.0348318585514	0.089297819161	0.0638878027684	-0.0606912344359	-0.0186413963415	0.0285570111313	0.0545990746029	0.0476765189668	-0.000738456523981	-0.0509428201341	-0.0665464443891	1.0	0.00122858982243	-0.0244955383327	0.0319159875559	-0.0821076051582	0.00356308429568	-0.00476494480452	-0.00398976573424	0.0264185306989	0.0301264070688	-0.00904811803286	0.0424326440945	0.024257245686	-0.0435452036138	-0.0238322235739	-0.075059301668	-0.0245666810076	0.00841068346211	-0.00276643259379	-0.132223679252	-0.000521498293857	0.00786332054924	-0.00288341638746	0.0359685761256	-0.0523744251016	-0.0118110132503	-0.0421894390624	-0.0481389688256	0.0044827812497	-0.00270361919768	-0.0162832995537	0.0496392522646	-0.00519937090062	-0.0346715192199	-0.0186009070765	-0.0415085653025	-0.0335099099327	0.0392927167842	-0.008278008021	0.021581458314	-0.0099643386568	-0.0220568779819	-0.0187516510266	-0.00749957277834	0.0498618915427	-0.0161102393751	0.0454075009223
k__Bacteria;p__Bacteroidetes;c__Bacteroidia;o__Bacteroidales;f__Rikenellaceae;g__Alistipes;s__Alistipes_obesi	-0.0234018332195	-0.0478691070246	0.0134328763085	-0.031572155124	-0.00370248291393	0.00816430730138	-0.0157360111276	-0.0103165808925	0.0104278293011	0.0901243337408	-0.0618055271873	0.010318379904	0.00122858982243	1.0	0.0965696515637	0.00123798779832	-0.0868543407455	0.00458699201774	-0.0307062256876	0.0718784370783	-0.0445995700656	-0.0359424893458	0.00720233461927	0.0243281837009	-0.0481284619642	-0.0187148856318	0.0126060480637	-0.0117253220637	-0.0207090543799	0.0135395573532	-0.0166784868678	0.0799379818253	-0.0476581189469	0.0802549596517	-0.0394175249509	0.0370619909897	0.0101720762312	0.00160875344057	-0.0389904689882	-0.0374746804276	0.0505559132886	0.00455283288477	0.00773672035429	-0.0448013008991	0.0213316243904	-0.0808014233684	0.0447537024527	-0.0929308081947	-0.0122195743323	0.00913915698346	-0.0765469070569	0.0191847660796	0.0408193273858	-0.00994500330717	-0.10286135207	0.0304697520937	-0.0154497866648	0.0703381602703	0.0373053210017
k__Bacteria;p__Firmicutes;c__Clostridia;o__Clostridiales;f__Lachnospiraceae;g__;s__[Eubacterium]_rectale	-0.0349981096371	-0.0314993716735	0.0474870737985	-0.0721344762672	-0.0307754910419	0.00162089404223	-0.0415389111272	0.0311662972204	-0.0196200454937	0.00197373442264	-0.0571608233071	0.0338148054139	-0.0244955383327	0.0965696515637	1.0	0.0595051342912	-0.0555045533855	0.0377203837877	-0.0207358524764	-0.0134947767973	-0.00149963521484	0.00553304148202	-0.0544401574709	-0.0838225144558	-0.0348228842242	0.0233327731652	0.0350290626254	-0.0638262642122	-0.0251521047414	0.00145977943432	0.0263939213579	0.0192587816539	0.00796438198965	-0.0332384102043	0.0174879588361	-0.0721329980828	-0.000664424376372	-0.0543070063432	-0.00304381836585	0.0302974731902	-0.0219690508188	-0.0352577800323	-0.0265879014963	0.0443217540359	-0.0450392017843	0.0295399531939	-0.0277227122257	-0.00754201046595	-0.0254576341034	-0.0644321935936	0.0522202836532	-0.0577785622259	0.0180733109719	-0.0152686741728	-0.00484183429342	0.0112821651704	-0.0769074098388	0.0674754302287	-0.0782503317548
k__Bacteria;p__Bacteroidetes;c__Bacteroidia;o__Bacteroidales;f__Bacteroidaceae;g__Bacteroides;s__Bacteroides_plebeius	-0.0459645424038	-0.00609891345912	-0.0391047223516	0.0389430455871	-0.0242845232478	0.0132015354502	-0.0210332531241	-0.0585388527444	0.0753054500909	-0.0190348580108	0.0116803565461	-0.0119970345306	0.0319159875559	0.00123798779832	0.0595051342912	1.0	0.011512631749	0.00361966628908	0.0346660830095	0.0336237176663	-0.0644014271027	-0.00292657201549	0.107045255005	-0.0574359959407	-0.05548641237	-0.0312266398825	0.0198257273349	-0.0167115541883	0.0116091303127	-0.0420322951904	-0.0269813048038	-0.016052158041	-0.0383860660115	0.0248259262842	-0.0280383458039	-0.0189808461568	0.0314669550405	0.000284610853784	-0.0824521030135	-0.0749374850814	-0.00396774644904	-0.038689914094	-0.0564086908109	-0.0392506403484	-0.0366547806873	0.0372829847524	-0.0185281205312	-0.052135650234	0.0343708303153	0.0123964126037	-0.0248010141389	-0.0268844156372	0.0299402503113	-0.00482243641836	-0.05276268695	0.021006246511	0.000917135761762	0.0754414439391	-0.0479768936806
k__Bacteria;p__Bacteroidetes;c__Bacteroidia;o__Bacteroidales;f__Bacteroidaceae;g__Bacteroides;s__Bacteroides_fragilis	0.0384181755091	-0.0430096348789	-0.0102059949023	0.0118450721435	-0.00994839331318	0.0147285767666	-0.0356470990523	-0.0540762989281	-0.0605378601544	0.045084344523	-0.0569093507621	0.0034742703054	-0.0821076051582	-0.0868543407455	-0.0555045533855	0.011512631749	1.0	0.0268488729491	0.0331459456619	0.0218916170315	0.0437324779581	-0.00842554273036	-0.0293435725347	0.0297588972656	-0.0483892075511	-0.0498012263196	0.0363451969106	0.0541475098975	-0.0238360953358	-0.0536968073596	-0.0348228102463	-0.018161639283	-0.0483944116927	-0.0180960048277	0.085685414868	-0.0169461073435	0.0272214712005	-0.0140643153473	0.00434521366937	-0.0196116720543	-0.0609493171875	0.0129274063073	0.0187312279037	-0.00112218285757	0.00627157158523	-0.0131943238945	-0.0104064809052	0.0111204478314	-0.045932596556	0.0622818522965	-0.0198888474896	-0.0247489244019	-0.0420853445103	0.0345040461834	-0.0223544933311	0.0219758143557	-0.0141310091242	0.0551586434552	0.030374689632
k__Bacteria;p__Proteobacteria;c__Betaproteobacteria;o__Burkholderiales;f__Sutterellaceae;g__Sutterella;s__Sutterella_wadsworthensis	0.0169211222447	-0.0498582503124	-0.0102707252458	0.0152781005542	-0.0128865294561	-0.0108778316779	0.00493429908541	0.0148444954865	0.046862753799	-0.0764738491601	0.0579045837343	-0.0296941363664	0.00356308429568	0.00458699201774	0.0377203837877	0.00361966628908	0.0268488729491	1.0	-0.00783038274068	0.0501001717066	0.0701599561623	0.0682215538709	0.0244837135071	0.0603065339147	-0.0342553652717	-0.0272040577735	-0.0151889488818	0.0254765844688	-0.0231533417526	-0.0179422424554	-0.0363484854346	-0.0734575714858	-0.0831520732609	0.019444029761	-0.0432516085502	-0.0223539356757	0.0630296007628	-0.0554342811635	-0.00625973559696	0.0265905947766	-0.0386728957602	0.0186617097834	-0.0696650595271	-0.0346481646954	0.00626437014959	-0.0591953083587	0.025151527832	0.00633410492662	-0.00537207763233	-0.0784004902752	-0.0428883670525	-0.00514163576795	-0.00374222050351	0.0259243571778	0.0367264470677	-0.0230015941894	-0.0561948522836	-0.0883202839282	-0.000324493884401
k__Bacteria;p__Bacteroidetes;c__Bacteroidia;o__Bacteroidales;f__Porphyromonadaceae;g__Barnesiella;s__Barnesiella_intestinihominis	-0.0646506973286	-0.0225583011824	0.00250928777664	0.0232530622513	0.0769613749441	0.0455456363917	-0.0459557536173	0.0121858227119	0.0242448763793	0.0257541267202	0.000132029074919	-0.0599477368072	-0.00476494480452	-0.0307062256876	-0.0207358524764	0.0346660830095	0.0331459456619	-0.00783038274068	1.0	0.00240276160068	-0.000122446787619	-0.0368001656824	0.0202830612915	-0.0410589283984	-0.0471929083322	-0.0206718441181	-0.00830123124431	0.0172007095478	0.0706385084973	0.0164663144511	-0.0641540638553	-0.0199195156185	-0.0853181519763	0.0506910706966	-0.0288945838565	-0.0192335700468	-0.0269451820509	0.000751083786601	0.0582198164839	0.00646704836657	-0.0346044375003	0.000318728211907	-0.0705317955419	-0.0597437243293	-0.0110156817591	-0.000204392358886	0.0263505505832	-0.0881737275529	-0.0383754651502	-0.0226305999317	0.0425445695689	0.0147140495834	-0.0360856201778	-0.044679292497	-0.0156326768185	0.0833236655084	0.0103206988115	-0.012956570122	-0.0692690231479
k__Bacteria;p__Bacteroidetes;c__Bacteroidia;o__Bacteroidales;f__Odoribacteraceae;g__Odoribacter;s__Odoribacter_splanchnicus	-0.0199924669743	-0.0416278757211	-0.0681574738823	0.0590416153992	-0.0262834700049	-0.0691173061888	0.0193607178328	0.00214165712736	-0.0474604266107	0.0412313475675	0.0293842770796	-0.0502652573011	-0.00398976573424	0.0718784370783	-0.0134947767973	0.0336237176663	0.0218916170315	0.0501001717066	0.00240276160068	1.0	-0.0141828777154	-0.0346472453779	-0.087209739554	0.0259211541251	-0.0632237477398	-0.0232452270849	-0.00600071980798	0.03535774075	-0.0350756319363	-0.0336917181883	-0.0774498635731	0.0234145473821	-0.0807323915321	-0.0446621721367	0.0124082924843	-0.050983802985	0.0163145819506	0.029489028645	0.0266331702812	0.0356441459741	-0.0265192069611	-0.0551561502537	-0.0178124133367	0.0240004809716	0.00494602277731	-0.050267678695	0.0251985163093	-0.0375341054258	0.0405060809897	-0.0223936978559	-0.0185898074711	-0.00559374611918	0.0163399511557	0.0242016388751	0.036276615898	-0.0536319343181	0.0507922984993	-0.00206316018107	-0.0379129121329
k__Bacteria;p__Bacteroidetes;c__Bacteroidia;o__Bacteroidales;f__Bacteroidaceae;g__Bacteroides;s__Bacteroides_salyersiae	-0.00524097475517	-0.00740643954035	-0.0147339557487	0.00469114864861	-0.0218681185512	-0.0233542883593	-0.0553273886337	-0.0044033839082	-0.0316934056351	0.00928753488422	-0.0366384173799	0.0178569234372	0.0264185306989	-0.0445995700656	-0.00149963521484	-0.0644014271027	0.0437324779581	0.0701599561623	-0.000122446787619	-0.0141828777154	1.0	0.0416207084919	-0.0247194269138	0.0466137929924	-0.0249284717137	-0.044971942734	0.0515773647269	-0.021170631436	-0.0135411140048	-0.0334818992454	0.0518207916329	-0.0191283165521	0.057756316397	0.0109476891284	-0.0591509368745	0.0427924608463	-0.0320815582333	0.0151520451706	-0.0187231228182	-0.0476250218975	-0.0203484638802	-0.0214468843066	-0.0225386548453	0.0599894606811	0.0294110214932	0.0475867638639	-0.0356560413439	-0.0183519809314	-0.0149680856664	-0.0153930226319	-0.0303647342411	-0.0248061689159	-0.0193446888345	0.0536013596784	-0.0229028613511	0.0379058918411	-0.0165750867624	-0.0486131089761	0.0202399199592
k__Bacteria;p__Firmicutes;c__Clostridia;o__Clostridiales;f__Ruminococcaceae;g__Ruminiclostridium;s__[Eubacterium]_siraeum	-0.0289147506931	-0.0192846311972	-0.0744439599286	-0.0751681743899	-0.0051101319488	-0.01959882737	-0.0207001953582	-0.0397427886556	0.0208514618959	-0.0368050694377	0.0470845883359	-0.0644430982036	0.0301264070688	-0.0359424893458	0.00553304148202	-0.00292657201549	-0.00842554273036	0.0682215538709	-0.0368001656824	-0.0346472453779	0.0416207084919	1.0	0.0143558226469	-0.0306429025685	-0.0650596921842	0.0108603053902	-0.0434847166631	-0.0873992344938	-0.00538433983647	0.0282414301054	0.0117984529662	0.00862415933854	-0.0292675507273	0.00255990552767	0.0234366040673	-0.0192644079972	0.0502052685262	0.0538398310477	-0.0330777190207	-0.0347727945209	0.0268961588096	0.0725516467734	-0.0356815343595	-0.0106593521389	0.000658600436591	-0.0502038797749	-0.0534771671966	-0.0453650373188	0.0169119006244	0.0365927417964	-0.000377469184611	0.0487332616492	-0.0317404582137	4.92141937162e-05	-0.0352235172144	-0.0506874693229	0.0784018100916	-0.0700714349909	-0.00681205368014
k__Bacteria;p__Proteobacteria;c__Betaproteobacteria;o__Burkholderiales;f__Sutterellaceae;g__Parasutterella;s__Parasutterella_excrementihominis	-0.0166344530447	0.0407865910832	0.0462022319887	-0.0130024203019	0.0303428692237	0.0350368260319	0.000363338517123	-0.0141181955121	-0.00205918972342	0.0256881001195	-0.0202578560116	-0.00517940516987	-0.00904811803286	0.00720233461927	-0.0544401574709	0.107045255005	-0.0293435725347	0.0244837135071	0.0202830612915	-0.087209739554	-0.0247194269138	0.0143558226469	1.0	0.0293613287466	0.0448891644587	0.00635835876335	-0.0944992092795	-0.0529138126877	-0.0107138992531	-0.0446324885511	0.00761209666762	-0.0834227936589	-0.0410043996232	0.0586551605711	-0.00194484563616	0.0521349927616	0.0041709402234	-0.0221898155528	-0.0674475745651	-0.0102304687451	0.0246880832522	-0.0124852552257	0.011140789339	-0.0335113033777	-0.0392024844576	-0.0175767857418	0.0746846652548	-0.0396098631857	-0.0436604082398	-0.0435137006661	0.0206710356541	-0.0481508883911	0.0175680827153	0.0913995603685	0.00880430386709	-0.00622361720234	0.0132443215728	-0.0320777760608	-0.0273343994388
k__Bacteria;p__Actinobacteria;c__Actinobacteria;o__Bifidobacteriales;f__Bifidobacteriaceae;g__Bifidobacterium;s__Bifidobacterium_adolescentis	0.0146697056171	0.030489299535	-0.000455710636451	-0.0030823451211	-0.0375544568759	-0.0150120842047	-0.0300977786646	-0.0109614375624	0.00472169757297	-0.0333350351886	-0.0205054708047	-0.00415925081807	0.0424326440945	0.0243281837009	-0.0838225144558	-0.0574359959407	0.0297588972656	0.0603065339147	-0.0410589283984	0.0259211541251	0.0466137929924	-0.0306429025685	0.0293613287466	1.0	0.00413664791572	0.0212400650005	0.0194423962037	0.0325592360151	0.0438119066809	-0.00958316950838	-0.0877097310997	0.00038218655915	-0.0314297255573	-0.0745906636727	-0.0622736864882	0.0530229995269	0.0560779214535	-0.0424112321329	0.0377397769813	-0.0188423775795	-0.00264037781475	-0.0550714346197	-0.015717344621	-0.00365439398486	0.0746664475083	-0.0133354391154	0.0184517434448	-0.0608904933454	0.00989727590578	0.00379814251455	-0.0184889403055	-0.0217958593456	-0.0157155437738	0.0288096156115	-0.0550969959155	0.0186687030628	-0.0193018454334	-0.0615322587337	-0.0734070863922
k__Bacteria;p__Firmicutes;c__Clostridia;o__Clostridiales;f__Oscillospiraceae;g__Oscillibacter;s__Oscillibacter_sp._KLE_1745	0.0179096850643	-0.00382444939162	-0.0751933767331	-0.0419049693844	-0.00581579727231	0.0488953086539	-0.0286311915958	0.0307864424295	-0.0323259227708	-0.0204512957723	0.0285583889707	-0.000434988057716	0.024257245686	-0.0481284619642	-0.0348228842242	-0.05548641237	-0.0483892075511	-0.0342553652717	-0.0471929083322	-0.0632237477398	-0.0249284717137	-0.0650596921842	0.0448891644587	0.00413664791572	1.0	-0.0787674936919	-0.0614201515051	-0.00612116356555	0.00125721465488	-0.04110767706	0.0233668993327	-0.0148371394113	0.0098813802817	0.0444080603115	-0.00279607004619	-0.0392619530566	-0.073716955492	0.0364883951439	0.0336066748149	0.0132671319407	-0.000552790255511	0.0252468717074	0.0182264166634	0.0736310986633	0.00358962536141	-0.0369318787863	0.0404600462491	0.0136095789123	-0.0237478803818	-0.102128267211	-0.0265603701529	-0.0254571782627	-0.0412968238958	0.0695243937875	-0.00976366960253	-0.0476027396928	0.0544544362743	0.00322596760211	-0.0114687223124
k__Bacteria;p__Bacteroidetes;c__Bacteroidia;o__Bacteroidales;f__Bacteroidaceae;g__Bacteroides;s__Bacteroides_coprophilus	-0.0358248498564	0.0530860594444	0.0327907082806	-0.0504796583578	0.0301571657216	-0.00970748870927	-0.0720081471709	0.0158851025992	0.0842052348189	-0.0138869237432	-0.0528125842191	0.0118978835661	-0.0435452036138	-0.0187148856318	0.0233327731652	-0.0312266398825	-0.0498012263196	-0.0272040577735	-0.0206718441181	-0.0232452270849	-0.044971942734	0.0108603053902	0.00635835876335	0.0212400650005	-0.0787674936919	1.0	-0.0204807974342	-0.0145481819925	0.0294260958997	0.0108052446285	-0.0409014056559	-0.0258049051897	-0.0198141821294	0.0637257422488	-0.0138971112607	-0.0180969500737	0.0122150028962	0.0466429367205	0.0770024026402	0.0429515803922	-0.000751942157856	0.0406008563165	0.0525684489141	-0.114926821415	-0.00947247399819	-0.0142077984236	-0.0183486347354	-0.0263156253121	0.0464401932782	-0.0115029950848	-0.00903337617721	0.0199916185339	-0.0342525576448	-0.0231854685859	-0.00951494658537	-0.0378659093886	-0.0309045261928	0.0449912709278	-0.0258024567813
k__Bacteria;p__Firmicutes;c__Clostridia;o__Clostridiales;f__Lachnospiraceae;g__Roseburia;s__Roseburia_intestinalis	-0.0157526180847	-0.0220384884731	0.0594515364445	0.0474312249186	-0.018412777623	-0.0765107650302	-0.0103622494189	-0.00727761591677	0.013012639859	-0.0191323603142	0.0403297753302	0.0108814100301	-0.0238322235739	0.0126060480637	0.0350290626254	0.0198257273349	0.0363451969106	-0.0151889488818	-0.00830123124431	-0.00600071980798	0.0515773647269	-0.0434847166631	-0.0944992092795	0.0194423962037	-0.0614201515051	-0.0204807974342	1.0	-0.0164382624631	0.00838315298047	-0.00300020697829	0.0666784388119	-0.0438709958048	-0.0264758044625	-0.0408804806428	-0.0163083623773	-0.0262105539989	-0.00884100318658	-0.0275564051196	0.0318789158578	0.0101811295816	0.0192665670853	0.0424221730052	0.00821928140139	-0.0183634068574	0.0322038433625	0.0441961261303	-0.0215582624385	0.045699035626	0.00754043938594	0.0455078781917	-0.000517175955979	-0.0758610186597	-0.0440361676255	-0.0534516866833	-0.00659538237892	-0.0643592812638	-0.0586974415593	0.0105748771724	0.00347919817247
k__Bacteria;p__Firmicutes;c__Clostridia;o__Clostridiales;f__Lachnospiraceae;g__Roseburia;s__Roseburia_hominis	-0.00669546400894	-0.00601194295518	-0.00819041631265	0.00881509557507	-0.0877833522976	0.0245323693303	0.081356207472	-0.0155656176164	-0.00571241828351	0.0138909067847	0.0387884790716	-0.0148073290927	-0.075059301668	-0.0117253220637	-0.0638262642122	-0.0167115541883	0.0541475098975	0.0254765844688	0.0172007095478	0.03535774075	-0.021170631436	-0.0873992344938	-0.0529138126877	0.0325592360151	-0.00612116356555	-0.0145481819925	-0.0164382624631	1.0	-0.0732366810353	0.0436405632877	-0.00984087759325	0.0245913970725	0.0401028854786	-0.00314547722908	-0.0102240790211	-0.0430605754163	-0.00356706293143	0.00421325783577	0.00386983363046	0.0182125839636	-0.0939999771268	0.0524248620649	-0.0193552801621	0.0283720882555	-0.0789806280564	-0.0444617842439	0.0155295932301	0.0472703865654	-0.0560953844118	0.0368518929721	-0.0530180185089	-0.0165890993865	-0.047420369191	-0.0241815132603	-0.00251087638207	-0.0165473110285	0.00932350678551	0.0404987925899	-0.00447979169397
k__Bacteria;p__Bacteroidetes;c__Bacteroidia;o__Bacteroidales;f__Porphyromonadaceae;g__Parabacteroides;s__Parabacteroides_johnsonii	-0.0216435092998	-0.0549995078101	-0.0255293465143	-0.0318417395235	0.00561299197375	-0.00769671960478	-0.0444835358439	-0.0365974465207	0.00261959762869	-0.0209158461275	-0.0519172385549	-0.0202708893949	-0.0245666810076	-0.0207090543799	-0.0251521047414	0.0116091303127	-0.0238360953358	-0.0231533417526	0.0706385084973	-0.0350756319363	-0.0135411140048	-0.00538433983647	-0.0107138992531	0.0438119066809	0.00125721465488	0.0294260958997	0.00838315298047	-0.0732366810353	1.0	0.011294789913	0.0521925103314	-0.00527161483905	-0.00180885553588	0.0416208717832	0.00149244412324	0.00925187947457	0.0715228724608	-0.0411788485969	0.00295434940181	0.0115697460025	0.0452154314591	-0.00822380643374	-0.045909388671	-0.0582044113539	0.00258777665681	0.0262443462167	-0.0600060549395	-0.00535954169067	0.0134500441859	-0.0071623077933	-0.00653962315349	-0.0243743014761	0.0048624807223	-0.0510129588124	-0.040236860042	-0.0216211045321	0.00269551018281	-0.0363393018128	-0.0192559153757
k__Bacteria;p__Actinobacteria;c__Actinobacteria;o__Bifidobacteriales;f__Bifidobacteriaceae;g__Bifidobacterium;s__Bifidobacterium_longum	-0.0278037526744	0.000741236556458	-0.0177396093195	-0.0122155775226	-0.0270012045868	-0.00178764022565	0.0221578120691	-0.0691405110238	-0.00592154507384	0.0588583136862	0.00829303125266	0.0424407518285	0.00841068346211	0.0135395573532	0.00145977943432	-0.0420322951904	-0.0536968073596	-0.0179422424554	0.0164663144511	-0.0336917181883	-0.0334818992454	0.0282414301054	-0.0446324885511	-0.00958316950838	-0.04110767706	0.0108052446285	-0.00300020697829	0.0436405632877	0.011294789913	1.0	0.0502242562416	0.00879922240789	0.00648124555865	0.0379150761965	-0.00776809353753	-0.0795750306248	0.0796080110962	0.00657091579688	0.0475752913321	-0.0106574225464	-0.048155326458	-0.094813831985	0.0289148287357	0.0311291499749	-0.0418873787791	0.0550858312139	-0.0328965368185	-0.0335694594422	0.00461351347302	-0.00539185279429	-0.0343911390271	-0.00299048347642	0.0524449658824	0.0594707752173	-0.0370970666639	0.0365555098596	0.0134903617052	0.0328352332543	0.0285043309754
