#taxonomy	k__Bacteria;p__Bacteroidetes;c__Bacteroidia;o__Bacteroidales;f__Bacteroidaceae;g__Bacteroides;s__Bacteroides_vulgatus	k__Bacteria;p__Bacteroidetes;c__Bacteroidia;o__Bacteroidales;f__Bacteroidaceae;g__Bacteroides;s__Bacteroides_uniformis	k__Bacteria;p__Bacteroidetes;c__Bacteroidia;o__Bacteroidales;f__Rikenellaceae;g__Alistipes;s__Alistipes_putredinis	k__Bacteria;p__Bacteroidetes;c__Bacteroidia;o__Bacteroidales;f__Prevotellaceae;g__Prevotella;s__Prevotella_copri	k__Bacteria;p__Bacteroidetes;c__Bacteroidia;o__Bacteroidales;f__Bacteroidaceae;g__Bacteroides;s__Bacteroides_stercoris	k__Bacteria;p__Bacteroidetes;c__Bacteroidia;o__Bacteroidales;f__Bacteroidaceae;g__Bacteroides;s__Bacteroides_ovatus	k__Bacteria;p__Bacteroidetes;c__Bacteroidia;o__Bacteroidales;f__Rikenellaceae;g__Alistipes;s__Alistipes_shahii	k__Bacteria;p__Firmicutes;c__Clostridia;o__Clostridiales;f__Ruminococcaceae;g__Faecalibacterium;s__Faecalibacterium_prausnitzii	k__Bacteria;p__Bacteroidetes;c__Bacteroidia;o__Bacteroidales;f__Rikenellaceae;g__Alistipes;s__Alistipes_finegoldii	k__Bacteria;p__Bacteroidetes;c__Bacteroidia;o__Bacteroidales;f__Porphyromonadaceae;g__Parabacteroides;s__Parabacteroides_distasonis	k__Bacteria;p__Bacteroidetes;c__Bacteroidia;o__Bacteroidales;f__Bacteroidaceae;g__Bacteroides;s__Bacteroides_thetaiotaomicron	k__Bacteria;p__Bacteroidetes;c__Bacteroidia;o__Bacteroidales;f__Bacteroidaceae;g__Bacteroides;s__Bacteroides_coprocola	k__Bacteria;p__Bacteroidetes;c__Bacteroidia;o__Bacteroidales;f__Bacteroidaceae;g__Bacteroides;s__Bacteroides_cellulosilyticus	k__Bacteria;p__Bacteroidetes;c__Bacteroidia;o__Bacteroidales;f__Rikenellaceae;g__Alistipes;s__Alistipes_obesi	k__Bacteria;p__Firmicutes;c__Clostridia;o__Clostridiales;f__Lachnospiraceae;g__;s__[Eubacterium]_rectale	k__Bacteria;p__Bacteroidetes;c__Bacteroidia;o__Bacteroidales;f__Bacteroidaceae;g__Bacteroides;s__Bacteroides_plebeius	k__Bacteria;p__Bacteroidetes;c__Bacteroidia;o__Bacteroidales;f__Bacteroidaceae;g__Bacteroides;s__Bacteroides_fragilis	k__Bacteria;p__Proteobacteria;c__Betaproteobacteria;o__Burkholderiales;f__Sutterellaceae;g__Sutterella;s__Sutterella_wadsworthensis	k__Bacteria;p__Bacteroidetes;c__Bacteroidia;o__Bacteroidales;f__Porphyromonadaceae;g__Barnesiella;s__Barnesiella_intestinihominis	k__Bacteria;p__Bacteroidetes;c__Bacteroidia;o__Bacteroidales;f__Odoribacteraceae;g__Odoribacter;s__Odoribacter_splanchnicus	k__Bacteria;p__Bacteroidetes;c__Bacteroidia;o__Bacteroidales;f__Bacteroidaceae;g__Bacteroides;s__Bacteroides_salyersiae	k__Bacteria;p__Firmicutes;c__Clostridia;o__Clostridiales;f__Ruminococcaceae;g__Ruminiclostridium;s__[Eubacterium]_siraeum	k__Bacteria;p__Proteobacteria;c__Betaproteobacteria;o__Burkholderiales;f__Sutterellaceae;g__Parasutterella;s__Parasutterella_excrementihominis	k__Bacteria;p__Actinobacteria;c__Actinobacteria;o__Bifidobacteriales;f__Bifidobacteriaceae;g__Bifidobacterium;s__Bifidobacterium_adolescentis	k__Bacteria;p__Firmicutes;c__Clostridia;o__Clostridiales;f__Oscillospiraceae;g__Oscillibacter;s__Oscillibacter_sp._KLE_1745	k__Bacteria;p__Bacteroidetes;c__Bacteroidia;o__Bacteroidales;f__Bacteroidaceae;g__Bacteroides;s__Bacteroides_coprophilus	k__Bacteria;p__Firmicutes;c__Clostridia;o__Clostridiales;f__Lachnospiraceae;g__Roseburia;s__Roseburia_intestinalis	k__Bacteria;p__Firmicutes;c__Clostridia;o__Clostridiales;f__Lachnospiraceae;g__Roseburia;s__Roseburia_hominis	k__Bacteria;p__Bacteroidetes;c__Bacteroidia;o__Bacteroidales;f__Porphyromonadaceae;g__Parabacteroides;s__Parabacteroides_johnsonii	k__Bacteria;p__Actinobacteria;c__Actinobacteria;o__Bifidobacteriales;f__Bifidobacteriaceae;g__Bifidobacterium;s__Bifidobacterium_longum	k__Bacteria;p__Firmicutes;c__Clostridia;o__Clostridiales;f__;g__Flavonifractor;s__Flavonifractor_plautii	k__Bacteria;p__Firmicutes;c__Clostridia;o__Clostridiales;f__Clostridiaceae;g__Clostridium;s__Clostridium_phoceensis	k__Bacteria;p__Verrucomicrobia;c__Verrucomicrobiae;o__Verrucomicrobiales;f__Akkermansiaceae;g__Akkermansia;s__Akkermansia_muciniphila	k__Bacteria;p__Bacteroidetes;c__Bacteroidia;o__Bacteroidales;f__Prevotellaceae;g__Paraprevotella;s__Paraprevotella_xylaniphila	k__Bacteria;p__Firmicutes;c__Clostridia;o__Clostridiales;f__Ruminococcaceae;g__Ruminococcus;s__Ruminococcus_callidus	k__Bacteria;p__Bacteroidetes;c__Bacteroidia;o__Bacteroidales;f__Rikenellaceae;g__Alistipes;s__Alistipes_senegalensis	k__Bacteria;p__Firmicutes;c__Clostridia;o__Clostridiales;f__Lachnospiraceae;g__Blautia;s__Blautia_sp._KLE_1732	k__Bacteria;p__Bacteroidetes;c__Bacteroidia;o__Bacteroidales;f__Bacteroidaceae;g__Bacteroides;s__Bacteroides_oleiciplenus	k__Bacteria;p__Firmicutes;c__Clostridia;o__Clostridiales;f__Ruminococcaceae;g__Ruminococcus;s__Ruminococcus_bicirculans	k__Bacteria;p__Bacteroidetes;c__Bacteroidia;o__Bacteroidales;f__Bacteroidaceae;g__Bacteroides;s__Bacteroides_fluxus	k__Bacteria;p__Bacteroidetes;c__Bacteroidia;o__Bacteroidales;f__Prevotellaceae;g__Prevotella;s__Prevotella_stercorea	k__Bacteria;p__Firmicutes;c__Clostridia;o__Clostridiales;f__Lachnospiraceae;g__Dorea;s__Dorea_longicatena	k__Bacteria;p__Firmicutes;c__Clostridia;o__Clostridiales;f__Eubacteriaceae;g__Eubacterium;s__[Eubacterium]_eligens	k__Bacteria;p__Firmicutes;c__Clostridia;o__Clostridiales;f__Ruminococcaceae;g__;s__Ruminococcaceae_bacterium_D16	k__Bacteria;p__Firmicutes;c__Clostridia;o__Clostridiales;f__Lachnospiraceae;g__Coprococcus;s__Coprococcus_comes	k__Bacteria;p__Proteobacteria;c__Gammaproteobacteria;o__Enterobacterales;f__Enterobacteriaceae;g__Escherichia;s__Escherichia_coli	k__Bacteria;p__Firmicutes;c__Clostridia;o__Clostridiales;f__Ruminococcaceae;g__Anaerotruncus;s__Anaerotruncus_colihominis	k__Bacteria;p__Firmicutes;c__Clostridia;o__Clostridiales;f__Lachnospiraceae;g__Blautia;s__Blautia_obeum	k__Bacteria;p__Bacteroidetes;c__Bacteroidia;o__Bacteroidales;f__Odoribacteraceae;g__Odoribacter;s__Odoribacter_laneus	k__Bacteria;p__Firmicutes;c__Clostridia;o__Clostridiales;f__Ruminococcaceae;g__Ruminiclostridium;s__[Clostridium]_leptum	k__Bacteria;p__Bacteroidetes;c__Bacteroidia;o__Bacteroidales;f__Porphyromonadaceae;g__Parabacteroides;s__Parabacteroides_goldsteinii	k__Bacteria;p__Firmicutes;c__Clostridia;o__Clostridiales;f__Lachnospiraceae;g__Anaerostipes;s__Anaerostipes_hadrus	k__Bacteria;p__Firmicutes;c__Clostridia;o__Clostridiales;f__Ruminococcaceae;g__Ruminococcus;s__Ruminococcus_lactaris	k__Bacteria;p__Firmicutes;c__Clostridia;o__Clostridiales;f__Clostridiaceae;g__Clostridium;s__Clostridium_sp._L2-50	k__Bacteria;p__Firmicutes;c__Clostridia;o__Clostridiales;f__Clostridiaceae;g__Clostridium;s__Clostridium_sp._M62/1	k__Bacteria;p__Firmicutes;c__Clostridia;o__Clostridiales;f__;g__Intestinimonas;s__Intestinimonas_butyriciproducens	k__Bacteria;p__Actinobacteria;c__Actinobacteria;o__Bifidobacteriales;f__Bifidobacteriaceae;g__Bifidobacterium;s__Bifidobacterium_bifidum	k__Bacteria;p__Firmicutes;c__Negativicutes;o__Veillonellales;f__Veillonellaceae;g__Dialister;s__Dialister_invisus	k__Bacteria;p__Bacteroidetes;c__Bacteroidia;o__Bacteroidales;f__Bacteroidaceae;g__Bacteroides;s__Bacteroides_salanitronis
k__Bacteria;p__Bacteroidetes;c__Bacteroidia;o__Bacteroidales;f__Bacteroidaceae;g__Bacteroides;s__Bacteroides_vulgatus	1.0	-0.0140602863578	-0.0285346459853	-0.00906118165648	-0.0222551011838	-0.0208318896575	-0.0143332273428	0.0675535353065	-0.0431028258631	0.0300183081385	0.00758403929946	0.00735052778988	-0.039663923796	-0.0244043177884	-0.0358057045482	-0.0809780817544	-0.0228864051893	0.00494575694895	0.0527566008003	-0.0527786215554	-0.0267660816036	0.0138471120449	-0.0526159975805	-0.0532616975728	-0.0119225627724	0.0291260414288	-0.00326968657607	0.0222480038546	-0.0126557737982	0.00214843876097	-0.0170429522517	0.0177856016038	0.000618676146234	-0.0409260622514	0.0130041015812	-0.0399717334964	-0.0336044162856	0.0585410456701	-0.00870176480334	-0.0246520177763	0.0487077412682	0.00546077774631	-0.0180897790428	-0.0198753334834	0.0400214259458	-0.03941976081	0.0295422300884	0.0541668975324	-0.0218685445912	0.00303688722482	-0.0221517918987	0.0456238563564	-0.0314985664689	0.0401765676393	0.0236090096359	-0.00935424926085	-0.00588207789054	-0.015188439447	-0.0249870791495
k__Bacteria;p__Bacteroidetes;c__Bacteroidia;o__Bacteroidales;f__Bacteroidaceae;g__Bacteroides;s__Bacteroides_uniformis	-0.0140602863578	1.0	0.0578939114202	-0.0657020140538	0.068505707931	-0.00866344417782	-0.00409740765538	0.000985599515099	0.0298989071128	-0.0366431335747	0.00897432671387	-0.0222648994181	0.0499109791668	0.0264497219412	0.00419332995884	-0.057260474366	0.00627651362106	-0.0213700815599	0.00517500335687	-0.0203712862699	-0.0391901051529	0.0253674746377	-0.0486707269226	-0.0173857442745	0.0213210949055	0.0380511221486	0.0310405094437	0.020733113489	0.0147254877161	-0.0369655845434	-0.0443054658467	-0.0803055402476	-0.0154536167058	0.0101062315176	-0.0147142705949	0.0325790878403	0.00804693250299	-0.00606686061641	-0.00696763647563	-0.0561405613859	0.0181659041022	-0.0433834616553	-0.0131365762836	-0.00742176951491	-0.0421224347379	0.0316175206033	-0.0224816946962	0.00866364635233	0.0279281804397	0.0113105526079	0.056578911425	-0.0189925781149	-0.0257392372427	-0.028864658809	-0.0211309716955	0.0583112879683	-0.0814813559456	-0.0267265480021	-0.08421974997
k__Bacteria;p__Bacteroidetes;c__Bacteroidia;o__Bacteroidales;f__Rikenellaceae;g__Alistipes;s__Alistipes_putredinis	-0.0285346459853	0.0578939114202	1.0	0.0246640943877	-0.00576023356502	-0.033482559217	-0.0150320616305	-0.0778534940797	-0.0359029041397	-0.0370065986574	-0.0620299376503	0.00653295862346	0.0113316207516	-0.038410981714	-0.0589459740352	-0.0808477955465	-0.0303833792899	-0.0282052155387	0.00679044189277	-0.042732800995	0.0141611738155	0.00882046252819	0.0526678349786	-0.0232276712223	0.0565955608436	-0.0213834140815	-0.00551242831261	0.0258277047669	-0.0103634980015	0.0483594516147	0.0313370723024	0.0293262707987	0.00265340317294	0.0246361262625	-0.07321881174	0.0483347466295	0.00672871018676	0.00825794603228	-0.0678418503095	-0.0472181967936	-0.0281376942752	0.0412191133536	-0.0317517334323	-0.0263928309902	-0.0645667150787	-0.0146991608097	-0.0444888428281	0.0274543870875	-0.0570970412344	-0.0213792210266	0.00866627205406	0.014958733135	-0.0372864394074	-0.0341193746489	-0.0375467236493	0.0652618391491	-0.00298948003286	0.00599329876314	0.0225100229734
k__Bacteria;p__Bacteroidetes;c__Bacteroidia;o__Bacteroidales;f__Prevotellaceae;g__Prevotella;s__Prevotella_copri	-0.00906118165648	-0.0657020140538	0.0246640943877	1.0	-0.0148478407504	-0.015762983632	0.0255943749444	-0.00892346939923	-0.00677682792489	0.0288497780118	-0.0236979017305	0.0601315505286	-0.0806492889855	-0.0730354303099	0.0234801120609	-0.0899890401563	0.0440376993447	-0.0423540628427	-0.0307217899126	-0.0183733008636	-0.0462648560088	0.0430031844622	0.0392560429757	-0.0408974088983	0.0490018854771	-0.0305304828229	0.00475430696486	-0.000967828413272	0.0345215022899	-0.0308935845682	-0.0467400654215	-0.0107084990832	0.0174679619534	0.0234424346528	0.0321644714396	0.0396536019273	-0.0376191674594	-0.0433987085782	-0.0313699770784	-0.0278060403515	0.0547527092565	-0.047003850289	0.018555545809	0.030652674463	-0.0345383656497	-0.0734686355806	-0.0107864830444	-0.0546057128302	-0.0062965315587	0.0503990655056	-0.0143446566629	0.0098958006752	-0.0367941063024	0.00100033237286	-0.0212241006494	0.00240479220033	0.0274004652053	-0.0121704567069	-0.00325134662274
k__Bacteria;p__Bacteroidetes;c__Bacteroidia;o__Bacteroidales;f__Bacteroidaceae;g__Bacteroides;s__Bacteroides_stercoris	-0.0222551011838	0.068505707931	-0.00576023356502	-0.0148478407504	1.0	-0.0124556519586	-0.0460021563012	-0.0443709573851	-0.0156060562878	-0.0563379827117	0.00488429798711	0.0333610413128	-0.0685492567889	0.0288187562882	-0.0354779420833	0.0620995573747	-0.060198321398	-0.0385697752783	-0.0402258469032	-0.0136027938292	-0.0138149952134	-0.0220338360784	-0.0245815238583	-0.0107397279703	-0.0314764228882	0.0619556389518	0.0393996117707	-0.0790919307616	0.00164872410508	0.00261451341135	0.0226083828478	0.00315457037428	-0.0430600085104	0.0478830801116	-0.00125018886311	-0.0205428479339	-0.0435771204561	0.00105765454724	-0.016110065839	-0.0151720283011	0.072893211495	0.0373079037543	0.0387444698968	0.0172406949517	0.0440276071586	0.0728807421016	0.017769375499	-0.0769945792479	-0.0268734006662	-0.00987562965157	-0.0690763377143	0.0213466584947	0.0320363842472	-0.0268299348852	-8.4716627283e-05	-0.0294659526115	-0.0134484593348	-0.0124761946861	0.0391580231155
k__Bacteria;p__Bacteroidetes;c__Bacteroidia;o__Bacteroidales;f__Bacteroidaceae;g__Bacteroides;s__Bacteroides_ovatus	-0.0208318896575	-0.00866344417782	-0.033482559217	-0.015762983632	-0.0124556519586	1.0	-0.0304019860361	-0.0125307195075	0.0148915097308	0.0539867076645	-0.0435870628616	-0.0276370602515	-0.00451694415018	-0.0119095424651	0.0351814025986	-0.0523723776499	-0.0161513424661	-0.0259232529238	0.0442629092347	-0.040118336742	-0.0446510162934	0.00808780238191	0.0029894501529	-0.0445249566017	0.0152809263307	-0.0264949614949	-0.0173046977829	0.0212184577865	-0.0247482504818	0.0305792715556	-0.0584207935118	0.0366384778319	0.00635243750834	-0.0234389064807	-0.0474712132656	-0.0286724558151	0.0665395126645	-0.028436109287	0.00878753713186	0.0110527984677	-0.0124574307057	0.0148206042599	0.0220787986973	-0.0502843767866	-0.0607868809097	0.0124993336511	-0.0307818892348	-0.0477654273287	-0.0379770191103	-0.0142505675072	0.0243076186055	-0.0730936452714	0.00234749763661	0.0372898363249	0.0312281832653	0.0131913093696	0.0113818883962	-0.0706740013216	0.0411281674773
k__Bacteria;p__Bacteroidetes;c__Bacteroidia;o__Bacteroidales;f__Rikenellaceae;g__Alistipes;s__Alistipes_shahii	-0.0143332273428	-0.00409740765538	-0.0150320616305	0.0255943749444	-0.0460021563012	-0.0304019860361	1.0	-0.0434816881926	-0.0433343901582	0.00994910050548	0.0119270451552	0.00432944442828	0.0163958471068	0.0195736564932	0.00200016094912	-0.00291292557641	0.00508627804452	0.014846981174	0.0790859838424	-0.0633237826229	-0.0820116998745	-0.0856531151247	-0.00634402882852	-0.0730458895232	0.0310554729086	-0.0590741824568	-0.0331606145648	0.0195261904394	0.00861017186115	-0.0507335528362	-0.0105323360705	0.0089947492382	-0.0360061981525	-0.0365152652212	-0.05798657955	-0.0523259639394	0.0312845203669	-0.00480181402525	0.0556032788306	-0.0169561813793	-0.0455575060303	-0.00518163534266	0.0278444018916	0.0221425985471	-0.0296964643124	0.0198812851751	0.00538360570905	-0.0470203867632	0.0177528317202	-0.0102893689013	-0.0189679993198	0.0161740199318	-0.0182565308265	0.00589739347269	0.00780249046971	-0.0102095790311	0.091699378903	-0.0221038373201	-0.0203311410491
k__Bacteria;p__Firmicutes;c__Clostridia;o__Clostridiales;f__Ruminococcaceae;g__Faecalibacterium;s__Faecalibacterium_prausnitzii	0.0675535353065	0.000985599515099	-0.0778534940797	-0.00892346939923	-0.0443709573851	-0.0125307195075	-0.0434816881926	1.0	-0.0489719386789	0.0326268317201	-0.0721560320026	-0.0350012886644	-0.0267711372618	0.0274376293925	0.00628360649642	-0.0239780768419	0.0365962572097	-0.00366385610751	-0.00125610067442	-0.0498203517964	-0.053502073974	0.0342896015111	0.0301732351113	-0.0114201175321	0.0228396790419	0.0149404938376	-0.00327818813247	-0.014281335258	-0.0267848268164	0.0254904141802	0.0621622077256	0.0147284680596	-0.0137360253647	0.12451508714	-0.0578073804046	0.0214048310354	-0.0805487854497	-0.00225389551644	-0.0375062294239	-0.061104906479	0.0433423729101	-0.0308305733238	-0.0411801076652	-0.0083231020803	0.0372391737595	0.0257607005805	0.0266645517829	-0.0254070564554	-0.0288843714662	-0.0255398304136	-0.0321964432352	-0.0310325923512	-0.0301633341067	-0.0675000030756	0.00129505373304	-0.0159908448193	-0.0412598185113	-0.0298826790592	-0.0267683574133
k__Bacteria;p__Bacteroidetes;c__Bacteroidia;o__Bacteroidales;f__Rikenellaceae;g__Alistipes;s__Alistipes_finegoldii	-0.0431028258631	0.0298989071128	-0.0359029041397	-0.00677682792489	-0.0156060562878	0.0148915097308	-0.0433343901582	-0.0489719386789	1.0	0.00486969651224	-0.0142573824557	0.0136277745758	0.00144263588995	0.0114242308707	-0.025662844005	-0.0609048053277	0.0482879561597	-0.0150946537143	-0.0122288478543	0.000861440297764	0.0117111157745	0.00196237192018	-0.0346039549424	0.04448542616	-0.00582061777514	-0.00770550682691	-0.0149316427582	0.00518395123699	-0.0489246293279	0.0391560228298	0.0208038686057	0.0241355071647	-0.034219765589	0.0145350764127	-0.0350595954943	-0.031181901983	0.087626754221	-0.0343485355107	-0.012699544973	-0.107697998916	-0.033954768057	0.0269019502189	-0.053949635178	-0.0288877025673	-0.00260799546039	-0.0373101492127	-0.041759936683	0.0449553837336	0.00763200711551	0.0185106711674	-0.0616328862828	0.00785670523613	0.022311805465	0.0329362801877	0.0361355332183	-0.0459720979104	-0.0163151074959	-0.00265696411115	0.0109936470213
k__Bacteria;p__Bacteroidetes;c__Bacteroidia;o__Bacteroidales;f__Porphyromonadaceae;g__Parabacteroides;s__Parabacteroides_distasonis	0.0300183081385	-0.0366431335747	-0.0370065986574	0.0288497780118	-0.0563379827117	0.0539867076645	0.00994910050548	0.03262683172	0.00486969651224	1.0	-0.0167882171537	0.0220245166415	0.0160374812575	-0.00238012171109	-0.055052486412	-0.0452805773817	0.0422893511569	-0.0708140850267	0.0106143063734	-0.00572110224288	-0.074802765816	0.0134958902737	-0.0262853213606	-0.0196660870117	-0.0309260450416	-0.0379748731746	-0.0470455938705	-0.0162727971071	-0.00113360878455	-0.0250583526476	-0.00876689563119	-0.0293450295678	-0.0659606141116	-0.0383122004039	0.0199717593702	-0.00667870416949	0.024808472554	0.0845195613824	0.0697411389305	-0.0349067901914	-0.0272700491437	-0.0814763288308	0.00840215866103	0.0332208336909	0.0293473543986	0.0018648369055	-0.0201250033357	0.000753430915732	-0.0192033651384	-0.0319199474244	-0.00490145630995	0.0310925108407	-0.0216392337798	0.0277984508949	0.00707295102921	-0.0515293703569	0.0147569134923	0.00354379404292	-0.0275098328874
k__Bacteria;p__Bacteroidetes;c__Bacteroidia;o__Bacteroidales;f__Bacteroidaceae;g__Bacteroides;s__Bacteroides_thetaiotaomicron	0.00758403929946	0.00897432671387	-0.0620299376503	-0.0236979017305	0.00488429798711	-0.0435870628616	0.0119270451552	-0.0721560320026	-0.0142573824557	-0.0167882171537	1.0	0.087192149527	-0.0253238723751	-0.0143051109019	0.00586746004021	0.0116026120191	0.0443938743917	-0.0296852336215	0.00268499783191	-0.00218628825556	0.0214232309164	-0.0124161735985	0.0336092021013	-0.0320858028351	-0.0253410909284	-0.0111431088877	-0.0135741235055	-0.00428520917631	-0.00797121607881	0.00731971126762	-0.0157270644955	-0.0135159715616	-0.0427046336844	0.0299550937361	0.0574917804556	-0.0489481601048	0.0322578941692	0.00424213006268	0.0571313103874	-0.0158734218973	0.0205119484822	-0.00952468526797	0.00924771592554	-0.0169528746243	0.0420411249892	0.0050824597223	-0.0779111486568	0.032426848439	0.00758414562433	0.0271984704192	0.0271608188956	-0.0500610998642	0.104126902376	-0.0353262627939	-0.0767878309738	-0.0399161318874	0.00174595907863	0.0540765935582	-0.00604797951173
k__Bacteria;p__Bacteroidetes;c__Bacteroidia;o__Bacteroidales;f__Bacteroidaceae;g__Bacteroides;s__Bacteroides_coprocola	0.00735052778988	-0.0222648994181	0.00653295862346	0.0601315505286	0.0333610413128	-0.0276370602515	0.00432944442828	-0.0350012886644	0.0136277745758	0.0220245166415	0.087192149527	1.0	-0.0115290338948	-0.0173161290867	-0.0529047031898	-0.0650507253568	-0.00508816845368	-0.0281654643035	-0.0383313914312	0.0143141792506	-0.0405249576982	0.0109085299977	0.00909511403888	-0.0221901969109	0.0141944061103	-0.0503587614686	0.0218761085962	0.0105873322307	0.00437528243958	-0.0182451128777	-0.0332323162884	0.024441187357	-0.0367960683141	0.0134088765052	0.00876278737969	0.00456796223167	0.0415549277924	-0.0868099084255	-0.0109838309155	0.0524277305253	-0.0181286605315	-0.0332931155165	-0.0327222354854	-0.0171528667342	-0.00258578624911	-0.0362546724472	-0.0135575710676	0.0348242515027	-0.0377375519896	0.000773900113915	-0.0471780797593	-0.00640504039453	0.00730115808713	-0.00798763948385	-0.0365055383121	-0.000921681206443	0.0371434075728	-0.0594388588222	0.00873006743635
k__Bacteria;p__Bacteroidetes;c__Bacteroidia;o__Bacteroidales;f__Bacteroidaceae;g__Bacteroides;s__Bacteroides_cellulosilyticus	-0.039663923796	0.0499109791668	0.0113316207516	-0.0806492889855	-0.0685492567889	-0.00451694415018	0.0163958471068	-0.0267711372618	0.00144263588995	0.0160374812575	-0.0253238723751	-0.0115290338948	1.0	0.0535630987303	-0.00627864115502	0.0899185959392	0.0253211105831	-0.00400650576514	-0.00606470894611	-0.074382598649	0.0717292903293	-0.0173134389664	-0.0159531188525	0.0133489375046	-0.0366993997826	0.0317399983572	0.0291462514056	0.088425960568	-0.0468348533452	-0.0910940381227	-0.047582482304	0.0375063673861	-0.0706497758083	-0.0402254241103	-0.0828890046509	-0.0296567792225	-0.0385057120506	-0.00858103839444	-0.0371739625871	-0.0285873921363	0.0392554023029	0.0266351100858	-0.0414058127725	-0.0624922072618	0.00125879829658	-0.0157010256093	-0.00423320539933	0.0711421067415	0.0455047382331	0.0205112321372	-0.0626788915697	-0.0172417617314	-0.0117899794487	-0.0276010602749	0.0373097749796	0.0161817762853	0.00653591195663	0.00140641359326	-0.0157679791766
k__Bacteria;p__Bacteroidetes;c__Bacteroidia;o__Bacteroidales;f__Rikenellaceae;g__Alistipes;s__Alistipes_obesi	-0.0244043177884	0.0264497219412	-0.038410981714	-0.0730354303099	0.0288187562882	-0.0119095424651	0.0195736564932	0.0274376293925	0.0114242308707	-0.00238012171109	-0.0143051109019	-0.0173161290867	0.0535630987303	1.0	0.0118524943486	-0.0321999257436	-0.0453428377235	0.00291760296572	-0.00770525605083	0.00155272003923	0.0656550738312	-0.00833542808416	-0.0276000654964	-0.0449584822976	0.0251702761069	-0.0274282211714	-0.00800050738057	0.00119079435516	-0.013797386933	0.0769764914222	-0.0148679272927	-0.0513206848169	0.0315582384304	0.00250092918282	0.0289317383723	-0.0202622867226	-0.037240342719	0.00872046094948	-0.0477610049468	-0.0254946889557	-0.0984466890773	0.0320572478644	0.0453552481285	-0.020388302359	-0.0523478991569	-0.0197238853937	-0.0121155837472	0.0167881718164	-0.0412590585559	-0.0156623405999	-0.0260500904108	0.00731377684844	-0.0153520955072	-0.0501186978431	-0.0682909669993	-0.00598142658976	-0.0553150933589	-0.0455183381988	0.0136714763331
k__Bacteria;p__Firmicutes;c__Clostridia;o__Clostridiales;f__Lachnospiraceae;g__;s__[Eubacterium]_rectale	-0.0358057045482	0.00419332995884	-0.0589459740352	0.0234801120609	-0.0354779420833	0.0351814025986	0.00200016094912	0.00628360649642	-0.025662844005	-0.055052486412	0.00586746004021	-0.0529047031898	-0.00627864115502	0.0118524943486	1.0	0.0124763741573	0.00282703702447	-0.0212170695761	-0.0907634293181	0.000541212978296	-0.0515788907433	0.0533174779361	-0.0706768061044	0.0150823214641	-0.0082441358254	-0.0423305249536	0.0202249084102	-0.0359693615746	-0.0270771150345	-0.00613624306568	-0.0293065630744	0.0343496856335	-0.00980094416063	0.0323393181678	0.0320718669386	0.0453306171294	-0.0729853224937	-0.055500161752	-3.26292398122e-05	0.0396876067705	-0.0348255482383	0.0102902795345	-0.0658945631857	0.0174341045583	0.0231409641045	0.0212467265965	0.00942059136089	-0.0162333199704	0.0458751616275	-0.0283121346712	0.0226414088563	-0.00348399457923	-0.0650221376726	0.0472998557729	0.00229036524277	-0.0785391161681	-0.0109717543148	0.0620000477279	-0.00309525394589
k__Bacteria;p__Bacteroidetes;c__Bacteroidia;o__Bacteroidales;f__Bacteroidaceae;g__Bacteroides;s__Bacteroides_plebeius	-0.0809780817544	-0.057260474366	-0.0808477955465	-0.0899890401563	0.0620995573747	-0.0523723776499	-0.00291292557641	-0.0239780768419	-0.0609048053277	-0.0452805773817	0.0116026120191	-0.0650507253568	0.0899185959392	-0.0321999257436	0.0124763741573	1.0	-0.0204206518993	-0.0460252577027	0.0354227297628	0.014591979635	-0.0270415045286	-0.0150695124135	-0.00361732786942	-0.0412409338189	-0.0402397829722	-0.0219071089376	-0.0078186270384	-0.0375787878157	-0.0477740838544	-0.0816956880595	0.0309313631798	-0.0191402314534	-0.0207011339122	-0.0144890886034	-0.0184090463828	-0.0201846147757	-0.0258907238045	0.0516932362779	-0.0212370645455	0.0247839587272	0.0683503004656	-0.0227273376269	0.0352615789089	-0.0178120171597	0.0482333616117	-0.0193737356868	0.0894621485065	-0.0821550557554	-0.0310131129406	-0.0165898125425	-0.00692364633665	0.00122929972338	-0.0374419638813	0.00675022410877	0.0197793097322	0.00514338526545	0.0888258778025	0.0189446182191	-0.0358975425226
k__Bacteria;p__Bacteroidetes;c__Bacteroidia;o__Bacteroidales;f__Bacteroidaceae;g__Bacteroides;s__Bacteroides_fragilis	-0.0228864051893	0.00627651362106	-0.0303833792899	0.0440376993447	-0.060198321398	-0.0161513424661	0.00508627804452	0.0365962572097	0.0482879561597	0.0422893511569	0.0443938743917	-0.00508816845368	0.0253211105831	-0.0453428377235	0.00282703702447	-0.0204206518993	1.0	0.0474909052401	-0.0220976524007	-0.0451417226395	0.0180779288296	0.0090031282343	0.0464895861218	0.0286718086439	0.00993775249995	-0.0165059778622	-0.0138791501035	0.0137761494133	-0.0107027842212	-0.0517488842734	0.0138511887757	-0.0316189724474	-0.01500226526	-0.0188384591432	-0.0542376737674	0.000522819369061	-0.00461998378716	0.0123888289255	-0.0354908865519	-0.103596378954	0.0110558571573	-0.0167414037239	0.00628975536858	-0.0687290941923	-0.0227745445948	-0.0723553324402	0.0121820569196	-0.0438323999497	-0.0911274036502	0.00749943221682	0.0106848200847	-0.0391428514021	-0.011684189139	-0.0479691184453	-0.0294640201063	0.0143094050804	-0.0476466466331	-0.0155718486061	0.0827977865447
k__Bacteria;p__Proteobacteria;c__Betaproteobacteria;o__Burkholderiales;f__Sutterellaceae;g__Sutterella;s__Sutterella_wadsworthensis	0.00494575694895	-0.0213700815599	-0.0282052155387	-0.0423540628427	-0.0385697752783	-0.0259232529238	0.014846981174	-0.00366385610751	-0.0150946537143	-0.0708140850267	-0.0296852336215	-0.0281654643035	-0.00400650576514	0.00291760296572	-0.0212170695761	-0.0460252577027	0.0474909052401	1.0	-0.0252670053241	-0.0587420122515	0.00705598391619	0.0199499375987	-0.0813622204665	-0.048848045129	0.0130942492519	0.00109706207968	0.019175182896	-0.0354597089681	0.0184554721327	0.0233338740722	-0.0624297337103	-0.0662041804697	-0.0231246456761	-0.0482238987303	0.0736301340128	0.00803535395372	-0.00106194823718	0.0130922733032	0.0103599362523	-0.0147855586912	-0.013684913424	0.0210864222665	0.0977174925232	-0.0130057167002	0.0149508607829	-0.000572373391627	0.0415575789438	-0.0324722789418	0.0322262997337	-0.00871458296107	-0.0348993291413	0.0636422241664	0.0384350395649	-0.0827472156848	0.00590080668271	-0.0246781073064	-0.0140208232152	-0.0261236266456	-0.00967323205421
k__Bacteria;p__Bacteroidetes;c__Bacteroidia;o__Bacteroidales;f__Porphyromonadaceae;g__Barnesiella;s__Barnesiella_intestinihominis	0.0527566008003	0.00517500335687	0.00679044189277	-0.0307217899126	-0.0402258469032	0.0442629092347	0.0790859838424	-0.00125610067442	-0.0122288478543	0.0106143063734	0.00268499783191	-0.0383313914312	-0.00606470894611	-0.00770525605083	-0.0907634293181	0.0354227297628	-0.0220976524007	-0.0252670053241	1.0	-0.0185182815802	-0.014598459276	-0.086752487173	-0.00190442319321	0.0111073613591	0.00925085632654	-0.028609591423	0.0676270489138	-0.00671047504996	0.0486427819082	-0.0406348388367	0.0385847455066	-0.0357083734	-0.0141545193911	-0.031104400116	0.0116336218681	-0.0146773752502	-0.0259440404433	-0.0136432453718	0.0222599921162	0.0141274648125	0.0140882731775	-0.00923603362831	-0.00436832027777	0.0711680757367	-0.0338516889516	0.00513108954509	-0.0115728252685	-0.0737799853778	-0.0746611997714	-0.03826020576	-0.0240261747168	-0.0265044683107	-0.0509580880816	0.0387075275292	0.0389427578382	-0.0155944518724	-0.00452982280385	-0.070642871536	0.0468659316817
k__Bacteria;p__Bacteroidetes;c__Bacteroidia;o__Bacteroidales;f__Odoribacteraceae;g__Odoribacter;s__Odoribacter_splanchnicus	-0.0527786215554	-0.0203712862699	-0.042732800995	-0.0183733008636	-0.0136027938292	-0.040118336742	-0.0633237826229	-0.0498203517964	0.000861440297764	-0.00572110224288	-0.00218628825556	0.0143141792506	-0.074382598649	0.00155272003923	0.000541212978296	0.014591979635	-0.0451417226395	-0.0587420122515	-0.0185182815802	1.0	0.00690003098367	0.0339319312814	0.0619390513672	0.0169013428933	-0.00824018027042	0.00471858658426	0.0591652602027	-0.0409125923492	-0.0256060678678	-0.0350422040514	0.0350840824369	0.0819934033559	-0.0644073584116	-0.00748714941007	-0.053956792025	-0.0125069665705	0.0303421105925	0.0145960063707	0.0174322663725	0.0249059951064	-0.00737242005206	-0.0283476519895	-0.00198920636675	0.00212255445303	0.0315269817776	-0.0427216046916	0.00469856431011	-0.0111432253914	-0.0730589609666	0.0920954148276	0.0361079357036	-0.0321161753125	0.0346996652104	-0.0668178844274	0.0261849697387	0.0190877992555	-0.030861472854	-0.0270398059759	-0.0486119719981
k__Bacteria;p__Bacteroidetes;c__Bacteroidia;o__Bacteroidales;f__Bacteroidaceae;g__Bacteroides;s__Bacteroides_salyersiae	-0.0267660816036	-0.0391901051529	0.0141611738155	-0.0462648560088	-0.0138149952134	-0.0446510162934	-0.0820116998745	-0.053502073974	0.0117111157745	-0.074802765816	0.0214232309164	-0.0405249576982	0.0717292903293	0.0656550738312	-0.0515788907433	-0.0270415045286	0.0180779288296	0.00705598391619	-0.014598459276	0.00690003098367	1.0	-0.0362873999737	-0.0293388809685	-0.0678047559454	-0.00308867223362	-0.0104309571392	0.0184520499047	-0.0340377631409	-0.0254432073994	-0.00457696914597	-0.00104746750414	-0.0349367461196	-0.0383844886135	0.0267323392847	0.0163006264547	-0.0264422420998	-0.0419109813004	0.0327279898132	-0.025819284085	-0.0166212019073	-0.0678451459633	0.023680853205	-0.00114448324578	-0.0252880166471	-0.00609291195972	0.00416579385145	-0.006627435168	0.0689443126096	-0.0273635685929	-0.00545271470868	-0.0396634927415	0.0872180068218	0.00336017375559	0.0516577975247	-0.0387348248831	-0.0385571936627	0.113842565142	-0.0366821738691	-0.0159720254121
k__Bacteria;p__Firmicutes;c__Clostridia;o__Clostridiales;f__Ruminococcaceae;g__Ruminiclostridium;s__[Eubacterium]_siraeum	0.0138471120449	0.0253674746377	0.00882046252819	0.0430031844622	-0.0220338360784	0.00808780238191	-0.0856531151247	0.0342896015111	0.00196237192018	0.0134958902737	-0.0124161735985	0.0109085299977	-0.0173134389664	-0.00833542808416	0.0533174779361	-0.0150695124135	0.0090031282343	0.0199499375987	-0.086752487173	0.0339319312814	-0.0362873999737	1.0	-0.010745484404	-0.0427867219564	-0.013573737173	0.0223241260738	0.0277064827535	0.0147636499304	0.0140022455067	-0.0556266705142	-0.0141915543229	0.0322868200251	-0.04096285471	0.0299009380689	-0.00163410354347	-0.0135246962761	0.00960227005489	0.0146955580787	-0.0767511817184	-0.0444563318883	-0.0514637200015	0.00285085918057	0.0228853223649	-0.0157048178006	-0.044310187738	0.00726559369546	-0.0377181479465	-0.00397566278308	-0.00762160941607	0.0018369913016	-0.0101784155124	-0.00876357648043	-0.00163142218139	-0.012524119979	-0.0369806100345	-0.0393567346519	-0.0650066592443	0.0173134876277	-0.0276516610106
k__Bacteria;p__Proteobacteria;c__Betaproteobacteria;o__Burkholderiales;f__Sutterellaceae;g__Parasutterella;s__Parasutterella_excrementihominis	-0.0526159975805	-0.0486707269226	0.0526678349786	0.0392560429757	-0.0245815238583	0.0029894501529	-0.00634402882852	0.0301732351113	-0.0346039549424	-0.0262853213606	0.0336092021013	0.00909511403888	-0.0159531188525	-0.0276000654964	-0.0706768061044	-0.00361732786942	0.0464895861218	-0.0813622204665	-0.00190442319321	0.0619390513672	-0.0293388809685	-0.010745484404	1.0	0.0341962669197	-0.0275631763959	-0.0253397949631	-0.00796551627628	-0.00443458490218	-0.0662517728798	0.0635630516353	-0.0105330850536	-0.0762572897023	-0.0727805946848	-0.0312124439826	0.0278766740581	-0.030483230034	-0.0220557769199	0.019598801887	0.0495777214657	0.0114651574396	-0.0166635819512	-0.0376434531713	0.00410154298579	0.0304714971419	0.00497733452145	0.0188564071319	0.00660491872628	0.000348622985003	-0.0946055146968	0.0281263260281	-0.0130565857763	-0.0250904830836	0.0140344248721	-0.0074927008968	-0.0386853443991	0.0614215540471	-0.0197741640308	0.046530883894	-0.0824813019597
k__Bacteria;p__Actinobacteria;c__Actinobacteria;o__Bifidobacteriales;f__Bifidobacteriaceae;g__Bifidobacterium;s__Bifidobacterium_adolescentis	-0.0532616975728	-0.0173857442745	-0.0232276712223	-0.0408974088983	-0.0107397279703	-0.0445249566017	-0.0730458895232	-0.0114201175321	0.04448542616	-0.0196660870117	-0.0320858028351	-0.0221901969109	0.0133489375046	-0.0449584822976	0.0150823214641	-0.0412409338189	0.0286718086439	-0.048848045129	0.0111073613591	0.0169013428933	-0.0678047559454	-0.0427867219564	0.0341962669197	1.0	-0.0224894332203	-0.0434346891634	0.0235985722305	-0.0482715143522	-0.00365724559329	0.0259109495833	0.0144605795109	-0.0444558066945	0.00968879523207	0.0193482523487	-0.00123378686787	-0.0268639857391	-0.0273070662459	-0.0108550700084	0.0004320187594	-0.065026881108	0.015532445183	0.0341998200737	-0.00413988937359	0.0216388156488	-0.0213639638507	0.0553270261656	-0.0430679568914	-0.0432429285384	0.0413607841905	0.00640146248529	0.063247625782	-0.00320741520546	-0.0136417590794	-0.0434166230025	0.0198123485312	-0.0159606517765	-0.0716743742258	0.0825224677652	0.00112162478226
k__Bacteria;p__Firmicutes;c__Clostridia;o__Clostridiales;f__Oscillospiraceae;g__Oscillibacter;s__Oscillibacter_sp._KLE_1745	-0.0119225627724	0.0213210949055	0.0565955608436	0.0490018854771	-0.0314764228882	0.0152809263307	0.0310554729086	0.0228396790419	-0.00582061777514	-0.0309260450416	-0.0253410909284	0.0141944061103	-0.0366993997826	0.0251702761069	-0.0082441358254	-0.0402397829722	0.00993775249995	0.0130942492519	0.00925085632654	-0.00824018027042	-0.00308867223362	-0.013573737173	-0.0275631763959	-0.0224894332203	1.0	0.0297019263267	-0.0236923772912	-0.0328622486959	-0.0102582055123	0.0112977289558	-0.0964246020117	-0.0118913208276	0.0153876554904	-0.0350113982714	-0.0294277171059	-0.0129733351128	-0.0712648738813	0.00267030705438	-0.023176887218	-0.0146522063366	-0.00506826792246	-0.00580529060276	0.0557855113715	-0.0271034073081	-0.0214367331535	-0.0526588946572	-0.0226253697082	-0.0778124534332	-0.00105155592885	0.0240921485122	0.0527329870175	-0.0385843920015	0.0306427292917	-0.0252640319924	0.0476328248844	-0.0404388000067	0.0137528213273	-0.0365795817544	-0.000805387073516
k__Bacteria;p__Bacteroidetes;c__Bacteroidia;o__Bacteroidales;f__Bacteroidaceae;g__Bacteroides;s__Bacteroides_coprophilus	0.0291260414288	0.0380511221486	-0.0213834140815	-0.0305304828229	0.0619556389518	-0.0264949614949	-0.0590741824568	0.0149404938376	-0.00770550682691	-0.0379748731746	-0.0111431088877	-0.0503587614686	0.0317399983572	-0.0274282211714	-0.0423305249536	-0.0219071089376	-0.0165059778622	0.00109706207968	-0.028609591423	0.00471858658426	-0.0104309571392	0.0223241260738	-0.0253397949631	-0.0434346891634	0.0297019263267	1.0	0.0245578338113	-0.0748135434445	-0.0235329332744	-0.00403822784576	-0.057245115685	0.0370173375628	-0.00699678395116	0.0207409235051	0.0415573323554	0.0246092331723	0.0373433649524	-0.0100676911171	0.0107921976175	-0.0752735301238	-0.0275026141557	-0.0116977933297	-0.0650418646958	-0.0602731207008	0.0149162209645	-0.00407400871628	0.0129138805273	-0.0117183983691	-0.0117873402794	-0.0736518946512	-0.0280359211047	0.00789731411392	-0.0341826878577	0.0980019710906	-0.0324956299679	0.0277548855979	-0.0412940187987	0.00146583501267	-0.0313341325817
k__Bacteria;p__Firmicutes;c__Clostridia;o__Clostridiales;f__Lachnospiraceae;g__Roseburia;s__Roseburia_intestinalis	-0.00326968657607	0.0310405094437	-0.00551242831261	0.00475430696486	0.0393996117707	-0.0173046977829	-0.0331606145648	-0.00327818813247	-0.0149316427582	-0.0470455938705	-0.0135741235055	0.0218761085962	0.0291462514056	-0.00800050738057	0.0202249084102	-0.0078186270384	-0.0138791501035	0.019175182896	0.0676270489138	0.0591652602027	0.0184520499047	0.0277064827535	-0.00796551627628	0.0235985722305	-0.0236923772912	0.0245578338113	1.0	0.0119054060973	0.00804836274933	-0.0304968192185	-0.102208305257	-0.016678139816	-0.0257270548469	0.0256679960472	-0.0126695221442	-0.0710435731534	0.0100365368496	-0.00858866937949	-0.0457583513334	-0.0285375224856	-0.0134033076171	-0.0597042425467	0.00295254242293	-0.0504252497703	0.028260927722	0.03573830398	0.00325453627785	-0.0320602626262	-0.00976287186901	-0.0276077477874	-0.0351907063887	-0.00629950771227	-0.00936297639783	-0.0614840490321	-0.0505299150597	0.0102419099674	0.024380985093	0.0105137875035	-0.00918574365496
k__Bacteria;p__Firmicutes;c__Clostridia;o__Clostridiales;f__Lachnospiraceae;g__Roseburia;s__Roseburia_hominis	0.0222480038546	0.020733113489	0.0258277047669	-0.000967828413272	-0.0790919307616	0.0212184577865	0.0195261904394	-0.014281335258	0.00518395123699	-0.0162727971071	-0.00428520917631	0.0105873322307	0.088425960568	0.00119079435516	-0.0359693615746	-0.0375787878157	0.0137761494133	-0.0354597089681	-0.00671047504996	-0.0409125923492	-0.0340377631409	0.0147636499304	-0.00443458490218	-0.0482715143522	-0.0328622486959	-0.0748135434445	0.0119054060973	1.0	0.0967521454363	0.0253532907273	0.0678045810305	0.0532962723727	0.00995711549267	-0.0447126113745	-0.0207864320659	-0.027850302055	-0.0384284280379	-0.00798209806902	0.00555324967812	-0.0319183566021	0.0314617094893	0.0103230353732	-0.0822690900869	-0.0472782817715	-0.0264005649321	-0.0533259420553	-0.00440689273243	-0.0342015861623	0.0398969974328	0.00243907483873	0.00414857156989	-0.0501612072768	-0.00205953133168	-0.0267159567926	0.027380716758	-0.017772667224	-0.00154952390401	0.013661308738	-0.0922411030549
k__Bacteria;p__Bacteroidetes;c__Bacteroidia;o__Bacteroidales;f__Porphyromonadaceae;g__Parabacteroides;s__Parabacteroides_johnsonii	-0.0126557737982	0.0147254877161	-0.0103634980015	0.0345215022899	0.00164872410508	-0.0247482504818	0.00861017186115	-0.0267848268164	-0.0489246293279	-0.00113360878455	-0.00797121607881	0.00437528243958	-0.0468348533452	-0.013797386933	-0.0270771150345	-0.0477740838544	-0.0107027842212	0.0184554721327	0.0486427819082	-0.0256060678678	-0.0254432073994	0.0140022455067	-0.0662517728798	-0.00365724559329	-0.0102582055123	-0.0235329332744	0.00804836274933	0.0967521454363	1.0	0.0152089072274	0.0129416112219	-0.0312162094394	0.0125085003247	-0.0388216291818	-0.000849604358189	-0.00306162578399	-0.0327166604537	-0.0655887913908	-0.00607091647437	-0.0302487029882	0.0292799443223	0.0164891292883	0.0330790279346	0.0261703998323	-0.0613240315729	-0.0561664256034	-0.00890695833887	-0.0427213512272	0.0727709745022	0.023366183732	0.0202289388028	-0.0105887749815	0.0358346165442	-0.0331395206629	-0.0508789880217	-0.0259477962556	-0.0140168440807	-0.0698835549999	-0.000315238832003
k__Bacteria;p__Actinobacteria;c__Actinobacteria;o__Bifidobacteriales;f__Bifidobacteriaceae;g__Bifidobacterium;s__Bifidobacterium_longum	0.00214843876097	-0.0369655845434	0.0483594516147	-0.0308935845682	0.00261451341135	0.0305792715556	-0.0507335528362	0.0254904141802	0.0391560228298	-0.0250583526476	0.00731971126762	-0.0182451128777	-0.0910940381227	0.0769764914222	-0.00613624306568	-0.0816956880595	-0.0517488842734	0.0233338740722	-0.0406348388367	-0.0350422040514	-0.00457696914597	-0.0556266705142	0.0635630516353	0.0259109495833	0.0112977289558	-0.00403822784576	-0.0304968192185	0.0253532907273	0.0152089072274	1.0	-0.03333201706	-0.0473600040501	0.00833145737317	-0.0265138254783	0.0151653047344	-0.00258793642803	0.0194514098904	-0.0388790292501	0.0456301894452	0.0266708974994	-0.0429756448874	0.0560704492312	-0.0358336430687	0.0280990270327	0.0290997601273	-0.0573401349842	-0.0449763768705	0.0942228676548	-0.0219396790596	-0.0347825732247	-0.0784586227542	0.0432814313751	0.0446549442906	0.058131561307	-0.0604513752506	0.0106240830486	-0.0506443965573	0.0436745619003	-0.0353104292501
