#taxonomy	k__Bacteria;p__Bacteroidetes;c__Bacteroidia;o__Bacteroidales;f__Bacteroidaceae;g__Bacteroides;s__Bacteroides_vulgatus	k__Bacteria;p__Bacteroidetes;c__Bacteroidia;o__Bacteroidales;f__Bacteroidaceae;g__Bacteroides;s__Bacteroides_uniformis	k__Bacteria;p__Bacteroidetes;c__Bacteroidia;o__Bacteroidales;f__Rikenellaceae;g__Alistipes;s__Alistipes_putredinis	k__Bacteria;p__Bacteroidetes;c__Bacteroidia;o__Bacteroidales;f__Prevotellaceae;g__Prevotella;s__Prevotella_copri	k__Bacteria;p__Bacteroidetes;c__Bacteroidia;o__Bacteroidales;f__Bacteroidaceae;g__Bacteroides;s__Bacteroides_stercoris	k__Bacteria;p__Bacteroidetes;c__Bacteroidia;o__Bacteroidales;f__Bacteroidaceae;g__Bacteroides;s__Bacteroides_ovatus	k__Bacteria;p__Bacteroidetes;c__Bacteroidia;o__Bacteroidales;f__Rikenellaceae;g__Alistipes;s__Alistipes_shahii	k__Bacteria;p__Firmicutes;c__Clostridia;o__Clostridiales;f__Ruminococcaceae;g__Faecalibacterium;s__Faecalibacterium_prausnitzii	k__Bacteria;p__Bacteroidetes;c__Bacteroidia;o__Bacteroidales;f__Rikenellaceae;g__Alistipes;s__Alistipes_finegoldii	k__Bacteria;p__Bacteroidetes;c__Bacteroidia;o__Bacteroidales;f__Porphyromonadaceae;g__Parabacteroides;s__Parabacteroides_distasonis	k__Bacteria;p__Bacteroidetes;c__Bacteroidia;o__Bacteroidales;f__Bacteroidaceae;g__Bacteroides;s__Bacteroides_thetaiotaomicron	k__Bacteria;p__Bacteroidetes;c__Bacteroidia;o__Bacteroidales;f__Bacteroidaceae;g__Bacteroides;s__Bacteroides_coprocola	k__Bacteria;p__Bacteroidetes;c__Bacteroidia;o__Bacteroidales;f__Bacteroidaceae;g__Bacteroides;s__Bacteroides_cellulosilyticus	k__Bacteria;p__Bacteroidetes;c__Bacteroidia;o__Bacteroidales;f__Rikenellaceae;g__Alistipes;s__Alistipes_obesi	k__Bacteria;p__Firmicutes;c__Clostridia;o__Clostridiales;f__Lachnospiraceae;g__;s__[Eubacterium]_rectale	k__Bacteria;p__Bacteroidetes;c__Bacteroidia;o__Bacteroidales;f__Bacteroidaceae;g__Bacteroides;s__Bacteroides_plebeius	k__Bacteria;p__Bacteroidetes;c__Bacteroidia;o__Bacteroidales;f__Bacteroidaceae;g__Bacteroides;s__Bacteroides_fragilis	k__Bacteria;p__Proteobacteria;c__Betaproteobacteria;o__Burkholderiales;f__Sutterellaceae;g__Sutterella;s__Sutterella_wadsworthensis	k__Bacteria;p__Bacteroidetes;c__Bacteroidia;o__Bacteroidales;f__Porphyromonadaceae;g__Barnesiella;s__Barnesiella_intestinihominis	k__Bacteria;p__Bacteroidetes;c__Bacteroidia;o__Bacteroidales;f__Odoribacteraceae;g__Odoribacter;s__Odoribacter_splanchnicus	k__Bacteria;p__Bacteroidetes;c__Bacteroidia;o__Bacteroidales;f__Bacteroidaceae;g__Bacteroides;s__Bacteroides_salyersiae	k__Bacteria;p__Firmicutes;c__Clostridia;o__Clostridiales;f__Ruminococcaceae;g__Ruminiclostridium;s__[Eubacterium]_siraeum	k__Bacteria;p__Proteobacteria;c__Betaproteobacteria;o__Burkholderiales;f__Sutterellaceae;g__Parasutterella;s__Parasutterella_excrementihominis	k__Bacteria;p__Actinobacteria;c__Actinobacteria;o__Bifidobacteriales;f__Bifidobacteriaceae;g__Bifidobacterium;s__Bifidobacterium_adolescentis	k__Bacteria;p__Firmicutes;c__Clostridia;o__Clostridiales;f__Oscillospiraceae;g__Oscillibacter;s__Oscillibacter_sp._KLE_1745	k__Bacteria;p__Bacteroidetes;c__Bacteroidia;o__Bacteroidales;f__Bacteroidaceae;g__Bacteroides;s__Bacteroides_coprophilus	k__Bacteria;p__Firmicutes;c__Clostridia;o__Clostridiales;f__Lachnospiraceae;g__Roseburia;s__Roseburia_intestinalis	k__Bacteria;p__Firmicutes;c__Clostridia;o__Clostridiales;f__Lachnospiraceae;g__Roseburia;s__Roseburia_hominis	k__Bacteria;p__Bacteroidetes;c__Bacteroidia;o__Bacteroidales;f__Porphyromonadaceae;g__Parabacteroides;s__Parabacteroides_johnsonii	k__Bacteria;p__Actinobacteria;c__Actinobacteria;o__Bifidobacteriales;f__Bifidobacteriaceae;g__Bifidobacterium;s__Bifidobacterium_longum	k__Bacteria;p__Firmicutes;c__Clostridia;o__Clostridiales;f__;g__Flavonifractor;s__Flavonifractor_plautii	k__Bacteria;p__Firmicutes;c__Clostridia;o__Clostridiales;f__Clostridiaceae;g__Clostridium;s__Clostridium_phoceensis	k__Bacteria;p__Verrucomicrobia;c__Verrucomicrobiae;o__Verrucomicrobiales;f__Akkermansiaceae;g__Akkermansia;s__Akkermansia_muciniphila	k__Bacteria;p__Bacteroidetes;c__Bacteroidia;o__Bacteroidales;f__Prevotellaceae;g__Paraprevotella;s__Paraprevotella_xylaniphila	k__Bacteria;p__Firmicutes;c__Clostridia;o__Clostridiales;f__Ruminococcaceae;g__Ruminococcus;s__Ruminococcus_callidus	k__Bacteria;p__Bacteroidetes;c__Bacteroidia;o__Bacteroidales;f__Rikenellaceae;g__Alistipes;s__Alistipes_senegalensis	k__Bacteria;p__Firmicutes;c__Clostridia;o__Clostridiales;f__Lachnospiraceae;g__Blautia;s__Blautia_sp._KLE_1732	k__Bacteria;p__Bacteroidetes;c__Bacteroidia;o__Bacteroidales;f__Bacteroidaceae;g__Bacteroides;s__Bacteroides_oleiciplenus	k__Bacteria;p__Firmicutes;c__Clostridia;o__Clostridiales;f__Ruminococcaceae;g__Ruminococcus;s__Ruminococcus_bicirculans	k__Bacteria;p__Bacteroidetes;c__Bacteroidia;o__Bacteroidales;f__Bacteroidaceae;g__Bacteroides;s__Bacteroides_fluxus	k__Bacteria;p__Bacteroidetes;c__Bacteroidia;o__Bacteroidales;f__Prevotellaceae;g__Prevotella;s__Prevotella_stercorea	k__Bacteria;p__Firmicutes;c__Clostridia;o__Clostridiales;f__Lachnospiraceae;g__Dorea;s__Dorea_longicatena	k__Bacteria;p__Firmicutes;c__Clostridia;o__Clostridiales;f__Eubacteriaceae;g__Eubacterium;s__[Eubacterium]_eligens	k__Bacteria;p__Firmicutes;c__Clostridia;o__Clostridiales;f__Ruminococcaceae;g__;s__Ruminococcaceae_bacterium_D16	k__Bacteria;p__Firmicutes;c__Clostridia;o__Clostridiales;f__Lachnospiraceae;g__Coprococcus;s__Coprococcus_comes	k__Bacteria;p__Proteobacteria;c__Gammaproteobacteria;o__Enterobacterales;f__Enterobacteriaceae;g__Escherichia;s__Escherichia_coli	k__Bacteria;p__Firmicutes;c__Clostridia;o__Clostridiales;f__Ruminococcaceae;g__Anaerotruncus;s__Anaerotruncus_colihominis	k__Bacteria;p__Firmicutes;c__Clostridia;o__Clostridiales;f__Lachnospiraceae;g__Blautia;s__Blautia_obeum	k__Bacteria;p__Bacteroidetes;c__Bacteroidia;o__Bacteroidales;f__Odoribacteraceae;g__Odoribacter;s__Odoribacter_laneus	k__Bacteria;p__Firmicutes;c__Clostridia;o__Clostridiales;f__Ruminococcaceae;g__Ruminiclostridium;s__[Clostridium]_leptum	k__Bacteria;p__Bacteroidetes;c__Bacteroidia;o__Bacteroidales;f__Porphyromonadaceae;g__Parabacteroides;s__Parabacteroides_goldsteinii	k__Bacteria;p__Firmicutes;c__Clostridia;o__Clostridiales;f__Lachnospiraceae;g__Anaerostipes;s__Anaerostipes_hadrus	k__Bacteria;p__Firmicutes;c__Clostridia;o__Clostridiales;f__Ruminococcaceae;g__Ruminococcus;s__Ruminococcus_lactaris	k__Bacteria;p__Firmicutes;c__Clostridia;o__Clostridiales;f__Clostridiaceae;g__Clostridium;s__Clostridium_sp._L2-50	k__Bacteria;p__Firmicutes;c__Clostridia;o__Clostridiales;f__Clostridiaceae;g__Clostridium;s__Clostridium_sp._M62/1	k__Bacteria;p__Firmicutes;c__Clostridia;o__Clostridiales;f__;g__Intestinimonas;s__Intestinimonas_butyriciproducens	k__Bacteria;p__Actinobacteria;c__Actinobacteria;o__Bifidobacteriales;f__Bifidobacteriaceae;g__Bifidobacterium;s__Bifidobacterium_bifidum	k__Bacteria;p__Firmicutes;c__Negativicutes;o__Veillonellales;f__Veillonellaceae;g__Dialister;s__Dialister_invisus	k__Bacteria;p__Bacteroidetes;c__Bacteroidia;o__Bacteroidales;f__Bacteroidaceae;g__Bacteroides;s__Bacteroides_salanitronis
k__Bacteria;p__Bacteroidetes;c__Bacteroidia;o__Bacteroidales;f__Bacteroidaceae;g__Bacteroides;s__Bacteroides_vulgatus	1.0	-0.0350780270095	-0.0406140764461	0.0375683152911	0.0194793232333	-0.0276243576326	0.0278823760932	-0.0855557347848	-0.0228653423563	-0.00235249569344	-0.0133284733125	-0.0252552466547	0.00139684680538	-0.0284079191519	-0.0633299694662	-0.0455869999193	0.0218907166114	0.0420078842031	-0.0386235171307	0.0638416728216	-0.0192570045398	0.0132106479817	-0.0478724337831	-0.0216992300698	0.00612221084402	-0.00478579490629	-0.0592072535519	0.0148315016618	-0.00105643381061	-0.0408177370814	0.0456877143133	-0.0124793362901	0.00591819398791	-0.0194304144383	-0.022009220002	-0.0318260315056	-0.0329922813133	-0.00317984785665	0.0730830449891	0.0226647839934	-0.0133141202856	-0.030994058361	-0.040720217897	-0.0315088987214	0.0283676494235	-0.00277973794075	0.022785546346	-0.0350345576526	-0.00316247787149	-0.0168137775684	0.0374550629774	-0.031714356054	-0.0232255244962	0.0098004799305	-0.0533282121368	0.032299869056	0.0205382027474	0.00580779069088	0.0322768934872
k__Bacteria;p__Bacteroidetes;c__Bacteroidia;o__Bacteroidales;f__Bacteroidaceae;g__Bacteroides;s__Bacteroides_uniformis	-0.0350780270095	1.0	0.0183138918302	0.000619049748249	-0.0211062544646	-0.0214931896123	-0.0766025304832	0.0141528947684	-0.0544684999883	0.0193054809795	0.0222131567036	-0.0576923674039	0.00162905542819	-0.0405349097197	0.0313432480549	0.0283971485059	-0.0113354381973	-0.0477821384561	0.0281711009875	0.0563988162867	0.0522995008661	0.00181801656223	0.02439175229	0.0208588988508	0.027308136029	-0.0250905385254	0.0340163943641	0.00108732033389	-0.0146409698888	-0.0522913146001	9.51037142787e-05	-0.0115583316353	0.00515266316687	-0.000894348254683	0.0279600682155	-0.0233329168203	-0.0428259097333	-0.0486583063882	0.00422419829116	0.0465136491826	-0.0402125608646	0.0199424851783	0.0153614872416	-0.0219486595736	0.00444568901685	0.0532971783253	-0.0639473840615	-0.109997918186	-0.00566275256874	-0.0159243575579	-0.0257070607489	-0.035722315181	-0.021251570219	-0.0491277420724	-0.0383740739707	-0.0499571920085	0.0193709034529	0.0102377775728	-0.0307702986148
k__Bacteria;p__Bacteroidetes;c__Bacteroidia;o__Bacteroidales;f__Rikenellaceae;g__Alistipes;s__Alistipes_putredinis	-0.0406140764461	0.0183138918302	1.0	-0.0301623231871	0.0301710823933	-0.017878198161	-0.0259044873665	0.0604365766797	-0.0290206436571	0.0154226307373	0.0544072636021	0.0185994780406	-0.0852953476316	0.0352142111831	0.0631278046239	-0.0672672771069	0.0127443700429	-0.0499219871759	-0.0117057780032	0.0301988578238	-0.0161957495764	0.0132879879852	-0.00784441894307	0.0639241752752	0.0163990268909	0.0208042390227	0.055740951992	0.0281870056774	-0.00268583380288	-0.0301509768026	-0.0628161281816	0.0111916870109	-0.0123914186658	0.00170494007223	-0.0366852109947	-0.00304440909469	0.00688540833485	0.0382580323427	-0.00237411223178	-0.0785049236698	-0.0505999842463	-0.025249123789	0.0664805583543	-0.0829849230683	0.00988712957384	-0.0684552814336	-0.077773580596	-0.0191079520246	-0.0321192590055	0.0245939328322	0.0233008522576	0.00819378997644	0.0135415779251	0.00462256532174	-0.0247877746667	-0.0218133757255	-0.0260545511485	-0.0201603392929	0.0375616277691
k__Bacteria;p__Bacteroidetes;c__Bacteroidia;o__Bacteroidales;f__Prevotellaceae;g__Prevotella;s__Prevotella_copri	0.0375683152911	0.000619049748249	-0.0301623231871	1.0	-0.00873503613208	-0.00677606143059	-0.0318423491151	-0.0589306869999	-0.0886700102629	-0.0326101414547	-0.0657609393432	0.0100377627071	-0.0675749505584	-0.0659339117054	-0.00638556263602	-0.000643790089654	0.0328296441482	-0.0365075576437	0.00287632714895	0.0316764737435	0.00555095684381	0.0303935123548	-0.0420353566744	0.0325956441948	-0.0149582575331	-0.064014316713	-0.0676545024803	0.0173018815405	0.0426295077192	-0.0320752648844	-0.0557358314273	0.00757195883622	-0.032545928862	-0.0309320052861	0.0103435247376	0.0191340030269	0.0267326991683	-0.0204341994971	-0.0311074998659	-0.0409694568918	0.0121874707202	0.00198046094943	-0.0169185434914	-0.0367814482327	0.0161263554883	-0.0384022371519	-0.0327373157192	0.0194740995404	-0.0155703371449	0.009514238063	0.0332643239084	-0.0379762185626	0.0486278259507	0.0173849940761	0.0877909938988	0.0131032850899	0.022960263539	0.0356132557788	-0.0516789355192
k__Bacteria;p__Bacteroidetes;c__Bacteroidia;o__Bacteroidales;f__Bacteroidaceae;g__Bacteroides;s__Bacteroides_stercoris	0.0194793232333	-0.0211062544646	0.0301710823933	-0.00873503613208	1.0	0.0640270607037	-0.0599890502513	0.0396553473199	-0.0116806276506	0.028518049084	-0.0302626044095	0.0385672183458	0.0793188070906	-0.0547863314558	0.0311720716554	0.0453469045845	0.00708752779571	0.0190165821735	0.00808940067553	-0.0192089723318	0.00128319514961	-0.021689968511	0.00426065251973	-0.0372984539135	-0.036099994742	-0.039754528415	-0.0193247076086	0.0347321347508	-0.00638797308673	0.00876750367137	-0.102783135074	-0.0299742911365	0.0339724174848	0.0070368660678	0.0179307437866	-0.0825370946832	0.0206263480997	0.0373398818939	-0.0134301575588	0.0413926616873	0.0907373792915	-0.0335095997837	-0.00628357171109	0.0598423665853	0.0307891621735	-0.0604770249007	-0.0196246777627	-0.0261886820912	-0.00598374061045	-0.0107903755943	0.0118360147511	-0.051287464722	0.00447194118144	-0.0187005154629	-0.0169362972891	-0.0445433924297	-0.0371902966785	0.0109821793512	-0.00344827444574
k__Bacteria;p__Bacteroidetes;c__Bacteroidia;o__Bacteroidales;f__Bacteroidaceae;g__Bacteroides;s__Bacteroides_ovatus	-0.0276243576326	-0.0214931896123	-0.017878198161	-0.00677606143059	0.0640270607037	1.0	-0.0750384228013	0.0213697207037	0.0152928340416	-0.00483290657393	0.0184264638699	0.0211999014077	-0.023069665423	-0.00511130863349	-0.00776182896448	-0.0128538220848	0.00608929000883	-0.00709872053974	0.0623755637416	0.00686187866733	0.00590779388642	0.00414393761818	-0.0358838700615	-0.00401111138126	0.0224767596786	0.0205094163618	-0.0188889236698	0.0386667855794	-0.0269425748809	-0.031137676525	-0.0651411385665	-0.0126759523483	-0.0626004566748	0.0397176879831	-0.0459014153095	0.0716706920457	-0.0476424912472	0.015798763446	0.00599106229966	-0.0406909456276	-0.0242010467029	-0.0596767416261	-0.000316044706369	-0.0423661789705	0.0457401656766	-0.036703379775	-0.034892096441	-0.0195726030393	-0.00250187191882	0.0212422997133	-0.0196297753091	0.0335977220312	0.0496189274853	-0.0637967843664	-0.0295315386728	-0.0251494356086	-0.00904261495891	-0.0146301330061	0.0210889891167
k__Bacteria;p__Bacteroidetes;c__Bacteroidia;o__Bacteroidales;f__Rikenellaceae;g__Alistipes;s__Alistipes_shahii	0.0278823760932	-0.0766025304832	-0.0259044873665	-0.0318423491151	-0.0599890502513	-0.0750384228013	1.0	0.0592014396158	0.0140093167042	0.0254626001685	-0.0101837106743	0.03688855008	-0.0417400365816	-0.0596038748912	-0.00838055812557	0.0198286432285	0.0390257034463	0.0430763513035	-0.0587843374683	0.0157174081008	0.0442159943569	-0.00895545395219	-0.0332662869869	0.0209557347636	-0.0161571068196	0.0484207691239	-0.0474798350864	-0.00274415983539	0.0616707293974	0.0165224157167	0.0177407106382	-0.0167939215319	0.0173345362867	-0.042283774654	-0.0444703624442	-0.0274974140515	-0.0239738478609	0.0346287875606	-0.00814667833562	0.00193172684722	-0.0368967089697	0.024458190657	-0.0118088051122	-0.001488718339	0.00608031832184	-0.0237737412269	-0.00565196487766	-0.0834783253332	0.0458179897459	-0.00512957305519	-0.0628483743027	0.0267414221747	-0.048780999491	0.015032101366	0.0109801810773	0.0773912481375	0.0151850894023	-0.0942761265393	-0.0172166008087
k__Bacteria;p__Firmicutes;c__Clostridia;o__Clostridiales;f__Ruminococcaceae;g__Faecalibacterium;s__Faecalibacterium_prausnitzii	-0.0855557347848	0.0141528947684	0.0604365766797	-0.0589306869999	0.0396553473199	0.0213697207037	0.0592014396158	1.0	-0.00501624296573	0.0497570602817	-0.0284222896963	0.0601130405758	-0.0330776793084	-0.0455935471655	-0.0421400761298	-0.0657923597073	0.0104136427301	0.000360674210678	-0.0544177852857	-0.00559888063078	0.0282388341713	-0.0183408570593	-0.028001357469	-0.021762196821	-0.0211357541078	0.0210051760209	-0.00376971419083	-0.0206102364499	-0.0079598997558	-0.0292770391298	0.0326155100358	-0.0225952058976	-0.0172160004978	0.0417607518111	-0.00719852589532	0.0433169274965	-0.0290198277934	-0.0798444510883	0.0413204973479	0.0315909957619	0.0625627596221	-0.0310377120572	0.0325612466	-0.0500514460325	0.00461689724152	-0.028633126816	-0.00458973753173	-0.066396818931	0.0408490830507	0.00406872611617	0.0247905827383	0.015081528653	0.00112748189421	-0.047776108905	0.0723431107877	-0.0231825206721	-0.054103753456	-0.00325951535721	-0.0697568206304
k__Bacteria;p__Bacteroidetes;c__Bacteroidia;o__Bacteroidales;f__Rikenellaceae;g__Alistipes;s__Alistipes_finegoldii	-0.0228653423563	-0.0544684999883	-0.0290206436571	-0.0886700102629	-0.0116806276506	0.0152928340416	0.0140093167042	-0.00501624296573	1.0	-0.00339834131061	-0.0601364100726	0.00177679573796	0.0645288428306	-0.0871961052058	-0.071823711897	-0.0256044366486	0.013813713018	0.0209691677634	-0.0384796293261	-0.0105392460838	-0.00139939675811	-0.0586011111782	0.00187741778885	0.0399065953827	-0.0563324297291	0.0319386879141	0.00383549195425	0.013910563386	-0.019895878989	-0.00870884857985	0.00250315513778	0.000518604312184	0.00178993776105	0.0123153611903	0.00563653084192	0.0100385507992	0.0198197828529	-0.0518318023042	0.0196923588836	0.0220785845533	-0.0638561641456	-0.0193785864966	0.0164287784494	-0.0167166886746	-0.0247294253017	0.010720933138	-0.052034200985	0.0170795549319	-0.00812353308705	0.0326875129377	-0.0452668159776	0.0383193597543	-0.0284255799516	-0.0306532611878	0.0239843493707	0.00181297483652	0.0441972588822	-0.0248705254515	0.010286562436
k__Bacteria;p__Bacteroidetes;c__Bacteroidia;o__Bacteroidales;f__Porphyromonadaceae;g__Parabacteroides;s__Parabacteroides_distasonis	-0.00235249569344	0.0193054809795	0.0154226307373	-0.0326101414547	0.028518049084	-0.00483290657393	0.0254626001685	0.0497570602817	-0.00339834131061	1.0	-0.0651367220423	-0.0675837631235	0.0348531786478	0.11214976846	-0.0556402960447	-0.024941175197	0.0238283148282	0.0170020843408	0.0265699862962	0.0341474545291	-0.0185742530981	-0.00995909189213	-0.0659058699663	0.0296091986016	-0.0867644729917	-0.0212234759315	0.0279738001901	0.0401489777646	0.0187063493399	-0.101509679159	-0.0478700296968	-0.00174654199528	0.0145644152454	-0.021829351093	-0.0504354951716	0.00180085947974	0.0295425623274	0.0467638402931	-0.034283431064	0.0081657372923	-0.0589044740336	0.0273269815554	-0.0366490632513	-0.0734754274665	-0.00487589508069	-0.0264935785824	-0.0201636281585	-0.0109191896143	0.0624026032268	0.00997753476959	0.031789470054	0.062653778691	0.0300318551408	-0.00575426676368	0.0165895530414	0.0251679201306	-0.0520833048862	0.0140585493698	-0.0783532158788
k__Bacteria;p__Bacteroidetes;c__Bacteroidia;o__Bacteroidales;f__Bacteroidaceae;g__Bacteroides;s__Bacteroides_thetaiotaomicron	-0.0133284733125	0.0222131567036	0.0544072636021	-0.0657609393432	-0.0302626044095	0.0184264638699	-0.0101837106743	-0.0284222896963	-0.0601364100726	-0.0651367220423	1.0	0.0294426389896	0.0642306064112	0.0400928028265	0.00461458250698	-0.00457349244837	0.0184638915799	-0.0332213815465	-0.0153971721896	0.0175376822304	-0.041160640202	0.0130590516479	0.0107418536584	-0.0483909755474	0.0358584827894	0.0151836099036	-0.0640697730348	0.00738366943844	-0.0265326747729	-0.0200465356441	0.0424665059139	-0.000833946222143	-0.0209832948822	-0.043052427552	-0.0106775891445	-0.021512570604	-0.0097432240867	-0.0277025626157	-0.0417015142524	0.000297694404502	-0.018825387477	-0.0778104330473	0.0163941705073	-0.0266556491405	-0.0390761965012	0.0248676048978	-0.00273965652194	0.049724460143	0.0212853184366	0.0199762701083	0.0239432057179	0.0026523181128	-0.0418329818545	-0.0331695036524	-0.0752489010633	0.0255104649451	-0.0624956101931	-0.0308160269331	0.0157374543448
k__Bacteria;p__Bacteroidetes;c__Bacteroidia;o__Bacteroidales;f__Bacteroidaceae;g__Bacteroides;s__Bacteroides_coprocola	-0.0252552466547	-0.0576923674039	0.0185994780406	0.0100377627071	0.0385672183458	0.0211999014077	0.03688855008	0.0601130405758	0.00177679573796	-0.0675837631235	0.0294426389896	1.0	-0.016651721047	0.0804700913005	0.00608642124939	-0.0561205821454	-0.00772936280658	0.0334507072466	-0.0766294248217	0.0239305827089	-0.0889781666696	0.0279874016738	-0.0607074897674	-0.0851410880541	0.0846543493472	0.0185283214206	-0.0299653068266	-0.059465439885	-0.0239181215312	-0.00983135114878	0.0302453139431	0.0319321564742	-0.0238417689631	0.0267373514928	0.0431587449142	-0.0348258157565	0.00356556417405	-0.00360701272854	0.0293924187659	0.0125667324952	-0.0282166722809	-0.0126995358989	0.0273626711824	0.00347510855982	0.00196215364657	0.0148676438173	-0.0132476307616	-0.0414151927922	0.00370711969026	0.0323683043119	-0.0416803460007	-0.0951803865723	0.0139031363818	0.0202043751025	-0.0739038758546	-0.117758181475	-0.048025943788	-0.0226301523695	0.0412024077669
k__Bacteria;p__Bacteroidetes;c__Bacteroidia;o__Bacteroidales;f__Bacteroidaceae;g__Bacteroides;s__Bacteroides_cellulosilyticus	0.00139684680538	0.00162905542819	-0.0852953476316	-0.0675749505584	0.0793188070906	-0.023069665423	-0.0417400365816	-0.0330776793084	0.0645288428306	0.0348531786478	0.0642306064112	-0.016651721047	1.0	-0.0168010699599	-0.0737253740938	-0.0135216907496	-0.0376410835813	0.0185086109852	-0.0158624795458	0.0149335643785	-0.0247881171499	-0.0136990657025	0.0217997375612	-0.0309370965657	-0.0211362487465	0.0111664319403	-0.0756446684479	0.0439126343773	-0.0630867446803	-0.0458320989614	0.0382152949883	-0.0528466687391	-0.0270945416023	0.0316632506503	0.00435563202405	-0.012587021992	0.0226860496856	-0.0302279432248	-0.0819762813313	-0.0260491030989	0.0123867031139	0.0455342620806	0.0623367966736	-0.0051940295241	-0.0490672144323	-0.0237923841118	0.0193144149289	0.000435474435263	0.0425507332634	0.00934893148239	-0.04718844848	-0.0125563225028	-0.0571472044575	-0.0237696316247	0.0371832965452	0.00116801766769	0.0382361427658	-0.000502980304225	0.023599635922
k__Bacteria;p__Bacteroidetes;c__Bacteroidia;o__Bacteroidales;f__Rikenellaceae;g__Alistipes;s__Alistipes_obesi	-0.0284079191519	-0.0405349097197	0.0352142111831	-0.0659339117054	-0.0547863314558	-0.00511130863349	-0.0596038748912	-0.0455935471655	-0.0871961052058	0.11214976846	0.0400928028265	0.0804700913005	-0.0168010699599	1.0	-0.0185976776782	0.0525962018117	-0.0227484437873	-0.0574282459739	0.00509801407268	-0.0524401750863	-0.000718459202235	0.0196819889487	-0.0137512338109	-0.0741095313249	-0.0439717852419	-0.0176254928905	-0.0552678755181	0.058870531201	-0.0196216380878	-0.0436251248966	0.0400043504547	-0.0244245682703	0.0248829707047	0.00797845980054	-0.00871163791248	-0.000264204333294	-0.0336459876217	0.0424205484016	0.0209323463292	-0.042745373741	0.054773201991	-0.0623037487226	-0.0332801119008	-0.0148534241789	-0.00314613992624	-0.0311736021994	-0.0010393046921	-0.0458997122367	0.0173559243919	-0.0185630440277	-0.005160087955	-0.0621325193231	-0.00719869280083	-0.0641402783553	-0.0315841985193	-0.014363278291	-0.0397751412362	0.0164851446964	-0.0134697467287
k__Bacteria;p__Firmicutes;c__Clostridia;o__Clostridiales;f__Lachnospiraceae;g__;s__[Eubacterium]_rectale	-0.0633299694662	0.0313432480549	0.0631278046239	-0.00638556263602	0.0311720716554	-0.00776182896448	-0.00838055812557	-0.0421400761298	-0.071823711897	-0.0556402960447	0.00461458250698	0.00608642124939	-0.0737253740938	-0.0185976776782	1.0	0.0113960008126	0.0334791447411	-0.000736726549158	-0.0258279661363	0.0290226901384	-0.0221035773704	-0.00746648521476	-0.0495847344948	-0.0010872724812	0.0100568922486	0.0145084414869	0.02716847615	0.0143479895054	-0.032608425022	0.0187710000426	0.0307674035664	0.0230628851089	-0.0273776505533	-0.0117395051983	0.027562873033	-0.00859752064387	0.00830977813931	0.00282894118229	-0.0366872535213	0.0340230521191	-0.0115191485827	0.021601535444	-0.0473673053567	0.0732359996013	-0.0580215285177	-0.00274357801449	-0.0306375753483	-0.032838590732	-0.0352415908624	0.0151794000007	0.00360991420345	0.0253885961233	0.0619767705571	0.0225888159833	-0.0334529001567	-0.0361587916855	0.0086343160921	-0.0296658884424	-0.0280487410859
k__Bacteria;p__Bacteroidetes;c__Bacteroidia;o__Bacteroidales;f__Bacteroidaceae;g__Bacteroides;s__Bacteroides_plebeius	-0.0455869999193	0.0283971485059	-0.0672672771069	-0.000643790089654	0.0453469045845	-0.0128538220848	0.0198286432285	-0.0657923597073	-0.0256044366486	-0.024941175197	-0.00457349244837	-0.0561205821454	-0.0135216907496	0.0525962018117	0.0113960008126	1.0	-0.0594876181104	-0.0490511380159	-0.0172119468573	0.028960578105	0.00920782263422	0.0223270127202	-0.0639310658515	-0.0476099798682	0.0410987484146	-0.0787325969285	-0.0133339672912	0.0106638348483	0.0333380674579	0.0506400418611	0.0019512429905	-0.0227013514396	-0.000658861652974	-0.027999863587	0.025482606241	0.0255542567566	0.0514439826206	0.0196832240681	-0.0213020479197	-0.013096403403	-0.118747051247	0.00523331039452	0.0203664980767	0.00812812548802	-0.0230644838433	0.026397907394	0.071723481242	0.0010090232501	0.0218876089578	-0.0137361812339	0.02859350349	0.0365729389601	-0.00834314434533	0.102980586693	-0.053330643385	-0.022449476899	0.0515448168774	0.00867781176084	-0.0417444646027
k__Bacteria;p__Bacteroidetes;c__Bacteroidia;o__Bacteroidales;f__Bacteroidaceae;g__Bacteroides;s__Bacteroides_fragilis	0.0218907166114	-0.0113354381973	0.0127443700429	0.0328296441482	0.00708752779571	0.00608929000883	0.0390257034463	0.0104136427301	0.013813713018	0.0238283148282	0.0184638915799	-0.00772936280658	-0.0376410835813	-0.0227484437873	0.0334791447411	-0.0594876181104	1.0	-0.0965219358665	-0.0222254144608	-0.00655157161677	-0.00199552299501	-0.00319371199158	0.00234923882991	0.0260607526965	0.00531243528973	-0.0122990806589	-0.00567234055393	0.0454192961098	-0.0366050014245	-0.0298636277534	-0.0482114097382	-0.0734036500238	-0.0330783229422	0.0275049067918	-0.025305600436	-0.0123693676882	-0.00543908056692	-0.0455287330101	-0.0489078398679	-0.0305639104456	-0.0238571934759	0.00799078306698	-0.0327378224424	-0.0144131798076	-0.0376308908711	0.00232329664354	0.0367508000805	0.0540049251933	0.00435233429369	-0.0155318579387	-0.0541912113811	-0.0488843216149	-0.0358838460622	-0.00242728539996	0.0645609985119	-0.00932665574078	0.0151268577631	-0.0573764456542	0.0382611873893
k__Bacteria;p__Proteobacteria;c__Betaproteobacteria;o__Burkholderiales;f__Sutterellaceae;g__Sutterella;s__Sutterella_wadsworthensis	0.0420078842031	-0.0477821384561	-0.0499219871759	-0.0365075576437	0.0190165821735	-0.00709872053974	0.0430763513035	0.000360674210678	0.0209691677634	0.0170020843408	-0.0332213815465	0.0334507072466	0.0185086109852	-0.0574282459739	-0.000736726549157	-0.0490511380159	-0.0965219358665	1.0	-0.0322785079078	-0.0100390159998	-0.00528219056967	0.0196046417427	-0.0264038423694	0.0347306259489	-0.0184762433536	0.0209569707257	-0.062649832652	-0.0549379774433	-0.0265447186684	-0.0289739845133	-0.0230607005822	0.0404819343997	-0.0220728909198	-0.0656648385075	0.00885971539861	-0.0192415932998	-0.0652294663	0.0238350605567	0.0485365677439	-0.0211869022075	-0.023029500027	-0.070931256094	-0.00501353990121	0.10645341078	-0.0462467341041	-0.0226318373779	0.0137273714223	0.01813440837	0.00845002095552	-0.0140760732013	0.0195574912556	0.0292937798901	0.00727360966293	0.0674494153009	0.0310331807586	-0.0481141520789	0.026498411385	-0.0114566708983	-0.0364870343728
k__Bacteria;p__Bacteroidetes;c__Bacteroidia;o__Bacteroidales;f__Porphyromonadaceae;g__Barnesiella;s__Barnesiella_intestinihominis	-0.0386235171307	0.0281711009875	-0.0117057780032	0.00287632714895	0.00808940067553	0.0623755637416	-0.0587843374683	-0.0544177852857	-0.0384796293261	0.0265699862962	-0.0153971721896	-0.0766294248217	-0.0158624795458	0.00509801407268	-0.0258279661363	-0.0172119468573	-0.0222254144608	-0.0322785079078	1.0	0.0395487195989	-0.0257786696919	-0.0199122169253	0.0065225144563	0.00582786996696	-0.0314796682949	-0.0309817201165	0.0254497674951	-0.103678501212	0.0372999522787	-0.00380063452655	-0.0195708173667	-0.046264819652	-0.0245501332382	-0.0225337135677	-0.0269730407042	-0.00828104062386	0.0381144741097	-0.0331553166193	0.0238438315311	0.0385812914409	-0.0397357036506	0.0272936217139	-0.0712401953058	0.0023400790951	0.0316641536053	-0.019337759104	0.0150716511134	-0.0608830666275	0.0413616964598	0.0108194446748	-0.00731838804557	-0.00281065630064	-0.0574354813103	0.0243009480547	0.0170278826654	-0.0952208565109	0.0245136925471	-0.0551472860399	-0.0960179339423
k__Bacteria;p__Bacteroidetes;c__Bacteroidia;o__Bacteroidales;f__Odoribacteraceae;g__Odoribacter;s__Odoribacter_splanchnicus	0.0638416728216	0.0563988162867	0.0301988578238	0.0316764737435	-0.0192089723318	0.00686187866733	0.0157174081008	-0.00559888063078	-0.0105392460838	0.0341474545291	0.0175376822304	0.0239305827089	0.0149335643785	-0.0524401750863	0.0290226901384	0.028960578105	-0.00655157161677	-0.0100390159998	0.0395487195989	1.0	-0.00746891448911	0.0591663676355	0.0322883063644	0.0433299014974	0.00653694211667	0.00727506484443	-0.0542191566856	-0.0124646880816	-0.0102761963945	-0.0331545489045	-0.0311467940764	-0.0264415265274	-0.0172233519147	-0.0171125154481	-0.0358832347667	-0.0334330691422	-0.00708932451863	0.0260278043234	0.0445356901472	0.000327600862227	-0.0202283277659	0.0377794388883	0.0305420159518	-0.075624003715	-0.032034940884	0.00616734425051	-0.0094509453433	0.0668165393603	0.00960761387478	-0.0102082038659	0.0259538667598	-0.00856924624755	-0.017145221527	0.0262309802321	-0.0300872729584	-0.0462689646276	-0.043329695774	-0.0168378760009	-0.0043740870029
k__Bacteria;p__Bacteroidetes;c__Bacteroidia;o__Bacteroidales;f__Bacteroidaceae;g__Bacteroides;s__Bacteroides_salyersiae	-0.0192570045398	0.0522995008661	-0.0161957495764	0.00555095684381	0.00128319514961	0.00590779388642	0.0442159943569	0.0282388341713	-0.00139939675811	-0.0185742530981	-0.041160640202	-0.0889781666696	-0.0247881171499	-0.000718459202235	-0.0221035773704	0.00920782263422	-0.00199552299501	-0.00528219056967	-0.0257786696919	-0.00746891448911	1.0	0.0190648293496	-0.0129007292096	0.0348998131831	-0.0120623812055	-0.00272093956648	-0.0291864716339	0.00779221269741	-0.0155928221393	0.0195532036642	-0.0217345221574	0.00350895965605	0.0157067705324	-0.0355030920141	0.0171351506723	-0.0151449560925	0.00310754225022	0.0187798568866	0.0113154041123	-0.0504472786767	0.0367042277719	-0.00362493366903	0.0065669998028	0.00930448371284	-0.0235324943601	-0.0260572220787	0.00111678693741	-0.0805055141504	-0.112122621767	0.043038571203	0.0457267976359	-0.0200934870156	-0.0141944568939	0.0258184393182	-0.0942530215142	0.0118505678856	0.0522926568812	-0.0801168413227	-0.0904641083578
k__Bacteria;p__Firmicutes;c__Clostridia;o__Clostridiales;f__Ruminococcaceae;g__Ruminiclostridium;s__[Eubacterium]_siraeum	0.0132106479817	0.00181801656223	0.0132879879852	0.0303935123548	-0.021689968511	0.00414393761818	-0.00895545395219	-0.0183408570593	-0.0586011111782	-0.00995909189213	0.0130590516479	0.0279874016738	-0.0136990657025	0.0196819889487	-0.00746648521476	0.0223270127202	-0.00319371199158	0.0196046417427	-0.0199122169253	0.0591663676355	0.0190648293496	1.0	-0.0872984822303	0.0219944752909	0.00058514092817	0.0274926522976	-0.0047151538	-0.0295401572771	0.0351448176296	-0.0174114506218	-0.0316195084561	-0.0719572842585	-0.0635226602927	-0.000692165569232	0.00281487320059	-0.0410929716793	0.0150249002706	0.0128319655385	-0.0423039750706	0.015379704249	0.000943524194595	0.0402198701293	0.00253282290727	-0.00991635302625	-0.00358757440576	0.0271770233191	-0.0956335950449	0.0751764071773	-0.00769892313469	0.0246227642819	-0.0533663937665	-0.0147111547424	0.00804059501867	-0.0449571566481	-0.0150154494253	-0.0245539296899	-0.0353274557803	-0.0496780042159	-0.0759290248797
k__Bacteria;p__Proteobacteria;c__Betaproteobacteria;o__Burkholderiales;f__Sutterellaceae;g__Parasutterella;s__Parasutterella_excrementihominis	-0.0478724337831	0.02439175229	-0.00784441894307	-0.0420353566744	0.00426065251973	-0.0358838700615	-0.0332662869869	-0.028001357469	0.00187741778885	-0.0659058699663	0.0107418536584	-0.0607074897674	0.0217997375612	-0.0137512338109	-0.0495847344948	-0.0639310658515	0.00234923882991	-0.0264038423694	0.0065225144563	0.0322883063644	-0.0129007292096	-0.0872984822303	1.0	-0.0871159777688	0.0122340851912	-0.0417931751674	0.0404333736258	-0.0312985998632	0.0547961845608	0.00411913920953	0.0201374961605	0.0139820447347	0.0558007658769	-0.0328503209599	-0.020499620212	-0.0301373301942	-0.0471607288571	0.00026824276419	0.0174511904207	-0.0334194525423	-0.0248383784063	0.0252392909368	-0.026616180296	0.0667831020254	-0.00961315928245	-0.0248205578281	0.0124764784818	-0.0133826028442	0.0640828756542	-0.0161887104353	0.0427726930143	0.0152109776028	0.0223240672311	-0.0513581385152	0.0162205593143	0.0276201249558	0.0362083440772	0.098611669761	-0.00434746780775
k__Bacteria;p__Actinobacteria;c__Actinobacteria;o__Bifidobacteriales;f__Bifidobacteriaceae;g__Bifidobacterium;s__Bifidobacterium_adolescentis	-0.0216992300698	0.0208588988508	0.0639241752752	0.0325956441948	-0.0372984539135	-0.00401111138126	0.0209557347636	-0.021762196821	0.0399065953827	0.0296091986016	-0.0483909755474	-0.0851410880541	-0.0309370965657	-0.0741095313249	-0.0010872724812	-0.0476099798682	0.0260607526965	0.0347306259489	0.00582786996696	0.0433299014974	0.0348998131831	0.0219944752909	-0.0871159777688	1.0	0.00643062869597	0.00670290999888	0.0349929301838	0.0460722003029	-0.0345374526763	0.022276023431	-0.0590860106085	-0.0154447674498	-0.0205442939398	-0.0262342626872	-0.0681321669309	-0.00746725207918	-0.0147969196157	0.0243754033193	0.0246939366806	0.0426259554196	-0.030734755272	-0.0154862862885	-0.0161112297512	0.0126354677913	-0.0197992935151	-0.00457940905566	-0.0603943642793	0.0285708292467	-0.0363024721888	-0.010708609844	-0.0116198551276	0.0271322094328	0.0504128451016	-0.0261965137797	0.0177494341743	0.00223546309868	0.0136725646267	0.0397709254237	-0.0125435079666
k__Bacteria;p__Firmicutes;c__Clostridia;o__Clostridiales;f__Oscillospiraceae;g__Oscillibacter;s__Oscillibacter_sp._KLE_1745	0.00612221084402	0.027308136029	0.0163990268909	-0.0149582575331	-0.036099994742	0.0224767596786	-0.0161571068196	-0.0211357541078	-0.0563324297291	-0.0867644729917	0.0358584827894	0.0846543493472	-0.0211362487465	-0.0439717852419	0.0100568922486	0.0410987484146	0.00531243528973	-0.0184762433536	-0.0314796682949	0.00653694211667	-0.0120623812055	0.00058514092817	0.0122340851912	0.00643062869597	1.0	-0.0370298741397	-0.0194974342964	-0.0274814132355	-0.0866427713629	-0.0630548023413	-0.0460808068405	-0.0234484030976	0.0264816987576	0.0397380750457	-0.0380006414213	-0.00319625825975	0.0175109586997	0.0283499507678	-0.00679557823886	-0.0484320587132	0.0130571775552	-0.0141372842684	0.00335473443978	-0.0474300953698	-0.0226446429961	0.0134888388729	0.0283295596747	0.00689155686423	-0.0253630120813	-0.00777217736136	-0.0226594005866	-0.045701441963	-0.013086484854	-0.00560517323615	-0.0166466960497	-0.0881948025495	-0.000528048305826	0.0197052029796	0.0396129062091
k__Bacteria;p__Bacteroidetes;c__Bacteroidia;o__Bacteroidales;f__Bacteroidaceae;g__Bacteroides;s__Bacteroides_coprophilus	-0.00478579490629	-0.0250905385254	0.0208042390227	-0.064014316713	-0.039754528415	0.0205094163618	0.0484207691239	0.0210051760209	0.0319386879141	-0.0212234759315	0.0151836099036	0.0185283214206	0.0111664319403	-0.0176254928905	0.0145084414869	-0.0787325969285	-0.0122990806589	0.0209569707257	-0.0309817201165	0.00727506484443	-0.00272093956648	0.0274926522976	-0.0417931751674	0.00670290999888	-0.0370298741397	1.0	0.0457901062384	-0.0320084696396	-0.0293581144505	0.0738935284347	0.0279718924736	0.00637846652862	-0.0444913880307	0.0573503928963	-0.0317986772417	-0.0206625521374	-0.0552852655418	0.0229259391661	0.047177588591	-0.0430511568264	-0.000521566483262	0.0212399970669	-0.00994545816803	0.00671456848266	-0.100251433997	-0.00314278982692	-0.00254600791061	-0.0229492080102	0.00998330073284	-0.0135744340821	-0.00171131298705	0.0510275501002	0.0513120160444	0.00560409782179	-0.00961966759382	0.0667202403573	0.013205040399	-0.0311534568229	0.00823666165384
k__Bacteria;p__Firmicutes;c__Clostridia;o__Clostridiales;f__Lachnospiraceae;g__Roseburia;s__Roseburia_intestinalis	-0.0592072535519	0.0340163943641	0.055740951992	-0.0676545024803	-0.0193247076086	-0.0188889236698	-0.0474798350864	-0.00376971419083	0.00383549195425	0.0279738001901	-0.0640697730348	-0.0299653068266	-0.0756446684479	-0.0552678755181	0.02716847615	-0.0133339672912	-0.00567234055393	-0.062649832652	0.0254497674951	-0.0542191566856	-0.0291864716339	-0.0047151538	0.0404333736258	0.0349929301838	-0.0194974342964	0.0457901062384	1.0	-0.000340659302949	0.0118067852752	0.0195607877289	0.0196865364689	-0.0302694419256	-0.0145920265254	-0.00758410525816	-0.018586617286	0.00184927460494	0.043537727613	-0.0430962445756	-0.0230757804373	-0.0128246456029	0.0323005903754	0.05830050062	0.00434083749524	-0.00959674601981	0.027396819898	0.0146973019297	-0.0305560334035	0.0540587536958	-0.00760202406765	-0.0739923526536	-0.0751111870054	0.0685577514404	0.00210997573345	-0.00856492043262	0.00877414236797	-0.016180129599	-0.103031412461	-0.0436152669255	0.0337428859374
k__Bacteria;p__Firmicutes;c__Clostridia;o__Clostridiales;f__Lachnospiraceae;g__Roseburia;s__Roseburia_hominis	0.0148315016618	0.00108732033389	0.0281870056774	0.0173018815405	0.0347321347508	0.0386667855794	-0.00274415983539	-0.0206102364499	0.013910563386	0.0401489777646	0.00738366943844	-0.059465439885	0.0439126343773	0.058870531201	0.0143479895054	0.0106638348483	0.0454192961098	-0.0549379774433	-0.103678501212	-0.0124646880816	0.00779221269741	-0.0295401572771	-0.0312985998632	0.0460722003029	-0.0274814132355	-0.0320084696396	-0.000340659302949	1.0	0.0328999724396	-0.00132034669121	-0.0527365570865	-0.0127035970509	0.0321844847017	-0.0450478054132	0.0302632450666	-0.0542405179531	-0.0473435295593	0.00277874039207	-0.0053718669624	-0.0185628458298	-0.0356946842288	-0.0224453710521	0.0331002029302	-0.048663844178	-0.0142115349774	0.0304703736678	-0.0356224684372	-0.0495338002336	-0.0625055640466	-0.052050321791	-0.0580438792564	-0.0534577635253	-0.108210762034	0.00121383170102	0.00298872179221	0.0541108714069	0.051098585169	-0.0183376097367	0.0724658830811
k__Bacteria;p__Bacteroidetes;c__Bacteroidia;o__Bacteroidales;f__Porphyromonadaceae;g__Parabacteroides;s__Parabacteroides_johnsonii	-0.00105643381061	-0.0146409698888	-0.00268583380288	0.0426295077192	-0.00638797308673	-0.0269425748809	0.0616707293974	-0.0079598997558	-0.019895878989	0.0187063493399	-0.0265326747729	-0.0239181215312	-0.0630867446803	-0.0196216380878	-0.032608425022	0.0333380674579	-0.0366050014245	-0.0265447186684	0.0372999522787	-0.0102761963945	-0.0155928221393	0.0351448176296	0.0547961845608	-0.0345374526763	-0.0866427713629	-0.0293581144505	0.0118067852752	0.0328999724396	1.0	0.0133427051552	0.0174665694272	0.0327140583544	-0.00612508350223	-0.0286242424894	0.00189859172272	0.0180683263514	-0.0552460336859	-0.0410746754645	-0.0372342822584	0.01574999778	-0.0717128636527	-0.0518623116569	0.00532509469302	-0.0460395343953	0.0068775576075	-0.0384930464466	0.0457578505275	-0.0255325463806	-0.0133714596972	-0.0503057994115	0.0103544459529	0.072104633818	0.0128442372004	-0.0680249004333	-0.0117490724684	-0.0040735381138	-0.00676892730046	-0.0546018458889	-0.0251837972897
k__Bacteria;p__Actinobacteria;c__Actinobacteria;o__Bifidobacteriales;f__Bifidobacteriaceae;g__Bifidobacterium;s__Bifidobacterium_longum	-0.0408177370814	-0.0522913146001	-0.0301509768026	-0.0320752648844	0.00876750367137	-0.031137676525	0.0165224157167	-0.0292770391298	-0.00870884857985	-0.101509679159	-0.0200465356441	-0.00983135114878	-0.0458320989614	-0.0436251248966	0.0187710000426	0.0506400418611	-0.0298636277534	-0.0289739845133	-0.00380063452655	-0.0331545489045	0.0195532036642	-0.0174114506218	0.00411913920953	0.022276023431	-0.0630548023413	0.0738935284347	0.0195607877289	-0.00132034669121	0.0133427051552	1.0	0.0324350728739	-0.0158523545042	-0.0369974575472	0.00528340535581	-3.73511149656e-06	0.0206524983595	-0.00357766016447	0.0263126909941	0.0038204585687	-0.0527360359317	0.00469073191384	0.000274124266192	0.00661109355462	0.00861224394357	-0.0255239331765	-0.0145707352912	0.0340809714844	-0.00996827830975	-0.107859830514	-0.00884256912447	0.00524059013536	-0.0497359738925	-0.020450115604	-0.0252937006244	0.0494274292138	0.0165753798174	0.00830814934253	-0.00831343639825	-0.0155207744424
