#taxonomy	k__Bacteria;p__Bacteroidetes;c__Bacteroidia;o__Bacteroidales;f__Bacteroidaceae;g__Bacteroides;s__Bacteroides_vulgatus	k__Bacteria;p__Bacteroidetes;c__Bacteroidia;o__Bacteroidales;f__Bacteroidaceae;g__Bacteroides;s__Bacteroides_uniformis	k__Bacteria;p__Bacteroidetes;c__Bacteroidia;o__Bacteroidales;f__Rikenellaceae;g__Alistipes;s__Alistipes_putredinis	k__Bacteria;p__Bacteroidetes;c__Bacteroidia;o__Bacteroidales;f__Prevotellaceae;g__Prevotella;s__Prevotella_copri	k__Bacteria;p__Bacteroidetes;c__Bacteroidia;o__Bacteroidales;f__Bacteroidaceae;g__Bacteroides;s__Bacteroides_stercoris	k__Bacteria;p__Bacteroidetes;c__Bacteroidia;o__Bacteroidales;f__Bacteroidaceae;g__Bacteroides;s__Bacteroides_ovatus	k__Bacteria;p__Bacteroidetes;c__Bacteroidia;o__Bacteroidales;f__Rikenellaceae;g__Alistipes;s__Alistipes_shahii	k__Bacteria;p__Firmicutes;c__Clostridia;o__Clostridiales;f__Ruminococcaceae;g__Faecalibacterium;s__Faecalibacterium_prausnitzii	k__Bacteria;p__Bacteroidetes;c__Bacteroidia;o__Bacteroidales;f__Rikenellaceae;g__Alistipes;s__Alistipes_finegoldii	k__Bacteria;p__Bacteroidetes;c__Bacteroidia;o__Bacteroidales;f__Porphyromonadaceae;g__Parabacteroides;s__Parabacteroides_distasonis	k__Bacteria;p__Bacteroidetes;c__Bacteroidia;o__Bacteroidales;f__Bacteroidaceae;g__Bacteroides;s__Bacteroides_thetaiotaomicron	k__Bacteria;p__Bacteroidetes;c__Bacteroidia;o__Bacteroidales;f__Bacteroidaceae;g__Bacteroides;s__Bacteroides_coprocola	k__Bacteria;p__Bacteroidetes;c__Bacteroidia;o__Bacteroidales;f__Bacteroidaceae;g__Bacteroides;s__Bacteroides_cellulosilyticus	k__Bacteria;p__Bacteroidetes;c__Bacteroidia;o__Bacteroidales;f__Rikenellaceae;g__Alistipes;s__Alistipes_obesi	k__Bacteria;p__Firmicutes;c__Clostridia;o__Clostridiales;f__Lachnospiraceae;g__;s__[Eubacterium]_rectale	k__Bacteria;p__Bacteroidetes;c__Bacteroidia;o__Bacteroidales;f__Bacteroidaceae;g__Bacteroides;s__Bacteroides_plebeius	k__Bacteria;p__Bacteroidetes;c__Bacteroidia;o__Bacteroidales;f__Bacteroidaceae;g__Bacteroides;s__Bacteroides_fragilis	k__Bacteria;p__Proteobacteria;c__Betaproteobacteria;o__Burkholderiales;f__Sutterellaceae;g__Sutterella;s__Sutterella_wadsworthensis	k__Bacteria;p__Bacteroidetes;c__Bacteroidia;o__Bacteroidales;f__Porphyromonadaceae;g__Barnesiella;s__Barnesiella_intestinihominis	k__Bacteria;p__Bacteroidetes;c__Bacteroidia;o__Bacteroidales;f__Odoribacteraceae;g__Odoribacter;s__Odoribacter_splanchnicus	k__Bacteria;p__Bacteroidetes;c__Bacteroidia;o__Bacteroidales;f__Bacteroidaceae;g__Bacteroides;s__Bacteroides_salyersiae	k__Bacteria;p__Firmicutes;c__Clostridia;o__Clostridiales;f__Ruminococcaceae;g__Ruminiclostridium;s__[Eubacterium]_siraeum	k__Bacteria;p__Proteobacteria;c__Betaproteobacteria;o__Burkholderiales;f__Sutterellaceae;g__Parasutterella;s__Parasutterella_excrementihominis	k__Bacteria;p__Actinobacteria;c__Actinobacteria;o__Bifidobacteriales;f__Bifidobacteriaceae;g__Bifidobacterium;s__Bifidobacterium_adolescentis	k__Bacteria;p__Firmicutes;c__Clostridia;o__Clostridiales;f__Oscillospiraceae;g__Oscillibacter;s__Oscillibacter_sp._KLE_1745	k__Bacteria;p__Bacteroidetes;c__Bacteroidia;o__Bacteroidales;f__Bacteroidaceae;g__Bacteroides;s__Bacteroides_coprophilus	k__Bacteria;p__Firmicutes;c__Clostridia;o__Clostridiales;f__Lachnospiraceae;g__Roseburia;s__Roseburia_intestinalis	k__Bacteria;p__Firmicutes;c__Clostridia;o__Clostridiales;f__Lachnospiraceae;g__Roseburia;s__Roseburia_hominis	k__Bacteria;p__Bacteroidetes;c__Bacteroidia;o__Bacteroidales;f__Porphyromonadaceae;g__Parabacteroides;s__Parabacteroides_johnsonii	k__Bacteria;p__Actinobacteria;c__Actinobacteria;o__Bifidobacteriales;f__Bifidobacteriaceae;g__Bifidobacterium;s__Bifidobacterium_longum	k__Bacteria;p__Firmicutes;c__Clostridia;o__Clostridiales;f__;g__Flavonifractor;s__Flavonifractor_plautii	k__Bacteria;p__Firmicutes;c__Clostridia;o__Clostridiales;f__Clostridiaceae;g__Clostridium;s__Clostridium_phoceensis	k__Bacteria;p__Verrucomicrobia;c__Verrucomicrobiae;o__Verrucomicrobiales;f__Akkermansiaceae;g__Akkermansia;s__Akkermansia_muciniphila	k__Bacteria;p__Bacteroidetes;c__Bacteroidia;o__Bacteroidales;f__Prevotellaceae;g__Paraprevotella;s__Paraprevotella_xylaniphila	k__Bacteria;p__Firmicutes;c__Clostridia;o__Clostridiales;f__Ruminococcaceae;g__Ruminococcus;s__Ruminococcus_callidus	k__Bacteria;p__Bacteroidetes;c__Bacteroidia;o__Bacteroidales;f__Rikenellaceae;g__Alistipes;s__Alistipes_senegalensis	k__Bacteria;p__Firmicutes;c__Clostridia;o__Clostridiales;f__Lachnospiraceae;g__Blautia;s__Blautia_sp._KLE_1732	k__Bacteria;p__Bacteroidetes;c__Bacteroidia;o__Bacteroidales;f__Bacteroidaceae;g__Bacteroides;s__Bacteroides_oleiciplenus	k__Bacteria;p__Firmicutes;c__Clostridia;o__Clostridiales;f__Ruminococcaceae;g__Ruminococcus;s__Ruminococcus_bicirculans	k__Bacteria;p__Bacteroidetes;c__Bacteroidia;o__Bacteroidales;f__Bacteroidaceae;g__Bacteroides;s__Bacteroides_fluxus	k__Bacteria;p__Bacteroidetes;c__Bacteroidia;o__Bacteroidales;f__Prevotellaceae;g__Prevotella;s__Prevotella_stercorea	k__Bacteria;p__Firmicutes;c__Clostridia;o__Clostridiales;f__Lachnospiraceae;g__Dorea;s__Dorea_longicatena	k__Bacteria;p__Firmicutes;c__Clostridia;o__Clostridiales;f__Eubacteriaceae;g__Eubacterium;s__[Eubacterium]_eligens	k__Bacteria;p__Firmicutes;c__Clostridia;o__Clostridiales;f__Ruminococcaceae;g__;s__Ruminococcaceae_bacterium_D16	k__Bacteria;p__Firmicutes;c__Clostridia;o__Clostridiales;f__Lachnospiraceae;g__Coprococcus;s__Coprococcus_comes	k__Bacteria;p__Proteobacteria;c__Gammaproteobacteria;o__Enterobacterales;f__Enterobacteriaceae;g__Escherichia;s__Escherichia_coli	k__Bacteria;p__Firmicutes;c__Clostridia;o__Clostridiales;f__Ruminococcaceae;g__Anaerotruncus;s__Anaerotruncus_colihominis	k__Bacteria;p__Firmicutes;c__Clostridia;o__Clostridiales;f__Lachnospiraceae;g__Blautia;s__Blautia_obeum	k__Bacteria;p__Bacteroidetes;c__Bacteroidia;o__Bacteroidales;f__Odoribacteraceae;g__Odoribacter;s__Odoribacter_laneus	k__Bacteria;p__Firmicutes;c__Clostridia;o__Clostridiales;f__Ruminococcaceae;g__Ruminiclostridium;s__[Clostridium]_leptum	k__Bacteria;p__Bacteroidetes;c__Bacteroidia;o__Bacteroidales;f__Porphyromonadaceae;g__Parabacteroides;s__Parabacteroides_goldsteinii	k__Bacteria;p__Firmicutes;c__Clostridia;o__Clostridiales;f__Lachnospiraceae;g__Anaerostipes;s__Anaerostipes_hadrus	k__Bacteria;p__Firmicutes;c__Clostridia;o__Clostridiales;f__Ruminococcaceae;g__Ruminococcus;s__Ruminococcus_lactaris	k__Bacteria;p__Firmicutes;c__Clostridia;o__Clostridiales;f__Clostridiaceae;g__Clostridium;s__Clostridium_sp._L2-50	k__Bacteria;p__Firmicutes;c__Clostridia;o__Clostridiales;f__Clostridiaceae;g__Clostridium;s__Clostridium_sp._M62/1	k__Bacteria;p__Firmicutes;c__Clostridia;o__Clostridiales;f__;g__Intestinimonas;s__Intestinimonas_butyriciproducens	k__Bacteria;p__Actinobacteria;c__Actinobacteria;o__Bifidobacteriales;f__Bifidobacteriaceae;g__Bifidobacterium;s__Bifidobacterium_bifidum	k__Bacteria;p__Firmicutes;c__Negativicutes;o__Veillonellales;f__Veillonellaceae;g__Dialister;s__Dialister_invisus	k__Bacteria;p__Bacteroidetes;c__Bacteroidia;o__Bacteroidales;f__Bacteroidaceae;g__Bacteroides;s__Bacteroides_salanitronis
k__Bacteria;p__Bacteroidetes;c__Bacteroidia;o__Bacteroidales;f__Bacteroidaceae;g__Bacteroides;s__Bacteroides_vulgatus	1.0	-0.0504310155659	0.00653431938784	-0.0018844741745	0.0333051648327	0.0150907803915	-0.0325709618053	-0.031596053668	-0.0134254558528	-0.0376483355441	0.0261283203872	-0.04272156822	-0.00107717639316	-0.045158202102	-0.0215228623413	-0.0146188364322	-0.0538883131695	0.064947824581	0.0205047483218	-0.0282555440042	-0.0317400491359	-0.0845383099264	0.00586384014087	0.0103718628925	-0.0386056431139	0.00415774766521	-0.000170047813748	-0.0502851006686	-0.105798582627	0.0339378952815	0.085630107476	-0.0192503291784	0.0130197754132	0.0269603065183	-0.0545080383757	0.0298474051761	-0.0818767915436	-0.0262897650025	-0.0137156941512	-0.0603400555791	0.0391626924288	-0.0349596979266	-0.0189765327054	-0.0473588441875	0.0236392953945	0.0364968688569	-0.0357476218889	0.0247254692956	0.0376931736683	0.0390778006946	-0.0307460660355	-0.0241332277161	0.0114873858318	-0.0419614054679	0.00221345768681	-0.0161603462876	-0.0304895716331	0.00442570594261	-0.0110408581026
k__Bacteria;p__Bacteroidetes;c__Bacteroidia;o__Bacteroidales;f__Bacteroidaceae;g__Bacteroides;s__Bacteroides_uniformis	-0.0504310155659	1.0	-0.0251067313328	0.0161564954209	-0.024739978124	0.0137198281693	-0.00932860302667	0.0582690803071	0.0580086899274	0.0857395897197	-0.0158594452731	0.0667468947377	-0.0478014060197	0.0256719538636	-0.0348166550422	0.019478997842	0.0242749424075	-0.0380922867471	0.00626909240276	-0.00595899118763	0.0269072369414	0.0246286437603	0.000526838506055	-0.0126727090591	-0.021305450256	0.0549824102282	-0.033084266376	-0.11250507864	-0.0115495801853	-0.0565094515464	-0.0787457196556	0.0397496580416	-0.0386040397747	-0.0104817301312	-0.007282852967	0.0415824682803	-0.0128358003578	-0.0342022115324	-0.0493480418622	-0.0131270397187	-0.0445060878553	0.00225923486083	-0.0377170702198	-0.0153973881769	-0.0648678844896	0.0566291446906	0.0301607608483	0.0395285955037	-0.0279380068835	0.0515148152397	0.0544066961303	0.0228313578567	-0.0245986026446	0.0504894547989	0.0107686340981	-0.0222886962831	0.0196438714225	0.00587599893203	-0.0400869497164
k__Bacteria;p__Bacteroidetes;c__Bacteroidia;o__Bacteroidales;f__Rikenellaceae;g__Alistipes;s__Alistipes_putredinis	0.00653431938784	-0.0251067313328	1.0	-0.00367920180268	0.043666173655	-0.0558417973364	-0.014190957703	0.0147559771884	-0.0483439078535	0.0207521116579	0.0123974440502	0.00501775680187	-0.0614438576067	-0.0690117865776	0.00288966425491	0.00788249301571	-0.0122561296864	-0.0375100290221	-0.0301050531158	0.129420889192	-0.0116904995869	-0.0414836263549	0.0315972004599	0.0250636942544	-0.000796063177735	0.037941681416	0.00524744461993	-0.0264804657603	-0.0306320239856	-0.0028387965215	-0.00195209550461	-0.0344287566297	-0.00686731669921	-0.0226116879075	-0.0708091505181	-0.019592526941	-0.0073005944193	0.00214202972508	-0.0134218747153	0.0123449260125	0.014955828787	-0.0221727720918	0.0145798495732	0.00287533309534	-0.0219830476205	0.0295064289642	-0.0893692095305	-0.0078752270872	-0.049437097435	0.0115263422908	-0.0139577623928	-0.0539547480168	-0.00376424040731	0.015384468929	-0.0348912933792	0.00193082468167	-0.0162726679404	0.0637852347798	0.0336096495379
k__Bacteria;p__Bacteroidetes;c__Bacteroidia;o__Bacteroidales;f__Prevotellaceae;g__Prevotella;s__Prevotella_copri	-0.0018844741745	0.0161564954209	-0.00367920180268	1.0	0.0116472623082	0.0233183022001	-0.0101193653063	0.0192242704585	-0.0486633867123	0.00903835677921	-0.106679539143	-0.0221903466888	-0.0318033012353	-0.0611922165537	-0.00266315324578	0.0142415104733	-0.0492613357083	-0.0237153760528	-0.062137183667	-0.0276122230847	-0.0672426462343	-0.0246361956494	-0.0258403324345	6.08117268966e-05	0.0539201306978	0.00353224631189	0.151871929854	-0.000416813449797	0.0123949133133	0.0181938062986	0.0501599156542	0.0051957598581	0.0666478089945	-0.0141445471655	-0.00272703864597	-0.0133122298658	-0.0894269338214	-0.00719632235091	0.0243885855084	-0.0580843592622	-0.0107796936592	-0.00269621302195	0.0462809914018	-0.0108078342748	0.00103305300588	-0.0192861252655	0.0186569792462	-0.00323524981538	0.0271327572072	-0.0261358131467	-0.00933683775864	-0.077734434899	0.0414704054532	-0.042399247994	0.00416183384995	-0.0219116251057	-0.00119385734108	0.0422835253996	-0.0266195416409
k__Bacteria;p__Bacteroidetes;c__Bacteroidia;o__Bacteroidales;f__Bacteroidaceae;g__Bacteroides;s__Bacteroides_stercoris	0.0333051648327	-0.024739978124	0.043666173655	0.0116472623082	1.0	-0.0416735480693	0.00388168662585	0.0165450081045	0.00767148355869	-0.00351578402984	-0.0338254559672	-0.0407056228117	-0.00169494043238	0.0220288244743	0.0491044626788	0.0483509112941	0.0645573353372	0.107036912638	0.0443421499876	0.0282709384843	-0.0358617203381	-0.129180302611	0.02258363924	-0.0110409275597	-0.0575902639008	0.0654841409703	-0.0248648264739	0.0384362072908	-0.0953888472554	-0.0138482098417	0.0429868803985	-0.019802797742	0.0164473308539	-0.0066219161395	-0.0402491514099	-0.0407986659304	0.0820095745692	0.0256797606193	0.0373055273153	-0.0452919134616	0.0106205062435	-0.00317689560761	-0.03492878383	0.0102694258644	0.01610780729	0.0205792116083	-0.0570967971617	-0.034288580144	0.00140015540282	-0.012760538901	0.0304452437096	-0.00989134712254	0.0116091917033	0.0337772651666	-0.0195581965251	-0.0922165743034	-0.02283136854	0.0019918229993	-0.00195920622712
k__Bacteria;p__Bacteroidetes;c__Bacteroidia;o__Bacteroidales;f__Bacteroidaceae;g__Bacteroides;s__Bacteroides_ovatus	0.0150907803915	0.0137198281693	-0.0558417973364	0.0233183022001	-0.0416735480693	1.0	0.0969687321632	-0.0372839625709	0.026205344782	-0.0741536923874	-0.0736320264026	0.0300407051424	-0.060834722518	0.0958198717998	-0.0722707294273	0.0374625131228	-0.0135313994801	0.0211134735774	-0.00821382891518	0.0268027400229	-0.045573899639	-0.0291196337912	0.0136133536503	-0.0175684847473	-0.0504912502432	-0.0738669533504	0.00204663727203	0.0166844866966	-0.0310548448346	-0.0669101337554	-0.0794777918461	-0.0623561538641	0.0182785587268	-0.0249790975032	0.0494356420319	0.0430678103522	0.00680797318753	-0.0379737394545	0.000221202249232	-0.0387883932772	-0.0603707242286	-0.0242908986439	-0.0211542950004	-0.00952437904764	-0.00242517782981	-0.0310422119977	-0.0372220750797	0.0175118322901	-0.0239709041003	-0.0431994552891	-0.0361980070381	-0.00363597277727	-0.0173898017792	0.0163652137674	-0.00112088801196	-0.00638147018087	-0.0569334207057	-0.00214025227747	0.0366598568577
k__Bacteria;p__Bacteroidetes;c__Bacteroidia;o__Bacteroidales;f__Rikenellaceae;g__Alistipes;s__Alistipes_shahii	-0.0325709618053	-0.00932860302667	-0.014190957703	-0.0101193653063	0.00388168662585	0.0969687321632	1.0	-0.0773018920251	-0.0829690722355	-0.0175041597609	-0.0249554660671	0.011961116373	-0.0459806947428	0.0628372329318	-0.0186067503003	-0.0553734599365	-0.0145015251682	0.030912706967	0.00587700293205	-0.0354401899839	-0.0804080351688	-0.0640299543275	-0.00421379651821	0.0224985866598	-0.088541702867	0.06430887965	-0.0170116212159	-0.037006372295	0.0172447704067	-0.0278253376826	0.0215491966995	0.0390257486425	-0.0669944793544	0.0182563916203	-0.0175564664289	-0.0897821799777	-0.102994563612	0.0140805846324	0.044654379454	0.056878394004	0.0603379566003	0.0701002972832	-0.035746652227	0.0636027780045	0.000422987082155	-0.0197209847592	-0.0380863255457	-0.0273358883894	-0.0920705981269	0.0249528095107	0.0107706470169	0.00811663659855	-0.0138472671098	0.0135426445615	0.00350366468855	-0.00655838025883	-0.0604333452762	-0.00824402132881	0.0660703468556
k__Bacteria;p__Firmicutes;c__Clostridia;o__Clostridiales;f__Ruminococcaceae;g__Faecalibacterium;s__Faecalibacterium_prausnitzii	-0.031596053668	0.0582690803071	0.0147559771884	0.0192242704585	0.0165450081045	-0.0372839625709	-0.0773018920251	1.0	0.0119386750468	-0.05140552326	-0.0280396401874	0.00160048301677	-0.0278831364404	0.0267910451464	0.0139208480743	0.00174940206064	-0.0565825935657	-0.0114558280176	0.0250562813115	-0.0087864244327	-0.024587674595	0.0223904751082	-0.0064042462713	-0.0543033027111	-0.032271212446	-0.0164553731986	-0.003183460133	0.06645145041	0.0460389925771	-0.0258421403183	-0.0600120152059	0.0250855718422	-0.00237901499328	-0.0620821012952	-0.00620622736471	-0.0877449415844	0.00162868774237	-0.0110734710911	0.0234378386947	0.0244947535778	0.0174390068817	0.0102148836117	0.035765045325	-0.00315870140347	0.0321552937101	-0.0413107505001	0.00685147007082	0.02451119875	-0.0289091461812	0.0144192359418	-0.0424905188042	-0.0128722652327	0.052889644862	-0.0341665519562	-0.028248528097	0.0841507859889	-0.0809075136438	-0.0726126096359	-0.0550433221069
k__Bacteria;p__Bacteroidetes;c__Bacteroidia;o__Bacteroidales;f__Rikenellaceae;g__Alistipes;s__Alistipes_finegoldii	-0.0134254558528	0.0580086899274	-0.0483439078535	-0.0486633867123	0.00767148355869	0.026205344782	-0.0829690722355	0.0119386750468	1.0	0.0217967280808	0.0662276197244	-0.0248270742477	-0.0133231027636	-0.0167870530195	-0.054342838638	0.0362249864683	-0.0674042922318	0.0137279580549	0.0426755180836	0.00576712983448	-0.0106746493046	-0.00934127022954	-0.0164262228697	0.0100995622033	0.0204337855971	0.0322792423743	-0.0366199566622	-0.0103335158726	0.0262869337277	0.028705198742	-0.0316151128942	-0.013351017088	0.0145042240124	0.0342806373472	-0.0492862125037	0.034380190065	0.0188496615337	-0.049290413067	-0.00126278040196	0.0477193212402	-1.48070698563e-05	-0.03994407116	-0.0510084181103	-0.0565552576167	-0.0119530459475	-0.0644098687054	-0.0268940978351	0.049374779943	-0.0544957837508	-0.0028687355342	0.00424798583213	0.010655039565	-0.0476869543278	-0.00277393980242	-0.110583770989	-0.0881566932922	-0.0540635386836	-0.0522261943846	-0.0273182068423
k__Bacteria;p__Bacteroidetes;c__Bacteroidia;o__Bacteroidales;f__Porphyromonadaceae;g__Parabacteroides;s__Parabacteroides_distasonis	-0.0376483355441	0.0857395897197	0.0207521116579	0.00903835677921	-0.00351578402984	-0.0741536923874	-0.0175041597609	-0.05140552326	0.0217967280808	1.0	0.0128645707622	-0.0483945626347	0.0125622196495	-0.0383239996339	0.00959412469243	0.0722199415433	0.0562594684167	-0.00833201509659	-0.0206977338716	-0.0168471075396	-0.0496404281846	0.0148985916925	-0.0154108920401	-0.00598329193032	-0.0707460498008	-0.0424386643853	-0.0469630627779	-0.0676211818865	0.0616733323378	-0.0308306685088	-0.02345309545	0.0699758596697	-0.00304810840978	0.0130723898544	0.0196879992689	-0.0718161617729	-0.029235666202	0.0388774544928	0.0125153029594	0.0189621040441	-0.0503570051787	-0.0302215227198	0.0111244795125	-0.0151605200254	0.0170612302794	0.0303128415086	0.00573094216791	0.03883140476	0.00359952676489	0.032443956068	0.0198907619518	-0.0339628424121	-0.000635774617114	-0.0142458832522	-0.0192999594339	-0.012210040592	0.0174904132867	-0.0413500198464	-0.0135884618773
k__Bacteria;p__Bacteroidetes;c__Bacteroidia;o__Bacteroidales;f__Bacteroidaceae;g__Bacteroides;s__Bacteroides_thetaiotaomicron	0.0261283203872	-0.0158594452731	0.0123974440502	-0.106679539143	-0.0338254559672	-0.0736320264026	-0.0249554660671	-0.0280396401874	0.0662276197244	0.0128645707622	1.0	-0.03690386376	-0.0679691790256	-0.00778644622357	0.0193283972033	-0.020398085858	0.00796891933511	-0.0591855403754	0.0273844620731	0.00866082314952	0.03355579096	-0.0463586927855	-0.0398872319561	-0.0646392751634	0.00573030880479	-0.0668348055259	0.0820542586541	0.0605950684717	0.0141953575432	0.0227649420535	0.0120122119747	-0.0186469810963	0.0293506241339	-0.0119032344384	0.019004225417	0.00784381898582	0.000761646806038	0.0109021545682	-0.0520327701703	0.0389976631528	0.0445902144407	0.0306764621484	-0.000395561812213	-0.0547214782874	-0.0100259170289	-0.00346640414935	0.0242888425873	0.0203211655405	0.0406773998703	0.0427897163011	0.0122961061651	0.00403789428492	-0.0154769266855	-0.0324844648065	-0.0126313017242	0.0372140563854	-0.0713410765742	0.0435001049672	0.0298210895322
k__Bacteria;p__Bacteroidetes;c__Bacteroidia;o__Bacteroidales;f__Bacteroidaceae;g__Bacteroides;s__Bacteroides_coprocola	-0.04272156822	0.0667468947377	0.00501775680187	-0.0221903466888	-0.0407056228117	0.0300407051424	0.011961116373	0.00160048301677	-0.0248270742477	-0.0483945626347	-0.03690386376	1.0	0.0498308737508	-0.0306763034103	-0.00761859887819	0.00638787018081	0.0394862153471	-0.0396576313797	0.0298783910834	-0.0179530907136	-0.0625169441997	-0.0756660988999	-0.0386994822789	0.0217117505632	0.0514087495602	0.0625553760484	-0.0106615616575	-0.0518643637664	0.0568834342729	-0.0423740851177	0.0714650281394	-0.0123457401127	-0.0572631147256	-0.0678877416364	-0.0098966026781	-0.0103729340827	0.0227620102679	0.0239752675433	0.00301108170595	-0.0105796461033	-0.0384270338253	-0.0704223527765	-0.0526217366251	0.0613014096459	0.0162398799701	0.0113727875569	-0.0400902528099	-0.0277530450837	-0.0336397461203	-0.0183101336825	0.0261386564283	0.0593678570305	-0.0622695898002	0.020984662598	0.00736173073609	0.046498404532	-0.0214646201204	-0.0259542633804	0.00523008801488
k__Bacteria;p__Bacteroidetes;c__Bacteroidia;o__Bacteroidales;f__Bacteroidaceae;g__Bacteroides;s__Bacteroides_cellulosilyticus	-0.00107717639316	-0.0478014060197	-0.0614438576067	-0.0318033012353	-0.00169494043238	-0.060834722518	-0.0459806947428	-0.0278831364404	-0.0133231027636	0.0125622196495	-0.0679691790256	0.0498308737508	1.0	-0.00428771159131	-0.0906978595599	0.00361135302024	0.0333844176358	0.0885091157898	-0.0116998923569	-0.0130953627938	-0.0267389548784	-0.0670918155468	-0.0386038089437	-0.0281531030657	0.0991413166581	0.0307760243914	0.0112388706159	-0.0296810397195	0.0095170027515	-0.000176327425719	-0.00599766963461	-0.0380448908242	-0.0310318102751	0.0116720910887	-0.0165781958672	-0.0272675288918	-0.0377524240505	0.0406479715194	-0.00248859321129	0.0167785390268	-0.00190489116617	0.0418832182094	-0.0564172674815	-0.027810636652	0.0020869606499	-0.00542894685859	-0.0373270287035	-0.0358361466584	-0.000806399629324	0.000519531015101	-0.0675763066459	0.0124686905663	0.0329988629755	0.00502908836654	0.0300427252088	0.030313775788	0.00516127832476	-0.0786548977425	0.00352044710867
k__Bacteria;p__Bacteroidetes;c__Bacteroidia;o__Bacteroidales;f__Rikenellaceae;g__Alistipes;s__Alistipes_obesi	-0.045158202102	0.0256719538636	-0.0690117865776	-0.0611922165537	0.0220288244743	0.0958198717998	0.0628372329318	0.0267910451464	-0.0167870530195	-0.0383239996339	-0.00778644622357	-0.0306763034103	-0.00428771159131	1.0	0.00681703938155	0.0656081802076	-0.0415056307949	-0.0420999992255	0.0183152159877	-0.0376016403941	0.0315235666933	-0.0189635080369	0.0260081073043	0.0119116138831	-0.0424597126436	0.0478322986384	0.000110202488287	-0.0157726037197	-0.00143045415621	-0.0476881488597	0.0336458875361	-0.0672637610846	0.0500789587061	-0.00804153410122	-0.00837100478846	0.0262060088316	-0.0716793451355	0.0280605387768	-0.00697746037227	0.0129758951319	-0.0370451763115	0.00969863541217	0.00912178948922	-0.0381099498465	-0.0413128158381	-0.0228560753381	-0.0129738214137	0.0335963667095	-0.0288962118123	0.0173865501033	-0.0242596077737	-0.000692077100273	0.0175849785421	0.0319692042617	0.0356561250554	-0.0233408358773	0.0397912725003	0.0124060388482	-0.0799507296106
k__Bacteria;p__Firmicutes;c__Clostridia;o__Clostridiales;f__Lachnospiraceae;g__;s__[Eubacterium]_rectale	-0.0215228623413	-0.0348166550422	0.00288966425491	-0.00266315324578	0.0491044626788	-0.0722707294273	-0.0186067503003	0.0139208480743	-0.054342838638	0.00959412469243	0.0193283972033	-0.00761859887819	-0.0906978595599	0.00681703938155	1.0	-0.0548630086752	-0.0160297710921	-0.0105004194511	-0.004907520786	-0.0689205749634	-0.0817361134786	0.0166193105358	-0.000788548873486	-0.0492627602563	-0.00284006971306	-0.000956482337552	-0.0102292819069	-0.0197702648032	-0.0290749059163	-0.0286878688351	-0.0191806535464	0.0149424698687	-0.0381471183785	-0.0186404965359	0.0449664882156	-0.0094628567993	0.00447129415255	0.024812170223	-0.00224245465005	-0.0418423410461	-0.0125167208428	0.0246305457673	-0.0431369338087	-0.0189828352331	-0.0102042781503	-0.0258715167257	0.0065096847079	-0.0210657080932	-0.00549060670035	0.00250870687351	-0.0803019717252	0.00664903322707	0.00584028317534	0.0201075048083	0.0413333231184	-0.00720028793105	-0.030745957197	0.0336704707988	-0.0135824339398
k__Bacteria;p__Bacteroidetes;c__Bacteroidia;o__Bacteroidales;f__Bacteroidaceae;g__Bacteroides;s__Bacteroides_plebeius	-0.0146188364322	0.019478997842	0.00788249301571	0.0142415104733	0.0483509112941	0.0374625131228	-0.0553734599365	0.00174940206064	0.0362249864683	0.0722199415433	-0.020398085858	0.00638787018081	0.00361135302024	0.0656081802076	-0.0548630086752	1.0	-0.0101443509853	-0.00260626109512	-0.0012831061661	-0.077952461761	0.0334072247928	-0.00121301098395	-0.0882674385759	-0.0259585681608	-0.0162663279142	0.0644020871652	0.0627685611376	0.0222062299166	-0.0105707920496	-0.0553031061582	-0.0710399653865	-0.0338591346463	-0.0337116368306	-0.0445370702815	-0.0246686957739	0.0455893533038	0.0521684372938	0.0659391892839	0.0242596085951	0.039224788816	-0.00911707939828	-0.027190551458	0.000856025122822	0.0447223879081	-0.141746186844	-0.0263761526838	-0.0631062987733	-0.0279570023314	-0.00622636106897	-0.00161517543398	0.0127117756255	-0.0374505658824	-0.0227568391186	-0.0679055314202	0.0203890151741	0.0044581898392	0.0071892785012	0.00524013689541	0.0146333859435
k__Bacteria;p__Bacteroidetes;c__Bacteroidia;o__Bacteroidales;f__Bacteroidaceae;g__Bacteroides;s__Bacteroides_fragilis	-0.0538883131695	0.0242749424075	-0.0122561296864	-0.0492613357083	0.0645573353372	-0.0135313994801	-0.0145015251682	-0.0565825935657	-0.0674042922318	0.0562594684167	0.00796891933511	0.0394862153471	0.0333844176358	-0.0415056307949	-0.0160297710921	-0.0101443509853	1.0	-0.0564006703831	-0.0787821723485	0.0589254163385	0.0173910730806	0.000885979841377	-0.0398040052923	-0.0258558267314	-0.121817066505	-0.0254013540518	0.0463999354259	-0.0382908427313	-0.0135677330474	-0.0337991155658	-0.0367866610914	0.0208849829798	-0.082027596732	-0.0414411515651	-0.00112079756871	-0.00852383318439	-0.0385206315477	0.0318504742774	0.0475278648782	-0.0107820794083	0.0377868313486	0.0338774453349	-0.00908998203975	0.00634236047853	-0.000530500067153	0.0491680910341	-0.0310223844386	-0.031821627883	-0.0483815432465	0.0251277754141	0.0233138226193	0.00289604311339	-0.0456196920277	0.0168470725821	0.0499705418498	0.0302340181017	-0.00316199270407	-0.0173894522833	-0.011891331365
k__Bacteria;p__Proteobacteria;c__Betaproteobacteria;o__Burkholderiales;f__Sutterellaceae;g__Sutterella;s__Sutterella_wadsworthensis	0.064947824581	-0.0380922867471	-0.0375100290221	-0.0237153760528	0.107036912638	0.0211134735774	0.030912706967	-0.0114558280176	0.0137279580549	-0.00833201509659	-0.0591855403754	-0.0396576313797	0.0885091157898	-0.0420999992255	-0.0105004194511	-0.00260626109512	-0.0564006703831	1.0	0.00128154521666	0.019364737755	0.028796440893	0.013264990678	-0.0739468166913	0.0514582181988	-0.00876747313303	-0.0211452491253	0.0462581029555	-0.00596127750718	-0.0171507905132	0.0239858644854	0.0134603821406	-0.048069894217	-0.047843034648	0.0257730092356	-0.0339070011223	-0.0828869904476	-0.0219559451354	-0.0589930845785	0.00589593169501	0.0227558663919	-0.080256614216	0.0359061246482	-0.0165407896199	-0.010248576456	-0.0132458235006	0.0128025551414	-0.0266164953724	0.0351173988141	-0.0169390948654	0.0420049331267	0.017562069928	0.0133918377341	-0.0516991221334	-0.0252810388084	-0.0633050311798	-0.08236290661	-0.0549340123711	0.0321486709282	0.0146587961743
k__Bacteria;p__Bacteroidetes;c__Bacteroidia;o__Bacteroidales;f__Porphyromonadaceae;g__Barnesiella;s__Barnesiella_intestinihominis	0.0205047483218	0.00626909240276	-0.0301050531158	-0.062137183667	0.0443421499876	-0.00821382891518	0.00587700293205	0.0250562813115	0.0426755180836	-0.0206977338716	0.0273844620731	0.0298783910834	-0.0116998923569	0.0183152159877	-0.004907520786	-0.0012831061661	-0.0787821723485	0.00128154521666	1.0	-0.0889083856497	-0.00422819310798	-0.0520589671441	-0.0217005872494	-0.0343110708934	0.00615677314361	-0.0947362051313	-0.0208691531922	-0.0138047198426	0.0018873502049	-0.0024547574851	-0.00591367720669	-0.0532227202881	0.020561270406	-0.00690454715112	-0.0247661531112	0.0300194525635	-0.00332399363187	0.00498606068323	-0.0272153753636	-0.0223386198316	-0.03848749232	-0.040413353405	0.0236370475335	0.0714496403742	-0.0193461663252	-0.00915818183818	0.013135051076	-0.0149800146046	0.0143874170449	-0.00272877465168	-0.0591483059479	0.0249712525699	0.0087051523688	0.00663093162581	-0.0112257640283	0.0355396488572	0.00302105030802	-0.0468033177897	0.0188752193675
k__Bacteria;p__Bacteroidetes;c__Bacteroidia;o__Bacteroidales;f__Odoribacteraceae;g__Odoribacter;s__Odoribacter_splanchnicus	-0.0282555440042	-0.00595899118763	0.129420889192	-0.0276122230847	0.0282709384843	0.0268027400229	-0.0354401899839	-0.0087864244327	0.00576712983448	-0.0168471075396	0.00866082314952	-0.0179530907136	-0.0130953627938	-0.0376016403941	-0.0689205749634	-0.077952461761	0.0589254163385	0.019364737755	-0.0889083856497	1.0	0.00250420508497	0.0319058799406	0.0246658497903	0.0167959307144	-0.0499940632349	-0.0248921607347	0.0143098566972	0.00895778722701	0.0282308268016	-0.0640323375412	0.014321943831	0.00795247526205	0.019811523729	-0.0438162898635	0.00294261879685	0.0234450213893	0.0358643340603	0.0163559678058	0.0708919135706	-0.000798706484168	-0.00954555933831	-0.043266097153	-0.0166866259484	-0.0553488440953	0.000765847119807	-0.0161809191445	0.0251749671432	-0.031968921725	-0.0573733651294	0.00755688181049	0.0444819536519	-0.0614770343165	0.0199545010844	-0.0192207114614	-0.0299973943884	-0.0443708141078	-0.0207980443066	-0.0168715870438	-0.0205651622168
k__Bacteria;p__Bacteroidetes;c__Bacteroidia;o__Bacteroidales;f__Bacteroidaceae;g__Bacteroides;s__Bacteroides_salyersiae	-0.0317400491359	0.0269072369414	-0.0116904995869	-0.0672426462343	-0.0358617203381	-0.045573899639	-0.0804080351688	-0.024587674595	-0.0106746493046	-0.0496404281846	0.03355579096	-0.0625169441997	-0.0267389548784	0.0315235666933	-0.0817361134786	0.0334072247928	0.0173910730806	0.028796440893	-0.00422819310798	0.00250420508497	1.0	-0.0676425018274	-0.00127452978088	-0.0568516618727	-0.0277719544912	0.0274701692425	-0.00562028286703	0.0159986704263	0.0986552618339	0.0043036174307	0.0239725427455	-0.00192969041224	-0.0245727081431	-0.0762462450479	-0.00596500550609	0.0464572789508	0.00177712783392	-0.0278677566022	-0.0404478389743	-0.0204057705162	-0.0232478858844	-0.0366950221418	-0.0184398489016	-0.0336925962359	-0.011730115208	-0.0661518700984	-0.0122560854455	-0.0429320581241	-0.0248671811508	0.0475006665814	0.0462643099425	-0.0529563879037	0.0312748345564	0.0234919471824	0.0264610479809	0.0914941219955	0.0132308041866	0.102227592933	-0.00133841555774
k__Bacteria;p__Firmicutes;c__Clostridia;o__Clostridiales;f__Ruminococcaceae;g__Ruminiclostridium;s__[Eubacterium]_siraeum	-0.0845383099264	0.0246286437603	-0.0414836263549	-0.0246361956494	-0.129180302611	-0.0291196337912	-0.0640299543275	0.0223904751082	-0.00934127022954	0.0148985916925	-0.0463586927855	-0.0756660988999	-0.0670918155468	-0.0189635080369	0.0166193105358	-0.00121301098395	0.000885979841377	0.013264990678	-0.0520589671441	0.0319058799406	-0.0676425018274	1.0	-0.00766139389729	0.0236067710335	-0.0478235657929	0.000180165009241	0.0560879483167	-0.0136543845223	0.0237133959408	0.0228638539118	0.0012472938466	-0.0516166003654	0.041704877207	-0.013459381658	-0.0014678103544	0.0210996800964	-0.0225502168433	-0.0645332731819	-0.00686986658333	-0.00971534795352	0.0279853773056	-0.0442811122752	-0.013526446731	-0.0334219212618	0.0237952171712	-0.0390230167692	-0.0383276790275	0.0173916940642	0.0352990826714	0.0662769340004	-0.00720089749718	-0.006446614828	-0.0540853724497	-0.0286902464716	-0.0211091563331	0.0064231378177	-0.00230862839956	-0.0397800844064	-0.00548958948602
k__Bacteria;p__Proteobacteria;c__Betaproteobacteria;o__Burkholderiales;f__Sutterellaceae;g__Parasutterella;s__Parasutterella_excrementihominis	0.00586384014087	0.000526838506055	0.0315972004599	-0.0258403324345	0.02258363924	0.0136133536503	-0.00421379651821	-0.0064042462713	-0.0164262228697	-0.0154108920401	-0.0398872319561	-0.0386994822789	-0.0386038089437	0.0260081073043	-0.000788548873486	-0.0882674385759	-0.0398040052923	-0.0739468166913	-0.0217005872494	0.0246658497903	-0.00127452978088	-0.00766139389729	1.0	-0.0473339208174	0.023612499211	0.0016376199158	-0.0194696220832	-0.0117826105449	-0.0172445005226	-0.0205866909949	-0.026203066055	0.0327334759058	0.0132936790931	-0.029208253611	0.0148264753729	0.00133767167268	-0.00464238006254	0.0186887504337	0.0243492074387	-0.0580361958472	0.0341028334264	-0.0296384457295	-0.019420997472	0.000152544754408	-0.0227539396361	0.0243728873333	-0.0181209899908	-0.0545964166698	-0.0409649703188	0.0204903137587	0.0875418008544	-0.028701384902	-0.036654238823	-0.0107580930213	0.0697769706358	-0.0182347177323	-0.077046903459	-0.0213052962736	-0.0368689198408
k__Bacteria;p__Actinobacteria;c__Actinobacteria;o__Bifidobacteriales;f__Bifidobacteriaceae;g__Bifidobacterium;s__Bifidobacterium_adolescentis	0.0103718628925	-0.0126727090591	0.0250636942544	6.08117268966e-05	-0.0110409275597	-0.0175684847473	0.0224985866598	-0.0543033027111	0.0100995622033	-0.00598329193032	-0.0646392751635	0.0217117505632	-0.0281531030657	0.0119116138831	-0.0492627602563	-0.0259585681608	-0.0258558267314	0.0514582181988	-0.0343110708934	0.0167959307144	-0.0568516618727	0.0236067710335	-0.0473339208174	1.0	0.00201124685268	0.0225928359311	-0.00303009772024	0.0376359651245	-0.0278381808554	0.0466267206915	-0.00389580088065	-0.00837628210466	0.0503040061404	0.0254753729768	-0.0295365241748	-0.0134962553061	0.0101251435854	-0.0389384141612	-0.0248871963674	-0.0338545631469	-0.00595289414676	-0.0166059271054	0.0037257392403	0.017482566237	-0.00607119756501	0.08431028507	-0.0032924226866	-0.0181288785591	0.0506980850695	-0.0121851286051	-0.018065143316	0.0441150556423	-0.0127652936455	-0.0356975097151	-0.0719696728094	-0.0570288880526	-0.0212045309638	0.0253152819974	-0.0260924798034
k__Bacteria;p__Firmicutes;c__Clostridia;o__Clostridiales;f__Oscillospiraceae;g__Oscillibacter;s__Oscillibacter_sp._KLE_1745	-0.0386056431139	-0.021305450256	-0.000796063177735	0.0539201306978	-0.0575902639008	-0.0504912502432	-0.088541702867	-0.032271212446	0.0204337855971	-0.0707460498008	0.00573030880479	0.0514087495602	0.0991413166581	-0.0424597126436	-0.00284006971306	-0.0162663279142	-0.121817066505	-0.00876747313303	0.00615677314361	-0.0499940632349	-0.0277719544912	-0.0478235657929	0.023612499211	0.00201124685268	1.0	0.00144133739478	-0.001965907309	-0.026269616544	-0.0350033514348	0.0636227955533	0.00735786960473	0.00784189297188	0.00494781578226	0.0588652679668	-0.0733989557735	-0.0299646108305	-0.0141337594163	0.0629836784559	-0.0254604581356	0.00152632568936	0.00489877366497	-0.0674403653523	-0.00370447801911	-0.0952729603539	-0.0224086985692	-0.00869023533037	-0.0396655194777	0.0363549517529	-0.00497711249029	-0.0290160037139	-0.0429395129485	-0.0337355844103	0.00288948859541	-0.00185931221701	0.0170547327547	-0.0204047632096	-0.0436784582495	-0.0143407578246	0.0247645815474
k__Bacteria;p__Bacteroidetes;c__Bacteroidia;o__Bacteroidales;f__Bacteroidaceae;g__Bacteroides;s__Bacteroides_coprophilus	0.00415774766521	0.0549824102282	0.037941681416	0.00353224631189	0.0654841409703	-0.0738669533504	0.06430887965	-0.0164553731986	0.0322792423743	-0.0424386643853	-0.0668348055259	0.0625553760484	0.0307760243914	0.0478322986384	-0.000956482337552	0.0644020871652	-0.0254013540518	-0.0211452491253	-0.0947362051313	-0.0248921607347	0.0274701692425	0.000180165009241	0.0016376199158	0.0225928359311	0.00144133739478	1.0	-0.0394570959121	-0.0277643696764	-0.0165366873817	-0.0387991853404	0.0226511351826	-0.0226067945475	-0.0146462911247	-0.0162900932007	-0.0515095491088	-0.0109853581647	-0.00808243517391	0.00990276525043	0.00564439582458	-0.0212990784849	0.0305895567575	-0.0351099142696	0.0324997575225	-0.0551114647661	-0.10133064117	0.0290542131152	0.0879793792879	-0.052944141116	0.0120071722116	0.0251088648191	0.0131600942777	-0.0330363514772	-0.0263714579851	0.0153280031484	-0.0461572755129	-0.0166886072544	0.0109101929274	-0.0520669107296	0.0551363741021
k__Bacteria;p__Firmicutes;c__Clostridia;o__Clostridiales;f__Lachnospiraceae;g__Roseburia;s__Roseburia_intestinalis	-0.000170047813748	-0.033084266376	0.00524744461993	0.151871929854	-0.0248648264739	0.00204663727203	-0.0170116212159	-0.003183460133	-0.0366199566622	-0.0469630627779	0.0820542586541	-0.0106615616575	0.0112388706159	0.000110202488287	-0.0102292819069	0.0627685611376	0.0463999354259	0.0462581029555	-0.0208691531922	0.0143098566972	-0.00562028286703	0.0560879483167	-0.0194696220832	-0.00303009772024	-0.001965907309	-0.0394570959121	1.0	0.00538408849895	-0.0352536714876	-0.00895394874497	-0.0224071008299	0.0286977106143	0.00346180567921	-0.0583558220272	0.0176444261866	0.0114578855774	-0.00867538273466	-0.0159918103085	-0.0264922240005	-0.0699535187789	-0.021527056574	0.0558948902882	-0.0375990909023	-0.0793622818717	-0.00230875969889	-0.00162883431552	-0.0230152040843	-0.00206412650169	-0.0380802752415	0.0146847671428	0.00933709953275	-0.034865073275	-0.026308995037	-0.0106132229361	-0.00735524268675	0.0127307141663	-0.0500428704236	-0.0277085934404	-0.0300092834673
k__Bacteria;p__Firmicutes;c__Clostridia;o__Clostridiales;f__Lachnospiraceae;g__Roseburia;s__Roseburia_hominis	-0.0502851006686	-0.11250507864	-0.0264804657603	-0.000416813449797	0.0384362072908	0.0166844866966	-0.037006372295	0.06645145041	-0.0103335158726	-0.0676211818865	0.0605950684717	-0.0518643637664	-0.0296810397195	-0.0157726037197	-0.0197702648032	0.0222062299166	-0.0382908427313	-0.00596127750718	-0.0138047198426	0.00895778722701	0.0159986704263	-0.0136543845223	-0.0117826105449	0.0376359651245	-0.026269616544	-0.0277643696764	0.00538408849895	1.0	0.0686264052183	-0.080027539506	-0.00981759126771	0.0402441599853	0.0236660949649	0.0126999412228	-0.00569168455864	0.0251000453936	0.00873473433284	0.0363526747542	0.0222510173062	0.0140929663398	0.010801024467	0.00256958701833	-0.025569661396	-0.0223455534633	0.0525715249888	0.018229313537	0.000148632982826	-0.0345358318165	-0.0289313550483	0.0247879904542	0.0570164052741	-0.0797802661385	0.00622823541825	0.00454608211837	-0.0625570100321	-0.040578927966	0.0171429268209	-0.0589823141954	-0.0264056498282
k__Bacteria;p__Bacteroidetes;c__Bacteroidia;o__Bacteroidales;f__Porphyromonadaceae;g__Parabacteroides;s__Parabacteroides_johnsonii	-0.105798582627	-0.0115495801853	-0.0306320239856	0.0123949133133	-0.0953888472554	-0.0310548448346	0.0172447704067	0.0460389925771	0.0262869337277	0.0616733323378	0.0141953575432	0.0568834342729	0.0095170027515	-0.00143045415621	-0.0290749059163	-0.0105707920496	-0.0135677330474	-0.0171507905132	0.0018873502049	0.0282308268016	0.0986552618339	0.0237133959408	-0.0172445005226	-0.0278381808554	-0.0350033514348	-0.0165366873817	-0.0352536714876	0.0686264052183	1.0	-0.0312773191008	0.0786111101049	-0.0218394726377	-0.0268378439091	-0.0542515946207	0.0569212062211	-0.0051745775178	-0.0584187151783	-0.0150808701598	-0.020456395909	-0.0471204919884	-0.013504683635	0.0343187718524	0.0057617435093	-0.00576824322133	0.0482053006458	0.0194752486695	0.00976649873822	-0.0112059383326	0.0306432765729	-0.0205545245568	-0.0067596726151	-0.0691792639241	-0.099598514196	0.0713321992988	-0.020130824621	0.00393198383412	0.0629794238594	-0.00262688793755	-0.0143125818505
k__Bacteria;p__Actinobacteria;c__Actinobacteria;o__Bifidobacteriales;f__Bifidobacteriaceae;g__Bifidobacterium;s__Bifidobacterium_longum	0.0339378952815	-0.0565094515464	-0.0028387965215	0.0181938062986	-0.0138482098417	-0.0669101337554	-0.0278253376826	-0.0258421403183	0.028705198742	-0.0308306685088	0.0227649420535	-0.0423740851177	-0.000176327425719	-0.0476881488597	-0.0286878688351	-0.0553031061582	-0.0337991155658	0.0239858644854	-0.0024547574851	-0.0640323375412	0.0043036174307	0.0228638539118	-0.0205866909949	0.0466267206915	0.0636227955533	-0.0387991853404	-0.00895394874497	-0.080027539506	-0.0312773191008	1.0	0.00726164469342	-0.000147188114653	-0.00683252667063	-0.00557218638474	0.0541768915961	-0.00984069447057	-0.0228934734401	0.025577154792	-0.0438710246131	0.0361813268714	-0.0291381692692	-0.0112022262084	0.0283180937061	0.0241760540057	-0.0156220354349	-0.0256422372318	0.0438975169815	-0.0173542952951	-0.0319868394095	-0.0353537002181	-0.011300359658	0.0168740221693	-0.0117548195394	0.0261889718745	-0.0424405192803	0.0322481848404	0.00512514446525	0.00527616280243	0.0242739909654
