#taxonomy	k__Bacteria;p__Bacteroidetes;c__Bacteroidia;o__Bacteroidales;f__Bacteroidaceae;g__Bacteroides;s__Bacteroides_vulgatus	k__Bacteria;p__Bacteroidetes;c__Bacteroidia;o__Bacteroidales;f__Bacteroidaceae;g__Bacteroides;s__Bacteroides_uniformis	k__Bacteria;p__Bacteroidetes;c__Bacteroidia;o__Bacteroidales;f__Rikenellaceae;g__Alistipes;s__Alistipes_putredinis	k__Bacteria;p__Bacteroidetes;c__Bacteroidia;o__Bacteroidales;f__Prevotellaceae;g__Prevotella;s__Prevotella_copri	k__Bacteria;p__Bacteroidetes;c__Bacteroidia;o__Bacteroidales;f__Bacteroidaceae;g__Bacteroides;s__Bacteroides_stercoris	k__Bacteria;p__Bacteroidetes;c__Bacteroidia;o__Bacteroidales;f__Bacteroidaceae;g__Bacteroides;s__Bacteroides_ovatus	k__Bacteria;p__Bacteroidetes;c__Bacteroidia;o__Bacteroidales;f__Rikenellaceae;g__Alistipes;s__Alistipes_shahii	k__Bacteria;p__Firmicutes;c__Clostridia;o__Clostridiales;f__Ruminococcaceae;g__Faecalibacterium;s__Faecalibacterium_prausnitzii	k__Bacteria;p__Bacteroidetes;c__Bacteroidia;o__Bacteroidales;f__Rikenellaceae;g__Alistipes;s__Alistipes_finegoldii	k__Bacteria;p__Bacteroidetes;c__Bacteroidia;o__Bacteroidales;f__Porphyromonadaceae;g__Parabacteroides;s__Parabacteroides_distasonis	k__Bacteria;p__Bacteroidetes;c__Bacteroidia;o__Bacteroidales;f__Bacteroidaceae;g__Bacteroides;s__Bacteroides_thetaiotaomicron	k__Bacteria;p__Bacteroidetes;c__Bacteroidia;o__Bacteroidales;f__Bacteroidaceae;g__Bacteroides;s__Bacteroides_coprocola	k__Bacteria;p__Bacteroidetes;c__Bacteroidia;o__Bacteroidales;f__Bacteroidaceae;g__Bacteroides;s__Bacteroides_cellulosilyticus	k__Bacteria;p__Bacteroidetes;c__Bacteroidia;o__Bacteroidales;f__Rikenellaceae;g__Alistipes;s__Alistipes_obesi	k__Bacteria;p__Firmicutes;c__Clostridia;o__Clostridiales;f__Lachnospiraceae;g__;s__[Eubacterium]_rectale	k__Bacteria;p__Bacteroidetes;c__Bacteroidia;o__Bacteroidales;f__Bacteroidaceae;g__Bacteroides;s__Bacteroides_plebeius	k__Bacteria;p__Bacteroidetes;c__Bacteroidia;o__Bacteroidales;f__Bacteroidaceae;g__Bacteroides;s__Bacteroides_fragilis	k__Bacteria;p__Proteobacteria;c__Betaproteobacteria;o__Burkholderiales;f__Sutterellaceae;g__Sutterella;s__Sutterella_wadsworthensis	k__Bacteria;p__Bacteroidetes;c__Bacteroidia;o__Bacteroidales;f__Porphyromonadaceae;g__Barnesiella;s__Barnesiella_intestinihominis	k__Bacteria;p__Bacteroidetes;c__Bacteroidia;o__Bacteroidales;f__Odoribacteraceae;g__Odoribacter;s__Odoribacter_splanchnicus	k__Bacteria;p__Bacteroidetes;c__Bacteroidia;o__Bacteroidales;f__Bacteroidaceae;g__Bacteroides;s__Bacteroides_salyersiae	k__Bacteria;p__Firmicutes;c__Clostridia;o__Clostridiales;f__Ruminococcaceae;g__Ruminiclostridium;s__[Eubacterium]_siraeum	k__Bacteria;p__Proteobacteria;c__Betaproteobacteria;o__Burkholderiales;f__Sutterellaceae;g__Parasutterella;s__Parasutterella_excrementihominis	k__Bacteria;p__Actinobacteria;c__Actinobacteria;o__Bifidobacteriales;f__Bifidobacteriaceae;g__Bifidobacterium;s__Bifidobacterium_adolescentis	k__Bacteria;p__Firmicutes;c__Clostridia;o__Clostridiales;f__Oscillospiraceae;g__Oscillibacter;s__Oscillibacter_sp._KLE_1745	k__Bacteria;p__Bacteroidetes;c__Bacteroidia;o__Bacteroidales;f__Bacteroidaceae;g__Bacteroides;s__Bacteroides_coprophilus	k__Bacteria;p__Firmicutes;c__Clostridia;o__Clostridiales;f__Lachnospiraceae;g__Roseburia;s__Roseburia_intestinalis	k__Bacteria;p__Firmicutes;c__Clostridia;o__Clostridiales;f__Lachnospiraceae;g__Roseburia;s__Roseburia_hominis	k__Bacteria;p__Bacteroidetes;c__Bacteroidia;o__Bacteroidales;f__Porphyromonadaceae;g__Parabacteroides;s__Parabacteroides_johnsonii	k__Bacteria;p__Actinobacteria;c__Actinobacteria;o__Bifidobacteriales;f__Bifidobacteriaceae;g__Bifidobacterium;s__Bifidobacterium_longum	k__Bacteria;p__Firmicutes;c__Clostridia;o__Clostridiales;f__;g__Flavonifractor;s__Flavonifractor_plautii	k__Bacteria;p__Firmicutes;c__Clostridia;o__Clostridiales;f__Clostridiaceae;g__Clostridium;s__Clostridium_phoceensis	k__Bacteria;p__Verrucomicrobia;c__Verrucomicrobiae;o__Verrucomicrobiales;f__Akkermansiaceae;g__Akkermansia;s__Akkermansia_muciniphila	k__Bacteria;p__Bacteroidetes;c__Bacteroidia;o__Bacteroidales;f__Prevotellaceae;g__Paraprevotella;s__Paraprevotella_xylaniphila	k__Bacteria;p__Firmicutes;c__Clostridia;o__Clostridiales;f__Ruminococcaceae;g__Ruminococcus;s__Ruminococcus_callidus	k__Bacteria;p__Bacteroidetes;c__Bacteroidia;o__Bacteroidales;f__Rikenellaceae;g__Alistipes;s__Alistipes_senegalensis	k__Bacteria;p__Firmicutes;c__Clostridia;o__Clostridiales;f__Lachnospiraceae;g__Blautia;s__Blautia_sp._KLE_1732	k__Bacteria;p__Bacteroidetes;c__Bacteroidia;o__Bacteroidales;f__Bacteroidaceae;g__Bacteroides;s__Bacteroides_oleiciplenus	k__Bacteria;p__Firmicutes;c__Clostridia;o__Clostridiales;f__Ruminococcaceae;g__Ruminococcus;s__Ruminococcus_bicirculans	k__Bacteria;p__Bacteroidetes;c__Bacteroidia;o__Bacteroidales;f__Bacteroidaceae;g__Bacteroides;s__Bacteroides_fluxus	k__Bacteria;p__Bacteroidetes;c__Bacteroidia;o__Bacteroidales;f__Prevotellaceae;g__Prevotella;s__Prevotella_stercorea	k__Bacteria;p__Firmicutes;c__Clostridia;o__Clostridiales;f__Lachnospiraceae;g__Dorea;s__Dorea_longicatena	k__Bacteria;p__Firmicutes;c__Clostridia;o__Clostridiales;f__Eubacteriaceae;g__Eubacterium;s__[Eubacterium]_eligens	k__Bacteria;p__Firmicutes;c__Clostridia;o__Clostridiales;f__Ruminococcaceae;g__;s__Ruminococcaceae_bacterium_D16	k__Bacteria;p__Firmicutes;c__Clostridia;o__Clostridiales;f__Lachnospiraceae;g__Coprococcus;s__Coprococcus_comes	k__Bacteria;p__Proteobacteria;c__Gammaproteobacteria;o__Enterobacterales;f__Enterobacteriaceae;g__Escherichia;s__Escherichia_coli	k__Bacteria;p__Firmicutes;c__Clostridia;o__Clostridiales;f__Ruminococcaceae;g__Anaerotruncus;s__Anaerotruncus_colihominis	k__Bacteria;p__Firmicutes;c__Clostridia;o__Clostridiales;f__Lachnospiraceae;g__Blautia;s__Blautia_obeum	k__Bacteria;p__Bacteroidetes;c__Bacteroidia;o__Bacteroidales;f__Odoribacteraceae;g__Odoribacter;s__Odoribacter_laneus	k__Bacteria;p__Firmicutes;c__Clostridia;o__Clostridiales;f__Ruminococcaceae;g__Ruminiclostridium;s__[Clostridium]_leptum	k__Bacteria;p__Bacteroidetes;c__Bacteroidia;o__Bacteroidales;f__Porphyromonadaceae;g__Parabacteroides;s__Parabacteroides_goldsteinii	k__Bacteria;p__Firmicutes;c__Clostridia;o__Clostridiales;f__Lachnospiraceae;g__Anaerostipes;s__Anaerostipes_hadrus	k__Bacteria;p__Firmicutes;c__Clostridia;o__Clostridiales;f__Ruminococcaceae;g__Ruminococcus;s__Ruminococcus_lactaris	k__Bacteria;p__Firmicutes;c__Clostridia;o__Clostridiales;f__Clostridiaceae;g__Clostridium;s__Clostridium_sp._L2-50	k__Bacteria;p__Firmicutes;c__Clostridia;o__Clostridiales;f__Clostridiaceae;g__Clostridium;s__Clostridium_sp._M62/1	k__Bacteria;p__Firmicutes;c__Clostridia;o__Clostridiales;f__;g__Intestinimonas;s__Intestinimonas_butyriciproducens	k__Bacteria;p__Actinobacteria;c__Actinobacteria;o__Bifidobacteriales;f__Bifidobacteriaceae;g__Bifidobacterium;s__Bifidobacterium_bifidum	k__Bacteria;p__Firmicutes;c__Negativicutes;o__Veillonellales;f__Veillonellaceae;g__Dialister;s__Dialister_invisus	k__Bacteria;p__Bacteroidetes;c__Bacteroidia;o__Bacteroidales;f__Bacteroidaceae;g__Bacteroides;s__Bacteroides_salanitronis
k__Bacteria;p__Bacteroidetes;c__Bacteroidia;o__Bacteroidales;f__Bacteroidaceae;g__Bacteroides;s__Bacteroides_vulgatus	1.0	-0.00668226351341	0.0119177391288	0.0374811379123	-0.0474857176959	0.029696423696	-0.0186354456008	-0.0127839985031	0.0130151254983	-0.0226361958472	-0.058939179482	0.00220731550967	0.00545989125064	0.0123062335535	-0.00484510157552	0.0391850705939	-0.0921084737441	-0.0112594222271	0.0499991101671	0.0422416152718	-0.051235025711	-0.0347276191135	0.0228500813843	0.0114085306146	0.0115762219931	-0.0965149428562	-0.0372258523262	0.0316830896977	0.0803597551641	0.0193380392334	-0.0269126674484	-0.00561018741998	-0.0517046796375	-0.0525533786641	-0.0437920159734	0.0335056232741	-0.019230222429	0.0177902675545	-0.0261279587365	-0.00355725638557	-0.0606874007614	0.0435727656394	-0.0682606698991	-0.0548429583832	0.0301710775051	-0.0534800167066	-0.0111398380729	0.0497688639964	-0.059552762271	-0.00647543087166	0.0301496183467	0.0645541893537	-0.0232511339324	-0.0112478857823	-0.0489411055752	-0.0670150516334	0.023149776054	-0.056693360724	-0.065553117187
k__Bacteria;p__Bacteroidetes;c__Bacteroidia;o__Bacteroidales;f__Bacteroidaceae;g__Bacteroides;s__Bacteroides_uniformis	-0.00668226351341	1.0	-0.0370120625771	-0.00350829794176	0.0433417864001	0.118118563733	0.0707765161169	0.0466262054849	0.0119643712836	-0.0403414970162	0.00867933116335	-0.0288847161539	0.0614003699918	-0.0690814900519	-0.0320523074405	-0.0166297035211	0.00553535665985	-0.0344844316306	0.039861639059	0.00796816746677	-0.0777519824148	0.00132849061488	-0.00882469534507	-0.0374157718029	0.066346296591	-0.0350543867751	-0.0594143274926	-0.000362029510611	0.0191254926295	0.0267227964322	-0.00542838209628	-0.0167441288607	0.0131597561565	-0.0128260998344	-0.0419510992906	-0.0972888936506	-0.0230691468308	-0.0300917346175	-0.000671559695324	-0.0419675811574	-0.0340553498916	-0.0435754025283	-0.021165070035	-0.00376475541383	-0.053305157976	0.00355731207271	-0.00964072357622	-0.0482232333686	0.0266129418523	0.0301715917523	-0.0460126193967	-0.0656893899546	-0.0190516633322	0.0236439912493	0.00112881630057	0.00524578408054	-0.041782668303	-0.00561273755838	0.0325672393773
k__Bacteria;p__Bacteroidetes;c__Bacteroidia;o__Bacteroidales;f__Rikenellaceae;g__Alistipes;s__Alistipes_putredinis	0.0119177391288	-0.0370120625771	1.0	-0.00550770952045	-0.0729875889084	-0.0903954808173	0.0118198104324	-0.0425739541444	-0.085456446304	0.0390782603852	-0.0375723315882	0.0251374729295	0.0169838999988	-0.016175709063	0.0282565397142	-0.0248711932672	-0.0525325644378	-0.0148225233056	0.00809333804476	0.0327225713544	0.0601232108813	-0.0115047111019	-0.0539454311906	0.0273206947133	-0.0690703029853	-0.0201684157475	0.027595810232	-0.0073709647903	-0.0203620842218	-0.0193437903583	-0.0474015961447	0.0745496018282	0.0497604017029	0.00122911031725	0.00813456889867	0.00970138732468	-0.0368044770144	-0.0217207267499	0.0366724512729	-0.00391858520164	-0.0701275433735	-0.0277907509249	-0.0789478690683	0.0580266979023	-0.03482001028	-0.0414053417726	-0.00677642385319	-0.0300552788166	-0.0511044616784	-0.0277351076491	-0.0061368081674	0.00708950243222	-0.00468989027471	0.00235005619072	-0.0519545984317	0.0561284458829	0.0230423638783	-0.0376024706193	-0.0398850859189
k__Bacteria;p__Bacteroidetes;c__Bacteroidia;o__Bacteroidales;f__Prevotellaceae;g__Prevotella;s__Prevotella_copri	0.0374811379123	-0.00350829794176	-0.00550770952045	1.0	-0.0221049316582	-0.0417218946533	-0.0271296797863	-0.107271105097	0.00928730327683	-0.0445754484673	-0.0119044869856	0.00988025810714	-0.0300519021073	-0.0150691541529	-0.0129046096627	0.0174289546471	-0.0381604719238	-0.0122977858698	-0.0375070857306	0.0117105428867	-0.0155412729778	0.0157355291886	0.020373998885	-0.0148912056963	0.0248648667994	-0.0766862476377	-0.0679233837155	-0.0216148061447	-0.000991123217121	0.024481602663	-0.0899250660177	0.0142163026989	-0.0601165883915	-0.0450837408789	-0.0425676413182	0.0927258469025	0.0454442755294	-0.0425478920516	-0.00906689806176	0.018038879904	0.0680723081075	-0.0136448573874	-0.0399975390076	0.0370391305428	0.0367086261624	0.0300443584269	-0.0189157149424	0.0101262163151	-0.0617405447125	0.00627075104687	0.0481399558873	-0.0298568366496	0.000828999298894	-0.0241363603332	-0.0411557543263	-0.0188127952622	-0.018280695972	0.0417189550253	-0.0169849271527
k__Bacteria;p__Bacteroidetes;c__Bacteroidia;o__Bacteroidales;f__Bacteroidaceae;g__Bacteroides;s__Bacteroides_stercoris	-0.0474857176959	0.0433417864001	-0.0729875889084	-0.0221049316582	1.0	0.0356110935814	-0.0203957309816	-0.0810244854956	-0.0403944779972	-0.00477714617708	-0.0286790702935	-0.00505593588321	-0.0236405663955	0.00176741542649	-0.0829477433505	0.0317742230852	0.0368652569672	-0.0320788435688	0.110566721519	-0.0300147808768	-0.0429508992492	-0.0120180535352	0.0713735406222	0.0468264215035	-0.00654696804226	-0.0292413408619	0.0143347844236	0.0341557151602	0.0121918967284	0.0247543175949	0.0258608410471	0.0396838233893	-0.00613695716018	0.0849544141671	0.00494904785879	-0.0422506283503	-0.0424557011245	-0.0269716512737	0.0126203768457	0.0296932663197	0.0137229578424	-0.0591605749212	-0.0695064276729	-0.0137990422181	0.0033428098472	0.0818204733829	-0.088385300135	0.0160640180782	-0.123968410885	-0.0268269137027	0.026942017472	-0.0267913897524	-0.0266480648125	-0.0131301478285	-0.041199093198	-0.0911889766795	0.00556848985028	0.0398191056341	-0.0498141716626
k__Bacteria;p__Bacteroidetes;c__Bacteroidia;o__Bacteroidales;f__Bacteroidaceae;g__Bacteroides;s__Bacteroides_ovatus	0.029696423696	0.118118563733	-0.0903954808173	-0.0417218946533	0.0356110935814	1.0	-0.0487521098069	0.029822930878	-0.00652290306637	0.0245664464952	-0.0292331901928	0.0213706856281	-0.0298126528617	-0.0196504214679	0.0362799092767	0.0228947487786	-0.0827410686401	-0.00849056075978	0.0336512306334	-0.0366675116311	-0.00369667409518	0.0490305992068	-0.0537983068118	0.023256067153	0.00326175561645	-0.0560885079044	-0.0445726832705	-0.0140041111434	0.060262696993	-0.0374169677505	-0.0503756558211	0.0473114603556	-0.0250893111741	-0.0264941250139	0.0335752881296	0.0904673321072	0.0602437034513	-0.0722301984121	-0.034959015194	0.00554147276822	-0.00725409111694	0.0509731983782	0.0618098875613	0.00131457226904	0.0127231705055	-0.0440773854815	-0.0528005862073	-0.0548010984092	-0.00889214069134	-0.0595034896248	-0.0486407100149	-0.0479251637811	-0.0478959934013	-0.0420535791948	-0.0231166560974	-0.0354630008254	-0.0113094945487	0.0167966652792	0.00425717526401
k__Bacteria;p__Bacteroidetes;c__Bacteroidia;o__Bacteroidales;f__Rikenellaceae;g__Alistipes;s__Alistipes_shahii	-0.0186354456008	0.0707765161169	0.0118198104324	-0.0271296797863	-0.0203957309816	-0.0487521098069	1.0	-0.00344975637017	-0.0047730281564	0.000552244707692	-0.0455690883728	-0.0532050580798	-0.0250526113554	0.0261769717788	-0.0311415251349	0.0114561612707	-0.0291819968733	-0.0358880154379	-0.0488280600257	0.0739445904658	-0.00104329558789	-0.0266738831413	0.00394646481812	-0.0403391948419	-0.0558182910502	0.00364052385368	-0.0741265329818	0.0277517866079	0.0136594538304	-0.00294403002174	0.0313613933626	-0.0353217446819	-0.00920182857163	-0.0120512930006	-0.0183982298412	-0.00771055497406	-0.012434748246	0.058073625481	-0.000778872449391	-0.0420374557489	-0.00603860544945	-0.0141374423642	0.0603624875282	-0.0785980991251	0.0140993865238	-0.0735258187173	-0.0376558282724	-0.0225713998727	0.0159961555005	-0.0186177565061	0.0135402771415	0.0636073423693	-0.0521583283391	-0.0906481055229	-0.07700633275	0.0777093994186	-0.0686712991647	-0.0318439820172	0.0531782631947
k__Bacteria;p__Firmicutes;c__Clostridia;o__Clostridiales;f__Ruminococcaceae;g__Faecalibacterium;s__Faecalibacterium_prausnitzii	-0.0127839985031	0.0466262054849	-0.0425739541444	-0.107271105097	-0.0810244854956	0.029822930878	-0.00344975637017	1.0	0.0261753173103	0.00823645026228	-0.0211883847371	0.0503408191411	-0.00454822255209	-0.0361623114013	-0.0492165389435	-0.0361979194435	-0.0642948959214	-0.0124435502026	0.00381982572658	-0.0178912655301	0.0738248036628	-0.0735122721893	0.030401208547	-0.0334861273492	-0.0430180655366	0.0204827802195	0.0300395487776	0.0507839480238	-0.015965715823	0.106059670362	0.00454698436377	-0.0248088835672	-0.0229509328514	-0.0205618824539	-0.0326134208188	0.0731112316858	-0.0402365162595	-0.0222085148277	-0.072633634322	-0.0405701740889	-0.0200577910074	-0.00482873080434	-0.0025901745203	-0.0303239109183	0.00426617248313	-0.0319256292801	0.014271515355	-0.0361953077084	-0.0310723007279	0.0273069776468	-0.0180797599444	-0.05085001933	-0.0218988120673	-0.0128683998052	0.0544532041851	-0.0402968824305	-0.0161594547037	-0.0845462394851	-0.0289852903865
k__Bacteria;p__Bacteroidetes;c__Bacteroidia;o__Bacteroidales;f__Rikenellaceae;g__Alistipes;s__Alistipes_finegoldii	0.0130151254983	0.0119643712836	-0.085456446304	0.00928730327683	-0.0403944779972	-0.00652290306637	-0.0047730281564	0.0261753173103	1.0	0.0281227222046	-0.0131451847924	-0.0782468855831	0.0764755721893	-0.0211309984809	0.0364425180274	0.0171045844832	-0.0391331889124	-0.000827083301894	-0.00564790374386	-0.0189472917922	-0.0138499393072	0.0640231066299	-0.00409575103668	-0.0604707398276	0.0137865075683	-0.0305877343191	-0.0310023636323	0.000963753349623	-0.0203929246842	0.0634805248295	0.0609804459006	-0.045652699631	0.0124606538838	0.00721363835626	-0.00260102184687	-0.0611261521248	0.00924709570914	0.00467990234732	-0.0110662216385	-0.0151699886835	-0.0681406027434	-0.0739424949054	0.0223926365377	-0.0337544506143	-0.00863991740993	-0.0192092972017	0.00508018663266	-0.0162392938486	-0.0306127445026	0.0298806248875	-0.0328351736413	0.0181712035911	-0.0164808799936	-0.0126547313123	-0.0563048969282	0.000791738493087	0.0785194908423	-0.000358120899631	0.0928311179853
k__Bacteria;p__Bacteroidetes;c__Bacteroidia;o__Bacteroidales;f__Porphyromonadaceae;g__Parabacteroides;s__Parabacteroides_distasonis	-0.0226361958472	-0.0403414970162	0.0390782603852	-0.0445754484673	-0.00477714617708	0.0245664464952	0.000552244707692	0.00823645026228	0.0281227222046	1.0	-0.0433230185847	0.0151379262796	-0.0145785306546	-0.0416765363053	0.0245463466509	-0.102831608758	-0.00600060474609	-0.00101456807177	-0.0593050374699	-0.0684590817703	0.0622551476642	-0.0327634391424	0.0320214404072	-0.00953388765313	-0.0111022780089	-0.042118271632	-0.00813281561695	-0.0561940647173	-0.000225029378863	0.03369887529	0.0187727259088	-0.0831633169529	0.0565641957947	-0.0788121722837	0.00586455226362	-0.0196515918898	0.0109245571314	0.0435385477324	-0.0112946126322	-0.033641385649	-0.0562889506208	-0.0322582468852	-0.0276860426362	0.0852164719482	-0.0375767438543	0.0238170746238	-0.0185112188259	-0.0476821798412	0.00969225736221	-0.0229818247298	-0.0276538694744	-0.10226423937	0.0671285463346	-0.00694292933942	-0.0196069881691	2.63363681603e-06	0.056183504797	-0.0497643030066	-0.0213795158461
k__Bacteria;p__Bacteroidetes;c__Bacteroidia;o__Bacteroidales;f__Bacteroidaceae;g__Bacteroides;s__Bacteroides_thetaiotaomicron	-0.058939179482	0.00867933116335	-0.0375723315882	-0.0119044869856	-0.0286790702935	-0.0292331901928	-0.0455690883728	-0.0211883847371	-0.0131451847924	-0.0433230185847	1.0	-0.00203155417992	0.0005728040308	0.0100310708726	-0.00969929189757	-0.0407355543635	-0.0129406965929	-0.0396495421863	-0.0266948485119	0.0194107738331	-0.0238158981578	-0.0883604946689	0.0129414652967	0.0201465404348	0.0323802681693	0.0205578720891	-0.0375402853941	0.00271110943722	0.0325975148279	-0.0630226578695	0.0304748020837	-0.0253820064678	0.0241905950258	0.0126288260138	-0.00489862060982	0.00316682327759	-0.00458256439315	0.02861551658	0.0142695290617	-0.0153938212376	0.0351311839504	-0.0306278524427	0.0208102536936	0.0343116337434	-0.0242421006016	0.00509393366785	-0.0595883895182	0.0752223804325	0.0977166151084	0.0285362872446	0.021540814284	0.00768727868852	0.0504277721534	-0.0484686775711	-0.0232014418296	-0.065710774066	-0.0363338814249	0.0637342806741	-0.0271768754555
k__Bacteria;p__Bacteroidetes;c__Bacteroidia;o__Bacteroidales;f__Bacteroidaceae;g__Bacteroides;s__Bacteroides_coprocola	0.00220731550967	-0.0288847161539	0.0251374729295	0.00988025810714	-0.00505593588321	0.0213706856281	-0.0532050580798	0.0503408191411	-0.0782468855831	0.0151379262796	-0.00203155417992	1.0	0.0512421273165	-0.0129389274916	0.00187694358942	0.0130028378652	-0.0595216599566	0.00674814464482	-0.0160368673965	0.0341783691599	-0.0184543640589	0.00113617183242	0.0130508661434	-0.112064094053	-0.0530842166775	-0.0355397047837	0.0660794918938	-0.00821220842836	-0.0321439970357	0.00258806715865	-0.0366689746396	0.00268416754469	-0.00789891348135	0.0234852389226	-0.0434120341065	0.0218352777082	-0.0223369620797	0.0218850485751	0.0202855336761	0.0240102929486	0.0508552222536	-0.00341491649826	-0.00716511397089	0.0275866763292	0.00202385144706	-0.00452330877357	0.00947777576338	0.00484295095565	-0.0356246557316	-0.0440422818964	-0.0120690580367	-0.015048685904	0.00974034466634	0.0187649769766	-0.0392477291567	-0.0720070523644	0.0372783189935	-0.00842559546013	-0.0328411604481
k__Bacteria;p__Bacteroidetes;c__Bacteroidia;o__Bacteroidales;f__Bacteroidaceae;g__Bacteroides;s__Bacteroides_cellulosilyticus	0.00545989125064	0.0614003699918	0.0169838999988	-0.0300519021073	-0.0236405663955	-0.0298126528617	-0.0250526113554	-0.00454822255209	0.0764755721893	-0.0145785306546	0.0005728040308	0.0512421273165	1.0	-0.0096512917931	-0.016234237412	-0.00507760197158	-0.0184575922622	-0.014552524595	-0.01381087115	-0.0233199882574	0.0317740776034	-0.0500979558584	0.035349599717	0.0515006092147	0.0471908422022	-0.0253080085014	-0.0365805824828	-0.00976503765191	-0.00872078537728	-0.0989093505511	-0.00234519261277	-0.058079189492	-0.0157154807136	-0.0867181786947	-0.0592640308514	0.00714552362536	0.00898139810783	-0.00904375275105	0.0230370557852	-0.0320865146252	0.0296840115085	0.0162983474406	-0.0087405657696	0.0255159765337	-0.0426625759181	-0.0244644212302	0.0123463110579	0.0535698904558	-0.0043741656388	-0.0388880657266	-0.00568245263192	-0.00433284834367	0.0156574855791	-0.0392737697193	0.010407410272	-0.0216951136561	0.033169337797	0.0529137813727	-0.0700903500487
k__Bacteria;p__Bacteroidetes;c__Bacteroidia;o__Bacteroidales;f__Rikenellaceae;g__Alistipes;s__Alistipes_obesi	0.0123062335535	-0.0690814900519	-0.016175709063	-0.0150691541529	0.00176741542649	-0.0196504214679	0.0261769717788	-0.0361623114013	-0.0211309984809	-0.0416765363053	0.0100310708726	-0.0129389274916	-0.0096512917931	1.0	0.0318393743515	0.0337860291845	-0.0276033588583	-0.0062626469004	-0.0180308589842	-0.0124568950191	-0.0391637387825	-0.0299961350815	-0.0330973351893	0.00883350885348	0.0333441103384	0.0374642492024	-0.00840880499238	-0.0415065046946	-0.00394562065238	-0.000236754697306	-0.0148622971736	0.0231075000865	-0.010102240569	-0.0354859806091	-0.0541277326323	-0.0135800512034	-0.0418461063652	0.0263931023572	0.0130937499922	-0.0648092189917	0.00283472796839	-0.0132202291099	0.0267347012396	-0.0343383079538	-0.00408356814736	-0.0387060673172	-0.00525844933142	-0.050665063084	-0.00134217774291	-0.0346425718824	0.0280082592177	0.0448512099999	0.0347109002611	0.0352315841553	-0.0136925554456	-0.0300872005332	0.00931638838575	-0.0296879878076	-0.0749837339848
k__Bacteria;p__Firmicutes;c__Clostridia;o__Clostridiales;f__Lachnospiraceae;g__;s__[Eubacterium]_rectale	-0.00484510157552	-0.0320523074405	0.0282565397142	-0.0129046096627	-0.0829477433505	0.0362799092767	-0.0311415251349	-0.0492165389435	0.0364425180274	0.0245463466509	-0.00969929189757	0.00187694358942	-0.016234237412	0.0318393743515	1.0	-0.0707303850787	-0.00421405444205	0.00126788446838	0.00280072884139	-0.0620361413221	-0.0221785706119	0.0192628320338	0.0639794943623	-0.0338543356245	-0.0252107528114	-0.0111498727798	0.0118844430504	-0.0588086228988	-0.029235677179	-0.00414159155147	-0.00486103612898	0.036635456305	-0.0403573742153	0.0329924122089	0.0190637255562	0.0001119014923	-0.00478889069069	0.0256504704363	-0.030057864177	-0.0148746172902	-0.0382698691549	-0.022966168239	-0.0524046689744	0.0400135350728	-0.0967926004964	-0.0605887037812	-0.0472856025481	-0.0842038801007	0.0629496408613	-0.0308264983197	-0.0112957871012	0.0523478827883	0.00421169278632	0.0502078207267	-0.00675716167022	-0.0294376697697	-0.027078098328	0.0192208890662	-0.00813016557852
k__Bacteria;p__Bacteroidetes;c__Bacteroidia;o__Bacteroidales;f__Bacteroidaceae;g__Bacteroides;s__Bacteroides_plebeius	0.0391850705939	-0.0166297035211	-0.0248711932672	0.0174289546471	0.0317742230852	0.0228947487786	0.0114561612707	-0.0361979194435	0.0171045844832	-0.102831608758	-0.0407355543635	0.0130028378652	-0.00507760197158	0.0337860291845	-0.0707303850787	1.0	0.0144559919206	0.0570853147087	-0.0400463608243	0.0152699430779	-0.0469731575888	-0.0548217626938	-0.0368724566515	0.010991851372	0.00838434833501	-0.00155422729289	-0.0143147499516	0.00079715508315	0.0336056897592	-0.031888351737	-0.0165654267196	0.0232683685474	0.126799448075	-0.04954023452	0.00347477385395	-0.0405839486026	-0.0194325480492	-0.0740781057822	0.0390487429768	0.0106833687385	0.0825296168919	-0.0405162734176	-0.0386020382429	-0.00908934879179	0.0166530090514	-0.0465700670578	0.0651001868237	-0.0343435883581	0.020032689059	0.0095170421698	-0.0240569903747	0.0187412269969	0.0251054307941	0.00043731880517	-0.0656065265048	0.0211221228381	-0.0101266843894	-0.0251855899053	-0.00194491186648
k__Bacteria;p__Bacteroidetes;c__Bacteroidia;o__Bacteroidales;f__Bacteroidaceae;g__Bacteroides;s__Bacteroides_fragilis	-0.0921084737441	0.00553535665985	-0.0525325644378	-0.0381604719238	0.0368652569672	-0.0827410686401	-0.0291819968733	-0.0642948959214	-0.0391331889124	-0.00600060474609	-0.0129406965929	-0.0595216599566	-0.0184575922622	-0.0276033588583	-0.00421405444205	0.0144559919206	1.0	0.0238861141647	-0.00606915288939	-0.0200484534494	0.058324213876	0.0240764814106	-0.0182857843555	0.0306350199036	0.0111904909837	0.0641466458861	0.00510967556933	0.0348191651455	-0.0097043236796	0.0112140986007	0.027490035943	0.0475955443604	0.00623061346866	0.0129714518671	-0.0136413858365	-0.025269083101	0.0516360470974	0.065622839508	-0.0539530111462	-0.00197274929317	0.0242115354992	-0.0481084213279	0.0440715409315	0.00625811620758	0.013052872008	-0.0141634428284	0.039131913392	0.0515448438225	-0.0188511150614	-0.0251074811175	-0.0319334207687	0.0180633258915	-0.0327051999191	-0.050570545738	-0.0154463682035	-0.0360165307912	0.00648169722743	-0.032980814794	-0.00871957241773
k__Bacteria;p__Proteobacteria;c__Betaproteobacteria;o__Burkholderiales;f__Sutterellaceae;g__Sutterella;s__Sutterella_wadsworthensis	-0.0112594222271	-0.0344844316306	-0.0148225233056	-0.0122977858698	-0.0320788435688	-0.00849056075978	-0.0358880154379	-0.0124435502026	-0.000827083301893	-0.00101456807177	-0.0396495421863	0.00674814464482	-0.014552524595	-0.0062626469004	0.00126788446838	0.0570853147087	0.0238861141647	1.0	-0.00864977263673	0.00242891138355	0.0101739096089	0.0342445810376	-0.0335588117473	-0.00130393490087	-0.0390388821847	-0.00973575162821	0.0140200046284	-0.0469261322037	-0.00222800662076	0.0354869037836	-0.0666798671065	-0.042872540599	-0.00874779213037	-0.0249747072227	0.0135013090277	0.0601144347224	-0.0360593463682	-0.0426458163441	-0.0516194299528	-0.0711534064107	0.0497707352994	-0.0559550759713	0.0172846472348	0.103169721988	-0.0124827840733	0.0449358322533	0.00856462743646	0.00263201697622	0.0146530976288	-0.0704609623298	-0.0114813752922	0.00224662871747	0.046714617455	-0.0427994990126	0.0743080893771	0.0288189626896	0.0390431175449	-0.0043733836125	-0.0489472823287
k__Bacteria;p__Bacteroidetes;c__Bacteroidia;o__Bacteroidales;f__Porphyromonadaceae;g__Barnesiella;s__Barnesiella_intestinihominis	0.0499991101671	0.039861639059	0.00809333804476	-0.0375070857306	0.110566721519	0.0336512306334	-0.0488280600257	0.00381982572658	-0.00564790374386	-0.0593050374699	-0.0266948485119	-0.0160368673965	-0.01381087115	-0.0180308589842	0.00280072884139	-0.0400463608243	-0.00606915288939	-0.00864977263673	1.0	-0.00258376434338	0.00446524842518	0.0146853997901	0.0607525510726	0.0364775441818	0.0146081466096	-0.0760170706735	-0.0281742271959	-0.046353144031	0.0166425180586	-0.0313620407144	-0.0434212814959	0.03034568218	-0.0152952076834	-0.0400795590053	-0.0133391896913	-0.0456700945578	-0.00783904284143	-0.06101977212	-0.0795980493359	-0.0221212990017	-0.0187852248696	0.006494116438	-0.0449940969727	-0.0148853955727	-0.0372908185049	0.0110122582175	0.0392870533216	-0.0507808867796	-0.0673545990429	0.0253825795246	-0.0189387425845	0.018003255	0.0327383336055	-0.0205775851751	0.0152930514329	0.0569592844029	-0.0803246717893	0.028880084728	0.0672192790573
k__Bacteria;p__Bacteroidetes;c__Bacteroidia;o__Bacteroidales;f__Odoribacteraceae;g__Odoribacter;s__Odoribacter_splanchnicus	0.0422416152718	0.00796816746677	0.0327225713544	0.0117105428867	-0.0300147808768	-0.0366675116311	0.0739445904658	-0.0178912655301	-0.0189472917922	-0.0684590817703	0.0194107738331	0.0341783691599	-0.0233199882574	-0.0124568950191	-0.0620361413221	0.0152699430779	-0.0200484534494	0.00242891138355	-0.00258376434338	1.0	-0.0550388720948	0.0131296415705	-0.0307836812648	-0.032937315818	0.0145612320535	0.0629074171094	0.00359994240321	-0.0651692286271	-0.0244638649481	0.0607831977256	-0.0602589134061	-0.0172901474261	-0.0320743110262	0.0276960514444	0.00848669403873	0.0202718874249	-0.0320571391026	0.0242465680779	-0.0561729852269	-0.0212355626833	-0.024420599602	0.0366516336218	-0.0323847768087	0.0434930057415	-0.0448599052701	-0.0067338525198	0.0161657734142	-0.017158892815	0.0170416675749	-0.0253160045941	-0.0570837854201	-0.0318903324032	-0.0192049641867	-0.0730623706463	0.0276736827073	0.0251142725569	-0.00541863674464	0.0382989081084	-0.0672865539046
k__Bacteria;p__Bacteroidetes;c__Bacteroidia;o__Bacteroidales;f__Bacteroidaceae;g__Bacteroides;s__Bacteroides_salyersiae	-0.051235025711	-0.0777519824148	0.0601232108813	-0.0155412729778	-0.0429508992492	-0.00369667409518	-0.00104329558789	0.0738248036628	-0.0138499393072	0.0622551476642	-0.0238158981578	-0.0184543640589	0.0317740776034	-0.0391637387825	-0.0221785706119	-0.0469731575888	0.058324213876	0.0101739096089	0.00446524842518	-0.0550388720948	1.0	0.00563204693232	-0.0171682402109	0.0395499803062	-0.0139246401875	-0.0193694477213	-0.0216798610792	-0.0579676007035	-0.00901516420036	-0.0694881639906	0.00745255131832	-0.0392438431332	0.0442096239174	-0.00428586222471	-0.0274394412543	-0.0464645626774	0.0424461243509	0.00264194286435	-0.00997912601516	-0.0203834601502	0.0770704387589	0.0305186679007	0.0201595004955	-0.0237861452973	-0.071123635974	-0.0487003536408	-0.0315391543387	0.013119376355	0.0609467848072	0.0102149404218	0.0261506542911	-0.02563258026	-0.0102003109288	0.0202928066987	-0.0515585289152	0.0458145093401	-0.0269633542881	-0.00623332437066	-0.00175396153254
k__Bacteria;p__Firmicutes;c__Clostridia;o__Clostridiales;f__Ruminococcaceae;g__Ruminiclostridium;s__[Eubacterium]_siraeum	-0.0347276191135	0.00132849061488	-0.0115047111019	0.0157355291886	-0.0120180535352	0.0490305992068	-0.0266738831413	-0.0735122721893	0.0640231066299	-0.0327634391424	-0.0883604946689	0.00113617183242	-0.0500979558584	-0.0299961350815	0.0192628320338	-0.0548217626938	0.0240764814106	0.0342445810376	0.0146853997901	0.0131296415705	0.00563204693232	1.0	-0.0520783341286	0.00261715961809	-0.0767947552219	-0.0045634740925	-0.00232256006611	-0.0560123669844	0.020453640288	-0.00220319514637	0.0362416726098	0.00184533527316	-0.000319970580104	0.0514024693521	-0.0226069793025	-0.0218085908976	-0.0105874382405	-0.0581681118023	0.0413283395066	-0.0534214132987	0.0619506825465	-0.00513387597331	0.00588100499712	-0.00752147724859	0.0507586871454	-0.0314424057045	0.00474969705246	-0.0716479673304	-0.00592162261345	-0.078022127737	-0.0314070141493	0.0507740817191	0.00457027214326	0.0430694561432	-0.0210566649763	-0.0173759292677	-0.0326450383833	0.081136607802	-0.0530080979408
k__Bacteria;p__Proteobacteria;c__Betaproteobacteria;o__Burkholderiales;f__Sutterellaceae;g__Parasutterella;s__Parasutterella_excrementihominis	0.0228500813843	-0.00882469534507	-0.0539454311906	0.020373998885	0.0713735406222	-0.0537983068118	0.00394646481812	0.030401208547	-0.00409575103668	0.0320214404072	0.0129414652967	0.0130508661434	0.035349599717	-0.0330973351893	0.0639794943623	-0.0368724566515	-0.0182857843555	-0.0335588117473	0.0607525510726	-0.0307836812648	-0.0171682402109	-0.0520783341286	1.0	-0.0510962692079	-0.0336636631862	-0.0333376357899	0.00657322891258	-0.0274889600494	-0.108163353673	-0.00360027245162	0.0411833784111	0.00780822236132	-0.00655531937606	0.0102126667031	-0.0134077156098	-0.0167163628576	0.0319193490033	-0.0163608745734	0.0223693642592	0.0354402619144	-0.077666201323	-0.0812449597811	-0.0210306048661	-0.00664924038044	0.0131872829012	0.0220594268126	0.0407177038027	-0.0511552510846	-0.0136653306063	0.034700110998	0.0136528673169	0.00494013276075	0.03198734587	0.00673137623642	0.027215893668	-0.0284667018626	0.0588963005851	-0.0283403684549	0.0327865667635
k__Bacteria;p__Actinobacteria;c__Actinobacteria;o__Bifidobacteriales;f__Bifidobacteriaceae;g__Bifidobacterium;s__Bifidobacterium_adolescentis	0.0114085306146	-0.0374157718029	0.0273206947133	-0.0148912056963	0.0468264215035	0.023256067153	-0.0403391948419	-0.0334861273492	-0.0604707398276	-0.00953388765313	0.0201465404348	-0.112064094053	0.0515006092147	0.00883350885348	-0.0338543356245	0.010991851372	0.0306350199036	-0.00130393490087	0.0364775441818	-0.032937315818	0.0395499803062	0.00261715961809	-0.0510962692079	1.0	0.000389726992507	-0.0595656866742	-0.0821486001079	0.0288465195608	-0.0486844970249	-0.00777746769753	0.0385490134034	0.0694784981637	-0.0482931685467	-0.00218663562073	-0.0110615944503	-0.00376140771324	-0.0570085298152	-0.0430974497975	-0.0416689194325	-0.0802280475215	-0.0434043659823	-0.0808968157803	-0.00887216865959	-0.0176173509051	0.0187489176239	-0.0326966402999	0.00275813328662	0.0113159463165	0.0075000916504	0.0292778881846	0.0271892757294	0.0320466592203	-0.00163717937729	0.0251695437733	-0.00486322267056	-0.0145147870137	-0.0105359239007	0.0461892799929	-0.00985800309188
k__Bacteria;p__Firmicutes;c__Clostridia;o__Clostridiales;f__Oscillospiraceae;g__Oscillibacter;s__Oscillibacter_sp._KLE_1745	0.0115762219931	0.066346296591	-0.0690703029853	0.0248648667994	-0.00654696804226	0.00326175561645	-0.0558182910502	-0.0430180655366	0.0137865075683	-0.0111022780089	0.0323802681693	-0.0530842166775	0.0471908422022	0.0333441103384	-0.0252107528114	0.00838434833501	0.0111904909837	-0.0390388821847	0.0146081466096	0.0145612320535	-0.0139246401875	-0.0767947552219	-0.0336636631862	0.000389726992507	1.0	0.0313445699829	0.0381998307787	-0.0595203572337	0.0875847106153	0.022385517056	-0.0438359681388	-0.0748297643284	0.00425725340832	-0.0438840823707	-0.0146577747098	0.00176792454036	-0.0214737675443	0.0406481329621	0.0802603984146	-0.0799620495134	0.017418677449	-0.0157418042729	-0.0310379882341	0.0400259899708	0.0563639894416	0.0130554862893	-0.0305577182376	0.043913432481	-0.0126448597882	-0.0895776731757	-0.0315639921844	-0.0495985586193	-0.0897362292653	-0.0183951820516	0.0116874656871	-0.0492375360327	-0.0282365555624	-0.0622446972405	0.0503201507818
k__Bacteria;p__Bacteroidetes;c__Bacteroidia;o__Bacteroidales;f__Bacteroidaceae;g__Bacteroides;s__Bacteroides_coprophilus	-0.0965149428562	-0.0350543867751	-0.0201684157475	-0.0766862476377	-0.0292413408619	-0.0560885079044	0.00364052385368	0.0204827802195	-0.0305877343191	-0.042118271632	0.0205578720891	-0.0355397047837	-0.0253080085014	0.0374642492024	-0.0111498727798	-0.00155422729289	0.0641466458861	-0.00973575162821	-0.0760170706735	0.0629074171094	-0.0193694477213	-0.0045634740925	-0.0333376357899	-0.0595656866742	0.0313445699829	1.0	0.0573117523391	0.0478291475717	-0.00687215891098	-0.0273487658248	0.0317637754208	-0.0184192077481	-0.0182352133676	0.00185979179874	0.0187942750564	-0.0101969256663	-0.046782114705	-0.0276988250519	-0.0333266369597	0.00434099449496	-0.0550328749354	0.0609294454263	0.0216764272225	-0.00258503830208	-0.0429857135319	-0.0291443298538	0.0223261421055	0.00333676744653	0.00392034519163	0.046329103124	-0.00527850523152	0.0130100037468	0.0514997622117	0.0244635363818	0.00831962796253	0.0333077082728	0.0106822019045	-0.0444855017004	-0.0718808173189
k__Bacteria;p__Firmicutes;c__Clostridia;o__Clostridiales;f__Lachnospiraceae;g__Roseburia;s__Roseburia_intestinalis	-0.0372258523262	-0.0594143274926	0.027595810232	-0.0679233837155	0.0143347844236	-0.0445726832705	-0.0741265329818	0.0300395487776	-0.0310023636323	-0.00813281561695	-0.0375402853941	0.0660794918938	-0.0365805824828	-0.00840880499238	0.0118844430504	-0.0143147499516	0.00510967556933	0.0140200046284	-0.0281742271959	0.00359994240321	-0.0216798610792	-0.00232256006611	0.00657322891258	-0.0821486001079	0.0381998307787	0.0573117523391	1.0	-6.18583423318e-07	-0.0677278278657	-0.00963361068576	-0.0330009898236	0.00642457340716	-0.0429449556146	-0.0522343523714	0.0313210971823	0.00533729758003	0.0432901162561	-0.0465630533448	-0.0232844714193	0.0773063376455	0.0147065794084	0.00485293048475	-0.0506580288446	-0.0154171636909	-0.0394196663369	0.023963926379	0.0309097137722	-0.000821012804473	0.000183373120394	0.0120366265245	-0.025590568693	-0.0470418479279	-0.0440481839083	-0.00687305239416	0.0679343347723	0.0346266240239	-0.00515996233387	-0.068825219614	-0.0524127995631
k__Bacteria;p__Firmicutes;c__Clostridia;o__Clostridiales;f__Lachnospiraceae;g__Roseburia;s__Roseburia_hominis	0.0316830896977	-0.000362029510611	-0.0073709647903	-0.0216148061447	0.0341557151602	-0.0140041111434	0.0277517866079	0.0507839480238	0.000963753349623	-0.0561940647173	0.00271110943722	-0.00821220842836	-0.00976503765191	-0.0415065046946	-0.0588086228988	0.00079715508315	0.0348191651455	-0.0469261322037	-0.046353144031	-0.0651692286271	-0.0579676007035	-0.0560123669844	-0.0274889600494	0.0288465195608	-0.0595203572337	0.0478291475717	-6.18583423112e-07	1.0	0.00691985147527	-0.00102123177795	-0.00573811149916	-0.0288277817823	0.0198508568278	-0.0386359418317	0.0290496490295	-0.0075800417771	-0.034963790228	0.0109450047788	-0.0373091341766	-0.0310818522712	-0.0105937539502	0.0324741977237	0.0338479862898	0.0026634593811	-0.0167639406276	0.0421538659974	-0.0180494953613	0.0230080871821	0.00195847402922	0.0246981640806	-0.0360368040771	0.0262682713028	-0.037283518656	0.0278172962443	-0.0120584657064	0.0281345255627	-0.0828539241586	-0.0330959053926	-0.0110368808392
k__Bacteria;p__Bacteroidetes;c__Bacteroidia;o__Bacteroidales;f__Porphyromonadaceae;g__Parabacteroides;s__Parabacteroides_johnsonii	0.0803597551641	0.0191254926295	-0.0203620842218	-0.000991123217121	0.0121918967284	0.060262696993	0.0136594538304	-0.015965715823	-0.0203929246842	-0.000225029378863	0.0325975148279	-0.0321439970357	-0.00872078537728	-0.00394562065238	-0.029235677179	0.0336056897592	-0.0097043236796	-0.00222800662076	0.0166425180586	-0.0244638649481	-0.00901516420036	0.020453640288	-0.108163353673	-0.0486844970249	0.0875847106153	-0.00687215891098	-0.0677278278657	0.00691985147527	1.0	-0.0267719011608	-0.021554864252	0.0202306653057	-0.033591964057	0.0315510455828	-0.000516973780953	0.00382665522051	-0.0279265661361	0.0138420881665	-0.0171262728843	-0.029742596422	-0.029202511779	-0.0447470806525	0.00598378443728	-0.0210381411995	-0.0340415900818	-0.102347436803	0.0322825071825	-0.0157638189619	0.0263147044513	-0.0350585624723	0.0178175052436	-0.0453999419672	-0.0393583456513	0.0134811225321	-0.0593570909966	0.02420516565	-0.0425035767618	0.0427339582283	-0.00679984190321
k__Bacteria;p__Actinobacteria;c__Actinobacteria;o__Bifidobacteriales;f__Bifidobacteriaceae;g__Bifidobacterium;s__Bifidobacterium_longum	0.0193380392334	0.0267227964322	-0.0193437903583	0.024481602663	0.0247543175949	-0.0374169677505	-0.00294403002174	0.106059670362	0.0634805248295	0.03369887529	-0.0630226578695	0.00258806715865	-0.0989093505511	-0.000236754697306	-0.00414159155147	-0.031888351737	0.0112140986007	0.0354869037836	-0.0313620407144	0.0607831977256	-0.0694881639906	-0.00220319514637	-0.00360027245162	-0.00777746769753	0.022385517056	-0.0273487658248	-0.00963361068576	-0.00102123177795	-0.0267719011608	1.0	0.0126473356308	0.0116374390908	-0.0390954041702	-0.00358776811909	0.0133744204598	-0.0700245084338	0.00716524284218	-0.00961444014853	-0.0110419041979	-0.0239454213198	0.0175229742888	-0.074368020386	0.0248930143931	-0.0056753632686	-0.0079821243142	-0.0334935157159	-0.0281666965345	-0.00616355305515	-0.0667114193127	-0.0309007447777	-0.00110856834521	-0.036567353133	0.0207807679923	-0.0629476257838	-0.00504123496438	0.000555033346576	0.0299745877337	0.0279474717458	-0.026512260252
