#taxonomy	k__Bacteria;p__Bacteroidetes;c__Bacteroidia;o__Bacteroidales;f__Bacteroidaceae;g__Bacteroides;s__Bacteroides_vulgatus	k__Bacteria;p__Bacteroidetes;c__Bacteroidia;o__Bacteroidales;f__Bacteroidaceae;g__Bacteroides;s__Bacteroides_uniformis	k__Bacteria;p__Bacteroidetes;c__Bacteroidia;o__Bacteroidales;f__Rikenellaceae;g__Alistipes;s__Alistipes_putredinis	k__Bacteria;p__Bacteroidetes;c__Bacteroidia;o__Bacteroidales;f__Prevotellaceae;g__Prevotella;s__Prevotella_copri	k__Bacteria;p__Bacteroidetes;c__Bacteroidia;o__Bacteroidales;f__Bacteroidaceae;g__Bacteroides;s__Bacteroides_stercoris	k__Bacteria;p__Bacteroidetes;c__Bacteroidia;o__Bacteroidales;f__Bacteroidaceae;g__Bacteroides;s__Bacteroides_ovatus	k__Bacteria;p__Bacteroidetes;c__Bacteroidia;o__Bacteroidales;f__Rikenellaceae;g__Alistipes;s__Alistipes_shahii	k__Bacteria;p__Firmicutes;c__Clostridia;o__Clostridiales;f__Ruminococcaceae;g__Faecalibacterium;s__Faecalibacterium_prausnitzii	k__Bacteria;p__Bacteroidetes;c__Bacteroidia;o__Bacteroidales;f__Rikenellaceae;g__Alistipes;s__Alistipes_finegoldii	k__Bacteria;p__Bacteroidetes;c__Bacteroidia;o__Bacteroidales;f__Porphyromonadaceae;g__Parabacteroides;s__Parabacteroides_distasonis	k__Bacteria;p__Bacteroidetes;c__Bacteroidia;o__Bacteroidales;f__Bacteroidaceae;g__Bacteroides;s__Bacteroides_thetaiotaomicron	k__Bacteria;p__Bacteroidetes;c__Bacteroidia;o__Bacteroidales;f__Bacteroidaceae;g__Bacteroides;s__Bacteroides_coprocola	k__Bacteria;p__Bacteroidetes;c__Bacteroidia;o__Bacteroidales;f__Bacteroidaceae;g__Bacteroides;s__Bacteroides_cellulosilyticus	k__Bacteria;p__Bacteroidetes;c__Bacteroidia;o__Bacteroidales;f__Rikenellaceae;g__Alistipes;s__Alistipes_obesi	k__Bacteria;p__Firmicutes;c__Clostridia;o__Clostridiales;f__Lachnospiraceae;g__;s__[Eubacterium]_rectale	k__Bacteria;p__Bacteroidetes;c__Bacteroidia;o__Bacteroidales;f__Bacteroidaceae;g__Bacteroides;s__Bacteroides_plebeius	k__Bacteria;p__Bacteroidetes;c__Bacteroidia;o__Bacteroidales;f__Bacteroidaceae;g__Bacteroides;s__Bacteroides_fragilis	k__Bacteria;p__Proteobacteria;c__Betaproteobacteria;o__Burkholderiales;f__Sutterellaceae;g__Sutterella;s__Sutterella_wadsworthensis	k__Bacteria;p__Bacteroidetes;c__Bacteroidia;o__Bacteroidales;f__Porphyromonadaceae;g__Barnesiella;s__Barnesiella_intestinihominis	k__Bacteria;p__Bacteroidetes;c__Bacteroidia;o__Bacteroidales;f__Odoribacteraceae;g__Odoribacter;s__Odoribacter_splanchnicus	k__Bacteria;p__Bacteroidetes;c__Bacteroidia;o__Bacteroidales;f__Bacteroidaceae;g__Bacteroides;s__Bacteroides_salyersiae	k__Bacteria;p__Firmicutes;c__Clostridia;o__Clostridiales;f__Ruminococcaceae;g__Ruminiclostridium;s__[Eubacterium]_siraeum	k__Bacteria;p__Proteobacteria;c__Betaproteobacteria;o__Burkholderiales;f__Sutterellaceae;g__Parasutterella;s__Parasutterella_excrementihominis	k__Bacteria;p__Actinobacteria;c__Actinobacteria;o__Bifidobacteriales;f__Bifidobacteriaceae;g__Bifidobacterium;s__Bifidobacterium_adolescentis	k__Bacteria;p__Firmicutes;c__Clostridia;o__Clostridiales;f__Oscillospiraceae;g__Oscillibacter;s__Oscillibacter_sp._KLE_1745	k__Bacteria;p__Bacteroidetes;c__Bacteroidia;o__Bacteroidales;f__Bacteroidaceae;g__Bacteroides;s__Bacteroides_coprophilus	k__Bacteria;p__Firmicutes;c__Clostridia;o__Clostridiales;f__Lachnospiraceae;g__Roseburia;s__Roseburia_intestinalis	k__Bacteria;p__Firmicutes;c__Clostridia;o__Clostridiales;f__Lachnospiraceae;g__Roseburia;s__Roseburia_hominis	k__Bacteria;p__Bacteroidetes;c__Bacteroidia;o__Bacteroidales;f__Porphyromonadaceae;g__Parabacteroides;s__Parabacteroides_johnsonii	k__Bacteria;p__Actinobacteria;c__Actinobacteria;o__Bifidobacteriales;f__Bifidobacteriaceae;g__Bifidobacterium;s__Bifidobacterium_longum	k__Bacteria;p__Firmicutes;c__Clostridia;o__Clostridiales;f__;g__Flavonifractor;s__Flavonifractor_plautii	k__Bacteria;p__Firmicutes;c__Clostridia;o__Clostridiales;f__Clostridiaceae;g__Clostridium;s__Clostridium_phoceensis	k__Bacteria;p__Verrucomicrobia;c__Verrucomicrobiae;o__Verrucomicrobiales;f__Akkermansiaceae;g__Akkermansia;s__Akkermansia_muciniphila	k__Bacteria;p__Bacteroidetes;c__Bacteroidia;o__Bacteroidales;f__Prevotellaceae;g__Paraprevotella;s__Paraprevotella_xylaniphila	k__Bacteria;p__Firmicutes;c__Clostridia;o__Clostridiales;f__Ruminococcaceae;g__Ruminococcus;s__Ruminococcus_callidus	k__Bacteria;p__Bacteroidetes;c__Bacteroidia;o__Bacteroidales;f__Rikenellaceae;g__Alistipes;s__Alistipes_senegalensis	k__Bacteria;p__Firmicutes;c__Clostridia;o__Clostridiales;f__Lachnospiraceae;g__Blautia;s__Blautia_sp._KLE_1732	k__Bacteria;p__Bacteroidetes;c__Bacteroidia;o__Bacteroidales;f__Bacteroidaceae;g__Bacteroides;s__Bacteroides_oleiciplenus	k__Bacteria;p__Firmicutes;c__Clostridia;o__Clostridiales;f__Ruminococcaceae;g__Ruminococcus;s__Ruminococcus_bicirculans	k__Bacteria;p__Bacteroidetes;c__Bacteroidia;o__Bacteroidales;f__Bacteroidaceae;g__Bacteroides;s__Bacteroides_fluxus	k__Bacteria;p__Bacteroidetes;c__Bacteroidia;o__Bacteroidales;f__Prevotellaceae;g__Prevotella;s__Prevotella_stercorea	k__Bacteria;p__Firmicutes;c__Clostridia;o__Clostridiales;f__Lachnospiraceae;g__Dorea;s__Dorea_longicatena	k__Bacteria;p__Firmicutes;c__Clostridia;o__Clostridiales;f__Eubacteriaceae;g__Eubacterium;s__[Eubacterium]_eligens	k__Bacteria;p__Firmicutes;c__Clostridia;o__Clostridiales;f__Ruminococcaceae;g__;s__Ruminococcaceae_bacterium_D16	k__Bacteria;p__Firmicutes;c__Clostridia;o__Clostridiales;f__Lachnospiraceae;g__Coprococcus;s__Coprococcus_comes	k__Bacteria;p__Proteobacteria;c__Gammaproteobacteria;o__Enterobacterales;f__Enterobacteriaceae;g__Escherichia;s__Escherichia_coli	k__Bacteria;p__Firmicutes;c__Clostridia;o__Clostridiales;f__Ruminococcaceae;g__Anaerotruncus;s__Anaerotruncus_colihominis	k__Bacteria;p__Firmicutes;c__Clostridia;o__Clostridiales;f__Lachnospiraceae;g__Blautia;s__Blautia_obeum	k__Bacteria;p__Bacteroidetes;c__Bacteroidia;o__Bacteroidales;f__Odoribacteraceae;g__Odoribacter;s__Odoribacter_laneus	k__Bacteria;p__Firmicutes;c__Clostridia;o__Clostridiales;f__Ruminococcaceae;g__Ruminiclostridium;s__[Clostridium]_leptum	k__Bacteria;p__Bacteroidetes;c__Bacteroidia;o__Bacteroidales;f__Porphyromonadaceae;g__Parabacteroides;s__Parabacteroides_goldsteinii	k__Bacteria;p__Firmicutes;c__Clostridia;o__Clostridiales;f__Lachnospiraceae;g__Anaerostipes;s__Anaerostipes_hadrus	k__Bacteria;p__Firmicutes;c__Clostridia;o__Clostridiales;f__Ruminococcaceae;g__Ruminococcus;s__Ruminococcus_lactaris	k__Bacteria;p__Firmicutes;c__Clostridia;o__Clostridiales;f__Clostridiaceae;g__Clostridium;s__Clostridium_sp._L2-50	k__Bacteria;p__Firmicutes;c__Clostridia;o__Clostridiales;f__Clostridiaceae;g__Clostridium;s__Clostridium_sp._M62/1	k__Bacteria;p__Firmicutes;c__Clostridia;o__Clostridiales;f__;g__Intestinimonas;s__Intestinimonas_butyriciproducens	k__Bacteria;p__Actinobacteria;c__Actinobacteria;o__Bifidobacteriales;f__Bifidobacteriaceae;g__Bifidobacterium;s__Bifidobacterium_bifidum	k__Bacteria;p__Firmicutes;c__Negativicutes;o__Veillonellales;f__Veillonellaceae;g__Dialister;s__Dialister_invisus	k__Bacteria;p__Bacteroidetes;c__Bacteroidia;o__Bacteroidales;f__Bacteroidaceae;g__Bacteroides;s__Bacteroides_salanitronis
k__Bacteria;p__Bacteroidetes;c__Bacteroidia;o__Bacteroidales;f__Bacteroidaceae;g__Bacteroides;s__Bacteroides_vulgatus	1.0	0.0422099640096	-0.0184546227649	-0.0454241229765	0.0672705523236	0.0394134487723	-0.0225645959396	0.0557471727644	-0.0429570834131	-0.0106371365003	-0.0442764866183	-0.0756354387249	-0.0052686680405	0.00614478478409	-0.0202531482672	-0.0715359403731	-0.00548133183421	0.0401091343976	0.019797332528	-0.0400479104572	-0.0174103856044	0.0237498905397	-0.04232497229	0.00683000701447	-0.0544014491963	-0.020230898233	-0.0261347013724	-0.0623453307682	0.017274102075	0.0921821561066	0.0539577080934	-0.000990762449897	-0.0151199962512	-0.0275422624252	0.0155368167511	-0.0519411458038	0.0345461686824	-0.0591022370764	0.00494056533453	-0.0334854527644	-0.0123788857898	-0.0478156444715	-0.00439340904643	0.0403927018455	0.00511038491338	-0.0104153263841	0.00165509601738	-0.01444137701	-0.0164564406867	0.0236823749395	-0.0236523481018	0.00139614583734	0.00140979070681	-0.0359362775493	0.0192613250376	-0.0483240919756	-0.0065908934198	-0.0140536274532	-0.057521064548
k__Bacteria;p__Bacteroidetes;c__Bacteroidia;o__Bacteroidales;f__Bacteroidaceae;g__Bacteroides;s__Bacteroides_uniformis	0.0422099640096	1.0	-0.0222029828584	-0.0190026061771	-0.0306807487288	0.0118775862883	-0.0819940740733	0.0386223816756	0.0331154188571	-0.00457693773086	0.0221645674133	-0.071319865655	0.0155323961594	-0.00836669648237	0.0180324683487	-0.0166971365221	-0.0023405888614	0.0052519319124	-0.00839546725391	-0.017658265937	0.0397269809688	0.0101691121831	0.0164322428074	-0.0324448031933	-0.0148725323705	-0.0218775093829	-0.0309645277939	0.0555021459883	-0.0279228810255	0.0127285541574	-0.0125053448421	0.0105630723838	-0.0437818888508	-0.0615636763549	-0.0299085087441	-0.0362483607674	0.00556741752213	-0.0370940325078	0.094623262134	-0.0386133162107	-0.0117900292555	-0.00484196215525	-0.035181034565	-0.0538863252122	-0.00948159736117	-0.031754887637	-0.0524064488167	-0.0433707878637	0.0467252877607	-0.0109237678102	0.0319987068053	-0.0454401764818	-0.023091027867	0.0300965967857	0.00735599588696	-0.0378743479724	-0.00370545848269	0.00316766470931	-0.0292073576989
k__Bacteria;p__Bacteroidetes;c__Bacteroidia;o__Bacteroidales;f__Rikenellaceae;g__Alistipes;s__Alistipes_putredinis	-0.0184546227649	-0.0222029828584	1.0	0.0136036449452	-0.0454559509944	-0.0601631926853	0.0184305444655	0.0410892325827	0.0219912063326	0.00347878011141	0.051878606396	0.0461480498207	-0.0164242662655	0.015086412566	-0.0256819721757	0.0322887669584	0.0129678325094	-0.00400720870302	0.0166033449	-0.100696118355	-0.0863436943776	0.0800607017637	-0.0380054065199	0.0226869953138	-0.0549723097712	0.0401751570805	-0.0699448544839	-0.0182321027164	-0.0372733269399	-0.0450252212543	-0.0338659033519	-0.0300280237614	-0.0187609423439	0.0251120022724	-0.0197715800747	0.0372860900447	-0.0540756027807	0.0262426963348	-0.00411558414485	-0.0230943172888	0.00798897337179	0.0449120069356	-0.0517062629559	-0.0576864437875	0.00982985022254	0.0147389545578	-0.00798732417357	0.0533238530657	0.0437807640594	-0.0221867765033	-0.00224368100245	-0.0616906056545	0.0337347038165	0.0613054860376	0.027931396998	-0.0647490322905	-0.00411161987877	-0.0534325590881	0.0325795478964
k__Bacteria;p__Bacteroidetes;c__Bacteroidia;o__Bacteroidales;f__Prevotellaceae;g__Prevotella;s__Prevotella_copri	-0.0454241229765	-0.0190026061771	0.0136036449452	1.0	-0.00208458088554	-0.0533645135185	0.00107705460509	-0.0326073545122	-0.0602265700182	-0.00397202505486	-0.0290459146411	-0.0401257156043	-0.0172891351649	0.00099158817215	0.0470605860537	0.0345880243923	0.0230287802921	-0.0225675518949	-0.0534000654697	-0.0119014693782	-0.0556594542764	0.0073215182202	-0.000606388509495	0.00350537981861	0.0403244664558	-0.0181456032622	-0.0233486201893	0.00212923815294	-0.0469513724886	0.00427475475755	-0.0228311024773	0.00599197011929	0.0601657317642	0.0182756412468	0.0036426039228	0.00899144183215	0.0340070856578	-0.00224736222998	-0.0519858794441	-0.0934667998773	-0.021722320655	0.00177820157427	-0.00208649192985	0.0676536954096	-0.0555791442058	-0.0170460640789	-0.0584777731681	0.00183066473724	-0.00999598803614	-0.0417402859827	0.0148509951462	0.00398560226609	0.0437346464174	0.0246148829167	-0.0334790318355	0.0410160378011	-0.0438752113234	0.0177833991469	0.0249069829298
k__Bacteria;p__Bacteroidetes;c__Bacteroidia;o__Bacteroidales;f__Bacteroidaceae;g__Bacteroides;s__Bacteroides_stercoris	0.0672705523236	-0.0306807487288	-0.0454559509944	-0.00208458088554	1.0	0.069263713806	-0.0334377336703	-0.0158904488424	-0.0420068489847	-0.00699698653805	-0.0578065533746	-0.0130377781843	0.00580605240427	0.0438255320762	0.00295379562571	-0.0435499733416	0.0282875170053	-0.0103911526267	0.0693706628765	0.000515013463352	-0.00315334802783	0.0173803854445	-0.0145316678646	-0.0166110127523	0.00486845936595	0.0393495059287	0.0161674329756	-0.0347388340017	0.0609007830296	-0.0273627518048	0.0156234067006	-0.00372968813112	0.0140959309694	-0.0056864439826	-0.0372035275286	-0.0132566567012	-0.0247631691503	-0.096174957732	-0.0540881692476	0.0191242083833	0.0133643355215	-0.0168972651294	-0.0433401447955	0.0320332056611	0.00477712143013	0.0329449156562	0.0435216532332	0.0459975851558	-0.0634192403119	-0.0191650485701	-0.0194409023299	0.0229028278246	0.0287727653803	-0.00343253824673	-0.0137423785412	-0.0310155019838	0.0281616992155	-0.0291773870347	0.00873711723932
k__Bacteria;p__Bacteroidetes;c__Bacteroidia;o__Bacteroidales;f__Bacteroidaceae;g__Bacteroides;s__Bacteroides_ovatus	0.0394134487723	0.0118775862883	-0.0601631926853	-0.0533645135185	0.069263713806	1.0	-0.018547749444	-0.0632829932661	-0.0157642413606	-0.060757162623	-0.0309490186277	0.0517633685959	-0.0145676287518	0.0696742289312	0.0651058602108	0.0200210620892	0.0347507172592	0.0171133722987	0.0305697370469	-0.0112480895642	-0.00683426033698	-0.0179604377865	-0.0145938853378	-0.0371905536566	-0.0705210595318	-0.0244426404125	0.0163486588848	-0.0292525676437	-0.0215407425005	0.0359032074085	0.0501520166679	-0.0349082331418	0.0515669617495	-0.0592591121322	-0.0484673861915	-0.0231641666163	-0.0394284622569	-0.000530835201042	-0.0418333153459	0.0332698908288	-0.0362909548424	-0.020361419398	-0.00377436403723	-0.00829324270919	0.00178211116729	-0.0141715929169	-0.00162657595571	-0.0224099853942	0.0150390478258	-0.007818157942	-0.0160733008946	0.0227656093745	-0.00552217560718	-0.000301760883747	-0.0366341800514	-0.000353366685128	-0.0123140318641	0.0209064831367	-0.0378587429422
k__Bacteria;p__Bacteroidetes;c__Bacteroidia;o__Bacteroidales;f__Rikenellaceae;g__Alistipes;s__Alistipes_shahii	-0.0225645959396	-0.0819940740733	0.0184305444655	0.00107705460509	-0.0334377336703	-0.018547749444	1.0	-0.053509755438	-0.0545816152786	-0.0595661645331	-0.0406822878514	0.0470946611709	0.00106727809256	-0.0127696556438	0.0214020283865	-0.00497217726341	0.00134429272855	-0.00311047173574	-0.0419433310232	-0.0782978622022	-0.0420389216809	-0.043534395219	0.0103005217547	0.0236352817814	0.0501593510343	0.0242638946038	-0.0305089197282	-0.0234253576802	-0.039912331631	0.0410021959149	-0.0335794383469	-0.00022766849097	0.0653308947935	0.0218745466764	0.0658020465083	-0.0232201358165	-0.0434484992358	-0.0235693044601	-0.0229664405514	0.0389097128754	0.00860460190282	-0.0493350321697	-0.00698506495997	-0.0184889031803	-0.0722944906192	0.00342811204406	0.00988866618714	-0.0190702593609	-0.0128625214226	0.00418795413332	0.00932795734762	0.0428134286235	-0.0364681415208	0.0707260263549	-0.0219990405928	-0.00826161937552	-0.015487537785	-0.0115188151944	-0.018307811978
k__Bacteria;p__Firmicutes;c__Clostridia;o__Clostridiales;f__Ruminococcaceae;g__Faecalibacterium;s__Faecalibacterium_prausnitzii	0.0557471727644	0.0386223816756	0.0410892325827	-0.0326073545122	-0.0158904488424	-0.0632829932661	-0.053509755438	1.0	0.0723942906139	0.0375679629861	-0.136094072108	-0.0177487527401	-0.0179232076078	0.00766981398248	-0.0891146982465	-0.077023662469	0.0224450618177	0.0298106634346	-0.0854691577311	0.0192203463405	-0.0502809814706	-0.0195028680451	-0.0307806037706	-0.129895323333	-0.000119727850403	-0.0298758951334	0.0035746511602	-0.00477976135584	0.000126640785809	-0.00100565244016	-0.0157963374707	0.0353724914991	-0.0760533138626	-0.0412770847484	-0.00201671204254	0.0467422555616	0.0599684861279	0.0526514333059	-0.0435698720298	0.0570840307271	-0.0563832826046	-0.00604394242542	0.0413494459514	0.0136200312122	0.00858624757451	-0.00615080889619	-0.00212727101753	0.0390688206808	0.0142581949562	-0.00599825014639	0.0492056082008	-0.00937593510203	0.0309353773489	-0.0281869531203	-0.0362126411519	-0.00246613940829	-0.0827390925912	0.00828786800802	0.0061419833503
k__Bacteria;p__Bacteroidetes;c__Bacteroidia;o__Bacteroidales;f__Rikenellaceae;g__Alistipes;s__Alistipes_finegoldii	-0.0429570834131	0.0331154188571	0.0219912063326	-0.0602265700182	-0.0420068489847	-0.0157642413606	-0.0545816152786	0.0723942906139	1.0	0.0400159547089	-0.0276413068706	0.0398557544734	0.0145522793729	-0.0520767669527	0.0236921768325	-0.00701742600903	0.00263765129748	0.0333218882612	-0.030063096826	-0.0350837265534	0.0258266192349	-0.0117020466437	-0.0261361806829	0.0127783591841	-0.0109196782357	-0.0119408172112	-0.0259321772968	0.0442866170047	0.0207389337622	-0.0362429429919	-0.0105583443255	-0.00460673386435	0.0581162972866	-0.0409546381612	-0.0309157829207	0.00319124961183	-0.0995659081976	-0.0645505091803	0.00705898207388	-0.0727097010528	0.0691779935643	-0.054497403401	-0.00478823068173	-0.0111962740532	-0.00638838613033	-0.00809158448216	0.00708963760047	0.0272309271992	-0.0327099296198	-0.000972442662835	0.0256284370984	0.0678773454642	-0.0140478576587	-0.0584188081758	-0.0086604510568	-0.00306632398472	0.0360188892101	-0.0142509822506	-0.0438976097443
k__Bacteria;p__Bacteroidetes;c__Bacteroidia;o__Bacteroidales;f__Porphyromonadaceae;g__Parabacteroides;s__Parabacteroides_distasonis	-0.0106371365003	-0.00457693773086	0.00347878011141	-0.00397202505486	-0.00699698653805	-0.060757162623	-0.0595661645331	0.0375679629861	0.0400159547089	1.0	-0.0708620511721	-0.0631064233883	-0.0546326456117	-0.0120557039817	-0.0385074591851	0.00494208717867	-0.0331021102712	-0.0161109359635	-0.0215466882425	0.0254899963326	-0.0375353665931	-0.071237621712	0.012481686085	-0.0684705242294	-0.00449666374163	0.0461831654776	-0.0330292849751	-0.0417012255371	-0.0194266658699	0.0503344339646	0.0203141007282	0.0269091842034	-0.0153518898893	-0.00151932850427	-0.0299521996834	0.0740445862597	0.0635728293572	0.00757993486351	0.0447473176656	0.0226165968996	0.0294231073922	-0.0531490174859	0.0363973930301	0.0125410196792	-0.0669080183754	0.0339380904585	-0.0148218566457	0.0106527327222	-0.0355519338014	-0.0741623835148	-0.0174383594148	-0.0330416744432	0.0271808212836	-0.0594453065088	-0.0103854097846	-0.00224473586588	-0.0352226043907	-0.0166182370872	-0.0396807642724
k__Bacteria;p__Bacteroidetes;c__Bacteroidia;o__Bacteroidales;f__Bacteroidaceae;g__Bacteroides;s__Bacteroides_thetaiotaomicron	-0.0442764866183	0.0221645674133	0.051878606396	-0.0290459146411	-0.0578065533746	-0.0309490186277	-0.0406822878514	-0.136094072108	-0.0276413068706	-0.0708620511721	1.0	-0.0596082848373	0.0069528329426	-0.0176851710637	-0.0712602525683	0.0176011970335	-0.046655421532	-0.0639444445387	-0.0311210638152	-0.0065109648608	0.0161749112932	0.0885336008362	0.0329920162987	0.00994801206573	0.0435673606822	0.056343723186	-0.0641127244972	0.0197027981977	-0.00136965363444	-0.0307166094895	0.0809814297383	0.00333934224841	-0.0008360608565	-0.0517674868033	-0.0521686063394	-0.0706008665	-0.0559660937591	-0.068675224668	0.0660945034174	-0.0266285383831	0.0274731109535	-0.0526313231037	-0.0721077640107	-0.00492212448525	0.0584098660159	-0.0435634068288	-0.0343447059261	0.115953061975	0.0623210913975	-0.0250081698429	0.0425167828256	0.0378387622747	-0.0198548098917	0.0954632606039	-0.104885832914	-0.0368004958254	-0.0150743287362	-0.0173916729592	0.00656462592575
k__Bacteria;p__Bacteroidetes;c__Bacteroidia;o__Bacteroidales;f__Bacteroidaceae;g__Bacteroides;s__Bacteroides_coprocola	-0.0756354387249	-0.071319865655	0.0461480498207	-0.0401257156043	-0.0130377781843	0.0517633685959	0.0470946611709	-0.0177487527401	0.0398557544734	-0.0631064233883	-0.0596082848373	1.0	0.0343188648433	-0.0201086688554	0.0171401402309	6.52006981206e-05	-0.038435464857	-0.0671982524551	-0.0299102063089	-0.0288166202261	-0.0394684817008	0.0331334575272	-0.0144606383564	0.0158038266565	0.0172295572478	0.0829601011131	-0.0291036383839	0.0213726802566	-0.0161495094804	-0.0209806154204	-0.0417797771066	-0.0370855558651	0.0335616342892	-0.0128821712191	-0.0973154001273	-0.0733080175123	-0.105390389238	-0.0311102673716	-0.0109447302915	-0.00908933557792	-0.0819919182673	-0.0013935702513	0.0233774908575	0.0213603473018	-0.021315427336	-0.0310405206573	0.0606451533264	-0.0284901242717	0.00655376729094	0.0877288413937	-0.0100721630174	-0.0337821596264	-0.0529080320301	-0.0451859695209	-0.0397788496263	-0.0159714459842	0.0225808359305	-0.035606192033	0.065855296888
k__Bacteria;p__Bacteroidetes;c__Bacteroidia;o__Bacteroidales;f__Bacteroidaceae;g__Bacteroides;s__Bacteroides_cellulosilyticus	-0.0052686680405	0.0155323961594	-0.0164242662655	-0.0172891351649	0.00580605240427	-0.0145676287518	0.00106727809256	-0.0179232076078	0.0145522793729	-0.0546326456117	0.0069528329426	0.0343188648433	1.0	0.0201383309316	-0.0507308650889	-0.00439429022283	0.0126172511417	0.0340883649907	-0.135628832877	-0.0098903464501	-0.0359455656181	-0.0660395790905	0.0058375697144	0.0435940070028	0.00869772157226	-0.0109975501751	-0.0140073913323	-0.0334930579875	0.0234246575719	-0.0255979033048	-0.0796756655054	-0.0226825738997	-0.0161725732427	-0.0304074060754	-0.0649343985251	-0.0560452026197	-0.0116024499197	-0.0190908518949	0.00567050878859	-0.0138696152852	-0.0223420287276	-0.00434621238246	0.0310778413031	-0.0233606093972	-0.00831508717351	-0.0574542005089	0.0341180431989	-0.0252736393291	-0.00651713583952	0.0390187667661	-0.00672810247145	0.0200129949209	-0.0389379729507	0.0202076719094	0.0191455065534	0.0105528380192	0.0392515038754	0.0616762839346	0.063019176721
k__Bacteria;p__Bacteroidetes;c__Bacteroidia;o__Bacteroidales;f__Rikenellaceae;g__Alistipes;s__Alistipes_obesi	0.00614478478409	-0.00836669648237	0.015086412566	0.00099158817215	0.0438255320762	0.0696742289312	-0.0127696556438	0.00766981398248	-0.0520767669527	-0.0120557039817	-0.0176851710637	-0.0201086688554	0.0201383309316	1.0	0.0310484033267	0.0193436286051	-0.0304197574461	0.0222418485761	0.00133473670584	0.0155805215732	-0.015485014653	0.0279980562282	-0.00562788076862	0.0549845884415	-0.053986873258	-0.0617821611489	0.0111322002651	0.00501065961576	0.0288861996273	0.0308243372068	0.0117306476699	-0.0366199845877	0.0152713529028	0.0456926709503	-0.0484267383753	-0.0422708064913	0.00331400951113	-0.00509431341283	-0.0875774213847	-0.0240028708676	0.0173889213845	-0.064395026195	0.0163910396585	-0.0212521668893	-0.0540704857433	-0.0269782394959	0.0391547142612	0.0599483321919	0.0425552594335	0.0391959714363	0.0032558706979	-0.0764888841699	-0.0769952052823	0.0149350516398	-0.0209058342126	-0.000433860630084	-0.0296895569823	0.030218791828	-0.0427661130873
k__Bacteria;p__Firmicutes;c__Clostridia;o__Clostridiales;f__Lachnospiraceae;g__;s__[Eubacterium]_rectale	-0.0202531482672	0.0180324683487	-0.0256819721757	0.0470605860537	0.00295379562571	0.0651058602108	0.0214020283865	-0.0891146982465	0.0236921768325	-0.0385074591851	-0.0712602525683	0.0171401402309	-0.0507308650889	0.0310484033267	1.0	0.0216554588329	-0.0165990084599	-0.0219693648817	0.0398855720091	-0.00333937532424	-0.0135109738228	0.0460205395196	-0.0333461254651	-0.0314666915097	-0.014341794746	-0.0622536225909	-0.0412614311674	-0.0331114292738	-0.0555390681315	-0.0604930006544	-0.0379662043174	0.0154651418922	-0.0519846680902	-0.0138785591296	0.0343309913413	-0.0164889780162	-0.0372786610709	-0.0352097504521	-0.017605544705	-0.0323441592258	-0.00841680050564	-0.0525482015085	0.0385802726304	0.0693569029103	-0.00661823511986	-0.0156417684159	0.000473320666514	-0.0481829260015	-0.0220071861928	0.0345675509628	0.0278124333544	-0.0427456397265	-0.0243663498193	0.014407979073	-0.0513881326872	0.0566308213476	0.00667353894466	-0.00521605194964	0.0323813598491
k__Bacteria;p__Bacteroidetes;c__Bacteroidia;o__Bacteroidales;f__Bacteroidaceae;g__Bacteroides;s__Bacteroides_plebeius	-0.0715359403731	-0.0166971365221	0.0322887669584	0.0345880243923	-0.0435499733416	0.0200210620892	-0.00497217726341	-0.077023662469	-0.00701742600903	0.00494208717867	0.0176011970335	6.52006981206e-05	-0.00439429022283	0.0193436286051	0.0216554588329	1.0	-0.0207121522991	0.0660330565755	0.00350011551807	-0.00327830401315	0.0538857244322	-0.036045414673	-0.0334713415141	-0.0225607162235	0.0502139559697	-0.0180319865603	-0.0574909016746	0.035512983435	-0.00838729439731	-0.0647968335601	-0.0372014659655	-0.0504996932581	0.00133156756431	0.00691600367626	0.0342629770016	-0.0064186418568	0.046179092208	-0.034803964448	0.00355568124037	-0.0638727277893	-0.0339400308794	-0.0228570833454	-0.0333045302326	0.0251893866347	-0.00530567879623	0.00383959526688	-0.0351311845862	0.0254158382787	0.0366615900126	-0.0667655721316	0.00182681554906	-0.0335821626563	-0.0501495925386	-0.0540492722819	-0.0445861956694	0.0283393188028	0.0527098583197	0.0358784294851	-0.066218625075
k__Bacteria;p__Bacteroidetes;c__Bacteroidia;o__Bacteroidales;f__Bacteroidaceae;g__Bacteroides;s__Bacteroides_fragilis	-0.00548133183421	-0.0023405888614	0.0129678325094	0.0230287802921	0.0282875170053	0.0347507172592	0.00134429272855	0.0224450618177	0.00263765129748	-0.0331021102712	-0.046655421532	-0.038435464857	0.0126172511417	-0.0304197574461	-0.0165990084599	-0.0207121522991	1.0	0.00999838610473	0.0309148594529	0.00267269448463	-0.04307984409	-0.0459290551873	-0.0289191167844	0.0290106154041	-0.0193371474833	-0.00748808756862	-0.0236654765253	-0.0682153958393	-0.0585782774553	-0.0400595747593	-0.00829944292649	0.0374636398593	-0.0388504020834	0.0284680816684	-0.0339950397747	-0.08953447573	0.0373694176636	-0.0189001926192	-0.0111684723095	0.0458354870762	-0.0354703329861	1.90448875407e-05	0.0339002584429	0.0229167558058	0.0422221041448	0.0424320012385	-0.0662570405106	0.00797326604892	-0.0301230642386	-0.0909422314657	-0.0107935307589	0.0614573800314	-0.0394951180189	-0.0380334389503	-0.0443433687059	-0.0252829222906	0.0111923819573	0.0581375845978	0.043257799574
k__Bacteria;p__Proteobacteria;c__Betaproteobacteria;o__Burkholderiales;f__Sutterellaceae;g__Sutterella;s__Sutterella_wadsworthensis	0.0401091343976	0.0052519319124	-0.00400720870302	-0.0225675518949	-0.0103911526267	0.0171133722987	-0.00311047173574	0.0298106634346	0.0333218882612	-0.0161109359635	-0.0639444445387	-0.0671982524551	0.0340883649907	0.0222418485761	-0.0219693648817	0.0660330565755	0.00999838610473	1.0	0.0316556382099	-0.0137834637968	-0.0222958065321	-0.0596899605164	0.0364201393749	-0.0519117064711	-0.0154978081336	0.0391302186802	-0.0126312103096	-0.00284816189442	0.00975822569406	0.0425698310636	-0.052807781586	0.041517983926	-0.0147660257295	-0.00789594639147	0.0680150714289	-0.0487168327877	-0.00336082656214	-0.0670634504483	-0.006206962079	0.00901144385986	0.0512498846775	-0.00643117833717	-0.0861603586502	-0.0744400697457	-0.0293229758898	-0.0130418012371	-0.0299825591986	0.00126867033838	-0.0158317989038	-0.0238218533833	-0.0643148617418	-0.011302489814	-0.0462819862814	0.0409133122199	-0.0866091495174	-0.0320297430792	0.0183349692337	0.0119875710007	-0.0575301709858
k__Bacteria;p__Bacteroidetes;c__Bacteroidia;o__Bacteroidales;f__Porphyromonadaceae;g__Barnesiella;s__Barnesiella_intestinihominis	0.019797332528	-0.00839546725391	0.0166033449	-0.0534000654697	0.0693706628765	0.0305697370469	-0.0419433310232	-0.0854691577311	-0.030063096826	-0.0215466882425	-0.0311210638152	-0.0299102063089	-0.135628832877	0.00133473670584	0.0398855720091	0.00350011551807	0.0309148594529	0.0316556382099	1.0	-0.0198685901953	-0.0219953870895	-0.00737533116716	-0.0178653733577	0.0273129514612	-0.00917087607271	-0.0378194644053	0.0483051142503	-0.0370736939815	-0.0648517828346	-0.0503151850071	-0.0157989838599	-0.013161563859	-0.0133521191472	0.0131934449172	0.0383307909961	-0.0239468583934	-0.0372156226396	-0.000409433611783	-0.00431664008967	-0.00298056611888	0.0385115230119	0.0623799903464	0.0388757618866	-0.0480061211684	0.00789391747234	0.00961798081998	-0.0261090616007	-0.0201473120993	0.0187884406714	0.0171375878098	0.0179481594588	-0.00901315135692	-0.0252237596821	-0.00402503890165	-0.0680463171635	-0.0166497439802	-0.0516171350403	-0.0118422067004	0.0230984754368
k__Bacteria;p__Bacteroidetes;c__Bacteroidia;o__Bacteroidales;f__Odoribacteraceae;g__Odoribacter;s__Odoribacter_splanchnicus	-0.0400479104572	-0.017658265937	-0.100696118355	-0.0119014693782	0.000515013463352	-0.0112480895642	-0.0782978622022	0.0192203463405	-0.0350837265534	0.0254899963326	-0.0065109648608	-0.0288166202261	-0.0098903464501	0.0155805215732	-0.00333937532424	-0.00327830401315	0.00267269448463	-0.0137834637968	-0.0198685901953	1.0	0.0190918451531	-0.0158176373774	-0.0621463721099	0.0323985392336	0.0391019958739	-0.0323803490527	0.0481211713667	0.0152851632826	-0.0016217612327	0.0426159225131	0.0600988785636	-0.0498820457984	-0.00973375085934	0.0298092430139	0.0340670881611	0.00531021634437	-0.0319101339017	-0.00101590666703	-0.00480002418794	0.0831129557216	-0.0215818221359	-0.0428226455228	-0.0157548888028	-0.0433539988453	-0.0592138729534	0.00623451274972	0.0370254020621	-0.018216983725	0.0194126090356	0.0259311531399	-0.0102532981157	0.0439029677819	-0.0287173326553	-0.0281413703088	-0.00864164978497	0.116196353059	0.00676458016169	0.0207067154548	0.0439017080999
k__Bacteria;p__Bacteroidetes;c__Bacteroidia;o__Bacteroidales;f__Bacteroidaceae;g__Bacteroides;s__Bacteroides_salyersiae	-0.0174103856044	0.0397269809688	-0.0863436943776	-0.0556594542764	-0.00315334802783	-0.00683426033698	-0.0420389216809	-0.0502809814706	0.0258266192349	-0.0375353665931	0.0161749112932	-0.0394684817008	-0.0359455656181	-0.015485014653	-0.0135109738228	0.0538857244322	-0.04307984409	-0.0222958065321	-0.0219953870895	0.0190918451531	1.0	-0.0184444737281	-0.0203086322427	-0.0686291966072	-0.0465302269524	-0.00317435886993	-0.0771387866924	-0.0163095910139	-0.0240887804077	0.0488930980101	0.028235806768	0.0643539300314	-0.00922594775365	-0.0340401289418	-0.0684394224023	0.0177930423487	0.017109964204	0.0578523775643	0.0026121085715	0.00817631688394	-0.00133110134964	-0.0800273982643	-0.00662946767427	0.00652296512715	-0.0336899070658	-0.0188053129309	0.00826655372918	0.0356340773618	0.0258914679675	-0.00840147278455	-0.101413551032	-0.0308427250474	0.0281419328521	-0.00459514171419	-0.00395337652185	-0.0195150840444	-0.031854428284	0.0415051274664	0.0180569750032
k__Bacteria;p__Firmicutes;c__Clostridia;o__Clostridiales;f__Ruminococcaceae;g__Ruminiclostridium;s__[Eubacterium]_siraeum	0.0237498905397	0.0101691121831	0.0800607017637	0.0073215182202	0.0173803854445	-0.0179604377865	-0.043534395219	-0.0195028680451	-0.0117020466437	-0.071237621712	0.0885336008362	0.0331334575272	-0.0660395790905	0.0279980562282	0.0460205395196	-0.036045414673	-0.0459290551873	-0.0596899605164	-0.00737533116716	-0.0158176373774	-0.0184444737281	1.0	0.0351201083892	0.0197263046879	0.00369427467516	0.0050835232899	0.0104572493337	-0.035307758606	-0.0170024950901	-0.0717930842301	0.017411703607	-0.000353571829604	0.0567095955356	-0.045861623566	-0.0218523976357	-0.0127431235159	-0.0213331454162	-0.0656451651821	0.00983521407397	-0.0455401612983	-0.00488104616079	0.0250916550228	-0.0271331702272	-0.0251565062856	-0.0665619626924	-0.0417096386207	-0.0617408833389	-0.0543143985268	-0.0210490244613	0.0290314361293	0.0539757417053	-0.00694863758418	-0.0260127614686	0.0384008913388	0.018562130173	0.0296006013056	0.0354907012752	0.0199630626507	0.0818985825997
k__Bacteria;p__Proteobacteria;c__Betaproteobacteria;o__Burkholderiales;f__Sutterellaceae;g__Parasutterella;s__Parasutterella_excrementihominis	-0.04232497229	0.0164322428074	-0.0380054065199	-0.000606388509495	-0.0145316678646	-0.0145938853378	0.0103005217547	-0.0307806037706	-0.0261361806829	0.012481686085	0.0329920162987	-0.0144606383564	0.0058375697144	-0.00562788076862	-0.0333461254651	-0.0334713415141	-0.0289191167844	0.0364201393749	-0.0178653733577	-0.0621463721099	-0.0203086322427	0.0351201083892	1.0	0.105792131295	0.0699474130421	0.0339827274586	-0.0250371685181	0.0422413842027	0.0262317673599	0.00993887839705	0.0408478371638	0.0104548759931	0.0171479044989	-0.011338740849	0.0427771761951	0.0887825314974	0.00920212695427	0.0333167496772	0.0226892953884	-0.0803561131216	0.0276254793504	-0.00293344310558	-0.0273032112068	0.0144770496336	-0.0242617851045	-0.0124099291016	-0.0268050961621	-0.000151704229855	-0.062403775468	-0.0623189013812	-0.0525761039308	0.0573636228221	0.00990654254286	-0.0043445086406	-0.0229147499723	-0.0162847571963	-0.0631851082702	-0.0326489382392	-0.0514074745703
k__Bacteria;p__Actinobacteria;c__Actinobacteria;o__Bifidobacteriales;f__Bifidobacteriaceae;g__Bifidobacterium;s__Bifidobacterium_adolescentis	0.00683000701447	-0.0324448031933	0.0226869953138	0.00350537981861	-0.0166110127523	-0.0371905536566	0.0236352817814	-0.129895323333	0.0127783591841	-0.0684705242294	0.00994801206573	0.0158038266565	0.0435940070028	0.0549845884415	-0.0314666915097	-0.0225607162235	0.0290106154041	-0.0519117064711	0.0273129514612	0.0323985392336	-0.0686291966072	0.0197263046879	0.105792131295	1.0	-0.00669516506738	-0.0146145763802	-0.036103594475	-0.0372788875246	-0.0374474419569	0.015942313269	-4.12800386668e-05	-0.0272207561005	-0.0254599358568	0.0427149502899	-0.0547791961778	-0.0206555067597	-0.00905360443793	-0.00742981408873	-0.0226108147803	-0.0390136234424	0.0288423221121	-0.00167320632323	-0.0156762798103	-0.00976223795218	-0.0425948945064	0.00689103390705	0.0341193434176	-0.0787998242105	-0.0359046766365	-0.0312609265354	0.0129370885756	-0.0337518879969	-0.0468860508033	0.00523438166375	0.00948689475895	0.0174656910493	0.0309718181159	0.0418703164363	0.0173522971246
k__Bacteria;p__Firmicutes;c__Clostridia;o__Clostridiales;f__Oscillospiraceae;g__Oscillibacter;s__Oscillibacter_sp._KLE_1745	-0.0544014491963	-0.0148725323705	-0.0549723097712	0.0403244664558	0.00486845936595	-0.0705210595318	0.0501593510343	-0.000119727850403	-0.0109196782357	-0.00449666374163	0.0435673606822	0.0172295572478	0.00869772157226	-0.053986873258	-0.014341794746	0.0502139559697	-0.0193371474833	-0.0154978081336	-0.00917087607271	0.0391019958739	-0.0465302269524	0.00369427467516	0.0699474130421	-0.00669516506738	1.0	0.0240497279481	-0.0246573812608	-0.0523856869838	0.0513765481884	-0.0277016218897	-0.0204062927375	-0.0307453326991	0.00404407187415	-0.0120888977733	0.00108071584871	-0.0345073973537	-0.0123065170245	-0.0515095792165	-0.0272556939149	0.0375024362921	0.0185781840648	0.00745434775242	-0.0306646247162	-0.0404110910176	-0.0543832963859	-0.0120233009355	-0.00899235727152	0.0293062993751	-0.0603575215849	-0.0379911169236	-0.0481363754146	-0.0704700521774	-0.0621327318512	0.0345132387468	-0.0102236630761	0.059957855992	-0.0485562340766	0.0739029602892	0.0191116704795
k__Bacteria;p__Bacteroidetes;c__Bacteroidia;o__Bacteroidales;f__Bacteroidaceae;g__Bacteroides;s__Bacteroides_coprophilus	-0.020230898233	-0.0218775093829	0.0401751570805	-0.0181456032622	0.0393495059287	-0.0244426404125	0.0242638946038	-0.0298758951334	-0.0119408172112	0.0461831654776	0.056343723186	0.0829601011131	-0.0109975501751	-0.0617821611489	-0.0622536225909	-0.0180319865603	-0.00748808756862	0.0391302186802	-0.0378194644053	-0.0323803490527	-0.00317435886993	0.0050835232899	0.0339827274586	-0.0146145763802	0.0240497279481	1.0	-0.0578533638176	-0.038842879087	-0.0460667959762	-0.00559965837201	0.0351718277556	-0.0201142046898	-0.0485401843038	0.0160981714122	-0.0680017889672	0.0414304875282	-0.0244107092924	0.0160007684671	-0.0209517803447	-0.0620916285594	0.0519693230358	0.00764295110173	0.0325791593337	-0.033848761582	-0.00211545550634	-0.0182585547536	0.0401075174811	-0.0485934575871	-0.0513977595522	-0.0413898458158	-0.0224869236542	-0.0691361869991	0.00895489409054	-0.0185708855172	0.0458239351642	-0.0544709181074	-0.0611155245202	0.0044362169236	0.0604283565028
k__Bacteria;p__Firmicutes;c__Clostridia;o__Clostridiales;f__Lachnospiraceae;g__Roseburia;s__Roseburia_intestinalis	-0.0261347013724	-0.0309645277939	-0.0699448544839	-0.0233486201893	0.0161674329756	0.0163486588848	-0.0305089197282	0.0035746511602	-0.0259321772968	-0.0330292849751	-0.0641127244972	-0.0291036383839	-0.0140073913323	0.0111322002651	-0.0412614311674	-0.0574909016746	-0.0236654765253	-0.0126312103096	0.0483051142503	0.0481211713667	-0.0771387866924	0.0104572493337	-0.0250371685181	-0.036103594475	-0.0246573812608	-0.0578533638176	1.0	0.0148116644063	-0.0576963587885	-0.0179025447514	0.00440269146573	-0.0240884416194	-0.10720058331	-0.040890253777	-0.00375603599056	-0.0425894578909	-0.010628082893	-0.0320133708756	-0.0174796615032	-0.022553009333	0.0588739966635	0.0108523023894	-0.0332321429704	0.00976406269897	-0.00813872206145	0.0583914521205	0.03433461734	-0.0297748733409	0.0707202664146	0.0333190160552	-0.0258271689713	0.0370379067332	0.00676665913217	-0.0121079309715	-0.00120110513953	-0.0404497784365	-0.0308276248051	0.0527135811297	0.0749852791111
k__Bacteria;p__Firmicutes;c__Clostridia;o__Clostridiales;f__Lachnospiraceae;g__Roseburia;s__Roseburia_hominis	-0.0623453307682	0.0555021459883	-0.0182321027164	0.00212923815294	-0.0347388340017	-0.0292525676437	-0.0234253576802	-0.00477976135584	0.0442866170047	-0.0417012255371	0.0197027981977	0.0213726802566	-0.0334930579875	0.00501065961576	-0.0331114292738	0.035512983435	-0.0682153958393	-0.00284816189442	-0.0370736939815	0.0152851632826	-0.0163095910139	-0.035307758606	0.0422413842027	-0.0372788875246	-0.0523856869838	-0.038842879087	0.0148116644063	1.0	0.0101904440426	0.0470928151905	0.0328186016643	0.0016085637268	0.0175075383638	0.0033567369371	-0.0548804992266	-0.00150095536699	-0.0155297704054	0.00943670317586	-0.00113493160629	-0.0393594973605	-0.0217699693984	-0.0302508482019	-0.00829355950262	0.00629007151532	-0.0128149030283	0.0766498249378	-0.0400217376863	0.00241494392907	-0.0770011684054	0.00305886460647	0.00286441421013	-0.0236515568277	-0.0104471488272	-0.00732046133341	-0.0267116363388	-0.0230061369874	0.0229077469067	-0.0787550422557	-0.0191187049131
k__Bacteria;p__Bacteroidetes;c__Bacteroidia;o__Bacteroidales;f__Porphyromonadaceae;g__Parabacteroides;s__Parabacteroides_johnsonii	0.017274102075	-0.0279228810255	-0.0372733269399	-0.0469513724886	0.0609007830296	-0.0215407425005	-0.039912331631	0.000126640785809	0.0207389337622	-0.0194266658699	-0.00136965363444	-0.0161495094804	0.0234246575719	0.0288861996273	-0.0555390681315	-0.00838729439731	-0.0585782774553	0.00975822569406	-0.0648517828346	-0.0016217612327	-0.0240887804077	-0.0170024950901	0.0262317673599	-0.0374474419569	0.0513765481884	-0.0460667959762	-0.0576963587885	0.0101904440426	1.0	-0.0885564127533	-0.020368630617	-0.0244900143863	0.0407693543751	0.00749627792668	-0.00987554504214	-0.00445061104376	0.0525154731251	0.0302540836399	-0.00861015864338	0.0409535710948	-0.000443195338917	-0.0162174394913	0.0740035489725	0.0232977166039	-0.000165682048724	-0.0642735080937	0.0175956056608	-0.0274629167283	-0.00118832697995	0.00684171155558	-0.0277605183784	0.0297461733874	-0.0295476340277	0.0245892290875	-0.0304732173976	-0.0161073899128	-0.0433307489383	0.00691732016288	0.0155731805165
k__Bacteria;p__Actinobacteria;c__Actinobacteria;o__Bifidobacteriales;f__Bifidobacteriaceae;g__Bifidobacterium;s__Bifidobacterium_longum	0.0921821561066	0.0127285541574	-0.0450252212543	0.00427475475755	-0.0273627518048	0.0359032074085	0.0410021959149	-0.00100565244016	-0.0362429429919	0.0503344339646	-0.0307166094895	-0.0209806154204	-0.0255979033048	0.0308243372068	-0.0604930006544	-0.0647968335601	-0.0400595747593	0.0425698310636	-0.0503151850071	0.0426159225131	0.0488930980101	-0.0717930842301	0.00993887839705	0.015942313269	-0.0277016218897	-0.00559965837201	-0.0179025447514	0.0470928151905	-0.0885564127533	1.0	0.0174747728756	-0.00231974055482	0.0728365056855	-0.0530076794338	-0.00451406959851	-0.000846845508618	-0.0193512953591	-0.0280980661679	-0.057502609905	-0.00648365521207	0.0100092975593	-0.0348939054452	0.000756672026493	0.00414047768792	0.0899659411038	-0.0799121802019	-0.00700339786227	-0.0282628847278	0.0893833562682	-0.0279530267664	-0.0234700895146	0.01132651259	0.0465623732852	-0.0702612696756	0.0298196085638	-0.0663780627547	-0.0298053603415	-0.0102494973512	-0.0388972208206
