#taxonomy	k__Bacteria;p__Bacteroidetes;c__Bacteroidia;o__Bacteroidales;f__Bacteroidaceae;g__Bacteroides;s__Bacteroides_vulgatus	k__Bacteria;p__Bacteroidetes;c__Bacteroidia;o__Bacteroidales;f__Bacteroidaceae;g__Bacteroides;s__Bacteroides_uniformis	k__Bacteria;p__Bacteroidetes;c__Bacteroidia;o__Bacteroidales;f__Rikenellaceae;g__Alistipes;s__Alistipes_putredinis	k__Bacteria;p__Bacteroidetes;c__Bacteroidia;o__Bacteroidales;f__Prevotellaceae;g__Prevotella;s__Prevotella_copri	k__Bacteria;p__Bacteroidetes;c__Bacteroidia;o__Bacteroidales;f__Bacteroidaceae;g__Bacteroides;s__Bacteroides_stercoris	k__Bacteria;p__Bacteroidetes;c__Bacteroidia;o__Bacteroidales;f__Bacteroidaceae;g__Bacteroides;s__Bacteroides_ovatus	k__Bacteria;p__Bacteroidetes;c__Bacteroidia;o__Bacteroidales;f__Rikenellaceae;g__Alistipes;s__Alistipes_shahii	k__Bacteria;p__Firmicutes;c__Clostridia;o__Clostridiales;f__Ruminococcaceae;g__Faecalibacterium;s__Faecalibacterium_prausnitzii	k__Bacteria;p__Bacteroidetes;c__Bacteroidia;o__Bacteroidales;f__Rikenellaceae;g__Alistipes;s__Alistipes_finegoldii	k__Bacteria;p__Bacteroidetes;c__Bacteroidia;o__Bacteroidales;f__Porphyromonadaceae;g__Parabacteroides;s__Parabacteroides_distasonis	k__Bacteria;p__Bacteroidetes;c__Bacteroidia;o__Bacteroidales;f__Bacteroidaceae;g__Bacteroides;s__Bacteroides_thetaiotaomicron	k__Bacteria;p__Bacteroidetes;c__Bacteroidia;o__Bacteroidales;f__Bacteroidaceae;g__Bacteroides;s__Bacteroides_coprocola	k__Bacteria;p__Bacteroidetes;c__Bacteroidia;o__Bacteroidales;f__Bacteroidaceae;g__Bacteroides;s__Bacteroides_cellulosilyticus	k__Bacteria;p__Bacteroidetes;c__Bacteroidia;o__Bacteroidales;f__Rikenellaceae;g__Alistipes;s__Alistipes_obesi	k__Bacteria;p__Firmicutes;c__Clostridia;o__Clostridiales;f__Lachnospiraceae;g__;s__[Eubacterium]_rectale	k__Bacteria;p__Bacteroidetes;c__Bacteroidia;o__Bacteroidales;f__Bacteroidaceae;g__Bacteroides;s__Bacteroides_plebeius	k__Bacteria;p__Bacteroidetes;c__Bacteroidia;o__Bacteroidales;f__Bacteroidaceae;g__Bacteroides;s__Bacteroides_fragilis	k__Bacteria;p__Proteobacteria;c__Betaproteobacteria;o__Burkholderiales;f__Sutterellaceae;g__Sutterella;s__Sutterella_wadsworthensis	k__Bacteria;p__Bacteroidetes;c__Bacteroidia;o__Bacteroidales;f__Porphyromonadaceae;g__Barnesiella;s__Barnesiella_intestinihominis	k__Bacteria;p__Bacteroidetes;c__Bacteroidia;o__Bacteroidales;f__Odoribacteraceae;g__Odoribacter;s__Odoribacter_splanchnicus	k__Bacteria;p__Bacteroidetes;c__Bacteroidia;o__Bacteroidales;f__Bacteroidaceae;g__Bacteroides;s__Bacteroides_salyersiae	k__Bacteria;p__Firmicutes;c__Clostridia;o__Clostridiales;f__Ruminococcaceae;g__Ruminiclostridium;s__[Eubacterium]_siraeum	k__Bacteria;p__Proteobacteria;c__Betaproteobacteria;o__Burkholderiales;f__Sutterellaceae;g__Parasutterella;s__Parasutterella_excrementihominis	k__Bacteria;p__Actinobacteria;c__Actinobacteria;o__Bifidobacteriales;f__Bifidobacteriaceae;g__Bifidobacterium;s__Bifidobacterium_adolescentis	k__Bacteria;p__Firmicutes;c__Clostridia;o__Clostridiales;f__Oscillospiraceae;g__Oscillibacter;s__Oscillibacter_sp._KLE_1745	k__Bacteria;p__Bacteroidetes;c__Bacteroidia;o__Bacteroidales;f__Bacteroidaceae;g__Bacteroides;s__Bacteroides_coprophilus	k__Bacteria;p__Firmicutes;c__Clostridia;o__Clostridiales;f__Lachnospiraceae;g__Roseburia;s__Roseburia_intestinalis	k__Bacteria;p__Firmicutes;c__Clostridia;o__Clostridiales;f__Lachnospiraceae;g__Roseburia;s__Roseburia_hominis	k__Bacteria;p__Bacteroidetes;c__Bacteroidia;o__Bacteroidales;f__Porphyromonadaceae;g__Parabacteroides;s__Parabacteroides_johnsonii	k__Bacteria;p__Actinobacteria;c__Actinobacteria;o__Bifidobacteriales;f__Bifidobacteriaceae;g__Bifidobacterium;s__Bifidobacterium_longum	k__Bacteria;p__Firmicutes;c__Clostridia;o__Clostridiales;f__;g__Flavonifractor;s__Flavonifractor_plautii	k__Bacteria;p__Firmicutes;c__Clostridia;o__Clostridiales;f__Clostridiaceae;g__Clostridium;s__Clostridium_phoceensis	k__Bacteria;p__Verrucomicrobia;c__Verrucomicrobiae;o__Verrucomicrobiales;f__Akkermansiaceae;g__Akkermansia;s__Akkermansia_muciniphila	k__Bacteria;p__Bacteroidetes;c__Bacteroidia;o__Bacteroidales;f__Prevotellaceae;g__Paraprevotella;s__Paraprevotella_xylaniphila	k__Bacteria;p__Firmicutes;c__Clostridia;o__Clostridiales;f__Ruminococcaceae;g__Ruminococcus;s__Ruminococcus_callidus	k__Bacteria;p__Bacteroidetes;c__Bacteroidia;o__Bacteroidales;f__Rikenellaceae;g__Alistipes;s__Alistipes_senegalensis	k__Bacteria;p__Firmicutes;c__Clostridia;o__Clostridiales;f__Lachnospiraceae;g__Blautia;s__Blautia_sp._KLE_1732	k__Bacteria;p__Bacteroidetes;c__Bacteroidia;o__Bacteroidales;f__Bacteroidaceae;g__Bacteroides;s__Bacteroides_oleiciplenus	k__Bacteria;p__Firmicutes;c__Clostridia;o__Clostridiales;f__Ruminococcaceae;g__Ruminococcus;s__Ruminococcus_bicirculans	k__Bacteria;p__Bacteroidetes;c__Bacteroidia;o__Bacteroidales;f__Bacteroidaceae;g__Bacteroides;s__Bacteroides_fluxus	k__Bacteria;p__Bacteroidetes;c__Bacteroidia;o__Bacteroidales;f__Prevotellaceae;g__Prevotella;s__Prevotella_stercorea	k__Bacteria;p__Firmicutes;c__Clostridia;o__Clostridiales;f__Lachnospiraceae;g__Dorea;s__Dorea_longicatena	k__Bacteria;p__Firmicutes;c__Clostridia;o__Clostridiales;f__Eubacteriaceae;g__Eubacterium;s__[Eubacterium]_eligens	k__Bacteria;p__Firmicutes;c__Clostridia;o__Clostridiales;f__Ruminococcaceae;g__;s__Ruminococcaceae_bacterium_D16	k__Bacteria;p__Firmicutes;c__Clostridia;o__Clostridiales;f__Lachnospiraceae;g__Coprococcus;s__Coprococcus_comes	k__Bacteria;p__Proteobacteria;c__Gammaproteobacteria;o__Enterobacterales;f__Enterobacteriaceae;g__Escherichia;s__Escherichia_coli	k__Bacteria;p__Firmicutes;c__Clostridia;o__Clostridiales;f__Ruminococcaceae;g__Anaerotruncus;s__Anaerotruncus_colihominis	k__Bacteria;p__Firmicutes;c__Clostridia;o__Clostridiales;f__Lachnospiraceae;g__Blautia;s__Blautia_obeum	k__Bacteria;p__Bacteroidetes;c__Bacteroidia;o__Bacteroidales;f__Odoribacteraceae;g__Odoribacter;s__Odoribacter_laneus	k__Bacteria;p__Firmicutes;c__Clostridia;o__Clostridiales;f__Ruminococcaceae;g__Ruminiclostridium;s__[Clostridium]_leptum	k__Bacteria;p__Bacteroidetes;c__Bacteroidia;o__Bacteroidales;f__Porphyromonadaceae;g__Parabacteroides;s__Parabacteroides_goldsteinii	k__Bacteria;p__Firmicutes;c__Clostridia;o__Clostridiales;f__Lachnospiraceae;g__Anaerostipes;s__Anaerostipes_hadrus	k__Bacteria;p__Firmicutes;c__Clostridia;o__Clostridiales;f__Ruminococcaceae;g__Ruminococcus;s__Ruminococcus_lactaris	k__Bacteria;p__Firmicutes;c__Clostridia;o__Clostridiales;f__Clostridiaceae;g__Clostridium;s__Clostridium_sp._L2-50	k__Bacteria;p__Firmicutes;c__Clostridia;o__Clostridiales;f__Clostridiaceae;g__Clostridium;s__Clostridium_sp._M62/1	k__Bacteria;p__Firmicutes;c__Clostridia;o__Clostridiales;f__;g__Intestinimonas;s__Intestinimonas_butyriciproducens	k__Bacteria;p__Actinobacteria;c__Actinobacteria;o__Bifidobacteriales;f__Bifidobacteriaceae;g__Bifidobacterium;s__Bifidobacterium_bifidum	k__Bacteria;p__Firmicutes;c__Negativicutes;o__Veillonellales;f__Veillonellaceae;g__Dialister;s__Dialister_invisus	k__Bacteria;p__Bacteroidetes;c__Bacteroidia;o__Bacteroidales;f__Bacteroidaceae;g__Bacteroides;s__Bacteroides_salanitronis
k__Bacteria;p__Bacteroidetes;c__Bacteroidia;o__Bacteroidales;f__Bacteroidaceae;g__Bacteroides;s__Bacteroides_vulgatus	1.0	-0.0299629740816	0.0390127553093	-0.0119996285048	0.00157561814508	-0.0536055265298	-0.0713805898037	-0.00658189142436	-0.0474171903714	0.0689128155829	0.00350765451635	-0.0156956549366	-0.0260871494493	-0.0440537467809	0.0354850664127	0.00573628251471	0.0315977468363	-0.0467284770527	0.027923368125	-0.000658246874062	-0.00609777615463	-0.0101939135684	0.0184413304969	-0.0401434262959	0.00390587901078	-0.0307246314854	0.0424406366728	0.0127251977072	0.00594151217106	-0.014062332171	0.0325561584316	-0.00122117077764	-0.033979903826	-0.0622515554358	-0.0140142752999	0.00710674909463	0.0491417188736	-0.0277642289408	-0.00929660624164	-0.0537917673032	-0.00134056790147	-0.0292315737478	0.00917680360727	-0.0331573791011	-0.0133165092869	-0.0586729953419	0.00152900814244	0.0126172714395	-0.0457862715152	0.0482912898945	0.00908164446197	-0.00846805069778	-0.064214343613	0.00345550356256	0.0121894386361	-0.00812172826256	-0.034013740711	-0.0360150225454	-0.00549533604451
k__Bacteria;p__Bacteroidetes;c__Bacteroidia;o__Bacteroidales;f__Bacteroidaceae;g__Bacteroides;s__Bacteroides_uniformis	-0.0299629740816	1.0	0.0276416874805	-0.0444513909797	-0.055575744699	-0.0255924791587	-0.0392412793139	0.0128854600889	0.000861237927967	-0.0140897463969	0.0246159893196	-0.0441647089221	0.044394915784	0.0100653986912	-0.0255234660931	0.024141042018	-0.0251548756538	0.0306697049761	-0.00680411848568	-0.0702927153879	-0.0478877476482	-0.0238888772889	0.000570765900332	-0.0110257186011	0.026512164723	0.0449166325048	-0.00542413529237	-0.00202609659302	-0.0703144376286	-0.0177422265316	0.00735947331558	0.00861724360034	-0.0395936207767	-0.019988672896	0.0136568149467	0.00838629297892	-0.0436324002591	-0.00518152825064	0.038105401995	0.0332760634821	-0.0658099198997	-0.00732165245706	0.0732013826558	-0.0258006903243	-0.0134749146947	0.0305222940645	0.0333703132658	-0.0263417751609	-0.0164157358281	-0.0112245902904	0.010892243537	-0.0234939104502	0.0724067767837	0.0147065028242	0.00127829414183	-0.111541728443	0.0257421859065	-0.0281944830865	-0.00837443238127
k__Bacteria;p__Bacteroidetes;c__Bacteroidia;o__Bacteroidales;f__Rikenellaceae;g__Alistipes;s__Alistipes_putredinis	0.0390127553093	0.0276416874805	1.0	-0.0659103787848	-0.014905001816	-0.054427276583	0.0142522275958	-0.00515582095116	-0.0144055708062	-0.0593695395728	-0.00777813374381	-0.0248612952672	0.0499009617886	-0.0693900618711	0.0218533938767	-0.0675673139268	-0.0187900201388	0.00351423273835	-0.0116702805276	0.0183241179313	0.00521845751157	-0.0501057769018	0.00405281206927	0.0148820113578	-0.00649532886944	0.00817626345512	0.0252855652583	-0.0847451246802	0.100999016263	-0.0250877573869	0.0367609498466	-0.00913046514083	0.0565028689263	0.0721900473765	-0.00333583817994	-0.0649771536415	-0.0221232676608	-0.0286530139893	0.108493263444	-0.0475029296681	-0.0399230658597	-0.00553709003358	-0.0849283309279	0.0453255676205	0.0606387567555	-0.0360741544646	0.0180047438775	0.0400362124282	-0.0778900115553	-0.0279795294848	-0.0172988699869	0.0104289112742	-0.025535844959	-0.00314774194888	0.00701641343743	0.0349199966929	-0.0395768111955	-0.0523009029042	0.039573011676
k__Bacteria;p__Bacteroidetes;c__Bacteroidia;o__Bacteroidales;f__Prevotellaceae;g__Prevotella;s__Prevotella_copri	-0.0119996285048	-0.0444513909797	-0.0659103787848	1.0	-0.0608122348906	-0.0494013698308	-0.0489126575039	-0.00390247030346	0.0590839949324	0.0241341659549	0.0169520458899	0.00338139739118	0.0355694105041	-0.00726189339336	-0.0214086785546	-0.0704238440085	-0.00600844269556	0.00698227945131	0.0180060314535	0.0187176359907	-0.0023051237321	-0.000734840914315	-0.0130299884724	0.0273895196265	-0.00539185274483	0.017947601964	0.000264584094586	0.0522669332518	0.0715451546089	-0.0671907401716	-0.0221353597935	0.0236993841674	-0.0481612527563	0.0271475413921	-0.0402076942163	0.00302807584422	0.0611656099827	-0.0376086398072	-0.010901764483	-0.019811040596	-0.066102087711	-0.0375445878436	0.0208710677882	0.00618835178462	-0.0360305070657	-0.0135666691823	0.0243996033616	-0.00464419441066	-0.023364938739	0.0194784507915	-0.025590534909	-0.0262085563558	0.0395648444644	0.000608503257303	0.0154725750183	0.043607440191	-0.0329240766891	-0.00248533426528	-0.0108285427249
k__Bacteria;p__Bacteroidetes;c__Bacteroidia;o__Bacteroidales;f__Bacteroidaceae;g__Bacteroides;s__Bacteroides_stercoris	0.00157561814508	-0.055575744699	-0.014905001816	-0.0608122348906	1.0	0.011544218264	-0.0727808335294	-0.00541998040061	0.0404091580308	-0.0382992409647	-0.024784132651	-0.0325573865611	-0.0290073795418	0.00444670395668	-0.0148096741567	0.0232634989843	0.034803226353	-0.0103752340873	-0.00553771873481	-0.0569560161856	0.0259972577585	-0.00230550105186	0.0431425934787	-0.0388434765491	0.0180079050477	-0.0204084689816	-0.0770672401552	-0.0259182530302	0.0515822543534	0.0193831797081	0.0312028184733	-0.0378773024066	0.0414606141725	0.0276439635419	0.00483593005756	-0.0102715118741	-0.00903060882313	-0.0126573547703	-0.0336890297329	0.0079766061821	-0.0767436121871	0.0144552329712	0.0303752883305	0.0285199445634	-0.043577714296	-0.0554013925304	-0.0532193605667	0.0218112013693	0.0269849887503	-0.00103437988324	-0.0389937853875	0.0407604932069	0.0449700097857	0.0197037245286	-0.0933478462153	0.02415930168	-0.0378598513576	-0.0286081802611	-0.0320418817821
k__Bacteria;p__Bacteroidetes;c__Bacteroidia;o__Bacteroidales;f__Bacteroidaceae;g__Bacteroides;s__Bacteroides_ovatus	-0.0536055265298	-0.0255924791587	-0.054427276583	-0.0494013698308	0.011544218264	1.0	-0.00706656938849	-0.057386799059	-0.000176058824646	0.0354556741604	0.0384346628396	-0.00501122451522	-0.00935109076089	-0.00140571814185	0.0316390205428	0.0252253167873	0.0175254678815	-0.0670067905596	-0.0402065619113	-0.118478116394	-0.000407268590733	0.00719690215221	0.0106974054805	-0.0522433814312	0.032304508915	0.0300681616606	-0.0267710887817	-0.0281728175728	0.0567255916599	0.0272219661749	0.0091717534699	-0.003185129273	0.0741933351646	-0.0133525915904	0.00949850256788	-0.115123312068	-0.0327360709773	-0.000567423947522	0.0625276724306	-0.0291250298349	-0.0256223211445	-0.0268667037325	-0.0175214836303	-0.0241065024595	-0.0294895320249	-0.0287635069433	-0.0270590662416	-0.0156971621088	-0.031002464954	-0.0863069064414	-0.0887229513111	-0.00387106453936	0.0149454706528	-0.0378413082763	-0.00813444745362	0.0117252573102	0.0455130339971	0.0194978927026	0.0613135944642
k__Bacteria;p__Bacteroidetes;c__Bacteroidia;o__Bacteroidales;f__Rikenellaceae;g__Alistipes;s__Alistipes_shahii	-0.0713805898037	-0.0392412793139	0.0142522275958	-0.0489126575039	-0.0727808335294	-0.00706656938849	1.0	-0.00832247005048	-0.00466536981016	-0.0387831620089	-0.0301712119072	0.0124728954189	0.0767629493729	-0.0398825292037	-0.0945937917002	0.0859671497063	-0.0931596294248	-0.00183292212492	0.0455144653852	0.0331946166652	0.0159101389857	-0.00403293802564	0.0344871474528	-0.00619577065023	0.0520193702256	0.0389571483021	-0.0302072146959	0.00770139231772	-0.00120690013283	0.0468097418535	-0.0793314469629	-0.0521533889429	-0.0262503526826	-0.0649815975765	-0.0152358124214	0.0361971091621	-0.0517855874374	-0.0830414097395	-0.0427831795335	0.026417528221	-0.00024369649312	0.0564372983519	-0.107313608547	0.0270738639097	-0.0133399266468	-0.00441837297876	0.0574981366198	0.00951469810586	-0.0258811807988	0.0408655956466	-0.0666332099214	0.000166788762781	0.0233347728746	0.0495599476661	-0.000361949585473	0.0333050085148	-0.0382902655757	-0.000933940234643	-0.0115563391125
k__Bacteria;p__Firmicutes;c__Clostridia;o__Clostridiales;f__Ruminococcaceae;g__Faecalibacterium;s__Faecalibacterium_prausnitzii	-0.00658189142436	0.0128854600889	-0.00515582095116	-0.00390247030346	-0.00541998040061	-0.057386799059	-0.00832247005048	1.0	0.0471485370405	0.0338388660862	-0.0242348852449	0.0624034384197	-0.0145650917916	-0.00593063608925	-0.00780656684296	0.0139544320457	0.0101666361496	-0.00290461963309	-0.0213221143399	0.010724469397	0.0515671981613	-0.0654863162667	-0.0378506643538	-0.0283336823436	-0.0118818594456	-0.015746642814	-0.00107653660737	-0.0621361889213	0.017415550395	-0.0759355181599	-0.0197159218846	-0.0270284869079	-0.0133958276963	-0.0202694780133	-0.018149518132	-0.0450801939034	-0.0631815696451	-0.0199099948099	0.00887195164888	-0.0384579562581	0.0198592955923	0.0305154763939	0.00459563389954	0.0258322544457	-0.0294764094043	0.0697863634746	-0.0253226149836	-0.0448372894446	0.0882331747619	-0.00438535434271	-0.0387560584488	0.0398454118299	-0.00731082336708	0.000594071603873	0.0517541823292	-0.0380937042465	-0.0176876798534	-0.000573584725372	-0.0200882064813
k__Bacteria;p__Bacteroidetes;c__Bacteroidia;o__Bacteroidales;f__Rikenellaceae;g__Alistipes;s__Alistipes_finegoldii	-0.0474171903714	0.000861237927967	-0.0144055708062	0.0590839949324	0.0404091580308	-0.000176058824646	-0.00466536981016	0.0471485370405	1.0	0.0535065749218	0.00334381365494	-0.0284456444071	-0.0706926805847	0.0258674645523	-0.0497412578574	-9.21405223783e-06	-0.0116360591112	-0.0774391332376	-0.00159961305283	0.0406411536595	-0.0367130470228	0.00054125776834	-0.00176767808319	-0.0378824540342	-0.0140080436664	-0.00788740775856	-0.0644349119597	-0.00442620888644	0.0392032936031	0.0697633525831	-0.062919438242	-0.0197459520319	-0.0374607549737	0.00858285941534	-0.0067929361077	-0.0840199927732	-0.0302066235223	-0.0102596409712	-0.0184401718521	-0.0187202924339	0.0169621259256	0.00531647320558	-0.0300630059932	0.0282846707374	-0.0237273540061	0.00686086952371	0.0444738196806	-0.06313494146	-0.0604928234009	-0.0469017427227	-0.0231577211502	0.031211704948	0.0139685006535	-0.00097995105291	-0.0265953259115	-0.0181217556822	-0.0176225888533	-0.0150254030748	-0.0191900931877
k__Bacteria;p__Bacteroidetes;c__Bacteroidia;o__Bacteroidales;f__Porphyromonadaceae;g__Parabacteroides;s__Parabacteroides_distasonis	0.0689128155829	-0.0140897463969	-0.0593695395728	0.0241341659549	-0.0382992409647	0.0354556741604	-0.0387831620089	0.0338388660862	0.0535065749218	1.0	0.0347686189443	-0.00811461009673	0.012836837536	0.0356834595195	-0.0620843015527	0.0217022414688	-0.0961089470297	0.0512241695588	-0.0227700505422	-0.0640178544429	0.00478151328741	0.029672398951	-0.0910049364568	0.0212311924722	-0.0490838016355	-0.0835390796814	0.0339073591753	0.0038654720857	-0.0609697680532	-0.0703262493032	0.00381304590378	-0.00969542473527	0.000654975673869	0.0116414630289	-0.0175478579396	-0.0195837671301	0.00784514588765	0.00216508632858	0.0324451466937	0.0175623525457	-0.0140718058693	-0.0170642058967	0.0153999349096	-0.0317833118606	-0.0377667482254	0.000834081077894	0.10194375665	-0.00809105430257	-0.0157378702854	-0.0157423703993	0.0509895745181	0.0150299698128	0.0158691153614	-0.0943442779552	-0.0785169733958	0.0225154729961	-0.0736924374902	-0.0213823337542	0.0406461060621
k__Bacteria;p__Bacteroidetes;c__Bacteroidia;o__Bacteroidales;f__Bacteroidaceae;g__Bacteroides;s__Bacteroides_thetaiotaomicron	0.00350765451635	0.0246159893196	-0.00777813374381	0.0169520458899	-0.024784132651	0.0384346628396	-0.0301712119072	-0.0242348852449	0.00334381365494	0.0347686189443	1.0	-0.103048934004	-0.0167783374062	0.0305839401436	-0.0118088876101	-0.0526694142857	-0.0204599709073	-0.0409256976532	0.0189370655459	-0.0211375143712	-0.010173586233	0.0225919342963	0.0482681855327	-0.0110872297832	0.0132717149483	-0.0787429254323	0.00977298545331	0.0117734380399	0.0367586732397	0.030200393605	0.00477326175052	-0.0746411787154	-0.0297371526923	-0.0115944572053	0.0275036638094	0.042905110009	0.0588779048919	-0.0209385835603	0.0114266237885	-0.00434173329881	-0.014909740414	0.0066314766652	-0.00384123654389	-0.0281135850097	0.0334538387816	0.0280544805325	-0.100530991845	-0.0214162021716	-0.0313826931521	0.00538307836723	0.0382954195735	-0.017607955152	0.00177063729014	-0.012037271469	0.0266444389462	-0.0210746106961	0.0153046181732	-0.0198308464769	-0.0300181227129
k__Bacteria;p__Bacteroidetes;c__Bacteroidia;o__Bacteroidales;f__Bacteroidaceae;g__Bacteroides;s__Bacteroides_coprocola	-0.0156956549366	-0.0441647089221	-0.0248612952672	0.00338139739118	-0.0325573865611	-0.00501122451522	0.0124728954189	0.0624034384197	-0.0284456444071	-0.00811461009673	-0.103048934004	1.0	-0.0123600024865	-0.0683329536938	0.00303657543311	0.0474475755163	0.000579361501156	0.0319179559892	-0.030043118194	-0.00355209698728	0.049220058606	-0.0340168785075	-0.0674684579258	-0.0679106087744	-0.0411213812514	-0.0115661067369	-0.0549764555837	0.00363700499169	-0.0398166401404	-0.0386791739871	-0.0468203107566	0.055758471364	-0.0234272577923	0.0446647090461	0.0392010164073	-0.0189490590653	-0.0330173081279	0.0893321189524	-0.110151563424	0.0246806708616	-0.0370308522174	0.0687787897793	-0.0888983748359	-0.0193904260592	0.0110998814437	-0.027136347534	-0.0221247516108	-0.00713827944016	0.0130032949247	-0.0804513267091	0.0421436132616	0.0253178152251	0.0169747710805	-0.0468440856886	0.095862415052	0.0629693733319	-0.0441437241698	-0.0105237202582	0.000330505512417
k__Bacteria;p__Bacteroidetes;c__Bacteroidia;o__Bacteroidales;f__Bacteroidaceae;g__Bacteroides;s__Bacteroides_cellulosilyticus	-0.0260871494493	0.044394915784	0.0499009617886	0.0355694105041	-0.0290073795418	-0.00935109076089	0.0767629493729	-0.0145650917916	-0.0706926805847	0.012836837536	-0.0167783374062	-0.0123600024865	1.0	-0.0448804854083	-0.0644610697276	-0.0481847628046	-0.0169430862005	-0.0303946930673	0.0140349488392	0.051655499343	-0.0248013174852	-0.00713854932941	-0.00770099017125	0.0311310368164	-0.0218723114617	-0.00391504195797	-0.0149709406895	-0.0481273948903	-0.00392270732503	-0.015257187055	-0.0563093849585	-0.0632396192163	0.0006179209695	-0.0413754455335	0.0686832948449	0.0306015058605	0.0650462300653	0.00458092836839	-0.0456573589627	-0.0219592237249	-0.0655143851873	0.0368825431408	-0.00134486055992	0.0346573069221	0.0090998869394	0.0028092236758	-0.0448480953893	0.0169010469523	-0.0776873361403	0.02269677159	0.0151062940135	0.0172056289192	-0.0183621337011	-0.00209007716444	0.0371177936987	-0.013324881246	0.0247708887259	0.0129651273631	-0.0236739210275
k__Bacteria;p__Bacteroidetes;c__Bacteroidia;o__Bacteroidales;f__Rikenellaceae;g__Alistipes;s__Alistipes_obesi	-0.0440537467809	0.0100653986912	-0.0693900618711	-0.00726189339336	0.00444670395668	-0.00140571814185	-0.0398825292037	-0.00593063608925	0.0258674645523	0.0356834595195	0.0305839401436	-0.0683329536938	-0.0448804854083	1.0	0.0115778521889	0.0540305506423	0.0116982585981	0.0533051197169	0.0517643635911	-0.131537869744	-0.0722420887465	0.0150739965972	0.0139742957696	-0.00614860470062	-0.013013289514	-0.0232483713535	-0.00709910388754	0.00627432289129	0.00214475131874	-0.061197811117	-0.0678807973185	0.0138038195826	-0.0346754894424	0.0393532489608	-0.0284598374932	-0.00571476123967	0.0264220104646	-0.011922719774	-0.0533508105842	0.0831112365598	0.0430966309119	-0.0225631976271	0.00049810312726	-0.0580881177863	-0.0470247537867	-0.0499030344356	-0.0407630204451	-0.020553669433	0.0215722313089	0.020570258688	-0.0378473527827	0.00278915991584	0.0175263000355	0.086379827096	-0.000161487740965	-0.0776252115246	0.0276609880211	0.0047096043942	-0.00206186467122
k__Bacteria;p__Firmicutes;c__Clostridia;o__Clostridiales;f__Lachnospiraceae;g__;s__[Eubacterium]_rectale	0.0354850664127	-0.0255234660931	0.0218533938767	-0.0214086785546	-0.0148096741567	0.0316390205428	-0.0945937917002	-0.00780656684296	-0.0497412578574	-0.0620843015527	-0.0118088876101	0.00303657543311	-0.0644610697276	0.0115778521889	1.0	0.0116687715763	0.0441971441849	0.0219032424765	0.00729090964229	-0.0242710994466	-0.0472024476257	0.0167631500938	-0.0215524253549	-0.033753743714	-0.0206197724344	0.0322254036246	0.0282584170431	0.00254061711932	0.0181067710394	0.000134253006341	0.00758357735722	0.0991952007766	0.00276541434034	-0.0500320264399	-0.00849444970696	-0.0255276008275	0.0770666032446	0.0181428296992	0.0156233333719	-0.0456229156585	0.08980650237	-0.0278644371646	0.0152168018222	0.0582445086596	-0.0308675758571	-0.0275884978147	-0.0335378347605	-0.0400163366349	-0.0262016175424	-0.0248625982149	-0.0508364743616	0.0666019127883	-0.0469570831336	0.0114851284095	0.0407176963052	0.0340140729668	-0.00758235127811	-0.0377909316441	-0.060619229246
k__Bacteria;p__Bacteroidetes;c__Bacteroidia;o__Bacteroidales;f__Bacteroidaceae;g__Bacteroides;s__Bacteroides_plebeius	0.00573628251471	0.024141042018	-0.0675673139268	-0.0704238440085	0.0232634989843	0.0252253167873	0.0859671497063	0.0139544320457	-9.21405223797e-06	0.0217022414688	-0.0526694142857	0.0474475755163	-0.0481847628046	0.0540305506423	0.0116687715763	1.0	0.00170690164257	0.0232196873157	-0.0262157351666	-0.00157725117624	-0.0340836128191	-0.0324040251677	0.00749678708278	-0.00118908386988	-0.017218552919	-0.0134357973334	-0.0645034560944	-0.0290937233618	-0.0131425092891	-0.00823932360265	0.0372530449964	-0.0102175404825	-0.0123701713053	-0.0458595180365	-0.0452130262684	-0.105530552294	-0.0358632270064	-0.0342263117497	-0.0119922012233	0.0280122191113	-0.00754996551116	-0.0190087290875	-0.0256506147303	-0.0646995644695	0.0499264581245	-0.041222063044	-0.0159391644392	-0.0195478298285	-0.00739742333857	-0.0253343827435	0.00437879830326	-0.0192874768295	-0.0225129709264	-0.042109612641	-0.033371151491	0.0467617524937	-0.0176180432782	0.0152586895669	0.070517248074
k__Bacteria;p__Bacteroidetes;c__Bacteroidia;o__Bacteroidales;f__Bacteroidaceae;g__Bacteroides;s__Bacteroides_fragilis	0.0315977468363	-0.0251548756538	-0.0187900201388	-0.00600844269556	0.034803226353	0.0175254678815	-0.0931596294248	0.0101666361496	-0.0116360591112	-0.0961089470297	-0.0204599709073	0.000579361501156	-0.0169430862005	0.0116982585981	0.0441971441849	0.00170690164257	1.0	-0.0136474363817	-0.0404989247542	-0.0265618766056	0.0324665721971	-0.0175099436801	-0.00861288705968	0.014686423742	-0.00909519746733	0.0305019648518	0.027418436318	0.056548373997	-0.00472103983265	-0.0373710922507	-0.0969444452149	0.0326557852434	0.0350233370992	-0.0562856933271	-0.115021898776	0.030129555987	0.00569835783603	-0.0678687676704	-0.029139908205	0.0862944679443	-0.0391587152076	0.0422178704764	0.00580726340921	-0.00835445718978	0.0538153545814	0.0736686109124	0.0543756499001	-0.00027235510067	-0.0601002127136	-0.0359290295574	-0.0456562617448	-0.0230348128456	0.00919505873933	-0.0329127051135	0.0572930871237	0.0404416508664	-0.0291760156521	-0.0356290187231	-0.00764081392214
k__Bacteria;p__Proteobacteria;c__Betaproteobacteria;o__Burkholderiales;f__Sutterellaceae;g__Sutterella;s__Sutterella_wadsworthensis	-0.0467284770527	0.0306697049761	0.00351423273835	0.00698227945131	-0.0103752340873	-0.0670067905596	-0.00183292212492	-0.00290461963309	-0.0774391332376	0.0512241695588	-0.0409256976532	0.0319179559892	-0.0303946930673	0.0533051197169	0.0219032424765	0.0232196873157	-0.0136474363817	1.0	-0.0080401407497	0.0416088127854	-0.00491651449327	-0.0477542506321	0.00185249200157	-0.00867468796731	-0.00258050097249	-0.0772598951625	-0.025548184657	-0.070831290528	0.000121362731029	0.030418880594	0.0186836186483	-0.0296994321719	-0.00223255543904	0.0519054144809	-0.00235956921285	-0.0388334378345	-0.0306110275223	0.0073658511188	-0.0646189950992	-0.0641573495684	-0.034288016379	-0.0411555091007	0.00979708225354	0.00267977531247	0.0132498457864	-0.0719849394632	-0.00363248677613	-0.0628147853462	0.0210718087829	-0.0224298917484	-0.0368081815079	0.0441268833784	-0.0623980971616	0.00941295113	-0.0159958604258	-0.00333784624914	0.0309468506426	-0.0358887845226	-0.0352996329174
k__Bacteria;p__Bacteroidetes;c__Bacteroidia;o__Bacteroidales;f__Porphyromonadaceae;g__Barnesiella;s__Barnesiella_intestinihominis	0.027923368125	-0.00680411848568	-0.0116702805276	0.0180060314535	-0.00553771873481	-0.0402065619113	0.0455144653852	-0.0213221143399	-0.00159961305283	-0.0227700505422	0.0189370655459	-0.030043118194	0.0140349488392	0.0517643635911	0.00729090964229	-0.0262157351666	-0.0404989247542	-0.0080401407497	1.0	0.0157822199714	-0.026404647101	-0.0659288759758	-0.0476896900977	0.0172379582887	-0.0465900093909	0.0439519773088	0.0106754483512	-0.0469871966825	0.0122195028386	0.00597628839546	-0.0434822115371	0.0046578939161	-0.0238288630789	-0.0469432903327	0.0311016828715	-0.0205460318893	0.0478727729763	-0.024942336345	-0.0898532771401	0.0257690607379	0.0164891409906	-0.00776526931747	-0.0190789401269	-0.0619549735539	-0.00612014806129	-0.00843634379721	-0.0421725127329	0.0264971405636	-0.0624918613112	-0.0479783499014	-0.0783018726275	0.0280334465716	0.0220739137164	0.0331851423565	-0.0425801296135	-0.0303755105448	-0.0228392551785	-0.0259692940366	-0.0514852537854
k__Bacteria;p__Bacteroidetes;c__Bacteroidia;o__Bacteroidales;f__Odoribacteraceae;g__Odoribacter;s__Odoribacter_splanchnicus	-0.000658246874062	-0.0702927153879	0.0183241179313	0.0187176359907	-0.0569560161856	-0.118478116394	0.0331946166652	0.010724469397	0.0406411536595	-0.0640178544429	-0.0211375143712	-0.00355209698728	0.051655499343	-0.131537869744	-0.0242710994466	-0.00157725117624	-0.0265618766056	0.0416088127854	0.0157822199714	1.0	-0.0221563709653	-0.0164630936303	0.0514040664082	-0.085767078136	0.0276785647054	-0.0334003138033	0.0139513779147	-0.00312039214435	0.0287871516444	-0.0122452672249	-0.0719025500079	-0.0769459441902	-0.0772276358409	0.0286277696802	-0.0348278139856	7.91022011066e-05	0.0788331240469	0.00484855902608	-0.0132338722107	0.0566746429972	-0.0215607965118	-0.0180237380478	-0.00486384195045	-0.00696266292557	-0.0284844597442	-0.013696116534	0.0423913647614	0.016015801299	-0.0778964064381	-0.00853623064329	0.00834415658998	-0.0434190500419	-0.00330215953725	0.0531750705411	0.0675915773175	-0.0297046920837	0.0509450248301	0.00860146570743	0.0245760646789
k__Bacteria;p__Bacteroidetes;c__Bacteroidia;o__Bacteroidales;f__Bacteroidaceae;g__Bacteroides;s__Bacteroides_salyersiae	-0.00609777615463	-0.0478877476482	0.00521845751157	-0.0023051237321	0.0259972577585	-0.000407268590733	0.0159101389857	0.0515671981613	-0.0367130470228	0.00478151328741	-0.010173586233	0.049220058606	-0.0248013174852	-0.0722420887465	-0.0472024476257	-0.0340836128191	0.0324665721971	-0.00491651449327	-0.026404647101	-0.0221563709653	1.0	-0.00599301896865	-0.0672487269564	-0.0307554731271	-0.066257306526	0.0544703125249	-0.0212618174598	0.0557515248761	0.00752365429002	-0.0184241674205	0.0283520421271	0.0120311384952	-0.00905140046587	-0.0389545391928	-0.025795290523	0.0504719788353	-0.00931629771613	0.0193368839003	-0.0686817929467	-0.0208745115686	0.00126394590093	0.00329162113007	0.00636780707218	-0.027255699654	0.0292499624229	-0.0697804635135	0.0312678790504	-0.0241154286998	-0.00712469715034	0.0081591054806	-0.0453153314763	0.05204322799	-0.0520354284881	-0.0635986593453	-0.0726866466116	0.0149381673569	-0.00529415930891	-0.0617424916747	-0.0417747833657
k__Bacteria;p__Firmicutes;c__Clostridia;o__Clostridiales;f__Ruminococcaceae;g__Ruminiclostridium;s__[Eubacterium]_siraeum	-0.0101939135684	-0.0238888772889	-0.0501057769018	-0.000734840914315	-0.00230550105186	0.00719690215221	-0.00403293802564	-0.0654863162667	0.00054125776834	0.029672398951	0.0225919342963	-0.0340168785075	-0.00713854932941	0.0150739965972	0.0167631500938	-0.0324040251677	-0.0175099436801	-0.0477542506321	-0.0659288759758	-0.0164630936303	-0.00599301896865	1.0	0.0245591699646	-0.0683736428024	-0.00421366287433	0.0335537349638	-0.00403314369046	-0.0344659833848	-0.00472122668243	-0.0258924675146	-0.0331268176948	0.0471088415733	-0.0125975685214	0.0245076317928	-0.0288718149639	-0.00421568067032	-0.0601864663615	-0.0300039413558	0.0361799413536	-0.025739949891	0.0365895273113	-0.0192664948633	0.0418257363355	0.074464713219	-0.0945291790034	0.00240919701284	-0.015835815787	-0.0138958040137	0.0128830334026	-0.0196335452253	0.059869094218	-0.0489177609113	-0.0510690309982	-0.0169168689706	0.00409284670548	0.00216669446735	-0.0281773673932	-0.00430550521346	-0.0107131571261
k__Bacteria;p__Proteobacteria;c__Betaproteobacteria;o__Burkholderiales;f__Sutterellaceae;g__Parasutterella;s__Parasutterella_excrementihominis	0.0184413304969	0.000570765900332	0.00405281206927	-0.0130299884724	0.0431425934787	0.0106974054805	0.0344871474528	-0.0378506643538	-0.00176767808319	-0.0910049364568	0.0482681855327	-0.0674684579258	-0.00770099017125	0.0139742957696	-0.0215524253549	0.00749678708278	-0.00861288705968	0.00185249200157	-0.0476896900977	0.0514040664082	-0.0672487269564	0.0245591699646	1.0	0.0367510275313	0.0439472731481	-0.039251877245	0.0125741226189	-0.00974884349129	-0.00609331137904	0.00471786205639	-0.038205409739	0.0323659778513	-0.00572522209991	0.00289148885509	-0.0123707316943	0.00964842385481	-0.00384462819492	-0.0447939986214	-0.0194612615381	-0.0266639940518	0.0250885020139	0.0317742790982	-0.0237941370363	0.00917208828748	-0.0230812401968	0.0859161056318	-0.013956214416	-0.0386369306604	0.0155677582015	0.00761070957769	0.0125520884133	-0.0136213906373	-0.0606993468739	-0.0167435647866	-0.0456404839711	0.021500201682	-0.0257624753854	0.0757922390903	-0.0331124348166
k__Bacteria;p__Actinobacteria;c__Actinobacteria;o__Bifidobacteriales;f__Bifidobacteriaceae;g__Bifidobacterium;s__Bifidobacterium_adolescentis	-0.0401434262959	-0.0110257186011	0.0148820113578	0.0273895196265	-0.0388434765491	-0.0522433814312	-0.00619577065023	-0.0283336823436	-0.0378824540342	0.0212311924722	-0.0110872297832	-0.0679106087744	0.0311310368164	-0.00614860470062	-0.033753743714	-0.00118908386988	0.014686423742	-0.00867468796731	0.0172379582887	-0.085767078136	-0.0307554731271	-0.0683736428024	0.0367510275313	1.0	-0.0167456855653	-0.0303877266459	0.00412050308515	-0.0209632426001	-0.0650203845918	0.00174465691437	0.0479319330598	-0.0738017573676	0.0676776276392	-0.00446706587155	0.0116123398145	0.0292900588274	-0.0191142800435	-0.0190693005671	-0.0560409153862	0.0288312756989	-0.0213626840935	0.0322089502863	0.0428758802666	0.081330301592	0.0491599057939	-0.0127863430366	0.0145912210621	0.00439425861039	-0.0341671975613	-0.06257488245	0.00771950250864	-0.030006573963	-0.0233578524415	-0.0583661648726	0.00775024776811	-0.00879537238688	-0.020795309383	0.063260017557	-0.0426864848594
k__Bacteria;p__Firmicutes;c__Clostridia;o__Clostridiales;f__Oscillospiraceae;g__Oscillibacter;s__Oscillibacter_sp._KLE_1745	0.00390587901078	0.026512164723	-0.00649532886944	-0.00539185274483	0.0180079050477	0.032304508915	0.0520193702256	-0.0118818594456	-0.0140080436664	-0.0490838016355	0.0132717149483	-0.0411213812514	-0.0218723114617	-0.013013289514	-0.0206197724344	-0.017218552919	-0.00909519746733	-0.00258050097249	-0.0465900093909	0.0276785647054	-0.066257306526	-0.00421366287433	0.0439472731481	-0.0167456855653	1.0	-0.0338546264014	-0.029466319626	-0.0026584538696	0.00957746579477	0.000436921144129	-0.0676010216066	-0.010964358471	-0.0555353202009	-0.00626322533859	0.0949031958031	0.0637605272592	0.0692726367647	-0.0145667649315	-0.0146934300693	-0.013172335186	-0.00854708093179	-0.059031204121	-0.0125273271186	-0.0468028776683	0.00694626218678	0.00951594878744	-0.0163138160668	0.0687172508311	0.0125788910252	-0.0172442695179	0.0370739982894	0.0380533651581	0.023992736434	-0.0418893123061	0.0163509954399	0.0111824521464	-0.0214777084057	-0.0158314306484	0.0254072507388
k__Bacteria;p__Bacteroidetes;c__Bacteroidia;o__Bacteroidales;f__Bacteroidaceae;g__Bacteroides;s__Bacteroides_coprophilus	-0.0307246314854	0.0449166325048	0.00817626345512	0.017947601964	-0.0204084689816	0.0300681616606	0.0389571483021	-0.015746642814	-0.00788740775856	-0.0835390796814	-0.0787429254323	-0.0115661067369	-0.00391504195797	-0.0232483713535	0.0322254036246	-0.0134357973334	0.0305019648518	-0.0772598951625	0.0439519773088	-0.0334003138033	0.0544703125249	0.0335537349638	-0.039251877245	-0.0303877266459	-0.0338546264014	1.0	0.0424493478734	-0.0115151444032	0.0101969200477	0.0194634740592	0.00380216018385	-0.00440226055374	0.0155501358014	-0.019990394164	-0.0594114523362	-0.0282992254171	0.0383729673922	-0.0278132119994	0.0521040477106	-0.0434807883623	-0.0240452190547	0.00874496108173	0.0214314531732	-0.0553388906443	-0.0129264639055	-0.0366924778018	-0.0283525868988	-0.0417478955759	-0.0436510541842	-0.000174544086622	0.0692180099921	0.0174673727327	-0.00497314623396	0.00219518464771	0.013642862293	-0.0278705850434	-0.0168340430984	-0.0247498413419	-0.0112073096249
k__Bacteria;p__Firmicutes;c__Clostridia;o__Clostridiales;f__Lachnospiraceae;g__Roseburia;s__Roseburia_intestinalis	0.0424406366728	-0.00542413529237	0.0252855652583	0.000264584094586	-0.0770672401552	-0.0267710887817	-0.0302072146959	-0.00107653660737	-0.0644349119597	0.0339073591753	0.00977298545331	-0.0549764555837	-0.0149709406895	-0.00709910388754	0.0282584170431	-0.0645034560944	0.027418436318	-0.025548184657	0.0106754483512	0.0139513779147	-0.0212618174598	-0.00403314369046	0.0125741226189	0.00412050308515	-0.029466319626	0.0424493478734	1.0	-0.00567235506145	0.0325605868581	-0.0522114150106	-0.00911151524224	-0.0622424004114	-0.00200063717006	-0.07005187691	-0.0380716124046	0.011815336051	-0.0287658857094	-0.019868535109	0.0327284370905	-0.0100806642843	0.010661242211	0.0207502254134	-0.040456296552	-0.00779728016968	-0.0548678313421	-0.00214775601715	-0.0123060032762	-0.00851228908684	-0.012012268202	0.058901704691	0.0103778600662	-0.0068227368515	-0.0231880545049	-0.0388149078217	0.0334636574643	0.0814786299112	0.0234302687028	-0.0289794836015	0.0260759106166
k__Bacteria;p__Firmicutes;c__Clostridia;o__Clostridiales;f__Lachnospiraceae;g__Roseburia;s__Roseburia_hominis	0.0127251977072	-0.00202609659302	-0.0847451246802	0.0522669332518	-0.0259182530302	-0.0281728175728	0.00770139231772	-0.0621361889213	-0.00442620888644	0.0038654720857	0.0117734380399	0.00363700499169	-0.0481273948903	0.00627432289129	0.00254061711932	-0.0290937233618	0.056548373997	-0.070831290528	-0.0469871966825	-0.00312039214435	0.0557515248761	-0.0344659833848	-0.00974884349129	-0.0209632426001	-0.0026584538696	-0.0115151444032	-0.00567235506145	1.0	0.0156132708676	-0.0107406979659	-0.0725936447062	-0.0162040120716	-0.0479261394469	0.0100813483294	-0.0778283689157	0.0362225789652	-0.00359672220383	0.0126419715294	-0.0537391076229	-0.0147093774895	0.0133895137931	-0.03778550713	-0.0574189065857	-0.00108345138979	-0.0438954330571	-0.00380480735308	0.0707470500169	0.102397652841	0.04188477311	-0.0265556316845	-0.0364341937684	0.0280185471555	-0.0170079023462	-0.019506874964	-0.0635840787933	-0.0878001470683	-0.00635023958889	0.0519218444749	-0.0107857540705
k__Bacteria;p__Bacteroidetes;c__Bacteroidia;o__Bacteroidales;f__Porphyromonadaceae;g__Parabacteroides;s__Parabacteroides_johnsonii	0.00594151217106	-0.0703144376286	0.100999016263	0.0715451546089	0.0515822543534	0.0567255916599	-0.00120690013283	0.017415550395	0.0392032936031	-0.0609697680532	0.0367586732397	-0.0398166401404	-0.00392270732503	0.00214475131874	0.0181067710394	-0.0131425092891	-0.00472103983265	0.000121362731029	0.0122195028386	0.0287871516444	0.00752365429002	-0.00472122668243	-0.00609331137904	-0.0650203845918	0.00957746579477	0.0101969200477	0.0325605868581	0.0156132708676	1.0	-0.0250714675507	-0.076994284067	0.00997238160223	0.00193734489543	-0.00807898226505	-0.0710564169839	-0.0338366735116	0.0180886979626	-0.053946995825	-0.0445835418237	0.0171157020835	-0.0133783140719	-0.0122947606526	-0.0170159200624	-0.008311837476	-0.0428471949555	-0.0156147477867	0.0380664758285	0.0610049109743	-0.0638228696508	0.040613189891	0.00450105395134	-0.00765246133703	0.00291695419144	0.0467731615439	-0.0640585408171	-0.0297043797271	0.0215459948567	-0.0114441444055	-0.0598533033749
k__Bacteria;p__Actinobacteria;c__Actinobacteria;o__Bifidobacteriales;f__Bifidobacteriaceae;g__Bifidobacterium;s__Bifidobacterium_longum	-0.014062332171	-0.0177422265316	-0.0250877573869	-0.0671907401716	0.0193831797081	0.0272219661749	0.0468097418535	-0.0759355181599	0.0697633525831	-0.0703262493032	0.030200393605	-0.0386791739871	-0.015257187055	-0.061197811117	0.000134253006341	-0.00823932360265	-0.0373710922507	0.030418880594	0.00597628839546	-0.0122452672249	-0.0184241674205	-0.0258924675146	0.00471786205639	0.00174465691437	0.000436921144129	0.0194634740592	-0.0522114150106	-0.0107406979659	-0.0250714675507	1.0	-0.0192169481639	0.026575176603	0.044441113272	-0.0486923803102	-0.0691866410201	-0.022500685212	0.079949287798	-0.0552786741447	0.0059285366611	-0.0142690932363	-0.0182044287583	-0.0814789205422	0.0232359224897	-0.0469045132404	0.0959757912523	-0.0695738626922	-0.0451307577258	-0.0505990933395	0.0138921430411	0.0234737961946	0.0464283594231	0.0208036647079	0.0121712995566	0.0175477972521	-0.0253021172172	-0.0583670919884	0.0875513232535	0.00888997557799	0.0669894980237
