#taxonomy	k__Bacteria;p__Bacteroidetes;c__Bacteroidia;o__Bacteroidales;f__Bacteroidaceae;g__Bacteroides;s__Bacteroides_vulgatus	k__Bacteria;p__Bacteroidetes;c__Bacteroidia;o__Bacteroidales;f__Bacteroidaceae;g__Bacteroides;s__Bacteroides_uniformis	k__Bacteria;p__Bacteroidetes;c__Bacteroidia;o__Bacteroidales;f__Rikenellaceae;g__Alistipes;s__Alistipes_putredinis	k__Bacteria;p__Bacteroidetes;c__Bacteroidia;o__Bacteroidales;f__Prevotellaceae;g__Prevotella;s__Prevotella_copri	k__Bacteria;p__Bacteroidetes;c__Bacteroidia;o__Bacteroidales;f__Bacteroidaceae;g__Bacteroides;s__Bacteroides_stercoris	k__Bacteria;p__Bacteroidetes;c__Bacteroidia;o__Bacteroidales;f__Bacteroidaceae;g__Bacteroides;s__Bacteroides_ovatus	k__Bacteria;p__Bacteroidetes;c__Bacteroidia;o__Bacteroidales;f__Rikenellaceae;g__Alistipes;s__Alistipes_shahii	k__Bacteria;p__Firmicutes;c__Clostridia;o__Clostridiales;f__Ruminococcaceae;g__Faecalibacterium;s__Faecalibacterium_prausnitzii	k__Bacteria;p__Bacteroidetes;c__Bacteroidia;o__Bacteroidales;f__Rikenellaceae;g__Alistipes;s__Alistipes_finegoldii	k__Bacteria;p__Bacteroidetes;c__Bacteroidia;o__Bacteroidales;f__Porphyromonadaceae;g__Parabacteroides;s__Parabacteroides_distasonis	k__Bacteria;p__Bacteroidetes;c__Bacteroidia;o__Bacteroidales;f__Bacteroidaceae;g__Bacteroides;s__Bacteroides_thetaiotaomicron	k__Bacteria;p__Bacteroidetes;c__Bacteroidia;o__Bacteroidales;f__Bacteroidaceae;g__Bacteroides;s__Bacteroides_coprocola	k__Bacteria;p__Bacteroidetes;c__Bacteroidia;o__Bacteroidales;f__Bacteroidaceae;g__Bacteroides;s__Bacteroides_cellulosilyticus	k__Bacteria;p__Bacteroidetes;c__Bacteroidia;o__Bacteroidales;f__Rikenellaceae;g__Alistipes;s__Alistipes_obesi	k__Bacteria;p__Firmicutes;c__Clostridia;o__Clostridiales;f__Lachnospiraceae;g__;s__[Eubacterium]_rectale	k__Bacteria;p__Bacteroidetes;c__Bacteroidia;o__Bacteroidales;f__Bacteroidaceae;g__Bacteroides;s__Bacteroides_plebeius	k__Bacteria;p__Bacteroidetes;c__Bacteroidia;o__Bacteroidales;f__Bacteroidaceae;g__Bacteroides;s__Bacteroides_fragilis	k__Bacteria;p__Proteobacteria;c__Betaproteobacteria;o__Burkholderiales;f__Sutterellaceae;g__Sutterella;s__Sutterella_wadsworthensis	k__Bacteria;p__Bacteroidetes;c__Bacteroidia;o__Bacteroidales;f__Porphyromonadaceae;g__Barnesiella;s__Barnesiella_intestinihominis	k__Bacteria;p__Bacteroidetes;c__Bacteroidia;o__Bacteroidales;f__Odoribacteraceae;g__Odoribacter;s__Odoribacter_splanchnicus	k__Bacteria;p__Bacteroidetes;c__Bacteroidia;o__Bacteroidales;f__Bacteroidaceae;g__Bacteroides;s__Bacteroides_salyersiae	k__Bacteria;p__Firmicutes;c__Clostridia;o__Clostridiales;f__Ruminococcaceae;g__Ruminiclostridium;s__[Eubacterium]_siraeum	k__Bacteria;p__Proteobacteria;c__Betaproteobacteria;o__Burkholderiales;f__Sutterellaceae;g__Parasutterella;s__Parasutterella_excrementihominis	k__Bacteria;p__Actinobacteria;c__Actinobacteria;o__Bifidobacteriales;f__Bifidobacteriaceae;g__Bifidobacterium;s__Bifidobacterium_adolescentis	k__Bacteria;p__Firmicutes;c__Clostridia;o__Clostridiales;f__Oscillospiraceae;g__Oscillibacter;s__Oscillibacter_sp._KLE_1745	k__Bacteria;p__Bacteroidetes;c__Bacteroidia;o__Bacteroidales;f__Bacteroidaceae;g__Bacteroides;s__Bacteroides_coprophilus	k__Bacteria;p__Firmicutes;c__Clostridia;o__Clostridiales;f__Lachnospiraceae;g__Roseburia;s__Roseburia_intestinalis	k__Bacteria;p__Firmicutes;c__Clostridia;o__Clostridiales;f__Lachnospiraceae;g__Roseburia;s__Roseburia_hominis	k__Bacteria;p__Bacteroidetes;c__Bacteroidia;o__Bacteroidales;f__Porphyromonadaceae;g__Parabacteroides;s__Parabacteroides_johnsonii	k__Bacteria;p__Actinobacteria;c__Actinobacteria;o__Bifidobacteriales;f__Bifidobacteriaceae;g__Bifidobacterium;s__Bifidobacterium_longum	k__Bacteria;p__Firmicutes;c__Clostridia;o__Clostridiales;f__;g__Flavonifractor;s__Flavonifractor_plautii	k__Bacteria;p__Firmicutes;c__Clostridia;o__Clostridiales;f__Clostridiaceae;g__Clostridium;s__Clostridium_phoceensis	k__Bacteria;p__Verrucomicrobia;c__Verrucomicrobiae;o__Verrucomicrobiales;f__Akkermansiaceae;g__Akkermansia;s__Akkermansia_muciniphila	k__Bacteria;p__Bacteroidetes;c__Bacteroidia;o__Bacteroidales;f__Prevotellaceae;g__Paraprevotella;s__Paraprevotella_xylaniphila	k__Bacteria;p__Firmicutes;c__Clostridia;o__Clostridiales;f__Ruminococcaceae;g__Ruminococcus;s__Ruminococcus_callidus	k__Bacteria;p__Bacteroidetes;c__Bacteroidia;o__Bacteroidales;f__Rikenellaceae;g__Alistipes;s__Alistipes_senegalensis	k__Bacteria;p__Firmicutes;c__Clostridia;o__Clostridiales;f__Lachnospiraceae;g__Blautia;s__Blautia_sp._KLE_1732	k__Bacteria;p__Bacteroidetes;c__Bacteroidia;o__Bacteroidales;f__Bacteroidaceae;g__Bacteroides;s__Bacteroides_oleiciplenus	k__Bacteria;p__Firmicutes;c__Clostridia;o__Clostridiales;f__Ruminococcaceae;g__Ruminococcus;s__Ruminococcus_bicirculans	k__Bacteria;p__Bacteroidetes;c__Bacteroidia;o__Bacteroidales;f__Bacteroidaceae;g__Bacteroides;s__Bacteroides_fluxus	k__Bacteria;p__Bacteroidetes;c__Bacteroidia;o__Bacteroidales;f__Prevotellaceae;g__Prevotella;s__Prevotella_stercorea	k__Bacteria;p__Firmicutes;c__Clostridia;o__Clostridiales;f__Lachnospiraceae;g__Dorea;s__Dorea_longicatena	k__Bacteria;p__Firmicutes;c__Clostridia;o__Clostridiales;f__Eubacteriaceae;g__Eubacterium;s__[Eubacterium]_eligens	k__Bacteria;p__Firmicutes;c__Clostridia;o__Clostridiales;f__Ruminococcaceae;g__;s__Ruminococcaceae_bacterium_D16	k__Bacteria;p__Firmicutes;c__Clostridia;o__Clostridiales;f__Lachnospiraceae;g__Coprococcus;s__Coprococcus_comes	k__Bacteria;p__Proteobacteria;c__Gammaproteobacteria;o__Enterobacterales;f__Enterobacteriaceae;g__Escherichia;s__Escherichia_coli	k__Bacteria;p__Firmicutes;c__Clostridia;o__Clostridiales;f__Ruminococcaceae;g__Anaerotruncus;s__Anaerotruncus_colihominis	k__Bacteria;p__Firmicutes;c__Clostridia;o__Clostridiales;f__Lachnospiraceae;g__Blautia;s__Blautia_obeum	k__Bacteria;p__Bacteroidetes;c__Bacteroidia;o__Bacteroidales;f__Odoribacteraceae;g__Odoribacter;s__Odoribacter_laneus	k__Bacteria;p__Firmicutes;c__Clostridia;o__Clostridiales;f__Ruminococcaceae;g__Ruminiclostridium;s__[Clostridium]_leptum	k__Bacteria;p__Bacteroidetes;c__Bacteroidia;o__Bacteroidales;f__Porphyromonadaceae;g__Parabacteroides;s__Parabacteroides_goldsteinii	k__Bacteria;p__Firmicutes;c__Clostridia;o__Clostridiales;f__Lachnospiraceae;g__Anaerostipes;s__Anaerostipes_hadrus	k__Bacteria;p__Firmicutes;c__Clostridia;o__Clostridiales;f__Ruminococcaceae;g__Ruminococcus;s__Ruminococcus_lactaris	k__Bacteria;p__Firmicutes;c__Clostridia;o__Clostridiales;f__Clostridiaceae;g__Clostridium;s__Clostridium_sp._L2-50	k__Bacteria;p__Firmicutes;c__Clostridia;o__Clostridiales;f__Clostridiaceae;g__Clostridium;s__Clostridium_sp._M62/1	k__Bacteria;p__Firmicutes;c__Clostridia;o__Clostridiales;f__;g__Intestinimonas;s__Intestinimonas_butyriciproducens	k__Bacteria;p__Actinobacteria;c__Actinobacteria;o__Bifidobacteriales;f__Bifidobacteriaceae;g__Bifidobacterium;s__Bifidobacterium_bifidum	k__Bacteria;p__Firmicutes;c__Negativicutes;o__Veillonellales;f__Veillonellaceae;g__Dialister;s__Dialister_invisus	k__Bacteria;p__Bacteroidetes;c__Bacteroidia;o__Bacteroidales;f__Bacteroidaceae;g__Bacteroides;s__Bacteroides_salanitronis
k__Bacteria;p__Bacteroidetes;c__Bacteroidia;o__Bacteroidales;f__Bacteroidaceae;g__Bacteroides;s__Bacteroides_vulgatus	1.0	-0.0477650378575	0.0285204242299	-0.05072201627	-0.0578816112353	-0.0540354347865	-0.0520983336429	-0.0124999724014	-0.0302295175996	0.0259834060368	0.0387962671566	0.0206480520241	-0.0105911756949	0.0583546867657	-0.0431318313044	-0.0393034745895	-0.03080159967	0.00536491843603	0.0382033768574	0.0139229564434	0.0304453521138	0.0214314956608	-0.048017442245	-0.0322170888111	-0.0173883407287	-0.0429628368665	-0.00337079204043	0.0248614299628	-0.018148587555	0.0303339809279	-0.0263119955214	0.0680069528221	-0.0354031536207	0.0186855662889	-0.0598091735371	-0.0694006111847	0.0366831259402	0.00371025265567	-0.00281249853526	-0.00148139384532	-0.00507264041704	0.0406278484837	-0.0365578636489	0.0391712176066	-0.0722343465902	0.0112931138557	-0.0578969131075	0.0579216048564	-0.0647554793099	-0.00174779934784	-0.0025438803972	0.00327918996136	-0.0903008104702	0.0589149985739	-0.0587120277825	-0.0322338207825	-0.00264641969087	-0.031855653601	0.0137928114969
k__Bacteria;p__Bacteroidetes;c__Bacteroidia;o__Bacteroidales;f__Bacteroidaceae;g__Bacteroides;s__Bacteroides_uniformis	-0.0477650378575	1.0	-0.0569621779458	-0.00202626755164	0.0243162485654	-0.0131057131854	0.00712123071366	0.0412489060994	-0.0381596012529	-0.0282915937688	-0.0558175403306	0.0459684535621	-0.0100362781247	0.010167332862	-0.00744580154334	0.02636160929	0.0258944753143	-0.0731261373608	0.049907480917	0.0898317195571	-0.01209539237	-0.000412766541165	0.0883823172885	-0.0103723700209	0.0553027540446	-0.0132363872761	0.00490557932154	-0.0100938883039	-0.0293604100738	0.0395303305348	0.0486419563159	0.0118678040332	-0.0790326427942	-0.00780701907705	0.0227248845393	0.0201996553443	-0.0159830967852	0.0111627527698	0.00144909928841	-0.0233735184597	-0.0184501078293	0.0176543246517	0.0322826134494	-0.115474275597	-0.112214772229	0.0278267755744	-0.0101328888832	-0.00713124119451	-0.0392374779948	-0.0848918089883	-0.0896484060715	0.0354215859234	0.0275951125257	-0.0543889796087	-0.0152737998654	-0.0219621840751	-0.0659215371387	0.0268910954343	-0.00499702086923
k__Bacteria;p__Bacteroidetes;c__Bacteroidia;o__Bacteroidales;f__Rikenellaceae;g__Alistipes;s__Alistipes_putredinis	0.0285204242299	-0.0569621779458	1.0	0.0593429314055	-0.0445552318873	0.0242901882302	-0.0485850890437	0.0631996578861	0.0500142578504	-0.0207419322622	-0.0114098399138	-0.0527736403436	-0.0231871553664	0.0286652469638	-0.00914642378043	0.0574623672325	0.00156391376248	-0.0293798549071	-0.00578991766646	-0.046415014705	0.0346955276999	-0.0474225600985	-0.108228856934	-0.0183903900344	0.0762128194129	-0.0231605599046	-0.0564468194394	0.0257839001947	0.0310365408867	0.0136774194667	-0.0044367767237	0.00553257939508	-0.0364686872512	-0.0328908485089	-0.00915036538363	-0.0465251539532	-0.0214710468225	0.04243391082	0.00840408976341	0.0181305874065	-0.023833768923	-0.00524257280059	0.00745721172964	-0.0237067776885	-0.0213039704597	0.00365618063046	0.00274145080171	0.0612314114249	-0.0496533440896	0.0213368528739	0.0235240513302	-0.0486722805135	-0.00942546512829	-0.0286716750392	0.00648682103677	0.017798295066	-0.00346145718596	-0.0428593989936	-0.044455536253
k__Bacteria;p__Bacteroidetes;c__Bacteroidia;o__Bacteroidales;f__Prevotellaceae;g__Prevotella;s__Prevotella_copri	-0.05072201627	-0.00202626755164	0.0593429314055	1.0	-0.0112207233811	0.0279886911576	0.0613764494849	-0.0206383029969	0.00898273981289	-0.0753069704177	-0.0207239802806	0.0091569194682	-0.0087067515641	-0.0484775060635	-0.0106126134835	-0.00385684419139	-0.0108847646099	-0.0636339160012	-0.00531924738603	0.0544017768186	-0.0550601500129	0.0108171748485	-0.0182610277715	-0.0159429168706	-0.0653362000254	0.0403107171656	-0.0511326532104	-0.008978578211	0.0251223096187	0.00691400857429	0.0233166591638	0.0204515588371	0.0261386296636	-0.00881230753839	0.00376748236437	-0.0105085710059	-0.00503757801071	-0.0480299325843	-0.0508607697848	0.0216173299556	0.00917849286881	-0.0442395843203	0.0103463672018	0.0075379362435	0.0191819724938	-0.0213182624155	0.0557403177779	-0.0450206274931	0.00771902459821	-0.0629597520687	0.0152459279822	-0.00663893910143	0.0734646267333	-0.0318025872922	-0.00792299474914	0.0330198576583	-0.00509854241684	-0.0483080810793	0.0173220626191
k__Bacteria;p__Bacteroidetes;c__Bacteroidia;o__Bacteroidales;f__Bacteroidaceae;g__Bacteroides;s__Bacteroides_stercoris	-0.0578816112353	0.0243162485654	-0.0445552318873	-0.0112207233811	1.0	-0.0359570723476	-0.0288313275679	-0.052891228385	-0.0313153204013	-0.010750844213	-0.0467186640642	-0.0317366009145	-0.0496757600104	0.0248708758383	-0.0132647876335	-0.0163933551982	0.0695585595652	-0.0303276185285	-0.0107914788131	-0.00122623305302	-0.0265349699922	-0.0124773875096	0.082087677847	0.0104432344361	-0.0326906735192	-0.053774702686	0.131626102536	-0.0513350841003	-0.0297792558954	-0.0441788887778	0.0123463103695	0.0335977525282	0.0541915949767	0.0242912021841	-0.0309336940104	-0.0903803264036	-0.0686747848038	-0.04091998042	-0.061013643187	0.0418709624175	0.0173248961434	-0.0372668276556	0.0422235001089	-0.00819259637489	-0.0390885412176	0.0093844511493	0.0450183970044	-0.0977355487376	-0.0259622873034	-0.0444846207917	0.0489206178864	0.0991095604835	-0.0105322697983	0.0192074906631	0.0108741770815	0.0273231530699	-0.009317992547	-0.00559467943695	0.0789819445601
k__Bacteria;p__Bacteroidetes;c__Bacteroidia;o__Bacteroidales;f__Bacteroidaceae;g__Bacteroides;s__Bacteroides_ovatus	-0.0540354347865	-0.0131057131854	0.0242901882302	0.0279886911576	-0.0359570723476	1.0	0.0420975609786	-0.00113838450183	-0.00479456404499	-0.0173184908628	0.00549032920589	0.07730734959	0.000796319511909	0.0154310755056	0.00204820733066	-0.0475938311757	-0.0262949419774	-0.0603120770076	-0.0299172554998	-0.00957254573535	-0.0324254476969	0.0434889208742	0.0460323585112	0.0660131109949	-0.0317828428752	-0.0129942117751	0.0324146442499	0.0101449229784	0.0212472439264	-0.0237697546169	-0.0314109270438	0.014765874749	-0.0663514602436	-0.0271271012459	-0.0355785307787	0.0102685672141	0.0263207983615	0.0366765589882	-0.064477996026	0.0343745088525	-0.0468742664164	-0.0122396004714	-0.00547394682586	0.0131607112302	-0.0215789677153	-0.0407999872607	-0.0175925720109	-0.0223069002818	0.0453068613892	0.00451178753468	0.0260877079285	-0.0474857931175	-0.00760287958196	-0.00786067323884	-0.0148798793605	-0.0830649072315	-0.019489677619	-0.0224457768033	-0.0204850597408
k__Bacteria;p__Bacteroidetes;c__Bacteroidia;o__Bacteroidales;f__Rikenellaceae;g__Alistipes;s__Alistipes_shahii	-0.0520983336429	0.00712123071366	-0.0485850890437	0.0613764494849	-0.0288313275679	0.0420975609786	1.0	0.0456425531161	-0.0158488674297	-0.00339128772133	-0.0811581988265	-0.0128911828965	-0.0783275219108	0.037835874216	0.0173508860516	-0.00762789780104	0.0511503870618	-0.0248541378092	-0.0488210844961	0.0159646182253	-0.0656417069976	-0.0224337155058	-0.0341223193887	-0.0120485094055	-0.0263447165273	0.00899235949721	0.0134831758176	-0.0597522182773	-0.0372855904412	0.0184511485782	-0.0398745841007	-0.01500193379	0.0334936160462	0.0383417910602	-0.0106040926135	0.0108901063328	0.0894794381798	0.0356758768155	0.0135103635005	0.0217064378155	0.0229488910702	0.043234144707	0.0426016314876	-0.0362367134464	-0.0188917231432	0.0464804613583	0.106671002328	4.69420975655e-06	-0.0654533032201	-0.0225786459274	-0.000659254875329	0.00102042328408	0.00184155497096	0.0361419320809	-0.016570099444	-0.0762462646474	-0.00244165417443	-0.0259609653056	0.0349737253545
k__Bacteria;p__Firmicutes;c__Clostridia;o__Clostridiales;f__Ruminococcaceae;g__Faecalibacterium;s__Faecalibacterium_prausnitzii	-0.0124999724014	0.0412489060994	0.0631996578861	-0.0206383029969	-0.052891228385	-0.00113838450183	0.0456425531161	1.0	-0.0739441133779	-0.033905459777	0.0498377776067	-0.0378840283227	0.0037063702302	0.0217438656243	-0.0700348765799	-0.0255571047835	0.0258645502394	-0.0356696744774	0.00956060183158	-0.0393201727938	0.0154189739356	-0.0435768434134	-0.0211670931174	0.0157811602509	0.0343579774056	-0.0269200392625	-0.0797818953365	-0.0437333208605	-0.0296783204636	0.0864511538194	0.0155219011337	-0.00225249378738	-0.0154210590068	-0.0177223747982	-0.00216093938816	0.0349808559937	0.00853458661289	-0.0105985347426	-0.0397052052678	0.012191702802	-0.0121255960295	-0.0226759808194	-0.0400883085315	-0.0189909205966	-0.0218409389388	0.00224906193941	-0.00874464087106	-0.0167674763469	-0.00760549482071	0.0600847136434	0.067408840112	0.00350929700963	0.047811272386	0.0747116916874	-0.0728440173975	-0.0525282098486	-0.0730825474485	0.0180740940271	0.0600102826825
k__Bacteria;p__Bacteroidetes;c__Bacteroidia;o__Bacteroidales;f__Rikenellaceae;g__Alistipes;s__Alistipes_finegoldii	-0.0302295175996	-0.0381596012529	0.0500142578504	0.00898273981289	-0.0313153204013	-0.00479456404499	-0.0158488674297	-0.0739441133779	1.0	0.00865055021016	-0.0304457157991	-0.00708985491958	-0.00993050797495	-0.00967209002241	-0.0139972100296	0.0570410511345	-0.0510413128498	-0.0103286191742	-0.0191731338217	-0.0405885898584	0.0511039903266	-0.0126306189999	-0.0411780267897	-0.00714209617533	0.0267100998667	-0.0543660021961	-0.0413700049717	-0.0333690208423	-0.00698995584449	0.00187294832144	0.0554307469584	-0.0187743803913	0.010585084571	-0.0814763492925	0.0511438841033	-0.0569952915995	0.0401863892823	0.00563255971765	-0.0575784633027	0.0298229975121	-0.0603868622218	-0.0538816628772	-0.0610071234519	0.0472710049848	-0.0158944748746	0.0489382393511	-0.0305915568685	-0.0136623053736	-0.0287908474234	0.0176166561758	0.0315915674925	0.0570869857533	-0.0256856761427	-0.012628060208	-0.0170240188492	0.0318083282693	-0.050629618833	0.0245920720727	0.00732655902776
k__Bacteria;p__Bacteroidetes;c__Bacteroidia;o__Bacteroidales;f__Porphyromonadaceae;g__Parabacteroides;s__Parabacteroides_distasonis	0.0259834060368	-0.0282915937688	-0.0207419322622	-0.0753069704177	-0.010750844213	-0.0173184908628	-0.00339128772133	-0.033905459777	0.00865055021016	1.0	0.00145382643233	0.0421182430435	0.0232209505805	-0.0436995444021	0.0477259376428	-0.0207279530876	-0.0241023001307	-0.0440257478149	0.0477103187299	-0.0330833478267	-0.0371082624569	0.0144384716053	-0.0632157642033	0.0265719802147	0.00631083980567	0.0406118989526	-0.0541466542531	0.00855633973216	-0.0494189996561	0.00928982723155	-0.0857115365196	0.0233855945078	0.00266041437644	-0.0262710487025	0.0272828589516	0.0289074625578	0.0358343880739	-0.0117889053138	0.0228184366994	-0.0458759967176	-0.00885871090305	-0.034555455604	0.00850794415104	-0.0746164320622	-0.0623581303495	0.0226945689281	-0.00929763681674	-0.0447967009406	-0.064094604143	-0.0401305352842	0.000302560597173	0.00145037197696	0.0303116863574	0.0099367959545	0.0245220926035	0.0314330964377	0.0197977078836	0.00239295870693	-0.0406334816671
k__Bacteria;p__Bacteroidetes;c__Bacteroidia;o__Bacteroidales;f__Bacteroidaceae;g__Bacteroides;s__Bacteroides_thetaiotaomicron	0.0387962671566	-0.0558175403306	-0.0114098399138	-0.0207239802806	-0.0467186640642	0.00549032920589	-0.0811581988265	0.0498377776067	-0.0304457157991	0.00145382643233	1.0	-0.00471958540101	0.00648831975046	0.0151972682052	-0.0378700695423	0.0129087547387	-0.0153008404853	-0.0451240840551	0.00521183017785	-0.00255482805888	-0.0485802117777	0.0179517749946	0.0339523906785	0.0590413117984	-0.0327293780169	-0.0128581375724	0.000776503173954	0.0372986193111	-0.0325538855594	0.0533903211422	-0.0634088960794	-0.0380231868854	0.0176527624987	-0.00215376717419	0.0434854611547	-0.0158572047655	-0.0098795518974	-0.0152269466735	-0.0445153152832	-0.0398630979176	-0.0148138372718	-0.0194894726835	-0.0549242500512	-0.028554633569	-0.0519067098582	0.0189711113513	0.00846847694029	-0.0431482056859	-0.0590250693063	0.0764888988222	0.0117000342114	0.000496167223399	0.0234708711746	0.0332329307135	0.0345337591607	-0.0330511179343	-0.00935295830464	0.00134310899305	-0.0614667403255
k__Bacteria;p__Bacteroidetes;c__Bacteroidia;o__Bacteroidales;f__Bacteroidaceae;g__Bacteroides;s__Bacteroides_coprocola	0.0206480520241	0.0459684535621	-0.0527736403436	0.0091569194682	-0.0317366009145	0.07730734959	-0.0128911828965	-0.0378840283227	-0.00708985491958	0.0421182430435	-0.00471958540101	1.0	0.031165583417	-0.0153066306171	-0.140811648019	-0.0486195791519	-0.000950666383752	-0.0195115404563	0.0249964541412	0.00673088042947	0.0268150339587	-0.0114292254684	-0.0100363891724	-0.00985042995728	0.00847829243853	-0.0126321811849	-0.0488091472341	-0.00571960239571	0.0216279013593	-0.0530305664021	-0.0946430280846	0.0227161682718	-0.0435561546611	-0.0100965439263	0.0218641867092	0.0335551601028	-0.0025888374817	0.00552897992598	-0.0272439279481	-0.0631444244525	0.0370695225134	0.065270188462	0.0470178378792	0.027018576464	-0.0235428410454	-0.0304998083738	0.041821237304	0.00728864952211	-0.052928197508	0.0239085600916	0.0193649086929	-0.0377545658797	-0.0166496149732	0.00150117237345	-0.0226663649612	-0.000226339233273	-0.000157870182588	0.0162761729595	-0.0152194988409
k__Bacteria;p__Bacteroidetes;c__Bacteroidia;o__Bacteroidales;f__Bacteroidaceae;g__Bacteroides;s__Bacteroides_cellulosilyticus	-0.0105911756949	-0.0100362781247	-0.0231871553664	-0.0087067515641	-0.0496757600104	0.000796319511909	-0.0783275219108	0.0037063702302	-0.00993050797495	0.0232209505805	0.00648831975046	0.031165583417	1.0	-0.0189654550467	-0.100689300597	0.00211566181157	0.0394220442641	-0.0245882234219	-0.0105398752062	-0.0100957096571	-0.0115160614763	-0.0309745514226	-0.0628865460204	0.0903470146834	-0.0446938630924	-0.0292428859348	-0.0233922366456	0.0395771017406	-0.00166850353212	-0.00264336337751	0.00902000199989	-0.0215676902576	-0.0258443866689	-0.0161444210948	-0.0619362829962	-0.0663093944347	-0.0383343823457	-0.00776545916081	-0.00203649107377	0.00956788046995	0.0431122485288	0.0150844860087	-0.00346131643988	-0.0430400096732	0.111819890745	-0.0275828552709	-0.0283751421394	-0.000828904339217	-0.0306281470265	-0.0242205284005	-0.0323293724372	0.0397038329361	-0.0111860949879	0.00292093834296	0.0218163409403	-0.00444605156278	-0.0345112746234	-0.0202541293078	-0.00879140604764
k__Bacteria;p__Bacteroidetes;c__Bacteroidia;o__Bacteroidales;f__Rikenellaceae;g__Alistipes;s__Alistipes_obesi	0.0583546867657	0.010167332862	0.0286652469638	-0.0484775060635	0.0248708758383	0.0154310755056	0.037835874216	0.0217438656243	-0.00967209002241	-0.0436995444021	0.0151972682052	-0.0153066306171	-0.0189654550467	1.0	-0.0215458085612	-0.0572340524895	-0.0895184021699	-0.0321224537212	0.0566503834869	0.012052356159	-0.0110039158293	-0.0340453082626	-0.0555500931729	0.0609847802487	0.0153025167973	-0.0817648993469	-0.00650195583284	-0.0172400007808	-0.0469397030467	-0.0183619664325	0.0316096371274	-0.0543813652084	-0.0516875774752	0.00540391887811	-0.00305811877586	-0.0365819730283	0.00928212835341	-0.0619893876523	-0.0543658020266	-0.0456561650898	-0.0118353092287	-0.0255032583691	0.00204170884787	-0.00258470894013	-0.0250511535538	-0.0292768970681	0.0552425015529	0.0737176909772	-0.0415721621321	0.0605503402943	0.0191744053173	-0.0892343686829	0.00276398158051	-0.00587293267221	-0.0380558956175	-0.044225924767	-0.0388107824901	0.0761853727389	0.0514493998093
k__Bacteria;p__Firmicutes;c__Clostridia;o__Clostridiales;f__Lachnospiraceae;g__;s__[Eubacterium]_rectale	-0.0431318313044	-0.00744580154334	-0.00914642378043	-0.0106126134835	-0.0132647876335	0.00204820733066	0.0173508860516	-0.0700348765799	-0.0139972100296	0.0477259376428	-0.0378700695423	-0.140811648019	-0.100689300597	-0.0215458085612	1.0	-0.0290402323738	-0.0704451317839	0.0205012758512	-0.0103799086331	-0.0199221318514	0.011848348499	0.016405389144	-0.0176300282277	-0.0291033701416	0.00320507326232	-0.027190929535	0.0250420013416	0.00303920779411	0.0219168158087	-0.0484854122046	-0.00179035736439	0.070051095644	-0.0487182325228	-0.0381019776411	-0.0367671441882	-0.00485143444652	0.0404914980587	-0.0806286374163	-0.0279811118822	0.0198947499218	-0.0176108533697	0.00970262020352	0.0167956800212	0.0225883175813	0.0254363414042	0.00115148311208	-0.0803443552068	-0.0152202730296	-0.000136469277175	0.00935467637187	0.0443213213077	0.0289385526585	0.0670371707755	-0.0116875782142	0.0060744255798	0.0330430092425	0.0331276851026	-0.0181666372388	-0.0496178660612
k__Bacteria;p__Bacteroidetes;c__Bacteroidia;o__Bacteroidales;f__Bacteroidaceae;g__Bacteroides;s__Bacteroides_plebeius	-0.0393034745895	0.02636160929	0.0574623672325	-0.00385684419139	-0.0163933551982	-0.0475938311757	-0.00762789780104	-0.0255571047835	0.0570410511345	-0.0207279530876	0.0129087547387	-0.0486195791519	0.00211566181157	-0.0572340524895	-0.0290402323738	1.0	-0.011809045889	0.000364631996995	-0.0138714628512	0.027767651697	-0.0302603240616	0.0688622909137	-0.0544782615107	-0.00224399208112	-0.0143058593953	0.00410783354867	-0.0561862961082	-0.0275977157913	0.0588852310774	-0.0764887662436	0.00414994894185	-0.0372801322956	-0.0462717213323	-0.00559517042908	-0.00268629491479	0.052222011455	-0.0656464886285	0.0236023269899	0.0292617518055	0.0245819797679	-0.00856766201689	0.00333810252869	-0.0216460812081	-0.0893540232473	-0.0139300810121	-0.0503121639119	-0.0265459253947	0.0300221126411	-0.0202458511143	-0.0271892012629	0.000491258967063	0.0387649817536	-0.00277796709201	-0.0070928304892	0.0217021250643	0.0769258411673	-0.0133217955812	-0.0482956920964	-0.0038611854173
k__Bacteria;p__Bacteroidetes;c__Bacteroidia;o__Bacteroidales;f__Bacteroidaceae;g__Bacteroides;s__Bacteroides_fragilis	-0.03080159967	0.0258944753143	0.00156391376248	-0.0108847646099	0.0695585595652	-0.0262949419774	0.0511503870618	0.0258645502394	-0.0510413128498	-0.0241023001307	-0.0153008404853	-0.000950666383752	0.0394220442641	-0.0895184021699	-0.0704451317839	-0.011809045889	1.0	0.0538843274666	0.0481824184235	-0.0083760041619	0.0349792522416	-0.0155519885006	-0.00515748521039	-0.0428514178884	-0.00806554786075	0.0461169626302	-0.0286850677964	-0.00945358657432	-0.0330103977154	-0.0249405729905	-0.0277229936064	7.41103687482e-05	-0.00900781765929	0.0543867068857	-0.0116333421788	-0.0653062316722	-0.0131961701998	-0.017522183211	-0.0052363385127	0.0151921568521	-0.0235023484125	0.0400238986528	-0.0439754288904	-0.0546547818206	-0.000171152916957	-0.0603370806672	-0.00487749602293	0.0434111559479	0.000674396763875	-0.0290629410982	-0.024234699153	0.00218193206467	0.07205233189	-0.0592920089543	0.0318199420261	-0.0275294396658	-0.0333188643131	-0.0705170046354	-0.0241275324651
k__Bacteria;p__Proteobacteria;c__Betaproteobacteria;o__Burkholderiales;f__Sutterellaceae;g__Sutterella;s__Sutterella_wadsworthensis	0.00536491843603	-0.0731261373608	-0.0293798549071	-0.0636339160012	-0.0303276185285	-0.0603120770076	-0.0248541378091	-0.0356696744774	-0.0103286191742	-0.0440257478149	-0.0451240840551	-0.0195115404563	-0.0245882234219	-0.0321224537212	0.0205012758512	0.000364631996995	0.0538843274666	1.0	-0.0334111208358	0.0269354578156	-0.0576524277704	-0.0284497569854	-0.00383955193609	-0.0507478583859	0.07668273462	-0.0237429538882	0.011510935764	-0.0273951161584	-0.0116131757402	-0.0457521557053	0.0233077233984	0.0137784254436	0.0434775191798	-0.0149984522872	0.0193470291326	-0.0249614279126	-0.027620275965	0.0211664325201	0.00995299485835	-0.0465933607803	0.0544083391866	-0.0389406934795	-0.0537889043549	0.0417490588729	0.0120764779018	0.0177690576805	0.0441223259923	-0.0140670710166	-0.0458267930455	-0.0979410725724	-0.0164347486062	-0.0363354720398	-0.0295610946219	0.00821382409215	0.0603363851844	-0.031703796868	0.0240028756176	0.00542029888667	-0.0411593363203
k__Bacteria;p__Bacteroidetes;c__Bacteroidia;o__Bacteroidales;f__Porphyromonadaceae;g__Barnesiella;s__Barnesiella_intestinihominis	0.0382033768574	0.049907480917	-0.00578991766646	-0.00531924738603	-0.0107914788131	-0.0299172554998	-0.0488210844961	0.00956060183158	-0.0191731338217	0.0477103187299	0.00521183017785	0.0249964541412	-0.0105398752062	0.0566503834869	-0.0103799086331	-0.0138714628512	0.0481824184235	-0.0334111208358	1.0	0.00473455384304	-0.0226446525035	-0.0253457224206	0.060004070078	-0.0839558615618	-0.00636446499352	0.0175987084666	0.0657001697852	-0.0667326792223	-0.0012506926853	-0.0252676231266	0.0223963386162	-0.00819422101413	-0.000907071349609	0.00501940620841	0.0339894011355	-0.00622301016392	-0.0271305941346	-0.000813323392246	-0.00947393061583	-0.038874817799	0.00298382851683	-0.0528707171633	-0.0377920885642	0.0183856258011	0.0332952667763	-0.0274502229205	-0.00642975097133	-0.00742928604377	-0.0053934685084	-0.0167512765709	-0.0278380324552	-0.0628864353214	0.00850565289273	-0.025053910414	-0.0517475796266	-0.0121422698378	-0.0500621502603	0.0444038689221	0.0328475190988
k__Bacteria;p__Bacteroidetes;c__Bacteroidia;o__Bacteroidales;f__Odoribacteraceae;g__Odoribacter;s__Odoribacter_splanchnicus	0.0139229564434	0.0898317195571	-0.046415014705	0.0544017768186	-0.00122623305302	-0.00957254573535	0.0159646182253	-0.0393201727938	-0.0405885898584	-0.0330833478267	-0.00255482805888	0.00673088042947	-0.0100957096571	0.012052356159	-0.0199221318514	0.027767651697	-0.0083760041619	0.0269354578156	0.00473455384304	1.0	0.0734571400526	0.0541107625415	0.0351045360089	-0.0315921324156	-0.0751566371619	0.0221427857737	0.0252188675965	0.0562787640297	0.0165176192913	0.021908157374	-0.0262552461453	-0.00592746533647	0.0703056385118	-0.0729851585684	-0.00195909927531	-0.0251445965291	0.0254260132856	-0.00416016246484	0.0140698721077	0.00729805890685	-0.0295161308063	-0.0252111341569	-0.0123374577311	0.00640937755037	-0.0534759754539	-0.0162557858218	-0.00846411054915	0.00622569704195	-0.00414342986465	-0.0421000024522	0.0326487541687	0.0397574819321	0.0147944642995	-0.0109368166425	-0.0295810842598	-0.0267399191858	-0.00557583694017	-0.00823180780309	-0.0463220678878
k__Bacteria;p__Bacteroidetes;c__Bacteroidia;o__Bacteroidales;f__Bacteroidaceae;g__Bacteroides;s__Bacteroides_salyersiae	0.0304453521138	-0.01209539237	0.0346955276999	-0.0550601500129	-0.0265349699922	-0.0324254476969	-0.0656417069976	0.0154189739356	0.0511039903266	-0.0371082624569	-0.0485802117777	0.0268150339587	-0.0115160614763	-0.0110039158293	0.011848348499	-0.0302603240616	0.0349792522416	-0.0576524277704	-0.0226446525035	0.0734571400526	1.0	0.00408347516517	-0.0098646333349	-0.00834912230991	-0.000434496927854	-0.0588821232091	-0.0837405672764	-0.0146854368215	0.0339149971848	0.0160766520781	2.05647467413e-05	0.0240966446744	-0.0595127779323	0.0267325584207	-0.0329729721391	0.0452214226109	-0.0153531841517	-0.0302821144308	0.0956212885635	0.0701448884678	0.0623144935361	-0.0684859403215	0.0481249009012	0.000552149055055	0.0936993150401	-0.00152243094267	-0.00298604868093	0.0336927065218	-0.00221485315875	-0.00205597509235	-0.0121102045423	-0.00640626558751	-0.0263332218819	-0.00146972769163	-0.0752418801844	0.00818365260728	-0.00857576771211	0.046515504693	-0.0795616269361
k__Bacteria;p__Firmicutes;c__Clostridia;o__Clostridiales;f__Ruminococcaceae;g__Ruminiclostridium;s__[Eubacterium]_siraeum	0.0214314956608	-0.000412766541165	-0.0474225600985	0.0108171748485	-0.0124773875096	0.0434889208742	-0.0224337155058	-0.0435768434134	-0.0126306189999	0.0144384716053	0.0179517749946	-0.0114292254684	-0.0309745514226	-0.0340453082626	0.016405389144	0.0688622909137	-0.0155519885006	-0.0284497569854	-0.0253457224206	0.0541107625415	0.00408347516517	1.0	0.0275492665102	-0.0320844914214	-0.0662960424895	-0.01462667647	-0.0173693713438	-0.00991269284318	0.00810056478618	-0.066089309708	-0.0046350776601	-0.024984292597	-0.0314704335697	-0.0275972358663	0.01382417679	-0.0158889465625	0.0439065678055	-0.0177689820984	-0.0291181156313	-0.00720632857359	-0.00344258976764	-0.0372427738993	-0.0348727255855	-0.0658658609682	0.00224449609546	-0.0178663234464	-0.00263357107245	-0.0474006887989	-0.0322714644216	-0.0272476460828	0.0426632508774	-0.0261470085664	-0.00540865769219	-0.00117428129465	0.0437787067194	-0.016114882631	0.0431568358087	0.00100797334648	0.0358428756238
k__Bacteria;p__Proteobacteria;c__Betaproteobacteria;o__Burkholderiales;f__Sutterellaceae;g__Parasutterella;s__Parasutterella_excrementihominis	-0.048017442245	0.0883823172885	-0.108228856934	-0.0182610277715	0.082087677847	0.0460323585112	-0.0341223193887	-0.0211670931174	-0.0411780267897	-0.0632157642033	0.0339523906785	-0.0100363891724	-0.0628865460204	-0.0555500931729	-0.0176300282277	-0.0544782615107	-0.00515748521039	-0.00383955193609	0.060004070078	0.0351045360089	-0.0098646333349	0.0275492665102	1.0	0.0289907398971	0.0940290131811	0.0554488930329	0.0264488859907	0.0147701626972	0.013015424363	-0.0346332122046	-0.094437662037	-0.0261643433247	-2.93203636232e-05	0.0261116931321	-0.0227436296758	0.0266811174033	-0.0290913470075	0.0197084824315	-0.0730713319781	0.00781913814692	-0.0265340561884	0.038108451195	-0.0363807546222	-0.030176884097	-0.0453668293447	-0.0302531357962	0.00598107015336	-0.0216682899142	-0.0227042154841	0.0291849208462	-0.0474890739894	0.0678609211994	0.0343765900145	0.0229444980168	0.0332034094753	-0.0982797714092	-0.0269450462342	0.0550226707819	0.045547772582
k__Bacteria;p__Actinobacteria;c__Actinobacteria;o__Bifidobacteriales;f__Bifidobacteriaceae;g__Bifidobacterium;s__Bifidobacterium_adolescentis	-0.0322170888111	-0.0103723700209	-0.0183903900344	-0.0159429168706	0.0104432344361	0.0660131109949	-0.0120485094055	0.0157811602509	-0.00714209617533	0.0265719802147	0.0590413117984	-0.00985042995728	0.0903470146834	0.0609847802487	-0.0291033701416	-0.00224399208112	-0.0428514178884	-0.0507478583859	-0.0839558615618	-0.0315921324156	-0.00834912230991	-0.0320844914214	0.0289907398971	1.0	-0.00751359066867	0.0264236860855	0.0265816708148	-0.0393379415729	-0.0571629034701	0.0160594327782	-0.0442868660439	0.0158318250279	0.0505018543369	-0.0233100920733	-0.0038176104919	-0.0146573342281	-0.018938216279	0.0293745217886	0.0193353461607	0.009579881713	0.0212082862802	0.00936451845775	-0.0489857798366	-0.0378379952975	-0.0446644124558	-0.0691060308259	-0.00127884330851	-0.0107822198954	0.0247904848048	-0.0116205678061	-0.0242620571956	-0.0161441059158	0.0268357608818	-0.000250819928322	-0.0459113928681	-0.0246614287622	-0.0135889692493	-0.00919706599443	0.0149507785767
k__Bacteria;p__Firmicutes;c__Clostridia;o__Clostridiales;f__Oscillospiraceae;g__Oscillibacter;s__Oscillibacter_sp._KLE_1745	-0.0173883407287	0.0553027540446	0.0762128194129	-0.0653362000254	-0.0326906735192	-0.0317828428752	-0.0263447165273	0.0343579774056	0.0267100998667	0.00631083980567	-0.0327293780169	0.00847829243853	-0.0446938630924	0.0153025167973	0.00320507326232	-0.0143058593953	-0.00806554786075	0.07668273462	-0.00636446499352	-0.0751566371619	-0.000434496927854	-0.0662960424895	0.0940290131811	-0.00751359066867	1.0	-0.0499587510607	0.0308541070311	-0.0293288085686	0.0167247647629	-0.0188298986543	-0.0670074856376	0.0552333682469	-0.0202091910781	0.0198221950858	-0.0235710730408	-0.00841390670927	-0.0611982860563	-0.0217666383776	-0.0201321665465	0.0523365149373	-0.0359210798976	0.0280065278348	0.0173375770035	0.0663621419288	-0.0214863578553	0.00568002388685	0.0123304677879	0.0221528602624	-0.0172717295138	-0.00677495375483	0.0254896473165	-0.0539529457131	-0.0273795678356	-0.0444807856333	-0.00496445875984	0.0683036592526	-0.12442413504	0.0492878948172	-0.0370530334253
k__Bacteria;p__Bacteroidetes;c__Bacteroidia;o__Bacteroidales;f__Bacteroidaceae;g__Bacteroides;s__Bacteroides_coprophilus	-0.0429628368665	-0.0132363872761	-0.0231605599046	0.0403107171656	-0.053774702686	-0.0129942117751	0.00899235949721	-0.0269200392625	-0.0543660021961	0.0406118989526	-0.0128581375724	-0.0126321811849	-0.0292428859348	-0.0817648993469	-0.027190929535	0.00410783354867	0.0461169626302	-0.0237429538882	0.0175987084666	0.0221427857737	-0.0588821232091	-0.01462667647	0.0554488930329	0.0264236860855	-0.0499587510607	1.0	-0.0316235787615	-0.0140435682798	0.0268595988473	0.0189815587887	0.0183813757239	-0.0417383850347	0.0148582036088	-0.0277055791708	-0.0208783484767	0.00445500519147	-0.0374203411562	0.0380319531094	0.0366065928428	-0.106283176633	-0.00171058628002	-0.00672416058472	0.012290038029	0.000338525362292	-0.00275238354349	-0.0440307772585	-0.0233089694249	0.010200582061	-0.0148868077849	-0.0238225104987	-0.0915444318022	0.0060896317347	0.0043165898858	-0.012490876394	-0.0234168733812	0.0428355322691	-0.00378260307115	-0.00435058234959	-0.0327062161182
k__Bacteria;p__Firmicutes;c__Clostridia;o__Clostridiales;f__Lachnospiraceae;g__Roseburia;s__Roseburia_intestinalis	-0.00337079204043	0.00490557932154	-0.0564468194394	-0.0511326532104	0.131626102536	0.0324146442499	0.0134831758176	-0.0797818953365	-0.0413700049717	-0.0541466542531	0.000776503173954	-0.0488091472341	-0.0233922366456	-0.00650195583284	0.0250420013416	-0.0561862961082	-0.0286850677964	0.011510935764	0.0657001697852	0.0252188675965	-0.0837405672764	-0.0173693713438	0.0264488859907	0.0265816708148	0.0308541070311	-0.0316235787615	1.0	-0.00714228440094	-0.0600694563046	-0.0449387926208	-0.0160884864983	-0.0324828256328	-0.0383661410375	-0.0371539527575	-0.0404956607542	-0.0372701284733	-0.0299239004788	-0.0652294621239	0.0333700372785	-0.0284794576584	-0.0138117117022	-0.0142454311505	-0.00530242005579	0.0471055829769	0.00469508682097	-0.00428424406386	-0.0189439976397	-0.0713499866177	-0.00425312984846	0.034429958624	0.0327387206816	0.00651059945892	0.0181453393926	-0.073769620464	0.0392116702028	-0.0127906222276	0.0227460697686	0.0575332654752	-0.0498953768221
k__Bacteria;p__Firmicutes;c__Clostridia;o__Clostridiales;f__Lachnospiraceae;g__Roseburia;s__Roseburia_hominis	0.0248614299628	-0.0100938883039	0.0257839001947	-0.008978578211	-0.0513350841003	0.0101449229784	-0.0597522182773	-0.0437333208605	-0.0333690208423	0.00855633973216	0.0372986193111	-0.00571960239571	0.0395771017406	-0.0172400007808	0.00303920779411	-0.0275977157913	-0.00945358657432	-0.0273951161584	-0.0667326792223	0.0562787640297	-0.0146854368215	-0.00991269284318	0.0147701626972	-0.0393379415729	-0.0293288085686	-0.0140435682798	-0.00714228440094	1.0	0.0195805399974	0.0457999290845	0.0597478093924	0.0301654118311	0.0502045753906	-0.0399533555972	0.0248216672953	0.0527996135713	-0.0928458501258	0.0175419592914	-0.000502592637069	0.0371227048161	0.00581467608529	0.029943379229	0.0304860957025	-0.0614544067714	-0.0556661593633	0.00410874488596	-0.00110477758017	0.0179753589741	0.0149630747218	0.0300426706245	0.0449150627408	-0.00297904463192	-0.0204832266772	-0.101359874646	-0.0315275200155	0.0324134653903	-0.0551846009868	-0.0577989240389	-0.0442203002673
k__Bacteria;p__Bacteroidetes;c__Bacteroidia;o__Bacteroidales;f__Porphyromonadaceae;g__Parabacteroides;s__Parabacteroides_johnsonii	-0.018148587555	-0.0293604100738	0.0310365408867	0.0251223096187	-0.0297792558954	0.0212472439264	-0.0372855904412	-0.0296783204636	-0.00698995584449	-0.0494189996561	-0.0325538855594	0.0216279013593	-0.00166850353212	-0.0469397030467	0.0219168158087	0.0588852310774	-0.0330103977154	-0.0116131757402	-0.0012506926853	0.0165176192913	0.0339149971848	0.00810056478618	0.013015424363	-0.0571629034701	0.0167247647629	0.0268595988473	-0.0600694563046	0.0195805399974	1.0	-0.0202655252127	-0.0322928608352	0.0117315721692	0.0753543481789	-0.0172861735439	-0.0186114371645	-0.0815538255998	-0.0686604775684	0.0682126631257	-0.0305011420028	-0.0882259030529	-0.0115740854214	-0.0590440569839	-0.0445813979718	-0.048318505863	0.00542610297062	-0.0774629761171	-0.0809991154681	0.000627343479228	0.0426156527534	-0.0206905139803	-0.0446796389663	-0.029952517932	-0.0132898511889	-0.0324497771897	-0.0359024432584	-0.000494790993499	0.0231610828057	0.0584817425773	0.00031005340407
k__Bacteria;p__Actinobacteria;c__Actinobacteria;o__Bifidobacteriales;f__Bifidobacteriaceae;g__Bifidobacterium;s__Bifidobacterium_longum	0.0303339809279	0.0395303305348	0.0136774194667	0.00691400857429	-0.0441788887778	-0.0237697546169	0.0184511485782	0.0864511538194	0.00187294832144	0.00928982723155	0.0533903211422	-0.0530305664021	-0.00264336337751	-0.0183619664325	-0.0484854122046	-0.0764887662436	-0.0249405729905	-0.0457521557053	-0.0252676231266	0.021908157374	0.0160766520781	-0.066089309708	-0.0346332122046	0.0160594327782	-0.0188298986543	0.0189815587887	-0.0449387926208	0.0457999290845	-0.0202655252127	1.0	-0.0488178395349	0.0374469071488	0.0589718854035	-0.0122038860892	0.0154473900286	-0.0986148332548	0.0202372766394	-0.0500425071123	0.0362528332655	0.0284454513322	-0.0303871348463	-0.0738242706757	-0.037337374683	0.00789313883385	-0.0073096817037	0.00632901033981	-0.00656664894389	-0.0199491691138	0.0747844845971	0.0548909280725	0.000934065925466	0.0109852111658	0.040208572119	0.0040105286622	-0.0178343085373	0.0464493850289	0.0142292771075	-0.0251126575175	0.0398659781371
