#taxonomy	k__Bacteria;p__Bacteroidetes;c__Bacteroidia;o__Bacteroidales;f__Bacteroidaceae;g__Bacteroides;s__Bacteroides_vulgatus	k__Bacteria;p__Bacteroidetes;c__Bacteroidia;o__Bacteroidales;f__Bacteroidaceae;g__Bacteroides;s__Bacteroides_uniformis	k__Bacteria;p__Bacteroidetes;c__Bacteroidia;o__Bacteroidales;f__Rikenellaceae;g__Alistipes;s__Alistipes_putredinis	k__Bacteria;p__Bacteroidetes;c__Bacteroidia;o__Bacteroidales;f__Prevotellaceae;g__Prevotella;s__Prevotella_copri	k__Bacteria;p__Bacteroidetes;c__Bacteroidia;o__Bacteroidales;f__Bacteroidaceae;g__Bacteroides;s__Bacteroides_stercoris	k__Bacteria;p__Bacteroidetes;c__Bacteroidia;o__Bacteroidales;f__Bacteroidaceae;g__Bacteroides;s__Bacteroides_ovatus	k__Bacteria;p__Bacteroidetes;c__Bacteroidia;o__Bacteroidales;f__Rikenellaceae;g__Alistipes;s__Alistipes_shahii	k__Bacteria;p__Firmicutes;c__Clostridia;o__Clostridiales;f__Ruminococcaceae;g__Faecalibacterium;s__Faecalibacterium_prausnitzii	k__Bacteria;p__Bacteroidetes;c__Bacteroidia;o__Bacteroidales;f__Rikenellaceae;g__Alistipes;s__Alistipes_finegoldii	k__Bacteria;p__Bacteroidetes;c__Bacteroidia;o__Bacteroidales;f__Porphyromonadaceae;g__Parabacteroides;s__Parabacteroides_distasonis	k__Bacteria;p__Bacteroidetes;c__Bacteroidia;o__Bacteroidales;f__Bacteroidaceae;g__Bacteroides;s__Bacteroides_thetaiotaomicron	k__Bacteria;p__Bacteroidetes;c__Bacteroidia;o__Bacteroidales;f__Bacteroidaceae;g__Bacteroides;s__Bacteroides_coprocola	k__Bacteria;p__Bacteroidetes;c__Bacteroidia;o__Bacteroidales;f__Bacteroidaceae;g__Bacteroides;s__Bacteroides_cellulosilyticus	k__Bacteria;p__Bacteroidetes;c__Bacteroidia;o__Bacteroidales;f__Rikenellaceae;g__Alistipes;s__Alistipes_obesi	k__Bacteria;p__Firmicutes;c__Clostridia;o__Clostridiales;f__Lachnospiraceae;g__;s__[Eubacterium]_rectale	k__Bacteria;p__Bacteroidetes;c__Bacteroidia;o__Bacteroidales;f__Bacteroidaceae;g__Bacteroides;s__Bacteroides_plebeius	k__Bacteria;p__Bacteroidetes;c__Bacteroidia;o__Bacteroidales;f__Bacteroidaceae;g__Bacteroides;s__Bacteroides_fragilis	k__Bacteria;p__Proteobacteria;c__Betaproteobacteria;o__Burkholderiales;f__Sutterellaceae;g__Sutterella;s__Sutterella_wadsworthensis	k__Bacteria;p__Bacteroidetes;c__Bacteroidia;o__Bacteroidales;f__Porphyromonadaceae;g__Barnesiella;s__Barnesiella_intestinihominis	k__Bacteria;p__Bacteroidetes;c__Bacteroidia;o__Bacteroidales;f__Odoribacteraceae;g__Odoribacter;s__Odoribacter_splanchnicus	k__Bacteria;p__Bacteroidetes;c__Bacteroidia;o__Bacteroidales;f__Bacteroidaceae;g__Bacteroides;s__Bacteroides_salyersiae	k__Bacteria;p__Firmicutes;c__Clostridia;o__Clostridiales;f__Ruminococcaceae;g__Ruminiclostridium;s__[Eubacterium]_siraeum	k__Bacteria;p__Proteobacteria;c__Betaproteobacteria;o__Burkholderiales;f__Sutterellaceae;g__Parasutterella;s__Parasutterella_excrementihominis	k__Bacteria;p__Actinobacteria;c__Actinobacteria;o__Bifidobacteriales;f__Bifidobacteriaceae;g__Bifidobacterium;s__Bifidobacterium_adolescentis	k__Bacteria;p__Firmicutes;c__Clostridia;o__Clostridiales;f__Oscillospiraceae;g__Oscillibacter;s__Oscillibacter_sp._KLE_1745	k__Bacteria;p__Bacteroidetes;c__Bacteroidia;o__Bacteroidales;f__Bacteroidaceae;g__Bacteroides;s__Bacteroides_coprophilus	k__Bacteria;p__Firmicutes;c__Clostridia;o__Clostridiales;f__Lachnospiraceae;g__Roseburia;s__Roseburia_intestinalis	k__Bacteria;p__Firmicutes;c__Clostridia;o__Clostridiales;f__Lachnospiraceae;g__Roseburia;s__Roseburia_hominis	k__Bacteria;p__Bacteroidetes;c__Bacteroidia;o__Bacteroidales;f__Porphyromonadaceae;g__Parabacteroides;s__Parabacteroides_johnsonii	k__Bacteria;p__Actinobacteria;c__Actinobacteria;o__Bifidobacteriales;f__Bifidobacteriaceae;g__Bifidobacterium;s__Bifidobacterium_longum	k__Bacteria;p__Firmicutes;c__Clostridia;o__Clostridiales;f__;g__Flavonifractor;s__Flavonifractor_plautii	k__Bacteria;p__Firmicutes;c__Clostridia;o__Clostridiales;f__Clostridiaceae;g__Clostridium;s__Clostridium_phoceensis	k__Bacteria;p__Verrucomicrobia;c__Verrucomicrobiae;o__Verrucomicrobiales;f__Akkermansiaceae;g__Akkermansia;s__Akkermansia_muciniphila	k__Bacteria;p__Bacteroidetes;c__Bacteroidia;o__Bacteroidales;f__Prevotellaceae;g__Paraprevotella;s__Paraprevotella_xylaniphila	k__Bacteria;p__Firmicutes;c__Clostridia;o__Clostridiales;f__Ruminococcaceae;g__Ruminococcus;s__Ruminococcus_callidus	k__Bacteria;p__Bacteroidetes;c__Bacteroidia;o__Bacteroidales;f__Rikenellaceae;g__Alistipes;s__Alistipes_senegalensis	k__Bacteria;p__Firmicutes;c__Clostridia;o__Clostridiales;f__Lachnospiraceae;g__Blautia;s__Blautia_sp._KLE_1732	k__Bacteria;p__Bacteroidetes;c__Bacteroidia;o__Bacteroidales;f__Bacteroidaceae;g__Bacteroides;s__Bacteroides_oleiciplenus	k__Bacteria;p__Firmicutes;c__Clostridia;o__Clostridiales;f__Ruminococcaceae;g__Ruminococcus;s__Ruminococcus_bicirculans	k__Bacteria;p__Bacteroidetes;c__Bacteroidia;o__Bacteroidales;f__Bacteroidaceae;g__Bacteroides;s__Bacteroides_fluxus	k__Bacteria;p__Bacteroidetes;c__Bacteroidia;o__Bacteroidales;f__Prevotellaceae;g__Prevotella;s__Prevotella_stercorea	k__Bacteria;p__Firmicutes;c__Clostridia;o__Clostridiales;f__Lachnospiraceae;g__Dorea;s__Dorea_longicatena	k__Bacteria;p__Firmicutes;c__Clostridia;o__Clostridiales;f__Eubacteriaceae;g__Eubacterium;s__[Eubacterium]_eligens	k__Bacteria;p__Firmicutes;c__Clostridia;o__Clostridiales;f__Ruminococcaceae;g__;s__Ruminococcaceae_bacterium_D16	k__Bacteria;p__Firmicutes;c__Clostridia;o__Clostridiales;f__Lachnospiraceae;g__Coprococcus;s__Coprococcus_comes	k__Bacteria;p__Proteobacteria;c__Gammaproteobacteria;o__Enterobacterales;f__Enterobacteriaceae;g__Escherichia;s__Escherichia_coli	k__Bacteria;p__Firmicutes;c__Clostridia;o__Clostridiales;f__Ruminococcaceae;g__Anaerotruncus;s__Anaerotruncus_colihominis	k__Bacteria;p__Firmicutes;c__Clostridia;o__Clostridiales;f__Lachnospiraceae;g__Blautia;s__Blautia_obeum	k__Bacteria;p__Bacteroidetes;c__Bacteroidia;o__Bacteroidales;f__Odoribacteraceae;g__Odoribacter;s__Odoribacter_laneus	k__Bacteria;p__Firmicutes;c__Clostridia;o__Clostridiales;f__Ruminococcaceae;g__Ruminiclostridium;s__[Clostridium]_leptum	k__Bacteria;p__Bacteroidetes;c__Bacteroidia;o__Bacteroidales;f__Porphyromonadaceae;g__Parabacteroides;s__Parabacteroides_goldsteinii	k__Bacteria;p__Firmicutes;c__Clostridia;o__Clostridiales;f__Lachnospiraceae;g__Anaerostipes;s__Anaerostipes_hadrus	k__Bacteria;p__Firmicutes;c__Clostridia;o__Clostridiales;f__Ruminococcaceae;g__Ruminococcus;s__Ruminococcus_lactaris	k__Bacteria;p__Firmicutes;c__Clostridia;o__Clostridiales;f__Clostridiaceae;g__Clostridium;s__Clostridium_sp._L2-50	k__Bacteria;p__Firmicutes;c__Clostridia;o__Clostridiales;f__Clostridiaceae;g__Clostridium;s__Clostridium_sp._M62/1	k__Bacteria;p__Firmicutes;c__Clostridia;o__Clostridiales;f__;g__Intestinimonas;s__Intestinimonas_butyriciproducens	k__Bacteria;p__Actinobacteria;c__Actinobacteria;o__Bifidobacteriales;f__Bifidobacteriaceae;g__Bifidobacterium;s__Bifidobacterium_bifidum	k__Bacteria;p__Firmicutes;c__Negativicutes;o__Veillonellales;f__Veillonellaceae;g__Dialister;s__Dialister_invisus	k__Bacteria;p__Bacteroidetes;c__Bacteroidia;o__Bacteroidales;f__Bacteroidaceae;g__Bacteroides;s__Bacteroides_salanitronis
k__Bacteria;p__Bacteroidetes;c__Bacteroidia;o__Bacteroidales;f__Bacteroidaceae;g__Bacteroides;s__Bacteroides_vulgatus	1.0	-0.0401237380271	-0.0270382832959	-0.0392305295268	0.00962370982656	-0.0229875730715	0.0418443334643	0.0124415405222	0.0176267906076	-0.0522726114121	-0.00750114695672	0.00845168988291	0.0140937966958	-0.00629142606218	-0.0646533496084	-0.0208961282967	-0.00759491148684	-0.0472843053932	0.0365505711534	0.037747057571	-0.054499235264	-0.0437100901255	-0.0144056343209	0.0309104778242	-0.0176020746332	0.123483903425	0.0136064579346	-0.0774108602024	0.0115138138331	-0.0198878910742	-0.0283670866583	-0.0218476225485	-0.0402725874306	0.0161820302521	0.0599610562055	0.0159419745327	0.0305720197109	-0.0847745132254	-0.00148021090341	-0.0299114785132	-0.0460684586848	-0.0195581718286	-0.0339329975056	0.028207141082	0.0219428992761	-0.024168174604	0.0351158719175	0.0220300801167	-0.0588885255149	0.0524311706438	0.00575029267965	0.00192038311604	-0.048001050848	-0.0373334496696	-0.0164353535322	-0.0479667324622	0.0161629762462	0.0422644312286	0.0473865540817
k__Bacteria;p__Bacteroidetes;c__Bacteroidia;o__Bacteroidales;f__Bacteroidaceae;g__Bacteroides;s__Bacteroides_uniformis	-0.0401237380271	1.0	-0.0355094176504	0.0641093848853	0.0211151380038	-0.00472362756347	0.0215290654836	0.0064068340168	0.0204164321623	0.0362664761228	-0.0285121680127	0.00529006378803	-0.0274026006622	0.0501991292353	-0.0533386307634	-0.0110042267069	-0.0312959443436	-0.0111121746806	-0.0313130243181	-0.00572166927684	0.0184152679787	0.00406956648869	0.0203472642492	0.0240879296182	-0.00246041623958	0.04070591515	-0.0249384194501	-0.000425465586489	-0.0307141238891	-0.0659856076843	-0.106702177787	-0.00949680182539	-0.0559130462747	0.034213962672	0.00936714213413	-0.01639486367	-0.0617588971561	0.0649537466228	-0.00127642267671	0.0146701694483	-0.0540713337052	-0.0182796590889	-0.045070661048	0.0254220573834	-0.133850703124	-0.0354978229754	-0.026186011294	-0.0507031644934	-0.0309986760704	0.0322172228422	0.0262687343846	-0.00406117258138	0.0077551858137	0.0344503026975	-0.00205938834157	-0.0266086556763	-0.0407953820553	-0.00951746308561	-0.0403311302424
k__Bacteria;p__Bacteroidetes;c__Bacteroidia;o__Bacteroidales;f__Rikenellaceae;g__Alistipes;s__Alistipes_putredinis	-0.0270382832959	-0.0355094176504	1.0	-0.032726727817	0.00762339546978	0.0118354367268	-0.0301633423627	0.0223548776872	-0.0721809267772	0.0163911101754	0.0304031808811	0.0133116885067	-0.0538725776479	0.00615542193974	-0.0109349491493	-0.00527448086125	-0.0374846258621	-0.0154349581319	-0.0364037937319	0.0854631790584	0.025263996128	-0.0516160680315	-0.0164835767342	0.000676023098395	-0.036086922831	-0.033185993811	-0.0256464731034	-0.0422249975914	-0.0146635110439	-0.0262453288972	-0.0878501074282	-0.00211377133759	-0.0336524014999	-0.0106544958741	0.0319000095773	-0.0405657622572	-0.026644347534	-0.0459017630787	0.00868989228442	-0.00888204296378	-0.00605108436759	-0.00724635530151	0.0396540963479	0.030341365143	0.0013311532416	0.0122697166845	0.0326258501986	0.00952373210333	0.00166929354973	0.0185480569396	-0.00582148850592	-0.0615900088919	-0.000932503762572	0.050002408826	-0.00326977529522	0.0294728437937	-0.0183336547745	-0.0074181604506	0.0139908090502
k__Bacteria;p__Bacteroidetes;c__Bacteroidia;o__Bacteroidales;f__Prevotellaceae;g__Prevotella;s__Prevotella_copri	-0.0392305295268	0.0641093848853	-0.032726727817	1.0	-0.0150641291475	-0.0565673018772	-0.00283682723139	-0.0241551641038	-0.0880360946188	-0.0665173008574	-0.0206871257416	-0.033774323506	-0.0237896248838	0.00196183900802	0.0232955221607	-0.0175792413812	0.00248648256685	-0.00954257971379	0.011431714392	-0.0222281013528	0.0415824467011	-0.0107990517329	-0.030701575941	0.00935305058431	-0.0333942122233	-0.0186053342456	-0.0161484800903	-0.0301957335779	-0.0438083436157	-0.0142258164166	-0.00857679127894	0.0153025578817	-0.0281230029062	-0.0299809953961	-0.000447607507757	-0.0309069804561	-0.0382119374653	0.0360620165316	0.0259864501921	0.0125976568508	-0.0077153672159	-0.0702891618522	0.00228030407017	0.0139765272837	-0.0492244657407	-0.0292087716539	0.0107470677603	0.0728244060274	-0.0401172954719	0.0303614329672	-0.0274129457623	-0.0191582487764	0.0128819071895	0.022538925429	-0.0281757223924	0.0213842089609	-0.0603771863704	0.057809909388	-0.0277366429611
k__Bacteria;p__Bacteroidetes;c__Bacteroidia;o__Bacteroidales;f__Bacteroidaceae;g__Bacteroides;s__Bacteroides_stercoris	0.00962370982656	0.0211151380038	0.00762339546978	-0.0150641291475	1.0	-0.0596793497188	0.0558854192393	-0.0253247569098	0.00135631836922	0.0739042660439	0.0764937094998	-0.031040939873	-0.0462579354477	0.00473555058611	0.00827710338369	0.0250434712235	-0.00397205312606	-0.00258646273962	-0.0609280642112	-0.0440966962055	0.0479634569256	0.0242067844636	-0.029114834949	-0.00964943289092	-0.0252453597539	0.00881915351665	-0.0118258409317	-0.000276080385678	-0.0480425233487	-0.0391508929867	-0.0408050582061	0.040224764969	0.00389611654401	-0.0646688895155	0.00925754185906	-0.0654584548173	-0.0524709990891	-0.00345281530026	-0.0130610124616	0.0974269132294	0.0435754850038	-0.0563231483073	-0.0227817009893	-0.0188050216745	-0.00524853200901	-0.0545522193238	-0.0306838132096	-0.0147450574899	0.0500495971667	-0.0407849164395	-0.0357543592302	-0.0609392919619	-0.049689970546	-0.0480607954267	0.0298695023126	0.00143673157063	-0.0357357834411	0.024195900979	-0.0142713942423
k__Bacteria;p__Bacteroidetes;c__Bacteroidia;o__Bacteroidales;f__Bacteroidaceae;g__Bacteroides;s__Bacteroides_ovatus	-0.0229875730715	-0.00472362756347	0.0118354367268	-0.0565673018772	-0.0596793497188	1.0	-0.059166015277	0.0202225903783	-0.0532650102126	-0.0292092054926	-0.0259398750186	-0.0560298352411	-0.0170042678767	0.00403986936816	-0.0554490523174	-0.0276878516984	0.00306393821911	0.000332345431389	-0.00764596787863	-0.00112187867445	0.120658122932	0.00687191877805	0.00462312387064	0.043554160865	0.00561938026594	-0.054743503552	-0.0185276350834	-0.0422140562982	-0.0208057325838	0.0374974127221	0.0590060260351	-0.00436480712204	-0.00868093265638	-0.0126248611778	-0.0167695824287	-0.0019114135051	0.0047926307088	-0.0534481672609	-0.0695926666317	-0.00254108093631	-0.0281008018718	-0.0275925222741	0.0661916693005	-0.000774116872384	-0.0482108716034	0.0402670980824	0.0296848561105	-0.0366536396824	-0.0696900135266	0.00273821093144	0.0260609485796	0.00115377263522	-0.059889242584	-0.0223335237103	0.0508639071263	-0.0424744840852	-0.0153744421923	-0.00280923993358	-0.0713596295936
k__Bacteria;p__Bacteroidetes;c__Bacteroidia;o__Bacteroidales;f__Rikenellaceae;g__Alistipes;s__Alistipes_shahii	0.0418443334643	0.0215290654836	-0.0301633423627	-0.00283682723139	0.0558854192393	-0.059166015277	1.0	-0.0680431773089	-0.0381306165243	-0.0103830606893	-0.0285290641557	0.0290277301609	0.0071524083921	-0.0236184947289	-0.0440405593333	-0.0218335019881	0.0690062965574	0.0517405212478	0.0507912190215	-0.0435236245526	-0.0542624831708	-0.042538971419	-0.0306254061001	-0.0643457479734	0.0220636938663	-0.0207961764795	0.0435066605027	0.0354288548931	0.0376497981406	-0.0033576246619	0.0490611289156	-0.00836220622325	-0.0409887966448	-0.0483926679217	0.0545835199687	-0.00891712698128	-0.0749008067705	-0.0473404348682	0.0166825580504	0.0363926236834	-0.069775411844	0.0242447184742	-0.0167550666689	-0.0708263275522	-0.0226208173504	0.0463836066563	-0.012669878567	-0.0459880593029	0.0293298614163	-0.00120102171874	-0.0245806574029	-0.0187269079954	0.0303982078504	-0.00818000089881	0.00446122161941	-0.0312812920393	-0.0337092070987	-0.0437286506254	0.0268967543246
k__Bacteria;p__Firmicutes;c__Clostridia;o__Clostridiales;f__Ruminococcaceae;g__Faecalibacterium;s__Faecalibacterium_prausnitzii	0.0124415405222	0.0064068340168	0.0223548776872	-0.0241551641038	-0.0253247569098	0.0202225903783	-0.0680431773089	1.0	-0.00330012651036	-0.0174242005728	0.020536060057	-0.102866743827	-0.00216602997382	0.00554001130923	0.0435274695574	-0.00752835340693	0.00900276130008	-0.0331236914611	-0.0256640786705	-0.0152563969357	-0.033480890038	-0.0264243353932	-0.0460386910163	-0.0288540755377	-0.0233993608336	-0.0205931255172	0.0441757659575	0.0251186698641	0.000165549933776	-0.010667400578	-0.00684543796416	-0.00816936043891	0.00529382367517	0.054113612268	0.0262336049774	0.00551218675868	-0.0529718427151	0.00587358572708	0.0716055012151	-0.0261120778453	-0.014117406368	0.0094744478904	0.000628603375304	0.00145315895148	0.0120722985472	0.0338701144432	-0.0053180628747	0.0622073313087	0.0307957011042	-0.0449925072801	0.0132960606533	-0.065359851395	-0.0750301273935	-0.0735790728782	-0.000358773090734	-0.0665614218222	-0.0327435890707	-0.0759445427354	0.0528744149296
k__Bacteria;p__Bacteroidetes;c__Bacteroidia;o__Bacteroidales;f__Rikenellaceae;g__Alistipes;s__Alistipes_finegoldii	0.0176267906076	0.0204164321623	-0.0721809267772	-0.0880360946188	0.00135631836922	-0.0532650102126	-0.0381306165243	-0.00330012651036	1.0	-0.00603629030108	0.0429045907607	-0.0121658090545	-0.00224249845417	-0.0428813086958	0.00832536565011	-0.0340040318543	-0.0426681084267	-0.032807679238	0.0224484709953	-0.0169285174207	0.0171117317704	-0.0167626655362	0.0183029537583	0.05947452529	0.0217963205869	-0.024629562529	0.0175238632042	0.0189407527827	-0.034284724949	-0.0429994324885	-0.00105034324137	0.00414656273333	0.0440553490549	0.0388147177902	-0.00817203009318	-0.00955043637817	0.00596870842115	0.0251141246606	-0.00974927509213	0.0229840234875	-0.0436636265913	0.0156012371498	0.0232477951673	-0.0480357407628	0.0494928341751	0.004365308546	-0.0262480327254	0.0236411514003	0.0485980934232	-0.0517459992886	0.0359255589585	-0.0255583941264	0.00571619208993	0.0140616019576	-0.0594005360076	-0.0527121865009	0.059959624924	0.0197023540555	-0.0639871613633
k__Bacteria;p__Bacteroidetes;c__Bacteroidia;o__Bacteroidales;f__Porphyromonadaceae;g__Parabacteroides;s__Parabacteroides_distasonis	-0.0522726114121	0.0362664761228	0.0163911101754	-0.0665173008574	0.0739042660439	-0.0292092054926	-0.0103830606893	-0.0174242005728	-0.00603629030108	1.0	-0.0191870216616	-0.0379501700906	-0.015958172731	0.00138641280224	-0.00559865019897	-0.05528645146	0.0116594130174	0.0325034834888	-0.0286551457127	0.00478320269822	-0.0223820452707	-0.0309332424695	-0.0266216343768	0.0579888028373	-0.029022201438	-0.0348247617592	-0.0150659396295	-0.0357316972706	-0.0185585831693	0.0508829508508	-0.0402637368333	-0.0903809215431	0.0124372442247	-0.0219114795563	-0.050918477181	0.00833274931886	-0.0601924774717	-0.0110123871198	0.0451451270131	-0.0082932294086	-0.0422386271586	-0.00673370027504	-0.0395850812201	-0.0569715336955	-0.0191406072221	0.0470421203883	0.0570604671537	-0.00138846524173	0.00592427504248	0.0219659017889	0.0301688042319	-0.020403598301	-0.0116141433629	0.00482856151528	0.035287778624	-0.0121782541177	-0.114371463628	0.0346023586709	0.0457039432774
k__Bacteria;p__Bacteroidetes;c__Bacteroidia;o__Bacteroidales;f__Bacteroidaceae;g__Bacteroides;s__Bacteroides_thetaiotaomicron	-0.00750114695672	-0.0285121680127	0.0304031808811	-0.0206871257416	0.0764937094998	-0.0259398750186	-0.0285290641557	0.020536060057	0.0429045907607	-0.0191870216616	1.0	-0.00298760762297	-0.0488119024101	-0.0152446076883	0.054299904812	-0.00697670934757	-0.0605150458388	-0.0515483870432	-0.0425836301962	0.00128074748786	-0.0270945749547	-0.0269886976822	0.0389649686271	-0.00879468786931	-0.0683029977496	-0.00813064100167	-0.0371041585021	-0.010827367301	-0.00405299640724	-0.0205281339341	-0.0092594830663	-0.0165837993145	-0.0140665468323	-0.028741671501	0.0113162911284	0.0024352412072	-0.021681230886	-0.0139091473446	-0.0153656033869	0.0204533289845	-0.00952120659842	-0.0116366668803	-0.026010027587	0.101949666869	0.00798059426044	0.0148177640191	-0.0401796439912	-0.0589801777166	-0.0200117780632	-0.0538443826575	-0.0313091253923	-0.0342742485302	-0.0615176907234	0.013855180433	0.0172018002866	-0.028463785214	-0.0115802602611	0.00178139130017	-0.0310547689703
k__Bacteria;p__Bacteroidetes;c__Bacteroidia;o__Bacteroidales;f__Bacteroidaceae;g__Bacteroides;s__Bacteroides_coprocola	0.00845168988291	0.00529006378803	0.0133116885067	-0.033774323506	-0.031040939873	-0.0560298352411	0.0290277301609	-0.102866743827	-0.0121658090545	-0.0379501700906	-0.00298760762297	1.0	0.0195753264004	-0.0367495293555	0.0187726998113	0.0135479921759	-0.0334928904758	-0.0116800924943	0.0370131402398	-0.0598281162171	-0.0529873684884	-0.0890200558036	0.0257777181637	0.0103766093311	0.00527444697574	-0.0574807397502	-0.0378137928682	0.0260448794143	-0.00293642151569	-0.0318155942301	0.00638657064412	0.00450896544459	-0.0193192130961	-0.0307277075328	0.0825108146747	0.0319570630166	0.0904698665082	-0.0403255835749	-0.00543122921377	-0.0637126811821	0.0365889084718	0.0270184917205	0.0479673790413	0.0347017709024	-0.0113902643365	0.0179432646119	-0.0141383033719	-0.0089241493736	0.0273378693164	-0.0104548313522	-0.0256539842331	0.0366796483513	0.0133941097346	0.0106980232721	0.00467045647231	0.0629973679059	-0.00569102443883	-0.016200460755	-0.0679493404234
k__Bacteria;p__Bacteroidetes;c__Bacteroidia;o__Bacteroidales;f__Bacteroidaceae;g__Bacteroides;s__Bacteroides_cellulosilyticus	0.0140937966958	-0.0274026006622	-0.0538725776479	-0.0237896248838	-0.0462579354477	-0.0170042678767	0.0071524083921	-0.00216602997382	-0.00224249845418	-0.015958172731	-0.0488119024101	0.0195753264004	1.0	0.0106742414243	0.000741522840314	-0.0231778325616	0.065956086324	-0.0754405225946	0.00759458054118	-0.0206658271931	0.0304398763127	-0.0194535430637	-0.0536731990335	-0.0241015271606	0.011236292531	0.0525099505622	0.0673143190964	-0.0260590307039	-0.0286503952046	-0.0132383422086	-0.000523265892937	-0.0166167318495	-0.00687252370828	-0.0952963899187	0.0443877645075	-0.0336872740159	0.0354562289339	-0.0405708651551	-0.0109045886386	-0.0981974751975	0.008934435605	-0.00954603704033	-0.0525742766744	-0.0171996742244	-0.0225910609319	-0.0315026183141	0.0553061741449	0.00612957414479	-0.0242196777562	-0.0418673518899	0.0175131505625	-0.0155450354545	-0.0331756894145	0.0177376943911	0.00211572782405	-0.0323283600499	-0.0838796230534	0.0116381175808	-0.0108571044097
k__Bacteria;p__Bacteroidetes;c__Bacteroidia;o__Bacteroidales;f__Rikenellaceae;g__Alistipes;s__Alistipes_obesi	-0.00629142606218	0.0501991292353	0.00615542193974	0.00196183900802	0.00473555058611	0.00403986936816	-0.0236184947289	0.00554001130923	-0.0428813086958	0.00138641280224	-0.0152446076883	-0.0367495293555	0.0106742414243	1.0	0.00476796995471	-0.0214565670233	-0.0647415319366	-0.00729254173087	-0.0307282935841	-0.0637941427096	-0.014972430628	0.0132153219578	-0.0197089421866	0.0693539423796	0.00877169935957	-0.0125740716346	-0.0627711009245	-0.0780790712362	-0.0538843535363	-0.024386147188	0.0473610644788	0.0352471463739	-0.0383837389008	0.0163742421503	0.00353613907533	0.0666896268354	0.00308734159545	-0.00537365854087	-0.0203475964734	-0.0224732224163	0.0324065884876	-0.0673944218742	0.0460162604704	-0.0539769770442	0.0021148304748	-0.0330706155638	0.0306918875274	-0.0125870885828	0.0322725648379	0.0258084367096	0.0354730112515	0.0517030146696	-0.0124465332	0.00851271078362	-0.0419989700312	-0.0485288305317	-0.0158523598468	0.0454178128129	0.0176087507576
k__Bacteria;p__Firmicutes;c__Clostridia;o__Clostridiales;f__Lachnospiraceae;g__;s__[Eubacterium]_rectale	-0.0646533496084	-0.0533386307634	-0.0109349491493	0.0232955221607	0.00827710338369	-0.0554490523174	-0.0440405593333	0.0435274695574	0.00832536565011	-0.00559865019897	0.054299904812	0.0187726998113	0.000741522840314	0.00476796995471	1.0	-0.0481450864494	-0.0479515439126	-0.0283463152991	-0.0110700060651	-0.0593911282839	-0.000728554498491	-0.0163795899072	0.0191078508137	0.0180540213104	0.0247059941853	0.0443290811786	-0.0211449764615	0.00885448613909	0.0233216931435	-0.00756169537845	-0.0283312755181	-0.0347462205162	0.0351584683551	-0.0258250077903	-0.0510657592265	-0.0147755609302	-0.026086803768	0.00610245148086	0.0365128764307	-0.00676008211142	0.0102567093548	-0.0741347031826	0.0453125144612	0.00574955525821	-0.0134264233359	-0.0458291183256	-0.0302165039327	-0.0324455803581	-0.0300388599729	0.0484346825337	0.049060703908	0.00898676699638	0.0330670375918	-0.0371796446175	0.0117607379617	0.0134771412477	-0.0223759151412	0.049380413434	-0.025641785288
k__Bacteria;p__Bacteroidetes;c__Bacteroidia;o__Bacteroidales;f__Bacteroidaceae;g__Bacteroides;s__Bacteroides_plebeius	-0.0208961282967	-0.0110042267069	-0.00527448086125	-0.0175792413812	0.0250434712235	-0.0276878516984	-0.0218335019881	-0.00752835340693	-0.0340040318543	-0.05528645146	-0.00697670934757	0.0135479921759	-0.0231778325616	-0.0214565670233	-0.0481450864494	1.0	0.0270300964056	0.0316298790564	0.00354237718609	-0.0449508258916	-0.0305916254849	-0.077547194699	-0.0177500019213	0.0209433725968	-0.0123250351242	-0.0227182281271	-0.00762398838165	-0.099538437174	-0.0351994260543	-0.0119173745195	0.02040673571	-0.033647406302	0.0072165557588	-0.00155256613124	-0.0237339886312	0.0193742923594	0.0834806236728	0.00143582638943	0.00801924496994	0.00308275966466	-0.0575759345952	0.0480134296854	-0.0512382440055	-0.0234550059161	-0.00542748152372	0.0125140185867	0.00982921456351	0.0327698983013	0.0155665232625	-0.0524306349372	-0.0330960929449	-0.0889479070848	0.025987917823	-0.00830876496812	-0.0287749689736	0.0125462050211	-0.0577161461619	-0.000458235208137	0.0253958461638
k__Bacteria;p__Bacteroidetes;c__Bacteroidia;o__Bacteroidales;f__Bacteroidaceae;g__Bacteroides;s__Bacteroides_fragilis	-0.00759491148684	-0.0312959443436	-0.0374846258621	0.00248648256685	-0.00397205312606	0.00306393821911	0.0690062965574	0.00900276130008	-0.0426681084267	0.0116594130174	-0.0605150458388	-0.0334928904758	0.065956086324	-0.0647415319366	-0.0479515439126	0.0270300964056	1.0	-0.0458416488425	0.0330006853153	0.0399279204126	-0.0311586327432	0.00823095226947	-0.129545596476	0.031857066566	0.0554243403989	-0.0444686136963	0.0526716117172	-0.0470189273487	-0.0518343806649	-0.029424107924	-0.0380854657866	-0.00528306725631	0.0181711940449	0.0217078894138	-0.0331223931322	-0.0270194162548	0.0102078813661	-0.0207169731807	0.00578153175668	0.041362012262	-0.00177470525516	-0.0289309301	-0.055895784814	-0.00273023721639	-0.0344508640588	0.0229885647735	0.0246159328001	0.0247282058187	-0.0599416306848	-0.00934271000529	-0.052412443572	-0.0726401876732	-0.0129457580605	0.0248710464402	-0.0159271110339	-0.00459292741463	-0.00359403331196	0.00858838148782	-0.0247305410464
k__Bacteria;p__Proteobacteria;c__Betaproteobacteria;o__Burkholderiales;f__Sutterellaceae;g__Sutterella;s__Sutterella_wadsworthensis	-0.0472843053932	-0.0111121746806	-0.0154349581319	-0.00954257971379	-0.00258646273962	0.000332345431389	0.0517405212478	-0.0331236914611	-0.032807679238	0.0325034834888	-0.0515483870432	-0.0116800924943	-0.0754405225946	-0.00729254173087	-0.0283463152991	0.0316298790564	-0.0458416488425	1.0	-0.0556133982875	-0.0232988688896	0.0484408770123	-0.0402264581396	0.00401163667201	-0.05898602074	0.0521850348631	0.0107867008915	-0.00943553078077	0.00328383591114	0.00937066123567	-0.0184628364317	-0.0351805818179	0.0504324675817	3.49862050908e-05	0.0402362891285	0.0344724133742	-0.000276512199491	0.0301519997507	0.0106452360823	-0.00906729984826	0.0379917725157	-0.0231860987098	-0.0875302267692	0.0114766923812	-0.070984630071	0.0217147866526	-0.0500345877346	9.50326545676e-05	-0.0107147006044	-0.00773056537	0.0202966998962	-0.00778803873739	0.0233681598744	-0.00398046100152	0.037868154925	0.00372492819742	-0.0588270666428	0.0123512140667	-0.0361856470913	0.0275500134304
k__Bacteria;p__Bacteroidetes;c__Bacteroidia;o__Bacteroidales;f__Porphyromonadaceae;g__Barnesiella;s__Barnesiella_intestinihominis	0.0365505711534	-0.0313130243181	-0.0364037937319	0.011431714392	-0.0609280642112	-0.00764596787863	0.0507912190215	-0.0256640786705	0.0224484709953	-0.0286551457127	-0.0425836301962	0.0370131402398	0.00759458054118	-0.0307282935841	-0.0110700060651	0.00354237718609	0.0330006853153	-0.0556133982875	1.0	-0.0407370137915	-0.0520020943444	0.0181839851194	-0.0215443915245	-0.045083286448	-0.0257835089178	-0.0600089098696	0.0395652141047	0.0205824212483	0.0105802503067	-0.0095066211168	0.00525791630718	-0.0437924348386	-0.0557373522412	-0.045286186482	0.0777908466338	0.0359622579456	-0.0218368532545	-0.0330067915904	0.0155022145473	0.0233270296045	-0.0236134525628	-0.0278897730555	-0.0571827319164	-0.0355911903718	-0.0123109581386	-0.0335639431418	-0.0142557014865	-0.0238545119414	0.00135621729627	0.0291206276141	-0.0627533464156	0.00415820056841	-0.0111549406498	0.0143959598089	-0.0567639957925	0.0367540721449	-0.00915051461299	-0.0363949222268	0.00763876639846
k__Bacteria;p__Bacteroidetes;c__Bacteroidia;o__Bacteroidales;f__Odoribacteraceae;g__Odoribacter;s__Odoribacter_splanchnicus	0.037747057571	-0.00572166927684	0.0854631790584	-0.0222281013528	-0.0440966962055	-0.00112187867445	-0.0435236245526	-0.0152563969357	-0.0169285174207	0.00478320269822	0.00128074748786	-0.0598281162171	-0.0206658271931	-0.0637941427096	-0.0593911282839	-0.0449508258916	0.0399279204126	-0.0232988688896	-0.0407370137915	1.0	0.0146360751019	-0.00874003416576	-0.00966658347943	-0.0417895651759	-0.0309807469996	-0.0961009501073	-0.0290244421509	-0.0204135948327	0.00723688952644	-0.0532799298663	0.00487349694275	-0.0343012961312	-0.00911327853057	-0.033432049114	-0.000217766744592	-0.0149554430673	-0.0572777781351	-0.0492284859045	-0.0545763039129	0.0143481671483	0.00994119556291	-0.0149924859483	-0.0305747775086	0.0779985820257	0.0617433754922	-0.0163385976575	-0.00473723502859	-0.0950305247038	0.0209037108376	0.00445195100628	0.0793335999099	-0.0335157729295	-0.0179007010838	-0.0356726535651	-0.0284827229376	0.0443747519318	0.0248372118947	0.118341336327	0.0320086076639
k__Bacteria;p__Bacteroidetes;c__Bacteroidia;o__Bacteroidales;f__Bacteroidaceae;g__Bacteroides;s__Bacteroides_salyersiae	-0.054499235264	0.0184152679787	0.025263996128	0.0415824467011	0.0479634569256	0.120658122932	-0.0542624831708	-0.033480890038	0.0171117317704	-0.0223820452707	-0.0270945749547	-0.0529873684884	0.0304398763127	-0.014972430628	-0.000728554498491	-0.0305916254849	-0.0311586327432	0.0484408770123	-0.0520020943444	0.0146360751019	1.0	-0.0336032135393	-0.063957644438	0.042845172474	-0.0190642835378	0.0454499594851	0.019176919035	0.0225542295795	-0.0147054957422	0.0493256849551	-0.0172726067604	0.0594444521208	0.00609074607091	0.0547446749292	0.0229214091271	-0.0168058431533	-0.0603659030988	-0.0110694689119	0.00993857452471	0.016759927312	-0.0104615878675	-0.0621340014384	-0.0152190185846	0.015578583334	0.0636591230214	-0.0322895891196	0.0159135270051	-0.0583122180214	-0.0671786921141	-0.0341175870543	0.0136684553565	0.0659774113325	0.0336755942918	-0.016074429511	0.0101196479957	-0.0915191426457	0.048387014686	-0.0257436048045	-0.01408728373
k__Bacteria;p__Firmicutes;c__Clostridia;o__Clostridiales;f__Ruminococcaceae;g__Ruminiclostridium;s__[Eubacterium]_siraeum	-0.0437100901255	0.00406956648869	-0.0516160680315	-0.0107990517329	0.0242067844636	0.00687191877805	-0.042538971419	-0.0264243353932	-0.0167626655362	-0.0309332424695	-0.0269886976822	-0.0890200558036	-0.0194535430637	0.0132153219578	-0.0163795899072	-0.077547194699	0.00823095226947	-0.0402264581396	0.0181839851194	-0.00874003416576	-0.0336032135393	1.0	-0.0196448945218	0.0189713472629	-0.0526071261792	-0.022151653786	0.0633836724702	0.0645870686098	-0.0355930481659	0.01207331296	0.0655923578318	0.0431075143114	-0.00807255100338	-0.0184760037718	-0.115354073908	-0.00603678723876	0.0309032975562	0.0811951924172	-0.0517479952496	0.0157810841168	-0.0412046089893	-0.0606658477513	-0.0506988133078	-0.0678595625704	-0.016881687352	-0.0135236125545	0.0339393969093	-0.0666400558242	0.00514658523362	-0.0549672171633	-0.055188404864	0.0256920153164	0.0107661189275	-0.00800411078348	-0.0199499167692	0.0342673753679	-0.0180804002234	0.0012242656284	-0.031434700152
k__Bacteria;p__Proteobacteria;c__Betaproteobacteria;o__Burkholderiales;f__Sutterellaceae;g__Parasutterella;s__Parasutterella_excrementihominis	-0.0144056343209	0.0203472642492	-0.0164835767342	-0.030701575941	-0.029114834949	0.00462312387064	-0.0306254061001	-0.0460386910163	0.0183029537583	-0.0266216343768	0.0389649686271	0.0257777181637	-0.0536731990335	-0.0197089421866	0.0191078508137	-0.0177500019213	-0.129545596476	0.00401163667201	-0.0215443915245	-0.00966658347943	-0.063957644438	-0.0196448945218	1.0	0.037184433226	0.0230151620826	0.0596205351431	0.0413439256029	0.014627211583	0.0611625826175	0.0386663612889	-0.0409457650959	-0.0331544712931	0.0941230493365	-0.0231036753053	0.000168321778488	-0.0137304302628	-0.0189524743569	0.0207546742269	-0.0160232949499	-0.0625388495389	-0.0289240937103	-0.0309603463025	0.0128834503969	-0.00394874364015	0.0415257523004	-0.00410166953801	-0.104096832519	0.0143373389314	0.0340676605359	-0.0768767112522	0.0172348220687	-0.0740950974356	0.00762181163554	-0.0732768017307	0.00788993571031	0.0256326487703	-0.0647800362241	0.0895516504689	-0.0104460552882
k__Bacteria;p__Actinobacteria;c__Actinobacteria;o__Bifidobacteriales;f__Bifidobacteriaceae;g__Bifidobacterium;s__Bifidobacterium_adolescentis	0.0309104778242	0.0240879296182	0.000676023098395	0.00935305058431	-0.00964943289092	0.043554160865	-0.0643457479734	-0.0288540755377	0.05947452529	0.0579888028373	-0.00879468786931	0.0103766093311	-0.0241015271606	0.0693539423796	0.0180540213104	0.0209433725968	0.031857066566	-0.05898602074	-0.045083286448	-0.0417895651759	0.042845172474	0.0189713472629	0.037184433226	1.0	0.0556407475026	-0.0340194325844	-0.040242872066	-0.0381504714946	0.110170412141	0.00842447483701	0.0289110369015	0.0051328707603	0.0586547529398	-0.0450965170862	-0.0412804400386	0.0127438583628	-0.0304611466362	-0.00734565439981	-0.0608196767614	-0.0655895495715	0.0640879693279	-0.0125004257202	-0.0302892477097	0.00348652937743	-0.0369634450501	-0.0243386044085	-0.0261922996266	-0.0673812701954	-0.0321223726867	-0.00693269977071	0.0129307881003	0.0398885163305	-0.0107618474004	-0.0345210720899	0.0103154948854	-0.0603426850117	-0.00669687089252	-0.106938111177	0.00557203605044
k__Bacteria;p__Firmicutes;c__Clostridia;o__Clostridiales;f__Oscillospiraceae;g__Oscillibacter;s__Oscillibacter_sp._KLE_1745	-0.0176020746332	-0.00246041623958	-0.036086922831	-0.0333942122233	-0.0252453597539	0.00561938026594	0.0220636938663	-0.0233993608336	0.0217963205869	-0.029022201438	-0.0683029977496	0.00527444697574	0.011236292531	0.00877169935957	0.0247059941853	-0.0123250351242	0.0554243403989	0.0521850348631	-0.0257835089178	-0.0309807469996	-0.0190642835378	-0.0526071261792	0.0230151620826	0.0556407475026	1.0	-0.040585990539	0.0477949733436	-0.0142877306695	0.00947068690851	-0.022554678448	-0.00570718171118	0.0427048366873	-0.0860958762059	-0.00740128042083	0.0751793529582	-0.040968018136	0.00231234830329	-0.0281952519545	-0.0393474168678	-0.00271999066578	0.0167978653207	-0.036587644202	0.0679571976066	-0.0252460927088	-0.0347629349702	0.0122575160726	-0.0262309768792	0.047024364191	-0.00419000552275	-0.0336437629969	-0.0230451556095	-0.0723281788497	-0.0318742451133	-0.0183308934193	-0.0782186005791	-0.0799697730995	0.00364990600325	-0.0566849533868	0.0206345334956
k__Bacteria;p__Bacteroidetes;c__Bacteroidia;o__Bacteroidales;f__Bacteroidaceae;g__Bacteroides;s__Bacteroides_coprophilus	0.123483903425	0.04070591515	-0.033185993811	-0.0186053342456	0.00881915351666	-0.054743503552	-0.0207961764795	-0.0205931255172	-0.024629562529	-0.0348247617592	-0.00813064100167	-0.0574807397502	0.0525099505622	-0.0125740716346	0.0443290811786	-0.0227182281271	-0.0444686136963	0.0107867008915	-0.0600089098696	-0.0961009501073	0.0454499594851	-0.022151653786	0.0596205351431	-0.0340194325844	-0.040585990539	1.0	0.100251822523	-0.00855886248815	-0.0189582602012	-0.0740692603483	0.029893484606	0.0692342197124	-0.0193696838406	-0.0560863928524	-0.0288775836644	-0.0397101995792	0.0305407674225	0.0685585946616	0.0587986071388	0.0018615436213	0.00241074237487	0.0470804975414	0.0045088595517	-0.000128883346266	-0.00754029848161	0.00845355763085	-0.0388162184458	0.102051072507	-0.0326411110037	-0.0451967438359	0.03048446302	0.0706271563724	-0.0183050402756	-0.040586502066	-0.0778256994089	-0.00844617864362	-0.0168830874147	0.0200930162481	-0.0526231165722
k__Bacteria;p__Firmicutes;c__Clostridia;o__Clostridiales;f__Lachnospiraceae;g__Roseburia;s__Roseburia_intestinalis	0.0136064579346	-0.0249384194501	-0.0256464731034	-0.0161484800903	-0.0118258409317	-0.0185276350834	0.0435066605027	0.0441757659575	0.0175238632042	-0.0150659396295	-0.0371041585021	-0.0378137928682	0.0673143190964	-0.0627711009245	-0.0211449764615	-0.00762398838165	0.0526716117172	-0.00943553078077	0.0395652141047	-0.0290244421509	0.019176919035	0.0633836724702	0.0413439256029	-0.040242872066	0.0477949733436	0.100251822523	1.0	-0.00407990792515	0.0516526143471	0.0335912277994	-0.0599968958939	0.0227035380543	-0.0220878754094	0.0217283292945	0.0157136065721	-0.039748977866	-0.0257099034956	-0.0271114481134	0.0495618084515	-0.0367723914113	-0.00234726119403	-0.0654644244305	-0.00447724716196	0.0717278926088	-0.0457732345151	-0.0388831664164	-0.00309468154004	-0.0310978243225	-0.053738172194	-0.0227155899977	-0.0345710194023	-0.0476234724353	0.0130923160805	-0.0138571497055	0.00523549832647	0.00182965591704	-0.0151733697964	0.0547343947129	-0.00190077040285
k__Bacteria;p__Firmicutes;c__Clostridia;o__Clostridiales;f__Lachnospiraceae;g__Roseburia;s__Roseburia_hominis	-0.0774108602024	-0.000425465586489	-0.0422249975914	-0.0301957335779	-0.000276080385678	-0.0422140562982	0.0354288548931	0.0251186698641	0.0189407527827	-0.0357316972706	-0.010827367301	0.0260448794143	-0.0260590307039	-0.0780790712362	0.00885448613909	-0.099538437174	-0.0470189273487	0.00328383591114	0.0205824212483	-0.0204135948327	0.0225542295795	0.0645870686098	0.014627211583	-0.0381504714946	-0.0142877306695	-0.00855886248815	-0.00407990792515	1.0	0.0912647037773	0.0216992751135	0.0347707852079	-0.0750575971061	0.023561184635	0.038946892829	0.00934662295949	-0.0718134095408	0.0064551134307	0.0200837553152	0.0108512613721	-0.0220337068916	-0.0180867553567	0.0100068716868	-0.0295315693637	0.0132607594804	0.0131096229138	0.00126460123881	0.0208495598862	-0.0122673114093	0.0644300601583	0.0434853276639	0.0357727258204	-0.075043462296	0.0684720065889	-0.0398327768283	0.106810926041	-0.0640652981589	0.00989460303693	-0.0187659299526	-0.00208033070384
k__Bacteria;p__Bacteroidetes;c__Bacteroidia;o__Bacteroidales;f__Porphyromonadaceae;g__Parabacteroides;s__Parabacteroides_johnsonii	0.0115138138331	-0.0307141238891	-0.0146635110439	-0.0438083436157	-0.0480425233487	-0.0208057325838	0.0376497981406	0.000165549933776	-0.034284724949	-0.0185585831693	-0.00405299640724	-0.00293642151569	-0.0286503952046	-0.0538843535363	0.0233216931435	-0.0351994260543	-0.0518343806649	0.00937066123567	0.0105802503067	0.00723688952644	-0.0147054957422	-0.0355930481659	0.0611625826175	0.110170412141	0.00947068690851	-0.0189582602012	0.0516526143471	0.0912647037773	1.0	-0.0167954449518	-0.0679147055064	-0.0397810842101	-0.00380018231168	-0.0321816915927	0.010282495121	-0.0515195663946	-0.0660418278966	0.0120904991965	-0.0127454339923	-0.0541334271862	-0.0132753947649	0.0209800470092	-0.00840126940712	-0.0137742401764	-0.00321957008169	-0.00929124155826	-0.0306525241588	-0.0310581268276	-0.0109485614225	0.0284561883025	0.0178340523454	0.0151869502509	-0.0487014726044	0.0231763765554	-0.0535712710819	0.00689732158193	0.0344074686477	-0.0711199997502	-0.0310956834246
k__Bacteria;p__Actinobacteria;c__Actinobacteria;o__Bifidobacteriales;f__Bifidobacteriaceae;g__Bifidobacterium;s__Bifidobacterium_longum	-0.0198878910742	-0.0659856076843	-0.0262453288972	-0.0142258164166	-0.0391508929867	0.0374974127221	-0.0033576246619	-0.010667400578	-0.0429994324885	0.0508829508508	-0.0205281339341	-0.0318155942301	-0.0132383422086	-0.024386147188	-0.00756169537845	-0.0119173745195	-0.029424107924	-0.0184628364317	-0.0095066211168	-0.0532799298663	0.0493256849551	0.01207331296	0.0386663612889	0.00842447483701	-0.022554678448	-0.0740692603483	0.0335912277994	0.0216992751135	-0.0167954449518	1.0	-0.0122171611575	-0.019290348941	-0.0182436233188	-0.0321479676757	-0.0406146199729	-0.0813651797925	-0.0192571126628	-0.0371545858011	-0.010087362782	-0.0220203848728	-0.00518943674063	-0.0164471634844	0.0292803137679	-0.0958325312663	-0.038638883423	0.0855908536006	-0.00515774010658	-0.0235307621067	0.0422724706729	-0.0235053684407	-0.0515567167874	-0.0177869537989	-0.0345934781278	-0.0356507975363	-0.00292452479333	-0.0661991327479	-0.00394601844981	0.0144197616288	0.0395721249832
