#taxonomy	k__Bacteria;p__Bacteroidetes;c__Bacteroidia;o__Bacteroidales;f__Bacteroidaceae;g__Bacteroides;s__Bacteroides_vulgatus	k__Bacteria;p__Bacteroidetes;c__Bacteroidia;o__Bacteroidales;f__Bacteroidaceae;g__Bacteroides;s__Bacteroides_uniformis	k__Bacteria;p__Bacteroidetes;c__Bacteroidia;o__Bacteroidales;f__Rikenellaceae;g__Alistipes;s__Alistipes_putredinis	k__Bacteria;p__Bacteroidetes;c__Bacteroidia;o__Bacteroidales;f__Prevotellaceae;g__Prevotella;s__Prevotella_copri	k__Bacteria;p__Bacteroidetes;c__Bacteroidia;o__Bacteroidales;f__Bacteroidaceae;g__Bacteroides;s__Bacteroides_stercoris	k__Bacteria;p__Bacteroidetes;c__Bacteroidia;o__Bacteroidales;f__Bacteroidaceae;g__Bacteroides;s__Bacteroides_ovatus	k__Bacteria;p__Bacteroidetes;c__Bacteroidia;o__Bacteroidales;f__Rikenellaceae;g__Alistipes;s__Alistipes_shahii	k__Bacteria;p__Firmicutes;c__Clostridia;o__Clostridiales;f__Ruminococcaceae;g__Faecalibacterium;s__Faecalibacterium_prausnitzii	k__Bacteria;p__Bacteroidetes;c__Bacteroidia;o__Bacteroidales;f__Rikenellaceae;g__Alistipes;s__Alistipes_finegoldii	k__Bacteria;p__Bacteroidetes;c__Bacteroidia;o__Bacteroidales;f__Porphyromonadaceae;g__Parabacteroides;s__Parabacteroides_distasonis	k__Bacteria;p__Bacteroidetes;c__Bacteroidia;o__Bacteroidales;f__Bacteroidaceae;g__Bacteroides;s__Bacteroides_thetaiotaomicron	k__Bacteria;p__Bacteroidetes;c__Bacteroidia;o__Bacteroidales;f__Bacteroidaceae;g__Bacteroides;s__Bacteroides_coprocola	k__Bacteria;p__Bacteroidetes;c__Bacteroidia;o__Bacteroidales;f__Bacteroidaceae;g__Bacteroides;s__Bacteroides_cellulosilyticus	k__Bacteria;p__Bacteroidetes;c__Bacteroidia;o__Bacteroidales;f__Rikenellaceae;g__Alistipes;s__Alistipes_obesi	k__Bacteria;p__Firmicutes;c__Clostridia;o__Clostridiales;f__Lachnospiraceae;g__;s__[Eubacterium]_rectale	k__Bacteria;p__Bacteroidetes;c__Bacteroidia;o__Bacteroidales;f__Bacteroidaceae;g__Bacteroides;s__Bacteroides_plebeius	k__Bacteria;p__Bacteroidetes;c__Bacteroidia;o__Bacteroidales;f__Bacteroidaceae;g__Bacteroides;s__Bacteroides_fragilis	k__Bacteria;p__Proteobacteria;c__Betaproteobacteria;o__Burkholderiales;f__Sutterellaceae;g__Sutterella;s__Sutterella_wadsworthensis	k__Bacteria;p__Bacteroidetes;c__Bacteroidia;o__Bacteroidales;f__Porphyromonadaceae;g__Barnesiella;s__Barnesiella_intestinihominis	k__Bacteria;p__Bacteroidetes;c__Bacteroidia;o__Bacteroidales;f__Odoribacteraceae;g__Odoribacter;s__Odoribacter_splanchnicus	k__Bacteria;p__Bacteroidetes;c__Bacteroidia;o__Bacteroidales;f__Bacteroidaceae;g__Bacteroides;s__Bacteroides_salyersiae	k__Bacteria;p__Firmicutes;c__Clostridia;o__Clostridiales;f__Ruminococcaceae;g__Ruminiclostridium;s__[Eubacterium]_siraeum	k__Bacteria;p__Proteobacteria;c__Betaproteobacteria;o__Burkholderiales;f__Sutterellaceae;g__Parasutterella;s__Parasutterella_excrementihominis	k__Bacteria;p__Actinobacteria;c__Actinobacteria;o__Bifidobacteriales;f__Bifidobacteriaceae;g__Bifidobacterium;s__Bifidobacterium_adolescentis	k__Bacteria;p__Firmicutes;c__Clostridia;o__Clostridiales;f__Oscillospiraceae;g__Oscillibacter;s__Oscillibacter_sp._KLE_1745	k__Bacteria;p__Bacteroidetes;c__Bacteroidia;o__Bacteroidales;f__Bacteroidaceae;g__Bacteroides;s__Bacteroides_coprophilus	k__Bacteria;p__Firmicutes;c__Clostridia;o__Clostridiales;f__Lachnospiraceae;g__Roseburia;s__Roseburia_intestinalis	k__Bacteria;p__Firmicutes;c__Clostridia;o__Clostridiales;f__Lachnospiraceae;g__Roseburia;s__Roseburia_hominis	k__Bacteria;p__Bacteroidetes;c__Bacteroidia;o__Bacteroidales;f__Porphyromonadaceae;g__Parabacteroides;s__Parabacteroides_johnsonii	k__Bacteria;p__Actinobacteria;c__Actinobacteria;o__Bifidobacteriales;f__Bifidobacteriaceae;g__Bifidobacterium;s__Bifidobacterium_longum	k__Bacteria;p__Firmicutes;c__Clostridia;o__Clostridiales;f__;g__Flavonifractor;s__Flavonifractor_plautii	k__Bacteria;p__Firmicutes;c__Clostridia;o__Clostridiales;f__Clostridiaceae;g__Clostridium;s__Clostridium_phoceensis	k__Bacteria;p__Verrucomicrobia;c__Verrucomicrobiae;o__Verrucomicrobiales;f__Akkermansiaceae;g__Akkermansia;s__Akkermansia_muciniphila	k__Bacteria;p__Bacteroidetes;c__Bacteroidia;o__Bacteroidales;f__Prevotellaceae;g__Paraprevotella;s__Paraprevotella_xylaniphila	k__Bacteria;p__Firmicutes;c__Clostridia;o__Clostridiales;f__Ruminococcaceae;g__Ruminococcus;s__Ruminococcus_callidus	k__Bacteria;p__Bacteroidetes;c__Bacteroidia;o__Bacteroidales;f__Rikenellaceae;g__Alistipes;s__Alistipes_senegalensis	k__Bacteria;p__Firmicutes;c__Clostridia;o__Clostridiales;f__Lachnospiraceae;g__Blautia;s__Blautia_sp._KLE_1732	k__Bacteria;p__Bacteroidetes;c__Bacteroidia;o__Bacteroidales;f__Bacteroidaceae;g__Bacteroides;s__Bacteroides_oleiciplenus	k__Bacteria;p__Firmicutes;c__Clostridia;o__Clostridiales;f__Ruminococcaceae;g__Ruminococcus;s__Ruminococcus_bicirculans	k__Bacteria;p__Bacteroidetes;c__Bacteroidia;o__Bacteroidales;f__Bacteroidaceae;g__Bacteroides;s__Bacteroides_fluxus	k__Bacteria;p__Bacteroidetes;c__Bacteroidia;o__Bacteroidales;f__Prevotellaceae;g__Prevotella;s__Prevotella_stercorea	k__Bacteria;p__Firmicutes;c__Clostridia;o__Clostridiales;f__Lachnospiraceae;g__Dorea;s__Dorea_longicatena	k__Bacteria;p__Firmicutes;c__Clostridia;o__Clostridiales;f__Eubacteriaceae;g__Eubacterium;s__[Eubacterium]_eligens	k__Bacteria;p__Firmicutes;c__Clostridia;o__Clostridiales;f__Ruminococcaceae;g__;s__Ruminococcaceae_bacterium_D16	k__Bacteria;p__Firmicutes;c__Clostridia;o__Clostridiales;f__Lachnospiraceae;g__Coprococcus;s__Coprococcus_comes	k__Bacteria;p__Proteobacteria;c__Gammaproteobacteria;o__Enterobacterales;f__Enterobacteriaceae;g__Escherichia;s__Escherichia_coli	k__Bacteria;p__Firmicutes;c__Clostridia;o__Clostridiales;f__Ruminococcaceae;g__Anaerotruncus;s__Anaerotruncus_colihominis	k__Bacteria;p__Firmicutes;c__Clostridia;o__Clostridiales;f__Lachnospiraceae;g__Blautia;s__Blautia_obeum	k__Bacteria;p__Bacteroidetes;c__Bacteroidia;o__Bacteroidales;f__Odoribacteraceae;g__Odoribacter;s__Odoribacter_laneus	k__Bacteria;p__Firmicutes;c__Clostridia;o__Clostridiales;f__Ruminococcaceae;g__Ruminiclostridium;s__[Clostridium]_leptum	k__Bacteria;p__Bacteroidetes;c__Bacteroidia;o__Bacteroidales;f__Porphyromonadaceae;g__Parabacteroides;s__Parabacteroides_goldsteinii	k__Bacteria;p__Firmicutes;c__Clostridia;o__Clostridiales;f__Lachnospiraceae;g__Anaerostipes;s__Anaerostipes_hadrus	k__Bacteria;p__Firmicutes;c__Clostridia;o__Clostridiales;f__Ruminococcaceae;g__Ruminococcus;s__Ruminococcus_lactaris	k__Bacteria;p__Firmicutes;c__Clostridia;o__Clostridiales;f__Clostridiaceae;g__Clostridium;s__Clostridium_sp._L2-50	k__Bacteria;p__Firmicutes;c__Clostridia;o__Clostridiales;f__Clostridiaceae;g__Clostridium;s__Clostridium_sp._M62/1	k__Bacteria;p__Firmicutes;c__Clostridia;o__Clostridiales;f__;g__Intestinimonas;s__Intestinimonas_butyriciproducens	k__Bacteria;p__Actinobacteria;c__Actinobacteria;o__Bifidobacteriales;f__Bifidobacteriaceae;g__Bifidobacterium;s__Bifidobacterium_bifidum	k__Bacteria;p__Firmicutes;c__Negativicutes;o__Veillonellales;f__Veillonellaceae;g__Dialister;s__Dialister_invisus	k__Bacteria;p__Bacteroidetes;c__Bacteroidia;o__Bacteroidales;f__Bacteroidaceae;g__Bacteroides;s__Bacteroides_salanitronis
k__Bacteria;p__Bacteroidetes;c__Bacteroidia;o__Bacteroidales;f__Bacteroidaceae;g__Bacteroides;s__Bacteroides_vulgatus	1.0	-0.0651078233718	0.000354818589417	-0.023440333105	0.0315988337692	0.000108355555198	0.0195195950482	-0.012065017507	-0.0352941321509	-0.0141919752211	0.00758057904111	-0.0164516071261	-0.0448465922966	0.0160326924593	0.049689319239	-0.02638202	0.00680164238946	-0.0457073098957	-0.0117015737627	-0.05137108967	-0.00650613430846	0.00606597162063	-0.0330073961073	0.0359341759388	-0.0378376116582	-0.0972280037443	0.00745806633457	-0.0338967927086	0.0043570731464	-0.0308804223074	-0.0127475384299	-0.00157983522299	-0.00841304770617	0.0526129384427	0.0648788153292	0.0488451159047	-0.00496510044128	-0.0358430243132	0.00102979860511	0.080404593293	0.0251559707413	-0.031220564359	0.0411275785116	-0.0274700256928	-0.0290524990166	-0.0398243503229	-0.0451432213334	-0.0421197542123	-0.0172850699431	0.0116333944396	0.042308079501	-0.0265159313234	0.0105249947881	-0.0450882631273	-0.0797336738914	-0.03050820485	-0.0111037020577	-0.0212204527992	-0.0418149523387
k__Bacteria;p__Bacteroidetes;c__Bacteroidia;o__Bacteroidales;f__Bacteroidaceae;g__Bacteroides;s__Bacteroides_uniformis	-0.0651078233718	1.0	-0.0153910673284	-0.0146637165892	0.0363216044731	-0.0559250078587	-0.0370902779115	-0.0510660301878	0.0183958691644	0.0135039758618	-0.060234051818	0.000130241905865	-0.0195999677466	0.0488067977554	0.0462189350797	-0.0123805384444	0.0472638050365	-0.00603814026333	0.00883745509939	-0.00904708956479	-0.0420878178878	0.0028555371937	-0.015794080638	0.00902654099243	-0.00326286908536	-0.0391436320084	-0.0524887075952	-0.00101238431845	-0.0410113773975	0.0398430281895	-0.0206232313425	-0.0238172447517	-0.0633954815554	-0.0337753732857	0.0219021514059	-0.0436970391006	0.0400810844343	-0.0338845331174	0.0409967595467	-0.0196315950044	0.0302313741838	0.0233306178868	-0.013905167487	-0.0549966781135	0.00407315580963	-0.041260407406	-0.0110355234821	-0.0719572040283	0.000530807886981	-0.0273481600289	-0.030754206785	-0.00519930290062	0.0263139752915	0.0554762559335	0.0206551284167	0.000188405656545	-0.0204725729988	0.0326058916559	-0.0282972184652
k__Bacteria;p__Bacteroidetes;c__Bacteroidia;o__Bacteroidales;f__Rikenellaceae;g__Alistipes;s__Alistipes_putredinis	0.000354818589417	-0.0153910673284	1.0	-0.0350367911304	-0.0438523755066	-0.0116815496213	-0.0150658201054	-0.0526027993146	-0.0361821037302	0.0262973785443	-0.0359181881323	-0.00751078703848	-0.0193366394379	0.0793101179424	0.00943843937201	0.0230505936312	-0.0399217515391	-0.0509697954555	0.000654742382207	0.003211676552	-0.0734431831852	-0.00538619963418	0.0451730395832	0.0318446902609	-0.0189718304827	-0.0575267399379	0.0401576750985	0.00281176538467	0.017498501438	-0.00959280386815	-0.0522461009602	-0.0416052165956	0.0195391496602	-0.0289768733658	0.109502797971	0.0107098618132	-0.024287738027	0.00937202673634	-0.0142718283392	-0.0185744233096	-0.00590229746596	0.0675588215347	-0.0234616669633	-0.0489030306685	-0.0688746768504	-0.0654253533768	-0.00992684485326	0.0296482101664	0.0291155699979	0.0164080028426	-0.0158719829123	-0.0142570302775	-0.0411020990615	0.0124031407337	0.00566319915647	-0.00211379791053	-0.0221604603986	0.0189388475567	-0.0354519451701
k__Bacteria;p__Bacteroidetes;c__Bacteroidia;o__Bacteroidales;f__Prevotellaceae;g__Prevotella;s__Prevotella_copri	-0.023440333105	-0.0146637165892	-0.0350367911304	1.0	-0.0384155975914	-0.0243683421308	-0.00880145863323	-0.0307364781159	-0.0439951608401	0.0308762600457	-0.0153538327513	-0.00102676163878	-0.0222209915882	0.00610622126981	-0.0449467499899	0.00920796678381	0.057252804944	-0.0228140221759	0.017382487306	0.0487990315188	0.0352644305573	0.0871290299133	-0.0250191378581	-0.0305655034257	-0.035445647848	0.0318120634246	0.0177082520821	0.0350303659829	0.00129004267067	-0.0656636841499	0.00813187590489	-0.0439602296159	0.00748631428927	-0.0268018340855	-0.0431271960827	0.0350811722209	0.0292380088437	0.0312814237597	-0.0105222686009	-0.0746331365239	0.0210996820675	-0.00551284707283	-0.024297962382	-0.032942271407	-0.00654034168072	-0.0227767367082	-0.0579993757611	0.0365820441309	0.00975265451065	0.00461344606549	0.0102976178282	-0.0129759333414	-0.0325421735522	-0.0364170868534	-0.0577088997259	-0.020793313716	0.00266837803459	-0.000805537491953	-0.0543256040311
k__Bacteria;p__Bacteroidetes;c__Bacteroidia;o__Bacteroidales;f__Bacteroidaceae;g__Bacteroides;s__Bacteroides_stercoris	0.0315988337692	0.0363216044731	-0.0438523755066	-0.0384155975914	1.0	0.0253353657417	0.007662425833	0.0335737399491	-0.0176237440275	0.0237451004789	0.0597543164208	-0.0618341462174	0.0295885907437	-0.0562728130935	0.0374699059981	-0.0695682987724	-0.01257284712	-0.0559968662021	-0.0413891145741	-0.00347346952704	-0.0448410137476	0.0524685250964	0.0191762606697	-0.0112597109754	-0.0635927834639	-0.0505838803515	-0.0239508209646	0.0182919765326	-0.050227540343	-0.0338515235747	-0.0467514766372	-0.0337160377088	-0.000387479343419	-0.0349891912968	-0.0267108921265	-0.0531679819693	-0.0355224290888	-0.0774427797698	-0.0535282583439	0.0117928463878	0.0520673690194	0.050122727858	0.0171665790932	0.0648010931155	-0.0306375393302	0.0256511038339	0.0818767453427	-0.0812206389965	-0.0547796977056	0.0434522555442	0.0193765688249	0.028827297072	-0.0526224543646	0.0337280671425	-0.0361501085994	0.0333268768248	-0.0235323496418	-0.0157979593848	-0.00783908988486
k__Bacteria;p__Bacteroidetes;c__Bacteroidia;o__Bacteroidales;f__Bacteroidaceae;g__Bacteroides;s__Bacteroides_ovatus	0.000108355555198	-0.0559250078587	-0.0116815496213	-0.0243683421308	0.0253353657417	1.0	0.00615490584565	0.00358601259552	-0.0182318733382	0.0246829591721	0.0452484520748	-0.0340782152172	-0.0396829087691	-0.0145205150856	0.0388407341042	-0.0531026599564	0.03784476691	0.0136551065994	-0.00995146684048	-0.0409790392589	-0.0524461974256	-0.0337178299772	0.0030760571827	-0.0368812909859	-0.0768068830774	-0.0535413041582	-0.0251581375181	0.00752903564303	0.0308714684919	0.0710338621253	0.00400981924554	-0.0211262853964	0.0295403013981	0.0125192949516	0.0210016262618	0.0274447433592	0.0374183854079	-0.026568351263	-0.0160095338993	-0.0286212718618	-0.00396439507027	-0.0168348923737	0.0487235455783	-0.0138183920231	0.0368200119781	-0.0256917124393	-0.0589384918194	-8.91029415494e-05	0.00878935526565	-0.0673374230201	-0.0382769973354	-0.00184697796212	-0.0477139876008	0.0236931755918	-0.0205382049522	-0.0657371335728	-0.0390081155417	0.0308123785702	0.0621690445922
k__Bacteria;p__Bacteroidetes;c__Bacteroidia;o__Bacteroidales;f__Rikenellaceae;g__Alistipes;s__Alistipes_shahii	0.0195195950482	-0.0370902779115	-0.0150658201054	-0.00880145863323	0.007662425833	0.00615490584565	1.0	0.000665774866357	-0.0158266192318	-0.0340691773547	-0.0283127322534	0.00828078587528	-0.0353800305483	-0.0750928152206	-0.0249248960961	0.0606475880971	-0.0188248681047	-0.0424344990174	0.057214867652	0.0481719820666	-0.0235916921273	-0.0408060277609	-0.0089055066586	-0.0329370775353	-0.00123033991735	0.00519427301586	0.0112594391612	-0.0378448290886	0.0400034211026	-0.000814933048919	-0.0391570738402	-0.00478444257969	-0.00526156028102	-0.0568974881166	-0.0476209390021	-0.0186510657364	-0.0148235410446	-0.00804982284989	0.00623694394958	-0.0447647221812	-0.018393264227	-0.0133264150731	-0.0393724412431	-0.00967098020676	-0.0957497527729	0.028221939908	-0.0021192036462	0.00910150704338	-0.0157850453968	-0.00761611665528	0.0134180886965	0.0729309151732	0.011749102685	-0.0187283778858	-0.0158838984399	-0.0866936540764	-0.0447298150681	0.0294068187735	-0.038119557942
k__Bacteria;p__Firmicutes;c__Clostridia;o__Clostridiales;f__Ruminococcaceae;g__Faecalibacterium;s__Faecalibacterium_prausnitzii	-0.012065017507	-0.0510660301878	-0.0526027993146	-0.0307364781159	0.0335737399491	0.00358601259552	0.000665774866357	1.0	0.00478243959515	0.0186156329655	0.0235159929645	0.0375886074803	0.0289239191028	0.0270980575691	-0.0478623030202	-0.06237515847	-0.0182378044722	-0.0471679232901	0.0362001746385	-0.0373496045697	-0.0910259630316	0.00757202271119	-0.00678753004803	-0.0104477515546	-0.0410222134438	0.0160000969907	0.0289154706642	-0.00475026200319	-0.0167976726283	-0.0507824857388	-0.0377108905723	-0.0543227274801	-0.00604443097755	-0.00194391475697	-0.0255077351951	0.00184335407932	-0.0534308478278	-0.0790792735412	-0.0820916908421	-0.024964896092	0.00129725542757	-0.0565712092789	0.0434669240666	-0.0464385684305	0.0084786327836	0.101863359925	0.00942254351479	-0.0813754888306	-0.0364535158848	-0.0410653688334	0.00133338002174	0.010785801171	-0.0439070105768	-0.0234625108287	0.0298176502949	-0.01063579921	0.00866112005079	0.0329320609462	0.031507114438
k__Bacteria;p__Bacteroidetes;c__Bacteroidia;o__Bacteroidales;f__Rikenellaceae;g__Alistipes;s__Alistipes_finegoldii	-0.0352941321509	0.0183958691644	-0.0361821037302	-0.0439951608401	-0.0176237440275	-0.0182318733382	-0.0158266192318	0.00478243959515	1.0	-0.0341986468201	0.0105044929019	-0.0482157390805	-0.0133476148119	-0.066038842478	0.0179303627427	-0.0383423641179	-0.0635211038846	-0.0717690036233	0.0426286291621	0.0176399532658	0.033089137762	-0.0507558872236	-0.0145024433409	0.036767235466	0.00454014560805	0.00801161138469	0.00113333079101	0.00322813837882	-0.029958689101	-0.0942375131129	0.0511344812787	0.0158539306217	0.0476852647745	0.0385811800844	0.00995889541269	-0.0222965644016	-0.00463844558602	0.00602496030088	-0.0821694450811	-0.0369042222217	-0.0628795016189	-0.0137255923939	0.0147528966734	0.076001441162	-0.0309361162668	0.00384129486475	-0.0463277488764	0.028427100383	0.0344599816814	-0.0245512041963	0.0780301910937	0.0603655712043	-0.0447901669863	-0.0262582389956	-0.0465402444153	0.0362337172423	-0.0242578421407	-0.0126132726975	-0.0443790089483
k__Bacteria;p__Bacteroidetes;c__Bacteroidia;o__Bacteroidales;f__Porphyromonadaceae;g__Parabacteroides;s__Parabacteroides_distasonis	-0.0141919752211	0.0135039758618	0.0262973785443	0.0308762600457	0.0237451004789	0.0246829591721	-0.0340691773547	0.0186156329655	-0.0341986468201	1.0	0.0326923742364	0.0284173773041	-0.0503990907114	0.0163990831716	0.0440882812659	-0.0799469881773	0.0119172875157	0.00518809857364	-0.0194877349052	-0.0421804360737	-0.00103431397377	-0.0634610790918	-0.0288893907959	-0.00917385746462	0.0200259867091	-0.00255794169614	0.0161740212891	-0.0572899376491	0.00943281187056	-0.022966778266	-0.0729218973139	-0.00936152249232	0.0437077530436	0.0198157909607	0.0837486440797	-0.0233624094489	0.0082421678208	-0.0255454479657	0.0135201045103	0.0148199323133	0.021440047531	0.015055096492	0.00821699678943	-0.0764471294461	-0.00163377530276	-0.0509630921319	-0.0549186555622	-0.0478303968085	0.0045426225208	-0.0442100607896	0.0379493102067	-0.0545884191221	-0.0141206913441	-0.0825909818161	-0.0413860111083	-0.0093927311692	-0.0763009587902	-0.0254050677923	-0.0611723068738
k__Bacteria;p__Bacteroidetes;c__Bacteroidia;o__Bacteroidales;f__Bacteroidaceae;g__Bacteroides;s__Bacteroides_thetaiotaomicron	0.00758057904111	-0.060234051818	-0.0359181881323	-0.0153538327513	0.0597543164208	0.0452484520748	-0.0283127322534	0.0235159929645	0.0105044929019	0.0326923742364	1.0	-0.00339951556354	-0.00284249568058	-0.0441797808803	-0.0571149479537	-0.0427216206866	0.0990214211495	-0.0452265884104	0.0204521769691	0.0384348200628	0.0483220420637	-0.0905366027028	0.0571860554956	-0.048274971556	0.0186471099419	0.0165031655439	0.0324369629038	0.0147987214101	0.0231961842241	0.000582966219483	-0.0406928310378	-0.0390256097625	-0.0671102981119	0.0199399851931	-0.00929165248083	-0.0866518838682	-0.0136770823977	-0.0495023870437	0.0138906752452	0.013166803118	0.0437880998917	-0.00571568000175	0.00973657093511	-0.00580192923796	0.00480321383065	0.0307806993606	0.0326643148096	-0.00559572178118	0.0375443448002	0.0318595960566	0.00838551180682	0.053898359076	0.0513916855059	-0.110226999838	-0.0110238475307	-0.046650677146	-0.0708517676562	-0.0939433065081	0.0489058144096
k__Bacteria;p__Bacteroidetes;c__Bacteroidia;o__Bacteroidales;f__Bacteroidaceae;g__Bacteroides;s__Bacteroides_coprocola	-0.0164516071261	0.000130241905865	-0.00751078703848	-0.00102676163878	-0.0618341462174	-0.0340782152172	0.00828078587528	0.0375886074803	-0.0482157390805	0.0284173773041	-0.00339951556354	1.0	-0.0403779567659	-0.0279434556192	-0.0567236026011	0.000452450020979	-0.00100175548409	0.0019229859201	-0.0586110189991	0.0165371816872	0.0192066107505	-0.0881644693553	0.00468512386763	-0.0235566222285	0.0515491560054	0.0473588783239	0.0547954460981	0.0354034782193	-0.041406817516	-0.0077413436592	-0.0173408483597	-0.00151047868543	-0.010676881672	-0.00683757842825	-0.0275540664095	0.0312822614734	-0.0145848675626	0.0203567744855	-0.0414797859511	-0.0160582625032	0.0725850031982	-0.0273898618092	-0.0380445277036	-0.101933016218	0.0151463433929	-0.0590704077805	0.034751863806	0.0130949618438	-0.0278227548536	-0.0780818638851	0.0267726022656	-0.0160585999701	-0.00680356125484	-0.0176293258981	0.0609420679712	-0.0461942676923	-0.0187061615076	-0.00638542824874	0.0432491855871
k__Bacteria;p__Bacteroidetes;c__Bacteroidia;o__Bacteroidales;f__Bacteroidaceae;g__Bacteroides;s__Bacteroides_cellulosilyticus	-0.0448465922966	-0.0195999677466	-0.0193366394379	-0.0222209915882	0.0295885907437	-0.0396829087691	-0.0353800305483	0.0289239191028	-0.0133476148119	-0.0503990907114	-0.00284249568058	-0.0403779567659	1.0	-0.0304292919904	-0.02580988999	0.0143168846225	-0.0398168778826	0.0322926107305	0.00688556270866	0.0336648008014	0.0118356039253	0.00689914751573	0.0110348657027	-0.0416849179472	-0.0410169122212	-0.0473792014401	0.0108200117654	-0.0167830983092	0.0123708451051	-0.0415495803984	-0.062452487307	-0.0585249157519	-0.0248711276448	-0.0142556805539	-0.0141398652876	-0.0184130592724	-0.0173627896837	-0.0340857875747	-0.0203327363673	0.10667965748	0.0198441701239	0.0081333129485	0.0742928635528	0.00979226986197	-0.00300021819594	-0.00302858676102	0.0580033287342	-0.0338736887917	0.00987657958129	-0.012208283491	0.0176330079018	-0.0512337206922	0.00847610581825	-0.01176449156	-0.0416745903257	0.0262148078407	-0.00852684101322	-0.0355967351832	-0.0693392719666
k__Bacteria;p__Bacteroidetes;c__Bacteroidia;o__Bacteroidales;f__Rikenellaceae;g__Alistipes;s__Alistipes_obesi	0.0160326924593	0.0488067977554	0.0793101179424	0.00610622126981	-0.0562728130935	-0.0145205150856	-0.0750928152206	0.0270980575691	-0.066038842478	0.0163990831716	-0.0441797808803	-0.0279434556192	-0.0304292919904	1.0	-0.00548451774875	-0.0260671643436	0.00957198851487	0.00819075694039	-0.0284277024487	-0.0781064516911	-0.00446288663993	0.0232621157871	0.00806191545018	0.0201789637616	-0.00982953455313	0.0425905987653	-0.031053823591	0.016234780793	0.0313956989263	0.0656004921306	0.0298040934091	0.018902056207	-0.0527990889005	0.023204657083	-0.0564285840752	-0.00704602337137	0.0343709914628	-0.0627400627795	-0.070564684735	-0.0552660423225	0.0175921073468	-0.0221314035207	0.0073553189034	-0.0733740166588	0.0181502181507	-0.0187778960015	-0.0868282775559	0.0135684377507	-0.0106760503526	0.0416501007718	-0.110848100953	0.00433725148036	0.0240361657132	-0.0295789495939	0.0195576062653	-0.0317809366643	-0.0333994381259	0.00727730428082	0.00238557704126
k__Bacteria;p__Firmicutes;c__Clostridia;o__Clostridiales;f__Lachnospiraceae;g__;s__[Eubacterium]_rectale	0.049689319239	0.0462189350797	0.00943843937201	-0.0449467499899	0.0374699059981	0.0388407341042	-0.0249248960961	-0.0478623030202	0.0179303627427	0.0440882812659	-0.0571149479537	-0.0567236026011	-0.02580988999	-0.00548451774875	1.0	0.0916722228372	-0.0025280590233	-0.0513024970194	-0.0853023540852	-0.0277737245992	-0.0515918934454	0.0645365829535	0.0289897889984	-0.00747468583121	-0.0394956974347	-0.0786407102253	0.0115562405798	0.0170820370179	-0.0171347492124	-0.029708462351	-0.00456675639904	-0.0225604843405	0.00895028616763	-0.00895637857006	-0.03035431252	0.0320304438764	0.0262111481135	0.0245135847312	-0.0112138609288	0.00457623811026	-0.0495112786358	-0.013840287429	-0.000198931543168	0.00800096308799	-0.0550642956533	-0.0587515301747	0.0510429660816	-0.0199555587609	0.00303982090596	-0.0474372891376	0.041158705376	-0.0100406801221	0.0971125264125	-0.0518992425026	-0.0121383046134	-0.0272527152214	-0.00207649670944	-0.0425071861023	-0.0723259825596
k__Bacteria;p__Bacteroidetes;c__Bacteroidia;o__Bacteroidales;f__Bacteroidaceae;g__Bacteroides;s__Bacteroides_plebeius	-0.02638202	-0.0123805384444	0.0230505936312	0.00920796678381	-0.0695682987724	-0.0531026599564	0.0606475880971	-0.06237515847	-0.0383423641179	-0.0799469881773	-0.0427216206866	0.000452450020979	0.0143168846225	-0.0260671643436	0.0916722228372	1.0	0.0817533400564	-0.0438265543929	-0.0267997935327	-0.0878748089988	-0.0143627270456	0.0358106338856	-0.0638170574892	-0.0833037247115	0.0158056015379	-0.0353213627975	-0.00515990705784	0.0438409042305	0.00774954806885	-0.00355567537908	0.0374507179958	-0.0413974840102	0.0151121957895	-0.0247758779889	-0.0114643298728	-0.00888784619016	-0.0186681929581	-0.00696167793996	0.0549917179977	-0.0158068042174	-0.0337496935699	-0.00571963997265	-0.0226321033946	-0.0044464768397	-0.0216142230306	-0.0427324137192	-0.030242602524	0.060174837312	0.00568691319573	-0.0338358945974	-0.00761088500319	0.103305040954	-0.0112200955631	-0.0171081393861	-0.036769397617	-0.0242393263702	-0.0250748392994	0.0198563485396	0.0126200493997
k__Bacteria;p__Bacteroidetes;c__Bacteroidia;o__Bacteroidales;f__Bacteroidaceae;g__Bacteroides;s__Bacteroides_fragilis	0.00680164238946	0.0472638050365	-0.0399217515391	0.057252804944	-0.01257284712	0.03784476691	-0.0188248681047	-0.0182378044722	-0.0635211038846	0.0119172875157	0.0990214211495	-0.00100175548409	-0.0398168778826	0.00957198851487	-0.0025280590233	0.0817533400564	1.0	0.00479163234777	-0.0503951392629	0.0290511529531	0.0348751092453	-0.00648840418281	0.0355878866725	-0.0658835334132	0.0376076917822	-0.0348408007772	0.0455257943116	-0.0323273886059	-0.00286207408164	-0.0358512047251	-0.0188090680002	-0.0353606931728	-0.0268863789743	0.00994786182145	-0.0655565426216	-0.0587786532227	0.0280916852342	-0.0431199803817	0.0301687717336	-0.00791380291085	-0.0312281769905	-0.0506002468547	-0.0154456100041	0.00414660029318	-0.018467269878	0.0263867143976	0.0723202335192	0.00689954972591	0.0207626881655	0.020016313757	-0.0325328129522	-0.0324871505049	0.00892710003	-0.0394800649124	-0.0156083063603	-0.0935057035108	-0.0724035955226	-0.0293069941932	0.0151880922361
k__Bacteria;p__Proteobacteria;c__Betaproteobacteria;o__Burkholderiales;f__Sutterellaceae;g__Sutterella;s__Sutterella_wadsworthensis	-0.0457073098957	-0.00603814026333	-0.0509697954555	-0.0228140221759	-0.0559968662021	0.0136551065994	-0.0424344990174	-0.0471679232901	-0.0717690036233	0.00518809857364	-0.0452265884104	0.0019229859201	0.0322926107305	0.00819075694039	-0.0513024970194	-0.0438265543929	0.00479163234777	1.0	0.00972615618916	-0.0337523498491	-0.0273260521752	-0.0158359685859	0.0195912070635	-0.000695972793087	-0.00340756304111	0.00664615861609	0.00568639368614	0.0500064551867	0.0365311147346	-0.00247611428911	-0.0333583346126	-0.0472828007424	-0.00974523266481	-0.00632159284265	-0.000890295760437	0.00601683209634	0.0403080905115	-0.0168456077094	0.0484266641673	-0.0102875319149	0.0189573790167	-0.0229424159771	-0.0491026817333	-0.00892104998419	0.0637673540056	0.0449522286049	-0.00121746468103	-0.0368509660777	-0.000174865138042	-0.0285218129483	-0.0684326355509	-0.0537082724602	-0.0599635074432	0.0405412860506	0.0067233017707	-0.00838750978454	0.0336788619347	0.0265347304325	0.01013008912
k__Bacteria;p__Bacteroidetes;c__Bacteroidia;o__Bacteroidales;f__Porphyromonadaceae;g__Barnesiella;s__Barnesiella_intestinihominis	-0.0117015737627	0.00883745509939	0.000654742382207	0.017382487306	-0.0413891145741	-0.00995146684048	0.057214867652	0.0362001746385	0.0426286291621	-0.0194877349052	0.0204521769691	-0.0586110189991	0.00688556270866	-0.0284277024487	-0.0853023540852	-0.0267997935327	-0.0503951392629	0.00972615618916	1.0	0.0141907327672	-0.0244077709704	0.00479234540803	-0.0290430720867	0.0243226241101	-0.00618565545018	-0.0314778109452	0.00772089471242	-0.0493629301722	-0.0239051538454	-0.0524908284964	-0.0532406481668	-0.0161809314862	0.0371229252226	-0.0353193240156	-0.0010855014294	-0.00134638312958	-0.0120017686502	0.0158915189818	-0.0759698471089	-0.0388711928385	0.035695926215	-0.0122284174954	-0.0443921218428	-0.0068038619461	-0.0110175943166	0.0171090551856	0.00148906288159	0.0026955622616	-0.00163857822333	0.0165620270175	-0.00649533786314	-0.0174412042597	-0.0976137317081	0.0170149554456	-0.0228210034875	0.00211301328226	-0.00766188146876	0.050961801262	-0.00787157613725
k__Bacteria;p__Bacteroidetes;c__Bacteroidia;o__Bacteroidales;f__Odoribacteraceae;g__Odoribacter;s__Odoribacter_splanchnicus	-0.05137108967	-0.00904708956479	0.003211676552	0.0487990315188	-0.00347346952704	-0.0409790392589	0.0481719820666	-0.0373496045697	0.0176399532658	-0.0421804360737	0.0384348200628	0.0165371816872	0.0336648008014	-0.0781064516911	-0.0277737245992	-0.0878748089988	0.0290511529531	-0.0337523498491	0.0141907327672	1.0	0.0903295518457	-0.0219866796647	0.00920934153015	-0.0265275494395	-0.0589446458246	-0.0306324839518	0.0161419232688	0.056980154828	-0.036910417613	-0.0154693923397	0.0275588365425	-0.0453884965731	0.0310095417173	-0.0312213868695	0.034769847559	0.0253172003209	-0.0200727301381	-0.00198282893531	-0.055168179088	-0.0811338146079	0.0120000225897	-0.0215505820759	-0.0290656369753	-0.020231115324	-0.070130005765	-0.0125538682236	-0.00496133819644	-0.0811281385608	0.079570323695	0.018968249316	-0.0724269990102	0.031377125016	-0.011489813408	-0.0577221468894	-0.033205787844	0.0411963814563	0.030233384865	-0.00456203406504	-0.0219816730582
k__Bacteria;p__Bacteroidetes;c__Bacteroidia;o__Bacteroidales;f__Bacteroidaceae;g__Bacteroides;s__Bacteroides_salyersiae	-0.00650613430846	-0.0420878178878	-0.0734431831852	0.0352644305573	-0.0448410137476	-0.0524461974256	-0.0235916921273	-0.0910259630316	0.033089137762	-0.00103431397377	0.0483220420637	0.0192066107506	0.0118356039253	-0.00446288663993	-0.0515918934454	-0.0143627270456	0.0348751092453	-0.0273260521752	-0.0244077709704	0.0903295518457	1.0	-0.0541243503304	-0.0235317924108	-0.0571825250098	0.0642791698364	0.00820620581605	-0.0617056959941	-0.0650693689954	0.0167018320195	-0.0799703357312	-0.0131890986725	-0.048502709069	0.0208447833845	0.00755743614467	0.0237470545466	-0.0201327114473	0.0292481931125	-0.0164755936768	-0.0179535645731	-0.0344099129506	-0.00651236907384	-0.00673572423621	-0.000996775280572	-0.0547471763396	-0.0375371643843	-0.00817952861314	-0.0772165356961	-0.012261927419	0.0480356846059	0.00788428707253	0.0277661737414	-0.0171464014228	-0.0481364116614	-0.0358293452689	0.00248877582309	-0.0241424655139	0.00793081137734	-0.0186899066286	-0.0390148541704
k__Bacteria;p__Firmicutes;c__Clostridia;o__Clostridiales;f__Ruminococcaceae;g__Ruminiclostridium;s__[Eubacterium]_siraeum	0.00606597162063	0.0028555371937	-0.00538619963418	0.0871290299133	0.0524685250964	-0.0337178299772	-0.0408060277609	0.00757202271119	-0.0507558872236	-0.0634610790918	-0.0905366027028	-0.0881644693553	0.00689914751573	0.0232621157871	0.0645365829535	0.0358106338856	-0.00648840418281	-0.0158359685859	0.00479234540803	-0.0219866796647	-0.0541243503304	1.0	-0.0245036897242	-0.0110631582922	-0.0287004325041	-0.0459311680873	0.0110196023037	0.0258908008941	-0.0247596671347	0.00684906086017	0.000387491355713	-0.0490014058637	-0.0385430080145	-0.00483586004644	-0.000638974162239	0.0111678782749	-0.000283213485666	0.0182129806545	-0.0135505047442	-0.0131425890459	-0.0341261578811	-0.00377980565472	-0.049303606473	0.0604475041138	-0.00147735198105	0.00508844960158	0.0263858700729	-0.108882325019	0.0327184250783	0.00269996355078	-0.0486130866224	0.0162816574244	-0.0150809108457	-0.00322495430375	0.00948815011402	-0.0370454806228	-0.00911385478167	-0.0114479567847	-0.117287034728
k__Bacteria;p__Proteobacteria;c__Betaproteobacteria;o__Burkholderiales;f__Sutterellaceae;g__Parasutterella;s__Parasutterella_excrementihominis	-0.0330073961073	-0.015794080638	0.0451730395832	-0.0250191378581	0.0191762606697	0.0030760571827	-0.0089055066586	-0.00678753004803	-0.0145024433409	-0.0288893907959	0.0571860554956	0.00468512386763	0.0110348657027	0.00806191545018	0.0289897889984	-0.0638170574892	0.0355878866725	0.0195912070635	-0.0290430720867	0.00920934153015	-0.0235317924108	-0.0245036897242	1.0	0.00664872552776	-0.0474746852838	-0.0283588041578	0.0558849047286	-0.0220734116742	0.0203971671567	-0.046560926546	-0.0373098890812	-0.0698491219597	0.0253011016675	-0.0106796907074	0.00932422123444	-0.0307437611985	-0.0718598845983	0.00756704907641	-0.0284739808591	-0.0361732113516	0.0279474439559	-0.00606955446992	-0.0248953946845	-0.0247132870826	0.0828338255434	-0.0469923558318	-0.0384270078269	-0.0103064498725	6.777189866e-05	0.00942503895788	0.100727729188	-0.00228727587763	0.0406092838078	0.00140588694898	0.061768775567	-0.12534839898	0.00868188278237	-0.0109912438052	0.00308485229477
k__Bacteria;p__Actinobacteria;c__Actinobacteria;o__Bifidobacteriales;f__Bifidobacteriaceae;g__Bifidobacterium;s__Bifidobacterium_adolescentis	0.0359341759388	0.00902654099243	0.0318446902609	-0.0305655034257	-0.0112597109754	-0.0368812909859	-0.0329370775353	-0.0104477515546	0.036767235466	-0.00917385746462	-0.048274971556	-0.0235566222285	-0.0416849179472	0.0201789637616	-0.00747468583121	-0.0833037247115	-0.0658835334132	-0.000695972793087	0.0243226241101	-0.0265275494395	-0.0571825250098	-0.0110631582922	0.00664872552776	1.0	-0.0456223929303	-0.0298883887015	-0.0657004402377	-0.0568426481404	-0.107965816882	0.0279192804718	-0.0179738759523	-0.0139067191186	-0.0227973440185	-0.00870239152751	-0.0353994566899	-0.0372599456872	0.0405322345864	0.0133880531144	-0.0114451379138	-0.0135431449907	0.00720084570066	-0.00269651420247	0.00152740969734	-0.0108449578927	-0.0310904900503	-0.00997552754876	-0.0133720739801	0.0483431696739	-0.0106047197402	-0.0219395254965	-0.10070994977	-0.0163697235116	0.0527970541075	0.0243615538422	-0.00243463471048	0.0870332209033	-0.00771184166333	-0.0188883432051	-0.000826268122682
k__Bacteria;p__Firmicutes;c__Clostridia;o__Clostridiales;f__Oscillospiraceae;g__Oscillibacter;s__Oscillibacter_sp._KLE_1745	-0.0378376116582	-0.00326286908536	-0.0189718304827	-0.035445647848	-0.0635927834639	-0.0768068830774	-0.00123033991735	-0.0410222134438	0.00454014560805	0.0200259867091	0.0186471099419	0.0515491560054	-0.0410169122212	-0.00982953455313	-0.0394956974347	0.0158056015379	0.0376076917822	-0.00340756304111	-0.00618565545018	-0.0589446458246	0.0642791698364	-0.0287004325041	-0.0474746852838	-0.0456223929303	1.0	0.0548146218363	0.00964330508735	-0.0672628425228	-0.022928403837	0.0664872484031	-0.0344931058345	0.000553928394482	-0.0095059898867	-0.0126881041732	0.00436457372445	-0.0520255219359	0.0350191240656	-0.093957769597	0.0535798619584	0.0341690780799	0.03967825291	0.044207936521	-0.0241960198045	-0.0284081618622	-0.0310887682334	0.0161346190714	0.0153493165397	0.0545258940228	0.0103322921062	-0.00275459098496	-0.0642030609821	-0.0242282451229	0.0527990053072	-0.0651896657931	-0.0102444200332	0.0409830797627	-0.0352367266075	-0.0540576900933	-0.00824820312257
k__Bacteria;p__Bacteroidetes;c__Bacteroidia;o__Bacteroidales;f__Bacteroidaceae;g__Bacteroides;s__Bacteroides_coprophilus	-0.0972280037443	-0.0391436320084	-0.0575267399379	0.0318120634246	-0.0505838803515	-0.0535413041582	0.00519427301586	0.0160000969907	0.00801161138469	-0.00255794169614	0.0165031655439	0.0473588783239	-0.0473792014401	0.0425905987653	-0.0786407102253	-0.0353213627975	-0.0348408007772	0.00664615861609	-0.0314778109452	-0.0306324839518	0.00820620581605	-0.0459311680873	-0.0283588041578	-0.0298883887015	0.0548146218363	1.0	-0.00851290069898	-0.0353721934744	-0.00102482677297	-0.0204059872239	0.0335808045546	0.0106797319768	-0.00742065420664	-0.0448339116119	0.0140784493755	0.0218937864482	0.0121959911419	-0.0899542251154	-0.021218436512	-0.0294625741069	-0.023563966063	0.0110568552309	-0.0805706491848	-0.00802982290949	0.0430297992826	0.0311580249535	0.00393168957582	0.0366586851308	-0.0182454035455	-0.0481682740812	-0.00527103858872	-0.00595267799679	-0.00714939094906	0.00739698565787	0.020549067968	0.0103656066882	-0.02857520001	0.0543314194222	0.0712244128248
k__Bacteria;p__Firmicutes;c__Clostridia;o__Clostridiales;f__Lachnospiraceae;g__Roseburia;s__Roseburia_intestinalis	0.00745806633457	-0.0524887075952	0.0401576750985	0.0177082520821	-0.0239508209646	-0.0251581375181	0.0112594391612	0.0289154706642	0.00113333079101	0.0161740212891	0.0324369629038	0.0547954460981	0.0108200117654	-0.031053823591	0.0115562405798	-0.00515990705784	0.0455257943116	0.00568639368614	0.00772089471242	0.0161419232688	-0.0617056959941	0.0110196023037	0.0558849047286	-0.0657004402377	0.00964330508735	-0.00851290069898	1.0	-0.0220498746205	-0.120811430251	-0.0585878734717	-0.0632631561137	0.000909821375626	-0.0833770686284	-0.0593510893702	-0.00619002905809	0.016235638449	-0.0437006089367	-0.0150389493731	-0.0305691817793	-0.0155648418218	0.0348452627725	-0.0400214225686	0.00131283687988	0.046429951671	0.0215806952687	-0.0341775007677	-0.0508912285421	0.0636156144281	-0.00859659195218	0.00528163753217	0.0117914385111	-0.0427179961458	-0.0171907447189	-0.0384800368986	-0.0417106335574	-0.0229687078851	-0.0655975113186	0.0341995583385	-0.0293675942178
k__Bacteria;p__Firmicutes;c__Clostridia;o__Clostridiales;f__Lachnospiraceae;g__Roseburia;s__Roseburia_hominis	-0.0338967927086	-0.00101238431845	0.00281176538467	0.0350303659829	0.0182919765326	0.00752903564303	-0.0378448290886	-0.00475026200319	0.00322813837882	-0.0572899376491	0.0147987214101	0.0354034782193	-0.0167830983092	0.016234780793	0.0170820370179	0.0438409042305	-0.0323273886059	0.0500064551867	-0.0493629301722	0.056980154828	-0.0650693689954	0.0258908008941	-0.0220734116742	-0.0568426481404	-0.0672628425228	-0.0353721934744	-0.0220498746205	1.0	-0.0148435890947	-0.0422123863987	-0.0266112628707	-0.0541949408904	-0.00205710125731	-0.0328181598974	-0.0105183495627	-0.00928094570423	0.00992912795409	0.00512010233203	0.0048602348679	0.0686168910646	-0.085988544079	0.00322845880561	-0.00399704321491	0.0509734677423	-0.0261283773191	0.0377380051728	0.0354064335536	-0.0455000358392	0.0465137733721	-0.054792074485	-0.0883804413878	-0.0314462988063	-0.0644895156089	0.0593113802988	-0.0490373929615	0.00505184152524	0.0294912094573	-0.0631808271079	0.0104860954118
k__Bacteria;p__Bacteroidetes;c__Bacteroidia;o__Bacteroidales;f__Porphyromonadaceae;g__Parabacteroides;s__Parabacteroides_johnsonii	0.0043570731464	-0.0410113773975	0.017498501438	0.00129004267067	-0.050227540343	0.0308714684919	0.0400034211026	-0.0167976726283	-0.029958689101	0.00943281187056	0.0231961842241	-0.041406817516	0.0123708451051	0.0313956989263	-0.0171347492124	0.00774954806885	-0.00286207408164	0.0365311147346	-0.0239051538454	-0.036910417613	0.0167018320195	-0.0247596671347	0.0203971671567	-0.107965816882	-0.022928403837	-0.00102482677297	-0.120811430251	-0.0148435890947	1.0	-0.0293292590139	-0.0504311675274	-0.0225565781168	-0.0118841431905	-0.00447028102544	-0.0552185290949	0.032181548884	0.0101930600618	-0.0336539955838	0.000415259711971	-0.0161300918844	-0.000526973280425	-0.00535414219075	-0.00439644024252	-0.00649922303578	-0.0431053220155	0.0308908183057	-0.0277919676173	0.0214935842473	0.029274710441	-8.84348064357e-05	0.0936643051336	-0.0509556755577	-0.0319000367291	-0.018263773674	-0.0376214310944	-0.0243615084143	0.0554845576464	-0.030783295147	0.00481820555091
k__Bacteria;p__Actinobacteria;c__Actinobacteria;o__Bifidobacteriales;f__Bifidobacteriaceae;g__Bifidobacterium;s__Bifidobacterium_longum	-0.0308804223074	0.0398430281895	-0.00959280386815	-0.0656636841499	-0.0338515235747	0.0710338621253	-0.000814933048919	-0.0507824857388	-0.0942375131129	-0.022966778266	0.000582966219483	-0.0077413436592	-0.0415495803984	0.0656004921306	-0.029708462351	-0.00355567537908	-0.0358512047251	-0.00247611428911	-0.0524908284964	-0.0154693923397	-0.0799703357312	0.00684906086017	-0.046560926546	0.0279192804718	0.0664872484031	-0.0204059872239	-0.0585878734717	-0.0422123863987	-0.0293292590139	1.0	0.00938653751226	0.0319671585328	-0.0396207637697	0.0935391395342	-0.0340181004318	-0.0699476934726	-0.0252463802222	-0.0301468398522	-0.0264287507013	0.0235304721672	-0.00468057521941	0.0126463524915	-0.0481113921529	-0.0493912012869	0.0367340694033	0.0288920721868	0.0344564238591	-0.0700097257694	0.0172108966478	0.0159049989963	0.00684154916843	-0.0478412197643	0.0430344241774	0.00959498281645	-0.0126384181529	-0.00414364066271	-0.0365929322999	-0.00383819360786	-0.0212985376258
