#taxonomy	k__Bacteria;p__Bacteroidetes;c__Bacteroidia;o__Bacteroidales;f__Bacteroidaceae;g__Bacteroides;s__Bacteroides_vulgatus	k__Bacteria;p__Bacteroidetes;c__Bacteroidia;o__Bacteroidales;f__Bacteroidaceae;g__Bacteroides;s__Bacteroides_uniformis	k__Bacteria;p__Bacteroidetes;c__Bacteroidia;o__Bacteroidales;f__Rikenellaceae;g__Alistipes;s__Alistipes_putredinis	k__Bacteria;p__Bacteroidetes;c__Bacteroidia;o__Bacteroidales;f__Prevotellaceae;g__Prevotella;s__Prevotella_copri	k__Bacteria;p__Bacteroidetes;c__Bacteroidia;o__Bacteroidales;f__Bacteroidaceae;g__Bacteroides;s__Bacteroides_stercoris	k__Bacteria;p__Bacteroidetes;c__Bacteroidia;o__Bacteroidales;f__Bacteroidaceae;g__Bacteroides;s__Bacteroides_ovatus	k__Bacteria;p__Bacteroidetes;c__Bacteroidia;o__Bacteroidales;f__Rikenellaceae;g__Alistipes;s__Alistipes_shahii	k__Bacteria;p__Firmicutes;c__Clostridia;o__Clostridiales;f__Ruminococcaceae;g__Faecalibacterium;s__Faecalibacterium_prausnitzii	k__Bacteria;p__Bacteroidetes;c__Bacteroidia;o__Bacteroidales;f__Rikenellaceae;g__Alistipes;s__Alistipes_finegoldii	k__Bacteria;p__Bacteroidetes;c__Bacteroidia;o__Bacteroidales;f__Porphyromonadaceae;g__Parabacteroides;s__Parabacteroides_distasonis	k__Bacteria;p__Bacteroidetes;c__Bacteroidia;o__Bacteroidales;f__Bacteroidaceae;g__Bacteroides;s__Bacteroides_thetaiotaomicron	k__Bacteria;p__Bacteroidetes;c__Bacteroidia;o__Bacteroidales;f__Bacteroidaceae;g__Bacteroides;s__Bacteroides_coprocola	k__Bacteria;p__Bacteroidetes;c__Bacteroidia;o__Bacteroidales;f__Bacteroidaceae;g__Bacteroides;s__Bacteroides_cellulosilyticus	k__Bacteria;p__Bacteroidetes;c__Bacteroidia;o__Bacteroidales;f__Rikenellaceae;g__Alistipes;s__Alistipes_obesi	k__Bacteria;p__Firmicutes;c__Clostridia;o__Clostridiales;f__Lachnospiraceae;g__;s__[Eubacterium]_rectale	k__Bacteria;p__Bacteroidetes;c__Bacteroidia;o__Bacteroidales;f__Bacteroidaceae;g__Bacteroides;s__Bacteroides_plebeius	k__Bacteria;p__Bacteroidetes;c__Bacteroidia;o__Bacteroidales;f__Bacteroidaceae;g__Bacteroides;s__Bacteroides_fragilis	k__Bacteria;p__Proteobacteria;c__Betaproteobacteria;o__Burkholderiales;f__Sutterellaceae;g__Sutterella;s__Sutterella_wadsworthensis	k__Bacteria;p__Bacteroidetes;c__Bacteroidia;o__Bacteroidales;f__Porphyromonadaceae;g__Barnesiella;s__Barnesiella_intestinihominis	k__Bacteria;p__Bacteroidetes;c__Bacteroidia;o__Bacteroidales;f__Odoribacteraceae;g__Odoribacter;s__Odoribacter_splanchnicus	k__Bacteria;p__Bacteroidetes;c__Bacteroidia;o__Bacteroidales;f__Bacteroidaceae;g__Bacteroides;s__Bacteroides_salyersiae	k__Bacteria;p__Firmicutes;c__Clostridia;o__Clostridiales;f__Ruminococcaceae;g__Ruminiclostridium;s__[Eubacterium]_siraeum	k__Bacteria;p__Proteobacteria;c__Betaproteobacteria;o__Burkholderiales;f__Sutterellaceae;g__Parasutterella;s__Parasutterella_excrementihominis	k__Bacteria;p__Actinobacteria;c__Actinobacteria;o__Bifidobacteriales;f__Bifidobacteriaceae;g__Bifidobacterium;s__Bifidobacterium_adolescentis	k__Bacteria;p__Firmicutes;c__Clostridia;o__Clostridiales;f__Oscillospiraceae;g__Oscillibacter;s__Oscillibacter_sp._KLE_1745	k__Bacteria;p__Bacteroidetes;c__Bacteroidia;o__Bacteroidales;f__Bacteroidaceae;g__Bacteroides;s__Bacteroides_coprophilus	k__Bacteria;p__Firmicutes;c__Clostridia;o__Clostridiales;f__Lachnospiraceae;g__Roseburia;s__Roseburia_intestinalis	k__Bacteria;p__Firmicutes;c__Clostridia;o__Clostridiales;f__Lachnospiraceae;g__Roseburia;s__Roseburia_hominis	k__Bacteria;p__Bacteroidetes;c__Bacteroidia;o__Bacteroidales;f__Porphyromonadaceae;g__Parabacteroides;s__Parabacteroides_johnsonii	k__Bacteria;p__Actinobacteria;c__Actinobacteria;o__Bifidobacteriales;f__Bifidobacteriaceae;g__Bifidobacterium;s__Bifidobacterium_longum	k__Bacteria;p__Firmicutes;c__Clostridia;o__Clostridiales;f__;g__Flavonifractor;s__Flavonifractor_plautii	k__Bacteria;p__Firmicutes;c__Clostridia;o__Clostridiales;f__Clostridiaceae;g__Clostridium;s__Clostridium_phoceensis	k__Bacteria;p__Verrucomicrobia;c__Verrucomicrobiae;o__Verrucomicrobiales;f__Akkermansiaceae;g__Akkermansia;s__Akkermansia_muciniphila	k__Bacteria;p__Bacteroidetes;c__Bacteroidia;o__Bacteroidales;f__Prevotellaceae;g__Paraprevotella;s__Paraprevotella_xylaniphila	k__Bacteria;p__Firmicutes;c__Clostridia;o__Clostridiales;f__Ruminococcaceae;g__Ruminococcus;s__Ruminococcus_callidus	k__Bacteria;p__Bacteroidetes;c__Bacteroidia;o__Bacteroidales;f__Rikenellaceae;g__Alistipes;s__Alistipes_senegalensis	k__Bacteria;p__Firmicutes;c__Clostridia;o__Clostridiales;f__Lachnospiraceae;g__Blautia;s__Blautia_sp._KLE_1732	k__Bacteria;p__Bacteroidetes;c__Bacteroidia;o__Bacteroidales;f__Bacteroidaceae;g__Bacteroides;s__Bacteroides_oleiciplenus	k__Bacteria;p__Firmicutes;c__Clostridia;o__Clostridiales;f__Ruminococcaceae;g__Ruminococcus;s__Ruminococcus_bicirculans	k__Bacteria;p__Bacteroidetes;c__Bacteroidia;o__Bacteroidales;f__Bacteroidaceae;g__Bacteroides;s__Bacteroides_fluxus	k__Bacteria;p__Bacteroidetes;c__Bacteroidia;o__Bacteroidales;f__Prevotellaceae;g__Prevotella;s__Prevotella_stercorea	k__Bacteria;p__Firmicutes;c__Clostridia;o__Clostridiales;f__Lachnospiraceae;g__Dorea;s__Dorea_longicatena	k__Bacteria;p__Firmicutes;c__Clostridia;o__Clostridiales;f__Eubacteriaceae;g__Eubacterium;s__[Eubacterium]_eligens	k__Bacteria;p__Firmicutes;c__Clostridia;o__Clostridiales;f__Ruminococcaceae;g__;s__Ruminococcaceae_bacterium_D16	k__Bacteria;p__Firmicutes;c__Clostridia;o__Clostridiales;f__Lachnospiraceae;g__Coprococcus;s__Coprococcus_comes	k__Bacteria;p__Proteobacteria;c__Gammaproteobacteria;o__Enterobacterales;f__Enterobacteriaceae;g__Escherichia;s__Escherichia_coli	k__Bacteria;p__Firmicutes;c__Clostridia;o__Clostridiales;f__Ruminococcaceae;g__Anaerotruncus;s__Anaerotruncus_colihominis	k__Bacteria;p__Firmicutes;c__Clostridia;o__Clostridiales;f__Lachnospiraceae;g__Blautia;s__Blautia_obeum	k__Bacteria;p__Bacteroidetes;c__Bacteroidia;o__Bacteroidales;f__Odoribacteraceae;g__Odoribacter;s__Odoribacter_laneus	k__Bacteria;p__Firmicutes;c__Clostridia;o__Clostridiales;f__Ruminococcaceae;g__Ruminiclostridium;s__[Clostridium]_leptum	k__Bacteria;p__Bacteroidetes;c__Bacteroidia;o__Bacteroidales;f__Porphyromonadaceae;g__Parabacteroides;s__Parabacteroides_goldsteinii	k__Bacteria;p__Firmicutes;c__Clostridia;o__Clostridiales;f__Lachnospiraceae;g__Anaerostipes;s__Anaerostipes_hadrus	k__Bacteria;p__Firmicutes;c__Clostridia;o__Clostridiales;f__Ruminococcaceae;g__Ruminococcus;s__Ruminococcus_lactaris	k__Bacteria;p__Firmicutes;c__Clostridia;o__Clostridiales;f__Clostridiaceae;g__Clostridium;s__Clostridium_sp._L2-50	k__Bacteria;p__Firmicutes;c__Clostridia;o__Clostridiales;f__Clostridiaceae;g__Clostridium;s__Clostridium_sp._M62/1	k__Bacteria;p__Firmicutes;c__Clostridia;o__Clostridiales;f__;g__Intestinimonas;s__Intestinimonas_butyriciproducens	k__Bacteria;p__Actinobacteria;c__Actinobacteria;o__Bifidobacteriales;f__Bifidobacteriaceae;g__Bifidobacterium;s__Bifidobacterium_bifidum	k__Bacteria;p__Firmicutes;c__Negativicutes;o__Veillonellales;f__Veillonellaceae;g__Dialister;s__Dialister_invisus	k__Bacteria;p__Bacteroidetes;c__Bacteroidia;o__Bacteroidales;f__Bacteroidaceae;g__Bacteroides;s__Bacteroides_salanitronis
k__Bacteria;p__Bacteroidetes;c__Bacteroidia;o__Bacteroidales;f__Bacteroidaceae;g__Bacteroides;s__Bacteroides_vulgatus	1.0	0.0502324112201	-0.0234266532591	0.004469919196	0.0145090641176	0.00758216994816	0.00659848393361	0.00794925368842	0.0402282038853	0.0672256225677	-0.0189909516408	-0.0174574967682	0.00138533449613	-0.0239136767656	0.00119586786553	-0.0164169485864	0.0119694085298	0.00454675839014	0.0142457688898	-0.0750203593923	-0.00894469692335	-0.00435689113804	-0.000472735968548	0.0171570288739	-0.0178399786653	-0.0294568494534	-0.0596926949435	0.047095484995	-0.0515221758573	0.0381101958547	-0.00771389097784	-0.0234063432836	-0.0560015402425	-0.0268449214324	0.0400063149498	-0.0354220042476	0.0353312317448	0.0093799898851	0.0251425898363	-0.0480661226785	0.0352698378213	-0.0495037394532	-0.0677677249184	0.0181601950537	-0.0135814635285	-0.0385126305165	-0.0662703874557	0.0345289925854	-0.0194203054152	-0.0569110394746	-0.00655517913358	0.0114254068089	-0.046972975003	-0.0851491626395	0.0525030370177	-0.00691890194608	-0.0346945499098	-0.0400580504233	-0.0390495585118
k__Bacteria;p__Bacteroidetes;c__Bacteroidia;o__Bacteroidales;f__Bacteroidaceae;g__Bacteroides;s__Bacteroides_uniformis	0.0502324112201	1.0	0.0407204271095	-0.043255529712	0.0434748851917	0.018488948368	-0.0235441677826	-0.0620571818431	-0.0166398671414	0.00230218431943	0.00821957278833	-0.0600481531251	-0.0869321891745	-0.0568087114001	0.113526053037	-0.0388293078557	0.0274341980126	-0.0616396622554	-0.0295837576545	-0.0745755452198	-0.079002332538	-0.00171290979189	0.0428774846122	0.0345382637464	0.00576680388608	0.0420138153106	0.0485147128664	-0.0422554228305	-0.00277094269772	-0.0568398142683	0.0556384722142	-0.0293471953472	-0.0715223762244	0.0300032201505	0.00610424398596	-0.00891424034136	-0.00836759112617	0.0123231389572	0.0412385452911	0.00677792000087	-0.00791320082801	0.070616080516	0.0159903359584	-0.00966054198018	-0.049147226236	-0.00423908191568	-0.0422269049569	-0.0330334394078	0.0244587858377	-0.0112762567958	-0.00856764967883	0.0336908956598	-0.0492056049879	-0.0210951197093	0.00790665332246	0.00373382924148	-0.054367768308	0.00950441531294	-0.0387567921782
k__Bacteria;p__Bacteroidetes;c__Bacteroidia;o__Bacteroidales;f__Rikenellaceae;g__Alistipes;s__Alistipes_putredinis	-0.0234266532591	0.0407204271095	1.0	0.0202953626305	-0.0239233257407	0.047582360706	-0.0113900075975	0.0149995924685	-0.0194437989936	0.0461969665747	0.0167349293631	-0.0169969523278	-0.0141787385526	0.0101738214482	-0.0107035211849	-0.0345899602956	0.0137688208741	0.0159204942405	0.0297280196522	0.0407787229271	0.00846125974158	-0.0358015288295	-0.0482807423402	-0.0170197477536	0.0916508563995	-0.0597751389712	-0.00799199727958	-0.00995752152746	-0.0925249113596	-0.0382417935017	0.050754062427	0.0426217819072	0.0173823369035	0.0177113775536	-0.0258711721879	0.0398011722926	-0.00864095402524	0.0149154868761	-0.0169622217582	-0.000487893915052	0.0457168238553	-0.0263020773427	-0.00476167105525	-0.0459279047055	-0.0203041787522	-0.0932553098907	-0.0234420045574	-0.0071421527803	-0.0338400875818	0.0114945851839	-0.0577131374291	0.00780360113874	-0.0492252659207	0.0513494275189	-0.0237461670218	0.0284347426374	0.00660028962403	-0.00205023209745	-0.0349218898905
k__Bacteria;p__Bacteroidetes;c__Bacteroidia;o__Bacteroidales;f__Prevotellaceae;g__Prevotella;s__Prevotella_copri	0.004469919196	-0.043255529712	0.0202953626305	1.0	-0.0173175915656	0.0285586773569	0.0327559709523	0.0186663470616	-0.00350598268687	-0.00202283404772	-0.0132940296048	0.00719485233603	-0.0388411943247	-0.0181082077796	-0.0272237590441	0.027359176058	-0.020917258077	0.0379037351133	-0.0250856374415	0.0142140294722	0.00142952583222	-0.00301591622496	-0.0517425621594	0.0934256765718	0.0310890193872	0.0223762322161	-0.0336816807518	-0.11011561392	-0.0209939878461	0.0506732389835	0.00470188713374	0.00249968323408	0.0142997473329	0.020218292771	0.0478839742761	0.0494011554929	-0.0545982434071	-0.00335351243052	-0.0761885406907	-0.0461452303661	-0.0316184783423	0.00115701463013	-0.0821550935363	0.022331143064	-0.080193219875	0.0292987750432	0.0441527396059	-0.0491230889213	-0.0333731301772	-0.026868019011	-0.0344048090558	-0.018941928246	0.0185498510699	-0.011533764047	0.0185650223725	0.0187338391328	0.0149829037989	0.00637436003793	-0.025598228959
k__Bacteria;p__Bacteroidetes;c__Bacteroidia;o__Bacteroidales;f__Bacteroidaceae;g__Bacteroides;s__Bacteroides_stercoris	0.0145090641176	0.0434748851917	-0.0239233257407	-0.0173175915656	1.0	0.0417447260427	-0.0105974185737	-0.0457379987026	-0.00359467772301	-0.0656118749336	-0.0158834099428	-0.0932413462121	0.0281116360154	0.0142062223223	-0.0501734743661	0.010787278551	0.0296120652274	-0.0108366415091	-0.0453143426896	0.0134535280423	0.0549899090411	0.066805609308	-0.0456782598043	-0.0183869636307	-0.0133072144171	-0.00373077087197	0.0435654867331	-0.0316038102478	0.0137199640247	-0.00881034913709	-0.0877122986883	-0.0475910669237	0.0205885971151	0.0396226556396	-0.0537541193711	-0.0269441022492	0.0342495827312	0.000128981393623	-0.0411916298404	0.0177223105576	-0.0119768360395	-0.0210491039301	0.0105264143801	-0.0415988782651	-0.0124413081438	-0.0543702769455	-0.00251155411129	0.0102539099942	0.00570334644456	-0.00812149585482	-0.0479927800038	-0.0259000671953	0.034440981147	-0.0264457292698	-0.0254450638579	-0.023122795876	0.0902266037632	0.029684209642	0.05727471701
k__Bacteria;p__Bacteroidetes;c__Bacteroidia;o__Bacteroidales;f__Bacteroidaceae;g__Bacteroides;s__Bacteroides_ovatus	0.00758216994816	0.018488948368	0.047582360706	0.0285586773569	0.0417447260427	1.0	-0.0418501142796	-0.0654810366701	-0.0169933906843	-0.0619927040293	-0.0147785568238	-0.0222976467396	-0.0312679125149	-0.00945356254071	-0.07950956182	0.0579409671226	-0.0285374145069	0.0158984565695	-0.0131616809042	0.00842225766763	0.0120794772237	0.0710951482288	-0.00552650499145	-0.038219550229	-0.00867755643322	0.011712094848	0.00295175201224	0.0449502192392	0.0105500331232	0.0114696880079	-0.0404125720119	-0.00293768486289	-0.0147765597765	-0.0441686016879	0.0199220961862	-0.0314864004846	-0.0472116231637	-0.0141834827101	0.0632780839909	-0.0590362399973	-0.041123943974	0.0113648718076	-0.0426296609036	-0.0507755036121	0.0504185524294	-0.0151884262438	-0.0031760382636	-0.023334463123	-0.08267550728	-0.0340725037207	0.0552021953672	0.0551305727	-0.0714992876582	-0.0720057364163	0.00305706820214	0.00232190671087	-0.0654868436665	-0.0320142236872	-0.0708010764353
k__Bacteria;p__Bacteroidetes;c__Bacteroidia;o__Bacteroidales;f__Rikenellaceae;g__Alistipes;s__Alistipes_shahii	0.00659848393361	-0.0235441677826	-0.0113900075975	0.0327559709523	-0.0105974185737	-0.0418501142796	1.0	0.0743969668434	-0.0842565334294	0.0631093185886	-0.0184411669402	-0.0253753389029	-0.0367714455116	-0.0515397944708	-0.0214576645402	-0.0310632035574	0.00199547310968	-0.0147969568474	0.0126526619562	0.0280591700319	-0.0250682369318	-0.041797301213	-0.0324364713692	0.0545643189283	-0.0476371598575	-0.0379807652796	0.00314990007926	-0.0431139499769	0.0489107968784	-0.0460350765902	0.0132281226204	0.0187662146189	-0.0668238417882	0.00643927184551	-0.0245349273821	-0.0106635444046	-0.0610980933287	-0.0317686791594	-0.0695006352671	-0.0278409705521	0.0414667374424	-0.00741915654609	-0.0332152669313	0.0203646255597	0.00845350471312	-0.0269701577995	-0.0791550453521	-0.0782049339992	0.00518847587732	-0.00702409860063	0.0148325168961	-0.0481931171247	0.0437888969396	-0.0178789034944	-0.0357799989	-0.0267531632503	0.0335697429082	0.0206555119642	0.0351535057114
k__Bacteria;p__Firmicutes;c__Clostridia;o__Clostridiales;f__Ruminococcaceae;g__Faecalibacterium;s__Faecalibacterium_prausnitzii	0.00794925368842	-0.0620571818431	0.0149995924685	0.0186663470616	-0.0457379987026	-0.0654810366701	0.0743969668434	1.0	-0.0395706482003	-0.00504702385485	-0.0191968790268	-0.0118605516474	-0.0219249446476	0.000728773585159	-0.00738752793375	-0.000662249130384	0.00199367673901	-0.063545152634	0.0238893281964	-0.067983267291	-0.0603454955631	-0.0187686484503	0.0371165635065	-0.0289451541351	-0.046166406767	0.0180764615016	0.00624670002053	-0.0317435971871	-0.0160708322163	-0.00827416075873	0.0393792203586	-0.0282004132277	-0.0371301468946	0.00387663216115	0.000461875144911	-0.0353452587836	0.0242241636865	-0.0248087368092	-0.00705863552554	-0.0755383295184	-0.00453311947181	0.00933347041703	0.00918240428284	-0.0162786592347	-0.0439927737412	0.00130724626062	-0.0470466961273	-0.00668627340297	0.01836557525	-0.0128054521731	-0.00362039976217	-0.0591580137126	-0.0703079372386	0.0434523692064	-0.0919472938676	0.0230805090424	-0.0593123644503	0.012343286041	0.0614952428994
k__Bacteria;p__Bacteroidetes;c__Bacteroidia;o__Bacteroidales;f__Rikenellaceae;g__Alistipes;s__Alistipes_finegoldii	0.0402282038853	-0.0166398671414	-0.0194437989936	-0.00350598268687	-0.00359467772301	-0.0169933906843	-0.0842565334294	-0.0395706482003	1.0	-0.0124532601402	0.0308705819534	-0.0477302266809	0.0134735109728	-0.0579173221795	-0.0938373883413	0.0630706660542	-0.00143388933845	0.0165448602192	-0.0205525577626	0.0204056711753	0.0253387439847	-0.0257268648304	-0.00580467126026	0.00392273465001	-0.0517515029392	-0.0321599863207	0.0406645916928	-0.0331173869968	-0.0630715552241	0.00204153075744	-0.0481072282367	0.0601622600508	-0.0232473342923	-0.0574691406969	-0.0168280898393	0.00812765377683	0.00931077139111	0.0107497566087	-0.0149851458573	-0.000822438900212	0.00148456731587	-0.0343568372406	-0.0164796237544	0.0426930237309	-0.0511372124017	-0.0132191318617	0.0490836871684	0.0374081800458	0.0280985450651	-0.00929519539675	-0.016342819879	0.0815572822708	-0.00802453122437	-0.0146432999849	0.0367370597691	0.038580117842	-0.034220360776	-0.0104772941567	0.0276142273824
k__Bacteria;p__Bacteroidetes;c__Bacteroidia;o__Bacteroidales;f__Porphyromonadaceae;g__Parabacteroides;s__Parabacteroides_distasonis	0.0672256225677	0.00230218431943	0.0461969665747	-0.00202283404772	-0.0656118749336	-0.0619927040293	0.0631093185886	-0.00504702385485	-0.0124532601402	1.0	0.0176417496599	0.0117473381262	0.00318071923966	-0.0206513489649	-0.0366004475332	-0.000321481243168	0.0297534508325	-0.0383448998783	0.00602589702572	-0.0140073932154	0.0088026471547	-0.0531212246948	-0.030276367617	-0.0408124073326	-0.0145453149556	0.00597163293786	-0.0023804343869	-0.0713254141869	0.00230335795789	0.0214780423888	-0.0207413669684	-0.0171000116647	-0.059295013031	-0.0470711405151	0.00738888754062	-0.0207008455222	-0.0998855984684	-0.00110758125426	0.0207159029833	0.0350821930413	0.0229439574518	0.0284824926579	-0.00558595067286	-0.0395934030629	-0.0375263802153	-0.042424256893	-0.0126556109971	-0.0596669668132	-0.00697368802227	0.0349489749323	-0.0310340185833	0.020416589603	-0.0147865631123	0.0221716464469	-0.035752456515	0.0312494635788	0.00686473307227	-0.0191454243364	0.0384109470849
k__Bacteria;p__Bacteroidetes;c__Bacteroidia;o__Bacteroidales;f__Bacteroidaceae;g__Bacteroides;s__Bacteroides_thetaiotaomicron	-0.0189909516408	0.00821957278833	0.0167349293631	-0.0132940296048	-0.0158834099428	-0.0147785568238	-0.0184411669402	-0.0191968790268	0.0308705819534	0.0176417496599	1.0	0.0162803898305	-0.0123926025866	-0.046225312994	0.0333141225244	-0.0357764663068	-0.029015100257	-0.0167637896421	-0.0230020643517	0.0292604722985	-0.00705437025766	-0.000784741382491	0.040165416372	-0.0602099222744	-0.061161198635	-0.0340588960127	-0.00731509296945	-0.023686871733	-0.0197456541086	-0.0410595770234	-0.0509432861965	0.0136836988469	-0.119253595199	0.0284817693985	-0.0303896171944	-0.0235492587174	-0.0543090110696	-0.0488457510858	0.049765468361	-0.0193084054218	-0.0758969268122	-0.0553659760106	0.0338333456587	0.00487303077443	-0.0159646672439	-0.00916619140021	0.0739913940362	-0.0246758474255	0.0612289621566	0.0214333312367	-0.0881878987504	-0.0234107500318	-0.0225892689093	0.0395304533033	-0.0307255851376	-0.0708240047281	-0.0777871174664	0.0248993935833	0.0050396734374
k__Bacteria;p__Bacteroidetes;c__Bacteroidia;o__Bacteroidales;f__Bacteroidaceae;g__Bacteroides;s__Bacteroides_coprocola	-0.0174574967682	-0.0600481531251	-0.0169969523278	0.00719485233603	-0.0932413462121	-0.0222976467396	-0.0253753389029	-0.0118605516474	-0.0477302266809	0.0117473381262	0.0162803898305	1.0	0.0142620006679	-0.0169868741062	0.0125514581276	0.0121722566345	-0.0380948305323	0.0424697055733	-0.106961376003	-0.0067951059219	-0.0987102027757	0.00541780745104	0.0304782376546	-0.00208380467522	0.00664392286597	-0.0675418855905	-0.017262499317	-0.0151232181559	0.0241791331338	-0.0457666597313	-0.0329973274312	-0.00153272798413	0.050814015254	-0.0502451705442	0.0658771555024	-0.0306399456477	0.0105026808681	-0.0193036203192	0.0272832066493	0.0265535231408	0.0218843734528	-0.0210466975439	0.00907670586833	0.0448275661002	0.0090460199934	-0.0335968327177	-0.0171706922785	0.00520666467406	0.0557330555923	0.0541753114858	0.00492204342972	0.0529597096422	0.0126037637355	0.0105395526727	-0.0111742221753	-0.0342654223371	0.00969483361304	-0.069288069803	-0.00684797080127
k__Bacteria;p__Bacteroidetes;c__Bacteroidia;o__Bacteroidales;f__Bacteroidaceae;g__Bacteroides;s__Bacteroides_cellulosilyticus	0.00138533449613	-0.0869321891745	-0.0141787385526	-0.0388411943247	0.0281116360154	-0.0312679125149	-0.0367714455116	-0.0219249446476	0.0134735109728	0.00318071923966	-0.0123926025866	0.0142620006679	1.0	-0.00579861999983	0.00717190697924	-0.0376995773198	0.0402882844627	0.011405620546	0.0550609372963	-0.0113562546342	-0.0147890917821	-0.0192613443477	-0.0501112392093	-0.0154582353326	-0.0577458232701	-0.00990301183179	0.050693619559	-0.0317078899551	0.0181594071489	0.00679794674805	-0.0196328233819	-0.00193132227201	0.000961666516297	-0.0304517824687	-0.135161563616	-0.0252350601095	-8.234541732e-05	-0.0168994423513	0.0278903669929	-0.00499260550637	0.00987588885575	-0.00465484134911	-0.00817774615189	0.0447299119411	0.0190301243823	-0.0467720193931	0.0174756539034	-0.00721582415514	-0.0254405233943	0.00215390167296	-0.0164482532084	0.0276050219423	0.0433674513836	-0.0308695468713	0.0101421221928	-0.0550279615451	-0.0314350242278	0.00181269764786	-0.0666798560009
k__Bacteria;p__Bacteroidetes;c__Bacteroidia;o__Bacteroidales;f__Rikenellaceae;g__Alistipes;s__Alistipes_obesi	-0.0239136767656	-0.0568087114001	0.0101738214482	-0.0181082077796	0.0142062223223	-0.00945356254071	-0.0515397944708	0.000728773585159	-0.0579173221795	-0.0206513489649	-0.046225312994	-0.0169868741062	-0.00579861999983	1.0	-0.0413424453699	-0.0280410515847	0.00526333034501	0.0141736476612	-0.023401395591	-0.0261580040139	0.022792606534	0.0364681228932	-0.026213072532	-0.0379819569243	-0.00135205176583	-0.038060228619	0.00430844123393	-0.00249552820708	0.05516956414	0.0114279080904	-0.057726009716	0.0121196819523	0.019960943075	0.0232642901548	-0.0448693238954	0.0489252263483	-0.0790975167868	0.0178271916228	-0.0483517414381	0.00679160516353	-0.0735804207441	-0.00418773364864	0.00252326806574	-0.0748500649253	0.0112601698822	-0.023091504978	-0.00261718868913	-0.0364538161135	-0.0183889259789	-0.048230969572	0.0746042704592	-0.036459734011	-0.0519706113329	-0.0150370217676	-0.0279219362009	0.0145805725243	-0.00765568555553	0.00540811211526	-0.0640908338637
k__Bacteria;p__Firmicutes;c__Clostridia;o__Clostridiales;f__Lachnospiraceae;g__;s__[Eubacterium]_rectale	0.00119586786553	0.113526053037	-0.0107035211849	-0.0272237590441	-0.0501734743661	-0.07950956182	-0.0214576645402	-0.00738752793375	-0.0938373883413	-0.0366004475332	0.0333141225244	0.0125514581276	0.00717190697924	-0.0413424453699	1.0	-0.044684414866	-0.0030926242455	0.0366456221655	-0.0577144448558	0.00431900988956	0.0409500678562	0.0113562732969	-0.0191762435862	-0.0467489015293	-0.0158042940267	0.0327742154364	0.0127892594712	-0.0591719265551	-0.0107187793763	-0.0231932983173	0.00368975042153	0.00393060424952	0.0422335724126	0.0397947878541	-0.0329195077625	0.0116049292593	0.0142392751632	-0.0266257904807	0.0666072679185	-0.0177653494594	-0.0696279116613	0.0675602536675	-0.0487115864807	-0.0557225184191	-0.0177763519347	0.0630945243129	-0.0147655273925	0.0308410342478	-0.0337875447995	0.08364391245	0.0434676560894	-0.000680340618717	0.0362004734335	0.0197689821192	-0.0490383530761	-0.0751387974865	0.020946358949	-0.0329497675587	-0.0596512130552
k__Bacteria;p__Bacteroidetes;c__Bacteroidia;o__Bacteroidales;f__Bacteroidaceae;g__Bacteroides;s__Bacteroides_plebeius	-0.0164169485864	-0.0388293078557	-0.0345899602956	0.027359176058	0.010787278551	0.0579409671226	-0.0310632035574	-0.000662249130384	0.0630706660542	-0.000321481243168	-0.0357764663068	0.0121722566345	-0.0376995773198	-0.0280410515847	-0.044684414866	1.0	0.0404087096564	-0.0347132883756	-0.00868337797767	-0.0798843865368	0.00584630954467	-0.0792291553661	-0.0702109629148	-0.0177317845575	-0.0196718027464	0.00545774248538	-0.00591659334625	-0.00163151676681	0.0168885950537	-0.0216287178463	0.0793531141538	0.0286267748678	0.0684886360793	0.013273569768	0.00626846614134	0.0298071578695	-0.0180553466151	0.0480178163203	0.0515764074977	-0.0707009834564	0.083268235941	-0.000523400325619	-0.0181847581719	-0.0118136093189	-0.0239621547436	-0.00761337155072	-0.0442490575855	-0.0186182176392	-0.0129138456213	0.00433598217626	-0.0569919885222	-0.0567699677226	0.0228133786629	-0.0120481029393	0.0378038422035	-0.0417523544024	-0.0753355502513	-0.0488555778516	-0.0215866119597
k__Bacteria;p__Bacteroidetes;c__Bacteroidia;o__Bacteroidales;f__Bacteroidaceae;g__Bacteroides;s__Bacteroides_fragilis	0.0119694085298	0.0274341980126	0.0137688208741	-0.020917258077	0.0296120652274	-0.0285374145069	0.00199547310968	0.00199367673901	-0.00143388933845	0.0297534508325	-0.029015100257	-0.0380948305323	0.0402882844627	0.00526333034501	-0.0030926242455	0.0404087096564	1.0	0.00573816632212	0.0201685007088	-0.0224520847498	0.0405288341908	0.0278901653501	-0.00497054829529	-0.00423033467077	0.0480136956137	-0.000622636006679	0.0586996812418	-0.0709916553225	0.0467036499263	-0.0367649851383	-0.0230996917223	0.0315873218023	-0.0106999825971	0.0194323733632	-0.0718228930361	-0.0428092026271	0.00654424920807	-0.0192729462869	0.0211481950757	-0.0241747543845	-0.0450240119636	-0.0272605559368	-0.0399803408697	-0.031816329511	0.0276161739867	-0.0232599225526	-0.0101200453653	-0.0305920380288	0.0301926160476	-0.0201049096245	0.0348570476018	0.0202652447536	0.020980013919	-0.0744125578379	-0.0247931094556	0.0301620961464	-0.0319036650985	0.052733882584	-0.0495798454467
k__Bacteria;p__Proteobacteria;c__Betaproteobacteria;o__Burkholderiales;f__Sutterellaceae;g__Sutterella;s__Sutterella_wadsworthensis	0.00454675839014	-0.0616396622554	0.0159204942405	0.0379037351133	-0.0108366415091	0.0158984565695	-0.0147969568474	-0.063545152634	0.0165448602192	-0.0383448998783	-0.0167637896421	0.0424697055733	0.011405620546	0.0141736476612	0.0366456221655	-0.0347132883756	0.00573816632212	1.0	-0.0186212426143	-0.0913952562222	-0.0279820760932	-0.0365775894418	-0.0542082461411	0.00158307836288	0.0283850184689	0.0556718269333	0.0330766637692	0.00791537458131	0.00846059448448	-0.0113688848949	-0.0252877580161	-0.0678747442512	-0.04778028196	-0.00306707358868	-0.0208628154319	-0.0152781258007	0.0121859116503	-0.0508056726209	0.0101313709875	-0.0284712684882	-0.0540657811683	-0.0181328453162	0.099836032583	-0.00692854974685	-0.0199994393222	0.0879399261202	-0.00452807402566	0.00689062282685	-0.0526502580135	-0.00856046238053	-0.0403233494238	0.0250526418418	-0.0424540245388	-0.0241884769014	-0.0111613598406	0.0627245607722	0.035367760015	0.00284904034634	-0.05680341126
k__Bacteria;p__Bacteroidetes;c__Bacteroidia;o__Bacteroidales;f__Porphyromonadaceae;g__Barnesiella;s__Barnesiella_intestinihominis	0.0142457688898	-0.0295837576545	0.0297280196522	-0.0250856374415	-0.0453143426896	-0.0131616809042	0.0126526619562	0.0238893281964	-0.0205525577626	0.00602589702572	-0.0230020643517	-0.106961376003	0.0550609372963	-0.023401395591	-0.0577144448558	-0.00868337797767	0.0201685007088	-0.0186212426143	1.0	-0.010628138181	-0.0314726906994	-0.0450871015579	-0.0246353749231	0.00823660768644	-0.0350294783554	0.0551009147414	-0.0806879168823	0.0572529406043	-0.0482129570953	0.0062908019519	-0.0242010560476	-0.0518819985026	-0.0316793030092	-0.00742849041685	0.031147105666	0.00441586944378	-0.0277034246342	-0.00183520376158	-0.0316229282564	-0.0314130876314	-0.0240427792926	-0.0306152359396	-0.00848286950324	0.0373259911186	-0.0495932711519	-0.037838678043	0.0561871231235	-0.0145517091237	0.0211994404409	-0.018223322126	-0.0692454519188	0.0419017654638	-0.00434599904706	-0.0448011366594	-0.00258793977381	-0.0565793981937	0.000835316938782	-0.0134296617173	-5.48851789131e-05
k__Bacteria;p__Bacteroidetes;c__Bacteroidia;o__Bacteroidales;f__Odoribacteraceae;g__Odoribacter;s__Odoribacter_splanchnicus	-0.0750203593923	-0.0745755452198	0.0407787229271	0.0142140294722	0.0134535280423	0.00842225766763	0.0280591700319	-0.067983267291	0.0204056711753	-0.0140073932154	0.0292604722985	-0.0067951059219	-0.0113562546342	-0.0261580040139	0.00431900988956	-0.0798843865368	-0.0224520847498	-0.0913952562222	-0.010628138181	1.0	-0.0386729146204	0.0555440291457	-0.0325106016817	-0.0265468310433	0.0506760010346	-0.064709061547	-0.0203753649157	0.00567584226211	0.0158885044078	-0.00272933969199	-0.000908778054415	-0.0365103428092	0.00779769038462	-0.0397130831178	-0.0525271083207	0.00119093369512	0.0445853426893	-0.0726836476554	-0.0358138324267	-0.00938001252938	-0.0177109256471	-0.000125181184967	0.0268923512525	-0.037044972644	0.0559567395479	0.0199267465746	0.05337682334	-0.0934390183785	0.0640803204577	0.0225356558717	-0.0838738210678	-0.0186008988275	-0.0459475177637	0.0313469670749	-0.0314417946726	-0.0242375118395	0.0499160158274	0.102478780103	-0.0445822578697
k__Bacteria;p__Bacteroidetes;c__Bacteroidia;o__Bacteroidales;f__Bacteroidaceae;g__Bacteroides;s__Bacteroides_salyersiae	-0.00894469692335	-0.079002332538	0.00846125974158	0.00142952583222	0.0549899090411	0.0120794772237	-0.0250682369318	-0.0603454955631	0.0253387439847	0.0088026471547	-0.00705437025766	-0.0987102027757	-0.0147890917821	0.022792606534	0.0409500678562	0.00584630954467	0.0405288341908	-0.0279820760932	-0.0314726906994	-0.0386729146204	1.0	-0.0450508543637	-0.0207382785755	0.0307585192482	0.0128553947214	0.0280830593511	0.0160464261073	0.0510257425451	-0.000279098893976	0.0238402415695	0.017213402943	-0.0360224626537	0.0427611079267	-0.0149150051047	-0.0399040483232	0.0290527623594	0.00130192987769	-0.0298164314581	0.0118710956434	0.0347352469699	-0.0991547612487	0.0251858733194	0.00365724879022	-0.021529531657	0.0613490990825	-0.0331672515288	-0.0377242088884	-0.0515359814129	0.0192759515438	-0.0845975414656	0.0321388999693	-0.0617033381901	-0.0362627240892	-0.115408473727	0.0123489163899	-0.0292882721584	-0.0386404537241	-0.0360538687017	0.0276620582273
k__Bacteria;p__Firmicutes;c__Clostridia;o__Clostridiales;f__Ruminococcaceae;g__Ruminiclostridium;s__[Eubacterium]_siraeum	-0.00435689113804	-0.00171290979189	-0.0358015288295	-0.00301591622496	0.066805609308	0.0710951482288	-0.041797301213	-0.0187686484503	-0.0257268648304	-0.0531212246948	-0.000784741382491	0.00541780745104	-0.0192613443477	0.0364681228932	0.0113562732969	-0.0792291553661	0.0278901653501	-0.0365775894418	-0.0450871015579	0.0555440291457	-0.0450508543637	1.0	-0.015290902632	0.00535308236191	-0.00216072782296	0.00191885407214	0.045468330727	-0.0182866430765	-0.0418689779887	-0.0140882045456	-0.0601972373394	5.99330817594e-05	-0.018806464787	0.00687173115595	-0.0485571004756	-0.00158564291298	-0.0101969659993	-0.00471400841473	0.000806026831627	-0.0346611885235	-0.0397298955536	0.018479322124	0.00768312941563	0.0127799014188	0.0241890617477	0.0199025301041	0.00137853577576	0.0481812598314	-0.0593620522147	0.0484475620424	0.01302101458	-0.0947569313085	-0.0352591965018	-0.0505191548993	0.0201777376934	0.0440618544567	-0.0832663122174	-0.0818315230764	-0.0319076868976
k__Bacteria;p__Proteobacteria;c__Betaproteobacteria;o__Burkholderiales;f__Sutterellaceae;g__Parasutterella;s__Parasutterella_excrementihominis	-0.000472735968547	0.0428774846122	-0.0482807423402	-0.0517425621594	-0.0456782598043	-0.00552650499145	-0.0324364713692	0.0371165635065	-0.00580467126026	-0.030276367617	0.040165416372	0.0304782376546	-0.0501112392093	-0.026213072532	-0.0191762435862	-0.0702109629148	-0.00497054829529	-0.0542082461411	-0.0246353749231	-0.0325106016817	-0.0207382785755	-0.015290902632	1.0	-0.0134818895973	0.00791165360496	-0.0140124344687	-0.00938823085578	-0.0507553924323	-0.0928993580087	-0.104919248467	-0.00866631655366	0.0362923247748	0.00650744110494	0.0499507678586	-0.0586963122735	-0.0184199770138	0.0147665474506	-0.00170898731459	-7.60670287316e-05	0.0102447204317	0.0521757443315	0.00770130090366	-0.0925372436563	-0.0148707126661	-0.0489458539366	-2.17851685855e-05	-0.0107871068231	0.0601654967186	-0.0472950850073	-0.0111175829447	0.048148691142	0.0176774661901	0.034204475984	-0.0226054171267	-0.0365631454462	0.0496506986499	-0.022583547228	-0.0510169151483	0.0382545548871
k__Bacteria;p__Actinobacteria;c__Actinobacteria;o__Bifidobacteriales;f__Bifidobacteriaceae;g__Bifidobacterium;s__Bifidobacterium_adolescentis	0.0171570288739	0.0345382637464	-0.0170197477536	0.0934256765718	-0.0183869636307	-0.038219550229	0.0545643189283	-0.0289451541351	0.00392273465001	-0.0408124073326	-0.0602099222744	-0.00208380467522	-0.0154582353326	-0.0379819569243	-0.0467489015293	-0.0177317845575	-0.00423033467077	0.00158307836288	0.00823660768644	-0.0265468310433	0.0307585192482	0.00535308236191	-0.0134818895973	1.0	0.043577617502	0.0153088964571	-0.0382222908394	0.0153261178818	-0.0609540812762	-0.0571554635161	0.0639531799675	-0.0475143404611	-0.0179998474297	0.0313933090706	-0.020652609756	-0.0193124342818	-0.0526410901203	0.0372033217107	0.0376147970235	-0.070344053397	-0.0136458772592	0.00326508440095	0.0235478988561	-0.0446092761076	0.00931814581036	-0.0114724007065	-0.0769843478752	-0.109053552815	-0.0494326713974	0.0944386164376	-0.0251255729677	0.0233077219184	-0.0411917406179	-0.0155418225185	-0.0181728956426	-0.000556646257914	-0.00497656989882	-0.00959443634949	-0.0312233589758
k__Bacteria;p__Firmicutes;c__Clostridia;o__Clostridiales;f__Oscillospiraceae;g__Oscillibacter;s__Oscillibacter_sp._KLE_1745	-0.0178399786653	0.00576680388608	0.0916508563995	0.0310890193872	-0.0133072144171	-0.00867755643322	-0.0476371598575	-0.046166406767	-0.0517515029392	-0.0145453149556	-0.061161198635	0.00664392286597	-0.0577458232701	-0.00135205176583	-0.0158042940267	-0.0196718027464	0.0480136956137	0.0283850184689	-0.0350294783554	0.0506760010346	0.0128553947214	-0.00216072782296	0.00791165360496	0.043577617502	1.0	0.013299855684	0.00282905718512	-0.0273119276242	0.0213963733196	0.0229957536552	0.0206252932417	-0.0164482625153	-0.00453337833866	-0.0402206612428	-0.00617957927125	-0.0262180192236	0.0596835903128	-0.0145134799491	-0.00308065812991	0.00756974833761	-0.042999172934	0.0745486691468	-0.033154290577	0.0302160298324	-0.0605737642023	-0.0435203612996	-0.01486162429	0.038838417022	-0.0521205126516	-0.000686894478614	0.00207464789367	0.0565562032681	-0.0835696602089	0.0376914339662	-0.0337970075062	0.0468815737912	-0.118509384401	0.0508175897905	0.00382229832579
k__Bacteria;p__Bacteroidetes;c__Bacteroidia;o__Bacteroidales;f__Bacteroidaceae;g__Bacteroides;s__Bacteroides_coprophilus	-0.0294568494534	0.0420138153106	-0.0597751389712	0.0223762322161	-0.00373077087197	0.011712094848	-0.0379807652796	0.0180764615016	-0.0321599863207	0.00597163293786	-0.0340588960127	-0.0675418855905	-0.00990301183179	-0.038060228619	0.0327742154364	0.00545774248538	-0.000622636006679	0.0556718269333	0.0551009147414	-0.064709061547	0.0280830593511	0.00191885407214	-0.0140124344687	0.0153088964571	0.013299855684	1.0	-0.0050841042037	0.00627884987877	0.00515613219854	-0.105157134221	0.0564873724909	-0.0922648331928	0.0102846416404	0.034298227232	0.0268686422495	0.0437188991502	-0.0187079700746	0.0135890625458	0.00619456979947	0.0297042034258	0.0147319729055	0.0850170236354	0.0126799842759	0.00922260029137	-0.0137847717567	-0.0360624775548	-0.0483953636201	-0.00930146901004	0.0412989407626	0.0191961142003	0.00611945492656	0.0059505961952	-0.0405131529923	0.0312571465171	-0.0292039813765	-0.0437994458894	0.0254699458542	-0.0352536287695	-0.00651158215454
k__Bacteria;p__Firmicutes;c__Clostridia;o__Clostridiales;f__Lachnospiraceae;g__Roseburia;s__Roseburia_intestinalis	-0.0596926949435	0.0485147128664	-0.00799199727958	-0.0336816807518	0.0435654867331	0.00295175201224	0.00314990007926	0.00624670002053	0.0406645916928	-0.0023804343869	-0.00731509296945	-0.017262499317	0.050693619559	0.00430844123393	0.0127892594712	-0.00591659334625	0.0586996812418	0.0330766637692	-0.0806879168823	-0.0203753649157	0.0160464261073	0.045468330727	-0.00938823085578	-0.0382222908394	0.00282905718512	-0.0050841042037	1.0	-0.0384566096273	0.0039175597385	-0.043108570147	-0.0487819688996	-0.0718803054201	-0.0458747285294	-0.0111523661126	-0.0181190262694	-0.0146987895064	0.0289937419273	-0.0236563945244	0.0182165737542	-0.0382203744756	-0.00334958388284	-0.00108711538375	0.0205959358014	0.0113900740363	-0.0424129560761	-0.0415519318006	0.0577021630508	0.00194033930683	-0.0712482122622	-0.0106897384264	-0.00419942482072	0.0210986809629	-0.0111109746411	0.0120812670757	-0.0441964669704	-0.0449866106786	-0.0230129382586	-0.0104056712473	0.019442342382
k__Bacteria;p__Firmicutes;c__Clostridia;o__Clostridiales;f__Lachnospiraceae;g__Roseburia;s__Roseburia_hominis	0.047095484995	-0.0422554228305	-0.00995752152746	-0.11011561392	-0.0316038102478	0.0449502192392	-0.0431139499769	-0.0317435971871	-0.0331173869968	-0.0713254141869	-0.023686871733	-0.0151232181559	-0.0317078899551	-0.00249552820708	-0.0591719265551	-0.00163151676681	-0.0709916553225	0.00791537458131	0.0572529406043	0.00567584226211	0.0510257425451	-0.0182866430765	-0.0507553924323	0.0153261178818	-0.0273119276242	0.00627884987877	-0.0384566096273	1.0	-0.0469748093319	-0.00431605291479	0.0176116637086	-0.0339937855056	0.0222689469114	0.0479638982486	0.0138788970034	0.0643658199504	0.013692959706	0.0232942900291	0.0135113169745	-0.0466107953122	-0.0835362682275	-0.0659641640189	-0.000915406551517	-0.0604511185025	-0.0178393969838	-0.0667011272127	-0.00548016915401	-0.0365922003307	-0.0697277526162	-0.0425091299653	-0.0546086416858	0.0498198979311	-0.010270800589	0.0131194397369	0.0360114499971	0.0389680438607	-0.0198577337831	-0.0389532427745	-0.027066821619
k__Bacteria;p__Bacteroidetes;c__Bacteroidia;o__Bacteroidales;f__Porphyromonadaceae;g__Parabacteroides;s__Parabacteroides_johnsonii	-0.0515221758573	-0.00277094269772	-0.0925249113596	-0.0209939878461	0.0137199640247	0.0105500331232	0.0489107968784	-0.0160708322163	-0.0630715552241	0.00230335795789	-0.0197456541086	0.0241791331338	0.0181594071489	0.05516956414	-0.0107187793763	0.0168885950537	0.0467036499263	0.00846059448448	-0.0482129570953	0.0158885044078	-0.000279098893976	-0.0418689779887	-0.0928993580087	-0.0609540812762	0.0213963733196	0.00515613219854	0.0039175597385	-0.0469748093319	1.0	0.00575060888336	-0.0524126836197	-0.0570981685369	-0.00543113020447	-0.0416888212758	-0.0391580435852	-0.0192267878622	-0.0230311160393	-0.0648739631554	-0.0151271162801	0.0566887452518	0.022940071688	-0.0419973454041	0.0167068463288	0.000909207710101	-0.0296306251201	-0.0450182407342	-0.0590095373186	-0.0465988731124	0.0193044240024	0.00128444038566	0.0134922638961	0.024754640531	-0.0177221229194	-0.0813132316033	-0.0218309760093	0.0214420650821	-0.030504534716	-0.00136092725393	0.0316850667703
k__Bacteria;p__Actinobacteria;c__Actinobacteria;o__Bifidobacteriales;f__Bifidobacteriaceae;g__Bifidobacterium;s__Bifidobacterium_longum	0.0381101958547	-0.0568398142683	-0.0382417935017	0.0506732389835	-0.00881034913709	0.0114696880079	-0.0460350765902	-0.00827416075873	0.00204153075744	0.0214780423888	-0.0410595770234	-0.0457666597313	0.00679794674805	0.0114279080904	-0.0231932983173	-0.0216287178463	-0.0367649851383	-0.0113688848949	0.0062908019519	-0.00272933969199	0.0238402415695	-0.0140882045456	-0.104919248467	-0.0571554635161	0.0229957536552	-0.105157134221	-0.043108570147	-0.00431605291479	0.00575060888336	1.0	0.0522076663044	-0.0201368721616	-0.0183076366179	0.00987478829286	-0.00191897197316	-0.0566382798998	0.00751490703845	-0.0146813473953	-0.0153480498592	0.0360972553896	-0.02171397814	-0.0332953106686	-0.0136669972611	-0.0578632426022	-0.0126266698169	-0.0532765415003	-0.0203652698754	0.0226916182485	0.00466393629035	0.024600312523	-0.0296738638208	-0.0464249583041	0.0123455536292	-0.0309155193372	-0.0170972197941	0.00327556410935	0.0142369783167	0.013641140641	0.0887935048419
