#taxonomy	k__Bacteria;p__Bacteroidetes;c__Bacteroidia;o__Bacteroidales;f__Bacteroidaceae;g__Bacteroides;s__Bacteroides_vulgatus	k__Bacteria;p__Bacteroidetes;c__Bacteroidia;o__Bacteroidales;f__Bacteroidaceae;g__Bacteroides;s__Bacteroides_uniformis	k__Bacteria;p__Bacteroidetes;c__Bacteroidia;o__Bacteroidales;f__Rikenellaceae;g__Alistipes;s__Alistipes_putredinis	k__Bacteria;p__Bacteroidetes;c__Bacteroidia;o__Bacteroidales;f__Prevotellaceae;g__Prevotella;s__Prevotella_copri	k__Bacteria;p__Bacteroidetes;c__Bacteroidia;o__Bacteroidales;f__Bacteroidaceae;g__Bacteroides;s__Bacteroides_stercoris	k__Bacteria;p__Bacteroidetes;c__Bacteroidia;o__Bacteroidales;f__Bacteroidaceae;g__Bacteroides;s__Bacteroides_ovatus	k__Bacteria;p__Bacteroidetes;c__Bacteroidia;o__Bacteroidales;f__Rikenellaceae;g__Alistipes;s__Alistipes_shahii	k__Bacteria;p__Firmicutes;c__Clostridia;o__Clostridiales;f__Ruminococcaceae;g__Faecalibacterium;s__Faecalibacterium_prausnitzii	k__Bacteria;p__Bacteroidetes;c__Bacteroidia;o__Bacteroidales;f__Rikenellaceae;g__Alistipes;s__Alistipes_finegoldii	k__Bacteria;p__Bacteroidetes;c__Bacteroidia;o__Bacteroidales;f__Porphyromonadaceae;g__Parabacteroides;s__Parabacteroides_distasonis	k__Bacteria;p__Bacteroidetes;c__Bacteroidia;o__Bacteroidales;f__Bacteroidaceae;g__Bacteroides;s__Bacteroides_thetaiotaomicron	k__Bacteria;p__Bacteroidetes;c__Bacteroidia;o__Bacteroidales;f__Bacteroidaceae;g__Bacteroides;s__Bacteroides_coprocola	k__Bacteria;p__Bacteroidetes;c__Bacteroidia;o__Bacteroidales;f__Bacteroidaceae;g__Bacteroides;s__Bacteroides_cellulosilyticus	k__Bacteria;p__Bacteroidetes;c__Bacteroidia;o__Bacteroidales;f__Rikenellaceae;g__Alistipes;s__Alistipes_obesi	k__Bacteria;p__Firmicutes;c__Clostridia;o__Clostridiales;f__Lachnospiraceae;g__;s__[Eubacterium]_rectale	k__Bacteria;p__Bacteroidetes;c__Bacteroidia;o__Bacteroidales;f__Bacteroidaceae;g__Bacteroides;s__Bacteroides_plebeius	k__Bacteria;p__Bacteroidetes;c__Bacteroidia;o__Bacteroidales;f__Bacteroidaceae;g__Bacteroides;s__Bacteroides_fragilis	k__Bacteria;p__Proteobacteria;c__Betaproteobacteria;o__Burkholderiales;f__Sutterellaceae;g__Sutterella;s__Sutterella_wadsworthensis	k__Bacteria;p__Bacteroidetes;c__Bacteroidia;o__Bacteroidales;f__Porphyromonadaceae;g__Barnesiella;s__Barnesiella_intestinihominis	k__Bacteria;p__Bacteroidetes;c__Bacteroidia;o__Bacteroidales;f__Odoribacteraceae;g__Odoribacter;s__Odoribacter_splanchnicus	k__Bacteria;p__Bacteroidetes;c__Bacteroidia;o__Bacteroidales;f__Bacteroidaceae;g__Bacteroides;s__Bacteroides_salyersiae	k__Bacteria;p__Firmicutes;c__Clostridia;o__Clostridiales;f__Ruminococcaceae;g__Ruminiclostridium;s__[Eubacterium]_siraeum	k__Bacteria;p__Proteobacteria;c__Betaproteobacteria;o__Burkholderiales;f__Sutterellaceae;g__Parasutterella;s__Parasutterella_excrementihominis	k__Bacteria;p__Actinobacteria;c__Actinobacteria;o__Bifidobacteriales;f__Bifidobacteriaceae;g__Bifidobacterium;s__Bifidobacterium_adolescentis	k__Bacteria;p__Firmicutes;c__Clostridia;o__Clostridiales;f__Oscillospiraceae;g__Oscillibacter;s__Oscillibacter_sp._KLE_1745	k__Bacteria;p__Bacteroidetes;c__Bacteroidia;o__Bacteroidales;f__Bacteroidaceae;g__Bacteroides;s__Bacteroides_coprophilus	k__Bacteria;p__Firmicutes;c__Clostridia;o__Clostridiales;f__Lachnospiraceae;g__Roseburia;s__Roseburia_intestinalis	k__Bacteria;p__Firmicutes;c__Clostridia;o__Clostridiales;f__Lachnospiraceae;g__Roseburia;s__Roseburia_hominis	k__Bacteria;p__Bacteroidetes;c__Bacteroidia;o__Bacteroidales;f__Porphyromonadaceae;g__Parabacteroides;s__Parabacteroides_johnsonii	k__Bacteria;p__Actinobacteria;c__Actinobacteria;o__Bifidobacteriales;f__Bifidobacteriaceae;g__Bifidobacterium;s__Bifidobacterium_longum	k__Bacteria;p__Firmicutes;c__Clostridia;o__Clostridiales;f__;g__Flavonifractor;s__Flavonifractor_plautii	k__Bacteria;p__Firmicutes;c__Clostridia;o__Clostridiales;f__Clostridiaceae;g__Clostridium;s__Clostridium_phoceensis	k__Bacteria;p__Verrucomicrobia;c__Verrucomicrobiae;o__Verrucomicrobiales;f__Akkermansiaceae;g__Akkermansia;s__Akkermansia_muciniphila	k__Bacteria;p__Bacteroidetes;c__Bacteroidia;o__Bacteroidales;f__Prevotellaceae;g__Paraprevotella;s__Paraprevotella_xylaniphila	k__Bacteria;p__Firmicutes;c__Clostridia;o__Clostridiales;f__Ruminococcaceae;g__Ruminococcus;s__Ruminococcus_callidus	k__Bacteria;p__Bacteroidetes;c__Bacteroidia;o__Bacteroidales;f__Rikenellaceae;g__Alistipes;s__Alistipes_senegalensis	k__Bacteria;p__Firmicutes;c__Clostridia;o__Clostridiales;f__Lachnospiraceae;g__Blautia;s__Blautia_sp._KLE_1732	k__Bacteria;p__Bacteroidetes;c__Bacteroidia;o__Bacteroidales;f__Bacteroidaceae;g__Bacteroides;s__Bacteroides_oleiciplenus	k__Bacteria;p__Firmicutes;c__Clostridia;o__Clostridiales;f__Ruminococcaceae;g__Ruminococcus;s__Ruminococcus_bicirculans	k__Bacteria;p__Bacteroidetes;c__Bacteroidia;o__Bacteroidales;f__Bacteroidaceae;g__Bacteroides;s__Bacteroides_fluxus	k__Bacteria;p__Bacteroidetes;c__Bacteroidia;o__Bacteroidales;f__Prevotellaceae;g__Prevotella;s__Prevotella_stercorea	k__Bacteria;p__Firmicutes;c__Clostridia;o__Clostridiales;f__Lachnospiraceae;g__Dorea;s__Dorea_longicatena	k__Bacteria;p__Firmicutes;c__Clostridia;o__Clostridiales;f__Eubacteriaceae;g__Eubacterium;s__[Eubacterium]_eligens	k__Bacteria;p__Firmicutes;c__Clostridia;o__Clostridiales;f__Ruminococcaceae;g__;s__Ruminococcaceae_bacterium_D16	k__Bacteria;p__Firmicutes;c__Clostridia;o__Clostridiales;f__Lachnospiraceae;g__Coprococcus;s__Coprococcus_comes	k__Bacteria;p__Proteobacteria;c__Gammaproteobacteria;o__Enterobacterales;f__Enterobacteriaceae;g__Escherichia;s__Escherichia_coli	k__Bacteria;p__Firmicutes;c__Clostridia;o__Clostridiales;f__Ruminococcaceae;g__Anaerotruncus;s__Anaerotruncus_colihominis	k__Bacteria;p__Firmicutes;c__Clostridia;o__Clostridiales;f__Lachnospiraceae;g__Blautia;s__Blautia_obeum	k__Bacteria;p__Bacteroidetes;c__Bacteroidia;o__Bacteroidales;f__Odoribacteraceae;g__Odoribacter;s__Odoribacter_laneus	k__Bacteria;p__Firmicutes;c__Clostridia;o__Clostridiales;f__Ruminococcaceae;g__Ruminiclostridium;s__[Clostridium]_leptum	k__Bacteria;p__Bacteroidetes;c__Bacteroidia;o__Bacteroidales;f__Porphyromonadaceae;g__Parabacteroides;s__Parabacteroides_goldsteinii	k__Bacteria;p__Firmicutes;c__Clostridia;o__Clostridiales;f__Lachnospiraceae;g__Anaerostipes;s__Anaerostipes_hadrus	k__Bacteria;p__Firmicutes;c__Clostridia;o__Clostridiales;f__Ruminococcaceae;g__Ruminococcus;s__Ruminococcus_lactaris	k__Bacteria;p__Firmicutes;c__Clostridia;o__Clostridiales;f__Clostridiaceae;g__Clostridium;s__Clostridium_sp._L2-50	k__Bacteria;p__Firmicutes;c__Clostridia;o__Clostridiales;f__Clostridiaceae;g__Clostridium;s__Clostridium_sp._M62/1	k__Bacteria;p__Firmicutes;c__Clostridia;o__Clostridiales;f__;g__Intestinimonas;s__Intestinimonas_butyriciproducens	k__Bacteria;p__Actinobacteria;c__Actinobacteria;o__Bifidobacteriales;f__Bifidobacteriaceae;g__Bifidobacterium;s__Bifidobacterium_bifidum	k__Bacteria;p__Firmicutes;c__Negativicutes;o__Veillonellales;f__Veillonellaceae;g__Dialister;s__Dialister_invisus	k__Bacteria;p__Bacteroidetes;c__Bacteroidia;o__Bacteroidales;f__Bacteroidaceae;g__Bacteroides;s__Bacteroides_salanitronis
k__Bacteria;p__Bacteroidetes;c__Bacteroidia;o__Bacteroidales;f__Bacteroidaceae;g__Bacteroides;s__Bacteroides_vulgatus	1.0	0.00838204330443	-0.00950373295243	0.0126746932758	-0.0294995247237	-0.0501126839682	0.00448074419928	0.026237148712	-0.0106028254143	0.00552609401203	-0.00660266573145	-0.0239906722613	0.0349675018256	-0.0114359264146	-0.0144851988892	0.0262949218254	0.0112255323393	0.0191738417939	-0.0391428429515	-0.0124880061615	0.00533942492751	-0.0346492665927	0.0200787776147	0.0167836928028	0.0338761640257	-0.0203792125295	-0.000192529785283	-0.0463717984623	0.0401530397004	0.0144535482342	0.0176531681674	-0.0106571100102	0.0295198507209	-0.0483982020614	0.000766769585232	-0.0400396753138	0.00201183181014	-0.0268863510977	-0.00801329673735	0.0567646309259	0.0331776872725	-0.0268713831751	-0.0456815867554	0.0385699445029	0.00949598422554	0.0406214068499	-0.0261711377356	0.0347987498374	-0.0439219165426	0.0313134855417	-0.0412097008708	-0.072811192616	0.0170493430554	0.0231333343924	-0.0131190435223	-0.0257562852378	-0.043060528743	0.0237457564784	-0.0363806495622
k__Bacteria;p__Bacteroidetes;c__Bacteroidia;o__Bacteroidales;f__Bacteroidaceae;g__Bacteroides;s__Bacteroides_uniformis	0.00838204330443	1.0	-0.0575192338632	-0.0612205460822	0.0579049162193	0.00682827290153	-0.00880347138587	-0.0764840367496	0.0579210787567	-0.0292904613608	0.0135491041579	0.0302972409542	-0.0575381991833	-0.0469594214433	-0.0527474236283	-0.031911985606	-0.0380043748828	0.0104124789446	-0.0262971193936	0.0181668684159	-0.00964419221583	0.0434236041442	0.0273404471591	0.02765802213	0.0242377857428	-0.0298376392973	-0.0118844006459	-0.019510800888	-0.033411103968	0.00459599108569	0.0196801972768	-0.00865971277373	-0.0146678541913	-0.0810149060847	-0.0112284746316	-0.0538468600265	-0.0117939326163	0.00381446324057	-0.0516528763275	0.059480069534	-0.0313973208784	0.000703414217797	0.0156609390578	-0.0778594804573	-0.0172685559524	-0.00273014222333	-0.0117283737114	-0.0472116456072	-0.0175126925727	-0.00697460946368	0.0253588994942	-0.0201345475644	-0.0232511412944	0.0356994273414	-0.0110402487144	0.0388122017273	-0.0329914558817	0.00429300790458	-0.00544505024653
k__Bacteria;p__Bacteroidetes;c__Bacteroidia;o__Bacteroidales;f__Rikenellaceae;g__Alistipes;s__Alistipes_putredinis	-0.00950373295243	-0.0575192338632	1.0	-0.0296355229466	0.0272356438516	-0.0375844946349	-0.101068467688	-0.0672845390783	-0.0264017179312	-0.0244306114567	0.00200211381892	0.0278217833145	0.0149738786453	-0.154221365754	0.0123328585598	-0.0408393482683	0.0625521523822	0.0393760746345	0.0234529403075	-0.0187650767392	-0.0372152174724	0.0398812836589	-0.0497292447557	-0.0787908738682	0.0249796288585	0.033912299871	-0.0502837193799	0.0166737590344	-0.00572859300735	0.0122890231296	0.0155158709228	0.0118445909144	0.046691393419	-0.0240716079122	-0.0255155776472	0.0616467283292	-0.0356717701537	-0.0162324047492	0.0114842657252	0.0597521828507	-0.00245196742836	-0.0258162282618	0.0416588430804	0.013121384298	-0.00670261666206	-0.0263824889642	-0.051384185687	-0.00149892592718	0.00937535428796	-0.126731654354	0.0515444430725	0.0173987220868	0.0308353240823	-0.0219894519666	-0.0131256990154	-0.00108943648999	0.0363154082021	-0.0136753437487	-0.0724553686032
k__Bacteria;p__Bacteroidetes;c__Bacteroidia;o__Bacteroidales;f__Prevotellaceae;g__Prevotella;s__Prevotella_copri	0.0126746932758	-0.0612205460822	-0.0296355229466	1.0	0.014416355018	-0.0437649140592	-0.0138442362891	0.0253122761924	-0.0574521512906	0.0205981703207	-0.023942205974	-0.0376853690353	-0.0316228287719	-0.0257799963448	-0.00718118165329	-0.0136823089045	0.0212567119057	0.0173483625693	-0.0533524541743	0.0100316539036	0.0316858038156	-0.0129433032429	0.00815028819258	0.0635155256107	-0.057771599646	-0.0334029353147	0.0375575486845	0.0608048568848	-0.0815000838646	0.0087252716491	-0.00461560737715	-0.043671836605	0.00673432312496	-0.0117915906286	-0.0449515619103	-0.0231010721616	-0.0586066871384	-0.0184034134668	-0.0596117722537	-0.00841138972078	-0.0197643181352	-0.0523991721096	-0.024505119479	-0.0301932827548	0.0619399356079	-0.0821998679681	-0.00134753388222	-0.0126889901512	-0.0212537088154	0.00531368097961	0.0520597064163	0.0288661933277	-0.0049874484301	-0.0452221286292	0.0137952748189	-0.0146060112002	0.0280064196473	-0.00407270343047	0.0107042774652
k__Bacteria;p__Bacteroidetes;c__Bacteroidia;o__Bacteroidales;f__Bacteroidaceae;g__Bacteroides;s__Bacteroides_stercoris	-0.0294995247237	0.0579049162193	0.0272356438516	0.014416355018	1.0	-0.0312467952881	0.0186847297637	-0.0183741182155	0.00990151617927	0.0229296474743	-0.0255138693309	-0.0143983283802	0.00785708420646	0.0366274972582	-0.0300353201713	0.01061518449	0.0352493977089	-0.0331628494788	0.0230213340666	0.0675141785391	-0.0109798815274	0.0293192549768	0.030451031043	-0.0152295888983	-0.0406872594064	-0.00545178258252	-0.0638409632364	0.0384864121814	0.0409171656452	-0.0639458946632	0.0283708794025	0.0204649831412	0.0681199530792	-0.0504172847433	0.0086669735844	-0.0472280153854	0.0359177573305	0.00577361563778	0.039243122547	-0.0158018785087	-0.0458834695173	-1.44335559433e-05	-0.0132217771242	0.0107124529732	0.0331400890815	-0.0292414925244	-0.00940584622773	-0.0262638621996	-0.0668294290719	-0.00498157476739	-0.0355069433457	0.0324408766342	0.0118197775707	-0.0083395091702	-0.030419853183	-0.0216367651561	-0.000815211852052	0.01365440343	0.0317476288853
k__Bacteria;p__Bacteroidetes;c__Bacteroidia;o__Bacteroidales;f__Bacteroidaceae;g__Bacteroides;s__Bacteroides_ovatus	-0.0501126839682	0.00682827290153	-0.0375844946349	-0.0437649140592	-0.0312467952881	1.0	0.0425440627379	-0.0634107418308	-0.0398139360096	0.0072734141795	0.0191687694073	0.02908858652	-0.0175507177182	-0.0302303702263	0.00416501827302	-0.0821206261692	0.0161668763758	-0.01435757998	0.00446561233559	0.000652405557932	0.0648101377998	0.0119366738558	-0.0555625348076	-0.00235787642506	0.0119403855526	-0.0267546959865	-0.0669335904021	-0.0361538207064	-0.0152450341957	0.0174458308772	0.0155325543286	-0.00202361132561	0.0280932132806	-0.0226259363371	-0.0324137927476	-0.0303063896441	0.0363976292417	0.0148473597786	-0.0305877057535	0.0377971580193	0.022819849079	0.00199898775029	-0.0549701123854	0.0248219135031	-0.00760459840726	-0.0760157707915	-0.0492736328011	0.0308328584848	-0.0228827236006	-0.0488245456152	-0.00960704841159	0.0732180844611	-0.0568478871758	0.0342572050888	-0.0737978957929	0.0275531680854	-0.0238800295394	-0.0504503162844	0.0218078695016
k__Bacteria;p__Bacteroidetes;c__Bacteroidia;o__Bacteroidales;f__Rikenellaceae;g__Alistipes;s__Alistipes_shahii	0.00448074419928	-0.00880347138587	-0.101068467688	-0.0138442362891	0.0186847297637	0.0425440627379	1.0	-0.0171811097432	-0.0801743946296	0.000175601876208	0.00598922536061	-0.0408351461688	-0.0517329179164	0.059624612116	0.037775916162	0.0530070551082	0.0840759182599	0.0433358746279	-0.0559816654117	0.047032145037	-0.00270505744462	-0.0309391460576	-0.0666024406025	-0.000583802557341	0.0901295267406	0.0731340396303	0.0165790312809	0.0811713566142	-0.00395369908126	-0.0303299157232	0.0548451065717	-0.014746422235	0.0103834555833	0.00938649295145	0.00778931381235	-0.0397006974529	-0.0100817997583	-0.0211308972745	-0.0326679034296	-0.00502551906111	-0.00632036143452	-0.0157139346943	-0.0877454492663	-0.0231168990123	-0.0471520455021	-0.00235035419693	-0.0203044502388	-0.0267986481791	-0.0330857670294	0.0469829222155	-0.0368653759036	-0.0151750159508	0.0467575368491	0.0167272132726	-0.0641360211963	-0.0241608837074	-0.0297729457297	-0.0183671758039	-0.0162791263756
k__Bacteria;p__Firmicutes;c__Clostridia;o__Clostridiales;f__Ruminococcaceae;g__Faecalibacterium;s__Faecalibacterium_prausnitzii	0.026237148712	-0.0764840367496	-0.0672845390783	0.0253122761924	-0.0183741182155	-0.0634107418308	-0.0171811097432	1.0	-0.0784328719857	-0.0184893797725	-0.0585069681402	0.0156223486885	0.0148217394608	0.00102251819374	0.00917079877852	0.0604344428442	-0.0142870729862	0.0110123270565	0.0249667907964	-0.0757109256258	-0.0403801240484	-0.0495999295904	0.0227255740285	-0.0506821601251	-0.030295000691	0.0824729768271	-0.0269038546097	-0.0584393723109	0.0210923716567	-0.0105231849568	-0.0326218994696	-0.048697634363	0.0340151727418	0.091085986213	0.0250914282377	0.0157641558163	-0.0121137984501	0.0251043970528	-0.0012207593473	-0.0216389223436	0.0184767763225	0.0201370418414	0.00103785689207	-0.0160581313458	0.0930770373078	0.0131368051222	-0.0182346670521	0.00978594015625	0.0335148998206	-0.0663468514503	-0.031912044276	-0.0637399729706	0.0227670554722	0.0158453678636	-0.0648052840556	-0.0179789270902	-0.0811833305773	0.0474218176906	0.00331223692776
k__Bacteria;p__Bacteroidetes;c__Bacteroidia;o__Bacteroidales;f__Rikenellaceae;g__Alistipes;s__Alistipes_finegoldii	-0.0106028254143	0.0579210787567	-0.0264017179312	-0.0574521512906	0.00990151617927	-0.0398139360096	-0.0801743946296	-0.0784328719857	1.0	-0.0922343981077	0.0144762343398	-0.0298589696447	-0.0474063372683	-0.0289998865821	0.0206355762878	-0.00280974343359	0.0285382086743	0.0243631045298	-0.0317538314159	-0.00759436719771	-0.0290960135998	0.0145224464001	-0.023697971635	0.0299659891936	0.0703104198357	0.011767002099	0.00144065287998	-0.0598123638998	0.015786969102	0.0527699811009	0.0153516376962	-0.00395946088498	-0.0342973885787	0.01274520494	0.00177474287703	-0.0820964900696	0.00669160287014	-0.126314716904	-0.0217294445329	-0.0428237434729	-0.0273910891658	-0.0261905367488	-0.0504524242704	-0.0184600182109	0.022717792254	-0.00451710129419	-0.0222076219185	0.0576892597752	0.0170864920952	0.0376156480505	-0.0410936446759	-0.0250025882589	-0.0280755487056	0.0454460869113	0.0129680039199	-0.0233864854324	-0.0313908480512	-0.00739656951292	0.0673603852494
k__Bacteria;p__Bacteroidetes;c__Bacteroidia;o__Bacteroidales;f__Porphyromonadaceae;g__Parabacteroides;s__Parabacteroides_distasonis	0.00552609401203	-0.0292904613608	-0.0244306114567	0.0205981703207	0.0229296474743	0.0072734141795	0.000175601876208	-0.0184893797725	-0.0922343981077	1.0	0.0194938220692	-0.0572360286246	0.0273043165603	0.00762649095842	-0.0562155144444	0.0330589135557	-0.0509709655942	-0.0268964786284	0.0219630027765	0.0153230103711	0.0112961672923	0.0667408228753	0.0275057467725	-0.0159085243396	-0.00850829196622	0.0324166861028	0.0260075259197	-0.0105988178542	-0.12343569625	0.00829522404562	-0.033820609715	-0.0106541074075	0.0559607218768	0.0124474465324	0.027457768285	0.00936009930512	-0.00380330064303	-0.0335441159334	0.0173332741583	-0.049505082018	0.00015170235525	0.0753748840325	-0.00983190374067	-0.081649554751	0.0126421735066	0.0104225687598	-0.0691951278384	-0.0208185630768	0.00523293326499	0.0119096937459	0.0109407978407	-0.0428142198649	-0.117371366697	-0.0186540462347	0.0783886227401	0.0139700022436	0.0307603864052	0.0370876690074	-0.0463756490341
k__Bacteria;p__Bacteroidetes;c__Bacteroidia;o__Bacteroidales;f__Bacteroidaceae;g__Bacteroides;s__Bacteroides_thetaiotaomicron	-0.00660266573145	0.0135491041579	0.00200211381892	-0.023942205974	-0.0255138693309	0.0191687694073	0.00598922536061	-0.0585069681402	0.0144762343398	0.0194938220692	1.0	-0.0109270876255	-0.0328220727389	-0.0302756745916	-0.0355537152299	0.00649723807411	-0.0526840549967	-0.0374925113967	-0.057062519568	-0.019860194979	0.0615158962634	-0.0253973448731	-0.0325680413027	-0.0221182577	-0.038993668509	0.0435650903564	-0.0340861112026	0.0228811605465	-0.0317515371955	-0.0519610978838	-0.0281488200644	0.00230137265542	-0.0512868326681	-0.0863181685473	-0.0186702369844	-0.0299036891185	0.00836073269938	-0.0111411824336	-0.0084656169225	-0.000577017986296	0.0207054796798	-0.0603889520796	-0.0390018761239	0.0218986038124	0.00852830171464	0.00133708692871	0.0426619022907	-0.0685070752399	-0.0634880485566	0.00153186251528	0.0515801606585	-0.011381465212	-0.0149665602927	-0.0380272972884	0.0355637352303	-0.0305038861266	0.0614837203254	0.0139095829471	0.0205885702485
k__Bacteria;p__Bacteroidetes;c__Bacteroidia;o__Bacteroidales;f__Bacteroidaceae;g__Bacteroides;s__Bacteroides_coprocola	-0.0239906722613	0.0302972409542	0.0278217833145	-0.0376853690353	-0.0143983283802	0.02908858652	-0.0408351461688	0.0156223486885	-0.0298589696447	-0.0572360286246	-0.0109270876255	1.0	-0.032787764338	0.00713481244049	-0.0209779155138	-0.0358678263191	-0.00191042363715	-0.00714779359278	-0.0343991710862	-0.00780559663152	0.0458981344931	-0.0343533194723	-0.0370260243948	-0.0224414715098	-0.0465660246424	-0.0360123443449	-0.0133359500592	-0.0642816451852	0.0235286445508	-0.00999293226554	-0.0164722518732	-0.0170964146124	0.0189694812349	-0.101373472792	-0.0424524202816	-0.0769804250501	-0.0112921654579	0.0114335220177	-0.00272094060706	0.000265202844138	0.0227693068521	-0.0394073823617	-0.0229259617251	-0.0151055552456	-0.00579676070984	0.0318130477129	0.0624468231254	-0.0140277131514	0.00466641311727	-0.0527030007757	0.0608021809277	0.0489368031213	0.0390780500161	-0.0779194800488	0.0130012905245	-0.0293318862345	0.0521344711041	-0.0130735504393	0.0539028759994
k__Bacteria;p__Bacteroidetes;c__Bacteroidia;o__Bacteroidales;f__Bacteroidaceae;g__Bacteroides;s__Bacteroides_cellulosilyticus	0.0349675018256	-0.0575381991833	0.0149738786453	-0.0316228287719	0.00785708420646	-0.0175507177182	-0.0517329179164	0.0148217394608	-0.0474063372683	0.0273043165603	-0.0328220727389	-0.032787764338	1.0	0.0263303364664	-0.027933897657	-0.0511018585136	-0.0347151492895	-0.011035110741	0.0115433577848	0.0156067762799	-0.0554549067705	-0.0294998199879	-0.0135670948513	0.0583756724929	0.0371088534554	-0.00216683342493	0.056744256795	-0.0293775111314	-0.0803103713498	-0.0204693626421	-0.0150714765284	-0.0491428517807	-0.0380048501482	0.00670571616153	-0.000585639777304	-0.0664161056758	-0.0334673446715	0.0235005950191	-0.00973456083744	-0.0537916045438	-0.0379976779468	0.0111737503968	0.00131004253997	0.00845920164722	0.0216080544471	-0.0291065505819	0.0317348768818	-0.0478392361195	-0.0517578482176	-0.00312295643363	-0.0378701217491	0.0578496519436	-0.0521414280973	0.030841114185	0.0735050524393	0.0390867303106	0.0421462651916	-0.0204159586145	0.0213315184091
k__Bacteria;p__Bacteroidetes;c__Bacteroidia;o__Bacteroidales;f__Rikenellaceae;g__Alistipes;s__Alistipes_obesi	-0.0114359264146	-0.0469594214433	-0.154221365754	-0.0257799963448	0.0366274972582	-0.0302303702263	0.059624612116	0.00102251819374	-0.0289998865821	0.00762649095842	-0.0302756745916	0.00713481244049	0.0263303364664	1.0	-0.0318157245621	-0.0335384167763	0.0173903166362	0.00560349982942	0.0413024819891	0.0404557063431	-0.0055937300703	-0.00922992621941	-0.0191193792793	-0.0875289613379	-0.0344328527365	0.00547325678501	-0.0419382146681	-0.0326443362805	0.0652776193952	0.0133221240054	-0.0224850502608	0.0371623386158	0.0413416817397	-0.0272799483796	0.0356829396739	-0.0698598596573	-0.0339449308988	0.0485716107606	-0.0133394724841	0.0123847651428	-0.0729457523373	-0.0254850376767	0.0157734323007	-0.000567649732979	-0.00426809041461	-0.0335658337641	-0.03227058318	0.0649807944554	0.0487224310154	0.0224274224346	-0.0805127389114	-0.0381451841005	0.0380700756749	0.00255621271489	-0.00402878025156	-0.0319222056165	-0.00956357288063	-0.04419405345	0.0571836077247
k__Bacteria;p__Firmicutes;c__Clostridia;o__Clostridiales;f__Lachnospiraceae;g__;s__[Eubacterium]_rectale	-0.0144851988892	-0.0527474236283	0.0123328585598	-0.00718118165329	-0.0300353201713	0.00416501827302	0.037775916162	0.00917079877852	0.0206355762878	-0.0562155144444	-0.0355537152299	-0.0209779155138	-0.027933897657	-0.0318157245621	1.0	0.0161643410706	-0.0585620889638	0.013387314498	0.0478543328281	-0.00973334761988	-0.00278946913825	-0.0103105077132	-0.00869463079891	-0.00947787314873	-0.0357283733394	-0.0507851275763	0.00684304824048	0.0309849556004	0.00221245019694	-0.0448734677	0.0345347401881	0.0317244312718	-0.0387452509255	-0.0380602547926	-0.04758501756	0.013620118353	0.0121137473272	-0.00841939037773	-0.0688110454669	0.00449763927821	-0.0149039647515	-0.0283430633391	0.0347010878363	0.0165717901762	0.0424638140046	-0.0431683972878	0.00612584752056	0.0628134790481	-0.0103438418256	-0.0844621911319	-0.00375820675565	-0.0101985559932	0.0433921521689	-0.0221233369413	-0.00435712814251	-0.000940158418019	0.0779871347407	0.0031208739524	0.01098311469
k__Bacteria;p__Bacteroidetes;c__Bacteroidia;o__Bacteroidales;f__Bacteroidaceae;g__Bacteroides;s__Bacteroides_plebeius	0.0262949218254	-0.031911985606	-0.0408393482683	-0.0136823089045	0.01061518449	-0.0821206261692	0.0530070551082	0.0604344428442	-0.00280974343359	0.0330589135557	0.00649723807411	-0.0358678263191	-0.0511018585136	-0.0335384167763	0.0161643410706	1.0	0.004563520228	-0.00535953740744	-0.0522478837562	0.012205844411	0.0193536209101	-0.0130321266225	0.0241762342551	-0.0526951455662	0.0112663087594	0.043177545558	-0.00325053384982	-0.0209337723593	0.0265718424129	-0.0217576018629	-0.0936564679754	-0.0645909859235	-0.0729460832634	0.0185764849214	-0.0505545069051	-0.0381432409514	-0.0227587506752	0.0290484707072	-0.0140431516825	-0.0441680070895	-0.0582031883787	-0.0502515727471	-0.0308078269916	0.0499284200657	0.00730143994283	0.0105389109736	-0.0108153757332	-0.0752724888643	0.00579963028299	0.0232008444589	0.0148458884644	-0.00837455353177	0.0535759392043	0.0592392824141	-0.0560238715435	0.0056925294291	0.021409014657	-0.0167696498086	0.0142781554299
k__Bacteria;p__Bacteroidetes;c__Bacteroidia;o__Bacteroidales;f__Bacteroidaceae;g__Bacteroides;s__Bacteroides_fragilis	0.0112255323393	-0.0380043748828	0.0625521523822	0.0212567119057	0.0352493977089	0.0161668763758	0.0840759182599	-0.0142870729862	0.0285382086743	-0.0509709655942	-0.0526840549967	-0.00191042363715	-0.0347151492895	0.0173903166362	-0.0585620889638	0.004563520228	1.0	-0.0166188248094	-0.0968560705324	-0.0143885026734	0.0347484043194	-0.0665441498561	-0.0646365461049	0.0116782250192	0.051078844331	-0.0296886590944	0.0115216819195	0.0168310694703	-0.0284165425064	0.0187887970148	-0.0335597094002	-0.0322188173707	-0.0634374780735	0.0128536240133	-0.002084240343	0.00814896099546	0.000261498380972	-0.0169106119383	-0.0316992836322	-0.0224393569046	0.0396800151924	0.050121521637	0.0160603833846	-0.0295840063962	0.0308829379497	0.00102332941362	-0.0397019525564	0.0601482342641	-0.0484963709528	-0.00179577480698	-0.00683914773286	-0.041533327279	-0.0320620067701	-0.00191592540868	-0.0307552620521	-0.00643738834103	0.0367423495975	0.0134513494842	-0.0213137283258
k__Bacteria;p__Proteobacteria;c__Betaproteobacteria;o__Burkholderiales;f__Sutterellaceae;g__Sutterella;s__Sutterella_wadsworthensis	0.0191738417939	0.0104124789446	0.0393760746345	0.0173483625693	-0.0331628494788	-0.01435757998	0.0433358746279	0.0110123270565	0.0243631045298	-0.0268964786284	-0.0374925113967	-0.00714779359278	-0.011035110741	0.00560349982942	0.013387314498	-0.00535953740744	-0.0166188248094	1.0	0.00831237097411	0.0117763433664	-0.0554002181253	0.0254666067764	0.00662426018276	0.056384060065	-0.101063203538	0.00339881932439	0.0107350230077	-0.0336259213802	0.0244750013965	0.0400695836473	0.0728428696841	0.0414603929167	-0.0535535805853	0.00711518476525	0.0561575198109	0.0171158005628	-0.00130832420431	-0.0384375506453	-0.0520687951626	0.0404139306597	0.00343609753648	-0.0400982775935	-0.0378747998649	0.0179570631357	-0.116412498211	0.0101840680304	0.00106186137596	-0.0564011409128	-0.0517138265489	-0.039563886995	-0.00780196873686	-0.0245177419407	0.0420018148365	-0.0476414135233	0.0379340417583	-0.0388132754173	0.0194553190792	-0.0592398795785	0.00873062199417
k__Bacteria;p__Bacteroidetes;c__Bacteroidia;o__Bacteroidales;f__Porphyromonadaceae;g__Barnesiella;s__Barnesiella_intestinihominis	-0.0391428429515	-0.0262971193936	0.0234529403075	-0.0533524541743	0.0230213340666	0.00446561233559	-0.0559816654117	0.0249667907964	-0.0317538314159	0.0219630027765	-0.057062519568	-0.0343991710862	0.0115433577848	0.0413024819891	0.0478543328281	-0.0522478837562	-0.0968560705324	0.00831237097411	1.0	-0.0608975018195	-0.0107824390046	0.0431447290662	0.00819822337063	-0.00921357093322	-0.0723572997764	0.0301606708435	-0.0352141049658	0.00282937612746	-0.016644712685	-0.000833055044883	-0.0487055359165	-0.0243373542877	0.0246771052412	0.0068325854562	0.0139590659785	0.0457726475051	0.00820148019771	0.00345161826632	-0.0258720484443	0.00882743676085	0.0202494993513	0.0238640114842	0.000228623825563	-0.0285256218155	0.0104793334345	0.011043250424	0.0308763031113	-0.00175737823157	-0.0451781707288	-0.0233394252213	-0.0618154921872	-0.0523856555175	0.00691444537677	-0.0231184120418	0.0258106729936	-0.0101216921661	0.0106611195899	0.063780923974	-0.0597038735722
k__Bacteria;p__Bacteroidetes;c__Bacteroidia;o__Bacteroidales;f__Odoribacteraceae;g__Odoribacter;s__Odoribacter_splanchnicus	-0.0124880061615	0.0181668684159	-0.0187650767392	0.0100316539036	0.0675141785391	0.000652405557932	0.047032145037	-0.0757109256258	-0.00759436719771	0.0153230103711	-0.019860194979	-0.00780559663152	0.0156067762799	0.0404557063431	-0.00973334761988	0.012205844411	-0.0143885026734	0.0117763433664	-0.0608975018195	1.0	0.0376025482239	0.0327741841765	-0.109385390429	-0.071070379624	0.0812542339394	0.0372354702381	-0.0854867171495	-0.005286214452	-0.0643159057759	-0.0745331622052	-0.0131836024127	-0.0586416169599	0.0122150192299	-0.017965711961	-0.0205880077129	-0.024374504103	-0.00148509938892	-0.00624889583844	-0.0752365786902	-0.0678539041465	0.0133428452157	-0.0564832727015	0.0328374964802	-0.0323813626744	0.0191445327262	-0.0531582568188	-0.00299266828908	0.0204667948099	-0.0466229659798	-0.00074364695487	0.0256139127641	-0.000133850542705	0.0385005138074	-0.0537393493599	0.0177102449166	-0.0408217158639	8.61272966499e-05	0.0131168180437	-0.0295894528827
k__Bacteria;p__Bacteroidetes;c__Bacteroidia;o__Bacteroidales;f__Bacteroidaceae;g__Bacteroides;s__Bacteroides_salyersiae	0.00533942492751	-0.00964419221583	-0.0372152174724	0.0316858038156	-0.0109798815274	0.0648101377998	-0.00270505744462	-0.0403801240484	-0.0290960135998	0.0112961672923	0.0615158962634	0.0458981344931	-0.0554549067705	-0.0055937300703	-0.00278946913825	0.0193536209101	0.0347484043194	-0.0554002181253	-0.0107824390046	0.0376025482239	1.0	-0.113368285318	-0.0229127881984	0.0167856186427	0.0337659965555	-0.0517403301589	-0.0392592438796	0.0661682867373	-0.0579256695638	-0.0780676755898	0.0311095689668	-0.024516175106	-0.0531107482902	0.0295491617395	-0.0361153833514	-0.00914996142689	0.020884829473	-0.0178105804603	-0.004525571618	-0.00175156512504	0.000666166527519	-0.0102237815315	-0.0127760556715	0.000654335131546	0.0135563010747	0.0163486876985	-0.0615891454036	-0.0134524004026	0.00398349842787	-0.00107896398436	0.000909799683997	-0.0499688798755	0.0406009563869	-0.00503023807009	0.0363807773097	-0.0620701496748	0.0791386594211	-0.0513110286587	0.049519348861
k__Bacteria;p__Firmicutes;c__Clostridia;o__Clostridiales;f__Ruminococcaceae;g__Ruminiclostridium;s__[Eubacterium]_siraeum	-0.0346492665927	0.0434236041442	0.0398812836589	-0.0129433032429	0.0293192549768	0.0119366738558	-0.0309391460576	-0.0495999295904	0.0145224464001	0.0667408228753	-0.0253973448731	-0.0343533194723	-0.0294998199879	-0.00922992621941	-0.0103105077132	-0.0130321266225	-0.0665441498561	0.0254666067764	0.0431447290662	0.0327741841765	-0.113368285318	1.0	0.0116563296819	-0.00377888420818	-0.0104869151477	-0.00285425285888	-0.00826665733981	-0.0215384496888	-0.0682742820931	0.0222165649751	-0.0277085714038	0.0275318447654	-0.0197304031747	0.0345932418585	-0.0222093022306	-0.063925171376	-0.0577088709826	-0.0598570798011	-0.0328580015342	-0.00909431141238	-0.0418904746209	-0.0265631203945	0.023548836644	-0.0186908173932	-0.0371234419688	-0.0711324212803	-0.0312561776281	0.0232624164058	0.0377533001487	-0.0524640581407	0.0357652024907	-0.0514685394046	0.0256742438231	-0.0313392233415	-0.0863498583548	0.049081522143	0.01386136123	-0.0472510816082	-0.00899135607956
k__Bacteria;p__Proteobacteria;c__Betaproteobacteria;o__Burkholderiales;f__Sutterellaceae;g__Parasutterella;s__Parasutterella_excrementihominis	0.0200787776147	0.0273404471591	-0.0497292447557	0.00815028819258	0.030451031043	-0.0555625348076	-0.0666024406025	0.0227255740285	-0.023697971635	0.0275057467725	-0.0325680413027	-0.0370260243948	-0.0135670948513	-0.0191193792793	-0.00869463079891	0.0241762342551	-0.0646365461049	0.00662426018276	0.00819822337063	-0.109385390429	-0.0229127881984	0.0116563296819	1.0	0.0462893991956	0.0142884662969	0.0141984248796	0.0784497394925	-0.0428310007914	-0.0106613347104	-0.00275093723058	-0.0317022313057	-0.0457404957295	0.025029345197	-0.00845657480652	-0.0650889012426	0.00595594698245	-0.00831918036379	-0.036578718711	-0.0149171464115	-0.0195976194386	-0.0408336656316	0.100476728518	-0.0226255118321	0.0500735611895	-0.031904824293	0.0119815131685	0.0233717688822	0.0429368655565	-0.0727428386867	0.0225468543269	0.010883120183	-0.0836501939053	-0.0503630094581	-0.0619518373811	-0.0394019616993	0.0346261638269	0.0217876570248	-0.024830806746	0.0100072179538
k__Bacteria;p__Actinobacteria;c__Actinobacteria;o__Bifidobacteriales;f__Bifidobacteriaceae;g__Bifidobacterium;s__Bifidobacterium_adolescentis	0.0167836928028	0.02765802213	-0.0787908738682	0.0635155256107	-0.0152295888983	-0.00235787642506	-0.000583802557341	-0.0506821601251	0.0299659891936	-0.0159085243396	-0.0221182577	-0.0224414715098	0.0583756724929	-0.0875289613379	-0.00947787314873	-0.0526951455662	0.0116782250192	0.056384060065	-0.00921357093322	-0.071070379624	0.0167856186427	-0.00377888420818	0.0462893991956	1.0	-0.0498070796669	-0.0287480338544	-0.0071072807218	-0.125789142931	0.0041196774486	-0.0106069983517	-0.0597184928724	0.0358869387405	-0.00597763920139	0.0531664602114	-0.0133167008964	0.0503399389142	-0.0116664581865	-0.0462838063699	-0.0334940699619	0.0486965873934	-0.0277061688149	-0.00326466166691	0.0229618151266	0.0304480647903	0.000162351170787	-0.0259948577957	0.0561343850907	-0.00600869033613	0.0292909775545	-0.0355656967082	-0.0201278025784	-0.0419535208518	-0.0170238269823	-0.0107096436328	-0.0791465425265	-0.0161856296297	0.0493310923629	0.0235766031629	0.0485338877358
k__Bacteria;p__Firmicutes;c__Clostridia;o__Clostridiales;f__Oscillospiraceae;g__Oscillibacter;s__Oscillibacter_sp._KLE_1745	0.0338761640257	0.0242377857428	0.0249796288585	-0.057771599646	-0.0406872594064	0.0119403855526	0.0901295267406	-0.030295000691	0.0703104198357	-0.00850829196622	-0.038993668509	-0.0465660246424	0.0371088534554	-0.0344328527365	-0.0357283733394	0.0112663087594	0.051078844331	-0.101063203538	-0.0723572997764	0.0812542339394	0.0337659965555	-0.0104869151477	0.0142884662969	-0.0498070796669	1.0	0.0150513819212	-0.0196312866771	0.03466572964	0.0267138482718	-0.0320539719422	-0.089596241379	-0.0168762110892	-0.0740893954339	-0.0368093217567	-0.0151796166656	0.0116905960867	-0.0614629834409	0.0426907128706	-0.0414055672812	0.0527892264017	-0.0523187981629	0.0304448127212	0.048777660812	0.0084603213858	-0.0169173158278	-0.0577950041662	-0.0576760481915	-0.0221212533352	0.0302982019965	-0.0989336437773	0.00178154704266	0.0102757817974	-0.00928488740268	-0.00421221126426	-0.0226736400998	0.0202890966189	-0.00621069758495	-0.0375155048937	-0.0283998238034
k__Bacteria;p__Bacteroidetes;c__Bacteroidia;o__Bacteroidales;f__Bacteroidaceae;g__Bacteroides;s__Bacteroides_coprophilus	-0.0203792125295	-0.0298376392973	0.033912299871	-0.0334029353147	-0.00545178258252	-0.0267546959865	0.0731340396303	0.0824729768271	0.011767002099	0.0324166861028	0.0435650903564	-0.0360123443449	-0.00216683342493	0.00547325678501	-0.0507851275763	0.043177545558	-0.0296886590944	0.00339881932439	0.0301606708435	0.0372354702381	-0.0517403301589	-0.00285425285888	0.0141984248796	-0.0287480338544	0.0150513819212	1.0	-0.0956756063061	-0.0305019365079	0.0373707828505	0.0909496871372	-0.0294921723525	-0.0825346560552	-0.0029326192108	0.0241373968116	-0.00958448362107	-0.121908634795	-0.0441446916608	-0.00763210979931	-0.0130526855115	0.00927361631307	-0.0214266365513	-0.00157917049022	0.000503178352654	-0.0288245833809	0.0265297808933	-0.0211245138091	0.0472225420735	-0.0143415776896	0.0144374185908	-0.0372929706743	-0.0196450981523	-0.0180330081493	0.00100557834915	-0.00991415693731	-0.0357690571631	0.0216068538017	-0.076175927506	0.0271912312369	0.0379067384714
k__Bacteria;p__Firmicutes;c__Clostridia;o__Clostridiales;f__Lachnospiraceae;g__Roseburia;s__Roseburia_intestinalis	-0.000192529785284	-0.0118844006459	-0.0502837193799	0.0375575486845	-0.0638409632364	-0.0669335904021	0.0165790312809	-0.0269038546097	0.00144065287998	0.0260075259197	-0.0340861112026	-0.0133359500592	0.056744256795	-0.0419382146681	0.00684304824048	-0.00325053384982	0.0115216819195	0.0107350230077	-0.0352141049658	-0.0854867171495	-0.0392592438796	-0.00826665733981	0.0784497394925	-0.0071072807218	-0.0196312866771	-0.0956756063061	1.0	0.0306904751376	-0.0214197605778	-0.0299841980968	0.0802684409038	0.0123387652853	-0.0127102300376	0.0265634053413	-0.0486784876699	0.0283789050159	0.06410450188	-0.0709737664559	0.0282009550009	-0.0390975704845	0.0454896004599	0.00661325249167	-0.00417508352733	-0.0251330865521	0.0495120254865	0.0336587905948	-0.00847868251181	0.0305775150018	-0.00647732962252	0.029378464375	-0.0052704426429	-0.0133677422282	0.0165676476938	0.00860035349637	-0.0130122249021	0.000480608469011	-0.0757808703033	-0.0996498205714	-0.0229210030357
k__Bacteria;p__Firmicutes;c__Clostridia;o__Clostridiales;f__Lachnospiraceae;g__Roseburia;s__Roseburia_hominis	-0.0463717984623	-0.019510800888	0.0166737590344	0.0608048568848	0.0384864121814	-0.0361538207064	0.0811713566142	-0.0584393723109	-0.0598123638998	-0.0105988178542	0.0228811605465	-0.0642816451852	-0.0293775111314	-0.0326443362805	0.0309849556004	-0.0209337723593	0.0168310694703	-0.0336259213802	0.00282937612746	-0.005286214452	0.0661682867373	-0.0215384496888	-0.0428310007914	-0.125789142931	0.03466572964	-0.0305019365079	0.0306904751376	1.0	-0.0272862137426	-0.0274370083687	0.0180785395077	0.0574890575733	0.00592227876799	-0.0506778425814	0.021866825446	-0.0501682745239	-0.000498726795411	-0.00503966955749	0.0264845738853	0.0354431812543	-0.0257471911907	-0.0115419010664	0.022440799793	-0.0481162063412	-0.0403737645724	0.0473912441529	-0.036447757038	-0.0416258998034	0.0245621823415	0.00341356431515	-0.000640435322556	-0.00587271525851	0.00600260352307	-0.0115342466645	-0.0147509894019	-0.0725042256018	-0.0378608093113	0.00984858064261	0.0443581940065
k__Bacteria;p__Bacteroidetes;c__Bacteroidia;o__Bacteroidales;f__Porphyromonadaceae;g__Parabacteroides;s__Parabacteroides_johnsonii	0.0401530397004	-0.033411103968	-0.00572859300735	-0.0815000838646	0.0409171656452	-0.0152450341957	-0.00395369908126	0.0210923716567	0.015786969102	-0.12343569625	-0.0317515371955	0.0235286445508	-0.0803103713498	0.0652776193952	0.00221245019694	0.0265718424129	-0.0284165425064	0.0244750013965	-0.016644712685	-0.0643159057759	-0.0579256695638	-0.0682742820931	-0.0106613347104	0.0041196774486	0.0267138482718	0.0373707828505	-0.0214197605778	-0.0272862137426	1.0	-0.00953581947354	0.0263449347657	0.0147352820284	0.00579761670158	-0.0168788598682	-0.0186699598485	-0.027038841704	-0.00264027224556	-0.0300783758194	0.00692904042409	-0.0304152673556	0.0544857317652	-0.0253218848464	-0.0251060796062	0.0382239809896	0.0503165112674	0.000653275292189	-0.0144351342452	-0.028915515779	-0.0735606566557	-0.0113283537282	-0.040492221931	-0.0397952390435	-0.0426240834908	-0.0549387144765	0.0382907499554	0.00373549145636	0.0300614005595	-0.00290939437617	-0.0521217814441
k__Bacteria;p__Actinobacteria;c__Actinobacteria;o__Bifidobacteriales;f__Bifidobacteriaceae;g__Bifidobacterium;s__Bifidobacterium_longum	0.0144535482342	0.00459599108569	0.0122890231296	0.0087252716491	-0.0639458946632	0.0174458308772	-0.0303299157232	-0.0105231849568	0.0527699811009	0.00829522404562	-0.0519610978838	-0.00999293226554	-0.0204693626421	0.0133221240054	-0.0448734677	-0.0217576018629	0.0187887970148	0.0400695836473	-0.000833055044882	-0.0745331622052	-0.0780676755898	0.0222165649751	-0.00275093723058	-0.0106069983517	-0.0320539719422	0.0909496871372	-0.0299841980968	-0.0274370083687	-0.00953581947354	1.0	0.0235030602891	-0.0214382078833	-0.0188979215797	-0.0720822132314	0.00325095826443	-0.00510856292177	-0.0108049416262	-0.0304866498011	-0.00314365385834	-0.0114722745917	-0.0212625964289	0.00992544299548	-0.0191129269341	-0.00202532332207	-0.104727877718	0.0269586331106	0.0518592560848	0.0204482023182	-0.0771896702375	0.0147234968057	0.0110705106931	0.0264410751063	-0.00802514598231	0.0124659182784	-0.0613000140658	-0.0129848569604	0.0830525810549	-0.126264705351	0.0425234010957
