#taxonomy	k__Bacteria;p__Bacteroidetes;c__Bacteroidia;o__Bacteroidales;f__Bacteroidaceae;g__Bacteroides;s__Bacteroides_vulgatus	k__Bacteria;p__Bacteroidetes;c__Bacteroidia;o__Bacteroidales;f__Bacteroidaceae;g__Bacteroides;s__Bacteroides_uniformis	k__Bacteria;p__Bacteroidetes;c__Bacteroidia;o__Bacteroidales;f__Rikenellaceae;g__Alistipes;s__Alistipes_putredinis	k__Bacteria;p__Bacteroidetes;c__Bacteroidia;o__Bacteroidales;f__Prevotellaceae;g__Prevotella;s__Prevotella_copri	k__Bacteria;p__Bacteroidetes;c__Bacteroidia;o__Bacteroidales;f__Bacteroidaceae;g__Bacteroides;s__Bacteroides_stercoris	k__Bacteria;p__Bacteroidetes;c__Bacteroidia;o__Bacteroidales;f__Bacteroidaceae;g__Bacteroides;s__Bacteroides_ovatus	k__Bacteria;p__Bacteroidetes;c__Bacteroidia;o__Bacteroidales;f__Rikenellaceae;g__Alistipes;s__Alistipes_shahii	k__Bacteria;p__Firmicutes;c__Clostridia;o__Clostridiales;f__Ruminococcaceae;g__Faecalibacterium;s__Faecalibacterium_prausnitzii	k__Bacteria;p__Bacteroidetes;c__Bacteroidia;o__Bacteroidales;f__Rikenellaceae;g__Alistipes;s__Alistipes_finegoldii	k__Bacteria;p__Bacteroidetes;c__Bacteroidia;o__Bacteroidales;f__Porphyromonadaceae;g__Parabacteroides;s__Parabacteroides_distasonis	k__Bacteria;p__Bacteroidetes;c__Bacteroidia;o__Bacteroidales;f__Bacteroidaceae;g__Bacteroides;s__Bacteroides_thetaiotaomicron	k__Bacteria;p__Bacteroidetes;c__Bacteroidia;o__Bacteroidales;f__Bacteroidaceae;g__Bacteroides;s__Bacteroides_coprocola	k__Bacteria;p__Bacteroidetes;c__Bacteroidia;o__Bacteroidales;f__Bacteroidaceae;g__Bacteroides;s__Bacteroides_cellulosilyticus	k__Bacteria;p__Bacteroidetes;c__Bacteroidia;o__Bacteroidales;f__Rikenellaceae;g__Alistipes;s__Alistipes_obesi	k__Bacteria;p__Firmicutes;c__Clostridia;o__Clostridiales;f__Lachnospiraceae;g__;s__[Eubacterium]_rectale	k__Bacteria;p__Bacteroidetes;c__Bacteroidia;o__Bacteroidales;f__Bacteroidaceae;g__Bacteroides;s__Bacteroides_plebeius	k__Bacteria;p__Bacteroidetes;c__Bacteroidia;o__Bacteroidales;f__Bacteroidaceae;g__Bacteroides;s__Bacteroides_fragilis	k__Bacteria;p__Proteobacteria;c__Betaproteobacteria;o__Burkholderiales;f__Sutterellaceae;g__Sutterella;s__Sutterella_wadsworthensis	k__Bacteria;p__Bacteroidetes;c__Bacteroidia;o__Bacteroidales;f__Porphyromonadaceae;g__Barnesiella;s__Barnesiella_intestinihominis	k__Bacteria;p__Bacteroidetes;c__Bacteroidia;o__Bacteroidales;f__Odoribacteraceae;g__Odoribacter;s__Odoribacter_splanchnicus	k__Bacteria;p__Bacteroidetes;c__Bacteroidia;o__Bacteroidales;f__Bacteroidaceae;g__Bacteroides;s__Bacteroides_salyersiae	k__Bacteria;p__Firmicutes;c__Clostridia;o__Clostridiales;f__Ruminococcaceae;g__Ruminiclostridium;s__[Eubacterium]_siraeum	k__Bacteria;p__Proteobacteria;c__Betaproteobacteria;o__Burkholderiales;f__Sutterellaceae;g__Parasutterella;s__Parasutterella_excrementihominis	k__Bacteria;p__Actinobacteria;c__Actinobacteria;o__Bifidobacteriales;f__Bifidobacteriaceae;g__Bifidobacterium;s__Bifidobacterium_adolescentis	k__Bacteria;p__Firmicutes;c__Clostridia;o__Clostridiales;f__Oscillospiraceae;g__Oscillibacter;s__Oscillibacter_sp._KLE_1745	k__Bacteria;p__Bacteroidetes;c__Bacteroidia;o__Bacteroidales;f__Bacteroidaceae;g__Bacteroides;s__Bacteroides_coprophilus	k__Bacteria;p__Firmicutes;c__Clostridia;o__Clostridiales;f__Lachnospiraceae;g__Roseburia;s__Roseburia_intestinalis	k__Bacteria;p__Firmicutes;c__Clostridia;o__Clostridiales;f__Lachnospiraceae;g__Roseburia;s__Roseburia_hominis	k__Bacteria;p__Bacteroidetes;c__Bacteroidia;o__Bacteroidales;f__Porphyromonadaceae;g__Parabacteroides;s__Parabacteroides_johnsonii	k__Bacteria;p__Actinobacteria;c__Actinobacteria;o__Bifidobacteriales;f__Bifidobacteriaceae;g__Bifidobacterium;s__Bifidobacterium_longum	k__Bacteria;p__Firmicutes;c__Clostridia;o__Clostridiales;f__;g__Flavonifractor;s__Flavonifractor_plautii	k__Bacteria;p__Firmicutes;c__Clostridia;o__Clostridiales;f__Clostridiaceae;g__Clostridium;s__Clostridium_phoceensis	k__Bacteria;p__Verrucomicrobia;c__Verrucomicrobiae;o__Verrucomicrobiales;f__Akkermansiaceae;g__Akkermansia;s__Akkermansia_muciniphila	k__Bacteria;p__Bacteroidetes;c__Bacteroidia;o__Bacteroidales;f__Prevotellaceae;g__Paraprevotella;s__Paraprevotella_xylaniphila	k__Bacteria;p__Firmicutes;c__Clostridia;o__Clostridiales;f__Ruminococcaceae;g__Ruminococcus;s__Ruminococcus_callidus	k__Bacteria;p__Bacteroidetes;c__Bacteroidia;o__Bacteroidales;f__Rikenellaceae;g__Alistipes;s__Alistipes_senegalensis	k__Bacteria;p__Firmicutes;c__Clostridia;o__Clostridiales;f__Lachnospiraceae;g__Blautia;s__Blautia_sp._KLE_1732	k__Bacteria;p__Bacteroidetes;c__Bacteroidia;o__Bacteroidales;f__Bacteroidaceae;g__Bacteroides;s__Bacteroides_oleiciplenus	k__Bacteria;p__Firmicutes;c__Clostridia;o__Clostridiales;f__Ruminococcaceae;g__Ruminococcus;s__Ruminococcus_bicirculans	k__Bacteria;p__Bacteroidetes;c__Bacteroidia;o__Bacteroidales;f__Bacteroidaceae;g__Bacteroides;s__Bacteroides_fluxus	k__Bacteria;p__Bacteroidetes;c__Bacteroidia;o__Bacteroidales;f__Prevotellaceae;g__Prevotella;s__Prevotella_stercorea	k__Bacteria;p__Firmicutes;c__Clostridia;o__Clostridiales;f__Lachnospiraceae;g__Dorea;s__Dorea_longicatena	k__Bacteria;p__Firmicutes;c__Clostridia;o__Clostridiales;f__Eubacteriaceae;g__Eubacterium;s__[Eubacterium]_eligens	k__Bacteria;p__Firmicutes;c__Clostridia;o__Clostridiales;f__Ruminococcaceae;g__;s__Ruminococcaceae_bacterium_D16	k__Bacteria;p__Firmicutes;c__Clostridia;o__Clostridiales;f__Lachnospiraceae;g__Coprococcus;s__Coprococcus_comes	k__Bacteria;p__Proteobacteria;c__Gammaproteobacteria;o__Enterobacterales;f__Enterobacteriaceae;g__Escherichia;s__Escherichia_coli	k__Bacteria;p__Firmicutes;c__Clostridia;o__Clostridiales;f__Ruminococcaceae;g__Anaerotruncus;s__Anaerotruncus_colihominis	k__Bacteria;p__Firmicutes;c__Clostridia;o__Clostridiales;f__Lachnospiraceae;g__Blautia;s__Blautia_obeum	k__Bacteria;p__Bacteroidetes;c__Bacteroidia;o__Bacteroidales;f__Odoribacteraceae;g__Odoribacter;s__Odoribacter_laneus	k__Bacteria;p__Firmicutes;c__Clostridia;o__Clostridiales;f__Ruminococcaceae;g__Ruminiclostridium;s__[Clostridium]_leptum	k__Bacteria;p__Bacteroidetes;c__Bacteroidia;o__Bacteroidales;f__Porphyromonadaceae;g__Parabacteroides;s__Parabacteroides_goldsteinii	k__Bacteria;p__Firmicutes;c__Clostridia;o__Clostridiales;f__Lachnospiraceae;g__Anaerostipes;s__Anaerostipes_hadrus	k__Bacteria;p__Firmicutes;c__Clostridia;o__Clostridiales;f__Ruminococcaceae;g__Ruminococcus;s__Ruminococcus_lactaris	k__Bacteria;p__Firmicutes;c__Clostridia;o__Clostridiales;f__Clostridiaceae;g__Clostridium;s__Clostridium_sp._L2-50	k__Bacteria;p__Firmicutes;c__Clostridia;o__Clostridiales;f__Clostridiaceae;g__Clostridium;s__Clostridium_sp._M62/1	k__Bacteria;p__Firmicutes;c__Clostridia;o__Clostridiales;f__;g__Intestinimonas;s__Intestinimonas_butyriciproducens	k__Bacteria;p__Actinobacteria;c__Actinobacteria;o__Bifidobacteriales;f__Bifidobacteriaceae;g__Bifidobacterium;s__Bifidobacterium_bifidum	k__Bacteria;p__Firmicutes;c__Negativicutes;o__Veillonellales;f__Veillonellaceae;g__Dialister;s__Dialister_invisus	k__Bacteria;p__Bacteroidetes;c__Bacteroidia;o__Bacteroidales;f__Bacteroidaceae;g__Bacteroides;s__Bacteroides_salanitronis
k__Bacteria;p__Bacteroidetes;c__Bacteroidia;o__Bacteroidales;f__Bacteroidaceae;g__Bacteroides;s__Bacteroides_vulgatus	1.0	0.0379387846604	-0.0478510071246	-0.0587509905401	-0.0267387370179	0.0393380951008	0.0145129632907	-0.0255565992731	-0.00301884493451	0.0554051444758	0.0262638887411	-0.0769727307031	-0.0612407276608	-0.0486351464778	-0.0327608917067	-0.0208372874941	-0.00888453776443	0.00889723654229	0.00740780097941	0.00112109071207	0.0651701114581	-0.023221139852	0.0189773906901	0.0180417874361	-0.0638019271937	0.0157784006651	-0.0785334634992	0.02214797631	0.0178487136672	0.023512610839	0.0611744110792	-0.0197187847178	-0.032085557053	0.0212215433395	0.0294776895346	0.017297069733	-0.0747636174702	0.0600558040212	-7.91571176772e-05	0.0166938072421	-0.0357617315452	-0.0186162264016	-0.137129036784	-0.00876310389293	0.0167539431308	0.00725108394699	-0.000299425851829	0.0056529995943	-0.0818756737785	-0.0131806438198	-0.0697130894395	-0.000261294087867	-0.0205686349678	0.0617683297018	0.0430960942253	0.0620208876303	-0.00671416869499	-0.0511919597903	-0.0405508962504
k__Bacteria;p__Bacteroidetes;c__Bacteroidia;o__Bacteroidales;f__Bacteroidaceae;g__Bacteroides;s__Bacteroides_uniformis	0.0379387846604	1.0	-0.0293252205005	-0.0148340325282	0.00161712528053	0.0333421892309	-0.0226922721172	-0.0145014682036	-0.0519491377761	0.00350035002947	-0.0368074408815	-0.000872665010986	-0.0155762065059	0.0509919530544	-0.00625407458565	-0.057169533865	0.00285701229236	-0.113455502231	0.0212712760761	0.0439170208105	-0.052783257745	-0.0189118396206	0.00308965595135	-0.0198693261513	-0.0210018945768	-0.00588277746174	0.0374474984894	0.0310778209637	-0.0164741251109	0.00254627682565	-0.0256778012568	0.0314600067901	-0.0476745119381	0.0448839733082	0.046086503966	0.0229594471305	-0.0397499524532	-0.0513689387939	0.0159343025446	-0.0422975857871	-0.0602073493875	-0.05541801556	-0.0133123542997	-0.0415047197116	-0.0176169244383	0.0161727663073	0.0526114218055	-0.0166799566752	-0.00264316741142	-0.0224081259808	-0.0252907714785	-0.0329756068561	-0.0192521294099	0.00452269180909	-0.0239694720254	-0.0230942921112	0.0319555803065	0.0093409720613	-0.00821609882976
k__Bacteria;p__Bacteroidetes;c__Bacteroidia;o__Bacteroidales;f__Rikenellaceae;g__Alistipes;s__Alistipes_putredinis	-0.0478510071246	-0.0293252205005	1.0	-0.000535834094936	-0.00968631646049	0.0124142398953	-0.0500738806338	-0.0705477600139	0.0174300631486	-0.074114903869	-0.0296421646528	-0.00194172086495	0.0310805854546	0.0651514526404	-0.0888528246516	0.0078928909873	0.0125089076656	0.0527921452135	-0.0106229547966	0.0179805935125	-0.0121393971743	-0.0475433467038	-0.0276705765102	-0.0209834317828	0.0472098845518	-0.00446487704053	-0.0090307259942	-0.0247513358867	-0.0470998208839	-0.0131137292151	-0.0301260757124	-0.0472760468431	-0.0312573425283	-0.0476366164985	-0.0245115183377	-0.0204213696572	-0.0413360202171	0.0297880994233	0.0178684329365	-0.0454384708215	0.00724310245232	0.0102964312828	-0.0328366895632	0.00973356276099	0.00372040781538	-0.0281547084624	0.0328874948912	-0.0195746256557	-0.0667799645367	0.000181932170356	0.00401822566187	-0.0226218884894	0.0409563958514	0.00416968150687	0.0266809980378	-0.0328318876516	-0.046383780442	0.0546149045576	0.0224477415436
k__Bacteria;p__Bacteroidetes;c__Bacteroidia;o__Bacteroidales;f__Prevotellaceae;g__Prevotella;s__Prevotella_copri	-0.0587509905401	-0.0148340325282	-0.000535834094936	1.0	0.00831279143124	-0.0526167272366	-0.0621949991015	-0.0388578392475	0.064965108519	0.0122714165971	-0.0302500419608	-0.0189493097905	-0.0160987191475	-0.0339506931062	-0.0175999312217	-0.0749779089318	-0.049806946821	-0.0423548679845	-0.0307116328634	0.0419875512155	-0.0415888870237	-0.0388796117133	-0.0145173720101	0.00759026284215	0.0114235151664	-0.00253249948963	-0.0196277055687	0.00995041501148	0.0199437060901	-0.0859910859206	-0.0290718206407	0.0374754104814	-0.0268704859462	0.0837004198247	0.0189321120921	0.0342272879095	0.0370197445289	-0.0225709388528	-0.00759993475579	-0.00981947841503	-0.0653210126565	0.0247815834171	-0.000881109522976	0.00895734915598	0.0266757344723	-0.0126976800578	0.0284946379272	0.00790130323902	-0.0236392209192	0.0301442877623	-0.0772610589904	-0.0465771091285	-0.0812229727745	0.0341442108442	-0.0508013606862	0.00757963089052	-0.0261350671431	0.00950411111706	-0.030951914717
k__Bacteria;p__Bacteroidetes;c__Bacteroidia;o__Bacteroidales;f__Bacteroidaceae;g__Bacteroides;s__Bacteroides_stercoris	-0.0267387370179	0.00161712528053	-0.00968631646049	0.00831279143124	1.0	-0.00654097983844	0.0272215152559	-0.0475743544536	-0.0164301929464	0.0158414778971	0.0549679069567	0.00113453305687	-0.0232382554284	0.0472609714836	-0.0484124868976	0.0275308497751	0.00621944413894	-0.0667555772681	0.044156245709	-0.0525463630944	0.0116050672046	-0.00196597535686	0.0465815492241	0.0168082649768	-0.0444401931096	0.00214493439687	0.0222779375963	-0.0676680847396	0.0251459467578	0.0141983445976	0.00671072212414	-0.0622856094396	-0.0602627269999	0.0456982591694	-0.0217417218998	-0.0579864863627	0.00998387665443	-0.00511671267811	0.0604695229619	0.0630454731302	0.0436441739559	7.85633066836e-05	-0.0707423315414	-0.0108543378927	0.0089845674915	0.141501173306	-0.0783181455174	0.0493756214675	-0.0108086817774	-0.0306722335987	-0.0591980754685	0.0076149514497	-0.0691660621418	-0.0531824199694	0.031719325961	-0.0470450360128	-0.03425340093	0.065099281108	0.0972406714657
k__Bacteria;p__Bacteroidetes;c__Bacteroidia;o__Bacteroidales;f__Bacteroidaceae;g__Bacteroides;s__Bacteroides_ovatus	0.0393380951008	0.0333421892309	0.0124142398953	-0.0526167272366	-0.00654097983844	1.0	0.0202995152104	0.0119519280687	0.0292836470797	-0.0238276962453	-0.0787196728042	0.030282754635	-0.00981334033377	-0.000512542168655	-0.0034594555673	-0.0281867920429	-0.0680803970188	-0.0483513390344	-0.0242512358453	-0.0384350876674	-0.000803348192495	-0.0212124633893	0.0279039177661	-0.0536147044487	0.0741325258999	0.0325360217822	-0.00632078563829	-0.0168288857182	-0.0379468096783	-0.00414130920343	0.039847654641	-0.0259667897229	-0.0337277166617	-0.0698099962695	-0.0102313079701	0.00528951956545	0.0140140569538	-0.0867968238101	-0.0143573112506	-0.0555215440246	0.0266565159472	-0.00248609151191	0.00587309264015	-0.00174759121919	-0.0506960501205	0.0364991118387	0.00675606488954	0.0151501864732	0.0804601813964	0.0301465228154	-0.0276286890815	0.0279971819867	0.0481149867036	0.00113439145096	0.0304511246556	-0.0186257283342	0.010735632228	-0.0557090838161	0.0156460909141
k__Bacteria;p__Bacteroidetes;c__Bacteroidia;o__Bacteroidales;f__Rikenellaceae;g__Alistipes;s__Alistipes_shahii	0.0145129632907	-0.0226922721172	-0.0500738806338	-0.0621949991015	0.0272215152559	0.0202995152104	1.0	-0.0675136048679	-0.0376589019862	0.0116180657695	-0.0081104111407	0.0391496569352	0.0102380738054	0.00284754570983	0.0358957765907	-0.0186125096297	-0.05400774584	-0.00824470604873	0.00124446411912	-0.0652604077061	-0.00858492308582	-0.0319508429254	-0.00511681571846	-0.0130077374921	-0.0218115096585	-0.0228068064843	0.047660774391	0.0111495811584	-0.0175946918634	0.00528540352628	-0.0369929238185	0.0315562764225	-0.0871387501843	-0.0360930317352	-0.0567344178965	-0.0258912126442	0.0151745076511	0.0266776173109	-0.0158487377815	-0.0175995031013	-0.0852644222958	-0.0912812034566	-0.0703669584465	-0.0249615584954	0.0729859072565	0.0286379196316	0.0425498856734	0.045520655666	-0.0190916889696	-0.0137243751354	0.0237322984891	-0.0491524490794	-0.0078767419416	0.0166691658143	-0.0288169900696	0.000124117286121	-0.0606673573526	-0.0869186279889	-0.036678207834
k__Bacteria;p__Firmicutes;c__Clostridia;o__Clostridiales;f__Ruminococcaceae;g__Faecalibacterium;s__Faecalibacterium_prausnitzii	-0.0255565992731	-0.0145014682036	-0.0705477600139	-0.0388578392475	-0.0475743544536	0.0119519280687	-0.0675136048679	1.0	0.0454183672504	0.00414289847458	-0.000727645954995	0.0826195856817	-0.0453824572088	-0.0284687167792	0.0659934283229	0.00414816381895	-0.0644586115184	0.0396451592188	0.00285066591851	0.0254430447108	-0.0574732929545	0.0818942617111	0.049615157663	-0.025234450957	-0.011406691428	0.00589317369816	0.0127164155709	-0.0375145485046	0.00606543508761	0.0247693781577	-0.0619427026818	0.0591831304902	0.0051334337974	-0.00763375014494	0.0625018404473	0.0206232110582	-0.0662761009304	0.019723759655	-0.0185163135624	0.0152847582724	-0.02129762177	0.0100121510842	0.0109401607434	-0.0476299550025	0.0195688469306	0.0217608368678	-0.0258595999874	0.0445104428169	0.0426686619913	-0.0144745498895	-0.0241626576217	-0.0519764456641	-0.0607238030716	-0.0195004609674	-0.00722242625335	-0.0114247593805	-0.0626623995615	0.0299072037551	-0.0391006320357
k__Bacteria;p__Bacteroidetes;c__Bacteroidia;o__Bacteroidales;f__Rikenellaceae;g__Alistipes;s__Alistipes_finegoldii	-0.00301884493451	-0.0519491377761	0.0174300631486	0.064965108519	-0.0164301929464	0.0292836470797	-0.0376589019862	0.0454183672504	1.0	0.0258094599689	0.0183808017356	-0.0266366208418	-0.00709259263918	-0.044661794337	0.0075392570282	-0.00607355445813	-0.0681720672951	0.019170443955	-0.0341637977245	-0.0106945880333	-0.0288806360526	-0.0319809335883	-0.0025441548818	0.0049439598307	-0.0293543878211	-0.0712463119498	0.0374716274106	0.0490414912028	-0.074603551251	-0.0167434228172	-0.00716429253965	-0.014530572818	-0.072876391696	0.0150763292404	-0.0590683384285	0.00652762439149	-0.105457993729	0.00774394673152	-0.0456382492658	-0.0506081722977	-0.011075234614	-0.0182352804942	-0.0161951388361	-0.0379429910503	0.0144215951641	-0.0358766570601	-0.00245507219069	-0.0266212323973	-0.033980170443	-0.0380999014145	0.0574563442193	-0.0148151268336	-0.0221350480802	0.0167795852494	0.0106086978085	0.03721346602	-0.0640324711998	0.0180889350089	-0.0415381344605
k__Bacteria;p__Bacteroidetes;c__Bacteroidia;o__Bacteroidales;f__Porphyromonadaceae;g__Parabacteroides;s__Parabacteroides_distasonis	0.0554051444758	0.00350035002947	-0.074114903869	0.0122714165971	0.0158414778971	-0.0238276962453	0.0116180657695	0.00414289847458	0.0258094599689	1.0	-0.0827138539082	-0.0436454465264	-0.0267052750147	0.0151934548261	-0.0590446844157	-0.00754044860058	-0.0198833336459	-0.00421772369451	0.0160576408082	-0.0861079817355	-0.0250698986787	0.0138701140228	-0.109839131998	0.000637069757872	0.0056263571325	-0.0980295219172	0.0468698739837	-0.0249198092211	0.0221567899816	-0.00262889896525	0.0246547625976	-0.00753390590459	0.0239364383123	0.0443369109329	-0.00144621074222	0.0177121109893	-0.0384501244417	-0.0281310680275	-0.0027750384404	-0.0482098187538	0.0378631463657	0.0345450503161	-0.0418397456269	0.0336572561746	-0.0728985819616	-0.0394581404125	0.0175642999061	-0.0189787626519	-0.0377021279779	0.00559909574131	-0.0543547699001	-0.0084370652004	0.0201803281209	0.0558470279856	0.0107263576236	-0.0398123788462	0.0313038537601	0.0103383317161	0.0282108403066
k__Bacteria;p__Bacteroidetes;c__Bacteroidia;o__Bacteroidales;f__Bacteroidaceae;g__Bacteroides;s__Bacteroides_thetaiotaomicron	0.0262638887411	-0.0368074408815	-0.0296421646528	-0.0302500419608	0.0549679069567	-0.0787196728042	-0.0081104111407	-0.000727645954995	0.0183808017356	-0.0827138539082	1.0	0.0395210351718	-0.027862837878	-0.0729426829185	0.0399526822078	0.0265807789237	0.0481993440699	0.0155455772418	-0.00713819598528	0.0120128793308	0.0324818332521	-0.0628303078099	-0.00621465522423	-0.0484638279399	0.003286095177	-0.0317221316601	0.00540336134049	-0.0387723162932	0.00325393069118	-0.100792189829	-0.0234029671658	-0.0608516639769	-0.0130888549118	-0.0240366464592	0.000752862199955	0.03921709566	0.0311076694378	-0.0335492817784	0.0261165178245	-0.00142653926163	-0.00442816363419	-0.0605930322925	0.00590077704804	0.0172251022054	-0.0156468528288	0.0460728424616	0.0226325667561	-0.0246667339384	-0.0391047337298	-0.00861295179184	0.0869841498932	0.0305048122454	-0.0114957803078	-0.0372428724047	0.031308800893	0.0130336826792	-0.0493452338555	-0.0826313171432	0.0400130163457
k__Bacteria;p__Bacteroidetes;c__Bacteroidia;o__Bacteroidales;f__Bacteroidaceae;g__Bacteroides;s__Bacteroides_coprocola	-0.0769727307031	-0.000872665010986	-0.00194172086494	-0.0189493097905	0.00113453305687	0.030282754635	0.0391496569352	0.0826195856817	-0.0266366208418	-0.0436454465264	0.0395210351718	1.0	-0.0348221979448	-0.0196423540209	-0.0236548761639	0.0188431141644	-0.0638493421095	-0.0173653367273	-0.0512578994149	0.00127666783034	-0.0340183071224	-0.0322859209555	-0.0276255299374	-0.100621597532	0.0199228053254	0.00819501497486	-0.0264672949825	0.0133236970446	-0.00983083938608	0.00997093995118	-0.00955793559074	0.0621713017888	0.039565598858	-0.063652642857	0.0142219352718	0.00794277751086	0.0015901734514	-0.00464700640562	-0.0439795362157	0.00475626502385	-0.00540872918561	-0.0239168725881	0.050677266235	0.0578077247291	-0.0547834219927	-0.00667900847706	-0.0572975719735	-0.143735859242	0.0134040422855	-0.018528118411	-0.0347010392297	-0.0121477114274	-0.028520088645	0.0747681264849	-0.0191764253453	0.0869364179179	0.00745235402379	-0.0232730562472	0.0411820301748
k__Bacteria;p__Bacteroidetes;c__Bacteroidia;o__Bacteroidales;f__Bacteroidaceae;g__Bacteroides;s__Bacteroides_cellulosilyticus	-0.0612407276608	-0.0155762065059	0.0310805854546	-0.0160987191475	-0.0232382554284	-0.00981334033377	0.0102380738054	-0.0453824572088	-0.00709259263918	-0.0267052750147	-0.027862837878	-0.0348221979448	1.0	-0.0194535096767	-0.00334670888085	-0.0846967441102	0.0921704318358	0.0108695334725	0.0493879795109	0.0212768678857	-0.030756622728	0.0112380044687	-0.035269385064	-0.0104720914369	0.0337077755008	-0.0465765427496	-0.00580668439931	0.00974506287272	-0.01175235548	0.000545985680339	-0.0198594063983	-0.00633239885385	-0.0139300085751	-0.0135876295721	-0.0491750476677	0.0343436912166	-0.0375551722417	-0.0105311334159	-0.0425690673906	0.0124898147829	-0.00506631012419	0.0107371999777	0.0607415904809	0.0379643544498	0.020571797533	-0.0448422389738	-0.0450594024959	-0.0671374054536	-0.074813321553	-0.00731524874162	0.0174037796156	0.0255904627008	-0.0433015327819	-0.0363594112024	-0.0230585429571	0.00028907643315	0.0900902449021	-0.02261252172	-0.0410468292087
k__Bacteria;p__Bacteroidetes;c__Bacteroidia;o__Bacteroidales;f__Rikenellaceae;g__Alistipes;s__Alistipes_obesi	-0.0486351464778	0.0509919530544	0.0651514526404	-0.0339506931062	0.0472609714836	-0.000512542168655	0.00284754570983	-0.0284687167792	-0.044661794337	0.0151934548261	-0.0729426829185	-0.0196423540209	-0.0194535096767	1.0	-0.0819979412774	0.00148268095253	0.00469707422459	0.0412258434166	-0.0155256806297	-0.0209874593823	0.0463946687733	-0.052971896048	-0.0864056869194	0.00352838703733	-0.000186410347362	0.0214871497061	-0.0721740136376	0.0278526895924	-0.0544557229609	-0.036098408825	0.0195354479195	0.00434622112963	-0.000893760293054	0.0350463297604	-0.0416968878693	-0.00117535836839	0.00829598256625	0.014299602522	0.00799285539243	-0.02586166311	-0.0903611278377	-0.0263821880813	-0.0343266842079	0.0615515503185	0.00154396973494	-0.0236585748721	-0.0398092946525	-0.0532994717303	-0.00228505929821	-0.0277564761108	-0.0500799284261	-0.0108557287974	0.0129533803727	0.0370302874231	0.0666399494474	0.00488782773441	0.0068900780728	0.0179468646747	0.10313824993
k__Bacteria;p__Firmicutes;c__Clostridia;o__Clostridiales;f__Lachnospiraceae;g__;s__[Eubacterium]_rectale	-0.0327608917067	-0.00625407458565	-0.0888528246516	-0.0175999312217	-0.0484124868976	-0.0034594555673	0.0358957765907	0.0659934283229	0.0075392570282	-0.0590446844157	0.0399526822078	-0.0236548761639	-0.00334670888085	-0.0819979412774	1.0	-0.0809734046021	-0.048742848136	-0.0069227408233	0.0264903901273	-0.0209876299231	0.00834192489303	-0.0187489759215	-0.0206915578069	0.00900666025779	0.00229155171919	-0.0235189662532	-0.0136276246163	-0.0199316351785	-0.0427541246234	-0.0257662285778	-0.0240308108532	-0.0698293618419	-0.0285664633382	-0.0269213427416	-0.0198437771698	0.0545183153748	0.0457784353419	-0.0801793516602	-0.00848078540492	0.00170715422865	0.0485224986531	0.00287979875296	-0.0524283857278	-0.0143616095188	-0.0103603626904	0.0157093830659	0.0168418124886	-0.0146568561136	0.00682625612796	-0.0328711305905	0.00108933110393	0.0360597345519	0.0359649747597	-0.0224410645506	-0.0315697805579	-0.00152190206133	-0.0778992512179	-0.0737875931198	0.0657425996228
k__Bacteria;p__Bacteroidetes;c__Bacteroidia;o__Bacteroidales;f__Bacteroidaceae;g__Bacteroides;s__Bacteroides_plebeius	-0.0208372874941	-0.057169533865	0.0078928909873	-0.0749779089318	0.0275308497751	-0.0281867920429	-0.0186125096297	0.00414816381895	-0.00607355445813	-0.00754044860058	0.0265807789237	0.0188431141644	-0.0846967441102	0.00148268095253	-0.0809734046021	1.0	-0.0217934690645	0.0438149594465	0.0246640734271	-0.043024576321	-0.048139831841	-0.00714445040224	-0.0185436123682	-0.0396552343711	0.0379236836747	-0.0132316681835	-0.0285443662506	-0.00811521745653	0.0450925610427	-0.03074971665	-0.00909603614779	-0.01128222784	-0.0338043224179	0.00766497336261	0.0265408044597	0.06612407831	0.0237638044597	0.00212400502348	-0.0642389117451	-0.0215168709915	0.0187523109898	-0.0174468042555	-0.0200118441381	0.0163991131929	-0.00628490474956	-0.00610336575295	-0.051487321108	-0.00460043700617	0.0193101613627	-0.0381173189646	0.0448933814577	0.0497568340791	-0.00322140785694	-0.0655486624658	-0.00488341639413	-0.00735947502779	-0.0284827361648	-0.0416869177455	-0.0266447526946
k__Bacteria;p__Bacteroidetes;c__Bacteroidia;o__Bacteroidales;f__Bacteroidaceae;g__Bacteroides;s__Bacteroides_fragilis	-0.00888453776443	0.00285701229236	0.0125089076656	-0.049806946821	0.00621944413894	-0.0680803970188	-0.05400774584	-0.0644586115184	-0.0681720672951	-0.0198833336459	0.0481993440699	-0.0638493421095	0.0921704318358	0.00469707422459	-0.048742848136	-0.0217934690645	1.0	-0.0403816492163	0.0347364114492	-0.0205675059399	-0.0270265712693	-0.0463365869677	0.00929280938636	-0.0423767702283	0.0162544796577	-0.0313568876098	0.0223274089628	0.0800457714019	-0.0794448119382	0.00544464694393	0.0684506408573	0.0347288402046	-0.0595119334922	0.00207888306491	0.0182901695587	0.0954846433079	0.0209654242457	-0.00854140722176	0.049746937073	-0.0434760712554	-0.0203187048462	0.0518930074203	0.0455173580012	-0.0190280894939	-0.0723149255203	0.0304313308254	-0.0398623521516	-0.0034886161241	-0.0192701879958	-0.110290952177	-0.0611882512801	0.000120340749782	-0.00842220333643	-0.00560169284306	0.00777012335364	-4.34765522462e-05	0.0336333001909	-0.0289346548789	-0.0481482298992
k__Bacteria;p__Proteobacteria;c__Betaproteobacteria;o__Burkholderiales;f__Sutterellaceae;g__Sutterella;s__Sutterella_wadsworthensis	0.00889723654229	-0.113455502231	0.0527921452135	-0.0423548679845	-0.0667555772681	-0.0483513390344	-0.00824470604873	0.0396451592188	0.019170443955	-0.00421772369451	0.0155455772418	-0.0173653367273	0.0108695334725	0.0412258434166	-0.0069227408233	0.0438149594465	-0.0403816492163	1.0	-0.0280205573984	-0.00932927346325	0.0259804596269	0.00226091932978	-0.0877985793586	0.00990297173357	0.0163307575239	-0.0176165549403	-0.00760744464414	-0.0275077311922	0.0723657874167	-0.029911331942	0.0242554273374	-0.0374614002206	-0.0310770386115	-0.00289230234928	-0.0206343398741	0.0223343495781	0.0145220898222	-0.0226165457277	0.00285723804769	-0.0652556621257	-0.0200737114049	-0.0226416091276	-0.0318672553374	0.0359345655546	0.0113747484597	8.19541424394e-06	-0.0245697871651	-0.0594909499101	-0.0601595500688	0.035846790884	0.000857746713294	-0.0575691796476	-0.0374087229679	-0.0267012662176	0.022872896013	0.0765343480761	-0.0306648860295	0.0388682671171	0.00709008731949
k__Bacteria;p__Bacteroidetes;c__Bacteroidia;o__Bacteroidales;f__Porphyromonadaceae;g__Barnesiella;s__Barnesiella_intestinihominis	0.00740780097941	0.0212712760761	-0.0106229547966	-0.0307116328634	0.044156245709	-0.0242512358453	0.00124446411912	0.00285066591851	-0.0341637977245	0.0160576408082	-0.00713819598528	-0.0512578994149	0.0493879795109	-0.0155256806297	0.0264903901273	0.0246640734271	0.0347364114492	-0.0280205573984	1.0	-0.0199663524436	-0.0470249147804	0.0154868439549	-0.0540292906578	0.0663982068075	-0.0721769579369	-0.00349014179494	0.0343858919428	-0.0539856033279	-0.0155247845921	0.0135080891062	-0.0889230283024	0.0897421996438	0.00730826546597	-0.0412695975844	-0.00838466074526	0.0260177733374	-0.0648529574358	0.00529693680607	-0.0299854144357	-0.0310292335525	0.00444362184791	-0.0200409252979	0.000715501688787	-0.0399120833219	-0.102593140774	0.0323363501088	0.0151435243316	0.0505514939819	-0.0210590476287	0.00431689499662	-0.0498322140216	-0.0698946768558	0.00285938776848	-0.0183771316482	-0.0218963797727	-0.0339505866708	-0.0508196379147	0.0104659909966	-0.0352384003779
k__Bacteria;p__Bacteroidetes;c__Bacteroidia;o__Bacteroidales;f__Odoribacteraceae;g__Odoribacter;s__Odoribacter_splanchnicus	0.00112109071207	0.0439170208105	0.0179805935125	0.0419875512155	-0.0525463630944	-0.0384350876674	-0.0652604077061	0.0254430447108	-0.0106945880333	-0.0861079817355	0.0120128793308	0.00127666783034	0.0212768678857	-0.0209874593823	-0.0209876299231	-0.043024576321	-0.0205675059399	-0.00932927346325	-0.0199663524436	1.0	-0.0666179392007	0.0833669427488	-0.019341553222	0.06467734939	-0.0496291004138	-0.00933254096903	-0.0863890583379	0.0553796964283	0.022430431403	0.0372217369785	-0.00432616538481	-0.0160529001443	0.0381658440938	-0.00772961538186	-0.0334618849966	-0.0132005577329	0.0214934410134	0.0261822090105	0.0168534367039	0.0386105514237	-0.0283194720544	0.0311085472715	0.0115192443292	0.00420460722423	0.0565110119722	-0.0097403124319	0.0235003705177	-0.0466612403684	-0.0144402772248	-0.00487181530405	0.020266100478	0.0132617320696	0.0337843580011	-0.0107491920567	-0.0668677548434	0.0178537633111	0.0112922066718	0.0571184267131	-0.0202187095053
k__Bacteria;p__Bacteroidetes;c__Bacteroidia;o__Bacteroidales;f__Bacteroidaceae;g__Bacteroides;s__Bacteroides_salyersiae	0.0651701114581	-0.052783257745	-0.0121393971743	-0.0415888870237	0.0116050672046	-0.000803348192495	-0.00858492308582	-0.0574732929545	-0.0288806360526	-0.0250698986787	0.0324818332521	-0.0340183071224	-0.030756622728	0.0463946687733	0.00834192489303	-0.048139831841	-0.0270265712693	0.0259804596269	-0.0470249147804	-0.0666179392007	1.0	0.0101715389156	0.0294250548495	-0.0276029030422	0.0402526871659	0.0244608740637	0.0440675519711	-0.0773494210507	-0.000274053204907	-0.0128544953165	-0.00931905708357	-0.0581194567838	-0.00899502244069	0.0104893538802	0.0406516811169	-0.0163788578621	-0.0415836627073	-0.0122137859972	0.00810701289057	0.0241899727623	-0.0749593943885	-0.0365008421694	-0.0478419891088	-0.064250786514	-0.0558567662894	0.0455236751389	0.021692440442	0.0268671035335	0.0563854305968	-0.0692821749281	0.0224080168692	-0.00811848601797	0.061388793005	0.0198065778575	-0.0514617138687	-0.0151622075233	0.00195738396076	0.0385000922039	-0.00653379561192
k__Bacteria;p__Firmicutes;c__Clostridia;o__Clostridiales;f__Ruminococcaceae;g__Ruminiclostridium;s__[Eubacterium]_siraeum	-0.023221139852	-0.0189118396206	-0.0475433467038	-0.0388796117133	-0.00196597535686	-0.0212124633893	-0.0319508429254	0.0818942617111	-0.0319809335883	0.0138701140228	-0.0628303078099	-0.0322859209555	0.0112380044687	-0.052971896048	-0.0187489759215	-0.00714445040224	-0.0463365869677	0.00226091932978	0.0154868439549	0.0833669427488	0.0101715389156	1.0	-0.0699192217002	0.0397631167615	-0.0563292875919	0.0461709610523	0.0579153772016	0.0445421231568	-0.00279545057226	0.0289298897678	-0.0684213729914	-0.0490664286358	-0.0114295531377	-0.0125097811069	0.021169004483	0.000670137606706	0.028474683002	-0.0369609106059	-0.0327819130212	0.0166250452106	0.00816237928943	0.0248741323192	0.012596039769	0.0279044407189	0.0147175205026	0.00420779803541	-0.0317610897025	-0.00426641202741	-0.000113943843347	-0.0128325701616	-0.0864166771158	-0.0122991165954	0.00546493472395	0.00437903947643	0.000206571910481	-0.0841673787399	-0.0411330218048	0.00664892350085	-0.0024993640548
k__Bacteria;p__Proteobacteria;c__Betaproteobacteria;o__Burkholderiales;f__Sutterellaceae;g__Parasutterella;s__Parasutterella_excrementihominis	0.0189773906901	0.00308965595135	-0.0276705765102	-0.0145173720101	0.0465815492241	0.0279039177661	-0.00511681571846	0.049615157663	-0.0025441548818	-0.109839131998	-0.00621465522423	-0.0276255299374	-0.035269385064	-0.0864056869194	-0.0206915578069	-0.0185436123682	0.00929280938636	-0.0877985793586	-0.0540292906578	-0.019341553222	0.0294250548495	-0.0699192217002	1.0	0.00108023720764	0.0326701550977	-0.0574044004423	-0.0769052729604	0.00580452884184	-0.0432551637097	-0.0235237951487	-0.00492586452001	-0.0266410370149	0.0208620696426	0.0473907892415	-0.0167058585831	0.0017451394419	0.0157346872487	0.0419202192198	-0.0388518561168	-0.00539710029137	0.0338045947924	-0.0480767106183	0.0490274964696	-0.000390231988011	-0.000846539452225	-0.0440725030898	-0.0526104370798	0.0128913907378	-0.00360447129739	0.0420914696559	-0.0129462779048	0.0364828028044	-0.0691656359168	-0.0129288193352	-0.0528259451463	0.0762982014764	0.0609146684469	0.00913457240492	-0.0204164388789
k__Bacteria;p__Actinobacteria;c__Actinobacteria;o__Bifidobacteriales;f__Bifidobacteriaceae;g__Bifidobacterium;s__Bifidobacterium_adolescentis	0.0180417874361	-0.0198693261513	-0.0209834317828	0.00759026284215	0.0168082649768	-0.0536147044487	-0.0130077374921	-0.025234450957	0.0049439598307	0.000637069757872	-0.0484638279399	-0.100621597532	-0.0104720914369	0.00352838703733	0.00900666025779	-0.0396552343711	-0.0423767702283	0.00990297173357	0.0663982068075	0.06467734939	-0.0276029030422	0.0397631167615	0.00108023720764	1.0	0.0338608202481	-0.0404024767773	-0.0392191114667	0.00458255890236	-0.0236262717086	-0.00705495610146	-0.00401134337832	0.0293585084431	0.0266836928895	-0.0938158582107	0.0279411616874	-0.0143274280291	0.0254826661846	-0.0264367114023	0.0860592438256	0.0170329058377	0.0281062250962	-0.0374429066569	0.00630433485085	-0.0155946211886	-0.0351962102706	-0.0376790794998	-0.0248366647921	0.016587761908	-0.0559468388799	0.0225256346833	-0.0181516355959	-0.0213000951434	0.0823766869345	-0.0548421328349	-0.0684232918872	-0.00836949100573	0.0334528200135	0.0526998686779	0.0187600970042
k__Bacteria;p__Firmicutes;c__Clostridia;o__Clostridiales;f__Oscillospiraceae;g__Oscillibacter;s__Oscillibacter_sp._KLE_1745	-0.0638019271937	-0.0210018945768	0.0472098845518	0.0114235151664	-0.0444401931096	0.0741325258999	-0.0218115096585	-0.011406691428	-0.0293543878211	0.0056263571325	0.003286095177	0.0199228053254	0.0337077755008	-0.000186410347362	0.00229155171919	0.0379236836747	0.0162544796577	0.0163307575239	-0.0721769579369	-0.0496291004138	0.0402526871659	-0.0563292875919	0.0326701550977	0.0338608202481	1.0	-0.00815535294627	-0.0234130564155	-0.0115924633309	-0.0978061578779	-0.0725137087414	-0.0262233895366	0.0170482023104	-0.0690184033311	-0.018427421193	-0.0159595766518	-0.0470188642863	0.0187103460283	-0.0116683192087	-0.0447304299052	0.0255715442665	-0.00907063834258	-0.0102616877436	0.0139424943267	-0.0163822088906	-0.0442346666214	-0.0364285356315	-0.042304445213	0.0583840187975	-0.0335543328689	-0.0242179880894	0.0200916970109	-0.0406002572649	-0.0396223877488	0.0406565628963	-0.00513250667734	0.031119812686	0.0465788212912	-0.0618455871011	-0.0145313113329
k__Bacteria;p__Bacteroidetes;c__Bacteroidia;o__Bacteroidales;f__Bacteroidaceae;g__Bacteroides;s__Bacteroides_coprophilus	0.0157784006651	-0.00588277746174	-0.00446487704053	-0.00253249948963	0.00214493439687	0.0325360217822	-0.0228068064843	0.00589317369816	-0.0712463119498	-0.0980295219172	-0.0317221316601	0.00819501497486	-0.0465765427496	0.0214871497061	-0.0235189662532	-0.0132316681835	-0.0313568876098	-0.0176165549403	-0.00349014179494	-0.00933254096903	0.0244608740637	0.0461709610523	-0.0574044004423	-0.0404024767773	-0.00815535294627	1.0	0.00964464174887	-0.0783301421352	0.0494518212636	0.0291422053815	0.0240128691619	-0.050505910264	-0.039890336677	-0.0420280733027	0.00593374337579	-0.0779789412666	-0.0194202543118	-0.0154806573526	-0.0552998658954	-0.00632069298614	-0.047734188119	-0.035017847331	-0.00170779466102	-0.0467159922518	0.00492210009948	0.0101898236139	-0.0400655380234	-0.00191114353321	0.0131666791404	-0.0214841681298	-0.0044073078537	-0.0504311359937	0.0256156653235	-0.0368668471432	-0.0386803049917	0.0275787031138	0.0341152241308	0.0370890398281	0.0244538693228
k__Bacteria;p__Firmicutes;c__Clostridia;o__Clostridiales;f__Lachnospiraceae;g__Roseburia;s__Roseburia_intestinalis	-0.0785334634992	0.0374474984894	-0.0090307259942	-0.0196277055687	0.0222779375963	-0.00632078563829	0.047660774391	0.0127164155709	0.0374716274106	0.0468698739837	0.00540336134049	-0.0264672949825	-0.00580668439931	-0.0721740136376	-0.0136276246163	-0.0285443662506	0.0223274089628	-0.00760744464414	0.0343858919428	-0.0863890583379	0.0440675519711	0.0579153772016	-0.0769052729604	-0.0392191114667	-0.0234130564156	0.00964464174887	1.0	-0.0204932342808	0.0133287828937	0.055614306354	0.0290970951072	-0.0520281592964	-0.0567918099215	-0.0383138013528	-0.0242828547825	-0.00984785796636	0.0538302098432	0.0107629778475	0.0310515389425	0.0562708519209	-0.0675379866117	0.0442278359369	-0.0329876858149	-0.0301316369146	-0.00864085316374	2.2090205663e-05	0.00757540536789	0.00392899126475	0.0145760198221	-0.0399131118704	-0.00770306423428	-0.0208679841667	-0.00583927116032	-0.0667543643676	-0.0150567567068	-0.0259556860869	-0.00404148256505	0.0272782175	-0.0731560067821
k__Bacteria;p__Firmicutes;c__Clostridia;o__Clostridiales;f__Lachnospiraceae;g__Roseburia;s__Roseburia_hominis	0.02214797631	0.0310778209637	-0.0247513358867	0.00995041501148	-0.0676680847396	-0.0168288857182	0.0111495811584	-0.0375145485046	0.0490414912028	-0.0249198092211	-0.0387723162932	0.0133236970446	0.00974506287272	0.0278526895924	-0.0199316351785	-0.00811521745653	0.0800457714019	-0.0275077311922	-0.0539856033279	0.0553796964283	-0.0773494210507	0.0445421231568	0.00580452884184	0.00458255890236	-0.0115924633309	-0.0783301421352	-0.0204932342808	1.0	-0.0239260978196	-0.0572042984539	-0.0942418447693	0.00459150615673	-0.0306468520253	-0.0246713385285	0.00548148037064	-0.02375166646	0.018805625805	0.044544303129	-0.0652703400078	-0.00608414242584	-0.0398344427457	-0.032126608845	0.0229900669761	-0.0343282112202	0.0481194947674	-0.0515830607406	-0.0519432710772	-0.0624513090368	-0.024107924313	-0.0356069218523	0.00630167555065	-0.00627541462429	-0.0199294315984	-0.0698157745415	0.00264426516362	-0.0363083324894	-0.00824784947368	-0.0703450542442	-0.0441849858726
k__Bacteria;p__Bacteroidetes;c__Bacteroidia;o__Bacteroidales;f__Porphyromonadaceae;g__Parabacteroides;s__Parabacteroides_johnsonii	0.0178487136672	-0.0164741251109	-0.0470998208839	0.0199437060901	0.0251459467578	-0.0379468096783	-0.0175946918634	0.00606543508761	-0.074603551251	0.0221567899816	0.00325393069118	-0.00983083938608	-0.01175235548	-0.0544557229609	-0.0427541246234	0.0450925610427	-0.0794448119382	0.0723657874167	-0.0155247845921	0.022430431403	-0.000274053204907	-0.00279545057226	-0.0432551637097	-0.0236262717086	-0.0978061578779	0.0494518212636	0.0133287828937	-0.0239260978196	1.0	0.019805232289	0.00444171402202	0.0099885942958	-0.0487967328641	-0.00234755621625	-0.001106214057	0.0492614465581	-0.0469689108787	-0.023285307875	-0.0674745765598	0.0234023959673	-0.063403481463	0.024748134004	-0.0633201016143	-0.000211412681216	0.0122510699619	-0.0389828378393	0.106351158378	-0.00109856401358	-0.0872114151661	-0.0185634998703	-0.0276660888536	0.0435541467034	-0.037179840756	-0.0213359104369	-0.0183141193945	0.0125821864587	0.0158958669243	0.0546558999823	0.00436939790138
k__Bacteria;p__Actinobacteria;c__Actinobacteria;o__Bifidobacteriales;f__Bifidobacteriaceae;g__Bifidobacterium;s__Bifidobacterium_longum	0.023512610839	0.00254627682565	-0.0131137292151	-0.0859910859206	0.0141983445976	-0.00414130920343	0.00528540352628	0.0247693781577	-0.0167434228172	-0.00262889896525	-0.100792189829	0.00997093995118	0.000545985680339	-0.036098408825	-0.0257662285778	-0.03074971665	0.00544464694393	-0.029911331942	0.0135080891062	0.0372217369785	-0.0128544953165	0.0289298897678	-0.0235237951487	-0.00705495610146	-0.0725137087414	0.0291422053815	0.055614306354	-0.0572042984539	0.019805232289	1.0	-0.0388158019357	0.0398711065	0.0119307916976	0.0479402062437	-0.00764801199839	0.0949416211524	0.00914943660164	-0.0200013242797	0.0972963436661	0.0449766046926	-0.0180665887632	-0.0205506554551	-0.00288289668159	0.000979553279083	0.0168402511386	-0.0560753136283	-0.0146882581264	-0.0421474760008	0.067943583949	-0.00616552421275	-0.0226292870253	-0.0351428082233	-0.0425223681188	-0.0568206587312	-0.00480606556131	-0.03275356007	-0.0588864564805	0.0509971356737	-0.0703950822027
