#taxonomy	k__Bacteria;p__Bacteroidetes;c__Bacteroidia;o__Bacteroidales;f__Bacteroidaceae;g__Bacteroides;s__Bacteroides_vulgatus	k__Bacteria;p__Bacteroidetes;c__Bacteroidia;o__Bacteroidales;f__Bacteroidaceae;g__Bacteroides;s__Bacteroides_uniformis	k__Bacteria;p__Bacteroidetes;c__Bacteroidia;o__Bacteroidales;f__Rikenellaceae;g__Alistipes;s__Alistipes_putredinis	k__Bacteria;p__Bacteroidetes;c__Bacteroidia;o__Bacteroidales;f__Prevotellaceae;g__Prevotella;s__Prevotella_copri	k__Bacteria;p__Bacteroidetes;c__Bacteroidia;o__Bacteroidales;f__Bacteroidaceae;g__Bacteroides;s__Bacteroides_stercoris	k__Bacteria;p__Bacteroidetes;c__Bacteroidia;o__Bacteroidales;f__Bacteroidaceae;g__Bacteroides;s__Bacteroides_ovatus	k__Bacteria;p__Bacteroidetes;c__Bacteroidia;o__Bacteroidales;f__Rikenellaceae;g__Alistipes;s__Alistipes_shahii	k__Bacteria;p__Firmicutes;c__Clostridia;o__Clostridiales;f__Ruminococcaceae;g__Faecalibacterium;s__Faecalibacterium_prausnitzii	k__Bacteria;p__Bacteroidetes;c__Bacteroidia;o__Bacteroidales;f__Rikenellaceae;g__Alistipes;s__Alistipes_finegoldii	k__Bacteria;p__Bacteroidetes;c__Bacteroidia;o__Bacteroidales;f__Porphyromonadaceae;g__Parabacteroides;s__Parabacteroides_distasonis	k__Bacteria;p__Bacteroidetes;c__Bacteroidia;o__Bacteroidales;f__Bacteroidaceae;g__Bacteroides;s__Bacteroides_thetaiotaomicron	k__Bacteria;p__Bacteroidetes;c__Bacteroidia;o__Bacteroidales;f__Bacteroidaceae;g__Bacteroides;s__Bacteroides_coprocola	k__Bacteria;p__Bacteroidetes;c__Bacteroidia;o__Bacteroidales;f__Bacteroidaceae;g__Bacteroides;s__Bacteroides_cellulosilyticus	k__Bacteria;p__Bacteroidetes;c__Bacteroidia;o__Bacteroidales;f__Rikenellaceae;g__Alistipes;s__Alistipes_obesi	k__Bacteria;p__Firmicutes;c__Clostridia;o__Clostridiales;f__Lachnospiraceae;g__;s__[Eubacterium]_rectale	k__Bacteria;p__Bacteroidetes;c__Bacteroidia;o__Bacteroidales;f__Bacteroidaceae;g__Bacteroides;s__Bacteroides_plebeius	k__Bacteria;p__Bacteroidetes;c__Bacteroidia;o__Bacteroidales;f__Bacteroidaceae;g__Bacteroides;s__Bacteroides_fragilis	k__Bacteria;p__Proteobacteria;c__Betaproteobacteria;o__Burkholderiales;f__Sutterellaceae;g__Sutterella;s__Sutterella_wadsworthensis	k__Bacteria;p__Bacteroidetes;c__Bacteroidia;o__Bacteroidales;f__Porphyromonadaceae;g__Barnesiella;s__Barnesiella_intestinihominis	k__Bacteria;p__Bacteroidetes;c__Bacteroidia;o__Bacteroidales;f__Odoribacteraceae;g__Odoribacter;s__Odoribacter_splanchnicus	k__Bacteria;p__Bacteroidetes;c__Bacteroidia;o__Bacteroidales;f__Bacteroidaceae;g__Bacteroides;s__Bacteroides_salyersiae	k__Bacteria;p__Firmicutes;c__Clostridia;o__Clostridiales;f__Ruminococcaceae;g__Ruminiclostridium;s__[Eubacterium]_siraeum	k__Bacteria;p__Proteobacteria;c__Betaproteobacteria;o__Burkholderiales;f__Sutterellaceae;g__Parasutterella;s__Parasutterella_excrementihominis	k__Bacteria;p__Actinobacteria;c__Actinobacteria;o__Bifidobacteriales;f__Bifidobacteriaceae;g__Bifidobacterium;s__Bifidobacterium_adolescentis	k__Bacteria;p__Firmicutes;c__Clostridia;o__Clostridiales;f__Oscillospiraceae;g__Oscillibacter;s__Oscillibacter_sp._KLE_1745	k__Bacteria;p__Bacteroidetes;c__Bacteroidia;o__Bacteroidales;f__Bacteroidaceae;g__Bacteroides;s__Bacteroides_coprophilus	k__Bacteria;p__Firmicutes;c__Clostridia;o__Clostridiales;f__Lachnospiraceae;g__Roseburia;s__Roseburia_intestinalis	k__Bacteria;p__Firmicutes;c__Clostridia;o__Clostridiales;f__Lachnospiraceae;g__Roseburia;s__Roseburia_hominis	k__Bacteria;p__Bacteroidetes;c__Bacteroidia;o__Bacteroidales;f__Porphyromonadaceae;g__Parabacteroides;s__Parabacteroides_johnsonii	k__Bacteria;p__Actinobacteria;c__Actinobacteria;o__Bifidobacteriales;f__Bifidobacteriaceae;g__Bifidobacterium;s__Bifidobacterium_longum	k__Bacteria;p__Firmicutes;c__Clostridia;o__Clostridiales;f__;g__Flavonifractor;s__Flavonifractor_plautii	k__Bacteria;p__Firmicutes;c__Clostridia;o__Clostridiales;f__Clostridiaceae;g__Clostridium;s__Clostridium_phoceensis	k__Bacteria;p__Verrucomicrobia;c__Verrucomicrobiae;o__Verrucomicrobiales;f__Akkermansiaceae;g__Akkermansia;s__Akkermansia_muciniphila	k__Bacteria;p__Bacteroidetes;c__Bacteroidia;o__Bacteroidales;f__Prevotellaceae;g__Paraprevotella;s__Paraprevotella_xylaniphila	k__Bacteria;p__Firmicutes;c__Clostridia;o__Clostridiales;f__Ruminococcaceae;g__Ruminococcus;s__Ruminococcus_callidus	k__Bacteria;p__Bacteroidetes;c__Bacteroidia;o__Bacteroidales;f__Rikenellaceae;g__Alistipes;s__Alistipes_senegalensis	k__Bacteria;p__Firmicutes;c__Clostridia;o__Clostridiales;f__Lachnospiraceae;g__Blautia;s__Blautia_sp._KLE_1732	k__Bacteria;p__Bacteroidetes;c__Bacteroidia;o__Bacteroidales;f__Bacteroidaceae;g__Bacteroides;s__Bacteroides_oleiciplenus	k__Bacteria;p__Firmicutes;c__Clostridia;o__Clostridiales;f__Ruminococcaceae;g__Ruminococcus;s__Ruminococcus_bicirculans	k__Bacteria;p__Bacteroidetes;c__Bacteroidia;o__Bacteroidales;f__Bacteroidaceae;g__Bacteroides;s__Bacteroides_fluxus	k__Bacteria;p__Bacteroidetes;c__Bacteroidia;o__Bacteroidales;f__Prevotellaceae;g__Prevotella;s__Prevotella_stercorea	k__Bacteria;p__Firmicutes;c__Clostridia;o__Clostridiales;f__Lachnospiraceae;g__Dorea;s__Dorea_longicatena	k__Bacteria;p__Firmicutes;c__Clostridia;o__Clostridiales;f__Eubacteriaceae;g__Eubacterium;s__[Eubacterium]_eligens	k__Bacteria;p__Firmicutes;c__Clostridia;o__Clostridiales;f__Ruminococcaceae;g__;s__Ruminococcaceae_bacterium_D16	k__Bacteria;p__Firmicutes;c__Clostridia;o__Clostridiales;f__Lachnospiraceae;g__Coprococcus;s__Coprococcus_comes	k__Bacteria;p__Proteobacteria;c__Gammaproteobacteria;o__Enterobacterales;f__Enterobacteriaceae;g__Escherichia;s__Escherichia_coli	k__Bacteria;p__Firmicutes;c__Clostridia;o__Clostridiales;f__Ruminococcaceae;g__Anaerotruncus;s__Anaerotruncus_colihominis	k__Bacteria;p__Firmicutes;c__Clostridia;o__Clostridiales;f__Lachnospiraceae;g__Blautia;s__Blautia_obeum	k__Bacteria;p__Bacteroidetes;c__Bacteroidia;o__Bacteroidales;f__Odoribacteraceae;g__Odoribacter;s__Odoribacter_laneus	k__Bacteria;p__Firmicutes;c__Clostridia;o__Clostridiales;f__Ruminococcaceae;g__Ruminiclostridium;s__[Clostridium]_leptum	k__Bacteria;p__Bacteroidetes;c__Bacteroidia;o__Bacteroidales;f__Porphyromonadaceae;g__Parabacteroides;s__Parabacteroides_goldsteinii	k__Bacteria;p__Firmicutes;c__Clostridia;o__Clostridiales;f__Lachnospiraceae;g__Anaerostipes;s__Anaerostipes_hadrus	k__Bacteria;p__Firmicutes;c__Clostridia;o__Clostridiales;f__Ruminococcaceae;g__Ruminococcus;s__Ruminococcus_lactaris	k__Bacteria;p__Firmicutes;c__Clostridia;o__Clostridiales;f__Clostridiaceae;g__Clostridium;s__Clostridium_sp._L2-50	k__Bacteria;p__Firmicutes;c__Clostridia;o__Clostridiales;f__Clostridiaceae;g__Clostridium;s__Clostridium_sp._M62/1	k__Bacteria;p__Firmicutes;c__Clostridia;o__Clostridiales;f__;g__Intestinimonas;s__Intestinimonas_butyriciproducens	k__Bacteria;p__Actinobacteria;c__Actinobacteria;o__Bifidobacteriales;f__Bifidobacteriaceae;g__Bifidobacterium;s__Bifidobacterium_bifidum	k__Bacteria;p__Firmicutes;c__Negativicutes;o__Veillonellales;f__Veillonellaceae;g__Dialister;s__Dialister_invisus	k__Bacteria;p__Bacteroidetes;c__Bacteroidia;o__Bacteroidales;f__Bacteroidaceae;g__Bacteroides;s__Bacteroides_salanitronis
k__Bacteria;p__Bacteroidetes;c__Bacteroidia;o__Bacteroidales;f__Bacteroidaceae;g__Bacteroides;s__Bacteroides_vulgatus	1.0	-0.108051881766	-0.0175842946094	-0.0838938762736	0.0297530922247	0.0251842297415	-0.029494993339	0.00410642528332	-0.0163928848825	0.000128389108471	0.0387207919631	-0.0170660154775	0.0124119766366	-0.0173004522317	0.0361315333275	0.0222843564082	-0.0306646909759	0.000683364747774	-0.000396974306758	0.0618559630368	-0.0208256833728	-0.056891967624	-0.00176950250576	-0.026071635119	-0.0580566082455	-0.0520026793212	-0.076214735311	-0.035322814562	0.0339638166341	-0.0141704026902	0.00296625895745	-0.0329011758537	0.0215833131817	-0.00862198375842	0.0244147045321	-0.0562228096575	0.0700258165337	-0.0138292825796	-0.0189538686194	0.0327442856817	0.0191816023114	0.0443706317735	-0.0635420454658	-0.0214257893139	-0.0560950805392	0.0458138225675	-0.0109134495342	-0.0452581310933	-0.00753836124136	0.0126898172584	-0.00416184650751	-0.0103041751548	0.040769175206	0.04776870573	0.027753090687	0.0220350777743	0.00864277330859	-0.012896586363	-0.0208265852804
k__Bacteria;p__Bacteroidetes;c__Bacteroidia;o__Bacteroidales;f__Bacteroidaceae;g__Bacteroides;s__Bacteroides_uniformis	-0.108051881766	1.0	-0.0374686157902	-0.0611636953951	-0.0167632635631	0.000598242011739	0.00722131385733	0.0529808912214	-0.0406818749419	-0.0291177738659	-0.0206575685078	0.0211175632164	0.0278643554703	0.00290750581149	-0.0442691119229	-0.014297108888	-0.00521459810229	-0.0384488831893	0.0339816263605	-0.00165309425766	0.031054282534	0.0623854718137	0.0172320030661	0.0401061790778	0.040658486248	-0.065752860164	0.0355375135112	0.0479605878981	0.000658266443473	-0.0232248359938	-0.0019491978457	-0.00490922845134	-0.0117457329378	-0.0495934979398	-0.00925864508622	0.0205883963158	0.0109455372291	0.0103699320247	0.00281313205508	-0.0552520313204	0.0163318308236	-0.0525712100528	0.012053373922	-0.0428920862393	0.0176590790572	0.0531318822256	-0.00533238929635	0.0267450643923	-0.0444866933083	-0.0588835235477	0.067858833983	-0.00952087618255	-0.0182118739127	-0.0463380739314	-0.0241698625709	-0.00551152268257	-0.011239207828	-0.0757890648515	0.0664704708293
k__Bacteria;p__Bacteroidetes;c__Bacteroidia;o__Bacteroidales;f__Rikenellaceae;g__Alistipes;s__Alistipes_putredinis	-0.0175842946094	-0.0374686157902	1.0	-0.0308912531548	-0.0708817324886	-0.0653601593392	-0.0112479429996	0.0667054423893	0.0450440113518	0.0452524593646	0.00233815680999	0.0282513344075	-0.0239911770305	0.0269027484432	-0.000331558537118	-0.0216197802148	-0.00515512238159	-0.0337140805829	0.0294318085709	0.0165694671521	-0.0466620192938	-0.0384674718328	-0.0112775829937	0.0158873736857	-0.0615280803567	-0.013277227875	0.0370746675416	0.00611050788551	0.0143471862399	-0.0211755760286	0.0568078641379	-0.0885248431984	-0.0267922278994	-0.0104159110682	-0.0626906156076	-0.0927651306026	-0.0812705334453	-0.0472992701927	0.0097889119141	0.0215914103645	-0.0578080449124	0.0563297653609	0.0482339404415	-0.00484974385599	-0.0143783480361	0.00775283659131	-0.0118846632771	0.0251658845315	0.00603890570477	-0.0647133626966	0.0336586324956	0.0412396506654	-0.00683012121954	-0.0423193298234	0.0362851940265	-0.0789466760643	-0.0334607379212	-0.0364573129725	0.00357959796787
k__Bacteria;p__Bacteroidetes;c__Bacteroidia;o__Bacteroidales;f__Prevotellaceae;g__Prevotella;s__Prevotella_copri	-0.0838938762736	-0.0611636953951	-0.0308912531548	1.0	-0.0282875965687	0.0368293274309	-0.0367225361146	-0.0376215355515	-0.0146700419069	-0.0130469882048	-0.00141089973679	-0.0127929641602	-0.000936318324645	-0.0317363992618	-0.0152595507602	-0.00730220407991	-0.0303965160979	-0.0583862311739	-0.0338425920117	-0.0232942530408	-0.0700602605052	0.0384997948932	0.0266003209661	-0.0195629879553	-0.0309867728164	0.0168416696605	0.0780850874663	0.00114060203857	-0.0276084455206	0.0267495713812	-0.0267916374793	-0.0138871780186	-0.00892393639619	-0.00299303893998	-0.0172916551953	-0.0125951713724	-0.0499017125314	0.0109225714963	-0.0269950068679	-0.0623714523625	0.00451362526881	0.0110848343714	0.0735110964345	0.00704401046965	0.0470008537658	-0.0326609496618	-0.0250052019907	-0.00920127312581	0.0587554612352	-0.0322660052561	-0.0856399947299	0.0211200002018	0.00667912251453	-0.0287157014291	-0.0476189102789	-0.0135290677508	0.0466636941623	0.00882035215482	-0.00300701109728
k__Bacteria;p__Bacteroidetes;c__Bacteroidia;o__Bacteroidales;f__Bacteroidaceae;g__Bacteroides;s__Bacteroides_stercoris	0.0297530922247	-0.0167632635631	-0.0708817324886	-0.0282875965687	1.0	-0.0127435882239	-0.078838652889	0.0248636929292	0.0193211827162	0.0305218091755	-0.0775272172316	-0.0261444123196	-0.0742008849628	-0.0551863765219	-0.0144094897021	-0.0282377173184	0.000162524185687	-0.0157424308518	0.0407712279277	0.0396699820705	0.00642616005757	0.072741615264	-0.00739047265381	-0.0116545858514	0.0333376196285	0.0348274341833	-0.0598715054704	-0.00730469932848	-0.0446409308395	-0.00383136494414	0.0229454720973	-0.0413049385683	0.0132161590825	-0.0258249646666	-0.0100083750995	0.00609435084769	-0.0106651101243	-0.0451690745071	0.0598891949235	0.0102354623984	-0.0145560818766	-0.0316164582528	-0.00387102751822	-0.0234982433009	0.0361344003048	0.0474939372973	0.0126238590267	0.00823638479349	-0.00444686026004	-0.042016546017	0.0397548941753	0.0244129314233	0.0355265430187	-0.102502897945	-0.0236954849559	-0.0338587422323	-0.0134203800426	0.0422085895489	0.10397904111
k__Bacteria;p__Bacteroidetes;c__Bacteroidia;o__Bacteroidales;f__Bacteroidaceae;g__Bacteroides;s__Bacteroides_ovatus	0.0251842297415	0.000598242011739	-0.0653601593392	0.0368293274309	-0.0127435882239	1.0	0.0148373954138	0.00567498058815	0.0351081240929	-0.0404790205111	-0.0245363622889	-0.0337587155687	-0.0419752569811	-0.0704159085234	-0.00246280573857	-0.01113320615	-0.0454071681996	-0.0105303673144	-0.00243041716709	0.0220808053634	0.0280473672933	-0.0365553396541	-0.0461667663788	0.0150056065052	0.0311169319066	0.00912743372675	-0.0278927785352	-0.00308792028419	0.0347641994086	-0.0408866820702	0.0588564559356	0.00289203147691	-0.0242042831581	0.0377107070007	-0.0406059311626	-0.015638816316	0.0103988513014	-0.0192268062647	0.0499208000032	-0.00887343046815	0.00909782796987	-0.0645163032755	-0.0662754590463	-0.0229899034002	-0.0483331642571	-0.0833836173573	-0.0569063539551	-0.000332649116078	0.00304180883542	-0.0363954766468	-0.0256394820673	0.0184459776162	0.0580966661071	0.00566101262841	0.0226823896985	-0.00284082247421	-0.0118447886784	-0.0302753095055	-0.0550245059565
k__Bacteria;p__Bacteroidetes;c__Bacteroidia;o__Bacteroidales;f__Rikenellaceae;g__Alistipes;s__Alistipes_shahii	-0.029494993339	0.00722131385733	-0.0112479429996	-0.0367225361146	-0.078838652889	0.0148373954138	1.0	-0.0202880184716	-0.000474074388679	-0.0222546194112	-0.0863261011122	0.015495529343	0.000271740097114	-0.0478024554013	-0.0423082898318	-0.0942700525796	0.0310759639191	-0.0844853647358	-0.0675895298691	0.0319480111345	0.0207649828716	-0.0409210616629	-0.0276252540889	-0.0488745597313	-0.0183034731306	-0.00664230901635	-0.0133526299831	-0.0457205428799	-0.0306330309994	0.00218147423332	0.0206872433527	0.00386139738243	-0.00773633807306	0.0613274243348	0.0220421573197	0.0155785620519	0.0406009335995	-0.0545549129545	0.0447605938789	0.0257758851738	0.0315120113181	-0.0110244851985	-0.0149394693711	-0.0794732149785	-0.0383124223413	-0.00110253932037	0.0215738642064	0.0096470949742	-0.000455719447367	0.0288811908704	-0.0400580281357	-0.0500709496139	0.0695299086905	0.0440473997272	0.00780445887253	-0.0395337652928	0.00417751766819	-0.00809229750058	0.00797568903
k__Bacteria;p__Firmicutes;c__Clostridia;o__Clostridiales;f__Ruminococcaceae;g__Faecalibacterium;s__Faecalibacterium_prausnitzii	0.00410642528332	0.0529808912214	0.0667054423893	-0.0376215355515	0.0248636929292	0.00567498058815	-0.0202880184716	1.0	0.0381531127995	-0.00627033666685	-0.0167453183201	0.0211717772579	-0.0132864983046	-0.0932337114142	-0.0347757893996	0.0575552865289	-0.0649783917086	-0.0155958685009	-0.04901402672	-0.0147948944313	-0.0558099154255	-0.0334397133913	-0.0303577157724	-0.016918227168	-0.0171465342209	0.00529761153976	-0.038767674578	-0.0448047447596	-0.0233091385808	0.00410586304054	-0.0447044338693	-0.0264342063362	0.0245910080745	0.0956410290369	-0.0767063126759	0.0189092301396	-0.010910227014	0.0300545017306	0.0320046247214	-0.00030292349593	-0.023596403443	-0.0675263724805	-0.017243759378	-0.0353433029845	-0.0328237365133	-0.00805244888405	0.0607207569645	-0.0200762472851	0.073668934311	0.00509018591837	-0.0693604179398	0.0146650432607	0.0594547565753	0.0322323008622	-0.019930022077	-0.0415160002374	-0.024659989348	-0.0176711541669	0.00164723758174
k__Bacteria;p__Bacteroidetes;c__Bacteroidia;o__Bacteroidales;f__Rikenellaceae;g__Alistipes;s__Alistipes_finegoldii	-0.0163928848825	-0.0406818749419	0.0450440113518	-0.0146700419069	0.0193211827162	0.0351081240929	-0.000474074388679	0.0381531127995	1.0	-0.019456062059	-0.00120938662789	-0.0249337516798	0.0326666226616	-0.0633958339946	0.0151472181592	0.00918984051323	-0.0190353365335	0.0349108828983	0.047492306162	0.0173190857959	0.00146025891348	-0.0374723860333	0.0400300649234	0.0214957814186	0.0307798488792	-0.091007933531	0.0232810466577	-0.0354856201041	0.00794182936061	0.0508292278147	-0.062000490879	-0.0171938257685	0.0131453013879	-0.0389904792149	0.02532834608	0.0254662358584	-0.0120062119355	-0.0729913296573	0.0222572820677	-0.0546358830449	0.0139245114079	0.0254026844598	0.0533166911967	-0.0734064945134	-0.0631301427841	-0.0424051831706	-0.0218291126867	-0.0151642728838	0.00613364728187	0.0186878313	-0.0199946342113	-0.0188695161051	0.00530134358882	-0.0134353292077	0.00762459632112	0.0101750687655	0.0193403119599	-0.0376117649619	-0.083131208139
k__Bacteria;p__Bacteroidetes;c__Bacteroidia;o__Bacteroidales;f__Porphyromonadaceae;g__Parabacteroides;s__Parabacteroides_distasonis	0.000128389108471	-0.0291177738659	0.0452524593646	-0.0130469882048	0.0305218091755	-0.0404790205111	-0.0222546194112	-0.00627033666686	-0.019456062059	1.0	-0.0380407548561	0.0434146001325	0.0266341230178	0.000602747194959	-0.026976608613	-0.0376941221729	-0.0345743703482	0.0586130673693	-0.0260551514115	0.0591479428749	0.0518347255021	0.00163084763039	0.029326272141	-0.0476268484747	-0.0263664332206	-0.0157149628917	-0.102241002764	-0.0117514638496	0.0143519157862	0.0500071616534	-0.0280978065896	-0.00772043202886	-0.0271880108068	-0.0405527988703	0.0390430606748	-0.0314699391386	0.0315294344402	0.000235428803019	-0.0370983195932	0.0204787443552	0.00124426784131	-0.0385299294315	0.0130395269506	0.0654694947421	0.018097389349	0.0854505810303	0.0367835141972	0.0389366246502	-0.0374902422758	0.0129744835414	-0.0185521125411	0.0269652946581	0.0247676099908	0.0417198106766	-0.0274448500311	0.019999045087	-0.0356788829265	0.0100604512203	-0.0263961743017
k__Bacteria;p__Bacteroidetes;c__Bacteroidia;o__Bacteroidales;f__Bacteroidaceae;g__Bacteroides;s__Bacteroides_thetaiotaomicron	0.0387207919631	-0.0206575685078	0.00233815680999	-0.00141089973679	-0.0775272172316	-0.0245363622889	-0.0863261011122	-0.0167453183201	-0.00120938662789	-0.0380407548561	1.0	-0.0128898696642	-0.0116036149211	0.00573170450828	-0.0541371246566	-0.0326804455173	-0.0141877947144	0.0333731945487	0.00295918562919	-0.0402944403806	-0.0234405819963	-0.0356915772124	-0.00277067299382	0.0224190569512	0.0939070347653	0.0114246878893	0.0568364516707	-0.0710277703424	0.0189005899723	-0.0314008428946	0.0308140990768	-0.0179689108308	-0.0124976712286	-0.0290774730801	-0.0673513046546	-0.037709189914	0.0253198784711	0.0471296927969	-0.00407699138499	0.0452176272344	0.0475439456067	-0.00931267268984	0.0226636325601	0.0289502980014	-0.0869314327105	0.0523995794503	-0.0550401563487	0.0297195245625	-0.0340069875673	0.0180332139394	0.00989964097433	-0.0115164444779	-0.0688894283647	-0.0757004436354	-0.0176496118651	0.00132395617034	-0.0158476981126	-0.0184558017476	-0.0722019543961
k__Bacteria;p__Bacteroidetes;c__Bacteroidia;o__Bacteroidales;f__Bacteroidaceae;g__Bacteroides;s__Bacteroides_coprocola	-0.0170660154775	0.0211175632164	0.0282513344075	-0.0127929641602	-0.0261444123196	-0.0337587155687	0.015495529343	0.0211717772579	-0.0249337516798	0.0434146001325	-0.0128898696642	1.0	0.0121230950351	-0.0161121547919	0.0278510041713	-0.00695760412574	-0.0577113293171	-0.0303054088183	-0.0838661257183	-0.0147123879695	-0.0316020590991	-0.0233709917153	-0.0373215751222	0.00502783417871	-0.0290478455971	0.00732590299023	0.00524463473937	-0.0391562902013	-0.0459312914294	0.0373650877119	-0.0608156941445	-0.0304652916683	-0.0132212961799	-0.0184973460384	-0.0268247628597	-0.0505404314992	-0.0156816752833	-0.00397908551667	-0.0221222981534	0.0956773767875	-0.0147559210839	0.0199154626902	0.0195737474248	-0.0102916173886	0.0391138146697	0.0752593304279	-0.0290442217747	0.0597097896427	-0.047614412871	-0.00603240437949	0.035481301261	-0.00518547159343	-0.0263925883343	-0.0163699210856	-0.0171629539389	-0.0104187371157	0.00441076209724	0.0816418306428	-0.0228149828702
k__Bacteria;p__Bacteroidetes;c__Bacteroidia;o__Bacteroidales;f__Bacteroidaceae;g__Bacteroides;s__Bacteroides_cellulosilyticus	0.0124119766366	0.0278643554703	-0.0239911770305	-0.000936318324645	-0.0742008849628	-0.0419752569811	0.000271740097114	-0.0132864983046	0.0326666226616	0.0266341230178	-0.0116036149211	0.0121230950351	1.0	0.0583254001832	0.0076575106879	0.0625344332643	-0.0308224738585	0.0246687250083	-0.0165217511862	-0.0460108049657	0.0161514077414	-0.0601439885462	-0.011844697712	-0.0161654940367	0.0624948693057	0.0211571032328	-0.0386063245642	0.0144517253318	-0.074097783445	0.0115213517457	-0.0781299550661	0.0721812751152	-0.0358233752925	-0.069666184369	-0.0127735324976	-0.0541471133964	-0.046605430879	0.00999186714861	-0.0315371572103	-0.0370959550927	-0.0247701585523	0.0047120436367	-0.0190583777075	0.00997454960028	-0.0311753192372	-0.0640335017495	-0.055173649521	0.0454685832271	-0.0611713327573	-0.0988016029546	-0.0561836726912	0.00469180414394	-0.0309626406885	0.00264238433382	-0.0188162114392	0.0169935263225	0.0704718592605	0.0219458439242	-0.0191257543997
k__Bacteria;p__Bacteroidetes;c__Bacteroidia;o__Bacteroidales;f__Rikenellaceae;g__Alistipes;s__Alistipes_obesi	-0.0173004522317	0.00290750581149	0.0269027484432	-0.0317363992618	-0.0551863765219	-0.0704159085234	-0.0478024554013	-0.0932337114142	-0.0633958339946	0.000602747194959	0.00573170450828	-0.0161121547919	0.0583254001832	1.0	0.00578906544004	0.0855060922539	0.00730320639204	-0.0362711087039	0.0685831563685	-0.0534555268541	-0.0253277291342	0.00873168608979	-0.0014881151177	-0.0145124063187	-0.000482729473374	0.0208200410094	-0.0234634271275	0.0148302333174	-0.0591289959878	0.0203884201992	-0.0328020280419	0.0454900651233	-0.0386201537047	-0.0321842679257	0.00408975644084	-0.00583900702047	-0.00726453169588	0.0148729665644	-0.0611877664837	0.0529582199093	-0.0821705749055	0.081977497584	0.0287136156999	0.0210079131516	0.00207214999747	0.0287852276486	0.0453918454928	0.040942883708	-0.0028944052415	-0.0289450780313	-0.0121452320073	0.0299360118576	-0.0278012957774	-0.0249973598916	-0.0575992617768	-0.065609112353	0.0353598036675	-0.0286919906551	-0.0159861753838
k__Bacteria;p__Firmicutes;c__Clostridia;o__Clostridiales;f__Lachnospiraceae;g__;s__[Eubacterium]_rectale	0.0361315333275	-0.0442691119229	-0.000331558537118	-0.0152595507602	-0.0144094897021	-0.00246280573857	-0.0423082898318	-0.0347757893996	0.0151472181592	-0.026976608613	-0.0541371246566	0.0278510041713	0.0076575106879	0.00578906544004	1.0	-0.0160599626704	-0.0200554318905	0.0541577251617	0.00147512715143	0.0253365035666	0.0150404887052	-0.0657078996446	-0.027313838596	-0.0788563194814	-0.049085194756	0.041080128829	0.0107093240495	-0.0310295381051	-0.0257733645798	0.024692875115	-0.0294926833682	0.0278759444063	0.0152128725677	-0.0115109778824	-0.100393159645	0.0129463295756	-0.0262812623284	0.0163696670979	-0.0422853786168	0.0252670526148	-0.0607780766543	-0.00620107849145	0.0591521576321	0.0345101276759	-0.0184033014067	0.0302876656456	0.0235097976572	-0.106689391477	0.0593091624211	-0.00452739989173	0.07551451789	-0.0472914620883	-0.0198093159987	0.0521505714503	-0.0289969142851	0.0143183873397	-0.0332723334701	0.0436795955431	0.0116876205783
k__Bacteria;p__Bacteroidetes;c__Bacteroidia;o__Bacteroidales;f__Bacteroidaceae;g__Bacteroides;s__Bacteroides_plebeius	0.0222843564082	-0.014297108888	-0.0216197802148	-0.00730220407991	-0.0282377173184	-0.01113320615	-0.0942700525796	0.0575552865289	0.00918984051323	-0.0376941221729	-0.0326804455173	-0.00695760412574	0.0625344332643	0.0855060922539	-0.0160599626704	1.0	-0.0274826443958	-0.0698612935176	0.0284227484303	-0.0481103281328	-0.00820435280313	-0.0716241552597	0.0032905461419	0.0400785322401	0.00221030885689	0.00923730045617	0.0262102586405	-0.028534182578	-0.0399783532756	0.0258131635744	-0.0156773425036	-0.0722497948008	-0.0487109117595	-0.0486614760945	0.0450484433639	-0.009051631466	0.0542454791778	-0.0770442755698	-0.0440267872256	0.01015941968	0.00614274073357	-0.0348424044755	-0.0182536533678	-0.0474420312023	0.00834978975993	-0.0166000733519	-0.0064721671071	0.00406092716583	0.0210298407008	-0.0168388031231	-0.0128482645181	-0.0372654251843	0.0590055074285	0.00777102196133	-0.019842288197	-0.0606291108375	0.0351092221625	-0.05488611843	0.0200310061565
k__Bacteria;p__Bacteroidetes;c__Bacteroidia;o__Bacteroidales;f__Bacteroidaceae;g__Bacteroides;s__Bacteroides_fragilis	-0.0306646909759	-0.00521459810229	-0.00515512238159	-0.0303965160979	0.000162524185687	-0.0454071681996	0.0310759639191	-0.0649783917086	-0.0190353365335	-0.0345743703482	-0.0141877947144	-0.0577113293171	-0.0308224738585	0.00730320639204	-0.0200554318905	-0.0274826443958	1.0	0.00518694408882	-0.0454549882665	0.0147885400507	-0.0593710698278	0.0237835068375	0.00558171626015	0.0520728379006	-0.019324642582	-0.0160104119993	0.0577963270717	0.0630307015258	0.00345658934409	0.00663614588349	-0.0385154213198	0.0320648156154	-0.0430582335904	0.0174209861051	-0.0199537122141	0.00715508491316	0.0590350187679	0.00584595659937	-0.0284489492493	-0.0220913344456	0.0272437514417	0.00327260187785	-0.000867997599162	0.0151296968347	-0.0275773422766	-0.0305908770858	-0.0118659607444	-0.0204851963398	0.0355355535494	0.0344820762785	-0.0165974378618	0.00409416130831	-0.0902988229595	-0.0687411283459	0.0600387655156	0.0281185199904	0.0611026177488	0.0299547778037	-0.0633151364104
k__Bacteria;p__Proteobacteria;c__Betaproteobacteria;o__Burkholderiales;f__Sutterellaceae;g__Sutterella;s__Sutterella_wadsworthensis	0.000683364747774	-0.0384488831893	-0.0337140805829	-0.0583862311739	-0.0157424308518	-0.0105303673144	-0.0844853647358	-0.0155958685009	0.0349108828983	0.0586130673693	0.0333731945487	-0.0303054088183	0.0246687250083	-0.0362711087039	0.0541577251617	-0.0698612935176	0.00518694408882	1.0	-0.0129475921694	-0.00299802432247	-0.0355238161415	-0.0158512459194	-0.05681479527	-0.0346496047	0.00573804877698	0.00905364294463	0.0748922868175	-0.0646959685262	-0.0167159155613	0.0316998974564	0.00836756902429	-0.0801845477955	0.0185751439723	0.0208496152147	-0.0507696088081	0.0807483648353	-0.0376637376384	-0.021381537023	-0.0217618968895	-0.0429957933898	-0.0378762119363	-0.00108148494272	-0.0402408107298	0.0199281094268	0.0257662101314	-0.0391864170961	0.0638186182513	-0.0499364327687	-0.0908973977761	0.0177263741895	0.0237987833398	-0.0315438999169	0.0427226574413	0.00156937681754	0.0221816431125	-0.017018831315	-0.0264444278425	0.00470825375353	-0.0718143425712
k__Bacteria;p__Bacteroidetes;c__Bacteroidia;o__Bacteroidales;f__Porphyromonadaceae;g__Barnesiella;s__Barnesiella_intestinihominis	-0.000396974306758	0.0339816263605	0.0294318085709	-0.0338425920117	0.0407712279277	-0.00243041716709	-0.0675895298691	-0.04901402672	0.047492306162	-0.0260551514115	0.00295918562919	-0.0838661257183	-0.0165217511862	0.0685831563685	0.00147512715143	0.0284227484303	-0.0454549882665	-0.0129475921694	1.0	-0.0421699740151	-0.0158700795019	-0.0357326711106	-0.0608042301021	-0.0247089443637	-0.0514276872862	0.035752152766	-0.0406496762408	0.0367814732904	-0.0432023282104	0.0252377145447	-0.00410068365348	0.064084847233	-0.00517455371481	-0.0632110615753	-0.0992245062599	-0.0261380342086	-0.0165050016296	-0.0206822405467	0.0488685110959	-0.0412673003682	-0.0332275818993	0.0193684592188	0.0147586504002	0.0148100317639	-0.0366132662361	-0.00305789466129	-0.0361019264933	-0.0501258593721	0.0211520854562	-0.0156655189404	-0.0500925911694	0.0171645527512	-0.000212299437159	0.00379032064519	0.00259364924478	0.0531905534552	-0.0467102004659	-0.0268870501154	-0.0441352927728
k__Bacteria;p__Bacteroidetes;c__Bacteroidia;o__Bacteroidales;f__Odoribacteraceae;g__Odoribacter;s__Odoribacter_splanchnicus	0.0618559630368	-0.00165309425766	0.0165694671521	-0.0232942530408	0.0396699820705	0.0220808053634	0.0319480111345	-0.0147948944313	0.0173190857959	0.0591479428749	-0.0402944403806	-0.0147123879695	-0.0460108049657	-0.0534555268541	0.0253365035666	-0.0481103281328	0.0147885400507	-0.00299802432247	-0.0421699740151	1.0	0.0164919450971	-0.038018699439	0.00936191136737	-0.0849683473785	-0.0570439514255	-0.0643180422821	-0.0375753429448	0.0401595927905	0.000419162073321	0.00222413645652	0.0357353497395	-0.00984227863333	-0.0274197750201	0.0203855874132	-0.0769092362234	0.0304192932881	-0.0344921349732	-0.0140465304962	0.00464988402151	-0.00440979855779	0.0226913212223	-0.0302024737767	-0.102019264984	0.0335571231042	-0.0446422511023	0.0333620527566	-0.0231958351024	0.0252958183452	0.00260813931382	-0.0230166791537	0.0318157859527	-0.0238400035284	0.0387727413415	0.00901724241731	0.0392290175755	-0.0196931747438	-0.0694955568753	0.0232086953205	0.0262875782907
k__Bacteria;p__Bacteroidetes;c__Bacteroidia;o__Bacteroidales;f__Bacteroidaceae;g__Bacteroides;s__Bacteroides_salyersiae	-0.0208256833728	0.031054282534	-0.0466620192938	-0.0700602605052	0.00642616005757	0.0280473672933	0.0207649828716	-0.0558099154255	0.00146025891348	0.0518347255021	-0.0234405819963	-0.0316020590991	0.0161514077414	-0.0253277291342	0.0150404887052	-0.00820435280313	-0.0593710698278	-0.0355238161415	-0.0158700795019	0.0164919450971	1.0	0.0151592459121	0.000824403981413	0.0242531838547	0.00298079318965	0.0236207940119	-0.0542167720778	0.00358769702821	-0.00331201187305	-0.0461770302038	0.0342379140573	-0.0410559755572	-0.0374745807911	-0.0744894817623	-0.00219538594127	-0.0223004307357	-0.0542329306078	-0.0595230634487	-0.00951346678889	-0.0517283779785	0.057651252096	0.0392583032227	-0.00615175052788	-0.0278803793742	0.0249365083959	-0.0192766497383	0.00808036534112	-0.0779744589944	-0.0326168514156	0.0567840284077	0.0286590511692	0.00353365637911	0.0118488836016	0.0114059899441	0.00387682850788	-0.0178054373096	0.0129369451242	-0.0414122104927	0.00773044205545
k__Bacteria;p__Firmicutes;c__Clostridia;o__Clostridiales;f__Ruminococcaceae;g__Ruminiclostridium;s__[Eubacterium]_siraeum	-0.056891967624	0.0623854718137	-0.0384674718328	0.0384997948932	0.072741615264	-0.0365553396541	-0.0409210616629	-0.0334397133913	-0.0374723860333	0.00163084763039	-0.0356915772124	-0.0233709917153	-0.0601439885462	0.00873168608979	-0.0657078996446	-0.0716241552597	0.0237835068375	-0.0158512459194	-0.0357326711106	-0.038018699439	0.0151592459121	1.0	0.0412854312522	0.0161972422588	0.00284636453804	0.0153179137996	-0.0668633394837	-0.047728163128	-0.00159064625529	-0.06997016417	-0.0245006569427	-0.0943365531471	0.0386460238849	0.00713492796047	-0.0124734592699	-0.0680857328764	0.0683328017924	-0.0359041397597	-0.00393343641478	0.00175943431805	-0.00646970893282	0.0185948081715	-0.0308194445519	-0.019903748366	-0.0576091560557	0.0644645334479	0.0104051270211	0.00888611789897	0.00489630388785	0.00600838601284	0.0163475188092	-0.0294161146752	-0.0259813995554	-0.00820438984263	-0.0818284223275	-0.0841754380354	0.0219155925122	0.01167063152	0.0420227296065
k__Bacteria;p__Proteobacteria;c__Betaproteobacteria;o__Burkholderiales;f__Sutterellaceae;g__Parasutterella;s__Parasutterella_excrementihominis	-0.00176950250576	0.0172320030661	-0.0112775829937	0.0266003209661	-0.00739047265381	-0.0461667663788	-0.0276252540889	-0.0303577157724	0.0400300649234	0.029326272141	-0.00277067299382	-0.0373215751222	-0.011844697712	-0.0014881151177	-0.027313838596	0.0032905461419	0.00558171626015	-0.05681479527	-0.0608042301021	0.00936191136737	0.000824403981413	0.0412854312522	1.0	-0.0397685021845	-0.00822407573524	-0.0158440627913	0.00756262449146	0.0173652599752	0.0520145116073	-0.0388264633514	0.0160272153952	-0.0722976741643	-0.0149907691974	0.00340825984736	0.0200843874772	0.0315048132534	-0.0487179956724	-0.0202371712092	-0.0906352887994	-0.051923668354	0.021651052805	-0.0216662719654	-0.0193434406455	0.0146471932708	0.0274069272388	0.0129897370396	0.0363160346623	0.067708444285	-0.0356468767323	-0.0389858925354	-0.0044908684751	-0.0413156688825	-0.0892970702237	0.00945991453642	-0.0426908877761	0.0164129415167	-0.0011413456838	0.0345402053339	-0.0566525290249
k__Bacteria;p__Actinobacteria;c__Actinobacteria;o__Bifidobacteriales;f__Bifidobacteriaceae;g__Bifidobacterium;s__Bifidobacterium_adolescentis	-0.026071635119	0.0401061790778	0.0158873736857	-0.0195629879553	-0.0116545858514	0.0150056065052	-0.0488745597313	-0.016918227168	0.0214957814186	-0.0476268484747	0.0224190569512	0.00502783417871	-0.0161654940367	-0.0145124063187	-0.0788563194814	0.0400785322401	0.0520728379006	-0.0346496047	-0.0247089443637	-0.0849683473785	0.0242531838547	0.0161972422588	-0.0397685021845	1.0	0.0172342963797	-0.009825595273	0.00526781740936	-0.00771702091727	-0.0333364246645	-0.00723545152789	-0.0186911053211	-0.0120181965195	-0.0660314902992	0.0162141644355	-0.00513429807781	0.0145789745624	0.0253252004438	-0.0153697322358	-0.030838462332	0.033459579488	0.0352187622326	0.0469416987737	-0.0235717068236	-0.0485971540469	-0.0633532404858	0.00369655872087	0.01749775985	-0.000758633554734	0.0255321474568	-0.0250816303817	0.0163340597488	0.00234174445532	-0.0567562217931	-0.082298977771	0.0145591662126	-0.0586333122211	0.0346812706909	0.0467831060808	-0.0447739509691
k__Bacteria;p__Firmicutes;c__Clostridia;o__Clostridiales;f__Oscillospiraceae;g__Oscillibacter;s__Oscillibacter_sp._KLE_1745	-0.0580566082455	0.040658486248	-0.0615280803567	-0.0309867728164	0.0333376196285	0.0311169319066	-0.0183034731306	-0.0171465342209	0.0307798488792	-0.0263664332206	0.0939070347653	-0.0290478455971	0.0624948693057	-0.000482729473374	-0.049085194756	0.00221030885689	-0.019324642582	0.00573804877698	-0.0514276872862	-0.0570439514255	0.00298079318965	0.00284636453804	-0.00822407573524	0.0172342963797	1.0	-0.00280450564827	0.00444286214602	-0.0426194560852	-0.0498375301413	-0.0177325915798	-0.0351622855821	0.024290236819	-0.00420990308772	-0.0621509193812	-0.0457001435392	-0.0164066220215	0.0499478544297	-0.0195408252233	-0.0300009699781	0.0152855372235	0.0103991512564	-0.0659010533637	-0.019899632074	0.0436988406097	0.0420379789282	-0.0556231543274	-0.0128361536752	-0.0100905214543	-0.00466798873644	-0.000111575936659	-0.0571992190339	0.0205010771682	-0.0694977445034	0.0161693518326	0.000692584416379	0.0154834617662	-0.0105428254056	0.0239129809936	-0.0593483732648
k__Bacteria;p__Bacteroidetes;c__Bacteroidia;o__Bacteroidales;f__Bacteroidaceae;g__Bacteroides;s__Bacteroides_coprophilus	-0.0520026793212	-0.065752860164	-0.013277227875	0.0168416696605	0.0348274341833	0.00912743372675	-0.00664230901635	0.00529761153976	-0.091007933531	-0.0157149628917	0.0114246878893	0.00732590299023	0.0211571032328	0.0208200410094	0.041080128829	0.00923730045617	-0.0160104119993	0.00905364294463	0.035752152766	-0.0643180422821	0.0236207940119	0.0153179137996	-0.0158440627913	-0.009825595273	-0.00280450564827	1.0	-0.0837224556282	0.00346211280868	-0.0276294809639	0.0842254472163	-0.0120568990215	-0.0449639989008	0.0165760858569	-0.00785502441577	-0.0461254192965	-0.0459855288378	-0.0422112668158	-0.0253902432815	-0.0620403421423	-0.0247994150021	-0.026546694595	0.0263323450553	0.0529913663541	0.0202044104999	0.0112259184378	0.0316027988723	-0.0159820508982	-0.0316868863064	-0.0203706903601	-0.054310682283	0.0188524366658	-0.0442299571659	0.00104595459416	0.0274659444544	0.014466473546	-0.0146010999155	-0.0271245552711	0.0369967988075	-0.0359968205356
k__Bacteria;p__Firmicutes;c__Clostridia;o__Clostridiales;f__Lachnospiraceae;g__Roseburia;s__Roseburia_intestinalis	-0.076214735311	0.0355375135112	0.0370746675416	0.0780850874663	-0.0598715054704	-0.0278927785352	-0.0133526299831	-0.038767674578	0.0232810466577	-0.102241002764	0.0568364516707	0.00524463473937	-0.0386063245642	-0.0234634271275	0.0107093240495	0.0262102586405	0.0577963270717	0.0748922868175	-0.0406496762408	-0.0375753429448	-0.0542167720778	-0.0668633394837	0.00756262449146	0.00526781740936	0.00444286214602	-0.0837224556282	1.0	-0.0406686596453	-0.00725128171726	-0.0407320774111	-0.00665609683785	-0.000186536294843	0.0545936696924	0.0656957340805	-0.092297997241	-0.0332969255952	0.0121612688219	-0.0272534641579	0.0191921896963	-0.0071558943877	0.0237555632553	-0.05558995766	0.0502291836685	-8.36017965953e-05	-0.0412801965783	0.0114743397033	-0.0554776300187	-0.0140372189347	-0.0642279725159	0.0134685430199	0.0500531665267	0.0108872631421	0.0245790456999	-0.0311119285588	-0.060262269803	-0.00629511122884	0.0333823264812	-0.0151969075262	0.00287992562812
k__Bacteria;p__Firmicutes;c__Clostridia;o__Clostridiales;f__Lachnospiraceae;g__Roseburia;s__Roseburia_hominis	-0.035322814562	0.0479605878981	0.00611050788551	0.00114060203857	-0.00730469932848	-0.00308792028419	-0.0457205428799	-0.0448047447596	-0.0354856201041	-0.0117514638496	-0.0710277703424	-0.0391562902013	0.0144517253318	0.0148302333174	-0.0310295381051	-0.028534182578	0.0630307015258	-0.0646959685262	0.0367814732904	0.0401595927905	0.00358769702821	-0.047728163128	0.0173652599752	-0.00771702091727	-0.0426194560852	0.00346211280868	-0.0406686596453	1.0	-0.00198068061556	0.0359425008893	0.0183256006187	-0.0201138643316	-0.0144344317421	0.0231340418876	0.0469340324918	0.053598129295	0.0500782796887	-0.000162540135866	0.0265550696769	-0.0118397989684	0.0159690793628	-0.0224673296645	0.0130054122434	-0.0253583932333	0.0465640933778	-0.0251757044874	0.0464767988985	-0.0529666107241	0.0241776647125	-0.0182894384897	-0.0268416546804	0.0343581512657	0.019460707797	-0.113067903208	-0.0892379696786	-0.043886647054	-0.0116033449683	-0.00218035866943	0.00391851575633
k__Bacteria;p__Bacteroidetes;c__Bacteroidia;o__Bacteroidales;f__Porphyromonadaceae;g__Parabacteroides;s__Parabacteroides_johnsonii	0.0339638166341	0.000658266443473	0.0143471862399	-0.0276084455206	-0.0446409308395	0.0347641994086	-0.0306330309994	-0.0233091385808	0.00794182936061	0.0143519157862	0.0189005899723	-0.0459312914294	-0.074097783445	-0.0591289959878	-0.0257733645798	-0.0399783532756	0.00345658934409	-0.0167159155613	-0.0432023282104	0.000419162073322	-0.00331201187305	-0.00159064625529	0.0520145116073	-0.0333364246645	-0.0498375301413	-0.0276294809639	-0.00725128171726	-0.00198068061556	1.0	-0.0458155201547	0.052324950333	-0.00176779850715	0.0239740499224	0.0300726706313	0.0161966438107	-0.0293698247166	-0.00107652920142	-0.0140557338181	-0.0811980338806	0.0347519752993	-0.0278724236461	0.0186834504282	0.00587195862809	-0.0606532964919	-0.0138018810884	-0.0364391291848	-0.0157008217762	0.068272674786	0.00880292919885	0.0575141625398	-0.03191057829	-0.0397213754422	-0.00939500853705	0.0217714461346	0.0218666654708	0.0118217705936	-0.00289764233087	0.0070531490564	-0.0580753739222
k__Bacteria;p__Actinobacteria;c__Actinobacteria;o__Bifidobacteriales;f__Bifidobacteriaceae;g__Bifidobacterium;s__Bifidobacterium_longum	-0.0141704026902	-0.0232248359938	-0.0211755760286	0.0267495713812	-0.00383136494414	-0.0408866820702	0.00218147423332	0.00410586304054	0.0508292278147	0.0500071616534	-0.0314008428946	0.0373650877119	0.0115213517457	0.0203884201992	0.024692875115	0.0258131635744	0.00663614588349	0.0316998974564	0.0252377145447	0.00222413645652	-0.0461770302038	-0.06997016417	-0.0388264633514	-0.00723545152789	-0.0177325915798	0.0842254472163	-0.0407320774111	0.0359425008893	-0.0458155201547	1.0	0.0010663851141	0.00120201856728	-0.00576414354907	0.00909504351413	0.0683258955754	0.00273881564377	-0.0230533823784	-0.051262941169	-0.0369495621361	-0.0317563353963	-0.0216577108165	0.00644552711546	-0.0331516558388	0.00823541207781	-0.0418921935772	0.0526577259676	-0.039930956875	-0.00765371363409	0.0521844927809	0.00197608242178	-0.0485096126203	-0.0235600281252	-0.00473467308488	0.0106028709281	0.0116741127115	0.0120122946471	-0.00519110506633	-0.0747984817982	-0.0413865063978
