#taxonomy	k__Bacteria;p__Bacteroidetes;c__Bacteroidia;o__Bacteroidales;f__Bacteroidaceae;g__Bacteroides;s__Bacteroides_vulgatus	k__Bacteria;p__Bacteroidetes;c__Bacteroidia;o__Bacteroidales;f__Bacteroidaceae;g__Bacteroides;s__Bacteroides_uniformis	k__Bacteria;p__Bacteroidetes;c__Bacteroidia;o__Bacteroidales;f__Rikenellaceae;g__Alistipes;s__Alistipes_putredinis	k__Bacteria;p__Bacteroidetes;c__Bacteroidia;o__Bacteroidales;f__Prevotellaceae;g__Prevotella;s__Prevotella_copri	k__Bacteria;p__Bacteroidetes;c__Bacteroidia;o__Bacteroidales;f__Bacteroidaceae;g__Bacteroides;s__Bacteroides_stercoris	k__Bacteria;p__Bacteroidetes;c__Bacteroidia;o__Bacteroidales;f__Bacteroidaceae;g__Bacteroides;s__Bacteroides_ovatus	k__Bacteria;p__Bacteroidetes;c__Bacteroidia;o__Bacteroidales;f__Rikenellaceae;g__Alistipes;s__Alistipes_shahii	k__Bacteria;p__Firmicutes;c__Clostridia;o__Clostridiales;f__Ruminococcaceae;g__Faecalibacterium;s__Faecalibacterium_prausnitzii	k__Bacteria;p__Bacteroidetes;c__Bacteroidia;o__Bacteroidales;f__Rikenellaceae;g__Alistipes;s__Alistipes_finegoldii	k__Bacteria;p__Bacteroidetes;c__Bacteroidia;o__Bacteroidales;f__Porphyromonadaceae;g__Parabacteroides;s__Parabacteroides_distasonis	k__Bacteria;p__Bacteroidetes;c__Bacteroidia;o__Bacteroidales;f__Bacteroidaceae;g__Bacteroides;s__Bacteroides_thetaiotaomicron	k__Bacteria;p__Bacteroidetes;c__Bacteroidia;o__Bacteroidales;f__Bacteroidaceae;g__Bacteroides;s__Bacteroides_coprocola	k__Bacteria;p__Bacteroidetes;c__Bacteroidia;o__Bacteroidales;f__Bacteroidaceae;g__Bacteroides;s__Bacteroides_cellulosilyticus	k__Bacteria;p__Bacteroidetes;c__Bacteroidia;o__Bacteroidales;f__Rikenellaceae;g__Alistipes;s__Alistipes_obesi	k__Bacteria;p__Firmicutes;c__Clostridia;o__Clostridiales;f__Lachnospiraceae;g__;s__[Eubacterium]_rectale	k__Bacteria;p__Bacteroidetes;c__Bacteroidia;o__Bacteroidales;f__Bacteroidaceae;g__Bacteroides;s__Bacteroides_plebeius	k__Bacteria;p__Bacteroidetes;c__Bacteroidia;o__Bacteroidales;f__Bacteroidaceae;g__Bacteroides;s__Bacteroides_fragilis	k__Bacteria;p__Proteobacteria;c__Betaproteobacteria;o__Burkholderiales;f__Sutterellaceae;g__Sutterella;s__Sutterella_wadsworthensis	k__Bacteria;p__Bacteroidetes;c__Bacteroidia;o__Bacteroidales;f__Porphyromonadaceae;g__Barnesiella;s__Barnesiella_intestinihominis	k__Bacteria;p__Bacteroidetes;c__Bacteroidia;o__Bacteroidales;f__Odoribacteraceae;g__Odoribacter;s__Odoribacter_splanchnicus	k__Bacteria;p__Bacteroidetes;c__Bacteroidia;o__Bacteroidales;f__Bacteroidaceae;g__Bacteroides;s__Bacteroides_salyersiae	k__Bacteria;p__Firmicutes;c__Clostridia;o__Clostridiales;f__Ruminococcaceae;g__Ruminiclostridium;s__[Eubacterium]_siraeum	k__Bacteria;p__Proteobacteria;c__Betaproteobacteria;o__Burkholderiales;f__Sutterellaceae;g__Parasutterella;s__Parasutterella_excrementihominis	k__Bacteria;p__Actinobacteria;c__Actinobacteria;o__Bifidobacteriales;f__Bifidobacteriaceae;g__Bifidobacterium;s__Bifidobacterium_adolescentis	k__Bacteria;p__Firmicutes;c__Clostridia;o__Clostridiales;f__Oscillospiraceae;g__Oscillibacter;s__Oscillibacter_sp._KLE_1745	k__Bacteria;p__Bacteroidetes;c__Bacteroidia;o__Bacteroidales;f__Bacteroidaceae;g__Bacteroides;s__Bacteroides_coprophilus	k__Bacteria;p__Firmicutes;c__Clostridia;o__Clostridiales;f__Lachnospiraceae;g__Roseburia;s__Roseburia_intestinalis	k__Bacteria;p__Firmicutes;c__Clostridia;o__Clostridiales;f__Lachnospiraceae;g__Roseburia;s__Roseburia_hominis	k__Bacteria;p__Bacteroidetes;c__Bacteroidia;o__Bacteroidales;f__Porphyromonadaceae;g__Parabacteroides;s__Parabacteroides_johnsonii	k__Bacteria;p__Actinobacteria;c__Actinobacteria;o__Bifidobacteriales;f__Bifidobacteriaceae;g__Bifidobacterium;s__Bifidobacterium_longum	k__Bacteria;p__Firmicutes;c__Clostridia;o__Clostridiales;f__;g__Flavonifractor;s__Flavonifractor_plautii	k__Bacteria;p__Firmicutes;c__Clostridia;o__Clostridiales;f__Clostridiaceae;g__Clostridium;s__Clostridium_phoceensis	k__Bacteria;p__Verrucomicrobia;c__Verrucomicrobiae;o__Verrucomicrobiales;f__Akkermansiaceae;g__Akkermansia;s__Akkermansia_muciniphila	k__Bacteria;p__Bacteroidetes;c__Bacteroidia;o__Bacteroidales;f__Prevotellaceae;g__Paraprevotella;s__Paraprevotella_xylaniphila	k__Bacteria;p__Firmicutes;c__Clostridia;o__Clostridiales;f__Ruminococcaceae;g__Ruminococcus;s__Ruminococcus_callidus	k__Bacteria;p__Bacteroidetes;c__Bacteroidia;o__Bacteroidales;f__Rikenellaceae;g__Alistipes;s__Alistipes_senegalensis	k__Bacteria;p__Firmicutes;c__Clostridia;o__Clostridiales;f__Lachnospiraceae;g__Blautia;s__Blautia_sp._KLE_1732	k__Bacteria;p__Bacteroidetes;c__Bacteroidia;o__Bacteroidales;f__Bacteroidaceae;g__Bacteroides;s__Bacteroides_oleiciplenus	k__Bacteria;p__Firmicutes;c__Clostridia;o__Clostridiales;f__Ruminococcaceae;g__Ruminococcus;s__Ruminococcus_bicirculans	k__Bacteria;p__Bacteroidetes;c__Bacteroidia;o__Bacteroidales;f__Bacteroidaceae;g__Bacteroides;s__Bacteroides_fluxus	k__Bacteria;p__Bacteroidetes;c__Bacteroidia;o__Bacteroidales;f__Prevotellaceae;g__Prevotella;s__Prevotella_stercorea	k__Bacteria;p__Firmicutes;c__Clostridia;o__Clostridiales;f__Lachnospiraceae;g__Dorea;s__Dorea_longicatena	k__Bacteria;p__Firmicutes;c__Clostridia;o__Clostridiales;f__Eubacteriaceae;g__Eubacterium;s__[Eubacterium]_eligens	k__Bacteria;p__Firmicutes;c__Clostridia;o__Clostridiales;f__Ruminococcaceae;g__;s__Ruminococcaceae_bacterium_D16	k__Bacteria;p__Firmicutes;c__Clostridia;o__Clostridiales;f__Lachnospiraceae;g__Coprococcus;s__Coprococcus_comes	k__Bacteria;p__Proteobacteria;c__Gammaproteobacteria;o__Enterobacterales;f__Enterobacteriaceae;g__Escherichia;s__Escherichia_coli	k__Bacteria;p__Firmicutes;c__Clostridia;o__Clostridiales;f__Ruminococcaceae;g__Anaerotruncus;s__Anaerotruncus_colihominis	k__Bacteria;p__Firmicutes;c__Clostridia;o__Clostridiales;f__Lachnospiraceae;g__Blautia;s__Blautia_obeum	k__Bacteria;p__Bacteroidetes;c__Bacteroidia;o__Bacteroidales;f__Odoribacteraceae;g__Odoribacter;s__Odoribacter_laneus	k__Bacteria;p__Firmicutes;c__Clostridia;o__Clostridiales;f__Ruminococcaceae;g__Ruminiclostridium;s__[Clostridium]_leptum	k__Bacteria;p__Bacteroidetes;c__Bacteroidia;o__Bacteroidales;f__Porphyromonadaceae;g__Parabacteroides;s__Parabacteroides_goldsteinii	k__Bacteria;p__Firmicutes;c__Clostridia;o__Clostridiales;f__Lachnospiraceae;g__Anaerostipes;s__Anaerostipes_hadrus	k__Bacteria;p__Firmicutes;c__Clostridia;o__Clostridiales;f__Ruminococcaceae;g__Ruminococcus;s__Ruminococcus_lactaris	k__Bacteria;p__Firmicutes;c__Clostridia;o__Clostridiales;f__Clostridiaceae;g__Clostridium;s__Clostridium_sp._L2-50	k__Bacteria;p__Firmicutes;c__Clostridia;o__Clostridiales;f__Clostridiaceae;g__Clostridium;s__Clostridium_sp._M62/1	k__Bacteria;p__Firmicutes;c__Clostridia;o__Clostridiales;f__;g__Intestinimonas;s__Intestinimonas_butyriciproducens	k__Bacteria;p__Actinobacteria;c__Actinobacteria;o__Bifidobacteriales;f__Bifidobacteriaceae;g__Bifidobacterium;s__Bifidobacterium_bifidum	k__Bacteria;p__Firmicutes;c__Negativicutes;o__Veillonellales;f__Veillonellaceae;g__Dialister;s__Dialister_invisus	k__Bacteria;p__Bacteroidetes;c__Bacteroidia;o__Bacteroidales;f__Bacteroidaceae;g__Bacteroides;s__Bacteroides_salanitronis
k__Bacteria;p__Bacteroidetes;c__Bacteroidia;o__Bacteroidales;f__Bacteroidaceae;g__Bacteroides;s__Bacteroides_vulgatus	1.0	0.0288409991111	-0.00846696266417	-0.0224151861118	-0.042481013767	-0.0599429905816	-0.0114832439033	-0.00131674263406	-0.0245561074441	-0.00201992281748	0.00906877997327	-0.0356036111299	-0.00898236065204	-0.0435349509979	0.061249370957	0.0449311259637	-0.0402231989079	-0.0331850666436	0.0381953717349	-0.0673045321328	-0.0715383616925	0.0197676403027	-0.0161481099964	0.0255320636447	0.0271716070816	0.0425811216179	-0.015833819369	0.0185286217221	0.00112977971662	-0.00708218682779	0.00719215345921	-0.032791603813	0.0166552379397	0.0360778829289	-0.0183736128773	-0.0416819317567	0.0683407436188	-0.0177636975013	0.0411306616205	0.0251699077053	-0.00736589039219	-0.0330737453745	0.00821378345966	0.00999122786333	-0.0558358662663	0.0510427299316	-0.0452747047599	0.0518870828828	-0.00487920719361	0.0127565332339	-0.0112063692502	0.0829202860129	0.0395296006281	-0.0805839810538	-0.0198598716861	0.0426157614503	0.00526464764633	-0.00792829621456	0.0156938466817
k__Bacteria;p__Bacteroidetes;c__Bacteroidia;o__Bacteroidales;f__Bacteroidaceae;g__Bacteroides;s__Bacteroides_uniformis	0.0288409991111	1.0	-0.0177537841763	-0.0244719606655	0.00746322819066	0.0608423597147	-0.029580100232	-0.0067562489308	0.0246726161255	-0.0514615507207	-0.0268685439308	0.0464265403932	-0.0555622167715	-0.0115366609189	-0.0583949125493	0.020815860576	-0.015323590557	0.0275283333462	-0.0545399556301	-0.0211492207485	-0.02042634548	-0.0912366707311	0.080309259275	0.00744005973976	-0.0420719002914	0.0265372799675	0.00673559807656	0.0383613362572	-0.0883433108194	-0.0169262047957	0.0377157825953	0.0107799499081	-0.0970600790648	0.0549835202677	-0.036289348468	-0.0261069600304	-0.0226802439739	0.0275732715408	-0.0404735222285	-0.0573132719803	-0.0179510679813	-0.0183376769692	-0.00501853892404	0.0257817814605	0.0381392386873	-0.104316140173	0.0750619779783	-0.00352888880892	-0.0507096119886	0.0191660120167	-0.039374947307	-0.0574084814596	-0.0486418390733	0.00278030930005	-0.0605362800317	-0.00902293997988	-0.0136489441651	-0.0249182369839	-0.0359936856395
k__Bacteria;p__Bacteroidetes;c__Bacteroidia;o__Bacteroidales;f__Rikenellaceae;g__Alistipes;s__Alistipes_putredinis	-0.00846696266417	-0.0177537841763	1.0	-0.034192111847	0.0480902447211	-0.0336788547776	-0.0163663291901	0.0132998430011	0.00255797074549	0.0239350861037	-0.0322715077526	-0.0318608809923	0.0289939481029	-0.0755833743363	-0.0504368908304	-0.0185929027032	-0.0488851770746	0.0349980048953	0.0798813765095	-0.0412925263974	0.0382653962069	0.0456470747789	-0.0435585247148	0.0334754591472	0.0205586490633	-0.0807680960631	0.00757333254342	0.0292791557694	-0.0927778665835	0.00387885276941	-0.033036419986	0.0392994502798	-0.007120554782	0.0115354673046	-0.0467731584389	0.0399322349194	0.00187234866758	0.0218246970832	-0.0274056851584	-0.0305746863588	-0.040968107873	-0.0128595221787	-0.0547143282162	0.0169326001722	0.00386937489508	-0.0363089141231	0.0464443066069	0.0648063159007	-0.0284620250779	0.0250377438236	0.0183422193722	0.033092112258	-0.0230303746371	-0.021748905557	-0.0441734565148	0.0456407809029	-0.0432192986691	-0.0107126375513	-0.029833883053
k__Bacteria;p__Bacteroidetes;c__Bacteroidia;o__Bacteroidales;f__Prevotellaceae;g__Prevotella;s__Prevotella_copri	-0.0224151861118	-0.0244719606655	-0.034192111847	1.0	0.0132887048197	-0.00713121915119	0.0140657857467	0.00450101675788	0.0190921739026	0.0186648546984	-0.0523619254027	0.00380142626462	-0.0525454002791	-0.00355839048258	-0.0529693996563	-0.00572604171016	-0.0596635500061	-0.0183677274627	0.00368450608101	0.0155110642653	-0.0581204330132	-0.0128759107974	0.0126464347026	-0.0398371103034	-0.0517814168948	0.00153738080751	-0.00875470716295	0.0590749071809	-0.0537781565608	0.00819574745262	-0.0621919257377	-0.0237939748571	-0.0480617327605	0.018488036285	-0.0177172811611	-0.0272686633997	-0.0298912172823	0.000484519837664	-0.0140008466795	-0.0130199147412	0.0558452085837	-0.0803105267905	-0.00286615388402	-0.0235301829631	-0.0651851104182	-0.0283269512564	0.0163082093149	0.118034604868	0.0644002714476	-0.0565241695774	0.00716076540107	-0.0403396037583	-0.00915059283327	-0.0399956151372	0.0127970399337	-0.0191657164657	-0.0222948144982	-0.00786503634091	0.0548539248797
k__Bacteria;p__Bacteroidetes;c__Bacteroidia;o__Bacteroidales;f__Bacteroidaceae;g__Bacteroides;s__Bacteroides_stercoris	-0.042481013767	0.00746322819066	0.0480902447211	0.0132887048197	1.0	-0.0422955105608	-0.0378299811796	0.0593383721802	-0.0108583406168	0.0304110531451	0.0580781402958	0.0130118342794	0.0126554800142	0.0249968815523	0.0520376895235	-0.0345608241802	0.00241951519785	-0.000181355229908	-0.0456157482371	0.0247025375938	-0.0745134741226	0.053999999647	0.0146686693474	-0.0070875096169	-0.0401234116964	0.00271230069004	0.0862213389038	-0.0366305949636	-0.0579237601587	0.0659635990685	-0.0529647582827	-0.0368657726454	0.0280760984582	-0.0538332074163	0.00015398834553	-0.0544471654266	-0.0462813687747	-0.0360296474655	0.00108112294406	0.0455780276503	0.0404240883211	-0.00297725481018	0.048277027377	-0.017688369859	-0.0722175839682	0.00370068744597	-0.0125133983682	-0.102396906235	-0.00375742069696	0.0278122047587	-0.0523945059615	-0.0115327699443	0.00405283810673	-0.0490902089267	0.0620052156545	-0.043863215043	-0.100285856177	-0.0282222260548	-0.0360515816704
k__Bacteria;p__Bacteroidetes;c__Bacteroidia;o__Bacteroidales;f__Bacteroidaceae;g__Bacteroides;s__Bacteroides_ovatus	-0.0599429905816	0.0608423597147	-0.0336788547776	-0.00713121915119	-0.0422955105608	1.0	-0.0179967922826	-0.0690325319569	-0.00148937691783	-0.0404555383662	0.0146916033822	0.068442144204	0.0113141283567	0.00731866709198	-0.0110164205334	0.0330222022951	0.0531664498843	-0.0242635716321	-0.0147863205291	-0.0399239023747	-0.0129665282551	0.0395597468761	0.0628853268054	-0.0314586171884	-0.0227812530378	-0.0735986968919	-0.0316381555081	0.0260935408313	-0.0140589122019	0.0211369795024	0.0422417919449	-0.014483566577	-0.0441835225732	0.0433879669433	9.48160161133e-05	-0.0432774726274	0.0241179120201	-0.0242440299302	-0.0293474156218	-0.0259206346178	-0.0110532383037	0.0423816812758	-0.061940747266	0.0199909329593	-0.00734393104212	0.0677990678017	-0.039651432516	-0.0218096395772	-0.00806315854366	-0.0330486418602	-0.0115070710551	0.0416086956575	0.0202749254502	0.0244332992588	0.0224678491173	0.00462840371981	0.00441838330668	-0.0110627820856	-0.0534825156846
k__Bacteria;p__Bacteroidetes;c__Bacteroidia;o__Bacteroidales;f__Rikenellaceae;g__Alistipes;s__Alistipes_shahii	-0.0114832439033	-0.029580100232	-0.0163663291901	0.0140657857467	-0.0378299811796	-0.0179967922826	1.0	0.0668675870428	0.0212335187948	0.0296862056124	-0.005760896441	0.0692211200445	-0.0455446040085	-0.0400757755204	0.098548792252	-0.0447251385329	-0.0515696860569	0.0310829992371	0.0891764804221	0.016371351753	0.0366038782746	-0.0153791770351	-0.0240138263578	-0.0126538158603	-0.00178210088326	-0.0690825474538	-0.00771909093234	0.00318732077481	0.00963125919513	0.0508232727261	0.0633724659038	0.0165421005271	-0.0355252985398	-0.0547423710694	-0.0927270185285	0.0129963652055	0.046332928016	-0.0215765608549	-0.0378663545662	0.0157441788071	0.00287015794739	0.0571056185606	-0.00823423715221	0.00590475349542	-0.0742561678659	-0.0518992721098	0.0514828414083	-0.0231735689324	0.0147349143536	-0.0312219775751	0.00893299193848	-0.0406530417342	-0.0993205751804	-0.0524491491352	0.0597061304465	0.0149748151687	0.00784127179575	0.0298548842026	0.0377275176647
k__Bacteria;p__Firmicutes;c__Clostridia;o__Clostridiales;f__Ruminococcaceae;g__Faecalibacterium;s__Faecalibacterium_prausnitzii	-0.00131674263406	-0.0067562489308	0.0132998430011	0.00450101675788	0.0593383721802	-0.0690325319569	0.0668675870428	1.0	0.00711255711744	0.00192010143665	0.0474682450334	-0.0074301839681	0.000976248197088	0.032831744554	0.0601824978709	0.00111351903183	-0.00742718625592	0.043808339967	0.0490491934869	-0.0465859516368	-0.00462072164229	-0.0020955291922	0.0154399226609	-0.000410904772136	-0.00963618246394	-0.0375186916554	0.0174487805348	0.0176801523341	-0.0491370721238	-0.0277550950668	-0.0496987062748	0.0133977401852	-0.0177545863085	0.0149475274072	0.0222731464393	-0.0499037090924	-0.0507466640184	-0.0315971433314	-0.0317945485284	0.023296601683	-0.0605719918638	0.00668740822052	-0.00682383275091	-0.0581818048499	-0.0331389548959	-0.075147992438	0.0302989732993	-0.0862525413513	-0.0114805977153	0.0071851802962	-0.043634295841	0.0181924826147	-0.0732236654919	0.0240639326944	-0.00466610739342	-0.0551496362449	-0.0348394070435	-0.0120821122879	0.00334126406652
k__Bacteria;p__Bacteroidetes;c__Bacteroidia;o__Bacteroidales;f__Rikenellaceae;g__Alistipes;s__Alistipes_finegoldii	-0.0245561074441	0.0246726161255	0.00255797074549	0.0190921739026	-0.0108583406168	-0.00148937691783	0.0212335187948	0.00711255711744	1.0	0.00843364154452	-0.0289297871221	0.0119688787864	-0.0206998880292	-0.0623746050169	0.0269482721533	-0.0121789011098	-0.0574025299245	0.00534829484011	0.0230818209427	0.00311622533648	0.0101130128597	-0.00266356200764	-0.0169513296999	-0.0484652861397	0.0247594595031	0.0170710597754	-0.0195496317034	-0.0376715735299	-0.0212361344304	-0.0213761754141	-0.00524073607441	-0.0243435415702	-0.0346622727229	-0.034771835244	0.0568422596339	0.0111422071285	0.0150133170222	-0.0397987841242	-0.0509464478931	-0.00253235288821	0.0291278637159	-0.0738749162173	0.0477503150744	-0.00731001620278	0.0168938908027	0.0391228972534	0.0317441528765	-0.066727186283	-0.0235626028977	-0.0217227780551	0.0182117116287	-0.0477580504869	0.00900441386353	0.0337767882071	-0.0162086059331	-0.0187979942471	-0.0373344345466	-0.0118056500647	0.00432742263816
k__Bacteria;p__Bacteroidetes;c__Bacteroidia;o__Bacteroidales;f__Porphyromonadaceae;g__Parabacteroides;s__Parabacteroides_distasonis	-0.00201992281748	-0.0514615507207	0.0239350861037	0.0186648546984	0.0304110531451	-0.0404555383662	0.0296862056124	0.00192010143665	0.00843364154452	1.0	0.0470447209013	-0.0505822284641	0.0191041336676	-0.00160642327856	0.0428341692256	-0.0221350830252	-0.00971399543961	0.00308905542188	-0.0131059192031	0.00603246483367	0.0489638086938	0.041344744204	0.00206585647529	-0.000817990718588	0.013458394827	-0.0158611189354	-0.103662341581	-0.00119697701224	0.0222243313357	0.00451052396635	0.020759649499	-0.0169210879928	-0.103818426185	-0.0255521954852	-0.00434895622175	-0.0574046188053	-0.0168487231261	-0.0424944796004	-0.033638836303	-0.00987500472219	0.0329972127206	-0.047357185937	-0.0354370019814	0.0471715827459	0.00186781118294	0.0217528956594	0.00606566825448	-0.0239995132947	-0.0161395358248	-0.038066642247	0.0185181595774	-0.029913595538	0.0291795089933	-0.000990655731771	0.00792833770941	-0.0255898861836	0.0328321286024	0.0301629600226	-0.0493606331732
k__Bacteria;p__Bacteroidetes;c__Bacteroidia;o__Bacteroidales;f__Bacteroidaceae;g__Bacteroides;s__Bacteroides_thetaiotaomicron	0.00906877997327	-0.0268685439308	-0.0322715077526	-0.0523619254027	0.0580781402958	0.0146916033822	-0.005760896441	0.0474682450334	-0.0289297871221	0.0470447209013	1.0	-0.0406860643951	-0.00563832909357	0.0464884353382	0.0319640788728	-0.0612834243453	-0.0115076243769	0.0106194026678	-0.0116073516346	0.02364660208	-0.0241481194858	-0.0040069653685	-0.0716933992562	-0.0261538833622	-0.0438138693022	-0.0318900835371	0.017020113502	-0.0429850042724	0.0129730079485	0.0268268895388	-0.0248096101336	0.0587067739757	0.0775498974767	-0.00487159193466	-0.0226400246629	-0.0108938555147	-0.0472561489012	-0.0234041449972	-0.0067331729509	0.0723950199326	-0.0296189991983	-0.0592817959512	0.00929011172913	-0.0359170702884	-0.0109650801462	0.0217775712698	-0.0537334713883	0.0390884546666	-0.0266539650005	0.0255691036326	0.0126270248246	-0.0438850368351	-0.0774140904925	-0.016611347917	-0.0215403318362	-0.0129186488483	0.0313204621726	0.0192868576302	-0.049927202351
k__Bacteria;p__Bacteroidetes;c__Bacteroidia;o__Bacteroidales;f__Bacteroidaceae;g__Bacteroides;s__Bacteroides_coprocola	-0.0356036111299	0.0464265403932	-0.0318608809923	0.00380142626462	0.0130118342794	0.068442144204	0.0692211200445	-0.0074301839681	0.0119688787864	-0.0505822284641	-0.0406860643951	1.0	0.0209253884942	-0.029636821758	-0.040029971843	-0.0406639703809	-0.00224179211132	-0.0424021876371	0.0300619259563	-0.00098451129694	-0.0450189621665	0.0129301140178	0.0066341257078	-0.0408520122649	-0.0774844155813	0.0192629734181	-0.0252674459631	-0.0320271052427	-0.0487185748256	-0.055958546605	-0.0546561605981	-0.0177317279179	-0.0381715743755	0.0412462457974	0.00650705434228	0.0195923342372	-0.0512063475922	-0.00059119369042	0.0357226456407	0.0350364779642	-0.00226035546085	-0.021707497722	-0.0329523827362	-0.0265394797173	-0.0180901713318	0.00448012536923	-0.00647870109684	0.03866227971	0.0287077907282	0.0126653243536	0.0238179177252	-0.0675821703383	0.0538518063149	0.00799206803961	0.0123885807841	-0.0154553092076	-0.00316527248708	-0.0370340667894	-0.0193093539164
k__Bacteria;p__Bacteroidetes;c__Bacteroidia;o__Bacteroidales;f__Bacteroidaceae;g__Bacteroides;s__Bacteroides_cellulosilyticus	-0.00898236065204	-0.0555622167715	0.0289939481029	-0.0525454002791	0.0126554800142	0.0113141283567	-0.0455446040085	0.000976248197089	-0.0206998880292	0.0191041336676	-0.00563832909357	0.0209253884942	1.0	-0.0356002607287	-0.000715597212478	-0.0376101178763	0.0343843677712	-0.019500585001	-0.0627008971504	0.0276929702286	-0.00788255113973	0.0611629232626	0.000218289297554	-0.0424935605332	-0.00539934738413	-0.0152840853173	-0.0337870766983	-0.024781605138	0.0540406992468	0.0365573512578	-0.0354075598542	-0.0221232346336	-0.0125002726338	0.0579621656723	0.0308343897139	0.0479491189818	0.0124274047292	0.0241392185226	-0.0486854846315	-0.0364405115982	-0.0664523096304	0.00165300391841	0.00494261087243	0.00819396314213	-0.0406946588781	0.0110043459603	-0.0503933779677	-0.0545738515149	-0.00604299766396	-0.0307269104126	-0.00209749283408	-0.0547579943868	0.0204812330675	0.00273766586809	-0.0378013512447	-0.0516384347515	-0.00155071616817	-0.0404904634111	-0.00270307680906
k__Bacteria;p__Bacteroidetes;c__Bacteroidia;o__Bacteroidales;f__Rikenellaceae;g__Alistipes;s__Alistipes_obesi	-0.0435349509979	-0.0115366609189	-0.0755833743363	-0.00355839048258	0.0249968815523	0.00731866709198	-0.0400757755204	0.032831744554	-0.0623746050169	-0.00160642327856	0.0464884353382	-0.029636821758	-0.0356002607287	1.0	-0.0196083322464	-0.00907828702312	0.00983196148269	-0.0825381055864	-0.000183100828489	-0.0440031832961	0.0188487284444	0.00524252506464	-0.0423329293246	-0.00320281928483	-0.0598816685212	0.00195179026004	0.017693175201	-0.0156496470821	0.028428676816	0.0176979107013	0.0123373443059	-0.067836059197	0.0281658650146	0.0044664655244	0.0305669604549	-0.0599388484971	-0.0384225658797	0.0561730449821	0.00847438831968	-0.0212077136766	0.00226797532774	0.0427092210102	-0.00125870851998	-0.0321054737217	0.00333657448181	-0.0110786525195	-0.00819982781705	0.0042952006822	-0.062560295517	0.0412064126629	-0.0163928744593	0.0754474444007	-0.0800095535292	0.0377615302888	0.0268696462858	-0.0913647300083	0.0290211817106	0.00883729746063	-0.0134720925534
k__Bacteria;p__Firmicutes;c__Clostridia;o__Clostridiales;f__Lachnospiraceae;g__;s__[Eubacterium]_rectale	0.061249370957	-0.0583949125493	-0.0504368908304	-0.0529693996563	0.0520376895235	-0.0110164205334	0.098548792252	0.0601824978709	0.0269482721533	0.0428341692256	0.0319640788728	-0.040029971843	-0.000715597212478	-0.0196083322464	1.0	-0.00559823712281	-0.00661873978804	-0.0569434711975	-0.0120809316371	0.0295029064473	0.0299733310534	0.034697502106	-0.0297501153227	0.0408593114037	0.0313683219271	0.0262305963796	0.0142979934022	-0.02332269169	0.0144617772878	-0.0128162311723	0.0591102180278	-0.00890879738746	0.0114548569404	-0.0619133760554	0.0358878959713	0.005758430184	0.00605168394791	0.0380146185565	-0.0956403967462	-0.0495236402418	-0.0260190739705	-0.0301523502662	-0.0192530306492	-0.0275476176845	-0.0669662881077	0.0221084439955	-0.0115492099614	-0.0734764562513	-0.0170670240467	-0.030215236169	-0.0711098208307	0.0297697414589	-0.00725090209574	-0.00110990373082	-0.0469903543823	-0.00959748603662	0.00498125672321	-0.0495923236467	-0.0564780885473
k__Bacteria;p__Bacteroidetes;c__Bacteroidia;o__Bacteroidales;f__Bacteroidaceae;g__Bacteroides;s__Bacteroides_plebeius	0.0449311259637	0.020815860576	-0.0185929027032	-0.00572604171016	-0.0345608241802	0.0330222022951	-0.0447251385329	0.00111351903183	-0.0121789011098	-0.0221350830252	-0.0612834243453	-0.0406639703809	-0.0376101178763	-0.00907828702312	-0.00559823712281	1.0	-0.00882757288388	-0.0323358505693	-0.0331375142939	-0.0331436305962	0.0689839415996	0.0428600004019	0.0584137821534	-0.0188825183379	-0.0276861948971	0.0259262838673	0.0150613439088	0.058783931416	-0.0643879372856	-0.00684769151816	-0.0281067538707	0.065390558232	0.0431042774591	0.0107165815188	-0.0535404195966	0.0424495240176	0.0541953555675	-0.0157886402255	-0.0322604949441	0.0677612153651	0.0437015482115	0.0336311889751	0.035013201815	-0.0157892840295	-0.0419250256809	-0.0471763285092	-0.0687604605825	-0.0372814310708	0.00746811556127	-0.062931342288	-0.0201630893565	0.0689255275464	-0.0605521209009	0.0210451966784	-0.0212786150776	0.00724647558306	-0.0618129332135	0.0114300305148	0.0447770506693
k__Bacteria;p__Bacteroidetes;c__Bacteroidia;o__Bacteroidales;f__Bacteroidaceae;g__Bacteroides;s__Bacteroides_fragilis	-0.0402231989079	-0.015323590557	-0.0488851770746	-0.0596635500061	0.00241951519785	0.0531664498843	-0.0515696860569	-0.00742718625592	-0.0574025299245	-0.00971399543961	-0.0115076243769	-0.00224179211132	0.0343843677712	0.00983196148269	-0.00661873978804	-0.00882757288388	1.0	0.00425118938026	-0.0043381064842	0.0578960657282	-0.0844587469444	0.0576693359424	0.00108188148981	-0.0624289047322	0.0330097579138	0.00976978737435	0.0726075000819	-0.0567102761864	0.00934747328213	-0.0664354442229	-0.0127155873371	-0.0126446941338	0.00418243509862	-0.0127673160472	0.0717144091176	0.0296371637936	-0.0206924728329	0.0105703209221	-0.029038046957	0.0103068602735	0.0400225276045	-0.0354221559454	-0.0861492027811	0.0643466997188	0.0136934580433	-0.0124518880941	0.0515580784602	-0.0797379177896	-0.00918257209499	0.0402276325805	-0.00988505538875	0.0235676426552	0.000265609839637	0.0819721377033	0.000819346817738	0.0062450945019	-0.0543499149336	-0.017392441589	0.000848189391266
k__Bacteria;p__Proteobacteria;c__Betaproteobacteria;o__Burkholderiales;f__Sutterellaceae;g__Sutterella;s__Sutterella_wadsworthensis	-0.0331850666436	0.0275283333462	0.0349980048953	-0.0183677274627	-0.000181355229908	-0.0242635716321	0.0310829992371	0.043808339967	0.00534829484011	0.00308905542188	0.0106194026678	-0.0424021876371	-0.019500585001	-0.0825381055864	-0.0569434711975	-0.0323358505693	0.00425118938026	1.0	-0.00912490661507	0.0721343437479	0.0277125297134	-0.0233905218351	0.0141240167125	0.0552415274981	0.0296274345895	-0.0247767769871	-0.0350272183228	-0.0481307693496	-0.058179473067	-0.106954134706	-0.00209163826668	-0.000358581365914	-0.0449254171731	0.0318790474973	-0.0209374827223	-0.0132070358404	0.0516072048596	-0.0339552281452	0.0343837235657	-0.0415259528033	-0.0178946931899	-0.0932555981555	-0.0457875121499	-0.0176571641197	-0.00995959263556	-0.0352589967256	0.00980195273723	-0.0414071223966	-0.08488691068	-0.0240554798336	0.0828638416828	0.0376133560265	0.020200312174	0.00358112439908	-0.0214179304556	0.0368274699701	-0.00499155861956	-0.0684844541769	0.0683416041229
k__Bacteria;p__Bacteroidetes;c__Bacteroidia;o__Bacteroidales;f__Porphyromonadaceae;g__Barnesiella;s__Barnesiella_intestinihominis	0.0381953717349	-0.0545399556301	0.0798813765095	0.00368450608101	-0.0456157482371	-0.0147863205291	0.0891764804221	0.0490491934869	0.0230818209427	-0.0131059192031	-0.0116073516346	0.0300619259563	-0.0627008971504	-0.000183100828489	-0.0120809316371	-0.0331375142939	-0.0043381064842	-0.00912490661507	1.0	0.00587355370491	-0.0274352575853	-0.0689986823	-0.0398248641134	-0.00784592541438	-0.0268242488583	0.0319443632688	0.019224868759	-0.0342197923774	0.000157216117064	-0.0128971910887	-0.0463758709458	-0.0433176693393	0.054449051112	8.1980863271e-05	-0.0514873494605	-0.0521157568937	-0.042909756414	-0.033524854441	-0.0139544708134	0.0233339278802	-0.0542669666648	0.0046121503746	-0.0118773789299	-0.0213043020543	-0.0382501693213	0.0566203707734	0.0122485287158	0.0035474534099	-0.0357368538952	0.00709883721296	-0.0160862143373	-0.0337642023728	-0.0195695981627	0.0552916904792	0.0386649713553	0.0191548002439	-0.0126971153028	-0.00881072668021	-0.0968385078069
k__Bacteria;p__Bacteroidetes;c__Bacteroidia;o__Bacteroidales;f__Odoribacteraceae;g__Odoribacter;s__Odoribacter_splanchnicus	-0.0673045321328	-0.0211492207485	-0.0412925263974	0.0155110642653	0.0247025375938	-0.0399239023747	0.016371351753	-0.0465859516368	0.00311622533648	0.00603246483367	0.02364660208	-0.00098451129694	0.0276929702286	-0.0440031832961	0.0295029064473	-0.0331436305962	0.0578960657282	0.0721343437479	0.00587355370491	1.0	-0.0170246564015	-0.0378582043868	-0.0823015249036	0.0357795492366	-0.0162942769344	-0.0271010778666	0.0345767380757	-0.0120878977199	0.0136770012889	-0.0205644602044	-0.038460328875	0.025968363323	0.022499969942	0.00604345283532	-0.0963947325351	-0.0630179852687	-0.0304977118713	-0.0629173001998	0.000563943838511	-0.0746493619223	0.000225637365815	0.0314177025419	-0.0172853928523	0.0115585325678	-9.39948149668e-05	0.00152946915231	0.0308937896037	-0.035422553101	-0.0151348688063	-0.0204577897085	0.0196762484648	0.0149082426905	-0.0110167937638	-0.023011071641	-0.00689418785304	0.0637266425403	0.00584528141674	-0.0623329315461	0.00350287437102
k__Bacteria;p__Bacteroidetes;c__Bacteroidia;o__Bacteroidales;f__Bacteroidaceae;g__Bacteroides;s__Bacteroides_salyersiae	-0.0715383616925	-0.02042634548	0.0382653962069	-0.0581204330132	-0.0745134741226	-0.0129665282551	0.0366038782746	-0.00462072164229	0.0101130128597	0.0489638086938	-0.0241481194858	-0.0450189621665	-0.00788255113973	0.0188487284444	0.0299733310534	0.0689839415996	-0.0844587469444	0.0277125297134	-0.0274352575853	-0.0170246564015	1.0	0.0248725937171	-0.0111940755052	0.0623112566762	0.0193432407028	-0.0425779086123	0.035460611286	0.00746674565408	0.0294299610775	0.0611268156841	-0.0219570708348	0.00572908833899	0.0290086281679	-0.089601006619	-0.0263770100708	0.0337841287342	0.0180285023647	0.0263520298805	0.015779910236	0.00925136452668	-0.0316689915944	-0.0101009084116	0.01994179168	-0.036527371731	-0.0243728309792	0.0420376380787	-0.059933488222	-0.0231460842326	0.0349264835558	0.032253948647	-0.000675147802677	-0.0565805670391	-0.111211277015	-0.0218787904447	-0.0306811708334	-0.0456534434181	0.0103140439554	-0.0173896901588	-0.0384799398606
k__Bacteria;p__Firmicutes;c__Clostridia;o__Clostridiales;f__Ruminococcaceae;g__Ruminiclostridium;s__[Eubacterium]_siraeum	0.0197676403027	-0.0912366707311	0.0456470747789	-0.0128759107974	0.053999999647	0.0395597468761	-0.0153791770351	-0.0020955291922	-0.00266356200764	0.041344744204	-0.0040069653685	0.0129301140178	0.0611629232626	0.00524252506464	0.034697502106	0.0428600004019	0.0576693359424	-0.0233905218351	-0.0689986823	-0.0378582043868	0.0248725937171	1.0	0.00439085113138	0.0125994117514	0.0192504658383	0.0241725020332	-0.0824820125748	-0.00273545174321	-0.0617958315233	-0.0818008905477	0.0208385088559	0.0343845187894	-0.00377187928389	-0.0961230778342	-0.0455752001879	0.0604724281182	0.0323713917494	0.0333663266474	-0.0372544599259	0.00792924380379	-0.0771289897636	0.0239496961543	-0.0559030184697	0.0193068643669	-0.0404312558191	0.0312545161716	0.0189590395417	-0.00482920886867	0.00130622622639	-0.0105851714733	-0.0211874414725	-0.0245299082844	0.0384063503299	0.0192279316244	0.00224176446439	-0.0576759082303	0.040595110791	-0.0786185090719	0.00153218292297
k__Bacteria;p__Proteobacteria;c__Betaproteobacteria;o__Burkholderiales;f__Sutterellaceae;g__Parasutterella;s__Parasutterella_excrementihominis	-0.0161481099964	0.080309259275	-0.0435585247148	0.0126464347026	0.0146686693474	0.0628853268054	-0.0240138263578	0.0154399226609	-0.0169513296999	0.00206585647529	-0.0716933992562	0.0066341257078	0.000218289297554	-0.0423329293246	-0.0297501153227	0.0584137821534	0.00108188148981	0.0141240167125	-0.0398248641134	-0.0823015249036	-0.0111940755052	0.00439085113138	1.0	0.00422996861323	-0.070725977749	-0.029536857675	-0.0247017670609	0.000278233023354	0.0382957154899	0.0482060665056	-0.0555145853571	-0.0541983234467	-0.0376732895645	0.0311868406706	-0.0324970884572	0.00673251963828	-0.0610706634384	0.0171823745781	0.030897959084	0.0124942202457	0.000360393218529	-0.0294516158674	0.036956034497	-0.0347914207657	0.0496527410914	-0.083058525934	-0.053918831605	-0.036681436714	-0.0404205902543	0.0153558030072	0.00844626064822	0.0405955437805	0.0486615299882	0.0255215079936	0.0174462152708	-0.03825040349	-0.00783097710917	-0.0678547079685	-0.0605366591334
k__Bacteria;p__Actinobacteria;c__Actinobacteria;o__Bifidobacteriales;f__Bifidobacteriaceae;g__Bifidobacterium;s__Bifidobacterium_adolescentis	0.0255320636447	0.00744005973976	0.0334754591472	-0.0398371103034	-0.0070875096169	-0.0314586171884	-0.0126538158603	-0.000410904772136	-0.0484652861397	-0.000817990718588	-0.0261538833622	-0.0408520122649	-0.0424935605332	-0.00320281928483	0.0408593114037	-0.0188825183379	-0.0624289047322	0.0552415274981	-0.00784592541438	0.0357795492366	0.0623112566762	0.0125994117514	0.00422996861323	1.0	-0.0114831358779	0.00385486223589	-0.00629472546719	-0.00245620080676	-0.0130230683501	-0.0782286539918	-0.0821861186345	0.00978662983215	0.0246788347117	0.00356185205089	0.00824669523617	-0.060113087274	-0.000665257405206	0.062515101401	-0.0285680719983	-0.0135776773331	-0.00327020734812	-0.0291656603429	-0.118981715195	9.55220745649e-06	0.0277528870959	-0.0277417347986	-0.0618990982027	0.014277399694	-0.0787859001283	0.00525581563551	-0.0222788304485	-0.0318385793421	-0.0298232520067	0.0490414757084	0.0133892893102	0.0191943663911	-0.0577877205785	0.0248474519872	-0.0241075787055
k__Bacteria;p__Firmicutes;c__Clostridia;o__Clostridiales;f__Oscillospiraceae;g__Oscillibacter;s__Oscillibacter_sp._KLE_1745	0.0271716070816	-0.0420719002914	0.0205586490633	-0.0517814168948	-0.0401234116964	-0.0227812530378	-0.00178210088326	-0.00963618246394	0.0247594595031	0.013458394827	-0.0438138693022	-0.0774844155813	-0.00539934738413	-0.0598816685212	0.0313683219271	-0.0276861948971	0.0330097579138	0.0296274345895	-0.0268242488583	-0.0162942769344	0.0193432407028	0.0192504658383	-0.070725977749	-0.0114831358779	1.0	0.0314396039986	0.0185927379642	0.00620511632061	0.00485366487689	-0.071184728958	-0.0180163637425	-0.0102863254028	-0.0262590649118	-0.0293983767963	-0.00547265596304	0.0221796995207	-0.0690271385008	0.0199687380416	-0.0506246548992	-0.0243253653323	-0.0232437816207	0.00372439624742	0.00150564265846	-0.0188629464406	0.0228784126793	0.0406037139093	-0.0702712192034	-0.0461066536779	-0.0421163713207	-0.0234119487327	0.0656552536447	-0.0263885332672	-0.0828572375015	-0.00808274134488	0.00116968073111	-0.00101592179273	0.0757766076517	0.0427242647938	-0.0362662924737
k__Bacteria;p__Bacteroidetes;c__Bacteroidia;o__Bacteroidales;f__Bacteroidaceae;g__Bacteroides;s__Bacteroides_coprophilus	0.0425811216179	0.0265372799675	-0.0807680960631	0.00153738080751	0.00271230069004	-0.0735986968919	-0.0690825474538	-0.0375186916554	0.0170710597754	-0.0158611189354	-0.0318900835371	0.0192629734181	-0.0152840853173	0.00195179026004	0.0262305963796	0.0259262838673	0.00976978737435	-0.0247767769871	0.0319443632688	-0.0271010778666	-0.0425779086123	0.0241725020332	-0.029536857675	0.00385486223589	0.0314396039986	1.0	0.0294101255971	-0.0448971741301	0.112979024634	-0.0298175010801	-0.044836452486	-0.0784852026216	0.0151912134983	-0.026024945973	0.0620075909817	0.00280876645282	-0.0053767451484	0.0732943019962	-0.0380355825254	-0.0434960452663	-0.0731265715011	0.0033234713319	-0.00509328679617	-0.0226305348395	0.0682035542301	-0.0107639354962	-0.0390569066347	0.0448628437048	-0.0125028864476	-0.0644012627545	0.0104834595468	0.0189635820631	-0.0396671671636	-0.0119471820214	0.0481762870629	-0.0657317248859	-0.00421120958273	0.0552130123495	0.00134480802188
k__Bacteria;p__Firmicutes;c__Clostridia;o__Clostridiales;f__Lachnospiraceae;g__Roseburia;s__Roseburia_intestinalis	-0.015833819369	0.00673559807656	0.00757333254342	-0.00875470716295	0.0862213389038	-0.0316381555081	-0.00771909093234	0.0174487805348	-0.0195496317034	-0.103662341581	0.017020113502	-0.0252674459631	-0.0337870766983	0.017693175201	0.0142979934022	0.0150613439088	0.0726075000819	-0.0350272183228	0.019224868759	0.0345767380757	0.035460611286	-0.0824820125748	-0.0247017670609	-0.00629472546719	0.0185927379642	0.0294101255971	1.0	0.0502775015587	-0.0310631696843	0.0434906954821	-0.0499823593658	-0.0147533748908	-0.0489846058743	0.0123629559678	-0.000417007865559	-0.0517980645777	0.0764617366944	-0.0150430335226	-0.0444603957833	-0.00493179453594	0.0233595501753	-0.0277869650751	0.0153681910175	0.00148992085903	-0.0276486633821	-0.015660564998	-0.0542149590463	-0.0278212754196	-0.0124582844017	0.0112294514305	0.0209593266723	0.00446178752697	-0.0318421586261	0.0191999339815	0.0390020437334	-0.0678732184023	-0.0335115813066	0.00898610232992	0.00235900961619
k__Bacteria;p__Firmicutes;c__Clostridia;o__Clostridiales;f__Lachnospiraceae;g__Roseburia;s__Roseburia_hominis	0.0185286217221	0.0383613362572	0.0292791557694	0.0590749071809	-0.0366305949636	0.0260935408313	0.00318732077481	0.0176801523341	-0.0376715735299	-0.00119697701224	-0.0429850042724	-0.0320271052427	-0.024781605138	-0.0156496470821	-0.02332269169	0.058783931416	-0.0567102761864	-0.0481307693496	-0.0342197923774	-0.0120878977199	0.00746674565408	-0.00273545174321	0.000278233023354	-0.00245620080676	0.00620511632061	-0.0448971741301	0.0502775015587	1.0	0.0268543470586	0.00982717722693	0.0322785017003	-0.0153793030485	-0.0162249894003	-0.019677106872	-0.0657986967089	0.050540181365	0.0529811783831	-0.0340541573853	0.00872378096813	0.00194925452289	0.0232361594483	0.04931410371	-0.000220652932443	0.0433104347449	-0.00111295708729	-0.0177940367066	-0.0157367000905	0.0350461238376	0.0683927102142	-0.0320068356927	-0.0595684056495	-0.0175982762133	-0.0315700622306	0.0316320224568	-0.035426313453	-0.0289206994432	-0.0530661453364	-0.012954633488	-0.0438823091165
k__Bacteria;p__Bacteroidetes;c__Bacteroidia;o__Bacteroidales;f__Porphyromonadaceae;g__Parabacteroides;s__Parabacteroides_johnsonii	0.00112977971662	-0.0883433108194	-0.0927778665835	-0.0537781565608	-0.0579237601587	-0.0140589122019	0.00963125919513	-0.0491370721238	-0.0212361344304	0.0222243313357	0.0129730079485	-0.0487185748256	0.0540406992468	0.028428676816	0.0144617772878	-0.0643879372856	0.00934747328213	-0.058179473067	0.000157216117064	0.0136770012889	0.0294299610775	-0.0617958315233	0.0382957154899	-0.0130230683501	0.00485366487689	0.112979024634	-0.0310631696843	0.0268543470586	1.0	0.0302265546388	0.0598020899404	-0.16806618195	-0.0373982334786	-0.0283489654516	-0.0206837025117	0.0238636343685	0.0736744222955	0.0211828560493	-0.00723372138458	-0.023097186444	0.0499782585385	-0.000781919577846	-0.0152590822604	-0.0132126589571	0.0454451386519	-0.0421360175837	-0.092394297896	-0.0180367661732	-0.0296192806207	0.052526363059	-0.0328989287034	-0.0248510505906	0.00367748212054	-0.0210860291898	-0.0160669897478	0.00112297676693	0.0313168762529	-0.0725143527882	-0.0394799826052
k__Bacteria;p__Actinobacteria;c__Actinobacteria;o__Bifidobacteriales;f__Bifidobacteriaceae;g__Bifidobacterium;s__Bifidobacterium_longum	-0.00708218682779	-0.0169262047957	0.00387885276941	0.00819574745262	0.0659635990685	0.0211369795024	0.0508232727261	-0.0277550950668	-0.0213761754141	0.00451052396635	0.0268268895388	-0.055958546605	0.0365573512578	0.0176979107013	-0.0128162311723	-0.00684769151816	-0.0664354442229	-0.106954134706	-0.0128971910887	-0.0205644602044	0.0611268156841	-0.0818008905477	0.0482060665056	-0.0782286539918	-0.071184728958	-0.0298175010801	0.0434906954821	0.00982717722693	0.0302265546388	1.0	-0.0426069998779	0.0117422566789	0.00882840006108	0.000233187917567	-0.0441647596203	0.00776303262029	-0.0362817163002	-0.0516444196148	-0.0666152888675	0.0295403227276	-0.0189841909991	-0.0238062910494	0.0112329263067	0.00546256193488	-0.0179177803649	-0.0125818948792	0.020458959452	-0.0605158651031	0.0265987114506	0.0594704496132	-0.0642744145573	-0.0126360446344	-0.00823635407537	0.0123453172116	-0.120523392649	-0.0184049645458	-0.0012007195778	-0.0162422730353	-0.040034924115
