#taxonomy	k__Bacteria;p__Bacteroidetes;c__Bacteroidia;o__Bacteroidales;f__Bacteroidaceae;g__Bacteroides;s__Bacteroides_vulgatus	k__Bacteria;p__Bacteroidetes;c__Bacteroidia;o__Bacteroidales;f__Bacteroidaceae;g__Bacteroides;s__Bacteroides_uniformis	k__Bacteria;p__Bacteroidetes;c__Bacteroidia;o__Bacteroidales;f__Rikenellaceae;g__Alistipes;s__Alistipes_putredinis	k__Bacteria;p__Bacteroidetes;c__Bacteroidia;o__Bacteroidales;f__Prevotellaceae;g__Prevotella;s__Prevotella_copri	k__Bacteria;p__Bacteroidetes;c__Bacteroidia;o__Bacteroidales;f__Bacteroidaceae;g__Bacteroides;s__Bacteroides_stercoris	k__Bacteria;p__Bacteroidetes;c__Bacteroidia;o__Bacteroidales;f__Bacteroidaceae;g__Bacteroides;s__Bacteroides_ovatus	k__Bacteria;p__Bacteroidetes;c__Bacteroidia;o__Bacteroidales;f__Rikenellaceae;g__Alistipes;s__Alistipes_shahii	k__Bacteria;p__Firmicutes;c__Clostridia;o__Clostridiales;f__Ruminococcaceae;g__Faecalibacterium;s__Faecalibacterium_prausnitzii	k__Bacteria;p__Bacteroidetes;c__Bacteroidia;o__Bacteroidales;f__Rikenellaceae;g__Alistipes;s__Alistipes_finegoldii	k__Bacteria;p__Bacteroidetes;c__Bacteroidia;o__Bacteroidales;f__Porphyromonadaceae;g__Parabacteroides;s__Parabacteroides_distasonis	k__Bacteria;p__Bacteroidetes;c__Bacteroidia;o__Bacteroidales;f__Bacteroidaceae;g__Bacteroides;s__Bacteroides_thetaiotaomicron	k__Bacteria;p__Bacteroidetes;c__Bacteroidia;o__Bacteroidales;f__Bacteroidaceae;g__Bacteroides;s__Bacteroides_coprocola	k__Bacteria;p__Bacteroidetes;c__Bacteroidia;o__Bacteroidales;f__Bacteroidaceae;g__Bacteroides;s__Bacteroides_cellulosilyticus	k__Bacteria;p__Bacteroidetes;c__Bacteroidia;o__Bacteroidales;f__Rikenellaceae;g__Alistipes;s__Alistipes_obesi	k__Bacteria;p__Firmicutes;c__Clostridia;o__Clostridiales;f__Lachnospiraceae;g__;s__[Eubacterium]_rectale	k__Bacteria;p__Bacteroidetes;c__Bacteroidia;o__Bacteroidales;f__Bacteroidaceae;g__Bacteroides;s__Bacteroides_plebeius	k__Bacteria;p__Bacteroidetes;c__Bacteroidia;o__Bacteroidales;f__Bacteroidaceae;g__Bacteroides;s__Bacteroides_fragilis	k__Bacteria;p__Proteobacteria;c__Betaproteobacteria;o__Burkholderiales;f__Sutterellaceae;g__Sutterella;s__Sutterella_wadsworthensis	k__Bacteria;p__Bacteroidetes;c__Bacteroidia;o__Bacteroidales;f__Porphyromonadaceae;g__Barnesiella;s__Barnesiella_intestinihominis	k__Bacteria;p__Bacteroidetes;c__Bacteroidia;o__Bacteroidales;f__Odoribacteraceae;g__Odoribacter;s__Odoribacter_splanchnicus	k__Bacteria;p__Bacteroidetes;c__Bacteroidia;o__Bacteroidales;f__Bacteroidaceae;g__Bacteroides;s__Bacteroides_salyersiae	k__Bacteria;p__Firmicutes;c__Clostridia;o__Clostridiales;f__Ruminococcaceae;g__Ruminiclostridium;s__[Eubacterium]_siraeum	k__Bacteria;p__Proteobacteria;c__Betaproteobacteria;o__Burkholderiales;f__Sutterellaceae;g__Parasutterella;s__Parasutterella_excrementihominis	k__Bacteria;p__Actinobacteria;c__Actinobacteria;o__Bifidobacteriales;f__Bifidobacteriaceae;g__Bifidobacterium;s__Bifidobacterium_adolescentis	k__Bacteria;p__Firmicutes;c__Clostridia;o__Clostridiales;f__Oscillospiraceae;g__Oscillibacter;s__Oscillibacter_sp._KLE_1745	k__Bacteria;p__Bacteroidetes;c__Bacteroidia;o__Bacteroidales;f__Bacteroidaceae;g__Bacteroides;s__Bacteroides_coprophilus	k__Bacteria;p__Firmicutes;c__Clostridia;o__Clostridiales;f__Lachnospiraceae;g__Roseburia;s__Roseburia_intestinalis	k__Bacteria;p__Firmicutes;c__Clostridia;o__Clostridiales;f__Lachnospiraceae;g__Roseburia;s__Roseburia_hominis	k__Bacteria;p__Bacteroidetes;c__Bacteroidia;o__Bacteroidales;f__Porphyromonadaceae;g__Parabacteroides;s__Parabacteroides_johnsonii	k__Bacteria;p__Actinobacteria;c__Actinobacteria;o__Bifidobacteriales;f__Bifidobacteriaceae;g__Bifidobacterium;s__Bifidobacterium_longum	k__Bacteria;p__Firmicutes;c__Clostridia;o__Clostridiales;f__;g__Flavonifractor;s__Flavonifractor_plautii	k__Bacteria;p__Firmicutes;c__Clostridia;o__Clostridiales;f__Clostridiaceae;g__Clostridium;s__Clostridium_phoceensis	k__Bacteria;p__Verrucomicrobia;c__Verrucomicrobiae;o__Verrucomicrobiales;f__Akkermansiaceae;g__Akkermansia;s__Akkermansia_muciniphila	k__Bacteria;p__Bacteroidetes;c__Bacteroidia;o__Bacteroidales;f__Prevotellaceae;g__Paraprevotella;s__Paraprevotella_xylaniphila	k__Bacteria;p__Firmicutes;c__Clostridia;o__Clostridiales;f__Ruminococcaceae;g__Ruminococcus;s__Ruminococcus_callidus	k__Bacteria;p__Bacteroidetes;c__Bacteroidia;o__Bacteroidales;f__Rikenellaceae;g__Alistipes;s__Alistipes_senegalensis	k__Bacteria;p__Firmicutes;c__Clostridia;o__Clostridiales;f__Lachnospiraceae;g__Blautia;s__Blautia_sp._KLE_1732	k__Bacteria;p__Bacteroidetes;c__Bacteroidia;o__Bacteroidales;f__Bacteroidaceae;g__Bacteroides;s__Bacteroides_oleiciplenus	k__Bacteria;p__Firmicutes;c__Clostridia;o__Clostridiales;f__Ruminococcaceae;g__Ruminococcus;s__Ruminococcus_bicirculans	k__Bacteria;p__Bacteroidetes;c__Bacteroidia;o__Bacteroidales;f__Bacteroidaceae;g__Bacteroides;s__Bacteroides_fluxus	k__Bacteria;p__Bacteroidetes;c__Bacteroidia;o__Bacteroidales;f__Prevotellaceae;g__Prevotella;s__Prevotella_stercorea	k__Bacteria;p__Firmicutes;c__Clostridia;o__Clostridiales;f__Lachnospiraceae;g__Dorea;s__Dorea_longicatena	k__Bacteria;p__Firmicutes;c__Clostridia;o__Clostridiales;f__Eubacteriaceae;g__Eubacterium;s__[Eubacterium]_eligens	k__Bacteria;p__Firmicutes;c__Clostridia;o__Clostridiales;f__Ruminococcaceae;g__;s__Ruminococcaceae_bacterium_D16	k__Bacteria;p__Firmicutes;c__Clostridia;o__Clostridiales;f__Lachnospiraceae;g__Coprococcus;s__Coprococcus_comes	k__Bacteria;p__Proteobacteria;c__Gammaproteobacteria;o__Enterobacterales;f__Enterobacteriaceae;g__Escherichia;s__Escherichia_coli	k__Bacteria;p__Firmicutes;c__Clostridia;o__Clostridiales;f__Ruminococcaceae;g__Anaerotruncus;s__Anaerotruncus_colihominis	k__Bacteria;p__Firmicutes;c__Clostridia;o__Clostridiales;f__Lachnospiraceae;g__Blautia;s__Blautia_obeum	k__Bacteria;p__Bacteroidetes;c__Bacteroidia;o__Bacteroidales;f__Odoribacteraceae;g__Odoribacter;s__Odoribacter_laneus	k__Bacteria;p__Firmicutes;c__Clostridia;o__Clostridiales;f__Ruminococcaceae;g__Ruminiclostridium;s__[Clostridium]_leptum	k__Bacteria;p__Bacteroidetes;c__Bacteroidia;o__Bacteroidales;f__Porphyromonadaceae;g__Parabacteroides;s__Parabacteroides_goldsteinii	k__Bacteria;p__Firmicutes;c__Clostridia;o__Clostridiales;f__Lachnospiraceae;g__Anaerostipes;s__Anaerostipes_hadrus	k__Bacteria;p__Firmicutes;c__Clostridia;o__Clostridiales;f__Ruminococcaceae;g__Ruminococcus;s__Ruminococcus_lactaris	k__Bacteria;p__Firmicutes;c__Clostridia;o__Clostridiales;f__Clostridiaceae;g__Clostridium;s__Clostridium_sp._L2-50	k__Bacteria;p__Firmicutes;c__Clostridia;o__Clostridiales;f__Clostridiaceae;g__Clostridium;s__Clostridium_sp._M62/1	k__Bacteria;p__Firmicutes;c__Clostridia;o__Clostridiales;f__;g__Intestinimonas;s__Intestinimonas_butyriciproducens	k__Bacteria;p__Actinobacteria;c__Actinobacteria;o__Bifidobacteriales;f__Bifidobacteriaceae;g__Bifidobacterium;s__Bifidobacterium_bifidum	k__Bacteria;p__Firmicutes;c__Negativicutes;o__Veillonellales;f__Veillonellaceae;g__Dialister;s__Dialister_invisus	k__Bacteria;p__Bacteroidetes;c__Bacteroidia;o__Bacteroidales;f__Bacteroidaceae;g__Bacteroides;s__Bacteroides_salanitronis
k__Bacteria;p__Bacteroidetes;c__Bacteroidia;o__Bacteroidales;f__Bacteroidaceae;g__Bacteroides;s__Bacteroides_vulgatus	1.0	-0.0043681036696	0.0297272158264	-0.0948098862069	-0.048256271746	0.0221407639743	0.0697740869615	-0.0125840835085	-0.0158718144196	-0.00412018067098	0.0367054010133	-0.0120824117938	-0.0842905558109	-0.0230171683759	-0.00111183266877	0.0395827943598	-0.00537584269027	-0.0419230381932	0.0262921218218	0.0134372006878	0.0214298510009	-0.0200870679461	0.0348878284427	0.028149433565	-0.0393024101071	0.0193055012599	-0.0712507247481	0.00576019021479	0.0988711469937	-0.00401272274892	0.0256524918766	0.054345832775	-0.0742670133183	0.0255250226875	-0.0154640303304	0.0148210486159	-0.0119409307524	-0.0197795085361	-8.05043624677e-06	-0.0680781162239	-0.0302534528902	-0.0308534780032	-0.00885070006255	-0.102238982975	-0.0346382914512	-0.100359437555	-0.0160092017325	0.0927851872292	-0.0164113789623	0.0385270044442	0.0168612944255	-0.00259227579966	0.0429546099294	-0.096486629029	-0.0040413267881	-0.0905312307957	0.00504137339625	-0.0013619825022	-0.0414435992474
k__Bacteria;p__Bacteroidetes;c__Bacteroidia;o__Bacteroidales;f__Bacteroidaceae;g__Bacteroides;s__Bacteroides_uniformis	-0.0043681036696	1.0	-0.00214416405775	0.0239619644817	-0.0884282209108	-0.0433718732941	-0.00708197296278	-0.0350260939642	-0.033862895684	-0.0163415946119	0.0268392999449	0.0206361171589	-0.0787716297361	0.0156472253642	-0.0296313554778	0.0310903669487	-0.0182065904776	-0.0073929126602	0.00664083485181	-0.0290804434774	-0.042527781941	0.0497243589558	0.0577274826239	0.00919898534135	0.0665281067128	-0.0496562244797	0.0336119578385	-0.0204036750083	-0.0228473217828	-0.0169326871951	-0.0271325919567	-0.100800316787	0.0265763661038	-0.0146494239495	-0.0456776567229	0.0291347645394	-0.0231792263116	0.0314189183659	0.023948181756	-0.0464093668546	0.0281972269548	-0.00609084409323	0.0398698292935	0.0167508620298	-0.0307855547961	0.0629019637153	-0.0215960854914	0.00117098682218	-0.0204382230165	-0.00637802105494	0.0146377601497	0.014057939493	-0.0142958566745	-0.00828629077563	0.0628723416212	0.00512919310294	-0.0265396955982	0.00636764516427	0.0239570499019
k__Bacteria;p__Bacteroidetes;c__Bacteroidia;o__Bacteroidales;f__Rikenellaceae;g__Alistipes;s__Alistipes_putredinis	0.0297272158264	-0.00214416405775	1.0	-0.0305982129842	0.0576059662107	-0.0230389688941	0.0510933611028	-0.0322145171229	0.00625477873523	0.0323593887009	0.0107715680301	-0.0324817052785	0.00735604956649	-0.0110176849112	-0.033191515645	0.0635703883687	-0.0230472500751	-0.0319100600786	0.0261175715438	0.0476184475696	-0.0291825485924	-0.035963243241	-0.0580615927834	0.0205674903459	0.0123513773604	0.0377636734615	-0.011758878993	-0.000131018254752	0.0267245958106	0.0065715792437	-0.0771284215732	0.00307308179884	0.0318560982113	-0.00377156392334	0.0109743156671	-0.0108823790225	-0.0118778547869	0.0431450675096	0.00621172248143	0.000724382906762	0.00950388596144	-0.0123345471935	0.0247683203299	0.028719229849	-0.0715192632219	-0.0419975459109	-0.0694739823521	-0.0267110157299	0.00404818909056	-0.0391341044088	0.0567408809479	-0.0284516749694	0.0375597123591	-0.0742956571355	-0.00601614710082	-0.0141249426035	0.0612764409139	-0.0327057794471	-0.0256366095596
k__Bacteria;p__Bacteroidetes;c__Bacteroidia;o__Bacteroidales;f__Prevotellaceae;g__Prevotella;s__Prevotella_copri	-0.0948098862069	0.0239619644817	-0.0305982129842	1.0	0.023650959775	-0.00387266219819	-0.0573859357494	0.00480672901978	-0.0551638687842	-0.0844906114277	0.0134297810791	-0.0515825202125	-0.0547650283013	0.0447543013056	-0.0117120931288	0.0247874624274	-0.0106206995691	-0.0418304376831	-0.0420918459592	0.0150591402842	-0.00809749440579	-0.0192392605975	0.0448880738873	-0.0390141663618	-0.0151226366834	-0.00193283484471	0.0105621836249	0.0357432066253	-0.00379351340448	0.000220584845322	-0.00758440605238	-0.0146223307199	0.0287789770251	-0.00280745786392	-0.0132548985301	0.00579350550489	0.0147298459795	-0.0787004509139	-0.0225367184268	0.00327805206655	0.0445385547033	-0.009178332368	0.0232673751134	0.0906215400351	0.0186859794561	0.0139891711032	-0.00848292297692	0.0458953617756	-0.040276687793	-0.0352084238442	0.00358874266533	-0.0222561158231	-0.0308167614702	-0.0175214604807	0.032457500765	-0.0371959021169	0.0464281208122	-0.0320666630191	0.0711864075987
k__Bacteria;p__Bacteroidetes;c__Bacteroidia;o__Bacteroidales;f__Bacteroidaceae;g__Bacteroides;s__Bacteroides_stercoris	-0.048256271746	-0.0884282209108	0.0576059662107	0.023650959775	1.0	0.0224833010153	0.0207122992547	0.0375536441978	-0.0326270352034	-0.0160766123308	0.0123535260735	-0.0135609658664	-0.0083912384816	0.00711888845088	0.0149454548246	-0.027825822489	-0.00943035088749	-0.0498033678115	-0.00465492549775	-0.0439769667391	-0.0132107721515	0.00997477080448	-0.0558091713287	0.0172195835496	-0.0196019343698	-0.0558806878936	0.00744438120898	-0.0147452243463	0.0673473962136	-0.0280775922803	-0.0469616797565	-0.0624735279124	-0.0389634038493	0.0104039617346	-0.0324628506635	-0.0291861502508	-0.00415989983941	0.00596461257636	0.0627704566844	0.0174594178363	0.045106931757	0.01400179422	-0.0161646390074	-0.00683833078828	-0.0605095386976	-0.01262371192	-0.101990162624	0.0110415685069	-0.0747826810448	-0.0425185013447	-0.0113487771878	0.0276152907715	-0.0572021036105	-0.0264128922116	-0.0799695897703	0.0964385711482	0.0244860892726	0.0586026125789	0.018649359721
k__Bacteria;p__Bacteroidetes;c__Bacteroidia;o__Bacteroidales;f__Bacteroidaceae;g__Bacteroides;s__Bacteroides_ovatus	0.0221407639743	-0.0433718732941	-0.0230389688941	-0.00387266219819	0.0224833010153	1.0	0.0322329012805	0.0110277045598	0.0141557115548	0.0584066179306	0.0282972350073	0.0377270664243	-0.0461683241392	0.0234373661112	-0.004884993532	-0.0242608156965	-0.0669322410824	-0.00735687966547	-0.0217533682244	0.0401696136904	-0.0411937523267	-0.031647880377	0.013852571044	0.00203606161516	0.0162688153852	-0.0330429094283	-0.00322821862715	-0.0398992491686	-0.0276893959513	-0.0054622558786	-0.0716780606996	-0.0241748156971	-0.0249717043369	-0.0303393378707	-0.0499703851719	0.0530569999715	-0.0316385652995	-0.00114796809126	0.010813465115	0.0194108485344	-0.0488043871879	-0.0701075379402	-0.023147950999	0.00648573259265	0.0399750794686	-0.0237211853033	0.00372710059071	-0.0805942746958	0.03824880557	-0.0486656173195	-0.0338485895028	0.0107117018362	-0.0141669808446	-0.0209195512318	0.0030642948258	0.0277165895276	0.00022126698634	-0.039623077075	0.0524114849047
k__Bacteria;p__Bacteroidetes;c__Bacteroidia;o__Bacteroidales;f__Rikenellaceae;g__Alistipes;s__Alistipes_shahii	0.0697740869615	-0.00708197296278	0.0510933611028	-0.0573859357494	0.0207122992547	0.0322329012805	1.0	-0.00575877599118	-0.0179789418022	-0.0569446371919	-0.00424247394962	-0.0212734505987	-0.00490477423003	0.0332893653992	0.0237000111473	-0.0981287353017	0.0418194136408	-0.0113582876526	0.0231284244581	0.00720911577275	0.0108541921718	-0.045870171107	0.0205793522981	0.0287750665976	0.00138722710613	-0.0600444540834	-0.0481998867137	-0.0152850210907	-0.0351647582761	0.0414253567888	0.0409825551433	-0.0140263913498	0.00489975825081	0.019080224659	-0.00356672850425	-0.0222395258498	-0.00362555098439	0.0715725480037	-0.0408218988037	0.0308006896805	-0.0331472487704	0.0561170710408	-0.0325052495894	0.013046975589	0.0294992547105	0.0310548795249	-0.0190703738995	0.00176446101878	0.00102563222427	-0.022253539399	0.022050935899	-0.0404162496681	0.0234196463533	0.0365407079569	0.0348406772267	-0.00531433928381	0.00629782136827	-0.00211040298601	0.000135312665056
k__Bacteria;p__Firmicutes;c__Clostridia;o__Clostridiales;f__Ruminococcaceae;g__Faecalibacterium;s__Faecalibacterium_prausnitzii	-0.0125840835085	-0.0350260939642	-0.0322145171229	0.00480672901978	0.0375536441978	0.0110277045598	-0.00575877599118	1.0	-0.0440485820451	-0.0187930428295	-0.00563955110484	-0.00969445405154	0.0540358488128	-0.00638321296256	0.00703652489933	-0.0186031664562	-0.022857802056	-0.0701704929295	-0.00909501554065	-0.00638345111525	0.000689117347274	-0.00666636298544	0.0177286006883	-0.000784229766591	0.0393246064383	-0.0139716154991	0.0299057069899	0.03007748724	-0.0185935632511	-0.00445979518597	-0.030275837622	-0.0282232830573	-0.0765122034627	0.00255439129246	-0.0245283487542	-0.0299454620852	0.0355097171674	-0.0626954367131	-0.0467451266369	-0.00299949374432	-0.00650905448195	-0.0312952546652	-0.088493259565	0.0283702017198	0.0127716570257	0.0330570674886	-0.00241108567515	-0.022987324923	0.0409068268595	-0.0457071755629	0.00406533109902	-0.0384278574671	0.0254397338808	-0.0202365520825	-0.0616381691188	0.034434315022	-0.0298882196721	0.000938031088205	0.0110450121037
k__Bacteria;p__Bacteroidetes;c__Bacteroidia;o__Bacteroidales;f__Rikenellaceae;g__Alistipes;s__Alistipes_finegoldii	-0.0158718144196	-0.033862895684	0.00625477873523	-0.0551638687842	-0.0326270352034	0.0141557115548	-0.0179789418022	-0.0440485820451	1.0	-0.0590476032014	-0.115164020552	-0.0176445953251	-0.0084822735568	-0.00077928058326	-0.0434220363348	-0.034504439249	-0.0104969742808	-0.0559091192818	-0.0224470372608	-0.00164535642043	-0.0205277383046	0.0267229498497	0.0711556597008	-0.0293077543655	0.081785681897	0.0251226621835	0.0155358059751	-0.0365972899774	-0.0317329931399	-0.0304701026363	0.0241727677022	0.0391225309099	0.0321859054489	-0.0365026353983	-0.0275648630945	-0.0152203174293	0.0265569282875	0.0560653914232	-0.000294382200076	-0.00634139019209	-0.111977197269	-0.044607982728	0.012188207152	0.00212434565442	0.00417050351206	-0.0697811953058	-0.022713172232	-0.0314510109486	0.0174899658847	0.0211771719369	-0.0270661494671	-0.0269809509122	-0.062502060874	0.0518971522568	0.0347173844735	-0.0159362397625	-0.0434247918384	-0.00414967456793	-0.0352959472118
k__Bacteria;p__Bacteroidetes;c__Bacteroidia;o__Bacteroidales;f__Porphyromonadaceae;g__Parabacteroides;s__Parabacteroides_distasonis	-0.00412018067098	-0.0163415946119	0.0323593887009	-0.0844906114277	-0.0160766123308	0.0584066179306	-0.0569446371919	-0.0187930428295	-0.0590476032014	1.0	-0.0449291393036	0.0523137263279	-0.0309858759785	-0.00812253234467	-0.00916087658266	-0.0229071423788	-0.00756272086275	-0.0299339350967	0.035378247143	0.0341703478579	0.0136970401851	-0.0478038948249	-0.125258392961	-0.0512553503255	0.0345730664263	-0.0733695681687	-0.0119583904315	0.0445888578657	0.0621154762987	0.014124327843	0.000210834533309	-0.0452975508092	-0.0118183228399	-0.101612369706	-0.0714094427436	-0.00121031273801	-0.0084021649624	0.0253569724263	0.0246714998154	-0.025001662134	-0.0311967947099	0.0292416699747	-0.0160061343484	-0.00763097935703	-0.0752334957147	0.0376161672104	-0.0340535463233	0.0362590618469	-0.021617555285	0.0112200880102	-0.0471639275395	-0.0397841755413	-0.0686539397021	-0.0618314690657	0.00551349923009	0.036249218051	0.00271974504482	-0.023657073583	-0.0109551473062
k__Bacteria;p__Bacteroidetes;c__Bacteroidia;o__Bacteroidales;f__Bacteroidaceae;g__Bacteroides;s__Bacteroides_thetaiotaomicron	0.0367054010133	0.0268392999449	0.0107715680301	0.0134297810791	0.0123535260735	0.0282972350073	-0.00424247394962	-0.00563955110484	-0.115164020552	-0.0449291393036	1.0	0.00599558508866	0.0150256441173	0.0322425121888	0.00851242267411	-0.0201048759645	-0.018633939273	-0.0404616569885	-0.073468872172	0.0315233257223	0.02499317963	-0.0001729432091	-0.0177367080798	0.0111379836295	0.00715594639787	-0.0256151963493	-0.00446114199286	0.0255460758681	-0.0214330161749	-0.0590234141835	0.00249828492891	-0.00859574171242	-0.00983692596238	-0.0150896245289	0.022983682383	-0.061435406945	-0.0239879002944	-0.0416257563221	-0.0086645880734	-0.0568770126711	-0.0831539931894	-0.0214106120728	-0.0430582700201	0.0206062031531	-0.0111105643705	0.0595274121228	0.0417351588782	-0.0435284406766	0.0226861564938	0.0216131035351	-0.0179993269605	-0.0429318488297	0.0191972164742	0.0489804693772	0.0620472984341	0.015747786654	-0.0260440121851	-0.0136873145723	0.0104174188216
k__Bacteria;p__Bacteroidetes;c__Bacteroidia;o__Bacteroidales;f__Bacteroidaceae;g__Bacteroides;s__Bacteroides_coprocola	-0.0120824117938	0.0206361171589	-0.0324817052785	-0.0515825202125	-0.0135609658664	0.0377270664243	-0.0212734505987	-0.00969445405154	-0.0176445953251	0.0523137263279	0.00599558508866	1.0	-0.00700797013709	0.0198333175125	-0.0195639517436	-0.0489345782303	-0.0171619192961	-0.0562218773555	0.0876691640343	0.0240745059017	0.0623247956297	-0.0165418963425	0.00190623704152	0.0476427554727	-0.035760413641	0.0367477737079	-0.0103154383251	0.0193673008045	-0.0373865107456	-0.0844326245248	-0.0214361314133	-0.0043568519542	0.0309123468062	-0.0434896625266	-0.00394568446758	-0.0198048742576	0.0118553724747	0.0108067496831	0.00703084661685	-0.0473105686883	-0.000197722811356	0.0129041572691	-0.00698788704275	-0.00532370274254	-0.0625500407338	0.0459693948155	-0.051317232134	0.0257249124719	0.0194335642702	0.00313881222966	0.0214001055351	0.0495971182252	0.0454488667537	0.0194923119481	-0.063265302719	-0.0347023325321	0.0066847850685	-0.104348624087	-0.00117074712413
k__Bacteria;p__Bacteroidetes;c__Bacteroidia;o__Bacteroidales;f__Bacteroidaceae;g__Bacteroides;s__Bacteroides_cellulosilyticus	-0.0842905558109	-0.0787716297361	0.00735604956649	-0.0547650283013	-0.0083912384816	-0.0461683241392	-0.00490477423003	0.0540358488128	-0.0084822735568	-0.0309858759785	0.0150256441173	-0.00700797013709	1.0	-0.0619253189055	0.0321160279304	0.0629713823414	-0.0404428725524	-0.0151887173401	-0.00680104874233	-0.0229568604258	-0.0578241532979	-0.0118756399122	0.0301192405754	-0.0236500784031	0.0215585327767	0.00383512389522	0.0567021182637	0.0274224938703	-0.00339937165999	-0.0392009456967	-0.112028965699	0.00370478146072	-0.0120750843066	-0.0532210915312	-0.0149672982453	-0.0145629408087	-0.0090995376525	0.0331751694252	-0.00828176715385	0.00737010747311	0.036184025175	-0.0122628595084	-0.0535188255049	-0.019663110988	-0.0273204435828	0.0517488666345	-0.064456739994	0.0856349660578	-0.0715068754502	-0.0595762248819	-0.0238383651636	0.0355272797625	0.014287830554	0.0146295032945	-0.0534007556993	0.0074717846593	-0.0741522295151	-0.046684948672	-0.0289523213825
k__Bacteria;p__Bacteroidetes;c__Bacteroidia;o__Bacteroidales;f__Rikenellaceae;g__Alistipes;s__Alistipes_obesi	-0.0230171683759	0.0156472253642	-0.0110176849112	0.0447543013056	0.00711888845088	0.0234373661112	0.0332893653992	-0.00638321296256	-0.00077928058326	-0.00812253234467	0.0322425121888	0.0198333175125	-0.0619253189055	1.0	0.0410484259909	-0.00282577660656	-0.0511028900757	-0.0402607529033	-0.0186588821315	0.0421234307137	-0.0195859494467	0.0139904337919	-0.0413338690058	0.0460507865575	-0.0494350821254	-0.0174978221569	-0.0575570797977	0.000287233619844	0.020721910133	0.0657075600405	-0.0221605273963	0.0101816759595	-0.0432730012514	0.0709762032286	0.0105266410781	-0.0362074796884	-0.0424753662496	-0.0504087076436	-0.028372089464	0.0374894700045	-0.050591411872	-0.0508601846662	-0.0616463082262	-0.0376156103797	-0.0460358534239	-0.0366033610134	-0.029209791252	0.0242214054357	0.0219737842526	-0.00391038303183	-0.0189051877146	-0.0574546125418	0.0765701615673	0.0352464695806	-0.00460080732071	0.000576500651234	-0.04318248968	-0.0346424498367	0.0404728670634
k__Bacteria;p__Firmicutes;c__Clostridia;o__Clostridiales;f__Lachnospiraceae;g__;s__[Eubacterium]_rectale	-0.00111183266877	-0.0296313554778	-0.033191515645	-0.0117120931288	0.0149454548246	-0.004884993532	0.0237000111473	0.00703652489933	-0.0434220363348	-0.00916087658266	0.00851242267411	-0.0195639517436	0.0321160279304	0.0410484259909	1.0	-0.0527740460863	0.0146030215265	-0.0335543230465	0.00254219963112	-0.00203829881382	0.0296411852362	0.00742329311936	0.0355172792193	0.0479689659474	0.00442887755296	0.0561340278176	0.0396017943107	0.0102127191616	-0.0237478938776	-0.0054609584395	0.0478304504488	0.0134231567494	-0.0252530624201	-0.020718192878	-0.0314866206747	0.0344101910264	-0.0584630637343	-0.0626222394602	-0.0124477675378	-0.000785790221111	-0.027072333592	0.0118788647457	0.0109503370545	-0.0287865378784	-0.0254703930198	-0.0287071663848	-0.0277851833173	0.0899344451519	-0.00465467061402	-0.0105670358193	-0.0099104468895	-0.0368692914737	-0.00904646968264	-0.072745021898	0.0495845689601	0.0112758167686	0.0160029454582	-0.0115437504063	0.00466064573136
k__Bacteria;p__Bacteroidetes;c__Bacteroidia;o__Bacteroidales;f__Bacteroidaceae;g__Bacteroides;s__Bacteroides_plebeius	0.0395827943598	0.0310903669487	0.0635703883687	0.0247874624274	-0.027825822489	-0.0242608156965	-0.0981287353017	-0.0186031664562	-0.034504439249	-0.0229071423788	-0.0201048759645	-0.0489345782303	0.0629713823414	-0.00282577660656	-0.0527740460863	1.0	-0.0582052418128	-0.00730130742267	0.0648828170707	-0.0242789095526	-0.0216419776022	-0.00789149326347	0.0258363555328	-0.0478612197664	-0.00479361641153	0.0493215910523	-0.0511403555825	0.00720932562997	-0.0245704705508	-0.0074509689416	-0.0463003966179	0.00866585173889	-0.00881791664577	0.0293770204331	0.09160061632	0.0826778423907	0.00647676506107	-0.0225246306172	0.0196675706303	-0.0263117866355	-0.0506195974688	0.0476459652056	0.0757427582855	0.0170247851713	-0.0289972622217	0.0259300391257	0.0359443924234	-0.0422126528747	0.0284593379306	0.0126240202611	0.0159741009513	-0.0105652887613	-0.0284776076125	-0.0821570093127	-0.0306663801943	0.00797576425634	-0.0492257353903	0.0137523695297	0.0212931047434
k__Bacteria;p__Bacteroidetes;c__Bacteroidia;o__Bacteroidales;f__Bacteroidaceae;g__Bacteroides;s__Bacteroides_fragilis	-0.00537584269027	-0.0182065904776	-0.0230472500751	-0.0106206995691	-0.00943035088749	-0.0669322410824	0.0418194136408	-0.022857802056	-0.0104969742808	-0.00756272086275	-0.018633939273	-0.0171619192961	-0.0404428725524	-0.0511028900757	0.0146030215265	-0.0582052418128	1.0	-0.0555561077768	-0.0284076571303	-0.0131306078589	-0.0221709380677	0.00731809938221	0.00294401753059	-0.0488781409504	0.015629449418	0.0220032963857	0.0241147858826	-0.0122128855358	-0.00550242583639	0.0318245529066	0.00799613527545	0.00576587328624	0.0125904621583	-0.012071566697	-0.0245265293119	-0.111709851502	0.0498773819405	-0.0848071880868	0.0259444843818	-0.0315905712856	0.0215121766858	0.000915363290111	0.0634392947327	0.0723425045538	-0.0448357138495	-0.00117502530805	-0.0126577520385	-0.0114370926091	0.038470406736	-0.00697266212865	-0.0281979144513	-0.0207222858227	0.0307356652209	0.0543772265658	-0.00490966987477	-0.000667023277468	-0.00957583200791	-0.010719483208	-0.027986741441
k__Bacteria;p__Proteobacteria;c__Betaproteobacteria;o__Burkholderiales;f__Sutterellaceae;g__Sutterella;s__Sutterella_wadsworthensis	-0.0419230381932	-0.0073929126602	-0.0319100600786	-0.0418304376831	-0.0498033678115	-0.00735687966547	-0.0113582876526	-0.0701704929295	-0.0559091192818	-0.0299339350967	-0.0404616569885	-0.0562218773555	-0.0151887173401	-0.0402607529033	-0.0335543230465	-0.00730130742267	-0.0555561077768	1.0	-0.0543550359872	0.0117347006563	-0.044424334694	0.0150132580044	0.0270898925486	0.00551513075028	0.0281179411034	-0.0243829060862	0.039170283816	0.00122587050455	0.0183674076756	-0.0159181322019	0.027650891473	-0.0144542070585	0.0385364734877	-0.022650267376	-0.0009398770179	0.0305441977347	0.0779003891622	-0.0053273442023	-0.0232561937883	0.00115314885711	0.0193818741542	0.00525933295871	-0.0527951898219	-0.00922578380779	0.0529569966529	0.0232502723197	0.00735798453516	-0.0459060042496	-0.0348965076003	-0.00423859551651	-0.108483919019	0.0437452969275	-0.0315180273864	-0.0228653304811	-0.0100014008909	-0.0199029464706	-0.0203789407421	0.0439956722422	0.00268136520759
k__Bacteria;p__Bacteroidetes;c__Bacteroidia;o__Bacteroidales;f__Porphyromonadaceae;g__Barnesiella;s__Barnesiella_intestinihominis	0.0262921218218	0.00664083485181	0.0261175715438	-0.0420918459592	-0.00465492549775	-0.0217533682244	0.0231284244581	-0.00909501554065	-0.0224470372608	0.035378247143	-0.073468872172	0.0876691640343	-0.00680104874233	-0.0186588821315	0.00254219963112	0.0648828170707	-0.0284076571303	-0.0543550359872	1.0	-0.0483494915918	-0.0655119353666	0.00598930789244	0.0377962516313	-0.0130430296039	0.00969425274846	0.0120935679796	-0.013085891262	0.0258107652294	0.0169174802152	-0.0339894809116	0.0181784575589	0.0104720700052	-0.0162515987085	-0.0316821787157	0.02625449214	-0.029496104139	-0.0578279153222	-0.02670708459	0.0566325170246	-0.00880115873885	0.0733994461869	0.000970802090416	6.39965257928e-05	0.0131208364282	-0.0285747563407	0.0185779338566	-0.0242405956628	0.0349478389177	-0.0119716829025	0.019900775885	-0.00934767991582	-0.00298530237345	-0.0407581120065	0.00640244294976	-0.0388905377719	-0.0138371895677	0.0473586518599	-0.0656082231108	-0.02278252343
k__Bacteria;p__Bacteroidetes;c__Bacteroidia;o__Bacteroidales;f__Odoribacteraceae;g__Odoribacter;s__Odoribacter_splanchnicus	0.0134372006878	-0.0290804434774	0.0476184475696	0.0150591402842	-0.0439769667391	0.0401696136904	0.00720911577275	-0.00638345111525	-0.00164535642043	0.0341703478579	0.0315233257223	0.0240745059017	-0.0229568604258	0.0421234307137	-0.00203829881382	-0.0242789095526	-0.0131306078589	0.0117347006563	-0.0483494915918	1.0	0.0191594036781	-0.00200545101844	-0.0843880573168	-0.0150000711073	0.00813180173505	-0.00578028197787	0.013684835782	0.0270259085808	-0.0524670791536	0.00359919897118	-0.0720621696264	0.00194858627429	-0.00329179874192	0.0443033307545	-0.0240567979362	-0.00797856396879	-0.0516871879581	0.0187281635233	-0.00349472089841	-0.0626074319513	0.0214235454514	-0.0632452796116	0.0200778700206	0.0272585753858	-0.00803593383849	-0.0196206539639	-0.01099558884	-0.0368708753488	0.0295764240605	-0.0881335334358	0.0401170950508	0.00692701029565	0.0432802955012	-0.0568332627749	-0.0515724984168	0.0100404267751	-0.0380005050359	-0.0177861859129	-0.0351218040867
k__Bacteria;p__Bacteroidetes;c__Bacteroidia;o__Bacteroidales;f__Bacteroidaceae;g__Bacteroides;s__Bacteroides_salyersiae	0.0214298510009	-0.042527781941	-0.0291825485924	-0.00809749440579	-0.0132107721515	-0.0411937523267	0.0108541921718	0.000689117347274	-0.0205277383046	0.0136970401851	0.02499317963	0.0623247956297	-0.0578241532979	-0.0195859494467	0.0296411852362	-0.0216419776022	-0.0221709380677	-0.044424334694	-0.0655119353666	0.0191594036781	1.0	-0.043712092167	0.0225479863335	-0.055187652497	-0.00705543796506	0.0023965697808	-0.0195690878949	-0.0122055360906	0.00406638512967	-0.00963648537142	-0.0112310193156	-0.0288927228884	-0.0301623641286	0.0151600617581	-0.0183575702628	-0.0266339013377	-0.0157144149975	0.00728747187527	0.0205104275529	-0.00432511622686	-0.0364170262737	0.0255544813518	-0.0266908048319	0.0193469411455	0.0160527066006	-0.0113873602783	0.042375539351	-0.0202052717362	-0.0772666971689	0.0352787973427	0.00874589217556	0.0242424799594	-0.0287621003871	0.0110407254775	-0.0393854296025	-0.054521564614	-0.000375182326641	-0.0296805831548	-0.0917921310638
k__Bacteria;p__Firmicutes;c__Clostridia;o__Clostridiales;f__Ruminococcaceae;g__Ruminiclostridium;s__[Eubacterium]_siraeum	-0.0200870679461	0.0497243589558	-0.035963243241	-0.0192392605975	0.00997477080448	-0.031647880377	-0.045870171107	-0.00666636298544	0.0267229498497	-0.0478038948249	-0.0001729432091	-0.0165418963425	-0.0118756399122	0.0139904337919	0.00742329311936	-0.00789149326347	0.00731809938221	0.0150132580044	0.00598930789244	-0.00200545101844	-0.043712092167	1.0	0.021301977577	-0.0817957644566	-0.0252063489553	0.0733398611888	-0.0384111106207	-0.0200110498734	-0.00799436336132	-0.0529007863953	-0.013564126579	-0.029180594846	-0.0146443058205	-0.0407683068199	-0.00500730578323	0.0698309029014	0.0232451484579	0.0360431445776	-0.010388267896	0.071348693572	0.0448859785563	0.0117222587766	-0.0139202286886	0.0235357999224	-0.0410094645258	-0.0270265050677	-0.0770018764171	-0.030708437499	0.032267287573	-0.0124442912478	-0.0246975893451	-0.0310092282757	-0.0146118682074	-0.00625490350029	0.00180518211184	-0.0282553969959	-0.0195964697469	0.0573544586298	0.000770074201784
k__Bacteria;p__Proteobacteria;c__Betaproteobacteria;o__Burkholderiales;f__Sutterellaceae;g__Parasutterella;s__Parasutterella_excrementihominis	0.0348878284427	0.0577274826239	-0.0580615927834	0.0448880738873	-0.0558091713287	0.013852571044	0.0205793522981	0.0177286006883	0.0711556597008	-0.125258392961	-0.0177367080798	0.00190623704153	0.0301192405754	-0.0413338690058	0.0355172792193	0.0258363555328	0.00294401753059	0.0270898925486	0.0377962516313	-0.0843880573168	0.0225479863335	0.021301977577	1.0	-0.0105647195275	0.0484654160825	0.0523254496438	0.0245183066421	-0.0697824510709	0.0480337849619	-0.0658840647469	-0.0556730911279	0.0225264549269	0.0348146254352	-0.00233080241675	-0.049510943878	0.0118821535168	0.0164210359253	-0.057541976464	-0.00572715043082	0.0049610124832	-0.0250284520632	0.00243814907163	-0.0220327517889	0.00155431910928	0.054285240107	-0.0263852295017	-0.0446104924856	-0.0304097353895	0.0104269751548	0.00640325692993	0.00503208995792	-0.0566529467796	0.0265145059432	-0.0189634798824	0.03076614925	-0.0156505338015	-0.112512602898	0.0267219940306	0.0251023425115
k__Bacteria;p__Actinobacteria;c__Actinobacteria;o__Bifidobacteriales;f__Bifidobacteriaceae;g__Bifidobacterium;s__Bifidobacterium_adolescentis	0.028149433565	0.00919898534135	0.0205674903459	-0.0390141663618	0.0172195835496	0.00203606161516	0.0287750665976	-0.000784229766591	-0.0293077543655	-0.0512553503255	0.0111379836295	0.0476427554727	-0.0236500784031	0.0460507865575	0.0479689659474	-0.0478612197664	-0.0488781409504	0.00551513075028	-0.0130430296039	-0.0150000711073	-0.055187652497	-0.0817957644566	-0.0105647195275	1.0	-0.062794744735	-0.0470642765373	-0.0473976745991	0.00695676651869	-0.0389565439673	-0.0573605829607	-0.0215764160523	0.000678685419352	0.0360066422207	0.00606904132199	-0.0206447407656	0.00185521727899	0.0273506508451	0.00968031400229	-0.0265721278192	0.0152797901712	-0.048311038393	-0.015692989418	0.0349428131306	-0.0152994504645	0.0306818917679	0.0165221049037	-0.00571502797133	0.0259891702517	0.0141196997235	-0.0361512618085	-0.00583545978249	0.0307642264944	-0.0342962271989	-0.00319607631393	-0.0478603778766	-0.0215491061024	-0.0203640186125	-0.0178222993209	-0.0266141545492
k__Bacteria;p__Firmicutes;c__Clostridia;o__Clostridiales;f__Oscillospiraceae;g__Oscillibacter;s__Oscillibacter_sp._KLE_1745	-0.0393024101071	0.0665281067128	0.0123513773604	-0.0151226366834	-0.0196019343698	0.0162688153852	0.00138722710613	0.0393246064383	0.081785681897	0.0345730664263	0.00715594639787	-0.035760413641	0.0215585327767	-0.0494350821254	0.00442887755296	-0.00479361641153	0.015629449418	0.0281179411034	0.00969425274846	0.00813180173505	-0.00705543796506	-0.0252063489553	0.0484654160825	-0.062794744735	1.0	-0.0152137935988	-0.0313637509524	-0.0490312751363	-0.0300825862217	-0.00687374312465	-0.0831003852542	0.0551086513139	-0.00885860079518	0.0133289335888	-0.0216429369267	-0.00247508319384	0.00138599588511	0.0109244416228	0.0326824614976	-0.0335881913369	-0.0146039712199	0.0202787160061	0.00150492248899	0.020843806411	0.0217220751414	-0.050625037383	-0.0158652961785	-0.089294846634	-0.016503632865	0.00138315571535	0.0137499911544	0.0275329586344	0.0158036157748	-0.0220052976119	0.0169303713342	-0.0269587099454	-0.0411600163896	-0.00256978198088	-0.0325773539797
k__Bacteria;p__Bacteroidetes;c__Bacteroidia;o__Bacteroidales;f__Bacteroidaceae;g__Bacteroides;s__Bacteroides_coprophilus	0.0193055012599	-0.0496562244797	0.0377636734615	-0.00193283484471	-0.0558806878936	-0.0330429094283	-0.0600444540834	-0.0139716154991	0.0251226621835	-0.0733695681687	-0.0256151963493	0.0367477737079	0.00383512389522	-0.0174978221569	0.0561340278176	0.0493215910523	0.0220032963857	-0.0243829060862	0.0120935679796	-0.00578028197787	0.0023965697808	0.0733398611888	0.0523254496438	-0.0470642765373	-0.0152137935988	1.0	0.00988075039026	0.0285566776957	-0.0414486127504	-0.0176371293942	0.0453856221873	0.0201396888294	-0.00375210201521	0.0702051290383	0.011745596394	0.0225634041396	0.0394460579703	-0.0273700066169	-0.0391429953069	-0.0391135168465	0.0403051709488	-0.0177130259317	-0.0496798713888	-0.0215755037563	-0.0447764258391	0.0143617171529	-0.0238653679717	-0.03750792138	-0.0437279973546	0.018700336565	0.051737038179	-0.0439670439563	0.0393841763659	0.0402714422485	-0.00706361381614	-0.0374910541554	0.0429983105204	-0.0673631090913	-0.0835167878822
k__Bacteria;p__Firmicutes;c__Clostridia;o__Clostridiales;f__Lachnospiraceae;g__Roseburia;s__Roseburia_intestinalis	-0.0712507247481	0.0336119578385	-0.011758878993	0.0105621836249	0.00744438120898	-0.00322821862715	-0.0481998867137	0.0299057069899	0.0155358059751	-0.0119583904315	-0.00446114199286	-0.0103154383251	0.0567021182637	-0.0575570797977	0.0396017943107	-0.0511403555825	0.0241147858826	0.039170283816	-0.013085891262	0.013684835782	-0.0195690878949	-0.0384111106207	0.0245183066421	-0.0473976745991	-0.0313637509524	0.00988075039026	1.0	-0.0481998907303	0.037024822378	0.0685024093427	-0.0359715328721	-0.00281583754384	-0.00926324049619	0.0568918373702	0.0549713621664	-0.0253519337258	0.0034828549877	0.0167876002846	-0.0727554869295	-0.0285255393437	-0.0253316523443	-0.0136847959864	-0.0356833564555	-0.0844027132907	0.0610570525404	0.0433319580146	-0.0907517900316	-0.0189780718762	0.0420916152359	0.0177266250707	-0.0457611760949	-0.0521239118347	-0.0136719107255	0.0558937769829	0.0666475285165	-0.0271968728682	-0.0541442643838	-0.0250203062651	-0.0805029202114
k__Bacteria;p__Firmicutes;c__Clostridia;o__Clostridiales;f__Lachnospiraceae;g__Roseburia;s__Roseburia_hominis	0.00576019021479	-0.0204036750083	-0.000131018254752	0.0357432066253	-0.0147452243463	-0.0398992491686	-0.0152850210907	0.03007748724	-0.0365972899774	0.0445888578657	0.0255460758681	0.0193673008045	0.0274224938703	0.000287233619844	0.0102127191616	0.00720932562997	-0.0122128855358	0.00122587050455	0.0258107652294	0.0270259085808	-0.0122055360906	-0.0200110498734	-0.0697824510709	0.00695676651869	-0.0490312751363	0.0285566776957	-0.0481998907303	1.0	-0.0478769269607	0.0543122144082	-0.0765934550998	0.000664104081211	-0.0473624901666	-0.0812575016143	-0.0222400785251	-0.0403369921883	0.00248339996787	-0.0199059650391	-0.0458428237284	0.0234226787079	0.0292043492475	-0.0202743988073	0.0131697191705	0.0629747639571	-0.0372875448699	-0.056471099755	0.0348973491403	-0.0586982935623	-0.0141492635069	-0.0765528461002	-0.0204708051475	0.0226947811829	0.0301762600896	0.00446119767691	-0.00216552355489	0.00269720824538	0.0372475161716	0.0325462428112	-0.0182009047893
k__Bacteria;p__Bacteroidetes;c__Bacteroidia;o__Bacteroidales;f__Porphyromonadaceae;g__Parabacteroides;s__Parabacteroides_johnsonii	0.0988711469937	-0.0228473217828	0.0267245958106	-0.00379351340448	0.0673473962136	-0.0276893959513	-0.0351647582761	-0.0185935632511	-0.0317329931399	0.0621154762987	-0.0214330161749	-0.0373865107456	-0.00339937165999	0.020721910133	-0.0237478938776	-0.0245704705508	-0.00550242583639	0.0183674076756	0.0169174802152	-0.0524670791536	0.00406638512967	-0.00799436336132	0.0480337849619	-0.0389565439673	-0.0300825862217	-0.0414486127504	0.037024822378	-0.0478769269607	1.0	-0.0455954786115	-0.0396292838574	0.00085658387236	0.0244512741963	-0.0102830996133	0.0444833176972	-0.0885225033963	0.0415917196634	-0.0529911377212	-0.0640517310445	-0.0879756925815	0.0402483131432	-0.000449563426307	-0.0165513043401	0.0427582472687	0.00647026488508	0.00403242634674	0.00637097682416	-0.0152098474502	0.0201164386657	-0.000677116685133	-0.0855549843804	-0.035175973882	0.0639699270563	-0.0274014222335	-0.00156465090059	-0.00444670527307	-0.0206169928357	0.104933021119	-0.048489295115
k__Bacteria;p__Actinobacteria;c__Actinobacteria;o__Bifidobacteriales;f__Bifidobacteriaceae;g__Bifidobacterium;s__Bifidobacterium_longum	-0.00401272274892	-0.0169326871951	0.0065715792437	0.000220584845322	-0.0280775922803	-0.0054622558786	0.0414253567888	-0.00445979518597	-0.0304701026363	0.014124327843	-0.0590234141835	-0.0844326245248	-0.0392009456967	0.0657075600405	-0.0054609584395	-0.0074509689416	0.0318245529066	-0.0159181322019	-0.0339894809116	0.00359919897118	-0.00963648537142	-0.0529007863953	-0.0658840647469	-0.0573605829607	-0.00687374312465	-0.0176371293942	0.0685024093427	0.0543122144082	-0.0455954786115	1.0	-0.0446391698892	-0.038308818114	-0.0255773688248	-0.0381188676815	-0.021569620818	0.00822200147005	0.00602485039648	-0.005171647081	-0.113683851401	-0.0116894128311	0.00790233922191	-0.0156858910167	0.0213374776135	0.0505979871321	-0.0637885842262	-0.0223578564163	-0.0268484392981	0.0444856765397	-0.00673256996901	0.0159309497754	-0.0352814997356	-0.0646735616205	-0.0169183881605	0.0075555383448	0.0330604598807	-0.0502205663971	-0.00145530449441	0.00196657513039	-0.015810881433
