#taxonomy	k__Bacteria;p__Bacteroidetes;c__Bacteroidia;o__Bacteroidales;f__Bacteroidaceae;g__Bacteroides;s__Bacteroides_vulgatus	k__Bacteria;p__Bacteroidetes;c__Bacteroidia;o__Bacteroidales;f__Bacteroidaceae;g__Bacteroides;s__Bacteroides_uniformis	k__Bacteria;p__Bacteroidetes;c__Bacteroidia;o__Bacteroidales;f__Rikenellaceae;g__Alistipes;s__Alistipes_putredinis	k__Bacteria;p__Bacteroidetes;c__Bacteroidia;o__Bacteroidales;f__Prevotellaceae;g__Prevotella;s__Prevotella_copri	k__Bacteria;p__Bacteroidetes;c__Bacteroidia;o__Bacteroidales;f__Bacteroidaceae;g__Bacteroides;s__Bacteroides_stercoris	k__Bacteria;p__Bacteroidetes;c__Bacteroidia;o__Bacteroidales;f__Bacteroidaceae;g__Bacteroides;s__Bacteroides_ovatus	k__Bacteria;p__Bacteroidetes;c__Bacteroidia;o__Bacteroidales;f__Rikenellaceae;g__Alistipes;s__Alistipes_shahii	k__Bacteria;p__Firmicutes;c__Clostridia;o__Clostridiales;f__Ruminococcaceae;g__Faecalibacterium;s__Faecalibacterium_prausnitzii	k__Bacteria;p__Bacteroidetes;c__Bacteroidia;o__Bacteroidales;f__Rikenellaceae;g__Alistipes;s__Alistipes_finegoldii	k__Bacteria;p__Bacteroidetes;c__Bacteroidia;o__Bacteroidales;f__Porphyromonadaceae;g__Parabacteroides;s__Parabacteroides_distasonis	k__Bacteria;p__Bacteroidetes;c__Bacteroidia;o__Bacteroidales;f__Bacteroidaceae;g__Bacteroides;s__Bacteroides_thetaiotaomicron	k__Bacteria;p__Bacteroidetes;c__Bacteroidia;o__Bacteroidales;f__Bacteroidaceae;g__Bacteroides;s__Bacteroides_coprocola	k__Bacteria;p__Bacteroidetes;c__Bacteroidia;o__Bacteroidales;f__Bacteroidaceae;g__Bacteroides;s__Bacteroides_cellulosilyticus	k__Bacteria;p__Bacteroidetes;c__Bacteroidia;o__Bacteroidales;f__Rikenellaceae;g__Alistipes;s__Alistipes_obesi	k__Bacteria;p__Firmicutes;c__Clostridia;o__Clostridiales;f__Lachnospiraceae;g__;s__[Eubacterium]_rectale	k__Bacteria;p__Bacteroidetes;c__Bacteroidia;o__Bacteroidales;f__Bacteroidaceae;g__Bacteroides;s__Bacteroides_plebeius	k__Bacteria;p__Bacteroidetes;c__Bacteroidia;o__Bacteroidales;f__Bacteroidaceae;g__Bacteroides;s__Bacteroides_fragilis	k__Bacteria;p__Proteobacteria;c__Betaproteobacteria;o__Burkholderiales;f__Sutterellaceae;g__Sutterella;s__Sutterella_wadsworthensis	k__Bacteria;p__Bacteroidetes;c__Bacteroidia;o__Bacteroidales;f__Porphyromonadaceae;g__Barnesiella;s__Barnesiella_intestinihominis	k__Bacteria;p__Bacteroidetes;c__Bacteroidia;o__Bacteroidales;f__Odoribacteraceae;g__Odoribacter;s__Odoribacter_splanchnicus	k__Bacteria;p__Bacteroidetes;c__Bacteroidia;o__Bacteroidales;f__Bacteroidaceae;g__Bacteroides;s__Bacteroides_salyersiae	k__Bacteria;p__Firmicutes;c__Clostridia;o__Clostridiales;f__Ruminococcaceae;g__Ruminiclostridium;s__[Eubacterium]_siraeum	k__Bacteria;p__Proteobacteria;c__Betaproteobacteria;o__Burkholderiales;f__Sutterellaceae;g__Parasutterella;s__Parasutterella_excrementihominis	k__Bacteria;p__Actinobacteria;c__Actinobacteria;o__Bifidobacteriales;f__Bifidobacteriaceae;g__Bifidobacterium;s__Bifidobacterium_adolescentis	k__Bacteria;p__Firmicutes;c__Clostridia;o__Clostridiales;f__Oscillospiraceae;g__Oscillibacter;s__Oscillibacter_sp._KLE_1745	k__Bacteria;p__Bacteroidetes;c__Bacteroidia;o__Bacteroidales;f__Bacteroidaceae;g__Bacteroides;s__Bacteroides_coprophilus	k__Bacteria;p__Firmicutes;c__Clostridia;o__Clostridiales;f__Lachnospiraceae;g__Roseburia;s__Roseburia_intestinalis	k__Bacteria;p__Firmicutes;c__Clostridia;o__Clostridiales;f__Lachnospiraceae;g__Roseburia;s__Roseburia_hominis	k__Bacteria;p__Bacteroidetes;c__Bacteroidia;o__Bacteroidales;f__Porphyromonadaceae;g__Parabacteroides;s__Parabacteroides_johnsonii	k__Bacteria;p__Actinobacteria;c__Actinobacteria;o__Bifidobacteriales;f__Bifidobacteriaceae;g__Bifidobacterium;s__Bifidobacterium_longum	k__Bacteria;p__Firmicutes;c__Clostridia;o__Clostridiales;f__;g__Flavonifractor;s__Flavonifractor_plautii	k__Bacteria;p__Firmicutes;c__Clostridia;o__Clostridiales;f__Clostridiaceae;g__Clostridium;s__Clostridium_phoceensis	k__Bacteria;p__Verrucomicrobia;c__Verrucomicrobiae;o__Verrucomicrobiales;f__Akkermansiaceae;g__Akkermansia;s__Akkermansia_muciniphila	k__Bacteria;p__Bacteroidetes;c__Bacteroidia;o__Bacteroidales;f__Prevotellaceae;g__Paraprevotella;s__Paraprevotella_xylaniphila	k__Bacteria;p__Firmicutes;c__Clostridia;o__Clostridiales;f__Ruminococcaceae;g__Ruminococcus;s__Ruminococcus_callidus	k__Bacteria;p__Bacteroidetes;c__Bacteroidia;o__Bacteroidales;f__Rikenellaceae;g__Alistipes;s__Alistipes_senegalensis	k__Bacteria;p__Firmicutes;c__Clostridia;o__Clostridiales;f__Lachnospiraceae;g__Blautia;s__Blautia_sp._KLE_1732	k__Bacteria;p__Bacteroidetes;c__Bacteroidia;o__Bacteroidales;f__Bacteroidaceae;g__Bacteroides;s__Bacteroides_oleiciplenus	k__Bacteria;p__Firmicutes;c__Clostridia;o__Clostridiales;f__Ruminococcaceae;g__Ruminococcus;s__Ruminococcus_bicirculans	k__Bacteria;p__Bacteroidetes;c__Bacteroidia;o__Bacteroidales;f__Bacteroidaceae;g__Bacteroides;s__Bacteroides_fluxus	k__Bacteria;p__Bacteroidetes;c__Bacteroidia;o__Bacteroidales;f__Prevotellaceae;g__Prevotella;s__Prevotella_stercorea	k__Bacteria;p__Firmicutes;c__Clostridia;o__Clostridiales;f__Lachnospiraceae;g__Dorea;s__Dorea_longicatena	k__Bacteria;p__Firmicutes;c__Clostridia;o__Clostridiales;f__Eubacteriaceae;g__Eubacterium;s__[Eubacterium]_eligens	k__Bacteria;p__Firmicutes;c__Clostridia;o__Clostridiales;f__Ruminococcaceae;g__;s__Ruminococcaceae_bacterium_D16	k__Bacteria;p__Firmicutes;c__Clostridia;o__Clostridiales;f__Lachnospiraceae;g__Coprococcus;s__Coprococcus_comes	k__Bacteria;p__Proteobacteria;c__Gammaproteobacteria;o__Enterobacterales;f__Enterobacteriaceae;g__Escherichia;s__Escherichia_coli	k__Bacteria;p__Firmicutes;c__Clostridia;o__Clostridiales;f__Ruminococcaceae;g__Anaerotruncus;s__Anaerotruncus_colihominis	k__Bacteria;p__Firmicutes;c__Clostridia;o__Clostridiales;f__Lachnospiraceae;g__Blautia;s__Blautia_obeum	k__Bacteria;p__Bacteroidetes;c__Bacteroidia;o__Bacteroidales;f__Odoribacteraceae;g__Odoribacter;s__Odoribacter_laneus	k__Bacteria;p__Firmicutes;c__Clostridia;o__Clostridiales;f__Ruminococcaceae;g__Ruminiclostridium;s__[Clostridium]_leptum	k__Bacteria;p__Bacteroidetes;c__Bacteroidia;o__Bacteroidales;f__Porphyromonadaceae;g__Parabacteroides;s__Parabacteroides_goldsteinii	k__Bacteria;p__Firmicutes;c__Clostridia;o__Clostridiales;f__Lachnospiraceae;g__Anaerostipes;s__Anaerostipes_hadrus	k__Bacteria;p__Firmicutes;c__Clostridia;o__Clostridiales;f__Ruminococcaceae;g__Ruminococcus;s__Ruminococcus_lactaris	k__Bacteria;p__Firmicutes;c__Clostridia;o__Clostridiales;f__Clostridiaceae;g__Clostridium;s__Clostridium_sp._L2-50	k__Bacteria;p__Firmicutes;c__Clostridia;o__Clostridiales;f__Clostridiaceae;g__Clostridium;s__Clostridium_sp._M62/1	k__Bacteria;p__Firmicutes;c__Clostridia;o__Clostridiales;f__;g__Intestinimonas;s__Intestinimonas_butyriciproducens	k__Bacteria;p__Actinobacteria;c__Actinobacteria;o__Bifidobacteriales;f__Bifidobacteriaceae;g__Bifidobacterium;s__Bifidobacterium_bifidum	k__Bacteria;p__Firmicutes;c__Negativicutes;o__Veillonellales;f__Veillonellaceae;g__Dialister;s__Dialister_invisus	k__Bacteria;p__Bacteroidetes;c__Bacteroidia;o__Bacteroidales;f__Bacteroidaceae;g__Bacteroides;s__Bacteroides_salanitronis
k__Bacteria;p__Bacteroidetes;c__Bacteroidia;o__Bacteroidales;f__Bacteroidaceae;g__Bacteroides;s__Bacteroides_vulgatus	1.0	-0.0373369563717	-0.000560836973429	-0.0451245818014	-0.0158527808434	0.0193392915981	-0.0470552740216	-0.000846122911406	-0.029247791354	0.018058662527	0.0176302052189	-0.00529748578416	-0.0112855069196	0.0270838143232	0.0318089368278	0.0190119115728	-0.0335931087477	0.00568059155704	-0.0425290842942	0.0296734875857	-0.00453189016005	-0.0111319659503	-0.0160466137592	-0.0244218349887	-0.00935901724649	-0.063979678539	-0.024095896409	-0.0356830239008	0.0166368638981	0.000570949813699	0.0073338003064	-0.0221139204823	-0.00172225217368	0.031850872014	-0.0469101527089	-0.0249034127195	0.0388455245826	-0.00460245726502	0.0284765353797	-0.00202283850617	-0.00761043926835	-0.0342295844395	0.0425192683689	0.00855486624653	-0.0310359531293	-0.0309792303425	-0.0862249643493	0.0414734229172	-0.0122117062412	-0.023397865077	-0.0190762153659	-0.0170765855103	0.0347994371786	-0.0206830753743	0.0118590864112	0.00919213860589	0.0142105754226	-0.0145198434011	0.00342204661455
k__Bacteria;p__Bacteroidetes;c__Bacteroidia;o__Bacteroidales;f__Bacteroidaceae;g__Bacteroides;s__Bacteroides_uniformis	-0.0373369563717	1.0	0.00991937249585	-0.10386349878	0.0462307036979	0.0305940592621	-0.0283077837535	-0.048840393944	-0.0521600974215	0.0611372934729	-0.00015470004479	-0.017315773938	-0.00367701670249	0.0123968996514	0.0508806329176	-0.0710486353215	-0.0562530976927	-0.0254362367839	-0.0518298544705	-0.0198549756787	-0.0079713261398	0.0495805545962	-0.0218099899918	0.00780027033347	-0.00633133096857	-0.0211472903165	-0.106538618307	0.00499544385991	0.00131165061917	0.00799227335817	-0.0388351748914	0.0228009776623	0.0333289770163	-0.0242562444161	-0.0652070942822	0.00876052657864	-0.0880521434904	-0.0295322530618	0.0597946036459	0.0862478219488	0.0320995123286	-0.017321251391	-0.068093023517	-0.0288045892441	-0.0216266219272	-0.00861915242245	-0.0806626520969	0.0589228010448	-0.0307464052475	-0.00749617904525	-0.00782851199751	-0.00379300456173	-0.0544409810957	-0.0135510356576	-0.0261299735678	-0.0058125131769	-0.0349686357798	-0.0137210607481	-0.0132928822828
k__Bacteria;p__Bacteroidetes;c__Bacteroidia;o__Bacteroidales;f__Rikenellaceae;g__Alistipes;s__Alistipes_putredinis	-0.000560836973429	0.00991937249585	1.0	-0.0164373130815	0.00109807143123	0.056918308222	-0.0132823939977	-2.06325493037e-05	0.0102501491416	-0.00857674567118	-0.0135994484258	-0.0371683509161	0.053648044125	-0.0340229123836	-0.0348270858371	0.0506547575677	-0.0326818882865	-0.0690505846563	0.0715726805276	0.0446719058473	-0.0610690601489	-0.0250179230128	0.0488062581104	-0.0693296195504	0.0436960140413	-0.0536753098662	-0.0362271548607	0.0017362596032	-0.0623438702042	-0.0530788132698	0.0898873606491	-0.00643041746208	-0.0415531424548	-0.0221899389384	0.0104014899671	0.029066564994	0.0388326880597	-0.0286303155205	-0.0461626942421	-0.0154293450573	0.0341816029166	0.0244905129129	-0.0385283444799	0.0172968873998	0.0149911930392	-0.0128777186693	0.0806228483395	-0.0797127081233	-0.040064545378	0.0638924140865	-0.0133171580503	0.0106141017506	-0.00285548837553	-0.0272182905941	-0.0227832286191	-0.000566682227897	0.0496555199966	-0.0660705301603	-0.0474295994639
k__Bacteria;p__Bacteroidetes;c__Bacteroidia;o__Bacteroidales;f__Prevotellaceae;g__Prevotella;s__Prevotella_copri	-0.0451245818014	-0.10386349878	-0.0164373130815	1.0	-0.0241065972526	-0.0120725688705	0.0141523906257	-0.0100742059481	0.0436138214811	0.0319216361704	0.0148025858657	0.0017939244502	-0.00439568190806	0.000695230036427	-0.0283075916905	0.0071048719988	0.0155289459867	-0.0501593203544	0.0157244486935	-0.0400115069191	-0.0552014897595	0.0229559915376	0.0511640708832	0.0103323258	-0.0353202431333	0.102156120292	0.00386283191193	-0.000420203275711	0.00247405564031	-0.0408351741391	0.0102484501273	0.00250917131176	-0.044294961112	-0.00701651967922	0.00784711890522	-0.0493542377244	-0.0250532467888	-0.0170972573003	-0.0273203239982	0.000673214765007	0.0012703333497	-0.02068394254	-0.0403740337486	0.0266179234948	0.00921749146588	-0.0198889063656	-0.0966692084298	-0.0267892065322	-0.0384562692465	0.0107718229656	-0.0425367584044	0.0210179884516	0.00693523295106	-0.0340966999621	-0.0492083578713	-0.00149772015084	0.0171138888838	-0.0298790452679	-0.0589320828363
k__Bacteria;p__Bacteroidetes;c__Bacteroidia;o__Bacteroidales;f__Bacteroidaceae;g__Bacteroides;s__Bacteroides_stercoris	-0.0158527808434	0.0462307036979	0.00109807143123	-0.0241065972526	1.0	0.00103556898829	0.0590845635606	0.00555052216699	-0.0710547054304	-0.0875753653906	-0.0109163727254	0.0209975516758	0.0461418991658	-0.0412645714944	0.00305917889296	-0.0112103089386	-0.0471680442203	-0.0482662961612	0.00265743112867	0.00922233659397	0.078659194822	0.0286854405681	-0.0176753603667	-0.105853698886	0.027461206109	0.0323899074656	-0.00779525172625	-0.0174457454538	-0.0374063380289	-0.0285349876437	0.0187919262973	-0.0287394769862	0.00160075533986	0.104404589774	-0.0225089870518	-0.0572085083715	0.0518864027968	0.0396147920579	-0.00716270354295	-0.0550157518275	-0.0327731517038	0.00270485230453	0.00762402013165	-0.00215855070204	-0.065935797407	0.0469885396215	0.0189310809704	-0.0112716474298	-0.0271089682858	-0.0294217104973	0.0124569440799	-0.0230211654874	-0.0490471227898	-0.0263037239392	-0.090607055722	0.0290828256132	0.00911860489342	0.00195386572303	-0.0493676920737
k__Bacteria;p__Bacteroidetes;c__Bacteroidia;o__Bacteroidales;f__Bacteroidaceae;g__Bacteroides;s__Bacteroides_ovatus	0.0193392915981	0.0305940592621	0.056918308222	-0.0120725688705	0.00103556898829	1.0	-0.0407823539711	-0.0417470896175	0.0274577100025	-0.000963749884289	-0.0140363521487	-0.104529603671	-0.0283732044911	-0.0208762746748	-0.0703492997751	-0.0496865713669	0.0217974499268	0.014118065243	0.00190329249973	-0.0563897521884	0.0506875260064	0.00130651948447	0.0197571334297	-0.00604624898447	0.0013509843849	-0.0470463631426	-0.0352264559577	0.00310122596766	-0.0674523529877	-0.0163290545037	-0.0465721350289	0.0242491016602	-0.0636851767618	0.0246429266009	-0.0441265102848	0.0233099244418	-0.0225397551918	0.0210160600347	0.0423589163369	-0.0393371986143	-0.0427668868931	0.0556835701061	-0.0761406590714	-0.0451359446627	-0.0433712835091	0.0538024020236	0.0234294937387	-0.00128604325946	0.0154051989597	-0.0612539253402	-0.0690880044507	0.0245221864024	0.0364659838708	-0.0448252898665	-0.0296286518014	0.00721006358993	0.0585927052952	-0.0239711296846	-0.0450644681024
k__Bacteria;p__Bacteroidetes;c__Bacteroidia;o__Bacteroidales;f__Rikenellaceae;g__Alistipes;s__Alistipes_shahii	-0.0470552740216	-0.0283077837535	-0.0132823939977	0.0141523906257	0.0590845635606	-0.0407823539711	1.0	0.0350443268478	-0.00240708308419	0.0625726913223	-0.00910226029335	0.0292777355525	0.0052341834159	0.00329228729333	0.0265877297919	0.0042568901794	-0.0270451995571	-0.040630346422	0.0266386846983	-0.010387677806	0.0379267407982	0.0197192612219	0.00405265528021	-0.0500762109577	-0.0634710976955	-0.00520984210181	-0.0295580617262	0.00133587480549	0.0336797167447	-0.0102971362675	-0.03021395445	-0.0790234663507	-0.00930215169744	-0.00986967284211	-0.0236364986582	0.0346901770995	0.01541451527	-0.0841514029015	0.0514108417364	0.051711583381	-0.0414618446649	-0.0693743286223	-0.0501649404056	0.013561147065	0.0757190598506	0.0141971503855	0.0162611465099	0.00448956174522	0.0374258726266	-0.0429793137734	0.0020848676844	-0.0045146016949	-0.0329120518394	0.00207324435913	0.0313583136195	-0.0227793382824	-0.0688165292813	0.0180695880877	0.0425217276293
k__Bacteria;p__Firmicutes;c__Clostridia;o__Clostridiales;f__Ruminococcaceae;g__Faecalibacterium;s__Faecalibacterium_prausnitzii	-0.000846122911406	-0.048840393944	-2.06325493038e-05	-0.0100742059481	0.00555052216699	-0.0417470896175	0.0350443268478	1.0	-0.0312366903186	0.0148701104378	-0.0357718846969	-0.0330022432151	-0.00680348078926	-0.0156203774243	0.0147845729294	-0.0309786056998	-0.0479451397581	0.0347297919527	-0.0249089430372	-0.0290223511473	0.0634844311434	0.040854370422	-0.0448085560958	0.0335360721883	-0.0785231385306	0.0678971373547	-0.0441744673141	-0.0432166417173	0.00602558598727	-0.0592373078162	-0.0596267547352	-0.0136169331424	0.107713228234	-0.0261022820521	-0.0653648451582	0.0368587116299	-0.0754235991254	-0.0969449162564	-0.0413786082505	0.0355061866851	-0.0138819631623	-0.0424261315364	-0.0532801596727	0.0146218736477	0.0262347687617	0.0139017762352	-0.00420205901956	-0.0540374972802	-0.0158171832949	-0.0133293457407	0.0261812932567	-0.00908420811045	0.0508861991688	-0.067760137345	0.0351633320066	0.00117162432026	-0.0722321541209	0.0433556195725	-0.00746384677205
k__Bacteria;p__Bacteroidetes;c__Bacteroidia;o__Bacteroidales;f__Rikenellaceae;g__Alistipes;s__Alistipes_finegoldii	-0.029247791354	-0.0521600974215	0.0102501491416	0.0436138214811	-0.0710547054304	0.0274577100025	-0.00240708308419	-0.0312366903186	1.0	-0.0696085658932	-0.0924914336833	0.0506064062095	0.00259488611955	-0.0105661876441	0.0434107545726	-0.0253642717546	0.00610613647132	0.028141055726	-0.0347263235037	-0.0920790701579	-0.0268611296902	0.0247438772915	0.0648041838544	-0.0348398699273	0.0730458256362	0.00806511189141	0.0898938909663	0.000552394367721	-0.00884616583922	-0.0455027074457	-0.00150855426321	0.0946282259709	0.0024647295383	0.0069403506742	-0.00087795937979	-0.0686358719033	-0.0276257242194	0.0268429927609	-0.0491040779105	0.0649570154689	0.0373662230082	-0.0344831181131	-0.0320656785532	-0.00337544028688	-0.0534499432597	-0.0222658622307	0.029993394206	0.00753534411737	-0.0400207632326	0.00453276253482	0.0215709952971	-0.0570525619471	-0.0458184448564	-0.0563732406133	0.0153962536906	-0.0027351649996	-0.0179662933228	-0.000815107188565	-0.00345582837666
k__Bacteria;p__Bacteroidetes;c__Bacteroidia;o__Bacteroidales;f__Porphyromonadaceae;g__Parabacteroides;s__Parabacteroides_distasonis	0.018058662527	0.0611372934729	-0.00857674567118	0.0319216361704	-0.0875753653906	-0.000963749884289	0.0625726913223	0.0148701104378	-0.0696085658932	1.0	-0.0346795963162	-0.0306493139567	-0.0379257648116	-0.0544136177491	0.0275146616449	0.0297709807522	-0.0217723125514	0.00421639340388	-0.0105689215276	0.0103490956027	0.0197758327137	0.0469429615617	0.0040223872306	-0.0675823978093	-0.00291687783724	-0.00429235982341	-0.0300466600923	0.00398931051985	-0.0170540638195	-0.015254624448	0.00279859271734	0.0510711165014	0.06305925414	-0.0892833056091	0.0235537072508	0.0308773854615	-0.010718155982	-0.0832943706459	0.0265544344208	-0.0349946372326	-0.000198193166613	0.0125223826254	-0.0204084044795	-0.0111377321556	0.0331720199559	-0.0626480362251	-0.0636418385193	-0.00714019024916	0.00685102502645	0.00537414120371	0.011957563615	-0.0112710708809	0.00709566116846	-0.0233447432023	-0.0141941231809	0.0233921202789	-0.0119982538666	0.0291824259794	-0.00495261557595
k__Bacteria;p__Bacteroidetes;c__Bacteroidia;o__Bacteroidales;f__Bacteroidaceae;g__Bacteroides;s__Bacteroides_thetaiotaomicron	0.0176302052189	-0.00015470004479	-0.0135994484258	0.0148025858657	-0.0109163727254	-0.0140363521487	-0.00910226029335	-0.0357718846969	-0.0924914336833	-0.0346795963162	1.0	-0.0223821394324	0.0112013866014	-0.0153825317873	-0.0511698943937	0.065836715204	-0.0060106502879	0.00233190593907	-0.110282500474	0.0513096771583	0.0310164404944	0.0111462154084	0.0105432185544	0.0140154905465	0.10051217765	0.110245469405	-0.0718215331719	-0.0150450134226	0.0278005223866	0.00765727338879	-0.0527871035138	-0.00436311444557	0.00182201980731	0.0164480866463	0.0151411599082	-0.0273096444659	-0.0170777423158	0.0176804145772	-0.00927803527682	0.0111651010822	-0.00831904591456	0.0548533249739	0.0382774662201	-0.00877634057381	-0.0183010720841	-0.0157675212352	0.00795691174218	-0.0634089616218	-0.00645967300405	0.0152918514872	-0.0752733083454	-0.0470540951218	0.0164257912039	-0.00227316441451	0.0216886671078	-0.0282732209045	-0.021990717808	0.0186752298569	-0.0718753289504
k__Bacteria;p__Bacteroidetes;c__Bacteroidia;o__Bacteroidales;f__Bacteroidaceae;g__Bacteroides;s__Bacteroides_coprocola	-0.00529748578416	-0.017315773938	-0.0371683509161	0.0017939244502	0.0209975516758	-0.104529603671	0.0292777355525	-0.0330022432151	0.0506064062095	-0.0306493139567	-0.0223821394324	1.0	0.00616248945047	0.000330649982942	0.0677882492074	0.0360980344716	0.0438392619413	0.0468878757519	-0.0432481612571	-0.011301312652	-0.038286915773	0.0233750630893	-0.0396949160745	0.0557543923154	-0.0581785654384	-0.0182859762025	-0.0355001412482	-0.0835080363607	-0.0269149491235	0.00702901105518	0.0506092001061	-0.00995859707938	0.0181665238939	0.05543623258	-0.00986122356287	0.0269391774419	0.010991950605	-0.0438711738359	-0.00626495772357	0.0298831274899	-0.0278359382934	-0.015630045166	-0.000664206283176	-0.00992518363139	0.0093064014214	-0.0340322195418	-0.0456326016814	0.0313442323633	-0.038508522385	-0.0577329861747	-0.0122325868014	-0.0870332725451	-0.0356151971391	0.0559884407163	-0.00172109853117	-0.0249215859969	-0.0565081628314	0.0015205718885	0.0403642324836
k__Bacteria;p__Bacteroidetes;c__Bacteroidia;o__Bacteroidales;f__Bacteroidaceae;g__Bacteroides;s__Bacteroides_cellulosilyticus	-0.0112855069196	-0.00367701670249	0.053648044125	-0.00439568190806	0.0461418991658	-0.0283732044911	0.0052341834159	-0.00680348078926	0.00259488611955	-0.0379257648116	0.0112013866014	0.00616248945047	1.0	-0.0099644640493	0.0536496196151	-0.018842130157	-0.0119231310441	-0.0186862801016	-0.0316860121153	-0.0361584692174	0.0112422221299	-0.0409433514169	-0.0499955472492	-0.0142119855257	0.0483211891642	-0.0131453810654	0.0121883036494	-0.0348719903471	-0.0530381216809	-0.0240336857851	0.0544246843077	0.0113609303486	0.0331457336968	-0.0548525949498	-0.00273760577216	0.0397412161854	-0.00235051917155	-0.0288913759164	-0.04125875594	-0.0458269073685	-0.0604807854893	-0.000387092475982	0.0194725654843	-0.0492594502143	-0.0216702040144	0.0920539961497	-0.00896599516993	-0.0167125645076	-0.0271238449725	-0.0192131795578	0.0139849785849	0.00250209092656	-0.0330341815561	0.00913044325246	-0.0130826070933	-0.0313787531348	0.015692532967	-0.000467834235455	0.00523693821138
k__Bacteria;p__Bacteroidetes;c__Bacteroidia;o__Bacteroidales;f__Rikenellaceae;g__Alistipes;s__Alistipes_obesi	0.0270838143232	0.0123968996514	-0.0340229123836	0.000695230036427	-0.0412645714944	-0.0208762746748	0.00329228729333	-0.0156203774243	-0.0105661876441	-0.0544136177491	-0.0153825317873	0.000330649982942	-0.0099644640493	1.0	-0.00480289825932	-0.0648101863524	0.0264140274329	0.0256579403434	-0.0720174811427	0.00940407234017	0.00834953835113	-0.0199355887411	0.0221025423599	-0.0256197213672	0.0400703733146	0.00840185673797	-0.00593429932168	-0.0433180548444	0.000619426427007	0.0881463112252	-0.0340480062161	0.0559585227028	0.0364302559415	-0.00867216275364	0.0170915851176	-0.0322481048443	-0.00654684206566	0.00979463157385	-0.0275623911869	0.00846780977087	-0.0314336461584	-0.0481149677405	0.0255295311881	-0.0269591093695	0.004466731551	-0.0326398628665	-0.0766253416002	-0.00106236412472	0.0330646257844	-0.0131465119735	0.0206457041228	0.00936825911032	-0.0228901577668	-0.0225097189852	-0.0473511289503	0.0192436691325	-0.0606435735354	-0.00488680659168	-0.0611973432879
k__Bacteria;p__Firmicutes;c__Clostridia;o__Clostridiales;f__Lachnospiraceae;g__;s__[Eubacterium]_rectale	0.0318089368278	0.0508806329176	-0.0348270858371	-0.0283075916905	0.00305917889296	-0.0703492997751	0.0265877297919	0.0147845729294	0.0434107545726	0.0275146616449	-0.0511698943937	0.0677882492074	0.0536496196151	-0.00480289825932	1.0	0.0052855599042	-0.0508119465542	-0.0523499923222	-0.0184129359952	-0.102764321384	-0.0413039388247	-0.0158588153888	0.0558893180286	0.00390231961365	0.0191966750134	-0.0260876721329	0.0180537030927	0.0463241437043	-0.0307954331468	-0.083758965671	-0.0532310964375	0.0299329784469	0.0245745437962	-0.0464854044096	-0.000407998376176	0.0123651300251	-0.0321987460666	0.027962635404	-0.0470808322949	-0.00216136827504	0.00730159458726	-0.0450779948513	0.00988728062272	0.0159758995507	-0.111877984328	-0.0442600230952	0.00523961340233	0.0027464287553	-0.0125112807761	-0.0452466058678	-0.0121352588671	-0.00276460757071	-0.0567478383073	-0.0544289576493	0.0279103725535	-0.0113741781659	0.0054498528477	-0.0164913526801	-0.0343525275482
k__Bacteria;p__Bacteroidetes;c__Bacteroidia;o__Bacteroidales;f__Bacteroidaceae;g__Bacteroides;s__Bacteroides_plebeius	0.0190119115728	-0.0710486353215	0.0506547575677	0.0071048719988	-0.0112103089386	-0.0496865713669	0.0042568901794	-0.0309786056998	-0.0253642717546	0.0297709807522	0.065836715204	0.0360980344716	-0.018842130157	-0.0648101863524	0.0052855599042	1.0	0.0161646996838	-0.0131715528286	0.00226155070681	-0.00622633259679	-0.0494481958999	-0.00169370443057	0.0379810562787	0.00815955335496	-0.00894415457795	-0.00949279927155	-0.062091303768	0.00252037040352	0.00493107451144	0.00255766268022	-0.0174093354727	-0.0665569879391	-0.069606833061	-0.00233679306551	-0.043827945018	0.0124218610426	-0.00643552454516	-0.0122180778288	-0.00869440268199	-0.0523679256177	-0.0262941229428	-0.04093850633	0.046393543897	0.0485876373048	0.00283392563846	-0.0102088121476	-0.096333906065	-0.11490419778	0.019089077436	0.00300502064149	-0.0574328349069	-0.0120421192581	-0.0382507444367	-0.0335100588883	-0.0317146534517	-0.0137987734355	0.0462035205623	-0.0444120366562	-0.0122295893915
k__Bacteria;p__Bacteroidetes;c__Bacteroidia;o__Bacteroidales;f__Bacteroidaceae;g__Bacteroides;s__Bacteroides_fragilis	-0.0335931087477	-0.0562530976927	-0.0326818882865	0.0155289459867	-0.0471680442203	0.0217974499268	-0.0270451995571	-0.0479451397581	0.00610613647132	-0.0217723125514	-0.0060106502879	0.0438392619413	-0.0119231310441	0.0264140274329	-0.0508119465542	0.0161646996838	1.0	0.00782624485819	-0.0201676140893	0.00531024921771	-0.010630935343	-0.057343161781	-0.0711341723237	0.00803261741559	0.0223340927084	0.00992566207058	-0.0614971977271	0.0237354163994	0.00930887480518	-0.00427913134432	-0.0946780873061	-0.00240719232115	0.0365958308071	0.03327718613	-0.00719292133062	-0.0227297991999	-0.00502265839321	0.0241779708025	1.67215380284e-05	0.000355995175615	0.0181970858721	-0.00286493940242	-0.0425842826772	-0.0340367725334	0.0327121315381	-0.0301404000821	-0.077549818916	-0.00278428116034	-0.0274138011576	0.00939688651084	-0.0818977354252	0.00756670316292	-0.0956771996271	-0.00204664772928	-0.0364037187631	-0.0343921672989	-0.0438452925406	-0.0290033473545	0.0441691486364
k__Bacteria;p__Proteobacteria;c__Betaproteobacteria;o__Burkholderiales;f__Sutterellaceae;g__Sutterella;s__Sutterella_wadsworthensis	0.00568059155704	-0.0254362367839	-0.0690505846563	-0.0501593203544	-0.0482662961612	0.014118065243	-0.040630346422	0.0347297919527	0.028141055726	0.00421639340388	0.00233190593907	0.0468878757519	-0.0186862801016	0.0256579403434	-0.0523499923222	-0.0131715528286	0.00782624485819	1.0	0.0370765984787	-0.0524579464587	0.0183416527616	0.0170336959284	-0.0676399420993	0.0322424812477	0.0274019989529	0.0348411301314	0.0502688906206	-0.0334029284755	0.0105099889305	0.00904371471761	0.0177100507091	0.027867382788	-0.0421128334405	0.00466991332218	0.0662023109846	-0.0803573148116	-0.00577242058204	-0.0267406299322	-0.0424315139404	-0.029371033196	0.0144085360413	0.0487643681957	-0.00357991039815	0.0138606256207	-0.0443736561179	0.0203272595843	-0.0739699133754	-0.0290554814951	-0.0379003765864	-0.0138825303647	0.0112654980951	-0.0207925804663	0.00474428360374	-0.0539795743698	0.0106508749142	0.0542955580875	0.000659111820268	0.0513369161358	-0.0766950660885
k__Bacteria;p__Bacteroidetes;c__Bacteroidia;o__Bacteroidales;f__Porphyromonadaceae;g__Barnesiella;s__Barnesiella_intestinihominis	-0.0425290842942	-0.0518298544705	0.0715726805276	0.0157244486935	0.00265743112867	0.00190329249973	0.0266386846983	-0.0249089430372	-0.0347263235037	-0.0105689215276	-0.110282500474	-0.0432481612571	-0.0316860121153	-0.0720174811427	-0.0184129359952	0.00226155070681	-0.0201676140893	0.0370765984787	1.0	-0.0166103602725	0.0149370837151	-0.0173010916575	0.0450248416505	0.0412989038332	0.0113526836025	0.024029115322	-0.00642665872192	0.0177483828244	0.00625685180068	0.0289978071125	-0.0339967386197	-0.100088016671	0.000975546468483	-0.0075471453897	-0.0737962462327	0.052123527066	-0.0140037253638	-0.0911877410762	0.0998365679147	-0.0432165087507	-0.0861903580991	-0.0206143903004	-0.0380121329185	0.0495726169054	0.0360768146183	-0.00518570978129	-0.0121228524856	-0.0112259646214	-0.0594634123579	-0.0409014899466	0.0151703216761	-0.00378936844234	-0.075574126958	0.0717454362998	-0.00325688446459	0.0167986156235	-0.0103759758189	0.0152428011957	0.0508246427913
k__Bacteria;p__Bacteroidetes;c__Bacteroidia;o__Bacteroidales;f__Odoribacteraceae;g__Odoribacter;s__Odoribacter_splanchnicus	0.0296734875857	-0.0198549756787	0.0446719058473	-0.0400115069191	0.00922233659397	-0.0563897521884	-0.010387677806	-0.0290223511473	-0.0920790701579	0.0103490956027	0.0513096771583	-0.011301312652	-0.0361584692174	0.00940407234017	-0.102764321384	-0.00622633259679	0.00531024921771	-0.0524579464587	-0.0166103602725	1.0	-0.0181980377999	0.00378943490129	-0.0589855230003	-0.0486270734519	0.00772410369292	0.00869622169147	-0.0704184922507	0.0256148627577	-0.0505208168533	-0.0159888114425	-0.0116172048463	-0.00145018921625	-0.102282597253	-0.0114063852558	0.00190056992537	0.0571655019593	-0.02524927443	-0.0933351321695	0.0485487913964	0.00481418595332	0.00679903539018	-0.0130289118637	-0.00864762131346	-0.0304386357985	0.0440876123251	-0.0109996357315	-0.0168104904901	0.0177131767385	0.00985254702251	-0.000474717793494	0.00602908159293	0.0269085231627	0.00506583654167	0.0287587771179	-0.0208159735575	-0.0246050478908	-0.0593742860094	0.00334165852315	0.0619970450059
k__Bacteria;p__Bacteroidetes;c__Bacteroidia;o__Bacteroidales;f__Bacteroidaceae;g__Bacteroides;s__Bacteroides_salyersiae	-0.00453189016005	-0.0079713261398	-0.0610690601489	-0.0552014897595	0.078659194822	0.0506875260064	0.0379267407982	0.0634844311434	-0.0268611296902	0.0197758327137	0.0310164404944	-0.038286915773	0.0112422221299	0.00834953835113	-0.0413039388247	-0.0494481958999	-0.010630935343	0.0183416527616	0.0149370837151	-0.0181980377999	1.0	0.0659486002969	0.030583469873	0.0337350194238	-0.0535728432958	-0.0110970092231	-0.0699769062655	0.00354826583195	-0.0469697785612	-0.0702258036622	-0.0573240679577	-0.0348947767404	-0.0152765171415	0.0152985544452	0.0478404969671	-0.0123465463307	0.0281249403889	-0.00904361704571	0.0534909091347	-0.0103927684834	0.0222413343432	0.0263316438915	0.0383954313632	-0.0407927600737	0.00532346922441	0.0437304153757	-0.010411278809	0.0240739036559	0.000242712260854	-0.00802707280351	-0.0265065095259	-0.0262771679421	0.00259347796391	0.0152913582759	-0.0111801899288	-0.0689575882177	-0.042729418465	0.00526099140724	-0.0117978582024
k__Bacteria;p__Firmicutes;c__Clostridia;o__Clostridiales;f__Ruminococcaceae;g__Ruminiclostridium;s__[Eubacterium]_siraeum	-0.0111319659503	0.0495805545962	-0.0250179230128	0.0229559915376	0.0286854405681	0.00130651948447	0.0197192612219	0.040854370422	0.0247438772915	0.0469429615617	0.0111462154084	0.0233750630893	-0.0409433514169	-0.0199355887411	-0.0158588153888	-0.00169370443057	-0.057343161781	0.0170336959284	-0.0173010916575	0.00378943490129	0.0659486002969	1.0	0.0326203086412	-0.00416002163793	-0.0153603811229	0.0421334309656	-0.0685628925443	0.0254805209569	0.0333862020844	-0.0626460902106	-0.0411120542056	-0.00654959402917	0.0173666243777	0.0214562046035	-0.0439225844984	0.0687605426113	-0.0441139401897	-0.0221940949518	-0.0224083341544	0.0394335786787	0.00579599629317	-0.00780239129473	-0.0521910514311	-0.0478114586144	-0.0705571265381	-0.027814958997	-0.0152740798333	-0.0257816690114	0.00489184848239	0.00835018360786	-0.034758703741	0.00135326563404	0.0295624728055	0.00995730982934	0.0578363800993	-0.0719029907661	-0.0992549692928	0.0230107310797	-0.0723624016226
k__Bacteria;p__Proteobacteria;c__Betaproteobacteria;o__Burkholderiales;f__Sutterellaceae;g__Parasutterella;s__Parasutterella_excrementihominis	-0.0160466137592	-0.0218099899918	0.0488062581104	0.0511640708832	-0.0176753603667	0.0197571334297	0.00405265528021	-0.0448085560958	0.0648041838544	0.0040223872306	0.0105432185544	-0.0396949160745	-0.0499955472492	0.0221025423599	0.0558893180286	0.0379810562787	-0.0711341723237	-0.0676399420993	0.0450248416505	-0.0589855230003	0.030583469873	0.0326203086412	1.0	-0.0201776300819	-0.0640147554229	0.0227316744349	0.0164510840382	-0.00102765126288	0.0786791723146	-0.0164470225924	-0.0599668376532	0.0575410306169	0.0105143688806	-0.0089160249542	-0.0368959602543	-0.0265627136039	-0.0316336081824	0.00278817071351	0.0146468497288	-0.0491705222586	0.039268768786	0.000262222474471	-0.0418882010243	-0.00603291414887	-0.0375183150105	-0.0409135112207	0.0147363342298	-0.0215908940565	-0.0114157215781	0.00654294510526	-0.0696163643603	-0.0791013225466	-0.0282400058293	-0.0591038679582	-0.000593048972152	-0.0636501113907	-0.0154646884026	0.0154955527122	-0.00335376478674
k__Bacteria;p__Actinobacteria;c__Actinobacteria;o__Bifidobacteriales;f__Bifidobacteriaceae;g__Bifidobacterium;s__Bifidobacterium_adolescentis	-0.0244218349887	0.00780027033347	-0.0693296195504	0.0103323258	-0.105853698886	-0.00604624898447	-0.0500762109577	0.0335360721883	-0.0348398699273	-0.0675823978093	0.0140154905465	0.0557543923154	-0.0142119855257	-0.0256197213672	0.00390231961365	0.00815955335496	0.00803261741559	0.0322424812477	0.0412989038332	-0.0486270734519	0.0337350194238	-0.00416002163793	-0.0201776300819	1.0	-0.00898059080182	-0.00320852339548	-0.0316139570939	0.0368182232264	0.0709446396203	-0.028949056116	-0.0290135549388	-0.0328502120174	0.0277070942999	0.033722285169	-0.035751783918	-0.0406110338579	-0.0569605736946	0.00700721367034	-0.0200165803547	-0.0120814559529	-0.0159727494372	0.0317133716819	0.0228219739477	-0.0047758892151	0.0144298614459	-0.0482720879422	-0.00827586064378	0.00401315368735	-0.009919110157	-0.0170661252573	-0.035816172606	0.0389577668419	-0.0267094477903	-0.0115169989571	0.0305076454483	-0.0116306096069	0.022392075772	-0.0010720543844	-0.0140838069999
k__Bacteria;p__Firmicutes;c__Clostridia;o__Clostridiales;f__Oscillospiraceae;g__Oscillibacter;s__Oscillibacter_sp._KLE_1745	-0.00935901724649	-0.00633133096857	0.0436960140413	-0.0353202431333	0.027461206109	0.0013509843849	-0.0634710976955	-0.0785231385306	0.0730458256362	-0.00291687783724	0.10051217765	-0.0581785654384	0.0483211891642	0.0400703733146	0.0191966750134	-0.00894415457795	0.0223340927084	0.0274019989529	0.0113526836025	0.00772410369292	-0.0535728432958	-0.0153603811229	-0.0640147554229	-0.00898059080182	1.0	-0.0115351874466	-0.0446463153537	0.00869733075039	0.019322055225	0.0117134473074	-0.0900284336059	-0.0557764080057	-0.010288748086	0.00741767858494	-0.0796909439474	-0.00890154125962	0.0105210296498	0.0618961571925	-0.00561366202207	-0.0922284636007	0.0454097469178	-0.047744410523	0.0460732769876	0.0561225037306	-0.018276215385	0.014714498818	0.0329814800497	0.00455206335744	-0.0142773954426	0.0247270043535	0.013703755725	-0.0395735282915	-0.0122442357914	-0.0203234531246	0.0166736539874	-0.0465092729654	-0.0483391525422	-0.0541545624869	0.00327148334661
k__Bacteria;p__Bacteroidetes;c__Bacteroidia;o__Bacteroidales;f__Bacteroidaceae;g__Bacteroides;s__Bacteroides_coprophilus	-0.063979678539	-0.0211472903165	-0.0536753098662	0.102156120292	0.0323899074656	-0.0470463631426	-0.00520984210181	0.0678971373547	0.00806511189141	-0.00429235982341	0.110245469405	-0.0182859762025	-0.0131453810654	0.00840185673797	-0.0260876721329	-0.00949279927155	0.00992566207058	0.0348411301314	0.024029115322	0.00869622169147	-0.0110970092231	0.0421334309656	0.0227316744349	-0.00320852339548	-0.0115351874466	1.0	0.0206920488427	-0.102852453146	0.00362614003456	0.0117504548892	-0.0451668106758	0.029469286663	-0.0523087866848	-0.0119380361903	-0.0014579665573	-0.015516725887	0.00363357295327	-0.010663826571	-0.0345824408652	-0.121132487911	-0.0553526017187	-0.0154560090626	-0.0267921461399	-0.0183698257517	-0.0393066086574	0.00670602997784	-0.0325851221947	-0.0613830792327	-0.0523092144925	-0.0773256421223	-0.0876700612501	0.0405381398009	0.039995542853	-0.013418745655	-0.038183204105	-0.105012756312	0.0232170503833	-0.0518032583635	-0.0170899303043
k__Bacteria;p__Firmicutes;c__Clostridia;o__Clostridiales;f__Lachnospiraceae;g__Roseburia;s__Roseburia_intestinalis	-0.024095896409	-0.106538618307	-0.0362271548607	0.00386283191193	-0.00779525172625	-0.0352264559577	-0.0295580617262	-0.0441744673141	0.0898938909663	-0.0300466600923	-0.0718215331719	-0.0355001412482	0.0121883036494	-0.00593429932168	0.0180537030927	-0.062091303768	-0.0614971977271	0.0502688906206	-0.00642665872192	-0.0704184922507	-0.0699769062655	-0.0685628925443	0.0164510840382	-0.0316139570939	-0.0446463153537	0.0206920488427	1.0	0.00789365954391	-0.0208231114429	0.0112839170307	0.00615687846389	0.0219087996303	0.0441476406234	-0.00863121489717	0.0366593781412	-0.0145421994504	0.00612444326099	-0.0628246758776	-0.10995503542	-0.0422962655634	0.0168395985309	0.0536654235811	-0.0374936526645	-0.00484372440135	-0.0472830282101	-0.050531635913	0.0741727417701	-0.0456405782604	-0.00394071820112	-0.0295849228818	-0.0161689472603	0.0597942127504	-0.0250316322074	0.0406161934982	0.00838161999829	-0.00380056450243	-0.026896532302	0.0207701898048	-0.00038218275318
k__Bacteria;p__Firmicutes;c__Clostridia;o__Clostridiales;f__Lachnospiraceae;g__Roseburia;s__Roseburia_hominis	-0.0356830239008	0.00499544385991	0.0017362596032	-0.000420203275711	-0.0174457454538	0.00310122596766	0.00133587480549	-0.0432166417173	0.000552394367721	0.00398931051985	-0.0150450134226	-0.0835080363607	-0.0348719903471	-0.0433180548444	0.0463241437043	0.00252037040352	0.0237354163994	-0.0334029284755	0.0177483828244	0.0256148627577	0.00354826583195	0.0254805209569	-0.00102765126288	0.0368182232264	0.00869733075039	-0.102852453146	0.00789365954391	1.0	0.00766043570018	0.00948748510028	-0.00768469588239	-0.0739066875717	0.0557524280858	0.0401470506357	-0.0288040382784	-0.0537714142623	-0.000614405954774	-0.0259624416937	-0.015909771746	-0.0222069438629	0.0126345606557	0.0584732081488	-0.0265308290424	-0.0938895571602	0.0305985962749	-0.0123184872349	-0.0515575797834	0.0482999283516	-0.00866049385475	0.055066146774	-0.0431605514549	-0.00877666169192	0.0297057925478	-0.0240058559106	0.0110549747095	0.0265510295858	-0.0458146785183	-0.0347996441105	0.0548672526167
k__Bacteria;p__Bacteroidetes;c__Bacteroidia;o__Bacteroidales;f__Porphyromonadaceae;g__Parabacteroides;s__Parabacteroides_johnsonii	0.0166368638981	0.00131165061917	-0.0623438702042	0.00247405564031	-0.0374063380289	-0.0674523529877	0.0336797167447	0.00602558598727	-0.00884616583922	-0.0170540638195	0.0278005223866	-0.0269149491235	-0.0530381216809	0.000619426427007	-0.0307954331468	0.00493107451144	0.00930887480518	0.0105099889305	0.00625685180068	-0.0505208168533	-0.0469697785612	0.0333862020844	0.0786791723146	0.0709446396203	0.019322055225	0.00362614003456	-0.0208231114429	0.00766043570018	1.0	0.0281173936967	-0.0228145865105	0.0175569494016	-0.0113326384126	0.0384874981483	0.0135757928443	-0.00855304561623	0.020338375356	-0.0327340408835	-0.0700089376505	-0.0658458542815	-0.0360675555319	-0.0400619367575	-0.046208730987	-0.053509131194	-0.00943524501498	0.0803562880357	0.0265569206985	-0.019516244293	0.0301367619372	-0.00138733847509	-0.0432160580409	-0.0504651904433	-0.0614326642864	-0.0254558570866	-0.0177744349482	0.0227595001366	-0.0681601146014	0.00807899700371	0.000389864494422
k__Bacteria;p__Actinobacteria;c__Actinobacteria;o__Bifidobacteriales;f__Bifidobacteriaceae;g__Bifidobacterium;s__Bifidobacterium_longum	0.000570949813699	0.00799227335817	-0.0530788132698	-0.0408351741391	-0.0285349876437	-0.0163290545037	-0.0102971362675	-0.0592373078162	-0.0455027074457	-0.015254624448	0.00765727338878	0.00702901105518	-0.0240336857851	0.0881463112252	-0.083758965671	0.00255766268022	-0.00427913134432	0.00904371471761	0.0289978071125	-0.0159888114425	-0.0702258036622	-0.0626460902106	-0.0164470225924	-0.028949056116	0.0117134473074	0.0117504548892	0.0112839170307	0.00948748510028	0.0281173936967	1.0	0.092340312225	0.0060876915229	0.0307871313266	-0.00176244214513	-0.031830709621	-0.0911069504286	-0.000968809437487	0.00296395447024	-0.00153902937865	0.0407350816677	-0.00921388446273	0.0508557234863	0.037549835177	-0.0296434374901	0.0139863346017	0.0276684497976	0.0104324521052	-0.0485428554997	-0.0826034832844	0.0186892111362	-0.0438641228524	0.0124961576911	0.0146279993329	-0.00372410333821	-0.0986560038155	-0.014379790676	0.00643588118358	-0.00225693117161	0.0159610483764
