#taxonomy	k__Bacteria;p__Bacteroidetes;c__Bacteroidia;o__Bacteroidales;f__Bacteroidaceae;g__Bacteroides;s__Bacteroides_vulgatus	k__Bacteria;p__Bacteroidetes;c__Bacteroidia;o__Bacteroidales;f__Bacteroidaceae;g__Bacteroides;s__Bacteroides_uniformis	k__Bacteria;p__Bacteroidetes;c__Bacteroidia;o__Bacteroidales;f__Rikenellaceae;g__Alistipes;s__Alistipes_putredinis	k__Bacteria;p__Bacteroidetes;c__Bacteroidia;o__Bacteroidales;f__Prevotellaceae;g__Prevotella;s__Prevotella_copri	k__Bacteria;p__Bacteroidetes;c__Bacteroidia;o__Bacteroidales;f__Bacteroidaceae;g__Bacteroides;s__Bacteroides_stercoris	k__Bacteria;p__Bacteroidetes;c__Bacteroidia;o__Bacteroidales;f__Bacteroidaceae;g__Bacteroides;s__Bacteroides_ovatus	k__Bacteria;p__Bacteroidetes;c__Bacteroidia;o__Bacteroidales;f__Rikenellaceae;g__Alistipes;s__Alistipes_shahii	k__Bacteria;p__Firmicutes;c__Clostridia;o__Clostridiales;f__Ruminococcaceae;g__Faecalibacterium;s__Faecalibacterium_prausnitzii	k__Bacteria;p__Bacteroidetes;c__Bacteroidia;o__Bacteroidales;f__Rikenellaceae;g__Alistipes;s__Alistipes_finegoldii	k__Bacteria;p__Bacteroidetes;c__Bacteroidia;o__Bacteroidales;f__Porphyromonadaceae;g__Parabacteroides;s__Parabacteroides_distasonis	k__Bacteria;p__Bacteroidetes;c__Bacteroidia;o__Bacteroidales;f__Bacteroidaceae;g__Bacteroides;s__Bacteroides_thetaiotaomicron	k__Bacteria;p__Bacteroidetes;c__Bacteroidia;o__Bacteroidales;f__Bacteroidaceae;g__Bacteroides;s__Bacteroides_coprocola	k__Bacteria;p__Bacteroidetes;c__Bacteroidia;o__Bacteroidales;f__Bacteroidaceae;g__Bacteroides;s__Bacteroides_cellulosilyticus	k__Bacteria;p__Bacteroidetes;c__Bacteroidia;o__Bacteroidales;f__Rikenellaceae;g__Alistipes;s__Alistipes_obesi	k__Bacteria;p__Firmicutes;c__Clostridia;o__Clostridiales;f__Lachnospiraceae;g__;s__[Eubacterium]_rectale	k__Bacteria;p__Bacteroidetes;c__Bacteroidia;o__Bacteroidales;f__Bacteroidaceae;g__Bacteroides;s__Bacteroides_plebeius	k__Bacteria;p__Bacteroidetes;c__Bacteroidia;o__Bacteroidales;f__Bacteroidaceae;g__Bacteroides;s__Bacteroides_fragilis	k__Bacteria;p__Proteobacteria;c__Betaproteobacteria;o__Burkholderiales;f__Sutterellaceae;g__Sutterella;s__Sutterella_wadsworthensis	k__Bacteria;p__Bacteroidetes;c__Bacteroidia;o__Bacteroidales;f__Porphyromonadaceae;g__Barnesiella;s__Barnesiella_intestinihominis	k__Bacteria;p__Bacteroidetes;c__Bacteroidia;o__Bacteroidales;f__Odoribacteraceae;g__Odoribacter;s__Odoribacter_splanchnicus	k__Bacteria;p__Bacteroidetes;c__Bacteroidia;o__Bacteroidales;f__Bacteroidaceae;g__Bacteroides;s__Bacteroides_salyersiae	k__Bacteria;p__Firmicutes;c__Clostridia;o__Clostridiales;f__Ruminococcaceae;g__Ruminiclostridium;s__[Eubacterium]_siraeum	k__Bacteria;p__Proteobacteria;c__Betaproteobacteria;o__Burkholderiales;f__Sutterellaceae;g__Parasutterella;s__Parasutterella_excrementihominis	k__Bacteria;p__Actinobacteria;c__Actinobacteria;o__Bifidobacteriales;f__Bifidobacteriaceae;g__Bifidobacterium;s__Bifidobacterium_adolescentis	k__Bacteria;p__Firmicutes;c__Clostridia;o__Clostridiales;f__Oscillospiraceae;g__Oscillibacter;s__Oscillibacter_sp._KLE_1745	k__Bacteria;p__Bacteroidetes;c__Bacteroidia;o__Bacteroidales;f__Bacteroidaceae;g__Bacteroides;s__Bacteroides_coprophilus	k__Bacteria;p__Firmicutes;c__Clostridia;o__Clostridiales;f__Lachnospiraceae;g__Roseburia;s__Roseburia_intestinalis	k__Bacteria;p__Firmicutes;c__Clostridia;o__Clostridiales;f__Lachnospiraceae;g__Roseburia;s__Roseburia_hominis	k__Bacteria;p__Bacteroidetes;c__Bacteroidia;o__Bacteroidales;f__Porphyromonadaceae;g__Parabacteroides;s__Parabacteroides_johnsonii	k__Bacteria;p__Actinobacteria;c__Actinobacteria;o__Bifidobacteriales;f__Bifidobacteriaceae;g__Bifidobacterium;s__Bifidobacterium_longum	k__Bacteria;p__Firmicutes;c__Clostridia;o__Clostridiales;f__;g__Flavonifractor;s__Flavonifractor_plautii	k__Bacteria;p__Firmicutes;c__Clostridia;o__Clostridiales;f__Clostridiaceae;g__Clostridium;s__Clostridium_phoceensis	k__Bacteria;p__Verrucomicrobia;c__Verrucomicrobiae;o__Verrucomicrobiales;f__Akkermansiaceae;g__Akkermansia;s__Akkermansia_muciniphila	k__Bacteria;p__Bacteroidetes;c__Bacteroidia;o__Bacteroidales;f__Prevotellaceae;g__Paraprevotella;s__Paraprevotella_xylaniphila	k__Bacteria;p__Firmicutes;c__Clostridia;o__Clostridiales;f__Ruminococcaceae;g__Ruminococcus;s__Ruminococcus_callidus	k__Bacteria;p__Bacteroidetes;c__Bacteroidia;o__Bacteroidales;f__Rikenellaceae;g__Alistipes;s__Alistipes_senegalensis	k__Bacteria;p__Firmicutes;c__Clostridia;o__Clostridiales;f__Lachnospiraceae;g__Blautia;s__Blautia_sp._KLE_1732	k__Bacteria;p__Bacteroidetes;c__Bacteroidia;o__Bacteroidales;f__Bacteroidaceae;g__Bacteroides;s__Bacteroides_oleiciplenus	k__Bacteria;p__Firmicutes;c__Clostridia;o__Clostridiales;f__Ruminococcaceae;g__Ruminococcus;s__Ruminococcus_bicirculans	k__Bacteria;p__Bacteroidetes;c__Bacteroidia;o__Bacteroidales;f__Bacteroidaceae;g__Bacteroides;s__Bacteroides_fluxus	k__Bacteria;p__Bacteroidetes;c__Bacteroidia;o__Bacteroidales;f__Prevotellaceae;g__Prevotella;s__Prevotella_stercorea	k__Bacteria;p__Firmicutes;c__Clostridia;o__Clostridiales;f__Lachnospiraceae;g__Dorea;s__Dorea_longicatena	k__Bacteria;p__Firmicutes;c__Clostridia;o__Clostridiales;f__Eubacteriaceae;g__Eubacterium;s__[Eubacterium]_eligens	k__Bacteria;p__Firmicutes;c__Clostridia;o__Clostridiales;f__Ruminococcaceae;g__;s__Ruminococcaceae_bacterium_D16	k__Bacteria;p__Firmicutes;c__Clostridia;o__Clostridiales;f__Lachnospiraceae;g__Coprococcus;s__Coprococcus_comes	k__Bacteria;p__Proteobacteria;c__Gammaproteobacteria;o__Enterobacterales;f__Enterobacteriaceae;g__Escherichia;s__Escherichia_coli	k__Bacteria;p__Firmicutes;c__Clostridia;o__Clostridiales;f__Ruminococcaceae;g__Anaerotruncus;s__Anaerotruncus_colihominis	k__Bacteria;p__Firmicutes;c__Clostridia;o__Clostridiales;f__Lachnospiraceae;g__Blautia;s__Blautia_obeum	k__Bacteria;p__Bacteroidetes;c__Bacteroidia;o__Bacteroidales;f__Odoribacteraceae;g__Odoribacter;s__Odoribacter_laneus	k__Bacteria;p__Firmicutes;c__Clostridia;o__Clostridiales;f__Ruminococcaceae;g__Ruminiclostridium;s__[Clostridium]_leptum	k__Bacteria;p__Bacteroidetes;c__Bacteroidia;o__Bacteroidales;f__Porphyromonadaceae;g__Parabacteroides;s__Parabacteroides_goldsteinii	k__Bacteria;p__Firmicutes;c__Clostridia;o__Clostridiales;f__Lachnospiraceae;g__Anaerostipes;s__Anaerostipes_hadrus	k__Bacteria;p__Firmicutes;c__Clostridia;o__Clostridiales;f__Ruminococcaceae;g__Ruminococcus;s__Ruminococcus_lactaris	k__Bacteria;p__Firmicutes;c__Clostridia;o__Clostridiales;f__Clostridiaceae;g__Clostridium;s__Clostridium_sp._L2-50	k__Bacteria;p__Firmicutes;c__Clostridia;o__Clostridiales;f__Clostridiaceae;g__Clostridium;s__Clostridium_sp._M62/1	k__Bacteria;p__Firmicutes;c__Clostridia;o__Clostridiales;f__;g__Intestinimonas;s__Intestinimonas_butyriciproducens	k__Bacteria;p__Actinobacteria;c__Actinobacteria;o__Bifidobacteriales;f__Bifidobacteriaceae;g__Bifidobacterium;s__Bifidobacterium_bifidum	k__Bacteria;p__Firmicutes;c__Negativicutes;o__Veillonellales;f__Veillonellaceae;g__Dialister;s__Dialister_invisus	k__Bacteria;p__Bacteroidetes;c__Bacteroidia;o__Bacteroidales;f__Bacteroidaceae;g__Bacteroides;s__Bacteroides_salanitronis
k__Bacteria;p__Bacteroidetes;c__Bacteroidia;o__Bacteroidales;f__Bacteroidaceae;g__Bacteroides;s__Bacteroides_vulgatus	1.0	8.15658905709e-06	-0.00371170782283	0.00708835175215	-0.0464454024564	0.00607534159571	-0.00561347638667	-0.0318794648092	-0.0310328612746	0.0290816914643	-0.0393170220953	-0.0262982422131	0.0232018591303	0.00992618632246	-0.0442560251092	-0.0486363183623	-0.032120211834	-0.0702731255104	0.0569186311616	0.0191551551634	-0.00522505481316	-0.059671176549	-0.0456332388694	-0.0451778877821	0.0315708444919	-0.0877067443864	-0.0921191165271	-0.0178663265855	-0.00623517555742	-0.00385271050098	-0.00104982658819	-0.0853902519491	-0.0741176526106	-0.033872678108	0.0546123026753	-0.00671184448107	-0.00527614911177	0.0365926991	-0.00454439766601	0.02807517989	-0.0395938949088	0.0233269555431	0.000505872546679	-0.0359572372114	0.000273069792206	-0.0311470373329	0.0385662755683	-0.0488589570504	0.0411729031803	0.0673189170099	-0.0506693208932	0.0109906805651	-0.0147278731798	0.0030526877742	0.0417842425724	-0.0105225898731	-0.0113942784704	0.00775499990807	-0.0163563802875
k__Bacteria;p__Bacteroidetes;c__Bacteroidia;o__Bacteroidales;f__Bacteroidaceae;g__Bacteroides;s__Bacteroides_uniformis	8.15658905709e-06	1.0	-0.0102412303603	-0.0388391819786	-0.0163410490337	-0.0344907542736	-0.0506309485633	0.0387393386836	-0.0297107946351	-0.0668483283218	0.107334053345	-0.0278224790526	-0.042116370747	0.0350580856446	-0.010409240774	-0.00461288312021	-0.00916559063081	-0.0010713211025	0.0197074652896	-0.056337510856	-0.0270794853657	0.0195587924222	0.0250277586047	-0.0632852960603	0.0162647240527	-0.0492409103	-0.0865074479449	-0.00163384302813	0.020655795042	-0.0228527120644	-0.0202079166487	0.0580736720902	-0.0312472805213	-0.0071082101983	-0.0435735045685	-0.019330629681	-0.000153607668314	0.0353243707836	-0.0490384909116	-0.0348566282056	-0.0687917284751	-0.00178196409318	-0.0142136240513	-0.0122145759087	0.017906010645	0.0689302602044	0.0025955223313	0.0419751783366	-0.044147598728	-0.013170479474	-0.0225981165244	-0.0228058567538	0.0625118382491	0.055618309451	-0.0168229604591	-0.0250355008202	0.0324341290071	-0.0301532399967	0.0194187930932
k__Bacteria;p__Bacteroidetes;c__Bacteroidia;o__Bacteroidales;f__Rikenellaceae;g__Alistipes;s__Alistipes_putredinis	-0.00371170782283	-0.0102412303603	1.0	-0.00274293107344	-0.0141435804172	-0.0463393524472	-0.0198636546279	-0.0154666470971	0.0112680173468	-0.0713345887372	-0.00547286792007	-0.0160039446653	0.0197355046499	0.0661885495818	-0.0169037796782	0.0369786265093	-0.0520553419336	-0.036675331435	0.00138718713011	-0.0345612949924	0.000256803357248	-0.00778280841316	0.0316689074253	-0.032608383541	0.0090118207358	0.0124918752291	0.0111131178399	0.00782421851968	0.0491300204422	-0.0202729730673	0.0725867462152	0.0145980772781	-0.00461393370638	0.0456764505162	-0.02817563864	-0.000587191410871	-0.0152898842171	-0.0217443629454	0.00607565573762	-0.0645365205561	-0.000192133311308	-0.0113140049229	-0.0496835508709	0.00640677908842	-0.0364540527209	0.00630114646168	-0.00725927358601	0.00137230526718	-0.00235487511719	-0.0507962586911	0.0321621583852	-0.0295887846833	-0.0208140540499	-0.010986319778	0.00345917663342	-0.0556490359725	0.0240448200805	-3.84971109222e-06	0.0153755342617
k__Bacteria;p__Bacteroidetes;c__Bacteroidia;o__Bacteroidales;f__Prevotellaceae;g__Prevotella;s__Prevotella_copri	0.00708835175215	-0.0388391819786	-0.00274293107344	1.0	-0.0451326374589	0.0463211689201	0.0195842231464	0.00592543226189	0.0141561185395	-0.00842013550615	-0.0328749678431	0.00431277851465	-0.023873861812	-0.0473320961103	-0.073072376383	-0.07919505046	0.0235506422835	-0.0600960255137	-0.0190450205146	0.0831301558165	0.0507538991345	-0.0100559283109	-0.0193775261008	-0.00856202452177	0.00463798779441	-0.0741006892418	0.0226174448862	-0.0224054546384	0.0510310080937	-0.111855411644	-0.0541240897293	-0.0467941435147	0.0150008829665	-0.0310204522288	-0.0542783419728	-0.00702866184937	-0.0381988196306	0.00729276648739	-0.00916392269621	-0.0396494789385	0.0254442476428	-0.00917346262213	0.00526461202589	-0.0794219848909	0.0122106295067	-0.0266745165511	0.00503718350896	0.0391994195701	0.00865497390583	-0.00752618179887	0.0205456130207	-0.0473023075696	0.0728074197651	-0.0213408212183	-0.0555629125529	0.0644290799225	0.0281717929462	-0.0167289473646	0.00640828988234
k__Bacteria;p__Bacteroidetes;c__Bacteroidia;o__Bacteroidales;f__Bacteroidaceae;g__Bacteroides;s__Bacteroides_stercoris	-0.0464454024564	-0.0163410490337	-0.0141435804172	-0.0451326374589	1.0	-0.0102796156916	0.0252135016532	0.0172195297827	0.0166850700447	0.0216766133715	-0.00815414986334	-4.83613378601e-05	-0.00932972950251	-0.0352962797871	-0.0331215032373	-0.0567064172189	-0.0894634727849	-0.0321913184513	-0.0850887094919	-0.0260998845176	-0.0119728654266	0.00280628849188	-0.00660240831344	-0.0124895434061	0.012637648228	0.0317870623442	-0.0327156396824	-0.0127280120344	0.0363756393087	-0.0211742757086	-0.0104813205659	-0.0246164835151	-0.0623595484515	0.0291903372036	-0.0264568741126	-0.00763333946289	-0.0387380703836	-0.0333759261258	-0.0705682576858	0.0237906252077	0.0242604675335	-0.0211898832756	-0.020351420438	-0.0747682876293	-0.0236762729916	0.0523360357102	0.0225848017707	0.0204087242988	-0.00867481046658	0.00960341009215	-0.0874965833633	-0.00623806548059	-0.0180201339667	0.0183758499516	0.0692211729121	0.0220017278692	0.044746174689	0.0234048185997	-0.0480255846297
k__Bacteria;p__Bacteroidetes;c__Bacteroidia;o__Bacteroidales;f__Bacteroidaceae;g__Bacteroides;s__Bacteroides_ovatus	0.00607534159571	-0.0344907542736	-0.0463393524472	0.0463211689201	-0.0102796156916	1.0	0.0397084670276	-0.0698355633318	-0.0303879039599	-0.0537888871498	0.0250161495178	-0.0628022958855	-0.0133786306961	0.0430837987237	-0.0366939512258	0.00402579345489	-0.0457951166396	0.0125425623817	-0.048849821414	-0.0291683056928	0.067976297108	0.0187907399594	-0.080774949637	0.0118978761025	0.00973849809597	-0.0295241568484	0.0191874563569	-0.0474155240987	-0.0443768701834	0.0400735659525	0.0241322281658	0.0263914426048	-0.0296005279915	0.0179809798452	0.00874860972623	0.0559131030962	-0.00113081961725	-0.0161943983312	0.02859076364	-0.00224880583578	-0.0297206410781	-0.0767315480878	-0.0034250126224	-0.0243620761805	-0.0141956416098	-0.0143939450982	-0.00822694053163	0.00634206212724	0.0609596237623	0.00299782059221	-0.00919729283776	0.0102528618969	0.0244346978663	0.0606913793811	-0.0328868481602	-0.0329963509188	0.00717341375204	-0.021022157746	0.0471051089367
k__Bacteria;p__Bacteroidetes;c__Bacteroidia;o__Bacteroidales;f__Rikenellaceae;g__Alistipes;s__Alistipes_shahii	-0.00561347638667	-0.0506309485633	-0.0198636546279	0.0195842231464	0.0252135016532	0.0397084670276	1.0	-0.00575066665243	0.0593758717057	-0.0203682361937	-0.0426222266573	-0.0567058903746	0.0649598290216	-0.00010362157675	-0.0260585730117	0.0286544764227	0.00764437610865	-0.00940300992062	-0.0309104577599	-0.0312039984819	0.0472767406977	0.00902496496744	-0.0279081636316	0.0209059499428	0.0712404140868	0.0496778753338	-0.00118520060568	-0.0484146979876	-0.00561484979187	-0.0458882732332	0.0182330599713	-0.0241740398713	-0.0505484010679	-0.00742048421812	-0.075135767879	-0.0470953703278	0.0245051326859	-0.0313585843533	-0.00258205804472	0.0285375647439	-0.0524544020697	-0.0790564223709	0.00966369139145	-0.00126898417437	-0.0300786765909	0.0237933739689	-0.0204539916795	-0.0653922767924	0.00191605993186	-0.0246993766789	-0.072833624151	-0.00725039833901	-0.0210301985772	0.0589588502373	-0.0254171300494	-0.0568264972925	-0.0417425082864	-0.02557472619	-0.0483924515987
k__Bacteria;p__Firmicutes;c__Clostridia;o__Clostridiales;f__Ruminococcaceae;g__Faecalibacterium;s__Faecalibacterium_prausnitzii	-0.0318794648092	0.0387393386836	-0.0154666470971	0.00592543226189	0.0172195297827	-0.0698355633318	-0.00575066665243	1.0	-0.0656612629656	-0.00900670767786	-0.0622764728296	0.0415147853996	-0.0560051550483	0.0286252879581	-0.0065432590673	0.000167301797611	-0.0402945420365	-0.000304617968287	-0.0389021458093	0.0405790362966	-0.0413673976811	-0.0347644349041	-0.018716881834	-0.0269382125921	0.00720844464416	-0.043407615111	-0.0428409324133	-0.00675285653417	0.028961485085	-0.00278209210789	0.0378715924566	0.0436061679206	0.0123561754408	-0.00839284616144	-0.0162133049977	-0.0263416877896	-0.00925370535308	0.0307931571586	0.0335310678469	-0.004508785983	-0.0342078911794	-0.02899484109	-0.000869340673237	-2.22990219308e-05	-0.0257962117252	-0.0444145379114	0.00963679857535	-0.0190370906728	-0.0377725283916	0.0364265374516	-0.00108932074406	0.020227374602	-0.0280399090868	0.00307742132498	-0.0453692577545	-0.0183719767083	0.0148971168021	-0.050431285763	-0.030502829594
k__Bacteria;p__Bacteroidetes;c__Bacteroidia;o__Bacteroidales;f__Rikenellaceae;g__Alistipes;s__Alistipes_finegoldii	-0.0310328612746	-0.0297107946351	0.0112680173468	0.0141561185395	0.0166850700447	-0.0303879039599	0.0593758717057	-0.0656612629656	1.0	-0.0352732093888	-0.012842159875	0.00972884205769	-0.0311851963737	0.00326926008616	-0.038227139661	-0.0303575539727	-0.0033759428973	0.0213095309664	0.0253972581894	-0.0594617885452	-0.00312765727888	-0.0202193869018	-0.0249961239789	0.0215538134542	0.00404180287916	0.0325777297374	-0.0193995860983	0.017141396395	-0.0481175502173	0.00616983159649	0.000986655819609	0.0210358961304	0.0197202811744	-0.0601475704519	-0.0456270055079	0.0442321413313	0.024723121127	-0.0447550642882	0.0213443704157	0.0131055430552	-0.00704153177583	0.00396774196032	-0.0320682169835	-0.00521783418672	-0.0925573645391	-0.0389256300526	-0.0219431261493	0.034756721736	0.0180644558901	-0.0373750145321	-0.0132840588664	-0.0872536723574	-0.0114090106857	0.021425006533	-0.0834550537012	0.0347217521458	-0.0293376481107	-0.0318247388602	-0.043782041238
k__Bacteria;p__Bacteroidetes;c__Bacteroidia;o__Bacteroidales;f__Porphyromonadaceae;g__Parabacteroides;s__Parabacteroides_distasonis	0.0290816914643	-0.0668483283218	-0.0713345887372	-0.00842013550615	0.0216766133715	-0.0537888871498	-0.0203682361937	-0.00900670767786	-0.0352732093888	1.0	0.0222889446192	-0.0210394043183	0.0561130010462	-0.0407898180596	-0.0799445460634	0.0158528710377	-0.0280862892794	0.0350978591697	0.00458682835702	0.0274093890834	0.0151710275512	0.0290450032148	-0.0428872098375	-0.000554474494564	-0.0455857404699	-0.0175701347494	-0.0197032046503	0.0208664874656	0.0262199787503	-0.042845951526	-0.11784981453	-0.0639706406835	-0.0329301215902	-0.00501177779759	-0.0156976862431	0.0500500182456	-0.037419619867	-0.0479181306741	0.0531148965091	-0.00123345129892	0.0255851148628	-0.0447181668614	-0.0202277762445	-0.0279390729414	0.0104303178283	0.040731527297	-0.0494749158661	-0.0609673622669	-0.0213097490172	-0.0122593641572	0.0668797773202	0.0324028520082	-0.0336472613291	0.00895228361197	-0.0131246178616	0.0493081620905	-0.0142496619872	0.000352938154488	-0.0064291490072
k__Bacteria;p__Bacteroidetes;c__Bacteroidia;o__Bacteroidales;f__Bacteroidaceae;g__Bacteroides;s__Bacteroides_thetaiotaomicron	-0.0393170220953	0.107334053345	-0.00547286792007	-0.0328749678431	-0.00815414986334	0.0250161495178	-0.0426222266573	-0.0622764728296	-0.012842159875	0.0222889446192	1.0	0.00171397726891	-0.0210711691417	-0.0152145669154	-0.0287085584241	-0.0184755521666	0.00923661020169	0.0453208641984	-0.0609173072843	0.0465544735952	0.0155861017232	0.0291503062982	0.0365488160545	-0.00350062818404	-0.0405868212029	-0.0155110324883	-0.0310275892852	-0.0818068541315	-0.0132435635392	0.0538782213923	-0.0477694330057	-0.027434571209	-0.0161548051393	-0.0163113467799	0.0102757391505	0.0234347789483	-0.0028400634558	0.100666082665	-0.0259951086255	-0.00306471316154	0.0114803169294	0.0213559571652	0.020939345419	0.00649991173683	0.0227569479365	-0.00735865028158	-0.0493367029847	0.0451617014783	-0.020820058661	-0.046295563876	-0.0141397617335	0.0294017795943	0.0124082298142	-0.0261617236953	0.0203983650864	-8.32038334608e-05	-0.000576811410754	0.00168070328521	0.0158466578444
k__Bacteria;p__Bacteroidetes;c__Bacteroidia;o__Bacteroidales;f__Bacteroidaceae;g__Bacteroides;s__Bacteroides_coprocola	-0.0262982422131	-0.0278224790526	-0.0160039446653	0.00431277851465	-4.83613378601e-05	-0.0628022958855	-0.0567058903746	0.0415147853996	0.00972884205769	-0.0210394043183	0.00171397726891	1.0	0.040544877877	-0.0550880122026	-0.0183265929775	-0.0308982085504	-0.0197944413556	-0.00534342750531	-0.0170235000632	-0.0586551996248	-0.0505973843749	-0.0169992009743	-0.000113937057962	0.0242616220512	-0.0108472453871	-0.0161969954962	-0.0635821290693	0.0374741547747	0.0125399999656	0.0645561343956	-0.0443723956844	0.0175722781231	0.0162654216693	-0.0491986420126	0.0134638130873	-0.00592961368708	-0.0262763083929	0.0213063474598	0.0584511290503	-0.020191763263	0.0224306985592	0.0359208964101	-0.0103146063788	0.04089519272	-0.0157054072552	-0.0573838980386	0.0406596553423	-0.0429151021055	-0.0297607526096	-0.00513943416093	-0.00107082770627	-0.0494617645191	0.00894423544108	-0.0232437565045	0.00527448055807	-0.0180982906587	-0.0635718212318	0.00829384517462	-0.0652145932088
k__Bacteria;p__Bacteroidetes;c__Bacteroidia;o__Bacteroidales;f__Bacteroidaceae;g__Bacteroides;s__Bacteroides_cellulosilyticus	0.0232018591303	-0.042116370747	0.0197355046499	-0.023873861812	-0.00932972950251	-0.0133786306961	0.0649598290216	-0.0560051550483	-0.0311851963737	0.0561130010462	-0.0210711691417	0.040544877877	1.0	-0.0732827535538	-0.049347606807	0.0458435281182	0.0371002121093	-0.0121806239948	0.0490951914841	-0.0393702753891	0.0194521988161	-0.0344020753737	0.0147254822806	-0.0164244788552	-0.011563236411	0.0166837973088	0.0250943085644	-0.0827365702	0.0227903466136	-0.0678733830974	-0.0497325000467	0.01002684866	0.0628908201852	-0.00389405686427	-0.0250346102337	-0.0277200066394	0.0268500135343	-0.00665847827447	-0.019869715604	-0.0740847033425	0.0354010914871	-0.0306604684022	0.0392094070658	0.0243492206919	0.0249605677197	-0.0258509411803	-0.0127728008528	0.00167721976384	-0.0224177657612	0.0142030031975	0.050605732442	-0.0061901436451	-0.0300278046103	-0.0222250493663	0.0402987633843	-0.0284044621876	-0.0148546973048	-0.0478659410225	-0.0919183031562
k__Bacteria;p__Bacteroidetes;c__Bacteroidia;o__Bacteroidales;f__Rikenellaceae;g__Alistipes;s__Alistipes_obesi	0.00992618632246	0.0350580856446	0.0661885495818	-0.0473320961103	-0.0352962797871	0.0430837987237	-0.00010362157675	0.0286252879581	0.00326926008616	-0.0407898180596	-0.0152145669154	-0.0550880122026	-0.0732827535538	1.0	-0.000743086355482	0.00729076808754	-0.0701552544207	-0.0289866801173	0.0365915250858	0.00381647936883	-0.0271246600563	0.0320543550907	0.0167790220599	0.0370777923201	0.000447131449608	0.0127341679228	-0.0094872469252	-0.0236282485755	-0.0633636102736	0.0344512275628	-0.0178050269535	-0.079218442479	-0.0401572187827	0.0215450816938	0.0234610054638	0.0315984883723	-0.00033850038199	-0.0878161062777	-0.00455427032946	-6.70695876847e-05	-0.045348690077	-0.0405747220987	-0.0129815826522	-0.0251548629649	-0.000235020164661	0.0316921409489	0.0135920738162	0.0253234909433	0.0320656415534	-0.0227222962833	0.037541614446	-0.054734286712	-0.0767887129362	-0.0708427282856	0.0165312289709	0.00459770765943	0.00654975100688	-0.0197647323108	-0.0312980486128
k__Bacteria;p__Firmicutes;c__Clostridia;o__Clostridiales;f__Lachnospiraceae;g__;s__[Eubacterium]_rectale	-0.0442560251092	-0.010409240774	-0.0169037796782	-0.073072376383	-0.0331215032373	-0.0366939512258	-0.0260585730117	-0.0065432590673	-0.038227139661	-0.0799445460634	-0.0287085584241	-0.0183265929775	-0.049347606807	-0.000743086355482	1.0	0.0865812753594	0.0594836259977	-0.0452188004279	0.0146272946649	0.0300254026293	-0.038296312168	-0.0151757444594	-0.057329891658	-0.0269698145489	-0.0943852644059	0.0411985734993	0.00386421552401	0.0555076962162	-0.0459375181247	0.00499157064163	-0.0561265925344	-0.0593855160136	0.00539890288665	-0.163204779836	-0.000649311806765	-0.00496878694099	0.0412828812878	-0.00147774326914	-0.0282414013442	-0.0162638265004	0.0284016802785	0.011328667832	-0.0447545935908	-0.0219842895571	0.0298260214241	-0.0513791976454	0.0490271213166	-0.0155795253424	0.0678014105526	0.0137272384439	-0.0507012656678	-0.0459469617629	-0.0810939560803	-0.011340121943	-0.0110221160503	0.00482422392104	-0.0337204080914	0.072239690491	0.0266580566473
k__Bacteria;p__Bacteroidetes;c__Bacteroidia;o__Bacteroidales;f__Bacteroidaceae;g__Bacteroides;s__Bacteroides_plebeius	-0.0486363183623	-0.00461288312021	0.0369786265093	-0.07919505046	-0.0567064172189	0.00402579345489	0.0286544764227	0.000167301797611	-0.0303575539727	0.0158528710377	-0.0184755521666	-0.0308982085504	0.0458435281182	0.00729076808754	0.0865812753594	1.0	-0.0378269391499	-0.0642619765509	-0.0191851412116	0.036143067804	-0.0670809816563	-0.0311080972351	0.0832689259121	-0.0305549482382	-0.0102810522144	0.0180092176131	-0.0419133015958	0.0235574999637	-0.0287757548679	-0.0419736146673	-0.0448486067154	0.0438535619362	-0.0141136458407	0.000383834734855	-0.00995994821337	-0.0486647064375	-0.00791343913478	-0.0290939467609	-0.016674760279	0.0250142051324	-0.0700156865097	0.002006187975	0.0289740964494	0.00783008639484	0.0183292352847	-0.062679858233	-0.0308138666087	-0.0280150535575	0.046696179307	-0.0308371170003	-0.0291935408112	-0.0523656270544	0.0507760968558	0.0251237354648	0.00010156343404	0.0220134560274	-0.00507529325474	-0.0508690125935	-0.0137103764487
k__Bacteria;p__Bacteroidetes;c__Bacteroidia;o__Bacteroidales;f__Bacteroidaceae;g__Bacteroides;s__Bacteroides_fragilis	-0.032120211834	-0.00916559063081	-0.0520553419336	0.0235506422835	-0.0894634727849	-0.0457951166396	0.00764437610865	-0.0402945420365	-0.0033759428973	-0.0280862892794	0.00923661020169	-0.0197944413556	0.0371002121093	-0.0701552544207	0.0594836259977	-0.0378269391499	1.0	0.0108294243013	-0.0214139142223	0.00828138469755	0.0373769146305	-0.0253200128147	-0.000904884791424	-0.0158818045254	-0.00188062139307	0.0726461827368	0.0135087300539	-0.0216992034529	0.017871633992	-0.000854190815614	-0.00867970442851	-0.0191212643568	-0.015077435992	0.0450199390102	-0.0133584857477	-0.00627838569636	0.021067496642	-0.0534844404409	-0.00498406307893	-0.0188091582895	-0.0437398087715	-0.0279856496518	0.03492608688	0.0608337583828	-0.0239092058273	-0.0317861524543	0.0160524643126	0.00828275602092	-0.0339239199438	-0.00391951939483	0.00787754171633	-0.0400550049737	-0.0381026252011	-0.0202053290894	0.0123846851349	-0.0467619964811	-0.069654963204	-0.0344425219937	0.0234393253036
k__Bacteria;p__Proteobacteria;c__Betaproteobacteria;o__Burkholderiales;f__Sutterellaceae;g__Sutterella;s__Sutterella_wadsworthensis	-0.0702731255104	-0.0010713211025	-0.036675331435	-0.0600960255137	-0.0321913184513	0.0125425623817	-0.00940300992062	-0.000304617968287	0.0213095309664	0.0350978591697	0.0453208641984	-0.00534342750531	-0.0121806239948	-0.0289866801173	-0.0452188004279	-0.0642619765509	0.0108294243013	1.0	0.0408978433427	-0.0197956944899	0.0223966594367	0.0123178885855	-0.0281308088378	-0.0461088717215	0.0410796663821	-0.0261759803724	-0.00223011439204	0.0803334190197	-0.00750879260159	0.0145502191721	0.0275990209642	0.0362437332505	-0.00665578295867	0.00944102968415	0.0130277830443	-0.0226817393626	0.0333028787645	0.0201298360446	0.0179772067734	-0.0313003990757	0.0263853862183	0.01543665834	0.00383018692961	0.0493535413665	0.00382638385934	-0.0143300516606	-0.0370648469016	-0.0178152171698	-0.065546040534	-0.0285466904368	-0.0228018437224	-0.0288498363171	-0.0426602410963	-0.00246692037525	-0.0497847757275	0.071822429595	-0.0226231840129	-0.0374474037692	-0.0170721884583
k__Bacteria;p__Bacteroidetes;c__Bacteroidia;o__Bacteroidales;f__Porphyromonadaceae;g__Barnesiella;s__Barnesiella_intestinihominis	0.0569186311616	0.0197074652896	0.00138718713011	-0.0190450205146	-0.0850887094919	-0.048849821414	-0.0309104577599	-0.0389021458093	0.0253972581894	0.00458682835702	-0.0609173072843	-0.0170235000632	0.0490951914841	0.0365915250858	0.0146272946649	-0.0191851412116	-0.0214139142223	0.0408978433427	1.0	-0.0443055915851	-0.0552814473816	0.0137363763397	-0.017652535101	0.0127056118568	0.0605548567163	-0.088843432849	-0.0355694632875	0.0309770756538	-0.0816907988767	0.0574466772439	-0.0340658699184	-0.0500821001238	-0.0234463447085	-0.0253406161064	0.0945697731698	0.00706261439409	0.0127168963324	0.000459060247414	0.0370908317667	0.0271563920274	0.0856495328614	-0.0296489858044	0.0392137847218	-0.0273199317201	0.00759058089935	-0.0186504363922	-0.0476417730684	0.0486429975921	-0.0350113084525	-0.00237203905106	0.0450708658194	0.0767775858433	-0.0225472031499	-0.00206791126433	-0.0138010424156	-0.0596387533076	-0.0403596329124	0.0675952957533	-0.00474430955588
k__Bacteria;p__Bacteroidetes;c__Bacteroidia;o__Bacteroidales;f__Odoribacteraceae;g__Odoribacter;s__Odoribacter_splanchnicus	0.0191551551634	-0.056337510856	-0.0345612949924	0.0831301558165	-0.0260998845176	-0.0291683056928	-0.0312039984819	0.0405790362966	-0.0594617885452	0.0274093890834	0.0465544735952	-0.0586551996248	-0.0393702753891	0.00381647936883	0.0300254026293	0.036143067804	0.00828138469755	-0.0197956944899	-0.0443055915851	1.0	-0.0322947586367	0.00607233580987	0.0090062366861	0.0305862368758	-0.035339440747	-0.00327823419109	-0.0106189515817	0.0124792932577	0.011165348131	-0.0138224862566	-0.0407657633057	0.00978510808541	-0.0411740077732	-0.0153975055951	-0.0527455830563	-0.0418780965621	-0.033056492494	0.0368220636995	0.0287774710355	0.00885401385488	-0.00376276794956	-0.0429388655313	-0.0126269452458	-0.0178107007331	0.052537463439	0.037966615767	-0.0281754002823	0.0729823863628	-0.0106063435011	0.0157137842773	-0.00247231151645	0.0678376196338	-0.00985057015963	0.0255055142355	0.0265504890723	-0.0305258015091	-0.00279599824917	-0.0149298419512	0.0315835680943
k__Bacteria;p__Bacteroidetes;c__Bacteroidia;o__Bacteroidales;f__Bacteroidaceae;g__Bacteroides;s__Bacteroides_salyersiae	-0.00522505481316	-0.0270794853657	0.000256803357248	0.0507538991345	-0.0119728654266	0.067976297108	0.0472767406977	-0.0413673976811	-0.00312765727888	0.0151710275512	0.0155861017232	-0.0505973843749	0.0194521988161	-0.0271246600563	-0.038296312168	-0.0670809816563	0.0373769146305	0.0223966594367	-0.0552814473816	-0.0322947586367	1.0	-0.046251484462	0.0111275730271	0.0958596683496	-0.000383891807227	-0.0706163298589	-0.0200155714421	0.0097651773557	-0.0689679194014	0.01284475016	-0.038310955036	0.0229303043984	-0.0271462820704	0.0422632674401	0.00996594227014	-0.0704277938005	-0.0724152573666	0.0126634127841	0.0157275711827	0.0336789172778	0.0149313909517	-0.114640321578	-0.0109686484154	-0.012118923813	-0.0261398147324	0.0110752833441	0.0360466346195	-0.00848012215316	0.0307314396429	0.0327747260532	-0.0396617232667	-0.0740764422581	0.000579157092519	-0.0442572721847	0.0721875650524	-0.011948697779	0.0358072523273	-0.0285479699208	0.00875234749136
k__Bacteria;p__Firmicutes;c__Clostridia;o__Clostridiales;f__Ruminococcaceae;g__Ruminiclostridium;s__[Eubacterium]_siraeum	-0.059671176549	0.0195587924222	-0.00778280841316	-0.0100559283109	0.00280628849188	0.0187907399594	0.00902496496744	-0.0347644349041	-0.0202193869018	0.0290450032148	0.0291503062982	-0.0169992009743	-0.0344020753737	0.0320543550907	-0.0151757444594	-0.0311080972351	-0.0253200128147	0.0123178885855	0.0137363763397	0.00607233580987	-0.046251484462	1.0	0.0445402467361	-0.0462762277609	-0.0154712850021	-0.0983899070594	-0.00412473775061	-0.00613626059294	-0.0380539168434	-0.0583675068016	0.0117898357742	-0.0951123060551	-0.00448268114639	0.0821266732316	-0.105919284772	-0.0263624643524	-0.0506762757517	-0.0194620779456	0.014877203818	-0.0261493201764	-0.013915699586	0.0170099786581	0.0176960579915	-0.043986721198	-0.0374414813941	0.034165565749	0.0158544939673	-0.0384608665126	-0.0837618118172	0.0501588693555	0.0164344313269	-0.00796775252339	0.0279485605577	0.0204634874644	-0.0409090655448	-0.0423490978542	0.0544251327905	-0.0463816049462	-0.0525832315198
k__Bacteria;p__Proteobacteria;c__Betaproteobacteria;o__Burkholderiales;f__Sutterellaceae;g__Parasutterella;s__Parasutterella_excrementihominis	-0.0456332388694	0.0250277586047	0.0316689074253	-0.0193775261008	-0.00660240831344	-0.080774949637	-0.0279081636316	-0.018716881834	-0.0249961239789	-0.0428872098375	0.0365488160545	-0.000113937057962	0.0147254822806	0.0167790220599	-0.057329891658	0.0832689259121	-0.000904884791424	-0.0281308088378	-0.017652535101	0.0090062366861	0.0111275730271	0.0445402467361	1.0	-0.0306137396079	-0.0169463289475	0.00529132201356	0.00744715047565	-0.0109924316902	-0.00166472884395	-0.0361481698878	0.016949087703	-0.0441181555671	-0.0250844189789	0.0611952442966	0.0124027783068	0.0155528357692	-0.0339083909131	-0.0668561819915	-0.00197789897172	-0.0106953898066	-0.0675056668359	0.0126925199761	0.0342765598872	0.0261403848952	-0.0562814046304	-0.0719230392901	-0.0390537881375	-0.0136450172174	-0.00192665250429	-0.0261077708472	-0.0542399178248	-0.0241974099565	0.0128777342093	-0.0303772118242	-0.00257492012342	0.00817052137864	-0.0114895416641	-0.0266683309772	-0.0401804154379
k__Bacteria;p__Actinobacteria;c__Actinobacteria;o__Bifidobacteriales;f__Bifidobacteriaceae;g__Bifidobacterium;s__Bifidobacterium_adolescentis	-0.0451778877821	-0.0632852960603	-0.032608383541	-0.00856202452177	-0.0124895434061	0.0118978761025	0.0209059499428	-0.0269382125921	0.0215538134542	-0.000554474494564	-0.00350062818404	0.0242616220512	-0.0164244788552	0.0370777923201	-0.0269698145489	-0.0305549482382	-0.0158818045254	-0.0461088717215	0.0127056118568	0.0305862368758	0.0958596683496	-0.0462762277609	-0.0306137396079	1.0	0.0569283978923	-0.0622947334374	-0.0235454087247	-0.0386207565727	-0.00379033793395	-0.0107830177207	-0.0589438621714	0.00288170190126	-0.0019908897189	0.0110989953121	-0.0540956489343	-0.0321445423861	-0.000390285912491	-0.0113418162926	0.0289934258972	-0.0306362769646	-0.00623756026839	-0.0741954599444	-0.0396753326793	0.0413520800442	0.0174977806639	-0.00192707534156	0.00402931230887	-0.000966002550525	-0.0409590469138	-0.0145085724768	0.0801014625434	-0.0293418795229	-0.0481708114318	-0.0178287599187	-0.00012783289043	-0.033482256335	-0.00686218600143	-0.0179704150318	0.0119971218178
k__Bacteria;p__Firmicutes;c__Clostridia;o__Clostridiales;f__Oscillospiraceae;g__Oscillibacter;s__Oscillibacter_sp._KLE_1745	0.0315708444919	0.0162647240527	0.0090118207358	0.00463798779441	0.012637648228	0.00973849809597	0.0712404140868	0.00720844464416	0.00404180287916	-0.0455857404699	-0.0405868212029	-0.0108472453871	-0.011563236411	0.000447131449608	-0.0943852644059	-0.0102810522144	-0.00188062139307	0.0410796663821	0.0605548567163	-0.035339440747	-0.000383891807227	-0.0154712850021	-0.0169463289475	0.0569283978923	1.0	-0.0074418139725	-0.0189950241157	0.0439196180801	0.0224359590491	-0.0010946928834	0.0269044208762	-0.0297396472951	-0.00692657529515	0.00704332088279	0.0438582620174	0.0347158492642	-0.00865172254808	-0.0748102949752	-0.0264072561694	0.0328087750059	-0.0263736733219	-0.033473379536	-0.0852628879544	-9.26091522465e-05	0.0278220138303	0.0194595917009	-0.00551396087479	-0.0757529252274	-0.00973235050921	-0.0379064795528	-0.0543608139183	-0.0475816786802	-0.0303891512733	0.06242149222	-0.0267718984461	-0.0273444572051	0.0337631789082	0.0202086111791	-0.0278105138885
k__Bacteria;p__Bacteroidetes;c__Bacteroidia;o__Bacteroidales;f__Bacteroidaceae;g__Bacteroides;s__Bacteroides_coprophilus	-0.0877067443864	-0.0492409103	0.0124918752291	-0.0741006892418	0.0317870623442	-0.0295241568484	0.0496778753338	-0.043407615111	0.0325777297374	-0.0175701347494	-0.0155110324883	-0.0161969954962	0.0166837973088	0.0127341679228	0.0411985734993	0.0180092176131	0.0726461827368	-0.0261759803724	-0.088843432849	-0.00327823419109	-0.0706163298589	-0.0983899070594	0.00529132201356	-0.0622947334374	-0.0074418139725	1.0	0.00184792725302	-0.0196910765006	0.0350623297444	-0.00169128849053	0.0308036379061	0.0151501198251	0.000438594597633	0.022487921643	-0.0162547558573	-0.0221671712416	0.00841849387342	-0.0102304854182	0.0585520136721	0.00472365878751	0.0147245598027	0.022280755146	-0.085980985749	0.048872272901	0.0118546396889	-0.027426681141	-0.0534700876172	0.0231734041662	0.0157327332112	-0.0461711424778	-0.00586388393084	-0.06211895119	-0.0290432836195	-0.0446001602086	-0.0633771382178	0.0142330264657	-0.0714983690743	0.0231182162676	-0.066935410244
k__Bacteria;p__Firmicutes;c__Clostridia;o__Clostridiales;f__Lachnospiraceae;g__Roseburia;s__Roseburia_intestinalis	-0.0921191165271	-0.0865074479449	0.0111131178399	0.0226174448862	-0.0327156396824	0.0191874563569	-0.00118520060568	-0.0428409324133	-0.0193995860983	-0.0197032046503	-0.0310275892852	-0.0635821290693	0.0250943085644	-0.0094872469252	0.00386421552401	-0.0419133015958	0.0135087300539	-0.00223011439204	-0.0355694632875	-0.0106189515817	-0.0200155714421	-0.00412473775061	0.00744715047565	-0.0235454087247	-0.0189950241157	0.00184792725302	1.0	-0.0321903881502	-0.0161942864901	0.0505166777231	0.0289727205428	-0.011374541302	0.079158015258	0.0301457647355	0.00167324978936	0.0858400751569	-0.0269377002373	-0.00138477603359	0.00611458400376	0.000718437231374	0.0780964508065	0.0148238347654	0.0143385938252	-0.0394735170037	-0.0479444978427	-0.0234881783882	-0.023886689747	-0.0146185416809	-0.0465279780538	-0.0227114514504	0.00889785201939	-0.065239707871	0.00688727201931	-0.0314572876838	0.0283607704222	0.0384704409262	-0.00320452568596	-0.0238569533851	0.0436291703461
k__Bacteria;p__Firmicutes;c__Clostridia;o__Clostridiales;f__Lachnospiraceae;g__Roseburia;s__Roseburia_hominis	-0.0178663265855	-0.00163384302813	0.00782421851968	-0.0224054546384	-0.0127280120344	-0.0474155240987	-0.0484146979876	-0.00675285653417	0.017141396395	0.0208664874656	-0.0818068541315	0.0374741547747	-0.0827365702	-0.0236282485755	0.0555076962162	0.0235574999637	-0.0216992034529	0.0803334190197	0.0309770756538	0.0124792932577	0.0097651773557	-0.00613626059294	-0.0109924316902	-0.0386207565727	0.0439196180801	-0.0196910765006	-0.0321903881502	1.0	-0.00948739294382	-0.00869338669476	-0.0334280508326	-0.02619346635	-0.00804148790932	-0.0190961534418	0.0264896504011	0.0704882417704	0.0448601950619	0.00722617898889	0.0190290571581	0.0261040754087	0.0398968853125	-0.00468953915148	0.0498326314244	0.0471811286499	0.01145889368	0.0408865064339	0.0163412550496	-0.053891867667	-0.0475326138345	0.0342853638511	-0.0420328819498	-0.0537337734753	-0.0483269489186	-0.0196196341059	0.00918755533942	0.00139509757497	-0.0118001665054	-0.01531930539	-0.0829305782431
k__Bacteria;p__Bacteroidetes;c__Bacteroidia;o__Bacteroidales;f__Porphyromonadaceae;g__Parabacteroides;s__Parabacteroides_johnsonii	-0.00623517555742	0.020655795042	0.0491300204422	0.0510310080937	0.0363756393087	-0.0443768701834	-0.00561484979187	0.028961485085	-0.0481175502173	0.0262199787503	-0.0132435635392	0.0125399999656	0.0227903466136	-0.0633636102736	-0.0459375181247	-0.0287757548679	0.017871633992	-0.00750879260159	-0.0816907988767	0.011165348131	-0.0689679194014	-0.0380539168434	-0.00166472884395	-0.00379033793395	0.0224359590491	0.0350623297444	-0.0161942864901	-0.00948739294382	1.0	-0.00192012033668	0.0312171465782	-0.0507020885475	-0.0187880959708	0.00915966472367	-0.0581883130906	0.0302338486851	0.00489445924055	0.00569163496185	-0.00155776183929	-0.0126576366361	-0.0767214238153	-0.0139286082527	-0.00280663475796	0.0449615602887	-0.00712925204992	-0.00785633892373	-0.0186677771338	0.024209327265	-0.052119877503	-0.0418982754431	-0.0446444919048	0.00893409175805	0.104517886984	0.0348804312326	0.00286616626166	0.00666786805309	-0.0778651689192	0.00111521184275	0.0130095324781
k__Bacteria;p__Actinobacteria;c__Actinobacteria;o__Bifidobacteriales;f__Bifidobacteriaceae;g__Bifidobacterium;s__Bifidobacterium_longum	-0.00385271050098	-0.0228527120644	-0.0202729730673	-0.111855411644	-0.0211742757086	0.0400735659525	-0.0458882732332	-0.00278209210789	0.00616983159649	-0.042845951526	0.0538782213923	0.0645561343956	-0.0678733830974	0.0344512275628	0.00499157064163	-0.0419736146673	-0.000854190815614	0.0145502191721	0.0574466772439	-0.0138224862566	0.01284475016	-0.0583675068016	-0.0361481698878	-0.0107830177207	-0.0010946928834	-0.00169128849053	0.0505166777231	-0.00869338669476	-0.00192012033668	1.0	0.00359486393597	0.0624076418193	0.0120886282921	0.0263662858543	0.0202253130841	0.0312952162107	-0.0496596532997	-0.00699295248155	-0.0118679839596	-0.0202712403429	0.0318375925622	0.0367512386791	-0.0288682220122	-0.028201272072	-0.003450883617	-0.0931995077292	-0.103187310322	-0.0405529216873	-0.0607688659284	-0.023256359677	0.0285641899748	-0.0463573965824	-0.00867965769696	0.027282430906	0.0234264812624	0.0592799841941	-0.0573542254809	0.000775135169693	0.0227017771128
