#taxonomy	k__Bacteria;p__Bacteroidetes;c__Bacteroidia;o__Bacteroidales;f__Bacteroidaceae;g__Bacteroides;s__Bacteroides_vulgatus	k__Bacteria;p__Bacteroidetes;c__Bacteroidia;o__Bacteroidales;f__Bacteroidaceae;g__Bacteroides;s__Bacteroides_uniformis	k__Bacteria;p__Bacteroidetes;c__Bacteroidia;o__Bacteroidales;f__Rikenellaceae;g__Alistipes;s__Alistipes_putredinis	k__Bacteria;p__Bacteroidetes;c__Bacteroidia;o__Bacteroidales;f__Prevotellaceae;g__Prevotella;s__Prevotella_copri	k__Bacteria;p__Bacteroidetes;c__Bacteroidia;o__Bacteroidales;f__Bacteroidaceae;g__Bacteroides;s__Bacteroides_stercoris	k__Bacteria;p__Bacteroidetes;c__Bacteroidia;o__Bacteroidales;f__Bacteroidaceae;g__Bacteroides;s__Bacteroides_ovatus	k__Bacteria;p__Bacteroidetes;c__Bacteroidia;o__Bacteroidales;f__Rikenellaceae;g__Alistipes;s__Alistipes_shahii	k__Bacteria;p__Firmicutes;c__Clostridia;o__Clostridiales;f__Ruminococcaceae;g__Faecalibacterium;s__Faecalibacterium_prausnitzii	k__Bacteria;p__Bacteroidetes;c__Bacteroidia;o__Bacteroidales;f__Rikenellaceae;g__Alistipes;s__Alistipes_finegoldii	k__Bacteria;p__Bacteroidetes;c__Bacteroidia;o__Bacteroidales;f__Porphyromonadaceae;g__Parabacteroides;s__Parabacteroides_distasonis	k__Bacteria;p__Bacteroidetes;c__Bacteroidia;o__Bacteroidales;f__Bacteroidaceae;g__Bacteroides;s__Bacteroides_thetaiotaomicron	k__Bacteria;p__Bacteroidetes;c__Bacteroidia;o__Bacteroidales;f__Bacteroidaceae;g__Bacteroides;s__Bacteroides_coprocola	k__Bacteria;p__Bacteroidetes;c__Bacteroidia;o__Bacteroidales;f__Bacteroidaceae;g__Bacteroides;s__Bacteroides_cellulosilyticus	k__Bacteria;p__Bacteroidetes;c__Bacteroidia;o__Bacteroidales;f__Rikenellaceae;g__Alistipes;s__Alistipes_obesi	k__Bacteria;p__Firmicutes;c__Clostridia;o__Clostridiales;f__Lachnospiraceae;g__;s__[Eubacterium]_rectale	k__Bacteria;p__Bacteroidetes;c__Bacteroidia;o__Bacteroidales;f__Bacteroidaceae;g__Bacteroides;s__Bacteroides_plebeius	k__Bacteria;p__Bacteroidetes;c__Bacteroidia;o__Bacteroidales;f__Bacteroidaceae;g__Bacteroides;s__Bacteroides_fragilis	k__Bacteria;p__Proteobacteria;c__Betaproteobacteria;o__Burkholderiales;f__Sutterellaceae;g__Sutterella;s__Sutterella_wadsworthensis	k__Bacteria;p__Bacteroidetes;c__Bacteroidia;o__Bacteroidales;f__Porphyromonadaceae;g__Barnesiella;s__Barnesiella_intestinihominis	k__Bacteria;p__Bacteroidetes;c__Bacteroidia;o__Bacteroidales;f__Odoribacteraceae;g__Odoribacter;s__Odoribacter_splanchnicus	k__Bacteria;p__Bacteroidetes;c__Bacteroidia;o__Bacteroidales;f__Bacteroidaceae;g__Bacteroides;s__Bacteroides_salyersiae	k__Bacteria;p__Firmicutes;c__Clostridia;o__Clostridiales;f__Ruminococcaceae;g__Ruminiclostridium;s__[Eubacterium]_siraeum	k__Bacteria;p__Proteobacteria;c__Betaproteobacteria;o__Burkholderiales;f__Sutterellaceae;g__Parasutterella;s__Parasutterella_excrementihominis	k__Bacteria;p__Actinobacteria;c__Actinobacteria;o__Bifidobacteriales;f__Bifidobacteriaceae;g__Bifidobacterium;s__Bifidobacterium_adolescentis	k__Bacteria;p__Firmicutes;c__Clostridia;o__Clostridiales;f__Oscillospiraceae;g__Oscillibacter;s__Oscillibacter_sp._KLE_1745	k__Bacteria;p__Bacteroidetes;c__Bacteroidia;o__Bacteroidales;f__Bacteroidaceae;g__Bacteroides;s__Bacteroides_coprophilus	k__Bacteria;p__Firmicutes;c__Clostridia;o__Clostridiales;f__Lachnospiraceae;g__Roseburia;s__Roseburia_intestinalis	k__Bacteria;p__Firmicutes;c__Clostridia;o__Clostridiales;f__Lachnospiraceae;g__Roseburia;s__Roseburia_hominis	k__Bacteria;p__Bacteroidetes;c__Bacteroidia;o__Bacteroidales;f__Porphyromonadaceae;g__Parabacteroides;s__Parabacteroides_johnsonii	k__Bacteria;p__Actinobacteria;c__Actinobacteria;o__Bifidobacteriales;f__Bifidobacteriaceae;g__Bifidobacterium;s__Bifidobacterium_longum	k__Bacteria;p__Firmicutes;c__Clostridia;o__Clostridiales;f__;g__Flavonifractor;s__Flavonifractor_plautii	k__Bacteria;p__Firmicutes;c__Clostridia;o__Clostridiales;f__Clostridiaceae;g__Clostridium;s__Clostridium_phoceensis	k__Bacteria;p__Verrucomicrobia;c__Verrucomicrobiae;o__Verrucomicrobiales;f__Akkermansiaceae;g__Akkermansia;s__Akkermansia_muciniphila	k__Bacteria;p__Bacteroidetes;c__Bacteroidia;o__Bacteroidales;f__Prevotellaceae;g__Paraprevotella;s__Paraprevotella_xylaniphila	k__Bacteria;p__Firmicutes;c__Clostridia;o__Clostridiales;f__Ruminococcaceae;g__Ruminococcus;s__Ruminococcus_callidus	k__Bacteria;p__Bacteroidetes;c__Bacteroidia;o__Bacteroidales;f__Rikenellaceae;g__Alistipes;s__Alistipes_senegalensis	k__Bacteria;p__Firmicutes;c__Clostridia;o__Clostridiales;f__Lachnospiraceae;g__Blautia;s__Blautia_sp._KLE_1732	k__Bacteria;p__Bacteroidetes;c__Bacteroidia;o__Bacteroidales;f__Bacteroidaceae;g__Bacteroides;s__Bacteroides_oleiciplenus	k__Bacteria;p__Firmicutes;c__Clostridia;o__Clostridiales;f__Ruminococcaceae;g__Ruminococcus;s__Ruminococcus_bicirculans	k__Bacteria;p__Bacteroidetes;c__Bacteroidia;o__Bacteroidales;f__Bacteroidaceae;g__Bacteroides;s__Bacteroides_fluxus	k__Bacteria;p__Bacteroidetes;c__Bacteroidia;o__Bacteroidales;f__Prevotellaceae;g__Prevotella;s__Prevotella_stercorea	k__Bacteria;p__Firmicutes;c__Clostridia;o__Clostridiales;f__Lachnospiraceae;g__Dorea;s__Dorea_longicatena	k__Bacteria;p__Firmicutes;c__Clostridia;o__Clostridiales;f__Eubacteriaceae;g__Eubacterium;s__[Eubacterium]_eligens	k__Bacteria;p__Firmicutes;c__Clostridia;o__Clostridiales;f__Ruminococcaceae;g__;s__Ruminococcaceae_bacterium_D16	k__Bacteria;p__Firmicutes;c__Clostridia;o__Clostridiales;f__Lachnospiraceae;g__Coprococcus;s__Coprococcus_comes	k__Bacteria;p__Proteobacteria;c__Gammaproteobacteria;o__Enterobacterales;f__Enterobacteriaceae;g__Escherichia;s__Escherichia_coli	k__Bacteria;p__Firmicutes;c__Clostridia;o__Clostridiales;f__Ruminococcaceae;g__Anaerotruncus;s__Anaerotruncus_colihominis	k__Bacteria;p__Firmicutes;c__Clostridia;o__Clostridiales;f__Lachnospiraceae;g__Blautia;s__Blautia_obeum	k__Bacteria;p__Bacteroidetes;c__Bacteroidia;o__Bacteroidales;f__Odoribacteraceae;g__Odoribacter;s__Odoribacter_laneus	k__Bacteria;p__Firmicutes;c__Clostridia;o__Clostridiales;f__Ruminococcaceae;g__Ruminiclostridium;s__[Clostridium]_leptum	k__Bacteria;p__Bacteroidetes;c__Bacteroidia;o__Bacteroidales;f__Porphyromonadaceae;g__Parabacteroides;s__Parabacteroides_goldsteinii	k__Bacteria;p__Firmicutes;c__Clostridia;o__Clostridiales;f__Lachnospiraceae;g__Anaerostipes;s__Anaerostipes_hadrus	k__Bacteria;p__Firmicutes;c__Clostridia;o__Clostridiales;f__Ruminococcaceae;g__Ruminococcus;s__Ruminococcus_lactaris	k__Bacteria;p__Firmicutes;c__Clostridia;o__Clostridiales;f__Clostridiaceae;g__Clostridium;s__Clostridium_sp._L2-50	k__Bacteria;p__Firmicutes;c__Clostridia;o__Clostridiales;f__Clostridiaceae;g__Clostridium;s__Clostridium_sp._M62/1	k__Bacteria;p__Firmicutes;c__Clostridia;o__Clostridiales;f__;g__Intestinimonas;s__Intestinimonas_butyriciproducens	k__Bacteria;p__Actinobacteria;c__Actinobacteria;o__Bifidobacteriales;f__Bifidobacteriaceae;g__Bifidobacterium;s__Bifidobacterium_bifidum	k__Bacteria;p__Firmicutes;c__Negativicutes;o__Veillonellales;f__Veillonellaceae;g__Dialister;s__Dialister_invisus	k__Bacteria;p__Bacteroidetes;c__Bacteroidia;o__Bacteroidales;f__Bacteroidaceae;g__Bacteroides;s__Bacteroides_salanitronis
k__Bacteria;p__Bacteroidetes;c__Bacteroidia;o__Bacteroidales;f__Bacteroidaceae;g__Bacteroides;s__Bacteroides_vulgatus	1.0	-0.0160713407893	0.0633021130281	0.0354047354065	0.0159183502582	-0.00995146318359	-0.0644531375906	-0.0165466443478	-0.0209940445389	0.0367756433115	-0.0277462592281	-0.0575381639417	-0.0525023798646	-0.0267140358307	-0.0176706732015	-0.00713668494468	-0.0220130637336	0.0464620275683	-0.0244810708366	-0.0146953601843	-0.00746703790271	0.0234965349079	-0.0016697046135	-0.0331479609536	0.023552523665	-0.0386294227492	0.00310755532237	-0.0318738505934	-0.0192244169144	-0.0245984854693	-0.0271478309528	-0.0155530583671	-0.00484285944458	-0.0168717806118	-0.0164967672832	0.0281345622051	0.0107567305257	-0.025587337349	0.0310129413635	-0.0239882491523	-0.0446183547604	-0.0384347279122	0.0117593770703	-0.0119803640331	-0.0238992927933	-0.010799272184	0.0413847421991	0.0280743743445	0.0212840957739	0.0291043575504	0.0668338128497	0.0203297263649	-0.024828823881	0.105638935024	0.0161782194714	-0.0141726261814	0.00904045299851	-0.0227207952948	0.0300101425033
k__Bacteria;p__Bacteroidetes;c__Bacteroidia;o__Bacteroidales;f__Bacteroidaceae;g__Bacteroides;s__Bacteroides_uniformis	-0.0160713407893	1.0	-0.064125670363	0.0115374356835	0.0173353344125	-0.0498504409856	0.0293100164456	-0.0350829693271	0.046502639184	0.0421764247205	0.0313710685242	0.0151963540742	-0.00829920026028	-0.00758041789428	-0.02789850502	0.00323505806052	-0.0303263257857	0.000509003749112	-0.0323439285934	-0.000626911137532	0.00723660034962	-0.016423334528	-0.0227070710363	-0.0668056144211	0.000887791547223	-0.0523382941649	-0.0655796174774	0.0277670329311	-0.0404615880911	-0.0478536484026	-0.00838086066913	-0.0364621878012	-0.0161617487425	-0.0121140222368	-0.0252651375912	0.0178317307881	-0.0157773480432	-0.00951211942054	0.0694407794367	-0.00719279860037	0.0166089611564	-0.00514387883906	0.0458827958265	-0.0201130255826	0.00435375521462	-0.0417879952109	-0.0192022389654	-0.0515074803665	-0.0172533826224	0.00118734366254	-0.000785603978775	-0.0274769663748	0.0465735389769	-0.0228646993574	0.0811251185876	0.0296925456301	-0.0414175912498	-0.0197180246623	0.0171561920442
k__Bacteria;p__Bacteroidetes;c__Bacteroidia;o__Bacteroidales;f__Rikenellaceae;g__Alistipes;s__Alistipes_putredinis	0.0633021130281	-0.064125670363	1.0	-0.0597111172321	0.0204944595752	-0.0241380707771	-0.0902981362167	0.0118984204219	0.00716279196473	-0.0532508362857	-0.0334782245377	0.035143632826	0.0107619265154	0.064479430266	-0.0288869553488	-0.0237866814754	0.0391937841013	-0.0184445502509	-0.00619429743412	-0.0474442360038	0.00421099390758	-0.0192036680755	0.0202743569752	0.0128473709512	0.0283117382186	-0.0214598955316	-0.0262997514914	0.0164674415753	-0.0439860973896	-0.0203635310115	-0.0535296424574	0.0690554866593	0.0601185762881	-0.0262433332906	0.0281640690433	-0.0644705122011	0.0391004617775	-0.0304108261746	-0.0326694139502	-0.0445520399484	0.069707410291	-0.0608374681415	-0.0209894707742	-0.0528002064655	0.00792814563314	0.0278159981866	-0.0477575138172	-0.0869187191334	-0.00248113012842	0.012277761169	-0.0630398848609	-0.0518599399091	0.0243919879234	-0.024111056901	-0.0503965693438	0.0557679674196	-0.0551639276362	0.0502590658962	0.0115639408224
k__Bacteria;p__Bacteroidetes;c__Bacteroidia;o__Bacteroidales;f__Prevotellaceae;g__Prevotella;s__Prevotella_copri	0.0354047354065	0.0115374356835	-0.0597111172321	1.0	0.00313287389743	-0.0281744241991	-0.0610485963943	0.0440918386973	-0.00856515767542	0.00578188942215	0.00464273987755	-0.0472663938782	-0.0355388308159	0.0361313568165	0.0149017619795	-0.0224341494032	-0.0416552601552	0.00861637066818	0.0251887342034	0.0604487561852	0.100417408051	0.00260914903402	0.0381981220778	0.0247547093468	0.0505972404531	0.0336762042609	0.0254016276848	0.00911091324125	0.0238110758407	-0.0182974526831	-0.0231169567258	-0.0304211982839	-0.116597262452	-0.0539796460641	-0.00109430929964	-0.0201871723918	-0.0713722827119	-0.0334425322829	-0.0631455003102	-0.00994735212265	-0.00208878014684	-0.00673109885079	0.029533345448	-0.0451871694108	-0.0250889103605	-0.107053849176	-0.041881733998	0.0677508483888	-0.0259208776927	-0.0291182436226	-0.0275733295469	-0.00589423296955	-0.0464481809314	-0.0430643464583	-0.0216499874065	0.00442418674593	0.0659056821915	0.0383266208934	-0.00190176246871
k__Bacteria;p__Bacteroidetes;c__Bacteroidia;o__Bacteroidales;f__Bacteroidaceae;g__Bacteroides;s__Bacteroides_stercoris	0.0159183502582	0.0173353344125	0.0204944595752	0.00313287389743	1.0	-0.0580315957704	0.0273237678675	0.0143526884542	-0.0105084581519	-0.0073149069864	-0.0263763142057	0.0330782216071	-0.0555862621044	0.00461637714371	0.0234628549345	-0.0532785103343	-0.00563737739701	-0.0207981779705	-0.0642104710208	0.0146933674768	-0.0151264298029	-0.0212088807978	-0.0334135516103	-0.00717524559089	-0.0170360966823	0.000335253253766	-0.038561353781	-0.00777466497041	-0.0603478593013	0.0174093009091	-0.00865896454873	0.00894212167168	-0.0246020042805	-0.0522671148226	-0.0471954818431	-0.047242995205	-0.0160033854927	-0.0256863252958	0.0384756396128	0.0157931514699	0.0196194652289	-0.0443991420256	0.0230616089899	-0.0234822164783	0.000898516318125	0.0140414886143	0.0611691540062	0.010509815774	-0.0243091369942	0.0251506441246	-0.110081155513	0.0489619123562	-0.0129787822622	0.0754036301632	-0.0391051814665	-0.00520140889873	0.0213879875592	0.0529781090925	0.0414596987119
k__Bacteria;p__Bacteroidetes;c__Bacteroidia;o__Bacteroidales;f__Bacteroidaceae;g__Bacteroides;s__Bacteroides_ovatus	-0.00995146318359	-0.0498504409856	-0.0241380707771	-0.0281744241991	-0.0580315957704	1.0	-0.024770338368	-0.0506790671079	-0.0347831057405	-0.0208279319156	0.0156513578577	-0.0366890102328	-0.0290999310094	-0.0654723383428	-0.0468907093749	-0.0137402835752	-0.0455773111384	0.00155816532776	-0.0203464985279	0.0150693340417	0.0200403614074	-0.0153776070963	0.0265459676724	-0.0153688432435	-0.0172032848048	-0.048210875451	0.0267446416597	-0.0146215150465	-0.0664412262739	-0.0218546520265	0.0282201773124	0.0345910536478	0.0174448884532	0.0101645166504	0.0535095206235	0.00180346336088	-0.0467241131009	0.0111355845393	0.00249003482189	0.0371354255476	-0.0620695744344	0.0411130334757	0.0247344329317	-0.0305727014051	-0.020576208851	0.0287189335538	0.0351482745096	0.0541143307628	0.0308269892781	-0.0278938850894	0.0239705830745	0.0620148784748	-0.0109304084092	0.0338578637101	0.0386819062101	-0.0710742611867	-0.0441213283166	0.0382009118475	0.0057560583091
k__Bacteria;p__Bacteroidetes;c__Bacteroidia;o__Bacteroidales;f__Rikenellaceae;g__Alistipes;s__Alistipes_shahii	-0.0644531375906	0.0293100164456	-0.0902981362167	-0.0610485963943	0.0273237678675	-0.024770338368	1.0	-0.081240127619	0.0453113186857	0.0155324428454	0.00329821959314	-0.0170720101833	0.0435434803024	0.0172373696285	-0.00178685110287	-0.0409599349264	0.000990592613615	0.0549175803012	-0.0196029098669	0.0214312422357	0.0151022505664	-0.000778284465999	-0.019950577006	0.0288927150728	-0.000355999217282	-0.0363131153863	0.000651865961022	0.00807708951763	-0.0644914733708	-0.0387831963161	0.00481045852878	-0.0248872435579	-0.0702774382003	-0.0169876198613	-0.0204285902268	0.00842174542645	-0.0197698751508	0.0452600427845	-0.0881252059001	-0.029675908934	-0.0336649108491	-0.0942168164187	-0.0411079522899	0.0460110310653	-0.00770142262661	-0.0238025189455	0.00975964790119	-0.0487409549318	0.0100529339516	-0.0369738782622	-0.00120956361941	-0.0155951240965	-0.0317527512625	-0.0675599347238	-0.0339697564392	0.0429336415168	0.0897804861126	-0.0139943964687	-0.0218537185422
k__Bacteria;p__Firmicutes;c__Clostridia;o__Clostridiales;f__Ruminococcaceae;g__Faecalibacterium;s__Faecalibacterium_prausnitzii	-0.0165466443478	-0.0350829693271	0.0118984204219	0.0440918386973	0.0143526884542	-0.0506790671079	-0.081240127619	1.0	-0.0229015601322	0.0485786600349	0.0101451908835	0.0197506969694	-0.0639809915007	0.0463676465007	-0.0664366773092	0.0617404697264	-0.00221650598093	0.0525378868665	-0.0171803318217	-0.0516662641178	0.0418429041307	0.0421386271174	0.00450441277647	0.0143075554579	0.0152680735807	-0.0446044738595	-0.0661585026464	0.0057973679246	-0.00447589547207	0.0106262308287	-0.0323159959163	0.0140887912815	0.0364913053045	-0.00223488559772	-0.019374528331	0.032957380329	-0.00607648430568	0.0158215864478	-0.0498136345907	-0.0202062949762	0.00961926030858	-0.0194221885075	-0.0126338414983	-0.0341707657493	0.0197455684669	0.0416216213972	0.0258781428276	0.0429757400257	0.000275039979678	-0.0414719113237	-0.0380528500328	0.0154096154926	0.0158818043166	-0.0808737953513	-0.0550678152357	-0.0594270902733	-0.0188518795477	-0.0181110771835	0.0065738320267
k__Bacteria;p__Bacteroidetes;c__Bacteroidia;o__Bacteroidales;f__Rikenellaceae;g__Alistipes;s__Alistipes_finegoldii	-0.0209940445389	0.046502639184	0.00716279196473	-0.00856515767542	-0.0105084581519	-0.0347831057405	0.0453113186857	-0.0229015601322	1.0	0.018659123496	-0.016875217293	-0.025456852987	-0.0435491382716	-0.0628802882651	0.0228228847116	0.0407701670064	0.0344402678844	0.0441149965973	-0.00209681354458	0.0182658980359	-0.026042583476	-0.0233163579221	0.0213864541226	0.033620169392	-0.00860648037148	0.0184147602063	0.027239573904	0.00665459187238	-0.0170402343942	-0.0398344761657	0.0100554047465	-9.81201592568e-05	-0.0270340793291	0.0197049139535	-0.0303719591368	-0.0513964062495	0.105345857759	0.0344850198853	-0.0187265020269	-0.0468266718747	0.0403714273108	0.00858158030953	0.0102902900953	-0.0319027319017	-0.0368133986281	-0.0494943028847	0.0100510836283	-0.086187230271	-0.0159640313874	-0.00856914368073	-0.023308222198	-0.0139756821589	-0.0160295036259	-0.0374044252586	-0.0407258244406	0.0210575301475	0.00659835986236	0.0377885958105	0.0666065037434
k__Bacteria;p__Bacteroidetes;c__Bacteroidia;o__Bacteroidales;f__Porphyromonadaceae;g__Parabacteroides;s__Parabacteroides_distasonis	0.0367756433115	0.0421764247205	-0.0532508362857	0.00578188942215	-0.0073149069864	-0.0208279319156	0.0155324428454	0.0485786600349	0.018659123496	1.0	-0.0759653959562	0.00422524534743	0.0389877982927	-0.0897126816017	0.045891662335	-0.0220816380838	-0.05867877523	-0.0557935169443	0.0102300341704	-0.0302017127712	0.0104975943903	-0.0109996925094	-0.0227803316567	-0.0109507801014	-0.0373052485076	-0.00760875718213	-0.0246795939857	0.0477668896141	-0.0278866100169	-0.0417709595505	-0.0560120803844	-0.00981292782403	-0.0472598098019	0.0179842522307	-0.0345073149257	0.0405734375602	0.0395425163482	-0.0825686257813	0.0378413777815	0.0312426884394	1.9827248734e-05	-0.0247232550226	-0.0321023719099	0.00644110654819	-0.00388726474272	0.00468778596285	0.0153374759649	0.00758322910106	-0.028046578543	0.0154761923671	0.0147190857686	-0.0341569771246	-0.0345124375735	0.0352201990908	0.00338211146347	0.0362787911771	0.00183078953909	0.0259610559659	-0.0432591774564
k__Bacteria;p__Bacteroidetes;c__Bacteroidia;o__Bacteroidales;f__Bacteroidaceae;g__Bacteroides;s__Bacteroides_thetaiotaomicron	-0.0277462592281	0.0313710685242	-0.0334782245377	0.00464273987755	-0.0263763142057	0.0156513578577	0.00329821959314	0.0101451908835	-0.016875217293	-0.0759653959562	1.0	-0.0487690128414	-0.0219543848174	0.0358613017187	0.00230305253219	-0.0600255862028	-0.0500269966304	0.0249403762823	0.0124524829523	0.0112385959103	-0.0422079082101	0.0332675889343	-0.0396384233957	0.039229782606	-0.0177405955998	-0.0595959721443	0.0598310944494	0.0241312376728	-0.0172294059191	0.0223376686239	0.027442626416	-0.0442349285565	0.0483183835724	0.00876660801634	0.0421814574796	-0.0246132462114	0.0203231856808	0.0930213742465	0.0225728561403	-0.0298795609237	-0.0498045899333	-0.0247293094791	0.0299741328384	0.0615146204114	-0.0207589418339	-0.0454898227897	-0.0044092721077	0.00227484735302	0.0549957994437	-0.0541083335043	0.039604922839	0.0036299963674	0.0409199956264	-0.0493680332554	0.0898969172357	0.024842329991	-0.0791373664001	0.0116315723829	0.0747842882876
k__Bacteria;p__Bacteroidetes;c__Bacteroidia;o__Bacteroidales;f__Bacteroidaceae;g__Bacteroides;s__Bacteroides_coprocola	-0.0575381639417	0.0151963540742	0.035143632826	-0.0472663938782	0.0330782216071	-0.0366890102328	-0.0170720101833	0.0197506969694	-0.025456852987	0.00422524534743	-0.0487690128414	1.0	-0.0303379560231	-0.0125939499045	0.0350434067263	-0.100610583166	0.0171909039364	0.0647449286187	-0.0309415266078	-0.00619035832305	0.0143635824694	-0.056995697241	0.0611437970774	0.0341527579408	-0.0111465009395	3.99428911048e-05	-0.026528507418	0.0338351783407	0.0222596004365	0.000748239366272	-0.0437943940158	-0.0299146286941	0.0595354434029	0.0780520449875	-0.00539327092821	-0.0403632685292	-0.062123887254	0.0581665653563	0.0218455464551	-0.0670218669935	0.00810802306231	-0.0345789849085	0.0207663667641	-0.0637526386267	0.0452043190768	-0.00549517713613	-0.0230077610166	-0.0394471713031	0.0190386630267	-0.0691653482472	-0.0338528736534	0.060224302219	0.0407575563928	-0.0230697701436	-0.0157059589236	-0.0269021748928	-0.0525598719212	0.0135322014746	-0.0293060036802
k__Bacteria;p__Bacteroidetes;c__Bacteroidia;o__Bacteroidales;f__Bacteroidaceae;g__Bacteroides;s__Bacteroides_cellulosilyticus	-0.0525023798646	-0.00829920026028	0.0107619265154	-0.0355388308159	-0.0555862621044	-0.0290999310094	0.0435434803024	-0.0639809915007	-0.0435491382716	0.0389877982927	-0.0219543848174	-0.0303379560231	1.0	-0.00441324884783	-0.00872583536727	-0.0141116796876	-0.0430900428855	-0.00163639407135	-0.0432335763457	-0.00591931073796	-0.0251798731358	-0.00362311163423	0.00482638720516	-0.0737915158937	-0.0212199066095	-0.00243001980881	-0.0138564932938	-0.0778895667535	0.0267509149011	0.0471440419192	0.0140835270311	0.0148386074986	-0.029483578876	-0.0124122818397	-0.00788113094912	-0.0521357965505	-0.0399066957731	-0.0267223040513	0.067598192827	0.0337452213635	0.0226956521807	0.0125684685389	-0.0200930784998	0.0330878799327	-0.00541829893082	-0.031198468805	-0.0482685832745	-0.0213311612199	-0.0219911745472	-0.0848305852074	0.0244012298926	-0.0351419050356	0.0237709925557	0.0209084492546	-0.00515402869345	0.018172697037	0.0770576307021	0.0202031393637	-0.0405005196732
k__Bacteria;p__Bacteroidetes;c__Bacteroidia;o__Bacteroidales;f__Rikenellaceae;g__Alistipes;s__Alistipes_obesi	-0.0267140358307	-0.00758041789428	0.064479430266	0.0361313568165	0.00461637714371	-0.0654723383428	0.0172373696285	0.0463676465007	-0.0628802882651	-0.0897126816017	0.0358613017187	-0.0125939499045	-0.00441324884783	1.0	-0.00353353080065	0.0116541804404	0.0951360078145	-0.0169374149127	-0.0319399622341	-0.0253231019654	0.0442089485979	0.0756048536433	-0.0393575418399	-0.0254454845276	-0.0112347949747	0.0389065769542	-0.0267728612215	-0.00517322178465	0.000786561986982	0.054396506405	-0.0371007948548	0.0422076305163	-0.0257464857376	-0.0010438575802	0.00315229247621	-0.0492812442906	-0.0471995203975	0.0178683756406	-0.00258555110347	-0.0227756259098	-0.0340124449657	-0.0285864025331	-0.0457932525193	-0.120784805338	-0.00732476056355	0.0184762162944	-0.0262537640935	-0.0623480658359	-0.0145739108613	0.00489301406118	-0.0415112708661	-0.0375279022541	-0.0116524718256	-0.0516258756243	-0.0224336990722	-0.0357169548105	-0.0485847074155	-0.072640481523	0.0410704880508
k__Bacteria;p__Firmicutes;c__Clostridia;o__Clostridiales;f__Lachnospiraceae;g__;s__[Eubacterium]_rectale	-0.0176706732015	-0.02789850502	-0.0288869553488	0.0149017619795	0.0234628549345	-0.0468907093749	-0.00178685110287	-0.0664366773092	0.0228228847116	0.045891662335	0.00230305253219	0.0350434067263	-0.00872583536727	-0.00353353080065	1.0	-0.0203335391002	-0.0127495054934	0.0308319896695	-0.0361593868574	0.0432627669196	0.0577504600149	-0.0451166430695	0.0191240682643	-0.0554702183684	-0.0046103770116	-0.00728922893794	-0.072704219252	0.011419072226	0.0324122871478	0.0565732956623	-0.0459551770696	0.0310202039138	0.00972999034581	-0.0249226308808	0.0140407684326	0.0282756241276	-1.77259595324e-05	-0.0568207419899	0.0309790082064	-0.0365104439708	-0.00662800387984	0.0407109248549	0.0110868369783	-0.0209768789161	-0.000584843029975	-0.0107636943185	0.0349725587134	-0.0454426615097	-0.0278670155513	-0.0268314121004	-8.47907546791e-05	0.0185102524382	-0.0642470931307	-0.0559545248269	-0.00380229047671	-0.0127923762522	-0.0114922708473	-0.0151000593643	-0.0866602652872
k__Bacteria;p__Bacteroidetes;c__Bacteroidia;o__Bacteroidales;f__Bacteroidaceae;g__Bacteroides;s__Bacteroides_plebeius	-0.00713668494468	0.00323505806052	-0.0237866814754	-0.0224341494032	-0.0532785103343	-0.0137402835752	-0.0409599349264	0.0617404697264	0.0407701670064	-0.0220816380838	-0.0600255862028	-0.100610583166	-0.0141116796876	0.0116541804404	-0.0203335391002	1.0	-0.0193947096552	-0.0821548136182	-0.0192236232978	-0.016201696294	0.0219033400381	-0.0772028990559	0.0328501831753	-0.044437373152	-0.0430854710173	-0.0522455106427	-0.0541308903761	-0.0449046009111	-0.0342360300265	-0.0409021677982	-0.00949915455102	0.0126387670385	-0.0396110104478	-0.036386855862	-0.0173601712613	-0.0222562202713	0.0323368299103	-0.0286159320163	-0.00697419378873	-0.00446978171109	0.0763498567733	0.0702813165162	-0.0469613666355	0.0948678732245	0.00499092014866	-0.0164048335663	0.0243962051167	-0.0401591617562	0.0038694864957	0.00417001090947	-0.00818961959779	-0.0324285773831	0.00121984990241	0.0126145557742	0.00769468090184	0.0205048526927	-0.0217014921694	0.0103193434835	0.00734305696229
k__Bacteria;p__Bacteroidetes;c__Bacteroidia;o__Bacteroidales;f__Bacteroidaceae;g__Bacteroides;s__Bacteroides_fragilis	-0.0220130637336	-0.0303263257857	0.0391937841013	-0.0416552601552	-0.00563737739701	-0.0455773111384	0.000990592613615	-0.00221650598093	0.0344402678844	-0.05867877523	-0.0500269966304	0.0171909039364	-0.0430900428855	0.0951360078145	-0.0127495054934	-0.0193947096552	1.0	-0.0344717109867	-0.0374227403494	-0.0719719225377	-0.0179477790547	-0.0109480187674	0.0170055586263	-0.0727139633518	0.021464187293	0.041090965408	-0.0306066245038	0.0273978263788	0.0469112358625	-0.0018929070124	0.0497367931513	-0.0367792874658	-0.073836610223	0.00881051025935	-0.0126407471036	0.0086461311615	0.0437424236757	0.00308458429881	-0.00272261880233	-0.026225007674	0.0279743015464	-1.33034049589e-06	0.0221388695411	0.0249446946252	0.0225364481893	-0.0116233062395	-0.0419191781846	0.000429908469057	0.00307754825037	-0.0296675281235	-0.0327893245596	-0.0248795573453	-0.0393634396589	-0.0825327159461	-0.0163471760609	0.0451194529898	-0.00127797586577	-0.0290761616331	-0.0120556166011
k__Bacteria;p__Proteobacteria;c__Betaproteobacteria;o__Burkholderiales;f__Sutterellaceae;g__Sutterella;s__Sutterella_wadsworthensis	0.0464620275683	0.000509003749112	-0.0184445502509	0.00861637066818	-0.0207981779705	0.00155816532776	0.0549175803012	0.0525378868665	0.0441149965973	-0.0557935169443	0.0249403762823	0.0647449286187	-0.00163639407135	-0.0169374149127	0.0308319896695	-0.0821548136182	-0.0344717109867	1.0	-0.061659063671	-0.03667193502	-0.0586738196138	-0.0257987251858	0.0130317876236	-0.0348938685662	-0.0265066550228	-0.0456925769419	0.0514905531753	-0.0152157753172	-0.0121027166346	-0.00740873497437	0.0255985421336	-0.104396936739	-0.0277138806908	0.0160221946279	0.00314564236038	0.00257425147593	-0.00322726117022	-0.0508739392068	0.00360899835385	-0.00046902696944	-0.0719525875134	-0.018814213349	0.0286417305595	-0.0365314964271	-0.0110071237526	0.0674402496164	-0.0661590677189	-3.10000682537e-05	-0.0165893344889	0.0259940428037	0.0143915688601	0.0505866504946	-0.0375772564276	0.0190009822894	-0.0532715113143	0.000702156401294	0.0580445533326	-0.0260564640027	-0.000751974730029
k__Bacteria;p__Bacteroidetes;c__Bacteroidia;o__Bacteroidales;f__Porphyromonadaceae;g__Barnesiella;s__Barnesiella_intestinihominis	-0.0244810708366	-0.0323439285934	-0.00619429743412	0.0251887342034	-0.0642104710208	-0.0203464985279	-0.0196029098669	-0.0171803318217	-0.00209681354458	0.0102300341704	0.0124524829523	-0.0309415266078	-0.0432335763457	-0.0319399622341	-0.0361593868574	-0.0192236232978	-0.0374227403494	-0.061659063671	1.0	-0.0407407810449	-0.0231093603894	-0.00263596918692	0.00465062642401	-0.00232073251386	-0.0129043406496	0.0561912069788	-0.0655809195424	-0.041278834273	0.0183490759814	-0.0184224801279	0.0266752728211	-0.0513485620357	-0.0419535984836	-0.0185603875916	0.0122633307188	-0.034828274488	-0.0188864055401	-0.00728929588751	-0.0487151140723	-0.0485303354407	0.0430989040096	0.042226390323	-0.0526747881978	0.0449960911174	-0.0440490564826	0.0354259056681	-0.0126797938451	0.00661328596636	0.0294994658633	0.0119950614173	0.029083759529	0.00168511036564	-0.0537256413817	0.0759421459817	-0.0734564506997	-0.0739132232459	0.0747917364383	0.0817040799391	-0.0831943662531
k__Bacteria;p__Bacteroidetes;c__Bacteroidia;o__Bacteroidales;f__Odoribacteraceae;g__Odoribacter;s__Odoribacter_splanchnicus	-0.0146953601843	-0.000626911137532	-0.0474442360038	0.0604487561852	0.0146933674768	0.0150693340417	0.0214312422357	-0.0516662641178	0.0182658980359	-0.0302017127712	0.0112385959103	-0.00619035832305	-0.00591931073796	-0.0253231019654	0.0432627669196	-0.016201696294	-0.0719719225377	-0.03667193502	-0.0407407810449	1.0	-0.0357889067515	0.0332639227325	0.0289037197877	0.0505619253135	0.0060545766486	-0.0127369651753	-0.0282828238655	0.0221742925355	-0.0172750635556	-0.106945268092	-0.0220933825978	-0.0380028384807	-0.0746380763994	0.0102884241442	-0.0489178267913	0.0417378719805	0.0027072099627	-0.0157663522293	0.0415192750394	-0.0273869343765	-0.00587999772126	-0.0701880730346	0.0273530043276	0.0166803374934	-0.00715914182493	-0.0310521730294	-0.0953774778343	-0.0572714237032	-0.0385745081185	0.050681270832	-0.0464013956464	-0.0393550651356	-0.0201115549204	0.0344904380404	0.0508710199295	-0.0700806627834	-0.0481696087219	-0.0510435086747	-0.0399628314932
k__Bacteria;p__Bacteroidetes;c__Bacteroidia;o__Bacteroidales;f__Bacteroidaceae;g__Bacteroides;s__Bacteroides_salyersiae	-0.00746703790271	0.00723660034962	0.00421099390758	0.100417408051	-0.0151264298029	0.0200403614074	0.0151022505664	0.0418429041307	-0.026042583476	0.0104975943903	-0.0422079082101	0.0143635824694	-0.0251798731358	0.0442089485979	0.0577504600149	0.0219033400381	-0.0179477790547	-0.0586738196138	-0.0231093603894	-0.0357889067515	1.0	-0.0111167999681	0.0354917477919	0.00967552671245	0.0295605431493	-0.018977125221	-0.120661857584	0.0108863104385	0.0204287836632	-0.0634168977114	0.0132867572433	0.00119996296079	-0.0509802005522	-0.05994692176	-0.0423723947835	0.0661157011708	0.0339542013734	-0.0713210311071	0.0154733278298	-0.0462497060224	-0.050267849253	0.0036274561975	0.0249649464707	-0.054321449285	-0.0412461389077	0.0110138176088	0.0247165471273	-0.0446591374721	0.0498982862071	0.031476532356	-0.00474383214123	0.0126442659772	-0.0417646112152	-0.0234548827793	-0.0280939453363	-0.00968420962311	-0.0435748866627	-0.0176485601632	-0.0335965978812
k__Bacteria;p__Firmicutes;c__Clostridia;o__Clostridiales;f__Ruminococcaceae;g__Ruminiclostridium;s__[Eubacterium]_siraeum	0.0234965349079	-0.016423334528	-0.0192036680755	0.00260914903402	-0.0212088807978	-0.0153776070963	-0.000778284465999	0.0421386271174	-0.0233163579221	-0.0109996925094	0.0332675889343	-0.056995697241	-0.00362311163423	0.0756048536433	-0.0451166430695	-0.0772028990559	-0.0109480187674	-0.0257987251858	-0.00263596918692	0.0332639227325	-0.0111167999681	1.0	-0.0548797642083	0.000519063173822	-0.00994858936012	-0.0074176898521	-0.0130615713132	0.0859355720245	0.0330929186941	-0.0245271137497	-0.0231493489372	0.0495935040273	0.0145123775982	0.0399786444591	-0.0644990192778	-0.019069747823	0.01502250429	0.0139548639138	-0.0375766266631	-0.0145622548431	-0.0375999577539	0.0259473037468	0.0250874039152	-0.00125277452215	0.00285076988807	-0.0139981808468	-0.0328337278781	0.0207728558536	-0.0265222058579	0.042669208197	-0.00940806182716	-0.00804440640641	-0.00506113689874	-0.0595656870578	0.0181185139585	-0.0580224172838	0.0457647281639	-0.0461173572095	-0.0094803703608
k__Bacteria;p__Proteobacteria;c__Betaproteobacteria;o__Burkholderiales;f__Sutterellaceae;g__Parasutterella;s__Parasutterella_excrementihominis	-0.0016697046135	-0.0227070710363	0.0202743569752	0.0381981220778	-0.0334135516103	0.0265459676724	-0.019950577006	0.00450441277647	0.0213864541226	-0.0227803316567	-0.0396384233957	0.0611437970774	0.00482638720516	-0.0393575418399	0.0191240682643	0.0328501831753	0.0170055586263	0.0130317876236	0.00465062642401	0.0289037197877	0.0354917477919	-0.0548797642083	1.0	-0.00681912366547	0.00511979622975	0.00240507187005	-0.028705673443	-0.0130473473892	0.0590704777308	-0.0054295251671	-0.0533426464057	-0.0371760223254	-0.0260110172129	-0.00521519204116	-0.0228242399725	0.00756924843706	-0.0186954605444	-0.0638294564391	0.0382518984	-0.0384209360571	-0.0157356014177	-0.0360039501992	-0.0316850698147	-0.0198284981781	0.0400418296118	-0.00315082589303	0.0433089519541	-0.0216516269417	-0.0574026813417	-0.0137195071095	0.0463319655507	-0.0402833213209	0.00624692442748	0.0259054727302	-0.0544403761262	-0.0436009624972	-0.0404015031906	-0.0393640847492	-0.0719118548207
k__Bacteria;p__Actinobacteria;c__Actinobacteria;o__Bifidobacteriales;f__Bifidobacteriaceae;g__Bifidobacterium;s__Bifidobacterium_adolescentis	-0.0331479609536	-0.0668056144211	0.0128473709512	0.0247547093468	-0.00717524559089	-0.0153688432435	0.0288927150728	0.0143075554579	0.033620169392	-0.0109507801014	0.039229782606	0.0341527579408	-0.0737915158937	-0.0254454845276	-0.0554702183684	-0.044437373152	-0.0727139633518	-0.0348938685662	-0.00232073251386	0.0505619253135	0.00967552671245	0.000519063173822	-0.00681912366547	1.0	-0.0691605353992	-0.00219025200769	0.0459264248587	0.0182281904006	0.0128417319801	-0.0913365361629	-0.0537519764584	-0.0867286454527	0.0673998657217	-0.0133785953161	0.00601875162494	-0.0728632339421	-0.0208063584721	0.0150950868545	0.0211670155189	0.0285393447914	-0.00120841528788	0.0988994344967	-0.0418427711018	0.0278546814329	-0.0565889212441	0.0045973558346	0.00641962806737	-0.00543215883971	-0.0330320814871	0.0615622566121	0.00669603900769	-0.0210515182679	0.00245516300281	-0.0190755954402	0.0124273396128	0.0218545584522	-0.00828870843006	0.0206572975598	0.0386701745305
k__Bacteria;p__Firmicutes;c__Clostridia;o__Clostridiales;f__Oscillospiraceae;g__Oscillibacter;s__Oscillibacter_sp._KLE_1745	0.023552523665	0.000887791547223	0.0283117382186	0.0505972404531	-0.0170360966823	-0.0172032848048	-0.000355999217282	0.0152680735807	-0.00860648037148	-0.0373052485076	-0.0177405955998	-0.0111465009395	-0.0212199066095	-0.0112347949747	-0.0046103770116	-0.0430854710173	0.021464187293	-0.0265066550228	-0.0129043406496	0.0060545766486	0.0295605431493	-0.00994858936012	0.00511979622975	-0.0691605353992	1.0	-0.0900434442891	-0.0251924659168	-0.0429514939516	-0.0129227554669	-0.0521928605926	-0.00219599834438	0.0586688539396	0.010315910537	0.053004288288	0.0231754697705	-0.0337128046641	0.0632308363301	-0.0104693157405	0.00350087768317	0.00275348013787	0.0417096684984	-0.0189660166839	0.0435800895483	0.0120203545765	-0.0017949084173	-0.0710921215762	-0.0163549863995	0.0136761491782	-0.0193824038481	0.0230072630527	-0.0026365334718	-0.0484178554394	1.93604369689e-05	0.022785470198	-0.0273840474464	-0.0333038062572	-0.00904606339881	-0.0586813112017	-0.0259640895741
k__Bacteria;p__Bacteroidetes;c__Bacteroidia;o__Bacteroidales;f__Bacteroidaceae;g__Bacteroides;s__Bacteroides_coprophilus	-0.0386294227492	-0.0523382941649	-0.0214598955316	0.0336762042609	0.000335253253766	-0.048210875451	-0.0363131153863	-0.0446044738595	0.0184147602063	-0.00760875718213	-0.0595959721443	3.99428911048e-05	-0.00243001980881	0.0389065769542	-0.00728922893794	-0.0522455106427	0.041090965408	-0.0456925769419	0.0561912069788	-0.0127369651753	-0.018977125221	-0.0074176898521	0.00240507187005	-0.00219025200769	-0.0900434442891	1.0	-0.00479252380756	0.0110940351806	-0.0291504167989	-0.0197095413103	0.0610844918176	0.000974012894305	0.0301044125112	-0.025486390934	0.0181126377434	0.0193636093836	-0.015018919415	0.0226643066535	0.0117649759457	-0.0303493927727	0.00573907127181	-0.0392359066896	-0.0575345062159	-0.045670533395	0.0247193016555	0.0275467803787	0.0157157524588	-0.000943613396494	-0.00106619313164	-0.00771531377615	-0.0583342162319	0.0236899180056	-0.0458035425287	-0.0458964305854	0.0075343392407	-0.047208826088	0.0569406713752	0.0397162282286	-0.0348228958747
k__Bacteria;p__Firmicutes;c__Clostridia;o__Clostridiales;f__Lachnospiraceae;g__Roseburia;s__Roseburia_intestinalis	0.00310755532237	-0.0655796174774	-0.0262997514914	0.0254016276848	-0.038561353781	0.0267446416597	0.000651865961022	-0.0661585026464	0.027239573904	-0.0246795939857	0.0598310944494	-0.026528507418	-0.0138564932938	-0.0267728612215	-0.072704219252	-0.0541308903761	-0.0306066245038	0.0514905531753	-0.0655809195424	-0.0282828238655	-0.120661857584	-0.0130615713132	-0.028705673443	0.0459264248587	-0.0251924659168	-0.00479252380756	1.0	-0.0211705878099	0.0420627185285	-0.00567417341708	0.0764559291637	-0.0383598520961	-0.0128939080169	-0.00148777225982	0.0569294951332	0.0183552099551	-0.00407373836634	0.0885110610197	-0.033212248458	-0.012372580441	0.000232830065674	-0.0243860992377	-0.0210534958791	0.0103584624027	0.043914093615	-0.0284129261333	-0.026196153889	-0.0672582429453	-0.0407993195277	-0.000866341276237	0.0124510854782	0.0331214702715	-0.0189948166804	0.0526131160793	0.0443770978704	-0.0101591298955	0.0181635931763	-0.044260137573	-0.00861894410432
k__Bacteria;p__Firmicutes;c__Clostridia;o__Clostridiales;f__Lachnospiraceae;g__Roseburia;s__Roseburia_hominis	-0.0318738505934	0.0277670329311	0.0164674415753	0.00911091324125	-0.00777466497041	-0.0146215150465	0.00807708951763	0.0057973679246	0.00665459187238	0.0477668896141	0.0241312376728	0.0338351783407	-0.0778895667535	-0.00517322178465	0.011419072226	-0.0449046009111	0.0273978263788	-0.0152157753172	-0.041278834273	0.0221742925355	0.0108863104385	0.0859355720245	-0.0130473473892	0.0182281904006	-0.0429514939516	0.0110940351806	-0.0211705878099	1.0	0.0275766109585	0.00070276674074	-0.0101231674567	-0.016154241245	0.00543272252126	0.0334114745965	-0.0193451882819	-0.0244743149223	0.0679751755009	-0.0222965915946	-0.0277022302978	-0.00103662435841	-0.0938294626911	-0.0591275326267	-0.0785976631764	-0.0181711436303	0.0855085586551	-0.0131738915629	-0.0189895580658	0.00202496893786	0.0568462870192	0.0400723544544	-0.0265644363532	0.0375186975166	-0.0219270617937	0.0290171487745	-0.0351138944124	-0.0107556269501	-0.00234604780274	-0.0459439576487	0.00828214693034
k__Bacteria;p__Bacteroidetes;c__Bacteroidia;o__Bacteroidales;f__Porphyromonadaceae;g__Parabacteroides;s__Parabacteroides_johnsonii	-0.0192244169144	-0.0404615880911	-0.0439860973896	0.0238110758407	-0.0603478593013	-0.0664412262739	-0.0644914733708	-0.00447589547207	-0.0170402343942	-0.0278866100169	-0.0172294059191	0.0222596004365	0.0267509149011	0.000786561986982	0.0324122871478	-0.0342360300265	0.0469112358625	-0.0121027166346	0.0183490759814	-0.0172750635556	0.0204287836632	0.0330929186941	0.0590704777308	0.0128417319801	-0.0129227554669	-0.0291504167989	0.0420627185285	0.0275766109585	1.0	-0.0401228894992	0.023775137188	-0.00760505861294	-0.0173755892437	-0.0142193525485	0.0726981332438	-0.0972932077902	-0.0164223751693	0.0123303876317	-0.00644371851343	0.00606719019708	-0.0383129978958	-0.0671473352423	-0.000831749547269	0.023115478405	-0.0640379442058	0.0257969304872	-0.020044498919	-0.00666536497628	-0.0169550246	-0.0143316935041	-0.0131919985256	-0.0742360836332	-0.0662550990973	0.0180438523821	-0.0248159096674	0.0198454015123	-0.06129286568	0.0267488988081	-0.0248180358241
k__Bacteria;p__Actinobacteria;c__Actinobacteria;o__Bifidobacteriales;f__Bifidobacteriaceae;g__Bifidobacterium;s__Bifidobacterium_longum	-0.0245984854693	-0.0478536484026	-0.0203635310115	-0.0182974526831	0.0174093009091	-0.0218546520265	-0.0387831963161	0.0106262308287	-0.0398344761657	-0.0417709595505	0.0223376686239	0.000748239366272	0.0471440419192	0.054396506405	0.0565732956623	-0.0409021677982	-0.0018929070124	-0.00740873497437	-0.0184224801279	-0.106945268092	-0.0634168977114	-0.0245271137497	-0.0054295251671	-0.0913365361629	-0.0521928605926	-0.0197095413103	-0.00567417341708	0.00070276674074	-0.0401228894992	1.0	0.0444861717574	0.00958626576318	-0.00210507113513	0.0813908639354	0.000208572875068	0.0210749641834	-0.0701701963259	-0.114959252201	0.00599961976302	0.0678451858137	-0.0159970617674	-0.0211173419322	-0.057260805086	-0.0506335832994	-0.0319830661098	-0.000150158728668	0.0177911324438	0.0281007280634	-0.000832830341802	-0.100708374475	-0.00278695934113	-0.010588063473	-0.00490114721135	-0.0602484934255	0.00261526405229	-0.0845969330772	-0.0465198138372	0.0353905150026	0.0561793577705
