#taxonomy	k__Bacteria;p__Bacteroidetes;c__Bacteroidia;o__Bacteroidales;f__Bacteroidaceae;g__Bacteroides;s__Bacteroides_vulgatus	k__Bacteria;p__Bacteroidetes;c__Bacteroidia;o__Bacteroidales;f__Bacteroidaceae;g__Bacteroides;s__Bacteroides_uniformis	k__Bacteria;p__Bacteroidetes;c__Bacteroidia;o__Bacteroidales;f__Rikenellaceae;g__Alistipes;s__Alistipes_putredinis	k__Bacteria;p__Bacteroidetes;c__Bacteroidia;o__Bacteroidales;f__Prevotellaceae;g__Prevotella;s__Prevotella_copri	k__Bacteria;p__Bacteroidetes;c__Bacteroidia;o__Bacteroidales;f__Bacteroidaceae;g__Bacteroides;s__Bacteroides_stercoris	k__Bacteria;p__Bacteroidetes;c__Bacteroidia;o__Bacteroidales;f__Bacteroidaceae;g__Bacteroides;s__Bacteroides_ovatus	k__Bacteria;p__Bacteroidetes;c__Bacteroidia;o__Bacteroidales;f__Rikenellaceae;g__Alistipes;s__Alistipes_shahii	k__Bacteria;p__Firmicutes;c__Clostridia;o__Clostridiales;f__Ruminococcaceae;g__Faecalibacterium;s__Faecalibacterium_prausnitzii	k__Bacteria;p__Bacteroidetes;c__Bacteroidia;o__Bacteroidales;f__Rikenellaceae;g__Alistipes;s__Alistipes_finegoldii	k__Bacteria;p__Bacteroidetes;c__Bacteroidia;o__Bacteroidales;f__Porphyromonadaceae;g__Parabacteroides;s__Parabacteroides_distasonis	k__Bacteria;p__Bacteroidetes;c__Bacteroidia;o__Bacteroidales;f__Bacteroidaceae;g__Bacteroides;s__Bacteroides_thetaiotaomicron	k__Bacteria;p__Bacteroidetes;c__Bacteroidia;o__Bacteroidales;f__Bacteroidaceae;g__Bacteroides;s__Bacteroides_coprocola	k__Bacteria;p__Bacteroidetes;c__Bacteroidia;o__Bacteroidales;f__Bacteroidaceae;g__Bacteroides;s__Bacteroides_cellulosilyticus	k__Bacteria;p__Bacteroidetes;c__Bacteroidia;o__Bacteroidales;f__Rikenellaceae;g__Alistipes;s__Alistipes_obesi	k__Bacteria;p__Firmicutes;c__Clostridia;o__Clostridiales;f__Lachnospiraceae;g__;s__[Eubacterium]_rectale	k__Bacteria;p__Bacteroidetes;c__Bacteroidia;o__Bacteroidales;f__Bacteroidaceae;g__Bacteroides;s__Bacteroides_plebeius	k__Bacteria;p__Bacteroidetes;c__Bacteroidia;o__Bacteroidales;f__Bacteroidaceae;g__Bacteroides;s__Bacteroides_fragilis	k__Bacteria;p__Proteobacteria;c__Betaproteobacteria;o__Burkholderiales;f__Sutterellaceae;g__Sutterella;s__Sutterella_wadsworthensis	k__Bacteria;p__Bacteroidetes;c__Bacteroidia;o__Bacteroidales;f__Porphyromonadaceae;g__Barnesiella;s__Barnesiella_intestinihominis	k__Bacteria;p__Bacteroidetes;c__Bacteroidia;o__Bacteroidales;f__Odoribacteraceae;g__Odoribacter;s__Odoribacter_splanchnicus	k__Bacteria;p__Bacteroidetes;c__Bacteroidia;o__Bacteroidales;f__Bacteroidaceae;g__Bacteroides;s__Bacteroides_salyersiae	k__Bacteria;p__Firmicutes;c__Clostridia;o__Clostridiales;f__Ruminococcaceae;g__Ruminiclostridium;s__[Eubacterium]_siraeum	k__Bacteria;p__Proteobacteria;c__Betaproteobacteria;o__Burkholderiales;f__Sutterellaceae;g__Parasutterella;s__Parasutterella_excrementihominis	k__Bacteria;p__Actinobacteria;c__Actinobacteria;o__Bifidobacteriales;f__Bifidobacteriaceae;g__Bifidobacterium;s__Bifidobacterium_adolescentis	k__Bacteria;p__Firmicutes;c__Clostridia;o__Clostridiales;f__Oscillospiraceae;g__Oscillibacter;s__Oscillibacter_sp._KLE_1745	k__Bacteria;p__Bacteroidetes;c__Bacteroidia;o__Bacteroidales;f__Bacteroidaceae;g__Bacteroides;s__Bacteroides_coprophilus	k__Bacteria;p__Firmicutes;c__Clostridia;o__Clostridiales;f__Lachnospiraceae;g__Roseburia;s__Roseburia_intestinalis	k__Bacteria;p__Firmicutes;c__Clostridia;o__Clostridiales;f__Lachnospiraceae;g__Roseburia;s__Roseburia_hominis	k__Bacteria;p__Bacteroidetes;c__Bacteroidia;o__Bacteroidales;f__Porphyromonadaceae;g__Parabacteroides;s__Parabacteroides_johnsonii	k__Bacteria;p__Actinobacteria;c__Actinobacteria;o__Bifidobacteriales;f__Bifidobacteriaceae;g__Bifidobacterium;s__Bifidobacterium_longum	k__Bacteria;p__Firmicutes;c__Clostridia;o__Clostridiales;f__;g__Flavonifractor;s__Flavonifractor_plautii	k__Bacteria;p__Firmicutes;c__Clostridia;o__Clostridiales;f__Clostridiaceae;g__Clostridium;s__Clostridium_phoceensis	k__Bacteria;p__Verrucomicrobia;c__Verrucomicrobiae;o__Verrucomicrobiales;f__Akkermansiaceae;g__Akkermansia;s__Akkermansia_muciniphila	k__Bacteria;p__Bacteroidetes;c__Bacteroidia;o__Bacteroidales;f__Prevotellaceae;g__Paraprevotella;s__Paraprevotella_xylaniphila	k__Bacteria;p__Firmicutes;c__Clostridia;o__Clostridiales;f__Ruminococcaceae;g__Ruminococcus;s__Ruminococcus_callidus	k__Bacteria;p__Bacteroidetes;c__Bacteroidia;o__Bacteroidales;f__Rikenellaceae;g__Alistipes;s__Alistipes_senegalensis	k__Bacteria;p__Firmicutes;c__Clostridia;o__Clostridiales;f__Lachnospiraceae;g__Blautia;s__Blautia_sp._KLE_1732	k__Bacteria;p__Bacteroidetes;c__Bacteroidia;o__Bacteroidales;f__Bacteroidaceae;g__Bacteroides;s__Bacteroides_oleiciplenus	k__Bacteria;p__Firmicutes;c__Clostridia;o__Clostridiales;f__Ruminococcaceae;g__Ruminococcus;s__Ruminococcus_bicirculans	k__Bacteria;p__Bacteroidetes;c__Bacteroidia;o__Bacteroidales;f__Bacteroidaceae;g__Bacteroides;s__Bacteroides_fluxus	k__Bacteria;p__Bacteroidetes;c__Bacteroidia;o__Bacteroidales;f__Prevotellaceae;g__Prevotella;s__Prevotella_stercorea	k__Bacteria;p__Firmicutes;c__Clostridia;o__Clostridiales;f__Lachnospiraceae;g__Dorea;s__Dorea_longicatena	k__Bacteria;p__Firmicutes;c__Clostridia;o__Clostridiales;f__Eubacteriaceae;g__Eubacterium;s__[Eubacterium]_eligens	k__Bacteria;p__Firmicutes;c__Clostridia;o__Clostridiales;f__Ruminococcaceae;g__;s__Ruminococcaceae_bacterium_D16	k__Bacteria;p__Firmicutes;c__Clostridia;o__Clostridiales;f__Lachnospiraceae;g__Coprococcus;s__Coprococcus_comes	k__Bacteria;p__Proteobacteria;c__Gammaproteobacteria;o__Enterobacterales;f__Enterobacteriaceae;g__Escherichia;s__Escherichia_coli	k__Bacteria;p__Firmicutes;c__Clostridia;o__Clostridiales;f__Ruminococcaceae;g__Anaerotruncus;s__Anaerotruncus_colihominis	k__Bacteria;p__Firmicutes;c__Clostridia;o__Clostridiales;f__Lachnospiraceae;g__Blautia;s__Blautia_obeum	k__Bacteria;p__Bacteroidetes;c__Bacteroidia;o__Bacteroidales;f__Odoribacteraceae;g__Odoribacter;s__Odoribacter_laneus	k__Bacteria;p__Firmicutes;c__Clostridia;o__Clostridiales;f__Ruminococcaceae;g__Ruminiclostridium;s__[Clostridium]_leptum	k__Bacteria;p__Bacteroidetes;c__Bacteroidia;o__Bacteroidales;f__Porphyromonadaceae;g__Parabacteroides;s__Parabacteroides_goldsteinii	k__Bacteria;p__Firmicutes;c__Clostridia;o__Clostridiales;f__Lachnospiraceae;g__Anaerostipes;s__Anaerostipes_hadrus	k__Bacteria;p__Firmicutes;c__Clostridia;o__Clostridiales;f__Ruminococcaceae;g__Ruminococcus;s__Ruminococcus_lactaris	k__Bacteria;p__Firmicutes;c__Clostridia;o__Clostridiales;f__Clostridiaceae;g__Clostridium;s__Clostridium_sp._L2-50	k__Bacteria;p__Firmicutes;c__Clostridia;o__Clostridiales;f__Clostridiaceae;g__Clostridium;s__Clostridium_sp._M62/1	k__Bacteria;p__Firmicutes;c__Clostridia;o__Clostridiales;f__;g__Intestinimonas;s__Intestinimonas_butyriciproducens	k__Bacteria;p__Actinobacteria;c__Actinobacteria;o__Bifidobacteriales;f__Bifidobacteriaceae;g__Bifidobacterium;s__Bifidobacterium_bifidum	k__Bacteria;p__Firmicutes;c__Negativicutes;o__Veillonellales;f__Veillonellaceae;g__Dialister;s__Dialister_invisus	k__Bacteria;p__Bacteroidetes;c__Bacteroidia;o__Bacteroidales;f__Bacteroidaceae;g__Bacteroides;s__Bacteroides_salanitronis
k__Bacteria;p__Bacteroidetes;c__Bacteroidia;o__Bacteroidales;f__Bacteroidaceae;g__Bacteroides;s__Bacteroides_vulgatus	1.0	0.0242977258008	-0.0118222370661	0.0184397677926	0.0512771566567	-0.041725404364	-0.0318291563406	0.00320841546772	-0.0677002335571	-0.00938714036149	-0.0374109385439	-0.0339125545987	0.0311676392886	-0.0420070098709	-0.0312434489881	0.0370292580354	-0.0328947702395	0.0293552131864	0.0273236298576	-0.0209987202314	-0.0139156228451	0.0125980458214	0.00301709730914	-0.000990614199553	-0.0233768133883	0.0275836937929	-0.0401557235904	-0.0646621388377	-0.020300439254	-0.00448114521677	-0.0394698647779	-0.0688526413032	-0.0369156939458	-0.081555808914	0.0416954758718	-0.0288620378934	-0.0185324721525	-0.0951388142023	0.0119161518426	-0.00424630900091	-0.00414042584957	0.0602806664652	-0.0369025895034	-0.000570719788868	0.0166039245894	-0.00872477332105	0.0371084304739	0.0192187015794	0.00636858494901	-0.011842143502	-0.0121034532089	-0.0646593004643	-0.0441022801937	-0.0682526165247	0.0294646686783	0.0227087098979	-0.0449467230487	0.0284330333963	-0.0253259537283
k__Bacteria;p__Bacteroidetes;c__Bacteroidia;o__Bacteroidales;f__Bacteroidaceae;g__Bacteroides;s__Bacteroides_uniformis	0.0242977258008	1.0	0.0169270149958	-0.049773542484	-0.0869478982748	0.00852895232816	-0.0433836142245	-0.0061672250005	-0.0369928911325	-0.00521699438537	-0.0172965864889	-0.0349498503308	-0.0295963081848	0.0114529992524	-0.0215165499608	-0.0510941527505	-0.0228575658158	-0.00126294041484	0.00275264048895	-0.00954405822155	0.0495878099167	0.0361335764205	-0.0264208631126	-0.000199964849938	0.0483116780109	-0.0228010228474	0.0689495135695	0.0298757409303	-0.00251219983806	-0.0791228124293	-0.0121945265511	0.00529171919222	-0.0592322748274	0.00891341360855	-0.0467915689512	-0.0113442880976	-0.0134271517206	0.0436340613541	0.0620422351738	-0.0562355988204	0.0243406747216	0.0120823080011	-0.0148433900823	-0.0604618274618	-0.0469910650763	-0.069891111214	0.000496934863658	-0.00333786073171	-0.0267974344517	-0.101838729447	-0.0953321055651	-0.0232276652327	-0.0110647681808	-0.0445697481688	-0.0241891489457	0.0525880384868	0.0584960002348	0.00601868870986	0.0315266589869
k__Bacteria;p__Bacteroidetes;c__Bacteroidia;o__Bacteroidales;f__Rikenellaceae;g__Alistipes;s__Alistipes_putredinis	-0.0118222370661	0.0169270149958	1.0	-0.0335423734282	-0.046683122817	-0.00755054668631	0.00943397530485	-0.0589599013826	0.0493285359266	0.00166290429294	0.010823471671	0.00852499111273	0.00350891064602	-0.0337477997173	0.0790407195425	0.023919412811	-0.0107446859037	0.0381384783401	0.078622308546	-0.0295475027365	-0.0156712231618	-0.0388810373677	0.0668779838652	0.0386664776427	-0.0545924902249	-0.0845556339679	-0.00198276446197	-0.0573341929447	0.0279927585962	0.00596159714135	0.00680265776975	-0.0455790173117	0.0359884126506	-0.0219353358175	-0.0165616441184	-0.00302401765561	-0.0422100485986	-0.0443922949283	-0.0331358160944	-0.0137507440564	-0.00268934660528	-0.0435544482615	-0.0313003722566	-0.0942343059213	0.00203409530396	0.111262087744	-0.0476397978658	-0.02617706885	0.0171002979869	-0.0332230769699	-0.0642374979917	-0.0322829728704	-0.0275087107654	-0.0386229455238	0.000819005397253	-0.0491167567499	0.0267783582482	-0.0483719520382	-0.0249017645358
k__Bacteria;p__Bacteroidetes;c__Bacteroidia;o__Bacteroidales;f__Prevotellaceae;g__Prevotella;s__Prevotella_copri	0.0184397677926	-0.049773542484	-0.0335423734282	1.0	-0.0293518942976	-0.0104045511515	0.00212483086686	-0.0526535934691	-0.00635534676834	-0.0230058083402	-0.0368274564424	0.0451833636753	0.000534198114401	-0.0163080717359	-0.0373645760921	-0.0808768447184	0.0331147669604	-0.0232943492782	-0.0488029779076	0.00479473399373	0.0109877168095	0.0648846960227	-0.0486156847179	-0.0327387520764	-0.00369680878927	-0.0261466897526	-0.0980947224289	0.0296492867833	0.0769245566185	0.00570723478762	-0.0448830013523	0.00351298311064	-0.00949541753268	-0.0286047249635	-0.0456754236189	0.00304250534656	-0.0748519241821	-0.00136768512836	-0.0268792058828	-0.0672948800459	0.00603387122601	-0.0538333397811	0.00526031714119	-0.0280360014082	-0.0220615031751	0.0363640613335	0.0350162245287	-0.024936592643	-0.0256244574445	0.0276847273659	-0.0264535761288	-0.0405738592406	0.0230357853684	-0.00254202050126	-0.0708420829117	-0.0479733566118	0.0133943867424	0.0163449494565	-0.0316064871622
k__Bacteria;p__Bacteroidetes;c__Bacteroidia;o__Bacteroidales;f__Bacteroidaceae;g__Bacteroides;s__Bacteroides_stercoris	0.0512771566567	-0.0869478982748	-0.046683122817	-0.0293518942976	1.0	-0.0143848646647	-0.0540998134533	0.0166485158651	0.0624811183966	-0.0028082662377	-0.0614954541687	-0.0549579615031	-0.00197021048686	0.0651358228717	-0.0352140692831	0.00465118510972	-0.0584832974185	-0.00416562515805	-0.0128754493287	-0.0354415150429	-0.0233115025094	-0.012183969302	-0.0187892752394	0.013367210218	0.0144647136282	-0.0521144685715	-0.0257656375147	-0.0744338173425	0.0137656339902	-0.0266822030351	-0.012589457508	-0.0382574525368	-0.0705517649121	0.0562744891148	0.0778772674231	-0.0236529326304	0.00815622845788	0.0113269017596	-0.00412478950096	-0.0146986920682	-0.0669860840247	-0.00697309215309	0.0195926010477	-0.0164439526196	0.0105433311118	0.00809765477104	0.0659078508107	0.00958313323776	0.0509414550503	0.019296992265	-0.00525150550119	-0.0306780836971	-0.0938163554265	-0.0047347786692	0.0394801454682	-0.00797180982723	-0.0262774299597	0.0516354378907	-0.0507854642797
k__Bacteria;p__Bacteroidetes;c__Bacteroidia;o__Bacteroidales;f__Bacteroidaceae;g__Bacteroides;s__Bacteroides_ovatus	-0.041725404364	0.00852895232816	-0.00755054668631	-0.0104045511515	-0.0143848646647	1.0	-0.0900003945287	0.0321226358093	-0.107891072419	-0.041134634154	-0.0521957484019	-0.0642650393074	0.00627144104357	0.00317111989941	-0.0446914837202	0.0615450041502	0.00846736769785	-0.0451044450097	0.0312056630817	0.0128410704579	-0.00736847834749	0.0430881640741	-0.0227471697634	-0.0169790259754	-0.00385808193923	-0.0220134575001	-0.00450420495016	-0.00245663977716	-0.00636664426797	0.00699532533951	-0.0316815146155	-0.0375548539877	-0.0300608295625	0.0258339396674	0.00234651196221	0.0367360938315	0.0688805379529	-0.0242713172757	0.0411675988911	0.00736278442154	-0.0158645474145	-0.0118688470108	-0.0387091141595	0.0124913747416	-0.0620829972552	0.0100131903846	-0.00246300932808	0.0241720156716	-0.0522687445331	0.00846715386902	-0.0477218155469	-0.0217100905102	0.00672720338239	-0.00683032897838	-0.0384349944949	0.0767607905777	-0.0514050556606	0.0135642570424	-0.0542107226793
k__Bacteria;p__Bacteroidetes;c__Bacteroidia;o__Bacteroidales;f__Rikenellaceae;g__Alistipes;s__Alistipes_shahii	-0.0318291563406	-0.0433836142245	0.00943397530485	0.00212483086686	-0.0540998134533	-0.0900003945287	1.0	-0.00348067002961	0.0451086261468	-0.0135258262114	0.00176687834753	0.0374434527867	-0.0469656016499	-0.0179334717123	-0.070832504602	-0.083821931647	-0.0410612479105	0.0271289624156	-0.0345375829856	-0.0416910900086	0.0396454893901	0.0102930911922	0.101936559778	-0.0272352672583	0.00138565478826	0.0168751827392	0.00979316540304	-0.00478005048155	-0.0052410101218	0.0244500355105	0.0685275766027	-0.0214206308203	-0.0231260074931	-0.0597829300637	0.0177733644217	-0.087162077121	0.00237699025556	-0.0210094695752	-0.0511064200193	0.0259966227865	-0.026066964229	0.0163060941821	-0.0696582277259	0.0278890174209	0.110862998697	-0.0397861893128	-0.0362936107839	-0.0637582661595	0.0259572822688	-0.00525044103448	0.00625892171443	-0.0261445623924	0.0221523551849	-0.0305895680096	-0.015742268787	0.018491084721	-0.0095463999351	0.0173627085633	0.0238524600765
k__Bacteria;p__Firmicutes;c__Clostridia;o__Clostridiales;f__Ruminococcaceae;g__Faecalibacterium;s__Faecalibacterium_prausnitzii	0.00320841546772	-0.0061672250005	-0.0589599013826	-0.0526535934691	0.0166485158651	0.0321226358093	-0.00348067002961	1.0	0.00381247516131	-0.0153943493132	-0.0218518054257	-0.0450474156019	-0.0394992538959	0.0427863444951	-0.0210343902276	-0.0792002625746	0.0540640618632	-0.00685898314552	-0.0396746687767	0.0186863706067	-0.0339481756188	-0.0349115392799	0.00185511622463	-0.0174703920324	-0.0438130526586	0.0296617879928	-0.0233950462378	0.00134940475877	-0.0574438343857	-0.0416959605178	0.0418893248796	-0.0658658824646	0.0700307777316	0.00251990631886	0.0434512990173	-0.0106703794716	-0.0255803454941	0.0547245649083	-0.059457375587	-0.00720793857128	-0.048558386014	-0.0139566640889	-0.00456812426618	0.0139156690556	0.0211927318678	-0.024757106384	-0.0393912983522	0.00896529012186	-0.0134624941303	-0.037152320056	0.0255303647827	-0.034762823083	-0.0142123517325	-0.0381304745454	-0.000320838527607	-0.011399881225	-0.0132267878598	0.0184994176422	0.0608935494597
k__Bacteria;p__Bacteroidetes;c__Bacteroidia;o__Bacteroidales;f__Rikenellaceae;g__Alistipes;s__Alistipes_finegoldii	-0.0677002335571	-0.0369928911325	0.0493285359266	-0.00635534676834	0.0624811183966	-0.107891072419	0.0451086261468	0.00381247516131	1.0	-0.0328409704438	-0.0600185474396	0.0511130731721	-0.0191632886716	0.0960310433614	-0.000219695566351	-0.0800946438122	0.00299265944455	0.0355299984042	-0.00465633827327	0.0451784429517	-0.0295818332337	-0.0541946355254	-0.0240070998234	-0.0598136403018	-0.00203226862749	0.0335386900183	-0.0824498725952	-0.0662700366989	-0.0147410299727	0.0128744157035	-0.0329580772009	0.00285684855704	-0.0603735678252	0.0413406933023	-0.00566205141646	0.0388670330141	0.0104623212601	-0.00714174411161	-0.00447235020793	-0.0144390302425	0.0179252662259	0.039039539403	-0.0126679915501	0.00314439244545	0.0133943805011	0.0492494842757	-0.0162953680454	0.0112761769078	-0.0298361712763	-0.033437108297	0.00710877933869	-0.0538703632145	-0.019255460635	0.000261868158594	0.0295621871833	-0.0328344420238	0.014381775072	0.0133761681484	-0.0211390821991
k__Bacteria;p__Bacteroidetes;c__Bacteroidia;o__Bacteroidales;f__Porphyromonadaceae;g__Parabacteroides;s__Parabacteroides_distasonis	-0.00938714036149	-0.00521699438537	0.00166290429294	-0.0230058083402	-0.0028082662377	-0.041134634154	-0.0135258262114	-0.0153943493132	-0.0328409704438	1.0	-0.0143371393907	-0.0100626804354	0.0524169395527	0.0281198066196	0.0637419124127	0.00687589398838	-0.0238630467556	0.0406115282282	-0.0365954041487	0.0443259642783	0.0271946382552	-0.0238456431715	-0.0016287317224	0.0289816472733	-0.0307918965401	0.0138079018612	-0.0194136076956	0.0361442145405	-0.0223488211434	-0.00566966512024	0.0557945379598	-0.0315479169241	-0.0177007054706	-0.0433167899425	-0.0619267628711	0.0329922851057	0.020443039013	-0.0173417922791	-0.0255552461691	-0.000965861560449	-0.00875399330673	-0.0776003414846	-0.0204165271144	-0.0273334241768	-0.0133039199093	-0.0495734004949	-0.0084072523233	0.0039165145548	0.00365170614133	-0.0807528090179	-0.0516032141053	-0.00203858655175	-0.0271814993527	-0.0487957591877	-0.0115656794174	0.0514420220373	0.014024938822	-0.0807487643126	0.00403858668664
k__Bacteria;p__Bacteroidetes;c__Bacteroidia;o__Bacteroidales;f__Bacteroidaceae;g__Bacteroides;s__Bacteroides_thetaiotaomicron	-0.0374109385439	-0.0172965864889	0.010823471671	-0.0368274564424	-0.0614954541687	-0.0521957484019	0.00176687834753	-0.0218518054257	-0.0600185474396	-0.0143371393907	1.0	-0.030453458809	-0.0199913424856	-0.00581680931769	0.0236812048861	0.0666804900177	-0.00328765553811	-0.0537902741467	-0.042750436594	-0.0312151282023	0.0232013947876	-0.0781356658478	0.0491171890162	0.0697171422675	0.017080099888	0.0186467559589	0.051816817768	-0.0226139082607	0.0410802117571	-0.0169399905405	-0.0316199186495	-0.0198465440532	0.0475724576534	-0.0276648342165	-0.0260104268874	0.0410469633705	0.056484334001	0.0821653650211	-0.00179630558486	0.0122569026758	-0.0235903045766	0.0418466950913	0.0418472266754	0.0112009274997	-0.0200689468487	0.00468664041334	-0.0946328823537	0.0431475900721	-0.0450589565222	-0.00303096254232	-0.0699258406526	-0.0378903653921	-0.0353478532636	0.039538581126	-0.00704105552611	-0.00101058753334	-0.0297260517721	-0.0345585121573	-0.0505499579526
k__Bacteria;p__Bacteroidetes;c__Bacteroidia;o__Bacteroidales;f__Bacteroidaceae;g__Bacteroides;s__Bacteroides_coprocola	-0.0339125545987	-0.0349498503308	0.00852499111273	0.0451833636753	-0.0549579615031	-0.0642650393074	0.0374434527867	-0.0450474156019	0.0511130731721	-0.0100626804354	-0.030453458809	1.0	-0.0283818725976	-0.063020794335	-0.00849058974098	-0.0541621957776	0.0645218838518	-0.0321606193388	0.040907960594	-0.0494245643097	-0.0784500297842	-0.0578281243317	0.0255508268216	0.0517602084233	-0.0399770392031	-0.00298230559917	-0.0469935619466	0.0275285613786	0.00523509836238	-0.0168763220751	-0.0117358165193	-0.0112552950819	-0.0406514571486	-0.117978875044	-0.0384687225839	-0.0283860178679	0.0274315375708	0.00705968793482	0.000724458515582	-0.0417531599131	-0.0287633498232	0.00613478339791	-0.0467170962188	-0.00315816283364	0.0545127524743	0.0197136338081	0.0314023365503	-0.0740812772103	0.00940791799339	-0.0139005816602	0.0150192811965	-0.0310895547013	0.0127072387336	0.0107531644602	0.0501535132704	0.0260808758455	-0.0224288825652	-0.0472477921898	0.0164619523933
k__Bacteria;p__Bacteroidetes;c__Bacteroidia;o__Bacteroidales;f__Bacteroidaceae;g__Bacteroides;s__Bacteroides_cellulosilyticus	0.0311676392886	-0.0295963081848	0.00350891064602	0.000534198114401	-0.00197021048686	0.00627144104357	-0.0469656016499	-0.0394992538959	-0.0191632886716	0.0524169395527	-0.0199913424856	-0.0283818725976	1.0	-0.0501279110934	0.0146002717699	0.0072779755894	0.0263086094651	-0.00607493142824	0.0053364378616	-0.0405503293396	-0.0632584558993	-0.0694580584608	-0.03773955405	0.0257690554058	-0.00390485233286	-0.0526466422528	-0.0687635706608	-0.0231293710701	0.0295128193599	-0.0524774860099	0.01062406433	-0.00796947930781	0.015934943166	-0.0575596312506	-0.0518207152853	-0.0202065275743	-0.0494037675973	-0.0171946695916	0.00566015645085	0.00494976935359	-0.0520515923255	-0.0466588781542	-0.0116881456939	0.0141698539047	-0.00946012535675	-0.00884641030843	-0.0113766969333	-0.0133463435141	0.0529432275603	-0.000483633550033	-0.0879934860094	0.00856591642128	0.00235133070741	-0.0323068227021	-0.00710586946915	-0.0404887079357	-0.0203437709368	-0.0371801411182	0.0325329856032
k__Bacteria;p__Bacteroidetes;c__Bacteroidia;o__Bacteroidales;f__Rikenellaceae;g__Alistipes;s__Alistipes_obesi	-0.0420070098709	0.0114529992524	-0.0337477997173	-0.0163080717359	0.0651358228717	0.00317111989941	-0.0179334717123	0.0427863444951	0.0960310433614	0.0281198066196	-0.00581680931769	-0.063020794335	-0.0501279110934	1.0	-0.0489996446431	-0.027362226468	-0.0152122586686	0.0160384258711	-0.0446981629569	0.00446481742205	-0.0598919480926	0.0572988712033	-0.0383273322326	-0.0120931366237	0.0198289199879	-0.00950747733172	-0.0234305865009	0.0054577846129	-0.0297600336144	0.0311561290539	-0.0257219511955	0.00865917483036	0.0265172293682	-0.0310744332342	-0.0672232536474	0.106203067485	-0.0779198253823	-0.00228183487094	0.0277997963776	-0.0155130102693	0.0367243668223	-0.0645887937588	-0.0503169145013	0.0281662157334	-0.0101584161826	-0.0471577741358	0.0106062937595	-0.0588984052624	-0.0450184033723	-0.0510675081508	-0.0118561396968	-0.00307405443566	-0.105476543792	-0.00643288957364	-0.0271783109019	0.00650342249497	-0.0280766135738	0.0355007399175	-0.0256710854357
k__Bacteria;p__Firmicutes;c__Clostridia;o__Clostridiales;f__Lachnospiraceae;g__;s__[Eubacterium]_rectale	-0.0312434489881	-0.0215165499608	0.0790407195425	-0.0373645760921	-0.0352140692831	-0.0446914837202	-0.070832504602	-0.0210343902276	-0.000219695566351	0.0637419124127	0.0236812048861	-0.00849058974098	0.0146002717699	-0.0489996446431	1.0	0.0152459989577	-0.0165635463281	-0.0784051893555	0.0304835729992	0.00421963212911	0.0180024230128	-0.0252829001458	0.0468738862879	0.0338098023115	-0.00859611819028	-0.00578573192097	0.0106147870714	-0.00625902073796	-0.0844153292458	-0.0467633830769	-0.0140267038706	-0.0106137618219	-0.00850798995606	0.0156904091232	-0.00638355650273	-0.0504835635418	0.0118910493318	-0.0699622343423	0.0259623430129	0.0169025523457	-0.0279841685635	-0.0363985329415	-0.0342158637261	-0.0124453556991	0.0436047157279	0.0293060997285	-0.0731546877368	-0.0187491939848	0.000374415615809	0.0872984095089	0.0200142294445	0.0215999072957	-0.00454830618485	-0.0326663040189	-0.0155300215669	-0.0194029536498	0.0167911768146	-0.0604132635762	0.0652254955856
k__Bacteria;p__Bacteroidetes;c__Bacteroidia;o__Bacteroidales;f__Bacteroidaceae;g__Bacteroides;s__Bacteroides_plebeius	0.0370292580354	-0.0510941527505	0.023919412811	-0.0808768447184	0.00465118510972	0.0615450041502	-0.083821931647	-0.0792002625746	-0.0800946438122	0.00687589398838	0.0666804900177	-0.0541621957776	0.0072779755894	-0.027362226468	0.0152459989577	1.0	-0.013017670767	-0.0468486758826	0.0516140374198	0.00151643616345	-0.0534361871467	-0.0635936558155	-0.0301720707952	-0.0344010271352	0.0787115468153	0.0139805208987	0.0146809559761	-0.0260145159652	-0.0461160720078	-0.0414721587071	-0.0417961592256	0.0248925040532	-0.0250590874052	0.0515047952696	0.00482960353544	0.00757885979782	0.0329135276955	-0.0355121463679	-0.0741204417096	0.000943177977481	-0.00296371164294	0.0251135209771	-0.0103849643829	0.00972526695591	-0.0462502677127	0.0412998657773	-0.0185275757344	-0.0272755029479	0.00408167297445	-0.0452143488508	0.056193764176	-0.0116202168085	0.0400497460206	-0.0128244501276	-0.0729488143549	-0.0206451875507	-0.0150201737462	-0.0233175420085	-0.0150531535016
k__Bacteria;p__Bacteroidetes;c__Bacteroidia;o__Bacteroidales;f__Bacteroidaceae;g__Bacteroides;s__Bacteroides_fragilis	-0.0328947702395	-0.0228575658158	-0.0107446859037	0.0331147669604	-0.0584832974185	0.00846736769785	-0.0410612479105	0.0540640618632	0.00299265944455	-0.0238630467556	-0.00328765553811	0.0645218838518	0.0263086094651	-0.0152122586686	-0.0165635463281	-0.013017670767	1.0	0.0232004752494	-0.0232332949025	-0.0262950480542	-0.0308288028801	-0.0310412490027	0.0447557610149	0.0124391607261	-0.0306677652822	-0.0101353802442	0.0319814585259	0.0276430714796	-0.0291248133081	0.0166106320898	0.0355213005297	0.0249728361267	-0.0304204140444	-0.0252807514923	-0.0103446273008	-0.0253571936619	-0.00292721987496	-0.00126354578228	-0.0180075066764	0.0365964087544	-0.0158167215255	-0.00352191958176	0.00960901807717	0.0277178301947	0.0206486993042	-0.0312992520968	-0.01062912722	-0.0160547657824	0.0323090302547	-0.0444059288771	-0.0615088412798	-0.0231409445563	-0.000919979382411	0.0148425370101	-0.0156265044971	-0.0369686423106	-0.0645902527132	0.0351614130375	-0.0406257445411
k__Bacteria;p__Proteobacteria;c__Betaproteobacteria;o__Burkholderiales;f__Sutterellaceae;g__Sutterella;s__Sutterella_wadsworthensis	0.0293552131864	-0.00126294041484	0.0381384783401	-0.0232943492782	-0.00416562515805	-0.0451044450097	0.0271289624156	-0.00685898314552	0.0355299984042	0.0406115282282	-0.0537902741467	-0.0321606193388	-0.00607493142824	0.0160384258711	-0.0784051893555	-0.0468486758826	0.0232004752494	1.0	-0.0843558781622	-0.00626395939612	-0.0570502298673	-0.0714608062974	-0.0143057732947	0.0524072979972	-0.00214586149519	-0.00861741194207	0.0173876505491	0.0133761508698	0.0316429633253	-0.0535456393214	0.00119159561033	0.0252050095773	-0.0272579290839	-0.0289658505909	-0.0522357263172	-0.030848279588	-0.123730892819	0.0196887417955	0.0181992422634	-0.0188147375265	0.00831210526331	-0.0334873854498	-0.0237805023028	-0.0630203696583	0.0174511749194	0.0109430183495	0.0244086090217	-0.0305155613607	-0.0212666274133	0.0188452025279	0.00631839455806	-0.0273437339282	-0.037413175492	-0.0329481212708	0.029764496683	-0.029015491975	-0.00674041758848	-0.0472742759757	-0.00823252498053
k__Bacteria;p__Bacteroidetes;c__Bacteroidia;o__Bacteroidales;f__Porphyromonadaceae;g__Barnesiella;s__Barnesiella_intestinihominis	0.0273236298576	0.00275264048895	0.078622308546	-0.0488029779076	-0.0128754493287	0.0312056630817	-0.0345375829856	-0.0396746687767	-0.00465633827327	-0.0365954041487	-0.042750436594	0.040907960594	0.0053364378616	-0.0446981629569	0.0304835729992	0.0516140374198	-0.0232332949025	-0.0843558781622	1.0	-0.00468570063102	-0.0223985367948	-0.0284915536922	-0.0383262060188	-0.0189810376556	-0.0303705694374	-0.035857073515	-0.0210520806682	-0.0307772150741	0.037309101749	-0.0404099160358	-0.0340486281434	0.0530457455978	-0.00315281708991	-0.0862143031786	-0.0119964609393	-0.00919437529899	-0.0159734374746	-0.0320486429192	-0.100952612322	0.00319340479	-0.033839820589	0.0308294041864	-7.04567345284e-05	0.00880055618928	-0.063038022696	-0.0337422171422	-0.00648330039844	0.0122584456308	-0.000784500123995	0.0221580065212	-0.0348227842604	-0.011171635943	0.0470128990939	-0.064852440216	0.0277966847063	-0.01148302111	-0.0283987963246	0.00174242819937	0.0580915496677
k__Bacteria;p__Bacteroidetes;c__Bacteroidia;o__Bacteroidales;f__Odoribacteraceae;g__Odoribacter;s__Odoribacter_splanchnicus	-0.0209987202314	-0.00954405822155	-0.0295475027365	0.00479473399373	-0.0354415150429	0.0128410704579	-0.0416910900086	0.0186863706067	0.0451784429517	0.0443259642783	-0.0312151282023	-0.0494245643097	-0.0405503293396	0.00446481742205	0.00421963212911	0.00151643616345	-0.0262950480542	-0.00626395939612	-0.00468570063102	1.0	0.0785480301513	0.00334951239786	-0.063774017208	-0.00446333328112	-0.0413300950919	0.0201621428604	-0.0870153875322	-0.0221902060211	-0.0132180623407	-0.00506565910843	-0.0169027435466	0.00615595588642	0.052298877224	0.0339510762917	-0.0131798380042	0.0113778623893	0.013773780923	-0.0188628561404	0.00106771370293	-0.031213318155	-0.0483178048691	-0.0777647633371	-0.0480338658744	-0.0300884662584	-0.0120952362972	-0.00355617489687	0.0530186306383	0.00061785347085	-0.00131964759277	-0.0518343366446	-0.00873143052352	0.0136551755425	-0.0290164640491	0.0295114950318	-0.00493051529639	0.0936543683081	0.0347767467497	0.0583487792365	-0.0654111849874
k__Bacteria;p__Bacteroidetes;c__Bacteroidia;o__Bacteroidales;f__Bacteroidaceae;g__Bacteroides;s__Bacteroides_salyersiae	-0.0139156228451	0.0495878099167	-0.0156712231618	0.0109877168095	-0.0233115025094	-0.00736847834749	0.0396454893901	-0.0339481756188	-0.0295818332337	0.0271946382552	0.0232013947876	-0.0784500297842	-0.0632584558993	-0.0598919480926	0.0180024230128	-0.0534361871467	-0.0308288028801	-0.0570502298673	-0.0223985367948	0.0785480301513	1.0	-0.0403727851932	-0.0352270728836	-0.023242735166	-0.0262010541256	-0.00950840314783	-0.0120396143019	0.0319516351931	-0.0628344554558	0.015883200139	0.0433793189357	-0.0167833081635	-0.00656480107634	-0.0233644932387	-0.039869415378	0.0110577456354	0.030174226735	-0.0349062824917	-0.000501333706853	0.0298210919491	-0.0347513120715	-0.0252344567411	-0.00334191357716	-0.0171099444642	0.0145367208805	-0.0509085672284	-0.0512085206088	-0.00958025458409	0.0760279268384	0.0373579804329	0.0526534541801	-0.0382499567272	-0.024015762254	-0.0204043593781	0.0061744232382	0.0549436260927	0.00506833514379	-0.0295082961089	0.00745096250569
k__Bacteria;p__Firmicutes;c__Clostridia;o__Clostridiales;f__Ruminococcaceae;g__Ruminiclostridium;s__[Eubacterium]_siraeum	0.0125980458214	0.0361335764205	-0.0388810373677	0.0648846960227	-0.012183969302	0.0430881640741	0.0102930911922	-0.0349115392799	-0.0541946355254	-0.0238456431715	-0.0781356658478	-0.0578281243317	-0.0694580584608	0.0572988712033	-0.0252829001458	-0.0635936558155	-0.0310412490027	-0.0714608062974	-0.0284915536922	0.00334951239786	-0.0403727851932	1.0	-0.0182417717553	-0.0257127891102	0.0540930304639	-0.0186089012134	-0.0231091929373	0.0119708012111	-0.018856656426	0.0953639931795	-0.0284846356862	0.0635686521782	-0.0804987268361	-0.0152728769461	-0.0682234323043	0.0152858353604	0.0271354039	0.0259480463997	-0.0413877107281	-0.0229456933824	0.0504925126049	-0.000766683327841	0.0243831097852	-0.0171047124845	-0.0342483171935	0.00304339869555	0.0256643077519	-0.0195053654072	-0.00429871600323	0.00173826268833	0.0298759198757	-0.0191824158631	-0.0433848796989	-0.0768809486908	-0.000617778504975	-0.0844345786593	0.043226252922	-0.042110208619	0.0434569364416
k__Bacteria;p__Proteobacteria;c__Betaproteobacteria;o__Burkholderiales;f__Sutterellaceae;g__Parasutterella;s__Parasutterella_excrementihominis	0.00301709730914	-0.0264208631126	0.0668779838652	-0.0486156847179	-0.0187892752394	-0.0227471697634	0.101936559778	0.00185511622463	-0.0240070998234	-0.0016287317224	0.0491171890162	0.0255508268216	-0.03773955405	-0.0383273322326	0.0468738862879	-0.0301720707952	0.0447557610149	-0.0143057732947	-0.0383262060188	-0.063774017208	-0.0352270728836	-0.0182417717553	1.0	0.00402956803163	0.0911236048945	-0.0341366345406	-0.0432028180173	0.0506620507595	0.00999302374915	0.0557102237678	-0.0851120110863	0.00569279616553	0.0324597232356	0.0641904920588	0.0283172974433	-0.0142548011503	-0.0710715810469	0.0474898963291	0.0285828023896	-0.040557080044	-0.0383218263549	-0.00986083623275	0.00295314963247	-0.0255553112652	0.0236738321248	0.0201339163348	-0.0745369006554	0.00316441529768	-0.00223073698245	0.0468531595364	-0.0766310047936	0.00196346878078	-0.0415363473586	-0.0192613521987	-0.0199284345187	0.00391088779687	0.0187986450051	-0.0338961466452	-0.0145778461298
k__Bacteria;p__Actinobacteria;c__Actinobacteria;o__Bifidobacteriales;f__Bifidobacteriaceae;g__Bifidobacterium;s__Bifidobacterium_adolescentis	-0.000990614199553	-0.000199964849938	0.0386664776427	-0.0327387520764	0.013367210218	-0.0169790259754	-0.0272352672583	-0.0174703920324	-0.0598136403018	0.0289816472733	0.0697171422675	0.0517602084233	0.0257690554058	-0.0120931366237	0.0338098023115	-0.0344010271352	0.0124391607261	0.0524072979972	-0.0189810376556	-0.00446333328112	-0.023242735166	-0.0257127891102	0.00402956803163	1.0	-0.0798579275843	0.0473164076112	0.0211557826779	-0.0647203219976	0.0157087614172	-0.0153477933485	-0.0218491224976	0.00459135082917	-0.0349735095794	-0.00935023986037	-0.0873522706015	0.0336289433795	-0.014607923773	-0.00554030506487	0.0147345047266	-0.0341510807149	-0.0372400197313	0.0225533862722	-0.0504410832588	-0.0546565481567	-0.0232736987295	-0.0520686593601	-0.0320801432436	-0.0226695997492	-0.038827300658	0.0159668652546	0.0179185831283	-0.010413424466	0.0259094411879	0.00889012891422	0.0113312441703	-0.0247151292742	0.0296869059171	-0.0584047685842	-0.00615159817456
k__Bacteria;p__Firmicutes;c__Clostridia;o__Clostridiales;f__Oscillospiraceae;g__Oscillibacter;s__Oscillibacter_sp._KLE_1745	-0.0233768133883	0.0483116780109	-0.0545924902249	-0.00369680878927	0.0144647136282	-0.00385808193923	0.00138565478826	-0.0438130526586	-0.00203226862749	-0.0307918965401	0.017080099888	-0.0399770392031	-0.00390485233286	0.0198289199879	-0.00859611819028	0.0787115468153	-0.0306677652822	-0.00214586149519	-0.0303705694374	-0.0413300950919	-0.0262010541256	0.0540930304639	0.0911236048945	-0.0798579275843	1.0	-0.00228579200502	-0.042498206077	0.0754985063299	0.0609744154862	0.002611789977	-0.0380406600859	-0.0990941231581	0.0105840170341	-0.0326864834814	0.0176506609216	0.0201293960602	0.0410712657719	-0.0368078298279	-0.00784503450481	-0.00201989417537	-0.0281506329184	-0.00644493954635	0.0400878419197	-0.0250346278613	-0.0143028356808	0.0144342491213	-0.079841770223	0.108322481833	0.0428726700135	0.0226182820538	-0.034052530485	-0.0245762134723	0.0290672948597	-0.0146266568867	0.010633405258	-0.0357975643537	0.0253828553448	0.00996824453277	-0.0304269310216
k__Bacteria;p__Bacteroidetes;c__Bacteroidia;o__Bacteroidales;f__Bacteroidaceae;g__Bacteroides;s__Bacteroides_coprophilus	0.0275836937929	-0.0228010228474	-0.0845556339679	-0.0261466897526	-0.0521144685715	-0.0220134575001	0.0168751827392	0.0296617879928	0.0335386900183	0.0138079018612	0.0186467559589	-0.00298230559917	-0.0526466422528	-0.00950747733172	-0.00578573192097	0.0139805208987	-0.0101353802442	-0.00861741194207	-0.035857073515	0.0201621428604	-0.00950840314783	-0.0186089012134	-0.0341366345406	0.0473164076112	-0.00228579200502	1.0	0.0340985097112	0.0196263826521	-0.0595421503823	-0.0116049921587	-0.0930897685415	0.0144640134657	-0.0355089661969	-0.00546470233622	0.0282281136966	0.00852054021154	-0.00587735698287	-0.0216446627808	-0.0498259938291	0.0226161822453	-0.0316250286183	-0.00345731945068	-0.0708164268688	-0.0334604212262	-0.0106879186347	-0.0153900042431	-0.051943279735	-0.0165870771011	-0.0152660106914	-0.0448575733629	0.0326162264514	0.0470317266275	-0.0230392384456	0.0394459138934	-0.00601316870085	0.0542146437259	0.0416053631756	-0.0484259879307	-0.00966037035453
k__Bacteria;p__Firmicutes;c__Clostridia;o__Clostridiales;f__Lachnospiraceae;g__Roseburia;s__Roseburia_intestinalis	-0.0401557235904	0.0689495135695	-0.00198276446197	-0.0980947224289	-0.0257656375147	-0.00450420495016	0.00979316540304	-0.0233950462378	-0.0824498725952	-0.0194136076956	0.051816817768	-0.0469935619466	-0.0687635706608	-0.0234305865009	0.0106147870714	0.0146809559761	0.0319814585259	0.0173876505491	-0.0210520806682	-0.0870153875322	-0.0120396143019	-0.0231091929373	-0.0432028180173	0.0211557826779	-0.042498206077	0.0340985097112	1.0	-0.0396868867744	-0.0521226294855	-0.0158278082413	0.0159022210084	-0.110120592644	0.0154683180647	-0.0269506408694	-0.00193012781503	0.0260925059032	-0.0642792989381	-0.00482315147427	0.0285418372692	-0.0468386724025	0.069242654032	-0.0123335217582	0.0463598572858	-0.0371997323106	-0.0855821400473	-0.0760213142515	0.0581126942379	-0.0368856354445	0.0590425961149	0.039835365309	-0.0142512664336	0.0341196043187	-0.0230455262295	-0.0212165858019	-0.00634395127655	0.00276268025615	0.00604601205926	-0.0970222158113	0.0236518699714
k__Bacteria;p__Firmicutes;c__Clostridia;o__Clostridiales;f__Lachnospiraceae;g__Roseburia;s__Roseburia_hominis	-0.0646621388377	0.0298757409303	-0.0573341929447	0.0296492867833	-0.0744338173425	-0.00245663977716	-0.00478005048155	0.00134940475877	-0.0662700366989	0.0361442145405	-0.0226139082607	0.0275285613786	-0.0231293710701	0.0054577846129	-0.00625902073796	-0.0260145159652	0.0276430714796	0.0133761508698	-0.0307772150741	-0.0221902060211	0.0319516351931	0.0119708012111	0.0506620507595	-0.0647203219976	0.0754985063299	0.0196263826521	-0.0396868867744	1.0	-0.00972463575801	-0.0338543011472	0.012859352702	0.016706880017	0.0617931167563	-0.0218147365692	-0.00775437278278	-0.073573048597	-0.0369876184986	-0.0114467364563	-0.0208530854091	-0.0188509700521	0.0564616076506	0.0195868041028	-0.0268307833333	-0.0165987537294	0.0305756880343	-0.104753586494	-0.0621744638464	-0.0184704879556	0.0365866883081	0.0265370518728	0.045014864196	0.0131566113454	-0.0115248844996	-0.0456306665686	-0.0165320142225	-0.0020730722366	-0.0677583766005	-0.0369526349845	-0.00586420178943
k__Bacteria;p__Bacteroidetes;c__Bacteroidia;o__Bacteroidales;f__Porphyromonadaceae;g__Parabacteroides;s__Parabacteroides_johnsonii	-0.020300439254	-0.00251219983806	0.0279927585962	0.0769245566185	0.0137656339902	-0.00636664426797	-0.0052410101218	-0.0574438343857	-0.0147410299727	-0.0223488211434	0.0410802117571	0.00523509836238	0.0295128193599	-0.0297600336144	-0.0844153292458	-0.0461160720078	-0.0291248133081	0.0316429633253	0.037309101749	-0.0132180623407	-0.0628344554558	-0.018856656426	0.00999302374915	0.0157087614172	0.0609744154862	-0.0595421503823	-0.0521226294855	-0.00972463575801	1.0	-0.0750914207836	0.0043144997511	0.055613247028	-0.048476071654	-0.0840148832598	0.014087573934	-0.062091753685	0.0323093461873	-0.0598194917921	-0.0650343211266	0.0338943265189	-0.0213034689585	0.100738985483	0.0389879190541	0.0216117448302	0.0451534326544	-0.0591875795431	-0.0103431304815	-0.0602483215479	-0.00807624206828	-0.0299790082731	0.00362362179864	0.00701684489855	0.0424993952728	0.0579761356217	0.0311753581684	0.0115873780445	0.00462256569449	0.0109059438235	-0.0768834487294
k__Bacteria;p__Actinobacteria;c__Actinobacteria;o__Bifidobacteriales;f__Bifidobacteriaceae;g__Bifidobacterium;s__Bifidobacterium_longum	-0.00448114521677	-0.0791228124293	0.00596159714135	0.00570723478762	-0.0266822030351	0.00699532533951	0.0244500355105	-0.0416959605178	0.0128744157035	-0.00566966512024	-0.0169399905405	-0.0168763220751	-0.0524774860099	0.0311561290539	-0.0467633830769	-0.0414721587071	0.0166106320898	-0.0535456393214	-0.0404099160358	-0.00506565910843	0.015883200139	0.0953639931795	0.0557102237678	-0.0153477933485	0.002611789977	-0.0116049921587	-0.0158278082413	-0.0338543011472	-0.0750914207836	1.0	0.0250778678624	-0.00645216103455	0.0415156693412	-0.0453737937125	-0.0254151383324	0.00268945023401	-0.056620196374	0.0586237138772	-0.0371565957363	-0.0034253432803	0.0264843216823	-0.0638124217562	0.0423656406228	-0.0476953821188	-0.0473239854472	0.045678318845	0.0334258738665	-0.0178115733996	-0.0363837419917	0.0177630548557	0.0174820246109	-0.00713295174014	-0.0656624104344	0.0658452289833	-0.0807042299941	0.00672011384149	-0.000416590438619	-0.0296169322275	0.0164668950355
