#taxonomy	k__Bacteria;p__Bacteroidetes;c__Bacteroidia;o__Bacteroidales;f__Bacteroidaceae;g__Bacteroides;s__Bacteroides_vulgatus	k__Bacteria;p__Bacteroidetes;c__Bacteroidia;o__Bacteroidales;f__Bacteroidaceae;g__Bacteroides;s__Bacteroides_uniformis	k__Bacteria;p__Bacteroidetes;c__Bacteroidia;o__Bacteroidales;f__Rikenellaceae;g__Alistipes;s__Alistipes_putredinis	k__Bacteria;p__Bacteroidetes;c__Bacteroidia;o__Bacteroidales;f__Prevotellaceae;g__Prevotella;s__Prevotella_copri	k__Bacteria;p__Bacteroidetes;c__Bacteroidia;o__Bacteroidales;f__Bacteroidaceae;g__Bacteroides;s__Bacteroides_stercoris	k__Bacteria;p__Bacteroidetes;c__Bacteroidia;o__Bacteroidales;f__Bacteroidaceae;g__Bacteroides;s__Bacteroides_ovatus	k__Bacteria;p__Bacteroidetes;c__Bacteroidia;o__Bacteroidales;f__Rikenellaceae;g__Alistipes;s__Alistipes_shahii	k__Bacteria;p__Firmicutes;c__Clostridia;o__Clostridiales;f__Ruminococcaceae;g__Faecalibacterium;s__Faecalibacterium_prausnitzii	k__Bacteria;p__Bacteroidetes;c__Bacteroidia;o__Bacteroidales;f__Rikenellaceae;g__Alistipes;s__Alistipes_finegoldii	k__Bacteria;p__Bacteroidetes;c__Bacteroidia;o__Bacteroidales;f__Porphyromonadaceae;g__Parabacteroides;s__Parabacteroides_distasonis	k__Bacteria;p__Bacteroidetes;c__Bacteroidia;o__Bacteroidales;f__Bacteroidaceae;g__Bacteroides;s__Bacteroides_thetaiotaomicron	k__Bacteria;p__Bacteroidetes;c__Bacteroidia;o__Bacteroidales;f__Bacteroidaceae;g__Bacteroides;s__Bacteroides_coprocola	k__Bacteria;p__Bacteroidetes;c__Bacteroidia;o__Bacteroidales;f__Bacteroidaceae;g__Bacteroides;s__Bacteroides_cellulosilyticus	k__Bacteria;p__Bacteroidetes;c__Bacteroidia;o__Bacteroidales;f__Rikenellaceae;g__Alistipes;s__Alistipes_obesi	k__Bacteria;p__Firmicutes;c__Clostridia;o__Clostridiales;f__Lachnospiraceae;g__;s__[Eubacterium]_rectale	k__Bacteria;p__Bacteroidetes;c__Bacteroidia;o__Bacteroidales;f__Bacteroidaceae;g__Bacteroides;s__Bacteroides_plebeius	k__Bacteria;p__Bacteroidetes;c__Bacteroidia;o__Bacteroidales;f__Bacteroidaceae;g__Bacteroides;s__Bacteroides_fragilis	k__Bacteria;p__Proteobacteria;c__Betaproteobacteria;o__Burkholderiales;f__Sutterellaceae;g__Sutterella;s__Sutterella_wadsworthensis	k__Bacteria;p__Bacteroidetes;c__Bacteroidia;o__Bacteroidales;f__Porphyromonadaceae;g__Barnesiella;s__Barnesiella_intestinihominis	k__Bacteria;p__Bacteroidetes;c__Bacteroidia;o__Bacteroidales;f__Odoribacteraceae;g__Odoribacter;s__Odoribacter_splanchnicus	k__Bacteria;p__Bacteroidetes;c__Bacteroidia;o__Bacteroidales;f__Bacteroidaceae;g__Bacteroides;s__Bacteroides_salyersiae	k__Bacteria;p__Firmicutes;c__Clostridia;o__Clostridiales;f__Ruminococcaceae;g__Ruminiclostridium;s__[Eubacterium]_siraeum	k__Bacteria;p__Proteobacteria;c__Betaproteobacteria;o__Burkholderiales;f__Sutterellaceae;g__Parasutterella;s__Parasutterella_excrementihominis	k__Bacteria;p__Actinobacteria;c__Actinobacteria;o__Bifidobacteriales;f__Bifidobacteriaceae;g__Bifidobacterium;s__Bifidobacterium_adolescentis	k__Bacteria;p__Firmicutes;c__Clostridia;o__Clostridiales;f__Oscillospiraceae;g__Oscillibacter;s__Oscillibacter_sp._KLE_1745	k__Bacteria;p__Bacteroidetes;c__Bacteroidia;o__Bacteroidales;f__Bacteroidaceae;g__Bacteroides;s__Bacteroides_coprophilus	k__Bacteria;p__Firmicutes;c__Clostridia;o__Clostridiales;f__Lachnospiraceae;g__Roseburia;s__Roseburia_intestinalis	k__Bacteria;p__Firmicutes;c__Clostridia;o__Clostridiales;f__Lachnospiraceae;g__Roseburia;s__Roseburia_hominis	k__Bacteria;p__Bacteroidetes;c__Bacteroidia;o__Bacteroidales;f__Porphyromonadaceae;g__Parabacteroides;s__Parabacteroides_johnsonii	k__Bacteria;p__Actinobacteria;c__Actinobacteria;o__Bifidobacteriales;f__Bifidobacteriaceae;g__Bifidobacterium;s__Bifidobacterium_longum	k__Bacteria;p__Firmicutes;c__Clostridia;o__Clostridiales;f__;g__Flavonifractor;s__Flavonifractor_plautii	k__Bacteria;p__Firmicutes;c__Clostridia;o__Clostridiales;f__Clostridiaceae;g__Clostridium;s__Clostridium_phoceensis	k__Bacteria;p__Verrucomicrobia;c__Verrucomicrobiae;o__Verrucomicrobiales;f__Akkermansiaceae;g__Akkermansia;s__Akkermansia_muciniphila	k__Bacteria;p__Bacteroidetes;c__Bacteroidia;o__Bacteroidales;f__Prevotellaceae;g__Paraprevotella;s__Paraprevotella_xylaniphila	k__Bacteria;p__Firmicutes;c__Clostridia;o__Clostridiales;f__Ruminococcaceae;g__Ruminococcus;s__Ruminococcus_callidus	k__Bacteria;p__Bacteroidetes;c__Bacteroidia;o__Bacteroidales;f__Rikenellaceae;g__Alistipes;s__Alistipes_senegalensis	k__Bacteria;p__Firmicutes;c__Clostridia;o__Clostridiales;f__Lachnospiraceae;g__Blautia;s__Blautia_sp._KLE_1732	k__Bacteria;p__Bacteroidetes;c__Bacteroidia;o__Bacteroidales;f__Bacteroidaceae;g__Bacteroides;s__Bacteroides_oleiciplenus	k__Bacteria;p__Firmicutes;c__Clostridia;o__Clostridiales;f__Ruminococcaceae;g__Ruminococcus;s__Ruminococcus_bicirculans	k__Bacteria;p__Bacteroidetes;c__Bacteroidia;o__Bacteroidales;f__Bacteroidaceae;g__Bacteroides;s__Bacteroides_fluxus	k__Bacteria;p__Bacteroidetes;c__Bacteroidia;o__Bacteroidales;f__Prevotellaceae;g__Prevotella;s__Prevotella_stercorea	k__Bacteria;p__Firmicutes;c__Clostridia;o__Clostridiales;f__Lachnospiraceae;g__Dorea;s__Dorea_longicatena	k__Bacteria;p__Firmicutes;c__Clostridia;o__Clostridiales;f__Eubacteriaceae;g__Eubacterium;s__[Eubacterium]_eligens	k__Bacteria;p__Firmicutes;c__Clostridia;o__Clostridiales;f__Ruminococcaceae;g__;s__Ruminococcaceae_bacterium_D16	k__Bacteria;p__Firmicutes;c__Clostridia;o__Clostridiales;f__Lachnospiraceae;g__Coprococcus;s__Coprococcus_comes	k__Bacteria;p__Proteobacteria;c__Gammaproteobacteria;o__Enterobacterales;f__Enterobacteriaceae;g__Escherichia;s__Escherichia_coli	k__Bacteria;p__Firmicutes;c__Clostridia;o__Clostridiales;f__Ruminococcaceae;g__Anaerotruncus;s__Anaerotruncus_colihominis	k__Bacteria;p__Firmicutes;c__Clostridia;o__Clostridiales;f__Lachnospiraceae;g__Blautia;s__Blautia_obeum	k__Bacteria;p__Bacteroidetes;c__Bacteroidia;o__Bacteroidales;f__Odoribacteraceae;g__Odoribacter;s__Odoribacter_laneus	k__Bacteria;p__Firmicutes;c__Clostridia;o__Clostridiales;f__Ruminococcaceae;g__Ruminiclostridium;s__[Clostridium]_leptum	k__Bacteria;p__Bacteroidetes;c__Bacteroidia;o__Bacteroidales;f__Porphyromonadaceae;g__Parabacteroides;s__Parabacteroides_goldsteinii	k__Bacteria;p__Firmicutes;c__Clostridia;o__Clostridiales;f__Lachnospiraceae;g__Anaerostipes;s__Anaerostipes_hadrus	k__Bacteria;p__Firmicutes;c__Clostridia;o__Clostridiales;f__Ruminococcaceae;g__Ruminococcus;s__Ruminococcus_lactaris	k__Bacteria;p__Firmicutes;c__Clostridia;o__Clostridiales;f__Clostridiaceae;g__Clostridium;s__Clostridium_sp._L2-50	k__Bacteria;p__Firmicutes;c__Clostridia;o__Clostridiales;f__Clostridiaceae;g__Clostridium;s__Clostridium_sp._M62/1	k__Bacteria;p__Firmicutes;c__Clostridia;o__Clostridiales;f__;g__Intestinimonas;s__Intestinimonas_butyriciproducens	k__Bacteria;p__Actinobacteria;c__Actinobacteria;o__Bifidobacteriales;f__Bifidobacteriaceae;g__Bifidobacterium;s__Bifidobacterium_bifidum	k__Bacteria;p__Firmicutes;c__Negativicutes;o__Veillonellales;f__Veillonellaceae;g__Dialister;s__Dialister_invisus	k__Bacteria;p__Bacteroidetes;c__Bacteroidia;o__Bacteroidales;f__Bacteroidaceae;g__Bacteroides;s__Bacteroides_salanitronis
k__Bacteria;p__Bacteroidetes;c__Bacteroidia;o__Bacteroidales;f__Bacteroidaceae;g__Bacteroides;s__Bacteroides_vulgatus	1.0	0.0196564721499	-0.00701492270773	-0.00732977311414	0.0131545925171	-0.0197149959651	-0.012259869488	0.00860382365366	-0.0464803599593	0.00159708975939	-0.013210070029	0.0379047058845	-0.00203456727243	0.00747135063862	0.00249720424235	0.0246659976191	0.0238753996867	0.0778889525309	-0.0549833652532	-0.0399011756778	0.0499457976238	-0.00713237309045	-0.0312316107556	-0.0211061155521	0.0214495776354	-0.00305775162296	-0.0191807679815	-0.000899147299228	-0.0149479426214	-0.0393696909493	-0.0115741524094	0.0148796430809	0.00401896527225	-0.0409994238289	-0.0237253269296	-0.0366139498888	-0.0434965116212	0.0434854146814	-0.00284103010933	-0.00131162830485	-0.0313884106226	-0.0143511453884	-0.00745999115403	-0.0604036761928	-0.0798400176262	-0.0169076041766	0.0173815713879	0.0131328426513	0.000227496322391	-0.0505415365262	0.00916101373696	0.0106942554631	-0.0578983278866	-0.0410378563016	-0.0154818600905	0.0597114642857	0.0407172283256	0.0201978151104	0.000486021250966
k__Bacteria;p__Bacteroidetes;c__Bacteroidia;o__Bacteroidales;f__Bacteroidaceae;g__Bacteroides;s__Bacteroides_uniformis	0.0196564721499	1.0	0.0171626362585	-0.000423966929359	-0.0483032472464	-0.0433261543554	0.0256010889074	0.0331099733071	-0.0272645426404	0.0211541999782	-0.00120527965821	0.12489997128	-0.0199807710321	0.104368864588	0.0633013197641	0.0778064784528	0.0433335942274	0.00778051336312	-0.00684867688282	0.00251499524436	-0.0892099830674	0.0155621757017	-0.0908642793361	-0.0181372660973	-0.00258521498697	0.0475282102887	-0.01248705786	-0.0742162282612	-0.0292515078547	-0.0132314113962	0.0335134729752	0.0100896610942	0.0271828201926	-0.077643071247	0.0733993306526	-0.0227400932388	-0.0757243322916	0.000537788939186	-0.041368016119	0.0812131469774	0.0320355169429	-0.025313517079	0.0481426087644	-0.0542014688653	-0.0347357058123	0.0303006805383	0.00394407629624	-0.0672408346233	-0.0114949528716	-0.0465632674236	-0.0181822152309	-0.100849224273	-0.0121196236906	0.0166020428172	-0.0640944858677	-0.0713678166219	-0.0247366174985	-0.0120698693106	-0.0432473213613
k__Bacteria;p__Bacteroidetes;c__Bacteroidia;o__Bacteroidales;f__Rikenellaceae;g__Alistipes;s__Alistipes_putredinis	-0.00701492270773	0.0171626362585	1.0	0.00030127770233	0.0164771689899	0.0317473417115	-0.00315609366347	-0.00413090216175	-0.0384461005927	-0.0463712775293	0.0457146773506	0.0121651621806	-0.00345036096027	-0.0448471079606	-0.0530902278925	0.0322745350736	-0.0202288084719	-0.0194886010909	-0.0526450116482	-0.0189353087354	-0.00813221243808	0.0229204326558	0.0178979720244	0.0139505619143	-0.0257107131287	0.0353473264228	-0.0271018661993	0.0488994542718	-0.0225259570054	0.013780629017	-0.0798846695232	-0.0095312001576	-0.028995892327	0.0208770933284	0.0496328866481	-0.025788517105	-0.018987663475	-0.0696496119192	-0.0212012433368	-0.0353023020812	-0.0562801265336	0.00765415605314	-0.10299681247	-0.066798804778	0.0103609556358	-0.0119765936297	0.0181902098464	-0.0230167027146	0.0253675564783	-0.0512624365394	-0.0331368958519	0.0311080775007	0.024672549988	0.00536772183992	-0.0027382388307	-0.0669319760241	-0.0411263327	-0.00625908231138	-0.0494920835773
k__Bacteria;p__Bacteroidetes;c__Bacteroidia;o__Bacteroidales;f__Prevotellaceae;g__Prevotella;s__Prevotella_copri	-0.00732977311414	-0.000423966929359	0.00030127770233	1.0	-0.0377390419318	0.0276630311309	0.0266522655209	-0.00430770641492	0.0117814891396	0.00670778628647	0.0168799536434	-0.0415721419477	-0.0551611050035	0.018229776219	0.0225317385529	-0.00848089286282	-0.0513364376229	-0.0194538749217	-0.0425023373754	-0.0374812757068	0.0279039432384	-0.00821416943903	0.0466793003193	-0.0320108493379	0.0886638990386	-0.0344762705062	-0.0666581484076	0.0196947208381	-0.0399314437158	0.0764279339196	0.0059501917781	-0.0279592257652	0.00843034373293	-0.0745117673195	-0.0422216969239	0.0479740553276	-0.0729496984263	-0.0198137359527	0.00978384344495	-0.0783861006347	-0.0711124563876	-0.0440103399278	0.0108978661472	-0.0258590388899	0.0312091161899	-0.0116608536087	-0.0251032787889	-0.0125759311379	-0.0934871870189	0.0615045154108	-0.0685352797525	-0.0563036206827	0.049601373274	0.0461319860098	-0.0749544122629	-0.000885720262051	0.00563139051394	-0.0151405330448	0.00570085063094
k__Bacteria;p__Bacteroidetes;c__Bacteroidia;o__Bacteroidales;f__Bacteroidaceae;g__Bacteroides;s__Bacteroides_stercoris	0.0131545925171	-0.0483032472464	0.0164771689899	-0.0377390419318	1.0	0.0636512663928	0.0701610724352	-0.012506097378	0.0248264694173	-0.00534791532231	0.0165863276157	0.00309561744489	-0.0116065178592	-0.0762161520125	-0.0448538531423	0.0270587543246	-0.0134095548436	-0.054749120799	0.0166576272751	-0.0107074602835	0.0236719089279	-0.016892076604	0.0381341480898	0.00101704822917	-0.011811667962	-0.0225501572683	0.0311932996611	0.0233666701129	-0.0827684819541	-0.00717635824966	-0.0144900562254	0.0351274192037	-0.0254355649286	-0.0340461665621	0.0495321871499	-0.0923148520886	0.00949008132645	-0.0808232413311	0.0214110570327	-0.0641071087033	-0.0102454648983	0.000324080294363	0.00356108823051	-0.0229635990477	-0.0675340784874	0.0302726782935	-0.118551101394	-0.0345553350598	0.0631410777004	-0.0339903729938	0.0799103394708	-0.0545668494774	0.0322704521962	-0.0275089744145	-0.0125422854036	0.0144391637897	-0.0533189701565	-0.074562899267	-0.0805899907566
k__Bacteria;p__Bacteroidetes;c__Bacteroidia;o__Bacteroidales;f__Bacteroidaceae;g__Bacteroides;s__Bacteroides_ovatus	-0.0197149959651	-0.0433261543554	0.0317473417115	0.0276630311309	0.0636512663928	1.0	0.0111407949989	-0.0500174301019	0.00723563756749	-0.041465025021	0.027413698305	0.0215968659183	0.00278952482742	0.0219906703275	-0.00337692883486	0.0619374582948	-0.112123637509	0.0655104880968	-0.0515217381693	0.0572233905022	-0.0106966324728	-0.0185561283544	-0.0211093060024	-0.0310087328239	-0.0717604496215	0.00690837062379	-0.0248497940274	0.0794157222538	-0.0125646551458	-0.0179631733843	-0.065575546056	-0.0508683153585	0.0189729035082	0.0280120329687	0.0255602388243	-0.0274747161768	0.0137232764892	0.0154440244856	-0.0246606589776	-0.0868287876877	0.00276060379975	0.0125548530802	0.0233715967762	-0.038449893755	0.030171200895	-0.0604409655531	-0.0273677964224	-0.0123596864998	0.0377382655276	0.0325863686874	0.00836296454767	0.0143412569027	-0.00263848757378	-0.050585733183	0.0404505412862	-0.0363211264095	-0.0538488844336	-0.0253041352077	-0.0392812996109
k__Bacteria;p__Bacteroidetes;c__Bacteroidia;o__Bacteroidales;f__Rikenellaceae;g__Alistipes;s__Alistipes_shahii	-0.012259869488	0.0256010889074	-0.00315609366347	0.0266522655209	0.0701610724352	0.0111407949989	1.0	-0.0209341062366	-0.0756484987953	-0.0558865886567	-0.00183412661862	0.0375926988473	-0.0259644592759	0.0181980794332	0.0167149910985	-0.0566284968809	0.0592158773659	-0.0243483675174	-0.0228078485983	0.0361541805585	-0.061430895194	-0.0190698013019	-0.0211691602149	0.0214306227098	-0.0479018851914	-0.0193753494284	0.0461469095273	0.0176598568148	-0.067571125209	0.0301484224125	-0.0200385089829	0.0655268086382	0.0121853093428	0.000814232120084	-0.0164159306562	0.0693349757555	0.0604532302877	-0.0788552520598	0.0336201107812	-0.0126364865536	0.0448211309936	-0.0532764048925	-0.0508677721398	0.0339301241459	0.0316411958841	-0.0245145673975	0.0576255241431	-0.0196170229266	-0.0535151816343	-0.00902745951451	-0.0580672766048	-0.0599556478916	-0.0131033295872	-0.0525785642588	-0.0575710271691	0.0577461353564	0.00378078447458	-0.043311256848	0.0120201213712
k__Bacteria;p__Firmicutes;c__Clostridia;o__Clostridiales;f__Ruminococcaceae;g__Faecalibacterium;s__Faecalibacterium_prausnitzii	0.00860382365366	0.0331099733071	-0.00413090216175	-0.00430770641492	-0.012506097378	-0.0500174301019	-0.0209341062366	1.0	-0.0528496969542	0.012528956195	-0.0251271049262	-0.0171876700505	-0.0156613836948	-0.0778956829695	-0.0139189687655	-0.0349071722239	-0.0143417233738	0.0274532808163	0.0538228788479	-0.0612438036608	0.0251029078433	-0.000179263388663	-0.0157861569855	0.00810759089336	0.000174799977508	-0.0816965569407	-0.0293970736375	-0.0292510681472	-0.0276944769921	-0.0199380259602	0.0142456849254	-0.00552264651655	-0.0251935566436	0.00830207501713	-0.00195324226773	-0.0144843071651	-0.010519738183	-0.0776730563983	-0.0362484737879	-0.0122201903116	-0.0359758156897	-0.0433925262417	-0.0184542544316	0.00784732056918	-0.0127456327069	-0.0293884751702	-0.00585450358199	-0.0138116945544	0.0169298003445	-0.0355633683061	-0.016729559079	-0.0463805270112	0.00600125912304	0.0367864030746	0.0340637279514	-0.0244760039978	-0.0445005054183	-0.0227812982658	-0.00485618968275
k__Bacteria;p__Bacteroidetes;c__Bacteroidia;o__Bacteroidales;f__Rikenellaceae;g__Alistipes;s__Alistipes_finegoldii	-0.0464803599593	-0.0272645426404	-0.0384461005927	0.0117814891396	0.0248264694173	0.00723563756749	-0.0756484987953	-0.0528496969542	1.0	-0.0671087319712	0.013559152557	-0.031822763808	-0.0270007268	0.00560957445532	0.0385259497799	-0.0615081895516	0.0279691003038	-0.0507326698203	0.00752557411838	0.0214955203093	-0.00887813882042	-0.0038880896318	0.021568184319	-0.0282407918743	0.0154941937399	-0.0318444766446	-0.0346817968386	0.00359289810866	0.0133990472461	0.0206368034974	0.0434990771211	0.0315106230672	0.0259450081127	-0.0143775820868	0.0983387109864	0.0648911980695	-0.00672769358227	-0.0177980079922	-0.0457646985909	0.0108575611555	-0.0109445902355	0.0435261024106	0.000489939926258	0.0523172779385	0.0880920786446	0.0474559668802	-0.00780477874192	-0.0403924043932	-0.00940216860859	-0.0295444794986	0.00388406939217	-0.0247676841474	-0.0280475504648	-0.0313506953054	0.00195078624942	-0.0269567906385	0.0388705758082	0.0220507021038	-0.0605279550441
k__Bacteria;p__Bacteroidetes;c__Bacteroidia;o__Bacteroidales;f__Porphyromonadaceae;g__Parabacteroides;s__Parabacteroides_distasonis	0.00159708975939	0.0211541999782	-0.0463712775293	0.00670778628647	-0.00534791532231	-0.041465025021	-0.0558865886567	0.012528956195	-0.0671087319712	1.0	0.0212656875668	-0.00175041990845	-0.0683282419577	-0.0096773258795	0.0190947509145	0.0313267232141	-0.0453710571547	-0.0590284503112	-0.0193965408263	0.0141442356437	0.0820695829374	0.00335829705982	0.0435733343777	0.0103413555052	-0.0636411543791	-0.019636443696	-0.01487689532	0.0300309131838	-0.0107829163071	0.0178041733709	0.0901375651357	0.0180830459007	-0.034314987172	-0.0150786756949	0.0113915776141	-0.0236496859961	-0.016437732622	0.0479993831997	-0.0266303496786	0.113699729586	-0.102406972168	-0.0189664603835	0.0075880262916	-0.00539281005009	-0.0164854942148	-0.0466664258334	-0.0287086215472	0.0384495084218	-0.00589476040215	-0.107273705855	0.015918349137	-0.0754157157947	0.0482262015105	-0.00508599602029	-0.000350733507807	0.0136725273427	-0.0224262926914	-0.0659679084741	-0.00507461602708
k__Bacteria;p__Bacteroidetes;c__Bacteroidia;o__Bacteroidales;f__Bacteroidaceae;g__Bacteroides;s__Bacteroides_thetaiotaomicron	-0.013210070029	-0.00120527965821	0.0457146773506	0.0168799536434	0.0165863276157	0.027413698305	-0.00183412661862	-0.0251271049262	0.013559152557	0.0212656875668	1.0	-0.0122987958354	-0.0381699025478	0.0303648144837	-0.0483041577461	-0.0573239214826	-0.0734161279132	-0.0683213903785	-0.0277563345214	-0.0140064088565	-0.0484129227921	-0.00960664036906	0.00601225856889	0.00655606931137	-0.0294079909677	-0.013898847386	-0.0163440024108	0.0118924048089	0.0241324617041	0.0240098592523	-0.00999102663505	0.0137118525355	-0.0264899280036	0.00302925310525	-0.00605497216427	0.0386298199949	0.0101373865946	-0.0357444347255	-0.0160522335303	-0.0320292829574	-0.018502318515	0.0344558761655	-0.0496724978063	-0.0352424060242	-0.00550245079805	-0.035109730347	0.0258923826799	-0.0599449680793	0.00538000364145	0.0088856517092	0.00632634062741	0.00163057481827	-0.0664742611572	-0.00735344033219	-0.0595720536591	-0.00747048869554	-0.086182066405	-0.0151380576794	-0.00146968941747
k__Bacteria;p__Bacteroidetes;c__Bacteroidia;o__Bacteroidales;f__Bacteroidaceae;g__Bacteroides;s__Bacteroides_coprocola	0.0379047058845	0.12489997128	0.0121651621806	-0.0415721419477	0.00309561744489	0.0215968659183	0.0375926988473	-0.0171876700505	-0.031822763808	-0.00175041990845	-0.0122987958354	1.0	-0.052058922766	-0.0536570683953	-0.0250090659611	-0.0446452609212	-0.0806999114523	-0.0263861744112	-0.0514307312794	-0.00533269534438	0.00345500864973	0.00440021899972	-0.0486389938769	-0.0661094550701	-0.0862099777242	-0.0399948170763	0.00305546735085	0.0246619124502	0.0199756686331	-0.0264687156999	-0.0523952805909	0.0352718696948	-0.0239473363343	-0.0166095505126	0.0157779977952	0.0156182340976	0.00460319115693	-0.00796873280643	0.00512400104886	0.0660045916281	0.00568214054065	0.00558250016209	0.0552820533785	-0.0272668023348	0.0467094045577	-0.00952353040079	0.036584947028	0.0325724556081	-0.00662536428832	-0.00559629396599	-0.0117777004554	0.0162720348663	-0.0222154649477	-0.0207383454755	-0.0407169024969	-0.0140457054852	-0.0299449234239	0.00385384621565	-0.030169216899
k__Bacteria;p__Bacteroidetes;c__Bacteroidia;o__Bacteroidales;f__Bacteroidaceae;g__Bacteroides;s__Bacteroides_cellulosilyticus	-0.00203456727243	-0.0199807710321	-0.00345036096027	-0.0551611050035	-0.0116065178592	0.00278952482742	-0.0259644592759	-0.0156613836948	-0.0270007268	-0.0683282419577	-0.0381699025478	-0.052058922766	1.0	-0.0292257306243	-0.0275215517203	0.0594160077139	-0.0202825373168	-0.0447097334741	0.021669026541	0.0143510649955	-0.0197484980207	-0.00255005468741	-0.0202875014439	0.00370659327381	0.00588998387519	-0.0874005419198	-0.00281300095305	-0.0172184906333	-0.0245763870389	-0.0282489732646	0.0304728843209	-0.0401688675818	-0.0176292436954	-0.0179192782175	-0.0083406273303	-0.0650765556781	0.0244623444448	-0.0451895207798	-0.00904934772709	-0.0340816821435	-0.0335331801561	-0.031347562638	0.00450699386721	-0.1138526984	0.0342908257632	0.0145499866311	0.0258575884119	0.00568727779615	-0.0319248120907	0.0190034212626	-0.0370668671127	0.0130147172765	-0.0202750098992	-0.0476487280217	0.068873949625	0.0377473141434	0.00522143227271	0.0217979240527	-0.0648224101686
k__Bacteria;p__Bacteroidetes;c__Bacteroidia;o__Bacteroidales;f__Rikenellaceae;g__Alistipes;s__Alistipes_obesi	0.00747135063862	0.104368864588	-0.0448471079606	0.018229776219	-0.0762161520125	0.0219906703275	0.0181980794332	-0.0778956829695	0.00560957445532	-0.0096773258795	0.0303648144837	-0.0536570683953	-0.0292257306243	1.0	0.0193421732448	0.0370014746826	0.00740562737179	-0.0287197707411	0.00733288971698	-0.0615262017754	-0.0807820839403	-0.023362557575	-0.0351902662985	0.0228429357368	-0.048739086365	-0.0690107304305	0.00171053109836	-0.0670558871988	-0.0465681194646	0.0527365090001	0.0215150450486	0.0653272293984	0.013056080862	-0.0290058454544	0.0381207330367	-0.00642931392409	-0.0719657523673	-0.0275544306038	-0.0552238616059	-0.0149343068045	0.00328479271625	0.0851847662471	0.0160247264068	0.0218835928467	0.0407367852543	0.0269074285688	0.00629985132448	-0.0263910597977	-0.0376708639448	0.063163147361	-0.0537341281775	-6.27164039599e-05	-0.0464134777718	-0.0156734145286	-0.0568850684702	0.00848360560151	-0.0342531116491	-0.0146475351557	0.000426251906798
k__Bacteria;p__Firmicutes;c__Clostridia;o__Clostridiales;f__Lachnospiraceae;g__;s__[Eubacterium]_rectale	0.00249720424235	0.0633013197641	-0.0530902278925	0.0225317385529	-0.0448538531423	-0.00337692883486	0.0167149910985	-0.0139189687655	0.0385259497799	0.0190947509145	-0.0483041577461	-0.0250090659611	-0.0275215517203	0.0193421732448	1.0	-0.0562080613307	-0.0303873162696	-0.0578612648709	0.0343303612318	0.0359653718906	-0.0298089461736	-0.0543407526212	0.0120584617512	-0.00586483307988	-0.0522901563344	0.0336070783572	-0.0108824735121	-0.00743444054343	-0.00621738804362	0.0175348347865	-0.0343846813035	-0.0994990683756	0.032077678337	0.010162941589	0.0302891212391	-0.0326446371601	0.00645554110465	0.0119050406879	0.0422148407077	0.0731962469638	0.038167995476	-0.0668775270853	0.0317099110188	-0.0253027781855	0.0788248752343	-0.00632170688654	-0.0583155406199	-0.0613972296289	0.0281117541966	0.00288506140479	-0.000745835460556	-0.0110617803995	-0.0444959055704	0.0203720370225	-0.000502899200779	0.0346876381445	-0.0657173880378	-0.0225459755425	-0.00729334316804
k__Bacteria;p__Bacteroidetes;c__Bacteroidia;o__Bacteroidales;f__Bacteroidaceae;g__Bacteroides;s__Bacteroides_plebeius	0.0246659976191	0.0778064784528	0.0322745350736	-0.00848089286282	0.0270587543246	0.0619374582948	-0.0566284968809	-0.0349071722239	-0.0615081895516	0.0313267232141	-0.0573239214826	-0.0446452609212	0.0594160077139	0.0370014746826	-0.0562080613307	1.0	0.00472022696011	-0.0223711168125	0.0723283519215	0.0181051759019	-0.00939346101177	0.00528003066923	-0.0118266385057	-0.0344672431989	-0.0244186755094	0.0322590239466	0.0174225443172	-0.0293933942739	-0.0193369129248	-0.0471465493192	-0.0110152451575	-0.0470259564293	-0.0254503681488	-0.00721134793359	-0.0186994775352	0.0119402079442	0.0276385744342	0.0494450376794	0.0640905073576	-0.0155385217623	-0.0752415447657	-0.0173311292752	0.0274357953465	-0.00589390045322	0.0059113298163	0.0459650932062	-0.0354492913078	-0.0873155332105	-0.000541014250711	-0.0105241880035	-0.0103297943122	-0.065754023044	0.0174972478062	-0.0151204022559	-0.120758832791	0.0298902853679	-0.0157809554057	-0.0214002845648	0.107111576231
k__Bacteria;p__Bacteroidetes;c__Bacteroidia;o__Bacteroidales;f__Bacteroidaceae;g__Bacteroides;s__Bacteroides_fragilis	0.0238753996867	0.0433335942274	-0.0202288084719	-0.0513364376229	-0.0134095548436	-0.112123637509	0.0592158773659	-0.0143417233738	0.0279691003038	-0.0453710571547	-0.0734161279132	-0.0806999114523	-0.0202825373168	0.00740562737179	-0.0303873162696	0.00472022696011	1.0	0.00632219291275	0.0052991080937	0.0164461962105	-0.0318247551113	0.0107503360105	-0.0238506438283	0.0263594817183	-0.0347392133349	-0.0234544513123	0.0011747705109	0.031595557155	0.060121253176	-0.0386608474421	-0.0998372341565	0.0357550033102	0.0298687526845	0.00607356732984	0.0364216076484	0.0196787568975	-0.020897271589	-0.0205187451912	-0.0575443133303	0.00175092272206	0.023471131015	0.0123143052223	0.0121932325546	-0.0205117425353	-0.0396548913226	-0.00597133982937	-0.0121767756427	0.00302055754489	-0.0723160126153	0.0138716551775	-0.0751462398751	0.0388614076507	0.0298650762136	-0.115996015631	0.0309716693492	0.0187284169562	-0.0123115835213	0.000491660565108	-0.0418588304268
k__Bacteria;p__Proteobacteria;c__Betaproteobacteria;o__Burkholderiales;f__Sutterellaceae;g__Sutterella;s__Sutterella_wadsworthensis	0.0778889525309	0.00778051336312	-0.0194886010909	-0.0194538749217	-0.054749120799	0.0655104880968	-0.0243483675174	0.0274532808163	-0.0507326698203	-0.0590284503112	-0.0683213903785	-0.0263861744112	-0.0447097334741	-0.0287197707411	-0.0578612648709	-0.0223711168125	0.00632219291275	1.0	0.00607222733109	0.0524741021695	-0.0325237570261	0.0257755064103	0.0116003985837	-0.0402204671548	-0.0408161818986	-0.0113967475317	-0.0105994856641	-0.0294598351872	-0.00378084069056	0.0242762896556	-0.0138835230905	-0.0162908763831	-0.0523408833569	0.0103722783335	-0.0269174266914	-0.0629380821686	0.0123754162222	-0.00574649788574	-0.0244449391485	-0.0407537797576	-0.0502735096122	0.0281611628164	-0.0327915708374	-0.0574528124056	0.0139708035507	0.00721588407292	-0.0344753282228	0.0090035377996	0.0372577170085	0.0704457053956	-0.0567812618011	-0.027655676453	-0.0197699392545	-0.000828142518695	0.0341383691514	-0.0527940456932	-0.00374850147242	0.0192656813321	0.0183708904566
k__Bacteria;p__Bacteroidetes;c__Bacteroidia;o__Bacteroidales;f__Porphyromonadaceae;g__Barnesiella;s__Barnesiella_intestinihominis	-0.0549833652532	-0.00684867688282	-0.0526450116482	-0.0425023373754	0.0166576272751	-0.0515217381693	-0.0228078485983	0.0538228788479	0.00752557411838	-0.0193965408263	-0.0277563345214	-0.0514307312794	0.021669026541	0.00733288971698	0.0343303612318	0.0723283519215	0.0052991080937	0.00607222733109	1.0	0.03287527381	0.0163577039192	-0.0317007725732	-0.0102457784005	0.024744028981	0.0665654757639	0.0454772830274	-0.0346164868902	-0.0257372837979	0.0555570755146	-0.0235313032956	0.0268982997328	0.0323257716522	-0.0229897926631	0.0436374542443	-0.00537934778518	-0.00962765455386	-0.0882993314466	0.004858957064	0.0400618891831	-0.0217007153458	-0.0278165440528	0.0383608825052	0.0141424193809	-0.00767939749045	0.012171197464	-0.0349317864611	0.0105566217677	-0.0277020586123	0.00190222491015	-0.0249694123855	-0.0190181400566	-0.0283876506039	-0.0135258544532	-0.0321989052637	-0.0133191992215	-0.0155507756928	-0.0261841781719	-0.0710714051198	0.0191039354589
k__Bacteria;p__Bacteroidetes;c__Bacteroidia;o__Bacteroidales;f__Odoribacteraceae;g__Odoribacter;s__Odoribacter_splanchnicus	-0.0399011756778	0.00251499524436	-0.0189353087354	-0.0374812757068	-0.0107074602835	0.0572233905022	0.0361541805585	-0.0612438036608	0.0214955203093	0.0141442356437	-0.0140064088565	-0.00533269534438	0.0143510649955	-0.0615262017754	0.0359653718906	0.0181051759019	0.0164461962105	0.0524741021695	0.03287527381	1.0	-0.00623422390938	0.0286017211279	-0.0596297079698	0.036541900224	-0.027878967515	-0.0574735399296	-0.08668171309	0.0214369313144	0.0187090421461	0.0056095240203	-0.0302031598307	-0.0246659875269	0.0517469713457	-0.00404784510566	-0.0334423365266	-0.059874239482	0.0572585868889	0.10357666666	0.00129145233146	-0.012742029433	-0.0621877900152	-0.0859622752477	-0.0166021824234	-0.0451371951623	0.0120149473373	-0.000759508174445	0.0218408800093	0.0217434876704	0.00785353648498	0.0096369848115	0.0596919470177	-0.0830029072609	-0.00308286274605	-0.0248827750056	0.0589365656535	0.00308917329656	0.0114120344567	0.0214308653318	-0.0621285044302
k__Bacteria;p__Bacteroidetes;c__Bacteroidia;o__Bacteroidales;f__Bacteroidaceae;g__Bacteroides;s__Bacteroides_salyersiae	0.0499457976238	-0.0892099830674	-0.00813221243808	0.0279039432384	0.0236719089279	-0.0106966324728	-0.061430895194	0.0251029078433	-0.00887813882042	0.0820695829374	-0.0484129227921	0.00345500864973	-0.0197484980207	-0.0807820839403	-0.0298089461736	-0.00939346101177	-0.0318247551113	-0.0325237570261	0.0163577039192	-0.00623422390938	1.0	-0.0508998958957	-0.00858163479188	-0.00312131898728	0.0134708596883	-0.0240787407914	-0.0282453509732	-0.00837015065931	-0.0838443309674	0.0610916607914	0.0315621734624	0.00771281227968	-0.0542231714219	-0.0179639069897	-0.0496577843009	0.00751094416538	-0.00405948559741	0.0406008151254	-0.0451986919685	-0.0028960491073	0.020456379968	0.0147339002808	-0.0896480293284	-0.078271615457	-0.0285683842291	-0.0262083848504	-0.0737484660912	-0.0439147933813	-0.036319480147	-0.00270898645093	-0.00224187162166	0.01396731645	-0.00490628038511	0.0677702551691	0.0196464131544	-0.0352020750627	0.00716665435334	0.0392947979872	-0.00419698822781
k__Bacteria;p__Firmicutes;c__Clostridia;o__Clostridiales;f__Ruminococcaceae;g__Ruminiclostridium;s__[Eubacterium]_siraeum	-0.00713237309045	0.0155621757017	0.0229204326558	-0.00821416943903	-0.016892076604	-0.0185561283544	-0.0190698013019	-0.000179263388663	-0.0038880896318	0.00335829705982	-0.00960664036906	0.00440021899972	-0.00255005468741	-0.023362557575	-0.0543407526212	0.00528003066923	0.0107503360105	0.0257755064103	-0.0317007725732	0.0286017211279	-0.0508998958957	1.0	-0.0312460115225	0.0236408166746	-0.00196354547902	0.0113525655764	0.0219736429094	0.0234877871373	-0.0272370943173	0.00748111172356	0.0436165356404	-0.0177957039163	-0.0459508220348	-0.0345301064544	-0.01473298091	0.0318491021268	0.026876670481	-0.0581393923974	-0.0236108393666	-0.0441725580334	-0.031395995291	-0.0453025122036	-0.0349992995229	-0.0572692208142	0.0367799891656	-0.0811640507992	0.015266377687	-0.0443285135736	-0.023150754083	-0.00320592482039	0.00976267115943	0.0301305644459	-0.00308756566647	0.0134830659098	-0.00134716956098	-0.0671438519524	-0.000982666600377	-0.0346103982944	0.00923111550766
k__Bacteria;p__Proteobacteria;c__Betaproteobacteria;o__Burkholderiales;f__Sutterellaceae;g__Parasutterella;s__Parasutterella_excrementihominis	-0.0312316107556	-0.0908642793361	0.0178979720244	0.0466793003193	0.0381341480898	-0.0211093060024	-0.0211691602149	-0.0157861569855	0.021568184319	0.0435733343777	0.00601225856889	-0.0486389938769	-0.0202875014439	-0.0351902662985	0.0120584617512	-0.0118266385057	-0.0238506438283	0.0116003985837	-0.0102457784005	-0.0596297079698	-0.00858163479188	-0.0312460115225	1.0	-0.0668687308109	-0.00970397832138	0.0504026114464	0.0904635268719	0.020567592475	-0.0223897278821	-0.0608927834668	-0.0250457343904	-0.125522458432	-0.000402927271304	-0.0655659334178	-0.00947747733577	0.0180116603473	0.0125250353678	0.0446227204869	-0.00250677829651	-0.0424873014675	-0.0095856323348	0.02945737269	0.0120134818843	0.0252218605011	0.0294446301665	0.0349839324582	-0.0399645135994	-0.0275644677567	0.0480479048499	0.00944935658295	0.0801392273177	-0.00834969050775	0.0372043548436	0.0231877679326	-0.00445219248145	-0.0457345647189	0.0017320012416	0.0600321639079	0.0189668714558
k__Bacteria;p__Actinobacteria;c__Actinobacteria;o__Bifidobacteriales;f__Bifidobacteriaceae;g__Bifidobacterium;s__Bifidobacterium_adolescentis	-0.0211061155521	-0.0181372660973	0.0139505619143	-0.0320108493379	0.00101704822917	-0.0310087328239	0.0214306227098	0.00810759089336	-0.0282407918743	0.0103413555052	0.00655606931137	-0.0661094550701	0.00370659327381	0.0228429357368	-0.00586483307988	-0.0344672431989	0.0263594817183	-0.0402204671548	0.024744028981	0.036541900224	-0.00312131898728	0.0236408166746	-0.0668687308109	1.0	-0.0151521977585	-0.0448076248724	0.0479851408578	0.024905531381	-0.0328744468553	0.0133527262304	0.0275798283641	-0.0669825874369	-0.0342248380076	0.0121997773745	-0.0306574611338	-0.0307089186524	-0.084219697982	-0.0377605907446	-0.0444477024591	-0.0248122529079	0.0111071920865	-0.00732865065008	-0.0253362027844	-0.011198585141	0.019702791568	0.0496942561162	0.00930754853819	0.0176164947092	-0.00720398498417	-0.0233630695897	-0.0225512402136	-0.0518644438207	0.0260572739727	-0.0435630581055	-0.0294415272397	0.00457995736904	0.0343131322263	0.0830667066993	0.00844974628742
k__Bacteria;p__Firmicutes;c__Clostridia;o__Clostridiales;f__Oscillospiraceae;g__Oscillibacter;s__Oscillibacter_sp._KLE_1745	0.0214495776354	-0.00258521498697	-0.0257107131287	0.0886638990386	-0.011811667962	-0.0717604496215	-0.0479018851914	0.000174799977508	0.0154941937399	-0.0636411543791	-0.0294079909677	-0.0862099777242	0.00588998387519	-0.048739086365	-0.0522901563344	-0.0244186755094	-0.0347392133349	-0.0408161818986	0.0665654757639	-0.027878967515	0.0134708596883	-0.00196354547902	-0.00970397832138	-0.0151521977585	1.0	0.0354222393396	-0.0431577428578	0.0140498799976	0.0564231863286	0.00190578840823	-0.010152152116	0.0216769318966	0.0246226517689	-0.0115952709131	-0.0822937218889	-0.00837151629646	-0.0274304975967	-0.0209760872585	-0.0262615873129	-0.0407826063846	0.00483235902975	0.0366487364872	-0.0249346200019	-0.0807362687876	0.00557821392122	-0.0401014522814	0.0047598116739	-0.0334369168887	-0.0109258817443	-0.00292516370292	0.0304849442715	-0.00655419422191	-0.0603016588293	0.00973299431375	0.0281564731718	-0.040218635561	0.0381418639997	0.026089799184	-0.0394550889059
k__Bacteria;p__Bacteroidetes;c__Bacteroidia;o__Bacteroidales;f__Bacteroidaceae;g__Bacteroides;s__Bacteroides_coprophilus	-0.00305775162296	0.0475282102887	0.0353473264228	-0.0344762705062	-0.0225501572683	0.00690837062379	-0.0193753494284	-0.0816965569407	-0.0318444766446	-0.019636443696	-0.013898847386	-0.0399948170763	-0.0874005419198	-0.0690107304305	0.0336070783572	0.0322590239466	-0.0234544513123	-0.0113967475317	0.0454772830274	-0.0574735399296	-0.0240787407914	0.0113525655764	0.0504026114464	-0.0448076248724	0.0354222393396	1.0	-0.039436401128	-0.0526065294902	-0.0121640767225	0.0489244832168	-0.0210739402057	-0.0779555571335	-0.0273005423564	-0.0247598982476	-0.0451197396104	0.0431675228336	-0.0316549542899	-0.0130620641239	0.127201036998	-0.00562525879118	0.0570389660257	0.0267011860609	0.0121812904005	-0.0525275736927	0.0403349603722	-0.0392877685103	-0.0190600737963	-0.0126527019436	-0.0133378732609	0.0817381282907	0.0168851582513	-0.0689196131139	-0.0713976946409	-0.00948017210602	-0.00481422347226	-0.0703830770343	0.0678327536183	-0.00175274457273	-0.0123401251245
k__Bacteria;p__Firmicutes;c__Clostridia;o__Clostridiales;f__Lachnospiraceae;g__Roseburia;s__Roseburia_intestinalis	-0.0191807679815	-0.01248705786	-0.0271018661993	-0.0666581484076	0.0311932996611	-0.0248497940274	0.0461469095273	-0.0293970736375	-0.0346817968386	-0.01487689532	-0.0163440024108	0.00305546735085	-0.00281300095305	0.00171053109836	-0.0108824735121	0.0174225443172	0.0011747705109	-0.0105994856641	-0.0346164868902	-0.08668171309	-0.0282453509732	0.0219736429094	0.0904635268719	0.0479851408578	-0.0431577428578	-0.039436401128	1.0	-0.0315724054722	0.0477378750967	-0.0372390533774	0.0203169840643	0.00410623873798	-0.0164243267532	0.0449027868963	-0.142913977529	-0.0362629762706	0.0451553766273	-0.0318165936635	-0.0224263990485	0.00908971902359	-0.0474433677653	0.0353857806481	0.0545492848196	0.00104592843518	-0.0316348928901	0.0275671770522	-0.0538957836381	0.00505361571515	-0.0378622165292	-0.035401511286	-0.047446405123	0.0189088402882	-0.0393564118025	-0.0664891121336	-0.0395114606404	-0.0195277991184	-0.00728460745117	-0.00573051912187	-0.0124917429684
k__Bacteria;p__Firmicutes;c__Clostridia;o__Clostridiales;f__Lachnospiraceae;g__Roseburia;s__Roseburia_hominis	-0.000899147299228	-0.0742162282612	0.0488994542718	0.0196947208381	0.0233666701129	0.0794157222538	0.0176598568148	-0.0292510681472	0.00359289810866	0.0300309131838	0.0118924048089	0.0246619124502	-0.0172184906333	-0.0670558871988	-0.00743444054343	-0.0293933942739	0.031595557155	-0.0294598351872	-0.0257372837979	0.0214369313144	-0.00837015065931	0.0234877871373	0.020567592475	0.024905531381	0.0140498799976	-0.0526065294902	-0.0315724054722	1.0	0.0592778811746	-0.023435069955	-0.0559356651322	0.0202728374379	-0.0161801082668	0.0744721670605	-0.0417060591771	0.057845087503	0.0303899527038	0.0164161483113	0.0347305761359	-0.00899254151211	0.0128690898147	-0.0665493679557	0.00226765513787	-0.025119413925	-0.0296261147275	-0.0351074939808	-0.00301329447366	0.0102410369599	0.011039576661	0.0262841253912	-0.0705468206201	0.0392515516924	-0.00187286609527	-0.0416468310344	-0.0645791367352	-0.0199943207398	-0.0579037910014	-0.0166131347558	0.0690837402233
k__Bacteria;p__Bacteroidetes;c__Bacteroidia;o__Bacteroidales;f__Porphyromonadaceae;g__Parabacteroides;s__Parabacteroides_johnsonii	-0.0149479426214	-0.0292515078547	-0.0225259570054	-0.0399314437158	-0.0827684819541	-0.0125646551458	-0.067571125209	-0.0276944769921	0.0133990472461	-0.0107829163071	0.0241324617041	0.0199756686331	-0.0245763870389	-0.0465681194646	-0.00621738804362	-0.0193369129248	0.060121253176	-0.00378084069056	0.0555570755146	0.0187090421461	-0.0838443309674	-0.0272370943173	-0.0223897278821	-0.0328744468553	0.0564231863286	-0.0121640767225	0.0477378750967	0.0592778811746	1.0	-0.0461557140087	-0.0463741541425	-0.0207666004531	-0.0151905054563	0.00450036169603	0.0415810592394	-0.00646209637977	-0.0547238918816	0.0315202153655	-0.080734367325	0.0389500541079	0.0115971811959	-0.0314110714481	-0.0303176958535	0.0494488869633	-0.0365777448895	-0.0197854123014	0.0426476766208	-0.0542113992895	-0.0895673372608	0.0332724763004	-0.0242204539077	0.050176629796	0.0516836092311	0.0132755532811	-0.0214058233457	0.0333195830064	0.0201692311671	-0.0325945473917	-0.0290159204436
k__Bacteria;p__Actinobacteria;c__Actinobacteria;o__Bifidobacteriales;f__Bifidobacteriaceae;g__Bifidobacterium;s__Bifidobacterium_longum	-0.0393696909493	-0.0132314113962	0.013780629017	0.0764279339196	-0.00717635824966	-0.0179631733843	0.0301484224125	-0.0199380259602	0.0206368034974	0.0178041733709	0.0240098592523	-0.0264687156999	-0.0282489732646	0.0527365090001	0.0175348347865	-0.0471465493192	-0.0386608474421	0.0242762896556	-0.0235313032956	0.0056095240203	0.0610916607914	0.00748111172356	-0.0608927834668	0.0133527262304	0.00190578840823	0.0489244832168	-0.0372390533774	-0.023435069955	-0.0461557140087	1.0	0.0401354597479	-0.0113246881495	-0.00497751497016	-0.0417340628588	0.0255073502715	-0.0524519864053	0.0325271251501	0.0130919250725	-0.00923204755822	-0.0317479821011	0.00924733550253	0.0255349016702	-0.040005257687	-0.0779158201824	-0.0167483413302	-0.000264501861687	-0.00812565857649	-0.023547989873	-0.0197544365848	-0.0358795965048	0.000403502633734	-0.0580123207422	0.0255129564148	0.0233511388802	-0.0227226840555	-0.00655054586013	-0.0284318778436	0.0238128666344	-0.0300735802892
