#taxonomy	k__Bacteria;p__Bacteroidetes;c__Bacteroidia;o__Bacteroidales;f__Bacteroidaceae;g__Bacteroides;s__Bacteroides_vulgatus	k__Bacteria;p__Bacteroidetes;c__Bacteroidia;o__Bacteroidales;f__Bacteroidaceae;g__Bacteroides;s__Bacteroides_uniformis	k__Bacteria;p__Bacteroidetes;c__Bacteroidia;o__Bacteroidales;f__Rikenellaceae;g__Alistipes;s__Alistipes_putredinis	k__Bacteria;p__Bacteroidetes;c__Bacteroidia;o__Bacteroidales;f__Prevotellaceae;g__Prevotella;s__Prevotella_copri	k__Bacteria;p__Bacteroidetes;c__Bacteroidia;o__Bacteroidales;f__Bacteroidaceae;g__Bacteroides;s__Bacteroides_stercoris	k__Bacteria;p__Bacteroidetes;c__Bacteroidia;o__Bacteroidales;f__Bacteroidaceae;g__Bacteroides;s__Bacteroides_ovatus	k__Bacteria;p__Bacteroidetes;c__Bacteroidia;o__Bacteroidales;f__Rikenellaceae;g__Alistipes;s__Alistipes_shahii	k__Bacteria;p__Firmicutes;c__Clostridia;o__Clostridiales;f__Ruminococcaceae;g__Faecalibacterium;s__Faecalibacterium_prausnitzii	k__Bacteria;p__Bacteroidetes;c__Bacteroidia;o__Bacteroidales;f__Rikenellaceae;g__Alistipes;s__Alistipes_finegoldii	k__Bacteria;p__Bacteroidetes;c__Bacteroidia;o__Bacteroidales;f__Porphyromonadaceae;g__Parabacteroides;s__Parabacteroides_distasonis	k__Bacteria;p__Bacteroidetes;c__Bacteroidia;o__Bacteroidales;f__Bacteroidaceae;g__Bacteroides;s__Bacteroides_thetaiotaomicron	k__Bacteria;p__Bacteroidetes;c__Bacteroidia;o__Bacteroidales;f__Bacteroidaceae;g__Bacteroides;s__Bacteroides_coprocola	k__Bacteria;p__Bacteroidetes;c__Bacteroidia;o__Bacteroidales;f__Bacteroidaceae;g__Bacteroides;s__Bacteroides_cellulosilyticus	k__Bacteria;p__Bacteroidetes;c__Bacteroidia;o__Bacteroidales;f__Rikenellaceae;g__Alistipes;s__Alistipes_obesi	k__Bacteria;p__Firmicutes;c__Clostridia;o__Clostridiales;f__Lachnospiraceae;g__;s__[Eubacterium]_rectale	k__Bacteria;p__Bacteroidetes;c__Bacteroidia;o__Bacteroidales;f__Bacteroidaceae;g__Bacteroides;s__Bacteroides_plebeius	k__Bacteria;p__Bacteroidetes;c__Bacteroidia;o__Bacteroidales;f__Bacteroidaceae;g__Bacteroides;s__Bacteroides_fragilis	k__Bacteria;p__Proteobacteria;c__Betaproteobacteria;o__Burkholderiales;f__Sutterellaceae;g__Sutterella;s__Sutterella_wadsworthensis	k__Bacteria;p__Bacteroidetes;c__Bacteroidia;o__Bacteroidales;f__Porphyromonadaceae;g__Barnesiella;s__Barnesiella_intestinihominis	k__Bacteria;p__Bacteroidetes;c__Bacteroidia;o__Bacteroidales;f__Odoribacteraceae;g__Odoribacter;s__Odoribacter_splanchnicus	k__Bacteria;p__Bacteroidetes;c__Bacteroidia;o__Bacteroidales;f__Bacteroidaceae;g__Bacteroides;s__Bacteroides_salyersiae	k__Bacteria;p__Firmicutes;c__Clostridia;o__Clostridiales;f__Ruminococcaceae;g__Ruminiclostridium;s__[Eubacterium]_siraeum	k__Bacteria;p__Proteobacteria;c__Betaproteobacteria;o__Burkholderiales;f__Sutterellaceae;g__Parasutterella;s__Parasutterella_excrementihominis	k__Bacteria;p__Actinobacteria;c__Actinobacteria;o__Bifidobacteriales;f__Bifidobacteriaceae;g__Bifidobacterium;s__Bifidobacterium_adolescentis	k__Bacteria;p__Firmicutes;c__Clostridia;o__Clostridiales;f__Oscillospiraceae;g__Oscillibacter;s__Oscillibacter_sp._KLE_1745	k__Bacteria;p__Bacteroidetes;c__Bacteroidia;o__Bacteroidales;f__Bacteroidaceae;g__Bacteroides;s__Bacteroides_coprophilus	k__Bacteria;p__Firmicutes;c__Clostridia;o__Clostridiales;f__Lachnospiraceae;g__Roseburia;s__Roseburia_intestinalis	k__Bacteria;p__Firmicutes;c__Clostridia;o__Clostridiales;f__Lachnospiraceae;g__Roseburia;s__Roseburia_hominis	k__Bacteria;p__Bacteroidetes;c__Bacteroidia;o__Bacteroidales;f__Porphyromonadaceae;g__Parabacteroides;s__Parabacteroides_johnsonii	k__Bacteria;p__Actinobacteria;c__Actinobacteria;o__Bifidobacteriales;f__Bifidobacteriaceae;g__Bifidobacterium;s__Bifidobacterium_longum	k__Bacteria;p__Firmicutes;c__Clostridia;o__Clostridiales;f__;g__Flavonifractor;s__Flavonifractor_plautii	k__Bacteria;p__Firmicutes;c__Clostridia;o__Clostridiales;f__Clostridiaceae;g__Clostridium;s__Clostridium_phoceensis	k__Bacteria;p__Verrucomicrobia;c__Verrucomicrobiae;o__Verrucomicrobiales;f__Akkermansiaceae;g__Akkermansia;s__Akkermansia_muciniphila	k__Bacteria;p__Bacteroidetes;c__Bacteroidia;o__Bacteroidales;f__Prevotellaceae;g__Paraprevotella;s__Paraprevotella_xylaniphila	k__Bacteria;p__Firmicutes;c__Clostridia;o__Clostridiales;f__Ruminococcaceae;g__Ruminococcus;s__Ruminococcus_callidus	k__Bacteria;p__Bacteroidetes;c__Bacteroidia;o__Bacteroidales;f__Rikenellaceae;g__Alistipes;s__Alistipes_senegalensis	k__Bacteria;p__Firmicutes;c__Clostridia;o__Clostridiales;f__Lachnospiraceae;g__Blautia;s__Blautia_sp._KLE_1732	k__Bacteria;p__Bacteroidetes;c__Bacteroidia;o__Bacteroidales;f__Bacteroidaceae;g__Bacteroides;s__Bacteroides_oleiciplenus	k__Bacteria;p__Firmicutes;c__Clostridia;o__Clostridiales;f__Ruminococcaceae;g__Ruminococcus;s__Ruminococcus_bicirculans	k__Bacteria;p__Bacteroidetes;c__Bacteroidia;o__Bacteroidales;f__Bacteroidaceae;g__Bacteroides;s__Bacteroides_fluxus	k__Bacteria;p__Bacteroidetes;c__Bacteroidia;o__Bacteroidales;f__Prevotellaceae;g__Prevotella;s__Prevotella_stercorea	k__Bacteria;p__Firmicutes;c__Clostridia;o__Clostridiales;f__Lachnospiraceae;g__Dorea;s__Dorea_longicatena	k__Bacteria;p__Firmicutes;c__Clostridia;o__Clostridiales;f__Eubacteriaceae;g__Eubacterium;s__[Eubacterium]_eligens	k__Bacteria;p__Firmicutes;c__Clostridia;o__Clostridiales;f__Ruminococcaceae;g__;s__Ruminococcaceae_bacterium_D16	k__Bacteria;p__Firmicutes;c__Clostridia;o__Clostridiales;f__Lachnospiraceae;g__Coprococcus;s__Coprococcus_comes	k__Bacteria;p__Proteobacteria;c__Gammaproteobacteria;o__Enterobacterales;f__Enterobacteriaceae;g__Escherichia;s__Escherichia_coli	k__Bacteria;p__Firmicutes;c__Clostridia;o__Clostridiales;f__Ruminococcaceae;g__Anaerotruncus;s__Anaerotruncus_colihominis	k__Bacteria;p__Firmicutes;c__Clostridia;o__Clostridiales;f__Lachnospiraceae;g__Blautia;s__Blautia_obeum	k__Bacteria;p__Bacteroidetes;c__Bacteroidia;o__Bacteroidales;f__Odoribacteraceae;g__Odoribacter;s__Odoribacter_laneus	k__Bacteria;p__Firmicutes;c__Clostridia;o__Clostridiales;f__Ruminococcaceae;g__Ruminiclostridium;s__[Clostridium]_leptum	k__Bacteria;p__Bacteroidetes;c__Bacteroidia;o__Bacteroidales;f__Porphyromonadaceae;g__Parabacteroides;s__Parabacteroides_goldsteinii	k__Bacteria;p__Firmicutes;c__Clostridia;o__Clostridiales;f__Lachnospiraceae;g__Anaerostipes;s__Anaerostipes_hadrus	k__Bacteria;p__Firmicutes;c__Clostridia;o__Clostridiales;f__Ruminococcaceae;g__Ruminococcus;s__Ruminococcus_lactaris	k__Bacteria;p__Firmicutes;c__Clostridia;o__Clostridiales;f__Clostridiaceae;g__Clostridium;s__Clostridium_sp._L2-50	k__Bacteria;p__Firmicutes;c__Clostridia;o__Clostridiales;f__Clostridiaceae;g__Clostridium;s__Clostridium_sp._M62/1	k__Bacteria;p__Firmicutes;c__Clostridia;o__Clostridiales;f__;g__Intestinimonas;s__Intestinimonas_butyriciproducens	k__Bacteria;p__Actinobacteria;c__Actinobacteria;o__Bifidobacteriales;f__Bifidobacteriaceae;g__Bifidobacterium;s__Bifidobacterium_bifidum	k__Bacteria;p__Firmicutes;c__Negativicutes;o__Veillonellales;f__Veillonellaceae;g__Dialister;s__Dialister_invisus	k__Bacteria;p__Bacteroidetes;c__Bacteroidia;o__Bacteroidales;f__Bacteroidaceae;g__Bacteroides;s__Bacteroides_salanitronis
k__Bacteria;p__Bacteroidetes;c__Bacteroidia;o__Bacteroidales;f__Bacteroidaceae;g__Bacteroides;s__Bacteroides_vulgatus	1.0	-0.00285637690454	-0.00277599961702	-0.06176080538	-0.00248158781565	-0.054116767008	-0.0191191530447	-0.00948878293696	-0.0168915439817	0.0284088518166	-0.00668709858791	-0.00424274315264	0.0346968195549	0.0388531918809	-0.049677573295	0.00754323316836	-0.0404116046591	0.00187087724324	0.0115027473908	-0.0485847978029	7.89562907456e-05	-0.0273808516346	0.0108685565239	0.0166474844925	-0.0335000540274	0.0315003494987	-0.00887965450852	-0.0241691144133	-0.0256368996901	0.0354588057532	-0.0346624640502	0.00188942190382	0.0208298550854	-0.00915703547026	-0.00136061732216	0.0296891566938	-0.00650805147106	-0.00771895816619	-0.0412038628844	-0.0170501038619	0.00423024925046	-0.000568890598771	0.0274125294801	-0.00903990884845	-0.00597614930542	-0.0547798834238	0.0117799631416	0.0453970185247	-0.0104459576351	0.0153428944086	-0.0710512094576	-0.0289219358849	-0.0369738597415	0.0319075621088	0.0504608769968	0.011296126006	0.047495809085	0.0111050549582	-0.0646920194075
k__Bacteria;p__Bacteroidetes;c__Bacteroidia;o__Bacteroidales;f__Bacteroidaceae;g__Bacteroides;s__Bacteroides_uniformis	-0.00285637690454	1.0	0.00925315583515	0.0193904547297	-0.0290590891126	-0.0686528494213	0.00772698255553	0.00471928534313	-0.0613296726139	0.0503079154952	0.022772489583	-0.0366936887519	-0.0578530286026	8.2289823792e-06	0.0220394721953	-0.042345202774	-0.0361512466153	-0.0262746175152	-0.0483173969197	0.0723151514721	-0.0323917209984	-0.0264661337125	-0.116989160652	-0.0288415366227	-0.0565058181394	0.0276516551082	0.0407241437142	-0.0291211188554	0.0501914905384	0.00513590676982	-0.00149994230281	0.0177556412252	-0.0382919218118	-0.0377952559645	0.0109290734445	-0.0286284301021	-0.0173966304474	0.00813920431579	0.0724990277189	0.0272254285604	-0.0506957226794	-0.087778625785	-0.0226116026763	0.0446151914538	-0.0867948855037	0.00203139156124	0.05888718953	0.0113400269779	0.048347925382	0.0408494491309	0.0229473068998	-0.0363639686194	0.057503925386	-0.0196592781913	-0.038163322643	0.0376145619204	-0.0118914803623	-0.0239736466049	-0.0284279378829
k__Bacteria;p__Bacteroidetes;c__Bacteroidia;o__Bacteroidales;f__Rikenellaceae;g__Alistipes;s__Alistipes_putredinis	-0.00277599961702	0.00925315583515	1.0	0.0240068617314	0.00723012414538	-0.0373720152926	-0.0810391150815	-0.0228095160933	0.0497697760007	-0.0115678496353	0.0343954013525	-0.0189205492678	-0.0321658541872	-0.0121804468274	-0.00468711473705	0.0602901350522	-0.0207335933155	-0.00375786778258	0.0365791691449	0.0308767894313	-0.0282569618074	-0.0197949143718	0.0302784521974	-0.0731756756564	0.0527512686317	0.00113948573893	-0.0253614116315	-0.000760522272759	-0.0162967649587	0.0235134225888	-0.0288569970834	-0.0244797087968	0.000220769931502	0.033768644632	-0.0468751743692	0.0351447819834	-0.000598077093894	0.0299496076081	-0.00797506396985	-0.082032307164	-0.0151843160429	-0.0377447519204	0.0491761313484	0.043330298761	-0.00377558982431	-0.0348120729021	-0.00766367248927	0.00610142032902	0.0527380746488	-0.00622589218717	-0.0101758117067	-0.0467676634844	0.0238457494758	-0.056325379478	0.0469422498563	0.00434769631823	0.00730004744108	-0.0414861044136	0.0219684338283
k__Bacteria;p__Bacteroidetes;c__Bacteroidia;o__Bacteroidales;f__Prevotellaceae;g__Prevotella;s__Prevotella_copri	-0.06176080538	0.0193904547297	0.0240068617314	1.0	-0.0179761679841	-0.1048587522	0.042284226834	-0.0274795667409	0.0280868742603	0.0428152021281	-0.0114396565922	-0.0615934123664	-0.0411056023727	-0.0360120103837	0.0113438913546	-0.0182092328922	-0.0337286937526	-0.0224644987571	-0.0154775047949	0.0265134211358	0.0233509186044	-0.0931710196361	0.00599867638652	-0.0415898763687	0.0297966769783	0.0497388410851	0.00139145907683	-0.0263878877037	0.0194233949448	-0.0708198408582	0.0363020260389	0.045944928863	-0.00497250721022	-0.0189648605045	-0.00347521945868	-0.0317368755909	-0.0125193302311	-0.00647618004073	0.0224710257345	0.0102009807078	0.00624056717618	-0.0408506410728	-0.0344298519141	-0.0259899573849	0.0158377357667	-0.0277717116643	-0.0410210389007	-0.029433249085	-0.0147935850829	-0.0425440795452	0.019018808091	-0.0159500198641	-0.0146280666378	0.0246647729913	0.0108638461795	-0.0086975528321	0.0276991797363	-0.040401980552	-0.0413982961745
k__Bacteria;p__Bacteroidetes;c__Bacteroidia;o__Bacteroidales;f__Bacteroidaceae;g__Bacteroides;s__Bacteroides_stercoris	-0.00248158781565	-0.0290590891126	0.00723012414538	-0.0179761679841	1.0	-0.0784327021082	0.00565857950108	-0.0500568351647	-0.00843174340025	-0.0225841335359	-0.0326909130635	0.0176206367892	-0.0710536507788	0.00906722632276	0.0326062886057	-0.0158015024673	0.00534780300851	0.0351388290605	-0.0294248913839	-0.0156400828985	-0.0172690286668	0.00577738509467	0.0537479450584	0.00503427307872	0.00463640360271	-0.0171471151654	-0.0416077715916	-0.0425282905637	-0.0130814183263	-0.0224897708337	-0.0282036208365	0.00731288272265	-0.0242833892385	-0.0538153382577	0.00242742909617	-0.00526165263114	0.000679712743205	0.0298455896686	0.0186864416086	-0.0181271398181	-0.0060746782881	-0.0267084979421	0.0485164811343	0.0187371599972	-0.0583761518852	0.00930919018535	0.0611262846724	-0.0468578595684	0.0343379814621	-0.0429881704951	0.00965772159982	-0.0216324168111	0.0186477689839	0.0787193136074	-0.0626266928953	0.0541541206741	0.00199038778429	-0.0010999136898	-0.0157104142826
k__Bacteria;p__Bacteroidetes;c__Bacteroidia;o__Bacteroidales;f__Bacteroidaceae;g__Bacteroides;s__Bacteroides_ovatus	-0.054116767008	-0.0686528494213	-0.0373720152926	-0.1048587522	-0.0784327021082	1.0	0.107888051405	-0.0271508561524	-0.0232069443049	-0.0261497717777	-0.0444463810098	-0.119511680207	0.04120423692	0.00534151115971	-0.0546994618049	0.026351199844	-0.0652480681941	-0.00401934577008	-0.00809046159411	-0.0497106360745	0.0407597042053	0.0752869518263	-0.0256787244612	-0.0657536093096	-0.0412866700899	-0.0112103553481	-0.0198199033613	0.0378556087662	-0.0260833542258	0.0379452277051	0.0241450003182	-0.0234025981398	0.0060591090789	0.0240367594583	-0.0372695065923	-0.0596140811031	-0.0224238733472	0.0580267744227	-0.0225539299324	0.0588474716798	0.0202123555928	0.0011149101815	0.0326098252859	0.0124276757346	0.0367471560054	-0.0325292313689	-0.00582206199051	0.00240875827256	-0.0544732249723	-0.021461179473	-0.040002759164	0.0160130628666	-0.0090955476096	-0.00448729613289	-0.00453458542917	-0.00585529231886	-0.0711805465036	0.0313379960963	-0.0144333612343
k__Bacteria;p__Bacteroidetes;c__Bacteroidia;o__Bacteroidales;f__Rikenellaceae;g__Alistipes;s__Alistipes_shahii	-0.0191191530447	0.00772698255553	-0.0810391150815	0.042284226834	0.00565857950108	0.107888051405	1.0	0.0311967024429	0.00379163152119	-0.0177863458894	0.0202682646865	0.0503571814987	-0.00241590176445	-0.0448679602855	-0.0448773686883	0.00665916489073	-0.018308022001	0.0304252492458	0.013078579839	0.00240498921231	0.0151023190492	-0.0236846259099	0.000891568505049	-0.00684078500945	-0.0331895788949	-0.0525867512921	-0.0314823066854	-0.094734908342	-0.00391480505321	0.0455145307456	0.00752058900688	-0.0274622517696	-0.0228559828166	-0.0292953339486	-0.00197072270043	-0.0487975796405	0.0359867834879	-0.00444140294	-0.00144001102373	0.00797709083557	-0.013848268682	0.00964902503073	0.0323744893824	-0.0190440365383	0.0115969562852	-0.049543578334	-0.0498989685185	0.061440536635	0.00596191381064	0.0137468613796	-0.0665411121297	-0.0239977999963	0.00898689919648	0.000686102776282	0.0169824015459	-0.00926339303656	0.00549553500623	-0.00806229573592	-0.0138969742497
k__Bacteria;p__Firmicutes;c__Clostridia;o__Clostridiales;f__Ruminococcaceae;g__Faecalibacterium;s__Faecalibacterium_prausnitzii	-0.00948878293696	0.00471928534313	-0.0228095160933	-0.0274795667409	-0.0500568351647	-0.0271508561524	0.0311967024429	1.0	0.042751983263	-0.0404345414413	-0.03105397546	0.0358431384911	-0.013752268711	-0.0293956736901	-0.0184095947325	-0.0242849148687	0.0518236227184	0.0132103343032	0.0259835698309	0.0410002351463	-0.0754200823444	0.00610611655981	-0.0329385388519	-0.00341445502973	-0.00299954760181	0.00383692525083	0.00514330012959	0.0442550754356	-0.0299707335021	-0.0361446675207	-0.0260096989745	0.0302697779875	-0.0612720552992	-0.0236184846672	0.0144754367717	0.0340730427311	-0.0422545359763	0.0020492274157	-0.0609265166362	0.0216983773966	-0.0177923707134	-0.0299338707436	-0.0174224199182	0.00873287232415	-0.00188113971375	-0.0295557037181	0.0257668803819	-0.0642493335521	-0.017372003342	-0.0606656180375	-0.00645245874805	-0.00918264553926	-0.0895049632731	0.00769031106458	-0.0497558569519	0.0659277711213	-0.0595363472861	-0.0365946777877	-0.00258293897987
k__Bacteria;p__Bacteroidetes;c__Bacteroidia;o__Bacteroidales;f__Rikenellaceae;g__Alistipes;s__Alistipes_finegoldii	-0.0168915439817	-0.0613296726139	0.0497697760007	0.0280868742603	-0.00843174340025	-0.0232069443049	0.00379163152119	0.042751983263	1.0	0.0519851108828	-0.0563935523254	-0.0278413321153	0.00327062692511	0.0354162642966	-0.0463351476485	-0.0252654698846	-0.0390819264469	0.00161820791201	-0.00950268800383	-0.00172659671531	0.0348787734398	-0.0121555228126	0.0168311031099	-0.0114009879245	0.0447827424304	-0.0602725408565	-0.013971187633	-0.0386587057523	-0.0538619463216	-0.0518233857595	0.0601672063316	-0.000904836189778	0.015797741266	0.0737273598563	-0.0529707392365	-0.0122817079589	-0.0460009567314	-0.0620854633598	0.0486647937344	-0.0377656390379	-0.0193116577549	0.0770766737071	-0.0408771901586	-0.0114648104553	-0.0695934148256	0.00265898756442	-0.0461234532435	-0.0288029184696	-0.00350000002824	-0.0198702649346	0.0943989334416	0.0113805022307	-0.00356688490558	-0.00232524365609	0.0295474722886	-0.00908721596241	-0.0118233004523	0.00698652595557	-0.0104384324001
k__Bacteria;p__Bacteroidetes;c__Bacteroidia;o__Bacteroidales;f__Porphyromonadaceae;g__Parabacteroides;s__Parabacteroides_distasonis	0.0284088518166	0.0503079154952	-0.0115678496353	0.0428152021281	-0.0225841335359	-0.0261497717777	-0.0177863458894	-0.0404345414413	0.0519851108828	1.0	-0.0481890402347	0.016115808751	-0.0438518273422	-0.0254952180471	-0.0264225820671	0.042666411078	0.0470399992422	-0.0852194582133	-0.0348312295555	0.0234530895921	0.0310730128696	-0.0400485237093	0.0417920997648	-0.00481090541923	0.0373047955267	0.00836360527677	0.0144444835042	0.044606576411	-0.0356842131386	-0.00123056149463	0.0454658658636	0.000604761940791	0.0153853699735	0.0161270332041	-0.0441368161277	-0.0138968208832	-0.0250513091438	-0.0569088210383	-0.0136585359025	0.00258974038784	0.0159510834016	-0.0346468020067	-0.0628940050156	-0.0419121166271	-0.00256780582854	-0.028214753275	0.00589204487569	0.00746628315696	0.0132806748034	-0.0482985978473	0.0151783314414	-0.0610596309127	-0.0144032250841	-0.0580505790238	0.0156519843506	0.0150596054989	-0.0395325642569	-0.0496769820322	-0.0265624630781
k__Bacteria;p__Bacteroidetes;c__Bacteroidia;o__Bacteroidales;f__Bacteroidaceae;g__Bacteroides;s__Bacteroides_thetaiotaomicron	-0.00668709858791	0.022772489583	0.0343954013525	-0.0114396565922	-0.0326909130635	-0.0444463810098	0.0202682646865	-0.03105397546	-0.0563935523254	-0.0481890402347	1.0	0.0264776535619	0.0330880984668	-0.0569915653529	-0.002992573115	-0.0068040258519	0.0322136963936	0.0331154372684	-0.00930003838767	-0.0225845224073	-0.0854265957359	-0.0151471236394	0.0871772037925	-0.00107609040077	-0.0637552700442	-0.0669156753391	0.0539129058161	0.000379684556829	0.00207272154556	-0.0808580615869	0.0564403948156	-0.0992494085149	-0.0620614612622	-0.058423079166	-0.0152337857133	-0.0117793573458	-0.0201680001019	-0.00756099399237	-0.032440671015	-0.0194141918078	0.00370078822913	0.014457940874	0.033892093273	-0.0800890065711	0.0563789811172	0.0392696371648	0.034140567556	0.0336419075086	0.0541357636813	-0.0413497879891	-0.0526482863914	-0.0272513573595	0.00477105675773	-0.00305153785529	-0.0141169768711	-0.0329944489054	0.0371415239753	-0.0105381042681	0.00919448380996
k__Bacteria;p__Bacteroidetes;c__Bacteroidia;o__Bacteroidales;f__Bacteroidaceae;g__Bacteroides;s__Bacteroides_coprocola	-0.00424274315264	-0.0366936887519	-0.0189205492678	-0.0615934123664	0.0176206367892	-0.119511680207	0.0503571814987	0.0358431384911	-0.0278413321153	0.016115808751	0.0264776535619	1.0	0.0788216289718	-0.0105493328506	0.0143858349002	0.00676079818292	-0.00283308192342	-0.00217853650949	-0.0353551194654	-0.0507422510989	0.025412452147	-0.0277668907447	0.00870371705069	-0.0690552276915	-0.0193080663993	-0.0228530928321	0.0118061407561	-0.0193967761289	-0.0193994987624	0.035245473254	0.0558723042948	-0.0596181089176	-0.0430704076937	-0.0270410655301	0.0156790413018	0.0694092377682	0.0166978978736	-0.000989914693768	-0.0211420502164	-0.0330176199682	-0.0165075717879	-0.00887952352174	0.0103248986183	0.044755785237	0.089659479424	-0.0648927202683	-0.0275838040305	0.00258849886312	0.00192229128663	0.0442155685828	0.00512083726925	-0.026514864713	-0.0259797059818	-0.0390960800925	-0.00449713859299	-0.0283653109019	-0.0780372757306	-0.0466760887512	0.0243640670124
k__Bacteria;p__Bacteroidetes;c__Bacteroidia;o__Bacteroidales;f__Bacteroidaceae;g__Bacteroides;s__Bacteroides_cellulosilyticus	0.0346968195549	-0.0578530286026	-0.0321658541872	-0.0411056023727	-0.0710536507788	0.04120423692	-0.00241590176445	-0.013752268711	0.00327062692511	-0.0438518273422	0.0330880984668	0.0788216289718	1.0	-0.0219379248697	-0.0461003520978	0.0124496093462	0.0341743636185	-0.0458400809388	-0.0880808664361	0.0116119976832	0.0446932693727	0.034109039812	0.0119146541055	0.029474717292	0.0190360358006	0.00448359497491	-0.0485280176764	0.0181839517154	-0.0612575325924	-0.0166685932863	0.0450734030733	0.019179785172	0.0170789563379	-0.0397897680773	-0.00267567302961	-0.0289042541602	-0.125482277469	-0.0228674902165	-0.0114182202166	-0.0210978836603	-0.00715802702461	0.020551311016	-0.023517038009	-0.0661267861271	0.0119110601565	0.00504687536167	-0.0594710571098	-0.0196812294663	-0.0114628791717	0.0137921251632	-0.0430789034433	-0.0169116933477	0.0226120519442	-0.0217898346453	0.0281254326728	0.00396207299403	-0.0211108673806	-0.00588111992622	-0.00425787336803
k__Bacteria;p__Bacteroidetes;c__Bacteroidia;o__Bacteroidales;f__Rikenellaceae;g__Alistipes;s__Alistipes_obesi	0.0388531918809	8.2289823792e-06	-0.0121804468274	-0.0360120103837	0.00906722632276	0.00534151115971	-0.0448679602855	-0.0293956736901	0.0354162642966	-0.0254952180471	-0.0569915653529	-0.0105493328506	-0.0219379248697	1.0	-0.0798307545093	0.00411135985966	-0.113853187101	0.0195374789218	0.0742725449445	0.00478314240644	0.0144597789107	0.0223785913994	0.0131649241596	0.00070787661422	0.0129340114405	-0.0573331863287	0.00557605829924	-0.0575485756914	-0.0631429873074	-0.0833034462287	0.0232437926915	0.0276819223989	-0.106370952883	-0.0450321192054	-0.0163437040384	-0.0464888234121	-0.00641863127911	0.0218776887503	-0.00702841181833	-0.0307967589008	0.0264784052498	0.0409815449998	-0.0235326089635	0.0128927479764	-0.0473297879442	0.0180047539631	-0.0624629962577	0.0656878080607	0.0525092144695	-0.0283924506769	-0.0145334388649	0.0368334822934	-0.0215752828258	-0.0245044038761	-0.0152616919554	-0.0619515302144	-0.00478048434517	-0.014510747795	0.0578689092068
k__Bacteria;p__Firmicutes;c__Clostridia;o__Clostridiales;f__Lachnospiraceae;g__;s__[Eubacterium]_rectale	-0.049677573295	0.0220394721953	-0.00468711473705	0.0113438913546	0.0326062886057	-0.0546994618049	-0.0448773686883	-0.0184095947325	-0.0463351476485	-0.0264225820671	-0.002992573115	0.0143858349002	-0.0461003520978	-0.0798307545093	1.0	-0.0284850309524	0.0518843991551	0.0587014222725	-0.0283081233474	-0.0223515754291	-0.0508403183464	0.0290732627484	-0.0460092305344	0.0102837102445	0.0512034554753	-0.0140937548534	0.0211819884322	-0.0297740899388	0.0724418986042	0.00576220278199	-0.0370843623285	0.0427240746518	-0.0522518278493	-0.0606404033817	-0.000527486631441	-0.0328565632713	0.0352972122255	-0.00738453828867	0.0242363230536	-0.0139540994586	0.026829456181	-0.00253699541264	0.0207078872306	-0.0545009814981	-0.0754026990024	0.0110929766808	-0.0230836958626	0.0600868738924	-0.0513164517446	-0.018464140186	0.0163365359099	-0.0190598622474	-0.0574527364226	0.0193780252613	0.0380915411189	-0.0126435723586	-0.0592580666847	0.00802432544211	-0.0183817343119
k__Bacteria;p__Bacteroidetes;c__Bacteroidia;o__Bacteroidales;f__Bacteroidaceae;g__Bacteroides;s__Bacteroides_plebeius	0.00754323316836	-0.042345202774	0.0602901350522	-0.0182092328922	-0.0158015024673	0.026351199844	0.00665916489073	-0.0242849148687	-0.0252654698846	0.042666411078	-0.0068040258519	0.00676079818292	0.0124496093462	0.00411135985966	-0.0284850309524	1.0	0.0518633591213	0.00511533481483	0.00963520374648	0.0313537985427	0.067952565973	-0.0701338896309	0.0290530864606	-0.0298727809401	-0.0784480111578	-0.0240692252354	-0.0157919978813	0.0126724758853	-0.00918631179263	0.0122852376417	-0.00648884677951	-0.148744171932	0.0176720667839	0.00743112236104	-0.0187086779552	0.0262943468173	0.00415095148144	-0.0539595619219	-0.0393115539632	-0.0125146598604	-0.0271074175772	0.000681695118779	-0.0285131231681	0.0934288862472	0.0324941770168	0.0425382069162	-0.0159435565273	0.0479991122691	-0.020218036454	-0.0124416173048	0.000844763770774	0.000983540137131	-0.0241563327762	0.0476299317883	0.0158864060051	-0.0203743636435	-0.0404150337976	0.0139048777269	0.042958512889
k__Bacteria;p__Bacteroidetes;c__Bacteroidia;o__Bacteroidales;f__Bacteroidaceae;g__Bacteroides;s__Bacteroides_fragilis	-0.0404116046591	-0.0361512466153	-0.0207335933155	-0.0337286937526	0.00534780300851	-0.0652480681941	-0.018308022001	0.0518236227184	-0.0390819264469	0.0470399992422	0.0322136963936	-0.00283308192342	0.0341743636185	-0.113853187101	0.0518843991551	0.0518633591213	1.0	0.0613160730161	-0.0136883185272	0.0113275748271	0.0270731421017	-0.0641899972551	-0.031992972158	-0.0287019125114	-0.00916902758953	-0.0320172487055	-0.0195908123606	0.0111139066519	-0.0340436112444	-0.0253176245378	-0.0284766110137	0.0499138234317	-0.00631291418682	-0.0646448009559	-0.0317890507656	-0.031263292431	0.0507440784453	-0.106864820395	-0.0215129990693	-0.0479092445381	-0.00819947647756	-0.0344554303356	-0.0336465458405	0.0111731528096	-0.0358188088937	-0.0444675432509	-0.0605208092635	0.0265256198528	-0.0475662165894	0.00163972090711	0.05281552731	-0.0302974068729	0.0182429118725	0.0245188447003	-0.0108803059296	-0.0643224038737	0.0783568546405	-0.0191906869919	-0.0396587058288
k__Bacteria;p__Proteobacteria;c__Betaproteobacteria;o__Burkholderiales;f__Sutterellaceae;g__Sutterella;s__Sutterella_wadsworthensis	0.00187087724324	-0.0262746175152	-0.00375786778258	-0.0224644987571	0.0351388290605	-0.00401934577008	0.0304252492458	0.0132103343032	0.00161820791201	-0.0852194582133	0.0331154372684	-0.00217853650949	-0.0458400809388	0.0195374789218	0.0587014222725	0.00511533481483	0.0613160730161	1.0	-0.0340957986423	0.0439462214284	-0.0226707786517	0.00540553179681	0.00398065607786	0.0339503550053	0.00398107298322	0.0191506912069	-0.0566146787963	-0.000153165697862	-0.0160431623899	0.0217550496128	-0.00599625345935	-0.001675231949	-0.0053414568703	-0.0246107231203	-0.0966637518943	0.0492723247986	0.0655837041204	0.0496885197704	-0.0989857027541	-0.000363079198547	-0.0385625170754	0.0206885608748	-0.0530770043331	-0.0316343386007	-0.0233442200132	-0.0525934583182	-0.0235678943359	-0.037125314608	-0.0268178686403	0.00900749747047	-0.0213944567426	0.000353976673731	-0.0620810073185	-0.0123246082124	-0.0220602525288	0.0280455556679	-0.0535209964128	0.0153810196784	0.0436169580539
k__Bacteria;p__Bacteroidetes;c__Bacteroidia;o__Bacteroidales;f__Porphyromonadaceae;g__Barnesiella;s__Barnesiella_intestinihominis	0.0115027473908	-0.0483173969197	0.0365791691449	-0.0154775047949	-0.0294248913838	-0.00809046159411	0.013078579839	0.0259835698309	-0.00950268800383	-0.0348312295555	-0.00930003838767	-0.0353551194654	-0.0880808664361	0.0742725449445	-0.0283081233474	0.00963520374648	-0.0136883185272	-0.0340957986423	1.0	-0.0579345614915	-0.124856809602	-0.00871677452233	0.000128194498363	-0.0459986558447	-0.0354923203269	-0.0307221489438	0.0304476180064	-0.0251752407724	-0.0122829684451	-0.0682590661571	-0.0044556641488	0.075191900072	-0.0124889635227	-0.0228761448721	0.0505218712453	-0.0323552727627	-0.0254196830058	-0.0220921352294	0.00254379060759	-0.0376628170299	0.0221475889313	-0.0157576565948	-0.0719248951482	-0.0514264024509	0.0332399724317	-0.00281444140066	0.00918496167916	0.00966448837347	-0.046317481287	-0.00419318712949	-0.0748187893175	0.00824575539595	-0.0175933561413	-0.0167395860717	0.0483391955013	-0.00454027505554	-0.0294246905789	0.00188532635318	0.012710022284
k__Bacteria;p__Bacteroidetes;c__Bacteroidia;o__Bacteroidales;f__Odoribacteraceae;g__Odoribacter;s__Odoribacter_splanchnicus	-0.0485847978029	0.0723151514721	0.0308767894313	0.0265134211358	-0.0156400828985	-0.0497106360745	0.00240498921231	0.0410002351463	-0.00172659671531	0.0234530895921	-0.0225845224073	-0.0507422510989	0.0116119976832	0.00478314240644	-0.0223515754291	0.0313537985427	0.0113275748271	0.0439462214284	-0.0579345614915	1.0	-0.020141353063	-0.0305576254628	-0.026328761742	-0.0454256519659	-0.0247758855911	-0.0105801805367	0.0125850897725	0.00698451759895	-0.012952561527	0.0409538899714	-0.0940503212659	-0.0225344585575	-0.00550434195287	0.0089415836297	0.0107027376068	-0.0360796752583	-0.0333738537206	-0.0442465537872	0.0128924400902	-0.0119330132747	-0.000431471987106	-0.0179785777142	-0.0158804712588	-0.0520694677187	0.0252622259761	0.00693261936745	0.0206494577572	-0.0532397826335	0.00479829410311	-0.0229124204727	-0.0311254498185	-0.00349137133682	-0.0195803230216	0.05640968087	-0.0279704066815	-0.061361346131	-0.0483916868587	-0.062077249574	-0.0284457610599
k__Bacteria;p__Bacteroidetes;c__Bacteroidia;o__Bacteroidales;f__Bacteroidaceae;g__Bacteroides;s__Bacteroides_salyersiae	7.89562907455e-05	-0.0323917209984	-0.0282569618074	0.0233509186044	-0.0172690286668	0.0407597042053	0.0151023190492	-0.0754200823444	0.0348787734398	0.0310730128696	-0.0854265957359	0.025412452147	0.0446932693727	0.0144597789107	-0.0508403183464	0.067952565973	0.0270731421017	-0.0226707786517	-0.124856809602	-0.020141353063	1.0	-0.0388146465995	-0.06803483108	-0.0333833913295	0.041059199924	-0.0791862581006	-0.0095778994904	0.0533856222301	-0.0210012954291	-0.0435233102133	-0.0488370983372	-0.00957163156965	0.00467304976721	0.00947806927302	0.0271918003386	0.00401906422129	-0.0319020581316	-0.116472394844	0.0247525094938	-0.055071770654	-0.0172182665409	0.0642427881396	0.00395310689709	0.00422666164824	-0.000804231085582	-0.019240701802	-0.0203761134624	-0.0330521816555	-0.0128786620434	0.0266153404951	0.0518503124834	-0.0493217658538	-0.0306822572422	0.0321765405888	-0.0464790135469	0.0506447385393	0.0226090524956	0.0335959049633	0.0382643537942
k__Bacteria;p__Firmicutes;c__Clostridia;o__Clostridiales;f__Ruminococcaceae;g__Ruminiclostridium;s__[Eubacterium]_siraeum	-0.0273808516346	-0.0264661337125	-0.0197949143718	-0.0931710196361	0.00577738509467	0.0752869518263	-0.0236846259099	0.00610611655981	-0.0121555228126	-0.0400485237093	-0.0151471236394	-0.0277668907447	0.034109039812	0.0223785913994	0.0290732627484	-0.0701338896309	-0.0641899972551	0.00540553179681	-0.00871677452233	-0.0305576254628	-0.0388146465995	1.0	0.021491404797	0.0564505036009	0.00681454026859	0.0453088154339	0.0890819177454	0.00298568685327	0.00139751654071	-0.0588136151831	0.0101039033778	-0.0335169175783	-0.0191436988553	-0.0119441011935	-0.00454825252363	0.0429080251617	-0.0148938369181	-0.0141787930857	0.0555645421225	0.0973545049825	-0.0116748522342	0.00937717208814	0.0404092861367	0.0451192465324	-0.047853006355	0.0719566209881	-0.0520447814469	-0.119059753942	0.0314626257627	-0.0277697830705	-0.0373950639192	-0.00568788996512	0.0264472024282	-0.0735134497778	-0.0125785985449	-0.0093185851113	0.00642356081767	-0.0328999042932	-0.0940403062727
k__Bacteria;p__Proteobacteria;c__Betaproteobacteria;o__Burkholderiales;f__Sutterellaceae;g__Parasutterella;s__Parasutterella_excrementihominis	0.0108685565239	-0.116989160652	0.0302784521974	0.00599867638652	0.0537479450584	-0.0256787244612	0.000891568505049	-0.0329385388519	0.0168311031099	0.0417920997648	0.0871772037925	0.00870371705069	0.0119146541055	0.0131649241596	-0.0460092305344	0.0290530864606	-0.031992972158	0.00398065607786	0.000128194498363	-0.026328761742	-0.06803483108	0.021491404797	1.0	-0.0203257015011	-0.0260624978418	-0.0234555097967	-0.0561930529735	-0.0137357999183	0.0162881217797	-0.0253665493741	0.0349989940219	-0.0167407325	0.0443721165149	-0.0456297505839	-0.0444832695154	0.00183824655911	0.00849433634246	-0.00599314479031	-0.00824934814758	-0.0325098613656	-0.00578642514344	0.0182917995032	-0.02147149768	-0.00267425425491	-0.0620864746973	0.0106049255808	-0.03055053588	-0.014771752854	0.0287204401288	-0.050283449746	0.0348453717452	-0.0416373170519	0.0245535759405	0.00166917850231	-0.0430307055572	-0.0111511323289	0.0770899582409	-0.00649689807228	-0.0348656663382
k__Bacteria;p__Actinobacteria;c__Actinobacteria;o__Bifidobacteriales;f__Bifidobacteriaceae;g__Bifidobacterium;s__Bifidobacterium_adolescentis	0.0166474844925	-0.0288415366227	-0.0731756756564	-0.0415898763687	0.00503427307872	-0.0657536093096	-0.00684078500945	-0.00341445502973	-0.0114009879245	-0.00481090541923	-0.00107609040077	-0.0690552276915	0.029474717292	0.00070787661422	0.0102837102445	-0.0298727809401	-0.0287019125114	0.0339503550053	-0.0459986558447	-0.0454256519659	-0.0333833913295	0.0564505036009	-0.0203257015011	1.0	0.0304211504562	-0.0055159606226	-0.0264276921888	0.0259625482196	0.0175493459747	-0.00517823135576	-0.00944533226181	0.0461816060482	0.0367450700397	-0.0599068200953	-0.00842830021746	-0.00683910802934	0.00590619359762	0.0322337457005	-0.0700104723718	0.00461357964507	-0.0262811975133	0.0238437488353	-0.0662030126197	-0.0308175738082	-0.0582123735316	-0.0051995070111	0.0122565673233	-0.0815090168412	-0.016410106596	-0.0560115744168	-0.0455897732064	0.0192944385959	-0.0436304569236	-0.0637507345374	0.00491273045656	-0.0168407199455	0.00415342996082	0.0364470195095	-0.0647777566641
k__Bacteria;p__Firmicutes;c__Clostridia;o__Clostridiales;f__Oscillospiraceae;g__Oscillibacter;s__Oscillibacter_sp._KLE_1745	-0.0335000540274	-0.0565058181394	0.0527512686317	0.0297966769783	0.00463640360271	-0.0412866700899	-0.0331895788949	-0.00299954760181	0.0447827424304	0.0373047955267	-0.0637552700442	-0.0193080663993	0.0190360358006	0.0129340114405	0.0512034554753	-0.0784480111578	-0.00916902758953	0.00398107298322	-0.0354923203269	-0.0247758855911	0.041059199924	0.00681454026859	-0.0260624978418	0.0304211504562	1.0	-0.105048481563	0.0136975892456	0.00924917087076	0.0498949326836	-0.0330991698334	0.0126856917508	-0.0447653758054	0.0244416669981	0.0573565947511	0.0196371592251	-0.0328616609514	-0.0506880662442	-0.0150835760589	-0.0713797140604	0.048606172935	-0.00103146782033	-0.00673799488431	-0.0434186688031	-0.039937234446	-0.00419724891446	0.0349397070251	-0.0398654235987	-0.0258501373604	-0.00138190114027	-0.00551910640383	0.00685113651493	-0.0736829442227	-0.0255235485453	-0.047085635228	0.031441744345	-0.0243740645207	0.0253511017432	-0.0184691374096	-0.0410930111654
k__Bacteria;p__Bacteroidetes;c__Bacteroidia;o__Bacteroidales;f__Bacteroidaceae;g__Bacteroides;s__Bacteroides_coprophilus	0.0315003494987	0.0276516551082	0.00113948573893	0.0497388410851	-0.0171471151654	-0.0112103553481	-0.0525867512921	0.00383692525083	-0.0602725408565	0.00836360527677	-0.0669156753391	-0.0228530928321	0.00448359497491	-0.0573331863287	-0.0140937548534	-0.0240692252354	-0.0320172487055	0.0191506912069	-0.0307221489438	-0.0105801805367	-0.0791862581006	0.0453088154339	-0.0234555097967	-0.0055159606226	-0.105048481563	1.0	0.0108057897229	0.0228302239495	-3.36593518647e-05	-0.0311711171896	-0.0288988925647	-0.010943482602	-0.0467077818885	0.00812891107372	0.0111664416545	0.0186222775884	-0.0214259365913	-0.00175976844923	0.0280190013116	0.046323738682	-0.0278563147881	-0.0213494691249	-0.0142953475809	-0.00478546713389	0.0857462916265	-0.0585372637021	-0.00331524790329	-0.0176526679442	-0.0242885461251	-0.0047294149836	-0.104452102024	-0.0282831955339	0.0244344307233	-0.0232817695418	-0.0529402789375	0.00462572851183	-0.0651086294916	0.037959925138	-0.0501026311297
k__Bacteria;p__Firmicutes;c__Clostridia;o__Clostridiales;f__Lachnospiraceae;g__Roseburia;s__Roseburia_intestinalis	-0.00887965450852	0.0407241437142	-0.0253614116315	0.00139145907683	-0.0416077715916	-0.0198199033613	-0.0314823066854	0.00514330012959	-0.013971187633	0.0144444835042	0.0539129058161	0.0118061407561	-0.0485280176764	0.00557605829924	0.0211819884322	-0.0157919978813	-0.0195908123606	-0.0566146787963	0.0304476180064	0.0125850897725	-0.0095778994904	0.0890819177454	-0.0561930529735	-0.0264276921888	0.0136975892456	0.0108057897229	1.0	-0.0611039033802	-0.0341758611423	-0.0687550985591	0.010829433327	-0.00671362640787	-0.00927465809125	0.0324863756966	-0.0108720825353	0.0157795802433	0.00842324012311	-0.0421417265472	-0.00894458227486	-0.00062871705058	-0.0240816361308	-0.0113622998166	-0.0512387057042	-0.0157495287043	-0.00113931949942	0.0128870437469	-0.0360442874293	-0.032399310001	-0.0310582290974	-0.0135490814074	-0.0250353504716	0.0891254367572	0.0127281616498	0.0425948160347	-0.0125940953389	0.0218261436665	-0.0519497632093	-0.0239552785003	0.012385367031
k__Bacteria;p__Firmicutes;c__Clostridia;o__Clostridiales;f__Lachnospiraceae;g__Roseburia;s__Roseburia_hominis	-0.0241691144133	-0.0291211188554	-0.000760522272759	-0.0263878877037	-0.0425282905637	0.0378556087662	-0.094734908342	0.0442550754356	-0.0386587057523	0.044606576411	0.000379684556829	-0.0193967761289	0.0181839517154	-0.0575485756914	-0.0297740899388	0.0126724758853	0.0111139066519	-0.000153165697862	-0.0251752407724	0.00698451759895	0.0533856222301	0.00298568685327	-0.0137357999183	0.0259625482196	0.00924917087076	0.0228302239495	-0.0611039033802	1.0	0.0132300980591	0.112637230442	-0.0362345054129	0.0323977592388	-0.0594584776307	0.00791300228254	0.0403278051316	-0.0230429254355	-0.0156938814085	-0.00554915214426	0.0598223464895	0.0314887706958	-0.0660845316237	0.0115791543301	-0.0419090720689	0.0125560520847	0.0037836455158	-0.0426649512647	-0.0357041286358	-0.00413824778547	-0.00832092006129	-0.0549263102288	-0.00551395629099	-0.0117569017346	-0.0236540653812	0.00808742840451	-0.110290983677	-0.0289361049004	0.026545994001	-0.0291783851816	0.0300769966835
k__Bacteria;p__Bacteroidetes;c__Bacteroidia;o__Bacteroidales;f__Porphyromonadaceae;g__Parabacteroides;s__Parabacteroides_johnsonii	-0.0256368996901	0.0501914905384	-0.0162967649587	0.0194233949448	-0.0130814183263	-0.0260833542258	-0.00391480505321	-0.0299707335021	-0.0538619463216	-0.0356842131386	0.00207272154556	-0.0193994987624	-0.0612575325924	-0.0631429873074	0.0724418986042	-0.00918631179263	-0.0340436112444	-0.0160431623899	-0.0122829684451	-0.012952561527	-0.0210012954291	0.00139751654071	0.0162881217797	0.0175493459747	0.0498949326836	-3.36593518649e-05	-0.0341758611423	0.0132300980591	1.0	-0.0252715792808	-0.0592044456365	0.0750660973814	-0.0174916909412	0.0118748005969	0.0432759907103	-0.0536681572584	-0.0389057980577	0.0121396557185	-0.0339777896485	-0.0222942017813	0.0468256021904	-0.0492408204765	-0.0793315636519	-0.0112249742488	0.00685316728038	-0.0205807760566	0.00473622488853	0.0256274564791	0.0231004519148	-0.0320246904405	0.0118999244513	-0.060338912382	-0.0288578144061	-0.0628797037233	-0.0255003057789	-0.0381725827414	0.0310134263989	-0.019212920602	0.0273701546663
k__Bacteria;p__Actinobacteria;c__Actinobacteria;o__Bifidobacteriales;f__Bifidobacteriaceae;g__Bifidobacterium;s__Bifidobacterium_longum	0.0354588057532	0.00513590676982	0.0235134225888	-0.0708198408582	-0.0224897708337	0.0379452277051	0.0455145307456	-0.0361446675207	-0.0518233857595	-0.00123056149463	-0.0808580615869	0.035245473254	-0.0166685932863	-0.0833034462287	0.00576220278199	0.0122852376417	-0.0253176245378	0.0217550496128	-0.0682590661571	0.0409538899714	-0.0435233102133	-0.0588136151831	-0.0253665493741	-0.00517823135576	-0.0330991698334	-0.0311711171896	-0.0687550985591	0.112637230442	-0.0252715792808	1.0	0.0143931518257	-0.00439515745883	-0.0398132482789	0.0293404812827	-0.0564759268774	0.0189023968311	-0.0603817050319	-0.00850993984973	-0.0332285683162	0.0302716901415	0.0519125295556	-0.0738427639138	0.00378314466481	-0.0549518952966	-0.0584612137783	-0.0294907006919	0.0301434640409	-0.00137383706556	0.00758603068321	0.0911210780258	-0.0337256199773	-0.0109685910915	-0.0346098199379	0.0328936652552	-0.015701261535	0.00642858512526	-0.0207428664711	-0.0516650956302	0.0105728099668
