#taxonomy	k__Bacteria;p__Bacteroidetes;c__Bacteroidia;o__Bacteroidales;f__Bacteroidaceae;g__Bacteroides;s__Bacteroides_vulgatus	k__Bacteria;p__Bacteroidetes;c__Bacteroidia;o__Bacteroidales;f__Bacteroidaceae;g__Bacteroides;s__Bacteroides_uniformis	k__Bacteria;p__Bacteroidetes;c__Bacteroidia;o__Bacteroidales;f__Rikenellaceae;g__Alistipes;s__Alistipes_putredinis	k__Bacteria;p__Bacteroidetes;c__Bacteroidia;o__Bacteroidales;f__Prevotellaceae;g__Prevotella;s__Prevotella_copri	k__Bacteria;p__Bacteroidetes;c__Bacteroidia;o__Bacteroidales;f__Bacteroidaceae;g__Bacteroides;s__Bacteroides_stercoris	k__Bacteria;p__Bacteroidetes;c__Bacteroidia;o__Bacteroidales;f__Bacteroidaceae;g__Bacteroides;s__Bacteroides_ovatus	k__Bacteria;p__Bacteroidetes;c__Bacteroidia;o__Bacteroidales;f__Rikenellaceae;g__Alistipes;s__Alistipes_shahii	k__Bacteria;p__Firmicutes;c__Clostridia;o__Clostridiales;f__Ruminococcaceae;g__Faecalibacterium;s__Faecalibacterium_prausnitzii	k__Bacteria;p__Bacteroidetes;c__Bacteroidia;o__Bacteroidales;f__Rikenellaceae;g__Alistipes;s__Alistipes_finegoldii	k__Bacteria;p__Bacteroidetes;c__Bacteroidia;o__Bacteroidales;f__Porphyromonadaceae;g__Parabacteroides;s__Parabacteroides_distasonis	k__Bacteria;p__Bacteroidetes;c__Bacteroidia;o__Bacteroidales;f__Bacteroidaceae;g__Bacteroides;s__Bacteroides_thetaiotaomicron	k__Bacteria;p__Bacteroidetes;c__Bacteroidia;o__Bacteroidales;f__Bacteroidaceae;g__Bacteroides;s__Bacteroides_coprocola	k__Bacteria;p__Bacteroidetes;c__Bacteroidia;o__Bacteroidales;f__Bacteroidaceae;g__Bacteroides;s__Bacteroides_cellulosilyticus	k__Bacteria;p__Bacteroidetes;c__Bacteroidia;o__Bacteroidales;f__Rikenellaceae;g__Alistipes;s__Alistipes_obesi	k__Bacteria;p__Firmicutes;c__Clostridia;o__Clostridiales;f__Lachnospiraceae;g__;s__[Eubacterium]_rectale	k__Bacteria;p__Bacteroidetes;c__Bacteroidia;o__Bacteroidales;f__Bacteroidaceae;g__Bacteroides;s__Bacteroides_plebeius	k__Bacteria;p__Bacteroidetes;c__Bacteroidia;o__Bacteroidales;f__Bacteroidaceae;g__Bacteroides;s__Bacteroides_fragilis	k__Bacteria;p__Proteobacteria;c__Betaproteobacteria;o__Burkholderiales;f__Sutterellaceae;g__Sutterella;s__Sutterella_wadsworthensis	k__Bacteria;p__Bacteroidetes;c__Bacteroidia;o__Bacteroidales;f__Porphyromonadaceae;g__Barnesiella;s__Barnesiella_intestinihominis	k__Bacteria;p__Bacteroidetes;c__Bacteroidia;o__Bacteroidales;f__Odoribacteraceae;g__Odoribacter;s__Odoribacter_splanchnicus	k__Bacteria;p__Bacteroidetes;c__Bacteroidia;o__Bacteroidales;f__Bacteroidaceae;g__Bacteroides;s__Bacteroides_salyersiae	k__Bacteria;p__Firmicutes;c__Clostridia;o__Clostridiales;f__Ruminococcaceae;g__Ruminiclostridium;s__[Eubacterium]_siraeum	k__Bacteria;p__Proteobacteria;c__Betaproteobacteria;o__Burkholderiales;f__Sutterellaceae;g__Parasutterella;s__Parasutterella_excrementihominis	k__Bacteria;p__Actinobacteria;c__Actinobacteria;o__Bifidobacteriales;f__Bifidobacteriaceae;g__Bifidobacterium;s__Bifidobacterium_adolescentis	k__Bacteria;p__Firmicutes;c__Clostridia;o__Clostridiales;f__Oscillospiraceae;g__Oscillibacter;s__Oscillibacter_sp._KLE_1745	k__Bacteria;p__Bacteroidetes;c__Bacteroidia;o__Bacteroidales;f__Bacteroidaceae;g__Bacteroides;s__Bacteroides_coprophilus	k__Bacteria;p__Firmicutes;c__Clostridia;o__Clostridiales;f__Lachnospiraceae;g__Roseburia;s__Roseburia_intestinalis	k__Bacteria;p__Firmicutes;c__Clostridia;o__Clostridiales;f__Lachnospiraceae;g__Roseburia;s__Roseburia_hominis	k__Bacteria;p__Bacteroidetes;c__Bacteroidia;o__Bacteroidales;f__Porphyromonadaceae;g__Parabacteroides;s__Parabacteroides_johnsonii	k__Bacteria;p__Actinobacteria;c__Actinobacteria;o__Bifidobacteriales;f__Bifidobacteriaceae;g__Bifidobacterium;s__Bifidobacterium_longum	k__Bacteria;p__Firmicutes;c__Clostridia;o__Clostridiales;f__;g__Flavonifractor;s__Flavonifractor_plautii	k__Bacteria;p__Firmicutes;c__Clostridia;o__Clostridiales;f__Clostridiaceae;g__Clostridium;s__Clostridium_phoceensis	k__Bacteria;p__Verrucomicrobia;c__Verrucomicrobiae;o__Verrucomicrobiales;f__Akkermansiaceae;g__Akkermansia;s__Akkermansia_muciniphila	k__Bacteria;p__Bacteroidetes;c__Bacteroidia;o__Bacteroidales;f__Prevotellaceae;g__Paraprevotella;s__Paraprevotella_xylaniphila	k__Bacteria;p__Firmicutes;c__Clostridia;o__Clostridiales;f__Ruminococcaceae;g__Ruminococcus;s__Ruminococcus_callidus	k__Bacteria;p__Bacteroidetes;c__Bacteroidia;o__Bacteroidales;f__Rikenellaceae;g__Alistipes;s__Alistipes_senegalensis	k__Bacteria;p__Firmicutes;c__Clostridia;o__Clostridiales;f__Lachnospiraceae;g__Blautia;s__Blautia_sp._KLE_1732	k__Bacteria;p__Bacteroidetes;c__Bacteroidia;o__Bacteroidales;f__Bacteroidaceae;g__Bacteroides;s__Bacteroides_oleiciplenus	k__Bacteria;p__Firmicutes;c__Clostridia;o__Clostridiales;f__Ruminococcaceae;g__Ruminococcus;s__Ruminococcus_bicirculans	k__Bacteria;p__Bacteroidetes;c__Bacteroidia;o__Bacteroidales;f__Bacteroidaceae;g__Bacteroides;s__Bacteroides_fluxus	k__Bacteria;p__Bacteroidetes;c__Bacteroidia;o__Bacteroidales;f__Prevotellaceae;g__Prevotella;s__Prevotella_stercorea	k__Bacteria;p__Firmicutes;c__Clostridia;o__Clostridiales;f__Lachnospiraceae;g__Dorea;s__Dorea_longicatena	k__Bacteria;p__Firmicutes;c__Clostridia;o__Clostridiales;f__Eubacteriaceae;g__Eubacterium;s__[Eubacterium]_eligens	k__Bacteria;p__Firmicutes;c__Clostridia;o__Clostridiales;f__Ruminococcaceae;g__;s__Ruminococcaceae_bacterium_D16	k__Bacteria;p__Firmicutes;c__Clostridia;o__Clostridiales;f__Lachnospiraceae;g__Coprococcus;s__Coprococcus_comes	k__Bacteria;p__Proteobacteria;c__Gammaproteobacteria;o__Enterobacterales;f__Enterobacteriaceae;g__Escherichia;s__Escherichia_coli	k__Bacteria;p__Firmicutes;c__Clostridia;o__Clostridiales;f__Ruminococcaceae;g__Anaerotruncus;s__Anaerotruncus_colihominis	k__Bacteria;p__Firmicutes;c__Clostridia;o__Clostridiales;f__Lachnospiraceae;g__Blautia;s__Blautia_obeum	k__Bacteria;p__Bacteroidetes;c__Bacteroidia;o__Bacteroidales;f__Odoribacteraceae;g__Odoribacter;s__Odoribacter_laneus	k__Bacteria;p__Firmicutes;c__Clostridia;o__Clostridiales;f__Ruminococcaceae;g__Ruminiclostridium;s__[Clostridium]_leptum	k__Bacteria;p__Bacteroidetes;c__Bacteroidia;o__Bacteroidales;f__Porphyromonadaceae;g__Parabacteroides;s__Parabacteroides_goldsteinii	k__Bacteria;p__Firmicutes;c__Clostridia;o__Clostridiales;f__Lachnospiraceae;g__Anaerostipes;s__Anaerostipes_hadrus	k__Bacteria;p__Firmicutes;c__Clostridia;o__Clostridiales;f__Ruminococcaceae;g__Ruminococcus;s__Ruminococcus_lactaris	k__Bacteria;p__Firmicutes;c__Clostridia;o__Clostridiales;f__Clostridiaceae;g__Clostridium;s__Clostridium_sp._L2-50	k__Bacteria;p__Firmicutes;c__Clostridia;o__Clostridiales;f__Clostridiaceae;g__Clostridium;s__Clostridium_sp._M62/1	k__Bacteria;p__Firmicutes;c__Clostridia;o__Clostridiales;f__;g__Intestinimonas;s__Intestinimonas_butyriciproducens	k__Bacteria;p__Actinobacteria;c__Actinobacteria;o__Bifidobacteriales;f__Bifidobacteriaceae;g__Bifidobacterium;s__Bifidobacterium_bifidum	k__Bacteria;p__Firmicutes;c__Negativicutes;o__Veillonellales;f__Veillonellaceae;g__Dialister;s__Dialister_invisus	k__Bacteria;p__Bacteroidetes;c__Bacteroidia;o__Bacteroidales;f__Bacteroidaceae;g__Bacteroides;s__Bacteroides_salanitronis
k__Bacteria;p__Bacteroidetes;c__Bacteroidia;o__Bacteroidales;f__Bacteroidaceae;g__Bacteroides;s__Bacteroides_vulgatus	1.0	0.0304341842458	-0.00796657451463	-0.0267767959165	0.00838513286379	-0.0672946407099	-0.00116844735149	-0.0295732884043	-0.0597680197865	-0.00144222500941	-0.034680721165	-0.0326725101407	-0.116339622088	-0.0185256948549	0.00394249406401	0.00417159994679	0.0504884964759	0.0316062341956	-0.0287370147044	0.0259880328956	-0.00572755653878	0.0620935832059	-0.0245960071014	-0.0197751206108	-0.014611653099	-0.00932535361943	-0.0374303433471	0.104820033575	-0.00829838808914	-0.0288604257535	-0.000233345689005	-0.0514722396035	-0.0137508841486	0.0183716318778	-0.00080136269703	-0.0525715844904	-0.109062692511	-0.071851646802	-0.0630925025063	-0.0950951628495	-0.066469476123	0.0290269005017	-0.0714930340799	0.0403573602437	0.120830181918	0.0261881542528	0.0183409450878	-0.0188590874502	0.0624906240847	0.0228741991262	-0.0372380989902	0.0303003494489	-0.0210606490452	0.0281847155854	0.0137022319775	-0.00562884004854	0.0110322828526	0.0228066784462	-0.0540964687518
k__Bacteria;p__Bacteroidetes;c__Bacteroidia;o__Bacteroidales;f__Bacteroidaceae;g__Bacteroides;s__Bacteroides_uniformis	0.0304341842458	1.0	-0.0402048438609	-0.0444949727052	-0.0240516601506	0.00516874641793	-0.0365888866887	0.0142685686718	-0.028906313192	-0.01579439753	0.010100968889	0.00415462228499	-0.0219097618165	-0.0233133237235	0.0619730183018	0.0185189380408	-0.0213744299912	-0.0210695369643	-0.0627484176569	-0.0354824053184	-0.0467462176712	-0.00454719862497	-0.036024301265	0.0102781150522	0.00660993793471	-0.0310514760664	-0.0188916505807	0.00417145026113	-0.0555067858416	0.0237913425916	0.0172502908921	-0.0352626485938	0.0104676133699	-0.056546277003	0.0141231845615	0.0168301252165	-0.033485952916	-0.0331647233001	0.024651993134	0.00793717092879	-0.0216150311267	-0.0954915299053	0.0720487220406	-0.0356218403803	0.0720355042876	-0.0759856651538	0.00785113967689	0.0590005051237	-0.00923500143848	0.00394913372988	-0.0212505512926	-0.0333738287188	0.0284720569522	0.0560265834553	0.0478708823668	0.0600649975196	-0.00229592695096	0.00995896977072	-0.0775478372877
k__Bacteria;p__Bacteroidetes;c__Bacteroidia;o__Bacteroidales;f__Rikenellaceae;g__Alistipes;s__Alistipes_putredinis	-0.00796657451463	-0.0402048438609	1.0	0.0190665811253	-0.0748721141934	0.0176109353944	-0.0464513865601	-0.057158630697	-0.0285703008793	-0.0513027054736	-0.0274464501327	-0.0266441686245	0.0379463259799	-0.021675881078	-0.00832270139762	-0.0456679387583	-0.00684253297855	-0.0106196536558	-0.0205868807283	0.0516311954213	0.000207613321376	-0.00800156524045	-0.0539957563763	0.0022020779593	0.0345031156041	0.0440056745635	-0.0548837084911	0.0194818978075	0.0117145155135	-0.0570621458077	-0.0237940589904	-0.00732724045417	-0.011560883709	-0.0241132316139	-0.0316747166285	0.00102842738027	0.00580191150038	0.0401894573565	-0.0284440606732	-0.0054741254525	-0.0325927584067	-0.0358865582523	0.0389135809445	-0.0127227952943	-0.0347898131923	0.0443332923624	0.00913094908008	-0.0786913233383	0.0142829374967	-0.0532166952031	0.011997652228	-0.0301798943737	-0.00529447363222	-0.0098256743349	-0.0431485538386	-0.0135081440518	0.0843243070849	0.0780445770124	-0.0655675492606
k__Bacteria;p__Bacteroidetes;c__Bacteroidia;o__Bacteroidales;f__Prevotellaceae;g__Prevotella;s__Prevotella_copri	-0.0267767959165	-0.0444949727052	0.0190665811253	1.0	-0.038206049678	-0.0207219572906	-0.0141316602165	-0.00932866517945	-0.0245217647811	-0.0385721298842	-0.0032997661757	0.0178160519297	0.0148720548817	0.0209898116114	-0.0404507232811	-0.0889774126643	-0.0256996475066	-0.0488420510736	-0.0162636484271	0.00846204041104	-0.0175820045264	0.0201826255994	-0.0771627637182	-0.0222188649455	0.0300818812614	0.0407633140597	-0.00117277827458	-0.0687378329623	0.0304282914792	-0.018129030378	-0.0626423031929	-0.0145608870878	0.0192241532723	-0.0332527051289	-0.00122679202208	0.0557671073415	-0.0025624073573	0.039522741026	0.00658808270438	-0.0312893231009	-0.0581762871328	0.00643874647614	-0.0340299837373	-0.0125101182176	-0.00284741096251	0.0538895871829	-0.0420188456216	0.0153336483153	0.0468008001694	-0.0277455948348	-0.00622953802656	-0.0255936246643	-0.0011842351697	0.0230704259976	0.0467425069191	0.0241471576042	-0.0742973074517	0.0323955760548	-0.0194163671074
k__Bacteria;p__Bacteroidetes;c__Bacteroidia;o__Bacteroidales;f__Bacteroidaceae;g__Bacteroides;s__Bacteroides_stercoris	0.00838513286379	-0.0240516601506	-0.0748721141934	-0.038206049678	1.0	0.00286264053704	-0.0523053002864	-0.0059899902782	-0.0573375183362	-0.0357672698996	-0.0476221203189	0.0355150571809	0.0437198994853	-0.0808879423041	0.0218061766503	0.00559116717488	-0.00777256413476	-0.059332926791	-0.0114845104841	-0.00523057113376	0.0238027677976	-0.0149930858021	-0.0797447193655	0.0220770151526	-0.0331606938957	-0.0390833132741	0.0199305355768	-0.00554489060895	0.00196884030979	0.00523782609183	0.0300889619511	0.0463232787937	-0.0290198643092	-0.000391442720134	-0.0258419096156	-0.0282224736092	0.0153901480893	0.0530549209362	0.0304485826263	0.0191515129744	-0.0200265730185	0.044645842213	-0.0164545015121	0.0448048895901	-0.0848535228282	0.0076398156111	-0.0456334381796	-0.0168037555887	-0.0913756339725	-0.0090740067213	0.0262118022986	-0.0360802461492	-0.089354559449	0.03793621609	0.0489584994933	-0.0342804600069	0.0688122039043	0.0065756100351	-0.00275979915803
k__Bacteria;p__Bacteroidetes;c__Bacteroidia;o__Bacteroidales;f__Bacteroidaceae;g__Bacteroides;s__Bacteroides_ovatus	-0.0672946407099	0.00516874641793	0.0176109353944	-0.0207219572906	0.00286264053704	1.0	-0.00397954053312	0.0617311134613	-0.0176881145798	0.00207199688528	0.04323989897	-0.0287392117986	-0.0225019383191	-0.0366071244236	-0.016184439399	0.0340572842698	-0.0312234091963	0.0236721735686	0.0232657875841	0.0129139171834	-0.0848665228599	-0.0170711553162	-0.0272082783695	0.0393492496034	-0.0470719483756	0.0250868853289	-0.0368246156955	-0.0500701382404	-0.016533000032	-0.0182352629182	-0.0244042538875	-0.0593577240039	-0.024777062907	-0.0807520035	-0.0595549313608	-0.0718317525527	0.0328630296053	0.00713073025155	0.0197237737333	-0.0287684600398	-0.064838733607	-0.0205007654859	-0.0301096281159	-0.00725156243853	-0.00189644762078	-0.0559166309267	0.0111798485112	0.0409696823915	0.0258051782755	0.0480102426361	-0.068818851121	0.0629458150155	-0.0229549832093	-0.0075012713677	0.0293841857395	0.0208070083797	-0.0370255884928	-0.0194315559427	-0.0681180241094
k__Bacteria;p__Bacteroidetes;c__Bacteroidia;o__Bacteroidales;f__Rikenellaceae;g__Alistipes;s__Alistipes_shahii	-0.00116844735149	-0.0365888866887	-0.0464513865601	-0.0141316602165	-0.0523053002864	-0.00397954053312	1.0	0.00909438412398	-0.00279813473885	-0.0520750316547	0.0106527861136	-0.039798009079	-0.0204197763194	0.0500101382175	0.0224768225974	0.0203294320681	-0.038105742354	0.0237040730517	0.0711706414584	0.00258679799357	-0.0383673740932	-0.0046315078826	-0.0318109163457	0.0404756154706	0.0471744764276	-0.0481114831776	0.0188845055251	0.0265140707479	-0.032299858133	-0.0269514310187	-0.0472314972491	-0.00428160633853	0.0177905997775	-0.037945799212	-0.0201516699252	-0.0247188271708	-0.040026368144	0.00897930142271	-0.0202400080532	-0.0517087904413	-0.00337515981019	-0.0173505146836	-0.0264833045444	-0.054008453632	-0.0475661737086	0.0199406675547	0.0381975023819	0.047785413003	0.020858948018	-0.000452804449558	-0.0654505020646	0.0445149645341	-0.05571125017	-0.0334881743411	-0.00375155800858	-0.0324664081627	-0.00414150176891	-0.057962598851	0.0571327551022
k__Bacteria;p__Firmicutes;c__Clostridia;o__Clostridiales;f__Ruminococcaceae;g__Faecalibacterium;s__Faecalibacterium_prausnitzii	-0.0295732884043	0.0142685686718	-0.057158630697	-0.00932866517945	-0.0059899902782	0.0617311134613	0.00909438412398	1.0	0.00113380962474	-0.0406996401861	-0.00348677723078	-0.00608229090478	0.0496012949582	0.0364920631509	0.0350492218024	0.00155374072464	-0.0496048373744	0.000984199288763	0.0761118036977	-0.00132149358291	0.0358142767603	-0.0362561054913	-0.0294038264916	-0.0428770395944	0.0250413013813	-0.0512000792478	-0.0239166948262	-0.0666500693456	0.0143633017167	-0.0028764858847	0.0251431403057	0.0154081096452	0.0250901764761	-0.0294289998456	-0.0310332739992	0.00553139830798	0.0176424699387	-0.0600982255018	0.0327270552198	-0.0432125032828	0.0327093396489	0.0497077118301	0.0520809767377	-0.036372347818	-0.0673428696878	-0.0501992053647	-0.0323308058195	0.0335271423208	-0.106526284912	0.0114063943528	-0.0830676385314	-0.000250528696874	-0.0559559378881	0.0400466601165	-0.0432581435936	-0.0194663418041	-0.00820694737505	-0.0320559398293	-0.0237084435328
k__Bacteria;p__Bacteroidetes;c__Bacteroidia;o__Bacteroidales;f__Rikenellaceae;g__Alistipes;s__Alistipes_finegoldii	-0.0597680197865	-0.028906313192	-0.0285703008793	-0.0245217647811	-0.0573375183362	-0.0176881145798	-0.00279813473885	0.00113380962474	1.0	0.0520544141289	-0.033994091141	0.0255313655461	-0.0255266527393	0.00909332587095	-0.0174981464904	0.0287774523685	0.00895685744549	0.0372696962484	-0.0069032680628	0.00628876437463	0.0565466891131	0.0297836115659	-0.0124225334115	-0.0282704934327	-0.0392569705491	-0.0902353982116	-0.0214095949613	-0.00474155696428	0.0248741747696	0.0457897363026	-0.0275357236686	-0.0151733695368	0.0232894919902	-0.0325911603903	0.0401288015195	-0.0089932644635	-0.0207670551398	-0.0516300575437	-0.0249448269204	0.00118250564724	-0.0053553527521	-0.0227895388627	0.0327640188135	-0.0856751402863	-0.0367482446447	-0.0147531363736	-0.0201146433281	-0.0389937932106	-0.0184596987752	0.0249345968486	0.0212932466678	0.00220765978774	-0.0464238666219	0.0219895436339	-0.0253400471625	-0.0172922180308	0.0119880579494	-0.0337499824219	0.016480851219
k__Bacteria;p__Bacteroidetes;c__Bacteroidia;o__Bacteroidales;f__Porphyromonadaceae;g__Parabacteroides;s__Parabacteroides_distasonis	-0.00144222500941	-0.01579439753	-0.0513027054736	-0.0385721298842	-0.0357672698996	0.00207199688528	-0.0520750316547	-0.0406996401861	0.0520544141289	1.0	-0.0354918190604	-0.0739039384185	-0.0484097863874	-0.0231673697893	-0.0228196450556	0.0436779386689	-0.0227433845986	0.0289974146248	0.035583034819	-0.0510529249839	0.0492833469979	-0.016570184321	0.0327685395361	-0.0590967872235	-0.043432097934	0.00705984644429	-0.0274636537372	-0.0061931570497	0.0290831697665	0.0513623375428	-0.00671425758905	-0.0990989000963	0.0203907938179	-0.0410226460394	0.012488910644	0.00407840418728	-0.0118709836936	0.0299119586936	-0.0118577194457	-0.0573029195923	-0.0488946880407	0.0430049585149	0.0602326129785	0.0144728908758	-0.0137699949393	-0.0387635534699	-0.0229152945496	0.0119798383712	-0.0278860995396	-0.00302356157782	-0.00207792259191	-0.0343714769456	-0.0427443396414	-0.0580970826675	0.00616522165311	0.0225087208392	0.0230228396842	0.0182655679445	-0.0529531021091
k__Bacteria;p__Bacteroidetes;c__Bacteroidia;o__Bacteroidales;f__Bacteroidaceae;g__Bacteroides;s__Bacteroides_thetaiotaomicron	-0.034680721165	0.010100968889	-0.0274464501327	-0.0032997661757	-0.0476221203189	0.04323989897	0.0106527861136	-0.00348677723078	-0.033994091141	-0.0354918190604	1.0	0.0390289227931	-0.00219890350721	-0.00960746666136	-0.0235538227294	-0.0127828270593	-0.0542831793172	-0.00630552625228	0.0116897293983	-0.00111577618482	0.00293264490381	-0.00780082405306	-0.00448547947496	-0.0477899640099	-0.0448177523958	-0.0391912751724	-0.0418223388414	-0.0824773336044	-0.014976719787	-0.00132033011747	0.0538670840558	-0.0482647456658	0.0675400889426	-0.0215758602905	-0.0361586453556	0.0379557290869	-0.0631180472139	-0.0181742118241	-0.0246750689029	0.0455233669206	-0.00289386003863	-0.00766474495723	0.0816837614689	0.00853350186249	-0.0483615588472	0.00387712860333	-0.00815638059745	0.0114463827361	0.0197610879135	-0.0503054012209	0.016631966124	0.0742481690603	0.064002449784	0.00798081399659	-0.0289764585945	-0.00455867866273	0.0541805322331	-0.0473138062209	0.0241067088491
k__Bacteria;p__Bacteroidetes;c__Bacteroidia;o__Bacteroidales;f__Bacteroidaceae;g__Bacteroides;s__Bacteroides_coprocola	-0.0326725101407	0.00415462228499	-0.0266441686245	0.0178160519297	0.0355150571809	-0.0287392117986	-0.039798009079	-0.00608229090478	0.0255313655461	-0.0739039384185	0.0390289227931	1.0	0.0672016031225	-0.117265030249	0.00243669878531	-0.0281667443312	-0.0172925176719	0.0128623734683	-0.0267939234576	-0.0192879806855	-0.00845292651796	-0.00659751426817	0.00757414466722	0.0669858403381	-0.0300766701881	-0.020750991461	0.0218784865759	-0.0105979376009	0.0224538557629	0.0183409190121	-0.0382072783021	0.00331203068029	-0.0195323957266	-0.000587944810943	-0.0223765264885	0.0362491953345	0.0187930172856	-0.0103020989994	-0.00600074069352	-0.0741567396883	-0.0374704367902	-0.0666084334213	-0.0107065034299	0.0267262371243	-0.0241870839798	-0.0463115439731	4.27159574841e-06	0.031108533339	-0.0332478001976	0.0437957704262	-0.0339490424315	0.00734935046931	0.0542384911379	0.0186140547567	-0.0353503516786	0.046713715601	-0.0498113883125	-0.0245216381116	0.0108061962474
k__Bacteria;p__Bacteroidetes;c__Bacteroidia;o__Bacteroidales;f__Bacteroidaceae;g__Bacteroides;s__Bacteroides_cellulosilyticus	-0.116339622088	-0.0219097618165	0.0379463259799	0.0148720548817	0.0437198994853	-0.0225019383191	-0.0204197763194	0.0496012949582	-0.0255266527393	-0.0484097863874	-0.00219890350721	0.0672016031225	1.0	-0.0256241080254	0.00554651596342	-0.0235719630414	0.0402735977993	0.111168404296	-0.00527522972796	-0.00676339009467	-0.0443723497464	0.0118729839614	-0.00166321611329	-0.0598345894029	-0.0487288456165	-0.0235693161132	-0.0153104752005	-0.0519631644535	-0.0307578509793	-0.0436250027614	-0.0178930581445	-0.0233469699082	-0.0295873814887	0.0310414142763	-0.0360788929569	0.0230832134295	0.0391276173471	0.00204445140153	-0.00729142746538	-0.0355102888492	-0.0476631440235	-0.0944496878955	-0.0109275283117	-0.0362586660526	-0.0478000606977	-0.0261813493725	0.0316756597101	0.0711055240718	-0.00695899645697	0.0149211199036	-0.00683437798361	-0.0407785290907	0.00545775136412	0.00158210415019	0.0639305021562	-0.0144500644445	-0.0058464034297	0.0203000316586	-0.0233085019849
k__Bacteria;p__Bacteroidetes;c__Bacteroidia;o__Bacteroidales;f__Rikenellaceae;g__Alistipes;s__Alistipes_obesi	-0.0185256948549	-0.0233133237235	-0.021675881078	0.0209898116114	-0.0808879423041	-0.0366071244236	0.0500101382175	0.0364920631509	0.00909332587095	-0.0231673697893	-0.00960746666136	-0.117265030249	-0.0256241080254	1.0	0.0280925609008	-0.014353075555	0.00069828577305	-0.0339036275413	0.0607608248589	-0.00796632125104	-0.0477345927594	-0.0273718261038	0.0334688085537	-0.0300665244499	-0.0278757177416	-0.0579378660461	0.0401376012098	-0.00295413822595	0.0435152982719	-0.0322899814573	-0.00536272063482	-0.0798576435353	-0.0429895920896	0.0452482914197	0.0233017877857	0.0863000398582	-0.0214955370041	-0.00488337402271	0.091096976405	-0.0360273864381	0.131395555217	0.059508761028	-0.0267409821183	-0.0118559026128	-0.0514695884845	0.0107239283082	-0.0383559691174	-0.044663880305	-0.0371356170432	-0.0165106880195	-0.0230212927003	-0.028130254098	0.0323164254511	0.00898929537829	-0.027879221179	-0.0244251227853	0.0563962656298	-0.0217827629587	0.000404107322628
k__Bacteria;p__Firmicutes;c__Clostridia;o__Clostridiales;f__Lachnospiraceae;g__;s__[Eubacterium]_rectale	0.00394249406401	0.0619730183018	-0.00832270139762	-0.0404507232811	0.0218061766503	-0.016184439399	0.0224768225974	0.0350492218024	-0.0174981464904	-0.0228196450556	-0.0235538227294	0.00243669878531	0.00554651596342	0.0280925609008	1.0	-0.050951509766	0.0343296122553	-0.00632581769147	0.0499926690271	0.0260110191694	0.0238209697741	-0.0676505421267	0.00646456875827	0.0568206721144	-0.092314379744	-0.0112982303265	-0.0340774311763	0.0224214970107	-0.0604507345434	-0.0519166789722	-0.0544295758169	-0.00202140723553	-0.0789171912152	-0.0641388389277	-0.0506896092306	-0.0060274399028	-0.0388153676512	0.0138238022234	-0.00234845886514	0.00487381700857	-0.0183717411591	-0.0106526281299	0.0467104472045	0.0337215343143	-0.00204740972001	0.0306490175377	-0.0133943480773	-0.0131304550218	-0.0184013263556	-0.00160479898368	-0.0177822834732	0.0329330082682	0.0390178802754	-0.0661265122383	-0.0673040020797	0.0309561841397	-0.0328688575789	0.0190568422833	0.0391950881728
k__Bacteria;p__Bacteroidetes;c__Bacteroidia;o__Bacteroidales;f__Bacteroidaceae;g__Bacteroides;s__Bacteroides_plebeius	0.00417159994679	0.0185189380408	-0.0456679387583	-0.0889774126643	0.00559116717488	0.0340572842698	0.0203294320681	0.00155374072464	0.0287774523685	0.0436779386689	-0.0127828270593	-0.0281667443312	-0.0235719630414	-0.014353075555	-0.050951509766	1.0	-0.067260146613	0.0162962587676	-0.057353879526	0.0251888688531	0.0150988761979	-0.0095582104896	-0.0102321885935	-0.0193580506411	-0.0012840080424	-0.0580089225349	-0.0309329340864	-0.0165618629259	-0.031086509706	0.0308991899261	0.0114247000471	-0.0333268006127	-0.0269589509439	0.03888588547	-0.0459049544275	-0.0103389042169	-0.00624496464431	0.0241376077217	-0.0141339627383	0.0729572079565	-0.0312299156939	-0.00541922734202	-0.0366725804027	0.0303456607596	0.0403545329676	-0.0156531460098	-0.00745011880042	0.00613009373713	-0.00691053421893	0.0243436981172	0.0435168237972	-0.0606267741223	-0.041241648992	-0.00307440172028	-0.0284957035786	-0.0566201308467	-0.0441325647004	0.0491754116226	0.0394654887105
k__Bacteria;p__Bacteroidetes;c__Bacteroidia;o__Bacteroidales;f__Bacteroidaceae;g__Bacteroides;s__Bacteroides_fragilis	0.0504884964759	-0.0213744299912	-0.00684253297855	-0.0256996475066	-0.00777256413476	-0.0312234091963	-0.038105742354	-0.0496048373744	0.00895685744549	-0.0227433845986	-0.0542831793172	-0.0172925176719	0.0402735977993	0.00069828577305	0.0343296122553	-0.067260146613	1.0	-0.0224930827442	-0.0541652507645	0.0333476032265	0.0122111542359	-0.0245592208408	0.0314030370966	-0.00211152323128	0.0639350377237	-0.0369703104572	-0.0064699198935	-0.0598259045921	0.0333961378339	-0.034460464256	-0.0509120178997	-0.0552637484188	-0.00830300151203	0.00330225139104	0.0554083227144	0.00732906560324	0.0360453728351	0.019878891139	0.0422032629309	-0.0348478680698	0.00689504249412	-0.042533794153	-0.0665378446524	0.00916790739691	-0.0485424259697	0.0153818678911	-0.0315878975727	0.0810615564342	0.00428101069409	0.0073301339003	0.00461905136749	0.0168025040081	-0.0206486829186	0.0331075998242	0.0503049140202	-0.00568372786851	-0.0369960286036	-0.064004998735	-0.0108964704852
k__Bacteria;p__Proteobacteria;c__Betaproteobacteria;o__Burkholderiales;f__Sutterellaceae;g__Sutterella;s__Sutterella_wadsworthensis	0.0316062341956	-0.0210695369643	-0.0106196536558	-0.0488420510736	-0.059332926791	0.0236721735686	0.0237040730517	0.000984199288763	0.0372696962484	0.0289974146248	-0.00630552625228	0.0128623734683	0.111168404296	-0.0339036275413	-0.00632581769147	0.0162962587676	-0.0224930827442	1.0	0.0123199484255	-0.0269841866798	-0.0531720635996	-0.0852052978037	0.00354789851542	0.0439407612225	0.0274946127538	0.00467605695021	0.0625946646173	0.0525924625807	-0.0134463662567	-0.0100092432045	-0.0392542584373	-0.015595836978	-0.0275008225059	-0.0235754406755	0.0543546606033	-0.0341058002026	-0.00484430642764	0.0435945551499	-0.0422585021491	0.0137355476704	0.00212183578831	-0.0557030089462	-0.0226200071458	0.0330490859851	-0.000966946680592	-0.0297641351255	-0.0370212821429	0.0116417811132	-0.105457223884	0.00742279139267	-0.0237035329268	-0.0508732308914	-0.0196710462906	0.0127016850334	-0.0266769148553	0.0473084634757	0.00965128766986	0.080108482675	-0.0238062310424
k__Bacteria;p__Bacteroidetes;c__Bacteroidia;o__Bacteroidales;f__Porphyromonadaceae;g__Barnesiella;s__Barnesiella_intestinihominis	-0.0287370147044	-0.0627484176569	-0.0205868807283	-0.0162636484271	-0.0114845104841	0.0232657875841	0.0711706414584	0.0761118036977	-0.0069032680628	0.035583034819	0.0116897293983	-0.0267939234576	-0.00527522972796	0.0607608248589	0.0499926690271	-0.057353879526	-0.0541652507645	0.0123199484255	1.0	-0.0841606698424	-0.0223761527813	-0.055131515554	-0.0356517564064	0.0025857305886	0.0321388745536	-0.0493008402773	0.0223497152228	-0.0736276939393	-0.0145504914451	6.22226858234e-05	0.0201855308732	-0.102746724198	0.0704641318336	-0.0376862910166	-0.0147394567333	-0.0164556940571	-0.0272534781103	-0.0674053292901	-0.0126773694208	-0.0219706864773	-0.0452407032971	-0.0359231207453	-0.0665213358844	-0.0298348653782	-0.0520692660296	0.0505275908286	-0.0461979133046	-0.0209689312947	-0.00502934784475	-0.0347771620708	0.0181879381406	0.0745702399622	-0.0140374413986	-0.0548594310273	-0.0636556532269	0.0201738098529	0.0134190483632	-0.0592180048874	-0.0226067030067
k__Bacteria;p__Bacteroidetes;c__Bacteroidia;o__Bacteroidales;f__Odoribacteraceae;g__Odoribacter;s__Odoribacter_splanchnicus	0.0259880328956	-0.0354824053184	0.0516311954213	0.00846204041104	-0.00523057113376	0.0129139171834	0.00258679799357	-0.00132149358291	0.00628876437463	-0.0510529249839	-0.00111577618482	-0.0192879806855	-0.00676339009467	-0.00796632125104	0.0260110191694	0.0251888688531	0.0333476032265	-0.0269841866798	-0.0841606698424	1.0	-0.0306286886024	-0.0520728606872	0.0275223706374	0.012838590451	0.0254727287785	0.036121235049	-0.0622262758151	-0.00682508186416	-0.0245058025989	-0.0100759796017	-0.0315568069002	0.0311827111198	-0.0300394301527	0.0832825245697	-0.05133409372	0.0584008067842	0.00735119533338	-0.00610409883067	0.000357705336323	-0.02810004096	-0.0189060886755	-0.0393120747639	0.0019357347833	-0.0611226845047	0.0218638013544	0.0269922352511	-0.0241281599801	0.00999576287356	-0.0111082040314	-0.0216479353615	-0.042965900692	0.00405195902445	-0.00867644174963	-0.000164079768106	-0.000592333377751	-0.0380084107386	-0.0720147014312	0.0394331174596	0.00264250218835
k__Bacteria;p__Bacteroidetes;c__Bacteroidia;o__Bacteroidales;f__Bacteroidaceae;g__Bacteroides;s__Bacteroides_salyersiae	-0.00572755653878	-0.0467462176712	0.000207613321376	-0.0175820045264	0.0238027677976	-0.0848665228599	-0.0383673740932	0.0358142767603	0.0565466891131	0.0492833469979	0.00293264490381	-0.00845292651796	-0.0443723497464	-0.0477345927594	0.0238209697741	0.0150988761979	0.0122111542359	-0.0531720635996	-0.0223761527813	-0.0306286886024	1.0	-0.0335607256562	0.0126912376586	0.0257153639647	-0.0249914524995	0.0329672944575	-0.0328969772579	0.0174035775462	0.000687825180241	0.0811349549855	-0.0604142952264	-0.0121824453522	0.0426165261138	-0.0224985895637	-0.00687741397235	-0.0481484768915	-0.0609674749372	-0.0698311303327	0.00300198639087	-0.0449936403698	0.0243427229835	0.0122721076645	-0.0154123860926	0.0330934244974	0.0151989029854	0.0617126233519	-0.00971274111269	-0.0539052576346	-0.070279591232	0.0386144691081	0.0686161942178	0.0109220680461	0.0194364531531	-0.00128964902291	-0.050062248438	-0.0342869752017	-0.0539479374012	0.00958701389912	-0.0206444504575
k__Bacteria;p__Firmicutes;c__Clostridia;o__Clostridiales;f__Ruminococcaceae;g__Ruminiclostridium;s__[Eubacterium]_siraeum	0.0620935832059	-0.00454719862497	-0.00800156524045	0.0201826255994	-0.0149930858021	-0.0170711553162	-0.0046315078826	-0.0362561054913	0.0297836115659	-0.016570184321	-0.00780082405306	-0.00659751426817	0.0118729839614	-0.0273718261038	-0.0676505421267	-0.0095582104896	-0.0245592208408	-0.0852052978037	-0.055131515554	-0.0520728606872	-0.0335607256562	1.0	0.0730587483366	-0.00591093682666	0.0642220335705	0.0533716977169	0.00149814633555	-0.0646788238915	-0.0198377146943	-0.0236550447413	-0.0528892446435	-0.0104597932103	0.0192711194293	0.045021637771	-0.0611075541076	-0.0435494305711	0.0210999063863	0.0428823286084	-0.00920498339294	0.0768669359498	-0.0104208090087	0.0743816024717	-0.0344221660296	0.0148102282075	0.0184562222203	-0.0252045108072	0.00922014673161	-0.0448678399238	0.012048010502	-0.0952148645116	0.000602748667948	-0.00492392084119	0.00766930908202	-0.047816603037	0.0331664274478	0.0186852222159	-0.0112657468065	-0.0349172002198	-0.0376641140554
k__Bacteria;p__Proteobacteria;c__Betaproteobacteria;o__Burkholderiales;f__Sutterellaceae;g__Parasutterella;s__Parasutterella_excrementihominis	-0.0245960071014	-0.036024301265	-0.0539957563763	-0.0771627637182	-0.0797447193655	-0.0272082783695	-0.0318109163457	-0.0294038264916	-0.0124225334115	0.0327685395361	-0.00448547947496	0.00757414466722	-0.00166321611329	0.0334688085537	0.00646456875827	-0.0102321885935	0.0314030370966	0.00354789851542	-0.0356517564064	0.0275223706374	0.0126912376586	0.0730587483366	1.0	-0.016493745769	-0.00782983814547	0.00846228060779	0.0317303966939	-0.0748913545627	0.0171743478844	-0.0765619618062	-0.000115013458201	0.0124594100071	-0.0752430049398	0.0328566275551	-0.0683976562888	0.0197650571936	-0.0161558829595	-0.0258844369219	-0.0401819926148	-0.0308012737197	0.0167029996841	-0.0465760832081	-0.0363875669623	-0.0521268899166	-0.0480225420436	-0.00634942847869	0.017115920896	0.00681712135353	0.031924745302	0.00363815636795	-0.0417199872538	0.0059771596209	-0.0569331722227	0.0109065011383	0.0159417074209	0.00673063159769	-0.0640419760696	0.0457433851583	0.00945749567045
k__Bacteria;p__Actinobacteria;c__Actinobacteria;o__Bifidobacteriales;f__Bifidobacteriaceae;g__Bifidobacterium;s__Bifidobacterium_adolescentis	-0.0197751206108	0.0102781150522	0.0022020779593	-0.0222188649455	0.0220770151526	0.0393492496034	0.0404756154706	-0.0428770395944	-0.0282704934327	-0.0590967872235	-0.0477899640099	0.0669858403381	-0.0598345894029	-0.0300665244499	0.0568206721144	-0.0193580506411	-0.00211152323128	0.0439407612225	0.0025857305886	0.012838590451	0.0257153639647	-0.00591093682666	-0.016493745769	1.0	-0.0660109743957	-0.0292724229815	-0.0637658384442	-0.0105802108614	-0.0564893843427	0.00708034888579	0.0544671247193	-0.0788896426226	0.0202203744803	0.00296195519641	-0.0258038810323	-0.0155811240387	-0.02048962617	-0.0079460570551	0.0420899821648	0.000650209087167	0.013655954867	0.0336710109955	-0.032010672321	-0.00930726919144	-0.0272058833925	-0.0267896611191	0.0151959775509	-0.034940330753	0.00607502411687	-0.0986074501862	-0.0338763622637	0.0362061180075	0.0205227359306	0.051286145397	0.00597789731017	0.0227431659308	0.032877081418	-0.0170579989671	-0.000609159520392
k__Bacteria;p__Firmicutes;c__Clostridia;o__Clostridiales;f__Oscillospiraceae;g__Oscillibacter;s__Oscillibacter_sp._KLE_1745	-0.014611653099	0.00660993793471	0.0345031156041	0.0300818812614	-0.0331606938957	-0.0470719483756	0.0471744764276	0.0250413013813	-0.0392569705491	-0.043432097934	-0.0448177523958	-0.0300766701881	-0.0487288456165	-0.0278757177416	-0.092314379744	-0.0012840080424	0.0639350377237	0.0274946127538	0.0321388745536	0.0254727287785	-0.0249914524995	0.0642220335705	-0.00782983814547	-0.0660109743957	1.0	0.00962150707503	0.0700754727867	0.0230763438994	-0.04721082607	-0.0112087926104	0.0075409049695	0.0145018189154	-0.00399784041965	0.0573334894552	-0.0372834115219	-0.0178958058412	0.0269023349548	0.000672943869661	-0.0652562568282	0.0635730170292	-0.0345696746466	0.0318828497267	-0.0130989464829	-0.00468833973674	-0.0119667898631	-0.0288997770382	-0.0474528586139	0.0337454045589	0.0254481552722	0.00433997884218	0.00225587455564	-0.00171139243005	-0.0390932014159	0.0244755790274	-0.00341309413847	-0.0516266412868	0.0351933045819	-0.0351626456022	-0.0896184558974
k__Bacteria;p__Bacteroidetes;c__Bacteroidia;o__Bacteroidales;f__Bacteroidaceae;g__Bacteroides;s__Bacteroides_coprophilus	-0.00932535361943	-0.0310514760664	0.0440056745635	0.0407633140597	-0.0390833132741	0.0250868853289	-0.0481114831776	-0.0512000792478	-0.0902353982116	0.00705984644429	-0.0391912751724	-0.020750991461	-0.0235693161132	-0.0579378660461	-0.0112982303265	-0.0580089225349	-0.0369703104572	0.00467605695021	-0.0493008402773	0.036121235049	0.0329672944575	0.0533716977169	0.00846228060779	-0.0292724229815	0.00962150707503	1.0	0.0351827422135	0.0253404181066	0.00998196141281	0.058548107938	0.0558258235485	-0.0764864804771	0.0197888559729	-0.0853700009591	0.0278497187915	0.0282342977825	-0.103078020387	0.0424495921269	-0.0517059003635	0.0130684301056	-0.0346268084644	0.000409104650407	-0.0186894967362	0.0183514272699	-0.0268843498329	0.0112953710482	0.0190606947403	-0.059302255146	-0.0347889726604	0.0259435371487	-0.0305588721513	0.0132945030507	-0.0052861983564	-0.0494218562095	-0.00688809197756	-0.105204809465	0.0253800914999	-0.0274101722752	0.000182953661926
k__Bacteria;p__Firmicutes;c__Clostridia;o__Clostridiales;f__Lachnospiraceae;g__Roseburia;s__Roseburia_intestinalis	-0.0374303433471	-0.0188916505807	-0.0548837084911	-0.00117277827458	0.0199305355768	-0.0368246156955	0.0188845055251	-0.0239166948262	-0.0214095949613	-0.0274636537372	-0.0418223388414	0.0218784865759	-0.0153104752005	0.0401376012098	-0.0340774311763	-0.0309329340864	-0.0064699198935	0.0625946646173	0.0223497152228	-0.0622262758151	-0.0328969772579	0.00149814633555	0.0317303966939	-0.0637658384442	0.0700754727867	0.0351827422135	1.0	-0.0418546270041	-0.0176821773671	-0.0480861186791	-0.0368514392156	-0.00657089764584	-0.00616984143809	-0.044250687899	-0.0346693474549	-0.0300580082257	-0.0433543906428	0.00633541977835	0.00949498945464	-0.00318199110757	0.0507670542615	-0.052175414798	-0.0807602689023	-0.0281274164372	-0.0378407917912	0.00112933015849	-0.0425071838441	-0.00898373295388	0.0267089135305	0.0241167727329	-0.0176131559943	-0.0114636735508	-0.0737674111959	0.00456548871012	0.0131186266104	-0.0097969798729	-0.0128091895003	-0.0400588752286	0.0118018026505
k__Bacteria;p__Firmicutes;c__Clostridia;o__Clostridiales;f__Lachnospiraceae;g__Roseburia;s__Roseburia_hominis	0.104820033575	0.00417145026113	0.0194818978075	-0.0687378329623	-0.00554489060895	-0.0500701382404	0.0265140707479	-0.0666500693456	-0.00474155696428	-0.0061931570497	-0.0824773336044	-0.0105979376009	-0.0519631644535	-0.00295413822595	0.0224214970107	-0.0165618629259	-0.0598259045921	0.0525924625807	-0.0736276939393	-0.00682508186416	0.0174035775462	-0.0646788238915	-0.0748913545627	-0.0105802108614	0.0230763438994	0.0253404181066	-0.0418546270041	1.0	0.0367271467608	-0.0382853357837	0.0523295614752	0.00223363115821	-0.0198034980965	-0.0100381959061	0.0254655350969	-0.0312756147292	-0.0221063316211	-0.0391638941531	-0.00778039468113	0.000181883121442	0.0834566942213	-0.0532250903322	-0.0475496567795	0.0162220844555	-0.00311383226133	0.0296877615912	-0.0135917691627	-0.0340378743019	-0.0665942966063	0.0460525241666	0.0172648077666	0.0333691017242	0.0129849783956	0.0240234817063	-0.0648628492349	0.0120101783394	0.0165198653854	-0.0188116735575	-0.0296762854605
k__Bacteria;p__Bacteroidetes;c__Bacteroidia;o__Bacteroidales;f__Porphyromonadaceae;g__Parabacteroides;s__Parabacteroides_johnsonii	-0.00829838808914	-0.0555067858416	0.0117145155135	0.0304282914792	0.00196884030979	-0.016533000032	-0.032299858133	0.0143633017167	0.0248741747696	0.0290831697665	-0.014976719787	0.0224538557629	-0.0307578509793	0.0435152982719	-0.0604507345434	-0.031086509706	0.0333961378339	-0.0134463662567	-0.0145504914451	-0.0245058025989	0.000687825180241	-0.0198377146943	0.0171743478844	-0.0564893843427	-0.04721082607	0.00998196141281	-0.0176821773671	0.0367271467608	1.0	-0.0248153304144	-0.0981922783607	0.00390575406437	0.0447016613206	-0.003082941084	-0.0176147135234	0.0777495161425	0.0312562307058	0.0181403330849	-0.0229363615783	-0.00351670787138	0.0716305208787	0.0688131933266	-0.07991310811	-0.078267552577	0.0409819731109	-0.0164021128577	-0.0314946931051	-0.00136321335695	-0.0156217534129	-0.00590081915135	0.0470727529096	0.0226277479215	-0.0057393755742	-0.025856746211	-0.0193470356514	-0.0591974456815	-0.0114415325886	0.0154404565802	-0.000239536824743
k__Bacteria;p__Actinobacteria;c__Actinobacteria;o__Bifidobacteriales;f__Bifidobacteriaceae;g__Bifidobacterium;s__Bifidobacterium_longum	-0.0288604257535	0.0237913425916	-0.0570621458077	-0.018129030378	0.00523782609183	-0.0182352629182	-0.0269514310187	-0.0028764858847	0.0457897363026	0.0513623375428	-0.00132033011747	0.0183409190121	-0.0436250027614	-0.0322899814573	-0.0519166789722	0.0308991899261	-0.034460464256	-0.0100092432045	6.22226858233e-05	-0.0100759796017	0.0811349549855	-0.0236550447413	-0.0765619618062	0.00708034888579	-0.0112087926104	0.058548107938	-0.0480861186791	-0.0382853357837	-0.0248153304144	1.0	-0.00391087523096	0.0258728334132	-0.0189931450557	0.00890747952202	0.0141443009573	-0.0902695666771	0.00883246176636	0.0288024172106	-0.0964790485463	-0.0619474014527	0.077178217877	0.0537073813814	0.029407793183	0.0444124170502	-0.0127394395688	0.00504337901146	-0.0186746179856	-0.00103274311037	-0.0297793311397	-0.0100881546815	0.0103657720641	-0.0553356910397	-0.0514837780287	-0.0368287827789	0.0208021986018	0.0165321953063	0.015760499334	0.0375791952696	-0.0026745801756
