#taxonomy	k__Bacteria;p__Bacteroidetes;c__Bacteroidia;o__Bacteroidales;f__Bacteroidaceae;g__Bacteroides;s__Bacteroides_vulgatus	k__Bacteria;p__Bacteroidetes;c__Bacteroidia;o__Bacteroidales;f__Bacteroidaceae;g__Bacteroides;s__Bacteroides_uniformis	k__Bacteria;p__Bacteroidetes;c__Bacteroidia;o__Bacteroidales;f__Rikenellaceae;g__Alistipes;s__Alistipes_putredinis	k__Bacteria;p__Bacteroidetes;c__Bacteroidia;o__Bacteroidales;f__Prevotellaceae;g__Prevotella;s__Prevotella_copri	k__Bacteria;p__Bacteroidetes;c__Bacteroidia;o__Bacteroidales;f__Bacteroidaceae;g__Bacteroides;s__Bacteroides_stercoris	k__Bacteria;p__Bacteroidetes;c__Bacteroidia;o__Bacteroidales;f__Bacteroidaceae;g__Bacteroides;s__Bacteroides_ovatus	k__Bacteria;p__Bacteroidetes;c__Bacteroidia;o__Bacteroidales;f__Rikenellaceae;g__Alistipes;s__Alistipes_shahii	k__Bacteria;p__Firmicutes;c__Clostridia;o__Clostridiales;f__Ruminococcaceae;g__Faecalibacterium;s__Faecalibacterium_prausnitzii	k__Bacteria;p__Bacteroidetes;c__Bacteroidia;o__Bacteroidales;f__Rikenellaceae;g__Alistipes;s__Alistipes_finegoldii	k__Bacteria;p__Bacteroidetes;c__Bacteroidia;o__Bacteroidales;f__Porphyromonadaceae;g__Parabacteroides;s__Parabacteroides_distasonis	k__Bacteria;p__Bacteroidetes;c__Bacteroidia;o__Bacteroidales;f__Bacteroidaceae;g__Bacteroides;s__Bacteroides_thetaiotaomicron	k__Bacteria;p__Bacteroidetes;c__Bacteroidia;o__Bacteroidales;f__Bacteroidaceae;g__Bacteroides;s__Bacteroides_coprocola	k__Bacteria;p__Bacteroidetes;c__Bacteroidia;o__Bacteroidales;f__Bacteroidaceae;g__Bacteroides;s__Bacteroides_cellulosilyticus	k__Bacteria;p__Bacteroidetes;c__Bacteroidia;o__Bacteroidales;f__Rikenellaceae;g__Alistipes;s__Alistipes_obesi	k__Bacteria;p__Firmicutes;c__Clostridia;o__Clostridiales;f__Lachnospiraceae;g__;s__[Eubacterium]_rectale	k__Bacteria;p__Bacteroidetes;c__Bacteroidia;o__Bacteroidales;f__Bacteroidaceae;g__Bacteroides;s__Bacteroides_plebeius	k__Bacteria;p__Bacteroidetes;c__Bacteroidia;o__Bacteroidales;f__Bacteroidaceae;g__Bacteroides;s__Bacteroides_fragilis	k__Bacteria;p__Proteobacteria;c__Betaproteobacteria;o__Burkholderiales;f__Sutterellaceae;g__Sutterella;s__Sutterella_wadsworthensis	k__Bacteria;p__Bacteroidetes;c__Bacteroidia;o__Bacteroidales;f__Porphyromonadaceae;g__Barnesiella;s__Barnesiella_intestinihominis	k__Bacteria;p__Bacteroidetes;c__Bacteroidia;o__Bacteroidales;f__Odoribacteraceae;g__Odoribacter;s__Odoribacter_splanchnicus	k__Bacteria;p__Bacteroidetes;c__Bacteroidia;o__Bacteroidales;f__Bacteroidaceae;g__Bacteroides;s__Bacteroides_salyersiae	k__Bacteria;p__Firmicutes;c__Clostridia;o__Clostridiales;f__Ruminococcaceae;g__Ruminiclostridium;s__[Eubacterium]_siraeum	k__Bacteria;p__Proteobacteria;c__Betaproteobacteria;o__Burkholderiales;f__Sutterellaceae;g__Parasutterella;s__Parasutterella_excrementihominis	k__Bacteria;p__Actinobacteria;c__Actinobacteria;o__Bifidobacteriales;f__Bifidobacteriaceae;g__Bifidobacterium;s__Bifidobacterium_adolescentis	k__Bacteria;p__Firmicutes;c__Clostridia;o__Clostridiales;f__Oscillospiraceae;g__Oscillibacter;s__Oscillibacter_sp._KLE_1745	k__Bacteria;p__Bacteroidetes;c__Bacteroidia;o__Bacteroidales;f__Bacteroidaceae;g__Bacteroides;s__Bacteroides_coprophilus	k__Bacteria;p__Firmicutes;c__Clostridia;o__Clostridiales;f__Lachnospiraceae;g__Roseburia;s__Roseburia_intestinalis	k__Bacteria;p__Firmicutes;c__Clostridia;o__Clostridiales;f__Lachnospiraceae;g__Roseburia;s__Roseburia_hominis	k__Bacteria;p__Bacteroidetes;c__Bacteroidia;o__Bacteroidales;f__Porphyromonadaceae;g__Parabacteroides;s__Parabacteroides_johnsonii	k__Bacteria;p__Actinobacteria;c__Actinobacteria;o__Bifidobacteriales;f__Bifidobacteriaceae;g__Bifidobacterium;s__Bifidobacterium_longum	k__Bacteria;p__Firmicutes;c__Clostridia;o__Clostridiales;f__;g__Flavonifractor;s__Flavonifractor_plautii	k__Bacteria;p__Firmicutes;c__Clostridia;o__Clostridiales;f__Clostridiaceae;g__Clostridium;s__Clostridium_phoceensis	k__Bacteria;p__Verrucomicrobia;c__Verrucomicrobiae;o__Verrucomicrobiales;f__Akkermansiaceae;g__Akkermansia;s__Akkermansia_muciniphila	k__Bacteria;p__Bacteroidetes;c__Bacteroidia;o__Bacteroidales;f__Prevotellaceae;g__Paraprevotella;s__Paraprevotella_xylaniphila	k__Bacteria;p__Firmicutes;c__Clostridia;o__Clostridiales;f__Ruminococcaceae;g__Ruminococcus;s__Ruminococcus_callidus	k__Bacteria;p__Bacteroidetes;c__Bacteroidia;o__Bacteroidales;f__Rikenellaceae;g__Alistipes;s__Alistipes_senegalensis	k__Bacteria;p__Firmicutes;c__Clostridia;o__Clostridiales;f__Lachnospiraceae;g__Blautia;s__Blautia_sp._KLE_1732	k__Bacteria;p__Bacteroidetes;c__Bacteroidia;o__Bacteroidales;f__Bacteroidaceae;g__Bacteroides;s__Bacteroides_oleiciplenus	k__Bacteria;p__Firmicutes;c__Clostridia;o__Clostridiales;f__Ruminococcaceae;g__Ruminococcus;s__Ruminococcus_bicirculans	k__Bacteria;p__Bacteroidetes;c__Bacteroidia;o__Bacteroidales;f__Bacteroidaceae;g__Bacteroides;s__Bacteroides_fluxus	k__Bacteria;p__Bacteroidetes;c__Bacteroidia;o__Bacteroidales;f__Prevotellaceae;g__Prevotella;s__Prevotella_stercorea	k__Bacteria;p__Firmicutes;c__Clostridia;o__Clostridiales;f__Lachnospiraceae;g__Dorea;s__Dorea_longicatena	k__Bacteria;p__Firmicutes;c__Clostridia;o__Clostridiales;f__Eubacteriaceae;g__Eubacterium;s__[Eubacterium]_eligens	k__Bacteria;p__Firmicutes;c__Clostridia;o__Clostridiales;f__Ruminococcaceae;g__;s__Ruminococcaceae_bacterium_D16	k__Bacteria;p__Firmicutes;c__Clostridia;o__Clostridiales;f__Lachnospiraceae;g__Coprococcus;s__Coprococcus_comes	k__Bacteria;p__Proteobacteria;c__Gammaproteobacteria;o__Enterobacterales;f__Enterobacteriaceae;g__Escherichia;s__Escherichia_coli	k__Bacteria;p__Firmicutes;c__Clostridia;o__Clostridiales;f__Ruminococcaceae;g__Anaerotruncus;s__Anaerotruncus_colihominis	k__Bacteria;p__Firmicutes;c__Clostridia;o__Clostridiales;f__Lachnospiraceae;g__Blautia;s__Blautia_obeum	k__Bacteria;p__Bacteroidetes;c__Bacteroidia;o__Bacteroidales;f__Odoribacteraceae;g__Odoribacter;s__Odoribacter_laneus	k__Bacteria;p__Firmicutes;c__Clostridia;o__Clostridiales;f__Ruminococcaceae;g__Ruminiclostridium;s__[Clostridium]_leptum	k__Bacteria;p__Bacteroidetes;c__Bacteroidia;o__Bacteroidales;f__Porphyromonadaceae;g__Parabacteroides;s__Parabacteroides_goldsteinii	k__Bacteria;p__Firmicutes;c__Clostridia;o__Clostridiales;f__Lachnospiraceae;g__Anaerostipes;s__Anaerostipes_hadrus	k__Bacteria;p__Firmicutes;c__Clostridia;o__Clostridiales;f__Ruminococcaceae;g__Ruminococcus;s__Ruminococcus_lactaris	k__Bacteria;p__Firmicutes;c__Clostridia;o__Clostridiales;f__Clostridiaceae;g__Clostridium;s__Clostridium_sp._L2-50	k__Bacteria;p__Firmicutes;c__Clostridia;o__Clostridiales;f__Clostridiaceae;g__Clostridium;s__Clostridium_sp._M62/1	k__Bacteria;p__Firmicutes;c__Clostridia;o__Clostridiales;f__;g__Intestinimonas;s__Intestinimonas_butyriciproducens	k__Bacteria;p__Actinobacteria;c__Actinobacteria;o__Bifidobacteriales;f__Bifidobacteriaceae;g__Bifidobacterium;s__Bifidobacterium_bifidum	k__Bacteria;p__Firmicutes;c__Negativicutes;o__Veillonellales;f__Veillonellaceae;g__Dialister;s__Dialister_invisus	k__Bacteria;p__Bacteroidetes;c__Bacteroidia;o__Bacteroidales;f__Bacteroidaceae;g__Bacteroides;s__Bacteroides_salanitronis
k__Bacteria;p__Bacteroidetes;c__Bacteroidia;o__Bacteroidales;f__Bacteroidaceae;g__Bacteroides;s__Bacteroides_vulgatus	1.0	-0.0356922260974	-0.00218189966239	-0.031434133602	0.032918432446	0.0341778404134	0.0147645789999	0.00526520161964	-0.0274936819026	-0.0461486408754	-0.029429011681	0.0118090688702	0.0140779771397	-0.0307910402119	-0.0178372469746	-0.0460107134495	0.0284194482134	-0.0372644046639	-0.0251333715953	-0.0392957686869	0.0315310684545	-0.0288532167739	-0.0765356033077	-0.0694441539898	0.0121549127838	0.012327295358	-0.0114018077567	0.0140789261665	-0.00531551589229	0.0292357698448	0.00131673291319	-0.000640254345953	0.0181075843789	0.00658142393121	0.0711235110267	-0.0528449146607	-0.0317618417529	0.00750068039545	0.0297635284512	-0.0388619814983	0.00839917466907	-0.0151086767981	-0.0741256138686	0.000712901344932	-0.039768978481	0.024158534641	0.020586899559	0.0536729833245	0.0387564829517	-0.0286456568789	-0.0212190325627	-0.00811084554273	-0.00030082598389	-0.0301589818203	-0.0171190144858	0.0722513670836	-0.0198410957655	-0.0815883792565	-0.0579197817648
k__Bacteria;p__Bacteroidetes;c__Bacteroidia;o__Bacteroidales;f__Bacteroidaceae;g__Bacteroides;s__Bacteroides_uniformis	-0.0356922260974	1.0	-0.0275943951661	0.0069641853133	0.0402117640861	-0.021243966746	-0.0247356118944	0.0896720319153	0.0124797830657	-0.0629248767134	0.0490648764232	-0.021948822742	-0.0818980148375	0.0178898719088	-0.0637235857014	0.0481040045584	0.0179614305932	-0.000380337386952	0.05470582143	-0.0348713013723	-0.0105509816866	0.0159915591535	0.0164078496428	0.00587441848637	0.0352827608455	0.0408165840011	-0.032410045097	0.012118649592	-0.0151174278607	0.0200630002198	0.0328625307749	-0.00148941199333	-0.0526425950482	-0.0225469246902	0.030512838944	-0.0564647863521	-0.0240543740718	-0.0550468546888	-0.00919628128423	-0.0209478685524	-0.0141503523321	-0.0424164778935	-0.0530770000493	0.0263413235882	-0.0880362951175	-0.0317555107405	-0.00257653694775	0.00977701249479	-0.012148897533	-0.0173210920155	0.0165663213861	-0.066756706025	0.046867091062	-0.00931881757386	-0.00553971621224	0.0343630647348	-0.0364349284332	0.000977410454631	-0.071799608835
k__Bacteria;p__Bacteroidetes;c__Bacteroidia;o__Bacteroidales;f__Rikenellaceae;g__Alistipes;s__Alistipes_putredinis	-0.00218189966239	-0.0275943951661	1.0	0.103105003211	0.0262468797335	-0.0382728742046	-0.0167087786022	-0.0283635095801	-0.0270332537697	-0.084066687503	-0.0572688092322	0.0506594722688	0.0351115475632	0.00730575731392	0.0630650707725	-0.0290941171364	-0.0106002390848	0.0698925611554	-0.00754685405047	-0.0164151060271	-0.0341255955985	0.00494618429619	-0.00952123881342	-0.0209483602483	0.0309110152814	-0.0529680049015	-0.0464843164137	-0.0487824872678	-0.0896404830269	-0.0458717489153	-0.0195156941859	-0.0507374268142	-0.00149703633679	-0.033423644279	-0.0196719522857	0.027525532293	0.0421752650692	-0.0564184058742	-0.0175098599583	0.00320925461111	-0.021039840617	-0.107953757006	-0.0964529060667	-0.00655073653631	-0.0363900475355	-0.0599145301035	0.0870487550695	-0.0207233080983	-0.00801119039774	0.0222025205959	-0.0421768184911	0.00951591345789	-0.00202784983687	0.0204326857567	-0.00497905591029	0.0183579122668	-0.0384454788405	0.0606290208687	-0.00101302371977
k__Bacteria;p__Bacteroidetes;c__Bacteroidia;o__Bacteroidales;f__Prevotellaceae;g__Prevotella;s__Prevotella_copri	-0.031434133602	0.0069641853133	0.103105003211	1.0	-0.0585797738292	-0.00359597820929	0.00956542394453	0.0494303586579	-0.0132581732124	0.0586035269045	-0.0291393990216	0.00133761981581	-0.0283770007879	0.0197549845243	-0.0291283053827	0.0440195515692	-0.0065617525712	0.0605439682937	-0.0200717692009	0.00795742457259	0.00195500327122	0.00185452637298	0.0145246563161	0.0256655832466	0.0131637939202	-0.0548754731525	-0.00257178273515	-0.0598973764809	0.0262072961801	-0.0303204563043	-0.00377708417162	0.00513328463109	0.0282086950731	-0.0251566865841	-0.0471988662641	-0.0124114923815	-0.0248733549225	-0.0459593778206	-0.0197504145214	0.00221226807703	0.00806260641677	-0.0403404312259	-0.00513150921332	0.0224481767297	-0.0421745861452	-0.000963378562586	0.000407843976938	-0.0255042955512	-0.0147657402978	-0.037052267237	0.0159914274926	-0.0415137432697	-0.0389107590183	-0.0263103858836	-0.0143464270768	0.00185811418973	0.0165092799808	0.0101265020914	0.0323387241271
k__Bacteria;p__Bacteroidetes;c__Bacteroidia;o__Bacteroidales;f__Bacteroidaceae;g__Bacteroides;s__Bacteroides_stercoris	0.032918432446	0.0402117640861	0.0262468797335	-0.0585797738292	1.0	-0.0927255614391	-0.0292975605593	-0.0913249238444	0.026124672667	-0.118253878424	0.0443587778823	0.0220093295272	-0.0131044777869	-0.0212275185546	-0.000348529878571	-0.0155027297829	-0.000474564660094	-0.0212466734703	-0.038069698435	-0.0181736384123	-0.0192493365065	-0.00896800699828	-0.0348842145943	-0.0356986080897	-0.0221433731914	-0.101651368139	-0.0122474113731	0.000683864669671	-0.0152852594817	0.023497329843	-0.0245289334095	-0.0263291474307	-0.00249943109914	-0.0133142537206	0.0113233349168	0.0746354488555	0.0319216919592	0.0265236099998	-0.0349908580535	0.00267986954583	0.0385307765785	0.0349631919749	0.030407959468	-0.0503436169941	0.0313765466949	0.0629664648796	-0.0854296792995	0.0296485113743	0.00189623420198	0.0261379628053	-0.0333263688513	-0.0171670709067	-0.0448672709514	0.00846755163862	0.0127285303441	-0.0662819456483	-0.0292210653362	0.0214939225492	-0.0153346960968
k__Bacteria;p__Bacteroidetes;c__Bacteroidia;o__Bacteroidales;f__Bacteroidaceae;g__Bacteroides;s__Bacteroides_ovatus	0.0341778404134	-0.021243966746	-0.0382728742046	-0.00359597820929	-0.0927255614391	1.0	-0.00930443570005	0.0653833248988	-0.0845330941663	-0.0103785186347	-0.1078445006	0.0162777044114	0.0441411653146	0.0335059636537	-0.0440076413769	0.0162080525158	-0.0501611495878	-0.0537713513235	-0.00454963489464	-0.0464674183022	0.0420659270231	0.0129694368919	-0.00761739345585	0.015467898485	-0.0065880384674	-0.00178783489911	0.011974058734	-0.0392797644608	0.0428517459077	0.000123490559898	-0.0241155229372	0.0495790231268	0.0317138222982	-0.0400033553119	-0.021389353073	0.02322987126	-0.0236967488484	-0.0159319935913	-0.0123823429914	-0.0329687541412	-0.0129754026459	0.0130578848769	0.0064807361844	-0.0287348467033	0.00243728426146	-0.0138081350553	-0.0384320455125	-0.0162086325816	0.000119050378808	-0.00774921700978	-0.0495217962784	-0.0587172062811	0.0482735140423	-0.0169393129568	-0.0206640013644	0.0471321070514	-0.00233239021696	-0.032214092943	-0.0125894143195
k__Bacteria;p__Bacteroidetes;c__Bacteroidia;o__Bacteroidales;f__Rikenellaceae;g__Alistipes;s__Alistipes_shahii	0.0147645789999	-0.0247356118944	-0.0167087786022	0.00956542394453	-0.0292975605593	-0.00930443570005	1.0	-0.0184953985446	-0.0319669355349	0.0617353917128	-0.0485894432991	-0.103413250341	-0.0160122130668	-0.00796836323586	0.014409155926	0.022754679373	-0.0614715716919	-0.037948636627	0.0684951930998	0.00104535163126	0.0507134052261	-0.0185176544033	0.0141528656504	-0.0169137270954	0.0632315128888	-0.0451236735521	-0.0301548983885	-0.0567115093996	0.00140166717845	-0.0281336563327	-0.0480166372238	-0.0170958892508	-0.0200140153499	-0.00582702765834	0.0141164261463	-0.0189288320498	-0.0664928361034	-0.0451275928675	0.0361433866856	-0.0485104126409	0.0203207956797	-0.0281395588311	-0.0382013440141	-0.0569881763363	0.0125055665676	0.00984830609792	0.00716414904781	-0.0557677665853	-0.0102695106292	0.0274776353022	-0.0756107324588	-0.0523481159115	0.0243543219365	0.0140104290676	-0.0477109553467	-0.0552628766818	0.027451414312	-0.0327927782966	0.0727123016316
k__Bacteria;p__Firmicutes;c__Clostridia;o__Clostridiales;f__Ruminococcaceae;g__Faecalibacterium;s__Faecalibacterium_prausnitzii	0.00526520161964	0.0896720319153	-0.0283635095801	0.0494303586579	-0.0913249238444	0.0653833248988	-0.0184953985446	1.0	-0.0336509175767	-0.0326529032631	0.0209447196989	-0.0154013441238	-0.00316812091585	0.000814578883841	-0.0233008891942	-0.061510408059	0.0357249822786	0.028101763752	0.053534142976	-0.0114794112425	0.025644907216	-0.0198548547146	0.00510099341009	0.023717031745	0.0122923310546	-0.0464310354771	-0.0628202971492	-0.00285321272495	-0.0597476546017	0.0621812847236	-0.0222542440335	-0.0430291859888	-0.0152590553083	0.0246481113551	-0.0133946530687	-0.0505962833247	0.00796999547314	-0.0205627615698	0.012306267305	-0.0229326122316	0.00540584435526	0.0161917186761	-0.0510084724436	0.00295810567467	-0.0400848858078	-0.0231937047385	0.0273074910828	-0.0189909871024	-0.0254503952903	-0.0132553180811	0.0534481484023	-0.0428324983521	-0.0126863403515	-0.0692239322952	0.0496244989274	0.00373541227314	-0.0419531376232	-0.0274179248887	0.0492844104508
k__Bacteria;p__Bacteroidetes;c__Bacteroidia;o__Bacteroidales;f__Rikenellaceae;g__Alistipes;s__Alistipes_finegoldii	-0.0274936819026	0.0124797830657	-0.0270332537697	-0.0132581732124	0.026124672667	-0.0845330941663	-0.0319669355349	-0.0336509175767	1.0	0.0520505005737	0.0302663766008	0.00172845806165	-0.0275326251487	-0.0810815034632	-0.0475873226228	-0.0214229052556	-0.0226911260187	-0.0510419441516	-0.00603300951869	-0.0349204163023	0.0442290443334	-0.045091651505	0.0552452924335	-0.022835347741	-0.0568773872843	-0.023030489453	-0.0287878572832	-0.00247253414086	0.0372243673535	-0.0531752806047	0.0379568688814	-0.0445922933011	-0.0467115620868	-0.0205602732403	0.0703380934927	-0.0292838974495	0.0429390795042	-0.00147192965181	-0.0150452033528	-0.0429167957473	-0.0325806228074	-0.0804763676213	0.0245486613613	-0.00872970287679	-0.0587867732454	-0.0455821625259	0.0155921178573	-0.0556852864149	0.0111721079372	0.0512662875816	0.0491118169073	0.0254237988409	-0.027727650559	-0.00868863132634	-0.00596621264278	-0.0952580599445	0.01685770561	0.0342510001144	-0.0439808254662
k__Bacteria;p__Bacteroidetes;c__Bacteroidia;o__Bacteroidales;f__Porphyromonadaceae;g__Parabacteroides;s__Parabacteroides_distasonis	-0.0461486408754	-0.0629248767134	-0.084066687503	0.0586035269045	-0.118253878424	-0.0103785186347	0.0617353917128	-0.0326529032631	0.0520505005737	1.0	-0.0563862876114	0.0682103222073	-0.0106251625223	0.0486898429637	-0.0172145497902	-0.0328747789531	-0.0455265712896	-0.0546568985141	0.02437797025	-0.0670540504859	0.0068748502572	0.0367328093545	-0.0718878856845	0.00707128712189	-0.0913459938258	-0.0450142651891	0.030343701761	-0.0770564555469	-0.0530103929466	0.0293425292791	0.0092387438501	-0.0409526899383	-0.0445650971813	-0.0205310686776	-0.0228734752733	-0.00449489020673	0.0117722361969	-0.0249118394745	-0.0313978264445	-0.0343032107066	-0.0252415276084	-0.028625812121	0.0204993363556	-0.0142733574503	0.0111921903525	0.00717498955071	-0.0573591727925	0.0170258325633	-0.0437452275473	-0.0245829499392	0.0217928374147	-0.0106318432791	-0.0414777939733	0.0145743096838	0.0035459590463	0.0586989285423	0.0131848464292	0.0133396180167	0.00150298082071
k__Bacteria;p__Bacteroidetes;c__Bacteroidia;o__Bacteroidales;f__Bacteroidaceae;g__Bacteroides;s__Bacteroides_thetaiotaomicron	-0.029429011681	0.0490648764232	-0.0572688092322	-0.0291393990216	0.0443587778823	-0.1078445006	-0.0485894432991	0.0209447196989	0.0302663766008	-0.0563862876114	1.0	-0.0447544544102	0.0339661350491	-0.0302579210592	-0.00961988417335	-0.00678965974096	0.0105015419504	0.0196217981735	-0.0145501047693	0.00934663020755	-0.0659772096495	0.0184128337338	-0.0321590788061	-0.0241566046583	0.0456037072667	0.0142974495997	-0.0164505781351	0.00559031986067	-0.0104322949717	0.0787620010861	-0.131332848751	-0.0250067987385	-0.0597937991944	0.00395133622852	0.0104440989928	0.00873559452448	0.0289669788663	0.00293372103522	-0.0260510717476	-0.0423138108007	0.0144041372222	-0.0054945042634	0.069696438167	0.0690497412861	-0.0414961070802	-0.0199595064837	0.0283608102052	-0.0266667439305	0.045610161588	-0.0111954325554	-0.0416385567016	-0.0473828999555	0.0232600909355	0.0218852212886	-0.0307173838181	-0.0283889510706	0.0182259929873	-0.0559930484776	-0.0173455376715
k__Bacteria;p__Bacteroidetes;c__Bacteroidia;o__Bacteroidales;f__Bacteroidaceae;g__Bacteroides;s__Bacteroides_coprocola	0.0118090688702	-0.021948822742	0.0506594722688	0.00133761981581	0.0220093295272	0.0162777044114	-0.103413250341	-0.0154013441238	0.00172845806165	0.0682103222073	-0.0447544544102	1.0	-0.00108089649765	0.0289559604258	0.0285744779169	-0.0117959002442	-0.0315614766345	0.092752398966	-0.0303116411327	-0.0160892195731	-0.034163320142	-0.0117953777969	-0.0896938437782	0.0123472690177	-0.0673784243872	-0.0144375354722	0.0115495026753	-0.00163524635594	-0.0433007381945	-0.00643257110396	-0.00835370457112	-0.051206666345	-0.0184163688357	0.0677156687423	-0.0219279589366	0.00291638161534	0.0175417191023	0.0270928886234	-0.0382863731158	0.0389438304651	-0.0590472655162	-0.0223023007597	-0.0751124550991	0.0443787966188	-0.0108223862766	-0.0273394723193	-0.0175895087817	0.0601785892585	-0.0283143984803	-0.0290653634601	-0.0112474854372	0.0169438064105	0.0166200386279	0.0300683246741	-0.00946556676139	-0.0808854480881	-0.0745794437828	-0.0240208988695	0.0580903398785
k__Bacteria;p__Bacteroidetes;c__Bacteroidia;o__Bacteroidales;f__Bacteroidaceae;g__Bacteroides;s__Bacteroides_cellulosilyticus	0.0140779771397	-0.0818980148375	0.0351115475632	-0.0283770007879	-0.0131044777869	0.0441411653146	-0.0160122130668	-0.00316812091585	-0.0275326251487	-0.0106251625223	0.0339661350491	-0.00108089649765	1.0	-0.0610556738526	-0.00308237988287	0.0442773989045	-0.00322141990431	0.0422124324169	-0.0597190129406	0.0590762794394	0.0206290204146	0.00172621746794	-0.0475315415664	-0.0462852120864	0.0144254941492	0.0325070498132	-0.0018778425638	-0.0191198083575	-0.0584760203424	0.0210199434801	0.0169748499492	-0.0240428124622	-0.0650522444355	-0.0969835006289	-0.0112134298067	-0.0328449171693	-0.0081153692188	0.00206509136285	-0.0954519361128	-0.0231908071515	-0.0106483223577	-0.0460629419024	0.0296099572814	-0.0623225883603	0.0250940364769	-0.0058738195515	0.0277996204456	0.00706293951769	0.0193992799061	-0.0583183281093	-0.0555688637263	-0.0237010601208	0.0975723385648	-0.0638719701123	-0.019007326099	0.0209208298032	-0.019272720792	-0.0493823444298	-0.0255212500681
k__Bacteria;p__Bacteroidetes;c__Bacteroidia;o__Bacteroidales;f__Rikenellaceae;g__Alistipes;s__Alistipes_obesi	-0.0307910402119	0.0178898719088	0.00730575731392	0.0197549845243	-0.0212275185546	0.0335059636537	-0.00796836323586	0.000814578883841	-0.0810815034632	0.0486898429637	-0.0302579210592	0.0289559604258	-0.0610556738526	1.0	-0.0166693146214	-0.00061422182068	-0.0100981340452	0.0784893826677	-0.00738595200715	-0.0750755479675	-0.0100280522448	0.031459141292	-0.0776312244585	0.0395902546872	-0.0164384813869	-0.0341465502905	-0.00513888069315	-0.0693140461544	-0.0411729482002	-0.0380757081603	-0.0247424839899	-0.0221143881116	0.0411809077103	-0.00573388431094	-0.0878072238825	0.00557696105427	-0.00331602048248	-0.00414152205015	0.00614763061064	0.0291541276395	0.0117407837734	-0.0126591703364	-0.0600212481599	0.0023340360408	-0.0495767697543	-0.0413795709797	0.0201788804787	0.055888621489	-0.0714643218615	0.0546502309315	-0.0168091394696	0.0464949342288	0.0208934137359	-0.0182282423183	-0.0172836927741	0.0305881678864	-0.0047101544895	0.00635618672361	0.0824423462679
k__Bacteria;p__Firmicutes;c__Clostridia;o__Clostridiales;f__Lachnospiraceae;g__;s__[Eubacterium]_rectale	-0.0178372469746	-0.0637235857014	0.0630650707725	-0.0291283053827	-0.000348529878571	-0.0440076413769	0.014409155926	-0.0233008891942	-0.0475873226228	-0.0172145497902	-0.00961988417335	0.0285744779169	-0.00308237988287	-0.0166693146214	1.0	-0.00898534001047	0.0504666489183	-0.0537699309206	-0.0540875175527	0.0320745083633	0.0157506955482	-0.0650961097049	-0.0406815913909	-0.0509152409931	-0.0478300348919	-0.0356815642212	0.00104465255399	-0.0560423047343	0.0683259226524	-0.00981534382857	0.0365797904515	0.0017537097756	-0.00138188749663	-0.0618971407839	0.0585612050522	-0.0106713567434	0.0584632258624	-0.0292873739974	0.0350517756538	-0.0241754220926	-0.000276295689401	-0.0237858917037	0.027130345983	-0.0296623715059	0.00140699315107	-0.0083586886968	-0.0283853213057	-0.000461891230451	-0.00511525007075	0.0523973350397	-0.0122733641647	-0.0107029477428	0.0432918173733	-0.0461349741728	-0.0258385140826	-0.0772623313544	-0.0484054494919	0.0208332460687	-0.0328974079859
k__Bacteria;p__Bacteroidetes;c__Bacteroidia;o__Bacteroidales;f__Bacteroidaceae;g__Bacteroides;s__Bacteroides_plebeius	-0.0460107134495	0.0481040045584	-0.0290941171364	0.0440195515692	-0.0155027297829	0.0162080525158	0.022754679373	-0.061510408059	-0.0214229052556	-0.0328747789531	-0.00678965974096	-0.0117959002442	0.0442773989045	-0.00061422182068	-0.00898534001047	1.0	0.00129457077832	0.0088779650029	-0.0915070751627	-0.00778478159875	0.0344058844259	-0.021521829399	0.0247230144544	-0.0137192732912	0.0338651716107	0.0407039165054	-0.00698777063621	0.04314824259	0.11167493912	0.0241598994525	-0.0427361004149	-0.0304866872366	-0.0267984861852	0.01297944047	0.0054393364988	-0.0295675521513	-0.0181389664421	-0.0225101507746	-0.04617071146	0.0352188457942	-0.0436184445207	-0.0260030340645	-0.0252169975886	-0.014094285969	-0.0441963085236	0.0556282451831	-0.0107085227921	0.068233811786	0.0101211889335	-0.0334877219228	-0.0137191480407	-0.0630935220587	-0.0668125848567	-0.0388338401124	-0.0300628844027	0.0539854543849	-0.0303459452873	-0.0280772157295	-0.0731078440904
k__Bacteria;p__Bacteroidetes;c__Bacteroidia;o__Bacteroidales;f__Bacteroidaceae;g__Bacteroides;s__Bacteroides_fragilis	0.0284194482134	0.0179614305932	-0.0106002390848	-0.0065617525712	-0.000474564660094	-0.0501611495878	-0.0614715716919	0.0357249822786	-0.0226911260187	-0.0455265712896	0.0105015419504	-0.0315614766345	-0.00322141990431	-0.0100981340452	0.0504666489183	0.00129457077832	1.0	-0.0154063778103	-0.0524772322008	0.00604876845318	-0.0833353590177	-0.029664812131	-0.021198904262	-0.00603634229684	0.00989340506461	-0.0163177734169	0.0132714949621	-0.0592709349886	0.0140556677958	-0.0463006532189	0.0104830378083	-0.0472621997275	0.0725618990709	-0.0530328311614	0.00292708284815	-0.0157727528897	-0.0242572472442	0.00245145972093	-0.0196493033183	0.0056857094612	0.0165865309572	-0.0969412863871	-0.0325252864821	0.0154507034776	-0.0109707600169	-0.0459204562447	0.000466904812556	-0.0534688713648	0.0354063309961	-0.048492290634	-0.0449981992998	5.30961433954e-05	-0.0419267198169	0.0744780194188	0.00273277696418	0.00823484189201	-0.106247787031	0.0827117332648	0.0151498340877
k__Bacteria;p__Proteobacteria;c__Betaproteobacteria;o__Burkholderiales;f__Sutterellaceae;g__Sutterella;s__Sutterella_wadsworthensis	-0.0372644046639	-0.000380337386952	0.0698925611554	0.0605439682937	-0.0212466734703	-0.0537713513235	-0.037948636627	0.028101763752	-0.0510419441516	-0.0546568985141	0.0196217981735	0.092752398966	0.0422124324169	0.0784893826677	-0.0537699309206	0.0088779650029	-0.0154063778103	1.0	-0.0026329035092	0.0302088800402	-0.0048389394374	0.0195175952432	0.0120144718754	0.00760368073692	-0.0103921076883	0.025128269309	-0.00862750305616	0.0244919030287	0.0148531578534	-0.0304856199942	-0.00543138037233	-0.0284121025924	0.023574010812	0.0160663715361	0.0413617916449	0.0277271765531	-0.0170920174705	-0.0784950895689	-0.00455703420779	0.0322300676741	0.0263308393513	-0.0204628243617	-0.0981641552943	-0.0117136819171	0.0254043501634	0.0215566849705	-0.0173786456148	-0.044481545913	-0.0421629280712	-0.0196103898568	-0.00165182456748	-0.0214111261913	-0.0656135178254	0.00240295353654	-0.0135642818259	-0.0181656744402	-0.0193579618828	0.0203687405668	0.0460448552012
k__Bacteria;p__Bacteroidetes;c__Bacteroidia;o__Bacteroidales;f__Porphyromonadaceae;g__Barnesiella;s__Barnesiella_intestinihominis	-0.0251333715953	0.05470582143	-0.00754685405047	-0.0200717692009	-0.038069698435	-0.00454963489464	0.0684951930998	0.053534142976	-0.00603300951869	0.02437797025	-0.0145501047693	-0.0303116411327	-0.0597190129406	-0.00738595200715	-0.0540875175527	-0.0915070751627	-0.0524772322008	-0.0026329035092	1.0	-0.00722878296194	0.0432489233104	-0.0367511023133	-0.00707465547232	0.0890127528416	0.0117125629066	-0.0470107122476	-0.00346791751735	-0.0116249864457	-0.0369416852154	0.0517876206536	-0.0892134526014	0.0711802484859	-0.0113603991307	-0.00527375637979	-0.0543669556551	0.0375169244516	-0.00845305796212	-0.00126448442138	0.000341431194939	-0.00200911281714	0.00220444423664	-0.0222489781275	0.0469998561057	0.0504000424267	-0.0189672665381	0.0365352875167	-0.00356273268412	-0.019019354364	0.0259733778275	-0.0374646920518	-0.0186366051503	-0.0617420574893	-0.0135900186869	-0.00696328204563	0.0380461257756	0.0632336533199	0.026654863666	-0.0362353411989	-0.0321479789672
k__Bacteria;p__Bacteroidetes;c__Bacteroidia;o__Bacteroidales;f__Odoribacteraceae;g__Odoribacter;s__Odoribacter_splanchnicus	-0.0392957686869	-0.0348713013723	-0.0164151060271	0.00795742457259	-0.0181736384123	-0.0464674183022	0.00104535163126	-0.0114794112425	-0.0349204163023	-0.0670540504859	0.00934663020755	-0.0160892195731	0.0590762794394	-0.0750755479675	0.0320745083633	-0.00778478159875	0.00604876845318	0.0302088800402	-0.00722878296194	1.0	0.00345053872298	0.00110323150517	-0.0103529369152	-0.014761094151	0.0155874317691	0.0235152593566	0.0359843675763	0.0296345966192	0.0836343981613	-0.00126936637819	0.00245209399271	0.0424702401443	-0.0300446190826	-0.024842871261	-0.0748279700379	-0.0518026922692	-0.00747213125535	-0.0339342414383	-0.0168030053323	-0.00930188469684	-0.0316626937245	0.0351166757035	-0.00679791964919	-0.0291209880858	-0.0136406151815	-0.102254844315	0.0302747835899	-0.0601427510333	0.00451954667009	-0.0478722264684	0.0378394785887	0.0227786387253	-0.00045371367542	-0.0246606632005	0.0556746687381	-0.038773060323	0.0441236769568	0.0380341431487	-0.0832359181085
k__Bacteria;p__Bacteroidetes;c__Bacteroidia;o__Bacteroidales;f__Bacteroidaceae;g__Bacteroides;s__Bacteroides_salyersiae	0.0315310684545	-0.0105509816866	-0.0341255955985	0.00195500327122	-0.0192493365065	0.0420659270231	0.0507134052261	0.025644907216	0.0442290443334	0.0068748502572	-0.0659772096495	-0.034163320142	0.0206290204146	-0.0100280522448	0.0157506955482	0.0344058844259	-0.0833353590177	-0.0048389394374	0.0432489233104	0.00345053872298	1.0	0.036549765889	-0.00543801718133	-0.00270293832742	0.0131929881049	0.00906243565005	0.0192675251994	-0.0171314603042	0.0190581155833	0.0211427490776	0.0255752421417	-0.00341927791143	-0.0515693214004	-0.0843266142543	-0.064287258343	0.0517854462685	0.00683941856379	-0.0332561867021	0.0393354069319	-0.014398287974	-0.0464157567647	0.0115876211163	-0.148621522437	0.0754648314033	-0.0662842903291	0.00587009115905	-0.0136094565106	-0.0292110549747	-0.0159247485835	-0.0313805184179	0.0296107190064	0.00588028499057	0.00332585363519	-0.0282687628319	-0.00618512262575	0.0208442286328	-0.0224344582498	-0.0122891908067	0.0273502391419
k__Bacteria;p__Firmicutes;c__Clostridia;o__Clostridiales;f__Ruminococcaceae;g__Ruminiclostridium;s__[Eubacterium]_siraeum	-0.0288532167739	0.0159915591535	0.00494618429619	0.00185452637298	-0.00896800699828	0.0129694368919	-0.0185176544033	-0.0198548547146	-0.045091651505	0.0367328093545	0.0184128337338	-0.0117953777969	0.00172621746794	0.031459141292	-0.0650961097049	-0.021521829399	-0.029664812131	0.0195175952432	-0.0367511023133	0.00110323150517	0.036549765889	1.0	-0.0104221220972	0.0247407224117	0.0190245140352	-0.00775982967611	-0.0632064249207	-0.00794699678582	0.00808269916478	-0.029530395881	-0.00357255269795	0.000362527279769	0.0145889426247	0.017825421947	0.0109961802573	-0.0449172206878	0.0249682635226	-0.0599601965129	-0.0440831275595	0.0253086659082	-0.0412672038753	0.0254446283769	-0.0177159193729	-0.0199597994066	0.0336913512735	-0.00142473952091	0.0143917006754	-0.0144253254426	0.00840836793795	-0.0192407333064	-0.0112272724475	0.0224123416653	-0.00120477111206	-0.0256653108097	-0.0447693623406	-0.026052979671	5.91466101359e-05	-0.0227219922881	0.00611028455751
k__Bacteria;p__Proteobacteria;c__Betaproteobacteria;o__Burkholderiales;f__Sutterellaceae;g__Parasutterella;s__Parasutterella_excrementihominis	-0.0765356033077	0.0164078496428	-0.00952123881342	0.0145246563161	-0.0348842145943	-0.00761739345585	0.0141528656504	0.00510099341009	0.0552452924335	-0.0718878856845	-0.0321590788061	-0.0896938437782	-0.0475315415664	-0.0776312244585	-0.0406815913909	0.0247230144544	-0.021198904262	0.0120144718754	-0.00707465547232	-0.0103529369152	-0.00543801718133	-0.0104221220972	1.0	-0.0503895070968	0.03190943885	-0.0162645032459	0.0464682937024	-0.0299943488319	0.0203659708724	0.0568364724523	0.0183813393306	0.0208986727926	0.0110203891904	-0.0587466738136	-0.0338903649218	-0.0607923635815	0.0643628832804	0.010350545337	-0.00785748002382	0.0920704846767	0.0537413843916	-0.0121553322815	0.012966144108	0.0228630422291	0.00854405677965	0.0370245912149	0.0707511918446	0.00133494273014	0.0381968363851	-0.0206104286766	-0.0246852669329	-0.040879594517	-0.0336832183268	-0.0104370992678	-0.0192057938481	0.0324151659027	0.0243346984656	-0.0130470017633	-0.0528904942724
k__Bacteria;p__Actinobacteria;c__Actinobacteria;o__Bifidobacteriales;f__Bifidobacteriaceae;g__Bifidobacterium;s__Bifidobacterium_adolescentis	-0.0694441539898	0.00587441848637	-0.0209483602483	0.0256655832466	-0.0356986080897	0.015467898485	-0.0169137270954	0.023717031745	-0.022835347741	0.00707128712189	-0.0241566046583	0.0123472690177	-0.0462852120864	0.0395902546872	-0.0509152409931	-0.0137192732912	-0.00603634229684	0.00760368073692	0.0890127528416	-0.014761094151	-0.00270293832742	0.0247407224117	-0.0503895070968	1.0	-0.0261320235204	-0.00882330936204	-0.0989698690247	0.0309847012153	-0.00631186025816	-0.0296212359363	-0.0582848692748	-0.0691395106526	0.00851911458911	-0.0381135310871	-0.0323222411517	0.05560934131	0.0108748492068	-0.0567738604079	-0.0363246226862	-0.0577549514392	0.0400181570493	0.0688228768101	-0.00728306572438	0.0105439547285	-0.0727543334095	0.0116748024159	0.00436913922874	-0.0101916519542	-0.00343393241544	0.0152271313581	-0.0134758157427	-0.00852234228306	-0.0119458144332	0.0208182889943	-0.0231905006095	-0.02572289843	-0.0917968979202	0.0013482249649	-0.0194022308268
k__Bacteria;p__Firmicutes;c__Clostridia;o__Clostridiales;f__Oscillospiraceae;g__Oscillibacter;s__Oscillibacter_sp._KLE_1745	0.0121549127838	0.0352827608455	0.0309110152814	0.0131637939202	-0.0221433731914	-0.0065880384674	0.0632315128888	0.0122923310546	-0.0568773872843	-0.0913459938258	0.0456037072667	-0.0673784243872	0.0144254941492	-0.0164384813869	-0.0478300348919	0.0338651716107	0.00989340506462	-0.0103921076883	0.0117125629066	0.0155874317691	0.0131929881049	0.0190245140352	0.03190943885	-0.0261320235204	1.0	0.0247345847742	0.00669326338452	0.0714705523305	-0.0638184417204	0.0260918635589	-0.0383994677692	0.0614073483942	0.00426745230292	0.00932593359787	0.0142781797401	-0.0124439106342	0.0130080455817	-0.0216876280468	-0.0107456668138	0.0100533314735	-0.0340390855881	-0.000926163861379	-0.056277216482	-0.00927840559753	0.014697176938	-0.0529366220156	0.0446686596318	-0.00137352445014	0.0153636884256	0.00116440302032	0.00918205393904	0.031997989078	-0.0373753920395	0.0309146855618	-0.0136234803246	-0.0517824675074	0.0169780034757	0.00782914163246	-0.0355624531167
k__Bacteria;p__Bacteroidetes;c__Bacteroidia;o__Bacteroidales;f__Bacteroidaceae;g__Bacteroides;s__Bacteroides_coprophilus	0.012327295358	0.0408165840011	-0.0529680049015	-0.0548754731525	-0.101651368139	-0.00178783489911	-0.0451236735521	-0.0464310354771	-0.023030489453	-0.0450142651891	0.0142974495997	-0.0144375354722	0.0325070498132	-0.0341465502905	-0.0356815642212	0.0407039165054	-0.0163177734169	0.025128269309	-0.0470107122476	0.0235152593566	0.00906243565005	-0.00775982967611	-0.0162645032459	-0.00882330936204	0.0247345847742	1.0	0.0485342204965	0.00473079813667	0.0173082765248	-0.0517302755424	-0.0666570975962	0.0288134419555	-0.00757895246493	0.00338537063281	-0.0467170374073	-0.0388113615615	0.0796614295409	-0.0374949280468	-0.0465181212134	0.0366615086034	-0.0355474330606	-0.0218589826696	0.0148663457207	-0.00096899528738	0.00130194876823	0.00737928840114	-0.042069164098	-0.0900058866288	0.00177040947917	-0.0020617807573	-0.0387631078362	0.0542726547421	0.0974155128958	-0.01866947685	0.0284360945972	0.00203308571755	-0.0459300559252	0.0144036989394	-0.0283241633225
k__Bacteria;p__Firmicutes;c__Clostridia;o__Clostridiales;f__Lachnospiraceae;g__Roseburia;s__Roseburia_intestinalis	-0.0114018077567	-0.032410045097	-0.0464843164137	-0.00257178273515	-0.0122474113731	0.011974058734	-0.0301548983885	-0.0628202971492	-0.0287878572832	0.030343701761	-0.0164505781351	0.0115495026753	-0.0018778425638	-0.00513888069315	0.00104465255399	-0.00698777063621	0.0132714949621	-0.00862750305616	-0.00346791751735	0.0359843675763	0.0192675251994	-0.0632064249207	0.0464682937024	-0.0989698690247	0.00669326338452	0.0485342204965	1.0	0.0201367481124	-0.00980959823083	-0.0302722943269	0.0158649457627	-0.0824902709641	0.00926869509892	-0.0283188787808	-0.000826161130534	-0.0316988788115	-0.0405362763124	0.0173306995971	0.0220201699403	0.0788761087607	-0.0302665464168	0.0143760926606	-0.0284796549886	-0.0628081534012	0.0475793124924	0.0128107392645	0.0512865769906	0.0270221684855	-0.100584358168	0.014646655464	0.00439867186261	-0.0128387197981	-0.0468197827381	-0.0447802309414	-0.00864674985332	-0.0020462090812	-0.0240502543852	-0.0412455139258	0.0441076398591
k__Bacteria;p__Firmicutes;c__Clostridia;o__Clostridiales;f__Lachnospiraceae;g__Roseburia;s__Roseburia_hominis	0.0140789261665	0.012118649592	-0.0487824872678	-0.0598973764809	0.000683864669671	-0.0392797644608	-0.0567115093996	-0.00285321272495	-0.00247253414086	-0.0770564555469	0.00559031986067	-0.00163524635594	-0.0191198083575	-0.0693140461544	-0.0560423047343	0.04314824259	-0.0592709349886	0.0244919030287	-0.0116249864457	0.0296345966192	-0.0171314603042	-0.00794699678582	-0.0299943488319	0.0309847012153	0.0714705523305	0.00473079813667	0.0201367481124	1.0	0.0164136563261	0.0424328585829	-0.0291632710875	-0.0158973639397	0.0234290527446	-0.0282760576003	0.0347937593459	0.00554575449335	-0.00897020608877	0.0565876826159	-0.0725208061191	0.0386493164257	0.0488478492714	0.0375969503444	-0.0161264363544	-0.00339479283877	0.0412909157105	0.0697003552445	-0.0216544224837	-0.015298165461	-0.0194979927868	0.000902873484587	-0.013406700019	0.00210711469661	-0.0248165409329	0.0445241431587	0.0164960570217	-0.0671118312425	-0.02797409607	0.0647925825646	-0.0416368425494
k__Bacteria;p__Bacteroidetes;c__Bacteroidia;o__Bacteroidales;f__Porphyromonadaceae;g__Parabacteroides;s__Parabacteroides_johnsonii	-0.00531551589229	-0.0151174278607	-0.0896404830269	0.0262072961801	-0.0152852594817	0.0428517459077	0.00140166717845	-0.0597476546017	0.0372243673535	-0.0530103929466	-0.0104322949717	-0.0433007381945	-0.0584760203424	-0.0411729482002	0.0683259226524	0.11167493912	0.0140556677958	0.0148531578534	-0.0369416852154	0.0836343981613	0.0190581155833	0.00808269916478	0.0203659708724	-0.00631186025816	-0.0638184417204	0.0173082765248	-0.00980959823083	0.0164136563261	1.0	-0.0117850475014	-0.0274365175997	0.0191698702339	-0.0550351250337	-0.0367634384665	-0.0237738881357	0.0499390557189	-0.0534043551059	-0.054419544167	-0.0129481420079	-0.021369939926	-0.00985100307959	-0.029196191592	0.0418280818839	0.0355051683931	0.0512008564495	-0.0407782908088	-0.0272066804315	0.00978751763027	-0.0196338538034	0.00862829106781	-0.0476892623125	-0.0449014390323	0.0343949582364	-0.00259129183099	-0.0429833472057	-0.0526170670614	0.0088093653242	0.0202121533033	-0.055412554852
k__Bacteria;p__Actinobacteria;c__Actinobacteria;o__Bifidobacteriales;f__Bifidobacteriaceae;g__Bifidobacterium;s__Bifidobacterium_longum	0.0292357698448	0.0200630002198	-0.0458717489153	-0.0303204563043	0.023497329843	0.000123490559898	-0.0281336563327	0.0621812847236	-0.0531752806047	0.0293425292791	0.0787620010861	-0.00643257110396	0.0210199434801	-0.0380757081603	-0.00981534382857	0.0241598994525	-0.0463006532189	-0.0304856199942	0.0517876206536	-0.00126936637819	0.0211427490776	-0.029530395881	0.0568364724523	-0.0296212359363	0.0260918635589	-0.0517302755424	-0.0302722943269	0.0424328585829	-0.0117850475014	1.0	0.0216990809128	0.0456880039438	0.0548916389691	-0.0185716049789	0.0324021153593	0.0180558564024	-0.0327212170127	0.0339751634284	-0.0384148242408	-0.101421552275	-0.00463892283868	-0.0208881197842	0.0690633924056	-0.05915775115	0.0413837378056	-0.106797864684	-0.000749577423703	0.0115422181366	0.0309786899099	-0.0117017959447	-0.0899582236671	0.0198009332755	-0.0411576038956	-0.0139352411012	-0.0683849748862	-0.0558388621809	0.031234781508	-0.0304816580502	-0.034442086603
