#taxonomy	k__Bacteria;p__Bacteroidetes;c__Bacteroidia;o__Bacteroidales;f__Bacteroidaceae;g__Bacteroides;s__Bacteroides_vulgatus	k__Bacteria;p__Bacteroidetes;c__Bacteroidia;o__Bacteroidales;f__Bacteroidaceae;g__Bacteroides;s__Bacteroides_uniformis	k__Bacteria;p__Bacteroidetes;c__Bacteroidia;o__Bacteroidales;f__Rikenellaceae;g__Alistipes;s__Alistipes_putredinis	k__Bacteria;p__Bacteroidetes;c__Bacteroidia;o__Bacteroidales;f__Prevotellaceae;g__Prevotella;s__Prevotella_copri	k__Bacteria;p__Bacteroidetes;c__Bacteroidia;o__Bacteroidales;f__Bacteroidaceae;g__Bacteroides;s__Bacteroides_stercoris	k__Bacteria;p__Bacteroidetes;c__Bacteroidia;o__Bacteroidales;f__Bacteroidaceae;g__Bacteroides;s__Bacteroides_ovatus	k__Bacteria;p__Bacteroidetes;c__Bacteroidia;o__Bacteroidales;f__Rikenellaceae;g__Alistipes;s__Alistipes_shahii	k__Bacteria;p__Firmicutes;c__Clostridia;o__Clostridiales;f__Ruminococcaceae;g__Faecalibacterium;s__Faecalibacterium_prausnitzii	k__Bacteria;p__Bacteroidetes;c__Bacteroidia;o__Bacteroidales;f__Rikenellaceae;g__Alistipes;s__Alistipes_finegoldii	k__Bacteria;p__Bacteroidetes;c__Bacteroidia;o__Bacteroidales;f__Porphyromonadaceae;g__Parabacteroides;s__Parabacteroides_distasonis	k__Bacteria;p__Bacteroidetes;c__Bacteroidia;o__Bacteroidales;f__Bacteroidaceae;g__Bacteroides;s__Bacteroides_thetaiotaomicron	k__Bacteria;p__Bacteroidetes;c__Bacteroidia;o__Bacteroidales;f__Bacteroidaceae;g__Bacteroides;s__Bacteroides_coprocola	k__Bacteria;p__Bacteroidetes;c__Bacteroidia;o__Bacteroidales;f__Bacteroidaceae;g__Bacteroides;s__Bacteroides_cellulosilyticus	k__Bacteria;p__Bacteroidetes;c__Bacteroidia;o__Bacteroidales;f__Rikenellaceae;g__Alistipes;s__Alistipes_obesi	k__Bacteria;p__Firmicutes;c__Clostridia;o__Clostridiales;f__Lachnospiraceae;g__;s__[Eubacterium]_rectale	k__Bacteria;p__Bacteroidetes;c__Bacteroidia;o__Bacteroidales;f__Bacteroidaceae;g__Bacteroides;s__Bacteroides_plebeius	k__Bacteria;p__Bacteroidetes;c__Bacteroidia;o__Bacteroidales;f__Bacteroidaceae;g__Bacteroides;s__Bacteroides_fragilis	k__Bacteria;p__Proteobacteria;c__Betaproteobacteria;o__Burkholderiales;f__Sutterellaceae;g__Sutterella;s__Sutterella_wadsworthensis	k__Bacteria;p__Bacteroidetes;c__Bacteroidia;o__Bacteroidales;f__Porphyromonadaceae;g__Barnesiella;s__Barnesiella_intestinihominis	k__Bacteria;p__Bacteroidetes;c__Bacteroidia;o__Bacteroidales;f__Odoribacteraceae;g__Odoribacter;s__Odoribacter_splanchnicus	k__Bacteria;p__Bacteroidetes;c__Bacteroidia;o__Bacteroidales;f__Bacteroidaceae;g__Bacteroides;s__Bacteroides_salyersiae	k__Bacteria;p__Firmicutes;c__Clostridia;o__Clostridiales;f__Ruminococcaceae;g__Ruminiclostridium;s__[Eubacterium]_siraeum	k__Bacteria;p__Proteobacteria;c__Betaproteobacteria;o__Burkholderiales;f__Sutterellaceae;g__Parasutterella;s__Parasutterella_excrementihominis	k__Bacteria;p__Actinobacteria;c__Actinobacteria;o__Bifidobacteriales;f__Bifidobacteriaceae;g__Bifidobacterium;s__Bifidobacterium_adolescentis	k__Bacteria;p__Firmicutes;c__Clostridia;o__Clostridiales;f__Oscillospiraceae;g__Oscillibacter;s__Oscillibacter_sp._KLE_1745	k__Bacteria;p__Bacteroidetes;c__Bacteroidia;o__Bacteroidales;f__Bacteroidaceae;g__Bacteroides;s__Bacteroides_coprophilus	k__Bacteria;p__Firmicutes;c__Clostridia;o__Clostridiales;f__Lachnospiraceae;g__Roseburia;s__Roseburia_intestinalis	k__Bacteria;p__Firmicutes;c__Clostridia;o__Clostridiales;f__Lachnospiraceae;g__Roseburia;s__Roseburia_hominis	k__Bacteria;p__Bacteroidetes;c__Bacteroidia;o__Bacteroidales;f__Porphyromonadaceae;g__Parabacteroides;s__Parabacteroides_johnsonii	k__Bacteria;p__Actinobacteria;c__Actinobacteria;o__Bifidobacteriales;f__Bifidobacteriaceae;g__Bifidobacterium;s__Bifidobacterium_longum	k__Bacteria;p__Firmicutes;c__Clostridia;o__Clostridiales;f__;g__Flavonifractor;s__Flavonifractor_plautii	k__Bacteria;p__Firmicutes;c__Clostridia;o__Clostridiales;f__Clostridiaceae;g__Clostridium;s__Clostridium_phoceensis	k__Bacteria;p__Verrucomicrobia;c__Verrucomicrobiae;o__Verrucomicrobiales;f__Akkermansiaceae;g__Akkermansia;s__Akkermansia_muciniphila	k__Bacteria;p__Bacteroidetes;c__Bacteroidia;o__Bacteroidales;f__Prevotellaceae;g__Paraprevotella;s__Paraprevotella_xylaniphila	k__Bacteria;p__Firmicutes;c__Clostridia;o__Clostridiales;f__Ruminococcaceae;g__Ruminococcus;s__Ruminococcus_callidus	k__Bacteria;p__Bacteroidetes;c__Bacteroidia;o__Bacteroidales;f__Rikenellaceae;g__Alistipes;s__Alistipes_senegalensis	k__Bacteria;p__Firmicutes;c__Clostridia;o__Clostridiales;f__Lachnospiraceae;g__Blautia;s__Blautia_sp._KLE_1732	k__Bacteria;p__Bacteroidetes;c__Bacteroidia;o__Bacteroidales;f__Bacteroidaceae;g__Bacteroides;s__Bacteroides_oleiciplenus	k__Bacteria;p__Firmicutes;c__Clostridia;o__Clostridiales;f__Ruminococcaceae;g__Ruminococcus;s__Ruminococcus_bicirculans	k__Bacteria;p__Bacteroidetes;c__Bacteroidia;o__Bacteroidales;f__Bacteroidaceae;g__Bacteroides;s__Bacteroides_fluxus	k__Bacteria;p__Bacteroidetes;c__Bacteroidia;o__Bacteroidales;f__Prevotellaceae;g__Prevotella;s__Prevotella_stercorea	k__Bacteria;p__Firmicutes;c__Clostridia;o__Clostridiales;f__Lachnospiraceae;g__Dorea;s__Dorea_longicatena	k__Bacteria;p__Firmicutes;c__Clostridia;o__Clostridiales;f__Eubacteriaceae;g__Eubacterium;s__[Eubacterium]_eligens	k__Bacteria;p__Firmicutes;c__Clostridia;o__Clostridiales;f__Ruminococcaceae;g__;s__Ruminococcaceae_bacterium_D16	k__Bacteria;p__Firmicutes;c__Clostridia;o__Clostridiales;f__Lachnospiraceae;g__Coprococcus;s__Coprococcus_comes	k__Bacteria;p__Proteobacteria;c__Gammaproteobacteria;o__Enterobacterales;f__Enterobacteriaceae;g__Escherichia;s__Escherichia_coli	k__Bacteria;p__Firmicutes;c__Clostridia;o__Clostridiales;f__Ruminococcaceae;g__Anaerotruncus;s__Anaerotruncus_colihominis	k__Bacteria;p__Firmicutes;c__Clostridia;o__Clostridiales;f__Lachnospiraceae;g__Blautia;s__Blautia_obeum	k__Bacteria;p__Bacteroidetes;c__Bacteroidia;o__Bacteroidales;f__Odoribacteraceae;g__Odoribacter;s__Odoribacter_laneus	k__Bacteria;p__Firmicutes;c__Clostridia;o__Clostridiales;f__Ruminococcaceae;g__Ruminiclostridium;s__[Clostridium]_leptum	k__Bacteria;p__Bacteroidetes;c__Bacteroidia;o__Bacteroidales;f__Porphyromonadaceae;g__Parabacteroides;s__Parabacteroides_goldsteinii	k__Bacteria;p__Firmicutes;c__Clostridia;o__Clostridiales;f__Lachnospiraceae;g__Anaerostipes;s__Anaerostipes_hadrus	k__Bacteria;p__Firmicutes;c__Clostridia;o__Clostridiales;f__Ruminococcaceae;g__Ruminococcus;s__Ruminococcus_lactaris	k__Bacteria;p__Firmicutes;c__Clostridia;o__Clostridiales;f__Clostridiaceae;g__Clostridium;s__Clostridium_sp._L2-50	k__Bacteria;p__Firmicutes;c__Clostridia;o__Clostridiales;f__Clostridiaceae;g__Clostridium;s__Clostridium_sp._M62/1	k__Bacteria;p__Firmicutes;c__Clostridia;o__Clostridiales;f__;g__Intestinimonas;s__Intestinimonas_butyriciproducens	k__Bacteria;p__Actinobacteria;c__Actinobacteria;o__Bifidobacteriales;f__Bifidobacteriaceae;g__Bifidobacterium;s__Bifidobacterium_bifidum	k__Bacteria;p__Firmicutes;c__Negativicutes;o__Veillonellales;f__Veillonellaceae;g__Dialister;s__Dialister_invisus	k__Bacteria;p__Bacteroidetes;c__Bacteroidia;o__Bacteroidales;f__Bacteroidaceae;g__Bacteroides;s__Bacteroides_salanitronis
k__Bacteria;p__Bacteroidetes;c__Bacteroidia;o__Bacteroidales;f__Bacteroidaceae;g__Bacteroides;s__Bacteroides_vulgatus	1.0	0.0462529262747	0.00297242700883	0.00958564462927	-0.0216691989517	0.00223215634571	-0.0737913683407	-0.0310261659774	-0.0348987669143	-0.00727313990813	0.00201012671686	0.0541600792606	-0.0270149141295	-0.0168499558292	-0.0173209354156	-0.0306358691606	-0.0729826895774	0.0335824883985	0.017765675998	-0.0160684621038	-0.0195884706439	0.0132911435934	-0.0596191930839	-0.0016277360139	-0.0535788485883	0.0231201163741	-0.0291979084263	-0.00639305481235	0.0116418514784	-0.0043307750871	0.0228795779765	-0.0586973983981	-0.00123988485286	0.0336714919182	-0.0191060655035	-0.039544117959	-0.00888537373778	0.0216188129989	-0.0412461886089	-0.0148209708254	0.00381564440827	-0.0150330986066	-0.00448477925646	-0.0594313567089	0.0632716925987	-0.0115996901228	-0.00649084539954	-0.0496488926111	-0.055782652679	-0.0254049676341	0.0792904499602	0.0367514060636	-0.00967490288548	0.0211324494015	-0.00327598597479	-0.0113556282265	-0.011527139477	-0.00988405133283	-0.00775301644974
k__Bacteria;p__Bacteroidetes;c__Bacteroidia;o__Bacteroidales;f__Bacteroidaceae;g__Bacteroides;s__Bacteroides_uniformis	0.0462529262747	1.0	0.0614225553355	-0.0511030715409	-0.0166553380277	-0.010031448113	-0.000512285425293	-0.022783149769	-0.0666664697693	0.0716934172917	-0.0110724860799	0.0133518267659	0.0123899743693	-0.0571763224717	0.0261335213809	-0.0223121498913	0.0165346281663	0.0279166374269	0.0146263369461	-0.00943940188945	0.00131293250214	-0.0104938988125	0.0299809545441	0.0538726328365	0.0166020336011	0.0585049152798	-0.0176402511591	-0.0552793554264	-0.0218528200311	0.00531535219951	0.0495734301987	0.0104853883139	-0.00319711854678	-0.0102160651086	0.013578865052	-0.0904982099001	0.0117818044434	-0.0234982308954	-0.0675519926404	0.0200316337137	0.00523919234174	-0.00920651836398	-0.0454152567653	-0.0506341643305	0.0143834057486	0.008408156046	-0.00519800102083	-0.081758275976	0.0819970503713	-0.068397410988	-0.0454493538041	-0.0826678036568	0.0216630121949	-0.00455435473004	0.0101181743443	0.0103298568032	-0.0561145613028	0.0344857156994	-0.0371606735211
k__Bacteria;p__Bacteroidetes;c__Bacteroidia;o__Bacteroidales;f__Rikenellaceae;g__Alistipes;s__Alistipes_putredinis	0.00297242700883	0.0614225553355	1.0	0.00542453780996	-0.0181358945623	-0.0253333908041	0.0666677495384	0.00652546547241	-0.0626755088677	0.0227657670378	-0.0200043321024	0.00437297502024	0.0299729246076	-0.00323881529638	-0.00349161660247	0.0278220804182	-0.0408371329634	0.0414197283132	-0.0373115487574	-0.00362881350091	-0.0233894579129	0.0830295965844	-0.073322338139	0.00830217526334	-0.0248373731054	-0.0255837751787	-0.0670626633544	-0.0465253418398	-0.0613515412616	0.0407793789153	-0.0443294908355	-0.0218448368615	-0.0317708862083	0.0153239594117	0.00162888810721	-0.00217146008107	0.0433885654743	-0.0099447352116	-0.00672512869413	0.0007388746935	0.00225947457724	0.02165652371	0.00110071542709	0.0137452635503	-0.00819600190543	0.0317202797623	0.0307761412844	0.025482295418	-0.0210847629171	0.0135234279561	-0.0303278696501	-0.037242872798	-0.00542901170385	-0.0174779695314	0.00982871110901	-0.0047789505202	-0.025574539844	-0.0302825309075	-0.00281970849895
k__Bacteria;p__Bacteroidetes;c__Bacteroidia;o__Bacteroidales;f__Prevotellaceae;g__Prevotella;s__Prevotella_copri	0.00958564462927	-0.0511030715409	0.00542453780996	1.0	-0.039999897829	-0.0383419523227	-0.00720812825784	0.0220059967827	-0.0401690278269	-0.0156340229286	-0.0795833171216	-0.024836271771	0.020952274054	-0.0239548701535	0.0257419524351	-0.0253531318244	-0.0355783637083	0.00516291535873	0.00920086005743	-0.0522608819079	-0.0257734502812	-0.0502962360191	-0.0724761438259	-0.015333596654	0.0321548469359	-0.0391791259907	-0.103044759227	0.0261665188717	0.000496771842162	-0.0294578290304	-0.0723501961272	0.0212039449196	0.0385174439411	0.0648882524388	0.0181479402403	-0.0185940146001	-0.0493929204858	-0.0474089745706	0.0386074888851	-0.00709763089382	0.0261951584508	-0.0306653417087	0.0454102117403	0.00586677056605	0.00953166530803	0.0138335790994	-0.0591132124172	0.0155870737635	-0.00112006249397	-0.0591241320527	0.0335992273248	-0.00860880773385	-0.000848510300189	0.0449540692702	0.027764352407	-0.0373762425329	0.00590673202815	-0.0137526070485	-0.0107215923828
k__Bacteria;p__Bacteroidetes;c__Bacteroidia;o__Bacteroidales;f__Bacteroidaceae;g__Bacteroides;s__Bacteroides_stercoris	-0.0216691989517	-0.0166553380277	-0.0181358945623	-0.039999897829	1.0	-0.0110104533238	0.00131141891447	0.0150006856785	0.0167296870942	-0.0296944653107	0.038948550495	-0.0157529743007	0.00611660580932	0.0390019768206	0.0249143210367	-0.0107708230445	0.0182823891712	-0.0367619961672	0.00471264592453	0.0100090034881	-0.00803381948386	-0.0220363270148	-0.0209618642482	-0.0097467536791	-0.0463286039468	-0.00460072460525	0.0554192992845	-0.0279955763153	0.0122587129346	0.0592225442042	0.0375788048036	-0.00951627901045	0.00164432666053	-0.0251368065224	0.0123682615262	-0.0269328360979	-0.0323400732528	0.021589848882	0.0294244927633	-0.0705236331429	0.0387470141973	-0.0387483046185	-0.0639886912726	-0.0114853897403	-0.00448809645133	0.0334302880851	-0.056891402847	0.00609761365492	-0.0297978348376	-0.0109268761788	-0.00657207903476	-0.0469114045917	-0.0167046157923	-0.0339068073328	0.00413385220081	0.035867985945	0.0114027556761	-0.0693147514682	-0.0338148419219
k__Bacteria;p__Bacteroidetes;c__Bacteroidia;o__Bacteroidales;f__Bacteroidaceae;g__Bacteroides;s__Bacteroides_ovatus	0.00223215634571	-0.010031448113	-0.0253333908041	-0.0383419523227	-0.0110104533238	1.0	0.00152354708732	-0.00104721958599	0.00974080539218	-0.0456453749423	-0.0271301134965	0.00690428568501	-0.0186504048735	0.0223485106233	0.00281673317438	0.0236224405995	0.0262189958262	-0.00740261902487	-0.0547140623819	-0.0142087178651	-0.0690292811406	0.00318011951524	-0.0249689970789	0.0197395454431	0.0354077174163	-0.00885919890998	0.0220174314588	0.0146995147746	-0.017590597011	-0.0107250663141	-0.0433105017154	0.027809670747	0.00285144971581	-0.00124628672797	-0.0130712658752	-0.0529785347305	-0.0298764766877	0.0362063053798	-0.00570887754969	0.0374771910484	-0.075887536678	0.00870142335581	0.0122528810624	0.0579418993477	0.0553424294241	-0.0455479828618	-0.0286227610713	0.00867663577692	0.0143498781034	0.0129791154025	-0.0148396922411	0.0492222111388	-0.0326568047715	0.0264543944528	0.0204075485318	0.0730089110011	-0.0097969723012	-0.0309899809157	-0.0452552709889
k__Bacteria;p__Bacteroidetes;c__Bacteroidia;o__Bacteroidales;f__Rikenellaceae;g__Alistipes;s__Alistipes_shahii	-0.0737913683407	-0.000512285425293	0.0666677495384	-0.00720812825784	0.00131141891447	0.00152354708732	1.0	-0.0536512948464	0.0313306736366	-0.0545443743451	0.0432834720268	-0.0508746224685	-0.00840589384373	0.0366971905116	0.0263446482263	0.0370220180741	-0.00385085510505	-0.0907266710202	0.00117369362918	-0.025724751658	-0.0102952706971	-0.0452547743267	-0.00778018878027	0.00979317523306	0.0300402284119	-0.0618266092367	-0.0139336482763	0.00719302662532	-0.0369859747705	0.0220823046894	-0.049403567454	0.00575841848715	-0.0635307740681	-0.0480310293049	-0.0279455274822	-0.0636312334682	0.0317602026027	-0.0578937427564	-0.0365818008144	0.0652785883917	0.0762653165252	-0.0117429806895	0.0136110942398	0.0622173909918	-0.00850434336662	-0.0210405465604	0.014399609666	-0.0348323596222	0.0340001698305	0.0579848005474	-0.0771597164912	0.0242973058059	-0.036336038115	-0.0222085050465	0.0303962481339	-0.0096053366305	0.0505632670214	-0.0521889096887	-0.0628837641504
k__Bacteria;p__Firmicutes;c__Clostridia;o__Clostridiales;f__Ruminococcaceae;g__Faecalibacterium;s__Faecalibacterium_prausnitzii	-0.0310261659774	-0.022783149769	0.00652546547241	0.0220059967827	0.0150006856785	-0.00104721958599	-0.0536512948464	1.0	-0.0161817061254	-0.0616335037662	-0.0420446844023	-0.0679421877099	0.0115805355944	-0.00611180520476	0.00607253838446	0.00474975259507	0.0486460952277	-0.00755820072484	0.0190433520461	0.0221882350977	-0.00153839183663	-0.0164962027932	0.0225498368773	-0.0687495678881	-0.0700257154511	0.0168634070898	-0.0138823186748	0.02599083726	-0.01535301092	-0.0274767535747	0.0303419124549	0.00352804136401	0.0428760923033	-0.0155791916642	0.00576447665564	0.0273112759895	0.0054713102481	-0.00195118786976	-0.0519769785076	-0.0473315830575	-0.0126872019411	-0.0279781168566	0.00889748526751	0.0161344723961	-0.00135063163152	0.0363329045129	0.0144747029993	0.0489705711746	-0.0221711099181	-0.0596992584192	0.0682262857514	-0.018212602579	-0.0455099055255	-0.0384760216051	-0.0492038927076	0.0247576219254	-0.0646472146448	0.00609047419508	-0.0752063420466
k__Bacteria;p__Bacteroidetes;c__Bacteroidia;o__Bacteroidales;f__Rikenellaceae;g__Alistipes;s__Alistipes_finegoldii	-0.0348987669143	-0.0666664697693	-0.0626755088677	-0.0401690278269	0.0167296870942	0.00974080539218	0.0313306736366	-0.0161817061254	1.0	0.0333750288309	-0.0155650550982	0.0466409475249	0.0386186042421	-0.0031659886296	-0.00539046790747	0.02779188599	-0.0117022808391	-0.0468860133143	0.000984022798459	0.0360846231645	0.029952126097	0.0122185504778	-0.0640576787257	0.00239396465106	0.00323402013486	-0.0644252547667	0.0960044737828	0.0245444623606	0.0339765452474	0.0155812293073	-0.052834940592	-0.042622588376	-0.0423826001498	-0.0244325752796	0.00664055643726	0.008427690622	0.0686602618091	0.00338567238795	0.0400495315967	-0.0293120569591	0.00584794140686	0.0129649966644	0.0220944674548	-0.0421186824037	-0.0838328109616	-0.0621546370235	0.0048865208562	-0.00866019334874	0.0101106584765	-0.0257323808184	0.00343012356069	-0.00341354654917	0.0289353122813	-0.077221916432	-0.0409730068171	-0.00478984649304	-0.00626946692138	-0.0392835762568	0.0303826541858
k__Bacteria;p__Bacteroidetes;c__Bacteroidia;o__Bacteroidales;f__Porphyromonadaceae;g__Parabacteroides;s__Parabacteroides_distasonis	-0.00727313990813	0.0716934172917	0.0227657670378	-0.0156340229286	-0.0296944653107	-0.0456453749423	-0.0545443743451	-0.0616335037662	0.0333750288309	1.0	0.0265656637084	-0.0113557357211	-0.0312318360245	0.0105176726743	0.0453858526392	-0.0174890012562	-0.0426999119481	0.00155177409009	-0.0459011066874	0.0183458524013	0.0281036336116	-0.0241590903709	-0.0534316453346	-0.0502744163162	-0.0437103579455	-0.0189189017623	-0.0297822474954	0.0123170172311	-0.0131013628675	-0.0331324058195	-0.0372432196643	-0.0282517269448	-0.0165557315423	0.00261253750569	-0.0127890451854	0.0120419650488	-0.0119139879733	-0.00701008675324	0.0137674104934	0.0120972732235	0.0262436862138	0.0353221939657	0.00346571508342	0.000801894881969	-0.0261234892223	0.0332429308873	0.0182433698842	-0.0126792612347	0.0228621605724	-0.0787807353302	-0.0296780712159	-0.0124871221035	0.0155459706651	-0.0601544211031	0.00257703838704	-0.0338539579248	-0.00503257063085	0.00159781553297	-0.00334267493489
k__Bacteria;p__Bacteroidetes;c__Bacteroidia;o__Bacteroidales;f__Bacteroidaceae;g__Bacteroides;s__Bacteroides_thetaiotaomicron	0.00201012671686	-0.0110724860799	-0.0200043321024	-0.0795833171216	0.038948550495	-0.0271301134965	0.0432834720268	-0.0420446844023	-0.0155650550982	0.0265656637084	1.0	0.0185778336787	-0.0325981803444	-0.002958904545	0.0682777327858	-0.0806005850514	0.0236936591296	-0.0362894315948	0.0125341679777	-0.0052480284267	-0.0339712202375	-0.00165793434065	-0.000590104582888	0.0572186035759	-0.0273929933064	-0.0315078123035	-0.0112707755432	0.019971349173	-0.0422045390588	0.0796076023195	-0.0449318900049	0.00690307964557	-0.0123546665633	-0.0145477040282	0.00544821213954	-0.0115274936491	-0.0653866195135	0.101143587113	-0.00113940851749	0.03839891623	0.00527515724548	0.00748117493137	0.0302493871219	0.067024781911	0.00386396645491	-3.96323477919e-05	-0.0144811619141	0.0177962774422	0.0126138735138	0.0798822720119	-0.0437426129085	-0.0311532450174	0.0377434330369	-0.0202803594359	-0.00182052921745	-0.0375035624722	-0.0438931628508	-0.000675715060558	-0.0540588465422
k__Bacteria;p__Bacteroidetes;c__Bacteroidia;o__Bacteroidales;f__Bacteroidaceae;g__Bacteroides;s__Bacteroides_coprocola	0.0541600792606	0.0133518267659	0.00437297502024	-0.024836271771	-0.0157529743007	0.00690428568501	-0.0508746224685	-0.0679421877099	0.0466409475249	-0.0113557357211	0.0185778336787	1.0	0.0203237898182	-0.0109993395934	-0.0133608708395	0.0210648507778	-0.0251736902177	-0.0330414365788	-0.0449488782635	-0.0280682932187	0.0518694382242	-0.0386639856306	-0.0277810593689	-0.0819880595593	-0.00644210914872	-0.0147673187553	-0.0400398102608	-0.0080659865524	0.0224370039576	0.0175522929296	-0.0328250606398	-0.0265940041216	-0.0223349281492	0.00877740985464	-0.0626004824388	-0.0153554786746	-0.0681673593114	0.0105008590535	0.0455497891756	-0.11456696344	-0.0345659824422	0.0228753422816	0.00676563321841	-0.0341378482185	-0.0311759371373	-0.000100051571246	-0.0364351306415	0.0346421957385	0.0310278460181	-0.00666353173408	0.00438894017405	-0.030252252745	-0.0106663017534	0.00243562281994	0.00356404080838	-0.030692000815	0.0146035780279	0.0708391496538	0.00845637934097
k__Bacteria;p__Bacteroidetes;c__Bacteroidia;o__Bacteroidales;f__Bacteroidaceae;g__Bacteroides;s__Bacteroides_cellulosilyticus	-0.0270149141295	0.0123899743693	0.0299729246076	0.020952274054	0.00611660580932	-0.0186504048735	-0.00840589384373	0.0115805355944	0.0386186042421	-0.0312318360245	-0.0325981803444	0.0203237898182	1.0	-0.0360994503333	-0.0204928192665	-0.0597930221382	0.0525938353821	-0.0344609620226	0.0161269456309	-0.0325409789492	-0.0119999181194	0.0203071256678	0.00465190056786	0.00557200025847	0.00195828261248	-0.0597564377493	0.00875713101533	0.0223538208557	-0.050668999525	-0.0209640489196	0.0293047485548	0.0328511954704	-0.00211757168719	-0.020306960518	0.0603839611285	-0.042508311798	0.00898416012412	0.00912996394305	0.00652056883344	-0.0240600841574	-0.0259740576014	-0.0736042355914	-0.0712612174705	-0.0156839356914	-0.0155838298542	0.036882501085	-0.000419504869083	-0.113475516286	0.0214473993674	0.000129379752921	0.0366617429436	-0.0746105559521	-0.0360396212858	-0.0524080812351	-0.003704109336	-0.00515235707564	-0.00702022670833	0.0464240188123	0.0504753069953
k__Bacteria;p__Bacteroidetes;c__Bacteroidia;o__Bacteroidales;f__Rikenellaceae;g__Alistipes;s__Alistipes_obesi	-0.0168499558292	-0.0571763224717	-0.00323881529638	-0.0239548701535	0.0390019768206	0.0223485106233	0.0366971905116	-0.00611180520476	-0.0031659886296	0.0105176726743	-0.002958904545	-0.0109993395934	-0.0360994503333	1.0	0.0867924499215	7.66089186325e-05	-0.0071915237217	-0.00401465372356	-0.0286177058541	-0.0133522267414	-0.00670680926778	0.0126114582633	0.0437723864405	-0.0374556865024	-0.0216479348987	-0.0300352719459	-0.0594423473138	0.00174906298663	0.0146833041153	-0.0822069544046	-0.0199127732679	-0.0447708690442	0.00955676653382	-0.0192570957951	-0.0131659518566	-0.0207216001775	0.00235028926093	0.0261370765291	-0.0188831342271	-0.0468685874418	-0.0263070329767	-0.00693575359257	0.00802271158578	0.0233543506831	-0.0491829226784	-0.00336052252604	-0.0329084716657	0.00826813545068	-0.0703087340009	-0.0214324204789	-0.0340051605402	0.0209681747188	0.0284523370538	0.00305582572522	-0.00375623320839	0.00158805145818	0.0317540649847	-0.0452684068414	0.033689215526
k__Bacteria;p__Firmicutes;c__Clostridia;o__Clostridiales;f__Lachnospiraceae;g__;s__[Eubacterium]_rectale	-0.0173209354156	0.0261335213809	-0.00349161660247	0.0257419524351	0.0249143210367	0.00281673317438	0.0263446482263	0.00607253838446	-0.00539046790747	0.0453858526392	0.0682777327858	-0.0133608708395	-0.0204928192665	0.0867924499215	1.0	0.00780089391629	0.0177225151157	-0.098697775334	0.0330405149424	0.0296050826678	-0.0357297551634	-0.0392938855183	-0.0421269911501	0.0160340935144	-0.0549064729882	-0.0455179300575	-0.0348895333749	-0.00603492241468	0.0156482215209	0.0195082804202	0.019857565488	-0.012500810248	-0.0152015427946	0.00188908354947	-0.0161820635957	0.0246255822432	0.00893867510624	-0.012535590693	0.0506051503723	0.045059834391	-0.0633084874787	0.0235692759569	0.0120588126608	0.0332409756564	-0.0213021762897	0.0016467886848	-0.0140545902814	0.0576819257139	-0.0417098690909	-0.0237587730514	-0.0180468854497	0.0115475123689	0.0103366712889	0.019618228361	0.0628135338192	-0.0535179537476	0.018271855951	-0.00892346772914	-0.00539879685721
k__Bacteria;p__Bacteroidetes;c__Bacteroidia;o__Bacteroidales;f__Bacteroidaceae;g__Bacteroides;s__Bacteroides_plebeius	-0.0306358691606	-0.0223121498913	0.0278220804182	-0.0253531318244	-0.0107708230445	0.0236224405995	0.0370220180741	0.00474975259507	0.02779188599	-0.0174890012562	-0.0806005850514	0.0210648507778	-0.0597930221382	7.66089186325e-05	0.00780089391629	1.0	-0.072912514365	-0.0381580722869	-0.0343330043022	0.0321010265898	-0.00477903432778	0.0133010462199	0.0103244435428	-0.0443483481689	0.0270882041173	-0.00643633722031	-0.0300727035896	-0.0407051948203	0.0180386871606	-0.0452588244509	-0.00314578167578	0.00886719701855	0.0232178737416	-0.0141653507638	0.0433202332524	0.0284315944687	0.00692090896962	-0.0396770144498	-0.029093877458	-0.0226644056374	-0.0416701046736	-0.00302308414352	-0.0389460465479	-0.0552403037816	-0.0680150909565	-0.0485563062264	-0.010055162062	0.025510351064	0.0124593717319	0.012788617547	-0.0455099803334	-0.0218924037193	0.0164963236683	-0.00361115154968	0.0276819855733	0.035992867437	0.0208192933825	-0.0209790314096	-0.0287133245061
k__Bacteria;p__Bacteroidetes;c__Bacteroidia;o__Bacteroidales;f__Bacteroidaceae;g__Bacteroides;s__Bacteroides_fragilis	-0.0729826895774	0.0165346281663	-0.0408371329634	-0.0355783637083	0.0182823891712	0.0262189958262	-0.00385085510505	0.0486460952277	-0.0117022808391	-0.0426999119481	0.0236936591296	-0.0251736902177	0.0525938353821	-0.0071915237217	0.0177225151157	-0.072912514365	1.0	0.0166687425494	0.000352057653673	0.0404336792832	-0.0218793287353	-0.0505421305419	0.0376348160242	0.0256848276887	-0.0889179431976	0.0460676230703	0.0320076719041	-0.0266602528148	-0.0295473515579	-0.018651943758	0.0244811023191	-0.0197077674306	-0.0191314560547	0.0452294718419	0.0288984646427	-0.0206100136043	0.0173344557814	0.0548925610539	-0.0545906924642	0.0131075729173	-0.00821905326057	0.042845720841	0.00773130437227	0.0191680096573	-0.0297905522537	-0.0173745207541	-0.0378362516756	0.0292238326399	0.0225566686051	0.0391754152169	0.0164880310061	-0.0180751098608	0.00464299372256	-0.025282996688	-0.085278177244	-0.0604502567597	0.0373211731359	-0.0335054318677	0.0377882007265
k__Bacteria;p__Proteobacteria;c__Betaproteobacteria;o__Burkholderiales;f__Sutterellaceae;g__Sutterella;s__Sutterella_wadsworthensis	0.0335824883985	0.0279166374269	0.0414197283132	0.00516291535873	-0.0367619961672	-0.00740261902487	-0.0907266710202	-0.00755820072484	-0.0468860133143	0.00155177409009	-0.0362894315948	-0.0330414365788	-0.0344609620226	-0.00401465372356	-0.098697775334	-0.0381580722869	0.0166687425494	1.0	0.0228954898202	-0.0096950314167	0.049978745219	-0.0927414197711	0.00898691290281	-0.0403399669818	0.0183678852522	0.0686945120756	-0.061397063584	-0.00219293065493	-0.0163860619956	-0.0214471135359	-0.0275455004189	-0.0160606685495	-0.00773509081423	-0.0394819835102	-0.0176776989865	-0.057728341019	-0.00926640949605	-0.00400189818589	0.019196852396	-0.00615240790177	-0.00197962930045	0.032927945897	0.0140871002456	0.0261453828606	0.042961666439	0.0494389303122	-0.0129062375213	-0.044423646818	-0.0195257165398	-0.0465303227264	-0.00772053065332	0.0223612592675	-0.0415764697971	0.0128143501023	-0.0408808943578	0.122504071164	-0.00836800806207	0.0289844089418	0.0695829038995
k__Bacteria;p__Bacteroidetes;c__Bacteroidia;o__Bacteroidales;f__Porphyromonadaceae;g__Barnesiella;s__Barnesiella_intestinihominis	0.017765675998	0.0146263369461	-0.0373115487574	0.00920086005743	0.00471264592453	-0.0547140623819	0.00117369362918	0.0190433520461	0.000984022798459	-0.0459011066874	0.0125341679777	-0.0449488782635	0.0161269456309	-0.0286177058541	0.0330405149424	-0.0343330043022	0.000352057653673	0.0228954898202	1.0	-0.0105487504127	-0.0390096514148	-0.0102221050206	-0.058112162219	-0.0147169074916	-0.0359352624993	-0.0264024723795	-0.0534875416385	0.0293524582453	0.0231412907611	-0.0201336648059	-0.0130379230652	-0.056719226814	0.0517453549445	0.0752347065715	-0.0294650638232	-0.0327792221303	0.039731646811	0.0231472124186	0.057010908137	-0.0204122842265	-0.0241788249419	-0.0397671286662	0.0106826718456	0.0360232859671	0.00652374082646	-0.0554196096451	-0.0645879923229	-0.00879683310694	-0.103629698298	0.0114110586749	-0.0590703286408	0.0503264655643	-0.0207119611155	0.042388397185	0.0124920854344	-0.0179826575003	0.068378376898	-0.0474289283056	-0.0124477119952
k__Bacteria;p__Bacteroidetes;c__Bacteroidia;o__Bacteroidales;f__Odoribacteraceae;g__Odoribacter;s__Odoribacter_splanchnicus	-0.0160684621038	-0.00943940188945	-0.00362881350091	-0.0522608819079	0.0100090034881	-0.0142087178651	-0.025724751658	0.0221882350977	0.0360846231645	0.0183458524013	-0.0052480284267	-0.0280682932187	-0.0325409789492	-0.0133522267414	0.0296050826678	0.0321010265898	0.0404336792832	-0.0096950314167	-0.0105487504127	1.0	-0.0219022696439	-0.0202269690372	-0.0155493589974	-0.0783494014507	0.0151837427843	0.0269588489085	0.0436833496793	-0.0331187934257	-0.038842650121	0.069550583227	0.01473229072	-0.0348776439325	0.0591962845547	0.0469443585474	-0.0344200365551	0.0175850345342	-0.0241092543603	0.0121121506744	-0.0333626005914	0.00950507495897	0.0113551639433	-0.0308522653304	0.0146001753131	-0.0747059599734	-0.0175376065389	2.96033688678e-06	-0.0192439346994	-0.0866536822397	-0.00119929768012	-0.00598907406833	-0.000109185362155	-0.0952888853313	-0.060705022963	-0.0105103110574	0.0394874165101	-0.0529718651834	0.0179303572245	-0.0430366491295	-0.011080587502
k__Bacteria;p__Bacteroidetes;c__Bacteroidia;o__Bacteroidales;f__Bacteroidaceae;g__Bacteroides;s__Bacteroides_salyersiae	-0.0195884706439	0.00131293250214	-0.0233894579129	-0.0257734502812	-0.00803381948386	-0.0690292811406	-0.0102952706971	-0.00153839183663	0.029952126097	0.0281036336116	-0.0339712202375	0.0518694382242	-0.0119999181194	-0.00670680926778	-0.0357297551634	-0.00477903432778	-0.0218793287353	0.049978745219	-0.0390096514148	-0.0219022696439	1.0	0.0209052446369	-0.0101638767447	-0.00353606545802	0.00873111699243	-0.0172334104953	-0.0497434389582	-0.0530816615565	0.029098610926	-0.0186849497692	0.0470167883016	0.0227277722659	0.0273742290904	-0.0314506377665	-0.0159675064815	0.052799301503	0.0399823526932	-0.0115809405033	-0.020456947648	-0.0946247080788	0.0670049223511	-0.0166482359063	-0.0666647072154	-0.0714174538136	0.0116213423368	-0.00986187699198	-0.0813702537575	0.0231166204106	-0.0218260146497	-0.00416679397783	-0.0220035813252	0.0330508496521	-0.00298948764812	0.00469579787667	-0.00974518109338	0.0541666329095	-0.0478829955763	0.0444271708598	-0.0219522815592
k__Bacteria;p__Firmicutes;c__Clostridia;o__Clostridiales;f__Ruminococcaceae;g__Ruminiclostridium;s__[Eubacterium]_siraeum	0.0132911435934	-0.0104938988125	0.0830295965844	-0.0502962360191	-0.0220363270148	0.00318011951524	-0.0452547743267	-0.0164962027932	0.0122185504778	-0.0241590903709	-0.00165793434065	-0.0386639856306	0.0203071256678	0.0126114582633	-0.0392938855183	0.0133010462199	-0.0505421305419	-0.0927414197711	-0.0102221050206	-0.0202269690372	0.0209052446369	1.0	-0.0412836405288	-0.019635291716	0.0207422850742	-0.0143676991078	0.0245856218036	-0.00299562480796	0.0263335902417	0.0287722607199	0.0568811266288	0.0276152254776	-0.0596110268696	-0.0271589113362	-0.0457272291258	-0.0106421538281	-0.0102393919873	0.0374965318374	-0.0346885437891	-0.0648360028601	-0.03357934844	-0.0705907701234	-0.0379911905442	-0.0417166342563	0.0094713375438	-0.0230042263468	0.0452694728425	-0.0699074181435	-0.0495720582467	-0.0152549089342	-0.0145365733459	-0.0502409913198	0.0752646841474	-0.0278372826796	-0.0338632058322	0.0286365135706	0.00305415779336	-0.0537445156646	0.00596579523665
k__Bacteria;p__Proteobacteria;c__Betaproteobacteria;o__Burkholderiales;f__Sutterellaceae;g__Parasutterella;s__Parasutterella_excrementihominis	-0.0596191930839	0.0299809545441	-0.073322338139	-0.0724761438259	-0.0209618642482	-0.0249689970789	-0.00778018878027	0.0225498368773	-0.0640576787257	-0.0534316453346	-0.000590104582888	-0.0277810593689	0.00465190056786	0.0437723864405	-0.0421269911501	0.0103244435428	0.0376348160242	0.00898691290281	-0.058112162219	-0.0155493589974	-0.0101638767447	-0.0412836405288	1.0	-0.0756318370684	0.016952509371	0.0123776440616	0.0650292252195	0.0459081626976	0.0725030938409	0.0451240806263	-0.0645642159849	-0.0229220979311	0.0240722374822	-0.0558611045651	-0.0170117326381	0.00997945263929	0.00336399685117	-0.0286250255702	0.0317551543548	0.0185730719285	0.0320457139868	-0.0328125927008	-0.0625603077005	-0.0168695664826	0.0538466184203	0.0239621395403	0.0762126198901	0.00867251277741	-0.0335395875144	0.0539539122963	0.0118364564121	-0.0108095889916	0.0234442488906	-0.0565906374225	0.023497295642	-0.0836069435	-0.0174935178766	-0.0397206027563	-0.0322807204582
k__Bacteria;p__Actinobacteria;c__Actinobacteria;o__Bifidobacteriales;f__Bifidobacteriaceae;g__Bifidobacterium;s__Bifidobacterium_adolescentis	-0.0016277360139	0.0538726328365	0.00830217526334	-0.015333596654	-0.0097467536791	0.0197395454431	0.00979317523306	-0.0687495678881	0.00239396465106	-0.0502744163162	0.0572186035759	-0.0819880595593	0.00557200025847	-0.0374556865024	0.0160340935144	-0.0443483481689	0.0256848276887	-0.0403399669818	-0.0147169074916	-0.0783494014507	-0.00353606545802	-0.019635291716	-0.0756318370684	1.0	0.0437625134857	0.0130901587121	-0.00828117292588	0.0183231651607	0.00471232927861	-0.0447297849367	0.035601223938	-0.0313278366214	-0.0244050807006	0.0529190470609	0.00379824146954	-0.00699039485361	0.0173751641602	-0.0740784054082	0.0306630881529	0.00572882211019	0.00600009237971	-0.0210544999987	0.0219979587732	-0.00473138547975	0.0160735545205	-0.00756111843783	0.00845245259416	0.0606080118382	-0.0763370324961	-0.0290186979193	0.0692485301879	0.0740656782082	-0.00476855561366	-0.0218021284118	-0.0869687994643	0.0127683554219	-0.0267406537421	-0.0073462601905	-0.0187718764438
k__Bacteria;p__Firmicutes;c__Clostridia;o__Clostridiales;f__Oscillospiraceae;g__Oscillibacter;s__Oscillibacter_sp._KLE_1745	-0.0535788485883	0.0166020336011	-0.0248373731054	0.0321548469359	-0.0463286039468	0.0354077174163	0.0300402284119	-0.0700257154511	0.00323402013486	-0.0437103579455	-0.0273929933064	-0.00644210914872	0.00195828261248	-0.0216479348987	-0.0549064729882	0.0270882041173	-0.0889179431976	0.0183678852522	-0.0359352624993	0.0151837427843	0.00873111699243	0.0207422850742	0.016952509371	0.0437625134857	1.0	0.0376962679841	-0.0202019259682	0.0387844624793	-0.00663682643405	0.0104007278706	-0.0123210023654	0.0583342639611	-0.0119799015685	0.0182998233446	-0.0307049932968	-0.00217712991026	-0.0307269568305	-0.00756538447326	-0.0462223726229	0.0333160907667	0.0325041720765	-0.0830718115466	0.0154344317801	-0.0851199257281	0.0133629497577	-0.0101358015889	-0.0106597127498	-0.00863426804688	-0.00516674913955	-0.012013222791	-0.00152113303619	0.0224525775197	-0.0818997737412	-0.0144075909332	-0.0815713009191	0.0247374783691	0.00157749187979	0.0510601649009	0.0277397221101
k__Bacteria;p__Bacteroidetes;c__Bacteroidia;o__Bacteroidales;f__Bacteroidaceae;g__Bacteroides;s__Bacteroides_coprophilus	0.0231201163741	0.0585049152798	-0.0255837751787	-0.0391791259907	-0.00460072460525	-0.00885919890998	-0.0618266092367	0.0168634070898	-0.0644252547667	-0.0189189017623	-0.0315078123035	-0.0147673187553	-0.0597564377493	-0.0300352719459	-0.0455179300575	-0.00643633722031	0.0460676230703	0.0686945120756	-0.0264024723795	0.0269588489085	-0.0172334104953	-0.0143676991078	0.0123776440616	0.0130901587121	0.0376962679841	1.0	-0.0498879196633	-0.0351924611241	-0.00684480086878	-0.0437300656798	-0.0532299629889	-0.01416960507	-0.051668472331	-0.0315919265827	-0.0555183220545	0.0134862315142	-0.0137860710841	-0.0303216632204	0.025195637696	-0.00161181542318	-0.0430168180873	0.00653254282361	-0.014901334175	-0.0239253881225	0.0359558932345	-0.0265148156429	-0.0132518975998	-0.0883665023565	0.0369517165604	-0.0816781349539	0.0371941307116	-0.0104092116576	-0.0781736254871	-0.00130518291856	-0.015765295627	-0.0184617319309	-0.00945486095958	0.0394392320564	0.0325845036783
k__Bacteria;p__Firmicutes;c__Clostridia;o__Clostridiales;f__Lachnospiraceae;g__Roseburia;s__Roseburia_intestinalis	-0.0291979084263	-0.0176402511591	-0.0670626633544	-0.103044759227	0.0554192992845	0.0220174314588	-0.0139336482763	-0.0138823186748	0.0960044737828	-0.0297822474954	-0.0112707755432	-0.0400398102608	0.00875713101533	-0.0594423473138	-0.0348895333749	-0.0300727035896	0.0320076719041	-0.061397063584	-0.0534875416385	0.0436833496793	-0.0497434389582	0.0245856218036	0.0650292252195	-0.00828117292588	-0.0202019259682	-0.0498879196633	1.0	-0.0283249764722	-0.00592671823691	0.02328140703	-0.0316896313995	-0.054799177816	0.0471824618171	-0.060103292212	-0.0136760032804	0.0270431096361	-0.00943421035902	0.0489122222285	-0.0887680742347	0.0197996443501	0.0134538030297	0.0369559378983	-0.0565695758658	-0.0308302174641	0.0153437568568	0.0126985968874	-0.00267524285738	-0.0177997275416	-0.0101976721166	0.00285835025655	-0.0308170802404	-0.0452758432104	0.0686594131646	-0.0222305677344	-0.00386464766055	0.0139039739023	-0.0337714226206	-0.0485363387517	-0.0775304771266
k__Bacteria;p__Firmicutes;c__Clostridia;o__Clostridiales;f__Lachnospiraceae;g__Roseburia;s__Roseburia_hominis	-0.00639305481235	-0.0552793554264	-0.0465253418398	0.0261665188717	-0.0279955763153	0.0146995147746	0.00719302662532	0.02599083726	0.0245444623606	0.0123170172311	0.019971349173	-0.0080659865524	0.0223538208557	0.00174906298663	-0.00603492241468	-0.0407051948203	-0.0266602528148	-0.00219293065493	0.0293524582453	-0.0331187934257	-0.0530816615565	-0.00299562480796	0.0459081626976	0.0183231651607	0.0387844624793	-0.0351924611241	-0.0283249764722	1.0	0.0503308646936	-0.0226571230833	0.0218155409091	0.00312415907098	0.00660892419971	0.00661000315896	-0.0683622322369	0.0444152038554	-0.0820536747073	0.0232663630617	0.0108288929552	0.00979765082609	-0.109654920764	0.0221901543138	-0.040467977455	-0.0294263584217	-0.0525767768365	0.0109557982638	0.00123125543933	0.0398387589135	0.0023956958218	0.0236466546484	-0.0282036309168	-0.00172050125885	0.0115193278902	-0.0392082180708	0.00586146661511	-0.0647333706902	0.00364742085513	-0.0825504315763	0.072190928582
k__Bacteria;p__Bacteroidetes;c__Bacteroidia;o__Bacteroidales;f__Porphyromonadaceae;g__Parabacteroides;s__Parabacteroides_johnsonii	0.0116418514784	-0.0218528200311	-0.0613515412616	0.000496771842162	0.0122587129346	-0.017590597011	-0.0369859747705	-0.01535301092	0.0339765452474	-0.0131013628675	-0.0422045390588	0.0224370039576	-0.050668999525	0.0146833041153	0.0156482215209	0.0180386871606	-0.0295473515579	-0.0163860619956	0.0231412907611	-0.038842650121	0.029098610926	0.0263335902417	0.0725030938409	0.00471232927861	-0.00663682643405	-0.00684480086878	-0.00592671823691	0.0503308646936	1.0	-0.00824155919278	0.0382096981669	-0.00402658455494	0.0102455164509	0.0206646408934	-0.00535756891849	-0.052897323257	0.0553156910415	-0.0819785141295	-0.111776216465	0.0116928551652	0.00754471875652	-0.0141320366361	-0.0867884973761	-0.0243019935664	0.0630226996953	0.0313850319942	-0.0548027411245	0.0463869717849	0.0124665832914	0.00551431804621	-0.130472846113	-0.0473554801007	0.03223190728	-0.00405097839095	-0.00376832438376	-0.0351714129799	-0.0282625428801	-0.0263623670534	0.0106568915375
k__Bacteria;p__Actinobacteria;c__Actinobacteria;o__Bifidobacteriales;f__Bifidobacteriaceae;g__Bifidobacterium;s__Bifidobacterium_longum	-0.0043307750871	0.00531535219951	0.0407793789153	-0.0294578290304	0.0592225442042	-0.0107250663141	0.0220823046894	-0.0274767535747	0.0155812293073	-0.0331324058195	0.0796076023195	0.0175522929296	-0.0209640489196	-0.0822069544046	0.0195082804202	-0.0452588244509	-0.018651943758	-0.0214471135359	-0.0201336648059	0.069550583227	-0.0186849497692	0.0287722607199	0.0451240806263	-0.0447297849367	0.0104007278706	-0.0437300656798	0.02328140703	-0.0226571230833	-0.00824155919278	1.0	-0.00462576499195	-0.0434514039809	-0.00362443611557	-0.0237235226521	0.0642791632374	0.00765415702868	-0.0072690854924	-0.0180189954414	0.00527249818865	0.0667870876063	0.0239240159241	-0.0100695788984	-0.0250284173334	0.0156737079227	-0.023915043955	-0.00959731689526	-0.0551199491031	-0.0172429905218	0.0468861957088	-0.0621702367502	0.0239738351373	-0.0567501004164	0.00793954199504	-0.0145955141393	-0.0548340906982	-0.0180143572489	0.0102753243761	-0.0113975415983	-0.0794593703312
