#taxonomy	k__Bacteria;p__Bacteroidetes;c__Bacteroidia;o__Bacteroidales;f__Bacteroidaceae;g__Bacteroides;s__Bacteroides_vulgatus	k__Bacteria;p__Bacteroidetes;c__Bacteroidia;o__Bacteroidales;f__Bacteroidaceae;g__Bacteroides;s__Bacteroides_uniformis	k__Bacteria;p__Bacteroidetes;c__Bacteroidia;o__Bacteroidales;f__Rikenellaceae;g__Alistipes;s__Alistipes_putredinis	k__Bacteria;p__Bacteroidetes;c__Bacteroidia;o__Bacteroidales;f__Prevotellaceae;g__Prevotella;s__Prevotella_copri	k__Bacteria;p__Bacteroidetes;c__Bacteroidia;o__Bacteroidales;f__Bacteroidaceae;g__Bacteroides;s__Bacteroides_stercoris	k__Bacteria;p__Bacteroidetes;c__Bacteroidia;o__Bacteroidales;f__Bacteroidaceae;g__Bacteroides;s__Bacteroides_ovatus	k__Bacteria;p__Bacteroidetes;c__Bacteroidia;o__Bacteroidales;f__Rikenellaceae;g__Alistipes;s__Alistipes_shahii	k__Bacteria;p__Firmicutes;c__Clostridia;o__Clostridiales;f__Ruminococcaceae;g__Faecalibacterium;s__Faecalibacterium_prausnitzii	k__Bacteria;p__Bacteroidetes;c__Bacteroidia;o__Bacteroidales;f__Rikenellaceae;g__Alistipes;s__Alistipes_finegoldii	k__Bacteria;p__Bacteroidetes;c__Bacteroidia;o__Bacteroidales;f__Porphyromonadaceae;g__Parabacteroides;s__Parabacteroides_distasonis	k__Bacteria;p__Bacteroidetes;c__Bacteroidia;o__Bacteroidales;f__Bacteroidaceae;g__Bacteroides;s__Bacteroides_thetaiotaomicron	k__Bacteria;p__Bacteroidetes;c__Bacteroidia;o__Bacteroidales;f__Bacteroidaceae;g__Bacteroides;s__Bacteroides_coprocola	k__Bacteria;p__Bacteroidetes;c__Bacteroidia;o__Bacteroidales;f__Bacteroidaceae;g__Bacteroides;s__Bacteroides_cellulosilyticus	k__Bacteria;p__Bacteroidetes;c__Bacteroidia;o__Bacteroidales;f__Rikenellaceae;g__Alistipes;s__Alistipes_obesi	k__Bacteria;p__Firmicutes;c__Clostridia;o__Clostridiales;f__Lachnospiraceae;g__;s__[Eubacterium]_rectale	k__Bacteria;p__Bacteroidetes;c__Bacteroidia;o__Bacteroidales;f__Bacteroidaceae;g__Bacteroides;s__Bacteroides_plebeius	k__Bacteria;p__Bacteroidetes;c__Bacteroidia;o__Bacteroidales;f__Bacteroidaceae;g__Bacteroides;s__Bacteroides_fragilis	k__Bacteria;p__Proteobacteria;c__Betaproteobacteria;o__Burkholderiales;f__Sutterellaceae;g__Sutterella;s__Sutterella_wadsworthensis	k__Bacteria;p__Bacteroidetes;c__Bacteroidia;o__Bacteroidales;f__Porphyromonadaceae;g__Barnesiella;s__Barnesiella_intestinihominis	k__Bacteria;p__Bacteroidetes;c__Bacteroidia;o__Bacteroidales;f__Odoribacteraceae;g__Odoribacter;s__Odoribacter_splanchnicus	k__Bacteria;p__Bacteroidetes;c__Bacteroidia;o__Bacteroidales;f__Bacteroidaceae;g__Bacteroides;s__Bacteroides_salyersiae	k__Bacteria;p__Firmicutes;c__Clostridia;o__Clostridiales;f__Ruminococcaceae;g__Ruminiclostridium;s__[Eubacterium]_siraeum	k__Bacteria;p__Proteobacteria;c__Betaproteobacteria;o__Burkholderiales;f__Sutterellaceae;g__Parasutterella;s__Parasutterella_excrementihominis	k__Bacteria;p__Actinobacteria;c__Actinobacteria;o__Bifidobacteriales;f__Bifidobacteriaceae;g__Bifidobacterium;s__Bifidobacterium_adolescentis	k__Bacteria;p__Firmicutes;c__Clostridia;o__Clostridiales;f__Oscillospiraceae;g__Oscillibacter;s__Oscillibacter_sp._KLE_1745	k__Bacteria;p__Bacteroidetes;c__Bacteroidia;o__Bacteroidales;f__Bacteroidaceae;g__Bacteroides;s__Bacteroides_coprophilus	k__Bacteria;p__Firmicutes;c__Clostridia;o__Clostridiales;f__Lachnospiraceae;g__Roseburia;s__Roseburia_intestinalis	k__Bacteria;p__Firmicutes;c__Clostridia;o__Clostridiales;f__Lachnospiraceae;g__Roseburia;s__Roseburia_hominis	k__Bacteria;p__Bacteroidetes;c__Bacteroidia;o__Bacteroidales;f__Porphyromonadaceae;g__Parabacteroides;s__Parabacteroides_johnsonii	k__Bacteria;p__Actinobacteria;c__Actinobacteria;o__Bifidobacteriales;f__Bifidobacteriaceae;g__Bifidobacterium;s__Bifidobacterium_longum	k__Bacteria;p__Firmicutes;c__Clostridia;o__Clostridiales;f__;g__Flavonifractor;s__Flavonifractor_plautii	k__Bacteria;p__Firmicutes;c__Clostridia;o__Clostridiales;f__Clostridiaceae;g__Clostridium;s__Clostridium_phoceensis	k__Bacteria;p__Verrucomicrobia;c__Verrucomicrobiae;o__Verrucomicrobiales;f__Akkermansiaceae;g__Akkermansia;s__Akkermansia_muciniphila	k__Bacteria;p__Bacteroidetes;c__Bacteroidia;o__Bacteroidales;f__Prevotellaceae;g__Paraprevotella;s__Paraprevotella_xylaniphila	k__Bacteria;p__Firmicutes;c__Clostridia;o__Clostridiales;f__Ruminococcaceae;g__Ruminococcus;s__Ruminococcus_callidus	k__Bacteria;p__Bacteroidetes;c__Bacteroidia;o__Bacteroidales;f__Rikenellaceae;g__Alistipes;s__Alistipes_senegalensis	k__Bacteria;p__Firmicutes;c__Clostridia;o__Clostridiales;f__Lachnospiraceae;g__Blautia;s__Blautia_sp._KLE_1732	k__Bacteria;p__Bacteroidetes;c__Bacteroidia;o__Bacteroidales;f__Bacteroidaceae;g__Bacteroides;s__Bacteroides_oleiciplenus	k__Bacteria;p__Firmicutes;c__Clostridia;o__Clostridiales;f__Ruminococcaceae;g__Ruminococcus;s__Ruminococcus_bicirculans	k__Bacteria;p__Bacteroidetes;c__Bacteroidia;o__Bacteroidales;f__Bacteroidaceae;g__Bacteroides;s__Bacteroides_fluxus	k__Bacteria;p__Bacteroidetes;c__Bacteroidia;o__Bacteroidales;f__Prevotellaceae;g__Prevotella;s__Prevotella_stercorea	k__Bacteria;p__Firmicutes;c__Clostridia;o__Clostridiales;f__Lachnospiraceae;g__Dorea;s__Dorea_longicatena	k__Bacteria;p__Firmicutes;c__Clostridia;o__Clostridiales;f__Eubacteriaceae;g__Eubacterium;s__[Eubacterium]_eligens	k__Bacteria;p__Firmicutes;c__Clostridia;o__Clostridiales;f__Ruminococcaceae;g__;s__Ruminococcaceae_bacterium_D16	k__Bacteria;p__Firmicutes;c__Clostridia;o__Clostridiales;f__Lachnospiraceae;g__Coprococcus;s__Coprococcus_comes	k__Bacteria;p__Proteobacteria;c__Gammaproteobacteria;o__Enterobacterales;f__Enterobacteriaceae;g__Escherichia;s__Escherichia_coli	k__Bacteria;p__Firmicutes;c__Clostridia;o__Clostridiales;f__Ruminococcaceae;g__Anaerotruncus;s__Anaerotruncus_colihominis	k__Bacteria;p__Firmicutes;c__Clostridia;o__Clostridiales;f__Lachnospiraceae;g__Blautia;s__Blautia_obeum	k__Bacteria;p__Bacteroidetes;c__Bacteroidia;o__Bacteroidales;f__Odoribacteraceae;g__Odoribacter;s__Odoribacter_laneus	k__Bacteria;p__Firmicutes;c__Clostridia;o__Clostridiales;f__Ruminococcaceae;g__Ruminiclostridium;s__[Clostridium]_leptum	k__Bacteria;p__Bacteroidetes;c__Bacteroidia;o__Bacteroidales;f__Porphyromonadaceae;g__Parabacteroides;s__Parabacteroides_goldsteinii	k__Bacteria;p__Firmicutes;c__Clostridia;o__Clostridiales;f__Lachnospiraceae;g__Anaerostipes;s__Anaerostipes_hadrus	k__Bacteria;p__Firmicutes;c__Clostridia;o__Clostridiales;f__Ruminococcaceae;g__Ruminococcus;s__Ruminococcus_lactaris	k__Bacteria;p__Firmicutes;c__Clostridia;o__Clostridiales;f__Clostridiaceae;g__Clostridium;s__Clostridium_sp._L2-50	k__Bacteria;p__Firmicutes;c__Clostridia;o__Clostridiales;f__Clostridiaceae;g__Clostridium;s__Clostridium_sp._M62/1	k__Bacteria;p__Firmicutes;c__Clostridia;o__Clostridiales;f__;g__Intestinimonas;s__Intestinimonas_butyriciproducens	k__Bacteria;p__Actinobacteria;c__Actinobacteria;o__Bifidobacteriales;f__Bifidobacteriaceae;g__Bifidobacterium;s__Bifidobacterium_bifidum	k__Bacteria;p__Firmicutes;c__Negativicutes;o__Veillonellales;f__Veillonellaceae;g__Dialister;s__Dialister_invisus	k__Bacteria;p__Bacteroidetes;c__Bacteroidia;o__Bacteroidales;f__Bacteroidaceae;g__Bacteroides;s__Bacteroides_salanitronis
k__Bacteria;p__Bacteroidetes;c__Bacteroidia;o__Bacteroidales;f__Bacteroidaceae;g__Bacteroides;s__Bacteroides_vulgatus	1.0	0.0263741428783	-0.0209193563595	-0.0412169515331	0.0510131617861	0.0276873175961	0.0981075728543	0.00960736005619	0.0349273250577	-0.0337578887199	-0.0332480175228	0.0550333551653	0.0156400038139	-0.0398740501307	-0.0415022878207	0.0162712849793	0.000575317130653	-0.0255676943378	0.00450709302606	0.0553949797371	-0.00372079233778	0.0153258030622	-0.0107006357607	0.0319223280357	-0.00347974106783	-0.00887355272405	-0.060885056185	-0.0458185381582	-0.0730063303381	0.0148269694908	-0.0189591053668	0.0238953397662	0.0327349856533	0.0123180766738	-0.0319865901744	-0.0522667436621	-0.00128624168236	-0.0628713839231	-0.0042800307244	-0.0895342223353	-0.0275315782728	-0.000308607373545	0.0340007856377	-0.0429798687905	0.0376778637245	-0.0275167730212	-0.044620480711	-0.0119115734334	0.00829619466885	-0.0597122655443	-0.0675547896485	0.0365216923088	0.00613939910982	0.0238100736441	0.0495323923391	-0.0272848875212	-0.00862203198187	-0.00614838395698	-0.0280102405807
k__Bacteria;p__Bacteroidetes;c__Bacteroidia;o__Bacteroidales;f__Bacteroidaceae;g__Bacteroides;s__Bacteroides_uniformis	0.0263741428783	1.0	0.0456939406821	0.0220819921814	-0.0050490570072	0.02407490883	-0.0552142317099	-0.0283227016288	0.00204608086313	0.00161191967744	-0.0763622365897	0.0194849027304	-0.0399534004013	0.0584367684165	0.016631594448	-3.62261122061e-05	-0.0502323925909	-0.029996136843	-0.0516518128083	0.0407794094987	-0.00673527753935	-0.00620380089286	-0.019632147845	-0.0156090139781	-0.0621000403562	-0.0173815403813	-0.0369153407665	-0.00501447843833	0.00180117531968	0.00921254464839	-0.0340200871836	0.0447003732227	-0.012735558254	-0.0226354264626	-0.0333870249394	0.0193876053384	-0.00727844399	0.00243391456578	0.00252019564652	-0.00283525459206	0.0196680580371	0.0172822301156	0.000815737466611	0.0175822513891	-0.0023207108146	-0.00961789846612	-0.069454849176	-0.0127416936113	-0.00569054893908	-0.0391097680088	-0.0348914604241	0.00522145263756	0.0289625755512	-0.0112130566571	0.0289466741295	0.0182463193366	-0.00745241122775	-0.0243686878138	-0.0162233691906
k__Bacteria;p__Bacteroidetes;c__Bacteroidia;o__Bacteroidales;f__Rikenellaceae;g__Alistipes;s__Alistipes_putredinis	-0.0209193563595	0.0456939406821	1.0	-0.0161060450581	0.0136271557005	-0.0253098011966	0.0137073287577	-0.0313443674431	-0.0441052287503	0.0164408141194	-0.0228694647932	0.00930536945644	-0.0446800512346	-0.0267119452574	-0.0554514704194	-0.00958734806394	0.0534376038538	-0.0164415015546	-0.0147767262327	-0.0389754921549	-0.0179020038062	0.00145185269449	0.0696040464347	-0.00989228321055	-0.0148812723432	-0.00595300500434	0.0123421737001	-0.0479140988715	-0.0773767057244	-0.00647197032211	-0.0120493962798	0.0541138430226	0.00800938485505	0.0322031575584	-0.0107297098101	-0.0182645287144	0.00468121122178	-0.0221350792108	-0.0684858940578	0.0215940686669	-0.0489933324294	-0.0464039237663	-0.0316936703859	-0.0327701125287	-0.0245444768966	0.0343076265583	0.0121025392702	-0.0610779641849	-0.00522943364767	0.0167711522532	-0.00100680839434	-0.00595694614408	0.0145885700152	-0.0046353643925	0.0182874029551	0.0301564981593	-0.0095717275776	0.0135811882505	0.023898218263
k__Bacteria;p__Bacteroidetes;c__Bacteroidia;o__Bacteroidales;f__Prevotellaceae;g__Prevotella;s__Prevotella_copri	-0.0412169515331	0.0220819921814	-0.0161060450581	1.0	-0.0117137842097	-0.0141505210305	-0.0154810650254	-0.00579263478734	0.0396439342128	-0.0405765532592	0.00213692770345	0.0553466081132	-0.019575100514	-0.0508656808747	-0.0439503928242	-0.0420773427064	-0.0265918116523	-0.000181046677563	-0.0154508821707	0.00775183069597	0.0154064782639	-0.0115199160768	0.0265891085133	0.0847989860175	0.00874819046851	0.0678568662875	-0.0254301613975	0.0232387637857	0.0356289689477	-0.013184182027	-0.057473749754	0.0473658948506	-0.0477735105505	-0.017905496963	0.0773276278296	0.0409723216066	-0.0813924046629	0.0299077256369	0.0192596340819	0.0511689366258	-0.0612604055317	0.0184135093646	0.0333655454836	0.0418029539425	-0.0193122558344	0.0319540024628	-0.00580070818046	-0.0317394713862	-0.0155881593961	-0.0465677164201	0.0503977976631	-0.0428553347634	-0.0667059916764	0.0193015866533	-0.0436858870177	0.024968526261	-0.0298022293172	0.0132210604134	-0.0153067857465
k__Bacteria;p__Bacteroidetes;c__Bacteroidia;o__Bacteroidales;f__Bacteroidaceae;g__Bacteroides;s__Bacteroides_stercoris	0.0510131617861	-0.0050490570072	0.0136271557005	-0.0117137842097	1.0	0.0041483809192	-0.0543173692491	-0.0177985652883	0.0175179412945	0.0203592798553	-0.00110925639914	0.0321589128075	-0.078396504516	0.0751933919389	-0.0508375955304	-0.00957614858319	-0.0429385596032	-0.0283087616323	0.0205740332548	0.00371708289103	0.00652111421407	-0.00204317194809	-0.0899760506314	-0.0134200777492	0.00921732904439	0.0540007206031	-0.0115695374106	0.000509299349551	0.019653120279	-0.0499801755948	-0.00785934696959	-0.0758243174289	0.0108531256951	-0.0626607773956	-0.0207412135807	-0.0651639207591	-0.0469315382361	-0.0437954582291	-0.00830737473277	-0.00505059086408	-0.048669215185	-0.0297001464007	-0.0605663053878	-0.0385650632769	-0.00936086053467	-0.00138442277003	-0.0319500427425	-0.0031885507	0.0160408481624	-0.0383945422228	-0.0506001573643	-0.0261382176532	0.0343736320616	-0.0145476676466	0.0688573411466	0.0426725153458	-0.0112969813049	-0.00108044487347	0.103709743715
k__Bacteria;p__Bacteroidetes;c__Bacteroidia;o__Bacteroidales;f__Bacteroidaceae;g__Bacteroides;s__Bacteroides_ovatus	0.0276873175961	0.02407490883	-0.0253098011966	-0.0141505210305	0.0041483809192	1.0	-0.0346676571367	-0.0424105862446	0.0458893923353	-0.005958871537	0.0297484233915	0.0400426260323	0.000764601865241	-0.0232141793757	-0.00330083282596	-0.022285379467	0.00685293478601	-0.00900652202464	0.071251437072	-0.0407748886403	-0.000751819474941	-0.00208827986787	-0.0249297237193	0.027699662035	0.00132965280856	-0.0603511977206	-0.0208097075308	-0.0611797632056	-0.0758465736513	0.0519557174268	0.0510125832647	-0.0394208681103	-0.0235759426735	0.00890339637454	-0.0525309708414	0.000814319173867	-0.0269784362629	-0.0773226686777	0.0685832620393	-0.08503077505	-0.0175260862321	0.0309101994586	0.0260730926597	-0.0174603187133	-0.0332056680359	0.0218931112994	-0.0614189171298	-0.00704820265584	0.00363473754916	0.0112865229476	-0.00485722649546	0.0455951055458	-0.0250028034946	-0.0486418786118	-0.00554894027433	-0.0727283707223	-0.0310643280268	0.00766172701195	-0.0374766153929
k__Bacteria;p__Bacteroidetes;c__Bacteroidia;o__Bacteroidales;f__Rikenellaceae;g__Alistipes;s__Alistipes_shahii	0.0981075728543	-0.0552142317099	0.0137073287577	-0.0154810650254	-0.0543173692491	-0.0346676571367	1.0	-0.0171307460802	-0.0247858714216	0.0367048957823	-0.0966534099293	0.0113754737294	-0.0421688872601	0.0120340798593	0.00528721452708	-0.0420518785268	-0.0330139782206	0.00452381608377	-0.0264562927197	-0.0803321084996	-0.0300560317128	-0.0312492212301	-0.0258819335185	0.0403097678728	-0.0462970882637	-0.000930630132564	0.00111721858478	0.0312608798644	-0.0114009269327	-0.102813976771	-0.043255393601	0.0103151785502	0.0206957985877	0.00697097532617	-0.00183050227674	-0.0102254461753	0.0229225265241	0.0155442059016	-0.0373290185387	-0.0227142205241	-0.0311330633489	0.00279664206528	-0.00142838718383	-0.00498006053254	-0.00940212051335	0.00871656835665	0.0328483282463	-0.082637077044	-0.0320797869629	0.0266889177801	0.0301345957101	-0.0357776655357	-0.00871728793971	0.0369633712919	-0.0234269522843	0.027386819704	-0.013881555543	-0.0186666090826	-0.0162223964791
k__Bacteria;p__Firmicutes;c__Clostridia;o__Clostridiales;f__Ruminococcaceae;g__Faecalibacterium;s__Faecalibacterium_prausnitzii	0.00960736005619	-0.0283227016288	-0.0313443674431	-0.00579263478734	-0.0177985652883	-0.0424105862446	-0.0171307460802	1.0	0.0230688017692	-0.0336548004967	-0.0401663645241	-0.0265720055634	-0.0105427466395	-0.0122198391337	-0.0294219915004	-0.0278656793061	-0.0110942186656	0.0106342506899	-0.0237823822795	0.0182163680284	-0.0228295763876	-0.0364369252899	-0.0412240293539	0.0195737682995	0.0689333523626	0.0218075828804	-0.0334271859721	0.0390029828661	0.0535496727107	0.0233725667934	0.0449397741843	0.0125267668126	0.0808296197307	0.0233069131582	-0.0650223991992	0.0621381246478	0.0116112901298	-0.0273078846376	-0.029515967662	-0.0362920408164	0.0402364463075	-0.0222055402548	0.00722997772778	-0.0144870596703	0.0499535824348	0.00108960194307	0.0424981685118	0.0501114653028	-0.0449228128605	-0.0420024976545	-0.0693247583573	-0.0180393631262	-0.0562168993107	0.0196330171582	-0.0182738918283	-0.0167184402712	-0.00419194509094	-0.0642316822038	0.00020647841553
k__Bacteria;p__Bacteroidetes;c__Bacteroidia;o__Bacteroidales;f__Rikenellaceae;g__Alistipes;s__Alistipes_finegoldii	0.0349273250577	0.00204608086313	-0.0441052287503	0.0396439342128	0.0175179412945	0.0458893923353	-0.0247858714216	0.0230688017692	1.0	-0.0340314450639	-0.0640563989229	-0.0377016337859	0.00589729830789	0.0560817278831	-0.0131864139592	-0.00615728300811	-0.0392864712953	-0.0241444413013	-0.0102510159488	-0.0179191210416	-0.0132739040188	-0.068058124754	0.0208717918391	-0.026478647875	0.00639237798725	0.0210328568018	-0.0716072708097	-0.0170535130904	0.0239960558372	0.0020161992262	0.102809702568	-0.0169484373188	-0.0293479672702	-0.0476536043583	-0.0286093745145	-0.00656242848785	0.0574071820864	-0.00208642022458	-0.0215743981729	0.0134612648535	0.0677942645976	-0.0279903225179	0.0276718454528	-0.00856229829611	-0.0334160797965	0.00535186330248	0.0160279955673	-0.0188284115044	-0.00951896036361	0.0238929408607	-0.0259586966145	0.0381005734972	0.0329169439462	-0.0170658939158	-0.0209327812062	-0.100222007433	-0.0129508098207	-0.0306056658367	-0.0411626745981
k__Bacteria;p__Bacteroidetes;c__Bacteroidia;o__Bacteroidales;f__Porphyromonadaceae;g__Parabacteroides;s__Parabacteroides_distasonis	-0.0337578887199	0.00161191967744	0.0164408141194	-0.0405765532592	0.0203592798553	-0.005958871537	0.0367048957823	-0.0336548004967	-0.0340314450639	1.0	0.103854868607	-0.0275967608123	-0.0281847829923	-0.0490419705117	-0.0221451456011	0.00584627463835	-0.0639310086416	-0.040555787098	0.0115870099366	-0.0126971982769	-0.0100894374791	-0.00192514386838	-0.00993163219481	0.00709383512911	0.0268634682069	0.0683712939213	-0.0197220137816	-0.0735409852253	0.0210069309831	-0.00354676732665	-0.00362836410431	-0.019808325633	0.0439808654131	-0.0179389638543	0.00689784049269	-0.0232372677511	0.0169978220877	0.0134201903737	-0.00958832013536	-0.0291541569202	0.0144412247951	0.0408988111925	-0.0240857667543	-0.0172960025018	-0.051629786348	-0.030002782655	-0.0482634924714	0.0146675129931	-0.0184586471904	0.0263634599414	-0.0343605369766	0.0142233286681	-0.0355842660061	0.027364830596	0.0137187682398	-0.0568710687851	-0.0579642483431	-0.0820313195323	0.0175076748748
k__Bacteria;p__Bacteroidetes;c__Bacteroidia;o__Bacteroidales;f__Bacteroidaceae;g__Bacteroides;s__Bacteroides_thetaiotaomicron	-0.0332480175228	-0.0763622365897	-0.0228694647932	0.00213692770345	-0.00110925639914	0.0297484233915	-0.0966534099293	-0.0401663645241	-0.0640563989229	0.103854868607	1.0	0.00349082810797	0.000631042144581	0.0517224191603	-0.0228551591805	-0.0660003635685	0.0150286734494	0.0485694308635	-0.0256056792512	0.0709037954501	-0.0124979917808	-0.0339419373277	0.0408024964136	-0.0263523015067	-0.0100826168792	-0.0186821069741	0.000514421898658	0.0580348729289	0.00126845908637	-0.0273473072374	0.00105167220784	-0.0493731666466	-0.00804316001461	-0.0281117907047	-0.0182670947646	0.0043539716934	0.0329510094975	0.0207129893659	-0.00164010583127	-0.0642816582108	-0.0165328577745	-0.0271577663536	0.0310318870719	-0.0475635920881	-0.0197838565983	0.0223128226929	0.0302159593346	-0.0840971522132	0.0296162562241	0.0672238577984	0.000990966276019	-0.0292464540399	-0.00863646678697	-0.00948742275547	0.00681248404742	-0.028931979676	-0.00386865351927	-0.0457342755001	-0.00759027797129
k__Bacteria;p__Bacteroidetes;c__Bacteroidia;o__Bacteroidales;f__Bacteroidaceae;g__Bacteroides;s__Bacteroides_coprocola	0.0550333551653	0.0194849027304	0.00930536945644	0.0553466081132	0.0321589128075	0.0400426260323	0.0113754737294	-0.0265720055634	-0.0377016337859	-0.0275967608123	0.00349082810797	1.0	-0.0286685676514	-0.0259450737363	0.0129474191611	-0.0381653346195	-0.0047957991751	-0.064185825973	-0.0281496255797	-0.0582852114343	0.00428060087928	0.0591458316263	-0.0125998539043	-0.00314849216488	0.0188724608643	0.00299457704598	-0.0295724040113	-0.0773866657386	-0.0197777417839	-0.064838354966	0.000246182395674	-0.0402984923761	-0.00616197478671	-0.0505791792031	0.00714982796319	-0.0461199746149	0.00605148213181	0.0782963213243	-0.00368397462414	-0.00280520846796	0.0401044832575	-0.0182754540869	0.0326292723756	-0.0309930406154	0.000899160081291	-0.0194740825888	-0.124372338378	-0.0607902116686	-0.0428243939126	-0.00172143878628	0.0111903850148	0.014353315321	0.0154532361996	-0.0165054045839	0.058801531897	0.033259798785	-0.00412979166206	0.00109927346696	0.0525585111585
k__Bacteria;p__Bacteroidetes;c__Bacteroidia;o__Bacteroidales;f__Bacteroidaceae;g__Bacteroides;s__Bacteroides_cellulosilyticus	0.0156400038139	-0.0399534004013	-0.0446800512346	-0.019575100514	-0.078396504516	0.000764601865241	-0.0421688872601	-0.0105427466395	0.00589729830789	-0.0281847829923	0.000631042144581	-0.0286685676514	1.0	0.0195734710182	0.02614363603	0.0188863047293	0.00859879700014	0.0196045471702	-0.0503367836134	-0.012483840613	-0.0487517205416	0.0378611071911	0.0855597720863	0.000479291639118	0.0106646278515	0.00509537932353	-0.00101923360427	-0.00425637749901	-0.0218927677151	0.00822280176426	-0.006638741529	0.0217240594319	-0.0378600335744	0.00968913977282	0.0253930659195	0.0836555869224	-0.0563234935275	0.0332778379461	-0.0483828651706	-0.0575957559464	0.00164452616837	-0.024893579973	-0.0390438990992	0.00989723050156	0.0536648846673	-0.0144146364266	0.0441520639624	-0.0122387653144	0.0150838190391	-0.0325308772128	0.0852915226953	-0.0168089342954	-0.0274950094146	0.00749954506038	0.0378523342542	0.0380095011312	0.0191082739461	-0.0410682620103	-0.0383823627974
k__Bacteria;p__Bacteroidetes;c__Bacteroidia;o__Bacteroidales;f__Rikenellaceae;g__Alistipes;s__Alistipes_obesi	-0.0398740501307	0.0584367684165	-0.0267119452574	-0.0508656808747	0.0751933919389	-0.0232141793757	0.0120340798593	-0.0122198391337	0.0560817278831	-0.0490419705117	0.0517224191603	-0.0259450737363	0.0195734710182	1.0	0.0586479713853	-0.0124535428179	-0.046132800088	0.042774554356	-0.106506189054	-0.0596654982518	0.021877140032	-0.0124177931062	-0.0140902404308	-0.069411144549	-0.0473849579818	-0.0584443130086	0.0153312208579	-0.0247990780454	-0.0214433321391	0.00699013364673	0.000687061880195	0.0726929157432	0.0368780511569	0.0220305486719	0.000118428882044	0.0677797949956	0.0234789782106	-0.00909392311644	0.0155920482891	-0.0283700395209	0.0265116128252	0.0135993408393	-0.0114460320657	0.0318127537879	-0.0703634597957	-0.0289353346391	-0.0165460928483	0.034204812112	-0.00731339059099	-0.0740865719111	-0.0389040815599	-0.0111060273737	0.0404506927439	-0.0513777646599	-0.0215389045586	-0.0227996446775	0.0216391825083	-0.0180861370707	-0.0232130708782
k__Bacteria;p__Firmicutes;c__Clostridia;o__Clostridiales;f__Lachnospiraceae;g__;s__[Eubacterium]_rectale	-0.0415022878207	0.016631594448	-0.0554514704194	-0.0439503928242	-0.0508375955304	-0.00330083282596	0.00528721452708	-0.0294219915004	-0.0131864139592	-0.0221451456011	-0.0228551591805	0.0129474191611	0.02614363603	0.0586479713853	1.0	-0.0152291826765	0.0698033392549	0.0121911876504	-0.0866294250755	0.0634615604666	-0.0184512393001	0.0459803005601	-0.0150125588215	-0.0570928350662	-0.0343905334332	-0.0618156079064	0.0257467545249	0.0469391420314	0.0771080650012	-0.0308593962743	0.00788215801039	-0.0233058569733	-0.0372493369074	-0.0256254907332	0.069458691485	0.0367461655615	-0.0544351082639	-0.0360241038503	-0.0395351521156	0.014796239065	-0.0461456397603	-0.0253126157774	0.0362591786463	-0.0121868960691	-0.0180959309212	-0.0116158683423	-0.0115915891496	-0.0714951664163	-0.0679766135412	-0.0221258138979	-0.020380684849	0.0167425811474	0.020968040786	-0.0266785210247	0.0133543621462	-0.0231497535362	0.047457746876	0.00736291353783	0.0281235021948
k__Bacteria;p__Bacteroidetes;c__Bacteroidia;o__Bacteroidales;f__Bacteroidaceae;g__Bacteroides;s__Bacteroides_plebeius	0.0162712849793	-3.6226112206e-05	-0.00958734806394	-0.0420773427064	-0.00957614858319	-0.022285379467	-0.0420518785268	-0.0278656793061	-0.00615728300811	0.00584627463835	-0.0660003635685	-0.0381653346195	0.0188863047293	-0.0124535428179	-0.0152291826765	1.0	0.00396033815709	-0.0547433747896	0.0115770322157	-0.0450589451659	0.0215544367475	-0.0565443670166	0.00959672619937	0.0215322990667	-0.00360762791173	0.0209104136919	0.00937555840731	-0.0115577109959	0.031537018019	-0.0332760230895	0.0122075984242	-0.061531565695	-0.0361577493071	0.0290073369455	-0.0129717385412	-0.0900896841619	-0.0228690857923	-0.00350048174995	-0.00932706274152	0.00992326534839	0.0267106477344	-0.0179148847569	-0.0041392808947	0.0142293568235	-0.0120454473169	0.0526200490315	0.0259155268477	0.00298043113186	-0.0230467185375	0.0153678651818	-0.0304162427976	-0.0293667198149	-0.0334844407274	0.00702369563452	-0.0240268146321	-0.00582365591381	-0.0237327273371	0.0469571573285	-0.0466909029027
k__Bacteria;p__Bacteroidetes;c__Bacteroidia;o__Bacteroidales;f__Bacteroidaceae;g__Bacteroides;s__Bacteroides_fragilis	0.000575317130654	-0.0502323925909	0.0534376038538	-0.0265918116523	-0.0429385596032	0.00685293478601	-0.0330139782206	-0.0110942186656	-0.0392864712953	-0.0639310086416	0.0150286734494	-0.0047957991751	0.00859879700014	-0.046132800088	0.0698033392549	0.00396033815709	1.0	-0.0413512310547	0.0080815148632	-0.0213866928053	-0.0156281132374	0.0608655853462	0.00164011181581	0.0323282412025	0.0014508542895	-0.0486508879201	-0.0175559926087	0.0292097543105	-0.0209548380019	0.000308970371848	0.041895398806	-0.0266498263801	0.0133794659392	0.00198282850562	0.0321289989136	-0.0377589302437	0.0227508493371	-0.0120618050117	0.0406228169206	-0.0278788218915	-0.0133239226694	-0.0065704153919	-0.0453551598164	-0.0146579603354	-0.00329636483368	-0.0182735563134	0.0433139182173	-0.00785636539274	0.0533799441215	-0.0789703331921	0.0238660502266	-0.0410643888945	-0.0222782363221	-0.0294664811788	-0.0792863234971	-0.00261749668081	-0.0123565064632	-0.00975325801324	0.00703253157956
k__Bacteria;p__Proteobacteria;c__Betaproteobacteria;o__Burkholderiales;f__Sutterellaceae;g__Sutterella;s__Sutterella_wadsworthensis	-0.0255676943378	-0.029996136843	-0.0164415015546	-0.000181046677563	-0.0283087616323	-0.00900652202464	0.00452381608377	0.0106342506899	-0.0241444413013	-0.040555787098	0.0485694308635	-0.064185825973	0.0196045471702	0.042774554356	0.0121911876504	-0.0547433747896	-0.0413512310547	1.0	-0.00351241848361	0.00793233102529	-0.0366387182554	-0.00868921997688	-0.015967491579	0.0335713467655	-0.0521399011495	0.0293190522765	-0.0193561317775	-0.0224321675734	-0.00765432064946	-0.0275946599909	0.0137918245828	0.055673578229	0.0234385258608	-0.0744274493012	0.0249928551202	-0.0227722216062	-0.0300948035117	-0.0174283708632	0.0215871204103	-0.0688064017037	-0.0415186982817	-0.0232197226975	0.0344801209046	0.0227390004659	-0.0354283366527	0.0220577592694	-0.0113563605632	0.0275991561322	0.0196743140268	-0.0309262253732	-0.0102825921436	-0.0549787300235	-0.00569585829981	0.0205760772029	-0.0437948317547	0.0264598608534	0.042225869975	0.0518676607085	0.0213093228723
k__Bacteria;p__Bacteroidetes;c__Bacteroidia;o__Bacteroidales;f__Porphyromonadaceae;g__Barnesiella;s__Barnesiella_intestinihominis	0.00450709302606	-0.0516518128083	-0.0147767262327	-0.0154508821707	0.0205740332548	0.071251437072	-0.0264562927197	-0.0237823822795	-0.0102510159488	0.0115870099366	-0.0256056792512	-0.0281496255797	-0.0503367836134	-0.106506189054	-0.0866294250755	0.0115770322157	0.0080815148632	-0.00351241848361	1.0	-0.0276877341694	0.0129756664079	-0.0177606479349	0.0232459642306	-0.0510368569081	0.0491963901497	0.0190835243427	-0.0671789883767	-0.053324425394	-0.0927044569839	0.0455944155365	0.0946302633685	0.0153600235942	-0.0487416306583	-0.0171037007007	-0.0151180393021	-0.0779925041207	0.0246877264473	0.00887502274964	0.0136596779554	-0.041436015743	-0.0189004419092	-0.0138662921653	0.0402340828452	0.00295244812847	-0.0881267290583	-0.0452333823341	-0.0403224310541	-0.0831215404859	-0.0137402660032	0.0264280578118	-0.0180078078364	0.00947989403041	0.0392978198902	0.00232661881582	0.0373539642007	-0.0311400835086	-0.0204519594682	-0.00552430197583	0.0105021621025
k__Bacteria;p__Bacteroidetes;c__Bacteroidia;o__Bacteroidales;f__Odoribacteraceae;g__Odoribacter;s__Odoribacter_splanchnicus	0.0553949797371	0.0407794094987	-0.0389754921549	0.00775183069597	0.00371708289103	-0.0407748886403	-0.0803321084996	0.0182163680284	-0.0179191210416	-0.0126971982769	0.0709037954501	-0.0582852114343	-0.012483840613	-0.0596654982518	0.0634615604666	-0.0450589451659	-0.0213866928053	0.00793233102529	-0.0276877341694	1.0	-0.117312322251	0.0171021650858	-0.0728251609947	-0.000195858471896	-0.0756766058574	0.031208504118	-0.0164459350112	-0.0172037214097	-0.0207368715918	-0.0830754059352	-0.0157431869984	-0.0722978272099	-0.0328570477943	-0.0293924992868	-0.00835701659078	-0.000890962399826	0.0044730447925	0.0305691350917	-0.0537029599437	-0.0523791220781	-0.0762026715142	-0.0016292373475	-0.010731908989	0.0579302450368	-0.0513217931487	0.0232193592141	-0.0172490733111	-0.000734940696344	-0.0111917842455	-0.0409941467907	0.0152109411565	-0.0401752378571	0.0618783520263	-0.0154993977855	0.0121344396579	0.0164785691559	0.0391730221977	-0.0127588035344	0.0511853116159
k__Bacteria;p__Bacteroidetes;c__Bacteroidia;o__Bacteroidales;f__Bacteroidaceae;g__Bacteroides;s__Bacteroides_salyersiae	-0.00372079233778	-0.00673527753935	-0.0179020038062	0.0154064782639	0.00652111421407	-0.000751819474941	-0.0300560317128	-0.0228295763876	-0.0132739040188	-0.0100894374791	-0.0124979917808	0.00428060087928	-0.0487517205416	0.021877140032	-0.0184512393001	0.0215544367475	-0.0156281132374	-0.0366387182554	0.0129756664079	-0.117312322251	1.0	-0.0370735355572	0.0818506344449	0.0145589287053	0.0155226200942	-0.00617658891307	-0.00936895385489	-0.0527823027212	-0.0422398949593	0.0572424497195	0.00643736493239	0.0352631548465	-0.0291471882343	-0.0344607156374	-0.00890723916844	0.00608126601951	0.00922962022733	-0.0513272634086	-0.00056867342886	-0.0097337344428	-0.0167226890381	-0.0154533777529	0.00115701077389	0.00514667776774	0.0184243162575	-0.00594230292038	-0.0172103929305	-0.0705933670938	0.0724795307363	-0.0380755631072	-0.0111958417071	-0.0501367292676	-0.0372116606853	0.0662455218193	-0.0334003291127	-0.0392041070446	0.0392478546698	-0.0237351585041	0.00906454301579
k__Bacteria;p__Firmicutes;c__Clostridia;o__Clostridiales;f__Ruminococcaceae;g__Ruminiclostridium;s__[Eubacterium]_siraeum	0.0153258030622	-0.00620380089286	0.00145185269449	-0.0115199160768	-0.00204317194809	-0.00208827986787	-0.0312492212301	-0.0364369252899	-0.068058124754	-0.00192514386838	-0.0339419373277	0.0591458316263	0.0378611071911	-0.0124177931062	0.0459803005601	-0.0565443670166	0.0608655853462	-0.00868921997688	-0.0177606479349	0.0171021650858	-0.0370735355572	1.0	-0.0473274228558	-0.0210345566132	0.0302066864105	-0.000364447154758	0.0211246777853	0.00165054129993	0.0173614669645	0.0233268661359	-0.0373307646081	-0.0088868306356	0.065506701056	-0.0716362755117	-0.0271535466498	-0.0239416598147	0.00144248434619	0.013698751307	-0.0124248068766	0.0360691767039	-0.0993834866543	-0.0285668829969	-0.00917515866196	0.00202957078242	0.0250651763816	0.016060793678	-0.0214699157642	-0.00730793379695	-0.0537795070798	0.0135012385798	-0.0376971357868	-0.0679952592888	-0.0300377207098	-0.00997603645064	0.0473547720991	-0.00482190638182	0.0169028127849	-0.0278020863726	-0.0335788318716
k__Bacteria;p__Proteobacteria;c__Betaproteobacteria;o__Burkholderiales;f__Sutterellaceae;g__Parasutterella;s__Parasutterella_excrementihominis	-0.0107006357607	-0.019632147845	0.0696040464347	0.0265891085133	-0.0899760506314	-0.0249297237193	-0.0258819335185	-0.0412240293539	0.0208717918391	-0.00993163219481	0.0408024964136	-0.0125998539043	0.0855597720863	-0.0140902404308	-0.0150125588215	0.00959672619937	0.00164011181581	-0.015967491579	0.0232459642306	-0.0728251609947	0.0818506344449	-0.0473274228558	1.0	0.00116187240573	-0.00804161161386	-0.0144473207844	-0.0158980757075	-0.00309119745744	-0.0432943964112	-0.0543902750449	-0.0328149957592	0.0351935570562	-0.0181095072525	-0.0197515590453	-0.0757233951081	0.00414032785807	-0.00682231789546	0.0786652017316	0.082713269792	0.0092579477929	-0.0080281266776	-0.000102025655967	0.0140120752773	-0.0437270844512	0.0116587818093	0.0487717278972	0.0378705568066	0.026775128173	-0.00985780612739	-0.0443270581666	-0.0113168878248	-0.0231878080762	0.0232546190835	0.00961454823984	-0.0545643779497	-0.00611737732048	-0.0257985808378	-0.0256740896418	-0.00514109798229
k__Bacteria;p__Actinobacteria;c__Actinobacteria;o__Bifidobacteriales;f__Bifidobacteriaceae;g__Bifidobacterium;s__Bifidobacterium_adolescentis	0.0319223280357	-0.0156090139781	-0.00989228321055	0.0847989860175	-0.0134200777492	0.027699662035	0.0403097678728	0.0195737682995	-0.026478647875	0.00709383512911	-0.0263523015067	-0.00314849216488	0.000479291639118	-0.069411144549	-0.0570928350662	0.0215322990667	0.0323282412025	0.0335713467655	-0.0510368569081	-0.000195858471896	0.0145589287053	-0.0210345566132	0.00116187240573	1.0	-0.0444421260796	0.0169181130036	-0.0181765820211	0.0251086911991	0.0206095397305	0.00269323218947	0.0108930294423	0.00884314181027	-0.0836012875804	-0.055676542587	-0.00727733335047	-0.0241491504391	0.0230758455878	-0.00192837110885	-0.0558383626356	0.00599478937186	-0.00223576948995	-0.0814570703859	-0.100264906542	0.0199608347138	-0.0392304359647	-0.0278203023215	-0.0624486982741	-0.0254570994577	-0.0585364426481	-0.00579220007692	0.021526113637	-0.012706044195	-0.0436316997993	-0.0454559460345	-0.0160906953436	-0.0563639841989	0.0226967322252	-0.0532474951505	0.0558874957096
k__Bacteria;p__Firmicutes;c__Clostridia;o__Clostridiales;f__Oscillospiraceae;g__Oscillibacter;s__Oscillibacter_sp._KLE_1745	-0.00347974106783	-0.0621000403562	-0.0148812723432	0.00874819046851	0.00921732904439	0.00132965280856	-0.0462970882637	0.0689333523626	0.00639237798725	0.0268634682069	-0.0100826168792	0.0188724608643	0.0106646278515	-0.0473849579818	-0.0343905334332	-0.00360762791173	0.0014508542895	-0.0521399011495	0.0491963901497	-0.0756766058574	0.0155226200942	0.0302066864105	-0.00804161161386	-0.0444421260796	1.0	-0.000383343708482	-0.0531862040727	-0.00901307659735	-0.0775175144353	-0.0149931864526	0.0049699495869	-0.00599471031626	0.0200339920681	-0.0200083318782	0.0176641545562	0.0172711618173	0.00752691742129	-0.0594134440676	0.0163710171416	0.0167651115138	-0.048994555084	-0.00295952358065	-0.0283632422662	-0.031768207686	-0.0424062675498	-0.0262282931112	0.0360391125101	-0.0448165049833	-0.0522362330189	-0.0280914443647	0.00735067667114	-0.0397949540296	-0.00646607467374	0.0144660353108	-0.00538228273616	0.0369339113933	-0.0139341803813	0.0454744210713	0.0278125809955
k__Bacteria;p__Bacteroidetes;c__Bacteroidia;o__Bacteroidales;f__Bacteroidaceae;g__Bacteroides;s__Bacteroides_coprophilus	-0.00887355272405	-0.0173815403813	-0.00595300500434	0.0678568662875	0.0540007206031	-0.0603511977206	-0.000930630132564	0.0218075828804	0.0210328568018	0.0683712939213	-0.0186821069741	0.00299457704598	0.00509537932353	-0.0584443130086	-0.0618156079064	0.0209104136919	-0.0486508879201	0.0293190522765	0.0190835243427	0.031208504118	-0.00617658891307	-0.000364447154758	-0.0144473207844	0.0169181130036	-0.000383343708482	1.0	-0.0450617772143	-0.0199507980667	0.00633351989215	-0.043485399256	-0.0593662235409	0.0404882989669	0.0123614869498	0.0156483218537	0.00888764584498	-0.0106290744198	-0.00325567858937	-0.0356718394992	0.0215512764243	-0.0198492403612	-0.0324660443355	0.0297869978361	0.0442566611078	0.0116392501428	-0.0579462711999	-0.0756013087681	-0.00881521641441	0.0376329230936	-0.0330794200057	-0.0040316274492	0.0280143198263	-0.0932968275396	-0.0522859352579	-0.0340840981377	0.0406339494307	-0.0176412422132	-0.0574761346052	0.0264057249937	-0.0182320374585
k__Bacteria;p__Firmicutes;c__Clostridia;o__Clostridiales;f__Lachnospiraceae;g__Roseburia;s__Roseburia_intestinalis	-0.060885056185	-0.0369153407665	0.0123421737001	-0.0254301613975	-0.0115695374106	-0.0208097075308	0.00111721858478	-0.0334271859721	-0.0716072708097	-0.0197220137816	0.000514421898658	-0.0295724040113	-0.00101923360427	0.0153312208579	0.0257467545249	0.00937555840731	-0.0175559926087	-0.0193561317775	-0.0671789883767	-0.0164459350112	-0.00936895385489	0.0211246777853	-0.0158980757075	-0.0181765820211	-0.0531862040727	-0.0450617772143	1.0	0.0220677591324	-0.0279678077389	-0.0791103326876	-0.00525715811605	-0.0305398149009	-0.0422014060326	0.10513496456	-0.0291246934658	0.0281287701404	-0.0967807466196	0.0216881190206	0.0151675656626	-0.0240204831567	-0.0341530066295	-0.059409745908	0.0338552023743	-0.0115960079705	-0.0288747340896	-0.0153383643686	0.00371521818366	0.00672375686518	0.0259357992795	0.0166533558849	-0.0704263906433	0.0365498321625	0.0157615048782	-0.0157790799976	-0.0108889406381	0.0287648025834	-0.05944673387	-0.00128115278398	0.0165741582753
k__Bacteria;p__Firmicutes;c__Clostridia;o__Clostridiales;f__Lachnospiraceae;g__Roseburia;s__Roseburia_hominis	-0.0458185381582	-0.00501447843833	-0.0479140988715	0.0232387637857	0.000509299349551	-0.0611797632056	0.0312608798644	0.0390029828661	-0.0170535130904	-0.0735409852253	0.0580348729289	-0.0773866657386	-0.00425637749901	-0.0247990780454	0.0469391420314	-0.0115577109959	0.0292097543105	-0.0224321675734	-0.053324425394	-0.0172037214097	-0.0527823027212	0.00165054129993	-0.00309119745744	0.0251086911991	-0.00901307659735	-0.0199507980667	0.0220677591324	1.0	-0.0260761696797	-0.0485888851789	0.0461032841494	0.0332888770802	0.00871902253138	0.0211698102713	-0.0248753315705	0.00341482030165	-0.0558926238678	0.0370493224652	-0.000909876025319	-0.0224880685945	-0.100793687331	-0.0165423544976	0.00791424962651	-0.037110140836	-0.0191377068623	0.0291350642864	-0.0632464741017	-0.0237952557402	-0.0623931203248	-0.0287094008056	-0.0412534996908	-0.0217049726678	-0.0570716844492	0.0154732038708	0.0414492529577	0.00347408928994	0.00287514797184	0.0755849216117	0.0424547709671
k__Bacteria;p__Bacteroidetes;c__Bacteroidia;o__Bacteroidales;f__Porphyromonadaceae;g__Parabacteroides;s__Parabacteroides_johnsonii	-0.0730063303381	0.00180117531968	-0.0773767057244	0.0356289689477	0.019653120279	-0.0758465736513	-0.0114009269327	0.0535496727107	0.0239960558372	0.0210069309831	0.00126845908637	-0.0197777417839	-0.0218927677151	-0.0214433321391	0.0771080650012	0.031537018019	-0.0209548380019	-0.00765432064946	-0.0927044569839	-0.0207368715918	-0.0422398949593	0.0173614669645	-0.0432943964112	0.0206095397305	-0.0775175144353	0.00633351989215	-0.0279678077389	-0.0260761696797	1.0	-0.0285141557567	-0.0167448891013	0.0155892898244	0.0479563515187	-0.00145841089342	-0.0365705021154	-0.0560647402262	0.0328986694274	0.0166827386872	-0.0334716971319	-0.0344019321206	0.0229643866938	-0.00117493973359	0.0380039676551	-0.0524133353449	-0.00671078365546	-0.00753048928278	0.00886453109674	-0.014019549749	0.0165498393689	-0.00936188044348	-0.00405221180155	-0.0300939128106	0.0136234142158	-0.0410577951466	-0.0466966541109	0.0123886255702	-0.00873073200651	0.0689352819798	-0.00997306061571
k__Bacteria;p__Actinobacteria;c__Actinobacteria;o__Bifidobacteriales;f__Bifidobacteriaceae;g__Bifidobacterium;s__Bifidobacterium_longum	0.0148269694908	0.00921254464839	-0.00647197032211	-0.013184182027	-0.0499801755948	0.0519557174268	-0.102813976771	0.0233725667934	0.0020161992262	-0.00354676732665	-0.0273473072374	-0.064838354966	0.00822280176426	0.00699013364673	-0.0308593962743	-0.0332760230895	0.000308970371848	-0.0275946599909	0.0455944155365	-0.0830754059352	0.0572424497195	0.0233268661359	-0.0543902750449	0.00269323218947	-0.0149931864526	-0.043485399256	-0.0791103326876	-0.0485888851789	-0.0285141557567	1.0	0.00458805942812	-0.0068477028854	0.00432116428832	0.0170797341358	-0.032480322405	0.0255724168545	0.0056034790779	-0.0515305946786	0.0653043230681	-0.00541861264364	0.0348642340232	-0.0163791599282	-0.0216921656506	0.00221334031659	0.00159441061691	0.0142619741782	-0.00767408853174	0.0237303452818	-0.0228611824315	-0.0150662698454	-0.000548635826335	0.000540004433109	-0.0236578461097	-0.0175932741212	-0.00972868337047	-0.0508565285247	-0.0218506230535	-0.0385198691729	-0.056698890203
