#taxonomy	k__Bacteria;p__Bacteroidetes;c__Bacteroidia;o__Bacteroidales;f__Bacteroidaceae;g__Bacteroides;s__Bacteroides_vulgatus	k__Bacteria;p__Bacteroidetes;c__Bacteroidia;o__Bacteroidales;f__Bacteroidaceae;g__Bacteroides;s__Bacteroides_uniformis	k__Bacteria;p__Bacteroidetes;c__Bacteroidia;o__Bacteroidales;f__Rikenellaceae;g__Alistipes;s__Alistipes_putredinis	k__Bacteria;p__Bacteroidetes;c__Bacteroidia;o__Bacteroidales;f__Prevotellaceae;g__Prevotella;s__Prevotella_copri	k__Bacteria;p__Bacteroidetes;c__Bacteroidia;o__Bacteroidales;f__Bacteroidaceae;g__Bacteroides;s__Bacteroides_stercoris	k__Bacteria;p__Bacteroidetes;c__Bacteroidia;o__Bacteroidales;f__Bacteroidaceae;g__Bacteroides;s__Bacteroides_ovatus	k__Bacteria;p__Bacteroidetes;c__Bacteroidia;o__Bacteroidales;f__Rikenellaceae;g__Alistipes;s__Alistipes_shahii	k__Bacteria;p__Firmicutes;c__Clostridia;o__Clostridiales;f__Ruminococcaceae;g__Faecalibacterium;s__Faecalibacterium_prausnitzii	k__Bacteria;p__Bacteroidetes;c__Bacteroidia;o__Bacteroidales;f__Rikenellaceae;g__Alistipes;s__Alistipes_finegoldii	k__Bacteria;p__Bacteroidetes;c__Bacteroidia;o__Bacteroidales;f__Porphyromonadaceae;g__Parabacteroides;s__Parabacteroides_distasonis	k__Bacteria;p__Bacteroidetes;c__Bacteroidia;o__Bacteroidales;f__Bacteroidaceae;g__Bacteroides;s__Bacteroides_thetaiotaomicron	k__Bacteria;p__Bacteroidetes;c__Bacteroidia;o__Bacteroidales;f__Bacteroidaceae;g__Bacteroides;s__Bacteroides_coprocola	k__Bacteria;p__Bacteroidetes;c__Bacteroidia;o__Bacteroidales;f__Bacteroidaceae;g__Bacteroides;s__Bacteroides_cellulosilyticus	k__Bacteria;p__Bacteroidetes;c__Bacteroidia;o__Bacteroidales;f__Rikenellaceae;g__Alistipes;s__Alistipes_obesi	k__Bacteria;p__Firmicutes;c__Clostridia;o__Clostridiales;f__Lachnospiraceae;g__;s__[Eubacterium]_rectale	k__Bacteria;p__Bacteroidetes;c__Bacteroidia;o__Bacteroidales;f__Bacteroidaceae;g__Bacteroides;s__Bacteroides_plebeius	k__Bacteria;p__Bacteroidetes;c__Bacteroidia;o__Bacteroidales;f__Bacteroidaceae;g__Bacteroides;s__Bacteroides_fragilis	k__Bacteria;p__Proteobacteria;c__Betaproteobacteria;o__Burkholderiales;f__Sutterellaceae;g__Sutterella;s__Sutterella_wadsworthensis	k__Bacteria;p__Bacteroidetes;c__Bacteroidia;o__Bacteroidales;f__Porphyromonadaceae;g__Barnesiella;s__Barnesiella_intestinihominis	k__Bacteria;p__Bacteroidetes;c__Bacteroidia;o__Bacteroidales;f__Odoribacteraceae;g__Odoribacter;s__Odoribacter_splanchnicus	k__Bacteria;p__Bacteroidetes;c__Bacteroidia;o__Bacteroidales;f__Bacteroidaceae;g__Bacteroides;s__Bacteroides_salyersiae	k__Bacteria;p__Firmicutes;c__Clostridia;o__Clostridiales;f__Ruminococcaceae;g__Ruminiclostridium;s__[Eubacterium]_siraeum	k__Bacteria;p__Proteobacteria;c__Betaproteobacteria;o__Burkholderiales;f__Sutterellaceae;g__Parasutterella;s__Parasutterella_excrementihominis	k__Bacteria;p__Actinobacteria;c__Actinobacteria;o__Bifidobacteriales;f__Bifidobacteriaceae;g__Bifidobacterium;s__Bifidobacterium_adolescentis	k__Bacteria;p__Firmicutes;c__Clostridia;o__Clostridiales;f__Oscillospiraceae;g__Oscillibacter;s__Oscillibacter_sp._KLE_1745	k__Bacteria;p__Bacteroidetes;c__Bacteroidia;o__Bacteroidales;f__Bacteroidaceae;g__Bacteroides;s__Bacteroides_coprophilus	k__Bacteria;p__Firmicutes;c__Clostridia;o__Clostridiales;f__Lachnospiraceae;g__Roseburia;s__Roseburia_intestinalis	k__Bacteria;p__Firmicutes;c__Clostridia;o__Clostridiales;f__Lachnospiraceae;g__Roseburia;s__Roseburia_hominis	k__Bacteria;p__Bacteroidetes;c__Bacteroidia;o__Bacteroidales;f__Porphyromonadaceae;g__Parabacteroides;s__Parabacteroides_johnsonii	k__Bacteria;p__Actinobacteria;c__Actinobacteria;o__Bifidobacteriales;f__Bifidobacteriaceae;g__Bifidobacterium;s__Bifidobacterium_longum	k__Bacteria;p__Firmicutes;c__Clostridia;o__Clostridiales;f__;g__Flavonifractor;s__Flavonifractor_plautii	k__Bacteria;p__Firmicutes;c__Clostridia;o__Clostridiales;f__Clostridiaceae;g__Clostridium;s__Clostridium_phoceensis	k__Bacteria;p__Verrucomicrobia;c__Verrucomicrobiae;o__Verrucomicrobiales;f__Akkermansiaceae;g__Akkermansia;s__Akkermansia_muciniphila	k__Bacteria;p__Bacteroidetes;c__Bacteroidia;o__Bacteroidales;f__Prevotellaceae;g__Paraprevotella;s__Paraprevotella_xylaniphila	k__Bacteria;p__Firmicutes;c__Clostridia;o__Clostridiales;f__Ruminococcaceae;g__Ruminococcus;s__Ruminococcus_callidus	k__Bacteria;p__Bacteroidetes;c__Bacteroidia;o__Bacteroidales;f__Rikenellaceae;g__Alistipes;s__Alistipes_senegalensis	k__Bacteria;p__Firmicutes;c__Clostridia;o__Clostridiales;f__Lachnospiraceae;g__Blautia;s__Blautia_sp._KLE_1732	k__Bacteria;p__Bacteroidetes;c__Bacteroidia;o__Bacteroidales;f__Bacteroidaceae;g__Bacteroides;s__Bacteroides_oleiciplenus	k__Bacteria;p__Firmicutes;c__Clostridia;o__Clostridiales;f__Ruminococcaceae;g__Ruminococcus;s__Ruminococcus_bicirculans	k__Bacteria;p__Bacteroidetes;c__Bacteroidia;o__Bacteroidales;f__Bacteroidaceae;g__Bacteroides;s__Bacteroides_fluxus	k__Bacteria;p__Bacteroidetes;c__Bacteroidia;o__Bacteroidales;f__Prevotellaceae;g__Prevotella;s__Prevotella_stercorea	k__Bacteria;p__Firmicutes;c__Clostridia;o__Clostridiales;f__Lachnospiraceae;g__Dorea;s__Dorea_longicatena	k__Bacteria;p__Firmicutes;c__Clostridia;o__Clostridiales;f__Eubacteriaceae;g__Eubacterium;s__[Eubacterium]_eligens	k__Bacteria;p__Firmicutes;c__Clostridia;o__Clostridiales;f__Ruminococcaceae;g__;s__Ruminococcaceae_bacterium_D16	k__Bacteria;p__Firmicutes;c__Clostridia;o__Clostridiales;f__Lachnospiraceae;g__Coprococcus;s__Coprococcus_comes	k__Bacteria;p__Proteobacteria;c__Gammaproteobacteria;o__Enterobacterales;f__Enterobacteriaceae;g__Escherichia;s__Escherichia_coli	k__Bacteria;p__Firmicutes;c__Clostridia;o__Clostridiales;f__Ruminococcaceae;g__Anaerotruncus;s__Anaerotruncus_colihominis	k__Bacteria;p__Firmicutes;c__Clostridia;o__Clostridiales;f__Lachnospiraceae;g__Blautia;s__Blautia_obeum	k__Bacteria;p__Bacteroidetes;c__Bacteroidia;o__Bacteroidales;f__Odoribacteraceae;g__Odoribacter;s__Odoribacter_laneus	k__Bacteria;p__Firmicutes;c__Clostridia;o__Clostridiales;f__Ruminococcaceae;g__Ruminiclostridium;s__[Clostridium]_leptum	k__Bacteria;p__Bacteroidetes;c__Bacteroidia;o__Bacteroidales;f__Porphyromonadaceae;g__Parabacteroides;s__Parabacteroides_goldsteinii	k__Bacteria;p__Firmicutes;c__Clostridia;o__Clostridiales;f__Lachnospiraceae;g__Anaerostipes;s__Anaerostipes_hadrus	k__Bacteria;p__Firmicutes;c__Clostridia;o__Clostridiales;f__Ruminococcaceae;g__Ruminococcus;s__Ruminococcus_lactaris	k__Bacteria;p__Firmicutes;c__Clostridia;o__Clostridiales;f__Clostridiaceae;g__Clostridium;s__Clostridium_sp._L2-50	k__Bacteria;p__Firmicutes;c__Clostridia;o__Clostridiales;f__Clostridiaceae;g__Clostridium;s__Clostridium_sp._M62/1	k__Bacteria;p__Firmicutes;c__Clostridia;o__Clostridiales;f__;g__Intestinimonas;s__Intestinimonas_butyriciproducens	k__Bacteria;p__Actinobacteria;c__Actinobacteria;o__Bifidobacteriales;f__Bifidobacteriaceae;g__Bifidobacterium;s__Bifidobacterium_bifidum	k__Bacteria;p__Firmicutes;c__Negativicutes;o__Veillonellales;f__Veillonellaceae;g__Dialister;s__Dialister_invisus	k__Bacteria;p__Bacteroidetes;c__Bacteroidia;o__Bacteroidales;f__Bacteroidaceae;g__Bacteroides;s__Bacteroides_salanitronis
k__Bacteria;p__Bacteroidetes;c__Bacteroidia;o__Bacteroidales;f__Bacteroidaceae;g__Bacteroides;s__Bacteroides_vulgatus	1.0	-0.0323099526057	-0.0244127387816	-0.00390426364789	0.00268775934442	-0.0228169583676	-0.0669523069079	0.0120759053445	-0.0199157221602	-0.00415145847316	0.0018849385197	0.0630689562147	0.0173084444533	0.0151737521855	0.0403282148172	0.0757475452185	-0.0776829849006	0.0188838755909	-0.0166616574541	-0.0297799958595	0.0162808554267	-0.0134618017002	0.0553959673339	-0.0206341797829	0.0183958812188	0.0174176202813	-0.105288238714	-0.024588537197	0.0497776039997	-0.0940284256782	0.0333368606611	0.0338546614413	0.0116228946797	-0.0599348614693	-0.0146903936338	-0.0153059780392	-0.0502425342	-0.0189941271423	0.00291064569398	-0.00954128531708	0.032997825237	0.0351113329621	0.0494823047759	-0.050599522098	-0.00640516198312	-0.0783302688945	0.0348177881748	0.00696783351703	-0.00305304551475	-0.00474164141508	0.0272083720257	-0.0252005253946	-0.030607536443	-0.0246463995899	0.0226660890348	0.0357253569871	-0.0371585969292	-0.0151685425762	-0.0223421064889
k__Bacteria;p__Bacteroidetes;c__Bacteroidia;o__Bacteroidales;f__Bacteroidaceae;g__Bacteroides;s__Bacteroides_uniformis	-0.0323099526057	1.0	-0.0165722114809	-0.0266320105479	0.0362079880626	0.00590542916676	-0.028430372311	-0.00693619386587	-0.0240131717618	-0.0182238069688	0.0677209858327	0.0783583096504	-0.0448541735814	0.0639824150876	-0.0235972323428	-0.0544611168864	-0.0535642521819	-0.0437481100972	0.0213849601178	-0.0344390977039	-0.0463448272446	-0.00423733586199	0.0388678899681	-0.0443883445428	-0.0204157888644	-0.0590406559722	0.00316319035945	-0.0133829572177	-0.00621942412222	-0.0548138738963	-0.00681427940904	-0.0177715759451	0.0214414537808	-0.0254778417675	-0.0516806582784	0.0143981815496	0.0167456555212	-0.050826046879	-0.0238577037332	-0.0217727638954	-0.0205612534486	0.0176275301344	-0.00391497784294	-0.00393877257272	0.00534114067707	-0.0408684309125	0.0616251006649	0.0214205110313	0.0282875635574	0.0244757747413	-0.083522596939	-0.0336066003427	0.028836114186	-0.0325098809725	0.0395482492723	0.0228958131789	-0.0440029510953	0.0179972966044	0.0538802880998
k__Bacteria;p__Bacteroidetes;c__Bacteroidia;o__Bacteroidales;f__Rikenellaceae;g__Alistipes;s__Alistipes_putredinis	-0.0244127387816	-0.0165722114809	1.0	0.00786090862417	-0.048997688508	0.0202208413342	0.0052294379438	0.0231895725565	0.039926994577	0.0411093512167	0.0424900295516	-0.0189995702932	-0.0530208026078	0.00365690424789	0.0078565054267	-0.0205733648346	0.0036884382987	-0.0340483368115	-0.0182065416716	-0.00946731835257	-0.0448112726444	0.0198980840574	-0.0778859269772	0.0682510042898	-0.0283055482709	-0.00292174473342	0.0311299915599	-0.0786016929003	0.0127501323888	0.0411897155499	0.00318073484489	0.0726716614766	-0.064560791314	0.0268945950875	-0.0624193930637	-0.0221611398911	-0.0358037676906	-0.0275000089847	-0.0451312525584	-0.026178453276	0.054025707876	0.0511448365583	0.0270777801742	0.00826353667164	-0.00688898846959	0.0291955699058	0.0438001685471	-0.00533409924231	0.0290362609699	-0.00254410735531	0.0192767629333	0.00311625180948	-0.00310076764297	0.0611623867601	-0.00664302890336	-0.023120607531	0.00417568947741	-0.00844264258381	-0.0132268088577
k__Bacteria;p__Bacteroidetes;c__Bacteroidia;o__Bacteroidales;f__Prevotellaceae;g__Prevotella;s__Prevotella_copri	-0.00390426364789	-0.0266320105479	0.00786090862417	1.0	-0.0738749311943	-0.0241135615886	-0.0441592960695	0.00768755729543	0.0157377715517	0.0218422824822	-0.103001293385	-0.0203307604016	0.0488820877097	0.0109164103604	-0.0350440714073	-0.0430529088832	0.0050062983401	0.0257278541476	0.030738858454	0.0057538212724	-0.0501484784699	-0.0602638691054	-0.0342698282479	0.0230129278914	0.0385073574111	-0.0772649871466	-0.021061874127	0.0399554056879	-0.0205700244415	0.0205957384628	0.0931068978724	0.0354103301265	0.0283789617245	0.052470250715	-0.0244155988588	-0.0329950722031	0.0544750115014	-0.00256870037982	0.0544746403172	0.0385334980078	0.0191480402503	-0.0680938293819	0.0258006140458	0.0715164486963	-0.0292182868217	-0.015203101653	0.0169440255369	-0.0484635784081	-0.0810796669317	-0.00518396223361	0.0435852155786	-0.0187096416372	-0.0485874748403	-0.0436036772976	0.00147384542086	-0.00684766977812	-0.0777852484067	0.0400984860958	-0.0390265227327
k__Bacteria;p__Bacteroidetes;c__Bacteroidia;o__Bacteroidales;f__Bacteroidaceae;g__Bacteroides;s__Bacteroides_stercoris	0.00268775934442	0.0362079880626	-0.048997688508	-0.0738749311943	1.0	-0.0526226039485	-0.0870195664227	-0.0480900842345	0.0209875854138	0.0264760366207	-0.0170233400826	0.0644744943552	0.0146893615876	-0.0153672913566	0.038578943711	-0.0805976077869	-0.0319675622855	-0.00688403594898	-0.0139349562598	-0.0398820858153	0.0287757054373	-0.0267733683073	0.0175072474337	-0.0508633613332	0.0193278410827	-0.0123207932971	-0.132400919724	0.0111226277681	-0.0672352080429	-0.0350401147982	0.0273250925453	-0.0436202115159	0.0444772158727	-0.0086173835242	0.0100322156068	-0.0200294066014	0.0460589938364	0.0171262405968	-0.0461460945015	-0.0346335031771	0.0486963224244	0.0121382802741	-0.0419389172223	0.0120522554183	0.0708684842887	-0.0503789628749	-0.0580060318081	-0.0617101380846	-0.0750327832513	-0.0164257208754	0.0309370481373	0.0285050362087	0.0435607267608	-0.0216251873535	0.0835726704092	0.00587748629634	0.0195146893178	-0.0114306829139	0.00209427895199
k__Bacteria;p__Bacteroidetes;c__Bacteroidia;o__Bacteroidales;f__Bacteroidaceae;g__Bacteroides;s__Bacteroides_ovatus	-0.0228169583676	0.00590542916676	0.0202208413342	-0.0241135615886	-0.0526226039485	1.0	-0.0171557539242	-0.0199060023282	-0.0113382627119	0.0164225046882	-0.0574463468884	-0.0434349836605	-0.0270170558247	-0.0213296574375	-0.011105505082	-0.0113598300956	0.0406338906646	-0.00637363582017	-0.014689999592	-0.00168361747259	-0.0043833329476	0.026799897291	-0.0355093490701	0.0272132490813	-0.0212198762596	-0.0570055902877	-0.0193067266152	-0.00353098666528	-0.047190541833	0.0200742349478	-0.0931152402069	0.00305565989372	0.0152297484862	-0.0246178740879	-0.0101388678209	-0.0377307294198	-0.042245665801	0.0435412375401	0.00620397456109	0.00357536288963	0.0319286023769	0.0160138597728	0.0139609503996	0.0186536518239	-0.0157075909665	0.00212821684003	0.0326833821547	-0.0904286016701	-0.00699588808107	0.0306966076424	-0.0106810564783	0.00432491676488	0.0240754428537	0.0191719317237	0.0198684993949	-0.00417536664764	-0.0541412601404	-0.0436905572614	0.0227334914133
k__Bacteria;p__Bacteroidetes;c__Bacteroidia;o__Bacteroidales;f__Rikenellaceae;g__Alistipes;s__Alistipes_shahii	-0.0669523069079	-0.028430372311	0.0052294379438	-0.0441592960695	-0.0870195664227	-0.0171557539242	1.0	0.00156017783367	-0.015785092666	0.0412694662524	-0.0751912960453	-0.012125811973	0.0652582868333	-0.00861573744356	-0.0275200699525	-0.0591957100302	-0.0670799390689	0.0236269470428	-0.0110989857351	0.0417891755343	0.012568670119	0.0316346983195	-0.00455891218675	0.0435584406864	-0.0484175165569	0.0327067991628	-0.0201704632742	-0.0328951794644	-0.00950598944077	-0.0204616640839	0.0137536460882	0.0140197570895	-0.069641565841	0.0662825772074	0.000219478847722	-0.00905595808044	-0.0166871011753	0.0743870667438	0.0286022020237	-0.0140099424274	-0.0672668593206	-0.00670150103596	-0.0220144114272	-0.0555297091996	-0.000752463332831	0.00700622326448	0.0168522559692	-0.0689150921266	0.0709156013477	0.0322308615958	0.00612063077226	-0.012025239692	-0.106286764907	0.0265184308481	-0.0197966871442	0.0355336101954	-0.0223134778308	-0.0446272575443	-0.0248367034405
k__Bacteria;p__Firmicutes;c__Clostridia;o__Clostridiales;f__Ruminococcaceae;g__Faecalibacterium;s__Faecalibacterium_prausnitzii	0.0120759053445	-0.00693619386587	0.0231895725565	0.00768755729543	-0.0480900842345	-0.0199060023282	0.00156017783367	1.0	-0.0155110499909	0.0213383901158	-0.0340490172162	-0.00842090994695	-0.0285696919442	0.00400435114248	-0.00160214727931	0.0324298600721	-0.0823814823305	-0.0190675219852	0.0341458485392	-0.0374329787268	0.0119550419064	0.00658739857184	0.02643468831	0.0259733790752	0.0191575831191	0.0412068037955	0.0017848341957	0.065258359521	0.0321151000698	-0.0287810499931	0.0501735832792	-0.0493349478748	-0.0356489522277	0.0295983752958	0.00795506886358	-0.0021609174975	-0.00272840422332	-0.0197490394803	0.0300767372159	-0.0505104472396	0.000346514474352	0.0684814103213	0.00455438332846	-0.00395581235126	-0.0244403427028	0.026905666824	0.00265334917325	0.026491162932	-0.0134249999209	0.043127424038	-0.045758289512	6.78153908709e-06	-0.0292469092784	0.0267467681389	-0.0311177561299	-0.0233126503573	-0.0139673302176	-0.0166438514014	-0.0288279367531
k__Bacteria;p__Bacteroidetes;c__Bacteroidia;o__Bacteroidales;f__Rikenellaceae;g__Alistipes;s__Alistipes_finegoldii	-0.0199157221602	-0.0240131717618	0.039926994577	0.0157377715517	0.0209875854138	-0.0113382627119	-0.015785092666	-0.0155110499909	1.0	-0.0132985673141	-0.0306063110649	-0.00523528570363	0.0278394290762	0.0110550586014	-0.0430241409586	-0.0398302892589	-0.0473175934246	0.0205752053702	0.0863826962784	0.027184810559	-0.0294577977428	0.00322306731525	-0.0728137083951	-0.0172840522414	-0.0303985542857	0.0405121142585	-0.0892885194699	-0.0335376101255	0.0146855951315	0.00867937505317	-0.0216833907901	0.0450140206001	0.0227204331892	-0.0135063304279	0.0407111502709	-0.0345460113789	-0.0674589277468	0.00654744491142	-0.013435299009	0.0158486290978	-0.0404649167266	-0.00668175837971	-0.0373550809167	0.0320489017669	-0.0090784915232	0.0308975229184	-0.0300566706177	0.0333905931946	-0.0101003679237	-0.0985457161067	0.00754006805028	0.00162903552185	0.0368014489462	0.0151672145321	-0.0382378240336	0.058363503358	-0.00800145644203	-0.0385530113124	-0.0405710694123
k__Bacteria;p__Bacteroidetes;c__Bacteroidia;o__Bacteroidales;f__Porphyromonadaceae;g__Parabacteroides;s__Parabacteroides_distasonis	-0.00415145847316	-0.0182238069688	0.0411093512167	0.0218422824822	0.0264760366207	0.0164225046882	0.0412694662524	0.0213383901158	-0.0132985673141	1.0	0.0017269177662	-0.0214609414093	-0.0238655853989	-0.0331307371421	-0.0197162034293	-0.0122831254691	0.025347352103	-0.0181302516953	-0.00514713644824	-0.0557463719624	-0.0207714439118	0.0101359504726	0.0147025263108	0.0717616003535	0.0412164848795	-0.00334952678893	-0.0161967849215	-0.0364101978174	0.0363773314926	-0.0108517572073	0.0107260747872	0.0239926964553	-0.00959218976157	-0.0726722829969	-0.00340524698482	-0.0386303842573	0.023679345688	0.0705787840921	-0.0123483662676	0.054391692754	-0.0141101432727	0.00178533034831	-0.0358592578458	-0.0639271477129	-0.0695021776938	-0.0201265867456	0.0155314424437	-0.0195191075947	-0.0748519549273	0.00151945209516	0.0332664035281	-0.00455353856333	-0.0172004744445	0.02205119727	0.0348542926756	-0.0625523259964	-0.0408536289818	-0.0659075764594	-0.016383245754
k__Bacteria;p__Bacteroidetes;c__Bacteroidia;o__Bacteroidales;f__Bacteroidaceae;g__Bacteroides;s__Bacteroides_thetaiotaomicron	0.0018849385197	0.0677209858327	0.0424900295516	-0.103001293385	-0.0170233400826	-0.0574463468884	-0.0751912960453	-0.0340490172162	-0.0306063110649	0.0017269177662	1.0	-0.0381682504667	-0.0421629167954	0.0213812003196	-0.0643366047552	0.0762181046742	0.00226064577744	0.000882410055431	0.0532845452929	0.0153924404436	-0.0462164228082	0.0583816760501	0.0257952047772	0.0125336308063	-0.0332154701759	0.00551444219178	-0.0221754700973	-0.0143603484637	-0.0233549797452	0.0295404649576	-0.0763601178683	-0.00729540702671	-0.0245908014774	-0.0197318547796	0.0128907382226	-0.0401176002946	0.0030379037174	-0.0315084992686	-0.0519782317422	0.0332343161958	-0.0577514444241	0.0503168292456	-0.0222478433218	0.0304900890847	-0.0594409572129	0.00963852664862	-0.00458241584213	-0.0119697165768	0.0504883485036	-0.0672181357882	-0.00511121985187	0.0812279056958	0.037085773753	-0.0131798500127	0.00708075622721	-0.000897228349483	0.0141853965348	-0.057391802929	-0.0381219719007
k__Bacteria;p__Bacteroidetes;c__Bacteroidia;o__Bacteroidales;f__Bacteroidaceae;g__Bacteroides;s__Bacteroides_coprocola	0.0630689562147	0.0783583096504	-0.0189995702932	-0.0203307604016	0.0644744943552	-0.0434349836605	-0.012125811973	-0.00842090994695	-0.00523528570363	-0.0214609414093	-0.0381682504667	1.0	-0.0233951038779	0.0142858653535	-0.0901234350279	0.00660993041313	-0.00433747156219	-0.0725660524824	-0.0151154865461	-0.00292828645697	-0.0103591165076	-0.0245584949115	-0.00555629321425	-0.0343079400943	-0.010613622747	0.0283468155	-0.0123705799324	-0.0105795089449	0.0312928668049	-0.00108464880048	0.00314821209571	0.00739701912885	0.0437159801176	0.0196745648642	0.0499615451525	-0.0391561851573	0.0282888765808	-0.0210323160018	0.0264949172162	-0.0391293464497	-0.00925565139033	0.0143471265615	0.00763971775387	-0.0194790217595	-0.0764580100381	-0.01730815486	-0.0192229002509	0.0011950759294	7.57621337402e-05	-0.0276007011368	-0.0167774814391	-0.0804820445738	-0.0322955715035	0.037511943914	0.00689986361467	0.000869470579302	-0.0298035548715	0.00529937476411	-0.0615120177895
k__Bacteria;p__Bacteroidetes;c__Bacteroidia;o__Bacteroidales;f__Bacteroidaceae;g__Bacteroides;s__Bacteroides_cellulosilyticus	0.0173084444533	-0.0448541735814	-0.0530208026078	0.0488820877097	0.0146893615876	-0.0270170558247	0.0652582868333	-0.0285696919442	0.0278394290762	-0.0238655853989	-0.0421629167954	-0.0233951038779	1.0	-0.0874398181662	-0.0390235752185	0.00233391143184	-0.000976005396148	0.0208906831202	-0.0517047614603	-0.0489674403707	0.0303767575559	-0.0233295777248	0.0313766465675	0.0140726180584	0.00916833490825	0.00049798846749	-0.0666374613827	-0.00226755741325	0.0106623277917	-0.0194898456545	0.00777237962312	0.0294177718562	-0.0271553859863	0.0546519956848	0.02053348324	-0.0304965973944	-0.0531030663343	-0.042172404027	-0.00581354983469	-0.061082031117	0.000975849847468	-0.0574997513832	0.0197256440132	-0.0143042681386	-0.0325262231901	0.0165064193626	0.0141172339121	0.0649781285783	-0.0262084146648	0.0152352016213	-0.0655431556143	-0.00676863560337	0.0992259888944	0.114777622819	0.0305881791124	-0.0373116848162	0.0107241536844	-0.0423077350905	-0.00512191020694
k__Bacteria;p__Bacteroidetes;c__Bacteroidia;o__Bacteroidales;f__Rikenellaceae;g__Alistipes;s__Alistipes_obesi	0.0151737521855	0.0639824150876	0.00365690424789	0.0109164103604	-0.0153672913566	-0.0213296574375	-0.00861573744356	0.00400435114248	0.0110550586014	-0.0331307371421	0.0213812003196	0.0142858653535	-0.0874398181662	1.0	-0.0423172866054	0.00659306828791	-0.0426708026631	-0.00524047884799	0.0510015449049	-0.0365249062898	-0.0728159959537	-0.0148997077967	0.0476151906088	-0.0867972717001	-0.00882388170134	0.0163922449901	0.0426690011431	-0.0370528644452	-0.000179503643165	-0.0397764588304	-0.0418934072877	-0.00910933955228	0.0358663910572	0.0582481234216	0.0376635030265	-0.030948819971	0.0103547979586	-0.0524866350527	-0.00334026842252	0.0318698841824	-0.0424362353306	-0.0119250338762	0.0189702400399	-0.0513021543129	-0.0458835350866	0.00242954011792	-0.0115334207562	-0.0285864390167	0.00588721449563	-0.0134724055036	0.0389773872849	-0.072119304783	-0.0774359540037	-0.0154563948206	0.0108537550047	0.0115402817681	-0.0149166850202	-0.0127159729593	0.0418801279905
k__Bacteria;p__Firmicutes;c__Clostridia;o__Clostridiales;f__Lachnospiraceae;g__;s__[Eubacterium]_rectale	0.0403282148172	-0.0235972323428	0.0078565054267	-0.0350440714073	0.038578943711	-0.011105505082	-0.0275200699525	-0.00160214727931	-0.0430241409586	-0.0197162034293	-0.0643366047552	-0.0901234350279	-0.0390235752185	-0.0423172866054	1.0	-0.087044739748	-0.024024555133	0.0170515573118	0.0717297501485	0.0607327686533	-0.0217721454994	-0.101473415505	-0.016200064616	-0.0171207569025	-0.0330458491213	-0.0141136218843	-0.0511561823515	-0.00456739091287	-0.058545059199	0.0325291643441	0.0604328840588	0.0301816806701	0.0538107363393	-0.0306277466792	0.0277776029244	-0.0385641225245	-0.00558780300126	-0.0809622120718	-0.018059650293	0.0422939610505	-0.0392061867891	0.0447862113589	-0.0622681018236	-0.0810483075045	-0.0227381507194	-0.0350504381772	-0.0032413410517	-0.0501276382168	0.00823318187451	-0.0497542161337	0.0731240127059	0.0390696156182	0.00733166920822	-0.0343381814037	-0.0508321087164	0.00258907345893	-0.0304703721952	0.0348237186803	-0.0244698750054
k__Bacteria;p__Bacteroidetes;c__Bacteroidia;o__Bacteroidales;f__Bacteroidaceae;g__Bacteroides;s__Bacteroides_plebeius	0.0757475452185	-0.0544611168864	-0.0205733648346	-0.0430529088832	-0.0805976077869	-0.0113598300956	-0.0591957100302	0.0324298600721	-0.0398302892589	-0.0122831254691	0.0762181046742	0.00660993041313	0.00233391143184	0.00659306828791	-0.087044739748	1.0	-0.0255628742309	0.00232125076499	0.0170389300708	-0.0408345397871	0.0140701551314	0.0107352421571	0.0383587501024	-0.0205744070609	0.00581018206616	0.0245931088037	0.0744446967037	0.0180072981416	-0.0229837361997	0.0255361052989	-0.0389348960813	-0.0558146863437	-0.0223008119311	-0.0397227010085	-0.0240167981424	0.02540041282	-0.0119944967442	-0.0669717253634	0.0191641855396	-0.0194799175612	-0.0380626359631	0.00544184598403	-0.0613382237323	-0.0201222719691	-0.00686364861495	-0.0616714031123	-0.0323494290756	0.105570218571	-0.0364309060955	0.0364815334779	-0.0343345502814	0.0158491045664	0.0487799269247	-0.0378109294173	-0.0055725485428	-0.0100413501745	-0.0625486239183	-0.0486305593592	-0.0353603959627
k__Bacteria;p__Bacteroidetes;c__Bacteroidia;o__Bacteroidales;f__Bacteroidaceae;g__Bacteroides;s__Bacteroides_fragilis	-0.0776829849006	-0.0535642521819	0.0036884382987	0.0050062983401	-0.0319675622855	0.0406338906646	-0.0670799390689	-0.0823814823305	-0.0473175934246	0.025347352103	0.00226064577744	-0.00433747156219	-0.000976005396148	-0.0426708026631	-0.024024555133	-0.0255628742309	1.0	0.0372545562611	0.0410049583128	-0.0310827742991	-0.032779677171	-0.0142811007766	-0.0653499364946	-0.00496254565691	-0.0447640266694	0.0483949166369	-0.0348239944408	0.0219610431849	0.0571184250614	0.0261717711112	-0.05299586246	0.0289650095557	-0.00198734212857	0.0488467888149	0.0433550085279	0.0119682448052	-0.0132100733661	0.0176776302613	-0.0690038631876	-0.025658105383	0.0496736899689	-0.0368604293773	0.0318628066292	0.0992771870025	-0.00265533864268	0.00469557451614	-0.0990781266281	0.0221896217069	-0.019886789822	-0.0484445288916	-0.00874813894174	0.00614382320361	0.00738795447486	-0.0221969529517	-0.0425496267409	-0.0552613042836	-0.0106582595184	-0.0378166175932	-0.0183114606122
k__Bacteria;p__Proteobacteria;c__Betaproteobacteria;o__Burkholderiales;f__Sutterellaceae;g__Sutterella;s__Sutterella_wadsworthensis	0.0188838755909	-0.0437481100972	-0.0340483368115	0.0257278541476	-0.00688403594898	-0.00637363582017	0.0236269470428	-0.0190675219852	0.0205752053702	-0.0181302516953	0.000882410055431	-0.0725660524824	0.0208906831202	-0.00524047884799	0.0170515573118	0.00232125076499	0.0372545562611	1.0	-0.0186558400309	-0.0154446760254	-0.00852465364337	-0.106801286987	0.02049936485	-0.0524679183268	0.0268346949312	-0.00577012817599	0.0413845895852	0.0569098094885	0.0168403141427	0.0351218200591	0.0213397538079	-0.0060643523206	0.00994483590495	0.013018733438	0.0538316351428	-0.0541656598702	0.034826026642	-0.0503991899143	0.0125795950403	-0.0149499341936	-0.0553215540693	0.00404366443338	-0.024626963968	-0.0432282052728	-0.0553750994563	-0.022881318064	-0.00830696049985	0.00300583336067	-0.027395833846	-0.0546167646633	-0.035312607663	0.00373989340258	-0.0270315131462	-0.0248093664486	-0.0272010855188	-0.020195326882	-0.015962287453	0.0453254399925	0.0109148370063
k__Bacteria;p__Bacteroidetes;c__Bacteroidia;o__Bacteroidales;f__Porphyromonadaceae;g__Barnesiella;s__Barnesiella_intestinihominis	-0.0166616574541	0.0213849601178	-0.0182065416716	0.030738858454	-0.0139349562598	-0.014689999592	-0.0110989857351	0.0341458485392	0.0863826962784	-0.00514713644824	0.0532845452929	-0.0151154865461	-0.0517047614603	0.0510015449049	0.0717297501485	0.0170389300708	0.0410049583128	-0.0186558400309	1.0	-0.0162180797445	0.0475161826362	-0.0411873124156	0.0191558103787	-0.0184399441365	0.0403972464918	-0.0162818943491	-0.00319524688408	-0.0335531264834	-0.0895500390382	0.0038757583353	-0.000218424451735	-0.014744575842	-0.00543385837831	0.0222291579228	0.0367824091892	-0.022032926785	-0.0235774495357	-0.051679531356	-0.100128713583	-0.00132524938048	-0.0432137023184	0.0217458975797	0.0356365809355	0.032338227863	0.00556458045047	0.0859412778088	-0.0324458372895	0.0411371327372	-0.0103525204434	-0.0354317839007	-0.0753152856843	-0.0042889519099	0.00895952956432	0.0487440251443	-0.00329760740457	-0.0333776207473	-0.0277451601814	0.00516950124258	-0.0357891656186
k__Bacteria;p__Bacteroidetes;c__Bacteroidia;o__Bacteroidales;f__Odoribacteraceae;g__Odoribacter;s__Odoribacter_splanchnicus	-0.0297799958595	-0.0344390977039	-0.00946731835257	0.0057538212724	-0.0398820858153	-0.00168361747259	0.0417891755343	-0.0374329787268	0.027184810559	-0.0557463719624	0.0153924404436	-0.00292828645697	-0.0489674403707	-0.0365249062898	0.0607327686533	-0.0408345397871	-0.0310827742991	-0.0154446760254	-0.0162180797445	1.0	0.0462041202559	-0.0406213035648	-0.0253221661059	-0.024482032818	0.0349528209076	0.036219597254	-0.025450535534	0.0804671940065	-0.0136681352076	-0.0115270119715	0.00757129381758	-0.0196121947098	-0.0322585583138	-0.070700390165	-0.0134359733263	0.0267515135418	0.00938740402592	-0.0592553012037	-0.0244057038974	-0.0104521704151	-0.00414229633542	-0.0096185371949	-0.0496870679255	0.024678461845	0.0205686869272	0.0505027377797	-0.00655151308256	-0.00148915722864	0.00761151122758	-0.0260980266448	-0.0539694331444	0.030602266723	-0.00287485314202	-0.00786365908993	-0.00939099728052	-0.0387425047821	0.0393688237668	0.0220655703827	0.0490100828941
k__Bacteria;p__Bacteroidetes;c__Bacteroidia;o__Bacteroidales;f__Bacteroidaceae;g__Bacteroides;s__Bacteroides_salyersiae	0.0162808554267	-0.0463448272446	-0.0448112726444	-0.0501484784699	0.0287757054373	-0.0043833329476	0.012568670119	0.0119550419064	-0.0294577977428	-0.0207714439118	-0.0462164228082	-0.0103591165076	0.0303767575559	-0.0728159959537	-0.0217721454994	0.0140701551314	-0.032779677171	-0.00852465364337	0.0475161826362	0.0462041202559	1.0	-0.0277343218249	-0.0455458619564	0.043733157818	0.0680458539206	0.064315533246	-0.0177088656534	-0.0187044738582	-0.0684896000287	-0.0924113453332	0.000549445306616	-0.0318957201489	0.0465084390594	0.0156634861129	0.00681406472367	-0.02076918021	-0.0086236000457	-0.0289648585156	0.00931378768973	0.00880909168481	0.0207924608647	-0.0210155504472	-0.0171896791268	-0.00720364287498	0.018722178975	-0.0773184960927	-0.0753199401166	0.0333869772407	-0.0305994722125	-0.00751622351366	0.0181468716174	-0.0309881146944	0.0625183773871	0.0412244609973	-0.0902787920204	-0.0515510834317	-0.0486073224083	-0.0117845913986	-0.0298369822029
k__Bacteria;p__Firmicutes;c__Clostridia;o__Clostridiales;f__Ruminococcaceae;g__Ruminiclostridium;s__[Eubacterium]_siraeum	-0.0134618017002	-0.00423733586199	0.0198980840574	-0.0602638691054	-0.0267733683073	0.026799897291	0.0316346983195	0.00658739857184	0.00322306731525	0.0101359504726	0.0583816760501	-0.0245584949115	-0.0233295777248	-0.0148997077967	-0.101473415505	0.0107352421571	-0.0142811007766	-0.106801286987	-0.0411873124156	-0.0406213035648	-0.0277343218249	1.0	-0.00173113769366	0.00750163613241	0.0113901085864	0.00301578656477	-0.025229058979	-0.0324587065483	-0.0429895772856	-0.0597891261696	-0.0161461082462	-0.00218420279777	-0.0193848414306	0.0679224702415	-0.00134746933327	-0.0164168581184	-0.0488761763439	0.0372621904119	0.00208868292835	-0.0571906978402	0.00380050094534	0.0303820512103	-0.00940644261348	-0.0131718416956	-0.0448369301258	-0.036493866959	-0.0417683111365	0.0494219069573	0.0341143142614	0.0848035095318	0.0236915340551	0.0495105366814	-0.0360875904699	-0.0157412468399	0.0420422009592	-0.0240510702505	0.0003352194564	0.0012226980702	-0.0390860888088
k__Bacteria;p__Proteobacteria;c__Betaproteobacteria;o__Burkholderiales;f__Sutterellaceae;g__Parasutterella;s__Parasutterella_excrementihominis	0.0553959673339	0.0388678899681	-0.0778859269772	-0.0342698282479	0.0175072474337	-0.0355093490701	-0.00455891218675	0.02643468831	-0.0728137083951	0.0147025263108	0.0257952047772	-0.00555629321425	0.0313766465675	0.0476151906088	-0.016200064616	0.0383587501024	-0.0653499364946	0.02049936485	0.0191558103787	-0.0253221661059	-0.0455458619564	-0.00173113769366	1.0	0.00399504159977	-0.0683032556306	0.064018376435	-0.00612424700987	-0.0238445377508	-0.0348164822115	-0.0421029499345	0.00515285018872	-0.0274908961128	-0.00683407110638	0.00289208286251	0.0129983034844	0.0396712914544	-0.0259402520623	-0.0291219755271	0.02388795816	-0.0290292772884	-0.0583353936346	-0.00255297051513	-0.0261025108749	-0.0150240787773	-0.0346868737648	0.0612958137219	-0.0417108560056	0.0165222596155	0.0129662411039	-0.0204843236728	-0.0249068945291	-0.0449141519083	-0.0557505903338	-0.00590700259671	0.000197883319861	-0.002457355686	0.00770548214408	-0.0293057740003	0.0895370045008
k__Bacteria;p__Actinobacteria;c__Actinobacteria;o__Bifidobacteriales;f__Bifidobacteriaceae;g__Bifidobacterium;s__Bifidobacterium_adolescentis	-0.0206341797829	-0.0443883445428	0.0682510042898	0.0230129278914	-0.0508633613332	0.0272132490813	0.0435584406864	0.0259733790752	-0.0172840522414	0.0717616003535	0.0125336308063	-0.0343079400943	0.0140726180584	-0.0867972717001	-0.0171207569025	-0.0205744070609	-0.00496254565691	-0.0524679183268	-0.0184399441365	-0.024482032818	0.043733157818	0.00750163613241	0.00399504159977	1.0	0.0359670563244	-0.00357669055595	0.0108260519598	0.0193446666857	0.0683864935724	0.0166485536942	0.000987442063301	-0.0381381050138	-0.0206036024684	-0.0108655112059	-0.0141923339995	0.0197326190894	-0.0287849994421	-0.0618787809139	0.0111158038229	-0.0527143861034	-0.118902990995	-0.0558692983323	-0.0227882627423	-0.0685946127189	-0.0447631878107	0.0229738220239	-0.0250668732438	0.00419403513464	-0.0144188050428	-0.0220170605073	0.0305450860223	-0.0443098871582	-0.0128069473548	0.0804895788304	-0.0607731445054	-0.0315393942958	-0.00664595173998	-0.039455013342	0.0286384528518
k__Bacteria;p__Firmicutes;c__Clostridia;o__Clostridiales;f__Oscillospiraceae;g__Oscillibacter;s__Oscillibacter_sp._KLE_1745	0.0183958812188	-0.0204157888644	-0.0283055482709	0.0385073574111	0.0193278410827	-0.0212198762596	-0.0484175165569	0.0191575831191	-0.0303985542857	0.0412164848795	-0.0332154701759	-0.010613622747	0.00916833490825	-0.00882388170134	-0.0330458491213	0.00581018206616	-0.0447640266694	0.0268346949312	0.0403972464918	0.0349528209076	0.0680458539206	0.0113901085864	-0.0683032556306	0.0359670563244	1.0	0.0163146783865	0.0281156015409	-0.0227680068496	-0.00914578288437	-0.00475374425839	-0.0408663195916	0.0941869796547	0.00589642663462	-0.023755491381	-0.0381065177889	0.0156370973422	-0.037271169322	-0.0164965790749	-0.0485043100796	-0.0459583035832	0.0146782338931	-0.0290301671662	-0.0493849306203	-0.0307384456227	-0.0135276131166	0.0415341054685	0.00295043784707	-0.0705664889567	-0.0534171198346	-0.0542266804672	-0.0186939572114	0.000850166372365	-0.00734205227647	-0.0494920963416	0.0198186955107	0.00606729542665	-0.0100933557692	0.0241976250672	0.00271269055464
k__Bacteria;p__Bacteroidetes;c__Bacteroidia;o__Bacteroidales;f__Bacteroidaceae;g__Bacteroides;s__Bacteroides_coprophilus	0.0174176202813	-0.0590406559722	-0.00292174473342	-0.0772649871466	-0.0123207932971	-0.0570055902877	0.0327067991628	0.0412068037955	0.0405121142585	-0.00334952678893	0.00551444219178	0.0283468155	0.00049798846749	0.0163922449901	-0.0141136218843	0.0245931088037	0.0483949166369	-0.00577012817599	-0.0162818943491	0.036219597254	0.064315533246	0.00301578656477	0.064018376435	-0.00357669055595	0.0163146783865	1.0	0.0224559659388	-0.0168898146925	0.0333782246357	-0.0481703781911	-0.00999800110933	-0.0241003970745	0.0393786282267	0.0212399023652	-0.00891581672484	-0.0256268661979	-0.0594819435623	-0.0606226584534	-0.0457308285262	-0.00663348669796	0.0334794088612	0.0442278935727	-0.0238194582808	-0.0131257536589	-0.0361413681462	-0.00708380004578	-0.00534700684542	-0.0102655202434	-0.0245452523889	0.0187250655877	-0.0446513599556	-0.0558222669056	0.019786109346	0.0669253268441	-0.0306754477865	0.0361574664706	0.0889302569714	-0.00465904870519	0.0240446288654
k__Bacteria;p__Firmicutes;c__Clostridia;o__Clostridiales;f__Lachnospiraceae;g__Roseburia;s__Roseburia_intestinalis	-0.105288238714	0.00316319035945	0.0311299915599	-0.021061874127	-0.132400919724	-0.0193067266152	-0.0201704632742	0.0017848341957	-0.0892885194699	-0.0161967849215	-0.0221754700973	-0.0123705799324	-0.0666374613827	0.0426690011431	-0.0511561823515	0.0744446967037	-0.0348239944408	0.0413845895852	-0.00319524688408	-0.025450535534	-0.0177088656534	-0.025229058979	-0.00612424700987	0.0108260519598	0.0281156015409	0.0224559659388	1.0	-0.0197578499264	-0.00587560868776	0.0164316478717	0.00251027816526	0.00554626181298	-0.00419396448455	0.0552123010699	-0.0819592650526	0.0229157703398	-0.0386879760003	-0.00722455354296	0.032274355249	-0.0787510756795	0.00706059740561	0.0191822315516	0.0502242752398	0.062944893846	-0.0314569113082	0.00887773985295	0.0421921093388	0.0466653773084	0.00266591400879	-0.0344651046354	0.0285629512396	-0.0510290999401	0.00686223936245	-0.0294492464512	-0.0424921167065	-0.0161862750895	-0.00165357904676	0.00856374990142	0.0356377945781
k__Bacteria;p__Firmicutes;c__Clostridia;o__Clostridiales;f__Lachnospiraceae;g__Roseburia;s__Roseburia_hominis	-0.024588537197	-0.0133829572177	-0.0786016929003	0.0399554056879	0.0111226277681	-0.00353098666528	-0.0328951794644	0.065258359521	-0.0335376101255	-0.0364101978174	-0.0143603484637	-0.0105795089449	-0.00226755741325	-0.0370528644452	-0.00456739091287	0.0180072981416	0.0219610431849	0.0569098094885	-0.0335531264834	0.0804671940065	-0.0187044738582	-0.0324587065483	-0.0238445377508	0.0193446666857	-0.0227680068496	-0.0168898146925	-0.0197578499264	1.0	-0.0563073897562	0.0243683235105	-0.0320438079859	-0.0314780189223	-0.00975688757637	-0.0546159598702	-0.0484657157827	-0.0266822906344	0.000392387556135	0.0142902047055	0.0448877355327	-0.0579393868807	0.000983646123928	-0.00152176228463	0.000885338602566	-0.00498303988206	-0.0354763941372	0.012614519376	0.0152134250143	-0.00209299982946	-0.108040824674	-0.0183798426454	-0.00258487915704	-0.000375961363324	0.0131202930403	0.0243375611764	0.00073431200917	-0.0328494962548	-0.0331610571463	-0.0220393427127	0.0129658697072
k__Bacteria;p__Bacteroidetes;c__Bacteroidia;o__Bacteroidales;f__Porphyromonadaceae;g__Parabacteroides;s__Parabacteroides_johnsonii	0.0497776039997	-0.00621942412222	0.0127501323888	-0.0205700244415	-0.0672352080429	-0.047190541833	-0.00950598944077	0.0321151000698	0.0146855951315	0.0363773314926	-0.0233549797452	0.0312928668049	0.0106623277917	-0.000179503643165	-0.058545059199	-0.0229837361997	0.0571184250614	0.0168403141427	-0.0895500390382	-0.0136681352076	-0.0684896000287	-0.0429895772856	-0.0348164822115	0.0683864935724	-0.00914578288437	0.0333782246357	-0.00587560868776	-0.0563073897562	1.0	0.0566217821867	-0.0331028013138	-0.0518993841997	-0.0355811425527	0.0243541955571	0.0708306211642	0.00429079648917	-0.0272292082001	-0.0362079554916	-0.023204220576	0.00365569302233	-0.0182961833998	-0.038003799224	0.0537380954845	-0.0320429679391	0.00585382287308	-0.00393451408024	-0.00824582000606	-0.0273844405522	0.0253132281723	0.00413128352425	-0.0179242955821	-0.030027408088	-0.0571029213402	-0.0640776573116	-0.000573794733121	-0.0195472914465	0.0110243418448	-0.0139245730476	-0.0662416070518
k__Bacteria;p__Actinobacteria;c__Actinobacteria;o__Bifidobacteriales;f__Bifidobacteriaceae;g__Bifidobacterium;s__Bifidobacterium_longum	-0.0940284256782	-0.0548138738963	0.0411897155499	0.0205957384628	-0.0350401147982	0.0200742349478	-0.0204616640839	-0.0287810499931	0.00867937505317	-0.0108517572073	0.0295404649576	-0.00108464880048	-0.0194898456545	-0.0397764588304	0.0325291643441	0.0255361052989	0.0261717711112	0.0351218200591	0.0038757583353	-0.0115270119715	-0.0924113453332	-0.0597891261696	-0.0421029499345	0.0166485536942	-0.00475374425839	-0.0481703781911	0.0164316478717	0.0243683235105	0.0566217821867	1.0	0.0283337807984	-0.0823482257466	-0.0132367845402	-0.0529158750021	-0.0549972546565	-0.0406204992876	0.0269183222613	0.0190264313903	0.0152857812	0.0259497455373	0.0394556524043	0.0143102042659	0.00326688999204	0.0554897309865	0.0353501587865	-0.0431028825005	-0.0552051630182	0.0273027013237	-0.00866529623531	0.00571181460546	-0.0307646398375	0.0222149583215	0.0321002305887	-0.00920015994686	-0.0265946901645	0.0105695826346	-0.0488486907958	-0.0518463965802	-0.0579277179051
