#taxonomy	k__Bacteria;p__Bacteroidetes;c__Bacteroidia;o__Bacteroidales;f__Bacteroidaceae;g__Bacteroides;s__Bacteroides_vulgatus	k__Bacteria;p__Bacteroidetes;c__Bacteroidia;o__Bacteroidales;f__Bacteroidaceae;g__Bacteroides;s__Bacteroides_uniformis	k__Bacteria;p__Bacteroidetes;c__Bacteroidia;o__Bacteroidales;f__Rikenellaceae;g__Alistipes;s__Alistipes_putredinis	k__Bacteria;p__Bacteroidetes;c__Bacteroidia;o__Bacteroidales;f__Prevotellaceae;g__Prevotella;s__Prevotella_copri	k__Bacteria;p__Bacteroidetes;c__Bacteroidia;o__Bacteroidales;f__Bacteroidaceae;g__Bacteroides;s__Bacteroides_stercoris	k__Bacteria;p__Bacteroidetes;c__Bacteroidia;o__Bacteroidales;f__Bacteroidaceae;g__Bacteroides;s__Bacteroides_ovatus	k__Bacteria;p__Bacteroidetes;c__Bacteroidia;o__Bacteroidales;f__Rikenellaceae;g__Alistipes;s__Alistipes_shahii	k__Bacteria;p__Firmicutes;c__Clostridia;o__Clostridiales;f__Ruminococcaceae;g__Faecalibacterium;s__Faecalibacterium_prausnitzii	k__Bacteria;p__Bacteroidetes;c__Bacteroidia;o__Bacteroidales;f__Rikenellaceae;g__Alistipes;s__Alistipes_finegoldii	k__Bacteria;p__Bacteroidetes;c__Bacteroidia;o__Bacteroidales;f__Porphyromonadaceae;g__Parabacteroides;s__Parabacteroides_distasonis	k__Bacteria;p__Bacteroidetes;c__Bacteroidia;o__Bacteroidales;f__Bacteroidaceae;g__Bacteroides;s__Bacteroides_thetaiotaomicron	k__Bacteria;p__Bacteroidetes;c__Bacteroidia;o__Bacteroidales;f__Bacteroidaceae;g__Bacteroides;s__Bacteroides_coprocola	k__Bacteria;p__Bacteroidetes;c__Bacteroidia;o__Bacteroidales;f__Bacteroidaceae;g__Bacteroides;s__Bacteroides_cellulosilyticus	k__Bacteria;p__Bacteroidetes;c__Bacteroidia;o__Bacteroidales;f__Rikenellaceae;g__Alistipes;s__Alistipes_obesi	k__Bacteria;p__Firmicutes;c__Clostridia;o__Clostridiales;f__Lachnospiraceae;g__;s__[Eubacterium]_rectale	k__Bacteria;p__Bacteroidetes;c__Bacteroidia;o__Bacteroidales;f__Bacteroidaceae;g__Bacteroides;s__Bacteroides_plebeius	k__Bacteria;p__Bacteroidetes;c__Bacteroidia;o__Bacteroidales;f__Bacteroidaceae;g__Bacteroides;s__Bacteroides_fragilis	k__Bacteria;p__Proteobacteria;c__Betaproteobacteria;o__Burkholderiales;f__Sutterellaceae;g__Sutterella;s__Sutterella_wadsworthensis	k__Bacteria;p__Bacteroidetes;c__Bacteroidia;o__Bacteroidales;f__Porphyromonadaceae;g__Barnesiella;s__Barnesiella_intestinihominis	k__Bacteria;p__Bacteroidetes;c__Bacteroidia;o__Bacteroidales;f__Odoribacteraceae;g__Odoribacter;s__Odoribacter_splanchnicus	k__Bacteria;p__Bacteroidetes;c__Bacteroidia;o__Bacteroidales;f__Bacteroidaceae;g__Bacteroides;s__Bacteroides_salyersiae	k__Bacteria;p__Firmicutes;c__Clostridia;o__Clostridiales;f__Ruminococcaceae;g__Ruminiclostridium;s__[Eubacterium]_siraeum	k__Bacteria;p__Proteobacteria;c__Betaproteobacteria;o__Burkholderiales;f__Sutterellaceae;g__Parasutterella;s__Parasutterella_excrementihominis	k__Bacteria;p__Actinobacteria;c__Actinobacteria;o__Bifidobacteriales;f__Bifidobacteriaceae;g__Bifidobacterium;s__Bifidobacterium_adolescentis	k__Bacteria;p__Firmicutes;c__Clostridia;o__Clostridiales;f__Oscillospiraceae;g__Oscillibacter;s__Oscillibacter_sp._KLE_1745	k__Bacteria;p__Bacteroidetes;c__Bacteroidia;o__Bacteroidales;f__Bacteroidaceae;g__Bacteroides;s__Bacteroides_coprophilus	k__Bacteria;p__Firmicutes;c__Clostridia;o__Clostridiales;f__Lachnospiraceae;g__Roseburia;s__Roseburia_intestinalis	k__Bacteria;p__Firmicutes;c__Clostridia;o__Clostridiales;f__Lachnospiraceae;g__Roseburia;s__Roseburia_hominis	k__Bacteria;p__Bacteroidetes;c__Bacteroidia;o__Bacteroidales;f__Porphyromonadaceae;g__Parabacteroides;s__Parabacteroides_johnsonii	k__Bacteria;p__Actinobacteria;c__Actinobacteria;o__Bifidobacteriales;f__Bifidobacteriaceae;g__Bifidobacterium;s__Bifidobacterium_longum	k__Bacteria;p__Firmicutes;c__Clostridia;o__Clostridiales;f__;g__Flavonifractor;s__Flavonifractor_plautii	k__Bacteria;p__Firmicutes;c__Clostridia;o__Clostridiales;f__Clostridiaceae;g__Clostridium;s__Clostridium_phoceensis	k__Bacteria;p__Verrucomicrobia;c__Verrucomicrobiae;o__Verrucomicrobiales;f__Akkermansiaceae;g__Akkermansia;s__Akkermansia_muciniphila	k__Bacteria;p__Bacteroidetes;c__Bacteroidia;o__Bacteroidales;f__Prevotellaceae;g__Paraprevotella;s__Paraprevotella_xylaniphila	k__Bacteria;p__Firmicutes;c__Clostridia;o__Clostridiales;f__Ruminococcaceae;g__Ruminococcus;s__Ruminococcus_callidus	k__Bacteria;p__Bacteroidetes;c__Bacteroidia;o__Bacteroidales;f__Rikenellaceae;g__Alistipes;s__Alistipes_senegalensis	k__Bacteria;p__Firmicutes;c__Clostridia;o__Clostridiales;f__Lachnospiraceae;g__Blautia;s__Blautia_sp._KLE_1732	k__Bacteria;p__Bacteroidetes;c__Bacteroidia;o__Bacteroidales;f__Bacteroidaceae;g__Bacteroides;s__Bacteroides_oleiciplenus	k__Bacteria;p__Firmicutes;c__Clostridia;o__Clostridiales;f__Ruminococcaceae;g__Ruminococcus;s__Ruminococcus_bicirculans	k__Bacteria;p__Bacteroidetes;c__Bacteroidia;o__Bacteroidales;f__Bacteroidaceae;g__Bacteroides;s__Bacteroides_fluxus	k__Bacteria;p__Bacteroidetes;c__Bacteroidia;o__Bacteroidales;f__Prevotellaceae;g__Prevotella;s__Prevotella_stercorea	k__Bacteria;p__Firmicutes;c__Clostridia;o__Clostridiales;f__Lachnospiraceae;g__Dorea;s__Dorea_longicatena	k__Bacteria;p__Firmicutes;c__Clostridia;o__Clostridiales;f__Eubacteriaceae;g__Eubacterium;s__[Eubacterium]_eligens	k__Bacteria;p__Firmicutes;c__Clostridia;o__Clostridiales;f__Ruminococcaceae;g__;s__Ruminococcaceae_bacterium_D16	k__Bacteria;p__Firmicutes;c__Clostridia;o__Clostridiales;f__Lachnospiraceae;g__Coprococcus;s__Coprococcus_comes	k__Bacteria;p__Proteobacteria;c__Gammaproteobacteria;o__Enterobacterales;f__Enterobacteriaceae;g__Escherichia;s__Escherichia_coli	k__Bacteria;p__Firmicutes;c__Clostridia;o__Clostridiales;f__Ruminococcaceae;g__Anaerotruncus;s__Anaerotruncus_colihominis	k__Bacteria;p__Firmicutes;c__Clostridia;o__Clostridiales;f__Lachnospiraceae;g__Blautia;s__Blautia_obeum	k__Bacteria;p__Bacteroidetes;c__Bacteroidia;o__Bacteroidales;f__Odoribacteraceae;g__Odoribacter;s__Odoribacter_laneus	k__Bacteria;p__Firmicutes;c__Clostridia;o__Clostridiales;f__Ruminococcaceae;g__Ruminiclostridium;s__[Clostridium]_leptum	k__Bacteria;p__Bacteroidetes;c__Bacteroidia;o__Bacteroidales;f__Porphyromonadaceae;g__Parabacteroides;s__Parabacteroides_goldsteinii	k__Bacteria;p__Firmicutes;c__Clostridia;o__Clostridiales;f__Lachnospiraceae;g__Anaerostipes;s__Anaerostipes_hadrus	k__Bacteria;p__Firmicutes;c__Clostridia;o__Clostridiales;f__Ruminococcaceae;g__Ruminococcus;s__Ruminococcus_lactaris	k__Bacteria;p__Firmicutes;c__Clostridia;o__Clostridiales;f__Clostridiaceae;g__Clostridium;s__Clostridium_sp._L2-50	k__Bacteria;p__Firmicutes;c__Clostridia;o__Clostridiales;f__Clostridiaceae;g__Clostridium;s__Clostridium_sp._M62/1	k__Bacteria;p__Firmicutes;c__Clostridia;o__Clostridiales;f__;g__Intestinimonas;s__Intestinimonas_butyriciproducens	k__Bacteria;p__Actinobacteria;c__Actinobacteria;o__Bifidobacteriales;f__Bifidobacteriaceae;g__Bifidobacterium;s__Bifidobacterium_bifidum	k__Bacteria;p__Firmicutes;c__Negativicutes;o__Veillonellales;f__Veillonellaceae;g__Dialister;s__Dialister_invisus	k__Bacteria;p__Bacteroidetes;c__Bacteroidia;o__Bacteroidales;f__Bacteroidaceae;g__Bacteroides;s__Bacteroides_salanitronis
k__Bacteria;p__Bacteroidetes;c__Bacteroidia;o__Bacteroidales;f__Bacteroidaceae;g__Bacteroides;s__Bacteroides_vulgatus	1.0	-0.0125253914781	-0.00559574394161	0.0112657313096	0.004004443796	0.0108485137953	0.00498769346225	0.00278498887298	0.0024345906353	-0.00710193859618	-0.0407039479057	-0.0495228519809	0.023822590531	-0.0130036661993	-0.0157638041035	-0.0302538991602	-0.00714355205203	0.0196946823889	0.039654219255	-0.0501934239348	0.0140027797944	-0.0262030694772	-0.0284720969582	-0.0636839394236	-0.0299840823953	-0.00648201818485	-0.0180038005788	-0.045893490279	0.000752893065769	0.0208634347631	0.0295838698654	-0.0832887237714	-0.00201418878344	-0.0199344188558	0.0121579019607	-0.0359793723769	-0.00911799174258	-0.0537337908866	0.0396925366111	0.0269967339841	0.0496883072816	-0.0217158643569	-0.0042465503651	0.0108431634651	0.0593547474052	-0.0148078481531	-0.00864709700481	-0.0712253854241	-0.0133851205174	-0.0326190454523	0.0210051524494	0.0718315830221	-0.00536360260915	0.00217872263417	0.0138509724134	-0.0169185062006	0.0296858002786	0.0060350234284	-0.0444410075843
k__Bacteria;p__Bacteroidetes;c__Bacteroidia;o__Bacteroidales;f__Bacteroidaceae;g__Bacteroides;s__Bacteroides_uniformis	-0.0125253914781	1.0	-0.0154667317514	0.000301571056456	0.025627968883	-0.0220816361931	0.0487768922518	-0.0222680945523	0.00472147137588	0.00946812698222	-0.00917646060641	-0.0176635215514	-0.0347550015885	-0.030145499281	-0.0211904832686	0.0231053784167	0.00736606226454	0.0218590103345	-0.00459159220648	0.000193992262012	0.00993504158846	-0.0173046897851	0.0163734097343	-0.0112942220987	0.00342387551741	-0.0214156019845	0.0237730102947	-0.0545456456983	-0.0112427052693	0.0459139066552	-0.0249516328567	-0.0242220125207	0.107860328742	0.0504749943302	-0.0174090826666	-0.0175605060413	-0.015780613799	-0.0475169986546	-0.0441448718641	-0.0262327826392	0.0327035301136	-0.0141142187033	-0.00168363813032	-0.0287202085854	-0.00979662919365	-0.0370541587087	-0.113322153507	-0.0166598817938	-0.0295519766574	-0.0436474861445	-0.0262377389919	0.0181633202693	-0.0401554903623	0.0145097526592	-0.0511127978733	-0.0247726316422	-0.0260347540525	0.0235515203928	0.00878105593189
k__Bacteria;p__Bacteroidetes;c__Bacteroidia;o__Bacteroidales;f__Rikenellaceae;g__Alistipes;s__Alistipes_putredinis	-0.00559574394161	-0.0154667317514	1.0	0.0236542596881	-0.00838511780043	-0.0281698180606	0.0297883377753	-0.0429196587476	0.00279682491396	0.0166670927478	0.012966914999	-0.042870675329	-0.00605788469395	-0.0181842175815	-0.0490102468971	-0.0569052490203	-0.010390666627	0.0556158666447	0.0369320261969	0.010917114987	-0.0262514325852	-0.00637747160697	-0.0318279931134	0.0138350109976	-0.0393646042459	0.0376465391993	-0.0454359840646	-0.00469431108863	-0.0153920684612	-0.0339672537979	-0.0352690726068	0.0283679832772	-0.00946778004624	0.00217174676357	0.0142137769123	-0.0336004211507	-0.00576880765985	-0.0122643106739	-0.00945709400967	-0.0191253242954	0.00913649458812	-0.0472558778353	-0.0252916556624	-0.0291634609014	-0.000183418156717	0.00834389608607	-0.0152454257464	-0.0355017469438	-0.0218209886822	-0.0686917101414	0.00403377137861	-0.0507044612547	-0.0500388952572	0.0462407348711	0.0186474557617	-0.00043343978499	-0.0293142907581	0.0205433355572	-0.0231046118539
k__Bacteria;p__Bacteroidetes;c__Bacteroidia;o__Bacteroidales;f__Prevotellaceae;g__Prevotella;s__Prevotella_copri	0.0112657313096	0.000301571056456	0.0236542596881	1.0	0.0269176183293	0.0144955879947	0.0318646531773	0.0256875044329	-0.0372467383151	-0.024030406973	0.0347278161977	-0.0174195196962	-0.0179535788955	0.0417911656753	-0.0587487434042	0.013103011371	-0.016658577958	-0.0256550106	-0.041197736398	-0.0485096886116	-0.036847405354	0.0455469821694	-0.0422047123512	-0.025244104762	-0.0090309640213	0.0296681366904	0.0186695918186	0.0238047269664	-0.0139290066035	0.0668703347511	-0.0482680249119	0.0457526311824	0.0333779290854	-0.0412889079911	-0.0445000607465	-0.0326478476369	-0.0364175005296	0.0148724894237	-0.0462139328783	-0.00738638955469	-0.0210636017961	-0.0275487892539	-0.0394182926961	-0.0209815766269	0.00410446940928	-0.0402792792816	-0.0379944533337	-0.0676578289845	-0.0586759638904	-0.0117696055052	-0.0916141713484	0.054061072783	-0.0180454907533	-0.0126710052505	0.0381564550134	-0.0537054444336	-0.0143162429724	0.00356164929449	0.0170245179527
k__Bacteria;p__Bacteroidetes;c__Bacteroidia;o__Bacteroidales;f__Bacteroidaceae;g__Bacteroides;s__Bacteroides_stercoris	0.004004443796	0.025627968883	-0.00838511780043	0.0269176183293	1.0	-0.00361415181726	-0.0749405230057	-0.0402122766199	0.0238641022252	-0.0311519749546	-0.0307024063221	0.062714193084	0.00454158861782	-0.041418864106	0.00499910860255	0.0545228315457	-0.00975526255695	-0.0172048522166	0.0246571867472	0.00580728002127	-0.00778817110534	0.0257283590324	-0.0349106800496	-0.000457127914567	-0.0413607487676	-0.0321616551444	-0.0143054800308	-0.0357847263556	-0.0294987413391	-0.0264827700415	-0.0185040383497	-0.0411815130948	-0.0439524402218	0.00189651832849	0.0294374344473	-0.00587077164972	0.0111357975426	-0.078749271741	0.0174570811082	0.0342209794748	0.007294960396	0.0567388287128	0.0419674011513	0.0554087759343	0.0363536605623	-0.00980982341224	0.0199083449543	-0.0418203649308	0.0360360044934	0.00281253896364	-0.00849773140046	-0.00594224441337	-0.0311982806544	-0.0680164300238	0.0294765483909	-0.0059553545418	-0.0490687258719	0.0143466346819	0.0594793480584
k__Bacteria;p__Bacteroidetes;c__Bacteroidia;o__Bacteroidales;f__Bacteroidaceae;g__Bacteroides;s__Bacteroides_ovatus	0.0108485137953	-0.0220816361931	-0.0281698180606	0.0144955879947	-0.00361415181726	1.0	-0.122836695663	0.0164280316009	-0.0489275847612	-0.0404218693203	0.0293399104432	-0.0632359032848	0.0299143338853	-0.0365419262811	0.0407845243924	0.0172534700556	0.0267553076385	0.0499880189002	-0.037856030809	-0.0586496960856	0.0331242480868	-0.0196165177246	-0.0146140985249	0.0563153998376	-0.0293277947845	-0.0628435363863	0.0102703165306	-0.011637461782	-0.0297395019167	-0.0470152809211	0.0175159855887	-0.0576358590015	-0.0925307572177	0.0115712708574	0.0219773389131	0.00139429772129	-0.00544949931732	0.0134832681919	0.00932316908599	-0.00251607368	-0.0651029431483	0.00881795416452	-0.00795936214237	-0.0328792593117	0.0312082945534	-0.0264662722852	0.010464355115	-0.015427115718	-0.00535113169238	-0.0188853802051	-0.0345912006064	0.0399006277947	-0.0442363465675	0.0515307675157	0.0261769109028	-0.00823975629593	0.0116571061396	0.0175040726156	0.0099494999498
k__Bacteria;p__Bacteroidetes;c__Bacteroidia;o__Bacteroidales;f__Rikenellaceae;g__Alistipes;s__Alistipes_shahii	0.00498769346225	0.0487768922518	0.0297883377753	0.0318646531773	-0.0749405230057	-0.122836695663	1.0	-0.0806720284022	0.0217872903764	-0.00572268160296	0.0368032128583	-0.0446171263649	-0.0646814957761	0.0122388261254	0.0274574451395	-0.0325845305645	-0.00285621632595	-0.0568985336849	-0.0188201454139	0.0511062334129	-0.0215314712196	-0.000426609074377	-0.0113883387263	-0.00713476508899	-0.0213291170947	-0.0327298554201	-0.0169393633953	-0.0353977090937	0.0746692263444	-0.0568685151877	-0.0465307094466	-0.0330936361769	0.0474750254408	-0.0117155824011	-0.0202542879644	-0.00484197800686	0.0259299426732	0.0257621440783	-0.0138876099817	-0.0425230993933	-0.0358261714617	-0.0234246750454	-0.0342666767419	-0.00947795257651	-0.0629935475625	0.00806526469241	-0.0244772883768	-0.0208563864585	0.0453169198309	-0.024559365973	0.0398295350803	-0.0685787940893	-0.0298511555941	-0.0233479966502	0.00726510172247	0.0223764434533	0.0187658914593	0.0253519041826	-0.031776167707
k__Bacteria;p__Firmicutes;c__Clostridia;o__Clostridiales;f__Ruminococcaceae;g__Faecalibacterium;s__Faecalibacterium_prausnitzii	0.00278498887298	-0.0222680945523	-0.0429196587476	0.0256875044329	-0.0402122766199	0.0164280316009	-0.0806720284022	1.0	0.0870119176458	-0.00926552540984	0.0346980246243	-0.0541025065966	-0.0387830142673	-0.0445458868961	-0.0226578315698	-0.0469328297966	0.0197869951721	0.00514903934526	0.00637813264857	-0.0109538171775	0.0113359482247	0.0263106804656	-0.00297513278698	0.054136100438	-0.045829107291	-0.0223336209925	-0.00711854634321	0.0369366411291	-0.0201490351859	-0.0165121534307	0.00238128232643	-0.0509121320455	-0.0191916814674	0.0139980130945	0.0323134827803	-0.0180430406465	-0.0365386496953	0.0512107975676	0.00805031755033	-0.00712661536194	0.0592226467456	-0.0122078080594	-0.00916250715603	-0.0451728600911	-0.00492553011674	-0.0234599592627	0.0162531591469	0.0188885280793	-0.0264031477943	-0.0270801588986	0.0567312642129	-0.0114928693152	0.0321812385026	-0.0808046808238	-0.00136824459162	-0.0150988286599	0.0111434781546	-0.0644767419477	-0.0461754404082
k__Bacteria;p__Bacteroidetes;c__Bacteroidia;o__Bacteroidales;f__Rikenellaceae;g__Alistipes;s__Alistipes_finegoldii	0.0024345906353	0.00472147137588	0.00279682491396	-0.0372467383151	0.0238641022252	-0.0489275847612	0.0217872903764	0.0870119176458	1.0	0.0553204860092	-0.0825448699818	0.000281122979446	0.0437397665692	-0.0183843645574	-0.0298753413336	-0.02237455087	-0.00306567422938	0.0335474445234	-0.0420842051546	0.0240123727175	-0.0700832210198	0.0393117483256	-0.00189299609139	-0.00853086552776	-0.01242184446	0.0292367247566	0.0119519981848	0.000855082551274	-0.0720952346584	-0.00550881821509	-0.0539728915701	-0.0108883916583	0.0505403485219	0.044637098667	-0.0148155791519	-0.0118137626148	-0.0714483679675	0.0177782102329	0.0540050932623	-0.0391797895772	-0.00174948712804	0.0286116534517	0.00204265074326	-0.0606470426833	0.0882309022264	0.0389073976758	0.0186628256249	-0.0550291987226	-0.0198828190319	-0.036439788327	-0.0170820652256	0.0137737496993	-0.0401401555086	-0.00128216740306	-0.0079845556532	0.0120424584311	0.0386117851733	-0.0642898923347	0.010787566608
k__Bacteria;p__Bacteroidetes;c__Bacteroidia;o__Bacteroidales;f__Porphyromonadaceae;g__Parabacteroides;s__Parabacteroides_distasonis	-0.00710193859618	0.00946812698222	0.0166670927478	-0.024030406973	-0.0311519749546	-0.0404218693203	-0.00572268160296	-0.00926552540984	0.0553204860092	1.0	-0.013667141848	-0.00163862673789	-0.0674196316678	-0.0155866808828	-0.00448062786338	0.000588549502382	-0.0566689690613	-0.0681681809652	0.0372027308396	0.0101303063762	-0.0283973406503	-0.0665563683417	0.0117595076662	-0.0309563376911	-0.0129322699573	0.04827203972	-0.072920032611	0.0735350767497	0.00790784695006	-0.00928928773477	-0.0420835023171	0.0418340044874	-0.0466401508717	-0.00522000465607	0.0395774570783	0.019112777456	0.0518478537986	-0.0343746825711	0.0179170863102	0.0161684451019	-0.0139518546047	-0.0178801831386	0.0211201334927	0.0171084191848	-0.042987905427	0.00716998574753	-0.0638101729305	-0.0111347272401	-0.0574471149465	0.0149267822593	0.0183158082843	-0.0259453467782	-0.0407875183646	-0.0436720882123	-0.00634147866209	-0.0669257761192	-0.0533424010382	-0.0642421332664	0.041993510502
k__Bacteria;p__Bacteroidetes;c__Bacteroidia;o__Bacteroidales;f__Bacteroidaceae;g__Bacteroides;s__Bacteroides_thetaiotaomicron	-0.0407039479057	-0.00917646060641	0.012966914999	0.0347278161977	-0.0307024063221	0.0293399104432	0.0368032128583	0.0346980246243	-0.0825448699818	-0.013667141848	1.0	-0.0192944722027	0.0029912666072	-0.0044717899981	0.0324421193123	0.0284314617291	-0.0331375893116	0.00980198680443	-0.0543430140546	-0.0344223957573	0.004696066743	0.0602296306298	0.00715151559396	0.0416167125582	-0.00268040443987	0.0381884703318	-0.0170288205162	-0.0317449574355	5.02319255768e-05	0.00906618746407	-0.00768695218485	-0.0285986727963	0.00897280049213	0.0456117691681	-0.0479619157023	-0.0154895856678	-0.0434605674192	-0.0164679112074	-0.034019852473	0.021584228462	-0.050244741281	0.026752511389	0.0834459699419	-0.0163603100615	0.0119608474418	-0.0499676502966	-0.0413125852287	0.000718841374131	0.0181901284573	-0.0202011577044	0.0324143048323	-0.0520258734105	-0.0260927713637	-0.00620691088674	0.0276820886163	-0.102139914889	-0.0738123600143	-0.0202715330023	-0.00174168017868
k__Bacteria;p__Bacteroidetes;c__Bacteroidia;o__Bacteroidales;f__Bacteroidaceae;g__Bacteroides;s__Bacteroides_coprocola	-0.0495228519809	-0.0176635215514	-0.042870675329	-0.0174195196962	0.062714193084	-0.0632359032848	-0.0446171263649	-0.0541025065966	0.000281122979446	-0.00163862673789	-0.0192944722027	1.0	-0.0403927349219	0.00853354534371	-0.000922192013272	-0.0549778765206	-0.0506745308856	-0.00466041559124	-0.0199086486846	-0.0528025472182	0.0668470796917	-0.0660551916009	-0.00830838306688	0.0441940501987	0.0037259529075	0.0372164212008	-0.0590685867079	0.0421327021498	-0.104743713212	0.012272704192	-0.0475499710549	-0.0107897503117	-0.0253905110413	-0.0203475137994	-0.00176799414499	0.00666873064728	-0.0429624816219	0.0130370162667	0.027346420159	0.0728762563952	-0.0258438292268	-0.0537273471158	-0.0629758899782	0.0410136393984	-0.0387725866812	0.00454080646403	0.0224797681956	9.05263324245e-06	0.0115799587846	-0.0305700943961	-0.0158753560664	0.00210913494303	-0.00292302137061	0.00860899908567	0.0405077110859	-0.0671851709251	0.0629125689728	-0.0502642272649	-0.0406336996645
k__Bacteria;p__Bacteroidetes;c__Bacteroidia;o__Bacteroidales;f__Bacteroidaceae;g__Bacteroides;s__Bacteroides_cellulosilyticus	0.023822590531	-0.0347550015885	-0.00605788469395	-0.0179535788955	0.00454158861782	0.0299143338853	-0.0646814957761	-0.0387830142673	0.0437397665692	-0.0674196316678	0.0029912666072	-0.0403927349219	1.0	-0.0174666843788	0.031084764932	-0.0167403784796	-0.0319935250955	-0.0549629762368	0.0122759969015	0.0165345927886	0.0419769044194	-0.00561077374328	-0.045068610567	0.000264630316699	0.0279071872524	0.0272217016002	0.0545564951569	-0.0897636224207	-0.00922606859942	-0.0855992996924	-0.026265779979	-0.0420187513645	0.0430993666096	-0.0396814695015	-0.00480599697555	0.0294901122554	-0.0286865162923	-0.0187483412295	0.048687764926	-0.0163823348589	-0.00159128873698	0.00435563610644	-0.00282271167753	-0.0339542599477	0.013540305052	0.0289668512561	-0.028112788682	-0.0313794619572	0.0267026304936	0.0494831079533	0.032184649795	-0.0256753288678	0.00870678863992	0.00503981364513	0.0233558870367	0.0246450708184	0.00476905714277	-0.0662895176009	0.0537076833096
k__Bacteria;p__Bacteroidetes;c__Bacteroidia;o__Bacteroidales;f__Rikenellaceae;g__Alistipes;s__Alistipes_obesi	-0.0130036661993	-0.030145499281	-0.0181842175815	0.0417911656753	-0.041418864106	-0.0365419262811	0.0122388261254	-0.0445458868961	-0.0183843645574	-0.0155866808828	-0.0044717899981	0.00853354534371	-0.0174666843788	1.0	0.00658031542883	-0.0113225358851	0.0109959720397	0.00183110325624	-0.0898539576051	0.022231985853	0.00732983759462	-0.0131772764559	-0.0600859082871	0.00624886666745	-0.0435609766434	0.0772421306061	0.00510709579708	0.0262927626729	0.0442718605009	-0.0540647475883	-0.0338301578156	0.0828496812738	-0.0154754516053	-0.020569650321	0.00310124628352	-0.0537860888387	-0.0745552349049	0.039139031714	-0.0728020875912	-0.102136119553	-0.00299642856282	-0.0370793318528	-0.0285106611899	0.00967238056604	0.00765317610764	-0.0335054902387	-0.0873049039308	0.0622967562694	0.0277173141968	-0.00232640484187	0.0717349133068	-0.101684562247	-0.00693606871756	-0.0153868933632	0.0351166264015	-0.00745756991022	-0.0775755188191	0.0592126744513	-0.0181311747001
k__Bacteria;p__Firmicutes;c__Clostridia;o__Clostridiales;f__Lachnospiraceae;g__;s__[Eubacterium]_rectale	-0.0157638041035	-0.0211904832686	-0.0490102468971	-0.0587487434042	0.00499910860255	0.0407845243924	0.0274574451395	-0.0226578315698	-0.0298753413336	-0.00448062786338	0.0324421193123	-0.000922192013272	0.031084764932	0.00658031542883	1.0	-0.0211260971294	0.0139286803201	0.0415820046698	-0.0367618846034	0.0267478255852	-0.0269474621199	0.0376579708499	-0.00112433681319	-0.017856093523	0.00389762013038	0.0531528495088	-0.100587360311	0.0174279758712	-0.0381461447278	-0.0197943059756	0.0267338788493	-0.008998297276	0.0356715621217	0.0394432186981	-0.00449696421723	0.0701580579788	-0.0884504567269	-0.0533061210486	-0.0325128088905	0.00395645304738	0.0392508443901	-0.0427764020502	-0.0553763705378	-0.0540286726036	-0.000936404221382	-0.0254433595148	0.0458761635889	-0.0560886604509	0.055689207014	-0.00986864735354	0.00140529909953	0.0166823787082	0.00385105224621	-0.0299381921191	-0.0398890198868	-0.0101896603263	-0.0228795017903	-0.000929665151112	-0.0253602006684
k__Bacteria;p__Bacteroidetes;c__Bacteroidia;o__Bacteroidales;f__Bacteroidaceae;g__Bacteroides;s__Bacteroides_plebeius	-0.0302538991602	0.0231053784167	-0.0569052490203	0.013103011371	0.0545228315457	0.0172534700556	-0.0325845305645	-0.0469328297966	-0.02237455087	0.000588549502382	0.0284314617291	-0.0549778765206	-0.0167403784795	-0.0113225358851	-0.0211260971294	1.0	-0.00957100482839	0.0212041279889	0.00144669995256	0.00898146322928	0.0848555774397	0.095007638032	-0.0304149390116	0.0273543451666	0.0130525699727	0.0329432682803	-0.0101644823064	0.0291736320763	-0.0591000721718	0.00637170499011	0.0261469915459	0.0151006298049	-0.0728422354642	-0.00698188467607	0.0163770466122	0.00134227380915	0.018161793243	-0.0143699020288	0.0051015505017	-0.0267602132976	-0.014354088535	-0.0395801982202	-0.0148845743791	-0.0654044227625	-0.029653616844	-0.0264506763276	-0.0138492486585	0.0444803574721	-0.00555411878626	0.0260336069336	0.00186494064721	0.0427411968069	0.018416853305	-0.042236182705	-0.0377094195775	-0.0241146329141	-0.0437721541653	0.0241301749681	-0.0743660338406
k__Bacteria;p__Bacteroidetes;c__Bacteroidia;o__Bacteroidales;f__Bacteroidaceae;g__Bacteroides;s__Bacteroides_fragilis	-0.00714355205203	0.00736606226454	-0.010390666627	-0.016658577958	-0.00975526255695	0.0267553076385	-0.00285621632595	0.0197869951721	-0.00306567422938	-0.0566689690613	-0.0331375893116	-0.0506745308856	-0.0319935250955	0.0109959720397	0.0139286803201	-0.00957100482839	1.0	0.0014113540003	-0.0196836367779	-0.0286449458377	-0.00951545539526	0.058091712698	-0.0167781770945	-0.0256669019537	-0.0652057323287	-0.01905720939	-0.034133517527	-0.0398376221263	0.0383396604111	-0.0123063458079	0.0450968973319	0.0310943163214	-0.0460908605273	-0.065259816738	-0.0168528332741	-0.0530036923564	0.0379831395124	-0.0177765562471	-0.0100615067673	0.0270574696741	-0.00152815247434	0.0724694018681	-0.0611706265145	-0.00402067828594	0.07390658702	-0.00251714630912	-0.0576427537185	-0.0353375046324	-0.042687040469	-0.0651024368161	-0.00380504968597	-0.00566653700958	-0.0162930036777	0.0490219728165	-0.00211137190529	0.0275961891938	0.000755093542955	0.00785393071091	0.022000695563
k__Bacteria;p__Proteobacteria;c__Betaproteobacteria;o__Burkholderiales;f__Sutterellaceae;g__Sutterella;s__Sutterella_wadsworthensis	0.0196946823889	0.0218590103345	0.0556158666447	-0.0256550106	-0.0172048522166	0.0499880189002	-0.0568985336849	0.00514903934526	0.0335474445234	-0.0681681809652	0.00980198680443	-0.00466041559124	-0.0549629762368	0.00183110325624	0.0415820046698	0.0212041279889	0.0014113540003	1.0	0.048033778858	0.00407901537582	-0.084230309878	0.0241866316404	-0.000612069800262	0.0403533571181	0.00192765353819	0.0193607608796	-0.073960672884	-0.00367472579851	-0.000183133836238	0.0285376766611	-0.0324069676462	0.0205096681495	-0.0622222657982	-0.0121520117661	-0.00140319640011	-0.0440584162687	-0.00612488960959	-0.0851729156321	0.0170360392422	-0.00939137956839	0.0142448665859	-0.00112681571785	0.0526989810598	-0.0288619673427	0.0222035485125	-0.0639041974542	-0.00209604882806	-0.0378538400108	0.0113498393456	-0.00727290123237	-0.033175047213	-0.0204972496632	-0.0372385728584	-0.0454944229004	0.0393758434719	-0.052090086971	-0.0194154073648	-0.0457602025382	0.0200770784574
k__Bacteria;p__Bacteroidetes;c__Bacteroidia;o__Bacteroidales;f__Porphyromonadaceae;g__Barnesiella;s__Barnesiella_intestinihominis	0.039654219255	-0.00459159220648	0.0369320261969	-0.041197736398	0.0246571867472	-0.037856030809	-0.0188201454139	0.00637813264857	-0.0420842051546	0.0372027308396	-0.0543430140546	-0.0199086486846	0.0122759969015	-0.0898539576051	-0.0367618846034	0.00144669995256	-0.0196836367779	0.048033778858	1.0	-0.0491881091145	0.00682758109672	0.00693166365701	0.0739521208085	-0.0425668870225	0.0555718419999	-0.0339465898298	-0.0283757253947	0.0286422065428	-0.0123001019066	-0.00799240768221	-0.0708375642228	0.00508874159796	0.00115214044486	0.00826825354859	0.0570715782302	0.0227079021253	0.000234178865869	-0.0230041709029	-0.0486705186954	-0.0346407988876	0.0182642024467	0.032492113636	-0.0692474827047	0.00306759350684	-0.0169813068341	-0.0355812862377	0.0769505080954	-0.0328761267157	-0.00875266769776	-0.0492452632596	-0.0382008987045	0.0315873570363	-0.0709012079827	0.00302258643762	-0.0423212707082	0.0048868321178	-0.011819794706	-0.0475971998646	-0.000229499616852
k__Bacteria;p__Bacteroidetes;c__Bacteroidia;o__Bacteroidales;f__Odoribacteraceae;g__Odoribacter;s__Odoribacter_splanchnicus	-0.0501934239348	0.000193992262012	0.010917114987	-0.0485096886116	0.00580728002127	-0.0586496960856	0.0511062334129	-0.0109538171775	0.0240123727175	0.0101303063762	-0.0344223957573	-0.0528025472182	0.0165345927886	0.022231985853	0.0267478255852	0.00898146322928	-0.0286449458377	0.00407901537582	-0.0491881091145	1.0	-0.0364389361453	-0.0345843445851	-0.00486370450825	-0.026863615766	-0.0121057210979	-0.0340252223299	0.0615152472337	-0.0147879352978	0.0580094006286	0.0375692517701	-0.00122296295008	0.00904578918742	-0.0523158169736	-0.0536631026631	-0.000877273455798	-0.0337874749197	0.0317213860741	-0.0211158694141	-0.00655822249165	-0.0204868595585	0.019470045926	-0.0509585746333	-0.00481212075286	-0.05499759253	-0.0236527282607	0.0133807970251	-0.0171154709252	-0.0501966254322	-0.0224923427721	-0.0142813799566	0.00713684682301	0.0187180277021	-0.00669119112674	0.0631433710363	0.0041588085099	-0.00580314467291	-0.0389210105692	-0.0496882213708	-0.0101075389994
k__Bacteria;p__Bacteroidetes;c__Bacteroidia;o__Bacteroidales;f__Bacteroidaceae;g__Bacteroides;s__Bacteroides_salyersiae	0.0140027797944	0.00993504158846	-0.0262514325852	-0.036847405354	-0.00778817110534	0.0331242480868	-0.0215314712196	0.0113359482247	-0.0700832210198	-0.0283973406503	0.004696066743	0.0668470796917	0.0419769044194	0.00732983759462	-0.0269474621199	0.0848555774397	-0.00951545539526	-0.084230309878	0.00682758109672	-0.0364389361453	1.0	-0.00630877313136	-0.0799018157631	-0.00105758509469	0.0061267553759	-0.0660765572842	0.0245165705776	0.046744920424	-0.0149780685006	-0.00451716537642	0.0118031209006	-0.067350321462	0.0134505140709	-0.0390111084663	0.0206111135803	-0.0215244360837	0.0628563924267	0.0486959332269	-0.00688014274165	0.0839354297724	0.0399249008642	0.0052865640072	0.00371738298232	-0.0232763117293	-0.0126163779102	-0.00356451836801	0.00224545157448	-0.0324194236981	-0.0246965620527	-0.00992734841604	-0.0108371523393	0.0137882276261	-0.0680395895226	0.0168947784128	-0.0562996225234	-0.00644749874781	-0.0678944480796	0.0831644868306	-0.0225841201768
k__Bacteria;p__Firmicutes;c__Clostridia;o__Clostridiales;f__Ruminococcaceae;g__Ruminiclostridium;s__[Eubacterium]_siraeum	-0.0262030694772	-0.0173046897851	-0.00637747160697	0.0455469821694	0.0257283590324	-0.0196165177246	-0.000426609074377	0.0263106804656	0.0393117483256	-0.0665563683417	0.0602296306298	-0.0660551916009	-0.00561077374328	-0.0131772764559	0.0376579708499	0.095007638032	0.058091712698	0.0241866316404	0.00693166365701	-0.0345843445851	-0.00630877313136	1.0	-0.0133216565906	-0.0228251650967	0.00149250585732	-0.0663069380762	-0.0586284198308	0.0632685902691	0.0737644555283	-0.000562743510915	0.0174970648455	-0.0487790169202	0.0116453366438	0.00526652475488	-0.0558543316495	-0.0110295004844	-0.0059218000766	-0.0694807548599	-0.0562768925038	-0.0425406507821	-0.0594980998404	0.0193436664641	0.011031996702	0.0278353855768	-0.0295973877026	0.0117160656251	-0.0132231547176	-0.0273950727144	-0.0508662466783	0.00929158811263	-0.0504363396587	0.0089169255381	-0.0779721796442	-0.0210295023225	-0.025007181231	0.0142279297041	-0.00630263638987	0.0109606697931	0.0583595737317
k__Bacteria;p__Proteobacteria;c__Betaproteobacteria;o__Burkholderiales;f__Sutterellaceae;g__Parasutterella;s__Parasutterella_excrementihominis	-0.0284720969582	0.0163734097343	-0.0318279931134	-0.0422047123512	-0.0349106800496	-0.0146140985249	-0.0113883387263	-0.00297513278698	-0.00189299609139	0.0117595076662	0.00715151559396	-0.00830838306688	-0.045068610567	-0.0600859082871	-0.00112433681319	-0.0304149390116	-0.0167781770945	-0.000612069800263	0.0739521208085	-0.00486370450825	-0.0799018157631	-0.0133216565906	1.0	-0.026689155389	0.0242258712154	0.0152514327615	-0.0449417833765	0.0155985282559	0.0587099062525	-0.0192619322017	-0.0532776965548	0.016368657967	-0.045730981906	-0.0201886999742	-0.0106969260354	0.0306326478311	0.0562505845612	0.0224593582335	-0.00606407006389	0.000415195235355	0.0288407419088	-0.0618425993145	-0.0332860019751	0.0201499101241	-0.0100985006132	-0.0255463598703	-0.0221069212663	-0.0237412010094	0.00490641276771	-0.0620743269026	0.0425800210654	-0.00133963558179	0.0140212093281	-0.0233051128953	-0.0273818222601	-0.0262419245569	-0.034693638423	0.0234257985077	-0.0220207090939
k__Bacteria;p__Actinobacteria;c__Actinobacteria;o__Bifidobacteriales;f__Bifidobacteriaceae;g__Bifidobacterium;s__Bifidobacterium_adolescentis	-0.0636839394236	-0.0112942220987	0.0138350109976	-0.025244104762	-0.000457127914567	0.0563153998376	-0.00713476508899	0.054136100438	-0.00853086552776	-0.0309563376911	0.0416167125582	0.0441940501987	0.000264630316699	0.00624886666745	-0.017856093523	0.0273543451666	-0.0256669019537	0.0403533571181	-0.0425668870225	-0.026863615766	-0.00105758509469	-0.0228251650967	-0.026689155389	1.0	-0.00574433559618	-0.0201192969545	-0.0179114611251	0.0323777968801	-0.0292734900136	-0.0318948015407	-0.0164281320206	-0.048250859771	-0.0197590500856	0.0489224159432	0.0165778513977	0.00758848591414	-0.0491726158357	0.0162031234348	-0.0172035251143	-0.0459748242929	0.0341863402302	-0.0492928424418	-0.00812196111766	-0.051243846846	-0.0593228836614	0.0359686674238	0.0186843384592	0.065185070658	0.0100132295371	-6.2499522574e-05	-0.0361912882375	0.0103630350558	0.0528370952509	0.0315903556009	0.0153811608912	-0.00475029440459	-0.0855345051418	-0.014987373724	0.0401485174519
k__Bacteria;p__Firmicutes;c__Clostridia;o__Clostridiales;f__Oscillospiraceae;g__Oscillibacter;s__Oscillibacter_sp._KLE_1745	-0.0299840823953	0.00342387551741	-0.0393646042459	-0.0090309640213	-0.0413607487676	-0.0293277947845	-0.0213291170947	-0.045829107291	-0.01242184446	-0.0129322699573	-0.00268040443987	0.0037259529075	0.0279071872524	-0.0435609766434	0.00389762013038	0.0130525699727	-0.0652057323287	0.00192765353819	0.0555718419999	-0.0121057210979	0.0061267553759	0.00149250585732	0.0242258712154	-0.00574433559618	1.0	-0.0209855125189	0.000468063259832	-0.000155382372209	-0.0242227545954	0.0420692339088	0.0252146497282	-0.00172908576709	-0.040041294906	-0.0791023675624	-0.00918581778506	-0.028523481484	-0.0134780833248	0.00537481709957	-0.0693475030719	0.00103057107047	-0.000680147120983	0.0047385113532	0.0235025473392	0.00987996699347	0.0957566759463	0.0121617237849	0.03145648194	-0.0125754309291	0.0441518072433	0.0245161275744	0.00533669493247	0.00863089456916	-0.0218639778282	-0.0774883794547	-0.0487681638311	0.0124431396403	-0.000995277470107	-0.0109343819219	0.037019001139
k__Bacteria;p__Bacteroidetes;c__Bacteroidia;o__Bacteroidales;f__Bacteroidaceae;g__Bacteroides;s__Bacteroides_coprophilus	-0.00648201818485	-0.0214156019845	0.0376465391993	0.0296681366904	-0.0321616551444	-0.0628435363863	-0.0327298554201	-0.0223336209925	0.0292367247566	0.04827203972	0.0381884703318	0.0372164212008	0.0272217016002	0.0772421306061	0.0531528495088	0.0329432682803	-0.01905720939	0.0193607608796	-0.0339465898298	-0.0340252223299	-0.0660765572842	-0.0663069380762	0.0152514327615	-0.0201192969545	-0.0209855125189	1.0	-0.0319596081283	-0.00151344606938	0.0481080068326	-0.00925647867957	0.0335413661035	0.00496234020224	-0.0352983748563	-0.050921856419	-0.0630116223185	-0.00166838030925	0.00547515132525	0.0701398665839	-0.0522528019275	-0.0572184839233	-0.00489119017738	-0.0429354194551	-0.0383368628834	-0.00785974614682	-0.0156983467155	-0.0309922891026	0.0480952635144	0.00211475396337	0.00846131115214	0.0129669374239	0.0138767374959	-0.0484432496087	0.0379837222138	-0.0437181466019	-0.0180740550554	-0.0304957367378	-0.0208020600413	-0.0477282724393	0.0120288963122
k__Bacteria;p__Firmicutes;c__Clostridia;o__Clostridiales;f__Lachnospiraceae;g__Roseburia;s__Roseburia_intestinalis	-0.0180038005788	0.0237730102947	-0.0454359840646	0.0186695918186	-0.0143054800308	0.0102703165306	-0.0169393633953	-0.00711854634321	0.0119519981848	-0.072920032611	-0.0170288205162	-0.0590685867079	0.0545564951569	0.00510709579708	-0.100587360311	-0.0101644823064	-0.034133517527	-0.073960672884	-0.0283757253947	0.0615152472337	0.0245165705776	-0.0586284198308	-0.0449417833765	-0.0179114611251	0.000468063259832	-0.0319596081283	1.0	-0.0778406583314	0.00308431916107	-0.0513125222349	0.0178597638248	-0.0710086497487	-0.0124180118321	-0.00981633506703	-0.0386790831333	0.00370255982631	0.0833193864923	0.0320537893985	0.0181165190968	-0.00908835395892	0.0551512214505	-0.0166524536224	-0.00366023871558	-0.00462298427447	0.0343038179249	0.0422821935441	0.0586914675986	-0.00344634505846	0.0304209288208	0.0106023424965	-0.0383401359754	-0.0182491294362	0.0238849147049	0.0562911413763	0.00406201388134	0.00554184926234	-0.0412723133095	0.0267371608259	-0.0292101409042
k__Bacteria;p__Firmicutes;c__Clostridia;o__Clostridiales;f__Lachnospiraceae;g__Roseburia;s__Roseburia_hominis	-0.045893490279	-0.0545456456983	-0.00469431108863	0.0238047269664	-0.0357847263556	-0.011637461782	-0.0353977090937	0.0369366411291	0.000855082551274	0.0735350767497	-0.0317449574355	0.0421327021498	-0.0897636224207	0.0262927626729	0.0174279758712	0.0291736320763	-0.0398376221263	-0.00367472579851	0.0286422065428	-0.0147879352978	0.046744920424	0.0632685902691	0.0155985282559	0.0323777968801	-0.000155382372209	-0.00151344606938	-0.0778406583314	1.0	0.0268948956394	0.0220258056864	-0.027301232621	0.0144968996099	0.0227561378099	-0.0497320303164	-0.0322664882826	-0.0234959442892	0.0253141183021	-0.0102776072958	-0.0253815939429	0.00263993671065	0.000728830109377	-0.0442466952284	-0.056651562263	-0.091079174243	0.0136701676892	-0.0144945508076	-0.0391845060858	-0.0166632191287	0.0410839006412	-0.0313531954461	0.0318240610316	-0.0331851132291	-0.044766915828	-0.0686967760903	-0.0465981490704	0.000725007650598	0.0142179886519	-0.0221796741408	-0.0121419094929
k__Bacteria;p__Bacteroidetes;c__Bacteroidia;o__Bacteroidales;f__Porphyromonadaceae;g__Parabacteroides;s__Parabacteroides_johnsonii	0.000752893065769	-0.0112427052693	-0.0153920684612	-0.0139290066035	-0.0294987413391	-0.0297395019167	0.0746692263444	-0.0201490351859	-0.0720952346584	0.00790784695007	5.02319255769e-05	-0.104743713212	-0.00922606859942	0.0442718605009	-0.0381461447278	-0.0591000721718	0.0383396604111	-0.000183133836238	-0.0123001019066	0.0580094006286	-0.0149780685006	0.0737644555283	0.0587099062525	-0.0292734900136	-0.0242227545954	0.0481080068326	0.00308431916107	0.0268948956394	1.0	-0.017314044513	0.00190529375825	-0.0321563136619	-0.00318808074281	0.0454658529958	-0.0304980457178	-0.0247097746306	0.0183294663861	-0.0128302297412	-0.00415133407932	0.03099907238	0.00874299053424	0.00664554980247	0.0317855193866	-0.00702044375465	-0.00260930504505	0.00122441970951	-0.0396427852144	0.0310613301293	-0.054430792541	0.00182378238988	-0.047943872563	-0.0971057822754	-0.0493478887986	0.00962562735078	0.0379765573005	-0.0554497722211	0.0249474762163	-0.0492982710406	-0.0363081293641
k__Bacteria;p__Actinobacteria;c__Actinobacteria;o__Bifidobacteriales;f__Bifidobacteriaceae;g__Bifidobacterium;s__Bifidobacterium_longum	0.0208634347631	0.0459139066552	-0.0339672537979	0.0668703347511	-0.0264827700415	-0.0470152809211	-0.0568685151877	-0.0165121534307	-0.00550881821509	-0.00928928773477	0.00906618746407	0.012272704192	-0.0855992996924	-0.0540647475883	-0.0197943059756	0.00637170499011	-0.0123063458079	0.0285376766611	-0.00799240768221	0.0375692517701	-0.00451716537642	-0.000562743510915	-0.0192619322017	-0.0318948015407	0.0420692339088	-0.00925647867957	-0.0513125222349	0.0220258056864	-0.017314044513	1.0	0.0385586835576	-0.0354527847693	0.0283093376924	0.0140200461477	0.0458331654204	0.0100154903554	-0.0071630500272	-0.0469958462123	-0.0336425915439	0.0508313909775	-0.0355578164184	0.0827850483242	0.0343436047106	-0.042952642465	-0.0207902598713	-0.0159870050251	-0.0288969176337	-0.0314672163808	-0.0970243572357	-0.0109564959633	-0.000806998535965	-0.0350726039575	-0.00040373069144	-0.0327651942165	-0.00383480966027	-0.0472408309852	-0.0188169790072	-0.00102945103035	-0.0172088260238
