#taxonomy	k__Bacteria;p__Bacteroidetes;c__Bacteroidia;o__Bacteroidales;f__Bacteroidaceae;g__Bacteroides;s__Bacteroides_vulgatus	k__Bacteria;p__Bacteroidetes;c__Bacteroidia;o__Bacteroidales;f__Bacteroidaceae;g__Bacteroides;s__Bacteroides_uniformis	k__Bacteria;p__Bacteroidetes;c__Bacteroidia;o__Bacteroidales;f__Rikenellaceae;g__Alistipes;s__Alistipes_putredinis	k__Bacteria;p__Bacteroidetes;c__Bacteroidia;o__Bacteroidales;f__Prevotellaceae;g__Prevotella;s__Prevotella_copri	k__Bacteria;p__Bacteroidetes;c__Bacteroidia;o__Bacteroidales;f__Bacteroidaceae;g__Bacteroides;s__Bacteroides_stercoris	k__Bacteria;p__Bacteroidetes;c__Bacteroidia;o__Bacteroidales;f__Bacteroidaceae;g__Bacteroides;s__Bacteroides_ovatus	k__Bacteria;p__Bacteroidetes;c__Bacteroidia;o__Bacteroidales;f__Rikenellaceae;g__Alistipes;s__Alistipes_shahii	k__Bacteria;p__Firmicutes;c__Clostridia;o__Clostridiales;f__Ruminococcaceae;g__Faecalibacterium;s__Faecalibacterium_prausnitzii	k__Bacteria;p__Bacteroidetes;c__Bacteroidia;o__Bacteroidales;f__Rikenellaceae;g__Alistipes;s__Alistipes_finegoldii	k__Bacteria;p__Bacteroidetes;c__Bacteroidia;o__Bacteroidales;f__Porphyromonadaceae;g__Parabacteroides;s__Parabacteroides_distasonis	k__Bacteria;p__Bacteroidetes;c__Bacteroidia;o__Bacteroidales;f__Bacteroidaceae;g__Bacteroides;s__Bacteroides_thetaiotaomicron	k__Bacteria;p__Bacteroidetes;c__Bacteroidia;o__Bacteroidales;f__Bacteroidaceae;g__Bacteroides;s__Bacteroides_coprocola	k__Bacteria;p__Bacteroidetes;c__Bacteroidia;o__Bacteroidales;f__Bacteroidaceae;g__Bacteroides;s__Bacteroides_cellulosilyticus	k__Bacteria;p__Bacteroidetes;c__Bacteroidia;o__Bacteroidales;f__Rikenellaceae;g__Alistipes;s__Alistipes_obesi	k__Bacteria;p__Firmicutes;c__Clostridia;o__Clostridiales;f__Lachnospiraceae;g__;s__[Eubacterium]_rectale	k__Bacteria;p__Bacteroidetes;c__Bacteroidia;o__Bacteroidales;f__Bacteroidaceae;g__Bacteroides;s__Bacteroides_plebeius	k__Bacteria;p__Bacteroidetes;c__Bacteroidia;o__Bacteroidales;f__Bacteroidaceae;g__Bacteroides;s__Bacteroides_fragilis	k__Bacteria;p__Proteobacteria;c__Betaproteobacteria;o__Burkholderiales;f__Sutterellaceae;g__Sutterella;s__Sutterella_wadsworthensis	k__Bacteria;p__Bacteroidetes;c__Bacteroidia;o__Bacteroidales;f__Porphyromonadaceae;g__Barnesiella;s__Barnesiella_intestinihominis	k__Bacteria;p__Bacteroidetes;c__Bacteroidia;o__Bacteroidales;f__Odoribacteraceae;g__Odoribacter;s__Odoribacter_splanchnicus	k__Bacteria;p__Bacteroidetes;c__Bacteroidia;o__Bacteroidales;f__Bacteroidaceae;g__Bacteroides;s__Bacteroides_salyersiae	k__Bacteria;p__Firmicutes;c__Clostridia;o__Clostridiales;f__Ruminococcaceae;g__Ruminiclostridium;s__[Eubacterium]_siraeum	k__Bacteria;p__Proteobacteria;c__Betaproteobacteria;o__Burkholderiales;f__Sutterellaceae;g__Parasutterella;s__Parasutterella_excrementihominis	k__Bacteria;p__Actinobacteria;c__Actinobacteria;o__Bifidobacteriales;f__Bifidobacteriaceae;g__Bifidobacterium;s__Bifidobacterium_adolescentis	k__Bacteria;p__Firmicutes;c__Clostridia;o__Clostridiales;f__Oscillospiraceae;g__Oscillibacter;s__Oscillibacter_sp._KLE_1745	k__Bacteria;p__Bacteroidetes;c__Bacteroidia;o__Bacteroidales;f__Bacteroidaceae;g__Bacteroides;s__Bacteroides_coprophilus	k__Bacteria;p__Firmicutes;c__Clostridia;o__Clostridiales;f__Lachnospiraceae;g__Roseburia;s__Roseburia_intestinalis	k__Bacteria;p__Firmicutes;c__Clostridia;o__Clostridiales;f__Lachnospiraceae;g__Roseburia;s__Roseburia_hominis	k__Bacteria;p__Bacteroidetes;c__Bacteroidia;o__Bacteroidales;f__Porphyromonadaceae;g__Parabacteroides;s__Parabacteroides_johnsonii	k__Bacteria;p__Actinobacteria;c__Actinobacteria;o__Bifidobacteriales;f__Bifidobacteriaceae;g__Bifidobacterium;s__Bifidobacterium_longum	k__Bacteria;p__Firmicutes;c__Clostridia;o__Clostridiales;f__;g__Flavonifractor;s__Flavonifractor_plautii	k__Bacteria;p__Firmicutes;c__Clostridia;o__Clostridiales;f__Clostridiaceae;g__Clostridium;s__Clostridium_phoceensis	k__Bacteria;p__Verrucomicrobia;c__Verrucomicrobiae;o__Verrucomicrobiales;f__Akkermansiaceae;g__Akkermansia;s__Akkermansia_muciniphila	k__Bacteria;p__Bacteroidetes;c__Bacteroidia;o__Bacteroidales;f__Prevotellaceae;g__Paraprevotella;s__Paraprevotella_xylaniphila	k__Bacteria;p__Firmicutes;c__Clostridia;o__Clostridiales;f__Ruminococcaceae;g__Ruminococcus;s__Ruminococcus_callidus	k__Bacteria;p__Bacteroidetes;c__Bacteroidia;o__Bacteroidales;f__Rikenellaceae;g__Alistipes;s__Alistipes_senegalensis	k__Bacteria;p__Firmicutes;c__Clostridia;o__Clostridiales;f__Lachnospiraceae;g__Blautia;s__Blautia_sp._KLE_1732	k__Bacteria;p__Bacteroidetes;c__Bacteroidia;o__Bacteroidales;f__Bacteroidaceae;g__Bacteroides;s__Bacteroides_oleiciplenus	k__Bacteria;p__Firmicutes;c__Clostridia;o__Clostridiales;f__Ruminococcaceae;g__Ruminococcus;s__Ruminococcus_bicirculans	k__Bacteria;p__Bacteroidetes;c__Bacteroidia;o__Bacteroidales;f__Bacteroidaceae;g__Bacteroides;s__Bacteroides_fluxus	k__Bacteria;p__Bacteroidetes;c__Bacteroidia;o__Bacteroidales;f__Prevotellaceae;g__Prevotella;s__Prevotella_stercorea	k__Bacteria;p__Firmicutes;c__Clostridia;o__Clostridiales;f__Lachnospiraceae;g__Dorea;s__Dorea_longicatena	k__Bacteria;p__Firmicutes;c__Clostridia;o__Clostridiales;f__Eubacteriaceae;g__Eubacterium;s__[Eubacterium]_eligens	k__Bacteria;p__Firmicutes;c__Clostridia;o__Clostridiales;f__Ruminococcaceae;g__;s__Ruminococcaceae_bacterium_D16	k__Bacteria;p__Firmicutes;c__Clostridia;o__Clostridiales;f__Lachnospiraceae;g__Coprococcus;s__Coprococcus_comes	k__Bacteria;p__Proteobacteria;c__Gammaproteobacteria;o__Enterobacterales;f__Enterobacteriaceae;g__Escherichia;s__Escherichia_coli	k__Bacteria;p__Firmicutes;c__Clostridia;o__Clostridiales;f__Ruminococcaceae;g__Anaerotruncus;s__Anaerotruncus_colihominis	k__Bacteria;p__Firmicutes;c__Clostridia;o__Clostridiales;f__Lachnospiraceae;g__Blautia;s__Blautia_obeum	k__Bacteria;p__Bacteroidetes;c__Bacteroidia;o__Bacteroidales;f__Odoribacteraceae;g__Odoribacter;s__Odoribacter_laneus	k__Bacteria;p__Firmicutes;c__Clostridia;o__Clostridiales;f__Ruminococcaceae;g__Ruminiclostridium;s__[Clostridium]_leptum	k__Bacteria;p__Bacteroidetes;c__Bacteroidia;o__Bacteroidales;f__Porphyromonadaceae;g__Parabacteroides;s__Parabacteroides_goldsteinii	k__Bacteria;p__Firmicutes;c__Clostridia;o__Clostridiales;f__Lachnospiraceae;g__Anaerostipes;s__Anaerostipes_hadrus	k__Bacteria;p__Firmicutes;c__Clostridia;o__Clostridiales;f__Ruminococcaceae;g__Ruminococcus;s__Ruminococcus_lactaris	k__Bacteria;p__Firmicutes;c__Clostridia;o__Clostridiales;f__Clostridiaceae;g__Clostridium;s__Clostridium_sp._L2-50	k__Bacteria;p__Firmicutes;c__Clostridia;o__Clostridiales;f__Clostridiaceae;g__Clostridium;s__Clostridium_sp._M62/1	k__Bacteria;p__Firmicutes;c__Clostridia;o__Clostridiales;f__;g__Intestinimonas;s__Intestinimonas_butyriciproducens	k__Bacteria;p__Actinobacteria;c__Actinobacteria;o__Bifidobacteriales;f__Bifidobacteriaceae;g__Bifidobacterium;s__Bifidobacterium_bifidum	k__Bacteria;p__Firmicutes;c__Negativicutes;o__Veillonellales;f__Veillonellaceae;g__Dialister;s__Dialister_invisus	k__Bacteria;p__Bacteroidetes;c__Bacteroidia;o__Bacteroidales;f__Bacteroidaceae;g__Bacteroides;s__Bacteroides_salanitronis
k__Bacteria;p__Bacteroidetes;c__Bacteroidia;o__Bacteroidales;f__Bacteroidaceae;g__Bacteroides;s__Bacteroides_vulgatus	1.0	-0.0188531796927	-0.11471642658	-0.0324373403869	0.0459596252545	0.00129947371314	0.00699649048547	-0.0181791479203	0.0466124233058	-0.0502568293984	0.0262600821086	-0.0221799366532	0.0240132595671	-0.000172058491033	0.0124684924779	0.0249425902275	-0.0129394941055	-0.0539937798299	-0.0196332427059	-0.0438417666945	0.0245469016896	0.0144281388403	-0.0216113898334	-0.0193157395239	-0.0255632231666	-0.0150162421926	-0.0859334186328	-0.0303813070681	0.0379610620222	-0.0622416246059	0.0114549489277	-0.0175208038404	0.0128322185363	0.00888586541595	0.0238855087754	0.0156894957541	0.0269376794087	-0.0373988484476	-0.0396622080135	-0.0255220117812	-0.00761581607064	0.0462128299998	-0.0197587601813	-0.0346492737097	0.0285442305482	0.00802842974038	0.0161535181409	-0.0214662126691	-0.00530830395027	-0.104056640255	0.0378236047664	-0.056562753811	-0.0549784825567	-0.00275853718401	0.0265666188968	-0.0342998292298	0.0187279123837	0.00453078608751	-0.0105587143234
k__Bacteria;p__Bacteroidetes;c__Bacteroidia;o__Bacteroidales;f__Bacteroidaceae;g__Bacteroides;s__Bacteroides_uniformis	-0.0188531796927	1.0	-0.0550079840189	-0.117170896335	0.0186783772047	-0.0570193406533	-0.0958809066489	-0.0160695225058	0.00110923126429	0.0287402396595	0.00198543928678	-0.0128905607447	-0.042194175235	0.0776753698136	-0.00687721812149	-0.0548363897753	-0.0490788944371	-0.040455453444	0.0252388369294	0.00564885705988	-0.0479957431584	-0.058412138556	-0.0617618330797	0.0180138157008	-0.0111096070309	-0.00138361335123	0.00284956199621	-0.0649746030933	0.00513102422583	-0.0318318859129	-0.104708957756	-0.0452303140703	0.0797906298347	-0.0315834227464	0.0196401032998	0.0294392195538	0.0150220726216	-0.0451003412971	0.000257907514153	-0.0627348700596	-0.0311713735603	-0.0132357455678	0.0474402966934	-0.0391428017419	0.000151063255355	-0.0766378324075	-0.106455583433	0.0326267017787	-0.00932213534246	0.00230340379169	0.0423589879754	-0.0230609259594	0.0360141237016	0.00634747070424	0.019555273055	0.0208943832315	-0.0500622935617	0.0129860913523	0.00277405693971
k__Bacteria;p__Bacteroidetes;c__Bacteroidia;o__Bacteroidales;f__Rikenellaceae;g__Alistipes;s__Alistipes_putredinis	-0.11471642658	-0.0550079840189	1.0	-0.0177853748948	0.00330149693185	-0.0420685858471	-0.0158195652465	-0.0202275835398	0.0069457275875	0.011037987273	-0.0215254806329	-0.0151076284039	0.0571181977227	-0.020196809674	-0.023429312445	-0.042388455214	-0.011121889413	0.0546880522617	0.0281715093838	-0.0235050277804	-0.0244562263586	-0.0530701781561	-0.0228267128874	-0.00416009553373	0.078098927853	0.0194741382618	0.057871486623	0.00931465367766	0.00307128476367	0.0416767140016	0.0206567168267	-0.00291249517928	-0.0847141027913	-0.0271688142298	0.00102462034721	-0.0378901534251	-0.0633610751737	0.0312441135569	0.0152215010013	0.0241803783216	-0.00527594377093	-0.0195036056873	-0.0857673451712	-0.0490536257687	-0.0334907097303	-0.0395164250264	-0.0741669618703	-0.00963569187534	-0.0525880838868	0.0432600817849	-0.0368985241777	-0.0152601853214	0.0377615959605	0.0456125631259	-0.00595009896972	0.0081908751352	-0.0449745804339	0.0261073143256	0.0239547825876
k__Bacteria;p__Bacteroidetes;c__Bacteroidia;o__Bacteroidales;f__Prevotellaceae;g__Prevotella;s__Prevotella_copri	-0.0324373403869	-0.117170896335	-0.0177853748948	1.0	-0.0184305850545	-0.0400257078593	0.011478513171	-0.0679519296921	-0.018415126028	0.0523126690274	0.033718041012	-0.0125002148831	0.00500815508095	0.0385317350344	0.0343411679177	-0.0248114775272	0.0507575834834	-0.0484317721595	-0.0144894780472	-0.0428777834837	-0.0242424573245	0.050909535951	-0.0193001441047	-0.0123472888582	0.0314120550786	-0.0288043463182	-0.0292400349615	0.0406266321659	-0.0296684559964	0.0490310090359	0.0087487474854	-0.0214032617754	-0.0681662288916	-0.0249070940235	0.0064302536778	0.00988935078973	0.00149950702708	0.0285449638926	-0.0609887033183	0.0431037563522	-0.0510626487299	0.0191888580394	-0.0369016326657	0.0473256532571	-0.0370938358709	-0.00957979308858	0.0167273314258	-0.0547071399376	-0.0754625004046	-0.0215336330258	0.00945896506285	-0.0825975700902	-0.0229446781021	0.0231821203682	0.0392702544858	0.00100307005837	-0.064503993811	-0.0277770885322	-0.0362211773656
k__Bacteria;p__Bacteroidetes;c__Bacteroidia;o__Bacteroidales;f__Bacteroidaceae;g__Bacteroides;s__Bacteroides_stercoris	0.0459596252545	0.0186783772047	0.00330149693185	-0.0184305850545	1.0	0.0211951917242	0.0633879729505	0.0274943550418	-0.0282049980876	0.0117609789771	-0.0519352794131	0.0114623861254	-0.038602240217	-0.0202331294934	0.0346311594906	0.00768199185629	0.009908844387	-0.0527138241291	-0.0275225724586	0.0319805736303	0.0347902909472	0.0354943865017	0.0462041526884	0.0201732732363	-0.0116988687055	0.0228758770317	0.0155559955318	-0.0293191075726	0.0197924256848	-0.0437184781685	-0.0284979516236	-0.0350491374627	0.0511610061123	0.00366394301865	-0.0479465928633	-0.0472018740069	0.0266503329376	-0.0422567167957	-0.0362554487353	-0.0294830327713	0.0608564758519	-0.0831596494214	0.00637899204998	-0.0571051381038	0.0479267417944	-0.0181322605176	-0.0257049797815	0.0104732801853	-0.00566851611266	-0.00413562096268	-0.0213509261293	-0.0841087610683	0.0224054583142	-0.030464870772	-0.0439729310839	0.0193903393252	-0.018975618523	-0.0350326430243	-0.0414572409499
k__Bacteria;p__Bacteroidetes;c__Bacteroidia;o__Bacteroidales;f__Bacteroidaceae;g__Bacteroides;s__Bacteroides_ovatus	0.00129947371314	-0.0570193406533	-0.0420685858471	-0.0400257078593	0.0211951917242	1.0	-0.0144161207079	0.00518710962226	-0.0249037940284	-0.0339311435253	-0.0149533233271	-0.0536126311655	-0.080237036457	0.0339589844684	-0.0151650955211	-0.0296360592832	0.0728939441614	-0.0168819466245	0.00311556930731	-0.033877169916	-0.00185600817984	-0.0283624448157	0.00897144409557	-0.00907955579984	-0.0228641490998	-0.0537608755758	-0.0146113798519	-0.0340166109706	0.0366521071634	-0.00537186174387	0.0253292103523	-0.0128784609168	-0.0332280672494	0.000786806223081	-0.00680820450865	-0.0566068426312	0.026019068993	-0.0186234001487	0.00125166779766	0.0114247820562	0.0146799317533	0.00927508758806	0.0228174730174	0.0729303061536	-0.0150611971141	-0.0216918424454	-0.0232094895073	-0.0036800082913	-0.00894913793767	0.0124283751163	0.0458463081657	0.0909171548511	-0.00287459484762	-0.0579551478861	0.0332860690544	-0.0220914412519	-0.0362156607614	0.0172075159824	-0.0609016380898
k__Bacteria;p__Bacteroidetes;c__Bacteroidia;o__Bacteroidales;f__Rikenellaceae;g__Alistipes;s__Alistipes_shahii	0.00699649048547	-0.0958809066489	-0.0158195652465	0.011478513171	0.0633879729505	-0.0144161207079	1.0	0.00388134032758	-0.104702336465	-0.0296408429618	-0.0154851791909	0.0237004720795	0.0221330532713	0.0561244935327	0.0228265099124	0.00622497449655	0.0411556338736	-0.0259020118081	-0.00827520272408	0.00433528660526	-0.0251275443087	-0.0510464178423	-0.0397132152947	-0.0287769831782	0.0398833670282	-0.0366241800252	-0.00715654578645	0.0767518270868	-0.0618958960106	-0.0430208836562	-0.0156671037033	0.046689468275	0.000808114591383	-0.0175525133796	-0.0717101937658	-0.0343608629772	-0.105475858701	0.00155416198563	0.0528693008393	-0.0533649807805	0.0278499042961	0.014021125183	-0.00556101455061	-0.0109246811274	0.0189241070434	-0.0294842575982	0.0236911252157	0.0129616105717	0.0508755844564	-0.0262378686247	0.00281119445039	-0.0510044285279	0.0162858959953	0.0118834229429	0.0516104827172	0.0140977095969	-0.0579226930858	-0.0222639650137	0.0293069850821
k__Bacteria;p__Firmicutes;c__Clostridia;o__Clostridiales;f__Ruminococcaceae;g__Faecalibacterium;s__Faecalibacterium_prausnitzii	-0.0181791479203	-0.0160695225058	-0.0202275835398	-0.0679519296921	0.0274943550418	0.00518710962226	0.00388134032758	1.0	-0.000511183535351	-0.0151677933936	0.00332407813453	-0.0160400685479	0.0122547629682	-0.0182138189211	-0.0280165395946	-0.0103676226507	-0.0187926724287	0.0157544736048	0.0287308264159	-0.016852382788	-0.0632393496842	-0.0337910106585	0.000653766733368	-0.00312225112134	-0.000866897603259	-0.0115902902869	0.024785091374	0.0298953111092	0.0515805961084	0.0182169240455	0.00456464265028	-0.0292274853483	0.00827907081517	-0.00667838732972	0.0658673299601	-0.0528435505077	-0.000921011148315	0.00317307755048	-0.0133070700013	-0.0369920123847	0.0550463402415	0.0122621427536	-0.0244429155079	0.00418881180857	0.000901742204381	0.091047253953	0.038089987994	-0.0449967799119	-0.0415388286812	-0.108421001915	0.0340695499994	0.000659050559878	-0.0630279969884	-0.0294842245742	-0.00411078695859	-0.021718221436	0.0298287896662	-0.0429064373553	-0.00183203545989
k__Bacteria;p__Bacteroidetes;c__Bacteroidia;o__Bacteroidales;f__Rikenellaceae;g__Alistipes;s__Alistipes_finegoldii	0.0466124233058	0.00110923126429	0.0069457275875	-0.018415126028	-0.0282049980876	-0.0249037940284	-0.104702336465	-0.000511183535351	1.0	-0.00160787908914	-0.0512327832699	-0.0214324730944	0.0144949796912	0.0409662084313	-0.0353340837137	-0.0214937908631	0.0243765287442	-0.0140934866532	0.0430203166533	0.0049683149274	-0.0152423540654	0.0159265255108	-0.0285513295642	-0.0334120663415	-0.0128273312772	0.0302005157972	-0.00122206292123	0.00793702629579	0.0461696125792	-0.00116748791382	-0.0343805843406	-0.0336238784071	0.0345558503615	-0.0283290456737	-0.0874113144973	0.0219066945214	0.0254437073905	-0.02712089726	-0.00866735244209	-0.0477425261684	0.00811608218471	-0.0450136539776	0.0419099686089	0.0172040694979	0.0393940188634	0.0520196516868	-0.0173340781011	-0.046581168232	-0.0543511230085	-0.0727316461581	-0.0279917833153	-0.0327467499031	0.0426358654589	0.0038385196163	-0.0486362557699	0.00911363290408	0.0518291624166	-0.0784231555706	0.0150842447132
k__Bacteria;p__Bacteroidetes;c__Bacteroidia;o__Bacteroidales;f__Porphyromonadaceae;g__Parabacteroides;s__Parabacteroides_distasonis	-0.0502568293984	0.0287402396595	0.011037987273	0.0523126690274	0.0117609789771	-0.0339311435253	-0.0296408429618	-0.0151677933936	-0.00160787908914	1.0	0.00952225521475	-0.0286846977389	-0.0305709899731	0.013458939727	0.0639789548019	0.0147300107202	-0.00145113040009	0.00620331553543	-0.0300711439101	0.0139232260561	0.0234408053452	0.0184054969604	0.0220294210737	-0.0137777272319	0.0152818513341	0.0132099188008	0.0317733420652	-0.0369913078821	-0.00999193829438	-0.0200766960699	-0.0302653656245	-0.0189724453701	-0.0172284787665	-0.0338632590502	0.072021128783	0.0775668999278	-0.0306359307488	-0.0462349023664	0.00918815733896	-0.0366976878395	-0.0271445840012	-0.0266813858224	-0.0239071754491	0.00081359262228	0.029508214739	-0.0115202495165	-0.060338283457	0.050689290593	-0.0250324111967	0.0233572203989	-0.0147718940068	-0.00363869849667	0.0269041790919	-0.00208713070533	-0.057077416424	-0.0339938862865	-0.0409079257209	0.00135098924759	-0.108707969547
k__Bacteria;p__Bacteroidetes;c__Bacteroidia;o__Bacteroidales;f__Bacteroidaceae;g__Bacteroides;s__Bacteroides_thetaiotaomicron	0.0262600821086	0.00198543928678	-0.0215254806329	0.033718041012	-0.0519352794131	-0.0149533233271	-0.0154851791909	0.00332407813453	-0.0512327832699	0.00952225521475	1.0	0.0563036059183	-0.124309026752	0.0261099474838	0.0159190076085	-0.032841704714	0.00490898383322	-0.00967715604956	0.0330469017114	-0.0530491574357	0.0385258046574	-0.0335894147748	-0.0201187136157	0.014207431985	0.0167487973029	-0.017845537452	-0.0522101151248	-0.036798475064	-0.0312312154088	-0.00262527730832	-0.0110501159886	-0.0198642069594	-0.0211767887166	-0.019001670419	0.0350223982979	-0.102693722689	-0.0347536623292	0.0969341962999	-0.00892502021221	-0.00929973772864	-0.0823090763487	-0.0253605328576	-0.0147794840862	0.00090437900869	-0.0339418042444	0.0656947126866	-0.0151798269814	-0.00912043664522	0.00372075413388	-0.00114454952026	-0.000257969659052	-0.0106814632949	-0.00101401383959	0.0285308416376	0.00882674615935	0.0442578549772	0.0408042067127	-0.0816019953302	0.00449999392522
k__Bacteria;p__Bacteroidetes;c__Bacteroidia;o__Bacteroidales;f__Bacteroidaceae;g__Bacteroides;s__Bacteroides_coprocola	-0.0221799366532	-0.0128905607447	-0.0151076284039	-0.0125002148831	0.0114623861254	-0.0536126311655	0.0237004720795	-0.0160400685479	-0.0214324730944	-0.0286846977389	0.0563036059183	1.0	-0.000672470093292	0.017367116341	-0.0350733731272	0.00340853071802	-0.0536431379714	-0.00271962911621	-0.030586945139	0.00184202985297	-0.00718791752127	0.0381165432327	0.00498598175815	-0.0287380291299	0.00378321508331	-0.01755953017	0.0258521744688	-0.0189717153176	-0.0298810611561	-0.0494797427673	0.0165745222345	0.00207006392741	0.022452191298	0.0375560584889	-0.0140120606515	-0.0339152058919	-0.000463515778446	-0.0213868348	0.0370357377307	-0.0284404360083	-0.0254751415662	-0.0660803209183	-0.0491496549081	-0.0416254367443	-0.00332107060277	0.00106077248696	-0.057021313524	-0.0423888373917	-0.0300064312079	0.0358214884206	-0.0824070717672	-0.0138070741295	0.00924818020802	-0.017646164586	0.0668233114386	-0.0528884859611	-0.0452363059926	-0.00302585958226	-0.0185904933196
k__Bacteria;p__Bacteroidetes;c__Bacteroidia;o__Bacteroidales;f__Bacteroidaceae;g__Bacteroides;s__Bacteroides_cellulosilyticus	0.0240132595671	-0.042194175235	0.0571181977227	0.00500815508095	-0.038602240217	-0.080237036457	0.0221330532713	0.0122547629682	0.0144949796912	-0.0305709899731	-0.124309026752	-0.000672470093292	1.0	0.0847360575775	-0.0578181060838	-0.030994122781	-0.0423549411842	0.00828058033156	-0.0500572376273	-0.00162252099348	-0.0262679870549	-0.019630752911	-0.0139835072339	0.00887425626558	-0.00637982139317	-0.0406876018656	-0.0482790197892	-0.0215823763655	-0.0402556549367	0.0348299402999	-0.00471124759186	0.0142610556902	0.029164864477	0.106735950626	-0.0101231588775	-0.03077534367	-0.000801193561933	-0.000728468343097	0.00803620407309	-0.0146277299852	0.00919316593409	-0.0245831269714	0.0563736450253	-0.0370842007502	-0.00314904748521	-0.00363384779273	-0.059271423217	-0.0458458104524	-0.00293538286104	-0.00147361928089	0.0564681491756	0.0355340311718	0.0355846191789	0.0993807262726	0.0439097521363	-0.0606566588637	-0.0147994940603	-0.0202382488441	-0.0176750213058
k__Bacteria;p__Bacteroidetes;c__Bacteroidia;o__Bacteroidales;f__Rikenellaceae;g__Alistipes;s__Alistipes_obesi	-0.000172058491033	0.0776753698136	-0.020196809674	0.0385317350344	-0.0202331294934	0.0339589844684	0.0561244935327	-0.0182138189211	0.0409662084313	0.013458939727	0.0261099474838	0.017367116341	0.0847360575775	1.0	-0.0315964172475	-0.0609055841344	0.0316776732952	-0.00135902900028	0.071381388755	-0.0562986950391	-0.0541510064019	-0.0152030066684	-0.0965563645039	0.0150855917943	0.0233167220834	-0.00662588833746	-0.0116559681296	0.0407105029995	0.0061089942952	-0.0127715937319	-0.0644315870609	-0.0721825331196	0.0166532561565	-0.00431774826065	-0.0228749160726	-0.0119943449209	0.0179580253993	0.0020146002116	0.032657624439	-0.0373455916065	-0.0297286509141	-0.0235281037945	0.0166637962211	0.0123217425038	-0.0120363258086	0.0339629280342	0.0424364581659	0.000175546684225	-0.00260380659888	-0.00684663183795	-0.0470163799659	0.0898244949402	0.0074611578559	-0.0123065227996	0.013077459613	-0.0238500224623	-0.0317240469829	-0.0410345441413	-0.0138123465318
k__Bacteria;p__Firmicutes;c__Clostridia;o__Clostridiales;f__Lachnospiraceae;g__;s__[Eubacterium]_rectale	0.0124684924779	-0.00687721812149	-0.023429312445	0.0343411679177	0.0346311594906	-0.0151650955211	0.0228265099124	-0.0280165395946	-0.0353340837137	0.0639789548019	0.0159190076085	-0.0350733731272	-0.0578181060838	-0.0315964172475	1.0	0.0109828736711	-0.0534736275797	0.0476686545266	0.0381391101197	-0.0124368100843	-0.0894146942617	-0.0240098915487	0.00806052668701	0.00906927511777	-0.00625377366704	-0.0246638637816	-0.0138630927258	-0.050379745302	0.00743178251096	-0.0297168978491	-0.0166075362737	0.0180947042898	0.00659128721438	-0.0199037435621	-0.0421082002991	0.0613796767652	0.0260820145111	0.0135651996577	-0.00287280901261	-0.0100627177788	-0.0215936872952	-0.000676596409683	-0.0658148817444	0.0491177176422	0.00251885398572	-0.00804368873915	0.00487807954046	0.00404913741214	0.0801260051695	-0.0155567016581	-0.0572295687687	-0.0369824331111	0.025987694572	0.0100629804099	0.0347271959672	-0.0145266193925	-0.0304825939112	-0.016910207885	0.0233454062358
k__Bacteria;p__Bacteroidetes;c__Bacteroidia;o__Bacteroidales;f__Bacteroidaceae;g__Bacteroides;s__Bacteroides_plebeius	0.0249425902275	-0.0548363897753	-0.042388455214	-0.0248114775272	0.00768199185629	-0.0296360592832	0.00622497449655	-0.0103676226507	-0.0214937908631	0.0147300107202	-0.032841704714	0.00340853071802	-0.030994122781	-0.0609055841344	0.0109828736711	1.0	0.0614396056485	0.0692470818987	0.005542492482	0.0592435366676	0.0232758839707	0.0648114871835	-0.00860890931961	-0.00345985105612	0.0126778623883	0.0616817717308	-0.0390273043039	-0.0144664657763	-0.0627564308524	-0.0590982600563	0.0154233958413	0.0100131124601	0.0510778837614	-0.0468785952418	-0.00571816186273	-0.00570590071354	-0.00990322131915	0.00691344236682	-0.052842094597	0.0153428557717	-0.0378162668994	-0.0487745306637	-0.000806006202764	-0.018164359055	-0.0288576249063	-0.0346364364703	-0.0252200739916	0.0318710954736	-0.0107757380955	-0.00173102856675	0.00475576340603	-0.0194678923102	0.00462492934165	0.0406899359087	-0.0222286847485	-0.016143138204	-0.0411775550738	-0.050525446171	0.0673627125048
k__Bacteria;p__Bacteroidetes;c__Bacteroidia;o__Bacteroidales;f__Bacteroidaceae;g__Bacteroides;s__Bacteroides_fragilis	-0.0129394941055	-0.0490788944371	-0.011121889413	0.0507575834834	0.009908844387	0.0728939441614	0.0411556338736	-0.0187926724287	0.0243765287442	-0.00145113040009	0.00490898383322	-0.0536431379714	-0.0423549411842	0.0316776732952	-0.0534736275797	0.0614396056485	1.0	-0.0146890031654	0.0438100785479	-0.0407376236726	0.0416114071446	-0.0263726520549	-0.0346160516225	-0.00534101980586	0.0343591359351	-0.0222288681399	0.0137437277928	-0.00856243532356	-0.0183518707596	-0.00476567761439	0.0478314794981	-0.032896080486	-0.0410217204052	0.0150537627092	0.0111516038242	-0.0402918340107	-0.0162418246878	0.0470745360642	0.0289505213282	0.0171153520298	0.00592573396036	0.0130733017954	-0.042145204666	-0.00409267415848	-0.0795185025323	-0.063002840821	0.0154980867715	-0.0549556165381	-0.00963578302668	0.0108295936224	-0.051105530147	0.0214357424633	-0.0736429138911	0.0757697306287	-0.0334567484008	0.0306912337521	0.0070901791721	-0.0178789946495	-0.0790611358996
k__Bacteria;p__Proteobacteria;c__Betaproteobacteria;o__Burkholderiales;f__Sutterellaceae;g__Sutterella;s__Sutterella_wadsworthensis	-0.0539937798299	-0.040455453444	0.0546880522617	-0.0484317721595	-0.0527138241291	-0.0168819466245	-0.0259020118081	0.0157544736048	-0.0140934866532	0.00620331553543	-0.00967715604956	-0.00271962911621	0.00828058033156	-0.00135902900028	0.0476686545266	0.0692470818987	-0.0146890031654	1.0	0.022878401087	0.0200506097525	-0.0234705783639	0.0442059124454	0.00809791194042	-0.0440906605491	0.0398974767211	-0.0372943374266	0.0164487878172	0.0494505986589	-0.0663719324513	-0.00652786054852	-0.0182375691865	0.0301015433112	0.0265537779696	0.00622885313336	-0.0289232639631	0.00256893420301	-0.0487246645154	-0.00418835040208	0.0125112536008	-0.0547437159182	-0.0341212529517	-0.0133316523773	0.0114220897	0.045471729293	0.0319215920313	0.00156834578191	-0.047010099843	0.0133714087539	-0.023717031495	0.0418166382301	-0.0613342254974	0.0070090886149	0.00347506398328	-0.0561667500017	-0.046879942497	-0.0528695890882	-0.0803722503871	-0.0228854145007	-0.0151514720544
k__Bacteria;p__Bacteroidetes;c__Bacteroidia;o__Bacteroidales;f__Porphyromonadaceae;g__Barnesiella;s__Barnesiella_intestinihominis	-0.0196332427059	0.0252388369294	0.0281715093838	-0.0144894780472	-0.0275225724586	0.00311556930731	-0.00827520272408	0.0287308264159	0.0430203166533	-0.0300711439101	0.0330469017114	-0.030586945139	-0.0500572376273	0.071381388755	0.0381391101197	0.005542492482	0.0438100785479	0.022878401087	1.0	-0.0577853647346	0.00399335583245	-0.0311515028193	-0.0396768730625	-0.000527414164553	-0.0553460934553	0.0561843844668	0.0384765308406	0.00911672217635	-0.0693289660215	0.0323771763162	-0.0714156495449	-0.00947471974232	-0.0210266572595	-0.00840779740667	0.0159649269518	0.0231959894973	0.0159812642122	0.00970662736181	-0.0169744652387	-0.0758433123716	-0.000199883516389	-0.0138583214594	-0.00873252558288	-0.0407382207009	-0.0895660955713	-0.0370046718198	0.0615103879824	0.0183092787887	0.0314454307673	0.0145542759399	0.0126313039663	0.0394003006878	0.00112118289548	-0.0119415244983	0.02264313685	-0.0895958839789	-0.00976697270061	-0.0611289292404	0.0491571696286
k__Bacteria;p__Bacteroidetes;c__Bacteroidia;o__Bacteroidales;f__Odoribacteraceae;g__Odoribacter;s__Odoribacter_splanchnicus	-0.0438417666945	0.00564885705988	-0.0235050277804	-0.0428777834837	0.0319805736303	-0.033877169916	0.00433528660526	-0.016852382788	0.0049683149274	0.0139232260561	-0.0530491574357	0.00184202985297	-0.00162252099348	-0.0562986950391	-0.0124368100843	0.0592435366676	-0.0407376236726	0.0200506097525	-0.0577853647346	1.0	0.0264860661687	0.0143193154271	0.034547251507	-0.0461483257203	-0.0299144503632	-0.000260165492731	-0.0428230021921	0.0210648716052	-0.056029717256	-0.0061512616745	-0.0511020656	0.00579944410198	0.00443626074538	-0.0232912888124	0.043103142758	0.0853707743753	0.0046042952565	-0.0357009524667	-0.0114975170384	-0.00311343499231	0.020477967778	0.032578826351	-0.0700522869539	-0.0355876682626	-0.060483681253	-0.0201808495462	0.00624449376883	-0.0383812021534	-0.0420550503118	-0.0240595559649	0.00278999931197	0.00277065176744	0.0116284120503	-0.0583891660837	0.0180070692771	0.00840180845989	0.029332219221	0.0065514849566	0.0224880089268
k__Bacteria;p__Bacteroidetes;c__Bacteroidia;o__Bacteroidales;f__Bacteroidaceae;g__Bacteroides;s__Bacteroides_salyersiae	0.0245469016896	-0.0479957431584	-0.0244562263586	-0.0242424573245	0.0347902909472	-0.00185600817984	-0.0251275443087	-0.0632393496842	-0.0152423540654	0.0234408053452	0.0385258046574	-0.00718791752127	-0.0262679870549	-0.0541510064019	-0.0894146942617	0.0232758839707	0.0416114071446	-0.0234705783639	0.00399335583245	0.0264860661687	1.0	-0.0695973504489	0.0229525842008	0.00238228199625	-0.0284467513746	-0.0117179616726	-0.0419926209299	-0.0198858417911	-0.0441634560373	0.0477291517926	-0.0261231215386	0.00878191012892	-0.0547862503354	0.0640422465965	-0.0292027688441	0.00582938728896	-0.0111836591091	0.0120909477195	-0.0283945088581	0.0154241572892	-0.0431205869268	0.0132421048211	0.00111732596776	0.027883055132	-0.0462974869902	-0.00964895344201	-0.0116586767401	0.0139292523694	-0.0104229273715	-0.048120091814	-0.00903349048372	-0.0660946865596	-0.00456067880142	-0.0386370374051	-0.0226099816173	-0.048695146219	0.0199249810648	-0.0337934908456	-0.0254309812672
k__Bacteria;p__Firmicutes;c__Clostridia;o__Clostridiales;f__Ruminococcaceae;g__Ruminiclostridium;s__[Eubacterium]_siraeum	0.0144281388403	-0.058412138556	-0.0530701781561	0.050909535951	0.0354943865017	-0.0283624448157	-0.0510464178423	-0.0337910106585	0.0159265255108	0.0184054969604	-0.0335894147748	0.0381165432327	-0.019630752911	-0.0152030066684	-0.0240098915487	0.0648114871835	-0.0263726520549	0.0442059124454	-0.0311515028193	0.0143193154271	-0.0695973504489	1.0	-0.0259889421749	-0.0521155681071	0.0442708589793	-0.0430606950339	0.0108917906708	-0.0221880863807	-0.0475872045285	-0.0254068637319	-0.0586668655126	0.0222315231522	0.0104832007815	-0.0547426781349	-0.0123525261764	0.00625342737027	0.0523387649997	0.00559158098058	-0.0302000533118	-0.00331276140636	0.0513000227525	0.020494304043	0.0336367741035	-0.0736612957919	0.0528674660645	-0.015767801884	-0.0156444347461	-0.0294668043228	-0.0393651319121	-0.0613681347913	0.00656347168394	0.0862838511084	-0.0256819846722	0.0386328967752	0.000750580771156	0.0068337741808	-0.0573126296618	-0.00337546838701	0.00823113251899
k__Bacteria;p__Proteobacteria;c__Betaproteobacteria;o__Burkholderiales;f__Sutterellaceae;g__Parasutterella;s__Parasutterella_excrementihominis	-0.0216113898334	-0.0617618330797	-0.0228267128874	-0.0193001441047	0.0462041526884	0.00897144409558	-0.0397132152947	0.000653766733368	-0.0285513295642	0.0220294210737	-0.0201187136157	0.00498598175815	-0.0139835072339	-0.0965563645039	0.00806052668701	-0.00860890931961	-0.0346160516225	0.00809791194042	-0.0396768730625	0.034547251507	0.0229525842008	-0.0259889421749	1.0	-0.0202891387641	-0.00984788927425	0.022939143072	-0.0174902517434	0.0697390588697	0.00232233913199	-0.0414792073235	-0.0595672098945	0.0307757517486	-0.00150234344676	-0.0926259562699	-0.0245254848783	0.0643948091269	-0.0242158858025	-0.0147768556045	0.0264870036226	-0.00871876611079	-0.00869954120632	-0.0211696698446	-0.0242107064661	0.0350560132948	0.0097077567454	-0.0241228309249	-0.0390481049646	0.0290246624196	-0.0561204408146	-0.0231451387319	-0.0177534186163	-0.00755949237045	0.0131132819502	-0.0362677830539	-0.0557679277222	-0.0101906810482	0.00534099489191	0.020255292676	0.00974049686933
k__Bacteria;p__Actinobacteria;c__Actinobacteria;o__Bifidobacteriales;f__Bifidobacteriaceae;g__Bifidobacterium;s__Bifidobacterium_adolescentis	-0.0193157395239	0.0180138157008	-0.00416009553373	-0.0123472888582	0.0201732732363	-0.00907955579984	-0.0287769831782	-0.00312225112134	-0.0334120663415	-0.0137777272319	0.014207431985	-0.0287380291299	0.00887425626558	0.0150855917943	0.00906927511777	-0.00345985105612	-0.00534101980586	-0.0440906605491	-0.000527414164554	-0.0461483257203	0.00238228199625	-0.0521155681071	-0.0202891387641	1.0	-0.0312502078493	0.00200041083611	-0.0416014742158	0.0323297969534	0.0539500472874	0.0388662261577	-0.0397536880369	-0.0252859518124	0.0122190914579	0.0220021878344	-0.0414322748905	-0.0486635379627	0.0427659416883	-0.0234893997544	0.0401151509504	0.0332756159676	0.000392843737614	0.0290584243923	0.0011941679174	-0.00667164267704	0.0195789802576	0.0361606728931	-0.0112073989439	0.007294755511	0.00394575616256	-0.00642722707804	-0.0186516684961	0.00510223599213	-0.0794278757035	0.0279474278386	-0.0113887714762	-0.035554148325	0.0120980417849	0.0565060783866	-0.0588070535148
k__Bacteria;p__Firmicutes;c__Clostridia;o__Clostridiales;f__Oscillospiraceae;g__Oscillibacter;s__Oscillibacter_sp._KLE_1745	-0.0255632231666	-0.0111096070309	0.078098927853	0.0314120550786	-0.0116988687055	-0.0228641490998	0.0398833670282	-0.000866897603259	-0.0128273312772	0.0152818513341	0.0167487973029	0.00378321508331	-0.00637982139317	0.0233167220834	-0.00625377366704	0.0126778623883	0.0343591359351	0.0398974767211	-0.0553460934553	-0.0299144503632	-0.0284467513746	0.0442708589793	-0.00984788927425	-0.0312502078493	1.0	-0.0470880993125	-0.0323413893251	-0.0616413712537	0.00577608308893	-0.0110041820416	0.0015647219063	-0.0144370809993	-0.107926510578	0.0713124044708	0.0273909214914	0.0282031991746	-0.00421114835689	0.00939322107766	0.0193187985746	-0.0111878063959	0.0323702713776	-0.00234761744783	0.0296414613295	-0.0258793092122	-0.07000444382	-0.0632820273268	-0.0513451844302	-0.015269068737	0.028611526943	0.0221765177901	-0.0263915273216	0.0784938015128	-0.0487293961994	0.0115512764739	-0.0654431283918	-0.035038039145	0.0677376016277	0.00526505223049	-0.0236819343467
k__Bacteria;p__Bacteroidetes;c__Bacteroidia;o__Bacteroidales;f__Bacteroidaceae;g__Bacteroides;s__Bacteroides_coprophilus	-0.0150162421926	-0.00138361335123	0.0194741382618	-0.0288043463182	0.0228758770317	-0.0537608755758	-0.0366241800252	-0.0115902902869	0.0302005157972	0.0132099188008	-0.017845537452	-0.01755953017	-0.0406876018656	-0.00662588833746	-0.0246638637816	0.0616817717308	-0.0222288681399	-0.0372943374266	0.0561843844668	-0.00026016549273	-0.0117179616726	-0.0430606950339	0.022939143072	0.00200041083611	-0.0470880993125	1.0	-0.0173555304239	-0.0234587108023	-0.00971833770511	0.00118728460048	-0.0274006503866	-0.00602581407605	-0.00101045193358	-0.0411218799495	0.0457148669746	0.00257875823713	0.0432023805324	-0.0670809571135	0.0165480796604	-0.00730818225469	0.045635147393	0.00677415580109	-0.0546061834446	-0.07823281379	0.0525775570766	-0.00181536183959	0.0541861986102	-0.0215684527024	-0.0494176710256	-0.0334354046578	-0.000223246578681	-0.0288861569407	-0.0681908865848	0.0293548282376	-0.0194809504556	-0.00468295163046	0.0200141737428	0.0321558719175	-0.0113772029119
k__Bacteria;p__Firmicutes;c__Clostridia;o__Clostridiales;f__Lachnospiraceae;g__Roseburia;s__Roseburia_intestinalis	-0.0859334186328	0.00284956199621	0.057871486623	-0.0292400349615	0.0155559955318	-0.0146113798519	-0.00715654578645	0.024785091374	-0.00122206292123	0.0317733420652	-0.0522101151248	0.0258521744688	-0.0482790197892	-0.0116559681296	-0.0138630927258	-0.0390273043039	0.0137437277928	0.0164487878172	0.0384765308406	-0.0428230021921	-0.0419926209299	0.0108917906708	-0.0174902517434	-0.0416014742158	-0.0323413893251	-0.0173555304239	1.0	0.0296811364138	-0.032108799765	-0.0402215742596	-0.0227904695684	0.0290798578464	-0.018771429747	-0.00823575591332	0.0331163563605	-0.0442450901046	0.0093502338446	0.045735422428	0.0206864179323	-0.0100225229701	-0.0133776358508	0.019940183595	-0.00316796165081	-0.0266909165565	-0.0340101439423	-0.0137595672954	-0.0325065158144	0.0266749478413	0.0166401849908	-0.0295239425487	-0.00788645920378	-0.0194501150665	0.00622204172035	-0.0314407106668	0.0237375489108	-0.0281814452374	-0.060049042069	0.0413536665537	-0.0360787218773
k__Bacteria;p__Firmicutes;c__Clostridia;o__Clostridiales;f__Lachnospiraceae;g__Roseburia;s__Roseburia_hominis	-0.0303813070681	-0.0649746030933	0.00931465367766	0.0406266321659	-0.0293191075726	-0.0340166109706	0.0767518270868	0.0298953111092	0.00793702629579	-0.0369913078821	-0.036798475064	-0.0189717153176	-0.0215823763655	0.0407105029995	-0.050379745302	-0.0144664657763	-0.00856243532356	0.0494505986589	0.00911672217635	0.0210648716052	-0.0198858417911	-0.0221880863807	0.0697390588697	0.0323297969534	-0.0616413712537	-0.0234587108023	0.0296811364138	1.0	-0.0343263379876	0.02862034299	0.0217247902415	-0.0546323425942	-0.0280357068214	0.0217520469778	0.042057812375	-0.0230351568939	-0.0284801882254	0.00285595335237	-0.0302685311336	0.0117020521414	-0.0467261357892	-0.0273499682083	-0.0644937278504	0.0658688310222	-0.0523103680193	0.0346750198878	0.0555417561753	-0.0276768352312	-0.0419430211165	-0.0271783826871	-0.0148388177866	0.0189790611534	-0.0290341769654	-0.0175478730624	-0.00335251832235	-0.0315609236333	0.0318319911135	-0.0623651672582	-0.0173380367185
k__Bacteria;p__Bacteroidetes;c__Bacteroidia;o__Bacteroidales;f__Porphyromonadaceae;g__Parabacteroides;s__Parabacteroides_johnsonii	0.0379610620222	0.00513102422583	0.00307128476367	-0.0296684559964	0.0197924256848	0.0366521071634	-0.0618958960106	0.0515805961084	0.0461696125792	-0.00999193829438	-0.0312312154088	-0.0298810611561	-0.0402556549367	0.0061089942952	0.00743178251096	-0.0627564308524	-0.0183518707596	-0.0663719324513	-0.0693289660215	-0.056029717256	-0.0441634560373	-0.0475872045285	0.00232233913199	0.0539500472874	0.00577608308893	-0.00971833770511	-0.032108799765	-0.0343263379876	1.0	-0.0584856498274	0.0182113864136	0.0141973883963	-0.0403378921586	-0.0278768013722	-0.00858164986244	0.0110380236585	0.0112967195154	-0.00624770515049	0.00809137833304	0.00825628950199	-0.0609835204554	0.0110935100747	-0.0272908881908	-0.0105543013206	0.00973730905939	0.0490475739816	-0.0609100260596	-0.0363419273094	0.0621200933182	-0.0258034333419	0.0086100146268	0.0415802472848	0.00742458111519	-0.0144854539139	-0.051927858247	-0.020463945803	0.0209678419735	0.0709445488549	-0.0671060236719
k__Bacteria;p__Actinobacteria;c__Actinobacteria;o__Bifidobacteriales;f__Bifidobacteriaceae;g__Bifidobacterium;s__Bifidobacterium_longum	-0.0622416246059	-0.0318318859129	0.0416767140016	0.0490310090359	-0.0437184781685	-0.00537186174387	-0.0430208836562	0.0182169240455	-0.00116748791382	-0.0200766960699	-0.00262527730832	-0.0494797427673	0.0348299402999	-0.0127715937319	-0.0297168978491	-0.0590982600563	-0.00476567761439	-0.00652786054852	0.0323771763162	-0.0061512616745	0.0477291517926	-0.0254068637319	-0.0414792073235	0.0388662261577	-0.0110041820416	0.00118728460048	-0.0402215742596	0.02862034299	-0.0584856498274	1.0	0.0357330842971	-0.0201986896464	-0.0529114853334	-0.00384095200955	0.0180817175106	0.0261676233139	-0.00851559130115	0.0540319729944	0.0108644128362	0.0425573698414	0.034052118826	0.000782471619012	0.0712603435189	-0.0589431947005	0.00287542293343	-0.0163146530041	0.0270497620878	-0.0777349273121	0.00222747460543	0.00404927390513	0.0520416967717	-0.0143796987965	-0.0706041761511	0.00468918268509	0.0185862413411	-0.0931527584766	-0.0215830901748	0.0127929166919	-0.0468004365178
