#taxonomy	k__Bacteria;p__Bacteroidetes;c__Bacteroidia;o__Bacteroidales;f__Bacteroidaceae;g__Bacteroides;s__Bacteroides_vulgatus	k__Bacteria;p__Bacteroidetes;c__Bacteroidia;o__Bacteroidales;f__Bacteroidaceae;g__Bacteroides;s__Bacteroides_uniformis	k__Bacteria;p__Bacteroidetes;c__Bacteroidia;o__Bacteroidales;f__Rikenellaceae;g__Alistipes;s__Alistipes_putredinis	k__Bacteria;p__Bacteroidetes;c__Bacteroidia;o__Bacteroidales;f__Prevotellaceae;g__Prevotella;s__Prevotella_copri	k__Bacteria;p__Bacteroidetes;c__Bacteroidia;o__Bacteroidales;f__Bacteroidaceae;g__Bacteroides;s__Bacteroides_stercoris	k__Bacteria;p__Bacteroidetes;c__Bacteroidia;o__Bacteroidales;f__Bacteroidaceae;g__Bacteroides;s__Bacteroides_ovatus	k__Bacteria;p__Bacteroidetes;c__Bacteroidia;o__Bacteroidales;f__Rikenellaceae;g__Alistipes;s__Alistipes_shahii	k__Bacteria;p__Firmicutes;c__Clostridia;o__Clostridiales;f__Ruminococcaceae;g__Faecalibacterium;s__Faecalibacterium_prausnitzii	k__Bacteria;p__Bacteroidetes;c__Bacteroidia;o__Bacteroidales;f__Rikenellaceae;g__Alistipes;s__Alistipes_finegoldii	k__Bacteria;p__Bacteroidetes;c__Bacteroidia;o__Bacteroidales;f__Porphyromonadaceae;g__Parabacteroides;s__Parabacteroides_distasonis	k__Bacteria;p__Bacteroidetes;c__Bacteroidia;o__Bacteroidales;f__Bacteroidaceae;g__Bacteroides;s__Bacteroides_thetaiotaomicron	k__Bacteria;p__Bacteroidetes;c__Bacteroidia;o__Bacteroidales;f__Bacteroidaceae;g__Bacteroides;s__Bacteroides_coprocola	k__Bacteria;p__Bacteroidetes;c__Bacteroidia;o__Bacteroidales;f__Bacteroidaceae;g__Bacteroides;s__Bacteroides_cellulosilyticus	k__Bacteria;p__Bacteroidetes;c__Bacteroidia;o__Bacteroidales;f__Rikenellaceae;g__Alistipes;s__Alistipes_obesi	k__Bacteria;p__Firmicutes;c__Clostridia;o__Clostridiales;f__Lachnospiraceae;g__;s__[Eubacterium]_rectale	k__Bacteria;p__Bacteroidetes;c__Bacteroidia;o__Bacteroidales;f__Bacteroidaceae;g__Bacteroides;s__Bacteroides_plebeius	k__Bacteria;p__Bacteroidetes;c__Bacteroidia;o__Bacteroidales;f__Bacteroidaceae;g__Bacteroides;s__Bacteroides_fragilis	k__Bacteria;p__Proteobacteria;c__Betaproteobacteria;o__Burkholderiales;f__Sutterellaceae;g__Sutterella;s__Sutterella_wadsworthensis	k__Bacteria;p__Bacteroidetes;c__Bacteroidia;o__Bacteroidales;f__Porphyromonadaceae;g__Barnesiella;s__Barnesiella_intestinihominis	k__Bacteria;p__Bacteroidetes;c__Bacteroidia;o__Bacteroidales;f__Odoribacteraceae;g__Odoribacter;s__Odoribacter_splanchnicus	k__Bacteria;p__Bacteroidetes;c__Bacteroidia;o__Bacteroidales;f__Bacteroidaceae;g__Bacteroides;s__Bacteroides_salyersiae	k__Bacteria;p__Firmicutes;c__Clostridia;o__Clostridiales;f__Ruminococcaceae;g__Ruminiclostridium;s__[Eubacterium]_siraeum	k__Bacteria;p__Proteobacteria;c__Betaproteobacteria;o__Burkholderiales;f__Sutterellaceae;g__Parasutterella;s__Parasutterella_excrementihominis	k__Bacteria;p__Actinobacteria;c__Actinobacteria;o__Bifidobacteriales;f__Bifidobacteriaceae;g__Bifidobacterium;s__Bifidobacterium_adolescentis	k__Bacteria;p__Firmicutes;c__Clostridia;o__Clostridiales;f__Oscillospiraceae;g__Oscillibacter;s__Oscillibacter_sp._KLE_1745	k__Bacteria;p__Bacteroidetes;c__Bacteroidia;o__Bacteroidales;f__Bacteroidaceae;g__Bacteroides;s__Bacteroides_coprophilus	k__Bacteria;p__Firmicutes;c__Clostridia;o__Clostridiales;f__Lachnospiraceae;g__Roseburia;s__Roseburia_intestinalis	k__Bacteria;p__Firmicutes;c__Clostridia;o__Clostridiales;f__Lachnospiraceae;g__Roseburia;s__Roseburia_hominis	k__Bacteria;p__Bacteroidetes;c__Bacteroidia;o__Bacteroidales;f__Porphyromonadaceae;g__Parabacteroides;s__Parabacteroides_johnsonii	k__Bacteria;p__Actinobacteria;c__Actinobacteria;o__Bifidobacteriales;f__Bifidobacteriaceae;g__Bifidobacterium;s__Bifidobacterium_longum	k__Bacteria;p__Firmicutes;c__Clostridia;o__Clostridiales;f__;g__Flavonifractor;s__Flavonifractor_plautii	k__Bacteria;p__Firmicutes;c__Clostridia;o__Clostridiales;f__Clostridiaceae;g__Clostridium;s__Clostridium_phoceensis	k__Bacteria;p__Verrucomicrobia;c__Verrucomicrobiae;o__Verrucomicrobiales;f__Akkermansiaceae;g__Akkermansia;s__Akkermansia_muciniphila	k__Bacteria;p__Bacteroidetes;c__Bacteroidia;o__Bacteroidales;f__Prevotellaceae;g__Paraprevotella;s__Paraprevotella_xylaniphila	k__Bacteria;p__Firmicutes;c__Clostridia;o__Clostridiales;f__Ruminococcaceae;g__Ruminococcus;s__Ruminococcus_callidus	k__Bacteria;p__Bacteroidetes;c__Bacteroidia;o__Bacteroidales;f__Rikenellaceae;g__Alistipes;s__Alistipes_senegalensis	k__Bacteria;p__Firmicutes;c__Clostridia;o__Clostridiales;f__Lachnospiraceae;g__Blautia;s__Blautia_sp._KLE_1732	k__Bacteria;p__Bacteroidetes;c__Bacteroidia;o__Bacteroidales;f__Bacteroidaceae;g__Bacteroides;s__Bacteroides_oleiciplenus	k__Bacteria;p__Firmicutes;c__Clostridia;o__Clostridiales;f__Ruminococcaceae;g__Ruminococcus;s__Ruminococcus_bicirculans	k__Bacteria;p__Bacteroidetes;c__Bacteroidia;o__Bacteroidales;f__Bacteroidaceae;g__Bacteroides;s__Bacteroides_fluxus	k__Bacteria;p__Bacteroidetes;c__Bacteroidia;o__Bacteroidales;f__Prevotellaceae;g__Prevotella;s__Prevotella_stercorea	k__Bacteria;p__Firmicutes;c__Clostridia;o__Clostridiales;f__Lachnospiraceae;g__Dorea;s__Dorea_longicatena	k__Bacteria;p__Firmicutes;c__Clostridia;o__Clostridiales;f__Eubacteriaceae;g__Eubacterium;s__[Eubacterium]_eligens	k__Bacteria;p__Firmicutes;c__Clostridia;o__Clostridiales;f__Ruminococcaceae;g__;s__Ruminococcaceae_bacterium_D16	k__Bacteria;p__Firmicutes;c__Clostridia;o__Clostridiales;f__Lachnospiraceae;g__Coprococcus;s__Coprococcus_comes	k__Bacteria;p__Proteobacteria;c__Gammaproteobacteria;o__Enterobacterales;f__Enterobacteriaceae;g__Escherichia;s__Escherichia_coli	k__Bacteria;p__Firmicutes;c__Clostridia;o__Clostridiales;f__Ruminococcaceae;g__Anaerotruncus;s__Anaerotruncus_colihominis	k__Bacteria;p__Firmicutes;c__Clostridia;o__Clostridiales;f__Lachnospiraceae;g__Blautia;s__Blautia_obeum	k__Bacteria;p__Bacteroidetes;c__Bacteroidia;o__Bacteroidales;f__Odoribacteraceae;g__Odoribacter;s__Odoribacter_laneus	k__Bacteria;p__Firmicutes;c__Clostridia;o__Clostridiales;f__Ruminococcaceae;g__Ruminiclostridium;s__[Clostridium]_leptum	k__Bacteria;p__Bacteroidetes;c__Bacteroidia;o__Bacteroidales;f__Porphyromonadaceae;g__Parabacteroides;s__Parabacteroides_goldsteinii	k__Bacteria;p__Firmicutes;c__Clostridia;o__Clostridiales;f__Lachnospiraceae;g__Anaerostipes;s__Anaerostipes_hadrus	k__Bacteria;p__Firmicutes;c__Clostridia;o__Clostridiales;f__Ruminococcaceae;g__Ruminococcus;s__Ruminococcus_lactaris	k__Bacteria;p__Firmicutes;c__Clostridia;o__Clostridiales;f__Clostridiaceae;g__Clostridium;s__Clostridium_sp._L2-50	k__Bacteria;p__Firmicutes;c__Clostridia;o__Clostridiales;f__Clostridiaceae;g__Clostridium;s__Clostridium_sp._M62/1	k__Bacteria;p__Firmicutes;c__Clostridia;o__Clostridiales;f__;g__Intestinimonas;s__Intestinimonas_butyriciproducens	k__Bacteria;p__Actinobacteria;c__Actinobacteria;o__Bifidobacteriales;f__Bifidobacteriaceae;g__Bifidobacterium;s__Bifidobacterium_bifidum	k__Bacteria;p__Firmicutes;c__Negativicutes;o__Veillonellales;f__Veillonellaceae;g__Dialister;s__Dialister_invisus	k__Bacteria;p__Bacteroidetes;c__Bacteroidia;o__Bacteroidales;f__Bacteroidaceae;g__Bacteroides;s__Bacteroides_salanitronis
k__Bacteria;p__Bacteroidetes;c__Bacteroidia;o__Bacteroidales;f__Bacteroidaceae;g__Bacteroides;s__Bacteroides_vulgatus	1.0	-0.0810654647679	-0.0375662699491	-0.0274528768764	0.00420683547031	0.0587026284922	0.0269410544634	-0.0272030083779	0.0439508895808	0.0191223125302	-0.0901691987683	0.0618011501595	-0.000365005007729	0.0325796416049	-0.0389252583623	0.0111407666809	-0.00758278068283	0.0099799160926	-0.0178159951137	0.016363115548	-0.0568900069431	0.0255412582569	-0.0126691419535	0.0972295803777	0.0699534627375	-0.0891237248458	-0.00805912277521	-0.0897383230504	0.00304951197749	-0.0340984309468	0.0289263259114	0.027273211754	-0.0688990244868	0.0167911564299	0.00864630095943	-0.0080545751529	-0.0566424517672	-0.010167667394	0.006371213994	-0.00693439889083	0.0100986421459	-0.038670534254	0.0487478643889	-0.0486159318545	-0.0646660520848	0.00281095333694	-0.0246470909146	0.00923897048194	-0.104339435728	0.00145368949961	-0.00983572676134	0.0132830812711	-0.0460224946743	0.0718143864862	-0.0426720346679	0.0243838566356	-0.011461131623	0.11122273473	-0.0299513540468
k__Bacteria;p__Bacteroidetes;c__Bacteroidia;o__Bacteroidales;f__Bacteroidaceae;g__Bacteroides;s__Bacteroides_uniformis	-0.0810654647679	1.0	-0.0190053984157	-0.0636933517405	-0.0194835186109	0.00835292493117	-0.00746973024481	0.00902449954314	0.00257280557729	-0.0050480571465	0.00804156806117	0.0512298542185	0.00118267676825	0.0631699262477	-0.00142740549621	-0.0636758480983	-0.0199400327812	-0.109099276401	-0.00350660041851	0.0268249659231	-0.0192129669951	-0.00848726623618	-0.0154804551352	0.0397830424857	0.0429683761219	-0.0425796555737	-0.0259105205874	-0.088330332606	0.00340579754602	-0.0157605693712	0.0214328089919	-0.0184240761653	0.020547358022	0.0211837807857	-0.00609948970756	0.06839919146	-0.0471629498936	-0.015684298822	0.0444651252775	-0.0210030941061	-0.00611290204878	0.0406865804627	-0.0106627214709	-0.074308107709	-0.0548563203219	-0.0683700837793	0.0638517840846	-0.0509623324548	-0.0316089790409	-0.00679999487428	0.0128177796912	-0.0456434266618	-0.0831074068924	0.034026115334	-0.0205477513134	0.0797917363264	0.0324082172777	-0.0125367286781	0.0194045987753
k__Bacteria;p__Bacteroidetes;c__Bacteroidia;o__Bacteroidales;f__Rikenellaceae;g__Alistipes;s__Alistipes_putredinis	-0.0375662699491	-0.0190053984157	1.0	-0.0272226088849	-0.0199059069849	-0.0399772172704	-0.0433238789954	0.0155234791445	-0.0152434295878	-0.0123945352048	-0.00902352945149	-0.122730939961	-0.00324179269912	-0.0411961342864	-0.00977034450578	-0.00505613573771	0.0260109746955	0.0280629499536	-0.0550818029843	-0.0144660430679	-0.0300095609815	-0.0250189053037	-0.0336992014837	0.0657531107254	-0.0156131229209	-0.0166457601341	-0.0102933678477	0.0109317563142	-0.0131185243853	0.0348558941056	0.0682831781126	0.0218034401448	0.0268901830769	0.00880899391517	-0.0314148213007	-0.0228440370134	0.00655621125799	-0.0512526556319	-0.0502374472527	-0.0016645432558	0.0433326646937	-0.0876384414694	-0.0266318101658	-0.0308577981781	-0.0283204214195	-0.0989693675909	-0.00537328888161	0.0192659782738	-0.00689132182934	0.0258494036198	-0.0264506344888	-0.0107356617565	0.0132254869464	-0.0300601944814	-0.00622797982197	-0.0205022535785	0.0182910511441	-0.0489297299904	-0.00276635549576
k__Bacteria;p__Bacteroidetes;c__Bacteroidia;o__Bacteroidales;f__Prevotellaceae;g__Prevotella;s__Prevotella_copri	-0.0274528768764	-0.0636933517405	-0.0272226088849	1.0	0.0155115824315	-0.023479376648	-0.0316676682795	-0.0329575662294	0.00619159605571	-0.0108536876389	-0.000695148336659	0.0639311180971	0.0369244074884	-0.00454340391668	0.0117595234405	-0.0140513630558	-0.00805253412649	0.0214548416073	-0.0203509757465	-0.0512669225187	-0.0206312412259	-0.0317197051956	-0.00471257798019	0.0272288966938	0.068074426696	-0.0223570002156	0.0148938353646	-0.0270645713467	0.0278637891682	-0.0267001526348	-0.00147134186579	-0.0192969217524	0.0440014268208	-0.00385286975228	0.0191069979804	-0.0269013396896	0.0424050574592	0.0605547326213	0.0589742361384	-0.0351502772758	-0.0660611006542	-0.0230943636771	-0.0176611706561	-0.0371420242546	-0.0604029671497	-0.0398681856792	-0.0562793467584	0.0421823524459	-0.000447897844911	0.0208723455154	0.0151962145142	0.028259551252	-0.0157814039552	-0.0306905489564	-0.0527542982598	-0.0513674351312	0.04161966638	-0.038913350589	0.000955010551043
k__Bacteria;p__Bacteroidetes;c__Bacteroidia;o__Bacteroidales;f__Bacteroidaceae;g__Bacteroides;s__Bacteroides_stercoris	0.00420683547031	-0.0194835186109	-0.0199059069849	0.0155115824315	1.0	0.0720657343693	-0.00258766029572	0.0391876101846	-0.0655942396751	-0.0426513117466	0.0119839924437	0.00166198452116	-0.0197043138341	-0.0521896193579	-0.0188214278142	0.0209828662331	-0.0274900171974	-0.0605917092396	0.00939011764303	-0.020539184228	-0.00234091432919	0.00586871649495	-0.0196396640361	0.111535245586	0.014598160355	-0.0334358614074	-0.0114156186831	0.0252346884113	-0.0528237256105	-0.0220550200845	0.00497377320444	0.00752531450757	-0.0414374605665	0.0389032850401	-0.0398611256615	-0.0449367757511	-0.114945742131	-0.067137907174	-0.0176082107935	-0.0542582350957	0.0373131380679	0.0335289507474	0.0281301234174	0.00950528416946	-0.0506277169518	-0.0208349117483	0.0450338335989	-0.0118547625831	0.0136695916067	-0.0120079730251	-0.0200720737883	0.0150726590959	-0.0124063999624	0.0495700460518	0.0150081784128	0.0076159032728	0.0255548539617	-0.0184817295556	-0.00498158200604
k__Bacteria;p__Bacteroidetes;c__Bacteroidia;o__Bacteroidales;f__Bacteroidaceae;g__Bacteroides;s__Bacteroides_ovatus	0.0587026284922	0.00835292493117	-0.0399772172704	-0.023479376648	0.0720657343693	1.0	0.0268904944345	-0.00880173956447	-0.0359165420761	0.0290919958054	0.0115926453195	-0.0431774616423	0.0498933277317	-0.000272381824562	0.0230751226843	0.00200005878832	-0.0122964631434	-0.0556657443622	0.0319781316555	-0.0937793850462	-0.0748123092058	0.00277990961853	0.0498018858203	-0.0543431486181	0.00725665828686	-0.0282355730145	0.0514816006106	-0.0280707114878	0.0217304138397	-0.0125492930788	0.0181106788047	0.0138932825829	-0.00935735916449	0.0463923432876	0.0446643497841	0.00901348720288	-0.0188868538107	0.00633321638136	0.00988337891188	-0.0915774557647	0.101470776128	0.0342883854627	0.0280942207805	0.0030823680161	0.0107212304846	-0.00977362472228	-0.0607779269994	0.0409904090393	0.0561482459334	-0.0109633996284	0.0049453472855	-0.0382064466872	0.0730357628408	0.00983800675651	-0.0312478442995	-0.00741215202732	-0.0778946840311	-0.0447755057968	0.0638208861055
k__Bacteria;p__Bacteroidetes;c__Bacteroidia;o__Bacteroidales;f__Rikenellaceae;g__Alistipes;s__Alistipes_shahii	0.0269410544634	-0.00746973024481	-0.0433238789954	-0.0316676682795	-0.00258766029572	0.0268904944345	1.0	-0.0380480259889	0.0271893589014	-0.044608722663	0.0270416731946	0.0200851483854	0.0344764700768	-0.0534779545505	-0.0741373806094	-0.00530176455205	0.00281311283644	0.0119492619731	-0.0181051532298	-0.0214683385651	-0.0124309610802	0.00727152915683	0.0138789219462	-0.0488630379239	-0.014379528948	-0.0322713587602	-0.0274137449251	0.0328451673176	-0.0187059963242	0.00690476098837	-0.0167775221709	-0.00193057087948	-0.0142456837928	-0.052525396238	0.0218153215967	0.00969986148536	0.0436496786146	0.0353567022345	0.00203358857647	-0.00364898403137	-0.0187587180169	-0.0304215621035	0.00950920791967	-0.0143744282311	0.0098253680997	0.00169275850032	-0.0112164937937	0.00488201071463	-0.0340414451659	-0.0241300395044	-0.0196569546571	0.0602324961801	-0.0115178674916	-0.0456350897727	-0.0519744625095	-0.00674272193545	-0.009418979293	0.0701731500118	0.00696620042841
k__Bacteria;p__Firmicutes;c__Clostridia;o__Clostridiales;f__Ruminococcaceae;g__Faecalibacterium;s__Faecalibacterium_prausnitzii	-0.0272030083779	0.00902449954314	0.0155234791445	-0.0329575662294	0.0391876101846	-0.00880173956447	-0.0380480259889	1.0	0.0371903163264	-0.0281330952459	-0.0971674262319	0.0148124012472	0.0339466301069	-0.0740285143593	-0.0370139572946	0.0393880331196	0.0289546751376	0.00201750103379	0.0245778061493	-0.0189767859796	-0.00220221945623	-0.0190090702799	-0.0117150201399	-0.0368011947333	-0.0400332289024	-0.0197398449648	0.0337567106341	-0.0374688869484	0.0186505812264	-0.0583783668878	-0.0187317516374	0.0286129554418	-0.0172770242556	-0.0124590246156	-0.041867953161	-0.0360937165158	-0.00173913713426	-0.0164399734984	-0.0199994484157	0.0209652155623	0.0516105557568	0.0121359034734	0.0186137802023	-0.0235102276798	0.0337185488409	-0.0269112373962	-0.0226999242895	0.0441005032581	0.0608148637874	0.00943261999946	-0.0545367001735	-0.00945278368675	-0.0319750854112	0.0235281716399	0.0438403449367	-0.0375070938578	-0.0166865094021	-0.00487966739989	0.0235525876691
k__Bacteria;p__Bacteroidetes;c__Bacteroidia;o__Bacteroidales;f__Rikenellaceae;g__Alistipes;s__Alistipes_finegoldii	0.0439508895808	0.00257280557729	-0.0152434295878	0.00619159605571	-0.0655942396751	-0.0359165420761	0.0271893589014	0.0371903163264	1.0	0.0305481151034	-0.0517360108254	-0.0190036964483	-0.033033386077	-0.0149081314252	-0.0046060430333	0.0139650995437	0.0392097000162	-0.0108363485359	0.0113949389044	-0.00642090526982	-0.00460082537898	0.0338981858256	-0.0310249293083	-0.0402676037162	-0.0196371951079	-0.0259652078921	-0.00817464677075	-0.0570317926714	-0.0136943400702	0.00279233639035	-0.0770980985876	0.0125305912438	0.0595798190616	0.00163490748172	0.000415500005964	-0.0180490418411	-0.00411173387709	0.00836895296036	0.044984240601	0.0208152584359	-0.0291288190868	0.0727996203515	-0.00488669233628	0.0423511989427	-0.0477900983998	0.00612871643372	-0.00813985035693	0.0109672265578	-0.0176182734634	-0.0504610812016	-0.0376461432249	0.0424508267967	-0.00997397105732	0.0201231132846	-0.0347416452629	0.00961008583396	0.0101612912283	-0.02220202525	-0.0809910483945
k__Bacteria;p__Bacteroidetes;c__Bacteroidia;o__Bacteroidales;f__Porphyromonadaceae;g__Parabacteroides;s__Parabacteroides_distasonis	0.0191223125302	-0.0050480571465	-0.0123945352048	-0.0108536876389	-0.0426513117466	0.0290919958054	-0.044608722663	-0.0281330952459	0.0305481151034	1.0	0.0112685396053	-0.00777053705175	-0.0220450294647	0.0491864749316	0.026364823506	0.0338141420812	0.0607734130195	-0.0421919425312	-0.000790426963465	-0.0173310395417	0.0348777819943	-0.0223714605675	0.00884448149509	0.0122369608398	0.0348204044213	-0.00646444913707	-0.00204362707768	0.0327334178834	0.0164918319864	-0.0478792047527	0.0273625980743	-0.0623164864615	0.0143885742863	0.0224519466576	0.00196272125614	0.0395820701167	-0.0179626898934	0.02296883956	0.00698458248996	-0.0138040903002	-0.058384924286	0.0369817867588	-0.0328788774337	0.0126096593776	-0.0102945889285	-0.00572195884352	-0.00661573699234	-0.0646811418193	0.019640408161	-0.0467404677553	-0.0044205598962	-0.0278030377663	0.0202340250094	-0.0221925052389	-0.00242913635265	0.0299224368207	-0.050212664495	-0.0325748546321	-0.0546723729065
k__Bacteria;p__Bacteroidetes;c__Bacteroidia;o__Bacteroidales;f__Bacteroidaceae;g__Bacteroides;s__Bacteroides_thetaiotaomicron	-0.0901691987683	0.00804156806117	-0.00902352945149	-0.000695148336659	0.0119839924437	0.0115926453195	0.0270416731946	-0.0971674262319	-0.0517360108254	0.0112685396053	1.0	-0.017774093583	-0.00907521517776	-0.0403284363472	0.00341867397207	0.00385784732379	0.0371924239475	0.0311786550856	-0.0148321665317	-0.0327409163235	0.0129845581635	0.0333079198078	0.0216302594207	-0.0207054790139	-0.00943383525402	0.0222419188846	0.0328564794319	-0.0106500807594	-0.0762695624211	0.0373607757889	0.015033577829	-0.014477141042	0.0144012410819	0.0808788995411	-0.0306894295436	0.0550229126111	-0.0338504073361	-0.0210339308304	-0.0381701855141	0.0160989636456	-0.0207575465288	-0.0734316143021	0.0160813929482	0.04852029831	-0.0181721808584	-0.00735837193681	0.0268377076468	0.0152681114897	-0.0521223517128	0.0638668501653	-0.0724910797752	0.0295177543315	-0.0545024352158	0.0117203852073	-0.0712221414228	-0.0195710554028	-0.0401563159856	-0.0226186043864	-0.0237179970668
k__Bacteria;p__Bacteroidetes;c__Bacteroidia;o__Bacteroidales;f__Bacteroidaceae;g__Bacteroides;s__Bacteroides_coprocola	0.0618011501595	0.0512298542185	-0.122730939961	0.0639311180971	0.00166198452116	-0.0431774616423	0.0200851483854	0.0148124012472	-0.0190036964483	-0.00777053705175	-0.017774093583	1.0	0.00242643527812	0.0317307103737	-0.0343775375983	0.019573617972	-0.0290893909023	0.00530428065082	-0.0262782675812	-0.0509594148397	-0.0259194417549	-0.0545622851037	-0.0377272280683	0.014256582219	-0.0176605589417	0.00311017746522	-0.0438955626263	-0.0371793636967	-0.000574063857876	-0.0056076389412	-0.101852191578	0.0211138873399	0.0176922936872	-0.0402830771612	0.0258716355573	0.00440122577015	-0.0064154792792	-0.0252535361216	0.0163412446294	0.028192717298	0.0421636605667	-0.0167460109322	0.0621458466248	-0.0823148560802	0.0678157868846	-0.0274047605386	-0.0119507804231	-0.039845235999	0.0160439212551	-0.115488194426	-0.0326411628752	-0.00270953739962	0.0245121053751	-0.0339983611418	0.0205625357473	-0.0211401172035	0.0390057053498	0.0369390953322	-0.0500157317167
k__Bacteria;p__Bacteroidetes;c__Bacteroidia;o__Bacteroidales;f__Bacteroidaceae;g__Bacteroides;s__Bacteroides_cellulosilyticus	-0.000365005007729	0.00118267676825	-0.00324179269912	0.0369244074884	-0.0197043138341	0.0498933277317	0.0344764700768	0.0339466301069	-0.033033386077	-0.0220450294647	-0.00907521517776	0.00242643527812	1.0	0.010840598755	-0.0216137006354	0.0480627335094	-0.010827234098	0.0181425058986	0.000627394008826	-0.00296624218886	-0.0250905961027	-0.0219386262963	-0.0232537887686	0.00404484758808	-0.00368036537523	-0.0252392305995	0.0836615565487	0.00621492862054	-0.0911702948651	0.0260940426062	0.0326405975483	-0.0104271876843	-0.047845004221	-0.0086823614244	0.0309755738873	-0.0462044521578	-0.0538776419881	0.00800912533524	-0.0122264160049	-0.0504942377293	-0.00777772620206	0.00391805165446	-0.0332817414238	-0.0268616260763	-0.0578326389657	-0.0219366022778	-0.0192179052951	-0.00358798800878	0.0276951365176	-0.0730824718459	-0.0408347898043	0.00769443250779	-0.0183028853653	0.000917296130591	0.0195002882785	0.00680491746261	0.0113763676113	0.000288519609557	0.0287474502926
k__Bacteria;p__Bacteroidetes;c__Bacteroidia;o__Bacteroidales;f__Rikenellaceae;g__Alistipes;s__Alistipes_obesi	0.0325796416049	0.0631699262477	-0.0411961342864	-0.00454340391668	-0.0521896193579	-0.000272381824562	-0.0534779545505	-0.0740285143593	-0.0149081314252	0.0491864749316	-0.0403284363472	0.0317307103737	0.010840598755	1.0	-0.00281044834808	0.00682682526125	-0.0523871868741	-0.0615137158496	-0.0206609088257	0.0326867749709	-0.00752428573865	-0.0344866518233	0.0725133030915	0.00120118093595	0.055244344213	-0.0366773323286	-0.0219486495298	-0.0826405365695	-0.0300140564419	-0.0626954004576	-0.0341384295366	-0.0338791992667	-0.00314303032826	0.0180363217953	-0.0114601129883	-0.00796292326497	0.0399406303417	0.00397646802205	0.0727660164918	0.0113543248338	-0.0169583426794	-0.0366418505287	0.0119961156508	-0.0276041597198	0.0120164900053	-0.0699301697551	-0.0134419276713	-0.0070942883712	-0.0368054796413	-0.0341652446189	0.0107111252185	0.00824183106234	-0.0103714647823	-0.012874751064	0.0247025230387	0.0193218354394	-0.0385924769519	-0.00545760975653	0.033406977501
k__Bacteria;p__Firmicutes;c__Clostridia;o__Clostridiales;f__Lachnospiraceae;g__;s__[Eubacterium]_rectale	-0.0389252583623	-0.00142740549621	-0.00977034450578	0.0117595234405	-0.0188214278142	0.0230751226843	-0.0741373806094	-0.0370139572946	-0.0046060430333	0.026364823506	0.00341867397207	-0.0343775375983	-0.0216137006354	-0.00281044834808	1.0	-0.00865559798186	0.0522839244773	-0.0135783468446	-0.000563049256295	-0.0365257034726	-0.0122939164566	-0.0428797448089	-0.00349489037589	-0.072571830274	0.0620823820871	-0.0515432554261	0.0201389261022	-0.0177731457142	-0.0429507443322	0.0132090912379	-0.0606855757698	0.0436287708764	-0.0411335106566	-0.00901883586584	-0.0275541877472	0.0055962189101	0.026309278144	0.0204048075341	0.0135733579716	-0.0106348087528	-0.0232686563334	0.000303272408081	-0.0617233209518	0.0230575014371	0.0690289510165	-0.00747634002644	-0.0224978143498	-0.0315163367676	0.0590416606925	0.0219342474576	-0.00295397338516	0.0577674011908	0.0304087511655	0.0289500732435	-0.0556753682752	0.0120496670239	-0.00179053572458	0.0507099355504	-0.0703178340515
k__Bacteria;p__Bacteroidetes;c__Bacteroidia;o__Bacteroidales;f__Bacteroidaceae;g__Bacteroides;s__Bacteroides_plebeius	0.0111407666809	-0.0636758480983	-0.00505613573771	-0.0140513630558	0.0209828662331	0.00200005878832	-0.00530176455205	0.0393880331196	0.0139650995437	0.0338141420812	0.00385784732379	0.019573617972	0.0480627335094	0.00682682526125	-0.00865559798186	1.0	0.0347036834283	0.0115826652368	0.000832142295886	-0.0400079151982	-0.0768312473754	-0.0436047350517	0.0427929606303	0.0078338722822	-0.0490195632932	-0.0410063768262	-0.0129810442926	0.0575002019529	-0.0239742681589	-0.0198984234067	-0.0434969818196	-0.0699575804824	-0.0423719994395	-0.00297885079038	-0.0216333296055	-0.0997355925722	-0.0156308675562	-0.0651838421292	-0.0032935794358	0.0181925965257	0.0274444643826	-0.0505158969	0.0291241014903	0.0380688754274	0.0447126180487	-0.0517156453353	-0.0177894206145	0.0324646244206	-0.0122466879386	-0.00639314156779	-0.0367752162532	-0.0523753605726	0.0593293109927	-0.0846769331568	0.0561940544181	-0.0216670185597	-0.0413681935483	-0.00251935151986	-0.0272591367786
k__Bacteria;p__Bacteroidetes;c__Bacteroidia;o__Bacteroidales;f__Bacteroidaceae;g__Bacteroides;s__Bacteroides_fragilis	-0.00758278068283	-0.0199400327812	0.0260109746955	-0.00805253412649	-0.0274900171974	-0.0122964631434	0.00281311283644	0.0289546751376	0.0392097000162	0.0607734130195	0.0371924239475	-0.0290893909023	-0.010827234098	-0.0523871868741	0.0522839244773	0.0347036834283	1.0	-0.0131327676707	-0.095110288455	-0.0417343926322	-0.0450495407142	0.0516085917242	-0.0550750683719	0.0149968850543	-0.104762524803	0.0435240912927	-0.0442830933824	-0.048750147839	0.0105176508809	-0.0393857074226	0.0123885153876	-0.0528706414491	0.0514313337104	-0.108827277572	0.0354481503122	-0.00803378937593	0.0028130320662	-0.00951356992784	-0.0362328630901	-0.0146421656514	-0.0449487114799	0.00565625783684	0.0386787862228	0.00311369163681	0.0257951216737	-0.025610805249	-0.0520022833337	-0.0926766477884	0.0278603417018	0.0362075197775	0.0300548706305	-0.00344295863154	-0.0331234611953	0.00145308042089	0.0225886524743	-0.00257175420159	-0.0524550940755	0.0225533498216	-0.0102809107353
k__Bacteria;p__Proteobacteria;c__Betaproteobacteria;o__Burkholderiales;f__Sutterellaceae;g__Sutterella;s__Sutterella_wadsworthensis	0.0099799160926	-0.109099276401	0.0280629499536	0.0214548416073	-0.0605917092396	-0.0556657443622	0.0119492619731	0.00201750103379	-0.0108363485359	-0.0421919425312	0.0311786550856	0.00530428065082	0.0181425058986	-0.0615137158496	-0.0135783468446	0.0115826652368	-0.0131327676707	1.0	0.0247855644733	-0.045374906755	0.0496715733998	-0.0255565389127	-0.019216479684	-0.000815155921815	0.0667218943798	-0.0735414136234	-0.0300822898222	0.0345435194621	-0.021866846471	0.032175550562	0.0246498675445	0.0501729648014	-0.0296632548367	-0.00619434895296	-0.00103165452844	0.0158808178948	-0.0314415146977	-0.00859750770056	-0.00445800609556	-0.0285322640221	-0.00513212740957	-0.00993463381196	0.0108180724175	-0.0105560536432	-0.0167463194727	-0.00271468647409	-0.00474162181826	-0.0313154825245	-0.0603212730201	0.00521487834141	0.0543371463214	0.0214586309963	0.0240479717283	-0.0466401201524	0.0142618508929	0.0699138550668	-0.0444991635735	0.00268173774319	-0.0616136772812
k__Bacteria;p__Bacteroidetes;c__Bacteroidia;o__Bacteroidales;f__Porphyromonadaceae;g__Barnesiella;s__Barnesiella_intestinihominis	-0.0178159951137	-0.00350660041851	-0.0550818029843	-0.0203509757465	0.00939011764303	0.0319781316555	-0.0181051532298	0.0245778061493	0.0113949389044	-0.000790426963464	-0.0148321665317	-0.0262782675812	0.000627394008826	-0.0206609088257	-0.000563049256295	0.000832142295886	-0.095110288455	0.0247855644733	1.0	0.00518736241704	0.0251810442819	-0.0188163520496	-0.0117749329351	0.00858803168999	-0.0755208728928	-0.0506715988786	-0.0350774574443	-0.0140151777963	-0.0645274131164	0.00799769100111	-0.0586444246382	0.0043845963107	0.0753027715318	0.0476295416213	0.0621401529023	0.017792017749	-0.0383388897685	-0.00161542596746	-0.0141017434546	0.0847826295911	-0.0126847628725	-0.00845069110859	-0.0674828904276	-0.0826101198787	0.00384083495267	0.00673910976782	0.0126109050225	-0.0386978424656	-0.0313157874384	0.0283030896198	-0.0657636135271	-0.0112503199876	-0.0162687621193	-0.0127704233943	-0.0676341195067	0.0257353786685	-0.0431636257041	-0.0297576124366	0.0157530127619
k__Bacteria;p__Bacteroidetes;c__Bacteroidia;o__Bacteroidales;f__Odoribacteraceae;g__Odoribacter;s__Odoribacter_splanchnicus	0.016363115548	0.0268249659231	-0.0144660430679	-0.0512669225187	-0.020539184228	-0.0937793850462	-0.0214683385651	-0.0189767859796	-0.00642090526982	-0.0173310395417	-0.0327409163235	-0.0509594148397	-0.00296624218886	0.0326867749709	-0.0365257034726	-0.0400079151982	-0.0417343926322	-0.045374906755	0.00518736241704	1.0	0.0807029468718	0.0599895840969	0.0519357389886	0.049052052873	-0.0141762376582	-0.0810221094282	-0.0881865268949	0.0201417035537	0.0408175555309	-0.0258161721283	-0.0252932855195	0.0396348914498	-0.012290167374	-0.0170093832898	0.0690037803956	0.0101415886938	0.00330294676456	0.0639103569691	0.00832863434799	-0.00267824735041	-0.000860900780652	0.0267244485355	0.0529371556514	-0.00587032051027	0.00694202990536	-0.0217339220605	0.0337712935858	-0.0238718002201	0.0359326973704	0.0267019583596	-0.0514508669318	0.0220376655949	-0.0348327197108	0.0123520837477	0.00972598220917	0.00241653343113	-0.00408104585935	-0.0366048150519	-0.0641323098222
k__Bacteria;p__Bacteroidetes;c__Bacteroidia;o__Bacteroidales;f__Bacteroidaceae;g__Bacteroides;s__Bacteroides_salyersiae	-0.0568900069431	-0.0192129669951	-0.0300095609815	-0.0206312412259	-0.00234091432919	-0.0748123092058	-0.0124309610802	-0.00220221945623	-0.00460082537898	0.0348777819943	0.0129845581635	-0.0259194417549	-0.0250905961027	-0.00752428573865	-0.0122939164566	-0.0768312473754	-0.0450495407142	0.0496715733998	0.0251810442819	0.0807029468718	1.0	-0.00291310096562	0.0099542688972	-0.0520076562598	0.00757129268845	0.047611273737	0.00160586584805	-0.00392899867948	0.0386237928923	-0.0329691147816	0.0557887865139	0.093502082764	-0.0691185595847	-0.00973986892078	-0.0248278066696	-0.0492969563178	-0.0278185546149	0.000387635268511	-0.0227190480677	-0.0496271909743	0.0158581925122	-0.0772582301847	-0.0415031992547	0.0104680115104	0.0573014060287	-0.0484494385863	0.0165538945187	-0.0275699515735	0.0138702699717	0.021258728806	0.00794654558851	-0.0743157684472	0.00795331602313	-0.0272946094335	0.0222516519994	-0.0218222580603	0.0708464178783	-0.0432629499434	-0.0487910319679
k__Bacteria;p__Firmicutes;c__Clostridia;o__Clostridiales;f__Ruminococcaceae;g__Ruminiclostridium;s__[Eubacterium]_siraeum	0.0255412582569	-0.00848726623618	-0.0250189053037	-0.0317197051956	0.00586871649495	0.00277990961853	0.00727152915683	-0.0190090702799	0.0338981858256	-0.0223714605675	0.0333079198078	-0.0545622851037	-0.0219386262963	-0.0344866518233	-0.0428797448089	-0.0436047350517	0.0516085917242	-0.0255565389127	-0.0188163520496	0.0599895840969	-0.00291310096562	1.0	0.0502395353475	0.0304178003015	0.0459744322596	-0.0313032187161	-0.0435994497699	0.00290842023059	0.0271420552154	-0.0285624131104	-0.000640857037813	-0.00195364865083	-0.0337946739213	-0.0397259351376	0.0114055402878	-0.00231372938984	0.0471925799008	-0.0450105355216	0.0270947178462	0.0422773492132	-0.0375935741382	-0.0120532386094	0.00631556184918	0.0749018307981	-0.0439705022912	-0.0356670396041	0.0376085534566	0.0144271293742	-0.0208315267272	-0.0479508317053	-0.00648570280385	0.0740744152032	0.0317045746006	-0.0944100706776	-0.0679427477552	-0.0531868308679	-0.0553852079225	-0.0311490262733	0.0238602396482
k__Bacteria;p__Proteobacteria;c__Betaproteobacteria;o__Burkholderiales;f__Sutterellaceae;g__Parasutterella;s__Parasutterella_excrementihominis	-0.0126691419535	-0.0154804551352	-0.0336992014837	-0.00471257798019	-0.0196396640361	0.0498018858203	0.0138789219462	-0.0117150201399	-0.0310249293083	0.00884448149509	0.0216302594207	-0.0377272280683	-0.0232537887686	0.0725133030915	-0.00349489037589	0.0427929606303	-0.0550750683719	-0.019216479684	-0.0117749329351	0.0519357389886	0.0099542688972	0.0502395353475	1.0	-0.0340896335562	-0.017443051079	-0.00375771993149	-0.0190396908514	-0.0490335490523	-0.0203690897013	-0.0219142151561	0.0143684053097	-0.0368094212603	0.0540456133392	-0.00404252437159	-0.0544553154267	-0.0238602105668	-0.0213632632665	-0.0257615148307	-0.00168808643147	0.0302277543393	-0.0149476794037	-0.00365354865905	0.0266744988452	-0.00282005769842	-0.0634441774064	0.0445750175315	0.0485363245697	-0.0296813692099	-0.0224320901501	-0.0344493932868	0.00931992668748	-0.00335525998571	0.0406847448771	-0.0336058263476	-0.0285982788153	-0.0149805191559	0.0549799878533	0.0179501636708	-0.0360713918911
k__Bacteria;p__Actinobacteria;c__Actinobacteria;o__Bifidobacteriales;f__Bifidobacteriaceae;g__Bifidobacterium;s__Bifidobacterium_adolescentis	0.0972295803777	0.0397830424857	0.0657531107254	0.0272288966938	0.111535245586	-0.0543431486181	-0.0488630379239	-0.0368011947333	-0.0402676037162	0.0122369608398	-0.0207054790139	0.014256582219	0.00404484758808	0.00120118093595	-0.072571830274	0.0078338722822	0.0149968850543	-0.000815155921815	0.00858803168999	0.049052052873	-0.0520076562598	0.0304178003015	-0.0340896335562	1.0	0.0439736504187	-0.000721413167375	-0.00881340158113	-0.00279538662537	0.0347037669244	0.00935544643265	-0.0428267701369	0.0370521143995	-0.0511349111166	-0.00683377453228	-0.00343509842736	0.0251144002198	0.012244451224	-0.00405290057436	-0.0368629530708	0.00158717081392	0.0127005702554	0.0389660719026	0.040188695969	-0.0105065330115	-0.0281094599711	-0.0647584769193	-0.0611981048936	0.0345264850838	-0.0536922233351	-0.0475661820908	-0.000639202360742	0.00593404206063	-0.0385110264802	-0.0244162676547	-0.0338341769427	0.0272786077353	0.0272524853233	-0.0474396181079	-0.0337976772818
k__Bacteria;p__Firmicutes;c__Clostridia;o__Clostridiales;f__Oscillospiraceae;g__Oscillibacter;s__Oscillibacter_sp._KLE_1745	0.0699534627375	0.0429683761219	-0.0156131229209	0.068074426696	0.014598160355	0.00725665828686	-0.014379528948	-0.0400332289024	-0.0196371951079	0.0348204044213	-0.00943383525402	-0.0176605589417	-0.00368036537523	0.055244344213	0.0620823820871	-0.0490195632932	-0.104762524803	0.0667218943798	-0.0755208728928	-0.0141762376582	0.00757129268845	0.0459744322596	-0.017443051079	0.0439736504187	1.0	-0.0334788643953	-0.0154841878891	-0.0632275374066	-0.0356199278712	0.00417161453099	0.0508258605211	-0.0819295082159	0.053997156889	0.00615204067729	-0.0676643571985	0.0012691937305	0.0254718880856	-0.0155782802949	0.0255838158548	-0.0181705899587	0.000505277763346	-0.00304910768364	-0.0700528871582	-0.0133223309362	0.00544682143427	-0.0833575775682	-0.016312496422	1.84024889611e-05	-0.0792222438113	0.018275009867	-0.000614839739832	-0.0519762133018	0.0162232327494	-0.0562140629852	-0.0349750715472	0.0326768882856	0.0325595567157	0.018845271205	-0.0250486655762
k__Bacteria;p__Bacteroidetes;c__Bacteroidia;o__Bacteroidales;f__Bacteroidaceae;g__Bacteroides;s__Bacteroides_coprophilus	-0.0891237248458	-0.0425796555737	-0.0166457601341	-0.0223570002156	-0.0334358614074	-0.0282355730145	-0.0322713587602	-0.0197398449648	-0.0259652078921	-0.00646444913707	0.0222419188846	0.00311017746522	-0.0252392305995	-0.0366773323286	-0.0515432554261	-0.0410063768262	0.0435240912927	-0.0735414136234	-0.0506715988786	-0.0810221094282	0.047611273737	-0.0313032187161	-0.00375771993149	-0.000721413167375	-0.0334788643953	1.0	-0.0160991103595	0.047898845412	-0.0324983551811	-0.00307395705248	-0.0184308326018	0.00900200606503	0.0127321220595	-0.0303905717056	-0.00971756796449	-0.0355573841859	-0.0562862058356	0.0571126847892	-0.0116287377973	-0.02934935181	0.00868189127761	0.030508260225	-0.0263171908679	-0.0518871840155	0.0615784320442	0.0141548152852	0.0929834312505	0.0517010074895	-0.0190908268317	-0.000403244989923	-0.0521863624959	-0.0299800575832	-0.0623604491501	-0.0394994689767	0.0431913438738	0.021421361327	-0.0108029898108	0.023374444132	0.0206183242456
k__Bacteria;p__Firmicutes;c__Clostridia;o__Clostridiales;f__Lachnospiraceae;g__Roseburia;s__Roseburia_intestinalis	-0.00805912277521	-0.0259105205874	-0.0102933678477	0.0148938353646	-0.0114156186831	0.0514816006106	-0.0274137449251	0.0337567106341	-0.00817464677075	-0.00204362707768	0.0328564794319	-0.0438955626263	0.0836615565487	-0.0219486495298	0.0201389261022	-0.0129810442926	-0.0442830933824	-0.0300822898222	-0.0350774574443	-0.0881865268949	0.00160586584805	-0.0435994497699	-0.0190396908514	-0.00881340158113	-0.0154841878891	-0.0160991103595	1.0	0.0390330415693	-0.026448530356	-0.0347758178146	-0.00594207618358	-0.0222101252478	0.0501227745429	0.0143928876359	-0.000185039752892	-0.0242161342819	-0.0190566657758	-0.00718770508438	-0.00691061928892	-0.0172087753066	-0.0126851407985	0.0422566428529	0.0652499074063	0.0698073939695	0.0134977922327	0.0414851272547	-0.0520857523152	-0.0255238007012	-0.0672871406969	-0.036451496636	-0.0275887695264	0.0149601839239	-0.0460048275525	-0.00513360531997	-0.0441755591966	0.0213942564373	-0.0613907578497	-0.0490125040138	-0.0138872614551
k__Bacteria;p__Firmicutes;c__Clostridia;o__Clostridiales;f__Lachnospiraceae;g__Roseburia;s__Roseburia_hominis	-0.0897383230504	-0.088330332606	0.0109317563142	-0.0270645713467	0.0252346884113	-0.0280707114878	0.0328451673176	-0.0374688869484	-0.0570317926714	0.0327334178834	-0.0106500807594	-0.0371793636967	0.00621492862054	-0.0826405365695	-0.0177731457142	0.0575002019529	-0.048750147839	0.0345435194621	-0.0140151777963	0.0201417035537	-0.00392899867948	0.00290842023058	-0.0490335490523	-0.00279538662537	-0.0632275374066	0.047898845412	0.0390330415693	1.0	-0.0481300249041	0.025430448821	-0.0100309553668	-0.0119169801812	-0.0995371355123	0.0199621386839	-0.0254427633546	0.0115188650036	-0.012616984368	0.0394599857851	0.0266767676105	-0.0324335589378	-0.0419398178118	0.0248917268105	0.0347488611544	-0.0137220683051	0.0585357103358	-0.0160718420691	-0.0103176930929	-0.0640091155666	0.0211233975754	-0.0461085665018	-0.0242467204555	0.00423678761572	-0.0304612429191	0.0766506364226	-0.00877056692921	0.0352740259164	-0.0143138321198	-0.0120735328398	0.00593575474959
k__Bacteria;p__Bacteroidetes;c__Bacteroidia;o__Bacteroidales;f__Porphyromonadaceae;g__Parabacteroides;s__Parabacteroides_johnsonii	0.00304951197749	0.00340579754602	-0.0131185243853	0.0278637891682	-0.0528237256105	0.0217304138397	-0.0187059963242	0.0186505812264	-0.0136943400702	0.0164918319864	-0.0762695624211	-0.000574063857876	-0.0911702948651	-0.0300140564419	-0.0429507443322	-0.0239742681589	0.0105176508809	-0.021866846471	-0.0645274131164	0.0408175555309	0.0386237928923	0.0271420552154	-0.0203690897013	0.0347037669244	-0.0356199278712	-0.0324983551811	-0.026448530356	-0.0481300249041	1.0	0.0202040888101	0.0188100017484	0.0249484680022	-0.015817960069	0.0574109536309	-0.0230908856404	0.0333144240056	0.0916371919967	0.000408900563003	-0.0357669969558	-0.042174434636	-0.00246892526028	0.00323006434126	-0.00118916910715	-0.0166902520029	-0.0318989193136	-0.0243911573231	0.0472089915723	0.0064431467522	-0.0686320382676	0.0162073877886	-0.00898745240486	-0.0230470784666	-0.0734231784996	-0.00130729446599	-0.0248679002127	-0.0419368446489	0.0511497280578	-0.0158448353074	0.0300646025697
k__Bacteria;p__Actinobacteria;c__Actinobacteria;o__Bifidobacteriales;f__Bifidobacteriaceae;g__Bifidobacterium;s__Bifidobacterium_longum	-0.0340984309468	-0.0157605693712	0.0348558941056	-0.0267001526348	-0.0220550200845	-0.0125492930788	0.00690476098837	-0.0583783668878	0.00279233639035	-0.0478792047527	0.0373607757889	-0.0056076389412	0.0260940426062	-0.0626954004576	0.0132090912379	-0.0198984234067	-0.0393857074226	0.032175550562	0.00799769100111	-0.0258161721283	-0.0329691147816	-0.0285624131104	-0.0219142151561	0.00935544643265	0.00417161453099	-0.00307395705248	-0.0347758178146	0.025430448821	0.0202040888101	1.0	-0.0159724465894	-0.0437121685237	0.0335473111293	-0.0625468140915	0.00722412563529	0.0267768178363	0.0643858887876	-0.0216283477444	-0.0428236426929	0.0220813493388	0.0132418384031	-0.0227204071292	-0.0242981623193	-0.000634527993387	0.0244559354782	-0.00793561345283	0.0111283307644	-0.0471016978248	-0.0217424728804	-0.0406722132928	-0.00748403470039	-0.0710178337978	0.011725064294	-0.0726420902178	-0.000478207147433	-0.0424388928939	0.0373370377058	-0.00443395180969	0.00163334303448
