#taxonomy	k__Bacteria;p__Bacteroidetes;c__Bacteroidia;o__Bacteroidales;f__Bacteroidaceae;g__Bacteroides;s__Bacteroides_vulgatus	k__Bacteria;p__Bacteroidetes;c__Bacteroidia;o__Bacteroidales;f__Bacteroidaceae;g__Bacteroides;s__Bacteroides_uniformis	k__Bacteria;p__Bacteroidetes;c__Bacteroidia;o__Bacteroidales;f__Rikenellaceae;g__Alistipes;s__Alistipes_putredinis	k__Bacteria;p__Bacteroidetes;c__Bacteroidia;o__Bacteroidales;f__Prevotellaceae;g__Prevotella;s__Prevotella_copri	k__Bacteria;p__Bacteroidetes;c__Bacteroidia;o__Bacteroidales;f__Bacteroidaceae;g__Bacteroides;s__Bacteroides_stercoris	k__Bacteria;p__Bacteroidetes;c__Bacteroidia;o__Bacteroidales;f__Bacteroidaceae;g__Bacteroides;s__Bacteroides_ovatus	k__Bacteria;p__Bacteroidetes;c__Bacteroidia;o__Bacteroidales;f__Rikenellaceae;g__Alistipes;s__Alistipes_shahii	k__Bacteria;p__Firmicutes;c__Clostridia;o__Clostridiales;f__Ruminococcaceae;g__Faecalibacterium;s__Faecalibacterium_prausnitzii	k__Bacteria;p__Bacteroidetes;c__Bacteroidia;o__Bacteroidales;f__Rikenellaceae;g__Alistipes;s__Alistipes_finegoldii	k__Bacteria;p__Bacteroidetes;c__Bacteroidia;o__Bacteroidales;f__Porphyromonadaceae;g__Parabacteroides;s__Parabacteroides_distasonis	k__Bacteria;p__Bacteroidetes;c__Bacteroidia;o__Bacteroidales;f__Bacteroidaceae;g__Bacteroides;s__Bacteroides_thetaiotaomicron	k__Bacteria;p__Bacteroidetes;c__Bacteroidia;o__Bacteroidales;f__Bacteroidaceae;g__Bacteroides;s__Bacteroides_coprocola	k__Bacteria;p__Bacteroidetes;c__Bacteroidia;o__Bacteroidales;f__Bacteroidaceae;g__Bacteroides;s__Bacteroides_cellulosilyticus	k__Bacteria;p__Bacteroidetes;c__Bacteroidia;o__Bacteroidales;f__Rikenellaceae;g__Alistipes;s__Alistipes_obesi	k__Bacteria;p__Firmicutes;c__Clostridia;o__Clostridiales;f__Lachnospiraceae;g__;s__[Eubacterium]_rectale	k__Bacteria;p__Bacteroidetes;c__Bacteroidia;o__Bacteroidales;f__Bacteroidaceae;g__Bacteroides;s__Bacteroides_plebeius	k__Bacteria;p__Bacteroidetes;c__Bacteroidia;o__Bacteroidales;f__Bacteroidaceae;g__Bacteroides;s__Bacteroides_fragilis	k__Bacteria;p__Proteobacteria;c__Betaproteobacteria;o__Burkholderiales;f__Sutterellaceae;g__Sutterella;s__Sutterella_wadsworthensis	k__Bacteria;p__Bacteroidetes;c__Bacteroidia;o__Bacteroidales;f__Porphyromonadaceae;g__Barnesiella;s__Barnesiella_intestinihominis	k__Bacteria;p__Bacteroidetes;c__Bacteroidia;o__Bacteroidales;f__Odoribacteraceae;g__Odoribacter;s__Odoribacter_splanchnicus	k__Bacteria;p__Bacteroidetes;c__Bacteroidia;o__Bacteroidales;f__Bacteroidaceae;g__Bacteroides;s__Bacteroides_salyersiae	k__Bacteria;p__Firmicutes;c__Clostridia;o__Clostridiales;f__Ruminococcaceae;g__Ruminiclostridium;s__[Eubacterium]_siraeum	k__Bacteria;p__Proteobacteria;c__Betaproteobacteria;o__Burkholderiales;f__Sutterellaceae;g__Parasutterella;s__Parasutterella_excrementihominis	k__Bacteria;p__Actinobacteria;c__Actinobacteria;o__Bifidobacteriales;f__Bifidobacteriaceae;g__Bifidobacterium;s__Bifidobacterium_adolescentis	k__Bacteria;p__Firmicutes;c__Clostridia;o__Clostridiales;f__Oscillospiraceae;g__Oscillibacter;s__Oscillibacter_sp._KLE_1745	k__Bacteria;p__Bacteroidetes;c__Bacteroidia;o__Bacteroidales;f__Bacteroidaceae;g__Bacteroides;s__Bacteroides_coprophilus	k__Bacteria;p__Firmicutes;c__Clostridia;o__Clostridiales;f__Lachnospiraceae;g__Roseburia;s__Roseburia_intestinalis	k__Bacteria;p__Firmicutes;c__Clostridia;o__Clostridiales;f__Lachnospiraceae;g__Roseburia;s__Roseburia_hominis	k__Bacteria;p__Bacteroidetes;c__Bacteroidia;o__Bacteroidales;f__Porphyromonadaceae;g__Parabacteroides;s__Parabacteroides_johnsonii	k__Bacteria;p__Actinobacteria;c__Actinobacteria;o__Bifidobacteriales;f__Bifidobacteriaceae;g__Bifidobacterium;s__Bifidobacterium_longum	k__Bacteria;p__Firmicutes;c__Clostridia;o__Clostridiales;f__;g__Flavonifractor;s__Flavonifractor_plautii	k__Bacteria;p__Firmicutes;c__Clostridia;o__Clostridiales;f__Clostridiaceae;g__Clostridium;s__Clostridium_phoceensis	k__Bacteria;p__Verrucomicrobia;c__Verrucomicrobiae;o__Verrucomicrobiales;f__Akkermansiaceae;g__Akkermansia;s__Akkermansia_muciniphila	k__Bacteria;p__Bacteroidetes;c__Bacteroidia;o__Bacteroidales;f__Prevotellaceae;g__Paraprevotella;s__Paraprevotella_xylaniphila	k__Bacteria;p__Firmicutes;c__Clostridia;o__Clostridiales;f__Ruminococcaceae;g__Ruminococcus;s__Ruminococcus_callidus	k__Bacteria;p__Bacteroidetes;c__Bacteroidia;o__Bacteroidales;f__Rikenellaceae;g__Alistipes;s__Alistipes_senegalensis	k__Bacteria;p__Firmicutes;c__Clostridia;o__Clostridiales;f__Lachnospiraceae;g__Blautia;s__Blautia_sp._KLE_1732	k__Bacteria;p__Bacteroidetes;c__Bacteroidia;o__Bacteroidales;f__Bacteroidaceae;g__Bacteroides;s__Bacteroides_oleiciplenus	k__Bacteria;p__Firmicutes;c__Clostridia;o__Clostridiales;f__Ruminococcaceae;g__Ruminococcus;s__Ruminococcus_bicirculans	k__Bacteria;p__Bacteroidetes;c__Bacteroidia;o__Bacteroidales;f__Bacteroidaceae;g__Bacteroides;s__Bacteroides_fluxus	k__Bacteria;p__Bacteroidetes;c__Bacteroidia;o__Bacteroidales;f__Prevotellaceae;g__Prevotella;s__Prevotella_stercorea	k__Bacteria;p__Firmicutes;c__Clostridia;o__Clostridiales;f__Lachnospiraceae;g__Dorea;s__Dorea_longicatena	k__Bacteria;p__Firmicutes;c__Clostridia;o__Clostridiales;f__Eubacteriaceae;g__Eubacterium;s__[Eubacterium]_eligens	k__Bacteria;p__Firmicutes;c__Clostridia;o__Clostridiales;f__Ruminococcaceae;g__;s__Ruminococcaceae_bacterium_D16	k__Bacteria;p__Firmicutes;c__Clostridia;o__Clostridiales;f__Lachnospiraceae;g__Coprococcus;s__Coprococcus_comes	k__Bacteria;p__Proteobacteria;c__Gammaproteobacteria;o__Enterobacterales;f__Enterobacteriaceae;g__Escherichia;s__Escherichia_coli	k__Bacteria;p__Firmicutes;c__Clostridia;o__Clostridiales;f__Ruminococcaceae;g__Anaerotruncus;s__Anaerotruncus_colihominis	k__Bacteria;p__Firmicutes;c__Clostridia;o__Clostridiales;f__Lachnospiraceae;g__Blautia;s__Blautia_obeum	k__Bacteria;p__Bacteroidetes;c__Bacteroidia;o__Bacteroidales;f__Odoribacteraceae;g__Odoribacter;s__Odoribacter_laneus	k__Bacteria;p__Firmicutes;c__Clostridia;o__Clostridiales;f__Ruminococcaceae;g__Ruminiclostridium;s__[Clostridium]_leptum	k__Bacteria;p__Bacteroidetes;c__Bacteroidia;o__Bacteroidales;f__Porphyromonadaceae;g__Parabacteroides;s__Parabacteroides_goldsteinii	k__Bacteria;p__Firmicutes;c__Clostridia;o__Clostridiales;f__Lachnospiraceae;g__Anaerostipes;s__Anaerostipes_hadrus	k__Bacteria;p__Firmicutes;c__Clostridia;o__Clostridiales;f__Ruminococcaceae;g__Ruminococcus;s__Ruminococcus_lactaris	k__Bacteria;p__Firmicutes;c__Clostridia;o__Clostridiales;f__Clostridiaceae;g__Clostridium;s__Clostridium_sp._L2-50	k__Bacteria;p__Firmicutes;c__Clostridia;o__Clostridiales;f__Clostridiaceae;g__Clostridium;s__Clostridium_sp._M62/1	k__Bacteria;p__Firmicutes;c__Clostridia;o__Clostridiales;f__;g__Intestinimonas;s__Intestinimonas_butyriciproducens	k__Bacteria;p__Actinobacteria;c__Actinobacteria;o__Bifidobacteriales;f__Bifidobacteriaceae;g__Bifidobacterium;s__Bifidobacterium_bifidum	k__Bacteria;p__Firmicutes;c__Negativicutes;o__Veillonellales;f__Veillonellaceae;g__Dialister;s__Dialister_invisus	k__Bacteria;p__Bacteroidetes;c__Bacteroidia;o__Bacteroidales;f__Bacteroidaceae;g__Bacteroides;s__Bacteroides_salanitronis
k__Bacteria;p__Bacteroidetes;c__Bacteroidia;o__Bacteroidales;f__Bacteroidaceae;g__Bacteroides;s__Bacteroides_vulgatus	1.0	0.066271841613	0.005516848049	0.00518082644657	-0.0114060442578	-0.0534333386356	-0.00456705390951	-0.0213991470338	-0.035125517704	0.0634761753109	-0.00129129996661	0.0504065798061	-0.040943350432	-0.00328933738808	-0.029089674654	-0.0217885627813	0.0297417753843	-0.0530636156501	0.0376878588299	0.0112340580576	0.00841221032146	-0.0238620436681	0.00993537527503	0.027712301154	-0.0119024625945	0.0445656010605	-0.0340435733875	0.0545463700244	-0.0103415964359	0.0193086075284	0.00604168499395	0.00734316599313	0.00199408276904	0.0505405156075	0.0180757196246	-0.0102271515368	-0.0245371181102	-0.0492294123507	-0.0223202070625	-0.0248821400076	0.0105022357636	-0.0619370307666	-0.0461756974345	-0.0274125425539	0.0144641784813	-0.012545562531	-0.0462921943264	-0.0215229774653	0.00997837078394	0.0382659418366	0.00744079131472	0.0452745476662	0.0207051364301	-0.0190722569324	-0.000632643592741	-0.0147067010346	-0.00326721571191	-0.0178254227101	-0.0250601579722
k__Bacteria;p__Bacteroidetes;c__Bacteroidia;o__Bacteroidales;f__Bacteroidaceae;g__Bacteroides;s__Bacteroides_uniformis	0.066271841613	1.0	0.0168129926578	-0.0282094604364	-0.00802767201762	-0.0134389139964	-0.0797186406178	0.0338758313045	-0.0282732933486	0.0619357204587	-0.0144314394911	-0.00499895995794	0.0775975164081	-0.0598818341858	-0.0537209753231	-0.0204021840061	-0.0464208541574	-0.00951905677867	-0.0451141008713	0.0120263489026	0.00449225201686	-0.0377440294244	0.032147994088	0.0169818877951	-0.047562715691	0.0624459462488	0.0095105308081	0.0186248814457	0.0223137842852	-0.0224771129408	0.0492652787442	-0.0421856122749	-0.0140103637775	0.0189800265566	-0.00949882354428	0.0255294902162	-0.0787258272986	-0.0752866571768	0.0112769999951	-0.0283174727995	-0.0510249966213	0.0678789691745	-0.0395793032198	0.0437144909813	0.0312606896913	-0.0346853816412	-0.0246184180536	0.0285357887882	0.0407278742815	-0.0503199682121	-0.0923465562729	0.0153927730607	0.00930995408109	-0.0593711142402	0.00379027972159	-0.0888175680119	0.0676394815489	0.0273711084984	0.0133792401759
k__Bacteria;p__Bacteroidetes;c__Bacteroidia;o__Bacteroidales;f__Rikenellaceae;g__Alistipes;s__Alistipes_putredinis	0.005516848049	0.0168129926578	1.0	0.0482065945874	-0.0662788856303	-0.0295781220563	-0.00557375544596	0.0311932569837	0.0085706484978	-0.0270544173865	0.00720654264621	-0.0465287897854	-0.0481208616028	0.0252805407471	0.00436430569873	-0.0165233597608	-0.0213617463951	-0.00502815580737	-0.048570516332	0.0777027212323	-0.032253782386	0.025666529315	0.0348132064451	-0.052892254893	-0.0429431819736	0.0270981052909	-0.0129590242175	-0.00892763378589	0.0289251676084	-0.00445782130052	0.0425464046935	0.0133816162186	0.00221312268903	-0.0229836840294	0.012832338825	-0.0115067148119	-0.0365605636495	0.0231915619718	-0.0292292338483	0.0826568006438	-0.0268286494101	-0.0753106367967	0.0773756905334	-0.0137338051035	0.00750675126136	-0.0660933344408	0.063871066375	-0.0738319059655	0.0382173234276	-0.0519124809996	0.0492327982656	-0.0465539329575	0.0133690476009	0.00375377389806	-0.0530764991877	0.0067891818265	0.0243135354362	-0.0197638571335	0.00241988172894
k__Bacteria;p__Bacteroidetes;c__Bacteroidia;o__Bacteroidales;f__Prevotellaceae;g__Prevotella;s__Prevotella_copri	0.00518082644657	-0.0282094604364	0.0482065945874	1.0	-0.0727710728512	0.00765237513602	0.0181936828183	-0.0539180504042	-0.0433335342128	0.0729455279597	-0.0401871498501	-0.0579191755939	0.00188665241441	0.0267093216592	0.0726991509817	0.0637375417414	-0.0243122973407	-0.00580727887057	-0.0174487949505	-0.00648805865916	0.0428812664978	-0.0482685422314	-0.00834461755594	-0.0912515421106	0.0219653064132	-0.0282189843395	0.047076752263	-0.0043860463589	0.0951008622332	-0.0144132584798	-0.0710284401889	0.0173886886514	0.0264284523999	-0.0490425853188	-0.0208963478603	0.107760850702	-0.0770143719865	-0.0414170146363	0.0283934255895	-0.00963121918495	0.036381475233	-0.0917985778051	-0.0156609353684	-0.00126632225139	0.0422194167573	-0.0378613677813	0.0424099387911	-0.0309539045638	0.00500558587205	0.00409928742126	-0.00335287476223	-0.0142173896143	0.0746922507903	0.0103534953838	0.0173937983277	-0.0150290409883	0.00354487235929	0.043791782363	-0.0608758371723
k__Bacteria;p__Bacteroidetes;c__Bacteroidia;o__Bacteroidales;f__Bacteroidaceae;g__Bacteroides;s__Bacteroides_stercoris	-0.0114060442578	-0.00802767201762	-0.0662788856303	-0.0727710728512	1.0	0.0111118836354	-0.0252912274923	0.0417898947986	0.0016456213238	0.0303148851854	0.0140236218098	0.0221817167398	0.0304074127339	-0.0572111866819	0.0465195807873	0.0257531507086	-0.00396073544325	-0.0314821921743	-0.0136602375164	-0.0469803557841	-0.120886666285	-0.0242617337002	-0.00448378563353	0.00368169629696	-0.0630089352683	-0.0485078102886	-0.00249684652073	-0.0268327653918	-0.00502780557311	-0.0604386904481	0.0249916049315	-0.0199200002752	0.0119178864202	0.0101902702552	-0.0183086685522	-0.0309653894409	0.0104547210284	-0.0670030819968	-0.00048557357048	0.0656973357176	-0.0178561509764	-0.0318831683539	-0.0464064624649	-0.0217387452752	-0.013575149729	-0.0444816603633	-0.04453372289	-0.0364129221148	-0.0115745739322	0.0332675735373	-0.00743041490393	-0.0800457758153	0.0646783789373	-0.0178142391102	-0.0483725496593	0.0387659986772	-0.0062455441268	0.0596889876579	0.0844626529024
k__Bacteria;p__Bacteroidetes;c__Bacteroidia;o__Bacteroidales;f__Bacteroidaceae;g__Bacteroides;s__Bacteroides_ovatus	-0.0534333386356	-0.0134389139964	-0.0295781220563	0.00765237513602	0.0111118836354	1.0	-0.0333864386267	0.0806170596082	0.0725844430218	0.0220436326526	-0.00377895249571	-0.0151651634075	-0.0374910633488	-0.0263509908753	-0.00737901239704	-0.0567571990226	0.0167278477864	-0.0121546486033	-0.039720586418	-0.00233582801378	0.00107890686423	0.00688577252229	-0.0256624340178	-0.030642484035	-0.0529084456788	0.0631155439196	0.0393112167029	0.0053661748157	-0.0589555797689	0.0337431913668	0.00546046221421	0.093970995147	-0.0435812693181	0.00677175987335	-0.0145569910547	-0.0865137988848	0.0351671795081	-0.0224106611285	0.0624293416975	-0.0170617520637	-0.0196201925357	-0.0137101197306	-0.0666895549024	0.0215581455634	0.055376296012	0.0650434147459	-0.0577173212417	-0.00458466887664	0.00421820973392	-0.0478539391997	0.0193851102348	-0.0450689677975	0.00281661108486	-0.0290084442915	-0.0541594056678	-0.000885065069003	0.040660631986	-0.0613372842354	-0.0433810403114
k__Bacteria;p__Bacteroidetes;c__Bacteroidia;o__Bacteroidales;f__Rikenellaceae;g__Alistipes;s__Alistipes_shahii	-0.00456705390951	-0.0797186406178	-0.00557375544596	0.0181936828183	-0.0252912274923	-0.0333864386267	1.0	0.0262085526284	-0.0151614326982	-0.0254374142319	0.0149496656651	0.00189726826248	-0.0156371483657	0.0131865893196	0.0250786720212	0.0318880542259	0.00787724690453	0.00332708531997	-0.0129216299625	0.0317602164358	0.0363679879122	-0.0124381770633	-0.0355617124857	-0.00484742252031	0.00110960334424	-0.0110370740001	0.0121860337874	-0.0182548729215	-0.0192061398177	-0.0209221303852	0.0206621665482	0.0655021036389	-0.0260505170142	-0.0176824516989	0.0333965630014	-0.0168054591956	-0.0586268723861	0.0567140368922	0.00443670048804	-0.0235204304167	-0.0354323192285	-0.0613890434846	0.0542904183737	0.0134884630442	-0.0174956494554	0.00547077429858	-0.0567913864619	-0.00332797433197	-0.0506191510009	0.0278591704921	-0.00756322475419	-0.0167461392345	-0.0219818979906	-0.065820351687	-0.0450583547905	-0.021018878858	-0.000680813989546	-0.106388056711	-0.0215581124072
k__Bacteria;p__Firmicutes;c__Clostridia;o__Clostridiales;f__Ruminococcaceae;g__Faecalibacterium;s__Faecalibacterium_prausnitzii	-0.0213991470338	0.0338758313045	0.0311932569837	-0.0539180504042	0.0417898947986	0.0806170596082	0.0262085526284	1.0	-0.0323085932732	-0.109117674274	-0.0263710045504	0.0128285542718	-0.0644915143267	-0.00813383189254	-0.0273523169179	-0.0206623448216	-0.00940047204924	-0.00773847000044	0.0866614938449	-0.00745728385517	-0.0537853318289	0.0201721450835	-0.017322822511	-0.00345696510727	-0.00662660021835	0.0499798367173	-0.0128117450004	-0.000148327869211	-0.0513647178898	-0.0213406246081	-0.10530607624	-0.0327028432264	0.0718938712492	-0.0365345516135	-0.0136644518282	0.0225890701212	0.0137933361478	-0.0316202302042	-0.037012891494	0.0765986146891	-0.0278813638675	-0.0158434263897	-0.0487691120248	0.0222219007234	0.0350797773426	-0.0226658718842	0.00570027095217	0.0105515985008	0.0236659054981	-0.00540991069132	-0.0121304736282	0.0183895734718	0.0110979996505	-0.0211770239773	-0.0252768938781	-0.00041647013949	-0.00800160404479	-0.0198880050529	0.0303432891229
k__Bacteria;p__Bacteroidetes;c__Bacteroidia;o__Bacteroidales;f__Rikenellaceae;g__Alistipes;s__Alistipes_finegoldii	-0.035125517704	-0.0282732933486	0.0085706484978	-0.0433335342128	0.0016456213238	0.0725844430218	-0.0151614326982	-0.0323085932732	1.0	-0.0401601708454	-0.0138824229675	-0.0264070311011	-0.0330844632182	-0.040920568975	-0.00573285627164	-0.00189424543635	-0.00452187174859	0.0105948215783	-0.0613460395428	0.0204616574155	-0.0475998298346	0.0111239844599	0.0417752344593	0.00103523701674	0.0250404512579	-0.029519924686	0.0355647509736	-0.0165413217694	0.0411639437819	0.0241781596383	0.0400373911086	0.0100357948852	-0.00472503413726	-0.0438419287739	0.00833203849621	-0.0156060603632	-0.0539513655065	0.026529009258	0.000435458791004	0.031607920309	-0.0122898714566	0.000710121500848	0.0429961104828	-0.0260163136224	0.0257410068557	-0.012086205358	-0.000161576399095	0.0448393726894	-0.0494084484992	0.0491960177956	-0.0239352904548	-0.064264388059	-0.0536372312205	-0.0144342296644	0.0181999172617	-0.0660358964347	-0.0153581289679	0.00612820943225	0.0280842524546
k__Bacteria;p__Bacteroidetes;c__Bacteroidia;o__Bacteroidales;f__Porphyromonadaceae;g__Parabacteroides;s__Parabacteroides_distasonis	0.0634761753109	0.0619357204587	-0.0270544173865	0.0729455279597	0.0303148851854	0.0220436326525	-0.0254374142319	-0.109117674274	-0.0401601708454	1.0	0.0343667451617	0.0118414319974	-0.000570491682935	0.0847405143405	-0.0115805409905	-0.0257977022578	-0.0685510006757	-0.0362865582946	0.0174260532792	-0.0146689254383	0.00143638512369	-0.0528476052225	0.0429110785237	0.0229470613547	-0.0441740315437	0.0602040642405	-0.020818561987	0.0267943504828	-0.011417616284	0.00381388469562	-0.00408171743926	-0.0356486890923	-0.0563443919165	0.0110524988889	-0.0148750882006	-0.0298115950536	0.0428011432184	-0.0810437175136	-0.0756516689333	0.013107153445	0.0109549870258	0.0265315030763	-0.0706359210163	-0.0161518842789	0.0491004025872	-0.0398998141017	-0.0144397434218	0.0279325609269	-0.0334848495171	0.059927497966	-0.0158966410007	-0.0187568089498	-0.0195682018792	-0.123561019814	0.0645261334829	-0.012130767302	0.0552188464093	-0.0240728210385	-0.0149207202192
k__Bacteria;p__Bacteroidetes;c__Bacteroidia;o__Bacteroidales;f__Bacteroidaceae;g__Bacteroides;s__Bacteroides_thetaiotaomicron	-0.00129129996661	-0.0144314394911	0.00720654264621	-0.0401871498501	0.0140236218098	-0.00377895249571	0.0149496656651	-0.0263710045504	-0.0138824229675	0.0343667451617	1.0	0.0239744813275	0.0135081378411	-0.0323716013162	0.0365619826639	0.0212737214393	0.0511952245215	-0.0124100513153	-0.00121485918125	-0.0409564466004	-0.0761590623803	0.0104214971431	0.049966133683	-0.0152486376162	-0.0136087498922	-0.0153554852683	-0.0254115924643	0.0652177184719	0.000835893036046	0.0325978507788	0.020866291779	-0.0118656568888	0.0344269951694	0.0673398524898	-0.0416169008449	-0.0426340750923	0.0209155804768	-0.0298401220673	-0.0409713307601	0.0246493731053	-0.0246584326764	-0.0206620387618	0.030928913729	-0.0781016364734	0.0142141450476	0.065947850536	-0.00126065681297	0.0179624120341	-0.0518547121948	0.0334391378199	-0.0177479079605	-0.0382551826516	-0.021378646463	0.0153564538034	-0.0336286518508	-0.0379637126989	-0.00673350401121	0.00184836291032	-0.0374283629324
k__Bacteria;p__Bacteroidetes;c__Bacteroidia;o__Bacteroidales;f__Bacteroidaceae;g__Bacteroides;s__Bacteroides_coprocola	0.0504065798061	-0.00499895995794	-0.0465287897854	-0.0579191755939	0.0221817167398	-0.0151651634075	0.00189726826248	0.0128285542718	-0.0264070311011	0.0118414319974	0.0239744813275	1.0	-0.0138476768335	-0.00307388522654	-0.0357084476425	0.0531476543791	-0.0288232272434	-0.0496383472418	0.00433843855062	0.0273719193609	0.0167171041609	-0.00310816795703	-0.0518310081616	0.0531193808922	0.0261247236482	0.0374328079999	0.00549157245535	-0.00982625543284	-0.0377565929989	-0.0249727927618	0.0783749634396	0.0150154367765	0.0491306519566	0.0428639888341	-0.0349580811628	-0.0280133388002	0.0300189582811	-0.0298817936527	0.0100184768561	-0.0241410485599	-0.0236153092716	-0.054566305017	-0.0577109827468	-0.0334478893268	0.0497608007612	0.0404446335281	0.0443799795972	-0.0514104405249	0.00629444697388	-0.0285323491396	0.0111548740049	-0.0373342740283	-0.00819470837171	-0.00291348526549	-0.0776839673894	-0.0202501745445	-0.0490227792859	-0.00236912707316	0.0230684198465
k__Bacteria;p__Bacteroidetes;c__Bacteroidia;o__Bacteroidales;f__Bacteroidaceae;g__Bacteroides;s__Bacteroides_cellulosilyticus	-0.040943350432	0.0775975164081	-0.0481208616028	0.00188665241441	0.0304074127339	-0.0374910633488	-0.0156371483657	-0.0644915143267	-0.0330844632182	-0.000570491682935	0.0135081378411	-0.0138476768335	1.0	-0.0319086850752	0.0313708348842	0.00863716746963	-0.0640195695738	0.0203343758858	-0.0447227985134	0.0180603985833	-0.0363498152758	0.0159476835793	0.0220638735639	0.0168823542228	0.0437283514429	-0.0266974937659	-0.0468988258501	-0.0642828192758	0.0335396309673	-0.0559868190876	-0.00874509196165	-0.0249594376607	-0.0241077673665	0.0427774413396	0.0858593215665	-0.000772002070958	-0.0167924508654	0.0118472809187	-0.0643146774382	-0.00979304445869	0.0143981694553	0.0183678865419	0.0263797369475	-0.00643496093027	-0.0967063435009	0.0530954111143	0.0363628253936	0.00460838879034	-0.00993491863237	-0.0312466026645	0.0384154883663	0.0545504721647	-0.0275357321595	-0.0296437021907	0.0476278853453	-0.00291983974036	0.028069358535	-0.0803416705542	-0.0269240069554
k__Bacteria;p__Bacteroidetes;c__Bacteroidia;o__Bacteroidales;f__Rikenellaceae;g__Alistipes;s__Alistipes_obesi	-0.00328933738808	-0.0598818341858	0.0252805407471	0.0267093216592	-0.0572111866819	-0.0263509908753	0.0131865893196	-0.00813383189254	-0.040920568975	0.0847405143405	-0.0323716013162	-0.00307388522654	-0.0319086850752	1.0	-0.0419022747714	-0.0982010975451	-0.00773148964883	0.00977532122083	0.118154116334	-0.0158658375217	0.0593731944688	-0.045059501194	0.00912150323168	0.020804063371	0.0457968692386	-0.0823181130957	-0.0439720795948	0.00244409955186	-0.0160374658032	0.0193227627198	-0.0256752979667	0.0304060234771	0.0778431694712	0.0503687092118	0.0756095094375	-0.00436465635192	-0.0589415078894	0.0138420331306	-0.00243903359226	-0.0279755088851	-0.0467143281733	0.0193945497274	0.0194941447504	-0.0326956565765	0.0147679284167	0.0116999266391	-0.0307665564604	-0.0453914475088	0.0441401383326	0.0817838900872	-0.0311667881647	0.0148378723477	-0.0631918335446	-0.00625838316409	-0.0220942435857	0.0621673277824	-0.0401891970072	0.0301299093889	-0.0150140107566
k__Bacteria;p__Firmicutes;c__Clostridia;o__Clostridiales;f__Lachnospiraceae;g__;s__[Eubacterium]_rectale	-0.029089674654	-0.0537209753231	0.00436430569873	0.0726991509817	0.0465195807873	-0.00737901239704	0.0250786720212	-0.0273523169179	-0.00573285627164	-0.0115805409905	0.0365619826639	-0.0357084476425	0.0313708348842	-0.0419022747714	1.0	0.0481196121193	-0.015853636518	-0.062404312288	-0.050665754403	-0.0231856550898	-0.00191297988657	0.0134590769049	-0.076434319166	0.0158275406657	-0.0345376485653	-0.0407598544055	-0.0197437443109	-0.00355565484039	0.0235483313856	0.000946171347276	-0.0122444404214	-0.00874267761516	0.000892133317335	-0.04599563957	-0.0233589662778	0.0444150244536	0.0876379922124	-0.0443084920222	0.0233897764693	0.0128155585756	-0.0291614002974	0.0752865759787	-0.024829594336	0.00122330096003	0.013356833236	0.0284323848351	0.0465096621662	-0.0510065970728	-0.0342232432261	-0.0514502871012	0.00792736739384	0.0317002374669	-0.0456384209746	-0.0479599840379	-0.00635292970058	0.0689165580483	-0.00370608552669	-0.0586714969944	-0.0459513416674
k__Bacteria;p__Bacteroidetes;c__Bacteroidia;o__Bacteroidales;f__Bacteroidaceae;g__Bacteroides;s__Bacteroides_plebeius	-0.0217885627813	-0.0204021840061	-0.0165233597608	0.0637375417414	0.0257531507086	-0.0567571990226	0.0318880542259	-0.0206623448216	-0.00189424543635	-0.0257977022578	0.0212737214393	0.0531476543791	0.00863716746963	-0.0982010975451	0.0481196121193	1.0	0.0135514105566	-0.0457362469215	0.0043048294471	-0.0256043039056	-0.0079269514012	-0.0619939580122	-0.0338636544791	0.0249417349997	0.0152935473438	0.00196392988401	0.0102081045038	0.00915282575017	0.0302261985007	-0.00249369152105	0.00309355853778	-0.0174571265989	-0.050880656175	-0.053089356218	-0.0440995328114	0.0284513442273	0.0174331828127	-0.0155113661768	-0.0533682695476	-0.0485326186081	0.0101308477384	-0.00643902902367	-0.0431358897314	0.0107719513909	-0.001078115833	-0.013145746971	0.00185013989206	-0.0789569986751	0.00525185925425	-0.014442046723	0.0501710356996	-0.0539606778942	0.0320252244295	0.0183228020473	-0.0507359914721	0.0138474648008	0.0215747320498	0.000128124170558	0.0215113658971
k__Bacteria;p__Bacteroidetes;c__Bacteroidia;o__Bacteroidales;f__Bacteroidaceae;g__Bacteroides;s__Bacteroides_fragilis	0.0297417753843	-0.0464208541574	-0.0213617463951	-0.0243122973407	-0.00396073544325	0.0167278477864	0.00787724690453	-0.00940047204924	-0.00452187174859	-0.0685510006757	0.0511952245215	-0.0288232272434	-0.0640195695738	-0.00773148964883	-0.015853636518	0.0135514105566	1.0	0.0203928037195	-0.0757235081927	-0.0100094887741	-0.0203703092796	0.0648919297626	0.0108261586841	0.0206427445676	-0.0584329647164	0.0245966107396	0.0265794960622	-0.0275077452881	-0.00582400128053	0.0416643284662	0.0336430325308	-0.0238720957711	-0.0113938900299	-0.00662850879646	0.0118703852643	0.00845634836551	0.0170371269978	0.00879854648297	0.0684410938409	-0.057834421547	-0.0298601193745	0.010146001341	-0.00128617585066	-0.0318700430518	0.045677981754	-0.00271114369413	0.0495342102883	-0.0407581383262	-0.0208706047534	-0.00722593447358	0.0243226946775	-0.00884211571023	-0.0403542736335	0.0180015718922	-0.0151228226053	0.0204937376132	-0.0389547570675	-0.0303281655279	0.0163982348154
k__Bacteria;p__Proteobacteria;c__Betaproteobacteria;o__Burkholderiales;f__Sutterellaceae;g__Sutterella;s__Sutterella_wadsworthensis	-0.0530636156501	-0.00951905677867	-0.00502815580737	-0.00580727887057	-0.0314821921743	-0.0121546486033	0.00332708531997	-0.00773847000044	0.0105948215783	-0.0362865582946	-0.0124100513153	-0.0496383472418	0.0203343758858	0.00977532122083	-0.062404312288	-0.0457362469215	0.0203928037195	1.0	0.0657488419121	0.0676889783904	0.0123546883752	-0.0112034154093	-0.0320364793013	-0.0508849061072	-0.0290864850313	-0.0421292592654	0.00464414005117	-0.0141776400531	0.0140154734853	0.0384310726823	-0.0784090858995	-0.029996758148	0.0494045816865	0.0192268965213	-0.0279990490382	-0.0253701692143	0.00973954368917	-0.0227548284962	-0.00818415166564	0.00540977567213	0.00573699901067	-0.0178976704059	-0.0133188273976	-0.0524330861164	-0.0189675341645	0.00629387795688	-0.0244915946499	0.05206835283	-0.00753360832725	-0.0600748061028	-0.00153567643591	0.0381311561761	-0.051166530119	-0.0263594954476	-0.042613195892	-0.000337718004331	0.0251067804689	-0.0754804940471	0.015326483109
k__Bacteria;p__Bacteroidetes;c__Bacteroidia;o__Bacteroidales;f__Porphyromonadaceae;g__Barnesiella;s__Barnesiella_intestinihominis	0.0376878588299	-0.0451141008713	-0.048570516332	-0.0174487949505	-0.0136602375164	-0.039720586418	-0.0129216299625	0.0866614938449	-0.0613460395428	0.0174260532792	-0.00121485918125	0.00433843855062	-0.0447227985134	0.118154116334	-0.050665754403	0.0043048294471	-0.0757235081927	0.0657488419121	1.0	0.0288490393316	0.0137517435876	0.0380889641043	-0.00221109952105	-0.00269197450975	0.0381399131151	0.000889995941773	-0.0369123728924	0.0484038347016	-0.0229921362758	0.00274168670413	-0.0218943345374	-0.0228488942957	-0.0706249692902	-0.0318780511734	0.00624763381036	-0.0256795664104	-0.0213445017025	0.0239816502259	-0.0207825631254	-0.0638846288445	0.0137380545037	0.0735196828541	0.00596426616471	-0.0216130144026	-0.108756933496	-0.00098347326472	-0.0435035643874	-0.0888364076749	-0.053453833287	0.0222107654327	-0.00503416441873	-0.0739708909292	-0.0829995487286	-0.047577312861	0.045388048317	-0.0160122747205	0.0210711943911	-0.0446511070288	0.00343665350052
k__Bacteria;p__Bacteroidetes;c__Bacteroidia;o__Bacteroidales;f__Odoribacteraceae;g__Odoribacter;s__Odoribacter_splanchnicus	0.0112340580576	0.0120263489026	0.0777027212323	-0.00648805865916	-0.0469803557841	-0.00233582801378	0.0317602164358	-0.00745728385517	0.0204616574155	-0.0146689254383	-0.0409564466004	0.0273719193609	0.0180603985833	-0.0158658375217	-0.0231856550898	-0.0256043039056	-0.0100094887741	0.0676889783904	0.0288490393316	1.0	-0.00681540901365	0.0574035712717	0.00916663405392	-0.022208395254	-0.0392612602473	0.0465784443629	0.0165021742309	-0.063946055452	0.0469911191917	-0.0443549588276	-0.0391405117735	-0.0496278515063	0.0213896238881	-0.0426250714746	-0.0292917370398	0.0206638500515	-0.0990863120492	0.0486415867737	0.0202924808624	-0.0557272287034	-0.0169723303275	0.00648921490691	-0.019532828514	0.0384867812301	-0.0712586019084	-0.103161083435	0.0440591282286	-0.0392271033733	0.0122432408956	-0.03275876337	-0.0104347656843	-0.0133401041547	0.0264078426091	0.0262190628614	-0.0353316694354	-0.0697272061348	-0.048373058599	0.0211348030613	0.0465442709243
k__Bacteria;p__Bacteroidetes;c__Bacteroidia;o__Bacteroidales;f__Bacteroidaceae;g__Bacteroides;s__Bacteroides_salyersiae	0.00841221032146	0.00449225201686	-0.032253782386	0.0428812664978	-0.120886666285	0.00107890686423	0.0363679879122	-0.0537853318289	-0.0475998298346	0.00143638512369	-0.0761590623803	0.0167171041609	-0.0363498152758	0.0593731944688	-0.00191297988657	-0.0079269514012	-0.0203703092796	0.0123546883752	0.0137517435876	-0.00681540901365	1.0	-0.00558444571273	-0.0103516197248	0.0145216359322	-0.00447669684997	-0.0810066782714	0.00708638651207	-0.00182062585283	-0.0398815376359	-0.0068275449526	-0.0153360156946	0.0217942778945	-0.0560334566057	0.0462938747334	-0.00157717474388	0.0290431821477	-0.0419419248956	-0.00980257679669	-0.0274701595529	-0.0146002873319	0.0463321734038	-0.0413161024487	0.0545374317766	-0.0679980199539	-0.00289031593878	0.0224416383053	0.00843024323356	-0.0576322185777	0.0229075108472	-0.0428273169302	0.0483464542296	-0.00868434441693	0.0607139955794	-0.0186820177159	0.00127872885506	0.00235652200373	-0.0341383150473	0.0505240802504	0.0130336473745
k__Bacteria;p__Firmicutes;c__Clostridia;o__Clostridiales;f__Ruminococcaceae;g__Ruminiclostridium;s__[Eubacterium]_siraeum	-0.0238620436681	-0.0377440294244	0.025666529315	-0.0482685422314	-0.0242617337002	0.00688577252229	-0.0124381770633	0.0201721450835	0.0111239844599	-0.0528476052225	0.0104214971431	-0.00310816795703	0.0159476835793	-0.045059501194	0.0134590769049	-0.0619939580122	0.0648919297626	-0.0112034154093	0.0380889641043	0.0574035712717	-0.00558444571273	1.0	0.00351272719222	-0.00101371536715	0.0244843048589	0.0182483227524	-0.00892699561008	-0.0238017734536	-0.0118685605578	0.0682011262306	-0.00973389370921	0.0298324237832	0.0291524570617	-0.0450444567416	0.04088857878	0.0110504650599	-0.0512630868201	-0.0574677966531	-0.0291728761008	-0.0137209922492	0.013835462655	0.00279446040852	0.0572744287717	-0.000188345807347	-0.0823679939228	-0.0247593718814	-0.0277020472617	-0.0384889956388	-0.0444776899945	-0.0278415799609	0.00217998307867	-0.0400096169505	0.00441475951306	-0.00653266767853	0.0157233835515	0.0338500259227	0.0524563412537	0.00378476424645	-0.0585773238556
k__Bacteria;p__Proteobacteria;c__Betaproteobacteria;o__Burkholderiales;f__Sutterellaceae;g__Parasutterella;s__Parasutterella_excrementihominis	0.00993537527503	0.032147994088	0.0348132064451	-0.00834461755594	-0.00448378563353	-0.0256624340178	-0.0355617124857	-0.017322822511	0.0417752344593	0.0429110785237	0.049966133683	-0.0518310081616	0.0220638735639	0.00912150323168	-0.076434319166	-0.0338636544791	0.0108261586841	-0.0320364793013	-0.00221109952105	0.00916663405392	-0.0103516197248	0.00351272719222	1.0	-0.0177012338326	-0.0257012237402	0.026492085271	0.0233268327755	-0.0340400078937	-0.0870073810449	-0.0536919884892	-0.0181829592487	0.0104639803319	0.0384067107774	0.0325056196444	-0.0447414673449	-0.0475015840627	0.0492017000746	0.043148499376	-0.0230290924968	-0.0690534991569	-0.0403730595331	-0.00209644041536	-0.0383118579447	-0.0249102586051	-0.01139068892	0.0148949531629	-0.0300759272452	0.00783558977455	-0.0326479403237	-0.024738154769	0.00297012906949	-0.0237234368518	0.00558302309319	-0.0519350700773	-0.0157716598022	0.0140865579239	-0.000202895555133	0.0389004082792	-0.0117333416823
k__Bacteria;p__Actinobacteria;c__Actinobacteria;o__Bifidobacteriales;f__Bifidobacteriaceae;g__Bifidobacterium;s__Bifidobacterium_adolescentis	0.027712301154	0.0169818877951	-0.052892254893	-0.0912515421106	0.00368169629696	-0.030642484035	-0.00484742252031	-0.00345696510727	0.00103523701674	0.0229470613547	-0.0152486376162	0.0531193808922	0.0168823542228	0.020804063371	0.0158275406657	0.0249417349997	0.0206427445676	-0.0508849061072	-0.00269197450975	-0.022208395254	0.0145216359322	-0.00101371536715	-0.0177012338326	1.0	-0.0481213320429	-0.0455328864538	-0.0351565517722	-0.0236183964715	-0.0999766272336	-0.0307337132531	0.0448393218732	-0.0460858253955	-0.0167480339182	0.0244954656025	-0.03119671974	0.0131690352333	-0.0336394099162	-0.0494477537961	-0.00826104788565	0.0187966581421	0.0421539090182	0.0360303550354	-0.0045414438423	0.0113221305059	0.00913897730411	0.0559141323565	-0.0559926597463	-0.0629974163579	0.0790607261991	-0.00651515275042	-0.0278293970964	0.0125835374377	-0.0348683865961	-0.0325605110148	-0.0558917469769	0.0326176036232	-0.0885379378154	0.0689390894435	0.027611905963
k__Bacteria;p__Firmicutes;c__Clostridia;o__Clostridiales;f__Oscillospiraceae;g__Oscillibacter;s__Oscillibacter_sp._KLE_1745	-0.0119024625945	-0.047562715691	-0.0429431819736	0.0219653064133	-0.0630089352683	-0.0529084456788	0.00110960334424	-0.00662660021835	0.0250404512579	-0.0441740315437	-0.0136087498922	0.0261247236482	0.0437283514429	0.0457968692386	-0.0345376485653	0.0152935473438	-0.0584329647164	-0.0290864850313	0.0381399131151	-0.0392612602473	-0.00447669684997	0.0244843048589	-0.0257012237402	-0.0481213320429	1.0	-0.0597234456486	-0.0572922974094	0.0107147636746	-0.0213984770085	0.0256631087689	-0.0296517654681	-0.0317716582013	0.0337805301881	0.022532519006	0.0249322530916	-0.0310801761655	0.0990067166987	0.00941944853146	-0.00829341136553	-0.0204382528795	-0.0235851075308	0.0394585185099	-0.0724266073423	-0.0320653278663	-0.0319300646286	0.00546370922031	0.0182698525497	0.0311448150011	-0.0301132374727	-0.0546504705069	-0.0267978174228	-0.000338339015627	0.00859913871321	0.00106766692575	0.00382943220513	-0.0220075179626	0.0865490647472	0.0251717400525	0.0221963320579
k__Bacteria;p__Bacteroidetes;c__Bacteroidia;o__Bacteroidales;f__Bacteroidaceae;g__Bacteroides;s__Bacteroides_coprophilus	0.0445656010605	0.0624459462488	0.0270981052909	-0.0282189843395	-0.0485078102886	0.0631155439196	-0.0110370740001	0.0499798367173	-0.029519924686	0.0602040642405	-0.0153554852683	0.0374328079999	-0.0266974937659	-0.0823181130957	-0.0407598544055	0.00196392988401	0.0245966107396	-0.0421292592654	0.000889995941773	0.0465784443629	-0.0810066782714	0.0182483227524	0.026492085271	-0.0455328864538	-0.0597234456486	1.0	0.0270512254175	-0.0279147087581	-0.0367445015953	-0.0541498359702	-0.024812635806	-0.0260478852493	-0.0377685048966	-0.0468674195515	-0.0277883067038	-0.0167562480346	-0.0127233679337	-0.0299042621575	0.0375476423016	0.0162145252134	-0.00707117190891	0.0207576445923	-0.059085703605	0.0689759073655	0.0867058836341	-0.0944739800669	-0.031398655995	-0.00837290179913	-0.0469640918803	-0.0138085064046	0.0505500916258	-0.00364332609596	-0.00224705152723	-0.0448159597665	-0.0177139514793	-0.000992750907063	-0.00828670662487	0.0203667429807	-0.0705536029974
k__Bacteria;p__Firmicutes;c__Clostridia;o__Clostridiales;f__Lachnospiraceae;g__Roseburia;s__Roseburia_intestinalis	-0.0340435733875	0.0095105308081	-0.0129590242175	0.047076752263	-0.00249684652073	0.0393112167029	0.0121860337874	-0.0128117450004	0.0355647509736	-0.020818561987	-0.0254115924643	0.00549157245535	-0.0468988258501	-0.0439720795948	-0.0197437443109	0.0102081045038	0.0265794960622	0.00464414005117	-0.0369123728924	0.0165021742309	0.00708638651207	-0.00892699561008	0.0233268327755	-0.0351565517722	-0.0572922974094	0.0270512254175	1.0	-0.0706683702992	0.0578946869958	0.0392848971072	-0.0791555346841	-0.0940910620013	-0.0197921756638	-0.0148444812408	-0.0338706399775	0.0489022145752	0.0366712211213	0.00425891122326	0.0717368862766	0.00540816220917	-0.0285292295625	-0.0415050668209	0.00218004580208	-0.0303044021089	0.00951330825459	-0.048179058181	-0.0109760521627	-0.0723526794973	0.00291317326043	0.0381380436012	0.0194981636494	-0.0385465386694	0.0663928170089	0.00946006160411	-0.00217659541891	-0.00839527006374	-0.00821009400171	-0.0103433376096	-0.0317768232113
k__Bacteria;p__Firmicutes;c__Clostridia;o__Clostridiales;f__Lachnospiraceae;g__Roseburia;s__Roseburia_hominis	0.0545463700244	0.0186248814457	-0.00892763378589	-0.0043860463589	-0.0268327653918	0.0053661748157	-0.0182548729215	-0.000148327869211	-0.0165413217694	0.0267943504828	0.0652177184719	-0.00982625543284	-0.0642828192758	0.00244409955186	-0.00355565484039	0.00915282575017	-0.0275077452881	-0.0141776400531	0.0484038347016	-0.063946055452	-0.00182062585283	-0.0238017734536	-0.0340400078937	-0.0236183964715	0.0107147636746	-0.0279147087581	-0.0706683702992	1.0	-0.02720591058	0.0072758670769	-0.0483648909475	0.00342694570908	-0.0540052644056	-0.0129124343577	-0.0290739288719	0.0139572047728	-0.0213857191217	-0.10761189897	-0.0277547290558	0.0154198707601	-0.000640981157691	0.0571421072115	-0.0391130540472	0.0252363319954	-0.034330655331	0.0241019546308	0.0155910467426	0.0124544969821	-0.0183120842473	-0.00644747646438	0.0339219108318	0.00233503074626	-0.0748787917707	-0.0186258095973	0.0125319084782	-0.042301154146	0.0689380021692	0.0116346133694	0.00096314162376
k__Bacteria;p__Bacteroidetes;c__Bacteroidia;o__Bacteroidales;f__Porphyromonadaceae;g__Parabacteroides;s__Parabacteroides_johnsonii	-0.0103415964359	0.0223137842852	0.0289251676084	0.0951008622332	-0.00502780557311	-0.0589555797689	-0.0192061398177	-0.0513647178898	0.0411639437819	-0.011417616284	0.000835893036046	-0.0377565929989	0.0335396309673	-0.0160374658032	0.0235483313856	0.0302261985007	-0.00582400128053	0.0140154734853	-0.0229921362758	0.0469911191917	-0.0398815376359	-0.0118685605578	-0.0870073810449	-0.0999766272336	-0.0213984770085	-0.0367445015953	0.0578946869958	-0.02720591058	1.0	0.0620303306859	-0.0188057848718	0.0112787283462	-0.0187487801366	0.0148525107939	0.0155189150215	0.0234389452492	-0.0335070830444	-0.027964040645	-0.0459716081476	-0.042321891227	0.0974720960858	0.0308247757486	-0.115070990479	0.0257369088726	-0.0954046046182	-0.0222900524209	0.070814348728	0.0261617581678	-0.0160701616292	-0.0300894857243	0.0150693757507	-0.0276332670853	-0.0249829808667	-0.0176252120487	-0.0117150851305	-0.00928592248813	-0.0348456084463	0.0111788196266	-0.0708743115984
k__Bacteria;p__Actinobacteria;c__Actinobacteria;o__Bifidobacteriales;f__Bifidobacteriaceae;g__Bifidobacterium;s__Bifidobacterium_longum	0.0193086075284	-0.0224771129408	-0.00445782130052	-0.0144132584798	-0.0604386904481	0.0337431913668	-0.0209221303852	-0.0213406246081	0.0241781596383	0.00381388469562	0.0325978507788	-0.0249727927618	-0.0559868190876	0.0193227627198	0.000946171347276	-0.00249369152105	0.0416643284662	0.0384310726823	0.00274168670413	-0.0443549588276	-0.0068275449526	0.0682011262306	-0.0536919884892	-0.0307337132531	0.0256631087689	-0.0541498359702	0.0392848971072	0.0072758670769	0.0620303306859	1.0	-0.0483139310681	-0.0694102904876	0.0294995889861	-0.0282609391802	0.0509297993465	-0.0303119025902	0.0224766048682	0.0438814154357	-0.00862205651927	-0.0334103133118	-0.0621013931034	0.0111310018697	0.0160226698522	0.0411997220041	-0.0440976964965	0.0238384731658	-0.0235389245204	-0.000610134029112	0.0356472249797	-0.0515279316954	-0.0334650375787	0.0720064916286	-0.012794932544	-0.00721061053885	0.0302163626983	-0.0432368033237	-0.0183230516573	-0.031106907853	-0.000275379521955
