#taxonomy	k__Bacteria;p__Bacteroidetes;c__Bacteroidia;o__Bacteroidales;f__Bacteroidaceae;g__Bacteroides;s__Bacteroides_vulgatus	k__Bacteria;p__Bacteroidetes;c__Bacteroidia;o__Bacteroidales;f__Bacteroidaceae;g__Bacteroides;s__Bacteroides_uniformis	k__Bacteria;p__Bacteroidetes;c__Bacteroidia;o__Bacteroidales;f__Rikenellaceae;g__Alistipes;s__Alistipes_putredinis	k__Bacteria;p__Bacteroidetes;c__Bacteroidia;o__Bacteroidales;f__Prevotellaceae;g__Prevotella;s__Prevotella_copri	k__Bacteria;p__Bacteroidetes;c__Bacteroidia;o__Bacteroidales;f__Bacteroidaceae;g__Bacteroides;s__Bacteroides_stercoris	k__Bacteria;p__Bacteroidetes;c__Bacteroidia;o__Bacteroidales;f__Bacteroidaceae;g__Bacteroides;s__Bacteroides_ovatus	k__Bacteria;p__Bacteroidetes;c__Bacteroidia;o__Bacteroidales;f__Rikenellaceae;g__Alistipes;s__Alistipes_shahii	k__Bacteria;p__Firmicutes;c__Clostridia;o__Clostridiales;f__Ruminococcaceae;g__Faecalibacterium;s__Faecalibacterium_prausnitzii	k__Bacteria;p__Bacteroidetes;c__Bacteroidia;o__Bacteroidales;f__Rikenellaceae;g__Alistipes;s__Alistipes_finegoldii	k__Bacteria;p__Bacteroidetes;c__Bacteroidia;o__Bacteroidales;f__Porphyromonadaceae;g__Parabacteroides;s__Parabacteroides_distasonis	k__Bacteria;p__Bacteroidetes;c__Bacteroidia;o__Bacteroidales;f__Bacteroidaceae;g__Bacteroides;s__Bacteroides_thetaiotaomicron	k__Bacteria;p__Bacteroidetes;c__Bacteroidia;o__Bacteroidales;f__Bacteroidaceae;g__Bacteroides;s__Bacteroides_coprocola	k__Bacteria;p__Bacteroidetes;c__Bacteroidia;o__Bacteroidales;f__Bacteroidaceae;g__Bacteroides;s__Bacteroides_cellulosilyticus	k__Bacteria;p__Bacteroidetes;c__Bacteroidia;o__Bacteroidales;f__Rikenellaceae;g__Alistipes;s__Alistipes_obesi	k__Bacteria;p__Firmicutes;c__Clostridia;o__Clostridiales;f__Lachnospiraceae;g__;s__[Eubacterium]_rectale	k__Bacteria;p__Bacteroidetes;c__Bacteroidia;o__Bacteroidales;f__Bacteroidaceae;g__Bacteroides;s__Bacteroides_plebeius	k__Bacteria;p__Bacteroidetes;c__Bacteroidia;o__Bacteroidales;f__Bacteroidaceae;g__Bacteroides;s__Bacteroides_fragilis	k__Bacteria;p__Proteobacteria;c__Betaproteobacteria;o__Burkholderiales;f__Sutterellaceae;g__Sutterella;s__Sutterella_wadsworthensis	k__Bacteria;p__Bacteroidetes;c__Bacteroidia;o__Bacteroidales;f__Porphyromonadaceae;g__Barnesiella;s__Barnesiella_intestinihominis	k__Bacteria;p__Bacteroidetes;c__Bacteroidia;o__Bacteroidales;f__Odoribacteraceae;g__Odoribacter;s__Odoribacter_splanchnicus	k__Bacteria;p__Bacteroidetes;c__Bacteroidia;o__Bacteroidales;f__Bacteroidaceae;g__Bacteroides;s__Bacteroides_salyersiae	k__Bacteria;p__Firmicutes;c__Clostridia;o__Clostridiales;f__Ruminococcaceae;g__Ruminiclostridium;s__[Eubacterium]_siraeum	k__Bacteria;p__Proteobacteria;c__Betaproteobacteria;o__Burkholderiales;f__Sutterellaceae;g__Parasutterella;s__Parasutterella_excrementihominis	k__Bacteria;p__Actinobacteria;c__Actinobacteria;o__Bifidobacteriales;f__Bifidobacteriaceae;g__Bifidobacterium;s__Bifidobacterium_adolescentis	k__Bacteria;p__Firmicutes;c__Clostridia;o__Clostridiales;f__Oscillospiraceae;g__Oscillibacter;s__Oscillibacter_sp._KLE_1745	k__Bacteria;p__Bacteroidetes;c__Bacteroidia;o__Bacteroidales;f__Bacteroidaceae;g__Bacteroides;s__Bacteroides_coprophilus	k__Bacteria;p__Firmicutes;c__Clostridia;o__Clostridiales;f__Lachnospiraceae;g__Roseburia;s__Roseburia_intestinalis	k__Bacteria;p__Firmicutes;c__Clostridia;o__Clostridiales;f__Lachnospiraceae;g__Roseburia;s__Roseburia_hominis	k__Bacteria;p__Bacteroidetes;c__Bacteroidia;o__Bacteroidales;f__Porphyromonadaceae;g__Parabacteroides;s__Parabacteroides_johnsonii	k__Bacteria;p__Actinobacteria;c__Actinobacteria;o__Bifidobacteriales;f__Bifidobacteriaceae;g__Bifidobacterium;s__Bifidobacterium_longum	k__Bacteria;p__Firmicutes;c__Clostridia;o__Clostridiales;f__;g__Flavonifractor;s__Flavonifractor_plautii	k__Bacteria;p__Firmicutes;c__Clostridia;o__Clostridiales;f__Clostridiaceae;g__Clostridium;s__Clostridium_phoceensis	k__Bacteria;p__Verrucomicrobia;c__Verrucomicrobiae;o__Verrucomicrobiales;f__Akkermansiaceae;g__Akkermansia;s__Akkermansia_muciniphila	k__Bacteria;p__Bacteroidetes;c__Bacteroidia;o__Bacteroidales;f__Prevotellaceae;g__Paraprevotella;s__Paraprevotella_xylaniphila	k__Bacteria;p__Firmicutes;c__Clostridia;o__Clostridiales;f__Ruminococcaceae;g__Ruminococcus;s__Ruminococcus_callidus	k__Bacteria;p__Bacteroidetes;c__Bacteroidia;o__Bacteroidales;f__Rikenellaceae;g__Alistipes;s__Alistipes_senegalensis	k__Bacteria;p__Firmicutes;c__Clostridia;o__Clostridiales;f__Lachnospiraceae;g__Blautia;s__Blautia_sp._KLE_1732	k__Bacteria;p__Bacteroidetes;c__Bacteroidia;o__Bacteroidales;f__Bacteroidaceae;g__Bacteroides;s__Bacteroides_oleiciplenus	k__Bacteria;p__Firmicutes;c__Clostridia;o__Clostridiales;f__Ruminococcaceae;g__Ruminococcus;s__Ruminococcus_bicirculans	k__Bacteria;p__Bacteroidetes;c__Bacteroidia;o__Bacteroidales;f__Bacteroidaceae;g__Bacteroides;s__Bacteroides_fluxus	k__Bacteria;p__Bacteroidetes;c__Bacteroidia;o__Bacteroidales;f__Prevotellaceae;g__Prevotella;s__Prevotella_stercorea	k__Bacteria;p__Firmicutes;c__Clostridia;o__Clostridiales;f__Lachnospiraceae;g__Dorea;s__Dorea_longicatena	k__Bacteria;p__Firmicutes;c__Clostridia;o__Clostridiales;f__Eubacteriaceae;g__Eubacterium;s__[Eubacterium]_eligens	k__Bacteria;p__Firmicutes;c__Clostridia;o__Clostridiales;f__Ruminococcaceae;g__;s__Ruminococcaceae_bacterium_D16	k__Bacteria;p__Firmicutes;c__Clostridia;o__Clostridiales;f__Lachnospiraceae;g__Coprococcus;s__Coprococcus_comes	k__Bacteria;p__Proteobacteria;c__Gammaproteobacteria;o__Enterobacterales;f__Enterobacteriaceae;g__Escherichia;s__Escherichia_coli	k__Bacteria;p__Firmicutes;c__Clostridia;o__Clostridiales;f__Ruminococcaceae;g__Anaerotruncus;s__Anaerotruncus_colihominis	k__Bacteria;p__Firmicutes;c__Clostridia;o__Clostridiales;f__Lachnospiraceae;g__Blautia;s__Blautia_obeum	k__Bacteria;p__Bacteroidetes;c__Bacteroidia;o__Bacteroidales;f__Odoribacteraceae;g__Odoribacter;s__Odoribacter_laneus	k__Bacteria;p__Firmicutes;c__Clostridia;o__Clostridiales;f__Ruminococcaceae;g__Ruminiclostridium;s__[Clostridium]_leptum	k__Bacteria;p__Bacteroidetes;c__Bacteroidia;o__Bacteroidales;f__Porphyromonadaceae;g__Parabacteroides;s__Parabacteroides_goldsteinii	k__Bacteria;p__Firmicutes;c__Clostridia;o__Clostridiales;f__Lachnospiraceae;g__Anaerostipes;s__Anaerostipes_hadrus	k__Bacteria;p__Firmicutes;c__Clostridia;o__Clostridiales;f__Ruminococcaceae;g__Ruminococcus;s__Ruminococcus_lactaris	k__Bacteria;p__Firmicutes;c__Clostridia;o__Clostridiales;f__Clostridiaceae;g__Clostridium;s__Clostridium_sp._L2-50	k__Bacteria;p__Firmicutes;c__Clostridia;o__Clostridiales;f__Clostridiaceae;g__Clostridium;s__Clostridium_sp._M62/1	k__Bacteria;p__Firmicutes;c__Clostridia;o__Clostridiales;f__;g__Intestinimonas;s__Intestinimonas_butyriciproducens	k__Bacteria;p__Actinobacteria;c__Actinobacteria;o__Bifidobacteriales;f__Bifidobacteriaceae;g__Bifidobacterium;s__Bifidobacterium_bifidum	k__Bacteria;p__Firmicutes;c__Negativicutes;o__Veillonellales;f__Veillonellaceae;g__Dialister;s__Dialister_invisus	k__Bacteria;p__Bacteroidetes;c__Bacteroidia;o__Bacteroidales;f__Bacteroidaceae;g__Bacteroides;s__Bacteroides_salanitronis
k__Bacteria;p__Bacteroidetes;c__Bacteroidia;o__Bacteroidales;f__Bacteroidaceae;g__Bacteroides;s__Bacteroides_vulgatus	1.0	-0.0594884636819	0.0199591556479	0.0114854935893	-0.0239951693204	-0.0779176410657	-0.0852279919002	0.0397353015854	-0.0717287890239	-0.00441738811246	0.0438041265838	-0.0455330800549	0.0106257556453	0.0408282368487	0.0171579452963	-0.0525821111846	-0.0325721143004	-0.00390237373857	-0.000552521807073	-0.00369760546038	-0.0414032251431	0.0231848558615	-0.00226219064913	0.0300994667691	0.00209224274295	-0.0163916563193	0.0291355361204	0.00581907308663	-0.0240204429736	0.00269701946783	-0.0626786699864	-0.0408174286967	-0.10698662498	-0.0328213892725	0.0151320937103	-0.0244751781444	-0.00473440117973	0.0179694081933	0.0498540261098	-0.0286116239554	-0.088036082947	0.0148062788423	0.0293622369612	0.0295126496216	0.0226120709973	-0.00535830399123	-0.0407176167796	-0.0310808441811	0.0101068577811	-0.00454010048995	0.0352021064175	-0.0598631555505	-0.010892342893	0.0113890895396	0.00727948087994	-0.051705650299	0.00274469397118	0.065372311804	0.0259908828828
k__Bacteria;p__Bacteroidetes;c__Bacteroidia;o__Bacteroidales;f__Bacteroidaceae;g__Bacteroides;s__Bacteroides_uniformis	-0.0594884636819	1.0	-0.0416800068105	0.0117115753542	-0.00347610682146	0.00946840540715	0.0090546677371	-0.0113178486078	0.00458636625397	-0.029068915534	-0.0520761247606	0.0499679845547	0.0487756219901	-0.00801782920241	-0.0158644028368	-0.0126115442777	0.0670018750439	-0.0357051786056	-0.028533685555	-0.0245643800177	0.00808144260688	0.0216344982833	0.0740726795311	-0.0528485897767	-0.00331121277623	-0.0492509067451	0.011909502511	-0.0244979806102	0.0015459465859	-0.0288180119802	-0.00311323830065	-0.00100255219793	-0.00307796582737	-0.0938943124402	-0.109081795427	0.0266107113653	-0.0320589980672	0.00802077304444	0.0131100911386	-0.0227579272469	-0.0658394703568	0.00262629974074	-0.00526776045234	-0.0513924392959	-0.0344167266996	0.0348809999593	0.00865244973215	0.0177019697649	0.0239657157357	0.0439093041344	0.0326838978786	-0.0670808447546	-0.0433890204782	-0.0260327195942	-0.0463530671538	-0.0174626055896	-0.00284829979712	0.0389913223124	-0.0274668410874
k__Bacteria;p__Bacteroidetes;c__Bacteroidia;o__Bacteroidales;f__Rikenellaceae;g__Alistipes;s__Alistipes_putredinis	0.0199591556479	-0.0416800068105	1.0	0.0251252844854	-0.0755819043181	-0.0169922188135	-0.0233186997464	-0.00093405745625	-0.00724258475872	0.00277083517572	-0.0222235261582	0.0145264528485	0.098370184147	-0.0580978779894	0.0675458689599	-0.00623496620654	0.0819212172342	-0.030817623942	0.0181792938436	0.0339966131972	-0.00442369666531	0.0267990346808	-0.02766475108	0.0367040929645	-0.00257479182679	-0.052263256715	0.00264851849163	0.00512504163955	-0.0717028165266	0.00519935618095	0.00680267923977	-0.0957463093237	-0.011772065084	0.0364040198771	-0.0201685777961	0.0305292628719	-0.0495044978548	-0.0640469271382	0.0567709467932	0.0502528520767	-0.00413627807124	-0.043279893237	-0.0150387160496	-0.00770830388342	-0.0761427342315	-0.0623289334134	0.0399281057039	0.00753782381928	0.0395111981467	0.0308970835082	0.0125703524125	0.019345407715	-0.00684043301319	0.000216239351625	-0.0238920317751	-0.035711304887	-0.0234878612212	-0.0256137668829	-0.0109518948894
k__Bacteria;p__Bacteroidetes;c__Bacteroidia;o__Bacteroidales;f__Prevotellaceae;g__Prevotella;s__Prevotella_copri	0.0114854935893	0.0117115753542	0.0251252844854	1.0	-0.024691452926	-0.0315640094152	-0.028123844981	-0.0350080831153	-0.0289283673015	0.0415092854986	-0.0864051457542	-0.0465247917561	0.0307993800048	0.0588436074532	0.0346232753451	-0.0116542444943	-0.00927001294401	-0.0383440960617	0.0118090646797	-0.045786679851	0.000782603140373	-0.0494399418894	-0.0361010083109	0.031030573909	-0.0424091454318	-0.0203311919498	-0.0678994726558	0.00903211994031	0.0202788303533	-0.0438819670795	-0.0101719264084	0.0180732416064	-0.0407524878806	-0.041330133068	-0.0259726181067	0.0372128435698	-0.0271253407685	0.00904633128717	-0.0217144182536	0.0633758950259	-0.0647795163726	0.0243650220846	-0.0173665677471	-0.00156820085744	-0.0488432567507	-0.0112696250298	-0.0422351151038	-0.00281935909891	-0.00716265916684	-0.00435896245438	0.0685040770402	0.00687835746994	0.0605860043295	0.00442838358414	0.0292277342863	-0.0106647020195	-0.00631714475711	-0.0514997869961	-0.0479039601708
k__Bacteria;p__Bacteroidetes;c__Bacteroidia;o__Bacteroidales;f__Bacteroidaceae;g__Bacteroides;s__Bacteroides_stercoris	-0.0239951693204	-0.00347610682146	-0.0755819043181	-0.024691452926	1.0	-0.0629072346047	-0.00763039066595	0.00933167057845	0.0295041510593	0.0292882494078	0.0131262999167	-0.105558072758	0.00675741441828	-0.0407895713698	-0.0292751555614	0.00315543609182	0.0615639510122	0.0410371792288	0.00673032761655	0.0160700181484	0.0366604608754	-0.0183415266164	0.00182229445268	0.0294772366067	-0.0590484521551	-0.00325575642655	-0.00907250858028	0.0176923458871	0.0194818858796	0.0236369521197	0.00789515539673	-0.060603503518	-0.00219326355583	-0.0242442569861	0.0655234786949	-0.0331228684185	-0.091012851447	0.0296945666861	0.0997093214617	-0.0304684890419	0.0125941246347	0.014948840749	0.00596953674076	0.0714907458737	-0.0149868816548	0.0146827857925	-0.0051659955276	-0.0555355035274	-0.00418183092314	0.0377491139169	-0.0110913104003	-0.0285147679444	0.0127120419016	-0.00527674184067	-0.0157042958052	-0.00649628654126	-0.0400020648511	-0.0116948357164	-0.00523040043993
k__Bacteria;p__Bacteroidetes;c__Bacteroidia;o__Bacteroidales;f__Bacteroidaceae;g__Bacteroides;s__Bacteroides_ovatus	-0.0779176410657	0.00946840540715	-0.0169922188135	-0.0315640094152	-0.0629072346047	1.0	-0.0017209675096	-0.0503202889313	-0.00143621640733	-0.060550754715	-0.0568391108103	-0.0420353398855	0.0305571012078	0.0421937947569	-0.00663128560038	0.00655928542583	0.0206292985693	-0.0237694076414	-0.0147944863904	-0.0216021239225	-0.00404317655858	-0.0449862712405	0.00830467484148	-0.0130538192135	0.00994196434812	-0.0575438620552	-0.0183972137957	0.0137177253501	0.0229848374672	-0.0160278951801	0.00810352647298	-0.0310007535324	-0.0284171007739	0.0262721615404	-0.0339399844951	-0.0218719498049	0.00474877563792	0.0305999893291	-0.0155302775839	0.0458559499351	-0.0504568271366	-0.00808903575747	-0.00533884287461	-0.0365096551819	0.00387261021901	-0.0174453769294	-0.042319664103	-0.0263128504168	0.0308240729857	0.0530286511751	-0.00607266362549	0.00957000549474	-0.0374390884855	0.00879760847103	-0.00148817721654	0.0229548623101	-0.036867140845	-0.00271140741766	0.0292511080017
k__Bacteria;p__Bacteroidetes;c__Bacteroidia;o__Bacteroidales;f__Rikenellaceae;g__Alistipes;s__Alistipes_shahii	-0.0852279919002	0.0090546677371	-0.0233186997464	-0.028123844981	-0.00763039066595	-0.0017209675096	1.0	-0.0542150315944	-0.00207055644233	-0.00370290023606	-0.00851138056363	0.00582814873329	0.0217618223433	-0.0234079036936	0.0287060342078	-0.0695813194746	-0.0215799996817	0.00636619966419	-0.0252286650166	0.0161386356087	-0.0261095105589	-0.0337942355968	-8.71646701083e-05	-0.0270728609389	-0.0073432562024	-0.0188980595657	-0.010247769271	-0.0234646153094	0.0542890337328	-0.0308383035474	-0.00671924299691	0.0116333152032	-0.00403231591878	-0.0323206290966	0.00355881301373	-0.0327575809196	0.0209163828332	-0.04740698873	0.00428248141932	0.0199298020445	-0.00320689720903	-0.00696549838812	0.0726179963991	-0.0407297834323	-0.0098226208846	-0.0498142849682	-0.00544052227598	-0.0374450441276	-0.0452129030121	-0.042188594036	-0.0386339580996	-0.0226302249392	-0.0268603345151	-0.0271991070754	0.0117760789461	0.0159234733025	-0.0233418042994	-0.00499211416918	-0.00065381899378
k__Bacteria;p__Firmicutes;c__Clostridia;o__Clostridiales;f__Ruminococcaceae;g__Faecalibacterium;s__Faecalibacterium_prausnitzii	0.0397353015854	-0.0113178486078	-0.00093405745625	-0.0350080831153	0.00933167057845	-0.0503202889313	-0.0542150315944	1.0	-0.00627022879464	-0.0060310559939	0.00323950568224	0.00245123250628	0.0206932482283	0.0137097831349	0.0769134470079	0.0271484471319	0.0387634944051	-0.0556550426677	0.0104298982989	-0.0725161201772	0.00909723298029	0.0190978661944	0.0274812789043	-0.0210469016736	-0.00124423069953	0.0046738705365	-0.0180178015173	0.0107780345611	-0.0303586213406	-0.0149828176852	-0.00966823260841	-0.00539032527006	0.0152705201749	-0.0339963121992	-0.0113363519994	0.020964717537	-0.0508303951767	0.00459370085323	0.0552345006759	0.00575570713305	0.000321436271338	0.0315703093922	0.0441089357844	-0.0420287674135	-0.0206964618355	0.0080086273007	-0.0846535161114	-0.0189928135685	-0.00609053145465	-0.0203052341118	-0.0604731002609	-0.0200320121335	-0.0188512085908	0.0318835268381	-0.0400522269157	0.0021101155376	0.0414744609943	0.0114724001436	0.0241796189722
k__Bacteria;p__Bacteroidetes;c__Bacteroidia;o__Bacteroidales;f__Rikenellaceae;g__Alistipes;s__Alistipes_finegoldii	-0.0717287890239	0.00458636625397	-0.00724258475872	-0.0289283673015	0.0295041510593	-0.00143621640733	-0.00207055644233	-0.00627022879464	1.0	-0.000847425318402	0.0355020509078	0.0150551620029	-0.00245165944358	-0.0353632471503	-0.00692602004195	0.0551299330317	0.00100860343059	-0.0322226642195	-0.00270752617341	0.0154500552809	0.0254127617672	0.0683355081186	-0.0395864089704	-0.0117102123458	-0.00128934157364	0.00416206091758	0.00970642614302	0.00692547297721	-0.0349084719789	-0.0710478390043	0.0235361026175	-0.0301939197089	0.0158533901797	0.00432741703354	-0.00940377121694	0.0107559639654	0.00451445855515	0.0476467250328	0.0218057420467	0.00633189916484	-0.040779291075	-0.0545690874443	-0.0168653864573	0.014991065299	0.0132996655154	-0.0537862689601	-0.00341371636126	-0.108920130199	0.0221570310311	-0.0210524015965	0.0406994696771	-0.0729893634283	-0.0504358596128	-0.0722986140551	0.0682926475542	0.0323593052543	-0.0608015864052	0.0384865197022	0.0234467946406
k__Bacteria;p__Bacteroidetes;c__Bacteroidia;o__Bacteroidales;f__Porphyromonadaceae;g__Parabacteroides;s__Parabacteroides_distasonis	-0.00441738811246	-0.029068915534	0.00277083517572	0.0415092854986	0.0292882494078	-0.060550754715	-0.00370290023606	-0.0060310559939	-0.000847425318402	1.0	-0.0452530084151	-0.0150377847271	-0.00331494500821	-0.000398716100022	-0.0544785784038	0.000256530485068	-0.00849457425199	-0.0300035111929	0.0621420300167	-0.100047229581	-0.0119195623612	-0.0508129799524	0.0508242449102	0.0475013222384	-0.0353395751011	-0.0401123894934	-0.00448327259107	0.0164112531951	0.0236736745609	0.00603249442518	0.0597828429837	-0.0482794869149	-0.0381887180482	-0.0122113272816	-0.0451756407099	0.0440963702889	-0.0451763124265	-0.0259173337366	-0.0350918744379	-0.0525648225925	0.0281756619512	-0.0297887913939	-0.0474171464595	-0.00265691094111	0.00637123706699	-0.019390450061	0.0511854884531	0.0333903646841	-0.020946239752	-5.28898930424e-05	0.0335868744237	-0.00407105599569	0.0125366894348	-0.0108347852306	-0.0453987183591	0.0198449876224	-0.0410518160922	-0.0729204555913	-0.0420332755102
k__Bacteria;p__Bacteroidetes;c__Bacteroidia;o__Bacteroidales;f__Bacteroidaceae;g__Bacteroides;s__Bacteroides_thetaiotaomicron	0.0438041265838	-0.0520761247606	-0.0222235261582	-0.0864051457542	0.0131262999167	-0.0568391108103	-0.00851138056363	0.00323950568224	0.0355020509078	-0.0452530084151	1.0	-0.0472336705594	-0.0185032472876	-0.0176955728967	-0.00585714752943	0.0217933706688	-0.031037109967	-0.0257025143487	-0.0293399109383	-0.0100862807193	-0.0248115779107	-0.0541219515747	-0.0209268921956	0.0299690897912	-0.0733163986971	-0.0156636416018	-0.0108098571057	0.111478053042	0.00147959629368	-0.0321267938805	-3.5547573352e-06	-0.0196494114578	0.0145901603292	0.00947390976591	-0.0789777782755	0.001063882792	0.0115044666274	0.000289802197177	0.00254582237352	-0.00119686170692	-0.0229879032453	-0.0427463635103	-0.0260555917822	0.0217745322357	0.0811405544672	0.0264559757081	0.00448409048935	-0.0357004990974	0.0448512649279	-0.00513225721508	-0.0285593949138	0.00487275508775	-0.0134916170471	0.0253947625258	-0.0213788841033	-0.00718097791008	0.0342458625915	0.00708072477997	-0.0367067863866
k__Bacteria;p__Bacteroidetes;c__Bacteroidia;o__Bacteroidales;f__Bacteroidaceae;g__Bacteroides;s__Bacteroides_coprocola	-0.0455330800549	0.0499679845547	0.0145264528485	-0.0465247917561	-0.105558072758	-0.0420353398855	0.00582814873329	0.00245123250628	0.0150551620029	-0.0150377847271	-0.0472336705594	1.0	0.0529146304095	0.0350779232536	0.0096361639563	-0.0462490777379	-0.0148369048591	0.0565067267469	0.00608660872984	-0.103350377413	-0.0207627163438	-0.0133737782479	-0.0304757625422	-0.00819012156998	0.0266141188017	-0.0315738782762	-0.0449500963247	0.042249189369	-0.0214659750067	0.025777148882	0.0123307442042	0.0390792597333	-0.00590405201183	-0.0276849700665	-0.0930065130421	-0.0136224527716	0.0517722097543	-0.0195466940274	0.0168939513646	-0.00283986817889	-0.0546096113745	0.00217195498603	0.0382583025304	-0.00229911568024	0.00608767592845	0.00804530002215	0.0654782386991	0.0912165488826	0.0164530883187	-0.0552048936555	0.00575395061925	-0.00173213434732	-0.0314648915694	-0.0129110077632	0.0133113047259	-0.00687714639507	0.00991407489313	0.0224287507869	0.0466433236603
k__Bacteria;p__Bacteroidetes;c__Bacteroidia;o__Bacteroidales;f__Bacteroidaceae;g__Bacteroides;s__Bacteroides_cellulosilyticus	0.0106257556453	0.0487756219901	0.098370184147	0.0307993800048	0.00675741441828	0.0305571012078	0.0217618223433	0.0206932482283	-0.00245165944358	-0.00331494500821	-0.0185032472876	0.0529146304095	1.0	0.00239621185444	0.000866429766043	-0.0236726011371	0.00933995189439	-0.0437797462959	-0.0162542108599	-0.0509797679497	0.0177779683345	-0.0360072904761	-0.0473834316796	-0.0247328616472	-0.0415090232885	-0.0200019099209	0.00689669648335	-0.0549658704731	0.0283114759333	-0.0606438843433	0.00180530207531	0.031425929319	-0.0347963872804	0.00922399060393	-0.0887576640588	0.00620056425096	-0.0296954860526	-0.0503193277704	-0.0285110724709	-0.00560374037621	0.0109368289565	0.0455912222483	-0.0497580763788	-0.0252097344203	0.0141205678489	-0.0765482083596	-0.0663259392301	-0.0473923031974	0.0137955176676	-0.0441798130927	-0.0170997933002	0.028475911627	0.0281822719587	-0.0314029485412	-0.0536417723931	-0.0220775204859	-0.0171537406602	0.0291345068951	-0.0286248270304
k__Bacteria;p__Bacteroidetes;c__Bacteroidia;o__Bacteroidales;f__Rikenellaceae;g__Alistipes;s__Alistipes_obesi	0.0408282368487	-0.00801782920241	-0.0580978779894	0.0588436074532	-0.0407895713698	0.0421937947569	-0.0234079036936	0.0137097831349	-0.0353632471503	-0.000398716100022	-0.0176955728967	0.0350779232536	0.00239621185444	1.0	-0.0701615437116	-0.0998799226035	0.0170033026169	-0.0470046784747	0.00874516000145	-0.0166531867199	0.0608472124347	-0.0221645948458	-0.0292930027381	-0.0588383608366	-0.0211505198178	-0.0384641393381	-0.0145664064648	0.00225239371279	0.0221726192255	0.00878685225995	-0.0703912875566	-0.00275274285369	0.0454030756677	-0.0216781743729	0.0100554269164	-0.041294650934	-0.0269472055308	-0.00234075243139	-0.0106777885977	-0.0360137740478	0.0192687471196	0.00344819379411	-0.0356218183484	0.0326732712218	0.0260002975966	-0.00333113497495	-0.0041193748835	-0.100787182946	0.00584750953859	0.0746834330873	0.00793968562517	-0.0374518858208	-0.010490964212	-0.0492809723824	0.0125285542849	0.000397470044772	-0.0343620790786	-0.0241393922131	-0.0270825631752
k__Bacteria;p__Firmicutes;c__Clostridia;o__Clostridiales;f__Lachnospiraceae;g__;s__[Eubacterium]_rectale	0.0171579452963	-0.0158644028368	0.0675458689599	0.0346232753451	-0.0292751555614	-0.00663128560038	0.0287060342078	0.0769134470079	-0.00692602004195	-0.0544785784038	-0.00585714752943	0.0096361639563	0.000866429766043	-0.0701615437116	1.0	-0.0319901477018	0.0250285512852	-0.0138412822169	-0.00862529012229	-0.0151087560375	-0.0133904607931	-0.0355374343522	-0.056184336828	-0.020185718314	0.0641354167074	-0.0168480484044	-0.0436303235893	5.13407269871e-05	0.032505387631	-0.0128397535033	0.0273345373364	0.0134773376324	-0.0310663229651	-0.0141830779675	-0.0815463493051	-0.063786755148	0.00336188792379	0.0204445980094	0.00192535896586	0.0116535784753	0.0442671478481	-0.0433053891706	0.0210851974927	0.0497544614535	0.0207555879308	-0.0475888369814	-0.0793325226978	-0.0159372673529	-0.0214545039417	0.0127498015157	-0.0275780949715	-0.0303914296948	0.0399828310191	0.0864724324864	0.0203792478574	-0.0240816867612	-0.0334996971166	-0.0642963348538	0.00777371829628
k__Bacteria;p__Bacteroidetes;c__Bacteroidia;o__Bacteroidales;f__Bacteroidaceae;g__Bacteroides;s__Bacteroides_plebeius	-0.0525821111846	-0.0126115442777	-0.00623496620654	-0.0116542444943	0.00315543609182	0.00655928542583	-0.0695813194746	0.0271484471319	0.0551299330317	0.000256530485068	0.0217933706688	-0.0462490777379	-0.0236726011371	-0.0998799226035	-0.0319901477018	1.0	0.0225329277826	-0.00317215843784	0.00858531496545	0.046529576367	-0.0176699368797	0.013971963922	0.0336356670636	-0.00134755895852	-0.0368412643753	-0.00564254484598	0.0115659226813	-0.0487398919998	-0.0110859022287	-0.0117228960449	-0.0108135587598	0.0176900823243	0.0255912560533	0.0805793170932	-0.0519721552597	0.0123133377741	-0.0118034253814	-0.0456692416577	-0.00227619152593	0.016246039067	-0.0277474568729	-0.0454774456934	-0.0136150759306	0.0236531060709	-0.0140894262035	0.00101363339017	-0.010226016442	0.0348541452437	0.0137726567538	0.00892928444168	-0.0398382833734	0.0236172416234	-0.0183200973868	-0.056399590522	-0.0638967474263	-0.0305353851099	-0.0248652675888	-0.00458863862925	0.0632712268839
k__Bacteria;p__Bacteroidetes;c__Bacteroidia;o__Bacteroidales;f__Bacteroidaceae;g__Bacteroides;s__Bacteroides_fragilis	-0.0325721143004	0.0670018750439	0.0819212172342	-0.00927001294401	0.0615639510122	0.0206292985693	-0.0215799996817	0.0387634944051	0.00100860343059	-0.00849457425199	-0.031037109967	-0.0148369048591	0.00933995189439	0.0170033026169	0.0250285512852	0.0225329277826	1.0	-0.0321458485598	0.0109364163077	0.0200487567394	-0.0454216211521	-0.0617813001272	-0.0197258027724	-0.0249262261569	0.0208316884091	0.0493811480645	-0.00134279243152	-0.00103742811562	-0.0202438515213	-0.0124454972032	-0.00449443310572	0.0160936517042	-0.014826896287	-0.0162861601332	0.0211585276275	-0.0773947063735	-0.00278968544327	0.0313174246803	0.00358822606406	0.0485296711215	-0.0247873333366	0.0250655286597	0.0227867489873	0.0256790165434	-0.0842608524262	-0.0241037428299	-0.0219186111243	-0.015022237098	-0.0276746434778	0.0668412887322	0.0332740336981	0.0250427515142	-0.00838121197011	0.00111245723508	-0.0199150083065	-0.0897538720253	-0.017179135559	0.0388283656793	0.000511581496197
k__Bacteria;p__Proteobacteria;c__Betaproteobacteria;o__Burkholderiales;f__Sutterellaceae;g__Sutterella;s__Sutterella_wadsworthensis	-0.00390237373857	-0.0357051786056	-0.030817623942	-0.0383440960617	0.0410371792288	-0.0237694076414	0.00636619966419	-0.0556550426677	-0.0322226642195	-0.0300035111929	-0.0257025143487	0.0565067267469	-0.0437797462959	-0.0470046784747	-0.0138412822169	-0.00317215843784	-0.0321458485598	1.0	-0.00606736944669	-0.0066448785544	-0.0376147091319	-0.02636477674	-0.0699761565956	0.0283183798009	-0.0049140141065	0.0399429897033	-0.0320169482719	0.029678853828	0.0156538370153	-0.0718863402452	-0.0297398714322	0.00255574839671	-0.011619273691	-0.0227694569434	-0.0158743105282	0.00953180449612	0.0149924013742	-0.0263408644193	0.0659421954938	0.0405569361648	0.0432840633946	0.0139811975758	0.0146126882368	0.0199535434497	0.0427457705814	-0.0469413719492	-0.0175746835313	-0.00491812975653	0.0197400710595	-0.0174951639719	0.0399207917874	-0.00247212615405	-0.0421556525529	-0.0341082124148	-0.0303285173705	0.0444642708331	-0.0374033608008	0.0174645824592	0.0177413102282
k__Bacteria;p__Bacteroidetes;c__Bacteroidia;o__Bacteroidales;f__Porphyromonadaceae;g__Barnesiella;s__Barnesiella_intestinihominis	-0.000552521807073	-0.028533685555	0.0181792938436	0.0118090646797	0.00673032761655	-0.0147944863904	-0.0252286650166	0.0104298982989	-0.00270752617341	0.0621420300167	-0.0293399109383	0.00608660872984	-0.0162542108599	0.00874516000145	-0.00862529012229	0.00858531496545	0.0109364163077	-0.00606736944669	1.0	-0.0517204131724	-0.0422346672486	-0.0648225368049	-0.0100922030097	0.00609138312327	-0.056507380548	0.0228211635703	0.0152502462042	-0.0336576098732	-0.00270104584599	-0.0532993725616	0.00859896803852	-0.0210411057929	-0.0207886597394	0.0102547292271	-0.0315033176386	-0.019256844854	-0.059201982402	0.0152749448648	-0.0171616022155	-0.0347647171696	-0.00959018280409	0.0146168960065	0.0699066489262	0.012561863485	-0.0487578634912	-0.00842701079912	0.0123512574619	-0.0101514060002	-0.0269437951146	-0.0593839124905	-0.0220060355699	-0.0104625409977	-0.00851331188964	-0.00365157270941	-0.0147220040482	-0.0852405110421	0.0273886847253	-0.0202772922156	-0.000127123660327
k__Bacteria;p__Bacteroidetes;c__Bacteroidia;o__Bacteroidales;f__Odoribacteraceae;g__Odoribacter;s__Odoribacter_splanchnicus	-0.00369760546038	-0.0245643800177	0.0339966131972	-0.045786679851	0.0160700181484	-0.0216021239225	0.0161386356087	-0.0725161201772	0.0154500552809	-0.100047229581	-0.0100862807193	-0.103350377413	-0.0509797679497	-0.0166531867199	-0.0151087560375	0.046529576367	0.0200487567394	-0.0066448785544	-0.0517204131724	1.0	-0.00823870038538	0.0171830430002	-0.0714589340773	-0.0262819121044	0.0379584197543	0.0466034016179	-0.115081965748	-0.00860058341066	0.0568195855886	-0.00801470844471	-0.0325482509264	0.0499545379614	-0.0406216472699	0.00133023907009	-0.0333612675108	0.0108489000887	0.0446067343725	-0.0292251408966	0.0119970504323	-0.0472595628701	0.0277594505083	-0.043912886084	-0.0351341372826	-0.0553735415696	0.015975843862	-0.01965404407	-0.0153431633246	-0.0451994330751	0.0378170940378	0.043170202792	-0.00390741354128	-0.00722807723559	0.042612255921	-0.011745164017	-0.0157663799667	-0.0150732621625	-0.00102913004175	0.0140752524018	-0.030534398607
k__Bacteria;p__Bacteroidetes;c__Bacteroidia;o__Bacteroidales;f__Bacteroidaceae;g__Bacteroides;s__Bacteroides_salyersiae	-0.0414032251431	0.00808144260688	-0.00442369666531	0.000782603140373	0.0366604608754	-0.00404317655858	-0.0261095105589	0.00909723298029	0.0254127617672	-0.0119195623612	-0.0248115779107	-0.0207627163438	0.0177779683345	0.0608472124347	-0.0133904607931	-0.0176699368797	-0.0454216211521	-0.0376147091319	-0.0422346672486	-0.00823870038538	1.0	-0.0198994274599	-0.0460717498695	0.035228401305	-0.0107114429414	-0.0640540760826	0.0063615992275	0.0436028054566	-0.0711008934095	-0.0125868406782	-0.0550315092538	0.00173034943517	0.0167367480021	-0.0131668703533	-0.0180930820862	-0.00803541693312	0.0396093594998	-0.0219296841533	-0.00884589995599	0.00690604583164	-0.0244313144888	-0.0400393724063	-0.0148275449059	-0.0525680680057	-0.0182007066432	-0.0790718437742	-0.0205480603868	-0.0303584632805	-0.0285017275944	0.0783390275728	0.0124228091365	0.0587992948599	0.0301543963403	0.014546224099	-0.0271642042281	-0.0178048728992	-0.00176756685532	-0.00736272974426	-0.0351830546445
k__Bacteria;p__Firmicutes;c__Clostridia;o__Clostridiales;f__Ruminococcaceae;g__Ruminiclostridium;s__[Eubacterium]_siraeum	0.0231848558615	0.0216344982833	0.0267990346808	-0.0494399418894	-0.0183415266164	-0.0449862712405	-0.0337942355968	0.0190978661944	0.0683355081186	-0.0508129799524	-0.0541219515747	-0.0133737782479	-0.0360072904761	-0.0221645948458	-0.0355374343522	0.013971963922	-0.0617813001272	-0.02636477674	-0.0648225368049	0.0171830430002	-0.0198994274599	1.0	-0.00676205423601	-0.0599526470896	0.0118260940556	0.00504188098056	0.00727391015848	-0.0164127159507	1.6611978868e-05	0.0578366955796	-0.00748884803998	-0.0249016351343	0.0121306301458	0.0382673662132	-0.0206915961332	0.0214337573896	0.0199580615101	0.0122935992023	0.021800105444	-0.00468885465959	-0.0373604388241	-0.0192993407616	0.030855903658	-0.0368830199133	0.0167627549863	-0.0265311179417	-0.0336973745924	0.00632022847104	-0.0185647879996	0.0519763744661	-0.0423549072496	-0.0318160330462	-0.0210689776597	-0.0566989014017	0.00984065415076	0.02450712305	-0.0542931034774	-0.0117020635892	0.0205554242745
k__Bacteria;p__Proteobacteria;c__Betaproteobacteria;o__Burkholderiales;f__Sutterellaceae;g__Parasutterella;s__Parasutterella_excrementihominis	-0.00226219064913	0.0740726795311	-0.02766475108	-0.0361010083109	0.00182229445268	0.00830467484148	-8.71646701085e-05	0.0274812789043	-0.0395864089704	0.0508242449102	-0.0209268921956	-0.0304757625422	-0.0473834316796	-0.0292930027381	-0.056184336828	0.0336356670636	-0.0197258027724	-0.0699761565956	-0.0100922030097	-0.0714589340773	-0.0460717498695	-0.00676205423601	1.0	-0.00109596031887	0.0264729461959	-0.0478382373332	0.0402252407476	-0.0229926418311	-0.0413968746808	0.00816382246378	-0.00881718975013	-0.0468059822761	0.010175534731	0.0270935188286	-0.0363083135267	0.0106202382734	-0.0196150715248	0.021014741218	0.0341935787669	0.0122251749702	0.0127687291909	0.0152683541108	0.0160705043691	-0.0535922997135	0.0212972951499	-0.0228389589281	0.0314155039262	0.00369328140569	-0.0125983254161	-0.0175621105457	-0.0354363127081	-0.0359057908357	-0.0290895285218	0.0236107142199	-0.0150380799777	-0.0133140689517	0.0301878613932	0.0294472223014	0.0201357046657
k__Bacteria;p__Actinobacteria;c__Actinobacteria;o__Bifidobacteriales;f__Bifidobacteriaceae;g__Bifidobacterium;s__Bifidobacterium_adolescentis	0.0300994667691	-0.0528485897767	0.0367040929645	0.031030573909	0.0294772366067	-0.0130538192135	-0.0270728609389	-0.0210469016736	-0.0117102123458	0.0475013222384	0.0299690897912	-0.00819012156998	-0.0247328616472	-0.0588383608366	-0.020185718314	-0.00134755895852	-0.0249262261569	0.0283183798009	0.00609138312327	-0.0262819121044	0.035228401305	-0.0599526470896	-0.00109596031887	1.0	-0.0307931438517	0.0349646320663	-0.0514309691565	-0.0220918442672	-0.0236055393599	-0.0297738600239	-0.038351222981	-0.0263953556543	0.0225838340746	0.0132093599192	-0.0807796956419	-0.0081092036052	-0.0999634506193	0.0498365867766	-0.0428001394612	-0.0347879102883	0.0203156551989	-0.0387176776106	-0.0318644404388	0.0405126357	0.0421421782597	-0.0126979386805	0.00931614118544	-0.0537615266561	0.0819820961522	-0.00653761806499	-0.0135899315574	0.00931046862182	-0.0373269521997	0.0632322064182	-7.13072490452e-06	-0.0531390289835	-0.0147099906068	-0.031426944746	0.0217841144134
k__Bacteria;p__Firmicutes;c__Clostridia;o__Clostridiales;f__Oscillospiraceae;g__Oscillibacter;s__Oscillibacter_sp._KLE_1745	0.00209224274295	-0.00331121277623	-0.00257479182679	-0.0424091454318	-0.0590484521551	0.00994196434812	-0.0073432562024	-0.00124423069953	-0.00128934157364	-0.0353395751011	-0.0733163986971	0.0266141188017	-0.0415090232885	-0.0211505198178	0.0641354167074	-0.0368412643753	0.0208316884091	-0.0049140141065	-0.056507380548	0.0379584197543	-0.0107114429414	0.0118260940556	0.0264729461959	-0.0307931438517	1.0	0.0447026834898	0.0216143189891	-0.0756459026328	-0.00333110115946	0.00359585781921	0.00893706110136	-0.00122846866831	-0.0308007533509	0.0586512119934	0.0147903634535	0.0329113952506	0.00662451549448	0.0120756073634	-0.108228646609	0.0334298525994	0.0140424209833	0.0129433892663	0.00547972770045	0.0389028880724	0.026909365633	-0.0387873354342	0.00218892779786	-0.0424703040061	-0.0192624231106	-0.0303207331911	0.0211127646413	-0.0478710246624	0.000501821974114	-0.0117874777259	-0.027970632458	-0.0181904625427	-0.0665715192612	-0.035239842149	0.00540534215655
k__Bacteria;p__Bacteroidetes;c__Bacteroidia;o__Bacteroidales;f__Bacteroidaceae;g__Bacteroides;s__Bacteroides_coprophilus	-0.0163916563193	-0.0492509067451	-0.052263256715	-0.0203311919498	-0.00325575642655	-0.0575438620552	-0.0188980595657	0.0046738705365	0.00416206091758	-0.0401123894934	-0.0156636416018	-0.0315738782762	-0.0200019099209	-0.0384641393381	-0.0168480484044	-0.00564254484598	0.0493811480645	0.0399429897033	0.0228211635703	0.0466034016179	-0.0640540760826	0.00504188098056	-0.0478382373332	0.0349646320663	0.0447026834898	1.0	0.0110736105416	-0.0119304325082	-0.0120632792812	0.0207902203683	0.0117226332329	-0.0306310735438	0.0194294344123	-0.0470891931732	-0.0145879043625	-0.0218650492589	-0.0208940358829	-0.0176047190794	-0.064571659558	-0.0464338484283	-0.00252282429055	-0.0729474858921	-0.0346780653479	-0.00197303885289	-0.0178280149261	0.00310280926385	-0.0184874909576	0.0316725439892	0.00990560897224	0.0135412893369	0.0103706615639	-0.00185169329224	-0.00137620678873	0.061970932421	0.039161423323	0.0848171430148	-0.00782835539614	-0.0280119169842	0.00514593895582
k__Bacteria;p__Firmicutes;c__Clostridia;o__Clostridiales;f__Lachnospiraceae;g__Roseburia;s__Roseburia_intestinalis	0.0291355361204	0.011909502511	0.00264851849163	-0.0678994726558	-0.00907250858028	-0.0183972137957	-0.010247769271	-0.0180178015173	0.00970642614302	-0.00448327259107	-0.0108098571057	-0.0449500963247	0.00689669648335	-0.0145664064648	-0.0436303235893	0.0115659226813	-0.00134279243152	-0.0320169482719	0.0152502462042	-0.115081965748	0.0063615992275	0.00727391015848	0.0402252407476	-0.0514309691565	0.0216143189891	0.0110736105416	1.0	-0.0342921963233	-0.0508340522393	0.0369308950498	0.048362079907	-0.0441318145162	-0.00408927317672	0.072575850162	-0.0501357925055	0.017211421093	0.0010295375208	0.0038758377442	-0.00532492083077	0.00849203416416	0.00550728369621	-0.0373935596154	0.0417330946261	-0.0462654194109	-0.0483610959726	0.014626663431	-0.00312569779016	-0.0174756057124	-0.0315793281627	0.0147853377976	0.0304632698579	0.0538754164666	-0.0225082398826	-0.0458282890117	0.0202512914744	0.0123368633873	-0.00916337259381	-0.0315438387489	-0.0011295475369
k__Bacteria;p__Firmicutes;c__Clostridia;o__Clostridiales;f__Lachnospiraceae;g__Roseburia;s__Roseburia_hominis	0.00581907308663	-0.0244979806102	0.00512504163955	0.00903211994031	0.0176923458871	0.0137177253501	-0.0234646153094	0.0107780345611	0.00692547297721	0.0164112531951	0.111478053042	0.042249189369	-0.0549658704731	0.00225239371279	5.1340726987e-05	-0.0487398919998	-0.00103742811562	0.029678853828	-0.0336576098732	-0.00860058341066	0.0436028054566	-0.0164127159507	-0.0229926418311	-0.0220918442672	-0.0756459026328	-0.0119304325082	-0.0342921963233	1.0	-0.0503586195064	0.0324245595947	-0.0727145585615	-0.0340928521785	-0.00213402071127	-0.0427268382993	0.0706026878584	-0.0425308661108	0.0087744978146	0.0506038037342	0.0105901653031	-0.0382161654983	-0.00548897414916	-0.00194954443393	0.0428012798869	-0.0559474287514	-0.0103683767302	0.0300961252655	-0.016906857092	0.00430904612013	-0.0534021107682	-0.0862247222053	-0.0663391512932	0.0187100869912	-0.0474577403932	0.0140181722963	0.059687382291	0.0217760840046	0.00626740943329	-0.0410136465755	-0.00401733375223
k__Bacteria;p__Bacteroidetes;c__Bacteroidia;o__Bacteroidales;f__Porphyromonadaceae;g__Parabacteroides;s__Parabacteroides_johnsonii	-0.0240204429736	0.0015459465859	-0.0717028165266	0.0202788303533	0.0194818858796	0.0229848374672	0.0542890337328	-0.0303586213406	-0.0349084719789	0.0236736745609	0.00147959629368	-0.0214659750067	0.0283114759333	0.0221726192255	0.032505387631	-0.0110859022287	-0.0202438515213	0.0156538370153	-0.00270104584599	0.0568195855886	-0.0711008934095	1.6611978868e-05	-0.0413968746808	-0.0236055393599	-0.00333110115946	-0.0120632792812	-0.0508340522393	-0.0503586195064	1.0	-0.112926229542	-0.0295291600879	-0.00417274846194	-0.047435618276	-0.0548598052271	0.0201177273369	0.013462432859	0.0541031658437	0.0242293162656	-0.00881386085732	-0.0184388238007	-0.0039265499711	0.0462314533613	-0.105051994106	0.0578692995395	-0.0323711047653	0.04004032043	-0.0365816762019	0.0214168643873	-0.036917015653	-0.00613036861543	0.0137651735994	-0.0130868954582	-0.0398544847309	-0.0121273450208	-0.028390590356	-0.00141796220897	-0.00497841424554	-0.0109708440321	-0.00435008987232
k__Bacteria;p__Actinobacteria;c__Actinobacteria;o__Bifidobacteriales;f__Bifidobacteriaceae;g__Bifidobacterium;s__Bifidobacterium_longum	0.00269701946783	-0.0288180119802	0.00519935618095	-0.0438819670795	0.0236369521197	-0.0160278951801	-0.0308383035474	-0.0149828176852	-0.0710478390043	0.00603249442518	-0.0321267938805	0.025777148882	-0.0606438843433	0.00878685225995	-0.0128397535033	-0.0117228960449	-0.0124454972032	-0.0718863402452	-0.0532993725616	-0.00801470844471	-0.0125868406782	0.0578366955796	0.00816382246378	-0.0297738600239	0.00359585781921	0.0207902203683	0.0369308950498	0.0324245595947	-0.112926229542	1.0	-0.00966542091989	-0.0255495498436	0.0747661722282	0.0103895339498	-0.000566665814303	-0.0495439405557	-0.0876490006454	0.036673815854	0.0348028943749	0.0629605752464	0.0445113742602	-0.0656710014172	0.0656688119066	-0.0303431974335	-0.0102388008084	0.0109783759534	0.0251847797928	0.00093906358643	0.0440593569735	-0.0265182249487	-0.0269235878788	-0.0242126526338	-0.0669305126592	-0.0168826858893	-0.0352161997418	0.0109245864563	0.0388163996096	-0.0264063899238	-0.00664765656703
