#taxonomy	k__Bacteria;p__Bacteroidetes;c__Bacteroidia;o__Bacteroidales;f__Bacteroidaceae;g__Bacteroides;s__Bacteroides_vulgatus	k__Bacteria;p__Bacteroidetes;c__Bacteroidia;o__Bacteroidales;f__Bacteroidaceae;g__Bacteroides;s__Bacteroides_uniformis	k__Bacteria;p__Bacteroidetes;c__Bacteroidia;o__Bacteroidales;f__Rikenellaceae;g__Alistipes;s__Alistipes_putredinis	k__Bacteria;p__Bacteroidetes;c__Bacteroidia;o__Bacteroidales;f__Prevotellaceae;g__Prevotella;s__Prevotella_copri	k__Bacteria;p__Bacteroidetes;c__Bacteroidia;o__Bacteroidales;f__Bacteroidaceae;g__Bacteroides;s__Bacteroides_stercoris	k__Bacteria;p__Bacteroidetes;c__Bacteroidia;o__Bacteroidales;f__Bacteroidaceae;g__Bacteroides;s__Bacteroides_ovatus	k__Bacteria;p__Bacteroidetes;c__Bacteroidia;o__Bacteroidales;f__Rikenellaceae;g__Alistipes;s__Alistipes_shahii	k__Bacteria;p__Firmicutes;c__Clostridia;o__Clostridiales;f__Ruminococcaceae;g__Faecalibacterium;s__Faecalibacterium_prausnitzii	k__Bacteria;p__Bacteroidetes;c__Bacteroidia;o__Bacteroidales;f__Rikenellaceae;g__Alistipes;s__Alistipes_finegoldii	k__Bacteria;p__Bacteroidetes;c__Bacteroidia;o__Bacteroidales;f__Porphyromonadaceae;g__Parabacteroides;s__Parabacteroides_distasonis	k__Bacteria;p__Bacteroidetes;c__Bacteroidia;o__Bacteroidales;f__Bacteroidaceae;g__Bacteroides;s__Bacteroides_thetaiotaomicron	k__Bacteria;p__Bacteroidetes;c__Bacteroidia;o__Bacteroidales;f__Bacteroidaceae;g__Bacteroides;s__Bacteroides_coprocola	k__Bacteria;p__Bacteroidetes;c__Bacteroidia;o__Bacteroidales;f__Bacteroidaceae;g__Bacteroides;s__Bacteroides_cellulosilyticus	k__Bacteria;p__Bacteroidetes;c__Bacteroidia;o__Bacteroidales;f__Rikenellaceae;g__Alistipes;s__Alistipes_obesi	k__Bacteria;p__Firmicutes;c__Clostridia;o__Clostridiales;f__Lachnospiraceae;g__;s__[Eubacterium]_rectale	k__Bacteria;p__Bacteroidetes;c__Bacteroidia;o__Bacteroidales;f__Bacteroidaceae;g__Bacteroides;s__Bacteroides_plebeius	k__Bacteria;p__Bacteroidetes;c__Bacteroidia;o__Bacteroidales;f__Bacteroidaceae;g__Bacteroides;s__Bacteroides_fragilis	k__Bacteria;p__Proteobacteria;c__Betaproteobacteria;o__Burkholderiales;f__Sutterellaceae;g__Sutterella;s__Sutterella_wadsworthensis	k__Bacteria;p__Bacteroidetes;c__Bacteroidia;o__Bacteroidales;f__Porphyromonadaceae;g__Barnesiella;s__Barnesiella_intestinihominis	k__Bacteria;p__Bacteroidetes;c__Bacteroidia;o__Bacteroidales;f__Odoribacteraceae;g__Odoribacter;s__Odoribacter_splanchnicus	k__Bacteria;p__Bacteroidetes;c__Bacteroidia;o__Bacteroidales;f__Bacteroidaceae;g__Bacteroides;s__Bacteroides_salyersiae	k__Bacteria;p__Firmicutes;c__Clostridia;o__Clostridiales;f__Ruminococcaceae;g__Ruminiclostridium;s__[Eubacterium]_siraeum	k__Bacteria;p__Proteobacteria;c__Betaproteobacteria;o__Burkholderiales;f__Sutterellaceae;g__Parasutterella;s__Parasutterella_excrementihominis	k__Bacteria;p__Actinobacteria;c__Actinobacteria;o__Bifidobacteriales;f__Bifidobacteriaceae;g__Bifidobacterium;s__Bifidobacterium_adolescentis	k__Bacteria;p__Firmicutes;c__Clostridia;o__Clostridiales;f__Oscillospiraceae;g__Oscillibacter;s__Oscillibacter_sp._KLE_1745	k__Bacteria;p__Bacteroidetes;c__Bacteroidia;o__Bacteroidales;f__Bacteroidaceae;g__Bacteroides;s__Bacteroides_coprophilus	k__Bacteria;p__Firmicutes;c__Clostridia;o__Clostridiales;f__Lachnospiraceae;g__Roseburia;s__Roseburia_intestinalis	k__Bacteria;p__Firmicutes;c__Clostridia;o__Clostridiales;f__Lachnospiraceae;g__Roseburia;s__Roseburia_hominis	k__Bacteria;p__Bacteroidetes;c__Bacteroidia;o__Bacteroidales;f__Porphyromonadaceae;g__Parabacteroides;s__Parabacteroides_johnsonii	k__Bacteria;p__Actinobacteria;c__Actinobacteria;o__Bifidobacteriales;f__Bifidobacteriaceae;g__Bifidobacterium;s__Bifidobacterium_longum	k__Bacteria;p__Firmicutes;c__Clostridia;o__Clostridiales;f__;g__Flavonifractor;s__Flavonifractor_plautii	k__Bacteria;p__Firmicutes;c__Clostridia;o__Clostridiales;f__Clostridiaceae;g__Clostridium;s__Clostridium_phoceensis	k__Bacteria;p__Verrucomicrobia;c__Verrucomicrobiae;o__Verrucomicrobiales;f__Akkermansiaceae;g__Akkermansia;s__Akkermansia_muciniphila	k__Bacteria;p__Bacteroidetes;c__Bacteroidia;o__Bacteroidales;f__Prevotellaceae;g__Paraprevotella;s__Paraprevotella_xylaniphila	k__Bacteria;p__Firmicutes;c__Clostridia;o__Clostridiales;f__Ruminococcaceae;g__Ruminococcus;s__Ruminococcus_callidus	k__Bacteria;p__Bacteroidetes;c__Bacteroidia;o__Bacteroidales;f__Rikenellaceae;g__Alistipes;s__Alistipes_senegalensis	k__Bacteria;p__Firmicutes;c__Clostridia;o__Clostridiales;f__Lachnospiraceae;g__Blautia;s__Blautia_sp._KLE_1732	k__Bacteria;p__Bacteroidetes;c__Bacteroidia;o__Bacteroidales;f__Bacteroidaceae;g__Bacteroides;s__Bacteroides_oleiciplenus	k__Bacteria;p__Firmicutes;c__Clostridia;o__Clostridiales;f__Ruminococcaceae;g__Ruminococcus;s__Ruminococcus_bicirculans	k__Bacteria;p__Bacteroidetes;c__Bacteroidia;o__Bacteroidales;f__Bacteroidaceae;g__Bacteroides;s__Bacteroides_fluxus	k__Bacteria;p__Bacteroidetes;c__Bacteroidia;o__Bacteroidales;f__Prevotellaceae;g__Prevotella;s__Prevotella_stercorea	k__Bacteria;p__Firmicutes;c__Clostridia;o__Clostridiales;f__Lachnospiraceae;g__Dorea;s__Dorea_longicatena	k__Bacteria;p__Firmicutes;c__Clostridia;o__Clostridiales;f__Eubacteriaceae;g__Eubacterium;s__[Eubacterium]_eligens	k__Bacteria;p__Firmicutes;c__Clostridia;o__Clostridiales;f__Ruminococcaceae;g__;s__Ruminococcaceae_bacterium_D16	k__Bacteria;p__Firmicutes;c__Clostridia;o__Clostridiales;f__Lachnospiraceae;g__Coprococcus;s__Coprococcus_comes	k__Bacteria;p__Proteobacteria;c__Gammaproteobacteria;o__Enterobacterales;f__Enterobacteriaceae;g__Escherichia;s__Escherichia_coli	k__Bacteria;p__Firmicutes;c__Clostridia;o__Clostridiales;f__Ruminococcaceae;g__Anaerotruncus;s__Anaerotruncus_colihominis	k__Bacteria;p__Firmicutes;c__Clostridia;o__Clostridiales;f__Lachnospiraceae;g__Blautia;s__Blautia_obeum	k__Bacteria;p__Bacteroidetes;c__Bacteroidia;o__Bacteroidales;f__Odoribacteraceae;g__Odoribacter;s__Odoribacter_laneus	k__Bacteria;p__Firmicutes;c__Clostridia;o__Clostridiales;f__Ruminococcaceae;g__Ruminiclostridium;s__[Clostridium]_leptum	k__Bacteria;p__Bacteroidetes;c__Bacteroidia;o__Bacteroidales;f__Porphyromonadaceae;g__Parabacteroides;s__Parabacteroides_goldsteinii	k__Bacteria;p__Firmicutes;c__Clostridia;o__Clostridiales;f__Lachnospiraceae;g__Anaerostipes;s__Anaerostipes_hadrus	k__Bacteria;p__Firmicutes;c__Clostridia;o__Clostridiales;f__Ruminococcaceae;g__Ruminococcus;s__Ruminococcus_lactaris	k__Bacteria;p__Firmicutes;c__Clostridia;o__Clostridiales;f__Clostridiaceae;g__Clostridium;s__Clostridium_sp._L2-50	k__Bacteria;p__Firmicutes;c__Clostridia;o__Clostridiales;f__Clostridiaceae;g__Clostridium;s__Clostridium_sp._M62/1	k__Bacteria;p__Firmicutes;c__Clostridia;o__Clostridiales;f__;g__Intestinimonas;s__Intestinimonas_butyriciproducens	k__Bacteria;p__Actinobacteria;c__Actinobacteria;o__Bifidobacteriales;f__Bifidobacteriaceae;g__Bifidobacterium;s__Bifidobacterium_bifidum	k__Bacteria;p__Firmicutes;c__Negativicutes;o__Veillonellales;f__Veillonellaceae;g__Dialister;s__Dialister_invisus	k__Bacteria;p__Bacteroidetes;c__Bacteroidia;o__Bacteroidales;f__Bacteroidaceae;g__Bacteroides;s__Bacteroides_salanitronis
k__Bacteria;p__Bacteroidetes;c__Bacteroidia;o__Bacteroidales;f__Bacteroidaceae;g__Bacteroides;s__Bacteroides_vulgatus	1.0	0.0327439899381	0.00909488054425	-0.0520068839045	-0.0269971741173	0.0134429650332	-0.0243416530034	-0.0121682504455	-0.0224942832198	-0.0677041136171	-0.0275808959946	0.00811727069257	0.0122532494517	0.000719238817298	-0.0138058629636	-0.0218339776155	0.0325276575195	0.026539503995	0.0621341437171	0.0461740159443	-0.0399684839366	0.00878297997285	0.0863194202058	-0.00402985657536	-0.0293749246352	0.0148004373182	0.0190627555223	-0.00926599127618	-0.0226951376449	-0.0038948822977	0.0464989756984	0.0771188379333	-0.0107635294407	-0.0219139109349	0.0222894915322	-0.0901988927954	0.0217992957065	0.0206465433193	-0.0557995072209	-0.0333424421869	-0.0351018102045	0.0205925312841	0.0352450214613	-0.0746982132335	-0.00554870967991	-0.0207865199806	-0.0270211521255	-0.0458444675498	-0.0174496861444	0.00650567429293	0.00282767432649	-0.0701865895442	-0.0174767558279	-0.0309235063097	-0.069468308119	0.0343289899863	-0.10603063847	-0.00189647214553	-0.0280583408418
k__Bacteria;p__Bacteroidetes;c__Bacteroidia;o__Bacteroidales;f__Bacteroidaceae;g__Bacteroides;s__Bacteroides_uniformis	0.0327439899381	1.0	0.014559820814	-0.0233830800213	0.00204087301765	0.010580626915	-0.0136098023802	0.00500803145921	0.00126038536803	-0.00398582651794	0.0557883055077	-0.0652164780664	-0.0253438313639	-0.0148684843939	0.0318272238841	-0.044357693801	0.0200450332069	-0.016229713336	0.00642874023652	-0.0606102193475	-0.0419140438532	0.0527700263648	0.00747081352456	0.00612231527281	-0.0656661352327	0.00194939301877	0.0254316613835	-0.0199231582589	0.0175921094581	0.0287278230665	0.0202034383262	-0.0695546343783	0.0123928301469	0.00429702571738	-0.00745412245556	0.037045014444	-0.045434389403	-0.0166518637478	0.048874581436	-0.0445624597678	-0.0376020101247	0.0121413954826	-0.0084024053462	0.00286080273068	-0.0602792033761	0.0643935420713	-0.0283810333105	-0.0512105440327	-0.00420374911724	0.0265901101021	0.00362735250843	0.0334128171372	-0.0472535552959	-0.0193287438742	-0.00446388510674	-0.0683807685957	-0.00981843209758	0.00492177633063	0.0577420767061
k__Bacteria;p__Bacteroidetes;c__Bacteroidia;o__Bacteroidales;f__Rikenellaceae;g__Alistipes;s__Alistipes_putredinis	0.00909488054425	0.014559820814	1.0	-0.0230010057551	-0.0172342637733	-0.019260072538	-0.00327823419908	-0.0104694583275	-0.0090779779066	0.0233130027527	0.00367132562132	-0.0216029779951	-0.0274216650484	-0.00548025159546	-0.0210988686684	-0.0331322386665	0.0565070928622	0.0161860772939	-0.0197363664004	-0.0206692966889	-0.0306883550579	0.0141252815706	-0.0445674417083	-0.0319161969667	-0.00115905172171	-0.0219122447542	-0.0180060961556	-0.00313400243723	-0.0335899937884	0.0180775151972	0.0394006827629	0.0454457961864	-0.0154791287586	0.0192502108395	0.0427671234994	-0.000378041485102	0.0179113208801	-0.0207900402844	-0.0157845505267	-0.0464090132194	-0.0177006671605	-0.0658302151151	0.0241794125426	0.0219036730883	0.00771465667636	0.0181141695541	0.0208857082185	-0.0527346053484	0.0109219171022	0.043612985784	-0.00371011581837	-0.0438897770986	-0.00203642444294	0.0108614596643	-0.0297114240457	-0.00984097657704	-0.0143885412893	0.0255056276956	-0.0288449802972
k__Bacteria;p__Bacteroidetes;c__Bacteroidia;o__Bacteroidales;f__Prevotellaceae;g__Prevotella;s__Prevotella_copri	-0.0520068839045	-0.0233830800213	-0.0230010057551	1.0	0.0245740433842	0.0656323792401	-0.0104448093161	-0.00930859413118	0.0199765773258	0.0446709971125	-0.055674042356	0.0427172400068	-0.0148057828465	0.00200227299169	0.0359047957019	-0.0259758635532	-0.0445175442737	-0.0682063838948	-0.0441981868321	0.0158933350925	-0.0052298524256	-0.0598754199686	-0.0679295807084	0.025455822136	0.0304262712183	-0.0499607704426	0.0222576359187	0.0067168898963	-0.0182300694298	-0.0332916440764	-0.00582969094395	-0.0093925185434	-0.00119531151816	-0.051709671644	-0.0164200233627	-0.03382162511	-0.0298475455064	0.0195886786342	0.0106055193691	0.0289301166979	-0.101899480606	0.0307522694055	-0.0470911340806	-0.00483959028677	-0.097053697972	0.0197832562371	-0.0188016467045	-0.0452570809894	-0.0550978894843	-0.0412495923174	-0.0075295664937	-0.0207792143361	-0.0175232234142	0.00518322520643	-0.0674016400181	0.0558034966896	-0.0165892323224	-0.00377179789352	-0.0223702294738
k__Bacteria;p__Bacteroidetes;c__Bacteroidia;o__Bacteroidales;f__Bacteroidaceae;g__Bacteroides;s__Bacteroides_stercoris	-0.0269971741173	0.00204087301765	-0.0172342637733	0.0245740433842	1.0	0.000969552249015	-0.0518513292373	0.0508551812468	0.00853949949885	-0.0929784846897	-0.0262848707879	-0.0145352391492	0.0212533361104	-0.0481512012851	-0.0168539169363	0.00618294182702	0.0271118912811	-0.0462135078125	0.0232130637306	-0.0111380561623	-0.018519224892	-0.0523926089573	-0.0130046482205	-0.0245011649822	0.0229210892961	-0.0186195807861	-0.026793745765	0.00921902418835	-0.0285190456818	-0.0268991157043	0.010611942069	-0.0653046430002	-0.0231149580956	0.0139594168378	0.0119941762808	-0.0577614640228	-0.0252171168259	-0.0389801702593	-0.0308274635548	-0.0203240401115	0.000329161814483	-0.00381469759326	0.0208523935222	-0.0450382702781	0.00263363259813	-0.0265427818145	-0.00794918826225	-0.0213104411332	-0.0199336929687	-0.0250979566883	-0.0107147068929	-0.0441165041471	0.026232862031	0.0620338063698	-0.0183687106799	0.0424248542116	0.0278729678175	0.00946133333605	0.0891881426056
k__Bacteria;p__Bacteroidetes;c__Bacteroidia;o__Bacteroidales;f__Bacteroidaceae;g__Bacteroides;s__Bacteroides_ovatus	0.0134429650332	0.010580626915	-0.019260072538	0.0656323792401	0.000969552249015	1.0	-0.0617860801376	0.0310125439746	0.000800025358008	-0.0421601788792	0.0844591067526	0.0380866502588	0.0545913876846	0.0572383436722	-0.071162621416	-0.00116798483546	0.0345839535703	0.0134273786425	0.0262878983793	0.0341485305892	-0.0172492559458	-0.0203001617561	-0.0850498815666	-0.00347700086985	0.0215582326413	-0.00263695080738	-0.0291387008713	0.0128574651159	-0.0558701265559	-0.016107812171	0.0114473258258	0.0349084751638	-0.0668250608436	0.0351387323416	-0.0678348837503	0.00464622590577	0.0120774884925	0.0161481594547	0.000409146819134	-0.00849735158446	-0.0345440001114	0.0200553751827	0.056681306397	-0.041244525931	-0.0477793248069	-0.0270485924521	-0.00232188777635	-0.0202590932741	-0.0163569592399	-0.0275781015542	0.020548597759	0.0128501272158	-0.0874174125447	-0.0551258143345	-0.0302140125987	-0.0235137641866	-0.012190324251	0.0111870909148	0.0282047016839
k__Bacteria;p__Bacteroidetes;c__Bacteroidia;o__Bacteroidales;f__Rikenellaceae;g__Alistipes;s__Alistipes_shahii	-0.0243416530034	-0.0136098023802	-0.00327823419909	-0.0104448093161	-0.0518513292373	-0.0617860801376	1.0	-0.0871612633113	-0.00595729010244	0.0200442590292	-0.0350651740575	0.0663135256484	-0.00524198089238	-0.0291399747371	0.018364508551	0.00740616633663	-0.0091450746784	0.0186442421619	0.0015756761372	-0.000789063686946	-0.0661314200312	-0.0227426154708	0.0156931738677	0.0144266896156	-0.0365920635536	0.0600271886395	-0.0687417059016	0.00138378124769	-0.0269712044995	0.0155909170905	-0.0142609366109	0.0354237172053	-0.0749376036855	-0.00919233540824	0.0428544100448	0.00501178502889	-0.0441901928526	-0.0298170132542	-0.0147266751328	-0.057093719223	-0.057863473533	-0.0406541044965	0.0608130607691	-0.0297593160206	0.00910587455039	0.0191581462453	0.0387304771792	0.0255452526151	0.0546765874835	-0.0143163459088	-0.00133699875514	0.013983303859	0.0634876153248	-0.0623087919473	-0.0659498596154	0.0336175073039	-0.0416886626976	-0.0310843212275	0.00562694444981
k__Bacteria;p__Firmicutes;c__Clostridia;o__Clostridiales;f__Ruminococcaceae;g__Faecalibacterium;s__Faecalibacterium_prausnitzii	-0.0121682504455	0.00500803145921	-0.0104694583275	-0.00930859413118	0.0508551812468	0.0310125439746	-0.0871612633113	1.0	-0.0106198250823	-0.00913448958288	-0.0408616868173	0.0129643962641	-0.000441323878992	0.00508525623598	-0.0636242997761	0.0298638348799	-0.0497936190305	0.00112191976612	0.0197728125226	0.00453701166042	0.0396508751487	0.0726262687834	0.0057154956119	-0.038067637122	0.00107021971029	0.0139243422309	-0.0298299166911	-0.0355674712159	0.00144510048909	0.0697502095816	-0.044079569189	0.0238517924957	-0.034806028683	0.0319335528762	-0.0574447634565	-0.038574963281	-0.0301761127163	0.05549902781	-0.0361497295504	-0.0322740309112	-0.0246706518219	0.00799132158836	-0.0400899196279	-0.0793104873355	-0.0446986042325	-0.0257261710707	0.0516775051379	-0.00617257515328	-0.00444808721821	-0.0406438721767	-0.0194988373922	-0.0417706377147	-0.029106555366	0.034887032716	0.00766589253234	-0.0655135542522	-0.0563499209013	0.0232567415345	-0.00617092936969
k__Bacteria;p__Bacteroidetes;c__Bacteroidia;o__Bacteroidales;f__Rikenellaceae;g__Alistipes;s__Alistipes_finegoldii	-0.0224942832198	0.00126038536803	-0.0090779779066	0.0199765773258	0.00853949949885	0.000800025358008	-0.00595729010244	-0.0106198250823	1.0	0.0381858162032	-0.0065086943865	0.0058444903948	0.00710188070253	-0.0292220313826	-0.0341383767478	0.0187565762124	0.0247137513197	-0.0407559756504	0.0179536686678	-0.0253942880981	-0.0217004471562	0.00199646164185	-0.0241178693985	-0.0305395312936	0.0424547403042	-0.0177452307145	-0.00864687709621	-0.00943207848101	-0.00218449748502	0.0290250661693	-0.0203598713127	-0.00748394500453	0.0255164064883	0.048633169908	0.0173244244059	-0.0291364446733	0.00491377105267	-0.000213284165846	-0.028267769419	-0.0103917387148	-0.0462526235622	0.0760751173047	-0.0176320505393	0.0148297630086	0.0290693094855	-0.0307834315822	-0.0204379359501	-0.00363016350454	-0.0845116487204	-0.0186905427351	0.00198254628956	-0.0590795195032	0.038625127208	-0.00178546603991	-0.0509624442502	-0.0251978644179	-0.0457263554992	0.0488552337882	0.0658764577505
k__Bacteria;p__Bacteroidetes;c__Bacteroidia;o__Bacteroidales;f__Porphyromonadaceae;g__Parabacteroides;s__Parabacteroides_distasonis	-0.0677041136171	-0.00398582651794	0.0233130027527	0.0446709971125	-0.0929784846897	-0.0421601788792	0.0200442590292	-0.00913448958288	0.0381858162032	1.0	0.0795172383094	0.00972461507569	0.0587083232127	-0.024869573548	-0.0651569845519	0.0460852826081	-0.0214736582157	-0.0180288677415	0.0541705546985	-0.0480938674656	-0.0795191270001	0.0126337695869	-0.000519274097702	0.00822123737905	-0.03307604989	0.000398970511117	-0.0523250984447	0.0202064649971	-0.0368189274862	0.0355567630318	-0.0421234934376	0.00925837594688	-0.0176086724	-0.0269105940417	-0.010100648622	0.0316624962031	0.0413233484612	-0.0319394594786	0.0253443634534	0.0458530112773	-0.0170223654962	0.0348339241254	0.00707660159551	0.00475048516392	0.00455023152395	0.031651399679	-0.000138833030606	-0.0494854643058	-0.0356062831548	-0.0101067484075	0.0103958105657	0.0140663656104	-0.000952716108589	-0.0706691363662	-0.0301970628037	-0.0498715724098	0.00788801591348	0.00604284568493	-0.0461574199338
k__Bacteria;p__Bacteroidetes;c__Bacteroidia;o__Bacteroidales;f__Bacteroidaceae;g__Bacteroides;s__Bacteroides_thetaiotaomicron	-0.0275808959946	0.0557883055077	0.00367132562132	-0.055674042356	-0.0262848707879	0.0844591067526	-0.0350651740575	-0.0408616868173	-0.0065086943865	0.0795172383094	1.0	-0.00847066776588	-0.017228168687	0.0221741246905	0.0293484613078	0.0325099346551	0.0112644542616	-0.019524401032	0.0270141106174	0.010387838385	0.0114153669054	-0.0225341702119	-0.00635090533113	0.0293205544808	-0.0179341227815	-0.0345770683026	-0.0116401937793	-0.0340967465328	0.0300441727529	-0.0762402425474	0.0253117055167	-0.0043182448447	-0.0663699471301	-0.0824218414286	-0.0156295379344	0.00651482278867	-4.32262872098e-05	-0.047397308626	-0.0202038217296	0.00385244127993	-0.00225069481542	0.0531640718822	-0.0192606466803	-0.000589513903233	-0.0367779331481	-0.0353631782946	-0.025135301032	-0.0089645607984	-0.0192543540872	-0.00874184704423	0.00277226569831	0.0800760622607	0.0490132551076	-0.00835188655584	0.0325539204968	-0.00645006302556	-0.0636818486847	-0.00686489858139	0.00316463827081
k__Bacteria;p__Bacteroidetes;c__Bacteroidia;o__Bacteroidales;f__Bacteroidaceae;g__Bacteroides;s__Bacteroides_coprocola	0.00811727069257	-0.0652164780664	-0.0216029779951	0.0427172400068	-0.0145352391492	0.0380866502588	0.0663135256484	0.0129643962641	0.0058444903948	0.00972461507569	-0.00847066776588	1.0	0.0254434949037	0.00167921543472	0.00937598902361	0.0490189293819	0.0240116473469	-0.0220152336429	0.00190490196714	-0.0200548048264	-0.0567635608972	-0.085267003328	0.0589278885567	-0.0208872987677	-0.0180258136849	-0.044315106496	-0.0495916552384	0.031562532608	-0.0441869578505	-0.0521484656147	0.0303288456345	-0.0249336028995	0.0161333803482	-0.011860610075	-0.0201471753539	0.0700745313638	0.010203879124	-0.0457829729165	-0.0229204512107	-0.0121332874099	-0.0298376600048	-0.00715115375774	-0.0514341183931	0.00305458029004	-0.0345539506196	-0.0131821282431	0.0589734886765	-0.0570955427312	0.0180345426223	0.0127493894398	-0.0449396093651	0.0414374138902	-0.0195904629813	0.0206688371978	-0.088815598671	-0.0188163970687	0.0142434991149	0.0194679255314	-0.0341629053266
k__Bacteria;p__Bacteroidetes;c__Bacteroidia;o__Bacteroidales;f__Bacteroidaceae;g__Bacteroides;s__Bacteroides_cellulosilyticus	0.0122532494517	-0.0253438313639	-0.0274216650484	-0.0148057828465	0.0212533361104	0.0545913876846	-0.00524198089238	-0.000441323878992	0.00710188070253	0.0587083232127	-0.017228168687	0.0254434949037	1.0	0.0589169276872	-0.0324041326206	-0.0258056829328	-0.0351702919925	-0.0638350738298	0.0501274505733	0.0145916910548	0.0292450423826	0.00200003173609	0.00274535746038	-0.0292684710479	-0.0814402482635	0.0284623563191	-0.0291953126466	-0.0205361477259	-0.0458414216743	-0.0769849235965	0.0302502316136	-0.0075036949811	-0.027231723292	0.01821102581	-0.00933808406046	-0.0715769215515	-0.0241135294648	-0.0505065722126	-0.012015391087	0.0674344551043	0.0217816122911	-0.0507936995685	-0.0571156638191	-0.015667620501	-0.0366373455064	-0.0302196287134	-0.0441094497184	0.0661901073196	0.0122604073567	-0.0250368835948	0.00581996333489	-0.0465945623673	0.018663266968	0.0261306139753	-0.0320375660409	-0.0260829694623	0.0588956864666	-0.0492585043904	0.0160160727896
k__Bacteria;p__Bacteroidetes;c__Bacteroidia;o__Bacteroidales;f__Rikenellaceae;g__Alistipes;s__Alistipes_obesi	0.000719238817298	-0.0148684843939	-0.00548025159546	0.00200227299169	-0.0481512012851	0.0572383436722	-0.0291399747371	0.00508525623598	-0.0292220313826	-0.024869573548	0.0221741246905	0.00167921543472	0.0589169276872	1.0	-0.0630943477028	0.0581567218829	-0.00931828193076	0.0303404774871	0.0363936451699	-0.0658076956379	0.00484989753028	0.0380182095928	-0.0063610350007	-0.0639252829437	0.0318830308568	0.0146274419709	-0.0601808824341	0.0317797598604	0.0266169215544	-0.0736509137142	-0.00835328578316	0.0158999796002	0.0111127125888	-0.0206405589325	0.00973553995755	-0.0451174839832	-0.0382662637543	0.0488611432207	0.0666552950397	-0.0173853972415	-0.0417342687912	0.0477100564248	-0.0927339523307	-0.0628603448966	0.0188512196709	0.0368460557	-0.0297914158589	0.0483175120134	0.0671246638538	0.0141354461629	-0.01658193231	-0.0325951537695	-0.0114142144807	0.0761905275638	0.0165178927753	0.000354620727917	-0.0237073502055	-0.0547364680485	0.00357448094574
k__Bacteria;p__Firmicutes;c__Clostridia;o__Clostridiales;f__Lachnospiraceae;g__;s__[Eubacterium]_rectale	-0.0138058629636	0.0318272238841	-0.0210988686684	0.0359047957019	-0.0168539169363	-0.071162621416	0.018364508551	-0.0636242997761	-0.0341383767478	-0.0651569845519	0.0293484613078	0.00937598902361	-0.0324041326206	-0.0630943477028	1.0	0.0350941611774	-0.0228768137803	-0.0668992271116	0.0434748289131	0.00907583782928	0.0286204578216	-0.00111418955813	-0.0176528598609	0.0757081076173	-0.0351721388027	0.0144672027144	0.0406499779399	-0.00775084873983	0.0333214107159	-0.0732079345042	0.0318024527894	-0.0387598658941	0.0154749353477	-0.0214969883391	-0.039525646317	-0.000657857795449	-0.0266641040321	0.00237000453321	-0.0563725536846	-0.0309689706935	0.00395419214259	-0.0407234333742	0.022956784925	-0.0202859196501	0.017678942773	-0.000507366931724	-0.00629398986664	0.00527088589633	-0.054245324143	-0.0154820237171	0.0291183061328	0.0303148511275	-0.0577749851065	0.0469408274626	0.0435297136133	0.00114461350333	0.00356032934208	-0.0579062484923	0.0192587345031
k__Bacteria;p__Bacteroidetes;c__Bacteroidia;o__Bacteroidales;f__Bacteroidaceae;g__Bacteroides;s__Bacteroides_plebeius	-0.0218339776155	-0.044357693801	-0.0331322386665	-0.0259758635532	0.00618294182702	-0.00116798483546	0.00740616633663	0.0298638348799	0.0187565762124	0.0460852826081	0.0325099346551	0.0490189293819	-0.0258056829328	0.0581567218829	0.0350941611774	1.0	0.0149481841374	0.0122743642021	-0.0028238272881	-0.0870467789619	0.0305684821449	-0.0506626221138	-0.0120940149338	0.0202286901108	-0.0178785344852	0.0254584377226	0.0141650502994	-0.0193001746463	-0.0163493418026	0.0093745942553	0.0188137854945	-0.0496743820345	-0.0334114719388	-0.0506348991059	0.024080413301	-0.0281996142127	0.0258518243755	0.0193126655334	0.00148379994878	-0.0530321746961	0.041855633369	-0.00200182825713	-0.0553030214823	-0.0492006242568	-0.0459802830531	0.014707017605	-0.0715994565224	-0.0290167738937	-0.0145365370559	-0.0324131442493	-0.0365609509353	0.00639982569719	-0.0353040021095	-0.0298645510049	0.0127307747766	-0.0118892435734	0.0653208634215	-0.0149426890121	0.0196107954362
k__Bacteria;p__Bacteroidetes;c__Bacteroidia;o__Bacteroidales;f__Bacteroidaceae;g__Bacteroides;s__Bacteroides_fragilis	0.0325276575195	0.0200450332069	0.0565070928622	-0.0445175442737	0.0271118912811	0.0345839535703	-0.0091450746784	-0.0497936190305	0.0247137513197	-0.0214736582157	0.0112644542616	0.0240116473469	-0.0351702919925	-0.00931828193076	-0.0228768137803	0.0149481841374	1.0	0.0104262511135	-0.0279220610814	-0.0280762467957	-0.00155599085214	0.014991850253	-0.0577903731587	0.0459360073023	0.0110890166336	-0.0525362944136	-0.0706979392968	0.0471637100833	0.0374380795808	0.0416851139146	0.00426010292361	-0.0559039885076	-0.000619863262073	-0.0429618986936	0.0277744598592	0.000673884516193	-0.022026403627	-0.0706113425777	-0.0385332415021	0.00661912729288	-0.0246810530544	-0.00927977954747	0.033727830662	0.0399500625987	-0.0752405771419	0.0226265702025	-0.0466710588839	0.0527607125401	0.0424249225692	0.0555244741569	-0.00723017133342	-0.0537691974013	-0.0109411773434	0.00952536936293	0.0319879844001	-0.0233807088412	0.0324921063771	-0.0262007847488	-0.0124468834999
k__Bacteria;p__Proteobacteria;c__Betaproteobacteria;o__Burkholderiales;f__Sutterellaceae;g__Sutterella;s__Sutterella_wadsworthensis	0.026539503995	-0.016229713336	0.0161860772939	-0.0682063838948	-0.0462135078125	0.0134273786425	0.0186442421619	0.00112191976612	-0.0407559756504	-0.0180288677415	-0.019524401032	-0.0220152336429	-0.0638350738298	0.0303404774871	-0.0668992271116	0.0122743642021	0.0104262511135	1.0	0.0543724186857	-0.0148561957154	-0.0429398187254	-0.00224429576848	0.00277020224623	-0.0776488864209	-0.0288965232557	0.0192618035885	0.0209673015218	0.0260895289258	-0.0169995577175	0.0487039064146	-0.031317954428	0.0058987409892	-0.0132566013111	0.0201545113801	0.00137674181377	-0.037031891699	0.0452235711932	-0.00278121185659	-0.0347243490416	0.045781680482	0.0109280111563	-0.0049421331484	0.0184242622806	-0.041514671685	-0.0321196173472	0.022022842453	0.0122898254127	0.00842447704454	-0.00726860003184	0.00178511752871	0.0122670761168	0.0053127020044	0.00346950361476	-0.0165317847001	-0.0303820263929	-0.034450896003	-0.0300507193778	0.0612555586973	-0.0669916459206
k__Bacteria;p__Bacteroidetes;c__Bacteroidia;o__Bacteroidales;f__Porphyromonadaceae;g__Barnesiella;s__Barnesiella_intestinihominis	0.0621341437171	0.00642874023652	-0.0197363664004	-0.0441981868321	0.0232130637306	0.0262878983793	0.0015756761372	0.0197728125226	0.0179536686678	0.0541705546985	0.0270141106174	0.00190490196714	0.0501274505733	0.0363936451699	0.0434748289131	-0.0028238272881	-0.0279220610814	0.0543724186857	1.0	0.0208924250576	-0.0100063110529	-0.0629683223465	-0.0373137306091	0.012686961801	-0.0330017526629	-0.00693560691319	0.0174348927227	-0.0443207434107	-0.118084520546	-0.0316960534321	-0.0217782407807	-0.0331393367683	-0.0787158435609	0.0251149949384	-0.0348045498051	0.00580485834695	0.000515195849067	-0.0281194220997	-0.0253028441923	-0.0467123278889	-0.0204970892925	-0.00187883909906	-0.00406741047577	-0.00905243152216	-0.0718833716935	0.0347747512954	-0.0688235698992	-0.00281170753492	0.0111686931486	0.0131535234812	0.00612448043205	-0.00863644149705	0.029750746292	-0.0122107574555	-0.102598401589	-0.0108586865123	-0.0345177081226	0.0357096055724	0.00413468976475
k__Bacteria;p__Bacteroidetes;c__Bacteroidia;o__Bacteroidales;f__Odoribacteraceae;g__Odoribacter;s__Odoribacter_splanchnicus	0.0461740159443	-0.0606102193475	-0.0206692966889	0.0158933350925	-0.0111380561623	0.0341485305892	-0.000789063686946	0.00453701166042	-0.0253942880981	-0.0480938674656	0.010387838385	-0.0200548048264	0.0145916910548	-0.0658076956379	0.00907583782928	-0.0870467789619	-0.0280762467957	-0.0148561957154	0.0208924250576	1.0	0.0130442171525	0.00514628326655	0.0126596572894	0.0432578904093	-0.00653772777926	-0.0158551890432	-0.0682457979378	-0.0785964809101	0.0211206886783	0.00551388292365	-0.00449342313279	0.0248190135022	-0.0185093663157	-0.0431072535465	-0.00076391620185	0.0107445059389	-0.00242451771858	0.0870329386443	0.00832587941767	0.0324721593333	0.0638883786347	0.028048642106	0.0717662293791	-0.0284118377543	-0.00942850818913	0.0108065969979	-0.00841198169336	0.0120203706018	0.0513646535735	-0.0561720079299	-0.0100128509426	-0.0342701693628	0.0202549167022	-0.0212305312597	-0.0262124068885	0.00966096928748	-0.0310196112086	0.040053361457	-0.048763885283
k__Bacteria;p__Bacteroidetes;c__Bacteroidia;o__Bacteroidales;f__Bacteroidaceae;g__Bacteroides;s__Bacteroides_salyersiae	-0.0399684839366	-0.0419140438532	-0.0306883550579	-0.0052298524256	-0.018519224892	-0.0172492559458	-0.0661314200312	0.0396508751487	-0.0217004471562	-0.0795191270001	0.0114153669054	-0.0567635608972	0.0292450423826	0.00484989753028	0.0286204578216	0.0305684821449	-0.00155599085214	-0.0429398187254	-0.0100063110529	0.0130442171525	1.0	0.0456699973552	0.034238236994	0.0167342923222	-0.00358501174938	-0.0111814117652	0.0391221391758	0.025256292924	0.00714930957002	-0.0150424419678	-0.035279321631	0.00198702442468	-0.0551073333111	-0.0237346771624	0.0165429375757	0.0214240902371	0.0219572729727	-0.0358109717522	-0.0233045746956	-0.0347551861139	-0.0382226685797	0.0332613792832	-0.0149215662054	-0.0627139610603	-0.0214296710471	-0.0669877215223	0.0320742562681	-0.00589119720159	0.00456353955894	0.0618260682284	0.0277597195655	0.0534900301447	0.0116147235669	0.0537289885961	0.0418567483963	0.0568110168074	0.00260319215264	-0.0229405477507	0.00271673986668
k__Bacteria;p__Firmicutes;c__Clostridia;o__Clostridiales;f__Ruminococcaceae;g__Ruminiclostridium;s__[Eubacterium]_siraeum	0.00878297997285	0.0527700263648	0.0141252815706	-0.0598754199686	-0.0523926089573	-0.0203001617561	-0.0227426154708	0.0726262687834	0.00199646164185	0.0126337695869	-0.0225341702119	-0.085267003328	0.00200003173609	0.0380182095928	-0.00111418955813	-0.0506626221138	0.014991850253	-0.00224429576848	-0.0629683223465	0.00514628326655	0.0456699973552	1.0	0.00508323330586	0.0152235346304	0.00494599189227	-0.010807065699	0.0259912344016	-0.00209120173075	0.0413483725133	-0.00681538436052	0.0218214772574	-0.0220869666579	-0.0523153019266	-0.0423029395836	-0.00786240463115	-0.0730786515905	-0.0468819916621	0.029411713076	-0.00371951569126	-0.0298162560445	-0.0165143738052	-0.0191974281783	0.0568885485384	-0.0388471369709	0.010399229503	0.0485132186285	-0.0432347475378	0.00505477929714	-0.0239706369657	-0.0151622223993	0.0125145555806	-0.0385592496669	-0.0565901672302	0.00373458281849	-0.0516663651976	0.00864435856646	0.0173054293337	0.0268209278048	-0.00113137256878
k__Bacteria;p__Proteobacteria;c__Betaproteobacteria;o__Burkholderiales;f__Sutterellaceae;g__Parasutterella;s__Parasutterella_excrementihominis	0.0863194202058	0.00747081352456	-0.0445674417083	-0.0679295807084	-0.0130046482205	-0.0850498815666	0.0156931738677	0.0057154956119	-0.0241178693985	-0.000519274097702	-0.00635090533113	0.0589278885567	0.00274535746038	-0.0063610350007	-0.0176528598609	-0.0120940149338	-0.0577903731587	0.00277020224623	-0.0373137306091	0.0126596572894	0.034238236994	0.00508323330586	1.0	-0.0370155731934	-0.00178296595659	0.0402153494797	-0.0107548392432	-0.0561082925312	0.0215360684672	-0.0587894795442	0.0233000371225	-0.0289731934975	0.0340319169894	-0.002935340549	-0.00736017618695	-0.0466985606014	-0.000336861952718	-0.053966672907	-0.0153515108531	-0.0608847404568	0.0539456160846	-0.0380176104125	0.0200604911766	-0.00727826860559	0.0472755351907	-0.0178827781832	0.0132767386954	0.0318981350803	0.0632737682268	-0.0677066314108	0.0500391633772	0.0240120626819	-0.103969149237	-0.0154774199219	0.00730821983422	-0.0215586602696	-0.024385542203	-0.00774983562972	-0.0672808579244
k__Bacteria;p__Actinobacteria;c__Actinobacteria;o__Bifidobacteriales;f__Bifidobacteriaceae;g__Bifidobacterium;s__Bifidobacterium_adolescentis	-0.00402985657536	0.00612231527281	-0.0319161969667	0.025455822136	-0.0245011649822	-0.00347700086985	0.0144266896156	-0.038067637122	-0.0305395312936	0.00822123737905	0.0293205544808	-0.0208872987677	-0.0292684710479	-0.0639252829437	0.0757081076173	0.0202286901108	0.0459360073023	-0.0776488864209	0.012686961801	0.0432578904093	0.0167342923222	0.0152235346304	-0.0370155731934	1.0	0.00217975959247	-0.0124292360734	0.0425190886967	0.0191075060244	-0.00249879403821	-0.0107927275146	-0.0147514944873	0.00138448359007	-0.00148674433673	0.00908711370904	0.0579272660325	0.0858358752059	-0.108827876091	0.000180430141461	-0.0722969424825	0.0184516219876	-0.0233055289483	-0.0154380347315	-0.0182823225861	-0.00157342279914	0.00541463708958	-0.00103777081609	-0.0926368754169	0.0470478391551	-0.0377876952693	-0.022872029773	-0.0389211097729	0.0106428506673	-0.0223484281667	-0.0456030991278	0.0101964355252	-0.0168128415914	0.110921241483	-0.0196686388649	-0.0424259711102
k__Bacteria;p__Firmicutes;c__Clostridia;o__Clostridiales;f__Oscillospiraceae;g__Oscillibacter;s__Oscillibacter_sp._KLE_1745	-0.0293749246352	-0.0656661352327	-0.00115905172171	0.0304262712183	0.0229210892961	0.0215582326413	-0.0365920635536	0.00107021971029	0.0424547403042	-0.03307604989	-0.0179341227815	-0.0180258136849	-0.0814402482635	0.0318830308568	-0.0351721388027	-0.0178785344852	0.0110890166336	-0.0288965232557	-0.0330017526629	-0.00653772777926	-0.00358501174938	0.00494599189227	-0.00178296595659	0.00217975959247	1.0	-0.0180514226566	0.0401720978755	-0.0442856541996	-0.031096162766	-0.0356908024819	0.00669040815978	0.00587953391209	0.0475465697007	0.0356824006273	-0.022223614997	0.0212792027732	-0.0403552849843	0.0111852588835	-0.0333959498915	-0.0381789234146	-0.025343403167	0.055777742111	-0.00159085706035	-0.0132491025351	0.0574798709027	-0.0252719487239	-0.0070613614652	-0.0410116225103	-0.0035813472386	-0.016460322303	-0.00844516150602	-0.00737823927866	-0.0230275245988	0.0455525526516	0.0619051606511	0.0354298253927	0.0051982749131	-0.0216904474638	-0.0819828643969
k__Bacteria;p__Bacteroidetes;c__Bacteroidia;o__Bacteroidales;f__Bacteroidaceae;g__Bacteroides;s__Bacteroides_coprophilus	0.0148004373182	0.00194939301877	-0.0219122447542	-0.0499607704426	-0.0186195807861	-0.00263695080738	0.0600271886395	0.0139243422309	-0.0177452307145	0.000398970511116	-0.0345770683026	-0.044315106496	0.0284623563191	0.0146274419709	0.0144672027144	0.0254584377226	-0.0525362944136	0.0192618035885	-0.00693560691319	-0.0158551890432	-0.0111814117652	-0.010807065699	0.0402153494797	-0.0124292360734	-0.0180514226566	1.0	0.0276060793258	0.0604342554104	-0.0210396969283	-0.0394709450354	0.0388084835937	-0.0382274914229	0.00515403454799	0.00415121204056	-0.025589555696	0.00764773708808	0.00988863835204	0.0292436868571	-0.0159909561317	0.0521158982657	0.0145003158378	-0.0740053098496	-0.000756252661512	-0.0512472175845	-0.01707867494	-0.0780520900376	-0.0146101368182	-0.0146882702057	0.0118998430878	-0.0327799206068	-0.00529769174653	-0.0283748868976	0.0428337542929	-0.0700740267815	0.0510470530726	-0.0493474345662	-0.00561524730411	0.00683303525968	-0.0300010188049
k__Bacteria;p__Firmicutes;c__Clostridia;o__Clostridiales;f__Lachnospiraceae;g__Roseburia;s__Roseburia_intestinalis	0.0190627555223	0.0254316613835	-0.0180060961556	0.0222576359187	-0.026793745765	-0.0291387008713	-0.0687417059016	-0.0298299166911	-0.00864687709621	-0.0523250984447	-0.0116401937793	-0.0495916552384	-0.0291953126466	-0.0601808824341	0.0406499779399	0.0141650502994	-0.0706979392968	0.0209673015218	0.0174348927227	-0.0682457979378	0.0391221391758	0.0259912344016	-0.0107548392432	0.0425190886967	0.0401720978755	0.0276060793258	1.0	-0.0102085633858	-0.035574691027	0.0160472793364	-0.0350962131306	0.0406840215073	-0.0197023157712	-0.0233151599022	-0.00483354608593	0.0259901684644	0.0204333136085	-0.00338450915461	-0.0478456389154	0.0137487769628	-0.00747276233156	-0.022582871967	-0.0637612892008	-0.0207497280866	-0.0544604066177	-0.0236862895767	0.0119478046875	-0.0601425059657	0.00532979001958	-0.00915191579023	0.0565187845271	0.0623916009344	-0.00696755258115	-0.00497414114878	-0.0112507915698	-0.0354119183109	0.0112436384452	-0.00356991053	0.0132501211447
k__Bacteria;p__Firmicutes;c__Clostridia;o__Clostridiales;f__Lachnospiraceae;g__Roseburia;s__Roseburia_hominis	-0.00926599127618	-0.0199231582589	-0.00313400243723	0.0067168898963	0.00921902418835	0.0128574651159	0.00138378124769	-0.0355674712159	-0.00943207848101	0.0202064649971	-0.0340967465328	0.031562532608	-0.0205361477259	0.0317797598604	-0.00775084873983	-0.0193001746463	0.0471637100833	0.0260895289258	-0.0443207434107	-0.0785964809101	0.025256292924	-0.00209120173075	-0.0561082925312	0.0191075060244	-0.0442856541996	0.0604342554104	-0.0102085633858	1.0	0.0313897640988	-0.0077608507306	-0.0047600615795	-0.00780073913152	-0.018283854868	0.00346991631355	0.0270289549008	0.0354869426321	-0.0269348992761	-0.0600700993075	-0.0301487669716	-0.00835730219617	0.0642182401461	-0.030865229255	-0.0103155438474	0.0719100263414	-0.0305253477541	-0.00614528483122	0.0363205885096	0.00808386310526	-0.0676326611411	0.0192443418014	-0.0208595141	-0.052864099547	-0.00264685103015	-0.0112401966721	-0.00584940605183	-0.00508726864005	0.0127408654236	0.0106741725971	0.0469906945337
k__Bacteria;p__Bacteroidetes;c__Bacteroidia;o__Bacteroidales;f__Porphyromonadaceae;g__Parabacteroides;s__Parabacteroides_johnsonii	-0.0226951376449	0.0175921094581	-0.0335899937884	-0.0182300694298	-0.0285190456818	-0.0558701265559	-0.0269712044995	0.00144510048909	-0.00218449748502	-0.0368189274862	0.0300441727529	-0.0441869578505	-0.0458414216743	0.0266169215544	0.0333214107159	-0.0163493418026	0.0374380795808	-0.0169995577175	-0.118084520546	0.0211206886783	0.00714930957002	0.0413483725133	0.0215360684672	-0.00249879403821	-0.031096162766	-0.0210396969283	-0.035574691027	0.0313897640988	1.0	-0.0203286840048	-0.0137963323681	-0.0770781987518	0.0171361958495	0.00047701882256	0.00706774840145	-0.00667168970139	0.0336526726759	0.0286999981473	0.0285213307871	0.0408422697375	0.00447063904322	0.0166453998408	0.0200983558076	-0.0234697853448	-0.0243413145953	-0.00109002841826	0.0165052373209	0.0310115294736	-0.0179446211377	-0.010772153607	-0.0335402445355	-0.0482287381592	0.0308706348489	0.0175018524739	0.0205569317758	0.0480407395882	-0.00756215262294	0.051521653975	0.0560267434181
k__Bacteria;p__Actinobacteria;c__Actinobacteria;o__Bifidobacteriales;f__Bifidobacteriaceae;g__Bifidobacterium;s__Bifidobacterium_longum	-0.0038948822977	0.0287278230665	0.0180775151972	-0.0332916440764	-0.0268991157043	-0.016107812171	0.0155909170905	0.0697502095816	0.0290250661693	0.0355567630318	-0.0762402425474	-0.0521484656147	-0.0769849235965	-0.0736509137142	-0.0732079345042	0.0093745942553	0.0416851139146	0.0487039064146	-0.0316960534321	0.00551388292365	-0.0150424419678	-0.00681538436052	-0.0587894795442	-0.0107927275146	-0.0356908024819	-0.0394709450354	0.0160472793364	-0.0077608507306	-0.0203286840048	1.0	-0.0856012889075	-0.0451335912861	-0.033067705594	-0.0316738094362	0.0272585603672	-0.00552276376524	0.0818194820683	0.0497341614364	0.0206461918566	-0.0817100180276	-0.0196703750033	0.00579428229362	0.0292034870073	0.000501326463857	-0.0141172780834	-0.0239186977115	0.0332177242479	-0.00160039056365	-0.00597790402849	0.0733773977571	0.00338330820114	0.0282143838186	0.014205171609	0.00134842961825	0.010056085014	-0.0547443284536	0.0401917034434	-0.0307243390623	-0.0422815976085
