#taxonomy	k__Bacteria;p__Bacteroidetes;c__Bacteroidia;o__Bacteroidales;f__Bacteroidaceae;g__Bacteroides;s__Bacteroides_vulgatus	k__Bacteria;p__Bacteroidetes;c__Bacteroidia;o__Bacteroidales;f__Bacteroidaceae;g__Bacteroides;s__Bacteroides_uniformis	k__Bacteria;p__Bacteroidetes;c__Bacteroidia;o__Bacteroidales;f__Rikenellaceae;g__Alistipes;s__Alistipes_putredinis	k__Bacteria;p__Bacteroidetes;c__Bacteroidia;o__Bacteroidales;f__Prevotellaceae;g__Prevotella;s__Prevotella_copri	k__Bacteria;p__Bacteroidetes;c__Bacteroidia;o__Bacteroidales;f__Bacteroidaceae;g__Bacteroides;s__Bacteroides_stercoris	k__Bacteria;p__Bacteroidetes;c__Bacteroidia;o__Bacteroidales;f__Bacteroidaceae;g__Bacteroides;s__Bacteroides_ovatus	k__Bacteria;p__Bacteroidetes;c__Bacteroidia;o__Bacteroidales;f__Rikenellaceae;g__Alistipes;s__Alistipes_shahii	k__Bacteria;p__Firmicutes;c__Clostridia;o__Clostridiales;f__Ruminococcaceae;g__Faecalibacterium;s__Faecalibacterium_prausnitzii	k__Bacteria;p__Bacteroidetes;c__Bacteroidia;o__Bacteroidales;f__Rikenellaceae;g__Alistipes;s__Alistipes_finegoldii	k__Bacteria;p__Bacteroidetes;c__Bacteroidia;o__Bacteroidales;f__Porphyromonadaceae;g__Parabacteroides;s__Parabacteroides_distasonis	k__Bacteria;p__Bacteroidetes;c__Bacteroidia;o__Bacteroidales;f__Bacteroidaceae;g__Bacteroides;s__Bacteroides_thetaiotaomicron	k__Bacteria;p__Bacteroidetes;c__Bacteroidia;o__Bacteroidales;f__Bacteroidaceae;g__Bacteroides;s__Bacteroides_coprocola	k__Bacteria;p__Bacteroidetes;c__Bacteroidia;o__Bacteroidales;f__Bacteroidaceae;g__Bacteroides;s__Bacteroides_cellulosilyticus	k__Bacteria;p__Bacteroidetes;c__Bacteroidia;o__Bacteroidales;f__Rikenellaceae;g__Alistipes;s__Alistipes_obesi	k__Bacteria;p__Firmicutes;c__Clostridia;o__Clostridiales;f__Lachnospiraceae;g__;s__[Eubacterium]_rectale	k__Bacteria;p__Bacteroidetes;c__Bacteroidia;o__Bacteroidales;f__Bacteroidaceae;g__Bacteroides;s__Bacteroides_plebeius	k__Bacteria;p__Bacteroidetes;c__Bacteroidia;o__Bacteroidales;f__Bacteroidaceae;g__Bacteroides;s__Bacteroides_fragilis	k__Bacteria;p__Proteobacteria;c__Betaproteobacteria;o__Burkholderiales;f__Sutterellaceae;g__Sutterella;s__Sutterella_wadsworthensis	k__Bacteria;p__Bacteroidetes;c__Bacteroidia;o__Bacteroidales;f__Porphyromonadaceae;g__Barnesiella;s__Barnesiella_intestinihominis	k__Bacteria;p__Bacteroidetes;c__Bacteroidia;o__Bacteroidales;f__Odoribacteraceae;g__Odoribacter;s__Odoribacter_splanchnicus	k__Bacteria;p__Bacteroidetes;c__Bacteroidia;o__Bacteroidales;f__Bacteroidaceae;g__Bacteroides;s__Bacteroides_salyersiae	k__Bacteria;p__Firmicutes;c__Clostridia;o__Clostridiales;f__Ruminococcaceae;g__Ruminiclostridium;s__[Eubacterium]_siraeum	k__Bacteria;p__Proteobacteria;c__Betaproteobacteria;o__Burkholderiales;f__Sutterellaceae;g__Parasutterella;s__Parasutterella_excrementihominis	k__Bacteria;p__Actinobacteria;c__Actinobacteria;o__Bifidobacteriales;f__Bifidobacteriaceae;g__Bifidobacterium;s__Bifidobacterium_adolescentis	k__Bacteria;p__Firmicutes;c__Clostridia;o__Clostridiales;f__Oscillospiraceae;g__Oscillibacter;s__Oscillibacter_sp._KLE_1745	k__Bacteria;p__Bacteroidetes;c__Bacteroidia;o__Bacteroidales;f__Bacteroidaceae;g__Bacteroides;s__Bacteroides_coprophilus	k__Bacteria;p__Firmicutes;c__Clostridia;o__Clostridiales;f__Lachnospiraceae;g__Roseburia;s__Roseburia_intestinalis	k__Bacteria;p__Firmicutes;c__Clostridia;o__Clostridiales;f__Lachnospiraceae;g__Roseburia;s__Roseburia_hominis	k__Bacteria;p__Bacteroidetes;c__Bacteroidia;o__Bacteroidales;f__Porphyromonadaceae;g__Parabacteroides;s__Parabacteroides_johnsonii	k__Bacteria;p__Actinobacteria;c__Actinobacteria;o__Bifidobacteriales;f__Bifidobacteriaceae;g__Bifidobacterium;s__Bifidobacterium_longum	k__Bacteria;p__Firmicutes;c__Clostridia;o__Clostridiales;f__;g__Flavonifractor;s__Flavonifractor_plautii	k__Bacteria;p__Firmicutes;c__Clostridia;o__Clostridiales;f__Clostridiaceae;g__Clostridium;s__Clostridium_phoceensis	k__Bacteria;p__Verrucomicrobia;c__Verrucomicrobiae;o__Verrucomicrobiales;f__Akkermansiaceae;g__Akkermansia;s__Akkermansia_muciniphila	k__Bacteria;p__Bacteroidetes;c__Bacteroidia;o__Bacteroidales;f__Prevotellaceae;g__Paraprevotella;s__Paraprevotella_xylaniphila	k__Bacteria;p__Firmicutes;c__Clostridia;o__Clostridiales;f__Ruminococcaceae;g__Ruminococcus;s__Ruminococcus_callidus	k__Bacteria;p__Bacteroidetes;c__Bacteroidia;o__Bacteroidales;f__Rikenellaceae;g__Alistipes;s__Alistipes_senegalensis	k__Bacteria;p__Firmicutes;c__Clostridia;o__Clostridiales;f__Lachnospiraceae;g__Blautia;s__Blautia_sp._KLE_1732	k__Bacteria;p__Bacteroidetes;c__Bacteroidia;o__Bacteroidales;f__Bacteroidaceae;g__Bacteroides;s__Bacteroides_oleiciplenus	k__Bacteria;p__Firmicutes;c__Clostridia;o__Clostridiales;f__Ruminococcaceae;g__Ruminococcus;s__Ruminococcus_bicirculans	k__Bacteria;p__Bacteroidetes;c__Bacteroidia;o__Bacteroidales;f__Bacteroidaceae;g__Bacteroides;s__Bacteroides_fluxus	k__Bacteria;p__Bacteroidetes;c__Bacteroidia;o__Bacteroidales;f__Prevotellaceae;g__Prevotella;s__Prevotella_stercorea	k__Bacteria;p__Firmicutes;c__Clostridia;o__Clostridiales;f__Lachnospiraceae;g__Dorea;s__Dorea_longicatena	k__Bacteria;p__Firmicutes;c__Clostridia;o__Clostridiales;f__Eubacteriaceae;g__Eubacterium;s__[Eubacterium]_eligens	k__Bacteria;p__Firmicutes;c__Clostridia;o__Clostridiales;f__Ruminococcaceae;g__;s__Ruminococcaceae_bacterium_D16	k__Bacteria;p__Firmicutes;c__Clostridia;o__Clostridiales;f__Lachnospiraceae;g__Coprococcus;s__Coprococcus_comes	k__Bacteria;p__Proteobacteria;c__Gammaproteobacteria;o__Enterobacterales;f__Enterobacteriaceae;g__Escherichia;s__Escherichia_coli	k__Bacteria;p__Firmicutes;c__Clostridia;o__Clostridiales;f__Ruminococcaceae;g__Anaerotruncus;s__Anaerotruncus_colihominis	k__Bacteria;p__Firmicutes;c__Clostridia;o__Clostridiales;f__Lachnospiraceae;g__Blautia;s__Blautia_obeum	k__Bacteria;p__Bacteroidetes;c__Bacteroidia;o__Bacteroidales;f__Odoribacteraceae;g__Odoribacter;s__Odoribacter_laneus	k__Bacteria;p__Firmicutes;c__Clostridia;o__Clostridiales;f__Ruminococcaceae;g__Ruminiclostridium;s__[Clostridium]_leptum	k__Bacteria;p__Bacteroidetes;c__Bacteroidia;o__Bacteroidales;f__Porphyromonadaceae;g__Parabacteroides;s__Parabacteroides_goldsteinii	k__Bacteria;p__Firmicutes;c__Clostridia;o__Clostridiales;f__Lachnospiraceae;g__Anaerostipes;s__Anaerostipes_hadrus	k__Bacteria;p__Firmicutes;c__Clostridia;o__Clostridiales;f__Ruminococcaceae;g__Ruminococcus;s__Ruminococcus_lactaris	k__Bacteria;p__Firmicutes;c__Clostridia;o__Clostridiales;f__Clostridiaceae;g__Clostridium;s__Clostridium_sp._L2-50	k__Bacteria;p__Firmicutes;c__Clostridia;o__Clostridiales;f__Clostridiaceae;g__Clostridium;s__Clostridium_sp._M62/1	k__Bacteria;p__Firmicutes;c__Clostridia;o__Clostridiales;f__;g__Intestinimonas;s__Intestinimonas_butyriciproducens	k__Bacteria;p__Actinobacteria;c__Actinobacteria;o__Bifidobacteriales;f__Bifidobacteriaceae;g__Bifidobacterium;s__Bifidobacterium_bifidum	k__Bacteria;p__Firmicutes;c__Negativicutes;o__Veillonellales;f__Veillonellaceae;g__Dialister;s__Dialister_invisus	k__Bacteria;p__Bacteroidetes;c__Bacteroidia;o__Bacteroidales;f__Bacteroidaceae;g__Bacteroides;s__Bacteroides_salanitronis
k__Bacteria;p__Bacteroidetes;c__Bacteroidia;o__Bacteroidales;f__Bacteroidaceae;g__Bacteroides;s__Bacteroides_vulgatus	1.0	-0.0317665885335	-0.0568757335408	-0.0595754025313	-0.0263937200435	-0.0388102417948	0.0208453331593	-0.0221146102172	0.0389658487854	0.0183424310605	0.0247796156645	0.0639841717797	-0.0155452939759	0.0230453439256	-0.00780382832077	0.00236395102828	-0.0137248503956	0.00713183972714	0.00233226554345	-0.0189165741556	-0.0608704193269	0.0369517030391	-0.0369288838297	0.02177767999	-0.0155732840184	-0.00261751727598	-0.0417606230768	-0.00280161206466	0.0140874221006	-0.0117943456807	0.0413546535954	-0.0121263074267	-0.0585161237771	-0.0369098634752	-0.0688225703997	0.057699646283	-0.0300906858571	0.0436932379924	0.0158472029214	0.029347396282	0.00125330574329	0.028282040247	0.0686532958944	0.0303402831481	-0.000444097836822	-0.0543608424883	-0.0589682585462	-0.0144263156003	0.025469935664	-0.0436200472093	-0.0210069319582	-0.0437750896315	-0.0469372621951	-0.0292771880672	-0.0417483656223	0.00944923356175	-0.0402859731855	-0.0169246733985	0.0236875544641
k__Bacteria;p__Bacteroidetes;c__Bacteroidia;o__Bacteroidales;f__Bacteroidaceae;g__Bacteroides;s__Bacteroides_uniformis	-0.0317665885335	1.0	0.0781898627181	-0.0242885541694	-0.000986132828989	-0.0221078129181	-0.0482150984915	0.00383000258339	0.021503794714	0.0466036817446	-0.020384118345	-0.0060036462245	-0.0245216715025	-0.0477266499682	0.00544871176757	-0.012241192156	-0.0164406872235	0.0160375731178	-0.0331923228879	-0.0062291166114	-0.0589135018416	0.00078617575085	-0.0571201878476	0.0366474083524	0.0167743112027	-0.0315288684759	0.0393239263069	-0.0159605727541	0.0133539480228	0.0457363937868	0.0412247455796	-0.0929838810231	0.0194144207953	-0.0418203536149	-0.0163553109335	0.0118280787631	-0.0349422581911	-0.0978382422749	0.0300421027807	0.0167603366571	-0.0804900142046	0.0668851554364	0.0010963631938	-0.0624751600711	0.0212786394632	-0.0699630184469	-0.0209702832238	-0.0240431874932	-0.00880891245397	-0.0331204556494	-0.0258454964201	-0.0150597763822	-0.0289125029602	0.0141297383305	-0.0647903886047	0.0104480031371	-0.0653221016878	-0.0300291259303	0.00277624278841
k__Bacteria;p__Bacteroidetes;c__Bacteroidia;o__Bacteroidales;f__Rikenellaceae;g__Alistipes;s__Alistipes_putredinis	-0.0568757335408	0.0781898627181	1.0	-0.0285317979556	0.0266887052053	-0.00889064657656	0.0535019786665	-0.0122631337181	-0.00476424154999	0.00998105105233	0.00719286799048	-0.0044665543813	0.00482826413972	-0.0505326179874	-0.00414945115706	-0.0489488204094	0.00537762054226	-0.060481674742	-0.0555704351162	-0.0436223205262	-0.0627209941856	-0.0492423790329	-0.0743407201452	-0.0216934432427	0.0111697515941	-0.0254772234354	-0.0056594340617	-0.0156700493644	0.000311684375964	-0.042648469778	0.0391046488444	-0.0381769294241	-0.0146767564552	0.0490329686319	0.0456307787717	-0.00664839858307	0.0408475429127	0.0261271715401	0.0104469898624	-0.0170060176508	-0.0272166069094	0.0176605043393	-0.0568566194576	0.030343416075	-0.0353048511486	0.000638653212806	-0.0569595328357	0.0164586785782	-0.0309801180526	0.0401871402885	-0.0229260290652	-0.0177561252057	-0.0299976726791	-0.0374963539258	0.00463209470103	-0.0106665913687	0.00794846210409	0.0281557090392	-0.0502705693421
k__Bacteria;p__Bacteroidetes;c__Bacteroidia;o__Bacteroidales;f__Prevotellaceae;g__Prevotella;s__Prevotella_copri	-0.0595754025313	-0.0242885541694	-0.0285317979556	1.0	-0.0321321923165	0.0377413555839	-0.0449993608121	0.0302252468611	-0.00622144624096	-0.0127968694179	0.0423764886947	-0.00291213340025	-0.0328535014233	-0.0138054761485	0.00276904039886	-0.00309747406727	0.00249792626708	-0.0221546963233	-0.0121408293657	-0.00244857087792	0.00184240445167	0.0208490758695	-0.00518887225181	-0.0840171175659	-0.00391130111892	0.0256876408181	-0.0111349394709	0.0195083021131	-0.0489323178513	-0.0698780796681	-0.0338064122497	-9.13658054549e-05	0.00580918063481	-0.0218867246218	-0.119173875539	-0.00876392291258	0.00104494662072	-0.0366373017453	-0.0113382672995	-0.0402391141397	0.0491305009161	0.0221931617486	-0.00633229165837	0.0202722870592	-0.00209608766971	0.018959447142	-0.00734779659002	0.00932585171614	0.000860612215711	-0.0251208672757	0.00744585026788	0.0253102509159	0.0685924153902	0.00487513936192	0.0317125701207	-0.0185377017521	-0.000694527931408	-0.0638571238076	0.0229617613468
k__Bacteria;p__Bacteroidetes;c__Bacteroidia;o__Bacteroidales;f__Bacteroidaceae;g__Bacteroides;s__Bacteroides_stercoris	-0.0263937200435	-0.000986132828989	0.0266887052053	-0.0321321923165	1.0	0.0195422759075	-0.0303993605366	-0.0222388289064	-0.0115918539686	-0.00963633687423	-0.0233086067196	-0.105989223498	-0.0129072316074	0.0141120245034	-0.0214915334361	0.00312808324637	-0.00178857974089	-0.0549224632009	0.0152490879685	-0.00192623714856	0.0397208872951	-0.0268762867742	0.0212342009948	0.00421033487979	-0.0475832445051	0.0234944691224	0.0286044347397	0.0129577614057	-0.00315188451638	-0.0210520974858	0.0720196359854	-0.0503053732894	0.0111074978605	0.0528034169485	0.0128317821327	-0.0883507605016	-0.0443279686683	0.0219759260567	-0.0116601909656	-0.030323236489	-0.0533206583354	-0.0127166410249	-0.0266128439333	0.00554294291402	0.0672374408971	-0.000279339866113	-0.0389953375079	0.0424540181109	0.0317052970465	0.0214622462704	-0.0901530348216	0.0394744637023	-0.0184391724312	-0.0691353317481	-0.00525034393016	0.0308064118504	0.0135881948523	0.00810665512231	-0.0355666484559
k__Bacteria;p__Bacteroidetes;c__Bacteroidia;o__Bacteroidales;f__Bacteroidaceae;g__Bacteroides;s__Bacteroides_ovatus	-0.0388102417948	-0.0221078129181	-0.00889064657656	0.0377413555839	0.0195422759075	1.0	-0.0595716418552	-0.0117033451979	0.0313989330094	-0.0740220825034	0.0388026203096	-0.015513828858	-0.025205493842	-0.0128185651671	-0.0191443657201	0.0448196227643	0.0246817948793	0.0271028395927	0.0114641977844	-0.0154667290877	-0.0112221594644	-0.0223733650712	-0.00878194773539	-0.0180888311985	-0.00867558097623	-0.0367023281991	-0.0462277948065	0.0146230793428	-0.0549293041589	0.0287870825312	-0.0220788295013	0.0243386631573	-0.00727387462564	0.0491133573675	-0.014910660253	0.00345822346819	0.0629648512554	0.0379676525423	-0.0672059318307	-0.00783372193869	0.0338714024212	0.0370023574216	-0.0379013626721	0.00700783007688	-0.00172460587642	-0.0260285666756	-0.0296611502769	-0.0402393146382	0.00581914545639	-0.0151128493613	0.0227589408705	-0.133678596701	0.0159272674931	-0.0294156375581	0.0325244104204	-0.0477344284474	-0.00999815882413	-0.0169154184019	-0.0324618994562
k__Bacteria;p__Bacteroidetes;c__Bacteroidia;o__Bacteroidales;f__Rikenellaceae;g__Alistipes;s__Alistipes_shahii	0.0208453331593	-0.0482150984915	0.0535019786665	-0.0449993608121	-0.0303993605366	-0.0595716418552	1.0	0.0944077021795	-0.0316377508866	0.0321615724643	-0.0500168021959	-0.031349296889	0.00208548051231	-0.0449689812419	0.0297762822379	-0.0153985804207	-0.00365781854283	0.0220052763486	0.0031566183545	0.051755116531	-0.0017615223327	0.0171852011385	0.00158358654615	-0.00274028162346	-0.0195166480604	0.00981769521094	-0.0213095097988	0.0280458803488	-0.0648873798716	-0.00940351296202	-0.0262555891338	0.0171905055656	0.0202944713489	-0.0481981696136	-0.0503887333792	-0.0132450538142	-0.0383664342012	-0.0062263051663	-0.0374936297367	-0.00874721530954	0.0178756874956	-0.0201244401428	0.0289076865918	0.0334388877258	-0.00588377070886	0.0143355845017	-0.0484990492204	0.0223645380619	-0.0305636387329	0.0301241307008	-0.0223612981973	0.0604253952695	-0.0100277424369	0.049210000396	0.00266889955808	0.0167307415974	-0.0317139051995	-0.0763810792858	-0.0564432326148
k__Bacteria;p__Firmicutes;c__Clostridia;o__Clostridiales;f__Ruminococcaceae;g__Faecalibacterium;s__Faecalibacterium_prausnitzii	-0.0221146102172	0.00383000258339	-0.0122631337181	0.0302252468611	-0.0222388289064	-0.0117033451979	0.0944077021795	1.0	-0.0203240531057	0.0148728311329	-9.6499765786e-05	0.0255146117926	-0.0672438338427	-0.00736110031266	0.103733183026	-0.0253759057547	-0.0131494876586	-0.00193734724548	0.00180299745039	0.0244554286261	-0.0260781913191	0.0162780016329	-0.031276313688	0.0131769713192	-0.0270101112574	-0.014731355067	0.0142939951624	0.0482730048687	-0.0365249790961	-0.0321546254494	0.0686957812737	-0.0606386943152	-0.0477177421151	0.00166678006851	0.048252371631	0.00624084912051	0.00750252851593	0.0301127000103	-0.00427320591356	-0.0330044779592	-0.0404457305583	-0.00677844815107	0.00754609115375	-0.0311732090083	-0.0323994140167	-0.0327338025472	0.0138606571305	-0.0276135289884	-0.0637453205268	-0.0235331021797	-0.0389998738166	0.02626029054	-0.0467944327252	0.00336517239763	-0.0156398003861	-0.0352786527963	-0.0768571050436	-0.085037481308	-0.0012111158035
k__Bacteria;p__Bacteroidetes;c__Bacteroidia;o__Bacteroidales;f__Rikenellaceae;g__Alistipes;s__Alistipes_finegoldii	0.0389658487854	0.021503794714	-0.00476424154999	-0.00622144624096	-0.0115918539686	0.0313989330094	-0.0316377508866	-0.0203240531057	1.0	-0.0168124338145	-0.0479276946173	-0.000498192162141	0.0107012821286	-0.0107535030797	0.033007089653	0.0206057661093	-0.00439833543424	0.0643688132064	-0.0463388500353	0.00911915004741	-0.0794723298121	0.0432555437468	0.00224952356958	0.0628480382104	-0.0437369216718	0.0191022046176	-0.0479405527493	-0.022944813349	0.0928262282344	-0.0295577572445	-0.0202086193872	0.0236331304306	-0.0157074801394	0.0446946881347	0.0246033321412	-0.06759236452	-0.0320973997027	-0.07571133623	-0.00188467762395	-0.0890811208521	-0.0578995679213	-0.0177013176366	0.0106781476815	0.0111267513112	-0.104349272952	-0.0407475846425	-0.0179718242125	0.0366488421214	0.054623298893	-0.00815274223144	-0.0358342718941	0.0438156355308	-0.0225299614107	0.000422446640582	0.0362985411289	0.024598402362	0.0190537136217	-0.0338521273278	0.00859869310009
k__Bacteria;p__Bacteroidetes;c__Bacteroidia;o__Bacteroidales;f__Porphyromonadaceae;g__Parabacteroides;s__Parabacteroides_distasonis	0.0183424310605	0.0466036817446	0.00998105105233	-0.0127968694179	-0.00963633687423	-0.0740220825034	0.0321615724643	0.0148728311329	-0.0168124338145	1.0	-0.0296186729176	-0.0757066668325	-0.0416259370871	-0.0639115911219	-0.0508843884002	-0.0232772257291	-0.0488262614648	-0.0202154192962	-0.0398993136892	0.0373277034723	-0.0288566846749	-0.0442040415694	0.00239618293901	0.0320986314266	-0.0191960052003	0.0076931963624	0.00987757764237	-0.019628540626	0.0400067942461	-0.0455499384934	-0.0197208296209	0.0142391040094	-0.0660443378904	-0.00478917543381	-0.0190124317156	-0.0041172119415	-0.0202608219672	0.00903003572045	0.0032032733018	0.0634788647792	-0.00369564820195	-0.0777362563087	0.0561973414066	0.00431005499752	0.00291272853779	0.00988156328457	-0.0269682629813	-0.0191657838002	-0.00809296500981	-0.0324182132196	-0.0473079925424	0.0222127060433	0.0216449563938	0.0158747185777	-0.0480053478048	0.0245758034492	-0.0182600058528	-0.00461971976261	-0.0650019910446
k__Bacteria;p__Bacteroidetes;c__Bacteroidia;o__Bacteroidales;f__Bacteroidaceae;g__Bacteroides;s__Bacteroides_thetaiotaomicron	0.0247796156645	-0.020384118345	0.00719286799048	0.0423764886947	-0.0233086067196	0.0388026203096	-0.0500168021959	-9.64997657859e-05	-0.0479276946173	-0.0296186729176	1.0	-0.0132601390994	-0.0614352178893	-0.00756673439095	-0.0755578949581	0.000333976415402	-0.0558348395354	0.051922311815	-0.00235337476429	0.0594099979814	0.00258810706262	-0.0788024670287	-0.00570438229439	-0.0405239243622	0.0141477503101	0.0655824342058	-0.0283982781903	-0.0430426918767	-0.0143984557015	0.00100651007894	0.00408045537592	-0.00777992300464	0.0557183906873	0.0474958506207	0.0584758802637	0.0347234049397	0.0479903749821	0.00962062958904	0.00262522818292	0.0279394700292	-0.068621628103	0.00161259178101	-0.022556998384	0.0262581496878	0.0119451583411	-0.0204135814773	-0.00267848924239	0.0638194157836	0.0754448801933	0.022565015957	-0.0250190266527	-0.0541385110948	0.0347112651232	-0.0261003482525	0.0119827651507	-0.0711879997476	-0.0429478075772	-0.0277644205785	0.0137118504889
k__Bacteria;p__Bacteroidetes;c__Bacteroidia;o__Bacteroidales;f__Bacteroidaceae;g__Bacteroides;s__Bacteroides_coprocola	0.0639841717797	-0.0060036462245	-0.0044665543813	-0.00291213340025	-0.105989223498	-0.015513828858	-0.031349296889	0.0255146117926	-0.000498192162141	-0.0757066668325	-0.0132601390994	1.0	-0.00501134751318	0.0208055390338	0.015911235399	-0.0811477888824	-0.0240675198379	0.00142192754393	0.0258304264937	0.0380595523648	0.00223095051329	0.00082230774587	0.0131943144775	-0.000125615974331	-0.0289325025138	-0.0136136879015	-0.0298662608182	0.0582471672335	-0.0400689448021	-0.0614262125158	0.00168194261448	-0.0203138223522	-0.0037636261231	0.00787790744814	-0.0342779088678	-0.0286342975294	-0.00885992023651	-0.0392144016196	-0.0305403954501	-0.0589772192861	-0.0161048643605	-0.00700926574452	0.0197638718019	0.0399461843125	-0.00929170749911	-0.00306492070864	0.0104468234818	-0.0980902822863	-0.0384323900414	0.0172879879194	0.0411981213902	0.0162703321141	0.00367634836445	0.0356334032912	0.0743928786067	0.027348975619	0.0534211883878	-0.0429173301256	-0.018470375728
k__Bacteria;p__Bacteroidetes;c__Bacteroidia;o__Bacteroidales;f__Bacteroidaceae;g__Bacteroides;s__Bacteroides_cellulosilyticus	-0.0155452939759	-0.0245216715025	0.00482826413972	-0.0328535014233	-0.0129072316074	-0.025205493842	0.00208548051231	-0.0672438338427	0.0107012821286	-0.0416259370871	-0.0614352178893	-0.00501134751318	1.0	0.0364171962806	0.0598363161433	0.00236212554346	-0.0240530351883	-0.00363523183021	-0.0202204843657	-0.0306792554259	-0.0721230759709	0.0396548573607	0.00630643946273	0.0593942713253	-0.0595629002982	-0.00810446517905	-0.0343404387907	-0.0705056282529	-0.0367031804375	-0.0129966206273	-0.00466810548303	0.043019743147	-0.0218283793548	0.00519626568671	-0.0241595915212	-0.0292829659581	-0.00748855587263	-0.0134186463585	0.0308773240814	-0.0575235367133	0.0105588564364	0.0227878610987	-0.0271859955893	-0.0192621457074	-0.0227880959442	-0.0221258001142	0.00253965172887	-0.0299609439133	-0.0257510401645	0.036740730595	-0.047325074152	-0.00167659057905	-0.0165483978732	0.0295724118475	0.0299882816743	-0.0777150428248	-0.0159912154311	0.0202954753338	-0.0589391246065
k__Bacteria;p__Bacteroidetes;c__Bacteroidia;o__Bacteroidales;f__Rikenellaceae;g__Alistipes;s__Alistipes_obesi	0.0230453439256	-0.0477266499682	-0.0505326179874	-0.0138054761485	0.0141120245034	-0.0128185651671	-0.0449689812419	-0.00736110031266	-0.0107535030797	-0.0639115911219	-0.00756673439095	0.0208055390338	0.0364171962806	1.0	-0.0333564139699	-0.00919182280052	-0.0360609502427	-0.0220567066662	-0.0293376985096	-0.0178300645804	-0.0289848112762	0.0299871315103	0.0137551732043	-0.0308665418067	-0.0336316996903	0.029866474599	0.0285487183598	0.0251641426276	0.0417322097643	0.0274598013716	0.0449112536874	-0.0247851612631	-0.00333567807758	-0.00154564955531	0.00874644245512	-0.0104914246297	-0.00271413107816	0.0138198800649	-0.0722309250242	-0.0243072798403	0.0264458203251	0.0346132577425	0.0012868699611	0.0268019453923	0.00102191775428	-0.00914665183702	0.0147229631123	-0.0556619750381	-0.0225719080771	0.0559821615351	0.0247621863837	-0.00369635942811	-0.0399793002988	-0.0288669188576	-0.0881887859018	0.0423320292232	-0.00678696278338	-0.0548884956247	-0.0057182305253
k__Bacteria;p__Firmicutes;c__Clostridia;o__Clostridiales;f__Lachnospiraceae;g__;s__[Eubacterium]_rectale	-0.00780382832077	0.00544871176757	-0.00414945115706	0.00276904039886	-0.0214915334361	-0.0191443657201	0.0297762822379	0.103733183026	0.033007089653	-0.0508843884002	-0.0755578949581	0.015911235399	0.0598363161433	-0.0333564139699	1.0	0.0264137034518	-0.012508686372	-0.0248538919773	-0.0259420372684	-0.0397720365544	-0.00549945180404	-0.0170196554948	-0.0506953514551	0.0202824833487	-0.0173833261257	-0.04112783965	0.0116684467056	-0.0546281153058	-0.032291789422	-0.038430997626	0.0247435713059	0.0498398207698	0.00558504878765	-0.0607465208265	-0.00261910155502	0.00642557105788	0.0825163678306	0.0010790673651	0.0205644274682	0.0406048261836	0.0570762623864	0.0226174251323	0.0825612057195	-0.0480402725343	-0.0264853736961	-0.0444298971428	0.0457696712182	-0.0616543286304	-0.0183067087799	-0.0147088908703	0.00788639835474	0.00546454875274	-0.0826755163308	-0.0147140171979	-0.0841999061586	-0.0532825342833	0.0125134416049	0.0243519157366	-0.056021533249
k__Bacteria;p__Bacteroidetes;c__Bacteroidia;o__Bacteroidales;f__Bacteroidaceae;g__Bacteroides;s__Bacteroides_plebeius	0.00236395102828	-0.012241192156	-0.0489488204094	-0.00309747406727	0.00312808324637	0.0448196227643	-0.0153985804207	-0.0253759057547	0.0206057661093	-0.0232772257291	0.000333976415402	-0.0811477888824	0.00236212554346	-0.00919182280052	0.0264137034518	1.0	-0.0285602928405	0.0368570581622	-0.00738798674571	0.0170346744025	-0.0411479250391	-0.00517077890694	-0.0814754932071	-0.0733889398068	0.047088303525	-0.0312685551729	-0.125430850544	0.048775592928	-0.0699346061454	-0.010896277289	-0.0166832009221	-0.0246709404981	0.0098171744809	0.0201319915225	-0.0250326200105	-0.101526013292	0.0178466881305	-0.0382938845546	0.0876763775787	0.0690535882632	0.0488208323416	0.0264308076188	-0.00652160720977	-0.044961836413	-0.0330953433735	0.00132765970856	-0.0261415790869	-0.0154776892849	0.00453769250183	-0.0532523373312	0.00548251747208	0.00459298691206	-0.0501519228793	0.0181075063495	-0.087523342458	0.0130783273552	0.000256215382337	-0.000101122945332	0.142028660546
k__Bacteria;p__Bacteroidetes;c__Bacteroidia;o__Bacteroidales;f__Bacteroidaceae;g__Bacteroides;s__Bacteroides_fragilis	-0.0137248503956	-0.0164406872235	0.00537762054226	0.00249792626708	-0.00178857974089	0.0246817948793	-0.00365781854283	-0.0131494876586	-0.00439833543424	-0.0488262614648	-0.0558348395354	-0.0240675198379	-0.0240530351883	-0.0360609502427	-0.012508686372	-0.0285602928405	1.0	-0.0103640388327	-0.018205499952	-0.042119507768	-0.00795051123873	-0.0419379847581	0.0574961227191	-0.028167361009	-0.0208081252947	-0.00965540223782	-0.0191865101905	0.00488464768641	-0.0117609493574	-0.000688150134158	0.004010749607	-0.0796761971146	0.0114427559634	-0.00483272763041	-0.0146094879464	0.0603930632122	0.0138521813	-0.0127858480901	0.0279740091913	0.0793666234138	0.0144140519708	-0.013745568523	-0.000820222726244	-0.0174208448176	0.04117314744	0.0143950701368	0.0258168491796	-0.0188145551055	0.00258902955957	-0.0578598618025	-0.000859693766963	-0.0592549859877	0.0378829534311	0.0213752339571	-0.0216544042076	-0.0748012748385	-0.0240562941508	0.019379602975	0.0106353494893
k__Bacteria;p__Proteobacteria;c__Betaproteobacteria;o__Burkholderiales;f__Sutterellaceae;g__Sutterella;s__Sutterella_wadsworthensis	0.00713183972714	0.0160375731178	-0.060481674742	-0.0221546963233	-0.0549224632009	0.0271028395927	0.0220052763486	-0.00193734724548	0.0643688132064	-0.0202154192962	0.051922311815	0.00142192754393	-0.00363523183021	-0.0220567066662	-0.0248538919773	0.0368570581622	-0.0103640388327	1.0	-0.00493438303783	-0.00239090068059	-0.0423922699952	0.028204332024	-0.0603718835633	-0.039531172787	-0.0104898854414	0.00811568298564	-0.0620856422605	-0.00655694317032	0.00281719300397	0.00733871368138	-0.0416132051482	0.0584003082566	-0.0196390331636	-0.0439303813539	-0.0233345699624	0.0230512445426	0.0109748111973	0.00659508696644	-0.0476361238054	0.0585751361608	0.0204960894365	0.0376974000368	-0.0788232756931	-0.00898551839443	-0.0690790543766	-0.0503407881431	-0.0411625931077	-0.0085607655175	0.0157776568025	-0.014524110746	0.00617147695077	-0.0187375389033	0.0177154600649	-0.0392605143984	0.000314704437436	0.0170263344567	-0.00439368429964	0.0696867425215	-0.021131881643
k__Bacteria;p__Bacteroidetes;c__Bacteroidia;o__Bacteroidales;f__Porphyromonadaceae;g__Barnesiella;s__Barnesiella_intestinihominis	0.00233226554345	-0.0331923228879	-0.0555704351162	-0.0121408293657	0.0152490879685	0.0114641977844	0.0031566183545	0.00180299745039	-0.0463388500353	-0.0398993136892	-0.00235337476429	0.0258304264937	-0.0202204843657	-0.0293376985096	-0.0259420372684	-0.00738798674571	-0.018205499952	-0.00493438303783	1.0	-0.0616171168158	-0.0649909289838	-0.045148532681	-0.0563241312567	-0.0189582969634	-0.0106508854384	-0.00715229139968	-0.0443574838554	0.0550040845954	0.00876500002617	-0.00162891377231	0.0340299223143	-0.00428165247164	-0.0664500201176	0.0414079249636	-0.0310975344585	0.00659152881019	0.0331837208767	0.00906557330211	0.0287152174473	-0.00391205970378	0.0321022752708	0.0222644728312	0.0480435288165	0.0317769289123	-0.0644987799052	-0.0518065934344	-0.0354376207452	0.00348486108259	-0.00295764060776	-0.0682284467978	-0.0408267277358	0.00294870671105	-0.012710842862	-0.0282661528731	0.0097564465619	0.00390940997722	0.0409849425133	0.0376932205627	0.0272192408678
k__Bacteria;p__Bacteroidetes;c__Bacteroidia;o__Bacteroidales;f__Odoribacteraceae;g__Odoribacter;s__Odoribacter_splanchnicus	-0.0189165741556	-0.0062291166114	-0.0436223205262	-0.00244857087792	-0.00192623714856	-0.0154667290877	0.051755116531	0.0244554286261	0.00911915004741	0.0373277034723	0.0594099979814	0.0380595523648	-0.0306792554259	-0.0178300645804	-0.0397720365544	0.0170346744025	-0.042119507768	-0.00239090068059	-0.0616171168158	1.0	0.030197179772	-0.0739945411882	0.0065593994932	0.0371224609352	-0.0188842436869	-0.0904184821434	0.0129269012303	0.00336151534838	-0.00741745584502	-0.0430657140129	-0.0452782708039	-0.0371191968868	0.00606350371605	-0.00972197862036	-0.112159709598	0.00128731812132	-0.00979787447938	-0.0904126799732	0.052533814399	0.0199310852541	-0.0108790031525	0.01784919061	0.0361922733201	-0.0300930231644	0.00490995229827	-0.0596514322464	0.011485853057	-0.0341813192468	0.0633567405143	0.0267389994888	-0.00977421688071	-0.0591884006601	-0.0158825343488	0.0136736948101	-0.0276191105546	0.0517771945181	-0.0134609079544	-0.00672729527807	-0.0150662974983
k__Bacteria;p__Bacteroidetes;c__Bacteroidia;o__Bacteroidales;f__Bacteroidaceae;g__Bacteroides;s__Bacteroides_salyersiae	-0.0608704193269	-0.0589135018416	-0.0627209941856	0.00184240445167	0.0397208872951	-0.0112221594644	-0.0017615223327	-0.0260781913191	-0.0794723298121	-0.0288566846749	0.00258810706262	0.00223095051329	-0.0721230759709	-0.0289848112762	-0.00549945180404	-0.0411479250391	-0.00795051123873	-0.0423922699952	-0.0649909289838	0.030197179772	1.0	0.0338771908269	0.0337891000003	0.0409806288539	0.0273060124952	-0.0289831408377	0.0342505709423	0.00598139600369	-0.0141981137796	-0.018714793763	0.0392483621821	-0.036114436794	-0.0214089121414	-0.05315692489	-0.0209426388687	-0.0539815405774	0.0184189173774	-0.00789784423496	-0.0751102203763	0.00383731787562	-0.0124461726242	0.0010110560029	-0.0511759192351	0.00298570469422	0.0216231056061	0.0222284699359	-0.0215879112982	-0.018432535292	-0.0123144543545	-0.0246219275977	-0.0459986727834	0.0361498573601	-0.0720535782257	0.0532718745949	-0.0318801826607	-0.0501230113273	-0.0151369669394	-0.0334821289655	-0.0514337518451
k__Bacteria;p__Firmicutes;c__Clostridia;o__Clostridiales;f__Ruminococcaceae;g__Ruminiclostridium;s__[Eubacterium]_siraeum	0.0369517030391	0.00078617575085	-0.0492423790329	0.0208490758695	-0.0268762867742	-0.0223733650712	0.0171852011385	0.0162780016329	0.0432555437468	-0.0442040415694	-0.0788024670287	0.00082230774587	0.0396548573607	0.0299871315103	-0.0170196554948	-0.00517077890694	-0.0419379847581	0.028204332024	-0.045148532681	-0.0739945411882	0.0338771908269	1.0	-0.0249918010288	-0.0155002418855	-0.0186380934448	-0.00872565554876	-0.0450287926394	-0.0303803003768	-0.0152608432292	-0.0179014304779	0.0329910009943	0.0307577575946	-0.0640408155595	-0.00349260574293	0.0129771807757	-0.00157163789934	-0.0407765949877	-0.0397665162184	0.025996395072	0.0631355332423	-0.0633517859017	-0.00358820250128	-0.0241860584535	-0.000773218455466	0.0357049528348	-0.0170798816059	0.015525707881	0.0761814162491	-0.00714554998284	-0.0058799068001	0.0141238190583	0.0312584397008	-0.0430358832746	0.00385287494805	-0.0290249266782	0.0165050823806	-0.0223884260177	0.0051270710092	-0.0206037428079
k__Bacteria;p__Proteobacteria;c__Betaproteobacteria;o__Burkholderiales;f__Sutterellaceae;g__Parasutterella;s__Parasutterella_excrementihominis	-0.0369288838297	-0.0571201878476	-0.0743407201452	-0.00518887225181	0.0212342009948	-0.00878194773539	0.00158358654615	-0.031276313688	0.00224952356958	0.00239618293901	-0.00570438229439	0.0131943144775	0.00630643946273	0.0137551732043	-0.0506953514551	-0.0814754932071	0.0574961227191	-0.0603718835633	-0.0563241312567	0.0065593994932	0.0337891000003	-0.0249918010288	1.0	-0.0344978319748	-0.0221789439139	0.049122376393	-0.0349565382842	-0.00598680764878	-0.00572182622086	0.0820027396917	-0.0163349874465	0.00984135360311	-0.00735009655846	-0.067586907485	0.0144351337605	-0.00772487151149	-0.026160761706	-0.0286711365518	0.0584872877704	-0.0651603918192	0.00283247773342	-0.0181236178523	-0.056280735104	0.0217883892398	-0.0211530952032	-0.0227938226687	0.00878502610255	-0.0349146402709	-0.0550839436116	-0.039705169702	-0.0340563082362	0.0175050242409	-0.0100056466553	-0.0868998438341	-0.0299412999453	-0.00580299953689	0.0116292935102	-0.0379939804915	-0.0139501864417
k__Bacteria;p__Actinobacteria;c__Actinobacteria;o__Bifidobacteriales;f__Bifidobacteriaceae;g__Bifidobacterium;s__Bifidobacterium_adolescentis	0.02177767999	0.0366474083524	-0.0216934432427	-0.0840171175659	0.00421033487979	-0.0180888311985	-0.00274028162346	0.0131769713192	0.0628480382104	0.0320986314266	-0.0405239243622	-0.000125615974331	0.0593942713253	-0.0308665418067	0.0202824833487	-0.0733889398068	-0.028167361009	-0.039531172787	-0.0189582969634	0.0371224609352	0.0409806288539	-0.0155002418855	-0.0344978319748	1.0	-0.0128525292382	-0.04757469101	0.0274346974665	-0.0424627314903	-0.00169479034821	-0.0420683190955	-0.0133506780721	-0.116264002122	0.0695336063093	-0.0244599230495	-0.00830375562057	-0.0466205746615	-0.014304647332	-0.00161168268233	0.00910281078117	-0.0224572935735	0.050867239841	-0.044985616052	-0.0390630383974	-0.000864854552161	-0.0330775627369	-0.0568268003274	-0.0137976950655	-0.00649494916711	-0.0130489472021	-0.029200979214	-0.0464558738635	0.0309558509462	-0.00267929514873	-0.0255105742736	0.0014107522191	0.0382990216271	-0.0612526897909	0.0361541792946	-0.0155120332298
k__Bacteria;p__Firmicutes;c__Clostridia;o__Clostridiales;f__Oscillospiraceae;g__Oscillibacter;s__Oscillibacter_sp._KLE_1745	-0.0155732840184	0.0167743112027	0.0111697515941	-0.00391130111892	-0.0475832445051	-0.00867558097623	-0.0195166480604	-0.0270101112574	-0.0437369216718	-0.0191960052003	0.0141477503101	-0.0289325025138	-0.0595629002982	-0.0336316996903	-0.0173833261257	0.047088303525	-0.0208081252947	-0.0104898854414	-0.0106508854384	-0.0188842436869	0.0273060124952	-0.0186380934448	-0.0221789439139	-0.0128525292382	1.0	-0.0187796710159	-0.00330404707233	-0.0100993321616	-0.00405595406415	0.00703262948054	-0.0339001560612	0.0112869443079	0.0262122718033	-0.0213229433849	0.0537455959981	-0.0156048219503	0.00817493089532	-0.062701505561	0.000712366923892	0.00894233633006	-0.00043781671949	-0.0113554165252	-0.0667592538304	-0.0190792548835	-0.0115309318925	-0.00231910853667	-0.0281287276949	-0.0361737368603	-0.0105088502638	-0.0298384209404	-0.0140775780831	0.0152728478832	-0.0504803680493	0.0426575310351	0.00459111499117	0.0169671207632	0.0307546238907	0.0179969944626	0.0402252959327
k__Bacteria;p__Bacteroidetes;c__Bacteroidia;o__Bacteroidales;f__Bacteroidaceae;g__Bacteroides;s__Bacteroides_coprophilus	-0.00261751727598	-0.0315288684759	-0.0254772234354	0.0256876408181	0.0234944691224	-0.0367023281991	0.00981769521094	-0.014731355067	0.0191022046176	0.0076931963624	0.0655824342058	-0.0136136879015	-0.00810446517905	0.029866474599	-0.04112783965	-0.0312685551729	-0.00965540223782	0.00811568298564	-0.00715229139968	-0.0904184821434	-0.0289831408377	-0.00872565554876	0.049122376393	-0.04757469101	-0.0187796710159	1.0	0.00705206241339	-0.0108213383994	0.0340097914762	-0.021749471999	0.0371907729037	-0.0480871249325	-0.0368789476392	0.0294499801096	0.010570742447	-0.00972332977816	0.0162955909004	-0.00523301551506	-0.0661154397184	-0.0144616568438	0.00222262481696	-0.0456890018517	-0.0102908080205	0.0501435038694	-0.0204078273348	0.0108074486315	0.0350319922286	0.00432236104019	-0.0565565664288	-0.0145258504178	-0.0259799733528	-0.0424739434877	-0.000647807994532	0.025717472183	0.0215996206249	-0.0587684518414	-0.0400410079481	-0.0214278741434	0.0169991231521
k__Bacteria;p__Firmicutes;c__Clostridia;o__Clostridiales;f__Lachnospiraceae;g__Roseburia;s__Roseburia_intestinalis	-0.0417606230768	0.0393239263069	-0.0056594340617	-0.0111349394709	0.0286044347397	-0.0462277948065	-0.0213095097988	0.0142939951624	-0.0479405527493	0.00987757764237	-0.0283982781903	-0.0298662608182	-0.0343404387907	0.0285487183598	0.0116684467056	-0.125430850544	-0.0191865101905	-0.0620856422605	-0.0443574838554	0.0129269012303	0.0342505709423	-0.0450287926394	-0.0349565382842	0.0274346974665	-0.00330404707233	0.00705206241339	1.0	-0.0194852926558	0.0131234350506	-0.0211565010015	0.00569976005377	0.00253738565242	-0.0385402953127	-0.00689138232842	-0.00142711191612	-0.0046120945415	-0.00115791462681	-0.0677826499387	-0.0346404272453	0.0206821076504	0.0563094085128	-0.034179051067	-0.0376213672822	0.0466707255805	-0.000323209753261	-0.0604739390627	0.0156165242189	0.0632111060753	-2.11709603581e-05	-0.0712610744156	-0.0225140685706	0.0844315886876	-0.00380205266169	-0.0370654755552	-0.00524802372702	-0.00389046494988	-0.0658397227366	-0.0596259943195	0.0155641447139
k__Bacteria;p__Firmicutes;c__Clostridia;o__Clostridiales;f__Lachnospiraceae;g__Roseburia;s__Roseburia_hominis	-0.00280161206466	-0.0159605727541	-0.0156700493644	0.0195083021131	0.0129577614057	0.0146230793428	0.0280458803488	0.0482730048687	-0.022944813349	-0.019628540626	-0.0430426918767	0.0582471672335	-0.0705056282529	0.0251641426276	-0.0546281153058	0.048775592928	0.00488464768641	-0.00655694317032	0.0550040845954	0.00336151534838	0.00598139600369	-0.0303803003768	-0.00598680764878	-0.0424627314903	-0.0100993321616	-0.0108213383994	-0.0194852926558	1.0	-0.000671561858361	-0.0360758482526	-0.0411026441907	-0.0306285817018	0.0314608270239	-0.0211036982756	-0.0540451460186	-0.0318246866794	-0.00393016483105	-0.0355076669747	-0.0355251225675	-0.00400409819537	0.0190563078859	0.0129411062005	0.0476954517231	0.0193562350761	-0.0470263653467	-0.0132431115347	-0.0143325981315	-0.0729367201118	0.0194762648265	-0.0167593244282	-0.0726652007176	-0.0305109848217	-0.0404860364307	0.0110904789297	-0.0370040999848	0.0191540372542	0.0831390307393	0.000761144057174	-0.0437647544199
k__Bacteria;p__Bacteroidetes;c__Bacteroidia;o__Bacteroidales;f__Porphyromonadaceae;g__Parabacteroides;s__Parabacteroides_johnsonii	0.0140874221006	0.0133539480228	0.000311684375963	-0.0489323178513	-0.00315188451638	-0.0549293041589	-0.0648873798716	-0.0365249790961	0.0928262282344	0.0400067942461	-0.0143984557015	-0.0400689448021	-0.0367031804375	0.0417322097643	-0.032291789422	-0.0699346061454	-0.0117609493574	0.00281719300397	0.00876500002617	-0.00741745584502	-0.0141981137796	-0.0152608432292	-0.00572182622086	-0.00169479034821	-0.00405595406415	0.0340097914762	0.0131234350506	-0.000671561858361	1.0	0.00315373037295	-0.0232901382409	-0.0705709132551	-0.0489316941989	0.0311751620701	-0.00624328937722	-0.0234570525366	-0.00898947354465	-0.0420015032771	-0.02227575007	-0.0107337606411	-0.0251897466373	0.00198035018035	-0.0375309954377	-0.0279417018913	-0.0300342872912	0.0436354668665	-0.0406525852108	0.00738740705218	0.00437840069766	-0.0247438815844	0.0188580915048	-0.059248870247	-0.0348481634859	-0.1051572099	0.0298009467816	0.0232308601382	-0.0445826651457	-0.0391363862157	-0.0226444490166
