#taxonomy	k__Bacteria;p__Bacteroidetes;c__Bacteroidia;o__Bacteroidales;f__Bacteroidaceae;g__Bacteroides;s__Bacteroides_vulgatus	k__Bacteria;p__Bacteroidetes;c__Bacteroidia;o__Bacteroidales;f__Bacteroidaceae;g__Bacteroides;s__Bacteroides_uniformis	k__Bacteria;p__Bacteroidetes;c__Bacteroidia;o__Bacteroidales;f__Rikenellaceae;g__Alistipes;s__Alistipes_putredinis	k__Bacteria;p__Bacteroidetes;c__Bacteroidia;o__Bacteroidales;f__Prevotellaceae;g__Prevotella;s__Prevotella_copri	k__Bacteria;p__Bacteroidetes;c__Bacteroidia;o__Bacteroidales;f__Bacteroidaceae;g__Bacteroides;s__Bacteroides_stercoris	k__Bacteria;p__Bacteroidetes;c__Bacteroidia;o__Bacteroidales;f__Bacteroidaceae;g__Bacteroides;s__Bacteroides_ovatus	k__Bacteria;p__Bacteroidetes;c__Bacteroidia;o__Bacteroidales;f__Rikenellaceae;g__Alistipes;s__Alistipes_shahii	k__Bacteria;p__Firmicutes;c__Clostridia;o__Clostridiales;f__Ruminococcaceae;g__Faecalibacterium;s__Faecalibacterium_prausnitzii	k__Bacteria;p__Bacteroidetes;c__Bacteroidia;o__Bacteroidales;f__Rikenellaceae;g__Alistipes;s__Alistipes_finegoldii	k__Bacteria;p__Bacteroidetes;c__Bacteroidia;o__Bacteroidales;f__Porphyromonadaceae;g__Parabacteroides;s__Parabacteroides_distasonis	k__Bacteria;p__Bacteroidetes;c__Bacteroidia;o__Bacteroidales;f__Bacteroidaceae;g__Bacteroides;s__Bacteroides_thetaiotaomicron	k__Bacteria;p__Bacteroidetes;c__Bacteroidia;o__Bacteroidales;f__Bacteroidaceae;g__Bacteroides;s__Bacteroides_coprocola	k__Bacteria;p__Bacteroidetes;c__Bacteroidia;o__Bacteroidales;f__Bacteroidaceae;g__Bacteroides;s__Bacteroides_cellulosilyticus	k__Bacteria;p__Bacteroidetes;c__Bacteroidia;o__Bacteroidales;f__Rikenellaceae;g__Alistipes;s__Alistipes_obesi	k__Bacteria;p__Firmicutes;c__Clostridia;o__Clostridiales;f__Lachnospiraceae;g__;s__[Eubacterium]_rectale	k__Bacteria;p__Bacteroidetes;c__Bacteroidia;o__Bacteroidales;f__Bacteroidaceae;g__Bacteroides;s__Bacteroides_plebeius	k__Bacteria;p__Bacteroidetes;c__Bacteroidia;o__Bacteroidales;f__Bacteroidaceae;g__Bacteroides;s__Bacteroides_fragilis	k__Bacteria;p__Proteobacteria;c__Betaproteobacteria;o__Burkholderiales;f__Sutterellaceae;g__Sutterella;s__Sutterella_wadsworthensis	k__Bacteria;p__Bacteroidetes;c__Bacteroidia;o__Bacteroidales;f__Porphyromonadaceae;g__Barnesiella;s__Barnesiella_intestinihominis	k__Bacteria;p__Bacteroidetes;c__Bacteroidia;o__Bacteroidales;f__Odoribacteraceae;g__Odoribacter;s__Odoribacter_splanchnicus	k__Bacteria;p__Bacteroidetes;c__Bacteroidia;o__Bacteroidales;f__Bacteroidaceae;g__Bacteroides;s__Bacteroides_salyersiae	k__Bacteria;p__Firmicutes;c__Clostridia;o__Clostridiales;f__Ruminococcaceae;g__Ruminiclostridium;s__[Eubacterium]_siraeum	k__Bacteria;p__Proteobacteria;c__Betaproteobacteria;o__Burkholderiales;f__Sutterellaceae;g__Parasutterella;s__Parasutterella_excrementihominis	k__Bacteria;p__Actinobacteria;c__Actinobacteria;o__Bifidobacteriales;f__Bifidobacteriaceae;g__Bifidobacterium;s__Bifidobacterium_adolescentis	k__Bacteria;p__Firmicutes;c__Clostridia;o__Clostridiales;f__Oscillospiraceae;g__Oscillibacter;s__Oscillibacter_sp._KLE_1745	k__Bacteria;p__Bacteroidetes;c__Bacteroidia;o__Bacteroidales;f__Bacteroidaceae;g__Bacteroides;s__Bacteroides_coprophilus	k__Bacteria;p__Firmicutes;c__Clostridia;o__Clostridiales;f__Lachnospiraceae;g__Roseburia;s__Roseburia_intestinalis	k__Bacteria;p__Firmicutes;c__Clostridia;o__Clostridiales;f__Lachnospiraceae;g__Roseburia;s__Roseburia_hominis	k__Bacteria;p__Bacteroidetes;c__Bacteroidia;o__Bacteroidales;f__Porphyromonadaceae;g__Parabacteroides;s__Parabacteroides_johnsonii	k__Bacteria;p__Actinobacteria;c__Actinobacteria;o__Bifidobacteriales;f__Bifidobacteriaceae;g__Bifidobacterium;s__Bifidobacterium_longum	k__Bacteria;p__Firmicutes;c__Clostridia;o__Clostridiales;f__;g__Flavonifractor;s__Flavonifractor_plautii	k__Bacteria;p__Firmicutes;c__Clostridia;o__Clostridiales;f__Clostridiaceae;g__Clostridium;s__Clostridium_phoceensis	k__Bacteria;p__Verrucomicrobia;c__Verrucomicrobiae;o__Verrucomicrobiales;f__Akkermansiaceae;g__Akkermansia;s__Akkermansia_muciniphila	k__Bacteria;p__Bacteroidetes;c__Bacteroidia;o__Bacteroidales;f__Prevotellaceae;g__Paraprevotella;s__Paraprevotella_xylaniphila	k__Bacteria;p__Firmicutes;c__Clostridia;o__Clostridiales;f__Ruminococcaceae;g__Ruminococcus;s__Ruminococcus_callidus	k__Bacteria;p__Bacteroidetes;c__Bacteroidia;o__Bacteroidales;f__Rikenellaceae;g__Alistipes;s__Alistipes_senegalensis	k__Bacteria;p__Firmicutes;c__Clostridia;o__Clostridiales;f__Lachnospiraceae;g__Blautia;s__Blautia_sp._KLE_1732	k__Bacteria;p__Bacteroidetes;c__Bacteroidia;o__Bacteroidales;f__Bacteroidaceae;g__Bacteroides;s__Bacteroides_oleiciplenus	k__Bacteria;p__Firmicutes;c__Clostridia;o__Clostridiales;f__Ruminococcaceae;g__Ruminococcus;s__Ruminococcus_bicirculans	k__Bacteria;p__Bacteroidetes;c__Bacteroidia;o__Bacteroidales;f__Bacteroidaceae;g__Bacteroides;s__Bacteroides_fluxus	k__Bacteria;p__Bacteroidetes;c__Bacteroidia;o__Bacteroidales;f__Prevotellaceae;g__Prevotella;s__Prevotella_stercorea	k__Bacteria;p__Firmicutes;c__Clostridia;o__Clostridiales;f__Lachnospiraceae;g__Dorea;s__Dorea_longicatena	k__Bacteria;p__Firmicutes;c__Clostridia;o__Clostridiales;f__Eubacteriaceae;g__Eubacterium;s__[Eubacterium]_eligens	k__Bacteria;p__Firmicutes;c__Clostridia;o__Clostridiales;f__Ruminococcaceae;g__;s__Ruminococcaceae_bacterium_D16	k__Bacteria;p__Firmicutes;c__Clostridia;o__Clostridiales;f__Lachnospiraceae;g__Coprococcus;s__Coprococcus_comes	k__Bacteria;p__Proteobacteria;c__Gammaproteobacteria;o__Enterobacterales;f__Enterobacteriaceae;g__Escherichia;s__Escherichia_coli	k__Bacteria;p__Firmicutes;c__Clostridia;o__Clostridiales;f__Ruminococcaceae;g__Anaerotruncus;s__Anaerotruncus_colihominis	k__Bacteria;p__Firmicutes;c__Clostridia;o__Clostridiales;f__Lachnospiraceae;g__Blautia;s__Blautia_obeum	k__Bacteria;p__Bacteroidetes;c__Bacteroidia;o__Bacteroidales;f__Odoribacteraceae;g__Odoribacter;s__Odoribacter_laneus	k__Bacteria;p__Firmicutes;c__Clostridia;o__Clostridiales;f__Ruminococcaceae;g__Ruminiclostridium;s__[Clostridium]_leptum	k__Bacteria;p__Bacteroidetes;c__Bacteroidia;o__Bacteroidales;f__Porphyromonadaceae;g__Parabacteroides;s__Parabacteroides_goldsteinii	k__Bacteria;p__Firmicutes;c__Clostridia;o__Clostridiales;f__Lachnospiraceae;g__Anaerostipes;s__Anaerostipes_hadrus	k__Bacteria;p__Firmicutes;c__Clostridia;o__Clostridiales;f__Ruminococcaceae;g__Ruminococcus;s__Ruminococcus_lactaris	k__Bacteria;p__Firmicutes;c__Clostridia;o__Clostridiales;f__Clostridiaceae;g__Clostridium;s__Clostridium_sp._L2-50	k__Bacteria;p__Firmicutes;c__Clostridia;o__Clostridiales;f__Clostridiaceae;g__Clostridium;s__Clostridium_sp._M62/1	k__Bacteria;p__Firmicutes;c__Clostridia;o__Clostridiales;f__;g__Intestinimonas;s__Intestinimonas_butyriciproducens	k__Bacteria;p__Actinobacteria;c__Actinobacteria;o__Bifidobacteriales;f__Bifidobacteriaceae;g__Bifidobacterium;s__Bifidobacterium_bifidum	k__Bacteria;p__Firmicutes;c__Negativicutes;o__Veillonellales;f__Veillonellaceae;g__Dialister;s__Dialister_invisus	k__Bacteria;p__Bacteroidetes;c__Bacteroidia;o__Bacteroidales;f__Bacteroidaceae;g__Bacteroides;s__Bacteroides_salanitronis
k__Bacteria;p__Bacteroidetes;c__Bacteroidia;o__Bacteroidales;f__Bacteroidaceae;g__Bacteroides;s__Bacteroides_vulgatus	1.0	-0.0129378205532	-0.0184702884481	-0.0349674629015	-0.0169075566265	-0.0610579103464	0.0529087225628	-0.0881849065523	-0.055534588165	-0.026557477648	-0.0859228120344	-0.0161880089412	0.0264440325243	-0.0941248141773	0.0259473918804	0.00942853562351	-0.0266743300333	0.00506785576489	-0.022585792419	0.0691526265423	-0.0377339081866	-0.0287693447037	0.0153961050441	-0.00834031352737	-0.0501032636258	-0.0436334804665	0.0231827036469	0.0043230051593	-0.0278213534024	0.0292068802369	0.006856358011	-0.0122768176452	0.0327324597207	-0.0523830294823	-0.0393855358992	0.0845543468117	-0.0171225433611	-0.0389701668679	-0.0270819343048	0.000999282684021	0.0869740121612	-0.0855679839102	-0.10173657865	0.0258507053808	0.00239778603862	-0.00318273616587	-0.0446964613898	0.0116023666474	-0.00624402274525	-0.0265638293099	-0.0632956780558	-0.0282932070847	0.00484668145888	0.0228098471982	0.000328071282756	0.0140655709873	-0.0286351431099	-0.014323345424	-0.0495292963246
k__Bacteria;p__Bacteroidetes;c__Bacteroidia;o__Bacteroidales;f__Bacteroidaceae;g__Bacteroides;s__Bacteroides_uniformis	-0.0129378205532	1.0	-0.00739384613115	0.0515584519869	-0.00868889234567	-0.0848675751813	0.0388047422449	-0.013530218987	-0.0149305607114	0.00845267915115	0.0467673806714	-0.016722523575	-0.0592404466486	-0.00497932482794	-0.080475974817	-0.0494978515247	0.0320057949822	0.00482067253322	0.0269218260594	-0.005120897961	0.0556845405454	-0.0247614779747	-0.0708975311085	-0.0276251097055	-0.0158036114441	-0.0106439739813	-0.0403791270965	0.0616972504575	0.0474121535639	-0.055480716135	-0.0146843806239	-0.0466993362629	-0.0253553663128	0.00386425207628	-0.0327306304813	0.0571011896175	0.00252079758297	0.0264536701193	0.0243635400247	0.0367979923156	0.0399692636601	0.0167969089897	-0.0770265095101	-0.0447375340887	0.0267259596509	-0.0320588436989	0.0314624733136	0.0319195476256	0.0192641150942	-0.00436488965447	-0.129937651579	0.00718225329084	-0.0602782291854	0.00801622924643	-0.0506729896155	-0.0244390203637	-0.0073877445557	-0.0435446949883	-0.0296986451811
k__Bacteria;p__Bacteroidetes;c__Bacteroidia;o__Bacteroidales;f__Rikenellaceae;g__Alistipes;s__Alistipes_putredinis	-0.0184702884481	-0.00739384613115	1.0	-0.0635458466094	0.0136493339945	0.0386494096785	-0.0191395069411	0.0438635844752	-0.0194027425059	-0.067936011654	0.00221019709264	0.0440052772228	0.00423122166186	0.0157940107284	-0.00341805667188	-0.0724324591009	-0.0794795752139	-0.0644296210917	0.0255718821527	0.0280978967076	-0.0314520667485	-0.0516691149416	0.00608890383168	0.0666200584902	0.0267073306695	0.0264939571573	0.0395384034864	0.0219828267694	0.0631110847962	-0.0527817511771	-0.00604931812962	-0.0218851618734	-0.031926278464	-0.0145868677679	-0.0327082735519	-0.0109774000137	-0.0601246668362	-0.00743593106936	-0.0399451319649	0.0250388332659	-0.0201802128001	-0.00693556886032	0.0323399702665	-0.0454974447364	-0.0543688950142	0.0710636760935	0.0586098109051	-0.0750478738279	0.0239461682286	-0.0395671783882	-6.27954888343e-06	-0.0460084535742	-0.0155929852634	0.0334282465672	0.0297728614569	0.0317044686489	-0.00445883312953	-0.0576191812844	-0.0401128284964
k__Bacteria;p__Bacteroidetes;c__Bacteroidia;o__Bacteroidales;f__Prevotellaceae;g__Prevotella;s__Prevotella_copri	-0.0349674629015	0.0515584519869	-0.0635458466094	1.0	-0.0063280114164	0.00116416818218	-0.0119998654413	-0.00139713844981	0.00940393654895	-0.00741444489107	-0.0508028856527	-0.0582989026422	-0.115469171304	-0.0505264511489	-0.0662546249942	-0.00730442738039	-0.0160602727638	0.025925685756	0.0015325566247	0.0260083648235	-0.00810899855266	-0.0779559426622	0.00864093339692	-0.0228719181146	0.00542720910814	0.0233301324743	0.014182622847	-0.041128381932	-0.0252144876087	0.0292489406375	-0.00430272056947	-0.0182714503634	0.000189577135231	0.0342493186178	0.0398800263287	-0.0460630830891	-0.0757901302393	-0.0364170922504	0.0121318188733	-0.0153679053955	-0.0372152074411	-0.00729351370838	0.00213531009355	0.0140929034095	0.00496618047829	-0.0230426798911	-0.00818430789529	0.0208818639148	-0.131273805014	-0.0248393102091	-0.0119902367766	0.077543461536	0.0231427342104	0.000417974995426	-0.0397500419357	-0.00765397127464	-0.00803611064834	0.0454318252108	-0.00504559240303
k__Bacteria;p__Bacteroidetes;c__Bacteroidia;o__Bacteroidales;f__Bacteroidaceae;g__Bacteroides;s__Bacteroides_stercoris	-0.0169075566265	-0.00868889234567	0.0136493339945	-0.0063280114164	1.0	-0.0411746920342	-0.0416816989595	-0.0337355154934	0.0316575763894	-0.0564116948472	-0.0414902694544	0.0381460471241	0.0127633008237	-0.0191279010878	-0.0551426308747	-0.0231129976826	0.0154892749076	0.00155466070821	0.0358167162365	0.0248809475755	0.00878491635435	-0.0566535292071	0.0377524116006	-0.0352621075876	0.00336967142665	-0.00160260132135	0.016224993002	-0.0362221476395	-0.00561513177983	-0.00350556081335	-0.10406454284	0.0837126564876	0.0405358585506	-0.0199768093754	-0.00965986584989	-0.0288386929482	-0.0244268570784	-0.041458893093	-0.0411944556115	0.0429683620159	-0.0377198995104	0.0282950347661	-0.0125719155889	-0.050066703388	0.0307868967091	-0.0386185033827	0.00328507802239	0.0360178723993	0.0402638187828	0.0318666876567	-0.0208153964464	-0.0944338653418	-0.0478647670747	0.00305826907555	0.0196589119591	0.0251141507616	-0.0189577723839	-0.0205079209075	-0.0409065367975
k__Bacteria;p__Bacteroidetes;c__Bacteroidia;o__Bacteroidales;f__Bacteroidaceae;g__Bacteroides;s__Bacteroides_ovatus	-0.0610579103464	-0.0848675751813	0.0386494096785	0.00116416818218	-0.0411746920342	1.0	0.0282351140145	0.0798653463985	-0.00956421650202	-0.0377051751883	-0.0241370883773	-0.0930232284834	-0.0352728186657	0.0613008812657	-0.00456111728078	-0.0765787599173	0.013119826589	-0.0216724158244	-0.0702196796788	0.113329885808	0.0293044607784	-0.0500863079234	-0.0138476806579	-0.0113931302346	-0.0115360720301	0.0256608561693	-0.00138324008876	0.0390244990418	-0.0236875512059	0.0251289663998	-0.015568679137	0.00102024366578	-0.00567591093783	-0.0174470265937	-0.00681101212728	0.0107039925019	-0.0331071363995	-0.0258653637095	-0.0282116962231	0.0218535867504	0.000143230713423	0.0124414085912	0.041465878204	-0.0144498261518	0.0295087572112	-0.00892192914142	-0.0380283605623	0.0438668455508	-0.000236245240609	-0.00414531500379	-0.0453144380269	0.0384804759304	0.0290361743605	0.000175530068009	-0.0206051409712	0.00834316691032	0.0297370325395	-0.0246905728966	0.0125706618595
k__Bacteria;p__Bacteroidetes;c__Bacteroidia;o__Bacteroidales;f__Rikenellaceae;g__Alistipes;s__Alistipes_shahii	0.0529087225628	0.0388047422449	-0.0191395069411	-0.0119998654413	-0.0416816989595	0.0282351140145	1.0	-0.0181864976638	-0.0370191755719	0.0524039816926	-0.0150502286504	-0.0355324495578	-0.0902909254333	-0.0228550436671	-0.00569688884607	0.0185940871953	-0.00411297148448	-0.01173963514	0.0253113560536	0.0128080738128	0.0274976583698	-0.0502545799896	0.00533120819774	-0.0227352846652	0.00624535329067	-0.0388520863063	0.0153711651772	-0.0090333284937	0.0409967612745	-0.0227850993632	-0.057264333456	0.0121958699351	-0.00264400745181	0.0795295008192	-0.00611805102308	-0.0725285380807	-0.0477583475447	-0.0059440953353	-0.045786065775	0.00158671897915	0.0176178774657	0.0229821597059	0.0208278998346	-0.079835485583	-0.0495971380298	-0.00839173878082	-0.00152176379606	0.0181398474009	-0.00604236089747	0.0116122975355	-0.00186714871085	-0.00697202208546	-0.0263162782877	0.0322971647519	-0.0140763815468	-0.0625360700721	0.00946440639356	0.0161323698155	-0.0234631277999
k__Bacteria;p__Firmicutes;c__Clostridia;o__Clostridiales;f__Ruminococcaceae;g__Faecalibacterium;s__Faecalibacterium_prausnitzii	-0.0881849065523	-0.013530218987	0.0438635844752	-0.00139713844981	-0.0337355154934	0.0798653463985	-0.0181864976638	1.0	0.00819232665729	-0.0116502124299	0.0382742158243	0.00592815068566	-0.00521957072967	0.00888243621914	0.0452184774898	0.0521362709814	0.0104316300118	0.0203698907994	0.0238963574918	-0.0506213289859	-0.0502687657638	-0.0196472279279	0.0160829143732	0.0485070465875	-0.0363732433272	0.024003864362	-0.0474761730748	0.0138594410672	-0.0479397689127	0.00366672529013	0.0288279110958	0.0221993861132	-0.0290513673075	-0.0832260432025	-0.0286576942071	0.00258506632161	-0.026674537834	-0.0277201762835	-0.0181662468669	-0.0414317043045	-0.00285957432205	-0.00559826192695	0.0252556625417	-0.0300882789765	-0.0311247035283	0.0453196783709	-0.00651682813437	0.0131644046912	-0.0107970432815	-0.0340107979215	-0.0294449648977	-0.0328624991217	-0.055975470858	-0.0702698541275	0.0402617428669	0.031458796372	-0.00694232121675	-0.0479138149874	-0.0161692074425
k__Bacteria;p__Bacteroidetes;c__Bacteroidia;o__Bacteroidales;f__Rikenellaceae;g__Alistipes;s__Alistipes_finegoldii	-0.055534588165	-0.0149305607114	-0.0194027425059	0.00940393654895	0.0316575763894	-0.00956421650202	-0.0370191755719	0.00819232665729	1.0	-0.0397371820677	-0.0186325043545	0.0341236128502	0.0185873471199	0.063469699585	-0.060742381282	0.0357153256233	0.0374253858107	0.00268074794569	0.0574755902121	0.0237843807147	0.0101628787933	0.0351721501742	-0.000840116021914	-0.0038505733445	-0.00192686035387	-0.0154362342418	-0.043020732845	0.00639529272356	-0.00821367736359	-0.0268537511722	-0.0420549074047	-0.010689972927	-0.0736689485689	-0.0463016556934	-0.0305476632621	-0.00490191007179	-0.0322064077614	-0.0704164413222	0.00120766470991	0.0397676727576	0.00706088242234	-0.00885404074301	-0.0583111468318	-0.0146965171721	-0.0521830837106	0.0226295188592	-0.0256277976702	0.0733886935466	-0.00835588151051	0.0219789835463	0.0487587863175	-0.0416616730149	0.0180668590329	-0.00110742346624	-0.0437898131783	0.0269044867334	-0.0753923730703	-0.00619986989607	0.0175831716496
k__Bacteria;p__Bacteroidetes;c__Bacteroidia;o__Bacteroidales;f__Porphyromonadaceae;g__Parabacteroides;s__Parabacteroides_distasonis	-0.026557477648	0.00845267915115	-0.067936011654	-0.00741444489107	-0.0564116948472	-0.0377051751883	0.0524039816926	-0.0116502124299	-0.0397371820677	1.0	0.0141347680538	-0.0573336324903	-0.0206581842975	-0.0491267389649	-0.00361788514784	0.00699059380042	-0.00207985606534	-0.022234266817	-0.00616697970041	0.0480696911379	-0.0227534257606	-0.00189376145624	-0.0282142211945	0.00765756077027	-0.0319745987971	0.0293356620478	-0.0395937368602	0.0482790083066	-0.0229095713828	-0.0430614189157	0.0116040906779	0.0152210941621	0.0198744964392	-0.0963419791684	-0.0437275286074	0.0195027377556	0.00982667487932	-0.0492778378289	0.0232090599039	-0.0211229753405	-0.004308429618	-0.0799918408495	-0.0146872822857	-0.000236771126234	-0.0142621035694	0.0586416134373	-0.00796841092579	-0.0106208299306	0.022395816957	-0.0619261160755	0.0540699937126	0.0245944958166	0.0175041158896	0.0216949353055	0.0274277255621	-0.050303560556	-0.00470947853678	0.0111464396591	0.00648414896867
k__Bacteria;p__Bacteroidetes;c__Bacteroidia;o__Bacteroidales;f__Bacteroidaceae;g__Bacteroides;s__Bacteroides_thetaiotaomicron	-0.0859228120344	0.0467673806714	0.00221019709264	-0.0508028856527	-0.0414902694544	-0.0241370883773	-0.0150502286504	0.0382742158243	-0.0186325043545	0.0141347680538	1.0	0.00531011736897	-0.0270774431279	-0.0284528904298	0.000211600628504	-0.0109301325704	-4.74856567555e-06	-0.0429444222764	-0.00813521144424	-0.00669277549915	-0.0139296608486	-0.0307862473201	0.0845939572073	0.0179596173596	0.00685563943042	0.0286039866798	0.0437384571496	-0.0625990408795	-0.0339469321724	0.0525793612516	-0.0988972645321	-0.017363557863	0.0970281526946	-0.0308622976483	-0.0508429934714	-0.0758352287237	0.0466197621553	-0.0203679005481	0.0211882043985	-0.0303646906554	0.0952756107939	0.0141474439238	-0.0106140738857	-0.0331371049703	0.0183535463561	-0.00411765027531	-0.0393732647174	-0.0437565395233	0.000676712782022	0.0267095536651	-0.0158359306779	0.0428898853531	-0.0123751028333	-0.0304876211311	0.0173599445505	0.0148030600075	-0.0274289445402	0.00672946673005	-0.0695385619699
k__Bacteria;p__Bacteroidetes;c__Bacteroidia;o__Bacteroidales;f__Bacteroidaceae;g__Bacteroides;s__Bacteroides_coprocola	-0.0161880089412	-0.016722523575	0.0440052772228	-0.0582989026422	0.0381460471241	-0.0930232284834	-0.0355324495578	0.00592815068566	0.0341236128502	-0.0573336324903	0.00531011736897	1.0	0.0325580498986	-0.0238517515562	-0.0169447287618	0.0182801444312	0.0209923052677	-0.0377956359438	0.0270265994596	-0.07837880538	0.0184423421256	0.0481495667009	0.0116046346736	-0.0501009152396	-0.0155991300099	0.00396246097307	-0.022018849417	-0.040390201294	-0.0275331096761	0.00709960195672	-0.00948977330327	-0.0358319481913	-0.0151832616339	-0.019507833946	-0.0593795683497	-0.0482425883179	-0.0280543267326	0.00685652498901	-0.00961912800599	0.062239893829	0.0624395354336	-0.0142191973248	-0.0398307069254	0.00195148305894	-0.0671152797416	0.00137041860831	-0.0349699491512	0.0105252619834	-0.0582438081834	-0.00453429416481	0.0361177374968	-0.0226321575571	-0.0758398847281	-0.0155013103266	-0.0320802905987	-0.0213140899897	-0.0216596019592	0.0187986689112	0.0530228987204
k__Bacteria;p__Bacteroidetes;c__Bacteroidia;o__Bacteroidales;f__Bacteroidaceae;g__Bacteroides;s__Bacteroides_cellulosilyticus	0.0264440325243	-0.0592404466486	0.00423122166186	-0.115469171304	0.0127633008237	-0.0352728186657	-0.0902909254333	-0.00521957072967	0.0185873471199	-0.0206581842975	-0.0270774431279	0.0325580498986	1.0	-0.0329761469941	-0.00487837694454	0.0874662550321	0.0797078706159	-0.0422684537973	0.000364243609379	-0.0737126071911	-0.0328291270975	-0.0264818153425	0.00238741261015	-0.0559100059707	0.0346500395689	-0.0256460259242	-0.088929838887	-0.0359066018648	-0.0479985304803	-0.0465358347446	0.00221407199592	0.0469611270293	-0.0442394371797	0.0428652109924	-0.0231791508035	0.00471858976848	0.0267559704422	-0.0283977761937	-0.05293887333	0.0510847006192	0.00192484656124	-0.0333419075137	0.00787317185178	-0.00855441175279	0.0248550449601	-0.00387513344606	0.0164708323378	-0.0284654960474	0.010325839677	-0.0740988167337	0.0111022989018	0.0338475982983	-0.000693448304152	0.0142185566631	0.0323574118517	0.0494066012614	0.00408256770428	-0.0481338371042	-0.0258427628205
k__Bacteria;p__Bacteroidetes;c__Bacteroidia;o__Bacteroidales;f__Rikenellaceae;g__Alistipes;s__Alistipes_obesi	-0.0941248141773	-0.00497932482794	0.0157940107284	-0.0505264511489	-0.0191279010878	0.0613008812657	-0.0228550436671	0.00888243621914	0.063469699585	-0.0491267389649	-0.0284528904298	-0.0238517515562	-0.0329761469941	1.0	-0.0174071279928	0.00663095335911	-0.0282891901258	-0.0861276451991	-0.0261633779829	-0.0615289374813	-0.0607774696001	0.0154833152686	0.0424025522902	-0.0406140538258	-0.00751074713051	-0.0801956562675	-0.0243877504799	-0.0942688666475	0.0746412823666	-0.0280819692325	0.0747274373616	-0.0467221316272	-0.0430335859295	-0.041735756318	0.00413027072726	0.00136736521294	-0.0634064951498	0.0146627349855	-0.0521438477013	-0.00794010995832	-0.0377528743487	-0.00220764176172	0.015868442193	0.0344451787882	-0.0328514107796	0.00441069347118	-0.0344084540387	0.00897548375586	-0.011385575301	0.0658359512642	-0.0257558389787	-0.0266804660139	-0.0232232477048	0.00680879891171	0.0469901694629	-0.00038126569301	0.0137477619497	0.0013569390402	0.00956431942653
k__Bacteria;p__Firmicutes;c__Clostridia;o__Clostridiales;f__Lachnospiraceae;g__;s__[Eubacterium]_rectale	0.0259473918804	-0.080475974817	-0.00341805667188	-0.0662546249942	-0.0551426308747	-0.00456111728078	-0.00569688884607	0.0452184774898	-0.060742381282	-0.00361788514784	0.000211600628504	-0.0169447287618	-0.00487837694454	-0.0174071279928	1.0	0.00952826995797	-0.0382774856946	-0.0130395593755	0.0106415447405	-0.0827954314166	-0.0344647755584	0.0312662973106	0.0105942457523	0.0243753269772	0.0258395686785	-0.0730349403674	-0.0301626917344	0.0272179804895	0.012196841507	-0.0149028702617	0.042153672288	0.0134888499417	0.032066761634	0.0377909062905	-0.0388172831758	-0.0258533375798	0.0124377497233	0.0423207696893	-0.00392786969512	-0.0203384210279	-0.0721614692449	-0.0361698258277	-0.0287120723639	-0.0641317834382	0.0301898148367	-0.0401206456233	0.0651522526557	0.00821358895428	0.00779316792854	0.04306680282	-0.0107370869933	-0.027129181252	-0.0492917059005	-0.0338809733219	-0.0346194910977	-0.0192826944913	0.0763267155201	-0.00951035832988	0.0583459748443
k__Bacteria;p__Bacteroidetes;c__Bacteroidia;o__Bacteroidales;f__Bacteroidaceae;g__Bacteroides;s__Bacteroides_plebeius	0.00942853562351	-0.0494978515247	-0.0724324591009	-0.00730442738039	-0.0231129976826	-0.0765787599173	0.0185940871953	0.0521362709814	0.0357153256233	0.00699059380042	-0.0109301325704	0.0182801444312	0.0874662550321	0.00663095335911	0.00952826995797	1.0	-0.017583005165	0.00279714443209	0.0522149622991	0.0190729849937	0.0116524592707	-0.0100844395976	-0.0139491611586	0.0605244358863	0.00676895841041	-0.088459308516	-0.0691358129366	-0.00345022446519	-0.0127929191403	-0.0227510223625	-0.0162495739577	-0.0107201153617	0.0194656990054	-0.0144660262191	-0.00115632482953	0.00531535098747	0.0224666677311	0.031597252717	0.0590116316948	-0.0489986067755	0.0148450084945	-0.049946692827	-0.0243600290655	-0.0157384202702	-0.00349263145746	-0.0634560914488	-0.0207421354372	-0.0203290473988	-0.0187444667228	0.0171162625983	0.00775997743004	-0.0243543815571	0.000629160120267	-0.0476354991315	0.00497215299025	-0.0246132178131	-0.000712390698183	-0.0343113461221	0.0116899996154
k__Bacteria;p__Bacteroidetes;c__Bacteroidia;o__Bacteroidales;f__Bacteroidaceae;g__Bacteroides;s__Bacteroides_fragilis	-0.0266743300333	0.0320057949822	-0.0794795752139	-0.0160602727638	0.0154892749076	0.013119826589	-0.00411297148448	0.0104316300118	0.0374253858107	-0.00207985606534	-4.74856567555e-06	0.0209923052677	0.0797078706159	-0.0282891901258	-0.0382774856946	-0.017583005165	1.0	0.00199197888801	-0.0248580695284	-0.0127748695331	0.0112202670121	-0.0167776051471	-0.0425515823986	-0.0101788258276	-0.0459371179979	0.0524001650882	-0.0474176250624	-0.00864114224404	0.0294336896909	-0.0158671362153	0.00826767757932	-0.0328133648697	-0.0142704763751	0.00121255131402	0.00289180743368	0.0336460919093	0.0285852877715	0.0062063288296	0.00805513485081	-0.0113905253232	0.0112999246378	0.0544919018841	-0.0648543514442	-0.00252983128934	0.0194906465406	-0.0292223799772	-0.0580616775465	-0.0248688194711	0.00361903628722	0.00872685762041	0.0391483574156	-0.00249533871425	0.0242024800195	-0.0419417393272	-0.0531566925608	0.0341200207968	0.0201441443576	-0.0489276126749	-0.0716899394588
k__Bacteria;p__Proteobacteria;c__Betaproteobacteria;o__Burkholderiales;f__Sutterellaceae;g__Sutterella;s__Sutterella_wadsworthensis	0.00506785576489	0.00482067253322	-0.0644296210917	0.025925685756	0.00155466070821	-0.0216724158244	-0.01173963514	0.0203698907994	0.00268074794569	-0.022234266817	-0.0429444222764	-0.0377956359438	-0.0422684537973	-0.0861276451991	-0.0130395593755	0.00279714443209	0.00199197888801	1.0	-0.00554960241258	-0.0619445018065	0.0405597537816	0.0222142144592	-0.022211830486	0.027629253367	0.0198711441138	-0.0163559565381	0.0328736940812	-0.0290584388696	0.0119328373161	-0.0226928943532	-0.0163901483077	-0.0134818150038	-0.0386527645752	-0.0683244218963	-0.00747405994762	-0.0211353336731	0.0117990515746	-0.0113446161288	-0.00262871286323	-0.00696951423268	0.0122555342938	0.00885422035675	0.02448161856	-0.000326298030041	0.0180805473853	0.0534795305965	-0.0029369392106	-0.000929498656989	-0.00592287432833	-0.0938740656225	-0.0551742707198	-0.0273681300459	0.0477244470132	0.0166125177858	-0.0546978442931	-0.012069949164	-0.00723832067573	0.00544577211411	-0.0530647085719
k__Bacteria;p__Bacteroidetes;c__Bacteroidia;o__Bacteroidales;f__Porphyromonadaceae;g__Barnesiella;s__Barnesiella_intestinihominis	-0.022585792419	0.0269218260594	0.0255718821527	0.0015325566247	0.0358167162365	-0.0702196796788	0.0253113560536	0.0238963574918	0.0574755902121	-0.00616697970041	-0.00813521144424	0.0270265994596	0.000364243609379	-0.0261633779829	0.0106415447405	0.0522149622991	-0.0248580695284	-0.00554960241258	1.0	-0.0314170045465	0.0156924805054	-0.0944398589259	-0.0432386888973	0.052301936237	-0.0324445563177	0.0200002108388	-0.0224100253041	-0.0104912859891	0.0410855785871	0.0189863546474	-0.0324524116771	0.0553854901975	0.0576637687113	0.0628434885648	0.0520420203068	0.0410082751803	-0.0369293845521	-0.0100046129852	-0.0268661062051	0.050525226102	0.00173128103619	-0.00529084480929	-0.0187539116378	0.025426042927	-0.0372840115704	-0.031705686574	-0.0146893078755	-0.0208307296199	-0.0491031319464	-0.0392366248199	0.0321849781058	-0.0202047385816	0.0131340667007	-0.0118722988448	-0.0351739077923	-0.0577275931371	-0.0486436936297	0.0029591052796	-0.0527901715656
k__Bacteria;p__Bacteroidetes;c__Bacteroidia;o__Bacteroidales;f__Odoribacteraceae;g__Odoribacter;s__Odoribacter_splanchnicus	0.0691526265423	-0.005120897961	0.0280978967076	0.0260083648235	0.0248809475755	0.113329885808	0.0128080738128	-0.0506213289859	0.0237843807147	0.0480696911379	-0.00669277549915	-0.07837880538	-0.0737126071911	-0.0615289374813	-0.0827954314166	0.0190729849937	-0.0127748695331	-0.0619445018065	-0.0314170045465	1.0	-0.000286701226334	-0.0319601356456	-0.0455765844281	-0.0494711492891	0.0319388023216	0.030128824228	-0.0117072821682	-0.0403714374736	-0.0103122802449	0.00155211750548	-0.0868392139171	0.0412433485811	-0.0790660787057	-0.0260433684479	0.0185508445115	-0.024100977464	-0.0278782425167	0.0390275889316	-0.0492563184487	0.00856140008173	-0.0211952273503	-0.0128166138763	0.0203567565708	0.0210494057246	0.010725003931	-0.00155739838867	-0.0390163845518	-0.0286756310986	-0.0767974205869	0.077684924512	0.0224610875264	-0.0169123708547	0.0135602235001	0.0132574317625	0.0179086769191	0.0140932094806	0.0228236679165	-0.0194315924135	-0.00141299414957
k__Bacteria;p__Bacteroidetes;c__Bacteroidia;o__Bacteroidales;f__Bacteroidaceae;g__Bacteroides;s__Bacteroides_salyersiae	-0.0377339081866	0.0556845405454	-0.0314520667485	-0.00810899855266	0.00878491635435	0.0293044607784	0.0274976583698	-0.0502687657638	0.0101628787933	-0.0227534257606	-0.0139296608486	0.0184423421256	-0.0328291270975	-0.0607774696001	-0.0344647755584	0.0116524592707	0.0112202670121	0.0405597537816	0.0156924805054	-0.000286701226333	1.0	-0.042738963427	-0.0526191730836	-0.0300773904302	-0.0686241950069	-0.0364699579654	0.0224879749403	0.0556760574312	0.0214375262031	0.0306483132212	0.00410742419163	0.0354959157786	-0.0989992554482	0.0439583649258	0.00660862101192	9.0762733459e-05	0.0261391587783	-0.0435505441905	-0.035778919713	-0.0199314482818	0.0285222574583	-0.0451722552025	-0.0286933937717	-0.0236986346751	0.000572297076206	-0.058425429222	0.00885605377209	0.00766863185495	0.00301425905281	-0.0454689117281	0.0239096793913	0.00650289931374	-0.00530326742263	-0.0499370030895	0.021429735108	0.0534618597513	0.0347623830198	0.0435215992171	-0.00183270360753
k__Bacteria;p__Firmicutes;c__Clostridia;o__Clostridiales;f__Ruminococcaceae;g__Ruminiclostridium;s__[Eubacterium]_siraeum	-0.0287693447037	-0.0247614779747	-0.0516691149416	-0.0779559426622	-0.0566535292071	-0.0500863079234	-0.0502545799896	-0.0196472279279	0.0351721501742	-0.00189376145624	-0.0307862473201	0.0481495667009	-0.0264818153425	0.0154833152686	0.0312662973106	-0.0100844395976	-0.0167776051471	0.0222142144592	-0.0944398589259	-0.0319601356456	-0.042738963427	1.0	-0.019391710676	0.0566430041194	0.0477744801938	-0.0388317893679	-0.028708324447	0.0352905679701	-0.0128356378794	-0.0407580501293	-0.0391777801448	-0.0266617821846	-0.0198026007079	0.00808193904635	-0.0583100628649	0.00159190234144	0.0261550606921	-0.0299602252025	-0.0168251856494	-0.0301108111487	-0.0200482195455	0.0164598038908	-0.0412620797312	0.0398381871279	-0.0526190451888	-0.0138254384152	0.066547554489	-0.0159498702946	0.0102059723648	-0.0137767801358	-0.017100944331	-0.0575349217629	-0.0275085377952	0.0302651935869	0.0185063223847	-0.0251751002457	-0.0122117753408	-0.0011012224073	-0.00228541994701
k__Bacteria;p__Proteobacteria;c__Betaproteobacteria;o__Burkholderiales;f__Sutterellaceae;g__Parasutterella;s__Parasutterella_excrementihominis	0.0153961050441	-0.0708975311085	0.00608890383167	0.00864093339692	0.0377524116006	-0.0138476806579	0.00533120819774	0.0160829143732	-0.000840116021914	-0.0282142211945	0.0845939572073	0.0116046346736	0.00238741261015	0.0424025522902	0.0105942457523	-0.0139491611586	-0.0425515823986	-0.022211830486	-0.0432386888973	-0.0455765844281	-0.0526191730836	-0.019391710676	1.0	-0.0692271302726	0.00304384846441	-0.0666772669915	-0.0225598219079	-0.00133512040762	-0.0305856186849	0.00410438620004	0.0269173379461	-0.0452717500471	0.0285583701917	-0.0408070537267	-0.0121550878452	-0.00102263520711	-0.0433346794415	-0.013996130485	-0.00173762490442	0.00350598948466	0.0211243276669	0.00347865278735	-0.082796041956	-0.0120553440888	-0.0182548936881	0.000837543132254	-0.0287577657181	-0.101391239057	-0.0305177167871	0.0400651669219	0.0615123500342	-0.0286021313423	0.00931583392071	0.0175593851771	0.060669486342	0.0444977529976	0.037340069492	-0.0729889944937	-0.0449160894131
k__Bacteria;p__Actinobacteria;c__Actinobacteria;o__Bifidobacteriales;f__Bifidobacteriaceae;g__Bifidobacterium;s__Bifidobacterium_adolescentis	-0.00834031352737	-0.0276251097055	0.0666200584902	-0.0228719181146	-0.0352621075876	-0.0113931302346	-0.0227352846652	0.0485070465875	-0.0038505733445	0.00765756077027	0.0179596173596	-0.0501009152396	-0.0559100059707	-0.0406140538258	0.0243753269772	0.0605244358863	-0.0101788258276	0.027629253367	0.052301936237	-0.0494711492891	-0.0300773904302	0.0566430041194	-0.0692271302726	1.0	0.00217844934488	0.0411427919361	-0.0713873176437	-0.00175995040579	-0.0523928040381	0.0365358229587	-0.0822288947891	-0.0688028302375	0.00472614016879	-0.00499145251943	0.00257884386273	-0.0240541682483	0.0100191474186	0.0265279401448	0.0171390052085	0.0283337898285	-0.00898970672187	-0.0388763446234	0.110429351161	0.000381470569549	-0.0243693213443	-0.00327937882632	-0.0744438176194	0.00948337230278	-0.0571161196859	0.0158625610887	-0.0170847632986	0.0194149844047	0.00904036436806	0.0113660835086	0.0345678340188	-0.0135224206051	0.0484718522919	0.00416852453107	0.0422138390435
k__Bacteria;p__Firmicutes;c__Clostridia;o__Clostridiales;f__Oscillospiraceae;g__Oscillibacter;s__Oscillibacter_sp._KLE_1745	-0.0501032636258	-0.0158036114441	0.0267073306695	0.00542720910814	0.00336967142665	-0.0115360720301	0.00624535329067	-0.0363732433272	-0.00192686035387	-0.0319745987971	0.00685563943042	-0.0155991300099	0.0346500395689	-0.00751074713051	0.0258395686785	0.00676895841041	-0.0459371179979	0.0198711441138	-0.0324445563177	0.0319388023216	-0.0686241950069	0.0477744801938	0.00304384846441	0.00217844934487	1.0	0.0364503892674	-0.0384538875419	-0.0596103637584	-0.0278041166022	0.00487007975645	0.0104799421762	0.0356219583962	-0.0140209046165	-0.06478781403	0.0570096421341	0.0314061757632	-0.0776589336409	-0.0650868922187	-0.0507265909168	-0.0225037727501	-0.00530082698599	0.0182068736918	-0.0257681671053	-0.00153449784698	-0.0263818750955	0.0747635002389	-0.0157675303144	0.00491754332176	-0.0428579413463	0.0055216790725	0.0350667381966	0.0532055079056	-0.0210329699064	0.0356790700356	0.0614273871571	0.00396783021599	-0.0128802349699	-0.0298027933177	-0.0411882350751
k__Bacteria;p__Bacteroidetes;c__Bacteroidia;o__Bacteroidales;f__Bacteroidaceae;g__Bacteroides;s__Bacteroides_coprophilus	-0.0436334804665	-0.0106439739813	0.0264939571573	0.0233301324743	-0.00160260132135	0.0256608561693	-0.0388520863063	0.024003864362	-0.0154362342418	0.0293356620478	0.0286039866798	0.00396246097307	-0.0256460259242	-0.0801956562675	-0.0730349403674	-0.088459308516	0.0524001650882	-0.0163559565381	0.0200002108388	0.030128824228	-0.0364699579654	-0.0388317893679	-0.0666772669915	0.0411427919361	0.0364503892674	1.0	0.0342056605974	0.0375470228064	0.0133395269872	-0.00106274945048	-0.0463487958363	-0.0153683024191	-0.0312977734234	-0.00375226299873	0.0189227122331	-0.0327663113914	-0.0389676807947	-0.0656483618616	-0.0305533076676	-0.0070424029258	-0.0602850937785	-0.00664158054414	0.0657142658528	-0.000804591386974	0.0114615034027	-0.0460169083178	0.0332930363768	-0.0150568116265	-0.0318342247841	0.0223884281995	-0.0100922844131	-0.0594117261522	-0.00718128138017	-0.0295739984343	-0.0501632970199	-0.000477053660609	-0.0332968073562	-0.0339147032827	-0.0708034787481
k__Bacteria;p__Firmicutes;c__Clostridia;o__Clostridiales;f__Lachnospiraceae;g__Roseburia;s__Roseburia_intestinalis	0.0231827036469	-0.0403791270965	0.0395384034864	0.014182622847	0.016224993002	-0.00138324008876	0.0153711651772	-0.0474761730748	-0.043020732845	-0.0395937368602	0.0437384571496	-0.022018849417	-0.088929838887	-0.0243877504799	-0.0301626917344	-0.0691358129366	-0.0474176250624	0.0328736940812	-0.0224100253041	-0.0117072821682	0.0224879749403	-0.028708324447	-0.0225598219079	-0.0713873176437	-0.0384538875419	0.0342056605974	1.0	-0.00945479192261	-0.0255953407003	-0.0425817958891	-0.00990572674537	-0.0911210410577	0.0309452695927	0.0198705428993	0.00487766396702	-0.0190761376579	0.0289229576452	-0.0262921383156	0.00520932582686	0.0339645857065	0.00432520780502	0.0211115191508	-0.0553816786247	-0.0233298530674	-0.000430318379402	0.0238590342654	0.034765631295	-0.0692583536888	-0.0509579770687	0.012653581277	-0.022872453891	0.0151901385507	-0.00973569530371	0.00274606800847	-0.00111354593397	0.00226406568294	-0.0123698276868	0.0258921402571	0.00498329021212
k__Bacteria;p__Firmicutes;c__Clostridia;o__Clostridiales;f__Lachnospiraceae;g__Roseburia;s__Roseburia_hominis	0.0043230051593	0.0616972504575	0.0219828267694	-0.041128381932	-0.0362221476395	0.0390244990418	-0.0090333284937	0.0138594410672	0.00639529272356	0.0482790083066	-0.0625990408795	-0.040390201294	-0.0359066018648	-0.0942688666475	0.0272179804895	-0.00345022446519	-0.00864114224404	-0.0290584388696	-0.0104912859891	-0.0403714374736	0.0556760574312	0.0352905679701	-0.00133512040762	-0.00175995040579	-0.0596103637584	0.0375470228064	-0.00945479192261	1.0	-0.0333479297067	-0.00254281215564	-0.0595994454293	-0.0169702621634	-0.0107054700831	0.0205512869233	0.054009574722	-0.0886007853092	-0.025128545735	0.0471581722172	0.000274713032942	0.0229969248185	0.0214868384974	-0.00384603983153	0.0302398881793	-0.00864698239338	0.0221373215545	-0.0161351880569	-0.0212473897053	0.0176660309409	0.0241027286011	0.0108019510888	-0.0484944019678	-0.0578495161815	-0.0499386479915	0.0219003492979	-0.0758887786316	0.0156158275794	-0.0807523439101	-0.0150211554852	0.0223382455309
k__Bacteria;p__Bacteroidetes;c__Bacteroidia;o__Bacteroidales;f__Porphyromonadaceae;g__Parabacteroides;s__Parabacteroides_johnsonii	-0.0278213534024	0.0474121535639	0.0631110847962	-0.0252144876087	-0.00561513177983	-0.0236875512059	0.0409967612745	-0.0479397689127	-0.00821367736359	-0.0229095713828	-0.0339469321724	-0.0275331096761	-0.0479985304803	0.0746412823666	0.012196841507	-0.0127929191403	0.0294336896909	0.0119328373161	0.0410855785871	-0.0103122802449	0.0214375262031	-0.0128356378794	-0.0305856186849	-0.0523928040381	-0.0278041166022	0.0133395269872	-0.0255953407003	-0.0333479297067	1.0	0.0221415645131	-0.0135808138231	-0.0538673608452	0.0471615261719	-0.043259878407	-0.0658160194806	0.00896563677175	0.0051163894752	-0.00276225279379	0.0165011399385	-0.0334669789191	-0.0299019615725	0.00194905384744	-0.0606061771704	0.0153456411446	0.0159644408596	-0.0671769435537	0.0104842324489	0.00601564227797	0.00683312064889	0.0151551693486	-0.0163164334966	-0.0241306396983	-0.0281081976375	-0.018126263497	-0.00886063117019	0.0231195232256	0.05268234519	-0.00295054796863	-0.0227924283567
k__Bacteria;p__Actinobacteria;c__Actinobacteria;o__Bifidobacteriales;f__Bifidobacteriaceae;g__Bifidobacterium;s__Bifidobacterium_longum	0.0292068802369	-0.055480716135	-0.0527817511771	0.0292489406375	-0.00350556081335	0.0251289663998	-0.0227850993632	0.00366672529013	-0.0268537511722	-0.0430614189157	0.0525793612516	0.00709960195672	-0.0465358347446	-0.0280819692325	-0.0149028702617	-0.0227510223625	-0.0158671362153	-0.0226928943532	0.0189863546474	0.00155211750548	0.0306483132212	-0.0407580501293	0.00410438620004	0.0365358229587	0.00487007975645	-0.00106274945048	-0.0425817958891	-0.00254281215564	0.0221415645131	1.0	-0.0107977351396	0.0496139187789	0.0278704162557	-0.0129483250051	0.0460738453151	0.0373007878134	-0.0121521492601	0.022862350388	-0.0128362213212	-0.0481805920326	0.00217566063598	-0.0142523068861	-0.0115779168396	-0.0438243297483	0.0356770340761	-0.00642481816475	0.0359933836475	0.0215658118727	-0.0440286939604	-0.0760954705109	0.0446356066615	0.0414003659039	0.0360710358254	-0.0223924656319	-0.01450987301	-0.0100846697299	-0.0483716256106	0.0180990695219	0.0080118525205
