#taxonomy	k__Bacteria;p__Bacteroidetes;c__Bacteroidia;o__Bacteroidales;f__Bacteroidaceae;g__Bacteroides;s__Bacteroides_vulgatus	k__Bacteria;p__Bacteroidetes;c__Bacteroidia;o__Bacteroidales;f__Bacteroidaceae;g__Bacteroides;s__Bacteroides_uniformis	k__Bacteria;p__Bacteroidetes;c__Bacteroidia;o__Bacteroidales;f__Rikenellaceae;g__Alistipes;s__Alistipes_putredinis	k__Bacteria;p__Bacteroidetes;c__Bacteroidia;o__Bacteroidales;f__Prevotellaceae;g__Prevotella;s__Prevotella_copri	k__Bacteria;p__Bacteroidetes;c__Bacteroidia;o__Bacteroidales;f__Bacteroidaceae;g__Bacteroides;s__Bacteroides_stercoris	k__Bacteria;p__Bacteroidetes;c__Bacteroidia;o__Bacteroidales;f__Bacteroidaceae;g__Bacteroides;s__Bacteroides_ovatus	k__Bacteria;p__Bacteroidetes;c__Bacteroidia;o__Bacteroidales;f__Rikenellaceae;g__Alistipes;s__Alistipes_shahii	k__Bacteria;p__Firmicutes;c__Clostridia;o__Clostridiales;f__Ruminococcaceae;g__Faecalibacterium;s__Faecalibacterium_prausnitzii	k__Bacteria;p__Bacteroidetes;c__Bacteroidia;o__Bacteroidales;f__Rikenellaceae;g__Alistipes;s__Alistipes_finegoldii	k__Bacteria;p__Bacteroidetes;c__Bacteroidia;o__Bacteroidales;f__Porphyromonadaceae;g__Parabacteroides;s__Parabacteroides_distasonis	k__Bacteria;p__Bacteroidetes;c__Bacteroidia;o__Bacteroidales;f__Bacteroidaceae;g__Bacteroides;s__Bacteroides_thetaiotaomicron	k__Bacteria;p__Bacteroidetes;c__Bacteroidia;o__Bacteroidales;f__Bacteroidaceae;g__Bacteroides;s__Bacteroides_coprocola	k__Bacteria;p__Bacteroidetes;c__Bacteroidia;o__Bacteroidales;f__Bacteroidaceae;g__Bacteroides;s__Bacteroides_cellulosilyticus	k__Bacteria;p__Bacteroidetes;c__Bacteroidia;o__Bacteroidales;f__Rikenellaceae;g__Alistipes;s__Alistipes_obesi	k__Bacteria;p__Firmicutes;c__Clostridia;o__Clostridiales;f__Lachnospiraceae;g__;s__[Eubacterium]_rectale	k__Bacteria;p__Bacteroidetes;c__Bacteroidia;o__Bacteroidales;f__Bacteroidaceae;g__Bacteroides;s__Bacteroides_plebeius	k__Bacteria;p__Bacteroidetes;c__Bacteroidia;o__Bacteroidales;f__Bacteroidaceae;g__Bacteroides;s__Bacteroides_fragilis	k__Bacteria;p__Proteobacteria;c__Betaproteobacteria;o__Burkholderiales;f__Sutterellaceae;g__Sutterella;s__Sutterella_wadsworthensis	k__Bacteria;p__Bacteroidetes;c__Bacteroidia;o__Bacteroidales;f__Porphyromonadaceae;g__Barnesiella;s__Barnesiella_intestinihominis	k__Bacteria;p__Bacteroidetes;c__Bacteroidia;o__Bacteroidales;f__Odoribacteraceae;g__Odoribacter;s__Odoribacter_splanchnicus	k__Bacteria;p__Bacteroidetes;c__Bacteroidia;o__Bacteroidales;f__Bacteroidaceae;g__Bacteroides;s__Bacteroides_salyersiae	k__Bacteria;p__Firmicutes;c__Clostridia;o__Clostridiales;f__Ruminococcaceae;g__Ruminiclostridium;s__[Eubacterium]_siraeum	k__Bacteria;p__Proteobacteria;c__Betaproteobacteria;o__Burkholderiales;f__Sutterellaceae;g__Parasutterella;s__Parasutterella_excrementihominis	k__Bacteria;p__Actinobacteria;c__Actinobacteria;o__Bifidobacteriales;f__Bifidobacteriaceae;g__Bifidobacterium;s__Bifidobacterium_adolescentis	k__Bacteria;p__Firmicutes;c__Clostridia;o__Clostridiales;f__Oscillospiraceae;g__Oscillibacter;s__Oscillibacter_sp._KLE_1745	k__Bacteria;p__Bacteroidetes;c__Bacteroidia;o__Bacteroidales;f__Bacteroidaceae;g__Bacteroides;s__Bacteroides_coprophilus	k__Bacteria;p__Firmicutes;c__Clostridia;o__Clostridiales;f__Lachnospiraceae;g__Roseburia;s__Roseburia_intestinalis	k__Bacteria;p__Firmicutes;c__Clostridia;o__Clostridiales;f__Lachnospiraceae;g__Roseburia;s__Roseburia_hominis	k__Bacteria;p__Bacteroidetes;c__Bacteroidia;o__Bacteroidales;f__Porphyromonadaceae;g__Parabacteroides;s__Parabacteroides_johnsonii	k__Bacteria;p__Actinobacteria;c__Actinobacteria;o__Bifidobacteriales;f__Bifidobacteriaceae;g__Bifidobacterium;s__Bifidobacterium_longum	k__Bacteria;p__Firmicutes;c__Clostridia;o__Clostridiales;f__;g__Flavonifractor;s__Flavonifractor_plautii	k__Bacteria;p__Firmicutes;c__Clostridia;o__Clostridiales;f__Clostridiaceae;g__Clostridium;s__Clostridium_phoceensis	k__Bacteria;p__Verrucomicrobia;c__Verrucomicrobiae;o__Verrucomicrobiales;f__Akkermansiaceae;g__Akkermansia;s__Akkermansia_muciniphila	k__Bacteria;p__Bacteroidetes;c__Bacteroidia;o__Bacteroidales;f__Prevotellaceae;g__Paraprevotella;s__Paraprevotella_xylaniphila	k__Bacteria;p__Firmicutes;c__Clostridia;o__Clostridiales;f__Ruminococcaceae;g__Ruminococcus;s__Ruminococcus_callidus	k__Bacteria;p__Bacteroidetes;c__Bacteroidia;o__Bacteroidales;f__Rikenellaceae;g__Alistipes;s__Alistipes_senegalensis	k__Bacteria;p__Firmicutes;c__Clostridia;o__Clostridiales;f__Lachnospiraceae;g__Blautia;s__Blautia_sp._KLE_1732	k__Bacteria;p__Bacteroidetes;c__Bacteroidia;o__Bacteroidales;f__Bacteroidaceae;g__Bacteroides;s__Bacteroides_oleiciplenus	k__Bacteria;p__Firmicutes;c__Clostridia;o__Clostridiales;f__Ruminococcaceae;g__Ruminococcus;s__Ruminococcus_bicirculans	k__Bacteria;p__Bacteroidetes;c__Bacteroidia;o__Bacteroidales;f__Bacteroidaceae;g__Bacteroides;s__Bacteroides_fluxus	k__Bacteria;p__Bacteroidetes;c__Bacteroidia;o__Bacteroidales;f__Prevotellaceae;g__Prevotella;s__Prevotella_stercorea	k__Bacteria;p__Firmicutes;c__Clostridia;o__Clostridiales;f__Lachnospiraceae;g__Dorea;s__Dorea_longicatena	k__Bacteria;p__Firmicutes;c__Clostridia;o__Clostridiales;f__Eubacteriaceae;g__Eubacterium;s__[Eubacterium]_eligens	k__Bacteria;p__Firmicutes;c__Clostridia;o__Clostridiales;f__Ruminococcaceae;g__;s__Ruminococcaceae_bacterium_D16	k__Bacteria;p__Firmicutes;c__Clostridia;o__Clostridiales;f__Lachnospiraceae;g__Coprococcus;s__Coprococcus_comes	k__Bacteria;p__Proteobacteria;c__Gammaproteobacteria;o__Enterobacterales;f__Enterobacteriaceae;g__Escherichia;s__Escherichia_coli	k__Bacteria;p__Firmicutes;c__Clostridia;o__Clostridiales;f__Ruminococcaceae;g__Anaerotruncus;s__Anaerotruncus_colihominis	k__Bacteria;p__Firmicutes;c__Clostridia;o__Clostridiales;f__Lachnospiraceae;g__Blautia;s__Blautia_obeum	k__Bacteria;p__Bacteroidetes;c__Bacteroidia;o__Bacteroidales;f__Odoribacteraceae;g__Odoribacter;s__Odoribacter_laneus	k__Bacteria;p__Firmicutes;c__Clostridia;o__Clostridiales;f__Ruminococcaceae;g__Ruminiclostridium;s__[Clostridium]_leptum	k__Bacteria;p__Bacteroidetes;c__Bacteroidia;o__Bacteroidales;f__Porphyromonadaceae;g__Parabacteroides;s__Parabacteroides_goldsteinii	k__Bacteria;p__Firmicutes;c__Clostridia;o__Clostridiales;f__Lachnospiraceae;g__Anaerostipes;s__Anaerostipes_hadrus	k__Bacteria;p__Firmicutes;c__Clostridia;o__Clostridiales;f__Ruminococcaceae;g__Ruminococcus;s__Ruminococcus_lactaris	k__Bacteria;p__Firmicutes;c__Clostridia;o__Clostridiales;f__Clostridiaceae;g__Clostridium;s__Clostridium_sp._L2-50	k__Bacteria;p__Firmicutes;c__Clostridia;o__Clostridiales;f__Clostridiaceae;g__Clostridium;s__Clostridium_sp._M62/1	k__Bacteria;p__Firmicutes;c__Clostridia;o__Clostridiales;f__;g__Intestinimonas;s__Intestinimonas_butyriciproducens	k__Bacteria;p__Actinobacteria;c__Actinobacteria;o__Bifidobacteriales;f__Bifidobacteriaceae;g__Bifidobacterium;s__Bifidobacterium_bifidum	k__Bacteria;p__Firmicutes;c__Negativicutes;o__Veillonellales;f__Veillonellaceae;g__Dialister;s__Dialister_invisus	k__Bacteria;p__Bacteroidetes;c__Bacteroidia;o__Bacteroidales;f__Bacteroidaceae;g__Bacteroides;s__Bacteroides_salanitronis
k__Bacteria;p__Bacteroidetes;c__Bacteroidia;o__Bacteroidales;f__Bacteroidaceae;g__Bacteroides;s__Bacteroides_vulgatus	1.0	0.0540314376769	0.00281052244271	0.026687738423	0.0280594634083	-0.0104087025361	-0.00964545285897	0.0423993955443	-0.0120769632861	-0.0266019427072	0.0269565829469	-0.081531279569	0.0310559054488	0.0266650698239	-0.0359406034096	-0.031892407901	-0.0486671397551	-0.0229288921747	-0.0153086849121	-0.0745412966917	-0.010642943649	0.0445035240466	0.0535160298928	-0.00580048755878	-0.041190308351	-0.0164075512833	-0.0172098636993	-0.00870839227008	-0.0241322485444	-0.0049266761656	0.00979982180146	0.0215911502979	0.0137808017335	0.0453203483953	-0.00951031195484	0.0553374332282	-0.0170262920291	-0.0419237491868	-0.0535081807382	-0.0273193883125	-0.0255041448637	-0.062082977392	-0.0709652615015	-0.000829865846196	0.0146538066335	0.0370977066827	0.0467726819157	-0.0334602469935	0.0328706797996	0.00219435334275	0.00344459684759	0.0152051723356	0.0258528435688	-0.0215371364375	-0.0196672001764	0.0119940803169	0.0351025169056	-0.0325329654834	-0.0183773008028
k__Bacteria;p__Bacteroidetes;c__Bacteroidia;o__Bacteroidales;f__Bacteroidaceae;g__Bacteroides;s__Bacteroides_uniformis	0.0540314376769	1.0	0.00606217554342	0.0323157046279	-0.0103102490952	0.0334913179901	-0.0484010923894	0.0284560445504	0.0551903816116	0.0659573384065	-0.06265876894	0.00761738657463	-0.0320074116986	0.0156585938959	-0.0254975833713	0.0451526463374	-0.0129147564431	-0.0241933806107	-0.00398129979148	0.0010164266914	-0.0297121237026	-0.0196368867236	0.0677109315092	-0.00414203991364	-0.0605754993677	-0.0628042853723	0.0308444777958	-0.043543996778	-0.0539936141928	-0.043123447631	-0.0561651420517	0.0323344003252	-0.0070205180091	-0.0911545738738	-0.035713642434	-0.00948378057502	-0.028301838206	-0.00044745685934	-0.0213112508994	0.0289181792306	-0.0333514213158	0.0294186895222	0.0636676643017	-0.0378857665021	-0.0190365312628	-0.0105799401886	0.043288430254	-0.0227968654039	0.0192583948305	-0.0103422171462	0.0341746917762	-0.0678438246614	-0.0350210594376	0.0139207002906	0.0574654715846	0.00312949459558	-0.033189730733	-0.000653926716746	0.00326987331021
k__Bacteria;p__Bacteroidetes;c__Bacteroidia;o__Bacteroidales;f__Rikenellaceae;g__Alistipes;s__Alistipes_putredinis	0.00281052244271	0.00606217554342	1.0	0.0140594361046	-0.0694790481507	-0.0178380066988	0.0235628812775	0.0376585847976	0.0398156834903	0.00613398110318	0.0197910709133	-0.0289763327299	0.0657108146347	-0.0300902076495	-0.0130760020873	-0.0288519022883	0.00871526362118	0.0151274836589	0.0528183883805	-0.0320344941077	0.00860255668958	0.0130697783287	-0.00451200467733	0.0125389555765	-0.00987502535359	-0.0439504889081	-0.0392161532583	-0.0414746544494	0.0688923726511	-0.0315399570492	0.0116222134326	0.00296000938143	-0.0428580706676	0.0376470868405	0.0323418749726	-0.0598038223681	-0.0480621584338	0.0510232279633	-0.00237432987414	-0.0378459711211	0.105584547419	-0.00281528668074	-0.0353524440225	0.0414728957738	0.0257208221019	0.0355775859532	-0.00258813220539	0.039009179243	-0.0156855671388	0.0305035462014	0.0102967583191	-0.019144086829	0.0224192067545	-0.0142871890563	-0.0150621825129	-0.0775107781382	-0.03597289081	-0.0341625756568	-0.00604495053756
k__Bacteria;p__Bacteroidetes;c__Bacteroidia;o__Bacteroidales;f__Prevotellaceae;g__Prevotella;s__Prevotella_copri	0.026687738423	0.0323157046279	0.0140594361046	1.0	-0.0312704489064	-0.0227760213799	0.000211642680513	0.0328378862972	0.0173422173996	0.0303319767882	-0.0570141276514	-0.0146988843987	0.0379479522745	-0.00969762210203	0.0518493690121	-0.0260043984546	0.000639001262289	0.0225153064128	-0.0531681481009	-0.00563295843426	0.0160633413366	-0.0341907220556	-0.0115237692994	0.030580883417	0.0279854129526	-0.0643441247843	-0.0242079508339	-0.0312370486037	-0.0257226535528	-0.0150143905555	-0.0220066981042	-0.0224565121165	-0.018829351415	0.0324626895712	0.0417751546774	-0.036226248474	-0.00994142565866	0.0839542741544	-0.032484449989	0.120525166337	0.00497328084601	0.016017015312	-0.0373146014394	-0.0545681819327	-0.0679157145659	-0.0970556277988	-0.00635126096762	-0.000691757702532	0.0102666338904	-0.0513290173828	0.0116435541121	0.0134717237422	0.0245642062665	0.026553030549	0.0189464563944	-0.0355260664358	-0.0221346831955	0.0261168795657	-0.0356174121536
k__Bacteria;p__Bacteroidetes;c__Bacteroidia;o__Bacteroidales;f__Bacteroidaceae;g__Bacteroides;s__Bacteroides_stercoris	0.0280594634083	-0.0103102490952	-0.0694790481507	-0.0312704489064	1.0	0.0236463273862	-0.0124469832035	-0.0363308405472	-0.0488005504147	-0.04450841325	0.0405253152464	-0.00898839416702	-0.0648018708295	0.0112008295251	-0.0865192048676	0.0301621011219	-0.0603038649579	-0.0468628536623	0.0134797915023	-0.0473480055143	0.0152145887796	-0.00826188630707	-0.00364129642036	0.0232360165382	-0.0186739137785	-0.0395241962433	-0.0271604131061	-0.00635673007184	0.0419505416753	-0.036599439496	0.0236728802775	0.0165372534608	0.00200621232138	-0.00403277264617	-0.0345083748428	-0.0345974108822	0.000457988073384	0.00962400914668	0.0216514981966	-0.0421963455625	0.00886717487472	0.0435509779056	-0.0349933238508	0.0150430540834	0.0466502290973	0.0260927137081	0.0409596812022	0.0140168636297	-0.000512761494639	0.0545981344179	-0.00814061012472	-0.0727462056011	-0.0772303396385	-0.0211926259161	0.00787020794259	0.0727995181314	-0.0471090699982	0.00783436497219	-0.0540422651765
k__Bacteria;p__Bacteroidetes;c__Bacteroidia;o__Bacteroidales;f__Bacteroidaceae;g__Bacteroides;s__Bacteroides_ovatus	-0.0104087025361	0.0334913179901	-0.0178380066988	-0.0227760213799	0.0236463273862	1.0	-0.0302091654641	-0.0290759324501	0.00232479240764	0.00974823278524	0.0196580101256	-0.0294181191376	-0.00509019988235	-0.000782446201657	-0.0331290194413	-0.0667042664074	0.0271555045168	0.0218773461765	0.00887611906601	-0.023529803931	-0.0213785380497	-0.0413332131995	-0.0148171137103	0.0132882995159	-0.0368120561601	-0.057132824465	-0.0272373813675	0.00966543719755	0.0189724281622	-0.033615842971	0.0192831830725	-0.00482554225402	0.032877096154	0.0619965799547	0.0151764415339	-0.0517175541419	0.00965895415306	0.0298664127608	0.0591410381268	-0.016037708326	-0.0407285532382	-0.0609229427959	0.0655379097525	0.00335174890154	0.0250735456162	-0.0721747281674	-0.0120554783644	0.0203257094654	0.0237627124645	0.00907631146926	-0.0187974081292	0.063079062745	-0.000980157324863	-0.0230677554284	0.00393755229754	-0.060504177787	-0.0675824350981	-0.0173384047803	-0.0271064378848
k__Bacteria;p__Bacteroidetes;c__Bacteroidia;o__Bacteroidales;f__Rikenellaceae;g__Alistipes;s__Alistipes_shahii	-0.00964545285897	-0.0484010923894	0.0235628812775	0.000211642680513	-0.0124469832035	-0.0302091654641	1.0	0.01966814279	-0.0479175256997	-0.00675166370666	-0.0288235494051	0.0223308292038	0.0404505615374	-0.0202207049739	-0.0261239872689	0.0594073678207	0.00377875279753	0.00357279839567	-0.0151391837977	0.0252669257692	-0.00434906141931	-0.00896811139278	-0.0826936644703	0.0318301043173	0.0337224424925	-0.0255593066714	0.0170578229404	0.0197838571542	-0.0365193707981	-0.0280469901899	-0.0168555296924	-0.0169608058698	-0.0434537691101	-0.0446458189151	-0.00910250057291	-0.000665469185403	0.0148434238313	-0.133722102478	0.000343607001095	-0.0416779944287	-0.0164336568714	-0.0181645264762	0.0385575843067	-0.0110504945209	-0.00899070085005	0.00655291041641	0.00709628973607	0.00647095323799	-0.0125543621334	-0.00803872277651	-0.023802146161	0.0537161908475	0.00424601998792	0.0408825556155	-0.0387653200929	-0.0454681492746	-0.00431362858475	0.0368795885725	0.012998382672
k__Bacteria;p__Firmicutes;c__Clostridia;o__Clostridiales;f__Ruminococcaceae;g__Faecalibacterium;s__Faecalibacterium_prausnitzii	0.0423993955443	0.0284560445504	0.0376585847976	0.0328378862972	-0.0363308405472	-0.0290759324501	0.01966814279	1.0	-0.00812664717779	-0.0426873063356	0.0207044749712	-0.0322410872124	0.00960018504905	0.0477330576416	0.0234090534109	-0.0735739699922	0.0315161685389	0.0622468199316	-0.0426790744907	-0.0303161210752	-0.0157315918829	0.0429148756763	-0.0122747882109	-0.0400371531187	-0.00332911277611	0.00708587836017	0.0245662426399	-0.0901855424518	-0.020308111246	-0.0467297848551	-0.00617871300792	0.0162758335423	-0.03832197458	-0.00674529012425	0.0461952658819	-0.0523597936299	-0.0258075738109	-0.00990420580408	0.0167382760019	0.000139951257074	0.0108855470198	-0.0140398767918	-0.0230068904891	-0.0397088154045	-0.0116484528199	-0.00559896158692	-0.017709476802	-0.029834529855	-0.0128490260487	-0.041890933071	-0.0225222545289	0.0483884997714	0.0404723886219	0.0111947971452	-0.0167402830317	0.02514161077	0.0589493043453	0.0236744983641	0.0832159594926
k__Bacteria;p__Bacteroidetes;c__Bacteroidia;o__Bacteroidales;f__Rikenellaceae;g__Alistipes;s__Alistipes_finegoldii	-0.0120769632861	0.0551903816116	0.0398156834903	0.0173422173996	-0.0488005504147	0.00232479240764	-0.0479175256997	-0.00812664717779	1.0	-0.00312343771866	-0.0447939956503	0.0124490123986	-0.040032346426	-0.00470642952412	0.0483549477235	0.0534281529028	-0.00942965670432	-0.024495452987	0.0116195145121	0.036309314663	0.0590593113306	-0.00101289667047	-0.00293275871387	0.0162621374729	0.0275334896397	0.0290614576345	-0.0386969680977	0.0911101704926	-0.0803661825168	-0.0237208897674	0.0315681873794	-0.00405408808671	-0.0257596460912	-0.0195774383169	-0.0720284825163	-0.0574150954854	-0.0366066328601	-0.031297939408	-0.010937147829	0.0563477783555	-0.0107566033298	0.026194491729	-0.0023984130784	-0.041544904084	-0.0887911229988	0.021776894259	-0.0254116954504	0.0634057618568	0.0403072233011	-0.0511426948963	0.0247455266135	-0.0247124862567	-0.0249577818401	-0.0088820688382	-0.0465241041115	-0.0335878971348	-0.0334788714197	-0.030601821452	0.0300431650154
k__Bacteria;p__Bacteroidetes;c__Bacteroidia;o__Bacteroidales;f__Porphyromonadaceae;g__Parabacteroides;s__Parabacteroides_distasonis	-0.0266019427072	0.0659573384065	0.00613398110318	0.0303319767882	-0.04450841325	0.00974823278524	-0.00675166370666	-0.0426873063356	-0.00312343771866	1.0	-0.00485295866637	0.0358135882625	-0.0540820743207	-0.0240829621381	-0.0197965966752	-0.0318221965606	-0.0100799846357	-0.00845978802236	0.047459426025	-0.0141911221157	0.0343662105978	-0.0337214277942	-0.0467591165599	0.00153965883533	-0.000575770882264	-0.00207022322676	0.00585874690948	0.00821024266106	-0.00491589526384	0.0222444808022	-0.0160941900037	-0.0469865498902	-0.0132435515309	-0.0395741602657	-0.03330200142	-0.0104448933457	-0.0177878291076	-0.0343768172748	0.00358329147512	-0.0492489045486	-0.0343797320534	-0.0336139791713	-0.00795052794589	0.0250253094326	0.0748801755702	-0.00537243129589	-0.0285654440004	0.0381480912694	0.000419983464286	-0.0447991293485	0.0485053351912	0.0462524375508	-0.01805209143	-0.0231982939582	-0.0785175481229	0.0645004706937	0.0105453113497	0.0299123180941	-0.0484195984849
k__Bacteria;p__Bacteroidetes;c__Bacteroidia;o__Bacteroidales;f__Bacteroidaceae;g__Bacteroides;s__Bacteroides_thetaiotaomicron	0.0269565829469	-0.06265876894	0.0197910709133	-0.0570141276514	0.0405253152464	0.0196580101256	-0.0288235494051	0.0207044749712	-0.0447939956503	-0.00485295866637	1.0	-0.0692666878619	-0.043417183318	-0.0274101414413	-0.0168984421376	-0.0524332646615	-0.0152736189692	0.0879505675106	-0.00426519917724	-0.0110029354839	0.0202090913121	-0.00169691570084	-0.0222300064671	0.023945881968	-0.0399771099925	-0.0175437562424	0.015107618216	-0.0217886881104	-0.0247201564512	-0.0248291268783	0.00357531049503	0.00338228371917	-0.0593343297878	0.020425536607	0.0355889243162	-0.0113143866355	0.0305575643739	-0.0556195035362	0.0193368875889	0.00331087997394	-0.0556486304042	-0.0202716935852	-0.0437992277098	-0.00490526247791	-0.0456988773782	-0.0131140736769	-0.0430294813308	0.0183013523058	-0.0348772893868	-0.00223210813441	0.00381117598371	0.0748925794518	0.0137442572554	-0.0616258828258	-0.0377738739682	0.00575072692423	-0.0166416929038	-0.0102324685216	-0.0254392619401
k__Bacteria;p__Bacteroidetes;c__Bacteroidia;o__Bacteroidales;f__Bacteroidaceae;g__Bacteroides;s__Bacteroides_coprocola	-0.081531279569	0.00761738657463	-0.0289763327299	-0.0146988843987	-0.00898839416702	-0.0294181191376	0.0223308292038	-0.0322410872124	0.0124490123986	0.0358135882625	-0.0692666878619	1.0	-0.0230875462663	-0.056418033658	-0.0269076168095	0.00639074088094	0.013303573366	-0.0109363832965	0.0233112997175	0.0165335190849	0.0432715997685	-0.0241964864043	-0.0234826163541	-0.0126167602275	-0.04708211581	0.0389381909353	-0.00658042173481	-0.0255202245664	-0.05014414788	0.0260754428264	-0.0672616257499	-0.063013953939	0.0180463773395	-0.0204713357894	-0.0598474799692	-0.0172010269202	-0.031089950702	-0.00369541755654	0.00759118627496	-0.0968459539749	-0.0125603536054	0.0196852259162	0.0810114154978	-0.0258143678992	-0.069981635537	-0.0441555184585	0.0552762933889	0.044596398529	-0.0410633225631	0.0247060898499	0.000948188657111	-0.043332841816	0.0138864060408	0.0198878743797	0.0527289009082	0.0108029809373	0.047939666252	-0.0221661851547	0.0400842630929
k__Bacteria;p__Bacteroidetes;c__Bacteroidia;o__Bacteroidales;f__Bacteroidaceae;g__Bacteroides;s__Bacteroides_cellulosilyticus	0.0310559054488	-0.0320074116986	0.0657108146347	0.0379479522745	-0.0648018708295	-0.00509019988235	0.0404505615374	0.00960018504905	-0.040032346426	-0.0540820743207	-0.043417183318	-0.0230875462663	1.0	0.0300543385627	-0.0150869518004	0.0776460296423	-0.00938717854258	-0.000153772058945	-0.00229693141968	0.00141531968961	-0.00381516398167	-0.0433441393429	-0.00798644868143	0.0481916480331	0.0427131616102	-0.0423215844902	-0.00533470071624	-0.0147596757574	-0.0299673568366	0.0196752796366	-0.0245573999124	0.0125520650271	0.0308932328473	-0.0531543056097	-0.058129841128	0.0333688164321	0.00324571306722	-0.0109977010769	-0.0694501964993	-0.0294145508963	-0.0240599984636	0.0447638934858	-0.0151465807715	0.0276643744458	0.0814362404307	-0.0344288079239	-0.054276060677	-0.0675032169015	0.000740140701582	-0.0118694030929	0.00871041381865	0.0430221556031	0.054168546713	-0.00847157749	-0.024013847699	0.0384685210133	0.0207286856142	0.0322643575356	-0.0352606816512
k__Bacteria;p__Bacteroidetes;c__Bacteroidia;o__Bacteroidales;f__Rikenellaceae;g__Alistipes;s__Alistipes_obesi	0.0266650698239	0.0156585938959	-0.0300902076495	-0.00969762210203	0.0112008295251	-0.000782446201657	-0.0202207049739	0.0477330576416	-0.00470642952412	-0.0240829621381	-0.0274101414413	-0.056418033658	0.0300543385627	1.0	-0.0443695686059	0.036019300911	-0.0402219060014	-0.00185196064034	0.0156467570687	-0.0278883853687	0.0581217965148	0.0108801633791	0.0156072966388	-0.0336846116007	0.038420014442	0.00033054071585	0.00269387796204	-0.0640388381053	-0.025828482322	0.0225095309217	-0.0322267696195	-0.038171970532	-0.0142722808138	-0.0568173502536	0.0250716038664	-0.015019843735	0.0492592397732	-0.0278413717715	0.0254505642282	0.00254620756673	-0.00178086063128	0.000145825367647	0.0148098564645	0.0375051332182	0.00526934238261	0.035924441483	-0.017471906617	-0.00911038951111	-0.0565930872675	-0.0510952552037	-0.025806963202	0.0582286548152	-0.0456036573881	-0.0408724275905	-0.0331090130466	-0.00440535066972	-0.0139131779944	-0.0453587635124	-0.0320522086331
k__Bacteria;p__Firmicutes;c__Clostridia;o__Clostridiales;f__Lachnospiraceae;g__;s__[Eubacterium]_rectale	-0.0359406034096	-0.0254975833713	-0.0130760020873	0.0518493690121	-0.0865192048676	-0.0331290194413	-0.0261239872689	0.0234090534109	0.0483549477235	-0.0197965966752	-0.0168984421376	-0.0269076168095	-0.0150869518004	-0.0443695686059	1.0	-0.0415757013275	0.0684196247222	-0.0222045434258	0.0207284548415	-0.0319843877356	-0.00740387211786	-0.0202779824058	0.0101736014404	-0.041031972069	0.0386961667571	-0.0202085988308	-0.0267791147686	-0.0596492954016	-0.047385022467	0.0508923613962	-0.0742383333415	0.0617104559675	-0.00160465156999	0.0326250020762	-0.0715054183331	-0.0219409176286	-0.0022644611831	-0.0374507951571	-0.023275718727	-0.0122230105615	-0.00175632659918	0.00123527473692	-0.0133101485687	0.0112128452579	0.0290472492576	-0.0198559183096	-0.00451250798519	0.0103915619174	-0.0803828239154	0.0112850565459	-0.0484446824467	-0.0502315946246	-0.00393771499718	-0.0187840201224	-0.0425384662867	0.058169778631	0.0534869521484	0.0400193630789	0.00958276255193
k__Bacteria;p__Bacteroidetes;c__Bacteroidia;o__Bacteroidales;f__Bacteroidaceae;g__Bacteroides;s__Bacteroides_plebeius	-0.031892407901	0.0451526463374	-0.0288519022883	-0.0260043984546	0.0301621011219	-0.0667042664074	0.0594073678207	-0.0735739699922	0.0534281529028	-0.0318221965606	-0.0524332646615	0.00639074088094	0.0776460296423	0.036019300911	-0.0415757013275	1.0	0.0894029826738	-0.0109448615756	-0.00350665613849	-0.00133082968835	0.0195164071712	0.0341404446586	-0.0299236845722	-0.0199581218925	-0.00255855755194	-0.0439332067166	-0.042595301579	-0.039519595688	-0.0771715247329	0.0343125003752	-0.0136193888442	0.0396829298943	0.0550386596294	-0.00990896772947	0.0177402910773	-0.00257621710978	0.0165052561812	0.066902484658	0.00621765539074	0.0210096386197	-0.00736101028506	0.0707185632485	0.004501636043	0.0112321945588	-0.0187297730447	0.0587309980678	-0.0142958088634	-0.0119955336733	0.0130757126755	-0.00998112584359	0.0211975101374	-0.0359050138264	0.0305227694016	0.0135776078685	0.0538826222269	-0.0424257491374	-0.00670617807414	-0.0581561162281	-0.0711798290557
k__Bacteria;p__Bacteroidetes;c__Bacteroidia;o__Bacteroidales;f__Bacteroidaceae;g__Bacteroides;s__Bacteroides_fragilis	-0.0486671397551	-0.0129147564431	0.00871526362118	0.000639001262289	-0.0603038649579	0.0271555045168	0.00377875279753	0.0315161685389	-0.00942965670432	-0.0100799846357	-0.0152736189692	0.013303573366	-0.00938717854258	-0.0402219060014	0.0684196247222	0.0894029826738	1.0	0.0165720713169	-0.0480634923806	-0.0504021752667	0.0453449191297	0.0360312413663	0.0184070666183	-0.00816761790981	0.0136176377079	0.0325249458016	-0.0799789103015	0.00413684891879	0.0359704503844	-0.00403751370648	-0.024713652134	0.00490031603189	0.0265488213229	-0.0100013445044	-0.0287990050908	-0.0026329885373	-0.00359236942826	0.00121717511105	0.0149792077475	0.0019268839684	0.00118826844572	-0.00978044804023	0.00181396779811	-0.0463373961186	-0.0286609862119	0.0524102836791	0.0313013787673	0.0111354996151	0.0114175000039	-0.00999467807437	0.00625547265116	-0.0178875156992	-0.0667082470825	-0.00360581655801	-0.0419335728875	0.0115521776537	0.0153098744911	-0.0424043314144	-0.0397264506894
k__Bacteria;p__Proteobacteria;c__Betaproteobacteria;o__Burkholderiales;f__Sutterellaceae;g__Sutterella;s__Sutterella_wadsworthensis	-0.0229288921747	-0.0241933806107	0.0151274836589	0.0225153064128	-0.0468628536623	0.0218773461765	0.00357279839567	0.0622468199316	-0.024495452987	-0.00845978802236	0.0879505675106	-0.0109363832965	-0.000153772058945	-0.00185196064034	-0.0222045434258	-0.0109448615756	0.0165720713169	1.0	-0.0467905267524	0.0288677474766	-0.0252919108628	0.0263666097381	-0.0283964992552	-0.0371498063821	-0.00307458889613	-0.0015844745915	-0.00339407095356	-0.039924269487	-0.000127553810634	0.00935309677045	0.00577931469544	-0.017360383761	-0.0183128775631	0.0510346757117	-0.0195187163487	-0.0287895562117	-0.035726186163	-0.0226339137351	-0.0941982595613	-0.00194821372414	-0.0397812747367	-0.0746402104596	0.0299508921659	0.0433434591373	-0.0361196085596	0.026375870843	-0.0326358087059	0.0465882737651	-0.0502392190251	0.035791155838	-0.0718390366236	0.00010063375744	0.0181284887784	-0.0525843962847	-0.0365717704632	-0.0756691391959	0.00577095124659	0.0154193547295	0.0203253846161
k__Bacteria;p__Bacteroidetes;c__Bacteroidia;o__Bacteroidales;f__Porphyromonadaceae;g__Barnesiella;s__Barnesiella_intestinihominis	-0.0153086849121	-0.00398129979148	0.0528183883805	-0.0531681481009	0.0134797915023	0.00887611906601	-0.0151391837977	-0.0426790744907	0.0116195145121	0.047459426025	-0.00426519917724	0.0233112997175	-0.00229693141968	0.0156467570687	0.0207284548415	-0.00350665613849	-0.0480634923806	-0.0467905267524	1.0	-0.0570891660698	-0.0604182021741	-0.0139757200093	-0.0560140721819	-0.0873372916575	-0.0117278788498	0.0416355682812	0.0306784444014	0.0286509469391	0.0613911076507	0.0237729050895	0.00928262118916	-0.0130668609026	-0.00860599818568	0.078322580119	-0.0281230359496	0.00827058385465	-0.0541242277114	-0.0357565038494	0.0357280800994	-0.0200142858355	-0.00656074401513	-0.0543313776548	0.0246797741795	-0.00641915409338	0.021689291112	-0.022319234768	0.00890586494803	0.0307306880522	0.00290213141431	0.0337731330182	-0.0371341431612	-0.0819668507359	-0.0780791510292	-0.0263356382226	-0.0423785422669	0.0107652553138	0.0507739392953	-0.0261813637401	-0.0369997096911
k__Bacteria;p__Bacteroidetes;c__Bacteroidia;o__Bacteroidales;f__Odoribacteraceae;g__Odoribacter;s__Odoribacter_splanchnicus	-0.0745412966917	0.0010164266914	-0.0320344941077	-0.00563295843426	-0.0473480055143	-0.023529803931	0.0252669257692	-0.0303161210752	0.036309314663	-0.0141911221157	-0.0110029354839	0.0165335190849	0.00141531968961	-0.0278883853687	-0.0319843877356	-0.00133082968834	-0.0504021752667	0.0288677474766	-0.0570891660698	1.0	0.0144568528832	-0.0829027560824	0.0217243016149	0.0637107057284	-0.0730285897988	-0.0602324031874	0.00332900442621	-0.0134116713029	-0.0471382566343	0.02295720437	-0.0219630513025	-0.0505432530388	-0.0514397164795	0.00627305004937	0.0248086548978	0.0611371826274	0.0195943675598	0.0111732227615	-0.0421715237399	0.000916503332532	0.064427842183	0.0406249324742	-0.0315561975359	-0.0462650251014	-0.0322316416996	-0.00555171643354	-0.0773369835138	-0.00469020861229	0.0196458843937	-0.00860875582383	-0.0228333469135	-0.0266171626947	0.018809996722	-0.0183124590161	-0.026748786009	0.0123398397426	-0.00580871322244	0.0393321765955	-0.0376706907672
k__Bacteria;p__Bacteroidetes;c__Bacteroidia;o__Bacteroidales;f__Bacteroidaceae;g__Bacteroides;s__Bacteroides_salyersiae	-0.010642943649	-0.0297121237026	0.00860255668958	0.0160633413366	0.0152145887796	-0.0213785380497	-0.00434906141931	-0.0157315918829	0.0590593113306	0.0343662105978	0.0202090913121	0.0432715997685	-0.00381516398167	0.0581217965148	-0.00740387211786	0.0195164071712	0.0453449191297	-0.0252919108628	-0.0604182021741	0.0144568528832	1.0	-0.0151301532139	0.0334990969824	0.0216719875637	-0.0295043050394	-0.0391650110243	0.0334146461757	0.0218566902233	-0.00959300937151	-0.013733407357	-0.0406488620881	-0.0155449921486	-0.0509629535795	-0.0376379750521	0.00627626545416	0.0110423738369	-0.0491873787639	0.0383779110809	-0.00823816800479	-0.029125748536	0.0475213178991	0.0196280953959	-0.0117379265475	0.0285948243496	0.015582584322	-0.0321339950209	0.0345876900921	-0.0254605253702	0.0366947459596	-0.0285042373393	-0.0289625920158	-0.0155212901821	-0.0824268503559	-0.0801219203809	0.0285172570397	0.0629126662778	0.0484273781451	0.0165344344523	-0.0429154137328
k__Bacteria;p__Firmicutes;c__Clostridia;o__Clostridiales;f__Ruminococcaceae;g__Ruminiclostridium;s__[Eubacterium]_siraeum	0.0445035240466	-0.0196368867236	0.0130697783287	-0.0341907220556	-0.00826188630707	-0.0413332131995	-0.00896811139278	0.0429148756763	-0.00101289667047	-0.0337214277942	-0.00169691570084	-0.0241964864043	-0.0433441393429	0.0108801633791	-0.0202779824058	0.0341404446586	0.0360312413663	0.0263666097381	-0.0139757200093	-0.0829027560824	-0.0151301532139	1.0	-0.055605068428	-0.0143773382158	-0.0547972983813	0.076692563486	0.0275932433103	-0.0490299749403	-0.0122123207765	0.00490339910584	-0.012584353708	-0.0406431638728	-0.0120671567928	0.0352169047075	0.0295762493601	-0.0346088718678	-0.0275759943689	-0.00977515359405	-0.0196634436089	-0.0710966857066	0.00879154447949	0.0578940808873	-0.0204595642449	-0.100189812171	-0.0122850378257	0.0318782967994	-0.0139214733386	0.00620550686697	0.00706351061193	0.0777806021183	-0.0930753590548	0.0241460651841	-0.0244486992574	-0.00500454878523	0.07143574856	-0.0594288383551	0.0500765740798	-0.0422272186735	0.056033360012
k__Bacteria;p__Proteobacteria;c__Betaproteobacteria;o__Burkholderiales;f__Sutterellaceae;g__Parasutterella;s__Parasutterella_excrementihominis	0.0535160298928	0.0677109315092	-0.00451200467733	-0.0115237692994	-0.00364129642036	-0.0148171137103	-0.0826936644703	-0.0122747882109	-0.00293275871387	-0.0467591165599	-0.0222300064671	-0.0234826163541	-0.00798644868143	0.0156072966388	0.0101736014404	-0.0299236845722	0.0184070666183	-0.0283964992552	-0.0560140721819	0.0217243016149	0.0334990969824	-0.055605068428	1.0	0.023500634418	0.0181477495497	0.00133634757567	-0.0172165910005	-0.0531761871839	0.0108446438277	-0.0381029452986	0.0307195173872	-0.0200579257057	-0.0631636421368	-0.0229526270946	-0.0394443998051	0.0075063022536	-0.0292219016898	-0.0181226059969	0.0267527261188	-0.0232329176982	-0.0597738672462	0.0115110254095	-0.0117930713372	-0.0122143218061	0.0922740555909	-0.0738050201142	-0.0380677331653	0.0230897269764	0.0050184049591	0.00658563265622	0.0222130753387	0.0274703639356	-0.0491697974144	-0.0174258737679	-0.0170237148939	-0.00142799082786	0.00423843577458	0.00575568897739	-0.0154433665374
k__Bacteria;p__Actinobacteria;c__Actinobacteria;o__Bifidobacteriales;f__Bifidobacteriaceae;g__Bifidobacterium;s__Bifidobacterium_adolescentis	-0.00580048755878	-0.00414203991364	0.0125389555765	0.030580883417	0.0232360165382	0.0132882995159	0.0318301043173	-0.0400371531187	0.0162621374729	0.00153965883533	0.023945881968	-0.0126167602275	0.0481916480331	-0.0336846116007	-0.041031972069	-0.0199581218925	-0.00816761790981	-0.0371498063821	-0.0873372916575	0.0637107057284	0.0216719875637	-0.0143773382158	0.023500634418	1.0	0.0189964786535	0.000447873605243	-0.027168094023	0.0271716452084	-0.012724272668	-0.00279765555805	0.0380350342912	-0.0527052374016	-0.0147209418956	-0.0470033568311	-0.0186512093401	-0.00464441494868	-0.0894994138622	0.00339691241148	-0.0352098790206	-0.0576394151889	-0.0495960844992	0.0326264591497	0.0134210623612	0.0397492610873	-0.031290898953	-0.0264186151664	-0.0213592794301	0.0353503622075	-0.0223224198371	-0.0266519555311	-0.0463545844129	0.0539317560533	0.0114526892706	-0.0230339580681	0.00818280364667	0.0167171935329	-0.0610070689019	-0.0139017775125	0.0399145666829
k__Bacteria;p__Firmicutes;c__Clostridia;o__Clostridiales;f__Oscillospiraceae;g__Oscillibacter;s__Oscillibacter_sp._KLE_1745	-0.041190308351	-0.0605754993677	-0.00987502535359	0.0279854129526	-0.0186739137785	-0.0368120561601	0.0337224424925	-0.00332911277611	0.0275334896397	-0.000575770882264	-0.0399771099925	-0.04708211581	0.0427131616102	0.038420014442	0.0386961667571	-0.00255855755194	0.0136176377079	-0.00307458889613	-0.0117278788498	-0.0730285897988	-0.0295043050394	-0.0547972983813	0.0181477495497	0.0189964786535	1.0	-0.0834827814994	-0.00071198053068	-0.018631403923	0.0204438652551	-0.0299512212821	0.0145872442856	-0.0219906763936	0.00400381891188	-0.047365357702	-0.0244991920793	-0.0437415210247	7.81468462695e-05	0.0502161182433	-0.025333011064	0.0662354378914	-0.0212072070096	-0.0162647329538	0.0128224744702	0.00935004261962	-0.0576498415602	0.0287638253154	-0.0424799808137	-0.0726619959059	-0.00372548010968	-0.0407472239033	0.0244528528367	0.0352742002634	-0.0269602587957	0.0681832647843	0.0471727734498	-0.0192430795014	-0.0273024591078	-0.000447609791832	-0.028427681965
k__Bacteria;p__Bacteroidetes;c__Bacteroidia;o__Bacteroidales;f__Bacteroidaceae;g__Bacteroides;s__Bacteroides_coprophilus	-0.0164075512833	-0.0628042853723	-0.0439504889081	-0.0643441247843	-0.0395241962433	-0.057132824465	-0.0255593066714	0.00708587836017	0.0290614576345	-0.00207022322676	-0.0175437562424	0.0389381909353	-0.0423215844902	0.00033054071585	-0.0202085988308	-0.0439332067166	0.0325249458016	-0.0015844745915	0.0416355682813	-0.0602324031874	-0.0391650110243	0.076692563486	0.00133634757567	0.000447873605243	-0.0834827814994	1.0	0.0388767733173	0.0106302416078	-0.0205801054418	0.00280556401561	0.0978008943369	-0.0551025814557	-0.0038685540281	-0.0228944416828	-0.0305826121306	-0.00245273388956	-0.031235901165	-0.00253462525185	0.0131298520921	-0.0642897289028	0.017634940473	0.00272798200141	-0.0387904128433	-0.0610671845555	-0.00420437707978	-0.0213698989439	-0.0170500254049	0.0144224893041	0.0121536880294	-0.0423235889231	0.0043010899487	-0.0307599801575	-0.0715309708886	0.0507147402839	0.0314131849862	-0.0151619645267	-0.0677766563752	0.0677116879864	-0.0104681994367
k__Bacteria;p__Firmicutes;c__Clostridia;o__Clostridiales;f__Lachnospiraceae;g__Roseburia;s__Roseburia_intestinalis	-0.0172098636993	0.0308444777958	-0.0392161532583	-0.0242079508339	-0.0271604131061	-0.0272373813675	0.0170578229404	0.0245662426399	-0.0386969680977	0.00585874690948	0.015107618216	-0.00658042173481	-0.00533470071624	0.00269387796204	-0.0267791147686	-0.042595301579	-0.0799789103015	-0.00339407095356	0.0306784444014	0.00332900442621	0.0334146461757	0.0275932433103	-0.0172165910005	-0.027168094023	-0.00071198053068	0.0388767733173	1.0	-0.046861212488	-0.0571076433408	-0.0393652965764	-0.00260470483214	-0.0363129087443	0.0223071497087	0.0382525890273	0.0342860702519	0.0442438832107	-0.022843003335	-0.0842519899368	-0.0170313469618	0.0676391221598	0.0160181273869	6.21473720721e-05	-0.0755786537525	0.0259049826124	0.011311858936	-0.0643376518844	0.0197463029674	0.0344055042638	-0.0320805018336	-0.0363195789297	-0.0273091325338	-0.00304502604678	0.0135969549684	0.0425149651142	-0.0199925572376	-0.0319835890443	-0.0305250218099	0.00127235970636	0.0312310795156
k__Bacteria;p__Firmicutes;c__Clostridia;o__Clostridiales;f__Lachnospiraceae;g__Roseburia;s__Roseburia_hominis	-0.00870839227008	-0.043543996778	-0.0414746544494	-0.0312370486037	-0.00635673007184	0.00966543719755	0.0197838571542	-0.0901855424518	0.0911101704926	0.00821024266106	-0.0217886881104	-0.0255202245664	-0.0147596757574	-0.0640388381053	-0.0596492954016	-0.039519595688	0.00413684891879	-0.039924269487	0.0286509469391	-0.0134116713029	0.0218566902233	-0.0490299749403	-0.0531761871839	0.0271716452084	-0.018631403923	0.0106302416078	-0.046861212488	1.0	0.017037237437	-0.0087030642546	0.0151387699717	-0.0430798226453	-0.0257815103196	-0.0230986712762	0.0760916393274	0.064279077234	-0.0353668240162	-0.0991858456467	-0.00961229647851	-0.0347078729937	-0.061694775412	0.029916418377	-0.0463495451576	0.00380779716663	0.0453413908191	0.0307038633075	-0.054567023237	-0.0216337770677	0.00401379338958	0.0342123151967	-0.00557986240586	-7.54215292491e-05	-0.0792505421203	0.0191155402979	0.0604781175268	0.0330434939523	0.00844021604193	-0.0264185992881	0.0115368596393
k__Bacteria;p__Bacteroidetes;c__Bacteroidia;o__Bacteroidales;f__Porphyromonadaceae;g__Parabacteroides;s__Parabacteroides_johnsonii	-0.0241322485444	-0.0539936141928	0.0688923726511	-0.0257226535528	0.0419505416753	0.0189724281622	-0.0365193707981	-0.020308111246	-0.0803661825168	-0.00491589526384	-0.0247201564512	-0.05014414788	-0.0299673568366	-0.025828482322	-0.047385022467	-0.0771715247329	0.0359704503844	-0.000127553810634	0.0613911076507	-0.0471382566343	-0.00959300937151	-0.0122123207765	0.0108446438277	-0.012724272668	0.0204438652551	-0.0205801054418	-0.0571076433408	0.017037237437	1.0	0.0158656025914	-0.0457380740585	0.039170416636	0.0423104265815	0.0397160427411	0.00979441903048	-0.0273434136409	0.0262213827703	0.0443958873761	-0.043817694491	-0.00858249999042	0.00950485112823	-0.052930052602	-0.0220641097737	-0.0757418024377	0.0354163446609	-0.0245667175021	-0.0148306946237	-0.0403995407757	0.0242215496838	-0.00907408912091	0.024157345683	-6.97095078103e-05	-0.0276660995768	0.044697808157	-0.0577916760236	-0.0343376716401	-0.00236032007967	0.0448961802526	-0.0087503572916
k__Bacteria;p__Actinobacteria;c__Actinobacteria;o__Bifidobacteriales;f__Bifidobacteriaceae;g__Bifidobacterium;s__Bifidobacterium_longum	-0.0049266761656	-0.043123447631	-0.0315399570492	-0.0150143905555	-0.036599439496	-0.033615842971	-0.0280469901899	-0.0467297848551	-0.0237208897674	0.0222444808022	-0.0248291268783	0.0260754428264	0.0196752796366	0.0225095309217	0.0508923613962	0.0343125003752	-0.00403751370648	0.00935309677045	0.0237729050895	0.02295720437	-0.013733407357	0.00490339910584	-0.0381029452986	-0.00279765555805	-0.0299512212821	0.00280556401561	-0.0393652965764	-0.0087030642546	0.0158656025914	1.0	0.0221469098521	-0.00409832851362	-0.0879251770689	0.0107518485265	-0.0302645910699	-0.0334292626587	-0.0214656809543	-0.0114780617211	-0.0533538860795	-0.0288298167472	-0.0316011588448	-0.0105586900494	-0.0113842600976	0.0338370580607	-0.0175011670441	-0.0315861832248	0.0219784492887	-0.0134753776575	0.0152217029604	-0.0175592473568	-0.0131394278102	-0.049546985692	-0.0470083833822	-0.0897771632968	-0.0515122911373	-0.0121664858366	-0.0393185863175	0.0397167250208	0.0100795124255
