#taxonomy	k__Bacteria;p__Bacteroidetes;c__Bacteroidia;o__Bacteroidales;f__Bacteroidaceae;g__Bacteroides;s__Bacteroides_vulgatus	k__Bacteria;p__Bacteroidetes;c__Bacteroidia;o__Bacteroidales;f__Bacteroidaceae;g__Bacteroides;s__Bacteroides_uniformis	k__Bacteria;p__Bacteroidetes;c__Bacteroidia;o__Bacteroidales;f__Rikenellaceae;g__Alistipes;s__Alistipes_putredinis	k__Bacteria;p__Bacteroidetes;c__Bacteroidia;o__Bacteroidales;f__Prevotellaceae;g__Prevotella;s__Prevotella_copri	k__Bacteria;p__Bacteroidetes;c__Bacteroidia;o__Bacteroidales;f__Bacteroidaceae;g__Bacteroides;s__Bacteroides_stercoris	k__Bacteria;p__Bacteroidetes;c__Bacteroidia;o__Bacteroidales;f__Bacteroidaceae;g__Bacteroides;s__Bacteroides_ovatus	k__Bacteria;p__Bacteroidetes;c__Bacteroidia;o__Bacteroidales;f__Rikenellaceae;g__Alistipes;s__Alistipes_shahii	k__Bacteria;p__Firmicutes;c__Clostridia;o__Clostridiales;f__Ruminococcaceae;g__Faecalibacterium;s__Faecalibacterium_prausnitzii	k__Bacteria;p__Bacteroidetes;c__Bacteroidia;o__Bacteroidales;f__Rikenellaceae;g__Alistipes;s__Alistipes_finegoldii	k__Bacteria;p__Bacteroidetes;c__Bacteroidia;o__Bacteroidales;f__Porphyromonadaceae;g__Parabacteroides;s__Parabacteroides_distasonis	k__Bacteria;p__Bacteroidetes;c__Bacteroidia;o__Bacteroidales;f__Bacteroidaceae;g__Bacteroides;s__Bacteroides_thetaiotaomicron	k__Bacteria;p__Bacteroidetes;c__Bacteroidia;o__Bacteroidales;f__Bacteroidaceae;g__Bacteroides;s__Bacteroides_coprocola	k__Bacteria;p__Bacteroidetes;c__Bacteroidia;o__Bacteroidales;f__Bacteroidaceae;g__Bacteroides;s__Bacteroides_cellulosilyticus	k__Bacteria;p__Bacteroidetes;c__Bacteroidia;o__Bacteroidales;f__Rikenellaceae;g__Alistipes;s__Alistipes_obesi	k__Bacteria;p__Firmicutes;c__Clostridia;o__Clostridiales;f__Lachnospiraceae;g__;s__[Eubacterium]_rectale	k__Bacteria;p__Bacteroidetes;c__Bacteroidia;o__Bacteroidales;f__Bacteroidaceae;g__Bacteroides;s__Bacteroides_plebeius	k__Bacteria;p__Bacteroidetes;c__Bacteroidia;o__Bacteroidales;f__Bacteroidaceae;g__Bacteroides;s__Bacteroides_fragilis	k__Bacteria;p__Proteobacteria;c__Betaproteobacteria;o__Burkholderiales;f__Sutterellaceae;g__Sutterella;s__Sutterella_wadsworthensis	k__Bacteria;p__Bacteroidetes;c__Bacteroidia;o__Bacteroidales;f__Porphyromonadaceae;g__Barnesiella;s__Barnesiella_intestinihominis	k__Bacteria;p__Bacteroidetes;c__Bacteroidia;o__Bacteroidales;f__Odoribacteraceae;g__Odoribacter;s__Odoribacter_splanchnicus	k__Bacteria;p__Bacteroidetes;c__Bacteroidia;o__Bacteroidales;f__Bacteroidaceae;g__Bacteroides;s__Bacteroides_salyersiae	k__Bacteria;p__Firmicutes;c__Clostridia;o__Clostridiales;f__Ruminococcaceae;g__Ruminiclostridium;s__[Eubacterium]_siraeum	k__Bacteria;p__Proteobacteria;c__Betaproteobacteria;o__Burkholderiales;f__Sutterellaceae;g__Parasutterella;s__Parasutterella_excrementihominis	k__Bacteria;p__Actinobacteria;c__Actinobacteria;o__Bifidobacteriales;f__Bifidobacteriaceae;g__Bifidobacterium;s__Bifidobacterium_adolescentis	k__Bacteria;p__Firmicutes;c__Clostridia;o__Clostridiales;f__Oscillospiraceae;g__Oscillibacter;s__Oscillibacter_sp._KLE_1745	k__Bacteria;p__Bacteroidetes;c__Bacteroidia;o__Bacteroidales;f__Bacteroidaceae;g__Bacteroides;s__Bacteroides_coprophilus	k__Bacteria;p__Firmicutes;c__Clostridia;o__Clostridiales;f__Lachnospiraceae;g__Roseburia;s__Roseburia_intestinalis	k__Bacteria;p__Firmicutes;c__Clostridia;o__Clostridiales;f__Lachnospiraceae;g__Roseburia;s__Roseburia_hominis	k__Bacteria;p__Bacteroidetes;c__Bacteroidia;o__Bacteroidales;f__Porphyromonadaceae;g__Parabacteroides;s__Parabacteroides_johnsonii	k__Bacteria;p__Actinobacteria;c__Actinobacteria;o__Bifidobacteriales;f__Bifidobacteriaceae;g__Bifidobacterium;s__Bifidobacterium_longum	k__Bacteria;p__Firmicutes;c__Clostridia;o__Clostridiales;f__;g__Flavonifractor;s__Flavonifractor_plautii	k__Bacteria;p__Firmicutes;c__Clostridia;o__Clostridiales;f__Clostridiaceae;g__Clostridium;s__Clostridium_phoceensis	k__Bacteria;p__Verrucomicrobia;c__Verrucomicrobiae;o__Verrucomicrobiales;f__Akkermansiaceae;g__Akkermansia;s__Akkermansia_muciniphila	k__Bacteria;p__Bacteroidetes;c__Bacteroidia;o__Bacteroidales;f__Prevotellaceae;g__Paraprevotella;s__Paraprevotella_xylaniphila	k__Bacteria;p__Firmicutes;c__Clostridia;o__Clostridiales;f__Ruminococcaceae;g__Ruminococcus;s__Ruminococcus_callidus	k__Bacteria;p__Bacteroidetes;c__Bacteroidia;o__Bacteroidales;f__Rikenellaceae;g__Alistipes;s__Alistipes_senegalensis	k__Bacteria;p__Firmicutes;c__Clostridia;o__Clostridiales;f__Lachnospiraceae;g__Blautia;s__Blautia_sp._KLE_1732	k__Bacteria;p__Bacteroidetes;c__Bacteroidia;o__Bacteroidales;f__Bacteroidaceae;g__Bacteroides;s__Bacteroides_oleiciplenus	k__Bacteria;p__Firmicutes;c__Clostridia;o__Clostridiales;f__Ruminococcaceae;g__Ruminococcus;s__Ruminococcus_bicirculans	k__Bacteria;p__Bacteroidetes;c__Bacteroidia;o__Bacteroidales;f__Bacteroidaceae;g__Bacteroides;s__Bacteroides_fluxus	k__Bacteria;p__Bacteroidetes;c__Bacteroidia;o__Bacteroidales;f__Prevotellaceae;g__Prevotella;s__Prevotella_stercorea	k__Bacteria;p__Firmicutes;c__Clostridia;o__Clostridiales;f__Lachnospiraceae;g__Dorea;s__Dorea_longicatena	k__Bacteria;p__Firmicutes;c__Clostridia;o__Clostridiales;f__Eubacteriaceae;g__Eubacterium;s__[Eubacterium]_eligens	k__Bacteria;p__Firmicutes;c__Clostridia;o__Clostridiales;f__Ruminococcaceae;g__;s__Ruminococcaceae_bacterium_D16	k__Bacteria;p__Firmicutes;c__Clostridia;o__Clostridiales;f__Lachnospiraceae;g__Coprococcus;s__Coprococcus_comes	k__Bacteria;p__Proteobacteria;c__Gammaproteobacteria;o__Enterobacterales;f__Enterobacteriaceae;g__Escherichia;s__Escherichia_coli	k__Bacteria;p__Firmicutes;c__Clostridia;o__Clostridiales;f__Ruminococcaceae;g__Anaerotruncus;s__Anaerotruncus_colihominis	k__Bacteria;p__Firmicutes;c__Clostridia;o__Clostridiales;f__Lachnospiraceae;g__Blautia;s__Blautia_obeum	k__Bacteria;p__Bacteroidetes;c__Bacteroidia;o__Bacteroidales;f__Odoribacteraceae;g__Odoribacter;s__Odoribacter_laneus	k__Bacteria;p__Firmicutes;c__Clostridia;o__Clostridiales;f__Ruminococcaceae;g__Ruminiclostridium;s__[Clostridium]_leptum	k__Bacteria;p__Bacteroidetes;c__Bacteroidia;o__Bacteroidales;f__Porphyromonadaceae;g__Parabacteroides;s__Parabacteroides_goldsteinii	k__Bacteria;p__Firmicutes;c__Clostridia;o__Clostridiales;f__Lachnospiraceae;g__Anaerostipes;s__Anaerostipes_hadrus	k__Bacteria;p__Firmicutes;c__Clostridia;o__Clostridiales;f__Ruminococcaceae;g__Ruminococcus;s__Ruminococcus_lactaris	k__Bacteria;p__Firmicutes;c__Clostridia;o__Clostridiales;f__Clostridiaceae;g__Clostridium;s__Clostridium_sp._L2-50	k__Bacteria;p__Firmicutes;c__Clostridia;o__Clostridiales;f__Clostridiaceae;g__Clostridium;s__Clostridium_sp._M62/1	k__Bacteria;p__Firmicutes;c__Clostridia;o__Clostridiales;f__;g__Intestinimonas;s__Intestinimonas_butyriciproducens	k__Bacteria;p__Actinobacteria;c__Actinobacteria;o__Bifidobacteriales;f__Bifidobacteriaceae;g__Bifidobacterium;s__Bifidobacterium_bifidum	k__Bacteria;p__Firmicutes;c__Negativicutes;o__Veillonellales;f__Veillonellaceae;g__Dialister;s__Dialister_invisus	k__Bacteria;p__Bacteroidetes;c__Bacteroidia;o__Bacteroidales;f__Bacteroidaceae;g__Bacteroides;s__Bacteroides_salanitronis
k__Bacteria;p__Bacteroidetes;c__Bacteroidia;o__Bacteroidales;f__Bacteroidaceae;g__Bacteroides;s__Bacteroides_vulgatus	1.0	0.010306765544	0.0196773216011	-0.0475171717259	-0.0336482702597	0.0499532620585	0.00677853749375	-0.0387340907128	-0.0412810475518	0.00275390429524	0.0194531754471	0.0037845766177	-0.00081799361526	0.00815520861679	-0.0366565703581	-0.0105247354308	0.0250990878576	-0.0370207219094	0.0614546182274	0.0561611442225	0.0189824441078	-0.0234303184527	-0.0112462396133	-0.044450175525	0.00577653759899	-0.0375665785678	-0.0145722504043	0.00241158899413	-0.0375725347135	-0.0251556480606	-0.0484670890907	-0.00388275806335	-0.0350320776213	-0.0482589638068	0.000151775246686	0.0313048028386	0.0848345107821	0.0362011303098	-0.0309857632263	-0.0458729736095	-0.0265801728405	-0.041547636382	-0.0624289969572	-0.00890798496705	-0.047251403338	-0.0368870326934	-0.00724246293061	-0.0549238245807	0.00554196958672	0.0235943416299	-0.0194844980716	-0.0142764731565	0.0300108542089	-0.0433822907442	-0.0526139499139	0.0193970216486	0.0350899513887	0.0354581120158	0.0549914719307
k__Bacteria;p__Bacteroidetes;c__Bacteroidia;o__Bacteroidales;f__Bacteroidaceae;g__Bacteroides;s__Bacteroides_uniformis	0.010306765544	1.0	-0.0455903559167	-0.0165129502534	-0.0588691083573	-0.00654997326557	-0.126986203632	0.037607101379	0.00391253283933	0.0133225057625	-0.0289357165175	-0.0272575112346	0.00139261889371	0.0269546231306	-0.021330539348	-0.0188314581181	0.0425546320922	-0.0812531848856	-0.0131034189497	-0.043332816458	-0.0220336333473	-0.0332189459754	0.0174932305416	-0.120652405359	-0.0726321264259	0.0701070120035	-0.0234923788082	0.0498362036969	-0.00185792620123	-0.0338924022045	0.00436377585713	0.00780115063239	0.00600735008987	-0.00817784762295	0.0879990809011	-0.00529586027525	-0.0439061439354	-0.0324206084581	0.0272813450569	0.0375111404413	0.0288619515633	0.0390965969203	-0.0562085759294	-0.0014102837998	0.0646258037236	-0.0329293384604	0.00146588333513	0.0819245943365	-0.0140218733735	-0.0305326363367	0.0211251013164	-0.0239620274633	0.0784073400167	0.0768338374298	-0.00936208970433	-0.0231551621665	-0.0602558951413	0.0178800908117	-0.0164164250126
k__Bacteria;p__Bacteroidetes;c__Bacteroidia;o__Bacteroidales;f__Rikenellaceae;g__Alistipes;s__Alistipes_putredinis	0.0196773216011	-0.0455903559167	1.0	0.00631475486151	-0.029415161086	-0.0420564205097	0.0608797923307	0.0250136496494	0.0639330064046	-0.00126945884439	0.00821623721547	-0.0418592469652	-0.018632171768	-0.0392978440902	-0.103110058039	-0.0540055300134	-0.00512470902084	0.00569520398453	-0.0345545760769	0.021926655541	-0.00523439683272	-0.0136522607795	-0.0291255975724	0.0413965078568	-0.00340344956311	0.0537685932434	-0.00500225137006	0.0172271820914	-0.0338688769696	-0.0407485874349	-0.000929218220323	0.0189207960685	-0.0577484321944	-0.00249475915902	0.0221451363851	0.0318802279868	-0.0613405331538	0.00447692001054	0.0234287532525	0.0014458983962	0.00160779297155	0.0276664754386	-0.0109692043348	0.0263050980312	-0.0798187046608	0.0358688945518	-0.0150675263495	-0.000655678547273	0.0055927358272	0.0244855691115	-0.00630898797535	-0.0589706637773	-0.0980622600343	0.0226307156158	-0.0374392672712	-0.002133868868	0.0110370129759	-0.0221583258892	0.081909383865
k__Bacteria;p__Bacteroidetes;c__Bacteroidia;o__Bacteroidales;f__Prevotellaceae;g__Prevotella;s__Prevotella_copri	-0.0475171717259	-0.0165129502534	0.00631475486151	1.0	-0.0241542008505	0.0403821608168	0.0183625108773	-0.0331092995103	-0.033397368239	-0.00620213433576	0.00428472578676	0.0579566862318	0.00583518600215	0.00324822593388	-0.00847317611018	0.0120732214716	-0.0286669245666	-0.00855906713302	0.0337710599465	0.00169165245493	-0.0503916461342	0.0219693456879	0.00955672609652	-0.0338455161344	0.0202419306592	0.0992598851225	0.0431491568776	0.0235257067668	-0.0443464928464	0.0333085736138	-0.0127451455531	-0.00884148217983	-0.00228465422054	-0.0471012560442	-0.0155393015713	-0.0618531490768	0.0126082778694	-0.00161631237311	0.0310409258185	0.0185997572194	-0.0445043928625	-0.0484697397613	-0.00814877877554	0.0466779249691	-0.0344090557076	0.00186341859965	-0.00684297127104	-0.0113035998548	-0.0139879392432	-0.0211223128951	-0.0207512375583	-0.0891816489553	-0.0596911681678	-0.0100359846145	0.0140191327477	0.00316638751397	-0.0656651091894	0.0341732702688	-0.0293016856662
k__Bacteria;p__Bacteroidetes;c__Bacteroidia;o__Bacteroidales;f__Bacteroidaceae;g__Bacteroides;s__Bacteroides_stercoris	-0.0336482702597	-0.0588691083573	-0.029415161086	-0.0241542008505	1.0	0.0104821270557	-0.0402395030451	0.0113074822639	-0.0459748866343	-0.0458438148222	-0.0217860040186	-0.0959236465415	-0.0520446566091	-0.0419859415198	0.066998339177	-0.00358858547897	-0.0028421890263	-0.0277414835328	-0.0551620915595	-0.0576860111062	-0.00157505420671	-0.038565523591	0.0191126988405	-0.023571841588	0.0107229340817	-0.0265379755255	0.0513693294202	0.0667401206193	-0.0198422900651	0.00253711719297	-0.0225968407327	-0.0224420057909	0.0159488738989	-0.0362878149681	-0.0305983878162	-0.0458268823006	0.0120087485958	-0.0562928566714	-0.0174438545022	0.0172398813534	-0.0171714989174	-0.0590501627782	0.0328539847404	-0.000549549341248	-0.0180328702082	0.0147361175739	0.00509950012462	0.0269287800895	0.036091560549	-0.0570965749668	0.000336321562683	0.0412653136811	0.0113782252816	-0.0159045263836	-0.00601388908511	-0.0755299448946	0.0282436092817	-0.0215002215202	-0.016269180413
k__Bacteria;p__Bacteroidetes;c__Bacteroidia;o__Bacteroidales;f__Bacteroidaceae;g__Bacteroides;s__Bacteroides_ovatus	0.0499532620585	-0.00654997326557	-0.0420564205097	0.0403821608168	0.0104821270557	1.0	0.0105431314365	-0.0219967294853	-0.00641797441039	0.00562532785228	0.0138634125775	-0.00970562344206	-0.0258909865546	-0.057478944652	0.000489540571397	-0.0215646778098	-0.0321870635129	-0.0482021095313	-0.0311399509108	-0.0928563197707	0.0016084105566	-0.0234635191168	-0.0399491038977	0.0120352254118	-0.0426899063026	-0.053276932159	-0.0111460724708	-0.0184990257605	-0.0360129418518	-0.011213250916	-0.0469822842652	0.0338333688298	0.00420732621101	-0.0348663088902	0.00720081719757	0.00535671041621	0.0159523873469	-0.00335330841649	0.0348644951864	-0.0111221851778	-0.036479476418	0.00144967489053	-0.0112291339453	0.0204900118214	-0.0157917720227	0.0104980214125	-0.0291358215209	-0.000724782301579	-0.0656251404347	-0.0741630695021	0.0139590155751	-0.0104179772669	-0.0325947379591	-0.0314034222385	-0.0615843045151	0.0033241904735	-0.0587776407584	-0.0278298613878	-0.00379205782853
k__Bacteria;p__Bacteroidetes;c__Bacteroidia;o__Bacteroidales;f__Rikenellaceae;g__Alistipes;s__Alistipes_shahii	0.00677853749375	-0.126986203632	0.0608797923307	0.0183625108773	-0.0402395030451	0.0105431314365	1.0	9.6690082336e-05	0.0580886192962	-0.0784936736817	-0.0742582638212	-0.00177360105542	-0.0177103966724	-0.080267257693	-0.0189217438487	-0.00592500777309	0.0786707298819	-0.0248082888981	-0.0223948690216	-0.0372699784841	-0.0275234179087	0.0437686513547	-0.0353028457132	-0.0202936570172	0.0354672486579	-0.00471741307852	-0.076436129095	-0.0590756011373	-0.035248160058	-0.0075260303878	0.0208492731859	-0.0427799476014	-0.0502780348234	-0.00690258455958	0.0134893224375	-0.0107841206179	-0.070600827128	0.00419217637998	-0.0299810131962	-0.016807799481	0.00988044033347	0.00108430864395	0.0102901616907	-0.0032331997137	-0.0233639544363	0.0219613055139	-0.032746716014	0.0283217199431	0.0287741307517	-0.0138997189143	-0.0282774177127	0.0374110185836	0.0318272948143	-0.0362412100843	0.0145827785452	0.0585408291693	0.0176474893843	0.00276512011103	-0.0218917341389
k__Bacteria;p__Firmicutes;c__Clostridia;o__Clostridiales;f__Ruminococcaceae;g__Faecalibacterium;s__Faecalibacterium_prausnitzii	-0.0387340907128	0.037607101379	0.0250136496494	-0.0331092995103	0.0113074822639	-0.0219967294853	9.66900823361e-05	1.0	-0.035215222102	0.0104307992701	-0.0538464840443	-0.0119008391655	-0.0244222535392	-0.0667094640365	-0.0474271333359	-0.00452937249019	-0.016747515368	-0.0272606296507	0.0301629680198	0.024292174088	-0.000729710395996	-0.0459279190723	-0.0243598936109	0.0866858143059	-0.138134562352	-0.0472629007758	-0.0667949467026	0.028621863952	-0.062930637185	0.00423865316825	0.0319225053781	0.019200805733	-0.00572278533429	-0.0420191493044	-0.0222293900493	-0.0143839460975	0.0715165741479	0.027958772542	-0.0130957150298	-0.0281400449498	-0.055778301011	0.00973752810751	-0.058348250754	0.0473278647983	-0.0565526909979	-0.0103727894947	-0.0405610610329	0.0110418583737	0.0459792584653	0.0400330183895	-0.0420844882399	-0.0231842986297	0.0571733233605	-0.022049776486	0.0115725416833	-0.035322833687	-0.0448818585962	0.0110178286857	-0.0279798360408
k__Bacteria;p__Bacteroidetes;c__Bacteroidia;o__Bacteroidales;f__Rikenellaceae;g__Alistipes;s__Alistipes_finegoldii	-0.0412810475518	0.00391253283933	0.0639330064046	-0.033397368239	-0.0459748866343	-0.00641797441039	0.0580886192962	-0.035215222102	1.0	0.0116247057648	-0.00208366032373	0.0329780031104	0.0147130728933	-0.0708386409012	-0.00152364981422	0.0118030236214	0.0365360413656	0.047666805324	-0.0145999407987	0.00586136062976	-0.0061505015978	-0.0150893856926	-0.0101880022499	-0.0251326523565	0.00275825830193	-0.044410403182	-0.0286381540877	-0.0425526829357	0.0166264509079	-0.0020991923678	-0.0388883520493	-0.0642174629744	0.0362073792434	0.0412552588777	-0.0461261421757	-0.011203739483	0.01518083628	0.021757485364	-0.0112099325014	-0.0483959345774	-0.00505450031991	-0.008713535386	-0.0912897767923	0.00976178561632	0.012640861503	-0.0420026601122	0.0328045793026	-0.0102764786695	-0.0034154128461	-0.0204863207968	-0.014527311011	0.0165337482831	-0.0677924942391	0.0432966368066	-0.00626802952995	-0.0546276611716	-0.0143039595837	0.0128106267158	0.066313142741
k__Bacteria;p__Bacteroidetes;c__Bacteroidia;o__Bacteroidales;f__Porphyromonadaceae;g__Parabacteroides;s__Parabacteroides_distasonis	0.00275390429524	0.0133225057625	-0.00126945884439	-0.00620213433576	-0.0458438148222	0.00562532785228	-0.0784936736817	0.0104307992701	0.0116247057648	1.0	-0.000880176684872	-0.0376372503639	-0.0509087109481	-0.0187373184643	0.0335064136168	-0.0288357418511	-0.026319553296	-0.0234791999333	-0.0258605326886	-0.0150208524053	0.0212284359705	0.0396445334506	-0.0115502375756	0.0742847344293	0.0773810574411	-0.0057769115553	0.0174454862793	0.0467241053292	-0.0601963861233	0.00336400090201	0.0690767089747	-0.0378046991973	0.0187607855369	-0.0362122865739	0.0427545023909	-0.0117242303163	-0.010494428217	0.00105560673667	-0.0402036567735	-0.00874580281804	-0.0628338741958	0.00887015922518	-0.0455394001595	-0.0381285083152	0.00324468808347	0.0263990579047	-0.0671499952564	-0.00213650130546	-0.0305670316879	0.0129356781761	0.0169407912799	-0.0542129962175	-0.0447630145158	-0.0191334073523	-0.0051492049402	0.0308413701061	-0.0646553803654	-0.0310418392703	0.00254741646599
k__Bacteria;p__Bacteroidetes;c__Bacteroidia;o__Bacteroidales;f__Bacteroidaceae;g__Bacteroides;s__Bacteroides_thetaiotaomicron	0.0194531754471	-0.0289357165175	0.00821623721547	0.00428472578676	-0.0217860040186	0.0138634125775	-0.0742582638212	-0.0538464840443	-0.00208366032373	-0.000880176684872	1.0	0.035738490858	-0.0157526007911	0.0204688233322	-0.012917148778	0.00878784443166	0.0228149648937	-0.0242886517555	0.0447450603861	0.0156376619596	0.030004516884	-0.0361749488088	0.0344459843119	-0.0480699685442	0.00238964805448	-0.0449844968025	-0.0313365276091	0.0311668523726	-0.0264368198282	-0.0138173454811	-0.0389835514668	0.00326279092031	-0.00641218374885	0.0182241694848	0.0206533118078	0.014973979946	-0.0646534806314	0.00573161017193	-0.0431757380998	0.013195832805	0.0398993100493	0.0223244426624	-0.0512445692391	0.00330152749122	0.0106921086595	-0.0265163077418	-0.018190384549	0.0343130110358	0.0474700289185	-0.0570940931195	-0.0541077547674	-0.0256579842685	-0.0296204173333	-0.0889348276148	0.0224450045204	-0.0336880858884	-0.0775002604932	-0.0377481410833	-0.0255808816951
k__Bacteria;p__Bacteroidetes;c__Bacteroidia;o__Bacteroidales;f__Bacteroidaceae;g__Bacteroides;s__Bacteroides_coprocola	0.0037845766177	-0.0272575112346	-0.0418592469652	0.0579566862318	-0.0959236465415	-0.00970562344206	-0.00177360105542	-0.0119008391655	0.0329780031104	-0.0376372503639	0.035738490858	1.0	-0.00704186524532	-0.0628743327464	-0.0427957863685	-0.0684150062425	0.000142829685301	-0.0437611279023	0.010779041675	0.0234695035078	0.00691191848461	-0.0280138288399	-0.0477649945702	0.0113444702837	0.041858779784	-0.0022179112777	-0.0119935391643	-0.0422750737852	0.0034137934907	0.00203880622282	0.0218445921333	-0.0223627552224	0.0464268697579	-0.0530179495444	0.0307508544621	-0.0445555290219	0.0320637262071	-0.0402338906534	-0.0640611631429	-0.0232100977291	-0.0434676870659	-0.0384502054414	-0.0290088550817	-0.0384314712112	-0.0856456295079	0.00275690613327	-0.0303121900177	0.0678127506617	0.0235895948161	0.046418487578	-0.00821943480071	0.0269558322908	0.00692966643073	0.0214670101344	0.0326856358293	-0.00513363159194	-0.00961114555713	0.0177582901814	0.0338859964755
k__Bacteria;p__Bacteroidetes;c__Bacteroidia;o__Bacteroidales;f__Bacteroidaceae;g__Bacteroides;s__Bacteroides_cellulosilyticus	-0.00081799361526	0.00139261889371	-0.018632171768	0.00583518600215	-0.0520446566091	-0.0258909865546	-0.0177103966724	-0.0244222535392	0.0147130728933	-0.0509087109481	-0.0157526007911	-0.00704186524532	1.0	-0.0308332269197	-0.0370678863005	0.0157892341827	-0.0456661126237	0.0444880125066	-0.0354611666622	0.00159959779317	-0.0716609196194	0.0584187176602	-0.0264461140455	-0.0242389683195	0.0326402124459	0.00790142116829	-0.0211421160644	0.0167469897723	0.0243569248316	0.019658040012	-0.0178909242233	-0.054527659307	-0.0431252093705	0.0499092832441	0.00399998205308	-0.0433402791609	0.0365696829265	-0.0110151181553	-0.0209842969954	-0.0436239514969	-0.023466148565	0.0252160873446	-0.0469371581542	0.00710721137676	-0.00725341753995	-0.00646186007662	0.0195111376919	0.0105639725068	-0.00443456499954	0.0332809008624	-0.00269177639342	-0.0370860857856	-0.0133070121546	0.0315458131279	-0.0246715040567	0.0227817109136	0.0229281098778	0.0421771808002	-0.0320023684657
k__Bacteria;p__Bacteroidetes;c__Bacteroidia;o__Bacteroidales;f__Rikenellaceae;g__Alistipes;s__Alistipes_obesi	0.00815520861679	0.0269546231306	-0.0392978440902	0.00324822593388	-0.0419859415198	-0.057478944652	-0.080267257693	-0.0667094640365	-0.0708386409012	-0.0187373184643	0.0204688233322	-0.0628743327464	-0.0308332269197	1.0	0.0475094636239	0.0127152963033	0.0240637612628	0.0186322982355	-0.0545332818003	-0.0521015946197	-0.0128971961732	0.00964397095255	-0.00185292288941	-0.0152859955141	0.036226166429	0.0629487898801	-0.0712941671934	-0.00120210067011	-0.0109732461042	-0.0136821418501	0.0554611602518	-0.0312199240571	0.0247693042731	0.00553710279126	-0.0602930778902	0.0211437806732	0.0195832846751	-0.0191890096322	-0.0216181687696	-0.00402707198196	0.0315380890929	0.0156857358883	0.0310972491321	-0.0211876293992	0.0654874981979	-0.0388641501652	-0.00929153039692	-0.0441958584785	-0.029112201646	0.0197791028077	3.41651767637e-05	0.034028339592	-0.0333550473246	-0.0472862309449	-0.0383445617673	-0.0152744346579	-0.0132164065421	0.0575986951109	0.0101306425556
k__Bacteria;p__Firmicutes;c__Clostridia;o__Clostridiales;f__Lachnospiraceae;g__;s__[Eubacterium]_rectale	-0.0366565703581	-0.021330539348	-0.103110058039	-0.00847317611018	0.066998339177	0.000489540571397	-0.0189217438487	-0.0474271333359	-0.00152364981422	0.0335064136168	-0.012917148778	-0.0427957863685	-0.0370678863005	0.0475094636239	1.0	-0.0200352051346	0.0221789736449	0.0572162015094	-0.0427269867878	-0.0548258548369	-0.0273826612403	0.0438714491008	-0.0177070016998	-0.0306948262396	-0.0596478935838	-0.0138872865259	0.0547717582578	-0.0458913974899	0.014407853145	0.0142041437114	-0.00592204530421	-0.0111381826007	-0.0826227558825	0.0304997467942	-0.0420663864805	-0.0227040950367	0.0423291732439	-0.0114917718159	-0.0369559309304	-0.034605543953	0.0361544417945	-0.0682172121122	0.0058723501693	0.0676032521084	0.0493137400386	0.0483330825724	0.00285371149068	-0.0206206271645	-0.04251774377	0.0490222218027	-0.0456019999591	-0.0325026140182	0.00925873000147	-0.0442159648744	-0.0398983626367	0.0791902646129	-0.00835105839682	-0.016428513739	-0.0496705064915
k__Bacteria;p__Bacteroidetes;c__Bacteroidia;o__Bacteroidales;f__Bacteroidaceae;g__Bacteroides;s__Bacteroides_plebeius	-0.0105247354308	-0.0188314581181	-0.0540055300134	0.0120732214716	-0.00358858547897	-0.0215646778098	-0.00592500777309	-0.00452937249019	0.0118030236214	-0.0288357418511	0.00878784443166	-0.0684150062425	0.0157892341827	0.0127152963033	-0.0200352051346	1.0	0.028503958993	0.0292261125707	0.0641584660689	0.0447207705315	0.0230842268906	-0.0346096798539	-0.0374946215355	-0.0260945079854	-0.0295383234635	0.0153864713675	-0.0493296267625	-0.0590528373105	-0.0378139539208	-0.0340434381611	0.0148296985546	-0.0452117769388	-0.00536235059341	0.0510622485115	0.00457605173717	-0.0485543095715	-0.0200941102899	0.0864260019477	-0.0088816829061	0.0297959376473	0.0187302785573	0.0154550877901	0.000352492984751	-0.0392038577781	0.0203649532415	0.00991652343956	-0.0697706513824	-0.0449921096344	-0.0498598431319	0.0594938460956	0.0536469741501	-0.077715509295	-0.0474323435382	-0.0312983430122	-0.0395948588166	-0.051803313796	0.0579091430065	0.0227820963626	-0.034911548009
k__Bacteria;p__Bacteroidetes;c__Bacteroidia;o__Bacteroidales;f__Bacteroidaceae;g__Bacteroides;s__Bacteroides_fragilis	0.0250990878576	0.0425546320922	-0.00512470902084	-0.0286669245666	-0.0028421890263	-0.0321870635129	0.0786707298819	-0.016747515368	0.0365360413656	-0.026319553296	0.0228149648937	0.000142829685301	-0.0456661126237	0.0240637612628	0.0221789736449	0.028503958993	1.0	0.00762413677892	-0.039270552295	0.033601039171	0.059228406241	0.0259600595635	-0.00432710097443	-0.0274251291585	0.0543187919945	-0.0506876670426	-0.0511290905171	-0.0346778686824	0.000911938262572	0.0168521147016	0.0315960548883	-0.0215166206903	0.0171091715347	-0.0343819815838	0.0101180625467	0.00600239185134	-0.00641796540388	-0.0445185730093	-0.00392623174465	-0.0479840123936	-0.0313738690621	-0.100551216916	0.00489322723439	0.00703582652366	0.0235954817281	-0.0186604142011	-0.0504913842437	-0.0113600309245	-0.000808013011458	0.0109480244258	-0.02545382182	-0.0344755093284	-0.0384833320358	-0.0390765397889	-0.0449196298753	-0.017722605228	-0.0361577334912	-0.0219650321742	0.00382105218381
k__Bacteria;p__Proteobacteria;c__Betaproteobacteria;o__Burkholderiales;f__Sutterellaceae;g__Sutterella;s__Sutterella_wadsworthensis	-0.0370207219094	-0.0812531848856	0.00569520398453	-0.00855906713302	-0.0277414835328	-0.0482021095313	-0.0248082888981	-0.0272606296507	0.047666805324	-0.0234791999333	-0.0242886517555	-0.0437611279023	0.0444880125066	0.0186322982355	0.0572162015094	0.0292261125707	0.00762413677892	1.0	-0.0733006614863	0.0559076988691	-0.0698836586931	0.0388356480076	-0.0253850889711	0.0392612258478	0.0145366482502	-0.0913884514117	0.0293343422813	-0.0414785035318	0.0407469487745	0.00282731283808	-0.0549147308796	0.0427078593832	-0.0200301956736	0.0103847392787	-0.0387188434028	-0.0482017718674	0.0772371160976	0.0664355449931	0.005882547286	-0.032413624358	-0.0102233356945	0.0104722247576	-0.0550540274876	0.0263375661612	0.0120570992313	-0.0199551537559	-0.0148100991243	0.000557274404648	0.0018230452326	-0.0720528350559	-0.0488000838834	-0.0139198465708	-0.0419890220236	0.00170320333973	0.0244550650314	-0.0652103969805	0.0115081534915	0.0292632719981	-0.0772137562007
k__Bacteria;p__Bacteroidetes;c__Bacteroidia;o__Bacteroidales;f__Porphyromonadaceae;g__Barnesiella;s__Barnesiella_intestinihominis	0.0614546182274	-0.0131034189497	-0.0345545760769	0.0337710599465	-0.0551620915595	-0.0311399509108	-0.0223948690216	0.0301629680198	-0.0145999407987	-0.0258605326886	0.0447450603861	0.010779041675	-0.0354611666622	-0.0545332818003	-0.0427269867878	0.0641584660689	-0.039270552295	-0.0733006614863	1.0	0.0184368398668	0.0258618926699	-0.0105444225473	0.00806173772109	0.0277624691846	-0.0456527148696	-0.00476297799241	-0.0123348641273	-0.0169094467156	0.0308640938923	-0.0337749608348	-0.00133286934253	-0.0271631981214	0.0868684439945	-0.00384736736441	0.0229062343809	-0.0146571579588	-0.0225367239633	-0.0402993464847	-0.0539788365554	0.0294474966694	0.0235527617324	-0.0766474366113	-0.0154279925454	-0.0264222821771	-0.0488556909409	-0.0409441855312	0.0195330881571	-0.0346597538103	0.0499808100312	-0.0869262637826	0.00950781455504	-0.0339161131898	-0.0063825493937	-0.0139340521811	0.0165709822576	-0.022402486399	-0.0633412093398	-0.0405096151284	0.00947547978896
k__Bacteria;p__Bacteroidetes;c__Bacteroidia;o__Bacteroidales;f__Odoribacteraceae;g__Odoribacter;s__Odoribacter_splanchnicus	0.0561611442225	-0.043332816458	0.021926655541	0.00169165245493	-0.0576860111062	-0.0928563197707	-0.0372699784841	0.024292174088	0.00586136062976	-0.0150208524053	0.0156376619596	0.0234695035078	0.00159959779317	-0.0521015946197	-0.0548258548369	0.0447207705315	0.033601039171	0.0559076988691	0.0184368398668	1.0	0.0459747690987	-0.00278455864218	-0.00922861451071	-0.0233038621821	-0.00351119954323	-0.0135789501232	-0.0360307535343	0.0410887930711	-0.0384234069087	0.11324920888	0.00506984206333	-0.0342708311312	-0.00861083628217	-0.0172908735612	0.016267332373	0.0193870052009	-0.0244974885538	-0.0191350372018	0.02979029309	-0.0235015409819	0.0195507573396	0.0245340154252	-0.0187714074639	0.0151961641738	-0.0407450696776	0.0274358481924	-0.035253045076	0.0560415395534	-0.0683131847686	-0.072690311483	-0.0312241647189	0.0216892366347	-0.0440415258999	-0.0467307771295	0.0030960200989	-0.0113351563518	-0.00796373105751	-0.00354077649325	-0.0358518132357
k__Bacteria;p__Bacteroidetes;c__Bacteroidia;o__Bacteroidales;f__Bacteroidaceae;g__Bacteroides;s__Bacteroides_salyersiae	0.0189824441078	-0.0220336333473	-0.00523439683272	-0.0503916461342	-0.00157505420671	0.0016084105566	-0.0275234179087	-0.000729710395996	-0.0061505015978	0.0212284359705	0.030004516884	0.00691191848461	-0.0716609196194	-0.0128971961732	-0.0273826612403	0.0230842268906	0.059228406241	-0.0698836586931	0.0258618926699	0.0459747690987	1.0	-0.0370542076279	0.000758846375578	-0.0162134983269	0.0484356203505	0.00993701060463	-0.0265104271626	0.0249115862032	0.108195534624	0.0323524894099	0.047061483743	-0.022140300956	0.00298881198904	-0.021492146709	0.0522221308973	-0.0586325059498	0.0054040676573	0.0300143329851	-0.0725104774714	-0.0154008389129	-0.017820425225	-0.0527598379949	-0.044225911502	0.041049030455	0.0275031164268	-0.0328249093233	-0.0181541851194	-0.0118277894256	0.0477463435073	-0.0129177663127	-0.0584692780722	0.0348644040094	-0.00253355118673	-0.00791072663529	-0.0225860992482	0.00826171361632	0.00550113129634	-0.013405009158	-0.0224331244135
k__Bacteria;p__Firmicutes;c__Clostridia;o__Clostridiales;f__Ruminococcaceae;g__Ruminiclostridium;s__[Eubacterium]_siraeum	-0.0234303184527	-0.0332189459754	-0.0136522607795	0.0219693456879	-0.038565523591	-0.0234635191168	0.0437686513547	-0.0459279190723	-0.0150893856926	0.0396445334506	-0.0361749488088	-0.0280138288399	0.0584187176602	0.00964397095255	0.0438714491008	-0.0346096798539	0.0259600595635	0.0388356480076	-0.0105444225473	-0.00278455864218	-0.0370542076279	1.0	0.0102729423303	-0.0169947531369	-0.0118129115052	-0.0345179747121	0.030477218902	-0.0248399705564	0.00446708686267	0.0242469434823	-0.0353156831759	-0.00193954866604	-0.012240504218	-0.0136317788493	0.0233592664484	0.0154725711152	-0.0117810458105	0.0235711489111	0.00588501201374	-0.0107413038414	-0.000808023099645	0.00203518153719	-0.0146965075535	-0.0160850641465	0.00615154742416	0.024207793365	0.0156505860607	0.0188485594158	0.0013815493382	0.00412438527411	0.0123260934198	-0.0552139306174	-0.0192965877585	-0.0174223258252	-0.0542450441556	0.0273024741371	0.0141965789908	-0.0712640399907	-0.0239437793006
k__Bacteria;p__Proteobacteria;c__Betaproteobacteria;o__Burkholderiales;f__Sutterellaceae;g__Parasutterella;s__Parasutterella_excrementihominis	-0.0112462396133	0.0174932305416	-0.0291255975724	0.00955672609652	0.0191126988405	-0.0399491038977	-0.0353028457132	-0.0243598936109	-0.0101880022499	-0.0115502375756	0.0344459843119	-0.0477649945702	-0.0264461140455	-0.00185292288941	-0.0177070016998	-0.0374946215355	-0.00432710097443	-0.0253850889711	0.00806173772109	-0.00922861451071	0.000758846375578	0.0102729423303	1.0	0.0247298474193	-0.00505890862644	0.00743886056476	-0.0428945179939	0.0139912803118	-0.0199700928433	-1.45943491116e-05	-0.012393406903	0.0241369867787	0.0387471180255	-0.00229137922025	0.0261346791681	-0.0109360193518	-0.00752255791458	0.00221277572086	0.0214320361798	0.0017025213799	-0.0610443537493	0.00522933242279	-0.0775312660531	-0.0070037935492	0.0804395261438	-0.036763600549	0.0307751016865	-0.0119179011543	-0.0347494082409	-0.0144781712258	-0.00372225441916	-0.00839855755607	-0.0486243500852	0.0367167060304	-0.000333716117329	-0.0489898653436	-0.0851033713975	0.0446665372306	-0.00135393791078
k__Bacteria;p__Actinobacteria;c__Actinobacteria;o__Bifidobacteriales;f__Bifidobacteriaceae;g__Bifidobacterium;s__Bifidobacterium_adolescentis	-0.044450175525	-0.120652405359	0.0413965078568	-0.0338455161344	-0.023571841588	0.0120352254118	-0.0202936570172	0.0866858143059	-0.0251326523565	0.0742847344293	-0.0480699685442	0.0113444702837	-0.0242389683195	-0.0152859955141	-0.0306948262396	-0.0260945079854	-0.0274251291585	0.0392612258478	0.0277624691846	-0.0233038621821	-0.0162134983269	-0.0169947531369	0.0247298474193	1.0	-0.023261524956	0.0303975719983	0.0402100081797	0.02710447478	-0.0453958855983	-0.00861901169437	-0.0500022653319	-0.0177088663484	0.0163273576645	-0.00321082209848	0.00232194375769	-0.0817953560022	0.0505402394175	-0.00704298801888	-0.0181858391352	-0.0380824058423	0.0342293486637	-0.0216016954624	-0.00287128849423	0.00302003449213	0.0230393155129	-0.0365750778669	0.0141776058282	-0.0404939546614	-0.0415501047959	0.0127367113003	0.0123404790929	0.00471502699117	-0.0234627026222	0.0171434630014	-0.0338473472361	-0.00678689781017	-0.0403066455271	-0.020912372542	0.0640025927138
k__Bacteria;p__Firmicutes;c__Clostridia;o__Clostridiales;f__Oscillospiraceae;g__Oscillibacter;s__Oscillibacter_sp._KLE_1745	0.00577653759899	-0.0726321264259	-0.00340344956311	0.0202419306592	0.0107229340817	-0.0426899063026	0.0354672486579	-0.138134562352	0.00275825830193	0.0773810574411	0.00238964805448	0.041858779784	0.0326402124459	0.036226166429	-0.0596478935838	-0.0295383234635	0.0543187919945	0.0145366482502	-0.0456527148696	-0.00351119954323	0.0484356203505	-0.0118129115052	-0.00505890862644	-0.023261524956	1.0	0.0148167203045	-0.0568976419835	-0.00545204067506	0.00961307546182	0.00482822895714	0.0222209386481	-0.0680079635158	-0.030688759739	-0.0575642109002	-0.0556148741417	0.0150431996506	0.0179194840127	-0.059909611264	-0.0329563698225	-0.0467420558438	-0.00872728900633	-0.0143096807646	-0.0844523539502	-0.0193355041852	-0.0187720586644	0.0141340804112	-0.0308972815108	-0.0583720195969	-0.0397249675634	-0.058768393194	0.0492422008553	0.00826777653176	0.0810436075169	0.0132737849435	0.00878583924671	-0.0399615203506	0.0501242736378	0.0288974208595	-0.0538835412863
k__Bacteria;p__Bacteroidetes;c__Bacteroidia;o__Bacteroidales;f__Bacteroidaceae;g__Bacteroides;s__Bacteroides_coprophilus	-0.0375665785678	0.0701070120035	0.0537685932434	0.0992598851225	-0.0265379755255	-0.053276932159	-0.00471741307852	-0.0472629007758	-0.044410403182	-0.0057769115553	-0.0449844968025	-0.0022179112777	0.00790142116829	0.0629487898801	-0.0138872865259	0.0153864713675	-0.0506876670426	-0.0913884514117	-0.00476297799241	-0.0135789501232	0.00993701060463	-0.0345179747121	0.00743886056476	0.0303975719983	0.0148167203045	1.0	-0.0727932597725	0.0225266525057	0.0276188075235	0.00511267288757	-0.0654002678423	0.0731168511972	-0.00812374297561	-0.0418327808792	0.0269989835583	0.0161621404963	-0.0413074451853	-0.0187289306056	-0.0127444861255	0.0197956496326	-0.0605597906713	-0.0287775783418	0.0267871973894	-0.0220926626156	0.0819260209015	-0.0806851762233	0.0186961842754	-0.0254328999392	-0.0310741862917	0.0236970087542	-0.080232993853	-0.0104052156955	0.00551227446101	0.0865003199123	-0.032972251978	0.0205397245022	0.00856021527964	0.0148356460633	0.0767929040441
k__Bacteria;p__Firmicutes;c__Clostridia;o__Clostridiales;f__Lachnospiraceae;g__Roseburia;s__Roseburia_intestinalis	-0.0145722504043	-0.0234923788082	-0.00500225137006	0.0431491568776	0.0513693294202	-0.0111460724708	-0.076436129095	-0.0667949467026	-0.0286381540877	0.0174454862793	-0.0313365276091	-0.0119935391643	-0.0211421160644	-0.0712941671934	0.0547717582578	-0.0493296267625	-0.0511290905171	0.0293343422813	-0.0123348641273	-0.0360307535343	-0.0265104271626	0.030477218902	-0.0428945179939	0.0402100081797	-0.0568976419835	-0.0727932597725	1.0	-0.000117867703794	-0.0612114252702	0.00196039550134	-0.0313922710312	-0.0443850796366	0.0182639106171	-0.00944274233941	-0.035219294468	-0.0164810121221	0.010865859453	-0.00477287202055	-0.0546427093304	-0.0356898981736	0.000683416467285	-0.0282878416237	-0.00377441117166	0.0126141268877	0.0573553996971	-0.000385157235425	0.0211864655907	-0.0122804487822	0.0311570216765	0.0202872015278	-0.0488004441107	0.00011403535473	0.00118219754577	0.0465501095153	0.0106144301454	-0.0308796246724	0.0648448013817	-0.0320434624049	-0.0379122136317
k__Bacteria;p__Firmicutes;c__Clostridia;o__Clostridiales;f__Lachnospiraceae;g__Roseburia;s__Roseburia_hominis	0.00241158899413	0.0498362036969	0.0172271820914	0.0235257067668	0.0667401206193	-0.0184990257605	-0.0590756011373	0.028621863952	-0.0425526829357	0.0467241053292	0.0311668523726	-0.0422750737852	0.0167469897723	-0.00120210067011	-0.0458913974899	-0.0590528373105	-0.0346778686824	-0.0414785035318	-0.0169094467156	0.0410887930711	0.0249115862032	-0.0248399705564	0.0139912803118	0.02710447478	-0.00545204067506	0.0225266525057	-0.000117867703794	1.0	-0.0048119003952	0.0109646140667	-0.0751061643686	-0.00977522647612	0.0090123147381	0.0266161122757	-0.0110790154503	-0.0376155218135	-0.0169191191363	0.0323257050334	-0.0260184818714	0.00202500938544	-0.00652635689468	-0.00507252504713	-0.0594425788687	-0.0254818775526	0.00240764160439	0.00580290033937	0.0313588037015	0.0303634709916	-0.00589254046036	-0.0594356791306	0.0621123754223	-0.0310614564143	-0.00903272682796	-0.034664098767	-0.0013629799148	-0.0304527781625	-0.0307992550117	-0.0567720081409	0.0128719205903
k__Bacteria;p__Bacteroidetes;c__Bacteroidia;o__Bacteroidales;f__Porphyromonadaceae;g__Parabacteroides;s__Parabacteroides_johnsonii	-0.0375725347135	-0.00185792620123	-0.0338688769696	-0.0443464928464	-0.0198422900651	-0.0360129418518	-0.035248160058	-0.062930637185	0.0166264509079	-0.0601963861233	-0.0264368198282	0.0034137934907	0.0243569248316	-0.0109732461042	0.014407853145	-0.0378139539208	0.000911938262572	0.0407469487745	0.0308640938923	-0.0384234069087	0.108195534624	0.00446708686267	-0.0199700928433	-0.0453958855983	0.00961307546182	0.0276188075235	-0.0612114252702	-0.0048119003952	1.0	-0.00438619789575	-0.0523747359625	0.000365009424396	-0.0121983722923	-0.0727433653562	-0.0242793998493	-0.0227391239587	-0.0520003484176	-0.0151409399249	0.0271153945013	-0.0526704910533	-0.0511921129154	0.020382545823	-0.0432848055873	0.0161940756213	0.0262283036315	0.00445224029854	-0.00665035088014	0.018546968614	-0.0233141938991	0.0158777521284	-0.0565738955262	-0.0300090290315	0.0337596204001	0.0419837443052	-0.0834835132409	0.0153937159752	0.0018413618449	0.0715446339559	-0.0168228602785
k__Bacteria;p__Actinobacteria;c__Actinobacteria;o__Bifidobacteriales;f__Bifidobacteriaceae;g__Bifidobacterium;s__Bifidobacterium_longum	-0.0251556480606	-0.0338924022045	-0.0407485874349	0.0333085736138	0.00253711719297	-0.011213250916	-0.0075260303878	0.00423865316825	-0.0020991923678	0.00336400090201	-0.0138173454811	0.00203880622282	0.019658040012	-0.0136821418501	0.0142041437114	-0.0340434381611	0.0168521147016	0.00282731283808	-0.0337749608348	0.11324920888	0.0323524894099	0.0242469434823	-1.45943491116e-05	-0.00861901169437	0.00482822895714	0.00511267288757	0.00196039550134	0.0109646140667	-0.00438619789575	1.0	-0.0241580039221	-0.030755495812	-0.0253306024563	0.0461823722966	0.0502860735681	-0.0607835356663	0.0011746143233	-0.0300190995869	0.00284270432075	0.00263251604996	-0.105343643824	-0.0786317279149	0.0586289689436	-0.0200345192612	-0.0427507316986	0.0290439990499	0.000428316393016	-0.0162538766377	0.0230173397631	-0.0168064284455	-0.0414253750756	-0.0231309043685	0.0185739618509	-0.0425893807074	-0.0205338757098	0.00784372773576	-0.0177853168952	-0.0548207630728	-0.0396939765764
