#taxonomy	k__Bacteria;p__Bacteroidetes;c__Bacteroidia;o__Bacteroidales;f__Bacteroidaceae;g__Bacteroides;s__Bacteroides_vulgatus	k__Bacteria;p__Bacteroidetes;c__Bacteroidia;o__Bacteroidales;f__Bacteroidaceae;g__Bacteroides;s__Bacteroides_uniformis	k__Bacteria;p__Bacteroidetes;c__Bacteroidia;o__Bacteroidales;f__Rikenellaceae;g__Alistipes;s__Alistipes_putredinis	k__Bacteria;p__Bacteroidetes;c__Bacteroidia;o__Bacteroidales;f__Prevotellaceae;g__Prevotella;s__Prevotella_copri	k__Bacteria;p__Bacteroidetes;c__Bacteroidia;o__Bacteroidales;f__Bacteroidaceae;g__Bacteroides;s__Bacteroides_stercoris	k__Bacteria;p__Bacteroidetes;c__Bacteroidia;o__Bacteroidales;f__Bacteroidaceae;g__Bacteroides;s__Bacteroides_ovatus	k__Bacteria;p__Bacteroidetes;c__Bacteroidia;o__Bacteroidales;f__Rikenellaceae;g__Alistipes;s__Alistipes_shahii	k__Bacteria;p__Firmicutes;c__Clostridia;o__Clostridiales;f__Ruminococcaceae;g__Faecalibacterium;s__Faecalibacterium_prausnitzii	k__Bacteria;p__Bacteroidetes;c__Bacteroidia;o__Bacteroidales;f__Rikenellaceae;g__Alistipes;s__Alistipes_finegoldii	k__Bacteria;p__Bacteroidetes;c__Bacteroidia;o__Bacteroidales;f__Porphyromonadaceae;g__Parabacteroides;s__Parabacteroides_distasonis	k__Bacteria;p__Bacteroidetes;c__Bacteroidia;o__Bacteroidales;f__Bacteroidaceae;g__Bacteroides;s__Bacteroides_thetaiotaomicron	k__Bacteria;p__Bacteroidetes;c__Bacteroidia;o__Bacteroidales;f__Bacteroidaceae;g__Bacteroides;s__Bacteroides_coprocola	k__Bacteria;p__Bacteroidetes;c__Bacteroidia;o__Bacteroidales;f__Bacteroidaceae;g__Bacteroides;s__Bacteroides_cellulosilyticus	k__Bacteria;p__Bacteroidetes;c__Bacteroidia;o__Bacteroidales;f__Rikenellaceae;g__Alistipes;s__Alistipes_obesi	k__Bacteria;p__Firmicutes;c__Clostridia;o__Clostridiales;f__Lachnospiraceae;g__;s__[Eubacterium]_rectale	k__Bacteria;p__Bacteroidetes;c__Bacteroidia;o__Bacteroidales;f__Bacteroidaceae;g__Bacteroides;s__Bacteroides_plebeius	k__Bacteria;p__Bacteroidetes;c__Bacteroidia;o__Bacteroidales;f__Bacteroidaceae;g__Bacteroides;s__Bacteroides_fragilis	k__Bacteria;p__Proteobacteria;c__Betaproteobacteria;o__Burkholderiales;f__Sutterellaceae;g__Sutterella;s__Sutterella_wadsworthensis	k__Bacteria;p__Bacteroidetes;c__Bacteroidia;o__Bacteroidales;f__Porphyromonadaceae;g__Barnesiella;s__Barnesiella_intestinihominis	k__Bacteria;p__Bacteroidetes;c__Bacteroidia;o__Bacteroidales;f__Odoribacteraceae;g__Odoribacter;s__Odoribacter_splanchnicus	k__Bacteria;p__Bacteroidetes;c__Bacteroidia;o__Bacteroidales;f__Bacteroidaceae;g__Bacteroides;s__Bacteroides_salyersiae	k__Bacteria;p__Firmicutes;c__Clostridia;o__Clostridiales;f__Ruminococcaceae;g__Ruminiclostridium;s__[Eubacterium]_siraeum	k__Bacteria;p__Proteobacteria;c__Betaproteobacteria;o__Burkholderiales;f__Sutterellaceae;g__Parasutterella;s__Parasutterella_excrementihominis	k__Bacteria;p__Actinobacteria;c__Actinobacteria;o__Bifidobacteriales;f__Bifidobacteriaceae;g__Bifidobacterium;s__Bifidobacterium_adolescentis	k__Bacteria;p__Firmicutes;c__Clostridia;o__Clostridiales;f__Oscillospiraceae;g__Oscillibacter;s__Oscillibacter_sp._KLE_1745	k__Bacteria;p__Bacteroidetes;c__Bacteroidia;o__Bacteroidales;f__Bacteroidaceae;g__Bacteroides;s__Bacteroides_coprophilus	k__Bacteria;p__Firmicutes;c__Clostridia;o__Clostridiales;f__Lachnospiraceae;g__Roseburia;s__Roseburia_intestinalis	k__Bacteria;p__Firmicutes;c__Clostridia;o__Clostridiales;f__Lachnospiraceae;g__Roseburia;s__Roseburia_hominis	k__Bacteria;p__Bacteroidetes;c__Bacteroidia;o__Bacteroidales;f__Porphyromonadaceae;g__Parabacteroides;s__Parabacteroides_johnsonii	k__Bacteria;p__Actinobacteria;c__Actinobacteria;o__Bifidobacteriales;f__Bifidobacteriaceae;g__Bifidobacterium;s__Bifidobacterium_longum	k__Bacteria;p__Firmicutes;c__Clostridia;o__Clostridiales;f__;g__Flavonifractor;s__Flavonifractor_plautii	k__Bacteria;p__Firmicutes;c__Clostridia;o__Clostridiales;f__Clostridiaceae;g__Clostridium;s__Clostridium_phoceensis	k__Bacteria;p__Verrucomicrobia;c__Verrucomicrobiae;o__Verrucomicrobiales;f__Akkermansiaceae;g__Akkermansia;s__Akkermansia_muciniphila	k__Bacteria;p__Bacteroidetes;c__Bacteroidia;o__Bacteroidales;f__Prevotellaceae;g__Paraprevotella;s__Paraprevotella_xylaniphila	k__Bacteria;p__Firmicutes;c__Clostridia;o__Clostridiales;f__Ruminococcaceae;g__Ruminococcus;s__Ruminococcus_callidus	k__Bacteria;p__Bacteroidetes;c__Bacteroidia;o__Bacteroidales;f__Rikenellaceae;g__Alistipes;s__Alistipes_senegalensis	k__Bacteria;p__Firmicutes;c__Clostridia;o__Clostridiales;f__Lachnospiraceae;g__Blautia;s__Blautia_sp._KLE_1732	k__Bacteria;p__Bacteroidetes;c__Bacteroidia;o__Bacteroidales;f__Bacteroidaceae;g__Bacteroides;s__Bacteroides_oleiciplenus	k__Bacteria;p__Firmicutes;c__Clostridia;o__Clostridiales;f__Ruminococcaceae;g__Ruminococcus;s__Ruminococcus_bicirculans	k__Bacteria;p__Bacteroidetes;c__Bacteroidia;o__Bacteroidales;f__Bacteroidaceae;g__Bacteroides;s__Bacteroides_fluxus	k__Bacteria;p__Bacteroidetes;c__Bacteroidia;o__Bacteroidales;f__Prevotellaceae;g__Prevotella;s__Prevotella_stercorea	k__Bacteria;p__Firmicutes;c__Clostridia;o__Clostridiales;f__Lachnospiraceae;g__Dorea;s__Dorea_longicatena	k__Bacteria;p__Firmicutes;c__Clostridia;o__Clostridiales;f__Eubacteriaceae;g__Eubacterium;s__[Eubacterium]_eligens	k__Bacteria;p__Firmicutes;c__Clostridia;o__Clostridiales;f__Ruminococcaceae;g__;s__Ruminococcaceae_bacterium_D16	k__Bacteria;p__Firmicutes;c__Clostridia;o__Clostridiales;f__Lachnospiraceae;g__Coprococcus;s__Coprococcus_comes	k__Bacteria;p__Proteobacteria;c__Gammaproteobacteria;o__Enterobacterales;f__Enterobacteriaceae;g__Escherichia;s__Escherichia_coli	k__Bacteria;p__Firmicutes;c__Clostridia;o__Clostridiales;f__Ruminococcaceae;g__Anaerotruncus;s__Anaerotruncus_colihominis	k__Bacteria;p__Firmicutes;c__Clostridia;o__Clostridiales;f__Lachnospiraceae;g__Blautia;s__Blautia_obeum	k__Bacteria;p__Bacteroidetes;c__Bacteroidia;o__Bacteroidales;f__Odoribacteraceae;g__Odoribacter;s__Odoribacter_laneus	k__Bacteria;p__Firmicutes;c__Clostridia;o__Clostridiales;f__Ruminococcaceae;g__Ruminiclostridium;s__[Clostridium]_leptum	k__Bacteria;p__Bacteroidetes;c__Bacteroidia;o__Bacteroidales;f__Porphyromonadaceae;g__Parabacteroides;s__Parabacteroides_goldsteinii	k__Bacteria;p__Firmicutes;c__Clostridia;o__Clostridiales;f__Lachnospiraceae;g__Anaerostipes;s__Anaerostipes_hadrus	k__Bacteria;p__Firmicutes;c__Clostridia;o__Clostridiales;f__Ruminococcaceae;g__Ruminococcus;s__Ruminococcus_lactaris	k__Bacteria;p__Firmicutes;c__Clostridia;o__Clostridiales;f__Clostridiaceae;g__Clostridium;s__Clostridium_sp._L2-50	k__Bacteria;p__Firmicutes;c__Clostridia;o__Clostridiales;f__Clostridiaceae;g__Clostridium;s__Clostridium_sp._M62/1	k__Bacteria;p__Firmicutes;c__Clostridia;o__Clostridiales;f__;g__Intestinimonas;s__Intestinimonas_butyriciproducens	k__Bacteria;p__Actinobacteria;c__Actinobacteria;o__Bifidobacteriales;f__Bifidobacteriaceae;g__Bifidobacterium;s__Bifidobacterium_bifidum	k__Bacteria;p__Firmicutes;c__Negativicutes;o__Veillonellales;f__Veillonellaceae;g__Dialister;s__Dialister_invisus	k__Bacteria;p__Bacteroidetes;c__Bacteroidia;o__Bacteroidales;f__Bacteroidaceae;g__Bacteroides;s__Bacteroides_salanitronis
k__Bacteria;p__Bacteroidetes;c__Bacteroidia;o__Bacteroidales;f__Bacteroidaceae;g__Bacteroides;s__Bacteroides_vulgatus	1.0	0.0408919745796	-0.000398422193742	-0.0338861133871	-0.0865760157517	-0.0535817713929	0.0366481611135	-0.00379230574197	-0.0125236713324	0.0194277539721	0.0547962073353	0.010922444256	-0.0776834681338	-0.0255000031053	-0.0166431812413	0.0106421357682	-0.0213865342029	0.00208515437862	0.0431675343093	-0.0213511937219	-0.0278576950446	-0.0232720643225	-0.0181584108894	-0.0585512875703	0.0500077360608	0.0343224872782	-0.00112842611643	0.013687127685	0.0264769118408	-0.0430311852273	0.0195549369049	-0.0554732531285	-0.0291657066566	0.000737403340041	-0.0278606178916	0.0527869267058	-0.0517340230639	0.0438216968366	0.0459981566467	-0.0475779505718	0.0128820857079	0.0307207462235	0.0551190877189	-0.065557559077	0.0230806480875	0.000807683292299	-0.00102642008675	-0.0158333276018	0.0105377162529	-0.00839251983076	0.0143662762064	-0.0312540088607	0.0104070647612	0.0382162852996	-0.053192313417	0.019842088708	-0.0575395866064	-0.0360806007144	-0.0273321779182
k__Bacteria;p__Bacteroidetes;c__Bacteroidia;o__Bacteroidales;f__Bacteroidaceae;g__Bacteroides;s__Bacteroides_uniformis	0.0408919745796	1.0	0.0382331577031	0.0012348092817	0.0142563997161	-0.0227958165331	-0.0202193027364	-0.0107431861776	-0.0414491546414	0.0674703672865	0.0107510245257	0.00638886267109	-0.0859907475877	-0.0788746857295	0.0124034769975	0.0137452487225	0.0141028721892	-0.0987150978284	0.00618708040004	-0.0559889193489	0.0278992823595	-0.0703475571547	-0.0184061034846	0.0176937076408	0.0316502370978	-0.0211536964814	0.0327622497578	0.0532879234573	-0.0570914187047	-0.0516358831695	0.0222974700581	0.00841076980616	-0.0296100378636	-0.00985929782729	-0.00311472206653	-0.0035074289464	-0.00998031863717	0.0366226924956	-0.0835088421718	0.0231700730743	0.0349782913261	0.0406766288457	-0.024917016474	-0.0300606871935	0.0152138101693	0.0329543463625	-0.0252621164464	0.0568704010438	-0.0742185210771	0.00780304079479	0.0149786422537	-0.0254055754709	-0.00129223519766	0.00168261720636	-0.0170190696624	0.00861664643399	0.0174309456203	-0.0150882843385	0.0491436722635
k__Bacteria;p__Bacteroidetes;c__Bacteroidia;o__Bacteroidales;f__Rikenellaceae;g__Alistipes;s__Alistipes_putredinis	-0.000398422193742	0.0382331577031	1.0	0.031825305292	-0.0176820005058	0.000185857853441	0.0616068322175	0.0357568478776	0.0263701378507	-0.0626910887773	-0.0447517049061	-0.0464142774788	-0.0450782975391	-0.00223104925962	0.0186030178353	-0.0313476167094	0.0159363872902	0.00780259753532	-0.00729513204282	-0.00820593854272	-0.000394920801464	0.0237479414258	-0.035780889543	0.0599044237412	0.00217357401116	-0.0377635279973	0.0320603504797	0.0308497462688	-0.0773454132745	-0.045369633172	-0.00648155494447	0.0314438062879	-0.0401867040744	-0.00352106129669	-0.0893744028003	-0.00753023793256	0.0416025994381	0.0587385932689	0.0183344527425	-0.0175711301481	0.0248991053738	-0.0336575993834	-0.0208771909792	0.0163190298944	-0.0337285347279	0.0114083193309	-0.0192277962282	0.00958864366419	-0.045474071875	0.0137328778321	-0.0500364019886	-0.0204173080452	0.0430548190038	-0.0517599994217	0.0580576240269	-0.00950447585339	0.00900732800903	-0.047527033839	-0.0463992402905
k__Bacteria;p__Bacteroidetes;c__Bacteroidia;o__Bacteroidales;f__Prevotellaceae;g__Prevotella;s__Prevotella_copri	-0.0338861133871	0.0012348092817	0.031825305292	1.0	-0.00802411298584	-0.0365963035467	0.0111339994574	0.0408213248112	-0.0199904714549	0.00792413972345	-0.0241908737359	-0.0187445600243	0.0128257154929	0.0088868104288	-0.04578499068	0.00595119565661	0.00795509114793	0.00446522810129	0.00180476395313	-0.0166053555265	-0.0510496884624	0.0854300908612	0.0141283352704	-0.0202376066091	-0.0183421641524	-0.0267868174012	-0.0369601771802	0.0557826169649	0.00951101425568	-0.0480176244948	-0.0167175312158	-0.0248816932423	0.00629092491777	0.0127777763942	0.00475364603483	0.0295681843557	-0.0364219426662	-0.0466482810366	0.00668832343164	-0.0311348532921	-0.0120192587435	0.0150602598935	-0.0184263418645	-0.00993489498527	0.00692563432661	0.00396523820997	-0.0398198839761	0.0478806588926	0.0180316133312	0.0196147225273	-0.00999886075378	0.0387816600775	-0.0109715819416	0.0347178161473	-0.000796175545843	0.0168027686231	-0.0309550408454	-0.0538097795961	-0.0452789888975
k__Bacteria;p__Bacteroidetes;c__Bacteroidia;o__Bacteroidales;f__Bacteroidaceae;g__Bacteroides;s__Bacteroides_stercoris	-0.0865760157517	0.0142563997161	-0.0176820005058	-0.00802411298584	1.0	-0.0464234061691	0.0101027158731	-0.0312380110228	-0.0409293197772	-0.0124578956896	-0.0394896628389	-0.027358303028	-0.00443522313675	-0.0203148055462	0.0186513385227	0.074492302933	-0.0175947681496	-0.0169653795172	0.0184092067636	-0.010490538558	0.0214280819855	0.0846159870932	0.0122492686958	-0.0305473649547	-0.0114796964175	-0.0803612224018	-0.0294342377893	0.0343920599276	0.00493231150955	-0.0647582717564	-0.00768051104829	-0.0239160349218	-0.0359476682016	0.0500469111201	-0.0356494421174	0.0331640638595	-0.0565373081367	0.0053601000875	-0.0341942909835	0.0217206028737	-0.0735642136587	0.0329778605133	0.0191048126598	0.0205784189618	-0.00158556469901	0.0333863262809	0.0160547739616	-0.0243298602018	-0.00854336921873	0.00270858036325	0.0541202711819	-0.0521299766937	-0.0713459001128	0.0312063479607	0.0139044371407	-0.019968007379	0.0225485010942	-0.00472073727359	-0.0118788053238
k__Bacteria;p__Bacteroidetes;c__Bacteroidia;o__Bacteroidales;f__Bacteroidaceae;g__Bacteroides;s__Bacteroides_ovatus	-0.0535817713929	-0.0227958165331	0.000185857853441	-0.0365963035467	-0.0464234061691	1.0	0.00930761813822	-0.011150649302	-0.0070506384774	0.016146413805	0.00483617061602	-0.0684945149156	0.0576589634105	-0.031406586732	-0.0469380964831	-0.0323327215041	-0.0357846394137	-0.0181036025489	-0.067601296583	-0.0198466431134	-0.019015309343	0.0334841491944	-0.00198894711072	0.03736366291	0.0700141091179	-0.0424170641481	0.0491367108867	0.0147048478324	-0.0465345187087	0.00145388474192	0.0197163815181	0.00315536852694	-0.0710543758329	-0.0185028840937	-0.013692594051	0.0179726602309	0.00205797350356	-0.00717378230122	-0.0274256775692	0.0438562639644	0.0106894734114	0.0144785423682	-0.0107252233981	0.0640913461127	-0.00956122738005	0.023445784652	-0.00715194648115	-0.0116693980698	0.02183040741	-0.0390200037979	-0.0455654148676	0.0346502246159	0.0413548036767	-0.0215039772262	-0.045161821751	0.00297161028806	-0.0961633339091	-0.0458387495924	-0.0169897438763
k__Bacteria;p__Bacteroidetes;c__Bacteroidia;o__Bacteroidales;f__Rikenellaceae;g__Alistipes;s__Alistipes_shahii	0.0366481611135	-0.0202193027364	0.0616068322175	0.0111339994574	0.0101027158731	0.00930761813822	1.0	-0.0194763165596	0.0356244602883	-0.0149686454849	0.024832459541	0.00142932937855	-0.0352502974921	-0.045122381552	0.0128139725914	-0.043570406208	0.00183153191759	-0.0333558093098	-0.0107933506568	0.027846261037	0.0116835096432	-0.0482945669123	0.0369571739586	-0.0225645449124	-0.00903734827453	-0.0014304850782	-0.032163887942	0.0148146645109	-0.0195983349943	0.0635762196995	-0.0732649318736	0.0258279214411	0.000498464148494	0.0198634183447	0.0103910850181	-0.0224118344615	0.0595102344145	0.000600370188591	-0.0398819268422	-0.0020935342929	0.0854597393033	-0.0288491699325	-0.0322444144692	-0.0440809014477	0.0118688747397	0.00713180198373	-0.0728485331676	0.00134375407377	-0.0267070534906	-0.101370970139	-0.041981251293	0.0180796572217	0.066924388746	-0.00210592917619	0.0107585502917	0.0270477433499	-0.028279013538	-0.0309447492319	-0.0537039273037
k__Bacteria;p__Firmicutes;c__Clostridia;o__Clostridiales;f__Ruminococcaceae;g__Faecalibacterium;s__Faecalibacterium_prausnitzii	-0.00379230574197	-0.0107431861776	0.0357568478776	0.0408213248112	-0.0312380110228	-0.011150649302	-0.0194763165596	1.0	-0.0634261954773	-0.0469123867969	0.0287216345764	0.0252863892394	0.0313415351109	0.0577552039171	0.00468127504385	0.0600844452259	0.0196682985029	-0.00404412923631	-0.0259312435422	0.00144335571666	-0.0240131858781	0.0278893327183	0.000555762240017	-0.010673942425	0.0125205286965	-0.0213949364961	-0.0533320008198	0.0285778315501	-0.0128917353416	-0.00538634569411	0.0471855433941	0.0329313867084	0.0157983480327	0.0282751672015	0.00417944369272	-0.0573527317524	0.0202880025235	0.00174311554413	-0.000226928902816	0.0294144896443	-0.0319426849888	0.0273442720842	-0.0439688545244	-0.10087814286	0.0199643681694	-0.053181115762	-0.0503232607159	-0.021881795009	-0.0163969408263	-0.0299175612345	-0.0168029078923	-0.0563260525752	-0.00145262628557	-0.00793849592091	-0.00619646198752	0.0111195943656	0.00174630117175	-0.0361659625032	-0.0197096430197
k__Bacteria;p__Bacteroidetes;c__Bacteroidia;o__Bacteroidales;f__Rikenellaceae;g__Alistipes;s__Alistipes_finegoldii	-0.0125236713324	-0.0414491546414	0.0263701378507	-0.0199904714549	-0.0409293197772	-0.0070506384774	0.0356244602883	-0.0634261954773	1.0	-0.00271990985129	-0.0731849033842	0.0193544782411	0.0386164629841	0.0407876227481	-0.0195313750481	-0.0193706917881	0.0100927458713	0.0530252961496	-0.017285812812	-0.0055942595979	0.0338311173197	-0.102527579649	-0.102355336427	-0.0143834262711	0.0580134180721	-0.00465407854932	-0.0126509723185	0.0587106882465	-0.0160499221544	0.0303800215437	-0.0571320691228	0.0144506431887	-0.0481362710294	-0.0342673386045	-0.0173730124936	-0.0267803005805	-0.0549134742612	-0.0330553133441	0.0197162507495	0.0886846806988	0.00758365219829	0.0950744633412	-0.036445505064	-0.0824052726345	-0.0278895083383	0.0138645100968	0.0132843998254	-0.057889786932	-0.00139430180812	-0.0563769933668	-0.0130098672815	-0.00829079643535	0.0391288449139	0.0593655155304	0.0125493078251	0.0041457939449	-0.034300011583	-0.0179320241084	0.0356102488101
k__Bacteria;p__Bacteroidetes;c__Bacteroidia;o__Bacteroidales;f__Porphyromonadaceae;g__Parabacteroides;s__Parabacteroides_distasonis	0.0194277539721	0.0674703672865	-0.0626910887773	0.00792413972345	-0.0124578956896	0.016146413805	-0.0149686454849	-0.0469123867969	-0.00271990985129	1.0	-0.0376266283084	-0.0109148612213	0.0754433511152	-0.049120850137	0.0156693224164	-0.0611825426942	0.0237119672731	0.0358793598163	0.0396706183901	-0.0814543644802	-0.028493211475	-0.0883201352957	0.0581566593284	-0.0614468043956	0.032783094855	0.0261602354461	-0.0284005185805	-0.0212638546901	-0.0357075817557	0.00431662755909	-0.010095165869	-0.0754245064625	0.0185570992631	-0.0187082029922	-0.0210610602923	0.0354336113415	0.0145523317832	-0.0803054970152	0.0186159156829	-0.0884231965576	0.0132163794478	-0.0538032729765	0.00842511588084	0.00146661224604	-0.0607974321383	-0.101027129627	0.0264377247227	0.0410148672486	0.0231427851514	0.00266655531029	0.0185960166835	-0.00344449177763	-0.0197808346112	-0.0860840754932	-0.0608959609142	0.0303326235215	-0.0402285081426	0.0233138448659	-0.0313515312313
k__Bacteria;p__Bacteroidetes;c__Bacteroidia;o__Bacteroidales;f__Bacteroidaceae;g__Bacteroides;s__Bacteroides_thetaiotaomicron	0.0547962073353	0.0107510245257	-0.0447517049061	-0.0241908737359	-0.0394896628389	0.00483617061602	0.024832459541	0.0287216345764	-0.0731849033842	-0.0376266283084	1.0	-0.0167304826712	-0.00739346033895	-0.016583894806	0.0330865900076	-0.00909871481501	-0.00215557113367	0.024673199601	0.0151920216392	-0.0415736663455	-0.056687307723	-0.0168598315447	-0.0215381515958	0.00555832596886	0.0455807407609	-0.00716001368473	0.022370080828	-0.0138145422217	-0.00667388466209	0.0337958678316	0.0349090604845	-0.00984806146311	-0.0845383951068	0.00955399948091	-0.0208983873239	-0.105133348655	0.00851809738007	0.0565559982178	-0.00569921899103	0.0410687979201	0.0119102064856	0.0266792186464	0.0405864107421	0.0459496417514	0.0272992308455	-0.0260564587481	-0.12637953825	-0.0404454677308	0.0340262443885	-0.0299058649913	-0.0835269440547	-0.035555459469	-0.0450042999918	0.033579989326	-0.00606977094025	-0.056531413311	-0.0171044539424	0.0443941337878	-0.0309668234387
k__Bacteria;p__Bacteroidetes;c__Bacteroidia;o__Bacteroidales;f__Bacteroidaceae;g__Bacteroides;s__Bacteroides_coprocola	0.010922444256	0.00638886267109	-0.0464142774788	-0.0187445600243	-0.027358303028	-0.0684945149156	0.00142932937855	0.0252863892394	0.0193544782411	-0.0109148612213	-0.0167304826712	1.0	0.0417635775838	0.0143472639086	-0.0240493554146	-0.00522832133195	-0.028306430896	-0.0438581883734	0.0265115981723	-0.0271868402351	0.0079493787262	-0.0273093102385	0.0254900779423	0.0439458770768	0.0532376245869	-0.0174547561283	0.0217204266391	0.0154414996879	-0.00234367226365	0.0396770326819	-0.0544095316025	0.0283380427907	-0.0782514787559	-0.0323554917139	-0.029059196356	-0.0118386175457	-0.0300660381854	0.00359359172915	-0.0779258781141	-0.0767744144826	-0.0778900499397	-0.00467947507906	-0.0211557651873	0.0159719889841	0.0182209785473	-0.028689974772	-0.0524699890856	-0.0271546275649	-0.00489054357102	0.0260034009039	-0.0256807966009	-0.0129628782223	0.0248292798373	-0.0193227105604	0.104804850016	0.0432461130195	-0.0442580557848	0.00783224796682	-0.00547458557991
k__Bacteria;p__Bacteroidetes;c__Bacteroidia;o__Bacteroidales;f__Bacteroidaceae;g__Bacteroides;s__Bacteroides_cellulosilyticus	-0.0776834681338	-0.0859907475877	-0.0450782975391	0.0128257154929	-0.00443522313675	0.0576589634105	-0.0352502974921	0.0313415351109	0.0386164629841	0.0754433511152	-0.00739346033895	0.0417635775838	1.0	-0.0522818645386	-0.0162989565029	-0.0245448681307	-0.0192012678325	0.0180435348472	-0.0243494133197	-0.0357546832812	0.0362678866112	0.0329899883981	-0.0307426146325	-0.00749631150915	-0.0348803951171	-0.0547821799341	0.0234485901051	0.0151841984049	-0.0383453648268	0.00749294038087	-0.0232412743266	0.0143954097476	-0.00870498487209	0.00927645577767	0.00129098005864	-0.00237909861526	-0.0205136564841	0.0247257453441	0.0388881991401	-0.0203648782901	-0.0490231677855	-0.048220326529	-0.0819370351124	-0.0534522667992	-0.0395123944053	-0.0296873652512	-0.00954099589595	0.0350733704662	0.0612470641348	-0.00557095762772	-0.00985855898498	0.035422858155	0.0133385692463	0.0241693215202	-0.0462610560668	0.0250847484304	-0.073799592687	0.0159537414103	0.0720525792467
k__Bacteria;p__Bacteroidetes;c__Bacteroidia;o__Bacteroidales;f__Rikenellaceae;g__Alistipes;s__Alistipes_obesi	-0.0255000031053	-0.0788746857295	-0.00223104925962	0.0088868104288	-0.0203148055462	-0.031406586732	-0.045122381552	0.0577552039171	0.0407876227481	-0.049120850137	-0.016583894806	0.0143472639086	-0.0522818645386	1.0	-0.0561832329646	-0.00823794551576	-0.0527399372318	-0.0273876641162	-0.0211821896916	-0.0363583225979	0.0348329145217	0.0485768284396	0.0235836003286	0.00138793389389	0.00361331403306	-0.0128386045884	0.0144865997436	0.00475396158653	-0.00887486299901	-0.0138914684184	0.0467820208976	-0.0379162266736	0.010826251987	-0.0106753381883	-0.064121592426	-0.0196048258665	-0.0109829229159	-0.00333565214955	-0.00783630519391	-0.0138382693088	0.0136825494962	-0.0555354022139	-0.0382482706336	0.00576449629815	-0.00923803511173	0.00279471333751	-0.0343128766004	0.0330371004668	-0.0132261733544	-0.0130803220036	-0.00168482681714	-0.000144312117585	-0.025885304892	0.0421355028942	-0.0315588726365	0.0260987914739	-0.02735207759	-0.0284283177171	-0.0133971479045
k__Bacteria;p__Firmicutes;c__Clostridia;o__Clostridiales;f__Lachnospiraceae;g__;s__[Eubacterium]_rectale	-0.0166431812413	0.0124034769975	0.0186030178353	-0.04578499068	0.0186513385227	-0.0469380964831	0.0128139725914	0.00468127504385	-0.0195313750481	0.0156693224164	0.0330865900076	-0.0240493554146	-0.0162989565029	-0.0561832329646	1.0	0.0186677149866	0.00191095256929	0.0441052195732	0.0564397081207	0.00879626934029	-0.0300523131597	-0.00169513191545	-0.0254518146216	-0.0105186486947	0.0118661685041	-0.0280864831705	-0.041554770457	-0.00317634164126	0.00442607335151	-0.0342630769672	-0.0183066232108	-0.0935064643567	0.0542743968783	-0.0145828539001	-0.00112317949118	0.000293174329891	-0.0737080449437	0.00364871049664	0.0447142715624	0.0312958670252	-0.00785769393137	-0.0288195541264	0.0165746178518	0.0448863615356	0.0444793637084	0.0231266667885	-0.0437935170817	-0.0815979499478	0.0421126073404	0.00551402983562	0.0414788222063	-0.0334364578717	0.00333784946967	-0.0458713974232	0.00554654615725	-0.0111067418918	0.000381935612822	-0.0398490307425	-0.0156363614874
k__Bacteria;p__Bacteroidetes;c__Bacteroidia;o__Bacteroidales;f__Bacteroidaceae;g__Bacteroides;s__Bacteroides_plebeius	0.0106421357682	0.0137452487225	-0.0313476167094	0.00595119565661	0.074492302933	-0.0323327215041	-0.043570406208	0.0600844452259	-0.0193706917881	-0.0611825426942	-0.00909871481501	-0.00522832133195	-0.0245448681307	-0.00823794551576	0.0186677149866	1.0	0.0442086569421	-0.0407827298484	0.0443288716311	0.0245927881881	0.0207990820518	0.0332982171175	-0.0533212045737	-0.0318552802638	-0.0442552884691	-0.102743577323	-0.0280690494377	-0.00413834581032	-0.0410187523746	-0.05927756571	-0.00149456840387	0.0115540552223	-0.00644734986923	0.00707002163616	-0.0216778833824	0.00707077754265	-0.032261224336	-0.0409027179608	-0.0721784768723	-0.0105677444662	0.00697242166309	-0.0147212911234	-0.0450996667705	0.00697379012876	-0.00209281241581	0.0136802703577	0.0237281969734	-0.0357299642292	-0.080309058239	-0.0192168113919	-0.053486196243	0.0193541297949	0.0562628718093	0.0166712103086	0.0473254274332	0.0136016946217	0.0141484665365	0.0154976736742	-0.0300549199367
k__Bacteria;p__Bacteroidetes;c__Bacteroidia;o__Bacteroidales;f__Bacteroidaceae;g__Bacteroides;s__Bacteroides_fragilis	-0.0213865342029	0.0141028721892	0.0159363872902	0.00795509114793	-0.0175947681496	-0.0357846394137	0.00183153191759	0.0196682985029	0.0100927458713	0.0237119672731	-0.00215557113367	-0.028306430896	-0.0192012678325	-0.0527399372318	0.00191095256929	0.0442086569421	1.0	-0.0127658370161	0.0119936122527	0.032083401154	-0.079818355608	0.0106585431847	0.0485530823712	0.0188037706193	0.0020709976837	-0.0259686797905	-0.00571979556462	-0.0113558350057	-0.0652936563302	-0.00502814055032	-0.00520250800869	0.0094651558966	0.0662430010885	-0.108766503801	0.0397347297572	-0.00152463659897	0.0189906907379	0.0132952520976	0.00714473571414	-0.0312347453993	0.00610894639022	-0.017606848883	-0.0247771195324	0.00800861103367	0.00290433528555	-0.00284980161477	-0.000977592493492	0.0557770052309	-0.0314945018082	-0.0135860330643	-0.0613449278749	-0.0260524641796	-0.0281141605019	0.0407756481876	-0.0550215775977	0.0468250051206	0.0105358030765	-0.0133675007835	0.0486795819637
k__Bacteria;p__Proteobacteria;c__Betaproteobacteria;o__Burkholderiales;f__Sutterellaceae;g__Sutterella;s__Sutterella_wadsworthensis	0.00208515437862	-0.0987150978284	0.00780259753532	0.00446522810129	-0.0169653795172	-0.0181036025489	-0.0333558093098	-0.00404412923631	0.0530252961496	0.0358793598163	0.024673199601	-0.0438581883734	0.0180435348472	-0.0273876641162	0.0441052195732	-0.0407827298484	-0.0127658370161	1.0	-0.0222760833369	0.0355857386525	0.0762118443166	-0.0224445536511	0.0282893699802	-0.0584665134075	0.0572121766184	0.0364776720751	0.0139572510106	-0.028109156274	-0.0173204030029	0.0357015726821	-0.0587661586749	0.0518351629681	-0.0675588842663	-0.0222774794633	-0.00738866160306	-0.0402666420019	0.00896067796335	-0.0286044454619	0.00130018238172	-0.0811734644464	0.00538863931006	-0.0351538268109	-0.0190385837795	-0.00216734797424	0.0026076860136	-0.0275282550054	0.04372043809	-0.0292718814025	-0.0316540917015	0.0254199690552	-0.0185886278701	-0.0285080908337	0.00776186434942	0.0457930640688	0.0162596468421	-0.00122102679224	-0.0196810652807	-0.00134214735602	-0.0040778915429
k__Bacteria;p__Bacteroidetes;c__Bacteroidia;o__Bacteroidales;f__Porphyromonadaceae;g__Barnesiella;s__Barnesiella_intestinihominis	0.0431675343093	0.00618708040004	-0.00729513204282	0.00180476395313	0.0184092067636	-0.067601296583	-0.0107933506568	-0.0259312435422	-0.017285812812	0.0396706183901	0.0151920216392	0.0265115981723	-0.0243494133197	-0.0211821896916	0.0564397081207	0.0443288716311	0.0119936122527	-0.0222760833369	1.0	0.00577677683529	0.0292816707782	-0.0389206810779	0.00847320537837	-0.0286234447175	-0.00771972800007	0.00188901221052	0.00637342831182	-0.0164190439213	-0.0456900447096	-0.0172993080483	-0.0437148204269	-0.0350619344344	0.0222323525728	-0.021031209228	0.0239380656232	0.0357693984579	-0.0697657689181	-0.0394310315618	0.0747466842035	-0.0915691213061	-0.0419500704524	0.0310044054032	0.0671657069183	-0.0642924959978	-0.00408894922476	0.000530663767216	-0.0271000201417	-0.0217781484917	0.0249154495246	-0.0415288994731	-0.0200945704355	-0.0222641855956	0.0351357280603	-0.034504341805	0.0591184772801	-0.0274011821337	-0.0606134993707	-0.032570066774	0.00305532750319
k__Bacteria;p__Bacteroidetes;c__Bacteroidia;o__Bacteroidales;f__Odoribacteraceae;g__Odoribacter;s__Odoribacter_splanchnicus	-0.0213511937219	-0.0559889193489	-0.00820593854272	-0.0166053555265	-0.010490538558	-0.0198466431134	0.027846261037	0.00144335571666	-0.0055942595979	-0.0814543644802	-0.0415736663455	-0.0271868402351	-0.0357546832812	-0.0363583225979	0.00879626934029	0.0245927881881	0.032083401154	0.0355857386525	0.00577677683529	1.0	-0.0214492541526	-0.0502106226884	0.0112271157055	0.0317532009309	-0.0370816548286	-0.014076951647	-0.0298485740418	-0.00683351234485	0.00311384199424	-0.0160509417924	0.0226748912556	-0.0883224334924	-0.0178826407591	-0.0179290416368	-0.0602650241026	0.0529035830181	-0.0175663546979	0.0148267025064	0.0535570534573	0.0588084099535	0.0526659977813	-0.00671316156721	0.0304864395945	-0.0199285018694	-0.0104579407834	-0.0347711449095	-0.00347567857166	0.0759420853742	0.0382925300543	-0.0193792695715	0.0259544415223	0.0214790145603	-0.0748716621757	0.0258564486613	0.027489095055	-0.0907759683264	0.0437504079478	0.0431942320371	0.0284712903403
k__Bacteria;p__Bacteroidetes;c__Bacteroidia;o__Bacteroidales;f__Bacteroidaceae;g__Bacteroides;s__Bacteroides_salyersiae	-0.0278576950446	0.0278992823595	-0.000394920801464	-0.0510496884624	0.0214280819855	-0.019015309343	0.0116835096432	-0.0240131858781	0.0338311173197	-0.028493211475	-0.056687307723	0.0079493787262	0.0362678866112	0.0348329145217	-0.0300523131597	0.0207990820518	-0.079818355608	0.0762118443166	0.0292816707782	-0.0214492541526	1.0	0.0396140728125	-0.0482892380516	0.0272570305191	-0.00864801608816	0.00101721024295	0.0274466733593	-0.0264163867576	-0.0611975587571	-0.0762020794483	-0.0914713902619	0.0246323093367	-0.0840716236625	0.000587983834668	-0.00928870624879	0.0452642297365	-0.065507026455	0.032564154031	-0.0255094857198	0.00680995990389	0.0233606373524	-0.0758339269457	-0.0275210875828	-0.0131224001635	-0.0185558488463	-0.00534074690708	0.0729354308486	-0.0411985784773	-0.0240257797277	-0.018985859102	-0.0135780703246	0.00592361428678	-0.0573987573375	0.00378498204626	-0.025710057466	-0.0485271746939	-0.0605463311598	0.0154658190485	0.0135158093396
k__Bacteria;p__Firmicutes;c__Clostridia;o__Clostridiales;f__Ruminococcaceae;g__Ruminiclostridium;s__[Eubacterium]_siraeum	-0.0232720643225	-0.0703475571547	0.0237479414258	0.0854300908612	0.0846159870932	0.0334841491944	-0.0482945669123	0.0278893327183	-0.102527579649	-0.0883201352957	-0.0168598315447	-0.0273093102385	0.0329899883981	0.0485768284396	-0.00169513191545	0.0332982171175	0.0106585431847	-0.0224445536511	-0.0389206810779	-0.0502106226884	0.0396140728125	1.0	0.0776606333756	-0.0209458946839	-0.0194352596803	-0.0302459257249	0.00126618616617	-0.0850446461574	0.0454262915747	-0.0603398532892	0.0293241044953	-0.0198114509259	-0.0689617169102	0.0147179093365	-0.0309039098587	-0.0921710659287	-0.0648512356286	0.0101510789218	-0.018415376492	-0.0111977338496	0.0189109187499	0.0793983263196	-0.0528202270575	-0.0513878321027	-0.00528570274005	-0.0041398973118	-0.0235888196959	0.0383237846404	-0.0746286144864	-0.0451761668337	0.0404969204335	-0.0112508438626	0.00121815932295	0.021557827269	0.00392078014246	-0.0437553627599	-0.0135008132417	0.0135840043049	-0.0508727592669
k__Bacteria;p__Proteobacteria;c__Betaproteobacteria;o__Burkholderiales;f__Sutterellaceae;g__Parasutterella;s__Parasutterella_excrementihominis	-0.0181584108894	-0.0184061034846	-0.035780889543	0.0141283352704	0.0122492686958	-0.00198894711072	0.0369571739586	0.000555762240017	-0.102355336427	0.0581566593284	-0.0215381515958	0.0254900779423	-0.0307426146325	0.0235836003286	-0.0254518146216	-0.0533212045737	0.0485530823712	0.0282893699802	0.00847320537837	0.0112271157055	-0.0482892380516	0.0776606333756	1.0	-0.0292762074796	-0.0489100944428	0.00922220917757	0.0183212350171	-0.00726762922644	0.000646417431138	0.0026739813265	0.00731044669017	-0.0180235363954	0.0525568249632	-0.0637659879985	-0.0306694698535	0.00584423070854	-0.00328569125757	-0.0421239349507	0.0344201213342	-0.0613573452659	-0.0698134158019	-0.0223526631996	-0.00674341703151	-0.0796973030294	-0.0132842306358	-0.0451746508372	-0.00644992827016	0.0125684078293	-0.0255586433983	-0.0217816825749	0.0203446747927	0.0362275328732	-0.0513974596158	-0.0254097178353	0.0314349968939	-0.057725360195	-0.0551160298916	0.00267971810765	-0.0108516577779
k__Bacteria;p__Actinobacteria;c__Actinobacteria;o__Bifidobacteriales;f__Bifidobacteriaceae;g__Bifidobacterium;s__Bifidobacterium_adolescentis	-0.0585512875703	0.0176937076408	0.0599044237412	-0.0202376066091	-0.0305473649547	0.03736366291	-0.0225645449124	-0.010673942425	-0.0143834262711	-0.0614468043956	0.00555832596886	0.0439458770768	-0.00749631150915	0.00138793389389	-0.0105186486947	-0.0318552802638	0.0188037706193	-0.0584665134075	-0.0286234447175	0.0317532009309	0.0272570305191	-0.0209458946839	-0.0292762074796	1.0	0.0119375924772	0.00763641400726	-0.0430707409654	-0.106900857498	-0.0165784798875	-0.0139743020234	0.0333164542784	-0.0241898224975	-0.0305321840961	0.00238533465701	0.00729221192494	0.0411071837043	0.0195659601469	-0.0572456320913	-0.0370615150139	0.0672745024881	-0.0456783874112	-0.00101235096248	-0.00275393850305	-0.0107545942569	0.0309401090051	0.00131170314176	0.0120971467028	-0.00454240505998	-0.0316831063414	0.0126587203739	0.00479283999654	-0.0129163537693	0.00706941833024	0.00193464762539	-0.033297797868	-0.025975978886	0.0277985874606	0.0294578995591	-0.0270859123909
k__Bacteria;p__Firmicutes;c__Clostridia;o__Clostridiales;f__Oscillospiraceae;g__Oscillibacter;s__Oscillibacter_sp._KLE_1745	0.0500077360608	0.0316502370978	0.00217357401116	-0.0183421641524	-0.0114796964175	0.0700141091179	-0.00903734827453	0.0125205286965	0.0580134180721	0.032783094855	0.0455807407609	0.0532376245869	-0.0348803951171	0.00361331403306	0.0118661685041	-0.0442552884691	0.0020709976837	0.0572121766184	-0.00771972800007	-0.0370816548286	-0.00864801608816	-0.0194352596803	-0.0489100944428	0.0119375924772	1.0	-0.0439878836652	0.0693238617447	-0.0306824494316	-0.0390132364055	0.026912518536	-0.0478894851235	-0.0115709704487	0.0222779407803	0.0364142717195	-0.0534717928039	-0.0361330586592	-0.0109856955733	-0.0178734745412	0.00458277280173	0.00550885891841	-0.0891150069962	-0.0166361708393	0.0105441331642	-0.0313703182083	-0.0251759459481	-0.0617783088858	0.0102173476524	-0.0485901355015	-0.0377260540156	-0.000560892004539	0.0207659811097	-0.0379262541733	0.0469330739222	-0.0399869166031	0.0111117579947	-0.0225398233684	-0.00563938670442	-0.00995444117854	0.0232926375711
k__Bacteria;p__Bacteroidetes;c__Bacteroidia;o__Bacteroidales;f__Bacteroidaceae;g__Bacteroides;s__Bacteroides_coprophilus	0.0343224872782	-0.0211536964814	-0.0377635279973	-0.0267868174012	-0.0803612224018	-0.0424170641481	-0.0014304850782	-0.0213949364961	-0.00465407854932	0.0261602354461	-0.00716001368473	-0.0174547561283	-0.0547821799341	-0.0128386045884	-0.0280864831705	-0.102743577323	-0.0259686797905	0.0364776720751	0.00188901221052	-0.014076951647	0.00101721024295	-0.0302459257249	0.00922220917757	0.00763641400726	-0.0439878836652	1.0	-0.00351359475003	-0.00526153539525	0.0129340736443	-0.0156603732365	-0.0229395060573	-0.0338245102317	-0.0313069061001	-0.053869843409	-0.038298472647	-0.0128206567633	0.0110412946553	0.0183476434711	0.00884128908393	0.0272325786217	0.0277753923297	-0.017350228459	-0.018462376345	-0.0194721086413	-0.0662201297755	0.00705294713163	-0.0132081140794	0.00327421829742	-0.00076702579571	0.0269525199642	-0.0162586816986	0.0454685313693	0.000943330826997	-0.0508530303327	0.0404449936868	0.0248170416684	-0.035285975697	0.0476088963843	-0.010372282909
k__Bacteria;p__Firmicutes;c__Clostridia;o__Clostridiales;f__Lachnospiraceae;g__Roseburia;s__Roseburia_intestinalis	-0.00112842611643	0.0327622497578	0.0320603504797	-0.0369601771802	-0.0294342377893	0.0491367108867	-0.032163887942	-0.0533320008198	-0.0126509723185	-0.0284005185805	0.022370080828	0.0217204266391	0.0234485901051	0.0144865997436	-0.041554770457	-0.0280690494377	-0.00571979556462	0.0139572510106	0.00637342831182	-0.0298485740418	0.0274466733593	0.00126618616617	0.0183212350171	-0.0430707409654	0.0693238617447	-0.00351359475003	1.0	0.0163295742247	0.0150628130564	-0.0580527552975	-0.0593334853574	-0.0360440200728	0.0425195180134	-0.0610856589942	-0.0216920505238	0.0247875124385	-0.034901861001	0.00798378352725	0.0537493776721	-0.0375239212995	-0.0858932572849	-0.0415992895405	-0.0185156512393	-0.0123278389385	-0.00497496042695	0.00153883134584	0.00697756550675	-0.0505418695541	-0.0247110066015	0.0402403078877	0.027656610201	0.0381406882776	-0.0602101922718	0.0226432294089	0.0219947735844	0.00289652541547	0.0256642054593	0.0139324394633	-0.00989207583305
k__Bacteria;p__Firmicutes;c__Clostridia;o__Clostridiales;f__Lachnospiraceae;g__Roseburia;s__Roseburia_hominis	0.013687127685	0.0532879234573	0.0308497462688	0.0557826169649	0.0343920599276	0.0147048478324	0.0148146645109	0.0285778315501	0.0587106882465	-0.0212638546901	-0.0138145422217	0.0154414996879	0.0151841984049	0.00475396158653	-0.00317634164126	-0.00413834581032	-0.0113558350057	-0.028109156274	-0.0164190439213	-0.00683351234485	-0.0264163867576	-0.0850446461574	-0.00726762922644	-0.106900857498	-0.0306824494316	-0.00526153539525	0.0163295742247	1.0	-0.040338710046	0.047819756177	0.00351685260436	-0.025112084413	-0.0449082949944	0.00407561390687	0.0106923102262	-0.0147627492102	-0.0164277751706	-0.0584850669199	0.0829628209595	-0.00744601829044	-0.0238061086247	-0.0271131505678	-0.0771170188816	-0.0429539322107	-0.0316199343362	0.00365574676144	-0.0209924078008	-0.0918964672183	0.000431038525868	-0.0073380816296	-0.0432258198959	-0.00224461670967	-0.0209217893208	-0.0496622073537	0.00243216417099	0.0219928317231	-0.01631555403	-0.0133129754235	-0.0376500540909
k__Bacteria;p__Bacteroidetes;c__Bacteroidia;o__Bacteroidales;f__Porphyromonadaceae;g__Parabacteroides;s__Parabacteroides_johnsonii	0.0264769118408	-0.0570914187047	-0.0773454132745	0.00951101425568	0.00493231150955	-0.0465345187087	-0.0195983349943	-0.0128917353416	-0.0160499221544	-0.0357075817557	-0.00667388466209	-0.00234367226365	-0.0383453648268	-0.00887486299901	0.00442607335151	-0.0410187523746	-0.0652936563302	-0.0173204030029	-0.0456900447096	0.00311384199424	-0.0611975587571	0.0454262915747	0.000646417431138	-0.0165784798875	-0.0390132364055	0.0129340736443	0.0150628130564	-0.040338710046	1.0	-0.0146325915964	-0.0279027720138	0.0219195754453	0.0579110294284	0.0299485378067	0.0223352652451	-0.0320963474028	-0.0176785905715	-0.0324261478103	0.00730077312473	0.0279277886501	-0.00559164914079	0.0735141609167	0.0135802100744	0.0339888971178	-0.0468783070995	-0.0477230654217	0.00240986474655	-0.00278793895255	0.0191891678582	0.0536466685392	-0.00571397145037	-0.0238397130963	0.0436211615746	0.0215449279599	0.0225545717599	-0.0649227021677	-0.0325384796385	-0.0686139849028	-0.000834170594172
k__Bacteria;p__Actinobacteria;c__Actinobacteria;o__Bifidobacteriales;f__Bifidobacteriaceae;g__Bifidobacterium;s__Bifidobacterium_longum	-0.0430311852273	-0.0516358831695	-0.045369633172	-0.0480176244948	-0.0647582717564	0.00145388474192	0.0635762196995	-0.00538634569411	0.0303800215437	0.00431662755909	0.0337958678316	0.0396770326819	0.00749294038087	-0.0138914684184	-0.0342630769672	-0.05927756571	-0.00502814055032	0.0357015726821	-0.0172993080483	-0.0160509417924	-0.0762020794483	-0.0603398532892	0.0026739813265	-0.0139743020234	0.026912518536	-0.0156603732365	-0.0580527552975	0.047819756177	-0.0146325915964	1.0	-0.0308987494666	-0.0425377134607	-0.0341310572316	-0.04457777487	0.0685138106815	0.0367823499442	0.0183823708698	0.0148601780673	0.0298495598533	0.0199910104951	-0.114758406923	-0.0304303660069	0.00717813780767	-0.0597764867769	0.0101982331704	-0.0334371935434	-0.009214823374	0.0431261648078	0.0915897689949	-0.032519060411	-0.0587380011179	-0.0531322002232	0.0521308397655	-0.065298627322	0.0120209429023	-0.00615961047564	0.0416485091274	-0.0383429400262	-0.0888627121293
