#taxonomy	k__Bacteria;p__Bacteroidetes;c__Bacteroidia;o__Bacteroidales;f__Bacteroidaceae;g__Bacteroides;s__Bacteroides_vulgatus	k__Bacteria;p__Bacteroidetes;c__Bacteroidia;o__Bacteroidales;f__Bacteroidaceae;g__Bacteroides;s__Bacteroides_uniformis	k__Bacteria;p__Bacteroidetes;c__Bacteroidia;o__Bacteroidales;f__Rikenellaceae;g__Alistipes;s__Alistipes_putredinis	k__Bacteria;p__Bacteroidetes;c__Bacteroidia;o__Bacteroidales;f__Prevotellaceae;g__Prevotella;s__Prevotella_copri	k__Bacteria;p__Bacteroidetes;c__Bacteroidia;o__Bacteroidales;f__Bacteroidaceae;g__Bacteroides;s__Bacteroides_stercoris	k__Bacteria;p__Bacteroidetes;c__Bacteroidia;o__Bacteroidales;f__Bacteroidaceae;g__Bacteroides;s__Bacteroides_ovatus	k__Bacteria;p__Bacteroidetes;c__Bacteroidia;o__Bacteroidales;f__Rikenellaceae;g__Alistipes;s__Alistipes_shahii	k__Bacteria;p__Firmicutes;c__Clostridia;o__Clostridiales;f__Ruminococcaceae;g__Faecalibacterium;s__Faecalibacterium_prausnitzii	k__Bacteria;p__Bacteroidetes;c__Bacteroidia;o__Bacteroidales;f__Rikenellaceae;g__Alistipes;s__Alistipes_finegoldii	k__Bacteria;p__Bacteroidetes;c__Bacteroidia;o__Bacteroidales;f__Porphyromonadaceae;g__Parabacteroides;s__Parabacteroides_distasonis	k__Bacteria;p__Bacteroidetes;c__Bacteroidia;o__Bacteroidales;f__Bacteroidaceae;g__Bacteroides;s__Bacteroides_thetaiotaomicron	k__Bacteria;p__Bacteroidetes;c__Bacteroidia;o__Bacteroidales;f__Bacteroidaceae;g__Bacteroides;s__Bacteroides_coprocola	k__Bacteria;p__Bacteroidetes;c__Bacteroidia;o__Bacteroidales;f__Bacteroidaceae;g__Bacteroides;s__Bacteroides_cellulosilyticus	k__Bacteria;p__Bacteroidetes;c__Bacteroidia;o__Bacteroidales;f__Rikenellaceae;g__Alistipes;s__Alistipes_obesi	k__Bacteria;p__Firmicutes;c__Clostridia;o__Clostridiales;f__Lachnospiraceae;g__;s__[Eubacterium]_rectale	k__Bacteria;p__Bacteroidetes;c__Bacteroidia;o__Bacteroidales;f__Bacteroidaceae;g__Bacteroides;s__Bacteroides_plebeius	k__Bacteria;p__Bacteroidetes;c__Bacteroidia;o__Bacteroidales;f__Bacteroidaceae;g__Bacteroides;s__Bacteroides_fragilis	k__Bacteria;p__Proteobacteria;c__Betaproteobacteria;o__Burkholderiales;f__Sutterellaceae;g__Sutterella;s__Sutterella_wadsworthensis	k__Bacteria;p__Bacteroidetes;c__Bacteroidia;o__Bacteroidales;f__Porphyromonadaceae;g__Barnesiella;s__Barnesiella_intestinihominis	k__Bacteria;p__Bacteroidetes;c__Bacteroidia;o__Bacteroidales;f__Odoribacteraceae;g__Odoribacter;s__Odoribacter_splanchnicus	k__Bacteria;p__Bacteroidetes;c__Bacteroidia;o__Bacteroidales;f__Bacteroidaceae;g__Bacteroides;s__Bacteroides_salyersiae	k__Bacteria;p__Firmicutes;c__Clostridia;o__Clostridiales;f__Ruminococcaceae;g__Ruminiclostridium;s__[Eubacterium]_siraeum	k__Bacteria;p__Proteobacteria;c__Betaproteobacteria;o__Burkholderiales;f__Sutterellaceae;g__Parasutterella;s__Parasutterella_excrementihominis	k__Bacteria;p__Actinobacteria;c__Actinobacteria;o__Bifidobacteriales;f__Bifidobacteriaceae;g__Bifidobacterium;s__Bifidobacterium_adolescentis	k__Bacteria;p__Firmicutes;c__Clostridia;o__Clostridiales;f__Oscillospiraceae;g__Oscillibacter;s__Oscillibacter_sp._KLE_1745	k__Bacteria;p__Bacteroidetes;c__Bacteroidia;o__Bacteroidales;f__Bacteroidaceae;g__Bacteroides;s__Bacteroides_coprophilus	k__Bacteria;p__Firmicutes;c__Clostridia;o__Clostridiales;f__Lachnospiraceae;g__Roseburia;s__Roseburia_intestinalis	k__Bacteria;p__Firmicutes;c__Clostridia;o__Clostridiales;f__Lachnospiraceae;g__Roseburia;s__Roseburia_hominis	k__Bacteria;p__Bacteroidetes;c__Bacteroidia;o__Bacteroidales;f__Porphyromonadaceae;g__Parabacteroides;s__Parabacteroides_johnsonii	k__Bacteria;p__Actinobacteria;c__Actinobacteria;o__Bifidobacteriales;f__Bifidobacteriaceae;g__Bifidobacterium;s__Bifidobacterium_longum	k__Bacteria;p__Firmicutes;c__Clostridia;o__Clostridiales;f__;g__Flavonifractor;s__Flavonifractor_plautii	k__Bacteria;p__Firmicutes;c__Clostridia;o__Clostridiales;f__Clostridiaceae;g__Clostridium;s__Clostridium_phoceensis	k__Bacteria;p__Verrucomicrobia;c__Verrucomicrobiae;o__Verrucomicrobiales;f__Akkermansiaceae;g__Akkermansia;s__Akkermansia_muciniphila	k__Bacteria;p__Bacteroidetes;c__Bacteroidia;o__Bacteroidales;f__Prevotellaceae;g__Paraprevotella;s__Paraprevotella_xylaniphila	k__Bacteria;p__Firmicutes;c__Clostridia;o__Clostridiales;f__Ruminococcaceae;g__Ruminococcus;s__Ruminococcus_callidus	k__Bacteria;p__Bacteroidetes;c__Bacteroidia;o__Bacteroidales;f__Rikenellaceae;g__Alistipes;s__Alistipes_senegalensis	k__Bacteria;p__Firmicutes;c__Clostridia;o__Clostridiales;f__Lachnospiraceae;g__Blautia;s__Blautia_sp._KLE_1732	k__Bacteria;p__Bacteroidetes;c__Bacteroidia;o__Bacteroidales;f__Bacteroidaceae;g__Bacteroides;s__Bacteroides_oleiciplenus	k__Bacteria;p__Firmicutes;c__Clostridia;o__Clostridiales;f__Ruminococcaceae;g__Ruminococcus;s__Ruminococcus_bicirculans	k__Bacteria;p__Bacteroidetes;c__Bacteroidia;o__Bacteroidales;f__Bacteroidaceae;g__Bacteroides;s__Bacteroides_fluxus	k__Bacteria;p__Bacteroidetes;c__Bacteroidia;o__Bacteroidales;f__Prevotellaceae;g__Prevotella;s__Prevotella_stercorea	k__Bacteria;p__Firmicutes;c__Clostridia;o__Clostridiales;f__Lachnospiraceae;g__Dorea;s__Dorea_longicatena	k__Bacteria;p__Firmicutes;c__Clostridia;o__Clostridiales;f__Eubacteriaceae;g__Eubacterium;s__[Eubacterium]_eligens	k__Bacteria;p__Firmicutes;c__Clostridia;o__Clostridiales;f__Ruminococcaceae;g__;s__Ruminococcaceae_bacterium_D16	k__Bacteria;p__Firmicutes;c__Clostridia;o__Clostridiales;f__Lachnospiraceae;g__Coprococcus;s__Coprococcus_comes	k__Bacteria;p__Proteobacteria;c__Gammaproteobacteria;o__Enterobacterales;f__Enterobacteriaceae;g__Escherichia;s__Escherichia_coli	k__Bacteria;p__Firmicutes;c__Clostridia;o__Clostridiales;f__Ruminococcaceae;g__Anaerotruncus;s__Anaerotruncus_colihominis	k__Bacteria;p__Firmicutes;c__Clostridia;o__Clostridiales;f__Lachnospiraceae;g__Blautia;s__Blautia_obeum	k__Bacteria;p__Bacteroidetes;c__Bacteroidia;o__Bacteroidales;f__Odoribacteraceae;g__Odoribacter;s__Odoribacter_laneus	k__Bacteria;p__Firmicutes;c__Clostridia;o__Clostridiales;f__Ruminococcaceae;g__Ruminiclostridium;s__[Clostridium]_leptum	k__Bacteria;p__Bacteroidetes;c__Bacteroidia;o__Bacteroidales;f__Porphyromonadaceae;g__Parabacteroides;s__Parabacteroides_goldsteinii	k__Bacteria;p__Firmicutes;c__Clostridia;o__Clostridiales;f__Lachnospiraceae;g__Anaerostipes;s__Anaerostipes_hadrus	k__Bacteria;p__Firmicutes;c__Clostridia;o__Clostridiales;f__Ruminococcaceae;g__Ruminococcus;s__Ruminococcus_lactaris	k__Bacteria;p__Firmicutes;c__Clostridia;o__Clostridiales;f__Clostridiaceae;g__Clostridium;s__Clostridium_sp._L2-50	k__Bacteria;p__Firmicutes;c__Clostridia;o__Clostridiales;f__Clostridiaceae;g__Clostridium;s__Clostridium_sp._M62/1	k__Bacteria;p__Firmicutes;c__Clostridia;o__Clostridiales;f__;g__Intestinimonas;s__Intestinimonas_butyriciproducens	k__Bacteria;p__Actinobacteria;c__Actinobacteria;o__Bifidobacteriales;f__Bifidobacteriaceae;g__Bifidobacterium;s__Bifidobacterium_bifidum	k__Bacteria;p__Firmicutes;c__Negativicutes;o__Veillonellales;f__Veillonellaceae;g__Dialister;s__Dialister_invisus	k__Bacteria;p__Bacteroidetes;c__Bacteroidia;o__Bacteroidales;f__Bacteroidaceae;g__Bacteroides;s__Bacteroides_salanitronis
k__Bacteria;p__Bacteroidetes;c__Bacteroidia;o__Bacteroidales;f__Bacteroidaceae;g__Bacteroides;s__Bacteroides_vulgatus	1.0	0.00143576371919	-0.00502005132264	0.00243706430629	0.028046999339	-0.0125370288933	0.0217665502573	0.0539345950529	-0.0474941057726	-0.0127199224645	-0.0115979484757	-0.0349855270945	0.0291682386856	-0.0534975805112	0.0117991177075	0.0159994422179	-0.0226512249395	-0.0121042496141	-0.0301867013309	0.00982633008379	-0.00373730446467	0.0207153049734	-0.00711890681402	-0.00440952095374	-0.011422389364	-0.0442874287214	0.0245381691545	-0.0424374022999	0.0203770508706	0.0584597440504	0.00684788588281	-0.0672606867789	0.0389934973218	-0.033093059946	-0.0489225693413	0.0113706290894	0.0152567483137	-0.0679361379773	0.00472140755057	-0.0285353853895	-0.00433974212049	0.0205704506897	-0.0217625478047	0.0160102578539	0.00021014773063	1.13693222287e-05	-0.009629249104	-0.0483825315668	-0.00033607194132	0.0205591268377	-0.0124773443343	0.021874566233	0.0295579930918	0.00798910924015	0.0260249909636	-0.0215651947087	-0.00177139764149	0.0147444071697	-0.0208718082299
k__Bacteria;p__Bacteroidetes;c__Bacteroidia;o__Bacteroidales;f__Bacteroidaceae;g__Bacteroides;s__Bacteroides_uniformis	0.00143576371919	1.0	-0.0187059214141	-0.0717916191938	-0.0358363909236	-0.0563391403475	0.0628008459577	-0.0566704718158	-0.00315500946201	0.0926875215921	0.0251293259342	-0.0195832374934	-0.00280110052806	0.000395010828185	-0.101090605034	0.0397998752377	0.00119621822577	-0.00872181199556	-0.0122570659739	-0.00871782344591	-0.0560087678556	-0.0327652520376	0.017494296801	0.021391185192	-0.0206277267555	-0.00963886244331	0.00218511829369	0.0299786838614	-0.0333348107123	0.0566236814288	-0.0208055708084	0.0385997764659	0.0141351871789	-0.04870334239	-0.00505752132738	-0.0561456294274	0.0436652368489	-0.00966183951138	0.0265035352298	-0.0737487046883	0.0196614865237	0.0150862008471	-0.0615076023912	-0.0207283021752	-0.0314725339731	-0.0362195974543	-0.0404659348898	0.00308748918627	0.0589040993516	-0.0065186349408	0.055928989682	0.00973891799089	-0.0630314771436	-0.00512290427022	-0.0499069905544	0.0201086320249	0.0853960107673	0.0586269985092	0.00436277033484
k__Bacteria;p__Bacteroidetes;c__Bacteroidia;o__Bacteroidales;f__Rikenellaceae;g__Alistipes;s__Alistipes_putredinis	-0.00502005132264	-0.0187059214141	1.0	-0.0361845796353	-0.0161097686935	-0.0563158715064	-0.0319232298716	-0.0231572587024	-0.0402837266088	-0.00978327418555	-0.0339554801493	-0.0434695829409	0.0198437222693	-0.0717166576205	-0.0258136647128	-0.0197490591554	0.0204467648313	-0.0378080973173	-0.00181770427679	-0.0104160248539	-0.0214583222159	-0.0192831680502	-0.0358471362233	-0.00646966687021	0.00596310442609	0.0754504992471	-0.0984246932555	0.0231658377583	7.15630773848e-05	-0.0474571759172	0.0099627806935	0.0223860524971	0.0377284244849	0.0405690538874	-0.0150831951201	-0.0893772439237	0.0238849565443	0.0599617124234	0.00967838363459	0.0243505969561	-0.0321082323438	-0.0305728022891	0.0305202635153	0.0329158930005	0.0135724245352	-0.0583230313314	0.0317275808462	-0.011286635121	-0.0247618598758	0.0044865566986	-0.0111464152041	-0.0229126346181	-0.0259529789136	-0.0379379309075	0.00760177620212	-0.0137492239916	0.010861709323	0.0318215160845	0.0185391864828
k__Bacteria;p__Bacteroidetes;c__Bacteroidia;o__Bacteroidales;f__Prevotellaceae;g__Prevotella;s__Prevotella_copri	0.00243706430629	-0.0717916191938	-0.0361845796353	1.0	0.00880479919041	-0.0567484461078	0.0754106415217	0.0324860977448	0.0258753729318	-0.0153110514829	-0.0350901540219	0.0464779400702	-0.0281331231618	0.0255369324354	-0.00839072042358	0.00795738521471	-0.0438537490222	0.0399001977642	-0.089563487326	0.006774276452	-0.0316862971666	-0.00239347557839	0.0198054861219	-0.0589778845001	0.00923909535543	-0.0252495097942	-0.00270454898615	-0.0360311078782	-0.00523290824925	0.0121886472668	-0.0622720669376	-0.0560277992068	0.0167755800899	0.0299119852203	-0.0180542779469	0.00800750494522	0.00489275139702	0.0640974513492	0.0560660793366	0.0558127087627	-0.0255999739618	0.0474637780195	0.0169805531636	0.0161407774224	0.037296604502	0.0523041936187	-0.00553746683973	0.0193023739707	-0.0204284233319	0.0300611346526	-0.00971732861224	-0.0107823616548	0.000177920502975	0.0188838284311	0.0176522639948	-0.0494668811084	0.00947515919045	0.00432447418037	0.0298448789693
k__Bacteria;p__Bacteroidetes;c__Bacteroidia;o__Bacteroidales;f__Bacteroidaceae;g__Bacteroides;s__Bacteroides_stercoris	0.028046999339	-0.0358363909236	-0.0161097686935	0.00880479919041	1.0	0.00640084827455	-0.0750437385763	0.034040627731	-0.0158800572241	0.0345743633524	-0.00592176027036	-0.0213849882504	-0.0158314355268	-0.017699405849	0.0524411501072	-0.0134501213	-0.0306685965247	0.0220723296347	-0.0195879380045	-0.0320132104506	-0.015813892578	-0.0060453665582	0.00377519580077	0.0395279098222	-0.00325066476042	-0.00790542140033	0.0249813727286	-0.0250511618664	-0.023044708764	-0.0250726772822	0.0366878647184	-0.0113029041016	-0.00904109140909	-0.0484256062667	-0.0468677103536	0.0229216506456	0.0441754238033	-0.039845475747	0.000298708664803	-0.0293097193164	0.0523766002879	-0.00890084377364	0.0288747837883	-0.0502621429544	-0.0371972101921	-0.0845496507346	-0.0268049299934	-0.0355077920062	0.0349177799501	-0.0149668112189	-0.0153811771756	-0.0117164877363	0.0159282656199	-0.0305548164962	0.0277734077561	0.011118107979	-0.0191690904656	-0.0662425843955	-0.0510999941266
k__Bacteria;p__Bacteroidetes;c__Bacteroidia;o__Bacteroidales;f__Bacteroidaceae;g__Bacteroides;s__Bacteroides_ovatus	-0.0125370288933	-0.0563391403475	-0.0563158715064	-0.0567484461078	0.00640084827455	1.0	-0.00419028202421	0.0330676152338	-0.0323803534011	0.013371976483	-0.0296697126953	-0.0316873763436	-0.0134167808578	-0.0246659453355	-0.0129455161965	0.0717912699219	0.044553160119	-0.00766869244206	-0.0399293618488	0.0264928491961	0.0539403490259	0.0429788006713	-0.0199841744385	0.0729651438435	-0.00730558518825	0.0080965413043	-0.0132334246555	-0.0933573411435	-0.00131809070245	0.0324275973085	0.0249483895837	0.0263522889963	-0.000764658745133	0.00732246670085	0.00495664905482	-0.0208124659266	-0.0477914251353	0.0471830537695	0.000249354911838	-0.0737597815452	-0.0163208429921	0.00211622732116	-0.0016170459577	0.0160312558069	-0.0117841451582	-0.0352807660795	-0.0340075310897	-0.0954867543519	-0.0290942817888	-0.0893070068159	-0.00820427092668	0.0426176730927	-0.0700901180288	0.00341324904126	-0.0327618729595	-0.0619245323346	-0.067553584123	-0.0379572267798	-0.0222138112322
k__Bacteria;p__Bacteroidetes;c__Bacteroidia;o__Bacteroidales;f__Rikenellaceae;g__Alistipes;s__Alistipes_shahii	0.0217665502573	0.0628008459577	-0.0319232298716	0.0754106415217	-0.0750437385763	-0.00419028202421	1.0	-0.00636696217149	-0.0319877153333	0.00573198960242	0.0158212518846	-0.0376018320708	0.0200320315381	-0.0578320398792	-0.00255175177952	-0.0353886777513	0.0149490304923	-0.0367828561303	-0.0278989064426	0.0312577876751	-0.00666765245596	0.0191181451272	-0.0933573951136	-0.0482996228949	0.0128189890465	0.0682117349349	-0.00405614609431	0.00648597667973	0.0010108572946	0.0715031406664	0.0314988122833	-0.0858130986846	-0.0266935269261	0.0370500539068	-0.0387387506832	-0.0296770962765	0.0372079443639	-0.0294754048563	0.037824980404	0.016877798267	-0.0182978036848	-0.00451229338934	0.0120301319656	0.00586278240866	-0.069536258877	-0.0287388936942	-0.00560860738554	0.00597925300565	-0.00516426594901	-0.0470803803161	0.0280144256352	0.00756275970983	-0.119865095814	0.00948154363041	-0.0207650951605	0.00187100114714	-0.0116080743645	-0.00821656140117	0.00694822327961
k__Bacteria;p__Firmicutes;c__Clostridia;o__Clostridiales;f__Ruminococcaceae;g__Faecalibacterium;s__Faecalibacterium_prausnitzii	0.0539345950529	-0.0566704718158	-0.0231572587024	0.0324860977448	0.034040627731	0.0330676152338	-0.00636696217149	1.0	-0.0126835517937	-0.000763058106843	-0.0275387359635	0.0139893178569	0.0306918554631	0.0104690918682	-0.0176931997917	-0.021684423768	-0.0103663595515	0.0258407178525	-0.00545387313638	0.021096451295	-0.0442634596663	-0.0166239564226	-0.0054499881137	0.0341436098428	-0.00765647655653	0.0193090031657	-0.0293620609917	0.0012779046955	-0.0111336580944	0.0470587117211	-0.0264436356654	-0.03726102676	0.0565739953721	0.012662721731	-0.0227055563349	-0.0420556635446	0.0221377975704	0.0116784112579	0.0690980847818	-0.00990830616246	-0.0600793100182	-0.0233754712344	-0.0677055445906	0.00699645983204	-0.055005449892	-0.026478506733	0.00422320567555	0.0423129438739	0.0589283734626	-0.0158240516743	-0.0234711008656	-0.0700130217779	0.0301139915203	0.00977519069575	-0.0305632509082	-0.0308560632079	-0.00939968579256	-0.0752653744232	-0.0568167837688
k__Bacteria;p__Bacteroidetes;c__Bacteroidia;o__Bacteroidales;f__Rikenellaceae;g__Alistipes;s__Alistipes_finegoldii	-0.0474941057726	-0.00315500946201	-0.0402837266088	0.0258753729318	-0.0158800572241	-0.0323803534011	-0.0319877153333	-0.0126835517937	1.0	-0.0808914268715	-0.0493549265071	0.0116020267839	-0.000544485058896	-0.0357479172698	0.0722726293073	0.00392569042854	-0.0106781069503	-0.0355334130977	0.00712336741852	-0.0587352145098	-0.019101766926	0.0565033302173	0.0295250502613	0.0478762002548	-0.035476246708	0.0128135732667	-0.0316608493502	-0.0478173705826	-0.061492016127	0.0123556932763	-0.0264034861645	0.0380786212525	0.0154581794722	0.0110480428745	0.0176287886461	0.0166131783938	-0.00166583853976	0.0143399739151	0.0179945842883	0.0660565486898	-0.0800536223365	0.0418355716066	0.00479163716189	-0.0139687251918	0.0418856825931	0.0116594664737	-0.0348042091883	0.0382947694567	-0.00946715278286	-0.022182628232	-0.0264685605338	-0.0682223843977	-0.0449291692198	0.117966496611	-0.0344727155535	-0.0124219875647	0.0142110441386	0.0150020650901	-0.0360046112668
k__Bacteria;p__Bacteroidetes;c__Bacteroidia;o__Bacteroidales;f__Porphyromonadaceae;g__Parabacteroides;s__Parabacteroides_distasonis	-0.0127199224645	0.0926875215921	-0.00978327418555	-0.0153110514829	0.0345743633524	0.013371976483	0.00573198960242	-0.000763058106843	-0.0808914268715	1.0	-0.0164511758953	0.00528912203635	0.000121661802272	-0.00264661809005	-0.0256163155846	-0.00948833172972	-0.00295316814049	-0.0228337077728	0.0137187859347	-0.0585870551561	-0.0869328646861	-0.00950870463085	0.0076474044772	0.0718665053315	-0.0277366276617	-0.00570438625167	-0.0554250800936	-0.0266279749281	-0.0210174383998	0.00184681755754	0.023092334225	-0.0566070826113	0.00679015888303	-0.0459471416625	0.0210229693115	-0.0261201222527	-0.0179216884727	-0.0137801573499	-0.00784092022965	0.0245752494864	-0.0824142626181	-0.00284163348566	-0.0155222426312	-0.0111845969368	0.0272455592709	0.034063265551	0.0105348576565	0.0115901409751	0.00861924981222	-0.0166764838071	-0.0684640807845	0.0331650961615	-0.0139892971422	-0.0127370232324	-0.0405747307462	-0.0315366190079	-0.0522734397157	-0.000543227004413	0.0594980799672
k__Bacteria;p__Bacteroidetes;c__Bacteroidia;o__Bacteroidales;f__Bacteroidaceae;g__Bacteroides;s__Bacteroides_thetaiotaomicron	-0.0115979484757	0.0251293259342	-0.0339554801493	-0.0350901540219	-0.00592176027036	-0.0296697126953	0.0158212518846	-0.0275387359635	-0.0493549265071	-0.0164511758953	1.0	0.0204079885052	-0.0105180553637	0.0334000011951	-0.04838332339	-0.0336699225651	-0.0304969347602	-0.0446048867416	-0.056141972385	0.044485265646	-0.0664794959317	0.0354719541395	-0.00373462211959	-0.0243127273092	0.00319756886233	0.0232635199784	0.0303159002029	-0.00765973041196	-0.0126345785443	0.00653384100108	-0.0147662904249	0.0358171309722	0.000620569125562	-0.0540793014629	-0.06974634069	-0.00302837113305	0.00363042355841	-0.0748167936135	-0.0199285662036	0.0050267009964	-0.0560652418677	0.0351207993422	0.00963084767949	0.0233160721401	0.0278585313988	0.00877550320741	0.0624074786308	-0.00913425801492	-0.0892702350357	-0.0277667871349	0.0157500482129	0.000489122250548	-0.0522099957024	-0.0316393898148	-0.00330701776064	0.00667187667371	0.0581015951974	0.0153328506543	-0.0431327762741
k__Bacteria;p__Bacteroidetes;c__Bacteroidia;o__Bacteroidales;f__Bacteroidaceae;g__Bacteroides;s__Bacteroides_coprocola	-0.0349855270945	-0.0195832374934	-0.0434695829409	0.0464779400702	-0.0213849882504	-0.0316873763436	-0.0376018320708	0.0139893178569	0.0116020267839	0.00528912203635	0.0204079885052	1.0	-0.0758493023687	0.051595748982	-0.004723289862	-0.0682760360943	-0.00932281516573	0.0297595036328	-0.0563987305513	0.0506943994907	-0.00388685687045	-0.0371812580364	-0.031328741571	-0.0213660481101	-0.0848177962669	0.0176260313681	-0.0588641334934	0.0191599040474	-0.0212867195071	0.0438365639186	-0.033479018063	-0.00449515272831	0.00255541278869	0.0242105948644	0.0418887258288	-0.0296886163816	-0.0304238190826	-0.0225747593809	-0.0289827125154	-0.0127521073484	-0.0554925827937	0.0716141154547	0.0129279260081	0.0147011016588	0.0417081345694	-0.0704490320396	0.0037271414806	0.0331913722903	-0.0135962794017	0.0211958992857	0.0432032212359	0.0270208672226	-0.016456146271	0.00417899916818	-0.0132953150503	0.00401519500311	-0.00919363570009	-0.00229646010958	0.0139026160713
k__Bacteria;p__Bacteroidetes;c__Bacteroidia;o__Bacteroidales;f__Bacteroidaceae;g__Bacteroides;s__Bacteroides_cellulosilyticus	0.0291682386856	-0.00280110052806	0.0198437222693	-0.0281331231618	-0.0158314355268	-0.0134167808578	0.0200320315381	0.0306918554631	-0.000544485058896	0.000121661802272	-0.0105180553637	-0.0758493023687	1.0	-0.0470406616594	-0.0381229514241	-0.00293983314319	0.0101854554056	-0.00933124914404	-0.059231168317	-0.054484125619	0.0120979932778	0.00759209022195	-0.0303244481228	-0.00364428668701	0.0594612029001	0.00300465521353	-0.0637470113887	0.0554654941986	0.00715088192166	0.0108013906272	-0.0313590776817	0.00263430758267	0.0258638538678	0.0177537710029	0.0307384263588	-0.0462912534011	0.0287528427442	-0.0372165620997	0.0246089895207	-0.0774324094539	-0.00544935247088	-0.0655992715137	-0.0012996190558	-0.04020862406	-0.00478829570685	-0.0385852054118	-0.0680481085806	0.0167047220568	-0.0348808392978	-0.00842643312431	-0.0341199872911	0.0456826021983	0.0192989251729	-0.0646993347304	0.0287204888317	-0.00280982361163	0.0152885506252	-0.0659578113633	0.00224719620963
k__Bacteria;p__Bacteroidetes;c__Bacteroidia;o__Bacteroidales;f__Rikenellaceae;g__Alistipes;s__Alistipes_obesi	-0.0534975805112	0.000395010828185	-0.0717166576205	0.0255369324354	-0.017699405849	-0.0246659453355	-0.0578320398792	0.0104690918682	-0.0357479172698	-0.00264661809005	0.0334000011951	0.051595748982	-0.0470406616594	1.0	-0.0797811514619	-0.0126586878197	0.0341249551685	0.034015351318	-0.0122801120784	0.0483332726581	-0.0345929917422	0.0307772057729	0.0317586466993	-0.0278884604205	-0.00854316966391	-0.0343163644487	-0.0438504466279	0.0428746387445	0.0455451986284	-0.0177796329859	0.0389745755431	0.00038853196489	0.000486050021047	-0.048702482728	0.040043283254	0.0991450908312	0.0023134102056	-0.0363579250672	0.037107481945	0.00500486983016	-0.0967247288423	-0.0254535345972	0.000313575039025	-0.00431615119032	0.0514306696638	0.00145525146856	0.0333446501791	-0.096739483638	-0.0523535075245	-0.0253695923004	-0.0252204972235	0.00284989846227	-0.0404137940942	-0.0739972180972	-0.0364463275018	-0.0742820455273	0.0275491676023	-0.0443136037751	-0.0154996588611
k__Bacteria;p__Firmicutes;c__Clostridia;o__Clostridiales;f__Lachnospiraceae;g__;s__[Eubacterium]_rectale	0.0117991177075	-0.101090605034	-0.0258136647128	-0.00839072042358	0.0524411501072	-0.0129455161965	-0.00255175177952	-0.0176931997917	0.0722726293073	-0.0256163155846	-0.04838332339	-0.004723289862	-0.0381229514241	-0.0797811514619	1.0	-0.0400274948572	0.00936371837168	0.0205882881162	-0.00139496666874	0.00474288363097	0.0666171153567	-0.0347716479703	-0.0488786849538	-0.0336380823949	0.027426417255	0.00377616359816	-2.07831978113e-05	0.0158549126707	0.0140134715868	0.0411622093028	-0.00482248298706	-0.0779791548183	-0.0507978404433	0.0224946644535	-0.00867901196711	-0.0614267622366	0.0227238523019	-0.0355296476065	-0.0191042741978	0.0970288502468	-0.02204195231	0.010022244022	-0.00942082388702	-0.0438148582751	-0.0177776732769	-0.0707499814941	-0.0164633051717	0.10067072959	-0.079934273721	-0.00458994889945	-0.0125992519077	-0.0292157822903	0.0336036374984	0.00587253372753	-0.04852276488	0.0589633401074	0.0147375890851	-0.0418253665679	-0.00284336695678
k__Bacteria;p__Bacteroidetes;c__Bacteroidia;o__Bacteroidales;f__Bacteroidaceae;g__Bacteroides;s__Bacteroides_plebeius	0.0159994422179	0.0397998752377	-0.0197490591554	0.00795738521471	-0.0134501213	0.0717912699219	-0.0353886777513	-0.021684423768	0.00392569042854	-0.00948833172972	-0.0336699225651	-0.0682760360943	-0.00293983314319	-0.0126586878197	-0.0400274948572	1.0	0.0506910561227	-0.0396930205506	-0.00106859601098	-0.0281544702813	-0.0198325626007	0.0552702833036	-0.0471392656493	0.00103539911633	0.0194739650531	-0.0105875409249	-0.0121978508839	0.061886691269	-0.0375186404665	-0.00657738342446	0.0425394678274	-0.0581713229324	-0.0294553733959	0.0476757176103	0.0034691655077	0.0318777364623	-0.0729786871245	0.0375388909493	0.0179118256677	-0.133993007506	0.0105370114778	-0.0398595294441	-0.0110590758571	-0.0198481015147	0.0375810650594	0.00151539731555	0.0266138377041	-0.0365908041976	-0.0396304051893	-0.0133270305863	-0.037797777161	-0.0245372608319	-0.0247782131447	0.0464331636733	0.0346627906221	-0.0548296650101	-0.00217003846561	0.0226727113832	0.0783289539432
k__Bacteria;p__Bacteroidetes;c__Bacteroidia;o__Bacteroidales;f__Bacteroidaceae;g__Bacteroides;s__Bacteroides_fragilis	-0.0226512249395	0.00119621822577	0.0204467648313	-0.0438537490222	-0.0306685965247	0.044553160119	0.0149490304923	-0.0103663595515	-0.0106781069503	-0.00295316814049	-0.0304969347602	-0.00932281516573	0.0101854554056	0.0341249551685	0.00936371837168	0.0506910561227	1.0	0.0141095311223	0.00694838220119	0.0727304288852	-0.0234006723389	-0.0101068872287	0.0275858588678	-0.0734186081228	-0.0252761148047	-0.0905183044365	-0.0545771546904	0.0188369889903	0.0459737300773	0.0315388262677	0.0317962210119	-0.0537231430426	-0.068772215185	-0.0540490793037	0.00545952894088	-0.00439056992097	0.00624383855048	0.0447362953027	0.0348255910545	-0.00315469258021	-0.0361020411029	-0.0204489581966	-0.0252964305199	-0.0118779665503	-0.0703253357169	-0.0305179511288	-0.0801546589357	-0.0214367830518	-0.0207786479535	-0.0362403522771	0.0501032090533	-0.05671449423	0.00553738618637	-0.0369729162009	-0.0221640825657	0.0361363839148	-0.0424761448046	-0.00294421006017	-0.0672236862564
k__Bacteria;p__Proteobacteria;c__Betaproteobacteria;o__Burkholderiales;f__Sutterellaceae;g__Sutterella;s__Sutterella_wadsworthensis	-0.0121042496141	-0.00872181199556	-0.0378080973173	0.0399001977642	0.0220723296347	-0.00766869244206	-0.0367828561303	0.0258407178525	-0.0355334130977	-0.0228337077728	-0.0446048867416	0.0297595036328	-0.00933124914404	0.034015351318	0.0205882881162	-0.0396930205506	0.0141095311223	1.0	-0.0268541386745	-0.0847160269976	0.0953690677257	-0.00873448260331	-0.0204655661325	-0.0575814106359	-0.00726181511014	-0.0152282839548	-0.0297881369043	0.0138657203953	0.0113032533076	0.0655741692115	-0.0739735997555	0.0650851919679	0.0133466357373	0.0695823788576	-0.062971201584	-0.0436571762719	0.0178514160823	0.0179585512288	-0.0389072457872	-0.00634877705873	-0.0686040601051	-0.0546914362988	-0.0229305335282	0.00435922535508	0.0125193097383	0.0282464902618	0.00849615037164	0.00830173351181	0.000225542742683	-0.0114170668343	0.060750910733	-0.0560335009103	0.0205437542669	-0.0427957183119	-0.0388749000575	-0.0340402009538	-0.00584847847598	-0.046360868874	-0.044615010766
k__Bacteria;p__Bacteroidetes;c__Bacteroidia;o__Bacteroidales;f__Porphyromonadaceae;g__Barnesiella;s__Barnesiella_intestinihominis	-0.0301867013309	-0.0122570659739	-0.00181770427679	-0.089563487326	-0.0195879380045	-0.0399293618488	-0.0278989064426	-0.00545387313638	0.00712336741852	0.0137187859347	-0.056141972385	-0.0563987305513	-0.059231168317	-0.0122801120784	-0.00139496666874	-0.00106859601098	0.00694838220119	-0.0268541386745	1.0	-0.0518619339511	0.00632774496578	-0.0711099706594	0.045380303992	-0.0443345914924	0.0092792526021	-0.0334965102126	-0.0175801153085	-0.0107648947242	-0.0448145947511	-0.0208449991035	0.0376960561492	0.019447701599	0.00135619819517	-0.0179435664044	0.0467711166215	0.00261305761335	-0.0808528877628	-0.0445649970572	-0.0186677018422	0.0140831382696	0.0604494592618	-0.0264858933865	-0.0258074905241	-0.0013292336941	0.0628235241877	0.0278361270474	0.0446892686201	0.0181201437671	-0.0252060374634	0.0372249657248	-0.0353757409552	0.00556601948888	0.0137019722172	0.027577228006	-0.0706102765019	0.025071911066	-0.045163072109	-0.0825600416687	-0.00140807772501
k__Bacteria;p__Bacteroidetes;c__Bacteroidia;o__Bacteroidales;f__Odoribacteraceae;g__Odoribacter;s__Odoribacter_splanchnicus	0.00982633008379	-0.00871782344591	-0.0104160248539	0.006774276452	-0.0320132104506	0.0264928491961	0.0312577876751	0.021096451295	-0.0587352145098	-0.0585870551561	0.044485265646	0.0506943994907	-0.054484125619	0.0483332726581	0.00474288363097	-0.0281544702813	0.0727304288852	-0.0847160269976	-0.0518619339511	1.0	-0.0515298686482	0.00956707352051	-0.0120956546863	-0.0454348381536	-0.0641563173764	-0.0304007181405	0.0233985915712	-0.0342051521705	0.0118118624423	-0.0111237665931	-0.0516496094102	-0.0184344443413	-0.0422227038645	-0.0178421377655	-0.0464659067828	-0.0114675650236	-0.00127284926438	0.00128522885357	0.0124038555305	-0.00746331358604	-0.0246630873341	0.011112567515	-0.0102147792418	-0.0441278245672	-0.025392631802	0.0129456281996	0.0427086125838	-0.0415406266569	-0.0182867259094	-0.0405074480911	0.0297876508728	0.0431365911184	0.0263676169203	0.0160344364058	0.00204646882182	-0.0258477185651	0.0699906119236	-0.00428678523289	0.0535244506449
k__Bacteria;p__Bacteroidetes;c__Bacteroidia;o__Bacteroidales;f__Bacteroidaceae;g__Bacteroides;s__Bacteroides_salyersiae	-0.00373730446467	-0.0560087678556	-0.0214583222159	-0.0316862971666	-0.015813892578	0.0539403490259	-0.00666765245596	-0.0442634596663	-0.019101766926	-0.0869328646861	-0.0664794959317	-0.00388685687045	0.0120979932778	-0.0345929917422	0.0666171153567	-0.0198325626007	-0.0234006723389	0.0953690677257	0.00632774496578	-0.0515298686482	1.0	-0.0393173126526	0.00903136515061	0.0418727012436	0.016093957574	0.0251924368078	-0.0333270059013	0.0582158853382	-0.0193029155056	-0.00272053625861	-0.0272295114817	-0.067313664974	0.00592775520455	0.0220124776804	0.0295166426084	0.0531328632118	-0.0582107494804	-0.0201035495317	0.0337017565321	-0.0280349054328	0.0033935533017	0.0113848097847	-0.0943292187174	-0.0241846849301	0.00256444328416	0.010066833335	0.000998258291058	-0.011040687282	0.0317146812451	-0.00222208388452	-0.00350585449035	-0.0565852517101	-0.0334449996217	0.024488354341	0.0206207998298	-0.00313261170198	-0.0149175657723	-0.0019590245212	0.0211868649288
k__Bacteria;p__Firmicutes;c__Clostridia;o__Clostridiales;f__Ruminococcaceae;g__Ruminiclostridium;s__[Eubacterium]_siraeum	0.0207153049734	-0.0327652520376	-0.0192831680502	-0.00239347557839	-0.0060453665582	0.0429788006713	0.0191181451272	-0.0166239564226	0.0565033302173	-0.00950870463085	0.0354719541395	-0.0371812580364	0.00759209022195	0.0307772057729	-0.0347716479703	0.0552702833036	-0.0101068872287	-0.00873448260331	-0.0711099706594	0.00956707352051	-0.0393173126526	1.0	-0.00388981608288	0.0374652373331	0.00973491830288	-0.0291926518232	-0.0706879303634	0.0808157442279	0.00589214258345	-0.0572480772752	-0.044724017991	-0.0441802279013	-0.0316555800519	-0.0649266506622	-0.0417072408248	-0.00681463969395	-0.0247590091053	0.00618461844966	0.00326786743433	-0.0114355108419	-0.0215942129377	0.0139802484117	-0.0255473985728	-0.000258483875293	-0.0454242622707	-0.0103450350271	-0.0256881170563	0.00482052522669	0.00554363791905	0.0607829857997	-0.0259184961683	0.0193734763066	-0.000735884867124	0.0557848377578	0.012673332889	-0.00304198638775	0.022969395267	0.0319497346362	0.0249141697573
k__Bacteria;p__Proteobacteria;c__Betaproteobacteria;o__Burkholderiales;f__Sutterellaceae;g__Parasutterella;s__Parasutterella_excrementihominis	-0.00711890681402	0.017494296801	-0.0358471362233	0.0198054861219	0.00377519580077	-0.0199841744385	-0.0933573951136	-0.0054499881137	0.0295250502613	0.0076474044772	-0.00373462211959	-0.031328741571	-0.0303244481228	0.0317586466993	-0.0488786849538	-0.0471392656493	0.0275858588678	-0.0204655661325	0.045380303992	-0.0120956546863	0.00903136515061	-0.00388981608288	1.0	-0.0126744404462	-0.0791199587919	0.00113045363533	0.0430664105451	-0.0556032888408	0.00286699750758	-0.00346599604126	0.037257474911	0.0545814230527	0.0351511213994	0.0175902169906	0.0168628881928	-0.0186633870005	-0.0542065978085	-0.0303917930214	-0.00614477446934	0.015031153801	0.0149499384788	-0.02437276875	-0.0270737852758	0.0306842848941	0.00369058545269	-0.00350008215055	0.0129438320329	0.00663711396768	0.00806376470183	0.035190578267	-0.101845266587	0.0863489072453	-0.0436805369627	-0.00317906901074	-0.0497078202544	-0.0497230271969	-0.0924518554722	-0.00646995900419	-0.0118247378613
k__Bacteria;p__Actinobacteria;c__Actinobacteria;o__Bifidobacteriales;f__Bifidobacteriaceae;g__Bifidobacterium;s__Bifidobacterium_adolescentis	-0.00440952095374	0.021391185192	-0.00646966687021	-0.0589778845001	0.0395279098222	0.0729651438435	-0.0482996228949	0.0341436098428	0.0478762002548	0.0718665053315	-0.0243127273092	-0.0213660481101	-0.00364428668701	-0.0278884604205	-0.0336380823949	0.00103539911633	-0.0734186081228	-0.0575814106359	-0.0443345914924	-0.0454348381536	0.0418727012436	0.0374652373331	-0.0126744404462	1.0	-0.0392847021138	0.0252953634406	-0.028492478918	-0.033499489678	-0.0855313885497	-0.0440062331131	0.0379538554021	0.000204791175679	0.0576990123493	-0.0104473083827	0.0452592737974	0.0148733351502	-0.0188056040335	-0.0570486167233	0.0402257343303	-0.000595926961434	0.0648294593687	0.0256548277386	-0.03264011727	-0.0581982424278	0.0240784222893	-0.073050752381	-0.00778869358083	-0.00730096404331	-0.00317247310775	0.0175520596791	-0.0266680857375	0.00478070090503	-0.0327706226273	-0.033917081222	-0.0225368073391	0.0529316041236	-0.0467317675773	-0.0025279560327	0.0310000847472
k__Bacteria;p__Firmicutes;c__Clostridia;o__Clostridiales;f__Oscillospiraceae;g__Oscillibacter;s__Oscillibacter_sp._KLE_1745	-0.011422389364	-0.0206277267555	0.00596310442609	0.00923909535543	-0.00325066476042	-0.00730558518825	0.0128189890465	-0.00765647655653	-0.035476246708	-0.0277366276617	0.00319756886233	-0.0848177962669	0.0594612029001	-0.00854316966391	0.027426417255	0.0194739650531	-0.0252761148047	-0.00726181511014	0.0092792526021	-0.0641563173764	0.016093957574	0.00973491830288	-0.0791199587919	-0.0392847021138	1.0	-0.0381867379761	-0.00681256580388	0.0317807414101	0.0122902233208	-0.0437373233359	-0.0284708828332	0.0133183152123	-0.000258290548682	-0.0184116756949	-0.0493538289213	-0.01762869114	0.000720687339739	-0.0219546598194	0.0337941410563	-0.0414782765302	0.0365039031702	0.00267365914625	-0.0109797771733	0.0174120857713	-0.0378206004135	-0.00717778649752	-0.0534671981052	-0.0433994013155	-0.0203142084485	-0.00328145177277	0.0130520759236	0.0713721267023	0.00112910886214	0.0288566961079	-0.0297640415911	0.0249110348297	-0.0152561643786	-0.0402939275397	-0.0226411079074
k__Bacteria;p__Bacteroidetes;c__Bacteroidia;o__Bacteroidales;f__Bacteroidaceae;g__Bacteroides;s__Bacteroides_coprophilus	-0.0442874287214	-0.00963886244331	0.0754504992471	-0.0252495097942	-0.00790542140033	0.0080965413043	0.0682117349349	0.0193090031657	0.0128135732667	-0.00570438625167	0.0232635199784	0.0176260313681	0.00300465521353	-0.0343163644487	0.00377616359816	-0.0105875409249	-0.0905183044365	-0.0152282839548	-0.0334965102126	-0.0304007181405	0.0251924368078	-0.0291926518232	0.00113045363533	0.0252953634406	-0.0381867379761	1.0	0.00498398518826	-0.0418725187026	-0.00603638651432	-0.0287754073244	-0.0325679197375	0.0256609938433	0.054315592612	0.0215894579944	0.0228979004577	-0.0373507575236	0.0107838593359	0.030340614782	0.00656112338859	-0.0316518226925	-0.00404641298616	-0.00277044976706	-0.0156125886141	0.0250464260183	-0.0384183256406	0.025041356054	-0.0252120759357	0.089130065818	-0.0383058620675	-0.0325485080105	0.0352463517147	-0.0557002095432	-0.0198730375128	-0.0289790754019	0.00672698615349	-0.0134195417204	-0.0513437514749	0.0171424655046	-0.0257363023277
k__Bacteria;p__Firmicutes;c__Clostridia;o__Clostridiales;f__Lachnospiraceae;g__Roseburia;s__Roseburia_intestinalis	0.0245381691545	0.00218511829369	-0.0984246932555	-0.00270454898615	0.0249813727286	-0.0132334246555	-0.00405614609431	-0.0293620609917	-0.0316608493502	-0.0554250800936	0.0303159002029	-0.0588641334934	-0.0637470113887	-0.0438504466279	-2.07831978113e-05	-0.0121978508839	-0.0545771546904	-0.0297881369043	-0.0175801153085	0.0233985915712	-0.0333270059013	-0.0706879303634	0.0430664105451	-0.028492478918	-0.00681256580388	0.00498398518826	1.0	-0.000259801324483	-0.0190035585303	-0.039577033546	0.00892635843182	-0.0157386663318	-0.00686261875979	-0.0563172178709	-0.0721109981433	-0.0350900992129	0.0316489230953	-0.0407153425979	-0.0287450753531	0.0275860686468	0.0256300241479	-0.0176468358636	0.0846425031559	0.0164526435496	-0.0153495057582	0.0456215445937	0.0117937392171	-0.0171051145167	-0.0303079968602	-0.0305116227777	0.031255499147	-0.0599212476066	0.0767568785775	0.0601476948464	0.012305669732	0.0371704264493	0.00204784113202	-0.0717178809152	-0.0374265780886
k__Bacteria;p__Firmicutes;c__Clostridia;o__Clostridiales;f__Lachnospiraceae;g__Roseburia;s__Roseburia_hominis	-0.0424374022999	0.0299786838614	0.0231658377583	-0.0360311078782	-0.0250511618664	-0.0933573411435	0.00648597667973	0.0012779046955	-0.0478173705826	-0.0266279749281	-0.00765973041196	0.0191599040474	0.0554654941986	0.0428746387445	0.0158549126707	0.061886691269	0.0188369889903	0.0138657203953	-0.0107648947242	-0.0342051521705	0.0582158853382	0.0808157442279	-0.0556032888408	-0.033499489678	0.0317807414101	-0.0418725187026	-0.000259801324483	1.0	-0.0189202175956	0.0521391206983	0.0087904969329	-0.0812535761262	-0.0564517666885	-0.0173202989724	-0.0132349729228	-0.0402076554367	-0.0203716404117	-0.01426749792	0.00921305360806	-0.0297342409094	-0.0269598781907	0.011022133875	-0.0498453070727	-0.00588151576227	-0.0162395440399	0.00408403533668	-0.066415348262	-0.0263961895424	-0.00731253793595	0.0176244099707	0.0637825474931	-0.0546128901953	0.00853170588037	0.0120487928943	-0.0205647022448	-0.0661861317416	0.00561080709627	-0.0584594974972	-0.0544728018942
k__Bacteria;p__Bacteroidetes;c__Bacteroidia;o__Bacteroidales;f__Porphyromonadaceae;g__Parabacteroides;s__Parabacteroides_johnsonii	0.0203770508706	-0.0333348107123	7.15630773848e-05	-0.00523290824925	-0.023044708764	-0.00131809070245	0.0010108572946	-0.0111336580944	-0.061492016127	-0.0210174383998	-0.0126345785443	-0.0212867195071	0.00715088192166	0.0455451986284	0.0140134715868	-0.0375186404665	0.0459737300773	0.0113032533076	-0.0448145947511	0.0118118624423	-0.0193029155056	0.00589214258345	0.00286699750758	-0.0855313885497	0.0122902233208	-0.00603638651432	-0.0190035585303	-0.0189202175956	1.0	-0.00467773374699	-0.0505208032279	-0.0437591034491	-0.0539759115416	-0.0855566685623	-0.0355120091839	0.00761893565411	-0.0599752603743	-0.0239275133377	-0.0160526487947	0.0408231597664	0.00613254851157	0.0269907237318	0.013416293178	-0.0111426762887	0.0379060094611	0.0401960192473	-0.0215150969631	-0.00126285148242	-0.0159698072248	-0.0206740939861	0.0393714294124	-0.0313079754234	0.00996240743079	0.0250916930873	0.0471273588862	-0.0951820881535	-0.0366675051573	0.0202904549572	-0.00633668349661
k__Bacteria;p__Actinobacteria;c__Actinobacteria;o__Bifidobacteriales;f__Bifidobacteriaceae;g__Bifidobacterium;s__Bifidobacterium_longum	0.0584597440504	0.0566236814288	-0.0474571759172	0.0121886472668	-0.0250726772822	0.0324275973085	0.0715031406664	0.0470587117211	0.0123556932763	0.00184681755754	0.00653384100108	0.0438365639186	0.0108013906272	-0.0177796329859	0.0411622093028	-0.00657738342446	0.0315388262677	0.0655741692115	-0.0208449991035	-0.0111237665931	-0.00272053625861	-0.0572480772752	-0.00346599604126	-0.0440062331131	-0.0437373233359	-0.0287754073244	-0.039577033546	0.0521391206983	-0.00467773374699	1.0	0.0212328181324	0.0225479083067	-0.0273603549756	0.0126460899022	-0.0161568842082	-0.0785420378257	-0.0353347253297	-0.0200980808576	-0.0673775812449	-0.0253415923734	0.00526460410256	0.00603575794096	-0.0548545325375	0.0360314153032	0.0444551372884	0.0350797408488	-0.0203408493382	-0.00385618697687	-0.0261417509451	-0.000714770705883	0.0292422321281	-0.0246216201163	0.0341504716349	-0.0277963580589	-0.0254363594091	-0.0205310317831	0.0363809027301	-0.0420116394841	0.0668114929075
