#taxonomy	k__Bacteria;p__Bacteroidetes;c__Bacteroidia;o__Bacteroidales;f__Bacteroidaceae;g__Bacteroides;s__Bacteroides_vulgatus	k__Bacteria;p__Bacteroidetes;c__Bacteroidia;o__Bacteroidales;f__Bacteroidaceae;g__Bacteroides;s__Bacteroides_uniformis	k__Bacteria;p__Bacteroidetes;c__Bacteroidia;o__Bacteroidales;f__Rikenellaceae;g__Alistipes;s__Alistipes_putredinis	k__Bacteria;p__Bacteroidetes;c__Bacteroidia;o__Bacteroidales;f__Prevotellaceae;g__Prevotella;s__Prevotella_copri	k__Bacteria;p__Bacteroidetes;c__Bacteroidia;o__Bacteroidales;f__Bacteroidaceae;g__Bacteroides;s__Bacteroides_stercoris	k__Bacteria;p__Bacteroidetes;c__Bacteroidia;o__Bacteroidales;f__Bacteroidaceae;g__Bacteroides;s__Bacteroides_ovatus	k__Bacteria;p__Bacteroidetes;c__Bacteroidia;o__Bacteroidales;f__Rikenellaceae;g__Alistipes;s__Alistipes_shahii	k__Bacteria;p__Firmicutes;c__Clostridia;o__Clostridiales;f__Ruminococcaceae;g__Faecalibacterium;s__Faecalibacterium_prausnitzii	k__Bacteria;p__Bacteroidetes;c__Bacteroidia;o__Bacteroidales;f__Rikenellaceae;g__Alistipes;s__Alistipes_finegoldii	k__Bacteria;p__Bacteroidetes;c__Bacteroidia;o__Bacteroidales;f__Porphyromonadaceae;g__Parabacteroides;s__Parabacteroides_distasonis	k__Bacteria;p__Bacteroidetes;c__Bacteroidia;o__Bacteroidales;f__Bacteroidaceae;g__Bacteroides;s__Bacteroides_thetaiotaomicron	k__Bacteria;p__Bacteroidetes;c__Bacteroidia;o__Bacteroidales;f__Bacteroidaceae;g__Bacteroides;s__Bacteroides_coprocola	k__Bacteria;p__Bacteroidetes;c__Bacteroidia;o__Bacteroidales;f__Bacteroidaceae;g__Bacteroides;s__Bacteroides_cellulosilyticus	k__Bacteria;p__Bacteroidetes;c__Bacteroidia;o__Bacteroidales;f__Rikenellaceae;g__Alistipes;s__Alistipes_obesi	k__Bacteria;p__Firmicutes;c__Clostridia;o__Clostridiales;f__Lachnospiraceae;g__;s__[Eubacterium]_rectale	k__Bacteria;p__Bacteroidetes;c__Bacteroidia;o__Bacteroidales;f__Bacteroidaceae;g__Bacteroides;s__Bacteroides_plebeius	k__Bacteria;p__Bacteroidetes;c__Bacteroidia;o__Bacteroidales;f__Bacteroidaceae;g__Bacteroides;s__Bacteroides_fragilis	k__Bacteria;p__Proteobacteria;c__Betaproteobacteria;o__Burkholderiales;f__Sutterellaceae;g__Sutterella;s__Sutterella_wadsworthensis	k__Bacteria;p__Bacteroidetes;c__Bacteroidia;o__Bacteroidales;f__Porphyromonadaceae;g__Barnesiella;s__Barnesiella_intestinihominis	k__Bacteria;p__Bacteroidetes;c__Bacteroidia;o__Bacteroidales;f__Odoribacteraceae;g__Odoribacter;s__Odoribacter_splanchnicus	k__Bacteria;p__Bacteroidetes;c__Bacteroidia;o__Bacteroidales;f__Bacteroidaceae;g__Bacteroides;s__Bacteroides_salyersiae	k__Bacteria;p__Firmicutes;c__Clostridia;o__Clostridiales;f__Ruminococcaceae;g__Ruminiclostridium;s__[Eubacterium]_siraeum	k__Bacteria;p__Proteobacteria;c__Betaproteobacteria;o__Burkholderiales;f__Sutterellaceae;g__Parasutterella;s__Parasutterella_excrementihominis	k__Bacteria;p__Actinobacteria;c__Actinobacteria;o__Bifidobacteriales;f__Bifidobacteriaceae;g__Bifidobacterium;s__Bifidobacterium_adolescentis	k__Bacteria;p__Firmicutes;c__Clostridia;o__Clostridiales;f__Oscillospiraceae;g__Oscillibacter;s__Oscillibacter_sp._KLE_1745	k__Bacteria;p__Bacteroidetes;c__Bacteroidia;o__Bacteroidales;f__Bacteroidaceae;g__Bacteroides;s__Bacteroides_coprophilus	k__Bacteria;p__Firmicutes;c__Clostridia;o__Clostridiales;f__Lachnospiraceae;g__Roseburia;s__Roseburia_intestinalis	k__Bacteria;p__Firmicutes;c__Clostridia;o__Clostridiales;f__Lachnospiraceae;g__Roseburia;s__Roseburia_hominis	k__Bacteria;p__Bacteroidetes;c__Bacteroidia;o__Bacteroidales;f__Porphyromonadaceae;g__Parabacteroides;s__Parabacteroides_johnsonii	k__Bacteria;p__Actinobacteria;c__Actinobacteria;o__Bifidobacteriales;f__Bifidobacteriaceae;g__Bifidobacterium;s__Bifidobacterium_longum	k__Bacteria;p__Firmicutes;c__Clostridia;o__Clostridiales;f__;g__Flavonifractor;s__Flavonifractor_plautii	k__Bacteria;p__Firmicutes;c__Clostridia;o__Clostridiales;f__Clostridiaceae;g__Clostridium;s__Clostridium_phoceensis	k__Bacteria;p__Verrucomicrobia;c__Verrucomicrobiae;o__Verrucomicrobiales;f__Akkermansiaceae;g__Akkermansia;s__Akkermansia_muciniphila	k__Bacteria;p__Bacteroidetes;c__Bacteroidia;o__Bacteroidales;f__Prevotellaceae;g__Paraprevotella;s__Paraprevotella_xylaniphila	k__Bacteria;p__Firmicutes;c__Clostridia;o__Clostridiales;f__Ruminococcaceae;g__Ruminococcus;s__Ruminococcus_callidus	k__Bacteria;p__Bacteroidetes;c__Bacteroidia;o__Bacteroidales;f__Rikenellaceae;g__Alistipes;s__Alistipes_senegalensis	k__Bacteria;p__Firmicutes;c__Clostridia;o__Clostridiales;f__Lachnospiraceae;g__Blautia;s__Blautia_sp._KLE_1732	k__Bacteria;p__Bacteroidetes;c__Bacteroidia;o__Bacteroidales;f__Bacteroidaceae;g__Bacteroides;s__Bacteroides_oleiciplenus	k__Bacteria;p__Firmicutes;c__Clostridia;o__Clostridiales;f__Ruminococcaceae;g__Ruminococcus;s__Ruminococcus_bicirculans	k__Bacteria;p__Bacteroidetes;c__Bacteroidia;o__Bacteroidales;f__Bacteroidaceae;g__Bacteroides;s__Bacteroides_fluxus	k__Bacteria;p__Bacteroidetes;c__Bacteroidia;o__Bacteroidales;f__Prevotellaceae;g__Prevotella;s__Prevotella_stercorea	k__Bacteria;p__Firmicutes;c__Clostridia;o__Clostridiales;f__Lachnospiraceae;g__Dorea;s__Dorea_longicatena	k__Bacteria;p__Firmicutes;c__Clostridia;o__Clostridiales;f__Eubacteriaceae;g__Eubacterium;s__[Eubacterium]_eligens	k__Bacteria;p__Firmicutes;c__Clostridia;o__Clostridiales;f__Ruminococcaceae;g__;s__Ruminococcaceae_bacterium_D16	k__Bacteria;p__Firmicutes;c__Clostridia;o__Clostridiales;f__Lachnospiraceae;g__Coprococcus;s__Coprococcus_comes	k__Bacteria;p__Proteobacteria;c__Gammaproteobacteria;o__Enterobacterales;f__Enterobacteriaceae;g__Escherichia;s__Escherichia_coli	k__Bacteria;p__Firmicutes;c__Clostridia;o__Clostridiales;f__Ruminococcaceae;g__Anaerotruncus;s__Anaerotruncus_colihominis	k__Bacteria;p__Firmicutes;c__Clostridia;o__Clostridiales;f__Lachnospiraceae;g__Blautia;s__Blautia_obeum	k__Bacteria;p__Bacteroidetes;c__Bacteroidia;o__Bacteroidales;f__Odoribacteraceae;g__Odoribacter;s__Odoribacter_laneus	k__Bacteria;p__Firmicutes;c__Clostridia;o__Clostridiales;f__Ruminococcaceae;g__Ruminiclostridium;s__[Clostridium]_leptum	k__Bacteria;p__Bacteroidetes;c__Bacteroidia;o__Bacteroidales;f__Porphyromonadaceae;g__Parabacteroides;s__Parabacteroides_goldsteinii	k__Bacteria;p__Firmicutes;c__Clostridia;o__Clostridiales;f__Lachnospiraceae;g__Anaerostipes;s__Anaerostipes_hadrus	k__Bacteria;p__Firmicutes;c__Clostridia;o__Clostridiales;f__Ruminococcaceae;g__Ruminococcus;s__Ruminococcus_lactaris	k__Bacteria;p__Firmicutes;c__Clostridia;o__Clostridiales;f__Clostridiaceae;g__Clostridium;s__Clostridium_sp._L2-50	k__Bacteria;p__Firmicutes;c__Clostridia;o__Clostridiales;f__Clostridiaceae;g__Clostridium;s__Clostridium_sp._M62/1	k__Bacteria;p__Firmicutes;c__Clostridia;o__Clostridiales;f__;g__Intestinimonas;s__Intestinimonas_butyriciproducens	k__Bacteria;p__Actinobacteria;c__Actinobacteria;o__Bifidobacteriales;f__Bifidobacteriaceae;g__Bifidobacterium;s__Bifidobacterium_bifidum	k__Bacteria;p__Firmicutes;c__Negativicutes;o__Veillonellales;f__Veillonellaceae;g__Dialister;s__Dialister_invisus	k__Bacteria;p__Bacteroidetes;c__Bacteroidia;o__Bacteroidales;f__Bacteroidaceae;g__Bacteroides;s__Bacteroides_salanitronis
k__Bacteria;p__Bacteroidetes;c__Bacteroidia;o__Bacteroidales;f__Bacteroidaceae;g__Bacteroides;s__Bacteroides_vulgatus	1.0	-0.0340236088556	0.0244967900089	0.012899664434	-0.0584939557245	0.0263031384641	-0.0180071692284	-0.0231531307789	-0.0294520250202	-0.0013299632741	-0.03371749521	0.0250029494147	-0.0263943689004	0.0501903596058	-0.0524745671203	0.0378883824955	-0.0426473525141	-0.00840036096778	-0.0184719612205	0.0100871411367	-0.128128339833	0.0024907847844	0.0113558900345	0.00779316036548	-0.0473030905018	0.0151064241023	0.0253082335699	-0.0105183493785	0.0199655465793	-0.0177489289257	-0.0622117531207	0.00231791078735	0.0243484873976	0.0962525493068	4.68317319102e-05	-0.0164789436136	-0.00104786031526	-0.00393841233962	-0.0261131111733	0.024691291239	0.00798423203288	-0.00457889765201	0.0535662825171	-0.00248915797251	-0.0620223223093	0.0077982946931	-0.0422698404051	-0.00488105708394	0.00819529208107	0.0291716421779	-0.0116666256539	-0.0294446589842	0.0103219168471	0.0469204918843	-0.00262008748133	0.0228080100273	-0.0319858239799	0.0135680059551	-0.0233931756679
k__Bacteria;p__Bacteroidetes;c__Bacteroidia;o__Bacteroidales;f__Bacteroidaceae;g__Bacteroides;s__Bacteroides_uniformis	-0.0340236088556	1.0	-0.00848663556137	-0.0259182636295	0.0158027124945	-0.0246866356031	-0.00760243511562	-0.00941403042897	-0.0307544280156	-0.00984184770588	-0.0159832151323	0.0426558017938	0.0249228697802	0.0134852357074	-0.0347603002327	0.0140532099667	-0.0165673674505	-0.00135176397552	-0.0134913091988	-0.00930841189877	-0.0692841322268	-0.0260355284513	0.0470120724149	0.0834950761298	-0.00349522132788	-0.0294638379024	-0.0247204338826	-0.0595769471082	-0.00490131280872	-0.00389847744772	0.0497177586683	-0.0800648529186	-0.0431160569747	-0.00327945794956	0.00380056504382	-0.00424603652038	0.00517310086845	0.00322933301672	-0.0179161268693	0.00954155486933	-0.0063122403202	-0.0166565095566	0.0193670495904	0.0276118482615	-0.0183351898955	-0.00277557578153	0.0641563465049	-0.0318919556016	0.0246825069248	0.0192218204096	-0.0315692850534	0.0322414376248	0.032984837575	0.0341417815619	-0.0515242389708	-0.0816237611191	-0.024713669785	-0.0268247179123	0.0305817723257
k__Bacteria;p__Bacteroidetes;c__Bacteroidia;o__Bacteroidales;f__Rikenellaceae;g__Alistipes;s__Alistipes_putredinis	0.0244967900089	-0.00848663556137	1.0	-0.0150913509914	-0.0155195770583	-0.0197502849084	0.0339129506348	0.00488331729581	0.0555419319362	-0.00934639913374	0.0260715896008	0.018170335125	0.046530241987	-0.0384768209771	-0.0609507073031	-0.0121066306245	-0.025620067165	0.00160599308644	0.00525800180867	-0.00302486799709	-0.00417426756237	-0.0343890544406	0.0369553575233	-0.0308684805376	-0.0396411660129	-0.0262269064079	-0.0603415821979	-0.0128525628624	-0.0081703938709	-0.0109623009479	0.0346581985068	-0.0291059134336	-0.061356271587	-0.0015399229718	0.030906491194	-0.054340940942	0.0149194942962	0.0091902614442	-0.0546192461502	-0.00170463858652	0.0291339116825	0.0186617004125	0.0165206493395	0.00927166762123	-0.0310961053235	-0.0620311545052	0.0181103293905	0.0670637279126	-0.0607113017387	-0.00925970571941	-0.00705476982672	0.0447471505401	-0.0293951494718	-0.053006626685	-0.0175545401956	-0.0850482122234	-0.0161230044531	-0.0077660377355	-0.0203295843918
k__Bacteria;p__Bacteroidetes;c__Bacteroidia;o__Bacteroidales;f__Prevotellaceae;g__Prevotella;s__Prevotella_copri	0.012899664434	-0.0259182636295	-0.0150913509914	1.0	-0.0243482427256	-0.0728521551342	-0.063537820575	-0.0358219589119	0.0139083244463	0.0596353527505	-0.0520525416267	0.00449670756605	-0.0294835966795	0.0230448778763	-0.0195619506817	-0.0334306101891	0.0291923937115	-0.070525623905	0.00641169803255	-0.0227452516938	-0.0425211226229	0.0303349268795	-0.0700472408556	0.0358289622447	-0.0118234211424	-0.0134790966468	0.0193739020213	0.0254463654248	-0.0320281624171	-0.012491409982	-0.0130008116316	-0.000469465833679	0.00295788107279	-0.040325195647	0.0311176283487	0.0560457299448	-0.00396985106886	-0.0183601641813	-0.0704240372625	-0.00131579530867	0.0285297164338	-0.0375119535081	0.0386567122776	-0.0247106434766	0.00400604148019	-0.055767352427	-0.00121687377687	-0.0190485821311	0.0440667338164	0.0859990899562	-0.00743253387805	0.038022084411	-0.0611943217812	-0.0489639669774	-0.0296191972901	-0.0445188891527	0.00579307411214	-0.0798552141924	-0.0459503587529
k__Bacteria;p__Bacteroidetes;c__Bacteroidia;o__Bacteroidales;f__Bacteroidaceae;g__Bacteroides;s__Bacteroides_stercoris	-0.0584939557245	0.0158027124945	-0.0155195770583	-0.0243482427256	1.0	0.0621954447927	-0.0256697211615	-0.00367183777355	-0.0607779022523	-0.0203453601799	-0.000615531531426	-0.109330910873	-0.0481962199579	-0.0154385893992	0.0136596293105	0.0319130005267	-0.0107478484812	-0.0507309772393	0.0051480585209	-0.0180715657871	0.0230237175034	0.0735417194131	0.0351767016154	0.0064254807791	-0.0246444167924	0.00392979941869	-0.0439689191168	0.0276761949188	-0.0769462632675	0.00429664796022	-0.0275290925521	-0.0455697282329	-0.001765345806	-0.015418221891	-0.014482758782	0.0248072310856	-0.0161245878501	0.0097734998794	-0.0646894257633	-0.0229268480078	0.0286703273198	-0.0456744403776	-0.0215523561868	-0.0348949830961	0.0224411035267	0.0290969972656	-0.0175550616764	-0.0110460875382	-0.00903384062898	-0.0474079976974	-0.00218179924628	-0.0245251117283	-0.0580817913647	-0.0186525577251	0.0232739720194	-0.0316961278353	-0.0287121150443	0.000980799802449	0.0369762882978
k__Bacteria;p__Bacteroidetes;c__Bacteroidia;o__Bacteroidales;f__Bacteroidaceae;g__Bacteroides;s__Bacteroides_ovatus	0.0263031384641	-0.0246866356031	-0.0197502849084	-0.0728521551342	0.0621954447927	1.0	-0.131542799663	-0.0164791927683	0.0180644356085	0.00601811100652	-0.0224610475026	0.0177749968519	0.0285881622175	0.012512838172	0.0197968388537	0.0440202755709	-0.00652593941215	-0.0352567512395	-0.0160336537845	-0.0267387929179	-0.00318089230793	0.0328815917617	-0.0470115325729	-0.0356299753738	-0.0274975408248	0.0990506599946	-0.0151569099379	-0.0195321928588	0.00991232192816	0.0654553763641	0.00765637175755	-0.0485661607149	-0.085917662466	0.113339086948	0.0121316715181	0.00815729768291	-0.00285179631977	-0.0043665274176	-0.0470550275731	-0.0245364025303	-0.0544576477361	-0.0734954050737	0.0908690568554	0.0436005182153	0.0435389197893	0.0114722713841	0.00298843580291	0.0204889988143	-0.00853389013081	-0.063118691809	0.0213341965165	-0.0372479764189	-0.0185703290586	-0.0152108991657	-0.0136522760653	-0.0237263760908	0.103712898142	-0.00659145497501	-0.0570492853974
k__Bacteria;p__Bacteroidetes;c__Bacteroidia;o__Bacteroidales;f__Rikenellaceae;g__Alistipes;s__Alistipes_shahii	-0.0180071692284	-0.00760243511562	0.0339129506348	-0.063537820575	-0.0256697211615	-0.131542799663	1.0	0.0138679867867	0.0228852895246	-0.0449068761152	0.00974715026952	-0.0112427149723	-0.0340078807267	-0.0234181142381	0.0776598241058	-0.0446452073639	-0.00126197139248	0.0349544263296	-0.0350634017621	0.0113093859253	-0.0357800115896	-0.0293553793428	0.0600171749546	0.0505351513849	0.0480386097453	-0.0335246979345	-0.0483254614875	-0.0941410398363	0.00010715900742	-0.0296600128308	0.0701667691691	-0.0423698225271	-0.0356855111624	-0.00955122133674	0.078020830226	-0.0166320616733	-0.0218543352695	-0.0776275343911	-0.00774376334901	0.0268594793183	-0.0165322123377	0.0121662859925	-0.0599043921933	-0.03182149169	-0.0127534369096	-0.0378279108843	-0.000698689179155	-0.0717503483748	-0.0960677730954	-0.0285462022524	-0.029907229652	0.0153249020227	-0.0238195612477	-0.048630829513	-0.0210893355823	-0.0164380465569	-0.0522074837556	-0.0438400184435	-0.0247561238687
k__Bacteria;p__Firmicutes;c__Clostridia;o__Clostridiales;f__Ruminococcaceae;g__Faecalibacterium;s__Faecalibacterium_prausnitzii	-0.0231531307789	-0.00941403042897	0.00488331729581	-0.0358219589119	-0.00367183777355	-0.0164791927683	0.0138679867867	1.0	-0.089513413882	-0.03970152148	-0.000653547425329	0.036595052502	-0.000670212318234	0.0275277253632	-0.0565117255713	0.0675073039043	0.0102726116265	0.0367618892672	0.0181038578185	-0.0406536969383	-0.061671574188	-0.0272531567182	0.0623441953152	-0.0430441020892	0.00428072381207	-0.0265966272164	-0.00685810413354	-0.0808680312558	0.0663158113301	-0.0371721533889	-0.0667450210515	0.0347338224968	-0.00665032999175	-0.0607513760686	-0.0256167062691	-0.0114710323477	-0.0347447253064	-0.0304098598445	-0.00816670880662	0.0380748888591	0.0266872323108	0.00302351739763	0.00786096530066	-0.0280598179813	0.0207022697765	0.0758186310598	0.0121687021147	-0.0199378613355	0.0138527510066	0.00377828787394	0.0346002258556	-0.0279553874538	-0.0860053705773	0.0397272106392	-0.0255467296784	-0.0972284600705	-0.0303787316004	0.0236005852047	-0.0200864899331
k__Bacteria;p__Bacteroidetes;c__Bacteroidia;o__Bacteroidales;f__Rikenellaceae;g__Alistipes;s__Alistipes_finegoldii	-0.0294520250202	-0.0307544280156	0.0555419319362	0.0139083244463	-0.0607779022523	0.0180644356085	0.0228852895246	-0.089513413882	1.0	0.0164612167925	0.0281383106829	-0.0151654120579	-0.00328840797629	0.0284420453835	-0.0330917189719	-0.0127584107744	0.00937139687446	-0.0281317163076	0.0369716673119	-0.0788888360866	0.0302958482008	-0.0253216936574	-0.0505585451453	0.0104806258256	-0.026348197827	-0.0699434493212	0.00280874443384	0.0311685251013	-0.0410509144369	0.00168847587087	0.00103634773945	0.0376677251705	0.0126715517586	-0.0944679658885	0.0898400690178	0.0337693797064	-0.000297803223584	0.0216168275929	0.0278034851997	-0.00105552596294	0.00350562280788	-0.0195939892519	0.0035607307272	-0.0461094178467	-0.0666219498207	0.0343729078029	-0.0533264839555	-0.0271552509531	-0.0126617356999	0.0517023764066	0.0305270331826	-0.0052607572872	0.00629567393044	0.02646309217	0.0490384497998	-0.0582988076896	0.0274231752706	-0.0263006107216	-0.00462598327297
k__Bacteria;p__Bacteroidetes;c__Bacteroidia;o__Bacteroidales;f__Porphyromonadaceae;g__Parabacteroides;s__Parabacteroides_distasonis	-0.0013299632741	-0.00984184770588	-0.00934639913374	0.0596353527505	-0.0203453601799	0.00601811100652	-0.0449068761152	-0.03970152148	0.0164612167925	1.0	0.0442065963246	-0.0108630323938	0.00647884404394	0.0248199835409	-0.0703955761457	-0.00907427828261	0.0375222236288	0.0407249530623	0.00405329807908	0.0154399322413	0.024509467504	0.0242920849869	-0.0569576057223	-0.0642282692266	-0.0156393113392	0.0477568699836	-0.00215637616468	-0.0494929869641	0.0210951713288	-0.103095287126	-0.0127447614347	-0.022648530092	-0.00159836496272	-0.00892838104229	-0.0159293120644	0.00411779766448	-0.0305135230953	0.0557975690274	0.0655490767193	-0.00370405163884	-0.0368328817936	-0.00705325834911	-0.0502279046176	0.00551958698848	0.0156916723303	-0.00119081680967	0.0216862668519	-0.0108446292406	-0.0289976314787	0.0233432182698	-0.0163994972692	-0.0643161701386	0.00589907931711	0.011755156881	0.00921309188002	-0.0218001225737	0.0287362542341	-0.0471421446833	0.0334553142643
k__Bacteria;p__Bacteroidetes;c__Bacteroidia;o__Bacteroidales;f__Bacteroidaceae;g__Bacteroides;s__Bacteroides_thetaiotaomicron	-0.03371749521	-0.0159832151323	0.0260715896008	-0.0520525416267	-0.000615531531426	-0.0224610475026	0.00974715026952	-0.000653547425329	0.0281383106829	0.0442065963246	1.0	-0.0273230485869	-0.0236143927614	0.051210520067	-0.0301955794761	0.0488484063852	-0.0672427266683	-0.0148888157598	0.00284883841774	0.0250335998879	0.00459108696302	-0.00553715308792	-0.0364545834531	-0.0126812752977	0.0219279616653	0.00281374798689	0.00995589276633	-0.0338661995701	-0.0325855733487	-0.00585861370972	-0.0621027958433	-0.0226404806748	-0.0411104823782	-0.0509980428624	0.0207568159564	-0.000722934296874	-0.032584320623	-0.025214669823	-0.00984756190007	-0.0357192341549	0.0064006240966	0.0176038219122	-0.0474230492536	0.00215245149161	-0.033121797553	0.0472201405314	-0.0263352129488	-0.00206356621361	-0.00841729702962	0.011487574108	-0.0216672353119	0.00789792974641	-0.0970165254891	0.0657548458947	-0.05737912715	-0.0383725792912	0.0781569977206	-0.0674486882462	-0.0249400828956
k__Bacteria;p__Bacteroidetes;c__Bacteroidia;o__Bacteroidales;f__Bacteroidaceae;g__Bacteroides;s__Bacteroides_coprocola	0.0250029494147	0.0426558017938	0.018170335125	0.00449670756605	-0.109330910873	0.0177749968519	-0.0112427149723	0.036595052502	-0.0151654120579	-0.0108630323938	-0.0273230485869	1.0	0.047105149893	-0.0305267531096	0.036214575464	-0.0592974365229	-0.0021177090841	-0.0764383934897	0.0341115556803	-0.0288353553875	0.0526207904246	-0.0174905838871	0.0103321965773	-0.00349564720633	-0.00964002199578	-0.0322573559305	0.00627566499059	-0.0273029558196	0.0245060388349	-0.037637177759	-0.0541093673779	0.0732864266175	-0.0374023215394	-0.0307290202721	-0.0324493018288	-0.0684359378125	0.0120076748153	0.0119545944724	-0.00152653435327	-0.00477179980599	-0.0460197307294	-0.0351396391503	-0.0123907833216	-0.0407643653505	-0.00828122823974	-0.00922179503733	-0.0109809936065	-0.0253951736456	-0.0033852788061	-0.0194487325513	0.0130117220472	-0.0222772049765	0.0392884809683	-0.0137265539055	0.0784875242289	-0.0290728856826	-0.0418300757508	0.0191262014758	0.0750138541311
k__Bacteria;p__Bacteroidetes;c__Bacteroidia;o__Bacteroidales;f__Bacteroidaceae;g__Bacteroides;s__Bacteroides_cellulosilyticus	-0.0263943689004	0.0249228697802	0.046530241987	-0.0294835966795	-0.0481962199579	0.0285881622175	-0.0340078807267	-0.000670212318234	-0.00328840797629	0.00647884404394	-0.0236143927614	0.047105149893	1.0	-0.0166922377826	-0.00390177267559	-0.0498329952451	0.00829047560389	-0.0505287914096	-0.02235012265	0.0486222636585	0.0220040682037	-0.0180870728067	-0.042876813986	-0.0364792152231	-0.0891122298414	-0.019869069536	-0.0261297698153	0.0186900300073	-0.0140799111685	-0.0493980474299	0.0223260659491	0.0741452374131	-0.0351896701912	-0.00737764086445	-0.00169098979879	0.00457130017126	-0.0131614715452	-0.00734419238634	0.0190177008313	-0.0170956558209	-0.0660648012201	-0.0781848589355	0.0341785523386	-0.00141266635202	-0.0610073916471	-0.00237745876782	0.0498805229357	0.0175489178508	0.00225889245377	-0.0463149827373	-0.0151212755939	0.00915065653543	-0.0112714227395	-0.0298967797434	0.0379866482212	0.00618050422755	0.0335988037625	-0.0106896508018	-0.0173338389284
k__Bacteria;p__Bacteroidetes;c__Bacteroidia;o__Bacteroidales;f__Rikenellaceae;g__Alistipes;s__Alistipes_obesi	0.0501903596058	0.0134852357074	-0.0384768209771	0.0230448778763	-0.0154385893992	0.012512838172	-0.0234181142381	0.0275277253632	0.0284420453835	0.0248199835409	0.051210520067	-0.0305267531096	-0.0166922377826	1.0	0.0135631795175	0.0438322822047	-0.00921583009671	0.0041184929568	-0.00774398016533	-0.00829082264248	-0.0302755587673	-0.0599266362764	-0.069512399767	-0.0305543376015	0.0198976741283	0.0159102888066	0.00587006170717	-0.0151045042261	0.00880777860123	0.00264142583123	0.015397114496	0.0108775436131	0.0267813110295	0.00149943506153	-0.0516963500258	-0.0913262616571	0.0234940415342	-0.0470896992595	-0.0231263739448	-0.00588958601953	-0.0515690151689	-0.0444197469508	-0.0252232803769	-0.0666719720196	-0.0266042365516	-0.032546643907	-0.0719661916136	0.0226163197419	0.0362722340702	-0.0581857630258	-0.0497044757963	-0.0356729746452	0.00664594406824	-0.0271062966826	-0.072874137521	0.0638202060264	-0.0365833683746	-0.00629249585546	-0.0100890059055
k__Bacteria;p__Firmicutes;c__Clostridia;o__Clostridiales;f__Lachnospiraceae;g__;s__[Eubacterium]_rectale	-0.0524745671203	-0.0347603002327	-0.0609507073031	-0.0195619506817	0.0136596293105	0.0197968388537	0.0776598241058	-0.0565117255713	-0.0330917189719	-0.0703955761457	-0.0301955794761	0.036214575464	-0.00390177267559	0.0135631795175	1.0	-0.0274244812908	-0.0234469339377	0.0446600745837	-0.0175472533376	0.055881502178	-0.0534127215489	-0.0224767141829	0.0096600763591	-0.0367629783306	-0.00116272283454	-0.0138429483735	0.0123037017787	-0.0288471211291	0.0741974865754	0.0476496119515	-0.0816947075313	-0.0265446711914	0.00092660668485	-0.0623395780981	0.08710262386	0.0119533023308	0.0307406414996	-0.0533645408824	0.00507986366363	-0.050805270604	-0.00732712844953	0.0215400518487	0.0405966905766	0.0157838326661	-0.0592957210473	0.00311602222203	-0.0621181442293	-0.0552610304505	-0.0264894837205	-0.0431649283863	-0.0561096986881	-0.0156139623761	0.06588170691	-0.0298451016919	-0.0490514002005	-0.0285817727944	-0.00065469550954	0.0351587834869	0.0332725739325
k__Bacteria;p__Bacteroidetes;c__Bacteroidia;o__Bacteroidales;f__Bacteroidaceae;g__Bacteroides;s__Bacteroides_plebeius	0.0378883824955	0.0140532099667	-0.0121066306245	-0.0334306101891	0.0319130005267	0.0440202755709	-0.0446452073639	0.0675073039043	-0.0127584107744	-0.00907427828261	0.0488484063852	-0.0592974365229	-0.0498329952451	0.0438322822047	-0.0274244812908	1.0	0.0174535449175	0.00111370527699	-0.0260646477572	-0.0596355773595	0.0130691468746	0.0501861927621	0.0453172789667	-0.0346009320587	-0.0040978848076	-0.0585949269958	-0.0658711073951	-0.00524789681951	-0.0288535720215	-0.0238257078378	-0.0108852781153	-0.115676337737	0.0212870416403	-0.0558771295245	-0.0289366908803	0.0427518560596	0.028486299818	0.021943056991	-0.00881273646756	-0.0327817062483	0.0314157818743	-0.0224702268243	-0.0209036054116	-0.0174107273198	-0.0248080205518	-0.02431934881	-0.0315445850746	-0.00565003429359	-0.0017855745019	-0.0512513387875	-0.0336984840903	0.00831245058371	-0.0021263678591	-0.0131604831761	-0.0710282092514	0.0210206823371	-0.0266890227656	0.0175972415861	-0.0331834975319
k__Bacteria;p__Bacteroidetes;c__Bacteroidia;o__Bacteroidales;f__Bacteroidaceae;g__Bacteroides;s__Bacteroides_fragilis	-0.0426473525141	-0.0165673674505	-0.025620067165	0.0291923937115	-0.0107478484812	-0.00652593941215	-0.00126197139248	0.0102726116265	0.00937139687446	0.0375222236288	-0.0672427266683	-0.0021177090841	0.00829047560389	-0.00921583009671	-0.0234469339377	0.0174535449175	1.0	0.0156719008531	-0.0164469387285	0.0238043866798	-0.0189086993648	-0.0477076738055	-0.0317413109253	0.0245679032381	0.0101540832307	-0.0358887302521	-0.0146142589851	-0.0222091399168	-0.02300158738	-0.0283301475791	0.00134774775891	0.0151510159202	-0.0479120175058	-0.0519320156716	-0.0209727112019	0.0207517911971	-0.0119332281653	0.00123241590875	0.0211669223127	0.0278847594344	-0.0578361738351	0.0337688917813	0.0206381773669	-0.00686102171348	0.0138774263225	-0.00341854181105	-0.019752080014	-0.0386457451748	0.0170746340942	-0.00750407907289	-0.00129229451587	0.0049245929593	-0.0350902025092	0.0569005956607	-0.00358909353467	-0.00833339248668	0.063613163587	0.0213941922265	-0.0151202662078
k__Bacteria;p__Proteobacteria;c__Betaproteobacteria;o__Burkholderiales;f__Sutterellaceae;g__Sutterella;s__Sutterella_wadsworthensis	-0.00840036096778	-0.00135176397552	0.00160599308644	-0.070525623905	-0.0507309772393	-0.0352567512395	0.0349544263296	0.0367618892672	-0.0281317163076	0.0407249530623	-0.0148888157598	-0.0764383934897	-0.0505287914096	0.0041184929568	0.0446600745837	0.00111370527699	0.0156719008531	1.0	-0.0309101603558	-0.0685963303327	-0.0412186582875	-0.0589838163601	-0.0311113468127	-0.0364906469078	0.0258696208838	-0.0334787402982	0.0354102863997	-0.0300713953121	-0.0543299602089	0.0194251894516	-0.0471458116248	0.0737252838476	0.00456489030435	-0.00600970493219	0.00544127211391	0.00179116240466	0.0287455653724	-0.0523562078	-0.0284546536609	0.0382009216927	-0.0606485735196	0.0300299566478	0.0252182452107	0.0467014402788	0.0203716391559	-0.0182139897611	-0.0541228448605	-0.0184338733715	0.0461447157864	0.0273713466603	0.0434975624706	0.0353223850983	-0.0521174849806	-0.0471979671669	-0.0257914922658	0.0225876708625	-0.00768094244707	-0.0224502336426	-0.0126047627778
k__Bacteria;p__Bacteroidetes;c__Bacteroidia;o__Bacteroidales;f__Porphyromonadaceae;g__Barnesiella;s__Barnesiella_intestinihominis	-0.0184719612205	-0.0134913091988	0.00525800180867	0.00641169803255	0.0051480585209	-0.0160336537845	-0.0350634017621	0.0181038578185	0.0369716673119	0.00405329807908	0.00284883841774	0.0341115556803	-0.02235012265	-0.00774398016533	-0.0175472533376	-0.0260646477572	-0.0164469387285	-0.0309101603558	1.0	0.0374859370803	-0.00529304913552	-0.0312694077553	-0.00332004785908	0.00324770354466	-0.0150799393553	-0.00457674653275	0.0254946579857	-0.0136004907998	0.0104762720264	-0.0119420411302	-0.0666327503027	0.0598278870281	-0.0157632693721	-0.00535284984056	-0.0753773032803	-0.0119102304582	-0.062300636095	0.0149279255755	0.0380463397071	0.053306308295	-0.0165794873481	0.0170914625378	0.0265445716811	0.00663972091061	-0.0246880980858	0.0418477503583	0.000239242110085	-0.0233893737699	-0.00413163250582	-0.0791129514261	-0.0365849611146	-0.0279916988702	-0.0135124697252	0.0148911689207	0.00557857548475	-0.0661102920356	0.0300026385075	0.00665524982469	-0.00170484109379
k__Bacteria;p__Bacteroidetes;c__Bacteroidia;o__Bacteroidales;f__Odoribacteraceae;g__Odoribacter;s__Odoribacter_splanchnicus	0.0100871411367	-0.00930841189877	-0.00302486799709	-0.0227452516938	-0.0180715657871	-0.0267387929179	0.0113093859253	-0.0406536969383	-0.0788888360866	0.0154399322413	0.0250335998879	-0.0288353553875	0.0486222636585	-0.00829082264248	0.055881502178	-0.0596355773595	0.0238043866798	-0.0685963303327	0.0374859370803	1.0	-0.0382641071951	0.0199487620894	-0.000860530430445	-0.020003389206	0.017965015185	0.00497939652183	-0.0651321005778	0.00586686205644	0.0239434174806	0.045898098895	-0.011331199381	0.00462813409242	-0.00908021185641	-0.0608186402625	-0.00512833327293	0.00542462277603	-0.0281293805454	-0.027084199733	-0.0305485901619	-0.0343809859197	-0.043506203882	-0.0362812219988	-0.0290119172356	-0.0473185295134	-0.085848289773	-0.0673394603207	-0.0256312439396	-0.0100077914215	-0.0206976593694	-0.0188082503067	0.00538786686426	0.00581415677724	-0.0300847166873	-0.0262356028094	0.0307603099314	-0.0325850583309	0.0312307913657	0.00906416580225	-0.00992553024064
k__Bacteria;p__Bacteroidetes;c__Bacteroidia;o__Bacteroidales;f__Bacteroidaceae;g__Bacteroides;s__Bacteroides_salyersiae	-0.128128339833	-0.0692841322268	-0.00417426756237	-0.0425211226229	0.0230237175034	-0.00318089230793	-0.0357800115896	-0.061671574188	0.0302958482008	0.024509467504	0.00459108696302	0.0526207904246	0.0220040682037	-0.0302755587673	-0.0534127215489	0.0130691468746	-0.0189086993648	-0.0412186582875	-0.00529304913552	-0.0382641071951	1.0	0.0673700810442	0.00102136158741	0.0213046248032	-0.0152882965222	0.00936087289352	0.0421061868655	-0.0590668431859	-1.04077295324e-05	-0.0104322123039	-0.0418982956003	-0.0368144107315	-0.0115062615168	-0.0362566910954	-0.0173798444246	0.0273831310917	0.0720776997792	-0.000655072049603	0.00692635984971	-0.040399492849	-0.0111913786049	0.0172315583475	-0.00888607520634	0.00871088979246	-0.00581562459277	0.0127015697757	-0.020643440854	0.0213422171822	-0.022212834176	-0.0514007128631	0.00672577999446	-0.0206989665822	0.0708353610741	0.0210721449383	-0.0446079222882	-0.0173401696782	-0.0518959509434	0.00151946432598	0.00278383646517
k__Bacteria;p__Firmicutes;c__Clostridia;o__Clostridiales;f__Ruminococcaceae;g__Ruminiclostridium;s__[Eubacterium]_siraeum	0.0024907847844	-0.0260355284513	-0.0343890544406	0.0303349268795	0.0735417194131	0.0328815917617	-0.0293553793428	-0.0272531567182	-0.0253216936574	0.0242920849869	-0.00553715308792	-0.0174905838871	-0.0180870728067	-0.0599266362764	-0.0224767141829	0.0501861927621	-0.0477076738055	-0.0589838163601	-0.0312694077553	0.0199487620894	0.0673700810442	1.0	-0.0396199823423	-0.0473939470131	-0.0169517777357	-0.0730709201786	-0.0223416389335	-0.0373920849919	0.0166161974983	-0.00972312011495	-0.0221128331305	-0.0142124997717	0.0317509986989	0.0506509991855	-0.000389291910172	-0.00554033510611	-0.0234592481886	-0.0140064232486	-0.00962673376881	-0.00486028640246	0.0324460089706	-0.0485774617709	0.000264640684172	-0.0292580456333	0.0866844615988	-0.00337421705536	-0.0104887683495	-0.020450909612	0.0189245952418	0.0895792939106	-0.0477683815368	-0.0349885414917	0.0378111628468	-0.0986344055228	-0.0610590069978	-0.00760535744494	-0.0579284781361	0.0229476326883	0.0214573668574
k__Bacteria;p__Proteobacteria;c__Betaproteobacteria;o__Burkholderiales;f__Sutterellaceae;g__Parasutterella;s__Parasutterella_excrementihominis	0.0113558900345	0.0470120724149	0.0369553575233	-0.0700472408556	0.0351767016154	-0.0470115325729	0.0600171749546	0.0623441953152	-0.0505585451453	-0.0569576057223	-0.0364545834531	0.0103321965773	-0.042876813986	-0.069512399767	0.0096600763591	0.0453172789667	-0.0317413109253	-0.0311113468127	-0.00332004785908	-0.000860530430445	0.00102136158741	-0.0396199823423	1.0	-0.0413106513636	-0.0125031174695	-0.0493591742972	0.0157650756536	-0.0390507754186	-0.0458341789094	0.00429376981319	0.0835134045289	0.0244966392673	-0.0412434477206	0.0106063518343	-0.0136057984789	0.0201715882346	0.00354142628547	-0.00255817909743	-0.0396267228327	0.0413851002375	0.0436948514763	0.0202322596076	-0.00906162658813	-0.0663121271252	-0.0169106508207	0.0153518096918	0.0277984972098	-0.0536699996764	0.0159694839012	-0.0109409043101	0.0384366023438	-0.0378412864708	0.00145937845309	-0.0116739291588	-0.0450471725674	-0.0150165972073	-0.0404282049212	-0.0297156338439	-0.0505060604304
k__Bacteria;p__Actinobacteria;c__Actinobacteria;o__Bifidobacteriales;f__Bifidobacteriaceae;g__Bifidobacterium;s__Bifidobacterium_adolescentis	0.00779316036548	0.0834950761298	-0.0308684805376	0.0358289622447	0.0064254807791	-0.0356299753738	0.0505351513849	-0.0430441020892	0.0104806258256	-0.0642282692266	-0.0126812752977	-0.00349564720633	-0.0364792152231	-0.0305543376015	-0.0367629783306	-0.0346009320587	0.0245679032381	-0.0364906469078	0.00324770354466	-0.020003389206	0.0213046248032	-0.0473939470131	-0.0413106513636	1.0	0.0125779320541	-0.100543205577	0.0300225466149	-0.00515603364951	0.0176620302082	-0.00766316048453	0.0186871154395	-0.0187688153516	0.0228579452445	0.0383817554493	-0.0637606610025	-0.0838670932355	-0.0217160437204	0.0261441572743	-0.0325139622862	-0.0184209637749	-0.0309267121757	-0.0460403189871	-0.00725707318408	-0.032644324764	-0.0125192206449	-0.0230621989742	0.0413034305849	-0.0682540480812	-0.0117392321288	0.00215887518013	-0.0142020883928	0.0158648388288	-0.0574521212686	-0.0124859313532	0.00182730234761	0.0139510996733	0.024376960095	-0.0172468170386	0.00196643667572
k__Bacteria;p__Firmicutes;c__Clostridia;o__Clostridiales;f__Oscillospiraceae;g__Oscillibacter;s__Oscillibacter_sp._KLE_1745	-0.0473030905018	-0.00349522132788	-0.0396411660129	-0.0118234211424	-0.0246444167924	-0.0274975408248	0.0480386097453	0.00428072381207	-0.026348197827	-0.0156393113392	0.0219279616653	-0.00964002199578	-0.0891122298414	0.0198976741283	-0.00116272283454	-0.0040978848076	0.0101540832307	0.0258696208838	-0.0150799393553	0.017965015185	-0.0152882965222	-0.0169517777357	-0.0125031174695	0.0125779320541	1.0	0.0441626842552	0.0649268948249	0.0166578121818	-0.0235151063827	-0.0202068326249	0.0278574117535	-0.0345823799919	-0.0251591420668	-0.0260863911599	-0.00912043787647	-0.0497658851446	-0.0247554515792	-0.0366023642978	-0.00560417370012	0.0217280871307	0.0177322926982	-0.040560041996	0.0360029848313	-0.00442452961635	-0.0505239655128	-0.0540573269513	-0.00145172137601	-0.0607969554311	0.0177101088784	-0.0597883167778	-0.0143545182813	-0.0124265608875	-0.00978279388718	-0.0472388906022	0.0137110508033	-0.0409730347962	-0.00792876509047	-0.0407535154279	0.0526287491151
k__Bacteria;p__Bacteroidetes;c__Bacteroidia;o__Bacteroidales;f__Bacteroidaceae;g__Bacteroides;s__Bacteroides_coprophilus	0.0151064241023	-0.0294638379024	-0.0262269064079	-0.0134790966468	0.00392979941869	0.0990506599946	-0.0335246979345	-0.0265966272164	-0.0699434493212	0.0477568699836	0.00281374798689	-0.0322573559305	-0.019869069536	0.0159102888066	-0.0138429483735	-0.0585949269958	-0.0358887302521	-0.0334787402982	-0.00457674653275	0.00497939652183	0.00936087289352	-0.0730709201786	-0.0493591742972	-0.100543205577	0.0441626842552	1.0	0.00181535216164	-0.038707215174	-0.0112157673508	-0.0179456019718	0.0104452931882	-0.0777651478615	-0.0961160777555	0.0767870988525	-0.00706424185278	-0.00817476153973	-0.00776856323673	-0.0391596874434	0.000203491373908	-0.0251506014981	0.0712640735113	-0.00333601363111	-0.0662213590034	0.0112469291337	0.0394069975343	-0.0357107573767	0.0410590287698	0.0025937168412	0.0186798897654	-0.012498475221	0.0139422772205	0.0153545605793	-0.0166045382677	-0.022538477124	0.0182849033534	0.0239890807633	-0.0383998477415	0.00174953670385	-0.0213373478281
k__Bacteria;p__Firmicutes;c__Clostridia;o__Clostridiales;f__Lachnospiraceae;g__Roseburia;s__Roseburia_intestinalis	0.0253082335699	-0.0247204338826	-0.0603415821979	0.0193739020213	-0.0439689191168	-0.0151569099379	-0.0483254614875	-0.00685810413354	0.00280874443384	-0.00215637616468	0.00995589276633	0.00627566499059	-0.0261297698153	0.00587006170717	0.0123037017787	-0.0658711073951	-0.0146142589851	0.0354102863997	0.0254946579857	-0.0651321005778	0.0421061868655	-0.0223416389335	0.0157650756536	0.0300225466149	0.0649268948249	0.00181535216164	1.0	0.0493378521115	0.0192358190097	0.0463593699323	0.0474646152749	0.00425073696367	-0.0061611721218	0.0705046281997	0.03527909118	-0.028359794796	-0.0479397321498	0.022793096515	-0.0893287887073	0.01545443292	0.026612401616	-0.0136173112991	-0.103353284998	0.00809773414055	-0.0123660884098	0.00658345416182	-0.0280285377588	-0.0217359295422	-0.0279143006308	0.0202693161708	0.0373181905323	-0.0636148029832	-0.0280856031868	0.00290084057987	0.0673284881288	-0.058409529097	-0.0522737416913	-0.00262231560641	-0.0232577736734
k__Bacteria;p__Firmicutes;c__Clostridia;o__Clostridiales;f__Lachnospiraceae;g__Roseburia;s__Roseburia_hominis	-0.0105183493785	-0.0595769471082	-0.0128525628624	0.0254463654248	0.0276761949188	-0.0195321928588	-0.0941410398363	-0.0808680312558	0.0311685251013	-0.0494929869641	-0.0338661995701	-0.0273029558196	0.0186900300073	-0.0151045042261	-0.0288471211291	-0.00524789681951	-0.0222091399168	-0.0300713953121	-0.0136004907998	0.00586686205644	-0.0590668431859	-0.0373920849919	-0.0390507754186	-0.00515603364951	0.0166578121818	-0.038707215174	0.0493378521115	1.0	-0.00780191721441	-0.0589635858325	-0.016524105166	-0.0425717565094	0.02895266903	-0.0294260684042	0.00996781211301	0.0013055863021	0.043519680572	-0.0582882877943	-0.00574413574845	0.0311587367754	-0.049356362478	-0.0485185880191	-0.0392777204157	0.030857316389	-0.0432991550229	-0.0763416715524	-0.0195728759826	0.0272373987227	0.0114950675509	-0.00542172865147	-0.0282042291566	0.0187319132833	-0.0353513175085	0.0512185505251	-0.0166350353567	0.027319492214	-0.0407542850718	0.0694670029734	0.00070515017077
k__Bacteria;p__Bacteroidetes;c__Bacteroidia;o__Bacteroidales;f__Porphyromonadaceae;g__Parabacteroides;s__Parabacteroides_johnsonii	0.0199655465793	-0.00490131280872	-0.0081703938709	-0.0320281624171	-0.0769462632675	0.00991232192816	0.00010715900742	0.0663158113301	-0.0410509144369	0.0210951713288	-0.0325855733487	0.0245060388349	-0.0140799111685	0.00880777860123	0.0741974865754	-0.0288535720215	-0.02300158738	-0.0543299602089	0.0104762720264	0.0239434174806	-1.04077295325e-05	0.0166161974983	-0.0458341789094	0.0176620302082	-0.0235151063827	-0.0112157673508	0.0192358190097	-0.00780191721441	1.0	-0.0133890967137	0.0190568020608	0.0212660485751	0.0786537536671	-0.0347495370164	-0.012345375495	0.00251251089693	-0.0425003466179	0.107218495932	0.0159435365934	-0.0505191826317	-0.004727990476	0.0369087591551	0.0158699499125	-0.0680199274124	0.00971384026814	0.0581199025649	0.0176993843614	-0.0293926502041	-0.0269859752394	-0.0471975596718	0.000760486004275	0.0225895038681	-0.0210924862592	-0.00351473214334	-0.00844004663585	-0.0402986580346	-0.0310778446412	0.0342295914861	0.0418737725901
k__Bacteria;p__Actinobacteria;c__Actinobacteria;o__Bifidobacteriales;f__Bifidobacteriaceae;g__Bifidobacterium;s__Bifidobacterium_longum	-0.0177489289257	-0.00389847744772	-0.0109623009479	-0.012491409982	0.00429664796022	0.0654553763641	-0.0296600128308	-0.0371721533889	0.00168847587087	-0.103095287126	-0.00585861370973	-0.037637177759	-0.0493980474299	0.00264142583123	0.0476496119515	-0.0238257078378	-0.0283301475791	0.0194251894516	-0.0119420411302	0.045898098895	-0.0104322123039	-0.00972312011495	0.00429376981319	-0.00766316048453	-0.0202068326249	-0.0179456019718	0.0463593699323	-0.0589635858325	-0.0133890967137	1.0	-0.0235401825303	0.0638212134627	0.00824388508997	-0.012492993573	-0.0240404743691	0.0134242908795	0.00137508245831	0.0189790628848	-0.0077044734976	-0.0067444262549	-0.0291996606956	-0.00176998790099	-0.0492124956867	-0.0200265407591	0.0245909737021	0.02031407595	0.0464247484232	-0.0676439423763	-0.034222244738	-0.0525126834651	0.0360336001829	-0.00693619226094	-0.0413824762078	-0.014288692012	-0.0434099646282	0.0109506549618	0.013149091921	-0.00944317557535	-0.0079323612168
