#taxonomy	k__Bacteria;p__Bacteroidetes;c__Bacteroidia;o__Bacteroidales;f__Bacteroidaceae;g__Bacteroides;s__Bacteroides_vulgatus	k__Bacteria;p__Bacteroidetes;c__Bacteroidia;o__Bacteroidales;f__Bacteroidaceae;g__Bacteroides;s__Bacteroides_uniformis	k__Bacteria;p__Bacteroidetes;c__Bacteroidia;o__Bacteroidales;f__Rikenellaceae;g__Alistipes;s__Alistipes_putredinis	k__Bacteria;p__Bacteroidetes;c__Bacteroidia;o__Bacteroidales;f__Prevotellaceae;g__Prevotella;s__Prevotella_copri	k__Bacteria;p__Bacteroidetes;c__Bacteroidia;o__Bacteroidales;f__Bacteroidaceae;g__Bacteroides;s__Bacteroides_stercoris	k__Bacteria;p__Bacteroidetes;c__Bacteroidia;o__Bacteroidales;f__Bacteroidaceae;g__Bacteroides;s__Bacteroides_ovatus	k__Bacteria;p__Bacteroidetes;c__Bacteroidia;o__Bacteroidales;f__Rikenellaceae;g__Alistipes;s__Alistipes_shahii	k__Bacteria;p__Firmicutes;c__Clostridia;o__Clostridiales;f__Ruminococcaceae;g__Faecalibacterium;s__Faecalibacterium_prausnitzii	k__Bacteria;p__Bacteroidetes;c__Bacteroidia;o__Bacteroidales;f__Rikenellaceae;g__Alistipes;s__Alistipes_finegoldii	k__Bacteria;p__Bacteroidetes;c__Bacteroidia;o__Bacteroidales;f__Porphyromonadaceae;g__Parabacteroides;s__Parabacteroides_distasonis	k__Bacteria;p__Bacteroidetes;c__Bacteroidia;o__Bacteroidales;f__Bacteroidaceae;g__Bacteroides;s__Bacteroides_thetaiotaomicron	k__Bacteria;p__Bacteroidetes;c__Bacteroidia;o__Bacteroidales;f__Bacteroidaceae;g__Bacteroides;s__Bacteroides_coprocola	k__Bacteria;p__Bacteroidetes;c__Bacteroidia;o__Bacteroidales;f__Bacteroidaceae;g__Bacteroides;s__Bacteroides_cellulosilyticus	k__Bacteria;p__Bacteroidetes;c__Bacteroidia;o__Bacteroidales;f__Rikenellaceae;g__Alistipes;s__Alistipes_obesi	k__Bacteria;p__Firmicutes;c__Clostridia;o__Clostridiales;f__Lachnospiraceae;g__;s__[Eubacterium]_rectale	k__Bacteria;p__Bacteroidetes;c__Bacteroidia;o__Bacteroidales;f__Bacteroidaceae;g__Bacteroides;s__Bacteroides_plebeius	k__Bacteria;p__Bacteroidetes;c__Bacteroidia;o__Bacteroidales;f__Bacteroidaceae;g__Bacteroides;s__Bacteroides_fragilis	k__Bacteria;p__Proteobacteria;c__Betaproteobacteria;o__Burkholderiales;f__Sutterellaceae;g__Sutterella;s__Sutterella_wadsworthensis	k__Bacteria;p__Bacteroidetes;c__Bacteroidia;o__Bacteroidales;f__Porphyromonadaceae;g__Barnesiella;s__Barnesiella_intestinihominis	k__Bacteria;p__Bacteroidetes;c__Bacteroidia;o__Bacteroidales;f__Odoribacteraceae;g__Odoribacter;s__Odoribacter_splanchnicus	k__Bacteria;p__Bacteroidetes;c__Bacteroidia;o__Bacteroidales;f__Bacteroidaceae;g__Bacteroides;s__Bacteroides_salyersiae	k__Bacteria;p__Firmicutes;c__Clostridia;o__Clostridiales;f__Ruminococcaceae;g__Ruminiclostridium;s__[Eubacterium]_siraeum	k__Bacteria;p__Proteobacteria;c__Betaproteobacteria;o__Burkholderiales;f__Sutterellaceae;g__Parasutterella;s__Parasutterella_excrementihominis	k__Bacteria;p__Actinobacteria;c__Actinobacteria;o__Bifidobacteriales;f__Bifidobacteriaceae;g__Bifidobacterium;s__Bifidobacterium_adolescentis	k__Bacteria;p__Firmicutes;c__Clostridia;o__Clostridiales;f__Oscillospiraceae;g__Oscillibacter;s__Oscillibacter_sp._KLE_1745	k__Bacteria;p__Bacteroidetes;c__Bacteroidia;o__Bacteroidales;f__Bacteroidaceae;g__Bacteroides;s__Bacteroides_coprophilus	k__Bacteria;p__Firmicutes;c__Clostridia;o__Clostridiales;f__Lachnospiraceae;g__Roseburia;s__Roseburia_intestinalis	k__Bacteria;p__Firmicutes;c__Clostridia;o__Clostridiales;f__Lachnospiraceae;g__Roseburia;s__Roseburia_hominis	k__Bacteria;p__Bacteroidetes;c__Bacteroidia;o__Bacteroidales;f__Porphyromonadaceae;g__Parabacteroides;s__Parabacteroides_johnsonii	k__Bacteria;p__Actinobacteria;c__Actinobacteria;o__Bifidobacteriales;f__Bifidobacteriaceae;g__Bifidobacterium;s__Bifidobacterium_longum	k__Bacteria;p__Firmicutes;c__Clostridia;o__Clostridiales;f__;g__Flavonifractor;s__Flavonifractor_plautii	k__Bacteria;p__Firmicutes;c__Clostridia;o__Clostridiales;f__Clostridiaceae;g__Clostridium;s__Clostridium_phoceensis	k__Bacteria;p__Verrucomicrobia;c__Verrucomicrobiae;o__Verrucomicrobiales;f__Akkermansiaceae;g__Akkermansia;s__Akkermansia_muciniphila	k__Bacteria;p__Bacteroidetes;c__Bacteroidia;o__Bacteroidales;f__Prevotellaceae;g__Paraprevotella;s__Paraprevotella_xylaniphila	k__Bacteria;p__Firmicutes;c__Clostridia;o__Clostridiales;f__Ruminococcaceae;g__Ruminococcus;s__Ruminococcus_callidus	k__Bacteria;p__Bacteroidetes;c__Bacteroidia;o__Bacteroidales;f__Rikenellaceae;g__Alistipes;s__Alistipes_senegalensis	k__Bacteria;p__Firmicutes;c__Clostridia;o__Clostridiales;f__Lachnospiraceae;g__Blautia;s__Blautia_sp._KLE_1732	k__Bacteria;p__Bacteroidetes;c__Bacteroidia;o__Bacteroidales;f__Bacteroidaceae;g__Bacteroides;s__Bacteroides_oleiciplenus	k__Bacteria;p__Firmicutes;c__Clostridia;o__Clostridiales;f__Ruminococcaceae;g__Ruminococcus;s__Ruminococcus_bicirculans	k__Bacteria;p__Bacteroidetes;c__Bacteroidia;o__Bacteroidales;f__Bacteroidaceae;g__Bacteroides;s__Bacteroides_fluxus	k__Bacteria;p__Bacteroidetes;c__Bacteroidia;o__Bacteroidales;f__Prevotellaceae;g__Prevotella;s__Prevotella_stercorea	k__Bacteria;p__Firmicutes;c__Clostridia;o__Clostridiales;f__Lachnospiraceae;g__Dorea;s__Dorea_longicatena	k__Bacteria;p__Firmicutes;c__Clostridia;o__Clostridiales;f__Eubacteriaceae;g__Eubacterium;s__[Eubacterium]_eligens	k__Bacteria;p__Firmicutes;c__Clostridia;o__Clostridiales;f__Ruminococcaceae;g__;s__Ruminococcaceae_bacterium_D16	k__Bacteria;p__Firmicutes;c__Clostridia;o__Clostridiales;f__Lachnospiraceae;g__Coprococcus;s__Coprococcus_comes	k__Bacteria;p__Proteobacteria;c__Gammaproteobacteria;o__Enterobacterales;f__Enterobacteriaceae;g__Escherichia;s__Escherichia_coli	k__Bacteria;p__Firmicutes;c__Clostridia;o__Clostridiales;f__Ruminococcaceae;g__Anaerotruncus;s__Anaerotruncus_colihominis	k__Bacteria;p__Firmicutes;c__Clostridia;o__Clostridiales;f__Lachnospiraceae;g__Blautia;s__Blautia_obeum	k__Bacteria;p__Bacteroidetes;c__Bacteroidia;o__Bacteroidales;f__Odoribacteraceae;g__Odoribacter;s__Odoribacter_laneus	k__Bacteria;p__Firmicutes;c__Clostridia;o__Clostridiales;f__Ruminococcaceae;g__Ruminiclostridium;s__[Clostridium]_leptum	k__Bacteria;p__Bacteroidetes;c__Bacteroidia;o__Bacteroidales;f__Porphyromonadaceae;g__Parabacteroides;s__Parabacteroides_goldsteinii	k__Bacteria;p__Firmicutes;c__Clostridia;o__Clostridiales;f__Lachnospiraceae;g__Anaerostipes;s__Anaerostipes_hadrus	k__Bacteria;p__Firmicutes;c__Clostridia;o__Clostridiales;f__Ruminococcaceae;g__Ruminococcus;s__Ruminococcus_lactaris	k__Bacteria;p__Firmicutes;c__Clostridia;o__Clostridiales;f__Clostridiaceae;g__Clostridium;s__Clostridium_sp._L2-50	k__Bacteria;p__Firmicutes;c__Clostridia;o__Clostridiales;f__Clostridiaceae;g__Clostridium;s__Clostridium_sp._M62/1	k__Bacteria;p__Firmicutes;c__Clostridia;o__Clostridiales;f__;g__Intestinimonas;s__Intestinimonas_butyriciproducens	k__Bacteria;p__Actinobacteria;c__Actinobacteria;o__Bifidobacteriales;f__Bifidobacteriaceae;g__Bifidobacterium;s__Bifidobacterium_bifidum	k__Bacteria;p__Firmicutes;c__Negativicutes;o__Veillonellales;f__Veillonellaceae;g__Dialister;s__Dialister_invisus	k__Bacteria;p__Bacteroidetes;c__Bacteroidia;o__Bacteroidales;f__Bacteroidaceae;g__Bacteroides;s__Bacteroides_salanitronis
k__Bacteria;p__Bacteroidetes;c__Bacteroidia;o__Bacteroidales;f__Bacteroidaceae;g__Bacteroides;s__Bacteroides_vulgatus	1.0	0.0649058228606	-0.00452506244643	-0.00260541862484	-0.0911138262918	-0.0327732838076	0.014505387607	0.0494526362754	0.0358526347619	-0.0412468364238	-0.0399796317523	-0.0589711898613	-0.00381400283049	0.0143251699291	-0.0422365009928	-0.0845573159526	-0.0137037853091	0.0474851846396	0.00697482492303	-0.0207717115442	-0.0193951784417	0.0117584695869	-0.0135072597047	0.0175736639316	-0.0168414130726	-0.00881567209712	-0.00691133500443	-0.014262658189	0.0242988460349	-0.0683626002581	-0.009717339579	-0.0180662540051	0.0093157242483	-0.0162450202858	-0.00252251425917	-0.010809397987	-0.041636939318	0.0362100710727	-0.0416095901977	0.0238764007507	-0.0110163363719	-0.0247494877242	0.00153583120447	-0.033554207429	-0.067725603315	-0.048298887134	0.00975220233449	0.0251414900847	0.035946960752	-0.000809206434927	-0.0317457758091	-0.00441257658731	0.0292626437364	-0.00234873768293	0.0102508754016	-0.0651710116927	0.0117300306847	0.00265366451704	-0.0178992685694
k__Bacteria;p__Bacteroidetes;c__Bacteroidia;o__Bacteroidales;f__Bacteroidaceae;g__Bacteroides;s__Bacteroides_uniformis	0.0649058228606	1.0	-0.0645495925146	0.045763621234	0.0457887600854	-0.0279594883468	-0.0189749078154	-0.00267534539321	-0.0401638688216	0.0154752603608	-0.0152319544681	-0.0252617831611	-0.00931521888087	-0.0668068788944	-0.0285192472064	-0.00121446183356	0.0389058634007	0.0293093492829	-0.0272551111598	-0.0522066788953	-0.0230511128103	0.0541929466539	0.00451734936963	0.027551815495	-0.0361951082074	-0.011356107899	-0.029146029566	0.000510276257337	-0.0160635857049	0.0652659505216	-0.0390968218456	-0.0393147820848	-0.000893458236799	-0.0458214602573	-0.0347893165153	-0.0350257156919	-0.0261212214981	0.0514255289042	-0.0130299617564	0.0175153984834	-0.0673237414313	0.0700309316642	-0.0291711923032	0.0393767447467	-0.00530663720882	0.0068689800709	-0.0352066564277	0.0239343396528	-0.0305234043142	0.0328183419151	-0.053925750911	-0.0119657695457	0.017016849967	-0.0128850160336	-0.00315919122771	-0.0354741189037	0.0420142869739	-0.00608316209902	-0.0275598766027
k__Bacteria;p__Bacteroidetes;c__Bacteroidia;o__Bacteroidales;f__Rikenellaceae;g__Alistipes;s__Alistipes_putredinis	-0.00452506244643	-0.0645495925146	1.0	0.0359345223499	-0.00528430184302	-0.0134204457341	-0.0269064001183	8.52095655262e-07	0.0396656222556	-0.00302914529419	0.0446759514816	-0.0164193112122	-0.0252432570502	-0.0279482957722	-0.0816883605053	-0.0623212786769	0.00151103150926	-0.0241002082011	0.00173054236522	0.00571295735433	0.00409872196695	-0.032256872894	0.0282195985219	0.00262507977904	-0.114106709045	-0.0300125197739	0.0162015660843	0.00658977557295	-0.0321577636517	0.0282276128067	-0.0566624112302	-0.0151132340645	0.00179587027536	-0.00595733929277	-0.0179003678553	0.0488398785902	-0.0294878136876	-0.0518100854742	0.0038885975455	0.00887978280109	-0.0398525964038	-0.0470353705467	-0.0041357795329	-0.0762891507144	-0.016768762778	0.0376025117429	-0.0120352428454	-0.0114301193283	-0.0442866456923	0.0171734592056	0.00989855457634	0.00794446020806	-0.0297228635973	-0.00356914854425	0.0261269149047	0.0302322385103	-0.059884995904	0.0277253388858	0.00778909826228
k__Bacteria;p__Bacteroidetes;c__Bacteroidia;o__Bacteroidales;f__Prevotellaceae;g__Prevotella;s__Prevotella_copri	-0.00260541862484	0.045763621234	0.0359345223499	1.0	-0.0098344971333	-0.0151983034928	-0.0191395447177	-0.0617186081112	-0.0684497629837	-0.0472904947992	0.017004870514	0.0372775346347	-0.026661698469	0.0199077769384	0.000212799624537	-0.0199839384087	-0.0471768967631	-0.067610318547	0.00234679929134	0.00702309791831	-0.0205091317143	-0.0520978522839	0.0204147320687	0.0455585264039	-0.0244939696645	-0.000879869992088	-0.0413182402956	-0.001911134018	-0.0239711554307	0.00815692606591	0.022843691873	0.0137839081387	0.00901008238298	0.0226087992326	-0.0555123899144	-0.00451058323422	-0.0791976787722	0.0468944185955	0.0421749687611	-0.0467502853939	-0.00494423678001	-0.0297520982743	0.0414944518346	-0.0424263599307	0.0338552012033	-0.0564398259866	0.00213004333087	-0.0339067440344	0.00145284689008	-0.0295892569276	-0.00553772826644	-0.0117889559705	-0.00751925626322	0.0134501856487	-0.0553880835867	-0.0156623991861	0.0518255531009	0.00898749734017	0.00919924515312
k__Bacteria;p__Bacteroidetes;c__Bacteroidia;o__Bacteroidales;f__Bacteroidaceae;g__Bacteroides;s__Bacteroides_stercoris	-0.0911138262918	0.0457887600854	-0.00528430184302	-0.0098344971333	1.0	-0.00915069185209	-0.0536959521756	0.0602902223296	0.00470907640125	0.0127867133146	-0.0274859460334	-0.0257310955017	0.0545937685414	-0.0500233532758	0.0099319080162	-0.00319252332502	-0.0409549049938	0.0100818592685	-0.0334006609981	-0.0139652698843	-0.00736077141862	-0.0034478592937	-0.0174002487544	0.00771796319716	0.014930331968	0.0025989139864	-0.0325980427223	-0.0475150607809	0.0436170189514	0.044530285804	-0.0247905895973	-0.0218559795421	-0.0466558527171	0.0446256908895	-0.0047586712095	-0.0475363333531	-0.0684592188088	-0.0765501216932	0.0128664405579	-0.0312245332564	-0.0358176542836	-0.00702898247455	-0.0394596800079	-0.0471967278158	0.00586460762688	0.00783028108566	0.013090304391	0.0227946784527	0.0449220322682	0.0220525301748	0.0546791865216	-0.00581825281384	0.00376573618462	0.00344222799675	-0.0293726526646	0.00165459224179	-0.00526691360948	-0.0535652530955	0.0427613438898
k__Bacteria;p__Bacteroidetes;c__Bacteroidia;o__Bacteroidales;f__Bacteroidaceae;g__Bacteroides;s__Bacteroides_ovatus	-0.0327732838076	-0.0279594883468	-0.0134204457341	-0.0151983034928	-0.00915069185209	1.0	-0.0185270767916	-0.0450556142073	-0.0172154232632	-0.00598878488608	-0.0382601615461	-0.0118630054339	0.00069609464823	-0.0056605085313	0.0226678581333	0.00460753075198	-0.0134108912025	-0.0349532559451	-0.000285989582925	0.0071087538002	0.0125281446034	-0.0272471433946	-0.0112200576635	0.00752118504455	-0.0312259911501	0.00658285432602	-0.00811649325073	-0.0405132291176	-0.00982967387398	-0.00244110000964	-0.000104801414877	-0.0537758212347	0.01760858022	-0.00754675736917	0.00451584438114	-0.0435631951671	0.00121623211649	0.0521513222489	0.00418559318257	0.0185700481637	-0.065378168643	0.016396651431	-0.00628642917286	-0.0134771126913	0.0666700011859	-0.0110175627255	-0.0128890824455	-0.013051456179	0.0201325231637	-0.0135375816866	-0.041327097395	0.0120661019682	-0.0304631161617	-0.00334968579901	-0.00735906495421	0.0329554612663	0.00103208855231	-0.018451651356	-0.0423919954647
k__Bacteria;p__Bacteroidetes;c__Bacteroidia;o__Bacteroidales;f__Rikenellaceae;g__Alistipes;s__Alistipes_shahii	0.014505387607	-0.0189749078154	-0.0269064001183	-0.0191395447177	-0.0536959521756	-0.0185270767916	1.0	0.0380241618757	-0.0154780713196	0.011199404245	0.0505427371499	-0.0288037125647	-0.0371245515496	-0.0018698646692	-0.00390503817029	0.0722356518666	0.000939102461351	0.00417994187547	0.0188845401999	0.00824030927676	-0.0535963366396	0.0210381460236	-0.0969671824458	-0.0120228225943	-0.0108574981538	-0.0751950930842	0.00888845258149	0.0378778944378	-0.0434658562243	-0.00873195385526	0.0337631345323	-0.0487549328615	-0.0832296408978	0.0106042755851	0.00433569494218	0.0332003736057	0.00533777083698	-0.00319181160573	0.0145506547363	-0.0349160884444	-0.0204627014914	-0.0403098169525	-0.0556906722171	-0.00511832411026	0.0395573266579	-0.0232409747221	0.0488218277537	-0.00495137915981	-0.00212082118052	-0.0132903232737	-0.0240697975915	0.00459570515291	0.0495695608892	0.0471910646284	0.0194549746683	0.0196394854637	0.0710771619807	-0.0390963907219	-0.0423627789212
k__Bacteria;p__Firmicutes;c__Clostridia;o__Clostridiales;f__Ruminococcaceae;g__Faecalibacterium;s__Faecalibacterium_prausnitzii	0.0494526362754	-0.00267534539321	8.52095655263e-07	-0.0617186081112	0.0602902223296	-0.0450556142073	0.0380241618757	1.0	-0.052410185392	-0.0129668443687	-0.0587247149444	-0.0728582931768	-0.00724743838611	-0.0614772540364	0.0108297750483	0.0587412445507	-0.0367326285946	0.0101758502222	0.0545601285823	0.0322749726523	-0.0363116034349	0.0542253247445	-0.0429602595518	0.0554865558712	0.00317879781185	0.0100009420025	-0.00650099756384	0.0266047063649	0.0482502971873	-0.0229631024415	-0.0178104947415	-0.0137738170814	0.0405643875333	0.0835887841171	-0.0712401484993	-0.034252695026	0.0414524110004	0.0251304924759	-0.0389199299078	-0.0111132551256	-0.0373879388543	-0.0303826011504	-0.00634879922727	-0.0065989432557	-0.00142394897423	-0.0443051526515	-0.022466897481	0.0193355828902	0.0405592313812	0.0339150117895	-0.0578329117275	0.0210374561699	-0.0412762261668	0.00147134258167	-0.0373108945151	-0.0818157119612	-0.0128082720514	-0.0377916565549	-0.0259932458145
k__Bacteria;p__Bacteroidetes;c__Bacteroidia;o__Bacteroidales;f__Rikenellaceae;g__Alistipes;s__Alistipes_finegoldii	0.0358526347619	-0.0401638688216	0.0396656222556	-0.0684497629837	0.00470907640125	-0.0172154232632	-0.0154780713196	-0.052410185392	1.0	-0.0233238821081	-0.00150235989933	-0.0273025750166	0.0112317623797	-0.0131244324568	-0.0212508883334	0.0550386139865	-0.0449441711119	0.0203917610544	0.00512205248777	-0.00688852404501	-0.07237506801	0.012696522341	0.0283713990861	-0.0187628016648	0.045615151989	0.000635500905926	0.00698724980895	0.00571700081592	-0.0400630807934	0.0094991368095	-0.0595526240182	0.0280455266832	-0.0538986927959	-0.0610894790776	0.0171976383294	0.015236643278	0.00476607444718	-0.000102240637299	0.000124401868958	0.0111190047015	0.0664117136724	-0.0456464561723	-0.0126442295345	0.00112027208424	-0.0579820136806	0.0262418124256	-0.0417488845818	-0.0539601805416	-0.0398388853922	0.000255925396568	0.0260204597749	-0.0507818134546	-0.0022511168154	0.024389012755	0.0396585896429	0.015459772817	-0.0323992703348	-0.0507718851664	-0.0339456425541
k__Bacteria;p__Bacteroidetes;c__Bacteroidia;o__Bacteroidales;f__Porphyromonadaceae;g__Parabacteroides;s__Parabacteroides_distasonis	-0.0412468364238	0.0154752603608	-0.00302914529419	-0.0472904947992	0.0127867133146	-0.00598878488608	0.011199404245	-0.0129668443687	-0.0233238821081	1.0	0.0107876275375	-0.0258107283535	0.0852977842207	0.023310406311	0.0207358126833	0.00603032603898	0.0114472100975	-0.0743706203217	-0.0104472206015	-0.00266082104576	0.0171582466424	0.00490720879049	0.0556336048887	-0.0622458212814	-0.00266872534084	-0.090232551576	-0.0229065289991	0.0520306923216	0.0771204621253	-0.0276626278379	-0.0359103478678	0.0860896562674	-0.0302176883339	-0.0225369190758	-0.0146328642962	-0.0548544498328	-0.0725729614535	0.013347671804	-0.00932545124272	-0.0525309273035	0.0545646164519	0.00520314713715	-0.00738158497684	-0.0138871974147	0.0257642216113	-0.0134625354217	-0.0508202431138	-0.0180227086989	0.024031088553	-0.0562002865102	-0.0306481567592	0.0251312420419	0.00360751399111	-0.0319173685545	0.046954870377	0.0192166021228	-0.0359801628133	-0.0174209977816	0.000194253191089
k__Bacteria;p__Bacteroidetes;c__Bacteroidia;o__Bacteroidales;f__Bacteroidaceae;g__Bacteroides;s__Bacteroides_thetaiotaomicron	-0.0399796317523	-0.0152319544681	0.0446759514816	0.017004870514	-0.0274859460334	-0.0382601615461	0.0505427371499	-0.0587247149444	-0.00150235989933	0.0107876275375	1.0	0.00821095087151	-0.0337460985946	0.0147072121291	0.00970833562209	0.0295688102124	-0.0101308743915	-0.0646925064238	0.000811880706867	0.0610429418935	0.00341441268052	-0.0393914795576	-0.0111542184234	-0.0193040895596	-0.0393308455787	-0.0351650413038	-0.0437647156535	-0.00787965061199	-0.0803065824648	-0.0117622306648	0.0138657291953	-0.0282039986919	0.0335603585263	0.000623762293756	0.0187584499202	-0.0112412852383	-0.00428466475119	-0.048919051062	0.00759817791312	-0.0117807923392	-0.0414793186955	0.0267168493705	-0.0318155120663	0.0308820921489	-0.0159815249569	0.119788203463	-0.0781781264131	0.040731111306	-0.0165514785554	0.0617451586405	0.0192164226781	-0.00907682316303	0.000257477029275	-0.0144148035351	-0.0288054940201	0.0203154710261	-0.00726325426872	-0.0339016830322	-0.0139670315914
k__Bacteria;p__Bacteroidetes;c__Bacteroidia;o__Bacteroidales;f__Bacteroidaceae;g__Bacteroides;s__Bacteroides_coprocola	-0.0589711898613	-0.0252617831611	-0.0164193112122	0.0372775346347	-0.0257310955017	-0.0118630054339	-0.0288037125647	-0.0728582931768	-0.0273025750166	-0.0258107283535	0.00821095087151	1.0	-0.0159911512706	-0.0397771336102	-0.0121834722511	-0.00175973181681	0.0322835658213	-0.03000376801	0.0106757274199	-0.0599382181057	-0.00578828280122	-0.00701408053349	-0.0121355657523	0.0381069727735	-0.0391112228889	-0.0209227483246	-0.0283916182794	0.0475206464043	-0.0461322732694	-0.0338880830196	0.0166114968872	-0.0455899678739	-0.0324929760217	0.0035787287976	-0.0188777741096	0.0569270838873	-0.01378488241	0.0167047148828	-0.0151724269749	-0.0411616457929	-0.0592296667119	0.00325227835624	0.0150811995967	0.0279117746243	0.00465694182247	-0.00600588102766	0.0377345391146	-0.0417080022228	-0.00352125364305	-0.00483545932038	0.0125594585306	-0.054721940496	-0.0217816718079	-0.00307860956235	-0.0175523546181	-0.0145308114883	-0.0684018299026	0.0674253016039	-0.03554633056
k__Bacteria;p__Bacteroidetes;c__Bacteroidia;o__Bacteroidales;f__Bacteroidaceae;g__Bacteroides;s__Bacteroides_cellulosilyticus	-0.00381400283049	-0.00931521888087	-0.0252432570502	-0.026661698469	0.0545937685414	0.000696094648229	-0.0371245515496	-0.00724743838611	0.0112317623797	0.0852977842207	-0.0337460985946	-0.0159911512706	1.0	0.0144851224584	0.0540970922766	-0.09143516085	-0.0327193993873	0.080963960025	0.0165470805128	-0.0772818979776	-0.00913199057888	-0.0230150287113	0.0123865445103	-0.0142206348449	-0.00614571036199	-0.0487062478254	0.0351046452444	0.00083144988079	0.0590349077124	-0.0139077240177	-0.0258021884488	0.0285135280011	-0.0907322482768	-0.0809280837016	0.0106480522121	-0.0452966301648	-0.00316389429575	-0.0875920930531	-0.0114234440598	-0.00636197067529	-0.00516158639186	0.0472430489883	-0.0442192952792	0.0337187046689	-0.0743001432091	-0.0472626813666	0.0231388271477	0.0178394677072	-0.0240838016462	-0.00918273265177	-0.0450699044859	-0.0103903696855	0.0100604464995	-0.0263812938595	-0.0407298180418	-0.0351366318327	-0.023372631472	-0.0215377560472	-0.0651469830933
k__Bacteria;p__Bacteroidetes;c__Bacteroidia;o__Bacteroidales;f__Rikenellaceae;g__Alistipes;s__Alistipes_obesi	0.0143251699291	-0.0668068788944	-0.0279482957722	0.0199077769384	-0.0500233532758	-0.0056605085313	-0.0018698646692	-0.0614772540364	-0.0131244324568	0.023310406311	0.0147072121291	-0.0397771336102	0.0144851224584	1.0	-0.0109328897053	0.0240243716558	0.00315891729734	-0.0616941224851	-0.0281002644304	0.0402225977342	-0.0430463957407	-0.00303741632229	-0.032682960199	-0.0101964764052	0.0550119771666	0.00853864176958	-0.00694859520231	-0.00923570796993	0.00431139606921	-0.00453434988406	-0.00708177848887	0.0142096491221	-0.00349033778962	-0.0256407288036	-0.0348741534464	-0.00407322866518	-0.0391912759575	-0.0310363892927	0.100795781452	-0.0412184311208	0.0345106835297	-0.0229189554318	-0.011981898576	0.00831539141417	-0.0699657554063	0.0700045393603	-0.0439646819365	0.0399038053017	0.000240993492421	0.0434900808614	-0.0218344807989	-0.0597123256227	-0.0187367146287	0.0314781563059	0.00352301829987	0.0317806827544	0.0382299467557	0.0289949404012	-0.0155551406393
k__Bacteria;p__Firmicutes;c__Clostridia;o__Clostridiales;f__Lachnospiraceae;g__;s__[Eubacterium]_rectale	-0.0422365009928	-0.0285192472064	-0.0816883605053	0.000212799624537	0.0099319080162	0.0226678581333	-0.00390503817029	0.0108297750483	-0.0212508883334	0.0207358126833	0.00970833562209	-0.0121834722511	0.0540970922766	-0.0109328897053	1.0	0.0325035029846	-0.0523183526617	-0.0604063729293	-0.0178933899637	0.0468669548907	-0.0594270373366	0.015177939106	0.00443162700826	0.0147723845195	-0.019636303092	0.00711610863136	0.00998391886081	0.00853436238831	-0.0367060507589	0.00429832390819	-0.048690662608	-0.0102462022133	-0.0712497540923	-0.0529028394831	-0.0305218909819	-0.0106817190969	-0.0299275915173	-0.0408619995737	0.0130698092277	-0.0479221308438	-0.0146462216574	-0.0305351673946	-0.0174836348229	0.020584611189	-0.0219365146689	-0.0096304599938	0.0122814477508	-0.0460991478913	0.0246491501034	-0.0425009082379	-0.0242216576446	-0.0311288097013	0.0495652937552	-0.0502613888099	0.0163249026142	-0.0474526446536	-0.0322024651907	0.0276423765258	-0.00977565227985
k__Bacteria;p__Bacteroidetes;c__Bacteroidia;o__Bacteroidales;f__Bacteroidaceae;g__Bacteroides;s__Bacteroides_plebeius	-0.0845573159526	-0.00121446183356	-0.0623212786769	-0.0199839384087	-0.00319252332502	0.00460753075198	0.0722356518666	0.0587412445507	0.0550386139865	0.00603032603898	0.0295688102124	-0.00175973181681	-0.09143516085	0.0240243716558	0.0325035029846	1.0	-0.019989903556	-0.0299295662633	-0.0161751666374	0.0318856188842	-0.0883182155186	-0.0500375145691	-0.0197429177529	-0.00975230300608	0.00344835721133	-0.0471182664326	-0.0162520772564	0.0809053560264	-0.024105078402	-0.0412883769127	0.0593703118496	-0.0905228122722	-0.0174090614698	-0.0350062245547	0.0146537147298	-0.0387749587549	0.0369509023165	-0.053223756366	-0.0136275816797	0.0099549088613	0.0103542021467	-0.038061915263	0.00239309347367	-0.0434846429992	0.0225130219073	-0.0228698369254	-0.0164421630246	0.00494149937608	-0.0274109378209	-0.027501883399	0.0175568447501	-0.0433591833461	0.0100947648523	-0.0281195748128	0.0435784277971	-0.00312527066215	-0.0125941078483	-0.0245889933487	0.0205158809045
k__Bacteria;p__Bacteroidetes;c__Bacteroidia;o__Bacteroidales;f__Bacteroidaceae;g__Bacteroides;s__Bacteroides_fragilis	-0.0137037853091	0.0389058634007	0.00151103150926	-0.0471768967631	-0.0409549049938	-0.0134108912025	0.000939102461351	-0.0367326285946	-0.0449441711119	0.0114472100975	-0.0101308743915	0.0322835658213	-0.0327193993873	0.00315891729734	-0.0523183526617	-0.019989903556	1.0	-0.0242543235603	0.0311467896749	-0.0446581001307	0.0297861972509	0.0305638130859	0.0190739252606	0.0174262693227	-0.0184349208149	-0.0368238327782	-0.0112856623539	0.0125498427019	-0.0648590575062	0.0497302501548	-0.0344361202331	-0.0697997683391	0.0140936644522	-0.0473998775615	-0.035243326359	0.00871721661286	-0.0231541386853	0.0214633946892	0.0141242833847	-0.0220201360508	-0.0382958676045	0.0238646040686	-0.00286181235791	-0.0621184545526	0.00854975887749	-0.0344598832357	0.000391886833158	-0.014359253628	-0.0860200517636	0.0366297927825	-0.0141195951453	-0.0025918634382	-0.0472368869686	-0.00906389464274	-0.0483656107882	0.0633679077247	-0.0601517243052	0.0374542546446	0.0105251033721
k__Bacteria;p__Proteobacteria;c__Betaproteobacteria;o__Burkholderiales;f__Sutterellaceae;g__Sutterella;s__Sutterella_wadsworthensis	0.0474851846396	0.0293093492829	-0.0241002082011	-0.067610318547	0.0100818592685	-0.0349532559451	0.00417994187547	0.0101758502222	0.0203917610544	-0.0743706203217	-0.0646925064238	-0.03000376801	0.080963960025	-0.0616941224851	-0.0604063729293	-0.0299295662633	-0.0242543235603	1.0	-0.0016799263428	-0.0246513434839	0.019387268827	-0.00247349774793	-0.00720918637402	-0.00627046141858	-0.0270865027315	0.0396650110879	0.0517412176782	-0.00487149229594	-0.0152469692488	-0.0496314782978	-0.0451535318989	0.0558194181178	-0.0259622205662	-0.0173254606903	-0.0581702898605	-0.00478111905212	0.0428799136573	0.00842290684294	0.0201424263519	-0.0406248578348	3.90450086964e-05	-0.0200217257246	0.00629036765755	-0.07812604817	0.0207928077073	0.00804805888553	-0.00559000406768	-0.0168094750295	0.018672751898	0.00114123062887	0.0711047826912	-0.00768065698455	-0.0357991604838	-0.0345657071537	-0.0372078062896	-0.0239054210086	-0.0367505021035	0.0322840090001	-0.040720765452
k__Bacteria;p__Bacteroidetes;c__Bacteroidia;o__Bacteroidales;f__Porphyromonadaceae;g__Barnesiella;s__Barnesiella_intestinihominis	0.00697482492303	-0.0272551111598	0.00173054236522	0.00234679929134	-0.0334006609981	-0.000285989582925	0.0188845401999	0.0545601285823	0.00512205248777	-0.0104472206015	0.000811880706867	0.0106757274199	0.0165470805128	-0.0281002644304	-0.0178933899637	-0.0161751666374	0.0311467896749	-0.0016799263428	1.0	-0.0468466786886	0.0674584809901	-0.0311664651365	-0.0422077269254	0.00772217202644	-0.066934565431	0.0164398466644	0.011608109876	0.00266340868143	-0.0730464374491	-0.0265184246731	0.00692904784727	0.0167790229479	-0.0151499033053	0.0260772048672	-0.019643186322	0.00732904744304	0.0143667869473	-0.0563751220495	0.0721205780906	0.0269210129593	-0.0249994701028	-0.0747558890855	-0.0548082284365	-0.0540414888167	-0.008909099983	-0.0399136302674	-0.0321313439269	-0.0300357995445	-0.0299105245789	0.0451826926758	-0.0663854895562	-0.031537546217	0.00355127009241	-0.0108628268426	-0.00697527847728	-0.0624221557698	-0.0420572668307	-0.0106551577155	-0.0339039545517
k__Bacteria;p__Bacteroidetes;c__Bacteroidia;o__Bacteroidales;f__Odoribacteraceae;g__Odoribacter;s__Odoribacter_splanchnicus	-0.0207717115442	-0.0522066788953	0.00571295735433	0.00702309791831	-0.0139652698843	0.0071087538002	0.00824030927676	0.0322749726523	-0.00688852404501	-0.00266082104576	0.0610429418935	-0.0599382181057	-0.0772818979776	0.0402225977342	0.0468669548907	0.0318856188842	-0.0446581001307	-0.0246513434839	-0.0468466786886	1.0	-0.00868165258507	-0.0778941490411	0.0196220674595	-0.00568241062267	0.0117063316282	-0.0405429140898	0.00487675047568	-0.124868971417	-0.0152880644563	-0.0540906531794	0.0386909136246	-0.0137670900379	-0.0244795867783	0.0724308185789	0.00296237638164	0.0443465547465	-0.0307582736251	-0.00633017551276	0.0483995770056	-0.042854321928	-0.0556939374653	0.0187113175923	-0.0137274996028	-0.00855584127133	-0.0137538022626	-0.0036793165742	-0.0119312863066	0.018689296049	0.0214763248596	-0.00901621103285	0.0669985545045	-0.0162909316355	0.0127617062339	-0.0172449911658	-0.0106715904543	-0.0641985546619	0.0890800949809	0.0137213693016	-0.0393519580242
k__Bacteria;p__Bacteroidetes;c__Bacteroidia;o__Bacteroidales;f__Bacteroidaceae;g__Bacteroides;s__Bacteroides_salyersiae	-0.0193951784417	-0.0230511128103	0.00409872196695	-0.0205091317143	-0.00736077141862	0.0125281446034	-0.0535963366396	-0.0363116034349	-0.07237506801	0.0171582466424	0.00341441268052	-0.00578828280122	-0.00913199057888	-0.0430463957407	-0.0594270373366	-0.0883182155186	0.0297861972509	0.019387268827	0.0674584809901	-0.00868165258507	1.0	-0.0258596687869	-0.0187812613542	0.0444964625727	0.0246076084914	0.00102911970293	0.00418932762087	-0.0349887298252	-0.0435394590151	-0.035164217992	-0.0264519837097	-0.059569720451	0.0912496469226	0.0491659388105	-0.00107646191892	-0.0265878968071	-0.0381568068637	-0.084664996811	-0.0402017042352	0.00238610108029	0.0207327761867	0.0393444661848	-0.0431920056674	-0.0122610851548	-0.0286293702023	-0.0578461761976	0.0660373557285	0.0377161254286	0.0140655464551	-0.0768680723392	0.0369439126848	-0.0725740878168	0.0119804175882	0.000489594143426	-0.0338035110028	-0.00850451498021	-0.0150737675618	0.0295306295775	0.050190304106
k__Bacteria;p__Firmicutes;c__Clostridia;o__Clostridiales;f__Ruminococcaceae;g__Ruminiclostridium;s__[Eubacterium]_siraeum	0.0117584695869	0.0541929466539	-0.032256872894	-0.0520978522839	-0.0034478592937	-0.0272471433946	0.0210381460236	0.0542253247445	0.012696522341	0.00490720879049	-0.0393914795576	-0.00701408053349	-0.0230150287113	-0.00303741632229	0.015177939106	-0.0500375145691	0.0305638130859	-0.00247349774793	-0.0311664651365	-0.0778941490411	-0.0258596687869	1.0	-0.0546148007831	-0.0192192853361	-0.0701810048248	0.0635200473752	0.0164137179552	0.0981775610241	0.0463738157913	-0.0468716363414	0.00387702729655	0.00233688517783	-0.021234194708	-0.0117999077257	-0.047538605432	0.0319993458789	-0.0376954363565	0.0422263899115	-0.0435014298746	0.0231394524244	0.0301288523954	-0.0390991963152	-0.041267533251	-0.0114537948324	0.00781451506849	0.0491282629737	0.0595347908061	-0.00741202706838	-0.0284721422928	0.00612093205666	-0.0202425969454	-0.0273732317723	-0.000858120947633	0.0434831100102	0.0341872636531	-0.0632209562449	0.00225679286602	-0.0317288721804	-0.0290197446378
k__Bacteria;p__Proteobacteria;c__Betaproteobacteria;o__Burkholderiales;f__Sutterellaceae;g__Parasutterella;s__Parasutterella_excrementihominis	-0.0135072597047	0.00451734936963	0.0282195985219	0.0204147320687	-0.0174002487544	-0.0112200576635	-0.0969671824458	-0.0429602595518	0.0283713990861	0.0556336048887	-0.0111542184234	-0.0121355657523	0.0123865445103	-0.032682960199	0.00443162700826	-0.0197429177529	0.0190739252606	-0.00720918637402	-0.0422077269254	0.0196220674595	-0.0187812613542	-0.0546148007831	1.0	0.0122770964826	0.00266821321729	-0.0435897039324	0.000416808519502	0.0447423591292	-0.00861565738758	0.00499959837485	0.0311436378974	0.067800108522	-0.0358530953084	0.0336402704585	-0.0423491457747	-0.041344532373	-0.00861593901112	0.0154096110772	-0.0261969286258	0.0256522141351	0.0311118055899	0.0108763554573	-0.0706558532184	-0.0249268363196	-0.0279251325152	-0.0568300340347	-0.0248248865063	-0.0189667777442	-6.32095998066e-05	-0.0369152043571	0.0541953878916	-0.0124220107329	-0.0139388099933	-0.0148516167925	0.050794572637	0.030445655477	0.0030662758764	0.00168807873151	0.00539311337775
k__Bacteria;p__Actinobacteria;c__Actinobacteria;o__Bifidobacteriales;f__Bifidobacteriaceae;g__Bifidobacterium;s__Bifidobacterium_adolescentis	0.0175736639316	0.027551815495	0.00262507977904	0.0455585264039	0.00771796319716	0.00752118504455	-0.0120228225943	0.0554865558712	-0.0187628016648	-0.0622458212814	-0.0193040895596	0.0381069727735	-0.0142206348449	-0.0101964764052	0.0147723845195	-0.00975230300608	0.0174262693227	-0.00627046141858	0.00772217202644	-0.00568241062267	0.0444964625727	-0.0192192853361	0.0122770964826	1.0	0.03575261393	-0.0210272653965	-0.00701756844179	-0.0283236972891	-0.00420541079203	-0.0649164836368	0.0114287646139	0.0167344523763	-0.047110163675	-0.026018419831	0.0253696741299	0.0114564288265	-0.0412879541293	0.0929826661774	0.0384515229512	-0.0180507169112	-0.0174429440573	0.02858345361	0.00175631515735	0.00323722252049	-0.0314278076023	-0.0238941150798	-0.0949042106686	-0.0653461123742	-0.0535462160768	-0.0264668582407	0.00399831875447	-0.0135663992661	0.0358545985219	-0.0667619246526	0.0236645043544	-0.0163821003922	-0.0324946388439	-0.0206236648041	-0.0709096455341
k__Bacteria;p__Firmicutes;c__Clostridia;o__Clostridiales;f__Oscillospiraceae;g__Oscillibacter;s__Oscillibacter_sp._KLE_1745	-0.0168414130726	-0.0361951082074	-0.114106709045	-0.0244939696645	0.014930331968	-0.0312259911501	-0.0108574981538	0.00317879781185	0.045615151989	-0.00266872534084	-0.0393308455787	-0.0391112228889	-0.00614571036199	0.0550119771666	-0.019636303092	0.00344835721133	-0.0184349208149	-0.0270865027315	-0.066934565431	0.0117063316282	0.0246076084914	-0.0701810048248	0.00266821321729	0.03575261393	1.0	-0.00273486541613	-0.120008267273	-0.0124347077175	-0.0723117954185	0.00354761812215	-0.0258870217134	-0.0135946699863	-0.00552208779046	-0.0473752885418	0.0740742983885	-0.0220672600798	-0.0141441158622	-0.0266634646164	0.007759577738	0.0021625622334	0.0665655492593	-0.00202272629113	-0.00895712204932	0.0985207050246	-0.0343063278194	-0.0326263251073	-0.0258794091479	0.00032628243752	-0.00848145213932	-0.0192796434195	-0.0181890855479	0.0085107292819	-0.0219005237259	-0.0087348863153	0.0265747808329	-0.0205288541412	0.00265428416539	0.0100907089325	0.0368580218658
k__Bacteria;p__Bacteroidetes;c__Bacteroidia;o__Bacteroidales;f__Bacteroidaceae;g__Bacteroides;s__Bacteroides_coprophilus	-0.00881567209712	-0.011356107899	-0.0300125197739	-0.000879869992088	0.0025989139864	0.00658285432602	-0.0751950930842	0.0100009420025	0.000635500905926	-0.090232551576	-0.0351650413038	-0.0209227483246	-0.0487062478254	0.00853864176958	0.00711610863136	-0.0471182664326	-0.0368238327782	0.0396650110878	0.0164398466644	-0.0405429140898	0.00102911970293	0.0635200473752	-0.0435897039324	-0.0210272653965	-0.00273486541613	1.0	0.0438742757707	0.0339257713196	0.0202591222171	0.00295183051859	-0.01542742362	0.020399145253	-0.0272661755011	-0.0026798180444	-0.0247704885866	-0.00113001389187	0.0416601632733	-0.0306096585472	-0.0592844778353	-0.00296768545105	-0.0350132521992	0.00697828129837	0.046011810301	0.00838143871607	0.0153581909657	-0.0650307656713	-0.0663705686779	0.0287034473543	-0.0775565765604	0.0486699182555	0.0102463421837	-0.0630464274066	0.0439518819503	-0.0325325259353	0.0223612629182	-0.00143687709714	-0.0155533308279	0.0515950239947	-0.0127606104395
k__Bacteria;p__Firmicutes;c__Clostridia;o__Clostridiales;f__Lachnospiraceae;g__Roseburia;s__Roseburia_intestinalis	-0.00691133500443	-0.029146029566	0.0162015660843	-0.0413182402956	-0.0325980427223	-0.00811649325073	0.00888845258149	-0.00650099756384	0.00698724980895	-0.0229065289991	-0.0437647156535	-0.0283916182794	0.0351046452444	-0.00694859520231	0.00998391886081	-0.0162520772564	-0.0112856623539	0.0517412176782	0.011608109876	0.00487675047568	0.00418932762087	0.0164137179552	0.000416808519502	-0.00701756844179	-0.120008267273	0.0438742757707	1.0	0.00150203015634	0.0349907336913	-0.021914438919	-0.0269929576931	-0.0209624337031	-0.0351742363226	0.0136309974434	-0.0357626919449	-0.0236392167309	-0.0481880347099	0.0467525947892	-0.010550195154	-0.125073188299	-0.0336962171155	0.0209297662041	0.00398819713587	-0.0128207386721	0.0228229702876	-0.0376153947672	6.60235938086e-05	0.00603257107798	0.00329552893853	0.0264850080113	0.0228267426662	-0.0459959416329	0.0411003253609	-0.0307900446258	-0.0252224935305	0.00359238961564	0.0419246404575	0.00455562088499	-0.01055672736
k__Bacteria;p__Firmicutes;c__Clostridia;o__Clostridiales;f__Lachnospiraceae;g__Roseburia;s__Roseburia_hominis	-0.014262658189	0.000510276257337	0.00658977557295	-0.001911134018	-0.0475150607809	-0.0405132291176	0.0378778944378	0.0266047063649	0.00571700081592	0.0520306923216	-0.00787965061199	0.0475206464043	0.00083144988079	-0.00923570796993	0.00853436238831	0.0809053560264	0.0125498427019	-0.00487149229594	0.00266340868143	-0.124868971417	-0.0349887298252	0.0981775610241	0.0447423591292	-0.0283236972891	-0.0124347077175	0.0339257713196	0.00150203015634	1.0	-0.104398346339	-0.0219706524253	0.0153700838813	0.0301608093247	-0.0155215724984	-0.0166693000181	-0.02746086195	0.000683651035489	-0.0204119083603	-0.0435028890263	-0.0175586160816	-0.0153892646522	0.0531200591768	0.000770112312488	0.0290309466059	0.0394874660085	0.0079824833701	-0.0404763445205	0.0369325043291	-0.0601003065526	-0.0048727483554	0.0371284214846	-0.013041248954	-0.0696951201185	-0.0479905096995	-0.00762985467588	0.0021311858242	-0.0320013217894	-0.0439621387406	0.000546141166592	-0.00740124584464
k__Bacteria;p__Bacteroidetes;c__Bacteroidia;o__Bacteroidales;f__Porphyromonadaceae;g__Parabacteroides;s__Parabacteroides_johnsonii	0.0242988460349	-0.0160635857049	-0.0321577636517	-0.0239711554307	0.0436170189514	-0.00982967387398	-0.0434658562243	0.0482502971873	-0.0400630807934	0.0771204621253	-0.0803065824648	-0.0461322732694	0.0590349077124	0.00431139606921	-0.0367060507589	-0.024105078402	-0.0648590575062	-0.0152469692488	-0.0730464374491	-0.0152880644563	-0.0435394590151	0.0463738157913	-0.00861565738758	-0.00420541079203	-0.0723117954185	0.0202591222171	0.0349907336913	-0.104398346339	1.0	0.0431192119302	-0.04797053239	-0.00454088756972	-0.0223010413186	0.00569311210563	-0.0319686729015	0.0158976601638	-0.0577103088452	0.0165257863286	-0.0525455129112	-0.000168906436076	-0.0270940990113	-0.014177949499	0.0179167317801	0.0489132115428	-0.003738882704	-0.0288494476507	-0.0516116419543	0.00679084321654	-0.0294434305952	-0.0618077911781	-0.0150358809593	0.0282293329078	0.0140129728696	-0.0706505290957	-0.117196239938	0.0216047173041	0.0239395082442	0.00473846189526	-0.027345360094
k__Bacteria;p__Actinobacteria;c__Actinobacteria;o__Bifidobacteriales;f__Bifidobacteriaceae;g__Bifidobacterium;s__Bifidobacterium_longum	-0.0683626002581	0.0652659505216	0.0282276128067	0.00815692606591	0.044530285804	-0.00244110000964	-0.00873195385526	-0.0229631024415	0.0094991368095	-0.0276626278379	-0.0117622306648	-0.0338880830196	-0.0139077240177	-0.00453434988406	0.00429832390819	-0.0412883769127	0.0497302501548	-0.0496314782978	-0.0265184246731	-0.0540906531794	-0.035164217992	-0.0468716363414	0.00499959837485	-0.0649164836368	0.00354761812215	0.00295183051859	-0.021914438919	-0.0219706524253	0.0431192119302	1.0	-0.0166852544915	0.00802480721768	-0.0160194980512	0.0249648958395	0.0155847120416	0.00592987288857	-0.0104610250242	-0.0338216425464	-0.0500496843413	-0.0261177843093	-0.0534987990054	0.011127450409	0.0368171466851	0.00919470568087	0.021184613854	0.0113253655949	0.0158675829876	0.0331877668686	-0.0507689818886	0.0267311043553	-0.0360988471293	-0.00641215058878	0.0129985241354	-0.0291727150697	-0.00632658941441	-0.0250706452303	0.0327029243651	0.00321695992451	0.0131328614762
