#taxonomy	k__Bacteria;p__Bacteroidetes;c__Bacteroidia;o__Bacteroidales;f__Bacteroidaceae;g__Bacteroides;s__Bacteroides_vulgatus	k__Bacteria;p__Bacteroidetes;c__Bacteroidia;o__Bacteroidales;f__Bacteroidaceae;g__Bacteroides;s__Bacteroides_uniformis	k__Bacteria;p__Bacteroidetes;c__Bacteroidia;o__Bacteroidales;f__Rikenellaceae;g__Alistipes;s__Alistipes_putredinis	k__Bacteria;p__Bacteroidetes;c__Bacteroidia;o__Bacteroidales;f__Prevotellaceae;g__Prevotella;s__Prevotella_copri	k__Bacteria;p__Bacteroidetes;c__Bacteroidia;o__Bacteroidales;f__Bacteroidaceae;g__Bacteroides;s__Bacteroides_stercoris	k__Bacteria;p__Bacteroidetes;c__Bacteroidia;o__Bacteroidales;f__Bacteroidaceae;g__Bacteroides;s__Bacteroides_ovatus	k__Bacteria;p__Bacteroidetes;c__Bacteroidia;o__Bacteroidales;f__Rikenellaceae;g__Alistipes;s__Alistipes_shahii	k__Bacteria;p__Firmicutes;c__Clostridia;o__Clostridiales;f__Ruminococcaceae;g__Faecalibacterium;s__Faecalibacterium_prausnitzii	k__Bacteria;p__Bacteroidetes;c__Bacteroidia;o__Bacteroidales;f__Rikenellaceae;g__Alistipes;s__Alistipes_finegoldii	k__Bacteria;p__Bacteroidetes;c__Bacteroidia;o__Bacteroidales;f__Porphyromonadaceae;g__Parabacteroides;s__Parabacteroides_distasonis	k__Bacteria;p__Bacteroidetes;c__Bacteroidia;o__Bacteroidales;f__Bacteroidaceae;g__Bacteroides;s__Bacteroides_thetaiotaomicron	k__Bacteria;p__Bacteroidetes;c__Bacteroidia;o__Bacteroidales;f__Bacteroidaceae;g__Bacteroides;s__Bacteroides_coprocola	k__Bacteria;p__Bacteroidetes;c__Bacteroidia;o__Bacteroidales;f__Bacteroidaceae;g__Bacteroides;s__Bacteroides_cellulosilyticus	k__Bacteria;p__Bacteroidetes;c__Bacteroidia;o__Bacteroidales;f__Rikenellaceae;g__Alistipes;s__Alistipes_obesi	k__Bacteria;p__Firmicutes;c__Clostridia;o__Clostridiales;f__Lachnospiraceae;g__;s__[Eubacterium]_rectale	k__Bacteria;p__Bacteroidetes;c__Bacteroidia;o__Bacteroidales;f__Bacteroidaceae;g__Bacteroides;s__Bacteroides_plebeius	k__Bacteria;p__Bacteroidetes;c__Bacteroidia;o__Bacteroidales;f__Bacteroidaceae;g__Bacteroides;s__Bacteroides_fragilis	k__Bacteria;p__Proteobacteria;c__Betaproteobacteria;o__Burkholderiales;f__Sutterellaceae;g__Sutterella;s__Sutterella_wadsworthensis	k__Bacteria;p__Bacteroidetes;c__Bacteroidia;o__Bacteroidales;f__Porphyromonadaceae;g__Barnesiella;s__Barnesiella_intestinihominis	k__Bacteria;p__Bacteroidetes;c__Bacteroidia;o__Bacteroidales;f__Odoribacteraceae;g__Odoribacter;s__Odoribacter_splanchnicus	k__Bacteria;p__Bacteroidetes;c__Bacteroidia;o__Bacteroidales;f__Bacteroidaceae;g__Bacteroides;s__Bacteroides_salyersiae	k__Bacteria;p__Firmicutes;c__Clostridia;o__Clostridiales;f__Ruminococcaceae;g__Ruminiclostridium;s__[Eubacterium]_siraeum	k__Bacteria;p__Proteobacteria;c__Betaproteobacteria;o__Burkholderiales;f__Sutterellaceae;g__Parasutterella;s__Parasutterella_excrementihominis	k__Bacteria;p__Actinobacteria;c__Actinobacteria;o__Bifidobacteriales;f__Bifidobacteriaceae;g__Bifidobacterium;s__Bifidobacterium_adolescentis	k__Bacteria;p__Firmicutes;c__Clostridia;o__Clostridiales;f__Oscillospiraceae;g__Oscillibacter;s__Oscillibacter_sp._KLE_1745	k__Bacteria;p__Bacteroidetes;c__Bacteroidia;o__Bacteroidales;f__Bacteroidaceae;g__Bacteroides;s__Bacteroides_coprophilus	k__Bacteria;p__Firmicutes;c__Clostridia;o__Clostridiales;f__Lachnospiraceae;g__Roseburia;s__Roseburia_intestinalis	k__Bacteria;p__Firmicutes;c__Clostridia;o__Clostridiales;f__Lachnospiraceae;g__Roseburia;s__Roseburia_hominis	k__Bacteria;p__Bacteroidetes;c__Bacteroidia;o__Bacteroidales;f__Porphyromonadaceae;g__Parabacteroides;s__Parabacteroides_johnsonii	k__Bacteria;p__Actinobacteria;c__Actinobacteria;o__Bifidobacteriales;f__Bifidobacteriaceae;g__Bifidobacterium;s__Bifidobacterium_longum	k__Bacteria;p__Firmicutes;c__Clostridia;o__Clostridiales;f__;g__Flavonifractor;s__Flavonifractor_plautii	k__Bacteria;p__Firmicutes;c__Clostridia;o__Clostridiales;f__Clostridiaceae;g__Clostridium;s__Clostridium_phoceensis	k__Bacteria;p__Verrucomicrobia;c__Verrucomicrobiae;o__Verrucomicrobiales;f__Akkermansiaceae;g__Akkermansia;s__Akkermansia_muciniphila	k__Bacteria;p__Bacteroidetes;c__Bacteroidia;o__Bacteroidales;f__Prevotellaceae;g__Paraprevotella;s__Paraprevotella_xylaniphila	k__Bacteria;p__Firmicutes;c__Clostridia;o__Clostridiales;f__Ruminococcaceae;g__Ruminococcus;s__Ruminococcus_callidus	k__Bacteria;p__Bacteroidetes;c__Bacteroidia;o__Bacteroidales;f__Rikenellaceae;g__Alistipes;s__Alistipes_senegalensis	k__Bacteria;p__Firmicutes;c__Clostridia;o__Clostridiales;f__Lachnospiraceae;g__Blautia;s__Blautia_sp._KLE_1732	k__Bacteria;p__Bacteroidetes;c__Bacteroidia;o__Bacteroidales;f__Bacteroidaceae;g__Bacteroides;s__Bacteroides_oleiciplenus	k__Bacteria;p__Firmicutes;c__Clostridia;o__Clostridiales;f__Ruminococcaceae;g__Ruminococcus;s__Ruminococcus_bicirculans	k__Bacteria;p__Bacteroidetes;c__Bacteroidia;o__Bacteroidales;f__Bacteroidaceae;g__Bacteroides;s__Bacteroides_fluxus	k__Bacteria;p__Bacteroidetes;c__Bacteroidia;o__Bacteroidales;f__Prevotellaceae;g__Prevotella;s__Prevotella_stercorea	k__Bacteria;p__Firmicutes;c__Clostridia;o__Clostridiales;f__Lachnospiraceae;g__Dorea;s__Dorea_longicatena	k__Bacteria;p__Firmicutes;c__Clostridia;o__Clostridiales;f__Eubacteriaceae;g__Eubacterium;s__[Eubacterium]_eligens	k__Bacteria;p__Firmicutes;c__Clostridia;o__Clostridiales;f__Ruminococcaceae;g__;s__Ruminococcaceae_bacterium_D16	k__Bacteria;p__Firmicutes;c__Clostridia;o__Clostridiales;f__Lachnospiraceae;g__Coprococcus;s__Coprococcus_comes	k__Bacteria;p__Proteobacteria;c__Gammaproteobacteria;o__Enterobacterales;f__Enterobacteriaceae;g__Escherichia;s__Escherichia_coli	k__Bacteria;p__Firmicutes;c__Clostridia;o__Clostridiales;f__Ruminococcaceae;g__Anaerotruncus;s__Anaerotruncus_colihominis	k__Bacteria;p__Firmicutes;c__Clostridia;o__Clostridiales;f__Lachnospiraceae;g__Blautia;s__Blautia_obeum	k__Bacteria;p__Bacteroidetes;c__Bacteroidia;o__Bacteroidales;f__Odoribacteraceae;g__Odoribacter;s__Odoribacter_laneus	k__Bacteria;p__Firmicutes;c__Clostridia;o__Clostridiales;f__Ruminococcaceae;g__Ruminiclostridium;s__[Clostridium]_leptum	k__Bacteria;p__Bacteroidetes;c__Bacteroidia;o__Bacteroidales;f__Porphyromonadaceae;g__Parabacteroides;s__Parabacteroides_goldsteinii	k__Bacteria;p__Firmicutes;c__Clostridia;o__Clostridiales;f__Lachnospiraceae;g__Anaerostipes;s__Anaerostipes_hadrus	k__Bacteria;p__Firmicutes;c__Clostridia;o__Clostridiales;f__Ruminococcaceae;g__Ruminococcus;s__Ruminococcus_lactaris	k__Bacteria;p__Firmicutes;c__Clostridia;o__Clostridiales;f__Clostridiaceae;g__Clostridium;s__Clostridium_sp._L2-50	k__Bacteria;p__Firmicutes;c__Clostridia;o__Clostridiales;f__Clostridiaceae;g__Clostridium;s__Clostridium_sp._M62/1	k__Bacteria;p__Firmicutes;c__Clostridia;o__Clostridiales;f__;g__Intestinimonas;s__Intestinimonas_butyriciproducens	k__Bacteria;p__Actinobacteria;c__Actinobacteria;o__Bifidobacteriales;f__Bifidobacteriaceae;g__Bifidobacterium;s__Bifidobacterium_bifidum	k__Bacteria;p__Firmicutes;c__Negativicutes;o__Veillonellales;f__Veillonellaceae;g__Dialister;s__Dialister_invisus	k__Bacteria;p__Bacteroidetes;c__Bacteroidia;o__Bacteroidales;f__Bacteroidaceae;g__Bacteroides;s__Bacteroides_salanitronis
k__Bacteria;p__Bacteroidetes;c__Bacteroidia;o__Bacteroidales;f__Bacteroidaceae;g__Bacteroides;s__Bacteroides_vulgatus	1.0	-0.0616028213375	0.0224206491241	0.0782021928259	0.0423936867994	-0.0232646318546	0.0201907719092	0.0173704449187	-0.0550826152205	-0.0620282783325	-0.0416572305461	-0.0613727684846	-0.0158876589763	0.0499495706988	-0.0489033645132	-0.0799948844619	-0.0151050672855	-0.0328196562301	-0.00564747457349	-0.0169924377064	0.0394687458584	0.0136870712316	0.0276534634958	-0.0239647821636	0.0541499561345	-0.0165433266903	-0.0367989601987	-0.00252972739078	0.0251447761572	0.0175113061776	0.0108631605349	-0.111019865146	-0.0234639818258	0.0460374138898	-0.0275895215572	-0.0725198890938	-0.0496157594855	0.0259798613051	0.0172763168171	-0.08039235408	0.0140476325184	-0.0800823429339	0.0498917139555	-0.00672131883194	-0.0122926893794	0.0698206094039	-0.00999667845199	0.048460499481	0.0279013863495	0.00329009574926	-0.0168706079367	-0.00519375287333	0.0218414446601	-0.0248887289951	-0.0334597523729	-0.0163643931823	0.0129149414077	0.046437889474	-0.0387339229285
k__Bacteria;p__Bacteroidetes;c__Bacteroidia;o__Bacteroidales;f__Bacteroidaceae;g__Bacteroides;s__Bacteroides_uniformis	-0.0616028213375	1.0	-0.00931314558943	-0.0129593732474	-0.0201896113031	0.0215336511504	0.0192737290313	0.022223025027	-0.0214955484275	0.0585571854295	-0.00500224777713	-0.00597775599504	-0.0245537286165	0.0627038615089	0.027694116291	-0.00288776051162	0.00790403835832	0.00773487524657	-0.0544552878073	-0.0447609488224	-0.0479473090256	0.0108848517388	0.0413106305013	-0.0777969556221	0.0135079808997	-0.0692692990035	-0.00859754098273	-0.0291954734325	0.00126048095038	-0.0200014170263	0.0777190390172	0.0115669732366	-0.0657865780284	0.0418111599209	-0.0289016280772	-0.0352613239261	-0.0551830142645	0.0213729336167	0.0653091873924	0.0253068957623	-0.0535204441948	-0.0303438937738	-0.00951311367634	0.00420649992082	-0.0275770652837	0.00710183324196	-0.0502757969361	-0.0698998920291	0.00657453312782	0.0131790250497	0.00405960635006	0.00451784179859	-0.00692697060495	-0.0528172123478	-0.0381809127095	0.0615708813096	-0.0254162048867	-0.0413482997153	-0.00606915613701
k__Bacteria;p__Bacteroidetes;c__Bacteroidia;o__Bacteroidales;f__Rikenellaceae;g__Alistipes;s__Alistipes_putredinis	0.0224206491241	-0.00931314558943	1.0	0.010415351169	0.0188553673898	-0.0143341988408	-0.00918607702361	0.00297930843127	-0.0225478747765	0.0287194772779	-0.0237646336039	-0.00646061540943	0.011658030556	-0.00640961923185	0.00884017913852	-0.0012912370446	0.00739604572364	-0.0496632293379	0.00394776455845	0.0844177007892	-0.0314746620899	-0.0297995913497	-0.0489480565537	0.00950010092785	0.0394249310429	0.0298837438463	0.00420392401404	-0.00706181391015	-0.00191892891326	-0.0160409402966	-0.0276283878441	-0.013209277302	-0.0298201340628	0.03007686834	0.0122645770868	-0.0408130576417	-0.0199767764111	0.0166231932945	-0.0423645998723	-0.0981700821902	-0.0730141184687	-0.0410827799829	0.0074778618844	-0.0300900292004	-0.0446299614194	-0.032878588389	0.0432980504513	-0.059837934956	-0.0606717060215	0.0099621161264	-0.0304056017255	0.0195396185892	-0.0210647256822	-0.0148849295696	0.00189030666108	-0.0230316600695	0.0511897377463	0.0105870393475	-0.060955680405
k__Bacteria;p__Bacteroidetes;c__Bacteroidia;o__Bacteroidales;f__Prevotellaceae;g__Prevotella;s__Prevotella_copri	0.0782021928259	-0.0129593732474	0.010415351169	1.0	-0.03633856694	-0.00218805334187	0.0149907598937	-0.0200305446582	-0.0141503859078	-0.0304058491227	0.0019686028092	0.00967141496751	-0.0520698802921	-0.0376685135676	0.000261261749267	0.0233534825409	0.00163124176174	-0.0312755899364	0.0289753680653	-0.0393307145248	-0.00690517506553	-0.0350058078097	-0.063298491361	-0.0417010316406	0.0406576470985	0.0196424263658	0.009170893025	-0.00832887569649	0.00345818973905	0.000667677611939	0.0472680608456	-0.0862247787974	0.0610886930431	-0.0244581102655	-0.00966216136257	-0.0648476315452	-0.0361538025204	0.0515160834965	-0.0081822472852	-0.046835346437	0.0389037698748	-0.0324594668454	-0.0133844433087	0.0522284420467	-0.0164024059171	0.0658819738912	0.0198759749821	0.0344891177207	-0.0634419774089	-0.0114323009695	0.0307581769613	-0.00398263412847	-0.0562237566494	0.00710611871327	-0.0250239363982	0.0267448912976	-0.00645395569879	-0.0519237721733	-0.00248924851697
k__Bacteria;p__Bacteroidetes;c__Bacteroidia;o__Bacteroidales;f__Bacteroidaceae;g__Bacteroides;s__Bacteroides_stercoris	0.0423936867994	-0.0201896113031	0.0188553673898	-0.03633856694	1.0	-0.0151886038275	-0.0348616329279	0.0117539701855	-0.0102670189772	0.0663794900613	0.0136560444468	-0.0480605923156	-0.0713396259174	0.018528183383	-0.00491640006328	0.0306352400345	-0.0410730053431	-0.00853123285201	-0.0212051655096	0.017611157918	0.0410379746556	0.025060931745	0.0369972000263	0.0252006267096	0.0471499320394	-0.0312082846816	-0.0202265326231	-0.0226658068035	-0.0764946940746	0.00567955411521	0.0430397697384	0.00564013051416	-0.00728901708156	-0.00769000136889	-0.0398405056342	-0.0548390168132	-0.0298160455047	-0.0818491887965	0.0112444720091	0.0182227191304	0.00671708308617	0.0168080500679	-0.0409299387262	0.00921428547657	-0.0274497878813	-0.0326048522339	0.0399547267508	-0.0359126002179	-0.0546439268742	-0.0325482444897	0.0490707398992	-0.0402052246	-0.0171107050471	0.00359708660412	-0.00406819501768	-1.69276603132e-05	-0.0847370529802	-0.0108946404393	0.0192318769265
k__Bacteria;p__Bacteroidetes;c__Bacteroidia;o__Bacteroidales;f__Bacteroidaceae;g__Bacteroides;s__Bacteroides_ovatus	-0.0232646318546	0.0215336511504	-0.0143341988408	-0.00218805334187	-0.0151886038275	1.0	-0.0474568959414	-0.0291444508279	0.099433287676	-0.00127998389406	-0.0199591958255	0.0459123222259	-0.0991720501206	-0.0893248339484	0.000937254831421	-0.0571352020855	0.0205662234178	-0.0194297667611	0.0315720451583	0.0526806348724	0.0410838328651	-0.0117454017953	-0.00577044819552	-0.0100054897982	-0.026467696276	-0.0287361284102	-0.00602062274006	0.0450764723876	-0.108888167545	0.00537434974476	0.020432150357	-0.0575928579655	-0.00458284352446	0.00133484234569	-0.0347436287601	-0.0102200992136	0.0310046064999	-0.027453041465	-0.0142281852434	-0.0242207220151	0.0213700408372	-0.0053514961589	0.0221704695183	-0.072697960396	-0.0138282324456	-0.040984635258	-0.0242953989608	0.00539859394233	0.0258672539562	-0.00841773682751	0.0274496591888	-0.00858118615842	0.0296857796979	-0.0576778614835	0.0700899226301	-0.0337926756393	0.0056015196741	0.0709404103586	0.0157219913296
k__Bacteria;p__Bacteroidetes;c__Bacteroidia;o__Bacteroidales;f__Rikenellaceae;g__Alistipes;s__Alistipes_shahii	0.0201907719092	0.0192737290313	-0.00918607702361	0.0149907598937	-0.0348616329279	-0.0474568959414	1.0	-0.0209918628695	0.0112641010598	0.0113228978946	0.0173697547743	0.0136595192752	-0.0437119529235	0.029844644332	-0.0343983238499	-0.0480480574309	0.00724442845931	0.0154502879225	0.0509556067145	-0.033526877553	-0.0114875038769	-0.0106102455477	-0.0066299599616	0.016785231592	0.036901372264	0.0355545061102	0.0278102502217	-0.0509328228182	-0.017388383072	0.0133312118514	-0.0837526719729	-0.0211521138989	0.054713949176	0.0387657940409	-0.0165082672224	0.0507951456705	0.035032741941	0.0866116225108	-0.0371750063452	-0.0743272415549	0.00779135276785	-0.0188912051628	-0.0396623131614	0.0253031351807	0.0251029610389	-0.0343910278503	0.00668080986371	-0.0207054473108	0.0025567631056	0.0663727375792	-0.0226141205513	-0.0726750672992	0.0248740022947	-0.0231672602518	-0.00347583194796	-0.0376485740066	0.00685038074225	0.021132143775	-0.0304445901729
k__Bacteria;p__Firmicutes;c__Clostridia;o__Clostridiales;f__Ruminococcaceae;g__Faecalibacterium;s__Faecalibacterium_prausnitzii	0.0173704449187	0.022223025027	0.00297930843127	-0.0200305446582	0.0117539701855	-0.0291444508279	-0.0209918628695	1.0	0.0130971812599	0.0108785561362	0.0480220373607	0.0246250151651	-0.0326543856757	0.0271505334513	-0.0461002196498	-0.0144392513795	0.0100933261319	-0.0229756054732	-0.0134905506394	0.0387420705011	-0.0114081100792	-0.0409826247876	-0.0132375976852	0.0150872316689	-0.00074782366136	0.0363802127497	0.0480100158157	-0.042722559015	0.00247755872004	-0.0796457824119	0.0158290831382	-0.0420585033046	-0.0816702099578	-0.0264907271171	-0.0584535697427	-0.0509325709919	-0.0349669641498	-0.0569801088819	-0.00242845126196	0.0492165478742	0.053746755464	-0.0731484176583	-0.0653235987301	0.0135247001057	-0.00103934892023	-0.00667682667096	-0.0186207645075	-0.0212681093086	-0.0394510418837	-0.0427356478853	-0.00167309898808	0.0741459810165	0.00014401198547	-0.00827054273593	0.0198429765008	-0.0342109009194	0.000751238909903	-0.0432187772284	0.0107411270991
k__Bacteria;p__Bacteroidetes;c__Bacteroidia;o__Bacteroidales;f__Rikenellaceae;g__Alistipes;s__Alistipes_finegoldii	-0.0550826152205	-0.0214955484275	-0.0225478747765	-0.0141503859078	-0.0102670189772	0.099433287676	0.0112641010598	0.0130971812599	1.0	-0.0203663337702	0.0413148020302	-0.048904813604	-0.0519512872827	-0.0334571483942	0.0233621586721	-0.011837584216	-0.0379337637202	-0.0244373274357	0.058918510592	-0.0616491223842	-0.0221070154802	0.0154264047236	-0.0338761147588	-0.0260899174865	-0.00163875187705	-0.0257588408322	0.0509719546656	0.00466428701403	-0.0232944373291	0.00319329492923	0.00987446165829	-0.061574003835	0.00743010534404	0.0296735484553	-0.103085747584	-0.0287595811901	0.0222154661999	-0.0318978368834	0.00448665281433	-0.0618032663888	-0.0692247023198	0.0134588148488	0.0134599980786	0.0233984226683	-0.0155266628119	0.0131036179849	0.0126545046221	0.00281514828577	-0.00462376351419	0.0269733280781	0.0361544031034	-0.0605010113603	0.0492819441958	-0.00148289374683	0.0141567526448	-0.00777177349706	0.0224126548756	-0.00762146456137	0.0361461400408
k__Bacteria;p__Bacteroidetes;c__Bacteroidia;o__Bacteroidales;f__Porphyromonadaceae;g__Parabacteroides;s__Parabacteroides_distasonis	-0.0620282783325	0.0585571854295	0.0287194772779	-0.0304058491227	0.0663794900613	-0.00127998389406	0.0113228978946	0.0108785561362	-0.0203663337702	1.0	0.0205775370755	-0.0499143186263	0.046523289859	-0.0181693537291	0.0520950256368	-0.0118144989302	-0.0328642047383	-0.0165027176939	-0.0301168513989	-0.0140978874282	0.0062423932866	0.0222056207291	0.0361523923372	-0.0710540178644	-0.0300457231804	-0.0182711856653	0.030774607312	-0.0311024959017	-0.0430210534746	-0.0401362807912	-0.0783298686958	-0.00522508649796	-0.0486392528178	0.0253821933931	0.0133126971749	0.024448015688	0.0305822087429	0.021409227196	0.0566213882809	-0.0595465913561	-0.065998659435	-0.0351635958363	-0.021454057034	-0.0176617696418	-0.00634326172326	0.0273337252781	-0.0325124836302	-0.0373683028025	-0.0415297132933	0.0425821063273	-0.0166324225451	0.0574657822153	-0.0463373936323	-0.0506872931833	0.0265675172731	-0.0699790684459	0.0306652425049	-0.012069241745	0.0272609644834
k__Bacteria;p__Bacteroidetes;c__Bacteroidia;o__Bacteroidales;f__Bacteroidaceae;g__Bacteroides;s__Bacteroides_thetaiotaomicron	-0.0416572305461	-0.00500224777713	-0.0237646336039	0.0019686028092	0.0136560444468	-0.0199591958255	0.0173697547743	0.0480220373607	0.0413148020302	0.0205775370755	1.0	-0.049917421622	0.021137052189	0.0351830013608	0.0845555321924	-0.0124351476205	0.0310022163337	0.00298901589991	-0.0140549223577	-0.0520594880086	0.0160383978691	-0.0448204982274	-0.00586916032311	0.0332849962479	-0.00973878918657	0.0454907358995	-0.0462135270835	-0.0152949895981	-0.058354054823	-0.0719854932423	-0.0535690945352	0.00227334017768	-0.0235634103323	-0.0139730806255	0.085781180258	0.0284247954086	-0.0237383987125	-0.0438805379116	0.0172070080001	-0.116164090866	-0.0389816346092	0.0183885502833	0.0379458889932	0.0236715039711	0.00678768652218	0.0527857047193	0.0095341408599	0.0446430706501	-0.0711026130489	0.0137841235662	-0.0112758332887	0.0169121913878	0.000822614699618	-0.0227399060685	0.0130980485324	-0.00155858218901	0.0508501300441	-0.0275609718119	0.0177310857412
k__Bacteria;p__Bacteroidetes;c__Bacteroidia;o__Bacteroidales;f__Bacteroidaceae;g__Bacteroides;s__Bacteroides_coprocola	-0.0613727684846	-0.00597775599504	-0.00646061540943	0.00967141496751	-0.0480605923156	0.0459123222259	0.0136595192752	0.0246250151651	-0.048904813604	-0.0499143186263	-0.049917421622	1.0	-0.0246732828073	-0.011196607237	0.0345021327408	0.0434555624289	0.0654153092673	0.0320993769209	0.0623935618695	-0.0694345302877	-0.0722382301418	-0.048785848581	-0.0162968497911	0.000114107118868	0.0275058567888	-0.00738242654972	-0.0147216418388	-0.0150582171529	-0.0259579487007	0.0150397166077	0.0243823058459	0.00787328851885	-0.0142992361186	0.00049358922891	-0.049478693103	-0.077944080992	0.020421759204	0.0370710245769	0.0701862776181	0.0223492658416	0.0447689535794	0.0674451274051	-0.00591627803409	-0.0290680265014	-0.0503240573236	-0.0363028140916	0.0143140044683	-0.0481020713862	-0.0465071268335	0.0178427103474	0.0414784747512	-0.0429317067561	0.000814764676745	-0.013437389658	-0.00237800814598	0.0154369363877	-0.00244668118745	-0.0104330065559	-0.053326577554
k__Bacteria;p__Bacteroidetes;c__Bacteroidia;o__Bacteroidales;f__Bacteroidaceae;g__Bacteroides;s__Bacteroides_cellulosilyticus	-0.0158876589763	-0.0245537286165	0.011658030556	-0.0520698802921	-0.0713396259174	-0.0991720501206	-0.0437119529235	-0.0326543856757	-0.0519512872827	0.046523289859	0.021137052189	-0.0246732828073	1.0	-0.0738123670309	-0.0333593495313	0.0053132768602	-0.0673401418383	-0.0244745858801	0.0744734577722	-0.0412775143334	0.0319698229125	-0.0714824067033	-0.024686865539	-0.0461762097976	0.0139630333064	0.000195349738205	-0.00433919992987	0.00651673557374	-0.0252935331631	-0.0353040672618	0.00861973945471	-0.0204076150797	0.0730098409797	-0.000992712012885	0.00702911906166	0.0819358712107	0.0239040179147	0.0101531672198	0.00225985482024	-0.00707077097224	-0.000204593412005	0.0156049982103	0.0137164918489	-0.0322692735135	-0.0350630754918	0.0349383347218	-0.033386992238	0.0433207556255	-0.0415983819271	-0.0069218006385	0.0122515017976	0.0382813751875	0.0406480526696	0.000464177616752	-0.0174821840994	0.0509730334918	-0.00667491821634	-0.00143749584249	-0.0127388554821
k__Bacteria;p__Bacteroidetes;c__Bacteroidia;o__Bacteroidales;f__Rikenellaceae;g__Alistipes;s__Alistipes_obesi	0.0499495706988	0.0627038615089	-0.00640961923185	-0.0376685135676	0.018528183383	-0.0893248339484	0.029844644332	0.0271505334513	-0.0334571483942	-0.0181693537291	0.0351830013608	-0.011196607237	-0.0738123670309	1.0	-0.0090102057109	0.0079481430681	-0.0882937335507	-0.0302117123319	-0.000890379826252	6.69871957772e-06	-0.0656545708558	-0.0073867716329	0.0362846329277	-0.0244733537148	-0.010249453257	-0.0693955533635	-0.00101028072795	-0.0936189197982	0.00662199571468	-0.0405534208601	-0.0095852915578	-0.0166562467381	0.0403792310566	-0.0163638367841	-0.04744717594	0.0312333521911	-0.0337921521116	-0.0455548327006	-0.0335995227591	-0.0279727821518	0.0258705252315	0.0185813623526	-0.00538573080151	0.0341302822085	0.0401468877327	0.00515018648184	-0.0847099209895	-0.00603079469182	0.0385503431609	0.0124599295459	-0.0257526578269	-0.060133292941	0.00151484949641	0.00518106934992	-0.000188479568272	-0.100690172393	-0.0843112177546	0.00286883217352	0.0346187266422
k__Bacteria;p__Firmicutes;c__Clostridia;o__Clostridiales;f__Lachnospiraceae;g__;s__[Eubacterium]_rectale	-0.0489033645132	0.027694116291	0.00884017913852	0.000261261749267	-0.00491640006328	0.000937254831421	-0.0343983238499	-0.0461002196498	0.0233621586721	0.0520950256368	0.0845555321924	0.0345021327408	-0.0333593495313	-0.0090102057109	1.0	-0.018728869382	-0.00397989740977	0.0432639585357	-0.026003730355	-0.0668783985107	0.0127158362351	-0.00437585464168	-0.012986238727	0.0989312435207	-0.0120383236662	0.0595936131842	-0.0474112319386	-0.0347531391444	0.0405447090693	-0.0523768461065	-0.0813133426136	-0.0175939209932	-0.00705905449546	-0.0121983285627	0.0376978648995	-0.0132983482222	0.0679038954536	-0.0257422606116	-0.0450000221685	0.0306661341818	-0.00179281127214	-0.00673713730947	-0.0336847106357	0.00722908819493	-0.0537539895651	0.0247402648257	-0.0125141507047	-0.0123565249072	0.0356480490604	-0.0682667337598	-0.00291422104899	-0.0319423122327	0.0111145550479	0.00897067173853	-0.0534760861761	-0.0462849011017	-0.0434206706226	-0.0844249645799	0.0224280407461
k__Bacteria;p__Bacteroidetes;c__Bacteroidia;o__Bacteroidales;f__Bacteroidaceae;g__Bacteroides;s__Bacteroides_plebeius	-0.0799948844619	-0.00288776051162	-0.0012912370446	0.0233534825409	0.0306352400345	-0.0571352020855	-0.0480480574309	-0.0144392513795	-0.011837584216	-0.0118144989302	-0.0124351476205	0.0434555624289	0.0053132768602	0.0079481430681	-0.018728869382	1.0	-0.00949478792563	-0.0581566033545	-0.0913565839149	0.018635419325	-0.0182693558081	0.00966273207948	0.0301070925765	0.000565405726442	-0.00126245040607	0.0214293817984	0.0181039614556	-0.0196116692835	0.0432106963301	0.0379366423668	-0.0247062995595	-0.0304567079854	-0.0433306165713	0.042508287158	-0.0664727286796	-0.0141731693657	-0.0247523571844	0.0140038214207	-0.0363753890522	-0.0310699230993	-0.0363605440912	0.0129969815446	0.0208648253875	0.0397271453223	-0.0373060126867	-0.0174605218784	-0.0326217302824	-0.0190378045972	-0.0813110842318	0.0174064856076	0.0102081946127	-0.0296759704555	-0.00501291972744	0.0293700604719	0.000407056532563	0.0245101798915	0.0247298552762	-0.0233892512948	-0.0334806680561
k__Bacteria;p__Bacteroidetes;c__Bacteroidia;o__Bacteroidales;f__Bacteroidaceae;g__Bacteroides;s__Bacteroides_fragilis	-0.0151050672855	0.00790403835832	0.00739604572364	0.00163124176174	-0.0410730053431	0.0205662234178	0.00724442845931	0.0100933261319	-0.0379337637202	-0.0328642047383	0.0310022163337	0.0654153092673	-0.0673401418383	-0.0882937335507	-0.00397989740977	-0.00949478792563	1.0	0.00611375929613	-0.0477962909677	0.0570921458429	0.0265089833367	-0.0346201222613	-0.0107131586465	-0.0164432195435	-0.00625341500867	-0.0562398469526	0.0113864804001	0.0195160822595	-0.0130807829337	0.0417712454191	-0.0503372476241	-0.0517677455275	0.0262861020193	-0.0292420331685	0.0144662485002	-0.0809070160056	-0.046476058617	0.0182099660409	-0.0399635577057	-0.0387106837716	-0.046957844849	0.0132937593145	-0.0635575750736	0.00380846890249	-0.00546947222281	0.0114645218523	-0.0100853435158	-0.00729779398178	-0.00417569446131	-0.00816123483742	0.0277345735129	0.00654731514342	-0.00264480301911	-0.0281432175525	-0.0191056185542	-0.0215807813486	-0.0941935198283	-0.0107020533727	-0.0392644365136
k__Bacteria;p__Proteobacteria;c__Betaproteobacteria;o__Burkholderiales;f__Sutterellaceae;g__Sutterella;s__Sutterella_wadsworthensis	-0.0328196562301	0.00773487524657	-0.0496632293379	-0.0312755899364	-0.00853123285201	-0.0194297667611	0.0154502879225	-0.0229756054732	-0.0244373274357	-0.0165027176939	0.00298901589991	0.0320993769209	-0.0244745858801	-0.0302117123319	0.0432639585357	-0.0581566033545	0.00611375929613	1.0	0.0340788323408	0.0591228787057	-0.0214699596774	-0.0543148943482	-0.0302116757009	0.0341159169328	-0.023694833837	0.0740026866918	-0.00926412408654	0.00839058633761	-0.0725159817588	-0.0216627118126	0.0851876543228	0.0831750453862	-0.00292216822552	-0.00749264994773	-0.000654773759319	0.0494560677301	-0.00392132112929	0.00361930007062	-0.0210230282418	-0.0101846936916	-0.0270331888508	0.0626879212955	0.0256063727997	-0.0565349509376	-0.0168076878995	-0.039088179659	0.036062512104	-0.00790659600838	0.0430057280373	-0.0144555830987	0.0108998586142	-0.078463993899	-0.0197151210201	0.00804083319562	-0.0583757518653	0.000569584899878	0.0353364490967	0.0223259656521	-0.00840113916552
k__Bacteria;p__Bacteroidetes;c__Bacteroidia;o__Bacteroidales;f__Porphyromonadaceae;g__Barnesiella;s__Barnesiella_intestinihominis	-0.00564747457349	-0.0544552878073	0.00394776455845	0.0289753680653	-0.0212051655096	0.0315720451583	0.0509556067145	-0.0134905506394	0.058918510592	-0.0301168513989	-0.0140549223577	0.0623935618695	0.0744734577722	-0.000890379826252	-0.026003730355	-0.0913565839149	-0.0477962909677	0.0340788323408	1.0	0.0195023284444	0.0304253781952	0.0729290244223	0.000922509098943	-0.0341026996565	-0.0475649572271	-0.00520136932728	-0.0493590005638	0.0910524622133	-0.0395259321484	-0.015993441722	0.00842509409711	-0.027577950458	-0.0135810779095	0.0196852201665	-0.0136771391525	0.00220951441686	-0.030905472914	0.00997670262778	0.0231660070543	0.0210523667822	-0.019741461743	-0.0648642628151	0.00860173910242	0.000821190179338	0.0607931104589	-0.094343523276	-0.0138405951986	-0.0493514706706	-0.0296471874526	0.074330423492	0.00140874470811	-0.073818174561	0.0473921347882	-0.0568035262801	-0.0668059026716	-0.0422086352523	-0.0311823280111	0.0376159564496	0.00105040354312
k__Bacteria;p__Bacteroidetes;c__Bacteroidia;o__Bacteroidales;f__Odoribacteraceae;g__Odoribacter;s__Odoribacter_splanchnicus	-0.0169924377064	-0.0447609488224	0.0844177007892	-0.0393307145248	0.017611157918	0.0526806348724	-0.033526877553	0.0387420705011	-0.0616491223842	-0.0140978874282	-0.0520594880086	-0.0694345302877	-0.0412775143334	6.69871957772e-06	-0.0668783985107	0.018635419325	0.0570921458429	0.0591228787057	0.0195023284444	1.0	-0.0229262329317	-0.0168089542216	-0.0174905131649	0.0232362109827	-0.0481277760421	-0.0587580746083	-0.00152343446262	-0.0317100503526	-0.0983798564389	-0.0703889124094	-0.00841234640778	-0.0103957113078	0.00509733292913	-0.029472244506	0.0463285509044	-0.00944486946542	-0.0181975072933	-0.0257123097735	-0.0367717839397	-0.0524169477168	0.0136750552317	-0.0409772804316	0.0619546078374	-0.0687996015273	0.0870627213644	0.0249701219004	0.0437290134921	0.0387628682496	-0.040803796161	0.0103459306714	0.0660555720828	-0.0434953394419	-0.00527695001456	0.00508225214859	0.00389912022627	-0.0545011633148	-0.0607006226264	-0.00673974035971	0.0242411698351
k__Bacteria;p__Bacteroidetes;c__Bacteroidia;o__Bacteroidales;f__Bacteroidaceae;g__Bacteroides;s__Bacteroides_salyersiae	0.0394687458584	-0.0479473090256	-0.0314746620899	-0.00690517506553	0.0410379746556	0.0410838328651	-0.0114875038769	-0.0114081100792	-0.0221070154802	0.0062423932866	0.0160383978691	-0.0722382301418	0.0319698229125	-0.0656545708558	0.0127158362351	-0.0182693558081	0.0265089833367	-0.0214699596774	0.0304253781952	-0.0229262329317	1.0	0.0540835387419	0.0143096987041	0.083753347089	-0.00723414133094	-0.0409154552906	-0.0360183069542	0.00227935426266	-0.0062685565897	0.0177718439119	-0.0410103383352	0.0274815474461	0.0414849277261	-0.0380624677745	-0.00631258805545	-0.0528838170688	-0.007482905033	-0.0133152820215	-0.00724921468658	-0.0351530269829	-0.0538477871566	-0.0484785349049	-0.0233994732768	0.021525286602	0.0138382488021	-0.00290144328361	-0.0635430988071	-0.0161503204834	0.0688335179815	-0.00716388628268	-0.0353318813534	-0.0524883765754	-0.0507876965022	0.00861181735659	-0.00115427971215	0.0165981321365	0.0417834461891	0.0514957259281	-0.0357346811064
k__Bacteria;p__Firmicutes;c__Clostridia;o__Clostridiales;f__Ruminococcaceae;g__Ruminiclostridium;s__[Eubacterium]_siraeum	0.0136870712316	0.0108848517388	-0.0297995913497	-0.0350058078097	0.025060931745	-0.0117454017953	-0.0106102455477	-0.0409826247876	0.0154264047236	0.0222056207291	-0.0448204982274	-0.048785848581	-0.0714824067033	-0.0073867716329	-0.00437585464168	0.00966273207948	-0.0346201222613	-0.0543148943482	0.0729290244223	-0.0168089542216	0.0540835387419	1.0	-0.0531405242285	-0.0251205590303	-0.00640094602715	-0.00706639810612	-0.00490109979504	-0.104819572925	0.0502478033936	-0.0615246810273	0.0294316942182	-0.0153083916852	0.0166945464793	-0.0184091568138	0.0231631568178	-0.00256333798237	0.0147988324185	-0.0502217840164	-0.0614512495874	-0.0175134442881	-0.0304337079715	-0.0148763797143	0.00499697251716	-0.0494367758686	0.0672049625629	-0.000446246568609	-0.0249290567618	-0.0252378733021	-0.0325083610466	-0.0167767131043	-0.0379713819041	-0.0184219889269	0.0277538430684	-0.0122355737094	-0.0726175660151	0.00508982067424	-0.0425088893555	0.0465126770697	0.0550279055112
k__Bacteria;p__Proteobacteria;c__Betaproteobacteria;o__Burkholderiales;f__Sutterellaceae;g__Parasutterella;s__Parasutterella_excrementihominis	0.0276534634958	0.0413106305013	-0.0489480565537	-0.063298491361	0.0369972000263	-0.00577044819552	-0.0066299599616	-0.0132375976852	-0.0338761147588	0.0361523923372	-0.00586916032311	-0.0162968497911	-0.024686865539	0.0362846329277	-0.012986238727	0.0301070925765	-0.0107131586465	-0.0302116757009	0.000922509098943	-0.0174905131649	0.0143096987041	-0.0531405242285	1.0	0.0364372389622	0.00677134466012	-0.0315823603527	-0.00916833145507	0.0144122110348	-0.0410458121136	-0.0110222825553	-0.0532271272929	0.0360992759622	-0.0186040798882	0.00486544510304	-0.0159713856758	0.00601758215372	-0.0301237387366	-0.0300341910833	0.00938844412324	-0.0213130315748	-0.0623244053011	0.0283241115658	0.081694424116	-0.0657851723857	0.00267714000941	-0.053160211549	-0.042064316673	0.062982669731	-0.036775539855	-0.0067574563302	-0.0312884840661	-0.011402425268	-0.0345415000456	-0.0321390403181	-0.0158881367361	0.0107379083203	0.0240524736529	-0.0110263641719	-0.0366509327467
k__Bacteria;p__Actinobacteria;c__Actinobacteria;o__Bifidobacteriales;f__Bifidobacteriaceae;g__Bifidobacterium;s__Bifidobacterium_adolescentis	-0.0239647821636	-0.0777969556221	0.00950010092785	-0.0417010316406	0.0252006267096	-0.0100054897982	0.016785231592	0.0150872316689	-0.0260899174865	-0.0710540178644	0.0332849962479	0.000114107118868	-0.0461762097976	-0.0244733537148	0.0989312435207	0.000565405726442	-0.0164432195435	0.0341159169328	-0.0341026996565	0.0232362109827	0.083753347089	-0.0251205590303	0.0364372389622	1.0	-0.0107222178649	-0.0258379103052	-0.0668653179505	0.0233903048706	0.0543794719531	-0.000483912356604	-0.0413717578403	0.0681984253123	0.010690462355	0.0095200825548	0.0572332802733	0.0956415805711	-0.0554729967191	-0.0156295748165	0.0688951388441	-0.0652141214746	0.0529597986041	-0.026083962928	0.0144621585824	-0.00183838808033	0.0227669588398	-0.0451779180669	0.0129295317304	-0.0617819318094	-0.000811391234939	-0.000107124846691	-0.00280690851575	0.0383230647311	-0.00579326672688	-0.0572607520095	0.014428728088	0.0020989808325	0.0319920975574	-0.0162782050009	-0.0661065344474
k__Bacteria;p__Firmicutes;c__Clostridia;o__Clostridiales;f__Oscillospiraceae;g__Oscillibacter;s__Oscillibacter_sp._KLE_1745	0.0541499561345	0.0135079808997	0.0394249310429	0.0406576470985	0.0471499320394	-0.026467696276	0.036901372264	-0.00074782366136	-0.00163875187705	-0.0300457231804	-0.00973878918657	0.0275058567888	0.0139630333064	-0.010249453257	-0.0120383236662	-0.00126245040607	-0.00625341500867	-0.023694833837	-0.0475649572271	-0.0481277760421	-0.00723414133094	-0.00640094602715	0.00677134466012	-0.0107222178649	1.0	-0.00738174779769	0.021370187231	0.0475749658345	-0.0493530701594	-0.000936035123395	0.0324265588002	-0.0411135361399	-0.0141681559153	0.0342608225029	0.0042065655074	-0.0402674302935	0.00142362850694	0.0138749389158	-0.0586682033128	0.0121199910873	0.0372738121184	-0.0141406499189	-0.0138419049065	-0.00835331914258	-0.0291277989852	0.00569751811303	-0.0129964700567	0.0678246953047	-0.0262767930239	0.0040145944046	-0.0599228563598	-0.048228465789	-0.027924013861	-0.0233459339008	0.0531252499706	-0.0200870759697	0.010720256219	0.0317727627956	-0.020296318319
k__Bacteria;p__Bacteroidetes;c__Bacteroidia;o__Bacteroidales;f__Bacteroidaceae;g__Bacteroides;s__Bacteroides_coprophilus	-0.0165433266903	-0.0692692990035	0.0298837438463	0.0196424263658	-0.0312082846816	-0.0287361284102	0.0355545061102	0.0363802127497	-0.0257588408322	-0.0182711856653	0.0454907358995	-0.00738242654972	0.000195349738205	-0.0693955533635	0.0595936131842	0.0214293817984	-0.0562398469526	0.0740026866918	-0.00520136932728	-0.0587580746083	-0.0409154552906	-0.00706639810612	-0.0315823603527	-0.0258379103052	-0.00738174779769	1.0	0.042872566941	-0.0435949030202	-0.0234657354238	0.037964917783	-0.00688441617506	-0.0356907015749	-0.0560053739982	0.00523280845457	0.000382053876748	0.0104815970555	-0.0476633580169	-0.0403290958128	0.0102623955508	0.0526735005371	-0.0185389039962	0.00652684320042	-0.0126795248233	-0.0222164787191	-0.0495664009297	0.0588076277853	-0.0500319310978	-0.0847417560937	0.0207125020324	-0.0376785990036	-0.0419467256577	0.0130147958075	-0.0291905604085	-0.0074095276584	-0.000952296794093	0.0693332182864	0.00554748644838	-0.0609439924102	-0.0733401287924
k__Bacteria;p__Firmicutes;c__Clostridia;o__Clostridiales;f__Lachnospiraceae;g__Roseburia;s__Roseburia_intestinalis	-0.0367989601987	-0.00859754098273	0.00420392401404	0.009170893025	-0.0202265326231	-0.00602062274006	0.0278102502217	0.0480100158157	0.0509719546656	0.030774607312	-0.0462135270835	-0.0147216418388	-0.00433919992987	-0.00101028072795	-0.0474112319386	0.0181039614556	0.0113864804001	-0.00926412408654	-0.0493590005638	-0.00152343446262	-0.0360183069542	-0.00490109979504	-0.00916833145507	-0.0668653179505	0.021370187231	0.042872566941	1.0	-0.00684574189085	0.0146524285063	0.0309124197664	0.00128962669949	-0.0314226857963	0.0337490898019	-0.00793044704944	-0.0450359289343	0.00422405654223	-0.0407710258987	0.0156813155838	-0.0197657153795	-0.0380225596832	0.0127124304396	-0.0134715396201	0.0670576988104	-0.001347937546	0.0370564415447	0.0104283197542	-0.0382431802361	0.0126817913936	-0.00375821253123	0.0239520168526	-0.0366960725675	0.0639050413023	-0.000919168357427	0.00555822141184	0.0302618269469	-0.0296843140324	-0.0486526060497	0.0365418289699	-0.0174014202341
k__Bacteria;p__Firmicutes;c__Clostridia;o__Clostridiales;f__Lachnospiraceae;g__Roseburia;s__Roseburia_hominis	-0.00252972739078	-0.0291954734325	-0.00706181391015	-0.00832887569649	-0.0226658068035	0.0450764723876	-0.0509328228182	-0.042722559015	0.00466428701403	-0.0311024959017	-0.0152949895981	-0.0150582171529	0.00651673557374	-0.0936189197982	-0.0347531391444	-0.0196116692835	0.0195160822595	0.00839058633761	0.0910524622133	-0.0317100503526	0.00227935426266	-0.104819572925	0.0144122110348	0.0233903048706	0.0475749658345	-0.0435949030202	-0.00684574189085	1.0	0.013758147181	0.0278889628273	-0.00512345336546	-0.035817086584	-0.0392164172374	-0.035072656405	-0.00642546099944	-0.0293925348059	-0.0224727788027	0.055579408484	0.0643836878923	0.0029591610984	-0.021562493625	0.0451004352853	0.0382573926548	0.0173505524651	0.00444990759916	0.0153085577526	-0.0262176472377	-0.0613442482495	0.0420856814629	0.0143485709101	-0.0120889912439	-0.0387859188285	-0.0220419371505	0.0266919700619	0.00390496682855	-0.017342533557	-0.0414241561521	0.0377006212662	-0.0291542424782
k__Bacteria;p__Bacteroidetes;c__Bacteroidia;o__Bacteroidales;f__Porphyromonadaceae;g__Parabacteroides;s__Parabacteroides_johnsonii	0.0251447761572	0.00126048095038	-0.00191892891326	0.00345818973905	-0.0764946940746	-0.108888167545	-0.017388383072	0.00247755872004	-0.0232944373291	-0.0430210534746	-0.058354054823	-0.0259579487007	-0.0252935331631	0.00662199571468	0.0405447090693	0.0432106963301	-0.0130807829337	-0.0725159817588	-0.0395259321484	-0.0983798564389	-0.0062685565897	0.0502478033936	-0.0410458121136	0.0543794719531	-0.0493530701594	-0.0234657354238	0.0146524285063	0.013758147181	1.0	0.00729936595938	-0.0455873416873	-0.00796914599187	-0.00195987434361	-0.0074745985035	-0.0441936511189	-0.0493044656879	0.0189164079455	-0.0376386234946	-0.0414748662924	0.00015126431576	-0.0082266836201	-0.0288298667706	0.021967416562	0.0459479179111	-0.00382450736267	-0.0192336409782	0.0247486221934	-0.0264670703679	0.063650071825	-0.0274460950006	0.0133123396103	0.0341159153438	-0.00387219862665	0.0529185353109	0.00600035042408	0.0174134040522	-0.0458277658347	-0.0110593802548	0.054723501825
k__Bacteria;p__Actinobacteria;c__Actinobacteria;o__Bifidobacteriales;f__Bifidobacteriaceae;g__Bifidobacterium;s__Bifidobacterium_longum	0.0175113061776	-0.0200014170263	-0.0160409402966	0.000667677611939	0.00567955411521	0.00537434974476	0.0133312118514	-0.0796457824119	0.00319329492923	-0.0401362807912	-0.0719854932423	0.0150397166077	-0.0353040672618	-0.0405534208601	-0.0523768461065	0.0379366423668	0.0417712454191	-0.0216627118126	-0.015993441722	-0.0703889124094	0.0177718439119	-0.0615246810273	-0.0110222825553	-0.000483912356604	-0.000936035123395	0.037964917783	0.0309124197664	0.0278889628273	0.00729936595938	1.0	-0.0253206201412	-0.0408960856093	0.0592008347893	0.028577683856	-0.0168156236088	0.0313384936574	-0.0302575749384	-0.0208461814951	0.0320949851473	0.0220627020155	-0.0810287421448	-0.0182024493435	-0.0305204786766	-0.0074173440214	0.0565149926576	-0.00220376966128	0.0428411796371	-0.013229575158	0.0109280654543	-0.0355613781479	-0.0460590724693	-0.0501843757726	-0.0644661355189	0.0195934043522	0.00955676511369	-0.0303832635582	-0.0243199316926	0.00796275618201	-0.0206273650491
