#taxonomy	k__Bacteria;p__Bacteroidetes;c__Bacteroidia;o__Bacteroidales;f__Bacteroidaceae;g__Bacteroides;s__Bacteroides_vulgatus	k__Bacteria;p__Bacteroidetes;c__Bacteroidia;o__Bacteroidales;f__Bacteroidaceae;g__Bacteroides;s__Bacteroides_uniformis	k__Bacteria;p__Bacteroidetes;c__Bacteroidia;o__Bacteroidales;f__Rikenellaceae;g__Alistipes;s__Alistipes_putredinis	k__Bacteria;p__Bacteroidetes;c__Bacteroidia;o__Bacteroidales;f__Prevotellaceae;g__Prevotella;s__Prevotella_copri	k__Bacteria;p__Bacteroidetes;c__Bacteroidia;o__Bacteroidales;f__Bacteroidaceae;g__Bacteroides;s__Bacteroides_stercoris	k__Bacteria;p__Bacteroidetes;c__Bacteroidia;o__Bacteroidales;f__Bacteroidaceae;g__Bacteroides;s__Bacteroides_ovatus	k__Bacteria;p__Bacteroidetes;c__Bacteroidia;o__Bacteroidales;f__Rikenellaceae;g__Alistipes;s__Alistipes_shahii	k__Bacteria;p__Firmicutes;c__Clostridia;o__Clostridiales;f__Ruminococcaceae;g__Faecalibacterium;s__Faecalibacterium_prausnitzii	k__Bacteria;p__Bacteroidetes;c__Bacteroidia;o__Bacteroidales;f__Rikenellaceae;g__Alistipes;s__Alistipes_finegoldii	k__Bacteria;p__Bacteroidetes;c__Bacteroidia;o__Bacteroidales;f__Porphyromonadaceae;g__Parabacteroides;s__Parabacteroides_distasonis	k__Bacteria;p__Bacteroidetes;c__Bacteroidia;o__Bacteroidales;f__Bacteroidaceae;g__Bacteroides;s__Bacteroides_thetaiotaomicron	k__Bacteria;p__Bacteroidetes;c__Bacteroidia;o__Bacteroidales;f__Bacteroidaceae;g__Bacteroides;s__Bacteroides_coprocola	k__Bacteria;p__Bacteroidetes;c__Bacteroidia;o__Bacteroidales;f__Bacteroidaceae;g__Bacteroides;s__Bacteroides_cellulosilyticus	k__Bacteria;p__Bacteroidetes;c__Bacteroidia;o__Bacteroidales;f__Rikenellaceae;g__Alistipes;s__Alistipes_obesi	k__Bacteria;p__Firmicutes;c__Clostridia;o__Clostridiales;f__Lachnospiraceae;g__;s__[Eubacterium]_rectale	k__Bacteria;p__Bacteroidetes;c__Bacteroidia;o__Bacteroidales;f__Bacteroidaceae;g__Bacteroides;s__Bacteroides_plebeius	k__Bacteria;p__Bacteroidetes;c__Bacteroidia;o__Bacteroidales;f__Bacteroidaceae;g__Bacteroides;s__Bacteroides_fragilis	k__Bacteria;p__Proteobacteria;c__Betaproteobacteria;o__Burkholderiales;f__Sutterellaceae;g__Sutterella;s__Sutterella_wadsworthensis	k__Bacteria;p__Bacteroidetes;c__Bacteroidia;o__Bacteroidales;f__Porphyromonadaceae;g__Barnesiella;s__Barnesiella_intestinihominis	k__Bacteria;p__Bacteroidetes;c__Bacteroidia;o__Bacteroidales;f__Odoribacteraceae;g__Odoribacter;s__Odoribacter_splanchnicus	k__Bacteria;p__Bacteroidetes;c__Bacteroidia;o__Bacteroidales;f__Bacteroidaceae;g__Bacteroides;s__Bacteroides_salyersiae	k__Bacteria;p__Firmicutes;c__Clostridia;o__Clostridiales;f__Ruminococcaceae;g__Ruminiclostridium;s__[Eubacterium]_siraeum	k__Bacteria;p__Proteobacteria;c__Betaproteobacteria;o__Burkholderiales;f__Sutterellaceae;g__Parasutterella;s__Parasutterella_excrementihominis	k__Bacteria;p__Actinobacteria;c__Actinobacteria;o__Bifidobacteriales;f__Bifidobacteriaceae;g__Bifidobacterium;s__Bifidobacterium_adolescentis	k__Bacteria;p__Firmicutes;c__Clostridia;o__Clostridiales;f__Oscillospiraceae;g__Oscillibacter;s__Oscillibacter_sp._KLE_1745	k__Bacteria;p__Bacteroidetes;c__Bacteroidia;o__Bacteroidales;f__Bacteroidaceae;g__Bacteroides;s__Bacteroides_coprophilus	k__Bacteria;p__Firmicutes;c__Clostridia;o__Clostridiales;f__Lachnospiraceae;g__Roseburia;s__Roseburia_intestinalis	k__Bacteria;p__Firmicutes;c__Clostridia;o__Clostridiales;f__Lachnospiraceae;g__Roseburia;s__Roseburia_hominis	k__Bacteria;p__Bacteroidetes;c__Bacteroidia;o__Bacteroidales;f__Porphyromonadaceae;g__Parabacteroides;s__Parabacteroides_johnsonii	k__Bacteria;p__Actinobacteria;c__Actinobacteria;o__Bifidobacteriales;f__Bifidobacteriaceae;g__Bifidobacterium;s__Bifidobacterium_longum	k__Bacteria;p__Firmicutes;c__Clostridia;o__Clostridiales;f__;g__Flavonifractor;s__Flavonifractor_plautii	k__Bacteria;p__Firmicutes;c__Clostridia;o__Clostridiales;f__Clostridiaceae;g__Clostridium;s__Clostridium_phoceensis	k__Bacteria;p__Verrucomicrobia;c__Verrucomicrobiae;o__Verrucomicrobiales;f__Akkermansiaceae;g__Akkermansia;s__Akkermansia_muciniphila	k__Bacteria;p__Bacteroidetes;c__Bacteroidia;o__Bacteroidales;f__Prevotellaceae;g__Paraprevotella;s__Paraprevotella_xylaniphila	k__Bacteria;p__Firmicutes;c__Clostridia;o__Clostridiales;f__Ruminococcaceae;g__Ruminococcus;s__Ruminococcus_callidus	k__Bacteria;p__Bacteroidetes;c__Bacteroidia;o__Bacteroidales;f__Rikenellaceae;g__Alistipes;s__Alistipes_senegalensis	k__Bacteria;p__Firmicutes;c__Clostridia;o__Clostridiales;f__Lachnospiraceae;g__Blautia;s__Blautia_sp._KLE_1732	k__Bacteria;p__Bacteroidetes;c__Bacteroidia;o__Bacteroidales;f__Bacteroidaceae;g__Bacteroides;s__Bacteroides_oleiciplenus	k__Bacteria;p__Firmicutes;c__Clostridia;o__Clostridiales;f__Ruminococcaceae;g__Ruminococcus;s__Ruminococcus_bicirculans	k__Bacteria;p__Bacteroidetes;c__Bacteroidia;o__Bacteroidales;f__Bacteroidaceae;g__Bacteroides;s__Bacteroides_fluxus	k__Bacteria;p__Bacteroidetes;c__Bacteroidia;o__Bacteroidales;f__Prevotellaceae;g__Prevotella;s__Prevotella_stercorea	k__Bacteria;p__Firmicutes;c__Clostridia;o__Clostridiales;f__Lachnospiraceae;g__Dorea;s__Dorea_longicatena	k__Bacteria;p__Firmicutes;c__Clostridia;o__Clostridiales;f__Eubacteriaceae;g__Eubacterium;s__[Eubacterium]_eligens	k__Bacteria;p__Firmicutes;c__Clostridia;o__Clostridiales;f__Ruminococcaceae;g__;s__Ruminococcaceae_bacterium_D16	k__Bacteria;p__Firmicutes;c__Clostridia;o__Clostridiales;f__Lachnospiraceae;g__Coprococcus;s__Coprococcus_comes	k__Bacteria;p__Proteobacteria;c__Gammaproteobacteria;o__Enterobacterales;f__Enterobacteriaceae;g__Escherichia;s__Escherichia_coli	k__Bacteria;p__Firmicutes;c__Clostridia;o__Clostridiales;f__Ruminococcaceae;g__Anaerotruncus;s__Anaerotruncus_colihominis	k__Bacteria;p__Firmicutes;c__Clostridia;o__Clostridiales;f__Lachnospiraceae;g__Blautia;s__Blautia_obeum	k__Bacteria;p__Bacteroidetes;c__Bacteroidia;o__Bacteroidales;f__Odoribacteraceae;g__Odoribacter;s__Odoribacter_laneus	k__Bacteria;p__Firmicutes;c__Clostridia;o__Clostridiales;f__Ruminococcaceae;g__Ruminiclostridium;s__[Clostridium]_leptum	k__Bacteria;p__Bacteroidetes;c__Bacteroidia;o__Bacteroidales;f__Porphyromonadaceae;g__Parabacteroides;s__Parabacteroides_goldsteinii	k__Bacteria;p__Firmicutes;c__Clostridia;o__Clostridiales;f__Lachnospiraceae;g__Anaerostipes;s__Anaerostipes_hadrus	k__Bacteria;p__Firmicutes;c__Clostridia;o__Clostridiales;f__Ruminococcaceae;g__Ruminococcus;s__Ruminococcus_lactaris	k__Bacteria;p__Firmicutes;c__Clostridia;o__Clostridiales;f__Clostridiaceae;g__Clostridium;s__Clostridium_sp._L2-50	k__Bacteria;p__Firmicutes;c__Clostridia;o__Clostridiales;f__Clostridiaceae;g__Clostridium;s__Clostridium_sp._M62/1	k__Bacteria;p__Firmicutes;c__Clostridia;o__Clostridiales;f__;g__Intestinimonas;s__Intestinimonas_butyriciproducens	k__Bacteria;p__Actinobacteria;c__Actinobacteria;o__Bifidobacteriales;f__Bifidobacteriaceae;g__Bifidobacterium;s__Bifidobacterium_bifidum	k__Bacteria;p__Firmicutes;c__Negativicutes;o__Veillonellales;f__Veillonellaceae;g__Dialister;s__Dialister_invisus	k__Bacteria;p__Bacteroidetes;c__Bacteroidia;o__Bacteroidales;f__Bacteroidaceae;g__Bacteroides;s__Bacteroides_salanitronis
k__Bacteria;p__Bacteroidetes;c__Bacteroidia;o__Bacteroidales;f__Bacteroidaceae;g__Bacteroides;s__Bacteroides_vulgatus	1.0	0.0254048940339	-0.0379809430259	0.0293990022737	-0.0457582510824	-0.00769796441503	-0.0554555329326	-0.0469814244898	-0.0209960245454	0.0142697657436	-0.0112548646282	0.0231057127284	-0.0667897023036	-0.0172728932369	-0.027026337224	-0.0145393197185	-0.0333354351028	-0.0565125269899	0.0356415596507	0.00241131704945	-0.0207114165818	-0.0167234795979	0.0544283561472	-0.0476776983732	0.0885795805619	0.0176939500298	0.00108210546037	-0.0691894358052	-0.0502667136535	0.039137438716	-0.00658016022103	-0.0316252493821	0.00954211488774	0.02250934079	0.011840222916	-0.00492024301629	-0.0237021255029	0.0232922118736	0.0135547506845	-0.0407236379187	0.0293974378787	0.0249601525762	-0.0323066514249	-0.0180298716834	-0.0219360027557	0.000252293511718	-0.0166735627821	-0.0419078620762	0.0212082745901	-0.0065942280281	0.0301365265655	-0.0288163234808	0.0104141756205	0.0704949581665	-0.000188141626057	0.0131584633436	-0.0283709481983	0.00919673374123	0.0452277395221
k__Bacteria;p__Bacteroidetes;c__Bacteroidia;o__Bacteroidales;f__Bacteroidaceae;g__Bacteroides;s__Bacteroides_uniformis	0.0254048940339	1.0	0.00160198626269	-0.0728692571939	0.0179485252259	-0.0374784093127	0.00421974991825	-0.0726865422326	-0.00805781982437	2.6062204726e-05	-0.018535471705	-0.048011608098	0.0604323675609	-0.00957072580743	-0.0325771968567	-0.0409517417408	0.00329474247647	0.0991625805754	0.0129077410566	0.00240554318218	0.0199515559527	-0.0400678608629	0.0279802621469	-0.0122890135939	0.0265411159879	-0.00547339467905	-0.00437147710484	-0.039684937035	0.0157197547955	-0.0121781779974	-0.0117319518862	0.0347657020991	-0.0380664052817	-0.00944813211374	0.00103222174729	0.014181993415	0.00901549640919	0.029841396515	0.00557973993486	0.0250405500891	0.0412906787305	-0.0321267047203	0.0345607806809	0.0314969971993	-0.0113937023783	-0.0557868486419	-0.0193433715353	-0.0522834909974	-0.0125809308737	0.0113891407603	-0.00131347090617	-0.00305902977549	0.00552100281889	-0.0271394675295	-0.00431948041515	0.0220145454	-0.0378128991434	-0.0152825675847	-0.0318795453781
k__Bacteria;p__Bacteroidetes;c__Bacteroidia;o__Bacteroidales;f__Rikenellaceae;g__Alistipes;s__Alistipes_putredinis	-0.0379809430259	0.00160198626269	1.0	0.000701333271305	-0.0550913574633	-0.0186267774525	0.0281162531097	-0.0365856831667	0.0326808109001	-0.0318919737528	-0.0346758688241	-0.0463997780412	-0.0450349578367	0.0656646963905	0.0119720762361	0.0349833852513	0.00984662424889	-0.0432760821688	-0.0273527732399	-0.0509755493649	0.00113080770435	-0.0721391693586	-0.00776480853412	0.0117335002282	-0.0591324498925	0.00659190800286	-0.0440427453406	-0.0163364295789	-0.0198501487811	0.0188559628308	-0.0154077967049	-0.0238177060053	0.0103848596971	0.035889935018	0.00669477808957	0.0099855639878	-0.012876776791	-0.00972756860193	-0.0432392154174	0.021693743431	-0.0188745349645	-0.0348116724034	0.000753300673917	-0.0137563192199	-0.0199339719595	0.00385419190073	0.00106614292642	-0.00342148995387	0.0578137475077	0.0227569769272	0.0196052281509	0.0159431408578	0.0352089448722	-0.0864145694497	0.0308956625997	-0.0713233034859	0.0135625371305	-0.0318642908825	-0.0375200983665
k__Bacteria;p__Bacteroidetes;c__Bacteroidia;o__Bacteroidales;f__Prevotellaceae;g__Prevotella;s__Prevotella_copri	0.0293990022737	-0.0728692571939	0.000701333271305	1.0	-0.0594013991409	-0.05470039566	-0.0140274991718	-0.0378331173447	-0.0340542172328	-0.0401257295022	-0.0265138204256	0.0452321883993	-0.0146253641152	-0.0559477322634	-0.0382875061023	-0.0721490327659	0.0152840224426	-0.0165425397766	0.0065775410724	-0.0102363063025	-0.0265001339141	0.0497943890437	-0.0858041676767	-0.0130390831882	0.0235267724875	-0.0153510047248	-0.0715700622644	0.0266233340919	-0.00762164921009	-0.00232313174079	-0.0576836609224	-0.0505173142018	-0.0223395206412	0.0431921904495	0.00800173020865	0.0937908341476	0.0280432723741	0.0249494653025	0.00278569783939	0.0834619303477	-0.00828943514891	-0.0155284605097	-0.0279629693025	0.0107180020825	-0.0932255690139	0.0170492618271	0.0102811950921	0.0769314542897	-0.0283615523591	-0.0270870603746	-0.0622556895917	-0.0236321973913	-0.0706631638063	-0.0192991396574	0.0255673772641	0.0248083192329	-0.0057597186229	0.00168654495473	-0.108371939897
k__Bacteria;p__Bacteroidetes;c__Bacteroidia;o__Bacteroidales;f__Bacteroidaceae;g__Bacteroides;s__Bacteroides_stercoris	-0.0457582510824	0.0179485252259	-0.0550913574633	-0.0594013991409	1.0	-0.0271560240945	-0.0151031244376	0.0237706389094	-0.0236240962772	-0.0348309820846	-0.0106986960656	-0.0520832421859	0.0301556321025	0.0720525962418	0.0117446422158	0.0283691524293	-0.0284845050795	-0.0336683026739	-0.0265869651718	0.0143783898406	0.0336888401663	0.0411784246344	-0.0135220129955	-0.0425776226353	-0.0652911926912	0.0358639273986	-0.0162932013718	-0.0667017438514	-0.00550639485143	-0.0264952345846	0.0258689932087	-0.0532290930562	-0.037236872733	0.00787505538622	0.00140541600851	-0.0170389484396	-0.00849382879119	-0.0395658240313	-0.024565163636	-0.017388490088	-0.0858344775249	0.0108401193726	-0.0226423133235	-0.012370757715	0.00302023793847	0.0141944671522	0.0297918228251	0.0324017830053	-0.0135262656266	-0.00508108012888	-0.00111344701602	0.0117270444351	-0.0107171122036	0.0648390154224	-0.0273505976109	-0.0459427860743	0.035161083969	-0.0220377886322	-0.0257693949334
k__Bacteria;p__Bacteroidetes;c__Bacteroidia;o__Bacteroidales;f__Bacteroidaceae;g__Bacteroides;s__Bacteroides_ovatus	-0.00769796441503	-0.0374784093127	-0.0186267774525	-0.05470039566	-0.0271560240945	1.0	-0.0199358199154	-0.0467345248873	-0.0146310342732	0.0325282716945	-0.0666219830841	-0.0108784302899	-0.0180198016775	-0.0142552997679	0.0280541615548	0.0373429651274	-0.0011136688722	-0.0337897108453	-0.0321010185626	0.0588011839996	-0.00715834592681	-0.000312512130854	-0.0259792796301	0.0130110244019	0.0688641995851	-0.00268742766094	-0.0427645601997	0.0201628809682	-0.0625779838729	-0.0323660585377	-0.0423278907522	-0.0174690698964	0.034521474302	0.0342996767795	0.0569176311496	-0.0276879968572	0.0013444634567	-0.0174690270332	0.061872274929	-0.0191486371638	-0.00342836744852	0.00191790015875	-0.00400112123309	0.0152048931067	0.0650568376003	0.032571730021	-0.0302054094386	-0.0229170168725	0.0175299754486	0.000588295082854	0.0427892133461	-0.0380673090269	0.0300965711677	-0.0554173896986	0.0202383263516	-0.0398171267941	-0.094776834476	-0.00083521657616	0.0641704085961
k__Bacteria;p__Bacteroidetes;c__Bacteroidia;o__Bacteroidales;f__Rikenellaceae;g__Alistipes;s__Alistipes_shahii	-0.0554555329326	0.00421974991825	0.0281162531097	-0.0140274991718	-0.0151031244376	-0.0199358199154	1.0	-0.0585557913148	-0.0190922106391	-0.0243146649553	0.0072336685794	0.00410912714418	-0.0224282085991	0.034374242059	0.00492237796428	0.0263375229552	0.0287128283617	0.0159469212388	-0.0089389752751	-5.48886035989e-06	0.0386037610025	-0.0225076223875	-0.00678023939154	-0.025811101999	-0.0219885343633	-0.0346778533395	0.0289921638125	-0.0414167290702	-0.015899947881	-0.0683313074414	-0.017250751687	-0.0323487326885	0.0490835689745	-0.0455682448558	0.0313715021846	0.0040045268059	-0.0554464721774	-0.010755339292	-0.00712588791485	-0.0256107773291	0.0626144872558	-0.0378619831283	0.00723291433826	0.0109061295809	-0.0315744269949	-0.0251141232947	0.0180560111924	-0.0760490728892	0.0128093010701	0.00278004597317	-0.0318097347979	-0.0522362571531	-0.0623852633439	0.0285018795302	0.00138926510477	0.031840566267	-0.0148231082377	0.0673286043323	-0.0243754590496
k__Bacteria;p__Firmicutes;c__Clostridia;o__Clostridiales;f__Ruminococcaceae;g__Faecalibacterium;s__Faecalibacterium_prausnitzii	-0.0469814244898	-0.0726865422326	-0.0365856831667	-0.0378331173447	0.0237706389094	-0.0467345248873	-0.0585557913148	1.0	0.0242987508244	-0.0257815190774	0.0168848481211	0.0684446544509	-0.10856382743	0.00105751864196	-0.0139419821419	-0.0691185801395	-0.0398754777738	0.00532154204851	-0.0843027552312	0.0182901413172	-0.0167415396846	0.00190878649628	-0.0529404726793	0.0266826717278	-0.00295208042707	0.0129786832576	-0.00848043025347	0.0239097332834	-0.048084715491	0.0628176521279	0.0169946413031	0.0675849481311	-0.0054319829439	-0.106515748821	-0.0414889083701	-0.0162267708698	-0.0570426790998	-0.0191085156501	-0.00481417687443	-0.0342773473765	-0.0152713742852	0.00611059994743	0.00192337620705	-0.0360764391114	-0.0502697844731	0.0466793087992	-0.0025318054653	0.0567528322911	-0.0333249128303	0.0248748564647	0.0197812367193	-0.027957032275	0.0072588258162	-0.0247680985909	0.0337535333352	-0.0201973956938	-0.00640341515445	0.0342944127119	0.00218041848534
k__Bacteria;p__Bacteroidetes;c__Bacteroidia;o__Bacteroidales;f__Rikenellaceae;g__Alistipes;s__Alistipes_finegoldii	-0.0209960245454	-0.00805781982437	0.0326808109001	-0.0340542172328	-0.0236240962772	-0.0146310342732	-0.0190922106391	0.0242987508244	1.0	0.0027987117098	-0.0232420483876	-0.0453435501012	-0.0420374508079	0.0362854598993	0.0647673171561	-0.0660098172949	-0.0264042126417	0.121445116931	-0.0240888785262	-0.0445639286444	0.000644456969689	0.0326527734923	0.0225396142366	-0.0327993756662	0.00982773866587	0.0439673302934	0.0480260684121	0.00876920782958	-0.0797958001313	-0.0414199570053	-0.0318260449315	0.0195296685793	-0.0266588181436	0.0122676245508	0.0415853522123	0.0468703024654	0.0345241042739	-0.0610014018546	-0.0345732255052	-0.03754912312	0.0268033240933	0.00455597923271	-0.0157616414729	-0.00978033357905	-0.00204804380338	0.0116818099282	0.0449862157819	-0.0103870798053	0.0159987988036	0.0462451147728	-0.0968504819058	0.0189671658668	-0.0429047304002	0.0238502451433	-0.015260420663	-0.0216547619213	-0.0136695391749	0.0195045759117	0.048161897248
k__Bacteria;p__Bacteroidetes;c__Bacteroidia;o__Bacteroidales;f__Porphyromonadaceae;g__Parabacteroides;s__Parabacteroides_distasonis	0.0142697657436	2.60622047259e-05	-0.0318919737528	-0.0401257295022	-0.0348309820846	0.0325282716945	-0.0243146649553	-0.0257815190774	0.0027987117098	1.0	-0.0101494880875	0.00326111543855	0.0772002159664	-0.0344706096962	0.0174948945161	-0.00995838974873	-0.00565738605618	-0.0239923275347	0.00800513881191	-0.0168874130253	0.0261782108664	0.0182797576106	0.0503172980571	-0.0142519762812	-0.0114702625757	0.073724541547	0.0207386921468	0.0118443019672	0.0141409195889	-0.00193371642594	-0.0405886194368	-0.0193169531052	0.000441264865073	-0.0451351606491	0.0269273540414	-0.0811247337403	-0.00207621576572	0.00874440437371	-0.00938450070746	0.0220376063291	0.0257617992349	-0.0982055812734	-0.0381793336166	-0.00399286867256	0.0427928193641	0.0721657711196	-0.059361609267	0.0245533209283	-0.0146962258202	0.047540837332	0.000677298879159	-0.0388364271902	-0.0584948141462	-0.0136024218611	-0.00865522198996	0.0447104967277	-0.05282211006	-0.0197810952131	0.0570767845175
k__Bacteria;p__Bacteroidetes;c__Bacteroidia;o__Bacteroidales;f__Bacteroidaceae;g__Bacteroides;s__Bacteroides_thetaiotaomicron	-0.0112548646282	-0.018535471705	-0.0346758688241	-0.0265138204256	-0.0106986960656	-0.0666219830841	0.0072336685794	0.0168848481211	-0.0232420483876	-0.0101494880875	1.0	-0.00121045751645	0.0428642344299	0.0300578813233	0.00913788148507	-0.0369897857073	-0.0375437276533	-0.0378298338084	0.022191328731	0.0513359903427	-0.00156267071003	0.0323578236171	-0.0168393871296	0.0377608140337	0.0691119052947	0.0183341141353	0.00617937026514	-0.0573091410472	-0.00851910287101	-0.00110034535545	0.0206828520527	0.000588439838915	-0.0149936342777	-0.0299552233674	-0.0606829301332	-0.0426068106799	0.00844690067983	0.0364176483668	-0.0277440770472	0.0371459861233	-0.00328021439534	0.0482100221449	0.0117274578678	9.57492312286e-05	-0.028853868186	0.0164597452341	-0.0217008303778	0.00611369599001	0.0392227304846	0.0229066106375	0.028281674026	0.0308680779255	-0.0393518931114	0.0146178077837	0.00384125273733	0.00374802203823	-0.0124853287171	-0.0544716847188	-0.0575382258535
k__Bacteria;p__Bacteroidetes;c__Bacteroidia;o__Bacteroidales;f__Bacteroidaceae;g__Bacteroides;s__Bacteroides_coprocola	0.0231057127284	-0.048011608098	-0.0463997780412	0.0452321883993	-0.0520832421859	-0.0108784302899	0.00410912714418	0.0684446544509	-0.0453435501012	0.00326111543855	-0.00121045751645	1.0	0.00642215001188	0.00686727153126	-0.0287541677307	-0.0420687306846	-0.073352007098	-0.0222681386682	0.0218600918387	-0.0246319501094	-0.0560262511699	0.0341030538717	0.0316304418839	-0.0171180523154	-0.0188181720013	-0.0146703047257	0.0570737942201	-0.0530488322067	0.0269567628776	0.0380285812617	0.00772964149555	0.0247202504531	-0.0316747003428	0.0147796612079	0.0103211613715	-0.0226815686132	-0.0144276756092	-0.00407548096598	-0.0417317060933	-0.016828130758	-0.0027058968249	-0.0586954257691	-0.0230394396835	0.0204434030284	0.0260980628935	-0.0401463734428	0.0353940550372	0.0333724925947	-0.0256863795585	-0.0244483934579	-0.0600776374843	-0.0501053382492	-0.0291212888593	0.0308111350995	-0.0584732105523	-0.0447704112038	-0.00318164413324	-0.041314539103	-0.0412416967065
k__Bacteria;p__Bacteroidetes;c__Bacteroidia;o__Bacteroidales;f__Bacteroidaceae;g__Bacteroides;s__Bacteroides_cellulosilyticus	-0.0667897023036	0.0604323675609	-0.0450349578367	-0.0146253641152	0.0301556321025	-0.0180198016775	-0.0224282085991	-0.10856382743	-0.0420374508079	0.0772002159664	0.0428642344299	0.00642215001188	1.0	0.016452249994	0.0513376681387	-0.0183280345065	-0.0150172593444	-0.0276082980339	0.011912314057	0.0129210035643	0.0128873105432	-0.01162145495	-0.0179008181576	-0.0234759834884	0.0271600654606	-0.0120329927665	0.0117362510745	-0.00765438305474	0.0105641344868	0.00748659249314	-0.0358987758676	-0.0302702610012	0.042836446456	-0.0266510962448	-0.00354059063271	0.0587222512022	0.0169243304906	-0.0127671575076	-0.00397200501647	-0.053045543485	-0.0310477611544	-0.0549382775944	0.045591395189	0.00843640068392	-0.0989928933791	0.0167924803658	-0.032173115299	-0.087075452423	0.0327932174885	-0.0566970135566	-0.0366087679685	-0.00318103665124	-0.00631401424134	-0.0177319470279	0.00872867478399	-0.00522087688538	-0.0170039222414	-0.0260696816277	0.0723540063984
k__Bacteria;p__Bacteroidetes;c__Bacteroidia;o__Bacteroidales;f__Rikenellaceae;g__Alistipes;s__Alistipes_obesi	-0.0172728932369	-0.00957072580743	0.0656646963905	-0.0559477322634	0.0720525962418	-0.0142552997679	0.034374242059	0.00105751864196	0.0362854598993	-0.0344706096962	0.0300578813233	0.00686727153126	0.016452249994	1.0	-0.0264442918649	-0.0344506165151	0.0170174917679	-0.0755301522177	0.0251789895832	-0.0216153713733	-0.0342956284338	-0.0104901361532	-0.0244409678214	0.0169334768525	-0.014129873905	0.0563646739554	0.010031037889	0.0329323106738	-0.0504540584884	-0.00948921759144	-0.00716608429878	-0.0319685292274	-0.0433896979732	-0.00396222066185	-0.0829511113814	0.0294723724623	-0.00787231497114	-0.0404643292521	-0.0659103839162	-0.0319661124775	-0.0307654751272	-0.0104064315262	-0.0236415628015	-0.0453720171048	-0.0509527919186	-0.065444074432	0.049048219215	-0.0195576084672	-0.0228261119543	-0.0144055987549	-0.046511698474	-0.0309899821199	-0.0111298941995	-0.0432763336577	0.0213217323904	-0.0281298231894	0.0710558609098	0.0308802826374	0.0413758356076
k__Bacteria;p__Firmicutes;c__Clostridia;o__Clostridiales;f__Lachnospiraceae;g__;s__[Eubacterium]_rectale	-0.027026337224	-0.0325771968567	0.0119720762361	-0.0382875061023	0.0117446422158	0.0280541615548	0.00492237796428	-0.0139419821419	0.0647673171561	0.0174948945161	0.00913788148507	-0.0287541677307	0.0513376681387	-0.0264442918649	1.0	-0.0371556876559	0.0238387012512	0.0130669860712	-0.0768338543617	-0.0225570700316	0.0024935671205	-0.00057409325157	-0.00641058258359	0.00434412447301	-0.0054742841938	-0.0209808613551	-0.00772962224119	-0.0094010787319	-0.0164817329553	-0.0275600260022	0.00865384000831	-0.00611243017938	-0.0407589226879	0.065269589094	-0.0239946242823	-0.0305601502583	-0.0316645458737	-0.00763573490775	-0.0560071649592	0.00387736035648	0.0565618829214	0.0218986977738	0.0204913309559	0.0163206444328	0.0321235252211	-0.0321623333808	-0.00452753687349	0.0319396416275	0.0224044879032	-0.00490889159733	-0.00129205578618	-0.00131238820308	-0.00331466336284	0.0357860282955	0.0118977660163	-0.0394646461143	-0.0207297065369	-0.0017264678592	0.0332295647979
k__Bacteria;p__Bacteroidetes;c__Bacteroidia;o__Bacteroidales;f__Bacteroidaceae;g__Bacteroides;s__Bacteroides_plebeius	-0.0145393197185	-0.0409517417408	0.0349833852513	-0.0721490327659	0.0283691524293	0.0373429651274	0.0263375229552	-0.0691185801395	-0.0660098172949	-0.00995838974873	-0.0369897857073	-0.0420687306846	-0.0183280345065	-0.0344506165151	-0.0371556876559	1.0	-0.0394783713777	-0.0459374974562	0.0196852801547	-0.00648547006893	-0.0200551581658	-0.0160878991798	0.0473806277441	0.0152435449012	-0.00127416423874	0.0553969624028	-0.0207681766002	0.0203113128856	0.00837831395903	-0.00944892711826	-0.000523154846235	0.0198272156565	-0.0539864411713	-0.00172830851507	0.0041329261244	0.00455033157019	0.0183420438495	-0.000356200180741	-0.0131330897616	-0.0253907296985	0.00528105354239	-0.0254255634343	0.0362968001746	-0.00600382497476	-0.0263113436354	0.0224996296168	-0.071802014947	-0.0522048733155	-0.006686777527	0.0431256546365	-0.0010726965311	0.0246415753554	0.0401028619509	-0.0207150223468	0.00794711172691	0.0246834681481	-0.0709206889572	-0.0175247590643	0.0940772294885
k__Bacteria;p__Bacteroidetes;c__Bacteroidia;o__Bacteroidales;f__Bacteroidaceae;g__Bacteroides;s__Bacteroides_fragilis	-0.0333354351028	0.00329474247647	0.00984662424889	0.0152840224426	-0.0284845050795	-0.0011136688722	0.0287128283617	-0.0398754777738	-0.0264042126417	-0.00565738605618	-0.0375437276533	-0.073352007098	-0.0150172593444	0.0170174917679	0.0238387012512	-0.0394783713777	1.0	-0.0137867834525	-0.0475771824996	-0.0181626424032	0.0263341144724	0.0151513239152	-0.0611325610878	0.0121266766331	-0.00248143377238	-0.0547384486876	0.0368378643066	-0.0429964232761	0.000379743813762	0.0197825114825	-0.0298148861152	-0.00254497269282	-0.064477584986	0.00363612820861	-0.0232312794742	-0.0136503216438	0.0444885974262	-0.0172125755127	-0.0298869926405	0.0148809596894	0.0448246833988	0.0253642215566	-0.0100934309282	0.00584431817248	-0.0333497194438	-0.00362604049738	-0.00489052454395	-0.0164152341896	-0.00198660558145	-0.025313693239	0.00455410305388	0.0661945698434	0.0165773538751	0.00588267897131	-0.0164492723261	-0.0277245771677	0.0304849043276	0.0401130661899	0.0107334180333
k__Bacteria;p__Proteobacteria;c__Betaproteobacteria;o__Burkholderiales;f__Sutterellaceae;g__Sutterella;s__Sutterella_wadsworthensis	-0.0565125269899	0.0991625805754	-0.0432760821688	-0.0165425397766	-0.0336683026739	-0.0337897108453	0.0159469212388	0.00532154204851	0.121445116931	-0.0239923275347	-0.0378298338084	-0.0222681386682	-0.0276082980339	-0.0755301522177	0.0130669860712	-0.0459374974562	-0.0137867834525	1.0	0.0019541734564	0.031338947789	-0.0226682797777	-0.0306316085821	-0.028674064252	-0.0537245721356	0.0295130265509	0.0549285599353	0.0191328873644	0.0479305412465	-0.0010728155301	-0.0308976242039	0.0319035572295	-0.0216805121602	-0.000761174602784	-0.0394639922134	-0.0373591458709	-0.00566572964235	0.0235317250319	-0.0261924306704	-0.0058060608362	-0.0287542332229	-0.023629977217	0.0334964019612	-0.00500338457877	-0.0133500761734	-0.0372088782079	-0.0565110141208	0.0242046672406	0.012134595736	0.0252495808379	-0.0519422178992	0.0438508952081	0.0350357926293	-0.0494902267439	-0.0266805263151	-0.00231823636125	-0.0471086119669	0.0506198857226	0.00633612152028	0.0143493264922
k__Bacteria;p__Bacteroidetes;c__Bacteroidia;o__Bacteroidales;f__Porphyromonadaceae;g__Barnesiella;s__Barnesiella_intestinihominis	0.0356415596507	0.0129077410566	-0.0273527732399	0.0065775410724	-0.0265869651718	-0.0321010185626	-0.0089389752751	-0.0843027552312	-0.0240888785262	0.00800513881191	0.022191328731	0.0218600918387	0.011912314057	0.0251789895832	-0.0768338543617	0.0196852801547	-0.0475771824996	0.0019541734564	1.0	-0.0100975782247	0.0136912468662	-0.0581457936467	-0.0194703667553	0.0124454825024	-0.000634802682633	0.0485322232567	-0.00615119381455	0.0106894611025	0.00710423522147	-0.0474950393803	0.00720607871747	-0.000259534704632	-0.0249442299425	0.00510013593179	0.0156603470711	0.0383177227644	0.00350834659135	-0.022575583884	0.00104930863322	0.0291917088658	0.0128768627499	0.0424689900259	-0.0260670454087	-0.0187183349686	-0.0365126027647	-0.0047832634553	-0.0489416443228	-0.0246900525583	0.00149337182465	0.0277112183599	-0.0520162813431	-0.0683512691156	-0.0304823905603	-0.0137866876056	-0.00115362144952	-0.00441609093101	0.026489972866	0.0149315684151	-0.0492947953488
k__Bacteria;p__Bacteroidetes;c__Bacteroidia;o__Bacteroidales;f__Odoribacteraceae;g__Odoribacter;s__Odoribacter_splanchnicus	0.00241131704945	0.00240554318218	-0.0509755493649	-0.0102363063025	0.0143783898406	0.0588011839996	-5.48886035989e-06	0.0182901413172	-0.0445639286444	-0.0168874130253	0.0513359903427	-0.0246319501094	0.0129210035643	-0.0216153713733	-0.0225570700316	-0.00648547006893	-0.0181626424032	0.031338947789	-0.0100975782247	1.0	0.0184807890807	0.0317200329345	0.0336779354121	-0.0137469705053	0.0426549386475	-0.031900531287	0.0112752445465	-0.0861501966246	0.00830254968483	-0.0307524098808	0.00506247915588	-0.00636105621458	-0.0202426031935	0.00134867233012	0.000954553506316	-0.0293703993638	-0.0485712395351	0.0572033236412	0.00168936495059	-0.0546033857135	0.00771592492985	-0.0417451450249	0.050954398456	-0.0353437044495	-0.0581404851079	0.0469326265238	0.0239457035334	0.0277602623486	-0.000159531930056	-0.00496662988533	-0.0141918362431	-0.0287254980456	-0.0412677933135	0.0271993563503	-0.0483751606297	-0.0628515115344	-0.0115765718367	-0.0491931857248	0.0180269921573
k__Bacteria;p__Bacteroidetes;c__Bacteroidia;o__Bacteroidales;f__Bacteroidaceae;g__Bacteroides;s__Bacteroides_salyersiae	-0.0207114165818	0.0199515559527	0.00113080770435	-0.0265001339141	0.0336888401663	-0.00715834592681	0.0386037610025	-0.0167415396846	0.000644456969689	0.0261782108664	-0.00156267071003	-0.0560262511699	0.0128873105432	-0.0342956284338	0.0024935671205	-0.0200551581658	0.0263341144724	-0.0226682797777	0.0136912468662	0.0184807890807	1.0	-0.0380139472888	-0.00204739727215	-0.0266833678978	0.019492073773	-0.0433839516101	0.0242389802033	0.0062059449986	-0.00999076261941	-0.0351502869037	-0.00630938882968	-0.0313471935236	-0.0125942775204	-0.0355862060228	-0.0139755500758	-0.0697867643904	0.0131905094349	0.000859460198285	-0.0206966371054	-0.00876516403098	-0.0329507686565	-0.0427953600525	-0.0865114744926	-0.0295618075981	0.00646248213038	0.0112214199567	0.0309361544266	0.0514019159131	-0.0381171634559	0.0505190426613	0.0117593437276	0.0318667310631	-0.0548949635045	-0.0634335515629	-0.00310531308037	-0.039569959916	0.00383506344417	-0.0745296616794	0.0329229086182
k__Bacteria;p__Firmicutes;c__Clostridia;o__Clostridiales;f__Ruminococcaceae;g__Ruminiclostridium;s__[Eubacterium]_siraeum	-0.0167234795979	-0.0400678608629	-0.0721391693586	0.0497943890437	0.0411784246344	-0.000312512130854	-0.0225076223875	0.00190878649628	0.0326527734923	0.0182797576106	0.0323578236171	0.0341030538717	-0.01162145495	-0.0104901361532	-0.00057409325157	-0.0160878991798	0.0151513239152	-0.0306316085821	-0.0581457936467	0.0317200329345	-0.0380139472888	1.0	-0.00185005398109	-0.0411385535517	-0.0226382870309	-0.0203112654021	-0.0312662087058	-0.0604943966989	-0.0633942671538	-0.0349661664113	-0.00366313099317	-0.047083205014	0.0125480809345	-0.00512291719307	-0.0476122602064	0.0665434650787	-0.0178933467054	-0.0283060805069	0.0304459561938	0.00781924966534	0.0196249799396	-0.0293804489228	0.0324579424356	0.0465141827556	0.0369831150199	-0.00735462369182	0.0037883307645	-0.0463483702092	-0.00159391319038	0.0132692278893	0.0177152551316	0.0325529108229	-0.046436093463	0.0205911408145	0.0350110423428	-0.0421001078467	-0.0544865478381	-0.0434019812849	0.00265176146522
k__Bacteria;p__Proteobacteria;c__Betaproteobacteria;o__Burkholderiales;f__Sutterellaceae;g__Parasutterella;s__Parasutterella_excrementihominis	0.0544283561472	0.0279802621469	-0.00776480853412	-0.0858041676767	-0.0135220129955	-0.0259792796301	-0.00678023939154	-0.0529404726793	0.0225396142366	0.0503172980571	-0.0168393871296	0.0316304418839	-0.0179008181576	-0.0244409678214	-0.00641058258359	0.0473806277441	-0.0611325610878	-0.028674064252	-0.0194703667553	0.0336779354121	-0.00204739727215	-0.00185005398109	1.0	-0.000777198694881	-0.0355204230258	0.00997216267885	-0.0449591837145	0.0070742943337	0.032727435014	0.00447069920721	-0.00394093309841	-0.0497303958941	-0.000602638995522	0.0215103027718	-0.0101919390377	-0.0289109851095	-0.0580141414718	-0.0278475945604	-0.00308341660693	0.0392736946375	0.012030432396	-0.0242035084819	-0.00277601471028	0.00440479408037	0.0834983512247	-0.0413895486649	-0.0224104166473	-0.0103664832782	0.0176938286585	0.0754550799029	0.069063952178	-0.0127884725939	0.0171011457504	-0.0257063003818	-0.00495746170735	-0.0533130920423	-0.0584060368995	0.0718869109544	0.00841008527841
k__Bacteria;p__Actinobacteria;c__Actinobacteria;o__Bifidobacteriales;f__Bifidobacteriaceae;g__Bifidobacterium;s__Bifidobacterium_adolescentis	-0.0476776983732	-0.0122890135939	0.0117335002282	-0.0130390831882	-0.0425776226353	0.0130110244019	-0.025811101999	0.0266826717278	-0.0327993756662	-0.0142519762812	0.0377608140337	-0.0171180523154	-0.0234759834884	0.0169334768525	0.00434412447301	0.0152435449012	0.0121266766331	-0.0537245721356	0.0124454825024	-0.0137469705053	-0.0266833678978	-0.0411385535517	-0.000777198694881	1.0	-0.0126802585582	-0.0708999884018	-0.0220031104403	-0.0116399332988	-0.0128561230798	0.020890471384	-0.0508289516429	0.0229352664446	0.0402890608016	-0.109192696416	-0.0788986861789	-0.0785573681418	-0.0493433527588	0.0108775395711	0.0132724498845	0.0156409465818	0.0142274810909	0.0128403347257	-0.00716891045435	0.0288107731287	0.0149504103717	0.0359860155221	0.00969706749167	-0.00296933810199	-0.0339607678315	0.0199567653512	-0.00810681021855	0.0167284624524	-0.0372306344997	-0.0278981269584	0.0107496413669	0.0198435674842	-0.0100892244048	0.00757734720593	0.0037959079874
k__Bacteria;p__Firmicutes;c__Clostridia;o__Clostridiales;f__Oscillospiraceae;g__Oscillibacter;s__Oscillibacter_sp._KLE_1745	0.0885795805619	0.0265411159879	-0.0591324498925	0.0235267724875	-0.0652911926912	0.0688641995851	-0.0219885343633	-0.00295208042707	0.00982773866587	-0.0114702625757	0.0691119052947	-0.0188181720013	0.0271600654606	-0.014129873905	-0.0054742841938	-0.00127416423874	-0.00248143377238	0.0295130265509	-0.000634802682633	0.0426549386475	0.019492073773	-0.0226382870309	-0.0355204230258	-0.0126802585582	1.0	-0.045664538481	0.026029696937	0.062899493097	-0.0337451825234	-8.1582029261e-05	-0.0341421581579	0.0426837779201	-0.0332211586625	-0.00425720963191	-0.010816469367	-0.0347963782866	0.0577086107289	-0.0443391739181	-0.022454726224	-0.0183170787392	0.0751671170889	0.0166032344909	0.0226436208554	0.0435295830755	-0.0176638955146	-0.0366275540898	0.0490681037399	-0.0441909768362	-0.0723042091898	-0.0398454800042	-0.0167080113216	0.0264883113868	0.0117607794228	-0.122752264144	0.00525746116936	9.74417942559e-05	-0.016450462588	-0.0178836754901	0.0263291034791
k__Bacteria;p__Bacteroidetes;c__Bacteroidia;o__Bacteroidales;f__Bacteroidaceae;g__Bacteroides;s__Bacteroides_coprophilus	0.0176939500298	-0.00547339467905	0.00659190800286	-0.0153510047248	0.0358639273986	-0.00268742766094	-0.0346778533395	0.0129786832576	0.0439673302934	0.073724541547	0.0183341141353	-0.0146703047257	-0.0120329927665	0.0563646739554	-0.0209808613551	0.0553969624028	-0.0547384486876	0.0549285599353	0.0485322232567	-0.031900531287	-0.0433839516101	-0.0203112654021	0.00997216267885	-0.0708999884018	-0.045664538481	1.0	-0.00944392942357	0.00882249085936	-0.00051925052009	-0.0135363384599	-0.0122228697318	-0.0603896008776	0.0203259888825	0.0060097905456	-0.0328935993218	0.134465745028	-0.0757797638946	-0.0209309650401	-0.00443224538258	-0.0145209515968	-0.0597812683141	0.0329568469673	-0.046990630167	0.00491934239123	0.0332737354893	-0.0324708574914	-0.00909485725775	-0.0488478601564	-0.0087113251779	-0.0604636582066	-0.0200987366919	-0.0465049343464	-0.0847842748056	0.0638126980601	0.00271142578137	-0.0238503929019	-0.00896600213592	0.0158671676866	-0.0327841401025
k__Bacteria;p__Firmicutes;c__Clostridia;o__Clostridiales;f__Lachnospiraceae;g__Roseburia;s__Roseburia_intestinalis	0.00108210546037	-0.00437147710484	-0.0440427453406	-0.0715700622644	-0.0162932013718	-0.0427645601997	0.0289921638125	-0.00848043025347	0.0480260684121	0.0207386921468	0.00617937026514	0.0570737942201	0.0117362510745	0.010031037889	-0.00772962224119	-0.0207681766002	0.0368378643066	0.0191328873644	-0.00615119381455	0.0112752445465	0.0242389802033	-0.0312662087058	-0.0449591837145	-0.0220031104403	0.026029696937	-0.00944392942357	1.0	-0.0640612383692	-0.046243976187	-0.020955294073	-0.0521115772878	-0.0273861513548	-0.0205368778819	-0.0255849619674	0.0373803978371	0.0405419906471	-0.0812384802998	-0.0216028154507	-0.00867260451907	0.0194846035289	-0.00631372334512	-0.0150520072268	-0.00570812732507	0.0475306000371	0.0218233367997	-0.0252105371753	0.00843581348715	0.0311795424047	0.0262362720037	-0.0683371483239	0.0236362616823	-0.0704425194298	-0.0391703724891	-0.0577591523627	-0.016008793709	0.000524980377861	0.0143986478964	-0.0398821711824	0.00637129112464
k__Bacteria;p__Firmicutes;c__Clostridia;o__Clostridiales;f__Lachnospiraceae;g__Roseburia;s__Roseburia_hominis	-0.0691894358052	-0.039684937035	-0.0163364295789	0.0266233340919	-0.0667017438514	0.0201628809682	-0.0414167290702	0.0239097332834	0.00876920782958	0.0118443019672	-0.0573091410472	-0.0530488322067	-0.00765438305474	0.0329323106738	-0.0094010787319	0.0203113128856	-0.0429964232761	0.0479305412465	0.0106894611025	-0.0861501966246	0.0062059449986	-0.0604943966989	0.0070742943337	-0.0116399332988	0.062899493097	0.00882249085936	-0.0640612383692	1.0	-0.0640084964791	0.0113695960429	0.0883004868954	0.0675762884866	0.0103045365985	-0.0390403587303	-0.0123614647855	0.0485454952389	0.0237046057021	0.0179623265944	-0.0708581961501	0.00708239473983	0.00659564107481	0.0126114319463	-0.0759004799779	-0.0774770587094	-0.025438283981	-0.0191768969251	0.00394417407079	-0.00739454567195	-0.0190328532426	-0.0807952228685	0.0451526317804	-0.00814661722847	0.0344239110391	0.0168319900799	-0.04445229799	0.0518142108189	0.00840664711894	-0.0186853687028	0.0102512465651
k__Bacteria;p__Bacteroidetes;c__Bacteroidia;o__Bacteroidales;f__Porphyromonadaceae;g__Parabacteroides;s__Parabacteroides_johnsonii	-0.0502667136535	0.0157197547955	-0.0198501487811	-0.00762164921009	-0.00550639485143	-0.0625779838729	-0.015899947881	-0.048084715491	-0.0797958001313	0.0141409195889	-0.00851910287101	0.0269567628776	0.0105641344868	-0.0504540584884	-0.0164817329553	0.00837831395903	0.000379743813762	-0.0010728155301	0.00710423522147	0.00830254968483	-0.00999076261941	-0.0633942671538	0.032727435014	-0.0128561230798	-0.0337451825234	-0.00051925052009	-0.046243976187	-0.0640084964791	1.0	0.0332005168493	0.0298561889402	0.0267191739141	-0.0525899396835	-0.0238987078395	0.0237919140251	0.00518527042899	-0.0265966162755	0.0401943534894	-0.0397937195861	-0.00333630676255	-0.0119471435022	-0.0284075551385	-0.0301303862683	-0.0337914096889	0.0216371560563	-0.00432118822271	0.0380725268461	-0.0318205414305	-0.0590200722091	-0.00946968524259	0.000706122099395	-0.00223423454736	-0.0376411228759	-0.0257100468547	-0.00451652600976	0.0248009354759	0.0592922603308	-0.0904509895943	-0.0074937114917
k__Bacteria;p__Actinobacteria;c__Actinobacteria;o__Bifidobacteriales;f__Bifidobacteriaceae;g__Bifidobacterium;s__Bifidobacterium_longum	0.039137438716	-0.0121781779974	0.0188559628308	-0.00232313174079	-0.0264952345846	-0.0323660585377	-0.0683313074414	0.0628176521279	-0.0414199570053	-0.00193371642594	-0.00110034535545	0.0380285812617	0.00748659249313	-0.00948921759144	-0.0275600260022	-0.00944892711826	0.0197825114825	-0.0308976242039	-0.0474950393803	-0.0307524098808	-0.0351502869037	-0.0349661664113	0.00447069920721	0.020890471384	-8.1582029261e-05	-0.0135363384599	-0.020955294073	0.0113695960429	0.0332005168493	1.0	-0.0147304514025	-0.00136042478406	-0.0231964913964	-0.03966081889	-0.0366389254088	0.0489246370838	-0.00770282402721	-0.0324259321088	0.0163808990948	-0.0741577750044	0.00638618812276	-0.0308013221436	0.0645916928006	-0.0115299673475	0.0735447439951	-0.0339569880944	-0.0809694807368	-0.0103790863254	0.0281346879526	0.0677388533071	0.00777065197097	-0.0261655032954	-0.0475166231437	-0.0399821545831	-0.019556009277	-0.0529634852873	-0.0126625465459	-0.0349640227545	0.0142377702833
