#taxonomy	k__Bacteria;p__Bacteroidetes;c__Bacteroidia;o__Bacteroidales;f__Bacteroidaceae;g__Bacteroides;s__Bacteroides_vulgatus	k__Bacteria;p__Bacteroidetes;c__Bacteroidia;o__Bacteroidales;f__Bacteroidaceae;g__Bacteroides;s__Bacteroides_uniformis	k__Bacteria;p__Bacteroidetes;c__Bacteroidia;o__Bacteroidales;f__Rikenellaceae;g__Alistipes;s__Alistipes_putredinis	k__Bacteria;p__Bacteroidetes;c__Bacteroidia;o__Bacteroidales;f__Prevotellaceae;g__Prevotella;s__Prevotella_copri	k__Bacteria;p__Bacteroidetes;c__Bacteroidia;o__Bacteroidales;f__Bacteroidaceae;g__Bacteroides;s__Bacteroides_stercoris	k__Bacteria;p__Bacteroidetes;c__Bacteroidia;o__Bacteroidales;f__Bacteroidaceae;g__Bacteroides;s__Bacteroides_ovatus	k__Bacteria;p__Bacteroidetes;c__Bacteroidia;o__Bacteroidales;f__Rikenellaceae;g__Alistipes;s__Alistipes_shahii	k__Bacteria;p__Firmicutes;c__Clostridia;o__Clostridiales;f__Ruminococcaceae;g__Faecalibacterium;s__Faecalibacterium_prausnitzii	k__Bacteria;p__Bacteroidetes;c__Bacteroidia;o__Bacteroidales;f__Rikenellaceae;g__Alistipes;s__Alistipes_finegoldii	k__Bacteria;p__Bacteroidetes;c__Bacteroidia;o__Bacteroidales;f__Porphyromonadaceae;g__Parabacteroides;s__Parabacteroides_distasonis	k__Bacteria;p__Bacteroidetes;c__Bacteroidia;o__Bacteroidales;f__Bacteroidaceae;g__Bacteroides;s__Bacteroides_thetaiotaomicron	k__Bacteria;p__Bacteroidetes;c__Bacteroidia;o__Bacteroidales;f__Bacteroidaceae;g__Bacteroides;s__Bacteroides_coprocola	k__Bacteria;p__Bacteroidetes;c__Bacteroidia;o__Bacteroidales;f__Bacteroidaceae;g__Bacteroides;s__Bacteroides_cellulosilyticus	k__Bacteria;p__Bacteroidetes;c__Bacteroidia;o__Bacteroidales;f__Rikenellaceae;g__Alistipes;s__Alistipes_obesi	k__Bacteria;p__Firmicutes;c__Clostridia;o__Clostridiales;f__Lachnospiraceae;g__;s__[Eubacterium]_rectale	k__Bacteria;p__Bacteroidetes;c__Bacteroidia;o__Bacteroidales;f__Bacteroidaceae;g__Bacteroides;s__Bacteroides_plebeius	k__Bacteria;p__Bacteroidetes;c__Bacteroidia;o__Bacteroidales;f__Bacteroidaceae;g__Bacteroides;s__Bacteroides_fragilis	k__Bacteria;p__Proteobacteria;c__Betaproteobacteria;o__Burkholderiales;f__Sutterellaceae;g__Sutterella;s__Sutterella_wadsworthensis	k__Bacteria;p__Bacteroidetes;c__Bacteroidia;o__Bacteroidales;f__Porphyromonadaceae;g__Barnesiella;s__Barnesiella_intestinihominis	k__Bacteria;p__Bacteroidetes;c__Bacteroidia;o__Bacteroidales;f__Odoribacteraceae;g__Odoribacter;s__Odoribacter_splanchnicus	k__Bacteria;p__Bacteroidetes;c__Bacteroidia;o__Bacteroidales;f__Bacteroidaceae;g__Bacteroides;s__Bacteroides_salyersiae	k__Bacteria;p__Firmicutes;c__Clostridia;o__Clostridiales;f__Ruminococcaceae;g__Ruminiclostridium;s__[Eubacterium]_siraeum	k__Bacteria;p__Proteobacteria;c__Betaproteobacteria;o__Burkholderiales;f__Sutterellaceae;g__Parasutterella;s__Parasutterella_excrementihominis	k__Bacteria;p__Actinobacteria;c__Actinobacteria;o__Bifidobacteriales;f__Bifidobacteriaceae;g__Bifidobacterium;s__Bifidobacterium_adolescentis	k__Bacteria;p__Firmicutes;c__Clostridia;o__Clostridiales;f__Oscillospiraceae;g__Oscillibacter;s__Oscillibacter_sp._KLE_1745	k__Bacteria;p__Bacteroidetes;c__Bacteroidia;o__Bacteroidales;f__Bacteroidaceae;g__Bacteroides;s__Bacteroides_coprophilus	k__Bacteria;p__Firmicutes;c__Clostridia;o__Clostridiales;f__Lachnospiraceae;g__Roseburia;s__Roseburia_intestinalis	k__Bacteria;p__Firmicutes;c__Clostridia;o__Clostridiales;f__Lachnospiraceae;g__Roseburia;s__Roseburia_hominis	k__Bacteria;p__Bacteroidetes;c__Bacteroidia;o__Bacteroidales;f__Porphyromonadaceae;g__Parabacteroides;s__Parabacteroides_johnsonii	k__Bacteria;p__Actinobacteria;c__Actinobacteria;o__Bifidobacteriales;f__Bifidobacteriaceae;g__Bifidobacterium;s__Bifidobacterium_longum	k__Bacteria;p__Firmicutes;c__Clostridia;o__Clostridiales;f__;g__Flavonifractor;s__Flavonifractor_plautii	k__Bacteria;p__Firmicutes;c__Clostridia;o__Clostridiales;f__Clostridiaceae;g__Clostridium;s__Clostridium_phoceensis	k__Bacteria;p__Verrucomicrobia;c__Verrucomicrobiae;o__Verrucomicrobiales;f__Akkermansiaceae;g__Akkermansia;s__Akkermansia_muciniphila	k__Bacteria;p__Bacteroidetes;c__Bacteroidia;o__Bacteroidales;f__Prevotellaceae;g__Paraprevotella;s__Paraprevotella_xylaniphila	k__Bacteria;p__Firmicutes;c__Clostridia;o__Clostridiales;f__Ruminococcaceae;g__Ruminococcus;s__Ruminococcus_callidus	k__Bacteria;p__Bacteroidetes;c__Bacteroidia;o__Bacteroidales;f__Rikenellaceae;g__Alistipes;s__Alistipes_senegalensis	k__Bacteria;p__Firmicutes;c__Clostridia;o__Clostridiales;f__Lachnospiraceae;g__Blautia;s__Blautia_sp._KLE_1732	k__Bacteria;p__Bacteroidetes;c__Bacteroidia;o__Bacteroidales;f__Bacteroidaceae;g__Bacteroides;s__Bacteroides_oleiciplenus	k__Bacteria;p__Firmicutes;c__Clostridia;o__Clostridiales;f__Ruminococcaceae;g__Ruminococcus;s__Ruminococcus_bicirculans	k__Bacteria;p__Bacteroidetes;c__Bacteroidia;o__Bacteroidales;f__Bacteroidaceae;g__Bacteroides;s__Bacteroides_fluxus	k__Bacteria;p__Bacteroidetes;c__Bacteroidia;o__Bacteroidales;f__Prevotellaceae;g__Prevotella;s__Prevotella_stercorea	k__Bacteria;p__Firmicutes;c__Clostridia;o__Clostridiales;f__Lachnospiraceae;g__Dorea;s__Dorea_longicatena	k__Bacteria;p__Firmicutes;c__Clostridia;o__Clostridiales;f__Eubacteriaceae;g__Eubacterium;s__[Eubacterium]_eligens	k__Bacteria;p__Firmicutes;c__Clostridia;o__Clostridiales;f__Ruminococcaceae;g__;s__Ruminococcaceae_bacterium_D16	k__Bacteria;p__Firmicutes;c__Clostridia;o__Clostridiales;f__Lachnospiraceae;g__Coprococcus;s__Coprococcus_comes	k__Bacteria;p__Proteobacteria;c__Gammaproteobacteria;o__Enterobacterales;f__Enterobacteriaceae;g__Escherichia;s__Escherichia_coli	k__Bacteria;p__Firmicutes;c__Clostridia;o__Clostridiales;f__Ruminococcaceae;g__Anaerotruncus;s__Anaerotruncus_colihominis	k__Bacteria;p__Firmicutes;c__Clostridia;o__Clostridiales;f__Lachnospiraceae;g__Blautia;s__Blautia_obeum	k__Bacteria;p__Bacteroidetes;c__Bacteroidia;o__Bacteroidales;f__Odoribacteraceae;g__Odoribacter;s__Odoribacter_laneus	k__Bacteria;p__Firmicutes;c__Clostridia;o__Clostridiales;f__Ruminococcaceae;g__Ruminiclostridium;s__[Clostridium]_leptum	k__Bacteria;p__Bacteroidetes;c__Bacteroidia;o__Bacteroidales;f__Porphyromonadaceae;g__Parabacteroides;s__Parabacteroides_goldsteinii	k__Bacteria;p__Firmicutes;c__Clostridia;o__Clostridiales;f__Lachnospiraceae;g__Anaerostipes;s__Anaerostipes_hadrus	k__Bacteria;p__Firmicutes;c__Clostridia;o__Clostridiales;f__Ruminococcaceae;g__Ruminococcus;s__Ruminococcus_lactaris	k__Bacteria;p__Firmicutes;c__Clostridia;o__Clostridiales;f__Clostridiaceae;g__Clostridium;s__Clostridium_sp._L2-50	k__Bacteria;p__Firmicutes;c__Clostridia;o__Clostridiales;f__Clostridiaceae;g__Clostridium;s__Clostridium_sp._M62/1	k__Bacteria;p__Firmicutes;c__Clostridia;o__Clostridiales;f__;g__Intestinimonas;s__Intestinimonas_butyriciproducens	k__Bacteria;p__Actinobacteria;c__Actinobacteria;o__Bifidobacteriales;f__Bifidobacteriaceae;g__Bifidobacterium;s__Bifidobacterium_bifidum	k__Bacteria;p__Firmicutes;c__Negativicutes;o__Veillonellales;f__Veillonellaceae;g__Dialister;s__Dialister_invisus	k__Bacteria;p__Bacteroidetes;c__Bacteroidia;o__Bacteroidales;f__Bacteroidaceae;g__Bacteroides;s__Bacteroides_salanitronis
k__Bacteria;p__Bacteroidetes;c__Bacteroidia;o__Bacteroidales;f__Bacteroidaceae;g__Bacteroides;s__Bacteroides_vulgatus	1.0	0.00357115617183	-0.0198099113629	0.00640553704032	-0.085328350323	0.034962859736	0.012602341355	-0.0281850609738	0.0111186003284	-0.0629405275535	-0.0336506533906	-0.11385658886	-0.0709610463454	0.00684401168986	0.0313179673572	-0.102013192224	-0.0174101494779	0.0121920111761	0.036851601331	0.044442991593	-0.0212234035431	0.00933398462841	0.0420738868019	-0.082364054015	0.0825966461819	-0.0206111958027	-0.0527243104963	-0.0350944813228	0.0757636733046	0.0151343511545	0.00763795246258	0.00658920857232	-0.0642903153555	0.0177850871298	0.0531860236514	-0.0173750686761	0.00508431254671	-0.027965420863	-0.0423588683608	-0.00300271516038	0.0267703195637	0.00276865937348	0.00268154772333	-0.0316524636837	0.0215224432749	-0.0315406213605	-0.0793396661688	0.0490349712229	0.00468749778813	-0.00404678046245	-0.0188380394575	0.0337205978268	-0.00263461767157	0.0168347151868	-0.0442961724436	0.0169330387744	0.0271384617988	-0.00542618934767	0.0662448208825
k__Bacteria;p__Bacteroidetes;c__Bacteroidia;o__Bacteroidales;f__Bacteroidaceae;g__Bacteroides;s__Bacteroides_uniformis	0.00357115617183	1.0	-0.00417510577129	0.0100012185913	-0.002463299377	-0.0206409691947	0.0112336385819	0.0243258088144	0.0124461416266	-0.0150082585015	-0.0569259419979	-0.027786516795	0.0654255900976	0.0163133676081	-0.0386482873334	0.00851382966096	-0.0440461661413	-0.0429620561946	-0.0333307647464	-0.0714180335449	-0.0489931411189	0.0352651950813	-0.00934262908033	-0.00158179045826	0.0343889575591	0.0244500425735	-0.0106319066871	-0.00568053295254	-0.0269251441144	0.0242866127215	-0.0557990900992	-0.0489409151701	-2.87460185404e-05	-0.0304104400243	-0.0147314703694	0.0553854217213	-0.0128904829269	-0.0091364229968	0.0106399193597	0.0521805700597	0.0134845780203	0.00403206036017	0.0558206044046	-0.104412826244	-0.0487965086046	-0.00849709477802	-0.0118433082019	-0.0397365224541	-0.00806960815546	0.0861378295184	-0.00948426089562	0.00156486583482	0.0324155557817	-0.0204051342451	0.0585676926864	-0.0295865580553	0.0200804778776	-0.0275649477797	-0.0607280003289
k__Bacteria;p__Bacteroidetes;c__Bacteroidia;o__Bacteroidales;f__Rikenellaceae;g__Alistipes;s__Alistipes_putredinis	-0.0198099113629	-0.00417510577129	1.0	-0.0165353429128	0.0204587709774	-0.028102344143	0.0491363601492	-0.024664537381	-0.0273314859793	-0.00065451753773	-0.0312315158807	0.0196682760984	0.0319963228418	-0.00784190285458	-0.00518545803404	-0.0314569051851	0.0148328780566	-0.0360323766795	-0.0524588540178	0.0171607922933	0.047672871025	-0.0228313660041	0.0269441215951	-0.0122627792535	-0.0163910503096	-0.0165504458978	0.024947602663	-0.00787436647998	-0.082155133101	-0.00524690469918	0.0211699003429	0.0383986929903	0.00912862231174	0.0148023975593	-0.05066818276	-0.0429094999793	0.0207805406038	0.0218708151085	-0.0211218827828	0.0371152348884	0.0003200658189	0.0052461339181	0.00383785129387	-0.0226246770694	-0.0211875641073	-0.0484191939712	-0.0334173858046	-0.0181204498585	-0.0389964660403	0.0669559133396	-0.00742255289471	0.0271623381867	-0.0314313842116	0.00384238343994	0.034681294306	-0.0390395182983	-0.0363607152895	0.0208901799789	0.0300623276332
k__Bacteria;p__Bacteroidetes;c__Bacteroidia;o__Bacteroidales;f__Prevotellaceae;g__Prevotella;s__Prevotella_copri	0.00640553704032	0.0100012185913	-0.0165353429128	1.0	0.00645025578914	0.00874074844254	-0.0819271291347	0.00660417616319	-0.00242061360276	-0.021821456525	-0.00504794553428	0.00199153146126	-0.0486334593335	0.0663092047841	-0.0298626553377	-0.0297334173509	-0.0132761122004	-0.0334061712738	0.0193124942094	0.0462947458538	0.0563670370853	-0.0485698768955	0.00276041417479	-0.0272226735636	-0.00423202482924	0.0300226113684	-0.0289314977493	0.0101085968805	-0.0765459932454	-0.0335911010374	-0.021978095084	0.0936219589454	-0.0349513021029	-0.00125695479645	0.0181492298713	-0.00179608753428	-0.0231783849096	-0.00959111879371	0.0404014911294	-0.00707006035163	-0.0451740759471	-0.00562432994574	-0.0121256716177	-0.0525903688562	0.010580351178	-0.0377305035529	0.000614390709773	0.0376147490993	0.014924062672	0.00312728417196	-0.00641033253926	-0.00266521250621	0.0339562178302	-0.0204182264429	0.0463361611588	-0.0139649089623	0.0315496887512	-0.00179254335199	-0.016116129926
k__Bacteria;p__Bacteroidetes;c__Bacteroidia;o__Bacteroidales;f__Bacteroidaceae;g__Bacteroides;s__Bacteroides_stercoris	-0.085328350323	-0.002463299377	0.0204587709774	0.00645025578914	1.0	-0.00362652230186	0.0419485256346	-0.037614954197	-0.0143782264963	0.0173206687839	-0.0124069332954	-0.0455903157148	-0.0924471776619	0.00418487011115	0.024720904169	-0.0794451248613	0.00343449747999	-0.0328471557598	-4.26003134791e-05	-0.0130708096537	-0.00592722691396	0.0404487031424	0.0749049240639	0.0231227366277	0.0474032731525	-0.0358726311144	0.0117211070806	-0.0634622235918	-0.0434840028257	-0.0285025827382	-0.0452615949134	-0.0133764181952	-0.0309961006193	-0.0434638056436	0.0336748922847	-0.0451590983383	-0.0210582626673	0.0242273140407	0.0063820694605	-0.0313756736992	-0.0262806227573	-0.026213964264	-0.0164287061829	-0.0554564975351	-0.0688977672371	0.0432276830212	0.0483092772297	-0.0299101175109	0.00704600787903	-0.00941163860633	0.012769991727	0.00763898240206	0.0135873057984	-0.00839553807266	-0.00821450971342	-0.0749356053516	-0.0381037307524	-0.0445138259093	-0.0109087237843
k__Bacteria;p__Bacteroidetes;c__Bacteroidia;o__Bacteroidales;f__Bacteroidaceae;g__Bacteroides;s__Bacteroides_ovatus	0.034962859736	-0.0206409691947	-0.028102344143	0.00874074844254	-0.00362652230186	1.0	-0.0098815178048	0.0125002046725	0.0202644111412	0.0140574783925	-0.00381412379938	-0.00994161199001	0.043392223176	0.00479173726937	-0.0401672957561	-0.0372409362269	-0.00602762882176	-0.0285784087307	0.022861453189	0.0102937533532	0.0046117815842	0.0542794547406	0.0157686189608	-0.0215968870035	-0.0114832126303	-0.00307001149383	0.0286122183534	0.055466264925	0.013011320831	-0.0729278196427	0.0125336094212	-0.04154556492	-0.0142780200076	-0.00940903840185	0.0702950941061	-0.00319969935275	0.0854239927145	-0.0426272823189	-0.0642241689097	-0.0410806535266	0.018689387435	-0.00467004879596	-0.0676773772353	0.0166031935412	0.00119980902841	0.031656476849	-0.0730618938557	-0.0298121605501	0.0223128524315	-0.0646044985466	-0.0255482636067	0.0405721785977	-0.0277910049728	0.0165296886086	-0.0189276679408	-0.0390110097676	-0.0114310075879	0.061275463302	-0.0549610070905
k__Bacteria;p__Bacteroidetes;c__Bacteroidia;o__Bacteroidales;f__Rikenellaceae;g__Alistipes;s__Alistipes_shahii	0.012602341355	0.0112336385819	0.0491363601492	-0.0819271291347	0.0419485256346	-0.0098815178048	1.0	-0.0188353181149	-0.0504549303379	0.00266613591169	-0.0417595807396	0.0409427232813	-0.00824562723586	0.0146117811961	-0.00678707322546	0.0192501021682	0.0886595161321	0.0306384349989	-0.0479295442927	-0.0184621262251	-0.0432707461078	-0.0623679666783	0.0568725254841	-0.00601314504465	-0.0161627767088	-0.0784962440698	-0.0281712986209	0.00655957084108	5.7068214043e-05	0.0469005504912	-0.00700977659278	0.0415804118421	0.019396556578	0.0110308791328	0.0136904184948	-0.0225203465623	0.0467196517475	-0.0437387616097	0.0652598496816	0.0082576149175	-0.0455397316573	-0.0550779513525	0.00654220037229	0.0307926102805	-0.016444546755	-0.00318692248943	-0.0237952678716	0.00103544246712	-0.024148071877	-0.0160809484249	0.00246203724491	-0.0153460934432	-0.0673978410482	-0.0173197633651	0.0174251193184	-0.00624873943724	-0.0202084218436	0.0372873759517	0.00268223436475
k__Bacteria;p__Firmicutes;c__Clostridia;o__Clostridiales;f__Ruminococcaceae;g__Faecalibacterium;s__Faecalibacterium_prausnitzii	-0.0281850609738	0.0243258088144	-0.024664537381	0.00660417616319	-0.037614954197	0.0125002046725	-0.0188353181149	1.0	-0.0259578842031	-0.00806223048005	-0.081573764459	0.027284841605	-0.0310828124113	0.0122578913707	-0.0627685638514	-0.0452913924985	0.0357598656697	-0.0131192745046	-0.00423085822535	0.0267935678728	-0.0522411717798	-0.0314385366573	0.0144945609172	-0.0011432328781	-0.00144650980432	0.0263813458301	0.00907856352577	0.0266024191891	0.00339138103068	0.0337085112972	-0.07547553617	0.00107352083343	-0.0120504590199	-0.0492694714928	0.0601202780669	0.000778707918906	0.017326151768	0.0398879498837	-0.0653668068341	0.0624024952691	-0.00877444407302	-0.00197880777238	0.031562060331	0.0290951174497	-0.00392691705414	0.0385487485834	-0.0439710463727	0.0145021415385	0.0440890261831	-0.0370201251324	-0.0674590556537	0.00541765384509	-0.00163003444463	-0.0862543487626	-0.0170862330593	0.00807487143711	0.0100334731067	-0.0138929968155	-0.0335697842023
k__Bacteria;p__Bacteroidetes;c__Bacteroidia;o__Bacteroidales;f__Rikenellaceae;g__Alistipes;s__Alistipes_finegoldii	0.0111186003284	0.0124461416266	-0.0273314859793	-0.00242061360276	-0.0143782264963	0.0202644111412	-0.0504549303379	-0.0259578842031	1.0	-0.042043242438	0.0454432626715	0.0052901420368	0.0616932244179	0.0145486552625	0.041048694531	0.0138728956963	0.0178579505071	-0.0382718416066	0.0121134252546	0.00627458070098	0.00629919764496	-0.0611930097638	-0.00629517004145	-0.0939820558193	0.0241330555943	-0.050981018362	-0.0150492932809	0.0490599020778	-0.0572447026252	-0.0596962263873	-0.0391147448491	-0.0357144784032	-0.032916644824	-0.0411326302515	0.0181591843798	0.00431197608677	-0.0609502291576	-0.0329210964545	-0.0149613670884	-0.048707924547	0.00363602475713	-0.0337481687954	0.0395562722246	-0.0222947152685	-0.0833784851335	-0.0232034711998	0.0221505659378	-0.0537962415061	-0.0042247145524	0.0207138527317	-0.059705482365	-0.0274184305897	0.0293476533546	-0.0475186632354	0.0275188575732	-0.00628393912469	-0.0207751778094	-0.0428341440695	-0.0337510265078
k__Bacteria;p__Bacteroidetes;c__Bacteroidia;o__Bacteroidales;f__Porphyromonadaceae;g__Parabacteroides;s__Parabacteroides_distasonis	-0.0629405275535	-0.0150082585015	-0.00065451753773	-0.021821456525	0.0173206687839	0.0140574783925	0.00266613591169	-0.00806223048005	-0.042043242438	1.0	-0.0190912562319	-0.0234788555126	-0.0137852124476	-0.0425186002876	-0.0269478183332	0.00794889045726	-0.0337957203024	-0.0300357588203	-0.0223407924184	0.00756398782	-0.00444780930742	-0.00951922250044	0.0107735093799	-0.0172945866047	-0.0262403765514	-0.0189536514378	0.00884548935514	-0.0525143772642	-0.0120952940959	-0.0509741234231	0.00777369638729	-0.00727359708893	0.0203508518392	-0.0472214065792	-0.00206026676955	-0.0135304739282	-0.0653734824648	0.013177086667	-0.00876818549848	0.00609669663096	-0.0453923919341	-0.00927336336087	0.00709970634071	-0.00945907487175	-0.0223483453772	0.0620681365013	0.0280985260484	-0.0200520820132	-0.0265653816185	0.00884496653614	-0.0014277559405	0.0115353304135	-0.0597191883314	0.0582885177033	0.0115743454119	0.0292133267205	-0.0324650056081	0.0013505825569	-0.0337791996011
k__Bacteria;p__Bacteroidetes;c__Bacteroidia;o__Bacteroidales;f__Bacteroidaceae;g__Bacteroides;s__Bacteroides_thetaiotaomicron	-0.0336506533906	-0.0569259419979	-0.0312315158807	-0.00504794553428	-0.0124069332954	-0.00381412379938	-0.0417595807396	-0.081573764459	0.0454432626715	-0.0190912562319	1.0	-0.0299322271123	-0.00477923583348	-0.0281014443762	-0.00206555190966	-0.000958791051234	-0.0440130981887	0.0182333877963	0.0444941501934	0.0010229695863	-0.0108625642616	-0.0872072808272	0.0100593461774	0.0257257833907	-0.072126593411	0.00629568890176	0.00526416736183	-0.0187433942404	0.0131694882597	0.0155551856135	-0.0104450122323	-0.0273872596853	-0.0322864229914	0.017205832914	-0.00787315101403	0.0235885944802	-0.0407731136985	-0.0446301762343	0.0062464480417	-0.0423905339734	0.0546694986562	-0.0205400401393	0.0183124265217	0.0258728947686	-0.0295067302359	-0.000541109982611	-0.0121548506476	-0.0291347598367	0.0197249495288	-0.0227383958926	-0.00884366482545	0.0295227975539	-0.0280435017273	-0.0270771396447	-0.0304941827853	0.025362268538	-0.0406204171585	-0.0256701007778	0.0104750069632
k__Bacteria;p__Bacteroidetes;c__Bacteroidia;o__Bacteroidales;f__Bacteroidaceae;g__Bacteroides;s__Bacteroides_coprocola	-0.11385658886	-0.027786516795	0.0196682760984	0.00199153146126	-0.0455903157148	-0.00994161199001	0.0409427232813	0.027284841605	0.0052901420368	-0.0234788555126	-0.0299322271123	1.0	0.0507287371975	0.000213297857063	-0.0555976126457	0.0427170444023	-0.000995189665077	-0.026658150646	0.0249909406478	0.0349249609753	-0.0184175165339	0.0471137625735	-0.0573840822348	-0.0111474689682	0.0464890681654	-0.0038992077464	-0.0279345608221	0.0238449705125	-0.0281133789122	-0.0225837906391	0.00892030459469	-0.0294799134209	-0.0446310605507	-0.028279970877	-0.0175202717217	-0.0247385645673	0.00162614170404	0.0217979146072	-0.0460580483613	0.0496729062493	-0.0652207596368	-0.0387939018385	-0.0126656598119	-0.0120318841614	-0.0223004231345	0.0059250454729	-0.0359390392226	-0.00188708784257	0.0140676483267	0.00848768606676	-0.0533735915191	0.0247556728549	-0.00895339644519	-0.116546757202	-0.0737889250512	0.00421117731967	-0.0269578108063	0.0229057019249	-0.0744847096047
k__Bacteria;p__Bacteroidetes;c__Bacteroidia;o__Bacteroidales;f__Bacteroidaceae;g__Bacteroides;s__Bacteroides_cellulosilyticus	-0.0709610463454	0.0654255900976	0.0319963228418	-0.0486334593335	-0.0924471776619	0.043392223176	-0.00824562723586	-0.0310828124113	0.0616932244179	-0.0137852124476	-0.00477923583348	0.0507287371975	1.0	-0.0471109654093	-0.0411385124024	-0.071803641035	0.0114998881386	-0.0225144331237	-0.0451681079454	0.0447591660139	-0.0725880938224	-0.0337743693068	-0.00483379065095	0.00798466973335	-0.0298977271885	0.00726481406924	0.0320812541008	0.00904210253433	-0.0240394547566	0.0128141112527	-0.0353013576961	0.0195608903993	0.0133806786749	0.00564938301604	-0.100063355348	-0.02018663044	-0.0480186954082	0.0250118721026	-0.00751266454697	-0.00284327144375	-0.0209991320811	0.0162142309578	-0.0258566182048	0.0736558945178	-0.0263126906351	0.0454846064259	-0.0243208544381	-0.0460118104733	-0.00954510295005	0.051920001395	-0.00334829179826	-0.0192594060244	0.013295543576	-0.0177184624893	0.0320505672732	-0.0456519631547	0.0387578816901	1.53849360219e-05	-0.016200971186
k__Bacteria;p__Bacteroidetes;c__Bacteroidia;o__Bacteroidales;f__Rikenellaceae;g__Alistipes;s__Alistipes_obesi	0.00684401168986	0.0163133676081	-0.00784190285458	0.0663092047841	0.00418487011115	0.00479173726937	0.0146117811961	0.0122578913707	0.0145486552625	-0.0425186002876	-0.0281014443762	0.000213297857063	-0.0471109654093	1.0	-0.0652813238762	-0.012975392365	0.0273912708305	-0.00562285439233	-0.0265627779881	-0.0243507455274	0.0144225342465	0.0597056467044	-0.00956309141071	-0.0538081797874	0.00328290484405	-0.0432581068775	0.0299432169962	-0.0129744461444	-0.0430711691342	-0.0165818325068	-0.0146505880756	-0.121227231215	-0.0625300485668	0.0219280247022	-0.00217516656817	-0.00359964762074	0.0126813888814	-0.0363740449682	-0.0344843736672	0.024090443608	-0.0386313717505	-0.0130816694551	-0.035293357122	0.0133250791647	-0.0282052595576	-0.0123317592496	0.0178918321486	-0.0146297057082	-0.016467596706	-0.0278693776329	0.043932573868	-0.0215926864	0.00356293697489	-0.0141482490526	-0.0299151237327	0.0566525511393	0.0109446273496	0.0550976763796	0.00407090396391
k__Bacteria;p__Firmicutes;c__Clostridia;o__Clostridiales;f__Lachnospiraceae;g__;s__[Eubacterium]_rectale	0.0313179673572	-0.0386482873334	-0.00518545803404	-0.0298626553377	0.024720904169	-0.0401672957561	-0.00678707322546	-0.0627685638514	0.041048694531	-0.0269478183332	-0.00206555190966	-0.0555976126457	-0.0411385124024	-0.0652813238762	1.0	-0.00859059804558	-0.0108166470606	0.017977457721	0.00834113463827	-0.0038551584418	0.0220437967716	-0.0235134290332	0.00921663902648	0.0771752730969	-0.00684845945648	-0.00993318789156	-0.0555567297301	0.0108506641249	0.0384920953678	-0.038379717923	0.0476902718052	-0.0227757505418	-0.012838020583	-0.0307385531335	-0.0295667415983	-0.00177788093629	-0.0196494865758	0.000758855111677	-0.0637302212428	-0.00798425348244	-0.0376973820568	-0.0365928378053	0.0161511954232	0.0494034773777	-0.0216013025384	0.0208722270529	0.019867363036	0.0253678944569	-0.0128388515516	-0.0027739734923	0.114147374134	0.0906787365098	-0.0556528466427	0.0615928751912	-0.0528663758133	-0.0248270652981	0.00565528185741	-0.0233042977735	-0.0356671316389
k__Bacteria;p__Bacteroidetes;c__Bacteroidia;o__Bacteroidales;f__Bacteroidaceae;g__Bacteroides;s__Bacteroides_plebeius	-0.102013192224	0.00851382966096	-0.0314569051851	-0.0297334173509	-0.0794451248613	-0.0372409362269	0.0192501021682	-0.0452913924985	0.0138728956963	0.00794889045726	-0.000958791051234	0.0427170444023	-0.071803641035	-0.012975392365	-0.00859059804558	1.0	-0.00614357380068	0.09310807046	-0.0585671836954	0.022377661815	-0.021004450145	0.0399936911806	0.0118275635377	-0.0049314136572	-0.055573472085	0.0294073845934	-0.00233416747672	-0.0163081527774	-0.0432977421317	-0.0144829135687	0.000881133112334	0.0297553192404	0.0102619164472	-0.00248202761771	0.0261756213956	0.0668374044859	-0.0439244266163	-0.0452520214593	0.0448144705087	0.0153518084906	-0.0238519046463	-0.0486867118031	0.0489605471769	0.0164671537664	0.0364755484668	-0.0423083169163	0.00826343444046	0.0708742378745	0.0237294638232	-0.0327572906285	0.0318312423325	0.0149523565247	0.00772556816624	-0.0122628437383	-0.0832380800192	0.0342296016878	-0.0730343793644	-0.0370281754211	-0.0102342800638
k__Bacteria;p__Bacteroidetes;c__Bacteroidia;o__Bacteroidales;f__Bacteroidaceae;g__Bacteroides;s__Bacteroides_fragilis	-0.0174101494779	-0.0440461661413	0.0148328780566	-0.0132761122004	0.00343449747999	-0.00602762882176	0.0886595161321	0.0357598656697	0.0178579505071	-0.0337957203024	-0.0440130981887	-0.000995189665077	0.0114998881386	0.0273912708305	-0.0108166470606	-0.00614357380068	1.0	-0.0437345393682	-0.0526839109342	-0.0421162907429	-0.0208062643499	0.059509380352	-0.054122427529	-0.00757202661583	-0.0260684154887	-0.00121274398785	0.0293055882259	-0.0247147802462	-0.052156850735	0.0249099031453	-0.0199188355884	0.0817622393617	0.0783286553733	-0.0132631476843	0.0295286433804	-0.0953657910475	0.0239565348255	0.00279882676601	0.0147473613678	0.0554334604637	0.00107721825706	-0.0141530400973	-0.00851043866438	-0.0317557200126	-0.0206184701994	-0.0466501613657	0.0494548021012	0.046437403313	0.030940819047	-0.0340096751826	0.0298205035529	0.0097000058794	-0.11308248611	0.0338983338396	-0.0379992485408	-0.046313160949	-0.0421860273673	0.03061043349	-0.0208095094315
k__Bacteria;p__Proteobacteria;c__Betaproteobacteria;o__Burkholderiales;f__Sutterellaceae;g__Sutterella;s__Sutterella_wadsworthensis	0.0121920111761	-0.0429620561946	-0.0360323766795	-0.0334061712738	-0.0328471557598	-0.0285784087307	0.0306384349989	-0.0131192745046	-0.0382718416066	-0.0300357588203	0.0182333877963	-0.026658150646	-0.0225144331237	-0.00562285439233	0.017977457721	0.09310807046	-0.0437345393682	1.0	-0.005435603246	-0.0292464271827	-0.057555038932	-0.00388407250103	-0.000618075275821	0.0327615814242	-0.0873774270305	-0.0182602154382	0.00655722048655	-0.00527768647837	-0.0217256376431	-0.046410652796	-0.0118912468038	-0.00753725344569	-0.0240754944407	-0.0325321958859	0.0241112800984	-0.00339018834717	-0.0111423765555	-0.0541253874629	-0.0127796743752	-0.046411690744	-0.0588326741398	-0.0675940247351	-0.00351323119864	-0.0239803912042	-0.0220894118934	-0.0847461832009	0.0278897784043	-0.0132787575986	-0.00123294916149	0.0539949823006	0.0464429184418	-0.0127966097942	-0.00381475336447	0.00898176401228	0.0453006550549	0.047025955626	-0.0236936671079	-0.0292027368675	0.00241082492076
k__Bacteria;p__Bacteroidetes;c__Bacteroidia;o__Bacteroidales;f__Porphyromonadaceae;g__Barnesiella;s__Barnesiella_intestinihominis	0.036851601331	-0.0333307647464	-0.0524588540178	0.0193124942094	-4.26003134791e-05	0.022861453189	-0.0479295442927	-0.00423085822535	0.0121134252546	-0.0223407924184	0.0444941501934	0.0249909406478	-0.0451681079454	-0.0265627779881	0.00834113463827	-0.0585671836954	-0.0526839109342	-0.005435603246	1.0	0.0330987961021	0.0211516927724	0.00527220692233	0.0202225251411	-0.0070499208865	-0.00039815724473	0.000717928027659	0.000315238331922	0.051476239833	-0.00755383301088	-0.0212019209651	0.037394739447	-0.0197921332344	-0.0100432569917	-0.0157255180485	0.0377697605878	0.00170238824421	0.0625275677287	-0.0261569454155	0.0111253976616	-0.0291379453101	-0.0323052757167	-0.0572724546898	-0.0399149829367	-0.00132825184197	-0.0447813665263	0.0108487124406	-0.0344298209234	-0.0220994709548	-0.0325406411212	-0.0686824238549	-0.00512454584556	-0.0276074934541	0.0390063090975	-0.0112150244419	0.0605923179111	-0.0549258510623	-0.0256162048997	0.0133441288104	0.0240800990335
k__Bacteria;p__Bacteroidetes;c__Bacteroidia;o__Bacteroidales;f__Odoribacteraceae;g__Odoribacter;s__Odoribacter_splanchnicus	0.044442991593	-0.0714180335449	0.0171607922933	0.0462947458538	-0.0130708096537	0.0102937533532	-0.0184621262251	0.0267935678728	0.00627458070098	0.00756398782	0.0010229695863	0.0349249609753	0.0447591660139	-0.0243507455274	-0.0038551584418	0.022377661815	-0.0421162907429	-0.0292464271827	0.0330987961021	1.0	-0.0397049629661	-0.00709031435139	-0.0258339809872	0.0114946490415	0.00557616937803	-0.00477471036245	-0.0282709017162	0.0129402069126	0.0226398374972	-0.0215100633959	-0.0364306026855	0.0358259363422	-0.0669643498317	-0.008317742744	0.0208626108201	-0.0748334205424	-0.0383204708053	-0.0405926664479	-0.000424953509865	0.0246692302741	0.00519836028364	0.0028177074271	-0.0306693504619	-0.00981459657984	-0.000300688133981	0.000595943027389	-0.00805893694582	-0.0221985714859	-0.00905761000441	-0.0490493541423	0.0129326293651	0.0055824051177	-0.0357216768012	-0.0151318659388	-0.0445746988868	-0.0344359655531	-0.0169967042244	-0.0511970877671	-0.0537852770976
k__Bacteria;p__Bacteroidetes;c__Bacteroidia;o__Bacteroidales;f__Bacteroidaceae;g__Bacteroides;s__Bacteroides_salyersiae	-0.0212234035431	-0.0489931411189	0.047672871025	0.0563670370853	-0.00592722691396	0.0046117815842	-0.0432707461078	-0.0522411717798	0.00629919764496	-0.00444780930742	-0.0108625642616	-0.0184175165339	-0.0725880938224	0.0144225342465	0.0220437967716	-0.021004450145	-0.0208062643499	-0.057555038932	0.0211516927724	-0.0397049629661	1.0	-0.00391047799178	-0.0278461205464	-0.0356816937891	0.0111715460764	-0.0103225380783	-0.000141800084158	-0.0438180005062	-0.0839170289867	0.0121309520267	0.0181230033017	-0.0341174594148	-0.00529866859657	-0.0259952261659	-0.00202249742736	0.0290981539892	0.00123728634029	0.0467729389948	0.0390459290071	-0.0202237516887	0.00889842546877	-0.0291517327628	0.0472653030368	-0.0362258620152	-0.000464254514307	0.0275492579758	-0.00888889288595	-0.0684293522152	0.0127797987179	-0.0448726147538	-0.0366094798696	-0.0115631475265	-0.0721756852068	-0.0249934720525	-0.063111977146	0.0446649722756	-0.00530058571384	0.0225493725524	0.0167451045996
k__Bacteria;p__Firmicutes;c__Clostridia;o__Clostridiales;f__Ruminococcaceae;g__Ruminiclostridium;s__[Eubacterium]_siraeum	0.00933398462841	0.0352651950813	-0.0228313660041	-0.0485698768955	0.0404487031424	0.0542794547406	-0.0623679666783	-0.0314385366573	-0.0611930097638	-0.00951922250044	-0.0872072808272	0.0471137625735	-0.0337743693068	0.0597056467044	-0.0235134290332	0.0399936911806	0.059509380352	-0.00388407250103	0.00527220692233	-0.00709031435139	-0.00391047799178	1.0	-0.0249204636795	0.0312301837527	-0.00285859768456	-0.0391862615368	0.0170323862415	-0.0502139900351	-0.032549566383	-0.0250455409508	0.010291908967	0.00784462926577	-0.00115505820677	0.00839262367521	-0.0242525251506	-0.0426420617483	-0.0618239527528	-0.0674270606511	-0.0392012122444	-0.0250680695438	-0.0337242219679	-0.0134605295589	-0.0301721041334	0.0296755197814	0.0577803352781	0.0264406140971	-0.0365162842967	0.00783277796133	0.0249067233421	-0.0238517339902	-0.0477956806356	0.0360269752665	0.0293034699637	-0.0123142510679	0.0331307877579	-0.0404598436221	-0.00425050377471	0.125751489616	-0.0495773931583
k__Bacteria;p__Proteobacteria;c__Betaproteobacteria;o__Burkholderiales;f__Sutterellaceae;g__Parasutterella;s__Parasutterella_excrementihominis	0.0420738868019	-0.00934262908033	0.0269441215951	0.00276041417479	0.0749049240639	0.0157686189608	0.0568725254841	0.0144945609172	-0.00629517004145	0.0107735093799	0.0100593461774	-0.0573840822348	-0.00483379065095	-0.00956309141071	0.00921663902648	0.0118275635377	-0.054122427529	-0.000618075275821	0.0202225251411	-0.0258339809872	-0.0278461205464	-0.0249204636795	1.0	0.0357493268843	0.0380000691923	-0.02324119457	-0.0258310650784	0.0325349398273	-0.00532299145439	-0.00187432341188	-0.0190894465669	-0.0005849999085	-0.073685735981	-0.0056257085298	-0.0149194490988	0.0155397118648	-0.00681630236543	0.00588954099293	-0.074443634146	0.0306923700648	0.0372848285067	0.0598710953263	-0.0402654114055	-0.0439781820225	-0.0451799069035	-0.0971697037386	0.0570436454519	0.0107321524482	0.0144494813699	-0.026375609074	-0.0677538429693	0.0151881187277	-0.0454956290355	0.0360072595016	-0.0366728891716	0.0476829855954	0.0064477208249	-0.0214562885745	-0.0887044411228
k__Bacteria;p__Actinobacteria;c__Actinobacteria;o__Bifidobacteriales;f__Bifidobacteriaceae;g__Bifidobacterium;s__Bifidobacterium_adolescentis	-0.082364054015	-0.00158179045826	-0.0122627792535	-0.0272226735636	0.0231227366277	-0.0215968870035	-0.00601314504465	-0.0011432328781	-0.0939820558193	-0.0172945866047	0.0257257833907	-0.0111474689682	0.00798466973335	-0.0538081797874	0.0771752730969	-0.0049314136572	-0.00757202661583	0.0327615814242	-0.0070499208865	0.0114946490415	-0.0356816937891	0.0312301837527	0.0357493268843	1.0	0.0118209133358	-0.0363006134372	0.0201272914983	-0.0375031476379	0.00221425470542	-0.0017935040497	-0.0485277038206	0.0345599142357	0.0312913345384	0.00998742581364	-0.0209328878439	-0.00612543315722	0.00599028775445	0.01390063174	0.0122272613329	-0.0462518638921	0.074213881291	0.0539514815315	0.0220804686487	0.0080935449135	-0.00384927160626	-0.0316434824319	-0.000219303460477	0.00973937476758	-0.0407312810227	0.0291552715018	-0.045393832683	-0.0228845198892	0.00576406609236	-0.015846826672	0.0118103180604	-0.0337395536445	0.0668856387715	-0.0180102557582	0.0484435112546
k__Bacteria;p__Firmicutes;c__Clostridia;o__Clostridiales;f__Oscillospiraceae;g__Oscillibacter;s__Oscillibacter_sp._KLE_1745	0.0825966461819	0.0343889575591	-0.0163910503096	-0.00423202482924	0.0474032731525	-0.0114832126303	-0.0161627767088	-0.00144650980432	0.0241330555943	-0.0262403765514	-0.072126593411	0.0464890681654	-0.0298977271885	0.00328290484405	-0.00684845945648	-0.055573472085	-0.0260684154887	-0.0873774270305	-0.00039815724473	0.00557616937803	0.0111715460764	-0.00285859768456	0.0380000691923	0.0118209133358	1.0	-0.0342965052068	-0.0418204215827	-0.0515860264775	0.0248498049521	-0.025565850176	0.00885392685003	-0.0180488136818	-0.00670869052627	-0.0445875524415	-0.104831179943	0.0252406806317	-0.0256681172006	0.0334607420429	-0.00817792553629	0.028699293831	0.00545234244477	0.0264426135999	0.0587477300067	-0.0583030533432	0.00980299370789	-0.0291061450213	-0.0525167807861	-0.00589023776565	-0.0498270170622	0.00497896463796	-0.0416690862167	0.0415091718448	-0.0307630668282	-0.0349461036451	-0.0811245223882	-0.0583630558368	0.0124794112041	-0.0565596332273	-0.0901023150477
k__Bacteria;p__Bacteroidetes;c__Bacteroidia;o__Bacteroidales;f__Bacteroidaceae;g__Bacteroides;s__Bacteroides_coprophilus	-0.0206111958027	0.0244500425735	-0.0165504458978	0.0300226113684	-0.0358726311144	-0.00307001149383	-0.0784962440698	0.0263813458301	-0.050981018362	-0.0189536514378	0.00629568890176	-0.0038992077464	0.00726481406924	-0.0432581068775	-0.00993318789156	0.0294073845934	-0.00121274398785	-0.0182602154382	0.000717928027659	-0.00477471036245	-0.0103225380783	-0.0391862615368	-0.02324119457	-0.0363006134372	-0.0342965052068	1.0	-0.00879467211697	-0.0243141847707	-0.0112918106075	-0.0128262656858	0.0581857531899	-0.0846638594937	0.056438104133	-0.00905848179094	-0.0137477136759	-0.0640502539259	0.0401019344673	0.00960324794206	0.01974363879	-0.00613005204385	0.0007068683966	0.0686945716474	-0.00852605170952	-0.0157491260664	-0.0246100165442	-0.0182648610433	-0.0517588864114	0.0180663566594	-0.0349961695061	-0.0112748904037	-0.0208277516067	-0.0428411147732	0.0658494533168	0.0324828489793	-0.0434223245808	0.0298042089874	0.021200924735	-0.0461679473673	-0.00671679329767
k__Bacteria;p__Firmicutes;c__Clostridia;o__Clostridiales;f__Lachnospiraceae;g__Roseburia;s__Roseburia_intestinalis	-0.0527243104963	-0.0106319066871	0.024947602663	-0.0289314977493	0.0117211070806	0.0286122183534	-0.0281712986209	0.00907856352577	-0.0150492932809	0.00884548935514	0.00526416736183	-0.0279345608221	0.0320812541008	0.0299432169962	-0.0555567297301	-0.00233416747672	0.0293055882259	0.00655722048655	0.000315238331922	-0.0282709017162	-0.000141800084158	0.0170323862415	-0.0258310650784	0.0201272914983	-0.0418204215827	-0.00879467211697	1.0	-0.0134722405479	-0.0783607832458	0.0797864117323	0.0145468338451	-0.0412511977481	-0.0171575782543	0.0767533170839	-0.0520180661771	0.0709931659309	-0.0298346232004	-0.0422182064976	0.0206193538578	-0.0271674649456	-0.0300163862316	-0.00023436789466	-0.0730028071786	0.0665758638313	0.0282652873571	-0.031827492035	-0.0133439835084	-0.0225013054357	0.0445682684487	0.047171986052	-0.0124403977109	0.0373614734794	0.0199409390246	0.019893950635	0.00962041499318	-0.00350740052014	-0.0108134233203	-0.038065945655	0.0299935996291
k__Bacteria;p__Firmicutes;c__Clostridia;o__Clostridiales;f__Lachnospiraceae;g__Roseburia;s__Roseburia_hominis	-0.0350944813228	-0.00568053295254	-0.00787436647998	0.0101085968805	-0.0634622235918	0.055466264925	0.00655957084108	0.0266024191891	0.0490599020778	-0.0525143772642	-0.0187433942404	0.0238449705125	0.00904210253433	-0.0129744461444	0.0108506641249	-0.0163081527774	-0.0247147802462	-0.00527768647837	0.051476239833	0.0129402069126	-0.0438180005062	-0.0502139900351	0.0325349398273	-0.0375031476379	-0.0515860264775	-0.0243141847707	-0.0134722405479	1.0	0.0576034392071	-0.0243922266913	0.00794350547972	-0.0547010288047	-0.0557366603279	-0.0227764951872	-0.0486928325946	-0.0749504214499	-0.00390121099716	0.013946129255	0.0057292456689	-0.0376792730411	-0.0493838258677	-0.0167153131931	-0.0271610193729	0.0227064492966	-0.0859050995898	-0.0317933998461	0.0123720234972	0.0236610510936	0.0378506204309	-0.0525577128764	-0.00839607212941	-0.0312180586342	0.0371675516668	-0.0201143725482	-0.0250370458997	-0.055650885369	-0.00878149429867	0.00940639692403	0.0283669323519
k__Bacteria;p__Bacteroidetes;c__Bacteroidia;o__Bacteroidales;f__Porphyromonadaceae;g__Parabacteroides;s__Parabacteroides_johnsonii	0.0757636733046	-0.0269251441144	-0.082155133101	-0.0765459932454	-0.0434840028257	0.013011320831	5.70682140431e-05	0.00339138103068	-0.0572447026252	-0.0120952940959	0.0131694882597	-0.0281133789122	-0.0240394547566	-0.0430711691342	0.0384920953678	-0.0432977421317	-0.052156850735	-0.0217256376431	-0.00755383301088	0.0226398374972	-0.0839170289867	-0.032549566383	-0.00532299145439	0.00221425470542	0.0248498049521	-0.0112918106075	-0.0783607832458	0.0576034392071	1.0	0.000473176810844	-0.0628373709718	0.0098841262294	0.0334496217834	-0.00590862163099	0.0017180495811	0.0200194313724	-0.0345126704347	-0.00184571198711	0.0185051466173	-0.0459754196688	0.0526050229382	-0.000519891365667	-0.0203516600783	-0.0407527949156	-0.00973366108534	-0.0163141484028	0.0546832610639	0.0782864559497	-0.0807806906251	-0.0465808173946	-0.0198936934208	0.0607050912466	0.0401945890443	0.00702259608926	-0.0262909466302	0.0048251904407	-0.0267046089844	0.0211757926151	-0.00853992050407
k__Bacteria;p__Actinobacteria;c__Actinobacteria;o__Bifidobacteriales;f__Bifidobacteriaceae;g__Bifidobacterium;s__Bifidobacterium_longum	0.0151343511545	0.0242866127215	-0.00524690469918	-0.0335911010374	-0.0285025827382	-0.0729278196427	0.0469005504912	0.0337085112972	-0.0596962263873	-0.0509741234231	0.0155551856135	-0.0225837906391	0.0128141112527	-0.0165818325068	-0.038379717923	-0.0144829135687	0.0249099031453	-0.046410652796	-0.0212019209651	-0.0215100633959	0.0121309520267	-0.0250455409508	-0.00187432341188	-0.0017935040497	-0.025565850176	-0.0128262656858	0.0797864117323	-0.0243922266913	0.000473176810844	1.0	-0.0460785515558	0.00326488680156	0.0505373389536	-0.0695275933975	-0.0481997280804	-0.0112549815954	0.0390077664881	0.0123795582841	-0.0526436697585	0.0168090706575	0.000353059387424	0.0140714682468	0.0040430336916	-0.0238305603989	-0.0704521608801	-0.0427613509838	0.0316692074946	-0.0453552594411	-0.0419907865385	-0.00951823422883	0.00166150750791	0.00349609729243	0.0112715482066	-0.0227072267285	-0.00856022726593	-0.0129400294028	-0.0206877611569	-0.00381081916929	-0.0354043102669
