#taxonomy	k__Bacteria;p__Bacteroidetes;c__Bacteroidia;o__Bacteroidales;f__Bacteroidaceae;g__Bacteroides;s__Bacteroides_vulgatus	k__Bacteria;p__Bacteroidetes;c__Bacteroidia;o__Bacteroidales;f__Bacteroidaceae;g__Bacteroides;s__Bacteroides_uniformis	k__Bacteria;p__Bacteroidetes;c__Bacteroidia;o__Bacteroidales;f__Rikenellaceae;g__Alistipes;s__Alistipes_putredinis	k__Bacteria;p__Bacteroidetes;c__Bacteroidia;o__Bacteroidales;f__Prevotellaceae;g__Prevotella;s__Prevotella_copri	k__Bacteria;p__Bacteroidetes;c__Bacteroidia;o__Bacteroidales;f__Bacteroidaceae;g__Bacteroides;s__Bacteroides_stercoris	k__Bacteria;p__Bacteroidetes;c__Bacteroidia;o__Bacteroidales;f__Bacteroidaceae;g__Bacteroides;s__Bacteroides_ovatus	k__Bacteria;p__Bacteroidetes;c__Bacteroidia;o__Bacteroidales;f__Rikenellaceae;g__Alistipes;s__Alistipes_shahii	k__Bacteria;p__Firmicutes;c__Clostridia;o__Clostridiales;f__Ruminococcaceae;g__Faecalibacterium;s__Faecalibacterium_prausnitzii	k__Bacteria;p__Bacteroidetes;c__Bacteroidia;o__Bacteroidales;f__Rikenellaceae;g__Alistipes;s__Alistipes_finegoldii	k__Bacteria;p__Bacteroidetes;c__Bacteroidia;o__Bacteroidales;f__Porphyromonadaceae;g__Parabacteroides;s__Parabacteroides_distasonis	k__Bacteria;p__Bacteroidetes;c__Bacteroidia;o__Bacteroidales;f__Bacteroidaceae;g__Bacteroides;s__Bacteroides_thetaiotaomicron	k__Bacteria;p__Bacteroidetes;c__Bacteroidia;o__Bacteroidales;f__Bacteroidaceae;g__Bacteroides;s__Bacteroides_coprocola	k__Bacteria;p__Bacteroidetes;c__Bacteroidia;o__Bacteroidales;f__Bacteroidaceae;g__Bacteroides;s__Bacteroides_cellulosilyticus	k__Bacteria;p__Bacteroidetes;c__Bacteroidia;o__Bacteroidales;f__Rikenellaceae;g__Alistipes;s__Alistipes_obesi	k__Bacteria;p__Firmicutes;c__Clostridia;o__Clostridiales;f__Lachnospiraceae;g__;s__[Eubacterium]_rectale	k__Bacteria;p__Bacteroidetes;c__Bacteroidia;o__Bacteroidales;f__Bacteroidaceae;g__Bacteroides;s__Bacteroides_plebeius	k__Bacteria;p__Bacteroidetes;c__Bacteroidia;o__Bacteroidales;f__Bacteroidaceae;g__Bacteroides;s__Bacteroides_fragilis	k__Bacteria;p__Proteobacteria;c__Betaproteobacteria;o__Burkholderiales;f__Sutterellaceae;g__Sutterella;s__Sutterella_wadsworthensis	k__Bacteria;p__Bacteroidetes;c__Bacteroidia;o__Bacteroidales;f__Porphyromonadaceae;g__Barnesiella;s__Barnesiella_intestinihominis	k__Bacteria;p__Bacteroidetes;c__Bacteroidia;o__Bacteroidales;f__Odoribacteraceae;g__Odoribacter;s__Odoribacter_splanchnicus	k__Bacteria;p__Bacteroidetes;c__Bacteroidia;o__Bacteroidales;f__Bacteroidaceae;g__Bacteroides;s__Bacteroides_salyersiae	k__Bacteria;p__Firmicutes;c__Clostridia;o__Clostridiales;f__Ruminococcaceae;g__Ruminiclostridium;s__[Eubacterium]_siraeum	k__Bacteria;p__Proteobacteria;c__Betaproteobacteria;o__Burkholderiales;f__Sutterellaceae;g__Parasutterella;s__Parasutterella_excrementihominis	k__Bacteria;p__Actinobacteria;c__Actinobacteria;o__Bifidobacteriales;f__Bifidobacteriaceae;g__Bifidobacterium;s__Bifidobacterium_adolescentis	k__Bacteria;p__Firmicutes;c__Clostridia;o__Clostridiales;f__Oscillospiraceae;g__Oscillibacter;s__Oscillibacter_sp._KLE_1745	k__Bacteria;p__Bacteroidetes;c__Bacteroidia;o__Bacteroidales;f__Bacteroidaceae;g__Bacteroides;s__Bacteroides_coprophilus	k__Bacteria;p__Firmicutes;c__Clostridia;o__Clostridiales;f__Lachnospiraceae;g__Roseburia;s__Roseburia_intestinalis	k__Bacteria;p__Firmicutes;c__Clostridia;o__Clostridiales;f__Lachnospiraceae;g__Roseburia;s__Roseburia_hominis	k__Bacteria;p__Bacteroidetes;c__Bacteroidia;o__Bacteroidales;f__Porphyromonadaceae;g__Parabacteroides;s__Parabacteroides_johnsonii	k__Bacteria;p__Actinobacteria;c__Actinobacteria;o__Bifidobacteriales;f__Bifidobacteriaceae;g__Bifidobacterium;s__Bifidobacterium_longum	k__Bacteria;p__Firmicutes;c__Clostridia;o__Clostridiales;f__;g__Flavonifractor;s__Flavonifractor_plautii	k__Bacteria;p__Firmicutes;c__Clostridia;o__Clostridiales;f__Clostridiaceae;g__Clostridium;s__Clostridium_phoceensis	k__Bacteria;p__Verrucomicrobia;c__Verrucomicrobiae;o__Verrucomicrobiales;f__Akkermansiaceae;g__Akkermansia;s__Akkermansia_muciniphila	k__Bacteria;p__Bacteroidetes;c__Bacteroidia;o__Bacteroidales;f__Prevotellaceae;g__Paraprevotella;s__Paraprevotella_xylaniphila	k__Bacteria;p__Firmicutes;c__Clostridia;o__Clostridiales;f__Ruminococcaceae;g__Ruminococcus;s__Ruminococcus_callidus	k__Bacteria;p__Bacteroidetes;c__Bacteroidia;o__Bacteroidales;f__Rikenellaceae;g__Alistipes;s__Alistipes_senegalensis	k__Bacteria;p__Firmicutes;c__Clostridia;o__Clostridiales;f__Lachnospiraceae;g__Blautia;s__Blautia_sp._KLE_1732	k__Bacteria;p__Bacteroidetes;c__Bacteroidia;o__Bacteroidales;f__Bacteroidaceae;g__Bacteroides;s__Bacteroides_oleiciplenus	k__Bacteria;p__Firmicutes;c__Clostridia;o__Clostridiales;f__Ruminococcaceae;g__Ruminococcus;s__Ruminococcus_bicirculans	k__Bacteria;p__Bacteroidetes;c__Bacteroidia;o__Bacteroidales;f__Bacteroidaceae;g__Bacteroides;s__Bacteroides_fluxus	k__Bacteria;p__Bacteroidetes;c__Bacteroidia;o__Bacteroidales;f__Prevotellaceae;g__Prevotella;s__Prevotella_stercorea	k__Bacteria;p__Firmicutes;c__Clostridia;o__Clostridiales;f__Lachnospiraceae;g__Dorea;s__Dorea_longicatena	k__Bacteria;p__Firmicutes;c__Clostridia;o__Clostridiales;f__Eubacteriaceae;g__Eubacterium;s__[Eubacterium]_eligens	k__Bacteria;p__Firmicutes;c__Clostridia;o__Clostridiales;f__Ruminococcaceae;g__;s__Ruminococcaceae_bacterium_D16	k__Bacteria;p__Firmicutes;c__Clostridia;o__Clostridiales;f__Lachnospiraceae;g__Coprococcus;s__Coprococcus_comes	k__Bacteria;p__Proteobacteria;c__Gammaproteobacteria;o__Enterobacterales;f__Enterobacteriaceae;g__Escherichia;s__Escherichia_coli	k__Bacteria;p__Firmicutes;c__Clostridia;o__Clostridiales;f__Ruminococcaceae;g__Anaerotruncus;s__Anaerotruncus_colihominis	k__Bacteria;p__Firmicutes;c__Clostridia;o__Clostridiales;f__Lachnospiraceae;g__Blautia;s__Blautia_obeum	k__Bacteria;p__Bacteroidetes;c__Bacteroidia;o__Bacteroidales;f__Odoribacteraceae;g__Odoribacter;s__Odoribacter_laneus	k__Bacteria;p__Firmicutes;c__Clostridia;o__Clostridiales;f__Ruminococcaceae;g__Ruminiclostridium;s__[Clostridium]_leptum	k__Bacteria;p__Bacteroidetes;c__Bacteroidia;o__Bacteroidales;f__Porphyromonadaceae;g__Parabacteroides;s__Parabacteroides_goldsteinii	k__Bacteria;p__Firmicutes;c__Clostridia;o__Clostridiales;f__Lachnospiraceae;g__Anaerostipes;s__Anaerostipes_hadrus	k__Bacteria;p__Firmicutes;c__Clostridia;o__Clostridiales;f__Ruminococcaceae;g__Ruminococcus;s__Ruminococcus_lactaris	k__Bacteria;p__Firmicutes;c__Clostridia;o__Clostridiales;f__Clostridiaceae;g__Clostridium;s__Clostridium_sp._L2-50	k__Bacteria;p__Firmicutes;c__Clostridia;o__Clostridiales;f__Clostridiaceae;g__Clostridium;s__Clostridium_sp._M62/1	k__Bacteria;p__Firmicutes;c__Clostridia;o__Clostridiales;f__;g__Intestinimonas;s__Intestinimonas_butyriciproducens	k__Bacteria;p__Actinobacteria;c__Actinobacteria;o__Bifidobacteriales;f__Bifidobacteriaceae;g__Bifidobacterium;s__Bifidobacterium_bifidum	k__Bacteria;p__Firmicutes;c__Negativicutes;o__Veillonellales;f__Veillonellaceae;g__Dialister;s__Dialister_invisus	k__Bacteria;p__Bacteroidetes;c__Bacteroidia;o__Bacteroidales;f__Bacteroidaceae;g__Bacteroides;s__Bacteroides_salanitronis
k__Bacteria;p__Bacteroidetes;c__Bacteroidia;o__Bacteroidales;f__Bacteroidaceae;g__Bacteroides;s__Bacteroides_vulgatus	1.0	-0.00123809798399	-0.0206331738956	-0.0635209463209	-0.0333288087508	0.0207326113056	0.00407536368935	-0.00741015323275	-0.00688438860255	-0.0149510063861	0.0279207673503	-0.00442588075682	0.0766021643428	-0.0439829026452	-0.0279370117355	-0.0490028283506	0.0109293337433	0.0416777355307	-0.0934403265325	0.0364667845243	-0.0197077772503	-0.0227732789291	0.033313867732	-0.0485958152383	-0.0430247636636	0.000122070211939	0.0523081008529	-0.0106627935415	0.0520206408196	0.0426166168697	0.00446706347546	-0.0299431715428	-0.0194687431534	0.0302525021544	-0.0399962209324	0.0131036580987	-0.0726251073819	0.0353165723432	0.0112471234961	0.0764968841636	-0.0335600067493	-0.0108051281523	-0.0202961038271	0.0119857599541	-0.0110367810905	0.018477902919	-0.0360432773856	0.0387324717386	0.0131188089662	0.0386707400353	-0.00531834616706	0.0453188737375	-0.0405958503656	0.00414799592004	0.0421252956221	0.00966721068393	-0.0143795601962	-0.0704755664717	-0.0762462701524
k__Bacteria;p__Bacteroidetes;c__Bacteroidia;o__Bacteroidales;f__Bacteroidaceae;g__Bacteroides;s__Bacteroides_uniformis	-0.00123809798399	1.0	-0.0344427251651	-0.0024458632343	0.0254855566866	-0.105170356498	-0.0108132856858	-0.0261936566713	-0.0051972226335	0.00238627015007	0.0102076759482	-0.0453269385242	-0.0100250009816	-0.0126254604111	-0.0326823416691	0.0233750831734	-0.00287291214187	0.045819772979	8.27437071603e-05	-0.0695388600295	-0.0120420958687	-0.0125915035323	0.0332614402875	0.0141501469588	-0.0370704857905	0.0676648612897	-0.0553025640033	0.00143338691371	-0.0660788483021	0.0215304716601	-0.0159649196697	-0.0372348222472	0.0245557225249	0.0134467848365	-0.0227120813896	-0.00168061002088	-0.0305957043403	-0.0286317099985	0.0708587645435	-0.0557728427136	0.0153810695325	-0.0406716062772	-0.0131046947631	-0.005314213146	-0.00346288229929	0.0095365440018	-0.0212085484032	-0.0375920147201	-0.00679844106365	-0.0226728942822	0.0162136534002	0.0129140301211	-0.0216011723521	-0.0104189682986	-0.0294514247938	-0.0427491069198	0.0219178143495	0.0137339267193	-0.0196206866596
k__Bacteria;p__Bacteroidetes;c__Bacteroidia;o__Bacteroidales;f__Rikenellaceae;g__Alistipes;s__Alistipes_putredinis	-0.0206331738956	-0.0344427251651	1.0	0.0497890718171	-0.0079471273673	-0.0168912436555	0.0229372218928	-0.0344504286762	-0.019714577614	-0.0378302474881	0.0611976397971	-0.0518948595125	0.000614862791627	-0.0390319384448	-0.0396349946583	-0.025410874087	0.0554135684663	-0.00671893582033	0.00894507190324	-0.0139536551697	0.0294491653804	0.00286146480295	-0.0327092124093	0.0352925132154	-0.0123291718972	-0.00958539575845	-0.0343679773076	-0.0159797278005	-0.0254663791655	0.0251399754586	0.0557052672745	0.0481685907643	-0.00530454943464	-0.00612143606635	-0.0158698911707	-0.0239138624847	-0.00161804268081	-0.00854993994896	-0.0191001706812	-0.0324559994769	-0.044021975793	0.0337728226527	0.0281580519006	-0.0212190593942	0.0292228792678	0.0278134984032	-0.0692354321459	0.000759113436643	-0.0118293156997	-0.0040758919893	-0.0658616371572	-0.0177791249592	0.0148203470089	0.0115247270118	-0.0652330038808	0.0289059249329	-0.0787332368418	-0.0240923599033	0.00230372194233
k__Bacteria;p__Bacteroidetes;c__Bacteroidia;o__Bacteroidales;f__Prevotellaceae;g__Prevotella;s__Prevotella_copri	-0.0635209463209	-0.0024458632343	0.0497890718171	1.0	-0.0376918269947	-0.0354504251535	-0.00910941786729	-0.0719889100916	-0.0440727970691	0.0221008488132	-0.0530513022983	-7.21994660742e-05	-0.0342766453844	0.0420965275502	-0.067954002472	-0.018478652119	-0.0550973210109	-0.0177379093084	-0.0323592218185	-0.0441386584107	-0.00531990086617	0.0482419769506	0.0388283754476	0.0450473448447	-0.00417018888374	-0.00108301457329	0.00899203415545	-0.065708015567	0.0463323775303	0.0303277651363	0.00335993015749	-0.0521352082378	-0.00674971041685	-0.00840881791568	-0.0292465980013	0.0394700509304	-0.0927677215351	-0.0427439902261	-0.0114108164125	-0.00943942372519	0.064312686456	-0.0371320551109	-0.040803905853	-0.0187069686939	0.0192212193468	-0.048535686162	-0.00739012570081	0.0319902277297	0.0195329835434	0.0101617807831	0.0175731230327	-0.0284025503443	0.00346653286354	-0.0812638007299	0.0470448695488	-0.0120085492799	-0.0297035908266	0.0879781546025	-0.0308736731426
k__Bacteria;p__Bacteroidetes;c__Bacteroidia;o__Bacteroidales;f__Bacteroidaceae;g__Bacteroides;s__Bacteroides_stercoris	-0.0333288087508	0.0254855566866	-0.0079471273673	-0.0376918269947	1.0	0.0575600778737	-0.0936499248678	-0.00969154876844	-0.0503876484708	-0.022239096815	0.00386757628132	-0.0276571048362	0.014869981432	-0.0324800379194	-0.0468328673827	-0.0384816749197	-0.0175836147163	0.0253109480071	-0.0613925543676	0.0290204569559	-0.0179175558211	-0.0145298371765	0.0248241336739	0.0360249145807	0.0441261136032	-0.0688565758775	-0.0290554044461	-0.0234647527136	-0.00795394617829	-0.055192175405	0.0581126583105	-0.0213906354627	0.0399208492636	0.040350256289	0.0115086404912	0.000395347756414	-0.0528488089802	0.0362078078852	0.00640430849782	-0.0124702553973	-0.0338108898055	-0.0044301966498	0.0194889196796	0.020349678912	0.0231403815572	-0.0650149324773	-0.0498449936559	0.00145429543813	-0.00301170363112	-0.0114100804374	-0.025017939351	0.00799512365593	0.0274662830765	-0.0192234504148	-0.0315162915095	0.0549396268128	-0.0198271552678	-0.0166315202533	-0.0346833839367
k__Bacteria;p__Bacteroidetes;c__Bacteroidia;o__Bacteroidales;f__Bacteroidaceae;g__Bacteroides;s__Bacteroides_ovatus	0.0207326113056	-0.105170356498	-0.0168912436555	-0.0354504251535	0.0575600778737	1.0	-0.0164972986853	0.0196484507006	0.00874893238609	0.0650682255443	0.00167683498732	-0.0978882847008	-0.00311096894436	-0.0226364517873	-0.00291725775891	-0.06324766924	-0.0406718735295	-0.0374145383523	-0.0673060986773	0.0212698772848	0.0278980471291	-0.0422335190961	0.00370786156122	-0.0553903568336	0.000357438719602	-0.0399782670738	-0.00122785629299	-0.0460834347913	-0.0624374121619	0.0184171970505	-0.0243941394441	0.000521058706525	0.0185037639197	-0.0220186998209	0.0355247210128	0.010942823766	0.0100071441538	-0.00721473250961	-0.0154009598517	0.0627417150993	-0.012618370353	-0.0278831909975	-0.0519951248029	-0.0296601114819	0.00772732312141	0.0205200793395	0.0382712730295	0.0158867440416	0.00679857925762	0.0506677481423	-0.042010487907	0.0289663585124	0.0153374104821	-0.00185655031627	0.0197997837169	-0.000860310632825	0.0277187886887	0.00875487547047	-0.0430090758565
k__Bacteria;p__Bacteroidetes;c__Bacteroidia;o__Bacteroidales;f__Rikenellaceae;g__Alistipes;s__Alistipes_shahii	0.00407536368935	-0.0108132856858	0.0229372218928	-0.00910941786729	-0.0936499248678	-0.0164972986853	1.0	-0.045788986729	0.00398362067971	-0.0184247937506	-0.0360751976258	0.0106910204361	0.0403893667535	-0.0616362613225	0.0228142283764	-0.0335597444773	0.000129609218141	-0.00660669593596	0.0656304070454	-0.00810694161753	0.0243873128323	-0.0204110440705	-0.0228960465406	-0.0302214434656	0.0167085460793	-0.0522927620192	0.0460836506036	-0.0166828790241	-0.0886418006461	0.038259148913	-0.0555590536049	-0.0441032873331	-0.0452595436792	-0.0435427057666	0.000165780571423	0.0170461947586	0.0164817818136	0.0224634937358	0.0424341843365	-0.0211056581252	-0.0481148999726	-0.0261130085117	0.0106334764599	-0.0101277560537	-0.0281942144319	0.030736295656	0.0255530314787	-0.0155610660012	-0.00741895717248	0.0345964834202	-0.0282907592137	-0.0255522792135	0.0601330860438	0.0635013984071	-0.0118604624888	0.0308981606138	0.0461224034698	-0.00434858644516	-0.0194895430759
k__Bacteria;p__Firmicutes;c__Clostridia;o__Clostridiales;f__Ruminococcaceae;g__Faecalibacterium;s__Faecalibacterium_prausnitzii	-0.00741015323275	-0.0261936566713	-0.0344504286762	-0.0719889100916	-0.00969154876844	0.0196484507006	-0.045788986729	1.0	-0.0179929407823	0.0113098899478	-0.0132099432904	0.0199723249676	0.00824652669321	0.0973190504029	0.0486494908437	0.022715603139	0.00773120140478	-0.0312660254044	0.0691165313189	-0.0237020168792	-0.00590040956866	-0.0776323368454	0.00209980376126	0.0251839798406	-0.0162827452346	0.00151269118222	0.010592594455	-0.0579433585111	0.00185567190414	-0.00975711052956	-0.012614867582	0.0201514934008	-0.0222942248547	-0.0043465127271	-0.0246479688465	0.00286211289511	-0.0180653985143	0.0224092709642	-0.0322090083243	-0.0598463588403	-0.0261971578212	-0.0225688934378	-0.0574518227001	-0.0674447496489	-0.00459816458905	0.0302420512694	-0.0431161363735	-0.0609836070808	-0.0841748771476	0.0385051268794	-0.0127662062622	-0.0196773663124	-0.0661457987864	-0.0472942267493	0.00645127577332	-0.0639016713006	0.0363828084648	-0.0184961027787	-0.0176120608083
k__Bacteria;p__Bacteroidetes;c__Bacteroidia;o__Bacteroidales;f__Rikenellaceae;g__Alistipes;s__Alistipes_finegoldii	-0.00688438860255	-0.0051972226335	-0.019714577614	-0.0440727970691	-0.0503876484708	0.00874893238609	0.00398362067971	-0.0179929407823	1.0	0.0117671018139	-0.0114835445309	-0.0425759286444	-0.0215389263144	-0.0100271798954	0.0011917204122	0.0528584310113	-0.00354104641935	-0.0194058559299	-0.0381922407244	0.0277383606739	-0.00376311414856	0.0332859730457	-0.0574780813462	0.012150691276	0.0294933229449	-0.01740152274	-0.00735455469526	-0.00500840490416	-0.0219207825871	-0.00014245806436	-0.00370383337377	0.023409528049	-0.059915660679	-0.032368172984	0.107526147929	0.0177695659771	0.0479765164711	5.43185607672e-05	0.00828667003083	-0.00792109293388	-0.035105021131	0.0541489774932	0.0430222755979	0.0378362412224	0.0731324733045	-0.0173498066617	-0.0169371882244	-0.00462414105026	-0.01609660489	-0.0658806819946	-0.0198761940167	-0.0125828235764	0.0279475513385	-0.0322522196874	-0.0394778937907	-0.00031731943094	-0.0418531585203	0.0128218549454	-0.0245496920362
k__Bacteria;p__Bacteroidetes;c__Bacteroidia;o__Bacteroidales;f__Porphyromonadaceae;g__Parabacteroides;s__Parabacteroides_distasonis	-0.0149510063861	0.00238627015007	-0.0378302474881	0.0221008488132	-0.022239096815	0.0650682255443	-0.0184247937506	0.0113098899478	0.0117671018139	1.0	0.0216233987404	-0.0579867215941	-0.0252899618158	-0.076475930139	0.0135203625476	0.0118115185384	-0.00174540457653	-0.000770109890496	0.079153130473	0.0472684311124	0.000311286608361	-0.0214728642877	-0.0206983341838	0.00804413297964	-0.00117163776788	-0.047736499995	-0.00976028974326	-0.0731347245307	-0.035866290511	-0.101899412477	0.000832049673803	0.0190300122183	0.00379679739829	-0.00565884341756	-0.0349589395577	-0.0467290464701	-0.00483517844347	-0.0287348440457	-0.0516924706066	-0.0298269514009	-0.00883921835392	0.0133789584493	0.0465488676268	0.0245765206419	0.00673713763465	0.03181935077	0.0190784382139	0.00177158777413	0.00579943723108	-0.0688140358963	-0.00437522927857	-0.00527477027997	-0.0307051781961	-0.0188355118019	-0.0331131796988	-0.0382359171713	-0.0205355640226	0.0235103533326	-0.00179778572536
k__Bacteria;p__Bacteroidetes;c__Bacteroidia;o__Bacteroidales;f__Bacteroidaceae;g__Bacteroides;s__Bacteroides_thetaiotaomicron	0.0279207673503	0.0102076759482	0.0611976397971	-0.0530513022983	0.00386757628132	0.00167683498732	-0.0360751976258	-0.0132099432904	-0.0114835445309	0.0216233987404	1.0	-0.0166883099328	0.022719930401	0.0141861380683	-0.00220244447232	-0.03232375576	-0.0214180866367	-0.0199477909118	0.00404348439979	-0.0865300755605	-0.0153416125781	0.0678237325377	-0.0819706695182	-0.0198982936478	-0.0919556003817	-0.0664527142065	-0.0146357080073	0.0457856025778	-0.0325671373105	-0.00689532492216	0.0330036788297	-0.0557305467034	0.059106255641	0.0134218149062	0.0216617757337	-0.0197957102336	-0.00568493711006	-0.00691079964585	-0.0315827446213	0.0371139613748	0.0170961729429	-0.0192256076757	0.0585742344866	-0.0503821526282	0.0196147572588	-0.023412525385	0.00412502717845	-0.037077290575	0.00794546007938	-0.00764979332652	0.0440726212437	-0.0139546904522	0.00676995440752	0.0489509723997	0.00944868884775	0.0438946580252	-0.0239903936977	-0.108898309589	0.00394009827763
k__Bacteria;p__Bacteroidetes;c__Bacteroidia;o__Bacteroidales;f__Bacteroidaceae;g__Bacteroides;s__Bacteroides_coprocola	-0.00442588075682	-0.0453269385242	-0.0518948595125	-7.21994660742e-05	-0.0276571048362	-0.0978882847008	0.0106910204361	0.0199723249676	-0.0425759286444	-0.0579867215941	-0.0166883099328	1.0	0.0315809722033	0.0142476946244	-0.0242762493437	-0.0171362628299	-0.0370295006264	0.00839867661166	-0.0130703478784	-0.0330649197287	-0.0744053590575	0.00094543817999	0.00462143082958	0.0110285795646	0.00113054690573	0.0103420642394	-0.0736231391453	-0.0535650917741	0.00589558988493	-0.0221631046115	0.0722755852952	0.0442160787752	0.0369066860374	-0.00119956215507	0.0252866360256	0.0575556097134	0.030012995881	0.0471087776421	-0.0274890799278	0.0176435203889	-0.0217182329715	-0.0491933052013	0.00602646461739	0.0289192253934	-0.0687845682205	-0.0368283464579	-0.0224389107927	-0.020684656744	0.0582682557753	0.13257359824	0.00199423806602	0.00595391808011	-0.0153685485936	-0.0199508783004	0.0120667701317	-0.0234932383771	-0.0164875610646	-0.0258220061777	-0.0594601522568
k__Bacteria;p__Bacteroidetes;c__Bacteroidia;o__Bacteroidales;f__Bacteroidaceae;g__Bacteroides;s__Bacteroides_cellulosilyticus	0.0766021643428	-0.0100250009816	0.000614862791627	-0.0342766453844	0.014869981432	-0.00311096894436	0.0403893667535	0.00824652669321	-0.0215389263144	-0.0252899618158	0.022719930401	0.0315809722033	1.0	-0.00941205534963	0.0363394288291	-0.0337767969173	-0.0289568084035	0.0227193598141	0.00865748763832	-0.0323898281148	-0.0236053599847	-0.0316083452656	-0.0306358051057	-0.00972079221501	-0.0431890809136	0.0034227483852	-0.0435215610049	0.0359181592366	-0.065330935255	0.0218314466848	-0.0176708552114	-0.0872733012402	0.0287343807252	0.00575787678921	-0.0120897570717	-0.00561832620651	-0.0130907165714	0.0466004653724	0.0146468701311	0.0139667975767	0.0344809523731	-0.00491190562183	-0.023807025128	-0.00383530472732	-0.0146113427398	0.0170520868285	-0.021088361619	0.0352599455099	-0.0609043197564	-0.019684844205	0.0348994272778	-0.00805364128875	-0.00369972057475	-0.0490485226301	-0.0720707534467	0.0547561809639	-0.052933930558	-0.0144648837771	0.0388223407466
k__Bacteria;p__Bacteroidetes;c__Bacteroidia;o__Bacteroidales;f__Rikenellaceae;g__Alistipes;s__Alistipes_obesi	-0.0439829026452	-0.0126254604111	-0.0390319384448	0.0420965275502	-0.0324800379194	-0.0226364517873	-0.0616362613225	0.0973190504029	-0.0100271798954	-0.076475930139	0.0141861380683	0.0142476946244	-0.00941205534963	1.0	-0.0176002537352	-0.0446870141585	-0.00407731845025	0.0110775638168	-0.00725248936908	-0.0508707310063	0.00128718915701	-0.048051381522	-0.0276156694407	-0.0600389509402	0.0179619731566	0.0243324151916	0.0236803044628	-0.0650399246996	0.108280400938	0.0187068462747	-0.0343565316218	-0.010763241147	0.0142666345457	0.00289769001574	0.00981506770044	0.0262780521796	0.068345348521	-0.0276872623313	-0.0153427784477	0.0181017998724	0.0842844446602	-0.0110090700402	-0.00510051856282	-0.0403570910536	-0.0183249051274	-0.0854539887058	-0.038663920552	-0.024327431529	0.0247182054239	0.0230394388801	0.0659331201971	0.0166398066337	-0.000113218064425	-0.000970600448793	-0.0422583566491	-0.0343244982026	0.00822817512055	0.035947730002	0.0193588024671
k__Bacteria;p__Firmicutes;c__Clostridia;o__Clostridiales;f__Lachnospiraceae;g__;s__[Eubacterium]_rectale	-0.0279370117355	-0.0326823416691	-0.0396349946583	-0.067954002472	-0.0468328673827	-0.00291725775891	0.0228142283764	0.0486494908437	0.0011917204122	0.0135203625476	-0.00220244447232	-0.0242762493437	0.0363394288291	-0.0176002537352	1.0	-0.0347813732546	-0.0641577602362	0.034518961892	-0.0137592350934	-0.0274516153462	-0.0256994456426	-0.0118402611964	-0.0292047915618	0.0370868098542	-0.0273709058855	0.0425241355331	0.0142413814384	-0.0111954866041	0.0371056801105	-0.0169104318389	-0.015050368814	-0.0242702011739	-0.0129241666443	0.0149535187487	-0.018059325803	0.0356371239074	-0.0213222059409	-0.00567711682435	0.00290467556943	-0.0194845740658	-0.00119649171838	-0.00825949908156	0.019955242057	-0.0299096973491	0.00576788842967	-0.0282581306475	0.0163387006202	0.0333092450865	0.0269333372884	0.00563039517798	0.0547627017321	-0.0279940117732	-0.0175362595579	-0.0223183940627	-0.0337295720292	-0.107461957721	0.0100864361902	-0.016672286552	-0.0498737422431
k__Bacteria;p__Bacteroidetes;c__Bacteroidia;o__Bacteroidales;f__Bacteroidaceae;g__Bacteroides;s__Bacteroides_plebeius	-0.0490028283506	0.0233750831734	-0.025410874087	-0.018478652119	-0.0384816749197	-0.06324766924	-0.0335597444773	0.022715603139	0.0528584310113	0.0118115185384	-0.03232375576	-0.0171362628299	-0.0337767969173	-0.0446870141585	-0.0347813732546	1.0	0.0143439091015	-0.0262162682285	-0.0512895242711	0.0232635819827	0.055226100895	-0.0628633070478	-0.0577073040168	-0.0211283480222	0.00840835599234	-0.0372785809025	0.0266703418835	0.048135801062	0.0379060104581	-0.0802731029136	0.000228386646525	0.0417111494921	0.0264484827016	0.0368456731064	-0.0344839089805	-0.0035478028545	-0.0339741374872	-0.0417769721417	0.0250152965552	0.00836092044737	-0.0330421336872	0.0313979372026	-0.0312772931245	0.0143656964293	0.1265888707	-0.00582600567504	-0.0271553812302	0.0434207852883	-0.0240740736004	-0.0101282870899	-0.0307543210836	-0.0394045097529	-0.0203491250822	-0.0367317753871	-0.0541803511374	-0.026739080846	0.0322961533	0.027261909855	-0.00999684644777
k__Bacteria;p__Bacteroidetes;c__Bacteroidia;o__Bacteroidales;f__Bacteroidaceae;g__Bacteroides;s__Bacteroides_fragilis	0.0109293337433	-0.00287291214187	0.0554135684663	-0.0550973210109	-0.0175836147163	-0.0406718735295	0.000129609218141	0.00773120140478	-0.00354104641935	-0.00174540457653	-0.0214180866367	-0.0370295006264	-0.0289568084035	-0.00407731845025	-0.0641577602362	0.0143439091015	1.0	0.0163521572527	-0.0368104817964	0.0656077188532	-0.024199701703	-0.0442525863543	-0.0166148492666	-0.0270007116595	-0.0153783027104	0.0198384483445	-0.0205574530668	0.043068958932	-0.0116214842452	-0.0417301695102	0.0519125011685	-0.0564701847345	-0.0153956123754	-0.047131263213	-0.00811304779732	-0.000964148080797	0.0182341479101	0.0331914669967	-0.022621225743	-0.0164587576812	-0.00365938693539	-0.028416807627	0.111480387324	-0.03154856395	0.0111823105968	-0.018152267575	0.0202656327152	-0.0275541856821	0.0448491876534	-0.0248417371306	-0.0537192895218	0.0369892625141	-0.00983094681392	0.0220815341662	-0.0453916866248	-0.0611343864609	-0.00017249088587	0.0301014410922	0.0242761335304
k__Bacteria;p__Proteobacteria;c__Betaproteobacteria;o__Burkholderiales;f__Sutterellaceae;g__Sutterella;s__Sutterella_wadsworthensis	0.0416777355307	0.045819772979	-0.00671893582033	-0.0177379093084	0.0253109480071	-0.0374145383523	-0.00660669593596	-0.0312660254044	-0.0194058559299	-0.000770109890496	-0.0199477909118	0.00839867661166	0.0227193598141	0.0110775638168	0.034518961892	-0.0262162682285	0.0163521572527	1.0	-0.0299719740482	-0.0788936075446	0.012781160992	-0.0458452427545	0.0259928658786	0.0229360719929	0.075818122865	0.00568516185696	-0.0802502889333	0.0678024337326	-0.0372299776189	0.0162059263962	-0.0180340252815	-0.0599734424248	-0.0196486762671	-0.0193266831946	0.0314510187789	0.0227498368766	-0.0162362687256	0.0479080219983	0.0228798924817	-0.00979236876223	-0.0275987902942	0.0103146096431	0.0008603396371	-0.0157538880738	-0.0220852766143	0.015151917905	0.00867414063046	-0.0340147634015	-0.0122532896429	0.0471059304877	0.0247372728336	-0.0397547435717	-0.0498781029656	-0.0652113769722	-0.0431098918557	-0.00232700106422	-0.0102210399329	-0.0245561777455	0.0110893530742
k__Bacteria;p__Bacteroidetes;c__Bacteroidia;o__Bacteroidales;f__Porphyromonadaceae;g__Barnesiella;s__Barnesiella_intestinihominis	-0.0934403265325	8.27437071603e-05	0.00894507190324	-0.0323592218185	-0.0613925543676	-0.0673060986773	0.0656304070454	0.0691165313189	-0.0381922407244	0.079153130473	0.00404348439979	-0.0130703478784	0.00865748763832	-0.00725248936908	-0.0137592350934	-0.0512895242711	-0.0368104817964	-0.0299719740482	1.0	-0.0666309780604	-0.0315498661946	-0.0294216430303	0.03145872538	-0.0613271594452	0.0152108193947	0.0150283735415	0.0189551053801	-0.0186368176814	-0.00714867914993	0.0883357243114	-0.0242678944079	0.0352714098607	0.00673019448709	-0.0277288430109	0.0378977615711	-0.0225288705587	-0.0273736510594	0.0244329295718	-0.00785960587364	-0.0571934892277	0.0158436076123	0.0486671751351	-0.0189476263536	0.0622002121644	0.0148622541901	0.00771065415062	0.017390290676	-0.0296867984777	-0.0751366045863	-0.0234752065054	0.0297212366908	-0.060798445556	-0.0179173131602	0.036370403399	0.0170998376868	-0.0107713145686	-0.0418356989531	-0.0042971933571	0.0176839269672
k__Bacteria;p__Bacteroidetes;c__Bacteroidia;o__Bacteroidales;f__Odoribacteraceae;g__Odoribacter;s__Odoribacter_splanchnicus	0.0364667845243	-0.0695388600295	-0.0139536551697	-0.0441386584107	0.0290204569559	0.0212698772848	-0.00810694161753	-0.0237020168792	0.0277383606739	0.0472684311124	-0.0865300755605	-0.0330649197287	-0.0323898281148	-0.0508707310063	-0.0274516153462	0.0232635819827	0.0656077188532	-0.0788936075446	-0.0666309780604	1.0	-0.0373419804009	0.0563169541877	-0.0480680064832	0.00591331191451	-0.000214198050613	-0.00391832161551	0.0167610615285	-0.0311705664328	-0.0316076596414	-0.0454657264864	-0.0528184549865	0.0440084128706	0.0213738064311	-0.000360566652653	-0.0296129587329	0.020688972626	-0.0109804801657	-0.0163440346725	-0.00400575579685	-0.0641969256035	-0.0135190909616	-0.0283326056516	-0.00767643383115	-0.0237537597599	0.0456987921957	-0.0118573888955	-0.0412188089128	0.0213933492207	0.0208473648294	0.0354865462279	-0.0222927728213	0.0233398342949	-0.0185903379765	0.0414985735057	-0.0191149842167	0.0417097853934	0.00678149507148	-0.00744836059449	-0.0394032595848
k__Bacteria;p__Bacteroidetes;c__Bacteroidia;o__Bacteroidales;f__Bacteroidaceae;g__Bacteroides;s__Bacteroides_salyersiae	-0.0197077772503	-0.0120420958687	0.0294491653804	-0.00531990086617	-0.0179175558211	0.0278980471291	0.0243873128323	-0.00590040956866	-0.00376311414856	0.000311286608361	-0.0153416125781	-0.0744053590575	-0.0236053599847	0.00128718915701	-0.0256994456426	0.055226100895	-0.024199701703	0.012781160992	-0.0315498661946	-0.0373419804009	1.0	-0.012116833465	-0.0267057268041	0.0255769817618	-0.0280524479933	-0.0366023049955	-0.016445066242	0.015900105397	0.0177141463451	-0.0683292997004	-0.0156759552364	0.0418748342676	-0.0186148930443	-0.0330821276224	-0.0537378962658	0.0175338098747	0.0342549005607	0.0147490896044	-0.0210596375753	-0.010346302448	0.0212465527012	0.0638138417618	0.0195287295738	0.0699988722688	-0.0222437722904	-0.00514109395187	-0.0302940801736	0.0279508183414	-0.0800260206783	0.0325600553563	-0.0347731627845	0.0394714269829	-0.0140705469252	-0.0118914833868	0.00580695196319	0.00794646277916	0.00296757833302	-0.0285191785263	-0.0361378878623
k__Bacteria;p__Firmicutes;c__Clostridia;o__Clostridiales;f__Ruminococcaceae;g__Ruminiclostridium;s__[Eubacterium]_siraeum	-0.0227732789291	-0.0125915035323	0.00286146480295	0.0482419769506	-0.0145298371765	-0.0422335190961	-0.0204110440705	-0.0776323368454	0.0332859730457	-0.0214728642876	0.0678237325377	0.00094543817999	-0.0316083452656	-0.048051381522	-0.0118402611964	-0.0628633070478	-0.0442525863543	-0.0458452427545	-0.0294216430303	0.0563169541877	-0.012116833465	1.0	-0.0693312722517	-0.0533698643491	0.0662500670255	-0.00805303151154	0.031506140484	-0.0292133098867	0.0546808330298	-0.00961535987694	-0.0107096936114	-0.0692168507723	-0.0309355708045	-0.0161880558998	-0.00338187139953	-0.0106644518902	-0.0191962940109	-0.0161146019978	-0.0138094414773	-0.0569013701838	0.0016130286415	0.0490378745577	-0.0175932278261	-0.0462329474733	-0.0165939196427	-0.0689154741053	-0.0174239982164	-0.0358811645027	0.0470297973818	-0.0112508540113	0.0088597805018	-0.0178793629752	0.0118324894177	-0.00564632163337	0.0161914258699	-0.0340614531699	0.00736305670872	0.00257891829547	-0.0255597970021
k__Bacteria;p__Proteobacteria;c__Betaproteobacteria;o__Burkholderiales;f__Sutterellaceae;g__Parasutterella;s__Parasutterella_excrementihominis	0.033313867732	0.0332614402875	-0.0327092124093	0.0388283754476	0.0248241336739	0.00370786156122	-0.0228960465406	0.00209980376126	-0.0574780813462	-0.0206983341838	-0.0819706695182	0.00462143082958	-0.0306358051057	-0.0276156694407	-0.0292047915618	-0.0577073040168	-0.0166148492666	0.0259928658786	0.03145872538	-0.0480680064832	-0.0267057268041	-0.0693312722517	1.0	0.0374965509477	0.0126705472268	-0.023277925228	-0.00790233180821	-0.0445916860544	0.0344562665639	0.0371351954076	-0.0308159501003	0.0158578379691	-1.38496110798e-05	-0.0156632225035	0.00474907445626	-0.000949035185188	-0.0307767788629	-0.0647067973182	-0.0543656503771	0.0200140353443	0.00195904999505	-0.0461855793615	0.0419387063584	0.0225957517447	0.04729193062	0.0458559214149	0.0212278387522	-0.0349089772859	0.00552062783694	-0.0314161733049	-0.0377052164778	-0.00663527158999	-0.0132635793422	0.0702166468643	0.0214841145489	-0.00843014568917	0.00582713997896	0.0289302892638	-0.0417848406709
k__Bacteria;p__Actinobacteria;c__Actinobacteria;o__Bifidobacteriales;f__Bifidobacteriaceae;g__Bifidobacterium;s__Bifidobacterium_adolescentis	-0.0485958152383	0.0141501469588	0.0352925132154	0.0450473448447	0.0360249145807	-0.0553903568336	-0.0302214434656	0.0251839798406	0.012150691276	0.00804413297964	-0.0198982936478	0.0110285795646	-0.00972079221501	-0.0600389509402	0.0370868098542	-0.0211283480222	-0.0270007116595	0.0229360719929	-0.0613271594452	0.00591331191451	0.0255769817618	-0.0533698643491	0.0374965509477	1.0	-0.0208260344479	-0.00460103746714	-4.87427844752e-05	-0.0912009787352	-0.0250414564253	-0.0682822651169	-0.0426271811251	-0.00598747555127	0.0423224217279	0.0426057877225	0.00848639749504	-0.0386198156489	0.0381951427964	0.0776344593552	-0.0286643400889	-0.0267521087676	-0.0147715905647	0.0353654372473	0.00434304138468	-0.0623965833097	0.0450799985369	-0.0380617481836	0.0528621502773	-0.011697835101	-0.0352842416	-0.0047456335296	-0.0287980813113	-0.00835033558792	-0.024595557493	-0.0099911367101	-0.00474098127443	0.0455502506713	0.00790294088346	-0.0095461512602	0.0049921052794
k__Bacteria;p__Firmicutes;c__Clostridia;o__Clostridiales;f__Oscillospiraceae;g__Oscillibacter;s__Oscillibacter_sp._KLE_1745	-0.0430247636636	-0.0370704857905	-0.0123291718972	-0.00417018888374	0.0441261136032	0.000357438719602	0.0167085460793	-0.0162827452346	0.0294933229449	-0.00117163776788	-0.0919556003817	0.00113054690573	-0.0431890809136	0.0179619731566	-0.0273709058855	0.00840835599234	-0.0153783027104	0.075818122865	0.0152108193947	-0.000214198050613	-0.0280524479933	0.0662500670255	0.0126705472268	-0.0208260344479	1.0	0.0216575156467	0.00240009026605	-0.0325996563561	-0.0609563715469	-0.0110745623656	-0.0418942206954	0.0151823091225	0.0443223413153	0.00561648312856	-0.0344620214628	0.0235841101804	-0.00448599457867	-0.0424508712656	0.00806725145661	-0.105642465217	-0.0146576070892	-0.0303432374888	-0.0301737706962	-0.0485927901726	0.00482851311397	0.0292230276941	-0.0317778712173	-0.0287481947083	0.0273133067184	-0.0303469292695	0.00374339152426	-0.00208709834433	-0.00540743298944	-0.0116920202745	0.0571541635315	-0.0500465664695	-0.04539805486	-0.00417507066164	0.0078470129855
k__Bacteria;p__Bacteroidetes;c__Bacteroidia;o__Bacteroidales;f__Bacteroidaceae;g__Bacteroides;s__Bacteroides_coprophilus	0.000122070211939	0.0676648612897	-0.00958539575845	-0.00108301457329	-0.0688565758775	-0.0399782670738	-0.0522927620192	0.00151269118222	-0.01740152274	-0.047736499995	-0.0664527142065	0.0103420642394	0.0034227483852	0.0243324151916	0.0425241355331	-0.0372785809025	0.0198384483445	0.00568516185696	0.0150283735415	-0.00391832161551	-0.0366023049955	-0.00805303151154	-0.023277925228	-0.00460103746714	0.0216575156467	1.0	-0.0175196791781	-0.0243756546637	0.0176151005355	0.00234674763834	-0.0453998720297	-0.0676111315794	-0.0745480898156	-0.0283471740074	0.0271696574361	0.0850377620139	-0.00289026502374	0.0588579493903	0.0255651932024	-0.0362111222013	0.0199461817466	0.0298527271108	-0.044839386312	-0.0344636271369	0.00011858228846	0.00621713638396	-0.0280996241699	-0.0472297290959	-0.000580953349562	-0.0191704657467	-0.0260736453231	-0.0311979789045	0.0376698704932	0.0378004600631	-0.0455345767464	-0.0504265840429	-0.0084135753053	0.0356836766065	0.0450198580751
k__Bacteria;p__Firmicutes;c__Clostridia;o__Clostridiales;f__Lachnospiraceae;g__Roseburia;s__Roseburia_intestinalis	0.0523081008529	-0.0553025640033	-0.0343679773076	0.00899203415545	-0.0290554044461	-0.00122785629299	0.0460836506036	0.010592594455	-0.00735455469526	-0.00976028974326	-0.0146357080073	-0.0736231391453	-0.0435215610049	0.0236803044628	0.0142413814384	0.0266703418835	-0.0205574530668	-0.0802502889333	0.0189551053801	0.0167610615285	-0.016445066242	0.031506140484	-0.00790233180821	-4.87427844752e-05	0.00240009026605	-0.0175196791781	1.0	-0.073515876801	0.0383746073116	-0.00530395902269	0.0305250294021	-0.0318177861101	-0.0310398019116	0.0328047240863	-0.00381190119502	-0.0344620808754	0.0264705396976	0.0102621788135	-0.0123895461597	0.0461428070194	-0.0485669537276	-0.0650829939943	-0.00529102328379	-0.0347112752308	0.0173741064616	-0.00584784854672	0.0188871422512	-0.0175356117963	0.023297335834	-0.00776282385519	0.0435892922142	0.0143845410763	0.00375133480188	0.0269887399413	-0.0176078340216	0.000465640386725	-0.0110471473281	0.022617905799	0.00609758906542
k__Bacteria;p__Firmicutes;c__Clostridia;o__Clostridiales;f__Lachnospiraceae;g__Roseburia;s__Roseburia_hominis	-0.0106627935415	0.00143338691371	-0.0159797278005	-0.065708015567	-0.0234647527136	-0.0460834347913	-0.0166828790241	-0.0579433585111	-0.00500840490416	-0.0731347245307	0.0457856025778	-0.0535650917741	0.0359181592366	-0.0650399246996	-0.0111954866041	0.048135801062	0.043068958932	0.0678024337326	-0.0186368176814	-0.0311705664328	0.015900105397	-0.0292133098867	-0.0445916860544	-0.0912009787352	-0.0325996563561	-0.0243756546637	-0.073515876801	1.0	-0.0917803779494	-0.00190307334979	0.0500765259302	-0.0109085331448	-0.0256000541683	0.0382509223357	-0.0160265122829	-0.0447877487838	0.035838720721	-0.00350688622812	0.0228493990952	-0.0327617238038	-0.018718193239	0.0718316269766	-0.00348155508443	-0.0434914515118	0.0425249089236	0.0253856197785	0.0408949029682	0.040812041406	-0.0560815768693	0.0394593951505	0.00233865468317	-0.00567682355307	-0.085888911934	0.0462653177628	-0.0200310998086	0.0795653970979	0.00457970777189	0.0167287153638	0.0453863273734
k__Bacteria;p__Bacteroidetes;c__Bacteroidia;o__Bacteroidales;f__Porphyromonadaceae;g__Parabacteroides;s__Parabacteroides_johnsonii	0.0520206408196	-0.0660788483021	-0.0254663791655	0.0463323775303	-0.00795394617829	-0.0624374121619	-0.0886418006461	0.00185567190414	-0.0219207825871	-0.035866290511	-0.0325671373105	0.00589558988493	-0.065330935255	0.108280400938	0.0371056801105	0.0379060104581	-0.0116214842452	-0.0372299776189	-0.00714867914993	-0.0316076596414	0.0177141463451	0.0546808330298	0.0344562665639	-0.0250414564253	-0.0609563715469	0.0176151005355	0.0383746073116	-0.0917803779494	1.0	0.0033752698746	-0.0491401188521	-0.00595422498373	-0.019402445246	0.0160176265718	-0.0677502517058	-0.0530776042792	-0.0548641917039	-0.0806673630625	0.00413070417501	-0.0122135785493	-0.0461257793423	-0.0188602158308	-0.0355896349436	-0.0223938252806	-0.0216439436453	0.0133340062199	-0.0294676506645	0.00538821133748	0.00432366206444	0.0299028395203	0.00807561065325	0.0718400116972	-0.0385790277996	0.0067932021805	0.086848624112	-0.0225872835477	-0.0109110201873	-0.014487586902	-0.00534160302359
k__Bacteria;p__Actinobacteria;c__Actinobacteria;o__Bifidobacteriales;f__Bifidobacteriaceae;g__Bifidobacterium;s__Bifidobacterium_longum	0.0426166168697	0.0215304716601	0.0251399754586	0.0303277651363	-0.055192175405	0.0184171970505	0.038259148913	-0.00975711052956	-0.00014245806436	-0.101899412477	-0.00689532492216	-0.0221631046115	0.0218314466848	0.0187068462747	-0.0169104318389	-0.0802731029136	-0.0417301695102	0.0162059263962	0.0883357243114	-0.0454657264864	-0.0683292997004	-0.00961535987694	0.0371351954076	-0.0682822651169	-0.0110745623656	0.00234674763834	-0.00530395902269	-0.00190307334979	0.0033752698746	1.0	0.00982881382475	0.0255388231468	-0.0152984403356	0.015310619735	0.0255622226425	-0.0132661787777	0.0193497246208	-0.0092136521994	0.0357488731104	0.024727342539	0.0458941307565	-0.0354421805835	0.00120903459307	-0.0399201509412	-0.0468348052664	-0.0305883742201	-0.0439121530178	-0.036996493164	-0.012218398496	-0.0210535268841	0.0308496748977	-0.0345724113789	0.00979768509895	0.0193768030395	-0.0444783034101	0.0486631812908	0.00135654388113	-0.0645548015391	0.0231554958825
