#taxonomy	k__Bacteria;p__Bacteroidetes;c__Bacteroidia;o__Bacteroidales;f__Bacteroidaceae;g__Bacteroides;s__Bacteroides_vulgatus	k__Bacteria;p__Bacteroidetes;c__Bacteroidia;o__Bacteroidales;f__Bacteroidaceae;g__Bacteroides;s__Bacteroides_uniformis	k__Bacteria;p__Bacteroidetes;c__Bacteroidia;o__Bacteroidales;f__Rikenellaceae;g__Alistipes;s__Alistipes_putredinis	k__Bacteria;p__Bacteroidetes;c__Bacteroidia;o__Bacteroidales;f__Prevotellaceae;g__Prevotella;s__Prevotella_copri	k__Bacteria;p__Bacteroidetes;c__Bacteroidia;o__Bacteroidales;f__Bacteroidaceae;g__Bacteroides;s__Bacteroides_stercoris	k__Bacteria;p__Bacteroidetes;c__Bacteroidia;o__Bacteroidales;f__Bacteroidaceae;g__Bacteroides;s__Bacteroides_ovatus	k__Bacteria;p__Bacteroidetes;c__Bacteroidia;o__Bacteroidales;f__Rikenellaceae;g__Alistipes;s__Alistipes_shahii	k__Bacteria;p__Firmicutes;c__Clostridia;o__Clostridiales;f__Ruminococcaceae;g__Faecalibacterium;s__Faecalibacterium_prausnitzii	k__Bacteria;p__Bacteroidetes;c__Bacteroidia;o__Bacteroidales;f__Rikenellaceae;g__Alistipes;s__Alistipes_finegoldii	k__Bacteria;p__Bacteroidetes;c__Bacteroidia;o__Bacteroidales;f__Porphyromonadaceae;g__Parabacteroides;s__Parabacteroides_distasonis	k__Bacteria;p__Bacteroidetes;c__Bacteroidia;o__Bacteroidales;f__Bacteroidaceae;g__Bacteroides;s__Bacteroides_thetaiotaomicron	k__Bacteria;p__Bacteroidetes;c__Bacteroidia;o__Bacteroidales;f__Bacteroidaceae;g__Bacteroides;s__Bacteroides_coprocola	k__Bacteria;p__Bacteroidetes;c__Bacteroidia;o__Bacteroidales;f__Bacteroidaceae;g__Bacteroides;s__Bacteroides_cellulosilyticus	k__Bacteria;p__Bacteroidetes;c__Bacteroidia;o__Bacteroidales;f__Rikenellaceae;g__Alistipes;s__Alistipes_obesi	k__Bacteria;p__Firmicutes;c__Clostridia;o__Clostridiales;f__Lachnospiraceae;g__;s__[Eubacterium]_rectale	k__Bacteria;p__Bacteroidetes;c__Bacteroidia;o__Bacteroidales;f__Bacteroidaceae;g__Bacteroides;s__Bacteroides_plebeius	k__Bacteria;p__Bacteroidetes;c__Bacteroidia;o__Bacteroidales;f__Bacteroidaceae;g__Bacteroides;s__Bacteroides_fragilis	k__Bacteria;p__Proteobacteria;c__Betaproteobacteria;o__Burkholderiales;f__Sutterellaceae;g__Sutterella;s__Sutterella_wadsworthensis	k__Bacteria;p__Bacteroidetes;c__Bacteroidia;o__Bacteroidales;f__Porphyromonadaceae;g__Barnesiella;s__Barnesiella_intestinihominis	k__Bacteria;p__Bacteroidetes;c__Bacteroidia;o__Bacteroidales;f__Odoribacteraceae;g__Odoribacter;s__Odoribacter_splanchnicus	k__Bacteria;p__Bacteroidetes;c__Bacteroidia;o__Bacteroidales;f__Bacteroidaceae;g__Bacteroides;s__Bacteroides_salyersiae	k__Bacteria;p__Firmicutes;c__Clostridia;o__Clostridiales;f__Ruminococcaceae;g__Ruminiclostridium;s__[Eubacterium]_siraeum	k__Bacteria;p__Proteobacteria;c__Betaproteobacteria;o__Burkholderiales;f__Sutterellaceae;g__Parasutterella;s__Parasutterella_excrementihominis	k__Bacteria;p__Actinobacteria;c__Actinobacteria;o__Bifidobacteriales;f__Bifidobacteriaceae;g__Bifidobacterium;s__Bifidobacterium_adolescentis	k__Bacteria;p__Firmicutes;c__Clostridia;o__Clostridiales;f__Oscillospiraceae;g__Oscillibacter;s__Oscillibacter_sp._KLE_1745	k__Bacteria;p__Bacteroidetes;c__Bacteroidia;o__Bacteroidales;f__Bacteroidaceae;g__Bacteroides;s__Bacteroides_coprophilus	k__Bacteria;p__Firmicutes;c__Clostridia;o__Clostridiales;f__Lachnospiraceae;g__Roseburia;s__Roseburia_intestinalis	k__Bacteria;p__Firmicutes;c__Clostridia;o__Clostridiales;f__Lachnospiraceae;g__Roseburia;s__Roseburia_hominis	k__Bacteria;p__Bacteroidetes;c__Bacteroidia;o__Bacteroidales;f__Porphyromonadaceae;g__Parabacteroides;s__Parabacteroides_johnsonii	k__Bacteria;p__Actinobacteria;c__Actinobacteria;o__Bifidobacteriales;f__Bifidobacteriaceae;g__Bifidobacterium;s__Bifidobacterium_longum	k__Bacteria;p__Firmicutes;c__Clostridia;o__Clostridiales;f__;g__Flavonifractor;s__Flavonifractor_plautii	k__Bacteria;p__Firmicutes;c__Clostridia;o__Clostridiales;f__Clostridiaceae;g__Clostridium;s__Clostridium_phoceensis	k__Bacteria;p__Verrucomicrobia;c__Verrucomicrobiae;o__Verrucomicrobiales;f__Akkermansiaceae;g__Akkermansia;s__Akkermansia_muciniphila	k__Bacteria;p__Bacteroidetes;c__Bacteroidia;o__Bacteroidales;f__Prevotellaceae;g__Paraprevotella;s__Paraprevotella_xylaniphila	k__Bacteria;p__Firmicutes;c__Clostridia;o__Clostridiales;f__Ruminococcaceae;g__Ruminococcus;s__Ruminococcus_callidus	k__Bacteria;p__Bacteroidetes;c__Bacteroidia;o__Bacteroidales;f__Rikenellaceae;g__Alistipes;s__Alistipes_senegalensis	k__Bacteria;p__Firmicutes;c__Clostridia;o__Clostridiales;f__Lachnospiraceae;g__Blautia;s__Blautia_sp._KLE_1732	k__Bacteria;p__Bacteroidetes;c__Bacteroidia;o__Bacteroidales;f__Bacteroidaceae;g__Bacteroides;s__Bacteroides_oleiciplenus	k__Bacteria;p__Firmicutes;c__Clostridia;o__Clostridiales;f__Ruminococcaceae;g__Ruminococcus;s__Ruminococcus_bicirculans	k__Bacteria;p__Bacteroidetes;c__Bacteroidia;o__Bacteroidales;f__Bacteroidaceae;g__Bacteroides;s__Bacteroides_fluxus	k__Bacteria;p__Bacteroidetes;c__Bacteroidia;o__Bacteroidales;f__Prevotellaceae;g__Prevotella;s__Prevotella_stercorea	k__Bacteria;p__Firmicutes;c__Clostridia;o__Clostridiales;f__Lachnospiraceae;g__Dorea;s__Dorea_longicatena	k__Bacteria;p__Firmicutes;c__Clostridia;o__Clostridiales;f__Eubacteriaceae;g__Eubacterium;s__[Eubacterium]_eligens	k__Bacteria;p__Firmicutes;c__Clostridia;o__Clostridiales;f__Ruminococcaceae;g__;s__Ruminococcaceae_bacterium_D16	k__Bacteria;p__Firmicutes;c__Clostridia;o__Clostridiales;f__Lachnospiraceae;g__Coprococcus;s__Coprococcus_comes	k__Bacteria;p__Proteobacteria;c__Gammaproteobacteria;o__Enterobacterales;f__Enterobacteriaceae;g__Escherichia;s__Escherichia_coli	k__Bacteria;p__Firmicutes;c__Clostridia;o__Clostridiales;f__Ruminococcaceae;g__Anaerotruncus;s__Anaerotruncus_colihominis	k__Bacteria;p__Firmicutes;c__Clostridia;o__Clostridiales;f__Lachnospiraceae;g__Blautia;s__Blautia_obeum	k__Bacteria;p__Bacteroidetes;c__Bacteroidia;o__Bacteroidales;f__Odoribacteraceae;g__Odoribacter;s__Odoribacter_laneus	k__Bacteria;p__Firmicutes;c__Clostridia;o__Clostridiales;f__Ruminococcaceae;g__Ruminiclostridium;s__[Clostridium]_leptum	k__Bacteria;p__Bacteroidetes;c__Bacteroidia;o__Bacteroidales;f__Porphyromonadaceae;g__Parabacteroides;s__Parabacteroides_goldsteinii	k__Bacteria;p__Firmicutes;c__Clostridia;o__Clostridiales;f__Lachnospiraceae;g__Anaerostipes;s__Anaerostipes_hadrus	k__Bacteria;p__Firmicutes;c__Clostridia;o__Clostridiales;f__Ruminococcaceae;g__Ruminococcus;s__Ruminococcus_lactaris	k__Bacteria;p__Firmicutes;c__Clostridia;o__Clostridiales;f__Clostridiaceae;g__Clostridium;s__Clostridium_sp._L2-50	k__Bacteria;p__Firmicutes;c__Clostridia;o__Clostridiales;f__Clostridiaceae;g__Clostridium;s__Clostridium_sp._M62/1	k__Bacteria;p__Firmicutes;c__Clostridia;o__Clostridiales;f__;g__Intestinimonas;s__Intestinimonas_butyriciproducens	k__Bacteria;p__Actinobacteria;c__Actinobacteria;o__Bifidobacteriales;f__Bifidobacteriaceae;g__Bifidobacterium;s__Bifidobacterium_bifidum	k__Bacteria;p__Firmicutes;c__Negativicutes;o__Veillonellales;f__Veillonellaceae;g__Dialister;s__Dialister_invisus	k__Bacteria;p__Bacteroidetes;c__Bacteroidia;o__Bacteroidales;f__Bacteroidaceae;g__Bacteroides;s__Bacteroides_salanitronis
k__Bacteria;p__Bacteroidetes;c__Bacteroidia;o__Bacteroidales;f__Bacteroidaceae;g__Bacteroides;s__Bacteroides_vulgatus	1.0	-0.0299645763348	-0.0216149671328	0.0674941657543	0.0173443517364	0.00732265879479	-0.061389220091	0.0158648814972	0.0394100854532	-0.0447933083436	-0.0413569891937	-0.0159044439542	-0.0268752629095	0.0481839957191	-0.0036954376958	-0.0335812563803	-0.0091043943785	-0.0574986341997	-0.0213366002306	-0.0412360611156	0.033029247128	-0.00705457669672	-0.00158375561577	-0.0032995981874	-0.0643882158344	0.0107102251414	0.0531591605831	0.00661101618761	0.00354643815351	-0.0126596355773	0.0143804361486	-0.0349092034793	-0.0401454721081	-0.0780363996876	0.0538544527403	-0.0167260559838	0.00910715979	0.027547151051	-0.0762063256156	-0.0755053049688	0.00247437358799	0.0139673276477	0.00934815654829	-0.0429224139669	0.0403547107037	-0.0345323576948	-0.0276581730451	0.0116563885273	-0.00441104246638	-0.0289081802532	-0.0478756768106	-0.0323734102875	0.0228411571482	-0.0297579497285	0.0439656324743	-0.0590521259937	-0.0222938927125	-0.0131197910667	-0.00169893743243
k__Bacteria;p__Bacteroidetes;c__Bacteroidia;o__Bacteroidales;f__Bacteroidaceae;g__Bacteroides;s__Bacteroides_uniformis	-0.0299645763348	1.0	-0.0561349772115	0.0116591041392	-0.0118792520626	0.0456824529179	-0.0279676005738	0.0586556158567	0.00209576673645	0.00752549683757	-0.0356094059349	-0.0209621661031	-0.0708115076026	0.00510472751905	0.00141534713235	-0.0273533555483	0.0489669274731	-0.0150847250842	-0.0495393093587	-0.0236611549467	0.0761582554253	0.000892075561366	-0.00825906825742	-0.0610955135975	-0.0209113021716	-0.0306861211492	-0.0468745950299	0.0147700069364	0.0362357337484	-0.040356437931	-0.0310902071037	0.0311075478693	0.00301606678041	0.0714628621775	-0.0660121433889	-0.0470081519662	-0.00390651489532	0.00904109717078	-0.015741250863	0.0974381467071	0.0128213735402	0.0150883043348	-0.0232034988148	-0.0189563767483	-0.0162921265892	0.0019393361797	0.0214177373284	-0.0572878294071	-0.000800612538979	0.0186099765617	-0.0482252034406	-0.000314285853129	-0.00609754306113	-0.00510891195756	0.0369620231198	0.0052605031256	-0.0574717677604	0.00192184964454	0.0258676097655
k__Bacteria;p__Bacteroidetes;c__Bacteroidia;o__Bacteroidales;f__Rikenellaceae;g__Alistipes;s__Alistipes_putredinis	-0.0216149671328	-0.0561349772115	1.0	0.0681148051727	-0.0370974340503	0.00870357498873	0.0331238947727	-0.00775670839816	-0.0300474113719	-0.00472708776387	0.0339302617014	0.0142387785111	0.0563556502094	-0.0496634933689	-0.067301626236	0.0103033495452	0.0486427174581	0.0131228338696	0.00862350708526	-0.011833601149	-0.0472543863603	-0.0115418419594	-0.0621715368679	-0.00767537484765	-0.0756452363478	0.00614291248907	0.0575176595473	0.010093305441	-0.0642618414237	0.016282378448	0.00392820459958	0.0173810763402	0.00854724572324	0.0317024691022	-0.00767562373402	0.00311022583256	0.0143987610695	-0.0770732588473	0.0830412447574	-0.000468524096073	-0.0194195001993	0.0119921492244	0.0200864875321	-0.0363447328482	-0.0466581728337	-0.024285898449	-0.0128187044028	-0.0661299247699	-0.033051549301	0.0589256151116	-0.0192399627143	-0.0292652121326	-0.00259341046424	-0.0721833374244	-0.0548577811753	0.00170648579988	-0.010276241416	-0.0371007436876	-0.0104886874026
k__Bacteria;p__Bacteroidetes;c__Bacteroidia;o__Bacteroidales;f__Prevotellaceae;g__Prevotella;s__Prevotella_copri	0.0674941657543	0.0116591041392	0.0681148051727	1.0	0.041863684131	-0.0553007651003	-0.00820096955722	-0.0210898204835	-0.0554659083347	-0.000908936599597	0.0264371284541	-0.00961948307183	0.0201148845972	-0.014334742285	0.0540772473571	0.0459084050747	0.0151515687923	-0.00613515086836	-0.0204084145971	0.00907798144876	-0.00335626507787	-0.0484015775848	0.000162217361568	-0.0850968631964	0.00198992014701	0.0058311500686	0.00441312655037	0.054659332362	0.0180434602704	-0.0279961373303	-0.055145357502	0.0361650193104	-0.0226079988796	-0.0119020465801	-0.0117737685084	-0.0567256031926	-0.038851084325	-0.057328140542	-0.0206531546483	-0.00663860336348	-0.0134306516206	-0.0599054197616	0.057848597865	0.0246439637907	-0.0176011458339	-0.000214344518816	0.0613983856205	-0.0233995731745	-0.0494140257811	-0.0708202175929	-0.0443535161263	-0.0590851778526	0.0982972167114	0.00232462699948	0.0444808627457	-0.0349159767828	-0.021822897245	0.0212229661905	-0.0165024712907
k__Bacteria;p__Bacteroidetes;c__Bacteroidia;o__Bacteroidales;f__Bacteroidaceae;g__Bacteroides;s__Bacteroides_stercoris	0.0173443517364	-0.0118792520626	-0.0370974340503	0.041863684131	1.0	0.0121859408314	-0.00976170825735	0.0269508223365	-0.0114760695866	0.00141029910901	0.0385691195415	-0.0137837046018	0.0258494676967	0.0472960497119	0.0580012431189	0.0431145969593	-0.0498377175532	-0.0347363802026	-0.0421547065466	-0.0733099203444	-0.017175554364	-0.00948156479573	-0.0617264174956	0.00872866377901	-0.0125175078104	-0.0212695032237	0.0349788837494	0.0542483214459	-0.0687591316189	-0.0828907465195	-0.00692828893188	0.024355490146	-0.0148432963745	-0.0355680466703	0.0723768189732	-0.0411701580207	0.00220286236201	-0.0483007985969	-0.0804257387705	-0.0388618200786	0.0298137961702	0.0547205639252	-0.00150267507549	0.00199951790115	0.0287279005804	0.0720577101564	-0.0335997717548	-0.040508341717	0.0127935246106	-0.064353512929	-0.0172912423197	0.0610145568449	-0.0479788674644	-0.0126471020781	-0.0298266047891	-0.00394211218496	-0.00380213088954	-0.0355517751294	0.0037933556684
k__Bacteria;p__Bacteroidetes;c__Bacteroidia;o__Bacteroidales;f__Bacteroidaceae;g__Bacteroides;s__Bacteroides_ovatus	0.00732265879479	0.0456824529179	0.00870357498873	-0.0553007651003	0.0121859408314	1.0	-0.0251676383131	-0.0695444348205	0.023743580562	0.0277438155215	0.0231946708552	-0.0223136422859	-0.0349283442202	0.0271568859021	-0.0108904778366	-0.00039413589563	-0.0386335460413	0.013630288827	-0.0730441321826	-0.0588944233224	0.00304861449788	-0.0316833490446	0.00981783748105	-0.0175422646844	0.0283069511468	0.0362432493806	3.53143356637e-05	-0.0276054350953	-0.0189590310374	-0.0158347137945	0.00192727636134	-0.0599208444888	-0.0597560096599	0.0339764444995	-0.0258086516286	-0.075237115214	-0.0317277706099	0.0289645315977	-0.00504836718263	-0.0418251313332	0.0159455874121	-0.0638024377073	0.0127926645162	-0.0236704869906	0.0231029395535	-0.0253027047648	-0.00526320253043	-0.027988520523	-0.0194227285518	0.0074839416087	0.0536977831643	0.043367291876	-0.005537235824	-0.0399735481729	0.0404939469564	0.0218573839089	-0.0572257335298	-0.0390580784478	0.00202123195989
k__Bacteria;p__Bacteroidetes;c__Bacteroidia;o__Bacteroidales;f__Rikenellaceae;g__Alistipes;s__Alistipes_shahii	-0.061389220091	-0.0279676005738	0.0331238947727	-0.00820096955722	-0.00976170825735	-0.0251676383131	1.0	0.0605261565963	-0.0667039817751	0.00884368594796	0.00624660612286	0.0426024208587	0.0282117747377	-0.0491381874639	0.00524812293706	0.00120482123155	0.0131244259771	-0.0154946149414	-0.0874465239515	0.00403974628361	0.0217621238907	-0.0725606362989	-0.00192081657392	-0.0244087147377	0.0166841263783	-0.0379085047021	0.0506579199108	0.00330337406451	-0.0192142795962	0.0217085994583	-0.01566350099	-0.047452490491	-0.0884814948211	-0.0973155940656	-0.0198803270458	-0.0313008363077	0.0719431998992	-0.0085649982431	0.0186881797687	-0.00468566326379	0.00166604658716	0.0232237083075	-0.0330042268298	-0.00491648004472	0.00296923309104	0.00736950925957	-0.00243475239331	-0.0474250140136	0.00097235201656	-0.0439554993233	0.00815380440457	-0.0192992478788	-0.00510662619618	-0.00992414151694	-0.0526599820329	0.0420440651837	-0.000833586923633	-0.00606373100329	0.0415325652626
k__Bacteria;p__Firmicutes;c__Clostridia;o__Clostridiales;f__Ruminococcaceae;g__Faecalibacterium;s__Faecalibacterium_prausnitzii	0.0158648814972	0.0586556158567	-0.00775670839816	-0.0210898204835	0.0269508223365	-0.0695444348205	0.0605261565963	1.0	0.0220280242576	-0.0541779248828	-0.0089315664705	0.0134719281116	-0.033128578118	0.0334827068698	-0.0135017269776	0.0116400053652	-0.00203371671213	0.0943582538819	0.0147066164592	-0.049044548861	-0.0290769813032	0.00822870352252	-0.0489133509036	-0.0628956457158	-0.0472868018026	-0.0539990562771	-0.0176897459117	0.0268190760902	0.0101833770816	-0.0256825770686	0.00841128611358	0.00788056040152	-0.126140992919	0.00849285989371	0.0321413181356	-0.036713415568	-0.011427973008	0.0518543368461	0.0394342768986	-0.0297796133416	0.0118921279954	0.0324737674676	0.022545247642	-0.00230855110568	-0.0321746174636	0.0646973798656	-0.024471568119	-0.0253652482701	-0.0289526404724	0.0749158009906	-0.00997493593059	0.0299782219524	-0.0337325890142	-0.0232019408585	-0.0255870319491	-0.0060255802631	0.0618966445993	-0.031568122842	0.00402224113427
k__Bacteria;p__Bacteroidetes;c__Bacteroidia;o__Bacteroidales;f__Rikenellaceae;g__Alistipes;s__Alistipes_finegoldii	0.0394100854532	0.00209576673645	-0.0300474113719	-0.0554659083347	-0.0114760695866	0.023743580562	-0.0667039817751	0.0220280242576	1.0	-0.00623069834536	-0.0401328029762	-0.045642718247	-0.0114283949778	0.00976373484562	-0.00255362368684	-0.0520470582791	0.00348653947475	-0.0125168874171	-0.045634943896	-0.0143251897624	-0.064656461814	-0.0140811077561	0.0362096048762	-0.056077841219	0.0165929758015	-0.0327462430941	0.0299643203249	0.0138572269089	0.0263017335278	-0.0124478763864	-0.00429391337247	0.00234725659992	-0.00442902517702	-0.0783956488006	-0.0209035092603	0.0309226287812	0.0545491837937	0.0202384517978	0.0183009553165	-0.00476469312729	-0.0395606705832	0.0167475247998	0.0276485436975	-0.0319297048032	-0.0188998105039	-0.0326482984771	-0.0211703864567	-0.0412609631273	-0.0224797193292	0.00112422640392	-0.0198644540824	-0.02197286346	-0.0152627347752	0.0209791641249	0.0250543722875	0.0199422634167	0.00159786272268	0.00609304197533	0.0161432415354
k__Bacteria;p__Bacteroidetes;c__Bacteroidia;o__Bacteroidales;f__Porphyromonadaceae;g__Parabacteroides;s__Parabacteroides_distasonis	-0.0447933083436	0.00752549683757	-0.00472708776387	-0.000908936599597	0.00141029910901	0.0277438155215	0.00884368594796	-0.0541779248828	-0.00623069834536	1.0	0.0175310675866	0.00586872754176	-0.0353374016056	0.0190381250473	0.0107902965671	0.00667925439291	0.062868596754	0.00632703838128	-0.0471485678893	-0.0187785094576	0.014648519952	-0.0231784845092	-0.00956399141603	0.0310391441139	-0.0677262927766	-0.0290878461606	-0.0484477667976	0.0238922306798	0.0110555644996	-0.0347989921464	-0.0666418519108	0.0419965586562	0.0262890336056	0.0327845285256	0.0602193714223	-0.00707092104874	-0.00708751449564	-0.0483225704577	-0.0274215931207	-0.000647170601797	-0.0104583172468	-0.0284095993544	-0.00703182976081	-0.0195165831181	0.0695695259569	-0.045661573841	-0.000216026660562	-0.00782316869536	0.0396617334129	0.0281085416703	-0.0207058674158	0.0241171674218	-0.0482572331898	-0.110915527929	-0.0235004643493	-0.0202503150864	0.0340679190488	0.0048114282053	-0.00159269259418
k__Bacteria;p__Bacteroidetes;c__Bacteroidia;o__Bacteroidales;f__Bacteroidaceae;g__Bacteroides;s__Bacteroides_thetaiotaomicron	-0.0413569891937	-0.0356094059349	0.0339302617014	0.0264371284541	0.0385691195415	0.0231946708552	0.00624660612286	-0.0089315664705	-0.0401328029762	0.0175310675866	1.0	0.0393593642544	-0.0898736417756	-0.0243713523637	0.0287434775149	-0.042196394835	0.00152274534469	-0.0136601151307	0.03177976779	-0.0229915090325	-0.00282584722231	-0.035804499805	0.0169906250739	-0.0341333375452	0.00869604339576	-0.0165634498614	0.018153614806	0.0479703880853	0.0160321076591	-0.0348480296696	-0.0659045499245	0.055316983847	0.00945955491056	0.024384042372	0.0354643614145	-0.0287910063807	-0.0311036950392	-0.0253401260145	-0.010377018851	-0.0191844614285	0.0198512910464	0.0134164983387	-0.0543124380794	-0.0402995811609	-0.00874656876841	-0.0149991086041	-0.00720670029881	0.00128636690995	0.0241467628818	0.0311835782984	-0.0537794540461	-0.0597485174884	-0.0197639229866	0.0223543246904	-0.0374307690308	-0.0661146201746	-0.0163667329308	0.0129202321166	-0.00637058876591
k__Bacteria;p__Bacteroidetes;c__Bacteroidia;o__Bacteroidales;f__Bacteroidaceae;g__Bacteroides;s__Bacteroides_coprocola	-0.0159044439542	-0.0209621661031	0.0142387785111	-0.00961948307183	-0.0137837046018	-0.0223136422859	0.0426024208587	0.0134719281116	-0.045642718247	0.00586872754176	0.0393593642544	1.0	-0.0296138392988	0.0113641659716	0.043422392373	-0.0157331107232	-0.0461984010373	-0.0141694953618	-0.0107672586701	-0.0600982922712	-0.00249298828169	-0.0276052255495	-0.0737541922863	-0.0466742398251	0.0271169705675	-0.022027445766	0.00069974987212	-0.000283896784518	0.0100726962004	0.0698857312329	-0.0840206712194	0.0100784730396	-0.0705081151323	0.0812631943814	0.00317176637699	-0.0567668004052	0.0383543677742	-0.00236858079307	-0.00710831267661	-0.0325095488534	-0.0261525353801	-0.000892766218601	-0.0372093675313	0.0143644229982	-0.05274652001	0.0270667961491	0.0243445256734	-0.00110710193276	0.0519072370215	0.0220007706731	0.0124675483883	-0.0593622916509	0.0277646806494	0.0572342601883	-0.00340835701178	0.0124682829164	0.0109544606987	-0.0419723257013	-0.0268762822352
k__Bacteria;p__Bacteroidetes;c__Bacteroidia;o__Bacteroidales;f__Bacteroidaceae;g__Bacteroides;s__Bacteroides_cellulosilyticus	-0.0268752629095	-0.0708115076026	0.0563556502094	0.0201148845972	0.0258494676967	-0.0349283442202	0.0282117747377	-0.033128578118	-0.0114283949778	-0.0353374016056	-0.0898736417756	-0.0296138392988	1.0	0.0085459968432	0.0246149194225	0.00440720874573	-0.107453424266	-0.0191846859882	0.0416047894181	0.084872019972	-0.0476462660163	-0.0594421992866	-0.0210730459065	-0.0152078302023	-0.0261849859957	0.0310394983831	0.0428113251177	0.0307007391315	-0.0506390983762	0.0151664650328	-0.000691656372849	0.0277197394921	-0.0329622014028	0.00428481258564	0.0518366234702	0.0440084653491	0.00587803911227	0.0167382160349	-0.014966547694	0.0444014979177	-0.0187793266121	-0.0174381150968	0.0141065513942	-0.00181104660963	-0.00929212287537	0.0258574454834	0.0474634076401	0.0201558685723	-0.00967058761851	0.0185007799882	0.00189424628716	-0.00365462671966	-0.0538936334472	-0.0140133914932	-0.0701826009126	0.0208694915917	0.00325181300849	-0.0356567915582	-0.0216952993071
k__Bacteria;p__Bacteroidetes;c__Bacteroidia;o__Bacteroidales;f__Rikenellaceae;g__Alistipes;s__Alistipes_obesi	0.0481839957191	0.00510472751905	-0.0496634933689	-0.014334742285	0.0472960497119	0.0271568859021	-0.0491381874639	0.0334827068698	0.00976373484562	0.0190381250473	-0.0243713523637	0.0113641659716	0.0085459968432	1.0	0.0186731367922	-0.00490121371454	0.00662701235566	-0.0408892839403	-0.0229743694722	-0.0902947873252	0.00677751375356	0.00415777450204	0.00595617112491	-0.0742906598171	-0.0229869840912	0.00590728547775	-0.0352236029015	0.0182869009244	0.0612177079013	-0.0620851688998	-0.0626219919735	0.0116934636689	0.0559824141009	-0.0880371657559	-0.0299256960409	0.00361604609046	-0.0131984412871	0.0611560269668	0.0103012854655	0.000782481517916	0.00489315254884	0.000805833032185	-0.0364238991131	-0.0466245389478	-0.0548197581511	-0.0345909513675	0.0147106306946	-0.0154198914111	-0.0139298160477	-0.0252342922832	0.010334446439	-0.0374929147994	-0.0118006348463	0.0752374571555	-0.0219133797792	-0.00464594986716	-0.0583655168417	-0.0437661642272	-0.0553596188231
k__Bacteria;p__Firmicutes;c__Clostridia;o__Clostridiales;f__Lachnospiraceae;g__;s__[Eubacterium]_rectale	-0.0036954376958	0.00141534713235	-0.067301626236	0.0540772473571	0.0580012431189	-0.0108904778366	0.00524812293706	-0.0135017269776	-0.00255362368684	0.0107902965671	0.0287434775149	0.043422392373	0.0246149194225	0.0186731367922	1.0	-0.0147268221621	0.019406028784	-0.0538934115485	0.000310178082937	0.0164443783739	0.0022635557127	-0.0195121163753	-0.0117712074126	-0.0258954471719	0.0471270556827	-0.00650491256824	0.00434525614127	-0.0152380802686	0.0100462817378	0.0824491248822	-0.0510318206789	-0.0182963100511	-0.0608521835803	-0.0207370136418	-0.0130482190043	0.00756504844514	-0.0397176887805	-0.0506690517015	0.00147731592155	-0.0208618811344	0.0587007254207	-0.0626826428031	-0.0290587262528	0.0257905037317	0.0151192720144	0.00644728409851	-0.0230033390078	-0.0157092819785	-0.0563204827854	-0.00165951108346	-0.00398660567369	-0.0223262303407	0.0432974131464	0.00251957303884	-0.00240815209856	-0.0162919421629	-0.0557771867386	0.019557357083	0.0398192794475
k__Bacteria;p__Bacteroidetes;c__Bacteroidia;o__Bacteroidales;f__Bacteroidaceae;g__Bacteroides;s__Bacteroides_plebeius	-0.0335812563803	-0.0273533555483	0.0103033495452	0.0459084050747	0.0431145969593	-0.00039413589563	0.00120482123155	0.0116400053652	-0.0520470582791	0.00667925439291	-0.042196394835	-0.0157331107232	0.00440720874573	-0.00490121371454	-0.0147268221621	1.0	-0.0168824461862	0.0193325389005	-0.0323514491302	0.00706843919255	-0.0193898681098	-0.00678210472344	0.0038358539449	-0.0100998728036	-0.0443439736349	-0.0167992522572	-0.0127936349825	-0.0274892627157	-0.0128561164432	0.00675449758308	-0.0220518112914	0.0160138306667	0.0121485248007	-0.0367855853832	0.0219592768075	-0.0175812602289	-0.0133906890959	-0.0590023083263	0.0362768193027	0.0518558150663	0.0524909729667	0.00925564956889	-0.0131609042967	-0.00677737807355	-0.0776264901195	0.0168004767362	0.0527420858412	-0.0858179947328	0.0290616625031	0.0268455452192	0.0331860136011	-0.000360380913294	-0.00204830083763	0.0177680336483	-0.0522184341511	0.0196694334656	-0.0716678494987	0.0617303341331	-0.0513163893335
k__Bacteria;p__Bacteroidetes;c__Bacteroidia;o__Bacteroidales;f__Bacteroidaceae;g__Bacteroides;s__Bacteroides_fragilis	-0.0091043943785	0.0489669274731	0.0486427174581	0.0151515687923	-0.0498377175532	-0.0386335460413	0.0131244259771	-0.00203371671213	0.00348653947475	0.062868596754	0.00152274534469	-0.0461984010373	-0.107453424266	0.00662701235566	0.019406028784	-0.0168824461862	1.0	-0.0280762106542	0.0084498898776	0.000408724215895	-0.0389859322836	-0.012100995004	0.0486377914272	0.0441176685454	-0.0157576867002	0.0343042809042	-0.0043042856911	-0.0186723798192	-0.00903881915813	0.0288927132043	0.00996725074437	-0.0201240049904	0.0173887437515	-0.0684230283569	-0.0175309287913	-0.0179684211319	0.0618687339317	-0.000621948348963	-0.0231512390435	0.0276969272044	0.0501499530557	-0.0066396866276	-0.0450306584708	0.0131136668869	0.0342064328119	-0.00196418359363	0.0401179819081	-0.0440562181959	0.0320313745978	0.00189088887881	-0.0645459910443	0.0225284935376	-0.0179208356836	0.0464937111501	-0.0132444694344	0.0466344589438	-0.0406887165977	-0.0115347476391	-0.0792665997525
k__Bacteria;p__Proteobacteria;c__Betaproteobacteria;o__Burkholderiales;f__Sutterellaceae;g__Sutterella;s__Sutterella_wadsworthensis	-0.0574986341997	-0.0150847250842	0.0131228338696	-0.00613515086836	-0.0347363802026	0.013630288827	-0.0154946149414	0.0943582538819	-0.0125168874171	0.00632703838128	-0.0136601151307	-0.0141694953618	-0.0191846859882	-0.0408892839403	-0.0538934115485	0.0193325389005	-0.0280762106542	1.0	-0.0191342810309	-0.0324658007869	-0.0180482933487	0.0110738713971	-0.00452480207093	-0.010007731084	0.0504827229489	0.0370747021424	-0.0120441035045	-0.0220203774757	-0.0133894062363	-0.0231705425325	0.0041563950182	0.0181315646874	-0.0413352836885	0.0337890940218	-0.0519930896392	-0.00319774558209	-0.0311252193364	-0.014336074055	-0.00735269979602	0.015690237747	-0.00462965496425	-0.0320752051419	-0.00802980451991	0.0352995062729	-0.0235425613551	-0.0285189350975	-0.0608974850978	0.0250898258238	0.0155078806147	-0.0163801708918	-0.0186479022507	-0.0511492590042	0.00977203852904	-0.048825769602	0.0432701679058	-0.0171729137033	-0.00480298530149	-0.000810666752783	0.00644951338905
k__Bacteria;p__Bacteroidetes;c__Bacteroidia;o__Bacteroidales;f__Porphyromonadaceae;g__Barnesiella;s__Barnesiella_intestinihominis	-0.0213366002306	-0.0495393093587	0.00862350708526	-0.0204084145971	-0.0421547065466	-0.0730441321826	-0.0874465239515	0.0147066164592	-0.045634943896	-0.0471485678893	0.03177976779	-0.0107672586701	0.0416047894181	-0.0229743694722	0.000310178082937	-0.0323514491302	0.0084498898776	-0.0191342810309	1.0	-0.0428399893758	-0.0132129238706	-0.0331414065197	0.00328385312558	0.0341646293917	-0.0397437355555	-0.00200426478937	0.0227938916899	-0.0198427564844	0.0372937215124	-0.0383370159266	-0.0247951844834	-0.0183083521764	-0.0240363723902	-0.0102089603903	0.0120947890163	0.00755143258672	0.0285368963372	-0.0295450819161	-0.0325552350797	-0.0154220585479	-0.0386943053873	0.00514123451611	0.0120107720908	0.0354631012947	0.00516487635825	0.00887068962426	-0.0353726367292	0.035671345365	-0.0443438243782	0.0163249198819	-0.0167412837848	-0.0143421433668	0.0116582991094	-0.0252377629237	0.0282909714159	-0.0168292008888	0.022129385026	0.022044762129	-0.0224027210752
k__Bacteria;p__Bacteroidetes;c__Bacteroidia;o__Bacteroidales;f__Odoribacteraceae;g__Odoribacter;s__Odoribacter_splanchnicus	-0.0412360611156	-0.0236611549467	-0.011833601149	0.00907798144876	-0.0733099203444	-0.0588944233224	0.00403974628361	-0.049044548861	-0.0143251897624	-0.0187785094576	-0.0229915090325	-0.0600982922712	0.084872019972	-0.0902947873252	0.0164443783739	0.00706843919255	0.000408724215895	-0.0324658007869	-0.0428399893758	1.0	-0.0804643600456	0.0624321208102	0.0125787488955	0.0338171047312	-0.0180110834675	0.0369720472318	0.00331665473795	-0.0779387837924	-0.0598868875232	-0.0198144874629	0.0250975493644	0.030608872196	0.00232684463681	0.010686497017	0.0753578393683	0.0160839578503	0.0135680939333	0.0607578776729	-0.0485269124625	-0.00505830077628	-0.00424342396018	-0.0190390373356	0.0165350559684	-0.0197588729534	-0.0654163434074	-0.0321627078973	0.00796592831318	-0.0633577468924	0.0238138310348	-0.0134265225746	-0.0139931552289	-0.0338693916632	-0.0320262275343	-0.00586464366909	-0.0799872305415	-0.0493332471905	0.0283554431928	-0.0159744910717	0.0724018112306
k__Bacteria;p__Bacteroidetes;c__Bacteroidia;o__Bacteroidales;f__Bacteroidaceae;g__Bacteroides;s__Bacteroides_salyersiae	0.033029247128	0.0761582554253	-0.0472543863603	-0.00335626507787	-0.017175554364	0.00304861449788	0.0217621238907	-0.0290769813032	-0.064656461814	0.014648519952	-0.00282584722231	-0.00249298828169	-0.0476462660163	0.00677751375356	0.0022635557127	-0.0193898681098	-0.0389859322836	-0.0180482933487	-0.0132129238706	-0.0804643600456	1.0	-0.0317666305088	0.0224113197366	-0.0135237325787	0.000440512555525	-0.0621447663723	-0.00935838913929	0.0124915961816	-0.0260422540002	0.10516317111	-0.0150601854561	-0.0414802467898	-0.0332778498513	-0.0322780894913	-0.0127320319977	-0.00424445309367	-0.0449657222868	-0.0588207737387	0.00316323554537	0.00719849437506	-0.0401861500255	0.0315572180068	-0.0574018017152	-0.00113479302876	0.0571458604739	-0.00165118338917	-0.0196835279588	0.00321533591367	-0.00989196522878	0.0166370362646	-0.00685216739785	0.0265798110974	0.00705628345787	-0.0110878384571	0.0492567589454	-0.00686759298978	-0.0390198665347	-0.0189844781544	0.0480823701332
k__Bacteria;p__Firmicutes;c__Clostridia;o__Clostridiales;f__Ruminococcaceae;g__Ruminiclostridium;s__[Eubacterium]_siraeum	-0.00705457669672	0.000892075561366	-0.0115418419594	-0.0484015775848	-0.00948156479573	-0.0316833490446	-0.0725606362989	0.00822870352252	-0.0140811077561	-0.0231784845092	-0.035804499805	-0.0276052255495	-0.0594421992866	0.00415777450204	-0.0195121163753	-0.00678210472344	-0.012100995004	0.0110738713971	-0.0331414065197	0.0624321208102	-0.0317666305088	1.0	0.00435964080804	0.00493899059701	-0.00538523966763	-0.0177648977952	-0.085945340685	-0.0467642886445	-0.00374128115054	0.00408326550265	-0.028907626416	0.01913501128	0.0526280009433	0.0458803617651	0.00698653208371	-0.0254818651007	-0.00444897554203	0.011448056901	-0.0237538319732	-0.0170002134845	-0.041000292403	-0.00540061482179	0.0214471717221	-0.0294245182955	-0.0440201682296	0.057479397286	0.00192956394358	-0.0601379603474	-0.0207824550598	-0.0420690426515	0.0486660315811	-0.0433660234675	0.0231203789099	0.0434014036811	-0.0278690828571	0.0247943258762	0.111239277908	-0.0326814141854	-0.0206897269857
k__Bacteria;p__Proteobacteria;c__Betaproteobacteria;o__Burkholderiales;f__Sutterellaceae;g__Parasutterella;s__Parasutterella_excrementihominis	-0.00158375561577	-0.00825906825742	-0.0621715368679	0.000162217361568	-0.0617264174956	0.00981783748105	-0.00192081657392	-0.0489133509036	0.0362096048762	-0.00956399141603	0.0169906250739	-0.0737541922863	-0.0210730459065	0.00595617112491	-0.0117712074126	0.0038358539449	0.0486377914272	-0.00452480207093	0.00328385312558	0.0125787488955	0.0224113197366	0.00435964080804	1.0	-0.00487998159891	-0.0185864543669	-0.0618314260285	0.0381855221136	-0.060143251737	0.000570615378106	-0.0461057882523	0.0158883866885	0.0155938009189	-0.0119308604969	-0.0510898308129	-0.00043255511953	-0.0550493504105	0.009619617824	0.018690865625	0.0129379849294	-0.0516625666272	-0.0356202386947	-0.0273288983306	-0.02051437176	-0.0631309862488	-0.0176433731238	-0.0581044952307	0.00308853711459	-0.0453587359987	0.0337322196528	-0.0200888283259	0.011952047808	0.036950492273	0.0163626757503	-0.00630580065125	0.0126268020819	0.0290581572199	-0.0889636030002	0.0430393901389	0.0366335393327
k__Bacteria;p__Actinobacteria;c__Actinobacteria;o__Bifidobacteriales;f__Bifidobacteriaceae;g__Bifidobacterium;s__Bifidobacterium_adolescentis	-0.0032995981874	-0.0610955135975	-0.00767537484765	-0.0850968631964	0.00872866377901	-0.0175422646844	-0.0244087147377	-0.0628956457158	-0.056077841219	0.0310391441139	-0.0341333375452	-0.0466742398251	-0.0152078302023	-0.0742906598171	-0.0258954471719	-0.0100998728036	0.0441176685454	-0.010007731084	0.0341646293917	0.0338171047312	-0.0135237325787	0.00493899059701	-0.00487998159891	1.0	-0.00611797707436	-0.017569554175	-0.00344386868905	-0.0299172097629	0.0426157112615	-0.0325755788496	0.0384379335578	-0.0512281375045	0.0549002839297	0.0261002091102	-0.00141742270003	0.011931064359	0.0337022008841	0.0200478936212	0.0453317632925	-0.0671210848824	0.00102473247161	-0.000774529430922	-0.0401364671016	-0.00716552426945	-0.0333358739878	0.0215896171166	0.0385587172475	0.0006096648947	0.0492577864509	-0.0199252879227	-0.00618981811254	0.00424470491363	0.000842350992149	-0.0464331570459	-0.00456278195603	0.068366297476	0.0038488978005	0.0157117277085	0.00287372207203
k__Bacteria;p__Firmicutes;c__Clostridia;o__Clostridiales;f__Oscillospiraceae;g__Oscillibacter;s__Oscillibacter_sp._KLE_1745	-0.0643882158344	-0.0209113021716	-0.0756452363478	0.00198992014701	-0.0125175078104	0.0283069511468	0.0166841263783	-0.0472868018026	0.0165929758015	-0.0677262927766	0.00869604339576	0.0271169705675	-0.0261849859957	-0.0229869840912	0.0471270556827	-0.0443439736349	-0.0157576867002	0.0504827229489	-0.0397437355555	-0.0180110834675	0.000440512555525	-0.00538523966763	-0.0185864543669	-0.00611797707436	1.0	0.0128931875138	-0.0227324896406	-0.00522899884198	0.0173109388586	0.0116152482526	-0.0307742726394	0.0585734463043	0.0139573522725	0.000484435741299	-0.0172078522205	0.0134566682271	0.0564172717621	-0.0265112314981	0.00796539984038	0.0185879840724	-0.00862713824592	0.0150612290915	-0.0914439013892	0.00703790727734	0.00528587888751	-0.030587539245	-0.0258893493566	0.0100908745317	-0.0578005460033	0.0320477862471	0.0285452736573	-0.0480459773731	0.0116558004158	0.0637439211317	-0.00218662058872	-0.0876237897817	0.0223160270986	0.038148867492	-0.0032081673658
k__Bacteria;p__Bacteroidetes;c__Bacteroidia;o__Bacteroidales;f__Bacteroidaceae;g__Bacteroides;s__Bacteroides_coprophilus	0.0107102251414	-0.0306861211492	0.00614291248907	0.0058311500686	-0.0212695032237	0.0362432493806	-0.0379085047021	-0.0539990562771	-0.0327462430941	-0.0290878461606	-0.0165634498614	-0.022027445766	0.0310394983831	0.00590728547775	-0.00650491256824	-0.0167992522572	0.0343042809042	0.0370747021424	-0.00200426478937	0.0369720472318	-0.0621447663723	-0.0177648977952	-0.0618314260285	-0.017569554175	0.0128931875138	1.0	-0.00435737960392	-0.0812850940519	0.0437802584518	0.0767012774173	-0.025484352632	-0.0100265185455	-0.00483617812381	-0.0168748403306	-0.00938076413444	-0.031769895111	0.0222174134702	0.0687091814133	-0.0619182212645	-0.00386317422246	0.00167129331749	0.0159162029352	0.015530768581	-0.022371510082	-0.0216964568137	0.0419686078156	-0.0087982645513	-0.00745532221591	0.0321897141314	0.0385324735135	-0.0331955016967	-0.019105771292	-0.0305850946622	0.035753329267	-0.0178218659274	-0.0501357347684	-0.0570621255751	-0.0276242001375	-0.00244561817072
k__Bacteria;p__Firmicutes;c__Clostridia;o__Clostridiales;f__Lachnospiraceae;g__Roseburia;s__Roseburia_intestinalis	0.0531591605831	-0.0468745950299	0.0575176595473	0.00441312655037	0.0349788837494	3.53143356637e-05	0.0506579199108	-0.0176897459117	0.0299643203249	-0.0484477667976	0.018153614806	0.00069974987212	0.0428113251177	-0.0352236029015	0.00434525614127	-0.0127936349825	-0.0043042856911	-0.0120441035045	0.0227938916899	0.00331665473795	-0.00935838913929	-0.085945340685	0.0381855221136	-0.00344386868905	-0.0227324896406	-0.00435737960392	1.0	-0.0205810566152	0.0723509956656	-0.020814765187	-0.00501790885036	-0.0336827726558	-0.0431876192856	-0.0535536804723	0.0185973428799	-0.0639995397675	-0.00360431262346	0.00350265038563	0.0440040857258	-0.0221319284156	-0.0864831518249	-0.0695872026603	0.0147744479223	-0.00391517418341	0.0229266650537	-0.0639799005269	-0.0133896291995	0.0442961154406	-0.0414236415362	-0.0502500972699	0.0239099755586	0.000801214575754	-0.0387418326249	-0.0171559576521	-0.0161316669981	-0.0198839718201	0.00609769613147	-0.0171449306197	0.0383081835559
k__Bacteria;p__Firmicutes;c__Clostridia;o__Clostridiales;f__Lachnospiraceae;g__Roseburia;s__Roseburia_hominis	0.00661101618762	0.0147700069364	0.010093305441	0.054659332362	0.0542483214459	-0.0276054350953	0.00330337406451	0.0268190760902	0.0138572269089	0.0238922306798	0.0479703880853	-0.000283896784518	0.0307007391315	0.0182869009244	-0.0152380802686	-0.0274892627157	-0.0186723798192	-0.0220203774757	-0.0198427564844	-0.0779387837924	0.0124915961816	-0.0467642886445	-0.060143251737	-0.0299172097629	-0.00522899884198	-0.0812850940519	-0.0205810566152	1.0	-0.0428658489651	-0.0622358233488	-0.0174717508067	0.0126678109569	-0.0132137636116	-0.0496198590117	-0.0173167365224	0.0167359587217	-0.0496321401504	-0.0113398658103	0.0115577753319	-0.0116197884942	0.00713848201138	0.034122315851	-0.0361101124379	0.00994789961188	-0.00265835910105	-0.0147328500613	-0.00783679222028	0.0593806024298	0.0184257377679	-0.0130888937235	0.0894634603381	-0.0206123912642	-0.094924112452	-0.0315139198391	0.0376693712722	-0.0133691988602	-0.0198855306264	-0.00121151643877	0.0231916787387
k__Bacteria;p__Bacteroidetes;c__Bacteroidia;o__Bacteroidales;f__Porphyromonadaceae;g__Parabacteroides;s__Parabacteroides_johnsonii	0.00354643815351	0.0362357337484	-0.0642618414237	0.0180434602704	-0.0687591316189	-0.0189590310374	-0.0192142795962	0.0101833770816	0.0263017335278	0.0110555644996	0.0160321076591	0.0100726962004	-0.0506390983762	0.0612177079013	0.0100462817378	-0.0128561164432	-0.00903881915813	-0.0133894062363	0.0372937215124	-0.0598868875232	-0.0260422540002	-0.00374128115054	0.000570615378106	0.0426157112615	0.0173109388586	0.0437802584518	0.0723509956656	-0.0428658489651	1.0	0.01217330697	0.0376663230166	0.0187738366608	0.0508974364455	0.00460475087064	0.00231754214444	0.0282794703157	-0.00493478552485	0.0240992321802	0.0177590081849	-0.0719958389408	-0.0307408249983	-0.0445248986941	-0.00136427454443	-0.074066522074	-0.00950193178984	-0.0283639932904	0.022865821371	0.0627934739881	-0.0412766463465	0.0904532735217	-0.0342622118786	-0.0266027705526	-0.0266828922967	-0.0534369552148	-0.0334248117731	0.0325208355065	0.00135416686756	-0.080399393078	-0.0266181167369
k__Bacteria;p__Actinobacteria;c__Actinobacteria;o__Bifidobacteriales;f__Bifidobacteriaceae;g__Bifidobacterium;s__Bifidobacterium_longum	-0.0126596355773	-0.040356437931	0.016282378448	-0.0279961373303	-0.0828907465195	-0.0158347137945	0.0217085994583	-0.0256825770686	-0.0124478763864	-0.0347989921464	-0.0348480296696	0.0698857312329	0.0151664650328	-0.0620851688998	0.0824491248822	0.00675449758308	0.0288927132043	-0.0231705425325	-0.0383370159266	-0.0198144874629	0.10516317111	0.00408326550265	-0.0461057882523	-0.0325755788496	0.0116152482526	0.0767012774173	-0.020814765187	-0.0622358233488	0.01217330697	1.0	0.0285846370307	-0.0210890512604	0.0192696019637	0.00328840051161	-0.0275473539504	0.00968471583081	-0.0350893044762	-0.0831664381218	-0.0733866245132	0.0268905387249	0.0438647246928	-0.00903368705885	-0.015879100667	0.011575205615	-0.00907825757393	-0.0455754633424	0.0461644478666	0.0134262742865	0.055429994294	-0.0347331576501	-0.0817613404123	0.0330130167424	-0.0176332472714	-0.0683943910898	0.0280040475383	0.0061201774591	-0.0424328176637	-0.0675275291832	0.0159113056244
