#taxonomy	k__Bacteria;p__Bacteroidetes;c__Bacteroidia;o__Bacteroidales;f__Bacteroidaceae;g__Bacteroides;s__Bacteroides_vulgatus	k__Bacteria;p__Bacteroidetes;c__Bacteroidia;o__Bacteroidales;f__Bacteroidaceae;g__Bacteroides;s__Bacteroides_uniformis	k__Bacteria;p__Bacteroidetes;c__Bacteroidia;o__Bacteroidales;f__Rikenellaceae;g__Alistipes;s__Alistipes_putredinis	k__Bacteria;p__Bacteroidetes;c__Bacteroidia;o__Bacteroidales;f__Prevotellaceae;g__Prevotella;s__Prevotella_copri	k__Bacteria;p__Bacteroidetes;c__Bacteroidia;o__Bacteroidales;f__Bacteroidaceae;g__Bacteroides;s__Bacteroides_stercoris	k__Bacteria;p__Bacteroidetes;c__Bacteroidia;o__Bacteroidales;f__Bacteroidaceae;g__Bacteroides;s__Bacteroides_ovatus	k__Bacteria;p__Bacteroidetes;c__Bacteroidia;o__Bacteroidales;f__Rikenellaceae;g__Alistipes;s__Alistipes_shahii	k__Bacteria;p__Firmicutes;c__Clostridia;o__Clostridiales;f__Ruminococcaceae;g__Faecalibacterium;s__Faecalibacterium_prausnitzii	k__Bacteria;p__Bacteroidetes;c__Bacteroidia;o__Bacteroidales;f__Rikenellaceae;g__Alistipes;s__Alistipes_finegoldii	k__Bacteria;p__Bacteroidetes;c__Bacteroidia;o__Bacteroidales;f__Porphyromonadaceae;g__Parabacteroides;s__Parabacteroides_distasonis	k__Bacteria;p__Bacteroidetes;c__Bacteroidia;o__Bacteroidales;f__Bacteroidaceae;g__Bacteroides;s__Bacteroides_thetaiotaomicron	k__Bacteria;p__Bacteroidetes;c__Bacteroidia;o__Bacteroidales;f__Bacteroidaceae;g__Bacteroides;s__Bacteroides_coprocola	k__Bacteria;p__Bacteroidetes;c__Bacteroidia;o__Bacteroidales;f__Bacteroidaceae;g__Bacteroides;s__Bacteroides_cellulosilyticus	k__Bacteria;p__Bacteroidetes;c__Bacteroidia;o__Bacteroidales;f__Rikenellaceae;g__Alistipes;s__Alistipes_obesi	k__Bacteria;p__Firmicutes;c__Clostridia;o__Clostridiales;f__Lachnospiraceae;g__;s__[Eubacterium]_rectale	k__Bacteria;p__Bacteroidetes;c__Bacteroidia;o__Bacteroidales;f__Bacteroidaceae;g__Bacteroides;s__Bacteroides_plebeius	k__Bacteria;p__Bacteroidetes;c__Bacteroidia;o__Bacteroidales;f__Bacteroidaceae;g__Bacteroides;s__Bacteroides_fragilis	k__Bacteria;p__Proteobacteria;c__Betaproteobacteria;o__Burkholderiales;f__Sutterellaceae;g__Sutterella;s__Sutterella_wadsworthensis	k__Bacteria;p__Bacteroidetes;c__Bacteroidia;o__Bacteroidales;f__Porphyromonadaceae;g__Barnesiella;s__Barnesiella_intestinihominis	k__Bacteria;p__Bacteroidetes;c__Bacteroidia;o__Bacteroidales;f__Odoribacteraceae;g__Odoribacter;s__Odoribacter_splanchnicus	k__Bacteria;p__Bacteroidetes;c__Bacteroidia;o__Bacteroidales;f__Bacteroidaceae;g__Bacteroides;s__Bacteroides_salyersiae	k__Bacteria;p__Firmicutes;c__Clostridia;o__Clostridiales;f__Ruminococcaceae;g__Ruminiclostridium;s__[Eubacterium]_siraeum	k__Bacteria;p__Proteobacteria;c__Betaproteobacteria;o__Burkholderiales;f__Sutterellaceae;g__Parasutterella;s__Parasutterella_excrementihominis	k__Bacteria;p__Actinobacteria;c__Actinobacteria;o__Bifidobacteriales;f__Bifidobacteriaceae;g__Bifidobacterium;s__Bifidobacterium_adolescentis	k__Bacteria;p__Firmicutes;c__Clostridia;o__Clostridiales;f__Oscillospiraceae;g__Oscillibacter;s__Oscillibacter_sp._KLE_1745	k__Bacteria;p__Bacteroidetes;c__Bacteroidia;o__Bacteroidales;f__Bacteroidaceae;g__Bacteroides;s__Bacteroides_coprophilus	k__Bacteria;p__Firmicutes;c__Clostridia;o__Clostridiales;f__Lachnospiraceae;g__Roseburia;s__Roseburia_intestinalis	k__Bacteria;p__Firmicutes;c__Clostridia;o__Clostridiales;f__Lachnospiraceae;g__Roseburia;s__Roseburia_hominis	k__Bacteria;p__Bacteroidetes;c__Bacteroidia;o__Bacteroidales;f__Porphyromonadaceae;g__Parabacteroides;s__Parabacteroides_johnsonii	k__Bacteria;p__Actinobacteria;c__Actinobacteria;o__Bifidobacteriales;f__Bifidobacteriaceae;g__Bifidobacterium;s__Bifidobacterium_longum	k__Bacteria;p__Firmicutes;c__Clostridia;o__Clostridiales;f__;g__Flavonifractor;s__Flavonifractor_plautii	k__Bacteria;p__Firmicutes;c__Clostridia;o__Clostridiales;f__Clostridiaceae;g__Clostridium;s__Clostridium_phoceensis	k__Bacteria;p__Verrucomicrobia;c__Verrucomicrobiae;o__Verrucomicrobiales;f__Akkermansiaceae;g__Akkermansia;s__Akkermansia_muciniphila	k__Bacteria;p__Bacteroidetes;c__Bacteroidia;o__Bacteroidales;f__Prevotellaceae;g__Paraprevotella;s__Paraprevotella_xylaniphila	k__Bacteria;p__Firmicutes;c__Clostridia;o__Clostridiales;f__Ruminococcaceae;g__Ruminococcus;s__Ruminococcus_callidus	k__Bacteria;p__Bacteroidetes;c__Bacteroidia;o__Bacteroidales;f__Rikenellaceae;g__Alistipes;s__Alistipes_senegalensis	k__Bacteria;p__Firmicutes;c__Clostridia;o__Clostridiales;f__Lachnospiraceae;g__Blautia;s__Blautia_sp._KLE_1732	k__Bacteria;p__Bacteroidetes;c__Bacteroidia;o__Bacteroidales;f__Bacteroidaceae;g__Bacteroides;s__Bacteroides_oleiciplenus	k__Bacteria;p__Firmicutes;c__Clostridia;o__Clostridiales;f__Ruminococcaceae;g__Ruminococcus;s__Ruminococcus_bicirculans	k__Bacteria;p__Bacteroidetes;c__Bacteroidia;o__Bacteroidales;f__Bacteroidaceae;g__Bacteroides;s__Bacteroides_fluxus	k__Bacteria;p__Bacteroidetes;c__Bacteroidia;o__Bacteroidales;f__Prevotellaceae;g__Prevotella;s__Prevotella_stercorea	k__Bacteria;p__Firmicutes;c__Clostridia;o__Clostridiales;f__Lachnospiraceae;g__Dorea;s__Dorea_longicatena	k__Bacteria;p__Firmicutes;c__Clostridia;o__Clostridiales;f__Eubacteriaceae;g__Eubacterium;s__[Eubacterium]_eligens	k__Bacteria;p__Firmicutes;c__Clostridia;o__Clostridiales;f__Ruminococcaceae;g__;s__Ruminococcaceae_bacterium_D16	k__Bacteria;p__Firmicutes;c__Clostridia;o__Clostridiales;f__Lachnospiraceae;g__Coprococcus;s__Coprococcus_comes	k__Bacteria;p__Proteobacteria;c__Gammaproteobacteria;o__Enterobacterales;f__Enterobacteriaceae;g__Escherichia;s__Escherichia_coli	k__Bacteria;p__Firmicutes;c__Clostridia;o__Clostridiales;f__Ruminococcaceae;g__Anaerotruncus;s__Anaerotruncus_colihominis	k__Bacteria;p__Firmicutes;c__Clostridia;o__Clostridiales;f__Lachnospiraceae;g__Blautia;s__Blautia_obeum	k__Bacteria;p__Bacteroidetes;c__Bacteroidia;o__Bacteroidales;f__Odoribacteraceae;g__Odoribacter;s__Odoribacter_laneus	k__Bacteria;p__Firmicutes;c__Clostridia;o__Clostridiales;f__Ruminococcaceae;g__Ruminiclostridium;s__[Clostridium]_leptum	k__Bacteria;p__Bacteroidetes;c__Bacteroidia;o__Bacteroidales;f__Porphyromonadaceae;g__Parabacteroides;s__Parabacteroides_goldsteinii	k__Bacteria;p__Firmicutes;c__Clostridia;o__Clostridiales;f__Lachnospiraceae;g__Anaerostipes;s__Anaerostipes_hadrus	k__Bacteria;p__Firmicutes;c__Clostridia;o__Clostridiales;f__Ruminococcaceae;g__Ruminococcus;s__Ruminococcus_lactaris	k__Bacteria;p__Firmicutes;c__Clostridia;o__Clostridiales;f__Clostridiaceae;g__Clostridium;s__Clostridium_sp._L2-50	k__Bacteria;p__Firmicutes;c__Clostridia;o__Clostridiales;f__Clostridiaceae;g__Clostridium;s__Clostridium_sp._M62/1	k__Bacteria;p__Firmicutes;c__Clostridia;o__Clostridiales;f__;g__Intestinimonas;s__Intestinimonas_butyriciproducens	k__Bacteria;p__Actinobacteria;c__Actinobacteria;o__Bifidobacteriales;f__Bifidobacteriaceae;g__Bifidobacterium;s__Bifidobacterium_bifidum	k__Bacteria;p__Firmicutes;c__Negativicutes;o__Veillonellales;f__Veillonellaceae;g__Dialister;s__Dialister_invisus	k__Bacteria;p__Bacteroidetes;c__Bacteroidia;o__Bacteroidales;f__Bacteroidaceae;g__Bacteroides;s__Bacteroides_salanitronis
k__Bacteria;p__Bacteroidetes;c__Bacteroidia;o__Bacteroidales;f__Bacteroidaceae;g__Bacteroides;s__Bacteroides_vulgatus	1.0	-0.0150418327756	0.0464093222585	-0.0755449998141	-0.0249091420061	0.0303361420146	-0.0264543964589	-0.0110766504099	-0.0152469713539	-0.0460999091534	-0.0517114832544	-0.0462292751992	0.0411310294153	-0.0406130554843	0.0332003438609	-0.00270970327266	-0.00311019165365	-0.0419023427055	0.0260454101403	-0.0039319294302	0.0596030613529	-0.028492141207	-0.0108499784081	0.00073126863929	0.0173170209292	-0.0115931194193	0.0036677179952	0.000675059935145	-0.0156723171977	-0.0294234323407	-0.00166714147746	0.0579313016461	-0.0622942458854	-0.0452699246824	-0.0122108347256	-0.0172479246903	-0.0630970786571	-0.0261160386065	-0.0152458165177	-0.0580434231876	-0.0318505625451	0.0151128737407	0.0133565414601	-0.0475235659053	-0.0199426067608	0.00384885376022	0.0394951967049	-0.0072068295204	-0.0499075233448	-0.00757696016906	-0.00116003353825	0.0250025681632	-0.0194995174287	0.00426228691392	0.0175107585024	-0.0150443873879	0.00693595336723	0.0177414810918	0.020640684019
k__Bacteria;p__Bacteroidetes;c__Bacteroidia;o__Bacteroidales;f__Bacteroidaceae;g__Bacteroides;s__Bacteroides_uniformis	-0.0150418327756	1.0	-0.058883961374	-0.0520186935704	0.0940997244326	-0.0347201742003	-0.0506669620828	0.00930705710055	-0.0695773734369	-0.0542502222364	0.00881246790465	0.0222466525635	-0.0315971039806	0.033096481486	-0.0321903074947	-0.0284267075221	0.00713311217689	-0.0564693690297	-0.0139727560646	0.0375835311088	0.00298262229154	0.0431662725595	0.0335141466133	0.0246358210859	0.00597228876905	0.0115789201775	-0.0139540570458	-0.0158451780641	0.0209782855573	-0.0242368142887	0.0419325871374	-0.0452403253932	0.0433594856204	0.0111844647634	0.0323994333588	-0.0249999360123	0.0250943465729	0.0125623458584	0.0429911068801	-0.0351806772698	-0.0169029399251	-0.0359649552866	-0.0389570003822	-0.0257286289018	0.029876655023	-0.00783212933245	0.0227368228774	0.0182881406776	0.00962486654859	-0.00975014309653	-0.00125958773784	-0.003166687622	-0.0063575065718	-0.0367612129859	0.0230029624088	-0.112716480491	-0.00040999062531	-0.067223781047	-0.0214776745632
k__Bacteria;p__Bacteroidetes;c__Bacteroidia;o__Bacteroidales;f__Rikenellaceae;g__Alistipes;s__Alistipes_putredinis	0.0464093222585	-0.058883961374	1.0	-0.0323912258378	-0.00265786692922	0.0396676289464	-0.0473085746689	0.0062922411698	-0.0725852860783	-0.0100520316262	-0.0108698372211	-0.0522432806946	0.0302035727254	0.0303095249786	-0.0112214865462	0.0751248255241	0.0139028176642	0.0211261412101	0.0042474718411	0.0220414403412	-0.0734581963814	0.00201189983893	0.0177038695908	-0.0461617912762	-0.0714320331818	-0.0327985217466	-0.0587221832126	-0.00746732360124	-0.0867923122999	-0.0408609828205	0.0447960617443	-0.0195229266182	-0.0159913259105	0.00845225511499	0.00444310597231	-0.0359128798012	-0.0196752409995	-0.0321334001742	0.0151304810109	0.0530657689167	0.0721544900482	-0.0126390063144	-0.0627480313205	-0.0768070273494	-0.0146336493932	0.0115581368229	-0.0384822994311	0.00258930530054	-0.00276841266494	0.0662246054373	0.0251633795567	-0.0107725291908	-0.0517341368712	-0.0134475073506	0.0409327220385	-0.00945105203782	-0.00885211942112	-0.0230063088252	0.0194809010588
k__Bacteria;p__Bacteroidetes;c__Bacteroidia;o__Bacteroidales;f__Prevotellaceae;g__Prevotella;s__Prevotella_copri	-0.0755449998141	-0.0520186935704	-0.0323912258378	1.0	-0.0122683007762	-0.0388027272362	-0.00739626739887	0.00882335588223	-0.0779478960003	-0.0509167150008	0.0175845272298	0.0172761692268	0.00564769852872	-0.0312928158224	-0.0179329544938	-0.0195557351898	-0.0388884755728	0.0112209910625	0.0163678953871	0.0105799024271	-0.0388112394981	-0.0342822875795	-0.00402097219869	0.0210578166985	-0.012595521375	-0.0078278551376	0.0203301317121	0.0405789384597	0.0347852892028	-0.0311035171836	-0.0153144843704	0.0259378363633	-0.0478384221889	-0.000895385855575	-0.00843149714176	-0.0369102989675	-0.0281693317628	-0.0476551815691	-0.00821815483198	-0.00920050807916	-0.0637176444025	0.012554883688	0.0316448667565	-0.0452452222931	-0.013038409073	0.0536172251841	-0.052796150071	-0.0486235211727	0.0313307557474	-0.0359901724479	0.00993029464306	-0.00762696215945	0.0344380109142	-0.00232666794717	0.00832823290952	-0.0162917896318	-0.0348686031017	0.0160440831959	-0.0278941045615
k__Bacteria;p__Bacteroidetes;c__Bacteroidia;o__Bacteroidales;f__Bacteroidaceae;g__Bacteroides;s__Bacteroides_stercoris	-0.0249091420061	0.0940997244326	-0.00265786692922	-0.0122683007762	1.0	-0.0479680756044	-0.0513560200556	-0.0565580276239	0.0172758373707	-0.00646303231512	-0.0433654276053	-0.0128815879585	0.0266494396412	0.0151763722487	0.0176404341732	0.00181675766484	0.0210768619947	-0.0207118846819	-0.0604953142046	-0.00507591637788	-0.00720410543379	0.0424175459158	-0.0331578778477	-0.00657661928777	-0.00515861106313	0.0348405803596	0.00794049520836	-0.0829298758723	0.0294119253562	0.0265964952975	0.00307590221161	0.00913621155525	0.00221832846736	-0.0303282908155	0.0031591025427	-0.00219227223027	-0.0246567237184	-0.00318081565476	0.0102644102244	-0.020021221132	-0.104965620382	-0.0521812501915	0.0223950351275	-0.0117513661372	0.0265015056445	-0.0286376709743	-0.0933462757897	0.0520341461056	-0.037903749915	0.0126356074786	-0.0560754453845	-0.00865308457223	0.00280806143751	-0.0402926016091	0.0318690244665	0.00797938077275	-0.0422435288912	0.0360702430343	-0.0143034421494
k__Bacteria;p__Bacteroidetes;c__Bacteroidia;o__Bacteroidales;f__Bacteroidaceae;g__Bacteroides;s__Bacteroides_ovatus	0.0303361420146	-0.0347201742003	0.0396676289464	-0.0388027272362	-0.0479680756044	1.0	-0.00736707490779	-0.00646108681508	0.0325523732229	-0.0164888943217	0.0223806293349	-0.0459990909652	-0.0200186219069	-0.0409664556248	0.00311351642358	-0.0276037944969	-0.0172138984764	-0.00853630389946	-0.0893464593085	0.0202278840591	0.02556101189	-0.00962168836867	-0.0252462851943	-0.0375456107405	-0.0135438106893	-0.026408205027	-0.0621270189567	0.0286749709324	-0.0143840212908	0.0585356572395	0.0103753377423	-0.0562452354086	-0.00556497804427	0.0172278294502	-0.0487931306258	0.00175055546846	-0.0421732989956	-0.000955606930832	-0.00757053732755	0.00591443044901	0.0487738859173	-0.0543046194824	-0.0251583490335	0.00361697256621	-0.0166396304027	0.0640572063185	-0.00989129234771	0.0102441443053	-0.0718030099037	0.00454467217901	0.0198558208224	0.0078493218129	-0.00340367813271	-0.0013643286481	0.0198696200552	0.00184106790097	0.0334148966028	-0.020344437431	-0.0542916752646
k__Bacteria;p__Bacteroidetes;c__Bacteroidia;o__Bacteroidales;f__Rikenellaceae;g__Alistipes;s__Alistipes_shahii	-0.0264543964589	-0.0506669620828	-0.0473085746689	-0.00739626739887	-0.0513560200556	-0.00736707490779	1.0	-0.06820183676	-0.0300493417938	0.025421467573	0.00331713694545	-0.0170518655113	0.0240760654028	-0.0258680065939	-0.00932197124524	0.0856460281737	-0.0624694250456	-0.0417642585187	0.0100243511503	0.0486626931086	-0.00058480330374	-0.0295290702404	0.0493201470378	-0.0154064499187	0.0305592215828	0.000673939296499	0.000435235796345	-0.0184215330026	-0.0417643965712	-0.0591159383522	0.0203721601072	0.0767928822241	0.0222783933229	0.0139886774707	-0.00277893408865	-0.0497578423636	0.00831483413422	0.0158912962766	-0.0179628847027	0.00462635171445	0.0165456088486	-0.0237130186954	-0.0546259279783	0.0199839271149	-0.0113631060965	-0.0253908170361	-0.0608071722027	-0.0195877823198	0.0481773011675	-0.0226047283421	-0.0662349930069	0.0270485502617	0.0624448147353	0.000380223264272	-0.00356675089363	0.00548456893029	-0.0640147473357	0.00438571973247	0.0304525397586
k__Bacteria;p__Firmicutes;c__Clostridia;o__Clostridiales;f__Ruminococcaceae;g__Faecalibacterium;s__Faecalibacterium_prausnitzii	-0.0110766504099	0.00930705710055	0.0062922411698	0.00882335588223	-0.0565580276239	-0.00646108681508	-0.06820183676	1.0	-0.0371219969433	-0.0524610509281	0.0367774214401	-0.0108352170242	-0.0369609129488	-0.000757768501983	-0.055631519271	-0.00131875202978	-0.0108687964915	-0.0111367698652	-0.000910912892867	-0.0732160056597	0.0444022694964	-0.0184980629165	0.00974214018172	0.00213704259514	-0.034705766541	0.0278214847583	-0.0107881981398	-0.0502461743214	-0.041101431998	-0.0483355527324	-0.0634622538298	-0.0203533660926	0.0129745601528	0.0168962303405	0.00613593699628	-0.0107600834478	-0.0314380777878	0.0183081710336	0.035264802431	-0.0123942136993	-0.0233425193491	0.00718460030576	-0.013183750333	-0.0126346333525	0.0122978366822	0.00473506051275	0.0266354704887	-0.0112237214041	0.0293100108167	-0.0332140962581	0.0415802497476	-0.029190212995	0.0228936259758	0.0185905399882	0.0152593629618	-0.0555308460412	-0.0272037625641	-0.0140183010846	-0.00742029625214
k__Bacteria;p__Bacteroidetes;c__Bacteroidia;o__Bacteroidales;f__Rikenellaceae;g__Alistipes;s__Alistipes_finegoldii	-0.0152469713539	-0.0695773734369	-0.0725852860783	-0.0779478960003	0.0172758373707	0.0325523732229	-0.0300493417938	-0.0371219969433	1.0	-0.0369479991983	0.114190832545	0.0285816611775	0.00954906160823	0.0333734020467	-0.0769807070614	-0.0641940370092	-0.0305527211331	-0.0107088884667	0.018028588864	-0.0193546802002	-0.033018405926	0.00665911063905	-0.0382305277992	-0.0476851381731	-0.0138925063927	0.0577993858252	-0.00248298902866	-0.0288147040475	-0.0899591984733	-0.0269697269415	-0.0101284259442	-0.0169347687729	0.0145280278291	-0.00193461046776	0.00943762760218	-0.0136152329388	-0.0553748887213	0.0427821580876	-0.0441888242504	-0.00317251229584	-0.100428072755	-0.0369703572695	-0.0176691970079	0.0626425558921	-0.00893536450475	-0.00290202896564	0.0349369692586	0.00733011812706	0.023214353593	-0.0701573127287	0.0292689663155	0.0393685895025	-0.0552011479355	0.0124332791411	0.0342449663082	-0.0119391685473	-0.0288221185225	0.0190144547019	0.00986000356442
k__Bacteria;p__Bacteroidetes;c__Bacteroidia;o__Bacteroidales;f__Porphyromonadaceae;g__Parabacteroides;s__Parabacteroides_distasonis	-0.0460999091534	-0.0542502222364	-0.0100520316262	-0.0509167150008	-0.00646303231512	-0.0164888943217	0.025421467573	-0.0524610509281	-0.0369479991983	1.0	-0.026415395997	0.00142699145348	-0.0225291390605	-0.0043175103583	-0.01987067731	0.0570842054823	0.00680191358629	-0.0510952735336	0.0267970346888	-0.0240067218557	0.0238354937278	-0.00673985473762	-0.00761684719776	0.025041768199	-0.0101809431485	0.00659704231713	-0.0216815984015	-0.0594389749777	-0.00224020823653	-0.0389618933015	-0.00858434846571	0.0263675116538	-0.0944392170273	0.0143540392061	0.0162475199036	-0.00144392798397	-0.0194940554401	-0.0195597186873	0.00528648643775	-0.0309041774085	0.0545543040358	0.0366774632668	0.0281366761324	0.0149355074939	-0.00492411168907	-0.0286910057127	-0.0530036445656	0.0384797012579	0.0296808273953	-0.00870358194179	0.0313405144902	-0.0478504205295	-0.0577003112675	-0.0254727984102	0.0216428341288	0.0721953380902	-0.0421823019555	-0.0137737434757	-0.0272696508643
k__Bacteria;p__Bacteroidetes;c__Bacteroidia;o__Bacteroidales;f__Bacteroidaceae;g__Bacteroides;s__Bacteroides_thetaiotaomicron	-0.0517114832544	0.00881246790465	-0.0108698372211	0.0175845272298	-0.0433654276053	0.0223806293349	0.00331713694545	0.0367774214401	0.114190832545	-0.026415395997	1.0	0.0298584878744	0.00390094147078	-0.0544788813329	-0.0305807408116	-0.0563906929164	-0.0133398676536	0.0400649196528	0.0246033001251	-0.0054491196679	-0.0759635470718	-0.0067736709997	0.037243595558	-0.0699518128013	-0.0164773623767	0.0119767154316	-0.0558367222372	-0.0320441632973	-0.0478402812501	0.0119530892232	-0.0124394768137	0.0098484223437	-0.0527130828276	-0.0174679974037	-0.00813955280862	-0.00260655883458	-0.0150168573963	-0.032064459586	-0.0310650736637	0.031640958703	0.00865609857447	-0.0205632785149	0.0265937249597	0.0577060926283	0.00447810573398	-0.0451853052492	0.05203522396	-0.0432109981215	0.0657151296332	-0.0649363115272	-0.0365498313942	-0.0141799646423	0.014819362694	0.00388392182417	-0.0459945267395	-0.0218716610684	0.00376636191587	-0.010234582785	0.0297890751226
k__Bacteria;p__Bacteroidetes;c__Bacteroidia;o__Bacteroidales;f__Bacteroidaceae;g__Bacteroides;s__Bacteroides_coprocola	-0.0462292751992	0.0222466525635	-0.0522432806946	0.0172761692268	-0.0128815879585	-0.0459990909652	-0.0170518655113	-0.0108352170242	0.0285816611775	0.00142699145348	0.0298584878744	1.0	-0.0299463888897	0.0278796452361	-0.0359067313885	-0.0487688478844	-0.0489988358909	-0.0441825818257	0.00953045963601	0.0690376366959	-0.0674051043496	0.0574312405321	-0.0151887952551	0.0506444091668	-0.0403080312813	-0.045361328525	0.0173300200736	-0.0556915104329	-0.0174635336514	0.00136075032811	0.00991556560429	-0.016748629653	-0.00239574993983	-0.0119614717802	-0.0160963446905	0.0176748070176	-0.0150794998617	-0.0252124280009	0.00255341780845	0.045648464374	0.0190167035755	-0.0385721527432	-0.0362778253463	-0.0620575893058	-0.0190405687761	-0.0309895918784	-0.0372476624661	-0.0304467952243	0.0103276067322	-0.026193861622	-0.00662506339014	0.0552083900167	-0.0521651988003	-0.0195080344098	-0.014934093756	0.0243786394665	0.0424017127252	0.0267306248297	-0.0604509945291
k__Bacteria;p__Bacteroidetes;c__Bacteroidia;o__Bacteroidales;f__Bacteroidaceae;g__Bacteroides;s__Bacteroides_cellulosilyticus	0.0411310294153	-0.0315971039806	0.0302035727254	0.00564769852872	0.0266494396412	-0.0200186219069	0.0240760654028	-0.0369609129488	0.00954906160823	-0.0225291390605	0.00390094147078	-0.0299463888897	1.0	0.0205581947826	0.0198821004519	0.0312355583422	0.00792604883723	-0.0388765157664	-0.0306073535287	-0.0164103512237	0.0310589353837	-0.00843282664873	-0.0438223328075	0.034709342688	-0.0152269520283	-0.0419566518747	-0.0164094665197	0.0287902154182	-0.0144044338752	0.00566352461538	0.0184475859617	-0.00159345851488	-0.0449028794301	-0.0152763008561	-0.0518573659152	0.0166854193014	-0.0171367675799	0.0827030114211	-0.0908940541733	0.0374163932052	-0.0204729552829	-0.00898452936165	-0.0480634811453	-0.054464952145	0.0136232927441	-0.0177995265663	-0.0189628750957	-0.0223658277553	-0.0657607443464	-0.0844607553001	0.00285208085115	-0.0260442153128	-0.0117377764801	-0.0164413008761	0.0201163660498	-0.0385842494003	0.0217269265261	-0.0190142029266	-0.0212779003312
k__Bacteria;p__Bacteroidetes;c__Bacteroidia;o__Bacteroidales;f__Rikenellaceae;g__Alistipes;s__Alistipes_obesi	-0.0406130554843	0.033096481486	0.0303095249786	-0.0312928158224	0.0151763722487	-0.0409664556248	-0.0258680065939	-0.000757768501983	0.0333734020467	-0.0043175103583	-0.0544788813329	0.0278796452361	0.0205581947826	1.0	0.00881310456873	-0.00169910857873	0.0292178929834	-0.0101575349933	-0.0832560421084	-0.0222396672826	-0.0721483984169	0.0368761482305	-0.0136211550214	0.0074274250235	0.0386269070227	0.0339625145467	0.0232043893034	0.068572463925	-0.0433279072388	-0.00706386498972	0.0384992492858	-0.0187933943447	-0.0333100476855	-0.0648207914733	-0.0583061327053	0.00790193861097	-0.00248674111077	-0.0954318315579	-0.00261751872979	0.0029447057733	0.00758122407891	-0.0277007158982	-0.0313109186216	0.0286850592281	-0.0181418358572	0.0422047545621	-0.0326186593675	-0.0685892473349	0.0368997378867	0.0234572583298	-0.00242393814425	-0.0325898855999	0.0178573101958	0.00128675981777	0.0480661316188	0.00938363728426	-0.0414301989053	-0.0346050964711	-0.120094067721
k__Bacteria;p__Firmicutes;c__Clostridia;o__Clostridiales;f__Lachnospiraceae;g__;s__[Eubacterium]_rectale	0.0332003438609	-0.0321903074947	-0.0112214865462	-0.0179329544938	0.0176404341732	0.00311351642358	-0.00932197124524	-0.055631519271	-0.0769807070614	-0.01987067731	-0.0305807408116	-0.0359067313885	0.0198821004519	0.00881310456873	1.0	-0.0190634342692	-0.0418755807061	-0.0197522365256	-0.00991107528476	0.0237017648673	0.0470514187427	-0.00722218834377	-0.0221906730274	0.00317945287702	-0.042876321374	-0.00800975043679	0.000234967719063	-0.0236237831682	0.000722115588407	0.031856880053	-0.0775974282218	0.00499569976177	-0.0381833716398	-0.0104006834576	-0.0565267659406	0.0227953906251	-0.00873557092285	-0.0656794354433	0.0308678145339	0.0362230396456	0.0589600298962	0.0145332007806	-0.00853742986249	0.0375490897369	-0.0306757964279	-0.000839090110204	0.00205065305798	0.00895422514134	0.014489794145	-0.00322963593807	-0.0193361625487	0.0279226387179	0.0267459346302	-0.00414298366802	0.00049216273111	-0.0114071930761	0.0173083285071	-0.00718951279286	0.0565470738379
k__Bacteria;p__Bacteroidetes;c__Bacteroidia;o__Bacteroidales;f__Bacteroidaceae;g__Bacteroides;s__Bacteroides_plebeius	-0.00270970327266	-0.0284267075221	0.0751248255241	-0.0195557351898	0.00181675766484	-0.0276037944969	0.0856460281737	-0.00131875202978	-0.0641940370092	0.0570842054823	-0.0563906929164	-0.0487688478844	0.0312355583422	-0.00169910857873	-0.0190634342692	1.0	-0.012570270812	0.0437642711948	-0.0524854595203	0.00881254965006	-0.0277757581196	-0.0145145170977	0.0162397077417	0.0169653113775	-0.0325189701587	-0.0558227319302	-0.002696593029	0.0269674718579	0.0184524817756	0.0126704228009	-0.0361460673146	0.0101198806949	0.0173671208513	-0.0786142059162	0.00463160701916	-0.0604255721187	-0.0307956357248	-0.00258566741889	-0.0327568433304	0.00533189342108	-0.0192143560023	-0.0477354597413	0.000122532090915	-0.0246986753085	-0.0666485270022	-0.0229577971601	-0.0746643523467	-0.0343311255514	-0.00144979879314	0.0191155618334	-0.0622790275894	-0.0224182573651	-0.0545193666108	0.0528450419511	-0.019832075013	-0.0153305327195	-0.0105544008814	-0.0259840343013	-0.0172588310029
k__Bacteria;p__Bacteroidetes;c__Bacteroidia;o__Bacteroidales;f__Bacteroidaceae;g__Bacteroides;s__Bacteroides_fragilis	-0.00311019165365	0.00713311217689	0.0139028176642	-0.0388884755728	0.0210768619947	-0.0172138984764	-0.0624694250456	-0.0108687964915	-0.0305527211331	0.00680191358629	-0.0133398676536	-0.0489988358909	0.00792604883723	0.0292178929834	-0.0418755807061	-0.012570270812	1.0	0.0466922123741	-0.0246682818609	-0.0124749682421	-0.0176577560823	-0.0569841754487	-0.0212873626131	0.0403943494283	0.0203834370096	-0.00666564939104	-0.0706901918884	-0.038578883521	0.0128618292756	0.0249781389447	0.0170603285088	-0.0571208282529	-0.0335099550172	-0.0812724848583	-0.0182614227582	0.00722813140952	-0.0241774248463	0.0734768000866	-0.0422391845322	-0.0331043596463	-0.0713944991498	0.0117029881013	0.00736369149432	0.0207581258454	-0.0874857110424	0.0471465957195	0.012652538101	-0.00504392257399	-0.00253755207596	-0.0375979276119	-0.0245736292393	-0.0164027397207	-0.00801556137228	0.0207183880023	-0.0800014816314	-0.0426431205762	-0.0219714695582	-0.0113275545493	-0.0560960007025
k__Bacteria;p__Proteobacteria;c__Betaproteobacteria;o__Burkholderiales;f__Sutterellaceae;g__Sutterella;s__Sutterella_wadsworthensis	-0.0419023427055	-0.0564693690297	0.0211261412101	0.0112209910625	-0.0207118846819	-0.00853630389946	-0.0417642585187	-0.0111367698652	-0.0107088884667	-0.0510952735336	0.0400649196528	-0.0441825818257	-0.0388765157664	-0.0101575349933	-0.0197522365256	0.0437642711948	0.0466922123741	1.0	-0.0278294814887	-0.0452597318677	-0.0453790186795	0.0214116101603	0.0433005969952	0.00368997555458	-0.0716465866865	-0.0137809618451	0.0608516710384	-0.0241292273609	-0.0266891168176	0.0291196919823	0.00242775057507	0.0169320134771	-0.0530149059705	0.0671205893952	-0.0558947094555	0.00603161957065	0.0414225943424	0.0512781351096	-0.0679382273215	-0.00881070974323	0.00833386737643	0.0215212731058	-0.0142224502362	0.0502356089844	0.0293964686925	-0.0189623156725	-0.0326892105906	0.00101336465565	0.0112230962226	-0.00100257486148	-0.0460242398367	-0.00703836836742	0.00236080091353	-0.0568048485146	-0.0258267816183	-0.0710640171323	-0.00469112009027	-0.0171921038612	-0.0159042303063
k__Bacteria;p__Bacteroidetes;c__Bacteroidia;o__Bacteroidales;f__Porphyromonadaceae;g__Barnesiella;s__Barnesiella_intestinihominis	0.0260454101403	-0.0139727560646	0.0042474718411	0.0163678953871	-0.0604953142046	-0.0893464593085	0.0100243511503	-0.000910912892867	0.018028588864	0.0267970346888	0.0246033001251	0.00953045963601	-0.0306073535287	-0.0832560421084	-0.00991107528476	-0.0524854595203	-0.0246682818609	-0.0278294814887	1.0	-0.0235551906245	0.00263553238671	0.0188400850819	-0.0615749087838	-0.083434406178	-0.021573130864	-0.02887235807	-0.0630442305127	-0.0218568944706	-0.00754596403335	-0.0561391446379	-0.026615875966	0.00111784420565	-0.0448000046062	-0.00362191749261	0.0292233484827	-0.0200998500044	0.00928130852223	-0.0460099162908	0.0532972476228	-0.0234050145479	-0.00781098159528	-0.0253492518286	0.0270986023009	-0.0187136416396	-0.00179153491557	-0.0417768398432	0.0273973215599	-0.033865358327	0.0446363620176	-0.0336244917899	0.0173898300355	0.0759404462631	0.0477901553289	-0.0398133450487	-0.000878164829835	0.0426676339218	0.0234644671714	0.0660940874315	0.0206324520494
k__Bacteria;p__Bacteroidetes;c__Bacteroidia;o__Bacteroidales;f__Odoribacteraceae;g__Odoribacter;s__Odoribacter_splanchnicus	-0.0039319294302	0.0375835311088	0.0220414403412	0.0105799024271	-0.00507591637788	0.0202278840591	0.0486626931086	-0.0732160056597	-0.0193546802002	-0.0240067218557	-0.0054491196679	0.0690376366959	-0.0164103512237	-0.0222396672826	0.0237017648673	0.00881254965006	-0.0124749682421	-0.0452597318677	-0.0235551906245	1.0	-0.00678505866856	-0.0328998264401	-0.00627469273402	0.0439434829461	-0.00308913374581	-0.00315859011645	-0.0424654338066	-0.0414680580782	0.0590900327901	0.0123225477681	0.00843855460147	-0.00708737263049	-0.0149123908448	-0.020468220517	-0.0622941370691	0.0285705842454	0.0305026791193	-0.0139364654913	-0.0390941409564	-0.0545357853879	0.0554340351551	-0.0074671165158	0.0608701220729	-0.0160112504823	-0.0139947518346	-0.00179381215109	-0.0681353943666	-0.0293362058634	0.00482119637681	0.0138776559014	-0.0121358409828	-0.0359461186582	0.0270959750982	-0.0463402709095	-0.00231470100397	0.0209939596148	-0.0235554615216	-0.019704410745	0.0209391014564
k__Bacteria;p__Bacteroidetes;c__Bacteroidia;o__Bacteroidales;f__Bacteroidaceae;g__Bacteroides;s__Bacteroides_salyersiae	0.0596030613529	0.00298262229154	-0.0734581963814	-0.0388112394981	-0.00720410543379	0.02556101189	-0.00058480330374	0.0444022694964	-0.033018405926	0.0238354937278	-0.0759635470718	-0.0674051043496	0.0310589353837	-0.0721483984169	0.0470514187427	-0.0277757581196	-0.0176577560823	-0.0453790186795	0.00263553238671	-0.00678505866856	1.0	-0.0515499965514	-0.0152422004674	-0.0162238875951	0.0518568582649	-0.0366997993022	-0.0333755518305	-0.0219020845165	-0.0103453787712	-0.0161781330496	0.00912519651112	-0.0147484333144	0.0236730827504	-0.000979026360884	-0.0715269907753	0.0185558756217	-0.104659405955	0.0291273680094	-0.038155126875	-0.00270800430294	-0.00659025542232	-0.00115938645981	0.040104304311	-0.0381320774487	-0.0689320333608	-0.0295226275628	0.0215079389566	-0.0676063820756	-0.0495207135643	0.0124586359414	0.00609602213081	-0.000520798866192	-0.0217820037422	-0.0279510879728	-0.0294900617525	-0.0198441441737	-0.0172499063883	-0.0595343525301	-0.014165995674
k__Bacteria;p__Firmicutes;c__Clostridia;o__Clostridiales;f__Ruminococcaceae;g__Ruminiclostridium;s__[Eubacterium]_siraeum	-0.028492141207	0.0431662725595	0.00201189983893	-0.0342822875795	0.0424175459158	-0.00962168836867	-0.0295290702404	-0.0184980629165	0.00665911063905	-0.00673985473762	-0.0067736709997	0.0574312405321	-0.00843282664873	0.0368761482305	-0.00722218834377	-0.0145145170977	-0.0569841754487	0.0214116101603	0.0188400850819	-0.0328998264401	-0.0515499965514	1.0	0.0362812577824	-0.0221782953659	-0.0414296012719	0.0618289086286	-0.00746612269249	-0.0149701306929	-0.0379334919182	-0.0340390912382	-0.0894951404196	-0.073782922961	0.0291108716056	0.0449462991946	0.00592424463924	-0.0307516326377	-0.0575227497554	0.000789791877184	-0.0489319072928	-0.0290278158278	0.00423447832179	-0.0719330271842	0.0116327337833	0.00457124347536	0.0264015255101	-0.000128128453381	0.0242931776646	-0.0168293819524	0.0242964253274	-0.00809498629992	-0.0439609778655	-0.0700191528071	0.00446831096599	-0.0341904349804	-0.00596637777173	0.0233114594856	0.0138230055823	-0.00633097195492	-0.0352870617278
k__Bacteria;p__Proteobacteria;c__Betaproteobacteria;o__Burkholderiales;f__Sutterellaceae;g__Parasutterella;s__Parasutterella_excrementihominis	-0.0108499784081	0.0335141466133	0.0177038695908	-0.00402097219869	-0.0331578778477	-0.0252462851943	0.0493201470378	0.00974214018172	-0.0382305277992	-0.00761684719776	0.037243595558	-0.0151887952551	-0.0438223328075	-0.0136211550214	-0.0221906730274	0.0162397077417	-0.0212873626131	0.0433005969952	-0.0615749087838	-0.00627469273402	-0.0152422004674	0.0362812577824	1.0	-0.0273329836576	0.024557889683	0.0861639712413	-0.0375156629912	-0.0091903079352	-0.0296746578586	0.0418386550324	-0.0521479504262	-0.00800566490162	-0.00709364745617	-0.0443860409929	-0.00655808440223	-0.0392850699808	-0.0101210032591	-0.0502588705895	-0.0168571930607	-0.0318314152222	-0.108220267317	0.0298515187168	-0.020814279169	-0.0180314817882	-0.0279365497792	0.0345867078316	0.0465274085953	-0.0478591169856	0.0499431522863	-0.0157414144138	0.00399956814641	-0.030657249095	-0.0122583946993	0.0697338154377	-0.0394736822145	0.0328734464309	0.0295116513405	-0.0467064508906	-0.0506239113268
k__Bacteria;p__Actinobacteria;c__Actinobacteria;o__Bifidobacteriales;f__Bifidobacteriaceae;g__Bifidobacterium;s__Bifidobacterium_adolescentis	0.00073126863929	0.0246358210859	-0.0461617912762	0.0210578166985	-0.00657661928777	-0.0375456107405	-0.0154064499187	0.00213704259514	-0.0476851381731	0.025041768199	-0.0699518128013	0.0506444091668	0.034709342688	0.0074274250235	0.00317945287702	0.0169653113775	0.0403943494283	0.00368997555458	-0.083434406178	0.0439434829461	-0.0162238875951	-0.0221782953659	-0.0273329836576	1.0	0.0445430086631	-0.018184367403	0.0385572019325	-0.0185009576819	0.0247472784874	-0.0244813433096	-0.0171965549899	0.0230438894387	0.0185297145949	-0.0870349603705	-0.0946566129402	-0.055303178948	0.0289137808962	-0.0225799887552	-0.0248191139376	-0.0770126320131	-0.0840728299252	0.00384719064298	0.00406639875144	0.0100154063122	0.00890245356286	-0.031710367977	0.0106130457343	0.00443293321941	0.0086543417306	0.0145651418386	-0.00384832927211	-0.00368149246197	0.016474224574	0.0469627970734	0.00154256239612	0.0548114704664	-0.0151047908534	-0.0476501180922	0.0021577415457
k__Bacteria;p__Firmicutes;c__Clostridia;o__Clostridiales;f__Oscillospiraceae;g__Oscillibacter;s__Oscillibacter_sp._KLE_1745	0.0173170209292	0.00597228876905	-0.0714320331818	-0.012595521375	-0.00515861106313	-0.0135438106893	0.0305592215828	-0.034705766541	-0.0138925063927	-0.0101809431485	-0.0164773623767	-0.0403080312813	-0.0152269520283	0.0386269070227	-0.042876321374	-0.0325189701587	0.0203834370096	-0.0716465866865	-0.021573130864	-0.00308913374581	0.0518568582649	-0.0414296012719	0.024557889683	0.0445430086631	1.0	-0.0130661294774	-0.0433926776544	-0.0276920001007	-0.0140266662904	0.0306761554594	-0.00955418740925	0.000628903030997	0.0126778847327	-0.0302867164696	0.0639938351932	-0.0566117525587	0.0134176866746	-0.0189621786101	-0.0484067096281	-0.0169058412425	0.00904883650013	-0.0122831834479	0.0501451878908	0.0354412447427	-0.046220619166	0.0242494152799	0.00465888010885	0.0535549863504	0.0760907206537	0.0273199706833	0.00264581821569	0.00519619371988	0.023672275673	0.0221543095183	-0.00948243490482	-0.0893713800563	-0.00959492369422	0.0472388663178	0.0352862446793
k__Bacteria;p__Bacteroidetes;c__Bacteroidia;o__Bacteroidales;f__Bacteroidaceae;g__Bacteroides;s__Bacteroides_coprophilus	-0.0115931194193	0.0115789201775	-0.0327985217466	-0.0078278551376	0.0348405803596	-0.026408205027	0.000673939296499	0.0278214847583	0.0577993858252	0.00659704231713	0.0119767154316	-0.045361328525	-0.0419566518747	0.0339625145467	-0.00800975043679	-0.0558227319302	-0.00666564939104	-0.0137809618451	-0.02887235807	-0.00315859011645	-0.0366997993022	0.0618289086286	0.0861639712413	-0.018184367403	-0.0130661294774	1.0	-0.0196302251869	0.00425933019631	-0.0864491541315	0.0671171291436	0.00172011811068	-0.0630047618038	0.0127519860161	-0.0242219484693	0.0155769036507	0.0129242672411	-0.00745551195559	0.0420792383189	-0.0205155436224	0.0323523653794	-0.0155356429487	-0.0272559926628	-0.0531612780365	-0.0521363486009	0.0189921090354	-0.00666844775369	0.0435082997468	0.00117229762935	0.0254375988853	-0.0732811684411	0.0165212188823	-0.062640731385	-0.0134126108683	0.0149020889978	-0.0484456307628	-0.0119400566365	-0.0685921342206	-0.0419579130786	0.0328462155236
k__Bacteria;p__Firmicutes;c__Clostridia;o__Clostridiales;f__Lachnospiraceae;g__Roseburia;s__Roseburia_intestinalis	0.0036677179952	-0.0139540570458	-0.0587221832126	0.0203301317121	0.00794049520836	-0.0621270189567	0.000435235796345	-0.0107881981398	-0.00248298902866	-0.0216815984015	-0.0558367222372	0.0173300200736	-0.0164094665197	0.0232043893034	0.000234967719063	-0.002696593029	-0.0706901918884	0.0608516710384	-0.0630442305127	-0.0424654338066	-0.0333755518305	-0.00746612269249	-0.0375156629912	0.0385572019325	-0.0433926776544	-0.0196302251869	1.0	0.0686723038882	-0.0318858067767	-0.0123317769709	-0.00975362707483	0.00501741052924	0.0343157100329	-0.0329070743578	0.031995200723	-0.0527009245208	0.00513377915616	0.0426856846502	-0.00808125988372	-0.0631146935477	-0.0547741384514	-0.00331386547658	-0.00176177622574	-0.0346321372782	-0.0479952457156	0.0140581047817	-0.00986509168876	-0.0120129686934	0.0247648429152	0.026318602079	0.00815041045302	-0.0288311936264	-0.0492930230732	-0.021087799333	0.0343407993582	-0.0357346391767	0.0390952349252	-0.0176044738483	-0.0273658209066
k__Bacteria;p__Firmicutes;c__Clostridia;o__Clostridiales;f__Lachnospiraceae;g__Roseburia;s__Roseburia_hominis	0.000675059935145	-0.0158451780641	-0.00746732360124	0.0405789384597	-0.0829298758723	0.0286749709324	-0.0184215330026	-0.0502461743214	-0.0288147040475	-0.0594389749777	-0.0320441632973	-0.0556915104329	0.0287902154182	0.068572463925	-0.0236237831682	0.0269674718579	-0.038578883521	-0.0241292273609	-0.0218568944706	-0.0414680580782	-0.0219020845165	-0.0149701306929	-0.0091903079352	-0.0185009576819	-0.0276920001007	0.00425933019631	0.0686723038882	1.0	-0.014551403297	0.0080000016986	-0.0672279787515	0.0289022208495	0.0416624180237	-0.0232128634033	-0.035457587067	-0.0495488051063	0.0042406858677	-0.0399708827946	0.00476571888665	-0.00910799969815	0.00424487359511	-0.0175853994436	-0.0220544276797	-0.0136099461628	0.0058076587938	0.0280317630307	-0.0367418828091	-0.00437289405086	-0.0271106151999	0.0264328337797	0.0167446620376	-0.0382840749634	0.0624035518745	-0.0219182988302	-0.0398821357714	-0.052374900016	-0.00911649206366	-0.02091939324	-0.0426362358189
k__Bacteria;p__Bacteroidetes;c__Bacteroidia;o__Bacteroidales;f__Porphyromonadaceae;g__Parabacteroides;s__Parabacteroides_johnsonii	-0.0156723171977	0.0209782855573	-0.0867923122999	0.0347852892028	0.0294119253562	-0.0143840212908	-0.0417643965712	-0.041101431998	-0.0899591984733	-0.00224020823653	-0.0478402812501	-0.0174635336514	-0.0144044338752	-0.0433279072388	0.000722115588407	0.0184524817756	0.0128618292756	-0.0266891168176	-0.00754596403335	0.0590900327901	-0.0103453787712	-0.0379334919182	-0.0296746578586	0.0247472784874	-0.0140266662904	-0.0864491541315	-0.0318858067767	-0.014551403297	1.0	-0.00941332187792	0.00705028183208	-0.0458555613564	0.00359193455926	0.0510397610151	0.0117895618298	-0.0252217830969	-0.0512941187405	0.0200333312475	-0.0306219463447	-0.0977817076971	0.0537962150555	0.0180034939412	-0.0608453545907	0.00140251603466	0.00743825056209	-0.0100306175248	0.0231985619424	-0.00757957758956	0.00985317583399	0.00946140513686	0.0946604997859	-0.0363362238047	-0.011187690798	0.0321652087772	-0.0174829341693	0.000670241412376	0.0222342782905	0.0602209001132	-0.0563945553041
k__Bacteria;p__Actinobacteria;c__Actinobacteria;o__Bifidobacteriales;f__Bifidobacteriaceae;g__Bifidobacterium;s__Bifidobacterium_longum	-0.0294234323407	-0.0242368142887	-0.0408609828205	-0.0311035171836	0.0265964952975	0.0585356572395	-0.0591159383522	-0.0483355527324	-0.0269697269415	-0.0389618933015	0.0119530892232	0.00136075032811	0.00566352461538	-0.00706386498972	0.031856880053	0.0126704228009	0.0249781389447	0.0291196919823	-0.0561391446379	0.0123225477681	-0.0161781330496	-0.0340390912382	0.0418386550324	-0.0244813433096	0.0306761554594	0.0671171291436	-0.0123317769709	0.0080000016986	-0.00941332187792	1.0	-0.00836860679288	-0.0347642705184	-0.0322565613088	0.00647196094116	-0.0225754645451	0.0339537796116	0.0111532445901	0.0546667812109	-0.0121745100629	0.0479209194727	-0.0200708542999	-0.0169617226394	-0.0339985642413	-0.0707543998096	-0.0616598670754	0.00976928544299	-0.0529594375898	-0.0309209153174	-0.00595455641129	0.042434815211	0.0383742259489	0.0121192315695	-0.00856374374349	0.0745385197917	-0.0335902710782	-0.0196579945513	-0.0310763294581	-0.051275587451	-0.017913822997
