#taxonomy	k__Bacteria;p__Bacteroidetes;c__Bacteroidia;o__Bacteroidales;f__Bacteroidaceae;g__Bacteroides;s__Bacteroides_vulgatus	k__Bacteria;p__Bacteroidetes;c__Bacteroidia;o__Bacteroidales;f__Bacteroidaceae;g__Bacteroides;s__Bacteroides_uniformis	k__Bacteria;p__Bacteroidetes;c__Bacteroidia;o__Bacteroidales;f__Rikenellaceae;g__Alistipes;s__Alistipes_putredinis	k__Bacteria;p__Bacteroidetes;c__Bacteroidia;o__Bacteroidales;f__Prevotellaceae;g__Prevotella;s__Prevotella_copri	k__Bacteria;p__Bacteroidetes;c__Bacteroidia;o__Bacteroidales;f__Bacteroidaceae;g__Bacteroides;s__Bacteroides_stercoris	k__Bacteria;p__Bacteroidetes;c__Bacteroidia;o__Bacteroidales;f__Bacteroidaceae;g__Bacteroides;s__Bacteroides_ovatus	k__Bacteria;p__Bacteroidetes;c__Bacteroidia;o__Bacteroidales;f__Rikenellaceae;g__Alistipes;s__Alistipes_shahii	k__Bacteria;p__Firmicutes;c__Clostridia;o__Clostridiales;f__Ruminococcaceae;g__Faecalibacterium;s__Faecalibacterium_prausnitzii	k__Bacteria;p__Bacteroidetes;c__Bacteroidia;o__Bacteroidales;f__Rikenellaceae;g__Alistipes;s__Alistipes_finegoldii	k__Bacteria;p__Bacteroidetes;c__Bacteroidia;o__Bacteroidales;f__Porphyromonadaceae;g__Parabacteroides;s__Parabacteroides_distasonis	k__Bacteria;p__Bacteroidetes;c__Bacteroidia;o__Bacteroidales;f__Bacteroidaceae;g__Bacteroides;s__Bacteroides_thetaiotaomicron	k__Bacteria;p__Bacteroidetes;c__Bacteroidia;o__Bacteroidales;f__Bacteroidaceae;g__Bacteroides;s__Bacteroides_coprocola	k__Bacteria;p__Bacteroidetes;c__Bacteroidia;o__Bacteroidales;f__Bacteroidaceae;g__Bacteroides;s__Bacteroides_cellulosilyticus	k__Bacteria;p__Bacteroidetes;c__Bacteroidia;o__Bacteroidales;f__Rikenellaceae;g__Alistipes;s__Alistipes_obesi	k__Bacteria;p__Firmicutes;c__Clostridia;o__Clostridiales;f__Lachnospiraceae;g__;s__[Eubacterium]_rectale	k__Bacteria;p__Bacteroidetes;c__Bacteroidia;o__Bacteroidales;f__Bacteroidaceae;g__Bacteroides;s__Bacteroides_plebeius	k__Bacteria;p__Bacteroidetes;c__Bacteroidia;o__Bacteroidales;f__Bacteroidaceae;g__Bacteroides;s__Bacteroides_fragilis	k__Bacteria;p__Proteobacteria;c__Betaproteobacteria;o__Burkholderiales;f__Sutterellaceae;g__Sutterella;s__Sutterella_wadsworthensis	k__Bacteria;p__Bacteroidetes;c__Bacteroidia;o__Bacteroidales;f__Porphyromonadaceae;g__Barnesiella;s__Barnesiella_intestinihominis	k__Bacteria;p__Bacteroidetes;c__Bacteroidia;o__Bacteroidales;f__Odoribacteraceae;g__Odoribacter;s__Odoribacter_splanchnicus	k__Bacteria;p__Bacteroidetes;c__Bacteroidia;o__Bacteroidales;f__Bacteroidaceae;g__Bacteroides;s__Bacteroides_salyersiae	k__Bacteria;p__Firmicutes;c__Clostridia;o__Clostridiales;f__Ruminococcaceae;g__Ruminiclostridium;s__[Eubacterium]_siraeum	k__Bacteria;p__Proteobacteria;c__Betaproteobacteria;o__Burkholderiales;f__Sutterellaceae;g__Parasutterella;s__Parasutterella_excrementihominis	k__Bacteria;p__Actinobacteria;c__Actinobacteria;o__Bifidobacteriales;f__Bifidobacteriaceae;g__Bifidobacterium;s__Bifidobacterium_adolescentis	k__Bacteria;p__Firmicutes;c__Clostridia;o__Clostridiales;f__Oscillospiraceae;g__Oscillibacter;s__Oscillibacter_sp._KLE_1745	k__Bacteria;p__Bacteroidetes;c__Bacteroidia;o__Bacteroidales;f__Bacteroidaceae;g__Bacteroides;s__Bacteroides_coprophilus	k__Bacteria;p__Firmicutes;c__Clostridia;o__Clostridiales;f__Lachnospiraceae;g__Roseburia;s__Roseburia_intestinalis	k__Bacteria;p__Firmicutes;c__Clostridia;o__Clostridiales;f__Lachnospiraceae;g__Roseburia;s__Roseburia_hominis	k__Bacteria;p__Bacteroidetes;c__Bacteroidia;o__Bacteroidales;f__Porphyromonadaceae;g__Parabacteroides;s__Parabacteroides_johnsonii	k__Bacteria;p__Actinobacteria;c__Actinobacteria;o__Bifidobacteriales;f__Bifidobacteriaceae;g__Bifidobacterium;s__Bifidobacterium_longum	k__Bacteria;p__Firmicutes;c__Clostridia;o__Clostridiales;f__;g__Flavonifractor;s__Flavonifractor_plautii	k__Bacteria;p__Firmicutes;c__Clostridia;o__Clostridiales;f__Clostridiaceae;g__Clostridium;s__Clostridium_phoceensis	k__Bacteria;p__Verrucomicrobia;c__Verrucomicrobiae;o__Verrucomicrobiales;f__Akkermansiaceae;g__Akkermansia;s__Akkermansia_muciniphila	k__Bacteria;p__Bacteroidetes;c__Bacteroidia;o__Bacteroidales;f__Prevotellaceae;g__Paraprevotella;s__Paraprevotella_xylaniphila	k__Bacteria;p__Firmicutes;c__Clostridia;o__Clostridiales;f__Ruminococcaceae;g__Ruminococcus;s__Ruminococcus_callidus	k__Bacteria;p__Bacteroidetes;c__Bacteroidia;o__Bacteroidales;f__Rikenellaceae;g__Alistipes;s__Alistipes_senegalensis	k__Bacteria;p__Firmicutes;c__Clostridia;o__Clostridiales;f__Lachnospiraceae;g__Blautia;s__Blautia_sp._KLE_1732	k__Bacteria;p__Bacteroidetes;c__Bacteroidia;o__Bacteroidales;f__Bacteroidaceae;g__Bacteroides;s__Bacteroides_oleiciplenus	k__Bacteria;p__Firmicutes;c__Clostridia;o__Clostridiales;f__Ruminococcaceae;g__Ruminococcus;s__Ruminococcus_bicirculans	k__Bacteria;p__Bacteroidetes;c__Bacteroidia;o__Bacteroidales;f__Bacteroidaceae;g__Bacteroides;s__Bacteroides_fluxus	k__Bacteria;p__Bacteroidetes;c__Bacteroidia;o__Bacteroidales;f__Prevotellaceae;g__Prevotella;s__Prevotella_stercorea	k__Bacteria;p__Firmicutes;c__Clostridia;o__Clostridiales;f__Lachnospiraceae;g__Dorea;s__Dorea_longicatena	k__Bacteria;p__Firmicutes;c__Clostridia;o__Clostridiales;f__Eubacteriaceae;g__Eubacterium;s__[Eubacterium]_eligens	k__Bacteria;p__Firmicutes;c__Clostridia;o__Clostridiales;f__Ruminococcaceae;g__;s__Ruminococcaceae_bacterium_D16	k__Bacteria;p__Firmicutes;c__Clostridia;o__Clostridiales;f__Lachnospiraceae;g__Coprococcus;s__Coprococcus_comes	k__Bacteria;p__Proteobacteria;c__Gammaproteobacteria;o__Enterobacterales;f__Enterobacteriaceae;g__Escherichia;s__Escherichia_coli	k__Bacteria;p__Firmicutes;c__Clostridia;o__Clostridiales;f__Ruminococcaceae;g__Anaerotruncus;s__Anaerotruncus_colihominis	k__Bacteria;p__Firmicutes;c__Clostridia;o__Clostridiales;f__Lachnospiraceae;g__Blautia;s__Blautia_obeum	k__Bacteria;p__Bacteroidetes;c__Bacteroidia;o__Bacteroidales;f__Odoribacteraceae;g__Odoribacter;s__Odoribacter_laneus	k__Bacteria;p__Firmicutes;c__Clostridia;o__Clostridiales;f__Ruminococcaceae;g__Ruminiclostridium;s__[Clostridium]_leptum	k__Bacteria;p__Bacteroidetes;c__Bacteroidia;o__Bacteroidales;f__Porphyromonadaceae;g__Parabacteroides;s__Parabacteroides_goldsteinii	k__Bacteria;p__Firmicutes;c__Clostridia;o__Clostridiales;f__Lachnospiraceae;g__Anaerostipes;s__Anaerostipes_hadrus	k__Bacteria;p__Firmicutes;c__Clostridia;o__Clostridiales;f__Ruminococcaceae;g__Ruminococcus;s__Ruminococcus_lactaris	k__Bacteria;p__Firmicutes;c__Clostridia;o__Clostridiales;f__Clostridiaceae;g__Clostridium;s__Clostridium_sp._L2-50	k__Bacteria;p__Firmicutes;c__Clostridia;o__Clostridiales;f__Clostridiaceae;g__Clostridium;s__Clostridium_sp._M62/1	k__Bacteria;p__Firmicutes;c__Clostridia;o__Clostridiales;f__;g__Intestinimonas;s__Intestinimonas_butyriciproducens	k__Bacteria;p__Actinobacteria;c__Actinobacteria;o__Bifidobacteriales;f__Bifidobacteriaceae;g__Bifidobacterium;s__Bifidobacterium_bifidum	k__Bacteria;p__Firmicutes;c__Negativicutes;o__Veillonellales;f__Veillonellaceae;g__Dialister;s__Dialister_invisus	k__Bacteria;p__Bacteroidetes;c__Bacteroidia;o__Bacteroidales;f__Bacteroidaceae;g__Bacteroides;s__Bacteroides_salanitronis
k__Bacteria;p__Bacteroidetes;c__Bacteroidia;o__Bacteroidales;f__Bacteroidaceae;g__Bacteroides;s__Bacteroides_vulgatus	1.0	0.0225851226442	-0.00435922245996	-0.00825290064812	0.0405595285124	-0.00258915135179	-0.0148436575944	0.0379461733735	0.0169002206505	-0.0920083238433	0.0319819951254	0.0031298362514	-0.0610134398522	0.0123638185048	0.0400445539001	-0.0505219619511	0.10010938831	-0.0558372774285	-0.00796719533382	0.00328705116218	-0.03177926342	-0.0756758542081	-0.0366114201507	-0.0160548802359	0.0100468343211	-0.0666509320749	0.0114590241081	0.0114642605508	0.0208782892088	-0.0162794301746	0.0372778441881	0.0156773965287	-0.0102845522019	-0.0757026981594	-0.0365272753323	-0.0184038900679	-0.00608570959089	0.0113870986931	-0.0302587965545	-0.0357681436458	0.00369140095597	0.0315014470158	-0.0361909158188	-0.03910400444	0.00364343085512	-0.0338923499354	-0.00873172608163	-0.0115968972067	-0.00682309905028	-0.0298199846978	-0.0259836738117	-0.0687824571856	-0.00982566071688	-0.0515243160484	0.00756998431365	-0.0471579472489	-0.0116552605809	-0.0157539340023	0.000334035989145
k__Bacteria;p__Bacteroidetes;c__Bacteroidia;o__Bacteroidales;f__Bacteroidaceae;g__Bacteroides;s__Bacteroides_uniformis	0.0225851226442	1.0	-0.0402400041866	0.0190133284627	-0.0539658816317	-0.027040519697	0.0910583364728	0.00195734698497	-0.0293536343464	-0.0319400059892	-0.0218078233781	-0.0174085501236	-0.013326577064	-0.0115811387909	-0.021946988683	-0.0323850074871	-0.000991325626317	-0.0430631181998	-0.0350932568775	0.00223664768468	-0.0438356676935	0.0428180737816	-0.016490262181	0.0709759689274	0.023502751683	0.00108115686735	0.017291149042	-0.0116185439553	0.0134122424786	-0.0448559901369	-0.00553646074043	0.0262643222652	-0.0198912021072	0.0425478943814	-0.0207471621026	-0.0295612162099	-0.0442258572674	-0.0455957549674	0.0283445994846	-0.0286964619332	-0.0148166965756	-0.0324141544901	-0.0615965743127	0.0325625090515	-0.0155310696446	-0.0306771130983	-0.0166657812055	-0.0135377410138	-0.0738317537973	-0.0161084672736	0.0231029825751	0.0449044383298	-0.00147269573439	0.0341190924554	-0.00743388925004	0.0475765049046	0.0445710573177	-0.060881668582	0.000935756635968
k__Bacteria;p__Bacteroidetes;c__Bacteroidia;o__Bacteroidales;f__Rikenellaceae;g__Alistipes;s__Alistipes_putredinis	-0.00435922245996	-0.0402400041866	1.0	-0.0130043016371	0.0200956808788	-0.0547245936708	0.0130431634247	0.0567845875157	0.00762668925417	0.00712768984927	-0.0570623331943	-0.0274672690198	-0.0579564160634	0.0370165299448	-0.0239137413951	0.0246652131694	0.00501327817856	-0.0164642661317	-0.0129918696597	0.045886088052	-0.0201812548647	0.00998251535216	-0.0666255188416	-0.0223285924325	-0.0418003534751	0.0157671564724	0.026493006115	-0.034590633208	0.0255220725343	0.00662993444881	-0.0442842959364	-0.0436056197314	-0.0677011232371	-0.00431286597081	0.00877988864292	-0.0336460669645	-0.0932102256746	0.0248785228223	0.0254454530694	-0.0429240787729	-0.000824471920472	-0.0550699922982	-0.0117089796567	0.0612164456427	0.0410687890776	-0.0212498136516	-0.017654619251	0.0293419003917	-0.0291187527487	-0.0131644582357	-0.0670224128797	0.0316163388184	-0.0439508531835	0.0327976519945	-0.065391253785	0.0415515374562	-0.010719460231	0.0296859116488	-0.0350558622356
k__Bacteria;p__Bacteroidetes;c__Bacteroidia;o__Bacteroidales;f__Prevotellaceae;g__Prevotella;s__Prevotella_copri	-0.00825290064812	0.0190133284627	-0.0130043016371	1.0	0.00733121045225	0.00481229424877	-0.0420868055897	-0.00579922531614	0.0215522013934	0.00332792555443	0.0492395486375	-0.00493972021078	-0.0109497578813	-0.0603607367275	0.0260861176678	0.0199977250106	-0.00725944907384	-0.00151376420669	-0.0409472567512	-0.0375531654536	-0.0186802021885	0.00248982801897	-0.0420761649435	-0.00480294919953	0.0164126190186	-0.00144855341139	-0.000490792862572	-0.0674665801784	0.0267825503729	0.00485657575351	-0.00842813001302	0.0208209278979	0.0321080804674	-0.0557871806651	-0.0216529849095	0.0413068136664	0.00508344098134	0.0794028935755	-0.0106727748189	0.0296466731975	-0.0300815783761	-0.0323335700147	-0.0226209381436	0.0534958301745	-0.0397740854815	-0.00519427995934	0.0323025685955	0.0179124480851	-0.0238782428341	0.0293040468748	-0.0247492584739	-0.0452264945185	0.0640748770976	0.00154124753357	-0.0368116542476	0.0094057298567	-0.0356170228848	-0.0202477670654	-0.022027529458
k__Bacteria;p__Bacteroidetes;c__Bacteroidia;o__Bacteroidales;f__Bacteroidaceae;g__Bacteroides;s__Bacteroides_stercoris	0.0405595285124	-0.0539658816317	0.0200956808788	0.00733121045225	1.0	0.060830943207	0.0120503056475	-0.0472474431287	-0.0687123866639	-0.0149095417038	-0.0299893586279	-0.0260735973334	-0.0224703381413	0.0387242372063	-0.0428040665657	-0.0133951345087	0.00170453437106	-0.0566240941301	-0.0425629207732	0.0139490059204	0.0145649521782	-0.0126806903008	-0.0362574672841	-0.0604387881709	-0.0577059857507	-0.0048740417875	0.0554581905526	-0.0465579492311	0.00665685036955	0.0438997343819	0.0711153140411	-0.0121290642567	-0.0037620664659	0.00708327905401	-0.0181340131987	-0.00456365810426	-0.0153435398894	-0.0115407679612	-0.0186974354072	-0.0164799740149	-0.0669727996921	-0.00179423766158	-0.0104992186343	-0.00939581326573	-0.0923048990573	-0.005918176335	0.0280953001058	-0.0144583361426	0.0509316440021	0.0575382084819	-0.00703732782089	0.0168798178349	0.0170811298489	-0.0309959776875	-0.00420398479051	-0.0311198267329	-0.00229113292271	0.00369912391329	-0.0230127878392
k__Bacteria;p__Bacteroidetes;c__Bacteroidia;o__Bacteroidales;f__Bacteroidaceae;g__Bacteroides;s__Bacteroides_ovatus	-0.00258915135179	-0.027040519697	-0.0547245936708	0.00481229424877	0.060830943207	1.0	-0.0702793828669	0.0149672058411	0.0251634067289	-0.052445289856	-0.0216741412437	-0.0241290970664	-0.00306122891139	-0.012606269122	0.0101809826103	0.0402910127726	-0.0331116685011	-0.00629952062079	0.0943445543827	0.0402846338251	0.033157326484	-0.0422688105435	-0.0462149785936	0.0444869685863	0.0350607758597	-0.0224468786305	0.0172259869416	-0.101494769086	-0.00123419524183	-0.0355301715201	0.0439556803831	-0.0423365486475	-0.0383824797448	-0.0137146762094	0.00447529589782	-0.00759931298344	0.0947998662438	0.0433237776312	-0.0494395598508	-0.0336402655679	-0.0059052029698	0.0460756741749	-0.0161039298051	-0.0252656950165	-0.0174813392493	0.0082207485064	-0.0348681132988	-0.0284862918264	0.0104259446523	0.0268565164493	0.0102609768866	0.053968643727	-0.0455512775726	0.00609688360659	-0.0247369934034	-0.00503704585745	-0.0063871177117	0.0500975849852	0.0128093917634
k__Bacteria;p__Bacteroidetes;c__Bacteroidia;o__Bacteroidales;f__Rikenellaceae;g__Alistipes;s__Alistipes_shahii	-0.0148436575944	0.0910583364728	0.0130431634247	-0.0420868055897	0.0120503056475	-0.0702793828669	1.0	-0.0555587744718	0.0803350762639	-0.0351291377636	0.0260411364201	0.0626610201484	0.04841039918	0.0080134414279	-0.00888229774481	-0.0113971741661	-0.00925767259629	-0.0283195929326	0.037774399654	-0.0507301899397	-0.0330207441857	0.0109603520146	-0.00870042938747	-0.00984126527279	-0.0443596956642	0.000669824116577	0.0372173282675	-0.0559970457686	-0.0394261323539	-0.00824402713617	-0.0446671387756	0.0322205635434	-0.0110918292133	-0.00792855119535	0.00110559864819	-0.0504832023076	-0.0303010918121	0.0130891421212	-0.006007515188	-0.0389563096578	-0.0108085322694	-0.0104772833634	0.0429937432203	-0.0665210249589	0.00289470848737	-0.00955491115544	-0.0493792810816	0.00978845095253	-0.0293468982918	0.00595803917603	-0.11495773901	-0.0275219933185	-0.00731994110881	0.0322303094386	-0.0695778307187	0.0633241374365	0.00472015738552	-0.0152562080476	-0.0795858871418
k__Bacteria;p__Firmicutes;c__Clostridia;o__Clostridiales;f__Ruminococcaceae;g__Faecalibacterium;s__Faecalibacterium_prausnitzii	0.0379461733735	0.00195734698497	0.0567845875157	-0.00579922531614	-0.0472474431287	0.0149672058411	-0.0555587744718	1.0	-0.014577019372	0.00798999392904	0.0122847132713	-0.0239036517529	0.0243805405782	0.0361471771883	0.0254051346564	0.00257579329488	-0.0178991339292	-0.0553415450193	-0.015526605179	0.0469847643532	-0.00745639622019	-0.006993009877	-0.0280034016369	-0.0307360946296	-0.0169031754725	-0.0843598475211	0.0803720606232	-0.0212682746097	0.0281281512221	-0.0170869180823	0.0260300012001	-0.0560380084434	-0.0660477686455	-0.00566146825247	-0.00656714712994	-0.0213568595757	0.0810996140506	-0.0488560165939	-0.0174563310924	-0.012508266219	0.0323741271592	-0.0187088546842	-0.00207144834227	-0.00296198669747	-0.00456648013001	0.0234386636051	0.0288088723808	-0.035231411435	0.000711709885959	-0.0634317469545	-0.0306505605466	0.0240474395951	0.0233540286238	-0.0614562566803	-0.0418512581043	-0.0117898735314	-0.0356478276548	-0.0260233630646	-0.0559632134649
k__Bacteria;p__Bacteroidetes;c__Bacteroidia;o__Bacteroidales;f__Rikenellaceae;g__Alistipes;s__Alistipes_finegoldii	0.0169002206505	-0.0293536343464	0.00762668925417	0.0215522013934	-0.0687123866639	0.0251634067289	0.0803350762639	-0.014577019372	1.0	0.00444230035287	0.0719405420657	-0.0220785894454	-0.0294473160679	-0.0113144917433	0.00132339594969	-0.0584665344369	-0.0115278156776	-0.0186094923998	0.0132817821846	-0.012686882757	-0.0615201548103	0.0157169482554	0.0371177489666	-0.0781411286552	0.00117864589102	-0.0462859523109	0.0120164591877	0.053948732385	-0.0801652781961	-0.00745575892346	-0.0563479480562	-0.0349120548887	-0.102826645214	-0.0590864073451	0.0236151006833	-0.0038051668337	-0.0303600851271	0.0268939685375	-0.0100236146112	0.0753319766954	0.0122028752803	0.0676134620329	-0.0184531713447	-0.0180333261083	0.00870393098988	-0.0186683103559	0.036270714485	-0.0310670916822	-0.0353029719886	0.0078836909394	-0.0469197769246	0.0806491530204	-0.00713934492902	0.0453306772318	-0.0235720639331	0.046048964286	-0.0553891204624	-0.0105107724954	-0.0376421970044
k__Bacteria;p__Bacteroidetes;c__Bacteroidia;o__Bacteroidales;f__Porphyromonadaceae;g__Parabacteroides;s__Parabacteroides_distasonis	-0.0920083238433	-0.0319400059892	0.00712768984927	0.00332792555443	-0.0149095417038	-0.052445289856	-0.0351291377636	0.00798999392904	0.00444230035287	1.0	0.0222104876558	0.00509193188184	-0.024567536328	-0.0454167895349	-0.0298307636971	-0.0377737870855	0.0235136392286	0.0116879488409	0.0429838869906	-0.0481366613994	-0.0655341988981	-0.0256265723029	-0.0220227588639	-0.0120423133017	-0.0297221308385	0.00627871978211	-0.0151739820441	0.0169696442511	-0.050488506544	-0.0240683754237	0.0109054425618	-0.0456425355606	0.014989507917	0.0626553462133	-0.0156747568895	0.00334297229906	0.0155925173679	-0.0419414482073	-0.0701046267553	-0.00492812079203	0.092129522823	0.00223752649965	-0.00662719399653	-0.00563744433763	-0.0269925546038	-0.050665080802	0.00508763126612	0.0388737242068	-0.0238477830391	-0.000758812505093	0.00197693371721	0.0374562592819	-0.00868384611171	0.0362212912019	-0.00516694685658	0.0099501250324	-0.0534312859303	0.0353805656327	-0.0276185737463
k__Bacteria;p__Bacteroidetes;c__Bacteroidia;o__Bacteroidales;f__Bacteroidaceae;g__Bacteroides;s__Bacteroides_thetaiotaomicron	0.0319819951254	-0.0218078233781	-0.0570623331943	0.0492395486375	-0.0299893586279	-0.0216741412437	0.0260411364201	0.0122847132713	0.0719405420657	0.0222104876558	1.0	-0.0292363328843	0.000611222696481	0.00155606730476	-0.0204079931563	-0.0406732858584	-0.0308587121644	0.0318526188358	0.00240398441724	0.0498909311564	0.0291847851482	-0.0151182444873	0.0152181859541	-0.0557191722238	0.0328837601771	-0.029948950679	0.0257659400269	-0.0616641695062	-0.00479408195559	0.00307947687453	-0.04694382653	0.0499162901758	-0.0757195220973	-0.0319843630561	0.00466859751297	-0.0332741477833	-0.0345126004155	-0.00330706909007	-0.00944356958575	-0.0277620646987	0.000415196882094	-0.0118391724042	0.0728553651185	-0.0665900525483	-0.0529659770099	0.0189629364169	-0.077858852742	0.0293673306092	-0.0393949235017	-0.013281655089	-0.0197208194465	-0.0467461386127	-0.0424427335326	0.029056022902	0.0304291136966	0.0469675841142	-0.0283076686183	-0.0234148969151	-0.0499054731226
k__Bacteria;p__Bacteroidetes;c__Bacteroidia;o__Bacteroidales;f__Bacteroidaceae;g__Bacteroides;s__Bacteroides_coprocola	0.0031298362514	-0.0174085501236	-0.0274672690198	-0.00493972021078	-0.0260735973334	-0.0241290970664	0.0626610201484	-0.0239036517529	-0.0220785894454	0.00509193188184	-0.0292363328843	1.0	-7.17702928077e-05	0.0618153320147	0.0169954067105	0.0243439065347	-0.0184987226919	0.00554152991277	-0.0475148129366	-0.0441483755218	0.0100155540989	-0.0657344756713	0.0332957722884	0.0201669066323	-0.0139492415119	-0.0965387252403	0.0207198312395	0.00894823896254	-0.0641873933627	-0.00436589936347	0.0570074758916	0.0170678897293	0.025458832522	0.0628225582139	0.0168069017394	0.0145535127961	0.0248610210565	-0.0697236209322	-0.0419821888282	-0.0257723563171	0.0254661125545	0.0272911362018	0.050675124741	-0.0685098584346	-0.0499646485111	-0.0236164717589	-0.0623710734552	0.0218144304567	0.0520572440962	0.0468457907596	0.0470169407982	-0.0897996809781	0.0218905819828	0.0372927620852	0.00631270408074	-0.0130529004678	-0.0448726511678	-0.018662201176	-0.00621437883459
k__Bacteria;p__Bacteroidetes;c__Bacteroidia;o__Bacteroidales;f__Bacteroidaceae;g__Bacteroides;s__Bacteroides_cellulosilyticus	-0.0610134398522	-0.013326577064	-0.0579564160634	-0.0109497578813	-0.0224703381413	-0.00306122891139	0.04841039918	0.0243805405782	-0.0294473160679	-0.024567536328	0.000611222696481	-7.17702928075e-05	1.0	-0.0967086135289	-0.00614649756546	0.0466252038469	-0.0193139028574	-0.0682287914686	0.0142548077457	-0.0567314225386	0.0970534414091	0.0349189624581	-0.0326402229288	0.00618233772901	0.011823524852	0.0342031852552	-0.0396436510642	-0.114472492678	-0.027510525389	-0.0330013464274	0.00379018463643	-0.0056354627236	0.00367236155531	0.00978789140864	-0.0314157666825	-0.00684805654545	-0.0138869645496	-0.0727128029935	-0.0517845534708	-0.0563514297827	0.0312339886134	-0.0568219097405	-0.015288860391	-0.05667092407	-0.0549392859751	0.000462609219306	0.0555771079792	-0.0849507749296	-0.0244219002288	0.0136505431669	0.0826220158879	-0.0216283628527	-0.0407059385878	-0.061428541714	-0.00426448848358	0.0395386379951	0.0089661587664	-0.00916891201839	0.0407625728484
k__Bacteria;p__Bacteroidetes;c__Bacteroidia;o__Bacteroidales;f__Rikenellaceae;g__Alistipes;s__Alistipes_obesi	0.0123638185048	-0.0115811387909	0.0370165299448	-0.0603607367275	0.0387242372063	-0.012606269122	0.0080134414279	0.0361471771883	-0.0113144917433	-0.0454167895349	0.00155606730476	0.0618153320147	-0.0967086135289	1.0	-0.00053063163631	-0.0687878814445	-0.0226547209403	-0.0977875873433	-0.0239840444102	0.0691021488355	-0.00659563916416	0.0170683221149	-0.0229473675685	-0.0277158617395	-0.0188251940668	-0.0285090291849	0.00104528161332	0.00113952448438	-0.0634933338037	-0.00642033721561	0.0434580114384	-0.00574476507412	-0.0250418109498	-0.0169979636576	-0.011978332419	-0.0246597396043	0.000762988672737	0.0468235927452	-0.0420953330448	0.00322241754261	-0.00544287992472	-0.0269812919634	0.0616137085166	0.00686891701202	0.0154107169862	0.0137262353268	-0.0449490334098	-0.0355341114015	0.00915433762173	-0.0672394636607	0.008694704098	0.000410679920158	-0.0120725241468	-0.020260549895	-0.00323584891536	-0.0421922990133	-0.0397712588904	0.0202226719932	-0.00536821164931
k__Bacteria;p__Firmicutes;c__Clostridia;o__Clostridiales;f__Lachnospiraceae;g__;s__[Eubacterium]_rectale	0.0400445539001	-0.021946988683	-0.0239137413951	0.0260861176678	-0.0428040665657	0.0101809826103	-0.00888229774481	0.0254051346564	0.00132339594969	-0.0298307636971	-0.0204079931563	0.0169954067105	-0.00614649756546	-0.00053063163631	1.0	-0.00966998972097	0.0299688124499	-0.000568309390044	-0.0511133918374	0.0270772454819	0.00542344472049	0.0848268099034	0.0369117092643	0.0103525250232	-0.00217048269126	-0.0279087602792	0.0102114115122	-0.0399073504912	-0.0116503466022	-0.0369494312858	-0.055727353612	0.038760760089	-0.00184551731574	0.0468241141012	-0.0347931217978	0.00671853165474	0.0302395952003	-0.0212028059988	-0.025316072595	-0.0227950591208	0.00335817508952	-0.127890852212	-0.00724516119268	0.00429140994375	0.000320502977493	0.00316477070056	-0.000280760472632	-0.0480544516617	0.0295249750722	0.0586488856335	0.00504245578288	0.0318457981407	-0.00888089510465	-0.0699203215182	-0.033526891185	-0.0399885924911	-0.00192926391365	0.0252191727432	-0.0531541050596
k__Bacteria;p__Bacteroidetes;c__Bacteroidia;o__Bacteroidales;f__Bacteroidaceae;g__Bacteroides;s__Bacteroides_plebeius	-0.0505219619511	-0.0323850074871	0.0246652131694	0.0199977250106	-0.0133951345087	0.0402910127726	-0.0113971741661	0.00257579329488	-0.0584665344369	-0.0377737870855	-0.0406732858584	0.0243439065347	0.0466252038469	-0.0687878814445	-0.00966998972097	1.0	0.0026387671608	0.0719021421241	-0.0279833476712	-0.0119003079658	-0.0140657005018	0.00449467198963	-0.0169461289796	-0.0352185476036	0.018104129209	-0.0246993792149	-0.0907941793295	-0.0170133359152	0.0584421891249	-0.00188287162282	-0.00195320387553	-0.0141359620691	0.0164557440218	0.0157219034486	0.0287413438189	0.00187520873594	-0.0901204926826	-0.0740796326423	-0.0207101773039	0.00675357267832	0.0324830231077	0.0217029969534	0.00357086884056	0.0157975054499	-0.0291004997475	-0.0409332834361	-0.0472066855291	-0.0300469560971	0.0316603925807	-0.0733299619805	0.0671612617272	-0.0191843443173	0.00546875880314	0.0272631586608	-0.0819626669573	-0.0118935719498	-0.0192506506083	0.0352404364266	0.011920856856
k__Bacteria;p__Bacteroidetes;c__Bacteroidia;o__Bacteroidales;f__Bacteroidaceae;g__Bacteroides;s__Bacteroides_fragilis	0.10010938831	-0.000991325626317	0.00501327817856	-0.00725944907384	0.00170453437106	-0.0331116685011	-0.00925767259629	-0.0178991339292	-0.0115278156776	0.0235136392286	-0.0308587121644	-0.0184987226919	-0.0193139028574	-0.0226547209403	0.0299688124499	0.0026387671608	1.0	0.00514380902988	-0.0259156696913	0.0225938983374	-0.0278536809585	0.00127679044362	-0.0675065982741	0.0556531143174	-0.0536885174361	-0.00559160623899	0.0411134784751	0.014904008717	-0.00124699328674	-0.0934480741421	0.0111085461832	-0.0108554634385	0.0272063457246	-0.00827781982761	0.0421713480629	0.0172986922499	-0.0105595106345	0.0100975283389	-0.0307858484056	-0.0534117195058	-0.0446238399714	0.0567922459239	-0.0814299580534	-0.00658911224186	-0.0127676643048	0.0298568310236	-0.0100795432753	-0.0270450641396	-0.0282466575419	0.0259922409814	-0.0040351018271	-0.0208666004041	-0.0557760904034	0.013872150183	-0.0606109687733	0.021967358995	-0.0366223473342	0.0285082966248	-0.0354318796715
k__Bacteria;p__Proteobacteria;c__Betaproteobacteria;o__Burkholderiales;f__Sutterellaceae;g__Sutterella;s__Sutterella_wadsworthensis	-0.0558372774285	-0.0430631181998	-0.0164642661317	-0.00151376420668	-0.0566240941301	-0.00629952062079	-0.0283195929326	-0.0553415450193	-0.0186094923998	0.0116879488409	0.0318526188358	0.00554152991277	-0.0682287914686	-0.0977875873433	-0.000568309390044	0.0719021421241	0.00514380902988	1.0	0.0513329734732	0.00793745097121	-0.0220214813827	-0.00179691830579	-0.00498534924358	-0.0667055090753	0.00962624479781	-0.090053610012	-0.0165316342328	-0.00314324548474	0.0686831205985	-0.0614773797801	-0.029319956512	-0.0173450152756	0.0498338866356	-0.047528531096	-0.0136201593581	-0.0436050785884	-0.0185667851838	0.0156793231623	0.0165035321972	0.0562641584987	-0.0276483983108	0.106392273376	0.0151839240915	0.00992619702834	0.0578752295149	0.0209298852679	-0.0764415655951	0.0180724362432	0.0167070826588	0.000322293144092	0.0352993239748	0.00136780150201	-0.0409619014597	-0.00623710428255	-0.0599448746558	-0.0537756207723	0.0166150989176	0.0193371616384	0.0149793487806
k__Bacteria;p__Bacteroidetes;c__Bacteroidia;o__Bacteroidales;f__Porphyromonadaceae;g__Barnesiella;s__Barnesiella_intestinihominis	-0.00796719533382	-0.0350932568775	-0.0129918696597	-0.0409472567512	-0.0425629207732	0.0943445543827	0.037774399654	-0.015526605179	0.0132817821846	0.0429838869906	0.00240398441724	-0.0475148129366	0.0142548077457	-0.0239840444102	-0.0511133918374	-0.0279833476712	-0.0259156696913	0.0513329734732	1.0	-0.0190050000227	-0.135098468764	-0.0163133357628	-0.0208917838443	0.01639818851	-0.0354391514699	0.0290954081223	0.000476476145491	-0.0127847888299	0.0332990114163	-0.0495420702709	-0.0435365367299	-0.0574559395552	-0.021826047484	0.036006604575	0.0288030929982	0.0355195721371	0.0566596298641	-0.0488982122562	0.0446137052694	-0.0281452772051	0.0236340840447	0.00243340601892	-0.039652415786	0.0031268267559	-0.0347378583459	-0.0431194505981	-0.0208237474868	0.013257307222	-0.00270445177798	-0.00401606037489	0.00527930287028	-0.0231757710728	-0.124522150504	-0.00121066295518	-0.0258840384417	-0.0163985297992	-0.0341126213458	-0.00426370110314	-0.0132788292543
k__Bacteria;p__Bacteroidetes;c__Bacteroidia;o__Bacteroidales;f__Odoribacteraceae;g__Odoribacter;s__Odoribacter_splanchnicus	0.00328705116218	0.00223664768468	0.045886088052	-0.0375531654536	0.0139490059204	0.0402846338251	-0.0507301899397	0.0469847643532	-0.012686882757	-0.0481366613994	0.0498909311564	-0.0441483755218	-0.0567314225386	0.0691021488355	0.0270772454819	-0.0119003079658	0.0225938983374	0.00793745097121	-0.0190050000227	1.0	-0.0142657684199	-0.0084865730169	-0.00150897750205	-0.0383072848252	-0.0142825113347	0.0506651174597	0.0377339605033	0.0640183836113	-0.0253447985414	0.00223009530675	-0.00257544953119	-0.0551880157027	0.0606424228353	0.0216862606662	-0.0144068394767	0.0689147333353	-0.0644776273508	-0.0366729543036	0.0264279182101	-0.0431009041051	-0.051465048008	0.00436164203978	-0.0312475197304	-0.0316584805881	-0.0059696732053	0.0444149689744	-0.0124648555829	-0.050512189244	-0.0296572137488	-0.0372179167428	-0.0443842864557	0.0382117956832	0.00148956473748	0.0753973828072	-0.0339805370913	0.0281864794693	-0.0753709092694	-0.0261845807357	-0.00295919994213
k__Bacteria;p__Bacteroidetes;c__Bacteroidia;o__Bacteroidales;f__Bacteroidaceae;g__Bacteroides;s__Bacteroides_salyersiae	-0.03177926342	-0.0438356676935	-0.0201812548647	-0.0186802021885	0.0145649521782	0.033157326484	-0.0330207441857	-0.00745639622019	-0.0615201548103	-0.0655341988981	0.0291847851482	0.0100155540989	0.0970534414091	-0.00659563916416	0.00542344472049	-0.0140657005018	-0.0278536809585	-0.0220214813827	-0.135098468764	-0.0142657684199	1.0	-0.0227910504595	-0.0421219239737	0.00282172135298	-0.0333435941352	-0.0505843058818	-0.0387015388543	0.00836136788743	-0.00565104640096	0.0277457350198	0.0419379557696	0.0257961817654	-0.0526621605676	0.0401906405867	0.0439795205104	-0.0189790987695	0.0243236887777	-0.0118503132433	0.00465297779115	-0.0204601191163	-0.0114111035194	-0.00925038292446	0.0193050809621	0.0449483150083	0.0296790393372	-0.0357440379665	-0.0331480943959	-0.0306836046301	0.00754665425431	0.0509998205676	-0.00836222705103	-0.0108885647367	-0.0126553659444	-0.0172719545277	0.0146713809893	-0.031455158722	0.0413210564381	-0.0125962464548	-0.0225912166092
k__Bacteria;p__Firmicutes;c__Clostridia;o__Clostridiales;f__Ruminococcaceae;g__Ruminiclostridium;s__[Eubacterium]_siraeum	-0.0756758542081	0.0428180737816	0.00998251535216	0.00248982801897	-0.0126806903008	-0.0422688105435	0.0109603520146	-0.006993009877	0.0157169482554	-0.0256265723029	-0.0151182444873	-0.0657344756713	0.0349189624581	0.0170683221149	0.0848268099034	0.00449467198963	0.00127679044362	-0.00179691830579	-0.0163133357628	-0.0084865730169	-0.0227910504595	1.0	-0.00651623846229	-0.0966225067227	-0.0424432114542	-0.00101568913025	-0.0388558707564	0.022999725137	0.0344253846725	-0.0533268872067	-0.018002412143	-0.0249499642783	-0.00373127442145	-0.0450452516484	0.0249785305498	0.0178920484785	-0.00287193191457	0.00800752535805	0.0303364244844	0.0078895131691	-0.00992157867002	-0.0262496916128	-0.139489539355	0.0995695238522	0.0396783727518	0.0441616928617	-0.0471671761328	-0.0218275861261	-0.0206854432423	-0.00769187543588	0.0501056474355	0.0370727540944	0.0111851874417	-0.00364758815757	-0.0212836497003	0.030297641352	-0.0185021183179	-0.0702539717217	0.0170402746888
k__Bacteria;p__Proteobacteria;c__Betaproteobacteria;o__Burkholderiales;f__Sutterellaceae;g__Parasutterella;s__Parasutterella_excrementihominis	-0.0366114201507	-0.016490262181	-0.0666255188416	-0.0420761649435	-0.0362574672841	-0.0462149785936	-0.00870042938747	-0.0280034016369	0.0371177489666	-0.0220227588639	0.0152181859541	0.0332957722884	-0.0326402229288	-0.0229473675685	0.0369117092643	-0.0169461289796	-0.0675065982741	-0.00498534924358	-0.0208917838443	-0.00150897750205	-0.0421219239737	-0.00651623846229	1.0	-0.00310334168799	0.0889015039482	-0.0148239759423	0.00486482980519	0.0473540628618	-0.0150060449664	-0.0405005015325	-0.02353703348	0.0173824733464	0.00293070279164	-0.0437162566852	0.00300523817349	0.028185555848	0.00226395205301	-0.00453336944351	-0.0113029663754	-0.0575622134631	0.00715751113448	-0.0344735459101	0.0110537120058	0.0204748046967	-0.0112561234762	0.0430480227537	-0.0518721650734	-0.000364857008021	0.0300481008038	-0.0308187829647	0.00508082297591	0.0305668828337	0.0446078000046	-0.00796291954057	0.024011096715	-0.0269949463021	0.0307402078441	0.00792609484575	-0.0212332498875
k__Bacteria;p__Actinobacteria;c__Actinobacteria;o__Bifidobacteriales;f__Bifidobacteriaceae;g__Bifidobacterium;s__Bifidobacterium_adolescentis	-0.0160548802359	0.0709759689274	-0.0223285924325	-0.00480294919953	-0.0604387881709	0.0444869685863	-0.00984126527279	-0.0307360946296	-0.0781411286552	-0.0120423133017	-0.0557191722238	0.0201669066323	0.00618233772901	-0.0277158617395	0.0103525250232	-0.0352185476036	0.0556531143174	-0.0667055090753	0.01639818851	-0.0383072848252	0.00282172135298	-0.0966225067227	-0.00310334168799	1.0	-0.0797513629014	0.0473826038325	-0.0101700822902	-0.0318250556355	0.0214072997773	-0.0567610044857	0.0133629205482	0.0229195035792	0.0305729164455	0.00153640546399	0.0604958762691	-0.0199433333433	-0.0702161295361	0.0401924912147	-0.00227506656378	0.0181042171832	0.0636525391328	0.0378788317477	0.0234644788109	-0.0425169085536	-0.0313939248109	0.0206311974363	-0.0117328905322	-0.106544789601	0.0164636044982	0.012732079881	-0.0399915597725	0.0159531791556	-0.0114416047976	0.0948728152941	0.015369807749	-2.72587160791e-06	-0.0669636887155	-0.0358904711464	-0.0170347132311
k__Bacteria;p__Firmicutes;c__Clostridia;o__Clostridiales;f__Oscillospiraceae;g__Oscillibacter;s__Oscillibacter_sp._KLE_1745	0.0100468343211	0.023502751683	-0.0418003534751	0.0164126190186	-0.0577059857507	0.0350607758597	-0.0443596956642	-0.0169031754725	0.00117864589102	-0.0297221308385	0.0328837601771	-0.0139492415119	0.011823524852	-0.0188251940668	-0.00217048269126	0.018104129209	-0.0536885174361	0.00962624479781	-0.0354391514699	-0.0142825113347	-0.0333435941352	-0.0424432114542	0.0889015039482	-0.0797513629014	1.0	-0.0511369392656	0.00222150960785	0.0160942144956	0.00973484770929	0.00269227582348	-0.0264189540947	-0.0299260916222	0.0265571949156	0.0208439246157	0.00818202331303	-0.0442228597561	-0.0752116183713	0.000921746352977	0.00116377642005	-0.0397670264234	0.0661236978779	-0.0304030531351	-0.0401176537802	-0.00414128491666	0.0495688647217	0.0325870754159	0.0120420955643	-0.0270609586281	0.0184186187865	-0.0083612531663	0.022501053214	0.000353096561634	-0.0166155349718	-0.00910896887455	-0.113936420139	-0.0806185277897	-0.0640653761408	-0.0941658015758	-0.00693290940954
k__Bacteria;p__Bacteroidetes;c__Bacteroidia;o__Bacteroidales;f__Bacteroidaceae;g__Bacteroides;s__Bacteroides_coprophilus	-0.0666509320749	0.00108115686735	0.0157671564724	-0.00144855341139	-0.0048740417875	-0.0224468786305	0.000669824116577	-0.0843598475211	-0.0462859523109	0.00627871978211	-0.029948950679	-0.0965387252403	0.0342031852552	-0.0285090291849	-0.0279087602792	-0.0246993792149	-0.00559160623899	-0.090053610012	0.0290954081223	0.0506651174597	-0.0505843058818	-0.00101568913025	-0.0148239759423	0.0473826038325	-0.0511369392656	1.0	-0.00681441834982	-0.0206448853228	-0.0267951659176	0.0968895929524	-0.00257579546662	-0.0161569056572	0.0220335367774	0.0159098944363	0.0122791663501	0.0413711907466	-0.0105704865397	-0.0509332691338	-0.0230656912469	-0.0221412156344	-0.0700308891551	0.0116344203212	0.0320350731186	-0.0593791146171	-0.00556453437967	0.0163309996684	-0.0108639044777	0.0572124215737	-0.055521633122	0.0257108473748	-0.0516030166338	-0.0562189084452	0.0119127835098	-0.0179288452569	-0.00308423628713	-0.00982989673165	-0.0459756241029	-0.00684360788662	0.0363887507711
k__Bacteria;p__Firmicutes;c__Clostridia;o__Clostridiales;f__Lachnospiraceae;g__Roseburia;s__Roseburia_intestinalis	0.0114590241081	0.017291149042	0.026493006115	-0.000490792862572	0.0554581905526	0.0172259869416	0.0372173282675	0.0803720606232	0.0120164591877	-0.0151739820441	0.0257659400269	0.0207198312395	-0.0396436510642	0.00104528161332	0.0102114115122	-0.0907941793295	0.0411134784751	-0.0165316342328	0.000476476145491	0.0377339605033	-0.0387015388543	-0.0388558707564	0.00486482980519	-0.0101700822902	0.00222150960785	-0.00681441834982	1.0	-0.0856571131588	-0.0361411852312	0.016225467603	-0.0299450637108	0.0388531328947	0.00872079135598	-0.000560279440247	0.0276864146946	-0.0655763701662	0.0115080120701	-0.0485293819112	0.0453502767219	-0.0320018366367	-0.0226654557121	-0.00132835870331	-0.0371242794298	0.00631281441349	0.0287927853901	0.00635875035895	-0.0660891131919	-0.0219881957284	-0.0370088749992	0.00704840766123	-0.000322586130939	-0.0121344131553	0.0129880145384	-0.0507051947672	-0.00717488272264	-0.0392852693098	-0.00237765767835	0.0244904492913	-0.0615347662422
k__Bacteria;p__Firmicutes;c__Clostridia;o__Clostridiales;f__Lachnospiraceae;g__Roseburia;s__Roseburia_hominis	0.0114642605508	-0.0116185439553	-0.034590633208	-0.0674665801784	-0.0465579492311	-0.101494769086	-0.0559970457686	-0.0212682746097	0.053948732385	0.0169696442511	-0.0616641695062	0.00894823896254	-0.114472492678	0.00113952448438	-0.0399073504912	-0.0170133359152	0.014904008717	-0.00314324548474	-0.0127847888299	0.0640183836113	0.00836136788743	0.022999725137	0.0473540628618	-0.0318250556355	0.0160942144956	-0.0206448853228	-0.0856571131588	1.0	-0.0403510330104	0.0127258718729	-0.0407047164348	-0.0434844393146	0.000462688100894	0.000685678973899	-0.0475802972274	0.00938763749311	-0.124089506254	0.0301220175162	0.00799366497822	-0.0206266966361	0.0470062438159	0.00292105562766	0.0301919367394	0.0246918246625	-0.0547796892106	-0.0100235529142	-0.000891888237084	-0.0101201734815	0.00352344888002	0.0468823751392	0.0241396105313	0.0316202134455	0.0195863016032	-0.0714769399832	0.0231038902412	0.0623484640932	0.0927336374927	0.0212768830605	0.0363892197673
k__Bacteria;p__Bacteroidetes;c__Bacteroidia;o__Bacteroidales;f__Porphyromonadaceae;g__Parabacteroides;s__Parabacteroides_johnsonii	0.0208782892088	0.0134122424786	0.0255220725343	0.0267825503729	0.00665685036955	-0.00123419524183	-0.0394261323539	0.0281281512221	-0.0801652781961	-0.050488506544	-0.00479408195559	-0.0641873933627	-0.027510525389	-0.0634933338037	-0.0116503466022	0.0584421891249	-0.00124699328674	0.0686831205985	0.0332990114163	-0.0253447985414	-0.00565104640096	0.0344253846725	-0.0150060449664	0.0214072997773	0.00973484770929	-0.0267951659176	-0.0361411852312	-0.0403510330104	1.0	-0.0597340478699	0.00123319380599	-0.024773533382	-0.0624100006941	0.0946754626969	0.0028925073542	-0.0216476990297	-0.0276048660183	-0.0167192856119	0.0747786281103	-0.0474882592976	0.0105322464595	0.0111169612963	0.0173104935751	-0.0645990494228	-0.0188760599763	-0.0130566155184	0.0433351571545	-0.0351579607981	0.057875479532	-0.0521567126436	-0.00582933580912	-0.00578462441342	0.0190711620602	0.0280861214372	-0.00224167542313	-0.062738054361	0.0276648244755	0.00545061356486	-0.0498633019075
k__Bacteria;p__Actinobacteria;c__Actinobacteria;o__Bifidobacteriales;f__Bifidobacteriaceae;g__Bifidobacterium;s__Bifidobacterium_longum	-0.0162794301746	-0.0448559901369	0.00662993444881	0.00485657575351	0.0438997343819	-0.0355301715201	-0.00824402713617	-0.0170869180823	-0.00745575892346	-0.0240683754237	0.00307947687453	-0.00436589936347	-0.0330013464274	-0.00642033721561	-0.0369494312858	-0.00188287162282	-0.0934480741421	-0.0614773797801	-0.0495420702709	0.00223009530675	0.0277457350198	-0.0533268872067	-0.0405005015325	-0.0567610044857	0.00269227582348	0.0968895929524	0.016225467603	0.0127258718729	-0.0597340478699	1.0	0.0140740287233	0.0113698119582	0.0259296199095	0.00482599427389	0.0264710017785	-0.0776932151991	-0.0258182903096	0.00765129621436	0.0207131376336	-0.048079474184	-0.044947120005	-0.0150026510061	0.0178846943787	0.0414649820524	-0.0125189294656	-0.0202677820187	0.0387437830334	0.00787959762931	0.00607943953286	0.00877443758287	-0.0180821712963	0.00249654656005	0.0329888625111	-0.0563308944725	-0.00875497198831	-0.00382995790404	-0.0304803061763	0.00814177490552	-0.0404417809274
