#taxonomy	k__Bacteria;p__Bacteroidetes;c__Bacteroidia;o__Bacteroidales;f__Bacteroidaceae;g__Bacteroides;s__Bacteroides_vulgatus	k__Bacteria;p__Bacteroidetes;c__Bacteroidia;o__Bacteroidales;f__Bacteroidaceae;g__Bacteroides;s__Bacteroides_uniformis	k__Bacteria;p__Bacteroidetes;c__Bacteroidia;o__Bacteroidales;f__Rikenellaceae;g__Alistipes;s__Alistipes_putredinis	k__Bacteria;p__Bacteroidetes;c__Bacteroidia;o__Bacteroidales;f__Prevotellaceae;g__Prevotella;s__Prevotella_copri	k__Bacteria;p__Bacteroidetes;c__Bacteroidia;o__Bacteroidales;f__Bacteroidaceae;g__Bacteroides;s__Bacteroides_stercoris	k__Bacteria;p__Bacteroidetes;c__Bacteroidia;o__Bacteroidales;f__Bacteroidaceae;g__Bacteroides;s__Bacteroides_ovatus	k__Bacteria;p__Bacteroidetes;c__Bacteroidia;o__Bacteroidales;f__Rikenellaceae;g__Alistipes;s__Alistipes_shahii	k__Bacteria;p__Firmicutes;c__Clostridia;o__Clostridiales;f__Ruminococcaceae;g__Faecalibacterium;s__Faecalibacterium_prausnitzii	k__Bacteria;p__Bacteroidetes;c__Bacteroidia;o__Bacteroidales;f__Rikenellaceae;g__Alistipes;s__Alistipes_finegoldii	k__Bacteria;p__Bacteroidetes;c__Bacteroidia;o__Bacteroidales;f__Porphyromonadaceae;g__Parabacteroides;s__Parabacteroides_distasonis	k__Bacteria;p__Bacteroidetes;c__Bacteroidia;o__Bacteroidales;f__Bacteroidaceae;g__Bacteroides;s__Bacteroides_thetaiotaomicron	k__Bacteria;p__Bacteroidetes;c__Bacteroidia;o__Bacteroidales;f__Bacteroidaceae;g__Bacteroides;s__Bacteroides_coprocola	k__Bacteria;p__Bacteroidetes;c__Bacteroidia;o__Bacteroidales;f__Bacteroidaceae;g__Bacteroides;s__Bacteroides_cellulosilyticus	k__Bacteria;p__Bacteroidetes;c__Bacteroidia;o__Bacteroidales;f__Rikenellaceae;g__Alistipes;s__Alistipes_obesi	k__Bacteria;p__Firmicutes;c__Clostridia;o__Clostridiales;f__Lachnospiraceae;g__;s__[Eubacterium]_rectale	k__Bacteria;p__Bacteroidetes;c__Bacteroidia;o__Bacteroidales;f__Bacteroidaceae;g__Bacteroides;s__Bacteroides_plebeius	k__Bacteria;p__Bacteroidetes;c__Bacteroidia;o__Bacteroidales;f__Bacteroidaceae;g__Bacteroides;s__Bacteroides_fragilis	k__Bacteria;p__Proteobacteria;c__Betaproteobacteria;o__Burkholderiales;f__Sutterellaceae;g__Sutterella;s__Sutterella_wadsworthensis	k__Bacteria;p__Bacteroidetes;c__Bacteroidia;o__Bacteroidales;f__Porphyromonadaceae;g__Barnesiella;s__Barnesiella_intestinihominis	k__Bacteria;p__Bacteroidetes;c__Bacteroidia;o__Bacteroidales;f__Odoribacteraceae;g__Odoribacter;s__Odoribacter_splanchnicus	k__Bacteria;p__Bacteroidetes;c__Bacteroidia;o__Bacteroidales;f__Bacteroidaceae;g__Bacteroides;s__Bacteroides_salyersiae	k__Bacteria;p__Firmicutes;c__Clostridia;o__Clostridiales;f__Ruminococcaceae;g__Ruminiclostridium;s__[Eubacterium]_siraeum	k__Bacteria;p__Proteobacteria;c__Betaproteobacteria;o__Burkholderiales;f__Sutterellaceae;g__Parasutterella;s__Parasutterella_excrementihominis	k__Bacteria;p__Actinobacteria;c__Actinobacteria;o__Bifidobacteriales;f__Bifidobacteriaceae;g__Bifidobacterium;s__Bifidobacterium_adolescentis	k__Bacteria;p__Firmicutes;c__Clostridia;o__Clostridiales;f__Oscillospiraceae;g__Oscillibacter;s__Oscillibacter_sp._KLE_1745	k__Bacteria;p__Bacteroidetes;c__Bacteroidia;o__Bacteroidales;f__Bacteroidaceae;g__Bacteroides;s__Bacteroides_coprophilus	k__Bacteria;p__Firmicutes;c__Clostridia;o__Clostridiales;f__Lachnospiraceae;g__Roseburia;s__Roseburia_intestinalis	k__Bacteria;p__Firmicutes;c__Clostridia;o__Clostridiales;f__Lachnospiraceae;g__Roseburia;s__Roseburia_hominis	k__Bacteria;p__Bacteroidetes;c__Bacteroidia;o__Bacteroidales;f__Porphyromonadaceae;g__Parabacteroides;s__Parabacteroides_johnsonii	k__Bacteria;p__Actinobacteria;c__Actinobacteria;o__Bifidobacteriales;f__Bifidobacteriaceae;g__Bifidobacterium;s__Bifidobacterium_longum	k__Bacteria;p__Firmicutes;c__Clostridia;o__Clostridiales;f__;g__Flavonifractor;s__Flavonifractor_plautii	k__Bacteria;p__Firmicutes;c__Clostridia;o__Clostridiales;f__Clostridiaceae;g__Clostridium;s__Clostridium_phoceensis	k__Bacteria;p__Verrucomicrobia;c__Verrucomicrobiae;o__Verrucomicrobiales;f__Akkermansiaceae;g__Akkermansia;s__Akkermansia_muciniphila	k__Bacteria;p__Bacteroidetes;c__Bacteroidia;o__Bacteroidales;f__Prevotellaceae;g__Paraprevotella;s__Paraprevotella_xylaniphila	k__Bacteria;p__Firmicutes;c__Clostridia;o__Clostridiales;f__Ruminococcaceae;g__Ruminococcus;s__Ruminococcus_callidus	k__Bacteria;p__Bacteroidetes;c__Bacteroidia;o__Bacteroidales;f__Rikenellaceae;g__Alistipes;s__Alistipes_senegalensis	k__Bacteria;p__Firmicutes;c__Clostridia;o__Clostridiales;f__Lachnospiraceae;g__Blautia;s__Blautia_sp._KLE_1732	k__Bacteria;p__Bacteroidetes;c__Bacteroidia;o__Bacteroidales;f__Bacteroidaceae;g__Bacteroides;s__Bacteroides_oleiciplenus	k__Bacteria;p__Firmicutes;c__Clostridia;o__Clostridiales;f__Ruminococcaceae;g__Ruminococcus;s__Ruminococcus_bicirculans	k__Bacteria;p__Bacteroidetes;c__Bacteroidia;o__Bacteroidales;f__Bacteroidaceae;g__Bacteroides;s__Bacteroides_fluxus	k__Bacteria;p__Bacteroidetes;c__Bacteroidia;o__Bacteroidales;f__Prevotellaceae;g__Prevotella;s__Prevotella_stercorea	k__Bacteria;p__Firmicutes;c__Clostridia;o__Clostridiales;f__Lachnospiraceae;g__Dorea;s__Dorea_longicatena	k__Bacteria;p__Firmicutes;c__Clostridia;o__Clostridiales;f__Eubacteriaceae;g__Eubacterium;s__[Eubacterium]_eligens	k__Bacteria;p__Firmicutes;c__Clostridia;o__Clostridiales;f__Ruminococcaceae;g__;s__Ruminococcaceae_bacterium_D16	k__Bacteria;p__Firmicutes;c__Clostridia;o__Clostridiales;f__Lachnospiraceae;g__Coprococcus;s__Coprococcus_comes	k__Bacteria;p__Proteobacteria;c__Gammaproteobacteria;o__Enterobacterales;f__Enterobacteriaceae;g__Escherichia;s__Escherichia_coli	k__Bacteria;p__Firmicutes;c__Clostridia;o__Clostridiales;f__Ruminococcaceae;g__Anaerotruncus;s__Anaerotruncus_colihominis	k__Bacteria;p__Firmicutes;c__Clostridia;o__Clostridiales;f__Lachnospiraceae;g__Blautia;s__Blautia_obeum	k__Bacteria;p__Bacteroidetes;c__Bacteroidia;o__Bacteroidales;f__Odoribacteraceae;g__Odoribacter;s__Odoribacter_laneus	k__Bacteria;p__Firmicutes;c__Clostridia;o__Clostridiales;f__Ruminococcaceae;g__Ruminiclostridium;s__[Clostridium]_leptum	k__Bacteria;p__Bacteroidetes;c__Bacteroidia;o__Bacteroidales;f__Porphyromonadaceae;g__Parabacteroides;s__Parabacteroides_goldsteinii	k__Bacteria;p__Firmicutes;c__Clostridia;o__Clostridiales;f__Lachnospiraceae;g__Anaerostipes;s__Anaerostipes_hadrus	k__Bacteria;p__Firmicutes;c__Clostridia;o__Clostridiales;f__Ruminococcaceae;g__Ruminococcus;s__Ruminococcus_lactaris	k__Bacteria;p__Firmicutes;c__Clostridia;o__Clostridiales;f__Clostridiaceae;g__Clostridium;s__Clostridium_sp._L2-50	k__Bacteria;p__Firmicutes;c__Clostridia;o__Clostridiales;f__Clostridiaceae;g__Clostridium;s__Clostridium_sp._M62/1	k__Bacteria;p__Firmicutes;c__Clostridia;o__Clostridiales;f__;g__Intestinimonas;s__Intestinimonas_butyriciproducens	k__Bacteria;p__Actinobacteria;c__Actinobacteria;o__Bifidobacteriales;f__Bifidobacteriaceae;g__Bifidobacterium;s__Bifidobacterium_bifidum	k__Bacteria;p__Firmicutes;c__Negativicutes;o__Veillonellales;f__Veillonellaceae;g__Dialister;s__Dialister_invisus	k__Bacteria;p__Bacteroidetes;c__Bacteroidia;o__Bacteroidales;f__Bacteroidaceae;g__Bacteroides;s__Bacteroides_salanitronis
k__Bacteria;p__Bacteroidetes;c__Bacteroidia;o__Bacteroidales;f__Bacteroidaceae;g__Bacteroides;s__Bacteroides_vulgatus	1.0	0.0272182930782	0.0069897493315	-0.016743304076	0.0178833177276	-0.0339268411275	-0.112355566259	-0.0473660868133	0.0322299359174	-0.00629849665873	-0.0490554852055	-0.106679802575	0.0180585841966	-0.0645899876953	-0.00587400904013	0.015139025226	0.0679340282494	0.0223977437692	0.0313925934041	-0.00476593134479	0.0084331218888	0.0174618581283	0.00132164877516	-0.0329163728383	-0.0403979466834	-0.0420381273997	-0.000195732402554	0.0456611602841	-0.0350541071885	0.0319319854583	-0.00148459516924	0.0589883080169	-0.0115041413257	-0.00429288722992	0.0200849781383	-0.0824001420772	-0.0286077718149	-0.0558998638245	-0.0704259877244	-0.0224071002646	0.0199842716578	-0.00850427643315	0.00939792788999	0.0564381154816	0.0262114468385	0.0686777789924	-0.0140091630163	-0.0119827123855	-0.0322766642804	-0.0489217182579	0.0422130493151	-0.0302332165328	-0.0650180249184	0.00181139071976	-0.0100146127101	0.0129705986634	-0.00726868723907	-0.0378458470494	0.0182422113486
k__Bacteria;p__Bacteroidetes;c__Bacteroidia;o__Bacteroidales;f__Bacteroidaceae;g__Bacteroides;s__Bacteroides_uniformis	0.0272182930782	1.0	0.0370220406745	0.00659660118832	0.0119969887456	0.052143677371	-0.0249669798136	0.0501839980202	-0.0248261118303	-0.0625777897271	-0.14193070287	-0.014518323796	0.0062611798413	-0.0287662798041	-0.0287702052664	0.0300137273157	0.00299173408857	-0.080244785532	0.0246129669216	-0.0374357735854	0.0104538898975	-0.0216072301167	-0.0282678109136	-0.0233649626897	0.0264003865936	0.0437522158712	-0.061505930849	0.0105213121918	0.00254109155189	-0.0250779194796	0.0112952157209	0.0183694453671	0.0190683943791	0.0671832770825	-0.00713204742232	-0.0274189084788	0.0259214709744	0.00416291799931	-0.0590184878004	0.0364372247281	-0.0418625682634	0.0857524880503	-0.0229164935207	-0.0151717142336	-0.0224033991973	0.00171441164866	-0.0514546913121	-0.00116932873661	-0.0286042063914	0.0215332554647	0.0341692353099	-0.0101855214238	-0.0280527233471	0.0352381565343	-0.12331657154	0.0116130949914	-0.0687528034425	0.00766309174533	-0.0349881361588
k__Bacteria;p__Bacteroidetes;c__Bacteroidia;o__Bacteroidales;f__Rikenellaceae;g__Alistipes;s__Alistipes_putredinis	0.0069897493315	0.0370220406745	1.0	0.0105030152611	-0.119343561532	-0.00459236644802	-0.0549162651381	-0.0386940748478	-0.0117381593508	0.0166354823298	-0.0827770783327	-0.0167399576355	0.0292375277038	0.0661066419828	0.0132428610931	0.0272251971817	-0.00708615116306	0.00143562745992	-0.0322350510676	-0.0347500775707	-0.00711943559698	0.0320429651045	0.0273439185406	-0.0145492942655	0.0152072076281	-0.0256553807802	-0.0498995890418	-0.0202761648436	-0.00197551425233	-0.0492199551641	0.0534203293242	0.0239268851819	-0.0249289489481	-0.00197860567207	-0.0243530154108	0.0640506396523	-0.0711240289879	0.00684427740807	0.0133163848734	0.035158302135	-0.0338799748244	0.0347193309966	-0.0131298204846	0.00787670841205	-0.0181495841435	-0.0754237771867	-0.00502584203603	-0.025679853144	-0.0336815505964	0.00994928209579	-0.0196066279229	0.0366580644967	-0.0329237036703	0.0465693225262	-0.010440606393	-0.0463806150886	0.00370150619491	-0.00264291223915	-0.0172919605725
k__Bacteria;p__Bacteroidetes;c__Bacteroidia;o__Bacteroidales;f__Prevotellaceae;g__Prevotella;s__Prevotella_copri	-0.016743304076	0.00659660118832	0.0105030152611	1.0	0.0505588589391	0.00741779827081	0.0472642713622	0.0312518218584	0.0321867726889	-0.126655371681	0.0258934621633	-0.0363064181048	-0.0961432915389	-0.0414414592503	-0.0292466796239	-0.0290946550756	-0.0223768536248	-0.00789938188671	0.0103572535918	0.0160732826501	-0.0533055511104	0.00936654611648	-0.0322924756647	0.025529224981	0.0514415309176	-0.0319866694449	0.019426821998	0.00301175055099	0.0245427776101	-0.0423361053627	0.0457026846517	0.00298366109991	0.00483555598443	-0.00349332784918	-0.0915527996001	0.0741071825117	-0.00452744504612	0.0368661533331	0.0354568953887	-0.0780295976373	-0.00240948822926	-0.0121497042414	0.0269856653002	-0.0452376465464	0.0225549779007	-0.026784886641	-0.0313545216354	0.0324607569245	0.000700665833411	-0.0264354512154	-0.0173021369794	0.0348614360278	-0.054131028664	0.000209168495441	0.0500097042907	0.100716476038	0.0351085213106	-0.00889696275584	-0.0240412854159
k__Bacteria;p__Bacteroidetes;c__Bacteroidia;o__Bacteroidales;f__Bacteroidaceae;g__Bacteroides;s__Bacteroides_stercoris	0.0178833177276	0.0119969887456	-0.119343561532	0.0505588589391	1.0	0.0614742647953	0.0494194022985	0.0141405896291	-0.00879680579379	0.0873244641121	-0.0192238542217	0.0388080160254	0.0426740236006	0.0149979828708	-0.0365070371652	0.0478861815255	0.00421263991839	0.00697556412091	0.0252259258489	-0.00927221840442	-0.0233304590097	-0.0301825696472	-0.0222498651742	-0.0634261835179	0.0278515217953	-0.0142914812419	-0.016002689126	-0.00725513516457	0.00309190564254	-0.0161155614545	0.0413986716041	-0.0200355008148	-0.0226082014602	0.0138619496827	-0.0135087634205	-0.00859075870799	-0.0436012081327	0.024749029922	-0.00889863094739	-0.0504506381048	-0.0019837121512	-0.032204496275	-0.0235287035482	0.00905089834803	-0.0270306797307	-0.000127820027009	-0.0384267421429	-0.0436069018304	-0.0425889401854	-0.0112600531894	-0.034015224348	-0.023490606775	-0.04098472911	0.0319820101338	-0.0840980132185	0.0143033766418	-0.0117931385296	-0.0629765717327	-0.00772937304434
k__Bacteria;p__Bacteroidetes;c__Bacteroidia;o__Bacteroidales;f__Bacteroidaceae;g__Bacteroides;s__Bacteroides_ovatus	-0.0339268411275	0.052143677371	-0.00459236644802	0.00741779827081	0.0614742647953	1.0	0.0223774693782	-0.00236764553413	-0.0377148263182	0.0189184109069	0.0107744332978	-0.0868070435689	0.0047405984521	0.0298489708586	0.0189944467875	-0.0156959804683	-0.0188436225161	0.0496154762408	-0.0319005651497	-0.0377925070799	-0.0663630598456	-0.0310662226452	-0.0101992451974	0.0348214540587	-0.0419507770685	0.0309216916363	-0.0289271401521	-0.0540831984389	0.0365310768186	-0.00960225913888	0.0199405028662	-0.0437585084337	0.027446309275	-0.0384704038373	-0.00835602749468	0.00507082135241	-0.0548615571186	-0.0465221674548	0.0773299139063	-0.0559746810631	0.00701486907295	0.0143618064697	0.0134382617602	-0.0548764669369	-0.015597706447	-0.0427680159868	-0.0456156414736	0.0146000426205	-0.0291854651003	0.0358318818993	-0.0789910478476	0.0173178307428	0.0710251475568	0.0152173523944	-0.0127837365448	-0.0717280577649	0.00378784844638	-0.0536837597305	-0.115092597149
k__Bacteria;p__Bacteroidetes;c__Bacteroidia;o__Bacteroidales;f__Rikenellaceae;g__Alistipes;s__Alistipes_shahii	-0.112355566259	-0.0249669798136	-0.0549162651381	0.0472642713622	0.0494194022985	0.0223774693782	1.0	-0.0309408721081	0.0156755689587	-0.0156847826969	0.0148671400268	0.022905646981	0.0312399168171	0.00301790629363	-0.0377641583793	0.0306702863711	-0.00964405712931	-0.0553437215044	-0.0318248805597	0.0215049160964	0.0732960345574	0.041702884896	-0.066072660058	0.00202281731769	0.0349479866712	0.0304395122839	-0.0645491495941	0.0111037962135	-0.0261397651256	0.043593329597	0.0331911437206	0.0291057985883	-0.0296549491227	0.0323074543399	0.0313162604218	0.0164304184678	-0.0106815833653	-0.0198671844846	-0.0101268956161	-0.000397832130872	-0.0452688377742	-0.0198017257374	0.0338153865301	-0.0618252570403	-0.0466537005958	-0.0145764938119	-0.0204855568796	0.0367997512072	0.0117733296821	-0.00175472594982	-0.00684625309443	-0.0380352926893	-0.0282560285734	-0.0608079674496	-0.0191672468771	-0.0364793427629	-0.0446888792388	-0.033012337649	-0.00876154428459
k__Bacteria;p__Firmicutes;c__Clostridia;o__Clostridiales;f__Ruminococcaceae;g__Faecalibacterium;s__Faecalibacterium_prausnitzii	-0.0473660868133	0.0501839980202	-0.0386940748478	0.0312518218584	0.0141405896291	-0.00236764553413	-0.0309408721081	1.0	-0.0162792876371	0.0438281836387	-0.0189886009436	0.0378278259735	-0.0503027044497	0.0142630466289	-6.66999603935e-07	-0.00975658428599	-0.0062918723065	0.0277311707138	0.0160447492475	-0.0645655535607	-0.0218587343408	0.0042075896569	-0.00063489868252	-0.0496865728389	0.00410025951216	-0.0476959957753	-0.0116227575517	-0.0602415680251	-0.00455425065343	-0.0678827336316	0.0292314495162	-0.0452686123134	-0.0448793468175	0.0106059637002	-0.0511564914716	0.0113086547418	0.026768925999	0.0313367573503	0.0130677913504	0.0382473545491	-0.0527832811201	0.0631831165857	0.00596536324686	-0.0495224914901	-0.0307098264665	-0.0553090163205	-0.0473181789062	0.0488597051742	0.0901472993807	-0.00203631626144	0.0107845989435	-0.0509388618286	-0.0153697029039	-0.049704313836	0.0324504623285	0.0746824106392	0.0192542608841	-0.0202729719929	-0.0367982083125
k__Bacteria;p__Bacteroidetes;c__Bacteroidia;o__Bacteroidales;f__Rikenellaceae;g__Alistipes;s__Alistipes_finegoldii	0.0322299359174	-0.0248261118303	-0.0117381593508	0.0321867726889	-0.00879680579379	-0.0377148263182	0.0156755689587	-0.0162792876371	1.0	-0.0656806995036	0.0520391403943	-0.0696106636165	-0.0705053602738	-0.00662556795177	-0.0702668462711	-0.0328885383632	-0.0378967952626	0.000186783374269	-0.00835566856992	0.0249793341155	-0.00100861456778	-0.0186269822507	0.0700144820926	-0.0470082774002	-0.0146703361518	-0.036988834568	0.0637597758751	0.0592128019955	0.0232581531018	0.0173185686718	-0.0461428355311	-0.0195511476082	0.0745711963453	-0.0803553158172	0.012331088625	0.0136870141579	0.035680691106	-0.0375664378907	-0.0277149924893	-0.0492052075468	-0.0542123330184	-0.0403267237979	-0.044317066364	0.0310319124808	0.0111721724547	-0.0315494196671	0.00946356475315	0.0151481127796	-0.0126781782048	-0.0250956563386	0.0188569988102	-0.00215256086649	-0.0122496564374	-0.0111079544072	0.0426951061825	-0.0493740329217	-0.0298838077544	0.0187169154798	0.0674704588499
k__Bacteria;p__Bacteroidetes;c__Bacteroidia;o__Bacteroidales;f__Porphyromonadaceae;g__Parabacteroides;s__Parabacteroides_distasonis	-0.00629849665873	-0.0625777897271	0.0166354823298	-0.126655371681	0.0873244641121	0.0189184109069	-0.0156847826969	0.0438281836387	-0.0656806995036	1.0	-0.00315001849968	0.0778674429546	-0.00892124271818	-0.0506288703912	-0.00482178264516	0.000494296921739	-0.00381755192925	-0.00731021407176	0.0328642263687	-0.0156588221358	0.00953930345268	-0.0145684153611	-0.0151035331426	0.0779931075717	-0.0585841711871	-0.00457351454962	0.0419426447796	-0.0392480648389	0.0177785916443	0.0778004780832	-0.00724586454983	-0.00906650223207	0.0011654048567	0.0243081821592	0.00639746256359	0.0962058922083	-0.0500958249827	-0.0623275736605	0.0113359068122	-0.017670784933	-0.0141259127632	-0.0758911690209	-0.0658016562983	0.0129297976991	0.0225128539608	-0.0169313880397	0.00726973728643	-0.026051767433	0.0174216917268	-0.009559950899	-0.0915548692074	-0.0252987141452	0.0648991858677	-0.0627565302725	-0.0355350395958	-0.120784199314	0.0157459352256	-0.00164075908301	-0.0414654787106
k__Bacteria;p__Bacteroidetes;c__Bacteroidia;o__Bacteroidales;f__Bacteroidaceae;g__Bacteroides;s__Bacteroides_thetaiotaomicron	-0.0490554852055	-0.14193070287	-0.0827770783327	0.0258934621633	-0.0192238542217	0.0107744332978	0.0148671400268	-0.0189886009436	0.0520391403943	-0.00315001849968	1.0	-0.00814537074542	-0.0151844339145	-0.0255182066875	-0.0174186785614	0.0538979514438	0.0278979093477	0.0273696481348	0.0414879652694	-0.0556031820465	-0.0575459227751	-0.0183148408227	0.0167945265578	-0.0206699104429	0.0551138187707	0.0230580654939	0.00393134658553	-0.0619271944963	-0.0536699500159	-0.0632002169431	-0.0155878566161	0.0223004175739	0.0114203206337	-0.00619334856624	-0.0448162961874	-0.0184476280049	-0.0539261471124	0.044996148203	0.00894127234318	0.00674857099651	-0.0289021620829	-0.0304502396217	-0.0296740593979	-0.0166208427922	-0.0387806230757	-0.00607328283135	-0.0227839004808	0.00823462814666	0.0161263626243	-0.0413825381106	-0.0143699474902	0.0146898739963	6.91420425851e-05	-0.0680660704449	-0.0511341349495	-0.0273674849732	-3.89190747835e-06	-0.0190615849499	0.0279749157026
k__Bacteria;p__Bacteroidetes;c__Bacteroidia;o__Bacteroidales;f__Bacteroidaceae;g__Bacteroides;s__Bacteroides_coprocola	-0.106679802575	-0.014518323796	-0.0167399576355	-0.0363064181048	0.0388080160254	-0.0868070435689	0.022905646981	0.0378278259735	-0.0696106636165	0.0778674429546	-0.00814537074542	1.0	-0.00635465142339	-0.0205298886866	0.0271442474422	0.00502514446837	-0.0325132292083	0.0186549909996	0.0254406369933	0.0329470015354	0.0132537639938	0.0189386563981	-0.0219880414865	0.00698294562162	-0.0336140358448	-0.0179747568957	-0.00261104470718	-0.0341779793175	0.00379953790058	0.0367507974697	-0.1074481306	-0.0468269916221	0.0011687808615	0.0480701628269	-0.0122244919556	-0.0114402126436	-0.0212296825924	0.0153026086487	-0.0160897498299	0.0471630485376	-0.00313714846134	-0.0394883480633	-0.0239197996646	-0.0708539105058	-0.0685241766633	0.0017956531762	-0.0108316867269	-0.000419285774041	-0.0116028767055	-0.0234875710843	0.00644439456786	0.00114049951534	-0.00550460460965	-0.0325861581254	-0.00992028388373	0.0739511783444	-0.00961922604181	0.0154406391999	-0.0202389745784
k__Bacteria;p__Bacteroidetes;c__Bacteroidia;o__Bacteroidales;f__Bacteroidaceae;g__Bacteroides;s__Bacteroides_cellulosilyticus	0.0180585841966	0.0062611798413	0.0292375277038	-0.0961432915389	0.0426740236006	0.0047405984521	0.0312399168171	-0.0503027044497	-0.0705053602738	-0.00892124271818	-0.0151844339145	-0.00635465142339	1.0	-0.00704574305539	0.0257258004599	-0.0387347768202	-0.0331296591386	-0.127210304053	0.0424511504966	-0.0119072265236	-0.0085483690401	-0.0997998809315	-0.0172954096022	-0.0419611248832	0.0206525892948	-0.00851285247896	-0.0109791816771	-0.0566372745216	-0.0360259649351	-0.00159033827169	0.0280118035728	-0.00181178902165	0.000954305777943	-0.0102079119488	0.034165800495	-0.0210694155313	0.016998163257	-0.00162158373929	-0.00970092855568	-0.0411814887926	0.00839798292024	0.0236092043449	-0.0361410381682	0.0262009551072	0.0282969483329	-0.0329615900001	0.0228286791774	-0.000955917110542	0.04488024854	0.0112132160766	-0.00432065478616	-0.0252457747498	-0.0115401787378	-0.0360023183048	-0.0247961091698	0.0446677332709	-0.0105648102384	0.031491650348	-0.00411316313041
k__Bacteria;p__Bacteroidetes;c__Bacteroidia;o__Bacteroidales;f__Rikenellaceae;g__Alistipes;s__Alistipes_obesi	-0.0645899876953	-0.0287662798041	0.0661066419828	-0.0414414592503	0.0149979828708	0.0298489708586	0.00301790629363	0.0142630466289	-0.00662556795177	-0.0506288703912	-0.0255182066875	-0.0205298886866	-0.00704574305539	1.0	0.0432247204317	-0.0357607122719	-0.00193552593963	-0.0114637271541	-0.049271355512	-0.0267288618473	0.0264518583543	-0.0191523838071	-0.0977456637832	0.0118240918518	0.0936343977876	-0.0192239895863	0.017699297274	-0.00656266614637	-0.0299506628399	0.0208663575609	-0.0542133430412	-0.0476548700626	-0.0172435157433	0.00273669215262	-0.00450507241748	-0.0176647781612	-0.0127376514077	-0.0602016147529	-0.0326263041672	-0.0609474896211	-0.042680467929	0.0198256712083	-0.00775169651245	-0.00996080193718	0.028135236096	-0.0371723420432	0.0515155852811	-0.00773776417848	-0.0164189563235	0.0167140938837	-0.0116282939223	-0.00133717456391	-0.0381137274314	0.0515839846337	-0.0901718620574	-0.0533090072203	0.00201944082394	0.0124446179505	0.0622177227792
k__Bacteria;p__Firmicutes;c__Clostridia;o__Clostridiales;f__Lachnospiraceae;g__;s__[Eubacterium]_rectale	-0.00587400904013	-0.0287702052664	0.0132428610931	-0.0292466796239	-0.0365070371652	0.0189944467875	-0.0377641583793	-6.6699960402e-07	-0.0702668462711	-0.00482178264516	-0.0174186785614	0.0271442474422	0.0257258004599	0.0432247204317	1.0	-0.0740264846714	-0.0137128643924	-0.00472808344732	-0.0471734881585	-0.0616167574731	-0.0405422520238	-0.0442826466215	-0.00595203887096	0.0257383095817	0.0134389061804	0.0722689462033	0.000275530702355	0.0244605163022	0.0612448206433	-0.00668556670684	0.0334360246433	-0.0189266423757	-0.0430595631709	-0.00233419298339	0.0230052195299	-0.0659654427252	-0.00119201464564	0.0680247826082	0.011588632338	0.0012189423336	0.0196769669864	0.0226750904605	-0.00334399227021	0.0101388308164	0.0297137877358	-0.0706249123162	-0.00960571462836	0.052207576574	0.00809107622535	-0.0568312955633	0.0305072666286	0.0155888354146	-0.0448569534783	-0.0164546869877	-0.0563303202038	-0.023015082754	-0.0291421113565	-0.0262372125644	-0.0322293710256
k__Bacteria;p__Bacteroidetes;c__Bacteroidia;o__Bacteroidales;f__Bacteroidaceae;g__Bacteroides;s__Bacteroides_plebeius	0.015139025226	0.0300137273157	0.0272251971817	-0.0290946550756	0.0478861815255	-0.0156959804683	0.0306702863711	-0.00975658428599	-0.0328885383632	0.000494296921739	0.0538979514438	0.00502514446837	-0.0387347768202	-0.0357607122719	-0.0740264846714	1.0	0.0105167628425	0.00999862723418	-0.00844667495879	-0.0335561296397	-0.0205381031102	-0.0159042745172	-0.0197882272003	0.0260563743677	-0.0297985231688	-0.0397173776761	-0.000808336074157	-0.0345979778129	-0.0205333479589	-0.0185098378016	0.00752722604792	-0.0331033399923	0.0382455657716	0.0500538266774	0.0206056250699	-0.0163646403636	0.0624241770291	7.91919069258e-05	0.00974851008226	-0.0466691919579	-0.029337106338	-0.0558833462279	-0.0403190936367	0.0114962007628	0.0409396322245	0.0269679668698	-0.00869640748069	-0.0192088452383	0.0154815691222	-0.0126185057913	-0.0247072610816	0.0181705950218	0.0303949424189	-0.0413914800534	0.00910055836194	-0.0778097235862	-0.0768299729078	-0.0491871692529	-0.0402868875855
k__Bacteria;p__Bacteroidetes;c__Bacteroidia;o__Bacteroidales;f__Bacteroidaceae;g__Bacteroides;s__Bacteroides_fragilis	0.0679340282494	0.00299173408857	-0.00708615116306	-0.0223768536248	0.00421263991839	-0.0188436225161	-0.00964405712931	-0.0062918723065	-0.0378967952626	-0.00381755192925	0.0278979093477	-0.0325132292083	-0.0331296591386	-0.00193552593963	-0.0137128643924	0.0105167628425	1.0	-0.0244560419368	-0.00701107898437	0.00611824290296	-0.054093948618	-0.0435514875322	0.0840235979274	-0.00868333185566	-0.0347233191744	-0.0426497941266	0.0107121492733	0.0475372517416	0.0158961971521	0.0254283431808	-0.0641868361739	-0.0637838881866	-0.0324602030346	0.0314671956925	-0.082272808596	0.0151568803239	-0.020758226932	-0.0496695866125	0.00203470994571	-0.00483440586018	0.0174119128773	0.00981497248722	-0.0717675150282	-0.0158224803901	0.0413025808613	-0.0650675234632	-0.0127036764199	-0.0201504679421	-0.0334019918632	-0.0456260606965	-0.0150505029647	-0.0279816527611	0.00820863420208	-0.0165582453368	0.0664074077275	0.0606747425014	-0.00224655464768	-0.0277963380422	-0.00666783729226
k__Bacteria;p__Proteobacteria;c__Betaproteobacteria;o__Burkholderiales;f__Sutterellaceae;g__Sutterella;s__Sutterella_wadsworthensis	0.0223977437692	-0.080244785532	0.00143562745992	-0.00789938188671	0.00697556412091	0.0496154762408	-0.0553437215044	0.0277311707138	0.000186783374269	-0.00731021407176	0.0273696481348	0.0186549909996	-0.127210304053	-0.0114637271541	-0.00472808344732	0.00999862723418	-0.0244560419368	1.0	0.0330531501618	0.00154048712258	0.0178888328465	0.0575461779794	-0.0417925865428	0.0341583446796	0.0275592012538	-0.0326663986444	0.0269829712687	-0.0182405219976	0.0385649962634	0.0541336294964	-0.0122298878434	-0.0488510787144	0.030828426931	-0.0604322483361	0.0229033023237	-0.0315249561456	0.0390482896099	-0.0153107238946	0.0304710019846	0.0202573227646	0.026864257742	0.0305636347764	0.00475556133493	-0.0422154569238	-0.00630234283727	0.0639914202409	0.0226200718539	0.00450588756705	-0.0484990724702	0.00885519695067	0.0090121455791	-0.0499723315392	0.0265661650538	0.00357307475973	-0.0308937589972	0.00678352391661	-0.0341002252385	-0.0128868958317	-0.0587432096203
k__Bacteria;p__Bacteroidetes;c__Bacteroidia;o__Bacteroidales;f__Porphyromonadaceae;g__Barnesiella;s__Barnesiella_intestinihominis	0.0313925934041	0.0246129669216	-0.0322350510676	0.0103572535918	0.0252259258489	-0.0319005651497	-0.0318248805597	0.0160447492475	-0.00835566856992	0.0328642263687	0.0414879652694	0.0254406369933	0.0424511504966	-0.049271355512	-0.0471734881585	-0.00844667495879	-0.00701107898437	0.0330531501618	1.0	-0.00657491232944	-0.0268951759502	-0.0373090811529	-0.0442176987178	0.0158604277076	-0.0151033197317	-0.00790248569591	-0.0056760282925	-0.0159683613124	-0.0420611464063	-0.0773045445481	-0.0088135276153	-0.0215879092852	-0.0334560415383	-0.0135391121625	0.0152346654261	0.0173892135977	-0.013432181362	-0.00514212910907	0.0246963223921	0.0623215214266	0.0510033304772	-0.0379775329976	-0.0186509812987	-0.00970462262393	-0.00355305798818	-0.0123952548657	-0.072714287947	0.0600853040524	-0.0198640172159	-0.0619107557841	0.0232796100571	-0.0159149150307	-0.0615537617667	-0.0129698629443	-0.0198975831521	0.0455007792127	0.00200113773842	-0.00801589864835	-0.0369252944403
k__Bacteria;p__Bacteroidetes;c__Bacteroidia;o__Bacteroidales;f__Odoribacteraceae;g__Odoribacter;s__Odoribacter_splanchnicus	-0.00476593134479	-0.0374357735854	-0.0347500775707	0.0160732826501	-0.00927221840442	-0.0377925070799	0.0215049160964	-0.0645655535607	0.0249793341155	-0.0156588221358	-0.0556031820465	0.0329470015354	-0.0119072265236	-0.0267288618473	-0.0616167574731	-0.0335561296397	0.00611824290296	0.00154048712258	-0.00657491232944	1.0	-0.00520520448334	0.0353040722172	-0.0393403772583	0.0122155790462	-0.0130898455857	0.0197797872951	-0.00817809826686	-0.0170454963742	-0.0586321316971	0.00194927276638	-0.0391333312257	-0.0110776904899	0.00691374752431	0.0638936281397	-0.0550133744884	-0.0289099110278	-0.0440733220518	-0.000134483288889	0.0565473475135	-0.0245897425681	-0.0804342370455	-0.00272947164938	0.00747771665066	-0.022675013846	-0.0319920979237	0.0493876356399	0.00461575173754	-0.0461020715211	-0.0218806076548	0.000575689296873	0.048217545536	0.0451448142479	0.0116301764536	0.0609791672855	-0.0039553674885	0.0061017556036	0.0347758509956	-0.0102227993961	-0.0283905742532
k__Bacteria;p__Bacteroidetes;c__Bacteroidia;o__Bacteroidales;f__Bacteroidaceae;g__Bacteroides;s__Bacteroides_salyersiae	0.0084331218888	0.0104538898975	-0.00711943559698	-0.0533055511104	-0.0233304590097	-0.0663630598456	0.0732960345574	-0.0218587343408	-0.00100861456778	0.00953930345268	-0.0575459227751	0.0132537639938	-0.0085483690401	0.0264518583543	-0.0405422520238	-0.0205381031102	-0.054093948618	0.0178888328465	-0.0268951759502	-0.00520520448334	1.0	-0.0496269986208	-0.00758659290698	0.156953180994	-0.00525323855278	-0.00734211899214	0.030241435092	0.0259198854946	-0.026176597505	-0.0128628418368	0.0417245775147	0.0607334555962	-0.0521576585668	-0.047538902582	2.48334753421e-05	-0.0396217950207	-0.00970667503524	0.00698887465961	0.0134420256975	-0.00249544129273	-0.0108961733341	0.0215627728771	-0.0507758437272	0.0114784678416	-0.0497741135772	-0.0852386576433	-0.0671560064496	0.0247430232993	0.0361434676952	-0.0413516158827	0.0037141365959	-0.0146089201168	-0.0288953866532	-0.0108470077959	0.0060434100379	-0.0679830104236	-0.0631203871565	0.0311110879486	-0.027676380333
k__Bacteria;p__Firmicutes;c__Clostridia;o__Clostridiales;f__Ruminococcaceae;g__Ruminiclostridium;s__[Eubacterium]_siraeum	0.0174618581283	-0.0216072301167	0.0320429651045	0.00936654611648	-0.0301825696472	-0.0310662226452	0.041702884896	0.0042075896569	-0.0186269822507	-0.0145684153611	-0.0183148408227	0.0189386563981	-0.0997998809315	-0.0191523838071	-0.0442826466215	-0.0159042745172	-0.0435514875322	0.0575461779794	-0.0373090811529	0.0353040722172	-0.0496269986208	1.0	-0.0849931737732	0.000636890823268	-0.00219857854425	0.0534799943578	0.0107871046772	-0.029048709598	-0.0257375630384	-0.0402996138309	-0.0366006892321	0.00550289880634	-0.0128685657535	0.0257511127615	0.0465184898234	0.0295103633998	0.0209772422001	0.0459099043305	-0.0299693309157	-0.0831280725598	-0.0258157369101	-0.0527683168632	0.0543996004488	-0.0386167980865	0.00566334621007	0.000274174889847	-0.0347963049277	0.0519828371794	0.00396036078807	0.0593009329946	-0.0367054735736	0.0331338808178	-0.0514358031433	0.0499741599347	-0.0385113878752	0.0202333039271	0.0398416135457	-0.00312218831174	-0.0425556143754
k__Bacteria;p__Proteobacteria;c__Betaproteobacteria;o__Burkholderiales;f__Sutterellaceae;g__Parasutterella;s__Parasutterella_excrementihominis	0.00132164877516	-0.0282678109136	0.0273439185406	-0.0322924756647	-0.0222498651742	-0.0101992451974	-0.066072660058	-0.00063489868252	0.0700144820926	-0.0151035331426	0.0167945265578	-0.0219880414865	-0.0172954096022	-0.0977456637832	-0.00595203887096	-0.0197882272003	0.0840235979274	-0.0417925865428	-0.0442176987178	-0.0393403772583	-0.00758659290698	-0.0849931737732	1.0	-0.0842736298918	-0.0298290045071	0.00645381570132	-0.0544975652606	-0.00796982430916	0.0293027015719	-0.0301521022434	0.0467518600813	0.0537146632122	-0.0388226452069	-0.0040510773281	0.00530656151115	0.0775754116661	-0.0243695231331	0.00933627200624	0.0393265071816	0.0042475247843	0.0549053973364	-0.0952881192071	-0.00737196606421	0.0139358409954	0.0685932998807	0.0499555751926	-0.0150478577998	0.0118538413735	0.0183632669393	-0.00987986521436	-0.0691958732989	-0.0205247353911	0.0883037249413	-0.0699660793403	0.0594034595183	-0.013611366894	-0.00795625456284	0.0463128062642	0.00740868806353
k__Bacteria;p__Actinobacteria;c__Actinobacteria;o__Bifidobacteriales;f__Bifidobacteriaceae;g__Bifidobacterium;s__Bifidobacterium_adolescentis	-0.0329163728383	-0.0233649626897	-0.0145492942655	0.025529224981	-0.0634261835179	0.0348214540587	0.00202281731769	-0.0496865728389	-0.0470082774002	0.0779931075717	-0.0206699104429	0.00698294562162	-0.0419611248832	0.0118240918518	0.0257383095817	0.0260563743677	-0.00868333185566	0.0341583446796	0.0158604277076	0.0122155790462	0.156953180994	0.000636890823268	-0.0842736298918	1.0	0.0282445407412	0.030129572208	-0.00845658522961	-0.0622599964805	-0.00954945571489	0.0155074181369	-0.0331132314425	0.0114208457482	-0.0214359501974	0.0414726114207	0.0348044949949	-0.023570610153	-0.0227207332525	0.045296196679	0.0116140819374	-0.0370606267004	-0.0131445587527	-0.0160964869211	0.0177471443691	-0.0177957406744	-0.0403443307841	0.00295010687507	-0.054818239222	-0.0455365965017	-0.0237265132627	-0.058921532653	-0.0471430084766	0.00915079143172	0.0244794851644	0.0478188565324	-7.46044214461e-05	-0.00631009353552	-0.0359831683036	-0.0297068853934	0.00865835679678
k__Bacteria;p__Firmicutes;c__Clostridia;o__Clostridiales;f__Oscillospiraceae;g__Oscillibacter;s__Oscillibacter_sp._KLE_1745	-0.0403979466834	0.0264003865936	0.0152072076281	0.0514415309176	0.0278515217953	-0.0419507770685	0.0349479866712	0.00410025951216	-0.0146703361518	-0.0585841711871	0.0551138187707	-0.0336140358448	0.0206525892948	0.0936343977876	0.0134389061804	-0.0297985231688	-0.0347233191744	0.0275592012538	-0.0151033197317	-0.0130898455857	-0.00525323855278	-0.00219857854425	-0.0298290045071	0.0282445407412	1.0	-0.00852488025754	-0.0533008446571	-0.0143031445157	0.0344477305434	-0.0917288306235	-0.00580286926234	-0.038362677693	-0.00189038471095	0.0124617883572	-0.0502775281236	0.0496812849431	-0.0561841440844	-0.0195811791815	0.0563668469059	0.0251150618867	-0.0644184413411	-0.0405151218282	0.00414326757466	-0.044362072687	-0.0139568905252	-0.0380140624073	-0.0428227587666	0.00428284726689	0.0158274067791	0.0311084243708	-0.0472674913181	-0.00988255218346	-0.0396143027638	-0.0126227850841	0.0302878463089	-0.0234690313501	-0.00871566368889	0.0116219122788	-0.0134116792901
k__Bacteria;p__Bacteroidetes;c__Bacteroidia;o__Bacteroidales;f__Bacteroidaceae;g__Bacteroides;s__Bacteroides_coprophilus	-0.0420381273997	0.0437522158712	-0.0256553807802	-0.0319866694449	-0.0142914812419	0.0309216916363	0.0304395122839	-0.0476959957753	-0.036988834568	-0.00457351454962	0.0230580654939	-0.0179747568957	-0.00851285247896	-0.0192239895863	0.0722689462033	-0.0397173776761	-0.0426497941266	-0.0326663986444	-0.00790248569591	0.0197797872951	-0.00734211899214	0.0534799943578	0.00645381570132	0.030129572208	-0.00852488025754	1.0	-0.0412471209635	-0.0244263063126	0.000714555472829	0.00646570272902	-0.0606131391694	-0.0329292143086	-0.0166975641278	-0.00179871774895	0.00100682167382	-0.0243485441351	0.00681339532712	0.0359520497972	-0.026688209533	-0.0170278192787	0.0437999666089	-0.0706874408717	-0.024847935437	-0.0530094756903	0.0603019394274	0.00883075863702	-0.0188804478201	-0.0320616156652	-0.0134374115653	0.0391776464639	-0.0257934780121	-0.00795536846625	-0.0121438633844	-0.0208196934029	-0.0072203219696	-0.0170136625257	-0.0244425643771	-0.0512429750392	-0.0293034733155
k__Bacteria;p__Firmicutes;c__Clostridia;o__Clostridiales;f__Lachnospiraceae;g__Roseburia;s__Roseburia_intestinalis	-0.000195732402554	-0.061505930849	-0.0498995890418	0.019426821998	-0.016002689126	-0.0289271401521	-0.0645491495941	-0.0116227575517	0.0637597758751	0.0419426447796	0.00393134658553	-0.00261104470718	-0.0109791816771	0.017699297274	0.000275530702355	-0.000808336074157	0.0107121492733	0.0269829712687	-0.0056760282925	-0.00817809826686	0.030241435092	0.0107871046772	-0.0544975652606	-0.00845658522961	-0.0533008446571	-0.0412471209635	1.0	-0.0141052677123	0.0334966375351	-0.0260100568486	-0.00341464001842	0.0092757604883	0.0603688819938	-0.0695355096403	-0.0562694229193	-0.0579874987007	-0.0391052720493	-0.0801025721164	-0.00117180930904	-0.00779514897104	0.0269068742168	0.0269812479928	-0.0164469866898	0.0443141280744	0.0385350935321	-0.0123273475622	-0.021199976202	-0.0203694774033	0.00895716871804	-0.0289534566548	0.0252359543811	0.0392791557747	-0.0142962815524	-0.0325886066981	0.0149937800121	-0.0331537373066	0.0411148195134	0.013490489671	-0.0311732584886
k__Bacteria;p__Firmicutes;c__Clostridia;o__Clostridiales;f__Lachnospiraceae;g__Roseburia;s__Roseburia_hominis	0.0456611602841	0.0105213121918	-0.0202761648436	0.00301175055099	-0.00725513516457	-0.0540831984389	0.0111037962135	-0.0602415680251	0.0592128019955	-0.0392480648389	-0.0619271944963	-0.0341779793175	-0.0566372745216	-0.00656266614637	0.0244605163022	-0.0345979778129	0.0475372517416	-0.0182405219976	-0.0159683613124	-0.0170454963742	0.0259198854946	-0.029048709598	-0.00796982430916	-0.0622599964805	-0.0143031445157	-0.0244263063126	-0.0141052677123	1.0	-0.0429606864404	-0.0236078556528	0.00113301038354	-0.0120985162843	-0.0222690711205	0.0121375476306	-0.0750324894611	-0.002131833523	0.0816727959092	0.0187013029934	0.0561336539839	-0.00455901243111	-0.0300206446852	0.0291386894243	0.0193110944171	0.0273519523681	-0.0643512286196	-0.0590041014776	-0.0177837300006	-0.0258356436048	-0.0206681621973	0.0397282521303	-0.0315561816961	-0.0749677108972	0.0699877949291	0.0381006800872	0.0558926914217	0.00573356904449	-0.031870473479	-0.00803809468613	-0.0418164830006
k__Bacteria;p__Bacteroidetes;c__Bacteroidia;o__Bacteroidales;f__Porphyromonadaceae;g__Parabacteroides;s__Parabacteroides_johnsonii	-0.0350541071885	0.00254109155189	-0.00197551425233	0.0245427776101	0.00309190564254	0.0365310768186	-0.0261397651256	-0.00455425065343	0.0232581531018	0.0177785916443	-0.0536699500159	0.00379953790058	-0.0360259649351	-0.0299506628399	0.0612448206433	-0.0205333479589	0.0158961971521	0.0385649962634	-0.0420611464063	-0.0586321316971	-0.026176597505	-0.0257375630384	0.0293027015719	-0.00954945571489	0.0344477305434	0.000714555472829	0.0334966375351	-0.0429606864404	1.0	0.0430895151485	-0.0397003893628	-0.0366636648441	0.00262064637639	0.0592433982935	0.0191890567427	0.0239580449164	-0.0545900011099	-0.010626066207	-0.0233634034616	0.0200440134955	-0.0391258074956	-0.0612906624328	0.0568450609287	0.0452219394169	-0.033223502586	-0.00521083010805	0.00253417254887	-0.0566980886832	-0.0425782650512	0.0143881157523	-0.022151836716	0.00511352264962	-0.0342695848352	0.00233351791027	-0.0499312415321	-0.0474261709971	0.0259826061378	0.088307882316	-0.023843382622
k__Bacteria;p__Actinobacteria;c__Actinobacteria;o__Bifidobacteriales;f__Bifidobacteriaceae;g__Bifidobacterium;s__Bifidobacterium_longum	0.0319319854583	-0.0250779194796	-0.0492199551641	-0.0423361053627	-0.0161155614545	-0.00960225913888	0.043593329597	-0.0678827336316	0.0173185686718	0.0778004780832	-0.0632002169431	0.0367507974697	-0.00159033827169	0.0208663575609	-0.00668556670684	-0.0185098378016	0.0254283431808	0.0541336294964	-0.0773045445481	0.00194927276638	-0.0128628418368	-0.0402996138309	-0.0301521022434	0.0155074181369	-0.0917288306235	0.00646570272902	-0.0260100568486	-0.0236078556528	0.0430895151485	1.0	-0.0203179996179	-0.0452152995884	0.0250634378743	-0.0660727777869	-0.0180435236622	-0.0131664158842	0.0295813098944	-0.0413504203091	0.0273137287654	0.034643082014	-0.00861468569714	-0.0039534997367	0.0470826269587	-0.0635971408608	-0.0234613893257	-0.0375682052014	-0.0291635513925	-0.0212207631093	0.0148758958625	-0.0421807366224	0.0578348687733	-0.0288857465777	0.0106724963513	-0.0455677734117	-0.0344016311001	-0.0215016601525	0.050239983175	-0.0023757570353	0.0322770714845
