#taxonomy	k__Bacteria;p__Bacteroidetes;c__Bacteroidia;o__Bacteroidales;f__Bacteroidaceae;g__Bacteroides;s__Bacteroides_vulgatus	k__Bacteria;p__Bacteroidetes;c__Bacteroidia;o__Bacteroidales;f__Bacteroidaceae;g__Bacteroides;s__Bacteroides_uniformis	k__Bacteria;p__Bacteroidetes;c__Bacteroidia;o__Bacteroidales;f__Rikenellaceae;g__Alistipes;s__Alistipes_putredinis	k__Bacteria;p__Bacteroidetes;c__Bacteroidia;o__Bacteroidales;f__Prevotellaceae;g__Prevotella;s__Prevotella_copri	k__Bacteria;p__Bacteroidetes;c__Bacteroidia;o__Bacteroidales;f__Bacteroidaceae;g__Bacteroides;s__Bacteroides_stercoris	k__Bacteria;p__Bacteroidetes;c__Bacteroidia;o__Bacteroidales;f__Bacteroidaceae;g__Bacteroides;s__Bacteroides_ovatus	k__Bacteria;p__Bacteroidetes;c__Bacteroidia;o__Bacteroidales;f__Rikenellaceae;g__Alistipes;s__Alistipes_shahii	k__Bacteria;p__Firmicutes;c__Clostridia;o__Clostridiales;f__Ruminococcaceae;g__Faecalibacterium;s__Faecalibacterium_prausnitzii	k__Bacteria;p__Bacteroidetes;c__Bacteroidia;o__Bacteroidales;f__Rikenellaceae;g__Alistipes;s__Alistipes_finegoldii	k__Bacteria;p__Bacteroidetes;c__Bacteroidia;o__Bacteroidales;f__Porphyromonadaceae;g__Parabacteroides;s__Parabacteroides_distasonis	k__Bacteria;p__Bacteroidetes;c__Bacteroidia;o__Bacteroidales;f__Bacteroidaceae;g__Bacteroides;s__Bacteroides_thetaiotaomicron	k__Bacteria;p__Bacteroidetes;c__Bacteroidia;o__Bacteroidales;f__Bacteroidaceae;g__Bacteroides;s__Bacteroides_coprocola	k__Bacteria;p__Bacteroidetes;c__Bacteroidia;o__Bacteroidales;f__Bacteroidaceae;g__Bacteroides;s__Bacteroides_cellulosilyticus	k__Bacteria;p__Bacteroidetes;c__Bacteroidia;o__Bacteroidales;f__Rikenellaceae;g__Alistipes;s__Alistipes_obesi	k__Bacteria;p__Firmicutes;c__Clostridia;o__Clostridiales;f__Lachnospiraceae;g__;s__[Eubacterium]_rectale	k__Bacteria;p__Bacteroidetes;c__Bacteroidia;o__Bacteroidales;f__Bacteroidaceae;g__Bacteroides;s__Bacteroides_plebeius	k__Bacteria;p__Bacteroidetes;c__Bacteroidia;o__Bacteroidales;f__Bacteroidaceae;g__Bacteroides;s__Bacteroides_fragilis	k__Bacteria;p__Proteobacteria;c__Betaproteobacteria;o__Burkholderiales;f__Sutterellaceae;g__Sutterella;s__Sutterella_wadsworthensis	k__Bacteria;p__Bacteroidetes;c__Bacteroidia;o__Bacteroidales;f__Porphyromonadaceae;g__Barnesiella;s__Barnesiella_intestinihominis	k__Bacteria;p__Bacteroidetes;c__Bacteroidia;o__Bacteroidales;f__Odoribacteraceae;g__Odoribacter;s__Odoribacter_splanchnicus	k__Bacteria;p__Bacteroidetes;c__Bacteroidia;o__Bacteroidales;f__Bacteroidaceae;g__Bacteroides;s__Bacteroides_salyersiae	k__Bacteria;p__Firmicutes;c__Clostridia;o__Clostridiales;f__Ruminococcaceae;g__Ruminiclostridium;s__[Eubacterium]_siraeum	k__Bacteria;p__Proteobacteria;c__Betaproteobacteria;o__Burkholderiales;f__Sutterellaceae;g__Parasutterella;s__Parasutterella_excrementihominis	k__Bacteria;p__Actinobacteria;c__Actinobacteria;o__Bifidobacteriales;f__Bifidobacteriaceae;g__Bifidobacterium;s__Bifidobacterium_adolescentis	k__Bacteria;p__Firmicutes;c__Clostridia;o__Clostridiales;f__Oscillospiraceae;g__Oscillibacter;s__Oscillibacter_sp._KLE_1745	k__Bacteria;p__Bacteroidetes;c__Bacteroidia;o__Bacteroidales;f__Bacteroidaceae;g__Bacteroides;s__Bacteroides_coprophilus	k__Bacteria;p__Firmicutes;c__Clostridia;o__Clostridiales;f__Lachnospiraceae;g__Roseburia;s__Roseburia_intestinalis	k__Bacteria;p__Firmicutes;c__Clostridia;o__Clostridiales;f__Lachnospiraceae;g__Roseburia;s__Roseburia_hominis	k__Bacteria;p__Bacteroidetes;c__Bacteroidia;o__Bacteroidales;f__Porphyromonadaceae;g__Parabacteroides;s__Parabacteroides_johnsonii	k__Bacteria;p__Actinobacteria;c__Actinobacteria;o__Bifidobacteriales;f__Bifidobacteriaceae;g__Bifidobacterium;s__Bifidobacterium_longum	k__Bacteria;p__Firmicutes;c__Clostridia;o__Clostridiales;f__;g__Flavonifractor;s__Flavonifractor_plautii	k__Bacteria;p__Firmicutes;c__Clostridia;o__Clostridiales;f__Clostridiaceae;g__Clostridium;s__Clostridium_phoceensis	k__Bacteria;p__Verrucomicrobia;c__Verrucomicrobiae;o__Verrucomicrobiales;f__Akkermansiaceae;g__Akkermansia;s__Akkermansia_muciniphila	k__Bacteria;p__Bacteroidetes;c__Bacteroidia;o__Bacteroidales;f__Prevotellaceae;g__Paraprevotella;s__Paraprevotella_xylaniphila	k__Bacteria;p__Firmicutes;c__Clostridia;o__Clostridiales;f__Ruminococcaceae;g__Ruminococcus;s__Ruminococcus_callidus	k__Bacteria;p__Bacteroidetes;c__Bacteroidia;o__Bacteroidales;f__Rikenellaceae;g__Alistipes;s__Alistipes_senegalensis	k__Bacteria;p__Firmicutes;c__Clostridia;o__Clostridiales;f__Lachnospiraceae;g__Blautia;s__Blautia_sp._KLE_1732	k__Bacteria;p__Bacteroidetes;c__Bacteroidia;o__Bacteroidales;f__Bacteroidaceae;g__Bacteroides;s__Bacteroides_oleiciplenus	k__Bacteria;p__Firmicutes;c__Clostridia;o__Clostridiales;f__Ruminococcaceae;g__Ruminococcus;s__Ruminococcus_bicirculans	k__Bacteria;p__Bacteroidetes;c__Bacteroidia;o__Bacteroidales;f__Bacteroidaceae;g__Bacteroides;s__Bacteroides_fluxus	k__Bacteria;p__Bacteroidetes;c__Bacteroidia;o__Bacteroidales;f__Prevotellaceae;g__Prevotella;s__Prevotella_stercorea	k__Bacteria;p__Firmicutes;c__Clostridia;o__Clostridiales;f__Lachnospiraceae;g__Dorea;s__Dorea_longicatena	k__Bacteria;p__Firmicutes;c__Clostridia;o__Clostridiales;f__Eubacteriaceae;g__Eubacterium;s__[Eubacterium]_eligens	k__Bacteria;p__Firmicutes;c__Clostridia;o__Clostridiales;f__Ruminococcaceae;g__;s__Ruminococcaceae_bacterium_D16	k__Bacteria;p__Firmicutes;c__Clostridia;o__Clostridiales;f__Lachnospiraceae;g__Coprococcus;s__Coprococcus_comes	k__Bacteria;p__Proteobacteria;c__Gammaproteobacteria;o__Enterobacterales;f__Enterobacteriaceae;g__Escherichia;s__Escherichia_coli	k__Bacteria;p__Firmicutes;c__Clostridia;o__Clostridiales;f__Ruminococcaceae;g__Anaerotruncus;s__Anaerotruncus_colihominis	k__Bacteria;p__Firmicutes;c__Clostridia;o__Clostridiales;f__Lachnospiraceae;g__Blautia;s__Blautia_obeum	k__Bacteria;p__Bacteroidetes;c__Bacteroidia;o__Bacteroidales;f__Odoribacteraceae;g__Odoribacter;s__Odoribacter_laneus	k__Bacteria;p__Firmicutes;c__Clostridia;o__Clostridiales;f__Ruminococcaceae;g__Ruminiclostridium;s__[Clostridium]_leptum	k__Bacteria;p__Bacteroidetes;c__Bacteroidia;o__Bacteroidales;f__Porphyromonadaceae;g__Parabacteroides;s__Parabacteroides_goldsteinii	k__Bacteria;p__Firmicutes;c__Clostridia;o__Clostridiales;f__Lachnospiraceae;g__Anaerostipes;s__Anaerostipes_hadrus	k__Bacteria;p__Firmicutes;c__Clostridia;o__Clostridiales;f__Ruminococcaceae;g__Ruminococcus;s__Ruminococcus_lactaris	k__Bacteria;p__Firmicutes;c__Clostridia;o__Clostridiales;f__Clostridiaceae;g__Clostridium;s__Clostridium_sp._L2-50	k__Bacteria;p__Firmicutes;c__Clostridia;o__Clostridiales;f__Clostridiaceae;g__Clostridium;s__Clostridium_sp._M62/1	k__Bacteria;p__Firmicutes;c__Clostridia;o__Clostridiales;f__;g__Intestinimonas;s__Intestinimonas_butyriciproducens	k__Bacteria;p__Actinobacteria;c__Actinobacteria;o__Bifidobacteriales;f__Bifidobacteriaceae;g__Bifidobacterium;s__Bifidobacterium_bifidum	k__Bacteria;p__Firmicutes;c__Negativicutes;o__Veillonellales;f__Veillonellaceae;g__Dialister;s__Dialister_invisus	k__Bacteria;p__Bacteroidetes;c__Bacteroidia;o__Bacteroidales;f__Bacteroidaceae;g__Bacteroides;s__Bacteroides_salanitronis
k__Bacteria;p__Bacteroidetes;c__Bacteroidia;o__Bacteroidales;f__Bacteroidaceae;g__Bacteroides;s__Bacteroides_vulgatus	1.0	0.00271249339611	-0.0169594135998	0.0434625865071	-0.0375314282788	-0.0220952054102	-0.0237403800611	-0.0359596126931	0.00103531561919	-0.00508957783745	0.0280095466945	0.0453095540029	0.0147994992496	0.0478819844002	-0.0443596250782	0.0238639231738	-0.0309404639162	0.0106310977144	-0.00662412543475	-0.0083008077299	-0.0190347649437	-0.0557115431138	0.0291279604507	-0.0923357331155	0.032486050996	-0.0566467282404	0.0199797474573	0.00495628685056	-0.0169229684857	0.035113617474	-0.031503697577	-0.0221111874196	-0.076495656767	0.000422451715709	-0.012954960752	0.0194475526421	-0.0634306443872	0.0431260331693	-0.0544951773636	0.0293222922779	0.0063719381365	-0.016611873549	0.0237573549839	-0.0126903169711	0.0251548871312	0.0698427067856	-0.010545963997	0.0122192550773	-0.0117296931224	-0.0255975170336	-0.0912172863348	0.013264330111	0.0916288445222	-0.0309712093792	0.0171855357947	0.0151925049551	-0.0181298348685	-0.0197863414596	-0.0120456973294
k__Bacteria;p__Bacteroidetes;c__Bacteroidia;o__Bacteroidales;f__Bacteroidaceae;g__Bacteroides;s__Bacteroides_uniformis	0.00271249339611	1.0	0.00219728557794	-0.0402741896692	0.0817657731175	0.0121500833663	-0.0228126024695	0.00189990758044	-0.0807816227	-0.0148645587417	0.0318640282973	0.00672653778977	-0.0431497816264	-0.0406420305808	-0.0226480520956	-0.00146200316301	0.00155247039089	-0.0493948547872	-0.0341817249538	-0.00779880681907	-0.0220553606216	-0.0228587787984	-0.0133768436517	-0.0267902142129	-0.00720862109057	0.0575361996409	-0.0216236488819	-0.00780966343659	-0.032839030411	0.00755037667509	-0.0125326001059	0.00164184212617	0.0139213445934	0.070708520845	0.0194942512221	-0.0051049368418	0.00992834897695	-0.0220229320155	0.0169621475095	-0.0298202622322	-0.0499348683534	-0.035928210933	-0.0123684474636	-0.0364006783941	0.0383153214878	-0.0274997419086	0.000832682547628	-0.0617313539668	0.0920277804116	-0.0867784133471	-0.036146146434	0.0101517318853	-0.0191969368205	0.0435185296205	-0.0428298184809	0.0159051484564	0.0544142602477	0.0528859680992	0.00116199331165
k__Bacteria;p__Bacteroidetes;c__Bacteroidia;o__Bacteroidales;f__Rikenellaceae;g__Alistipes;s__Alistipes_putredinis	-0.0169594135998	0.00219728557794	1.0	-0.0272877250282	-0.0202346978109	-0.0179230043878	-0.0422888526681	0.034036519238	-0.0642700374059	-0.0209238548207	0.0182454084084	0.0120255504695	0.0207380082254	0.0243871267014	-0.0123642717171	0.058822104246	-0.0240236581162	-0.00778574649213	-0.0135417505115	0.0157274212995	0.00358638186404	0.0343965459708	-0.0653766294736	-0.0254018284481	0.0467191508852	0.0392782907451	0.0495868166169	-0.00358227785801	-0.0318319377458	0.00458817935123	0.0401535509457	0.00340501328657	-0.0681505002001	-0.0310840749904	-0.0527979147522	-0.0281757687149	-0.00612945934519	-0.053881524686	-0.0425712944137	0.0630557869409	-0.0364917070283	-0.000411561287292	0.036457199651	-0.0151569836619	0.0308683382911	-0.0133862110568	-0.0542946227707	0.0886993008674	-0.0488724060912	0.0121619087463	-0.0105455341484	0.0687035179788	0.0225305424459	-0.0214618555231	0.00667604988259	-0.0807272042299	0.0297847471944	0.0136474798756	-0.00664337607408
k__Bacteria;p__Bacteroidetes;c__Bacteroidia;o__Bacteroidales;f__Prevotellaceae;g__Prevotella;s__Prevotella_copri	0.0434625865071	-0.0402741896692	-0.0272877250282	1.0	-5.77019615084e-05	0.0265496522281	-0.0254302392148	-0.0451456034663	-0.0201218635411	-0.00885787584842	-0.0697037510302	-0.0400556058698	0.0627217169925	-0.0348120409558	0.00322745818617	-0.0142453517594	-0.0584457604116	-0.0233299464861	-0.024540292069	0.036920296739	0.0182896449993	-0.030750088607	-0.0361018970828	0.0528227088763	-0.0609319812114	0.00640004583083	-0.0417016614267	0.078583823146	0.000776237034902	0.000630585453329	0.00935574915606	0.0251257397832	-0.00244058701778	-0.0122054980976	-0.0185713414689	0.0654051317908	0.0441156149031	0.0167655329925	-0.000439462919737	-0.00638963584703	-0.0553434186814	-0.0521517675014	0.0401452651857	0.0301326014005	-0.0566795056414	0.0269119746149	0.00449598808614	-0.00406580277005	0.0410345284521	-0.056404567295	-0.00614042206194	0.0120624104716	-0.00264918443583	-0.0304558678843	0.115161023654	-0.00510848658972	0.0114478458679	-0.112481737016	-0.0469368909676
k__Bacteria;p__Bacteroidetes;c__Bacteroidia;o__Bacteroidales;f__Bacteroidaceae;g__Bacteroides;s__Bacteroides_stercoris	-0.0375314282788	0.0817657731175	-0.0202346978109	-5.77019615084e-05	1.0	-0.0146991315585	0.0258192579809	-0.0338433707686	0.0119853148413	-0.0691233392593	-0.0182953137894	0.0379457506276	-0.0128702479388	-0.00977039515723	-0.0188389381617	0.000578427706234	-0.0389912523409	0.0137905037215	-0.00750221978655	-0.034344638036	-0.0403228466485	-0.0109485604499	0.0292248546505	-0.0659656981108	-0.0132749263501	0.0267446221028	-0.0190458502346	0.0140487028071	0.030191396555	0.0180744816351	0.000230263908741	-0.0105134447082	-0.00894324521749	0.0182033257651	0.0431060949774	-0.0184986372416	-0.0494649596296	-0.00839577102091	0.00119119325496	-0.0455982192903	0.0184662859367	-0.0141716798196	0.008386453604	0.0150510715671	0.0430573556982	-0.0140531922879	-0.0497059291418	0.00774253330761	-0.0195448078474	-0.0550108490672	-0.0248553887035	-0.0436931318495	-0.0589277771971	0.0642862699014	-0.0338033455994	0.019802728374	0.0251153297544	-0.0149409211588	-0.0369743274471
k__Bacteria;p__Bacteroidetes;c__Bacteroidia;o__Bacteroidales;f__Bacteroidaceae;g__Bacteroides;s__Bacteroides_ovatus	-0.0220952054102	0.0121500833663	-0.0179230043878	0.0265496522281	-0.0146991315585	1.0	-0.0148513774697	-0.0186987144478	-0.0663100224812	0.0104236085077	0.0280854790724	-0.0102640939889	0.0258137668987	0.0338018214189	-0.0170146882934	-0.060108361459	0.0523369362288	0.0278954876933	0.0281338805452	0.047272177822	0.0119710902544	-0.0661873521766	0.023428193146	0.0217900139735	-0.0210991514571	-0.0220446597809	-0.0517554418568	-0.0217307658334	0.0201841955044	-0.0685053623677	-0.00147974784542	-0.00956500562807	-0.0225137063915	0.00296939465377	-0.0313345919511	0.0446429384746	0.00373174360852	0.0069682435034	-0.0198924552181	0.000126013364246	-0.00750720140637	0.0357350258665	0.0540560658971	0.0997988781223	-0.0609044977927	-0.0532062115592	-0.00452819705974	-0.0502025679101	-0.0497339784118	-0.0103235974171	-0.0162062659181	-0.00846429113412	-0.000448467442449	-0.00886490584361	-0.0522145830255	-0.0101649586695	-0.0115845928826	0.0245003438229	0.0391629465899
k__Bacteria;p__Bacteroidetes;c__Bacteroidia;o__Bacteroidales;f__Rikenellaceae;g__Alistipes;s__Alistipes_shahii	-0.0237403800611	-0.0228126024695	-0.0422888526681	-0.0254302392148	0.0258192579809	-0.0148513774697	1.0	-0.00570827535019	0.0113943206196	-0.0154598718088	0.00065316189251	0.0187641341506	0.0290522099104	0.0267735017676	0.0556756803591	-0.0124162432334	-0.0293580093795	-0.0358239515053	-0.00508112859373	-0.025181249751	-0.0304694836922	-0.0151636074577	-0.0369758207726	-0.0524890060408	-0.0106960191513	0.0243010390342	-0.0250856546837	0.0632964762052	0.0134634009026	0.0252310191175	-0.0468386659038	0.00200859552837	0.000383376708479	0.00542063877285	-0.0185594958926	0.0290507681005	-0.00506306806784	-0.0106714216755	0.0106512276876	-0.0454216065564	-0.0376331568844	-0.0211262321529	-0.00277938687206	-0.104438585092	0.0469445005345	0.0040022012209	-0.0652440350102	-0.078179374128	-0.0322930148556	-0.0333977102837	0.0157007200422	-0.0266673377456	-0.0938056955647	-0.0170816967968	-0.0378055882659	-0.0311356655138	0.0526981111074	0.0104902867769	0.00874539753147
k__Bacteria;p__Firmicutes;c__Clostridia;o__Clostridiales;f__Ruminococcaceae;g__Faecalibacterium;s__Faecalibacterium_prausnitzii	-0.0359596126931	0.00189990758044	0.034036519238	-0.0451456034663	-0.0338433707686	-0.0186987144478	-0.00570827535019	1.0	-0.0589704567555	0.0106191531811	0.0403959848894	-0.0756193921144	0.0386745770982	-0.00260185799159	0.0658475801588	0.0046770795685	-0.0198314012095	-0.0219188404371	-0.000226569260901	-0.0407359690298	-0.0485374243858	-0.0400650436069	-0.0381382047304	0.0097480385931	-0.00805415283282	0.0186810988286	-0.0218889310381	-0.0123944627685	-0.0431741807507	0.0685702034401	0.00115707090813	-0.074200221876	0.029313893896	-0.0371793537911	0.012194662236	-0.02330485298	0.0270847733936	-0.00786397572554	0.015721976081	-0.0613295174057	0.0585055636744	-0.0229743093549	-0.0066590492953	0.0523676480239	-0.0515846204613	-0.0137141123955	-0.0036913821808	0.00246794751489	-0.0233763555923	-0.0155383230978	-0.00643805031566	0.0437364566401	-0.0252676862557	0.0573115486147	0.0271359698515	0.0262045321946	0.0575700020056	0.0736192570664	0.00947850823147
k__Bacteria;p__Bacteroidetes;c__Bacteroidia;o__Bacteroidales;f__Rikenellaceae;g__Alistipes;s__Alistipes_finegoldii	0.00103531561919	-0.0807816227	-0.0642700374059	-0.0201218635411	0.0119853148413	-0.0663100224812	0.0113943206196	-0.0589704567555	1.0	-0.0441068868393	-0.0434579130185	-0.0528110294527	0.0274781390761	-0.0203225430938	0.0347691187223	-0.035669735842	-0.0121416535816	-0.0229547471886	-0.0533723450048	0.0355184911979	0.0470669745659	0.0269026937358	0.0609971045606	0.00236602066579	-0.0282551933119	0.0299675384025	0.015009860871	-0.000827054634442	0.0220484162177	-0.00934320847089	-0.0224152753325	-0.000493001584201	0.00609911264053	0.0630959786803	-0.00743517780649	-0.0169521134818	0.0122432005356	-0.0509095939166	-0.0485908611462	-0.00819838306694	-0.0241048387871	0.00617931133017	-0.0507982514434	0.0183518869651	-0.0656334028147	0.0430218570288	0.00733009908666	0.000142408411745	0.0368103863788	-0.0382286059789	-0.0422408569896	0.00674076602178	0.00976076232494	-0.0194198597912	-0.0187432099862	-0.0487069888611	0.0334959362212	0.0321983981914	-0.0277093255748
k__Bacteria;p__Bacteroidetes;c__Bacteroidia;o__Bacteroidales;f__Porphyromonadaceae;g__Parabacteroides;s__Parabacteroides_distasonis	-0.00508957783745	-0.0148645587417	-0.0209238548207	-0.00885787584842	-0.0691233392593	0.0104236085077	-0.0154598718088	0.0106191531811	-0.0441068868393	1.0	-0.0433453609629	-0.0613478626024	0.0317477894347	-0.0245284062922	0.0371521545916	-0.0772771942717	0.0421284316477	-0.0487028271325	-0.0188792444928	0.0468324676836	0.0217135113478	-0.0283396924169	-0.0180749835445	-0.0362470096167	0.0379492554217	-0.030594137256	0.0315090817144	0.0194683647252	-0.0274372032708	0.00975922288859	0.00519226853245	-0.00819750075001	-0.0736084214066	0.0612985683172	-0.0552076820966	0.0132065295239	0.0259550124608	0.035558860297	-0.0365234620975	-0.0241774746585	-0.0454993919391	-0.0172609296038	0.0282882592654	-0.021288075859	-0.0990966324472	-0.0179565697718	-0.00680266782224	0.0206975294191	-0.00228411489806	0.0495108317382	0.0352039625835	-0.00940908897739	-0.038082370611	-0.0102415428139	0.0439530457183	-0.00161741409689	0.0533199287138	0.0347650479849	-0.0267736013189
k__Bacteria;p__Bacteroidetes;c__Bacteroidia;o__Bacteroidales;f__Bacteroidaceae;g__Bacteroides;s__Bacteroides_thetaiotaomicron	0.0280095466945	0.0318640282973	0.0182454084084	-0.0697037510302	-0.0182953137894	0.0280854790724	0.00065316189251	0.0403959848894	-0.0434579130185	-0.0433453609629	1.0	-0.0204595900063	-0.0135098507511	-0.0267707055	-0.0766241131181	0.0110743259701	-0.0237963353229	-0.0795379743691	-0.00402737258929	-0.0379488131248	-0.0126129724027	-0.0790229418805	-0.0317395737552	-0.0384216142872	-0.0145143153673	0.0337178353384	0.0376781845659	0.034940464747	-0.0156080862235	-0.0425934785309	-0.0244959775884	-0.0200237130699	0.00116720871972	-0.000378414099206	-0.0215573562191	0.00535203794678	0.0303353217493	-0.0194514474446	0.0233753742113	-0.0448342394338	-0.0673530439047	-0.0100762331073	-0.0713194484698	-0.0406244313773	0.0132275127494	0.0103432240963	0.00215379581361	-0.00670653774152	0.00740675243262	-0.0250027045786	0.0292726292657	0.00984647113667	0.0493304299067	-0.00861936134559	-0.0744954876416	-0.0175775400169	0.0138146086394	0.0125606260436	-0.0186190947198
k__Bacteria;p__Bacteroidetes;c__Bacteroidia;o__Bacteroidales;f__Bacteroidaceae;g__Bacteroides;s__Bacteroides_coprocola	0.0453095540029	0.00672653778977	0.0120255504695	-0.0400556058698	0.0379457506276	-0.0102640939889	0.0187641341506	-0.0756193921144	-0.0528110294527	-0.0613478626024	-0.0204595900063	1.0	0.0232099723152	-0.0367013847141	-0.0537493641235	0.0593236320108	-0.0700921958104	-0.0109957421273	-0.0188076221362	-0.0519708711578	-0.036562302996	-0.0227291947725	-0.0142797443944	0.0671308216548	-0.0277060312886	0.0321099901531	0.00914242918942	-0.00762941892554	0.084682601907	0.00785828211548	0.0271685888549	-0.028082247474	-0.0888005275105	-0.0405305214546	0.0213073004952	-0.0170955707652	0.0761021736934	0.0179204228776	-0.0212747816275	-0.0739786596751	-0.000278978934332	0.00167912519665	0.00897606529473	0.00100042899872	-0.00857990110307	0.0656155053351	0.022301053592	-0.0316826297363	-0.0249636473345	-0.0802636752832	0.0126340803328	-0.0301116544307	0.100718552496	-0.0120357589634	-0.0608595467452	0.0651801430602	-0.022808193225	-0.011722686728	-0.0618261555578
k__Bacteria;p__Bacteroidetes;c__Bacteroidia;o__Bacteroidales;f__Bacteroidaceae;g__Bacteroides;s__Bacteroides_cellulosilyticus	0.0147994992496	-0.0431497816264	0.0207380082254	0.0627217169925	-0.0128702479388	0.0258137668987	0.0290522099104	0.0386745770982	0.0274781390761	0.0317477894347	-0.0135098507511	0.0232099723152	1.0	-0.0617847183514	0.0507475999165	-0.00965732385972	-0.101512395858	-0.0229867134236	0.0134084134794	-0.0419017866579	0.0135312569983	0.0294780089803	0.0206958275387	0.0211592754709	-0.1108406213	0.0153175262413	0.0215370089144	0.0129190484381	0.00612952985895	0.0350550056748	-0.0518141518148	-0.00287281704744	-0.00956234629721	-0.0862522130078	-0.0291250262712	-0.0318724208864	-0.0201533434957	0.0290202797183	-0.0233225419951	0.0171824635393	-0.0816801238064	0.00920993509142	-0.058707790439	0.0270923306648	0.0162805490986	-0.00468875984204	0.0185044076343	0.0162687645139	-0.0581511779906	-0.00958362242739	-0.0769155129675	0.00661416570617	-0.0291701555462	-0.0336413728601	-0.00961147374822	-0.015118030596	-0.0377853894662	-0.0131802699416	-0.0614285029647
k__Bacteria;p__Bacteroidetes;c__Bacteroidia;o__Bacteroidales;f__Rikenellaceae;g__Alistipes;s__Alistipes_obesi	0.0478819844002	-0.0406420305808	0.0243871267014	-0.0348120409558	-0.00977039515723	0.0338018214189	0.0267735017676	-0.00260185799159	-0.0203225430938	-0.0245284062922	-0.0267707055	-0.0367013847141	-0.0617847183514	1.0	-0.014205715566	-0.00807464974888	-0.0226224689212	-0.0427570537099	0.0457491108151	0.0437560415201	0.0446325882298	-0.0313726811608	-0.0153306402426	-0.035501686401	-0.00384234109452	-0.0490458790674	0.0110027293066	0.000828902381629	-0.0317243848244	0.0175643432956	0.066172143717	-0.039860472905	-0.0430539350346	-0.0292032611855	0.00224286761854	0.0303153954581	0.0616362030352	-0.033178556688	0.0231706463165	0.0123205131184	-0.0236006175245	0.0291866282382	0.0194404758628	-0.102472798857	-0.0388841751717	-0.00599117839056	-0.0474901188861	-0.0279539896132	0.00388745133737	-0.00340464885361	-0.0118113977398	-0.0367386196776	-0.0225893884195	0.00111388162913	-0.0312565203502	0.0341734954645	0.0158357803368	0.0513136432957	0.00122870849959
k__Bacteria;p__Firmicutes;c__Clostridia;o__Clostridiales;f__Lachnospiraceae;g__;s__[Eubacterium]_rectale	-0.0443596250782	-0.0226480520956	-0.0123642717171	0.00322745818617	-0.0188389381617	-0.0170146882934	0.0556756803591	0.0658475801588	0.0347691187223	0.0371521545916	-0.0766241131181	-0.0537493641235	0.0507475999165	-0.014205715566	1.0	0.0309175673111	-0.026584372342	-0.0155384495477	0.0368982690298	-0.0724123964486	0.00911005380173	0.0243551958167	-0.033661676591	-0.0335703937175	-0.0112317680062	-0.0626611253576	-0.0856510059161	-0.0462573693862	0.0222785789629	-0.0139343348866	0.0322983594555	-0.0216605098245	0.0039920260511	0.0223465842981	0.0311932321257	0.00972036956713	-0.0427470312612	-0.057124991332	-0.0466916094349	0.0393853019708	0.0259929245487	-0.0373046402113	-0.0534002238546	-0.038450756694	-0.0889187295046	-0.0252299725867	-0.000607006204202	0.0496306912108	-0.0647452552199	-0.00827259763545	0.015373500097	-0.00771088158162	-0.00694345518226	-0.0306784554393	0.00539291236508	-0.0601605579086	0.0119962029885	0.0287643635195	0.0302884800413
k__Bacteria;p__Bacteroidetes;c__Bacteroidia;o__Bacteroidales;f__Bacteroidaceae;g__Bacteroides;s__Bacteroides_plebeius	0.0238639231738	-0.00146200316301	0.058822104246	-0.0142453517594	0.000578427706234	-0.060108361459	-0.0124162432334	0.0046770795685	-0.035669735842	-0.0772771942717	0.0110743259701	0.0593236320108	-0.00965732385972	-0.00807464974888	0.0309175673111	1.0	0.0148555170834	-0.0731005555284	-0.042099479865	-0.0689737609789	0.0183521979562	-0.0318455140845	-0.0255399121499	-0.000214298420175	-0.0486011511179	-0.0400729635143	-0.0580219975765	-0.0209917232305	-0.00714669172415	0.0488367298258	-0.0401785292159	-0.0101231517332	0.0302020404283	0.0604419175982	0.0337148741002	-0.0598610090276	-0.0116344498586	-0.0458435532379	0.0337100772874	0.00953898281762	0.0145315933328	-0.00320756331482	0.026221993801	-4.84052807392e-05	-0.0140724275643	-0.00502139354407	0.00758435083278	-0.0581239543665	-0.0622739870282	-0.03660719118	-0.035487026024	-0.0494215168746	-0.01161210483	-0.029037372897	0.0153217433046	-0.0249196529638	0.0129734342308	0.0538295984409	-0.0285848042803
k__Bacteria;p__Bacteroidetes;c__Bacteroidia;o__Bacteroidales;f__Bacteroidaceae;g__Bacteroides;s__Bacteroides_fragilis	-0.0309404639162	0.00155247039089	-0.0240236581162	-0.0584457604116	-0.0389912523409	0.0523369362288	-0.0293580093795	-0.0198314012095	-0.0121416535816	0.0421284316477	-0.0237963353229	-0.0700921958104	-0.101512395858	-0.0226224689212	-0.026584372342	0.0148555170834	1.0	0.0432483215594	-0.0799161968649	-0.0442008970476	-0.0508234908838	-0.0317398437925	0.00882327578591	0.00586658553825	-0.0206617147571	0.00615275605918	0.054735357535	-0.0562259776998	-0.0246014601848	0.0442405453071	0.0211092531821	-0.0179612715966	-0.0129189673	-0.00883488514718	-0.0045831297454	-0.0218681867672	0.0431315074624	-0.0454351410627	-0.00722717796444	0.0287336821009	0.0144453847117	0.00366676708918	0.000408983606296	-0.0208073476727	0.0236465486842	-0.00990489303367	0.0237971803701	0.00781890636248	-0.0137430098926	-0.0262510258139	0.0541713051305	-0.0277898108836	-0.00449405584182	-0.0319707353972	-0.0119225789518	0.022507736656	-0.0540139648964	-0.00241845377055	0.00408054709657
k__Bacteria;p__Proteobacteria;c__Betaproteobacteria;o__Burkholderiales;f__Sutterellaceae;g__Sutterella;s__Sutterella_wadsworthensis	0.0106310977144	-0.0493948547872	-0.00778574649213	-0.0233299464861	0.0137905037215	0.0278954876933	-0.0358239515053	-0.0219188404371	-0.0229547471886	-0.0487028271325	-0.0795379743691	-0.0109957421273	-0.0229867134236	-0.0427570537099	-0.0155384495477	-0.0731005555284	0.0432483215594	1.0	0.00169181513524	0.0352915603991	0.0787750659947	-0.017810177462	-0.0960156435353	-0.0342871120761	0.00865756839554	-0.0169964791593	-0.0564146552581	-0.0249350050118	-0.0321471914049	-0.0388295834292	-0.0137772449516	0.0342845943916	0.00539350623553	0.0563858753303	0.0135453005794	0.0289370501341	0.0525616444134	0.0245165055383	0.0350290380661	-0.00486099201537	-0.0201263439472	-0.0199180097327	0.016443646094	0.0515776547063	0.0201422077884	0.0132465682989	-0.0243326509957	-0.0794550409048	-0.00469389596892	0.00730627904294	-0.0352291936501	0.0194684715033	-0.00846953622808	0.000543482129126	-0.0103720847524	-0.0310587365908	0.00843095547384	-0.100622441614	0.0118307825639
k__Bacteria;p__Bacteroidetes;c__Bacteroidia;o__Bacteroidales;f__Porphyromonadaceae;g__Barnesiella;s__Barnesiella_intestinihominis	-0.00662412543475	-0.0341817249538	-0.0135417505115	-0.024540292069	-0.00750221978655	0.0281338805452	-0.00508112859373	-0.000226569260901	-0.0533723450048	-0.0188792444928	-0.00402737258929	-0.0188076221362	0.0134084134794	0.0457491108151	0.0368982690298	-0.042099479865	-0.0799161968649	0.00169181513524	1.0	-0.0488471956689	-0.0209832182761	-0.0100617243503	0.0229836744802	0.0194795211851	-0.00816840063807	-0.000966647325225	-0.0393373150967	-0.055279070333	0.0614808679552	-0.0322085820699	0.0183952198496	0.051515198316	-0.0338571072038	0.0288677277447	0.0501790511615	-0.0164945826749	-0.056108996765	0.0142732149399	-0.0267338684326	0.0122767112444	-0.105478706778	0.00618673988855	0.00412685318164	-0.0244574265032	0.0328737225228	0.0557007601889	-0.00885405903311	0.0491326444031	0.00494179352748	-0.0317623905203	-0.0591672338187	-0.00790821316085	-0.0190527134749	-0.0209393939724	-0.0417637418832	-0.023330907334	0.0104039893697	-0.0755394838498	-0.0347343058613
k__Bacteria;p__Bacteroidetes;c__Bacteroidia;o__Bacteroidales;f__Odoribacteraceae;g__Odoribacter;s__Odoribacter_splanchnicus	-0.0083008077299	-0.00779880681907	0.0157274212995	0.036920296739	-0.034344638036	0.047272177822	-0.025181249751	-0.0407359690298	0.0355184911979	0.0468324676836	-0.0379488131248	-0.0519708711578	-0.0419017866579	0.0437560415201	-0.0724123964486	-0.0689737609789	-0.0442008970476	0.0352915603991	-0.0488471956689	1.0	0.00147422221578	0.00452078382534	-0.0674882702348	0.0224449884058	-0.00959510939938	-0.0154765740656	0.0220667941741	-0.0123116445588	-0.0624918323755	0.00400452456643	0.0398535749493	-0.0107447484127	-0.0289544754284	0.02076143395	-0.0275109339896	0.0257826252159	0.00234681851989	0.0630282992877	0.0145062477612	0.00244298654792	-0.0312512926179	0.0155739596717	0.000587311841329	-0.0781286881935	-0.0352108657126	-0.0262592580419	0.0416351467686	0.00621491736007	-0.00703118494641	0.0301439612307	0.00653571976205	-0.0158285783838	-0.0212759682156	-0.0224073208541	-0.0180542181084	0.00503167730748	-0.100894373977	0.0484530731536	-0.0143826324153
k__Bacteria;p__Bacteroidetes;c__Bacteroidia;o__Bacteroidales;f__Bacteroidaceae;g__Bacteroides;s__Bacteroides_salyersiae	-0.0190347649437	-0.0220553606216	0.00358638186404	0.0182896449993	-0.0403228466485	0.0119710902544	-0.0304694836922	-0.0485374243858	0.0470669745659	0.0217135113478	-0.0126129724027	-0.036562302996	0.0135312569983	0.0446325882298	0.00911005380173	0.0183521979562	-0.0508234908838	0.0787750659947	-0.0209832182761	0.00147422221578	1.0	0.0226655857322	0.0404918347325	0.00249989520134	0.00893854895813	-0.0284167934521	-0.0970098119494	-0.0312256348031	-0.0367039938036	-0.0717900989167	0.0114992652596	-0.0114200372463	0.0130207815803	-0.0271567690315	-0.0450467060181	0.00723170822161	-0.048380079033	0.0196080635348	-0.0954989305185	0.0463594217818	-0.0100715973863	-0.00489037071492	0.0133831014505	0.0307344390735	-0.013541796275	-0.070401501147	0.00587853731405	0.0133771140479	-0.0151318286547	0.0213623615378	0.0169626607147	-0.00961968700736	0.00889222493051	-0.0349001386235	-0.0590956383527	-0.0297185935186	0.00947592743216	-0.00420342849573	-0.0695296876072
k__Bacteria;p__Firmicutes;c__Clostridia;o__Clostridiales;f__Ruminococcaceae;g__Ruminiclostridium;s__[Eubacterium]_siraeum	-0.0557115431138	-0.0228587787984	0.0343965459708	-0.030750088607	-0.0109485604499	-0.0661873521766	-0.0151636074577	-0.0400650436069	0.0269026937358	-0.0283396924169	-0.0790229418805	-0.0227291947725	0.0294780089803	-0.0313726811608	0.0243551958167	-0.0318455140845	-0.0317398437925	-0.017810177462	-0.0100617243503	0.00452078382534	0.0226655857322	1.0	0.0288409891278	-0.00544944815488	-0.0514874898961	0.0504848414016	0.0110834951612	-0.0881441313154	0.000260833617983	0.0723528736497	0.016491479389	-0.0406157229264	-0.0425905388502	0.0110070296354	-0.0104910932987	0.00286648300394	-0.0359744106539	-0.0556283344403	-0.0504753937547	-0.00310847844492	-0.0618265624316	-0.0162950028932	-0.0121716977602	0.0435294552295	-0.00763133913436	-0.0348757220969	-0.00662644318093	-0.00654978456959	0.010141612416	-0.0193317849713	0.0697286231017	-0.0254690534941	-0.0465775263397	0.0334764482495	-0.00702777076384	0.0152894646251	-0.00871200063304	-0.00784512307818	0.0152453848414
k__Bacteria;p__Proteobacteria;c__Betaproteobacteria;o__Burkholderiales;f__Sutterellaceae;g__Parasutterella;s__Parasutterella_excrementihominis	0.0291279604507	-0.0133768436517	-0.0653766294736	-0.0361018970828	0.0292248546505	0.023428193146	-0.0369758207726	-0.0381382047304	0.0609971045606	-0.0180749835445	-0.0317395737552	-0.0142797443944	0.0206958275387	-0.0153306402426	-0.033661676591	-0.0255399121499	0.00882327578591	-0.0960156435353	0.0229836744802	-0.0674882702348	0.0404918347325	0.0288409891278	1.0	-0.0279937256128	-0.00261930907699	0.0205780655673	0.0745793571731	0.0409728480069	0.00878539886422	-0.0313411953671	-0.0467022503417	-0.0168011482249	0.000543612387483	0.0153135308157	-0.0205908203357	-0.021908368488	-0.0235927142266	-0.0574240503416	-0.038880132547	0.0170770709662	0.0272729183695	-0.00679516651932	0.0264810894652	0.0414059407773	0.0330951944241	-0.0873782494332	-0.0764522114624	0.012059916294	0.0642212178256	-0.00875883379598	0.0263692172766	-0.0583628381216	-0.0163106358302	-0.0380085505409	-0.00682397013113	0.0315251621652	-0.0797912345067	0.00961524190368	-0.0242071127298
k__Bacteria;p__Actinobacteria;c__Actinobacteria;o__Bifidobacteriales;f__Bifidobacteriaceae;g__Bifidobacterium;s__Bifidobacterium_adolescentis	-0.0923357331155	-0.0267902142129	-0.0254018284481	0.0528227088763	-0.0659656981108	0.0217900139735	-0.0524890060408	0.0097480385931	0.00236602066579	-0.0362470096167	-0.0384216142872	0.0671308216548	0.0211592754709	-0.035501686401	-0.0335703937175	-0.000214298420175	0.00586658553825	-0.0342871120761	0.0194795211851	0.0224449884058	0.00249989520134	-0.00544944815488	-0.0279937256128	1.0	-0.014783098839	-0.00484562863671	-0.0328042326224	-0.0113082134217	0.0570407269806	0.00401735280867	0.0054378779933	0.00170986939256	-0.0554013935613	-0.0395200129194	0.0174659332701	-0.0180699722621	0.0301044280242	0.0010068061699	0.0280435050909	-0.0107307843805	0.0459297858007	-0.0578533323937	-0.0430490149494	0.00221916373681	-0.00228565055848	0.00122050152527	0.0361685073825	-0.0170947938464	-0.0487199252949	-0.000555677465374	-0.0368444149075	-0.0504167666607	0.029622890218	0.00592089202047	-0.0063790362491	0.0238155478492	-0.0414157542923	0.000323672745702	-0.0351787325888
k__Bacteria;p__Firmicutes;c__Clostridia;o__Clostridiales;f__Oscillospiraceae;g__Oscillibacter;s__Oscillibacter_sp._KLE_1745	0.032486050996	-0.00720862109057	0.0467191508852	-0.0609319812114	-0.0132749263501	-0.0210991514571	-0.0106960191513	-0.00805415283282	-0.0282551933119	0.0379492554217	-0.0145143153673	-0.0277060312886	-0.1108406213	-0.00384234109452	-0.0112317680062	-0.0486011511179	-0.0206617147571	0.00865756839554	-0.00816840063807	-0.00959510939938	0.00893854895813	-0.0514874898961	-0.00261930907699	-0.014783098839	1.0	0.0040846851083	0.0614099879024	0.0744277868513	-0.0446211646902	-0.110053379689	-0.00307842348693	0.0209050918141	-0.0151074151822	-0.00967402616755	-0.0198075682408	0.00247108091716	-0.0133040857549	-0.015611324625	-0.0311452040163	-0.0576119864733	0.00609882150129	-0.0355139725598	-0.0170120830831	-0.0355719890191	0.0212307339341	0.012241911246	-0.0421661361549	0.021931150511	-0.0279106823847	0.0213477884314	-0.0336169691491	0.026731939056	0.0326850183496	-0.0464466712431	-0.0898384260011	0.0111336464918	-0.0314883571791	-0.0224049578182	0.0255996914878
k__Bacteria;p__Bacteroidetes;c__Bacteroidia;o__Bacteroidales;f__Bacteroidaceae;g__Bacteroides;s__Bacteroides_coprophilus	-0.0566467282404	0.0575361996409	0.0392782907451	0.00640004583083	0.0267446221028	-0.0220446597809	0.0243010390342	0.0186810988286	0.0299675384025	-0.030594137256	0.0337178353384	0.0321099901531	0.0153175262413	-0.0490458790674	-0.0626611253576	-0.0400729635143	0.00615275605918	-0.0169964791593	-0.000966647325225	-0.0154765740656	-0.0284167934521	0.0504848414016	0.0205780655673	-0.00484562863671	0.0040846851083	1.0	0.0174931101401	-0.0261928438786	-0.0334829865157	0.00551680413261	-0.0120284352922	-0.0384841973649	-0.0195188611037	0.00957676887497	0.0176500223252	-0.00827933708593	-0.0303470615585	0.0288281373197	-0.045437439577	-0.0287137764804	-0.0333651347844	-0.00793068721488	0.0123733038256	-0.0962678576423	-0.0352197686188	-0.0886341481777	0.00391614503387	-0.0541413399674	-0.00495663605069	-0.0420024174145	-0.0213653153561	0.0649810987009	-0.0671678316627	0.00608180376971	-0.012842607907	0.00712348944268	0.0213126533592	0.0724430882334	-0.00547863410453
k__Bacteria;p__Firmicutes;c__Clostridia;o__Clostridiales;f__Lachnospiraceae;g__Roseburia;s__Roseburia_intestinalis	0.0199797474573	-0.0216236488819	0.0495868166169	-0.0417016614267	-0.0190458502346	-0.0517554418568	-0.0250856546837	-0.0218889310381	0.015009860871	0.0315090817144	0.0376781845659	0.00914242918942	0.0215370089144	0.0110027293066	-0.0856510059161	-0.0580219975765	0.054735357535	-0.0564146552581	-0.0393373150967	0.0220667941741	-0.0970098119494	0.0110834951612	0.0745793571731	-0.0328042326224	0.0614099879024	0.0174931101401	1.0	-0.00456370322199	-0.0449322091136	-0.0746181902415	-0.064664435376	0.00746279391171	0.0105512451458	-0.0230989618379	0.00237705081876	-0.0464074262992	0.0104721311672	-0.0305183153978	-0.0298767268607	0.00441060414521	0.0132338925063	0.00841500394232	-0.0259840176979	-0.024779608888	0.00378927624743	-0.0155734377261	-0.0317178279196	-0.0636457542083	0.0284516309914	-0.0115767843099	0.00788322824986	0.0101770952969	0.0184510791573	0.0476595922911	-0.0376798935321	0.0115746550421	-0.00542115681539	-0.040151232838	-0.0444434643961
k__Bacteria;p__Firmicutes;c__Clostridia;o__Clostridiales;f__Lachnospiraceae;g__Roseburia;s__Roseburia_hominis	0.00495628685056	-0.00780966343659	-0.00358227785801	0.078583823146	0.0140487028071	-0.0217307658334	0.0632964762052	-0.0123944627685	-0.000827054634442	0.0194683647252	0.034940464747	-0.00762941892554	0.0129190484381	0.000828902381629	-0.0462573693862	-0.0209917232305	-0.0562259776998	-0.0249350050118	-0.055279070333	-0.0123116445588	-0.0312256348031	-0.0881441313154	0.0409728480069	-0.0113082134217	0.0744277868513	-0.0261928438786	-0.00456370322199	1.0	0.00297148419963	-0.052818037255	0.0485032563307	-0.00499630704392	0.0123781283605	-0.0250151303672	-0.0382591835262	0.010079151688	-0.0199488910566	-0.0217616874593	0.0302888719048	-0.0407949991139	-0.0199955946117	0.0039859139717	-0.0702989035035	-0.029437806929	-0.0068741573993	-0.00449847092956	0.00293623895957	0.00271774013451	0.039695201251	0.00981687030406	0.0229208753455	-0.048346723261	-0.089942841949	-0.0426420757645	0.00943584445345	-0.0367996192868	-0.0500345127858	0.0269303397138	0.0213457757969
k__Bacteria;p__Bacteroidetes;c__Bacteroidia;o__Bacteroidales;f__Porphyromonadaceae;g__Parabacteroides;s__Parabacteroides_johnsonii	-0.0169229684857	-0.032839030411	-0.0318319377458	0.000776237034902	0.030191396555	0.0201841955044	0.0134634009026	-0.0431741807507	0.0220484162177	-0.0274372032708	-0.0156080862235	0.084682601907	0.00612952985895	-0.0317243848244	0.0222785789629	-0.00714669172415	-0.0246014601848	-0.0321471914049	0.0614808679552	-0.0624918323755	-0.0367039938036	0.000260833617983	0.00878539886422	0.0570407269806	-0.0446211646902	-0.0334829865157	-0.0449322091136	0.00297148419963	1.0	0.00391478892938	-0.0698141987559	-0.0205848668803	0.00559967721284	-0.0462643367155	0.0307882733126	-0.0901612856865	-0.0143342410764	0.0284052252369	-0.0313765705627	-0.0384095830069	-0.058499461708	-0.0422736190609	-0.0187600683089	-0.0631317581441	-0.0420664777675	0.0578316816587	-0.0118702144401	-0.0687942063769	-0.0431174660934	-0.0377321598648	0.0167435559396	0.0107799772562	-0.0209490946457	-0.00865638597616	-0.0146433540247	0.0220390906776	-0.024391197187	0.0155358729256	-0.0505368013155
k__Bacteria;p__Actinobacteria;c__Actinobacteria;o__Bifidobacteriales;f__Bifidobacteriaceae;g__Bifidobacterium;s__Bifidobacterium_longum	0.035113617474	0.00755037667509	0.00458817935123	0.000630585453329	0.0180744816351	-0.0685053623677	0.0252310191175	0.0685702034401	-0.00934320847089	0.00975922288859	-0.0425934785309	0.00785828211548	0.0350550056748	0.0175643432956	-0.0139343348866	0.0488367298258	0.0442405453071	-0.0388295834292	-0.0322085820699	0.00400452456643	-0.0717900989167	0.0723528736497	-0.0313411953671	0.00401735280867	-0.110053379689	0.00551680413261	-0.0746181902415	-0.052818037255	0.00391478892938	1.0	-0.0513451822009	-0.0373055181647	0.0248517490318	0.00793416389667	-0.00269431348475	-0.00578459853384	-0.0109110002077	-0.0808667296529	-0.0187316241177	0.0158927804067	-0.0047304283257	0.00120427373566	-0.0360784717982	-0.0212141996379	-0.00146840666273	-0.0261240885189	0.00615875563937	-0.0179498810382	-0.0211848522086	-0.0198784782037	0.000194329147553	-0.0186447974845	0.0238153755331	-0.0162050618597	0.0187530443379	-0.0381559157145	0.00846723170745	-0.0569305426875	0.0155070675926
