#taxonomy	k__Bacteria;p__Bacteroidetes;c__Bacteroidia;o__Bacteroidales;f__Bacteroidaceae;g__Bacteroides;s__Bacteroides_vulgatus	k__Bacteria;p__Bacteroidetes;c__Bacteroidia;o__Bacteroidales;f__Bacteroidaceae;g__Bacteroides;s__Bacteroides_uniformis	k__Bacteria;p__Bacteroidetes;c__Bacteroidia;o__Bacteroidales;f__Rikenellaceae;g__Alistipes;s__Alistipes_putredinis	k__Bacteria;p__Bacteroidetes;c__Bacteroidia;o__Bacteroidales;f__Prevotellaceae;g__Prevotella;s__Prevotella_copri	k__Bacteria;p__Bacteroidetes;c__Bacteroidia;o__Bacteroidales;f__Bacteroidaceae;g__Bacteroides;s__Bacteroides_stercoris	k__Bacteria;p__Bacteroidetes;c__Bacteroidia;o__Bacteroidales;f__Bacteroidaceae;g__Bacteroides;s__Bacteroides_ovatus	k__Bacteria;p__Bacteroidetes;c__Bacteroidia;o__Bacteroidales;f__Rikenellaceae;g__Alistipes;s__Alistipes_shahii	k__Bacteria;p__Firmicutes;c__Clostridia;o__Clostridiales;f__Ruminococcaceae;g__Faecalibacterium;s__Faecalibacterium_prausnitzii	k__Bacteria;p__Bacteroidetes;c__Bacteroidia;o__Bacteroidales;f__Rikenellaceae;g__Alistipes;s__Alistipes_finegoldii	k__Bacteria;p__Bacteroidetes;c__Bacteroidia;o__Bacteroidales;f__Porphyromonadaceae;g__Parabacteroides;s__Parabacteroides_distasonis	k__Bacteria;p__Bacteroidetes;c__Bacteroidia;o__Bacteroidales;f__Bacteroidaceae;g__Bacteroides;s__Bacteroides_thetaiotaomicron	k__Bacteria;p__Bacteroidetes;c__Bacteroidia;o__Bacteroidales;f__Bacteroidaceae;g__Bacteroides;s__Bacteroides_coprocola	k__Bacteria;p__Bacteroidetes;c__Bacteroidia;o__Bacteroidales;f__Bacteroidaceae;g__Bacteroides;s__Bacteroides_cellulosilyticus	k__Bacteria;p__Bacteroidetes;c__Bacteroidia;o__Bacteroidales;f__Rikenellaceae;g__Alistipes;s__Alistipes_obesi	k__Bacteria;p__Firmicutes;c__Clostridia;o__Clostridiales;f__Lachnospiraceae;g__;s__[Eubacterium]_rectale	k__Bacteria;p__Bacteroidetes;c__Bacteroidia;o__Bacteroidales;f__Bacteroidaceae;g__Bacteroides;s__Bacteroides_plebeius	k__Bacteria;p__Bacteroidetes;c__Bacteroidia;o__Bacteroidales;f__Bacteroidaceae;g__Bacteroides;s__Bacteroides_fragilis	k__Bacteria;p__Proteobacteria;c__Betaproteobacteria;o__Burkholderiales;f__Sutterellaceae;g__Sutterella;s__Sutterella_wadsworthensis	k__Bacteria;p__Bacteroidetes;c__Bacteroidia;o__Bacteroidales;f__Porphyromonadaceae;g__Barnesiella;s__Barnesiella_intestinihominis	k__Bacteria;p__Bacteroidetes;c__Bacteroidia;o__Bacteroidales;f__Odoribacteraceae;g__Odoribacter;s__Odoribacter_splanchnicus	k__Bacteria;p__Bacteroidetes;c__Bacteroidia;o__Bacteroidales;f__Bacteroidaceae;g__Bacteroides;s__Bacteroides_salyersiae	k__Bacteria;p__Firmicutes;c__Clostridia;o__Clostridiales;f__Ruminococcaceae;g__Ruminiclostridium;s__[Eubacterium]_siraeum	k__Bacteria;p__Proteobacteria;c__Betaproteobacteria;o__Burkholderiales;f__Sutterellaceae;g__Parasutterella;s__Parasutterella_excrementihominis	k__Bacteria;p__Actinobacteria;c__Actinobacteria;o__Bifidobacteriales;f__Bifidobacteriaceae;g__Bifidobacterium;s__Bifidobacterium_adolescentis	k__Bacteria;p__Firmicutes;c__Clostridia;o__Clostridiales;f__Oscillospiraceae;g__Oscillibacter;s__Oscillibacter_sp._KLE_1745	k__Bacteria;p__Bacteroidetes;c__Bacteroidia;o__Bacteroidales;f__Bacteroidaceae;g__Bacteroides;s__Bacteroides_coprophilus	k__Bacteria;p__Firmicutes;c__Clostridia;o__Clostridiales;f__Lachnospiraceae;g__Roseburia;s__Roseburia_intestinalis	k__Bacteria;p__Firmicutes;c__Clostridia;o__Clostridiales;f__Lachnospiraceae;g__Roseburia;s__Roseburia_hominis	k__Bacteria;p__Bacteroidetes;c__Bacteroidia;o__Bacteroidales;f__Porphyromonadaceae;g__Parabacteroides;s__Parabacteroides_johnsonii	k__Bacteria;p__Actinobacteria;c__Actinobacteria;o__Bifidobacteriales;f__Bifidobacteriaceae;g__Bifidobacterium;s__Bifidobacterium_longum	k__Bacteria;p__Firmicutes;c__Clostridia;o__Clostridiales;f__;g__Flavonifractor;s__Flavonifractor_plautii	k__Bacteria;p__Firmicutes;c__Clostridia;o__Clostridiales;f__Clostridiaceae;g__Clostridium;s__Clostridium_phoceensis	k__Bacteria;p__Verrucomicrobia;c__Verrucomicrobiae;o__Verrucomicrobiales;f__Akkermansiaceae;g__Akkermansia;s__Akkermansia_muciniphila	k__Bacteria;p__Bacteroidetes;c__Bacteroidia;o__Bacteroidales;f__Prevotellaceae;g__Paraprevotella;s__Paraprevotella_xylaniphila	k__Bacteria;p__Firmicutes;c__Clostridia;o__Clostridiales;f__Ruminococcaceae;g__Ruminococcus;s__Ruminococcus_callidus	k__Bacteria;p__Bacteroidetes;c__Bacteroidia;o__Bacteroidales;f__Rikenellaceae;g__Alistipes;s__Alistipes_senegalensis	k__Bacteria;p__Firmicutes;c__Clostridia;o__Clostridiales;f__Lachnospiraceae;g__Blautia;s__Blautia_sp._KLE_1732	k__Bacteria;p__Bacteroidetes;c__Bacteroidia;o__Bacteroidales;f__Bacteroidaceae;g__Bacteroides;s__Bacteroides_oleiciplenus	k__Bacteria;p__Firmicutes;c__Clostridia;o__Clostridiales;f__Ruminococcaceae;g__Ruminococcus;s__Ruminococcus_bicirculans	k__Bacteria;p__Bacteroidetes;c__Bacteroidia;o__Bacteroidales;f__Bacteroidaceae;g__Bacteroides;s__Bacteroides_fluxus	k__Bacteria;p__Bacteroidetes;c__Bacteroidia;o__Bacteroidales;f__Prevotellaceae;g__Prevotella;s__Prevotella_stercorea	k__Bacteria;p__Firmicutes;c__Clostridia;o__Clostridiales;f__Lachnospiraceae;g__Dorea;s__Dorea_longicatena	k__Bacteria;p__Firmicutes;c__Clostridia;o__Clostridiales;f__Eubacteriaceae;g__Eubacterium;s__[Eubacterium]_eligens	k__Bacteria;p__Firmicutes;c__Clostridia;o__Clostridiales;f__Ruminococcaceae;g__;s__Ruminococcaceae_bacterium_D16	k__Bacteria;p__Firmicutes;c__Clostridia;o__Clostridiales;f__Lachnospiraceae;g__Coprococcus;s__Coprococcus_comes	k__Bacteria;p__Proteobacteria;c__Gammaproteobacteria;o__Enterobacterales;f__Enterobacteriaceae;g__Escherichia;s__Escherichia_coli	k__Bacteria;p__Firmicutes;c__Clostridia;o__Clostridiales;f__Ruminococcaceae;g__Anaerotruncus;s__Anaerotruncus_colihominis	k__Bacteria;p__Firmicutes;c__Clostridia;o__Clostridiales;f__Lachnospiraceae;g__Blautia;s__Blautia_obeum	k__Bacteria;p__Bacteroidetes;c__Bacteroidia;o__Bacteroidales;f__Odoribacteraceae;g__Odoribacter;s__Odoribacter_laneus	k__Bacteria;p__Firmicutes;c__Clostridia;o__Clostridiales;f__Ruminococcaceae;g__Ruminiclostridium;s__[Clostridium]_leptum	k__Bacteria;p__Bacteroidetes;c__Bacteroidia;o__Bacteroidales;f__Porphyromonadaceae;g__Parabacteroides;s__Parabacteroides_goldsteinii	k__Bacteria;p__Firmicutes;c__Clostridia;o__Clostridiales;f__Lachnospiraceae;g__Anaerostipes;s__Anaerostipes_hadrus	k__Bacteria;p__Firmicutes;c__Clostridia;o__Clostridiales;f__Ruminococcaceae;g__Ruminococcus;s__Ruminococcus_lactaris	k__Bacteria;p__Firmicutes;c__Clostridia;o__Clostridiales;f__Clostridiaceae;g__Clostridium;s__Clostridium_sp._L2-50	k__Bacteria;p__Firmicutes;c__Clostridia;o__Clostridiales;f__Clostridiaceae;g__Clostridium;s__Clostridium_sp._M62/1	k__Bacteria;p__Firmicutes;c__Clostridia;o__Clostridiales;f__;g__Intestinimonas;s__Intestinimonas_butyriciproducens	k__Bacteria;p__Actinobacteria;c__Actinobacteria;o__Bifidobacteriales;f__Bifidobacteriaceae;g__Bifidobacterium;s__Bifidobacterium_bifidum	k__Bacteria;p__Firmicutes;c__Negativicutes;o__Veillonellales;f__Veillonellaceae;g__Dialister;s__Dialister_invisus	k__Bacteria;p__Bacteroidetes;c__Bacteroidia;o__Bacteroidales;f__Bacteroidaceae;g__Bacteroides;s__Bacteroides_salanitronis
k__Bacteria;p__Bacteroidetes;c__Bacteroidia;o__Bacteroidales;f__Bacteroidaceae;g__Bacteroides;s__Bacteroides_vulgatus	1.0	-0.0164064635214	0.0445418038976	0.0152119490855	-0.00897014807829	-0.0684562870349	-0.0408076639775	0.0111933690996	0.0256043725039	-0.00272370875069	0.057115740586	-0.052236679819	-0.0460548792248	-0.0226698301013	-0.0430456938563	0.0359556961755	0.0182717485697	-0.0118144464246	-0.032903619352	-0.0538126214846	-0.0165185215036	-0.0406867648672	0.0182706180617	0.0593752463408	-0.020129053306	-0.0186756744591	-0.00524338382087	-0.0438256046342	0.000805434443935	0.0430619599311	-0.0416115606087	-0.0367240806562	-0.0226886663918	0.0307003817077	-0.0154390342723	0.019691018978	0.00377715116829	-0.0342364845402	0.0264617588788	-0.0502263969626	0.0441557500525	0.0345667085127	0.0465552855228	-0.0500415371923	-0.00550957720164	0.00536575348215	-0.0625012010605	-0.0117840363262	-0.0120858462662	0.024408996702	0.029586037744	0.00904319542536	0.00615818592263	0.0163747442397	-0.0220613867888	0.0293477948761	0.0267235267847	-0.0978526143276	0.0630637899811
k__Bacteria;p__Bacteroidetes;c__Bacteroidia;o__Bacteroidales;f__Bacteroidaceae;g__Bacteroides;s__Bacteroides_uniformis	-0.0164064635214	1.0	-0.0233647161296	-0.0218285697018	-0.0185737194746	0.0292782958415	0.0168814949026	-0.0102073109554	0.0436183719724	0.0231050622137	0.0189272693206	0.0509207218018	-0.00237769411628	-0.014345157207	0.0024525771668	-0.0577238751312	0.0562126616925	-0.0619432817169	-0.0384070095467	-0.000225867224099	0.00503102812318	-0.020205604202	-0.00756019356031	9.28978598736e-05	0.0589622384141	-0.00950075131273	0.0220689571498	0.000623065525654	-0.0383747400924	-0.0178730114693	-0.026413536856	0.0350376569367	0.0125550653147	-0.016952612091	-0.00939783301162	0.0331447503233	0.022069566897	9.71003650651e-07	-0.0205967533614	-0.0370427293243	0.0149122982701	0.0228578002185	0.0243871617006	-0.0444108249214	-0.00571502140943	-0.0898954620798	-0.0168952805505	-0.0408805964455	-0.0174759191474	-0.0264996417523	-0.0213850928047	0.00279444082454	0.0147816833284	0.000462218654947	0.0224218365003	-0.0321311715363	-0.000346889254501	0.00519475476433	-0.0647969227137
k__Bacteria;p__Bacteroidetes;c__Bacteroidia;o__Bacteroidales;f__Rikenellaceae;g__Alistipes;s__Alistipes_putredinis	0.0445418038976	-0.0233647161296	1.0	-0.031375096175	-0.0232911221897	-0.0398567660019	0.0251040459837	-0.0750378012252	-0.0354552324075	0.0205502108392	-0.0113376566675	0.019030717538	0.00746398012337	-0.0174417657515	0.0142522905304	0.0371927216369	0.0458641047551	-0.0296654666118	0.0109147275508	0.0248568533408	-0.0230485516749	0.0186496126037	0.0944539469181	0.0112580692843	0.0348663332946	-0.0200530995486	-0.0243565542673	0.014778179291	-0.0138412181718	-7.93699537339e-05	0.00253237355091	-0.0104116225023	-0.046066824844	-0.0144956914291	0.00125870388131	-0.0270823454867	-0.0185516047358	-0.0336173312743	-0.0257921700379	-0.0471224798405	-0.0556933900628	0.0345076062901	-0.0563323459322	0.047521304602	-0.0212991372914	-0.0467955743242	-0.0688815218025	0.00955032245996	-0.0361429436105	-0.00499588873511	-0.00836302350134	0.0747894142661	0.0149213412905	0.0355414169019	-0.00317559999928	-0.0190480051798	-0.00648720430619	0.0677896147374	0.0158639930199
k__Bacteria;p__Bacteroidetes;c__Bacteroidia;o__Bacteroidales;f__Prevotellaceae;g__Prevotella;s__Prevotella_copri	0.0152119490855	-0.0218285697018	-0.031375096175	1.0	0.0434118909819	0.0196836085955	-0.013902282985	0.0388801988772	0.0111562324772	0.0265718106636	-0.0409898449636	-0.0532363750158	-0.0660628570595	0.000826435183388	-0.0312594547801	-0.0401369557681	-0.0225582382083	0.00676695098852	0.00376489590177	-0.073864644565	0.0278362175276	-0.0031304975394	0.0426116134726	-0.00116462607954	-0.0154447058259	0.0870241557728	0.0424992576701	-0.013929305922	-0.107648251799	0.0171494514426	-0.0112755943418	-0.0822283163827	0.0309377389306	0.0545642588475	-0.0050283534829	-0.0615587196744	-0.0155465799226	0.0372342086876	-0.000796395672165	-0.0659367540574	0.0481680582718	0.00125730659542	-0.0210534900765	-0.0197880001354	-0.0384993159317	0.0123884166992	-0.0200380990258	0.0307867651846	-0.0338323708838	-0.0694498775769	-0.0196910297907	-0.0407891486723	0.0535684993512	-0.0057594823336	0.00541623061676	-0.0449091698252	-0.0356056269759	-0.0288444394297	-0.00882881769558
k__Bacteria;p__Bacteroidetes;c__Bacteroidia;o__Bacteroidales;f__Bacteroidaceae;g__Bacteroides;s__Bacteroides_stercoris	-0.00897014807829	-0.0185737194746	-0.0232911221897	0.0434118909819	1.0	-0.0055059656568	0.0167509274033	-0.0296170491629	-0.0351055527985	-0.0256019643865	0.0212753707851	-0.0302144005621	-0.0280815534486	0.0764820097356	0.00714722700372	0.00936265428773	-0.0027756824847	0.0331447461756	0.0324349139735	-0.0494894484942	0.0641586453344	-0.0275927505621	0.0276015190774	-0.0436708097997	-0.0160855957229	0.00961208852751	-0.00810834614983	-0.101008086214	0.063126847133	-0.0583721105466	-0.0193099481372	0.0092755851596	0.0167502926032	0.0626742334296	-0.0543939582477	-0.0158037204404	-0.0363334809677	0.0304239244831	-0.00480654833203	-0.087930508782	-0.0271837835895	-0.0102184479196	0.000768718299632	0.0169862915062	0.0346618365577	0.0270493985645	-0.0594966020466	0.00542765166343	0.00537605330348	0.00807396667819	0.00176414872771	-0.0270365659307	-0.0177573075997	-0.0243690712242	-0.0640818334244	-0.00810093876723	-0.00255417629762	0.00673402256429	-0.0101814119467
k__Bacteria;p__Bacteroidetes;c__Bacteroidia;o__Bacteroidales;f__Bacteroidaceae;g__Bacteroides;s__Bacteroides_ovatus	-0.0684562870349	0.0292782958415	-0.0398567660019	0.0196836085955	-0.0055059656568	1.0	-0.0488727729106	-0.0358403662532	-0.039626019053	0.00822727487072	-0.00670674792784	0.068611450578	-0.0193900660485	0.0427695843301	0.0284962923598	0.0199764029914	-0.0110309279857	0.0172272820428	-0.0028712737578	-0.0221126427613	-0.0614891704478	0.018990609935	-0.0510294981094	0.0151884899225	-0.0191348670462	-0.00492972043186	-0.0345213209431	-0.0251939644316	0.0259042632199	-0.0441821272864	-0.0439772020841	0.0136621347242	-0.021612814396	0.0416339645166	-0.0169332989258	-0.0115390596037	-0.0168642938472	-0.0501286947156	0.0515656330957	-0.0178644443434	-0.0389957318571	-0.0620093701764	0.0212675317786	-0.0303265312393	0.0205459397066	0.0373608403681	-0.0452996609547	-0.024452723309	-0.00705647531552	0.021690152514	-0.0500977244392	-0.0483639169943	0.0015400761867	0.0406747466513	-0.0377746603133	-0.0293074655636	-0.0102306247305	0.00218317326094	0.0466378372942
k__Bacteria;p__Bacteroidetes;c__Bacteroidia;o__Bacteroidales;f__Rikenellaceae;g__Alistipes;s__Alistipes_shahii	-0.0408076639775	0.0168814949026	0.0251040459837	-0.013902282985	0.0167509274033	-0.0488727729106	1.0	-0.00767128372514	-0.0273591229584	-0.0398181265635	-0.0413125197709	0.0451623037816	-0.0088818592434	0.0464983956814	0.0743147838975	-0.0420287434625	0.00615192199431	0.0371798514501	-0.0239846262511	0.0083086590086	0.0196180874446	-0.0368326944107	0.000439788086843	0.0177916709207	-0.0114053625017	0.00137119568301	-0.0170785282258	-0.0131134501605	0.0272043381556	-0.0481200937434	-0.0370541473063	-0.0319579021022	-0.0229226932236	0.00578897083631	0.000379791458303	0.027866802818	0.0252626893431	-0.0248416760633	-0.0285286305718	0.0176244703058	-0.0201432285761	0.0538695712242	0.0237129438405	-0.0172953657714	0.0462077726197	-0.0639376242332	0.0398515937934	0.00591675432566	-0.0628178158025	-0.0878581822506	-0.0221379020831	0.0202186681431	-0.0273117517102	0.00761085992915	5.90856236921e-05	0.0544912159898	-0.0452119216062	0.00448641831378	-0.0316646046174
k__Bacteria;p__Firmicutes;c__Clostridia;o__Clostridiales;f__Ruminococcaceae;g__Faecalibacterium;s__Faecalibacterium_prausnitzii	0.0111933690996	-0.0102073109554	-0.0750378012252	0.0388801988772	-0.0296170491629	-0.0358403662532	-0.00767128372514	1.0	-0.0178898666886	0.0340625878171	-0.046233537007	0.0422393151222	0.0251040618267	0.0229383123979	-0.0326711563457	-0.0118977149278	-0.0605300148729	0.0148322057144	-0.0235670209389	0.0220593636738	-0.0360767925158	0.0207785854809	-0.0105030212733	0.0107286733192	0.00397737312662	0.0201950468062	-0.0463267680249	-0.00377124425971	-0.050853144296	0.082473913998	-0.024476509873	0.0472047569194	0.00617728928721	0.0530987093256	-0.0482097851534	0.0322137515788	0.0343254531906	0.0394743458296	0.00435734923209	-0.0650488240499	0.00647955358194	-0.0162618995268	0.00953467984425	-0.0571897407938	-0.0579146090143	0.00586878759721	-0.0452614893271	0.0361962082101	-0.0596009360848	0.0113087350695	-0.004713170283	-0.0349016516019	0.0193675293925	0.00802204227514	-0.0277771995695	-0.0172238309682	-0.0453860432906	-0.0592027179345	-0.0221346386269
k__Bacteria;p__Bacteroidetes;c__Bacteroidia;o__Bacteroidales;f__Rikenellaceae;g__Alistipes;s__Alistipes_finegoldii	0.0256043725039	0.0436183719724	-0.0354552324075	0.0111562324772	-0.0351055527985	-0.039626019053	-0.0273591229584	-0.0178898666886	1.0	-0.0684868541072	-0.00633727113375	-0.085003015494	-0.039589645173	0.00723525120412	-0.110673030832	-0.0607790398389	0.00761875236107	-0.0406177572214	-0.0135127635606	0.0298681621306	0.0345718623313	-0.013812462465	0.0296876608597	0.0455198210209	0.00205034563034	-0.0339025665607	0.0240428474063	0.00275149098143	-0.0349050145066	0.0740120704956	0.0191046421093	-0.0077859273484	-0.0548057703585	-0.0011925896436	0.012987050411	0.117040471335	-0.052594952629	0.00540422843381	0.000234209195202	-0.0520238210697	-0.0056861604731	-0.0506288071823	-0.000762608626272	-0.0157600058864	-0.0160306238619	-0.0332122084928	-0.024992898934	-0.0657031709438	-0.0423002280577	-0.0261165416567	-0.0360278309321	0.0427994415086	0.0791646348137	0.0564874000718	0.00135123846728	0.0337696814646	-0.0498762423864	-0.0244671571806	-0.0180320184861
k__Bacteria;p__Bacteroidetes;c__Bacteroidia;o__Bacteroidales;f__Porphyromonadaceae;g__Parabacteroides;s__Parabacteroides_distasonis	-0.00272370875069	0.0231050622137	0.0205502108392	0.0265718106636	-0.0256019643865	0.00822727487072	-0.0398181265635	0.0340625878171	-0.0684868541072	1.0	-0.0338029417862	-0.0423318321314	-0.0218624766989	-0.0323069187289	-0.0290782602985	0.0152942603464	0.0545312363815	-0.0391941338282	0.0340319136338	-0.0134756593313	0.0249687201039	-0.0523135196385	0.0153996002641	-0.0112049860514	0.0413685558628	-0.0195758673438	-0.0252394451855	-0.0189639131516	-0.0147331970039	0.0611451623919	-0.033940141627	0.0338170453927	0.0719636131652	-0.0402953913513	0.0412590472515	-0.0563701744633	0.0245241309178	0.00171347758673	-0.0225709998948	-0.0166591409287	-0.0201257396856	-0.0575152644819	-0.0216292003182	0.00654731213828	0.0217966532139	0.00235931287747	0.0225861971733	0.0163789418281	0.0161642637079	0.0242727890113	-0.0897145385917	-0.0280265068183	-0.0154357163963	0.0272784099191	-0.0972943344515	0.023759168229	-0.0142595596306	-0.0269930598602	-0.109154263301
k__Bacteria;p__Bacteroidetes;c__Bacteroidia;o__Bacteroidales;f__Bacteroidaceae;g__Bacteroides;s__Bacteroides_thetaiotaomicron	0.057115740586	0.0189272693206	-0.0113376566675	-0.0409898449636	0.0212753707851	-0.00670674792784	-0.0413125197709	-0.046233537007	-0.00633727113375	-0.0338029417862	1.0	-0.055406532293	0.0175597594024	0.0360384942776	-0.0601868565228	0.0204892466368	0.0300405916169	-0.0206213672221	0.0146682785493	-0.00166668769258	0.0556267856021	0.0188129108164	0.00618450480543	0.0157655644088	0.0233505854829	-0.0449336255305	0.0314180138081	-0.0124825495923	-0.0322056723312	-0.0211215395833	0.100611736526	-0.0158859649389	-0.0554334435192	0.00140791454803	-0.015752267894	0.0158814022112	-0.00620776337223	0.0181212574626	-0.00263406042192	-0.0583231889155	0.00648697125155	-0.0224564115943	-0.0391503486292	-0.069240890312	-0.000497233239558	0.0225233704223	-0.0341596220945	-0.0307448116756	-0.0501894359625	-0.0395706266369	0.0675344996241	0.0378660341828	-0.00116080743443	0.0398376451581	0.00741184202168	-0.0500114740206	-0.0754573371602	-0.058600302307	-0.000965377721998
k__Bacteria;p__Bacteroidetes;c__Bacteroidia;o__Bacteroidales;f__Bacteroidaceae;g__Bacteroides;s__Bacteroides_coprocola	-0.052236679819	0.0509207218018	0.019030717538	-0.0532363750158	-0.0302144005621	0.068611450578	0.0451623037816	0.0422393151222	-0.085003015494	-0.0423318321314	-0.055406532293	1.0	0.0586294037797	0.0453177575097	-0.00181771210293	-0.0202700415428	0.00385289511244	0.0654219204972	-0.0127862941286	-0.0100266072999	-0.0599504948874	-0.00221437442668	-0.0164963021749	-0.0568095305529	0.00546378820978	-0.0835085656263	-0.0302416570947	-0.0833927284263	0.0345372866184	-0.057567345108	-0.0136723168747	0.0271206769579	0.0183693595929	-0.0644656827453	-0.00493818539517	-0.0105949653168	0.0176027892877	0.0182589136989	-0.0367866510465	0.0203839990944	0.0551524128787	-0.0460056903398	-0.0155837291284	-0.00416939114143	-0.0581065064452	0.0108618996474	0.0272623569985	0.0482926970956	0.0360724389487	0.0152178451487	-0.0476937384558	0.01418344637	0.00221556487807	0.0534238417517	0.00431677366958	0.0230817632443	-0.0399221835327	-0.0896295052172	0.0177130405016
k__Bacteria;p__Bacteroidetes;c__Bacteroidia;o__Bacteroidales;f__Bacteroidaceae;g__Bacteroides;s__Bacteroides_cellulosilyticus	-0.0460548792248	-0.00237769411628	0.00746398012337	-0.0660628570595	-0.0280815534486	-0.0193900660485	-0.0088818592434	0.0251040618267	-0.039589645173	-0.0218624766989	0.0175597594024	0.0586294037797	1.0	0.00234865513486	-0.00458113305039	-0.0888811390226	-0.00443542668269	-0.0385384318816	-0.0555158625963	-0.0310279348121	0.0152448443705	-0.0281545007628	0.0241355058627	-0.00309915695517	-0.054290968784	-0.00250608778465	-0.00465308970013	-0.013337026763	0.0759829975823	0.0059032110446	-0.0242912568136	0.0247316317864	-0.0365708509927	-0.0264916456117	0.0257204216813	0.0544687110061	-0.026525112821	-0.00194882185144	-0.0761504607337	-0.0148176572885	0.0378063927613	-0.0018559635832	-0.0609641790834	-0.0225832322998	0.000825702976232	-0.0140696071755	0.00460826962719	-0.00457715149021	-0.0231213691252	0.0290800851385	-0.0206210574354	0.056233499723	-0.0033681749914	-0.0750726503525	0.00325651679921	-0.0393467289639	-0.0331285546936	-0.0419240969509	-0.0334550559068
k__Bacteria;p__Bacteroidetes;c__Bacteroidia;o__Bacteroidales;f__Rikenellaceae;g__Alistipes;s__Alistipes_obesi	-0.0226698301013	-0.014345157207	-0.0174417657515	0.000826435183388	0.0764820097356	0.0427695843301	0.0464983956814	0.0229383123979	0.00723525120412	-0.0323069187289	0.0360384942776	0.0453177575097	0.00234865513486	1.0	0.0235579220638	-0.0129081253583	-0.0959592476734	0.00720602081794	0.0265913549594	-0.0149831460256	-0.0542190658276	-0.0300343744646	-0.0211677391599	-0.0273970853689	0.0256448952855	-0.0225129967393	0.0457393073632	-0.028177653891	0.0623578241601	0.011997314034	0.0293879528197	-0.0156819463259	-0.0223336100174	-0.0161303923617	-0.0339901195523	-0.0532403514744	0.0354315869622	-0.0191797321507	-0.0678518728891	0.00810143138718	-0.0183136080224	-0.0111972848793	0.0487241539317	0.0146447149478	-0.0581453261577	0.0369690052783	-0.00741443707477	-0.0961054623497	0.0217253296516	0.0120179794154	-0.00464249962809	-0.0112379345519	-0.0162017845984	-0.0121641670355	-0.0194307736582	-0.0370569089273	0.0267453466755	0.0299322161066	-0.0351367227583
k__Bacteria;p__Firmicutes;c__Clostridia;o__Clostridiales;f__Lachnospiraceae;g__;s__[Eubacterium]_rectale	-0.0430456938563	0.0024525771668	0.0142522905304	-0.0312594547801	0.00714722700372	0.0284962923598	0.0743147838975	-0.0326711563457	-0.110673030832	-0.0290782602985	-0.0601868565228	-0.00181771210293	-0.00458113305039	0.0235579220638	1.0	0.0382638870305	0.00216970692552	-0.06602783481	0.0771114409419	0.0286168307986	-0.0378668435835	-0.025344028538	-0.010354490205	-0.0441752428974	0.0580697270873	0.0546700403169	-0.0669961045701	0.0427959808519	-0.0290179185529	0.065126829764	-0.0274083323491	-0.0125957715228	-0.0230177937048	-0.0118139558454	0.00124009392402	-0.0575239864512	-0.0291533044627	-0.0618641124736	-0.0551450469851	0.0557124192315	-0.00108459741947	-0.0268191658031	0.0112071958942	-0.0393641956746	0.0277714079508	-0.0167708496088	-0.0731416749205	-0.00319328341974	-0.0402291871793	-0.0675381392764	0.0483685133023	0.0215081510844	0.0231114822986	-0.0364484724949	0.00720542045692	-0.0513011442113	-0.0117840893628	0.0531142044033	0.0556099180781
k__Bacteria;p__Bacteroidetes;c__Bacteroidia;o__Bacteroidales;f__Bacteroidaceae;g__Bacteroides;s__Bacteroides_plebeius	0.0359556961755	-0.0577238751312	0.0371927216369	-0.0401369557681	0.00936265428773	0.0199764029914	-0.0420287434625	-0.0118977149278	-0.0607790398389	0.0152942603464	0.0204892466368	-0.0202700415428	-0.0888811390226	-0.0129081253583	0.0382638870305	1.0	-0.00659796770026	0.0557173432715	0.0331448088391	-0.0067945726584	0.0615488611091	-0.0181159522958	-0.0400856304119	-0.0149528065681	0.00768145674988	-0.017189639375	-0.00297297320688	-0.0317103889262	-0.0215134535898	-0.0443353595677	0.0223007502868	0.0618626716441	-0.0334290498528	-0.0365029407831	-0.0341107452826	0.0332869874503	-0.0234355302201	-0.0169407271187	0.0276711510917	0.0354858071558	-0.0547959820782	0.00720125766914	-0.077387096694	-0.00103324258706	0.0174601039778	0.0048343104932	-0.0471908248131	-0.000361496768847	-0.00688972744521	0.0036494780513	0.0367381671416	0.0687558593618	-0.0464056455598	0.0329481657535	0.0502371401266	0.0538825158325	0.0169485100722	0.0178230526391	-0.0489724466261
k__Bacteria;p__Bacteroidetes;c__Bacteroidia;o__Bacteroidales;f__Bacteroidaceae;g__Bacteroides;s__Bacteroides_fragilis	0.0182717485697	0.0562126616925	0.0458641047551	-0.0225582382083	-0.0027756824847	-0.0110309279857	0.00615192199431	-0.0605300148729	0.00761875236107	0.0545312363815	0.0300405916169	0.00385289511244	-0.00443542668269	-0.0959592476734	0.00216970692552	-0.00659796770026	1.0	0.041991416996	0.0140542029905	-0.0318558428663	-0.0228870153125	-0.0743005132449	-0.0311888302041	-0.0384806861683	0.0143597507436	-0.064041841523	0.0412516911307	0.0315722699456	0.0178456315296	0.0208086846305	-0.0122282472404	0.0303075778347	-0.00909021737609	-0.064070600139	-0.0274248970446	0.0130164661227	-0.00422329468034	-0.0459251970517	-0.0144009169387	-0.0316929119789	-0.007939187274	-0.0316832303439	-0.0584800401223	0.0150468572986	0.056227248936	0.0215533180924	-0.0512466678755	-0.0245692709959	0.0306145489107	0.0703693619191	-0.0202719738378	-0.0357896320176	-0.0537606275469	0.0218070946254	-0.0499795991353	-0.044556793281	0.0422166556269	-0.010137567683	0.000383774909989
k__Bacteria;p__Proteobacteria;c__Betaproteobacteria;o__Burkholderiales;f__Sutterellaceae;g__Sutterella;s__Sutterella_wadsworthensis	-0.0118144464246	-0.0619432817169	-0.0296654666118	0.00676695098852	0.0331447461756	0.0172272820428	0.0371798514501	0.0148322057144	-0.0406177572214	-0.0391941338282	-0.0206213672221	0.0654219204972	-0.0385384318816	0.00720602081794	-0.06602783481	0.0557173432715	0.041991416996	1.0	-0.0374427084675	-0.0119261744242	-0.0254860159373	0.0663825957486	-0.0541704657043	0.0198017392784	-0.0269469491156	0.0417083731758	0.0947091419617	0.0149344610458	-0.00475464706502	-0.0436940218919	-0.0537000721861	0.00744301531514	0.000686547778294	-0.0435040289406	0.0268325946345	-0.0307763076165	-0.0220473013277	0.0216585060755	0.00331270871762	-0.0516264679228	0.00627004907786	0.0162539413197	0.0191575415178	0.0598265316979	0.00665000535029	0.0332353141024	-0.0664774009257	-0.0235760396533	-0.00972913249262	-0.0732393163235	0.0389413500479	0.0344691171852	0.0270484876397	-0.0806519518403	-0.0225501625513	-0.00859112985155	0.058350288207	-0.0721385289963	0.00813601784601
k__Bacteria;p__Bacteroidetes;c__Bacteroidia;o__Bacteroidales;f__Porphyromonadaceae;g__Barnesiella;s__Barnesiella_intestinihominis	-0.032903619352	-0.0384070095467	0.0109147275508	0.00376489590177	0.0324349139735	-0.0028712737578	-0.0239846262511	-0.0235670209389	-0.0135127635606	0.0340319136338	0.0146682785493	-0.0127862941286	-0.0555158625963	0.0265913549594	0.0771114409419	0.0331448088391	0.0140542029905	-0.0374427084675	1.0	0.00629863868448	0.0198536825303	-0.000955436322368	-0.0547908048216	-0.0292467453342	-0.0121466862113	-0.0130151634442	-0.0263387157856	-0.0230748410475	-0.0763746518816	-0.0211706033438	-0.0185585363778	-0.030867752679	-0.019399564993	-0.0564675878406	-0.0348575240316	0.00555646632197	-0.0534894018075	0.0934943411112	-0.0123556445903	-0.0630110903708	-0.0301768027903	-0.0179268971045	-0.0299430573981	-0.0330303687774	-0.000649356844096	-0.0100302869267	-0.000417986570966	-0.0270441357092	0.0460404462188	-0.00346483291935	0.00699269056383	0.0333724016881	-0.0524510001066	-0.0884855861494	0.0707279037208	0.0119464189383	0.0157555847612	-0.0228748211436	0.0230186835141
k__Bacteria;p__Bacteroidetes;c__Bacteroidia;o__Bacteroidales;f__Odoribacteraceae;g__Odoribacter;s__Odoribacter_splanchnicus	-0.0538126214846	-0.000225867224099	0.0248568533408	-0.073864644565	-0.0494894484942	-0.0221126427613	0.0083086590086	0.0220593636738	0.0298681621306	-0.0134756593313	-0.00166668769258	-0.0100266072999	-0.0310279348121	-0.0149831460256	0.0286168307986	-0.0067945726584	-0.0318558428663	-0.0119261744242	0.00629863868448	1.0	0.00944341134126	-0.0126198276354	-0.0315833680934	-0.00567891983913	0.0272109610475	-0.0343164846796	-0.0220964174437	0.0356258879801	-0.0543770205201	-0.0267527194507	0.0107121279087	0.0363691290922	-0.0900168773671	0.0232997023701	-0.0353932929899	0.0360547149967	-0.0182780283909	-0.0655278818319	0.00610110494141	-0.00357057536901	0.00615698575035	-0.0136520556603	0.0426675887746	-0.0318189300397	0.00956463883792	0.0253011030932	-0.0473159375547	0.00143448778481	-0.0220199037966	-0.0331540307064	-0.0138629922395	-0.01191856888	-0.0316883201046	-0.00777351083081	-0.0119928867971	0.0166642916876	-0.0279751356599	0.0302018182017	0.0114729171509
k__Bacteria;p__Bacteroidetes;c__Bacteroidia;o__Bacteroidales;f__Bacteroidaceae;g__Bacteroides;s__Bacteroides_salyersiae	-0.0165185215036	0.00503102812318	-0.0230485516749	0.0278362175276	0.0641586453344	-0.0614891704478	0.0196180874446	-0.0360767925158	0.0345718623313	0.0249687201039	0.0556267856021	-0.0599504948874	0.0152448443705	-0.0542190658276	-0.0378668435835	0.0615488611091	-0.0228870153125	-0.0254860159373	0.0198536825303	0.00944341134126	1.0	0.013226738243	-0.0069224532695	0.0318311299678	-0.0540837169955	-0.0249374091053	0.00846543482331	-0.0538172930938	-0.00588983527699	0.0165351428267	-0.0393406356055	-0.118379251216	0.0104066573528	-0.00689014377737	0.0182286350518	-0.00620046968634	-0.0194700699554	-0.00756487072994	-0.000221964138667	0.0170525090525	-0.0803855925516	0.0104664966046	0.0397286155014	0.0238265665443	-0.016056750894	-0.0840792063632	0.0408441402143	0.0278586179547	-0.0568393896617	0.0170750499835	0.0225714029147	-0.0878440403732	0.0558340074272	0.00896902730237	0.00134601125032	-0.0388790086524	-0.0116060448186	-0.0182257874667	0.0135587744049
k__Bacteria;p__Firmicutes;c__Clostridia;o__Clostridiales;f__Ruminococcaceae;g__Ruminiclostridium;s__[Eubacterium]_siraeum	-0.0406867648672	-0.020205604202	0.0186496126037	-0.00313049753939	-0.0275927505621	0.018990609935	-0.0368326944107	0.0207785854809	-0.013812462465	-0.0523135196385	0.0188129108164	-0.00221437442668	-0.0281545007628	-0.0300343744646	-0.025344028538	-0.0181159522958	-0.0743005132449	0.0663825957486	-0.000955436322368	-0.0126198276354	0.013226738243	1.0	-0.0123703096802	0.00483617990969	-0.0262165383025	0.0650049756163	0.0140956690311	-0.0452194087127	0.0274559496513	0.0232605785031	0.00798957034299	0.0441870826138	-0.0613536263416	-0.0371626169568	-0.0173266943824	-0.00382217528355	0.00858247076906	0.0475881267758	0.0219337725483	-0.0392197896481	-0.045343914508	0.013572520293	-0.00715268386921	0.0276561495521	-0.0383978148153	-0.026298580706	-0.0035941012554	0.00664584981601	-0.0186001213593	-0.0500888814403	-0.0398695791205	-0.0434480651265	-0.0184823036111	0.00205969083837	0.036688603416	-0.0732884025089	0.0144917207745	0.0311000296873	0.0062888678227
k__Bacteria;p__Proteobacteria;c__Betaproteobacteria;o__Burkholderiales;f__Sutterellaceae;g__Parasutterella;s__Parasutterella_excrementihominis	0.0182706180617	-0.00756019356031	0.0944539469181	0.0426116134726	0.0276015190774	-0.0510294981094	0.000439788086844	-0.0105030212733	0.0296876608597	0.0153996002641	0.00618450480543	-0.0164963021749	0.0241355058627	-0.0211677391599	-0.010354490205	-0.0400856304119	-0.0311888302041	-0.0541704657043	-0.0547908048216	-0.0315833680934	-0.0069224532695	-0.0123703096802	1.0	0.0274809412946	0.0422933067944	0.0514344808314	-0.0199705152408	0.0548399530386	0.00761013189963	0.0531105182864	0.0675813720784	-0.0381529318665	-0.0335836993903	-0.0104262752222	0.00650947544279	0.0190405113311	-0.0169072669185	0.0429139662583	-0.0123375751546	0.0256338954557	-0.0627659078793	-0.0406243215181	-0.00920177449885	0.0522421743651	-0.000603603524699	-0.0550541464277	-0.0251251108183	0.0215848463313	-0.0623027879509	-0.00284978791572	-0.0579047288411	-0.00352281692404	-0.00458056303612	0.0287368633894	-0.0120491211375	-0.0167966056962	0.0308574216006	-0.0392489840099	-0.0592218008641
k__Bacteria;p__Actinobacteria;c__Actinobacteria;o__Bifidobacteriales;f__Bifidobacteriaceae;g__Bifidobacterium;s__Bifidobacterium_adolescentis	0.0593752463408	9.28978598736e-05	0.0112580692843	-0.00116462607954	-0.0436708097997	0.0151884899225	0.0177916709207	0.0107286733192	0.0455198210209	-0.0112049860514	0.0157655644088	-0.0568095305529	-0.00309915695517	-0.0273970853689	-0.0441752428974	-0.0149528065681	-0.0384806861683	0.0198017392784	-0.0292467453342	-0.00567891983913	0.0318311299678	0.00483617990969	0.0274809412946	1.0	-0.0329058894151	-0.00691356059568	0.00504508957705	-0.0875753553576	-0.0404821898112	-0.0499272407007	0.017649157228	-0.0374637522521	0.00931035300044	0.0387303066506	0.00197842952362	-0.0341364818751	0.000148264043274	0.0278654289079	-0.00704544711492	-0.0133030618681	0.00337906253212	0.018598689968	0.0162773076121	0.0535038106537	-0.0671009706694	-0.00789876679	0.00882792775143	0.0496765102173	0.00942321988433	-0.00334694213021	-0.0287058460772	0.107614017971	0.0250443821621	-0.0685325019406	-0.0237106350056	0.0240672883078	-0.0341926022134	-0.0400337443798	-0.018719478873
k__Bacteria;p__Firmicutes;c__Clostridia;o__Clostridiales;f__Oscillospiraceae;g__Oscillibacter;s__Oscillibacter_sp._KLE_1745	-0.020129053306	0.0589622384141	0.0348663332946	-0.0154447058259	-0.0160855957229	-0.0191348670462	-0.0114053625017	0.00397737312662	0.00205034563034	0.0413685558628	0.0233505854829	0.00546378820978	-0.054290968784	0.0256448952855	0.0580697270873	0.00768145674988	0.0143597507436	-0.0269469491156	-0.0121466862113	0.0272109610475	-0.0540837169955	-0.0262165383025	0.0422933067944	-0.0329058894151	1.0	-0.0471205467004	-0.0279536069909	-0.0130650391803	0.0337417178548	-0.0140477613858	0.0390948311173	0.0919742482222	-0.0621795955745	-0.0159911855214	-0.0131640913632	-0.0895201454271	0.00624571408906	-0.0113168406647	-0.0124887143615	0.00422102102288	-0.016486828503	0.0309401956356	-0.00561845303585	0.016299518192	-0.0278067692358	-0.0488130376553	0.0176967329021	0.0093303737399	-0.0528963071337	-0.0458592722618	0.0171509788005	-0.0112762519932	0.0461736707278	0.00786638597451	-0.0392698937293	-0.0497943217635	-0.00788755467625	0.0146701444344	0.0118445560195
k__Bacteria;p__Bacteroidetes;c__Bacteroidia;o__Bacteroidales;f__Bacteroidaceae;g__Bacteroides;s__Bacteroides_coprophilus	-0.0186756744591	-0.00950075131273	-0.0200530995486	0.0870241557728	0.00961208852751	-0.00492972043186	0.00137119568301	0.0201950468062	-0.0339025665607	-0.0195758673438	-0.0449336255305	-0.0835085656263	-0.00250608778465	-0.0225129967393	0.0546700403169	-0.017189639375	-0.064041841523	0.0417083731758	-0.0130151634442	-0.0343164846796	-0.0249374091053	0.0650049756163	0.0514344808314	-0.00691356059568	-0.0471205467004	1.0	-0.0626387548036	0.0125376448538	-0.0274135614353	-0.0238219107931	0.00989403154122	0.0274011121903	0.0231681484857	-0.0117034651454	-0.0404325855189	0.0103320565495	-0.0048299475324	-0.0385620613198	-0.0447334035659	0.100228176678	0.00178231720963	0.0158992022677	-0.0181221489647	0.0438322530392	-0.0488265503389	0.0124232735831	-0.00698702378463	0.0375456616657	-0.0182015060325	-0.00194417229489	0.0403607777598	-0.0446160293895	0.0279289784646	-0.0193645231189	0.00901910134749	-0.0596062141194	0.0110854772466	-0.0276527933744	-0.0225282413252
k__Bacteria;p__Firmicutes;c__Clostridia;o__Clostridiales;f__Lachnospiraceae;g__Roseburia;s__Roseburia_intestinalis	-0.00524338382087	0.0220689571498	-0.0243565542673	0.0424992576701	-0.00810834614983	-0.0345213209431	-0.0170785282258	-0.0463267680249	0.0240428474063	-0.0252394451855	0.0314180138081	-0.0302416570947	-0.00465308970013	0.0457393073632	-0.0669961045701	-0.00297297320688	0.0412516911307	0.0947091419617	-0.0263387157856	-0.0220964174437	0.00846543482331	0.0140956690311	-0.0199705152408	0.00504508957705	-0.0279536069909	-0.0626387548036	1.0	-0.00213066676584	-0.0374021300351	0.0264345240361	0.00398767323894	0.0124407419194	0.00155508482729	-0.0354157971993	-0.0203591903054	0.0265895173296	-0.0393915368095	0.00841837078709	-0.00723490576986	-0.0661480151775	0.0120961003938	0.0469548508566	0.0437014126384	-0.0209355009537	-0.026157767439	0.0121031155943	-0.0494082721025	-0.00612332916219	-0.0197288433678	0.0287478753778	-0.0384595638669	-0.0502036690109	-0.0541972187298	0.0328395835124	0.00953698395735	0.0463859001983	0.0110054410557	0.0221649154636	-0.0442709278616
k__Bacteria;p__Firmicutes;c__Clostridia;o__Clostridiales;f__Lachnospiraceae;g__Roseburia;s__Roseburia_hominis	-0.0438256046342	0.000623065525654	0.014778179291	-0.013929305922	-0.101008086214	-0.0251939644316	-0.0131134501605	-0.00377124425971	0.00275149098143	-0.0189639131516	-0.0124825495923	-0.0833927284263	-0.013337026763	-0.028177653891	0.0427959808519	-0.0317103889262	0.0315722699456	0.0149344610458	-0.0230748410475	0.0356258879801	-0.0538172930938	-0.0452194087127	0.0548399530386	-0.0875753553576	-0.0130650391803	0.0125376448538	-0.00213066676584	1.0	-0.0855829345636	-0.0133974093764	-0.0363837857761	-0.0274876825134	-0.0602553750167	-0.0156090371606	-0.0208226005437	-0.0247900666643	-0.00994859508069	-0.0572494373603	-0.0323356313871	0.0101543445755	-0.0266413839266	-0.0380988374807	0.0741419282203	-0.0242033920383	-0.0168519959371	0.0416796398904	0.0196979501003	0.00605681656226	-0.0340763925648	-0.00481612229523	-0.045013299271	-0.0282242175464	-0.00920918874521	0.0461644420104	0.00808962558761	-0.0408412383175	0.0536171036589	-0.0162176033443	0.0145040061135
k__Bacteria;p__Bacteroidetes;c__Bacteroidia;o__Bacteroidales;f__Porphyromonadaceae;g__Parabacteroides;s__Parabacteroides_johnsonii	0.000805434443935	-0.0383747400924	-0.0138412181718	-0.107648251799	0.063126847133	0.0259042632199	0.0272043381556	-0.050853144296	-0.0349050145066	-0.0147331970039	-0.0322056723312	0.0345372866184	0.0759829975823	0.0623578241601	-0.0290179185529	-0.0215134535898	0.0178456315296	-0.00475464706502	-0.0763746518816	-0.0543770205201	-0.00588983527699	0.0274559496513	0.00761013189963	-0.0404821898112	0.0337417178548	-0.0274135614353	-0.0374021300351	-0.0855829345636	1.0	0.0687690044258	-0.0239937232367	0.0152902972875	0.0357164747571	-0.00161332353525	-0.0790971473831	-0.0255706969095	0.00958333238418	0.0658490447742	0.00198391750105	-0.0298671496636	-0.0927281701137	-0.0129370162062	0.0116881297834	-0.0230184042462	0.0153978850745	-0.00860998188964	-0.0555361274236	0.0114205467388	-0.0131086489454	-0.0136251772672	-0.0466912566291	-0.00128287233641	-0.0358563459192	-0.0502250612747	0.0462367374725	-0.0423334714226	-0.012293341503	-0.0204157094002	0.0176542585727
k__Bacteria;p__Actinobacteria;c__Actinobacteria;o__Bifidobacteriales;f__Bifidobacteriaceae;g__Bifidobacterium;s__Bifidobacterium_longum	0.0430619599311	-0.0178730114693	-7.93699537339e-05	0.0171494514426	-0.0583721105466	-0.0441821272864	-0.0481200937434	0.082473913998	0.0740120704956	0.0611451623919	-0.0211215395833	-0.057567345108	0.0059032110446	0.011997314034	0.065126829764	-0.0443353595677	0.0208086846305	-0.0436940218919	-0.0211706033438	-0.0267527194507	0.0165351428267	0.0232605785031	0.0531105182864	-0.0499272407007	-0.0140477613858	-0.0238219107931	0.0264345240361	-0.0133974093764	0.0687690044258	1.0	0.0415032979867	-0.0187541185919	-0.0608816199001	-0.0459996265893	-0.00401649383472	-0.0372625070672	-0.019778164596	0.0120988397054	0.0507796264153	-0.00968039303732	-0.0245759140057	-0.00238952943827	-0.0196809162418	-0.0301921687481	-0.0429823684077	0.013969072994	-0.0508625489981	0.0813300408243	-0.0358625251464	0.0539062966068	-0.0290698004899	-0.0406897065508	-0.0464352277461	-0.0341764596865	0.00149623598598	0.028663850661	-0.0214505824103	-0.0236043604718	-0.0487769300821
