#taxonomy	k__Bacteria;p__Bacteroidetes;c__Bacteroidia;o__Bacteroidales;f__Bacteroidaceae;g__Bacteroides;s__Bacteroides_vulgatus	k__Bacteria;p__Bacteroidetes;c__Bacteroidia;o__Bacteroidales;f__Bacteroidaceae;g__Bacteroides;s__Bacteroides_uniformis	k__Bacteria;p__Bacteroidetes;c__Bacteroidia;o__Bacteroidales;f__Rikenellaceae;g__Alistipes;s__Alistipes_putredinis	k__Bacteria;p__Bacteroidetes;c__Bacteroidia;o__Bacteroidales;f__Prevotellaceae;g__Prevotella;s__Prevotella_copri	k__Bacteria;p__Bacteroidetes;c__Bacteroidia;o__Bacteroidales;f__Bacteroidaceae;g__Bacteroides;s__Bacteroides_stercoris	k__Bacteria;p__Bacteroidetes;c__Bacteroidia;o__Bacteroidales;f__Bacteroidaceae;g__Bacteroides;s__Bacteroides_ovatus	k__Bacteria;p__Bacteroidetes;c__Bacteroidia;o__Bacteroidales;f__Rikenellaceae;g__Alistipes;s__Alistipes_shahii	k__Bacteria;p__Firmicutes;c__Clostridia;o__Clostridiales;f__Ruminococcaceae;g__Faecalibacterium;s__Faecalibacterium_prausnitzii	k__Bacteria;p__Bacteroidetes;c__Bacteroidia;o__Bacteroidales;f__Rikenellaceae;g__Alistipes;s__Alistipes_finegoldii	k__Bacteria;p__Bacteroidetes;c__Bacteroidia;o__Bacteroidales;f__Porphyromonadaceae;g__Parabacteroides;s__Parabacteroides_distasonis	k__Bacteria;p__Bacteroidetes;c__Bacteroidia;o__Bacteroidales;f__Bacteroidaceae;g__Bacteroides;s__Bacteroides_thetaiotaomicron	k__Bacteria;p__Bacteroidetes;c__Bacteroidia;o__Bacteroidales;f__Bacteroidaceae;g__Bacteroides;s__Bacteroides_coprocola	k__Bacteria;p__Bacteroidetes;c__Bacteroidia;o__Bacteroidales;f__Bacteroidaceae;g__Bacteroides;s__Bacteroides_cellulosilyticus	k__Bacteria;p__Bacteroidetes;c__Bacteroidia;o__Bacteroidales;f__Rikenellaceae;g__Alistipes;s__Alistipes_obesi	k__Bacteria;p__Firmicutes;c__Clostridia;o__Clostridiales;f__Lachnospiraceae;g__;s__[Eubacterium]_rectale	k__Bacteria;p__Bacteroidetes;c__Bacteroidia;o__Bacteroidales;f__Bacteroidaceae;g__Bacteroides;s__Bacteroides_plebeius	k__Bacteria;p__Bacteroidetes;c__Bacteroidia;o__Bacteroidales;f__Bacteroidaceae;g__Bacteroides;s__Bacteroides_fragilis	k__Bacteria;p__Proteobacteria;c__Betaproteobacteria;o__Burkholderiales;f__Sutterellaceae;g__Sutterella;s__Sutterella_wadsworthensis	k__Bacteria;p__Bacteroidetes;c__Bacteroidia;o__Bacteroidales;f__Porphyromonadaceae;g__Barnesiella;s__Barnesiella_intestinihominis	k__Bacteria;p__Bacteroidetes;c__Bacteroidia;o__Bacteroidales;f__Odoribacteraceae;g__Odoribacter;s__Odoribacter_splanchnicus	k__Bacteria;p__Bacteroidetes;c__Bacteroidia;o__Bacteroidales;f__Bacteroidaceae;g__Bacteroides;s__Bacteroides_salyersiae	k__Bacteria;p__Firmicutes;c__Clostridia;o__Clostridiales;f__Ruminococcaceae;g__Ruminiclostridium;s__[Eubacterium]_siraeum	k__Bacteria;p__Proteobacteria;c__Betaproteobacteria;o__Burkholderiales;f__Sutterellaceae;g__Parasutterella;s__Parasutterella_excrementihominis	k__Bacteria;p__Actinobacteria;c__Actinobacteria;o__Bifidobacteriales;f__Bifidobacteriaceae;g__Bifidobacterium;s__Bifidobacterium_adolescentis	k__Bacteria;p__Firmicutes;c__Clostridia;o__Clostridiales;f__Oscillospiraceae;g__Oscillibacter;s__Oscillibacter_sp._KLE_1745	k__Bacteria;p__Bacteroidetes;c__Bacteroidia;o__Bacteroidales;f__Bacteroidaceae;g__Bacteroides;s__Bacteroides_coprophilus	k__Bacteria;p__Firmicutes;c__Clostridia;o__Clostridiales;f__Lachnospiraceae;g__Roseburia;s__Roseburia_intestinalis	k__Bacteria;p__Firmicutes;c__Clostridia;o__Clostridiales;f__Lachnospiraceae;g__Roseburia;s__Roseburia_hominis	k__Bacteria;p__Bacteroidetes;c__Bacteroidia;o__Bacteroidales;f__Porphyromonadaceae;g__Parabacteroides;s__Parabacteroides_johnsonii	k__Bacteria;p__Actinobacteria;c__Actinobacteria;o__Bifidobacteriales;f__Bifidobacteriaceae;g__Bifidobacterium;s__Bifidobacterium_longum	k__Bacteria;p__Firmicutes;c__Clostridia;o__Clostridiales;f__;g__Flavonifractor;s__Flavonifractor_plautii	k__Bacteria;p__Firmicutes;c__Clostridia;o__Clostridiales;f__Clostridiaceae;g__Clostridium;s__Clostridium_phoceensis	k__Bacteria;p__Verrucomicrobia;c__Verrucomicrobiae;o__Verrucomicrobiales;f__Akkermansiaceae;g__Akkermansia;s__Akkermansia_muciniphila	k__Bacteria;p__Bacteroidetes;c__Bacteroidia;o__Bacteroidales;f__Prevotellaceae;g__Paraprevotella;s__Paraprevotella_xylaniphila	k__Bacteria;p__Firmicutes;c__Clostridia;o__Clostridiales;f__Ruminococcaceae;g__Ruminococcus;s__Ruminococcus_callidus	k__Bacteria;p__Bacteroidetes;c__Bacteroidia;o__Bacteroidales;f__Rikenellaceae;g__Alistipes;s__Alistipes_senegalensis	k__Bacteria;p__Firmicutes;c__Clostridia;o__Clostridiales;f__Lachnospiraceae;g__Blautia;s__Blautia_sp._KLE_1732	k__Bacteria;p__Bacteroidetes;c__Bacteroidia;o__Bacteroidales;f__Bacteroidaceae;g__Bacteroides;s__Bacteroides_oleiciplenus	k__Bacteria;p__Firmicutes;c__Clostridia;o__Clostridiales;f__Ruminococcaceae;g__Ruminococcus;s__Ruminococcus_bicirculans	k__Bacteria;p__Bacteroidetes;c__Bacteroidia;o__Bacteroidales;f__Bacteroidaceae;g__Bacteroides;s__Bacteroides_fluxus	k__Bacteria;p__Bacteroidetes;c__Bacteroidia;o__Bacteroidales;f__Prevotellaceae;g__Prevotella;s__Prevotella_stercorea	k__Bacteria;p__Firmicutes;c__Clostridia;o__Clostridiales;f__Lachnospiraceae;g__Dorea;s__Dorea_longicatena	k__Bacteria;p__Firmicutes;c__Clostridia;o__Clostridiales;f__Eubacteriaceae;g__Eubacterium;s__[Eubacterium]_eligens	k__Bacteria;p__Firmicutes;c__Clostridia;o__Clostridiales;f__Ruminococcaceae;g__;s__Ruminococcaceae_bacterium_D16	k__Bacteria;p__Firmicutes;c__Clostridia;o__Clostridiales;f__Lachnospiraceae;g__Coprococcus;s__Coprococcus_comes	k__Bacteria;p__Proteobacteria;c__Gammaproteobacteria;o__Enterobacterales;f__Enterobacteriaceae;g__Escherichia;s__Escherichia_coli	k__Bacteria;p__Firmicutes;c__Clostridia;o__Clostridiales;f__Ruminococcaceae;g__Anaerotruncus;s__Anaerotruncus_colihominis	k__Bacteria;p__Firmicutes;c__Clostridia;o__Clostridiales;f__Lachnospiraceae;g__Blautia;s__Blautia_obeum	k__Bacteria;p__Bacteroidetes;c__Bacteroidia;o__Bacteroidales;f__Odoribacteraceae;g__Odoribacter;s__Odoribacter_laneus	k__Bacteria;p__Firmicutes;c__Clostridia;o__Clostridiales;f__Ruminococcaceae;g__Ruminiclostridium;s__[Clostridium]_leptum	k__Bacteria;p__Bacteroidetes;c__Bacteroidia;o__Bacteroidales;f__Porphyromonadaceae;g__Parabacteroides;s__Parabacteroides_goldsteinii	k__Bacteria;p__Firmicutes;c__Clostridia;o__Clostridiales;f__Lachnospiraceae;g__Anaerostipes;s__Anaerostipes_hadrus	k__Bacteria;p__Firmicutes;c__Clostridia;o__Clostridiales;f__Ruminococcaceae;g__Ruminococcus;s__Ruminococcus_lactaris	k__Bacteria;p__Firmicutes;c__Clostridia;o__Clostridiales;f__Clostridiaceae;g__Clostridium;s__Clostridium_sp._L2-50	k__Bacteria;p__Firmicutes;c__Clostridia;o__Clostridiales;f__Clostridiaceae;g__Clostridium;s__Clostridium_sp._M62/1	k__Bacteria;p__Firmicutes;c__Clostridia;o__Clostridiales;f__;g__Intestinimonas;s__Intestinimonas_butyriciproducens	k__Bacteria;p__Actinobacteria;c__Actinobacteria;o__Bifidobacteriales;f__Bifidobacteriaceae;g__Bifidobacterium;s__Bifidobacterium_bifidum	k__Bacteria;p__Firmicutes;c__Negativicutes;o__Veillonellales;f__Veillonellaceae;g__Dialister;s__Dialister_invisus	k__Bacteria;p__Bacteroidetes;c__Bacteroidia;o__Bacteroidales;f__Bacteroidaceae;g__Bacteroides;s__Bacteroides_salanitronis
k__Bacteria;p__Bacteroidetes;c__Bacteroidia;o__Bacteroidales;f__Bacteroidaceae;g__Bacteroides;s__Bacteroides_vulgatus	1.0	-0.0112996315383	0.00331600498879	0.00432762682852	-0.0227902052805	-0.0483724680417	-0.019130065288	0.0496943088607	-0.0273250842487	-0.0329452918756	-0.030695539797	0.0255597989825	0.00989218592827	-0.051208897907	0.0290597934948	0.00635168229999	-0.0737147718896	-0.00915282505077	-0.0277650746633	0.0202268504822	0.00521067786821	-0.0446006383089	0.0546154023503	0.0281921962805	0.00574569582596	-0.0237361524403	-0.0377903217512	-0.0546923692747	-0.015713517077	-0.0128767394664	0.0716854276104	0.0311924728855	0.0241367632113	-0.0218841849653	-0.0090858973639	0.0137999343667	0.0580825230869	0.00606998367157	0.110514618649	-0.0120789846448	0.0453392343148	-0.115769772016	-0.0270430426162	-0.0381207280345	-0.0122477503277	-0.0137440897816	-0.0180478241379	0.0372588677602	-0.00565046286549	0.0158449872456	0.0615964524725	0.0158058251447	-0.0214924869356	0.006266940193	-0.0563563170347	-0.0494458872811	-0.0464523646961	-0.0558925828524	-0.0469349320429
k__Bacteria;p__Bacteroidetes;c__Bacteroidia;o__Bacteroidales;f__Bacteroidaceae;g__Bacteroides;s__Bacteroides_uniformis	-0.0112996315383	1.0	-0.0272958219863	0.0201525579677	-0.0514774880078	0.0312240433072	-0.0534843844919	-0.0319525779997	-0.0588887572803	-0.0491054580965	0.0309675376532	-0.0394418640371	-0.0310627136041	-0.0220768624066	0.023800891852	0.0141032451948	0.0251119342793	-0.0165540104294	-0.063756129256	-0.00850146543217	-0.000677232256701	-0.0596308855899	-0.0378859620287	-0.00438528428486	-0.0332547251991	-0.0191235338187	0.0145044315993	-0.0404124612041	0.0132345391292	0.02295466607	0.023483576984	0.00365440587373	-0.0808691914593	0.00843658512176	-0.0307337546344	-0.0152746909224	-0.0385348305614	-0.0193102877243	0.0462963235086	-0.0459679597067	0.0202784981271	0.0143321308016	-0.0361114364787	-0.0186028607963	-0.0376193687521	0.023612923135	0.0303695626447	-0.0317877888047	-0.00436239970972	-0.0126682270254	-0.0367176588979	-0.0190122334899	-0.0176738929973	0.0195659047017	0.0379621591653	0.00703804644162	0.017112688475	-0.0709356889068	0.00174845041791
k__Bacteria;p__Bacteroidetes;c__Bacteroidia;o__Bacteroidales;f__Rikenellaceae;g__Alistipes;s__Alistipes_putredinis	0.00331600498879	-0.0272958219863	1.0	0.0295728741344	-0.0530726074554	-0.018731650384	-0.0511486360664	0.0154849154594	0.0241155952519	-0.0343257806807	-0.0314130149614	0.000852101897449	0.0078086686511	0.0111443033911	-0.00960572431195	-0.0220245555009	-0.0800263686863	0.00788089932355	-0.0124056074553	-0.0376605330238	0.0143544594913	-0.0321501100825	0.0101382613034	-0.0221685447011	-0.107411657497	-0.0183421842837	0.000232623498836	-0.101897077589	-0.0121094130162	0.0262043656857	-0.0296483592177	0.0373182784432	0.0385521819756	0.00273271535127	-0.00633387915906	0.0493572704924	0.0352794058668	0.00750076888668	0.00257208211994	0.0335501059018	-0.0353008963113	-0.0670314467103	0.00244423324639	0.0381078589598	-0.00709759818825	-0.026162139362	0.0753690087311	-0.0237845461637	0.00787224576892	0.0078645637705	-0.0506361425081	-0.0418951061153	-0.0509706806474	-0.0167419271013	0.0900743792148	0.00138542205183	-0.0420956008146	0.00848539103781	-0.0421207923483
k__Bacteria;p__Bacteroidetes;c__Bacteroidia;o__Bacteroidales;f__Prevotellaceae;g__Prevotella;s__Prevotella_copri	0.00432762682852	0.0201525579677	0.0295728741344	1.0	-0.0258357794122	0.0320099217385	-0.0310737887483	0.00519122287094	0.00646231303727	0.0149763932856	-0.0843255240836	-0.0108835327626	0.00753731491402	-0.0351076575225	0.0528969017091	-0.0215458627048	0.0590803290443	0.0244273879707	0.0114599639774	0.00821824771586	0.0569200316207	0.036530412176	-0.00223281185694	-0.0145778083647	-0.0274043720475	-0.0493260391889	-0.0796705056548	-0.0868050258259	0.0326614761415	-0.0131509945508	-0.0501077486167	0.01393875889	-0.00112573828516	-0.0711697182021	-0.00581013711003	0.00730335136469	-0.0566903756688	0.0044067298594	-0.0422547772783	-0.0176623828722	-0.0315606567622	-0.013054117567	-0.0256896514657	-0.0292003567666	-0.0194409865145	-0.0176214252762	-0.0309613427116	-0.024128504175	0.0131447377118	0.0336245195516	-0.0414693883565	-0.0133265815765	0.00755100442478	-0.000391884359134	0.031692363563	-0.0449735226472	-0.0118683347999	-0.0255847271424	0.0512006716551
k__Bacteria;p__Bacteroidetes;c__Bacteroidia;o__Bacteroidales;f__Bacteroidaceae;g__Bacteroides;s__Bacteroides_stercoris	-0.0227902052805	-0.0514774880078	-0.0530726074554	-0.0258357794122	1.0	0.0219719074578	-0.0465645070639	0.0123895791159	0.00192024429521	-0.0394915592864	-0.0426096167682	-0.00570273239923	-0.0329185676952	0.000614075830267	-0.0461774091237	-0.0118415632274	-0.00205639534254	0.00538022663668	-0.0040825867127	-0.00951816142398	-0.00797291897747	-0.0239478362457	-0.00103253880787	0.0157768322757	0.0234861271959	0.0276266666516	-0.00946115286222	0.0568899737271	-0.025467857552	-0.0185299586266	0.0341986486351	0.00150947825864	0.0232805906101	-0.0436165052399	0.011983056788	0.0427168344244	0.000977848439131	-0.0353880974369	-0.0109681235469	-0.0854771084831	0.0191522198995	-0.0484734077269	-0.0461604600079	-0.0231975492853	0.0120878764712	-0.0612790532263	0.0205273933585	0.0210536942159	-0.0163041834062	-0.0201613851335	0.0229276737284	-0.0150992599495	0.092812513788	-0.0429781599468	-0.0288545732979	-0.0868095350682	0.00101467611564	0.0123509290097	-0.0289195292322
k__Bacteria;p__Bacteroidetes;c__Bacteroidia;o__Bacteroidales;f__Bacteroidaceae;g__Bacteroides;s__Bacteroides_ovatus	-0.0483724680417	0.0312240433072	-0.018731650384	0.0320099217385	0.0219719074578	1.0	0.0139268031008	-0.00353286484003	-0.00666371939544	-0.0159156447252	-0.0817114311514	-0.0426783222151	-0.0773379606466	-0.00608549805551	-0.101101940493	-0.00242253562085	0.0572945138426	-0.0313539166808	-0.0380101499542	-0.113420367436	-0.0539686565914	0.0840464595438	-0.0138814906612	-0.0628631032479	-0.0385712848825	-0.0043872170378	-0.0214607571446	0.00850368361989	-0.0362243137718	-0.0125562078456	0.0436827381924	0.0248844456291	0.0028814991677	-0.00160109539947	-0.0792167167814	0.0350123177998	-0.0551199858769	-0.054907633981	-0.0721791679702	-0.0141919895529	-0.0448511545876	-0.0860032685699	0.0490257817472	-0.0275158693512	0.0359120463182	0.0523364297798	0.0249551246094	0.0149881816576	0.0112708841124	-0.0326188056223	-0.0189855440278	-0.0332112440224	-0.00317809925007	-0.0327629908474	-0.0199533849509	0.0226522524351	-0.0497778608915	-0.00261446362429	0.00335154860687
k__Bacteria;p__Bacteroidetes;c__Bacteroidia;o__Bacteroidales;f__Rikenellaceae;g__Alistipes;s__Alistipes_shahii	-0.019130065288	-0.0534843844919	-0.0511486360664	-0.0310737887483	-0.0465645070639	0.0139268031008	1.0	0.0160384896011	-0.0108813549493	0.0266273265869	0.0225254710749	0.0157411110127	-0.0252868714675	-0.0445431264102	-0.0768757541113	-0.00545798073764	-0.00188073334665	0.0473790766551	-0.0443690730939	-0.033168421415	-0.0195201971848	0.0387906511003	0.0221872320422	-0.0449392848225	-0.00790534884839	-0.0549384573296	0.0118656618831	-0.049375573284	-0.00819471175253	-0.00812011131101	-0.0603839390131	0.000742116720296	-0.0461754698685	0.0183061312743	-0.0478938923732	-0.0201016902353	0.0180121433114	0.0255489872156	-0.0922667174436	-0.0492496591997	0.0224589807961	-0.0272526917232	0.0475232707555	0.0676489197511	-0.0234916633866	0.0660074076409	0.00682421929166	-0.0340540773068	0.0213536944467	-0.0273086065277	-0.00796464653081	0.00951462772805	0.0185612058953	-0.00257488461999	-0.026270378948	0.0526492006007	-0.0155637520213	0.039073118787	-0.0138695972741
k__Bacteria;p__Firmicutes;c__Clostridia;o__Clostridiales;f__Ruminococcaceae;g__Faecalibacterium;s__Faecalibacterium_prausnitzii	0.0496943088607	-0.0319525779997	0.0154849154594	0.00519122287094	0.0123895791159	-0.00353286484003	0.0160384896011	1.0	0.0063674326994	0.00853358662821	-0.0429233379051	-0.0374029937449	-0.0094141302315	-0.0140301150996	0.0248138770845	0.0629291967174	0.02162134684	0.0134510326579	-0.0531675251321	-0.0283408736467	-0.0334292309454	-0.00764294938347	0.0451532720267	-0.0116375267623	0.0045490078133	0.0428827649215	0.0695370253838	0.0640694055035	0.0461743877977	-0.0451294758952	-0.0293948566055	-0.00905771824716	-0.0155104901656	0.0170139117713	0.0488897771858	-0.0133798576243	-0.0271081447803	-0.0425552928163	-0.0503396099623	-0.00630848691922	-0.0623075260535	-0.0183095186824	-0.00268002810218	-0.00577313347163	-0.00541265302807	0.0607285451656	-0.01280406638	-0.0006042088233	-0.0218613542677	-0.023934118598	0.0101302630917	-0.032149103146	-0.0621479668321	0.0635454175147	0.0540886064081	0.0275867768253	-0.0438533779141	0.0605416032473	-0.00156943403791
k__Bacteria;p__Bacteroidetes;c__Bacteroidia;o__Bacteroidales;f__Rikenellaceae;g__Alistipes;s__Alistipes_finegoldii	-0.0273250842487	-0.0588887572803	0.0241155952519	0.00646231303727	0.00192024429521	-0.00666371939544	-0.0108813549493	0.0063674326994	1.0	-0.0355031873695	0.0707709890947	0.0276828782194	0.0343115612791	8.710442214e-05	0.00270317944597	-0.0729800117763	-0.0630662105167	-0.0336633638665	0.00826478542912	-0.0290388821119	-0.0386824916652	0.0156694620862	0.0405071623074	-0.00836171078172	-0.00350170136627	-0.00148189690813	-0.00161738775015	-0.0332724485341	0.0269542095317	0.0109885162336	0.0475720151142	0.00118098572277	-0.0450268853187	0.00556413615115	-0.00293238454519	-0.0305485499682	-0.0322480468577	0.00379827733528	-0.0545486691272	-0.0356565824813	0.0289859469248	-0.0298915344032	0.0391874508524	0.00314463356579	0.0207228797742	-0.0161270979652	-0.00282307942682	-0.0692393273335	0.0333464197628	-0.0251769138628	-0.0481756547613	-0.031406322758	0.0604504831113	0.0217254532455	-0.0215740428735	0.0356583928977	-0.0225496795601	0.063052566582	-0.0325457962112
k__Bacteria;p__Bacteroidetes;c__Bacteroidia;o__Bacteroidales;f__Porphyromonadaceae;g__Parabacteroides;s__Parabacteroides_distasonis	-0.0329452918756	-0.0491054580965	-0.0343257806807	0.0149763932856	-0.0394915592864	-0.0159156447252	0.0266273265869	0.00853358662821	-0.0355031873695	1.0	-0.0324918196151	0.066131323841	-0.000328520328857	-0.0476542856698	0.00339586651107	-0.0236234692436	0.00973133665455	-0.0169136621495	0.0701086851227	0.010301377175	-0.0110427523602	0.0159185789009	0.0163316222086	0.0666411816573	-0.048545307136	0.00803578375801	-0.0215672772375	-0.0512417137744	0.0454775096016	-0.0337744012526	-0.00187714577395	0.0149622058336	0.0233946346426	-0.0226553189762	-0.0688080162377	-0.023115285054	0.0418597132045	-0.0113353840634	-0.0332098611206	-0.0277729314703	0.0745555748761	-0.0299877022204	-0.0153802235047	-0.00168088327542	0.0211072177937	-0.00551646568194	-0.0789261373729	-0.0811012942294	-0.0343131485724	0.0674161879553	0.0391626163806	-0.015682651127	-0.0121392778869	0.0205364032027	-0.0427571701194	-0.00569435793026	0.022774378281	0.0249571836033	-0.023516299912
k__Bacteria;p__Bacteroidetes;c__Bacteroidia;o__Bacteroidales;f__Bacteroidaceae;g__Bacteroides;s__Bacteroides_thetaiotaomicron	-0.030695539797	0.0309675376532	-0.0314130149614	-0.0843255240836	-0.0426096167682	-0.0817114311514	0.0225254710749	-0.0429233379051	0.0707709890947	-0.0324918196151	1.0	-0.00739555188875	-0.0168983924462	-0.0483867779785	-0.0380840029259	-0.0494114835631	0.00622018008191	0.0128843686343	-0.00851361845063	0.0661412830321	-0.00955233484538	0.0322064602032	0.0324656867561	0.00867246027489	0.0218134975192	-0.0106967077762	-0.0339079830659	-0.00302412782439	-0.0123428811877	0.0295228786103	-0.0383340328993	-0.0359795452212	-0.0122356019399	-0.0121232345423	-0.0166222633302	-0.0203253719191	-0.00218696641939	0.0138483663422	-0.0717589038597	0.0194827783682	0.000854170280479	0.0456361188234	-0.00826321023465	-0.0402558058009	-0.0786734849921	-0.033382250178	0.0141024789618	-0.0293636044079	0.0589855181697	0.0192051504166	-0.0424989612965	0.0161598978208	0.0280856816806	-0.00385806576643	0.0418542516944	-0.0365752717254	0.0425427219224	0.0124929644386	-0.0326638556426
k__Bacteria;p__Bacteroidetes;c__Bacteroidia;o__Bacteroidales;f__Bacteroidaceae;g__Bacteroides;s__Bacteroides_coprocola	0.0255597989825	-0.0394418640371	0.000852101897449	-0.0108835327626	-0.00570273239923	-0.0426783222151	0.0157411110127	-0.0374029937449	0.0276828782194	0.066131323841	-0.00739555188875	1.0	-0.013185547142	-0.0215318928401	-0.0199928082471	-0.0303597814049	0.0102851590277	-0.0524696455949	0.0346876291295	-0.0113935432732	-0.0209249567467	0.0172240606768	-0.00523147804784	0.0302348591634	-0.0494660637804	-0.0173059921827	-0.0418304334696	-0.0289962027449	-0.00922118797059	0.0285690119577	0.0251877207007	-0.0228260925328	-0.00778975955573	-0.0367367524709	0.00176107559683	-0.0153445164281	0.0227332999459	-0.0489831904879	0.0457297830833	0.00982069356414	0.0135865325922	-0.0521276415726	-0.0185455764014	0.0261364362139	0.00276300801352	0.0618373067112	0.00830648705762	-0.0373563830282	0.00866813782402	0.0291882697783	0.0270285047843	0.00417762323305	0.0497038832366	0.0277694156982	0.00964098087308	0.0591324109103	-0.0623965701346	-0.0125934764203	0.000113859270828
k__Bacteria;p__Bacteroidetes;c__Bacteroidia;o__Bacteroidales;f__Bacteroidaceae;g__Bacteroides;s__Bacteroides_cellulosilyticus	0.00989218592827	-0.0310627136041	0.0078086686511	0.00753731491402	-0.0329185676952	-0.0773379606466	-0.0252868714675	-0.0094141302315	0.0343115612791	-0.000328520328857	-0.0168983924462	-0.013185547142	1.0	0.0475393068714	-0.0632444897286	0.0517003086562	0.00534843992922	-0.0456515979779	-0.044787268321	-0.00551400526394	0.0093356767232	-0.0247276302654	-0.0450326281874	0.0170818438672	-0.0497438620801	0.0353383763889	-0.050792762893	-0.0336284006012	0.0352911829923	-0.018659386288	-0.0538458559248	0.0118091563013	-0.00120079241223	0.00868060659994	0.0278094043004	-0.0350595561482	-0.000813252533457	0.0101601381841	0.0395546381904	-0.0308490327346	0.0556958986913	0.00562321066093	0.03932480425	0.0722880018637	-0.0282279308967	-0.0283739669768	-0.00823446495057	-0.00905513571454	-0.0105860327304	0.0566323166522	-0.0130732131714	-0.00483005792366	0.0283620711781	0.0130909319524	0.0520304877886	-0.022424139884	-0.0229719713823	0.0399513828064	-0.0197394785845
k__Bacteria;p__Bacteroidetes;c__Bacteroidia;o__Bacteroidales;f__Rikenellaceae;g__Alistipes;s__Alistipes_obesi	-0.051208897907	-0.0220768624066	0.0111443033911	-0.0351076575225	0.000614075830267	-0.00608549805551	-0.0445431264102	-0.0140301150996	8.71044221399e-05	-0.0476542856698	-0.0483867779785	-0.0215318928401	0.0475393068714	1.0	-0.00615353214688	-0.0388779908775	-0.0343892238331	0.0130134835421	0.0240431613585	-0.0177202111154	-0.000215541832656	0.0807288036155	-0.0318757431321	0.00697894126365	-0.0542280490387	0.0347146460271	-0.0478882819353	0.00369646103526	-0.020301533832	0.00116637139625	-0.0501317634714	0.0233015370155	-0.0351997365642	0.0269843906548	-0.0598858867816	-0.0098119248862	-0.0875492807511	-0.0146907626063	-0.0459190064045	0.0663792091291	-0.0408717479636	-0.015423587299	0.0543403356945	0.0169180247222	-0.0457968322407	0.0151031056152	-0.043479682988	0.0204512029148	-0.00489425433453	0.0315807923102	-0.0346040796211	-0.00791484786129	0.000654267248177	-0.0188349474513	-0.0166720286316	-0.00442566494031	-0.0411551458898	-0.0530505638576	-0.0148664367103
k__Bacteria;p__Firmicutes;c__Clostridia;o__Clostridiales;f__Lachnospiraceae;g__;s__[Eubacterium]_rectale	0.0290597934948	0.023800891852	-0.00960572431195	0.0528969017091	-0.0461774091237	-0.101101940493	-0.0768757541113	0.0248138770845	0.00270317944597	0.00339586651107	-0.0380840029259	-0.0199928082471	-0.0632444897286	-0.00615353214688	1.0	0.0341351973497	-0.0599318605834	-0.000710341853473	-0.0609818615191	-0.0187636221285	-0.00959520946648	-0.0198148335603	-0.0644657963591	0.0134914277654	0.0190460094686	-0.0471594912603	0.0904641233203	-0.0446281243657	-0.0766873959344	0.059407921675	-0.0326974670249	0.0310120270831	-0.0312547864596	-0.0361131504906	0.028312036595	0.019688645028	-0.0577659529581	-0.0130409420211	0.0337424259246	-0.0888953033101	0.0688372094613	-0.0323651383821	-0.00609877551626	0.00584191713225	0.0366089726998	0.0565197694395	0.036340115096	0.0304238980562	0.0422072639689	-0.115893287818	-0.081962260406	0.018935311881	-0.0447613937403	-0.0536995822838	-0.0442089528586	0.00673299610037	0.0328307502381	0.00366794613284	-0.0402588226721
k__Bacteria;p__Bacteroidetes;c__Bacteroidia;o__Bacteroidales;f__Bacteroidaceae;g__Bacteroides;s__Bacteroides_plebeius	0.00635168229999	0.0141032451948	-0.0220245555009	-0.0215458627048	-0.0118415632274	-0.00242253562085	-0.00545798073764	0.0629291967174	-0.0729800117763	-0.0236234692436	-0.0494114835631	-0.0303597814049	0.0517003086562	-0.0388779908775	0.0341351973497	1.0	0.0571244861485	0.0209561959914	0.0036787239808	-0.0614006131732	-0.0467942222407	-0.0587297564331	-0.0211054445357	-0.0151781805426	-0.0295940723742	0.0372864640013	-0.0401484186504	-0.0272516246086	-0.0191547803195	-0.0596869191774	0.0157176295106	0.0183256036066	-0.0426265026335	-0.027979630409	-0.0632627821117	0.0151418103593	-0.045563094539	0.0293656092623	0.0270634358759	0.0293296702617	-0.0330780971984	-0.0496124204376	-0.0108738628986	-0.0636568326711	-0.0258166501518	-0.0345312109252	-0.0684552603756	0.0433965123907	-0.00868379129239	0.0333206736651	0.0308832240477	-0.0398576641425	-0.0302516889009	0.030437284757	0.00355779410943	-0.0451911261155	-0.0373316563174	0.0338354332168	-0.0623241067239
k__Bacteria;p__Bacteroidetes;c__Bacteroidia;o__Bacteroidales;f__Bacteroidaceae;g__Bacteroides;s__Bacteroides_fragilis	-0.0737147718896	0.0251119342793	-0.0800263686863	0.0590803290443	-0.00205639534254	0.0572945138426	-0.00188073334665	0.02162134684	-0.0630662105167	0.00973133665455	0.00622018008191	0.0102851590277	0.00534843992922	-0.0343892238331	-0.0599318605834	0.0571244861485	1.0	-0.0507306894162	-0.014430482669	-0.0489157345807	0.0153668449706	-0.0391336837679	-0.0124458475671	-0.0234132599807	0.00582038422219	-0.0311189957411	-0.0374276113376	0.0405529192383	-0.0724545417072	-0.0308258412359	-0.00609053208097	0.00601768268676	-0.00536428956852	0.036658879221	0.0450358766516	0.0145741398153	-0.0144942028729	-0.0202368799535	-0.0140083217227	0.018184235941	-0.0377542223676	0.0169518255647	-0.0329954511792	0.0372526805474	-0.0466379638838	0.0109784227776	0.0143861857515	-0.000446640100308	0.000195349498384	0.0285761318915	-0.0556561525875	-0.0176068483143	-0.0430857951184	-0.0089229212627	0.0285976405754	-0.00794796913553	0.0313544215667	-0.0207961230453	0.042111740494
k__Bacteria;p__Proteobacteria;c__Betaproteobacteria;o__Burkholderiales;f__Sutterellaceae;g__Sutterella;s__Sutterella_wadsworthensis	-0.00915282505077	-0.0165540104294	0.00788089932355	0.0244273879707	0.00538022663668	-0.0313539166808	0.0473790766551	0.0134510326579	-0.0336633638665	-0.0169136621495	0.0128843686343	-0.0524696455949	-0.0456515979779	0.0130134835421	-0.000710341853473	0.0209561959914	-0.0507306894162	1.0	0.0150039695585	0.00546841868783	-0.034337474972	0.0355897832459	0.0384899846166	0.0216961086914	-0.000937269443471	-0.0244531954458	-0.0180043933039	0.0424102081332	-0.0574113267373	0.0419582571522	0.0158893548952	-0.0621660212953	-0.0241129554803	0.00908011027187	-0.0248794256149	0.0327363219321	-0.0370645970695	0.0238635869873	-0.00763591337192	-0.00040035303773	-0.0230580535126	0.0282225465901	0.00893181304952	-0.00871431654023	-0.0203475547859	-0.01423911825	-0.0405533910602	-0.0107556834652	-0.0170380235854	-0.0825284437678	0.0374276041915	0.00104045495437	-0.0280445600485	-0.037186056952	0.0180196618058	-0.0347097078949	0.0468112062154	-0.0253457195315	-0.000381070192854
k__Bacteria;p__Bacteroidetes;c__Bacteroidia;o__Bacteroidales;f__Porphyromonadaceae;g__Barnesiella;s__Barnesiella_intestinihominis	-0.0277650746633	-0.063756129256	-0.0124056074553	0.0114599639774	-0.0040825867127	-0.0380101499542	-0.0443690730939	-0.0531675251321	0.00826478542912	0.0701086851227	-0.00851361845063	0.0346876291295	-0.044787268321	0.0240431613585	-0.0609818615191	0.0036787239808	-0.014430482669	0.0150039695585	1.0	-0.0422531814088	-0.0500930210446	0.0539470222223	0.000854827979445	-0.0115421441899	-0.00435537680268	-0.0138179513774	-0.0171598636292	-0.0306652426283	0.0123450509059	-0.0230999413997	-0.0110833577985	0.015438683529	0.0276791086477	-0.00282249212739	-0.0459659698558	-0.0360519381114	0.0299748276265	-0.00134157005284	-0.0877632791079	-0.00391476454152	-0.0972589796136	0.0624325692937	-0.00423320139642	0.00538288591758	-0.0203306510479	-0.0037776946366	-0.0452336593274	-0.0240895860001	-0.0300316207876	-0.0132533945975	-0.0050602992097	-0.037197554099	0.0402668672016	-0.0290379926851	-0.0597902492873	-0.0586486918448	0.00881300111537	-0.0353637793578	0.0415963616518
k__Bacteria;p__Bacteroidetes;c__Bacteroidia;o__Bacteroidales;f__Odoribacteraceae;g__Odoribacter;s__Odoribacter_splanchnicus	0.0202268504822	-0.00850146543217	-0.0376605330238	0.00821824771586	-0.00951816142398	-0.113420367436	-0.033168421415	-0.0283408736467	-0.0290388821119	0.010301377175	0.0661412830321	-0.0113935432732	-0.00551400526394	-0.0177202111154	-0.0187636221285	-0.0614006131732	-0.0489157345807	0.00546841868783	-0.0422531814088	1.0	0.0222435361514	-0.0488736708593	0.0579954761712	-0.0371538798145	-8.16793457912e-05	0.01211097315	-0.0315989819997	0.010149101158	-0.0268149794549	-0.0499620864077	-0.0091207381495	0.0283025653874	-0.0630931985666	0.0041941603458	0.0207554693585	-0.0388396511556	-0.0118659865483	-0.0456775624883	0.0532610377629	0.0313838521594	-0.0311177856097	-0.0254232237409	-0.0451457167821	-0.0417832573565	-0.0110008551594	0.0218613317192	0.0504962599421	-0.0486856643196	0.00369187786927	-0.0105748101092	-0.0554278298628	0.0248794575801	0.0555294827677	0.0719643618905	0.00804834004642	0.00804032483744	-0.00326659869636	-0.0535118530953	0.0391679615111
k__Bacteria;p__Bacteroidetes;c__Bacteroidia;o__Bacteroidales;f__Bacteroidaceae;g__Bacteroides;s__Bacteroides_salyersiae	0.00521067786821	-0.000677232256701	0.0143544594913	0.0569200316207	-0.00797291897747	-0.0539686565914	-0.0195201971848	-0.0334292309454	-0.0386824916652	-0.0110427523602	-0.00955233484538	-0.0209249567467	0.0093356767232	-0.000215541832656	-0.00959520946648	-0.0467942222407	0.0153668449706	-0.034337474972	-0.0500930210446	0.0222435361514	1.0	-0.0246760846111	0.0506707389692	-0.0577271924708	-0.0214451699558	0.00998330071102	0.000566702981528	-0.0160902117333	0.0461092071676	0.0122234926525	-0.00655108295095	-0.0404152927453	-0.0267211173889	-0.0584822291493	-0.000363130086923	-0.0329643731349	-0.0185489303787	0.0430134151765	0.0480023724373	-0.0221332286524	0.0137606525998	0.0426335376434	-0.0175037463893	-0.0430207865054	0.0297867450282	0.00789080030447	-0.00320336732928	-0.0230274038071	-0.0666417693332	-0.026130374316	-0.0592014443377	-0.0062332101279	-0.0483565159427	-0.0486065924606	-0.0554465042995	-0.0562184447234	-0.00520199927569	-0.0416352090664	0.0306308064086
k__Bacteria;p__Firmicutes;c__Clostridia;o__Clostridiales;f__Ruminococcaceae;g__Ruminiclostridium;s__[Eubacterium]_siraeum	-0.0446006383089	-0.0596308855899	-0.0321501100825	0.036530412176	-0.0239478362457	0.0840464595438	0.0387906511003	-0.00764294938347	0.0156694620862	0.0159185789009	0.0322064602032	0.0172240606768	-0.0247276302654	0.0807288036155	-0.0198148335603	-0.0587297564331	-0.0391336837679	0.0355897832459	0.0539470222223	-0.0488736708593	-0.0246760846111	1.0	0.00731536662434	0.0533106420285	-0.05622109606	-0.0574030958671	0.00139538364112	-0.0250038803463	0.0760542066013	-0.0525887862834	-0.00978397602393	0.0144903903548	0.0407327174674	-0.00841233333627	0.0139457794631	0.0536661568112	-0.0435184644255	0.0277533226806	-0.05819513004	0.00472132326072	0.0409729246426	0.00189471334291	-0.0445047227983	0.0145813097042	-0.0233635507301	-0.0250337783909	-0.00107876075191	-0.0516215304032	0.0084068087496	-0.0727749916299	-0.0152593547114	-0.0441703181344	-0.00607365230984	-0.0423875912683	0.0341290619745	0.00793551351766	-0.0088768598696	-0.0320768389745	0.0224228876355
k__Bacteria;p__Proteobacteria;c__Betaproteobacteria;o__Burkholderiales;f__Sutterellaceae;g__Parasutterella;s__Parasutterella_excrementihominis	0.0546154023503	-0.0378859620287	0.0101382613034	-0.00223281185694	-0.00103253880787	-0.0138814906612	0.0221872320422	0.0451532720267	0.0405071623074	0.0163316222086	0.0324656867561	-0.00523147804784	-0.0450326281874	-0.0318757431321	-0.0644657963591	-0.0211054445357	-0.0124458475671	0.0384899846166	0.000854827979445	0.0579954761712	0.0506707389692	0.00731536662434	1.0	-0.052424878655	0.0273260771731	-0.0207467431267	0.0190634455843	-0.007646808283	-0.00922305997844	-0.00802800719881	-0.0175258645776	-0.0448618816165	-0.0950042076786	-0.0883029359078	-0.0479580725278	-0.0719619325278	-0.0669860216938	-0.0500404156306	-0.0554921438338	0.0224262154115	-0.0390099001756	-0.0210997221638	0.0202332021138	-0.0356240674537	-0.00659781123837	0.0248067059186	-0.0512394725206	0.0785045319032	-0.0558125688983	-0.0287736061486	0.00424778440805	-0.00597038833937	-0.0407268078636	0.00310052761714	0.000831273094723	0.0284402064754	-0.0186498543917	-0.0603342526922	-0.0192331984542
k__Bacteria;p__Actinobacteria;c__Actinobacteria;o__Bifidobacteriales;f__Bifidobacteriaceae;g__Bifidobacterium;s__Bifidobacterium_adolescentis	0.0281921962805	-0.00438528428486	-0.0221685447011	-0.0145778083647	0.0157768322757	-0.0628631032479	-0.0449392848225	-0.0116375267623	-0.00836171078172	0.0666411816573	0.00867246027489	0.0302348591634	0.0170818438672	0.00697894126365	0.0134914277654	-0.0151781805426	-0.0234132599807	0.0216961086914	-0.0115421441899	-0.0371538798145	-0.0577271924708	0.0533106420285	-0.052424878655	1.0	0.0111064859943	0.0335474718033	0.0353385960407	0.0420456099059	-0.0219260700039	-0.00711084017862	0.078529283607	-0.0365546053619	0.00447423970781	-0.0446075544434	-0.0864541275356	0.00875256151431	0.00172661651358	0.00161722446472	0.0184899572865	0.0576159108836	-0.0355134593249	0.0189635786756	0.000295374695594	-0.0213134579275	-0.0476816474507	-0.0723813549036	-0.0123204334243	-0.0159033747453	-0.0827493120324	0.023310062305	0.0926100359896	0.0093758692558	0.0615888336305	-0.0418479816052	-0.0240470284331	0.00786251182179	-0.0542473991816	-0.0612821497658	0.0123328475503
k__Bacteria;p__Firmicutes;c__Clostridia;o__Clostridiales;f__Oscillospiraceae;g__Oscillibacter;s__Oscillibacter_sp._KLE_1745	0.00574569582596	-0.0332547251991	-0.107411657497	-0.0274043720475	0.0234861271959	-0.0385712848825	-0.00790534884839	0.0045490078133	-0.00350170136627	-0.048545307136	0.0218134975192	-0.0494660637804	-0.0497438620801	-0.0542280490387	0.0190460094686	-0.0295940723742	0.00582038422219	-0.000937269443471	-0.00435537680268	-8.16793457912e-05	-0.0214451699558	-0.05622109606	0.0273260771731	0.0111064859943	1.0	0.013515838867	-0.026525439411	0.0568074699775	-0.00427087220176	-0.0467119916464	-0.0325844657837	0.0499504154894	-0.0334745176138	0.0343884993315	0.0315250245759	0.00425600901048	-0.0125804013782	-0.00866492087404	0.0606460152177	0.0302137916667	-0.0298444978845	0.027877166284	0.00729803213109	0.0493720133017	0.00978502069963	-0.0240071062594	-0.0602768025662	0.00680067202039	0.0300464596764	-0.0518136149752	0.036634286571	0.0280947459901	-0.0643254426715	0.0182551643127	-0.042448091225	-0.0300672256081	-0.00240851405592	-0.0111571536641	-0.00680559503837
k__Bacteria;p__Bacteroidetes;c__Bacteroidia;o__Bacteroidales;f__Bacteroidaceae;g__Bacteroides;s__Bacteroides_coprophilus	-0.0237361524403	-0.0191235338187	-0.0183421842837	-0.0493260391889	0.0276266666516	-0.0043872170378	-0.0549384573296	0.0428827649215	-0.00148189690813	0.00803578375801	-0.0106967077762	-0.0173059921827	0.0353383763889	0.0347146460271	-0.0471594912603	0.0372864640013	-0.0311189957411	-0.0244531954458	-0.0138179513774	0.01211097315	0.00998330071102	-0.0574030958671	-0.0207467431267	0.0335474718033	0.013515838867	1.0	0.0297566515817	0.0515168064914	0.0167189104928	0.0396990253255	-0.0132387850251	-0.0123396992637	-0.00461686502765	0.00666331131437	-0.00295523249106	-0.0143631461572	-0.0165774570519	-0.0277628355831	-0.0317922737104	0.00643183244101	-0.0374572605823	0.0285352477925	-0.0290939478094	0.0229210807771	-0.00258289146553	-0.0281588074285	0.0394539981284	0.010024358509	-0.0194777021796	0.00502141048542	-0.0408398298397	-0.0449552048478	-0.0437818657555	0.0128949422592	0.0275789817874	-0.0434446398794	0.000231141093535	-0.032174738917	-0.0157629502373
k__Bacteria;p__Firmicutes;c__Clostridia;o__Clostridiales;f__Lachnospiraceae;g__Roseburia;s__Roseburia_intestinalis	-0.0377903217512	0.0145044315993	0.000232623498836	-0.0796705056548	-0.00946115286222	-0.0214607571446	0.0118656618831	0.0695370253838	-0.00161738775015	-0.0215672772375	-0.0339079830659	-0.0418304334696	-0.050792762893	-0.0478882819353	0.0904641233203	-0.0401484186504	-0.0374276113376	-0.0180043933039	-0.0171598636292	-0.0315989819997	0.000566702981528	0.00139538364112	0.0190634455843	0.0353385960407	-0.026525439411	0.0297566515817	1.0	-0.00305945437345	0.0118903046221	0.00697781871496	-0.0210743117627	-0.0487771961862	0.0354745889078	-0.0287838296477	0.0360451097415	-0.0254273134621	-0.052100894174	-0.0593966551678	0.0152485871004	-0.0530308617614	-0.00679741600591	-0.0385419486912	-0.0234299951995	0.00627296741944	-0.061235365834	-0.0199946766754	0.0112179455533	0.0098056345832	-0.0501707913235	0.00481819144419	-0.0138435670627	0.0477233360871	-0.0106692453237	-0.0570197929424	-0.0636881729774	-0.0188092676952	0.0748483690489	0.0707696420188	-0.050921129244
k__Bacteria;p__Firmicutes;c__Clostridia;o__Clostridiales;f__Lachnospiraceae;g__Roseburia;s__Roseburia_hominis	-0.0546923692747	-0.0404124612041	-0.101897077589	-0.0868050258259	0.0568899737271	0.00850368361989	-0.049375573284	0.0640694055035	-0.0332724485341	-0.0512417137744	-0.00302412782439	-0.0289962027449	-0.0336284006012	0.00369646103526	-0.0446281243657	-0.0272516246086	0.0405529192383	0.0424102081332	-0.0306652426283	0.010149101158	-0.0160902117333	-0.0250038803463	-0.007646808283	0.0420456099059	0.0568074699775	0.0515168064914	-0.00305945437345	1.0	0.040265654207	-0.107729142473	0.0359610593108	-0.011111847863	-0.00748793888021	0.00401768104151	0.0233719127116	0.0185096024706	0.00314437059799	0.00192706035875	-0.00268720826944	-0.063035637947	0.00122739073235	0.0107687548303	-0.0174308382528	-0.0601857683138	-0.0373303631498	0.0294419649768	-0.0623546224897	-0.0185814536446	-0.0370521089241	-0.0442417012014	-0.0776879004557	0.0344741594128	-0.0451195137387	-0.0428787839574	0.0597594323887	-0.0269586463895	0.111019300382	-0.0581090592835	0.0436219367442
k__Bacteria;p__Bacteroidetes;c__Bacteroidia;o__Bacteroidales;f__Porphyromonadaceae;g__Parabacteroides;s__Parabacteroides_johnsonii	-0.015713517077	0.0132345391292	-0.0121094130162	0.0326614761415	-0.025467857552	-0.0362243137718	-0.00819471175253	0.0461743877977	0.0269542095317	0.0454775096016	-0.0123428811877	-0.00922118797059	0.0352911829923	-0.020301533832	-0.0766873959344	-0.0191547803195	-0.0724545417072	-0.0574113267373	0.0123450509059	-0.0268149794549	0.0461092071676	0.0760542066013	-0.00922305997844	-0.0219260700039	-0.00427087220176	0.0167189104928	0.0118903046221	0.040265654207	1.0	0.0186876846444	0.000313976833399	-0.0303264864726	-0.0170529013559	0.0117415640263	0.0153718574659	-0.015030808942	0.00772615227189	-0.0239418388842	0.0228473478594	-0.0791696598035	-0.0284956056882	-0.00355731565058	-0.000637126321385	0.0213244162042	-0.0368119091073	-0.0349142140428	-0.0456181507155	-0.0124527222024	-0.0503396179877	-0.0667470650598	-0.00130704334172	-0.000250887934925	-0.0100685004921	-0.0431501257786	0.00548678006106	0.0409026434316	-0.0494243850479	-0.0553080019576	-0.0330413023099
k__Bacteria;p__Actinobacteria;c__Actinobacteria;o__Bifidobacteriales;f__Bifidobacteriaceae;g__Bifidobacterium;s__Bifidobacterium_longum	-0.0128767394664	0.02295466607	0.0262043656857	-0.0131509945509	-0.0185299586266	-0.0125562078456	-0.00812011131101	-0.0451294758952	0.0109885162336	-0.0337744012526	0.0295228786103	0.0285690119577	-0.018659386288	0.00116637139625	0.059407921675	-0.0596869191774	-0.0308258412359	0.0419582571522	-0.0230999413997	-0.0499620864077	0.0122234926525	-0.0525887862834	-0.00802800719881	-0.00711084017862	-0.0467119916464	0.0396990253255	0.00697781871496	-0.107729142473	0.0186876846444	1.0	0.00635131928716	0.089400197992	0.00913026632617	-0.0117590483811	0.0359583178988	-0.00384905706931	0.016797719736	0.105341188319	0.0186487695005	-0.0529655898917	0.0111975232015	0.0291062031627	-0.00989404311268	-0.0311549555891	-0.0156273435682	-0.0331590756904	-0.00684108535724	-0.0459323090453	0.03340713454	-0.0310375415579	0.00139732406096	0.0174932213517	-0.00686749083944	0.0542855780837	-0.0207071326126	-0.0292264820704	-0.0195367140552	-0.0209989302726	-0.0394146971078
