#taxonomy	k__Bacteria;p__Bacteroidetes;c__Bacteroidia;o__Bacteroidales;f__Bacteroidaceae;g__Bacteroides;s__Bacteroides_vulgatus	k__Bacteria;p__Bacteroidetes;c__Bacteroidia;o__Bacteroidales;f__Bacteroidaceae;g__Bacteroides;s__Bacteroides_uniformis	k__Bacteria;p__Bacteroidetes;c__Bacteroidia;o__Bacteroidales;f__Rikenellaceae;g__Alistipes;s__Alistipes_putredinis	k__Bacteria;p__Bacteroidetes;c__Bacteroidia;o__Bacteroidales;f__Prevotellaceae;g__Prevotella;s__Prevotella_copri	k__Bacteria;p__Bacteroidetes;c__Bacteroidia;o__Bacteroidales;f__Bacteroidaceae;g__Bacteroides;s__Bacteroides_stercoris	k__Bacteria;p__Bacteroidetes;c__Bacteroidia;o__Bacteroidales;f__Bacteroidaceae;g__Bacteroides;s__Bacteroides_ovatus	k__Bacteria;p__Bacteroidetes;c__Bacteroidia;o__Bacteroidales;f__Rikenellaceae;g__Alistipes;s__Alistipes_shahii	k__Bacteria;p__Firmicutes;c__Clostridia;o__Clostridiales;f__Ruminococcaceae;g__Faecalibacterium;s__Faecalibacterium_prausnitzii	k__Bacteria;p__Bacteroidetes;c__Bacteroidia;o__Bacteroidales;f__Rikenellaceae;g__Alistipes;s__Alistipes_finegoldii	k__Bacteria;p__Bacteroidetes;c__Bacteroidia;o__Bacteroidales;f__Porphyromonadaceae;g__Parabacteroides;s__Parabacteroides_distasonis	k__Bacteria;p__Bacteroidetes;c__Bacteroidia;o__Bacteroidales;f__Bacteroidaceae;g__Bacteroides;s__Bacteroides_thetaiotaomicron	k__Bacteria;p__Bacteroidetes;c__Bacteroidia;o__Bacteroidales;f__Bacteroidaceae;g__Bacteroides;s__Bacteroides_coprocola	k__Bacteria;p__Bacteroidetes;c__Bacteroidia;o__Bacteroidales;f__Bacteroidaceae;g__Bacteroides;s__Bacteroides_cellulosilyticus	k__Bacteria;p__Bacteroidetes;c__Bacteroidia;o__Bacteroidales;f__Rikenellaceae;g__Alistipes;s__Alistipes_obesi	k__Bacteria;p__Firmicutes;c__Clostridia;o__Clostridiales;f__Lachnospiraceae;g__;s__[Eubacterium]_rectale	k__Bacteria;p__Bacteroidetes;c__Bacteroidia;o__Bacteroidales;f__Bacteroidaceae;g__Bacteroides;s__Bacteroides_plebeius	k__Bacteria;p__Bacteroidetes;c__Bacteroidia;o__Bacteroidales;f__Bacteroidaceae;g__Bacteroides;s__Bacteroides_fragilis	k__Bacteria;p__Proteobacteria;c__Betaproteobacteria;o__Burkholderiales;f__Sutterellaceae;g__Sutterella;s__Sutterella_wadsworthensis	k__Bacteria;p__Bacteroidetes;c__Bacteroidia;o__Bacteroidales;f__Porphyromonadaceae;g__Barnesiella;s__Barnesiella_intestinihominis	k__Bacteria;p__Bacteroidetes;c__Bacteroidia;o__Bacteroidales;f__Odoribacteraceae;g__Odoribacter;s__Odoribacter_splanchnicus	k__Bacteria;p__Bacteroidetes;c__Bacteroidia;o__Bacteroidales;f__Bacteroidaceae;g__Bacteroides;s__Bacteroides_salyersiae	k__Bacteria;p__Firmicutes;c__Clostridia;o__Clostridiales;f__Ruminococcaceae;g__Ruminiclostridium;s__[Eubacterium]_siraeum	k__Bacteria;p__Proteobacteria;c__Betaproteobacteria;o__Burkholderiales;f__Sutterellaceae;g__Parasutterella;s__Parasutterella_excrementihominis	k__Bacteria;p__Actinobacteria;c__Actinobacteria;o__Bifidobacteriales;f__Bifidobacteriaceae;g__Bifidobacterium;s__Bifidobacterium_adolescentis	k__Bacteria;p__Firmicutes;c__Clostridia;o__Clostridiales;f__Oscillospiraceae;g__Oscillibacter;s__Oscillibacter_sp._KLE_1745	k__Bacteria;p__Bacteroidetes;c__Bacteroidia;o__Bacteroidales;f__Bacteroidaceae;g__Bacteroides;s__Bacteroides_coprophilus	k__Bacteria;p__Firmicutes;c__Clostridia;o__Clostridiales;f__Lachnospiraceae;g__Roseburia;s__Roseburia_intestinalis	k__Bacteria;p__Firmicutes;c__Clostridia;o__Clostridiales;f__Lachnospiraceae;g__Roseburia;s__Roseburia_hominis	k__Bacteria;p__Bacteroidetes;c__Bacteroidia;o__Bacteroidales;f__Porphyromonadaceae;g__Parabacteroides;s__Parabacteroides_johnsonii	k__Bacteria;p__Actinobacteria;c__Actinobacteria;o__Bifidobacteriales;f__Bifidobacteriaceae;g__Bifidobacterium;s__Bifidobacterium_longum	k__Bacteria;p__Firmicutes;c__Clostridia;o__Clostridiales;f__;g__Flavonifractor;s__Flavonifractor_plautii	k__Bacteria;p__Firmicutes;c__Clostridia;o__Clostridiales;f__Clostridiaceae;g__Clostridium;s__Clostridium_phoceensis	k__Bacteria;p__Verrucomicrobia;c__Verrucomicrobiae;o__Verrucomicrobiales;f__Akkermansiaceae;g__Akkermansia;s__Akkermansia_muciniphila	k__Bacteria;p__Bacteroidetes;c__Bacteroidia;o__Bacteroidales;f__Prevotellaceae;g__Paraprevotella;s__Paraprevotella_xylaniphila	k__Bacteria;p__Firmicutes;c__Clostridia;o__Clostridiales;f__Ruminococcaceae;g__Ruminococcus;s__Ruminococcus_callidus	k__Bacteria;p__Bacteroidetes;c__Bacteroidia;o__Bacteroidales;f__Rikenellaceae;g__Alistipes;s__Alistipes_senegalensis	k__Bacteria;p__Firmicutes;c__Clostridia;o__Clostridiales;f__Lachnospiraceae;g__Blautia;s__Blautia_sp._KLE_1732	k__Bacteria;p__Bacteroidetes;c__Bacteroidia;o__Bacteroidales;f__Bacteroidaceae;g__Bacteroides;s__Bacteroides_oleiciplenus	k__Bacteria;p__Firmicutes;c__Clostridia;o__Clostridiales;f__Ruminococcaceae;g__Ruminococcus;s__Ruminococcus_bicirculans	k__Bacteria;p__Bacteroidetes;c__Bacteroidia;o__Bacteroidales;f__Bacteroidaceae;g__Bacteroides;s__Bacteroides_fluxus	k__Bacteria;p__Bacteroidetes;c__Bacteroidia;o__Bacteroidales;f__Prevotellaceae;g__Prevotella;s__Prevotella_stercorea	k__Bacteria;p__Firmicutes;c__Clostridia;o__Clostridiales;f__Lachnospiraceae;g__Dorea;s__Dorea_longicatena	k__Bacteria;p__Firmicutes;c__Clostridia;o__Clostridiales;f__Eubacteriaceae;g__Eubacterium;s__[Eubacterium]_eligens	k__Bacteria;p__Firmicutes;c__Clostridia;o__Clostridiales;f__Ruminococcaceae;g__;s__Ruminococcaceae_bacterium_D16	k__Bacteria;p__Firmicutes;c__Clostridia;o__Clostridiales;f__Lachnospiraceae;g__Coprococcus;s__Coprococcus_comes	k__Bacteria;p__Proteobacteria;c__Gammaproteobacteria;o__Enterobacterales;f__Enterobacteriaceae;g__Escherichia;s__Escherichia_coli	k__Bacteria;p__Firmicutes;c__Clostridia;o__Clostridiales;f__Ruminococcaceae;g__Anaerotruncus;s__Anaerotruncus_colihominis	k__Bacteria;p__Firmicutes;c__Clostridia;o__Clostridiales;f__Lachnospiraceae;g__Blautia;s__Blautia_obeum	k__Bacteria;p__Bacteroidetes;c__Bacteroidia;o__Bacteroidales;f__Odoribacteraceae;g__Odoribacter;s__Odoribacter_laneus	k__Bacteria;p__Firmicutes;c__Clostridia;o__Clostridiales;f__Ruminococcaceae;g__Ruminiclostridium;s__[Clostridium]_leptum	k__Bacteria;p__Bacteroidetes;c__Bacteroidia;o__Bacteroidales;f__Porphyromonadaceae;g__Parabacteroides;s__Parabacteroides_goldsteinii	k__Bacteria;p__Firmicutes;c__Clostridia;o__Clostridiales;f__Lachnospiraceae;g__Anaerostipes;s__Anaerostipes_hadrus	k__Bacteria;p__Firmicutes;c__Clostridia;o__Clostridiales;f__Ruminococcaceae;g__Ruminococcus;s__Ruminococcus_lactaris	k__Bacteria;p__Firmicutes;c__Clostridia;o__Clostridiales;f__Clostridiaceae;g__Clostridium;s__Clostridium_sp._L2-50	k__Bacteria;p__Firmicutes;c__Clostridia;o__Clostridiales;f__Clostridiaceae;g__Clostridium;s__Clostridium_sp._M62/1	k__Bacteria;p__Firmicutes;c__Clostridia;o__Clostridiales;f__;g__Intestinimonas;s__Intestinimonas_butyriciproducens	k__Bacteria;p__Actinobacteria;c__Actinobacteria;o__Bifidobacteriales;f__Bifidobacteriaceae;g__Bifidobacterium;s__Bifidobacterium_bifidum	k__Bacteria;p__Firmicutes;c__Negativicutes;o__Veillonellales;f__Veillonellaceae;g__Dialister;s__Dialister_invisus	k__Bacteria;p__Bacteroidetes;c__Bacteroidia;o__Bacteroidales;f__Bacteroidaceae;g__Bacteroides;s__Bacteroides_salanitronis
k__Bacteria;p__Bacteroidetes;c__Bacteroidia;o__Bacteroidales;f__Bacteroidaceae;g__Bacteroides;s__Bacteroides_vulgatus	1.0	-0.0421267719427	0.0627351251922	0.0302018664005	-0.0379023779588	-0.0235451954652	0.00617602440075	0.00716997151303	-0.00922376406298	-0.0576359250729	0.0921608725957	0.0222863726992	-0.0580013462114	-0.0284581883901	0.0526072394428	0.00728684970009	0.053962877004	-0.0478629660385	-0.00873484083644	0.0352348497282	-0.0816342910207	-0.0142493882544	-0.0678918031116	-0.00063728803912	0.0383029369477	0.0152318508881	0.0514144411153	-0.0383565609564	-0.0121153154732	0.0208200017596	-0.0114412824467	-0.0196451531952	-0.0234346440871	0.0333533562289	0.00245723517671	0.00512538351369	-0.00734165546513	0.013579793485	-0.00420722739567	-0.0195465929767	0.0408157759086	-0.0111166796365	-0.0556066296784	-0.0369596406594	-0.0513702251034	0.0361632950946	-0.0376769642251	0.0167998211541	-0.0160193150152	0.032942155955	0.0432198096908	-0.0166402517854	-0.0154212164808	-0.044873553991	0.00439576012473	-0.0159104520045	-0.031430639705	0.100569536849	-0.0429545693434
k__Bacteria;p__Bacteroidetes;c__Bacteroidia;o__Bacteroidales;f__Bacteroidaceae;g__Bacteroides;s__Bacteroides_uniformis	-0.0421267719427	1.0	-0.0438979945945	-0.0353236253748	-0.0260382098527	-0.00498850319587	0.0487635148666	-0.0534872142675	-0.0194213173249	0.0319643990909	0.0440417031305	0.00316741492706	0.0223798074221	0.0604818659014	-0.00568989028215	-0.0223762437155	-0.0523062688071	-0.0507430934014	-0.0159308204262	0.047357438084	-0.00700740790177	0.00367955419765	0.00645769208811	-0.0133244787814	-0.0738806077756	-0.0571562258108	0.0286474724128	-0.0369923541222	-0.0299372387368	-0.0284790224687	0.114767130708	-0.0685614921965	-0.0601104925342	0.0191268507793	0.00665214539804	-0.00297260904257	0.0369519639053	0.046679255055	0.00257832189798	-0.0536610239936	-0.0245970338216	0.0443674898401	-0.0457962569781	-0.0755336269374	0.0324091401704	-0.074860792232	0.0438412802875	-0.00129055536539	0.00741812261189	-0.0337431366309	-0.00777705361835	-0.0224680290474	-0.0283165408371	-0.0231408589902	0.00643676580204	-0.053913232204	-0.0018200904995	-0.0206851785329	0.0217407937591
k__Bacteria;p__Bacteroidetes;c__Bacteroidia;o__Bacteroidales;f__Rikenellaceae;g__Alistipes;s__Alistipes_putredinis	0.0627351251922	-0.0438979945945	1.0	-0.0366457740928	0.00136451655337	-0.00590658809166	0.0379779124118	-0.0389696095374	-0.0174315170762	0.0458830463494	0.00942086689986	0.0320432152033	-0.106123870169	-0.053827041721	-0.0109477028272	-0.0220069126739	0.00732694759872	-0.00657994417578	0.0263091520182	0.0182007508432	-0.0350911175787	0.0264296780574	-0.0633866986051	-0.041254030496	-0.0179978549911	-0.0306746087192	0.00480806467689	-0.0235213682466	0.0442814527259	0.0447953770761	-0.0640802124178	0.00879836500356	0.0176157939318	-0.0383188477697	0.0480611296157	-0.0316671380326	0.00276521062773	0.019457301786	-0.0102792260146	-0.0323063115102	-0.0150886065042	-0.0101725922434	0.0380508763941	-0.052334300103	0.0166070803312	-0.0233848836038	-0.0825153828658	-0.0731591801421	0.0375609360198	-0.0381858191712	0.00260729300482	-0.0285938522573	0.030177578841	-0.024266427075	0.0158320513627	-0.0511558908683	-0.00519057886182	-0.0265061494464	0.032333077946
k__Bacteria;p__Bacteroidetes;c__Bacteroidia;o__Bacteroidales;f__Prevotellaceae;g__Prevotella;s__Prevotella_copri	0.0302018664005	-0.0353236253748	-0.0366457740928	1.0	-0.0418248562879	-0.0281037764053	-0.0182378346913	-0.0519781688248	0.0209715422275	-0.0116746032591	0.0416115871682	-0.0239298084136	-0.0144006844592	-0.0188680046678	-0.0647400059769	0.0170553670662	-0.0263375147975	-0.0188271618431	-0.0961210192093	0.0192930831975	-0.0615627998282	0.0140874602763	-0.0289009544509	0.0357351988083	0.0234637136724	0.00232280028801	0.0365338560103	-0.0144236110759	-0.117435784883	0.00858806466575	0.00820104092269	-0.0773184608864	0.0413285037508	0.0133013941998	-0.010316985642	-0.0372806546488	0.00339878236301	-0.0015060063467	-0.0132664429495	0.0835814984304	0.00101453368968	-0.0201898153027	0.0208956302506	-0.0371020371116	-0.00294693526143	-0.00380788622344	0.0251276980329	0.0174755917068	0.0163736872247	0.0149762112055	0.0441861094641	0.0426494222872	0.0634066279038	-0.0818552745974	-0.0152103458671	0.00908830989683	-0.0138494549154	-0.0169554398469	0.0684366366681
k__Bacteria;p__Bacteroidetes;c__Bacteroidia;o__Bacteroidales;f__Bacteroidaceae;g__Bacteroides;s__Bacteroides_stercoris	-0.0379023779588	-0.0260382098527	0.00136451655337	-0.0418248562879	1.0	0.0101267097844	-0.090934622113	-0.0493381906394	-0.0101250503431	-0.0191627637221	-0.0188845019263	-0.0466193340771	0.0108214603433	-0.0127573424985	-0.057546473819	-0.0555281199042	0.0129627407387	0.0218506628858	-0.057299379788	-0.0489643007462	-0.0106481321117	-0.0258143318192	-0.0358017576143	0.0551716868788	0.0097433923446	0.0367071812875	-0.0451997727293	-0.0204247371955	0.0116799602155	0.0205043448707	-0.00197729861418	0.0677333694938	0.0176085001708	0.013803892867	-0.052270861935	-0.00677697442407	-0.0657217746835	0.00815206301395	-0.0164900441799	0.0252613064055	-0.0653753651716	-0.0711765616988	0.0124297559923	0.0217299333667	0.0312787849644	0.0082542652568	0.0376828500888	-0.0136683715491	-0.00350700571232	0.00941514559334	-0.000366263190356	-0.0231689500767	0.0387483149631	0.0255421309598	-0.0271568585634	0.00558011709513	-0.00832540257258	0.00527485470037	-0.00314994935556
k__Bacteria;p__Bacteroidetes;c__Bacteroidia;o__Bacteroidales;f__Bacteroidaceae;g__Bacteroides;s__Bacteroides_ovatus	-0.0235451954652	-0.00498850319587	-0.00590658809166	-0.0281037764053	0.0101267097844	1.0	-0.0405363666349	0.0784058913111	0.0527287458955	-0.0286155643711	-0.016335317262	-0.0304682279029	-0.0258273902905	0.00906408118532	0.0218133296656	-0.038684520837	0.000777312236069	-0.0449978536445	0.065008060952	-0.050347751721	-0.0205148022356	0.0120080025469	-0.0385818672457	0.0318977329008	0.0267512307471	0.00571641665103	-0.0356675773091	0.106549208638	-0.0726369691445	-0.0205208931306	-0.0556689954946	-0.00405496268059	-0.0303132901273	-0.0182778495523	-0.0232795134351	-0.0478755668474	0.0211347337174	-0.0001633898797	-0.0320764159067	-0.0142961950323	0.00889823677182	0.0134290894584	0.0105770118293	0.00491304787976	-0.0282272346637	-0.0355631733865	0.0233378082302	-0.0219889203292	-0.0223448353893	-0.010900707796	0.0185286683996	-0.0202420749896	-0.0161786287467	0.00163944314317	0.0239461436554	0.0412195445012	-0.000990511052423	0.00162252172836	-0.0313247251867
k__Bacteria;p__Bacteroidetes;c__Bacteroidia;o__Bacteroidales;f__Rikenellaceae;g__Alistipes;s__Alistipes_shahii	0.00617602440075	0.0487635148666	0.0379779124118	-0.0182378346913	-0.090934622113	-0.0405363666349	1.0	0.0747144020287	-0.0246071906563	-0.0781743467214	-0.0409956434984	0.00508116185231	0.0711556657292	0.00100668089287	-0.00172877168752	0.0252716977865	0.0299707467208	-0.00880308041295	0.0365946822022	-0.01289874876	-0.00641444606052	0.0172445014583	-0.0239419249719	-0.0644205096133	-0.0110852344461	0.0422868159327	-0.0648691754646	0.00227086674671	-0.0355770947455	-0.0434809974817	-0.0680939313885	0.0793394133642	0.0175169710751	-0.00283414316869	0.0111879744504	0.0234022957105	-0.019312317703	-0.035794560991	-0.0298595214751	-0.0534509556365	-0.0198914813135	-0.016286423451	-0.0361963753279	-0.0384777444859	-0.00211188764085	-0.0455426545126	-0.038798221198	0.045520722708	-0.0598388654759	0.0136906731707	-0.0370017192174	-0.0244994141003	0.0203935190853	0.00625594475239	-0.0392076998557	0.0366282450489	-0.0438965255249	0.017796934307	-0.0166110573855
k__Bacteria;p__Firmicutes;c__Clostridia;o__Clostridiales;f__Ruminococcaceae;g__Faecalibacterium;s__Faecalibacterium_prausnitzii	0.00716997151303	-0.0534872142675	-0.0389696095374	-0.0519781688248	-0.0493381906394	0.0784058913111	0.0747144020287	1.0	0.012056298166	0.0466329370277	-0.0169167206392	-0.021128186172	-0.00325122125769	-0.0827277056326	-0.00267935904437	-0.0363084712539	0.0129395097538	-0.0295100885013	0.0174589256371	-0.0522944672896	-0.0222760007223	-0.0087457841082	-0.0276495480447	-0.0577417108974	0.0174679261473	0.0183605288319	0.0231012846114	-0.0586789676196	-0.0409713644271	-0.0187023927922	0.0607842433585	-0.0722404139546	-0.0335475409079	0.0243349906228	0.0497563370383	0.0564614300688	-0.0486280843033	-0.0338596499761	-0.0214117806421	-0.00818797591044	-0.0354877674343	-0.0101677254887	0.029789045827	-0.00701428492419	-0.0121260303747	-0.0912672275779	-0.0336034731199	0.0238942944971	-0.102951600153	-0.0380213082639	0.0112088244229	-0.000483680294937	0.0456810605902	-0.084701737939	0.0293578160278	0.0814295400098	0.0525906415163	0.0093259578897	-0.0388591653665
k__Bacteria;p__Bacteroidetes;c__Bacteroidia;o__Bacteroidales;f__Rikenellaceae;g__Alistipes;s__Alistipes_finegoldii	-0.00922376406298	-0.0194213173249	-0.0174315170762	0.0209715422275	-0.0101250503431	0.0527287458955	-0.0246071906563	0.012056298166	1.0	0.0769380480553	-0.00448969522567	-0.00375459315827	-0.0331405267491	0.0464559929689	-0.017880228855	0.00792637656105	-0.0249188788343	-0.0595571861662	-0.0352979279498	0.0187023493146	0.0101208843856	-0.0295246404639	0.013852222585	0.0196953236907	0.0155440951452	0.00350367897075	-0.0489047169288	-0.00825109227179	-0.00883225906744	-0.0251934953502	-0.0328414851303	0.00245561452063	-0.0486199919821	-0.0479684805052	0.040860775116	-0.0482143137944	-0.0529321107962	-0.00497864166065	-0.0396864107538	0.0551253412845	-0.0421319230177	-0.0466220012921	0.0561913226778	-0.0199093649096	-0.029039479505	0.021821174199	-0.0206072461614	-0.0393947038095	-0.063639797203	-0.00985800347935	-0.0651569989664	-0.0221303502466	-0.0158855320296	0.0190944963365	0.0349101204355	-0.040855262818	0.0164753631663	-0.0118911634961	-0.021540497472
k__Bacteria;p__Bacteroidetes;c__Bacteroidia;o__Bacteroidales;f__Porphyromonadaceae;g__Parabacteroides;s__Parabacteroides_distasonis	-0.0576359250729	0.0319643990909	0.0458830463494	-0.0116746032591	-0.0191627637221	-0.0286155643711	-0.0781743467214	0.0466329370277	0.0769380480553	1.0	0.00515740157827	-0.0800735843657	-0.0393166960877	-0.019517461891	-0.0757663780376	0.0227407848938	0.0272745551353	0.0466124582078	-0.00681201938545	0.026264232953	0.00507992409079	-0.0363872599111	0.034234471357	-0.00416992671994	-0.000118178458144	-0.0189308432794	-0.0381503148643	0.0248542010289	-0.00997620842525	0.0142789972022	-0.00558878940098	-0.0393238296548	-0.0446969642007	0.0453895932688	0.0327535255115	-0.00330501236843	-0.104670911447	-0.0563000652988	0.00191190417396	-0.000574133602113	0.0467304817298	0.0249897828933	0.00195174857383	-0.00622875306665	0.0219632196735	0.0513172649904	-0.0360726439873	0.057425844539	0.0359054972755	-0.0110387074165	-0.0113448471827	0.00313812272614	0.0142594359723	0.0126055435706	0.0222230714803	-0.000665950973529	-0.0669916853974	0.00762854729007	-0.0285906325974
k__Bacteria;p__Bacteroidetes;c__Bacteroidia;o__Bacteroidales;f__Bacteroidaceae;g__Bacteroides;s__Bacteroides_thetaiotaomicron	0.0921608725957	0.0440417031305	0.00942086689986	0.0416115871682	-0.0188845019263	-0.016335317262	-0.0409956434984	-0.0169167206392	-0.00448969522567	0.00515740157827	1.0	-0.0245708220356	-0.0222089946428	-0.019609244687	-0.022090313641	0.0529064852367	-0.00176538637195	-0.0424919423673	0.00379530729581	-0.00811617563002	0.0144313764178	-0.0120916023237	0.00138829255137	-0.0453140926321	-0.0113173189306	-0.0661878211299	-0.0567233074676	-0.0661039271731	-0.0700324681189	-0.016010852043	0.00327278189003	0.000813493348054	-0.0233035007807	0.032108802055	-0.0477593552452	0.0105573265714	-0.00552420209949	0.0267667689955	0.0155472558529	-0.0260022978308	-0.0309805570028	0.00946272003427	0.0128995946923	-0.00339624707184	-0.0327478647519	-0.0134174050959	0.0158576308898	-0.012160219029	-0.00801630229529	0.0283369092839	0.0334010595662	-0.0312959306738	-0.0363736436955	0.00822266757239	-0.0239957091356	0.0133035038906	-0.0143822329872	0.00456628949856	0.028381002613
k__Bacteria;p__Bacteroidetes;c__Bacteroidia;o__Bacteroidales;f__Bacteroidaceae;g__Bacteroides;s__Bacteroides_coprocola	0.0222863726992	0.00316741492706	0.0320432152033	-0.0239298084136	-0.0466193340771	-0.0304682279029	0.00508116185231	-0.021128186172	-0.00375459315827	-0.0800735843657	-0.0245708220356	1.0	-0.0760552551094	-0.0106426106881	0.0555134865541	0.017066339502	0.00401762080004	-0.0288110688671	-0.0429817884167	-0.00755710927345	0.0165615675321	-0.0445328719823	0.0210406720125	-0.0740376241397	0.0358362728026	-0.0224808734509	-0.0695195181097	-0.0458378477247	0.00981269629896	-0.0361032537669	0.0136522194326	-0.0181856837646	-0.0189941862705	0.0457695290626	-0.02784466725	-0.0694634677447	-0.00500809466885	-0.0386891123586	-0.0132000290826	0.0566986106302	0.0364659539421	0.050903713507	0.0108859748483	-0.0382802547075	0.0417113939428	0.0131027132643	-0.0164694722022	0.06027819768	0.0266928482478	-0.00287929257516	-0.00229325332275	0.0361551314509	-0.0166275257526	-0.00975247000368	0.0378971746005	-0.0327108395505	-0.0548796609736	0.00210674388036	-0.00444058638449
k__Bacteria;p__Bacteroidetes;c__Bacteroidia;o__Bacteroidales;f__Bacteroidaceae;g__Bacteroides;s__Bacteroides_cellulosilyticus	-0.0580013462114	0.0223798074221	-0.106123870169	-0.0144006844592	0.0108214603433	-0.0258273902905	0.0711556657292	-0.00325122125769	-0.0331405267491	-0.0393166960877	-0.0222089946428	-0.0760552551094	1.0	0.00252511663765	-0.0626384871495	0.0302053812862	-0.0336301031484	0.0440516231996	0.0115858043404	-0.0394604533113	0.0196664364074	0.0296360602758	-0.00675675722884	0.00835230185552	-0.00560334005774	-0.0846370184452	-0.00560423415763	0.0358119105257	-0.0371941195166	0.0381067469237	-0.0375340130835	0.0143262420524	-0.0584262337529	0.00765925336605	-0.0516037135848	-0.00192039329944	-0.00772476821025	-0.00319749110106	0.0146549344692	0.0103689163221	0.0352671173215	-0.0182486565202	-0.0146356721813	0.00662135976603	0.0401548475428	-0.0155124695899	0.0138411816333	0.0173371517684	-0.0410214957445	0.0426483833274	0.0104635874894	-0.0518324005669	0.00368928735398	-0.0174292974839	-0.0168307282372	0.0755304518795	-0.0527858324581	-0.0287713792811	-0.0136821271116
k__Bacteria;p__Bacteroidetes;c__Bacteroidia;o__Bacteroidales;f__Rikenellaceae;g__Alistipes;s__Alistipes_obesi	-0.0284581883901	0.0604818659014	-0.053827041721	-0.0188680046678	-0.0127573424985	0.00906408118532	0.00100668089287	-0.0827277056326	0.0464559929689	-0.019517461891	-0.019609244687	-0.0106426106881	0.00252511663765	1.0	-0.049753672041	0.0637702199104	0.0216045292253	0.0171893988196	0.0525191713113	-0.00875599260548	-0.0623877648978	0.0144526425148	0.00527153309297	0.00259121933653	-0.038577904057	-0.0204318488456	-0.0209731155512	0.0184327476193	-0.0193647785123	-0.0349050944308	-0.0202822484789	-0.000583142525387	0.0574140192336	-0.0648185006257	0.0347280386985	0.0329684208054	0.0257463549801	-0.0288279112815	-0.00909921133073	0.0243678089566	0.0125321377354	0.00970409086531	-0.00164819226564	0.0160328426171	0.0303587852094	-0.0672878493325	-0.0324327496005	-0.0587050806831	0.0156287501764	0.00798924043025	-0.0237656300889	0.0316740397326	-0.0549126666631	0.0477792127519	-0.0276174160496	0.0110756994032	-0.0364177979819	0.0256232773946	0.0643262862459
k__Bacteria;p__Firmicutes;c__Clostridia;o__Clostridiales;f__Lachnospiraceae;g__;s__[Eubacterium]_rectale	0.0526072394428	-0.00568989028215	-0.0109477028272	-0.0647400059769	-0.057546473819	0.0218133296656	-0.00172877168752	-0.00267935904437	-0.017880228855	-0.0757663780376	-0.022090313641	0.0555134865541	-0.0626384871495	-0.049753672041	1.0	-0.033637658585	0.0218826113456	-0.0489450931075	-0.014285645578	-0.0610713569122	-0.00388622447703	-0.00723391045821	-0.0338248238057	0.00878664277145	-0.00482962527802	0.0053203105598	0.0293980205975	-0.0532172664317	0.0281958453991	-0.000256085167097	0.00259136109676	-0.0261358976332	-0.0152884122342	-0.0299599581693	0.012381024808	0.0142163670144	0.00502638452732	-0.0280165861423	0.0239211446747	0.000508041898581	-0.0173018073637	-0.0199872399172	-0.0574682288368	0.0271124016174	-0.0268873015788	0.0284879437385	0.0187756437376	-0.00222162445548	0.0129595954228	-0.0259787490847	0.00149022713584	0.00709477021557	0.000711386237785	0.00544995933479	-0.0175571357066	0.0294607476363	-0.0345937013937	-0.0601172131932	-0.0132532524046
k__Bacteria;p__Bacteroidetes;c__Bacteroidia;o__Bacteroidales;f__Bacteroidaceae;g__Bacteroides;s__Bacteroides_plebeius	0.00728684970009	-0.0223762437155	-0.0220069126739	0.0170553670662	-0.0555281199042	-0.038684520837	0.0252716977865	-0.0363084712539	0.00792637656105	0.0227407848938	0.0529064852367	0.017066339502	0.0302053812862	0.0637702199104	-0.033637658585	1.0	0.0427604444219	0.0263114568713	-0.0244233377349	-0.00843686430224	-0.0151661000182	-0.0148380098392	-0.0236149560644	-0.0426376966762	-0.0272337035754	-0.0192383473144	-0.0767203325738	0.0282052744753	-0.00914353182281	-0.037305691645	-0.0528652197122	0.0584017542533	0.0132001772932	-0.0319956000162	-0.0676564950281	-0.0381396395729	0.0357226568018	-0.0596590700682	-0.0523642217601	0.00265443582446	0.00544823878874	-0.0542694745365	-0.0461022366656	0.00446696444271	-0.0280345278509	0.0220610723475	-0.00767803176356	-0.0445192277381	-0.0337198878126	0.082966099732	0.00394161025949	0.0227802631868	-0.067718436566	0.0055176550315	-0.0217339588476	-0.0231608004381	0.0118143854204	-0.0191226062111	0.00830499500713
k__Bacteria;p__Bacteroidetes;c__Bacteroidia;o__Bacteroidales;f__Bacteroidaceae;g__Bacteroides;s__Bacteroides_fragilis	0.053962877004	-0.0523062688071	0.00732694759872	-0.0263375147975	0.0129627407387	0.000777312236069	0.0299707467208	0.0129395097538	-0.0249188788343	0.0272745551353	-0.00176538637195	0.00401762080004	-0.0336301031484	0.0216045292253	0.0218826113456	0.0427604444219	1.0	0.00371290732217	0.0020476660828	-0.0221024041118	-0.0561599552941	-0.0402990595979	-0.0221282968555	0.0218608777574	0.0131768846538	-0.0362998349769	-0.0257081030171	-0.0231849268103	-0.0238643829757	-0.029477989041	0.019878050594	0.0144743152592	-0.00353073834335	0.0495255127794	-0.0397309184959	0.0682160676449	-0.00557333485779	-0.055713431067	-0.0316012103222	-0.0107602681244	-0.0259480738861	-0.00105968963655	-0.0305009153225	-0.0249280173702	0.0215630089214	0.0665487015994	-0.0264659379747	-0.0188301602372	0.0355030534248	-0.0537158889926	-0.0414999625184	0.0496972133077	0.0315256307984	-0.0370486722234	-0.0620402670103	-0.031257349538	-0.0374945606511	-0.0420551216675	-0.0140848878904
k__Bacteria;p__Proteobacteria;c__Betaproteobacteria;o__Burkholderiales;f__Sutterellaceae;g__Sutterella;s__Sutterella_wadsworthensis	-0.0478629660385	-0.0507430934014	-0.00657994417578	-0.0188271618431	0.0218506628858	-0.0449978536445	-0.00880308041295	-0.0295100885013	-0.0595571861662	0.0466124582078	-0.0424919423673	-0.0288110688671	0.0440516231996	0.0171893988196	-0.0489450931075	0.0263114568713	0.00371290732217	1.0	-0.0253871285638	0.0241766732659	0.0222683370469	0.0289870892091	0.000575703510779	-0.0163725657785	-0.0133506751805	0.0689978448979	-0.0105028725417	-0.00323953550629	0.0156401047055	0.0541301853794	0.00551946741114	0.0713075593195	0.00710276251273	-0.00607801166917	-0.0560714048173	-0.0586275070349	0.0661326142937	0.00537238998487	0.044653141345	0.0316947530486	-0.0186258625252	-0.0338198018156	-0.00892832589545	0.0458744885269	-0.0463587561885	0.0102339265185	-0.00275310662569	-0.122733910528	0.022497054355	-0.0632327028736	-0.0532527585953	-0.000492955552733	-0.0353283035153	-0.0250039826903	0.0388956609777	0.046813862245	-0.0409917855312	-0.0255856689173	0.00401774640276
k__Bacteria;p__Bacteroidetes;c__Bacteroidia;o__Bacteroidales;f__Porphyromonadaceae;g__Barnesiella;s__Barnesiella_intestinihominis	-0.00873484083644	-0.0159308204262	0.0263091520182	-0.0961210192093	-0.057299379788	0.065008060952	0.0365946822022	0.0174589256371	-0.0352979279498	-0.00681201938545	0.00379530729581	-0.0429817884167	0.0115858043404	0.0525191713113	-0.014285645578	-0.0244233377349	0.0020476660828	-0.0253871285638	1.0	0.0290243554372	0.00560637044142	-0.0148777140951	-0.0171831450554	0.00325025037841	-0.0129437305697	0.0723511664966	0.0289908839036	-0.0277528424578	0.0459262220184	-0.0151460709889	-0.00994301241882	-0.0259001733586	0.00944869045885	-0.0343864978431	-0.0357967189393	0.0195186644379	0.00842367915543	-0.0115354130435	-0.0287288866925	0.00149801330093	0.00173957167106	-0.000590251419775	-0.0880168540525	-0.00727674750863	-0.024678543521	0.016407969041	-0.0231782681809	-0.0378499487573	-0.0679671162521	0.00767997164907	-0.0323217903566	0.0386901857129	-0.0665817305462	0.0312333555838	0.0532054945005	0.0193527161396	0.0106417447439	-0.036045106446	0.016665812118
k__Bacteria;p__Bacteroidetes;c__Bacteroidia;o__Bacteroidales;f__Odoribacteraceae;g__Odoribacter;s__Odoribacter_splanchnicus	0.0352348497282	0.047357438084	0.0182007508432	0.0192930831975	-0.0489643007462	-0.050347751721	-0.01289874876	-0.0522944672896	0.0187023493146	0.026264232953	-0.00811617563002	-0.00755710927345	-0.0394604533113	-0.00875599260548	-0.0610713569122	-0.00843686430224	-0.0221024041118	0.0241766732659	0.0290243554372	1.0	0.0237446408703	-0.0517614022613	0.0501856022869	0.00400778493355	-0.0125963147666	0.0491967120717	-0.0736729591912	-0.054416795467	0.0658077464588	-0.0603968497584	-0.00090347902048	-0.0170951658252	-0.0446872687886	-0.0363078880552	0.0394979474313	0.0461851866245	-0.0115118298232	0.0278693953715	0.01384985324	0.0651655076409	0.0616073450906	-0.0588757431356	-0.00727555076722	0.00371315030975	-0.00693361791764	-0.0231332228839	0.00331391991123	0.0141762491606	-0.0541729815791	0.0150668823634	0.0530582969539	-0.0225090106137	-0.0287185812213	0.0627859508604	-0.0416640857745	-0.015834503005	-0.0306940942035	0.0158003257739	0.0211286627172
k__Bacteria;p__Bacteroidetes;c__Bacteroidia;o__Bacteroidales;f__Bacteroidaceae;g__Bacteroides;s__Bacteroides_salyersiae	-0.0816342910207	-0.00700740790177	-0.0350911175787	-0.0615627998282	-0.0106481321117	-0.0205148022356	-0.00641444606052	-0.0222760007223	0.0101208843856	0.00507992409079	0.0144313764178	0.0165615675321	0.0196664364074	-0.0623877648978	-0.00388622447703	-0.0151661000182	-0.0561599552941	0.0222683370469	0.00560637044142	0.0237446408703	1.0	0.000964969391144	0.0137520416174	-0.0237339416313	-0.019834416229	0.0139985135675	0.00863567701256	-0.00372199439572	0.0359242856617	0.00429403213417	-0.071848351595	-7.68197178695e-05	-0.0485522235383	0.039679943572	0.00619448811249	-0.0454606822577	-0.0255349662327	-0.0205861517357	-0.0339420964675	-0.00377952728539	0.000263110747331	-0.02775092205	-0.0340282808187	0.0194330294372	-0.0577964544385	0.051137092232	0.0139001377768	0.00405795811833	-0.0174438470205	-0.0319150054192	-0.0317996909571	-0.0814125952466	-0.000379451665536	-0.0103565392299	0.0360208938798	0.00995900273056	-0.0492270246726	0.0358053562195	-0.088685123352
k__Bacteria;p__Firmicutes;c__Clostridia;o__Clostridiales;f__Ruminococcaceae;g__Ruminiclostridium;s__[Eubacterium]_siraeum	-0.0142493882544	0.00367955419765	0.0264296780574	0.0140874602763	-0.0258143318192	0.0120080025469	0.0172445014583	-0.0087457841082	-0.0295246404639	-0.0363872599111	-0.0120916023237	-0.0445328719823	0.0296360602758	0.0144526425148	-0.00723391045821	-0.0148380098392	-0.0402990595979	0.0289870892091	-0.0148777140951	-0.0517614022613	0.000964969391144	1.0	-0.0121415326531	-0.0560007424448	0.0034699030748	0.0274216135018	0.00122860392628	0.0384748397806	-0.0785631111477	-0.00740881417977	0.0161854885491	0.00995416346956	-0.0192412408	0.0170679605606	0.0304649363242	-0.00456685942335	-0.0500461510329	0.0173308780663	-0.0458505115972	-0.00631671103838	-0.0323005814663	-0.0152559203676	0.0197551968811	0.0326876025608	0.0379777506737	-0.0258956417595	-0.0194573899093	-0.0119148023386	0.0469322852531	-0.0832822160382	-0.0110345208537	-0.0688112321041	0.0434622260385	-0.0340612903749	-0.00751535139443	0.0727074184848	0.0454849396763	0.0112092400736	0.00744840292795
k__Bacteria;p__Proteobacteria;c__Betaproteobacteria;o__Burkholderiales;f__Sutterellaceae;g__Parasutterella;s__Parasutterella_excrementihominis	-0.0678918031116	0.00645769208811	-0.0633866986051	-0.0289009544509	-0.0358017576143	-0.0385818672457	-0.0239419249719	-0.0276495480447	0.013852222585	0.034234471357	0.00138829255137	0.0210406720125	-0.00675675722884	0.00527153309297	-0.0338248238057	-0.0236149560644	-0.0221282968555	0.000575703510779	-0.0171831450554	0.0501856022869	0.0137520416174	-0.0121415326531	1.0	-0.0239680970331	0.000216380406083	0.000988696486731	0.0526817179625	-0.0182237411487	0.0137600791823	-0.0267890263895	0.0442046222313	0.00780878090107	0.00298844975542	-0.00738124743137	0.0288750100544	-0.0350114034501	0.0454161344614	0.0351180244963	-0.0256865112579	0.0409887520018	-0.0114679155735	0.00572143995652	-0.0559112938833	0.00162940029311	0.000942030092497	-0.0754048584538	0.0439277025333	-0.00509067533395	-0.044431159733	0.029016916599	0.0182615915807	0.0325759557753	-0.00496207089382	0.00582010887612	-0.0349543811003	0.0162215672395	-0.00741672500372	-0.0504204103585	0.00653639379282
k__Bacteria;p__Actinobacteria;c__Actinobacteria;o__Bifidobacteriales;f__Bifidobacteriaceae;g__Bifidobacterium;s__Bifidobacterium_adolescentis	-0.00063728803912	-0.0133244787814	-0.041254030496	0.0357351988083	0.0551716868788	0.0318977329008	-0.0644205096133	-0.0577417108974	0.0196953236907	-0.00416992671994	-0.0453140926321	-0.0740376241397	0.00835230185552	0.00259121933653	0.00878664277145	-0.0426376966762	0.0218608777574	-0.0163725657785	0.00325025037841	0.00400778493355	-0.0237339416313	-0.0560007424448	-0.0239680970331	1.0	-0.0177037410097	-0.0248936818075	-0.050142698127	-0.00417012662501	0.0137500913371	-0.0194796336177	0.0328983879111	0.0457789712044	-0.0180079559108	0.00594717143208	-0.0406602442083	-0.0259965054018	-0.079633828403	0.020888838906	-0.0156015556393	-0.0268065283308	-0.00899228980779	-0.0104764531358	-0.0444268699468	-0.0118491524142	-0.070897605966	0.0072100946631	0.023290932492	-0.00668567161467	-0.0230109372596	-0.0181914167082	0.0491265034238	0.0735638247932	-0.0377130477335	-0.023507226625	0.024385337031	-0.00268676657787	-0.0266162965724	-0.0241010741108	0.0714429637055
k__Bacteria;p__Firmicutes;c__Clostridia;o__Clostridiales;f__Oscillospiraceae;g__Oscillibacter;s__Oscillibacter_sp._KLE_1745	0.0383029369477	-0.0738806077756	-0.0179978549911	0.0234637136724	0.0097433923446	0.0267512307471	-0.0110852344461	0.0174679261473	0.0155440951452	-0.000118178458144	-0.0113173189306	0.0358362728026	-0.00560334005774	-0.038577904057	-0.00482962527802	-0.0272337035754	0.0131768846538	-0.0133506751805	-0.0129437305697	-0.0125963147666	-0.019834416229	0.0034699030748	0.000216380406083	-0.0177037410097	1.0	0.0449213361767	-0.0285622972398	0.0067649653136	-0.0216910886128	-0.00777771774293	-0.0277980940886	-0.0212338400349	-0.0646511544177	0.0371040205269	-0.0437400002488	0.0224826301228	0.00027543620251	-0.0145351766113	-0.0481007678202	0.0138310906511	-0.0173371736687	0.0198579120241	-0.0444930555783	0.0286541397047	0.0477779056132	0.056064262711	-0.0154718075324	0.0133804883591	0.0340071392695	-0.0213195433622	-0.0157919151244	-0.0112320610443	0.0477935313548	-0.0156868026993	-0.116370667629	-0.0379932173183	-0.0127324939593	-0.0414100427356	0.0357390241321
k__Bacteria;p__Bacteroidetes;c__Bacteroidia;o__Bacteroidales;f__Bacteroidaceae;g__Bacteroides;s__Bacteroides_coprophilus	0.0152318508881	-0.0571562258108	-0.0306746087192	0.00232280028801	0.0367071812875	0.00571641665103	0.0422868159327	0.0183605288319	0.00350367897075	-0.0189308432794	-0.0661878211299	-0.0224808734509	-0.0846370184452	-0.0204318488456	0.0053203105598	-0.0192383473144	-0.0362998349769	0.0689978448979	0.0723511664966	0.0491967120717	0.0139985135675	0.0274216135018	0.000988696486731	-0.0248936818075	0.0449213361767	1.0	-0.0690648827142	0.0307759413665	-0.0130777481843	-0.00127768440015	-0.0823342574145	-0.0274059230138	-0.0572702959794	-0.0350683776249	-0.00822752526663	0.0252836523172	0.0117403410925	-0.0168682526913	-0.0354689022787	0.0787237683801	-0.0178465230166	-0.0600271175157	-0.00230820512123	0.0274139114457	0.00287732293673	-0.00296140373895	-0.0361770548577	-0.0281616895824	-0.0432974277444	-0.0264526460313	-0.0263759695787	-0.00715262663476	0.0020570926638	0.00542246765636	0.033819825418	0.0142750280875	0.00291518967013	-0.00401168764008	-0.0252185799093
k__Bacteria;p__Firmicutes;c__Clostridia;o__Clostridiales;f__Lachnospiraceae;g__Roseburia;s__Roseburia_intestinalis	0.0514144411153	0.0286474724128	0.00480806467689	0.0365338560103	-0.0451997727293	-0.0356675773091	-0.0648691754646	0.0231012846114	-0.0489047169288	-0.0381503148643	-0.0567233074676	-0.0695195181097	-0.00560423415763	-0.0209731155512	0.0293980205975	-0.0767203325738	-0.0257081030171	-0.0105028725417	0.0289908839036	-0.0736729591912	0.00863567701256	0.00122860392628	0.0526817179625	-0.050142698127	-0.0285622972398	-0.0690648827142	1.0	-0.0390161257617	-0.00940596153003	0.0609402068018	0.00410030807353	-0.0636491451979	0.00936477248692	-0.0116214635781	0.0148433029639	0.0159734031212	0.0360670909113	0.0299401311997	0.0447907655789	-0.010520828301	0.019165258523	0.0296001839282	-0.0430690886707	0.00968586979627	-0.00726621776858	-0.000119412751724	0.00412814213818	-0.00390733430749	-0.00404659026215	-0.0329677384451	0.0502554003474	-0.0121570106706	0.0479942928313	-0.0799496534843	-0.00731312266729	-0.0396452957683	-0.00109033118456	0.032767538579	0.0200295731258
k__Bacteria;p__Firmicutes;c__Clostridia;o__Clostridiales;f__Lachnospiraceae;g__Roseburia;s__Roseburia_hominis	-0.0383565609564	-0.0369923541222	-0.0235213682466	-0.0144236110759	-0.0204247371955	0.106549208638	0.00227086674671	-0.0586789676196	-0.00825109227179	0.0248542010289	-0.0661039271731	-0.0458378477247	0.0358119105257	0.0184327476193	-0.0532172664317	0.0282052744753	-0.0231849268103	-0.00323953550629	-0.0277528424578	-0.054416795467	-0.00372199439572	0.0384748397806	-0.0182237411487	-0.00417012662501	0.0067649653136	0.0307759413665	-0.0390161257617	1.0	0.0272925864027	-0.0276228811457	-0.0410442848522	0.054300604594	0.0393437405539	0.0252554049045	0.0058602054509	0.055644942941	-0.0150003158137	0.00274777838179	0.0510273965079	-0.0104657485961	0.0120938224653	-0.0119787141613	0.0164013753537	0.0806497872095	0.00153225613668	-0.0239806919912	0.0147840425716	-0.044174173996	-0.00958275429876	0.0370888589757	-0.00078609805038	-0.000456722377009	0.0382761483769	0.0303845165322	-0.111039128774	0.0355373160089	-0.0183853914929	-0.00596751434752	-0.041088440335
k__Bacteria;p__Bacteroidetes;c__Bacteroidia;o__Bacteroidales;f__Porphyromonadaceae;g__Parabacteroides;s__Parabacteroides_johnsonii	-0.0121153154732	-0.0299372387368	0.0442814527259	-0.117435784883	0.0116799602155	-0.0726369691445	-0.0355770947455	-0.0409713644271	-0.00883225906744	-0.00997620842525	-0.0700324681189	0.00981269629896	-0.0371941195166	-0.0193647785123	0.0281958453991	-0.00914353182281	-0.0238643829757	0.0156401047055	0.0459262220184	0.0658077464588	0.0359242856617	-0.0785631111477	0.0137600791823	0.0137500913371	-0.0216910886128	-0.0130777481843	-0.00940596153003	0.0272925864027	1.0	-0.0265965909051	-0.0474960057793	0.0219873357646	-0.0229489068626	-0.00990922212509	-0.0103750676922	-0.00295776921609	0.0163094975281	0.00492183470342	-0.0273864900251	-0.0690492182147	0.048458686852	8.34281169332e-05	-0.0249047306314	-0.0414348132775	0.0286186592954	-0.00157557968633	-0.00985935229541	0.0515959960981	-0.0626360181195	0.0370637758753	-0.0308661690303	0.0223567727666	0.0442288408672	0.0438539285027	-0.031729496857	0.000758084564948	0.0293600046789	0.0367319036843	0.0207487950135
k__Bacteria;p__Actinobacteria;c__Actinobacteria;o__Bifidobacteriales;f__Bifidobacteriaceae;g__Bifidobacterium;s__Bifidobacterium_longum	0.0208200017596	-0.0284790224687	0.0447953770761	0.00858806466575	0.0205043448707	-0.0205208931306	-0.0434809974817	-0.0187023927922	-0.0251934953502	0.0142789972022	-0.016010852043	-0.0361032537669	0.0381067469237	-0.0349050944308	-0.000256085167097	-0.037305691645	-0.029477989041	0.0541301853794	-0.0151460709889	-0.0603968497584	0.00429403213417	-0.00740881417977	-0.0267890263895	-0.0194796336177	-0.00777771774293	-0.00127768440015	0.0609402068018	-0.0276228811457	-0.0265965909051	1.0	-0.0286052633628	-0.0469960252873	-0.0406416504158	-0.0141752161595	-0.0187230966373	-0.0101074821617	0.0156879306776	0.0425296236658	0.0271956909055	-0.00870979184411	0.0373655395543	-0.0267172973731	0.0110525055718	0.01698183143	-0.0493833381278	0.0508169953416	-0.0769541737868	-0.0315856778861	-0.00783369900343	-0.0378009437171	0.020041667236	0.0310328576605	0.0438361140289	0.0389695551075	-0.00503939935571	-0.000696174918477	0.0260732334091	-0.0193874846369	0.000602919967831
