#taxonomy	k__Bacteria;p__Bacteroidetes;c__Bacteroidia;o__Bacteroidales;f__Bacteroidaceae;g__Bacteroides;s__Bacteroides_vulgatus	k__Bacteria;p__Bacteroidetes;c__Bacteroidia;o__Bacteroidales;f__Bacteroidaceae;g__Bacteroides;s__Bacteroides_uniformis	k__Bacteria;p__Bacteroidetes;c__Bacteroidia;o__Bacteroidales;f__Rikenellaceae;g__Alistipes;s__Alistipes_putredinis	k__Bacteria;p__Bacteroidetes;c__Bacteroidia;o__Bacteroidales;f__Prevotellaceae;g__Prevotella;s__Prevotella_copri	k__Bacteria;p__Bacteroidetes;c__Bacteroidia;o__Bacteroidales;f__Bacteroidaceae;g__Bacteroides;s__Bacteroides_stercoris	k__Bacteria;p__Bacteroidetes;c__Bacteroidia;o__Bacteroidales;f__Bacteroidaceae;g__Bacteroides;s__Bacteroides_ovatus	k__Bacteria;p__Bacteroidetes;c__Bacteroidia;o__Bacteroidales;f__Rikenellaceae;g__Alistipes;s__Alistipes_shahii	k__Bacteria;p__Firmicutes;c__Clostridia;o__Clostridiales;f__Ruminococcaceae;g__Faecalibacterium;s__Faecalibacterium_prausnitzii	k__Bacteria;p__Bacteroidetes;c__Bacteroidia;o__Bacteroidales;f__Rikenellaceae;g__Alistipes;s__Alistipes_finegoldii	k__Bacteria;p__Bacteroidetes;c__Bacteroidia;o__Bacteroidales;f__Porphyromonadaceae;g__Parabacteroides;s__Parabacteroides_distasonis	k__Bacteria;p__Bacteroidetes;c__Bacteroidia;o__Bacteroidales;f__Bacteroidaceae;g__Bacteroides;s__Bacteroides_thetaiotaomicron	k__Bacteria;p__Bacteroidetes;c__Bacteroidia;o__Bacteroidales;f__Bacteroidaceae;g__Bacteroides;s__Bacteroides_coprocola	k__Bacteria;p__Bacteroidetes;c__Bacteroidia;o__Bacteroidales;f__Bacteroidaceae;g__Bacteroides;s__Bacteroides_cellulosilyticus	k__Bacteria;p__Bacteroidetes;c__Bacteroidia;o__Bacteroidales;f__Rikenellaceae;g__Alistipes;s__Alistipes_obesi	k__Bacteria;p__Firmicutes;c__Clostridia;o__Clostridiales;f__Lachnospiraceae;g__;s__[Eubacterium]_rectale	k__Bacteria;p__Bacteroidetes;c__Bacteroidia;o__Bacteroidales;f__Bacteroidaceae;g__Bacteroides;s__Bacteroides_plebeius	k__Bacteria;p__Bacteroidetes;c__Bacteroidia;o__Bacteroidales;f__Bacteroidaceae;g__Bacteroides;s__Bacteroides_fragilis	k__Bacteria;p__Proteobacteria;c__Betaproteobacteria;o__Burkholderiales;f__Sutterellaceae;g__Sutterella;s__Sutterella_wadsworthensis	k__Bacteria;p__Bacteroidetes;c__Bacteroidia;o__Bacteroidales;f__Porphyromonadaceae;g__Barnesiella;s__Barnesiella_intestinihominis	k__Bacteria;p__Bacteroidetes;c__Bacteroidia;o__Bacteroidales;f__Odoribacteraceae;g__Odoribacter;s__Odoribacter_splanchnicus	k__Bacteria;p__Bacteroidetes;c__Bacteroidia;o__Bacteroidales;f__Bacteroidaceae;g__Bacteroides;s__Bacteroides_salyersiae	k__Bacteria;p__Firmicutes;c__Clostridia;o__Clostridiales;f__Ruminococcaceae;g__Ruminiclostridium;s__[Eubacterium]_siraeum	k__Bacteria;p__Proteobacteria;c__Betaproteobacteria;o__Burkholderiales;f__Sutterellaceae;g__Parasutterella;s__Parasutterella_excrementihominis	k__Bacteria;p__Actinobacteria;c__Actinobacteria;o__Bifidobacteriales;f__Bifidobacteriaceae;g__Bifidobacterium;s__Bifidobacterium_adolescentis	k__Bacteria;p__Firmicutes;c__Clostridia;o__Clostridiales;f__Oscillospiraceae;g__Oscillibacter;s__Oscillibacter_sp._KLE_1745	k__Bacteria;p__Bacteroidetes;c__Bacteroidia;o__Bacteroidales;f__Bacteroidaceae;g__Bacteroides;s__Bacteroides_coprophilus	k__Bacteria;p__Firmicutes;c__Clostridia;o__Clostridiales;f__Lachnospiraceae;g__Roseburia;s__Roseburia_intestinalis	k__Bacteria;p__Firmicutes;c__Clostridia;o__Clostridiales;f__Lachnospiraceae;g__Roseburia;s__Roseburia_hominis	k__Bacteria;p__Bacteroidetes;c__Bacteroidia;o__Bacteroidales;f__Porphyromonadaceae;g__Parabacteroides;s__Parabacteroides_johnsonii	k__Bacteria;p__Actinobacteria;c__Actinobacteria;o__Bifidobacteriales;f__Bifidobacteriaceae;g__Bifidobacterium;s__Bifidobacterium_longum	k__Bacteria;p__Firmicutes;c__Clostridia;o__Clostridiales;f__;g__Flavonifractor;s__Flavonifractor_plautii	k__Bacteria;p__Firmicutes;c__Clostridia;o__Clostridiales;f__Clostridiaceae;g__Clostridium;s__Clostridium_phoceensis	k__Bacteria;p__Verrucomicrobia;c__Verrucomicrobiae;o__Verrucomicrobiales;f__Akkermansiaceae;g__Akkermansia;s__Akkermansia_muciniphila	k__Bacteria;p__Bacteroidetes;c__Bacteroidia;o__Bacteroidales;f__Prevotellaceae;g__Paraprevotella;s__Paraprevotella_xylaniphila	k__Bacteria;p__Firmicutes;c__Clostridia;o__Clostridiales;f__Ruminococcaceae;g__Ruminococcus;s__Ruminococcus_callidus	k__Bacteria;p__Bacteroidetes;c__Bacteroidia;o__Bacteroidales;f__Rikenellaceae;g__Alistipes;s__Alistipes_senegalensis	k__Bacteria;p__Firmicutes;c__Clostridia;o__Clostridiales;f__Lachnospiraceae;g__Blautia;s__Blautia_sp._KLE_1732	k__Bacteria;p__Bacteroidetes;c__Bacteroidia;o__Bacteroidales;f__Bacteroidaceae;g__Bacteroides;s__Bacteroides_oleiciplenus	k__Bacteria;p__Firmicutes;c__Clostridia;o__Clostridiales;f__Ruminococcaceae;g__Ruminococcus;s__Ruminococcus_bicirculans	k__Bacteria;p__Bacteroidetes;c__Bacteroidia;o__Bacteroidales;f__Bacteroidaceae;g__Bacteroides;s__Bacteroides_fluxus	k__Bacteria;p__Bacteroidetes;c__Bacteroidia;o__Bacteroidales;f__Prevotellaceae;g__Prevotella;s__Prevotella_stercorea	k__Bacteria;p__Firmicutes;c__Clostridia;o__Clostridiales;f__Lachnospiraceae;g__Dorea;s__Dorea_longicatena	k__Bacteria;p__Firmicutes;c__Clostridia;o__Clostridiales;f__Eubacteriaceae;g__Eubacterium;s__[Eubacterium]_eligens	k__Bacteria;p__Firmicutes;c__Clostridia;o__Clostridiales;f__Ruminococcaceae;g__;s__Ruminococcaceae_bacterium_D16	k__Bacteria;p__Firmicutes;c__Clostridia;o__Clostridiales;f__Lachnospiraceae;g__Coprococcus;s__Coprococcus_comes	k__Bacteria;p__Proteobacteria;c__Gammaproteobacteria;o__Enterobacterales;f__Enterobacteriaceae;g__Escherichia;s__Escherichia_coli	k__Bacteria;p__Firmicutes;c__Clostridia;o__Clostridiales;f__Ruminococcaceae;g__Anaerotruncus;s__Anaerotruncus_colihominis	k__Bacteria;p__Firmicutes;c__Clostridia;o__Clostridiales;f__Lachnospiraceae;g__Blautia;s__Blautia_obeum	k__Bacteria;p__Bacteroidetes;c__Bacteroidia;o__Bacteroidales;f__Odoribacteraceae;g__Odoribacter;s__Odoribacter_laneus	k__Bacteria;p__Firmicutes;c__Clostridia;o__Clostridiales;f__Ruminococcaceae;g__Ruminiclostridium;s__[Clostridium]_leptum	k__Bacteria;p__Bacteroidetes;c__Bacteroidia;o__Bacteroidales;f__Porphyromonadaceae;g__Parabacteroides;s__Parabacteroides_goldsteinii	k__Bacteria;p__Firmicutes;c__Clostridia;o__Clostridiales;f__Lachnospiraceae;g__Anaerostipes;s__Anaerostipes_hadrus	k__Bacteria;p__Firmicutes;c__Clostridia;o__Clostridiales;f__Ruminococcaceae;g__Ruminococcus;s__Ruminococcus_lactaris	k__Bacteria;p__Firmicutes;c__Clostridia;o__Clostridiales;f__Clostridiaceae;g__Clostridium;s__Clostridium_sp._L2-50	k__Bacteria;p__Firmicutes;c__Clostridia;o__Clostridiales;f__Clostridiaceae;g__Clostridium;s__Clostridium_sp._M62/1	k__Bacteria;p__Firmicutes;c__Clostridia;o__Clostridiales;f__;g__Intestinimonas;s__Intestinimonas_butyriciproducens	k__Bacteria;p__Actinobacteria;c__Actinobacteria;o__Bifidobacteriales;f__Bifidobacteriaceae;g__Bifidobacterium;s__Bifidobacterium_bifidum	k__Bacteria;p__Firmicutes;c__Negativicutes;o__Veillonellales;f__Veillonellaceae;g__Dialister;s__Dialister_invisus	k__Bacteria;p__Bacteroidetes;c__Bacteroidia;o__Bacteroidales;f__Bacteroidaceae;g__Bacteroides;s__Bacteroides_salanitronis
k__Bacteria;p__Bacteroidetes;c__Bacteroidia;o__Bacteroidales;f__Bacteroidaceae;g__Bacteroides;s__Bacteroides_vulgatus	1.0	-0.0362031318535	0.0180058179247	-0.00124212430021	-0.0289457239472	0.0463730050686	0.0595640466755	-0.0538355319872	-0.0201262718445	0.00440702628796	-0.0344207946402	0.0106298939646	-0.000202942079967	0.0182496062776	-0.0257626170057	0.0519385852792	-0.0538472230705	0.042533148485	0.0146065874274	0.0371535011517	0.0950465296554	0.0147088962113	-0.0218152029099	-0.023767539653	0.0543910364614	0.0202336031652	-0.00837663882539	-0.023132807213	-0.0224620828259	-0.0245955539202	-0.0156873953056	0.0361964068215	-0.0256689890173	0.0352782418865	0.0167940959304	0.0172076832068	0.0165790753647	0.00424892994359	-0.0454846377373	-0.0242257362908	-0.0177499052815	-0.0154874668789	0.0877038525155	0.0480620386017	-0.0209465967437	-0.028554602377	-0.0336065735865	-0.00396944335638	0.034395005243	0.0106130536885	0.0167758422476	0.0271167891252	-0.0657175855107	-0.0206684910696	0.030585777204	-0.0113428868704	-0.0588328709478	-0.114914492832	-0.0175802463783
k__Bacteria;p__Bacteroidetes;c__Bacteroidia;o__Bacteroidales;f__Bacteroidaceae;g__Bacteroides;s__Bacteroides_uniformis	-0.0362031318535	1.0	0.00827439698678	-0.0339572038928	0.0208461359426	-0.0266818013317	0.00549351339978	-0.0261982288675	-0.0651660054256	-0.00946484305417	-0.0184266745123	0.0475148579485	-0.00415722892889	0.00610421105707	0.0623010999849	-0.0948745145479	-0.000217572941849	-0.0362776403732	-0.00301773741458	0.0247707552312	-0.000493357577414	-0.0745463735804	-0.0141841631748	0.0324160176948	-0.0526202984073	0.0226777672753	-0.0427488320964	-0.0264037087712	0.0108712694887	-0.0420150359886	0.00865050176152	-0.00816958144591	-0.00915247669404	0.0264641263914	-0.0416939997007	0.00527721845991	-0.0490257453146	0.0298894709718	-0.0206955696675	-0.0107524501764	0.00331803819874	0.00747602895	-0.0585725575298	-0.0188342495256	-0.0964971189659	-0.045439309188	0.128959800747	-0.0805466567022	-0.0365782356551	0.00761078963972	-0.0133591153308	0.037835920606	-0.0546458792554	0.0219988017461	0.049065682068	0.0344770929258	0.0277627008464	0.00184499830482	0.0422214165948
k__Bacteria;p__Bacteroidetes;c__Bacteroidia;o__Bacteroidales;f__Rikenellaceae;g__Alistipes;s__Alistipes_putredinis	0.0180058179247	0.00827439698678	1.0	-0.0172106597579	-0.0351266926676	-0.00953106678003	-0.0398272425802	-0.0287301272287	-0.0438703815724	0.00604320166603	-0.0193889519503	0.010167173289	-0.00226087557228	-0.0218737912512	0.0106433532836	-0.00294759101497	0.0214090071336	-0.0509152540115	0.00462160915556	-0.0330901576558	0.0147345779183	0.0404281484927	0.00819977820764	0.0230815310695	0.0130518348453	0.0178161752497	-0.0316898507062	0.0359950693187	-0.111206773654	-0.0243237714491	0.0331174852219	-0.0114550140172	-0.0465616436116	-0.0174474671249	-0.0637993276414	0.0193050649016	0.0763413511725	-0.0378478181157	0.0318045571208	-0.0240244053956	0.0124044092585	-0.0773946138637	-0.0705570486343	0.0158537046595	0.00657667765715	-0.0186781360979	0.0812941162817	-0.0119139674807	0.00558807449326	0.0425312621777	0.00428846005895	0.0309140632754	0.0194651952003	0.0112671753511	-0.0266073326071	-0.0327074860191	-0.0839475772619	-0.00829824960045	-0.0352731847458
k__Bacteria;p__Bacteroidetes;c__Bacteroidia;o__Bacteroidales;f__Prevotellaceae;g__Prevotella;s__Prevotella_copri	-0.00124212430021	-0.0339572038928	-0.0172106597579	1.0	-0.062374258557	0.00836322426244	0.0141502832293	-0.0376271586263	-0.0123390391689	-0.000241972397255	-0.0356797042968	0.0748971118541	-0.0536997676294	0.00131958669225	-0.0676921745993	0.0302335158069	0.00200312284088	-0.00262935230909	0.0531991017352	-0.0351591272488	0.0356380918633	0.0252607381559	-0.0237603296855	0.0123830298295	-0.0192769737488	-0.0724097377791	0.0261954033314	0.0776367871015	-0.0644960257708	-0.012360521059	-0.0816087973161	-0.0861929121457	-0.00724464058131	-0.0227347842965	0.0278347992942	0.000585116935315	0.0716558969843	-0.0135078675785	-0.012570752046	0.0304806698444	-0.0105226543812	-0.0513007675426	-0.0506063176072	0.002935291906	0.0150287327572	-0.0344161155998	-0.0498594483263	-0.0160787188689	0.034810287582	-0.0339022339379	-0.00962363304557	-0.0168329976851	0.032666070353	0.0356943826327	-0.0100623262845	0.0483655688235	0.0267019849578	0.0466072261679	-0.0299818398697
k__Bacteria;p__Bacteroidetes;c__Bacteroidia;o__Bacteroidales;f__Bacteroidaceae;g__Bacteroides;s__Bacteroides_stercoris	-0.0289457239472	0.0208461359426	-0.0351266926676	-0.062374258557	1.0	0.0121596304364	-0.0201172723081	0.0313213734611	0.0404431124834	0.00386467666759	-0.0197294167136	-0.0404350830564	-0.0076660105428	0.0684723022847	0.0285528597232	-0.0161682079077	-0.0118457452011	-0.0166574597178	-0.0457764001799	-0.0162879772817	0.00753913387203	-0.0393203405217	-0.014874599184	-0.00121965584423	0.0443087171868	0.000701656160196	-0.0239509892392	-0.0114392086966	-0.0505336411327	-0.0766871411235	-0.0124575816273	-0.0178149748098	0.0376987112738	0.0169017096644	-0.0810588940169	0.052176131922	0.0798575857798	0.0441884789643	0.04767967131	-0.0615895621473	-0.0305019186784	-0.0174567350598	0.00449700298336	-0.0544001110384	0.0201523537008	0.0321712816249	-0.0301538683205	-0.00950296969868	-0.00514184511819	-0.0150668476167	-0.0081146585963	-0.0170796091398	0.05137047017	-0.0412304022155	-0.0507040190617	-0.0476475601589	-0.0780581384433	-0.0759784810209	0.037116479655
k__Bacteria;p__Bacteroidetes;c__Bacteroidia;o__Bacteroidales;f__Bacteroidaceae;g__Bacteroides;s__Bacteroides_ovatus	0.0463730050686	-0.0266818013317	-0.00953106678003	0.00836322426244	0.0121596304364	1.0	0.0291443209945	0.0169708053686	0.00269428746995	-0.0218947523902	-0.00915558547848	0.0628855752858	-0.0105282487656	-0.0211360344954	0.0173827989755	0.029562555897	0.0258383747412	-0.0290332513106	0.0612655909034	-0.00311637108331	0.0375693795705	-0.0193951343707	0.000482880546712	-0.0409793098427	0.000554410883385	0.0109706560301	-0.0257788203246	-0.00384099503693	0.0533069407461	-0.00274056160478	0.00100233974114	-0.0256716484959	0.0241548322649	-0.0226721724171	-0.0344406270124	-0.0188972532681	-0.00627367327242	-0.00523265997255	0.0670966750944	-0.008992432223	-0.0420862347245	0.0956726256917	-0.0406768110112	-0.0258618562843	0.0370575013915	-0.0780816508462	-0.0432498264833	-0.0642138351195	0.0207589734929	-0.0288950325285	-0.0982158646089	-0.0682496328567	-0.0299029024911	-0.057860704788	0.0339932755184	0.0313439605261	-0.0347611284297	-0.0520103574592	-0.0392359286115
k__Bacteria;p__Bacteroidetes;c__Bacteroidia;o__Bacteroidales;f__Rikenellaceae;g__Alistipes;s__Alistipes_shahii	0.0595640466755	0.00549351339978	-0.0398272425802	0.0141502832293	-0.0201172723081	0.0291443209945	1.0	0.0343686776155	-0.0158520660468	0.00167880505662	-0.055277310084	0.0138108779239	-0.0519279160356	0.0227558246081	0.0355498498055	0.0362068813195	-0.00443998091579	0.0620906321771	0.0820408333055	0.00645968647525	0.00405872053052	0.0585348082075	0.0161122219843	0.0268619878276	-0.0117980666241	0.0338086791184	-0.0463098561657	-0.03001595808	-0.0511937615095	0.0260005187775	-0.0426134014011	-0.00742709391303	0.0379496807184	-0.0325519044811	-0.0657025452831	-0.0392402540872	-0.078068872431	-0.0127153071627	0.0428022264943	0.0184514666098	-0.0959337109287	-0.0515180048277	-0.0304002573134	-0.0216491470428	-0.00377863933183	0.0125081846933	-0.017569441524	-0.0404923428224	-0.0830444785182	0.00607572316042	-0.0261333842389	-0.0523873179848	-0.0239881134954	-0.0284349075834	-0.00364802418191	0.00598680850411	-0.000579112882021	-0.0507397219576	-0.070837136138
k__Bacteria;p__Firmicutes;c__Clostridia;o__Clostridiales;f__Ruminococcaceae;g__Faecalibacterium;s__Faecalibacterium_prausnitzii	-0.0538355319872	-0.0261982288675	-0.0287301272287	-0.0376271586263	0.0313213734611	0.0169708053686	0.0343686776155	1.0	-0.00149186721057	-0.0153382416447	-0.0471822321386	0.0105208131707	-0.0532383764121	-0.0539608116105	-0.0209636310243	0.0382684686956	0.0538501704537	-0.00545561171723	-0.0527210117388	0.0131415895522	0.00714507600767	-0.0138522834167	0.014447126163	0.0264280074053	-0.0283163644659	-0.00283446461773	-0.0266320993074	-0.00543168940779	0.0524079062379	0.0157627552786	0.0275896499852	-0.0620748098867	0.061473818813	0.0195680799609	0.0166820311474	-0.00860781569193	-0.0228499081377	-0.0356478963851	0.0162110197879	0.0433821469481	0.0297456843944	-0.0262591423422	-0.0810221169413	0.0120918947093	0.0354862223557	-0.00472022763096	-0.034396252191	-0.02900754755	0.0227991471974	-0.0862609533978	0.0119652530327	0.0364412056442	-0.0636172828922	-0.0316632922711	0.0817449952313	0.00556485420558	0.0312261941773	-0.055518392487	0.0408964195052
k__Bacteria;p__Bacteroidetes;c__Bacteroidia;o__Bacteroidales;f__Rikenellaceae;g__Alistipes;s__Alistipes_finegoldii	-0.0201262718445	-0.0651660054256	-0.0438703815724	-0.0123390391689	0.0404431124834	0.00269428746995	-0.0158520660468	-0.00149186721057	1.0	0.0272884601083	0.0200012566395	-0.0741636020815	-0.0359595571341	-0.028504836231	-0.00571807935476	-0.0479121094144	0.0430149508438	-0.0612123333593	-0.0254484744636	-0.00234496665258	0.0200934310226	-0.0505081906629	0.0701217988776	0.0123581606397	-0.0170606366028	-0.0582989726673	-0.0357701360712	0.0406792516651	0.0358146340156	-0.00131303148188	-0.0203944899331	0.0608329999293	-0.00749096257093	0.0283792686067	-0.0402926467053	0.00146155582062	-0.0903471425054	0.0152948980148	-0.00782052828493	-0.0281324355274	0.0134754315354	0.0249909822367	-0.0841040727365	0.0673382317851	0.0152135612746	-0.0255859106701	0.0179456563756	-0.0283844860687	0.0069612211518	-0.0118121417605	-0.0312070365708	0.00710096006446	-0.0411841111162	-0.034024835636	-0.00170214348532	0.00774317209792	0.078420978951	0.00928230183193	-0.0130149456789
k__Bacteria;p__Bacteroidetes;c__Bacteroidia;o__Bacteroidales;f__Porphyromonadaceae;g__Parabacteroides;s__Parabacteroides_distasonis	0.00440702628796	-0.00946484305417	0.00604320166603	-0.000241972397255	0.00386467666759	-0.0218947523902	0.00167880505662	-0.0153382416447	0.0272884601083	1.0	0.0221301737037	-0.0484494542044	-0.00580651875854	-0.00359333101726	-0.0127916024747	0.0122843462469	0.0122750268132	-0.0837398911206	-0.0353040279441	-0.0205524098441	-0.0332058861127	-0.0168773435468	-0.0452155245901	0.0119832069596	0.0202118408713	-0.0597847608092	-0.0735033321776	0.0672406901238	-0.025541870058	0.00393218999705	0.0278461592535	-0.047612094906	0.00332276102284	0.0368363561151	-0.0197160993549	-0.0333328648517	-0.0875028974045	0.0115950812225	-0.00816699063764	0.0272454099813	0.0119896284173	0.0159237485701	0.0306751029557	-0.0160792593888	0.00215682073753	0.0134872881285	-0.0629275113203	-0.0038433372245	0.00714969785241	-0.0101210457142	-0.0483222849058	-0.00966355192166	0.0180634972658	-0.0663457426733	-0.0366589396458	-0.0214328154713	0.0494906045957	0.0301392025777	0.0307708987914
k__Bacteria;p__Bacteroidetes;c__Bacteroidia;o__Bacteroidales;f__Bacteroidaceae;g__Bacteroides;s__Bacteroides_thetaiotaomicron	-0.0344207946402	-0.0184266745123	-0.0193889519503	-0.0356797042968	-0.0197294167136	-0.00915558547848	-0.055277310084	-0.0471822321386	0.0200012566395	0.0221301737037	1.0	-0.00895956679967	0.0245014892539	-0.0287322725397	0.015436390921	-0.0215468624907	-0.00122864248408	-0.0368783267221	-0.00228533056379	-0.0646581887291	-0.0474288767426	-0.0427034388036	0.00387144387726	0.0342134090003	-0.00632646658915	-0.044737128184	-0.00929093616837	-0.0323647350622	-0.00546071352111	0.01807830842	-0.0250688420431	-0.0262464250253	0.00815841475496	0.0522002376605	-0.00390061707582	-0.0502686008975	0.0192216416518	0.0430214484187	0.0403693093617	0.0137648836074	-0.0271945560167	-0.0334935277204	-0.0231242213313	-0.0115582483232	0.00181926219131	-0.0328111583359	-0.0308454114834	0.0220463923996	0.0312414124697	-0.0608369641885	-0.0253787226327	-0.0893595318944	-0.072979496506	-0.0785558380822	-0.0282876924882	-0.00388140290068	-0.00476462238565	0.044685757718	-0.00802879256035
k__Bacteria;p__Bacteroidetes;c__Bacteroidia;o__Bacteroidales;f__Bacteroidaceae;g__Bacteroides;s__Bacteroides_coprocola	0.0106298939646	0.0475148579485	0.010167173289	0.0748971118541	-0.0404350830564	0.0628855752858	0.0138108779239	0.0105208131707	-0.0741636020815	-0.0484494542044	-0.00895956679967	1.0	-0.0354269678391	-0.064909943411	-0.0532923867398	-0.0174814614007	0.0288588624228	0.058162954742	-0.0229433061348	0.00721798110516	-0.0396902827492	0.00154911405509	0.0227563600965	-0.0278852002071	0.00687424285089	0.00201979108013	0.0275398358346	-0.024565607201	0.0189112096494	-0.0397383714858	0.083525215053	-0.0455687296445	-0.0365923800281	0.0146619479996	-0.082796852031	-0.022896584834	-0.0133695727344	-0.00596938310123	-0.0275413223884	-0.0370500594139	-0.0826552191704	-0.0374080379487	-0.0063865806031	-0.00464144902064	-0.0394537620294	0.0569780451265	0.00965062962528	0.06559523787	0.0366195473409	-0.0321947718521	-0.00812921444559	0.0214779195376	-0.0450806453733	-0.0138047513291	0.0677101560082	-0.0793913589082	-0.0135226966381	-0.0090919581147	-0.0363887967334
k__Bacteria;p__Bacteroidetes;c__Bacteroidia;o__Bacteroidales;f__Bacteroidaceae;g__Bacteroides;s__Bacteroides_cellulosilyticus	-0.000202942079967	-0.00415722892889	-0.00226087557228	-0.0536997676294	-0.0076660105428	-0.0105282487656	-0.0519279160356	-0.0532383764121	-0.0359595571341	-0.00580651875854	0.0245014892539	-0.0354269678391	1.0	0.0396729755727	0.057929671475	-0.0115019781815	-0.0231846053392	0.0423501512659	-0.0902713168748	-0.00379343845098	-0.0692718166027	-0.02546719791	0.063410919122	-0.0457406948396	0.0280924573964	-0.0088386128574	0.0483772451399	-0.0607717507693	-0.0255901237638	-0.0259382654902	0.00169371081049	-0.0195689346471	-0.0183762499323	0.00990117192319	0.030720190886	-0.0129088223745	0.0696979855765	0.0145252046891	-0.0379024459861	0.046904647945	-0.0131242226795	-0.00923003532813	-0.00568683934949	-0.0138733081295	-0.0492890002544	-0.00218685089029	-0.0266958237193	-0.00810347940415	-0.0377323589285	0.00889151618409	-0.0085806870172	0.0287763610249	-0.0287764585827	0.0294575914389	0.0197480645655	-0.0246774084252	0.00367704679998	0.0217530815745	-0.0134408287719
k__Bacteria;p__Bacteroidetes;c__Bacteroidia;o__Bacteroidales;f__Rikenellaceae;g__Alistipes;s__Alistipes_obesi	0.0182496062776	0.00610421105707	-0.0218737912512	0.00131958669225	0.0684723022847	-0.0211360344954	0.0227558246081	-0.0539608116105	-0.028504836231	-0.00359333101726	-0.0287322725397	-0.064909943411	0.0396729755727	1.0	-0.0372148844447	-0.0269297803795	-0.0158712072373	-0.0229830036748	0.00753133791628	-0.0846661904589	0.00357947297818	-0.0253908390935	-0.0264911860284	0.0647347488731	-0.0204959130726	-0.0511465295623	-0.0339719554612	-0.00366994681974	0.0420401878703	-0.00850065283546	-0.0330467627665	0.0321823193931	-0.0289625998504	-0.004841784573	0.00512930156696	-0.0681906075044	-0.0175324863056	0.0121168840745	-0.0135860145023	0.0141326284229	-0.0556593651398	-0.0267728250025	-0.0273963867316	-0.0017104393544	-0.024019409996	0.0235170515509	-0.0068729449495	-0.0191348747549	-0.00560406649325	0.0186909562314	-0.0540876859406	-0.00797358017573	-0.0378042871682	-0.0321789435027	0.0591583539573	0.0469407568813	0.047583847525	-0.0339589029403	0.000256388862969
k__Bacteria;p__Firmicutes;c__Clostridia;o__Clostridiales;f__Lachnospiraceae;g__;s__[Eubacterium]_rectale	-0.0257626170057	0.0623010999849	0.0106433532836	-0.0676921745993	0.0285528597232	0.0173827989755	0.0355498498055	-0.0209636310243	-0.00571807935476	-0.0127916024747	0.015436390921	-0.0532923867398	0.057929671475	-0.0372148844447	1.0	-0.0362060057062	0.0150762718697	-0.00701554645415	-0.0345274234498	0.0413762442673	-0.0145253171498	-0.0254503458226	0.039026623011	0.0204050834179	-0.0777783435813	-0.0120142739655	-0.00430960902448	0.0177079573811	-0.0726722832196	-0.017813276335	-0.065211593903	-0.027040155759	0.0233135575319	0.0040634425839	-0.0123055671632	0.030374826933	-0.00552319778442	-0.0212146602094	0.00540357509454	-0.0366839895911	-0.0191038782136	0.0226632423625	0.00277295390315	0.0549404852816	-0.0433478214731	0.0093855879442	-0.020127680022	0.0478921694766	0.0397645266901	-0.0176501999188	-0.0310811550845	-0.0207153693173	0.0366215370916	-0.0133716447226	-0.0643060803199	-0.0271041836515	-0.0712450298559	0.000128249942588	0.0168030579349
k__Bacteria;p__Bacteroidetes;c__Bacteroidia;o__Bacteroidales;f__Bacteroidaceae;g__Bacteroides;s__Bacteroides_plebeius	0.0519385852792	-0.0948745145479	-0.00294759101497	0.0302335158069	-0.0161682079077	0.029562555897	0.0362068813195	0.0382684686956	-0.0479121094144	0.0122843462469	-0.0215468624907	-0.0174814614007	-0.0115019781815	-0.0269297803795	-0.0362060057062	1.0	-0.00547408973069	-0.0176446055982	0.0337435099097	-0.0111785701109	0.0422775700316	-0.00225347552865	0.0769760121737	-0.0622742755009	0.0190760586096	-0.0637239516715	0.0354111332348	0.0168850271487	0.0131075402689	-0.039112227308	-0.0545189099777	0.0226346676495	0.0426334437872	-0.06161648105	-0.0417640159515	-0.0124246218739	-0.0149514281386	-0.00411066450008	0.0412403734398	0.0142610870887	-0.000646891077379	0.0474772363112	0.0111000931958	-0.0234651747333	-0.00646964155603	0.0015079383024	-0.0114550064635	-0.0151528469858	0.00712358014695	-0.00196420934748	-0.021095050174	-0.0117775419962	-0.0226854242642	0.00979133539926	-0.00128036912031	-0.0190895689386	0.0167266830253	0.0100296175218	0.0605312054169
k__Bacteria;p__Bacteroidetes;c__Bacteroidia;o__Bacteroidales;f__Bacteroidaceae;g__Bacteroides;s__Bacteroides_fragilis	-0.0538472230705	-0.000217572941849	0.0214090071336	0.00200312284088	-0.0118457452011	0.0258383747412	-0.00443998091579	0.0538501704537	0.0430149508438	0.0122750268132	-0.00122864248408	0.0288588624228	-0.0231846053392	-0.0158712072373	0.0150762718697	-0.00547408973069	1.0	-0.0197218406695	-0.0807570418139	-0.00523571118002	-0.0178294538624	-0.00824793510677	-0.0134851320042	-0.0226815704753	-0.0491636889508	-0.041038955458	0.0125379150843	0.0289696886255	-0.0145928607878	0.0217909849335	-0.00351096548758	-0.0384236770525	0.0631238618936	-0.0374451295028	-0.0126200991574	0.0169575695607	-0.047997192892	0.0272295153409	-0.0044693275052	-0.0595003404527	-0.0608359660678	-0.0946801016617	0.00377000158494	-0.0566422269527	0.0159361891863	-0.02917576792	-0.0285965143561	0.0466763927966	0.0580931405189	-0.0020970368077	-0.0197994732941	0.000282997784339	-0.0205380824898	-0.0348562418773	0.0399834678941	-0.00232348899198	-0.0113527311755	0.0285764341498	-0.0296623273264
k__Bacteria;p__Proteobacteria;c__Betaproteobacteria;o__Burkholderiales;f__Sutterellaceae;g__Sutterella;s__Sutterella_wadsworthensis	0.042533148485	-0.0362776403732	-0.0509152540115	-0.00262935230909	-0.0166574597178	-0.0290332513106	0.0620906321771	-0.00545561171723	-0.0612123333593	-0.0837398911206	-0.0368783267221	0.058162954742	0.0423501512659	-0.0229830036748	-0.00701554645415	-0.0176446055982	-0.0197218406695	1.0	-0.105239349373	-0.0469818517569	0.0124393758062	0.0467579958219	-0.0536513307492	0.0260237447132	-0.0128820594012	-0.0373647905732	-0.0319109202109	0.00725361943927	0.0145901426301	-0.0194980730678	0.0217552205367	-0.0540633624259	0.00588376864712	-0.0335488771051	0.0152916904786	-0.021588250275	0.0124124612386	-0.0577376193697	-0.0181558039124	0.0361922476422	-0.0282249090097	-0.00301712460205	0.018262202487	-0.0344621854972	0.0636095286741	-0.00872216019414	-0.00107092807987	-0.0773608851962	-0.0530144066683	0.00238081326151	-0.00254943147619	-0.0339141779605	0.0586814475977	0.013860848441	0.0416508074726	-0.0145106458685	0.0198280473683	0.00634680912779	0.0189683963372
k__Bacteria;p__Bacteroidetes;c__Bacteroidia;o__Bacteroidales;f__Porphyromonadaceae;g__Barnesiella;s__Barnesiella_intestinihominis	0.0146065874274	-0.00301773741458	0.00462160915556	0.0531991017352	-0.0457764001799	0.0612655909034	0.0820408333055	-0.0527210117388	-0.0254484744636	-0.0353040279441	-0.00228533056379	-0.0229433061348	-0.0902713168748	0.00753133791628	-0.0345274234498	0.0337435099097	-0.0807570418139	-0.105239349373	1.0	-0.0196209699391	0.0311097182795	0.0351720085754	0.0516824785777	-0.0712698604478	-0.0176202175626	-0.0129293510571	0.0109188270998	-0.0277298324451	-0.0806344854147	-0.0710330851636	0.0238587073222	-0.101514067912	-0.0986180134482	-0.0135658308849	0.0082786795494	-0.0348196829136	0.00745200012959	0.0147666251837	-0.00164424324525	-0.00169181058805	-0.0288495833417	0.0717373695648	0.00894494259464	-0.00616542875453	0.00448800819754	-0.104253772285	0.0892346610469	0.0346146021243	0.0377426171158	-0.00357529807372	0.0237034472579	-0.0392681602914	-0.0339503397019	-0.000315819861246	0.0267327668885	0.0445755150248	0.0208806248993	0.0209344831202	0.00609912347002
k__Bacteria;p__Bacteroidetes;c__Bacteroidia;o__Bacteroidales;f__Odoribacteraceae;g__Odoribacter;s__Odoribacter_splanchnicus	0.0371535011517	0.0247707552312	-0.0330901576558	-0.0351591272488	-0.0162879772817	-0.00311637108331	0.00645968647525	0.0131415895522	-0.00234496665258	-0.0205524098441	-0.0646581887291	0.00721798110516	-0.00379343845098	-0.0846661904589	0.0413762442673	-0.0111785701109	-0.00523571118002	-0.0469818517569	-0.0196209699391	1.0	0.00919758262699	0.00966260604734	0.0147767212761	-0.0348938019965	0.0370855302438	-0.0321108385421	0.0206642145863	-0.0071650157258	-0.0144366074265	0.0179232136209	0.0487353551826	0.00356734144653	-0.00343604767247	-0.054692175118	-0.0363349135227	0.0028826705514	-0.0150665156682	-0.0660051525091	0.039609087445	-0.0271958889688	0.0360825004663	0.0707631629533	0.0157436967865	-0.000675896359029	-0.0297138805863	0.0722126269796	0.0306745903265	-0.0235571501473	0.0103650362356	-0.100732470376	0.00109725930188	0.0338163980504	-0.0110929289388	-0.0150490549635	0.00393519564562	-0.0361651255849	-0.0611988932773	-0.0552977796151	-0.0449576976079
k__Bacteria;p__Bacteroidetes;c__Bacteroidia;o__Bacteroidales;f__Bacteroidaceae;g__Bacteroides;s__Bacteroides_salyersiae	0.0950465296554	-0.000493357577413	0.0147345779183	0.0356380918633	0.00753913387203	0.0375693795705	0.00405872053052	0.00714507600767	0.0200934310226	-0.0332058861127	-0.0474288767426	-0.0396902827492	-0.0692718166027	0.00357947297818	-0.0145253171498	0.0422775700316	-0.0178294538624	0.0124393758062	0.0311097182795	0.00919758262699	1.0	0.00352245802549	-0.00400152052027	0.0248234949286	-0.0783895523082	0.084603146486	-0.0071840502626	0.0649896327749	-0.0349651646185	0.0114090836841	-0.0570477012502	-0.0226139590353	0.0535974351957	-0.0202512002888	-0.0113629841766	0.00608396031371	0.018729862736	-0.0506384691099	0.00842077464947	0.000138466409395	-0.0689248462378	-0.0314148199345	-0.0147030093621	-0.0457730974141	0.0304545151758	0.0415946259667	-0.0232856083201	-0.0592031219784	0.0218534899868	0.037026350142	-0.0569605224908	-0.0300806671883	-0.0386519318178	-0.0306819144095	0.000890491829978	-0.0186812362349	-0.0222064347238	-0.0105669450418	0.0555768286831
k__Bacteria;p__Firmicutes;c__Clostridia;o__Clostridiales;f__Ruminococcaceae;g__Ruminiclostridium;s__[Eubacterium]_siraeum	0.0147088962113	-0.0745463735804	0.0404281484927	0.0252607381559	-0.0393203405217	-0.0193951343707	0.0585348082075	-0.0138522834167	-0.0505081906629	-0.0168773435468	-0.0427034388036	0.00154911405509	-0.02546719791	-0.0253908390935	-0.0254503458226	-0.00225347552865	-0.00824793510677	0.0467579958219	0.0351720085754	0.00966260604734	0.00352245802549	1.0	-0.0281166086557	-0.00258838200319	-0.0231010990883	0.0627444387651	-0.0406118666069	-0.0273696482984	-0.0174280739665	0.0158990507646	0.000961149949758	-0.016023354276	-0.023179810899	-0.032079570244	0.00798028522156	0.010824527612	-0.00574266878379	-0.0048533283483	-0.0442667741208	0.00911528901204	0.0131269258516	0.0293071419463	0.00624590156784	0.0125654006551	-0.0111720697898	-0.0192385043514	0.00876388184228	-0.0762066137477	0.0345366308258	0.0265738364296	-0.0593709029064	0.0106684223888	-0.0237131759265	-0.0159682844175	0.0273996422489	-0.0362096269004	-0.0262647070282	-0.0349432776393	-0.00988056859865
k__Bacteria;p__Proteobacteria;c__Betaproteobacteria;o__Burkholderiales;f__Sutterellaceae;g__Parasutterella;s__Parasutterella_excrementihominis	-0.0218152029099	-0.0141841631748	0.00819977820764	-0.0237603296855	-0.014874599184	0.000482880546712	0.0161122219843	0.014447126163	0.0701217988776	-0.0452155245901	0.00387144387726	0.0227563600965	0.063410919122	-0.0264911860284	0.039026623011	0.0769760121737	-0.0134851320042	-0.0536513307492	0.0516824785777	0.0147767212761	-0.00400152052027	-0.0281166086557	1.0	-0.0102711772587	0.00159955214201	-0.00337082282665	0.00922778057405	0.02100655536	-0.0082996206764	0.0299954872167	-0.0187723675732	0.0238130005305	-0.0566087735355	-0.0805623269274	-0.0289558512186	-0.0248506398341	-0.00570495527621	-0.0185637388943	0.0432784300144	-0.024723335275	0.0044511954832	-0.0353732108644	0.0912635173446	-0.027339483425	0.0320146516144	-0.0104464547834	0.02292511589	0.0194614877651	-0.0805943161049	0.00619957242009	0.000101564913487	0.0227361227808	-0.00671648842342	-0.0682341273197	-0.0548056775373	-0.0471610588671	-0.0516839030449	0.00736636772564	-0.0170132474325
k__Bacteria;p__Actinobacteria;c__Actinobacteria;o__Bifidobacteriales;f__Bifidobacteriaceae;g__Bifidobacterium;s__Bifidobacterium_adolescentis	-0.023767539653	0.0324160176948	0.0230815310695	0.0123830298295	-0.00121965584423	-0.0409793098427	0.0268619878276	0.0264280074053	0.0123581606397	0.0119832069596	0.0342134090003	-0.0278852002071	-0.0457406948396	0.0647347488731	0.0204050834179	-0.0622742755009	-0.0226815704753	0.0260237447132	-0.0712698604478	-0.0348938019965	0.0248234949286	-0.00258838200319	-0.0102711772587	1.0	-0.0125273029178	-0.0285862923653	-0.0131818235726	-0.0479827555192	-0.0101553758601	-0.011397082482	0.00708593659172	-0.0334957821035	-0.0409904838285	-0.0367132089381	0.0411777378558	-0.0178275170908	-0.00149507747276	-0.0121960297219	-0.00545698719634	-0.0609106056108	-0.0469263114039	-0.0229970147239	-0.043993340972	0.00295007559747	0.0300632844982	-0.0503853256185	0.0154847175439	0.0107756459755	0.0335557878174	0.0209070185129	-0.00421812507288	-0.00741856870647	-0.0329756305074	0.0255374344274	0.0211866772213	-0.0252168200838	-0.040087072527	-0.0061250553686	-0.0231439390138
k__Bacteria;p__Firmicutes;c__Clostridia;o__Clostridiales;f__Oscillospiraceae;g__Oscillibacter;s__Oscillibacter_sp._KLE_1745	0.0543910364614	-0.0526202984073	0.0130518348453	-0.0192769737488	0.0443087171868	0.000554410883385	-0.0117980666241	-0.0283163644659	-0.0170606366028	0.0202118408713	-0.00632646658915	0.00687424285089	0.0280924573964	-0.0204959130726	-0.0777783435813	0.0190760586096	-0.0491636889508	-0.0128820594012	-0.0176202175626	0.0370855302438	-0.0783895523082	-0.0231010990883	0.00159955214201	-0.0125273029178	1.0	-0.0105769059652	-0.069969230482	-0.0602988058114	-0.0529069692853	-0.0081272607629	0.0616210131208	0.00374270531471	0.00945192265516	0.00274481625375	0.00399962162671	0.0374832882106	0.00678819500653	-0.0228822514539	0.0421743723642	-0.116031014501	0.0303430007195	0.0986460121137	0.00769590693155	-0.000624868945938	-0.0290009378617	0.00119995296883	0.0167221072923	-0.0233563323643	-0.00160742528742	-0.0139086973486	-0.0765706117956	-0.0165971724986	0.0363128284782	0.00553725297496	-0.00565684512659	0.0183896586492	-0.0475781747488	-0.0264163455428	-0.0097930453266
k__Bacteria;p__Bacteroidetes;c__Bacteroidia;o__Bacteroidales;f__Bacteroidaceae;g__Bacteroides;s__Bacteroides_coprophilus	0.0202336031652	0.0226777672753	0.0178161752497	-0.0724097377791	0.000701656160196	0.0109706560301	0.0338086791184	-0.00283446461773	-0.0582989726673	-0.0597847608092	-0.044737128184	0.00201979108013	-0.0088386128574	-0.0511465295623	-0.0120142739655	-0.0637239516715	-0.041038955458	-0.0373647905732	-0.0129293510571	-0.0321108385421	0.084603146486	0.0627444387651	-0.00337082282665	-0.0285862923653	-0.0105769059652	1.0	-0.0177390454299	-0.0536032022999	0.0201360306808	0.00992888520598	0.0112906458224	0.0120063619252	-0.0373767190636	0.0309047192903	0.0519772309634	-0.0419887726585	-0.0423573956073	-0.0107029687425	-0.0643235045389	0.0498100969251	0.00559135293431	-0.0123325840475	-0.0133457250101	0.0146830787709	-0.0743596985292	-0.057823285266	0.0380330035234	-0.0351614068677	-0.0049749426218	0.0027841780185	-0.00889017385863	0.0154047803502	0.010673070026	-0.0468327979708	-0.00180510050064	-0.021965583518	-0.00259401068245	0.0357476795725	-0.0102829187674
k__Bacteria;p__Firmicutes;c__Clostridia;o__Clostridiales;f__Lachnospiraceae;g__Roseburia;s__Roseburia_intestinalis	-0.00837663882539	-0.0427488320964	-0.0316898507062	0.0261954033314	-0.0239509892392	-0.0257788203246	-0.0463098561657	-0.0266320993074	-0.0357701360712	-0.0735033321776	-0.00929093616837	0.0275398358346	0.0483772451399	-0.0339719554612	-0.00430960902448	0.0354111332348	0.0125379150843	-0.0319109202109	0.0109188270998	0.0206642145863	-0.0071840502626	-0.0406118666069	0.00922778057405	-0.0131818235726	-0.069969230482	-0.0177390454299	1.0	0.0436433978748	0.00351708900297	0.0293982374938	-0.0744815802513	-0.0764251762013	-0.0365030537455	-0.0215633096906	0.0602953552044	0.00970449029504	-0.026828584886	0.0265864052499	-0.00798807794017	-0.0900884372069	0.0597494791303	-0.00362534133431	0.0548533844189	-0.00288762170431	-0.0292749099201	-0.0329504292505	0.00214876057913	0.020300367076	-0.018861726301	0.0348638845377	0.0358474889168	-0.0116959736126	-0.0038692480365	-0.00207292674369	-0.0298558229035	0.019367381591	-0.0285712585388	-0.00936539168452	0.0244414597041
k__Bacteria;p__Firmicutes;c__Clostridia;o__Clostridiales;f__Lachnospiraceae;g__Roseburia;s__Roseburia_hominis	-0.023132807213	-0.0264037087712	0.0359950693187	0.0776367871015	-0.0114392086966	-0.00384099503693	-0.03001595808	-0.00543168940779	0.0406792516651	0.0672406901238	-0.0323647350622	-0.024565607201	-0.0607717507693	-0.00366994681974	0.0177079573811	0.0168850271487	0.0289696886255	0.00725361943927	-0.0277298324451	-0.0071650157258	0.0649896327749	-0.0273696482984	0.02100655536	-0.0479827555192	-0.0602988058114	-0.0536032022999	0.0436433978748	1.0	-0.0552355378691	0.00549223092735	0.00399449053576	-0.0137863475758	-0.0281776817627	-0.0173155198087	-0.0526406682296	0.0382004478163	0.020899809117	-0.0162390855552	-0.0308269417858	-0.0411223828006	0.0101528738808	-0.0313615184008	-0.0217962868674	0.0199271942685	-0.0355923522022	-0.000526107712686	0.0061217783654	-0.0353312650834	0.0107845321949	-0.0343195107873	0.0260792206248	0.0412360740148	0.0396684621792	0.017835909593	-0.0120262891209	-0.0442495136866	0.0287316612999	-0.0321420970498	0.000699565296513
k__Bacteria;p__Bacteroidetes;c__Bacteroidia;o__Bacteroidales;f__Porphyromonadaceae;g__Parabacteroides;s__Parabacteroides_johnsonii	-0.0224620828259	0.0108712694887	-0.111206773654	-0.0644960257708	-0.0505336411327	0.0533069407461	-0.0511937615095	0.0524079062379	0.0358146340156	-0.025541870058	-0.00546071352111	0.0189112096494	-0.0255901237638	0.0420401878703	-0.0726722832196	0.0131075402689	-0.0145928607878	0.0145901426301	-0.0806344854147	-0.0144366074265	-0.0349651646185	-0.0174280739665	-0.0082996206764	-0.0101553758601	-0.0529069692853	0.0201360306808	0.00351708900297	-0.0552355378691	1.0	0.00102488284062	-0.0247905814142	-0.0656422726769	0.0242564386253	0.010454407119	0.0173881428208	-0.0464433695537	-0.037879533927	0.0203931963206	0.00920430748843	-0.0279143772704	-0.0155860138787	0.00609287004366	0.0586435059483	-0.00376941048591	-0.0270107768734	0.0439048022624	-0.0125354524998	-0.0614635176382	0.0116503112706	-0.009399677864	0.00711821415746	-0.00738185141474	-0.0512485623298	0.0105058376063	-0.0757659740062	0.00845315803735	0.0488466996887	0.0293225059185	-0.00722618342968
k__Bacteria;p__Actinobacteria;c__Actinobacteria;o__Bifidobacteriales;f__Bifidobacteriaceae;g__Bifidobacterium;s__Bifidobacterium_longum	-0.0245955539202	-0.0420150359886	-0.0243237714491	-0.012360521059	-0.0766871411235	-0.00274056160478	0.0260005187775	0.0157627552786	-0.00131303148188	0.00393218999705	0.01807830842	-0.0397383714858	-0.0259382654902	-0.00850065283546	-0.017813276335	-0.039112227308	0.0217909849335	-0.0194980730678	-0.0710330851636	0.0179232136209	0.0114090836841	0.0158990507646	0.0299954872167	-0.011397082482	-0.0081272607629	0.00992888520597	0.0293982374938	0.00549223092735	0.00102488284062	1.0	-0.0366218965513	0.0614396798029	0.0190886675203	-0.0124414721952	-0.0203784362092	0.0382585627746	0.0323607403924	-0.044563121215	-0.00308777396857	-0.0441659529351	-0.00992493200446	-0.00930112164632	0.00107897526888	-0.0163279980964	0.0821571554492	0.00982298529752	-0.00714405600941	-0.038854340028	-0.0111799376776	-0.0314007279612	-0.00367647353512	0.0195503593565	-0.0347380895026	0.000642091991493	-0.0072888021842	-0.0222969520788	-0.0802861064295	0.00857087308037	-0.0324459777709
