#taxonomy	k__Bacteria;p__Bacteroidetes;c__Bacteroidia;o__Bacteroidales;f__Bacteroidaceae;g__Bacteroides;s__Bacteroides_vulgatus	k__Bacteria;p__Bacteroidetes;c__Bacteroidia;o__Bacteroidales;f__Bacteroidaceae;g__Bacteroides;s__Bacteroides_uniformis	k__Bacteria;p__Bacteroidetes;c__Bacteroidia;o__Bacteroidales;f__Rikenellaceae;g__Alistipes;s__Alistipes_putredinis	k__Bacteria;p__Bacteroidetes;c__Bacteroidia;o__Bacteroidales;f__Prevotellaceae;g__Prevotella;s__Prevotella_copri	k__Bacteria;p__Bacteroidetes;c__Bacteroidia;o__Bacteroidales;f__Bacteroidaceae;g__Bacteroides;s__Bacteroides_stercoris	k__Bacteria;p__Bacteroidetes;c__Bacteroidia;o__Bacteroidales;f__Bacteroidaceae;g__Bacteroides;s__Bacteroides_ovatus	k__Bacteria;p__Bacteroidetes;c__Bacteroidia;o__Bacteroidales;f__Rikenellaceae;g__Alistipes;s__Alistipes_shahii	k__Bacteria;p__Firmicutes;c__Clostridia;o__Clostridiales;f__Ruminococcaceae;g__Faecalibacterium;s__Faecalibacterium_prausnitzii	k__Bacteria;p__Bacteroidetes;c__Bacteroidia;o__Bacteroidales;f__Rikenellaceae;g__Alistipes;s__Alistipes_finegoldii	k__Bacteria;p__Bacteroidetes;c__Bacteroidia;o__Bacteroidales;f__Porphyromonadaceae;g__Parabacteroides;s__Parabacteroides_distasonis	k__Bacteria;p__Bacteroidetes;c__Bacteroidia;o__Bacteroidales;f__Bacteroidaceae;g__Bacteroides;s__Bacteroides_thetaiotaomicron	k__Bacteria;p__Bacteroidetes;c__Bacteroidia;o__Bacteroidales;f__Bacteroidaceae;g__Bacteroides;s__Bacteroides_coprocola	k__Bacteria;p__Bacteroidetes;c__Bacteroidia;o__Bacteroidales;f__Bacteroidaceae;g__Bacteroides;s__Bacteroides_cellulosilyticus	k__Bacteria;p__Bacteroidetes;c__Bacteroidia;o__Bacteroidales;f__Rikenellaceae;g__Alistipes;s__Alistipes_obesi	k__Bacteria;p__Firmicutes;c__Clostridia;o__Clostridiales;f__Lachnospiraceae;g__;s__[Eubacterium]_rectale	k__Bacteria;p__Bacteroidetes;c__Bacteroidia;o__Bacteroidales;f__Bacteroidaceae;g__Bacteroides;s__Bacteroides_plebeius	k__Bacteria;p__Bacteroidetes;c__Bacteroidia;o__Bacteroidales;f__Bacteroidaceae;g__Bacteroides;s__Bacteroides_fragilis	k__Bacteria;p__Proteobacteria;c__Betaproteobacteria;o__Burkholderiales;f__Sutterellaceae;g__Sutterella;s__Sutterella_wadsworthensis	k__Bacteria;p__Bacteroidetes;c__Bacteroidia;o__Bacteroidales;f__Porphyromonadaceae;g__Barnesiella;s__Barnesiella_intestinihominis	k__Bacteria;p__Bacteroidetes;c__Bacteroidia;o__Bacteroidales;f__Odoribacteraceae;g__Odoribacter;s__Odoribacter_splanchnicus	k__Bacteria;p__Bacteroidetes;c__Bacteroidia;o__Bacteroidales;f__Bacteroidaceae;g__Bacteroides;s__Bacteroides_salyersiae	k__Bacteria;p__Firmicutes;c__Clostridia;o__Clostridiales;f__Ruminococcaceae;g__Ruminiclostridium;s__[Eubacterium]_siraeum	k__Bacteria;p__Proteobacteria;c__Betaproteobacteria;o__Burkholderiales;f__Sutterellaceae;g__Parasutterella;s__Parasutterella_excrementihominis	k__Bacteria;p__Actinobacteria;c__Actinobacteria;o__Bifidobacteriales;f__Bifidobacteriaceae;g__Bifidobacterium;s__Bifidobacterium_adolescentis	k__Bacteria;p__Firmicutes;c__Clostridia;o__Clostridiales;f__Oscillospiraceae;g__Oscillibacter;s__Oscillibacter_sp._KLE_1745	k__Bacteria;p__Bacteroidetes;c__Bacteroidia;o__Bacteroidales;f__Bacteroidaceae;g__Bacteroides;s__Bacteroides_coprophilus	k__Bacteria;p__Firmicutes;c__Clostridia;o__Clostridiales;f__Lachnospiraceae;g__Roseburia;s__Roseburia_intestinalis	k__Bacteria;p__Firmicutes;c__Clostridia;o__Clostridiales;f__Lachnospiraceae;g__Roseburia;s__Roseburia_hominis	k__Bacteria;p__Bacteroidetes;c__Bacteroidia;o__Bacteroidales;f__Porphyromonadaceae;g__Parabacteroides;s__Parabacteroides_johnsonii	k__Bacteria;p__Actinobacteria;c__Actinobacteria;o__Bifidobacteriales;f__Bifidobacteriaceae;g__Bifidobacterium;s__Bifidobacterium_longum	k__Bacteria;p__Firmicutes;c__Clostridia;o__Clostridiales;f__;g__Flavonifractor;s__Flavonifractor_plautii	k__Bacteria;p__Firmicutes;c__Clostridia;o__Clostridiales;f__Clostridiaceae;g__Clostridium;s__Clostridium_phoceensis	k__Bacteria;p__Verrucomicrobia;c__Verrucomicrobiae;o__Verrucomicrobiales;f__Akkermansiaceae;g__Akkermansia;s__Akkermansia_muciniphila	k__Bacteria;p__Bacteroidetes;c__Bacteroidia;o__Bacteroidales;f__Prevotellaceae;g__Paraprevotella;s__Paraprevotella_xylaniphila	k__Bacteria;p__Firmicutes;c__Clostridia;o__Clostridiales;f__Ruminococcaceae;g__Ruminococcus;s__Ruminococcus_callidus	k__Bacteria;p__Bacteroidetes;c__Bacteroidia;o__Bacteroidales;f__Rikenellaceae;g__Alistipes;s__Alistipes_senegalensis	k__Bacteria;p__Firmicutes;c__Clostridia;o__Clostridiales;f__Lachnospiraceae;g__Blautia;s__Blautia_sp._KLE_1732	k__Bacteria;p__Bacteroidetes;c__Bacteroidia;o__Bacteroidales;f__Bacteroidaceae;g__Bacteroides;s__Bacteroides_oleiciplenus	k__Bacteria;p__Firmicutes;c__Clostridia;o__Clostridiales;f__Ruminococcaceae;g__Ruminococcus;s__Ruminococcus_bicirculans	k__Bacteria;p__Bacteroidetes;c__Bacteroidia;o__Bacteroidales;f__Bacteroidaceae;g__Bacteroides;s__Bacteroides_fluxus	k__Bacteria;p__Bacteroidetes;c__Bacteroidia;o__Bacteroidales;f__Prevotellaceae;g__Prevotella;s__Prevotella_stercorea	k__Bacteria;p__Firmicutes;c__Clostridia;o__Clostridiales;f__Lachnospiraceae;g__Dorea;s__Dorea_longicatena	k__Bacteria;p__Firmicutes;c__Clostridia;o__Clostridiales;f__Eubacteriaceae;g__Eubacterium;s__[Eubacterium]_eligens	k__Bacteria;p__Firmicutes;c__Clostridia;o__Clostridiales;f__Ruminococcaceae;g__;s__Ruminococcaceae_bacterium_D16	k__Bacteria;p__Firmicutes;c__Clostridia;o__Clostridiales;f__Lachnospiraceae;g__Coprococcus;s__Coprococcus_comes	k__Bacteria;p__Proteobacteria;c__Gammaproteobacteria;o__Enterobacterales;f__Enterobacteriaceae;g__Escherichia;s__Escherichia_coli	k__Bacteria;p__Firmicutes;c__Clostridia;o__Clostridiales;f__Ruminococcaceae;g__Anaerotruncus;s__Anaerotruncus_colihominis	k__Bacteria;p__Firmicutes;c__Clostridia;o__Clostridiales;f__Lachnospiraceae;g__Blautia;s__Blautia_obeum	k__Bacteria;p__Bacteroidetes;c__Bacteroidia;o__Bacteroidales;f__Odoribacteraceae;g__Odoribacter;s__Odoribacter_laneus	k__Bacteria;p__Firmicutes;c__Clostridia;o__Clostridiales;f__Ruminococcaceae;g__Ruminiclostridium;s__[Clostridium]_leptum	k__Bacteria;p__Bacteroidetes;c__Bacteroidia;o__Bacteroidales;f__Porphyromonadaceae;g__Parabacteroides;s__Parabacteroides_goldsteinii	k__Bacteria;p__Firmicutes;c__Clostridia;o__Clostridiales;f__Lachnospiraceae;g__Anaerostipes;s__Anaerostipes_hadrus	k__Bacteria;p__Firmicutes;c__Clostridia;o__Clostridiales;f__Ruminococcaceae;g__Ruminococcus;s__Ruminococcus_lactaris	k__Bacteria;p__Firmicutes;c__Clostridia;o__Clostridiales;f__Clostridiaceae;g__Clostridium;s__Clostridium_sp._L2-50	k__Bacteria;p__Firmicutes;c__Clostridia;o__Clostridiales;f__Clostridiaceae;g__Clostridium;s__Clostridium_sp._M62/1	k__Bacteria;p__Firmicutes;c__Clostridia;o__Clostridiales;f__;g__Intestinimonas;s__Intestinimonas_butyriciproducens	k__Bacteria;p__Actinobacteria;c__Actinobacteria;o__Bifidobacteriales;f__Bifidobacteriaceae;g__Bifidobacterium;s__Bifidobacterium_bifidum	k__Bacteria;p__Firmicutes;c__Negativicutes;o__Veillonellales;f__Veillonellaceae;g__Dialister;s__Dialister_invisus	k__Bacteria;p__Bacteroidetes;c__Bacteroidia;o__Bacteroidales;f__Bacteroidaceae;g__Bacteroides;s__Bacteroides_salanitronis
k__Bacteria;p__Bacteroidetes;c__Bacteroidia;o__Bacteroidales;f__Bacteroidaceae;g__Bacteroides;s__Bacteroides_vulgatus	1.0	-0.0593862638631	0.0382581522394	-0.0121675036709	-0.0145352772444	0.025420511219	-0.0467236823849	-0.0274420995729	-0.0047494564491	-0.07025911669	-0.0462171494175	0.00367785011452	-0.0387851180487	-0.0333602531451	0.0463531839922	-0.0316568718	-0.0999426922412	-0.0433420137034	-0.0310223721433	-0.00987188338386	-0.000156749715611	0.0103258536068	-0.00538855297588	-0.0540488593017	0.00301003249575	0.0147652907389	0.0226371611601	-0.0260476366581	-0.0133543780449	-0.0584797260299	0.00141135116257	0.00986039408055	0.0306649106328	-0.0263497176232	0.0432227838515	-0.0178615621151	0.0155224431658	0.0452102401385	-0.010014025717	0.0342637564434	-0.0428537064512	-0.00450287185386	0.00607199819256	0.0162433999365	-0.0424124608873	0.000962611269757	0.0968065816558	-0.00936559799721	-0.0090948334409	0.00273573765075	-0.0799189518492	0.0243957569518	-0.00829309739454	0.00841646360593	-0.0118301404241	-0.0117253260782	-0.0334381006672	0.0235622826389	-0.0118595108984
k__Bacteria;p__Bacteroidetes;c__Bacteroidia;o__Bacteroidales;f__Bacteroidaceae;g__Bacteroides;s__Bacteroides_uniformis	-0.0593862638631	1.0	0.012273632831	-0.0164315416633	0.08570450257	-0.027950084447	-0.0288980796167	-0.00300894357133	-0.0191291743514	0.0438584997782	-0.00401050565574	-0.0446018879747	0.000366667565516	-0.0225792431475	-0.0212315182133	-0.0174726844141	0.0464700763811	-0.0487280694005	-0.0129240527153	-0.00782278396369	-0.0306571925223	-0.0716770805625	-6.52404970263e-05	-0.0675761647439	0.0147562243193	-0.0463153505131	-0.0154894426368	-0.00929968715877	-0.00143965516292	-0.0622888345711	0.0129891978409	0.0274970525123	0.0126312160023	0.00493368394443	-0.0656605614573	0.00152958849117	0.0604976712679	-0.0156271497157	0.0105697446497	0.077431094418	-0.0274513640093	0.0197784723142	-0.0477344901376	0.00442890011353	-0.041434653772	0.00957896207838	-0.00238903646855	-0.0325524507437	-0.0332939871512	-0.0306764309467	0.0198471230965	0.0149244498702	0.0429260985494	0.00649328705435	-0.00586714427849	0.0522925569685	-0.0341641509448	0.0304193178364	-0.0404469478925
k__Bacteria;p__Bacteroidetes;c__Bacteroidia;o__Bacteroidales;f__Rikenellaceae;g__Alistipes;s__Alistipes_putredinis	0.0382581522394	0.012273632831	1.0	-0.00223133326729	0.000760102859698	-0.00137026262641	0.0661484825131	0.0190012366534	-0.00134965885438	0.0127826966842	-0.0555041750808	-0.0227320114925	-0.0213884291462	-0.0402673544614	-0.02088917958	-0.0394459369502	-0.105633977633	-0.00631682084643	-0.0509426279878	-0.0339095276129	-0.00430848610264	0.0175488385369	-0.00874729297657	-0.0491955355958	0.0122208891989	-0.0431641140099	0.0996175432529	-0.0478003170972	-0.0842625089909	0.0524348712784	0.0344827192958	-0.00996040765862	-0.0172705280215	0.0671915065007	0.0439003991849	0.06177545711	-0.0725671479827	-0.0252312919535	-0.0114851147715	0.013845118017	0.0111337248981	-0.0337652393084	0.0133483558367	0.0328685865624	0.00886928771327	0.0131620858519	-0.0155387114599	-0.103632262731	0.0207824147605	-0.0233194534113	-0.0201844425513	-0.0407311652957	-0.0400230874775	-0.0396025844854	-0.0403322385426	-0.0712583348816	-0.00873936203718	-0.0143915001022	0.0135118948617
k__Bacteria;p__Bacteroidetes;c__Bacteroidia;o__Bacteroidales;f__Prevotellaceae;g__Prevotella;s__Prevotella_copri	-0.0121675036709	-0.0164315416633	-0.00223133326729	1.0	0.0401854608579	-0.0171818676287	0.00321254397127	-0.0412276153739	0.0286263350084	0.00452201635319	-0.0335228146909	0.00478585721847	0.0159969618011	0.0430264890748	-0.0274645233467	-0.0208065065254	0.0645286963733	-0.0610987103635	-0.0438170922981	0.0282898940077	0.00452251092234	0.0210610237567	0.0228975852868	-0.031642403534	-0.0554339055113	0.00278605905645	0.0327393566914	-0.0373379861446	-0.0429072168391	0.0246820878617	-0.0109202904302	0.03671166681	-0.0800834201787	-0.0177953488405	-0.0294377011304	-0.0879104654895	-0.00678492101937	-0.0353231313715	-0.0251227360005	-0.0816031416147	-0.00157781416317	-0.0159824787407	-0.0100218432086	0.00288294160364	0.0246825134545	0.0112062433126	0.0184058045598	0.0791650181902	0.0164887454276	0.0414271193138	-0.00704096277853	0.00194581126443	-0.041258249369	-0.0628485829725	0.0185633479168	-0.0575922829482	-0.0557239898811	0.109790271447	-0.0648584440335
k__Bacteria;p__Bacteroidetes;c__Bacteroidia;o__Bacteroidales;f__Bacteroidaceae;g__Bacteroides;s__Bacteroides_stercoris	-0.0145352772444	0.08570450257	0.000760102859698	0.0401854608579	1.0	0.0126758223554	0.0160087008021	0.00196530082308	0.000390547376159	-0.000348039347542	-0.0283525552447	-0.0164543184693	0.0114613312999	-0.0237802270239	-0.0219040927119	-0.0946189126291	0.00570993528192	-0.0366305989092	0.0159412572013	-0.0244527124844	0.025639582046	0.0220449152471	0.0327124012589	0.0152469187872	0.0115003124196	-0.0522677437536	-0.0331239217433	-0.0129576846837	-0.00475262769389	-0.110205646438	0.0278390629965	0.00697328861026	-0.0353184785318	0.0111935988265	-0.023525399787	0.0394202681188	0.00254405731846	0.00346216483499	-0.0385610229688	-0.0584944236401	-0.0393377027305	-0.00441459820287	-0.069642248557	0.0285802939085	-0.00652606374204	-0.0789851195474	-0.0379968938851	0.0273655064016	0.0428829114	-0.0499990015223	-0.0366682544055	-0.0303099022332	-0.0210782205134	-0.0197181929641	-0.0554133659117	0.0264160155872	0.0141610559832	0.00459014753903	0.0686425268776
k__Bacteria;p__Bacteroidetes;c__Bacteroidia;o__Bacteroidales;f__Bacteroidaceae;g__Bacteroides;s__Bacteroides_ovatus	0.025420511219	-0.027950084447	-0.00137026262641	-0.0171818676287	0.0126758223554	1.0	-0.00700815202161	0.00497920348163	-0.0462005144514	-0.0517618911375	-0.02171799675	0.0443919390286	-0.0040402832132	-0.00620450998461	-0.0184044814407	-0.0126754818234	0.0576374921172	-0.0130905117059	-0.00477766638714	0.00503839907196	-0.00741997957862	-0.0302715939381	-0.0181684257877	0.02277936253	-0.055776934165	-0.00507784815406	-0.0224382151788	0.0271417226178	0.0379879359366	0.0245369828862	0.0124946565085	-0.0141526380465	-0.0276965290768	0.0376731983114	0.00217368809404	-0.0456578016474	0.0512132667893	-0.0623930127004	0.0443917437499	-0.0544466756004	-0.0508859322993	-0.0434497045972	-0.0214949434694	-0.0107603482775	-0.0191387840846	-0.0372329907413	0.00279004301297	0.0515243879226	0.0815731353437	0.0288700179961	-0.0547581378471	0.0142601835034	-0.0218291871661	0.0443123508175	-0.0300811775584	0.0357852897111	0.0399572627356	-0.0130456166672	-0.0102186708687
k__Bacteria;p__Bacteroidetes;c__Bacteroidia;o__Bacteroidales;f__Rikenellaceae;g__Alistipes;s__Alistipes_shahii	-0.0467236823849	-0.0288980796167	0.0661484825131	0.00321254397127	0.0160087008021	-0.00700815202161	1.0	0.0147432414117	-0.00393221758364	-0.0182161734968	-0.00334658993891	0.0206170654704	0.0413667205841	0.0592480240425	-0.00264181378405	0.00200418816389	-0.0573255563286	-0.0335656847611	-0.0288939061835	0.00376812439192	-0.00665829328771	-0.0264264669049	0.0418502223417	0.0409878188789	0.0110368588778	-0.03319902853	0.00204495702849	-0.0188193066228	0.022342681171	-0.00196244604269	-0.00859701393328	0.00411617146343	-0.0268376821053	-0.00194310409959	-0.0455659896436	-0.0172741903057	0.0441191784108	-0.0398204324543	-0.0409056020921	-0.030285296775	0.00607047477932	0.0443792034961	0.0506210662122	-0.0340216765424	0.0249077363231	-0.0256940178992	0.015928325647	-0.0758831430098	-0.0113769039641	0.00969176724239	-0.0337061629975	-0.00477603903207	-0.00576003107563	0.0260849824399	0.0587479069719	0.0412358352714	-0.0476455300021	-0.0194716363552	-0.0322556212608
k__Bacteria;p__Firmicutes;c__Clostridia;o__Clostridiales;f__Ruminococcaceae;g__Faecalibacterium;s__Faecalibacterium_prausnitzii	-0.0274420995729	-0.00300894357133	0.0190012366534	-0.0412276153739	0.00196530082308	0.00497920348163	0.0147432414117	1.0	-0.0230450819294	0.0274532601439	-0.0366333157351	-0.0176862972026	-0.00974804190404	0.00534921259523	-0.0388567326693	0.0354131427163	-0.0359811382598	-0.000371590538838	-0.0092302936839	0.0522179523575	0.00691793687679	-0.0512085090964	-0.0370697007425	0.0389761123334	-0.0121466864957	0.00255904553181	0.031683019381	-0.000498996840498	-0.041559050543	-0.033110508372	-0.0121362142875	0.038438157045	0.0357819718354	-0.025067901285	-0.0477718721705	-0.0237690300885	-0.0181842807743	0.0763114216844	0.00106602425946	0.0156597791351	-0.0390713989906	0.0118325324178	-0.0126935008086	-0.0434892147663	-0.0349458040402	0.0896204569849	0.0218258217623	0.00936371453448	0.0518200552993	0.0148503701633	0.034230383028	-0.0238561057109	-0.00647800189856	0.0392707920286	-0.0850819241065	-0.0146407524885	-0.003258117351	-0.023756766191	0.00521650497999
k__Bacteria;p__Bacteroidetes;c__Bacteroidia;o__Bacteroidales;f__Rikenellaceae;g__Alistipes;s__Alistipes_finegoldii	-0.0047494564491	-0.0191291743514	-0.00134965885438	0.0286263350084	0.000390547376159	-0.0462005144514	-0.00393221758364	-0.0230450819294	1.0	-0.0211258359912	-0.00954100160689	-0.0161918984764	0.0171120112169	0.00698948015172	-0.00809966732112	-0.0250132423677	-0.0430804150881	-0.00181501451042	-0.0084500849944	-0.0313691825316	-0.0419827551869	0.000640505969189	0.000341124340922	-0.0587222304524	0.043475609063	0.061883600854	0.0269901935593	-0.0343796048531	-0.043730604433	-0.0256600858686	-0.0353909962283	0.0319383416451	0.0080797791842	-0.00697513677142	0.0433630839322	-0.0544262009162	0.0101886067152	-0.0462483800502	-0.0644450847033	0.0349999260758	-0.0633649674552	-0.0746374103831	0.0384435340355	-0.0775070994644	-0.0619171891958	-0.0141028492498	-0.0153146034992	0.0414196039764	-0.00465284825895	0.0381858665078	0.0851366946882	0.0841373461328	-0.0196562135492	0.0202850045153	0.00930627678878	-0.0555409815618	0.0334501799741	-0.000847347852009	0.0111536090856
k__Bacteria;p__Bacteroidetes;c__Bacteroidia;o__Bacteroidales;f__Porphyromonadaceae;g__Parabacteroides;s__Parabacteroides_distasonis	-0.07025911669	0.0438584997782	0.0127826966842	0.00452201635319	-0.000348039347542	-0.0517618911375	-0.0182161734968	0.0274532601439	-0.0211258359912	1.0	-0.0125441157549	0.0597163737793	-0.0374018423622	0.00157068220033	-0.0217340969432	0.0161913798705	-0.00393114120949	-0.0282676078237	0.00334318658228	-0.0156958497489	0.00145710023686	-0.023137688018	-0.00951393351624	-0.00775787946169	-0.00600000232116	0.0231432891355	-0.0273623078688	0.0347327355812	0.0287174588887	-0.00283542533867	0.0536537309352	-0.0728276411311	-0.010244188032	-0.0374597773219	-0.075145685201	-0.0179926460626	-0.00617447803968	0.0261015932928	-0.00102083894696	0.000239293010642	-0.0724510562378	-0.0766102724058	-0.0752563914645	-0.0221800866368	-0.0316915896747	-0.028026271944	-0.0111307174443	0.0264735425119	0.0986902392164	-0.0201051983268	0.0197092092395	-0.025499012944	-0.0415310368241	-0.00495433531669	-7.51938064911e-05	-0.0391831535753	-0.0485512220819	0.0244506428482	0.0880917725029
k__Bacteria;p__Bacteroidetes;c__Bacteroidia;o__Bacteroidales;f__Bacteroidaceae;g__Bacteroides;s__Bacteroides_thetaiotaomicron	-0.0462171494175	-0.00401050565574	-0.0555041750808	-0.0335228146909	-0.0283525552447	-0.02171799675	-0.00334658993891	-0.0366333157351	-0.00954100160689	-0.0125441157549	1.0	-0.0123348242051	0.0238093318875	-0.0482125173949	-0.0109751291216	0.0350153627205	-0.011847361394	-0.0246207813398	-0.0109258452561	0.0327736920037	0.00239013108649	-0.0778545390725	0.012984582717	0.0176801552543	-0.0270728869699	-0.0137364483449	-0.0107578186179	0.0470142502268	0.0583359160016	0.00123342850571	0.0640313376798	0.0467080097967	-0.0162837295145	-0.00872547010577	0.0414622410766	-0.0105124080793	0.00421388064665	-0.0523349351522	-0.0134211939778	0.0526947074952	0.00163960722738	0.0298369830258	0.0185718220609	0.00418490372737	-0.0254058788263	-0.0202428636693	0.015188287012	-0.0256596222777	-0.04717193137	-0.0363230412927	-0.0333028528652	-0.0253975064263	-0.045509775745	-0.0430067313637	-0.0403910949502	0.0197007826424	-0.0480412097677	-0.0526760355808	0.039023729907
k__Bacteria;p__Bacteroidetes;c__Bacteroidia;o__Bacteroidales;f__Bacteroidaceae;g__Bacteroides;s__Bacteroides_coprocola	0.00367785011452	-0.0446018879747	-0.0227320114925	0.00478585721847	-0.0164543184693	0.0443919390286	0.0206170654704	-0.0176862972026	-0.0161918984764	0.0597163737793	-0.0123348242051	1.0	0.0118813800479	0.0103377015531	-0.00228251482491	0.0212751135636	-0.00613412691176	-0.0231776342671	0.0357484781255	0.075306013985	-0.0173019926956	-0.036593527679	0.0501538923566	-0.0527792720731	-0.00558075482955	0.00289223463169	-0.0487931590213	0.0351469588542	0.0031597504436	0.0299516639669	-0.0040441638598	-0.0565541298857	0.020977913951	0.0465701405203	-0.0664715256306	0.0269356137223	-0.019281467918	-0.0224070251003	-0.0392313156048	-0.0255175198631	-0.0310179899657	-0.0590953787947	0.0073433165136	0.0253089656091	0.00628356271929	-0.0342891040126	-0.0319819926938	-0.0594146231559	0.0195721496684	-0.0219573630192	-0.0159301746119	-0.00949322605112	-0.0191430653568	0.00663303634966	0.00934772288278	-0.0688155761324	-0.037032766009	-0.0318102615969	-0.00311424260796
k__Bacteria;p__Bacteroidetes;c__Bacteroidia;o__Bacteroidales;f__Bacteroidaceae;g__Bacteroides;s__Bacteroides_cellulosilyticus	-0.0387851180487	0.000366667565516	-0.0213884291462	0.0159969618011	0.0114613312999	-0.0040402832132	0.0413667205841	-0.00974804190404	0.0171120112169	-0.0374018423622	0.0238093318875	0.0118813800479	1.0	-0.0316878497778	0.0024583938868	0.00957432028419	0.049718611594	-0.00532346648555	-0.0432091354701	0.00612387394727	0.00219404522293	-0.07726132579	0.0326887929897	0.0104035026198	-0.0344824438218	0.0596628914004	-0.00569182501181	0.00857234599423	0.0367554893222	0.0485568958048	0.0114657853679	0.0362496989976	-0.0153240870054	0.00459694200883	-0.028158521046	-0.0637577924905	0.0071770296852	-0.0548853589044	0.041255112634	0.0384302442512	-0.0139279573844	-0.0660258945079	-0.057337526371	0.00610311429133	-0.00802745325551	0.00223897244358	-0.0608945454582	0.044748229772	-0.00576254970487	-0.0220450870656	-0.0396517556211	-0.0454658992391	0.0653124767892	0.0154015335153	-0.00341267287248	0.0183089300367	-0.0652315947433	0.0275306432389	-0.00440369735556
k__Bacteria;p__Bacteroidetes;c__Bacteroidia;o__Bacteroidales;f__Rikenellaceae;g__Alistipes;s__Alistipes_obesi	-0.0333602531451	-0.0225792431475	-0.0402673544614	0.0430264890748	-0.0237802270239	-0.00620450998461	0.0592480240425	0.00534921259523	0.00698948015172	0.00157068220033	-0.0482125173949	0.0103377015531	-0.0316878497778	1.0	-0.0176276918921	0.0576699399199	-0.0109337758888	-0.0116473663699	-0.0419704487312	0.0552654856694	-0.00522698816705	0.00364339903837	-0.02897228993	-0.0685810292555	-0.0325130662482	-0.025297700834	0.0421742520192	0.000426956109732	0.039947611473	-0.00118578570496	-0.0555977366095	-0.0886936536492	-0.0632365535286	-0.0042290006896	-0.0308104474414	-0.0297330324193	-0.0098786732244	0.0303577762575	-0.0631102623735	-0.047036598098	-0.00294253168696	0.000867884714711	0.0140135118661	-0.00422735269877	-0.0499923626097	-0.0541341993058	-0.0134104035807	-0.0122463512304	-0.0619370772958	-0.00513222087604	0.0281297601948	0.0194502743154	0.0160496791638	-0.0298120286314	-0.0536128938042	-0.0435278743481	-0.0020645881873	0.0336316309284	-0.0383877736401
k__Bacteria;p__Firmicutes;c__Clostridia;o__Clostridiales;f__Lachnospiraceae;g__;s__[Eubacterium]_rectale	0.0463531839922	-0.0212315182133	-0.02088917958	-0.0274645233467	-0.0219040927119	-0.0184044814407	-0.00264181378405	-0.0388567326693	-0.00809966732112	-0.0217340969432	-0.0109751291216	-0.00228251482491	0.0024583938868	-0.0176276918921	1.0	0.000586710654501	0.0571816687544	0.040295858285	0.0278647588898	-0.0342714941015	-0.0970233060076	-0.0290929248289	-0.0258123061527	0.0658572524565	0.0127624286544	0.0538845065618	-0.0523846856187	0.0213360998544	0.0150392193124	-0.0174092602426	-0.0594821996165	-0.0115767121137	-0.0365473665169	-0.00995843926741	0.0105556104565	0.0281266534234	-0.0365143799339	-0.021131751325	0.0153439016936	-0.0322705729816	0.0289795937191	-0.031843724655	0.0405911151952	-0.0325682026871	-0.0392114862291	-0.0216691541525	-0.0164316172393	-0.015281668466	-0.0105156977973	0.036348140265	-0.0128816741322	-0.0376923795101	-0.0368752941129	0.0266822369171	0.0311323789554	-0.00853915890841	0.0240282199199	0.101790675619	-0.00845390942371
k__Bacteria;p__Bacteroidetes;c__Bacteroidia;o__Bacteroidales;f__Bacteroidaceae;g__Bacteroides;s__Bacteroides_plebeius	-0.0316568718	-0.0174726844141	-0.0394459369502	-0.0208065065254	-0.0946189126291	-0.0126754818234	0.00200418816389	0.0354131427163	-0.0250132423677	0.0161913798705	0.0350153627205	0.0212751135636	0.00957432028419	0.0576699399199	0.000586710654501	1.0	-0.0115260303728	-0.0650557273703	-0.0121311946479	0.00209913672133	0.000767294375491	-0.0422071480748	-0.138951870888	-0.0176289080521	0.0452436374154	-0.00876070540857	-0.0210091922252	0.000127714505343	-0.0385302190174	-0.0301821650278	-0.0482029751201	-0.0287660086269	0.0283024057117	0.00832875680436	-0.00362604771013	-0.0172982041438	-0.0566915885306	-0.0555559454877	-0.0381520406	0.0388950216686	-0.00784845465439	-0.0342606060361	-0.0294158085241	0.00605249674438	0.0336183027434	-0.0149959401772	-0.00829727412515	-0.00141799346379	-0.0598284596008	0.00503652007111	-0.00377562948095	-0.00682808444051	0.0221859628691	-0.0182248357481	0.0317833916687	-0.0300228248761	0.0123734344692	-0.0077330343556	0.0103987517923
k__Bacteria;p__Bacteroidetes;c__Bacteroidia;o__Bacteroidales;f__Bacteroidaceae;g__Bacteroides;s__Bacteroides_fragilis	-0.0999426922412	0.0464700763811	-0.105633977633	0.0645286963733	0.00570993528192	0.0576374921172	-0.0573255563286	-0.0359811382598	-0.0430804150881	-0.00393114120949	-0.011847361394	-0.00613412691176	0.049718611594	-0.0109337758888	0.0571816687544	-0.0115260303728	1.0	-0.00202591767242	0.00631420709705	-0.00153031028964	-0.0148779294326	-0.0810964879153	-0.0507231426624	0.0042843620637	-0.0452875374457	0.0396924328305	0.00420079602357	-0.0228621892551	-0.0223800946503	-0.0234261013204	-0.0249024513052	-0.0277334218633	0.0116645657353	0.0521263891122	-0.0159782652245	0.0291690572947	0.0101517015094	-0.0127098184899	0.0236932153288	-0.0638323548318	-0.0137873003291	0.104522835221	0.0382412410916	-0.028855154034	-0.0509845681491	-0.0416921965973	-0.0700237939142	-0.0317479519983	0.0377648923957	-0.0295760339238	0.0296787842765	0.0338947244304	-0.00565405527084	-0.0259949595551	-0.0419044295717	-0.00592673759332	0.0189805493949	0.066465467007	-0.0458668063268
k__Bacteria;p__Proteobacteria;c__Betaproteobacteria;o__Burkholderiales;f__Sutterellaceae;g__Sutterella;s__Sutterella_wadsworthensis	-0.0433420137034	-0.0487280694005	-0.00631682084643	-0.0610987103635	-0.0366305989092	-0.0130905117059	-0.0335656847611	-0.000371590538838	-0.00181501451042	-0.0282676078237	-0.0246207813398	-0.0231776342671	-0.00532346648555	-0.0116473663699	0.040295858285	-0.0650557273703	-0.00202591767242	1.0	0.000845712761498	-0.060677615192	-0.00361455757757	0.0547437799379	-0.0520986817024	0.0346897099849	0.00261907548757	-0.0447536086264	0.0169462149579	-0.0392468485748	-0.0512607795749	-0.0488465311518	-0.01813498244	-0.0780383619696	0.0111052946229	-0.0386703187982	-0.0295477721723	0.00267872427151	0.0320523434413	0.00542666385661	-0.0821721578619	0.0113548642462	0.0075137179898	-0.0258136230325	0.0206719877951	0.000282451630073	-0.0440068784626	-0.013730105721	-0.0273462291078	0.102267424	0.0325519877462	0.0682772234517	-0.0126074480329	-0.00187026186702	0.0199522905244	-0.00179262456856	-0.0249003303117	-0.0206043499391	0.061884597916	-0.00620196987539	-0.0396723780283
k__Bacteria;p__Bacteroidetes;c__Bacteroidia;o__Bacteroidales;f__Porphyromonadaceae;g__Barnesiella;s__Barnesiella_intestinihominis	-0.0310223721433	-0.0129240527153	-0.0509426279878	-0.0438170922981	0.0159412572013	-0.00477766638714	-0.0288939061835	-0.0092302936839	-0.0084500849944	0.00334318658228	-0.0109258452561	0.0357484781255	-0.0432091354701	-0.0419704487312	0.0278647588898	-0.0121311946479	0.00631420709705	0.000845712761498	1.0	-0.0728468632506	-0.0575993221584	0.0178082249785	0.0242463478998	0.00933291420129	0.0620778352153	0.0442504919373	0.0403626899253	-0.0495446684705	-0.00802224125508	-0.0126486614329	-0.0756931104827	0.0141834645804	0.043676758481	-0.0556352972768	-0.0692399093421	-0.0593520378365	0.0219885802788	0.0330635580294	0.0765700272423	0.0129803394143	0.000239470257397	0.00539291233903	-0.0209941696313	0.0270129617764	0.0516708784459	-0.0393886418259	0.0709340182798	-0.0291924994265	0.0246301052432	-0.0164472004533	0.0069010985401	0.0700934819645	-0.0369989748303	-0.0151110518831	0.0211940311394	-0.0178517021742	-0.0249345842942	-0.0725168617904	0.00398246025742
k__Bacteria;p__Bacteroidetes;c__Bacteroidia;o__Bacteroidales;f__Odoribacteraceae;g__Odoribacter;s__Odoribacter_splanchnicus	-0.00987188338386	-0.00782278396369	-0.0339095276129	0.0282898940077	-0.0244527124844	0.00503839907196	0.00376812439192	0.0522179523575	-0.0313691825316	-0.0156958497489	0.0327736920037	0.075306013985	0.00612387394727	0.0552654856694	-0.0342714941015	0.00209913672133	-0.00153031028964	-0.060677615192	-0.0728468632506	1.0	-0.0256120657802	-0.0695473526305	-0.0118023400198	-0.0376927158669	-0.0255280974434	0.0190051657491	-0.0313585547351	-0.0140872851929	0.00957905731414	-0.000297594092266	-0.0343712810401	-0.0613271514304	0.0564979418693	-0.00418751502491	0.0431867081741	-0.000222422047308	0.05508332019	0.00748804887765	0.0081540711765	-0.0336356856908	0.0016913929782	0.0114005101796	-0.0263769261072	0.0205922132012	-0.0235883872781	-0.0591658051094	-0.0796332789264	0.0122365691108	-0.0775223426758	-0.0448789142211	-0.0898207416208	0.0148480536772	-0.0599444520582	-0.0236986164342	-0.0134107203538	0.0161769827664	-0.0577374243108	0.0203337642108	-0.0145482017859
k__Bacteria;p__Bacteroidetes;c__Bacteroidia;o__Bacteroidales;f__Bacteroidaceae;g__Bacteroides;s__Bacteroides_salyersiae	-0.000156749715611	-0.0306571925223	-0.00430848610264	0.00452251092234	0.025639582046	-0.00741997957862	-0.00665829328771	0.00691793687679	-0.0419827551869	0.00145710023686	0.00239013108649	-0.0173019926956	0.00219404522293	-0.00522698816705	-0.0970233060076	0.000767294375491	-0.0148779294326	-0.00361455757757	-0.0575993221584	-0.0256120657802	1.0	-0.0540511209526	0.0271184504477	-0.058138486363	0.0530618572424	0.0137432302168	0.0251458217695	-0.0236147686107	-0.00282771271952	-0.0582790193146	-0.00929699238571	0.0781165902911	-0.0156889984113	0.0401190425394	0.0389753388486	0.0132472884261	0.00828079624968	0.00328107918085	0.00438417229983	-0.128645066033	-0.0295255692438	0.000274051685716	0.0102419366545	-0.0608568437026	0.00976694882634	0.0277748101433	-0.0178602216229	0.0142420107797	-0.021814963091	-0.0516496453565	0.0202130446219	0.0106131434995	-0.0243550084604	0.0108484305514	-0.0141447486183	-0.00985929134178	-0.052053135638	-0.0282273561064	0.0238235722618
k__Bacteria;p__Firmicutes;c__Clostridia;o__Clostridiales;f__Ruminococcaceae;g__Ruminiclostridium;s__[Eubacterium]_siraeum	0.0103258536068	-0.0716770805625	0.0175488385369	0.0210610237567	0.0220449152471	-0.0302715939381	-0.0264264669049	-0.0512085090964	0.000640505969189	-0.023137688018	-0.0778545390725	-0.036593527679	-0.07726132579	0.00364339903837	-0.0290929248289	-0.0422071480748	-0.0810964879153	0.0547437799379	0.0178082249785	-0.0695473526305	-0.0540511209526	1.0	-0.019190978578	0.0209431372771	0.0454652245145	-0.0202569307178	0.0775742366184	-0.0335961473989	-0.0122523553029	-0.0296963266114	-0.0305707725841	-0.0205542302279	0.0452297221467	-0.0391137684654	0.0307280837918	-0.0103161242296	-0.0686317066549	-0.0333517800021	0.0400326497227	0.00655651707538	0.00837718708639	-0.00845789509989	0.0116439036664	-0.0419954663884	0.0210792679006	-0.00683585545396	0.0707182175318	-0.0626735643054	0.0340706558278	-0.00961856661342	0.0205486635341	0.0348858231848	0.00992527908771	0.033797215198	-0.027166333662	-0.062772068439	0.111355502176	-0.101732920597	-0.08431750449
k__Bacteria;p__Proteobacteria;c__Betaproteobacteria;o__Burkholderiales;f__Sutterellaceae;g__Parasutterella;s__Parasutterella_excrementihominis	-0.00538855297588	-6.52404970263e-05	-0.00874729297657	0.0228975852868	0.0327124012589	-0.0181684257877	0.0418502223417	-0.0370697007425	0.000341124340921	-0.00951393351624	0.012984582717	0.0501538923566	0.0326887929897	-0.02897228993	-0.0258123061527	-0.138951870888	-0.0507231426624	-0.0520986817024	0.0242463478998	-0.0118023400198	0.0271184504477	-0.019190978578	1.0	-0.0696712816348	0.0352976482397	-0.0383690487856	-0.011571956912	-0.0230522988508	0.02675462417	-0.0154341057876	-0.0395344705888	-0.00310125491658	0.0313863463103	-0.0618746401134	-0.00297295409284	-0.0301927796309	-0.0641981412797	0.0434444928981	-0.0521222194195	0.0489940013856	-0.0457053618555	0.0111911626211	-0.00389291784505	-0.02880783905	0.00360132499024	-0.0292696299886	0.0571753353097	-0.0690887659022	0.0577699846871	0.00426287037389	0.0166134798594	-0.0366864692886	0.049537051598	0.00206549985962	0.0129409110423	-0.0247114453037	0.00365623857965	0.0571547974686	-0.0390685335239
k__Bacteria;p__Actinobacteria;c__Actinobacteria;o__Bifidobacteriales;f__Bifidobacteriaceae;g__Bifidobacterium;s__Bifidobacterium_adolescentis	-0.0540488593017	-0.0675761647439	-0.0491955355958	-0.031642403534	0.0152469187872	0.02277936253	0.0409878188789	0.0389761123334	-0.0587222304524	-0.00775787946169	0.0176801552543	-0.0527792720731	0.0104035026198	-0.0685810292555	0.0658572524565	-0.0176289080521	0.0042843620637	0.0346897099849	0.00933291420129	-0.0376927158669	-0.058138486363	0.0209431372771	-0.0696712816348	1.0	-0.0186552137588	-0.0248251229583	-0.039902448347	0.113347690982	-0.0496887075696	0.0418575622639	0.0658550408499	0.000170541907807	-0.0614784986031	-0.0209175121767	0.0261966047022	0.0131572007332	-0.0327699331224	0.02486799644	-0.00926011031035	-0.0460314255637	0.0776250919492	0.0228536455756	0.0329154025278	-0.0281128400013	-0.05109737051	0.03779787495	-0.0178581631681	-0.0164832116756	0.0171312818473	-0.0082271927049	-0.0376761825094	-0.0845884838167	-0.00248225600224	0.0231087222679	0.0466459726616	-0.0190351840036	-0.100329709897	-0.00119665659433	0.0268147157602
k__Bacteria;p__Firmicutes;c__Clostridia;o__Clostridiales;f__Oscillospiraceae;g__Oscillibacter;s__Oscillibacter_sp._KLE_1745	0.00301003249575	0.0147562243193	0.0122208891989	-0.0554339055113	0.0115003124196	-0.055776934165	0.0110368588778	-0.0121466864957	0.043475609063	-0.00600000232116	-0.0270728869699	-0.00558075482955	-0.0344824438218	-0.0325130662482	0.0127624286544	0.0452436374154	-0.0452875374457	0.00261907548757	0.0620778352153	-0.0255280974434	0.0530618572424	0.0454652245145	0.0352976482397	-0.0186552137588	1.0	-0.0301649526095	-0.0623300590126	-0.0105264012652	0.0104969345123	-0.0130054000161	-0.0164602948139	-0.0177587467355	-0.0247198276453	-0.0329600295698	-0.0211650746379	-0.0367844018619	0.0241788698597	-0.0107510482212	-0.00539906145239	0.0479066304212	-0.0556568947379	-0.0156840417845	0.0199425692432	0.0458187580932	-0.00822338403176	-0.0224352435082	0.00884079301228	-0.0192223075696	-0.0150302662589	-0.0768364785543	-0.00546089156882	-0.00948513250398	-0.0923223218841	0.0186148615348	0.0330257644356	0.0329066609308	0.0578885208377	-0.0802920034121	0.00373494693188
k__Bacteria;p__Bacteroidetes;c__Bacteroidia;o__Bacteroidales;f__Bacteroidaceae;g__Bacteroides;s__Bacteroides_coprophilus	0.0147652907389	-0.0463153505131	-0.0431641140099	0.00278605905645	-0.0522677437536	-0.00507784815406	-0.03319902853	0.00255904553181	0.061883600854	0.0231432891355	-0.0137364483449	0.00289223463169	0.0596628914004	-0.025297700834	0.0538845065618	-0.00876070540857	0.0396924328305	-0.0447536086264	0.0442504919373	0.0190051657491	0.0137432302168	-0.0202569307178	-0.0383690487856	-0.0248251229583	-0.0301649526095	1.0	-0.00933996245259	0.062911102281	0.00785393996513	0.0252616381718	-0.0178967305535	0.0211048153058	-0.0518970047225	-0.0118722363701	0.0019081309952	-0.0844438996842	-0.0401163927876	-0.0125759020435	-0.0373843975945	-0.0520375481149	0.00399345660686	-0.00242885004321	-0.0279084311453	0.0349582152097	-0.036203277643	0.005447100262	-0.0118444484255	-0.0497395150376	-0.0106180275644	-0.0842670127758	0.0453747368601	-0.0379813903106	0.0163805673771	0.00668404313939	-0.0386552589904	-0.0413093277439	-0.0368140495225	0.0379700113723	-0.0190590275068
k__Bacteria;p__Firmicutes;c__Clostridia;o__Clostridiales;f__Lachnospiraceae;g__Roseburia;s__Roseburia_intestinalis	0.0226371611601	-0.0154894426368	0.0996175432529	0.0327393566914	-0.0331239217433	-0.0224382151788	0.00204495702849	0.031683019381	0.0269901935593	-0.0273623078688	-0.0107578186179	-0.0487931590213	-0.00569182501181	0.0421742520192	-0.0523846856187	-0.0210091922252	0.00420079602357	0.0169462149579	0.0403626899253	-0.0313585547351	0.0251458217695	0.0775742366184	-0.011571956912	-0.039902448347	-0.0623300590126	-0.00933996245259	1.0	-0.0789878547047	-0.0683601402807	0.0079003353021	-0.0685316643875	-0.0766969694601	0.00359610195094	0.027608217874	-0.0562506930096	0.0263709680634	0.022676586157	-0.00481421550086	-0.0707335392556	-0.0479855920269	0.00504611303393	0.012865703889	0.00589186442773	-0.046547355187	0.0331816270618	-0.0148105504481	0.0610516640586	0.021585126908	0.0209168823308	0.0107010986378	-0.0658865827703	-0.0385098676215	-0.0196992547312	-0.0275467934395	-0.0217797551055	0.0131756218467	-0.0326409029013	0.0373681160409	0.0157033346217
k__Bacteria;p__Firmicutes;c__Clostridia;o__Clostridiales;f__Lachnospiraceae;g__Roseburia;s__Roseburia_hominis	-0.0260476366581	-0.00929968715877	-0.0478003170972	-0.0373379861446	-0.0129576846837	0.0271417226178	-0.0188193066228	-0.000498996840498	-0.0343796048531	0.0347327355812	0.0470142502268	0.0351469588542	0.00857234599423	0.000426956109732	0.0213360998544	0.000127714505343	-0.0228621892551	-0.0392468485748	-0.0495446684705	-0.0140872851929	-0.0236147686107	-0.0335961473989	-0.0230522988508	0.113347690982	-0.0105264012652	0.062911102281	-0.0789878547047	1.0	0.0030367255034	0.0164000014555	-0.0377434921815	-0.0583750350826	-0.0169047155273	-0.0473866603393	-0.0190789532428	-0.0621267715497	0.0139237923702	0.00516469857388	-0.0193965125628	0.000441633490422	0.00164946329934	0.0133659786907	-0.059571937213	0.0561628772061	-0.0356602757029	0.0308219111284	-0.0808791553616	-0.0173303066986	0.029763804151	-0.00283230843531	-0.0203336792203	-0.0560339200297	-0.029157275562	-0.0344006982447	-0.0433012924498	-0.00491354554323	-0.0585050042823	-0.0259868194442	-0.00597418091342
k__Bacteria;p__Bacteroidetes;c__Bacteroidia;o__Bacteroidales;f__Porphyromonadaceae;g__Parabacteroides;s__Parabacteroides_johnsonii	-0.0133543780449	-0.00143965516292	-0.0842625089909	-0.0429072168391	-0.00475262769389	0.0379879359366	0.022342681171	-0.041559050543	-0.043730604433	0.0287174588887	0.0583359160016	0.0031597504436	0.0367554893222	0.039947611473	0.0150392193124	-0.0385302190174	-0.0223800946503	-0.0512607795749	-0.00802224125508	0.00957905731414	-0.00282771271952	-0.0122523553029	0.02675462417	-0.0496887075696	0.0104969345123	0.00785393996513	-0.0683601402807	0.0030367255034	1.0	-0.0631232810197	0.0273309932761	-0.00678832574631	-0.0265714028026	0.00383239309419	-0.0898974677911	0.0203397314505	-0.0327712150204	-0.0125897490489	-0.0254905521117	0.0789633704746	-0.00468904003036	-0.0314488827144	0.00745389822306	-0.0280825541067	-0.114954963413	-0.0293574395626	-0.0485256645726	0.00391840024082	-0.00663079082514	0.0285168173255	-0.010759535916	-0.0269125562471	0.0413331711913	-0.0517095413229	-0.0377422925366	0.0640275675927	0.00769999514506	-0.0344408072385	-0.055019279678
k__Bacteria;p__Actinobacteria;c__Actinobacteria;o__Bifidobacteriales;f__Bifidobacteriaceae;g__Bifidobacterium;s__Bifidobacterium_longum	-0.0584797260299	-0.0622888345711	0.0524348712784	0.0246820878617	-0.110205646438	0.0245369828862	-0.00196244604269	-0.033110508372	-0.0256600858686	-0.00283542533867	0.00123342850571	0.0299516639669	0.0485568958048	-0.00118578570496	-0.0174092602426	-0.0301821650278	-0.0234261013204	-0.0488465311518	-0.0126486614329	-0.000297594092266	-0.0582790193146	-0.0296963266114	-0.0154341057876	0.0418575622639	-0.0130054000161	0.0252616381718	0.0079003353021	0.0164000014555	-0.0631232810197	1.0	-0.0628045225511	-0.0651226377309	-0.0133532592258	0.0209923087601	-0.0182185578486	0.0228039714055	-0.024916869409	0.0354666806863	0.0409630279434	0.00624974139864	0.0213497418266	-0.0481156357479	0.0553775713466	-0.020144837256	0.0191548936341	-0.0437793404131	-0.0349213929142	-0.0108465032969	0.0446475971643	-0.0838486185303	-0.0306581425158	-0.0283678540795	-0.0381458605976	-0.0437115165253	-0.0681812007991	0.027291459824	0.0147638633402	-0.0459840963061	0.00324898462087
