#taxonomy	k__Bacteria;p__Bacteroidetes;c__Bacteroidia;o__Bacteroidales;f__Bacteroidaceae;g__Bacteroides;s__Bacteroides_vulgatus	k__Bacteria;p__Bacteroidetes;c__Bacteroidia;o__Bacteroidales;f__Bacteroidaceae;g__Bacteroides;s__Bacteroides_uniformis	k__Bacteria;p__Bacteroidetes;c__Bacteroidia;o__Bacteroidales;f__Rikenellaceae;g__Alistipes;s__Alistipes_putredinis	k__Bacteria;p__Bacteroidetes;c__Bacteroidia;o__Bacteroidales;f__Prevotellaceae;g__Prevotella;s__Prevotella_copri	k__Bacteria;p__Bacteroidetes;c__Bacteroidia;o__Bacteroidales;f__Bacteroidaceae;g__Bacteroides;s__Bacteroides_stercoris	k__Bacteria;p__Bacteroidetes;c__Bacteroidia;o__Bacteroidales;f__Bacteroidaceae;g__Bacteroides;s__Bacteroides_ovatus	k__Bacteria;p__Bacteroidetes;c__Bacteroidia;o__Bacteroidales;f__Rikenellaceae;g__Alistipes;s__Alistipes_shahii	k__Bacteria;p__Firmicutes;c__Clostridia;o__Clostridiales;f__Ruminococcaceae;g__Faecalibacterium;s__Faecalibacterium_prausnitzii	k__Bacteria;p__Bacteroidetes;c__Bacteroidia;o__Bacteroidales;f__Rikenellaceae;g__Alistipes;s__Alistipes_finegoldii	k__Bacteria;p__Bacteroidetes;c__Bacteroidia;o__Bacteroidales;f__Porphyromonadaceae;g__Parabacteroides;s__Parabacteroides_distasonis	k__Bacteria;p__Bacteroidetes;c__Bacteroidia;o__Bacteroidales;f__Bacteroidaceae;g__Bacteroides;s__Bacteroides_thetaiotaomicron	k__Bacteria;p__Bacteroidetes;c__Bacteroidia;o__Bacteroidales;f__Bacteroidaceae;g__Bacteroides;s__Bacteroides_coprocola	k__Bacteria;p__Bacteroidetes;c__Bacteroidia;o__Bacteroidales;f__Bacteroidaceae;g__Bacteroides;s__Bacteroides_cellulosilyticus	k__Bacteria;p__Bacteroidetes;c__Bacteroidia;o__Bacteroidales;f__Rikenellaceae;g__Alistipes;s__Alistipes_obesi	k__Bacteria;p__Firmicutes;c__Clostridia;o__Clostridiales;f__Lachnospiraceae;g__;s__[Eubacterium]_rectale	k__Bacteria;p__Bacteroidetes;c__Bacteroidia;o__Bacteroidales;f__Bacteroidaceae;g__Bacteroides;s__Bacteroides_plebeius	k__Bacteria;p__Bacteroidetes;c__Bacteroidia;o__Bacteroidales;f__Bacteroidaceae;g__Bacteroides;s__Bacteroides_fragilis	k__Bacteria;p__Proteobacteria;c__Betaproteobacteria;o__Burkholderiales;f__Sutterellaceae;g__Sutterella;s__Sutterella_wadsworthensis	k__Bacteria;p__Bacteroidetes;c__Bacteroidia;o__Bacteroidales;f__Porphyromonadaceae;g__Barnesiella;s__Barnesiella_intestinihominis	k__Bacteria;p__Bacteroidetes;c__Bacteroidia;o__Bacteroidales;f__Odoribacteraceae;g__Odoribacter;s__Odoribacter_splanchnicus	k__Bacteria;p__Bacteroidetes;c__Bacteroidia;o__Bacteroidales;f__Bacteroidaceae;g__Bacteroides;s__Bacteroides_salyersiae	k__Bacteria;p__Firmicutes;c__Clostridia;o__Clostridiales;f__Ruminococcaceae;g__Ruminiclostridium;s__[Eubacterium]_siraeum	k__Bacteria;p__Proteobacteria;c__Betaproteobacteria;o__Burkholderiales;f__Sutterellaceae;g__Parasutterella;s__Parasutterella_excrementihominis	k__Bacteria;p__Actinobacteria;c__Actinobacteria;o__Bifidobacteriales;f__Bifidobacteriaceae;g__Bifidobacterium;s__Bifidobacterium_adolescentis	k__Bacteria;p__Firmicutes;c__Clostridia;o__Clostridiales;f__Oscillospiraceae;g__Oscillibacter;s__Oscillibacter_sp._KLE_1745	k__Bacteria;p__Bacteroidetes;c__Bacteroidia;o__Bacteroidales;f__Bacteroidaceae;g__Bacteroides;s__Bacteroides_coprophilus	k__Bacteria;p__Firmicutes;c__Clostridia;o__Clostridiales;f__Lachnospiraceae;g__Roseburia;s__Roseburia_intestinalis	k__Bacteria;p__Firmicutes;c__Clostridia;o__Clostridiales;f__Lachnospiraceae;g__Roseburia;s__Roseburia_hominis	k__Bacteria;p__Bacteroidetes;c__Bacteroidia;o__Bacteroidales;f__Porphyromonadaceae;g__Parabacteroides;s__Parabacteroides_johnsonii	k__Bacteria;p__Actinobacteria;c__Actinobacteria;o__Bifidobacteriales;f__Bifidobacteriaceae;g__Bifidobacterium;s__Bifidobacterium_longum	k__Bacteria;p__Firmicutes;c__Clostridia;o__Clostridiales;f__;g__Flavonifractor;s__Flavonifractor_plautii	k__Bacteria;p__Firmicutes;c__Clostridia;o__Clostridiales;f__Clostridiaceae;g__Clostridium;s__Clostridium_phoceensis	k__Bacteria;p__Verrucomicrobia;c__Verrucomicrobiae;o__Verrucomicrobiales;f__Akkermansiaceae;g__Akkermansia;s__Akkermansia_muciniphila	k__Bacteria;p__Bacteroidetes;c__Bacteroidia;o__Bacteroidales;f__Prevotellaceae;g__Paraprevotella;s__Paraprevotella_xylaniphila	k__Bacteria;p__Firmicutes;c__Clostridia;o__Clostridiales;f__Ruminococcaceae;g__Ruminococcus;s__Ruminococcus_callidus	k__Bacteria;p__Bacteroidetes;c__Bacteroidia;o__Bacteroidales;f__Rikenellaceae;g__Alistipes;s__Alistipes_senegalensis	k__Bacteria;p__Firmicutes;c__Clostridia;o__Clostridiales;f__Lachnospiraceae;g__Blautia;s__Blautia_sp._KLE_1732	k__Bacteria;p__Bacteroidetes;c__Bacteroidia;o__Bacteroidales;f__Bacteroidaceae;g__Bacteroides;s__Bacteroides_oleiciplenus	k__Bacteria;p__Firmicutes;c__Clostridia;o__Clostridiales;f__Ruminococcaceae;g__Ruminococcus;s__Ruminococcus_bicirculans	k__Bacteria;p__Bacteroidetes;c__Bacteroidia;o__Bacteroidales;f__Bacteroidaceae;g__Bacteroides;s__Bacteroides_fluxus	k__Bacteria;p__Bacteroidetes;c__Bacteroidia;o__Bacteroidales;f__Prevotellaceae;g__Prevotella;s__Prevotella_stercorea	k__Bacteria;p__Firmicutes;c__Clostridia;o__Clostridiales;f__Lachnospiraceae;g__Dorea;s__Dorea_longicatena	k__Bacteria;p__Firmicutes;c__Clostridia;o__Clostridiales;f__Eubacteriaceae;g__Eubacterium;s__[Eubacterium]_eligens	k__Bacteria;p__Firmicutes;c__Clostridia;o__Clostridiales;f__Ruminococcaceae;g__;s__Ruminococcaceae_bacterium_D16	k__Bacteria;p__Firmicutes;c__Clostridia;o__Clostridiales;f__Lachnospiraceae;g__Coprococcus;s__Coprococcus_comes	k__Bacteria;p__Proteobacteria;c__Gammaproteobacteria;o__Enterobacterales;f__Enterobacteriaceae;g__Escherichia;s__Escherichia_coli	k__Bacteria;p__Firmicutes;c__Clostridia;o__Clostridiales;f__Ruminococcaceae;g__Anaerotruncus;s__Anaerotruncus_colihominis	k__Bacteria;p__Firmicutes;c__Clostridia;o__Clostridiales;f__Lachnospiraceae;g__Blautia;s__Blautia_obeum	k__Bacteria;p__Bacteroidetes;c__Bacteroidia;o__Bacteroidales;f__Odoribacteraceae;g__Odoribacter;s__Odoribacter_laneus	k__Bacteria;p__Firmicutes;c__Clostridia;o__Clostridiales;f__Ruminococcaceae;g__Ruminiclostridium;s__[Clostridium]_leptum	k__Bacteria;p__Bacteroidetes;c__Bacteroidia;o__Bacteroidales;f__Porphyromonadaceae;g__Parabacteroides;s__Parabacteroides_goldsteinii	k__Bacteria;p__Firmicutes;c__Clostridia;o__Clostridiales;f__Lachnospiraceae;g__Anaerostipes;s__Anaerostipes_hadrus	k__Bacteria;p__Firmicutes;c__Clostridia;o__Clostridiales;f__Ruminococcaceae;g__Ruminococcus;s__Ruminococcus_lactaris	k__Bacteria;p__Firmicutes;c__Clostridia;o__Clostridiales;f__Clostridiaceae;g__Clostridium;s__Clostridium_sp._L2-50	k__Bacteria;p__Firmicutes;c__Clostridia;o__Clostridiales;f__Clostridiaceae;g__Clostridium;s__Clostridium_sp._M62/1	k__Bacteria;p__Firmicutes;c__Clostridia;o__Clostridiales;f__;g__Intestinimonas;s__Intestinimonas_butyriciproducens	k__Bacteria;p__Actinobacteria;c__Actinobacteria;o__Bifidobacteriales;f__Bifidobacteriaceae;g__Bifidobacterium;s__Bifidobacterium_bifidum	k__Bacteria;p__Firmicutes;c__Negativicutes;o__Veillonellales;f__Veillonellaceae;g__Dialister;s__Dialister_invisus	k__Bacteria;p__Bacteroidetes;c__Bacteroidia;o__Bacteroidales;f__Bacteroidaceae;g__Bacteroides;s__Bacteroides_salanitronis
k__Bacteria;p__Bacteroidetes;c__Bacteroidia;o__Bacteroidales;f__Bacteroidaceae;g__Bacteroides;s__Bacteroides_vulgatus	1.0	-0.00940824464127	-0.0345331147845	0.0255437690641	-0.0665394486601	-0.027611149573	-0.00652641072037	0.0981351486435	0.00598478360965	0.0309340527202	-0.0270132524417	0.00581120360827	-0.00427642611751	-0.0300183107615	-0.028998926296	-0.0239735428875	-0.00048837422455	0.0345952314475	-0.000400507993177	-0.0497280562139	-0.0510740135083	0.0247177368622	-0.0489954890157	-0.0109562884412	-0.0337735958908	-0.0140881914621	-0.0106317735936	-0.0591917672965	0.0642669702743	0.0190347104082	-0.00908532446223	0.0361958712788	-0.0641547585527	0.0117314057421	0.016667116017	-0.0874190758995	-0.0581670120759	0.0467002510879	-0.0231324140271	0.0420060678703	-0.0712433424564	0.0978365737086	-0.0292673158096	-0.0305602420908	-0.0275054263263	-0.0172500734306	0.00739955005296	-0.0164826710902	0.0222174697339	0.0641503005925	0.0459408220442	-0.0483045898991	0.0271187263811	-1.28928053505e-05	-0.0095662053603	-0.0647519499632	-0.0411241419542	-0.0094750021121	-0.0293960377873
k__Bacteria;p__Bacteroidetes;c__Bacteroidia;o__Bacteroidales;f__Bacteroidaceae;g__Bacteroides;s__Bacteroides_uniformis	-0.00940824464127	1.0	0.0427577737975	-0.0694257960352	-0.0592558359711	0.00972836713164	-0.111287663659	-0.109771821854	-0.0503098210455	-0.0376169283057	-0.0362452935658	0.0265562405255	-0.0666455243633	-0.0138052070713	0.0141701307696	0.0139904266834	0.050398353572	-0.0265636714748	0.0609607341653	-0.0168414355327	-0.0136470734733	0.0184463303392	0.0354367732411	0.0514297001109	0.0100977920135	0.0346530419682	-0.000858050910041	-0.051468733535	-0.0188421827492	-0.0517780689338	0.0147504992226	-0.00372876198245	-0.0199691223984	-0.0415736970323	-0.0747204545228	0.102409273138	0.0231248993067	-0.0259836446331	0.00956947850625	-0.0120441249835	-0.0261082488349	0.00839587511076	0.0346736901083	-0.0475571716314	0.00915547886763	-0.00572535642975	-0.027114516035	-0.00705258995674	-0.0251007837197	-0.00639033928832	-0.0140096347076	-0.0072587039752	0.0410452308401	-0.00551456830048	0.015047187402	-0.0336908536325	0.00967624265069	0.0085164160355	-0.0119082827728
k__Bacteria;p__Bacteroidetes;c__Bacteroidia;o__Bacteroidales;f__Rikenellaceae;g__Alistipes;s__Alistipes_putredinis	-0.0345331147845	0.0427577737975	1.0	-0.0293024440437	-0.0661588550168	-0.0278459782878	0.0277093026536	0.0285510686375	-0.0314303190366	-0.0250657338973	0.0152420002575	-0.0352964033651	-0.0911919021182	0.0160633475888	-0.0312593927796	-0.00142665960098	-0.0261257972499	-0.011214614462	-0.00582188495599	0.0720591422311	0.0212710782884	0.0367614447772	-0.0559589224042	-0.0452971418553	0.0399000677971	-0.0162437906078	0.0667192263001	-0.0133586055221	-0.0320321247965	0.0242966305416	0.0814529591287	-0.0328309249885	0.0267011478443	-0.0112001191163	-0.0109725524924	-0.01919792686	-0.00284085022999	0.0420076638472	0.0219593401789	-0.0690476808665	-0.0117131539474	-0.0500160665522	0.050469280853	-0.0198148757319	-0.00114679279657	-0.0307372670684	-0.000368385363157	-0.0411830056114	-0.027445580815	-0.0249717282576	-0.0857293864778	-0.00912945555565	-0.00109007696792	-0.0373594257225	-0.0634402627566	0.00960552714086	-0.0156913660282	-0.00856251236697	-0.0295880931879
k__Bacteria;p__Bacteroidetes;c__Bacteroidia;o__Bacteroidales;f__Prevotellaceae;g__Prevotella;s__Prevotella_copri	0.0255437690641	-0.0694257960352	-0.0293024440437	1.0	0.0238625945915	-0.0319705854297	0.0177348556199	-0.0413594346044	0.0150685926653	-0.0440038628818	-0.0442908353337	-0.0518327844241	-0.0693782599708	-0.0152018502813	-0.0192351825852	-0.0362560860998	0.0180652233036	0.0547646559317	-0.0755172481652	-0.0775145910049	0.0303043736726	0.0373034413049	-0.0335564902246	0.0353383378598	0.0271589245328	0.0319839823573	-0.0111212901856	0.0152356293577	0.0247683903686	0.0143415119728	-0.0474509159839	-0.0193622778378	-0.0738755225534	0.0511360625319	-0.0307706112059	-0.0208901857422	0.025467338012	0.0204614891786	-0.00413555962146	0.037681703755	0.0190435211636	-0.0485873890219	0.0268020164099	-0.034260058094	-0.0435181939882	-0.0510704290069	0.0241381926692	-0.0122269429839	-0.048730138151	-0.00695626649287	-0.0139263979943	-0.04443020186	-0.0489552678775	0.00629345606938	0.0257406984197	0.0265213332411	0.000623437877707	-0.0569422712614	0.0158078390083
k__Bacteria;p__Bacteroidetes;c__Bacteroidia;o__Bacteroidales;f__Bacteroidaceae;g__Bacteroides;s__Bacteroides_stercoris	-0.0665394486601	-0.0592558359711	-0.0661588550168	0.0238625945915	1.0	-0.0687063746399	-0.0251520070556	0.00530246491853	-0.0618397282781	-0.0202022500861	0.0642781500454	0.0169022855371	0.0196409972648	0.032453760746	-0.0323508045116	0.032254674239	-0.0435162966925	0.0257809415934	0.0334044572713	-0.0219686537933	-0.0193649961412	-0.0499362448123	0.0284614393262	0.014720234767	-0.0243117954516	-0.0572787015528	0.0330685185551	-0.0132550257605	-0.059855695964	0.0373277621711	0.0389202338273	0.030674958808	-0.0234393908909	-0.0678871791528	0.0366361155878	0.00299329433332	0.0435105315691	-0.0224850028492	0.00175899953828	0.0132608451593	0.0235020995216	0.00349912753019	-0.0335262257837	-0.0310741570808	0.00509583669716	-0.0491095916831	0.00871866288755	0.0128140016791	-0.0469642553926	-0.0115651218857	-0.0205386871914	-0.0491455441568	0.0419711204047	-0.0190242785876	0.0174184993523	-0.016748174187	-0.0136313602561	0.00900867838761	-0.0568495849368
k__Bacteria;p__Bacteroidetes;c__Bacteroidia;o__Bacteroidales;f__Bacteroidaceae;g__Bacteroides;s__Bacteroides_ovatus	-0.027611149573	0.00972836713164	-0.0278459782878	-0.0319705854297	-0.0687063746399	1.0	-0.090371553212	-0.0244317578252	-0.0137146101278	-0.00172249399225	0.0353495211272	-0.0351993325373	-0.0321031775479	-0.0482807224941	0.00438897364692	-0.0455893962248	0.00240243770571	-0.00913179204295	0.0386257083736	0.0431453483837	0.0214365606317	-0.0187331976205	0.0276414347927	0.082672561216	0.0201128337611	-0.0142495712547	-0.00920646877437	-0.0206362430631	0.0446469546951	0.0678494012802	0.0302132250031	-0.0656068701911	0.016639573477	0.00079179156544	-0.0239575245277	-0.0713249528124	0.00406147772161	-0.0254500230295	-0.0177119306455	-0.0603611292709	-0.0442061349134	0.0344732698482	-0.0647821998937	0.0133823530669	-0.014263607917	0.013129493609	-0.0512499393086	-0.0424637129884	-0.00663097334342	-0.0440505474725	0.047683020791	-0.0266620195698	-0.0388995878863	0.0391113467917	-0.0199964110874	-0.0561329670456	-0.0298915493007	0.0227111217582	0.0498615590417
k__Bacteria;p__Bacteroidetes;c__Bacteroidia;o__Bacteroidales;f__Rikenellaceae;g__Alistipes;s__Alistipes_shahii	-0.00652641072037	-0.111287663659	0.0277093026536	0.0177348556199	-0.0251520070556	-0.090371553212	1.0	0.00337069668917	0.0517660453799	-0.00843736684738	-0.0137205250817	-0.0311335855256	0.0381834958437	0.00132383090155	-0.0238426997323	0.0377734857703	-0.0020758670433	-0.0506111414284	-0.00285685578456	0.040380203481	0.00709154650167	0.0462263805994	-0.0366168424768	0.0330494164382	-0.0464228248432	0.00263878583228	-0.0605653179432	-0.0402529903335	-0.0383006640764	-0.0422552179312	0.0236128370717	-0.0425915077718	0.00589434836533	0.00035541426977	-0.0234399029918	0.0464900830802	0.0210247395857	-0.0886865026332	-0.00416531146584	0.036627491715	-0.0463151653558	-0.0393860089099	-0.0395724679439	0.0171837236663	-0.0486457015237	-0.028891187487	0.0407992199853	-0.00806145259271	-0.0593918137029	0.0076545579383	0.0205695286499	0.048307466108	0.0128886253306	0.0220349779626	-0.0313617837774	0.042672481867	0.0478982202377	0.0516367443467	-0.00303060204366
k__Bacteria;p__Firmicutes;c__Clostridia;o__Clostridiales;f__Ruminococcaceae;g__Faecalibacterium;s__Faecalibacterium_prausnitzii	0.0981351486435	-0.109771821854	0.0285510686375	-0.0413594346044	0.00530246491853	-0.0244317578252	0.00337069668917	1.0	0.0483422556387	0.0133627390419	0.0191463597236	0.00348786405559	0.0205086725723	-0.0491913800748	-0.0595903410875	-0.0070696854935	-0.0243659297984	-0.00449706052772	-0.0598070884726	-0.0606312195779	-0.00194204095522	0.0127592094904	-0.0389712594569	-0.0662432424592	-0.0519584818959	0.0339494692459	0.0495024477042	0.0177469819032	0.0193887216307	-0.0215916273968	0.0135460840262	-0.00882280533113	-0.0597829778824	-0.0354731631764	0.0523520000602	0.0476565334099	0.0417429211699	-0.0352043384358	-0.02336220424	-0.0187365738685	-0.00665345565936	0.0270358851279	-0.0165442675702	0.0360832219146	0.0240672703911	-0.0335264785846	0.0051862912224	0.00689637657255	-0.0100704626759	0.0485623082304	-0.00104327455524	-0.0124336455551	-0.00987754014695	0.0362356521875	0.08026795787	0.0261063596875	0.051909406149	0.0369054723543	-0.0544472595309
k__Bacteria;p__Bacteroidetes;c__Bacteroidia;o__Bacteroidales;f__Rikenellaceae;g__Alistipes;s__Alistipes_finegoldii	0.00598478360965	-0.0503098210455	-0.0314303190366	0.0150685926653	-0.0618397282781	-0.0137146101278	0.0517660453799	0.0483422556387	1.0	-0.0459623709248	0.0284034855985	0.00209201282038	0.0259508178625	0.0615565909452	-0.0291781616215	-0.0204752308481	-0.00355131404513	-0.0436531063088	0.0313488931533	-0.0233715270597	0.00512811142441	-0.0988435970356	-0.0778709199627	-0.0749899032881	0.00906607319566	-0.0310751167943	-0.023978403896	0.023717817583	-0.0176800677788	-0.0253752277984	0.0259793188188	-0.0389990609128	0.0359040252759	0.0177999094756	-0.0250726018243	0.0274305667702	-0.0935270937628	0.0700325163191	-0.0203335262042	0.0367982782908	0.0199716139242	0.0174439507843	-0.0351528070456	-0.0231395419554	-0.023474591966	0.0174190785251	0.0345452149008	-0.0590814033842	-0.0195254213032	0.0225075950191	-0.0185049975477	-0.0426007373693	-0.0201464720406	0.0218551259356	-0.015230200893	0.0456705973309	-0.0444172256685	0.0120835121165	0.019756565095
k__Bacteria;p__Bacteroidetes;c__Bacteroidia;o__Bacteroidales;f__Porphyromonadaceae;g__Parabacteroides;s__Parabacteroides_distasonis	0.0309340527202	-0.0376169283057	-0.0250657338973	-0.0440038628818	-0.0202022500861	-0.00172249399225	-0.00843736684738	0.0133627390419	-0.0459623709248	1.0	-0.0112542395446	-0.0152750313254	0.0664224065534	0.00584167175688	0.0212050828231	0.00223168469603	-0.0227834256454	0.000654281283669	0.0202130177496	-0.011768944761	-0.0561853241044	-0.0369285582827	-0.0349700195632	-0.0350505008847	-0.0374801154282	-0.0620184340462	0.039972599164	-0.0234281148166	-0.0193910154401	-0.0230154032804	-0.0628105281516	0.00428031130535	-0.00850270857444	-0.0314760424795	-0.013985960817	-0.00782560203593	0.0883343138251	0.0332201973962	0.00910617762988	-0.0334988506883	-0.0138444318994	-0.038498901886	-0.0620327692127	-0.00287127655699	0.0222052925902	-0.0556895017187	-0.00461036503577	-0.0360604252578	0.00173726060976	-0.0116130510737	0.0170736943486	0.0101278607393	0.0388603372495	-0.0236090271735	-0.021996364572	-0.0160307398677	0.0491615976706	0.027373901604	-0.0149877564991
k__Bacteria;p__Bacteroidetes;c__Bacteroidia;o__Bacteroidales;f__Bacteroidaceae;g__Bacteroides;s__Bacteroides_thetaiotaomicron	-0.0270132524417	-0.0362452935658	0.0152420002575	-0.0442908353337	0.0642781500454	0.0353495211272	-0.0137205250817	0.0191463597236	0.0284034855985	-0.0112542395446	1.0	0.0499153882317	0.00329377688118	0.0257188537982	0.00497926087138	0.0146879163615	-0.0386000504928	-0.00161400621621	0.0352149571629	-0.0148794525669	0.0135187349439	-0.000301432432454	-0.0308480530772	0.00235591170339	-0.0466320393708	-0.0744006228268	0.0415752266792	0.0170946243162	0.0147626988588	-0.0081884700041	0.0137106955463	-0.00475337606417	0.0455697603532	-0.0837630382952	-0.00511647362656	-0.00462366933623	0.000390415546575	-0.0401823758165	-0.0121747296779	-0.0282883629053	-0.0245320124155	0.0736737269379	-0.00223414285903	0.0121092544554	-0.0134377997022	-0.128115156123	0.0364473580285	-0.00610793253972	-0.0424879380778	-0.0578627511037	0.0313207018888	-0.0374195238039	0.0122723861858	-0.081212690632	0.043483289034	0.0179537014167	-0.00237212202139	0.0258851363511	-0.00936171872715
k__Bacteria;p__Bacteroidetes;c__Bacteroidia;o__Bacteroidales;f__Bacteroidaceae;g__Bacteroides;s__Bacteroides_coprocola	0.00581120360827	0.0265562405255	-0.0352964033651	-0.0518327844241	0.0169022855371	-0.0351993325373	-0.0311335855256	0.00348786405559	0.00209201282038	-0.0152750313254	0.0499153882317	1.0	-0.0213055172393	0.0406157024153	0.020771286176	0.00511908767615	-0.0367207175627	0.00741782623689	-0.0538336109008	-0.00116036628825	-0.0688876806391	0.0365592122121	0.0304650388019	-0.0835672092881	0.0256269778589	0.0127636643869	0.0239568334824	0.0209498025769	-0.084406519157	-0.0428195996493	-0.0673305476834	0.0797262815953	-0.0157081038973	0.0148607342145	0.000379754161191	-0.0467789659216	0.00162965378995	-0.00627325766275	-0.017403194829	-0.0654881419293	-0.0299523809193	0.0556991437783	-0.0282152999757	0.0214127326987	0.00538343382298	-0.0233963099271	-0.0104876137734	0.0160473714364	-0.0122949986532	0.00546900459159	0.00531739504463	0.000937168538191	-0.0281017464832	0.0274259305454	-0.0297303579035	0.000605353837703	-0.0343827971523	0.0636463512688	-0.0762804388181
k__Bacteria;p__Bacteroidetes;c__Bacteroidia;o__Bacteroidales;f__Bacteroidaceae;g__Bacteroides;s__Bacteroides_cellulosilyticus	-0.00427642611751	-0.0666455243633	-0.0911919021182	-0.0693782599708	0.0196409972648	-0.0321031775479	0.0381834958437	0.0205086725723	0.0259508178625	0.0664224065534	0.00329377688118	-0.0213055172393	1.0	0.000636898039329	-0.0382411779981	0.00640207764781	0.0107657770135	0.0390014939394	-0.045955007271	-0.0391742750221	0.000173199961224	-0.061021369985	-0.0665459218489	-0.0655650085046	0.00812387167783	-0.0304788707761	-0.0028571956956	0.0132872049508	-0.031626788195	0.0126576291923	-0.0402828517734	-0.0407607926749	-0.0471160937606	-0.0332952503508	0.00232419348313	-0.0267030410306	0.00342028223227	-0.0114367858478	-0.069247660198	-0.0258161857053	-0.0465636428986	0.000767495691769	-0.0144478569473	-0.00681306716037	0.0506231720268	0.0106607232872	0.0194385589754	0.0147754197507	0.04819045491	0.0161340145547	0.0928264834089	0.0313086270458	0.0481609410313	-0.0149301126313	-0.0331493090015	-0.063379139489	0.00374777142857	-0.0257111481351	0.00176854348655
k__Bacteria;p__Bacteroidetes;c__Bacteroidia;o__Bacteroidales;f__Rikenellaceae;g__Alistipes;s__Alistipes_obesi	-0.0300183107615	-0.0138052070713	0.0160633475888	-0.0152018502813	0.032453760746	-0.0482807224941	0.00132383090155	-0.0491913800748	0.0615565909452	0.00584167175688	0.0257188537982	0.0406157024153	0.000636898039329	1.0	0.0253777488584	-0.0233819151092	0.0104685056617	-0.0317778956645	0.0286025916353	0.0148931795396	0.0168647217004	-0.0365900491989	-0.0545391680517	-0.0769301688812	-0.0879487826761	-0.00104098845438	0.00408207407757	-0.0311442083172	0.0474754047459	-0.0246401200153	-0.00317117891533	0.0148524244926	0.0458125602726	0.0058969998964	-0.0197609931938	-0.0189212819296	-0.0286107078207	-0.00732602519109	0.030440694582	-0.0262257110694	0.0122681638053	0.0254785204285	0.0379151186202	-0.0128814807259	0.0420727513356	-0.106562655061	-0.0497879980682	0.0209522849923	-0.0152584394377	-0.0063357595053	-0.0848916137595	0.0419482023887	-0.0142955258565	-0.000105888322733	-0.0178797583291	-0.0696571986998	0.0538002441754	-0.0668477417156	-0.0121365225568
k__Bacteria;p__Firmicutes;c__Clostridia;o__Clostridiales;f__Lachnospiraceae;g__;s__[Eubacterium]_rectale	-0.028998926296	0.0141701307696	-0.0312593927796	-0.0192351825852	-0.0323508045116	0.00438897364692	-0.0238426997323	-0.0595903410875	-0.0291781616215	0.0212050828231	0.00497926087138	0.020771286176	-0.0382411779981	0.0253777488584	1.0	0.00863993139318	0.0305180326184	-0.0668939489775	0.0823081397089	0.0176093910478	-0.0441974421534	0.0318645173664	-0.0789457344495	0.0139323624962	0.0128288534449	0.0160925063959	-0.0698632981488	0.0512800741911	-0.0117042540534	-0.010365930075	-0.0273980349643	0.0206850499763	0.004928158208	-0.0232141633799	0.0148722644312	-0.0066740310651	0.0472735400351	-0.0143716072788	-0.0245331657637	0.00459794613163	0.0317221405893	0.0517681358192	-0.0205469933773	-0.051597776963	-0.0362027987592	-0.0217036822932	-0.00153328271963	-0.0337133350207	-0.0225096122214	-0.055018877708	0.0111750655113	0.0372899763863	0.00549667834328	-0.0183164252418	-0.00763106458806	-0.0273315277444	0.0314464907757	-0.0274063340996	-0.008654172501
k__Bacteria;p__Bacteroidetes;c__Bacteroidia;o__Bacteroidales;f__Bacteroidaceae;g__Bacteroides;s__Bacteroides_plebeius	-0.0239735428875	0.0139904266834	-0.00142665960098	-0.0362560860998	0.032254674239	-0.0455893962248	0.0377734857703	-0.0070696854935	-0.0204752308481	0.00223168469603	0.0146879163615	0.00511908767615	0.00640207764781	-0.0233819151092	0.00863993139318	1.0	-0.0473192997047	0.0201184071611	0.0408656846587	-0.0490471347893	0.0110698600214	0.0052527373449	-0.0311284694907	-0.0229204449901	-0.039577855447	0.00936344958574	-0.0187801540725	-0.0214847641494	-0.000260407168155	0.0372113066704	0.0145536891825	0.0263553363959	-0.0219850435282	-0.00470157203704	-0.0441945951642	0.0181433017148	0.00967793917613	-0.00565601575008	-0.0907853454629	0.0108357062503	0.0270996796952	0.0067893496534	0.0235305847296	-0.0154792866965	-0.0183909407902	-0.0663598641965	0.0822927800237	-0.0711075479662	-0.0636288313364	0.0058065794902	-0.0075228883553	-0.0122962806428	0.0145051845772	0.0363871972198	-0.0630360563879	0.0204009164316	0.0121484091792	-0.0162618697771	0.0114494210007
k__Bacteria;p__Bacteroidetes;c__Bacteroidia;o__Bacteroidales;f__Bacteroidaceae;g__Bacteroides;s__Bacteroides_fragilis	-0.00048837422455	0.050398353572	-0.0261257972499	0.0180652233036	-0.0435162966925	0.00240243770571	-0.0020758670433	-0.0243659297984	-0.00355131404513	-0.0227834256454	-0.0386000504928	-0.0367207175627	0.0107657770135	0.0104685056617	0.0305180326184	-0.0473192997047	1.0	0.036150051543	0.00199112202232	0.0343677805095	0.0193065367812	0.0543044275786	0.0158353728216	0.00166408179125	0.0105148689473	0.0201834474592	-0.0174456665954	0.00635198577122	-0.00471294102623	0.000220744138352	-0.0384381945896	-0.0428021601116	-0.0586550322192	-0.0475770053532	-0.031437039691	-0.0419280215145	0.0330373289146	0.00365344499794	-0.0056862453011	-0.0450458021205	-0.0533819704873	-0.0512589933238	0.0231964167527	0.0251514587494	0.0107639047762	-0.0121812747828	0.00455977825531	-0.0112315689743	0.0295930880704	0.0118179939672	0.0361729281419	0.00791627481228	-0.00571043545075	0.0088369463778	0.0484787869803	0.011659636293	-0.0262115775622	0.00321945479391	0.00230861345493
k__Bacteria;p__Proteobacteria;c__Betaproteobacteria;o__Burkholderiales;f__Sutterellaceae;g__Sutterella;s__Sutterella_wadsworthensis	0.0345952314475	-0.0265636714748	-0.011214614462	0.0547646559317	0.0257809415934	-0.00913179204295	-0.0506111414284	-0.00449706052772	-0.0436531063088	0.000654281283669	-0.00161400621621	0.00741782623689	0.0390014939394	-0.0317778956645	-0.0668939489775	0.0201184071611	0.036150051543	1.0	0.00185360073089	-0.0780641587772	-0.0213986308709	-0.0120689213566	-0.04767846853	0.0586920411967	-0.0361616769395	-0.0197259694959	-0.0118645842931	-0.0375063563521	0.0204196674077	-0.0163907393996	-0.0214232651271	0.017560791361	-0.0311809610406	0.013567146509	-0.0461116008329	-0.0268476064068	-0.031868764157	0.0214254949419	-0.0504130413	-0.0322820251126	0.0248428553213	-0.0186085857841	0.0130816651997	-0.0420116592296	-0.0300457791588	-0.0587023502693	-0.0531581108752	0.0559973163109	-0.0341945192836	0.0277897297008	-0.00311882938637	0.00556663610987	0.0338363612636	-0.0252218723197	-0.0375941609691	-0.0325566249714	-0.00667154379909	-0.0692627806876	-0.0356974819856
k__Bacteria;p__Bacteroidetes;c__Bacteroidia;o__Bacteroidales;f__Porphyromonadaceae;g__Barnesiella;s__Barnesiella_intestinihominis	-0.000400507993177	0.0609607341653	-0.00582188495599	-0.0755172481652	0.0334044572713	0.0386257083736	-0.00285685578456	-0.0598070884726	0.0313488931533	0.0202130177496	0.0352149571629	-0.0538336109008	-0.045955007271	0.0286025916353	0.0823081397089	0.0408656846587	0.00199112202232	0.00185360073089	1.0	-0.0595131099257	0.0353155333435	0.00119861440297	-0.000308209501404	-0.0357736844734	-0.102352912043	-0.0307400441278	-0.0293806883959	0.0263837891612	0.0327598189985	-0.0818006977076	-0.0175275358949	-0.018930397437	-0.0577093021398	0.0230181232244	-0.00231070000784	0.0206990217439	-0.0118730250203	0.0487721473054	-0.0534158355451	0.0916313447379	-0.0266012552357	-0.0516884490136	-0.0328988126996	-0.0130166302728	-0.0280126636735	-0.0317839852625	-0.00120849178979	-0.0415525574045	0.0607665591951	0.00898494966931	0.0596868141326	-0.0270102606831	-0.0329042307281	-0.0492599585157	-0.0384153456112	0.0107080845004	0.00375494680566	-0.0477820840426	-0.0145039074887
k__Bacteria;p__Bacteroidetes;c__Bacteroidia;o__Bacteroidales;f__Odoribacteraceae;g__Odoribacter;s__Odoribacter_splanchnicus	-0.0497280562139	-0.0168414355327	0.0720591422311	-0.0775145910049	-0.0219686537933	0.0431453483837	0.040380203481	-0.0606312195779	-0.0233715270597	-0.011768944761	-0.0148794525669	-0.00116036628825	-0.0391742750221	0.0148931795396	0.0176093910478	-0.0490471347893	0.0343677805095	-0.0780641587772	-0.0595131099257	1.0	-0.00446757880206	-0.0304617353593	0.0488828406965	-0.042056262025	-0.00212075456631	-0.0517096520549	0.0511208705355	-0.0347807608637	-0.0361034605312	-0.0205370593567	0.0225632683429	-0.0159184911069	0.073850596732	0.00349170513908	-0.00619398193568	-0.0618170028823	-0.0405089174704	-0.0093667798359	0.0593647921838	-0.0430146120009	-0.0406558410532	-0.0307446692569	0.00637046459402	-0.00378942473527	-0.0212035924129	0.0581119213445	-0.0645092578664	-0.0562476366637	-0.00606528756638	0.0053994265933	-0.0108595445017	-0.0107450607502	0.0155358333306	0.0225348124486	-0.0161243797794	0.0189959248227	-0.0453942043292	0.000254182470584	0.00287218419545
k__Bacteria;p__Bacteroidetes;c__Bacteroidia;o__Bacteroidales;f__Bacteroidaceae;g__Bacteroides;s__Bacteroides_salyersiae	-0.0510740135083	-0.0136470734733	0.0212710782884	0.0303043736726	-0.0193649961412	0.0214365606317	0.00709154650167	-0.00194204095522	0.00512811142441	-0.0561853241044	0.0135187349439	-0.0688876806391	0.000173199961224	0.0168647217004	-0.0441974421534	0.0110698600214	0.0193065367812	-0.0213986308709	0.0353155333435	-0.00446757880206	1.0	0.0471133173755	0.0296962042868	-0.0287890979003	0.00366650571844	0.0162249915038	0.00101420731593	0.0172837775821	-0.0131675745699	-0.0277131821332	0.0402691646496	6.70351394064e-05	0.0261492479507	0.0141087523461	-0.036224266025	-0.0557208908909	-0.0781113650183	-0.0295602468955	0.0274652325766	0.00643422912118	0.00122125550946	-0.00630184712617	0.0454298656329	-0.0837993680807	-0.00549004535603	-0.0866871432679	-0.0487511164884	-0.00496488243263	-0.0529494091638	0.0537294517754	-0.0440027185067	-0.0114551127362	-0.0646523025688	-0.0121608538213	-0.0493940079835	0.0200022777295	0.0106869877658	-0.0239932951204	0.0305535390768
k__Bacteria;p__Firmicutes;c__Clostridia;o__Clostridiales;f__Ruminococcaceae;g__Ruminiclostridium;s__[Eubacterium]_siraeum	0.0247177368622	0.0184463303392	0.0367614447772	0.0373034413049	-0.0499362448123	-0.0187331976205	0.0462263805994	0.0127592094904	-0.0988435970356	-0.0369285582827	-0.000301432432454	0.0365592122121	-0.061021369985	-0.0365900491989	0.0318645173664	0.0052527373449	0.0543044275786	-0.0120689213566	0.00119861440297	-0.0304617353593	0.0471133173755	1.0	0.0292524116262	0.058078448099	0.0311846848324	-0.0255592777923	-0.0318798327012	-0.00536888385036	0.0168584223195	0.0485933154849	-0.00436832609014	-0.00786511612372	0.0207347189851	0.0184423582389	0.0568730719975	0.00431564843554	0.0125863759815	-0.0117777602154	0.0230368991509	0.0240888789676	0.0259992094444	0.0139581528415	-0.0247584497905	-0.0207932279296	0.00414478293019	-0.0221329330624	-0.0229325976699	-0.00262812108708	-0.0352777929294	-0.00928146703395	-0.0128817600731	0.0342870869889	-0.00389469955047	0.011840348806	-0.0350298849957	0.036212958157	-0.0585971763746	0.00991715774985	-0.0215305068334
k__Bacteria;p__Proteobacteria;c__Betaproteobacteria;o__Burkholderiales;f__Sutterellaceae;g__Parasutterella;s__Parasutterella_excrementihominis	-0.0489954890157	0.0354367732411	-0.0559589224042	-0.0335564902246	0.0284614393262	0.0276414347927	-0.0366168424768	-0.0389712594569	-0.0778709199627	-0.0349700195632	-0.0308480530772	0.0304650388019	-0.0665459218489	-0.0545391680517	-0.0789457344495	-0.0311284694907	0.0158353728216	-0.04767846853	-0.000308209501404	0.0488828406965	0.0296962042868	0.0292524116262	1.0	0.00210317809618	0.00406443843068	0.0150762755724	0.00326637964615	-0.0594139581223	-0.0103027181698	-0.0291646122483	-0.067051112105	-0.0276385011933	0.0251007178373	0.0283292007957	-0.00765223978344	-0.00861887863479	-0.0127332601959	0.00142455829841	-0.0131667519194	-0.0497469529569	-0.0357185198024	-0.024313267985	0.0375605587835	-0.00559183976945	-0.0145624987022	0.0674347765715	-0.0139054565686	0.0166786666373	0.0105958327221	0.0437524453149	-0.0594193297109	0.0325998465406	0.0264697260083	-0.0305510960322	0.00688092760504	0.0221170416443	-0.037475648524	-0.023552508384	0.0226659165878
k__Bacteria;p__Actinobacteria;c__Actinobacteria;o__Bifidobacteriales;f__Bifidobacteriaceae;g__Bifidobacterium;s__Bifidobacterium_adolescentis	-0.0109562884412	0.0514297001109	-0.0452971418553	0.0353383378598	0.014720234767	0.082672561216	0.0330494164382	-0.0662432424592	-0.0749899032881	-0.0350505008847	0.00235591170339	-0.0835672092881	-0.0655650085046	-0.0769301688812	0.0139323624962	-0.0229204449901	0.00166408179125	0.0586920411967	-0.0357736844734	-0.042056262025	-0.0287890979003	0.058078448099	0.00210317809618	1.0	0.0441121116868	0.0438148725634	-0.0464595709525	0.0171261336163	-0.00642182623686	-0.0837555976286	-0.0055738356285	-0.00306088726027	0.0365267970273	-0.0302562599287	-0.0313120936011	-0.0281542597893	0.032276864756	-0.0160642272107	0.052936345712	-0.00068320084273	-0.0408785023667	0.000198781815773	-0.078203607608	0.0229090209072	-0.064084513863	0.0108467000782	0.0338805752903	0.0324871833073	0.0330395659298	-0.0727409653488	-0.00506155447937	0.00822544075344	-0.0504153843989	-0.0182710399872	-0.0231494916868	-0.111129639979	0.0282412564639	0.00809512495955	-0.016496175931
k__Bacteria;p__Firmicutes;c__Clostridia;o__Clostridiales;f__Oscillospiraceae;g__Oscillibacter;s__Oscillibacter_sp._KLE_1745	-0.0337735958908	0.0100977920135	0.0399000677971	0.0271589245328	-0.0243117954516	0.0201128337611	-0.0464228248432	-0.0519584818959	0.00906607319566	-0.0374801154282	-0.0466320393708	0.0256269778589	0.00812387167783	-0.0879487826761	0.0128288534449	-0.039577855447	0.0105148689473	-0.0361616769395	-0.102352912043	-0.00212075456631	0.00366650571844	0.0311846848324	0.00406443843068	0.0441121116868	1.0	-0.0118393975365	0.0769160749202	0.0972266432955	-0.0119966543155	0.0221853578556	-0.0567159865234	-0.0468312517675	-0.029405378995	-0.0163690197097	-0.0995728990801	-0.0417991468419	-0.0373329923745	-0.0482098675196	-0.0512371770318	-0.0700204647532	-0.00883219957562	-0.00138452401581	-0.00623715556798	0.00938313623596	-0.0430519585502	-0.0254500024329	0.0065242470395	0.0328501932959	0.00891593843651	0.0414496529227	0.00927912959132	-0.0198983498967	0.0270836903531	-0.0322536704127	0.0157291671637	0.0202180522225	0.0288937767236	-0.0346421525253	0.0512121745904
k__Bacteria;p__Bacteroidetes;c__Bacteroidia;o__Bacteroidales;f__Bacteroidaceae;g__Bacteroides;s__Bacteroides_coprophilus	-0.0140881914621	0.0346530419682	-0.0162437906078	0.0319839823573	-0.0572787015528	-0.0142495712547	0.00263878583228	0.0339494692459	-0.0310751167943	-0.0620184340462	-0.0744006228268	0.0127636643869	-0.0304788707761	-0.00104098845438	0.0160925063959	0.00936344958574	0.0201834474592	-0.0197259694959	-0.0307400441278	-0.0517096520549	0.0162249915038	-0.0255592777923	0.0150762755724	0.0438148725634	-0.0118393975365	1.0	-0.0267186181912	-0.0152274040058	0.0124820142582	-0.0584047812275	-0.00699175207336	-0.0228052158732	0.0165640845954	-0.00992543912035	-0.00948930658878	-0.00295281777704	0.0133982405034	-0.0302778898542	0.00665610742457	-0.0528108559973	0.00132676451082	-0.0782155861769	0.0178797917709	0.00876898922962	0.0495472111185	0.0191637913374	0.0030069186415	-0.0395640525065	-0.0170177995345	-0.00358087808022	0.0420878086754	0.0345186756652	-0.0152122482151	-0.0096083816672	-0.0383316110809	-0.038400832936	0.0232109530656	-0.00305810367891	-0.0278333972257
k__Bacteria;p__Firmicutes;c__Clostridia;o__Clostridiales;f__Lachnospiraceae;g__Roseburia;s__Roseburia_intestinalis	-0.0106317735936	-0.000858050910041	0.0667192263001	-0.0111212901856	0.0330685185551	-0.00920646877437	-0.0605653179432	0.0495024477042	-0.023978403896	0.039972599164	0.0415752266792	0.0239568334824	-0.0028571956956	0.00408207407757	-0.0698632981488	-0.0187801540725	-0.0174456665954	-0.0118645842931	-0.0293806883959	0.0511208705355	0.00101420731593	-0.0318798327012	0.00326637964615	-0.0464595709525	0.0769160749202	-0.0267186181912	1.0	0.0123937209698	-0.0251434782999	-0.0101795604699	0.0389407783012	-0.0438655020779	0.00291963609829	-0.0270732799198	-0.0130016380796	-0.0294639024181	-0.0488761144569	0.0254578468135	-0.00127939154455	-0.0578599960074	-0.0168061909349	-0.056562633867	0.0482440491233	0.0194887252222	0.0532217611854	-0.026804497182	0.0183849496675	-0.0347645888779	0.0689633939436	-0.0687296085249	-0.0286074393577	-0.0447426370153	0.0129822104518	0.0194422278493	0.00833646366069	-0.0223101216873	0.0109335259288	-0.0678973424666	-0.0278958978734
k__Bacteria;p__Firmicutes;c__Clostridia;o__Clostridiales;f__Lachnospiraceae;g__Roseburia;s__Roseburia_hominis	-0.0591917672965	-0.051468733535	-0.0133586055221	0.0152356293577	-0.0132550257605	-0.0206362430631	-0.0402529903335	0.0177469819032	0.023717817583	-0.0234281148166	0.0170946243162	0.0209498025769	0.0132872049508	-0.0311442083172	0.0512800741911	-0.0214847641494	0.00635198577122	-0.0375063563521	0.0263837891612	-0.0347807608637	0.0172837775821	-0.00536888385036	-0.0594139581223	0.0171261336163	0.0972266432955	-0.0152274040058	0.0123937209698	1.0	0.00410657814667	0.0179100507732	-0.0125588106147	-0.0450732493794	-0.0415047038078	-0.0248234836929	-0.0313121358606	0.00655750344981	-0.00944534721055	-0.0056806007885	0.0233935973812	0.0206061578107	-0.0386147936401	-0.0292044793191	0.0389437414671	-0.0403729821729	-0.047329138415	0.0789519201501	0.0139432377582	-0.0476560422061	-0.0392297360153	-0.08822401946	-0.0301985025813	-0.0542627937666	0.0437503973106	-0.00940278067351	-0.00521859952512	0.0360706265261	0.0127756405345	0.0102888210571	-0.0581503940055
k__Bacteria;p__Bacteroidetes;c__Bacteroidia;o__Bacteroidales;f__Porphyromonadaceae;g__Parabacteroides;s__Parabacteroides_johnsonii	0.0642669702743	-0.0188421827492	-0.0320321247965	0.0247683903686	-0.059855695964	0.0446469546951	-0.0383006640764	0.0193887216307	-0.0176800677788	-0.0193910154401	0.0147626988588	-0.084406519157	-0.031626788195	0.0474754047459	-0.0117042540534	-0.000260407168155	-0.00471294102623	0.0204196674077	0.0327598189985	-0.0361034605312	-0.0131675745699	0.0168584223195	-0.0103027181698	-0.00642182623686	-0.0119966543155	0.0124820142582	-0.0251434782999	0.00410657814667	1.0	-0.0228143024912	0.0453458566672	0.0833609445347	-0.0482968372388	-0.00208367715426	-0.0573433445016	-0.025072974823	-0.0201222058364	-0.0301904905884	-0.0121770700533	0.0140068017625	-0.019695768384	0.0140320167109	-0.0142956940032	-0.0145961356086	-0.0304342433913	0.0220966878592	0.0469119509502	0.026382955232	-0.0142087752608	-0.0157755409704	-0.0374642340466	-0.0026244057107	-0.0185487167186	-0.0320718951926	-0.0373486023301	-0.0284300181534	-0.0109489553034	-0.0480492656673	-0.021323375797
k__Bacteria;p__Actinobacteria;c__Actinobacteria;o__Bifidobacteriales;f__Bifidobacteriaceae;g__Bifidobacterium;s__Bifidobacterium_longum	0.0190347104082	-0.0517780689338	0.0242966305416	0.0143415119728	0.0373277621711	0.0678494012802	-0.0422552179312	-0.0215916273968	-0.0253752277984	-0.0230154032804	-0.0081884700041	-0.0428195996493	0.0126576291923	-0.0246401200153	-0.010365930075	0.0372113066704	0.000220744138352	-0.0163907393996	-0.0818006977076	-0.0205370593567	-0.0277131821332	0.0485933154849	-0.0291646122483	-0.0837555976286	0.0221853578556	-0.0584047812275	-0.0101795604699	0.0179100507732	-0.0228143024912	1.0	-0.00730425685209	0.0286888404237	-0.00938546118718	-0.0346780228063	0.0125820105059	-0.0151357704936	0.0184024790263	0.0378478735856	-0.0616568984831	-0.0188477740439	-0.0183295106583	0.0432585906767	0.0125589250321	0.0483878588852	-0.040080357616	0.0090141416562	0.0292846129212	-0.00962584454024	0.00841811615505	-0.0234644831607	-0.0380893053158	-0.0211134421959	0.00768743810694	0.000150156695685	0.0518985291778	-0.040504144304	0.0197431315342	-0.0328147622382	-0.0282061188115
