#taxonomy	k__Bacteria;p__Bacteroidetes;c__Bacteroidia;o__Bacteroidales;f__Bacteroidaceae;g__Bacteroides;s__Bacteroides_vulgatus	k__Bacteria;p__Bacteroidetes;c__Bacteroidia;o__Bacteroidales;f__Bacteroidaceae;g__Bacteroides;s__Bacteroides_uniformis	k__Bacteria;p__Bacteroidetes;c__Bacteroidia;o__Bacteroidales;f__Rikenellaceae;g__Alistipes;s__Alistipes_putredinis	k__Bacteria;p__Bacteroidetes;c__Bacteroidia;o__Bacteroidales;f__Prevotellaceae;g__Prevotella;s__Prevotella_copri	k__Bacteria;p__Bacteroidetes;c__Bacteroidia;o__Bacteroidales;f__Bacteroidaceae;g__Bacteroides;s__Bacteroides_stercoris	k__Bacteria;p__Bacteroidetes;c__Bacteroidia;o__Bacteroidales;f__Bacteroidaceae;g__Bacteroides;s__Bacteroides_ovatus	k__Bacteria;p__Bacteroidetes;c__Bacteroidia;o__Bacteroidales;f__Rikenellaceae;g__Alistipes;s__Alistipes_shahii	k__Bacteria;p__Firmicutes;c__Clostridia;o__Clostridiales;f__Ruminococcaceae;g__Faecalibacterium;s__Faecalibacterium_prausnitzii	k__Bacteria;p__Bacteroidetes;c__Bacteroidia;o__Bacteroidales;f__Rikenellaceae;g__Alistipes;s__Alistipes_finegoldii	k__Bacteria;p__Bacteroidetes;c__Bacteroidia;o__Bacteroidales;f__Porphyromonadaceae;g__Parabacteroides;s__Parabacteroides_distasonis	k__Bacteria;p__Bacteroidetes;c__Bacteroidia;o__Bacteroidales;f__Bacteroidaceae;g__Bacteroides;s__Bacteroides_thetaiotaomicron	k__Bacteria;p__Bacteroidetes;c__Bacteroidia;o__Bacteroidales;f__Bacteroidaceae;g__Bacteroides;s__Bacteroides_coprocola	k__Bacteria;p__Bacteroidetes;c__Bacteroidia;o__Bacteroidales;f__Bacteroidaceae;g__Bacteroides;s__Bacteroides_cellulosilyticus	k__Bacteria;p__Bacteroidetes;c__Bacteroidia;o__Bacteroidales;f__Rikenellaceae;g__Alistipes;s__Alistipes_obesi	k__Bacteria;p__Firmicutes;c__Clostridia;o__Clostridiales;f__Lachnospiraceae;g__;s__[Eubacterium]_rectale	k__Bacteria;p__Bacteroidetes;c__Bacteroidia;o__Bacteroidales;f__Bacteroidaceae;g__Bacteroides;s__Bacteroides_plebeius	k__Bacteria;p__Bacteroidetes;c__Bacteroidia;o__Bacteroidales;f__Bacteroidaceae;g__Bacteroides;s__Bacteroides_fragilis	k__Bacteria;p__Proteobacteria;c__Betaproteobacteria;o__Burkholderiales;f__Sutterellaceae;g__Sutterella;s__Sutterella_wadsworthensis	k__Bacteria;p__Bacteroidetes;c__Bacteroidia;o__Bacteroidales;f__Porphyromonadaceae;g__Barnesiella;s__Barnesiella_intestinihominis	k__Bacteria;p__Bacteroidetes;c__Bacteroidia;o__Bacteroidales;f__Odoribacteraceae;g__Odoribacter;s__Odoribacter_splanchnicus	k__Bacteria;p__Bacteroidetes;c__Bacteroidia;o__Bacteroidales;f__Bacteroidaceae;g__Bacteroides;s__Bacteroides_salyersiae	k__Bacteria;p__Firmicutes;c__Clostridia;o__Clostridiales;f__Ruminococcaceae;g__Ruminiclostridium;s__[Eubacterium]_siraeum	k__Bacteria;p__Proteobacteria;c__Betaproteobacteria;o__Burkholderiales;f__Sutterellaceae;g__Parasutterella;s__Parasutterella_excrementihominis	k__Bacteria;p__Actinobacteria;c__Actinobacteria;o__Bifidobacteriales;f__Bifidobacteriaceae;g__Bifidobacterium;s__Bifidobacterium_adolescentis	k__Bacteria;p__Firmicutes;c__Clostridia;o__Clostridiales;f__Oscillospiraceae;g__Oscillibacter;s__Oscillibacter_sp._KLE_1745	k__Bacteria;p__Bacteroidetes;c__Bacteroidia;o__Bacteroidales;f__Bacteroidaceae;g__Bacteroides;s__Bacteroides_coprophilus	k__Bacteria;p__Firmicutes;c__Clostridia;o__Clostridiales;f__Lachnospiraceae;g__Roseburia;s__Roseburia_intestinalis	k__Bacteria;p__Firmicutes;c__Clostridia;o__Clostridiales;f__Lachnospiraceae;g__Roseburia;s__Roseburia_hominis	k__Bacteria;p__Bacteroidetes;c__Bacteroidia;o__Bacteroidales;f__Porphyromonadaceae;g__Parabacteroides;s__Parabacteroides_johnsonii	k__Bacteria;p__Actinobacteria;c__Actinobacteria;o__Bifidobacteriales;f__Bifidobacteriaceae;g__Bifidobacterium;s__Bifidobacterium_longum	k__Bacteria;p__Firmicutes;c__Clostridia;o__Clostridiales;f__;g__Flavonifractor;s__Flavonifractor_plautii	k__Bacteria;p__Firmicutes;c__Clostridia;o__Clostridiales;f__Clostridiaceae;g__Clostridium;s__Clostridium_phoceensis	k__Bacteria;p__Verrucomicrobia;c__Verrucomicrobiae;o__Verrucomicrobiales;f__Akkermansiaceae;g__Akkermansia;s__Akkermansia_muciniphila	k__Bacteria;p__Bacteroidetes;c__Bacteroidia;o__Bacteroidales;f__Prevotellaceae;g__Paraprevotella;s__Paraprevotella_xylaniphila	k__Bacteria;p__Firmicutes;c__Clostridia;o__Clostridiales;f__Ruminococcaceae;g__Ruminococcus;s__Ruminococcus_callidus	k__Bacteria;p__Bacteroidetes;c__Bacteroidia;o__Bacteroidales;f__Rikenellaceae;g__Alistipes;s__Alistipes_senegalensis	k__Bacteria;p__Firmicutes;c__Clostridia;o__Clostridiales;f__Lachnospiraceae;g__Blautia;s__Blautia_sp._KLE_1732	k__Bacteria;p__Bacteroidetes;c__Bacteroidia;o__Bacteroidales;f__Bacteroidaceae;g__Bacteroides;s__Bacteroides_oleiciplenus	k__Bacteria;p__Firmicutes;c__Clostridia;o__Clostridiales;f__Ruminococcaceae;g__Ruminococcus;s__Ruminococcus_bicirculans	k__Bacteria;p__Bacteroidetes;c__Bacteroidia;o__Bacteroidales;f__Bacteroidaceae;g__Bacteroides;s__Bacteroides_fluxus	k__Bacteria;p__Bacteroidetes;c__Bacteroidia;o__Bacteroidales;f__Prevotellaceae;g__Prevotella;s__Prevotella_stercorea	k__Bacteria;p__Firmicutes;c__Clostridia;o__Clostridiales;f__Lachnospiraceae;g__Dorea;s__Dorea_longicatena	k__Bacteria;p__Firmicutes;c__Clostridia;o__Clostridiales;f__Eubacteriaceae;g__Eubacterium;s__[Eubacterium]_eligens	k__Bacteria;p__Firmicutes;c__Clostridia;o__Clostridiales;f__Ruminococcaceae;g__;s__Ruminococcaceae_bacterium_D16	k__Bacteria;p__Firmicutes;c__Clostridia;o__Clostridiales;f__Lachnospiraceae;g__Coprococcus;s__Coprococcus_comes	k__Bacteria;p__Proteobacteria;c__Gammaproteobacteria;o__Enterobacterales;f__Enterobacteriaceae;g__Escherichia;s__Escherichia_coli	k__Bacteria;p__Firmicutes;c__Clostridia;o__Clostridiales;f__Ruminococcaceae;g__Anaerotruncus;s__Anaerotruncus_colihominis	k__Bacteria;p__Firmicutes;c__Clostridia;o__Clostridiales;f__Lachnospiraceae;g__Blautia;s__Blautia_obeum	k__Bacteria;p__Bacteroidetes;c__Bacteroidia;o__Bacteroidales;f__Odoribacteraceae;g__Odoribacter;s__Odoribacter_laneus	k__Bacteria;p__Firmicutes;c__Clostridia;o__Clostridiales;f__Ruminococcaceae;g__Ruminiclostridium;s__[Clostridium]_leptum	k__Bacteria;p__Bacteroidetes;c__Bacteroidia;o__Bacteroidales;f__Porphyromonadaceae;g__Parabacteroides;s__Parabacteroides_goldsteinii	k__Bacteria;p__Firmicutes;c__Clostridia;o__Clostridiales;f__Lachnospiraceae;g__Anaerostipes;s__Anaerostipes_hadrus	k__Bacteria;p__Firmicutes;c__Clostridia;o__Clostridiales;f__Ruminococcaceae;g__Ruminococcus;s__Ruminococcus_lactaris	k__Bacteria;p__Firmicutes;c__Clostridia;o__Clostridiales;f__Clostridiaceae;g__Clostridium;s__Clostridium_sp._L2-50	k__Bacteria;p__Firmicutes;c__Clostridia;o__Clostridiales;f__Clostridiaceae;g__Clostridium;s__Clostridium_sp._M62/1	k__Bacteria;p__Firmicutes;c__Clostridia;o__Clostridiales;f__;g__Intestinimonas;s__Intestinimonas_butyriciproducens	k__Bacteria;p__Actinobacteria;c__Actinobacteria;o__Bifidobacteriales;f__Bifidobacteriaceae;g__Bifidobacterium;s__Bifidobacterium_bifidum	k__Bacteria;p__Firmicutes;c__Negativicutes;o__Veillonellales;f__Veillonellaceae;g__Dialister;s__Dialister_invisus	k__Bacteria;p__Bacteroidetes;c__Bacteroidia;o__Bacteroidales;f__Bacteroidaceae;g__Bacteroides;s__Bacteroides_salanitronis
k__Bacteria;p__Bacteroidetes;c__Bacteroidia;o__Bacteroidales;f__Bacteroidaceae;g__Bacteroides;s__Bacteroides_vulgatus	1.0	-0.0100349791166	-0.0144750493654	-0.0120279485029	-0.0506259897985	0.0571254992399	-0.043178317711	0.0071660880211	0.022215754413	0.000311775002865	0.0275653319177	0.0569475148716	0.0175641478419	0.00399344594337	-0.0454653381833	-0.041761641778	-0.0299683063142	-0.0204420760279	-0.00458045503044	-0.0370753990028	0.0342203715688	-0.00445708240029	0.0284182541824	-0.0100181900161	-0.00589652493859	-0.0605967738662	0.0157452840096	-0.0286198018525	0.0326371605732	-0.00941453286555	0.0242728096254	-0.00203310997151	-0.0363270460014	0.0539125915337	0.00529717084035	0.029869945651	-0.0728829135175	-0.0654455630205	0.0222803326427	-0.0259195669087	-0.0220035662267	0.0127612298721	-0.010658087504	0.0321559862007	-0.0263483646937	-0.0108302537316	0.0400482383946	-0.0288126187485	-0.054930957338	0.0216142639874	0.0330809289382	-0.0217493569202	-0.0524078985579	-0.0243959082519	-0.0368997583615	0.0085857564978	-0.0305164204934	-0.0294333443191	0.0106584418884
k__Bacteria;p__Bacteroidetes;c__Bacteroidia;o__Bacteroidales;f__Bacteroidaceae;g__Bacteroides;s__Bacteroides_uniformis	-0.0100349791166	1.0	-0.00754386213285	0.0162770361223	-0.117511532058	0.00630063546507	0.00320381401477	-0.0136031901414	0.0220624730943	-0.0611549033237	0.0306111845506	0.00239739055301	0.0294144116846	0.00723744170314	0.0204818252685	-0.0543962037787	-0.0217104962921	-0.00280418530377	-0.00654980026358	-0.0102531905967	0.00900351410261	0.0132779893209	-0.00328502687049	0.00127439721394	-0.00354443345371	0.0100107089144	-0.0862113608204	0.0026120978682	-0.0512071081568	0.0230799529962	0.0108262973995	-0.0048411253034	0.0141431932584	-0.0453012065601	-0.0376483630849	0.0896557434655	0.0405874214243	0.0158667256733	-0.034547519165	0.0436399373436	-0.0753061362272	-0.0129472502629	-0.0202913827319	0.0248680706437	0.0127802942826	-0.00455814896682	0.0271846302593	-0.00722144379588	-0.00691363573561	-0.0340009669581	0.0580861355971	0.0617576680754	-0.0101550673985	0.0218232595762	-0.0320157111651	-0.100627348033	-0.0162786335963	0.0545003138651	0.0121458739406
k__Bacteria;p__Bacteroidetes;c__Bacteroidia;o__Bacteroidales;f__Rikenellaceae;g__Alistipes;s__Alistipes_putredinis	-0.0144750493654	-0.00754386213285	1.0	0.0131218989451	0.000827623440859	-0.00854202716692	0.0105979732479	-0.00208733221111	-0.0402444662603	-0.010081654301	-0.0264140049256	-0.00323413489578	-0.0429415125405	0.00565461859343	0.0114518717556	0.00284363041719	-0.03744175745	0.0180167217469	-0.0120301725226	0.0442967926583	0.0237559579063	-0.0328052951648	-0.0247487212444	-0.0375570343782	0.0239468028832	0.0157291640385	-0.00994455435014	-0.0160238248442	0.00954305772879	-0.0269089722757	0.00648602467009	-0.0284782958532	-0.030820570903	-0.0106530818744	-0.0338100578601	0.0248665649405	-0.0624937334783	0.0588772434339	-0.0455155326787	-0.00587244119228	-0.0248194619708	-0.00620047799814	-0.0491217581703	-0.0714504546953	-0.00168554015356	-0.00831391553207	0.00207165305485	-0.0648499718733	0.0119084315326	-0.0152865558274	-0.0256356763611	-0.0498315466381	0.00459514035263	0.00475802443996	-0.0481367841071	-0.0318713766273	0.0447646324347	0.0216443503271	0.00404764915906
k__Bacteria;p__Bacteroidetes;c__Bacteroidia;o__Bacteroidales;f__Prevotellaceae;g__Prevotella;s__Prevotella_copri	-0.0120279485029	0.0162770361223	0.0131218989451	1.0	0.0186006984741	-0.0747427839536	-0.00646156133091	0.0465673963964	-0.0119731095544	0.0168762715277	-0.0326065068579	-0.00404844629465	0.0693709432655	-0.0461603540045	0.036909527833	-0.0105199174232	-0.00872254294466	-0.00463949234669	-0.0164031179373	-0.0425450194688	-0.0297702029698	-0.0503289457605	-0.0144675012931	-0.0155958840188	0.00489079455648	0.0122371752267	-0.0369251791567	-0.0458515418273	0.0100613913501	-0.0262208460012	-0.0430666147368	-0.0261436261263	0.012817471758	-0.0274183380245	-0.0226864395035	0.00727495983398	-0.0150271178443	-0.00288818512031	-0.000474140813521	0.0436450714841	-0.0169935040061	-0.0188637461694	-0.0157912676392	-0.0451329987346	-0.0123000406165	-0.0535223710383	0.051829361147	0.0202686680386	-0.00956163354062	0.0246960527342	-0.0565691545764	-0.018540759637	0.00875349231121	0.00579273638109	0.034706928365	-0.00701248267953	0.00496693374623	-0.00242875958573	-0.0251656129481
k__Bacteria;p__Bacteroidetes;c__Bacteroidia;o__Bacteroidales;f__Bacteroidaceae;g__Bacteroides;s__Bacteroides_stercoris	-0.0506259897985	-0.117511532058	0.000827623440859	0.0186006984741	1.0	-0.0206233316769	0.036138721901	-0.029092581619	0.00841991550406	-0.0155696557973	0.0336289752748	-0.0129956653107	0.00774013070196	-0.0222799342627	-0.0396201186274	-0.0475191957534	-0.028053494354	-0.0310889638162	-0.0239601656824	-0.0111330190152	-0.0245925310763	-0.0374759374807	-0.0570712877718	0.00237507067431	0.043455424428	0.0808023347783	-0.0295262165978	0.0109568264278	-0.000379504484522	-0.0264350312693	-0.0279050414767	-0.06103883578	-0.0135903335111	-0.0136003599058	0.0442087960082	0.0143660299086	0.014899900085	0.0220521809641	-0.0341653283024	0.0767725959974	-0.0397573461347	-0.0367991586159	-0.00731941033265	-0.022310931045	-0.0376384099956	-0.0464986866283	-0.0106177499153	0.0262871541958	-0.042858491885	0.0788653886061	-0.0768048366994	-0.00595413225966	0.00237441457932	0.00245900931622	-0.0408833034615	0.00251684492275	0.0485473626128	-0.0148247075165	0.0107075558483
k__Bacteria;p__Bacteroidetes;c__Bacteroidia;o__Bacteroidales;f__Bacteroidaceae;g__Bacteroides;s__Bacteroides_ovatus	0.0571254992399	0.00630063546507	-0.00854202716692	-0.0747427839536	-0.0206233316769	1.0	-0.0493369994852	-0.0813525730175	-0.0228421423485	-0.0635522969792	-0.0171978378068	-0.0180774190192	0.0111646973036	-0.0658895520365	0.0167733698626	-0.00241247610781	0.000739773797825	-0.0835752091594	0.039056150688	-0.0426905766041	0.0413128348968	0.0243434713146	0.00961590805723	-0.0784618854441	-0.0445631502102	0.0276095264707	0.0279910259703	0.0288340239641	0.0265155840706	-0.0632240705418	-0.0333731763922	0.0166701821982	0.0607260774314	0.0080533085364	0.0269787386913	-0.0217862949716	-0.0251397702097	0.0484819798774	0.0386109357719	-0.052804513175	-0.0374708765833	0.016757934851	0.052265573589	-0.00482358823371	0.0311942609575	-0.0401699160733	-0.012828043979	-0.0504992291953	0.0292788688736	-0.0343926403385	-0.00810925681309	-0.00318042026075	0.0265329661095	-0.0295879660458	-0.048054553638	-0.0094199693276	0.0171364880432	-0.0277966417165	-0.0092513341864
k__Bacteria;p__Bacteroidetes;c__Bacteroidia;o__Bacteroidales;f__Rikenellaceae;g__Alistipes;s__Alistipes_shahii	-0.043178317711	0.00320381401477	0.0105979732479	-0.00646156133091	0.036138721901	-0.0493369994852	1.0	0.00529447498809	-0.0115885837117	0.0238204269119	-0.00825902106986	-0.0774556733658	0.00612689351326	-0.0450398894471	-0.0384499039361	-0.0173992655452	-0.0606277942607	0.00764568689869	-0.00323364932375	0.0108480200654	-0.0269027280347	-0.0416649158503	0.0237220669821	-0.0129646734713	0.00977191967212	0.0587543194063	0.0229129445261	0.0108316886772	-0.0830601706019	-0.0127294094817	-0.0346139038637	-0.0282947268143	0.00575584746713	-0.00245723137897	-0.00948291291832	-0.0405516806196	-0.00539061801968	-0.00857008474124	-0.0704744129291	0.00802590619669	-0.0275184707995	-0.040600902288	-0.030523369785	-0.0301625600903	-0.0174506446852	-0.0529762595329	-0.00398764712831	-0.0476329333166	-0.05759614958	0.0411293410943	-0.00679997357605	0.0390778971253	0.0373642353881	0.0129005865529	0.0632477998193	-0.00275019221935	-0.000820272044897	0.0262739370764	0.0496524971563
k__Bacteria;p__Firmicutes;c__Clostridia;o__Clostridiales;f__Ruminococcaceae;g__Faecalibacterium;s__Faecalibacterium_prausnitzii	0.0071660880211	-0.0136031901414	-0.00208733221111	0.0465673963964	-0.029092581619	-0.0813525730175	0.00529447498809	1.0	-0.0407450053313	0.0153135249978	0.0426899597672	-0.00633181935923	-0.0395844681307	-0.0302338180854	-0.0356254151033	-0.0111790667204	-0.00182387507142	-0.0202153569748	-0.0292715421236	-0.0303559983935	0.0167411086465	-0.0101127174832	0.0308546573081	-0.0258478413173	-0.0638280714156	0.000148038458358	-0.005584602998	-0.053313258528	0.0242208690793	-0.0780149459767	0.0331962631569	0.0514142700998	0.0274509799944	0.00124965817441	-0.0648564435231	0.00734208187862	-0.0304078864322	0.0067051961251	-0.0481905842056	-0.00679982467491	0.014509374169	0.00850000574672	-0.0714339357344	-0.0459509182669	0.0157726269253	-0.0385604936216	-0.000545851720113	0.0553975956521	0.0518793443066	0.00683852348009	0.00218476315504	-0.0882874832522	-0.00204290406528	0.0154541392946	-0.010733496631	-0.0117315847611	-0.0312269154761	-0.0512517218602	-0.0353461887015
k__Bacteria;p__Bacteroidetes;c__Bacteroidia;o__Bacteroidales;f__Rikenellaceae;g__Alistipes;s__Alistipes_finegoldii	0.022215754413	0.0220624730943	-0.0402444662603	-0.0119731095544	0.00841991550406	-0.0228421423485	-0.0115885837117	-0.0407450053313	1.0	-0.0303816641333	-0.03441194309	-0.0601935139087	0.0487172237887	-0.000979264119617	-0.00827687374675	-0.0485304740048	0.0680819436682	-0.0431543367469	0.020827987172	-0.0152051037193	0.0208247025614	0.0441473392133	-0.0158982471264	-0.00221646882186	-0.0108322462341	0.0324871233309	0.00664441418187	-0.019599735901	0.012618917049	0.0351856429719	-0.0130084411708	-0.0295221834558	-0.019148209194	0.0094427210059	0.0150498827346	0.030299920733	0.0210271446022	0.0199049036846	0.0458857942935	-0.0337947220529	-0.07808549492	0.056939273167	0.0458539845094	0.00440544707272	-0.0542000147321	-0.0290032600821	0.00701369773677	-0.0568967650752	-0.0236801047353	-0.0885020508978	-0.0339044194571	-0.0166832118244	-0.0193172186366	0.0329701049158	-0.0125302869648	-0.0627408417872	0.0100795772254	-0.0192081447097	0.0553996002
k__Bacteria;p__Bacteroidetes;c__Bacteroidia;o__Bacteroidales;f__Porphyromonadaceae;g__Parabacteroides;s__Parabacteroides_distasonis	0.000311775002865	-0.0611549033237	-0.010081654301	0.0168762715277	-0.0155696557973	-0.0635522969792	0.0238204269119	0.0153135249978	-0.0303816641333	1.0	0.00834360232196	0.00636140613217	0.038453922594	0.0248740615013	-0.0312284820678	0.0121816378532	-0.0103840448641	-0.0167864272256	-0.0491974151526	0.0451080215258	0.0282505091021	-0.033879107205	0.0595153270977	0.00572649434136	-0.11351130921	0.0241615283385	-0.042617215108	-0.0428778652533	0.0127422675883	-0.00977772457694	-0.0319475851824	0.0118007877263	0.0451076985501	-0.0920025766688	-0.0306366690005	-0.0246585439754	-0.0489111615705	0.0657011151784	0.0272404543602	-0.0191963613087	-0.0631963935711	0.00908199722654	-0.044854527564	-0.0485581581115	-0.0174350552578	-0.0186730648928	0.041397063595	-0.00771588922688	0.0353965794189	0.0676119679869	-0.0110959909468	-0.04786228127	-0.026031607051	-0.00433878877401	0.0535621108399	-0.0092962126092	0.0196706374254	0.0335790243174	0.0132068491252
k__Bacteria;p__Bacteroidetes;c__Bacteroidia;o__Bacteroidales;f__Bacteroidaceae;g__Bacteroides;s__Bacteroides_thetaiotaomicron	0.0275653319177	0.0306111845506	-0.0264140049256	-0.0326065068579	0.0336289752748	-0.0171978378068	-0.00825902106986	0.0426899597672	-0.03441194309	0.00834360232196	1.0	0.0224611613177	-0.00137770310021	0.00652237691552	-0.0351807592098	0.00729972846775	-0.077975619638	-0.0596806266106	-0.0647749616849	0.036932680477	-0.0281553557361	-0.026188766147	0.000932371870274	-0.0159472746735	0.0411812657332	-0.0379244209283	0.0656119378898	-0.00849131106805	-0.0110586388524	0.0387773571849	0.0323513348614	0.030550934925	-0.0281049742227	-0.0300008298378	0.0094069976576	-0.0110025133243	-0.0133652682827	-0.0607718063434	-0.000155563149976	-0.0503829568218	0.0584607034121	0.047140465515	-0.0441900134468	-0.0348926592283	-0.000358433057743	-0.00626976634795	0.0410865364444	0.00916071568826	0.0117938078764	0.0240970761119	0.0183651561788	-0.0256994646659	-0.0366132825388	0.0344340544951	-0.0401996003543	0.0408426677224	-0.0608416504931	0.0139916269963	-0.0700004573211
k__Bacteria;p__Bacteroidetes;c__Bacteroidia;o__Bacteroidales;f__Bacteroidaceae;g__Bacteroides;s__Bacteroides_coprocola	0.0569475148716	0.00239739055301	-0.00323413489578	-0.00404844629465	-0.0129956653107	-0.0180774190192	-0.0774556733658	-0.00633181935923	-0.0601935139087	0.00636140613217	0.0224611613177	1.0	0.0200249911804	0.0381836720932	0.0740526401817	0.01220300225	-0.0356392750665	0.0359757517501	-0.0129294949292	0.0104529972143	0.00213008789607	0.0294755706078	-0.0358947353181	-0.0153458683604	-0.061338960978	0.053359281579	0.0150139216616	-0.0219056563436	0.023145303718	0.0114378616312	-0.0218886174415	-0.0303396097879	0.0422663900123	0.00625087319177	-0.0381314243394	0.00595338161341	-0.0566364482757	-0.0027855416465	-0.0512650367243	-0.0151162537938	0.0123056647755	-0.0523946359247	0.00312344089824	0.034238339289	0.00848883379939	0.0151089432219	-0.043323762067	-0.0148354719099	-0.0785157883347	-0.0735837673794	-0.0113193994286	-0.0250539223318	-0.0158761704344	-0.0863873312796	-0.0143134714912	-0.0473361472024	-0.019613263801	0.048576783214	-0.0514032790037
k__Bacteria;p__Bacteroidetes;c__Bacteroidia;o__Bacteroidales;f__Bacteroidaceae;g__Bacteroides;s__Bacteroides_cellulosilyticus	0.0175641478419	0.0294144116846	-0.0429415125405	0.0693709432655	0.00774013070196	0.0111646973036	0.00612689351326	-0.0395844681307	0.0487172237887	0.038453922594	-0.00137770310021	0.0200249911804	1.0	0.0275813622639	0.0287406787194	0.00127558706815	0.01741174798	-2.06671172928e-05	-0.0248985701027	-0.0407974635538	0.0303445360623	0.000549485563643	0.091009610356	-0.0385517741276	-0.0184761768898	0.0462452529774	0.0486282631053	-0.020295634779	-0.034607861456	0.0259250381751	-0.0632847244117	-0.0539858363702	-0.0218096401351	0.027223957155	-0.0565316995361	-0.0215130310393	-0.00539884840267	0.0112228317481	-0.0193949732124	-0.0170811281165	-0.0555341331633	-0.0159137755615	-0.0107353277348	-0.028348356476	-0.0269509670959	0.0117583925189	-0.0139666829945	-0.0472884629798	0.00512676691627	-0.000278578365247	0.00905179684637	-0.00280193289995	-0.0116171132297	-0.00388335989943	0.00762701433433	-0.0244485898714	-0.030926145635	-0.000734777562279	0.0435046070735
k__Bacteria;p__Bacteroidetes;c__Bacteroidia;o__Bacteroidales;f__Rikenellaceae;g__Alistipes;s__Alistipes_obesi	0.00399344594337	0.00723744170314	0.00565461859343	-0.0461603540045	-0.0222799342627	-0.0658895520365	-0.0450398894471	-0.0302338180854	-0.000979264119617	0.0248740615013	0.00652237691552	0.0381836720932	0.0275813622639	1.0	0.0226122882636	-0.0967305187931	-0.0790000887332	-0.0153325441609	-0.000938860679036	-0.0499412075871	-0.00625800106775	-0.0400192801542	-0.0309832538918	-0.0360778615161	-0.0334757337447	0.0447009073718	0.014373537905	0.0674386245378	-0.033997794415	-0.0108005639158	0.00167081399881	-0.017113396083	-0.0740701207693	-0.00699634670448	-0.0344183142001	0.0217788692317	-0.0373620065067	-0.0126605101888	-0.00472892727298	0.0607548632394	-0.0995448552887	-0.0205913093232	0.0797408693217	-0.0281331256386	0.00832244321948	-0.0290390315189	0.00309936889201	-0.00469366748614	0.0165356417403	-0.0331863649019	-0.0703932754235	0.0191622972554	-0.0488209748772	-0.0396718283799	-0.0659800650337	0.0326699297199	0.0330380335775	0.02081314015	-0.0812591166906
k__Bacteria;p__Firmicutes;c__Clostridia;o__Clostridiales;f__Lachnospiraceae;g__;s__[Eubacterium]_rectale	-0.0454653381833	0.0204818252685	0.0114518717556	0.036909527833	-0.0396201186274	0.0167733698626	-0.0384499039361	-0.0356254151033	-0.00827687374675	-0.0312284820678	-0.0351807592098	0.0740526401817	0.0287406787194	0.0226122882636	1.0	0.0390040246024	0.00771130729612	0.0464376155934	-0.0118452097559	0.0470532471552	0.00641934108902	-0.0612020856313	-0.0276256482116	-0.0314518088428	-0.0113419228528	-0.0528463797677	-0.00384651758633	-0.00033419878197	-0.00548039328744	-0.0146388327887	0.0327092990443	0.0457947678796	0.020444804562	-0.0831978459654	0.123031331389	0.0411882455037	0.0708783174585	-0.0444929985581	-0.0263963092764	0.0108684878106	0.00131685862502	0.0067222172681	-0.0152189898918	0.0319938995991	-0.00455531995464	-0.0880945805969	-0.0480774383623	-0.00813750317026	-0.0497230331593	0.00591583250947	-0.0136119115305	0.00848807698784	0.0148487827498	-0.0256656671938	0.000269223148401	-0.00313502340064	-0.0153342549643	-0.0312343791481	-0.0232120698549
k__Bacteria;p__Bacteroidetes;c__Bacteroidia;o__Bacteroidales;f__Bacteroidaceae;g__Bacteroides;s__Bacteroides_plebeius	-0.041761641778	-0.0543962037787	0.00284363041719	-0.0105199174232	-0.0475191957534	-0.00241247610781	-0.0173992655452	-0.0111790667204	-0.0485304740048	0.0121816378532	0.00729972846775	0.01220300225	0.00127558706815	-0.0967305187931	0.0390040246024	1.0	-0.00816366428789	-0.0122125923263	-0.0255401115872	-0.0264491475998	-0.0170868855024	0.00397297644156	-0.057168830791	-0.0160697547401	-0.0134164269541	-0.0308037219299	0.0296912544855	-0.026556111576	-0.00187671439801	-0.0324360072213	-0.000293015374373	-0.0550609196756	0.0682086544839	-0.0136542966519	0.0327184871418	-0.0427921614202	-0.0301546388834	0.0161707278061	-0.0217362912049	-0.013564209998	0.024163320727	-0.0312875798111	-0.0237517074686	0.066274340975	0.0574297940205	0.00667630728845	-0.0488643607262	-0.0259190915358	-0.00358454274627	0.0828332374329	-0.0494989247143	-5.86028591714e-05	-0.0399649365897	-0.00800818483558	-0.0171549117571	-0.0388034134351	0.000412100009834	0.0497353456736	-0.0410164391497
k__Bacteria;p__Bacteroidetes;c__Bacteroidia;o__Bacteroidales;f__Bacteroidaceae;g__Bacteroides;s__Bacteroides_fragilis	-0.0299683063142	-0.0217104962921	-0.03744175745	-0.00872254294466	-0.028053494354	0.000739773797825	-0.0606277942607	-0.00182387507142	0.0680819436682	-0.0103840448641	-0.077975619638	-0.0356392750665	0.01741174798	-0.0790000887332	0.00771130729612	-0.00816366428789	1.0	0.0179856050728	0.00443211818791	-0.0678963018	0.0209617160787	0.00659984627817	0.0486377979508	-0.0207597451026	-0.0283604208214	-0.0639021291188	0.00667517650817	-0.0477173977325	-0.0572943518575	-0.0498095025233	-0.0596600164514	0.00378429531502	-0.0661190486336	0.0384164051032	-0.0320813594534	0.0248245919607	-0.0209077620059	-0.00206076243344	-0.0196361659645	-0.0477171372927	-0.00106291949177	0.0163441669894	-0.00913676901495	0.00847226729882	0.0241511370891	0.0514985559604	0.00250560943505	0.0103604732832	-0.03153913942	-0.0190919736717	-0.0130210054387	-0.0338860624196	-0.00261989024933	-0.0597176719768	0.00404459783643	-0.0405592691731	-0.0113867466374	-0.0191832353314	0.0401142519109
k__Bacteria;p__Proteobacteria;c__Betaproteobacteria;o__Burkholderiales;f__Sutterellaceae;g__Sutterella;s__Sutterella_wadsworthensis	-0.0204420760279	-0.00280418530377	0.0180167217469	-0.00463949234669	-0.0310889638162	-0.0835752091594	0.00764568689869	-0.0202153569748	-0.0431543367469	-0.0167864272256	-0.0596806266106	0.0359757517501	-2.06671172928e-05	-0.0153325441609	0.0464376155934	-0.0122125923263	0.0179856050728	1.0	-0.0120762783005	0.0994655626657	-0.0467487901651	-0.0449590336414	-0.0433468960894	-0.0243555604078	0.0169844933967	0.0297819967185	0.00619822710854	0.0337884067925	0.0231355724356	-0.0241554046172	-0.0213701602849	-0.015430655272	0.00693692602573	-0.0116838786897	-0.0615201624859	-0.0281296917758	0.0375668826232	-0.00572787648727	-0.00957380951489	0.0171233376849	0.027784367778	0.00975862274467	0.0321233345823	0.0120701748582	0.099129407968	-0.0536249181919	-0.0283871411016	-0.0465390903412	-0.0269430978666	0.0511715802935	-0.0339156513004	-0.0117410597374	-0.0272550856304	-0.00219888495866	-0.0383097597314	-0.103545864254	0.0017397552392	-0.029347519465	-0.0476812744673
k__Bacteria;p__Bacteroidetes;c__Bacteroidia;o__Bacteroidales;f__Porphyromonadaceae;g__Barnesiella;s__Barnesiella_intestinihominis	-0.00458045503044	-0.00654980026358	-0.0120301725226	-0.0164031179373	-0.0239601656824	0.039056150688	-0.00323364932375	-0.0292715421236	0.020827987172	-0.0491974151526	-0.0647749616849	-0.0129294949292	-0.0248985701027	-0.000938860679035	-0.0118452097559	-0.0255401115872	0.00443211818791	-0.0120762783005	1.0	-0.00518240523648	-0.0287160928288	-0.0404242745068	-0.0586368840242	-0.070081414464	0.0218931413352	0.0381566532058	-0.0176863315927	-0.013842901462	-0.0378780301734	-0.0358117222751	-0.0697699141302	-0.0293930385271	0.0317882430753	0.0388447960036	0.0145169894877	-0.0107791244545	-0.0308772492754	0.0152409138998	0.000220530586975	-0.0536382290664	-0.060283530844	0.0637821435286	0.0230059532855	0.0292800823291	-0.0340024100741	0.00551755523356	-0.0372960528503	0.0226891051111	0.0177474733173	0.0857037567559	-0.00580457913416	-0.0300223423014	0.00265632626375	0.028023585432	0.00748732817659	-0.00830934492894	0.0137258716783	0.0124328780637	-0.0530182667325
k__Bacteria;p__Bacteroidetes;c__Bacteroidia;o__Bacteroidales;f__Odoribacteraceae;g__Odoribacter;s__Odoribacter_splanchnicus	-0.0370753990028	-0.0102531905967	0.0442967926583	-0.0425450194688	-0.0111330190152	-0.0426905766041	0.0108480200654	-0.0303559983935	-0.0152051037193	0.0451080215258	0.036932680477	0.0104529972143	-0.0407974635538	-0.0499412075871	0.0470532471552	-0.0264491475998	-0.0678963018	0.0994655626657	-0.00518240523648	1.0	-0.0153857470211	0.0426191399398	-0.0323774492397	-0.0136564749809	0.0551838370163	0.0162016350152	-0.0273609261307	-0.0146207811163	0.0172456717991	0.0545551391065	0.0275300000415	0.00950415776584	-0.00479628181383	-0.0352261386723	-0.0515423321776	0.052755976501	-0.000456231570042	0.0615895765075	-0.0414467561304	-0.0578478644917	-0.013953541839	-0.0124374231207	0.05267139165	-0.0463182353557	0.00599653384313	-0.0172751130022	-0.00912064105171	-0.0171288972565	-0.0321737107115	-0.018977341178	0.0294177903781	0.0189575149149	-0.00782547069215	-0.0143692513837	-0.0414625817009	-0.0662913955222	-0.00634741789324	0.0155203887864	-0.0542179322213
k__Bacteria;p__Bacteroidetes;c__Bacteroidia;o__Bacteroidales;f__Bacteroidaceae;g__Bacteroides;s__Bacteroides_salyersiae	0.0342203715688	0.00900351410261	0.0237559579063	-0.0297702029698	-0.0245925310763	0.0413128348968	-0.0269027280347	0.0167411086465	0.0208247025614	0.0282505091021	-0.0281553557361	0.00213008789607	0.0303445360623	-0.00625800106775	0.00641934108902	-0.0170868855024	0.0209617160787	-0.0467487901651	-0.0287160928288	-0.0153857470211	1.0	0.053595279688	0.0413974740374	-0.0411349513686	0.0209973227215	0.00506100523589	-0.00156421514209	-0.0323171375998	-0.054252627749	-0.0550372731737	-0.0768765755993	0.076413906684	0.0545801239697	-0.0360136417328	0.049330562104	0.0274853572677	0.0161813790321	-0.0403780907154	-0.00702841171634	-0.0444954460917	-0.00991692069771	-0.0465428279325	-0.0514078146079	-0.0530808066165	0.0709182727528	-0.0182154988494	0.0107333976225	-0.0628862944484	0.00508093823862	-0.0259348655754	-0.00252001499153	-0.0788425018456	-0.031385855256	-0.0683042329362	-0.0103854061153	-0.0722426159927	-0.000516090418761	0.0286398831214	-0.060316114275
k__Bacteria;p__Firmicutes;c__Clostridia;o__Clostridiales;f__Ruminococcaceae;g__Ruminiclostridium;s__[Eubacterium]_siraeum	-0.00445708240029	0.0132779893209	-0.0328052951649	-0.0503289457605	-0.0374759374807	0.0243434713146	-0.0416649158503	-0.0101127174832	0.0441473392133	-0.033879107205	-0.026188766147	0.0294755706078	0.000549485563643	-0.0400192801542	-0.0612020856313	0.00397297644156	0.00659984627817	-0.0449590336414	-0.0404242745068	0.0426191399398	0.053595279688	1.0	-0.0149125932401	-0.0345482623771	-0.0294025533773	-0.0183704971399	-0.0467629938047	0.00657463340027	0.0267731377364	0.0159123419098	-0.0587872796049	0.00534316224107	-0.0186418467082	0.0298478069615	-0.00511725597542	-0.0285880310346	-0.0283965990151	-0.047323488935	0.0347745650911	0.0330170201192	-0.0367362632951	-0.0653129147177	-0.00825665502174	0.00514555071362	-0.0102074353767	0.0768127817961	-0.0320093561477	0.0294910693045	0.034863227358	-0.0661914459434	0.0267506688918	-0.0177781714681	-0.0170539059816	0.0642544944134	0.0457140747143	-0.0372884486387	-0.0498942341157	0.0269483328044	-0.0216202337222
k__Bacteria;p__Proteobacteria;c__Betaproteobacteria;o__Burkholderiales;f__Sutterellaceae;g__Parasutterella;s__Parasutterella_excrementihominis	0.0284182541824	-0.00328502687049	-0.0247487212444	-0.0144675012931	-0.0570712877718	0.00961590805723	0.0237220669821	0.0308546573081	-0.0158982471264	0.0595153270977	0.000932371870274	-0.0358947353181	0.091009610356	-0.0309832538918	-0.0276256482116	-0.057168830791	0.0486377979508	-0.0433468960894	-0.0586368840242	-0.0323774492397	0.0413974740374	-0.0149125932401	1.0	-0.0517860761212	-0.021889367545	-0.0304853251896	-0.00967736924307	0.00714042645237	-0.0136679459036	0.00619474130018	0.0172285907475	-0.0291566401117	0.00819668113174	0.0157333098882	-0.0402851841138	-0.0309834047222	0.0136897298709	-0.0443882384627	-0.112744092992	0.061408412879	0.0638427188184	0.00830658678184	-0.0441309984428	-0.0104348569627	0.0124088922662	-0.0281969428953	-0.0150579794035	-0.01379632689	-0.0329116624567	-0.00533063005765	-0.0276513515533	0.0301132012997	0.0249103539512	-0.00976311795489	-0.0482145911726	0.00945486937888	0.0704832852946	0.0132785604339	-0.0108549811899
k__Bacteria;p__Actinobacteria;c__Actinobacteria;o__Bifidobacteriales;f__Bifidobacteriaceae;g__Bifidobacterium;s__Bifidobacterium_adolescentis	-0.0100181900161	0.00127439721394	-0.0375570343782	-0.0155958840188	0.00237507067431	-0.0784618854441	-0.0129646734713	-0.0258478413173	-0.00221646882186	0.00572649434136	-0.0159472746735	-0.0153458683604	-0.0385517741276	-0.0360778615161	-0.0314518088428	-0.0160697547401	-0.0207597451026	-0.0243555604078	-0.070081414464	-0.0136564749809	-0.0411349513686	-0.0345482623771	-0.0517860761212	1.0	-5.27718667857e-05	-0.0471237348004	0.0657529497833	-0.0294233441665	-0.0427264338838	-0.00506615655255	-0.0105045548885	-0.0555925671997	-0.0434753062302	0.0368458600849	0.0603053121354	-0.0676156354577	-0.0407684491599	-0.0428575943857	0.049343664628	0.0731852937492	0.0470573448876	0.00429619984706	0.0121011773061	-0.000641410204739	0.000823194878862	-0.00187703552802	-0.0335885462893	-0.0164057078122	0.00481412727408	0.0154660990069	0.00672181423876	-0.0479268200531	0.0326916842534	0.0350138057409	-0.0563463737697	0.0115580954328	-0.0111074080776	-0.0503019658158	0.0221517804937
k__Bacteria;p__Firmicutes;c__Clostridia;o__Clostridiales;f__Oscillospiraceae;g__Oscillibacter;s__Oscillibacter_sp._KLE_1745	-0.00589652493859	-0.00354443345371	0.0239468028832	0.00489079455648	0.043455424428	-0.0445631502102	0.00977191967212	-0.0638280714156	-0.0108322462341	-0.11351130921	0.0411812657332	-0.061338960978	-0.0184761768898	-0.0334757337447	-0.0113419228528	-0.0134164269541	-0.0283604208214	0.0169844933967	0.0218931413352	0.0551838370163	0.0209973227215	-0.0294025533773	-0.021889367545	-5.27718667859e-05	1.0	-0.057637078083	0.102182506489	0.00847373852622	-0.00580094491167	0.0479901479253	0.0111724469984	0.0291583447038	-0.0486496305833	-0.0151306776456	-0.0030187769213	-0.0259682649782	0.0133805396464	-0.00670552619892	-0.0553804549466	-0.0130802190234	0.069785823141	-0.0682687859784	-0.0783523639123	0.0180634545194	-0.0449169661178	0.0251437670743	-0.0747847599512	-0.0496523219012	0.0237215580948	-0.0589303250198	-0.0753423719167	0.00845062072872	-0.0370118042727	0.0579933026044	-0.0213202867181	0.0914630701167	0.00797824674568	-0.00671737819336	0.024306790141
k__Bacteria;p__Bacteroidetes;c__Bacteroidia;o__Bacteroidales;f__Bacteroidaceae;g__Bacteroides;s__Bacteroides_coprophilus	-0.0605967738662	0.0100107089144	0.0157291640385	0.0122371752267	0.0808023347783	0.0276095264707	0.0587543194063	0.000148038458358	0.0324871233309	0.0241615283385	-0.0379244209283	0.053359281579	0.0462452529774	0.0447009073718	-0.0528463797677	-0.0308037219299	-0.0639021291188	0.0297819967185	0.0381566532058	0.0162016350152	0.00506100523589	-0.0183704971399	-0.0304853251896	-0.0471237348004	-0.057637078083	1.0	-0.0296797231928	-0.0277146450885	-0.00633177223801	-0.0239530439192	-0.048036871578	0.0470434252045	-0.00313592176883	-0.0291824291728	-0.0210098076186	-0.0454704334128	-0.0252891731488	-0.0442576567117	0.00679189737985	-0.0157948157007	-0.0785212065917	-0.0547110124102	-0.0495889826499	-0.034341065135	-0.0303917989349	-0.014944358562	-0.0276542497028	-0.068113031502	0.0103031194701	-0.0460077184179	-0.0384433270772	0.0142187829566	-0.0622390894737	0.00296152254406	-0.00525954683254	0.0397827182825	-0.0283089641166	0.0141592111	0.0679682343464
k__Bacteria;p__Firmicutes;c__Clostridia;o__Clostridiales;f__Lachnospiraceae;g__Roseburia;s__Roseburia_intestinalis	0.0157452840096	-0.0862113608204	-0.00994455435014	-0.0369251791567	-0.0295262165978	0.0279910259703	0.0229129445261	-0.005584602998	0.00664441418187	-0.042617215108	0.0656119378898	0.0150139216616	0.0486282631053	0.014373537905	-0.00384651758633	0.0296912544855	0.00667517650817	0.00619822710854	-0.0176863315927	-0.0273609261307	-0.00156421514209	-0.0467629938047	-0.00967736924307	0.0657529497833	0.102182506489	-0.0296797231928	1.0	0.0104131997074	0.0161545228118	-0.0376480530711	0.0118263955882	0.0104707846861	-0.00998170551954	0.019293764923	0.0169192561897	-0.0305021353116	-0.029798019188	-0.030328674695	-0.0092141713802	0.00908765090703	-0.0768614982477	-0.0503661122592	0.0465645194724	-0.0052722423236	-0.0603265646629	0.0468414832679	-0.0117036089618	-0.049687776097	-0.00646541465177	-0.00682270297901	-0.0374727016737	0.0121539282126	-0.0389439644519	-0.00523480121394	-0.0256637786714	0.0270294760563	-0.00988158018604	-0.111577024253	0.00509981171338
k__Bacteria;p__Firmicutes;c__Clostridia;o__Clostridiales;f__Lachnospiraceae;g__Roseburia;s__Roseburia_hominis	-0.0286198018525	0.0026120978682	-0.0160238248442	-0.0458515418273	0.0109568264278	0.0288340239641	0.0108316886772	-0.053313258528	-0.019599735901	-0.0428778652533	-0.00849131106805	-0.0219056563436	-0.020295634779	0.0674386245378	-0.00033419878197	-0.026556111576	-0.0477173977325	0.0337884067925	-0.013842901462	-0.0146207811163	-0.0323171375998	0.00657463340027	0.00714042645237	-0.0294233441665	0.00847373852622	-0.0277146450885	0.0104131997074	1.0	-0.000147474909137	-0.0365819532775	-0.0345367865929	-0.0631099255098	-0.0243270009957	-0.0506898196951	-0.00975338594573	-0.0495831204544	0.0184288215867	0.0153639102169	-0.045509357605	-0.0509427661517	-0.0414362748222	0.0268499263446	0.0677373235839	-0.00957565767185	0.0482817768677	0.0619927203021	-0.0257736309575	-0.0208886197106	-0.0366542442555	0.0119279146968	-0.00814264201586	-0.0243139734953	0.0149457502832	0.00450864391254	0.00293182728995	-0.00894700997646	-0.0214186703063	-0.00999965202506	0.0282668730113
k__Bacteria;p__Bacteroidetes;c__Bacteroidia;o__Bacteroidales;f__Porphyromonadaceae;g__Parabacteroides;s__Parabacteroides_johnsonii	0.0326371605732	-0.0512071081568	0.00954305772879	0.0100613913501	-0.000379504484522	0.0265155840706	-0.0830601706019	0.0242208690793	0.012618917049	0.0127422675883	-0.0110586388524	0.023145303718	-0.034607861456	-0.033997794415	-0.00548039328744	-0.00187671439801	-0.0572943518575	0.0231355724356	-0.0378780301734	0.0172456717991	-0.054252627749	0.0267731377364	-0.0136679459036	-0.0427264338838	-0.00580094491167	-0.00633177223801	0.0161545228118	-0.000147474909137	1.0	-0.0322504661913	0.00281457413686	0.0592924092217	0.0147395902236	-0.0483480290669	0.00570809993721	-0.0337589349645	-0.00499951936158	-0.0361857679013	-0.0393034726725	0.00836028671594	-0.00148471535942	-0.0113071091031	0.0450541354294	0.00436067167388	-0.0291786517668	-0.025538483405	-0.00634120737834	-0.0133262428901	-0.0138203097343	0.0333946154015	-0.030493531948	0.0302791535684	-0.0246221918424	0.0148854891224	-0.011170270222	0.00153794160965	0.0224503878528	-0.0494200708341	-0.0650326334036
k__Bacteria;p__Actinobacteria;c__Actinobacteria;o__Bifidobacteriales;f__Bifidobacteriaceae;g__Bifidobacterium;s__Bifidobacterium_longum	-0.00941453286555	0.0230799529962	-0.0269089722757	-0.0262208460012	-0.0264350312693	-0.0632240705418	-0.0127294094817	-0.0780149459767	0.0351856429719	-0.00977772457694	0.0387773571849	0.0114378616312	0.0259250381751	-0.0108005639158	-0.0146388327887	-0.0324360072213	-0.0498095025233	-0.0241554046172	-0.0358117222751	0.0545551391065	-0.0550372731737	0.0159123419098	0.00619474130018	-0.00506615655255	0.0479901479253	-0.0239530439192	-0.0376480530711	-0.0365819532775	-0.0322504661913	1.0	-0.0151257267299	-0.0605424959413	-0.0477177719671	-0.0187307897932	0.0109262066934	-0.0297855784453	-0.00184090976559	0.00015273591226	-0.0420149668947	0.00829691862604	-0.00105319236229	-0.0136144850883	-0.0472896903344	0.0133785041197	0.0127738093843	0.0184577031542	-0.024335214035	-0.0517515640054	-0.0229766119038	0.00384953253553	-0.0316935632283	-0.0111418426332	-0.00924491616416	0.0820433635007	-0.0468561011584	-0.0533941381213	0.0176415160606	-0.050792901557	0.011001323817
