#taxonomy	k__Bacteria;p__Bacteroidetes;c__Bacteroidia;o__Bacteroidales;f__Bacteroidaceae;g__Bacteroides;s__Bacteroides_vulgatus	k__Bacteria;p__Bacteroidetes;c__Bacteroidia;o__Bacteroidales;f__Bacteroidaceae;g__Bacteroides;s__Bacteroides_uniformis	k__Bacteria;p__Bacteroidetes;c__Bacteroidia;o__Bacteroidales;f__Rikenellaceae;g__Alistipes;s__Alistipes_putredinis	k__Bacteria;p__Bacteroidetes;c__Bacteroidia;o__Bacteroidales;f__Prevotellaceae;g__Prevotella;s__Prevotella_copri	k__Bacteria;p__Bacteroidetes;c__Bacteroidia;o__Bacteroidales;f__Bacteroidaceae;g__Bacteroides;s__Bacteroides_stercoris	k__Bacteria;p__Bacteroidetes;c__Bacteroidia;o__Bacteroidales;f__Bacteroidaceae;g__Bacteroides;s__Bacteroides_ovatus	k__Bacteria;p__Bacteroidetes;c__Bacteroidia;o__Bacteroidales;f__Rikenellaceae;g__Alistipes;s__Alistipes_shahii	k__Bacteria;p__Firmicutes;c__Clostridia;o__Clostridiales;f__Ruminococcaceae;g__Faecalibacterium;s__Faecalibacterium_prausnitzii	k__Bacteria;p__Bacteroidetes;c__Bacteroidia;o__Bacteroidales;f__Rikenellaceae;g__Alistipes;s__Alistipes_finegoldii	k__Bacteria;p__Bacteroidetes;c__Bacteroidia;o__Bacteroidales;f__Porphyromonadaceae;g__Parabacteroides;s__Parabacteroides_distasonis	k__Bacteria;p__Bacteroidetes;c__Bacteroidia;o__Bacteroidales;f__Bacteroidaceae;g__Bacteroides;s__Bacteroides_thetaiotaomicron	k__Bacteria;p__Bacteroidetes;c__Bacteroidia;o__Bacteroidales;f__Bacteroidaceae;g__Bacteroides;s__Bacteroides_coprocola	k__Bacteria;p__Bacteroidetes;c__Bacteroidia;o__Bacteroidales;f__Bacteroidaceae;g__Bacteroides;s__Bacteroides_cellulosilyticus	k__Bacteria;p__Bacteroidetes;c__Bacteroidia;o__Bacteroidales;f__Rikenellaceae;g__Alistipes;s__Alistipes_obesi	k__Bacteria;p__Firmicutes;c__Clostridia;o__Clostridiales;f__Lachnospiraceae;g__;s__[Eubacterium]_rectale	k__Bacteria;p__Bacteroidetes;c__Bacteroidia;o__Bacteroidales;f__Bacteroidaceae;g__Bacteroides;s__Bacteroides_plebeius	k__Bacteria;p__Bacteroidetes;c__Bacteroidia;o__Bacteroidales;f__Bacteroidaceae;g__Bacteroides;s__Bacteroides_fragilis	k__Bacteria;p__Proteobacteria;c__Betaproteobacteria;o__Burkholderiales;f__Sutterellaceae;g__Sutterella;s__Sutterella_wadsworthensis	k__Bacteria;p__Bacteroidetes;c__Bacteroidia;o__Bacteroidales;f__Porphyromonadaceae;g__Barnesiella;s__Barnesiella_intestinihominis	k__Bacteria;p__Bacteroidetes;c__Bacteroidia;o__Bacteroidales;f__Odoribacteraceae;g__Odoribacter;s__Odoribacter_splanchnicus	k__Bacteria;p__Bacteroidetes;c__Bacteroidia;o__Bacteroidales;f__Bacteroidaceae;g__Bacteroides;s__Bacteroides_salyersiae	k__Bacteria;p__Firmicutes;c__Clostridia;o__Clostridiales;f__Ruminococcaceae;g__Ruminiclostridium;s__[Eubacterium]_siraeum	k__Bacteria;p__Proteobacteria;c__Betaproteobacteria;o__Burkholderiales;f__Sutterellaceae;g__Parasutterella;s__Parasutterella_excrementihominis	k__Bacteria;p__Actinobacteria;c__Actinobacteria;o__Bifidobacteriales;f__Bifidobacteriaceae;g__Bifidobacterium;s__Bifidobacterium_adolescentis	k__Bacteria;p__Firmicutes;c__Clostridia;o__Clostridiales;f__Oscillospiraceae;g__Oscillibacter;s__Oscillibacter_sp._KLE_1745	k__Bacteria;p__Bacteroidetes;c__Bacteroidia;o__Bacteroidales;f__Bacteroidaceae;g__Bacteroides;s__Bacteroides_coprophilus	k__Bacteria;p__Firmicutes;c__Clostridia;o__Clostridiales;f__Lachnospiraceae;g__Roseburia;s__Roseburia_intestinalis	k__Bacteria;p__Firmicutes;c__Clostridia;o__Clostridiales;f__Lachnospiraceae;g__Roseburia;s__Roseburia_hominis	k__Bacteria;p__Bacteroidetes;c__Bacteroidia;o__Bacteroidales;f__Porphyromonadaceae;g__Parabacteroides;s__Parabacteroides_johnsonii	k__Bacteria;p__Actinobacteria;c__Actinobacteria;o__Bifidobacteriales;f__Bifidobacteriaceae;g__Bifidobacterium;s__Bifidobacterium_longum	k__Bacteria;p__Firmicutes;c__Clostridia;o__Clostridiales;f__;g__Flavonifractor;s__Flavonifractor_plautii	k__Bacteria;p__Firmicutes;c__Clostridia;o__Clostridiales;f__Clostridiaceae;g__Clostridium;s__Clostridium_phoceensis	k__Bacteria;p__Verrucomicrobia;c__Verrucomicrobiae;o__Verrucomicrobiales;f__Akkermansiaceae;g__Akkermansia;s__Akkermansia_muciniphila	k__Bacteria;p__Bacteroidetes;c__Bacteroidia;o__Bacteroidales;f__Prevotellaceae;g__Paraprevotella;s__Paraprevotella_xylaniphila	k__Bacteria;p__Firmicutes;c__Clostridia;o__Clostridiales;f__Ruminococcaceae;g__Ruminococcus;s__Ruminococcus_callidus	k__Bacteria;p__Bacteroidetes;c__Bacteroidia;o__Bacteroidales;f__Rikenellaceae;g__Alistipes;s__Alistipes_senegalensis	k__Bacteria;p__Firmicutes;c__Clostridia;o__Clostridiales;f__Lachnospiraceae;g__Blautia;s__Blautia_sp._KLE_1732	k__Bacteria;p__Bacteroidetes;c__Bacteroidia;o__Bacteroidales;f__Bacteroidaceae;g__Bacteroides;s__Bacteroides_oleiciplenus	k__Bacteria;p__Firmicutes;c__Clostridia;o__Clostridiales;f__Ruminococcaceae;g__Ruminococcus;s__Ruminococcus_bicirculans	k__Bacteria;p__Bacteroidetes;c__Bacteroidia;o__Bacteroidales;f__Bacteroidaceae;g__Bacteroides;s__Bacteroides_fluxus	k__Bacteria;p__Bacteroidetes;c__Bacteroidia;o__Bacteroidales;f__Prevotellaceae;g__Prevotella;s__Prevotella_stercorea	k__Bacteria;p__Firmicutes;c__Clostridia;o__Clostridiales;f__Lachnospiraceae;g__Dorea;s__Dorea_longicatena	k__Bacteria;p__Firmicutes;c__Clostridia;o__Clostridiales;f__Eubacteriaceae;g__Eubacterium;s__[Eubacterium]_eligens	k__Bacteria;p__Firmicutes;c__Clostridia;o__Clostridiales;f__Ruminococcaceae;g__;s__Ruminococcaceae_bacterium_D16	k__Bacteria;p__Firmicutes;c__Clostridia;o__Clostridiales;f__Lachnospiraceae;g__Coprococcus;s__Coprococcus_comes	k__Bacteria;p__Proteobacteria;c__Gammaproteobacteria;o__Enterobacterales;f__Enterobacteriaceae;g__Escherichia;s__Escherichia_coli	k__Bacteria;p__Firmicutes;c__Clostridia;o__Clostridiales;f__Ruminococcaceae;g__Anaerotruncus;s__Anaerotruncus_colihominis	k__Bacteria;p__Firmicutes;c__Clostridia;o__Clostridiales;f__Lachnospiraceae;g__Blautia;s__Blautia_obeum	k__Bacteria;p__Bacteroidetes;c__Bacteroidia;o__Bacteroidales;f__Odoribacteraceae;g__Odoribacter;s__Odoribacter_laneus	k__Bacteria;p__Firmicutes;c__Clostridia;o__Clostridiales;f__Ruminococcaceae;g__Ruminiclostridium;s__[Clostridium]_leptum	k__Bacteria;p__Bacteroidetes;c__Bacteroidia;o__Bacteroidales;f__Porphyromonadaceae;g__Parabacteroides;s__Parabacteroides_goldsteinii	k__Bacteria;p__Firmicutes;c__Clostridia;o__Clostridiales;f__Lachnospiraceae;g__Anaerostipes;s__Anaerostipes_hadrus	k__Bacteria;p__Firmicutes;c__Clostridia;o__Clostridiales;f__Ruminococcaceae;g__Ruminococcus;s__Ruminococcus_lactaris	k__Bacteria;p__Firmicutes;c__Clostridia;o__Clostridiales;f__Clostridiaceae;g__Clostridium;s__Clostridium_sp._L2-50	k__Bacteria;p__Firmicutes;c__Clostridia;o__Clostridiales;f__Clostridiaceae;g__Clostridium;s__Clostridium_sp._M62/1	k__Bacteria;p__Firmicutes;c__Clostridia;o__Clostridiales;f__;g__Intestinimonas;s__Intestinimonas_butyriciproducens	k__Bacteria;p__Actinobacteria;c__Actinobacteria;o__Bifidobacteriales;f__Bifidobacteriaceae;g__Bifidobacterium;s__Bifidobacterium_bifidum	k__Bacteria;p__Firmicutes;c__Negativicutes;o__Veillonellales;f__Veillonellaceae;g__Dialister;s__Dialister_invisus	k__Bacteria;p__Bacteroidetes;c__Bacteroidia;o__Bacteroidales;f__Bacteroidaceae;g__Bacteroides;s__Bacteroides_salanitronis
k__Bacteria;p__Bacteroidetes;c__Bacteroidia;o__Bacteroidales;f__Bacteroidaceae;g__Bacteroides;s__Bacteroides_vulgatus	1.0	-0.141872123178	-0.027960174359	-0.027243836833	-0.000641839025817	0.020434569032	-0.0601088844309	0.0309328171159	0.0111468072152	0.0773950390216	0.00467741617707	-0.106019584351	-0.0241205058903	-0.0670023645726	-0.112365731561	-0.0217719909348	0.059715322082	-0.00628814581052	-0.00860389967014	-0.110951108422	0.0899364914388	0.0995911391314	0.0797502216943	-0.0863962997806	0.0451060451053	0.0724972204636	-0.0497396607043	-0.012712854845	-0.0221765206524	-0.0272871717922	0.0671718750089	-0.0394047504403	-0.104313149467	0.0777917309633	0.172337138441	-0.00477308555032	-0.0720699906436	-0.0343913060879	0.11744127974	0.0819744491172	0.168236073537	0.0540541942567	-0.100492113298	0.102843623847	-0.00299480903634	-0.139564842413	-0.01010050453	-0.0537061434858	-0.0902350426392	0.0160395564804	-0.127934868958	0.0287672419463	0.170229291924	-0.096708326609	-0.0526781358858	-0.0670649956762	-0.0765765740144	-0.0277633953197	-0.0116647738534
k__Bacteria;p__Bacteroidetes;c__Bacteroidia;o__Bacteroidales;f__Bacteroidaceae;g__Bacteroides;s__Bacteroides_uniformis	-0.141872123178	1.0	-0.00822851887801	0.177283238414	0.175766729578	-0.0656963490178	-0.0229618657761	0.0634547062219	-0.0547650351585	-0.0498752215549	0.0182832825056	-0.0377126049179	-0.0502042260165	0.0441771611993	-0.15184913215	0.0120805373078	-0.0200803993412	0.0782332396326	0.00244152138534	-0.0422836962193	0.0152841027036	0.161345599005	-0.0395663329187	-0.0374804855272	0.0298298737087	0.00924010670603	-0.122653840172	0.0454667459757	0.0239637134023	0.0093995895036	-0.0155366303561	-0.0512536176122	-0.0549103845017	0.0431523667716	-0.103143483487	0.00804353921765	0.0138286725305	-0.188120843513	0.0950703675558	-0.124053930142	-0.063208746922	-0.00131147554771	0.027466862694	0.00745574926654	-0.0271403983461	-0.102956459978	-0.00384833546241	0.142468561524	-0.0935866671629	-0.0579565682449	-0.026098469588	0.0205680630799	0.0792810806257	-0.0622051983648	0.0648302264838	0.0266383411918	0.125877915509	0.0144317000598	0.00901531571036
k__Bacteria;p__Bacteroidetes;c__Bacteroidia;o__Bacteroidales;f__Rikenellaceae;g__Alistipes;s__Alistipes_putredinis	-0.027960174359	-0.00822851887801	1.0	0.0226871700533	0.00766416932718	0.0251708703586	-0.00198397978012	-0.0769780175528	-0.0335226322311	0.00687912874706	0.00828708564812	-0.0077777871146	0.101151467667	0.0815202708363	0.0448224851009	0.0242867912272	0.0360055806253	0.0563511283317	0.0397159157247	0.0877500544359	-0.0946601081542	-0.0395319573307	0.0486979341756	0.0444339599681	-0.0202711506094	-0.0893129525809	0.0388197321386	-0.101625480437	0.0182542579561	0.0882566562289	-0.0224325976936	-0.0773708907977	-0.0203547271467	-0.00486384173443	-0.0347101453826	0.0586794950054	0.0282657962902	-0.0526353397288	-0.0682827679107	-0.0199290886648	0.0743803382419	-0.122687066578	-0.00177205751035	0.113043958984	0.0763067774947	-0.0285691599236	-0.0176362575526	-0.0716470915256	0.0431757928834	-0.0224555693385	0.0231859038989	0.0352652157127	0.0217026526893	0.0487908789975	-0.24082931728	-0.034826387245	-0.0839383383181	0.0453954712975	-0.0309239382476
k__Bacteria;p__Bacteroidetes;c__Bacteroidia;o__Bacteroidales;f__Prevotellaceae;g__Prevotella;s__Prevotella_copri	-0.027243836833	0.177283238414	0.0226871700533	1.0	0.0993024490505	0.0514982810647	-0.0354461949933	0.0184054540509	-0.000798322385819	-0.0976744541945	0.141873490676	0.0426124610962	0.0598839210382	-0.107531285436	-0.0979561564717	-0.00108129765608	-0.00339590707781	-0.0880106632101	-0.157022430632	-0.0919544179394	-0.0816211709211	0.0120533903344	-0.00144098892349	-0.0670528608748	-0.0420946057105	0.0213024407067	0.046264609596	-0.000194161509322	-0.0104248321548	-0.0952505902688	-0.00513519073762	0.0417844237592	-0.0995467995426	0.0433726501429	-0.00625253308643	0.119048004514	-0.00690241188602	-0.01907618254	0.0793451569608	-0.0240513263597	0.0266284061429	0.0273564228552	-0.138166635541	-0.0409341658078	-0.0145144256289	0.0730256414572	0.0229041313011	-0.0284161175567	-0.0737387680125	0.0215694149953	-0.036881313217	0.0107505277022	-0.0898117190779	-0.0580753212548	0.123243414341	-0.0787974915863	0.12901512323	0.0900845538124	-0.0472175936081
k__Bacteria;p__Bacteroidetes;c__Bacteroidia;o__Bacteroidales;f__Bacteroidaceae;g__Bacteroides;s__Bacteroides_stercoris	-0.000641839025817	0.175766729578	0.00766416932718	0.0993024490505	1.0	-0.0943516367588	-0.00933316451273	-0.0668082794418	-0.11191778027	-0.0218660895651	-0.114512614089	0.0133848056373	0.0398445807624	0.00631267701477	0.0195580132353	0.00977744688741	-0.029642830744	-0.0495131728612	0.11756210134	-0.0712075014953	-0.0814104125222	-0.0681117522361	0.0245897944475	-0.0708065974771	-0.150506398595	0.04166618347	-0.128216099951	-0.0190685009701	0.12125201819	0.0183976956812	0.0433501413128	-0.0262652214768	-0.00307009439179	-0.0472236728797	0.0171762089921	0.0598569080485	0.0115196885195	0.011021779843	0.0485807174905	-0.0825638835062	-0.0400620211402	0.031911107175	0.0464485911719	0.00327404913418	0.179001137874	-0.0902257257734	0.069841379513	0.103725917751	-0.0609838125121	0.0190220636204	-0.0425868658345	-0.0703555586777	0.0221563155932	-0.0381770412398	-0.0365090378014	-0.0887384444893	0.00479215967154	0.0281328155899	0.0222915125241
k__Bacteria;p__Bacteroidetes;c__Bacteroidia;o__Bacteroidales;f__Bacteroidaceae;g__Bacteroides;s__Bacteroides_ovatus	0.020434569032	-0.0656963490178	0.0251708703586	0.0514982810647	-0.0943516367588	1.0	-0.00224252300711	0.06815267988	0.121323619901	-0.00619527189293	0.0317903017205	0.0892973608653	0.0497181672714	0.0643271818628	0.0210128183128	-0.143539772218	-0.0104070705756	0.0639411048494	-0.0418149970125	0.134891750292	0.0566655341258	-0.0254023795738	-0.140151429184	0.142764206733	0.0512868663975	-0.114837187464	-0.0406758588908	-0.0126682219286	-0.0616577091413	-0.0607333645382	-0.15394401379	0.0138586353141	-0.0368282438576	0.0914388282329	-0.0203731275517	-0.0836057569839	0.0803517930098	0.0706458080184	-0.013859160579	-0.033228744893	-0.0355678094205	0.044839736432	-0.0616196766298	0.0222728440303	-0.0528613196033	0.0244775042163	-0.00974781772423	-0.0392379863558	-0.147237617174	-0.0129578777564	-0.0441918172381	0.0869455420167	0.0289821220227	-0.101135557802	-0.0256606989202	0.0357477205136	-0.113762506824	-0.0677351575155	-0.167478498792
k__Bacteria;p__Bacteroidetes;c__Bacteroidia;o__Bacteroidales;f__Rikenellaceae;g__Alistipes;s__Alistipes_shahii	-0.0601088844309	-0.0229618657761	-0.00198397978012	-0.0354461949933	-0.00933316451273	-0.00224252300711	1.0	0.0465371699555	0.088443126084	0.0427440550805	0.0117485901055	-0.0753078818321	0.0391274524898	-0.166994555136	0.0580464268807	0.0439726616158	0.0814500513401	0.0188188234502	0.0691398607266	-0.0482081497614	-0.13069036403	-0.00220341296683	-0.0554507934371	0.0153247299434	0.0560048003977	-0.0365092722652	0.0312304447724	-0.024461523443	-0.0358874095117	0.174060891246	-0.122339899977	-0.0278785264383	0.0662706154322	-0.0187336147863	-0.0794467657494	-0.0960054768047	0.0471312151348	0.0276355400543	0.0175709939333	-0.00250940278598	0.0480460210229	0.159428930016	-0.0333199758197	0.044648176185	0.0518720227913	-0.131336461491	-0.0409352021613	-0.0546914702071	0.0967199348616	-0.0223101111167	0.0530381853517	-0.0799813900544	0.0146609382556	-0.0146368568624	0.0275975106534	-0.033755631529	-0.0441025037678	0.0900406321077	-0.0887812300621
k__Bacteria;p__Firmicutes;c__Clostridia;o__Clostridiales;f__Ruminococcaceae;g__Faecalibacterium;s__Faecalibacterium_prausnitzii	0.0309328171159	0.0634547062219	-0.0769780175528	0.0184054540509	-0.0668082794418	0.06815267988	0.0465371699555	1.0	0.123481003078	-0.0139865611859	-0.0711365405459	-0.0844734853213	-0.101767236186	-0.0380727269813	-0.0235796432203	-0.109934205082	-0.0636498074159	-0.0766571392485	-0.0556539408064	0.000570105625527	0.11322966415	-0.0271730302906	0.0767303727908	0.0765616696844	-0.00601818074368	0.0535001456667	0.0655336550492	-0.00337459975372	0.0354729739705	0.0691661143329	0.0343122263923	-0.00346032332191	0.0290504250798	-0.0838627342149	0.0670070541119	-0.0280305232875	-0.0265242583962	0.0356959920514	0.174156381617	-0.0086969003074	0.0436127715626	-0.0357866224528	-0.0478061321896	-0.051804542078	-0.0566241706757	-0.0735409107597	0.00711514656581	-0.0144216941324	0.172721359657	0.07103936493	0.012475822255	-0.0750644424202	-0.00511358884022	-0.0669417354255	-0.100834247867	-0.0857465438298	-0.0183899946736	0.00575712847049	-0.058839919956
k__Bacteria;p__Bacteroidetes;c__Bacteroidia;o__Bacteroidales;f__Rikenellaceae;g__Alistipes;s__Alistipes_finegoldii	0.0111468072152	-0.0547650351585	-0.0335226322311	-0.000798322385819	-0.11191778027	0.121323619901	0.088443126084	0.123481003078	1.0	0.00814187311197	0.0201641379114	-0.0638542565294	-0.0344872172295	-0.0938262419304	0.0433395602029	-0.0407149692393	0.014808271345	0.0328764885473	-0.0487095643573	-0.0252593463411	-0.0892545876105	-0.0742390753297	-0.0779679670259	0.073094075061	-0.00126268164552	0.020133734286	-0.0668484644919	-0.0601965957901	0.0990661584961	0.0444129713195	0.0518511283065	0.0516816435595	-0.0107730555751	-0.0884919850503	0.00553371229122	0.0487377198851	-0.016434191746	-0.0085476005062	-0.0263507403896	0.0415678672786	-0.0653351550305	0.0592828112365	0.0364257900797	-0.0369783821	0.061124007584	0.0178441798495	-0.0317848946255	0.0111125547284	-0.00229138227122	-0.0564349642376	-0.127011771641	0.189411732859	0.0174310004099	-0.112293428742	0.0443560559329	0.11214697217	0.101593827564	0.0737854911292	-0.067178987816
k__Bacteria;p__Bacteroidetes;c__Bacteroidia;o__Bacteroidales;f__Porphyromonadaceae;g__Parabacteroides;s__Parabacteroides_distasonis	0.0773950390216	-0.0498752215549	0.00687912874706	-0.0976744541945	-0.0218660895651	-0.00619527189293	0.0427440550805	-0.0139865611859	0.00814187311197	1.0	-0.0283456993581	0.0288557681779	0.037630104454	-0.0687878912369	-0.138082862889	-0.0327307665223	-0.0120562233001	-0.0292172851182	-0.0429732413241	0.0994899060592	-0.0187261740507	-0.116781493842	-0.0107020099974	-0.0597200653337	0.0176322934454	0.0214995901175	-0.0580143761106	0.0165793134567	0.0436451405388	-0.0881738033918	0.0681770514401	-0.0587685768465	-0.0233190149594	-0.0463905298379	-0.026535543074	-0.139480247506	0.0190899285579	-0.0955685591015	-0.000467376941867	-0.138363343294	0.163228547085	-0.146811071912	-0.105843653315	0.0376827688569	0.0723153383941	-0.104279390805	0.00901256218496	-0.0474787922392	-0.0183024125715	-0.068899070365	0.0892482790737	-0.0973629340301	-0.0405876655071	0.101263863999	0.0754870192586	-0.0135670250661	-0.0827680896687	0.0249783283928	-0.0100489413391
k__Bacteria;p__Bacteroidetes;c__Bacteroidia;o__Bacteroidales;f__Bacteroidaceae;g__Bacteroides;s__Bacteroides_thetaiotaomicron	0.00467741617707	0.0182832825056	0.00828708564812	0.141873490676	-0.114512614089	0.0317903017205	0.0117485901055	-0.0711365405459	0.0201641379114	-0.0283456993581	1.0	0.0964420970226	0.0531778600255	-0.0214141308209	-0.0121218859732	0.109604124243	0.0716191773796	0.000725469932313	0.0258155160043	-0.0965989682358	0.0793422898419	-0.0221467272167	0.146074947981	-0.13328203445	0.0654971959106	-0.0226943528436	-0.022640237103	0.0506774725508	-0.00729955119801	0.0226213421563	-0.0352550109284	0.0228472982279	-0.144538304308	-0.151994884687	-0.0536511087641	-0.0871794227689	-0.0366570626678	-0.126676966394	0.0323137962893	-0.0797628177314	-0.0103588848005	-0.0782665425871	-0.0277876005301	-0.0312386954133	0.00870276402897	-0.145225847055	-0.0764099933604	-0.00793328260045	-0.0228268270995	-0.0732010447948	0.0554647481619	-0.0226262217502	0.0539392821373	-0.031371221741	0.0355090452256	0.066705372722	0.0306205283716	0.126111578679	0.0110385807358
k__Bacteria;p__Bacteroidetes;c__Bacteroidia;o__Bacteroidales;f__Bacteroidaceae;g__Bacteroides;s__Bacteroides_coprocola	-0.106019584351	-0.0377126049179	-0.0077777871146	0.0426124610962	0.0133848056373	0.0892973608653	-0.0753078818321	-0.0844734853213	-0.0638542565294	0.0288557681779	0.0964420970226	1.0	-0.0852581773785	-0.043003716294	0.0508554367266	0.00668135398976	-0.076868866445	-0.084007551453	0.020170230171	0.116499449287	0.0398226763441	-0.109257191235	-0.114152952035	-0.0690463913508	0.0624874809174	0.0242407701408	-0.0609895584436	-0.0450533659215	-0.00276758362682	-0.0221573775393	0.00522102812783	0.0283120392054	0.0466499989835	-0.00188446979047	-0.0173425932955	-0.0998064832068	-0.0872964150966	-0.0383535479039	-0.0923957968757	0.00894017056027	0.103528596771	-0.0490351976598	0.0464862769412	0.0269100363773	0.102263565919	0.0135248880692	-0.0640101953062	-0.0181216370686	0.044862722758	-0.0967523129026	-0.103271233777	0.0692831902484	-0.0952761989325	0.0680694270492	-0.0926934729009	0.0515192379567	-0.0150280364027	0.0603861451936	-0.0314118510916
k__Bacteria;p__Bacteroidetes;c__Bacteroidia;o__Bacteroidales;f__Bacteroidaceae;g__Bacteroides;s__Bacteroides_cellulosilyticus	-0.0241205058903	-0.0502042260165	0.101151467667	0.0598839210382	0.0398445807624	0.0497181672714	0.0391274524898	-0.101767236186	-0.0344872172295	0.037630104454	0.0531778600255	-0.0852581773785	1.0	-0.0881788817197	-0.120065508785	-0.0417850466702	0.0782923551872	-0.0982150838431	0.0606582021458	-0.0180442622161	0.0501251801228	-0.0663118644335	-0.0644518488652	0.0526697093658	-0.103315729032	-0.0855176103517	0.0364284295986	0.0512451316816	-0.0413671952232	-0.120691977357	0.0323111206797	0.0682016329849	0.0382832342317	0.143162904368	0.113682953093	-0.0694940763984	0.041867618699	0.0826415379872	0.113963478897	0.077183361039	-0.00884753626517	0.0317933314789	-0.108506326426	0.0116586748253	0.0745044327107	0.0160859508485	0.030950202848	0.117559131162	0.000399005020536	-0.0172601601588	-0.0230271683962	-0.0776457659574	-0.0937759015393	0.0235300287425	-0.0657388583136	-0.0723020787343	-0.0275657340706	0.09943896439	0.0127043377573
k__Bacteria;p__Bacteroidetes;c__Bacteroidia;o__Bacteroidales;f__Rikenellaceae;g__Alistipes;s__Alistipes_obesi	-0.0670023645726	0.0441771611993	0.0815202708363	-0.107531285436	0.00631267701477	0.0643271818628	-0.166994555136	-0.0380727269813	-0.0938262419304	-0.0687878912369	-0.0214141308209	-0.043003716294	-0.0881788817197	1.0	0.0457820289301	0.0346230671178	0.0498125206834	0.0227948656457	-0.0458103435193	0.0742620588881	0.00566171922328	0.0766919270089	0.164106571819	-0.0534193523713	0.0781957588252	0.0857427967675	-0.0216195962524	0.023460057736	-0.0069432127909	-0.0476636498167	-0.115506242006	0.0954263230399	-0.157250478941	-0.0338059223617	-0.0337933143051	0.0137659284958	-0.00320142274126	0.0243035613713	0.0157095635349	0.0833791210741	0.0843694477177	0.00752803240716	0.0372559625342	-0.0372445840389	-0.0483174820623	0.0394636637484	-0.0266757418983	0.0107320980713	-0.0263467943311	0.0178822783994	-0.0655131928871	0.0418677697571	-0.0861579695148	0.0338222809571	0.0007456467663	-0.0134784736996	-0.0636233367738	0.0410236047083	0.0967734550156
k__Bacteria;p__Firmicutes;c__Clostridia;o__Clostridiales;f__Lachnospiraceae;g__;s__[Eubacterium]_rectale	-0.112365731561	-0.15184913215	0.0448224851009	-0.0979561564717	0.0195580132353	0.0210128183128	0.0580464268807	-0.0235796432203	0.0433395602029	-0.138082862889	-0.0121218859732	0.0508554367266	-0.120065508785	0.0457820289301	1.0	0.0535172758987	-0.0136556616259	-0.0536850093535	0.00709522613645	-0.0692621581999	0.000404048307522	-0.0138665486559	0.134771278051	0.0894357899146	-0.0495235409199	-0.0578552321527	0.0722379181095	-0.0364739140033	0.0178754171292	-0.0944278722426	0.130580290986	0.00534725169088	-0.0311992899943	-0.0457740458239	-0.0251620904637	-0.00849347778367	0.13564566103	-0.0176777718104	-0.0597380827632	-0.0986257406631	-0.0827296031892	-0.00319765874954	-0.0439820202504	0.0653283125472	-0.0326242365164	0.0941104926697	-0.0149777438356	-0.0657402022721	-0.0580451735373	0.101406855426	0.0273215953465	-0.0180603780426	-0.0980761028985	0.00705985324539	0.0264889613836	-0.00539150808042	0.0142067605587	0.0255247915365	0.033049293122
k__Bacteria;p__Bacteroidetes;c__Bacteroidia;o__Bacteroidales;f__Bacteroidaceae;g__Bacteroides;s__Bacteroides_plebeius	-0.0217719909348	0.0120805373078	0.0242867912272	-0.00108129765608	0.00977744688741	-0.143539772218	0.0439726616158	-0.109934205082	-0.0407149692393	-0.0327307665223	0.109604124243	0.00668135398976	-0.0417850466702	0.0346230671178	0.0535172758987	1.0	0.0405139877705	-0.105137544417	0.196882153317	-0.0245622088331	-0.0875898116634	-0.0813205226998	0.0488866764592	0.00185865272491	-0.00456992075194	0.105379009121	0.118924293873	0.0558979594463	-0.0621033148795	0.061558900082	-0.0421096341703	0.0545794603053	0.0479344575724	-0.111248665479	-0.160989441963	-0.0752169096475	0.0300740021826	-0.182675459651	-0.021478592378	0.152936514484	-0.0941415229645	-0.0323631885003	-0.12155596685	-0.0235567191524	-0.0433133370474	-0.0994988012403	-0.0623460883927	0.0455780506273	0.0935469566877	0.0399027120784	-0.0320416958957	0.153906712203	-0.103657609066	0.0336761448602	-0.0906745090913	0.0351770342658	-0.0109635027675	-1.74229318795e-05	0.0277408544446
k__Bacteria;p__Bacteroidetes;c__Bacteroidia;o__Bacteroidales;f__Bacteroidaceae;g__Bacteroides;s__Bacteroides_fragilis	0.059715322082	-0.0200803993412	0.0360055806253	-0.00339590707781	-0.029642830744	-0.0104070705756	0.0814500513401	-0.0636498074159	0.014808271345	-0.0120562233001	0.0716191773796	-0.076868866445	0.0782923551872	0.0498125206834	-0.0136556616259	0.0405139877705	1.0	-0.115259677165	0.0532154594704	-0.0473474516829	-0.138369880216	0.0336189856913	0.0875338063362	0.0318969707426	0.118202463456	0.124504521402	-0.103954458861	0.0335304255633	-0.0404965046545	0.0247960199505	-0.182228277746	-0.0037554538839	-0.0528277984249	0.00566003022726	0.00239379929463	0.0526485119045	0.0506452429036	0.109519247094	-0.0379437639609	0.0712128221624	-0.0280969960935	0.00725713155605	0.0695893416621	-0.0964045453445	-0.0562977863044	0.00757083039273	0.0160509867855	-0.101643638846	0.0318858532786	-0.0556388341356	-0.0553283004716	0.00993893670243	0.0542676853672	-0.0256624553974	0.101968716459	-0.0681119122967	0.0303208583894	-0.0749291124515	-0.0710846655728
k__Bacteria;p__Proteobacteria;c__Betaproteobacteria;o__Burkholderiales;f__Sutterellaceae;g__Sutterella;s__Sutterella_wadsworthensis	-0.00628814581052	0.0782332396326	0.0563511283317	-0.0880106632101	-0.0495131728612	0.0639411048494	0.0188188234502	-0.0766571392485	0.0328764885473	-0.0292172851182	0.000725469932313	-0.084007551453	-0.0982150838431	0.0227948656457	-0.0536850093535	-0.105137544417	-0.115259677165	1.0	-0.0713307959499	0.0662592464148	-0.0434225085323	-0.119745221814	-0.03576474254	-0.0769154560057	-0.1189618392	-0.038046001383	-0.00121502496018	-0.193835519589	0.129149075473	0.0480404745914	-0.0453841697408	0.0793846027575	-0.00944099850088	-0.0179389753103	0.0306337637635	-0.0726741855312	-0.127695654428	0.0393943623003	0.0525796341988	-0.014731897626	-0.0698048468203	-0.0394709377814	0.0477149135353	0.0744262993095	-0.215061863112	0.0334310789353	0.0707902051906	0.0675003862228	0.107329200093	-0.040673120395	-0.028655648653	0.103226980872	0.00655579419171	-0.0426728590204	-0.0848099290476	-0.00632324686817	-0.0368245371605	0.0480149096731	0.0372494217849
k__Bacteria;p__Bacteroidetes;c__Bacteroidia;o__Bacteroidales;f__Porphyromonadaceae;g__Barnesiella;s__Barnesiella_intestinihominis	-0.00860389967014	0.00244152138534	0.0397159157247	-0.157022430632	0.11756210134	-0.0418149970125	0.0691398607266	-0.0556539408064	-0.0487095643573	-0.0429732413241	0.0258155160043	0.020170230171	0.0606582021458	-0.0458103435193	0.00709522613645	0.196882153317	0.0532154594704	-0.0713307959499	1.0	0.00949718346307	0.0416470459913	0.0272302055528	-0.111214452762	-0.0409211018474	-0.0658737935709	-0.0646720384302	-0.0639096697354	0.0329055421121	-0.0437401229758	0.0969397908062	0.00215008733309	0.017130003051	0.094939400626	0.0279655047152	0.0681893423815	0.15099290797	-0.000530793332223	-0.0282635116414	-0.0530522025394	0.089580931493	-0.0933856266596	-0.120704859393	-0.0123115764762	0.03179558864	0.0170991504183	-0.029831134729	0.0357256911616	0.166496011422	-0.0879367437685	0.0303636584967	0.0986455698683	0.0566959013284	0.0102608098941	-0.0505620732926	0.069721552953	0.033207239403	-0.0317489810982	-0.101979961364	-0.0487862609423
k__Bacteria;p__Bacteroidetes;c__Bacteroidia;o__Bacteroidales;f__Odoribacteraceae;g__Odoribacter;s__Odoribacter_splanchnicus	-0.110951108422	-0.0422836962193	0.0877500544359	-0.0919544179394	-0.0712075014953	0.134891750292	-0.0482081497614	0.000570105625527	-0.0252593463411	0.0994899060592	-0.0965989682358	0.116499449287	-0.0180442622161	0.0742620588881	-0.0692621581999	-0.0245622088331	-0.0473474516829	0.0662592464148	0.00949718346307	1.0	0.0749293050595	0.0111129471875	-0.0127245819669	-0.1233056706	-0.00522543729147	-0.109192855371	0.00865310866127	-0.0390802257651	-0.0312991610293	0.0475247777041	0.0140751890765	0.0537221428478	0.0481799543242	-0.0399868334941	-0.0862245346549	0.100201179319	0.03475118824	-0.0258747674923	-0.108296932855	0.0808594563746	0.0870283332647	0.0614265941159	0.14993681237	0.0564182953342	-0.00700499834372	-0.00675562018664	0.0278385846625	-0.0332561430024	0.0551765516471	-0.0453794655188	-0.02036112441	-0.0552995695687	-0.180898554611	0.156482829761	-0.0964448558331	0.00926525795865	-0.0261609010821	-0.00134198230276	0.0818765330827
k__Bacteria;p__Bacteroidetes;c__Bacteroidia;o__Bacteroidales;f__Bacteroidaceae;g__Bacteroides;s__Bacteroides_salyersiae	0.0899364914388	0.0152841027036	-0.0946601081542	-0.0816211709211	-0.0814104125222	0.0566655341258	-0.13069036403	0.11322966415	-0.0892545876105	-0.0187261740507	0.0793422898419	0.0398226763441	0.0501251801228	0.00566171922328	0.000404048307522	-0.0875898116634	-0.138369880216	-0.0434225085323	0.0416470459913	0.0749293050595	1.0	-0.00205693751183	0.112728784181	0.022697315184	-0.0723072882817	-0.0275231909206	-0.0736520364702	0.119296528835	-0.0698399165865	-0.0524712405027	-0.0478377330168	0.00490201745981	0.110621166592	-0.0742524317139	0.113743022329	0.00295716611632	-0.0406795054698	-0.0632851840774	-0.125763777937	0.0870484296181	-0.0630304379619	0.00324310338855	0.092531769428	0.111453225396	-0.08052366251	-0.0309459056317	0.127684322072	0.0418178355541	-0.00402908428799	0.172046821623	-0.0191692416141	-0.0969206290405	0.0220874296456	0.0940824466327	-0.0972943813694	-0.0384643618565	-0.0480040566113	0.0352466145846	0.0636450694998
k__Bacteria;p__Firmicutes;c__Clostridia;o__Clostridiales;f__Ruminococcaceae;g__Ruminiclostridium;s__[Eubacterium]_siraeum	0.0995911391314	0.161345599005	-0.0395319573307	0.0120533903344	-0.0681117522361	-0.0254023795738	-0.00220341296683	-0.0271730302906	-0.0742390753297	-0.116781493842	-0.0221467272167	-0.109257191235	-0.0663118644335	0.0766919270089	-0.0138665486559	-0.0813205226998	0.0336189856913	-0.119745221814	0.0272302055528	0.0111129471875	-0.00205693751183	1.0	-0.0437043349188	-0.0104964866206	-0.0424489581156	0.134810139917	-0.171734933836	0.120923321241	0.0500531072017	0.044182261474	-0.00529567048361	0.030495070405	0.00511305527118	0.0788550282038	-0.0473898716066	0.0161614487803	-0.0333945646726	-0.0172895705176	0.0259156555073	-0.0294480911485	0.0816175271968	-0.0169069923494	0.0556650470411	0.0946170389376	-0.0240886267985	-0.0200393029074	0.0302402527653	-0.084944644069	-0.0260561108916	0.030089514927	0.0633726125722	-0.0160570230815	-0.0747359323697	0.0519086229623	0.0077962665803	-0.114183609394	-0.0455991956623	0.0150669141405	0.00947908208612
k__Bacteria;p__Proteobacteria;c__Betaproteobacteria;o__Burkholderiales;f__Sutterellaceae;g__Parasutterella;s__Parasutterella_excrementihominis	0.0797502216943	-0.0395663329187	0.0486979341756	-0.00144098892349	0.0245897944475	-0.140151429184	-0.0554507934371	0.0767303727908	-0.0779679670259	-0.0107020099974	0.146074947981	-0.114152952035	-0.0644518488652	0.164106571819	0.134771278051	0.0488866764592	0.0875338063362	-0.03576474254	-0.111214452762	-0.0127245819669	0.112728784181	-0.0437043349188	1.0	-0.0603416789965	-0.0235177171041	0.0594321499645	0.0850915693494	0.0544040080314	0.0640729960799	0.127643302487	0.0281715656957	-0.0934902633656	-0.070693245575	-0.107042354163	-0.0411699527006	0.0444362920427	-0.0128490175996	0.0407463515315	0.0455032937522	0.0588451432425	-0.0920882939925	-0.019188206005	-0.021557852233	-0.070481636443	-0.0102663761137	0.0286034108987	0.0391209409995	-0.0782209833392	0.0558664137816	-0.0728339311492	0.0146438332331	-0.073798861756	0.112354581927	0.0241638469985	0.0463262661673	0.05960376396	-0.0208638604254	0.113744182555	-0.00592776109939
k__Bacteria;p__Actinobacteria;c__Actinobacteria;o__Bifidobacteriales;f__Bifidobacteriaceae;g__Bifidobacterium;s__Bifidobacterium_adolescentis	-0.0863962997806	-0.0374804855272	0.0444339599681	-0.0670528608748	-0.0708065974771	0.142764206733	0.0153247299434	0.0765616696844	0.073094075061	-0.0597200653337	-0.13328203445	-0.0690463913508	0.0526697093658	-0.0534193523713	0.0894357899146	0.00185865272491	0.0318969707426	-0.0769154560057	-0.0409211018474	-0.1233056706	0.022697315184	-0.0104964866206	-0.0603416789965	1.0	0.00588071888915	-0.0777306337496	-0.0080787309175	-0.0103016054415	0.0640466037876	-0.0198044836248	-0.0935782593913	-0.0102820628207	-0.0285190115618	-0.0274198314567	0.00312934514491	-0.0394028251371	0.0840381086249	-0.137392419959	0.0330774713079	-0.000488597421982	-0.0389445029263	0.0343093719612	-0.0148583139482	-0.00140195125155	0.137874711753	-0.0233242677544	-0.051246797416	0.101074093342	0.0334974246886	-0.0018675961998	0.0664610455827	0.00248921212731	0.043431883584	0.0460497122266	-0.0637528315382	0.0825283372634	-0.104947036396	0.0102950448015	0.0157953891522
k__Bacteria;p__Firmicutes;c__Clostridia;o__Clostridiales;f__Oscillospiraceae;g__Oscillibacter;s__Oscillibacter_sp._KLE_1745	0.0451060451053	0.0298298737087	-0.0202711506094	-0.0420946057105	-0.150506398595	0.0512868663975	0.0560048003977	-0.00601818074368	-0.00126268164552	0.0176322934454	0.0654971959106	0.0624874809174	-0.103315729032	0.0781957588252	-0.0495235409199	-0.00456992075194	0.118202463456	-0.1189618392	-0.0658737935709	-0.00522543729147	-0.0723072882817	-0.0424489581156	-0.0235177171041	0.00588071888915	1.0	-0.0287037716798	0.0268343788787	0.0344182241212	-0.0711252446252	-0.078906245128	0.0126742321487	0.018896296975	-0.0307937475175	0.109304102483	-0.0149974139777	0.0247942587343	0.114322554602	0.0426906310913	0.0030520899212	-0.0851140883995	0.0566085753572	0.0366058759575	-0.00607470955321	-0.100630792334	-0.0185174545884	0.106524936758	-0.00038514358012	0.0404079635033	-0.0675738355774	0.00414413411689	0.153732355626	-0.0394275478538	0.00221464399013	0.046566123711	0.0335837175296	-0.0738311120625	-0.0712422061274	-0.0604159921398	-0.0729414010983
k__Bacteria;p__Bacteroidetes;c__Bacteroidia;o__Bacteroidales;f__Bacteroidaceae;g__Bacteroides;s__Bacteroides_coprophilus	0.0724972204636	0.00924010670603	-0.0893129525809	0.0213024407067	0.04166618347	-0.114837187464	-0.0365092722652	0.0535001456667	0.020133734286	0.0214995901175	-0.0226943528436	0.0242407701408	-0.0855176103517	0.0857427967675	-0.0578552321527	0.105379009121	0.124504521402	-0.038046001383	-0.0646720384302	-0.109192855371	-0.0275231909206	0.134810139917	0.0594321499645	-0.0777306337496	-0.0287037716798	1.0	-0.00287093319226	0.00396564095133	0.118620808414	-0.130384334364	0.0528821809191	0.0269426006248	0.092345978935	-0.0449695916349	-0.0114235419095	0.0387109803533	0.147501106584	0.045030317607	-0.0621553516073	0.0654486223142	-0.0415438934205	0.188791309444	0.117637222314	-0.0449605551253	0.0219768392778	0.0364580750839	-0.049430444113	-0.046588421767	0.0617224591113	-0.0768986227393	-0.123729975624	-0.0272124402556	-0.148731903153	-0.104242531565	-0.0578936184976	0.0255140721349	0.0205795242554	0.144545709552	0.114221591739
k__Bacteria;p__Firmicutes;c__Clostridia;o__Clostridiales;f__Lachnospiraceae;g__Roseburia;s__Roseburia_intestinalis	-0.0497396607043	-0.122653840172	0.0388197321386	0.046264609596	-0.128216099951	-0.0406758588908	0.0312304447724	0.0655336550492	-0.0668484644919	-0.0580143761106	-0.022640237103	-0.0609895584436	0.0364284295986	-0.0216195962524	0.0722379181095	0.118924293873	-0.103954458861	-0.00121502496018	-0.0639096697354	0.00865310866127	-0.0736520364702	-0.171734933836	0.0850915693494	-0.0080787309175	0.0268343788787	-0.00287093319226	1.0	-0.0682871256786	0.0381347878628	0.0153044419249	0.0350166259875	0.0567663549793	-0.0824971183967	-0.0490845124619	-0.0592117601783	-0.00262865295631	0.0585522631367	-0.0426801099362	0.0507291848123	0.199673909163	0.0091675622401	0.034011160098	0.117805604407	0.15625238719	0.127657991451	-0.0546682854409	-0.071213604754	-0.0267613938588	-0.0151511166974	0.00511511939143	0.0754627884312	-0.0241684137763	0.0816227982763	0.0548926553453	0.0446568538526	-0.00592859122869	-0.012565735665	-0.0986771505207	0.000783368766576
k__Bacteria;p__Firmicutes;c__Clostridia;o__Clostridiales;f__Lachnospiraceae;g__Roseburia;s__Roseburia_hominis	-0.012712854845	0.0454667459757	-0.101625480437	-0.000194161509322	-0.0190685009701	-0.0126682219286	-0.024461523443	-0.00337459975372	-0.0601965957901	0.0165793134567	0.0506774725508	-0.0450533659215	0.0512451316816	0.023460057736	-0.0364739140033	0.0558979594463	0.0335304255633	-0.193835519589	0.0329055421121	-0.0390802257651	0.119296528835	0.120923321241	0.0544040080314	-0.0103016054415	0.0344182241212	0.00396564095133	-0.0682871256786	1.0	0.00652237823102	0.0538420522614	0.0746882619672	-0.0873235595754	0.00615631245259	0.124567425274	-0.0927763441502	0.0700730213524	0.0514999832655	0.13248394921	-0.0543399936616	0.0461615522305	-0.0603325317348	0.118942852914	0.00905698245052	-0.0845986380011	0.00646771761192	-0.10127466684	-0.0360247894703	-0.00756257848459	0.0872288185487	-0.00457551124641	0.0408998760245	-0.0721750293488	-0.0261417528758	0.0157339615216	0.0123780857178	0.084238812313	-0.104674051033	-0.142292537542	0.0407166330232
k__Bacteria;p__Bacteroidetes;c__Bacteroidia;o__Bacteroidales;f__Porphyromonadaceae;g__Parabacteroides;s__Parabacteroides_johnsonii	-0.0221765206524	0.0239637134023	0.0182542579561	-0.0104248321548	0.12125201819	-0.0616577091413	-0.0358874095117	0.0354729739705	0.0990661584961	0.0436451405388	-0.00729955119801	-0.00276758362682	-0.0413671952232	-0.0069432127909	0.0178754171292	-0.0621033148795	-0.0404965046545	0.129149075473	-0.0437401229758	-0.0312991610293	-0.0698399165865	0.0500531072017	0.0640729960799	0.0640466037876	-0.0711252446252	0.118620808414	0.0381347878628	0.00652237823102	1.0	0.00250745964192	0.0703882738546	-0.0670308036105	0.00454415183133	-0.0241243968715	-0.0537167842164	-0.00443036479067	0.0376304426136	-0.0643536208368	0.0343388710383	-0.0642442099193	0.0489078478006	-0.0572339597112	-0.0100054818647	-0.0653554104667	-0.0466982838884	0.0244666612179	0.0468931994726	-0.00634137862837	0.0265942092801	-0.0355634432522	0.0268536671275	0.0239795581311	-0.0176719957207	0.0341067576871	-0.0507714880691	0.137294930633	0.0347343825796	0.0142143631472	-0.152955398749
k__Bacteria;p__Actinobacteria;c__Actinobacteria;o__Bifidobacteriales;f__Bifidobacteriaceae;g__Bifidobacterium;s__Bifidobacterium_longum	-0.0272871717922	0.0093995895036	0.0882566562289	-0.0952505902688	0.0183976956812	-0.0607333645382	0.174060891246	0.0691661143329	0.0444129713195	-0.0881738033918	0.0226213421563	-0.0221573775393	-0.120691977357	-0.0476636498167	-0.0944278722426	0.061558900082	0.0247960199505	0.0480404745914	0.0969397908062	0.0475247777041	-0.0524712405027	0.044182261474	0.127643302487	-0.0198044836248	-0.078906245128	-0.130384334364	0.0153044419249	0.0538420522614	0.00250745964192	1.0	0.0828269235501	0.137829592072	0.031065728842	0.110324361394	-0.043107867735	-0.0342775717586	-0.119177717253	-0.0231403933122	-0.0667132297604	0.0307031972447	0.0937144016172	0.104732115272	0.0117087183071	-0.00682556681794	-0.0515954161087	0.0488817689197	0.0806802104807	-0.0566161724863	0.161820877359	-0.00019730325501	-0.0960029202614	-0.0332877708718	-0.0407324533804	-0.0628889799311	-0.0854813388663	-0.137430899971	-0.14169093553	0.0174808878118	-0.0809180710966
