#taxonomy	k__Bacteria;p__Bacteroidetes;c__Bacteroidia;o__Bacteroidales;f__Bacteroidaceae;g__Bacteroides;s__Bacteroides_vulgatus	k__Bacteria;p__Bacteroidetes;c__Bacteroidia;o__Bacteroidales;f__Bacteroidaceae;g__Bacteroides;s__Bacteroides_uniformis	k__Bacteria;p__Bacteroidetes;c__Bacteroidia;o__Bacteroidales;f__Rikenellaceae;g__Alistipes;s__Alistipes_putredinis	k__Bacteria;p__Bacteroidetes;c__Bacteroidia;o__Bacteroidales;f__Prevotellaceae;g__Prevotella;s__Prevotella_copri	k__Bacteria;p__Bacteroidetes;c__Bacteroidia;o__Bacteroidales;f__Bacteroidaceae;g__Bacteroides;s__Bacteroides_stercoris	k__Bacteria;p__Bacteroidetes;c__Bacteroidia;o__Bacteroidales;f__Bacteroidaceae;g__Bacteroides;s__Bacteroides_ovatus	k__Bacteria;p__Bacteroidetes;c__Bacteroidia;o__Bacteroidales;f__Rikenellaceae;g__Alistipes;s__Alistipes_shahii	k__Bacteria;p__Firmicutes;c__Clostridia;o__Clostridiales;f__Ruminococcaceae;g__Faecalibacterium;s__Faecalibacterium_prausnitzii	k__Bacteria;p__Bacteroidetes;c__Bacteroidia;o__Bacteroidales;f__Rikenellaceae;g__Alistipes;s__Alistipes_finegoldii	k__Bacteria;p__Bacteroidetes;c__Bacteroidia;o__Bacteroidales;f__Porphyromonadaceae;g__Parabacteroides;s__Parabacteroides_distasonis	k__Bacteria;p__Bacteroidetes;c__Bacteroidia;o__Bacteroidales;f__Bacteroidaceae;g__Bacteroides;s__Bacteroides_thetaiotaomicron	k__Bacteria;p__Bacteroidetes;c__Bacteroidia;o__Bacteroidales;f__Bacteroidaceae;g__Bacteroides;s__Bacteroides_coprocola	k__Bacteria;p__Bacteroidetes;c__Bacteroidia;o__Bacteroidales;f__Bacteroidaceae;g__Bacteroides;s__Bacteroides_cellulosilyticus	k__Bacteria;p__Bacteroidetes;c__Bacteroidia;o__Bacteroidales;f__Rikenellaceae;g__Alistipes;s__Alistipes_obesi	k__Bacteria;p__Firmicutes;c__Clostridia;o__Clostridiales;f__Lachnospiraceae;g__;s__[Eubacterium]_rectale	k__Bacteria;p__Bacteroidetes;c__Bacteroidia;o__Bacteroidales;f__Bacteroidaceae;g__Bacteroides;s__Bacteroides_plebeius	k__Bacteria;p__Bacteroidetes;c__Bacteroidia;o__Bacteroidales;f__Bacteroidaceae;g__Bacteroides;s__Bacteroides_fragilis	k__Bacteria;p__Proteobacteria;c__Betaproteobacteria;o__Burkholderiales;f__Sutterellaceae;g__Sutterella;s__Sutterella_wadsworthensis	k__Bacteria;p__Bacteroidetes;c__Bacteroidia;o__Bacteroidales;f__Porphyromonadaceae;g__Barnesiella;s__Barnesiella_intestinihominis	k__Bacteria;p__Bacteroidetes;c__Bacteroidia;o__Bacteroidales;f__Odoribacteraceae;g__Odoribacter;s__Odoribacter_splanchnicus	k__Bacteria;p__Bacteroidetes;c__Bacteroidia;o__Bacteroidales;f__Bacteroidaceae;g__Bacteroides;s__Bacteroides_salyersiae	k__Bacteria;p__Firmicutes;c__Clostridia;o__Clostridiales;f__Ruminococcaceae;g__Ruminiclostridium;s__[Eubacterium]_siraeum	k__Bacteria;p__Proteobacteria;c__Betaproteobacteria;o__Burkholderiales;f__Sutterellaceae;g__Parasutterella;s__Parasutterella_excrementihominis	k__Bacteria;p__Actinobacteria;c__Actinobacteria;o__Bifidobacteriales;f__Bifidobacteriaceae;g__Bifidobacterium;s__Bifidobacterium_adolescentis	k__Bacteria;p__Firmicutes;c__Clostridia;o__Clostridiales;f__Oscillospiraceae;g__Oscillibacter;s__Oscillibacter_sp._KLE_1745	k__Bacteria;p__Bacteroidetes;c__Bacteroidia;o__Bacteroidales;f__Bacteroidaceae;g__Bacteroides;s__Bacteroides_coprophilus	k__Bacteria;p__Firmicutes;c__Clostridia;o__Clostridiales;f__Lachnospiraceae;g__Roseburia;s__Roseburia_intestinalis	k__Bacteria;p__Firmicutes;c__Clostridia;o__Clostridiales;f__Lachnospiraceae;g__Roseburia;s__Roseburia_hominis	k__Bacteria;p__Bacteroidetes;c__Bacteroidia;o__Bacteroidales;f__Porphyromonadaceae;g__Parabacteroides;s__Parabacteroides_johnsonii	k__Bacteria;p__Actinobacteria;c__Actinobacteria;o__Bifidobacteriales;f__Bifidobacteriaceae;g__Bifidobacterium;s__Bifidobacterium_longum	k__Bacteria;p__Firmicutes;c__Clostridia;o__Clostridiales;f__;g__Flavonifractor;s__Flavonifractor_plautii	k__Bacteria;p__Firmicutes;c__Clostridia;o__Clostridiales;f__Clostridiaceae;g__Clostridium;s__Clostridium_phoceensis	k__Bacteria;p__Verrucomicrobia;c__Verrucomicrobiae;o__Verrucomicrobiales;f__Akkermansiaceae;g__Akkermansia;s__Akkermansia_muciniphila	k__Bacteria;p__Bacteroidetes;c__Bacteroidia;o__Bacteroidales;f__Prevotellaceae;g__Paraprevotella;s__Paraprevotella_xylaniphila	k__Bacteria;p__Firmicutes;c__Clostridia;o__Clostridiales;f__Ruminococcaceae;g__Ruminococcus;s__Ruminococcus_callidus	k__Bacteria;p__Bacteroidetes;c__Bacteroidia;o__Bacteroidales;f__Rikenellaceae;g__Alistipes;s__Alistipes_senegalensis	k__Bacteria;p__Firmicutes;c__Clostridia;o__Clostridiales;f__Lachnospiraceae;g__Blautia;s__Blautia_sp._KLE_1732	k__Bacteria;p__Bacteroidetes;c__Bacteroidia;o__Bacteroidales;f__Bacteroidaceae;g__Bacteroides;s__Bacteroides_oleiciplenus	k__Bacteria;p__Firmicutes;c__Clostridia;o__Clostridiales;f__Ruminococcaceae;g__Ruminococcus;s__Ruminococcus_bicirculans	k__Bacteria;p__Bacteroidetes;c__Bacteroidia;o__Bacteroidales;f__Bacteroidaceae;g__Bacteroides;s__Bacteroides_fluxus	k__Bacteria;p__Bacteroidetes;c__Bacteroidia;o__Bacteroidales;f__Prevotellaceae;g__Prevotella;s__Prevotella_stercorea	k__Bacteria;p__Firmicutes;c__Clostridia;o__Clostridiales;f__Lachnospiraceae;g__Dorea;s__Dorea_longicatena	k__Bacteria;p__Firmicutes;c__Clostridia;o__Clostridiales;f__Eubacteriaceae;g__Eubacterium;s__[Eubacterium]_eligens	k__Bacteria;p__Firmicutes;c__Clostridia;o__Clostridiales;f__Ruminococcaceae;g__;s__Ruminococcaceae_bacterium_D16	k__Bacteria;p__Firmicutes;c__Clostridia;o__Clostridiales;f__Lachnospiraceae;g__Coprococcus;s__Coprococcus_comes	k__Bacteria;p__Proteobacteria;c__Gammaproteobacteria;o__Enterobacterales;f__Enterobacteriaceae;g__Escherichia;s__Escherichia_coli	k__Bacteria;p__Firmicutes;c__Clostridia;o__Clostridiales;f__Ruminococcaceae;g__Anaerotruncus;s__Anaerotruncus_colihominis	k__Bacteria;p__Firmicutes;c__Clostridia;o__Clostridiales;f__Lachnospiraceae;g__Blautia;s__Blautia_obeum	k__Bacteria;p__Bacteroidetes;c__Bacteroidia;o__Bacteroidales;f__Odoribacteraceae;g__Odoribacter;s__Odoribacter_laneus	k__Bacteria;p__Firmicutes;c__Clostridia;o__Clostridiales;f__Ruminococcaceae;g__Ruminiclostridium;s__[Clostridium]_leptum	k__Bacteria;p__Bacteroidetes;c__Bacteroidia;o__Bacteroidales;f__Porphyromonadaceae;g__Parabacteroides;s__Parabacteroides_goldsteinii	k__Bacteria;p__Firmicutes;c__Clostridia;o__Clostridiales;f__Lachnospiraceae;g__Anaerostipes;s__Anaerostipes_hadrus	k__Bacteria;p__Firmicutes;c__Clostridia;o__Clostridiales;f__Ruminococcaceae;g__Ruminococcus;s__Ruminococcus_lactaris	k__Bacteria;p__Firmicutes;c__Clostridia;o__Clostridiales;f__Clostridiaceae;g__Clostridium;s__Clostridium_sp._L2-50	k__Bacteria;p__Firmicutes;c__Clostridia;o__Clostridiales;f__Clostridiaceae;g__Clostridium;s__Clostridium_sp._M62/1	k__Bacteria;p__Firmicutes;c__Clostridia;o__Clostridiales;f__;g__Intestinimonas;s__Intestinimonas_butyriciproducens	k__Bacteria;p__Actinobacteria;c__Actinobacteria;o__Bifidobacteriales;f__Bifidobacteriaceae;g__Bifidobacterium;s__Bifidobacterium_bifidum	k__Bacteria;p__Firmicutes;c__Negativicutes;o__Veillonellales;f__Veillonellaceae;g__Dialister;s__Dialister_invisus	k__Bacteria;p__Bacteroidetes;c__Bacteroidia;o__Bacteroidales;f__Bacteroidaceae;g__Bacteroides;s__Bacteroides_salanitronis
k__Bacteria;p__Bacteroidetes;c__Bacteroidia;o__Bacteroidales;f__Bacteroidaceae;g__Bacteroides;s__Bacteroides_vulgatus	1.0	-0.0797366682592	0.0475189408173	-0.0428877365374	0.0253267309876	-0.00366071519074	0.0619644705139	0.00993450379349	0.0334771644632	0.105412616635	-0.0368659317572	-0.0377987900853	-0.119898063839	-0.149341539893	0.00498753780289	-0.109053607007	-0.125635012765	0.0702554788242	-0.0636562730768	0.0384967102657	-0.0872523663751	0.00511217524274	-0.0321711702816	-0.0183607105354	-0.0239229229426	0.03255543764	0.0851919717225	0.134247335582	0.0443622573414	-0.018427625338	-0.00403898040984	0.00995370235445	0.0192428045769	-0.0876644498017	0.0499053730357	0.00156561326892	-0.0592701137703	0.0469934441627	-0.00428873156422	0.108153356831	0.0208437627051	-0.123344759112	-0.0786922790074	0.0254748377147	0.0366472757436	-0.0589872257398	0.101173206705	-0.069853006104	-0.00205209534739	0.0521505026648	-0.106224207236	0.0333483517592	-0.0599374870515	-0.0232665275693	0.0605582724238	-0.0318351152397	-0.104152504036	0.101941899794	-0.054192067743
k__Bacteria;p__Bacteroidetes;c__Bacteroidia;o__Bacteroidales;f__Bacteroidaceae;g__Bacteroides;s__Bacteroides_uniformis	-0.0797366682592	1.0	-0.0125946009211	-0.111983540606	0.0750584304236	0.0512094641082	0.034265856146	-0.0638559414907	0.00165852504015	-0.0906771698988	0.0190052256219	0.00932322274363	0.0901363274265	0.00363783697805	-0.0403610097255	0.026493884603	0.0317787977103	0.0903787916439	-0.11134360587	0.0926538742786	0.0502011440357	0.0222348830114	-0.128943529046	0.0590772676427	-0.0802040680157	-0.0251696540392	-0.137587304144	0.0644180051631	0.139844569144	-0.0770559394898	0.0545963530913	-0.0623486894504	-0.0496915957729	-0.0760707438208	0.020886210358	0.129318047929	-0.102551117769	-0.0811702301076	-0.108266632694	-0.00511438168883	0.0099136022671	-0.00523822941835	-0.0110728402403	-0.0225056867145	-0.118149506171	-0.0932193902822	-0.110454750019	0.105123057798	-0.089378477648	0.0921792456417	0.0318111537812	-0.00989547684326	0.0999327744859	-0.0676063940737	-0.0289671705352	0.0644371289164	0.113689586219	-0.16374849471	0.0427559704175
k__Bacteria;p__Bacteroidetes;c__Bacteroidia;o__Bacteroidales;f__Rikenellaceae;g__Alistipes;s__Alistipes_putredinis	0.0475189408173	-0.0125946009211	1.0	0.0572528699544	-0.0167063659423	-0.174235233246	0.0296955326608	-0.006177472486	-0.0673254946288	0.105794745596	0.0439967976284	0.0782561962939	0.0873269690764	0.0545342789533	-0.0951408996875	-0.025247092935	-0.0235848826468	0.00953778863612	0.0351741256989	-0.0222958528821	-0.00566214795303	0.046501954272	-0.0844540563945	-0.0466741604242	-0.0392743814775	0.114446916405	0.0102793131678	-0.0261319092284	-0.0108777704556	0.0505698651693	-0.00383588059259	-0.0481845562553	-0.0651170605482	-0.076962424028	-0.0257762313117	-0.0520495774097	0.0519170045315	0.273723408481	-0.042279420829	-0.0754927214619	-0.0238617210383	0.0712145137528	0.112431245384	-0.0126904482679	0.0455158213817	-0.0357305149031	-0.0788108198628	0.0260705780584	-0.0339381104748	0.0878134089888	-0.0176192323914	-0.0121327999568	-0.0182270995045	-0.0778613123884	-0.0462176519319	0.000855992339339	0.00021161466462	0.0859708271053	-0.062514757647
k__Bacteria;p__Bacteroidetes;c__Bacteroidia;o__Bacteroidales;f__Prevotellaceae;g__Prevotella;s__Prevotella_copri	-0.0428877365374	-0.111983540606	0.0572528699544	1.0	-0.0254348600444	-0.133079506389	-0.0674500554067	0.004881924004	-0.109918070281	0.0107057927926	0.0646840796355	-0.0433225739275	0.00187055527433	0.0107734165432	0.0431116866985	-0.0286571386969	0.0312878905171	-0.050774687244	0.142162299177	-0.00406103699359	-0.0704406358261	0.0509300423642	-0.0172347107624	-0.016098320203	-0.0299946071329	-0.0560959506114	0.161094873379	-0.110437903252	-0.0460605470979	-0.0957737927839	-0.153408257621	-0.0695340023691	-0.0943099237239	-0.0366076238088	-0.0454405727752	0.106000086691	0.0347386419463	0.0156166210663	-0.0720780463683	0.0575394490594	-0.0459852674725	-0.132272545604	0.129572101361	0.0332612540411	0.0941417076998	0.0673722814813	-0.0624960724227	-0.0831591224094	-0.0228598723598	-0.0115479818313	0.0187975195887	-0.149441538674	0.00433786016388	-0.0202688893747	-0.0709069391547	0.0779914800865	-0.125080945697	-0.0936726867009	-0.025644686888
k__Bacteria;p__Bacteroidetes;c__Bacteroidia;o__Bacteroidales;f__Bacteroidaceae;g__Bacteroides;s__Bacteroides_stercoris	0.0253267309876	0.0750584304236	-0.0167063659423	-0.0254348600444	1.0	0.122926473781	0.0115136216463	0.0198562309415	0.0504163410869	0.0705796634359	-0.0458114246794	-0.00984898177308	-0.091609949501	0.0275996701816	0.0199976245241	-0.176359422811	-0.0597371113841	-0.00979108940654	-0.119734079196	0.0283233855963	0.0258931143756	0.0901070517091	-0.0854563340424	-0.0547804663471	-0.174787006166	-0.0111653557295	0.00624376426471	-0.0393718514367	-0.00705021789702	0.049519276265	0.035729447316	-0.0513642195908	0.0116249405184	0.0494318758049	-0.0243821899915	-0.197818860294	0.00706820330156	-0.100159693664	-0.122945792914	0.00275402344461	-0.0936957733187	-0.025965733594	0.147604601332	0.0133657611704	-0.106742296626	-0.095833077251	-0.0160619690548	0.090567058031	0.0335973944734	0.0184541945757	0.0591655677517	0.00417935519132	0.0103866364848	0.0106634649574	0.000338844573371	0.04139089528	0.0874982389094	-0.0302147564882	-0.0608881584376
k__Bacteria;p__Bacteroidetes;c__Bacteroidia;o__Bacteroidales;f__Bacteroidaceae;g__Bacteroides;s__Bacteroides_ovatus	-0.00366071519074	0.0512094641082	-0.174235233246	-0.133079506389	0.122926473781	1.0	0.0743287916219	-0.0926926102127	0.0385210191414	0.0640097400054	-0.0246119919532	-0.082713832462	0.0959800630339	-0.0829737659885	-0.0943416102198	0.0472065304194	0.00445272702142	0.0368362945674	-0.0155837979871	0.0212039874449	0.0291231212822	0.0183360768094	-0.0102940001413	0.0246867717122	-0.142000327078	0.0380228847075	0.115314168685	-0.0741717392988	-0.12738031923	-0.0457096417191	0.10139817388	-0.0837952254001	-0.0823400630102	-0.00107127100836	-0.0313020683982	-0.102246909374	-0.179389896484	0.038387119967	0.0352118934495	-0.00769611552025	0.0874835975778	-0.0760749935896	0.0510957086911	-0.0303354123578	-0.108004308777	-0.101538035581	0.0948133120532	0.152005731867	0.0665477882357	0.042249570202	0.0198560833016	0.051749790409	0.0413783457909	-0.100627288024	0.0462875577858	0.0966284412941	-0.0416281216372	0.128492748323	-0.119724414647
k__Bacteria;p__Bacteroidetes;c__Bacteroidia;o__Bacteroidales;f__Rikenellaceae;g__Alistipes;s__Alistipes_shahii	0.0619644705139	0.034265856146	0.0296955326608	-0.0674500554067	0.0115136216463	0.0743287916219	1.0	0.0459505420579	0.103845994987	0.0432228374572	-0.0765478282369	0.0138200221232	-0.0169829016769	-0.0661509262661	0.00824066597034	-0.154733467067	0.00421510788601	0.0154578110611	-0.18687668331	-0.0272519774967	0.0440108891228	-0.0710000446031	-0.110856993601	-0.10036560809	0.0109187061913	0.0461771856519	-0.0868458554835	0.0209863364119	0.074678031007	-0.0359076212105	0.0179552983045	-0.0311368867135	0.016073325372	0.0803928596489	0.0313837924009	-0.0282625355096	0.033205167722	-0.0541925697241	0.0327380869804	-0.0650023449863	0.00300362339683	0.0836447315827	0.0572919368072	-0.0442329516526	-0.190920493233	0.0564937201499	-0.111967038531	0.0598110075831	0.053712812231	0.00711327336437	-0.126323887933	-0.0414760901015	-0.00846813986938	0.0741566582168	-0.137117081751	0.0631638465092	-0.105218381924	-0.0731351115625	0.0190024913169
k__Bacteria;p__Firmicutes;c__Clostridia;o__Clostridiales;f__Ruminococcaceae;g__Faecalibacterium;s__Faecalibacterium_prausnitzii	0.00993450379349	-0.0638559414907	-0.006177472486	0.004881924004	0.0198562309415	-0.0926926102127	0.0459505420579	1.0	0.0291658593591	-0.00500570720987	0.0713930080491	-0.0668829643911	-0.0120351552593	-0.0186155807879	-0.127222076326	0.0217161053531	0.134049260108	-0.0121376002885	0.0307486637755	0.0459896172532	0.0144617093869	-0.022429476352	-0.0988625756473	0.114627837314	-0.0278720537669	-0.0413126959534	-0.020213291764	-0.168980640688	0.0156944129154	0.00370283807432	-0.078140825646	-0.040502068508	-0.00729131164127	-0.0628230195642	0.0199227910942	0.0224519562094	0.0726737520809	0.113475662201	0.0450988367802	-0.0347513902424	-0.098055393897	0.0806365417123	0.0135439285562	-0.0422157506673	0.0121308899319	-0.0686211641206	-0.0209033138719	0.0258825426388	-0.062186160251	-0.087807249222	0.0331203826941	-0.00625462251882	0.0389779766572	-0.0965565228344	0.0440747666294	0.0843273211303	-0.00724506082861	-0.0978565902535	0.142008478037
k__Bacteria;p__Bacteroidetes;c__Bacteroidia;o__Bacteroidales;f__Rikenellaceae;g__Alistipes;s__Alistipes_finegoldii	0.0334771644632	0.00165852504015	-0.0673254946288	-0.109918070281	0.0504163410869	0.0385210191414	0.103845994987	0.0291658593591	1.0	0.0358732449654	-0.0127424063915	0.0285244684543	0.00971649102813	0.0555187477231	0.0342810562291	0.0971941977087	-0.000916833144345	-0.0471965433451	-0.0430069251776	-0.0692896550974	0.0960952870529	-0.0985690062815	-0.07143896464	-0.0475497796947	-0.015080781436	-0.0944605084718	-0.123433608805	0.100167776967	0.083131755033	0.129252805111	-0.0268288860443	-0.0581455987703	-0.00929086498049	0.110699997951	-0.0438344874973	0.0924077065936	0.102489881501	-0.0609549224468	-0.0908725646342	-0.048184331918	0.0590859080763	0.0507621536921	0.0563523769424	-0.0907793103083	-0.0257310443759	0.000685141669695	-0.0219191491274	-0.135988577779	-0.0147153488404	-0.0685488083324	-0.0874368401954	0.0481430582098	-0.0894946508384	-0.149675553594	-0.0549854207929	0.0775367136694	-0.160291317866	-0.0106586796433	-0.0718630346405
k__Bacteria;p__Bacteroidetes;c__Bacteroidia;o__Bacteroidales;f__Porphyromonadaceae;g__Parabacteroides;s__Parabacteroides_distasonis	0.105412616635	-0.0906771698988	0.105794745596	0.0107057927926	0.0705796634359	0.0640097400054	0.0432228374572	-0.00500570720987	0.0358732449654	1.0	-0.0624819063677	0.00500094729046	-0.0665569043226	-0.0199548844711	-0.0732677242131	-0.15199725975	0.0827745311855	0.0418388667638	-0.103273984945	0.0286098527471	-0.0659583157577	-0.083505136804	-0.00194661978027	-0.0535761074434	-0.127102184947	0.0868706647523	0.0832101025851	0.00891904879995	0.0304052507101	0.143642794063	-0.0134544255034	0.180517607226	0.0847138596961	0.0430311899659	-0.118101512491	-0.0292744060033	0.0560555509057	-0.00109768188731	-0.0342968167209	-0.0994605928396	0.0510188071589	-0.0247360644277	-0.0538924326991	0.0107384563799	-0.0806092574858	0.00851098053149	0.0895488993964	0.0206148454222	0.124890713395	0.0541072884932	-0.00640895928449	0.0514481894299	-0.0604098968217	-0.0848039311839	-0.0866139981961	-0.0837253031718	-0.0985251167922	-0.203798946475	0.0317625610856
k__Bacteria;p__Bacteroidetes;c__Bacteroidia;o__Bacteroidales;f__Bacteroidaceae;g__Bacteroides;s__Bacteroides_thetaiotaomicron	-0.0368659317572	0.0190052256219	0.0439967976284	0.0646840796355	-0.0458114246794	-0.0246119919532	-0.0765478282369	0.0713930080491	-0.0127424063915	-0.0624819063677	1.0	-0.0270572215934	-0.042361808332	0.0289760204188	-0.105308166538	0.100187120188	-0.100761101925	-0.0499411578338	-0.110223858864	0.0601173347552	-0.0485982439286	0.0686022299794	0.0620997131709	-0.0400655749817	-0.0294169669603	-0.0501299270931	-0.0240911436224	0.0557824560975	0.0336494667434	0.1283787247	0.0347657879981	0.083944092793	-0.123087753899	-0.069448692777	-0.0904657998087	0.00521953566831	-0.0839462723201	0.00779449160418	-0.0183111202463	0.0327790145343	0.0676886568296	0.0353484852934	0.00743912014608	0.0223958901753	-0.0311888698736	-0.0664000913124	0.0201610655318	0.042494552908	-0.0287893538359	-0.0427496241974	0.174218996995	0.0442900939883	0.122869095349	-0.142341948447	0.102338280529	0.0696908682179	0.207525192226	-0.0432468770433	0.187457547609
k__Bacteria;p__Bacteroidetes;c__Bacteroidia;o__Bacteroidales;f__Bacteroidaceae;g__Bacteroides;s__Bacteroides_coprocola	-0.0377987900853	0.00932322274363	0.0782561962939	-0.0433225739275	-0.00984898177308	-0.082713832462	0.0138200221232	-0.0668829643911	0.0285244684543	0.00500094729046	-0.0270572215934	1.0	0.0349958974462	0.0923915484458	-0.0274098126633	0.0148983795721	0.023888875553	-0.00897210272946	0.119234637666	-0.076765346657	-0.0837995130043	-0.00807013062726	0.0103095090879	-0.020360640506	-0.0386735001004	-0.0811588424452	-0.0610242608793	0.0320944828347	0.0591801201393	-0.0131008940834	0.0206995784519	0.0049916201698	0.0426824656069	-0.019746174136	-0.0260246170158	0.122567868382	0.0239024480133	-0.00664154661739	0.0829423436364	0.0193393167898	-0.0825845155278	-0.0917422290053	-0.020445221764	-0.0464605050297	-0.1273846761	-0.0130450493955	-0.118448201711	-0.0354187998873	-0.068056450263	-0.0452153535949	-0.133101642432	0.00798844479033	-0.0544632795981	-0.0309254620397	0.0634640183903	0.0136665500737	0.00646474261937	-0.106994437164	0.0448893377562
k__Bacteria;p__Bacteroidetes;c__Bacteroidia;o__Bacteroidales;f__Bacteroidaceae;g__Bacteroides;s__Bacteroides_cellulosilyticus	-0.119898063839	0.0901363274265	0.0873269690764	0.00187055527433	-0.091609949501	0.0959800630339	-0.0169829016769	-0.0120351552593	0.00971649102813	-0.0665569043226	-0.042361808332	0.0349958974462	1.0	0.0529632834958	0.0137484252559	0.0250748308817	-0.0741501181641	-0.018855368097	-0.00240613715393	-0.0423981070403	-0.104510994755	-0.0483816902367	-0.0570239728618	-0.0157371551315	0.0200153761783	0.0605839662697	0.0926099569694	0.0457103570704	-0.005035269193	0.119722770832	-0.0375913539099	-0.00306352248683	-0.0147069390103	0.0736074810129	-0.00900081331103	0.0881503994301	-0.0184456431255	0.017284407424	0.00938917103405	-0.0346635058916	-0.044496599008	0.00610350664081	0.0924170811704	0.000771554548541	-0.122606428324	-0.0557625772173	0.0206892304935	0.0847173883634	0.0395925877296	-0.107256010136	-0.0432163231934	-0.0170861021786	0.00324246914976	-0.0603034001223	0.0205280075833	-0.168726890101	0.0139282026418	-0.0699566662389	-0.108492756336
k__Bacteria;p__Bacteroidetes;c__Bacteroidia;o__Bacteroidales;f__Rikenellaceae;g__Alistipes;s__Alistipes_obesi	-0.149341539893	0.00363783697805	0.0545342789533	0.0107734165432	0.0275996701816	-0.0829737659885	-0.0661509262661	-0.0186155807879	0.0555187477231	-0.0199548844711	0.0289760204188	0.0923915484458	0.0529632834958	1.0	-0.0380955817198	0.112625012782	-0.0836383298738	-0.0203447620922	0.0589348202186	0.0184431717268	0.0462751514772	0.0126935674652	-0.0643796688291	-0.0563470469922	-0.0207606884489	-0.165927126047	-0.0245866643674	-0.144947741119	0.0362852649664	-0.0421169235589	0.00145127617708	0.0297208081038	0.00789873980624	-0.00162258233078	-0.0803796060189	-0.060760232926	-0.0774174983342	0.0380326004564	-0.135571632465	-0.124340385041	-0.15212574181	0.109326788047	0.00318038889128	-0.014208328036	-0.0621399708607	0.116318201928	-0.101632760782	-0.0968303279901	0.0080281885178	-0.0337872796567	-0.0225391769856	-0.00603214561449	-0.0303593368038	-0.0205023845227	0.0604854286176	-0.0232670503352	0.0955664661908	-0.0335402875694	0.0570596696554
k__Bacteria;p__Firmicutes;c__Clostridia;o__Clostridiales;f__Lachnospiraceae;g__;s__[Eubacterium]_rectale	0.00498753780289	-0.0403610097255	-0.0951408996875	0.0431116866985	0.0199976245241	-0.0943416102198	0.00824066597034	-0.127222076326	0.0342810562291	-0.0732677242131	-0.105308166538	-0.0274098126633	0.0137484252559	-0.0380955817198	1.0	-0.0235895691701	0.050550366632	-0.135957552059	0.0548388239744	0.0973857262049	0.0228400384548	0.0787804381176	-0.134292349665	-0.0402510972416	-0.0311261115044	0.0998557667991	0.137687414642	0.0717042947835	-0.00468223075616	-0.0817158596323	-0.0674008987307	0.0431269807601	0.0338410067257	0.030162638261	-0.0223656747502	-0.0444633213605	0.0821069351142	-0.0354033912402	-0.0220188846465	0.0670826342879	-0.133225472589	-0.0587341264325	-0.0563651101024	-0.112153310143	-0.0653586260537	0.0792943968543	0.0556796707623	0.0648272410642	0.0231567433401	0.0984046652725	-0.099562612813	0.0158097253734	0.126797030991	0.0624262133344	0.0159349505579	-0.0363788946511	0.0372132342206	-0.00721759264607	-0.0386712521787
k__Bacteria;p__Bacteroidetes;c__Bacteroidia;o__Bacteroidales;f__Bacteroidaceae;g__Bacteroides;s__Bacteroides_plebeius	-0.109053607007	0.026493884603	-0.025247092935	-0.0286571386969	-0.176359422811	0.0472065304194	-0.154733467067	0.0217161053531	0.0971941977087	-0.15199725975	0.100187120188	0.0148983795721	0.0250748308817	0.112625012782	-0.0235895691701	1.0	-0.0511890854499	-0.13268054696	-0.015800866834	0.0412741954365	-0.0286582091293	0.178067169572	0.0726448906156	0.103591030819	-0.0801374892983	-0.0128859683171	-0.0656178439767	-0.0172906195118	0.0395703210579	0.0271944015161	0.0852467466884	-0.0233096426428	-0.0109103212791	0.0811863323465	0.0238877622189	-0.0454702315649	-0.159845007704	0.0909275919511	0.00951249360984	-0.0126978114527	0.034176384914	-0.00681611011333	0.0424974362744	-0.00546888864514	-0.0041096105911	0.00921287413059	-0.0473067968082	-0.0920036655373	0.0134548021086	-0.0401338218616	-0.0846959815949	0.0446883578873	0.0481450670713	-0.0197447539476	0.0228934898752	-0.109425582585	0.0224978401343	0.0324032364585	-0.0227157298489
k__Bacteria;p__Bacteroidetes;c__Bacteroidia;o__Bacteroidales;f__Bacteroidaceae;g__Bacteroides;s__Bacteroides_fragilis	-0.125635012765	0.0317787977103	-0.0235848826468	0.0312878905171	-0.0597371113841	0.00445272702142	0.00421510788601	0.134049260108	-0.000916833144345	0.0827745311855	-0.100761101925	0.023888875553	-0.0741501181641	-0.0836383298738	0.050550366632	-0.0511890854499	1.0	0.00221679170908	0.0777673148532	0.075306901682	0.000299205843558	-0.120034849392	0.126113702803	-0.165264741341	-0.0469037440065	0.0552325797749	-0.00978220423166	-0.11223235783	-0.178770033588	0.00791310824761	-0.0553264716123	0.0436466506279	0.107911350404	-0.032228251867	-0.117853156694	-0.159255996062	0.130650565196	0.13475862797	-0.108449090085	-0.127153492632	0.0706104690345	0.0339566773342	0.036122495202	-0.112334067695	-0.0520998572335	0.123869524744	-0.172100977827	-0.0545853960508	0.0880180042483	0.0106756769511	-0.0377465449127	-0.027358913703	0.0387967666518	-0.114586956361	0.0553731082593	0.076938777243	0.042569187113	-0.0146010579921	-0.0458105596511
k__Bacteria;p__Proteobacteria;c__Betaproteobacteria;o__Burkholderiales;f__Sutterellaceae;g__Sutterella;s__Sutterella_wadsworthensis	0.0702554788242	0.0903787916439	0.00953778863612	-0.050774687244	-0.00979108940654	0.0368362945674	0.0154578110611	-0.0121376002885	-0.0471965433451	0.0418388667638	-0.0499411578338	-0.00897210272946	-0.018855368097	-0.0203447620922	-0.135957552059	-0.13268054696	0.00221679170908	1.0	-0.0360749874059	0.0035621893382	0.062811996755	0.0617239502725	-0.00711463822884	-0.0353005663754	0.0170382423054	-0.00545070196141	-0.0422417811614	-0.0429486236101	-0.0534383194081	0.0121227497078	-0.0246682091492	-0.111497792585	0.200304238471	-0.0141453877673	0.0339288699768	-0.0120752556671	-0.11513195412	-0.0311712757775	0.164134322799	0.0276616112455	0.093417962044	-0.0702795380371	-0.0166796446016	-0.0418696109522	0.0329357043925	0.0391487010077	0.0325853680268	0.101532536561	-0.0162358081331	0.0211567593088	-0.00968717391844	0.121328927248	-0.144303151097	-0.0753699229864	-0.0133767134181	-0.0328638457288	-0.103927610926	-0.00170039679353	-0.0811067881815
k__Bacteria;p__Bacteroidetes;c__Bacteroidia;o__Bacteroidales;f__Porphyromonadaceae;g__Barnesiella;s__Barnesiella_intestinihominis	-0.0636562730768	-0.11134360587	0.0351741256989	0.142162299177	-0.119734079196	-0.0155837979871	-0.18687668331	0.0307486637755	-0.0430069251776	-0.103273984945	-0.110223858864	0.119234637666	-0.00240613715393	0.0589348202186	0.0548388239744	-0.015800866834	0.0777673148532	-0.0360749874059	1.0	-0.140888380353	0.0234725975316	0.0186822703275	-0.0207154048475	-0.165767136794	0.0854921071959	-0.0704475298101	-0.00529021345185	0.0265320188427	-0.0644212831933	-0.0815257346424	-0.00834737053647	0.092125659391	-0.0280448922225	-0.152225970626	0.0273413631647	0.179343602123	0.0475089817913	-0.0432894679079	-0.0203767302998	-0.166168751043	-0.0655346012504	-0.0685048420312	-0.00636164976876	-0.0464435167855	0.14318400208	0.0325190952679	0.0502458976147	-0.0413788383997	-0.0502311375161	0.0502492039333	-0.0207019298465	0.0572339378219	-0.00499717164181	-0.087108677932	-0.00913720499847	-0.0482654731831	0.00879943437687	0.0145016440693	0.032888278729
k__Bacteria;p__Bacteroidetes;c__Bacteroidia;o__Bacteroidales;f__Odoribacteraceae;g__Odoribacter;s__Odoribacter_splanchnicus	0.0384967102657	0.0926538742786	-0.0222958528821	-0.00406103699359	0.0283233855963	0.0212039874449	-0.0272519774967	0.0459896172532	-0.0692896550974	0.0286098527471	0.0601173347552	-0.076765346657	-0.0423981070403	0.0184431717268	0.0973857262049	0.0412741954365	0.075306901682	0.0035621893382	-0.140888380353	1.0	0.105751501266	-0.00877554961588	-0.157067956897	-0.0199443532364	0.00411119314673	0.0249697960386	-0.0504782117104	0.0371048305825	0.0460782271456	-0.0840066828986	0.0300743256167	-0.0658180783277	0.108327194295	-0.0217698003618	0.0862965049634	0.0112945586494	-0.00837163879313	0.0664814410467	-0.139479816983	-0.027239290767	-0.0737696159734	-0.0620739360274	-0.0256183687964	-0.0532466375302	0.0156820820323	0.0437394400629	-0.00555993318045	-0.0402325789757	-0.0735536836128	-0.0537986177254	0.0701604307659	-0.0517590576079	0.0162885919069	-0.0750352847678	0.125323055068	-0.0222642212764	-0.015041422535	-0.00681596398049	-0.122656020776
k__Bacteria;p__Bacteroidetes;c__Bacteroidia;o__Bacteroidales;f__Bacteroidaceae;g__Bacteroides;s__Bacteroides_salyersiae	-0.0872523663751	0.0502011440357	-0.00566214795303	-0.0704406358261	0.0258931143756	0.0291231212822	0.0440108891228	0.0144617093869	0.0960952870529	-0.0659583157577	-0.0485982439286	-0.0837995130043	-0.104510994755	0.0462751514772	0.0228400384548	-0.0286582091293	0.000299205843558	0.062811996755	0.0234725975316	0.105751501266	1.0	-0.0493009257896	-0.138421447764	-0.0384816335298	-0.11922328466	0.0213998674221	-0.107407744496	-0.11769696112	0.0387005719893	-0.0284733939346	0.0304536505391	-0.0435370207976	0.00242781471988	-0.0651849651203	0.0437393251559	-0.140159849957	0.0745384617715	0.0353957467378	-0.108117132567	-0.0386391046704	0.0618875235356	-0.0240174954685	-0.0871785155013	-0.174944807034	0.021338225557	0.0369174629952	-0.0510475911998	0.0345163828769	0.0469877989839	0.00242194987521	-0.0122821727882	0.0142132715978	0.032951612772	0.0576756969599	0.163656202683	-0.0276015025068	-0.0564775922143	-0.0377427274201	-0.058693253117
k__Bacteria;p__Firmicutes;c__Clostridia;o__Clostridiales;f__Ruminococcaceae;g__Ruminiclostridium;s__[Eubacterium]_siraeum	0.00511217524274	0.0222348830114	0.046501954272	0.0509300423642	0.0901070517091	0.0183360768094	-0.0710000446031	-0.022429476352	-0.0985690062815	-0.083505136804	0.0686022299794	-0.00807013062726	-0.0483816902367	0.0126935674652	0.0787804381176	0.178067169572	-0.120034849392	0.0617239502725	0.0186822703275	-0.00877554961588	-0.0493009257896	1.0	-0.10574097854	-0.0336688009035	0.0340702852585	-0.0139261910822	-0.0540959971827	-0.0539962579543	0.0453085154802	-0.0261574613242	-0.171439385851	-0.0345720208349	0.0115143093785	0.0953317165693	0.0771624400955	-0.0419656859525	-0.0350679684985	-0.00589326169799	0.136262572411	-0.0244831802672	-0.0259633465092	0.00421733160688	0.160630353381	0.165692750687	0.0288277274635	0.00399795219591	-0.00317590472953	0.139724385522	-0.0707640734895	-0.0449714806236	0.132044490816	-0.0558460319787	0.0147243114332	-0.0541658187561	-0.0877497506083	0.0604629914995	0.0711578345404	-0.0294651917133	0.074159478372
k__Bacteria;p__Proteobacteria;c__Betaproteobacteria;o__Burkholderiales;f__Sutterellaceae;g__Parasutterella;s__Parasutterella_excrementihominis	-0.0321711702816	-0.128943529046	-0.0844540563945	-0.0172347107624	-0.0854563340424	-0.0102940001413	-0.110856993601	-0.0988625756473	-0.07143896464	-0.00194661978027	0.0620997131709	0.0103095090879	-0.0570239728618	-0.0643796688291	-0.134292349665	0.0726448906156	0.126113702803	-0.00711463822884	-0.0207154048475	-0.157067956897	-0.138421447764	-0.10574097854	1.0	-0.0348880579495	-0.0606279042305	-0.0276545221406	0.114500838504	-0.00769673759319	0.0247998110081	0.178022528606	0.0206834804433	-0.0851192206528	-0.0593292077586	0.0358030268726	0.0562569364898	0.0585830558557	0.0475837552139	0.0529061952184	0.00959412935921	-0.0693566315339	0.0626303728622	-0.0344146396333	-0.0161725640691	0.0617895421838	-0.0844778032625	0.0220388783109	0.0259278416409	-0.146785726553	0.0798551823014	-0.0390603669418	0.0562284195359	-0.0389362600396	-0.0187138902844	0.0453424151809	0.000952672583191	0.00455260614806	-0.00686358903874	0.102383987812	6.89116888706e-05
k__Bacteria;p__Actinobacteria;c__Actinobacteria;o__Bifidobacteriales;f__Bifidobacteriaceae;g__Bifidobacterium;s__Bifidobacterium_adolescentis	-0.0183607105354	0.0590772676427	-0.0466741604242	-0.016098320203	-0.0547804663471	0.0246867717122	-0.10036560809	0.114627837314	-0.0475497796947	-0.0535761074434	-0.0400655749817	-0.020360640506	-0.0157371551315	-0.0563470469922	-0.0402510972416	0.103591030819	-0.165264741341	-0.0353005663754	-0.165767136794	-0.0199443532364	-0.0384816335298	-0.0336688009035	-0.0348880579495	1.0	0.115662547888	-0.0496058288281	0.0706012458446	-0.0242320517595	0.0414775138889	-0.130550354603	0.135505829398	-0.0227395640882	-0.0772838968047	-0.000326514554307	-0.0695781817492	0.05363669465	-0.0666359500863	-0.0463471706919	0.101147149805	0.130487594348	-0.000807028778965	-0.0210635882827	0.0191384394347	-0.0444695490685	-0.0371696628608	-0.064697733775	0.130497164247	-0.0295443655217	-0.0165836328559	-0.166109258307	-0.0398813317283	0.0893264714445	-0.066594291034	0.108471383889	-0.0111966791664	-0.0145428218484	-0.115657115048	0.0300154368981	-0.0192032628421
k__Bacteria;p__Firmicutes;c__Clostridia;o__Clostridiales;f__Oscillospiraceae;g__Oscillibacter;s__Oscillibacter_sp._KLE_1745	-0.0239229229426	-0.0802040680157	-0.0392743814775	-0.0299946071329	-0.174787006166	-0.142000327078	0.0109187061913	-0.0278720537669	-0.015080781436	-0.127102184947	-0.0294169669603	-0.0386735001004	0.0200153761783	-0.0207606884489	-0.0311261115044	-0.0801374892983	-0.0469037440065	0.0170382423054	0.0854921071959	0.00411119314673	-0.11922328466	0.0340702852585	-0.0606279042305	0.115662547888	1.0	-0.000757322708344	0.0374747897852	-0.0607832479512	-0.0284951614385	-0.0820008500607	-0.049808862945	0.0345029148202	0.0555109760192	0.0167062369163	-0.0969155008261	0.0243486095602	0.117506526316	0.0201015957096	-0.00923908811077	-0.0635320313184	0.138050140908	0.0694533294286	-0.0436942862565	-0.0967930017597	0.0318886617909	0.102117215862	0.0112033553523	0.0122928823133	-0.0117730529858	-0.023628104961	0.00387045664388	-0.0139400973098	0.130015509046	-0.017248329183	-0.024293805361	-0.0228100019484	-0.0431190530856	-0.05162978513	0.0774024414952
k__Bacteria;p__Bacteroidetes;c__Bacteroidia;o__Bacteroidales;f__Bacteroidaceae;g__Bacteroides;s__Bacteroides_coprophilus	0.03255543764	-0.0251696540392	0.114446916405	-0.0560959506114	-0.0111653557295	0.0380228847075	0.0461771856519	-0.0413126959534	-0.0944605084718	0.0868706647523	-0.0501299270931	-0.0811588424452	0.0605839662697	-0.165927126047	0.0998557667991	-0.0128859683171	0.0552325797749	-0.00545070196141	-0.0704475298101	0.0249697960386	0.0213998674221	-0.0139261910822	-0.0276545221406	-0.0496058288281	-0.000757322708344	1.0	-0.0568799656077	-0.0195516088056	-0.0238930740082	-0.0604779951131	-0.00677781210839	-0.0697791605628	-0.0618962145354	0.0298773444211	0.163568058577	0.0269714292643	0.0106784193415	0.0239626274477	-0.00012519913305	0.13411378711	-0.0904421442822	0.0849777313807	-0.0461942818311	0.0350532380622	-0.064528407761	0.0444510069731	0.000561579765061	0.0489649819457	0.0479287810213	-0.0691541123647	-0.0569883164531	0.0342427265165	-0.033106467484	-0.0987008136806	-0.135194909552	0.0149924109316	0.0274603809556	0.0713690333411	-0.128811862585
k__Bacteria;p__Firmicutes;c__Clostridia;o__Clostridiales;f__Lachnospiraceae;g__Roseburia;s__Roseburia_intestinalis	0.0851919717225	-0.137587304144	0.0102793131678	0.161094873379	0.00624376426471	0.115314168685	-0.0868458554835	-0.020213291764	-0.123433608805	0.0832101025851	-0.0240911436224	-0.0610242608793	0.0926099569694	-0.0245866643674	0.137687414642	-0.0656178439767	-0.00978220423166	-0.0422417811614	-0.00529021345185	-0.0504782117104	-0.107407744496	-0.0540959971827	0.114500838504	0.0706012458446	0.0374747897852	-0.0568799656077	1.0	0.0940843668717	-0.017980713265	-0.0632877018039	-0.0156975991871	0.0944303104749	-0.0490796167198	-0.0473313946448	-0.0685015787239	0.027589966798	-0.0442924590303	-0.101569386762	0.0690624967637	0.0933791071853	-0.0154695886932	-0.0334767461287	-0.140016724011	0.0220269372393	0.0459829742458	-0.129815946599	-0.0295028309168	0.0758884495841	0.0589618084336	-0.010118691487	0.084767039221	0.0712510497037	0.00693128645205	0.0277477901553	0.0576006170055	0.0616963616111	-0.0876047702845	0.0605501721322	-0.0817660678096
k__Bacteria;p__Firmicutes;c__Clostridia;o__Clostridiales;f__Lachnospiraceae;g__Roseburia;s__Roseburia_hominis	0.134247335582	0.0644180051631	-0.0261319092284	-0.110437903252	-0.0393718514367	-0.0741717392988	0.0209863364119	-0.168980640688	0.100167776967	0.00891904879995	0.0557824560975	0.0320944828347	0.0457103570704	-0.144947741119	0.0717042947835	-0.0172906195118	-0.11223235783	-0.0429486236101	0.0265320188427	0.0371048305825	-0.11769696112	-0.0539962579543	-0.00769673759319	-0.0242320517595	-0.0607832479512	-0.0195516088056	0.0940843668717	1.0	0.00216686982915	-0.0864193696901	-0.00287132048571	0.0586527012852	0.0247922533226	0.0555551555454	-0.0545700913406	-0.0583035033697	-0.0723890423324	-0.0531464993705	-0.0533259068748	0.0815860718054	0.00934518322353	-0.110169807746	0.0214347096379	0.108053551101	-0.140347506537	-0.124247664486	-0.0644310033117	-0.0622262886079	-0.0455614888792	0.018318008709	0.0045223766103	0.214174674138	-0.0434336051561	0.00786373046863	-0.201747444381	-0.104131143854	0.0234842344855	0.144600968461	-0.0348724903236
k__Bacteria;p__Bacteroidetes;c__Bacteroidia;o__Bacteroidales;f__Porphyromonadaceae;g__Parabacteroides;s__Parabacteroides_johnsonii	0.0443622573414	0.139844569144	-0.0108777704556	-0.0460605470979	-0.00705021789702	-0.12738031923	0.074678031007	0.0156944129154	0.083131755033	0.0304052507101	0.0336494667434	0.0591801201393	-0.005035269193	0.0362852649664	-0.00468223075616	0.0395703210579	-0.178770033588	-0.0534383194081	-0.0644212831933	0.0460782271456	0.0387005719893	0.0453085154802	0.0247998110081	0.0414775138889	-0.0284951614385	-0.0238930740082	-0.017980713265	0.00216686982915	1.0	-0.0920348315331	0.0275881311744	-0.0630612321777	0.0432577954801	0.0591256928874	-0.00968897310236	-0.0709165852957	0.0946543835191	-0.0348496137114	0.0982775458103	0.0182293418598	-0.0713974745484	0.0419811172494	0.123501465664	-0.0421787070903	0.00881497521474	-0.0622575113551	-0.0827599094983	0.0485844655546	-0.017525993294	-0.0202658353269	0.00170364566251	-0.0259091176403	0.0151169991787	-0.000178681825659	0.0662900738783	-0.0412775907108	-0.125056525038	-0.00299107041585	-0.0875127753032
k__Bacteria;p__Actinobacteria;c__Actinobacteria;o__Bifidobacteriales;f__Bifidobacteriaceae;g__Bifidobacterium;s__Bifidobacterium_longum	-0.018427625338	-0.0770559394898	0.0505698651693	-0.0957737927839	0.049519276265	-0.0457096417191	-0.0359076212105	0.00370283807432	0.129252805111	0.143642794063	0.1283787247	-0.0131008940834	0.119722770832	-0.0421169235589	-0.0817158596323	0.0271944015161	0.00791310824761	0.0121227497078	-0.0815257346424	-0.0840066828986	-0.0284733939346	-0.0261574613242	0.178022528606	-0.130550354603	-0.0820008500607	-0.0604779951131	-0.0632877018039	-0.0864193696901	-0.0920348315331	1.0	-0.0668065830346	-0.0403039963206	0.0411311290325	0.0876416901024	-0.0188730835415	-0.116973858129	0.0291655405159	0.0583686126669	0.0949822307411	-0.059935537245	0.0496877465109	0.0659232358405	-0.0776274733376	-0.0510582282474	-0.0596699324009	-0.0938356308787	-0.003683899623	-0.103288593862	0.115644002013	-0.0845108739929	-0.0181343860703	-0.0434687968288	-0.0204303514334	0.0896640451185	0.00671068715992	-0.0268333794282	0.0275135052038	0.0652905885424	0.0953679213128
