#taxonomy	k__Bacteria;p__Bacteroidetes;c__Bacteroidia;o__Bacteroidales;f__Bacteroidaceae;g__Bacteroides;s__Bacteroides_vulgatus	k__Bacteria;p__Bacteroidetes;c__Bacteroidia;o__Bacteroidales;f__Bacteroidaceae;g__Bacteroides;s__Bacteroides_uniformis	k__Bacteria;p__Bacteroidetes;c__Bacteroidia;o__Bacteroidales;f__Rikenellaceae;g__Alistipes;s__Alistipes_putredinis	k__Bacteria;p__Bacteroidetes;c__Bacteroidia;o__Bacteroidales;f__Prevotellaceae;g__Prevotella;s__Prevotella_copri	k__Bacteria;p__Bacteroidetes;c__Bacteroidia;o__Bacteroidales;f__Bacteroidaceae;g__Bacteroides;s__Bacteroides_stercoris	k__Bacteria;p__Bacteroidetes;c__Bacteroidia;o__Bacteroidales;f__Bacteroidaceae;g__Bacteroides;s__Bacteroides_ovatus	k__Bacteria;p__Bacteroidetes;c__Bacteroidia;o__Bacteroidales;f__Rikenellaceae;g__Alistipes;s__Alistipes_shahii	k__Bacteria;p__Firmicutes;c__Clostridia;o__Clostridiales;f__Ruminococcaceae;g__Faecalibacterium;s__Faecalibacterium_prausnitzii	k__Bacteria;p__Bacteroidetes;c__Bacteroidia;o__Bacteroidales;f__Rikenellaceae;g__Alistipes;s__Alistipes_finegoldii	k__Bacteria;p__Bacteroidetes;c__Bacteroidia;o__Bacteroidales;f__Porphyromonadaceae;g__Parabacteroides;s__Parabacteroides_distasonis	k__Bacteria;p__Bacteroidetes;c__Bacteroidia;o__Bacteroidales;f__Bacteroidaceae;g__Bacteroides;s__Bacteroides_thetaiotaomicron	k__Bacteria;p__Bacteroidetes;c__Bacteroidia;o__Bacteroidales;f__Bacteroidaceae;g__Bacteroides;s__Bacteroides_coprocola	k__Bacteria;p__Bacteroidetes;c__Bacteroidia;o__Bacteroidales;f__Bacteroidaceae;g__Bacteroides;s__Bacteroides_cellulosilyticus	k__Bacteria;p__Bacteroidetes;c__Bacteroidia;o__Bacteroidales;f__Rikenellaceae;g__Alistipes;s__Alistipes_obesi	k__Bacteria;p__Firmicutes;c__Clostridia;o__Clostridiales;f__Lachnospiraceae;g__;s__[Eubacterium]_rectale	k__Bacteria;p__Bacteroidetes;c__Bacteroidia;o__Bacteroidales;f__Bacteroidaceae;g__Bacteroides;s__Bacteroides_plebeius	k__Bacteria;p__Bacteroidetes;c__Bacteroidia;o__Bacteroidales;f__Bacteroidaceae;g__Bacteroides;s__Bacteroides_fragilis	k__Bacteria;p__Proteobacteria;c__Betaproteobacteria;o__Burkholderiales;f__Sutterellaceae;g__Sutterella;s__Sutterella_wadsworthensis	k__Bacteria;p__Bacteroidetes;c__Bacteroidia;o__Bacteroidales;f__Porphyromonadaceae;g__Barnesiella;s__Barnesiella_intestinihominis	k__Bacteria;p__Bacteroidetes;c__Bacteroidia;o__Bacteroidales;f__Odoribacteraceae;g__Odoribacter;s__Odoribacter_splanchnicus	k__Bacteria;p__Bacteroidetes;c__Bacteroidia;o__Bacteroidales;f__Bacteroidaceae;g__Bacteroides;s__Bacteroides_salyersiae	k__Bacteria;p__Firmicutes;c__Clostridia;o__Clostridiales;f__Ruminococcaceae;g__Ruminiclostridium;s__[Eubacterium]_siraeum	k__Bacteria;p__Proteobacteria;c__Betaproteobacteria;o__Burkholderiales;f__Sutterellaceae;g__Parasutterella;s__Parasutterella_excrementihominis	k__Bacteria;p__Actinobacteria;c__Actinobacteria;o__Bifidobacteriales;f__Bifidobacteriaceae;g__Bifidobacterium;s__Bifidobacterium_adolescentis	k__Bacteria;p__Firmicutes;c__Clostridia;o__Clostridiales;f__Oscillospiraceae;g__Oscillibacter;s__Oscillibacter_sp._KLE_1745	k__Bacteria;p__Bacteroidetes;c__Bacteroidia;o__Bacteroidales;f__Bacteroidaceae;g__Bacteroides;s__Bacteroides_coprophilus	k__Bacteria;p__Firmicutes;c__Clostridia;o__Clostridiales;f__Lachnospiraceae;g__Roseburia;s__Roseburia_intestinalis	k__Bacteria;p__Firmicutes;c__Clostridia;o__Clostridiales;f__Lachnospiraceae;g__Roseburia;s__Roseburia_hominis	k__Bacteria;p__Bacteroidetes;c__Bacteroidia;o__Bacteroidales;f__Porphyromonadaceae;g__Parabacteroides;s__Parabacteroides_johnsonii	k__Bacteria;p__Actinobacteria;c__Actinobacteria;o__Bifidobacteriales;f__Bifidobacteriaceae;g__Bifidobacterium;s__Bifidobacterium_longum	k__Bacteria;p__Firmicutes;c__Clostridia;o__Clostridiales;f__;g__Flavonifractor;s__Flavonifractor_plautii	k__Bacteria;p__Firmicutes;c__Clostridia;o__Clostridiales;f__Clostridiaceae;g__Clostridium;s__Clostridium_phoceensis	k__Bacteria;p__Verrucomicrobia;c__Verrucomicrobiae;o__Verrucomicrobiales;f__Akkermansiaceae;g__Akkermansia;s__Akkermansia_muciniphila	k__Bacteria;p__Bacteroidetes;c__Bacteroidia;o__Bacteroidales;f__Prevotellaceae;g__Paraprevotella;s__Paraprevotella_xylaniphila	k__Bacteria;p__Firmicutes;c__Clostridia;o__Clostridiales;f__Ruminococcaceae;g__Ruminococcus;s__Ruminococcus_callidus	k__Bacteria;p__Bacteroidetes;c__Bacteroidia;o__Bacteroidales;f__Rikenellaceae;g__Alistipes;s__Alistipes_senegalensis	k__Bacteria;p__Firmicutes;c__Clostridia;o__Clostridiales;f__Lachnospiraceae;g__Blautia;s__Blautia_sp._KLE_1732	k__Bacteria;p__Bacteroidetes;c__Bacteroidia;o__Bacteroidales;f__Bacteroidaceae;g__Bacteroides;s__Bacteroides_oleiciplenus	k__Bacteria;p__Firmicutes;c__Clostridia;o__Clostridiales;f__Ruminococcaceae;g__Ruminococcus;s__Ruminococcus_bicirculans	k__Bacteria;p__Bacteroidetes;c__Bacteroidia;o__Bacteroidales;f__Bacteroidaceae;g__Bacteroides;s__Bacteroides_fluxus	k__Bacteria;p__Bacteroidetes;c__Bacteroidia;o__Bacteroidales;f__Prevotellaceae;g__Prevotella;s__Prevotella_stercorea	k__Bacteria;p__Firmicutes;c__Clostridia;o__Clostridiales;f__Lachnospiraceae;g__Dorea;s__Dorea_longicatena	k__Bacteria;p__Firmicutes;c__Clostridia;o__Clostridiales;f__Eubacteriaceae;g__Eubacterium;s__[Eubacterium]_eligens	k__Bacteria;p__Firmicutes;c__Clostridia;o__Clostridiales;f__Ruminococcaceae;g__;s__Ruminococcaceae_bacterium_D16	k__Bacteria;p__Firmicutes;c__Clostridia;o__Clostridiales;f__Lachnospiraceae;g__Coprococcus;s__Coprococcus_comes	k__Bacteria;p__Proteobacteria;c__Gammaproteobacteria;o__Enterobacterales;f__Enterobacteriaceae;g__Escherichia;s__Escherichia_coli	k__Bacteria;p__Firmicutes;c__Clostridia;o__Clostridiales;f__Ruminococcaceae;g__Anaerotruncus;s__Anaerotruncus_colihominis	k__Bacteria;p__Firmicutes;c__Clostridia;o__Clostridiales;f__Lachnospiraceae;g__Blautia;s__Blautia_obeum	k__Bacteria;p__Bacteroidetes;c__Bacteroidia;o__Bacteroidales;f__Odoribacteraceae;g__Odoribacter;s__Odoribacter_laneus	k__Bacteria;p__Firmicutes;c__Clostridia;o__Clostridiales;f__Ruminococcaceae;g__Ruminiclostridium;s__[Clostridium]_leptum	k__Bacteria;p__Bacteroidetes;c__Bacteroidia;o__Bacteroidales;f__Porphyromonadaceae;g__Parabacteroides;s__Parabacteroides_goldsteinii	k__Bacteria;p__Firmicutes;c__Clostridia;o__Clostridiales;f__Lachnospiraceae;g__Anaerostipes;s__Anaerostipes_hadrus	k__Bacteria;p__Firmicutes;c__Clostridia;o__Clostridiales;f__Ruminococcaceae;g__Ruminococcus;s__Ruminococcus_lactaris	k__Bacteria;p__Firmicutes;c__Clostridia;o__Clostridiales;f__Clostridiaceae;g__Clostridium;s__Clostridium_sp._L2-50	k__Bacteria;p__Firmicutes;c__Clostridia;o__Clostridiales;f__Clostridiaceae;g__Clostridium;s__Clostridium_sp._M62/1	k__Bacteria;p__Firmicutes;c__Clostridia;o__Clostridiales;f__;g__Intestinimonas;s__Intestinimonas_butyriciproducens	k__Bacteria;p__Actinobacteria;c__Actinobacteria;o__Bifidobacteriales;f__Bifidobacteriaceae;g__Bifidobacterium;s__Bifidobacterium_bifidum	k__Bacteria;p__Firmicutes;c__Negativicutes;o__Veillonellales;f__Veillonellaceae;g__Dialister;s__Dialister_invisus	k__Bacteria;p__Bacteroidetes;c__Bacteroidia;o__Bacteroidales;f__Bacteroidaceae;g__Bacteroides;s__Bacteroides_salanitronis
k__Bacteria;p__Bacteroidetes;c__Bacteroidia;o__Bacteroidales;f__Bacteroidaceae;g__Bacteroides;s__Bacteroides_vulgatus	1.0	-0.0154498171326	0.0573620985839	-0.0753873142735	-0.0100013718689	0.085135932277	-0.0544024574139	0.0966406899436	-0.103145242117	0.0667238753787	0.0104608584275	0.0248018401729	0.0143450263976	0.002578672363	-0.00921991401776	-0.0951505942912	0.0045200924496	0.0451636670655	0.0580347025461	0.0479810401122	0.0377459517502	-0.0673917714788	0.0502346598529	0.0549487001421	0.13178528048	-0.0938969917544	-0.0983644874741	-0.0145547975053	0.0728628780179	0.0620271338499	-0.0775762034163	-0.0186588122684	-0.1086704279	-0.0163305821733	-0.0121957427927	-0.0726830958323	0.093808095583	-0.0595870473732	-0.0906499993413	-0.0194679921882	0.144305405791	0.0357219949504	0.0346160733118	-0.010151867763	-0.0528477830521	-0.0424836235571	0.019437322264	-0.0453005262663	-0.0114542465391	0.0571379170261	0.00747777275774	-0.0319987819792	0.168500347201	-0.0182473075465	-0.122670473644	0.181375477169	0.0105243648855	0.0317946804972	0.0664864476939
k__Bacteria;p__Bacteroidetes;c__Bacteroidia;o__Bacteroidales;f__Bacteroidaceae;g__Bacteroides;s__Bacteroides_uniformis	-0.0154498171326	1.0	0.0848522590587	0.0608362806497	-0.0691123687461	0.0631842784532	0.0388510089939	-0.0599004208416	0.0414233195603	-0.00809682773003	0.0912533620825	0.0464403628796	-0.0230403429371	-0.0471806592998	-0.0441478167631	-0.0703426862827	0.0425964235088	-0.125472255969	-0.0509604780763	-0.0377456365279	-0.0637066353991	0.14592818605	0.0609026938128	-0.212766306585	-0.0898526851653	-0.0288445586927	0.0263365303051	0.146384917489	-0.0807951006437	-0.0131110479367	-0.0973491379229	0.0526269480553	0.0464087083462	0.00842258288697	0.00771789385382	-0.0462433718938	-0.0273663140673	-0.0439482078818	-0.0773225143526	-0.0861097886743	-0.0411494774295	0.00938394308252	0.0296482032111	0.0239314369785	0.0536252574335	-0.0622646008958	0.0785043022347	-0.0650878598361	-0.0477638300714	-0.0445031300428	-0.0388543134893	-0.055247039845	0.100894327618	0.0201343871079	0.0518587664983	-0.0951795553589	-0.129659758046	-0.0305018590782	0.0201418248438
k__Bacteria;p__Bacteroidetes;c__Bacteroidia;o__Bacteroidales;f__Rikenellaceae;g__Alistipes;s__Alistipes_putredinis	0.0573620985839	0.0848522590587	1.0	-0.0961337094055	-0.119108719801	0.0189667241425	-0.0543530858967	0.142939306095	0.112465973065	0.0355510645751	0.0131889831421	0.0176582113311	-0.0268170984646	-0.0475640905013	0.00689814687616	0.00721953415924	-0.0916036365055	-0.0432983242262	0.0863787270422	-0.0420374745791	0.0691876273653	-0.107693687686	-0.0710133671181	0.133192446122	-0.0564670936365	-0.0885718743645	0.0232199435829	0.0918968667378	-0.064251479659	0.0366638320569	-0.208806973488	-0.038702069965	-0.0193850496052	-0.119344156136	0.252237684121	0.131817632297	-0.0250084815252	-0.108148596098	0.0967275953086	-0.0961479163418	-0.0180086134436	0.022792383327	0.138811864958	0.0192838633828	0.0187193055537	-0.0399511651705	-0.0532925700881	-0.0346800394871	-0.123859751455	0.0363740474502	0.0136149394948	0.00781133988263	-0.0237660819367	0.160249922159	0.0635065654001	0.0703199634084	0.0123637621908	0.0440728434004	-0.0557520978895
k__Bacteria;p__Bacteroidetes;c__Bacteroidia;o__Bacteroidales;f__Prevotellaceae;g__Prevotella;s__Prevotella_copri	-0.0753873142735	0.0608362806497	-0.0961337094055	1.0	-0.0672509030165	0.101000855817	-0.0477906533674	-0.0533972756182	-0.0376991512715	0.0258271182913	-0.0709156273512	-0.0810662959556	0.124616726674	-0.0489516788069	0.0775041786659	0.00328633918915	0.0868192362378	-0.0573730418936	0.0203916726023	-0.0186995400593	-0.101690992478	-0.00380543152311	0.0164291402374	-0.0459828817719	0.0249759822525	-0.0925002979221	-0.035516549214	0.16149766388	0.00348774383237	0.0787014839816	0.116761612255	0.102879514837	-0.0680331369101	-0.0394392589348	-0.0509869274772	-0.00962622467272	-0.0567310895513	0.0768792056767	-0.011650301421	0.0221026490232	-0.0721087221346	0.124832878979	0.00816733888394	-0.0756915506488	0.0619936829135	-0.0171276901055	-0.0655376903474	-0.00545615032697	-0.144174599487	-0.079375233717	0.0110238327471	0.141162257614	0.0313344683013	0.0327394734695	-0.0467522178788	0.0251860785583	0.0430541587813	0.0296866718025	-0.0317311952213
k__Bacteria;p__Bacteroidetes;c__Bacteroidia;o__Bacteroidales;f__Bacteroidaceae;g__Bacteroides;s__Bacteroides_stercoris	-0.0100013718689	-0.0691123687461	-0.119108719801	-0.0672509030165	1.0	-0.014556435804	-0.0201536862294	-0.0258783561917	0.00495048335606	-0.0274376695511	0.118938469381	-0.136318702726	0.072075962785	0.00739208173978	0.0800245959896	0.0698413091734	-0.00984685095546	-0.0394077655452	-0.0292323110403	-0.113793611774	-0.051829322085	0.249071527021	-0.0332788574198	-0.0320330238653	-0.0424067882917	-0.105732365129	0.138870745682	0.0448935856643	-0.0366906062219	-0.00466424025158	0.00593098459005	-0.0149510788411	-0.0231015832836	-0.183878935195	0.0857100296957	0.0994141030189	-0.0882282671629	0.0140477067238	-0.0883927905486	-0.159531971805	-0.0202175997287	-0.0199012654684	0.0540040012385	0.0196392851927	-0.0600228844166	-0.0576687034097	-0.0194533784903	0.064041721582	-0.0213687059332	-0.0242458063843	-0.033875791002	0.0260679400024	-0.0525969943462	-0.0493641153801	0.0550205657514	0.0650365586191	0.0463157841452	-0.0306401698714	0.028552095075
k__Bacteria;p__Bacteroidetes;c__Bacteroidia;o__Bacteroidales;f__Bacteroidaceae;g__Bacteroides;s__Bacteroides_ovatus	0.085135932277	0.0631842784532	0.0189667241425	0.101000855817	-0.014556435804	1.0	-0.0660576584678	0.0687817917372	-0.193803026817	-0.0302285471856	-0.0781897552398	-0.109474092067	0.0899246605689	-0.0785887886415	-0.0668885072372	0.00655594269244	-0.0504524194311	-0.0350482263068	-0.0763157894885	-0.0215726092324	0.0503843798334	-0.0619825263537	-0.0620196454452	-0.00966164765904	-0.0617632119496	-0.0345711703516	0.00353851358059	-0.0159789435303	-0.0427765536126	0.0177645668851	-0.00364400180135	-0.0425125537632	-0.0270567730671	0.014306483598	-0.0730574007419	0.136488570598	-0.0735892560008	0.0954151140779	0.089803674981	-0.00506077352175	-0.101229183367	0.0650007897166	-0.070777002817	0.100792250135	0.0563726883777	0.0389353346001	0.000680265835589	0.0797280820774	0.0885260688925	-0.0408890257042	0.0447480372323	0.0846644655945	0.0270974903376	-0.0897071939209	-0.0256462880955	-0.0312960552206	-0.0327484214916	0.0292696492909	0.00875298308473
k__Bacteria;p__Bacteroidetes;c__Bacteroidia;o__Bacteroidales;f__Rikenellaceae;g__Alistipes;s__Alistipes_shahii	-0.0544024574139	0.0388510089939	-0.0543530858967	-0.0477906533674	-0.0201536862294	-0.0660576584678	1.0	0.0775881062967	0.0176044894041	0.0104672592017	0.0173779871024	0.0565801370381	0.0249762683177	-0.0773673189345	-0.103797219689	-0.0919794662174	0.0125114584999	0.0236812512368	-0.124213674849	0.0191535778485	-0.088611528543	0.0986321712375	-0.00893966009877	0.0969052749679	0.00187841856972	0.0540701573424	-0.0685173820461	0.000366747546427	-0.0161910504364	0.0285848411816	0.0442046906613	-0.0182251741012	-0.103207188912	0.226498773336	-0.0931492484803	-0.0171859331881	0.104433921704	-0.0699475795726	0.0448983850482	-0.139230150886	0.127440221837	-0.0657270547345	0.00455632450931	0.00476328609301	-0.0814274034329	0.0518045378838	-0.0900768400703	-0.117958002609	-0.0227813802837	-0.0362485916375	-0.0614358555122	0.0929681176677	-0.00780728375851	-0.15391058992	-0.107046741215	0.0649660996467	0.00074837994382	0.048614100222	-0.08007414946
k__Bacteria;p__Firmicutes;c__Clostridia;o__Clostridiales;f__Ruminococcaceae;g__Faecalibacterium;s__Faecalibacterium_prausnitzii	0.0966406899436	-0.0599004208416	0.142939306095	-0.0533972756182	-0.0258783561917	0.0687817917372	0.0775881062967	1.0	0.0110359341289	0.115696512738	0.00197254578595	-0.0388563769917	-0.126028103483	0.028895220426	0.112392736427	-0.0902844879111	-0.0927999027949	0.0122562703633	0.0224837747792	-0.0824154556834	-0.0112929589009	-0.141110813512	0.0401004904536	0.0241868903149	0.0249401897734	-0.0542944525194	0.0437392555956	0.0285140713531	0.027841948283	0.0536290111805	-0.00534604419739	0.000627929271075	0.0711528099819	0.0368328546747	0.197092213519	-0.0140566696331	0.0346885147152	0.100862140469	0.0274929029884	-0.0115118350068	-0.176578551574	-0.0169528085758	0.0257724085276	0.109989288148	0.0187639811465	0.0187472318659	-0.00914325656555	-0.0205520389016	-0.0742464534491	-0.0581143459034	0.0506327646876	0.061619477113	-0.134914308788	-0.0946098716726	-0.0870874651527	0.0616090045842	-0.144555580876	-0.0254858443899	-0.00357066858772
k__Bacteria;p__Bacteroidetes;c__Bacteroidia;o__Bacteroidales;f__Rikenellaceae;g__Alistipes;s__Alistipes_finegoldii	-0.103145242117	0.0414233195603	0.112465973065	-0.0376991512715	0.00495048335606	-0.193803026817	0.0176044894041	0.0110359341289	1.0	-0.0349253756759	-0.160465703532	-0.0302155926993	-0.0908746251153	0.00431014232067	0.008925543027	0.00402446455062	0.243788662136	-0.0218101479014	-0.00210519507798	0.0407011626052	0.0225133972903	-0.145036679862	-0.0219660209455	-0.0261274134053	0.0212909048142	0.159554944536	0.0785559714367	0.00211340126887	0.0248373604798	0.0196235762092	-0.00286998313807	-0.0258467958982	0.0650228879069	-0.0641259539763	0.0691816992363	-0.0440859538194	-0.0333888921193	0.0155526075732	-0.176577639602	-0.109673747197	0.0211301827224	0.123080603759	-0.0890303852163	-0.0343216701154	0.0599213713127	-0.118107623145	-0.131551662116	0.107826740729	-0.0122745097351	-0.0986013314405	-0.122769363838	-0.0206497517776	0.0542429231813	0.132518588473	0.0021687907535	0.0577460542461	-0.0813501197756	-0.0525590373524	0.0214097790092
k__Bacteria;p__Bacteroidetes;c__Bacteroidia;o__Bacteroidales;f__Porphyromonadaceae;g__Parabacteroides;s__Parabacteroides_distasonis	0.0667238753787	-0.00809682773003	0.0355510645751	0.0258271182913	-0.0274376695511	-0.0302285471856	0.0104672592017	0.115696512738	-0.0349253756759	1.0	-0.0830837960193	0.00152339793696	-0.0466996567089	-0.0117948273162	-0.00938061345798	0.0602621749916	0.0724338528713	-0.051871459868	0.0330327014988	0.0363366857678	-0.0449970027099	0.0671980613374	-0.0204510130019	-0.0633060264335	0.0595835124248	-0.0227449022527	-0.0201411283543	-0.0553213743333	-0.0413202394143	0.0343726549448	-0.090766615386	-0.014960365118	0.0334366449686	-0.120321551017	-0.0094885572362	-0.0410516725686	-0.00712707895524	-0.0314822501862	0.0645161161252	0.00323610352981	-0.102407862258	-0.130356019041	-0.0165314841259	-0.00518740340674	-0.0322767646513	0.10030873587	0.00933574111779	0.114109736892	0.0331546592872	-0.0312649902026	-0.0329975773893	0.0597113855005	-0.0989035195828	0.05159248176	0.0207772289978	-0.0143887969792	0.0618729032061	0.0201793015442	-0.0965469714956
k__Bacteria;p__Bacteroidetes;c__Bacteroidia;o__Bacteroidales;f__Bacteroidaceae;g__Bacteroides;s__Bacteroides_thetaiotaomicron	0.0104608584275	0.0912533620825	0.0131889831421	-0.0709156273512	0.118938469381	-0.0781897552398	0.0173779871024	0.00197254578595	-0.160465703532	-0.0830837960193	1.0	-0.0167827953231	-0.184632433376	0.0953455291859	-0.0968649971743	-0.047672913044	0.101775827244	-0.0564603366547	0.0501314033471	0.0261288401127	0.111819558067	-0.0334614437528	-0.0590860117653	-0.0100717260651	-0.0635941380406	-0.00423270127347	-0.00751765455827	0.0117661948938	0.00131649654754	-0.0645866553273	-0.0413401373944	0.020984824711	-0.0246458008172	0.0475285675917	0.0484540934486	0.0937690430481	-0.0571865529933	-0.0132607009182	-0.0242140803517	0.0499832379693	0.0215190179912	-0.0983466252528	-0.0224710155711	-0.171584017497	0.0111177242045	0.0039538300579	0.111164069698	-0.0497005075276	0.0163202281659	0.149702583703	0.0786089211933	-0.129824699585	-0.0247537330207	-0.0490913216767	-0.0264898517777	0.0204286291342	0.0733649449301	-0.0275701333159	-0.0276401735637
k__Bacteria;p__Bacteroidetes;c__Bacteroidia;o__Bacteroidales;f__Bacteroidaceae;g__Bacteroides;s__Bacteroides_coprocola	0.0248018401729	0.0464403628796	0.0176582113311	-0.0810662959556	-0.136318702726	-0.109474092067	0.0565801370381	-0.0388563769917	-0.0302155926993	0.00152339793696	-0.0167827953231	1.0	-0.0600098999612	0.0282625109822	0.00384747577121	-0.172762166378	0.000932116403429	0.0367658033823	0.0308073076398	0.130551775291	0.12692446801	-0.0625511257917	0.17515549109	-0.10014856369	-0.0741931664601	-0.041193404598	0.0112433169078	-0.0778376912356	0.0749880504787	0.000942851396053	0.0530246882067	0.0944418314988	-0.000744724193219	-0.19238551998	-0.0395773307212	0.00404958528389	0.0252449240008	0.114794408418	0.0303844659919	0.160887743425	-0.0148454010688	-0.0288698136548	-0.137068424361	0.0583730956835	0.0126552031872	-0.0474143256763	0.164896175038	0.085545637743	-0.10583158218	-0.00392281701605	0.00564163406901	0.0184881949581	-0.101196503067	-0.127393770762	-0.0557639985814	0.0541628498945	0.0944960806787	0.0512205223937	-0.0868164313302
k__Bacteria;p__Bacteroidetes;c__Bacteroidia;o__Bacteroidales;f__Bacteroidaceae;g__Bacteroides;s__Bacteroides_cellulosilyticus	0.0143450263976	-0.0230403429371	-0.0268170984646	0.124616726674	0.072075962785	0.0899246605689	0.0249762683177	-0.126028103483	-0.0908746251153	-0.0466996567089	-0.184632433376	-0.0600098999612	1.0	-0.141937946289	-0.063940739295	0.063225987631	-0.0620598497481	0.046198532803	-0.0212264815738	-7.29169134996e-05	0.000278269004534	0.0162037940032	0.0957073400671	-0.0679186310023	-0.0492810430611	0.00144005556238	0.0736390443504	-0.0456375667564	-0.000102313582547	0.00875860878817	-0.0586274637276	-0.0730854740254	-0.0989055053239	-0.0021730153433	-0.0117621930032	0.00400157581519	0.0710505565127	-0.0854820682258	0.079715267837	0.0618868324764	0.0234062915705	0.0134593476813	0.104135014845	-0.0820669508397	0.0480648442841	0.0460986481129	-0.0691162400545	-0.1205250325	0.066491599124	-0.0225484528137	0.0689663411837	-0.131670821261	0.0410688031831	-0.0613464907132	-0.0106378909494	-0.251573658581	0.00439030572615	0.047436782247	-0.0448943613496
k__Bacteria;p__Bacteroidetes;c__Bacteroidia;o__Bacteroidales;f__Rikenellaceae;g__Alistipes;s__Alistipes_obesi	0.002578672363	-0.0471806592998	-0.0475640905013	-0.0489516788069	0.00739208173978	-0.0785887886415	-0.0773673189345	0.028895220426	0.00431014232067	-0.0117948273162	0.0953455291859	0.0282625109822	-0.141937946289	1.0	-0.0578888148659	-0.0221920328224	0.042286767249	-0.102895391039	-0.0444128467051	0.00911193250016	-0.0727818861823	-0.122919285225	-0.0612783142061	-0.0184755861539	-0.0813652850091	0.0141548043864	-0.0145811706836	0.0928740769303	-0.0690319891556	-0.04728410579	-0.00959481374072	-0.0447404743843	0.014344843943	-0.0497978156222	0.0642600115179	-0.0783081410856	0.0332110625914	-0.0576275067972	-0.0920908492539	0.0301750540618	-0.0427415988388	0.0649074238358	0.0643845502213	-0.127878751414	-0.100093158181	-0.0132622672697	0.0314549013616	0.0975441784692	0.0173929689402	-0.066764713876	0.0451549462836	0.0598176566041	0.0391261149084	0.0398628871632	0.0734393344151	0.174771491568	0.00694244155967	-0.1064560848	-0.0272697419432
k__Bacteria;p__Firmicutes;c__Clostridia;o__Clostridiales;f__Lachnospiraceae;g__;s__[Eubacterium]_rectale	-0.00921991401776	-0.0441478167631	0.00689814687616	0.0775041786659	0.0800245959896	-0.0668885072372	-0.103797219689	0.112392736427	0.008925543027	-0.00938061345798	-0.0968649971743	0.00384747577121	-0.063940739295	-0.0578888148659	1.0	0.0128172919494	0.0300447301499	0.0431272649433	0.0113176405201	-0.0456656308426	-0.0133275969632	0.017975119078	0.0191075521437	0.0227150266887	0.122982816058	-0.0270235991947	-0.0664915738542	0.106297614189	-0.088983730911	-0.0072572348114	-0.0368027681385	-0.0376600744766	-0.0479817677085	-0.0812674063869	-0.062119618453	0.0939882068211	-0.0749661827837	0.0959955421288	-0.0118753968155	-0.0351828310807	-0.103904328188	0.00011295714307	0.092368482889	-0.154593828213	-0.0932979834459	-0.047051579321	-0.186397799723	0.0179992184122	-0.133272121686	-0.0782401875565	0.0628706032118	-0.00985980276443	-0.00673089669852	-0.0598568586995	0.0554037433445	0.0997449804855	0.0410186158273	-0.0503468088547	-0.0496939669723
k__Bacteria;p__Bacteroidetes;c__Bacteroidia;o__Bacteroidales;f__Bacteroidaceae;g__Bacteroides;s__Bacteroides_plebeius	-0.0951505942912	-0.0703426862827	0.00721953415924	0.00328633918915	0.0698413091734	0.00655594269244	-0.0919794662174	-0.0902844879111	0.00402446455062	0.0602621749916	-0.047672913044	-0.172762166378	0.063225987631	-0.0221920328224	0.0128172919494	1.0	-0.114514523142	-0.0388770120492	-0.00504062099813	-0.0334130219376	0.0289780853794	-0.0286930354139	-0.0116441455557	9.78960665544e-07	0.133270561431	-0.0940460671182	-0.046529190138	0.122679548796	0.0302376146209	-0.0316804038353	0.109784705964	-0.0320987856533	0.0834538804906	0.0535667710198	-0.0883223981874	-0.120819171456	-0.000996433815395	-0.0219061952366	-0.0379925913129	-0.0124750588296	-0.0656186956126	0.0137408116401	0.0183935109974	0.0158182741702	0.011307655907	0.0172521324368	0.00446993856859	0.0438083170925	-0.0368752100675	-0.0452730492873	-0.108524709262	0.0345445635354	-0.149150740198	-0.0472910711149	-0.0392278145366	0.0646501496316	-0.0311038872293	-0.0943394307287	0.0314916848411
k__Bacteria;p__Bacteroidetes;c__Bacteroidia;o__Bacteroidales;f__Bacteroidaceae;g__Bacteroides;s__Bacteroides_fragilis	0.0045200924496	0.0425964235088	-0.0916036365055	0.0868192362378	-0.00984685095546	-0.0504524194311	0.0125114584999	-0.0927999027949	0.243788662136	0.0724338528713	0.101775827244	0.000932116403429	-0.0620598497481	0.042286767249	0.0300447301499	-0.114514523142	1.0	0.0389675663376	-0.0945305434127	-0.0892347737533	-0.0576796238562	-0.020108019432	0.00721627056537	0.0166750158704	0.0286625454865	0.109184889188	0.0277895380034	0.0555635277002	-0.0611428739306	0.00418029224476	0.13664855672	-0.158556156114	0.023041837212	-0.035758069262	-0.0723948268282	-0.0836388505492	-0.0424766081906	-0.0361237442995	0.067345102383	0.113404285037	-0.0536173331472	0.0642097861961	-0.0183409914491	-0.0709208371954	0.0182672767014	0.0799285206154	0.0675090443875	-0.0694849109354	0.0051883558835	0.00914129453963	0.0702485373082	0.0862915582948	0.134845502451	-0.0211078613638	-0.0191099910341	-0.002735980117	-0.00510892811374	-0.0959620413037	0.102520476572
k__Bacteria;p__Proteobacteria;c__Betaproteobacteria;o__Burkholderiales;f__Sutterellaceae;g__Sutterella;s__Sutterella_wadsworthensis	0.0451636670655	-0.125472255969	-0.0432983242262	-0.0573730418936	-0.0394077655452	-0.0350482263068	0.0236812512368	0.0122562703633	-0.0218101479014	-0.051871459868	-0.0564603366547	0.0367658033823	0.046198532803	-0.102895391039	0.0431272649433	-0.0388770120492	0.0389675663376	1.0	0.00889601991548	0.108081774624	-0.0483766442101	-0.0260586448298	0.0385481784829	0.0770278358578	0.0306390869216	-0.0375125345975	0.0413080959908	0.0962568310303	0.107579784086	-0.0302809612341	0.0177568353772	-0.0324183664618	-0.0171556698499	-0.0277422229196	-0.0672237787145	-0.045903276045	0.00292883822919	-0.0360252333909	-0.098756051032	-0.0113345015044	0.129625221227	-0.057505737283	0.0808427108262	-0.0223908817919	-0.135696454583	-0.103467143625	-0.0873312195208	0.0679596221382	0.0724536557812	0.0629187160789	0.0428675711419	0.156010940596	-0.0355734373336	-0.0919493356544	-0.00210334587004	0.0301093011894	0.0247338346419	0.0503541291317	-0.0305866968027
k__Bacteria;p__Bacteroidetes;c__Bacteroidia;o__Bacteroidales;f__Porphyromonadaceae;g__Barnesiella;s__Barnesiella_intestinihominis	0.0580347025461	-0.0509604780763	0.0863787270422	0.0203916726023	-0.0292323110403	-0.0763157894885	-0.124213674849	0.0224837747792	-0.00210519507798	0.0330327014988	0.0501314033471	0.0308073076398	-0.0212264815738	-0.0444128467051	0.0113176405201	-0.00504062099813	-0.0945305434127	0.00889601991548	1.0	0.151150783504	0.00582538708341	0.0203164948974	-0.0466508742617	-0.144498971008	-0.0776735763264	0.0241769198891	-0.0147921979404	-0.091237738123	0.0018385849428	-0.0262876431968	-0.143883940345	0.0177259816833	-0.0121527372807	0.054261329109	0.0355987545029	-0.0537915459534	-0.0139816732578	0.0405802028054	-0.0178010823795	-0.0865453110248	-0.0943939416121	0.0676649610341	-0.0240658166977	0.0240721922616	0.0156985197138	0.0719799644066	0.0677369112881	0.112037749977	0.0165177035747	0.0183113848383	0.00743858111992	-0.0780837499176	-0.0195430651087	0.173062803824	0.0295047059597	-0.0547788657742	0.0575037462351	-0.0367506052	0.0543034824683
k__Bacteria;p__Bacteroidetes;c__Bacteroidia;o__Bacteroidales;f__Odoribacteraceae;g__Odoribacter;s__Odoribacter_splanchnicus	0.0479810401122	-0.0377456365279	-0.0420374745791	-0.0186995400593	-0.113793611774	-0.0215726092324	0.0191535778485	-0.0824154556834	0.0407011626052	0.0363366857678	0.0261288401127	0.130551775291	-7.29169134998e-05	0.00911193250016	-0.0456656308426	-0.0334130219376	-0.0892347737533	0.108081774624	0.151150783504	1.0	-0.00709991690304	0.0490589070694	0.147271992295	0.0670974552135	-0.109166598814	-0.081186424199	-0.0668628595532	0.036751758788	-0.111330830425	-0.0326971060744	-0.00847807183076	0.107520262014	-0.0177649037799	-0.0338527543367	-0.0642965400888	-0.0679519998266	-0.0207707948979	-0.051907601281	-0.16680543527	-0.0266311119552	0.0198951187928	0.0174507194037	0.0378753593093	0.0476202640609	-0.0692112918808	-0.00311030390468	0.00308447527373	-0.0185802507584	-0.0380998101381	0.0274898080275	-0.0968097666316	0.080482697558	-0.082340040861	0.0157286046932	0.0373468092057	-0.0369326614789	0.0966061173534	-0.0793414609286	0.0115814791586
k__Bacteria;p__Bacteroidetes;c__Bacteroidia;o__Bacteroidales;f__Bacteroidaceae;g__Bacteroides;s__Bacteroides_salyersiae	0.0377459517502	-0.0637066353991	0.0691876273653	-0.101690992478	-0.051829322085	0.0503843798334	-0.088611528543	-0.0112929589009	0.0225133972903	-0.0449970027099	0.111819558067	0.12692446801	0.000278269004534	-0.0727818861823	-0.0133275969632	0.0289780853794	-0.0576796238562	-0.0483766442101	0.00582538708341	-0.00709991690304	1.0	0.019022761976	0.00715312291166	-0.0293279270561	0.0805775304914	-0.0367175762661	0.0219428865315	-0.0117660510571	-0.0401139413981	-0.0194790265583	-0.0401509402703	-0.116546434735	0.0603141940169	0.0614556337749	-0.045076221954	0.0480773413311	-0.0462518957092	0.0911186839723	-0.0157503410221	-0.00778850919699	0.00680005370083	-0.113915691968	-0.0653432640225	-0.0846545458975	0.0491863921047	-0.0385510235982	0.0678083780884	0.0327846460089	0.0955750038782	-0.000455809928059	0.0637749773665	-0.0406251372726	-0.0193785764071	-0.167711976474	0.0396484110116	0.0325675278949	0.0798329311444	-0.0908556710634	-0.0405924134566
k__Bacteria;p__Firmicutes;c__Clostridia;o__Clostridiales;f__Ruminococcaceae;g__Ruminiclostridium;s__[Eubacterium]_siraeum	-0.0673917714788	0.14592818605	-0.107693687686	-0.00380543152311	0.249071527021	-0.0619825263537	0.0986321712375	-0.141110813512	-0.145036679862	0.0671980613374	-0.0334614437528	-0.0625511257917	0.0162037940032	-0.122919285225	0.017975119078	-0.0286930354139	-0.020108019432	-0.0260586448298	0.0203164948974	0.0490589070694	0.019022761976	1.0	-0.0865182398685	0.0679042763293	-0.0987780823998	0.0232125104211	0.166877232291	0.0998172047883	-0.0240168251666	-0.0171937716789	0.0380056176221	-0.0161103439327	-0.182177478431	0.0921917248614	0.0278332989472	-0.145413875974	-0.0296289520786	-0.113598181142	-0.022512275708	-0.228559324985	0.0431455509067	-0.0468607793014	0.055508194091	0.00949918056633	0.0111310337428	-0.0386711361146	-0.0187492687365	0.0498904740087	0.0271577135923	-0.0169446873446	-0.0789274786332	-0.003776618538	-0.0530563035768	-0.0707131445823	0.0403502260402	-0.0940046218278	-0.00577297739639	0.0702419649341	-0.00998702621532
k__Bacteria;p__Proteobacteria;c__Betaproteobacteria;o__Burkholderiales;f__Sutterellaceae;g__Parasutterella;s__Parasutterella_excrementihominis	0.0502346598529	0.0609026938128	-0.0710133671181	0.0164291402374	-0.0332788574198	-0.0620196454452	-0.00893966009877	0.0401004904536	-0.0219660209455	-0.0204510130019	-0.0590860117653	0.17515549109	0.0957073400671	-0.0612783142061	0.0191075521437	-0.0116441455557	0.00721627056537	0.0385481784829	-0.0466508742617	0.147271992295	0.00715312291166	-0.0865182398685	1.0	-0.0555983354256	-0.0953915322576	0.0255233860441	0.0142663805284	-0.0427338623009	0.011397680126	-0.0211300786489	0.0590056537916	0.0290286788974	-0.00282928368307	0.0244070208233	0.100461716169	-0.0583650417134	-0.0227397154145	-0.00920428952663	-0.0568462376026	0.0139277037865	-0.0655411479983	-0.0122098793467	-0.0153445598289	-0.0844801068359	-0.0348294901961	0.00206393771263	0.117755379842	0.0417605404367	-0.0130827631901	-0.00190534206732	-0.0314202645615	-0.0890531163413	-0.0519790426081	0.0812187280889	0.00668542565048	0.0529182314796	0.00137526020245	0.013594426495	-0.192515821097
k__Bacteria;p__Actinobacteria;c__Actinobacteria;o__Bifidobacteriales;f__Bifidobacteriaceae;g__Bifidobacterium;s__Bifidobacterium_adolescentis	0.0549487001421	-0.212766306585	0.133192446122	-0.0459828817719	-0.0320330238653	-0.00966164765904	0.0969052749679	0.0241868903149	-0.0261274134053	-0.0633060264335	-0.0100717260651	-0.10014856369	-0.0679186310023	-0.0184755861539	0.0227150266887	9.78960665544e-07	0.0166750158704	0.0770278358578	-0.144498971008	0.0670974552135	-0.0293279270561	0.0679042763293	-0.0555983354256	1.0	0.0210822438292	0.00697507127766	-0.0357295943921	0.0192774241978	-0.071489794673	-0.00977024874217	-0.0524252354377	-0.00258222115725	0.0393321141259	0.189574156375	-0.101857229264	0.129675556415	-0.0834854388681	0.020712986762	-0.0135057103417	-0.0581873885212	0.148919302975	-0.00544639227813	-0.0479108874288	0.0969907446378	-0.00824529909931	0.0774870309378	-0.0388071746492	-0.131036152108	-0.0811143384092	0.0944529041685	-0.064178856354	0.0645435452015	0.0211576268029	0.0126778992033	0.0159095024742	-0.0520936046339	-0.0442680133842	-0.0164729325624	0.0369822122836
k__Bacteria;p__Firmicutes;c__Clostridia;o__Clostridiales;f__Oscillospiraceae;g__Oscillibacter;s__Oscillibacter_sp._KLE_1745	0.13178528048	-0.0898526851653	-0.0564670936365	0.0249759822525	-0.0424067882917	-0.0617632119496	0.00187841856972	0.0249401897734	0.0212909048142	0.0595835124248	-0.0635941380406	-0.0741931664601	-0.0492810430611	-0.0813652850091	0.122982816058	0.133270561431	0.0286625454865	0.0306390869216	-0.0776735763264	-0.109166598814	0.0805775304914	-0.0987780823998	-0.0953915322576	0.0210822438292	1.0	-0.0096548803119	-0.0284107231416	-0.031673050649	-0.0680737577615	0.0408139758887	0.032223299565	0.0634849132337	0.00975860683865	0.0801499984478	-0.0676981333271	0.000665414018502	-0.0732754860024	0.00505383946931	-0.0596351768078	0.0450369077232	0.0441767089231	-0.0295086923539	0.0890899476117	-0.0181421564544	-0.0456316646627	-0.022303981464	-0.021696933817	0.056322826057	-0.0241818388613	0.0297390811987	-0.0496452936337	0.0357483453976	0.167010621902	0.0848827167019	-0.0645095805384	-0.0491968766424	-0.000419485917758	0.0203338197369	-0.0479628621873
k__Bacteria;p__Bacteroidetes;c__Bacteroidia;o__Bacteroidales;f__Bacteroidaceae;g__Bacteroides;s__Bacteroides_coprophilus	-0.0938969917544	-0.0288445586927	-0.0885718743645	-0.0925002979221	-0.105732365129	-0.0345711703516	0.0540701573424	-0.0542944525194	0.159554944536	-0.0227449022527	-0.00423270127347	-0.041193404598	0.00144005556238	0.0141548043864	-0.0270235991947	-0.0940460671182	0.109184889188	-0.0375125345975	0.0241769198891	-0.081186424199	-0.0367175762661	0.0232125104211	0.0255233860441	0.00697507127766	-0.0096548803119	1.0	-0.0840212845261	-0.0859459508437	-0.109622138822	0.0684176788134	-0.0675343293015	0.0639677788822	0.0533184098279	-0.00187154959163	-0.0278228464546	-0.0152511302158	0.0338509775519	0.056427377326	0.0250764783654	0.016239473366	-0.0469764373792	0.0918796142221	-0.138942105323	-0.052048528487	0.141195479645	0.121317669753	-0.146766070872	-0.0252516398433	-0.0204582810976	-0.0455093247013	-0.027857622207	-0.0302202927415	-0.0333182711859	-0.00521836843793	0.141224367615	-0.0682415032051	0.0767645854288	0.0848085874927	0.107945397099
k__Bacteria;p__Firmicutes;c__Clostridia;o__Clostridiales;f__Lachnospiraceae;g__Roseburia;s__Roseburia_intestinalis	-0.0983644874741	0.0263365303051	0.0232199435829	-0.035516549214	0.138870745682	0.00353851358059	-0.0685173820461	0.0437392555956	0.0785559714367	-0.0201411283543	-0.00751765455827	0.0112433169078	0.0736390443504	-0.0145811706836	-0.0664915738542	-0.046529190138	0.0277895380034	0.0413080959908	-0.0147921979404	-0.0668628595532	0.0219428865315	0.166877232291	0.0142663805284	-0.0357295943921	-0.0284107231416	-0.0840212845261	1.0	-0.00944085947737	0.124387003594	-0.0630116761253	0.0017738453881	0.0370919682431	-0.0476486105968	0.000816330192518	0.0848888043036	0.0328108569371	-0.127953526572	-0.0353304876619	0.00291815412027	-0.112798443846	-0.0791379877758	-0.0759565084999	0.0799042336816	0.0493345580022	0.0299200520529	-0.0581577404569	-0.140194328772	-0.0200953490893	0.0737677358599	0.0289903976385	-0.112946914256	-0.0987805822942	0.100439204139	-0.0552476334794	0.0772749870991	-0.0295543335846	0.0236259601634	-0.0997696726936	-0.0831427885124
k__Bacteria;p__Firmicutes;c__Clostridia;o__Clostridiales;f__Lachnospiraceae;g__Roseburia;s__Roseburia_hominis	-0.0145547975053	0.146384917489	0.0918968667378	0.16149766388	0.0448935856643	-0.0159789435303	0.000366747546427	0.0285140713531	0.00211340126887	-0.0553213743333	0.0117661948938	-0.0778376912356	-0.0456375667564	0.0928740769303	0.106297614189	0.122679548796	0.0555635277002	0.0962568310303	-0.091237738123	0.036751758788	-0.0117660510571	0.0998172047883	-0.0427338623009	0.0192774241978	-0.031673050649	-0.0859459508437	-0.00944085947737	1.0	0.0154178071708	-0.0760570717703	-0.0748158234679	-0.0898738824401	0.00587858363193	-0.0697684535801	-0.119037904096	-0.00947700724624	-0.0540620189526	-0.0225463353842	-0.0809648521564	-0.0685705623734	-0.0945470991579	0.0733240366975	-0.0552706101149	-0.109003141483	0.00359434622742	0.0337021874852	-0.0010639164667	0.00129406233508	-0.141061785573	0.0367736932033	-0.0201291922963	0.0830417808895	-0.157542047416	0.0290775359171	-0.0255914693942	0.0762477695828	-0.0626567101772	-0.0848664777293	0.0338150409884
k__Bacteria;p__Bacteroidetes;c__Bacteroidia;o__Bacteroidales;f__Porphyromonadaceae;g__Parabacteroides;s__Parabacteroides_johnsonii	0.0728628780179	-0.0807951006437	-0.064251479659	0.00348774383237	-0.0366906062219	-0.0427765536126	-0.0161910504364	0.027841948283	0.0248373604798	-0.0413202394143	0.00131649654755	0.0749880504787	-0.000102313582547	-0.0690319891556	-0.088983730911	0.0302376146209	-0.0611428739306	0.107579784086	0.0018385849428	-0.111330830425	-0.0401139413981	-0.0240168251666	0.011397680126	-0.071489794673	-0.0680737577615	-0.109622138822	0.124387003594	0.0154178071708	1.0	-0.0651569465726	0.00556270384653	-0.00714710326412	-0.081565745313	0.0110689368644	-0.0388911034269	-0.144040182438	0.0618164984035	0.0923842504558	-0.0774161459167	0.137967041655	0.0173021381696	-0.0523988509614	0.030627785864	0.0234749247336	-0.0799016351322	-0.0235907417609	0.0811283128743	0.0598525851977	0.0434266440601	0.0653090571751	0.0168947666673	-0.0675362143626	-0.0997974294561	0.0590244228427	0.0877804705316	0.0557644694205	0.029327833267	-0.0490011027431	0.0584721834237
k__Bacteria;p__Actinobacteria;c__Actinobacteria;o__Bifidobacteriales;f__Bifidobacteriaceae;g__Bifidobacterium;s__Bifidobacterium_longum	0.0620271338499	-0.0131110479367	0.0366638320569	0.0787014839816	-0.00466424025158	0.0177645668851	0.0285848411816	0.0536290111805	0.0196235762092	0.0343726549448	-0.0645866553273	0.000942851396053	0.00875860878817	-0.04728410579	-0.0072572348114	-0.0316804038353	0.00418029224476	-0.0302809612341	-0.0262876431968	-0.0326971060744	-0.0194790265583	-0.0171937716789	-0.0211300786489	-0.00977024874217	0.0408139758887	0.0684176788134	-0.0630116761253	-0.0760570717703	-0.0651569465726	1.0	0.00140243749905	0.0351270285922	-0.13774812392	-0.0352122049459	0.0410109436769	0.0447157194846	-0.0161053242847	0.0407331713288	0.0221945475226	0.0480676836719	0.0172437595122	0.0787245839917	0.113656846102	0.0820932060079	0.0525673611402	-0.0120817038357	0.0318003758311	-0.0631866688121	-0.130801780348	0.0208101750337	-0.0544465944059	0.0793662692941	0.0262012608522	0.0404277043501	-0.0742722569234	0.0168562476276	0.034535024189	0.0401270917381	0.0678171078134
