#taxonomy	k__Bacteria;p__Bacteroidetes;c__Bacteroidia;o__Bacteroidales;f__Bacteroidaceae;g__Bacteroides;s__Bacteroides_vulgatus	k__Bacteria;p__Bacteroidetes;c__Bacteroidia;o__Bacteroidales;f__Bacteroidaceae;g__Bacteroides;s__Bacteroides_uniformis	k__Bacteria;p__Bacteroidetes;c__Bacteroidia;o__Bacteroidales;f__Rikenellaceae;g__Alistipes;s__Alistipes_putredinis	k__Bacteria;p__Bacteroidetes;c__Bacteroidia;o__Bacteroidales;f__Prevotellaceae;g__Prevotella;s__Prevotella_copri	k__Bacteria;p__Bacteroidetes;c__Bacteroidia;o__Bacteroidales;f__Bacteroidaceae;g__Bacteroides;s__Bacteroides_stercoris	k__Bacteria;p__Bacteroidetes;c__Bacteroidia;o__Bacteroidales;f__Bacteroidaceae;g__Bacteroides;s__Bacteroides_ovatus	k__Bacteria;p__Bacteroidetes;c__Bacteroidia;o__Bacteroidales;f__Rikenellaceae;g__Alistipes;s__Alistipes_shahii	k__Bacteria;p__Firmicutes;c__Clostridia;o__Clostridiales;f__Ruminococcaceae;g__Faecalibacterium;s__Faecalibacterium_prausnitzii	k__Bacteria;p__Bacteroidetes;c__Bacteroidia;o__Bacteroidales;f__Rikenellaceae;g__Alistipes;s__Alistipes_finegoldii	k__Bacteria;p__Bacteroidetes;c__Bacteroidia;o__Bacteroidales;f__Porphyromonadaceae;g__Parabacteroides;s__Parabacteroides_distasonis	k__Bacteria;p__Bacteroidetes;c__Bacteroidia;o__Bacteroidales;f__Bacteroidaceae;g__Bacteroides;s__Bacteroides_thetaiotaomicron	k__Bacteria;p__Bacteroidetes;c__Bacteroidia;o__Bacteroidales;f__Bacteroidaceae;g__Bacteroides;s__Bacteroides_coprocola	k__Bacteria;p__Bacteroidetes;c__Bacteroidia;o__Bacteroidales;f__Bacteroidaceae;g__Bacteroides;s__Bacteroides_cellulosilyticus	k__Bacteria;p__Bacteroidetes;c__Bacteroidia;o__Bacteroidales;f__Rikenellaceae;g__Alistipes;s__Alistipes_obesi	k__Bacteria;p__Firmicutes;c__Clostridia;o__Clostridiales;f__Lachnospiraceae;g__;s__[Eubacterium]_rectale	k__Bacteria;p__Bacteroidetes;c__Bacteroidia;o__Bacteroidales;f__Bacteroidaceae;g__Bacteroides;s__Bacteroides_plebeius	k__Bacteria;p__Bacteroidetes;c__Bacteroidia;o__Bacteroidales;f__Bacteroidaceae;g__Bacteroides;s__Bacteroides_fragilis	k__Bacteria;p__Proteobacteria;c__Betaproteobacteria;o__Burkholderiales;f__Sutterellaceae;g__Sutterella;s__Sutterella_wadsworthensis	k__Bacteria;p__Bacteroidetes;c__Bacteroidia;o__Bacteroidales;f__Porphyromonadaceae;g__Barnesiella;s__Barnesiella_intestinihominis	k__Bacteria;p__Bacteroidetes;c__Bacteroidia;o__Bacteroidales;f__Odoribacteraceae;g__Odoribacter;s__Odoribacter_splanchnicus	k__Bacteria;p__Bacteroidetes;c__Bacteroidia;o__Bacteroidales;f__Bacteroidaceae;g__Bacteroides;s__Bacteroides_salyersiae	k__Bacteria;p__Firmicutes;c__Clostridia;o__Clostridiales;f__Ruminococcaceae;g__Ruminiclostridium;s__[Eubacterium]_siraeum	k__Bacteria;p__Proteobacteria;c__Betaproteobacteria;o__Burkholderiales;f__Sutterellaceae;g__Parasutterella;s__Parasutterella_excrementihominis	k__Bacteria;p__Actinobacteria;c__Actinobacteria;o__Bifidobacteriales;f__Bifidobacteriaceae;g__Bifidobacterium;s__Bifidobacterium_adolescentis	k__Bacteria;p__Firmicutes;c__Clostridia;o__Clostridiales;f__Oscillospiraceae;g__Oscillibacter;s__Oscillibacter_sp._KLE_1745	k__Bacteria;p__Bacteroidetes;c__Bacteroidia;o__Bacteroidales;f__Bacteroidaceae;g__Bacteroides;s__Bacteroides_coprophilus	k__Bacteria;p__Firmicutes;c__Clostridia;o__Clostridiales;f__Lachnospiraceae;g__Roseburia;s__Roseburia_intestinalis	k__Bacteria;p__Firmicutes;c__Clostridia;o__Clostridiales;f__Lachnospiraceae;g__Roseburia;s__Roseburia_hominis	k__Bacteria;p__Bacteroidetes;c__Bacteroidia;o__Bacteroidales;f__Porphyromonadaceae;g__Parabacteroides;s__Parabacteroides_johnsonii	k__Bacteria;p__Actinobacteria;c__Actinobacteria;o__Bifidobacteriales;f__Bifidobacteriaceae;g__Bifidobacterium;s__Bifidobacterium_longum	k__Bacteria;p__Firmicutes;c__Clostridia;o__Clostridiales;f__;g__Flavonifractor;s__Flavonifractor_plautii	k__Bacteria;p__Firmicutes;c__Clostridia;o__Clostridiales;f__Clostridiaceae;g__Clostridium;s__Clostridium_phoceensis	k__Bacteria;p__Verrucomicrobia;c__Verrucomicrobiae;o__Verrucomicrobiales;f__Akkermansiaceae;g__Akkermansia;s__Akkermansia_muciniphila	k__Bacteria;p__Bacteroidetes;c__Bacteroidia;o__Bacteroidales;f__Prevotellaceae;g__Paraprevotella;s__Paraprevotella_xylaniphila	k__Bacteria;p__Firmicutes;c__Clostridia;o__Clostridiales;f__Ruminococcaceae;g__Ruminococcus;s__Ruminococcus_callidus	k__Bacteria;p__Bacteroidetes;c__Bacteroidia;o__Bacteroidales;f__Rikenellaceae;g__Alistipes;s__Alistipes_senegalensis	k__Bacteria;p__Firmicutes;c__Clostridia;o__Clostridiales;f__Lachnospiraceae;g__Blautia;s__Blautia_sp._KLE_1732	k__Bacteria;p__Bacteroidetes;c__Bacteroidia;o__Bacteroidales;f__Bacteroidaceae;g__Bacteroides;s__Bacteroides_oleiciplenus	k__Bacteria;p__Firmicutes;c__Clostridia;o__Clostridiales;f__Ruminococcaceae;g__Ruminococcus;s__Ruminococcus_bicirculans	k__Bacteria;p__Bacteroidetes;c__Bacteroidia;o__Bacteroidales;f__Bacteroidaceae;g__Bacteroides;s__Bacteroides_fluxus	k__Bacteria;p__Bacteroidetes;c__Bacteroidia;o__Bacteroidales;f__Prevotellaceae;g__Prevotella;s__Prevotella_stercorea	k__Bacteria;p__Firmicutes;c__Clostridia;o__Clostridiales;f__Lachnospiraceae;g__Dorea;s__Dorea_longicatena	k__Bacteria;p__Firmicutes;c__Clostridia;o__Clostridiales;f__Eubacteriaceae;g__Eubacterium;s__[Eubacterium]_eligens	k__Bacteria;p__Firmicutes;c__Clostridia;o__Clostridiales;f__Ruminococcaceae;g__;s__Ruminococcaceae_bacterium_D16	k__Bacteria;p__Firmicutes;c__Clostridia;o__Clostridiales;f__Lachnospiraceae;g__Coprococcus;s__Coprococcus_comes	k__Bacteria;p__Proteobacteria;c__Gammaproteobacteria;o__Enterobacterales;f__Enterobacteriaceae;g__Escherichia;s__Escherichia_coli	k__Bacteria;p__Firmicutes;c__Clostridia;o__Clostridiales;f__Ruminococcaceae;g__Anaerotruncus;s__Anaerotruncus_colihominis	k__Bacteria;p__Firmicutes;c__Clostridia;o__Clostridiales;f__Lachnospiraceae;g__Blautia;s__Blautia_obeum	k__Bacteria;p__Bacteroidetes;c__Bacteroidia;o__Bacteroidales;f__Odoribacteraceae;g__Odoribacter;s__Odoribacter_laneus	k__Bacteria;p__Firmicutes;c__Clostridia;o__Clostridiales;f__Ruminococcaceae;g__Ruminiclostridium;s__[Clostridium]_leptum	k__Bacteria;p__Bacteroidetes;c__Bacteroidia;o__Bacteroidales;f__Porphyromonadaceae;g__Parabacteroides;s__Parabacteroides_goldsteinii	k__Bacteria;p__Firmicutes;c__Clostridia;o__Clostridiales;f__Lachnospiraceae;g__Anaerostipes;s__Anaerostipes_hadrus	k__Bacteria;p__Firmicutes;c__Clostridia;o__Clostridiales;f__Ruminococcaceae;g__Ruminococcus;s__Ruminococcus_lactaris	k__Bacteria;p__Firmicutes;c__Clostridia;o__Clostridiales;f__Clostridiaceae;g__Clostridium;s__Clostridium_sp._L2-50	k__Bacteria;p__Firmicutes;c__Clostridia;o__Clostridiales;f__Clostridiaceae;g__Clostridium;s__Clostridium_sp._M62/1	k__Bacteria;p__Firmicutes;c__Clostridia;o__Clostridiales;f__;g__Intestinimonas;s__Intestinimonas_butyriciproducens	k__Bacteria;p__Actinobacteria;c__Actinobacteria;o__Bifidobacteriales;f__Bifidobacteriaceae;g__Bifidobacterium;s__Bifidobacterium_bifidum	k__Bacteria;p__Firmicutes;c__Negativicutes;o__Veillonellales;f__Veillonellaceae;g__Dialister;s__Dialister_invisus	k__Bacteria;p__Bacteroidetes;c__Bacteroidia;o__Bacteroidales;f__Bacteroidaceae;g__Bacteroides;s__Bacteroides_salanitronis
k__Bacteria;p__Bacteroidetes;c__Bacteroidia;o__Bacteroidales;f__Bacteroidaceae;g__Bacteroides;s__Bacteroides_vulgatus	1.0	-0.0947717016762	0.0564054419862	-0.102991594693	-0.0528351185225	-0.0254571584431	-0.0355417681281	-0.0190494119287	-0.133824445474	0.160838745237	-0.20798084971	-0.103411535753	0.0846140614682	0.10554349509	0.0613543154737	-0.0487001828188	0.0650983483534	-0.0496473537153	0.0739637442188	0.0089029896487	-0.0210762094881	-0.0302577654138	0.145602923699	0.0612864271352	0.0380449995244	-0.112537290306	-0.013882771017	0.16502622393	-0.0460270870841	-0.0198991408361	0.0610123217386	0.0147441403702	-0.0676122565557	-0.149176268692	-0.11524773342	0.0121532401015	0.078971198913	-0.135242364812	-0.00639521183763	0.00337219497272	-0.113015992166	0.16905842471	-0.0877000344929	-0.10799953999	0.113408411102	-0.13657385189	-0.0330331988517	0.0462361371838	0.183464937841	-0.0881995560228	-0.11326280183	-0.0491411314761	0.0530407048931	0.17410067132	-0.0669227333325	-0.0799101964987	-0.137553765645	-0.097696086687	0.048397404499
k__Bacteria;p__Bacteroidetes;c__Bacteroidia;o__Bacteroidales;f__Bacteroidaceae;g__Bacteroides;s__Bacteroides_uniformis	-0.0947717016762	1.0	-0.034619487857	0.066494462685	-0.086057364304	-0.0153149394524	0.0477404488381	0.0764950303668	0.00157911005231	0.072324122155	-0.076722370822	-0.0528202650244	-0.0222916174754	0.0164676336757	-0.114248324652	-0.0731928272208	-0.0649572094235	-0.0426821358751	-0.146719788806	0.0460897175367	-0.0437244355668	-0.0465007576854	-0.0298689595842	0.0650031430418	0.0560459937865	-0.0155565246355	-0.107262129387	0.030821732624	0.0231580474537	0.142688077243	-0.0078164586722	-0.0488369715903	-0.0829778815612	0.0568131293478	-0.120089323429	0.0129477048045	-0.167804956385	0.0639557633699	0.0609614303825	0.0221703469955	-0.11323008848	-0.072390844323	-0.0259045303939	0.0744987602703	0.0433322937968	-0.0417664676793	0.128202520378	-0.0903626539557	0.191157910713	-0.0133193130437	-0.0302585448151	-0.029139908534	-0.00579031557621	0.074085050393	0.141007263765	-0.0379387704658	-0.0584830193135	-0.0156448502506	0.059207493261
k__Bacteria;p__Bacteroidetes;c__Bacteroidia;o__Bacteroidales;f__Rikenellaceae;g__Alistipes;s__Alistipes_putredinis	0.0564054419862	-0.034619487857	1.0	0.0071766385511	-0.161734017383	-0.0203981098311	-0.0724347440043	-0.126175576743	-0.0745008803298	-0.0397931812157	0.0575327263229	0.044466593729	0.0529880216135	0.0237227625728	0.0694629995386	-0.0838044294263	-0.0287449043561	-0.0841511418603	-0.0735000204043	0.0790513314901	0.00971720326323	0.0293259177813	-0.107189601685	-0.0188996378646	-0.0608199088732	0.0825589133042	-0.0200028140273	0.0235172807904	0.0567307624752	-0.0663099897328	-0.0493850917862	-0.0793803348221	-0.0723760671227	-0.0738620469466	-0.00531345832548	-0.0112544779191	-0.13842164944	0.0046971431439	0.164111065288	0.0641204908358	0.0134751334389	-0.00857533975362	-0.0221842848094	0.123728879786	-0.149898172135	0.0822640586053	-0.0887418835552	0.0304692453804	-0.0601733287519	0.00947921608779	-0.00315938913131	-0.134583950888	0.107284257363	0.00228524020738	0.0351176575816	0.0957265463399	-0.054929198513	0.0538111520059	-0.0715333678827
k__Bacteria;p__Bacteroidetes;c__Bacteroidia;o__Bacteroidales;f__Prevotellaceae;g__Prevotella;s__Prevotella_copri	-0.102991594693	0.066494462685	0.0071766385511	1.0	0.0116054364639	0.0415512482299	-0.0738593953033	0.0561396577078	-0.124509055075	0.114745440873	0.0826672644875	-0.0217556605573	-0.0781883006781	-0.102712452295	-0.0462351832983	-0.0704926566934	0.152112656895	-0.0881461431886	-0.00406158771329	0.142352584414	-0.0373181878992	-0.0309976776895	0.0541606803884	0.0235869765173	0.0182490939092	0.0595332235137	-0.090145950322	0.0396339954415	0.0434965932127	0.00864707966783	0.0570931254348	-0.119188455389	0.0340984171469	-0.0111644838984	-0.0683641756901	-0.0631998624445	-0.0707887563185	-0.168470939393	0.01404281557	0.00347012396904	0.0757429302081	-0.0487096969956	-0.0946203707474	0.0115975435861	0.0525610314587	0.00666197043444	0.0828086616021	-0.116178861843	-0.0187968968612	-0.0291750178628	-0.0361293232664	-0.0191855752907	-0.021221829717	-0.0303062190554	-0.0747426082354	-0.0784521293886	0.0382863325588	0.0457297280988	0.0627444082536
k__Bacteria;p__Bacteroidetes;c__Bacteroidia;o__Bacteroidales;f__Bacteroidaceae;g__Bacteroides;s__Bacteroides_stercoris	-0.0528351185225	-0.086057364304	-0.161734017383	0.0116054364639	1.0	0.129072997718	0.047710971531	-0.119108933717	-0.0901595633366	-0.010859721812	0.0350356221056	-0.109366020166	-0.0576640516697	-0.0224532500254	-0.055692669881	0.0624564265397	0.0440803695868	-0.0147722672821	0.0178818231693	-0.0247818228729	-0.0863263967176	-0.0483938862751	0.012412735513	0.0722083827177	-0.0471423442981	-0.003062583839	0.0583647425125	-0.0342255495596	-0.0373004257987	0.0122764245236	-0.0699855565121	0.025629786348	0.0468974249187	0.160139365406	-0.0104157131879	-0.0687205235703	-0.0380308336425	0.0924837227614	-0.0790692917919	0.0138773960034	-0.127275809822	-0.0559418607651	-0.0809738651416	-0.0284306901482	0.150859221401	-0.0194765013381	-0.0839169472854	0.0816268468454	0.0287252651955	-0.0964092877454	0.144760730497	-0.0054045881238	-0.114037610033	0.0648441030995	0.0404166663478	-0.188663257532	0.0472239780216	-0.0352666488378	0.00849791026453
k__Bacteria;p__Bacteroidetes;c__Bacteroidia;o__Bacteroidales;f__Bacteroidaceae;g__Bacteroides;s__Bacteroides_ovatus	-0.0254571584431	-0.0153149394524	-0.0203981098311	0.0415512482299	0.129072997718	1.0	-0.0300074143421	0.00891940103017	0.0610491805942	-0.0887674093455	-0.138348320103	-0.0249513509742	-0.0500013359534	-0.159197212539	-0.0702926857654	-0.0331180428992	0.126918585099	-0.046830735787	-0.0913584366477	0.0561138432303	0.0152299670795	0.134745828782	0.0360154628057	-0.121293237171	0.0324920317676	0.022731719337	0.0371744404988	-0.0255002864349	-0.0560738533111	0.0205306933057	-0.0649722112219	-0.0447542368985	0.0156848299417	-0.0961739932659	-0.0262787899471	-0.012411531739	0.0602165557155	0.056483834079	-0.171345329453	-0.0560826893528	0.0477793698277	-0.00711586137426	0.12365233729	-0.237800131118	0.0163080716589	-0.0613797046928	-0.00503343830945	-0.0573589317379	0.00260583443587	0.0954025710458	-0.0236842555714	0.156143813694	-0.141607590887	0.0475173392896	0.222476058607	0.0605387967004	-0.175890054898	-0.152448565569	-0.0387471896261
k__Bacteria;p__Bacteroidetes;c__Bacteroidia;o__Bacteroidales;f__Rikenellaceae;g__Alistipes;s__Alistipes_shahii	-0.0355417681281	0.0477404488381	-0.0724347440043	-0.0738593953033	0.047710971531	-0.0300074143421	1.0	-0.174614290671	-0.07382583095	-0.0699976784372	-0.074486212592	0.0496113776465	0.0486641489031	-0.142435601728	-0.117928756783	0.0366020162589	0.00799547313676	-0.0795589704421	0.0400066868903	-0.0473200610694	-0.0504683676859	0.0837943029992	-0.115925085042	0.011540615684	0.113666873246	-0.0074472037821	-0.0185760835615	-0.00206659948532	0.0818999372671	-0.0319209738671	0.12282473266	-0.140496837806	-0.0129472152041	0.0574066619122	0.102273405539	-0.067501953626	-0.067257062424	-0.00194559844646	0.0504945263783	0.14613042055	0.109696493863	-0.135740350605	-0.00860863851072	0.00834099595704	-0.0219392546656	0.0756290389429	0.102084485075	-0.115966565216	-0.0653639817914	0.071456859887	-0.0187875521566	0.0891145999459	-0.0521903635931	0.0421707336227	-0.135788660841	-0.119565101356	-0.00451054561909	0.0359076996498	0.0139388604526
k__Bacteria;p__Firmicutes;c__Clostridia;o__Clostridiales;f__Ruminococcaceae;g__Faecalibacterium;s__Faecalibacterium_prausnitzii	-0.0190494119287	0.0764950303668	-0.126175576743	0.0561396577078	-0.119108933717	0.00891940103017	-0.174614290671	1.0	0.0695242716903	-0.0542832034665	-0.0697677048974	-0.0337408010537	-0.0393084106431	-0.0293080072443	-0.0400129445222	-0.117637124249	-0.0590214389072	0.131169532429	0.0544869095023	0.00463020035743	-0.0464780600089	-0.0722432733434	0.0319795631483	0.0958851690324	-0.0550714169538	-0.016751752562	-0.0163824839077	0.056985247468	-0.00712491944077	0.0459426101584	0.0968707326741	-0.10700042538	0.0486405728626	0.153495135628	-0.0617072389837	-0.0620401738462	-0.0415661625678	0.0897860460933	0.180581393157	0.0662117829513	0.088596343829	-0.0339883611389	-0.0418604966434	0.0498776771663	-0.0109969693925	0.0704143686443	-0.0247078679011	0.085834281834	-0.0529591869813	-0.107849708922	-0.108332411646	0.0803900557876	-0.0236052342726	-0.0721998133443	-0.0788054779284	0.0301557659104	-0.146566309221	0.10412523768	-0.0258107053892
k__Bacteria;p__Bacteroidetes;c__Bacteroidia;o__Bacteroidales;f__Rikenellaceae;g__Alistipes;s__Alistipes_finegoldii	-0.133824445474	0.00157911005231	-0.0745008803298	-0.124509055075	-0.0901595633366	0.0610491805942	-0.07382583095	0.0695242716903	1.0	0.104202788981	0.0185936769233	0.0888038527746	-0.0880733011521	-0.0252225712979	-0.0740714224292	0.0354313184915	-0.0567094709969	0.0730641203817	-0.0141892030759	-0.00925462452437	0.0810681668875	0.173636251833	-0.0255569242179	-0.113280973167	0.0163275190682	-0.0871154711174	-0.0239962061599	0.0535266288234	-0.0311798142891	-0.0120181783241	0.000181523588594	-0.0798769043689	0.0791436833075	-0.0571901820649	0.0485370961688	-0.0563754597203	0.0677772254385	0.0105117497039	0.0421777012656	-0.112292536096	0.066221314649	-0.0452341351241	0.0634223109752	0.0129968966496	0.0475434429624	0.0122520789487	-0.00477916911968	0.00406305073898	0.0681826655095	0.2365185282	-0.0119274051761	0.0269225810519	-0.0455451114712	-0.248152988405	0.124823158348	-0.00921354880006	-0.0220168980523	-0.138121855838	-0.116494002763
k__Bacteria;p__Bacteroidetes;c__Bacteroidia;o__Bacteroidales;f__Porphyromonadaceae;g__Parabacteroides;s__Parabacteroides_distasonis	0.160838745237	0.072324122155	-0.0397931812157	0.114745440873	-0.010859721812	-0.0887674093455	-0.0699976784372	-0.0542832034665	0.104202788981	1.0	-0.0201401479632	0.127732949474	-0.0129107502831	-0.0371702014582	-0.0182194314156	0.0760096889758	0.130626160825	0.074150065847	-0.00121566040284	0.081986300154	0.0679148588377	-0.00842904157301	0.0521643859847	0.00408203594732	-0.1032419594	0.0204898176396	-0.0429113796099	-0.00191525545562	0.0889217548513	-0.107665839149	0.104436910204	-0.0299699647139	0.17460894779	0.0537045821629	-0.113126891195	-0.00215667086426	-0.05734420482	0.0823087071172	-0.0753161050871	0.13125189013	0.041043017952	0.0641182331559	-0.063567203343	-0.0901210159688	-0.150156032383	0.134326261522	0.150191197818	-0.0663574825154	-0.11938696161	-0.130524332216	0.0130933316277	-0.0847642436556	-0.171347665902	-0.0970212790243	-0.0260399914373	-0.0886404770421	-0.0928988071796	0.0932348419182	-0.0712533905363
k__Bacteria;p__Bacteroidetes;c__Bacteroidia;o__Bacteroidales;f__Bacteroidaceae;g__Bacteroides;s__Bacteroides_thetaiotaomicron	-0.20798084971	-0.076722370822	0.0575327263229	0.0826672644875	0.0350356221056	-0.138348320103	-0.074486212592	-0.0697677048974	0.0185936769233	-0.0201401479632	1.0	-0.14511237619	0.0554778549508	-0.158725999572	0.0780168564873	0.0777265257625	-0.137940485339	-0.005302184874	0.0633860028979	-0.00869105757999	0.0133513875648	-0.107363437158	-0.104055047692	0.0526695283413	0.0523390481725	-0.0838031253602	0.127777064291	-0.110404390241	-0.0746440775928	0.0562673839253	0.0254247236695	-0.0971134067989	0.125964885283	0.0996847734743	0.132831488639	0.0304234194187	0.0141074802478	0.0986735333666	-0.0265481118266	-0.125971382944	0.00657963155628	0.0685778819545	0.0176833093897	0.0694064341906	-0.021216474058	-0.025107699954	0.084116514552	-0.0533898791613	-0.044973075422	-0.0279617672295	-0.0271851560098	0.0520416738239	-0.0746515892133	-0.262262372702	-0.13267158801	0.0783205640178	0.139265435316	-0.0390641114636	-0.0145619009766
k__Bacteria;p__Bacteroidetes;c__Bacteroidia;o__Bacteroidales;f__Bacteroidaceae;g__Bacteroides;s__Bacteroides_coprocola	-0.103411535753	-0.0528202650244	0.044466593729	-0.0217556605573	-0.109366020166	-0.0249513509742	0.0496113776465	-0.0337408010537	0.0888038527746	0.127732949474	-0.14511237619	1.0	-0.0914576045688	-0.0577802413832	-0.0364058545758	-0.0546515895124	-0.0364576182871	-0.0519547875651	0.106730886813	0.00283129058587	-0.045337066073	0.104551375193	-0.18326550486	-0.00388934155525	-0.134843006083	0.251488860829	-0.0458995326152	-0.162508586508	-0.130321746558	-0.0844092855001	0.104136892047	-0.00722611051433	0.118876811472	-0.161226804888	-0.0105798626864	-0.139186770375	-0.0623987009261	0.0768540637287	-0.0228560724458	-0.0076750532575	0.0537387589068	0.0520108584622	0.0341481831949	-0.0480771581058	-0.119652865881	-0.0346401933313	-0.0231471001205	0.159289415187	-0.0854097055659	0.0710817683089	0.176632239368	0.122583310688	0.025938420677	-0.0115250817867	-0.0318195443822	0.00587591841079	-0.090616492207	-0.108231316332	0.0410524997466
k__Bacteria;p__Bacteroidetes;c__Bacteroidia;o__Bacteroidales;f__Bacteroidaceae;g__Bacteroides;s__Bacteroides_cellulosilyticus	0.0846140614682	-0.0222916174754	0.0529880216135	-0.0781883006781	-0.0576640516697	-0.0500013359534	0.0486641489031	-0.0393084106431	-0.0880733011521	-0.0129107502831	0.0554778549508	-0.0914576045688	1.0	0.0320098344109	-0.111249395199	-0.140498233658	-0.0320019306574	-0.0329684002711	0.00238661869522	-0.0632697236753	-0.0697984196763	-0.0505729179497	0.00481297864541	0.0535250894363	0.00370415969991	-0.0575499792971	-0.100768563278	-0.050339658381	0.0632979690694	-0.0502929795274	0.00185228578578	0.00314841278856	-0.0387590879426	0.0462868400835	0.0223732970043	-0.0346362910528	-0.0247099007948	0.0894488281357	0.0542071253581	-0.0262091700499	-0.143779270413	-0.0452345799894	0.0719959522741	0.17689443565	-0.00883899193653	-0.0499956829239	-0.122389413975	-0.0248836118345	0.00579895421475	-0.0650881656821	-0.0714607899699	-0.231340754365	0.122427802148	0.0376665284735	-0.0907743749645	-0.0172913673838	0.0661743164229	0.0322255219229	0.0293057614833
k__Bacteria;p__Bacteroidetes;c__Bacteroidia;o__Bacteroidales;f__Rikenellaceae;g__Alistipes;s__Alistipes_obesi	0.10554349509	0.0164676336757	0.0237227625728	-0.102712452295	-0.0224532500254	-0.159197212539	-0.142435601728	-0.0293080072443	-0.0252225712979	-0.0371702014582	-0.158725999572	-0.0577802413832	0.0320098344109	1.0	0.107032063228	-0.0464897136092	-0.145302302501	0.134954902018	0.0266901546004	0.074578957459	0.00937362165726	-0.0161090968371	0.0162744783103	0.103113454226	0.0578668651011	-0.085061165547	-0.0710681823524	-0.102678070159	0.0255361127546	-0.0269203459007	-0.00204168681673	0.0865060792688	-0.074687739136	-0.150183999344	-0.132711091289	-0.0593099144935	0.116173921506	0.0760324417095	-0.0635815486881	-0.057594668005	-0.112897587216	0.0239902889947	0.0984929141419	0.0602393561814	-0.072285869156	-0.0801020885371	-0.111741753022	-0.083117655886	0.0510710565646	-0.0875296829575	-0.0549531731732	-0.0353072406178	-0.0550542326841	-0.0816990640264	0.00289496144976	0.0796748047775	0.026103398723	-0.127639759502	0.130618512477
k__Bacteria;p__Firmicutes;c__Clostridia;o__Clostridiales;f__Lachnospiraceae;g__;s__[Eubacterium]_rectale	0.0613543154737	-0.114248324652	0.0694629995386	-0.0462351832983	-0.055692669881	-0.0702926857654	-0.117928756783	-0.0400129445222	-0.0740714224292	-0.0182194314156	0.0780168564873	-0.0364058545758	-0.111249395199	0.107032063228	1.0	0.0722315206403	0.0674961355396	0.180008103441	0.000973903538338	-0.0891280580275	0.0148262982262	-0.0398861011015	-0.056107024281	0.0312832893182	-0.0683656521668	-0.170269946081	0.0969022478062	-0.047291181245	0.0378413484239	0.0502921153508	0.15365114401	0.00610663742165	-0.0214639823576	-0.0923601952064	-0.0370374216188	0.0530131736927	-0.0537302309344	-0.0781719477698	0.000199852676892	0.00962154249484	0.00702938617653	-0.0400863549883	-0.0110191343635	0.0504896200355	0.101085264777	-0.0482817453976	0.12033350079	0.0230382497656	0.00947840233356	-0.0683489970842	0.0397061590435	0.0397028600961	0.0179554823011	-0.0533936694428	0.00714928728797	-0.0129813221644	-0.200193547893	0.0224815692006	0.0586336468374
k__Bacteria;p__Bacteroidetes;c__Bacteroidia;o__Bacteroidales;f__Bacteroidaceae;g__Bacteroides;s__Bacteroides_plebeius	-0.0487001828188	-0.0731928272208	-0.0838044294263	-0.0704926566934	0.0624564265397	-0.0331180428992	0.0366020162589	-0.117637124249	0.0354313184915	0.0760096889758	0.0777265257625	-0.0546515895124	-0.140498233658	-0.0464897136092	0.0722315206403	1.0	-0.139066117487	0.0896879714111	-0.00389465168624	-0.128848790857	0.0041292654555	-0.044529449154	0.0495972435176	0.0529847889013	-0.0266494051298	-0.0527750601461	0.0524702141356	-0.0168217341951	0.047742861275	-0.137023617775	0.0409346034497	-0.0220835715077	-0.123606268094	0.0910751481256	-0.0873631063331	0.0210944877936	-0.0216069694063	0.102817270291	0.0890162881721	0.0585159368289	-0.0732585239984	0.0246943801556	-0.0672621003019	-0.026571056123	0.0846809048286	0.000138080477515	0.110880098675	0.042716778236	0.0884054438021	0.00672069924667	-0.0527069191372	-0.071283979538	0.00796370343888	-0.0686520138795	0.186226538268	0.0309795049458	-0.031284281691	-0.00074695843685	0.0267678513746
k__Bacteria;p__Bacteroidetes;c__Bacteroidia;o__Bacteroidales;f__Bacteroidaceae;g__Bacteroides;s__Bacteroides_fragilis	0.0650983483534	-0.0649572094235	-0.0287449043561	0.152112656895	0.0440803695868	0.126918585099	0.00799547313676	-0.0590214389072	-0.0567094709969	0.130626160825	-0.137940485339	-0.0364576182871	-0.0320019306574	-0.145302302501	0.0674961355396	-0.139066117487	1.0	-0.0146081938151	-0.0730470075303	-0.165489423312	-0.0490466420631	0.0906271570203	0.138668365575	-0.0322609949211	0.0415897828749	-0.100167460904	0.0215596763091	0.00365993799922	-0.112133155408	-0.0853631199432	-0.0512362301483	-0.0372203993878	0.132603393058	-0.0586208576855	-0.00443002132868	0.0285197995748	0.00114415650883	-0.0391102086812	-0.103276358634	-0.0696371677783	0.0230641858475	-0.109384321168	-0.0860525234015	0.0397195821599	0.043005290197	0.190161998134	0.146267227784	-0.0679010910627	-0.151568602481	-0.0681305879529	-0.0165432558422	0.0065393927145	-0.114415067756	0.00946848417929	0.0509197840339	-0.0718524281742	-0.137741989581	0.110183019559	0.0603248601299
k__Bacteria;p__Proteobacteria;c__Betaproteobacteria;o__Burkholderiales;f__Sutterellaceae;g__Sutterella;s__Sutterella_wadsworthensis	-0.0496473537153	-0.0426821358751	-0.0841511418603	-0.0881461431886	-0.0147722672821	-0.046830735787	-0.0795589704421	0.131169532429	0.0730641203817	0.074150065847	-0.005302184874	-0.0519547875651	-0.0329684002711	0.134954902018	0.180008103441	0.0896879714111	-0.0146081938151	1.0	0.111375213924	0.00248477658309	0.0112993144172	-0.0719857894802	-0.0145255037233	-0.029806012036	-0.0794502496245	0.0198921651381	-0.0431622240621	-0.114720079194	-0.046648379999	-0.101204788726	-0.0505055744628	-0.0109150311376	0.0263426048073	0.172831483334	0.0538280558459	-0.156044625288	0.124819607288	-0.0391525828825	-0.0628185135922	-0.0273370814139	-0.0211231195283	0.0458918597161	-0.0193361132927	0.15135159144	0.00149931601531	0.00845606339225	0.00836894323484	-0.0317098159569	-0.0074207598997	-0.053339088973	-0.0673517766873	-0.0797146221145	-0.017335836213	-0.0609259382402	-0.0323961519481	-0.0724344515578	0.102416451072	0.036928126003	0.0266946327661
k__Bacteria;p__Bacteroidetes;c__Bacteroidia;o__Bacteroidales;f__Porphyromonadaceae;g__Barnesiella;s__Barnesiella_intestinihominis	0.0739637442188	-0.146719788806	-0.0735000204043	-0.00406158771329	0.0178818231693	-0.0913584366477	0.0400066868903	0.0544869095023	-0.0141892030759	-0.00121566040284	0.0633860028979	0.106730886813	0.00238661869522	0.0266901546004	0.000973903538338	-0.00389465168624	-0.0730470075303	0.111375213924	1.0	-0.076630483677	0.0445499930487	-0.110001754385	0.0410352610116	-0.0141516076277	0.0455724714003	-0.0814385089499	0.0380691032674	-0.0637845382409	0.0946773603482	-0.0184379710349	0.0321580289489	0.0532336247465	0.0155566278433	-0.0295393375726	-0.0900672784182	0.00742124991354	0.0842989067872	-0.00671330687159	-0.0883378150922	0.129299867926	-0.0298539122158	0.0930955208245	-0.0107864365352	-0.133626874521	0.0113955539363	-0.00549094798487	-0.0260395337562	0.0850421709242	-0.118298282645	-0.0369096677086	0.0938696549303	0.0160177695755	0.015908816413	-0.00576803819194	-0.228761641735	0.146068670224	-0.0226408655437	-0.0656544614834	-0.0513137976424
k__Bacteria;p__Bacteroidetes;c__Bacteroidia;o__Bacteroidales;f__Odoribacteraceae;g__Odoribacter;s__Odoribacter_splanchnicus	0.0089029896487	0.0460897175367	0.0790513314901	0.142352584414	-0.0247818228729	0.0561138432303	-0.0473200610694	0.00463020035743	-0.00925462452437	0.081986300154	-0.00869105757999	0.00283129058587	-0.0632697236753	0.074578957459	-0.0891280580275	-0.128848790857	-0.165489423312	0.00248477658309	-0.076630483677	1.0	-0.0604311879898	0.0283059612937	-0.00860925864937	0.0548620014574	-0.0846763939064	-0.0428976024757	0.0475430311092	0.0804029399434	0.0546358643847	0.00312919617159	-0.0550833802534	-0.0157578526067	0.00827142970619	-0.0812581644517	-0.037630343825	-0.157215284646	0.0275948844913	-0.139845453668	-0.0838104631672	-0.0295846057907	0.0747950196952	0.0833171617193	0.0064059392185	0.14249362091	-0.000248409071677	-0.0104132259997	0.062005499711	0.0118260147857	-0.0179029852163	-0.0694737699368	0.0285450111461	-0.0594769132273	-0.0428882978107	0.0660114286168	0.0220953086603	-0.00384443930213	-0.0308424048219	0.162174007506	-0.000966476506588
k__Bacteria;p__Bacteroidetes;c__Bacteroidia;o__Bacteroidales;f__Bacteroidaceae;g__Bacteroides;s__Bacteroides_salyersiae	-0.0210762094881	-0.0437244355668	0.00971720326323	-0.0373181878992	-0.0863263967176	0.0152299670795	-0.0504683676859	-0.0464780600089	0.0810681668875	0.0679148588377	0.0133513875648	-0.045337066073	-0.0697984196763	0.00937362165726	0.0148262982262	0.0041292654555	-0.0490466420631	0.0112993144172	0.0445499930487	-0.0604311879898	1.0	-0.133183807926	-0.0359436989438	0.0318459116222	0.0878170083082	-0.00825699614616	0.0459387722318	-0.0118187695543	-0.0383537592114	-0.000808801007935	0.0166233404963	0.130676522422	-0.103820237415	0.0138035569475	-0.0608015842094	0.0678726280229	-0.0213789325055	0.123757846907	0.0068123762097	0.0386126580335	0.0770454764596	0.0934338610595	0.0822833293994	-0.182438437628	-0.0484369739844	-0.00709914728224	-0.0614017324719	0.0271098618061	-0.0342670151903	0.149131209677	-0.0169195882782	-0.113350361351	-0.108731640825	-0.0515502777017	-0.0147853850764	-0.0474328210243	-0.0890623522355	-0.107470991514	-0.015301557301
k__Bacteria;p__Firmicutes;c__Clostridia;o__Clostridiales;f__Ruminococcaceae;g__Ruminiclostridium;s__[Eubacterium]_siraeum	-0.0302577654138	-0.0465007576854	0.0293259177813	-0.0309976776895	-0.0483938862751	0.134745828782	0.0837943029992	-0.0722432733434	0.173636251833	-0.00842904157301	-0.107363437158	0.104551375193	-0.0505729179497	-0.0161090968371	-0.0398861011015	-0.044529449154	0.0906271570203	-0.0719857894802	-0.110001754385	0.0283059612937	-0.133183807926	1.0	-0.0125182029209	-0.0797478017748	-0.0276660910527	0.00439723172959	-0.0427373187798	-0.0427933031328	-0.0132635517368	0.0153563535481	-0.0331688013561	0.0704794342604	0.126356885664	0.0336632444521	0.125399688059	-0.0389853177298	-0.0235873155053	-0.0351592665373	-0.0443292216554	0.039490988182	0.0556002267726	-0.0830460086472	-0.0231464752041	-0.116685202264	-0.151764179003	-0.139919168937	0.00181172653911	-0.118723138091	0.00818640731889	0.0914917759806	-0.0226247625616	0.0453460247088	0.037666055544	-0.0024237682829	0.0233467780968	-0.0531249500539	-0.090183634413	-0.0705387370096	0.0467655651906
k__Bacteria;p__Proteobacteria;c__Betaproteobacteria;o__Burkholderiales;f__Sutterellaceae;g__Parasutterella;s__Parasutterella_excrementihominis	0.145602923699	-0.0298689595842	-0.107189601685	0.0541606803884	0.012412735513	0.0360154628057	-0.115925085042	0.0319795631483	-0.0255569242179	0.0521643859847	-0.104055047692	-0.18326550486	0.00481297864541	0.0162744783103	-0.056107024281	0.0495972435176	0.138668365575	-0.0145255037233	0.0410352610116	-0.00860925864937	-0.0359436989438	-0.0125182029209	1.0	0.0219148037278	0.0878129068224	-0.0120630683111	0.0547199022734	0.149979894344	-0.182435079632	0.00986180416024	0.187142492028	0.0279447381039	-0.0263788310823	-0.0275492155056	-0.0383328395747	-0.112442647027	0.107471623126	-0.0727505224134	-0.0617267252016	-0.111805835827	-0.00984504993711	-0.0256714303949	-0.0967725218747	-0.109320008615	0.112426639934	0.0959976386144	0.0138436051193	0.0100455367181	0.0913844846059	-0.0719341857133	0.00287957863869	-0.141489034542	0.0358346775106	-0.0229491557913	0.0137353352085	-0.0187275566219	0.0359812033248	0.00084064204745	-0.112030567088
k__Bacteria;p__Actinobacteria;c__Actinobacteria;o__Bifidobacteriales;f__Bifidobacteriaceae;g__Bifidobacterium;s__Bifidobacterium_adolescentis	0.0612864271352	0.0650031430418	-0.0188996378646	0.0235869765173	0.0722083827177	-0.121293237171	0.011540615684	0.0958851690324	-0.113280973167	0.00408203594732	0.0526695283413	-0.00388934155525	0.0535250894363	0.103113454226	0.0312832893182	0.0529847889013	-0.0322609949211	-0.029806012036	-0.0141516076277	0.0548620014574	0.0318459116222	-0.0797478017748	0.0219148037278	1.0	-0.0250103196704	0.0259998809206	-0.0525124611269	-0.0907273459303	0.00578709919796	-0.0442846738579	0.0184149413935	-0.0231804385099	-0.0888973092357	-0.002166196306	-0.10988463738	-0.0420923717229	-0.0327481934316	-0.0148632569066	0.0515036098312	0.113996024782	0.0183549204138	0.0589045342212	0.00556586334034	-0.0346787521007	-0.019178411658	0.0416786840108	-0.0169308639137	0.0151230814732	-0.0555554198998	-0.107479989536	-0.0280642298941	0.0181726835553	-0.0427639855137	-0.00881963237355	0.028739843951	-0.0397351461757	0.154502368981	0.00679330431795	0.0154228006021
k__Bacteria;p__Firmicutes;c__Clostridia;o__Clostridiales;f__Oscillospiraceae;g__Oscillibacter;s__Oscillibacter_sp._KLE_1745	0.0380449995244	0.0560459937865	-0.0608199088732	0.0182490939092	-0.0471423442981	0.0324920317676	0.113666873246	-0.0550714169538	0.0163275190682	-0.1032419594	0.0523390481725	-0.134843006083	0.00370415969991	0.0578668651011	-0.0683656521668	-0.0266494051298	0.0415897828749	-0.0794502496245	0.0455724714003	-0.0846763939064	0.0878170083082	-0.0276660910527	0.0878129068224	-0.0250103196704	1.0	-0.101399775237	0.0848786734442	0.0493853205052	0.021764515672	0.142800457733	-0.0912559920175	0.0107218408202	-0.189643617303	0.0707794447	0.0400536244058	-0.0514065201486	0.0361169000606	0.191793453476	0.0530291047317	0.00354705025521	0.014589521271	-0.0741150702702	0.04593393715	-0.0720151457231	0.0777584910993	0.0492891227011	-0.0659496360685	0.0145760003042	0.0123002908794	-0.047021252857	-0.0689693522415	-0.00238192581651	-0.0662262700772	-0.0089395371184	-0.0100816780456	0.023966462225	0.142988405777	-0.0565696672706	-0.0249670040951
k__Bacteria;p__Bacteroidetes;c__Bacteroidia;o__Bacteroidales;f__Bacteroidaceae;g__Bacteroides;s__Bacteroides_coprophilus	-0.112537290306	-0.0155565246355	0.0825589133042	0.0595332235137	-0.003062583839	0.022731719337	-0.0074472037821	-0.016751752562	-0.0871154711174	0.0204898176396	-0.0838031253602	0.251488860829	-0.0575499792971	-0.085061165547	-0.170269946081	-0.0527750601461	-0.100167460904	0.0198921651381	-0.0814385089499	-0.0428976024757	-0.00825699614616	0.00439723172959	-0.0120630683111	0.0259998809206	-0.101399775237	1.0	0.00552927907926	-0.0839875854701	-0.0550915383032	0.080244920855	-0.0208938664053	0.0997255583406	0.0634034088901	-0.0521637748739	-0.182702130917	0.149850649125	-0.0373348032051	0.0253234170489	-0.0426748887955	-0.0245802554781	-0.00248089164854	0.0104915601075	-0.0913651767413	-0.0591824747129	-0.00186086257428	0.0147689720075	0.00103659219464	0.0972392931734	-0.00710313263796	0.091115592559	0.101588004522	0.00298467897394	-0.114839066316	0.0452471450669	0.144246227722	-0.0481691002545	0.0409285972215	-0.0444372435585	0.125325599696
k__Bacteria;p__Firmicutes;c__Clostridia;o__Clostridiales;f__Lachnospiraceae;g__Roseburia;s__Roseburia_intestinalis	-0.013882771017	-0.107262129387	-0.0200028140273	-0.090145950322	0.0583647425125	0.0371744404988	-0.0185760835615	-0.0163824839077	-0.0239962061599	-0.0429113796099	0.127777064291	-0.0458995326152	-0.100768563278	-0.0710681823524	0.0969022478062	0.0524702141356	0.0215596763091	-0.0431622240621	0.0380691032674	0.0475430311092	0.0459387722318	-0.0427373187798	0.0547199022734	-0.0525124611269	0.0848786734442	0.00552927907926	1.0	0.0357094780729	-0.0926446837783	0.0356056431188	-0.0374623446992	-0.0772131560773	0.0769485809953	0.0842846617653	-0.094011604169	0.121369891337	-0.100159845532	-0.023183925789	-0.0732495022638	0.00874639847832	-0.0502166020526	0.0740074789306	0.0100514351429	-0.137735653465	0.0474101150798	-0.0182580540041	-0.139515549506	0.0325933177839	-0.0517877309143	-0.0521464425908	-0.0414508607994	-0.0425948505211	-0.0207551053226	0.0131334230449	0.00680015438771	-0.0968308901221	-0.0299634101659	-0.0219940220107	-0.0468613088758
k__Bacteria;p__Firmicutes;c__Clostridia;o__Clostridiales;f__Lachnospiraceae;g__Roseburia;s__Roseburia_hominis	0.16502622393	0.030821732624	0.0235172807904	0.0396339954415	-0.0342255495596	-0.0255002864349	-0.00206659948532	0.056985247468	0.0535266288234	-0.00191525545562	-0.110404390241	-0.162508586508	-0.050339658381	-0.102678070159	-0.047291181245	-0.0168217341951	0.00365993799922	-0.114720079194	-0.0637845382409	0.0804029399434	-0.0118187695543	-0.0427933031328	0.149979894344	-0.0907273459303	0.0493853205052	-0.0839875854701	0.0357094780729	1.0	-0.0629001213607	-0.0167063610595	-0.0928683642762	0.0226748681524	0.012584017013	0.0817740339271	-0.0613255309304	-0.199610877402	-0.0801144068129	0.0103572240332	0.173592761705	-0.0808641661473	-0.0225342274051	-0.106557146735	0.0518774584939	0.0310154756598	0.0116607611895	0.0171918118692	-0.0767325563504	-0.011344669334	0.133877667208	0.0618266947437	0.0310842078867	0.0148385993591	0.0815799322103	0.113965255632	0.0289651374618	0.02912656867	-0.0172965923034	-0.154193720726	-0.0876446838308
k__Bacteria;p__Bacteroidetes;c__Bacteroidia;o__Bacteroidales;f__Porphyromonadaceae;g__Parabacteroides;s__Parabacteroides_johnsonii	-0.0460270870841	0.0231580474537	0.0567307624752	0.0434965932127	-0.0373004257987	-0.0560738533111	0.0818999372671	-0.00712491944077	-0.0311798142891	0.0889217548513	-0.0746440775928	-0.130321746558	0.0632979690694	0.0255361127546	0.0378413484239	0.047742861275	-0.112133155408	-0.046648379999	0.0946773603482	0.0546358643847	-0.0383537592114	-0.0132635517368	-0.182435079632	0.00578709919796	0.021764515672	-0.0550915383032	-0.0926446837783	-0.0629001213607	1.0	-0.0441634103053	0.081734242642	-0.062459119264	0.138425287996	-0.000204796553613	0.0654280731792	0.0224965621444	0.025880629713	-0.0337035414591	-0.0351843160564	0.119909520404	-0.0634751088358	0.0664021149069	0.0984147761425	-0.0679933942127	-0.0845276909828	0.00256594055328	0.0653521153539	0.0109402414478	-0.00358757731544	-0.0971095522562	-0.0797183578829	-0.0311361951279	-0.104721882854	0.0588764635085	0.00102254013907	0.169728856167	0.0321785884587	0.0565627074223	0.059063076886
k__Bacteria;p__Actinobacteria;c__Actinobacteria;o__Bifidobacteriales;f__Bifidobacteriaceae;g__Bifidobacterium;s__Bifidobacterium_longum	-0.0198991408361	0.142688077243	-0.0663099897328	0.00864707966783	0.0122764245236	0.0205306933057	-0.0319209738671	0.0459426101584	-0.0120181783241	-0.107665839149	0.0562673839253	-0.0844092855001	-0.0502929795274	-0.0269203459007	0.0502921153508	-0.137023617775	-0.0853631199432	-0.101204788726	-0.0184379710349	0.00312919617159	-0.000808801007935	0.0153563535481	0.00986180416024	-0.0442846738579	0.142800457733	0.080244920855	0.0356056431188	-0.0167063610595	-0.0441634103053	1.0	-0.0186375287835	-0.102425688174	-0.028802809098	-0.0380468839509	-0.0171435882591	0.0807542111541	-0.00488994123683	-0.0475852205059	0.0861722510689	0.0719866647049	0.0536711260299	-0.0556346542759	-0.0517107719926	-0.157817904445	0.133138874349	-0.109334896611	0.0472767375462	0.0518586932278	-0.00189021430764	-0.0389366846112	0.197148738896	0.11855850037	0.168185334823	-0.0216285495384	-0.0372154892899	0.0211786915223	0.0123929154432	-0.200401661663	-0.034050081644
