#taxonomy	k__Bacteria;p__Bacteroidetes;c__Bacteroidia;o__Bacteroidales;f__Bacteroidaceae;g__Bacteroides;s__Bacteroides_vulgatus	k__Bacteria;p__Bacteroidetes;c__Bacteroidia;o__Bacteroidales;f__Bacteroidaceae;g__Bacteroides;s__Bacteroides_uniformis	k__Bacteria;p__Bacteroidetes;c__Bacteroidia;o__Bacteroidales;f__Rikenellaceae;g__Alistipes;s__Alistipes_putredinis	k__Bacteria;p__Bacteroidetes;c__Bacteroidia;o__Bacteroidales;f__Prevotellaceae;g__Prevotella;s__Prevotella_copri	k__Bacteria;p__Bacteroidetes;c__Bacteroidia;o__Bacteroidales;f__Bacteroidaceae;g__Bacteroides;s__Bacteroides_stercoris	k__Bacteria;p__Bacteroidetes;c__Bacteroidia;o__Bacteroidales;f__Bacteroidaceae;g__Bacteroides;s__Bacteroides_ovatus	k__Bacteria;p__Bacteroidetes;c__Bacteroidia;o__Bacteroidales;f__Rikenellaceae;g__Alistipes;s__Alistipes_shahii	k__Bacteria;p__Firmicutes;c__Clostridia;o__Clostridiales;f__Ruminococcaceae;g__Faecalibacterium;s__Faecalibacterium_prausnitzii	k__Bacteria;p__Bacteroidetes;c__Bacteroidia;o__Bacteroidales;f__Rikenellaceae;g__Alistipes;s__Alistipes_finegoldii	k__Bacteria;p__Bacteroidetes;c__Bacteroidia;o__Bacteroidales;f__Porphyromonadaceae;g__Parabacteroides;s__Parabacteroides_distasonis	k__Bacteria;p__Bacteroidetes;c__Bacteroidia;o__Bacteroidales;f__Bacteroidaceae;g__Bacteroides;s__Bacteroides_thetaiotaomicron	k__Bacteria;p__Bacteroidetes;c__Bacteroidia;o__Bacteroidales;f__Bacteroidaceae;g__Bacteroides;s__Bacteroides_coprocola	k__Bacteria;p__Bacteroidetes;c__Bacteroidia;o__Bacteroidales;f__Bacteroidaceae;g__Bacteroides;s__Bacteroides_cellulosilyticus	k__Bacteria;p__Bacteroidetes;c__Bacteroidia;o__Bacteroidales;f__Rikenellaceae;g__Alistipes;s__Alistipes_obesi	k__Bacteria;p__Firmicutes;c__Clostridia;o__Clostridiales;f__Lachnospiraceae;g__;s__[Eubacterium]_rectale	k__Bacteria;p__Bacteroidetes;c__Bacteroidia;o__Bacteroidales;f__Bacteroidaceae;g__Bacteroides;s__Bacteroides_plebeius	k__Bacteria;p__Bacteroidetes;c__Bacteroidia;o__Bacteroidales;f__Bacteroidaceae;g__Bacteroides;s__Bacteroides_fragilis	k__Bacteria;p__Proteobacteria;c__Betaproteobacteria;o__Burkholderiales;f__Sutterellaceae;g__Sutterella;s__Sutterella_wadsworthensis	k__Bacteria;p__Bacteroidetes;c__Bacteroidia;o__Bacteroidales;f__Porphyromonadaceae;g__Barnesiella;s__Barnesiella_intestinihominis	k__Bacteria;p__Bacteroidetes;c__Bacteroidia;o__Bacteroidales;f__Odoribacteraceae;g__Odoribacter;s__Odoribacter_splanchnicus	k__Bacteria;p__Bacteroidetes;c__Bacteroidia;o__Bacteroidales;f__Bacteroidaceae;g__Bacteroides;s__Bacteroides_salyersiae	k__Bacteria;p__Firmicutes;c__Clostridia;o__Clostridiales;f__Ruminococcaceae;g__Ruminiclostridium;s__[Eubacterium]_siraeum	k__Bacteria;p__Proteobacteria;c__Betaproteobacteria;o__Burkholderiales;f__Sutterellaceae;g__Parasutterella;s__Parasutterella_excrementihominis	k__Bacteria;p__Actinobacteria;c__Actinobacteria;o__Bifidobacteriales;f__Bifidobacteriaceae;g__Bifidobacterium;s__Bifidobacterium_adolescentis	k__Bacteria;p__Firmicutes;c__Clostridia;o__Clostridiales;f__Oscillospiraceae;g__Oscillibacter;s__Oscillibacter_sp._KLE_1745	k__Bacteria;p__Bacteroidetes;c__Bacteroidia;o__Bacteroidales;f__Bacteroidaceae;g__Bacteroides;s__Bacteroides_coprophilus	k__Bacteria;p__Firmicutes;c__Clostridia;o__Clostridiales;f__Lachnospiraceae;g__Roseburia;s__Roseburia_intestinalis	k__Bacteria;p__Firmicutes;c__Clostridia;o__Clostridiales;f__Lachnospiraceae;g__Roseburia;s__Roseburia_hominis	k__Bacteria;p__Bacteroidetes;c__Bacteroidia;o__Bacteroidales;f__Porphyromonadaceae;g__Parabacteroides;s__Parabacteroides_johnsonii	k__Bacteria;p__Actinobacteria;c__Actinobacteria;o__Bifidobacteriales;f__Bifidobacteriaceae;g__Bifidobacterium;s__Bifidobacterium_longum	k__Bacteria;p__Firmicutes;c__Clostridia;o__Clostridiales;f__;g__Flavonifractor;s__Flavonifractor_plautii	k__Bacteria;p__Firmicutes;c__Clostridia;o__Clostridiales;f__Clostridiaceae;g__Clostridium;s__Clostridium_phoceensis	k__Bacteria;p__Verrucomicrobia;c__Verrucomicrobiae;o__Verrucomicrobiales;f__Akkermansiaceae;g__Akkermansia;s__Akkermansia_muciniphila	k__Bacteria;p__Bacteroidetes;c__Bacteroidia;o__Bacteroidales;f__Prevotellaceae;g__Paraprevotella;s__Paraprevotella_xylaniphila	k__Bacteria;p__Firmicutes;c__Clostridia;o__Clostridiales;f__Ruminococcaceae;g__Ruminococcus;s__Ruminococcus_callidus	k__Bacteria;p__Bacteroidetes;c__Bacteroidia;o__Bacteroidales;f__Rikenellaceae;g__Alistipes;s__Alistipes_senegalensis	k__Bacteria;p__Firmicutes;c__Clostridia;o__Clostridiales;f__Lachnospiraceae;g__Blautia;s__Blautia_sp._KLE_1732	k__Bacteria;p__Bacteroidetes;c__Bacteroidia;o__Bacteroidales;f__Bacteroidaceae;g__Bacteroides;s__Bacteroides_oleiciplenus	k__Bacteria;p__Firmicutes;c__Clostridia;o__Clostridiales;f__Ruminococcaceae;g__Ruminococcus;s__Ruminococcus_bicirculans	k__Bacteria;p__Bacteroidetes;c__Bacteroidia;o__Bacteroidales;f__Bacteroidaceae;g__Bacteroides;s__Bacteroides_fluxus	k__Bacteria;p__Bacteroidetes;c__Bacteroidia;o__Bacteroidales;f__Prevotellaceae;g__Prevotella;s__Prevotella_stercorea	k__Bacteria;p__Firmicutes;c__Clostridia;o__Clostridiales;f__Lachnospiraceae;g__Dorea;s__Dorea_longicatena	k__Bacteria;p__Firmicutes;c__Clostridia;o__Clostridiales;f__Eubacteriaceae;g__Eubacterium;s__[Eubacterium]_eligens	k__Bacteria;p__Firmicutes;c__Clostridia;o__Clostridiales;f__Ruminococcaceae;g__;s__Ruminococcaceae_bacterium_D16	k__Bacteria;p__Firmicutes;c__Clostridia;o__Clostridiales;f__Lachnospiraceae;g__Coprococcus;s__Coprococcus_comes	k__Bacteria;p__Proteobacteria;c__Gammaproteobacteria;o__Enterobacterales;f__Enterobacteriaceae;g__Escherichia;s__Escherichia_coli	k__Bacteria;p__Firmicutes;c__Clostridia;o__Clostridiales;f__Ruminococcaceae;g__Anaerotruncus;s__Anaerotruncus_colihominis	k__Bacteria;p__Firmicutes;c__Clostridia;o__Clostridiales;f__Lachnospiraceae;g__Blautia;s__Blautia_obeum	k__Bacteria;p__Bacteroidetes;c__Bacteroidia;o__Bacteroidales;f__Odoribacteraceae;g__Odoribacter;s__Odoribacter_laneus	k__Bacteria;p__Firmicutes;c__Clostridia;o__Clostridiales;f__Ruminococcaceae;g__Ruminiclostridium;s__[Clostridium]_leptum	k__Bacteria;p__Bacteroidetes;c__Bacteroidia;o__Bacteroidales;f__Porphyromonadaceae;g__Parabacteroides;s__Parabacteroides_goldsteinii	k__Bacteria;p__Firmicutes;c__Clostridia;o__Clostridiales;f__Lachnospiraceae;g__Anaerostipes;s__Anaerostipes_hadrus	k__Bacteria;p__Firmicutes;c__Clostridia;o__Clostridiales;f__Ruminococcaceae;g__Ruminococcus;s__Ruminococcus_lactaris	k__Bacteria;p__Firmicutes;c__Clostridia;o__Clostridiales;f__Clostridiaceae;g__Clostridium;s__Clostridium_sp._L2-50	k__Bacteria;p__Firmicutes;c__Clostridia;o__Clostridiales;f__Clostridiaceae;g__Clostridium;s__Clostridium_sp._M62/1	k__Bacteria;p__Firmicutes;c__Clostridia;o__Clostridiales;f__;g__Intestinimonas;s__Intestinimonas_butyriciproducens	k__Bacteria;p__Actinobacteria;c__Actinobacteria;o__Bifidobacteriales;f__Bifidobacteriaceae;g__Bifidobacterium;s__Bifidobacterium_bifidum	k__Bacteria;p__Firmicutes;c__Negativicutes;o__Veillonellales;f__Veillonellaceae;g__Dialister;s__Dialister_invisus	k__Bacteria;p__Bacteroidetes;c__Bacteroidia;o__Bacteroidales;f__Bacteroidaceae;g__Bacteroides;s__Bacteroides_salanitronis
k__Bacteria;p__Bacteroidetes;c__Bacteroidia;o__Bacteroidales;f__Bacteroidaceae;g__Bacteroides;s__Bacteroides_vulgatus	1.0	-0.103624220774	0.088984178056	-0.0249146161225	-0.021221932797	-0.00101125419141	0.00343839278772	-0.0827219042139	-0.037531897399	-0.14671916496	0.0136218619168	-0.127091109829	0.0767410008162	-0.11034571982	-0.132541660048	-0.0507973512713	-0.0487849881242	-0.00398282362074	-0.0533110946663	-0.0138528077746	0.0169508348789	0.0591476895612	-0.0664668691757	-0.0910877345701	0.114705992689	0.017905320363	-0.0240507403591	-0.0778956273105	-0.111997984796	0.0175165366463	0.128179060228	0.0522315843184	0.0665480217802	0.0147072408753	0.0707631768912	0.0712971177497	-0.0630723409955	-0.00748305613343	0.0588083704972	-0.0699394299909	-0.0916919462863	-0.0119398192763	-0.0819431850459	0.00843983398001	0.0214289600744	0.136370179578	0.142434958223	0.0945069237288	0.0209614141686	0.00514477666884	-0.0272803191046	0.117515562079	0.0256311917218	-0.0408180114135	0.0660656629611	-0.0817863351273	-0.083741227005	0.0149843371507	-0.03781525873
k__Bacteria;p__Bacteroidetes;c__Bacteroidia;o__Bacteroidales;f__Bacteroidaceae;g__Bacteroides;s__Bacteroides_uniformis	-0.103624220774	1.0	0.0733903788341	-0.0275532481563	-0.101791648072	-0.066002430981	0.046727213549	-0.0552686292668	0.0652748339027	0.116467794367	0.0511288175393	-0.00380194081205	-0.0336534787989	0.0511833155201	0.0307480780465	-0.0315128978107	-0.0453186948624	0.0106653924109	0.10510535929	-0.0430000314022	-0.0306426653208	-0.0595305137484	-0.0415205228034	-0.0237944967068	-0.156143776384	-0.136873417172	0.0644907730369	0.0419600487575	0.0317517240035	0.0115816691036	-0.0318682000171	-0.0660399174045	-0.0698302878147	-0.0823860942527	-0.0956327763589	-0.0600051668257	0.0189819361674	0.0727262403984	-0.0525918372694	-0.00943949151987	0.063501013819	-0.0275323139416	0.0188722795563	-0.0553067055218	-0.0528307392894	-0.0326062254065	0.0351564039656	-0.048272923688	0.0989894708631	-0.0599921163557	-0.0519085038516	-0.0290239431152	0.0161278963155	0.0236803315197	-0.0950617381375	0.0321719209664	0.0188630121921	-0.0325115664384	0.042956377036
k__Bacteria;p__Bacteroidetes;c__Bacteroidia;o__Bacteroidales;f__Rikenellaceae;g__Alistipes;s__Alistipes_putredinis	0.088984178056	0.0733903788341	1.0	-0.00809147213962	-0.00518699538106	-0.0109233586589	0.0276997098738	-0.0238487314517	0.150351162463	-0.00738005477083	-0.0250123083581	-0.0891320362756	0.00968487605005	-0.0639935358199	-0.145763890558	0.0472908422049	0.0162906953624	0.0553611270714	0.0183634578919	0.112808865398	-0.0282171760878	-0.0305210636445	0.00261510792578	-0.0629967370052	0.0490624553178	-0.0771444976317	-0.0397537433652	-0.0810011338342	-0.0244082361918	0.0420062200479	0.0336534825942	-0.0620198131791	0.0387480304216	0.103900102841	-0.0825123045275	0.112330114537	-0.00971064121858	-0.00129884061467	-0.0682900040483	0.0775727334411	0.0643648181653	-0.206021245883	0.00999101875106	0.0176371162493	-0.134545737415	-0.118876856463	-0.128896181056	0.111834377431	-0.013342535291	0.0388020127141	-0.050031665349	-0.0192802057785	-0.0727171912899	-0.0191427837109	-0.0132124436812	-0.1279401837	0.0289507597587	-0.0385340398655	0.0466652996016
k__Bacteria;p__Bacteroidetes;c__Bacteroidia;o__Bacteroidales;f__Prevotellaceae;g__Prevotella;s__Prevotella_copri	-0.0249146161225	-0.0275532481563	-0.00809147213962	1.0	0.0983996393046	-0.117995543119	-0.145236530991	0.0191214889543	-0.00524618349551	0.0120079624052	-0.0517861507072	0.0523698806795	-0.0401885472655	0.0681071203616	-0.146055802339	-0.12962498108	0.0364179588752	0.0982236583872	-0.104981165485	0.0390931510677	-0.163463699649	0.0181643629753	-0.0339372165225	0.0761074179485	0.00493877349238	0.045840062819	-0.000821054469689	-0.024972213102	0.0160056203462	-0.123169535317	0.0985977103454	-0.0695770356831	0.137433508337	0.113592174054	-0.119050384581	0.0200663811402	-0.0685809041015	-0.132931069584	-0.0801308337681	-0.0671331680585	0.0486012555567	-0.106469881168	-0.106990595937	0.0519724426732	0.00277682327005	-0.0987508864721	0.0329916559596	-0.162698979867	0.0239278170191	0.035801104929	0.0924557635579	-0.0203778223281	-0.0792054283131	0.0549621683303	-0.0498987143221	0.0241927694328	0.048325262149	0.050525180693	0.0685579185638
k__Bacteria;p__Bacteroidetes;c__Bacteroidia;o__Bacteroidales;f__Bacteroidaceae;g__Bacteroides;s__Bacteroides_stercoris	-0.021221932797	-0.101791648072	-0.00518699538106	0.0983996393046	1.0	-0.0670403049695	0.0043152629811	-0.0616542800544	-0.0366020887502	-0.0314199162825	-0.0904446179572	0.00754021477259	0.0699248709394	-0.0609528458289	-0.0105382458282	-0.0909941667585	-0.0298860270787	0.0861134160909	-0.161785590607	-0.0906787287054	-0.0162279840894	0.153483085278	0.000829267836839	0.0911610944988	-0.0915964797346	-0.0928064100806	-0.0798315143927	0.00783879860357	-0.0150641623761	0.13403227736	-0.00832141912493	0.0145753005617	-0.0255081982332	-0.028122138274	-0.0155302380507	-0.00574742180991	-0.0397368126125	-0.00819056198601	0.0602679898895	-0.0466004135064	-0.0590658084329	-0.00498362138997	0.103063170838	-0.0350117759951	-0.00814288225348	0.0577774565645	-0.0458550666306	0.0648941752527	-0.00465090129346	0.0501966278267	0.100985113128	-0.136378361966	-0.0968386815424	0.09439318043	0.0872038347168	0.0265229346067	-0.00762446977523	-0.049866501493	0.0125769197166
k__Bacteria;p__Bacteroidetes;c__Bacteroidia;o__Bacteroidales;f__Bacteroidaceae;g__Bacteroides;s__Bacteroides_ovatus	-0.00101125419141	-0.066002430981	-0.0109233586589	-0.117995543119	-0.0670403049695	1.0	0.00135106599006	0.0130488016376	-0.0715683141367	-0.0373544184556	0.0417497815181	-0.0166885585622	0.0913954026188	0.0239244038264	-0.0851242607634	0.109667988257	0.0908102699739	-0.000469653747578	-0.165375375332	-0.00430727474345	0.0522198899117	0.0240368766747	0.038213517454	0.0584885855157	-0.0514629846745	0.197179609205	0.138160499777	0.0494632134906	0.0859691906967	0.0991805059953	0.010673321294	-0.0340346205313	-0.0549342993636	-0.00777537743989	0.016018998648	0.0329498991958	0.00547488220594	-0.00515793771178	-0.0129555357654	-0.142950458455	-0.0240322387531	-0.0655862163471	-0.0646665961491	0.0760294648045	0.118061318483	-0.0766483928464	-0.117454602771	-0.0811558971149	0.0462755586649	-0.0215999155906	0.000827158610893	0.130782352565	-0.0461319461158	0.0270088181336	-0.0191619951093	0.0174024064872	-0.0264934199233	0.0415820706197	-0.00510217984064
k__Bacteria;p__Bacteroidetes;c__Bacteroidia;o__Bacteroidales;f__Rikenellaceae;g__Alistipes;s__Alistipes_shahii	0.00343839278772	0.046727213549	0.0276997098738	-0.145236530991	0.0043152629811	0.00135106599006	1.0	-0.0378735012372	0.0240836503499	-0.0144301824297	-0.00169191305514	-0.0871198204429	-0.0439058954588	0.0167777337753	0.00970488798053	-0.0863617992435	-0.131276940069	-0.0561326828956	0.108941636491	0.060040865723	0.0230614390532	0.0807803743665	-0.0200220961244	-0.0200572338286	-0.0300303744043	0.0169539116479	-0.0532892600295	0.0605724342815	-0.050546957312	-0.0572118145817	-0.0138229357838	0.0582132965019	-0.0553981649356	0.108008522882	-0.0131029171535	0.0386005347412	0.0277722615802	0.12838496644	-0.0370562029599	-0.0267100700561	-0.0193438013631	-0.0316561526797	0.156250639747	0.0124207425682	0.0213231994398	-0.0310685895996	-0.0278498851719	-0.0118293677962	0.0569470196668	0.12273005102	0.0286017504318	0.00694836558112	0.1322977156	-0.0669081848868	0.0549406338154	-0.0893923457186	-0.135064737526	-0.0435942735315	0.037083144456
k__Bacteria;p__Firmicutes;c__Clostridia;o__Clostridiales;f__Ruminococcaceae;g__Faecalibacterium;s__Faecalibacterium_prausnitzii	-0.0827219042139	-0.0552686292668	-0.0238487314517	0.0191214889543	-0.0616542800544	0.0130488016376	-0.0378735012372	1.0	0.101098428373	-0.113761566489	0.0471216965161	0.0206015816805	-0.0279916483892	0.0141442430237	-0.122426030819	0.0243692856753	-0.0269895053626	0.0537598433677	-0.101159873239	-0.103186610124	0.0271165111954	0.0160117902675	-0.0418479166887	-0.0789989411341	-0.0576517125592	-0.0658449374388	0.116578363315	0.0547397575606	-0.00885772878954	0.0288448909495	0.0126907323385	-0.0170692370323	0.0299584241802	0.00266126634847	-0.0585516144846	0.0650882400201	-0.00534607922996	-0.0325568305352	-0.17513339267	0.16301290173	0.122879641204	-0.058571664068	0.0844988697319	-0.0949881987433	-0.0635427313808	0.00780856959343	-0.0466332656815	0.00309928545782	0.0219530803647	-0.0569154577564	-0.0850425285032	-0.136091959976	0.00425166287765	0.0475442136064	0.0613077028042	0.144576478624	-0.00628539023661	0.0456780644917	0.0258647497676
k__Bacteria;p__Bacteroidetes;c__Bacteroidia;o__Bacteroidales;f__Rikenellaceae;g__Alistipes;s__Alistipes_finegoldii	-0.037531897399	0.0652748339027	0.150351162463	-0.00524618349551	-0.0366020887502	-0.0715683141367	0.0240836503499	0.101098428373	1.0	-0.00225415254567	0.0473370120455	0.0766094556234	-0.0992847785128	0.088099924236	-0.0822411524534	-0.116971302223	0.0650840650472	0.05248529935	-0.0954166579686	-0.0382996533732	-0.0497582258703	0.00897138177401	-0.0641553280593	0.00941989736606	-0.0507330848537	-0.0123656851612	0.0202365909455	0.00946841864846	-0.044056347054	0.00586950978587	-0.143844403314	0.0791886249396	-0.0848468247295	0.0264521221284	-0.0333850721171	-0.0836773838599	-0.0180884262895	-0.0483793379267	0.0316414995007	-0.0135911835198	-0.00778508619252	-0.0407371457914	0.049870783551	-0.104009540054	-0.0632059062646	-0.0535559343509	-0.0335406974911	0.0940960621728	0.200614176987	-0.0199992796621	-0.0141521189959	-0.0425604952322	-0.037636200509	0.0802857789302	-0.0300610412618	-0.00707482376702	-0.00414401119957	-0.0394145046103	0.0541209112861
k__Bacteria;p__Bacteroidetes;c__Bacteroidia;o__Bacteroidales;f__Porphyromonadaceae;g__Parabacteroides;s__Parabacteroides_distasonis	-0.14671916496	0.116467794367	-0.00738005477083	0.0120079624052	-0.0314199162825	-0.0373544184556	-0.0144301824297	-0.113761566489	-0.00225415254567	1.0	0.00247512308013	0.0231322877724	-0.15844839694	-0.000749226757675	0.0870186913217	0.113456773856	0.0633623382901	0.00519123546864	0.0375939179171	-0.0255744919127	0.0724598848532	-0.00277119110123	-0.120730297351	-0.0635230711553	0.00104273129093	0.108401814866	0.0161518604199	-0.0826635784327	-0.0836182516666	0.0888919013948	0.00849076130836	-0.0866084390454	0.106271242876	-0.0915578806845	0.0471903783057	-0.0554270563966	0.115556602649	-0.0787014094143	0.0256462666659	-0.225615415034	0.11268200381	0.123849118758	-0.0408061459288	0.0138845537725	0.0552044122346	-0.0344907274009	-0.0485119224514	-0.00796555799991	0.0423910715014	0.0110672768395	-0.102253374248	-0.0360132293542	-0.0684280522676	-0.0496400447941	-0.0550902464878	-0.0653583586202	-0.0467024544702	-0.0300023484394	0.0467978965652
k__Bacteria;p__Bacteroidetes;c__Bacteroidia;o__Bacteroidales;f__Bacteroidaceae;g__Bacteroides;s__Bacteroides_thetaiotaomicron	0.0136218619168	0.0511288175393	-0.0250123083581	-0.0517861507072	-0.0904446179572	0.0417497815181	-0.00169191305514	0.0471216965161	0.0473370120455	0.00247512308013	1.0	0.0185950148655	-0.0407679713941	-0.0578540964561	0.158623677271	0.0807365837359	0.0540442864692	0.0973740187827	0.0265091480458	-0.0311202593788	-0.054103866985	-0.0675334620182	0.0959851465641	0.0315456504445	-0.0936983221579	0.00464965199839	-0.0822906218524	-0.0386156709703	0.0412698001187	-0.0669811552488	-0.0422262368129	-0.0158688476203	-0.0175448056174	0.0420070196328	-0.10599869829	0.13198512956	-0.0829078299038	-0.0376204074343	0.121509086032	0.0104316455635	-0.0692905783835	0.125736295948	-0.0384671918271	-0.0536287673518	-0.142756643182	0.0160616901389	0.0810340847691	0.0111759870633	0.146838321637	-0.0192043887503	0.058593308166	-0.00983116021287	0.0989059655236	-0.0719038253892	-0.0837593118097	-0.0448107573659	-0.0465362804689	-0.0141315744284	-0.00202058724418
k__Bacteria;p__Bacteroidetes;c__Bacteroidia;o__Bacteroidales;f__Bacteroidaceae;g__Bacteroides;s__Bacteroides_coprocola	-0.127091109829	-0.00380194081205	-0.0891320362756	0.0523698806795	0.00754021477259	-0.0166885585622	-0.0871198204429	0.0206015816805	0.0766094556234	0.0231322877724	0.0185950148655	1.0	0.0134973519471	-0.00627289755525	0.0654784424854	-0.0403522177978	0.00235762989237	-0.0798660908972	-0.0560956093234	-0.0857036691593	0.0296679701532	-0.0217138267391	-0.0254732195021	0.0611265055508	-0.0235226784916	-0.00814175657495	0.125779429927	-0.0750062167551	0.0592084136882	0.0927354272966	0.0899046668549	-0.0134245873331	-0.0166036240809	-0.124619322657	-0.0185713814234	0.00091973183241	-0.0960803389206	-0.0686774776895	0.0267377287986	-0.0465831119308	0.073549465671	-0.0488782033287	-0.0701379573128	-0.118632908598	-0.0167533682367	0.138385177526	-0.0279504254572	-0.0458951125976	0.00918054971974	-0.115694385174	0.0584997224056	0.0774194025633	-0.0348741330426	0.0275796371029	-0.104079946557	-0.0269797283534	-0.0246297053062	-0.0253808501084	0.0398895965587
k__Bacteria;p__Bacteroidetes;c__Bacteroidia;o__Bacteroidales;f__Bacteroidaceae;g__Bacteroides;s__Bacteroides_cellulosilyticus	0.0767410008162	-0.0336534787989	0.00968487605005	-0.0401885472655	0.0699248709394	0.0913954026188	-0.0439058954588	-0.0279916483892	-0.0992847785128	-0.15844839694	-0.0407679713941	0.0134973519471	1.0	0.0198413059588	-0.00117166107235	-0.0392194986516	-0.000283056441456	0.015560589842	-0.093051669925	-0.134186664576	0.0674401974469	0.120087349401	-0.0196277715932	-0.0693201213868	0.0334722424225	0.0335632934802	0.0445142582928	-0.0817262548222	0.107120821198	0.0125839984011	-0.0403290077845	-0.0013196514152	0.0403025506812	0.0255448037901	-0.0561417871331	-0.0406058860718	-0.0843352981927	0.0964445842902	-0.122980722066	0.0206524225397	-0.187673090789	-0.113600246977	0.0911855280407	0.0993764495902	0.0190852419659	-0.00250073899136	-0.102573972722	0.00497010087939	-0.012118588835	-0.108955220146	0.0750786591709	-0.102569287554	0.0532455040656	0.00359284492004	0.178837064445	-0.107329895325	0.00948095941867	-0.0661073670048	-0.0174663463046
k__Bacteria;p__Bacteroidetes;c__Bacteroidia;o__Bacteroidales;f__Rikenellaceae;g__Alistipes;s__Alistipes_obesi	-0.11034571982	0.0511833155201	-0.0639935358199	0.0681071203616	-0.0609528458289	0.0239244038264	0.0167777337753	0.0141442430237	0.088099924236	-0.000749226757675	-0.0578540964561	-0.00627289755525	0.0198413059588	1.0	0.0538101652721	0.00106873872071	0.080331100092	-0.0605564444457	-0.00550849335931	-0.0730982375369	-0.00538759689722	-0.0837067681812	0.12348452423	-0.0888671550026	-0.0573022413505	0.0309755890948	-0.069453595992	-0.058101460468	-0.0208900954095	-0.0160311110154	-0.0524637268943	-0.0734792169369	-0.0121723861136	0.122771224385	-0.046380679177	-0.0251482106518	-0.0710180736245	0.0468846897271	0.000354864479947	-0.15052720618	0.0720588083887	-0.0528732931862	-0.0359095744674	-0.109619141834	-0.0115304148377	0.0489639989196	0.0424982131274	0.134383920922	-0.0316968452412	-0.0112273053457	-0.0569807588536	0.0962985170507	0.0428841801303	0.0715433235537	-0.127622591009	0.0860020732575	0.0204995169954	0.041357827968	0.055395339079
k__Bacteria;p__Firmicutes;c__Clostridia;o__Clostridiales;f__Lachnospiraceae;g__;s__[Eubacterium]_rectale	-0.132541660048	0.0307480780465	-0.145763890558	-0.146055802339	-0.0105382458282	-0.0851242607634	0.00970488798053	-0.122426030819	-0.0822411524534	0.0870186913217	0.158623677271	0.0654784424854	-0.00117166107235	0.0538101652721	1.0	-0.0205068142822	0.0372955742368	-0.107474156221	0.0316102651387	0.0995689263005	-0.000161637247463	-0.0639034307557	-0.0578537078977	0.0337495895009	-0.00988740073046	0.131850439127	-0.0430730029667	-0.0324303118676	-0.00166241678133	-0.00668928112827	0.137810815461	0.000882785565715	-0.0264223466349	-0.00840830485265	0.0615533310628	-0.0344960960912	-0.0808232729051	-0.0734917714914	-0.0644285425327	-0.0714817070813	0.0382088496116	0.05343774323	0.00762974736798	-0.104637428938	0.0319097670441	0.0430203003943	0.0915785293817	-0.0759047341459	-0.0129359243407	-0.0820244227467	0.00407440315149	0.00182308746185	0.0238371425787	-0.035336976742	-0.110885339047	0.0204228396845	-0.060899121942	-0.0492752729701	-0.0694106080797
k__Bacteria;p__Bacteroidetes;c__Bacteroidia;o__Bacteroidales;f__Bacteroidaceae;g__Bacteroides;s__Bacteroides_plebeius	-0.0507973512713	-0.0315128978107	0.0472908422049	-0.12962498108	-0.0909941667585	0.109667988257	-0.0863617992435	0.0243692856753	-0.116971302223	0.113456773856	0.0807365837359	-0.0403522177978	-0.0392194986516	0.00106873872071	-0.0205068142822	1.0	-0.020343452934	0.155347771509	0.0857256084395	-0.0734344235229	-0.14356656902	-0.0122070953024	-0.000755195681404	-0.0148328076656	0.116020641902	-0.053191947218	0.10767478285	-0.0164289286811	-0.0544961178694	0.0183210627597	0.0976352856808	-0.0981163594431	-0.013413967143	-0.0363077360625	-0.0309448337612	0.147176433599	0.0316798988532	0.10997973186	0.0165283088447	-0.112176480837	0.0120494424733	0.120249034635	0.0307480328086	-0.0863503173367	-0.0347473699671	-0.0391473603001	-0.0832040635166	-0.041497171469	0.0227360541747	-0.0296823779644	0.0970655348732	0.103548116834	-0.111165944108	-0.0372629680641	-0.025085194493	-0.0485708940279	-0.0605481745651	-0.0972907170231	-0.0870735180915
k__Bacteria;p__Bacteroidetes;c__Bacteroidia;o__Bacteroidales;f__Bacteroidaceae;g__Bacteroides;s__Bacteroides_fragilis	-0.0487849881242	-0.0453186948624	0.0162906953624	0.0364179588752	-0.0298860270787	0.0908102699739	-0.131276940069	-0.0269895053626	0.0650840650472	0.0633623382901	0.0540442864692	0.00235762989237	-0.000283056441456	0.080331100092	0.0372955742368	-0.020343452934	1.0	0.0777188567092	-0.00869536299426	-0.0765325625368	-0.00657701685796	-0.0298785814	0.0103558781846	0.0377522305803	0.119938022772	0.0399277890513	-0.0534960748539	0.0548694341063	0.100301796896	0.00292981643119	-0.0296504162894	0.0323634911957	-0.0816066278882	-0.0151753950345	0.0974760838477	0.0320482535663	0.0172239298763	0.0241875178957	0.0585647884814	-0.00883201980561	0.0227039717001	-0.0933656904481	-0.0168461182481	0.026433249136	-0.137245107855	0.0153538606743	-0.111665733359	0.0286526792578	-0.1220399104	0.0346789912797	-0.0937086254907	0.0472582786085	-0.0681013843229	-0.0539491507847	0.00546177143787	0.082471465351	0.0667200751281	-0.0175931003196	-0.0825914360559
k__Bacteria;p__Proteobacteria;c__Betaproteobacteria;o__Burkholderiales;f__Sutterellaceae;g__Sutterella;s__Sutterella_wadsworthensis	-0.00398282362074	0.0106653924109	0.0553611270714	0.0982236583872	0.0861134160909	-0.000469653747578	-0.0561326828956	0.0537598433677	0.05248529935	0.00519123546864	0.0973740187827	-0.0798660908972	0.015560589842	-0.0605564444457	-0.107474156221	0.155347771509	0.0777188567092	1.0	0.0542542392942	-0.0496334629428	-0.0716808682624	-0.0976533022355	0.0736865766329	-0.100594978838	-0.0250777854929	0.0409531245362	-0.0428124504847	0.0305835965364	0.0524627058159	-0.0748159371721	-0.00313963802487	-0.0858929772055	-0.222069849576	0.0830345498199	-0.00877873060819	-0.0438639765225	-0.0231581140646	-0.0201790286731	-0.0521089183821	-0.00525023453915	-0.0549935573506	-0.0484115047811	-0.00663930766201	-0.0943522660291	-0.120738813839	-0.00980384426216	-0.110943551231	0.0844098683306	-0.0620795806922	-0.0276354175366	0.0659914179913	0.00315266878898	-0.0349006663759	-0.073163349199	-0.00413745393021	-0.099706827139	0.0921974257812	0.0351078970739	-0.0578791419523
k__Bacteria;p__Bacteroidetes;c__Bacteroidia;o__Bacteroidales;f__Porphyromonadaceae;g__Barnesiella;s__Barnesiella_intestinihominis	-0.0533110946663	0.10510535929	0.0183634578919	-0.104981165485	-0.161785590607	-0.165375375332	0.108941636491	-0.101159873239	-0.0954166579686	0.0375939179171	0.0265091480458	-0.0560956093234	-0.093051669925	-0.00550849335931	0.0316102651387	0.0857256084395	-0.00869536299426	0.0542542392942	1.0	0.0128291747998	0.0137010941561	-0.0340667175327	-0.0602540551039	-0.0678735685411	0.241293105324	-0.104821550619	0.0469392553212	0.0147179323623	-0.0132494826246	-0.00688413600365	-0.0539870032045	-0.0482076924719	0.109427156557	0.0493307957024	-0.0603782939558	-0.00721648450132	-0.0382589769127	-0.022314908802	0.0352988183607	-0.0196223910985	-0.0107964634594	0.0210383600865	0.0375623513646	-0.0947889119226	-0.0155379161548	-0.0309011574657	0.0168726958258	0.0455839254622	0.116859623301	0.0878718760908	-0.0563339309673	-0.0509451489931	0.0381441039865	0.105227146073	-0.025248268516	-0.0834112258068	-0.0759982688442	0.0401590060372	-0.0749850849204
k__Bacteria;p__Bacteroidetes;c__Bacteroidia;o__Bacteroidales;f__Odoribacteraceae;g__Odoribacter;s__Odoribacter_splanchnicus	-0.0138528077746	-0.0430000314022	0.112808865398	0.0390931510677	-0.0906787287054	-0.00430727474345	0.060040865723	-0.103186610124	-0.0382996533732	-0.0255744919127	-0.0311202593788	-0.0857036691593	-0.134186664576	-0.0730982375369	0.0995689263005	-0.0734344235229	-0.0765325625368	-0.0496334629428	0.0128291747998	1.0	-0.0989346944854	-0.0569686825094	-0.0826829247707	0.0795693026972	-0.117523648148	0.0350276090807	-0.14735932305	0.0258210922151	-0.0179569135812	-0.0104275191492	0.080505073771	-0.0454486904544	0.101204582977	0.0689653980509	0.0502996675685	0.0941661621004	0.0749610790638	-0.0242080190475	0.0010321371978	0.0748217392918	-0.0233226839164	-0.0490218829296	0.128927217213	-0.0630286634412	-0.0944461488473	-0.0751216306709	0.0620767823964	0.00437136489704	-0.0631511189018	-0.0191043313136	0.108201002636	0.0171279105	0.0859973358552	-0.0602782946732	0.0031968725556	0.0289114333595	0.0195563934338	-0.0720147656192	-0.0914624490649
k__Bacteria;p__Bacteroidetes;c__Bacteroidia;o__Bacteroidales;f__Bacteroidaceae;g__Bacteroides;s__Bacteroides_salyersiae	0.0169508348789	-0.0306426653208	-0.0282171760878	-0.163463699649	-0.0162279840894	0.0522198899117	0.0230614390532	0.0271165111954	-0.0497582258703	0.0724598848532	-0.054103866985	0.0296679701532	0.0674401974469	-0.00538759689722	-0.000161637247463	-0.14356656902	-0.00657701685796	-0.0716808682624	0.0137010941561	-0.0989346944854	1.0	0.039554504735	0.0481001084103	-0.0046458436039	-0.0226271852552	-0.0483194983089	0.113021720778	-0.00380161099136	-0.0044661742024	0.0144182948517	-0.133152887952	0.0531275065161	-0.0066862334097	0.0146708417345	-0.0805372263378	-0.0175372899698	-0.079264359035	-0.00105148048819	-0.09945806526	-0.013560644533	-0.0293419487968	0.048010270863	-0.0714255827059	-0.0975137072331	0.114722485745	-0.0865276125155	0.0440759686614	0.0511623356169	0.100351740599	0.0688732768034	0.0321811943396	-0.0497543522627	-0.000799534479914	0.0637195159891	-0.0269269340357	0.0694030394614	0.091998728007	0.034074074466	0.101578009247
k__Bacteria;p__Firmicutes;c__Clostridia;o__Clostridiales;f__Ruminococcaceae;g__Ruminiclostridium;s__[Eubacterium]_siraeum	0.0591476895612	-0.0595305137484	-0.0305210636445	0.0181643629753	0.153483085278	0.0240368766747	0.0807803743665	0.0160117902675	0.00897138177401	-0.00277119110123	-0.0675334620182	-0.0217138267391	0.120087349401	-0.0837067681812	-0.0639034307557	-0.0122070953024	-0.0298785814	-0.0976533022355	-0.0340667175327	-0.0569686825094	0.039554504735	1.0	0.0725478432248	0.00902697911335	0.133366467395	0.0261173894952	-0.0325430320533	-1.80066111492e-05	-0.138219743939	-0.0151720205152	0.220306927446	0.0684054209003	-0.050972558043	-0.0422242700247	-0.000678466401701	-0.124575729279	-0.0667316463846	-0.026884301449	-0.0996866784802	0.074848296229	0.0989393047521	-0.0873959112582	0.105251146374	-0.0278926401997	0.022703353789	-0.0442220977271	0.0194255711614	0.0882244622932	-0.265660271144	0.0337904262873	0.198847118081	-0.0877388191965	-0.0812272069425	0.0171113881744	0.0212380436678	0.00193639886361	-0.0944841308129	-0.0404904963131	-0.0828206221091
k__Bacteria;p__Proteobacteria;c__Betaproteobacteria;o__Burkholderiales;f__Sutterellaceae;g__Parasutterella;s__Parasutterella_excrementihominis	-0.0664668691757	-0.0415205228034	0.00261510792578	-0.0339372165225	0.000829267836839	0.038213517454	-0.0200220961244	-0.0418479166887	-0.0641553280593	-0.120730297351	0.0959851465641	-0.0254732195021	-0.0196277715932	0.12348452423	-0.0578537078977	-0.000755195681404	0.0103558781846	0.0736865766329	-0.0602540551039	-0.0826829247707	0.0481001084103	0.0725478432248	1.0	0.082149589234	0.090323731231	0.144242656922	-0.0163367142319	-0.0367674739128	-0.00944879327425	-0.0176638029961	-0.105199560104	0.0765548667071	-0.00492812874987	-0.0143101198334	0.0731419227206	-0.0365583557486	-0.0347563792306	0.0392487320846	0.0195278828502	-0.077670156208	-0.0639373754589	0.0846202970412	-0.0615528838218	0.00980901725605	0.0125934077976	0.0373266890768	0.0686985679527	0.0613868236592	-0.0490871664539	-0.0525588547436	-0.0461411960946	-0.025447089548	0.0262916035886	0.0308172359195	-0.0529019986098	-0.0143088997565	-0.032651623753	0.00463972863829	-0.00774292891093
k__Bacteria;p__Actinobacteria;c__Actinobacteria;o__Bifidobacteriales;f__Bifidobacteriaceae;g__Bifidobacterium;s__Bifidobacterium_adolescentis	-0.0910877345701	-0.0237944967068	-0.0629967370052	0.0761074179485	0.0911610944988	0.0584885855157	-0.0200572338286	-0.0789989411341	0.00941989736606	-0.0635230711553	0.0315456504445	0.0611265055508	-0.0693201213868	-0.0888671550026	0.0337495895009	-0.0148328076656	0.0377522305803	-0.100594978838	-0.0678735685411	0.0795693026972	-0.0046458436039	0.00902697911335	0.082149589234	1.0	0.0391893232918	0.0119975529621	-0.00898591092444	-0.00235031228433	-0.120287883503	0.0485515975803	-0.118442195227	0.0364376669166	0.0117823176669	0.0634145454762	-0.044581195585	0.0570668220025	0.0275299074601	0.121073443413	0.0178682234851	0.0281409331676	0.0984102741948	0.0648014936652	0.11385440749	-0.0683075928728	-0.00962308491443	0.0410381565991	-0.0840547504149	0.105175192434	-0.0846765019845	0.104417467707	-0.142396717758	-0.118096836323	0.000575355431627	0.110967794101	-0.0967824074377	-0.0213826746126	-0.0244108615987	-0.0737898017541	-0.101255747427
k__Bacteria;p__Firmicutes;c__Clostridia;o__Clostridiales;f__Oscillospiraceae;g__Oscillibacter;s__Oscillibacter_sp._KLE_1745	0.114705992689	-0.156143776384	0.0490624553178	0.00493877349238	-0.0915964797346	-0.0514629846745	-0.0300303744043	-0.0576517125592	-0.0507330848537	0.00104273129093	-0.0936983221579	-0.0235226784916	0.0334722424225	-0.0573022413505	-0.00988740073046	0.116020641902	0.119938022772	-0.0250777854929	0.241293105324	-0.117523648148	-0.0226271852552	0.133366467395	0.090323731231	0.0391893232918	1.0	0.0496024762127	0.0271924473947	0.0436024663307	-0.17586874716	-0.11134906232	-0.0904743351975	0.0346449691392	-0.115675584817	-0.0970817397507	-0.0135536004773	0.0314258838745	-0.121930205592	-0.143821474743	-0.0558783149248	-0.0364215078661	0.00920524985824	-0.0418209778529	-0.0446940720896	0.00565280242467	0.0317645179986	-0.0198466585218	-0.0913892427621	0.0149707235883	-0.0270570377847	0.138769784177	-0.0952707544658	-0.0339508116859	0.0532868113787	0.00515270914178	-0.0871011493353	-0.0384911010452	0.0135178100783	-0.105967423462	0.00764601401223
k__Bacteria;p__Bacteroidetes;c__Bacteroidia;o__Bacteroidales;f__Bacteroidaceae;g__Bacteroides;s__Bacteroides_coprophilus	0.017905320363	-0.136873417172	-0.0771444976317	0.045840062819	-0.0928064100806	0.197179609205	0.0169539116479	-0.0658449374388	-0.0123656851612	0.108401814866	0.00464965199839	-0.00814175657495	0.0335632934802	0.0309755890948	0.131850439127	-0.053191947218	0.0399277890513	0.0409531245362	-0.104821550619	0.0350276090807	-0.0483194983089	0.0261173894952	0.144242656922	0.0119975529621	0.0496024762127	1.0	-0.148098190839	0.0408337224912	-0.0487367133961	0.0922698309232	0.0493779804608	0.00682866393774	0.00847365887868	0.0437247468501	0.112307403288	0.088796802542	-0.0295325248817	-0.0036372371394	0.000957507431848	-0.0261083192061	-0.0237564853444	-0.0484073721874	-0.0397217083436	0.16084854649	-0.0739503103947	-0.235859177042	-0.00507549411366	-0.0744039887653	0.00337149000442	-0.0603085843114	0.0743183306638	-0.0524037546498	-0.112637080533	0.0642490442585	-0.0420605256315	-0.0748262341765	0.00217988155334	0.0797445609282	0.130606041878
k__Bacteria;p__Firmicutes;c__Clostridia;o__Clostridiales;f__Lachnospiraceae;g__Roseburia;s__Roseburia_intestinalis	-0.0240507403591	0.0644907730369	-0.0397537433652	-0.000821054469689	-0.0798315143927	0.138160499777	-0.0532892600295	0.116578363315	0.0202365909455	0.0161518604199	-0.0822906218524	0.125779429927	0.0445142582928	-0.069453595992	-0.0430730029667	0.10767478285	-0.0534960748539	-0.0428124504847	0.0469392553212	-0.14735932305	0.113021720778	-0.0325430320533	-0.0163367142319	-0.00898591092444	0.0271924473947	-0.148098190839	1.0	0.0231130709614	0.151614495749	0.125596333305	-0.13884599537	-0.0430880266084	-0.0675502254664	-0.0139056440011	-0.0808395496281	-0.0682852427564	-0.165148040328	0.0714721775515	-0.0484746832227	0.027885730179	-0.0230560421841	0.030999145344	-0.0190272779886	-0.0619019629818	0.106678447951	0.0060601072407	0.0936889222075	-0.00922103793405	-0.048472404795	-0.0242740147787	0.00611748798251	0.0194996254827	0.133272406079	-0.0933238149464	0.0041603415899	0.045733488694	-0.0681081413085	-0.120404307999	-0.0136177315145
k__Bacteria;p__Firmicutes;c__Clostridia;o__Clostridiales;f__Lachnospiraceae;g__Roseburia;s__Roseburia_hominis	-0.0778956273105	0.0419600487575	-0.0810011338342	-0.024972213102	0.00783879860357	0.0494632134906	0.0605724342815	0.0547397575606	0.00946841864846	-0.0826635784327	-0.0386156709703	-0.0750062167551	-0.0817262548222	-0.058101460468	-0.0324303118676	-0.0164289286811	0.0548694341063	0.0305835965364	0.0147179323623	0.0258210922151	-0.00380161099136	-1.80066111493e-05	-0.0367674739128	-0.00235031228433	0.0436024663307	0.0408337224912	0.0231130709614	1.0	0.014017302781	-0.0996033928579	0.00794643583014	-0.0151929681066	-0.160406515864	-0.0304318811397	0.0756064718521	-0.0184026945267	0.0255305787885	-0.152390191106	0.00903561776551	0.153166180616	0.00230522914455	0.079323342875	-0.0568230087518	-0.0673605118359	0.0506400918644	-0.0493514396023	0.00104320267534	0.0190618605449	0.09822131902	-0.018065497259	0.127963256487	0.12877844273	0.00450961420303	-0.124810700797	0.0352583119517	-0.0359172452888	-0.00454989957905	0.0913653503169	0.0513202470121
k__Bacteria;p__Bacteroidetes;c__Bacteroidia;o__Bacteroidales;f__Porphyromonadaceae;g__Parabacteroides;s__Parabacteroides_johnsonii	-0.111997984796	0.0317517240035	-0.0244082361918	0.0160056203462	-0.0150641623761	0.0859691906967	-0.050546957312	-0.00885772878954	-0.044056347054	-0.0836182516666	0.0412698001187	0.0592084136882	0.107120821198	-0.0208900954095	-0.00166241678133	-0.0544961178694	0.100301796896	0.0524627058159	-0.0132494826246	-0.0179569135812	-0.0044661742024	-0.138219743939	-0.00944879327425	-0.120287883503	-0.17586874716	-0.0487367133961	0.151614495749	0.014017302781	1.0	0.0735980972544	-0.0437098799021	0.00663454683923	-0.0660194998029	0.0451034562802	0.127425157837	-0.129237489314	-0.0869191351393	0.046724088952	-0.0254265039596	0.100257939727	-0.0984006487721	-0.0603043028379	0.0385695491381	0.00976071895155	-0.0402701403497	-0.0604127076805	0.0836441711653	0.00158498253764	0.024053262019	0.0791039236265	0.037548340556	0.00245073374751	0.163207625554	0.00194633094078	-0.0492152409891	-0.0607050512741	0.0695028489281	0.0514689735627	0.0306459170816
k__Bacteria;p__Actinobacteria;c__Actinobacteria;o__Bifidobacteriales;f__Bifidobacteriaceae;g__Bifidobacterium;s__Bifidobacterium_longum	0.0175165366463	0.0115816691036	0.0420062200479	-0.123169535317	0.13403227736	0.0991805059953	-0.0572118145817	0.0288448909495	0.00586950978587	0.0888919013948	-0.0669811552488	0.0927354272966	0.0125839984011	-0.0160311110154	-0.00668928112827	0.0183210627597	0.00292981643119	-0.0748159371721	-0.00688413600365	-0.0104275191492	0.0144182948517	-0.0151720205152	-0.0176638029961	0.0485515975803	-0.11134906232	0.0922698309232	0.125596333305	-0.0996033928579	0.0735980972544	1.0	0.00824116344951	-0.0462351642379	-0.0909267666463	-0.0117962704723	0.00526523258428	-0.129048822303	-0.0345089437316	0.0257261691863	-0.023474658037	-0.049056950437	0.0463263913912	-0.01672331396	0.00761464644772	0.0737728301957	0.0480698129985	0.0962945906022	0.0347424329562	-0.039553485652	-0.176752840604	0.042462083304	0.123002944603	0.0216451969975	-0.0577687762682	0.0283185949544	-0.0225772449982	0.00475235238121	-0.000758725887009	-0.113140176496	-0.0226326558004
