#taxonomy	k__Bacteria;p__Bacteroidetes;c__Bacteroidia;o__Bacteroidales;f__Bacteroidaceae;g__Bacteroides;s__Bacteroides_vulgatus	k__Bacteria;p__Bacteroidetes;c__Bacteroidia;o__Bacteroidales;f__Bacteroidaceae;g__Bacteroides;s__Bacteroides_uniformis	k__Bacteria;p__Bacteroidetes;c__Bacteroidia;o__Bacteroidales;f__Rikenellaceae;g__Alistipes;s__Alistipes_putredinis	k__Bacteria;p__Bacteroidetes;c__Bacteroidia;o__Bacteroidales;f__Prevotellaceae;g__Prevotella;s__Prevotella_copri	k__Bacteria;p__Bacteroidetes;c__Bacteroidia;o__Bacteroidales;f__Bacteroidaceae;g__Bacteroides;s__Bacteroides_stercoris	k__Bacteria;p__Bacteroidetes;c__Bacteroidia;o__Bacteroidales;f__Bacteroidaceae;g__Bacteroides;s__Bacteroides_ovatus	k__Bacteria;p__Bacteroidetes;c__Bacteroidia;o__Bacteroidales;f__Rikenellaceae;g__Alistipes;s__Alistipes_shahii	k__Bacteria;p__Firmicutes;c__Clostridia;o__Clostridiales;f__Ruminococcaceae;g__Faecalibacterium;s__Faecalibacterium_prausnitzii	k__Bacteria;p__Bacteroidetes;c__Bacteroidia;o__Bacteroidales;f__Rikenellaceae;g__Alistipes;s__Alistipes_finegoldii	k__Bacteria;p__Bacteroidetes;c__Bacteroidia;o__Bacteroidales;f__Porphyromonadaceae;g__Parabacteroides;s__Parabacteroides_distasonis	k__Bacteria;p__Bacteroidetes;c__Bacteroidia;o__Bacteroidales;f__Bacteroidaceae;g__Bacteroides;s__Bacteroides_thetaiotaomicron	k__Bacteria;p__Bacteroidetes;c__Bacteroidia;o__Bacteroidales;f__Bacteroidaceae;g__Bacteroides;s__Bacteroides_coprocola	k__Bacteria;p__Bacteroidetes;c__Bacteroidia;o__Bacteroidales;f__Bacteroidaceae;g__Bacteroides;s__Bacteroides_cellulosilyticus	k__Bacteria;p__Bacteroidetes;c__Bacteroidia;o__Bacteroidales;f__Rikenellaceae;g__Alistipes;s__Alistipes_obesi	k__Bacteria;p__Firmicutes;c__Clostridia;o__Clostridiales;f__Lachnospiraceae;g__;s__[Eubacterium]_rectale	k__Bacteria;p__Bacteroidetes;c__Bacteroidia;o__Bacteroidales;f__Bacteroidaceae;g__Bacteroides;s__Bacteroides_plebeius	k__Bacteria;p__Bacteroidetes;c__Bacteroidia;o__Bacteroidales;f__Bacteroidaceae;g__Bacteroides;s__Bacteroides_fragilis	k__Bacteria;p__Proteobacteria;c__Betaproteobacteria;o__Burkholderiales;f__Sutterellaceae;g__Sutterella;s__Sutterella_wadsworthensis	k__Bacteria;p__Bacteroidetes;c__Bacteroidia;o__Bacteroidales;f__Porphyromonadaceae;g__Barnesiella;s__Barnesiella_intestinihominis	k__Bacteria;p__Bacteroidetes;c__Bacteroidia;o__Bacteroidales;f__Odoribacteraceae;g__Odoribacter;s__Odoribacter_splanchnicus	k__Bacteria;p__Bacteroidetes;c__Bacteroidia;o__Bacteroidales;f__Bacteroidaceae;g__Bacteroides;s__Bacteroides_salyersiae	k__Bacteria;p__Firmicutes;c__Clostridia;o__Clostridiales;f__Ruminococcaceae;g__Ruminiclostridium;s__[Eubacterium]_siraeum	k__Bacteria;p__Proteobacteria;c__Betaproteobacteria;o__Burkholderiales;f__Sutterellaceae;g__Parasutterella;s__Parasutterella_excrementihominis	k__Bacteria;p__Actinobacteria;c__Actinobacteria;o__Bifidobacteriales;f__Bifidobacteriaceae;g__Bifidobacterium;s__Bifidobacterium_adolescentis	k__Bacteria;p__Firmicutes;c__Clostridia;o__Clostridiales;f__Oscillospiraceae;g__Oscillibacter;s__Oscillibacter_sp._KLE_1745	k__Bacteria;p__Bacteroidetes;c__Bacteroidia;o__Bacteroidales;f__Bacteroidaceae;g__Bacteroides;s__Bacteroides_coprophilus	k__Bacteria;p__Firmicutes;c__Clostridia;o__Clostridiales;f__Lachnospiraceae;g__Roseburia;s__Roseburia_intestinalis	k__Bacteria;p__Firmicutes;c__Clostridia;o__Clostridiales;f__Lachnospiraceae;g__Roseburia;s__Roseburia_hominis	k__Bacteria;p__Bacteroidetes;c__Bacteroidia;o__Bacteroidales;f__Porphyromonadaceae;g__Parabacteroides;s__Parabacteroides_johnsonii	k__Bacteria;p__Actinobacteria;c__Actinobacteria;o__Bifidobacteriales;f__Bifidobacteriaceae;g__Bifidobacterium;s__Bifidobacterium_longum	k__Bacteria;p__Firmicutes;c__Clostridia;o__Clostridiales;f__;g__Flavonifractor;s__Flavonifractor_plautii	k__Bacteria;p__Firmicutes;c__Clostridia;o__Clostridiales;f__Clostridiaceae;g__Clostridium;s__Clostridium_phoceensis	k__Bacteria;p__Verrucomicrobia;c__Verrucomicrobiae;o__Verrucomicrobiales;f__Akkermansiaceae;g__Akkermansia;s__Akkermansia_muciniphila	k__Bacteria;p__Bacteroidetes;c__Bacteroidia;o__Bacteroidales;f__Prevotellaceae;g__Paraprevotella;s__Paraprevotella_xylaniphila	k__Bacteria;p__Firmicutes;c__Clostridia;o__Clostridiales;f__Ruminococcaceae;g__Ruminococcus;s__Ruminococcus_callidus	k__Bacteria;p__Bacteroidetes;c__Bacteroidia;o__Bacteroidales;f__Rikenellaceae;g__Alistipes;s__Alistipes_senegalensis	k__Bacteria;p__Firmicutes;c__Clostridia;o__Clostridiales;f__Lachnospiraceae;g__Blautia;s__Blautia_sp._KLE_1732	k__Bacteria;p__Bacteroidetes;c__Bacteroidia;o__Bacteroidales;f__Bacteroidaceae;g__Bacteroides;s__Bacteroides_oleiciplenus	k__Bacteria;p__Firmicutes;c__Clostridia;o__Clostridiales;f__Ruminococcaceae;g__Ruminococcus;s__Ruminococcus_bicirculans	k__Bacteria;p__Bacteroidetes;c__Bacteroidia;o__Bacteroidales;f__Bacteroidaceae;g__Bacteroides;s__Bacteroides_fluxus	k__Bacteria;p__Bacteroidetes;c__Bacteroidia;o__Bacteroidales;f__Prevotellaceae;g__Prevotella;s__Prevotella_stercorea	k__Bacteria;p__Firmicutes;c__Clostridia;o__Clostridiales;f__Lachnospiraceae;g__Dorea;s__Dorea_longicatena	k__Bacteria;p__Firmicutes;c__Clostridia;o__Clostridiales;f__Eubacteriaceae;g__Eubacterium;s__[Eubacterium]_eligens	k__Bacteria;p__Firmicutes;c__Clostridia;o__Clostridiales;f__Ruminococcaceae;g__;s__Ruminococcaceae_bacterium_D16	k__Bacteria;p__Firmicutes;c__Clostridia;o__Clostridiales;f__Lachnospiraceae;g__Coprococcus;s__Coprococcus_comes	k__Bacteria;p__Proteobacteria;c__Gammaproteobacteria;o__Enterobacterales;f__Enterobacteriaceae;g__Escherichia;s__Escherichia_coli	k__Bacteria;p__Firmicutes;c__Clostridia;o__Clostridiales;f__Ruminococcaceae;g__Anaerotruncus;s__Anaerotruncus_colihominis	k__Bacteria;p__Firmicutes;c__Clostridia;o__Clostridiales;f__Lachnospiraceae;g__Blautia;s__Blautia_obeum	k__Bacteria;p__Bacteroidetes;c__Bacteroidia;o__Bacteroidales;f__Odoribacteraceae;g__Odoribacter;s__Odoribacter_laneus	k__Bacteria;p__Firmicutes;c__Clostridia;o__Clostridiales;f__Ruminococcaceae;g__Ruminiclostridium;s__[Clostridium]_leptum	k__Bacteria;p__Bacteroidetes;c__Bacteroidia;o__Bacteroidales;f__Porphyromonadaceae;g__Parabacteroides;s__Parabacteroides_goldsteinii	k__Bacteria;p__Firmicutes;c__Clostridia;o__Clostridiales;f__Lachnospiraceae;g__Anaerostipes;s__Anaerostipes_hadrus	k__Bacteria;p__Firmicutes;c__Clostridia;o__Clostridiales;f__Ruminococcaceae;g__Ruminococcus;s__Ruminococcus_lactaris	k__Bacteria;p__Firmicutes;c__Clostridia;o__Clostridiales;f__Clostridiaceae;g__Clostridium;s__Clostridium_sp._L2-50	k__Bacteria;p__Firmicutes;c__Clostridia;o__Clostridiales;f__Clostridiaceae;g__Clostridium;s__Clostridium_sp._M62/1	k__Bacteria;p__Firmicutes;c__Clostridia;o__Clostridiales;f__;g__Intestinimonas;s__Intestinimonas_butyriciproducens	k__Bacteria;p__Actinobacteria;c__Actinobacteria;o__Bifidobacteriales;f__Bifidobacteriaceae;g__Bifidobacterium;s__Bifidobacterium_bifidum	k__Bacteria;p__Firmicutes;c__Negativicutes;o__Veillonellales;f__Veillonellaceae;g__Dialister;s__Dialister_invisus	k__Bacteria;p__Bacteroidetes;c__Bacteroidia;o__Bacteroidales;f__Bacteroidaceae;g__Bacteroides;s__Bacteroides_salanitronis
k__Bacteria;p__Bacteroidetes;c__Bacteroidia;o__Bacteroidales;f__Bacteroidaceae;g__Bacteroides;s__Bacteroides_vulgatus	1.0	-0.0428429693485	-0.00630887034685	-0.162215526635	0.17241338994	-0.0917724144743	-0.0148459486253	0.00215930415325	-0.0775847620101	0.0491315526552	0.00798277262367	0.105411836537	0.0389978745811	-0.0337336940537	-0.0297563612997	-0.0321201331825	0.0646981503525	-0.0661359169861	-0.0456545409175	-0.0342112175522	0.00942427327201	0.0317202166449	-0.114965859279	0.145283708599	0.0461902110095	2.16391215548e-05	0.0085850319938	-0.146701788347	-0.141491475286	0.0718452275476	0.152494181239	-0.0188442142969	0.0475271777562	0.160388533228	-0.132060551834	0.165626907193	-0.00343906666839	-0.000106062840834	-0.0398941038664	-0.202835233081	-0.204533698532	0.106635992606	-0.0276527932509	0.0597255294273	0.0549593806864	-0.0993436482029	0.0173401612006	0.0250160483351	-0.0984953189296	-0.0262313413433	0.0262461099132	-0.0409498480811	-0.0934489322225	-0.0299648302369	-0.0877209638838	0.0397001724069	0.0254830676691	0.0449412625731	-0.0494879435917
k__Bacteria;p__Bacteroidetes;c__Bacteroidia;o__Bacteroidales;f__Bacteroidaceae;g__Bacteroides;s__Bacteroides_uniformis	-0.0428429693485	1.0	-0.0373089794392	0.0806035111815	-0.0230240599125	0.0875245346427	-0.244422578903	0.032995954016	-0.106832428825	0.00441459684632	0.0981627862528	-0.0477276236737	0.00114814782453	-0.0202813370529	0.00523010077811	-0.0932253305952	-0.0308084845938	-0.0208856447656	-0.147732748861	-0.0410955440643	-0.0988286330861	0.0756477423259	-0.12028376081	0.0350251699071	0.115819008858	0.100859789413	-0.0264128006361	0.0869140201679	0.107302553581	-0.151662720708	-0.119133685747	-0.0268468516903	-0.00864756726042	0.173952450745	-0.0428184610078	0.205103047535	-0.0532187504588	0.0404469244127	-0.0877200046898	0.0574979214005	0.0946457939846	0.0654087345851	-0.124483884125	-0.0789402280225	-0.0639518355948	0.0462696611327	-0.077810459866	-0.026398387624	0.10442854524	0.0796847423492	-0.153740023054	0.121309048852	0.143917028659	-0.0309480758762	0.106651910905	0.149544544209	-0.00761593047266	-0.161560421574	-0.0462007382124
k__Bacteria;p__Bacteroidetes;c__Bacteroidia;o__Bacteroidales;f__Rikenellaceae;g__Alistipes;s__Alistipes_putredinis	-0.00630887034685	-0.0373089794392	1.0	0.0330410202414	0.0191153289009	0.134058886035	-0.0379994561839	-0.0832817549484	0.0983208178827	0.0304235819679	-0.070885240439	-0.0513164965261	-0.00913607456137	0.0120237896873	0.00519647822063	0.0447122401064	0.059636505002	-0.0351108410948	-0.00131206400557	-0.104549947913	-0.0225150760171	0.0191413028391	-0.0164345597716	-0.0472291406584	0.00677721481624	0.0398810588063	-0.0813647688619	0.0133220973391	0.0565701905376	-0.0519435816406	0.040150137128	-0.0137764869607	-0.0829854466301	0.00579446251161	-0.0526959998708	-0.0542833616299	0.031750492306	-0.132292444729	-0.0100371314823	0.000287060419108	0.0138978437303	-0.0388140428734	-0.0894848220906	-0.0961632028177	0.104139316206	-0.0126614871749	-0.120127920812	-0.0240995051052	0.0776922970495	0.0243305453203	0.0762483050126	-0.0392980173196	0.007500159589	0.0216129499924	0.0447102793162	0.0989517700011	0.0303324511901	-0.147176281344	0.014991335176
k__Bacteria;p__Bacteroidetes;c__Bacteroidia;o__Bacteroidales;f__Prevotellaceae;g__Prevotella;s__Prevotella_copri	-0.162215526635	0.0806035111815	0.0330410202414	1.0	-0.0195402874782	0.0255362701933	0.0860749883389	-0.0585751161791	0.0787797105761	-0.0668410699008	-0.0886145147554	-0.0559515487218	-0.191751975529	-0.0307671252743	0.126828144231	0.018765010425	-0.101310227369	-0.011350271063	-0.0263434332352	-0.0390037860515	-0.0651742746881	-0.0456244056406	-0.0406197209795	-0.083556507689	-0.0390229141891	-0.0580640415735	-0.0395764002331	-0.0607262964519	0.0969716704839	0.068481847862	-0.101673977291	-0.163580926206	0.103304644938	0.0517880022689	0.0326626971082	0.115881041883	-0.0240448139514	-0.0273017396141	0.0905382038385	-0.0133473846231	0.0300264985536	0.0982396857223	-0.0204123488522	0.105953763284	-0.0125129836839	-0.0731099899765	0.00635883303055	0.20842342	0.0281541096982	0.077769397644	0.165635844343	0.0223728905542	0.0468045620754	0.0591733691979	0.168826554671	0.0763006904097	-0.0135399933988	-0.148203324615	-0.0846256912224
k__Bacteria;p__Bacteroidetes;c__Bacteroidia;o__Bacteroidales;f__Bacteroidaceae;g__Bacteroides;s__Bacteroides_stercoris	0.17241338994	-0.0230240599125	0.0191153289009	-0.0195402874782	1.0	-0.0123291940568	0.061292537363	-0.0814944455458	-0.0474661889262	-0.0887961720833	0.0294141558964	-0.00299334474103	0.0861938516733	0.0417715044287	0.0269455508835	0.0283002048125	-0.039282504567	-0.0398882530053	-0.0334411449778	-0.13012338994	-0.0333100859634	-0.0409620486352	-0.0563560429643	0.102255889704	-0.0329598439906	0.0194871680067	0.169314573912	-0.0328833363912	-0.0625727510341	-0.0096384494434	-0.057771085719	-0.113598908433	0.0582572299988	-0.00334907887891	-0.0599042750343	0.012646282586	-0.0679768306286	0.023720304127	-0.164909413238	-0.0102350521713	0.0736481328666	0.0960865424741	0.0674675814098	-0.0434878485456	0.0466083182677	-0.100067108344	-0.0906229254897	0.105771508834	-0.0439381563166	0.00229790812919	-0.0460202640253	-0.101849787328	-0.00325677183834	-0.0902069958341	-0.0701299706215	-0.112729272071	0.0876918234592	-0.0191866657835	-0.0198388234594
k__Bacteria;p__Bacteroidetes;c__Bacteroidia;o__Bacteroidales;f__Bacteroidaceae;g__Bacteroides;s__Bacteroides_ovatus	-0.0917724144743	0.0875245346427	0.134058886035	0.0255362701933	-0.0123291940568	1.0	-0.0108192863238	0.166669120493	0.0204348596136	0.0791297274696	0.0404912147767	0.0435811562348	-0.0434622975147	0.0913855469936	-0.0776864688177	0.0599043473706	0.00861795008618	0.0425885069971	0.0105044136097	0.0326865528169	-0.0884385453435	0.00842630661328	0.021497840545	0.0899967909453	0.0234298071855	-0.071178811895	-0.00302051060803	0.188687744114	-0.129124913834	-0.0710710989489	-0.162024258761	0.240195436861	0.0181350481248	0.0799021997311	0.0187687938729	-0.049212136301	0.0193491753398	-0.0491127835768	-0.0518815882852	0.0729839500561	-0.0954339483421	-0.142458687854	0.0138922774887	-0.0516477863253	-0.0348126461774	0.0724053341512	-0.0420517797523	-0.063632533564	-0.140484466735	-0.0848344612588	-0.140527022266	-0.12878907898	-0.0948103837954	-0.00805536722154	-0.0864865518328	-0.131031449522	0.100025461748	-0.0836572263279	0.193155032433
k__Bacteria;p__Bacteroidetes;c__Bacteroidia;o__Bacteroidales;f__Rikenellaceae;g__Alistipes;s__Alistipes_shahii	-0.0148459486253	-0.244422578903	-0.0379994561839	0.0860749883389	0.061292537363	-0.0108192863238	1.0	0.0143903754126	-0.044349280549	-0.0622560525922	-0.0769894013699	0.132134048514	0.0483679868078	-0.180519674386	0.0326112738373	-0.0691400675622	-0.11029317236	0.0883204855674	-0.00330564472538	0.107038447606	-0.0518935123822	0.0522062847921	0.00298838016233	0.0609107263403	-0.139403216639	0.131325296869	0.0754424064601	0.0897821489323	-0.106440444478	-0.010843465766	0.0569145100549	-0.162204636129	-0.12045840462	-0.0158353042738	0.146122404232	-0.0424909698375	0.0175939817807	-0.00798976714152	-0.0622335187244	-0.0264173916644	-0.0345693933662	0.123174733812	0.0979312928544	0.0948448507897	0.0994409741118	-0.00160668289664	-0.055119272592	0.0316767055586	-0.0119211286246	-0.0663905046026	0.0196572354256	0.0106139472511	0.0180787473165	0.151346946306	0.0647543718838	-0.0402790987091	-0.0739648273679	-0.17860574304	-0.127698301405
k__Bacteria;p__Firmicutes;c__Clostridia;o__Clostridiales;f__Ruminococcaceae;g__Faecalibacterium;s__Faecalibacterium_prausnitzii	0.00215930415325	0.032995954016	-0.0832817549484	-0.0585751161791	-0.0814944455458	0.166669120493	0.0143903754126	1.0	-0.0357535050024	0.228816332712	-0.0123276977482	-0.096629905809	-0.0932470949101	-0.0430991058633	-0.120501722136	-0.0986275995438	-0.0379846516966	-0.172732432715	-0.0699484902564	-0.0228956929886	-0.0228257838686	-0.0388679472418	0.0732729097354	0.0147845107879	-0.00267729565283	-0.0106445223934	0.0654437078198	-0.0132420831932	-0.0779384152862	-0.0742934978011	0.0450519721179	0.117431810311	0.0649053402739	-0.0887206299932	0.040255086479	-0.0829852684022	0.161484637721	0.0192670180535	0.00584032508966	-0.104414758642	0.0402085421849	-0.10917774881	-0.0276832347355	0.104035538457	0.0875120482372	-0.133094325503	0.186940079246	-0.153457129453	-0.0376721631858	-0.0501554923215	-0.047141603187	-0.0820530536725	-0.0863634979529	0.040077627013	4.17877850727e-05	-0.00282262493311	0.114518127641	0.0270416595191	-0.0936117549109
k__Bacteria;p__Bacteroidetes;c__Bacteroidia;o__Bacteroidales;f__Rikenellaceae;g__Alistipes;s__Alistipes_finegoldii	-0.0775847620101	-0.106832428825	0.0983208178827	0.0787797105761	-0.0474661889262	0.0204348596136	-0.044349280549	-0.0357535050024	1.0	-0.00306931019287	-0.0601679045861	-0.0541002371495	-0.117641591359	-0.158559410955	0.132130854378	0.0319238230772	-0.104870048225	-0.00205051434125	0.103704057673	-0.011332923534	-0.0217451793192	0.0392164071021	-0.0421988892863	-0.00197873509278	-0.122297370598	-0.027830993085	0.0403196723173	0.157679956222	-0.0653611677348	0.0654119670023	0.104506380392	0.0645038573339	-0.0455910242739	0.0578609607382	0.0753060558605	-0.0242669546641	-0.104410927348	-0.00448569371668	0.0136550015072	-0.028247191177	0.0888859179524	-0.077307552679	-0.0706495277627	-0.0286120572011	-0.00746223113919	0.0642780377113	-0.0661713709601	0.240518386891	0.00327664504233	-0.120310692018	-0.0542157273598	0.00649671864151	0.0523843407957	0.00751517149734	-0.103018888519	0.0116228550859	-0.0884434921979	-0.0114944656906	0.0374111616179
k__Bacteria;p__Bacteroidetes;c__Bacteroidia;o__Bacteroidales;f__Porphyromonadaceae;g__Parabacteroides;s__Parabacteroides_distasonis	0.0491315526552	0.00441459684632	0.0304235819679	-0.0668410699008	-0.0887961720833	0.0791297274696	-0.0622560525922	0.228816332712	-0.00306931019287	1.0	0.0938403196957	-0.0453913307534	-0.0900115338225	-0.0266213819028	-0.0832632826079	0.131337155163	-0.019360861005	0.0147792362745	0.00557778236891	0.144884194549	-0.0887337201196	0.112129318432	-0.0595717472851	-0.0128047724377	0.00655369335102	0.0267699909848	-0.0400380617899	0.00766017276481	0.0730349950271	0.0189213433447	-0.0615538279619	-0.0353547682909	-0.0166938807125	0.0523710599313	-0.0643935486105	0.116752923195	-0.0643767578898	0.0236211708574	-0.0151442597133	-0.012421825487	-0.0358505927199	0.00346124506769	-0.154797948118	-0.0568860415013	-0.14547033138	0.0884460584687	0.0178036494781	0.0426563246884	-0.122741074778	-0.0219189182113	-0.026044039643	-0.0372855257457	-0.0819647448331	-0.103992507946	0.117927639125	-0.0989787876116	0.286312434229	0.09941854075	0.044755333517
k__Bacteria;p__Bacteroidetes;c__Bacteroidia;o__Bacteroidales;f__Bacteroidaceae;g__Bacteroides;s__Bacteroides_thetaiotaomicron	0.00798277262367	0.0981627862528	-0.070885240439	-0.0886145147554	0.0294141558964	0.0404912147767	-0.0769894013699	-0.0123276977482	-0.0601679045861	0.0938403196957	1.0	0.0874495650502	-0.0335264944034	0.0729637863165	0.0123197425187	0.0708553801939	-0.0559354499318	-0.161238511465	0.113493348531	-0.0348839283489	0.0562891156985	0.0300364914628	-0.137990581415	-0.036973790621	-0.119543101098	0.0523000953704	0.0297362763661	-0.186112335341	0.0242707215074	0.0999835454521	-0.0323781561231	0.0520233458954	0.00484569816949	0.00450837600213	-0.131743145318	0.00596967773344	-0.0608554845684	-0.072805318317	0.0622389714656	0.0234404553778	0.0514164700769	0.0920359779973	-0.0185467345383	-0.126779943679	-0.0923436371288	-0.0426803148972	-0.0751314446943	0.178585558017	0.0247763239705	-0.00711213947752	-0.124524946678	-0.0356580128657	-0.227167249222	0.00495834486902	-0.0951365689369	-0.0149033954978	-0.0189599641022	-0.116717356973	-0.0830302411851
k__Bacteria;p__Bacteroidetes;c__Bacteroidia;o__Bacteroidales;f__Bacteroidaceae;g__Bacteroides;s__Bacteroides_coprocola	0.105411836537	-0.0477276236737	-0.0513164965261	-0.0559515487218	-0.00299334474103	0.0435811562348	0.132134048514	-0.096629905809	-0.0541002371495	-0.0453913307534	0.0874495650502	1.0	0.0565978274031	-0.0403607208583	-0.0456576093673	0.125810046238	-0.0204046091509	-0.00185418251784	0.0580581008255	0.0143142191801	0.049109995278	-0.033784280531	-0.115779548787	-0.0381607459651	-0.0439647199833	0.0910534638051	-0.104469444449	-0.148238811898	0.0301949725531	-0.0671109941395	-0.0524976460721	-0.07038596206	0.11539177563	0.0677610764856	0.173410374787	-0.00108318471415	0.0373945480881	-0.102991582525	0.0261201047061	0.00385410842118	-0.104350505623	-0.0720651795733	-0.125791470946	0.1031628027	-0.00183876977768	0.0728813347011	-0.000195892837569	0.139399920169	-0.129888665228	-0.0699879455976	6.71401004605e-05	0.0294535660458	-0.0243010278437	0.0577059286294	0.122782890498	0.110680466089	0.0288472679756	-0.149813047665	0.109920946972
k__Bacteria;p__Bacteroidetes;c__Bacteroidia;o__Bacteroidales;f__Bacteroidaceae;g__Bacteroides;s__Bacteroides_cellulosilyticus	0.0389978745811	0.00114814782453	-0.00913607456137	-0.191751975529	0.0861938516733	-0.0434622975147	0.0483679868078	-0.0932470949101	-0.117641591359	-0.0900115338225	-0.0335264944034	0.0565978274031	1.0	-0.132809794943	-4.22201477439e-05	-0.0188821062783	0.100369097397	-0.126061450725	-0.0846645725116	0.0417758628094	-0.0195694128648	-0.171313685348	0.13354640879	0.111295983771	0.0240899292414	0.0936685753933	-0.0546842987388	-0.144412122972	-0.0398171416925	0.140493467105	0.0983888586638	-0.00970769039011	0.108674242326	-0.0311401940949	-0.00562645652928	-0.0367113605742	0.0496359030106	-0.133382783626	-0.184533923053	-0.129605740039	0.0652513663055	0.0407712633755	0.0372799233163	-0.133309092648	0.0206513255748	-0.0424392784868	-0.0966240202689	-0.0973004849168	0.0568899170741	-0.013646437726	0.00508297061077	0.0168895874215	-0.0332695049401	-0.030726314832	0.00111343935487	0.0185464757446	0.0387512467697	-0.0322176008926	0.20956335614
k__Bacteria;p__Bacteroidetes;c__Bacteroidia;o__Bacteroidales;f__Rikenellaceae;g__Alistipes;s__Alistipes_obesi	-0.0337336940537	-0.0202813370529	0.0120237896873	-0.0307671252743	0.0417715044287	0.0913855469936	-0.180519674386	-0.0430991058633	-0.158559410955	-0.0266213819028	0.0729637863165	-0.0403607208583	-0.132809794943	1.0	-0.223709550865	0.0298757750137	0.0191015089046	0.0977173234596	-0.158093684035	-0.0822262792434	-0.00199684362153	0.0554106192564	0.00635176792686	-0.10552668957	0.00357771256345	-0.0722281241524	-0.0344892687839	-0.0171402110432	0.104257464003	-0.0409538742603	-0.0467708459454	0.119835117014	0.0564648686351	-0.0953992551594	-0.0869056762486	0.0322987658603	-0.0400493643745	0.00629937078408	-0.0301200769599	0.0301962281606	0.0175236221761	-0.060677414209	0.0973489792905	0.137318345359	-0.0382371373509	0.000627440327581	-0.0162111539181	0.139731645618	-0.211314959992	0.047822307373	-0.0280774523835	0.0505543500416	0.00818301712441	0.00281005885469	-0.107606784311	-0.0501976196886	-0.0141341430423	0.0496937897257	0.105213269043
k__Bacteria;p__Firmicutes;c__Clostridia;o__Clostridiales;f__Lachnospiraceae;g__;s__[Eubacterium]_rectale	-0.0297563612997	0.00523010077811	0.00519647822063	0.126828144231	0.0269455508835	-0.0776864688177	0.0326112738373	-0.120501722136	0.132130854378	-0.0832632826079	0.0123197425187	-0.0456576093673	-4.22201477437e-05	-0.223709550865	1.0	-0.127684799433	-0.09201578145	0.000261883466629	-0.206499800763	0.00692142796976	0.0665772459471	-0.0625189000754	0.00620751824536	0.223981037214	-0.0205545834298	0.0555064523841	0.0873929132734	0.118438405455	0.0173749600046	0.140233992966	0.0338145183344	0.0102102923328	-0.0258847538697	0.046272544118	0.0138664870131	-0.00178618680932	0.0114734215263	0.031448657293	-0.0073379245715	-0.0648366569681	-0.0461687004803	-0.0241402545402	0.179528066287	0.00220641770679	-0.144717807558	-0.0396083219809	0.0900834375909	0.0765863328157	-0.0613595343898	0.0328513249356	-0.120719575369	-0.0110986605317	0.00820008187704	0.0014111377426	-0.069206950543	-0.0732076472185	-0.0339801856154	-0.0586775813456	0.0581709904862
k__Bacteria;p__Bacteroidetes;c__Bacteroidia;o__Bacteroidales;f__Bacteroidaceae;g__Bacteroides;s__Bacteroides_plebeius	-0.0321201331825	-0.0932253305952	0.0447122401064	0.018765010425	0.0283002048125	0.0599043473706	-0.0691400675622	-0.0986275995438	0.0319238230772	0.131337155163	0.0708553801939	0.125810046238	-0.0188821062783	0.0298757750137	-0.127684799433	1.0	-0.0446862424154	0.0742706075683	-0.0492107237588	0.0200327723623	-0.0314302336223	0.0791158740149	0.0780161801828	-0.0247276433492	-0.0980788060002	-0.0318372876865	-0.0276718358814	0.0468210991147	0.00852066248835	-0.00771623998867	-0.113105812983	-0.0392188329549	0.0347920806398	0.153236425729	0.121137360364	-0.124994875222	-0.0242894938884	0.0118131351545	0.0122691052634	0.10773079381	-0.064297243322	0.0536090781014	-0.233927537561	0.0911250578847	-0.006433565645	-0.127889885979	0.0479783801358	0.164313311383	0.0065757330683	-0.0306740857368	-0.048942320592	-0.0748912616239	-0.0968751809879	-0.0875004178584	-0.128740622645	-0.11435451492	0.00116692683311	-0.0926546081133	0.0180599729927
k__Bacteria;p__Bacteroidetes;c__Bacteroidia;o__Bacteroidales;f__Bacteroidaceae;g__Bacteroides;s__Bacteroides_fragilis	0.0646981503525	-0.0308084845938	0.059636505002	-0.101310227369	-0.039282504567	0.00861795008618	-0.11029317236	-0.0379846516966	-0.104870048225	-0.019360861005	-0.0559354499318	-0.0204046091509	0.100369097397	0.0191015089046	-0.09201578145	-0.0446862424154	1.0	-0.0490122286786	0.0443898949034	-0.116309272335	0.111388584733	0.021809261229	-0.0285618318521	0.0751213380287	0.0995774519245	-0.0258284045211	0.0455159693192	-0.0999735880639	-0.0121216633102	0.014986764325	0.108406923242	-0.145996851533	0.118394731632	0.0384658534207	-0.0469117489003	-0.0131283612232	-0.139896440391	-0.0409729153505	0.0185609299332	0.0280478889931	-0.0578252536382	-0.0990637824543	-0.0355629260062	0.0204243822857	0.0669865353559	-0.102777658206	-0.0332707675657	-0.0407805713019	-0.0640011265681	0.0661191394586	0.132790592407	0.00556554285082	-0.032700798168	0.0205959914192	-0.0415988380741	-0.0754700501763	0.0353849857944	0.00477933877325	-0.00070436679036
k__Bacteria;p__Proteobacteria;c__Betaproteobacteria;o__Burkholderiales;f__Sutterellaceae;g__Sutterella;s__Sutterella_wadsworthensis	-0.0661359169861	-0.0208856447656	-0.0351108410948	-0.011350271063	-0.0398882530053	0.0425885069971	0.0883204855674	-0.172732432715	-0.00205051434125	0.0147792362745	-0.161238511465	-0.00185418251784	-0.126061450725	0.0977173234596	0.00026188346663	0.0742706075683	-0.0490122286786	1.0	0.0365576984983	-0.0901023631249	0.12216835247	-0.0677731335687	0.0254901749803	-0.100614192367	0.0969478148288	-0.0445733150739	0.00709181513093	0.0268653314916	0.0764956245237	-0.0452792043639	0.024405552619	-0.0273710120552	-0.0261416172363	0.0251271911612	-0.0272503297559	-0.269023909544	-0.054227485585	0.0170791670172	-0.117986378404	0.0959538771234	-0.182678448817	-0.0557174581091	0.0162622396694	0.0819696732009	0.179685828552	0.119683656536	-0.0525381516975	0.00333929619783	-0.0539494514726	-0.0397212177665	0.029176265065	0.0450279164092	0.0988866256994	-0.232860035282	-0.0601394806135	0.0529183867053	-0.0546764660346	0.0480080811126	-0.0128357057639
k__Bacteria;p__Bacteroidetes;c__Bacteroidia;o__Bacteroidales;f__Porphyromonadaceae;g__Barnesiella;s__Barnesiella_intestinihominis	-0.0456545409175	-0.147732748861	-0.00131206400557	-0.0263434332352	-0.0334411449778	0.0105044136097	-0.00330564472538	-0.0699484902564	0.103704057673	0.00557778236891	0.113493348531	0.0580581008255	-0.0846645725116	-0.158093684035	-0.206499800763	-0.0492107237588	0.0443898949034	0.0365576984983	1.0	-0.0639182449428	0.0711871945229	-0.00495868082317	0.0710196232853	-0.106824369555	0.0497449350976	0.0501203472073	0.140783733445	-0.0172557242116	-0.164316486794	-0.00083733317404	0.0926236868387	0.0142645632102	-0.0565164754702	-0.118204607443	-0.170951241394	-0.0602913037957	-0.0549236919427	-0.0771648017013	0.101807236128	-0.0310090569889	-0.00801021994952	0.0318738475857	-0.107610123597	-0.0258083774184	0.0376891868953	-0.0149305607157	0.0268329555433	0.000836185978848	0.164889078701	-0.104399490623	0.0694412449924	-0.0153622324944	-0.0334391183361	0.0551515163804	-0.0140824412352	-0.0702812828274	0.0379930197469	-0.0317527979363	-0.0301504055775
k__Bacteria;p__Bacteroidetes;c__Bacteroidia;o__Bacteroidales;f__Odoribacteraceae;g__Odoribacter;s__Odoribacter_splanchnicus	-0.0342112175522	-0.0410955440643	-0.104549947913	-0.0390037860515	-0.13012338994	0.0326865528169	0.107038447606	-0.0228956929886	-0.011332923534	0.144884194549	-0.0348839283489	0.0143142191801	0.0417758628094	-0.0822262792434	0.00692142796976	0.0200327723623	-0.116309272335	-0.0901023631249	-0.0639182449428	1.0	0.0326969380009	-0.0238344028814	0.0650887783057	-0.0658406278884	0.146342204996	0.0114651729031	0.0961316688639	-0.0545339799236	0.0413611224066	0.0841662154231	0.000598915665574	-0.0119171918638	-0.0365019279562	0.00404186565885	-0.0939981600035	0.150593446633	0.000783982672372	-0.0545791509321	-0.131769379917	-0.162108532199	-0.0942819932879	-0.0252785912401	0.113278341847	0.125074986283	-0.0390041544773	-0.155043978509	-0.0198523035326	-0.00977371108562	-0.0474164203904	0.0798802674086	-0.0964770670089	-0.0251488913651	-0.016391978859	0.0206506215347	-0.101521431538	0.0313230830109	0.0297542499244	0.100872416452	0.0541276345396
k__Bacteria;p__Bacteroidetes;c__Bacteroidia;o__Bacteroidales;f__Bacteroidaceae;g__Bacteroides;s__Bacteroides_salyersiae	0.00942427327201	-0.0988286330861	-0.0225150760171	-0.0651742746881	-0.0333100859634	-0.0884385453435	-0.0518935123822	-0.0228257838686	-0.0217451793192	-0.0887337201196	0.0562891156985	0.049109995278	-0.0195694128648	-0.00199684362153	0.0665772459471	-0.0314302336223	0.111388584733	0.12216835247	0.0711871945229	0.0326969380009	1.0	0.123251732055	0.148557279938	0.0587926016232	0.047909464561	0.0198971671085	-0.128187372464	0.0100720752897	0.05260275069	0.0239408520393	0.0342417882682	0.0729705446628	0.0396269779908	0.0651045114691	0.107402884927	-0.0719703283504	0.0450827673073	0.0624337618178	-0.0618067667831	-0.00447936511338	-0.191953579514	-0.0564091843296	-0.0307759446956	0.0791266706759	0.0030748653692	-0.0525658620839	0.0157185576931	-0.0887542059294	0.0973538451111	-0.0427454674008	0.00960067303208	0.0847636292172	-0.110731589149	0.0684019074743	0.013375332638	-0.0415820349687	-0.102414942687	0.0578419287005	-0.180487701374
k__Bacteria;p__Firmicutes;c__Clostridia;o__Clostridiales;f__Ruminococcaceae;g__Ruminiclostridium;s__[Eubacterium]_siraeum	0.0317202166449	0.0756477423259	0.0191413028391	-0.0456244056406	-0.0409620486352	0.00842630661328	0.0522062847921	-0.0388679472418	0.0392164071021	0.112129318432	0.0300364914628	-0.033784280531	-0.171313685348	0.0554106192564	-0.0625189000754	0.0791158740149	0.021809261229	-0.0677731335687	-0.00495868082317	-0.0238344028814	0.123251732055	1.0	0.0281563584897	-0.0408829666118	0.0133336070325	-0.0280894730629	-0.0712789096693	-0.0114294323398	-0.00167189823714	0.0308513832271	0.013068599919	0.0130726221303	-0.0214985949929	0.111242426651	0.0368679872731	0.136590769217	0.00164674896555	-0.0622491741917	0.0475013496431	0.0434785042899	-0.0294113264017	-0.083293725537	-0.184719040688	-0.00646638214334	0.0018021565983	0.176263688293	0.0602877698663	0.0246181078614	0.0181875240074	-0.0870129645517	-0.111985761034	-0.0384551159408	-0.100885776941	-0.106750651567	0.0949725212925	-0.0881994425908	-0.0223137071762	0.034387034836	-0.00467005238653
k__Bacteria;p__Proteobacteria;c__Betaproteobacteria;o__Burkholderiales;f__Sutterellaceae;g__Parasutterella;s__Parasutterella_excrementihominis	-0.114965859279	-0.12028376081	-0.0164345597716	-0.0406197209795	-0.0563560429643	0.021497840545	0.00298838016233	0.0732729097354	-0.0421988892863	-0.0595717472851	-0.137990581415	-0.115779548787	0.13354640879	0.00635176792686	0.00620751824536	0.0780161801828	-0.0285618318521	0.0254901749803	0.0710196232853	0.0650887783057	0.148557279938	0.0281563584897	1.0	-0.151743574639	0.0264988074203	-0.0159314265601	-0.0139109224335	0.0109716941561	0.00849448251724	0.0291730566177	-0.00285294747262	0.04062599697	-0.0823051580702	0.0293352299474	0.0697534901679	0.0631058218287	-0.0792295497252	0.0540297108797	-0.0904318803015	-0.0557991730446	-0.100770779031	-0.0398259919955	0.0138474357474	0.0493877247519	-0.0364201122421	-0.114998737423	0.0577712314613	-0.0648779302057	0.0781509393275	-0.154741892728	0.00112687133886	0.00626100690559	0.0994744069657	-0.0938507335935	0.0709023594644	-0.0375754801393	-0.0611544562182	-0.122530113769	0.0351475188339
k__Bacteria;p__Actinobacteria;c__Actinobacteria;o__Bifidobacteriales;f__Bifidobacteriaceae;g__Bifidobacterium;s__Bifidobacterium_adolescentis	0.145283708599	0.0350251699071	-0.0472291406584	-0.083556507689	0.102255889704	0.0899967909453	0.0609107263403	0.0147845107879	-0.00197873509278	-0.0128047724377	-0.036973790621	-0.0381607459651	0.111295983771	-0.10552668957	0.223981037214	-0.0247276433492	0.0751213380287	-0.100614192367	-0.106824369555	-0.0658406278884	0.0587926016232	-0.0408829666118	-0.151743574639	1.0	-0.0321748955336	-0.150132715454	0.031793656306	0.122042851475	-0.0273210404546	-0.0463545092322	0.0423285014196	0.0536048825734	-0.0190963692993	0.016739480469	0.00232877697312	-0.0507562059906	-0.0135880335972	-0.118417643163	0.0119955389994	-0.141921411147	-0.0151056929623	-0.0296270512709	0.0173081971488	0.102192443846	-0.128300764074	-0.0575333596516	0.00417095336791	-0.0113405442563	0.0729320674347	0.0489507909586	0.004301523273	-0.0210029116606	-0.0915158382271	0.0251529820984	0.00786319533261	-0.0420003101851	0.0922942929053	0.0128811317077	0.00219692854568
k__Bacteria;p__Firmicutes;c__Clostridia;o__Clostridiales;f__Oscillospiraceae;g__Oscillibacter;s__Oscillibacter_sp._KLE_1745	0.0461902110095	0.115819008858	0.00677721481624	-0.0390229141891	-0.0329598439906	0.0234298071855	-0.139403216639	-0.00267729565283	-0.122297370598	0.00655369335102	-0.119543101098	-0.0439647199833	0.0240899292414	0.00357771256345	-0.0205545834298	-0.0980788060002	0.0995774519245	0.0969478148288	0.0497449350976	0.146342204996	0.047909464561	0.0133336070325	0.0264988074203	-0.0321748955336	1.0	0.0915361920833	-0.144286426982	-0.0373492708125	0.0269916170934	0.220509743871	0.0113722255496	-0.195029581392	-0.0101501416009	0.040730617109	-0.0347912740663	-0.0916379269158	-0.0921760148473	0.00954188326547	0.01430872375	0.0292555541103	-0.135423603886	-0.105674111471	-0.0183983495198	0.130557157654	-0.0852777544324	-0.131813257056	0.217470993202	-0.0154037038285	-0.0421365754183	0.0863262832681	-0.0554140449488	-0.0519522555515	-0.0469280592519	-0.0594122083022	0.0656953284206	0.0963530667479	0.0125139999307	0.140834875955	0.022981074839
k__Bacteria;p__Bacteroidetes;c__Bacteroidia;o__Bacteroidales;f__Bacteroidaceae;g__Bacteroides;s__Bacteroides_coprophilus	2.16391215548e-05	0.100859789413	0.0398810588063	-0.0580640415735	0.0194871680067	-0.071178811895	0.131325296869	-0.0106445223934	-0.027830993085	0.0267699909848	0.0523000953704	0.0910534638051	0.0936685753933	-0.0722281241524	0.0555064523841	-0.0318372876865	-0.0258284045211	-0.0445733150739	0.0501203472073	0.0114651729031	0.0198971671085	-0.0280894730629	-0.0159314265601	-0.150132715454	0.0915361920833	1.0	-0.106428771887	0.0159660543403	-0.00736255328328	0.0987982001535	0.0252572391638	-0.0209021357977	-0.15873643356	-0.0460195854566	-0.0824477197695	0.181381895637	-0.154565833639	0.0389753580432	0.187212100129	-0.0313575995958	0.0135754072211	0.0170204049111	0.0836829699116	-0.1306568587	0.0434838795225	-0.0512160326507	-0.0174124295291	0.000938075436683	-0.00512039382913	0.1260558767	0.158390816896	-0.0630421958483	0.188061004122	0.0223629002372	0.0464579323883	0.124202889685	-0.111615642179	-0.0302575294642	-0.00625792301973
k__Bacteria;p__Firmicutes;c__Clostridia;o__Clostridiales;f__Lachnospiraceae;g__Roseburia;s__Roseburia_intestinalis	0.0085850319938	-0.0264128006361	-0.0813647688619	-0.0395764002331	0.169314573912	-0.00302051060803	0.0754424064601	0.0654437078198	0.0403196723173	-0.0400380617899	0.0297362763661	-0.104469444449	-0.0546842987388	-0.0344892687839	0.0873929132734	-0.0276718358814	0.0455159693192	0.00709181513093	0.140783733445	0.0961316688639	-0.128187372464	-0.0712789096693	-0.0139109224335	0.031793656306	-0.144286426982	-0.106428771887	1.0	0.00710657345031	-0.182710197088	-0.0136453586423	-0.0878547503742	-0.0327281067441	0.0943519161559	0.158180081479	0.0204435828086	-0.093730525101	-0.0821525144113	-0.156369883458	0.0175283035989	0.139948303136	-0.0324360422577	0.0318187597004	-0.148207580235	-0.04928670679	-0.0128265460847	-0.041395797013	-0.00944166148069	-0.0087887221718	0.153016135077	0.0933234995418	0.0977048915014	0.0459547907169	-0.0600675832588	0.00494090002815	-0.10965872053	-0.0982962268796	0.0772096088788	-0.0671061871825	-0.0280016180187
k__Bacteria;p__Firmicutes;c__Clostridia;o__Clostridiales;f__Lachnospiraceae;g__Roseburia;s__Roseburia_hominis	-0.146701788347	0.0869140201679	0.0133220973391	-0.0607262964519	-0.0328833363912	0.188687744114	0.0897821489323	-0.0132420831932	0.157679956222	0.00766017276481	-0.186112335341	-0.148238811898	-0.144412122972	-0.0171402110432	0.118438405455	0.0468210991147	-0.0999735880639	0.0268653314916	-0.0172557242116	-0.0545339799236	0.0100720752897	-0.0114294323398	0.0109716941561	0.122042851475	-0.0373492708125	0.0159660543403	0.00710657345031	1.0	-0.103037498295	-0.0357212153537	-0.0592873835432	0.0398891737985	0.0264692328681	-0.077359044549	-0.0679139632201	-0.123826334617	-0.00183584992804	-0.102434220518	0.00902618335085	0.15585672474	0.00354498974409	-0.0152879500941	0.0912847047709	-0.0215682769789	0.0705097799735	0.046711663899	-0.0237361669978	0.0675094028547	-0.0441556544659	0.0559179284979	0.0650223212051	-0.0420175254401	0.0102848727673	0.00730124435545	0.242448086364	-0.175598765399	-0.0714186383956	-0.033958215339	0.0213903751122
k__Bacteria;p__Bacteroidetes;c__Bacteroidia;o__Bacteroidales;f__Porphyromonadaceae;g__Parabacteroides;s__Parabacteroides_johnsonii	-0.141491475286	0.107302553581	0.0565701905376	0.0969716704839	-0.0625727510341	-0.129124913834	-0.106440444478	-0.0779384152862	-0.0653611677348	0.0730349950271	0.0242707215074	0.0301949725531	-0.0398171416925	0.104257464003	0.0173749600046	0.00852066248835	-0.0121216633102	0.0764956245237	-0.164316486794	0.0413611224066	0.05260275069	-0.00167189823714	0.00849448251724	-0.0273210404546	0.0269916170934	-0.00736255328328	-0.182710197088	-0.103037498295	1.0	-0.024880761203	-0.0595786426714	-0.159632547683	-0.0797102540105	0.000572422093206	0.234814368328	0.164688585867	0.0272905806999	0.072313309239	0.0356157591723	0.124022742819	-4.79800347489e-05	0.0463614493039	0.0285046716638	-0.0261778236897	-0.00928665820643	0.00552474530471	-0.0853967930308	-0.0820356224534	0.058559314804	-0.00132089384298	-0.0890984629125	-0.194209909727	0.0322470604053	0.0689503417116	-0.00652496177386	-0.00934700361791	-0.183186360563	0.00920502657845	0.0647928047912
k__Bacteria;p__Actinobacteria;c__Actinobacteria;o__Bifidobacteriales;f__Bifidobacteriaceae;g__Bifidobacterium;s__Bifidobacterium_longum	0.0718452275476	-0.151662720708	-0.0519435816406	0.068481847862	-0.0096384494434	-0.0710710989489	-0.010843465766	-0.0742934978011	0.0654119670023	0.0189213433447	0.0999835454521	-0.0671109941395	0.140493467105	-0.0409538742603	0.140233992966	-0.00771623998867	0.014986764325	-0.0452792043639	-0.00083733317404	0.0841662154231	0.0239408520393	0.0308513832271	0.0291730566177	-0.0463545092322	0.220509743871	0.0987982001535	-0.0136453586423	-0.0357212153537	-0.024880761203	1.0	-0.0334444786257	-0.066665502479	-0.0224070061735	0.133763546602	-0.0199342429423	0.0249080218033	-0.0594790443532	0.0710878018684	-0.0121075847123	0.0328655341714	-0.208374469183	0.0846553247926	0.190391327012	-0.134334180072	-0.0461779200819	-0.284204826631	0.0528814201916	0.00343718222016	0.0199286852235	0.0302780736191	0.0023221728133	-0.115257350955	-0.0633381038483	-0.0185006630345	0.0794138625669	0.0365624738571	0.112480113195	0.0979652274515	-0.164159824274
