#taxonomy	k__Bacteria;p__Bacteroidetes;c__Bacteroidia;o__Bacteroidales;f__Bacteroidaceae;g__Bacteroides;s__Bacteroides_vulgatus	k__Bacteria;p__Bacteroidetes;c__Bacteroidia;o__Bacteroidales;f__Bacteroidaceae;g__Bacteroides;s__Bacteroides_uniformis	k__Bacteria;p__Bacteroidetes;c__Bacteroidia;o__Bacteroidales;f__Rikenellaceae;g__Alistipes;s__Alistipes_putredinis	k__Bacteria;p__Bacteroidetes;c__Bacteroidia;o__Bacteroidales;f__Prevotellaceae;g__Prevotella;s__Prevotella_copri	k__Bacteria;p__Bacteroidetes;c__Bacteroidia;o__Bacteroidales;f__Bacteroidaceae;g__Bacteroides;s__Bacteroides_stercoris	k__Bacteria;p__Bacteroidetes;c__Bacteroidia;o__Bacteroidales;f__Bacteroidaceae;g__Bacteroides;s__Bacteroides_ovatus	k__Bacteria;p__Bacteroidetes;c__Bacteroidia;o__Bacteroidales;f__Rikenellaceae;g__Alistipes;s__Alistipes_shahii	k__Bacteria;p__Firmicutes;c__Clostridia;o__Clostridiales;f__Ruminococcaceae;g__Faecalibacterium;s__Faecalibacterium_prausnitzii	k__Bacteria;p__Bacteroidetes;c__Bacteroidia;o__Bacteroidales;f__Rikenellaceae;g__Alistipes;s__Alistipes_finegoldii	k__Bacteria;p__Bacteroidetes;c__Bacteroidia;o__Bacteroidales;f__Porphyromonadaceae;g__Parabacteroides;s__Parabacteroides_distasonis	k__Bacteria;p__Bacteroidetes;c__Bacteroidia;o__Bacteroidales;f__Bacteroidaceae;g__Bacteroides;s__Bacteroides_thetaiotaomicron	k__Bacteria;p__Bacteroidetes;c__Bacteroidia;o__Bacteroidales;f__Bacteroidaceae;g__Bacteroides;s__Bacteroides_coprocola	k__Bacteria;p__Bacteroidetes;c__Bacteroidia;o__Bacteroidales;f__Bacteroidaceae;g__Bacteroides;s__Bacteroides_cellulosilyticus	k__Bacteria;p__Bacteroidetes;c__Bacteroidia;o__Bacteroidales;f__Rikenellaceae;g__Alistipes;s__Alistipes_obesi	k__Bacteria;p__Firmicutes;c__Clostridia;o__Clostridiales;f__Lachnospiraceae;g__;s__[Eubacterium]_rectale	k__Bacteria;p__Bacteroidetes;c__Bacteroidia;o__Bacteroidales;f__Bacteroidaceae;g__Bacteroides;s__Bacteroides_plebeius	k__Bacteria;p__Bacteroidetes;c__Bacteroidia;o__Bacteroidales;f__Bacteroidaceae;g__Bacteroides;s__Bacteroides_fragilis	k__Bacteria;p__Proteobacteria;c__Betaproteobacteria;o__Burkholderiales;f__Sutterellaceae;g__Sutterella;s__Sutterella_wadsworthensis	k__Bacteria;p__Bacteroidetes;c__Bacteroidia;o__Bacteroidales;f__Porphyromonadaceae;g__Barnesiella;s__Barnesiella_intestinihominis	k__Bacteria;p__Bacteroidetes;c__Bacteroidia;o__Bacteroidales;f__Odoribacteraceae;g__Odoribacter;s__Odoribacter_splanchnicus	k__Bacteria;p__Bacteroidetes;c__Bacteroidia;o__Bacteroidales;f__Bacteroidaceae;g__Bacteroides;s__Bacteroides_salyersiae	k__Bacteria;p__Firmicutes;c__Clostridia;o__Clostridiales;f__Ruminococcaceae;g__Ruminiclostridium;s__[Eubacterium]_siraeum	k__Bacteria;p__Proteobacteria;c__Betaproteobacteria;o__Burkholderiales;f__Sutterellaceae;g__Parasutterella;s__Parasutterella_excrementihominis	k__Bacteria;p__Actinobacteria;c__Actinobacteria;o__Bifidobacteriales;f__Bifidobacteriaceae;g__Bifidobacterium;s__Bifidobacterium_adolescentis	k__Bacteria;p__Firmicutes;c__Clostridia;o__Clostridiales;f__Oscillospiraceae;g__Oscillibacter;s__Oscillibacter_sp._KLE_1745	k__Bacteria;p__Bacteroidetes;c__Bacteroidia;o__Bacteroidales;f__Bacteroidaceae;g__Bacteroides;s__Bacteroides_coprophilus	k__Bacteria;p__Firmicutes;c__Clostridia;o__Clostridiales;f__Lachnospiraceae;g__Roseburia;s__Roseburia_intestinalis	k__Bacteria;p__Firmicutes;c__Clostridia;o__Clostridiales;f__Lachnospiraceae;g__Roseburia;s__Roseburia_hominis	k__Bacteria;p__Bacteroidetes;c__Bacteroidia;o__Bacteroidales;f__Porphyromonadaceae;g__Parabacteroides;s__Parabacteroides_johnsonii	k__Bacteria;p__Actinobacteria;c__Actinobacteria;o__Bifidobacteriales;f__Bifidobacteriaceae;g__Bifidobacterium;s__Bifidobacterium_longum	k__Bacteria;p__Firmicutes;c__Clostridia;o__Clostridiales;f__;g__Flavonifractor;s__Flavonifractor_plautii	k__Bacteria;p__Firmicutes;c__Clostridia;o__Clostridiales;f__Clostridiaceae;g__Clostridium;s__Clostridium_phoceensis	k__Bacteria;p__Verrucomicrobia;c__Verrucomicrobiae;o__Verrucomicrobiales;f__Akkermansiaceae;g__Akkermansia;s__Akkermansia_muciniphila	k__Bacteria;p__Bacteroidetes;c__Bacteroidia;o__Bacteroidales;f__Prevotellaceae;g__Paraprevotella;s__Paraprevotella_xylaniphila	k__Bacteria;p__Firmicutes;c__Clostridia;o__Clostridiales;f__Ruminococcaceae;g__Ruminococcus;s__Ruminococcus_callidus	k__Bacteria;p__Bacteroidetes;c__Bacteroidia;o__Bacteroidales;f__Rikenellaceae;g__Alistipes;s__Alistipes_senegalensis	k__Bacteria;p__Firmicutes;c__Clostridia;o__Clostridiales;f__Lachnospiraceae;g__Blautia;s__Blautia_sp._KLE_1732	k__Bacteria;p__Bacteroidetes;c__Bacteroidia;o__Bacteroidales;f__Bacteroidaceae;g__Bacteroides;s__Bacteroides_oleiciplenus	k__Bacteria;p__Firmicutes;c__Clostridia;o__Clostridiales;f__Ruminococcaceae;g__Ruminococcus;s__Ruminococcus_bicirculans	k__Bacteria;p__Bacteroidetes;c__Bacteroidia;o__Bacteroidales;f__Bacteroidaceae;g__Bacteroides;s__Bacteroides_fluxus	k__Bacteria;p__Bacteroidetes;c__Bacteroidia;o__Bacteroidales;f__Prevotellaceae;g__Prevotella;s__Prevotella_stercorea	k__Bacteria;p__Firmicutes;c__Clostridia;o__Clostridiales;f__Lachnospiraceae;g__Dorea;s__Dorea_longicatena	k__Bacteria;p__Firmicutes;c__Clostridia;o__Clostridiales;f__Eubacteriaceae;g__Eubacterium;s__[Eubacterium]_eligens	k__Bacteria;p__Firmicutes;c__Clostridia;o__Clostridiales;f__Ruminococcaceae;g__;s__Ruminococcaceae_bacterium_D16	k__Bacteria;p__Firmicutes;c__Clostridia;o__Clostridiales;f__Lachnospiraceae;g__Coprococcus;s__Coprococcus_comes	k__Bacteria;p__Proteobacteria;c__Gammaproteobacteria;o__Enterobacterales;f__Enterobacteriaceae;g__Escherichia;s__Escherichia_coli	k__Bacteria;p__Firmicutes;c__Clostridia;o__Clostridiales;f__Ruminococcaceae;g__Anaerotruncus;s__Anaerotruncus_colihominis	k__Bacteria;p__Firmicutes;c__Clostridia;o__Clostridiales;f__Lachnospiraceae;g__Blautia;s__Blautia_obeum	k__Bacteria;p__Bacteroidetes;c__Bacteroidia;o__Bacteroidales;f__Odoribacteraceae;g__Odoribacter;s__Odoribacter_laneus	k__Bacteria;p__Firmicutes;c__Clostridia;o__Clostridiales;f__Ruminococcaceae;g__Ruminiclostridium;s__[Clostridium]_leptum	k__Bacteria;p__Bacteroidetes;c__Bacteroidia;o__Bacteroidales;f__Porphyromonadaceae;g__Parabacteroides;s__Parabacteroides_goldsteinii	k__Bacteria;p__Firmicutes;c__Clostridia;o__Clostridiales;f__Lachnospiraceae;g__Anaerostipes;s__Anaerostipes_hadrus	k__Bacteria;p__Firmicutes;c__Clostridia;o__Clostridiales;f__Ruminococcaceae;g__Ruminococcus;s__Ruminococcus_lactaris	k__Bacteria;p__Firmicutes;c__Clostridia;o__Clostridiales;f__Clostridiaceae;g__Clostridium;s__Clostridium_sp._L2-50	k__Bacteria;p__Firmicutes;c__Clostridia;o__Clostridiales;f__Clostridiaceae;g__Clostridium;s__Clostridium_sp._M62/1	k__Bacteria;p__Firmicutes;c__Clostridia;o__Clostridiales;f__;g__Intestinimonas;s__Intestinimonas_butyriciproducens	k__Bacteria;p__Actinobacteria;c__Actinobacteria;o__Bifidobacteriales;f__Bifidobacteriaceae;g__Bifidobacterium;s__Bifidobacterium_bifidum	k__Bacteria;p__Firmicutes;c__Negativicutes;o__Veillonellales;f__Veillonellaceae;g__Dialister;s__Dialister_invisus	k__Bacteria;p__Bacteroidetes;c__Bacteroidia;o__Bacteroidales;f__Bacteroidaceae;g__Bacteroides;s__Bacteroides_salanitronis
k__Bacteria;p__Bacteroidetes;c__Bacteroidia;o__Bacteroidales;f__Bacteroidaceae;g__Bacteroides;s__Bacteroides_vulgatus	1.0	0.0594728718284	-0.0235712636307	-0.185646912541	-0.0230094369323	-0.192461546077	-0.208553552397	0.10368804648	-0.0315377804821	0.0146375924791	-0.0211851651876	-0.0657673641786	-0.108090457985	-0.0179756161905	0.1699563223	0.128187163118	-0.0959297198821	-0.0908153911808	-0.111385200446	0.00226134963223	0.143242292849	0.0412967439473	-0.0365997113538	0.00924067893492	0.0911180525393	-0.0876828099509	-0.0515077867846	0.123950483188	-0.073477506147	-0.00351469246506	-0.0752390283575	-0.0470716140611	0.0336934956755	0.0445317845404	0.00105721670692	0.00180253507197	-0.0810794301631	0.0649183959935	0.122378764508	0.0768029278969	0.00918090342534	0.143977076078	-0.012154859461	-0.0360499594389	0.12611932777	-0.0224102231084	-0.0176623701273	-0.0894850597072	-0.0893791106556	-0.0850201252722	-0.031437943779	-0.0589983103376	-0.0789364216283	0.0140546315974	0.0923056845403	0.00765886693401	-0.0893140816841	0.118320077444	0.156892017405
k__Bacteria;p__Bacteroidetes;c__Bacteroidia;o__Bacteroidales;f__Bacteroidaceae;g__Bacteroides;s__Bacteroides_uniformis	0.0594728718284	1.0	-0.0315073626507	-0.183579747586	-0.0720448630912	0.0184501539632	-0.0945031632445	-0.0223980223518	-0.0846448733737	0.0138543134386	0.114298617539	0.073151036855	0.0807059092633	0.0364089667277	0.0981849365617	-0.0665882540182	0.142535376526	-0.11307994849	0.00214021569758	0.0908069777136	0.0404943404323	-0.108043204273	-0.0794039928091	-0.162796751046	0.101176056652	0.0897295070061	-0.164302179638	-0.112308707286	-0.118944604191	0.0642756929651	-0.000568782088313	0.124869994129	-0.0631276221631	-0.0863513330616	0.0152544520853	-0.0548332786029	0.0182680226069	0.00597682630662	-0.149053313527	-0.0105368403984	0.0176628089588	-0.129721442093	-0.117857829389	0.108979650391	-0.0199251465501	0.0471412391672	0.0719312351839	-0.177221022805	-0.0406836224876	0.0565268863686	0.115454055363	0.0180863128439	0.0969873045045	0.0353761381518	-0.0951112857814	-0.0680998695323	0.14432809459	-0.0686346840764	-0.069647537894
k__Bacteria;p__Bacteroidetes;c__Bacteroidia;o__Bacteroidales;f__Rikenellaceae;g__Alistipes;s__Alistipes_putredinis	-0.0235712636307	-0.0315073626507	1.0	-0.000886776360756	0.0990013185257	-0.138790303066	0.0306020221799	0.0492260295946	0.0805448270448	-0.00021539489636	-0.0167829028862	-0.117924411958	-0.137767496273	0.160010602978	0.0025080667619	-0.0783756783586	-0.0334235043557	0.0265137681775	-0.0944042689259	0.0879366114297	0.150044592135	0.187696734248	-0.00743229868222	-0.040943809743	-0.175395747812	-0.0640541899143	0.0129572581992	-0.11282704901	0.149182613461	0.0302080890119	-0.228012800788	0.0709052959909	0.0242544858022	0.0010648544442	-0.068947398147	-0.076481769323	0.0476859749387	-0.0432800165668	0.0728579877596	-0.174668454771	0.151933727959	0.00598025984397	-0.00501169284016	0.0103878808988	0.0320273298717	0.0169771857496	-0.0297496452099	0.0650328220228	-0.0956444396107	-0.199647293425	-0.0596869434429	-0.162580781623	-0.0465601058004	-0.1076810604	-0.0119917934851	0.0551965318482	-0.0150843531889	-0.0880327262473	-0.196391659071
k__Bacteria;p__Bacteroidetes;c__Bacteroidia;o__Bacteroidales;f__Prevotellaceae;g__Prevotella;s__Prevotella_copri	-0.185646912541	-0.183579747586	-0.000886776360756	1.0	0.206772378215	0.0292383943393	0.0745343860224	-0.0107117650402	-0.010542826089	0.130487610911	-0.00613986206673	0.0373192623982	0.0220536080321	-0.0222047454172	0.000114058646542	-0.228837909284	0.0238583026436	-0.00656022102289	0.066917399801	-0.0743258621887	-0.0574107815793	-0.115638682372	-0.0685684835911	-0.0839171187356	0.0504777968486	-0.144148354263	-0.00766996324456	-0.118989182433	-0.0710866794701	0.0109860832105	-0.080326146074	-0.12369402767	-0.0742781054993	0.0211217765511	0.0394562750694	-0.0379896663822	-0.0262479501476	0.110352580504	0.00252427659572	0.0865068228519	-0.0367825294144	0.154462502689	0.110450788605	-0.00126848376917	-0.192706895856	0.0142329886179	-0.068145289592	-0.160568752031	-0.00231614801163	0.145668441375	0.0259732828493	0.0308438840536	-0.0282436815503	-0.102572069329	-0.0297598104526	-0.074781634233	0.0545457163365	-0.108779450784	-0.0983776190508
k__Bacteria;p__Bacteroidetes;c__Bacteroidia;o__Bacteroidales;f__Bacteroidaceae;g__Bacteroides;s__Bacteroides_stercoris	-0.0230094369323	-0.0720448630912	0.0990013185257	0.206772378215	1.0	-0.0270612065228	0.067467958763	-0.0407202833013	0.0498285619401	0.0632898104785	0.0298999545603	-0.0632599607857	0.156055441869	-0.212680344627	0.00100035476007	-0.0474987525614	-0.0871784778238	-0.102979742408	-0.0350742302876	-0.105739983116	-0.0383761647345	0.210010427699	-0.0164500672191	0.117655763034	-0.0980342899446	-0.0345523236005	0.0184543215452	0.0730003082672	0.0179131004765	-2.7662734513e-05	0.00895664663587	-0.0412961375936	0.152161560215	0.0835660409378	0.0648767454312	0.0515705616291	-0.0626033698853	0.0342269563078	-0.0101369269021	-0.111914935984	0.00234990142246	-0.14375868087	0.125376009296	0.0597899837013	-0.00347354790076	0.10359978555	-0.0250349546545	-0.0158237740014	-0.214062746537	-0.0108442678221	0.116835546585	-0.0433701645192	0.0663544238762	-0.0714015873223	-0.00535997342234	0.0719862481485	0.0311730663547	-0.128290665826	-0.0492894672224
k__Bacteria;p__Bacteroidetes;c__Bacteroidia;o__Bacteroidales;f__Bacteroidaceae;g__Bacteroides;s__Bacteroides_ovatus	-0.192461546077	0.0184501539632	-0.138790303066	0.0292383943393	-0.0270612065228	1.0	0.0791980655399	-0.0350130751027	-0.0546438465192	-0.0233649844226	0.04154116813	-0.0703589226606	0.011606914532	-0.120856314053	0.0507863635546	0.0587107094112	-0.104194229509	0.0386652244685	0.0714224405409	0.129939022106	-0.0365877278536	0.00782758508931	0.0194754630292	0.190564833885	0.113671314989	-0.0431705650019	0.0600310707163	-0.0346385027738	-0.0172047280658	0.0284455124818	0.135636167342	0.00132726302989	0.000662969425831	0.0119483318753	-0.0176753535786	0.0620452028072	-0.0296123478333	-0.136774672745	-0.0802475597888	0.140792441431	0.0993761455778	-0.0702618057015	0.161968827988	0.00168017059553	-0.199980408761	-0.0182031503299	0.000428778441742	-0.0144216309192	0.0355173344962	-0.0396974512531	-0.0252939001558	0.0503082402607	-0.203362863127	0.0712659502184	-0.116159155587	0.0246391629341	-0.00496746651793	-0.112479178248	-0.167067842925
k__Bacteria;p__Bacteroidetes;c__Bacteroidia;o__Bacteroidales;f__Rikenellaceae;g__Alistipes;s__Alistipes_shahii	-0.208553552397	-0.0945031632445	0.0306020221799	0.0745343860224	0.067467958763	0.0791980655399	1.0	-0.114169584171	-0.0799563756569	0.0705472740455	0.0501653580814	-0.0742970573339	-0.0651748836581	0.124188006047	0.0851946395465	0.061811233084	0.166597425574	-0.00612482035696	-0.0306770070619	-0.0652741488618	0.0631483725859	-0.124889605986	0.137520307162	-0.0334427735535	-0.0306829684346	0.0106836849807	0.0162776283839	-0.0768611807426	-0.00361288950851	-0.073296477847	0.0313559959639	0.0700501034575	0.046298321079	0.112762157039	-0.0218481033084	0.0201223059623	-0.0589716138362	-0.107311677744	-0.0230989115271	0.0961197943621	-0.0570968210471	-0.0752754159162	-0.0195831681362	-0.0400744761368	-0.0309414267362	0.0118857275051	0.144548392819	-0.0291911880289	0.0636172786961	0.0682875780694	0.112204701853	-0.162224531754	0.0411675723735	-0.182738150677	0.0409006818887	0.0932562909407	0.0205495477889	-0.174625225897	-0.111020796454
k__Bacteria;p__Firmicutes;c__Clostridia;o__Clostridiales;f__Ruminococcaceae;g__Faecalibacterium;s__Faecalibacterium_prausnitzii	0.10368804648	-0.0223980223518	0.0492260295946	-0.0107117650402	-0.0407202833013	-0.0350130751027	-0.114169584171	1.0	0.0209621744244	-0.094482217669	0.0879850095907	-0.0500430106138	0.103788062132	-0.0311127739184	-0.117567578484	0.20626102223	0.0602145325292	0.0470127733553	-0.0361044487141	-0.109978624772	-0.0927548264251	-0.248493922423	0.0155258603583	-0.110268177726	0.0499935585983	0.0275997035308	-0.0684341377868	-0.0620435036535	0.0211940696774	-0.0528325914072	-0.0920527689448	0.00324026770954	-0.148632161761	-0.0532022830824	0.0594639042043	-0.0132095057881	-0.0675114456744	0.00755561138528	0.225303866533	0.143248721789	-0.0891770279048	0.107897824982	0.0442420345394	0.0173508855678	-0.00599988911845	-0.151966363204	-0.00183935475798	-0.0257758888308	-0.00645871199131	-0.0602081252089	-0.0418571346657	-0.0460676467859	-0.00998125367847	0.13792020056	-0.0231248757421	-0.0307471155186	0.080220004222	0.1432961025	-0.0067377657199
k__Bacteria;p__Bacteroidetes;c__Bacteroidia;o__Bacteroidales;f__Rikenellaceae;g__Alistipes;s__Alistipes_finegoldii	-0.0315377804821	-0.0846448733737	0.0805448270448	-0.010542826089	0.0498285619401	-0.0546438465192	-0.0799563756569	0.0209621744244	1.0	-0.0396774847364	-0.11984381632	-0.195540933127	0.0271950447307	-0.0890831732656	-0.0778105552987	0.0826930837347	0.15498043283	0.0488249748328	-0.075661908106	0.152121925023	0.0339007544865	-0.0739772984724	0.0395805503026	0.100452410836	-0.00556053079073	-0.0776726149777	0.0629790888699	0.133582601095	0.0858585631606	-0.0890963551954	-0.13723695274	0.0253333744569	0.0220591055522	0.0546427232835	-0.22075442328	0.0154292535374	0.00461211065031	-0.131040927754	0.212303628246	-0.0184723049541	-0.0433300664538	-0.0853556591563	-0.00582770059933	0.00281776925828	-0.0979857170893	0.0156666967022	-0.146281728595	0.0217304728689	0.0130950107667	-0.00299292663935	-0.0115447667912	-0.0374950145095	0.0600681195655	0.0349709025546	0.00416199163779	0.0313476633959	-0.113027356599	0.189707220437	-0.110663688429
k__Bacteria;p__Bacteroidetes;c__Bacteroidia;o__Bacteroidales;f__Porphyromonadaceae;g__Parabacteroides;s__Parabacteroides_distasonis	0.0146375924791	0.0138543134386	-0.00021539489636	0.130487610911	0.0632898104785	-0.0233649844226	0.0705472740455	-0.094482217669	-0.0396774847364	1.0	0.0973576280742	-0.00623380352593	-0.0034597800676	0.0111833572408	0.132439654443	-0.033287973316	-0.119628783752	-0.0127493505193	-0.046858922371	-0.224428346608	0.00264413917813	0.0288758180584	-0.222565086135	-0.0312122202694	0.133861421759	-0.0116399092003	0.0842123487453	-0.0649050354864	-0.151370183068	0.125859880849	-0.0249067263178	-0.0235140667205	0.00264588721748	-0.055521572076	0.0900526665429	0.187634588149	-0.0537160538186	-0.0158554561923	0.00957252973799	0.0379648170859	-0.00431710695669	-0.0314203785936	-0.108745932915	-0.0795650730336	-0.0308966840861	-0.115705115328	-0.109186000417	-0.0806826944237	0.0148791623823	-0.10444833398	-0.109461510489	-0.0304816841352	0.0236473664146	0.0774928518526	-0.148434652487	-0.00618709239841	-0.0462106733526	-0.0482589324303	-0.024962881952
k__Bacteria;p__Bacteroidetes;c__Bacteroidia;o__Bacteroidales;f__Bacteroidaceae;g__Bacteroides;s__Bacteroides_thetaiotaomicron	-0.0211851651876	0.114298617539	-0.0167829028862	-0.00613986206673	0.0298999545603	0.04154116813	0.0501653580814	0.0879850095907	-0.11984381632	0.0973576280742	1.0	0.0944202493462	0.0218142742032	-0.148702000427	-0.126963136626	-0.0257149883767	-0.123765991828	0.0336738582542	-0.0943542405852	-0.0956174363911	0.0478171636991	-0.04942689204	0.223465954549	0.104875934875	0.0385649933579	0.277915749558	-0.113965559618	-0.102887474777	0.0871424259593	0.0310191836868	-0.0166885053106	0.0318874892336	-0.0385112778152	-0.0690925356521	0.037543326176	-0.0159436930145	-0.0132881153257	-0.0145901192442	0.134517273327	0.0149375251689	-0.0407127105888	0.114692463783	-0.000590651920248	-0.113888113566	0.0270146624491	-0.0710311190172	-0.0332978119567	-0.0419955550514	-0.096100477014	-0.106880653696	0.0241327468143	-0.0312580689	0.0676307977482	-0.0885748950329	0.048992511522	-0.183448103137	-0.126531172107	0.0776204185607	-0.0514064079324
k__Bacteria;p__Bacteroidetes;c__Bacteroidia;o__Bacteroidales;f__Bacteroidaceae;g__Bacteroides;s__Bacteroides_coprocola	-0.0657673641786	0.073151036855	-0.117924411958	0.0373192623982	-0.0632599607857	-0.0703589226606	-0.0742970573339	-0.0500430106138	-0.195540933127	-0.00623380352593	0.0944202493462	1.0	0.0701909340207	0.00777833462401	-0.0589281739348	-0.0659020287975	-0.04325659465	-0.0584407875154	0.116415772902	0.0886389479525	0.057781680328	-0.0596705282472	0.0273712602403	-0.199258183202	0.0227585640655	-0.105513746132	-0.0113204530475	-0.183673741673	-0.0240310398732	0.0396914678152	-0.140314076091	0.0159128527681	0.0547002543473	0.000600854526498	-0.0924158678396	-0.0549804239329	0.0469570536607	-0.0500922094811	-0.0951454314739	0.0856775467594	0.00257265466122	0.111544214848	-0.0036573557199	-0.0373149321507	0.0215954094338	-0.0163781484189	-0.0625274350554	-0.113776440128	-0.0240233829317	-0.097965770214	-0.0552512178278	0.0523135604118	0.0924165703411	0.110996169392	0.0302183104048	-0.12138299706	0.0560763205756	0.00355811957755	-0.177126574303
k__Bacteria;p__Bacteroidetes;c__Bacteroidia;o__Bacteroidales;f__Bacteroidaceae;g__Bacteroides;s__Bacteroides_cellulosilyticus	-0.108090457985	0.0807059092633	-0.137767496273	0.0220536080321	0.156055441869	0.011606914532	-0.0651748836581	0.103788062132	0.0271950447307	-0.0034597800676	0.0218142742032	0.0701909340207	1.0	-0.107107482858	-0.0985049214423	-0.0887487462996	0.0224460016926	-0.100579869286	-0.0662967630688	-0.130066920257	0.00438352927436	-0.00635084214577	-0.0161181891572	-0.0226051691122	0.124235491304	0.119978273211	-0.0828030517961	-0.0643651050293	-0.0569049437514	0.00172889807835	-0.110766546588	-0.0591581273103	0.0461718137855	-0.0874489618143	-0.0311400983659	0.0547474760639	-0.0541270501652	0.0958087981103	0.0469213752052	0.0149302621036	-0.0495154475271	0.0197678105544	0.0195341756842	0.044187366409	-0.0995967859656	-0.0544644883393	0.134961979862	-0.166280604288	0.0154682811514	0.189975142818	0.0226841568134	0.0266179851017	-0.0191264827514	0.0387069542507	0.128551135919	0.000710881688591	0.0201711623983	0.0893814755085	-0.0912609177057
k__Bacteria;p__Bacteroidetes;c__Bacteroidia;o__Bacteroidales;f__Rikenellaceae;g__Alistipes;s__Alistipes_obesi	-0.0179756161905	0.0364089667277	0.160010602978	-0.0222047454172	-0.212680344627	-0.120856314053	0.124188006047	-0.0311127739184	-0.0890831732656	0.0111833572408	-0.148702000427	0.00777833462401	-0.107107482858	1.0	0.0379951452889	-0.137056355728	-0.0621336031559	-0.0499809992917	0.17184838551	0.218287681829	-0.00695614907737	-0.0157593137552	-0.0443523428846	0.0315676035932	0.080491604295	-0.0460987020341	-0.0736378756659	0.0645689267403	-0.117649897725	0.0471388806442	-0.0899632169165	-0.0109442388368	-0.0868700056232	0.0788399346658	-0.060110676636	0.0320205682963	0.0587101133092	-0.0612550744501	-0.118077526816	0.0414970864579	0.0529799685798	-0.12141052849	0.0463283781272	0.0863500512522	0.0158694312804	-0.0335730996415	-0.0577524208124	0.0365814509092	-0.153172335652	0.0788006020731	-0.0480919770235	-0.0317631684581	0.0191944934003	0.149440644544	-0.0446480626442	-0.115730789697	0.0632548552395	-0.118164706818	0.00415624150344
k__Bacteria;p__Firmicutes;c__Clostridia;o__Clostridiales;f__Lachnospiraceae;g__;s__[Eubacterium]_rectale	0.1699563223	0.0981849365617	0.0025080667619	0.000114058646542	0.00100035476007	0.0507863635546	0.0851946395465	-0.117567578484	-0.0778105552987	0.132439654443	-0.126963136626	-0.0589281739348	-0.0985049214423	0.0379951452889	1.0	0.0423963685779	0.0645105747636	0.0599147815538	0.277165450546	-0.124590484274	-0.00515674286707	0.204822707547	-0.123740484476	0.00308555513287	-0.0394026452204	-0.0664387651758	0.00480335800599	-0.138380569961	0.0407754931437	0.0750482948081	0.0868509350257	0.0374470371574	0.0141317009012	-0.040725176029	-0.0190813691423	0.0707775576703	-0.102610566482	-0.0270948707566	-0.144280531658	-0.0489501918056	0.0192978750027	0.0425961405016	0.0467854467428	-0.00964695615376	-0.106998379751	-0.163730632057	-0.0477714845449	0.123596682394	0.0402373568585	-0.0147150860652	-0.0543433931361	0.0214982138846	-0.0371232686241	0.0449726259067	-0.0325492977578	0.0373295301731	0.111648170917	-0.0758092979231	0.0504130323488
k__Bacteria;p__Bacteroidetes;c__Bacteroidia;o__Bacteroidales;f__Bacteroidaceae;g__Bacteroides;s__Bacteroides_plebeius	0.128187163118	-0.0665882540182	-0.0783756783586	-0.228837909284	-0.0474987525614	0.0587107094112	0.061811233084	0.20626102223	0.0826930837347	-0.033287973316	-0.0257149883767	-0.0659020287975	-0.0887487462996	-0.137056355728	0.0423963685779	1.0	0.0975100729116	-0.0622917622527	0.0577061986745	-0.215693317819	0.0360111589829	0.00814669869129	0.0362075674997	-0.0801913344335	-0.0465293651003	0.213619781565	-0.0366186009775	0.0220453835573	-0.0492991358386	-0.15947627939	0.0330013081406	0.0886639738388	0.181671412913	0.00248565097103	-0.0933632910243	0.0148577336987	0.0888213173617	0.0901116754677	-0.0799307459045	-0.160670884822	0.00138686005806	-0.0613859970774	-0.149093156854	0.0595213515608	-0.128044221716	-0.096327363319	-0.00944363180508	-0.0775949422743	0.0310389658103	-0.00420041563969	0.0731142362029	-0.024475622437	0.173028403281	-0.131414614987	-0.0759282172431	0.0862569125506	-0.0279836123847	0.15193087447	-0.00780514980348
k__Bacteria;p__Bacteroidetes;c__Bacteroidia;o__Bacteroidales;f__Bacteroidaceae;g__Bacteroides;s__Bacteroides_fragilis	-0.0959297198821	0.142535376526	-0.0334235043557	0.0238583026436	-0.0871784778238	-0.104194229509	0.166597425574	0.0602145325292	0.15498043283	-0.119628783752	-0.123765991828	-0.04325659465	0.0224460016926	-0.0621336031559	0.0645105747636	0.0975100729116	1.0	-0.104563803005	0.0147166160326	-0.229373690427	0.0420315092722	-0.106137061095	0.0544249737298	-0.0314125820093	-0.0365020109454	-0.0331119384854	0.0909646375618	-0.116347455792	-0.0741035604841	0.0487717938298	0.0443354036528	-0.0888383284885	-0.0186133512283	0.0577182702604	-0.0108883867843	-0.104432113212	0.0685057117764	0.0193745660608	-0.103152224165	-0.139618883356	-0.0262604910225	-0.0290174308387	0.0675833639806	0.0837978719548	0.022622467286	0.00365404161441	-0.0424359625465	0.0155549969997	0.155006065267	-0.00970216602047	-0.096669924725	0.0507380141871	0.0875086261918	-0.159808188939	0.173732077387	0.0226965580072	-0.0543754642633	-0.069589972485	-0.0349325729332
k__Bacteria;p__Proteobacteria;c__Betaproteobacteria;o__Burkholderiales;f__Sutterellaceae;g__Sutterella;s__Sutterella_wadsworthensis	-0.0908153911808	-0.11307994849	0.0265137681775	-0.00656022102289	-0.102979742408	0.0386652244685	-0.00612482035696	0.0470127733553	0.0488249748328	-0.0127493505193	0.0336738582542	-0.0584407875154	-0.100579869286	-0.0499809992917	0.0599147815538	-0.0622917622527	-0.104563803005	1.0	0.000429169534334	0.0779036892507	0.101665442191	0.0594591197454	-0.120020358004	-0.0195292757584	0.0258335092859	-0.0528431372633	0.101025992091	0.0707184388007	0.0426626029197	0.00858986616466	0.0597387078557	-0.167327159263	-0.0966303933662	-0.104296070501	-0.0803507687138	0.0504902663131	-0.1255744506	0.0776919448631	0.0405965165392	-0.0359682743934	0.163044743722	-0.060379388315	0.0302068669854	-0.0266972909956	0.100631293891	-0.111933540545	-0.087031431166	0.109517521298	-0.0101849224324	0.00316127308019	0.0593368275138	0.131395651393	-0.175117760657	0.0920932119821	0.0426400120252	-0.0980946692639	-0.0143973629039	-0.0432458672332	0.0420299303319
k__Bacteria;p__Bacteroidetes;c__Bacteroidia;o__Bacteroidales;f__Porphyromonadaceae;g__Barnesiella;s__Barnesiella_intestinihominis	-0.111385200446	0.00214021569758	-0.0944042689259	0.066917399801	-0.0350742302876	0.0714224405409	-0.0306770070619	-0.0361044487141	-0.075661908106	-0.046858922371	-0.0943542405852	0.116415772902	-0.0662967630688	0.17184838551	0.277165450546	0.0577061986745	0.0147166160326	0.000429169534334	1.0	-0.0749096464941	-0.102816003745	-0.0499914797229	0.0235152153971	-0.0351256617112	-0.0575495699645	0.0431044729861	0.0122869771509	-0.104942495388	-0.0378109118765	-0.0955500855445	0.118886851816	0.0979027271496	-0.138187959606	-0.0420215544795	0.0598123439826	-0.102769719987	0.0820951297283	-0.0861249902085	0.0956388284169	0.0049385118794	0.0460715045398	-0.158268955426	0.00230964749632	-0.101230374777	0.0074734463431	0.0719658848955	-0.149537165095	-0.247563616276	0.0244334622028	-0.00676090298797	0.0530236338292	-0.0178738741802	-0.00973226517591	0.0769085751102	-0.129674574178	0.011910728702	0.161636135696	-0.0271327588463	0.132773480495
k__Bacteria;p__Bacteroidetes;c__Bacteroidia;o__Bacteroidales;f__Odoribacteraceae;g__Odoribacter;s__Odoribacter_splanchnicus	0.00226134963223	0.0908069777136	0.0879366114297	-0.0743258621887	-0.105739983116	0.129939022106	-0.0652741488618	-0.109978624772	0.152121925023	-0.224428346608	-0.0956174363911	0.0886389479525	-0.130066920257	0.218287681829	-0.124590484274	-0.215693317819	-0.229373690427	0.0779036892507	-0.0749096464941	1.0	0.0135682033547	-0.153343342633	-0.0178807215752	0.0675092085633	-0.0496447680023	-0.155903295782	0.00137526209295	-0.0711584634411	0.024763874801	-0.0885021510634	0.116827331109	0.0081063884941	-0.108532173942	0.0194019683971	0.129982171817	-0.0758056114377	-0.0879135375732	0.00927085826087	-0.0723986750644	0.00244856796891	0.036599363202	-0.180636423829	0.129717698043	-0.01209565857	0.17371915519	0.0510596547846	-0.02266069041	-0.0673184950092	0.102550159463	0.167897043734	-0.090951183814	-0.133639678684	-0.0892219431022	-0.0860147520388	0.00660378586746	0.127115359204	0.0113833807159	-0.0241646314661	-0.0925619998435
k__Bacteria;p__Bacteroidetes;c__Bacteroidia;o__Bacteroidales;f__Bacteroidaceae;g__Bacteroides;s__Bacteroides_salyersiae	0.143242292849	0.0404943404323	0.150044592135	-0.0574107815793	-0.0383761647345	-0.0365877278536	0.0631483725859	-0.0927548264251	0.0339007544865	0.00264413917813	0.0478171636991	0.057781680328	0.00438352927436	-0.00695614907737	-0.00515674286707	0.0360111589829	0.0420315092722	0.101665442191	-0.102816003745	0.0135682033547	1.0	0.132892610673	-0.0762153400017	0.0207172207259	-0.0809991205745	0.117743123808	0.0369725613609	-0.0764458897855	0.0120190001997	0.0454863779962	0.0483301178045	-0.143378201275	-0.101811950917	-0.0614975929671	-0.127353408102	0.117722247126	0.103262434694	0.0815080745271	-0.113880398021	-0.0351883246764	0.0619450076437	-0.0673756066304	-0.10058167786	0.0500027597128	-0.115412356426	-0.0159434332902	-0.0371942869536	0.0133500751952	0.0852670056752	-0.0773317943426	0.0950634579633	0.0154362975983	-0.121203085717	0.15842213925	0.0396527761841	-0.105768976054	-0.0153072392587	-0.00268793626439	-0.0715938410538
k__Bacteria;p__Firmicutes;c__Clostridia;o__Clostridiales;f__Ruminococcaceae;g__Ruminiclostridium;s__[Eubacterium]_siraeum	0.0412967439473	-0.108043204273	0.187696734248	-0.115638682372	0.210010427699	0.00782758508931	-0.124889605986	-0.248493922423	-0.0739772984724	0.0288758180584	-0.04942689204	-0.0596705282472	-0.00635084214577	-0.0157593137552	0.204822707547	0.00814669869129	-0.106137061095	0.0594591197454	-0.0499914797229	-0.153343342633	0.132892610673	1.0	0.0710103610568	-0.0368007645071	-0.0448448796679	-0.118712865752	0.0231731212316	0.019997668142	0.0860237514832	0.110906464193	-0.00915018471957	-0.111716587813	-0.0696887068775	-0.137396578998	-0.118256061158	-0.0360574334497	-0.00350029913049	-0.191640880478	-0.0370235670309	-0.0904477433479	-0.134857700973	0.00173236613835	-0.116149704451	-0.126330860299	-0.103800955159	-0.0890285186463	-0.0945601650754	0.0539110994749	-0.196558914225	-0.078740918673	-0.0253988830348	0.00835918699756	-0.0550189463609	0.0100020537571	0.00166075102207	0.0434781401533	-0.13265460514	0.0732503735478	-0.00107582775095
k__Bacteria;p__Proteobacteria;c__Betaproteobacteria;o__Burkholderiales;f__Sutterellaceae;g__Parasutterella;s__Parasutterella_excrementihominis	-0.0365997113538	-0.0794039928091	-0.00743229868222	-0.0685684835911	-0.0164500672191	0.0194754630292	0.137520307162	0.0155258603583	0.0395805503026	-0.222565086135	0.223465954549	0.0273712602403	-0.0161181891572	-0.0443523428846	-0.123740484476	0.0362075674997	0.0544249737298	-0.120020358004	0.0235152153971	-0.0178807215752	-0.0762153400017	0.0710103610568	1.0	-0.023284795987	-0.0847580208163	-0.0993022938622	-0.122096790098	-0.0730867718341	0.0415193776362	-0.0737295282122	-0.0612694688708	0.145057991462	-0.00258992329877	0.0767796164948	0.0619317758176	0.0509290339545	-0.10681781854	-0.136608603077	-0.134928261866	-0.0195339805927	-0.0697923464307	-0.114545723913	-0.0181608232031	0.0864925724734	0.0077650801273	0.0196416486525	0.0938939521719	0.126770969875	-0.0869585742929	-0.115777228271	0.0140956043713	0.109097114895	0.142598779205	-0.0453992835025	-0.000929149246543	-0.0783670923476	-0.114298681516	0.0300848303154	0.0373249619047
k__Bacteria;p__Actinobacteria;c__Actinobacteria;o__Bifidobacteriales;f__Bifidobacteriaceae;g__Bifidobacterium;s__Bifidobacterium_adolescentis	0.00924067893492	-0.162796751046	-0.040943809743	-0.0839171187356	0.117655763034	0.190564833885	-0.0334427735535	-0.110268177726	0.100452410836	-0.0312122202694	0.104875934875	-0.199258183202	-0.0226051691122	0.0315676035932	0.00308555513287	-0.0801913344335	-0.0314125820093	-0.0195292757584	-0.0351256617112	0.0675092085633	0.0207172207259	-0.0368007645071	-0.023284795987	1.0	0.0688303795931	0.0389781927454	-0.0198496521798	0.13543816542	-0.10022296645	-0.0850929393264	-0.0035321563772	-0.0757896592656	-0.0231287875076	0.0549984408073	-0.013125828317	-0.0033246583726	-0.0750988905588	-0.141981492954	-0.102819746885	0.157304362576	0.0404760720433	-0.0447865493974	-0.00747326168568	-0.0439606793903	0.0848806562252	0.0307955031579	-0.0228505591243	0.0423264864021	0.0186333235841	-0.0448863327749	-0.094545589852	0.0356391714166	0.0282779050578	0.0469638101155	0.0157683325105	-0.00119440897755	-0.103746664658	-0.00217935117762	-0.0981962302103
k__Bacteria;p__Firmicutes;c__Clostridia;o__Clostridiales;f__Oscillospiraceae;g__Oscillibacter;s__Oscillibacter_sp._KLE_1745	0.0911180525393	0.101176056652	-0.175395747812	0.0504777968486	-0.0980342899446	0.113671314989	-0.0306829684346	0.0499935585983	-0.00556053079073	0.133861421759	0.0385649933579	0.0227585640655	0.124235491304	0.080491604295	-0.0394026452204	-0.0465293651003	-0.0365020109454	0.0258335092859	-0.0575495699645	-0.0496447680023	-0.0809991205745	-0.0448448796679	-0.0847580208163	0.0688303795931	1.0	0.0650029454256	0.155606698436	-0.177899895492	-0.294492006089	-0.024680697281	-0.0115441884719	0.0210388513859	0.0404322320902	-0.0472797502362	0.0739829276616	-0.0219711018378	0.0562060109101	-0.0188805752644	-0.0488493324792	0.189238258711	-0.00957833839939	-0.0549982080186	0.13532910556	-0.211588222062	-0.107253917348	0.0067614942224	0.0826396426023	0.000416988196544	-0.17710132476	0.107472915275	-0.123133406663	0.0490417788878	-0.0172061201811	-0.0886480778952	-0.0587796281934	-0.0347256219814	-0.155716821815	-0.0628873868566	-0.206542209515
k__Bacteria;p__Bacteroidetes;c__Bacteroidia;o__Bacteroidales;f__Bacteroidaceae;g__Bacteroides;s__Bacteroides_coprophilus	-0.0876828099509	0.0897295070061	-0.0640541899143	-0.144148354263	-0.0345523236005	-0.0431705650019	0.0106836849807	0.0275997035308	-0.0776726149777	-0.0116399092003	0.277915749558	-0.105513746132	0.119978273211	-0.0460987020341	-0.0664387651758	0.213619781565	-0.0331119384854	-0.0528431372633	0.0431044729861	-0.155903295782	0.117743123808	-0.118712865752	-0.0993022938622	0.0389781927454	0.0650029454256	1.0	-0.0784250882921	-0.0265230035149	-0.0770938619589	-0.0264319768588	-0.0765805615938	0.03093615322	0.112581213936	0.0159455763315	-0.00543517755197	0.0584092714642	-0.00365067767689	0.239840501375	-0.0223837924751	0.0242687449387	-0.0452089130283	-0.0636275092518	-0.0328669568605	0.00111525370696	-0.170304166749	0.0148990721375	-0.0895560183437	0.0157435194078	-0.0108505564603	-0.0379915304636	0.0189385083446	-0.0233143663663	0.0953016459565	-0.0976479011807	0.181184407221	-0.0719457766384	-0.0920833745529	0.037794679702	-0.0980738818812
k__Bacteria;p__Firmicutes;c__Clostridia;o__Clostridiales;f__Lachnospiraceae;g__Roseburia;s__Roseburia_intestinalis	-0.0515077867846	-0.164302179638	0.0129572581992	-0.00766996324456	0.0184543215452	0.0600310707163	0.0162776283839	-0.0684341377868	0.0629790888699	0.0842123487453	-0.113965559618	-0.0113204530475	-0.0828030517961	-0.0736378756659	0.00480335800599	-0.0366186009775	0.0909646375618	0.101025992091	0.0122869771509	0.00137526209295	0.0369725613609	0.0231731212316	-0.122096790098	-0.0198496521798	0.155606698436	-0.0784250882921	1.0	-0.00460896824694	-0.0510929967106	-0.0571002830642	-0.0217669626984	0.0553109458506	-0.0712050585087	-0.021654568705	0.0137964712931	0.00839356951597	-0.0814223501752	0.0054346253858	-0.0974516022612	-0.00882505460773	-0.0625704702486	0.0856837862143	0.0652192521308	-0.185147327634	0.076704521165	-0.128925173163	0.0334128832146	-0.118849660021	-0.00342413030091	0.0764692085467	-0.0764468801436	-0.132810351506	0.00605537280626	-0.00831088581577	-0.032784854068	0.0724040259655	-0.0655428802834	0.108853536202	0.0731238240992
k__Bacteria;p__Firmicutes;c__Clostridia;o__Clostridiales;f__Lachnospiraceae;g__Roseburia;s__Roseburia_hominis	0.123950483188	-0.112308707286	-0.11282704901	-0.118989182433	0.0730003082672	-0.0346385027738	-0.0768611807426	-0.0620435036535	0.133582601095	-0.0649050354864	-0.102887474777	-0.183673741673	-0.0643651050293	0.0645689267403	-0.138380569961	0.0220453835573	-0.116347455792	0.0707184388007	-0.104942495388	-0.0711584634411	-0.0764458897855	0.019997668142	-0.0730867718341	0.13543816542	-0.177899895492	-0.0265230035149	-0.00460896824694	1.0	0.0659536172601	-0.105773441901	0.0335750462654	-0.171074677668	-0.00150801294722	0.0230978768385	-0.0143710146417	-0.0105727499449	0.00267682380447	0.0742090389928	0.14015581181	0.0276232131065	-0.054009862938	-0.100899419946	0.0264221961385	-0.0377485351171	-0.0107025501293	-0.0836320535035	-0.0270903544444	0.0239017493053	0.132755277708	0.0990802873633	0.0106290693915	-0.0429301141622	0.147580613631	0.0318969405864	0.0533424527288	0.221881702973	-0.0252614605465	0.0110729330245	0.155172493895
k__Bacteria;p__Bacteroidetes;c__Bacteroidia;o__Bacteroidales;f__Porphyromonadaceae;g__Parabacteroides;s__Parabacteroides_johnsonii	-0.073477506147	-0.118944604191	0.149182613461	-0.0710866794701	0.0179131004765	-0.0172047280658	-0.00361288950851	0.0211940696774	0.0858585631606	-0.151370183068	0.0871424259593	-0.0240310398732	-0.0569049437514	-0.117649897725	0.0407754931437	-0.0492991358386	-0.0741035604841	0.0426626029197	-0.0378109118765	0.024763874801	0.0120190001997	0.0860237514832	0.0415193776362	-0.10022296645	-0.294492006089	-0.0770938619589	-0.0510929967106	0.0659536172601	1.0	-0.0994339473485	0.112250248421	0.0733126914033	0.0456421050931	-0.0789710506492	0.0205873177352	-0.146444786889	-0.0733630655491	0.0524022577867	0.0406182360211	0.065319705499	-0.112676987881	0.0698797952877	0.0274890481411	-0.0355257467119	-0.0547688539496	0.0320727351173	0.0093699624862	-0.0359481951911	0.0197714822827	0.0424192161365	-0.0407299617506	0.0532365685649	0.0736809529587	0.00353679004178	-0.142875008014	-0.0874649971901	-0.0136488731329	-0.0014077611311	-0.0295326133499
k__Bacteria;p__Actinobacteria;c__Actinobacteria;o__Bifidobacteriales;f__Bifidobacteriaceae;g__Bifidobacterium;s__Bifidobacterium_longum	-0.00351469246506	0.0642756929651	0.0302080890119	0.0109860832105	-2.76627345128e-05	0.0284455124818	-0.073296477847	-0.0528325914072	-0.0890963551954	0.125859880849	0.0310191836868	0.0396914678152	0.00172889807835	0.0471388806442	0.0750482948081	-0.15947627939	0.0487717938298	0.00858986616466	-0.0955500855445	-0.0885021510634	0.0454863779962	0.110906464193	-0.0737295282122	-0.0850929393264	-0.024680697281	-0.0264319768588	-0.0571002830642	-0.105773441901	-0.0994339473485	1.0	0.16338202022	-0.0189302738152	-0.0310897094582	-0.104143715502	-0.0274301412167	-0.0961779770762	0.0271277954247	-0.0462981942904	-0.0317057565026	0.0332049471018	-0.0119098081144	0.0514150307772	-0.120150145775	0.120082530024	-0.00992546691119	0.0114968960693	0.0202309204398	-0.0453760515552	-0.138417742407	-0.0137568085638	-0.170850362302	0.00878573730038	0.0254455037125	-0.133431093195	-0.0830509952053	-0.0550968726463	0.00363431912659	-0.100751639986	0.140195611652
