#taxonomy	k__Bacteria;p__Bacteroidetes;c__Bacteroidia;o__Bacteroidales;f__Bacteroidaceae;g__Bacteroides;s__Bacteroides_vulgatus	k__Bacteria;p__Bacteroidetes;c__Bacteroidia;o__Bacteroidales;f__Bacteroidaceae;g__Bacteroides;s__Bacteroides_uniformis	k__Bacteria;p__Bacteroidetes;c__Bacteroidia;o__Bacteroidales;f__Rikenellaceae;g__Alistipes;s__Alistipes_putredinis	k__Bacteria;p__Bacteroidetes;c__Bacteroidia;o__Bacteroidales;f__Prevotellaceae;g__Prevotella;s__Prevotella_copri	k__Bacteria;p__Bacteroidetes;c__Bacteroidia;o__Bacteroidales;f__Bacteroidaceae;g__Bacteroides;s__Bacteroides_stercoris	k__Bacteria;p__Bacteroidetes;c__Bacteroidia;o__Bacteroidales;f__Bacteroidaceae;g__Bacteroides;s__Bacteroides_ovatus	k__Bacteria;p__Bacteroidetes;c__Bacteroidia;o__Bacteroidales;f__Rikenellaceae;g__Alistipes;s__Alistipes_shahii	k__Bacteria;p__Firmicutes;c__Clostridia;o__Clostridiales;f__Ruminococcaceae;g__Faecalibacterium;s__Faecalibacterium_prausnitzii	k__Bacteria;p__Bacteroidetes;c__Bacteroidia;o__Bacteroidales;f__Rikenellaceae;g__Alistipes;s__Alistipes_finegoldii	k__Bacteria;p__Bacteroidetes;c__Bacteroidia;o__Bacteroidales;f__Porphyromonadaceae;g__Parabacteroides;s__Parabacteroides_distasonis	k__Bacteria;p__Bacteroidetes;c__Bacteroidia;o__Bacteroidales;f__Bacteroidaceae;g__Bacteroides;s__Bacteroides_thetaiotaomicron	k__Bacteria;p__Bacteroidetes;c__Bacteroidia;o__Bacteroidales;f__Bacteroidaceae;g__Bacteroides;s__Bacteroides_coprocola	k__Bacteria;p__Bacteroidetes;c__Bacteroidia;o__Bacteroidales;f__Bacteroidaceae;g__Bacteroides;s__Bacteroides_cellulosilyticus	k__Bacteria;p__Bacteroidetes;c__Bacteroidia;o__Bacteroidales;f__Rikenellaceae;g__Alistipes;s__Alistipes_obesi	k__Bacteria;p__Firmicutes;c__Clostridia;o__Clostridiales;f__Lachnospiraceae;g__;s__[Eubacterium]_rectale	k__Bacteria;p__Bacteroidetes;c__Bacteroidia;o__Bacteroidales;f__Bacteroidaceae;g__Bacteroides;s__Bacteroides_plebeius	k__Bacteria;p__Bacteroidetes;c__Bacteroidia;o__Bacteroidales;f__Bacteroidaceae;g__Bacteroides;s__Bacteroides_fragilis	k__Bacteria;p__Proteobacteria;c__Betaproteobacteria;o__Burkholderiales;f__Sutterellaceae;g__Sutterella;s__Sutterella_wadsworthensis	k__Bacteria;p__Bacteroidetes;c__Bacteroidia;o__Bacteroidales;f__Porphyromonadaceae;g__Barnesiella;s__Barnesiella_intestinihominis	k__Bacteria;p__Bacteroidetes;c__Bacteroidia;o__Bacteroidales;f__Odoribacteraceae;g__Odoribacter;s__Odoribacter_splanchnicus	k__Bacteria;p__Bacteroidetes;c__Bacteroidia;o__Bacteroidales;f__Bacteroidaceae;g__Bacteroides;s__Bacteroides_salyersiae	k__Bacteria;p__Firmicutes;c__Clostridia;o__Clostridiales;f__Ruminococcaceae;g__Ruminiclostridium;s__[Eubacterium]_siraeum	k__Bacteria;p__Proteobacteria;c__Betaproteobacteria;o__Burkholderiales;f__Sutterellaceae;g__Parasutterella;s__Parasutterella_excrementihominis	k__Bacteria;p__Actinobacteria;c__Actinobacteria;o__Bifidobacteriales;f__Bifidobacteriaceae;g__Bifidobacterium;s__Bifidobacterium_adolescentis	k__Bacteria;p__Firmicutes;c__Clostridia;o__Clostridiales;f__Oscillospiraceae;g__Oscillibacter;s__Oscillibacter_sp._KLE_1745	k__Bacteria;p__Bacteroidetes;c__Bacteroidia;o__Bacteroidales;f__Bacteroidaceae;g__Bacteroides;s__Bacteroides_coprophilus	k__Bacteria;p__Firmicutes;c__Clostridia;o__Clostridiales;f__Lachnospiraceae;g__Roseburia;s__Roseburia_intestinalis	k__Bacteria;p__Firmicutes;c__Clostridia;o__Clostridiales;f__Lachnospiraceae;g__Roseburia;s__Roseburia_hominis	k__Bacteria;p__Bacteroidetes;c__Bacteroidia;o__Bacteroidales;f__Porphyromonadaceae;g__Parabacteroides;s__Parabacteroides_johnsonii	k__Bacteria;p__Actinobacteria;c__Actinobacteria;o__Bifidobacteriales;f__Bifidobacteriaceae;g__Bifidobacterium;s__Bifidobacterium_longum	k__Bacteria;p__Firmicutes;c__Clostridia;o__Clostridiales;f__;g__Flavonifractor;s__Flavonifractor_plautii	k__Bacteria;p__Firmicutes;c__Clostridia;o__Clostridiales;f__Clostridiaceae;g__Clostridium;s__Clostridium_phoceensis	k__Bacteria;p__Verrucomicrobia;c__Verrucomicrobiae;o__Verrucomicrobiales;f__Akkermansiaceae;g__Akkermansia;s__Akkermansia_muciniphila	k__Bacteria;p__Bacteroidetes;c__Bacteroidia;o__Bacteroidales;f__Prevotellaceae;g__Paraprevotella;s__Paraprevotella_xylaniphila	k__Bacteria;p__Firmicutes;c__Clostridia;o__Clostridiales;f__Ruminococcaceae;g__Ruminococcus;s__Ruminococcus_callidus	k__Bacteria;p__Bacteroidetes;c__Bacteroidia;o__Bacteroidales;f__Rikenellaceae;g__Alistipes;s__Alistipes_senegalensis	k__Bacteria;p__Firmicutes;c__Clostridia;o__Clostridiales;f__Lachnospiraceae;g__Blautia;s__Blautia_sp._KLE_1732	k__Bacteria;p__Bacteroidetes;c__Bacteroidia;o__Bacteroidales;f__Bacteroidaceae;g__Bacteroides;s__Bacteroides_oleiciplenus	k__Bacteria;p__Firmicutes;c__Clostridia;o__Clostridiales;f__Ruminococcaceae;g__Ruminococcus;s__Ruminococcus_bicirculans	k__Bacteria;p__Bacteroidetes;c__Bacteroidia;o__Bacteroidales;f__Bacteroidaceae;g__Bacteroides;s__Bacteroides_fluxus	k__Bacteria;p__Bacteroidetes;c__Bacteroidia;o__Bacteroidales;f__Prevotellaceae;g__Prevotella;s__Prevotella_stercorea	k__Bacteria;p__Firmicutes;c__Clostridia;o__Clostridiales;f__Lachnospiraceae;g__Dorea;s__Dorea_longicatena	k__Bacteria;p__Firmicutes;c__Clostridia;o__Clostridiales;f__Eubacteriaceae;g__Eubacterium;s__[Eubacterium]_eligens	k__Bacteria;p__Firmicutes;c__Clostridia;o__Clostridiales;f__Ruminococcaceae;g__;s__Ruminococcaceae_bacterium_D16	k__Bacteria;p__Firmicutes;c__Clostridia;o__Clostridiales;f__Lachnospiraceae;g__Coprococcus;s__Coprococcus_comes	k__Bacteria;p__Proteobacteria;c__Gammaproteobacteria;o__Enterobacterales;f__Enterobacteriaceae;g__Escherichia;s__Escherichia_coli	k__Bacteria;p__Firmicutes;c__Clostridia;o__Clostridiales;f__Ruminococcaceae;g__Anaerotruncus;s__Anaerotruncus_colihominis	k__Bacteria;p__Firmicutes;c__Clostridia;o__Clostridiales;f__Lachnospiraceae;g__Blautia;s__Blautia_obeum	k__Bacteria;p__Bacteroidetes;c__Bacteroidia;o__Bacteroidales;f__Odoribacteraceae;g__Odoribacter;s__Odoribacter_laneus	k__Bacteria;p__Firmicutes;c__Clostridia;o__Clostridiales;f__Ruminococcaceae;g__Ruminiclostridium;s__[Clostridium]_leptum	k__Bacteria;p__Bacteroidetes;c__Bacteroidia;o__Bacteroidales;f__Porphyromonadaceae;g__Parabacteroides;s__Parabacteroides_goldsteinii	k__Bacteria;p__Firmicutes;c__Clostridia;o__Clostridiales;f__Lachnospiraceae;g__Anaerostipes;s__Anaerostipes_hadrus	k__Bacteria;p__Firmicutes;c__Clostridia;o__Clostridiales;f__Ruminococcaceae;g__Ruminococcus;s__Ruminococcus_lactaris	k__Bacteria;p__Firmicutes;c__Clostridia;o__Clostridiales;f__Clostridiaceae;g__Clostridium;s__Clostridium_sp._L2-50	k__Bacteria;p__Firmicutes;c__Clostridia;o__Clostridiales;f__Clostridiaceae;g__Clostridium;s__Clostridium_sp._M62/1	k__Bacteria;p__Firmicutes;c__Clostridia;o__Clostridiales;f__;g__Intestinimonas;s__Intestinimonas_butyriciproducens	k__Bacteria;p__Actinobacteria;c__Actinobacteria;o__Bifidobacteriales;f__Bifidobacteriaceae;g__Bifidobacterium;s__Bifidobacterium_bifidum	k__Bacteria;p__Firmicutes;c__Negativicutes;o__Veillonellales;f__Veillonellaceae;g__Dialister;s__Dialister_invisus	k__Bacteria;p__Bacteroidetes;c__Bacteroidia;o__Bacteroidales;f__Bacteroidaceae;g__Bacteroides;s__Bacteroides_salanitronis
k__Bacteria;p__Bacteroidetes;c__Bacteroidia;o__Bacteroidales;f__Bacteroidaceae;g__Bacteroides;s__Bacteroides_vulgatus	1.0	-0.0445593017383	0.0693812866516	-0.0339220434385	-0.0220815845985	0.0360279642058	0.0294838011871	-0.0324022243082	-0.188366207434	-0.0233055297598	0.0123149646712	-0.0671655668208	0.0291530944189	-0.0154553662349	0.00331955132698	-0.0980814262374	-0.107376000986	-0.0409966545751	-0.0517822712086	0.0354538231435	-0.0411337622548	-0.0317729767856	-0.0188630284172	0.00782394590597	-0.0563691252521	0.018160520572	0.0537828497625	0.00914534102228	-0.078644520581	-0.0731737096188	-0.107565816637	-0.015522729531	-0.00987564123122	-0.0608472747189	0.061952862563	0.0230514912814	-0.0836176862291	0.11441304016	0.00702655841464	0.0788286743019	0.0904265136292	-0.0849583436982	0.038051570914	0.0329947711077	-0.0481183781227	0.0545686707309	-0.037017943002	-0.0592569815664	-0.0658844334262	0.0128768823154	0.044789235058	0.0147178606871	-0.0639415355793	-0.0109394172543	-0.117486461571	-0.00563408831621	0.0816751709912	-0.0885869410147	-0.0241986975249
k__Bacteria;p__Bacteroidetes;c__Bacteroidia;o__Bacteroidales;f__Bacteroidaceae;g__Bacteroides;s__Bacteroides_uniformis	-0.0445593017383	1.0	0.0525228530886	-0.0450931901268	0.0215431521877	0.0829336501788	-0.111831015623	0.0623330225584	0.068587053612	-0.0996889546167	0.0824289854967	-0.130344337436	0.140665699391	-0.0510663544431	-0.0416086648594	-0.0663670525241	-0.026019471494	0.0484821445075	0.000982208821782	-0.212262010275	0.0513970122625	-0.168073206102	0.0109037105945	0.103437714599	-0.00145518641674	0.147207351163	0.10304664184	-0.169432181367	-0.0669607568576	0.00804386705316	0.103314636416	-0.0413879750111	-0.0469127361307	0.160736899381	0.0109646280811	-0.133692780475	-0.0270995250746	0.139572543057	-0.0603226196148	0.0985630091692	0.0623203517874	0.0325483799896	0.0261573586341	-0.0682928029789	-0.0531329094122	0.0720007864982	0.057750938644	0.0586657923854	-0.111801791659	-0.0123623514116	-0.0132232171447	-0.105996033931	0.0745490052266	-0.00680085770466	0.0195736523838	-0.0123663309086	0.0410965562314	-0.0915395180441	-0.0317194641822
k__Bacteria;p__Bacteroidetes;c__Bacteroidia;o__Bacteroidales;f__Rikenellaceae;g__Alistipes;s__Alistipes_putredinis	0.0693812866516	0.0525228530886	1.0	-0.0102157298833	-0.00617848799468	-0.109577681815	0.101410526308	-0.0906834035406	0.00419344854019	-0.0445540798042	0.00864514073796	-0.0209691629764	0.0660323877227	0.0471212676992	0.057769049525	-0.000294464407953	-0.119293781469	0.0318510355672	0.0103423507357	0.0256691968351	0.0235499199427	-0.031921029723	0.0765147497465	0.0889027408759	0.0544152401657	-0.0885554224682	0.0124850061766	0.0409731777685	-0.135624208953	-0.0717320146994	0.0454871993994	-0.0531159976709	-0.0203513958293	0.0273794260963	-0.054736002654	-0.0688762044511	0.0269256960392	-0.0560045356495	0.0362607218362	0.00340879726882	-0.0436395039446	-0.0698667746159	0.0269373925128	-0.246511430838	-0.0679835729305	-0.0202013348258	0.0302821602606	-0.0776860364722	0.0338624515616	-0.0836043640465	-0.0403359072379	0.162208427089	-0.0410845255789	-0.0530073572051	0.039581957089	-0.00361173368311	-0.0786457749458	0.122162919746	-0.0895913578017
k__Bacteria;p__Bacteroidetes;c__Bacteroidia;o__Bacteroidales;f__Prevotellaceae;g__Prevotella;s__Prevotella_copri	-0.0339220434385	-0.0450931901268	-0.0102157298833	1.0	-0.121086295447	0.0340706175567	0.0706555005998	0.077375396753	0.0168054116003	-0.0164822807859	0.0785820886466	0.0044412885337	-0.0681134517164	-0.0451561761255	0.088793434304	-0.0658421367124	-0.0780152341583	0.00743479483015	-0.0740803402681	0.033983079795	0.0493199041257	-0.120038674569	0.108638134204	-0.157221832135	0.0416615393527	-0.125947113332	-0.0594383177626	0.121284245703	-0.0404077935259	-0.139875829567	-0.114823178765	-0.141904173639	0.0455380019045	-0.0976829706778	-0.0144838744177	-0.036878816946	0.056856938995	-0.034190406304	-0.0564581123261	0.0609224473323	-0.0490484050873	-0.0305468457283	-0.0741206797866	0.10985975746	-0.0824656613025	0.0016351063305	0.00275487282886	0.117004847609	-0.175508727466	0.118165336983	0.00965233587296	-0.00657728300841	0.0429789576468	-0.0330560916017	0.0765618962524	-0.0171984291644	-0.0992969160759	-0.00534841085147	-0.0108460567158
k__Bacteria;p__Bacteroidetes;c__Bacteroidia;o__Bacteroidales;f__Bacteroidaceae;g__Bacteroides;s__Bacteroides_stercoris	-0.0220815845985	0.0215431521877	-0.00617848799468	-0.121086295447	1.0	0.0209421888492	-0.0940624436974	0.0496372814762	-0.0488227674236	0.0374719987427	0.0206897836818	0.0775758241727	0.0625594243562	-0.0382557648276	-0.214509264809	0.0561788503933	0.140774471117	0.00937228991054	0.0739052922061	0.174831176983	-0.0190076081703	-0.0176675142054	-0.044225462746	0.0435389743196	-0.00833659253686	0.00729413182911	-0.0775919236599	-0.0123020601432	-0.0106188809123	0.0261691346924	0.011235861683	0.0960007320777	-0.12857609133	0.0952278757826	0.00551334755706	0.0465561409302	0.0136528950067	0.121380300973	-0.151776370315	0.028353627625	0.0446831761594	0.157444795888	0.06556936848	0.0485531596593	0.0709729990027	-0.0486431628998	-0.0847369060261	-0.142578389542	0.0180270024664	-0.0061104224402	-0.17206886607	0.0420094251951	0.0462839286486	-0.0740248285656	-0.107921764157	-0.0225284020264	-0.0846190098773	0.00537190874909	-0.00528211437325
k__Bacteria;p__Bacteroidetes;c__Bacteroidia;o__Bacteroidales;f__Bacteroidaceae;g__Bacteroides;s__Bacteroides_ovatus	0.0360279642058	0.0829336501788	-0.109577681815	0.0340706175567	0.0209421888492	1.0	0.00668859433925	0.100542440837	-0.0445852132903	-0.0352573215208	-0.0178605462497	0.031928857252	-0.0741272494118	-0.0335729500295	0.0199061640632	0.0506283661669	0.0395548934159	-0.050818012904	-0.0882475307462	0.0583544421542	0.0116734533132	-0.0691514784672	0.0271915083936	0.0079992376537	-0.12230305678	0.0134127203873	-0.0389698999528	-0.0884721907455	-0.019978258349	0.0251788291907	-0.114737043084	-0.00561897543198	0.0287841418966	0.100674257825	-0.00370431971756	0.0551759258522	-0.1443835161	0.16264895277	-0.0109577648114	-0.128120118206	-0.00035707866004	-0.109127216605	-0.0618045627304	0.00398883749436	-0.0677729075985	-0.00605722171678	0.0666557689312	-0.0330625292591	0.0746923521296	-0.11137303236	0.00489086986292	-0.00738421839204	-0.111343512832	-0.0247079036802	-0.0493103566116	-0.0301588738357	0.00986996572112	0.000583934555366	-0.0552538206768
k__Bacteria;p__Bacteroidetes;c__Bacteroidia;o__Bacteroidales;f__Rikenellaceae;g__Alistipes;s__Alistipes_shahii	0.0294838011871	-0.111831015623	0.101410526308	0.0706555005998	-0.0940624436974	0.00668859433925	1.0	0.0344783707346	0.0685393006965	0.108381539076	-0.0535876457773	-0.0340599473881	0.00942943910671	0.0027392750893	0.0435734130843	-0.0117518779098	-0.0685090530314	-0.0579560946466	-0.103708615531	0.0263012648264	-0.0367795229336	0.016835137163	0.0108852493911	-0.0971207501032	-0.117553213801	-0.00340787239338	-0.0220715220357	-0.0277800126281	-0.0187367712963	0.0353010018455	-0.025473629387	-0.018444785276	0.00978435458201	0.04578336788	-0.128151943803	-0.118241212757	-0.0841172828823	0.0783443196085	0.046602969358	0.117309288022	-0.0522798781764	-0.0484732036203	-0.105606293892	-0.0920948112483	-0.0295357588117	-0.0523940351887	0.00813696503841	0.0887706353316	-0.11131402545	0.099865564128	-0.00972958385233	0.0730450974054	0.0694073752965	0.0473644788683	0.0194377626156	0.0393174067496	-0.0577725960298	0.0487553684269	-0.103777701223
k__Bacteria;p__Firmicutes;c__Clostridia;o__Clostridiales;f__Ruminococcaceae;g__Faecalibacterium;s__Faecalibacterium_prausnitzii	-0.0324022243082	0.0623330225584	-0.0906834035406	0.077375396753	0.0496372814762	0.100542440837	0.0344783707346	1.0	0.0321889129066	0.00979830678189	-0.00131026547056	0.041652195096	-0.00139346445889	-0.117596568724	0.108035542727	-0.0573771744846	0.0152750729984	-0.0881762446352	0.0639773645517	-0.0648514209803	0.137904464648	0.0035039321302	0.0328468468248	0.0970437906078	0.0275400047811	0.00102217684	0.00145474777109	-0.12249585424	0.00432874405565	0.149214943085	-0.000711905738569	0.0632450668192	0.104856137594	-0.017848102912	-0.000492838685551	-0.0300884381327	-0.0300271189787	-0.0520519492868	-0.106398930047	-0.0413645538501	-0.0273684633882	0.100221213854	-0.0209409664893	-0.0349681600856	0.0374266126703	-0.0240192951088	-0.0180163668042	-0.0255814987704	-0.0475325020901	0.116068916873	-0.00869376185714	-0.0564482394774	-0.137817798883	-0.0975208256884	-0.0982509704011	0.0751006428364	-0.0495675821991	-0.0362397164281	-0.129328645667
k__Bacteria;p__Bacteroidetes;c__Bacteroidia;o__Bacteroidales;f__Rikenellaceae;g__Alistipes;s__Alistipes_finegoldii	-0.188366207434	0.068587053612	0.00419344854019	0.0168054116003	-0.0488227674236	-0.0445852132903	0.0685393006965	0.0321889129066	1.0	-0.0459620812244	0.0818340030361	0.087007501677	0.0563835921532	0.0529882906744	0.120806912591	0.04055264452	0.0135401437382	0.0402300998377	-0.123452342476	-0.104075314395	-0.00513901404594	0.0584534280363	0.0275136102172	0.00284433641952	0.0223796598327	-0.17324439054	-0.0231951151628	-0.0983478881055	0.0683719387589	-0.0508244038289	-0.0500579846444	-0.0525570218435	0.0879454248943	0.0412555218952	0.0282272212997	-0.146591161132	-0.247012657612	0.116955139299	0.0279701584947	0.16742170206	0.0942736260764	0.0674090245006	0.090955807296	-0.1332837733	0.102116732887	0.0310849510938	0.0447669542785	-0.0529417857121	-0.0107872731087	-0.0870229728217	-0.142168839562	-0.0390489036966	0.0567179819891	0.0198444724476	-0.0508583006458	0.0380149157337	-0.111290396971	-0.0285031449391	-0.0216549841753
k__Bacteria;p__Bacteroidetes;c__Bacteroidia;o__Bacteroidales;f__Porphyromonadaceae;g__Parabacteroides;s__Parabacteroides_distasonis	-0.0233055297598	-0.0996889546167	-0.0445540798042	-0.0164822807859	0.0374719987427	-0.0352573215208	0.108381539076	0.00979830678189	-0.0459620812244	1.0	0.0969212825101	0.0543303435306	-0.0237922199997	-0.169241166277	0.113672354705	-0.0357823425763	0.0436031093403	-0.0543516586207	0.0496526525435	-0.0204714308431	0.00512019955675	0.107633431565	0.0184723613711	-0.085580697576	0.0107492471897	-0.0650401687767	0.056520469531	0.0417108152237	0.107312413805	0.0369241634692	-0.0874043420559	0.0673468975184	0.108915300104	0.160644459022	-0.0810115853249	0.171505080758	0.0416383583349	-0.0623486447695	-0.0681337384068	-0.0409385344667	-0.0777434837033	-0.0558700743311	-0.0626882692222	-0.0432124948585	0.115728944519	0.0994497202841	0.00272286194623	0.106655679672	0.00853844374608	-0.0280708943938	0.0190900412696	-0.0423820816169	0.0614804059353	0.011837259178	0.0175114804446	-0.0566049731713	-0.136298892844	-0.124873340532	-0.0350740574432
k__Bacteria;p__Bacteroidetes;c__Bacteroidia;o__Bacteroidales;f__Bacteroidaceae;g__Bacteroides;s__Bacteroides_thetaiotaomicron	0.0123149646712	0.0824289854967	0.00864514073796	0.0785820886466	0.0206897836818	-0.0178605462497	-0.0535876457773	-0.00131026547056	0.0818340030361	0.0969212825101	1.0	-0.144573825637	0.109088912657	-0.0457767086146	0.0932081997195	-0.0632090642467	0.0413897101731	-0.0521936091104	-0.0212850094214	-0.146893073173	0.0150017128436	-0.103061239566	0.0143059356249	-0.00416999947082	-0.109693812351	-0.135295398102	0.0401124182399	0.0896751748606	-0.0776865900083	0.096449358749	-0.05750566087	0.00965575118151	-0.0771345459683	-0.0735684316281	-0.011007658531	-0.0327811379229	-0.0551834381468	-0.00261769326627	0.025770270812	-0.104358874154	-0.0557097206772	0.00141827275984	0.01772568061	-0.146283656317	0.0474984749836	0.0748580977019	-0.00493755017234	-0.103558039393	0.01309030384	0.011395798152	0.0196994446466	0.0604052626531	0.0263233556553	-0.0795680145646	-0.0184142900449	-0.0205169370672	0.00149442165281	0.0528312908309	-0.0239357074592
k__Bacteria;p__Bacteroidetes;c__Bacteroidia;o__Bacteroidales;f__Bacteroidaceae;g__Bacteroides;s__Bacteroides_coprocola	-0.0671655668208	-0.130344337436	-0.0209691629764	0.0044412885337	0.0775758241727	0.031928857252	-0.0340599473881	0.041652195096	0.087007501677	0.0543303435306	-0.144573825637	1.0	-0.228837412367	-0.0182573162502	-0.0215851933045	-0.148638027095	-0.182298127024	-0.0599785806507	-0.0288859894758	0.165798723189	0.0142221012842	-0.0540884464378	0.0399688648317	-0.0786514402271	-0.0106405893751	-0.0324218281251	0.158736414899	-0.0854866533465	0.185640834371	-0.104847648073	0.0270211285568	-0.0234110702328	0.0955130414481	-0.043243049353	0.0863361107386	0.127093069964	0.0737852499482	0.0486625844336	-0.0225445688982	0.00650071816621	0.106959096652	-0.136177072428	-0.04613372355	0.0579992039443	-0.0265005028169	0.047662449368	0.0579039243204	-0.0279189495773	0.0231887181616	-0.0677585235758	0.0812017563917	0.0705078898029	-0.146342186723	-0.14219936935	0.050676680784	-0.0506219221262	-0.0305666343554	-0.130005732074	0.0896705078261
k__Bacteria;p__Bacteroidetes;c__Bacteroidia;o__Bacteroidales;f__Bacteroidaceae;g__Bacteroides;s__Bacteroides_cellulosilyticus	0.0291530944189	0.140665699391	0.0660323877227	-0.0681134517164	0.0625594243562	-0.0741272494118	0.00942943910671	-0.00139346445889	0.0563835921532	-0.0237922199997	0.109088912657	-0.228837412367	1.0	-0.0977436443745	-0.0408640722031	-0.0194304887006	0.0478197649282	-0.142151298633	-0.0258169658103	-0.0424645750255	-0.05925514005	0.0649443074968	-0.110899881926	-0.0217732532239	0.0736420870887	-0.0350333995447	-0.108415075351	-0.0537477112701	-0.117673912642	0.163018125817	-0.0943204383534	-0.0446127862105	0.0758494909143	-0.202129593905	-0.105933977522	-0.0291398005867	-0.0627028058199	-0.0841403465743	-0.0158884902978	-0.00684688513087	-0.0925652176724	0.0253524377989	-0.0225111523576	-0.0659016264076	-0.00770679786778	0.131494744548	0.0240475900382	0.00820770198182	-0.0435808804798	-0.0221984970732	0.077387479704	-0.0898932347236	-0.0173645686279	-0.12466348906	-0.0582387470385	0.109743243363	0.0578796923564	0.115645576206	-0.0776373631247
k__Bacteria;p__Bacteroidetes;c__Bacteroidia;o__Bacteroidales;f__Rikenellaceae;g__Alistipes;s__Alistipes_obesi	-0.0154553662349	-0.0510663544431	0.0471212676992	-0.0451561761255	-0.0382557648276	-0.0335729500295	0.0027392750893	-0.117596568724	0.0529882906744	-0.169241166277	-0.0457767086146	-0.0182573162502	-0.0977436443745	1.0	-0.0550988463384	-0.0610770373618	0.0542248595174	-0.0706481475861	0.00856594288703	0.0562316777135	-0.0253548996268	0.0422461986292	0.149822215842	-0.0212901743338	0.0116733068846	0.0844632855767	-0.0863378163134	-0.0340218769565	0.045063766508	-0.156819089409	0.0725995596826	-0.0185259431105	0.0391085439119	-0.0955061789441	-0.0527494932442	-0.0368939522718	0.0280047733092	0.0834798829119	-0.0104963814476	-0.11631735784	0.0269433406433	0.0460518814208	0.0261113556289	0.0433153752965	-0.0949138661867	-0.121814291599	0.117063702965	-0.134652019196	0.139050509011	-0.000432590525608	-0.0757957390551	-0.0274693028923	0.164590580368	-0.0691847474884	0.0263722603667	-0.0650233721149	-0.00697801970352	-0.0304791608124	-0.00782702421076
k__Bacteria;p__Firmicutes;c__Clostridia;o__Clostridiales;f__Lachnospiraceae;g__;s__[Eubacterium]_rectale	0.00331955132698	-0.0416086648594	0.057769049525	0.088793434304	-0.214509264809	0.0199061640632	0.0435734130843	0.108035542727	0.120806912591	0.113672354705	0.0932081997195	-0.0215851933045	-0.0408640722031	-0.0550988463384	1.0	-0.116829176422	-0.0907032712772	-0.0484344037416	-0.0281586332062	0.00786808556524	0.0834196513416	0.0559485787226	0.0277966347964	0.00745899201705	-0.0352843214235	-0.00950004300962	-0.0457537268026	0.097495606547	0.0895126008503	-0.131183495076	0.031602326142	0.106731363696	-0.154427604704	-0.0125094529245	0.114488531735	0.00807243758336	0.0618545873608	0.074647517606	-0.0225539930761	0.0518743764126	0.0258493027401	-0.147236017037	-0.0413996664878	0.0273438680868	0.0562515890057	0.0419649850378	0.0849043959945	-0.0418722244551	-0.0482217324844	0.0157079161732	-0.119564727926	0.0259756027021	-0.0897325896665	0.000593677868696	-0.00539344453659	-0.0417288419002	-0.0683377146349	-0.056691900687	-0.108953328189
k__Bacteria;p__Bacteroidetes;c__Bacteroidia;o__Bacteroidales;f__Bacteroidaceae;g__Bacteroides;s__Bacteroides_plebeius	-0.0980814262374	-0.0663670525241	-0.000294464407953	-0.0658421367124	0.0561788503933	0.0506283661669	-0.0117518779098	-0.0573771744846	0.04055264452	-0.0357823425763	-0.0632090642467	-0.148638027095	-0.0194304887006	-0.0610770373618	-0.116829176422	1.0	-0.107923777847	0.126524429167	-0.122774160095	-0.07953727707	-0.0429757893507	0.0623875245497	-0.0508047860366	0.0735820134712	0.0344833076202	-0.113725402728	-0.100098333603	0.0684664926172	-0.0381252012078	0.111983402558	0.0854664049136	-0.0795400274744	0.232565996888	0.0185994251453	-0.101175685892	-0.206990283629	-0.032522497485	-0.0476025407333	-0.0857102787109	-0.0411841809888	0.0486394114779	0.132892209834	-0.0253107146341	0.0896777379879	-0.0842026413978	0.0666746236961	0.0642629351951	0.14535952889	0.0249299985242	-0.0170373946893	0.0301925058887	-0.132969138592	0.000264386166701	0.0503727986827	-0.146317020151	0.0609947978803	0.045805035263	0.0675287273738	0.0139159680846
k__Bacteria;p__Bacteroidetes;c__Bacteroidia;o__Bacteroidales;f__Bacteroidaceae;g__Bacteroides;s__Bacteroides_fragilis	-0.107376000986	-0.026019471494	-0.119293781469	-0.0780152341583	0.140774471117	0.0395548934159	-0.0685090530314	0.0152750729984	0.0135401437382	0.0436031093403	0.0413897101731	-0.182298127024	0.0478197649282	0.0542248595174	-0.0907032712772	-0.107923777847	1.0	0.0183836739523	0.0305249720081	-0.0390110807662	0.0702228910144	-0.0275980894096	-0.0588363949123	-0.00634027246169	0.00781056665767	0.0388650721519	-0.00699260749175	-0.0403643269677	0.0375137052435	0.122120191514	-0.0803175185098	-0.042605030706	-0.128467861357	0.00863741869774	0.152435752165	0.0587930867895	-0.0146001033003	0.00565428044031	0.0605792848819	-0.0846389491075	0.0855905523872	0.068820635998	-0.0368110607494	-0.0246766563284	0.090882772967	0.00709562859046	0.0163880823698	0.0355777714299	0.0317057172537	0.0574982486815	-0.000361267525365	0.0100443927342	-0.0768673344295	-0.0302519597465	0.13991524945	-0.00613154758201	0.036210356229	-0.0254922819754	-0.0925261016608
k__Bacteria;p__Proteobacteria;c__Betaproteobacteria;o__Burkholderiales;f__Sutterellaceae;g__Sutterella;s__Sutterella_wadsworthensis	-0.0409966545751	0.0484821445075	0.0318510355672	0.00743479483015	0.00937228991054	-0.050818012904	-0.0579560946466	-0.0881762446352	0.0402300998377	-0.0543516586207	-0.0521936091104	-0.0599785806507	-0.142151298633	-0.0706481475861	-0.0484344037416	0.126524429167	0.0183836739523	1.0	0.0187635091408	-0.0365370551259	-0.0602195132545	0.00430943834533	0.0637866191787	0.0184100585069	-0.134776493597	-0.0405713287557	-0.0337889236301	0.0032418568005	-0.0400427325015	0.0439906141062	-0.0397191332397	-0.0732549084714	0.0738633075096	0.0987803045911	-0.0179817677858	0.0472524377907	-0.0355349631748	-0.0549418584242	-0.0615125854433	-0.0305080497222	-0.024691717571	-0.133841458575	0.0299247071063	-0.0377528821264	0.110519521239	-0.0677391386003	-0.00330782687819	0.113623278091	-0.000606832936965	-0.059274588101	-0.0826964485174	0.0796991220117	0.115639755391	-0.011849671402	0.001772886421	-0.0756173315376	0.119856731038	-0.0617214320641	0.0578761251552
k__Bacteria;p__Bacteroidetes;c__Bacteroidia;o__Bacteroidales;f__Porphyromonadaceae;g__Barnesiella;s__Barnesiella_intestinihominis	-0.0517822712086	0.000982208821782	0.0103423507357	-0.0740803402681	0.0739052922061	-0.0882475307462	-0.103708615531	0.0639773645517	-0.123452342476	0.0496526525435	-0.0212850094214	-0.0288859894758	-0.0258169658103	0.00856594288703	-0.0281586332062	-0.122774160095	0.0305249720081	0.0187635091408	1.0	0.0346510363191	0.034898635155	0.0326981194528	0.0939509305946	0.184577925969	0.171464044615	0.116718010843	-0.0123638715704	0.087420572204	-0.00539609563141	-0.150454435928	-0.119378748768	0.0262210128258	-0.0700339541636	0.0808408193257	-0.0811491451951	0.0244782382968	0.0751530320977	-0.121657650219	0.0849496373334	0.0612631589977	-0.0610212342683	-0.0649659793099	0.0206355280654	-0.102968447784	-0.0176147220666	0.13619747063	0.0559043958803	-0.0623058133828	0.0781761138909	0.0131869401471	0.0712122989751	0.069058167607	0.0692386954413	-0.0442572705174	-0.104216373756	-0.0618180432356	0.109384744015	0.041724065932	-0.008518412273
k__Bacteria;p__Bacteroidetes;c__Bacteroidia;o__Bacteroidales;f__Odoribacteraceae;g__Odoribacter;s__Odoribacter_splanchnicus	0.0354538231435	-0.212262010275	0.0256691968351	0.033983079795	0.174831176983	0.0583544421542	0.0263012648264	-0.0648514209803	-0.104075314395	-0.0204714308431	-0.146893073173	0.165798723189	-0.0424645750255	0.0562316777135	0.00786808556524	-0.07953727707	-0.0390110807662	-0.0365370551259	0.0346510363191	1.0	-0.010613022438	0.0733144676188	0.0796233961074	-0.0763118422811	-0.129042371255	0.0149625491499	0.0192748211465	-0.144809395396	0.0632869055519	0.0985391724373	-0.0602963434316	-0.153445867823	0.056672784555	-0.00598052109924	0.0918184379165	-0.00186637484165	-0.0105779711742	-0.0934909819129	-0.00999458689841	0.113180459256	-0.0847800100869	-0.0117697807376	0.0279166311661	0.03796734443	0.101682713563	0.0321719417699	0.0268750555415	0.0600989440726	0.00154861349155	-0.0610323984032	0.115910420559	-0.122092888297	-0.00175560064099	0.0784151886595	0.0336466540392	0.0848891329283	0.0701114859076	-0.0365818525388	0.0555490789012
k__Bacteria;p__Bacteroidetes;c__Bacteroidia;o__Bacteroidales;f__Bacteroidaceae;g__Bacteroides;s__Bacteroides_salyersiae	-0.0411337622548	0.0513970122625	0.0235499199427	0.0493199041257	-0.0190076081703	0.0116734533132	-0.0367795229336	0.137904464648	-0.00513901404594	0.00512019955675	0.0150017128436	0.0142221012842	-0.05925514005	-0.0253548996268	0.0834196513416	-0.0429757893507	0.0702228910144	-0.0602195132545	0.034898635155	-0.010613022438	1.0	-0.0199294890597	0.0633113279245	0.132179534843	-0.00413518475114	0.0648638971045	0.0853592953335	0.00379395427743	-0.0747493116493	-0.101749998298	-0.062564988907	0.0595814406139	0.0350562687083	-0.0512721338154	-0.104293954164	-0.0198712145889	-0.0640074722038	0.108509820399	-0.0399203169225	0.0572444987308	-0.0978108148744	-0.0051326929058	-0.220894142821	0.0916905022906	0.137121445967	-0.000482887896881	-0.198125272743	-0.00986241960381	0.0126806213204	-0.135650951562	-0.022920777192	-0.0193721767487	-0.078007581877	0.0390864549394	-0.125551863573	0.0399771541943	0.040585395547	-0.0766547633294	0.0335316380186
k__Bacteria;p__Firmicutes;c__Clostridia;o__Clostridiales;f__Ruminococcaceae;g__Ruminiclostridium;s__[Eubacterium]_siraeum	-0.0317729767856	-0.168073206102	-0.031921029723	-0.120038674569	-0.0176675142054	-0.0691514784672	0.016835137163	0.0035039321302	0.0584534280363	0.107633431565	-0.103061239566	-0.0540884464378	0.0649443074968	0.0422461986292	0.0559485787226	0.0623875245497	-0.0275980894096	0.00430943834533	0.0326981194528	0.0733144676188	-0.0199294890597	1.0	-0.0532610649441	0.00505117239292	-0.0220855746355	-0.0216795026708	-0.150395607826	0.0134393430858	0.08734925564	0.0458954029747	-0.121135270459	-0.0282623185576	0.0560015447231	0.00158276708357	-0.17125452247	-0.0935167057454	0.0457140117815	-0.00898464792777	-0.0436858464205	-0.0440314097748	-0.0912838043614	0.0396921197782	0.129471027633	-0.180072994759	-0.189120130612	-0.0508800261248	-0.0094140501522	0.0851993428219	-0.0596028561509	0.0180401586077	0.0438518745557	-0.0877358981663	0.0123462855167	-0.0321487801858	-0.15151260238	0.0141434895672	0.0480909154387	0.10368568539	0.19384985181
k__Bacteria;p__Proteobacteria;c__Betaproteobacteria;o__Burkholderiales;f__Sutterellaceae;g__Parasutterella;s__Parasutterella_excrementihominis	-0.0188630284172	0.0109037105945	0.0765147497465	0.108638134204	-0.044225462746	0.0271915083936	0.0108852493911	0.0328468468248	0.0275136102172	0.0184723613711	0.0143059356249	0.0399688648317	-0.110899881926	0.149822215842	0.0277966347964	-0.0508047860366	-0.0588363949123	0.0637866191787	0.0939509305946	0.0796233961074	0.0633113279245	-0.0532610649441	1.0	0.0731403787217	-0.14288140973	0.123620769904	0.175261054761	0.0683473490112	-0.00629793002672	-0.0538731253049	-0.0628875978953	-0.0663917197151	0.140791532031	-0.0249945422133	-0.0878491743537	0.00371977878059	-0.246920499426	-0.0494847486454	-0.0634387944107	0.0113334928427	-0.0372986599947	-0.11727801537	-0.156482691007	-0.0133673057804	0.0681969183202	-0.0981290650202	0.0433177020456	0.0711636362029	0.0101948223007	-0.00614432808957	-0.0515336239929	-0.115116091043	-0.0296531570231	-0.0234579117645	0.0413121065497	-0.103787488738	-0.139632696745	0.0473333135131	0.078991749689
k__Bacteria;p__Actinobacteria;c__Actinobacteria;o__Bifidobacteriales;f__Bifidobacteriaceae;g__Bifidobacterium;s__Bifidobacterium_adolescentis	0.00782394590597	0.103437714599	0.0889027408759	-0.157221832135	0.0435389743196	0.0079992376537	-0.0971207501032	0.0970437906078	0.00284433641952	-0.085580697576	-0.00416999947082	-0.0786514402271	-0.0217732532239	-0.0212901743338	0.00745899201705	0.0735820134712	-0.00634027246169	0.0184100585069	0.184577925969	-0.0763118422811	0.132179534843	0.00505117239292	0.0731403787217	1.0	0.0544071173424	-0.00811863233164	-0.0484328759024	-0.00636597389488	-0.105139415389	-0.0343426127125	0.127386588614	0.0363577032522	-0.0620635294859	-0.00678625111683	0.00943977827842	0.0682435253627	-0.103595895054	-0.119491411602	-0.0784057337021	0.115164370153	-0.133443743188	0.00221190489795	0.0096432099229	-0.0328512119726	0.0806010050478	0.130801543099	0.041767602401	-0.00740460909349	0.0227001168881	-0.149519212085	0.0343447077343	0.0869637018518	-0.225403749413	-0.0398428274511	-0.0301508540168	-0.071987557781	0.0606905071502	-0.0190560473813	-0.18394487066
k__Bacteria;p__Firmicutes;c__Clostridia;o__Clostridiales;f__Oscillospiraceae;g__Oscillibacter;s__Oscillibacter_sp._KLE_1745	-0.0563691252521	-0.00145518641674	0.0544152401657	0.0416615393527	-0.00833659253686	-0.12230305678	-0.117553213801	0.0275400047811	0.0223796598327	0.0107492471897	-0.109693812351	-0.0106405893751	0.0736420870887	0.0116733068846	-0.0352843214235	0.0344833076202	0.00781056665767	-0.134776493597	0.171464044615	-0.129042371255	-0.00413518475114	-0.0220855746355	-0.14288140973	0.0544071173424	1.0	-0.0780045599204	-0.141260850738	0.0187242200479	-0.0222744686469	-0.0437964654049	0.104735623158	0.0804848542094	0.00776724147536	-0.00878650206004	0.13981836115	-0.0976791081134	0.157003773097	-0.129701224713	-0.0309543291532	0.00419082749299	-0.10890231735	0.175270862218	-0.0734635048165	0.0625674446241	0.0431765156046	-0.171002019685	0.0285105293069	0.0294621208378	0.0177542497122	0.101789083107	-0.115695600613	-0.00783490587929	0.028895931143	-0.0462969595927	-0.037546877004	-0.0738137401788	-0.0420300192346	-0.0179655692615	0.0772880039421
k__Bacteria;p__Bacteroidetes;c__Bacteroidia;o__Bacteroidales;f__Bacteroidaceae;g__Bacteroides;s__Bacteroides_coprophilus	0.018160520572	0.147207351163	-0.0885554224682	-0.125947113332	0.00729413182911	0.0134127203873	-0.00340787239338	0.00102217684	-0.17324439054	-0.0650401687767	-0.135295398102	-0.0324218281251	-0.0350333995447	0.0844632855767	-0.00950004300962	-0.113725402728	0.0388650721519	-0.0405713287557	0.116718010843	0.0149625491499	0.0648638971045	-0.0216795026708	0.123620769904	-0.00811863233164	-0.0780045599204	1.0	0.0302112636785	-0.0144109105266	0.0426402814936	0.0415574321539	0.0386338755689	-0.125147410435	0.0717387973472	-0.0387410982196	-0.0759066180335	0.0352587395512	0.0805965045548	-0.0187344052567	0.0225460512101	0.0238515981413	0.00756601442932	-0.182750670696	0.0113168320798	-0.0139891957201	0.045996360416	-0.0267178414581	0.0412397464701	0.170188986719	0.0232850079559	0.0235175553191	0.00433885956423	0.00869977341842	0.0488133874758	-0.102683493912	0.0676723997769	-0.0202565707286	0.0512722117642	-0.000781204480656	-0.0675349126419
k__Bacteria;p__Firmicutes;c__Clostridia;o__Clostridiales;f__Lachnospiraceae;g__Roseburia;s__Roseburia_intestinalis	0.0537828497625	0.10304664184	0.0124850061766	-0.0594383177626	-0.0775919236599	-0.0389698999528	-0.0220715220357	0.00145474777109	-0.0231951151628	0.056520469531	0.0401124182399	0.158736414899	-0.108415075351	-0.0863378163134	-0.0457537268026	-0.100098333603	-0.00699260749175	-0.0337889236301	-0.0123638715704	0.0192748211465	0.0853592953335	-0.150395607826	0.175261054761	-0.0484328759024	-0.141260850738	0.0302112636785	1.0	0.00887871952774	0.0757475079728	0.0183265396501	0.135941827417	-0.0536875721594	-0.0967841417007	0.100973013719	-0.0140523915713	-0.0313413849984	0.0178295234431	-0.0499100122865	0.0691161665747	-0.0342142855269	0.00321187817137	0.0487885590651	-0.11729609976	-0.0340387328507	0.0251485224379	-0.0261676469166	-0.044290140733	0.0765722167815	0.0550743620204	-0.0650081894742	0.0619949359101	0.0954364630489	-0.0110021291342	-0.0905069924389	-0.0992445705059	-0.0122511162454	0.0677359454194	0.0447529069339	0.0139285074706
k__Bacteria;p__Firmicutes;c__Clostridia;o__Clostridiales;f__Lachnospiraceae;g__Roseburia;s__Roseburia_hominis	0.00914534102228	-0.169432181367	0.0409731777685	0.121284245703	-0.0123020601432	-0.0884721907455	-0.0277800126281	-0.12249585424	-0.0983478881055	0.0417108152237	0.0896751748606	-0.0854866533465	-0.0537477112701	-0.0340218769565	0.097495606547	0.0684664926172	-0.0403643269677	0.0032418568005	0.087420572204	-0.144809395396	0.00379395427743	0.0134393430858	0.0683473490112	-0.00636597389488	0.0187242200479	-0.0144109105266	0.00887871952774	1.0	0.00839293104513	-0.0358179263802	0.0725037329901	0.107055998622	-0.226143069252	0.0402119732158	0.133528460068	0.152427650163	0.164904522042	0.0535102080455	-0.0399091706458	-0.104169713688	-0.0323376517937	-0.00660623962928	-0.0538554389567	-0.142909486848	0.102088513483	0.0974121380772	0.138962089449	-0.123009622301	0.0210729792725	-0.0255517256527	-0.0917654547004	0.00595322807682	-0.101436962696	-0.05147320011	-0.11030868202	0.030588650007	-0.0801259490057	0.118642421407	-0.02515114304
k__Bacteria;p__Bacteroidetes;c__Bacteroidia;o__Bacteroidales;f__Porphyromonadaceae;g__Parabacteroides;s__Parabacteroides_johnsonii	-0.078644520581	-0.0669607568576	-0.135624208953	-0.0404077935259	-0.0106188809123	-0.019978258349	-0.0187367712963	0.00432874405565	0.0683719387589	0.107312413805	-0.0776865900083	0.185640834371	-0.117673912642	0.045063766508	0.0895126008503	-0.0381252012078	0.0375137052435	-0.0400427325015	-0.00539609563141	0.0632869055519	-0.0747493116493	0.08734925564	-0.00629793002672	-0.105139415389	-0.0222744686469	0.0426402814936	0.0757475079728	0.00839293104513	1.0	0.0228370928868	-0.057299687037	-0.132862567657	-0.033956210085	-0.0390646189205	-0.0392480596551	0.123431347231	-0.0201011665578	-0.0497008170163	0.0770714790758	0.013581332003	0.0193641439647	-0.0672538880409	0.0926478090297	0.00870901659674	-0.0783587563812	-0.0191883906169	0.0343008000143	0.0189329241945	-0.0510955357327	0.0257076787589	-0.0995839790448	-0.0271736842486	0.134510107394	0.00716541514596	0.0866581790788	0.0773191920876	-0.130966952454	0.0395351902329	0.0674143256115
k__Bacteria;p__Actinobacteria;c__Actinobacteria;o__Bifidobacteriales;f__Bifidobacteriaceae;g__Bifidobacterium;s__Bifidobacterium_longum	-0.0731737096188	0.00804386705316	-0.0717320146994	-0.139875829567	0.0261691346924	0.0251788291907	0.0353010018455	0.149214943085	-0.0508244038289	0.0369241634692	0.096449358749	-0.104847648073	0.163018125817	-0.156819089409	-0.131183495076	0.111983402558	0.122120191514	0.0439906141062	-0.150454435928	0.0985391724373	-0.101749998298	0.0458954029747	-0.0538731253049	-0.0343426127125	-0.0437964654049	0.0415574321539	0.0183265396501	-0.0358179263802	0.0228370928868	1.0	-0.0243683266846	0.0251815621448	-0.0832912924	-0.0147953535492	-0.0123092794787	-0.142631969942	0.00535928055739	-0.0877556088236	-0.00674690261025	0.0426008746737	-0.0231883659457	0.0507957276308	-0.164915088557	0.141724390889	-0.0225964399897	-0.0578776752512	-0.108353963894	0.00266105791606	-0.0737027482899	0.0496556414937	-0.0796682945683	-0.142473487313	-0.0779555982283	0.0530213384635	-0.0358925795892	-0.197933637395	-0.0132830624659	-0.0910985301258	0.0694460641896
