#taxonomy	k__Bacteria;p__Bacteroidetes;c__Bacteroidia;o__Bacteroidales;f__Bacteroidaceae;g__Bacteroides;s__Bacteroides_vulgatus	k__Bacteria;p__Bacteroidetes;c__Bacteroidia;o__Bacteroidales;f__Bacteroidaceae;g__Bacteroides;s__Bacteroides_uniformis	k__Bacteria;p__Bacteroidetes;c__Bacteroidia;o__Bacteroidales;f__Rikenellaceae;g__Alistipes;s__Alistipes_putredinis	k__Bacteria;p__Bacteroidetes;c__Bacteroidia;o__Bacteroidales;f__Prevotellaceae;g__Prevotella;s__Prevotella_copri	k__Bacteria;p__Bacteroidetes;c__Bacteroidia;o__Bacteroidales;f__Bacteroidaceae;g__Bacteroides;s__Bacteroides_stercoris	k__Bacteria;p__Bacteroidetes;c__Bacteroidia;o__Bacteroidales;f__Bacteroidaceae;g__Bacteroides;s__Bacteroides_ovatus	k__Bacteria;p__Bacteroidetes;c__Bacteroidia;o__Bacteroidales;f__Rikenellaceae;g__Alistipes;s__Alistipes_shahii	k__Bacteria;p__Firmicutes;c__Clostridia;o__Clostridiales;f__Ruminococcaceae;g__Faecalibacterium;s__Faecalibacterium_prausnitzii	k__Bacteria;p__Bacteroidetes;c__Bacteroidia;o__Bacteroidales;f__Rikenellaceae;g__Alistipes;s__Alistipes_finegoldii	k__Bacteria;p__Bacteroidetes;c__Bacteroidia;o__Bacteroidales;f__Porphyromonadaceae;g__Parabacteroides;s__Parabacteroides_distasonis	k__Bacteria;p__Bacteroidetes;c__Bacteroidia;o__Bacteroidales;f__Bacteroidaceae;g__Bacteroides;s__Bacteroides_thetaiotaomicron	k__Bacteria;p__Bacteroidetes;c__Bacteroidia;o__Bacteroidales;f__Bacteroidaceae;g__Bacteroides;s__Bacteroides_coprocola	k__Bacteria;p__Bacteroidetes;c__Bacteroidia;o__Bacteroidales;f__Bacteroidaceae;g__Bacteroides;s__Bacteroides_cellulosilyticus	k__Bacteria;p__Bacteroidetes;c__Bacteroidia;o__Bacteroidales;f__Rikenellaceae;g__Alistipes;s__Alistipes_obesi	k__Bacteria;p__Firmicutes;c__Clostridia;o__Clostridiales;f__Lachnospiraceae;g__;s__[Eubacterium]_rectale	k__Bacteria;p__Bacteroidetes;c__Bacteroidia;o__Bacteroidales;f__Bacteroidaceae;g__Bacteroides;s__Bacteroides_plebeius	k__Bacteria;p__Bacteroidetes;c__Bacteroidia;o__Bacteroidales;f__Bacteroidaceae;g__Bacteroides;s__Bacteroides_fragilis	k__Bacteria;p__Proteobacteria;c__Betaproteobacteria;o__Burkholderiales;f__Sutterellaceae;g__Sutterella;s__Sutterella_wadsworthensis	k__Bacteria;p__Bacteroidetes;c__Bacteroidia;o__Bacteroidales;f__Porphyromonadaceae;g__Barnesiella;s__Barnesiella_intestinihominis	k__Bacteria;p__Bacteroidetes;c__Bacteroidia;o__Bacteroidales;f__Odoribacteraceae;g__Odoribacter;s__Odoribacter_splanchnicus	k__Bacteria;p__Bacteroidetes;c__Bacteroidia;o__Bacteroidales;f__Bacteroidaceae;g__Bacteroides;s__Bacteroides_salyersiae	k__Bacteria;p__Firmicutes;c__Clostridia;o__Clostridiales;f__Ruminococcaceae;g__Ruminiclostridium;s__[Eubacterium]_siraeum	k__Bacteria;p__Proteobacteria;c__Betaproteobacteria;o__Burkholderiales;f__Sutterellaceae;g__Parasutterella;s__Parasutterella_excrementihominis	k__Bacteria;p__Actinobacteria;c__Actinobacteria;o__Bifidobacteriales;f__Bifidobacteriaceae;g__Bifidobacterium;s__Bifidobacterium_adolescentis	k__Bacteria;p__Firmicutes;c__Clostridia;o__Clostridiales;f__Oscillospiraceae;g__Oscillibacter;s__Oscillibacter_sp._KLE_1745	k__Bacteria;p__Bacteroidetes;c__Bacteroidia;o__Bacteroidales;f__Bacteroidaceae;g__Bacteroides;s__Bacteroides_coprophilus	k__Bacteria;p__Firmicutes;c__Clostridia;o__Clostridiales;f__Lachnospiraceae;g__Roseburia;s__Roseburia_intestinalis	k__Bacteria;p__Firmicutes;c__Clostridia;o__Clostridiales;f__Lachnospiraceae;g__Roseburia;s__Roseburia_hominis	k__Bacteria;p__Bacteroidetes;c__Bacteroidia;o__Bacteroidales;f__Porphyromonadaceae;g__Parabacteroides;s__Parabacteroides_johnsonii	k__Bacteria;p__Actinobacteria;c__Actinobacteria;o__Bifidobacteriales;f__Bifidobacteriaceae;g__Bifidobacterium;s__Bifidobacterium_longum	k__Bacteria;p__Firmicutes;c__Clostridia;o__Clostridiales;f__;g__Flavonifractor;s__Flavonifractor_plautii	k__Bacteria;p__Firmicutes;c__Clostridia;o__Clostridiales;f__Clostridiaceae;g__Clostridium;s__Clostridium_phoceensis	k__Bacteria;p__Verrucomicrobia;c__Verrucomicrobiae;o__Verrucomicrobiales;f__Akkermansiaceae;g__Akkermansia;s__Akkermansia_muciniphila	k__Bacteria;p__Bacteroidetes;c__Bacteroidia;o__Bacteroidales;f__Prevotellaceae;g__Paraprevotella;s__Paraprevotella_xylaniphila	k__Bacteria;p__Firmicutes;c__Clostridia;o__Clostridiales;f__Ruminococcaceae;g__Ruminococcus;s__Ruminococcus_callidus	k__Bacteria;p__Bacteroidetes;c__Bacteroidia;o__Bacteroidales;f__Rikenellaceae;g__Alistipes;s__Alistipes_senegalensis	k__Bacteria;p__Firmicutes;c__Clostridia;o__Clostridiales;f__Lachnospiraceae;g__Blautia;s__Blautia_sp._KLE_1732	k__Bacteria;p__Bacteroidetes;c__Bacteroidia;o__Bacteroidales;f__Bacteroidaceae;g__Bacteroides;s__Bacteroides_oleiciplenus	k__Bacteria;p__Firmicutes;c__Clostridia;o__Clostridiales;f__Ruminococcaceae;g__Ruminococcus;s__Ruminococcus_bicirculans	k__Bacteria;p__Bacteroidetes;c__Bacteroidia;o__Bacteroidales;f__Bacteroidaceae;g__Bacteroides;s__Bacteroides_fluxus	k__Bacteria;p__Bacteroidetes;c__Bacteroidia;o__Bacteroidales;f__Prevotellaceae;g__Prevotella;s__Prevotella_stercorea	k__Bacteria;p__Firmicutes;c__Clostridia;o__Clostridiales;f__Lachnospiraceae;g__Dorea;s__Dorea_longicatena	k__Bacteria;p__Firmicutes;c__Clostridia;o__Clostridiales;f__Eubacteriaceae;g__Eubacterium;s__[Eubacterium]_eligens	k__Bacteria;p__Firmicutes;c__Clostridia;o__Clostridiales;f__Ruminococcaceae;g__;s__Ruminococcaceae_bacterium_D16	k__Bacteria;p__Firmicutes;c__Clostridia;o__Clostridiales;f__Lachnospiraceae;g__Coprococcus;s__Coprococcus_comes	k__Bacteria;p__Proteobacteria;c__Gammaproteobacteria;o__Enterobacterales;f__Enterobacteriaceae;g__Escherichia;s__Escherichia_coli	k__Bacteria;p__Firmicutes;c__Clostridia;o__Clostridiales;f__Ruminococcaceae;g__Anaerotruncus;s__Anaerotruncus_colihominis	k__Bacteria;p__Firmicutes;c__Clostridia;o__Clostridiales;f__Lachnospiraceae;g__Blautia;s__Blautia_obeum	k__Bacteria;p__Bacteroidetes;c__Bacteroidia;o__Bacteroidales;f__Odoribacteraceae;g__Odoribacter;s__Odoribacter_laneus	k__Bacteria;p__Firmicutes;c__Clostridia;o__Clostridiales;f__Ruminococcaceae;g__Ruminiclostridium;s__[Clostridium]_leptum	k__Bacteria;p__Bacteroidetes;c__Bacteroidia;o__Bacteroidales;f__Porphyromonadaceae;g__Parabacteroides;s__Parabacteroides_goldsteinii	k__Bacteria;p__Firmicutes;c__Clostridia;o__Clostridiales;f__Lachnospiraceae;g__Anaerostipes;s__Anaerostipes_hadrus	k__Bacteria;p__Firmicutes;c__Clostridia;o__Clostridiales;f__Ruminococcaceae;g__Ruminococcus;s__Ruminococcus_lactaris	k__Bacteria;p__Firmicutes;c__Clostridia;o__Clostridiales;f__Clostridiaceae;g__Clostridium;s__Clostridium_sp._L2-50	k__Bacteria;p__Firmicutes;c__Clostridia;o__Clostridiales;f__Clostridiaceae;g__Clostridium;s__Clostridium_sp._M62/1	k__Bacteria;p__Firmicutes;c__Clostridia;o__Clostridiales;f__;g__Intestinimonas;s__Intestinimonas_butyriciproducens	k__Bacteria;p__Actinobacteria;c__Actinobacteria;o__Bifidobacteriales;f__Bifidobacteriaceae;g__Bifidobacterium;s__Bifidobacterium_bifidum	k__Bacteria;p__Firmicutes;c__Negativicutes;o__Veillonellales;f__Veillonellaceae;g__Dialister;s__Dialister_invisus	k__Bacteria;p__Bacteroidetes;c__Bacteroidia;o__Bacteroidales;f__Bacteroidaceae;g__Bacteroides;s__Bacteroides_salanitronis
k__Bacteria;p__Bacteroidetes;c__Bacteroidia;o__Bacteroidales;f__Bacteroidaceae;g__Bacteroides;s__Bacteroides_vulgatus	1.0	0.0430373526256	-0.109410061239	0.060406097153	-0.0558947078338	-0.0664889442106	0.0508611747811	-0.00212429492892	0.0190406266784	-0.020173270162	0.133592558394	0.0402202815316	0.103754378758	-0.0609464034136	0.0388636634764	-0.031286208157	-0.092175134156	-0.148733705043	0.0498646474431	0.093949344206	0.117294717219	0.0475741856394	0.0367132130376	0.000309973486946	-0.00587934005583	0.0578822235849	-0.0143195053402	-0.091060431851	-0.172392309979	-0.0560719287241	0.0270526577568	-0.00916757028599	-0.099066491329	0.0578058666475	-0.0911535938518	-0.0109776189058	-0.0364406944668	0.120533214919	-0.0800408526868	0.011978810973	-0.175870502851	0.0858350454395	-0.0533132588241	-0.078562786116	-0.0595385389044	-0.00102652257303	-0.102737489639	0.0341404074146	0.0363377551006	0.014343829129	0.145450573118	-0.0203938696958	0.094722495763	-0.00425316992197	-0.106402871946	-0.0320847517104	-0.0493115872502	0.0515120184307	0.00919793089845
k__Bacteria;p__Bacteroidetes;c__Bacteroidia;o__Bacteroidales;f__Bacteroidaceae;g__Bacteroides;s__Bacteroides_uniformis	0.0430373526256	1.0	-0.00243652688059	-0.115999755768	-0.0366813162252	-0.0604631908276	0.133606628443	-0.0352698550573	0.00324116379066	-0.13376042909	0.211337780208	0.0788244052728	0.0434451914586	0.00243983121412	0.135372082849	-0.0502997739259	0.0814395504017	0.0623776992587	-0.0538273522648	-0.0500231361878	-0.0579335455544	-0.00554258051112	0.0134745749261	0.173360442267	-0.00105302873175	-0.066595021877	-0.13065203446	-0.0304190917866	0.0840584442328	0.142606997287	-0.129262602782	0.0278027667267	-0.0966263201409	0.0242715820553	-0.0198732914136	0.0689348560215	0.166235330321	-0.0433275039724	-0.013026998642	-0.00482621149162	-0.122443552505	-0.0349017865795	-0.0182855231423	0.00396691722098	0.00845011680358	0.0372631435694	0.0705862370256	-0.00449145873669	0.0283708922701	-0.0707588497185	0.0501350364662	-0.00220978692675	0.0692096157223	-0.00322107197357	0.0625790646611	0.144286348914	0.0205740016579	0.0228168777522	0.230582652157
k__Bacteria;p__Bacteroidetes;c__Bacteroidia;o__Bacteroidales;f__Rikenellaceae;g__Alistipes;s__Alistipes_putredinis	-0.109410061239	-0.00243652688059	1.0	-0.107823670006	-0.102657687227	-0.0666749859129	-0.129097270608	0.005743617456	-0.0965253394367	-0.0852179994067	0.0921602785783	0.0649280633365	0.0918459816521	-0.118398110267	0.00217825849675	-0.0323266152536	-0.175525034092	-0.0249655624926	0.0970108520192	0.128208695862	0.098555112892	0.0786723313788	0.108191474851	0.12872561801	0.0318904584729	0.155072709572	-0.00900483462726	0.150115701992	0.00892562144763	-0.0680570661095	0.0377271995389	-0.0464550760907	0.0480286709607	0.103479627522	0.030679183955	-0.0373424470676	-0.0495446552059	-0.106888285339	0.068889345596	-0.091991303705	-0.0459885211305	0.0213867796098	-0.244834409795	-0.047128295429	-0.072537405075	-0.106464408295	-0.0223213917783	-0.103875993739	0.030919274679	-0.0851906082787	-0.0287166497039	-0.0697667773651	0.035838799313	-0.039547108037	0.0687379376177	0.032306891262	0.0216398158673	-0.00693594351964	-0.098112980492
k__Bacteria;p__Bacteroidetes;c__Bacteroidia;o__Bacteroidales;f__Prevotellaceae;g__Prevotella;s__Prevotella_copri	0.060406097153	-0.115999755768	-0.107823670006	1.0	0.00160645408275	-0.0759132546689	0.0813949844693	0.0842935285219	-0.0609474081059	-0.0528091212742	-0.117189195817	-0.0184596338418	-0.07751384276	-0.0025858168952	-0.165285428879	0.0277548964335	-0.0506749528777	0.129711793868	0.0314950941696	0.00960644310747	-0.0712321008129	0.0504865573004	0.0117490526704	-0.0710158019591	-0.125363671027	-0.0963654750041	0.0809204718123	-0.0373700824259	0.0620457533161	-0.0164724514267	0.0996639084186	-0.0536445136722	-0.0512183450143	-0.0210329417796	0.175155526362	0.0910309582034	-0.00963333555871	-0.0396778535828	-0.0142620844024	0.0729302115736	0.0643647966435	0.0815509564323	0.0857224516221	-0.133802164871	-0.098734790168	0.0798551704861	-0.073297541034	0.0230030422305	-0.0454777827337	0.0112648153601	-0.0771905230658	0.00250448308945	0.0108968939205	0.0711860088935	0.00400210214021	0.0280265776092	0.0843475381065	-0.0589890244273	-0.181591874492
k__Bacteria;p__Bacteroidetes;c__Bacteroidia;o__Bacteroidales;f__Bacteroidaceae;g__Bacteroides;s__Bacteroides_stercoris	-0.0558947078338	-0.0366813162252	-0.102657687227	0.00160645408275	1.0	0.0501837645954	-0.0554455673719	-0.0168651016352	0.0908709905228	0.0796970203366	0.00293369791083	-0.190034897988	-0.00767938862448	0.110556418305	-0.0410887330103	-0.0372052873088	0.0506355538592	-0.0771129976689	-0.0499076118238	-0.0401169810857	0.0495130773254	-0.0464248716647	-0.0106575601115	-0.0675599361932	0.0268635613505	-0.104341786835	0.0998941975662	1.27276060899e-05	-0.0255265431437	0.0646883322082	-0.0406471196418	-0.0449405727718	0.0234925058313	0.0320983872195	-0.074267488909	0.0191480581441	-0.0233169625216	0.0558038766937	0.114813281781	0.156856228384	-0.0348544486864	0.0139806079741	-0.0606485185332	0.0834531208899	-0.0341390948718	0.153922585303	0.0131538430141	-0.0219838653597	-0.016277353791	0.0692010363182	-0.10086374366	-0.0121161245388	0.00878112384659	-0.110106278256	0.0399350190937	0.00970609389479	0.022458937304	-0.0858421070439	-0.0435738714624
k__Bacteria;p__Bacteroidetes;c__Bacteroidia;o__Bacteroidales;f__Bacteroidaceae;g__Bacteroides;s__Bacteroides_ovatus	-0.0664889442106	-0.0604631908276	-0.0666749859129	-0.0759132546689	0.0501837645954	1.0	-0.0386533771225	0.0444600664438	0.0394280753543	0.0334623490753	0.0431203990979	-0.0701427930433	-0.211962411415	0.145738550181	0.00515492022741	0.1149280093	0.0629479310938	0.00871294595855	0.0162214860206	-0.0471408762151	-0.0998375118656	-0.0864607554094	0.0686387292578	-0.101150021584	-0.0341421250468	0.00612693579141	-0.0396369994156	-0.0370637676115	0.1907807782	-0.123286836321	0.0731486139173	-0.0397228876059	-0.0190004420004	0.0248903822307	0.0748697371487	-0.0460930030687	0.0224367966348	-0.0851189346822	-0.102266575245	-0.0475765124204	-0.0684382446626	-0.0846447793895	0.0705407033391	-0.0937683990792	0.0202149600048	0.0231431920101	0.0366346121366	-0.00433836797362	-0.0558827681446	0.0232567418056	0.0114953112892	-0.0483043176167	-0.00364853217376	0.0591425884506	-0.00481021735203	-0.0123611776012	-0.0274629140492	0.0439439952003	-0.0337635956576
k__Bacteria;p__Bacteroidetes;c__Bacteroidia;o__Bacteroidales;f__Rikenellaceae;g__Alistipes;s__Alistipes_shahii	0.0508611747811	0.133606628443	-0.129097270608	0.0813949844693	-0.0554455673719	-0.0386533771225	1.0	-0.0892567387457	0.00026986073786	-0.0467843409258	-0.0623098611703	-0.112743747876	0.0495043417249	0.0109033115012	-0.0476006581627	-0.00894527033073	0.0822794154993	-0.216807691421	-0.0854485678079	0.0524808111795	0.0147838702677	0.025781673577	-0.079465814306	-0.0770737729395	0.0123664912319	-0.0158235679246	0.0262909243636	0.0673057019531	-0.00803821541188	0.0665084426246	0.0976861830621	0.059202903058	0.0414306033609	0.0601616853255	-0.0257112405651	0.0462962636863	-0.0318121192045	0.0253547746434	-0.0221069428469	0.0796463879075	-0.155516461931	-0.0786637990626	0.0827865382349	-0.0365728818867	-0.100553270767	0.0521399893773	-0.0828343081149	0.0786644504362	-0.0520154080709	0.0422196633527	-0.122881126696	-0.0735906656095	0.052967207128	0.0808824044015	-0.0881336649861	0.0917994583639	0.0261196001701	0.124320034012	0.0659820785096
k__Bacteria;p__Firmicutes;c__Clostridia;o__Clostridiales;f__Ruminococcaceae;g__Faecalibacterium;s__Faecalibacterium_prausnitzii	-0.00212429492892	-0.0352698550573	0.005743617456	0.0842935285219	-0.0168651016352	0.0444600664438	-0.0892567387457	1.0	-0.109302569362	-0.0355895065907	-0.0884345669413	0.0461895253869	-0.0194013797617	0.0244217308685	0.121488846718	-0.0139251912029	-0.060124007841	0.025519804629	-0.0574084928416	0.0612229441048	-0.0230457196025	-0.0291167304106	-0.0324941219467	0.0691342774125	-0.11451934393	0.000839999421363	0.0870997798646	-0.0213914632096	-0.0124860070755	0.089646021087	-0.145690026407	0.0671344504404	0.0635027153081	-0.0885251166045	0.0183406538922	0.120141933151	0.0647073092616	-0.084133871282	-0.072144796371	0.0110170237654	0.0614732332026	-0.127283923734	-0.00906278228868	-0.0603564194658	0.0330934926137	0.0213306624378	0.131756127806	0.0019004716522	0.0257697410952	-0.103104117271	-0.16313052898	-0.115775183644	0.00829267527853	-0.0393206212757	-0.0524306630881	-0.0312971956877	0.0596437872049	0.0214440341116	0.0178468437089
k__Bacteria;p__Bacteroidetes;c__Bacteroidia;o__Bacteroidales;f__Rikenellaceae;g__Alistipes;s__Alistipes_finegoldii	0.0190406266784	0.00324116379066	-0.0965253394367	-0.0609474081059	0.0908709905228	0.0394280753543	0.00026986073786	-0.109302569362	1.0	-0.0243112724755	0.163741558042	0.179551565241	0.113159586789	-0.00243899164721	-0.0818168707191	0.00262897902341	0.0229705076221	-0.0156672597578	-0.0844447588549	-0.000283124878421	-0.0450686115896	-0.121076436336	-0.131345155701	0.028097719363	-0.0756920736081	0.129176011577	-0.0292609822028	-0.097050587144	0.0483320003138	0.0378448212439	0.0399795965254	0.193797358627	0.153163534066	-0.0337130909918	-0.0489485349092	0.0357807458736	-0.0713327045656	0.0510425292307	-0.0190985722412	0.004147172666	0.0425415032521	-0.0108570448069	-0.0424259032649	0.125596241318	0.0128092398287	0.105897148481	-0.0285653213262	0.102883972439	-0.148736370285	-0.0682819296161	-0.0628198152993	-0.0876414180245	0.168358123858	0.0284936237133	-0.0842941309428	-0.0645666482264	-0.0316572254134	-0.135396564138	0.0470079395606
k__Bacteria;p__Bacteroidetes;c__Bacteroidia;o__Bacteroidales;f__Porphyromonadaceae;g__Parabacteroides;s__Parabacteroides_distasonis	-0.020173270162	-0.13376042909	-0.0852179994067	-0.0528091212742	0.0796970203366	0.0334623490753	-0.0467843409258	-0.0355895065907	-0.0243112724755	1.0	0.0450849190715	-0.0968263830504	-0.0957882116616	0.00248624460033	-0.0292758108841	0.0691045869236	-0.0243112839955	-0.0477426606326	0.0847053941555	0.0451543673657	0.178260359713	-0.0811297236076	0.0308893299886	0.0978554345559	0.0284713163256	0.106324161974	0.105201690443	0.162036909209	0.0158519227233	-0.143975992818	0.03132516639	-0.000565000311543	-0.01760886353	0.0774735969726	0.0145208154261	0.0903486418177	0.0397358744717	-0.0152714272817	-0.0286212096908	-0.0256946413359	-0.123580826349	-0.029472415361	0.058867150197	-0.0991988618426	-0.0853907424796	-0.0368065556682	-0.122704947386	-0.0645313987088	-0.0498397628207	-0.0492970460679	0.141596458813	0.0470836495224	-0.0796130581185	-0.138616955094	-0.0948487816213	0.0704664157661	-0.0351599496864	-0.0523353791457	-0.0584104094246
k__Bacteria;p__Bacteroidetes;c__Bacteroidia;o__Bacteroidales;f__Bacteroidaceae;g__Bacteroides;s__Bacteroides_thetaiotaomicron	0.133592558394	0.211337780208	0.0921602785783	-0.117189195817	0.00293369791083	0.0431203990979	-0.0623098611703	-0.0884345669413	0.163741558042	0.0450849190715	1.0	0.0178835264384	-0.0400467295449	-0.171123354568	0.0381341679396	-0.0874902717114	0.0127745599636	-0.0151359374878	-0.0621441628126	-0.11056520193	0.00443830788179	-0.224061448222	0.0454176482006	0.174024736897	0.0643718725648	-0.0398027889774	-0.0508769581491	-0.137127154962	-0.130790262688	-0.0457661222705	0.0463934820778	0.120452048094	0.052177902434	0.087986023147	0.0226348659297	0.135134761738	0.0367020169631	-0.112164838317	0.0440685961245	-0.0164596733653	0.130926211971	0.195995572684	-0.0253096021527	-0.0867244537088	-0.209529485447	0.0169060033009	-0.0895804460712	0.00192873985804	0.0854871463378	-0.0111590245275	0.0444606442598	0.0389565441421	-0.0475136515201	-0.167945190829	-0.0199463536296	-0.0277360296444	-0.0235865538236	-0.0420126065562	0.125837940597
k__Bacteria;p__Bacteroidetes;c__Bacteroidia;o__Bacteroidales;f__Bacteroidaceae;g__Bacteroides;s__Bacteroides_coprocola	0.0402202815316	0.0788244052728	0.0649280633365	-0.0184596338418	-0.190034897988	-0.0701427930433	-0.112743747876	0.0461895253869	0.179551565241	-0.0968263830504	0.0178835264384	1.0	0.00842318288014	0.00907622005431	-0.087690447418	-0.0665788862174	0.015029318852	0.0183707783574	0.10288957102	0.0758727709003	-0.0473391727394	0.0842642691096	0.0770300897992	-0.0143387650747	0.0824504601099	0.058399986637	-0.0220190680257	0.0654162619144	-0.180712602564	-0.0724974727435	0.157529018976	-0.0394696149852	-0.027460423741	-0.00869539459076	0.116345727948	0.00552812089079	-0.0500788275355	0.0745536947493	-0.0287180969497	-0.0461728764959	-0.0476252426682	-0.08255367928	-0.00047103819028	-0.129655063844	-0.155207112823	-0.086794822037	-0.0466530237627	0.116459234859	-0.0396381271305	-0.0317675431923	-0.0857973575133	-0.136874733277	0.0358391300157	-0.0892176319302	0.0246359054202	0.0634185881285	-0.0361931463839	0.0158442696061	0.0398551200207
k__Bacteria;p__Bacteroidetes;c__Bacteroidia;o__Bacteroidales;f__Bacteroidaceae;g__Bacteroides;s__Bacteroides_cellulosilyticus	0.103754378758	0.0434451914586	0.0918459816521	-0.07751384276	-0.00767938862448	-0.211962411415	0.0495043417249	-0.0194013797617	0.113159586789	-0.0957882116616	-0.0400467295449	0.00842318288014	1.0	0.0195075586613	0.0394383919361	-0.114051613072	-0.0438744981306	-0.092989809224	-0.0349352933635	-0.0939840260173	-0.0399279491937	0.0240761090892	0.0436816011192	0.100027266537	0.0232088956927	0.0568527149268	0.0150110007851	0.100030496599	-0.141467369144	-0.113729791026	0.0620640946439	-0.097377670703	-0.128014388678	-0.00736020654219	-0.0232361280572	-0.0290366140689	-0.0992961413012	0.0703931248044	0.0419381745342	0.0333036687523	0.0402642293893	0.0668425215887	0.103555442922	0.00377877525822	-0.00963437923482	-0.0583039593674	-0.0714422386177	0.0646912071183	0.0472904345837	0.0655749190039	-0.00517305458971	-0.103278123232	-0.0296223332003	0.00322023920288	-0.0402474734284	-0.0653260707759	0.0460546969968	-0.00451558246581	-0.0182078270393
k__Bacteria;p__Bacteroidetes;c__Bacteroidia;o__Bacteroidales;f__Rikenellaceae;g__Alistipes;s__Alistipes_obesi	-0.0609464034136	0.00243983121412	-0.118398110267	-0.0025858168952	0.110556418305	0.145738550181	0.0109033115012	0.0244217308685	-0.00243899164721	0.00248624460033	-0.171123354568	0.00907622005431	0.0195075586613	1.0	-0.0688454802274	-0.126844536647	-0.0202455970536	0.133503418859	0.0184385168966	0.0974665196024	0.149322729608	-0.0418159186936	0.0325414830131	0.00197172190672	-0.0763158547797	0.00944726722764	-0.0507983033481	-0.0903800479971	0.0121830998598	0.0494760776011	-0.0407748018551	-0.097409700597	0.014146181028	-0.0758664314037	-0.0532829938918	-0.171155653986	-0.0833480142323	0.0398086645176	0.0649073610339	-0.0488506535649	0.0312489590853	-0.0123207003433	-0.108079298618	0.098741253344	-0.0921039175304	0.108163393144	-0.0239055151386	-0.0329298531921	-0.0234106703562	0.0700523093099	-0.0382920788365	0.0256098170508	-0.00415754417121	-0.0435215336222	-0.112504986292	-0.0114319407166	0.0498163337338	0.0322329824653	0.0111441200029
k__Bacteria;p__Firmicutes;c__Clostridia;o__Clostridiales;f__Lachnospiraceae;g__;s__[Eubacterium]_rectale	0.0388636634764	0.135372082849	0.00217825849675	-0.165285428879	-0.0410887330103	0.00515492022741	-0.0476006581627	0.121488846718	-0.0818168707191	-0.0292758108841	0.0381341679396	-0.087690447418	0.0394383919361	-0.0688454802274	1.0	0.0135295029917	0.079814858666	0.00340298769664	-0.119298569161	-0.00136110423035	-0.0223514735049	0.0779999061898	-0.101334503589	0.0397203898336	0.0522499375125	-0.0373191464585	-0.0812105811001	0.0397250632335	0.0790728609217	-0.0971724929124	-0.022547931949	-0.0883428739862	-0.0818426380689	0.0614077141991	0.0176502937335	0.0348879133223	0.00285778404308	-0.0683649018304	0.0793668585254	-0.0500044796842	-0.0379874239709	0.0287061243329	0.0316179207805	-0.104318462016	-0.0897171934957	-0.104891170128	-0.0159407279766	-0.0933155353619	0.0843258655081	-0.0300275945459	0.192550042392	-0.122612180267	-0.0114991593682	-0.00135043495324	-0.0229268132073	-0.0336315132869	-0.0940945509446	0.0618821971535	0.0442980179417
k__Bacteria;p__Bacteroidetes;c__Bacteroidia;o__Bacteroidales;f__Bacteroidaceae;g__Bacteroides;s__Bacteroides_plebeius	-0.031286208157	-0.0502997739259	-0.0323266152536	0.0277548964335	-0.0372052873088	0.1149280093	-0.00894527033073	-0.0139251912029	0.00262897902341	0.0691045869236	-0.0874902717114	-0.0665788862174	-0.114051613072	-0.126844536647	0.0135295029917	1.0	-0.0633073049789	0.0925788782118	0.0716209742709	-0.0441505108683	-0.081563665316	-0.124891287862	-0.000128170712238	-0.104884530498	-0.0351578336321	0.12418386381	-0.0399854102785	0.0574817043087	-0.0510165502196	0.0629889981146	-0.146158331051	-0.113758043145	-0.0115947198088	-0.0134758489201	0.101968567798	-0.020322196792	0.0885641804355	-0.0265637037056	-0.122273135147	0.0189269088104	0.0544530657667	0.0280184883365	-0.0175184509915	0.0110623376684	-0.0468864111336	-0.0286866823336	0.212147374039	0.0290245756469	-0.0424852220727	0.00562842612766	-0.0219020634188	0.0687553696315	0.0541762502456	0.11035984216	-0.146085107335	-0.0791551443247	0.136654462032	-0.0242189819131	-0.0171283647727
k__Bacteria;p__Bacteroidetes;c__Bacteroidia;o__Bacteroidales;f__Bacteroidaceae;g__Bacteroides;s__Bacteroides_fragilis	-0.092175134156	0.0814395504017	-0.175525034092	-0.0506749528777	0.0506355538592	0.0629479310938	0.0822794154993	-0.060124007841	0.0229705076221	-0.0243112839955	0.0127745599636	0.015029318852	-0.0438744981306	-0.0202455970536	0.079814858666	-0.0633073049789	1.0	-0.00500153002723	-0.017111824461	-0.083461882615	0.0665689741676	0.0472423056865	-0.0723615490561	-0.0326617663032	-0.115882749437	-0.179146603647	-0.158203052798	-0.00671523241517	0.0558914637372	-0.171410082683	0.0182743824875	-0.0345385279702	-0.133112993297	-0.0543521963493	-0.126446457753	0.157975583664	0.152957570055	-0.178089680717	-0.155889300505	0.0334623632515	-0.165771236867	0.0688627406718	0.0342081519827	0.00859344849037	0.027331910194	0.0442910424153	-0.0403675671662	0.109379433419	-0.101023765143	-0.066538140313	0.160046756511	0.00217659629396	0.104922764477	-0.045168213503	0.00603317813046	-0.0272687732928	-0.147997042978	0.0647208538938	-0.0456607101235
k__Bacteria;p__Proteobacteria;c__Betaproteobacteria;o__Burkholderiales;f__Sutterellaceae;g__Sutterella;s__Sutterella_wadsworthensis	-0.148733705043	0.0623776992587	-0.0249655624926	0.129711793868	-0.0771129976689	0.00871294595855	-0.216807691421	0.025519804629	-0.0156672597578	-0.0477426606326	-0.0151359374878	0.0183707783574	-0.092989809224	0.133503418859	0.00340298769664	0.0925788782118	-0.00500153002723	1.0	0.0188085249238	-0.092855492094	-0.05127103328	-0.0920977583135	0.0540740251501	-0.0406820455759	0.176590445784	0.0446433166456	-0.102740104091	0.0437628462218	-0.0145207694789	0.0620213280169	-0.132634947722	0.0190487945336	0.100716359901	-0.0516921877271	0.0772477206506	0.0148226082723	-0.0198454175327	0.000859252949336	-0.159400480164	-0.103549249992	0.167068008294	-0.017767697421	-0.122886786243	0.0211393067014	-0.0295932974211	-0.0381180188489	-0.00766014801618	0.0153201401196	-0.0786933647456	-0.0549905838321	-0.0907290839548	0.0713944457606	0.0279173625898	0.0731024101468	-0.0237750321274	-0.0546690990191	-0.0520452478025	0.014421552614	-0.0271994699334
k__Bacteria;p__Bacteroidetes;c__Bacteroidia;o__Bacteroidales;f__Porphyromonadaceae;g__Barnesiella;s__Barnesiella_intestinihominis	0.0498646474431	-0.0538273522648	0.0970108520192	0.0314950941696	-0.0499076118238	0.0162214860206	-0.0854485678079	-0.0574084928416	-0.0844447588549	0.0847053941555	-0.0621441628126	0.10288957102	-0.0349352933635	0.0184385168966	-0.119298569161	0.0716209742709	-0.017111824461	0.0188085249238	1.0	-0.102868505882	0.0394215445924	-0.0688132530374	0.147346853234	0.0909501443632	-0.0317847876158	0.160471853384	-0.000551927364836	0.0426946974527	0.227451644104	0.124804721355	-0.0331435162115	-0.022712535462	0.0905786419886	0.014386271946	-0.0391869453895	-0.103458587861	0.12072210761	0.00763051034302	-0.0115599606396	-0.0233990917988	-0.0287214792816	-0.0389304034894	-0.0846693242716	-0.0364888810894	-0.0949433170795	-0.025258171425	-0.109432406312	-0.0972974185512	-0.0833215413212	0.0423972722446	0.0695516877035	-0.0535663635264	0.0443982079141	-0.0147516895653	-0.118597516761	0.0335666674697	0.000819130223413	-0.085151499922	-0.00385801989772
k__Bacteria;p__Bacteroidetes;c__Bacteroidia;o__Bacteroidales;f__Odoribacteraceae;g__Odoribacter;s__Odoribacter_splanchnicus	0.093949344206	-0.0500231361878	0.128208695862	0.00960644310747	-0.0401169810857	-0.0471408762151	0.0524808111795	0.0612229441048	-0.000283124878421	0.0451543673657	-0.110565201929	0.0758727709003	-0.0939840260173	0.0974665196024	-0.00136110423035	-0.0441505108683	-0.083461882615	-0.092855492094	-0.102868505882	1.0	0.0174164004002	-0.00438463094823	-0.0826153070523	-0.118819784341	0.00637395360282	0.0478066928137	0.203297367646	0.0969482534853	0.0265990654987	0.0199544096434	-0.0136991151545	0.0299828223933	-0.103788168118	0.0356406450666	0.0702479416062	-0.0220862917525	-0.056132711767	-0.0142704225422	0.0555146719289	0.0186804064273	-0.112981114624	-0.0765135089943	-0.0459790812174	-0.013733637666	-0.0729793198695	-0.0439931811046	0.0320290720714	-0.0851590657914	-0.0555102492406	0.0411484569241	-0.0497864425982	-0.0879768402889	0.115298493936	-0.128019523681	-0.0222323473173	-0.150803692285	-0.0140950930093	-0.0407825753436	0.0167713658459
k__Bacteria;p__Bacteroidetes;c__Bacteroidia;o__Bacteroidales;f__Bacteroidaceae;g__Bacteroides;s__Bacteroides_salyersiae	0.117294717219	-0.0579335455544	0.098555112892	-0.0712321008129	0.0495130773254	-0.0998375118656	0.0147838702677	-0.0230457196025	-0.0450686115896	0.178260359713	0.00443830788179	-0.0473391727394	-0.0399279491937	0.149322729608	-0.0223514735049	-0.081563665316	0.0665689741676	-0.05127103328	0.0394215445924	0.0174164004002	1.0	0.0627419034561	-0.00656498788687	-0.095590743216	0.0293234940941	0.00952106756002	-0.103616661196	-0.0660365280972	0.00955454455212	0.0155310683389	-0.0550530588195	-0.0301345826452	-0.0261499898525	0.0319857853428	-0.161511651965	-0.0824827340049	0.170308822607	-0.0834959830952	-0.0631450918032	-0.0619772947787	0.131133699996	0.0123056988454	-0.0780627466005	-0.102128147697	0.111566979914	-0.0308627547958	0.110853277258	0.029910170579	0.0156715572369	0.047520145825	0.105537322182	-0.113329454862	0.12388503182	-0.03382529577	-0.0327756945989	0.0397312969668	0.0865225484326	-0.0538812604767	-0.0687894303753
k__Bacteria;p__Firmicutes;c__Clostridia;o__Clostridiales;f__Ruminococcaceae;g__Ruminiclostridium;s__[Eubacterium]_siraeum	0.0475741856394	-0.00554258051112	0.0786723313788	0.0504865573004	-0.0464248716647	-0.0864607554094	0.025781673577	-0.0291167304106	-0.121076436336	-0.0811297236076	-0.224061448222	0.0842642691096	0.0240761090892	-0.0418159186936	0.0779999061898	-0.124891287862	0.0472423056865	-0.0920977583135	-0.0688132530374	-0.00438463094823	0.0627419034561	1.0	-0.043957765763	-0.100664350077	0.0231709707335	-0.0369687299353	-0.00375680120373	0.0477374402607	0.0245137841192	-0.0343593582831	0.0592505436893	-0.056029121097	-0.0762984748231	0.0084252780539	-0.134867963416	0.079811458552	-0.0085002659623	0.0318491186203	0.0166187016594	-0.160975621781	0.120401349972	0.118252026151	0.0385243999914	0.0671544118607	-0.0188068871215	-0.0327896137617	-0.0488423694905	0.0913757512925	-0.0493267620237	0.00877293206795	0.06731896594	-0.0797792400732	-0.0373668922847	0.0316344141075	0.137760042761	0.0721053246589	-0.0196842979804	0.00155458661535	-0.0614247151208
k__Bacteria;p__Proteobacteria;c__Betaproteobacteria;o__Burkholderiales;f__Sutterellaceae;g__Parasutterella;s__Parasutterella_excrementihominis	0.0367132130376	0.0134745749261	0.108191474851	0.0117490526704	-0.0106575601115	0.0686387292578	-0.079465814306	-0.0324941219467	-0.131345155701	0.0308893299886	0.0454176482006	0.0770300897992	0.0436816011192	0.0325414830131	-0.101334503589	-0.000128170712238	-0.0723615490561	0.0540740251501	0.147346853234	-0.0826153070523	-0.00656498788687	-0.043957765763	1.0	0.0833869740555	-0.010266332295	0.0697052491189	-0.0607296012417	0.0936654068949	-0.065649715785	0.0639399376583	-0.0912233347224	-0.0330995673816	0.0576411584162	-0.0432941210635	0.0805976473784	-0.0197450137809	-0.0223737620086	-0.0208552243348	-0.0913472591361	0.084775503625	-0.176307120349	-0.0653938550391	-0.0582635721091	0.0301307766625	0.0504402302462	-0.152133786758	-0.136723041345	-0.0407540598791	0.00284030273126	-0.00975783022416	-0.0314235294298	-0.0627302293977	-0.0634979939643	0.0580447307347	-0.0706277822838	0.00742857159264	-0.101713039597	-0.0097780872759	-0.0258280850815
k__Bacteria;p__Actinobacteria;c__Actinobacteria;o__Bifidobacteriales;f__Bifidobacteriaceae;g__Bifidobacterium;s__Bifidobacterium_adolescentis	0.000309973486946	0.173360442267	0.12872561801	-0.0710158019591	-0.0675599361932	-0.101150021584	-0.0770737729395	0.0691342774125	0.028097719363	0.0978554345559	0.174024736897	-0.0143387650747	0.100027266537	0.00197172190672	0.0397203898336	-0.104884530498	-0.0326617663032	-0.0406820455759	0.0909501443632	-0.118819784341	-0.095590743216	-0.100664350077	0.0833869740555	1.0	0.0189037042794	-0.05045736956	-0.00367507953294	0.113771417862	-0.133195560063	0.0136978429603	0.060548181152	-0.0361663278334	-0.0849364812132	0.104184444843	-0.047626781105	0.0425491187186	-0.109719139683	0.102308379018	0.0623335365924	-0.0320646186784	0.0512264308144	-0.00912146976611	0.0172523876498	0.0153756318454	0.116499334632	-0.0828005361716	0.0753465756014	-0.0890030629609	0.0915070183064	-0.036262329594	0.025206297492	0.127401843744	-0.0548395560078	-0.0493929124273	-0.040574373658	-0.0330874136054	0.0679985676435	0.0946997588825	-0.02043908568
k__Bacteria;p__Firmicutes;c__Clostridia;o__Clostridiales;f__Oscillospiraceae;g__Oscillibacter;s__Oscillibacter_sp._KLE_1745	-0.00587934005583	-0.00105302873175	0.0318904584729	-0.125363671027	0.0268635613505	-0.0341421250468	0.0123664912319	-0.11451934393	-0.0756920736081	0.0284713163256	0.0643718725648	0.0824504601099	0.0232088956927	-0.0763158547797	0.0522499375125	-0.0351578336321	-0.115882749437	0.176590445784	-0.0317847876158	0.00637395360282	0.0293234940941	0.0231709707335	-0.010266332295	0.0189037042794	1.0	0.0736642731392	-0.13572985733	-0.085641677047	0.0336463885736	0.0455404486414	0.107584917605	-0.00191470507437	-0.00797735853504	0.0684658263912	-0.0370459514634	-0.113899384668	0.0396593792744	-0.0246028823508	-0.00407038502247	-0.063577619155	0.0458874286941	-0.0654492452223	0.0974075217625	0.000937097829439	-0.0115951616905	0.0181976013065	-0.0436756985239	-0.060898340408	0.0690060455607	-0.0972734029472	0.0222209577486	-0.059096359683	-0.116918800653	0.0639465971321	-0.0654504391266	-0.139703767512	-0.131020448746	-0.0665018662581	0.0541472320275
k__Bacteria;p__Bacteroidetes;c__Bacteroidia;o__Bacteroidales;f__Bacteroidaceae;g__Bacteroides;s__Bacteroides_coprophilus	0.0578822235849	-0.066595021877	0.155072709572	-0.0963654750041	-0.104341786835	0.00612693579141	-0.0158235679246	0.000839999421362	0.129176011577	0.106324161974	-0.0398027889774	0.058399986637	0.0568527149268	0.00944726722764	-0.0373191464585	0.12418386381	-0.179146603647	0.0446433166456	0.160471853384	0.0478066928137	0.00952106756002	-0.0369687299353	0.0697052491189	-0.05045736956	0.0736642731392	1.0	0.0395975346274	0.056500002364	-0.174776102814	0.0522877616183	-0.105617813508	-0.00767123323661	0.103372110161	-0.0582178794107	0.0103280468981	0.0018903908549	-0.0916198777667	0.0606464895433	0.0209090616972	0.034516088164	-0.0200852293134	-0.21303036793	-0.0444895536778	0.0397410713251	0.110630887306	-0.0332892743737	0.0500758859273	-0.045562057468	0.0587839206612	-0.213907560159	-0.0940971888124	-0.082076119965	0.0347335298524	-0.0747593447872	0.0100195695894	-0.0310039996682	0.0348355406751	-0.076466098335	-0.0376072047888
k__Bacteria;p__Firmicutes;c__Clostridia;o__Clostridiales;f__Lachnospiraceae;g__Roseburia;s__Roseburia_intestinalis	-0.0143195053402	-0.13065203446	-0.00900483462726	0.0809204718123	0.0998941975662	-0.0396369994156	0.0262909243636	0.0870997798646	-0.0292609822028	0.105201690443	-0.0508769581491	-0.0220190680257	0.0150110007851	-0.0507983033481	-0.0812105811001	-0.0399854102785	-0.158203052798	-0.102740104091	-0.000551927364836	0.203297367646	-0.103616661196	-0.00375680120373	-0.0607296012417	-0.00367507953294	-0.13572985733	0.0395975346274	1.0	-0.103424480517	-0.161140249817	-0.0540332367145	0.106329349723	0.0312013262864	0.0041076702295	0.0121579782099	-0.0139584238324	-0.0721116534094	0.0099000160839	-0.0030869914173	0.0142413358192	-0.0488341872921	-0.016529245649	0.0751102422147	-0.0672433004715	-0.0150549331664	-0.0323954946687	0.0617316577832	0.161850522136	-0.0486441964672	0.105296322987	-0.0021940205235	0.0458694561904	-0.0258390920517	0.120463093561	0.0235677216246	-0.0481962541992	-0.00506231204636	-0.0438093706361	0.0814047003476	-0.00762063996927
k__Bacteria;p__Firmicutes;c__Clostridia;o__Clostridiales;f__Lachnospiraceae;g__Roseburia;s__Roseburia_hominis	-0.091060431851	-0.0304190917866	0.150115701992	-0.0373700824259	1.27276060898e-05	-0.0370637676115	0.0673057019531	-0.0213914632096	-0.097050587144	0.162036909209	-0.137127154962	0.0654162619144	0.100030496599	-0.0903800479971	0.0397250632335	0.0574817043087	-0.00671523241517	0.0437628462218	0.0426946974527	0.0969482534853	-0.0660365280972	0.0477374402607	0.0936654068949	0.113771417862	-0.085641677047	0.056500002364	-0.103424480517	1.0	-0.0209419278846	-0.0790201036337	0.139307953735	-0.164250835128	-0.118372617106	-0.143147447219	0.0186769534856	0.123910728982	-0.0502421073207	0.062818112975	-0.0622593275086	-0.0276288153183	-0.0231046432171	-0.104330363498	-0.000277861652015	-0.0376232057532	-0.000531376040836	-0.190932106088	-0.11840608957	-0.0979958454223	0.0789985045383	0.0487438948809	-0.125326817771	-0.149970326022	0.10176307253	0.0014707564407	0.0792010634342	0.0564250227464	0.121753535043	-0.0376395283801	-0.0385589063543
k__Bacteria;p__Bacteroidetes;c__Bacteroidia;o__Bacteroidales;f__Porphyromonadaceae;g__Parabacteroides;s__Parabacteroides_johnsonii	-0.172392309979	0.0840584442328	0.00892562144763	0.0620457533161	-0.0255265431437	0.1907807782	-0.00803821541188	-0.0124860070755	0.0483320003138	0.0158519227233	-0.130790262688	-0.180712602564	-0.141467369144	0.0121830998598	0.0790728609217	-0.0510165502196	0.0558914637372	-0.0145207694789	0.227451644104	0.0265990654987	0.00955454455212	0.0245137841192	-0.065649715785	-0.133195560063	0.0336463885736	-0.174776102814	-0.161140249817	-0.0209419278846	1.0	0.0258686719809	-0.145103902738	0.0274143263499	0.0496364479457	-0.0789122236884	-0.0280829283994	0.096440930594	0.0500354006367	-0.187009910573	-0.0414619218843	-0.0787455600975	0.147429374808	0.0462021657494	-0.0707794700699	-0.112263198455	0.0330103690165	0.106255076884	0.0138924341216	-0.0211192194117	-0.10040574383	0.12804622023	0.0484835281816	0.179630192365	0.066394807726	0.0259094559415	0.0206171814266	0.0609375413855	-0.0176917529466	-0.0552343767396	-0.018996846666
k__Bacteria;p__Actinobacteria;c__Actinobacteria;o__Bifidobacteriales;f__Bifidobacteriaceae;g__Bifidobacterium;s__Bifidobacterium_longum	-0.0560719287241	0.142606997287	-0.0680570661095	-0.0164724514267	0.0646883322082	-0.123286836321	0.0665084426246	0.089646021087	0.0378448212439	-0.143975992818	-0.0457661222705	-0.0724974727435	-0.113729791026	0.0494760776011	-0.0971724929124	0.0629889981146	-0.171410082683	0.0620213280169	0.124804721355	0.0199544096434	0.0155310683389	-0.0343593582831	0.0639399376583	0.0136978429603	0.0455404486414	0.0522877616183	-0.0540332367145	-0.0790201036337	0.0258686719809	1.0	0.0330137508231	0.00748945284204	-0.0294223908968	0.00360147458747	-0.0120059921799	-0.0699117153252	-0.0323862780635	0.0225212814566	-0.031353711044	-0.0264299658897	0.15812412873	-0.0915878021199	0.0609980094638	0.268089851498	-0.0652635494447	-0.00137428608307	-0.016193890456	-0.0195349198909	-0.0736029826156	-0.0154377458845	-0.163450041737	0.076574318322	-0.0399394761806	0.0129242854173	0.0359355068897	0.0485005438638	-0.0572039753066	0.0278937576417	-0.0166983704389
