#taxonomy	k__Bacteria;p__Bacteroidetes;c__Bacteroidia;o__Bacteroidales;f__Bacteroidaceae;g__Bacteroides;s__Bacteroides_vulgatus	k__Bacteria;p__Bacteroidetes;c__Bacteroidia;o__Bacteroidales;f__Bacteroidaceae;g__Bacteroides;s__Bacteroides_uniformis	k__Bacteria;p__Bacteroidetes;c__Bacteroidia;o__Bacteroidales;f__Rikenellaceae;g__Alistipes;s__Alistipes_putredinis	k__Bacteria;p__Bacteroidetes;c__Bacteroidia;o__Bacteroidales;f__Prevotellaceae;g__Prevotella;s__Prevotella_copri	k__Bacteria;p__Bacteroidetes;c__Bacteroidia;o__Bacteroidales;f__Bacteroidaceae;g__Bacteroides;s__Bacteroides_stercoris	k__Bacteria;p__Bacteroidetes;c__Bacteroidia;o__Bacteroidales;f__Bacteroidaceae;g__Bacteroides;s__Bacteroides_ovatus	k__Bacteria;p__Bacteroidetes;c__Bacteroidia;o__Bacteroidales;f__Rikenellaceae;g__Alistipes;s__Alistipes_shahii	k__Bacteria;p__Firmicutes;c__Clostridia;o__Clostridiales;f__Ruminococcaceae;g__Faecalibacterium;s__Faecalibacterium_prausnitzii	k__Bacteria;p__Bacteroidetes;c__Bacteroidia;o__Bacteroidales;f__Rikenellaceae;g__Alistipes;s__Alistipes_finegoldii	k__Bacteria;p__Bacteroidetes;c__Bacteroidia;o__Bacteroidales;f__Porphyromonadaceae;g__Parabacteroides;s__Parabacteroides_distasonis	k__Bacteria;p__Bacteroidetes;c__Bacteroidia;o__Bacteroidales;f__Bacteroidaceae;g__Bacteroides;s__Bacteroides_thetaiotaomicron	k__Bacteria;p__Bacteroidetes;c__Bacteroidia;o__Bacteroidales;f__Bacteroidaceae;g__Bacteroides;s__Bacteroides_coprocola	k__Bacteria;p__Bacteroidetes;c__Bacteroidia;o__Bacteroidales;f__Bacteroidaceae;g__Bacteroides;s__Bacteroides_cellulosilyticus	k__Bacteria;p__Bacteroidetes;c__Bacteroidia;o__Bacteroidales;f__Rikenellaceae;g__Alistipes;s__Alistipes_obesi	k__Bacteria;p__Firmicutes;c__Clostridia;o__Clostridiales;f__Lachnospiraceae;g__;s__[Eubacterium]_rectale	k__Bacteria;p__Bacteroidetes;c__Bacteroidia;o__Bacteroidales;f__Bacteroidaceae;g__Bacteroides;s__Bacteroides_plebeius	k__Bacteria;p__Bacteroidetes;c__Bacteroidia;o__Bacteroidales;f__Bacteroidaceae;g__Bacteroides;s__Bacteroides_fragilis	k__Bacteria;p__Proteobacteria;c__Betaproteobacteria;o__Burkholderiales;f__Sutterellaceae;g__Sutterella;s__Sutterella_wadsworthensis	k__Bacteria;p__Bacteroidetes;c__Bacteroidia;o__Bacteroidales;f__Porphyromonadaceae;g__Barnesiella;s__Barnesiella_intestinihominis	k__Bacteria;p__Bacteroidetes;c__Bacteroidia;o__Bacteroidales;f__Odoribacteraceae;g__Odoribacter;s__Odoribacter_splanchnicus	k__Bacteria;p__Bacteroidetes;c__Bacteroidia;o__Bacteroidales;f__Bacteroidaceae;g__Bacteroides;s__Bacteroides_salyersiae	k__Bacteria;p__Firmicutes;c__Clostridia;o__Clostridiales;f__Ruminococcaceae;g__Ruminiclostridium;s__[Eubacterium]_siraeum	k__Bacteria;p__Proteobacteria;c__Betaproteobacteria;o__Burkholderiales;f__Sutterellaceae;g__Parasutterella;s__Parasutterella_excrementihominis	k__Bacteria;p__Actinobacteria;c__Actinobacteria;o__Bifidobacteriales;f__Bifidobacteriaceae;g__Bifidobacterium;s__Bifidobacterium_adolescentis	k__Bacteria;p__Firmicutes;c__Clostridia;o__Clostridiales;f__Oscillospiraceae;g__Oscillibacter;s__Oscillibacter_sp._KLE_1745	k__Bacteria;p__Bacteroidetes;c__Bacteroidia;o__Bacteroidales;f__Bacteroidaceae;g__Bacteroides;s__Bacteroides_coprophilus	k__Bacteria;p__Firmicutes;c__Clostridia;o__Clostridiales;f__Lachnospiraceae;g__Roseburia;s__Roseburia_intestinalis	k__Bacteria;p__Firmicutes;c__Clostridia;o__Clostridiales;f__Lachnospiraceae;g__Roseburia;s__Roseburia_hominis	k__Bacteria;p__Bacteroidetes;c__Bacteroidia;o__Bacteroidales;f__Porphyromonadaceae;g__Parabacteroides;s__Parabacteroides_johnsonii	k__Bacteria;p__Actinobacteria;c__Actinobacteria;o__Bifidobacteriales;f__Bifidobacteriaceae;g__Bifidobacterium;s__Bifidobacterium_longum	k__Bacteria;p__Firmicutes;c__Clostridia;o__Clostridiales;f__;g__Flavonifractor;s__Flavonifractor_plautii	k__Bacteria;p__Firmicutes;c__Clostridia;o__Clostridiales;f__Clostridiaceae;g__Clostridium;s__Clostridium_phoceensis	k__Bacteria;p__Verrucomicrobia;c__Verrucomicrobiae;o__Verrucomicrobiales;f__Akkermansiaceae;g__Akkermansia;s__Akkermansia_muciniphila	k__Bacteria;p__Bacteroidetes;c__Bacteroidia;o__Bacteroidales;f__Prevotellaceae;g__Paraprevotella;s__Paraprevotella_xylaniphila	k__Bacteria;p__Firmicutes;c__Clostridia;o__Clostridiales;f__Ruminococcaceae;g__Ruminococcus;s__Ruminococcus_callidus	k__Bacteria;p__Bacteroidetes;c__Bacteroidia;o__Bacteroidales;f__Rikenellaceae;g__Alistipes;s__Alistipes_senegalensis	k__Bacteria;p__Firmicutes;c__Clostridia;o__Clostridiales;f__Lachnospiraceae;g__Blautia;s__Blautia_sp._KLE_1732	k__Bacteria;p__Bacteroidetes;c__Bacteroidia;o__Bacteroidales;f__Bacteroidaceae;g__Bacteroides;s__Bacteroides_oleiciplenus	k__Bacteria;p__Firmicutes;c__Clostridia;o__Clostridiales;f__Ruminococcaceae;g__Ruminococcus;s__Ruminococcus_bicirculans	k__Bacteria;p__Bacteroidetes;c__Bacteroidia;o__Bacteroidales;f__Bacteroidaceae;g__Bacteroides;s__Bacteroides_fluxus	k__Bacteria;p__Bacteroidetes;c__Bacteroidia;o__Bacteroidales;f__Prevotellaceae;g__Prevotella;s__Prevotella_stercorea	k__Bacteria;p__Firmicutes;c__Clostridia;o__Clostridiales;f__Lachnospiraceae;g__Dorea;s__Dorea_longicatena	k__Bacteria;p__Firmicutes;c__Clostridia;o__Clostridiales;f__Eubacteriaceae;g__Eubacterium;s__[Eubacterium]_eligens	k__Bacteria;p__Firmicutes;c__Clostridia;o__Clostridiales;f__Ruminococcaceae;g__;s__Ruminococcaceae_bacterium_D16	k__Bacteria;p__Firmicutes;c__Clostridia;o__Clostridiales;f__Lachnospiraceae;g__Coprococcus;s__Coprococcus_comes	k__Bacteria;p__Proteobacteria;c__Gammaproteobacteria;o__Enterobacterales;f__Enterobacteriaceae;g__Escherichia;s__Escherichia_coli	k__Bacteria;p__Firmicutes;c__Clostridia;o__Clostridiales;f__Ruminococcaceae;g__Anaerotruncus;s__Anaerotruncus_colihominis	k__Bacteria;p__Firmicutes;c__Clostridia;o__Clostridiales;f__Lachnospiraceae;g__Blautia;s__Blautia_obeum	k__Bacteria;p__Bacteroidetes;c__Bacteroidia;o__Bacteroidales;f__Odoribacteraceae;g__Odoribacter;s__Odoribacter_laneus	k__Bacteria;p__Firmicutes;c__Clostridia;o__Clostridiales;f__Ruminococcaceae;g__Ruminiclostridium;s__[Clostridium]_leptum	k__Bacteria;p__Bacteroidetes;c__Bacteroidia;o__Bacteroidales;f__Porphyromonadaceae;g__Parabacteroides;s__Parabacteroides_goldsteinii	k__Bacteria;p__Firmicutes;c__Clostridia;o__Clostridiales;f__Lachnospiraceae;g__Anaerostipes;s__Anaerostipes_hadrus	k__Bacteria;p__Firmicutes;c__Clostridia;o__Clostridiales;f__Ruminococcaceae;g__Ruminococcus;s__Ruminococcus_lactaris	k__Bacteria;p__Firmicutes;c__Clostridia;o__Clostridiales;f__Clostridiaceae;g__Clostridium;s__Clostridium_sp._L2-50	k__Bacteria;p__Firmicutes;c__Clostridia;o__Clostridiales;f__Clostridiaceae;g__Clostridium;s__Clostridium_sp._M62/1	k__Bacteria;p__Firmicutes;c__Clostridia;o__Clostridiales;f__;g__Intestinimonas;s__Intestinimonas_butyriciproducens	k__Bacteria;p__Actinobacteria;c__Actinobacteria;o__Bifidobacteriales;f__Bifidobacteriaceae;g__Bifidobacterium;s__Bifidobacterium_bifidum	k__Bacteria;p__Firmicutes;c__Negativicutes;o__Veillonellales;f__Veillonellaceae;g__Dialister;s__Dialister_invisus	k__Bacteria;p__Bacteroidetes;c__Bacteroidia;o__Bacteroidales;f__Bacteroidaceae;g__Bacteroides;s__Bacteroides_salanitronis
k__Bacteria;p__Bacteroidetes;c__Bacteroidia;o__Bacteroidales;f__Bacteroidaceae;g__Bacteroides;s__Bacteroides_vulgatus	1.0	-0.00214647019314	0.0942062495224	0.00309447178936	0.0295461816258	0.0270389629015	0.00477666555481	-0.0532852621137	0.0811143587089	-0.0990785339193	0.039758542168	0.00243683261147	-0.0477483328167	-0.0776111515771	-0.0339831822735	-0.0448931039792	-0.0197393021835	-0.0930187417317	0.0640799714603	0.115090127113	0.0266073897718	-0.026112473599	0.0248085576745	0.169670381517	-0.0630039954609	0.0618266489768	0.0216908133114	-0.019814978426	-0.151687036921	0.187616513131	-0.0182845479229	0.0254941963019	-0.0111047615081	0.0352434002385	-0.0605743362686	0.0611807729832	-0.0723101711398	-0.1203951405	-0.0993520652104	-0.0479164258168	-0.0894386881329	0.111054626081	0.0488283921697	0.165568101186	0.0458073815297	0.0793786899959	-0.0242581875014	-0.0448354755092	0.0526785835754	-0.127050668462	-0.0991508455625	0.0476067328017	-0.0196991308607	0.00725517628858	0.0759609189426	-0.00774563946906	-0.0913032435724	0.000602925394326	-0.0489517856569
k__Bacteria;p__Bacteroidetes;c__Bacteroidia;o__Bacteroidales;f__Bacteroidaceae;g__Bacteroides;s__Bacteroides_uniformis	-0.00214647019314	1.0	-0.0419458721563	-0.0251595111527	0.0517191981035	0.0112532109271	-0.0892972069406	-0.0471464139745	0.0576899012851	-0.0708210720264	0.124437499327	0.00072576345499	-0.12283729509	-0.120824466032	-0.152019217983	-0.0329367800782	0.0543812405418	-0.0700409663881	0.1739238683	0.0709676274176	0.0712057828826	0.000702860911005	-0.156375833735	-0.0465902644887	0.0816255920658	0.00886858679177	-0.0044282746571	-0.0447220005595	-0.112339835843	-0.186624985334	0.232703988765	-0.138304444394	0.0655027400834	-0.0268162175886	0.0686312663501	-0.0246374614873	0.0677359759048	-0.120202269172	-0.0226827275226	0.060869752007	0.064653953315	0.0671606194459	-0.0413288263905	-0.00846385166984	-0.105213175483	-0.0227043505382	0.0520974115453	-0.0174976501326	0.0201136754774	0.00991052481095	-0.121823924976	0.0565752432246	0.121351627018	0.00192117975895	-0.0325318984858	0.00688773789045	-0.0283582065494	-0.0378084565316	0.0185684535183
k__Bacteria;p__Bacteroidetes;c__Bacteroidia;o__Bacteroidales;f__Rikenellaceae;g__Alistipes;s__Alistipes_putredinis	0.0942062495224	-0.0419458721563	1.0	-0.00290722539172	0.0332439280739	-0.089877704308	-0.0440385435316	-0.0608500337739	0.0651201866694	0.124973880302	0.013386178773	-0.0439962229254	0.02291229127	-0.0105498875334	-0.0134855161653	0.0274257922802	-0.00467862783688	-0.133668161233	-0.0227113358366	0.0108791788213	-0.0729034768437	0.0536020360823	-0.0834645507338	-0.105725837819	-0.0572591571313	-0.00921082779536	0.00745739785355	-0.131420851871	0.0108301150713	-0.0979870461337	-0.0563427819721	0.0556461068562	0.116152530235	0.117861424112	-0.00637917916316	-0.0143808568979	-0.0105517594366	0.0734822800036	0.0373076950056	0.0203443622941	-0.0026011707783	-0.10034794864	0.0639319453204	-0.0681902246125	-0.0151457361996	0.0763243137295	-0.075915414567	0.00306305492751	-0.00503976030384	-0.0124245339279	-0.13134487555	-0.00412884597917	-0.0647969184099	0.0731270907925	-0.0594815533116	0.0442185860509	-0.174497322048	0.0123398840019	0.00403513340661
k__Bacteria;p__Bacteroidetes;c__Bacteroidia;o__Bacteroidales;f__Prevotellaceae;g__Prevotella;s__Prevotella_copri	0.00309447178936	-0.0251595111527	-0.00290722539172	1.0	-0.0830494434576	0.078037459181	0.028045833658	-0.0934213001805	0.0432069231595	0.0786764596531	0.0323095373022	0.0547870750566	0.0553628687958	-0.0647920487551	-0.00672759514227	-0.108410840132	0.0435679434331	-0.106408120457	0.0333890956286	0.0552152387767	-0.0114287905386	0.0172947880007	-0.0206765771887	0.101449095602	0.0180447230312	0.124589121197	0.0838866314325	0.0958154439118	0.135691424415	0.058375968948	0.00891011336393	-0.0813894462459	0.162343977129	-0.0196424491041	-0.042426752711	0.0186660907009	0.0499807020413	-0.025134666781	-0.0936954508582	-0.0150913259897	0.046983853026	-0.086269737704	-0.0250840809483	-0.0415362972265	-0.0833181031866	0.0480661393319	0.00407867697806	-0.153849220227	-0.128317718376	-0.0590903490265	-0.0860024699123	-0.0432588983213	-0.00117692555874	0.0502233175553	0.122531987948	-0.0354506746463	-0.05371657201	0.0984880141421	0.033986617
k__Bacteria;p__Bacteroidetes;c__Bacteroidia;o__Bacteroidales;f__Bacteroidaceae;g__Bacteroides;s__Bacteroides_stercoris	0.0295461816258	0.0517191981035	0.0332439280739	-0.0830494434576	1.0	-0.0364789007635	-0.0377444755182	-0.0486962474792	0.0428979540169	0.0680804123884	0.00881336591475	0.0566127616688	-0.0858345327067	-0.00943173008773	-0.0579371105809	-0.147730982728	0.0211705406273	0.087677071244	-0.0291946137092	-0.03668646457	-0.0306641917654	-0.119295262417	0.118861747774	-0.0204930879702	-0.0341750984707	0.146623868795	-0.0297469381029	-0.0390386587791	0.05368561073	-0.0125575798385	0.0289477009956	-0.0544948331665	-0.00424403655057	-0.104066067927	-0.0262823178803	-0.0227401157036	-0.00193920298336	0.0370758759773	-0.0266120854284	0.026230756144	-0.0261157628415	0.136938349005	-0.0803036549167	-0.0353264940712	0.0913621807922	-0.023880795563	0.00373313274485	0.0145080372928	0.0848003530947	0.0166753914959	0.106773898529	0.0514972439935	-0.0226688255257	0.0079900669226	0.207315513861	-0.0759519547881	0.0574251114869	-0.0454788144356	-0.0326298262262
k__Bacteria;p__Bacteroidetes;c__Bacteroidia;o__Bacteroidales;f__Bacteroidaceae;g__Bacteroides;s__Bacteroides_ovatus	0.0270389629015	0.0112532109271	-0.089877704308	0.078037459181	-0.0364789007635	1.0	0.051411291811	-0.182144453981	0.0869181065383	-0.0391289872496	0.0172425704222	-0.00698703928037	0.0236541506937	0.0646488713728	-0.0919055968053	-0.0864024557642	0.0675145309942	0.11902194314	-0.0659740688908	-0.0353654465767	-0.0344158388575	0.0480892512568	-0.0354410407986	-0.00847075746065	-0.0897720956233	0.0474915541183	0.0440916788404	-0.0854635792068	0.100734753886	0.0822781958387	-0.0793454802775	-0.0131487564025	-0.0717086303528	0.092781411498	-0.0322178665849	0.0517109322526	-0.0208435130696	0.125338893438	-0.0107800437493	-0.119995727185	-0.0617958546945	-0.0782527175908	0.0583462688558	-0.0108871941852	-0.0461263140288	0.0911010438195	-0.0688237295609	-0.183597040882	-0.102829523479	-0.0341369698062	-0.0217920551572	0.00310059900546	0.077166307036	0.020425841927	-0.0102560347136	-0.0449009923522	0.0593197076376	0.0656238638754	0.00859919569585
k__Bacteria;p__Bacteroidetes;c__Bacteroidia;o__Bacteroidales;f__Rikenellaceae;g__Alistipes;s__Alistipes_shahii	0.00477666555481	-0.0892972069406	-0.0440385435316	0.028045833658	-0.0377444755182	0.051411291811	1.0	-0.000770646389256	0.0882482571003	-0.0673197807142	0.0410672382453	-0.120663005667	-0.0771888247104	0.0550083723346	-0.0132622659744	0.107586360762	-0.04292484261	0.0410103066053	0.0923143357863	-0.0120443549861	0.173690052405	-0.0728726650006	-0.0909538678146	-0.10305264589	0.0444813318299	0.186991305551	-0.0512541650142	0.0436587190115	0.00049953763297	0.0155592702667	-0.084354408658	-0.0258073376127	0.120441574711	-0.0139716850595	0.0122215026886	-0.0788554263063	0.137904170302	0.186795116556	0.0350139970438	-0.0572706751933	0.0366894020319	0.0690565913795	-0.0328119548201	-0.00175904646123	-0.0236402580988	-0.110707420486	-0.00655345811531	0.0888860629961	0.0136976967769	-0.0522258381611	0.0386743175312	0.00146193536537	-0.0842668098917	-0.0331877910479	-0.049520968438	-0.140812970994	-0.150565641928	-0.0111453248617	0.0385299221158
k__Bacteria;p__Firmicutes;c__Clostridia;o__Clostridiales;f__Ruminococcaceae;g__Faecalibacterium;s__Faecalibacterium_prausnitzii	-0.0532852621137	-0.0471464139745	-0.0608500337739	-0.0934213001805	-0.0486962474792	-0.182144453981	-0.000770646389256	1.0	0.215584336952	0.0333158844526	0.13830017482	0.0993089552052	0.0258926396229	0.0825935285594	-0.021364165	-0.111625611581	-0.110939124082	0.0517686376438	-0.0492010355471	-0.0266181216035	-0.0761935176697	0.00116585667235	0.0639957999074	0.0149023870533	0.0513344455314	-0.00214006714192	-0.020972351028	0.0904085838914	-0.0370673837524	-0.0337197569684	0.0147869684608	0.034483282455	-0.147242743434	0.00613548804973	0.0564425108688	0.0716252201023	-0.101028508952	-0.0132152195506	-0.0156523634732	0.0542371537253	0.0812607162532	0.0439855292402	0.000245584247757	-0.0546689400644	-0.0484412057859	-0.0860703555193	0.0728520953228	-0.119436772741	-0.0208927871214	-0.00599381597097	0.0741692850688	-0.0649221652213	0.00308377467737	-0.0606362860748	0.0283954573461	-0.13059964706	0.0681256952916	-0.118342976902	-0.0742619446505
k__Bacteria;p__Bacteroidetes;c__Bacteroidia;o__Bacteroidales;f__Rikenellaceae;g__Alistipes;s__Alistipes_finegoldii	0.0811143587089	0.0576899012851	0.0651201866694	0.0432069231595	0.0428979540169	0.0869181065383	0.0882482571003	0.215584336952	1.0	-0.0277192229845	-0.0484645049868	0.0358174233137	0.0540648634655	-0.00178489420347	-0.00161604259952	-0.00818971254272	0.0395059690889	-0.0351061326246	-0.0627557937373	-0.00516727866291	0.0162934906384	0.0623919983107	-0.131966190949	-0.0499609403454	0.0317033813328	-0.0595091341287	-0.0729872206695	0.0152764601433	-0.0638915696272	-0.0205498384093	-0.00665996006501	-0.113152351936	-0.0530545773576	-0.131091415617	0.0431111804986	-0.0459205363885	-0.136329405971	-0.0626879484259	-0.031400642559	0.0499917982209	0.130482106341	0.152727549543	0.0773009778234	0.0392678621545	-0.0118891598615	-0.0806243389246	0.0627121498314	0.0531719333873	-0.0935351227553	-0.182220397059	-0.0996280364212	0.0797037989535	-0.0953174577757	0.0264208238366	0.152338254747	0.0731314147144	0.0711175321956	0.0996204675392	-0.0468449598636
k__Bacteria;p__Bacteroidetes;c__Bacteroidia;o__Bacteroidales;f__Porphyromonadaceae;g__Parabacteroides;s__Parabacteroides_distasonis	-0.0990785339193	-0.0708210720264	0.124973880302	0.0786764596531	0.0680804123884	-0.0391289872496	-0.0673197807142	0.0333158844526	-0.0277192229845	1.0	-0.0926547265194	-0.030420119372	0.075312232941	-0.144646734153	0.007605876696	-0.0596320149162	-0.0101022174829	-0.00748748762684	0.0448586219898	0.0457859378114	0.0087066737379	0.0668393205455	0.084106444397	-0.0183476327822	-0.0494843517148	0.0753507731202	0.0539270176022	0.0291585739052	0.0683451262544	0.0171933937408	0.0225608928001	-0.0567316681506	0.0561544474027	0.0485411326177	-0.00430802893837	-0.0226981267242	-0.15621773493	-0.0387444446924	0.0196799036164	0.0543204910223	-0.0321050998117	-0.185172274604	0.0178127002236	-0.0272831782648	-0.0106962271642	0.0174156487578	0.125229001805	-0.102021823071	0.0575958249011	-0.14257507644	-0.0790659424953	-0.0730569883768	0.00884727432471	-0.0346351084713	0.0515515604892	-0.128492098472	-0.000361238516873	-0.0175379777551	-0.169410271831
k__Bacteria;p__Bacteroidetes;c__Bacteroidia;o__Bacteroidales;f__Bacteroidaceae;g__Bacteroides;s__Bacteroides_thetaiotaomicron	0.039758542168	0.124437499327	0.013386178773	0.0323095373022	0.00881336591475	0.0172425704222	0.0410672382453	0.13830017482	-0.0484645049868	-0.0926547265194	1.0	0.0154768478453	-0.0731655613648	-0.11610285188	-0.0451323350472	-0.0838531562944	0.0752818896672	-0.0232131375582	-0.0698883379636	0.0989306844323	0.0930749826508	-0.0642752349016	0.0845123081761	0.00620542174976	0.115079365169	-0.0800084743446	-0.0649554587707	-0.128656449042	0.0287453395209	-0.116705105728	-0.00716595841722	-0.171060534733	0.0793351303381	-0.0974985702805	0.0574437832221	-0.00425937417115	0.0328123473313	0.0986532685843	-0.0267669213497	-0.0373701337819	-0.0141578766927	-0.119514604721	-0.0151105567504	0.00171856235066	-0.0244115327594	-0.199617669356	-0.181385109044	-0.0277861640598	0.0263537488699	0.0900323582989	-0.0421058786428	-0.018032252991	0.153177366397	0.102546870607	-0.0393856239208	-0.075846949076	0.0827312871694	-0.00097876750125	-0.0157177400521
k__Bacteria;p__Bacteroidetes;c__Bacteroidia;o__Bacteroidales;f__Bacteroidaceae;g__Bacteroides;s__Bacteroides_coprocola	0.00243683261147	0.00072576345499	-0.0439962229254	0.0547870750566	0.0566127616688	-0.00698703928037	-0.120663005667	0.0993089552052	0.0358174233137	-0.030420119372	0.0154768478453	1.0	-0.0757179900882	0.0985761224688	-0.08210984561	0.113825291597	0.04966888502	-0.00649281009039	0.0260158468263	-0.0532416038919	0.0463625284534	-0.0664811094692	0.0258189925766	0.01070100336	0.148936066039	0.122498077423	-0.0450459541926	0.0135133180801	-0.0964341509588	-0.0242336676333	-0.0313107235303	-0.0395959535114	-0.0274884174414	0.0774435890391	-0.0237804963344	-0.0626717504814	-0.113977731027	-0.0295912880027	-0.0472999131896	0.0354000465808	-0.00555645345091	-0.0996778359454	0.0169303722581	0.0545963371895	-0.0085297603909	-0.0742128294876	-0.0850723147177	-0.0932811076129	0.00232251997645	0.0261461565132	0.0529095580327	-0.122468172784	-0.021209175534	-0.101684269334	-0.0406214528784	0.00945261202133	-0.0169814091073	-0.0480937438271	0.00128594216511
k__Bacteria;p__Bacteroidetes;c__Bacteroidia;o__Bacteroidales;f__Bacteroidaceae;g__Bacteroides;s__Bacteroides_cellulosilyticus	-0.0477483328167	-0.12283729509	0.02291229127	0.0553628687958	-0.0858345327067	0.0236541506937	-0.0771888247104	0.0258926396229	0.0540648634655	0.075312232941	-0.0731655613648	-0.0757179900882	1.0	0.0286279801886	-0.0985475259114	-0.0490335145141	0.0717305707942	-0.0495170493652	-0.0216890293651	-0.00261470331912	-0.0987142319577	-0.157441434836	-0.0755096727454	-0.103252224427	0.0173874967437	-0.0362385972371	-0.0437450491956	-0.0563804972925	0.0636421096108	0.0151156777644	-0.105471202534	0.129249260702	0.0675798572588	0.106372872877	-0.0729015296367	0.0890080186122	-0.116199202613	-0.0546827119219	-0.0196125596208	0.0538809412683	-0.0160746707754	-0.0921759077945	0.043075475846	-0.0151926430063	-0.0481963149816	-0.0413135575352	-0.0993942122853	-0.127216060969	0.0438530806203	-0.028454136446	0.0714626693366	0.0573695115426	-0.0299672972607	0.0278510013959	-0.106190763219	-0.00872791501747	-0.00688366960778	0.0520921408206	0.103251939837
k__Bacteria;p__Bacteroidetes;c__Bacteroidia;o__Bacteroidales;f__Rikenellaceae;g__Alistipes;s__Alistipes_obesi	-0.0776111515771	-0.120824466032	-0.0105498875334	-0.0647920487551	-0.00943173008773	0.0646488713728	0.0550083723346	0.0825935285594	-0.00178489420347	-0.144646734153	-0.11610285188	0.0985761224688	0.0286279801886	1.0	-0.0652297642498	0.0209182616943	-0.0533404672057	0.0206599198013	-0.0927274584286	0.0505024580956	-0.0237418802943	0.0434512095928	-0.019276534077	0.0613633044238	-0.028470444744	0.162121446851	-0.0285048744781	-0.0795140724256	-0.0869351827324	-0.0387111672324	-0.0827059384648	0.0558954471711	-0.0220691347354	0.112883218149	-0.0830936875602	-0.0757054919035	0.0801589271921	1.66375307509e-07	-0.0826608232053	0.0822422729463	-0.163557463764	0.162305006914	-0.0539184179001	-0.0530370996805	-0.119247032888	-0.00481019207189	0.087089237226	0.0945386602436	-0.12419298872	0.0172728870068	0.141188196438	-0.0247764957718	-0.0109418992352	0.0151432793483	-0.150968192603	0.13060361614	0.0769197321277	0.0626287866806	0.0939829415123
k__Bacteria;p__Firmicutes;c__Clostridia;o__Clostridiales;f__Lachnospiraceae;g__;s__[Eubacterium]_rectale	-0.0339831822735	-0.152019217983	-0.0134855161653	-0.00672759514227	-0.0579371105809	-0.0919055968053	-0.0132622659744	-0.021364165	-0.00161604259952	0.007605876696	-0.0451323350472	-0.08210984561	-0.0985475259114	-0.0652297642498	1.0	0.130555516079	-0.202195556877	0.116476273751	0.0292713533809	-0.0329769901746	0.04481612541	0.151782163942	0.00336999862113	-0.0184379333545	-0.0532073452284	-0.00515747664671	-0.0595272978448	0.0503466294275	-0.014570159092	-0.0292493178112	-0.0582787635236	0.0123874876548	-0.0277484706626	-0.0594789449247	0.0883035314575	0.024681767393	-0.0670121410165	0.0398296371629	-0.000605443171739	0.0909302935135	-0.0572005488426	0.00443265969237	-0.0930503235309	-0.0450834085088	-0.0279926358633	-0.0809692539439	-0.105023071559	-0.0193252810092	-0.000568305203927	0.129235202714	-0.0406255115427	0.00454299715653	0.133923761131	0.0947039128626	-0.0687786230768	-0.0679793475558	-0.0533870189612	-0.0820372785197	-0.0333429510143
k__Bacteria;p__Bacteroidetes;c__Bacteroidia;o__Bacteroidales;f__Bacteroidaceae;g__Bacteroides;s__Bacteroides_plebeius	-0.0448931039792	-0.0329367800782	0.0274257922802	-0.108410840132	-0.147730982728	-0.0864024557642	0.107586360762	-0.111625611581	-0.00818971254272	-0.0596320149162	-0.0838531562944	0.113825291597	-0.0490335145141	0.0209182616943	0.130555516079	1.0	-0.116060406959	0.12057194779	-0.0179944921283	0.0572079996318	0.0599241408649	-0.0908427353567	-0.00999004662898	-0.0833759507487	0.0399052049816	0.00949815206685	0.0140115511228	0.0286592456012	-0.000517008884454	-0.124788450213	-0.0180042188351	0.0137724156084	-0.051282898052	0.0655977896323	-0.0348982321532	-0.0475416793984	-0.0119513449731	0.108319382303	-0.141466750202	-0.0529522066549	0.0538967167821	-0.011415824785	0.0660647056986	-0.111297474602	-0.0493302646062	0.140986584791	-0.0461386944471	0.096089124042	-0.108266569575	-0.0729189570001	-0.04513114099	0.0917911970348	0.0779006802068	0.0987367151442	-0.0395139940582	0.0229833526859	0.0198074362875	0.0624282808333	-0.0911795527727
k__Bacteria;p__Bacteroidetes;c__Bacteroidia;o__Bacteroidales;f__Bacteroidaceae;g__Bacteroides;s__Bacteroides_fragilis	-0.0197393021835	0.0543812405418	-0.00467862783688	0.0435679434331	0.0211705406273	0.0675145309942	-0.04292484261	-0.110939124082	0.0395059690889	-0.0101022174829	0.0752818896672	0.04966888502	0.0717305707942	-0.0533404672057	-0.202195556877	-0.116060406959	1.0	-0.0912905960604	-0.0628033664157	-0.0215012623558	0.0274802405339	-0.0596154881601	-0.106963424811	-0.0721111472392	-0.000900869109928	-0.0254736849009	-0.0776246523615	-0.0399991494581	0.138492375118	-0.0103809986758	-0.024511051199	0.0478430916701	0.00534679796235	-0.022608110122	-0.190856731425	0.108789812776	-0.0326082647179	0.0225367021877	-0.0592744910673	0.0260844746345	-0.0149280172266	0.0267459511372	0.0490611791248	0.169831109351	0.020631671515	0.0759752456869	0.0121674025663	-0.0287908101863	-0.10006594396	-0.0117906404854	-0.123625885802	-0.0392202156569	0.00954533877017	0.0706780984538	0.142212620717	-0.0821051582663	0.136580184063	0.0853503004362	-0.0797845140006
k__Bacteria;p__Proteobacteria;c__Betaproteobacteria;o__Burkholderiales;f__Sutterellaceae;g__Sutterella;s__Sutterella_wadsworthensis	-0.0930187417317	-0.0700409663881	-0.133668161233	-0.106408120457	0.087677071244	0.11902194314	0.0410103066053	0.0517686376438	-0.0351061326246	-0.00748748762684	-0.0232131375582	-0.00649281009039	-0.0495170493652	0.0206599198013	0.116476273751	0.12057194779	-0.0912905960604	1.0	-0.0753250296017	0.0603781105825	0.0173331146059	0.0492408521469	-0.0409449444806	-0.0046942793275	-0.00611836208294	-0.00551539955899	0.0869338402517	-0.00628246026082	-0.0380443977596	0.0339819213312	-0.020674300672	0.025147688612	-0.0793387811787	-0.023194049532	-0.0222974668368	0.0475503141341	0.028853614286	0.0132226079142	0.0222179288058	-0.0471233255686	0.0504196090597	-0.0103755050024	0.0147740350017	-0.0147128807317	-0.0999684450497	-0.0884370333389	0.00945342250059	-0.105198342367	0.185094710042	0.000682843855371	-0.0477272316403	0.0162313535108	-0.0044728557396	0.0587231037722	0.0130286576298	0.130236518884	-0.0532530916786	0.0261400724419	-0.022797965478
k__Bacteria;p__Bacteroidetes;c__Bacteroidia;o__Bacteroidales;f__Porphyromonadaceae;g__Barnesiella;s__Barnesiella_intestinihominis	0.0640799714603	0.1739238683	-0.0227113358366	0.0333890956286	-0.0291946137092	-0.0659740688908	0.0923143357863	-0.0492010355471	-0.0627557937373	0.0448586219898	-0.0698883379636	0.0260158468263	-0.0216890293651	-0.0927274584286	0.0292713533809	-0.0179944921283	-0.0628033664157	-0.0753250296017	1.0	0.0585929757872	-0.129451439837	-0.136056875645	-0.0176018884497	0.169042451456	-0.041312235519	0.105406761637	-0.000181035158157	-0.0171576044465	0.0398764080786	0.0223511119438	0.0990842910428	0.0279156941958	0.124949959147	-0.0836140659353	0.121526823657	-0.129679746258	0.0128145899851	0.024576296707	0.053188309678	-0.214500774075	-0.0765154072544	-0.0695796829341	-0.0190039505305	0.0907710183041	-0.103672186905	0.00754576948352	0.0254374083738	-0.0341118751384	0.0122147793005	-0.0759807706092	-0.05024468704	-0.126161906707	-0.0434042604289	0.102834799313	0.00851151158994	-0.113034990303	-0.12759558368	-0.0729289627786	0.100736953815
k__Bacteria;p__Bacteroidetes;c__Bacteroidia;o__Bacteroidales;f__Odoribacteraceae;g__Odoribacter;s__Odoribacter_splanchnicus	0.115090127113	0.0709676274176	0.0108791788213	0.0552152387767	-0.03668646457	-0.0353654465767	-0.0120443549861	-0.0266181216035	-0.00516727866291	0.0457859378114	0.0989306844323	-0.0532416038919	-0.00261470331912	0.0505024580956	-0.0329769901746	0.0572079996318	-0.0215012623558	0.0603781105825	0.0585929757872	1.0	0.113395772781	-0.00990599775637	-0.100155115483	0.0329120626476	0.0365692000323	-0.193412683144	-0.0721331467115	-0.0372659419574	0.0262086564533	-0.156229377289	0.121097446244	0.0377742075036	0.0146502529867	-0.0762907102998	-0.0386422530783	0.166975900291	-0.0202669470912	-0.0710163956551	0.051278474621	-0.100397396611	-0.0427619094882	-0.0870398305237	0.0538109971786	0.12117816495	0.0438575647982	-0.0206699283983	0.0303581673128	-0.0537631593296	-0.063823546317	0.019910951667	0.0132852149017	-0.0182210408166	0.0085227633654	0.0907124858068	0.0620858636465	-0.0327471533551	-0.0196087419752	-0.0281497394157	-0.0582510829538
k__Bacteria;p__Bacteroidetes;c__Bacteroidia;o__Bacteroidales;f__Bacteroidaceae;g__Bacteroides;s__Bacteroides_salyersiae	0.0266073897718	0.0712057828826	-0.0729034768437	-0.0114287905386	-0.0306641917654	-0.0344158388575	0.173690052405	-0.0761935176697	0.0162934906384	0.0087066737379	0.0930749826508	0.0463625284534	-0.0987142319577	-0.0237418802943	0.04481612541	0.0599241408649	0.0274802405339	0.0173331146059	-0.129451439837	0.113395772781	1.0	-0.0666220619441	-0.00650681574084	-0.112112245056	-0.123713368856	-0.115599633428	-0.0649849226935	-0.00295706297586	-0.036626814924	0.0877750361232	-0.242945504483	-0.0372624068179	0.0772190927675	0.100827697079	-0.0400040157432	-0.0149089471906	0.0544232574704	0.0509631665535	-0.0378711175184	0.0536828265928	0.0689427024151	-0.155181620014	0.11055771451	-0.0617756200719	0.0634115241788	-0.00353774934007	-0.0322136977701	0.214085328117	-0.0282192612462	-0.0755207807271	-0.0278124963555	0.0923268678996	0.00687085955499	-0.13110446424	-0.0476672959604	-0.143487940968	0.0121722864661	0.0219197566039	0.0520015593687
k__Bacteria;p__Firmicutes;c__Clostridia;o__Clostridiales;f__Ruminococcaceae;g__Ruminiclostridium;s__[Eubacterium]_siraeum	-0.026112473599	0.000702860911005	0.0536020360823	0.0172947880007	-0.119295262417	0.0480892512568	-0.0728726650006	0.00116585667235	0.0623919983107	0.0668393205455	-0.0642752349016	-0.0664811094692	-0.157441434836	0.0434512095928	0.151782163942	-0.0908427353567	-0.0596154881601	0.0492408521469	-0.136056875645	-0.00990599775637	-0.0666220619441	1.0	0.09381368551	0.0429707869107	0.061131900707	-0.0247511562605	0.0392008056114	0.00400177848645	-0.00766106795474	0.0448980083743	0.0356529328511	0.063409043427	-0.123187507737	-0.0577744381694	-0.0221286344715	0.016509675591	-0.0223711056023	-0.0135960528425	-0.0487705897999	-0.0492257920746	-0.0606745045848	0.103688086122	-0.0193030376593	-0.0034332338628	-0.0527703033191	0.0694629333886	0.113647908268	0.0471874467457	0.0717576413508	0.0666248146139	-0.0368763320383	-0.0167087309355	0.0936032229482	-0.165204221402	-0.051660688405	0.0612500001872	0.158419073194	0.0599100124709	-0.0806692228505
k__Bacteria;p__Proteobacteria;c__Betaproteobacteria;o__Burkholderiales;f__Sutterellaceae;g__Parasutterella;s__Parasutterella_excrementihominis	0.0248085576745	-0.156375833735	-0.0834645507338	-0.0206765771887	0.118861747774	-0.0354410407986	-0.0909538678146	0.0639957999074	-0.131966190949	0.084106444397	0.0845123081761	0.0258189925766	-0.0755096727454	-0.019276534077	0.00336999862113	-0.00999004662898	-0.106963424811	-0.0409449444806	-0.0176018884497	-0.100155115483	-0.00650681574084	0.09381368551	1.0	-0.0543450427457	0.0776220063293	-0.100181511978	0.0748120277717	6.694110007e-05	0.0566980601965	0.199089452101	-0.106491072475	-2.01137759108e-05	0.0197988179156	0.00260839352395	0.0940901530677	-0.0177680098353	-0.000587534557888	0.098570727863	-0.105159962027	-0.130916124855	-0.169694013907	0.042806493594	-0.0749997225633	-0.0509608825684	0.0355605865939	-0.0355201740948	0.000636343901784	-0.0850333666699	0.0904692634746	0.0623583644013	-0.0351755563056	0.00746700017696	-0.10447770695	-0.00502826815301	0.0100746220663	-0.0204149803659	-0.0233610142568	-0.0403695876331	-0.140460811387
k__Bacteria;p__Actinobacteria;c__Actinobacteria;o__Bifidobacteriales;f__Bifidobacteriaceae;g__Bifidobacterium;s__Bifidobacterium_adolescentis	0.169670381517	-0.0465902644887	-0.105725837819	0.101449095602	-0.0204930879702	-0.00847075746065	-0.10305264589	0.0149023870533	-0.0499609403454	-0.0183476327822	0.00620542174976	0.01070100336	-0.103252224427	0.0613633044238	-0.0184379333545	-0.0833759507487	-0.0721111472392	-0.0046942793275	0.169042451456	0.0329120626476	-0.112112245056	0.0429707869107	-0.0543450427457	1.0	-0.203552468035	-0.0416799437032	0.0448286342932	0.0861389597671	0.0822044347034	0.0479489698205	-0.0535441484405	0.0939602296026	0.0108362299986	-0.113379363339	-0.101702828609	-0.011193583791	0.0583940631168	0.0369891057043	0.012183492966	0.0138099457524	-0.0795956719358	0.057379194459	-0.0759429016539	0.0417885031845	0.0701961713589	0.0237403152641	0.0340241846239	-0.0169547997544	-0.00480700419566	0.0259381974674	0.0631143977696	0.0215223905147	-0.110602120262	-0.0740944395249	0.124225980028	-0.0133417460734	-0.0152247021119	0.120870182284	0.0296876476524
k__Bacteria;p__Firmicutes;c__Clostridia;o__Clostridiales;f__Oscillospiraceae;g__Oscillibacter;s__Oscillibacter_sp._KLE_1745	-0.0630039954609	0.0816255920658	-0.0572591571313	0.0180447230312	-0.0341750984707	-0.0897720956233	0.0444813318299	0.0513344455314	0.0317033813328	-0.0494843517148	0.115079365169	0.148936066039	0.0173874967437	-0.028470444744	-0.0532073452284	0.0399052049816	-0.000900869109928	-0.00611836208294	-0.041312235519	0.0365692000323	-0.123713368856	0.061131900707	0.0776220063293	-0.203552468035	1.0	-0.0796220699068	-0.00810517605164	-0.0995472396055	-0.000836458680013	-0.179798019891	0.22981298003	-0.00105248497757	-0.0574938493168	-0.0433310564619	-0.06691274496	0.069366669606	0.0764312720612	-0.0532361465381	0.0730106517458	0.0404010687673	0.0268979167559	-0.0325747642802	0.0427407334469	-0.0256880064429	-0.0148686968095	-0.0435292416989	-0.0604345808871	-0.116821361317	-0.111393955624	-0.0497369582353	0.0502666864652	-0.090232988958	-0.0223096889454	0.0523026530902	0.0703304779208	0.171008388135	0.092651889614	0.0279482117791	-0.0448343992859
k__Bacteria;p__Bacteroidetes;c__Bacteroidia;o__Bacteroidales;f__Bacteroidaceae;g__Bacteroides;s__Bacteroides_coprophilus	0.0618266489768	0.00886858679177	-0.00921082779536	0.124589121197	0.146623868795	0.0474915541183	0.186991305551	-0.00214006714192	-0.0595091341287	0.0753507731202	-0.0800084743446	0.122498077423	-0.0362385972371	0.162121446851	-0.00515747664671	0.00949815206685	-0.0254736849009	-0.00551539955899	0.105406761637	-0.193412683144	-0.115599633428	-0.0247511562605	-0.100181511978	-0.0416799437032	-0.0796220699068	1.0	-0.178274039428	0.0853376215779	0.0153708029802	0.016801957776	0.0971419259868	-0.0703933177687	0.107853518433	0.0490576194491	-0.0547296347588	0.00257669019215	-0.0716510609973	0.0544827154425	-0.0626409904482	0.0208369329126	-0.0601071153381	0.0391421493587	0.070783069808	-0.0277323461046	0.0484148647846	-0.102197971143	0.025265295716	0.0535362471159	0.119799009517	0.0400726028884	-0.141223626405	-0.108642931455	-0.172470648824	-0.104466663773	-0.0469118208859	0.0580340175906	-0.0172698514644	0.0831382073141	-0.0305567937782
k__Bacteria;p__Firmicutes;c__Clostridia;o__Clostridiales;f__Lachnospiraceae;g__Roseburia;s__Roseburia_intestinalis	0.0216908133114	-0.0044282746571	0.00745739785355	0.0838866314325	-0.0297469381029	0.0440916788404	-0.0512541650142	-0.020972351028	-0.0729872206695	0.0539270176022	-0.0649554587707	-0.0450459541926	-0.0437450491956	-0.0285048744781	-0.0595272978448	0.0140115511228	-0.0776246523615	0.0869338402517	-0.000181035158157	-0.0721331467115	-0.0649849226935	0.0392008056114	0.0748120277717	0.0448286342932	-0.00810517605164	-0.178274039428	1.0	-0.0160191633997	0.0989973999653	-0.0628600341458	0.00812851877681	0.00740267677935	-0.000334704964802	-0.0745032007414	0.0253460677081	0.00787992465424	0.0682381301065	0.139558755832	0.00252560974775	-0.0618775288976	0.0353203297092	0.0305218247608	-0.0918877003001	-0.0567593480878	-0.0967646469909	0.0909460103527	-0.0950959434758	-0.00962240745914	-0.0348630149216	0.0677166412041	0.0906370538367	0.0520646542197	0.0951172568634	-0.0264975810253	-0.240345566999	0.0341635474715	0.0606331979466	-0.0927167653955	-0.0649700456327
k__Bacteria;p__Firmicutes;c__Clostridia;o__Clostridiales;f__Lachnospiraceae;g__Roseburia;s__Roseburia_hominis	-0.019814978426	-0.0447220005595	-0.131420851871	0.0958154439118	-0.0390386587791	-0.0854635792068	0.0436587190115	0.0904085838914	0.0152764601433	0.0291585739052	-0.128656449042	0.0135133180801	-0.0563804972925	-0.0795140724256	0.0503466294275	0.0286592456012	-0.0399991494581	-0.00628246026082	-0.0171576044465	-0.0372659419574	-0.00295706297586	0.00400177848645	6.69411000701e-05	0.0861389597671	-0.0995472396055	0.0853376215779	-0.0160191633997	1.0	-0.035022679483	-0.0327363810736	0.0774220396276	0.121711879601	0.0502614585174	0.154135853659	-0.0160849715868	0.0378076144042	-0.103604560191	0.025381042423	0.0229625455839	0.0773051853045	0.031715422745	-0.0838653485889	-0.0934323683284	0.042020586546	-0.0279349302017	-0.0873130728768	0.10185836778	-0.0123919584225	0.0386329646655	0.113449895019	-0.0505680013134	0.0338580939183	0.0174925421542	-0.110696650632	0.168140716404	-0.103840215047	0.00527450434609	0.0524482129616	0.101091781735
k__Bacteria;p__Bacteroidetes;c__Bacteroidia;o__Bacteroidales;f__Porphyromonadaceae;g__Parabacteroides;s__Parabacteroides_johnsonii	-0.151687036921	-0.112339835843	0.0108301150713	0.135691424415	0.05368561073	0.100734753886	0.00049953763297	-0.0370673837524	-0.0638915696272	0.0683451262544	0.0287453395209	-0.0964341509588	0.0636421096108	-0.0869351827324	-0.014570159092	-0.000517008884454	0.138492375118	-0.0380443977596	0.0398764080786	0.0262086564533	-0.036626814924	-0.00766106795474	0.0566980601965	0.0822044347034	-0.000836458680013	0.0153708029802	0.0989973999653	-0.035022679483	1.0	-0.115443565473	0.0298953468909	-0.042656081188	-0.11041420889	-0.120792713844	-0.0353716605673	-0.0462111032783	0.0781618749131	0.115622321693	0.0769358065946	-0.075180401479	-0.0049415979614	0.0704916766502	-0.0852464077898	-0.105781747598	-0.0746367902247	0.137269042805	-0.047678655455	-0.0346275630599	-0.0342563358416	0.0561837999064	0.0294427421264	0.0260212482778	-0.0844234480405	0.0355178857	-0.0749905173618	-0.163370008681	-0.0259741858318	0.0595971082531	-0.0159159763318
k__Bacteria;p__Actinobacteria;c__Actinobacteria;o__Bifidobacteriales;f__Bifidobacteriaceae;g__Bifidobacterium;s__Bifidobacterium_longum	0.187616513131	-0.186624985334	-0.0979870461337	0.058375968948	-0.0125575798385	0.0822781958387	0.0155592702667	-0.0337197569684	-0.0205498384093	0.0171933937408	-0.116705105728	-0.0242336676333	0.0151156777644	-0.0387111672324	-0.0292493178112	-0.124788450213	-0.0103809986758	0.0339819213312	0.0223511119438	-0.156229377289	0.0877750361232	0.0448980083743	0.199089452101	0.0479489698205	-0.179798019891	0.016801957776	-0.0628600341458	-0.0327363810736	-0.115443565473	1.0	0.028386492696	0.0404486789908	-0.00252377606609	-0.00794067771171	-0.0591818094589	0.0666967799384	0.0402849843107	-0.0524418561561	-0.0798231738582	0.0507059046606	-0.0410781628109	-0.0207432025836	0.0981673199775	0.099568951783	0.0226976890532	0.0161737416935	0.224949777364	0.0263291756562	0.0527571766599	-0.0264578307187	0.0316950287	-0.0242954053282	-0.0725711380202	0.0497541389986	-0.116564459131	0.0363727284122	-0.0325136428985	-0.0977251522455	0.0530094728686
